9.999934069806948322e-01,-3.555849781514263275e-03,-7.361572344462699938e-04,6.452239217751767342e-01,3.554904959582131426e-03,9.999928610680222096e-01,-1.280805886740680761e-03,1.928310287569954401e-02,7.407063324023773713e-04,1.278180473358977737e-03,9.999989088038079288e-01,1.099476631376458159e-02,0.000000000000000000e+00,0.000000000000000000e+00,0.000000000000000000e+00,1.000000000000000056e-01
9.999541479122419085e-01,-9.485201468988459575e-03,-1.316444527877637166e-03,1.325739861907103467e+00,9.486514409819629332e-03,9.999545072698011738e-01,9.947035545467262409e-04,2.653609594930043253e-02,1.306949675605114129e-03,-1.007146415295489400e-03,9.999986387683953426e-01,1.628755498705485721e-02,0.000000000000000000e+00,0.000000000000000000e+00,0.000000000000000000e+00,1.000000000000000056e-01
9.998857033470023303e-01,-1.503481235234924336e-02,-1.592061493842873579e-03,2.045362804559083258e+00,1.503710072197456636e-02,9.998859062751472848e-01,1.435281925094998492e-03,3.374814540948309349e-02,1.570300655200324502e-03,-1.459057866213344691e-03,9.999977026503586996e-01,1.663421358613090262e-02,0.000000000000000000e+00,0.000000000000000000e+00,0.000000000000000000e+00,1.000000000000000056e-01
9.997937192073732549e-01,-2.020778874157402871e-02,-2.040663535234582202e-03,2.750924613667717455e+00,2.021400669172513515e-02,9.997909509687950003e-01,3.073807798047539525e-03,3.807058059188270921e-02,1.978122077884378327e-03,-3.114423716895367133e-03,9.999931936758152951e-01,1.800997322964716790e-02,0.000000000000000000e+00,0.000000000000000000e+00,0.000000000000000000e+00,1.000000000000000056e-01
9.996782070243440677e-01,-2.529003657347840203e-02,-1.973942933499822812e-03,3.459557608342770152e+00,2.529896632024999578e-02,9.996691702816530301e-01,4.638134486866654117e-03,5.893886042027619149e-02,1.855991303709531026e-03,-4.686580683561341297e-03,9.999872955481869941e-01,2.773055337437298207e-02,0.000000000000000000e+00,0.000000000000000000e+00,0.000000000000000000e+00,1.000000000000000056e-01
9.995673065060841633e-01,-2.936066444461645289e-02,-1.775147188985099628e-03,4.191872584213195196e+00,2.936995704230384654e-02,9.995537114704502457e-01,5.457426956089716542e-03,8.477976658347970151e-02,1.614121279567638616e-03,-5.507201559636554743e-03,9.999835325361494665e-01,3.484925361539028404e-02,0.000000000000000000e+00,0.000000000000000000e+00,0.000000000000000000e+00,1.000000000000000056e-01
9.994091682331539550e-01,-3.428928220885930217e-02,-2.357875551553588987e-03,4.958768390526161696e+00,3.430812538501844949e-02,9.993753354576954129e-01,8.478880314321758996e-03,1.210289499160096954e-01,2.065667950388446091e-03,-8.554765012549743128e-03,9.999612737558883913e-01,4.884861156222618239e-02,0.000000000000000000e+00,0.000000000000000000e+00,0.000000000000000000e+00,1.000000000000000056e-01
9.992949120895019410e-01,-3.750074350590705541e-02,-1.836547995217624246e-03,5.718928591156167585e+00,3.751589053610052127e-02,9.992549870628063546e-01,9.056974516587842569e-03,1.587339371359354767e-01,1.495536464915312629e-03,-9.119488286903386712e-03,9.999572982403134302e-01,4.860092220939964819e-02,0.000000000000000000e+00,0.000000000000000000e+00,0.000000000000000000e+00,1.000000000000000056e-01
9.991485435384231950e-01,-4.125667739619071073e-02,2.729748602782292336e-04,6.512966312759542298e+00,4.125301249670569603e-02,9.991145059757403635e-01,8.270000531974942837e-03,2.038356393358997098e-01,-6.139258866846954762e-04,-8.251697951262404462e-03,9.999657657019698220e-01,5.324465684386142650e-02,0.000000000000000000e+00,0.000000000000000000e+00,0.000000000000000000e+00,1.000000000000000056e-01
9.990471935087474886e-01,-4.357819025174924921e-02,2.376231612807063690e-03,7.327509040187249134e+00,4.356482554613937130e-02,9.990359402041043557e-01,5.412592321219454605e-03,2.381926385703240501e-01,-2.609811761372678954e-03,-5.303915052452132239e-03,9.999825285312171630e-01,6.159855243549892251e-02,0.000000000000000000e+00,0.000000000000000000e+00,0.000000000000000000e+00,1.000000000000000056e-01
9.989295626165344277e-01,-4.606730792065005797e-02,4.187131677316001215e-03,8.141671485584984325e+00,4.603726393650978133e-02,9.989151344116311559e-01,7.008892397025797728e-03,2.877490102155126905e-01,-4.505470006481803076e-03,-6.808625730421816354e-03,9.999666711224348692e-01,5.994245962300028679e-02,0.000000000000000000e+00,0.000000000000000000e+00,0.000000000000000000e+00,1.000000000000000056e-01
9.988922387410297254e-01,-4.697883739122801772e-02,2.698929473379376148e-03,8.954074432602046940e+00,4.696203614648096492e-02,9.988787536793184429e-01,5.983528142161324490e-03,3.246446047615010877e-01,-2.977002504254003864e-03,-5.850152598007835048e-03,9.999784563532705395e-01,5.745340366233536028e-02,0.000000000000000000e+00,0.000000000000000000e+00,0.000000000000000000e+00,1.000000000000000056e-01
9.987747845447841888e-01,-4.940928162200326768e-02,2.766341829482422705e-03,9.730486444559218739e+00,4.938954292683908620e-02,9.987564495413254750e-01,6.799084429812865364e-03,3.801644781180481547e-01,-3.098839621195920591e-03,-6.654125727950608964e-03,9.999730595390051713e-01,7.034948916020343501e-02,0.000000000000000000e+00,0.000000000000000000e+00,0.000000000000000000e+00,1.000000000000000056e-01
9.986140325344841084e-01,-5.247499289615428081e-02,4.048350993292930584e-03,1.055766957688829599e+01,5.244977939547450924e-02,9.986049237183928229e-01,6.101390558619188172e-03,4.296431819118670115e-01,-4.362873661062771115e-03,-5.880599113296871260e-03,9.999731915843975694e-01,7.092547984800545713e-02,0.000000000000000000e+00,0.000000000000000000e+00,0.000000000000000000e+00,1.000000000000000056e-01
9.985495670344806118e-01,-5.361168248164668165e-02,4.954763035538678820e-03,1.137408156319978225e+01,5.357941027678041895e-02,9.985428793141710724e-01,6.431560102899137356e-03,4.900278598755112291e-01,-5.292350105924470069e-03,-6.156758274600820403e-03,9.999670421358418659e-01,8.270661489046311765e-02,0.000000000000000000e+00,0.000000000000000000e+00,0.000000000000000000e+00,1.000000000000000056e-01
9.984341914376960725e-01,-5.583713195640205296e-02,3.373434901924649790e-03,1.223812588393812284e+01,5.580887267725542777e-02,9.984097455131351051e-01,7.959258438497079230e-03,5.475048149292395250e-01,-3.812492445641185636e-03,-7.758528164557968593e-03,9.999626343729407507e-01,8.493613136155188370e-02,0.000000000000000000e+00,0.000000000000000000e+00,0.000000000000000000e+00,1.000000000000000056e-01
9.982744844740526480e-01,-5.869002606025305185e-02,1.880023699625028247e-03,1.312587358994137965e+01,5.866997846201873340e-02,9.982334991804769908e-01,9.365614831226613118e-03,6.196281199433886222e-01,-2.426370814733900313e-03,-9.239153367460204574e-03,9.999543743440106880e-01,8.344163511712637815e-02,0.000000000000000000e+00,0.000000000000000000e+00,0.000000000000000000e+00,1.000000000000000056e-01
9.985064828655974001e-01,-5.459957935839662019e-02,1.920835563136452043e-03,1.399659771919379558e+01,5.457171157551837098e-02,9.984329143994109534e-01,1.239531119484352760e-02,6.685007857009201970e-01,-2.594604226639242884e-03,-1.227197530085229714e-02,9.999213302310949736e-01,8.679806074543620908e-02,0.000000000000000000e+00,0.000000000000000000e+00,0.000000000000000000e+00,1.000000000000000056e-01
9.973876790851375906e-01,-7.221385054347823074e-02,1.725514081878216054e-03,1.498929085987562893e+01,7.218694758546287393e-02,9.973134742785791929e-01,1.244502393261351543e-02,7.825205755439867961e-01,-2.619581542194338204e-03,-1.228795394172186618e-02,9.999210688751737353e-01,8.645981395278837245e-02,0.000000000000000000e+00,0.000000000000000000e+00,0.000000000000000000e+00,1.000000000000000056e-01
9.971724883638373171e-01,-7.506235518640767823e-02,3.559674724228036567e-03,1.596079472955538492e+01,7.501767052110221157e-02,9.971175146707067505e-01,1.135830297624872490e-02,8.526920911651720836e-01,-4.401994986376406120e-03,-1.105914873679188573e-02,9.999291563252655779e-01,9.872554811319547707e-02,0.000000000000000000e+00,0.000000000000000000e+00,0.000000000000000000e+00,1.000000000000000056e-01
9.970430278676679636e-01,-7.668114032415133952e-02,5.020288742732733310e-03,1.687918076176709548e+01,7.662164123205704447e-02,9.969981111150434394e-01,1.113061219975844916e-02,9.406653356304255365e-01,-5.858726429740039425e-03,-1.071303652674096725e-02,9.999254503076707712e-01,1.040598032165243048e-01,0.000000000000000000e+00,0.000000000000000000e+00,0.000000000000000000e+00,1.000000000000000056e-01
9.968415085586678215e-01,-7.916399468569235154e-02,6.329988932299127589e-03,1.775562193789906118e+01,7.909115320000431604e-02,9.968063500420932810e-01,1.103131910758308083e-02,1.017011656578945322e+00,-7.183056450620824672e-03,-1.049583065619637441e-02,9.999191173484301975e-01,1.119115261720103477e-01,0.000000000000000000e+00,0.000000000000000000e+00,0.000000000000000000e+00,1.000000000000000056e-01
9.969232885247911735e-01,-7.816266346039395241e-02,5.878336303173068746e-03,1.865763001683460942e+01,7.810007754261609481e-02,9.968931995924951162e-01,1.021403417240659105e-02,1.105955596508225502e+00,-6.658429601141700217e-03,-9.723510015160781797e-03,9.999305569229454127e-01,1.101983425988816712e-01,0.000000000000000000e+00,0.000000000000000000e+00,0.000000000000000000e+00,1.000000000000000056e-01
9.966403957854717000e-01,-8.166438762715673427e-02,6.232919224558815946e-03,1.958601148058097507e+01,8.161011871548566610e-02,9.966279594899484229e-01,8.514627774951159106e-03,1.194605484805583817e+00,-6.907243431552290841e-03,-7.977352717733015436e-03,9.999443243660089964e-01,1.200846827345000839e-01,0.000000000000000000e+00,0.000000000000000000e+00,0.000000000000000000e+00,1.000000000000000056e-01
9.965900459543929335e-01,-8.207397433656180019e-02,8.493705976922087328e-03,2.051559290165819149e+01,8.200511571232310670e-02,9.965984943428509713e-01,8.161009163754210163e-03,1.275387724976323911e+00,-9.134621044657833741e-03,-7.436653156076084015e-03,9.999306250376606142e-01,1.198188255557318671e-01,0.000000000000000000e+00,0.000000000000000000e+00,0.000000000000000000e+00,1.000000000000000056e-01
9.966046030235109487e-01,-8.149591636618538915e-02,1.173374824963814220e-02,2.143231586482535889e+01,8.139977656108407511e-02,9.966457021962958907e-01,8.451075047464598824e-03,1.363673031719381257e+00,-1.238311786892769620e-02,-7.467255807055798826e-03,9.998954437752760604e-01,1.151122996561964595e-01,0.000000000000000000e+00,0.000000000000000000e+00,0.000000000000000000e+00,1.000000000000000056e-01
9.966797644825303726e-01,-8.006205585074324671e-02,1.481601444384730154e-02,2.237917238697221833e+01,7.992327370588522828e-02,9.967534868146845639e-01,9.734312656920027229e-03,1.459881711436977092e+00,-1.554726314120845332e-02,-8.517848068672409512e-03,9.998428520888155147e-01,1.164102660374062154e-01,0.000000000000000000e+00,0.000000000000000000e+00,0.000000000000000000e+00,1.000000000000000056e-01
9.967307742708976237e-01,-7.878424050137303181e-02,1.791108790550694982e-02,2.333911140428493880e+01,7.859869070952774095e-02,9.968474149689278141e-01,1.083868481478061918e-02,1.537524261182518170e+00,-1.870853922905208952e-02,-9.395462648958401164e-03,9.997808339038747327e-01,1.138389883881990722e-01,0.000000000000000000e+00,0.000000000000000000e+00,0.000000000000000000e+00,1.000000000000000056e-01
9.969067859838240953e-01,-7.650034320279086586e-02,1.801548082225942413e-02,2.426163624212475867e+01,7.632496346512362972e-02,9.970305123318599083e-01,1.023022146957043056e-02,1.613781064373927654e+00,-1.874459952758480638e-02,-8.823546289566585807e-03,9.997853694765823640e-01,1.066065520388147919e-01,0.000000000000000000e+00,0.000000000000000000e+00,0.000000000000000000e+00,1.000000000000000056e-01
9.971292551779782354e-01,-7.391247981650876653e-02,1.643757267921593448e-02,2.522000248893003160e+01,7.377456911435832654e-02,9.972357222325876069e-01,8.844617303204202127e-03,1.686910446532382091e+00,-1.704586226041637440e-02,-7.606551822183160554e-03,9.998257742972899154e-01,9.481487724246535909e-02,0.000000000000000000e+00,0.000000000000000000e+00,0.000000000000000000e+00,1.000000000000000056e-01
9.973951950956017054e-01,-7.096606226863558242e-02,1.290902034589986799e-02,2.616397903282429382e+01,7.086598909194302687e-02,9.974533482370619986e-01,8.051688064936597319e-03,1.767096222913582482e+00,-1.344754216306209837e-02,-7.115904493356154693e-03,9.998842570582927580e-01,9.644120690400967422e-02,0.000000000000000000e+00,0.000000000000000000e+00,0.000000000000000000e+00,1.000000000000000056e-01
9.975216329102825075e-01,-6.951262258103139968e-02,1.088977400640686079e-02,2.711999521593166307e+01,6.944049572393450054e-02,9.975624564809033590e-01,6.867530371241091849e-03,1.835324282291099340e+00,-1.134060975511296844e-02,-6.094318804654864918e-03,9.999171214899210680e-01,9.003988974782224652e-02,0.000000000000000000e+00,0.000000000000000000e+00,0.000000000000000000e+00,1.000000000000000056e-01
9.976511212316470090e-01,-6.748647277416774948e-02,1.173951863319537894e-02,2.807956385403709021e+01,6.742234564151178278e-02,9.977078081289765255e-01,5.775543841905935762e-03,1.900482683758748292e+00,-1.210238048625743648e-02,-4.970471906647723655e-03,9.999144097349488280e-01,9.722757785481886406e-02,0.000000000000000000e+00,0.000000000000000000e+00,0.000000000000000000e+00,1.000000000000000056e-01
9.975396794921979060e-01,-6.832219892467794597e-02,1.570557139043087316e-02,2.907269916743359772e+01,6.824869947007283777e-02,9.976549447371337864e-01,5.169744886373613818e-03,1.953481837876757776e+00,-1.602194929610207749e-02,-4.085140835178273019e-03,9.998632950384317430e-01,9.096963976399856378e-02,0.000000000000000000e+00,0.000000000000000000e+00,0.000000000000000000e+00,1.000000000000000056e-01
9.974552899963325947e-01,-6.856549137900651292e-02,1.953760093479954552e-02,3.002186499877076997e+01,6.855668513407749132e-02,9.976465929381888031e-01,1.120947033014622462e-03,2.008558111611430164e+00,-1.956847929091722754e-02,2.213386076761815783e-04,9.998084944765480708e-01,9.059398736251352002e-02,0.000000000000000000e+00,0.000000000000000000e+00,0.000000000000000000e+00,1.000000000000000056e-01
9.974474565133211179e-01,-6.864143121813562343e-02,1.967041980823594841e-02,3.096872560607332403e+01,6.872946508517813191e-02,9.976279668211842644e-01,-3.834115978330166798e-03,2.060999744243587006e+00,-1.936058171160067246e-02,5.176266661983457314e-03,9.997991669026496941e-01,9.137711039304423355e-02,0.000000000000000000e+00,0.000000000000000000e+00,0.000000000000000000e+00,1.000000000000000056e-01
9.974839034169340479e-01,-6.839491923696515430e-02,1.865468967004307518e-02,3.193326744650852689e+01,6.851492073850069808e-02,9.976328189858707507e-01,-5.870614831662825973e-03,2.104348772808840362e+00,-1.820901041554877017e-02,7.133968381888711706e-03,9.998087509293027697e-01,8.328075175577825950e-02,0.000000000000000000e+00,0.000000000000000000e+00,0.000000000000000000e+00,1.000000000000000056e-01
9.974671880163616944e-01,-6.899672745064799884e-02,1.728179480937065346e-02,3.292478039278717716e+01,6.909818240988652160e-02,9.975955547050679995e-01,-5.343259336551739111e-03,2.184388581715134947e+00,-1.687157427101109233e-02,6.523866475380557528e-03,9.998363811883568264e-01,8.140068665505137413e-02,0.000000000000000000e+00,0.000000000000000000e+00,0.000000000000000000e+00,1.000000000000000056e-01
9.974607369680335012e-01,-6.944011931931950987e-02,1.581606892075538770e-02,3.388393973546195070e+01,6.956728767617506581e-02,9.975480299756075420e-01,-7.636777930827223435e-03,2.255467879047066582e+00,-1.524698962312617985e-02,8.717667159460538648e-03,9.998457538974344638e-01,6.766777400235234052e-02,0.000000000000000000e+00,0.000000000000000000e+00,0.000000000000000000e+00,1.000000000000000056e-01
9.974656086708616476e-01,-6.904607735477734376e-02,1.717552679790861070e-02,3.486306580850509107e+01,6.920230161834879656e-02,9.975649422809798050e-01,-8.673372047164187859e-03,2.328427005526124027e+00,-1.653484108150586607e-02,9.839976314176369226e-03,9.998148698116795519e-01,6.696881178771127430e-02,0.000000000000000000e+00,0.000000000000000000e+00,0.000000000000000000e+00,1.000000000000000056e-01
9.974246939753695917e-01,-6.912385050557490196e-02,1.912781062807003551e-02,3.585853853534623426e+01,6.925792178647285913e-02,9.975780190246671397e-01,-6.437097842941135427e-03,2.404276608292388318e+00,-1.863652644564386257e-02,7.745272758510412560e-03,9.997963245741290361e-01,5.310568964930817426e-02,0.000000000000000000e+00,0.000000000000000000e+00,0.000000000000000000e+00,1.000000000000000056e-01
9.972266982382752554e-01,-7.163058349709588990e-02,2.019831251995026986e-02,3.684455349891132414e+01,7.176112077164437109e-02,9.974049088642576999e-01,-5.812858081809499887e-03,2.480796958461933155e+00,-1.972951764198696903e-02,7.246190816378128736e-03,9.997790950266299825e-01,5.042174925379141331e-02,0.000000000000000000e+00,0.000000000000000000e+00,0.000000000000000000e+00,1.000000000000000056e-01
9.971614389203466988e-01,-7.200942532273359176e-02,2.199334888081885472e-02,3.784241693838276177e+01,7.215591694527133393e-02,9.973756742285614374e-01,-5.940379357372712124e-03,2.549653857415012936e+00,-2.150786786482724797e-02,7.510467482923239430e-03,9.997404685707671490e-01,4.294341204427817860e-02,0.000000000000000000e+00,0.000000000000000000e+00,0.000000000000000000e+00,1.000000000000000056e-01
9.971758069159160076e-01,-7.102848071922064632e-02,2.440010303894534979e-02,3.883142820278165885e+01,7.119896522967104902e-02,9.974429280458604330e-01,-6.189720633803860207e-03,2.619378385839688406e+00,-2.389806376709084981e-02,7.909501755467720704e-03,9.996831109557490214e-01,4.373758873704206712e-02,0.000000000000000000e+00,0.000000000000000000e+00,0.000000000000000000e+00,1.000000000000000056e-01
9.973043181047143158e-01,-6.898126443966746957e-02,2.501364119826544885e-02,3.983443917275182855e+01,6.912269754398488175e-02,9.975964571893519706e-01,-4.833351580038848169e-03,2.692630915955252835e+00,-2.462010913732268214e-02,6.549332756712449369e-03,9.996754255589701543e-01,2.355830346272776502e-02,0.000000000000000000e+00,0.000000000000000000e+00,0.000000000000000000e+00,1.000000000000000056e-01
9.973315774261004574e-01,-6.886545370499651264e-02,2.423373588143356780e-02,4.083176145345386487e+01,6.903352608601841245e-02,9.975952750798877666e-01,-6.167610105540566323e-03,2.771267953425461172e+00,-2.375072514465849730e-02,7.824092553640554781e-03,9.996872944230185132e-01,2.096794938135544684e-02,0.000000000000000000e+00,0.000000000000000000e+00,0.000000000000000000e+00,1.000000000000000056e-01
9.973423798477485391e-01,-6.950478628830819572e-02,2.184632789843576547e-02,4.183096300901902964e+01,6.962876167926304594e-02,9.975606144638725636e-01,-4.965482602264648104e-03,2.844932962574247437e+00,-2.144791147505410375e-02,6.473418994442434529e-03,9.997490094718176623e-01,2.679522305430304813e-02,0.000000000000000000e+00,0.000000000000000000e+00,0.000000000000000000e+00,1.000000000000000056e-01
9.974717964818624605e-01,-6.845732972699539176e-02,1.906854031894861939e-02,4.284396454673193944e+01,6.848328397248440447e-02,9.976520108484892013e-01,-7.106801742497670599e-04,2.909491822655893678e+00,-1.897511632612552956e-02,2.014759691736285087e-03,9.998179262764769204e-01,2.921299159410926591e-02,0.000000000000000000e+00,0.000000000000000000e+00,0.000000000000000000e+00,1.000000000000000056e-01
9.975425740395778007e-01,-6.721310273493855125e-02,1.977907478210476008e-02,4.386503959825058985e+01,6.725508086148535014e-02,9.977347395236223493e-01,-1.464119545868246275e-03,2.987605870273354558e+00,-1.963586200828886311e-02,2.790764854322889607e-03,9.998033029324914223e-01,2.863347038025092217e-02,0.000000000000000000e+00,0.000000000000000000e+00,0.000000000000000000e+00,1.000000000000000056e-01
9.975404928061843979e-01,-6.685196973749329974e-02,2.106607116223022449e-02,4.484562650886277169e+01,6.694747487959162857e-02,9.977490320180046890e-01,-3.860662427763314735e-03,3.061129633504562797e+00,-2.076055922275009749e-02,5.261487370694433938e-03,9.997706316607858357e-01,2.707177174425712263e-02,0.000000000000000000e+00,0.000000000000000000e+00,0.000000000000000000e+00,1.000000000000000056e-01
9.975111494465478401e-01,-6.665398069810936355e-02,2.299464257001851766e-02,4.581913823253838558e+01,6.675976460307435356e-02,9.977616005229129614e-01,-3.862946038593054014e-03,3.130890019775188993e+00,-2.268569064341976679e-02,5.388448668313215208e-03,9.997281250725018609e-01,2.019127293704213802e-02,0.000000000000000000e+00,0.000000000000000000e+00,0.000000000000000000e+00,1.000000000000000056e-01
9.972887760870273732e-01,-7.075331277402439889e-02,2.022537570330858181e-02,4.672205922207886175e+01,7.080558762776510695e-02,9.974883641473645257e-01,-1.879401846759057998e-03,3.198477029398897109e+00,-2.004160301786730991e-02,3.306375979195127178e-03,9.997936797291521183e-01,2.150749395269107786e-02,0.000000000000000000e+00,0.000000000000000000e+00,0.000000000000000000e+00,1.000000000000000056e-01
9.975368861433050460e-01,-6.862322817134790254e-02,1.452629818164207984e-02,4.766321618354726297e+01,6.863431071257043714e-02,9.976418500972554781e-01,-2.651933928242819396e-04,3.267557338424921909e+00,-1.447384456629248820e-02,1.261542654205981967e-03,9.998944525966740882e-01,7.984237933546150037e-03,0.000000000000000000e+00,0.000000000000000000e+00,0.000000000000000000e+00,1.000000000000000056e-01
9.977264080572477711e-01,-6.582619602067392439e-02,1.445429287893807389e-02,4.860588962156288062e+01,6.584414984389426462e-02,9.978296228348736419e-01,-7.692363411633838582e-04,3.344143084605341265e+00,-1.437228570955593164e-02,1.719218037824374930e-03,9.998952353585955910e-01,4.856140394007578409e-03,0.000000000000000000e+00,0.000000000000000000e+00,0.000000000000000000e+00,1.000000000000000056e-01
9.978277688386000266e-01,-6.346941793076107952e-02,1.764586983154560126e-02,4.956921166553026126e+01,6.348282850682049339e-02,9.979829108557188855e-01,-2.003115572551501192e-04,3.424369850304040064e+00,-1.759756288112320280e-02,1.320086162618178951e-03,9.998442794521396060e-01,1.103493125212038316e-03,0.000000000000000000e+00,0.000000000000000000e+00,0.000000000000000000e+00,1.000000000000000056e-01
9.979043573807480083e-01,-6.132889682871019849e-02,2.063152767707146160e-02,5.056753080421795943e+01,6.140068118117673196e-02,9.981090906633061088e-01,-2.863474420284872844e-03,3.507665483902318027e+00,-2.041690160146332825e-02,4.124263454431074775e-03,9.997830467556221290e-01,7.195135774684609936e-03,0.000000000000000000e+00,0.000000000000000000e+00,0.000000000000000000e+00,1.000000000000000056e-01
9.980787000960564814e-01,-5.802886442962078978e-02,2.171541635738876916e-02,5.150112717332081758e+01,5.815138611090411164e-02,9.982949864780495952e-01,-5.053342079386663639e-03,3.561959414449634487e+00,-2.138515157642341055e-02,6.306414654892501977e-03,9.997514213174463205e-01,-5.014600947227585565e-03,0.000000000000000000e+00,0.000000000000000000e+00,0.000000000000000000e+00,1.000000000000000056e-01
9.981808647960594971e-01,-5.664811741807843776e-02,2.063860334369443245e-02,5.244317898571737402e+01,5.680779992113835913e-02,9.983589229909424212e-01,-7.234276224015445504e-03,3.606637452781790376e+00,-2.019492567727519672e-02,8.393549746861638655e-03,9.997608280481569132e-01,-4.102388479731954030e-03,0.000000000000000000e+00,0.000000000000000000e+00,0.000000000000000000e+00,1.000000000000000056e-01
9.981714602627355104e-01,-5.709225477692843331e-02,1.985473146241524198e-02,5.341898100187366083e+01,5.727940395662707573e-02,9.983177269661999143e-01,-8.988098097675575882e-03,3.675782831929846672e+00,-1.930817959653015684e-02,1.010893018702757953e-02,9.997624736561889769e-01,7.359440955660032091e-03,0.000000000000000000e+00,0.000000000000000000e+00,0.000000000000000000e+00,1.000000000000000056e-01
9.982212720031156117e-01,-5.579284030326270294e-02,2.101073752576306658e-02,5.438370757276479139e+01,5.594304164547952984e-02,9.984119503814546936e-01,-6.629738075662679718e-03,3.718766723858074386e+00,-2.060747951434201142e-02,7.793350139341489839e-03,9.997572682814922507e-01,3.391563564607404015e-03,0.000000000000000000e+00,0.000000000000000000e+00,0.000000000000000000e+00,1.000000000000000056e-01
9.981310433694563500e-01,-5.578234945284220314e-02,2.495495445240297760e-02,5.533371826686894934e+01,5.600078141382064389e-02,9.983975343706457117e-01,-8.140997706477687626e-03,3.776888419202249825e+00,-2.446084101665337712e-02,9.523279484315796614e-03,9.996554278373231961e-01,3.373708244288766301e-03,0.000000000000000000e+00,0.000000000000000000e+00,0.000000000000000000e+00,1.000000000000000056e-01
9.979312461868029560e-01,-5.697808423775364145e-02,2.977794151129340913e-02,5.629661361078927939e+01,5.729837143827585383e-02,9.983068660553751084e-01,-1.001487979042567193e-02,3.829011688592346641e+00,-2.915689480338973585e-02,1.170038902305186278e-02,9.995063663539783816e-01,9.935349860208889800e-03,0.000000000000000000e+00,0.000000000000000000e+00,0.000000000000000000e+00,1.000000000000000056e-01
9.979369188525836210e-01,-5.566427284264671704e-02,3.199054110063456746e-02,5.726035778388371966e+01,5.590255150740225387e-02,9.984144006902672119e-01,-6.602213966303657755e-03,3.892408535235433842e+00,-3.157230948116156177e-02,8.376945934766458907e-03,9.994663656426021614e-01,-2.642259242535411126e-03,0.000000000000000000e+00,0.000000000000000000e+00,0.000000000000000000e+00,1.000000000000000056e-01
9.978394797910037362e-01,-5.833641595075506753e-02,3.021978068152634048e-02,5.815387966819394450e+01,5.853461096586384110e-02,9.982690203519400951e-01,-5.715096206782992877e-03,3.949397909239273474e+00,-2.983407262668031149e-02,7.471651731598751359e-03,9.995269393722751028e-01,-1.410795204932856206e-02,0.000000000000000000e+00,0.000000000000000000e+00,0.000000000000000000e+00,1.000000000000000056e-01
9.977188740705880132e-01,-6.224353128182694844e-02,2.613027242273742445e-02,5.906657258191935966e+01,6.240191785438293365e-02,9.980370838532107713e-01,-5.289603186812269139e-03,4.001869912729352663e+00,-2.574973730765203056e-02,6.908116049062839464e-03,9.996445513087337531e-01,-2.237883992003069505e-02,0.000000000000000000e+00,0.000000000000000000e+00,0.000000000000000000e+00,1.000000000000000056e-01
9.977151133458509458e-01,-6.417499682277544304e-02,2.112160941009251502e-02,6.001277535483408343e+01,6.431851842490179938e-02,9.979102434703217561e-01,-6.186611724422412528e-03,4.072254488283730822e+00,-2.068044460115190525e-02,7.530986641865492978e-03,9.997577723885414658e-01,-3.041220878865969618e-02,0.000000000000000000e+00,0.000000000000000000e+00,0.000000000000000000e+00,1.000000000000000056e-01
9.977737676597037142e-01,-6.290057093898730745e-02,2.215912330641614525e-02,6.092263374199301751e+01,6.298104826082433216e-02,9.980103569112079853e-01,-2.952127695589135039e-03,4.140753067080322758e+00,-2.192934404233849027e-02,4.341160387819482415e-03,9.997500978726433507e-01,-5.167368663187432015e-02,0.000000000000000000e+00,0.000000000000000000e+00,0.000000000000000000e+00,1.000000000000000056e-01
9.975860278407741033e-01,-6.517333957266031874e-02,2.396983241103115003e-02,6.184898762253016713e+01,6.525160844791590142e-02,9.978657188327639815e-01,-2.496952809143146781e-03,4.198797491799020953e+00,-2.375593929580728514e-02,4.054995353625742878e-03,9.997095640038941022e-01,-5.141433208246005276e-02,0.000000000000000000e+00,0.000000000000000000e+00,0.000000000000000000e+00,1.000000000000000056e-01
9.975345729848618115e-01,-6.584352648041072453e-02,2.427767947174722801e-02,6.273652605332831200e+01,6.586615681620999752e-02,9.978284580778565838e-01,-1.328014672485774940e-04,4.271566985237970293e+00,-2.421621535607654946e-02,1.731551498143358171e-03,9.997052448813287251e-01,-4.945113524382308695e-02,0.000000000000000000e+00,0.000000000000000000e+00,0.000000000000000000e+00,1.000000000000000056e-01
9.974327469622468190e-01,-6.747018030838151936e-02,2.399354197489327739e-02,6.356869818113081294e+01,6.746887428403504361e-02,9.977210045851643283e-01,8.648771101296688461e-04,4.334571976024927942e+00,-2.399721421731186577e-02,7.561605153913867651e-04,9.997117394184602546e-01,-5.374179009577977756e-02,0.000000000000000000e+00,0.000000000000000000e+00,0.000000000000000000e+00,1.000000000000000056e-01
9.972329459809922136e-01,-6.994992758719928427e-02,2.516861300542809834e-02,6.438322959903592846e+01,6.992185555717994605e-02,9.975504774188416190e-01,1.994772388500022642e-03,4.391864723710487972e+00,-2.524649610366338712e-02,-2.294166224053136765e-04,9.996812300941241292e-01,-5.781444349512889630e-02,0.000000000000000000e+00,0.000000000000000000e+00,0.000000000000000000e+00,1.000000000000000056e-01
9.971417942761990894e-01,-7.097078945960937080e-02,2.591117811142624322e-02,6.518474844082466291e+01,7.094847304470135174e-02,9.974783923033399002e-01,1.780747194183752470e-03,4.439813897834190115e+00,-2.597222131947014845e-02,6.270106943428641316e-05,9.996626629960270183e-01,-6.495683760190720801e-02,0.000000000000000000e+00,0.000000000000000000e+00,0.000000000000000000e+00,1.000000000000000056e-01
9.970774992819181337e-01,-7.160129363047357254e-02,2.664048002869439866e-02,6.597921909710062494e+01,7.157653105854117070e-02,9.974333330600744230e-01,1.883162843819299447e-03,4.498844924629638697e+00,-2.670693968507530450e-02,2.917384713231792066e-05,9.996433056453408739e-01,-7.142518554264197517e-02,0.000000000000000000e+00,0.000000000000000000e+00,0.000000000000000000e+00,1.000000000000000056e-01
9.968360239334900230e-01,-7.464525257419518667e-02,2.731350685293025896e-02,6.672607537918844400e+01,7.462470252584929575e-02,9.972101145423033497e-01,1.772350827227425676e-03,4.558350480243122504e+00,-2.736960287251104587e-02,2.715191722090479253e-04,9.996253453749260887e-01,-8.001112256390977007e-02,0.000000000000000000e+00,0.000000000000000000e+00,0.000000000000000000e+00,1.000000000000000056e-01
9.968673971709539616e-01,-7.358267395566830960e-02,2.899969915604717896e-02,6.751129221389113866e+01,7.352939246191869671e-02,9.972888314325397685e-01,2.900886778269306295e-03,4.631668158506753841e+00,-2.913453108921720131e-02,-7.594691916183921900e-04,9.995752109295019672e-01,-9.222759550506796911e-02,0.000000000000000000e+00,0.000000000000000000e+00,0.000000000000000000e+00,1.000000000000000056e-01
9.966274048153247467e-01,-7.518227966950109808e-02,3.288526713845838639e-02,6.824507535531213875e+01,7.513603637436473692e-02,9.971697943076041071e-01,2.641469000524180981e-03,4.700095965263641595e+00,-3.299078672934289275e-02,-1.616917669966324873e-04,9.994556427609738725e-01,-9.800522628073780884e-02,0.000000000000000000e+00,0.000000000000000000e+00,0.000000000000000000e+00,1.000000000000000056e-01
9.963667991154463444e-01,-7.860123922975463528e-02,3.278790648984152012e-02,6.895941276914953733e+01,7.841141564712590661e-02,9.968962442225075549e-01,7.037623979165541846e-03,4.766096042894418794e+00,-3.323930680163723894e-02,-4.441108713525220714e-03,9.994375543458137168e-01,-1.020620345979164345e-01,0.000000000000000000e+00,0.000000000000000000e+00,0.000000000000000000e+00,1.000000000000000056e-01
9.964226232941686412e-01,-7.902362997657140509e-02,2.995365909022243422e-02,6.961802513140168003e+01,7.877025783134204706e-02,9.968470676225392735e-01,9.548311553805375121e-03,4.822796356894623493e+00,-3.061375946778238655e-02,-7.154696196943827018e-03,9.995056818515731800e-01,-1.056185790179823974e-01,0.000000000000000000e+00,0.000000000000000000e+00,0.000000000000000000e+00,1.000000000000000056e-01
9.965723137528316178e-01,-7.919647035628046838e-02,2.390695598428520599e-02,7.029288026609582118e+01,7.900308682433046514e-02,9.968343782816783127e-01,8.929420362327491340e-03,4.884535914707963222e+00,-2.453845418022622751e-02,-7.010089791624425463e-03,9.996743084162752480e-01,-1.127981839519740931e-01,0.000000000000000000e+00,0.000000000000000000e+00,0.000000000000000000e+00,1.000000000000000056e-01
9.966020522245248037e-01,-8.013209188905465186e-02,1.905773730928164364e-02,7.102880375011717717e+01,7.999619803677288088e-02,9.967647254657430178e-01,7.790402227319552161e-03,4.946473859150736452e+00,-1.962034152421663138e-02,-6.239384319475085872e-03,9.997880336760321951e-01,-1.155378779586670873e-01,0.000000000000000000e+00,0.000000000000000000e+00,0.000000000000000000e+00,1.000000000000000056e-01
9.963711306334134266e-01,-8.337242678850591282e-02,1.713500778198460972e-02,7.174104651051283099e+01,8.322661137699442768e-02,9.964895082421388883e-01,9.054894921697229787e-03,5.010857874601400752e+00,-1.782978404233188235e-02,-7.595947257285213562e-03,9.998121825554379116e-01,-1.248188613521003659e-01,0.000000000000000000e+00,0.000000000000000000e+00,0.000000000000000000e+00,1.000000000000000056e-01
9.963701893131358123e-01,-8.275833935298135269e-02,1.993748017284480145e-02,7.242982391460358826e+01,8.252153046627849764e-02,9.965118556519722004e-01,1.242250194469460799e-02,5.085606981880116173e+00,-2.089600099561808588e-02,-1.073213923687393011e-02,9.997240510909956024e-01,-1.221049852239987077e-01,0.000000000000000000e+00,0.000000000000000000e+00,0.000000000000000000e+00,1.000000000000000056e-01
9.962324689304090652e-01,-8.434934968563788382e-02,2.015080783570422779e-02,7.303860635785336797e+01,8.413948745971848442e-02,9.963927569163810727e-01,1.104629415639002757e-02,5.137035000864312195e+00,-2.100986670203731227e-02,-9.309198256756554685e-03,9.997359272972933253e-01,-1.243466643764403051e-01,0.000000000000000000e+00,0.000000000000000000e+00,0.000000000000000000e+00,1.000000000000000056e-01
9.964381508978383817e-01,-8.225426582230312145e-02,1.858082854262624664e-02,7.363927347793250533e+01,8.211946768492277282e-02,9.965911333003879546e-01,7.906077041946421233e-03,5.184569740718963260e+00,-1.916779753757595975e-02,-6.352069039467658426e-03,9.997961025911614730e-01,-1.212466163369292083e-01,0.000000000000000000e+00,0.000000000000000000e+00,0.000000000000000000e+00,1.000000000000000056e-01
9.965434194690514502e-01,-8.168814175471701688e-02,1.510829605188468948e-02,7.427996398410607526e+01,8.168665207409110673e-02,9.966578034571906830e-01,7.167152950454500245e-04,5.220142056225105520e+00,-1.511634829767178646e-02,5.199082121123059334e-04,9.998856063118393145e-01,-1.101534805984181326e-01,0.000000000000000000e+00,0.000000000000000000e+00,0.000000000000000000e+00,1.000000000000000056e-01
9.967582478754819508e-01,-7.987456595674943816e-02,9.646191239037088874e-03,7.488489641412333242e+01,7.989985709792563062e-02,9.968003223725451223e-01,-2.264984265124698505e-03,5.264730912519297590e+00,-9.434411901663686609e-03,3.028371049109556019e-03,9.999509092154768020e-01,-1.079030733233889566e-01,0.000000000000000000e+00,0.000000000000000000e+00,0.000000000000000000e+00,1.000000000000000056e-01
9.969420509053213975e-01,-7.764496412991588048e-02,8.820809597512779474e-03,7.546491792384188102e+01,7.765184227145453810e-02,9.969804402641170293e-01,-4.394571838858382282e-04,5.306021166661825994e+00,-8.760052998734791860e-03,1.123065461760819166e-03,9.999609993371881833e-01,-9.887003959637612194e-02,0.000000000000000000e+00,0.000000000000000000e+00,0.000000000000000000e+00,1.000000000000000056e-01
9.973692777427255463e-01,-7.164268513490532064e-02,1.103854526714978523e-02,7.604500322796268108e+01,7.161342713287949246e-02,9.974278786641147532e-01,3.023891183173831911e-03,5.366362396029996873e+00,-1.122679247326935359e-02,-2.225428108192657739e-03,9.999345011551993290e-01,-1.049242893254744985e-01,0.000000000000000000e+00,0.000000000000000000e+00,0.000000000000000000e+00,1.000000000000000056e-01
9.977333444029725662e-01,-6.558190328781003664e-02,1.507273789354681218e-02,7.659365868432018942e+01,6.555665605204873125e-02,9.978465030960205207e-01,2.163586447732118636e-03,5.392600082842316844e+00,-1.518217091632854954e-02,-1.170564048550784293e-03,9.998840590118814875e-01,-9.743128980679470474e-02,0.000000000000000000e+00,0.000000000000000000e+00,0.000000000000000000e+00,1.000000000000000056e-01
9.981358830641773316e-01,-5.798815773549752944e-02,1.902977935074199461e-02,7.717988079192627993e+01,5.802554280028535821e-02,9.983140918989938939e-01,-1.417849998936205561e-03,5.406208533162299545e+00,-1.891547838219063277e-02,2.519420236937198240e-03,9.998179120216053040e-01,-9.369389150271258127e-02,0.000000000000000000e+00,0.000000000000000000e+00,0.000000000000000000e+00,1.000000000000000056e-01
9.986190756403241497e-01,-4.748389684658169824e-02,2.247712854276154651e-02,7.772795411779237895e+01,4.757848796738866487e-02,9.988606788432204953e-01,-3.692119120199218417e-03,5.418941636452825783e+00,-2.227620367122029252e-02,4.756448372880538004e-03,9.997405398146432809e-01,-8.570886414236969508e-02,0.000000000000000000e+00,0.000000000000000000e+00,0.000000000000000000e+00,1.000000000000000056e-01
9.991047237478511978e-01,-3.680213073068450830e-02,2.086514218526821715e-02,7.822707933761036259e+01,3.680617363287045501e-02,9.993224051056724955e-01,1.903584016476863108e-04,5.427954533599736564e+00,-2.085800966623718375e-02,5.777780678542177245e-04,9.997822811018743927e-01,-7.851712211105241201e-02,0.000000000000000000e+00,0.000000000000000000e+00,0.000000000000000000e+00,1.000000000000000056e-01
9.995664339788356001e-01,-2.110558312665225186e-02,2.053042677876221883e-02,7.871826350868043676e+01,2.102270896636755301e-02,9.997699899585474892e-01,4.244159045229464224e-03,5.443982283833284974e+00,-2.061528002597962095e-02,-3.810713734953798202e-03,9.997802201935587219e-01,-7.938383487956279794e-02,0.000000000000000000e+00,0.000000000000000000e+00,0.000000000000000000e+00,1.000000000000000056e-01
9.997784375474542129e-01,-2.325296500164917429e-03,2.092053563744166941e-02,7.919535299439509402e+01,2.141661284716241467e-03,9.999590220848685318e-01,8.795876193698823689e-03,5.445317627666243609e+00,-2.094013137763690510e-02,-8.749122656566825015e-03,9.997424487089801026e-01,-7.656183628779562877e-02,0.000000000000000000e+00,0.000000000000000000e+00,0.000000000000000000e+00,1.000000000000000056e-01
9.995315240614498498e-01,2.080942522655108290e-02,2.244326689980579922e-02,7.968397921285108509e+01,-2.099830732669513006e-02,9.997457733764578691e-01,8.213385740469092422e-03,5.444910195210019843e+00,-2.226664538741749202e-02,-8.680808582652816546e-03,9.997143792431627540e-01,-8.330883268543887166e-02,0.000000000000000000e+00,0.000000000000000000e+00,0.000000000000000000e+00,1.000000000000000056e-01
9.986559661922491671e-01,4.645785242520709263e-02,2.297670856896018993e-02,8.017701829822462400e+01,-4.659181194298134959e-02,9.988997951377799334e-01,5.329383976713673518e-03,5.418443409563628244e+00,-2.270383774816737976e-02,-6.392747589188165977e-03,9.997217955660293587e-01,-7.753460784201077205e-02,0.000000000000000000e+00,0.000000000000000000e+00,0.000000000000000000e+00,1.000000000000000056e-01
9.969754066265303916e-01,7.387014253204250702e-02,2.415037523849681775e-02,8.064800067382323334e+01,-7.401766798355306765e-02,9.972429967323034328e-01,5.271650088109014129e-03,5.386614902051773512e+00,-2.369437503166051465e-02,-7.043259946266547389e-03,9.996944378564823763e-01,-8.112159145277776651e-02,0.000000000000000000e+00,0.000000000000000000e+00,0.000000000000000000e+00,1.000000000000000056e-01
9.940352064023809664e-01,1.058642410018574287e-01,2.620631430927433669e-02,8.111317659569182581e+01,-1.060313749459437793e-01,9.943498671092763086e-01,5.068461979452282100e-03,5.330917334333404867e+00,-2.552167627034937492e-02,-7.816921188365388504e-03,9.996437064191853183e-01,-8.944706848061671767e-02,0.000000000000000000e+00,0.000000000000000000e+00,0.000000000000000000e+00,1.000000000000000056e-01
9.893661801078342810e-01,1.429350073670869470e-01,2.690994849127952351e-02,8.158377751599006444e+01,-1.430614590633351446e-01,9.897097775077068338e-01,2.824046089413366663e-03,5.252548959433421594e+00,-2.622938408545281638e-02,-6.643792186413013424e-03,9.996338726933384766e-01,-9.711694828870465201e-02,0.000000000000000000e+00,0.000000000000000000e+00,0.000000000000000000e+00,1.000000000000000056e-01
