1.000000000000000000e+00,-1.499065325465912782e-13,6.508569830763608366e-14,1.112112867844744541e-20,1.499065325465922375e-13,1.000000000000000000e+00,-1.488599394465033071e-14,3.361153350987961237e-20,-6.508569830763386222e-14,1.488599394466008734e-14,1.000000000000000000e+00,-1.984532830215072232e-20,0.000000000000000000e+00,0.000000000000000000e+00,0.000000000000000000e+00,1.000000000000000056e-01
9.999966549463000787e-01,-2.141143306687393662e-03,-1.451069106069227330e-03,6.253726536561206029e-01,2.138373574192864533e-03,9.999958941561153392e-01,-1.907624011313890705e-03,-3.159562297797154865e-03,1.455147644589512793e-03,1.904514702378387386e-03,9.999971276804153764e-01,1.251645536977097697e-02,0.000000000000000000e+00,0.000000000000000000e+00,0.000000000000000000e+00,1.000000000000000056e-01
9.999870160961583654e-01,-4.286944082522579046e-03,-2.754950005884361074e-03,1.256102160791599198e+00,4.286984575277995139e-03,9.999908108007456997e-01,8.793097237821254948e-06,-8.434472790072105111e-03,2.754886994583650908e-03,-2.060341124998053085e-05,9.999962050793725910e-01,1.951480443837380618e-02,0.000000000000000000e+00,0.000000000000000000e+00,0.000000000000000000e+00,1.000000000000000056e-01
9.999636828799717270e-01,-8.375135743431034313e-03,-1.577980482257061636e-03,1.986087805331172573e+00,8.375966800453115563e-03,9.999647853599327174e-01,5.207880771629256819e-04,-6.773265400653771980e-03,1.573563243402545993e-03,-5.339862757709661414e-04,9.999986193777350429e-01,2.649741396837938107e-02,0.000000000000000000e+00,0.000000000000000000e+00,0.000000000000000000e+00,1.000000000000000056e-01
9.999079106569728204e-01,-1.332876683659250244e-02,-2.552289212279559502e-03,2.702565048256980518e+00,1.332481292590142682e-02,9.999100039064828804e-01,-1.559951354076208850e-03,-9.024145578342749469e-03,2.572851744095837161e-03,1.525798922894436305e-03,9.999955261757673686e-01,2.484978415024917051e-02,0.000000000000000000e+00,0.000000000000000000e+00,0.000000000000000000e+00,1.000000000000000056e-01
9.997970606403605576e-01,-1.995080616878380786e-02,-2.793361435780063358e-03,3.449169371666295891e+00,1.995074221471063169e-02,9.998009628463175869e-01,-5.076079566380679495e-05,-4.967172924271871445e-03,2.793818171865941613e-03,-4.979139617322014328e-06,9.999960972699997175e-01,3.524880863737230030e-02,0.000000000000000000e+00,0.000000000000000000e+00,0.000000000000000000e+00,1.000000000000000056e-01
9.997039852411221394e-01,-2.419681023121110497e-02,-2.540918663205790715e-03,4.197349305747264836e+00,2.419842099854845052e-02,9.997069922056335267e-01,6.051085377321648202e-04,1.548777533617411856e-02,2.525532457775829433e-03,-6.664156362095957024e-04,9.999965887821841148e-01,5.165028311487231127e-02,0.000000000000000000e+00,0.000000000000000000e+00,0.000000000000000000e+00,1.000000000000000056e-01
9.995418025035247567e-01,-3.005920220308155519e-02,-3.553788249021619296e-03,4.965402355552138047e+00,3.006863228872685631e-02,9.995443749669148392e-01,2.630555888927616978e-03,3.827986238915495609e-02,3.473096642761298782e-03,-2.736208126896801617e-03,9.999902253346261150e-01,6.653676656818423296e-02,0.000000000000000000e+00,0.000000000000000000e+00,0.000000000000000000e+00,1.000000000000000056e-01
9.994200971977474923e-01,-3.387887150197561176e-02,-3.419266441442965748e-03,5.750957276005912000e+00,3.388443840405615942e-02,9.994245030830140042e-01,1.583499703915265200e-03,8.700529963979947157e-02,3.363651481155199938e-03,-1.698441351121729318e-03,9.999929005476440036e-01,6.355364534408661226e-02,0.000000000000000000e+00,0.000000000000000000e+00,0.000000000000000000e+00,1.000000000000000056e-01
9.993533301255755896e-01,-3.590898026444054592e-02,-1.861908507492294942e-03,6.539539785534476124e+00,3.591159358551643255e-02,9.993540044939048794e-01,1.389657563963257042e-03,1.235780878307342762e-01,1.810804536925007553e-03,-1.455623015895354984e-03,9.999973010706402210e-01,6.699935527900016674e-02,0.000000000000000000e+00,0.000000000000000000e+00,0.000000000000000000e+00,1.000000000000000056e-01
9.993125355058342096e-01,-3.699900536254305955e-02,2.351591606428985251e-03,7.326187478687320898e+00,3.699933036313082096e-02,9.993152858626350721e-01,-9.483649064269774644e-05,1.664273791998529539e-01,-2.346472582584900948e-03,1.817786086480611572e-04,9.999972305076432200e-01,8.163289755602799735e-02,0.000000000000000000e+00,0.000000000000000000e+00,0.000000000000000000e+00,1.000000000000000056e-01
9.990736340884605049e-01,-4.292346190469557149e-02,3.074099444235183637e-03,8.128390074999003900e+00,4.292107574176077384e-02,9.990781145230336335e-01,8.380562451696271136e-04,2.084127463501691258e-01,-3.107237751916324016e-03,-7.053362433484261377e-04,9.999949237742844499e-01,7.317212685882264200e-02,0.000000000000000000e+00,0.000000000000000000e+00,0.000000000000000000e+00,1.000000000000000056e-01
9.989547074135257665e-01,-4.557673363255342058e-02,3.500555348009000770e-03,8.962528431332881240e+00,4.556062636558926016e-02,9.989512089407965867e-01,4.550986804644507194e-03,2.615071180874377621e-01,-3.704303110218310109e-03,-4.386742197593766768e-03,9.999835171798380218e-01,7.872008845623046369e-02,0.000000000000000000e+00,0.000000000000000000e+00,0.000000000000000000e+00,1.000000000000000056e-01
9.989602058028316245e-01,-4.553102369033051877e-02,2.330901987374979327e-03,9.743210157166608099e+00,4.552687268471647397e-02,9.989614854625570306e-01,1.804002769117306381e-03,3.073097303648574807e-01,-2.410619404593837729e-03,-1.696008299486529260e-03,9.999956562255329917e-01,9.732710034280611655e-02,0.000000000000000000e+00,0.000000000000000000e+00,0.000000000000000000e+00,1.000000000000000056e-01
9.988963749879758991e-01,-4.685441071779389288e-02,3.270509466339107090e-03,1.052503517717571668e+01,4.685297618764970584e-02,9.989016640858733309e-01,5.139151998660241097e-04,3.587402286939395668e-01,-3.290996542183375045e-03,-3.601149280495234890e-04,9.999945198144827296e-01,9.738435223950916986e-02,0.000000000000000000e+00,0.000000000000000000e+00,0.000000000000000000e+00,1.000000000000000056e-01
9.987211265451422237e-01,-5.050082480070305913e-02,2.403765140496916166e-03,1.128528106344165849e+01,5.050585066034224413e-02,9.987216030347794149e-01,-2.078143574369380794e-03,4.059636849387735502e-01,-2.295744209876266709e-03,2.196890094925210441e-03,9.999949516034736252e-01,1.080475365016329709e-01,0.000000000000000000e+00,0.000000000000000000e+00,0.000000000000000000e+00,1.000000000000000056e-01
9.984741465266889771e-01,-5.520662309051280886e-02,1.267866216141088839e-03,1.211387890937892209e+01,5.520450959285005260e-02,9.984737124059892555e-01,1.645525695538791171e-03,4.688447228650728382e-01,-1.356775004523891413e-03,-1.573022931749419682e-03,9.999978423778940195e-01,1.192651831868615370e-01,0.000000000000000000e+00,0.000000000000000000e+00,0.000000000000000000e+00,1.000000000000000056e-01
9.983696678214375453e-01,-5.705237530147245356e-02,-1.741506983145390923e-03,1.295744244978689785e+01,5.705635717058294559e-02,9.983682415738531768e-01,2.329446963384825681e-03,5.344380411542500875e-01,1.605764782051543292e-03,-2.425013235487572319e-03,9.999957704061914754e-01,1.218385044642132792e-01,0.000000000000000000e+00,0.000000000000000000e+00,0.000000000000000000e+00,1.000000000000000056e-01
9.983440476549575449e-01,-5.745957583981994160e-02,-2.749482901178227669e-03,1.384465893301148753e+01,5.747095053691516492e-02,9.983381150429392337e-01,4.254162302326365899e-03,5.860767787499711057e-01,2.500471215459638616e-03,-4.405133008101344561e-03,9.999871711411509878e-01,1.322140394825831733e-01,0.000000000000000000e+00,0.000000000000000000e+00,0.000000000000000000e+00,1.000000000000000056e-01
9.977892849350475935e-01,-6.632193568824180929e-02,-4.236002286489328784e-03,1.477050996760863377e+01,6.635469129813255373e-02,9.977630004749169501e-01,8.127104405649008753e-03,6.801171407618610276e-01,3.687521055663121709e-03,-8.390216317563181300e-03,9.999580023474028412e-01,1.474685848143047207e-01,0.000000000000000000e+00,0.000000000000000000e+00,0.000000000000000000e+00,1.000000000000000056e-01
9.974657688146066903e-01,-7.107178395255261960e-02,-3.292653775784171698e-03,1.572568692232406384e+01,7.108759402852837805e-02,9.974577298683258153e-01,4.962973016365669100e-03,7.490445925777139413e-01,2.931555614454562503e-03,-5.184462530264776457e-03,9.999822635076842658e-01,1.383770908409487355e-01,0.000000000000000000e+00,0.000000000000000000e+00,0.000000000000000000e+00,1.000000000000000056e-01
9.970448815096025763e-01,-7.680231938249428014e-02,-1.705283839086450858e-03,1.665074264693703299e+01,7.680542445437350818e-02,9.970444087775621744e-01,1.836763399296652320e-03,8.457543934529020424e-01,1.559176027917024603e-03,-1.962310594889124168e-03,9.999968591486890768e-01,1.485874746571797800e-01,0.000000000000000000e+00,0.000000000000000000e+00,0.000000000000000000e+00,1.000000000000000056e-01
9.968947826687724056e-01,-7.874346159649200927e-02,5.094542008496675232e-04,1.754607082406932861e+01,7.874083389640565422e-02,9.968872098947813010e-01,3.971375768780829006e-03,9.441016441347512833e-01,-8.205882521884325966e-04,-3.918928935307863619e-03,9.999919842833343564e-01,1.770157721396909967e-01,0.000000000000000000e+00,0.000000000000000000e+00,0.000000000000000000e+00,1.000000000000000056e-01
9.967842170011494973e-01,-8.012297017649784581e-02,1.238703960360249727e-03,1.848064417356017231e+01,8.011441762850728121e-02,9.967684390052474752e-01,5.861662826143487076e-03,1.022433380739985687e+00,-1.704354848761684789e-03,-5.743574944083793335e-03,9.999820530996599288e-01,1.932676244635468388e-01,0.000000000000000000e+00,0.000000000000000000e+00,0.000000000000000000e+00,1.000000000000000056e-01
9.964796941586290258e-01,-8.382476553027147503e-02,1.275857876176236848e-03,1.941941908294188934e+01,8.381873467648105758e-02,9.964721150917595915e-01,4.212310742193648046e-03,1.107872331609494720e+00,-1.624452756734841427e-03,-4.090541327274119753e-03,9.999903142655387489e-01,2.111663972988329085e-01,0.000000000000000000e+00,0.000000000000000000e+00,0.000000000000000000e+00,1.000000000000000056e-01
9.963780130881672026e-01,-8.502848954015798655e-02,1.005485452624365261e-03,2.035591178317758931e+01,8.502242748522303994e-02,9.963663761635115357e-01,5.023074288903565769e-03,1.182698625372477608e+00,-1.428936316349940392e-03,-4.919391965588790737e-03,9.999868787757630884e-01,2.191156572146932546e-01,0.000000000000000000e+00,0.000000000000000000e+00,0.000000000000000000e+00,1.000000000000000056e-01
9.966169831805937740e-01,-8.208224423034990447e-02,4.134491277201329286e-03,2.128379880012241543e+01,8.205676731145566949e-02,9.966096253953062867e-01,5.995123670188012496e-03,1.275311136085286678e+00,-4.612567008259301805e-03,-5.635579077292793629e-03,9.999734818854237872e-01,2.326509795635142153e-01,0.000000000000000000e+00,0.000000000000000000e+00,0.000000000000000000e+00,1.000000000000000056e-01
9.967597468385724913e-01,-8.004953763405342482e-02,7.878997834690147292e-03,2.222843505887433935e+01,8.000307086038138671e-02,9.967762786590728119e-01,6.046400208321837597e-03,1.363200737282810771e+00,-8.337609682251943474e-03,-5.396464318854059597e-03,9.999506800025897979e-01,2.239882374137978083e-01,0.000000000000000000e+00,0.000000000000000000e+00,0.000000000000000000e+00,1.000000000000000056e-01
9.967959056892973235e-01,-7.910971544714884285e-02,1.181420005436362858e-02,2.318951713955269156e+01,7.904200401031771794e-02,9.968526652101126206e-01,6.093067005042663090e-03,1.450535254171964272e+00,-1.225903760848717772e-02,-5.139726195641370135e-03,9.999116457025328808e-01,2.336728238430345883e-01,0.000000000000000000e+00,0.000000000000000000e+00,0.000000000000000000e+00,1.000000000000000056e-01
9.968919599992492886e-01,-7.723231347051995321e-02,1.554316070966295718e-02,2.412016286956877309e+01,7.715725546208193619e-02,9.970044578361489940e-01,5.372986544343952460e-03,1.527227247971236768e+00,-1.591156869746330679e-02,-4.157019465676976659e-03,9.998647614406399597e-01,2.398429522148724791e-01,0.000000000000000000e+00,0.000000000000000000e+00,0.000000000000000000e+00,1.000000000000000056e-01
9.971160858472982724e-01,-7.495307148973684441e-02,1.189741227400617496e-02,2.507936706989463005e+01,7.491037951022772035e-02,9.971822679533474121e-01,3.994936927175930796e-03,1.591752067820935590e+00,-1.216332134726907585e-02,-3.092176203397053406e-03,9.999212429287269721e-01,2.425802413742099706e-01,0.000000000000000000e+00,0.000000000000000000e+00,0.000000000000000000e+00,1.000000000000000056e-01
9.971837538597835282e-01,-7.446144911766412744e-02,8.947269606317897681e-03,2.604290373983567974e+01,7.442656635156504052e-02,9.972177747037983542e-01,4.170855538196250809e-03,1.665242682859523482e+00,-9.232944233921793267e-03,-3.493194827365445499e-03,9.999512739782230319e-01,2.358980271388928518e-01,0.000000000000000000e+00,0.000000000000000000e+00,0.000000000000000000e+00,1.000000000000000056e-01
9.973401042688969653e-01,-7.246365658937681253e-02,7.857155376006140501e-03,2.698520592860617739e+01,7.243254328660223007e-02,9.973645751995904307e-01,4.175022152637458683e-03,1.741545559580483848e+00,-8.138985805389305217e-03,-3.594803282154273617e-03,9.999604163662790812e-01,2.494922897757628211e-01,0.000000000000000000e+00,0.000000000000000000e+00,0.000000000000000000e+00,1.000000000000000056e-01
9.973784973949543220e-01,-7.185038871123572424e-02,8.582224433521355375e-03,2.794056634125450955e+01,7.184549263307546396e-02,9.974153871841024976e-01,8.778363729288920884e-04,1.810500431764194618e+00,-8.623115590881370515e-03,-2.589409802764965161e-04,9.999627867211234866e-01,2.592923926232300613e-01,0.000000000000000000e+00,0.000000000000000000e+00,0.000000000000000000e+00,1.000000000000000056e-01
9.975019831582272456e-01,-6.921484378595813003e-02,1.411024433130306059e-02,2.894415562980503864e+01,6.928045300108875981e-02,9.975883197350938758e-01,-4.214636410901152416e-03,1.897362327067261711e+00,-1.378449953272111762e-02,5.181672297393493526e-03,9.998915630431306489e-01,2.643987460389163324e-01,0.000000000000000000e+00,0.000000000000000000e+00,0.000000000000000000e+00,1.000000000000000056e-01
9.974043905809989452e-01,-6.982819065166213923e-02,1.756432293204520517e-02,2.992379285350454410e+01,6.998890032359646185e-02,9.975097696009753712e-01,-8.707088038076338937e-03,1.931593118001078802e+00,-1.691258351759793860e-02,9.913795485295008592e-03,9.998078221227497675e-01,2.602819641332064227e-01,0.000000000000000000e+00,0.000000000000000000e+00,0.000000000000000000e+00,1.000000000000000056e-01
9.972297414701657425e-01,-7.159479119757232446e-02,2.017494983196918210e-02,3.083923649253692290e+01,7.189392479228969013e-02,9.973066937833741097e-01,-1.451282580463930140e-02,1.986528777922021760e+00,-1.908156978099673565e-02,1.592307785106980914e-02,9.996911269419378465e-01,2.686098016054686011e-01,0.000000000000000000e+00,0.000000000000000000e+00,0.000000000000000000e+00,1.000000000000000056e-01
9.974458229095064521e-01,-7.010529318807794119e-02,1.367765430880056761e-02,3.175430082706949975e+01,7.029197087003856426e-02,9.974326376155886464e-01,-1.368109098045632022e-02,2.052154696101204046e+00,-1.268342191930351033e-02,1.460757632954574892e-02,9.998128572498922173e-01,2.541610598559403966e-01,0.000000000000000000e+00,0.000000000000000000e+00,0.000000000000000000e+00,1.000000000000000056e-01
9.974863614878127782e-01,-6.988279565008174987e-02,1.171979171886017995e-02,3.274052655634723408e+01,7.005371247581403116e-02,9.974324034479576939e-01,-1.486868926255652430e-02,2.101361157000170010e+00,-1.065063444873238022e-02,1.565232967194987376e-02,9.998207682188243739e-01,2.584510776998787396e-01,0.000000000000000000e+00,0.000000000000000000e+00,0.000000000000000000e+00,1.000000000000000056e-01
9.973007462496913389e-01,-7.277464104884988350e-02,9.750546139569717455e-03,3.368969840861616660e+01,7.286922594565671540e-02,9.972940999576556109e-01,-9.723893239358764526e-03,2.182849519901269186e+00,-9.016509296266102605e-03,1.040816073380267971e-02,9.999051818798868618e-01,2.473793181479009839e-01,0.000000000000000000e+00,0.000000000000000000e+00,0.000000000000000000e+00,1.000000000000000056e-01
9.969806126813417491e-01,-7.682343330866894804e-02,1.130566372244327239e-02,3.464338104007164532e+01,7.695626184316098350e-02,9.969643578643632154e-01,-1.182382811211486404e-02,2.261777528576840002e+00,-1.036299670285186283e-02,1.265816901319022011e-02,9.998661805744657460e-01,2.598814133675525495e-01,0.000000000000000000e+00,0.000000000000000000e+00,0.000000000000000000e+00,1.000000000000000056e-01
9.969439269347157850e-01,-7.722880222217919088e-02,1.176939485766366478e-02,3.562120770623040755e+01,7.736549991674711302e-02,9.969348630292583779e-01,-1.163865539766498897e-02,2.338119466934725832e+00,-1.083448063452381593e-02,1.251363193326880327e-02,9.998630021384024014e-01,2.521199485263951878e-01,0.000000000000000000e+00,0.000000000000000000e+00,0.000000000000000000e+00,1.000000000000000056e-01
9.969757644135105457e-01,-7.673483083144479189e-02,1.229190422050065526e-02,3.659869673573857085e+01,7.686785651644199857e-02,9.969834247233577695e-01,-1.074166939783530519e-02,2.411914234147611413e+00,-1.143056458203604159e-02,1.165403638891935809e-02,9.998667539373342628e-01,2.541741117497118840e-01,0.000000000000000000e+00,0.000000000000000000e+00,0.000000000000000000e+00,1.000000000000000056e-01
9.969042611769930451e-01,-7.760046753487531701e-02,1.265154083589618839e-02,3.759642971077309426e+01,7.771404724981423318e-02,9.969373185504950552e-01,-8.746984703450129059e-03,2.495754418266061148e+00,-1.193402309396230168e-02,9.703108765623200474e-03,9.998817073899668451e-01,2.567064800272271241e-01,0.000000000000000000e+00,0.000000000000000000e+00,0.000000000000000000e+00,1.000000000000000056e-01
9.967889608600187801e-01,-7.857949210809760110e-02,1.539580876854073667e-02,3.858811754485215317e+01,7.874417556730974044e-02,9.968406208714664096e-01,-1.039862465973072359e-02,2.576660645503004332e+00,-1.453004892726613741e-02,1.157756453761705356e-02,9.998274039440749883e-01,2.734088175300886103e-01,0.000000000000000000e+00,0.000000000000000000e+00,0.000000000000000000e+00,1.000000000000000056e-01
9.966542356820382587e-01,-8.031034132432209038e-02,1.518497854535580047e-02,3.960841951175271447e+01,8.042545860301354710e-02,9.967351408001244861e-01,-7.127741763768066091e-03,2.632543543530933672e+00,-1.456297035453224531e-02,8.325152883094367323e-03,9.998592959631500410e-01,2.658007586038130254e-01,0.000000000000000000e+00,0.000000000000000000e+00,0.000000000000000000e+00,1.000000000000000056e-01
9.963246643822771809e-01,-8.395506361984528265e-02,1.699148128123160323e-02,4.062480516926072482e+01,8.415774331905415129e-02,9.963850864809842278e-01,-1.158592584672649660e-02,2.724790719025301122e+00,-1.595736140428324207e-02,1.297330840107412987e-02,9.997885055781265962e-01,2.769689070938017306e-01,0.000000000000000000e+00,0.000000000000000000e+00,0.000000000000000000e+00,1.000000000000000056e-01
9.964300674296142635e-01,-8.296213444689556904e-02,1.563345675881288796e-02,4.164707476685577348e+01,8.316402061781386079e-02,9.964544565457308378e-01,-1.273819864942169096e-02,2.818109224418144709e+00,-1.452123950956949253e-02,1.399286525939269325e-02,9.997966459860415656e-01,2.895001154330284487e-01,0.000000000000000000e+00,0.000000000000000000e+00,0.000000000000000000e+00,1.000000000000000056e-01
9.962910084530487431e-01,-8.471219882891641018e-02,1.510198149837927231e-02,4.270445340834745451e+01,8.491018060746317875e-02,9.963039504912257760e-01,-1.298843580979371776e-02,2.908047503171417247e+00,-1.394588487028480817e-02,1.422257378772502634e-02,9.998015956628782952e-01,2.983454116465084627e-01,0.000000000000000000e+00,0.000000000000000000e+00,0.000000000000000000e+00,1.000000000000000056e-01
9.964116362850723441e-01,-8.385081472721334084e-02,1.152787687682670439e-02,4.377774691680004082e+01,8.400501647698185859e-02,9.963723229379880530e-01,-1.361437805629503971e-02,2.988289737319068440e+00,-1.034448077028230634e-02,1.453392420305896736e-02,9.998408657205670735e-01,3.049608376108376429e-01,0.000000000000000000e+00,0.000000000000000000e+00,0.000000000000000000e+00,1.000000000000000056e-01
9.964439778650818758e-01,-8.333204678314591607e-02,1.245668315980649581e-02,4.481117623326344557e+01,8.351023930515592830e-02,9.964007934328792393e-01,-1.454299754260586844e-02,3.064996768901509849e+00,-1.119995123238557051e-02,1.553154291306024781e-02,9.998166493248309417e-01,3.126249290862722074e-01,0.000000000000000000e+00,0.000000000000000000e+00,0.000000000000000000e+00,1.000000000000000056e-01
9.964143568098833281e-01,-8.334121788378207052e-02,1.458324191647658585e-02,4.581821158589581700e+01,8.354837638522738530e-02,9.964022047185278064e-01,-1.422375602467218156e-02,3.162900198284956943e+00,-1.334534924754295776e-02,1.539116089529904419e-02,9.997924853787190091e-01,3.251490313894627171e-01,0.000000000000000000e+00,0.000000000000000000e+00,0.000000000000000000e+00,1.000000000000000056e-01
9.959986148957983287e-01,-8.850648654199619325e-02,1.238389945221500185e-02,4.676450150074315104e+01,8.865260074908182242e-02,9.959927902425353974e-01,-1.179314060430344466e-02,3.240537040643725497e+00,-1.129050512931197361e-02,1.284381660101161990e-02,9.998537697428782067e-01,3.385668191727495557e-01,0.000000000000000000e+00,0.000000000000000000e+00,0.000000000000000000e+00,1.000000000000000056e-01
9.962157307456522837e-01,-8.664303019039792941e-02,6.870453720958201449e-03,4.772095533134997680e+01,8.672288765569322044e-02,9.961561615116542034e-01,-1.233055712549483915e-02,3.343828969503896964e+00,-5.775687973224507762e-03,1.287972056346214922e-02,9.999003721504673425e-01,3.324010690117376043e-01,0.000000000000000000e+00,0.000000000000000000e+00,0.000000000000000000e+00,1.000000000000000056e-01
9.962789397745978048e-01,-8.604576055708093585e-02,4.939762317852250915e-03,4.866923100898382870e+01,8.610280241820791880e-02,9.962038734202944834e-01,-1.281210357953918751e-02,3.429373435991194263e+00,-3.818583157982475586e-03,1.318975634935257331e-02,9.999057199306894406e-01,3.398835688986700521e-01,0.000000000000000000e+00,0.000000000000000000e+00,0.000000000000000000e+00,1.000000000000000056e-01
9.963518859962141594e-01,-8.514885476806775821e-02,5.708923144835873625e-03,4.963555373990482167e+01,8.522218043702907420e-02,9.962615726207648681e-01,-1.414421721972838192e-02,3.534142835402537486e+00,-4.483216852394614899e-03,1.457914438116683642e-02,9.998836678913040066e-01,3.466609168841988664e-01,0.000000000000000000e+00,0.000000000000000000e+00,0.000000000000000000e+00,1.000000000000000056e-01
9.967576817209803375e-01,-7.994141930608406055e-02,9.137472820512377442e-03,5.064449127694273045e+01,8.008407112747881196e-02,9.966517384526838441e-01,-1.648798929196826010e-02,3.613350397919254497e+00,-7.788804906124351633e-03,1.716629600618594861e-02,9.998223106130220694e-01,3.623425345297472955e-01,0.000000000000000000e+00,0.000000000000000000e+00,0.000000000000000000e+00,1.000000000000000056e-01
9.968112658036117901e-01,-7.931943938799645988e-02,8.702120556232711621e-03,5.158883348759631815e+01,7.944938075901841756e-02,9.967141584016218081e-01,-1.576966514404681829e-02,3.698259222221904174e+00,-7.422685767952717957e-03,1.641075796301941919e-02,9.998377822222309641e-01,3.662819119316247929e-01,0.000000000000000000e+00,0.000000000000000000e+00,0.000000000000000000e+00,1.000000000000000056e-01
9.968824475444586497e-01,-7.773617848056406376e-02,1.350823204595740651e-02,5.253752785142916082e+01,7.797363852173359866e-02,9.967921189554469485e-01,-1.804392651260132777e-02,3.780442489589134425e+00,-1.206223335255799528e-02,1.904095962781354387e-02,9.997459399182376805e-01,3.928202104114548177e-01,0.000000000000000000e+00,0.000000000000000000e+00,0.000000000000000000e+00,1.000000000000000056e-01
9.970594581928059474e-01,-7.532558134687586393e-02,1.408877649135508413e-02,5.353561447315984623e+01,7.556706054338974132e-02,9.969876097029054529e-01,-1.747356459680240309e-02,3.876447644822687000e+00,-1.273012918629826302e-02,1.848683027568931436e-02,9.997480587214251369e-01,4.202199680140997207e-01,0.000000000000000000e+00,0.000000000000000000e+00,0.000000000000000000e+00,1.000000000000000056e-01
9.970662717624808602e-01,-7.495265341533002834e-02,1.552254681642712547e-02,5.450320215852949701e+01,7.525588296017729495e-02,9.969642675221191963e-01,-1.997001161663537402e-02,3.939364991007359595e+00,-1.397861915751528669e-02,2.107958799611297715e-02,9.996800734116706444e-01,4.149511799491291120e-01,0.000000000000000000e+00,0.000000000000000000e+00,0.000000000000000000e+00,1.000000000000000056e-01
9.969691816918586635e-01,-7.550617627690883737e-02,1.874214770793503765e-02,5.543918362232840735e+01,7.584637150041442788e-02,9.969541922303614134e-01,-1.815672119433093049e-02,4.014592803887950367e+00,-1.731411813771666086e-02,1.952321536909101471e-02,9.996594747086455790e-01,4.240815034247024107e-01,0.000000000000000000e+00,0.000000000000000000e+00,0.000000000000000000e+00,1.000000000000000056e-01
9.969651814303923665e-01,-7.423994471094250147e-02,2.342771061757873904e-02,5.638336375634089848e+01,7.462183382533013609e-02,9.970856218791123160e-01,-1.586961116375027597e-02,4.099244818843707172e+00,-2.218127435495140590e-02,1.756966850171095412e-02,9.995995687357664972e-01,4.351110169719448750e-01,0.000000000000000000e+00,0.000000000000000000e+00,0.000000000000000000e+00,1.000000000000000056e-01
9.968889169598535993e-01,-7.460587032833423948e-02,2.542540766953401213e-02,5.734085192739168946e+01,7.498100679282085346e-02,9.970847939557981876e-01,-1.413372854056726101e-02,4.165401720348473447e+00,-2.429682824866605598e-02,1.599618000259023926e-02,9.995768036336075690e-01,4.196934987603057610e-01,0.000000000000000000e+00,0.000000000000000000e+00,0.000000000000000000e+00,1.000000000000000056e-01
9.969103718650650370e-01,-7.532560688467046517e-02,2.226574533479378989e-02,5.822623769745956679e+01,7.558002492672363792e-02,9.970811036221653989e-01,-1.081353927632013566e-02,4.232914655358005263e+00,-2.138621752282623620e-02,1.246297504854958736e-02,9.996936050375663241e-01,4.211992616086438490e-01,0.000000000000000000e+00,0.000000000000000000e+00,0.000000000000000000e+00,1.000000000000000056e-01
9.970626123522118300e-01,-7.485998373515709292e-02,1.619042570641840775e-02,5.912726364240255350e+01,7.497428590813162708e-02,9.971638160053655220e-01,-6.571187273495957687e-03,4.311798337160142935e+00,-1.565258770774896266e-02,7.765750755054864202e-03,9.998473331530477459e-01,4.250168432290390430e-01,0.000000000000000000e+00,0.000000000000000000e+00,0.000000000000000000e+00,1.000000000000000056e-01
9.971467725489090439e-01,-7.488905360641372189e-02,9.483862358233563494e-03,6.011343101658972188e+01,7.495566401423996161e-02,9.971631745212018449e-01,-6.873995270842789967e-03,4.375054481194529998e+00,-8.942171295529932618e-03,7.565251399318404998e-03,9.999313999189076707e-01,4.286983649134222252e-01,0.000000000000000000e+00,0.000000000000000000e+00,0.000000000000000000e+00,1.000000000000000056e-01
9.972952755782954481e-01,-7.288307579645361689e-02,9.496871677569587722e-03,6.103628270937132783e+01,7.292145010614567435e-02,9.973306044058739550e-01,-3.758673945818930256e-03,4.456241773980648802e+00,-9.197577052068226650e-03,4.441033422804807271e-03,9.999478395388975427e-01,4.358432231390084177e-01,0.000000000000000000e+00,0.000000000000000000e+00,0.000000000000000000e+00,1.000000000000000056e-01
9.970871052660972289e-01,-7.547127792336667806e-02,1.101774571719611566e-02,6.197978345127047817e+01,7.550368885249865436e-02,9.971422480597829097e-01,-2.555406806631300466e-03,4.536017149844647101e+00,-1.079339991568544800e-02,3.379843620088409870e-03,9.999360375420839331e-01,4.371144084734790991e-01,0.000000000000000000e+00,0.000000000000000000e+00,0.000000000000000000e+00,1.000000000000000056e-01
9.971935655154070544e-01,-7.386445322198600949e-02,1.220800740852894667e-02,6.285392544865830899e+01,7.391210853155139038e-02,9.972586208911827788e-01,-3.499038530282778513e-03,4.604884184717703555e+00,-1.191608606421691932e-02,4.391538276421648110e-03,9.999193573906232091e-01,4.476927882313121443e-01,0.000000000000000000e+00,0.000000000000000000e+00,0.000000000000000000e+00,1.000000000000000056e-01
9.973712441224761305e-01,-7.107313264448146539e-02,1.411422026482377946e-02,6.365880576842631910e+01,7.111744648256070056e-02,9.974643957469784272e-01,-2.662334110391891950e-03,4.679997043060070361e+00,-1.388921176252039778e-02,3.659102788277945970e-03,9.998968450612296666e-01,4.489943009602175850e-01,0.000000000000000000e+00,0.000000000000000000e+00,0.000000000000000000e+00,1.000000000000000056e-01
9.972721590449478146e-01,-7.248633764684106473e-02,1.392737047602392308e-02,6.446307659843145643e+01,7.250343909178713631e-02,9.973678979451930937e-01,-7.262700947366601371e-04,4.752330608768135178e+00,-1.383806755626603921e-02,1.734071202444962927e-03,9.999027457124882723e-01,4.602076188539376833e-01,0.000000000000000000e+00,0.000000000000000000e+00,0.000000000000000000e+00,1.000000000000000056e-01
9.971776416128761422e-01,-7.333711896682214293e-02,1.607538643481421989e-02,6.524462645834110219e+01,7.334232409757700244e-02,9.973067895985778808e-01,2.663016033040816431e-04,4.816367476290513316e+00,-1.605162182922366745e-02,9.134561971554453885e-04,9.998707471640659872e-01,4.607994939953174440e-01,0.000000000000000000e+00,0.000000000000000000e+00,0.000000000000000000e+00,1.000000000000000056e-01
9.965997908946276906e-01,-8.120603658722903850e-02,1.394404570338105345e-02,6.605789738640204689e+01,8.121682854327587353e-02,9.966964348754936420e-01,-2.084894553072202733e-04,4.882618089358333968e+00,-1.388105003796511264e-02,1.340271716654012259e-03,9.999027553325218198e-01,4.656381858543106600e-01,0.000000000000000000e+00,0.000000000000000000e+00,0.000000000000000000e+00,1.000000000000000056e-01
9.965092724817480319e-01,-8.241265460866836756e-02,1.332006825244128577e-02,6.680497255734520934e+01,8.239371488378963160e-02,9.965979194023872889e-01,1.965398301009932402e-03,4.946281583520264036e+00,-1.343672599803037195e-02,-8.610477252520055708e-04,9.999093523871395162e-01,4.697060555305241358e-01,0.000000000000000000e+00,0.000000000000000000e+00,0.000000000000000000e+00,1.000000000000000056e-01
9.963631242037169766e-01,-8.359800943228880288e-02,1.648931611582041615e-02,6.758808061139801282e+01,8.354402760617789248e-02,9.964963095566592433e-01,3.937066331290355742e-03,5.032280015667239148e+00,-1.676067356482694934e-02,-2.545163829254629834e-03,9.998562906551798912e-01,4.796379771212259668e-01,0.000000000000000000e+00,0.000000000000000000e+00,0.000000000000000000e+00,1.000000000000000056e-01
9.966744005084158253e-01,-7.919395033356282920e-02,1.919524945800784449e-02,6.832531897156124501e+01,7.907389057941505150e-02,9.968446265531244466e-01,6.936161820237566819e-03,5.113298061916490056e+00,-1.968398333225934022e-02,-5.395251868727550179e-03,9.997916943330987793e-01,4.768113665904243348e-01,0.000000000000000000e+00,0.000000000000000000e+00,0.000000000000000000e+00,1.000000000000000056e-01
9.962063852029149347e-01,-8.436832608033555114e-02,2.132659455571226173e-02,6.904814719990795879e+01,8.417542331635215203e-02,9.964028751902938019e-01,9.788177666384846945e-03,5.203070144462896174e+00,-2.207569229841917571e-02,-7.955869966129862705e-03,9.997246460614179764e-01,4.847116265550320269e-01,0.000000000000000000e+00,0.000000000000000000e+00,0.000000000000000000e+00,1.000000000000000056e-01
9.963397737851252822e-01,-8.412346614939479605e-02,1.517555985184466417e-02,6.972811816626207815e+01,8.391187383760488616e-02,9.963737005030742777e-01,1.407999910767083682e-02,5.277924111410575492e+00,-1.630498705510600999e-02,-1.275505346212851832e-02,9.997857050429912462e-01,4.810317565145670882e-01,0.000000000000000000e+00,0.000000000000000000e+00,0.000000000000000000e+00,1.000000000000000056e-01
9.963107570023879145e-01,-8.528868497984977426e-02,9.524478764572101228e-03,7.041623204606069919e+01,8.515640014674198677e-02,9.962758005993489485e-01,1.352466835727435257e-02,5.352976021464424861e+00,-1.064250888544608122e-02,-1.266370224437720488e-02,9.998631744644308483e-01,4.881846342065541688e-01,0.000000000000000000e+00,0.000000000000000000e+00,0.000000000000000000e+00,1.000000000000000056e-01
9.966500940707507805e-01,-8.149078337490008039e-02,6.916806612062892726e-03,7.115579163043015853e+01,8.140560506659659523e-02,9.966110435125895561e-01,1.181335737581146877e-02,5.428148440209512593e+00,-7.856045602265309541e-03,-1.121071691251028166e-02,9.999062967967562443e-01,4.979934922349421589e-01,0.000000000000000000e+00,0.000000000000000000e+00,0.000000000000000000e+00,1.000000000000000056e-01
9.968373840458287782e-01,-7.929304531396963451e-02,5.276621410110675023e-03,7.186575257737762001e+01,7.923550614668331549e-02,9.968022717320915715e-01,1.034241922474258765e-02,5.493692156701995621e+00,-6.079830124912097636e-03,-9.891614356523144302e-03,9.999325935437218815e-01,5.007718024906349097e-01,0.000000000000000000e+00,0.000000000000000000e+00,0.000000000000000000e+00,1.000000000000000056e-01
9.968892436950368419e-01,-7.833254935426212096e-02,8.709047984687703914e-03,7.254151180531437149e+01,7.822165825336260814e-02,9.968586479088770158e-01,1.241806222321671649e-02,5.565273201735552178e+00,-9.654428270573736648e-03,-1.169819648269004170e-02,9.998849654904411466e-01,5.098116146230921020e-01,0.000000000000000000e+00,0.000000000000000000e+00,0.000000000000000000e+00,1.000000000000000056e-01
9.968551307118422855e-01,-7.834397187210059843e-02,1.191933071859786405e-02,7.312973384208385141e+01,7.817728861757128334e-02,9.968431055016752085e-01,1.386126106027142472e-02,5.602422688424296915e+00,-1.296764889564635745e-02,-1.288584824835173163e-02,9.998328835345633436e-01,5.324722955372751532e-01,0.000000000000000000e+00,0.000000000000000000e+00,0.000000000000000000e+00,1.000000000000000056e-01
9.968344514912471643e-01,-7.898864827896888430e-02,9.048191156570344063e-03,7.371462171653547557e+01,7.889785315165477597e-02,9.968326749081692917e-01,9.987342163161097228e-03,5.631218907506073457e+00,-9.808419251052104965e-03,-9.241843889910910173e-03,9.999091874931993473e-01,5.403435437686394671e-01,0.000000000000000000e+00,0.000000000000000000e+00,0.000000000000000000e+00,1.000000000000000056e-01
9.967999905925489790e-01,-7.962513499062207067e-02,7.043907468130709837e-03,7.434096851547691642e+01,7.957959506587497511e-02,9.968071560727540525e-01,6.525461769063609432e-03,5.668166987685299141e+00,-7.541008145184839931e-03,-5.944028926019308615e-03,9.999538997955260688e-01,5.525523013564148656e-01,0.000000000000000000e+00,0.000000000000000000e+00,0.000000000000000000e+00,1.000000000000000056e-01
9.969421342937425656e-01,-7.812171423389621672e-02,1.838106361149761296e-03,7.496154408892459742e+01,7.811152974299084839e-02,9.969316854116369031e-01,5.079718842896105771e-03,5.685383753623208136e+00,-2.229302816420150081e-03,-4.920608445149254190e-03,9.999854088042896549e-01,5.660307888330297077e-01,0.000000000000000000e+00,0.000000000000000000e+00,0.000000000000000000e+00,1.000000000000000056e-01
9.974240091615036441e-01,-7.168497339397103540e-02,2.571096594525714395e-03,7.557298694075551282e+01,7.167552285251832522e-02,9.974215171663984858e-01,3.596737034850823207e-03,5.741332992650199252e+00,-2.822299064741590029e-03,-3.403187180483607018e-03,9.999902264247404471e-01,5.873485922151709948e-01,0.000000000000000000e+00,0.000000000000000000e+00,0.000000000000000000e+00,1.000000000000000056e-01
9.977165486434318442e-01,-6.735382431327159580e-02,5.015068635162499983e-03,7.614425836831797767e+01,6.732152524547350969e-02,9.977111086127810058e-01,6.352636403780490860e-03,5.799755560534050502e+00,-5.431464044023488411e-03,-6.000508397836620302e-03,9.999672460122411843e-01,5.818721300992001355e-01,0.000000000000000000e+00,0.000000000000000000e+00,0.000000000000000000e+00,1.000000000000000056e-01
9.979095881737470863e-01,-6.412219298508409215e-02,8.049732771100857193e-03,7.669322299523481945e+01,6.408795438747091899e-02,9.979343684610272325e-01,4.441885491574157699e-03,5.818183702666811286e+00,-8.317928427916933265e-03,-3.916709214946068746e-03,9.999577348346246897e-01,5.918890733723343178e-01,0.000000000000000000e+00,0.000000000000000000e+00,0.000000000000000000e+00,1.000000000000000056e-01
9.983150074495044102e-01,-5.689443801654896216e-02,1.140915526570667089e-02,7.726155493047097877e+01,5.690152775423364118e-02,9.983797512132235319e-01,-2.975006824411960773e-04,5.810469586202263947e+00,-1.137374346159223358e-02,9.461977610114842650e-04,9.999348692137237649e-01,6.084821901250240250e-01,0.000000000000000000e+00,0.000000000000000000e+00,0.000000000000000000e+00,1.000000000000000056e-01
9.987989781167332382e-01,-4.681144614234886842e-02,1.446685256133558618e-02,7.781193100603817925e+01,4.690210146736436408e-02,9.988815200860434729e-01,-5.991803446392382666e-03,5.826121335968929671e+00,-1.417018669300122539e-02,6.663132946078194514e-03,9.998773967184318989e-01,6.121573125394019765e-01,0.000000000000000000e+00,0.000000000000000000e+00,0.000000000000000000e+00,1.000000000000000056e-01
9.993014579055478075e-01,-3.450442862351651985e-02,1.435411554960077697e-02,7.831551068911088009e+01,3.451207778115460145e-02,9.994042400379286040e-01,-2.854495363937664372e-04,5.862212462789901934e+00,-1.433571466911126406e-02,7.806404902042561817e-04,9.998969336313372480e-01,6.143722058354174065e-01,0.000000000000000000e+00,0.000000000000000000e+00,0.000000000000000000e+00,1.000000000000000056e-01
9.997562042307273078e-01,-1.561548570724816294e-02,1.561053196707434636e-02,7.882769011282928773e+01,1.558280190068694719e-02,9.998761314385303800e-01,2.213157121082195804e-03,5.876620301542088143e+00,-1.564315783632796303e-02,-1.969361735532079889e-03,9.998756988882480101e-01,6.156930431808861348e-01,0.000000000000000000e+00,0.000000000000000000e+00,0.000000000000000000e+00,1.000000000000000056e-01
9.999023172467791376e-01,8.377042209314925977e-04,1.395185350265997631e-02,7.932745092129023590e+01,-9.149798099992207008e-04,9.999842727384269381e-01,5.533270980764730569e-03,5.882642635103813689e+00,-1.394699883375436628e-02,-5.545496139888013952e-03,9.998873580039372433e-01,6.250867723274848853e-01,0.000000000000000000e+00,0.000000000000000000e+00,0.000000000000000000e+00,1.000000000000000056e-01
9.996454529313621995e-01,2.310325296230936881e-02,1.323662102695936232e-02,7.984969091746037861e+01,-2.316537516076010161e-02,9.997212504870223171e-01,4.559245367992461988e-03,5.870734103037666962e+00,-1.312759792624066182e-02,-4.864260192862359354e-03,9.999019977705130291e-01,6.357544274304366416e-01,0.000000000000000000e+00,0.000000000000000000e+00,0.000000000000000000e+00,1.000000000000000056e-01
9.987126721266141871e-01,4.856390487477450779e-02,1.464737782102576782e-02,8.035937276431636178e+01,-4.863951911349176371e-02,9.988046189585630952e-01,4.850806886255527341e-03,5.832742381093638073e+00,-1.439429449908173619e-02,-5.557003720830756659e-03,9.998809549118936602e-01,6.533987518238502101e-01,0.000000000000000000e+00,0.000000000000000000e+00,0.000000000000000000e+00,1.000000000000000056e-01
9.973301825412770327e-01,7.143171571258832842e-02,1.516631077549764062e-02,8.081637044354764043e+01,-7.153074398844444515e-02,9.974198038773690600e-01,6.089950549083338049e-03,5.836371260872428302e+00,-1.469216310291424424e-02,-7.158548986115944798e-03,9.998664388405936743e-01,6.476969124019882340e-01,0.000000000000000000e+00,0.000000000000000000e+00,0.000000000000000000e+00,1.000000000000000056e-01
9.944229607898695811e-01,1.043346176891474936e-01,1.540333098939492516e-02,8.130809015845250087e+01,-1.043588888864401404e-01,9.945393992570910058e-01,7.782260161829049772e-04,5.759915539129254469e+00,-1.523802363487677079e-02,-2.381360326379634157e-03,9.998810588058456572e-01,6.447870721510891023e-01,0.000000000000000000e+00,0.000000000000000000e+00,0.000000000000000000e+00,1.000000000000000056e-01
