1.000000000000000000e+00,-2.194596621939159188e-09,-1.906033576128494991e-09,5.707210987113687204e-14,2.194596621252529796e-09,1.000000000000000000e+00,-3.602397712902036954e-10,9.945532332709577156e-15,1.906033576919076170e-09,3.602397671072288859e-10,1.000000000000000000e+00,6.568505393818311564e-15,0.000000000000000000e+00,0.000000000000000000e+00,0.000000000000000000e+00,1.000000000000000056e-01
9.999475905487980043e-01,-1.009309582992368691e-02,-1.716266943531892086e-03,6.678035886712421210e-01,1.008703322845472088e-02,9.999429812400626449e-01,-3.505143275785403256e-03,1.864551590831080297e-02,1.751546831099165275e-03,3.487647531461630316e-03,9.999923841701969796e-01,1.149809943435015254e-02,0.000000000000000000e+00,0.000000000000000000e+00,0.000000000000000000e+00,1.000000000000000056e-01
9.998002812946840123e-01,-1.918500624444686303e-02,-5.597593989500613924e-03,1.362562066896158885e+00,1.916280254911826436e-02,9.998084003851668289e-01,-3.993684729342640051e-03,1.793697439806015564e-02,5.673140359119023708e-03,3.885621527428123872e-03,9.999763584324438126e-01,1.989076988263893675e-02,0.000000000000000000e+00,0.000000000000000000e+00,0.000000000000000000e+00,1.000000000000000056e-01
9.996373701100296216e-01,-2.527574598654537541e-02,-9.287892351193236667e-03,2.115645410208915056e+00,2.524406287199117832e-02,9.996751460238073594e-01,-3.512792620461491905e-03,3.127598218780674316e-02,9.373663596410699433e-03,3.277054638398236783e-03,9.999506964564194300e-01,2.255327899877816733e-02,0.000000000000000000e+00,0.000000000000000000e+00,0.000000000000000000e+00,1.000000000000000056e-01
9.993362674154402381e-01,-3.461421647740577784e-02,-1.135256120137898700e-02,2.868272290904411825e+00,3.458853979861425260e-02,9.993986333912626696e-01,-2.450406145154071947e-03,6.775544642267689044e-02,1.143055303891475985e-02,2.056111215820026570e-03,9.999325551575429794e-01,4.174666949538281130e-02,0.000000000000000000e+00,0.000000000000000000e+00,0.000000000000000000e+00,1.000000000000000056e-01
9.991067620973883567e-01,-4.029848389307243844e-02,-1.271652968354497482e-02,3.584184049991901322e+00,4.024074140517695103e-02,9.991786537818212466e-01,-4.764510248600166940e-03,1.004903503276659282e-01,1.289808754949263100e-02,4.248531824891945384e-03,9.999077904061446365e-01,5.593079205256430708e-02,0.000000000000000000e+00,0.000000000000000000e+00,0.000000000000000000e+00,1.000000000000000056e-01
9.988272862056217782e-01,-4.535584467806584585e-02,-1.693811337346032633e-02,4.320790116818736593e+00,4.528103880352569999e-02,9.989628788599153042e-01,-4.774325584188913660e-03,1.452495298190332185e-01,1.713709006764654527e-02,4.001751297795307083e-03,9.998451410746386214e-01,8.210657076287050660e-02,0.000000000000000000e+00,0.000000000000000000e+00,0.000000000000000000e+00,1.000000000000000056e-01
9.982477268102367685e-01,-5.562584131813248095e-02,-2.018023032190047888e-02,5.109937726650758627e+00,5.555208215068551530e-02,9.984469663202553136e-01,-4.197810691586098888e-03,1.795736347876391303e-01,2.038239649595929154e-02,3.069401167793560543e-03,9.997875457763777396e-01,1.035130299052862135e-01,0.000000000000000000e+00,0.000000000000000000e+00,0.000000000000000000e+00,1.000000000000000056e-01
9.977549993938560347e-01,-6.332060187898845560e-02,-2.180510404123529172e-02,5.893705245785732849e+00,6.323129760924738052e-02,9.979875398244077989e-01,-4.761654951462958481e-03,2.554234863041883186e-01,2.206273299519435904e-02,3.372200010178723860e-03,9.997509010147848096e-01,1.202476232385187860e-01,0.000000000000000000e+00,0.000000000000000000e+00,0.000000000000000000e+00,1.000000000000000056e-01
9.974559035860323108e-01,-6.832884735711357294e-02,-2.031967077046418005e-02,6.698474701853937674e+00,6.825061457645024976e-02,9.976579699866361395e-01,-4.519793367072174987e-03,3.246761583218614744e-01,2.058091376272245046e-02,3.121464558899819663e-03,9.997833177482503553e-01,1.551395081185728553e-01,0.000000000000000000e+00,0.000000000000000000e+00,0.000000000000000000e+00,1.000000000000000056e-01
9.970729383140120028e-01,-7.327063256148776127e-02,-2.183964482087327394e-02,7.506541677989473804e+00,7.315054983665990329e-02,9.973013349756152390e-01,-6.248544986640616403e-03,3.857095445060224059e-01,2.223854177901027004e-02,4.632673083132806541e-03,9.997419595073760989e-01,1.803425729494393670e-01,0.000000000000000000e+00,0.000000000000000000e+00,0.000000000000000000e+00,1.000000000000000056e-01
9.967585190514630655e-01,-7.711333263345546141e-02,-2.293444197045682587e-02,8.332257747663899039e+00,7.700069659744543382e-02,9.970144252560575460e-01,-5.755741033206794935e-03,4.623968456760389478e-01,2.330981385258912297e-02,3.971115900504078311e-03,9.997204023209000923e-01,2.114015985766651839e-01,0.000000000000000000e+00,0.000000000000000000e+00,0.000000000000000000e+00,1.000000000000000056e-01
9.960684177741309098e-01,-8.486713780497411042e-02,-2.540228402586896042e-02,9.187038287802050007e+00,8.473446069849670248e-02,9.963839251258236329e-01,-6.256590204901817109e-03,5.298811748184196757e-01,2.584140636796497872e-02,4.079543068615635454e-03,9.996577309485866758e-01,2.444113070262461107e-01,0.000000000000000000e+00,0.000000000000000000e+00,0.000000000000000000e+00,1.000000000000000056e-01
9.959564994395799786e-01,-8.531947134798469057e-02,-2.812897141664203252e-02,9.948670357942594578e+00,8.510654827048001747e-02,9.963340122665649279e-01,-8.683976179889149952e-03,6.108918898000798015e-01,2.876676320934111117e-02,6.254902853669697116e-03,9.995665808362886873e-01,2.848966986617087471e-01,0.000000000000000000e+00,0.000000000000000000e+00,0.000000000000000000e+00,1.000000000000000056e-01
9.958484749012642689e-01,-8.684171160012089941e-02,-2.728245156116833325e-02,1.071821216345069772e+01,8.671964199504518522e-02,9.962168568940961144e-01,-5.628297460085208634e-03,6.917238896375650370e-01,2.766800912746095187e-02,3.239007009784835179e-03,9.996119197491161179e-01,3.127261267099319397e-01,0.000000000000000000e+00,0.000000000000000000e+00,0.000000000000000000e+00,1.000000000000000056e-01
9.953201571450348561e-01,-9.225162976996165165e-02,-2.876493673848546512e-02,1.151903046220376048e+01,9.196892500909606416e-02,9.957010767769197690e-01,-1.100375108559349842e-02,8.065748865071659113e-01,2.965639245515894196e-02,8.306774949904607505e-03,9.995256354273647226e-01,3.372441834221483470e-01,0.000000000000000000e+00,0.000000000000000000e+00,0.000000000000000000e+00,1.000000000000000056e-01
9.948757370770778818e-01,-9.636188454588671959e-02,-3.060481958950753492e-02,1.236781533228882601e+01,9.608116733156564504e-02,9.953179336796643684e-01,-1.051761283975265887e-02,9.054547289213986661e-01,3.147502278863013175e-02,7.523171034108412647e-03,9.994762252490284604e-01,3.772528335988045711e-01,0.000000000000000000e+00,0.000000000000000000e+00,0.000000000000000000e+00,1.000000000000000056e-01
9.943641811644712281e-01,-9.984877560474758607e-02,-3.563842346882778456e-02,1.325424130947166468e+01,9.963629175326385590e-02,9.949941791553627013e-01,-7.693686541860807887e-03,1.011540948356571601e+00,3.622822908684904253e-02,4.099445959967043529e-03,9.993351339565982316e-01,4.284830679056217950e-01,0.000000000000000000e+00,0.000000000000000000e+00,0.000000000000000000e+00,1.000000000000000056e-01
9.943378647465370701e-01,-9.871740014133220664e-02,-3.933300955474180322e-02,1.416593445927464323e+01,9.869357169180731360e-02,9.951145999906317874e-01,-2.551821349349932353e-03,1.119871793426487905e+00,3.939276123872755692e-02,-1.344542606618212913e-03,9.992228993408666105e-01,4.723253812314527900e-01,0.000000000000000000e+00,0.000000000000000000e+00,0.000000000000000000e+00,1.000000000000000056e-01
9.920880624329282416e-01,-1.185995058486968567e-01,-4.117564317072774233e-02,1.506683780386440397e+01,1.184085717273558880e-01,9.929399034059115392e-01,-7.053960996958506813e-03,1.329395124033655895e+00,4.172153544113394591e-02,2.122601400148885816e-03,9.991270229774241729e-01,5.039277151123435772e-01,0.000000000000000000e+00,0.000000000000000000e+00,0.000000000000000000e+00,1.000000000000000056e-01
9.915420107288783758e-01,-1.236018394659915559e-01,-3.958568226462888529e-02,1.601533624743748518e+01,1.233842925172584232e-01,9.923275058861927844e-01,-7.901735360261164659e-03,1.469671596046854711e+00,4.025863037596422167e-02,2.950651167326617287e-03,9.991849360043115746e-01,5.547906191192167880e-01,0.000000000000000000e+00,0.000000000000000000e+00,0.000000000000000000e+00,1.000000000000000056e-01
9.910758281386712332e-01,-1.272318847902753902e-01,-3.975865153600102730e-02,1.693181211395623720e+01,1.269878870514965785e-01,9.918668671794351743e-01,-8.613613286486319909e-03,1.594276990942917971e+00,4.053121539558639241e-02,3.487876770597179814e-03,9.991721850082645462e-01,6.006234924621088878e-01,0.000000000000000000e+00,0.000000000000000000e+00,0.000000000000000000e+00,1.000000000000000056e-01
9.904720670696827156e-01,-1.315339426510667153e-01,-4.079100740820075510e-02,1.779393844543627168e+01,1.312525658998462408e-01,9.913033198502865240e-01,-9.512728236792333814e-03,1.740766305259546787e+00,4.168750771414046763e-02,4.068167212201856051e-03,9.991224157810277839e-01,6.566816649926671134e-01,0.000000000000000000e+00,0.000000000000000000e+00,0.000000000000000000e+00,1.000000000000000056e-01
9.902337559516568577e-01,-1.326532090916510975e-01,-4.289795672944435312e-02,1.869484435446020854e+01,1.323085319779481461e-01,9.911498601658847996e-01,-1.078921030415172858e-02,1.854804671598589749e+00,4.394952718420137849e-02,5.008074563506159649e-03,9.990212001001037567e-01,6.879361582732598235e-01,0.000000000000000000e+00,0.000000000000000000e+00,0.000000000000000000e+00,1.000000000000000056e-01
9.898578404735510761e-01,-1.355158646389749977e-01,-4.262518133907255979e-02,1.961322540233312495e+01,1.351010464019225810e-01,9.907532304622432839e-01,-1.247972714984894524e-02,1.978677348760700783e+00,4.392223712589533868e-02,6.594449164268215841e-03,9.990131882643373817e-01,7.472572609553652656e-01,0.000000000000000000e+00,0.000000000000000000e+00,0.000000000000000000e+00,1.000000000000000056e-01
9.878921402391864781e-01,-1.494876466338685428e-01,-4.150376799167987407e-02,2.053208416788761070e+01,1.490729677877584702e-01,9.887416555652143169e-01,-1.293015178213468772e-02,2.145433904571941053e+00,4.296940223681813831e-02,6.586505448776272531e-03,9.990546773912746259e-01,7.895302651258861992e-01,0.000000000000000000e+00,0.000000000000000000e+00,0.000000000000000000e+00,1.000000000000000056e-01
9.878992008477252007e-01,-1.497185092595882672e-01,-4.049119595063116472e-02,2.144657552495793240e+01,1.492929042994346200e-01,9.887028194281417548e-01,-1.335528287544869228e-02,2.284860473232884548e+00,4.203329264125867104e-02,7.148625037723842744e-03,9.990906362636997606e-01,8.341844754023650665e-01,0.000000000000000000e+00,0.000000000000000000e+00,0.000000000000000000e+00,1.000000000000000056e-01
9.878270303905962724e-01,-1.510358450573726918e-01,-3.722810144905686069e-02,2.239723138760131249e+01,1.506536695164089890e-01,9.885026698105983112e-01,-1.288191129296260493e-02,2.452330869349039322e+00,3.874570803245923345e-02,7.116550085852776410e-03,9.992237611385844653e-01,8.809441194501214101e-01,0.000000000000000000e+00,0.000000000000000000e+00,0.000000000000000000e+00,1.000000000000000056e-01
9.876535542781489374e-01,-1.522237001603036211e-01,-3.699191575527621678e-02,2.335810581534687813e+01,1.518537548894597911e-01,9.883222869476349093e-01,-1.262910323691194062e-02,2.611401410497745879e+00,3.848238360225804400e-02,6.855817391288494822e-03,9.992357599286496583e-01,9.331167360360338447e-01,0.000000000000000000e+00,0.000000000000000000e+00,0.000000000000000000e+00,1.000000000000000056e-01
9.878182222003403234e-01,-1.511661847336536191e-01,-3.693161900093133720e-02,2.429691496544422691e+01,1.507271934418593640e-01,9.884703509902601493e-01,-1.441105028553887023e-02,2.753081673035175037e+00,3.868427388615890139e-02,8.668898791826288100e-03,9.992138795811623675e-01,9.826809763976597223e-01,0.000000000000000000e+00,0.000000000000000000e+00,0.000000000000000000e+00,1.000000000000000056e-01
9.877064654124926291e-01,-1.511467571686314348e-01,-3.988227651184567818e-02,2.524709212528003022e+01,1.506434875606233181e-01,9.884689245598227147e-01,-1.535333302966934189e-02,2.909451219231271590e+00,4.174299747182613068e-02,9.156581073434021459e-03,9.990864222804315409e-01,1.032433857979404790e+00,0.000000000000000000e+00,0.000000000000000000e+00,0.000000000000000000e+00,1.000000000000000056e-01
9.880061828871723462e-01,-1.481699091659585410e-01,-4.346792604289923673e-02,2.619881298422798821e+01,1.475945756099606709e-01,9.889156390115940720e-01,-1.617714958842029691e-02,3.059136030158430941e+00,4.538307864430276423e-02,9.567493717903059747e-03,9.989238405587900216e-01,1.079698780148293569e+00,0.000000000000000000e+00,0.000000000000000000e+00,0.000000000000000000e+00,1.000000000000000056e-01
9.875785562763813585e-01,-1.489918380996771152e-01,-4.990017397502514301e-02,2.716409469786272979e+01,1.483953281465643370e-01,9.888070556801750177e-01,-1.547362987074226391e-02,3.211372087487529114e+00,5.164708866268907100e-02,7.876472356508229869e-03,9.986343371904881083e-01,1.144368540362857622e+00,0.000000000000000000e+00,0.000000000000000000e+00,0.000000000000000000e+00,1.000000000000000056e-01
9.872727856668809254e-01,-1.517948088534332163e-01,-4.744241442745796705e-02,2.812002450152338540e+01,1.510209820690741611e-01,9.883379821754642025e-01,-1.951143162928529323e-02,3.333350388250445384e+00,4.985087417939012416e-02,1.209830543843066868e-02,9.986833939487874678e-01,1.213941378798507609e+00,0.000000000000000000e+00,0.000000000000000000e+00,0.000000000000000000e+00,1.000000000000000056e-01
9.873164626536740096e-01,-1.529578003180527279e-01,-4.254543330251897570e-02,2.911885689158520663e+01,1.522998366557589689e-01,9.881645685263463763e-01,-1.831789463254100692e-02,3.486093818057317772e+00,4.484375461160144960e-02,1.160589638944098043e-02,9.989265943207898957e-01,1.288551026046308889e+00,0.000000000000000000e+00,0.000000000000000000e+00,0.000000000000000000e+00,1.000000000000000056e-01
9.875378348739390910e-01,-1.518312486032689645e-01,-4.142821067901529541e-02,3.006406932923298214e+01,1.510043314692198213e-01,9.882786746460054950e-01,-2.242661627327884044e-02,3.613014017834932812e+00,4.434767829353104818e-02,1.589129282051173625e-02,9.988897588034758579e-01,1.338297714191978960e+00,0.000000000000000000e+00,0.000000000000000000e+00,0.000000000000000000e+00,1.000000000000000056e-01
9.869050707207535078e-01,-1.553626635407761858e-01,-4.336846968916613365e-02,3.099284201396106653e+01,1.541425425757371459e-01,9.875867488520129189e-01,-3.020745040876864768e-02,3.745367924750579114e+00,4.752323593729285145e-02,2.312695979645262162e-02,9.986023661981888733e-01,1.401710470905195960e+00,0.000000000000000000e+00,0.000000000000000000e+00,0.000000000000000000e+00,1.000000000000000056e-01
9.864880240542532874e-01,-1.570916684749774084e-01,-4.651436437577961824e-02,3.195445155238086343e+01,1.557455562052206810e-01,9.873013306003101119e-01,-3.129543604399230572e-02,3.895704681611249054e+00,5.083994610403758108e-02,2.362816731371612800e-02,9.984272680518764265e-01,1.452870497225102753e+00,0.000000000000000000e+00,0.000000000000000000e+00,0.000000000000000000e+00,1.000000000000000056e-01
9.861297093354712828e-01,-1.582071884546364382e-01,-5.018647115725588526e-02,3.292971117175209628e+01,1.567735572112030629e-01,9.871370326520453320e-01,-3.134534297563890820e-02,4.050395115507645194e+00,5.449998280077315849e-02,2.304266235038700955e-02,9.982478587938575787e-01,1.503699902959866996e+00,0.000000000000000000e+00,0.000000000000000000e+00,0.000000000000000000e+00,1.000000000000000056e-01
9.861104557105826451e-01,-1.576415611187967636e-01,-5.230016583430400351e-02,3.389108311739605739e+01,1.560907891834901473e-01,9.872064688000614652e-01,-3.254310205540637824e-02,4.209255555249674430e+00,5.676120744260345491e-02,2.392751903858886600e-02,9.981010165120139943e-01,1.562655134376953026e+00,0.000000000000000000e+00,0.000000000000000000e+00,0.000000000000000000e+00,1.000000000000000056e-01
9.854543513990717818e-01,-1.621422539315837685e-01,-5.088821866228449009e-02,3.484638270493843493e+01,1.605761803128456511e-01,9.864543313405367275e-01,-3.351331818294216169e-02,4.358289416498391411e+00,5.563282866052343678e-02,2.485440945748747243e-02,9.981418970796428480e-01,1.636610690761034714e+00,0.000000000000000000e+00,0.000000000000000000e+00,0.000000000000000000e+00,1.000000000000000056e-01
9.849166846944502618e-01,-1.649093614982266864e-01,-5.238345827396239524e-02,3.583006947813577625e+01,1.632598851634853576e-01,9.859840998751969732e-01,-3.437389546884581093e-02,4.545109110778953188e+00,5.731783410857690247e-02,2.530330578293587748e-02,9.980352742311049408e-01,1.697697742736385518e+00,0.000000000000000000e+00,0.000000000000000000e+00,0.000000000000000000e+00,1.000000000000000056e-01
9.845406367113245238e-01,-1.672938921739777207e-01,-5.188919256782807687e-02,3.680645710054044883e+01,1.655808918414155007e-01,9.855480171846859871e-01,-3.575016196236494026e-02,4.702067178179208717e+00,5.712007458907142343e-02,2.660562843864783603e-02,9.980127442143830185e-01,1.776213681245256915e+00,0.000000000000000000e+00,0.000000000000000000e+00,0.000000000000000000e+00,1.000000000000000056e-01
9.842975904156275879e-01,-1.687946694302406847e-01,-5.163925903733633527e-02,3.780583711193128948e+01,1.670842273895125074e-01,9.852906759391782954e-01,-3.584891720773054208e-02,4.874397569499069327e+00,5.693078657140639154e-02,2.665789712735825573e-02,9.980221651151381934e-01,1.844216495377682064e+00,0.000000000000000000e+00,0.000000000000000000e+00,0.000000000000000000e+00,1.000000000000000056e-01
9.844081971477049997e-01,-1.689983719904806225e-01,-4.878577305908323586e-02,3.878088306094922899e+01,1.674254054747748577e-01,9.852726851546416142e-01,-3.473426967376273822e-02,5.040732718609882923e+00,5.393732464641213392e-02,2.602472195297362428e-02,9.982051286470421392e-01,1.922569658158897132e+00,0.000000000000000000e+00,0.000000000000000000e+00,0.000000000000000000e+00,1.000000000000000056e-01
9.841377676377132122e-01,-1.705436233635208021e-01,-4.886437187870041471e-02,3.977894963452904165e+01,1.691687418381761510e-01,9.850981273765169188e-01,-3.104216848366412804e-02,5.230579775430322265e+00,5.343024512340247695e-02,2.228344608271448993e-02,9.983229221733476155e-01,1.981866448345291909e+00,0.000000000000000000e+00,0.000000000000000000e+00,0.000000000000000000e+00,1.000000000000000056e-01
9.831354784890182774e-01,-1.747983384982673416e-01,-5.376031802746490673e-02,4.077683651740044013e+01,1.730475307366395044e-01,9.842664392413216223e-01,-3.569493926541324885e-02,5.423717902215897446e+00,5.915389287376471295e-02,2.578987090806925814e-02,9.979156775581914385e-01,2.067361939273589133e+00,0.000000000000000000e+00,0.000000000000000000e+00,0.000000000000000000e+00,1.000000000000000056e-01
9.829683172452486906e-01,-1.754843939945436027e-01,-5.457577078165601336e-02,4.179452123647701001e+01,1.739115174789135632e-01,9.842287298393793682e-01,-3.238196175254989817e-02,5.600534675669848639e+00,5.939757049093510877e-02,2.233908733878482711e-02,9.979844156081018047e-01,2.158537862565723220e+00,0.000000000000000000e+00,0.000000000000000000e+00,0.000000000000000000e+00,1.000000000000000056e-01
9.822025777985196049e-01,-1.786554439089119151e-01,-5.796834073572162960e-02,4.281072242526819593e+01,1.769149689541885673e-01,9.836413135766286508e-01,-3.392432733574760051e-02,5.782772925105562400e+00,6.308082058662203839e-02,2.306509455766606043e-02,9.977418561367284999e-01,2.238249367865941419e+00,0.000000000000000000e+00,0.000000000000000000e+00,0.000000000000000000e+00,1.000000000000000056e-01
9.829438145215250167e-01,-1.737928558064431028e-01,-6.014566289030972429e-02,4.381672860273793191e+01,1.719569632933722891e-01,9.845001355376352681e-01,-3.450052030476569859e-02,5.909168167222725643e+00,6.520935721808425456e-02,2.356960748545918610e-02,9.975932103488804881e-01,2.321579784714729033e+00,0.000000000000000000e+00,0.000000000000000000e+00,0.000000000000000000e+00,1.000000000000000056e-01
9.826184554443750940e-01,-1.765387003576723846e-01,-5.740259833957615104e-02,4.480896255748455559e+01,1.746203558372335651e-01,9.839436478438187139e-01,-3.691380764805015507e-02,6.095821351284809175e+00,6.299763763339596978e-02,2.624852650765922141e-02,9.976684381640966714e-01,2.416048767619159765e+00,0.000000000000000000e+00,0.000000000000000000e+00,0.000000000000000000e+00,1.000000000000000056e-01
9.826220055804935072e-01,-1.768039092629073994e-01,-5.651877403414078127e-02,4.578833920216082731e+01,1.749429910815134548e-01,9.839065227697693095e-01,-3.637175171138971874e-02,6.258371437916444791e+00,6.203985832045533222e-02,2.585212023132874362e-02,9.977388054291176367e-01,2.490768847343038495e+00,0.000000000000000000e+00,0.000000000000000000e+00,0.000000000000000000e+00,1.000000000000000056e-01
9.816224112265828916e-01,-1.810385048997808222e-01,-6.035314011185758526e-02,4.670519251235312908e+01,1.791797394721482417e-01,9.831953463439652152e-01,-3.495042045903635347e-02,6.436957190336971557e+00,6.566629836074633353e-02,2.349405608281345328e-02,9.975650187272883107e-01,2.576284394740505412e+00,0.000000000000000000e+00,0.000000000000000000e+00,0.000000000000000000e+00,1.000000000000000056e-01
9.814597564430371790e-01,-1.799926102813608764e-01,-6.587417344359021432e-02,4.766626558217780740e+01,1.779448742166508945e-01,9.833896669605771690e-01,-3.578246295583229625e-02,6.600555361683349886e+00,7.122056039371181535e-02,2.339707587001766537e-02,9.971861454201709218e-01,2.636983438840265759e+00,0.000000000000000000e+00,0.000000000000000000e+00,0.000000000000000000e+00,1.000000000000000056e-01
9.813811449003999599e-01,-1.805135371534715982e-01,-6.561944329482226335e-02,4.861727892083432323e+01,1.782317344511051005e-01,9.832092140479375963e-01,-3.915469634395916942e-02,6.778079002602922287e+00,7.158559400138357620e-02,2.673021353411004011e-02,9.970762249777546105e-01,2.723288254519399043e+00,0.000000000000000000e+00,0.000000000000000000e+00,0.000000000000000000e+00,1.000000000000000056e-01
9.819086986422732588e-01,-1.783465163871680303e-01,-6.362254021334814991e-02,4.958710791835432019e+01,1.761074387273032227e-01,9.835876180267193458e-01,-3.926280287286643828e-02,6.982101429602031395e+00,6.958072689722810678e-02,2.734808507164679728e-02,9.972013862241504434e-01,2.811496137601412482e+00,0.000000000000000000e+00,0.000000000000000000e+00,0.000000000000000000e+00,1.000000000000000056e-01
9.828004653622255393e-01,-1.737769229232151713e-01,-6.248860970714462115e-02,5.058404690692957928e+01,1.715575209320933658e-01,9.843889837946998567e-01,-3.932360099574468137e-02,7.169597644844408535e+00,6.834663338766050478e-02,2.792686239048547403e-02,9.972706894627935137e-01,2.911229008612007174e+00,0.000000000000000000e+00,0.000000000000000000e+00,0.000000000000000000e+00,1.000000000000000056e-01
9.827023478698410086e-01,-1.745735977076786072e-01,-6.180739821817170937e-02,5.151720217470612795e+01,1.720094599063810570e-01,9.840821755132076465e-01,-4.466561921553736242e-02,7.350650762755993384e+00,6.862099674164715002e-02,3.326155168644252119e-02,9.970881746293017711e-01,2.991131851440439249e+00,0.000000000000000000e+00,0.000000000000000000e+00,0.000000000000000000e+00,1.000000000000000056e-01
9.831934856491743036e-01,-1.716519101888873966e-01,-6.217870620665025966e-02,5.245389473214691378e+01,1.690689454250111357e-01,9.845901379381890584e-01,-4.469845598823797561e-02,7.519068301824537670e+00,6.889311627369887336e-02,3.343474245996196081e-02,9.970636170910733842e-01,3.068927932841829520e+00,0.000000000000000000e+00,0.000000000000000000e+00,0.000000000000000000e+00,1.000000000000000056e-01
9.834145634587885265e-01,-1.710043497234101373e-01,-6.044260709825457351e-02,5.343522423153217460e+01,1.683681926200276957e-01,9.846342507842001934e-01,-4.634160006411125465e-02,7.691034319941647546e+00,6.743847633973935884e-02,3.539639188265415737e-02,9.970953551946092341e-01,3.164721273739539154e+00,0.000000000000000000e+00,0.000000000000000000e+00,0.000000000000000000e+00,1.000000000000000056e-01
9.820177323104485323e-01,-1.791493149850536815e-01,-5.955414652423707961e-02,5.440088764694767320e+01,1.764043576864002538e-01,9.831185260971619932e-01,-4.857433719354688206e-02,7.868654232568518481e+00,6.725084398795931617e-02,3.719524949412017500e-02,9.970425454302225265e-01,3.241171020796729696e+00,0.000000000000000000e+00,0.000000000000000000e+00,0.000000000000000000e+00,1.000000000000000056e-01
9.822489920254505735e-01,-1.793410179854437458e-01,-5.498833451679609186e-02,5.531915335333019357e+01,1.767271395606158924e-01,9.830278584413553178e-01,-4.923157189167726849e-02,8.032040509737610634e+00,6.288430493937988142e-02,3.863973079807284799e-02,9.972725482014149767e-01,3.320591316058579157e+00,0.000000000000000000e+00,0.000000000000000000e+00,0.000000000000000000e+00,1.000000000000000056e-01
9.822601834753535988e-01,-1.806627762808666049e-01,-5.025826524517373189e-02,5.623663094555361397e+01,1.782474799626131701e-01,9.827640716813198507e-01,-4.901647987495062059e-02,8.220581265346215361e+00,5.824747072571050815e-02,3.918852738804016328e-02,9.975327019577926446e-01,3.406588336096557867e+00,0.000000000000000000e+00,0.000000000000000000e+00,0.000000000000000000e+00,1.000000000000000056e-01
9.823216352134798157e-01,-1.812049148689171552e-01,-4.699982785993604001e-02,5.714642404397378073e+01,1.793403297949658359e-01,9.829206409341190165e-01,-4.128025841360072334e-02,8.400028912079779531e+00,5.367728663548500950e-02,3.212152631817571935e-02,9.980415604805457086e-01,3.490820814329054667e+00,0.000000000000000000e+00,0.000000000000000000e+00,0.000000000000000000e+00,1.000000000000000056e-01
9.815597799687175717e-01,-1.846876346790501944e-01,-4.930391408823910082e-02,5.800449819208999713e+01,1.828115010824424846e-01,9.823250567448027493e-01,-4.021738384460486759e-02,8.573199427340611578e+00,5.586012369970987101e-02,3.046244389371703665e-02,9.979737902832294116e-01,3.575496246073356144e+00,0.000000000000000000e+00,0.000000000000000000e+00,0.000000000000000000e+00,1.000000000000000056e-01
9.810736971801283790e-01,-1.857441386046849441e-01,-5.471303021509042741e-02,5.891143104065434244e+01,1.837395434503313607e-01,9.821737700498034407e-01,-3.967953627274035944e-02,8.771656017903774583e+00,6.110794444241768320e-02,2.887560216098549251e-02,9.977133950819057073e-01,3.641762822916244868e+00,0.000000000000000000e+00,0.000000000000000000e+00,0.000000000000000000e+00,1.000000000000000056e-01
9.804603405704341856e-01,-1.870424919921223061e-01,-6.093132821369491581e-02,5.988169150120496198e+01,1.848994466196328124e-01,9.819776479954188675e-01,-3.914196567801385418e-02,8.953193862431094274e+00,6.715441317040686531e-02,2.711097613075029791e-02,9.973741924498428224e-01,3.716793705960727223e+00,0.000000000000000000e+00,0.000000000000000000e+00,0.000000000000000000e+00,1.000000000000000056e-01
9.810305975762801944e-01,-1.841961654557188466e-01,-6.042134763919189411e-02,6.079051704360210096e+01,1.822675536859942602e-01,9.825875043900010875e-01,-3.606015931679697889e-02,9.161333814743384707e+00,6.601140426055056298e-02,2.436326841864667678e-02,9.975213910786631111e-01,3.792958573149069146e+00,0.000000000000000000e+00,0.000000000000000000e+00,0.000000000000000000e+00,1.000000000000000056e-01
9.806735597029008211e-01,-1.871081559028520414e-01,-5.718310322354820674e-02,6.172637727836374921e+01,1.853547804562533929e-01,9.820618974416620572e-01,-3.461264155329106529e-02,9.361985545099789974e+00,6.263365438528288587e-02,2.334454085897844436e-02,9.977635279716473571e-01,3.872159610793731055e+00,0.000000000000000000e+00,0.000000000000000000e+00,0.000000000000000000e+00,1.000000000000000056e-01
9.800210701717317896e-01,-1.907611340901641805e-01,-5.629291021157152575e-02,6.261386154584887009e+01,1.889359943410126863e-01,9.813225064380967089e-01,-3.618464315734626346e-02,9.554436960598243544e+00,6.214412330885736579e-02,2.482595574567210764e-02,9.977583774940140815e-01,3.952757312173095894e+00,0.000000000000000000e+00,0.000000000000000000e+00,0.000000000000000000e+00,1.000000000000000056e-01
9.794009441417264039e-01,-1.942624423502363473e-01,-5.509894832404640952e-02,6.344074692673770954e+01,1.925473920057328148e-01,9.806653169268354509e-01,-3.494335428347020850e-02,9.723138617021035657e+00,6.082180896755282062e-02,2.361439537465578192e-02,9.978692639243900153e-01,4.020113798352227263e+00,0.000000000000000000e+00,0.000000000000000000e+00,0.000000000000000000e+00,1.000000000000000056e-01
9.785944460036128945e-01,-1.983418552418178549e-01,-5.489461458208542283e-02,6.426775259775921256e+01,1.966314385597482395e-01,9.798514071150777882e-01,-3.503280383477959392e-02,9.878761151108243155e+00,6.073703664820912645e-02,2.348890022619099655e-02,9.978773892344480201e-01,4.081592490705745924e+00,0.000000000000000000e+00,0.000000000000000000e+00,0.000000000000000000e+00,1.000000000000000056e-01
9.780178620951429647e-01,-2.012210352951001036e-01,-5.469146530871165507e-02,6.507507499371391191e+01,1.996186386911154020e-01,9.793046348184178962e-01,-3.338908968916607517e-02,1.003974824874051919e+01,6.027819265664698806e-02,2.173769026215380262e-02,9.979448944265985055e-01,4.145375025132024938e+00,0.000000000000000000e+00,0.000000000000000000e+00,0.000000000000000000e+00,1.000000000000000056e-01
9.773525351423594243e-01,-2.039372435663807936e-01,-5.649444873038223652e-02,6.587278428191298474e+01,2.021710744446210406e-01,9.787084365543600173e-01,-3.544930006682517343e-02,1.020599510374829677e+01,6.252102613289868549e-02,2.322491988935586338e-02,9.977733832827083704e-01,4.217570793111419469e+00,0.000000000000000000e+00,0.000000000000000000e+00,0.000000000000000000e+00,1.000000000000000056e-01
9.765043097887536883e-01,-2.082325108916942558e-01,-5.548472196677418228e-02,6.662975675437790812e+01,2.065431043184228765e-01,9.778226855989005095e-01,-3.468056497035344743e-02,1.036078547623661450e+01,6.147584096617867561e-02,2.240573444219689722e-02,9.978570559161301645e-01,4.284667072089868078e+00,0.000000000000000000e+00,0.000000000000000000e+00,0.000000000000000000e+00,1.000000000000000056e-01
9.757220457935410485e-01,-2.126526189835558911e-01,-5.239611619100748713e-02,6.741843026011194695e+01,2.110381396395582809e-01,9.768620177826953244e-01,-3.469152390707687383e-02,1.053146531906198824e+01,5.856101920169465985e-02,2.279170579302022825e-02,9.980236195487074413e-01,4.355752420136572489e+00,0.000000000000000000e+00,0.000000000000000000e+00,0.000000000000000000e+00,1.000000000000000056e-01
9.717034552995030827e-01,-2.305211796967150950e-01,-5.150126862749584283e-02,6.822548731053721838e+01,2.291818931154482875e-01,9.729015174975451652e-01,-3.063163591767717464e-02,1.074023631106173404e+01,5.716690324852263111e-02,1.796170822078652779e-02,9.982030465845941336e-01,4.421696774247134698e+00,0.000000000000000000e+00,0.000000000000000000e+00,0.000000000000000000e+00,1.000000000000000056e-01
9.708091159209044640e-01,-2.347033994143656321e-01,-4.943657298208044282e-02,6.896250843869160008e+01,2.334632979238454031e-01,9.719149104669649875e-01,-2.960228596769536383e-02,1.090299918623803954e+01,5.499589955072657632e-02,1.719654370308676058e-02,9.983384846419947056e-01,4.490337887227490832e+00,0.000000000000000000e+00,0.000000000000000000e+00,0.000000000000000000e+00,1.000000000000000056e-01
9.705891649982542058e-01,-2.348434622854390641e-01,-5.296433715038076362e-02,6.963759653643194270e+01,2.337171106097063467e-01,9.719398955971155774e-01,-2.662989964153948327e-02,1.107595550969034193e+01,5.773201015244440459e-02,1.346802021292379734e-02,9.982412671470271004e-01,4.546130202589810487e+00,0.000000000000000000e+00,0.000000000000000000e+00,0.000000000000000000e+00,1.000000000000000056e-01
9.696050822403523561e-01,-2.380263239401027298e-01,-5.665203972709938890e-02,7.030251556882819841e+01,2.367407809068531044e-01,9.711544070861043432e-01,-2.851175639715317414e-02,1.125856368723207268e+01,6.180442661567970425e-02,1.423329578131901987e-02,9.979867865567703111e-01,4.598968889020602191e+00,0.000000000000000000e+00,0.000000000000000000e+00,0.000000000000000000e+00,1.000000000000000056e-01
9.683948046961353695e-01,-2.415752872681312668e-01,-6.207159429927371075e-02,7.102310076487640345e+01,2.399993220800867855e-01,9.702516281883775129e-01,-3.181357255797037653e-02,1.144479175522598347e+01,6.791043836283595925e-02,1.591095783170618297e-02,9.975645411612449331e-01,4.659390567295166541e+00,0.000000000000000000e+00,0.000000000000000000e+00,0.000000000000000000e+00,1.000000000000000056e-01
9.668106199785936328e-01,-2.472852642482188390e-01,-6.424346801267838414e-02,7.173912010354159463e+01,2.456822498009941791e-01,9.688259893819705093e-01,-3.188156882538673020e-02,1.163121842488521374e+01,7.012458363034565489e-02,1.503995956558931181e-02,9.974248555088930379e-01,4.717993905124308718e+00,0.000000000000000000e+00,0.000000000000000000e+00,0.000000000000000000e+00,1.000000000000000056e-01
9.664999296288344643e-01,-2.492167771045864233e-01,-6.139123746155412259e-02,7.240864054895003221e+01,2.477386264672530591e-01,9.683391892228294662e-01,-3.073739695211981718e-02,1.179689355184216026e+01,6.710781611389915469e-02,1.449871114534696456e-02,9.976403802931930187e-01,4.790555474135466341e+00,0.000000000000000000e+00,0.000000000000000000e+00,0.000000000000000000e+00,1.000000000000000056e-01
9.648471069487744023e-01,-2.562604076192842584e-01,-5.831520984596141183e-02,7.297604727511115641e+01,2.547492250922516188e-01,9.664726770372871201e-01,-3.214649055926759730e-02,1.195776104043016907e+01,6.459792974606487492e-02,1.616069389531472195e-02,9.977805066473008910e-01,4.838733581099869951e+00,0.000000000000000000e+00,0.000000000000000000e+00,0.000000000000000000e+00,1.000000000000000056e-01
9.651441063385749475e-01,-2.543734899567662855e-01,-6.157094775239710382e-02,7.350812744161768819e+01,2.526014911616107361e-01,9.669313475382040890e-01,-3.516042961744622608e-02,1.208113374701004794e+01,6.847876066959873720e-02,1.838196820712136720e-02,9.974832141855762835e-01,4.889359406219623949e+00,0.000000000000000000e+00,0.000000000000000000e+00,0.000000000000000000e+00,1.000000000000000056e-01
9.641758338224586389e-01,-2.579899581144421972e-01,-6.169394609582913580e-02,7.413008058340587070e+01,2.556565542163880544e-01,9.657994456496470370e-01,-4.325687308437220491e-02,1.223506403420142874e+01,7.074381781448992046e-02,2.593476999980556807e-02,9.971573095284852473e-01,4.953983605861245643e+00,0.000000000000000000e+00,0.000000000000000000e+00,0.000000000000000000e+00,1.000000000000000056e-01
9.637815193194051444e-01,-2.580269469476871858e-01,-6.743350552384544394e-02,7.471563962470207798e+01,2.551377217848276868e-01,9.656839053858253807e-01,-4.857301515479713061e-02,1.238130705018444111e+01,7.765259777255972828e-02,2.960894337249635189e-02,9.965407089183749845e-01,5.010779318089498169e+00,0.000000000000000000e+00,0.000000000000000000e+00,0.000000000000000000e+00,1.000000000000000056e-01
9.646362207230885222e-01,-2.547960932596835537e-01,-6.749750016614985970e-02,7.529156427181489164e+01,2.521593804670175798e-01,9.666292355662353675e-01,-4.520583802038478233e-02,1.251333970747107749e+01,7.676332790836140618e-02,2.658706091763531759e-02,9.966947976588396152e-01,5.074312965254791585e+00,0.000000000000000000e+00,0.000000000000000000e+00,0.000000000000000000e+00,1.000000000000000056e-01
9.647506055010324211e-01,-2.551144487504661829e-01,-6.459788869721048987e-02,7.586074882152475141e+01,2.525382675627011464e-01,9.665185557650797232e-01,-4.545662524004692034e-02,1.268054792059243496e+01,7.403169997927235013e-02,2.754086782456704324e-02,9.968755228200002483e-01,5.115505495293994898e+00,0.000000000000000000e+00,0.000000000000000000e+00,0.000000000000000000e+00,1.000000000000000056e-01
9.653422083352060090e-01,-2.533195128519079575e-01,-6.279844914470299189e-02,7.644413654358422150e+01,2.505984765740338349e-01,9.668957114299145950e-01,-4.809456057822807107e-02,1.280710448656685507e+01,7.290284181896621030e-02,3.069051363062351781e-02,9.968667253087583058e-01,5.169066937213839807e+00,0.000000000000000000e+00,0.000000000000000000e+00,0.000000000000000000e+00,1.000000000000000056e-01
9.659622462229985329e-01,-2.521104249590932489e-01,-5.794197527496457861e-02,7.703647650083297549e+01,2.492485477070754407e-01,9.670245197499793832e-01,-5.233296922816038643e-02,1.294170186015898238e+01,6.922499792512046279e-02,3.610971931858868167e-02,9.969473345332739989e-01,5.230390718446225939e+00,0.000000000000000000e+00,0.000000000000000000e+00,0.000000000000000000e+00,1.000000000000000056e-01
9.676715352345421906e-01,-2.462522083162304309e-01,-5.451284065432673159e-02,7.760913593586047909e+01,2.434579140982714718e-01,9.684546475769044704e-01,-5.313981228431617632e-02,1.305708216646300102e+01,6.587901000882476210e-02,3.815030125796578520e-02,9.970980446045332179e-01,5.301521255834111379e+00,0.000000000000000000e+00,0.000000000000000000e+00,0.000000000000000000e+00,1.000000000000000056e-01
9.698191741030878221e-01,-2.380194434031029371e-01,-5.289153149684396732e-02,7.810771576898626734e+01,2.354790102200419732e-01,9.705898594808644031e-01,-5.004957960567910091e-02,1.320397530580301115e+01,6.324875720355252473e-02,3.608419647148745912e-02,9.973452388602520591e-01,5.355805467586617574e+00,0.000000000000000000e+00,0.000000000000000000e+00,0.000000000000000000e+00,1.000000000000000056e-01
9.728671576954001088e-01,-2.249875965515291676e-01,-5.394510983990887659e-02,7.861131204983659870e+01,2.224997418336737698e-01,9.737278056906704116e-01,-4.845642690893101068e-02,1.331540781866593193e+01,6.342994845987189045e-02,3.513889330639771713e-02,9.973674848397553472e-01,5.399411129920702379e+00,0.000000000000000000e+00,0.000000000000000000e+00,0.000000000000000000e+00,1.000000000000000056e-01
9.768506156969721799e-01,-2.070601992781633816e-01,-5.374893940659255381e-02,7.907945772911929794e+01,2.051473646641342463e-01,9.779532705725046959e-01,-3.901229739328499618e-02,1.342828147398663852e+01,6.064184515503313194e-02,2.708273345562913631e-02,9.977921086903646097e-01,5.441241852147441271e+00,0.000000000000000000e+00,0.000000000000000000e+00,0.000000000000000000e+00,1.000000000000000056e-01
9.813239364194780157e-01,-1.853615820050016350e-01,-5.142388284428990597e-02,7.956256698586646792e+01,1.833478474359520605e-01,9.821723166322271492e-01,-4.148623002740727678e-02,1.350532832864983313e+01,5.819706737270408103e-02,3.128297233140012873e-02,9.978148510577149466e-01,5.490579202847438722e+00,0.000000000000000000e+00,0.000000000000000000e+00,0.000000000000000000e+00,1.000000000000000056e-01
9.850361745425775251e-01,-1.646127800978264277e-01,-5.105259514451176983e-02,8.011636434339226298e+01,1.625785202858558987e-01,9.858118771839472494e-01,-4.175125800168879436e-02,1.365256771379410949e+01,5.720104530676282939e-02,3.282644408897612137e-02,9.978228625283582787e-01,5.545887916896446335e+00,0.000000000000000000e+00,0.000000000000000000e+00,0.000000000000000000e+00,1.000000000000000056e-01
9.892651647937523718e-01,-1.374519479382419196e-01,-4.961245542777327489e-02,8.061150061447598603e+01,1.355203169857849554e-01,9.899499850728743500e-01,-4.041374442300888631e-02,1.376471914219796133e+01,5.466879740457362968e-02,3.325641385054551452e-02,9.979505666755938975e-01,5.585617642183170695e+00,0.000000000000000000e+00,0.000000000000000000e+00,0.000000000000000000e+00,1.000000000000000056e-01
9.929159887448417710e-01,-1.075675625688733428e-01,-5.046839385045655962e-02,8.109104373722176717e+01,1.054594690512800359e-01,9.935051180346159416e-01,-4.273032677672922164e-02,1.380189907204572997e+01,5.473700468855955542e-02,3.710525464156624875e-02,9.978111346320550634e-01,5.613502582631450188e+00,0.000000000000000000e+00,0.000000000000000000e+00,0.000000000000000000e+00,1.000000000000000056e-01
