1.000000000000000000e+00,-1.984517816037547001e-12,1.301433074294988468e-12,1.387882750056981037e-19,1.984517816037983210e-12,1.000000000000000000e+00,-3.351494103080412053e-13,4.520877890229532327e-19,-1.301433074294323250e-12,3.351494103106239232e-13,1.000000000000000000e+00,-4.080418123611629536e-19,0.000000000000000000e+00,0.000000000000000000e+00,0.000000000000000000e+00,1.000000000000000056e-01
9.999920396221777530e-01,-3.985943088601539772e-03,-1.815212696073987696e-04,6.556251874850570482e-01,3.985394615828523335e-03,9.999877722205716690e-01,-2.927804483616951604e-03,7.032282108298617412e-03,1.931891120516020157e-04,2.927057743296520523e-03,9.999956974962114220e-01,2.038981980823819772e-03,0.000000000000000000e+00,0.000000000000000000e+00,0.000000000000000000e+00,1.000000000000000056e-01
9.999535745446178625e-01,-9.343644047147145471e-03,-2.354797520305682273e-03,1.325919248273952133e+00,9.340366494152013699e-03,9.999553991298465450e-01,-1.399037106055125729e-03,9.436026675557337637e-03,2.367764599014971372e-03,1.376977483261205074e-03,9.999962488048713682e-01,6.223930665553624279e-03,0.000000000000000000e+00,0.000000000000000000e+00,0.000000000000000000e+00,1.000000000000000056e-01
9.998859160114982325e-01,-1.492746381982875542e-02,-2.307766399554832953e-03,2.043405711393778912e+00,1.492575611531972088e-02,9.998883193191688834e-01,-7.554425681609176681e-04,3.367556208576975526e-04,2.318785508236311833e-03,7.209112258087727997e-04,9.999970517560395900e-01,4.944446830404829012e-03,0.000000000000000000e+00,0.000000000000000000e+00,0.000000000000000000e+00,1.000000000000000056e-01
9.997912088894633786e-01,-1.996364517677113107e-02,-4.357923657127710411e-03,2.738281665852861924e+00,1.996488486814085653e-02,9.998006527405743915e-01,2.411466843368892377e-04,8.616158384783733151e-03,4.352240750148218991e-03,-3.281017791315664150e-04,9.999904751294760308e-01,1.026279699246330536e-02,0.000000000000000000e+00,0.000000000000000000e+00,0.000000000000000000e+00,1.000000000000000056e-01
9.996853628388138180e-01,-2.430541413355838745e-02,-6.198561899783600927e-03,3.444250282201320346e+00,2.430508072025602470e-02,9.997045795525610901e-01,-1.291232703656529650e-04,1.028803628569254988e-02,6.199869112414205762e-03,-2.157390393732189075e-05,9.999807803940812256e-01,2.508550298235750001e-02,0.000000000000000000e+00,0.000000000000000000e+00,0.000000000000000000e+00,1.000000000000000056e-01
9.995195680899772173e-01,-3.000832034481171889e-02,-7.754593174925412426e-03,4.165172509016793256e+00,3.000967087548045420e-02,9.995496067275845276e-01,5.783317842048716565e-05,4.504002148744045558e-02,7.749365081784506497e-03,-2.905181824688745631e-04,9.999699310179356315e-01,4.343266696781802882e-02,0.000000000000000000e+00,0.000000000000000000e+00,0.000000000000000000e+00,1.000000000000000056e-01
9.993676918767843143e-01,-3.450949972818577460e-02,-8.562176205786102903e-03,4.933997787914969457e+00,3.453888961770483490e-02,9.993978775511748180e-01,3.308693123117607392e-03,7.331447519729090978e-02,8.442839382848925031e-03,-3.602329068437617587e-03,9.999578699567487350e-01,5.544112828254094127e-02,0.000000000000000000e+00,0.000000000000000000e+00,0.000000000000000000e+00,1.000000000000000056e-01
9.992705823154773848e-01,-3.753632084101966165e-02,-7.023384982091218816e-03,5.704675175389631647e+00,3.756454121590196288e-02,9.992864748628972338e-01,3.930190748940334301e-03,1.090438946777237267e-01,6.870848719440314327e-03,-4.191154232939422845e-03,9.999676123075538214e-01,6.069005573057301844e-02,0.000000000000000000e+00,0.000000000000000000e+00,0.000000000000000000e+00,1.000000000000000056e-01
9.990769934408376685e-01,-4.263795888753740132e-02,-5.212066684247667649e-03,6.498387815011056112e+00,4.265898760131172501e-02,9.990817146357229284e-01,3.992274711881797951e-03,1.633534114369055712e-01,5.037058074660915978e-03,-4.210931304197283905e-03,9.999784478195036241e-01,7.183052340410765735e-02,0.000000000000000000e+00,0.000000000000000000e+00,0.000000000000000000e+00,1.000000000000000056e-01
9.988430024939856100e-01,-4.796891240512531074e-02,-3.411716792071336438e-03,7.323917754946475789e+00,4.797811785297367848e-02,9.988448197299514275e-01,2.669514174348168283e-03,1.980080121747256061e-01,3.279721952552594726e-03,-2.830113303437145622e-03,9.999906168972805265e-01,9.215706970015007105e-02,0.000000000000000000e+00,0.000000000000000000e+00,0.000000000000000000e+00,1.000000000000000056e-01
9.987639822275735657e-01,-4.961970599296011697e-02,-2.896995355780506484e-03,8.140520133960677640e+00,4.962880876534105090e-02,9.987627335756743552e-01,3.159645704766115681e-03,2.446850895118329872e-01,2.736630309782957845e-03,-3.299514755026565927e-03,9.999908119862547240e-01,1.071281551174859542e-01,0.000000000000000000e+00,0.000000000000000000e+00,0.000000000000000000e+00,1.000000000000000056e-01
9.986080016297368411e-01,-5.261717910872292653e-02,-3.673083677795209445e-03,8.987902968144657834e+00,5.262923258787224196e-02,9.986087813655105672e-01,3.265831731968346467e-03,2.951855251054524287e-01,3.496134762156692492e-03,-3.454597274713294003e-03,9.999879213267500733e-01,1.160422589219654022e-01,0.000000000000000000e+00,0.000000000000000000e+00,0.000000000000000000e+00,1.000000000000000056e-01
9.986186634072626855e-01,-5.243126061138300015e-02,-3.424617554323852037e-03,9.668653599450630409e+00,5.244880201465230291e-02,9.986098108280860863e-01,5.250608071625152348e-03,3.772022564406506406e-01,3.144560687910274988e-03,-5.422972302644329598e-03,9.999803513617079309e-01,1.338641312835472941e-01,0.000000000000000000e+00,0.000000000000000000e+00,0.000000000000000000e+00,1.000000000000000056e-01
9.983563023909645118e-01,-5.718064872561997442e-02,-3.881608887868008215e-03,1.042329507877803252e+01,5.720174768454853315e-02,9.983471487570716452e-01,5.561531305196850197e-03,4.408227263882290581e-01,3.557181197854134523e-03,-5.774424641701848132e-03,9.999770009765138745e-01,1.406767652892556286e-01,0.000000000000000000e+00,0.000000000000000000e+00,0.000000000000000000e+00,1.000000000000000056e-01
9.982161182557608425e-01,-5.953921475740146102e-02,-4.434316235111076220e-03,1.125049804351013982e+01,5.955711304447366267e-02,9.982168055153350927e-01,4.019884646051287598e-03,4.917036900648353859e-01,4.187068211616137327e-03,-4.276808720506703777e-03,9.999820885230692458e-01,1.619846260757601686e-01,0.000000000000000000e+00,0.000000000000000000e+00,0.000000000000000000e+00,1.000000000000000056e-01
9.980139319313447999e-01,-6.274527408777283433e-02,-5.587687409593128547e-03,1.214233514353182386e+01,6.277200536398555575e-02,9.980166165104421561e-01,4.744313610281867578e-03,5.561521645004784409e-01,5.278921624804645309e-03,-5.085641424560054767e-03,9.999731342580059357e-01,1.751663988865618804e-01,0.000000000000000000e+00,0.000000000000000000e+00,0.000000000000000000e+00,1.000000000000000056e-01
9.978754510417661150e-01,-6.475229261887201215e-02,-7.191996161829825561e-03,1.304138337718869600e+01,6.480281384207271789e-02,9.978733344474384204e-01,7.028777767172275301e-03,6.338055530110929814e-01,6.721571716605346213e-03,-7.479906373117331878e-03,9.999494344587169792e-01,1.884489991443112356e-01,0.000000000000000000e+00,0.000000000000000000e+00,0.000000000000000000e+00,1.000000000000000056e-01
9.980217217785282147e-01,-6.197832205098714742e-02,-1.055132474934671570e-02,1.391672913794043254e+01,6.208473920127995094e-02,9.980200225996812557e-01,1.007569592835848640e-02,6.963345599243069284e-01,9.905958637663964464e-03,-1.071083964382844519e-02,9.998935692850480228e-01,1.944745045403023787e-01,0.000000000000000000e+00,0.000000000000000000e+00,0.000000000000000000e+00,1.000000000000000056e-01
9.970358615336738506e-01,-7.655634930612691125e-02,-7.656121519606529785e-03,1.488514407998437505e+01,7.662839602326702859e-02,9.970134409317741309e-01,9.606639593795325560e-03,7.836392047629043844e-01,6.897806804054046684e-03,-1.016484049564989056e-02,9.999245452927895128e-01,2.066707361174299762e-01,0.000000000000000000e+00,0.000000000000000000e+00,0.000000000000000000e+00,1.000000000000000056e-01
9.966708002791443421e-01,-8.122673017147494234e-02,-7.038052044446148521e-03,1.584678486176525958e+01,8.128017987708985315e-02,9.966617527456602676e-01,7.673524164052869523e-03,8.795413626651281680e-01,6.391262009795061448e-03,-8.220031605704829214e-03,9.999457899557971929e-01,2.180211374938715307e-01,0.000000000000000000e+00,0.000000000000000000e+00,0.000000000000000000e+00,1.000000000000000056e-01
9.965331776932312424e-01,-8.295447050687275448e-02,-6.338894190256847902e-03,1.675517875105707333e+01,8.300203024331313795e-02,9.965200228827639783e-01,7.648984849225904173e-03,9.722374730328309234e-01,5.682317495443546529e-03,-8.148608265215332228e-03,9.999506545081217057e-01,2.368608822884538112e-01,0.000000000000000000e+00,0.000000000000000000e+00,0.000000000000000000e+00,1.000000000000000056e-01
9.963157911701763236e-01,-8.559359242195786754e-02,-5.346138910411218047e-03,1.764713429006521750e+01,8.563607160918708383e-02,9.962919230499901468e-01,8.298632700554068112e-03,1.060772590972573370e+00,4.616005230915214315e-03,-8.725881139247859339e-03,9.999512745599417052e-01,2.597062899638017397e-01,0.000000000000000000e+00,0.000000000000000000e+00,0.000000000000000000e+00,1.000000000000000056e-01
9.962619526016923688e-01,-8.620558509663187041e-02,-5.542463027442653262e-03,1.855631310497893338e+01,8.624628016131924424e-02,9.962450246422459577e-01,7.578260612168844119e-03,1.144945526201535113e+00,4.868362825266567967e-03,-8.027949533852402758e-03,9.999559245635196714e-01,2.633900078097464736e-01,0.000000000000000000e+00,0.000000000000000000e+00,0.000000000000000000e+00,1.000000000000000056e-01
9.960665217526727400e-01,-8.841985074952712909e-02,-5.780504905599481366e-03,1.949416337867034343e+01,8.844629856389013556e-02,9.960708196328732500e-01,4.491608424982522496e-03,1.229960980302466922e+00,5.360644912650047028e-03,-4.985205043678024237e-03,9.999732052494171297e-01,2.811748364414892731e-01,0.000000000000000000e+00,0.000000000000000000e+00,0.000000000000000000e+00,1.000000000000000056e-01
9.959247450981809635e-01,-9.009724065950665273e-02,-4.048373335828422438e-03,2.042570379079120002e+01,9.010747028696362848e-02,9.959291089969298794e-01,2.419431971612828487e-03,1.313218007831649103e+00,3.813908704632824279e-03,-2.774360849679591030e-03,9.999888784492898530e-01,2.994046327032799937e-01,0.000000000000000000e+00,0.000000000000000000e+00,0.000000000000000000e+00,1.000000000000000056e-01
9.960323618114306221e-01,-8.899111771415672834e-02,3.393999536491035815e-04,2.134854681085850103e+01,8.898983560610550236e-02,9.960286375805608161e-01,2.786086540313786886e-03,1.408897956236471183e+00,-5.859890286989139895e-04,-2.744829210879824732e-03,9.999960612569738228e-01,3.071965764963958123e-01,0.000000000000000000e+00,0.000000000000000000e+00,0.000000000000000000e+00,1.000000000000000056e-01
9.959163381943677562e-01,-9.023273005597481911e-02,2.949871889966463982e-03,2.229740339388303738e+01,9.023081030850738093e-02,9.959205771071876212e-01,7.777953178398308055e-04,1.502179602814887716e+00,-3.008020710001113596e-03,-5.084497338698065142e-04,9.999953466343112218e-01,3.168944730744165383e-01,0.000000000000000000e+00,0.000000000000000000e+00,0.000000000000000000e+00,1.000000000000000056e-01
9.959779643107219416e-01,-8.935033719640017580e-02,6.664221661972963978e-03,2.327495326846302603e+01,8.934802077833853273e-02,9.960002585477253367e-01,6.451014323021902769e-04,1.595567153178421682e+00,-6.695206528846505203e-03,-4.707179579285233418e-05,9.999775857456916217e-01,3.281632297004656307e-01,0.000000000000000000e+00,0.000000000000000000e+00,0.000000000000000000e+00,1.000000000000000056e-01
9.961569325491403948e-01,-8.721991723924189810e-02,8.003235037600732460e-03,2.420775088224741367e+01,8.723287089490559809e-02,9.961871206120215261e-01,-1.283340236403972788e-03,1.690812538192049796e+00,-7.860786838479773275e-03,1.976553442089679785e-03,9.999671500938270841e-01,3.389923133209132300e-01,0.000000000000000000e+00,0.000000000000000000e+00,0.000000000000000000e+00,1.000000000000000056e-01
9.962076587288059004e-01,-8.681661496753120821e-02,5.759865940315567895e-03,2.516499781503470246e+01,8.683422040617436166e-02,9.962186128072281210e-01,-2.879872027364099602e-03,1.769194099674435972e+00,-5.488064916061343931e-03,3.369104038390348128e-03,9.999792649257561727e-01,3.444019318664129359e-01,0.000000000000000000e+00,0.000000000000000000e+00,0.000000000000000000e+00,1.000000000000000056e-01
9.965004440076153935e-01,-8.358371380877384349e-02,7.923878837364133412e-04,2.610849444195051916e+01,8.358628223086099485e-02,9.964920417717743062e-01,-4.116322186523624187e-03,1.869302935468569515e+00,-4.455507245566172475e-04,4.168149643835495667e-03,9.999912139679519862e-01,3.469365638014580422e-01,0.000000000000000000e+00,0.000000000000000000e+00,0.000000000000000000e+00,1.000000000000000056e-01
9.965317247118997690e-01,-8.320677097040235504e-02,-1.074666183276401163e-03,2.706228169474020717e+01,8.320018556125735598e-02,9.965194959022648513e-01,-5.159787715434770335e-03,1.954113880913110890e+00,1.500255077915886668e-03,5.052479725344480137e-03,9.999861107452073794e-01,3.558608717036615410e-01,0.000000000000000000e+00,0.000000000000000000e+00,0.000000000000000000e+00,1.000000000000000056e-01
9.966195588262783955e-01,-8.212849015495897465e-02,2.089514245223014419e-03,2.804116204899054665e+01,8.214196056982310534e-02,9.965925076080681677e-01,-7.488130154337613829e-03,2.034796385183410994e+00,-1.467405417670015512e-03,7.634453767590897340e-03,9.999697804618951080e-01,3.634971231255949564e-01,0.000000000000000000e+00,0.000000000000000000e+00,0.000000000000000000e+00,1.000000000000000056e-01
9.966200470797467181e-01,-8.176121391210317002e-02,7.974061598884425728e-03,2.904250446800131513e+01,8.183158144051405625e-02,9.966060948515054196e-01,-8.937784052922717257e-03,2.110665780177535922e+00,-7.216234316318359716e-03,9.560104834753233374e-03,9.999282626057933721e-01,3.814249037505803019e-01,0.000000000000000000e+00,0.000000000000000000e+00,0.000000000000000000e+00,1.000000000000000056e-01
9.967561373392692659e-01,-7.982409711038843114e-02,1.026236800212775024e-02,2.998437843125041269e+01,7.993743110403125907e-02,9.967374881416748433e-01,-1.115288489642339564e-02,2.180243453677063847e+00,-9.338617937793225465e-03,1.193705380468276095e-02,9.998851418845446926e-01,3.864910624930388283e-01,0.000000000000000000e+00,0.000000000000000000e+00,0.000000000000000000e+00,1.000000000000000056e-01
9.966468813538572613e-01,-8.129135358698375002e-02,9.311805390279639591e-03,3.088833844117905869e+01,8.145626672947006708e-02,9.964964915320972949e-01,-1.896362240496855117e-02,2.243852888906881393e+00,-7.737602867030986611e-03,1.965854003268757699e-02,9.997768107461061371e-01,3.984824230585010674e-01,0.000000000000000000e+00,0.000000000000000000e+00,0.000000000000000000e+00,1.000000000000000056e-01
9.966533891908970766e-01,-8.141531437739407684e-02,7.319043593831598381e-03,3.182327708815331135e+01,8.156372702434810940e-02,9.964027633866467948e-01,-2.299764225636246120e-02,2.320334660390639403e+00,-5.420354988000547318e-03,2.351764657197001965e-02,9.997087276059561933e-01,4.069242507795837738e-01,0.000000000000000000e+00,0.000000000000000000e+00,0.000000000000000000e+00,1.000000000000000056e-01
9.968314689962884945e-01,-7.945831647620166249e-02,3.660377230470494066e-03,3.279185174611964726e+01,7.952494105467500241e-02,9.965237287976808078e-01,-2.482421586710825342e-02,2.387725396872447892e+00,-1.675162365872350217e-03,2.503665085298153667e-02,9.996851304011248329e-01,4.066581677021417485e-01,0.000000000000000000e+00,0.000000000000000000e+00,0.000000000000000000e+00,1.000000000000000056e-01
9.966914351870005406e-01,-8.116622127030390099e-02,4.269373440809454828e-03,3.373770908050427408e+01,8.124879472580676110e-02,9.963708920644585021e-01,-2.537082580995136602e-02,2.465162397214597068e+00,-2.194625362274773943e-03,2.563376623469995966e-02,9.996689920409375096e-01,4.091032411126738211e-01,0.000000000000000000e+00,0.000000000000000000e+00,0.000000000000000000e+00,1.000000000000000056e-01
9.966753117624389535e-01,-8.129869678036545644e-02,5.370737850540267116e-03,3.469958128172146417e+01,8.141123611675778193e-02,9.963440420854142721e-01,-2.589904312595054520e-02,2.554198159900733067e+00,-3.245544204990156740e-03,2.625017528917715504e-02,9.996501361676999320e-01,4.254951094856793126e-01,0.000000000000000000e+00,0.000000000000000000e+00,0.000000000000000000e+00,1.000000000000000056e-01
9.966141275123828747e-01,-8.201515711161161404e-02,5.813333526431952239e-03,3.567150495895227635e+01,8.213432723753741338e-02,9.963171136590729393e-01,-2.462034360627451263e-02,2.634929563694202947e+00,-3.772682330781736496e-03,2.501445650042325580e-02,9.996799707076357011e-01,4.282507991591025798e-01,0.000000000000000000e+00,0.000000000000000000e+00,0.000000000000000000e+00,1.000000000000000056e-01
9.966890310936157293e-01,-8.117325166461780706e-02,4.677447152247447663e-03,3.663455774933755293e+01,8.126093389798985656e-02,9.964187353939211178e-01,-2.337443856021861888e-02,2.711035141013523386e+00,-2.763316792546526707e-03,2.367714024479166540e-02,9.997158381810965500e-01,4.455746454009188451e-01,0.000000000000000000e+00,0.000000000000000000e+00,0.000000000000000000e+00,1.000000000000000056e-01
9.965060877619441593e-01,-8.324171622156602279e-02,6.814230248002774680e-03,3.762575275880301007e+01,8.337739443129645045e-02,9.962545649332731346e-01,-2.291401203331207975e-02,2.806292585982942622e+00,-4.881306303904640355e-03,2.340210524937932912e-02,9.997142163231772516e-01,4.576524209860654002e-01,0.000000000000000000e+00,0.000000000000000000e+00,0.000000000000000000e+00,1.000000000000000056e-01
9.966612769699940699e-01,-8.104517507423679434e-02,9.898413293405053728e-03,3.861148317252419560e+01,8.125191930997481549e-02,9.964359296552665057e-01,-2.266194388154151723e-02,2.891870491406886234e+00,-8.026493442724052726e-03,2.339054700581204294e-02,9.996941820945958179e-01,4.807346077924405381e-01,0.000000000000000000e+00,0.000000000000000000e+00,0.000000000000000000e+00,1.000000000000000056e-01
9.967032720093949028e-01,-8.032048381966562511e-02,1.145458182305606268e-02,3.960398652819171161e+01,8.051449960796368266e-02,9.965976399837542798e-01,-1.762269365592583278e-02,2.978610331472419492e+00,-1.000014593120876483e-02,1.848685635218231746e-02,9.997790922116587264e-01,4.863577698712518993e-01,0.000000000000000000e+00,0.000000000000000000e+00,0.000000000000000000e+00,1.000000000000000056e-01
9.965749789535083281e-01,-8.210985920532122562e-02,9.812356755474333642e-03,4.059986212232042391e+01,8.228644449927603743e-02,9.964237554116703866e-01,-1.920001830653429373e-02,3.059269668573871392e+00,-8.200754567839686066e-03,1.994168178930782673e-02,9.997675114505032434e-01,5.011166292314931381e-01,0.000000000000000000e+00,0.000000000000000000e+00,0.000000000000000000e+00,1.000000000000000056e-01
9.965620385118743041e-01,-8.241446023048468184e-02,8.482932392481778300e-03,4.160617784608781022e+01,8.253566871222445256e-02,9.964737531193249565e-01,-1.509711013778776943e-02,3.136749774001224011e+00,-7.208799295547855396e-03,1.574535135220613696e-02,9.998500473188527415e-01,5.269420075234035883e-01,0.000000000000000000e+00,0.000000000000000000e+00,0.000000000000000000e+00,1.000000000000000056e-01
9.964849948876295382e-01,-8.351066323819382464e-02,6.604853466809126016e-03,4.263090230253338575e+01,8.359541855076789429e-02,9.964040754086904705e-01,-1.381030435126829811e-02,3.195223198356727412e+00,-5.427795235910102233e-03,1.431389655089459687e-02,9.998828188364911052e-01,5.323878428404812402e-01,0.000000000000000000e+00,0.000000000000000000e+00,0.000000000000000000e+00,1.000000000000000056e-01
9.965578149131597563e-01,-8.247240873617768531e-02,8.415659971816041515e-03,4.365045824154178433e+01,8.258953202801681825e-02,9.964755938111945488e-01,-1.467515376479816558e-02,3.282267409182619833e+00,-7.175704488171798755e-03,1.531968458814109146e-02,9.998568980255215788e-01,5.456201321154999784e-01,0.000000000000000000e+00,0.000000000000000000e+00,0.000000000000000000e+00,1.000000000000000056e-01
9.966473425912572015e-01,-8.131199606407683855e-02,9.079306243363862577e-03,4.464118516899070954e+01,8.146198201643041481e-02,9.965211402035277777e-01,-1.759439153297527592e-02,3.370255017839111300e+00,-7.617085514814853076e-03,1.827502184776849670e-02,9.998039825809474923e-01,5.638328493783804074e-01,0.000000000000000000e+00,0.000000000000000000e+00,0.000000000000000000e+00,1.000000000000000056e-01
9.964939730617555780e-01,-8.303411919029470012e-02,1.025166824907508198e-02,4.562226479921850597e+01,8.319510402913503355e-02,9.963978847640508896e-01,-1.642650003215806453e-02,3.464047567111178338e+00,-8.850780597131600175e-03,1.722179688699822936e-02,9.998125191228625086e-01,5.751062102421528044e-01,0.000000000000000000e+00,0.000000000000000000e+00,0.000000000000000000e+00,1.000000000000000056e-01
9.958488904779699835e-01,-9.059272913496277391e-02,8.828633058147735552e-03,4.653456335818533773e+01,9.072221865296356547e-02,9.957544307930110694e-01,-1.557538438596252697e-02,3.535922810748991729e+00,-7.380133906645827517e-03,1.631168243823674299e-02,9.998397184746933286e-01,5.863555781033982228e-01,0.000000000000000000e+00,0.000000000000000000e+00,0.000000000000000000e+00,1.000000000000000056e-01
9.960719454700889264e-01,-8.845757025852167554e-02,3.992206331211221523e-03,4.748211495049226016e+01,8.850915036179400619e-02,9.959555629457310655e-01,-1.544820182692101251e-02,3.632194698114103559e+00,-2.609549705524295739e-03,1.574086723820027414e-02,9.998726995717623911e-01,5.855130512252101349e-01,0.000000000000000000e+00,0.000000000000000000e+00,0.000000000000000000e+00,1.000000000000000056e-01
9.962314304517411179e-01,-8.669893597530332896e-02,2.496293417853687538e-03,4.843191214411012169e+01,8.672985256242100871e-02,9.960706238357712738e-01,-1.792330901140032004e-02,3.723513153059927472e+00,-9.325527215536782554e-04,1.807226693493891798e-02,9.998362483493253849e-01,5.897972028292839397e-01,0.000000000000000000e+00,0.000000000000000000e+00,0.000000000000000000e+00,1.000000000000000056e-01
9.963887611631628838e-01,-8.480170845946038982e-02,4.255216809316474114e-03,4.940478079310520343e+01,8.486479893192933055e-02,9.962315778677102163e-01,-1.790556230492700712e-02,3.829859221680503634e+00,-2.720759081729431494e-03,1.820201916187045438e-02,9.998306276407270543e-01,6.018186276234268606e-01,0.000000000000000000e+00,0.000000000000000000e+00,0.000000000000000000e+00,1.000000000000000056e-01
9.964777492905316780e-01,-8.366856226047716949e-02,5.627331351626091265e-03,5.042191377803499819e+01,8.375338773224846878e-02,9.963404237632552674e-01,-1.706253259714267390e-02,3.927599904272518927e+00,-4.179140132609939114e-03,1.747374214418764143e-02,9.998385885347846891e-01,6.259856378322846693e-01,0.000000000000000000e+00,0.000000000000000000e+00,0.000000000000000000e+00,1.000000000000000056e-01
9.965846805715542489e-01,-8.239947102082673114e-02,5.413097595742122695e-03,5.136666479277969444e+01,8.248595355903276527e-02,9.964225351379970563e-01,-1.839018582353624948e-02,4.013829048385337828e+00,-3.878390845464668116e-03,1.877388198149329557e-02,9.998162328347118821e-01,6.338388523730322799e-01,0.000000000000000000e+00,0.000000000000000000e+00,0.000000000000000000e+00,1.000000000000000056e-01
9.966975928416819119e-01,-8.107995516401052261e-02,4.466463276340013749e-03,5.232275577384650944e+01,8.115350449238818709e-02,9.965014807619991810e-01,-1.997267002047891510e-02,4.101380593895870064e+00,-2.831454078875906416e-03,2.026918127959410898e-02,9.997905496443013629e-01,6.502209378459222755e-01,0.000000000000000000e+00,0.000000000000000000e+00,0.000000000000000000e+00,1.000000000000000056e-01
9.966599294566692580e-01,-8.156829343698961121e-02,3.949496322846634232e-03,5.330647420301231421e+01,8.163571162987680319e-02,9.964201739170781558e-01,-2.196468979392356830e-02,4.189842323602910312e+00,-2.143735550532496238e-03,2.221374612344465677e-02,9.997509459265605525e-01,6.729612676272169747e-01,0.000000000000000000e+00,0.000000000000000000e+00,0.000000000000000000e+00,1.000000000000000056e-01
9.966443471637490559e-01,-8.171826052349172309e-02,4.708626504540239059e-03,5.426383649867886305e+01,8.180778729099140445e-02,9.963632386343238556e-01,-2.382818995797607309e-02,4.269264439356766694e+00,-2.744304118793990631e-03,2.413343314027701497e-02,9.997049795813599538e-01,6.735639070618125723e-01,0.000000000000000000e+00,0.000000000000000000e+00,0.000000000000000000e+00,1.000000000000000056e-01
9.965611583214660785e-01,-8.236690851539205105e-02,9.030509763838654586e-03,5.521338955017037620e+01,8.257916262030376431e-02,9.962347642326702113e-01,-2.640031127099634264e-02,4.342107234784648995e+00,-6.821995742242598082e-03,2.705525671460364337e-02,9.996106609366467444e-01,6.911671497079184823e-01,0.000000000000000000e+00,0.000000000000000000e+00,0.000000000000000000e+00,1.000000000000000056e-01
9.963414901549164648e-01,-8.441574514765731729e-02,1.332730156656646014e-02,5.616290622177505298e+01,8.473391131241925223e-02,9.960784978401444612e-01,-2.545172713629578407e-02,4.429846541077976596e+00,-1.112651201318286612e-02,2.648788613096857494e-02,9.995872111120336356e-01,7.177807755636397280e-01,0.000000000000000000e+00,0.000000000000000000e+00,0.000000000000000000e+00,1.000000000000000056e-01
9.961829345705551786e-01,-8.614914330845198365e-02,1.406719508704181755e-02,5.711987206264469563e+01,8.644946084997832958e-02,9.960054049332578430e-01,-2.235450877306895817e-02,4.504492136418443593e+00,-1.208518055906305545e-02,2.348528158138528388e-02,9.996511341262500627e-01,7.158779118745736136e-01,0.000000000000000000e+00,0.000000000000000000e+00,0.000000000000000000e+00,1.000000000000000056e-01
9.961730721599109106e-01,-8.693584181612215578e-02,9.020516127540369883e-03,5.801514681802007090e+01,8.712175967817292754e-02,9.959364452517434074e-01,-2.281218994089983382e-02,4.586745878438225787e+00,-7.000663830217176975e-03,2.351077257435826157e-02,9.996990718605740511e-01,7.285581108993904875e-01,0.000000000000000000e+00,0.000000000000000000e+00,0.000000000000000000e+00,1.000000000000000056e-01
9.959855561248074363e-01,-8.942562959628649888e-02,3.978537679338728372e-03,5.894454782373812662e+01,8.949067200850827075e-02,9.957575853967064461e-01,-2.140679210873109098e-02,4.663802392409439612e+00,-2.047343211028053184e-03,2.167689775379786840e-02,9.997629321441896533e-01,7.438563702205405193e-01,0.000000000000000000e+00,0.000000000000000000e+00,0.000000000000000000e+00,1.000000000000000056e-01
9.959836648021217487e-01,-8.953503331200386717e-02,1.313664838461917929e-04,5.989310838186563046e+01,8.951795852118919761e-02,9.957628484712252037e-01,-2.104482612592326052e-02,4.764740805838388660e+00,1.753439344081535482e-03,2.097206270947250817e-02,9.997785244923880210e-01,7.579088282309838220e-01,0.000000000000000000e+00,0.000000000000000000e+00,0.000000000000000000e+00,1.000000000000000056e-01
9.959532064902008042e-01,-8.987326882071595968e-02,-7.767474926005212953e-05,6.079830953807096705e+01,8.985858042817120028e-02,9.958053323365343434e-01,-1.723878225276616327e-02,4.856089695443523091e+00,1.626654641045704314e-03,1.716204071792520880e-02,9.998513981352804558e-01,7.680186411446604522e-01,0.000000000000000000e+00,0.000000000000000000e+00,0.000000000000000000e+00,1.000000000000000056e-01
9.957949489153979927e-01,-9.161005279140059521e-02,1.339482611798423466e-04,6.173849793800793151e+01,9.160052831322017253e-02,9.956680980455233643e-01,-1.594934942713861076e-02,4.948474597971892486e+00,1.327752732563223809e-03,1.589455132952203448e-02,9.998727920644276956e-01,7.872512359925536440e-01,0.000000000000000000e+00,0.000000000000000000e+00,0.000000000000000000e+00,1.000000000000000056e-01
9.956564813229432653e-01,-9.308475047937193880e-02,1.844024893723843076e-03,6.262220810927066594e+01,9.310099676909762423e-02,9.955699796370568455e-01,-1.313849481754410936e-02,5.035035426453359442e+00,-6.128623141292575873e-04,1.325310807558841356e-02,9.999119858898185553e-01,8.101240667903175652e-01,0.000000000000000000e+00,0.000000000000000000e+00,0.000000000000000000e+00,1.000000000000000056e-01
9.955326994825699494e-01,-9.440457958841122488e-02,1.555510746461291833e-03,6.344755409265159329e+01,9.441620341680365125e-02,9.954677659298760695e-01,-1.138013738661323125e-02,5.124921568726810150e+00,-4.741237220181532871e-04,1.147616431203250277e-02,9.999340342539498883e-01,8.271807735332185052e-01,0.000000000000000000e+00,0.000000000000000000e+00,0.000000000000000000e+00,1.000000000000000056e-01
9.953129456846747658e-01,-9.666525219065226493e-02,2.822972088659999896e-03,6.426547866742036774e+01,9.668902373373573778e-02,9.952637339498168201e-01,-1.006640818193174983e-02,5.209709278421287060e+00,-1.836529856235386785e-03,1.029217679530292084e-02,9.999453476340101066e-01,8.405140994977235991e-01,0.000000000000000000e+00,0.000000000000000000e+00,0.000000000000000000e+00,1.000000000000000056e-01
9.953529442133687288e-01,-9.622472231486989269e-02,3.649556302444825675e-03,6.505468652600507085e+01,9.625918588373741369e-02,9.952968581348690114e-01,-1.087811196203240099e-02,5.293527655841099744e+00,-2.585648618553012482e-03,1.117886408740181858e-02,9.999341715427755295e-01,8.563674463129329339e-01,0.000000000000000000e+00,0.000000000000000000e+00,0.000000000000000000e+00,1.000000000000000056e-01
9.952739944387875015e-01,-9.704475015177067843e-02,3.463013404638949980e-03,6.585015066829966202e+01,9.707914024875517744e-02,9.952072575982479075e-01,-1.175393348361050867e-02,5.372358985829624345e+00,-2.305758535239187806e-03,1.203457069259310751e-02,9.999249234746687698e-01,8.701881871429747450e-01,0.000000000000000000e+00,0.000000000000000000e+00,0.000000000000000000e+00,1.000000000000000056e-01
9.952905591363567783e-01,-9.684292857547414923e-02,4.260290948282050016e-03,6.659423864090251755e+01,9.688888173189895425e-02,9.952182028420758497e-01,-1.238036059777031933e-02,5.448114063553419761e+00,-3.040968724025139985e-03,1.273483084749612096e-02,9.999142846226896086e-01,8.882508324764754049e-01,0.000000000000000000e+00,0.000000000000000000e+00,0.000000000000000000e+00,1.000000000000000056e-01
9.953119092736013584e-01,-9.655512063241770970e-02,5.595707086478287316e-03,6.739431449138648134e+01,9.661296271724505169e-02,9.952589923298026386e-01,-1.120150086649564052e-02,5.538052143435964858e+00,-4.487615528832498112e-03,1.168960505428422690e-02,9.999216041473152350e-01,8.915334398712975172e-01,0.000000000000000000e+00,0.000000000000000000e+00,0.000000000000000000e+00,1.000000000000000056e-01
9.950682755429594017e-01,-9.875252163383678450e-02,9.330942016726620145e-03,6.814042347033799274e+01,9.885027359140576009e-02,9.950451167242518880e-01,-1.066954048327484542e-02,5.613826291057150364e+00,-8.231064260783267986e-03,1.153928742074706443e-02,9.998995421675900275e-01,9.009829740961632361e-01,0.000000000000000000e+00,0.000000000000000000e+00,0.000000000000000000e+00,1.000000000000000056e-01
9.949031655017218645e-01,-1.000730486221443755e-01,1.237239726662902467e-02,6.886910093117569431e+01,1.002014008599265843e-01,9.949145952316009733e-01,-1.022875656410999340e-02,5.693181629543438760e+00,-1.128585576558852402e-02,1.141635382289130432e-02,9.998711398600466094e-01,9.154646469489851057e-01,0.000000000000000000e+00,0.000000000000000000e+00,0.000000000000000000e+00,1.000000000000000056e-01
9.948512549111422354e-01,-1.010054354038587843e-01,8.299555446067970882e-03,6.956027668129749486e+01,1.010582067876947265e-01,9.948611645898981504e-01,-6.205000538857062715e-03,5.773474445031972380e+00,-7.630166615545177188e-03,7.011790763320937224e-03,9.999463062323448170e-01,9.299820504017011213e-01,0.000000000000000000e+00,0.000000000000000000e+00,0.000000000000000000e+00,1.000000000000000056e-01
9.948468019746625757e-01,-1.013404679761447241e-01,3.154386019876839666e-03,7.026032681699751947e+01,1.013614318642171580e-01,9.948221073006926485e-01,-7.405062879201503717e-03,5.851285486556919047e+00,-2.387620409962664097e-03,7.686636207422088349e-03,9.999676069216405505e-01,9.328570814429265612e-01,0.000000000000000000e+00,0.000000000000000000e+00,0.000000000000000000e+00,1.000000000000000056e-01
9.948888015477737046e-01,-1.009744854885524373e-01,-6.525604620235959767e-04,7.101253809167310749e+01,1.009649469318717047e-01,9.948514256316930426e-01,-8.759018759666881843e-03,5.930192736672764475e+00,1.533638118596992832e-03,8.648363944121401775e-03,9.999614261336340348e-01,9.609288683551716614e-01,0.000000000000000000e+00,0.000000000000000000e+00,0.000000000000000000e+00,1.000000000000000056e-01
9.946947039890626785e-01,-1.028674051578635507e-01,-8.618655341102160862e-04,7.174275147544958031e+01,1.028578142211374613e-01,9.946663668679026626e-01,-7.686915861175440748e-03,6.012033172791693580e+00,1.648001747848014918e-03,7.557484892129625112e-03,9.999700838086829080e-01,9.713544579668507151e-01,0.000000000000000000e+00,0.000000000000000000e+00,0.000000000000000000e+00,1.000000000000000056e-01
9.945354723776329564e-01,-1.043928895688019665e-01,1.148385856037455579e-03,7.242213856207513345e+01,1.043981275744072512e-01,9.945150247685544675e-01,-6.395034680070956108e-03,6.099246454239768411e+00,-4.744908389156417532e-04,6.479978169518956117e-03,9.999788921479124681e-01,9.822977824641070388e-01,0.000000000000000000e+00,0.000000000000000000e+00,0.000000000000000000e+00,1.000000000000000056e-01
9.944460781230581858e-01,-1.051683603357267960e-01,4.075989445900360386e-03,7.303359826574875058e+01,1.051901302049983999e-01,9.944366100723067703e-01,-5.555632759125879797e-03,6.156226580275314220e+00,-3.469036339366935590e-03,5.953531069333174372e-03,9.999762603455557564e-01,9.982455596625350314e-01,0.000000000000000000e+00,0.000000000000000000e+00,0.000000000000000000e+00,1.000000000000000056e-01
9.943732693687155066e-01,-1.059291276313998331e-01,9.061369777545237071e-04,7.360424427436971939e+01,1.059328389305278784e-01,9.943504119617255776e-01,-6.744765945929042349e-03,6.211151568701046344e+00,-1.865505043937268803e-04,6.802804627293704796e-03,9.999768432559387188e-01,1.008470091836473959e+00,0.000000000000000000e+00,0.000000000000000000e+00,0.000000000000000000e+00,1.000000000000000056e-01
9.945473475906138061e-01,-1.042724029590022528e-01,-1.685046477193287429e-03,7.423794098559370980e+01,1.042464912426549484e-01,9.944854356837067311e-01,-1.146242891289314669e-02,6.267971066619314691e+00,2.870969186512973594e-03,1.122426808943564544e-02,9.999328844186426979e-01,1.027479244258094893e+00,0.000000000000000000e+00,0.000000000000000000e+00,0.000000000000000000e+00,1.000000000000000056e-01
9.946157104582650232e-01,-1.035342851462769526e-01,-4.498923076719199728e-03,7.485452053054081034e+01,1.034514821360034004e-01,9.945084150035388149e-01,-1.583677148326393877e-02,6.321863111019693449e+00,6.113865672795531538e-03,1.528608145988928288e-02,9.998644689957417730e-01,1.048961936652835325e+00,0.000000000000000000e+00,0.000000000000000000e+00,0.000000000000000000e+00,1.000000000000000056e-01
9.951645041219555621e-01,-9.809734015879391367e-02,-4.951927854098750990e-03,7.543976675539870769e+01,9.801767647263089078e-02,9.950811019256168288e-01,-1.435742628073479431e-02,6.375570696245461022e+00,6.335995155378789344e-03,1.380262454281611269e-02,9.998846647094459250e-01,1.062163240535033193e+00,0.000000000000000000e+00,0.000000000000000000e+00,0.000000000000000000e+00,1.000000000000000056e-01
9.955364206761274648e-01,-9.428523151578767358e-02,-4.186911197863437198e-03,7.599873399433970178e+01,9.423557830194080609e-02,9.954914212050974820e-01,-1.079287214572199373e-02,6.453050893047612924e+00,5.185642627800303786e-03,1.035014130673761641e-02,9.999329895975366256e-01,1.065556018784475478e+00,0.000000000000000000e+00,0.000000000000000000e+00,0.000000000000000000e+00,1.000000000000000056e-01
9.961612702359297078e-01,-8.752905255468088064e-02,-1.178406050103540138e-03,7.654622183175725070e+01,8.750288555219934428e-02,9.960587041223910587e-01,-1.450182616299413620e-02,6.491330436267866766e+00,2.443092707555677683e-03,1.434304364153264795e-02,9.998941485962998810e-01,1.083181494468756778e+00,0.000000000000000000e+00,0.000000000000000000e+00,0.000000000000000000e+00,1.000000000000000056e-01
9.968115789283135131e-01,-7.976930421158948126e-02,1.879952138100101505e-03,7.710049690904041597e+01,7.978961289723690564e-02,9.966719250414503017e-01,-1.669405606432561653e-02,6.516062012904026091e+00,-5.420222797454984356e-04,1.679082903756254699e-02,9.998588771782144224e-01,1.097804011713707117e+00,0.000000000000000000e+00,0.000000000000000000e+00,0.000000000000000000e+00,1.000000000000000056e-01
9.974369113215729721e-01,-7.148246040268065038e-02,3.140985205267074823e-03,7.762975511249885585e+01,7.153013854682417627e-02,9.972497685310894866e-01,-1.939944442917558229e-02,6.547738377714249935e+00,-1.745626750669619469e-03,1.957439703969766562e-02,9.998068792360750301e-01,1.111948750835827671e+00,0.000000000000000000e+00,0.000000000000000000e+00,0.000000000000000000e+00,1.000000000000000056e-01
9.982412555862609782e-01,-5.915853277602938637e-02,3.829313953256408692e-03,7.810766855992352475e+01,5.921326730776872022e-02,9.981131147170939633e-01,-1.624805232881300354e-02,6.579314921882748024e+00,-2.860877540873657879e-03,1.644622234826510765e-02,9.998606588671080653e-01,1.123436537649983968e+00,0.000000000000000000e+00,0.000000000000000000e+00,0.000000000000000000e+00,1.000000000000000056e-01
9.989907347989139819e-01,-4.480196474301157555e-02,3.208697725233774015e-03,7.859207349440349333e+01,4.483838324537794268e-02,9.989178343077665945e-01,-1.235636232156803876e-02,6.609692637506272561e+00,-2.651636073556010859e-03,1.248776429338747246e-02,9.999185089641486890e-01,1.128770291067192177e+00,0.000000000000000000e+00,0.000000000000000000e+00,0.000000000000000000e+00,1.000000000000000056e-01
9.996258864874649763e-01,-2.725323743362439294e-02,2.312598870586435318e-03,7.905648177108861319e+01,2.726934772307889471e-02,9.996018530508435918e-01,-7.246933977730546372e-03,6.621346209852643661e+00,-2.114175704040597778e-03,7.307285864551048976e-03,9.999710664986193320e-01,1.128394005937131128e+00,0.000000000000000000e+00,0.000000000000000000e+00,0.000000000000000000e+00,1.000000000000000056e-01
9.999803019606408050e-01,-5.031103826498701387e-03,3.752823602657934590e-03,7.953844070833750379e+01,5.057601447125192884e-03,9.999621112626555508e-01,-7.084963425066549345e-03,6.639599682196048569e+00,-3.717036226311697632e-03,7.103804151261751409e-03,9.999678592876236616e-01,1.143013633397359063e+00,0.000000000000000000e+00,0.000000000000000000e+00,0.000000000000000000e+00,1.000000000000000056e-01
9.997899957257919690e-01,1.992335147731039147e-02,4.798386450925727284e-03,8.001723451936994991e+01,-1.987766888938032744e-02,9.997583518834948224e-01,-9.387018627995473777e-03,6.625168590702656957e+00,-4.984247801327210126e-03,9.289666576886733071e-03,9.999444281402568580e-01,1.157149231300237169e+00,0.000000000000000000e+00,0.000000000000000000e+00,0.000000000000000000e+00,1.000000000000000056e-01
9.988015878967834160e-01,4.854315124516893343e-02,6.241032130402647538e-03,8.049010789082657880e+01,-4.847277785290284025e-02,9.987642399055444153e-01,-1.097191383137750831e-02,6.617356587719298133e+00,-6.765930984513199992e-03,1.065624479301669966e-02,9.999203301387686871e-01,1.163684266573569159e+00,0.000000000000000000e+00,0.000000000000000000e+00,0.000000000000000000e+00,1.000000000000000056e-01
9.967306261312457449e-01,8.025823774019590073e-02,9.309898326676757305e-03,8.099086931854547800e+01,-8.015245759304749640e-02,9.967193766429024437e-01,-1.122799030898660039e-02,6.574157373141393812e+00,-1.018049477233731910e-02,1.044507058004722974e-02,9.998936233553888941e-01,1.169307419636736123e+00,0.000000000000000000e+00,0.000000000000000000e+00,0.000000000000000000e+00,1.000000000000000056e-01
