1.000000000000000000e+00,-7.959580660098858603e-10,-7.232356665655613185e-10,-1.047625076433714192e-15,7.959580659539914052e-10,1.000000000000000000e+00,-7.728377860172187388e-11,-1.423171699664236166e-14,7.232356666270760523e-10,7.728377802605661596e-11,1.000000000000000000e+00,5.929272179421878362e-15,0.000000000000000000e+00,0.000000000000000000e+00,0.000000000000000000e+00,1.000000000000000056e-01
9.999899253238719865e-01,-4.177250176117060579e-03,-1.643116466706058369e-03,6.424293506597000825e-01,4.171489913330576546e-03,9.999851964793913250e-01,-3.493636211175317301e-03,6.650960201848583019e-03,1.657685935276001932e-03,3.486746770154688924e-03,9.999925473093791428e-01,1.174765692514181600e-02,0.000000000000000000e+00,0.000000000000000000e+00,0.000000000000000000e+00,1.000000000000000056e-01
9.999285369095454179e-01,-1.091631796500393443e-02,-4.873917933536012562e-03,1.363675680033917592e+00,1.089966570584631998e-02,9.999347133904457063e-01,-3.430195951821252056e-03,1.748244873968436003e-02,4.911044841651236378e-03,3.376826743264397818e-03,9.999822391821313605e-01,2.067768129449515727e-02,0.000000000000000000e+00,0.000000000000000000e+00,0.000000000000000000e+00,1.000000000000000056e-01
9.998919598036357659e-01,-1.387587254793381901e-02,-4.850657798468000458e-03,2.129089044776691253e+00,1.386335168604231095e-02,9.999005046431648225e-01,-2.605435543890300982e-03,2.179619637688506514e-02,4.886327872078335098e-03,2.537907677153719652e-03,9.999848412973812994e-01,2.034433727383758161e-02,0.000000000000000000e+00,0.000000000000000000e+00,0.000000000000000000e+00,1.000000000000000056e-01
9.998073382830519051e-01,-1.854382508386317324e-02,-6.435282947788264173e-03,2.833971751247397197e+00,1.853664085519741295e-02,9.998274921721631570e-01,-1.174241256472489427e-03,4.918882288543011128e-02,6.455947735571706918e-03,1.054726496331179035e-03,9.999786039165305951e-01,2.657948365791827638e-02,0.000000000000000000e+00,0.000000000000000000e+00,0.000000000000000000e+00,1.000000000000000056e-01
9.996516900040943732e-01,-2.509309388842297789e-02,-8.175286604449664291e-03,3.542159108158538849e+00,2.508806799628261058e-02,9.996849879358764568e-01,-7.167564862132922094e-04,4.766935090189473867e-02,8.190696928345279904e-03,5.114046865429823204e-04,9.999663249075313454e-01,4.162423697042257759e-02,0.000000000000000000e+00,0.000000000000000000e+00,0.000000000000000000e+00,1.000000000000000056e-01
9.994306780162722781e-01,-3.205563729618884222e-02,-1.052406563403543958e-02,4.286086772525730559e+00,3.204039445348388221e-02,9.994852718422032600e-01,-1.613844410779775342e-03,7.739238747058387047e-02,1.057038141220353715e-02,1.275730399509553137e-03,9.999433181679591165e-01,5.278624898168533808e-02,0.000000000000000000e+00,0.000000000000000000e+00,0.000000000000000000e+00,1.000000000000000056e-01
9.991532034581536159e-01,-3.941855034932553042e-02,-1.179211209526102692e-02,5.084741396925041457e+00,3.941544590453541913e-02,9.992227864506798563e-01,-4.956429013003699723e-04,9.639765091592529533e-02,1.180248463062568386e-02,3.043183621457944002e-05,9.999303477895084002e-01,6.293011912093969540e-02,0.000000000000000000e+00,0.000000000000000000e+00,0.000000000000000000e+00,1.000000000000000056e-01
9.980192723558904966e-01,-6.216213389662238187e-02,-9.664425261614997820e-03,5.185387534074654248e+00,6.218537709759791587e-02,9.980623583667230792e-01,2.123131339415205467e-03,1.199401571798139887e-01,9.513720694265554584e-03,-2.719911923804230365e-03,9.999510444005137444e-01,8.601079690366730812e-02,0.000000000000000000e+00,0.000000000000000000e+00,0.000000000000000000e+00,1.000000000000000056e-01
9.964822925201284320e-01,-8.354155197613608030e-02,-6.621917188220549123e-03,5.298254399176342666e+00,8.356468398283614651e-02,9.964969020004463829e-01,3.296648959396481209e-03,1.550149551528865466e-01,6.323312792976788603e-03,-3.838410729887662461e-03,9.999726407849320875e-01,1.036463979537603775e-01,0.000000000000000000e+00,0.000000000000000000e+00,0.000000000000000000e+00,1.000000000000000056e-01
9.949286889126255362e-01,-1.005715913362707631e-01,-1.502995240926922752e-03,5.434212285694123068e+00,1.005758638559382384e-01,9.949245456261258669e-01,3.105498394575811633e-03,2.119206418797889013e-01,1.183041941722724885e-03,-3.240914490863164906e-03,9.999940484248028838e-01,1.207757044816933217e-01,0.000000000000000000e+00,0.000000000000000000e+00,0.000000000000000000e+00,1.000000000000000056e-01
9.936796341967812918e-01,-1.122509816185991716e-01,7.083136393920970138e-04,5.559844105032280659e+00,1.122479493156401942e-01,9.936743536756393880e-01,3.417121849412514678e-03,2.859509943235133966e-01,-1.087408379729499792e-03,-3.316017635835995930e-03,9.999939107664879145e-01,1.450892495672329585e-01,0.000000000000000000e+00,0.000000000000000000e+00,0.000000000000000000e+00,1.000000000000000056e-01
9.921679510915530908e-01,-1.248501667314411839e-01,3.897780640436089138e-03,5.728762332933953871e+00,1.248313488983335134e-01,9.921666177404627751e-01,4.747312257780331862e-03,3.957001255859893818e-01,-4.459950561625818620e-03,-4.223565860938279307e-03,9.999811349882588019e-01,1.621733453512279599e-01,0.000000000000000000e+00,0.000000000000000000e+00,0.000000000000000000e+00,1.000000000000000056e-01
9.907682290118472457e-01,-1.352844327877791297e-01,8.742918621191671583e-03,5.830772627903403560e+00,1.352321217168121481e-01,9.907937678897897893e-01,6.323192763358622022e-03,5.173833435077895837e-01,-9.517858829443061677e-03,-5.082495060712175113e-03,9.999417876092890900e-01,1.870029649914843883e-01,0.000000000000000000e+00,0.000000000000000000e+00,0.000000000000000000e+00,1.000000000000000056e-01
9.901135349360196125e-01,-1.394302220129415293e-01,1.531016413763465651e-02,5.973847237944131194e+00,1.393441519279516871e-01,9.902223064153784504e-01,6.556767564004643140e-03,5.665836782535036420e-01,-1.607467760110302402e-02,-4.358562472914030705e-03,9.998612942169480267e-01,1.897290361853983254e-01,0.000000000000000000e+00,0.000000000000000000e+00,0.000000000000000000e+00,1.000000000000000056e-01
9.900198374339828078e-01,-1.395445918936873420e-01,1.969843548139164208e-02,6.065097058620058768e+00,1.394746028854326747e-01,9.902135744355290425e-01,4.890005476877329511e-03,6.733998035517018144e-01,-2.018803202744521436e-02,-2.093770961037963625e-03,9.997940085267672528e-01,1.804599268907351728e-01,0.000000000000000000e+00,0.000000000000000000e+00,0.000000000000000000e+00,1.000000000000000056e-01
9.901313321303857329e-01,-1.383756858740255447e-01,2.218365823304805848e-02,6.203117751933873159e+00,1.382062198363643302e-01,9.903625262353019654e-01,9.005966209872149839e-03,8.067835049502559697e-01,-2.321607056007138695e-02,-5.851169773970539383e-03,9.997133478552869823e-01,1.727561955335504551e-01,0.000000000000000000e+00,0.000000000000000000e+00,0.000000000000000000e+00,1.000000000000000056e-01
9.912391621049830848e-01,-1.298706886049240117e-01,2.405260382357687562e-02,6.380356838412930109e+00,1.295837820151652386e-01,9.914815102126449675e-01,1.313233966583737811e-02,9.536468616356534866e-01,-2.555321795894249445e-02,-9.900461996071162341e-03,9.996244364281052786e-01,1.553096272832970304e-01,0.000000000000000000e+00,0.000000000000000000e+00,0.000000000000000000e+00,1.000000000000000056e-01
9.934124332834820548e-01,-1.116054558160549104e-01,2.599922363998546232e-02,6.548232872759673917e+00,1.113133201176674525e-01,9.937076294751461258e-01,1.242947654840326210e-02,1.103344836020642150e+00,-2.722282428722364728e-02,-9.453536638540729203e-03,9.995846879993964818e-01,1.281686149372938122e-01,0.000000000000000000e+00,0.000000000000000000e+00,0.000000000000000000e+00,1.000000000000000056e-01
9.937254305349727534e-01,-1.083185806460671141e-01,2.787209706686100477e-02,6.826802013423609594e+00,1.080996387981733864e-01,9.940970295160812542e-01,9.250081027095331462e-03,1.253060140522881616e+00,-2.870952454826649139e-02,-6.179077125658389777e-03,9.995686980923760290e-01,9.973241476328591204e-02,0.000000000000000000e+00,0.000000000000000000e+00,0.000000000000000000e+00,1.000000000000000056e-01
9.954431773362073521e-01,-8.961576451300663770e-02,3.258673726449628355e-02,7.095874170379096846e+00,8.930671560190935054e-02,9.959453800382607191e-01,1.082176181793475037e-02,1.361265326721892821e+00,-3.342441088778758812e-02,-7.862234491146109089e-03,9.994103231534136045e-01,7.947010440586210755e-02,0.000000000000000000e+00,0.000000000000000000e+00,0.000000000000000000e+00,1.000000000000000056e-01
9.966916980780808899e-01,-7.242377285712089940e-02,3.688436128458568580e-02,7.181084112667216246e+00,7.211748101561357704e-02,9.973502342734904547e-01,9.569698353471198238e-03,1.436777762830406813e+00,-3.747970002807255591e-02,-6.878031677302082203e-03,9.992737186407194550e-01,4.472673858029019289e-02,0.000000000000000000e+00,0.000000000000000000e+00,0.000000000000000000e+00,1.000000000000000056e-01
9.979953016346635453e-01,-4.961852787118106733e-02,3.928587032297713860e-02,7.203968970215851364e+00,4.925047308109495314e-02,9.987335312310989810e-01,1.028224177637422111e-02,1.471250507863099299e+00,-3.974630569531324015e-02,-8.326781284283957599e-03,9.991751077248763879e-01,1.831518809268694106e-02,0.000000000000000000e+00,0.000000000000000000e+00,0.000000000000000000e+00,1.000000000000000056e-01
9.988292012765668249e-01,-2.669125302864808202e-02,4.034604923627778394e-02,7.256534556660529489e+00,2.635209963462410709e-02,9.996129718801584074e-01,8.914779512950984919e-03,1.478024015428071491e+00,-4.056838081637360871e-02,-7.841138991139692122e-03,9.991459968479378118e-01,-4.288015734598095083e-03,0.000000000000000000e+00,0.000000000000000000e+00,0.000000000000000000e+00,1.000000000000000056e-01
9.991919562921818265e-01,-4.692732649114805983e-03,3.991757434121631642e-02,7.333701124917172187e+00,4.454231680507928122e-03,9.999717075501679542e-01,6.061676281180886083e-03,1.468325337688683119e+00,-3.994489080143991122e-02,-5.878976057563371771e-03,9.991845892223196746e-01,-2.304985757216268180e-02,0.000000000000000000e+00,0.000000000000000000e+00,0.000000000000000000e+00,1.000000000000000056e-01
9.990977091604877902e-01,1.363860136690291970e-02,4.022133890138413631e-02,7.398962242136405187e+00,-1.381002345872922067e-02,9.998966874122366955e-01,3.987198779233347944e-03,1.424308982434871140e+00,-4.016280371605836924e-02,-4.539058800069144077e-03,9.991828391955472899e-01,-4.782241957612325817e-02,0.000000000000000000e+00,0.000000000000000000e+00,0.000000000000000000e+00,1.000000000000000056e-01
9.986112965863392921e-01,3.272077785596309851e-02,4.128957527816247419e-02,7.464927635199126499e+00,-3.285682574899383146e-02,9.994566333954676418e-01,2.620489171500945541e-03,1.384791570372583491e+00,-4.118139545778636001e-02,-3.973494469407568529e-03,9.991437854532504437e-01,-7.653688456497534376e-02,0.000000000000000000e+00,0.000000000000000000e+00,0.000000000000000000e+00,1.000000000000000056e-01
9.977511374297388658e-01,5.081429315709350136e-02,4.371012890174598431e-02,7.553497753178652907e+00,-5.098942515384401186e-02,9.986949815300331101e-01,2.900411903066959195e-03,1.319236086361026183e+00,-4.350570399548579770e-02,-5.122643621400261617e-03,9.990400453646416379e-01,-9.762877410361368857e-02,0.000000000000000000e+00,0.000000000000000000e+00,0.000000000000000000e+00,1.000000000000000056e-01
9.966066842079674970e-01,6.935578355283443519e-02,4.432710547478706242e-02,7.665688447229772606e+00,-6.947063793832132517e-02,9.975834398875155218e-01,1.054005044806626944e-03,1.234268961286176136e+00,-4.414688501404359644e-02,-4.129860768135915072e-03,9.990165147752025909e-01,-1.241764462159852256e-01,0.000000000000000000e+00,0.000000000000000000e+00,0.000000000000000000e+00,1.000000000000000056e-01
9.953447168553476443e-01,8.699784109623145967e-02,4.147614100591583836e-02,7.736929568346459618e+00,-8.705498234186151429e-02,9.962034156004282437e-01,-4.298784696269634768e-04,1.149885234995333683e+00,-4.135607183480963928e-02,-3.182827459245500621e-03,9.991394021515509483e-01,-1.539457061548623884e-01,0.000000000000000000e+00,0.000000000000000000e+00,0.000000000000000000e+00,1.000000000000000056e-01
9.948059622082103814e-01,9.569895081700910411e-02,3.468152775643414121e-02,7.844012638757456024e+00,-9.577479240995101506e-02,9.954028882976591053e-01,5.283062642197275654e-04,1.055974569458542067e+00,-3.447153454413409701e-02,-3.847178342850164634e-03,9.993982752261336699e-01,-1.778462825509242173e-01,0.000000000000000000e+00,0.000000000000000000e+00,0.000000000000000000e+00,1.000000000000000056e-01
9.946046370990264673e-01,1.008144442435275345e-01,2.445534078647355891e-02,7.929449374415407981e+00,-1.008853228362826260e-01,9.948966443768179069e-01,1.678881760763475993e-03,9.207035746508677176e-01,-2.416128095389211139e-02,-4.137008534711026503e-03,9.996995136855127972e-01,-1.992903661942750648e-01,0.000000000000000000e+00,0.000000000000000000e+00,0.000000000000000000e+00,1.000000000000000056e-01
9.949899187015462942e-01,9.866168402728356379e-02,1.615344505641926401e-02,8.029626378609869164e+00,-9.869321042232784280e-02,9.951172265305247011e-01,1.164336175936591441e-03,8.229471574202920081e-01,-1.595969607556535844e-02,-2.752738109035115805e-03,9.998688466664408248e-01,-2.039959715708063170e-01,0.000000000000000000e+00,0.000000000000000000e+00,0.000000000000000000e+00,1.000000000000000056e-01
9.953590656324915464e-01,9.544784020848072481e-02,1.224909232350399405e-02,8.140148539959032092e+00,-9.544987239483347652e-02,9.954341492609751763e-01,-4.199343860467974021e-04,6.864534790185061741e-01,-1.223324662644378197e-02,-7.511888011084964529e-04,9.999248888753403675e-01,-1.970315408208978825e-01,0.000000000000000000e+00,0.000000000000000000e+00,0.000000000000000000e+00,1.000000000000000056e-01
9.969322447665116549e-01,7.738653281330637457e-02,1.172279335052478673e-02,8.335081451284203524e+00,-7.734299632610469599e-02,9.969960171880579702e-01,-4.123424602176318024e-03,5.830636963789813665e-01,-1.200667581407137245e-02,3.204098981731774275e-03,9.999227837616317949e-01,-2.073395576364845116e-01,0.000000000000000000e+00,0.000000000000000000e+00,0.000000000000000000e+00,1.000000000000000056e-01
9.978201428779300830e-01,6.538303414786308942e-02,8.945463246055289711e-03,8.439698487370868918e+00,-6.531495420489760728e-02,9.978349716094262467e-01,-7.702349669268964728e-03,4.809779786831032133e-01,-9.429699055605341232e-03,7.101287125228040141e-03,9.999303238210579536e-01,-2.130612059228433608e-01,0.000000000000000000e+00,0.000000000000000000e+00,0.000000000000000000e+00,1.000000000000000056e-01
9.986011647147713388e-01,5.280567021173008385e-02,2.697225202345005911e-03,8.507869581052906582e+00,-5.275790685582871370e-02,9.984876375268380011e-01,-1.546094985004031579e-02,3.829923253661270954e-01,-3.509571839108639301e-03,1.529702257185241825e-02,9.998768344180909429e-01,-1.877871983234179754e-01,0.000000000000000000e+00,0.000000000000000000e+00,0.000000000000000000e+00,1.000000000000000056e-01
9.994769844158890582e-01,3.191391167701036063e-02,-5.221098006425018909e-03,7.864216075346959656e+00,-3.200081628809820639e-02,9.993345031304492476e-01,-1.750710169940897579e-02,2.436218431089874070e-01,4.658903284690749103e-03,1.766502461051333225e-02,9.998331068361828722e-01,-1.862469578376282076e-01,0.000000000000000000e+00,0.000000000000000000e+00,0.000000000000000000e+00,1.000000000000000056e-01
9.998386382035631126e-01,7.339206289834761254e-03,-1.639614608009042074e-02,7.221100566796902598e+00,-7.558573661277141406e-03,9.998822151269495251e-01,-1.335753858432495861e-02,1.364675470414510872e-01,1.629618113091107351e-02,1.347931466581044069e-02,9.997763462678483926e-01,-1.928339585335115958e-01,0.000000000000000000e+00,0.000000000000000000e+00,0.000000000000000000e+00,1.000000000000000056e-01
9.996266834985030325e-01,-1.916672001221228494e-02,-1.947127324437205459e-02,6.566626809106609564e+00,1.899016433671923965e-02,9.997772287739363772e-01,-9.212300666634103477e-03,4.460329566704622495e-02,1.964350519250408073e-02,8.839098884022707561e-03,9.997679745994419998e-01,-1.864336868817043080e-01,0.000000000000000000e+00,0.000000000000000000e+00,0.000000000000000000e+00,1.000000000000000056e-01
9.985044933154321178e-01,-5.120017571048531002e-02,-1.916556380875842139e-02,5.957493823258185550e+00,5.102405602897074066e-02,9.986515847937418311e-01,-9.568588992134826818e-03,-6.053200973378051672e-03,1.962963410878089746e-02,8.576374301730303393e-03,9.997705353072734447e-01,-1.553040448199337620e-01,0.000000000000000000e+00,0.000000000000000000e+00,0.000000000000000000e+00,1.000000000000000056e-01
9.975961002049916759e-01,-6.771903931982936609e-02,-1.470212805656772453e-02,6.007433704086043491e+00,6.761373066381662356e-02,9.976830362521799112e-01,-7.546032093254712372e-03,-3.164871189708708815e-02,1.517907380287665878e-02,6.533826461650899323e-03,9.998634430912332061e-01,-1.549798031746492943e-01,0.000000000000000000e+00,0.000000000000000000e+00,0.000000000000000000e+00,1.000000000000000056e-01
9.964940919182945223e-01,-8.283964452809254586e-02,-1.170974237090062486e-02,6.060942473835309485e+00,8.278368513703700249e-02,9.965540448267391493e-01,-5.186252461803837061e-03,-4.108901480418268581e-02,1.209901843396884308e-02,4.198694311915775537e-03,9.999179889966024470e-01,-1.377703610134586587e-01,0.000000000000000000e+00,0.000000000000000000e+00,0.000000000000000000e+00,1.000000000000000056e-01
9.950875755533525879e-01,-9.854338524847161551e-02,-9.482520926537117353e-03,6.153314143633736855e+00,9.852610843712922284e-02,9.951318696337096981e-01,-2.273322579918678112e-03,-5.129410885462571540e-02,9.660379681252636089e-03,1.327879169436626530e-03,9.999524557704357886e-01,-1.262963495062178199e-01,0.000000000000000000e+00,0.000000000000000000e+00,0.000000000000000000e+00,1.000000000000000056e-01
9.934343625461525829e-01,-1.143243558904291635e-01,-4.255462696100949238e-03,6.234118760381111457e+00,1.143239769324836952e-01,9.934434646273800906e-01,-3.329977301588393388e-04,-3.897335816205529935e-02,4.265631355420483606e-03,-1.556900313164273923e-04,9.999908900333811523e-01,-1.107204770316758402e-01,0.000000000000000000e+00,0.000000000000000000e+00,0.000000000000000000e+00,1.000000000000000056e-01
9.916950423672843407e-01,-1.286057520397761722e-01,-1.226167375906064101e-03,6.321099532249214725e+00,1.286074419596281715e-01,9.916945698626513650e-01,1.416325362262464997e-03,-2.232829202726044349e-02,1.033835940082007557e-03,-1.562257089764363316e-03,9.999982452664777366e-01,-1.094144823451994319e-01,0.000000000000000000e+00,0.000000000000000000e+00,0.000000000000000000e+00,1.000000000000000056e-01
9.900419600991322566e-01,-1.407608118496372351e-01,1.819640211467507323e-03,6.398354658518844218e+00,1.407587799485809366e-01,9.900431928585702313e-01,1.200892082967906262e-03,3.477590868845789607e-02,-1.970560949357499404e-03,-9.328032155775316898e-04,9.999976233810288218e-01,-9.237998008923226090e-02,0.000000000000000000e+00,0.000000000000000000e+00,0.000000000000000000e+00,1.000000000000000056e-01
9.886216060637933456e-01,-1.504046880393043739e-01,2.397882325172166155e-03,6.471647174576276029e+00,1.503972918597375752e-01,9.886210444629675020e-01,3.014141039855213443e-03,6.431537711213938802e-02,-2.823937871616883592e-03,-2.619209947820228500e-03,9.999925825295638004e-01,-8.773293087341869911e-02,0.000000000000000000e+00,0.000000000000000000e+00,0.000000000000000000e+00,1.000000000000000056e-01
9.864221511465358638e-01,-1.641957955195774144e-01,3.328732661827424073e-03,6.556464296723479634e+00,1.641755173617256425e-01,9.864149416917724622e-01,5.653521577469933744e-03,1.356947990426784212e-01,-4.211796107423768955e-03,-5.030262509086857493e-03,9.999784783847296410e-01,-8.422852935336555547e-02,0.000000000000000000e+00,0.000000000000000000e+00,0.000000000000000000e+00,1.000000000000000056e-01
9.852851460200990896e-01,-1.708616198033166000e-01,4.414511336358134357e-03,6.630465046154300879e+00,1.708513610564907914e-01,9.852933635115420641e-01,2.607727987496624624e-03,2.121013070181698990e-01,-4.795149350810255263e-03,-1.815130380725215545e-03,9.999868558358177006e-01,-7.300387507828692835e-02,0.000000000000000000e+00,0.000000000000000000e+00,0.000000000000000000e+00,1.000000000000000056e-01
9.839505809409689885e-01,-1.781083166344649693e-01,1.089411820969896430e-02,6.688226556884647067e+00,1.781306456876780020e-01,9.840062233089170718e-01,-1.107048423733531135e-03,2.991539159650448698e-01,-1.052270558462276365e-02,3.029857250553959040e-03,9.999400445187804909e-01,-6.587067215548313148e-02,0.000000000000000000e+00,0.000000000000000000e+00,0.000000000000000000e+00,1.000000000000000056e-01
9.826596479229778858e-01,-1.847250191005050113e-01,1.602135019925291642e-02,6.752929580456701331e+00,1.847449307762956960e-01,9.827864734835253246e-01,2.410192477232113873e-04,3.776012029713585738e-01,-1.579008854790760891e-02,2.723023344393418928e-03,9.998716208831587293e-01,-7.858655851111502610e-02,0.000000000000000000e+00,0.000000000000000000e+00,0.000000000000000000e+00,1.000000000000000056e-01
9.815810987213345884e-01,-1.903415208296006522e-01,1.639060954608511159e-02,6.766290256306154660e+00,1.903463421268944966e-01,9.817161668075945480e-01,1.279791980909952397e-03,4.435263065070909616e-01,-1.633452392721456911e-02,1.863672953571114677e-03,9.998648458922803073e-01,-7.405022145892893592e-02,0.000000000000000000e+00,0.000000000000000000e+00,0.000000000000000000e+00,1.000000000000000056e-01
9.808591876518719666e-01,-1.939674393067862823e-01,1.708468576468320441e-02,6.831292578747058641e+00,1.940070495832457720e-01,9.809999016460791976e-01,-6.765222737417028471e-04,5.419290112436414564e-01,-1.662885176173671195e-02,3.978122566113751965e-03,9.998538172302664506e-01,-8.668350460852318473e-02,0.000000000000000000e+00,0.000000000000000000e+00,0.000000000000000000e+00,1.000000000000000056e-01
9.814485975453740574e-01,-1.908475959664222843e-01,1.832608769092687606e-02,6.887118299923209896e+00,1.909744243425764709e-01,9.815800296470901243e-01,-5.423526992583772681e-03,6.328491305086031415e-01,-1.695345461078156396e-02,8.822727007847161115e-03,9.998173532525354013e-01,-9.270750705548697068e-02,0.000000000000000000e+00,0.000000000000000000e+00,0.000000000000000000e+00,1.000000000000000056e-01
9.825742446171715772e-01,-1.847635077455785091e-01,2.025586385578740170e-02,6.976285708047484491e+00,1.849021697151586874e-01,9.827432561859589244e-01,-5.184597925140032280e-03,7.333533568971151162e-01,-1.894838910359666548e-02,8.839605566328172237e-03,9.997813860658790741e-01,-1.060662680117314682e-01,0.000000000000000000e+00,0.000000000000000000e+00,0.000000000000000000e+00,1.000000000000000056e-01
9.836030485417820435e-01,-1.779493341853154997e-01,2.931002153386728926e-02,7.086640955895087579e+00,1.783199760895688435e-01,9.839161289845201885e-01,-1.053742148405861605e-02,8.144078150024489648e-01,-2.696347579093735791e-02,1.559120223459368494e-02,9.995148249956833375e-01,-9.160069632623905889e-02,0.000000000000000000e+00,0.000000000000000000e+00,0.000000000000000000e+00,1.000000000000000056e-01
9.852325281104250543e-01,-1.682434040952179022e-01,3.179658050158263444e-02,7.150182583928839541e+00,1.686919207560599043e-01,9.855960959892084983e-01,-1.197378146042613750e-02,8.639295035278946600e-01,-2.932407585537213229e-02,1.716078521758403891e-02,9.994226363385734224e-01,-1.210017354351533847e-01,0.000000000000000000e+00,0.000000000000000000e+00,0.000000000000000000e+00,1.000000000000000056e-01
9.866299014120054611e-01,-1.598019656428665558e-01,3.201201987398700349e-02,7.214947518557528028e+00,1.602760501306357555e-01,9.869889867402034112e-01,-1.281904084042466765e-02,9.328372993072039376e-01,-2.954700313497764241e-02,1.777840910269070859e-02,9.994052745385723080e-01,-1.403238930994779032e-01,0.000000000000000000e+00,0.000000000000000000e+00,0.000000000000000000e+00,1.000000000000000056e-01
9.889194643021278486e-01,-1.451239938335639468e-01,3.126211026447510422e-02,7.324030150228811209e+00,1.456993990205036615e-01,9.891832240033198165e-01,-1.697746964250426358e-02,9.900357833850450540e-01,-2.846011682085245256e-02,2.134422086171769775e-02,9.993670226630202436e-01,-1.449812550182060511e-01,0.000000000000000000e+00,0.000000000000000000e+00,0.000000000000000000e+00,1.000000000000000056e-01
9.906821094713248455e-01,-1.321507975932199319e-01,3.294123053138500734e-02,7.428932063184118917e+00,1.328287542225820295e-01,9.909508629093632948e-01,-1.931086095608171987e-02,1.017581780110898171e+00,-3.009119514281427196e-02,2.350646708172123706e-02,9.992707170633056135e-01,-1.643095090577502693e-01,0.000000000000000000e+00,0.000000000000000000e+00,0.000000000000000000e+00,1.000000000000000056e-01
9.928228794895510578e-01,-1.140555090857642284e-01,3.597319570546190365e-02,7.674672577722239097e+00,1.148607406423843014e-01,9.931560605835040301e-01,-2.116718179962061644e-02,1.084768126947194267e+00,-3.331276363736931229e-02,2.514717028698095283e-02,9.991285600989485705e-01,-1.879243446439471943e-01,0.000000000000000000e+00,0.000000000000000000e+00,0.000000000000000000e+00,1.000000000000000056e-01
9.947980790610719826e-01,-9.374661889560477468e-02,3.985415087595551437e-02,7.913094083833163594e+00,9.460476497502100235e-02,9.953096074897623824e-01,-2.021691575379823066e-02,1.128820887830137343e+00,-3.777195176876917831e-02,2.388214153331679954e-02,9.990009624496667406e-01,-1.943860016997036588e-01,0.000000000000000000e+00,0.000000000000000000e+00,0.000000000000000000e+00,1.000000000000000056e-01
9.967027778026664731e-01,-7.170385006870472200e-02,3.797539474150523481e-02,8.155350899339888215e+00,7.246040003540640817e-02,9.971915625585239251e-01,-1.893351496152759911e-02,1.157085426689417051e+00,-3.651113730298340826e-02,2.162279925019484211e-02,9.990992900635193852e-01,-2.280193309929189061e-01,0.000000000000000000e+00,0.000000000000000000e+00,0.000000000000000000e+00,1.000000000000000056e-01
9.980118297168252273e-01,-5.361561488622607063e-02,3.313236462503754004e-02,8.336316289492348375e+00,5.421871148812133778e-02,9.983743184199400655e-01,-1.757986473463264351e-02,1.153747920687216322e+00,-3.213594669279878219e-02,1.934130708850916383e-02,9.992963498233472519e-01,-2.423434750465419396e-01,0.000000000000000000e+00,0.000000000000000000e+00,0.000000000000000000e+00,1.000000000000000056e-01
9.992016573396922396e-01,-3.179653775755100775e-02,2.418735529662017006e-02,8.520540953889184976e+00,3.222073464923802533e-02,9.993300875367134850e-01,-1.735512611673888789e-02,1.116627271968642088e+00,-2.361931896299507630e-02,1.812060513606411627e-02,9.995567875019543136e-01,-2.735748411728469165e-01,0.000000000000000000e+00,0.000000000000000000e+00,0.000000000000000000e+00,1.000000000000000056e-01
9.997211701094950165e-01,-1.572214027262786723e-02,1.761806857036280968e-02,8.741075085431514680e+00,1.605991946711889801e-02,9.996867142094402192e-01,-1.919771913125970300e-02,1.062517178765273407e+00,-1.731071984672643074e-02,1.947531099574259170e-02,9.996604679790069836e-01,-2.818916333380657724e-01,0.000000000000000000e+00,0.000000000000000000e+00,0.000000000000000000e+00,1.000000000000000056e-01
9.999316667894776467e-01,1.005332204134205961e-05,1.169023740339762175e-02,8.921260874745975400e+00,1.810515597314461410e-04,9.998663752644277869e-01,-1.634621778599671879e-02,1.012359255010747194e+00,-1.168883963230737781e-02,1.634721733217102055e-02,9.997980493647429245e-01,-3.229467400727185633e-01,0.000000000000000000e+00,0.000000000000000000e+00,0.000000000000000000e+00,1.000000000000000056e-01
9.998884718531971805e-01,1.276773975672171151e-02,7.747817536749421544e-03,9.125134201095542963e+00,-1.264545242463239495e-02,9.997978407621280761e-01,-1.563234276629170416e-02,9.446554898832615343e-01,-7.945840928088905228e-03,1.553262466201709401e-02,9.998477890074340957e-01,-3.221868148471361826e-01,0.000000000000000000e+00,0.000000000000000000e+00,0.000000000000000000e+00,1.000000000000000056e-01
9.995412887150525449e-01,2.966483577710617506e-02,6.099973128573630762e-03,9.233542870761421995e+00,-2.954703372495566180e-02,9.993908515645595347e-01,-1.857144601588406677e-02,8.765498465364517378e-01,-6.647176235690725049e-03,1.838269097226749929e-02,9.998089276060250219e-01,-3.155280441761014187e-01,0.000000000000000000e+00,0.000000000000000000e+00,0.000000000000000000e+00,1.000000000000000056e-01
