1.000000000000000000e+00,-9.723729382390923700e-14,3.975363964332779602e-14,6.171190980082557052e-21,9.723729382390961565e-14,1.000000000000000000e+00,-9.413692655947401089e-15,2.261260061229759072e-20,-3.975363964332687463e-14,9.413692655951266508e-15,1.000000000000000000e+00,-1.249865250363312824e-20,0.000000000000000000e+00,0.000000000000000000e+00,0.000000000000000000e+00,1.000000000000000056e-01
9.999970979443123520e-01,-2.266481275955069003e-03,-8.168020440718071207e-04,6.462950337372751486e-01,2.265289785717403224e-03,9.999963732216059498e-01,-1.456710616833283402e-03,1.709475395168125883e-02,8.201006890493391099e-04,1.454856096050563584e-03,9.999986054133274127e-01,6.593484149882172796e-03,0.000000000000000000e+00,0.000000000000000000e+00,0.000000000000000000e+00,1.000000000000000056e-01
9.999758305589524499e-01,-6.895613836628511351e-03,-8.881484950448594430e-04,1.299010191267594871e+00,6.894944407936075617e-03,9.999759448675987761e-01,-7.546043761167612988e-04,1.889583112217533070e-02,8.933305908923504712e-04,7.484624032514520641e-04,9.999993208820125989e-01,1.042917224955663275e-02,0.000000000000000000e+00,0.000000000000000000e+00,0.000000000000000000e+00,1.000000000000000056e-01
9.999237799436612173e-01,-1.193636388542127814e-02,-3.155553893583815193e-03,2.001015354368911314e+00,1.193591478456096193e-02,9.999287514518623299e-01,-1.611154104530305368e-04,2.351826235020021763e-02,3.157252197117043756e-03,1.234387078554627956e-04,9.999950082482658154e-01,1.659118990768991900e-02,0.000000000000000000e+00,0.000000000000000000e+00,0.000000000000000000e+00,1.000000000000000056e-01
9.998456295858890730e-01,-1.707135408438944374e-02,-4.157627655583825618e-03,2.705494402890869399e+00,1.706787171750783622e-02,9.998539533403251189e-01,-8.716333848727803686e-04,3.301890365643680297e-02,4.171900410097493378e-03,8.005369749915371798e-04,9.999909771530540725e-01,1.898337041290031058e-02,0.000000000000000000e+00,0.000000000000000000e+00,0.000000000000000000e+00,1.000000000000000056e-01
9.997468979647430309e-01,-2.212931933756120961e-02,-4.053792733957446541e-03,3.417110376478554201e+00,2.212815179349068156e-02,9.997550871319771382e-01,-3.326438592395606123e-04,3.937000241354511598e-02,4.060161090139392977e-03,2.428567254454114049e-04,9.999917280220537164e-01,3.633483788033999018e-02,0.000000000000000000e+00,0.000000000000000000e+00,0.000000000000000000e+00,1.000000000000000056e-01
9.996154052785239941e-01,-2.738615782959129274e-02,-4.363472147825247019e-03,4.159164070550852799e+00,2.739223263291996890e-02,9.996238661902749900e-01,1.338556756848006653e-03,6.777594260964535378e-02,4.325172971815751527e-03,-1.457567199145422916e-03,9.999895841340668001e-01,4.717203062339660885e-02,0.000000000000000000e+00,0.000000000000000000e+00,0.000000000000000000e+00,1.000000000000000056e-01
9.994664678538768277e-01,-3.231961460883159970e-02,-4.714037253995022846e-03,4.927043501467141873e+00,3.233567301590894311e-02,9.994713805546366903e-01,3.371009168890404598e-03,1.001080123926970517e-01,4.602595605055018364e-03,-3.521642194363921834e-03,9.999832069339720242e-01,5.711974419380901058e-02,0.000000000000000000e+00,0.000000000000000000e+00,0.000000000000000000e+00,1.000000000000000056e-01
9.993097712821400469e-01,-3.688027122536875757e-02,-4.452708656551614824e-03,5.697602327032012859e+00,3.689765543610426524e-02,9.993114890729428712e-01,3.887265122958945968e-03,1.416073244126386799e-01,4.306279525926935345e-03,-4.048876530703944196e-03,9.999825311251610005e-01,6.517081650803148440e-02,0.000000000000000000e+00,0.000000000000000000e+00,0.000000000000000000e+00,1.000000000000000056e-01
9.991994780598751902e-01,-3.995777174321515912e-02,-1.944099326185746513e-03,6.491116768356339328e+00,3.996589657998385337e-02,9.991916313469291211e-01,4.337159994793842073e-03,1.838506912254229131e-01,1.769224528146225118e-03,-4.411385675671733279e-03,9.999887046967027571e-01,7.641348462971120359e-02,0.000000000000000000e+00,0.000000000000000000e+00,0.000000000000000000e+00,1.000000000000000056e-01
9.990592666556077361e-01,-4.336491333365737749e-02,-2.569068384023414720e-04,7.288510178649922899e+00,4.336539321637918748e-02,9.990565896956301595e-01,2.318028672410724078e-03,2.203255137000790509e-01,1.561433573597057096e-04,-2.326988891612624330e-03,9.999972803672769750e-01,8.320149950123076343e-02,0.000000000000000000e+00,0.000000000000000000e+00,0.000000000000000000e+00,1.000000000000000056e-01
9.989371502309335460e-01,-4.609045019079940214e-02,4.901935441091100770e-04,8.096948890218099493e+00,4.608896861026413189e-02,9.989337031638682030e-01,2.695117022106642383e-03,2.712309211876915982e-01,-6.138900091497161062e-04,-2.669660002734690861e-03,9.999962480202245763e-01,9.759260180445378241e-02,0.000000000000000000e+00,0.000000000000000000e+00,0.000000000000000000e+00,1.000000000000000056e-01
9.988151676239432897e-01,-4.866445771358413747e-02,-1.774254686143646414e-04,8.927478392211504854e+00,4.866469555412680087e-02,9.988136105890651484e-01,1.765986596623899361e-03,3.059539773745000302e-01,9.127419286301030523e-05,-1.772528554942203512e-03,9.999984249045313911e-01,1.009917719262346941e-01,0.000000000000000000e+00,0.000000000000000000e+00,0.000000000000000000e+00,1.000000000000000056e-01
9.987078758787594213e-01,-5.080939858450740643e-02,-9.918030132578328512e-04,9.700704809132135509e+00,5.081149108525880032e-02,9.987058102879866617e-01,2.212887414391281459e-03,3.768602687321992439e-01,8.780839533412840509e-04,-2.260423079152039643e-03,9.999970597237144432e-01,1.185624686899949959e-01,0.000000000000000000e+00,0.000000000000000000e+00,0.000000000000000000e+00,1.000000000000000056e-01
9.985770989284715737e-01,-5.331342003230330612e-02,-1.206954869334386045e-03,1.050317294414498193e+01,5.331380940214495295e-02,9.985777646383118267e-01,2.927404723455281888e-04,4.394106417617527627e-01,1.189631299676644849e-03,-3.566712934744322295e-04,9.999992287811821923e-01,1.270781758116796556e-01,0.000000000000000000e+00,0.000000000000000000e+00,0.000000000000000000e+00,1.000000000000000056e-01
9.984431256660397658e-01,-5.576901930316078421e-02,-1.068314650427920186e-03,1.131010715842630177e+01,5.576884991922408802e-02,9.984436890190906411e-01,-1.877142415620264705e-04,4.967638742031231791e-01,1.077120659767543537e-03,1.278433146709967135e-04,9.999994117334125576e-01,1.503504543262818294e-01,0.000000000000000000e+00,0.000000000000000000e+00,0.000000000000000000e+00,1.000000000000000056e-01
9.982861415698426333e-01,-5.848496332057881442e-02,-2.070897145339581445e-03,1.216418247320131307e+01,5.848554827374465026e-02,9.982882303819804459e-01,2.229886398283822523e-04,5.461649651445917852e-01,2.054310764102877055e-03,-3.437240238319011921e-04,9.999978308281872730e-01,1.549266078844593053e-01,0.000000000000000000e+00,0.000000000000000000e+00,0.000000000000000000e+00,1.000000000000000056e-01
9.981981250281078966e-01,-5.989024756520173326e-02,-3.696138112770845034e-03,1.304150615429720794e+01,5.990320023167739621e-02,9.981980577643274621e-01,3.499153830290747686e-03,6.073773209311736920e-01,3.479912696231727155e-03,-3.714259294034392891e-03,9.999870471588735432e-01,1.697358490772210016e-01,0.000000000000000000e+00,0.000000000000000000e+00,0.000000000000000000e+00,1.000000000000000056e-01
9.983669128251434488e-01,-5.697593800399358699e-02,-4.153295626066469057e-03,1.392821243798059783e+01,5.700533380606617739e-02,9.983468852301102814e-01,7.340890204601803470e-03,6.695218228954900042e-01,3.728175646531783644e-03,-7.565661894515832500e-03,9.999644301006144209e-01,1.875835417491588109e-01,0.000000000000000000e+00,0.000000000000000000e+00,0.000000000000000000e+00,1.000000000000000056e-01
9.975289591426128588e-01,-7.011944114271348449e-02,-4.386302051720633761e-03,1.488594235800605325e+01,7.014109462845022347e-02,9.975245772169559766e-01,4.994466183278951400e-03,7.611612289941948051e-01,4.025234922110790432e-03,-5.289784680557932557e-03,9.999779075868902023e-01,1.915905221999082697e-01,0.000000000000000000e+00,0.000000000000000000e+00,0.000000000000000000e+00,1.000000000000000056e-01
9.972744828140734930e-01,-7.371032049890315074e-02,-3.224062634505307431e-03,1.582627556669771351e+01,7.371373865677420534e-02,9.972789849833700870e-01,9.543813598107827537e-04,8.417283864941809135e-01,3.144942155752431315e-03,-1.189437887465685578e-03,9.999943472721977145e-01,1.890880764922971413e-01,0.000000000000000000e+00,0.000000000000000000e+00,0.000000000000000000e+00,1.000000000000000056e-01
9.970695914538674209e-01,-7.648626099018129842e-02,-1.442802051501729287e-03,1.673085168269730261e+01,7.648935763900577278e-02,9.970679054653862616e-01,2.229362877562005192e-03,9.258571854187167549e-01,1.268055988596962459e-03,-2.333188935652773938e-03,9.999964741254843137e-01,2.048252586382224294e-01,0.000000000000000000e+00,0.000000000000000000e+00,0.000000000000000000e+00,1.000000000000000056e-01
9.970262802730327500e-01,-7.705418799209841352e-02,-1.117388830445975416e-03,1.760297618263652808e+01,7.705606412978362185e-02,9.970252320336813190e-01,1.746330155123288928e-03,1.001523949412336467e+00,9.795028058781022479e-04,-1.827238644067949924e-03,9.999978508842860547e-01,2.213472755189150043e-01,0.000000000000000000e+00,0.000000000000000000e+00,0.000000000000000000e+00,1.000000000000000056e-01
9.969716977028288962e-01,-7.774238732666426122e-02,-1.885521755380448325e-03,1.850193250397729372e+01,7.774408604072195750e-02,9.969729902165112012e-01,8.449049893728157162e-04,1.074986387462897319e+00,1.814129331641878068e-03,-9.889345272345573517e-04,9.999978654693563174e-01,2.241824663699654441e-01,0.000000000000000000e+00,0.000000000000000000e+00,0.000000000000000000e+00,1.000000000000000056e-01
9.968034426453578067e-01,-7.989196412404606096e-02,-4.132780723355350188e-04,1.941986055015141588e+01,7.989197248357896020e-02,9.968035276416091772e-01,3.731854664673107946e-06,1.150975682449620896e+00,4.116588952019991938e-04,-3.673752596029540140e-05,9.999999145936504519e-01,2.341753076159841240e-01,0.000000000000000000e+00,0.000000000000000000e+00,0.000000000000000000e+00,1.000000000000000056e-01
9.966382936742572696e-01,-8.192062596314543532e-02,1.059539461917666844e-03,2.034523888701220784e+01,8.192299241603497040e-02,9.966357104409521162e-01,-2.425693191843828183e-03,1.214463308941836184e+00,-8.572605596981514205e-04,2.504339366999666725e-03,9.999964966881972339e-01,2.501935483556808615e-01,0.000000000000000000e+00,0.000000000000000000e+00,0.000000000000000000e+00,1.000000000000000056e-01
9.966628076661243618e-01,-8.152707829898100944e-02,4.072262161231131848e-03,2.127860503577475981e+01,8.153397151496008521e-02,9.966693483542146126e-01,-1.556129873420820757e-03,1.304089244727948405e+00,-3.931832152527994263e-03,1.882964475791994770e-03,9.999904975252050798e-01,2.525141728781562511e-01,0.000000000000000000e+00,0.000000000000000000e+00,0.000000000000000000e+00,1.000000000000000056e-01
9.967815957763594970e-01,-7.981835443615448167e-02,7.448531173234165283e-03,2.224176798103857067e+01,7.983282327932622602e-02,9.968068754270231757e-01,-1.665361422349947518e-03,1.394254332583867217e+00,-7.291820677038900710e-03,2.254638888957724054e-03,9.999708725531430975e-01,2.641842965457417702e-01,0.000000000000000000e+00,0.000000000000000000e+00,0.000000000000000000e+00,1.000000000000000056e-01
9.969405656808555394e-01,-7.754396143150382725e-02,9.820516556942257558e-03,2.321438637520333259e+01,7.755574552302096913e-02,9.969876764000300540e-01,-8.242832263982342346e-04,1.471439664833432692e+00,-9.727015796437425005e-03,1.583398869001523702e-03,9.999514378267163606e-01,2.668899146729485916e-01,0.000000000000000000e+00,0.000000000000000000e+00,0.000000000000000000e+00,1.000000000000000056e-01
9.970943736074645569e-01,-7.545628138661321371e-02,1.044795289241890086e-02,2.413416861759380794e+01,7.547929729083226180e-02,9.971456974675565466e-01,-1.825842934761621669e-03,1.557090748766175814e+00,-1.028035995576608540e-02,2.609141859789250797e-03,9.999437517070324244e-01,2.643441538816154734e-01,0.000000000000000000e+00,0.000000000000000000e+00,0.000000000000000000e+00,1.000000000000000056e-01
9.971769612956434825e-01,-7.462833794090048545e-02,8.289694648509551844e-03,2.507453546310522086e+01,7.464926881679334603e-02,9.972073250416922940e-01,-2.244448331058150961e-03,1.633388867979442383e+00,-8.099044777311544679e-03,2.856931810775367904e-03,9.999631210271324733e-01,2.712734746036938871e-01,0.000000000000000000e+00,0.000000000000000000e+00,0.000000000000000000e+00,1.000000000000000056e-01
9.973967216678000236e-01,-7.193009217170681646e-02,5.083448287816033119e-03,2.600546224365980663e+01,7.195049032004574574e-02,9.974003815257334038e-01,-3.950427195450736603e-03,1.708061330617665963e+00,-4.786078669447658800e-03,4.305899730754847443e-03,9.999792761244997719e-01,2.724641328297977005e-01,0.000000000000000000e+00,0.000000000000000000e+00,0.000000000000000000e+00,1.000000000000000056e-01
9.974646460086648014e-01,-7.109933796022557817e-02,3.027227184528022592e-03,2.695864119102225587e+01,7.111151638342308456e-02,9.974598393984511757e-01,-4.125654477303543344e-03,1.778920083989527834e+00,-2.726206239313024374e-03,4.330465198286550729e-03,9.999869073496447935e-01,2.798497834797664674e-01,0.000000000000000000e+00,0.000000000000000000e+00,0.000000000000000000e+00,1.000000000000000056e-01
9.973796381443164050e-01,-7.219612075740146351e-02,4.645165518594808300e-03,2.792729060652743911e+01,7.222167252296561590e-02,9.973729377283487851e-01,-5.590447666224650225e-03,1.849832574446740097e+00,-4.229353744716645054e-03,5.911280293302805314e-03,9.999735843172038452e-01,2.874425554989872289e-01,0.000000000000000000e+00,0.000000000000000000e+00,0.000000000000000000e+00,1.000000000000000056e-01
9.975233049313142475e-01,-6.988235820091963368e-02,7.981987921984333781e-03,2.892192983115954519e+01,6.995751362518969063e-02,9.975041627170490033e-01,-9.559897987975882888e-03,1.919495127876519325e+00,-7.293997963376599829e-03,1.009462106458024200e-02,9.999224451022553639e-01,2.928185219981696563e-01,0.000000000000000000e+00,0.000000000000000000e+00,0.000000000000000000e+00,1.000000000000000056e-01
9.973756285508394992e-01,-7.135306954865071327e-02,1.227171702751245902e-02,2.986652848496471790e+01,7.149968931707730013e-02,9.973689736335613620e-01,-1.195511859822974247e-02,1.973246792498414948e+00,-1.138639540764974437e-02,1.280116788116344821e-02,9.998532292794272136e-01,2.985439940958360405e-01,0.000000000000000000e+00,0.000000000000000000e+00,0.000000000000000000e+00,1.000000000000000056e-01
9.974129848597647063e-01,-7.082533671565709177e-02,1.229265277507163127e-02,3.077262680216076518e+01,7.105949849954808217e-02,9.972757323377875460e-01,-1.979043615290791702e-02,2.019389045243701997e+00,-1.085749999435428083e-02,2.061274773637415680e-02,9.997285778273167223e-01,3.131693344125112133e-01,0.000000000000000000e+00,0.000000000000000000e+00,0.000000000000000000e+00,1.000000000000000056e-01
9.973904655183505330e-01,-7.158046907429077566e-02,9.407217452171538763e-03,3.171194022527592082e+01,7.177406387670143273e-02,9.971745218003756905e-01,-2.216882556238071803e-02,2.083976499961611495e+00,-7.793782631759962887e-03,2.278616947397219331e-02,9.997099816611777490e-01,3.091401156197561839e-01,0.000000000000000000e+00,0.000000000000000000e+00,0.000000000000000000e+00,1.000000000000000056e-01
9.974371989098811397e-01,-7.118631959248995777e-02,7.179285040039807067e-03,3.269091544704225072e+01,7.133487164708803008e-02,9.971836839093130012e-01,-2.315246492589570840e-02,2.166199267100162640e+00,-5.510927136493188813e-03,2.360526314039378473e-02,9.997061674483003202e-01,3.079800701265135721e-01,0.000000000000000000e+00,0.000000000000000000e+00,0.000000000000000000e+00,1.000000000000000056e-01
9.973975610672467518e-01,-7.185604058596485599e-02,5.900390530803118622e-03,3.365758708261329701e+01,7.197368792543172578e-02,9.971410605590603771e-01,-2.301072779302616375e-02,2.244790668729975014e+00,-4.230061881389381856e-03,2.337551664584880048e-02,9.997178060823060930e-01,3.064362942451809291e-01,0.000000000000000000e+00,0.000000000000000000e+00,0.000000000000000000e+00,1.000000000000000056e-01
9.975082087379223417e-01,-7.014171417697818989e-02,7.583761123395066361e-03,3.461264702800600901e+01,7.030512691456307361e-02,9.972366381460614493e-01,-2.400576323861526237e-02,2.301464554434019316e+00,-5.878999063514132525e-03,2.447912317580779387e-02,9.996830547221228214e-01,3.189762204218917763e-01,0.000000000000000000e+00,0.000000000000000000e+00,0.000000000000000000e+00,1.000000000000000056e-01
9.973393624445175965e-01,-7.223809225289139213e-02,9.790513082875680964e-03,3.559075906474513573e+01,7.244128163204548165e-02,9.971235534401968748e-01,-2.229080281868696042e-02,2.388512065030734988e+00,-8.152106124792416961e-03,2.294073238712452875e-02,9.997035890519111456e-01,3.145337267826020522e-01,0.000000000000000000e+00,0.000000000000000000e+00,0.000000000000000000e+00,1.000000000000000056e-01
9.973411331318768891e-01,-7.197320739470156048e-02,1.142460417446075974e-02,3.657196864331845632e+01,7.219906355362479267e-02,9.971739605353403535e-01,-2.076987366940954288e-02,2.466481251838117839e+00,-9.897443367025453992e-03,2.153949506332174940e-02,9.997190059047660338e-01,3.234613230793154104e-01,0.000000000000000000e+00,0.000000000000000000e+00,0.000000000000000000e+00,1.000000000000000056e-01
9.973895226156571647e-01,-7.108699399001713881e-02,1.267988414674462230e-02,3.757158887790678392e+01,7.133110563351280353e-02,9.972527999896210193e-01,-1.996813165926293251e-02,2.544153297054505103e+00,-1.122557551363118425e-02,2.082047545865099367e-02,9.997202079862462787e-01,3.191566210067732778e-01,0.000000000000000000e+00,0.000000000000000000e+00,0.000000000000000000e+00,1.000000000000000056e-01
9.972859191506799892e-01,-7.195987571783739323e-02,1.557471510034304576e-02,3.856317343982293977e+01,7.225559827892925890e-02,9.971986406488326793e-01,-1.933906940559201870e-02,2.612723414174370706e+00,-1.413944769562990034e-02,2.041194196527378740e-02,9.996916667873494422e-01,3.361172597263872297e-01,0.000000000000000000e+00,0.000000000000000000e+00,0.000000000000000000e+00,1.000000000000000056e-01
9.974465570346690013e-01,-6.941035661043881699e-02,1.680976665205145479e-02,3.957614514487507051e+01,6.971245553205393519e-02,9.974027921939321306e-01,-1.810645375105722141e-02,2.692366494786842868e+00,-1.550933278307327010e-02,1.923207006433483648e-02,9.996947474492723362e-01,3.325062135609278546e-01,0.000000000000000000e+00,0.000000000000000000e+00,0.000000000000000000e+00,1.000000000000000056e-01
9.974080115876027275e-01,-7.025302467437745391e-02,1.554898533557620526e-02,4.058575437939168040e+01,7.056348038005251511e-02,9.972984756792087069e-01,-2.040944988432373888e-02,2.774091384964338491e+00,-1.407315378721465428e-02,2.145373934837682336e-02,9.996707875147964328e-01,3.458331764753588278e-01,0.000000000000000000e+00,0.000000000000000000e+00,0.000000000000000000e+00,1.000000000000000056e-01
9.974612783408651762e-01,-6.993387644408238790e-02,1.342576389301242817e-02,4.159355131382654491e+01,7.015839886368510636e-02,9.973901175260606600e-01,-1.705146709919817469e-02,2.846908973810612142e+00,-1.219824903382314696e-02,1.795010826860904060e-02,9.997644704297378171e-01,3.612195559663941014e-01,0.000000000000000000e+00,0.000000000000000000e+00,0.000000000000000000e+00,1.000000000000000056e-01
9.975964007858246774e-01,-6.839340307655294993e-02,1.112490695585916997e-02,4.262631170223529153e+01,6.855516633888777966e-02,9.975364371269291874e-01,-1.487433266938155418e-02,2.920315011447808917e+00,-1.008019381836459602e-02,1.560125058192961961e-02,9.998274804549353023e-01,3.696478471483518602e-01,0.000000000000000000e+00,0.000000000000000000e+00,0.000000000000000000e+00,1.000000000000000056e-01
9.975794880789011776e-01,-6.863986190033019574e-02,1.112359305894932739e-02,4.367522184979482347e+01,6.883604389519062949e-02,9.974594994348850996e-01,-1.833428613193915577e-02,2.989904095958937802e+00,-9.836870696359514485e-03,1.905561191387003181e-02,9.997700333724206523e-01,3.786021819388443732e-01,0.000000000000000000e+00,0.000000000000000000e+00,0.000000000000000000e+00,1.000000000000000056e-01
9.975839570288352887e-01,-6.829592719998990591e-02,1.272458276661677691e-02,4.468835695659999629e+01,6.854557592350628281e-02,9.974405884881478723e-01,-2.034149595610131728e-02,3.075363515884379950e+00,-1.130277399604359863e-02,2.116456388189767723e-02,9.997121128283299463e-01,3.869320668110614037e-01,0.000000000000000000e+00,0.000000000000000000e+00,0.000000000000000000e+00,1.000000000000000056e-01
9.975776459107751348e-01,-6.827760266424520719e-02,1.330448621854645602e-02,4.567511111125897116e+01,6.854590728160844804e-02,9.974294800095874214e-01,-2.087800284378459048e-02,3.140330415663920682e+00,-1.184478678816860975e-02,2.173939700698702265e-02,9.996935028516067412e-01,3.885633186761777158e-01,0.000000000000000000e+00,0.000000000000000000e+00,0.000000000000000000e+00,1.000000000000000056e-01
9.970130393383176415e-01,-7.642753280700190222e-02,1.112796560045976706e-02,4.659094572513260601e+01,7.660496453002235695e-02,9.969249533829990240e-01,-1.650202204758996136e-02,3.196653730085539102e+00,-9.832537756061918502e-03,1.730518856701012201e-02,9.998019062043920213e-01,4.011011970967287565e-01,0.000000000000000000e+00,0.000000000000000000e+00,0.000000000000000000e+00,1.000000000000000056e-01
9.970423046817276092e-01,-7.648970461865201020e-02,7.481160491549670478e-03,4.754824843308636417e+01,7.660184978605480421e-02,9.969322264367895814e-01,-1.607148098777799738e-02,3.272196888279370164e+00,-6.228907151632138810e-03,1.659701717590179870e-02,9.998428575214003411e-01,3.967766676139860005e-01,0.000000000000000000e+00,0.000000000000000000e+00,0.000000000000000000e+00,1.000000000000000056e-01
9.971367749031047056e-01,-7.527600265909567545e-02,7.195523573919327537e-03,4.849495129864051535e+01,7.538192902184218114e-02,9.970295368330761576e-01,-1.580086894343365328e-02,3.363491983133607643e+00,-5.984723283574333239e-03,1.629803994624624136e-02,9.998492671303658152e-01,4.079366260998140148e-01,0.000000000000000000e+00,0.000000000000000000e+00,0.000000000000000000e+00,1.000000000000000056e-01
9.972526702132508136e-01,-7.350287237634060833e-02,9.189097070368357212e-03,4.946607476382661162e+01,7.364436858569596567e-02,9.971538496841820809e-01,-1.614642485597765978e-02,3.450639619123443413e+00,-7.976134913316348940e-03,1.677879055364127001e-02,9.998274118363636997e-01,4.136273489426326999e-01,0.000000000000000000e+00,0.000000000000000000e+00,0.000000000000000000e+00,1.000000000000000056e-01
9.972531068285981348e-01,-7.309121859330738880e-02,1.199644469224002939e-02,5.046502547685262385e+01,7.328999243591102775e-02,9.971647047269561748e-01,-1.706249265337351356e-02,3.540534180524016250e+00,-1.071531284903636493e-02,1.789484314956896194e-02,9.997824546666137513e-01,4.295817855399270968e-01,0.000000000000000000e+00,0.000000000000000000e+00,0.000000000000000000e+00,1.000000000000000056e-01
9.973570992395166535e-01,-7.157083761067901950e-02,1.250726989565624850e-02,5.140108064613853855e+01,7.181135404557943691e-02,9.972182141086369800e-01,-1.997405517467790853e-02,3.612306187875040209e+00,-1.104291748938742573e-02,2.081942971568740558e-02,9.997222640912005742e-01,4.397580725672610158e-01,0.000000000000000000e+00,0.000000000000000000e+00,0.000000000000000000e+00,1.000000000000000056e-01
9.974126024039928762e-01,-7.090852544834293225e-02,1.183560663574443478e-02,5.233900888297912957e+01,7.117062162938574132e-02,9.971890082950358725e-01,-2.342700050048589569e-02,3.682198640298196768e+00,-1.014116278250109041e-02,2.420873301733609748e-02,9.996554876871902584e-01,4.434502117089708095e-01,0.000000000000000000e+00,0.000000000000000000e+00,0.000000000000000000e+00,1.000000000000000056e-01
9.974212852189461298e-01,-7.089227125765285020e-02,1.118327626937478184e-02,5.332325257877930369e+01,7.116514643540783336e-02,9.971189822840773598e-01,-2.625370643533439172e-02,3.759666464985299772e+00,-9.289872174188144177e-03,2.698186510782982564e-02,9.995927556911815559e-01,4.575926429472966239e-01,0.000000000000000000e+00,0.000000000000000000e+00,0.000000000000000000e+00,1.000000000000000056e-01
9.973299994083901776e-01,-7.182162470284957079e-02,1.321084800849449577e-02,5.428774627523440444e+01,7.218559399068970317e-02,9.969542692360691127e-01,-2.951990975912405571e-02,3.838428464271927965e+00,-1.105044344231561303e-02,3.039472449321682299e-02,9.994768873879523730e-01,4.486042771272366614e-01,0.000000000000000000e+00,0.000000000000000000e+00,0.000000000000000000e+00,1.000000000000000056e-01
9.971797138748548228e-01,-7.302509355268980984e-02,1.731917862034994954e-02,5.524345703993444801e+01,7.354945838632147292e-02,9.967823169957109597e-01,-3.186674906137842989e-02,3.922581111571409984e+00,-1.493637866222775196e-02,3.305069191836983167e-02,9.993420617367085867e-01,4.554223591822552653e-01,0.000000000000000000e+00,0.000000000000000000e+00,0.000000000000000000e+00,1.000000000000000056e-01
9.970325304864509075e-01,-7.386981373330429868e-02,2.166526646019343444e-02,5.620127139089572665e+01,7.450516749694253982e-02,9.967646802070991852e-01,-3.015215262451047262e-02,3.990766933272425820e+00,-1.936783849676555064e-02,3.167685133731196201e-02,9.993104942515699252e-01,4.736932410018618311e-01,0.000000000000000000e+00,0.000000000000000000e+00,0.000000000000000000e+00,1.000000000000000056e-01
9.969033281015756698e-01,-7.505705202677062648e-02,2.345620090835091875e-02,5.716782817035481656e+01,7.568073848757911337e-02,9.967681158189221069e-01,-2.693973104487989642e-02,4.064893868640009345e+00,-2.135837638906427915e-02,2.863149014365912529e-02,9.993618251315069534e-01,4.619806419986399737e-01,0.000000000000000000e+00,0.000000000000000000e+00,0.000000000000000000e+00,1.000000000000000056e-01
9.967343676319764256e-01,-7.857948138803824700e-02,1.859745912943717994e-02,5.806609930185530288e+01,7.908261517757267378e-02,9.964727612379786770e-01,-2.807091176706373939e-02,4.144372412653400950e+00,-1.632606376197547060e-02,2.944997819261119601e-02,9.994329184224894913e-01,4.654185066399694204e-01,0.000000000000000000e+00,0.000000000000000000e+00,0.000000000000000000e+00,1.000000000000000056e-01
9.964706911886401786e-01,-8.296828968943843752e-02,1.274458740183520046e-02,5.898436035357705975e+01,8.329325446624320783e-02,9.961447258504497748e-01,-2.753032729108048637e-02,4.227833391245830796e+00,-1.041130935354680175e-02,2.849470242592079539e-02,9.995397223578476043e-01,4.637571311632883719e-01,0.000000000000000000e+00,0.000000000000000000e+00,0.000000000000000000e+00,1.000000000000000056e-01
9.965298774587607600e-01,-8.285860509144128694e-02,7.915484465767244626e-03,5.993797542443833493e+01,8.305873081882951536e-02,9.961030960249163124e-01,-2.966259132883591887e-02,4.308431425846975138e+00,-5.426837641983056452e-03,3.021710859557694834e-02,9.995286267943158665e-01,4.737232556744471745e-01,0.000000000000000000e+00,0.000000000000000000e+00,0.000000000000000000e+00,1.000000000000000056e-01
9.963960588064511015e-01,-8.442484533651811729e-02,8.206063908851344429e-03,6.084983675270218839e+01,8.461666852781227210e-02,9.960523586827756404e-01,-2.682756361903901668e-02,4.396523241952614569e+00,-5.908756402620009632e-03,2.742524844708313023e-02,9.996063937097392493e-01,4.763697251679521738e-01,0.000000000000000000e+00,0.000000000000000000e+00,0.000000000000000000e+00,1.000000000000000056e-01
9.963363548837909089e-01,-8.485991671950830761e-02,1.061425792219381978e-02,6.177899824931860451e+01,8.511160135768468249e-02,9.960302431739181950e-01,-2.607239914614456130e-02,4.491261115798737436e+00,-8.359620279133790632e-03,2.688027561732634144e-02,9.996037052409946222e-01,4.969716751163901214e-01,0.000000000000000000e+00,0.000000000000000000e+00,0.000000000000000000e+00,1.000000000000000056e-01
9.961679318936554894e-01,-8.688878266332654421e-02,9.989540229784606151e-03,6.267429572349060152e+01,8.711855278406950565e-02,9.958718278122558054e-01,-2.548843523416258541e-02,4.576517239453789188e+00,-7.733642578150228854e-03,2.626103610221819720e-02,9.996252041416879841e-01,5.119634710828802060e-01,0.000000000000000000e+00,0.000000000000000000e+00,0.000000000000000000e+00,1.000000000000000056e-01
9.959713524441393684e-01,-8.912161555832315285e-02,9.919816070186538576e-03,6.348854758899558703e+01,8.933350894314059931e-02,9.957247259126378314e-01,-2.349030408717922222e-02,4.656599891974078531e+00,-7.783912287384578410e-03,2.428184190865230116e-02,9.996748485697865005e-01,5.205278472643148913e-01,0.000000000000000000e+00,0.000000000000000000e+00,0.000000000000000000e+00,1.000000000000000056e-01
9.958091116476175397e-01,-9.086189809069981915e-02,1.040810429127284747e-02,6.430878076649437958e+01,9.107697321004383506e-02,9.955898234225798449e-01,-2.249196408260653243e-02,4.738078379300002752e+00,-8.318540165178654744e-03,2.334564140801413321e-02,9.996928442860680830e-01,5.297549016174989411e-01,0.000000000000000000e+00,0.000000000000000000e+00,0.000000000000000000e+00,1.000000000000000056e-01
9.957442462839928288e-01,-9.166457476860238873e-02,9.539482418576262363e-03,6.510406701987832889e+01,9.186751681549297499e-02,9.954911787955879054e-01,-2.361508615961171662e-02,4.815700479870375972e+00,-7.331803767023553631e-03,2.439095473043377191e-02,9.996756103761158530e-01,5.328435674262582689e-01,0.000000000000000000e+00,0.000000000000000000e+00,0.000000000000000000e+00,1.000000000000000056e-01
9.957490938750127585e-01,-9.160732768094556611e-02,9.583296001217506827e-03,6.590686199225729069e+01,9.182583154772080980e-02,9.954459157891683008e-01,-2.560166789944798987e-02,4.893444864047204135e+00,-7.194352483767159356e-03,2.637283173684407817e-02,9.996262876888138971e-01,5.418193674569116158e-01,0.000000000000000000e+00,0.000000000000000000e+00,0.000000000000000000e+00,1.000000000000000056e-01
9.956188075450611574e-01,-9.285527094461941411e-02,1.100403200430373485e-02,6.666327065828772902e+01,9.311336052928793905e-02,9.953190989832194635e-01,-2.588036495443980442e-02,4.967773427471702696e+00,-8.549394919715964936e-03,2.679160049406290392e-02,9.996044807770088081e-01,5.542142162528154170e-01,0.000000000000000000e+00,0.000000000000000000e+00,0.000000000000000000e+00,1.000000000000000056e-01
9.953114969593538364e-01,-9.574230167439456984e-02,1.372718800845113343e-02,6.745989856410419350e+01,9.605862090754144211e-02,9.950714043029439404e-01,-2.460978845720362268e-02,5.059687271626159166e+00,-1.130333445808737874e-02,2.581302013822272395e-02,9.996028824595657447e-01,5.622561098765219700e-01,0.000000000000000000e+00,0.000000000000000000e+00,0.000000000000000000e+00,1.000000000000000056e-01
9.952054662898757176e-01,-9.639964502840447924e-02,1.652840903259416433e-02,6.820125232339898957e+01,9.677030216117790684e-02,9.950334870681625254e-01,-2.332098266812713400e-02,5.138437125485898704e+00,-1.419818602447005598e-02,2.480862856689925594e-02,9.995913882493406843e-01,5.697344994424755615e-01,0.000000000000000000e+00,0.000000000000000000e+00,0.000000000000000000e+00,1.000000000000000056e-01
9.949765512610108109e-01,-9.848554663131327269e-02,1.795158894016334397e-02,6.892880903536395465e+01,9.885211361075967040e-02,9.948842320120381277e-01,-2.082365310176335915e-02,5.211971603910603434e+00,-1.580892391754220097e-02,2.249359905725484277e-02,9.996219865159133855e-01,5.755350910534769993e-01,0.000000000000000000e+00,0.000000000000000000e+00,0.000000000000000000e+00,1.000000000000000056e-01
9.950931060774769188e-01,-9.780313962896412805e-02,1.497518333098668900e-02,6.959654944626520034e+01,9.808671805325307191e-02,9.949859543756595093e-01,-1.954344741082167033e-02,5.292633749169135093e+00,-1.298868656258034965e-02,2.091641637267862772e-02,9.996968528246469310e-01,5.881043403779206979e-01,0.000000000000000000e+00,0.000000000000000000e+00,0.000000000000000000e+00,1.000000000000000056e-01
9.950809680885290831e-01,-9.861699202735320358e-02,9.410410802552471657e-03,7.028733526407455656e+01,9.878111107611341202e-02,9.949287431848744534e-01,-1.894961949841510174e-02,5.367359586857676668e+00,-7.493933717640318196e-03,1.978597655015095630e-02,9.997761529909545697e-01,5.902314821990001237e-01,0.000000000000000000e+00,0.000000000000000000e+00,0.000000000000000000e+00,1.000000000000000056e-01
9.952308412841116558e-01,-9.749932924509775722e-02,3.074630656729643828e-03,7.101751657353582914e+01,9.754314772155030233e-02,9.949966590003472833e-01,-2.160978738253738901e-02,5.429403147690736731e+00,-9.523074561794677914e-04,2.180663602903205184e-02,9.997617534871026113e-01,6.080793049522359439e-01,0.000000000000000000e+00,0.000000000000000000e+00,0.000000000000000000e+00,1.000000000000000056e-01
9.950982997533130980e-01,-9.889045784738011158e-02,2.262184807022387919e-04,7.171543734452323804e+01,9.887531501936965006e-02,9.949003450115139202e-01,-1.992424592778900896e-02,5.505006443218278811e+00,1.745252957564215508e-03,1.984895067015235090e-02,9.998014669170114388e-01,6.082427974427822015e-01,0.000000000000000000e+00,0.000000000000000000e+00,0.000000000000000000e+00,1.000000000000000056e-01
9.950613731969776277e-01,-9.921915443911846766e-02,2.902234265439623470e-03,7.237423593405834765e+01,9.925668354330210996e-02,9.948775293990124169e-01,-1.915234369214136034e-02,5.579102454966030855e+00,-9.870883090760805990e-04,1.934582356229592320e-02,9.998123647801954172e-01,6.202584643295273592e-01,0.000000000000000000e+00,0.000000000000000000e+00,0.000000000000000000e+00,1.000000000000000056e-01
9.949363105694132292e-01,-1.003069418160707077e-01,6.344709136872944862e-03,7.297739802908881757e+01,1.004173270132897172e-01,9.947340283643408831e-01,-2.050788262002505025e-02,5.645390645794248208e+00,-4.254215089784004443e-03,2.104115580375989086e-02,9.997695591567147266e-01,6.356123983248470610e-01,0.000000000000000000e+00,0.000000000000000000e+00,0.000000000000000000e+00,1.000000000000000056e-01
9.949188615737872832e-01,-1.006177840101558502e-01,3.538421343594581533e-03,7.356687806658807460e+01,1.006713847661337008e-01,9.946786024893362610e-01,-2.190319700705791947e-02,5.697534775741555535e+00,-1.315740851477052199e-03,2.214812160763416152e-02,9.997538344688982059e-01,6.551989057533843530e-01,0.000000000000000000e+00,0.000000000000000000e+00,0.000000000000000000e+00,1.000000000000000056e-01
9.949034559739015071e-01,-1.008320309113701768e-01,1.217927567389192646e-04,7.420680231511914826e+01,1.007926931853144609e-01,9.944800940275775325e-01,-2.915777054837556670e-02,5.748426104113394608e+00,2.818916749066845747e-03,2.902144250703506817e-02,9.995748144001892488e-01,6.712888228870770302e-01,0.000000000000000000e+00,0.000000000000000000e+00,0.000000000000000000e+00,1.000000000000000056e-01
9.950396031916155515e-01,-9.943729571243084542e-02,-2.900396812659666521e-03,7.483003975684360398e+01,9.928848535318859914e-02,9.945122473855598777e-01,-3.297251092035041742e-02,5.818114102598642923e+00,6.163177471236319649e-03,3.252097817596449891e-02,9.994520504866336585e-01,6.973500837100160554e-01,0.000000000000000000e+00,0.000000000000000000e+00,0.000000000000000000e+00,1.000000000000000056e-01
9.954639507177148738e-01,-9.511074994579385433e-02,-2.338389665460240043e-03,7.543538265025159717e+01,9.499652437070518762e-02,9.950147129327748807e-01,-3.035426501817391556e-02,5.871086356712300613e+00,5.213749031634785230e-03,2.999443768528083434e-02,9.995364678334547337e-01,7.100832206365677024e-01,0.000000000000000000e+00,0.000000000000000000e+00,0.000000000000000000e+00,1.000000000000000056e-01
9.959292347599313366e-01,-9.013855524315368684e-02,1.446286485355316453e-05,7.600013630493248229e+01,9.010943855827217852e-02,9.956034246371799901e-01,-2.557557298345508948e-02,5.949283071737066386e+00,2.290945920466213627e-03,2.547276407059110084e-02,9.996728914286880929e-01,7.135326152805167021e-01,0.000000000000000000e+00,0.000000000000000000e+00,0.000000000000000000e+00,1.000000000000000056e-01
9.965247949355588997e-01,-8.325225280706667619e-02,2.719463401203317185e-03,7.655858958504373390e+01,8.329533783700622529e-02,9.961615324743504640e-01,-2.690888167450819143e-02,5.988156957506312494e+00,-4.687998093290059350e-04,2.704188641537310159e-02,9.996341913949506885e-01,7.274715022463933423e-01,0.000000000000000000e+00,0.000000000000000000e+00,0.000000000000000000e+00,1.000000000000000056e-01
9.970750159593336770e-01,-7.610615301646224407e-02,7.018975903172479727e-03,7.713550982324898087e+01,7.629136848128136028e-02,9.965833918740679698e-01,-3.164127266769119901e-02,6.016392867378952403e+00,-4.586899273783069317e-03,3.208420972710199909e-02,9.994746439211149580e-01,7.396455209590308000e-01,0.000000000000000000e+00,0.000000000000000000e+00,0.000000000000000000e+00,1.000000000000000056e-01
9.977454297760222079e-01,-6.645803149070710070e-02,9.348123418143372207e-03,7.768346165339482923e+01,6.674769176503041190e-02,9.971507778495805052e-01,-3.514358942989464357e-02,6.036924098513224202e+00,-6.985914764807124935e-03,3.568832140009799841e-02,9.993385515982770029e-01,7.543273959266421080e-01,0.000000000000000000e+00,0.000000000000000000e+00,0.000000000000000000e+00,1.000000000000000056e-01
9.983777030497494875e-01,-5.623824757577875616e-02,8.900649566832861959e-03,7.817986036154287888e+01,5.650436354946867384e-02,9.978509135948711029e-01,-3.317847401178186661e-02,6.075160079765026921e+00,-7.015622066190836670e-03,3.362757421352932652e-02,9.994098094873483662e-01,7.622161092362430557e-01,0.000000000000000000e+00,0.000000000000000000e+00,0.000000000000000000e+00,1.000000000000000056e-01
9.991482931253246047e-01,-4.045087109810061726e-02,8.149562697177405168e-03,7.867171780061603670e+01,4.066576004352900203e-02,9.987747883073181399e-01,-2.819961350362605590e-02,6.116009048273245874e+00,-6.998878826819144444e-03,2.850700386004494102e-02,9.995690903714914421e-01,7.593230895784239820e-01,0.000000000000000000e+00,0.000000000000000000e+00,0.000000000000000000e+00,1.000000000000000056e-01
9.996673571993179852e-01,-2.427619110928381715e-02,8.708702277420286852e-03,7.915174255026417427e+01,2.446631116553238741e-02,9.994489361438455566e-01,-2.243264716627874772e-02,6.131919794230947574e+00,-8.159323996665471951e-03,2.263825492746598944e-02,9.997104254961816094e-01,7.632199256823574141e-01,0.000000000000000000e+00,0.000000000000000000e+00,0.000000000000000000e+00,1.000000000000000056e-01
9.999582091510919035e-01,1.609219102199475069e-03,8.999464718649988898e-03,7.964581942807009796e+01,-1.398984316691631287e-03,9.997271077352283264e-01,-2.331850986313047450e-02,6.144989004076077066e+00,-9.034533425847760674e-03,2.330494525280801463e-02,9.996875795630056905e-01,7.666014078377075824e-01,0.000000000000000000e+00,0.000000000000000000e+00,0.000000000000000000e+00,1.000000000000000056e-01
9.995943337092767500e-01,2.617392388170564077e-02,1.122914622496831889e-02,8.014338082930605367e+01,-2.589362190312664846e-02,9.993663781277192237e-01,-2.442053669808175523e-02,6.136821035879136410e+00,-1.186121246099913241e-02,2.411986684289772406e-02,9.996387065647447390e-01,7.814898971756849555e-01,0.000000000000000000e+00,0.000000000000000000e+00,0.000000000000000000e+00,1.000000000000000056e-01
9.985142001064239992e-01,5.290453897484085483e-02,1.305763920806123773e-02,8.062607845013374686e+01,-5.259881280024809175e-02,9.983567579614172072e-01,-2.274090422064804773e-02,6.116256023787584262e+00,-1.423927940005430270e-02,2.202029946725918980e-02,9.996561155385083053e-01,7.854187558659067037e-01,0.000000000000000000e+00,0.000000000000000000e+00,0.000000000000000000e+00,1.000000000000000056e-01
9.964167829968629819e-01,8.342182866169663147e-02,1.394249134555651526e-02,8.111959382686760023e+01,-8.310715024542010554e-02,9.963020866457125146e-01,-2.180260818077454921e-02,6.074667681470508285e+00,-1.570974666465242350e-02,2.056576398137782702e-02,9.996650705169179973e-01,7.836304029873507604e-01,0.000000000000000000e+00,0.000000000000000000e+00,0.000000000000000000e+00,1.000000000000000056e-01
