1.000000000000000000e+00,-2.398464780298838709e-16,5.726952785244472723e-15,1.669063399846823151e-19,2.398464780298731227e-16,1.000000000000000000e+00,1.872392759835876638e-15,2.970633346099666171e-20,-5.726952785244472723e-15,-1.872392759835875060e-15,1.000000000000000000e+00,-4.439834460010082551e-22,0.000000000000000000e+00,0.000000000000000000e+00,0.000000000000000000e+00,1.000000000000000056e-01
9.999947376678683941e-01,-3.007266608035195736e-03,-1.216956909388707290e-03,6.425151174838397150e-01,3.004388674281713127e-03,9.999927024247600160e-01,-2.359819043751393546e-03,1.942632900346405803e-02,1.224044633565376248e-03,2.356150414044158332e-03,9.999964751287683251e-01,1.001444715667482166e-02,0.000000000000000000e+00,0.000000000000000000e+00,0.000000000000000000e+00,1.000000000000000056e-01
9.999760346869219774e-01,-6.675954989601524427e-03,-1.833487604740347606e-03,1.289671573189455911e+00,6.672346989695839177e-03,9.999758051511625778e-01,-1.966951431314106161e-03,3.640929892290696579e-02,1.846574523007090893e-03,1.954670627207111700e-03,9.999963847060998612e-01,1.500845668236718000e-02,0.000000000000000000e+00,0.000000000000000000e+00,0.000000000000000000e+00,1.000000000000000056e-01
9.999148717006978160e-01,-1.252086685829039044e-02,-3.671136730490930956e-03,1.996265131729879405e+00,1.251279415125652016e-02,9.999192613852383449e-01,-2.213750963354574070e-03,4.607629839400325528e-02,3.698558409066285413e-03,2.167626332290235446e-03,9.999908109886701535e-01,1.839451507843200759e-02,0.000000000000000000e+00,0.000000000000000000e+00,0.000000000000000000e+00,1.000000000000000056e-01
9.998271392470038377e-01,-1.817511807270984908e-02,-3.918763605456759835e-03,2.699117506407205713e+00,1.817400865490391426e-02,9.998347883261559099e-01,-3.185313209844971641e-04,5.302964657497099416e-02,3.923905524330853142e-03,2.472566157384053099e-04,9.999922708849314779e-01,1.965149901223463280e-02,0.000000000000000000e+00,0.000000000000000000e+00,0.000000000000000000e+00,1.000000000000000056e-01
9.997400126759242722e-01,-2.244302431033302903e-02,-4.027122365726593274e-03,3.408191191425256061e+00,2.244595267035254943e-02,9.997478242652364511e-01,6.834366438981570634e-04,7.111461175860238348e-02,4.010768437971454735e-03,-7.736515570527518907e-04,9.999916575651045525e-01,3.345460961613341833e-02,0.000000000000000000e+00,0.000000000000000000e+00,0.000000000000000000e+00,1.000000000000000056e-01
9.996367691441483405e-01,-2.648381042993637122e-02,-4.993752112385291785e-03,4.143966237532285213e+00,2.648982032672208067e-02,9.996484317466916014e-01,1.141194741473571450e-03,8.760179801878327510e-02,4.961773282480859935e-03,-1.273063820544207943e-03,9.999868799711334466e-01,4.887027321223640086e-02,0.000000000000000000e+00,0.000000000000000000e+00,0.000000000000000000e+00,1.000000000000000056e-01
9.994409256566437749e-01,-3.305958218618160194e-02,-4.990004836280323777e-03,4.910968752093162415e+00,3.306820869338644719e-02,9.994517249120573599e-01,1.656243980770311921e-03,1.226362683117920710e-01,4.932514206937233664e-03,-1.820328538561450391e-03,9.999861782582847303e-01,5.420031499865703845e-02,0.000000000000000000e+00,0.000000000000000000e+00,0.000000000000000000e+00,1.000000000000000056e-01
9.992518432622138347e-01,-3.851959431830390135e-02,-3.463320750575371587e-03,5.678906962390617430e+00,3.852923757850496012e-02,9.992536556575012385e-01,2.762156175732713957e-03,1.571149002256277960e-01,3.354338785393899333e-03,-2.893528757988506409e-03,9.999901879031811713e-01,5.339926743770862655e-02,0.000000000000000000e+00,0.000000000000000000e+00,0.000000000000000000e+00,1.000000000000000056e-01
9.990992840815428044e-01,-4.239907771567680284e-02,-1.714280201308892833e-03,6.472821797957800882e+00,4.240416078605424577e-02,9.990958949406949507e-01,3.046286375614483573e-03,2.031868488690215524e-01,1.583570579121937110e-03,-3.116235150272440510e-03,9.999938906726926202e-01,6.453852575550343695e-02,0.000000000000000000e+00,0.000000000000000000e+00,0.000000000000000000e+00,1.000000000000000056e-01
9.989278655140491070e-01,-4.628742097065019490e-02,7.708173789225116704e-04,7.293037812400275044e+00,4.628417681418858787e-02,9.989210945329431990e-01,3.797614216805606391e-03,2.300362290409548871e-01,-9.457675077756968422e-04,-3.757866015781932949e-03,9.999924919552289904e-01,8.020702192534212571e-02,0.000000000000000000e+00,0.000000000000000000e+00,0.000000000000000000e+00,1.000000000000000056e-01
9.988283807283505622e-01,-4.836867591808009792e-02,1.528738536511159906e-03,8.104812068765685495e+00,4.836209122012639916e-02,9.988215159221391914e-01,4.085029230738231043e-03,2.748579065444155534e-01,-1.724524397464130684e-03,-4.006310139211771357e-03,9.999904877020936445e-01,8.682832340891850909e-02,0.000000000000000000e+00,0.000000000000000000e+00,0.000000000000000000e+00,1.000000000000000056e-01
9.987311716904281322e-01,-5.034431909410203021e-02,1.223204323042072130e-03,8.934255210182891815e+00,5.033959288680263378e-02,9.987255684269994438e-01,3.628272062278566513e-03,3.076359823846723240e-01,-1.404308319296124208e-03,-3.562092800331803210e-03,9.999926696796462844e-01,9.562641548465523889e-02,0.000000000000000000e+00,0.000000000000000000e+00,0.000000000000000000e+00,1.000000000000000056e-01
9.986559054005059721e-01,-5.180338265136270187e-02,1.670974138661765864e-03,9.714857179450683944e+00,5.180049429563724633e-02,9.986559584107898013e-01,1.727866127511039265e-03,3.649555710900207472e-01,-1.758237590098692517e-03,-1.638986425642496771e-03,9.999971111578639382e-01,1.066619939974865067e-01,0.000000000000000000e+00,0.000000000000000000e+00,0.000000000000000000e+00,1.000000000000000056e-01
9.984641914478610270e-01,-5.536550016849937222e-02,1.979845312380561131e-03,1.051676825513797553e+01,5.536265842416867450e-02,9.984652408615666275e-01,1.462478534073315432e-03,4.194528016028739592e-01,-2.057777582219363650e-03,-1.350622947271349359e-03,9.999969706799498592e-01,1.126142805192988372e-01,0.000000000000000000e+00,0.000000000000000000e+00,0.000000000000000000e+00,1.000000000000000056e-01
9.983642958229730358e-01,-5.711305125205797667e-02,2.613848231830209323e-03,1.132751457594854649e+01,5.710652212506404229e-02,9.983649410483521613e-01,2.507910743996150625e-03,4.724028632794371463e-01,-2.752808870737945540e-03,-2.354540762034013600e-03,9.999934390690375929e-01,1.340443331319121634e-01,0.000000000000000000e+00,0.000000000000000000e+00,0.000000000000000000e+00,1.000000000000000056e-01
9.981350975106375589e-01,-6.102351928621411320e-02,1.567549474502230372e-03,1.218517862127275464e+01,6.101651653976000039e-02,9.981279937284740500e-01,4.182444850128376988e-03,5.205037647403051304e-01,-1.819842516030370895e-03,-4.078998589877894272e-03,9.999900249221091997e-01,1.449227337528862791e-01,0.000000000000000000e+00,0.000000000000000000e+00,0.000000000000000000e+00,1.000000000000000056e-01
9.980822138913824082e-01,-6.190198250286474413e-02,-1.971697027890416387e-04,1.306007298048652920e+01,6.190194878025490066e-02,9.980608680540727917e-01,6.530880213061564243e-03,5.998538079149144941e-01,-2.074870679576480139e-04,-6.530560570554974284e-03,9.999786541360524694e-01,1.629449890935367462e-01,0.000000000000000000e+00,0.000000000000000000e+00,0.000000000000000000e+00,1.000000000000000056e-01
9.983739968932834330e-01,-5.699158793201029860e-02,-1.149448701801058636e-03,1.394019228701252899e+01,5.700046132464911541e-02,9.983202989595726384e-01,1.036957540338971813e-02,6.772720823790699951e-01,5.565394032008292701e-04,-1.041823354784015242e-02,9.999455738557150308e-01,1.724001272305891452e-01,0.000000000000000000e+00,0.000000000000000000e+00,0.000000000000000000e+00,1.000000000000000056e-01
9.969469717989842827e-01,-7.807119691605214629e-02,-1.274218556684091758e-03,1.490962072642004799e+01,7.807894165200986170e-02,9.969148686533851889e-01,8.026426870388328819e-03,7.956823292992057928e-01,6.436546723420481526e-04,-8.101411599138888878e-03,9.999669758740855618e-01,1.683326494119233852e-01,0.000000000000000000e+00,0.000000000000000000e+00,0.000000000000000000e+00,1.000000000000000056e-01
9.967912791423119145e-01,-8.004460143490257917e-02,8.721789487026084800e-05,1.587497042302377892e+01,8.004193806026918545e-02,9.967658964279479950e-01,7.143939371610883750e-03,8.775891135190053705e-01,-6.587696028406155556e-04,-7.114035375004184279e-03,9.999744779359589497e-01,1.742609353070199985e-01,0.000000000000000000e+00,0.000000000000000000e+00,0.000000000000000000e+00,1.000000000000000056e-01
9.965850148758832461e-01,-8.254298267965877456e-02,2.228033927268509296e-03,1.678674064341060301e+01,8.252316585933062998e-02,9.965580975832925015e-01,7.866717086711889906e-03,9.733953003939621595e-01,-2.869707544143972923e-03,-7.655987951564938339e-03,9.999665747549247863e-01,1.826818348996707975e-01,0.000000000000000000e+00,0.000000000000000000e+00,0.000000000000000000e+00,1.000000000000000056e-01
9.963713370939673020e-01,-8.508612913906822561e-02,2.123498459972404055e-03,1.766840797260612206e+01,8.506957466709656746e-02,9.963508088151096231e-01,6.945015438146895197e-03,1.058943320320643755e+00,-2.706673888554133201e-03,-6.739169207448579731e-03,9.999736284096968353e-01,1.922703403508952968e-01,0.000000000000000000e+00,0.000000000000000000e+00,0.000000000000000000e+00,1.000000000000000056e-01
9.961365749776310841e-01,-8.780742746203416826e-02,1.334044352354809334e-03,1.858275093441697834e+01,8.779745756849992311e-02,9.961186481214550081e-01,6.264607664686375546e-03,1.144817426562876550e+00,-1.878945539896786487e-03,-6.123279120258933589e-03,9.999794872978512439e-01,1.953011256635326098e-01,0.000000000000000000e+00,0.000000000000000000e+00,0.000000000000000000e+00,1.000000000000000056e-01
9.959837492780367896e-01,-8.952802734772769000e-02,1.050472888417555662e-03,1.950917103665691954e+01,8.952155536446865236e-02,9.959717553165337023e-01,5.114072430966960792e-03,1.236125030190518004e+00,-1.504094143047532460e-03,-4.999493067034571289e-03,9.999863712920699088e-01,2.071069053340690858e-01,0.000000000000000000e+00,0.000000000000000000e+00,0.000000000000000000e+00,1.000000000000000056e-01
9.960561403965580984e-01,-8.865983676233156474e-02,3.405660521684806923e-03,2.043282716761041229e+01,8.864229861979518177e-02,9.960509966870852994e-01,4.995487369918962493e-03,1.325977875388729466e+00,-3.835110651767314680e-03,-4.673900292120403317e-03,9.999817231241519000e-01,2.151073785807002259e-01,0.000000000000000000e+00,0.000000000000000000e+00,0.000000000000000000e+00,1.000000000000000056e-01
9.954514604244620868e-01,-9.510487744546884670e-02,5.608228319877575641e-03,2.131350577679400971e+01,9.508237454625532992e-02,9.954607500630692218e-01,4.151762820457510772e-03,1.413899059914698109e+00,-5.977624064052543609e-03,-3.599634697308897249e-03,9.999756550239584652e-01,2.219870150249679819e-01,0.000000000000000000e+00,0.000000000000000000e+00,0.000000000000000000e+00,1.000000000000000056e-01
9.956536301489267160e-01,-9.276806511210158868e-02,8.242261013889338322e-03,2.223149597926822096e+01,9.273933794659325325e-02,9.956831602833875472e-01,3.802568252313714720e-03,1.511096426658223635e+00,-8.559437393413742157e-03,-3.021659054694096364e-03,9.999588019553932172e-01,2.277662102546771927e-01,0.000000000000000000e+00,0.000000000000000000e+00,0.000000000000000000e+00,1.000000000000000056e-01
9.956740381116351291e-01,-9.230292415802320016e-02,1.064800555729916200e-02,2.317878201006627847e+01,9.226671365841652983e-02,9.957269078822462705e-01,3.844277557155441252e-03,1.600896141668542105e+00,-1.095734370848297674e-02,-2.845190879166340902e-03,9.999359187006511274e-01,2.376989037322385645e-01,0.000000000000000000e+00,0.000000000000000000e+00,0.000000000000000000e+00,1.000000000000000056e-01
9.959350695490806205e-01,-8.945309594906693251e-02,1.055845004699595448e-02,2.409883247745325718e+01,8.944114066039789146e-02,9.959908243415175333e-01,1.600057771204645065e-03,1.682392342805310026e+00,-1.065924948740785451e-02,-6.491938318380950992e-04,9.999429778481040421e-01,2.381242205421185976e-01,0.000000000000000000e+00,0.000000000000000000e+00,0.000000000000000000e+00,1.000000000000000056e-01
9.961381997639340291e-01,-8.736500875358517437e-02,8.720218836399597218e-03,2.504963112128690739e+01,8.735779565307909278e-02,9.961762708262302812e-01,1.205396772813892162e-03,1.764366749569597603e+00,-8.792184580841629765e-03,-4.389626761117593960e-04,9.999612516503153525e-01,2.369466867203858795e-01,0.000000000000000000e+00,0.000000000000000000e+00,0.000000000000000000e+00,1.000000000000000056e-01
9.962332589351031720e-01,-8.657115310369128958e-02,4.972850474423051205e-03,2.597561364229351000e+01,8.656971626304782452e-02,9.962456676653093091e-01,5.038692661708664856e-04,1.850487391864824582e+00,-4.997801284477265162e-03,-7.147306652527488395e-05,9.999875083589402358e-01,2.376518812761256871e-01,0.000000000000000000e+00,0.000000000000000000e+00,0.000000000000000000e+00,1.000000000000000056e-01
9.964144017674216869e-01,-8.454368439404182090e-02,3.271907631923416052e-03,2.691484405683369374e+01,8.454233981500318407e-02,9.964197374570107346e-01,5.473433166611996973e-04,1.930173132741206388e+00,-3.306467764203712464e-03,-2.687660365709941524e-04,9.999944975027321714e-01,2.430553461740474486e-01,0.000000000000000000e+00,0.000000000000000000e+00,0.000000000000000000e+00,1.000000000000000056e-01
9.965647617057629137e-01,-8.266252878830586404e-02,5.057871158755974754e-03,2.786840385828999089e+01,8.267483943060270624e-02,9.965739789409113758e-01,-2.274955604840266359e-03,2.007885971974428863e+00,-4.852489202474693890e-03,2.685299276139656213e-03,9.999846211399140428e-01,2.490252814927236269e-01,0.000000000000000000e+00,0.000000000000000000e+00,0.000000000000000000e+00,1.000000000000000056e-01
9.966114634945162365e-01,-8.163222379460884082e-02,1.008815491878087278e-02,2.886550540131395337e+01,8.166414625078956269e-02,9.966559911055333787e-01,-2.793315337827952886e-03,2.073563363598097897e+00,-9.826395496217228687e-03,3.607690645522338476e-03,9.999452117590034161e-01,2.544880757854620645e-01,0.000000000000000000e+00,0.000000000000000000e+00,0.000000000000000000e+00,1.000000000000000056e-01
9.965410033371059351e-01,-8.198675218868202441e-02,1.357207181774069266e-02,2.980935158770138926e+01,8.207880204804669788e-02,9.966054898705487552e-01,-6.369286792192771496e-03,2.151367584469677574e+00,-1.300380414462757803e-02,7.461234846543773197e-03,9.998876092103216040e-01,2.537190711105008489e-01,0.000000000000000000e+00,0.000000000000000000e+00,0.000000000000000000e+00,1.000000000000000056e-01
9.965576477449390458e-01,-8.185635263909873949e-02,1.312982306420756515e-02,3.070903601988402443e+01,8.203891796208354070e-02,9.965304171893683005e-01,-1.402653043321940365e-02,2.216597931973879554e+00,-1.193610743435269753e-02,1.505540265177312750e-02,9.998154150593541178e-01,2.604170937771314587e-01,0.000000000000000000e+00,0.000000000000000000e+00,0.000000000000000000e+00,1.000000000000000056e-01
9.964970308666890597e-01,-8.306213522948877048e-02,9.713349833656981583e-03,3.163380700069795637e+01,8.321358019536018169e-02,9.963968913993341836e-01,-1.639313517341463647e-02,2.278161308904784299e+00,-8.316702768720601532e-03,1.714399314225257751e-02,9.998184414953522614e-01,2.650667358232935422e-01,0.000000000000000000e+00,0.000000000000000000e+00,0.000000000000000000e+00,1.000000000000000056e-01
9.965264631423194075e-01,-8.304719448280345473e-02,6.178328705646466898e-03,3.259737639810077070e+01,8.313758171281576681e-02,9.964065432886076712e-01,-1.619083069496231667e-02,2.368015305391427905e+00,-4.811524083331294305e-03,1.664824255540121520e-02,9.998498313525946424e-01,2.667764532451037951e-01,0.000000000000000000e+00,0.000000000000000000e+00,0.000000000000000000e+00,1.000000000000000056e-01
9.963174357715020024e-01,-8.546117960612198416e-02,6.924879640054440975e-03,3.355419333759726896e+01,8.556537432878219551e-02,9.961961177536877710e-01,-1.648822878468578917e-02,2.455300399918157517e+00,-5.489434731778926151e-03,1.702003974175503309e-02,9.998400793894565153e-01,2.667433391543635457e-01,0.000000000000000000e+00,0.000000000000000000e+00,0.000000000000000000e+00,1.000000000000000056e-01
9.965381138874481737e-01,-8.273462898696769263e-02,8.171213865527411982e-03,3.452796147603744714e+01,8.286390047683302174e-02,9.964157942325287953e-01,-1.700408779454024369e-02,2.541495127097077589e+00,-6.735099658720234209e-03,1.762232023167569286e-02,9.998220302945116655e-01,2.766521269831433982e-01,0.000000000000000000e+00,0.000000000000000000e+00,0.000000000000000000e+00,1.000000000000000056e-01
9.963298405178577788e-01,-8.506001954223932349e-02,9.572981204096974936e-03,3.549551850552393262e+01,8.520849788305945305e-02,9.962289964952516508e-01,-1.634926391543380098e-02,2.638935577080494532e+00,-8.146212750277407807e-03,1.710495885811239014e-02,9.998205136924774861e-01,2.742809116414383075e-01,0.000000000000000000e+00,0.000000000000000000e+00,0.000000000000000000e+00,1.000000000000000056e-01
9.961323789210198010e-01,-8.721006680877334272e-02,1.070924424780590918e-02,3.646803584764283812e+01,8.736598198817623062e-02,9.960622284737737919e-01,-1.507389130587353035e-02,2.726684162139025869e+00,-9.352478622886078660e-03,1.595121484617746666e-02,9.998290303289555370e-01,2.816463954002673686e-01,0.000000000000000000e+00,0.000000000000000000e+00,0.000000000000000000e+00,1.000000000000000056e-01
9.961035385489190874e-01,-8.746775689939863263e-02,1.127528240488285920e-02,3.746428755158107293e+01,8.763884881160032003e-02,9.960286497681990481e-01,-1.569589181651712823e-02,2.824438849478409175e+00,-9.857619859764224848e-03,1.662288614910335804e-02,9.998132360530012086e-01,2.873247170411015183e-01,0.000000000000000000e+00,0.000000000000000000e+00,0.000000000000000000e+00,1.000000000000000056e-01
9.960741594080456673e-01,-8.738077951067367566e-02,1.417280253380287514e-02,3.845358860399655043e+01,8.757077252456228755e-02,9.960683203605683600e-01,-1.338883764661948951e-02,2.913414500654190498e+00,-1.294715254434357365e-02,1.457739847103049595e-02,9.998099172816852231e-01,3.084577201743301522e-01,0.000000000000000000e+00,0.000000000000000000e+00,0.000000000000000000e+00,1.000000000000000056e-01
9.960960643449171537e-01,-8.696886441496719244e-02,1.513430602761969140e-02,3.946698399298710314e+01,8.716951754913136730e-02,9.961067645268113502e-01,-1.314491818838490166e-02,3.008201582296127441e+00,-1.393218600285938552e-02,1.441285142845463892e-02,9.997990617653544909e-01,3.028741599695590203e-01,0.000000000000000000e+00,0.000000000000000000e+00,0.000000000000000000e+00,1.000000000000000056e-01
9.958704759239391802e-01,-8.977995182105259764e-02,1.347425077829175581e-02,4.047587213197825662e+01,8.998306231276627376e-02,9.958256023695180037e-01,-1.531072049916017315e-02,3.103597883572426053e+00,-1.204340814901013086e-02,1.645994885763792104e-02,9.997919915681262593e-01,3.114057226278743040e-01,0.000000000000000000e+00,0.000000000000000000e+00,0.000000000000000000e+00,1.000000000000000056e-01
9.959448882056827212e-01,-8.899435755624016120e-02,1.318271520295241812e-02,4.149681599465674964e+01,8.920284218353480288e-02,9.958821415151908329e-01,-1.617446003725514156e-02,3.206759062359588075e+00,-1.168899496746651605e-02,1.728480645739080210e-02,9.997822777296970775e-01,3.335519881687064037e-01,0.000000000000000000e+00,0.000000000000000000e+00,0.000000000000000000e+00,1.000000000000000056e-01
9.961223483579479954e-01,-8.723516077848947337e-02,1.141463209209540343e-02,4.252775449581346834e+01,8.736059048983035868e-02,9.961160903056630600e-01,-1.099371927185357860e-02,3.309491125526907052e+00,-1.041125982362190068e-02,1.194827845805643794e-02,9.998744142694990789e-01,3.449740889966814161e-01,0.000000000000000000e+00,0.000000000000000000e+00,0.000000000000000000e+00,1.000000000000000056e-01
9.962146470853232572e-01,-8.617728083101153236e-02,1.139531488102437339e-02,4.357408746546484224e+01,8.630711030082802160e-02,9.962029084304715454e-01,-1.143887871210087954e-02,3.395194820159816107e+00,-1.036627436379291591e-02,1.237907521757663186e-02,9.998696409295424470e-01,3.544442651943711109e-01,0.000000000000000000e+00,0.000000000000000000e+00,0.000000000000000000e+00,1.000000000000000056e-01
9.963503946689663548e-01,-8.427810600233567873e-02,1.353114524546802228e-02,4.456448203663791929e+01,8.448009328391886674e-02,9.963104108292354377e-01,-1.512213979635377258e-02,3.478411232592717894e+00,-1.220675557776305931e-02,1.621006236691175870e-02,9.997940932993780727e-01,3.608069176395155564e-01,0.000000000000000000e+00,0.000000000000000000e+00,0.000000000000000000e+00,1.000000000000000056e-01
9.964661732423294449e-01,-8.272224061575393639e-02,1.456696575465325945e-02,4.553616362878710078e+01,8.293770527815606808e-02,9.964438490493325862e-01,-1.486582439505301778e-02,3.575653861825162760e+00,-1.328542912297738833e-02,1.602144185958737088e-02,9.997833819251839005e-01,3.683977151094087743e-01,0.000000000000000000e+00,0.000000000000000000e+00,0.000000000000000000e+00,1.000000000000000056e-01
9.961824517435602377e-01,-8.646642889159579515e-02,1.200331258128228482e-02,4.644706021555599307e+01,8.664175057265009749e-02,9.961273998406796615e-01,-1.494691755357862445e-02,3.654450150444759515e+00,-1.066442196727258873e-02,1.592984498924582271e-02,9.998162381871593674e-01,3.755860600322761811e-01,0.000000000000000000e+00,0.000000000000000000e+00,0.000000000000000000e+00,1.000000000000000056e-01
9.964360635633939811e-01,-8.410798947977667084e-02,6.404477805228548336e-03,4.739581869899955535e+01,8.418090237663751474e-02,9.963767377381238521e-01,-1.212320788360421800e-02,3.750172967575396754e+00,-5.361614061354511539e-03,1.261913626219457810e-02,9.999060008294046176e-01,3.750820668721091544e-01,0.000000000000000000e+00,0.000000000000000000e+00,0.000000000000000000e+00,1.000000000000000056e-01
9.966176500973686903e-01,-8.195671699953724354e-02,6.029598084163929894e-03,4.834154251090638610e+01,8.202335089366830090e-02,9.965606927490722189e-01,-1.178794196047426926e-02,3.835669874817333014e+00,-5.042759420491324876e-03,1.224263885553720371e-02,9.999123403435322688e-01,3.870929108799784357e-01,0.000000000000000000e+00,0.000000000000000000e+00,0.000000000000000000e+00,1.000000000000000056e-01
9.967890067581304248e-01,-7.985333923055996930e-02,5.926231506532402514e-03,4.930564500262268979e+01,7.992969040704715755e-02,9.967019743982946656e-01,-1.401494994549436560e-02,3.934815030211194831e+00,-4.787546091005346650e-03,1.444362988553186608e-02,9.998842237770112495e-01,3.921989057265617973e-01,0.000000000000000000e+00,0.000000000000000000e+00,0.000000000000000000e+00,1.000000000000000056e-01
9.970705423773035259e-01,-7.599448444627086852e-02,8.670170538996548396e-03,5.030527446019371496e+01,7.610599013803272250e-02,9.970103486242375412e-01,-1.335076781634753421e-02,4.029518837220241956e+00,-7.629665034551346044e-03,1.397150922133501630e-02,9.998732845423657922e-01,4.131717419568137206e-01,0.000000000000000000e+00,0.000000000000000000e+00,0.000000000000000000e+00,1.000000000000000056e-01
9.971442134230016352e-01,-7.500239365663573243e-02,8.835076841675665663e-03,5.124146308649729065e+01,7.511622784168069111e-02,9.970854676736216060e-01,-1.334625299145783019e-02,4.115427355067041937e+00,-7.808325803908193127e-03,1.397179658634966661e-02,9.998719012695024277e-01,4.203258484014039675e-01,0.000000000000000000e+00,0.000000000000000000e+00,0.000000000000000000e+00,1.000000000000000056e-01
9.970939719141325153e-01,-7.569408155740794952e-02,8.603324338860953921e-03,5.218728735846513445e+01,7.582644220164405646e-02,9.969882839107697681e-01,-1.626998487089545073e-02,4.190911734037337411e+00,-7.345872006773385490e-03,1.687506331362662385e-02,9.998306208566635211e-01,4.313690224623651370e-01,0.000000000000000000e+00,0.000000000000000000e+00,0.000000000000000000e+00,1.000000000000000056e-01
9.972042971338695994e-01,-7.434772597434000097e-02,7.483676916439669681e-03,5.317285329041611419e+01,7.446730215596106262e-02,9.970747589047315174e-01,-1.722051290421548059e-02,4.272077787912970770e+00,-6.181479382639790653e-03,1.772965869710703413e-02,9.998237087182549887e-01,4.523788681257395750e-01,0.000000000000000000e+00,0.000000000000000000e+00,0.000000000000000000e+00,1.000000000000000056e-01
9.970894886354247921e-01,-7.581267562632117152e-02,8.061629309591058362e-03,5.414115892096800309e+01,7.593922648090585537e-02,9.969715616766852140e-01,-1.676123770588065776e-02,4.359404237517286340e+00,-6.766500885149942003e-03,1.732464782699948830e-02,9.998270205607776573e-01,4.605108438776208679e-01,0.000000000000000000e+00,0.000000000000000000e+00,0.000000000000000000e+00,1.000000000000000056e-01
9.970043932394306863e-01,-7.645776967560979909e-02,1.168115223366333888e-02,5.508302484840728397e+01,7.666627026299110970e-02,9.968835506177541328e-01,-1.858681015401999342e-02,4.435795993777766455e+00,-1.022364246424047399e-02,1.942668175399436814e-02,9.997590115476790995e-01,4.727927788916396756e-01,0.000000000000000000e+00,0.000000000000000000e+00,0.000000000000000000e+00,1.000000000000000056e-01
9.968295912477642684e-01,-7.797546307628189233e-02,1.583013489691458692e-02,5.603548662574478811e+01,7.824489502768941507e-02,9.967861214100420808e-01,-1.718035408339479292e-02,4.508811191751751934e+00,-1.443961269982604705e-02,1.836451258172553530e-02,9.997270838897557299e-01,4.916267982537735337e-01,0.000000000000000000e+00,0.000000000000000000e+00,0.000000000000000000e+00,1.000000000000000056e-01
9.966769229133231045e-01,-7.978741737550562596e-02,1.640363863831886815e-02,5.700095756877905018e+01,8.003372267139063911e-02,9.966800355908275177e-01,-1.495024715600929560e-02,4.592140218078190728e+00,-1.515633753215524238e-02,1.621341059782592520e-02,9.997536750367050917e-01,4.943083796292069843e-01,0.000000000000000000e+00,0.000000000000000000e+00,0.000000000000000000e+00,1.000000000000000056e-01
9.964905400587830142e-01,-8.248659309589594091e-02,1.423255187192275228e-02,5.789653358186584597e+01,8.270316200722220568e-02,9.964557786189794930e-01,-1.536451271112921659e-02,4.671304330800947646e+00,-1.291474224915216407e-02,1.648766861249301163e-02,9.997806590529557669e-01,4.984740664181421255e-01,0.000000000000000000e+00,0.000000000000000000e+00,0.000000000000000000e+00,1.000000000000000056e-01
9.962549473655279986e-01,-8.609927066649361582e-02,7.936966700625857837e-03,5.877121050581221340e+01,8.621913220116050880e-02,9.961436178029949851e-01,-1.625281368992696415e-02,4.755775859715111409e+00,-6.507003318562227731e-03,1.687626442843738819e-02,9.998364119228473346e-01,5.008386075144547478e-01,0.000000000000000000e+00,0.000000000000000000e+00,0.000000000000000000e+00,1.000000000000000056e-01
9.961537514314976471e-01,-8.747439731457090639e-02,5.092477138544886268e-03,5.970440374097142922e+01,8.755057848256764252e-02,9.960080034841974905e-01,-1.740555091890374009e-02,4.824940499699933660e+00,-3.549607910991831212e-03,1.778445416298676460e-02,9.998355432138841259e-01,5.112399736524695371e-01,0.000000000000000000e+00,0.000000000000000000e+00,0.000000000000000000e+00,1.000000000000000056e-01
9.961680699011505880e-01,-8.725180767972534612e-02,6.024829129240212057e-03,6.060502744845806689e+01,8.733033526565978089e-02,9.960766507256380020e-01,-1.430798453951005050e-02,4.917619431689452369e+00,-4.752794104922038361e-03,1.477930769067408931e-02,9.998794842441666164e-01,5.162867659808912935e-01,0.000000000000000000e+00,0.000000000000000000e+00,0.000000000000000000e+00,1.000000000000000056e-01
9.960312899263250586e-01,-8.868381012196485669e-02,7.539980766048655879e-03,6.152612788341234307e+01,8.876857415743072410e-02,9.959827560437466420e-01,-1.176817341644214275e-02,5.005515583116530109e+00,-6.466044367139870373e-03,1.239078228983214562e-02,9.999023246220043459e-01,5.314590990557912509e-01,0.000000000000000000e+00,0.000000000000000000e+00,0.000000000000000000e+00,1.000000000000000056e-01
9.960178896512189572e-01,-8.846504945669753095e-02,1.105886609722399327e-02,6.241478903620294716e+01,8.857850853759646759e-02,9.960166806711305831e-01,-1.022837475448189377e-02,5.089640494232875234e+00,-1.010996142362666564e-02,1.116722210252995250e-02,9.998865344780504261e-01,5.442745996228213201e-01,0.000000000000000000e+00,0.000000000000000000e+00,0.000000000000000000e+00,1.000000000000000056e-01
9.958861319504898058e-01,-8.980437261805435112e-02,1.208250170160204105e-02,6.322732294212809023e+01,8.991486091594477759e-02,9.959093837130047477e-01,-8.934048290071185811e-03,5.170560099552557354e+00,-1.123076022172457729e-02,9.983691254274094234e-03,9.998870915927364766e-01,5.508746179737328275e-01,0.000000000000000000e+00,0.000000000000000000e+00,0.000000000000000000e+00,1.000000000000000056e-01
9.956043547468581556e-01,-9.291087041482150310e-02,1.181266133656880268e-02,6.404047863807433316e+01,9.300635292491062078e-02,9.956349056273160469e-01,-7.807241003861349095e-03,5.253712596329054740e+00,-1.103572039783508318e-02,8.871575691253956453e-03,9.998997489848945319e-01,5.553641719376659625e-01,0.000000000000000000e+00,0.000000000000000000e+00,0.000000000000000000e+00,1.000000000000000056e-01
9.951353493101967596e-01,-9.768878042208450907e-02,1.274906792351301887e-02,6.483552344024093372e+01,9.779153953316097048e-02,9.951771261364404930e-01,-7.700805837669120503e-03,5.335944350121599733e+00,-1.193529844649079616e-02,8.910095087092039998e-03,9.998890732758970445e-01,5.617108280281365440e-01,0.000000000000000000e+00,0.000000000000000000e+00,0.000000000000000000e+00,1.000000000000000056e-01
9.950416200347320661e-01,-9.882078957662339402e-02,1.125281947373950667e-02,6.562798779228540980e+01,9.892756173195201008e-02,9.950505908072837524e-01,-9.362652607374318328e-03,5.405248798202492821e+00,-1.027189994239984319e-02,1.042944301141102668e-02,9.998928516546385925e-01,5.692878081591284944e-01,0.000000000000000000e+00,0.000000000000000000e+00,0.000000000000000000e+00,1.000000000000000056e-01
9.950061316666483080e-01,-9.889076432536887673e-02,1.354306748550552532e-02,6.638239518476133583e+01,9.901332966673738467e-02,9.950480877159393334e-01,-8.698487291383699693e-03,5.486150964450101419e+00,-1.261580334654074410e-02,9.995992396792427459e-03,9.998704524296758711e-01,5.795025032272334009e-01,0.000000000000000000e+00,0.000000000000000000e+00,0.000000000000000000e+00,1.000000000000000056e-01
9.948181112576323093e-01,-1.003060506802265078e-01,1.660185865296049876e-02,6.717636219611173942e+01,1.004355268525945893e-01,9.949178343098359356e-01,-7.155970798400578502e-03,5.577959638044636570e+00,-1.579969808695088143e-02,8.786305774422029438e-03,9.998365718312166583e-01,5.853917280531090173e-01,0.000000000000000000e+00,0.000000000000000000e+00,0.000000000000000000e+00,1.000000000000000056e-01
9.947124242174674169e-01,-1.009594271500900420e-01,1.882517402136906978e-02,6.791883182035994082e+01,1.010812703277930713e-01,9.948622144603863626e-01,-5.634805045050929675e-03,5.659983066857972034e+00,-1.815956762505059260e-02,7.507883090577181090e-03,9.998069122561462629e-01,5.858788241189495372e-01,0.000000000000000000e+00,0.000000000000000000e+00,0.000000000000000000e+00,1.000000000000000056e-01
9.944860932916094187e-01,-1.026529981693254517e-01,2.144229970037831237e-02,6.860221134585847835e+01,1.027507915167126390e-01,9.947009478355556267e-01,-3.507024056998727431e-03,5.737172594667407033e+00,-2.096866930163748463e-02,5.690899919676795787e-03,9.997639364199044643e-01,5.903526087500869934e-01,0.000000000000000000e+00,0.000000000000000000e+00,0.000000000000000000e+00,1.000000000000000056e-01
9.945183782209056078e-01,-1.030361881317012757e-01,1.779717157720433346e-02,6.928548675534096901e+01,1.030500556242564120e-01,9.946761617921193732e-01,1.385580574445607156e-04,5.818579305842040306e+00,-1.771669880924342522e-02,1.696200986406137465e-03,9.998416081987767656e-01,5.918241620291831984e-01,0.000000000000000000e+00,0.000000000000000000e+00,0.000000000000000000e+00,1.000000000000000056e-01
9.946265247955485833e-01,-1.028430496707749414e-01,1.189047129193776531e-02,6.998007104329444417e+01,1.028566665897604343e-01,9.946960424881569063e-01,-5.377698779183643155e-04,5.900515079692901566e+00,-1.177209884314333113e-02,1.757894426083629613e-03,9.999291612389419326e-01,5.924517922451738583e-01,0.000000000000000000e+00,0.000000000000000000e+00,0.000000000000000000e+00,1.000000000000000056e-01
9.947895387562444292e-01,-1.017710069834672632e-01,6.036200684985757597e-03,7.071672987943544797e+01,1.017770729440232585e-01,9.948069810421016346e-01,-7.056152255557339610e-04,5.975700227567600109e+00,-5.933043408347275088e-03,1.316285482190530497e-03,9.999815330237074029e-01,5.980805681404203211e-01,0.000000000000000000e+00,0.000000000000000000e+00,0.000000000000000000e+00,1.000000000000000056e-01
9.946723459896671393e-01,-1.029084557337706513e-01,6.064145603662190499e-03,7.143073404956068373e+01,1.029075837946244049e-01,9.946908167037723514e-01,4.564676711164346204e-04,6.055879881107983920e+00,-6.078924326244318325e-03,1.700108025538463034e-04,9.999815087167176486e-01,6.056000961650553904e-01,0.000000000000000000e+00,0.000000000000000000e+00,0.000000000000000000e+00,1.000000000000000056e-01
9.944505981568366737e-01,-1.048083924228472574e-01,9.121880466666247925e-03,7.209955348918259688e+01,1.047928118706271117e-01,9.944917062667587571e-01,2.170886196521153860e-03,6.136589364083596010e+00,-9.299161562046664650e-03,-1.202931573011177535e-03,9.999560383086216753e-01,6.189489111100260343e-01,0.000000000000000000e+00,0.000000000000000000e+00,0.000000000000000000e+00,1.000000000000000056e-01
9.942020721332611721e-01,-1.069547127396222458e-01,1.108734362751436636e-02,7.271898326033284832e+01,1.069525803358161858e-01,9.942638113354275164e-01,7.867834900904278677e-04,6.203193210782917966e+00,-1.110789473484889711e-02,4.035982338643874035e-04,9.999382239833745079e-01,6.301093549532678084e-01,0.000000000000000000e+00,0.000000000000000000e+00,0.000000000000000000e+00,1.000000000000000056e-01
9.943226696984350799e-01,-1.060514916470356311e-01,8.689628485467386365e-03,7.328945406070621971e+01,1.060755707749763826e-01,9.943552766666807763e-01,-2.357339579221661915e-03,6.255386840354788980e+00,-8.390578558102539108e-03,3.265713485215915139e-03,9.999594658319369556e-01,6.344702058540094836e-01,0.000000000000000000e+00,0.000000000000000000e+00,0.000000000000000000e+00,1.000000000000000056e-01
9.944423918478930702e-01,-1.050941056646060995e-01,6.289534990610376984e-03,7.392141474159457459e+01,1.051505650345742754e-01,9.944114742428926679e-01,-9.443440421087816519e-03,6.309921213761797709e+00,-5.261935836863907735e-03,1.005230563768704823e-02,9.999356295195283018e-01,6.517582020015221245e-01,0.000000000000000000e+00,0.000000000000000000e+00,0.000000000000000000e+00,1.000000000000000056e-01
9.947260110145391687e-01,-1.025356260533964448e-01,2.570681026699835926e-03,7.452635115215970529e+01,1.025607312682981220e-01,9.946397571654631564e-01,-1.315484198082260067e-02,6.370311856497938408e+00,-1.208061594009441318e-03,1.334911441506613991e-02,9.999101668307601720e-01,6.635471855975921818e-01,0.000000000000000000e+00,0.000000000000000000e+00,0.000000000000000000e+00,1.000000000000000056e-01
9.951979921322983147e-01,-9.785342973763136443e-02,2.379652164591679157e-03,7.510608095448091603e+01,9.787446647315750647e-02,9.951323616816059037e-01,-1.149658847590112609e-02,6.421885197997832861e+00,-1.243088265881809890e-03,1.167428895358922636e-02,9.999310804795454866e-01,6.742262663618691088e-01,0.000000000000000000e+00,0.000000000000000000e+00,0.000000000000000000e+00,1.000000000000000056e-01
9.957165406563944776e-01,-9.236238062205487376e-02,4.214416814858309643e-03,7.568292143803985539e+01,9.240431612776023318e-02,9.956589023709202513e-01,-1.117105592570131339e-02,6.492820305576872286e+00,-3.164336300655488585e-03,1.151263546547274391e-02,9.999287205598283990e-01,6.706686169515111429e-01,0.000000000000000000e+00,0.000000000000000000e+00,0.000000000000000000e+00,1.000000000000000056e-01
9.962671904190029126e-01,-8.611197314057521257e-02,6.034349713352977866e-03,7.623697401738662904e+01,8.618040834442146358e-02,9.962050210186849108e-01,-1.218578330474856010e-02,6.523880630956554683e+00,-4.962107638389521257e-03,1.266033881846644234e-02,9.999075423801876417e-01,6.798689285255030690e-01,0.000000000000000000e+00,0.000000000000000000e+00,0.000000000000000000e+00,1.000000000000000056e-01
9.970239961212620239e-01,-7.647304254588818684e-02,9.748072741035587047e-03,7.681159157217388156e+01,7.662630868093781022e-02,9.969240016106689639e-01,-1.646037151781827579e-02,6.564073276715086891e+00,-8.459312993581834944e-03,1.715834421923460862e-02,9.998169988789602503e-01,6.923528541731405195e-01,0.000000000000000000e+00,0.000000000000000000e+00,0.000000000000000000e+00,1.000000000000000056e-01
9.976278112379696195e-01,-6.754205705690440042e-02,1.329739722877792268e-02,7.736587803247415707e+01,6.780315193178222677e-02,9.974926894759759133e-01,-2.027478804081692815e-02,6.582088569019426849e+00,-1.189465563409457943e-02,2.112829786107404267e-02,9.997060128842079063e-01,7.014063024794665591e-01,0.000000000000000000e+00,0.000000000000000000e+00,0.000000000000000000e+00,1.000000000000000056e-01
9.983287765202401021e-01,-5.613748106211834815e-02,1.371995596206087610e-02,7.785658625942697597e+01,5.635679257269338854e-02,9.982799365304291239e-01,-1.615797795891495831e-02,6.610222672469905802e+00,-1.278928858533570113e-02,1.690418707902492657e-02,9.997753160368975101e-01,7.133374970088587341e-01,0.000000000000000000e+00,0.000000000000000000e+00,0.000000000000000000e+00,1.000000000000000056e-01
9.990206092928005654e-01,-4.268968800041544887e-02,1.163669827178914415e-02,7.834982038823484629e+01,4.282605429896159388e-02,9.990136500275851317e-01,-1.173269499066764178e-02,6.632976454083470585e+00,-1.112435532621412759e-02,1.221955797027165190e-02,9.998634562386943259e-01,7.092897926648709106e-01,0.000000000000000000e+00,0.000000000000000000e+00,0.000000000000000000e+00,1.000000000000000056e-01
9.995384300028185010e-01,-2.750462120514832187e-02,1.290049455881869464e-02,7.884929578555163232e+01,2.758361995430535368e-02,9.996015750263779198e-01,-5.986243814026657312e-03,6.641920438793169623e+00,-1.273070531106791983e-02,6.339323082619327185e-03,9.998988659485202879e-01,7.135743841185995251e-01,0.000000000000000000e+00,0.000000000000000000e+00,0.000000000000000000e+00,1.000000000000000056e-01
9.998793379814846505e-01,-4.190750007131528905e-03,1.495817810047948143e-02,7.934508816522796337e+01,4.291516771574616258e-03,9.999682732696928422e-01,-6.710837341813710895e-03,6.643919304711216611e+00,-1.492958008475893730e-02,6.774220870824527140e-03,9.998655997533298923e-01,7.224326172198336504e-01,0.000000000000000000e+00,0.000000000000000000e+00,0.000000000000000000e+00,1.000000000000000056e-01
9.996720189410405188e-01,2.036493742801771117e-02,1.552816376449320940e-02,7.984582783875086420e+01,-2.019433887788867760e-02,9.997348400665601043e-01,-1.106518117223619785e-02,6.650184798683223875e+00,-1.574938803982524338e-02,1.074797100118622326e-02,9.998182024226848208e-01,7.228967793846376999e-01,0.000000000000000000e+00,0.000000000000000000e+00,0.000000000000000000e+00,1.000000000000000056e-01
9.987251305538904500e-01,4.744330048805791428e-02,1.724084797550348019e-02,8.032453480687435388e+01,-4.728127303734585424e-02,9.988346401828798182e-01,-9.687248871836520378e-03,6.634705942472451490e+00,-1.768035124318888957e-02,8.859729653707805117e-03,9.998044360625635285e-01,7.308180420166914271e-01,0.000000000000000000e+00,0.000000000000000000e+00,0.000000000000000000e+00,1.000000000000000056e-01
9.967392692056818992e-01,7.871679644267789988e-02,1.773401198616086222e-02,8.081303200128782294e+01,-7.853128964419783808e-02,9.968517761685048439e-01,-1.092579042981557495e-02,6.590976648321412057e+00,-1.853822456823715770e-02,9.497489536669933771e-03,9.997830424258847826e-01,7.288833501658275038e-01,0.000000000000000000e+00,0.000000000000000000e+00,0.000000000000000000e+00,1.000000000000000056e-01
