1.000000000000000000e+00,-1.643642756188949596e-09,-8.967863368978618686e-10,5.245792893985082189e-15,1.643642755950619423e-09,1.000000000000000000e+00,-2.657602847360327578e-10,3.153671486866127341e-15,8.967863373346769250e-10,2.657602832620364041e-10,1.000000000000000000e+00,1.525191809955112936e-15,0.000000000000000000e+00,0.000000000000000000e+00,0.000000000000000000e+00,1.000000000000000056e-01
9.999538883467073980e-01,-9.574889094867207462e-03,-7.366675787572654057e-04,6.548436789277286563e-01,9.572324402302413715e-03,9.999483712517405198e-01,-3.409609439284309526e-03,1.696151092708295810e-02,7.692761777702503958e-04,3.402400595515458863e-03,9.999939159236669317e-01,1.025037351284186111e-02,0.000000000000000000e+00,0.000000000000000000e+00,0.000000000000000000e+00,1.000000000000000056e-01
9.998277026539363899e-01,-1.819614918316473165e-02,-3.669490517206881568e-03,1.336647010918223133e+00,1.818220742176150997e-02,9.998274778891564907e-01,-3.797603333739183080e-03,1.421874282421449476e-02,3.737959205756334613e-03,3.730229579047335091e-03,9.999860564269202889e-01,1.672753867213438300e-02,0.000000000000000000e+00,0.000000000000000000e+00,0.000000000000000000e+00,1.000000000000000056e-01
9.996944428593163012e-01,-2.386333654447479052e-02,-6.446866305917116173e-03,2.076781806962062493e+00,2.384300101292003565e-02,9.997105520984144178e-01,-3.212993274413560377e-03,2.514758742869559194e-02,6.521673013815529850e-03,3.058298881513452604e-03,9.999740569580053418e-01,1.671234533844167744e-02,0.000000000000000000e+00,0.000000000000000000e+00,0.000000000000000000e+00,1.000000000000000056e-01
9.994323653335652757e-01,-3.281470615602255503e-02,-7.625102205790317868e-03,2.816543512029695329e+00,3.279999159687344013e-02,9.994598395047592509e-01,-2.046892367946685515e-03,5.890992414392148130e-02,7.688151598393752791e-03,1.795627192604954715e-03,9.999688335383184468e-01,3.254611096275316501e-02,0.000000000000000000e+00,0.000000000000000000e+00,0.000000000000000000e+00,1.000000000000000056e-01
9.992396295632454128e-01,-3.813054378121558813e-02,-8.137833941338422708e-03,3.519591560939281383e+00,3.809683789524676706e-02,9.992649821213620553e-01,-4.257516691367086228e-03,8.870514208620569607e-02,8.294193914497581879e-03,3.944253661059373903e-03,9.999578237157634719e-01,4.285149796749277568e-02,0.000000000000000000e+00,0.000000000000000000e+00,0.000000000000000000e+00,1.000000000000000056e-01
9.990147344875135449e-01,-4.285642609508328454e-02,-1.152766321504669275e-02,4.243433537088958651e+00,4.281103693907647306e-02,9.990745436335634055e-01,-4.155884934400755869e-03,1.302356067408896312e-01,1.169510124128500875e-02,3.658279068580432090e-03,9.999249179819514888e-01,6.444312908852255217e-02,0.000000000000000000e+00,0.000000000000000000e+00,0.000000000000000000e+00,1.000000000000000056e-01
9.985055157561425476e-01,-5.283669346107146281e-02,-1.396491420169058972e-02,5.019795750058758443e+00,5.279315985431384806e-02,9.985994465472229908e-01,-3.468087106274231075e-03,1.609608753117225677e-01,1.412859784821818288e-02,2.725652156935950195e-03,9.998964714124971565e-01,8.038037910248560514e-02,0.000000000000000000e+00,0.000000000000000000e+00,0.000000000000000000e+00,1.000000000000000056e-01
9.980733772356205069e-01,-6.024897548193654251e-02,-1.481872487293456504e-02,5.790885661069205881e+00,6.019705047282862542e-02,9.981787929921813740e-01,-3.925854689564691261e-03,2.329968530087749845e-01,1.502826563028626834e-02,3.026247519431127155e-03,9.998824896247041627e-01,9.102368639682602292e-02,0.000000000000000000e+00,0.000000000000000000e+00,0.000000000000000000e+00,1.000000000000000056e-01
9.978061038143707373e-01,-6.499752971640547494e-02,-1.258174556849127323e-02,6.583112156221101685e+00,6.495720442853457344e-02,9.978815999503071188e-01,-3.588045908964141578e-03,2.981706891768817203e-01,1.278830651864548001e-02,2.762899089770305856e-03,9.999144091396047207e-01,1.190791277892981476e-01,0.000000000000000000e+00,0.000000000000000000e+00,0.000000000000000000e+00,1.000000000000000056e-01
9.974789758799779138e-01,-6.968885308530628486e-02,-1.338493306240368629e-02,7.378571764973327340e+00,6.962455111842208444e-02,9.975596509182614868e-01,-5.211980563524625139e-03,3.549020292568328960e-01,1.371548610107065601e-02,4.266921078590910597e-03,9.998968340911578156e-01,1.368268808654489743e-01,0.000000000000000000e+00,0.000000000000000000e+00,0.000000000000000000e+00,1.000000000000000056e-01
9.972135883061284956e-01,-7.331546822172398115e-02,-1.378047230847396706e-02,8.191811325606661143e+00,7.325819565819070844e-02,9.973023232590343401e-01,-4.616577849316926864e-03,4.270429538462039987e-01,1.408176361545258534e-02,3.594181626175457951e-03,9.998943873189390930e-01,1.596847254724327869e-01,0.000000000000000000e+00,0.000000000000000000e+00,0.000000000000000000e+00,1.000000000000000056e-01
9.966028124750329065e-01,-8.087111268599371516e-02,-1.557874512865717147e-02,9.034129240232930513e+00,8.080211197186561167e-02,9.967175729095120174e-01,-5.009845731922006259e-03,4.896958042438523395e-01,1.593276083233676962e-02,3.734030838232598945e-03,9.998660931074514480e-01,1.836622635992979369e-01,0.000000000000000000e+00,0.000000000000000000e+00,0.000000000000000000e+00,1.000000000000000056e-01
9.965485283307775610e-01,-8.111166066959128729e-02,-1.766151706910992769e-02,9.783460004857515102e+00,8.099310968202903804e-02,9.966877192856451462e-01,-7.328465679382626698e-03,5.660899343569920639e-01,1.819744118815049688e-02,5.872710498581919410e-03,9.998171654885725790e-01,2.154442520627453395e-01,0.000000000000000000e+00,0.000000000000000000e+00,0.000000000000000000e+00,1.000000000000000056e-01
9.964608414683608917e-01,-8.248810745516456377e-02,-1.617107135075954855e-02,1.054060186483860484e+01,8.243079859179926194e-02,9.965880242092889363e-01,-4.180125134969901388e-03,6.421192516758523761e-01,1.646070665811032868e-02,2.832336683907077639e-03,9.998605017727346667e-01,2.339903551067979148e-01,0.000000000000000000e+00,0.000000000000000000e+00,0.000000000000000000e+00,1.000000000000000056e-01
9.960042948111695882e-01,-8.765774375508743332e-02,-1.707526507765549581e-02,1.132915398406776220e+01,8.750573985675864919e-02,9.961191345405855380e-01,-9.455966065724552214e-03,7.518948830324727606e-01,1.783788692155136371e-02,7.923999109179813774e-03,9.998094918674715892e-01,2.483456735420294104e-01,0.000000000000000000e+00,0.000000000000000000e+00,0.000000000000000000e+00,1.000000000000000056e-01
9.956271007613937130e-01,-9.160019091456628182e-02,-1.833251902703240954e-02,1.216580799332430907e+01,9.145003396664347362e-02,9.957701636281975910e-01,-8.869752836029238738e-03,8.453623526363769347e-01,1.906744652441040577e-02,7.154456812889688731e-03,9.997926016083291678e-01,2.771654962671563083e-01,0.000000000000000000e+00,0.000000000000000000e+00,0.000000000000000000e+00,1.000000000000000056e-01
9.952202105829858203e-01,-9.495959087353934847e-02,-2.279053637559820197e-02,1.304030573399288251e+01,9.484799410251891494e-02,9.954740982750861500e-01,-5.931077316360632012e-03,9.457319582029724003e-01,2.325060132310510438e-02,3.741091356026416889e-03,9.997226684303901489e-01,3.162362593961299817e-01,0.000000000000000000e+00,0.000000000000000000e+00,0.000000000000000000e+00,1.000000000000000056e-01
9.952596350735402053e-01,-9.373600160078979227e-02,-2.591950611374099420e-02,1.394002378661515351e+01,9.374988978289550134e-02,9.955955472446103016e-01,-6.815221197995009923e-04,1.048066170027055710e+00,2.586922803213248870e-02,-1.751659385144107173e-03,9.996638008502758410e-01,3.470885608655880916e-01,0.000000000000000000e+00,0.000000000000000000e+00,0.000000000000000000e+00,1.000000000000000056e-01
9.931784374850538555e-01,-1.133699192256425875e-01,-2.727366366145685464e-02,1.482933037815616473e+01,1.132726608318577327e-01,9.935509029811711024e-01,-5.089940409321351382e-03,1.251480860303267661e+00,2.767481929151330636e-02,1.965858609055450186e-03,9.996150457936852085e-01,3.651749095235168885e-01,0.000000000000000000e+00,0.000000000000000000e+00,0.000000000000000000e+00,1.000000000000000056e-01
9.926766861015181576e-01,-1.181445618191180602e-01,-2.519641607603506986e-02,1.576618678775145455e+01,1.180332752672407226e-01,9.929923234797150000e-01,-5.864421543927926875e-03,1.385247357215807718e+00,2.571269725633366574e-02,2.847459029678147194e-03,9.996653185826136490e-01,4.015109070507856814e-01,0.000000000000000000e+00,0.000000000000000000e+00,0.000000000000000000e+00,1.000000000000000056e-01
9.922730880348518134e-01,-1.215479035637186261e-01,-2.490433498498324794e-02,1.667091473351853281e+01,1.214224118089958088e-01,9.925796672967706069e-01,-6.496305066632487683e-03,1.503306355417310280e+00,2.550914879540153862e-02,3.422164270908053911e-03,9.996687311902062723e-01,4.328383813560707782e-01,0.000000000000000000e+00,0.000000000000000000e+00,0.000000000000000000e+00,1.000000000000000056e-01
9.917527803824690569e-01,-1.256057771524975997e-01,-2.548747436603192307e-02,1.752161836630593683e+01,1.254582679574717807e-01,9.920719468255598805e-01,-7.312682329664807641e-03,1.643379606681716343e+00,2.620392346106272669e-02,4.054758643925998780e-03,9.996483948507026707e-01,4.747227685065693592e-01,0.000000000000000000e+00,0.000000000000000000e+00,0.000000000000000000e+00,1.000000000000000056e-01
9.915974110203841230e-01,-1.264752068495865189e-01,-2.717713211554505237e-02,1.841057743691445481e+01,1.262880599587706820e-01,9.919571726254643451e-01,-8.502563657200340463e-03,1.750523883193930930e+00,2.803391463070096373e-02,4.998972819400478856e-03,9.995944727244291395e-01,4.908796180175108992e-01,0.000000000000000000e+00,0.000000000000000000e+00,0.000000000000000000e+00,1.000000000000000056e-01
9.912803699377848998e-01,-1.290765836434897007e-01,-2.650403235233281946e-02,1.931754630904444170e+01,1.288491968953210109e-01,9.916125379955842423e-01,-1.012220081734935967e-02,1.867242245204623341e+00,2.758826988847061512e-02,6.618915687720934408e-03,9.995974576396639000e-01,5.344155990256106437e-01,0.000000000000000000e+00,0.000000000000000000e+00,0.000000000000000000e+00,1.000000000000000056e-01
9.894361237144776444e-01,-1.427979298429585542e-01,-2.499816636144179885e-02,2.022503676355039914e+01,1.425745188877207970e-01,9.897282538298097787e-01,-1.051142877684452075e-02,2.026592038686073405e+00,2.624240181088198162e-02,6.836285801604085298e-03,9.996322331455879118e-01,5.604220816203123734e-01,0.000000000000000000e+00,0.000000000000000000e+00,0.000000000000000000e+00,1.000000000000000056e-01
9.894770198279937423e-01,-1.427485753069699104e-01,-2.362353657144385805e-02,2.112807203892401375e+01,1.425255483202428064e-01,9.897313425034548473e-01,-1.087831523366920503e-02,2.158410765614424687e+00,2.493381856688097614e-02,7.396885435052126014e-03,9.996617381782372247e-01,5.885806439995866501e-01,0.000000000000000000e+00,0.000000000000000000e+00,0.000000000000000000e+00,1.000000000000000056e-01
9.894080007969598967e-01,-1.437749960789396764e-01,-2.001395666688602845e-02,2.206754265199628762e+01,1.435906946422894070e-01,9.895828579929050184e-01,-1.036723582922751373e-02,2.317782567045573838e+00,2.129601772885985830e-02,7.383608135247762480e-03,9.997459487088693475e-01,6.178273692103846138e-01,0.000000000000000000e+00,0.000000000000000000e+00,0.000000000000000000e+00,1.000000000000000056e-01
9.892902338572073795e-01,-1.446593964032862334e-01,-1.945487668911850473e-02,2.301732173636779422e+01,1.444857726636779027e-01,9.894557430929815656e-01,-1.005952076869138893e-02,2.468418678196494742e+00,2.070494367371929559e-02,7.140832763246276679e-03,9.997601281382026972e-01,6.519976440824328812e-01,0.000000000000000000e+00,0.000000000000000000e+00,0.000000000000000000e+00,1.000000000000000056e-01
9.895020091533713869e-01,-1.432502253749876053e-01,-1.910881501968486607e-02,2.394492258614136659e+01,1.430434487810748889e-01,9.896462025993408851e-01,-1.178836042544688552e-02,2.601532205388420227e+00,2.059965150815122603e-02,8.931215523068457632e-03,9.997479120993567614e-01,6.836761105118552839e-01,0.000000000000000000e+00,0.000000000000000000e+00,0.000000000000000000e+00,1.000000000000000056e-01
9.894990500623471741e-01,-1.428873507326441916e-01,-2.179070733865378501e-02,2.488406145105384937e+01,1.426368027357190482e-01,9.896941708359177081e-01,-1.265664721546795428e-02,2.748950190169361818e+00,2.337461082123302308e-02,9.415583572544445820e-03,9.996824367542646028e-01,7.150159725904711161e-01,0.000000000000000000e+00,0.000000000000000000e+00,0.000000000000000000e+00,1.000000000000000056e-01
9.898956937027558745e-01,-1.395527807451441560e-01,-2.513039942057256754e-02,2.582470401164515650e+01,1.392507030954100999e-01,9.901664575128688028e-01,-1.340254094752989927e-02,2.889350683982189416e+00,2.675364042843024481e-02,9.767691780251483435e-03,9.995943351785824271e-01,7.435861576990823174e-01,0.000000000000000000e+00,0.000000000000000000e+00,0.000000000000000000e+00,1.000000000000000056e-01
9.896493420220717763e-01,-1.400473146827718729e-01,-3.131979382794802119e-02,2.677930629410231234e+01,1.397141241867170813e-01,9.901117641008038150e-01,-1.259595537991839084e-02,3.031901198103839956e+00,3.277412604508466581e-02,8.089761389495304933e-03,9.994300437862781994e-01,7.890519400325088917e-01,0.000000000000000000e+00,0.000000000000000000e+00,0.000000000000000000e+00,1.000000000000000056e-01
9.893915157202385346e-01,-1.424167053885291578e-01,-2.866898406093066135e-02,2.772444697427939531e+01,1.419841088783302119e-01,9.897295911064450946e-01,-1.660871199989284383e-02,3.143946666822812652e+00,3.073989991583376755e-02,1.236197858539660188e-02,9.994509693019556495e-01,8.394345119785178166e-01,0.000000000000000000e+00,0.000000000000000000e+00,0.000000000000000000e+00,1.000000000000000056e-01
9.894106284474968316e-01,-1.432218945515670305e-01,-2.353927008615843558e-02,2.871291409992929289e+01,1.428852934155597776e-01,9.896191737010577860e-01,-1.541700258756896133e-02,3.286032256222237269e+00,2.550296533108817321e-02,1.189033070589443422e-02,9.996040310017890729e-01,8.937338838942732178e-01,0.000000000000000000e+00,0.000000000000000000e+00,0.000000000000000000e+00,1.000000000000000056e-01
9.896674859455273365e-01,-1.416420537503177424e-01,-2.226647416299831414e-02,2.964711563894871915e+01,1.412203941873735324e-01,9.897861848194976497e-01,-1.949637417639587048e-02,3.402386256454852376e+00,2.480055499020538887e-02,1.615044735774541149e-02,9.995619518180564045e-01,9.240461473673311499e-01,0.000000000000000000e+00,0.000000000000000000e+00,0.000000000000000000e+00,1.000000000000000056e-01
9.891872053998720382e-01,-1.446631104410897040e-01,-2.410927520064427496e-02,3.056525212758370103e+01,1.440020091455115891e-01,9.892029806114385204e-01,-2.721919380698285817e-02,3.524026181149636283e+00,2.778658012867573843e-02,2.345309418723204309e-02,9.993387105170086215e-01,9.681326239666162570e-01,0.000000000000000000e+00,0.000000000000000000e+00,0.000000000000000000e+00,1.000000000000000056e-01
9.889134333536511168e-01,-1.459974054188545034e-01,-2.711049508320544088e-02,3.151621975527250186e+01,1.452351897039796114e-01,9.889941143979573690e-01,-2.823794181325990985e-02,3.662930940575864547e+00,3.093478631480946900e-02,2.398748209301333409e-02,9.992335261081337627e-01,9.990992026065610432e-01,0.000000000000000000e+00,0.000000000000000000e+00,0.000000000000000000e+00,1.000000000000000056e-01
9.887022198674203510e-01,-1.467261103212779694e-01,-3.064912689169723217e-02,3.248093571836872684e+01,1.458808246497105832e-01,9.888997805952367548e-01,-2.821363036216802817e-02,3.805672146102270670e+00,3.444859109971818573e-02,2.342375906383996342e-02,9.991319342722279062e-01,1.029289356359088137e+00,0.000000000000000000e+00,0.000000000000000000e+00,0.000000000000000000e+00,1.000000000000000056e-01
9.887856909840344599e-01,-1.457265027557338444e-01,-3.265951162844486083e-02,3.343203998848472480e+01,1.447924060746309527e-01,9.890265163827235417e-01,-2.935488093952168601e-02,3.952371936769112803e+00,3.657890715076931448e-02,2.429683696363409487e-02,9.990353583658678760e-01,1.067722539857460573e+00,0.000000000000000000e+00,0.000000000000000000e+00,0.000000000000000000e+00,1.000000000000000056e-01
9.882271656532906068e-01,-1.497892911360185486e-01,-3.114863280840590720e-02,3.437732956950623731e+01,1.488591705489684947e-01,9.883937635724598936e-01,-3.031031960473652004e-02,4.088957660434278552e+00,3.532727569933656608e-02,2.531672158944044820e-02,9.990550771602263458e-01,1.121174920948602161e+00,0.000000000000000000e+00,0.000000000000000000e+00,0.000000000000000000e+00,1.000000000000000056e-01
9.878289428949529327e-01,-1.520971950271918505e-01,-3.256413431829807692e-02,3.535125909480591133e+01,1.511018159125105675e-01,9.880280802476649749e-01,-3.112481116497656242e-02,4.262546056694691998e+00,3.690827558937910535e-02,2.582548948179008708e-02,9.989848964253885688e-01,1.160964875518244677e+00,0.000000000000000000e+00,0.000000000000000000e+00,0.000000000000000000e+00,1.000000000000000056e-01
9.875537460287914238e-01,-1.539913573860264839e-01,-3.200407091153224803e-02,3.631796017490466966e+01,1.529612774606367576e-01,9.876982607997051300e-01,-3.248065902730049026e-02,4.405964839996811655e+00,3.661210595023753345e-02,2.718101292532570240e-02,9.989598321425350314e-01,1.218307769643295790e+00,0.000000000000000000e+00,0.000000000000000000e+00,0.000000000000000000e+00,1.000000000000000056e-01
9.874053148896495546e-01,-1.550055676545903649e-01,-3.168624502446146241e-02,3.730770720888031633e+01,1.539814389371746695e-01,9.875371587279727636e-01,-3.255881745886859968e-02,4.563972446282726914e+00,3.633814236458915437e-02,2.726965580202630329e-02,9.989674195297512105e-01,1.264531411832671370e+00,0.000000000000000000e+00,0.000000000000000000e+00,0.000000000000000000e+00,1.000000000000000056e-01
9.875405504428012016e-01,-1.547156067341889374e-01,-2.875312616048758194e-02,3.827334349467394503e+01,1.538088284381209925e-01,9.875996211540412073e-01,-3.146160502719013569e-02,4.715851074781932439e+00,3.326417781370501897e-02,2.664712609768726467e-02,9.990912997044425481e-01,1.321532318996310407e+00,0.000000000000000000e+00,0.000000000000000000e+00,0.000000000000000000e+00,1.000000000000000056e-01
9.873699029624444234e-01,-1.558046115820541921e-01,-2.873321655677081587e-02,3.926201378510334195e+01,1.550209161345177111e-01,9.875213263518169970e-01,-2.775149655717621192e-02,4.890373765289179886e+00,3.269847526640785873e-02,2.294674290859958013e-02,9.992018097987707126e-01,1.358865619848392603e+00,0.000000000000000000e+00,0.000000000000000000e+00,0.000000000000000000e+00,1.000000000000000056e-01
9.866346150796997394e-01,-1.594324310796981781e-01,-3.366654491553915801e-02,4.025119113708646523e+01,1.583647998809861179e-01,9.868516914165179621e-01,-3.231608433911543204e-02,5.067721566742275030e+00,3.837611868321173098e-02,2.655257178457267470e-02,9.989105237439623863e-01,1.422327362028202202e+00,0.000000000000000000e+00,0.000000000000000000e+00,0.000000000000000000e+00,1.000000000000000056e-01
9.865817135993536491e-01,-1.596041747905392882e-01,-3.439519996734757140e-02,4.126014004097446985e+01,1.586471774228598863e-01,9.869101145119206775e-01,-2.897410861143494276e-02,5.227899103284847193e+00,3.856935943365493585e-02,2.312862433216874430e-02,9.989882237791288810e-01,1.491053431554754116e+00,0.000000000000000000e+00,0.000000000000000000e+00,0.000000000000000000e+00,1.000000000000000056e-01
9.860407096665058102e-01,-1.621592041917544191e-01,-3.779036089098108953e-02,4.226755469370402807e+01,1.610636223090267383e-01,9.864742784419087140e-01,-3.044679853795412630e-02,5.392891526048742001e+00,4.221644761309120697e-02,2.393513042397062487e-02,9.988217464004869317e-01,1.548280618709463541e+00,0.000000000000000000e+00,0.000000000000000000e+00,0.000000000000000000e+00,1.000000000000000056e-01
9.868424979287541143e-01,-1.566686774373983737e-01,-3.996010249928498570e-02,4.326405455872527739e+01,1.554953358987924417e-01,9.873510244630233634e-01,-3.097022772825386988e-02,5.501600199134203173e+00,4.430671275843703349e-02,2.434912733209591840e-02,9.987211999365522841e-01,1.609454502044257218e+00,0.000000000000000000e+00,0.000000000000000000e+00,0.000000000000000000e+00,1.000000000000000056e-01
9.866186929162507058e-01,-1.587348375691174929e-01,-3.723984600041900517e-02,4.424810515566012725e+01,1.575267929519225119e-01,9.869492320822105258e-01,-3.341440998457172878e-02,5.670206354908880364e+00,4.205786835434220661e-02,2.710100799307639183e-02,9.987475512236553277e-01,1.681840748694406473e+00,0.000000000000000000e+00,0.000000000000000000e+00,0.000000000000000000e+00,1.000000000000000056e-01
9.867124205638471146e-01,-1.583609430913838767e-01,-3.633745737171464874e-02,4.521858453292740876e+01,1.571995410120080039e-01,9.870195157689539700e-01,-3.287521554048886130e-02,5.814257066148709185e+00,4.107192971662913805e-02,2.672615188213701976e-02,9.987986831163351287e-01,1.734782538787165818e+00,0.000000000000000000e+00,0.000000000000000000e+00,0.000000000000000000e+00,1.000000000000000056e-01
9.859772097172652128e-01,-1.619804484706648950e-01,-4.014070541729806985e-02,4.612717976047480306e+01,1.607875897029653056e-01,9.864903530005848520e-01,-3.137091701388963760e-02,5.974865278941249969e+00,4.467989386364872029e-02,2.447688195060267191e-02,9.987014515531201786e-01,1.799746859168293689e+00,0.000000000000000000e+00,0.000000000000000000e+00,0.000000000000000000e+00,1.000000000000000056e-01
9.860198680502492152e-01,-1.602406140155448466e-01,-4.569207185158260381e-02,4.707929191306832450e+01,1.588768679343224854e-01,9.867769465767213255e-01,-3.208424130476392883e-02,6.118969077566148052e+00,5.022908167136711649e-02,2.437628611260622344e-02,9.984402015292690447e-01,1.838997003716983603e+00,0.000000000000000000e+00,0.000000000000000000e+00,0.000000000000000000e+00,1.000000000000000056e-01
9.860705814932543278e-01,-1.599774504870642711e-01,-4.551948647792632141e-02,4.802226075615116230e+01,1.584482458517586789e-01,9.867308001854109278e-01,-3.544688070845315037e-02,6.276583187464304103e+00,5.058618091985067622e-02,2.774064348780614503e-02,9.983343603216442430e-01,1.904007840372197613e+00,0.000000000000000000e+00,0.000000000000000000e+00,0.000000000000000000e+00,1.000000000000000056e-01
9.866326871033869184e-01,-1.570356739323393314e-01,-4.354007179330532384e-02,4.898473229305569276e+01,1.555534828453223606e-01,9.871863565408190988e-01,-3.558386480348777609e-02,6.459624216164799648e+00,4.857010102769171445e-02,2.833539433780475278e-02,9.984177736368082812e-01,1.970446709292384746e+00,0.000000000000000000e+00,0.000000000000000000e+00,0.000000000000000000e+00,1.000000000000000056e-01
9.875224997484560729e-01,-1.516565940922701694e-01,-4.242157421516854626e-02,4.997434023333249797e+01,1.502000205294281021e-01,9.880123607618082060e-01,-3.565850270044939457e-02,6.624859063868639097e+00,4.732088675754109880e-02,2.884185240602588768e-02,9.984632598279563620e-01,2.047882501520430942e+00,0.000000000000000000e+00,0.000000000000000000e+00,0.000000000000000000e+00,1.000000000000000056e-01
9.875636247115716637e-01,-1.515377434949562729e-01,-4.188555172131427917e-02,5.089977307335294654e+01,1.498438468769788534e-01,9.878589394836782001e-01,-4.100655112651083178e-02,6.784212757464433530e+00,4.759105692932828757e-02,3.422028606893103009e-02,9.982805534125714919e-01,2.106834722153000605e+00,0.000000000000000000e+00,0.000000000000000000e+00,0.000000000000000000e+00,1.000000000000000056e-01
9.881170893006709921e-01,-1.477710294723598994e-01,-4.228877724229755664e-02,5.182854638436146644e+01,1.460612911285743276e-01,9.884245669337184959e-01,-4.102407483106604302e-02,6.930086571663562900e+00,4.786143610281221039e-02,3.435983600906725166e-02,9.982628334279537441e-01,2.163637465927203518e+00,0.000000000000000000e+00,0.000000000000000000e+00,0.000000000000000000e+00,1.000000000000000056e-01
9.884161153387019949e-01,-1.462305634278849853e-01,-4.062271849978956600e-02,5.280252171442398179e+01,1.445002184460120187e-01,9.885829161443517865e-01,-4.270251487423464692e-02,7.077713069466685880e+00,4.640333832608004722e-02,3.633786217009370850e-02,9.982616340244188091e-01,2.237491730265739331e+00,0.000000000000000000e+00,0.000000000000000000e+00,0.000000000000000000e+00,1.000000000000000056e-01
9.873459359417009473e-01,-1.534973221469975724e-01,-3.983183240961205712e-02,5.376070194015504455e+01,1.516929477275245075e-01,9.874048862780295810e-01,-4.495375583870687974e-02,7.230488646682827536e+00,4.623042709234998632e-02,3.834270006105994222e-02,9.981946628603493021e-01,2.292318850619065707e+00,0.000000000000000000e+00,0.000000000000000000e+00,0.000000000000000000e+00,1.000000000000000056e-01
9.876303741324872210e-01,-1.527685914474506967e-01,-3.532706551760454033e-02,5.467135231823227315e+01,1.511064454394751011e-01,9.874592510519517585e-01,-4.572821512551497602e-02,7.369386399202056737e+00,4.186987267200794477e-02,3.982442691465054585e-02,9.983290683854444403e-01,2.351152101293921159e+00,0.000000000000000000e+00,0.000000000000000000e+00,0.000000000000000000e+00,1.000000000000000056e-01
9.877262534066741928e-01,-1.531607703535904641e-01,-3.063701610648895263e-02,5.558213863774599162e+01,1.516902903055211971e-01,9.873735943358111777e-01,-4.564472626062845984e-02,7.532636316384108355e+00,3.724116214944474951e-02,4.043715658989553707e-02,9.984878227643454451e-01,2.416521980731272556e+00,0.000000000000000000e+00,0.000000000000000000e+00,0.000000000000000000e+00,1.000000000000000056e-01
9.878680630943655894e-01,-1.528942444307397064e-01,-2.720367508517355926e-02,5.648511840257221905e+01,1.518179619801063029e-01,9.876772861096306810e-01,-3.801164194456293360e-02,7.686143243513084755e+00,3.268021325501815899e-02,3.342048059301188506e-02,9.989069401793836400e-01,2.480323416655284330e+00,0.000000000000000000e+00,0.000000000000000000e+00,0.000000000000000000e+00,1.000000000000000056e-01
9.874032146981875924e-01,-1.554462005704259908e-01,-2.951898256891178143e-02,5.733639588611777071e+01,1.543316194297843780e-01,9.873299315976989954e-01,-3.689657728656169783e-02,7.833951095182629665e+00,3.488040779384642825e-02,3.187608664033141775e-02,9.988830122955505431e-01,2.545676896494895036e+00,0.000000000000000000e+00,0.000000000000000000e+00,0.000000000000000000e+00,1.000000000000000056e-01
9.872133210111675439e-01,-1.555224729942172868e-01,-3.496597219961851410e-02,5.823699851823628393e+01,1.542639396793823447e-01,9.873658754765736179e-01,-3.621139128748328273e-02,8.004730248063051334e+00,4.015589287635651372e-02,3.035437922511831713e-02,9.987322543750953852e-01,2.591551932731634089e+00,0.000000000000000000e+00,0.000000000000000000e+00,0.000000000000000000e+00,1.000000000000000056e-01
9.869243372341125475e-01,-1.558215686204049988e-01,-4.123095108876365100e-02,5.920074119693919812e+01,1.544090672448280854e-01,9.873693120300212067e-01,-3.549199365976605375e-02,8.155776680050488281e+00,4.624059393638622895e-02,2.866147962054881732e-02,9.985190669478331005e-01,2.644928804744560047e+00,0.000000000000000000e+00,0.000000000000000000e+00,0.000000000000000000e+00,1.000000000000000056e-01
9.875532291615426450e-01,-1.519319777664396576e-01,-4.068530084180039391e-02,6.010410480441272796e+01,1.506724179129591279e-01,9.880515422211775256e-01,-3.243412392242488174e-02,8.334304211656551331e+00,4.512695483712925865e-02,2.590027116326611492e-02,9.986454495469335724e-01,2.700687009459820320e+00,0.000000000000000000e+00,0.000000000000000000e+00,0.000000000000000000e+00,1.000000000000000056e-01
9.873976360048963841e-01,-1.537605118836412876e-01,-3.746482880279384392e-02,6.103450410113243407e+01,1.526417663279282799e-01,9.877920148538379408e-01,-3.110348152997408425e-02,8.503484139654785778e+00,4.178994597067802602e-02,2.499280649058647705e-02,9.988137764565985233e-01,2.758969114967643410e+00,0.000000000000000000e+00,0.000000000000000000e+00,0.000000000000000000e+00,1.000000000000000056e-01
9.870354669212401122e-01,-1.562502822935868951e-01,-3.669926869494731514e-02,6.191651478897639294e+01,1.550849954005465436e-01,9.873591655169449144e-01,-3.271883969969965889e-02,8.665022824235819598e+00,4.134768725312201743e-02,2.660314930335493447e-02,9.987905892658187623e-01,2.819712267715088760e+00,0.000000000000000000e+00,0.000000000000000000e+00,0.000000000000000000e+00,1.000000000000000056e-01
9.867006172182456458e-01,-1.586158422243771349e-01,-3.553739687406335529e-02,6.273707182643902058e+01,1.575298178291245632e-01,9.870105284187646877e-01,-3.153685598206704133e-02,8.803859858343447087e+00,4.007802984000107677e-02,2.551923560693597492e-02,9.988706223221212044e-01,2.868568078027549983e+00,0.000000000000000000e+00,0.000000000000000000e+00,0.000000000000000000e+00,1.000000000000000056e-01
9.862330683484736848e-01,-1.615229047941467988e-01,-3.542154884834535639e-02,6.355732855026563044e+01,1.604360959395072228e-01,9.865385731963142169e-01,-3.165284687780506312e-02,8.928625135555991577e+00,4.005738403395759512e-02,2.553418928890301837e-02,9.988710683375079391e-01,2.911613547923085576e+00,0.000000000000000000e+00,0.000000000000000000e+00,0.000000000000000000e+00,1.000000000000000056e-01
9.859579949419317035e-01,-1.632314293010087014e-01,-3.524674025261769622e-02,6.435831949427480936e+01,1.622139194075645219e-01,9.862982898013232802e-01,-3.003877303454819889e-02,9.058476581196426736e+00,3.966707148910619124e-02,2.389945654894142305e-02,9.989270941445843599e-01,2.957405156264514279e+00,0.000000000000000000e+00,0.000000000000000000e+00,0.000000000000000000e+00,1.000000000000000056e-01
9.856434776410594178e-01,-1.646852326503463471e-01,-3.722511424481745462e-02,6.515024434414749521e+01,1.635371621700022482e-01,9.860164707794966121e-01,-3.204864959601939206e-02,9.192959943245224252e+00,4.198251508688836259e-02,2.550085289646871617e-02,9.987928588694113818e-01,3.011847354439737057e+00,0.000000000000000000e+00,0.000000000000000000e+00,0.000000000000000000e+00,1.000000000000000056e-01
9.851613201547408938e-01,-1.677523383702044790e-01,-3.628121059579703794e-02,6.590108804098657913e+01,1.666585366348352637e-01,9.855164078039380104e-01,-3.134233743608361850e-02,9.316583569369532469e+00,4.101347873203909505e-02,2.483068506003167919e-02,9.988500045761355972e-01,3.062105182657518299e+00,0.000000000000000000e+00,0.000000000000000000e+00,0.000000000000000000e+00,1.000000000000000056e-01
9.847268303829227465e-01,-1.708937928500955661e-01,-3.329235782144436551e-02,6.668449032682100608e+01,1.698695556020997366e-01,9.849627862938455936e-01,-3.150624852008584997e-02,9.453816989336859322e+00,3.817595583017673044e-02,2.536969021436594890e-02,9.989489352388737364e-01,3.115721415299451902e+00,0.000000000000000000e+00,0.000000000000000000e+00,0.000000000000000000e+00,1.000000000000000056e-01
9.817021655057751595e-01,-1.876591678397271368e-01,-3.232483514223521981e-02,6.748793454708344086e+01,1.868119407621535721e-01,9.820101997558258189e-01,-2.751847314442962614e-02,9.627283927660396756e+00,3.690741158560409407e-02,2.097627948956145780e-02,9.990985129950031851e-01,3.163807620499402784e+00,0.000000000000000000e+00,0.000000000000000000e+00,0.000000000000000000e+00,1.000000000000000056e-01
9.812157172785922477e-01,-1.905168875833535835e-01,-3.031553580277899021e-02,6.821972157488832522e+01,1.897445001131169151e-01,9.814727098624201895e-01,-2.661474163205169302e-02,9.756718668037988706e+00,3.482442881485831032e-02,2.036259661411841254e-02,9.991859805946285977e-01,3.216164876417670460e+00,0.000000000000000000e+00,0.000000000000000000e+00,0.000000000000000000e+00,1.000000000000000056e-01
9.813343701278305353e-01,-1.893140828134790288e-01,-3.380875706537173064e-02,6.889002793934039914e+01,1.885887053001854829e-01,9.817744868050773954e-01,-2.351929615925321335e-02,9.898068434118775016e+00,3.764510909818047368e-02,1.670434395952370352e-02,9.991515453893208276e-01,3.256977458786673996e+00,0.000000000000000000e+00,0.000000000000000000e+00,0.000000000000000000e+00,1.000000000000000056e-01
9.808558847189098318e-01,-1.910521775415573442e-01,-3.769348576231477954e-02,6.955077037885752134e+01,1.901918388068022381e-01,9.814220019426953545e-01,-2.525704959173540390e-02,1.004855377710732789e+01,4.181863057982561360e-02,1.760453235451834089e-02,9.989701109527786560e-01,3.295085348667492031e+00,0.000000000000000000e+00,0.000000000000000000e+00,0.000000000000000000e+00,1.000000000000000056e-01
9.802186409446875803e-01,-1.931026796753587682e-01,-4.339090972479701935e-02,7.026765652155957298e+01,1.920003568211662848e-01,9.809862183246316203e-01,-2.831788194203319065e-02,1.019900942238265529e+01,4.803414332633117179e-02,1.942664560169584526e-02,9.986567611124312904e-01,3.339703784463845526e+00,0.000000000000000000e+00,0.000000000000000000e+00,0.000000000000000000e+00,1.000000000000000056e-01
9.792680657185418580e-01,-1.973485280311863821e-01,-4.569041417835558588e-02,7.098018787679215791e+01,1.962067657922766661e-01,9.801541302180966087e-01,-2.829816378744756666e-02,1.034878198642235603e+01,5.036824913772890849e-02,1.874671972187553354e-02,9.985547556235807587e-01,3.382664246395984176e+00,0.000000000000000000e+00,0.000000000000000000e+00,0.000000000000000000e+00,1.000000000000000056e-01
9.793166349809580007e-01,-1.977336935602985457e-01,-4.289889136766727312e-02,7.164575261634203684e+01,1.966917799059345884e-01,9.800845367954307275e-01,-2.732479555131946472e-02,1.047906892181078220e+01,4.744757282526009673e-02,1.832176753176302172e-02,9.987056827051219443e-01,3.440612788819505052e+00,0.000000000000000000e+00,0.000000000000000000e+00,0.000000000000000000e+00,1.000000000000000056e-01
9.783160015475245164e-01,-2.032138554792344842e-01,-4.002411844536707397e-02,7.220883358596671542e+01,2.021572314887726263e-01,9.789258762053568708e-01,-2.892373856141724001e-02,1.060882829609781730e+01,4.505834964641694529e-02,2.020539128151753808e-02,9.987799994444732654e-01,3.476295790971346555e+00,0.000000000000000000e+00,0.000000000000000000e+00,0.000000000000000000e+00,1.000000000000000056e-01
9.789042031471900662e-01,-1.996193575332995129e-01,-4.357376686445065678e-02,7.273488297858995111e+01,1.983497719883597910e-01,9.796158763771047884e-01,-3.178211292665357457e-02,1.070212292909175211e+01,4.902987877743984063e-02,2.246879720656209251e-02,9.985445529064589376e-01,3.515229102157332974e+00,0.000000000000000000e+00,0.000000000000000000e+00,0.000000000000000000e+00,1.000000000000000056e-01
9.784925663057920664e-01,-2.014698709440479740e-01,-4.429660016404951550e-02,7.335278876820402161e+01,1.997749486628680182e-01,9.790297671585412864e-01,-3.988339133324520641e-02,1.082002288552970093e+01,5.140299184924428111e-02,3.017625091493270767e-02,9.982219824816850329e-01,3.566391900254346492e+00,0.000000000000000000e+00,0.000000000000000000e+00,0.000000000000000000e+00,1.000000000000000056e-01
9.785476488489145419e-01,-1.997369174639682943e-01,-5.049418515288139897e-02,7.393397283545104415e+01,1.975670821992348281e-01,9.792617153492580995e-01,-4.487472431680594037e-02,1.093127848612817488e+01,5.841016147505788403e-02,3.393606714427096355e-02,9.977156891535970962e-01,3.610513946361066484e+00,0.000000000000000000e+00,0.000000000000000000e+00,0.000000000000000000e+00,1.000000000000000056e-01
9.795451535872061744e-01,-1.947854999614404004e-01,-5.049654531340205810e-02,7.450502764412556189e+01,1.928064991213082058e-01,9.803578023575945100e-01,-4.152388774154738837e-02,1.102789741746318697e+01,5.759293342417756700e-02,3.093846087573438874e-02,9.978606444079448634e-01,3.661628767641718962e+00,0.000000000000000000e+00,0.000000000000000000e+00,0.000000000000000000e+00,1.000000000000000056e-01
9.799728454111772402e-01,-1.933178304521670221e-01,-4.776440815071616303e-02,7.507123376241848689e+01,1.913987030138493972e-01,9.806145633570482190e-01,-4.197159297288939606e-02,1.115903254709458636e+01,5.495233153686276267e-02,3.198897562181098053e-02,9.979764259226416856e-01,3.690565277454845639e+00,0.000000000000000000e+00,0.000000000000000000e+00,0.000000000000000000e+00,1.000000000000000056e-01
9.807607173758916552e-01,-1.896459098094607498e-01,-4.629086459408948695e-02,7.564954132642095885e+01,1.876233022874953249e-01,9.812215626918371347e-01,-4.474082416903158582e-02,1.124766542247565226e+01,5.390650880052982874e-02,3.519479792712167793e-02,9.979255555941071165e-01,3.731669956293548474e+00,0.000000000000000000e+00,0.000000000000000000e+00,0.000000000000000000e+00,1.000000000000000056e-01
9.815609552700199636e-01,-1.865050075668786278e-01,-4.188046372575756487e-02,7.623761574583394918e+01,1.844103855921279400e-01,9.816112874668092569e-01,-4.931622454644958575e-02,1.134267117281090087e+01,5.030805874975335240e-02,4.068368801167977777e-02,9.979047733900262562e-01,3.780410706502990159e+00,0.000000000000000000e+00,0.000000000000000000e+00,0.000000000000000000e+00,1.000000000000000056e-01
9.831459684799939147e-01,-1.786865992282873905e-01,-3.866657364913832218e-02,7.680514737220049426e+01,1.766745217737852314e-01,9.829787736887197758e-01,-5.038694110010032146e-02,1.141870173073021277e+01,4.701189229906749256e-02,4.270631959851017845e-02,9.979809879195148392e-01,3.839400015543563249e+00,0.000000000000000000e+00,0.000000000000000000e+00,0.000000000000000000e+00,1.000000000000000056e-01
9.850096910123568028e-01,-1.684881093213894954e-01,-3.698196356394523043e-02,7.730075725763836658e+01,1.666821239648743902e-01,9.848679830154376535e-01,-4.745656521137823353e-02,1.153018155464163286e+01,4.441821881052548937e-02,4.058094440013745169e-02,9.981884635625144497e-01,3.883023172946121093e+00,0.000000000000000000e+00,0.000000000000000000e+00,0.000000000000000000e+00,1.000000000000000056e-01
9.874331102281924677e-01,-1.533839933144630630e-01,-3.806840448438886249e-02,7.779888713239542142e+01,1.516083372220943803e-01,9.873774428307340312e-01,-4.583336638075175690e-02,1.160499500224174341e+01,4.461798863496649337e-02,3.948589601299765800e-02,9.982234715264015623e-01,3.915919326503403575e+00,0.000000000000000000e+00,0.000000000000000000e+00,0.000000000000000000e+00,1.000000000000000056e-01
9.903564630218336662e-01,-1.334230473823121155e-01,-3.731442855117377694e-02,7.826188235406709737e+01,1.320774421296345424e-01,9.905682383822537185e-01,-3.647073331825954196e-02,1.168283966419169850e+01,4.182852413576649414e-02,3.119063217531602844e-02,9.986378317654142078e-01,3.947765772098360770e+00,0.000000000000000000e+00,0.000000000000000000e+00,0.000000000000000000e+00,1.000000000000000056e-01
9.933645814721969725e-01,-1.094520171149166166e-01,-3.531379653963718362e-02,7.873743985746790486e+01,1.080609482399510213e-01,9.933728624173685517e-01,-3.915594052256059915e-02,1.172292511866934817e+01,3.936546382362991064e-02,3.508008212931775643e-02,9.986089064772809554e-01,3.986863208329028740e+00,0.000000000000000000e+00,0.000000000000000000e+00,0.000000000000000000e+00,1.000000000000000056e-01
9.956351344880922660e-01,-8.647999247086234076e-02,-3.509828877763229715e-02,7.928900394203814983e+01,8.508383429152722999e-02,9.955907052596668638e-01,-3.949542685946158538e-02,1.182667489327880972e+01,3.835909429497011414e-02,3.633673764661241035e-02,9.986031350752263558e-01,4.030623036943459248e+00,0.000000000000000000e+00,0.000000000000000000e+00,0.000000000000000000e+00,1.000000000000000056e-01
9.978014729393728244e-01,-5.707068203871719370e-02,-3.369210369884589884e-02,7.977926818649807217e+01,5.577122263775929900e-02,9.977077509645821962e-01,-3.832511435970726438e-02,1.189894695983318940e+01,3.580211342236135075e-02,3.636180574216300171e-02,9.986971651895590885e-01,4.059963804615064120e+00,0.000000000000000000e+00,0.000000000000000000e+00,0.000000000000000000e+00,1.000000000000000056e-01
9.990802270985650324e-01,-2.493941479266833378e-02,-3.488159128364122508e-02,8.024791080072981231e+01,2.351691681176438370e-02,9.988981590605620076e-01,-4.061308224068615330e-02,1.189676942541507287e+01,3.585602382234139018e-02,3.975541994771806392e-02,9.985658977455780239e-01,4.077763130103533307e+00,0.000000000000000000e+00,0.000000000000000000e+00,0.000000000000000000e+00,1.000000000000000056e-01
