9.999990314472495534e-01,-6.307160485150367386e-04,-1.240686031617243505e-03,6.468619819222630740e-01,6.273989365880451152e-04,9.999962328896671027e-01,-2.672185818592801715e-03,-4.490939016328401520e-03,1.242366748296474654e-03,2.671404825343001027e-03,9.999956600511433757e-01,-3.715360130235604219e-04,0.000000000000000000e+00,0.000000000000000000e+00,0.000000000000000000e+00,1.000000000000000056e-01
9.999803559614908188e-01,-5.429645074577797367e-03,-3.131556401263989667e-03,1.307175528764416672e+00,5.420894554799032122e-03,9.999813978155540628e-01,-2.796055270621001284e-03,5.314644052091022780e-03,3.146679735202584892e-03,2.779024507759933222e-03,9.999911876758861284e-01,4.362496693201066422e-03,0.000000000000000000e+00,0.000000000000000000e+00,0.000000000000000000e+00,1.000000000000000056e-01
9.999362828687357041e-01,-9.953694587027602653e-03,-5.324863070904522697e-03,2.004906955816672109e+00,9.938396938982893558e-03,9.999464318497899296e-01,-2.891659931008622175e-03,1.418776275913368606e-02,5.353360527642497119e-03,2.838555079888845957e-03,9.999816418995498557e-01,8.816787378843367676e-03,0.000000000000000000e+00,0.000000000000000000e+00,0.000000000000000000e+00,1.000000000000000056e-01
9.998570675865022794e-01,-1.610251402296946840e-02,-5.153002955632329622e-03,2.702843758810609565e+00,1.609509402312258794e-02,9.998693729285914600e-01,-1.478183943911120591e-03,2.266168346033739164e-02,5.176132311632633716e-03,1.395034596440092702e-03,9.999856306631447200e-01,1.664922205505873012e-02,0.000000000000000000e+00,0.000000000000000000e+00,0.000000000000000000e+00,1.000000000000000056e-01
9.997517755157269148e-01,-2.135631740483044314e-02,-6.347839006761303408e-03,3.410883675635839385e+00,2.134678742963314405e-02,9.997709060351223087e-01,-1.565283407135253458e-03,3.077096783861211007e-02,6.379813444426133719e-03,1.429388895553908778e-03,9.999786271855012343e-01,3.034249421111887696e-02,0.000000000000000000e+00,0.000000000000000000e+00,0.000000000000000000e+00,1.000000000000000056e-01
9.996522229813699090e-01,-2.533709071405916557e-02,-7.311971181083352748e-03,4.129948502681926925e+00,2.533453386786178180e-02,9.996789314251792735e-01,-4.421066725519870282e-04,5.369065087349129961e-02,7.320825233784853010e-03,2.567075364835049800e-04,9.999731694496293288e-01,4.089403723582876737e-02,0.000000000000000000e+00,0.000000000000000000e+00,0.000000000000000000e+00,1.000000000000000056e-01
9.994979773075298723e-01,-3.008663708813276091e-02,-9.929130217872535538e-03,4.893414097278685482e+00,3.010118739152619141e-02,9.995459860410002007e-01,1.319206937822878234e-03,8.577500894664098763e-02,9.884931753770470966e-03,-1.617423275327073851e-03,9.999498347748109195e-01,5.568597967286910422e-02,0.000000000000000000e+00,0.000000000000000000e+00,0.000000000000000000e+00,1.000000000000000056e-01
9.993432810875025885e-01,-3.477513409843450282e-02,-1.018315244414699436e-02,5.655656038852886702e+00,3.479566949119369118e-02,9.993927417630728005e-01,1.846373729152708809e-03,1.261076058155140012e-01,1.011276074692028792e-02,-2.199490787430215775e-03,9.999464457211454382e-01,6.015994964250039739e-02,0.000000000000000000e+00,0.000000000000000000e+00,0.000000000000000000e+00,1.000000000000000056e-01
9.992102179343153034e-01,-3.890040260198965316e-02,-8.105495238495396063e-03,6.438746834955549225e+00,3.891713446617937888e-02,9.992406029078655383e-01,1.916806006562115283e-03,1.623531453240864286e-01,8.024775423615794837e-03,-2.230734795666237599e-03,9.999653127992350621e-01,7.106543965853370781e-02,0.000000000000000000e+00,0.000000000000000000e+00,0.000000000000000000e+00,1.000000000000000056e-01
9.991036511228231776e-01,-4.181708595531470618e-02,-6.574620540367097192e-03,7.236617418732088858e+00,4.182681535671206596e-02,9.991239647159958492e-01,1.349313642226121447e-03,2.025684801662090695e-01,6.512436576237149062e-03,-1.623099625840333576e-03,9.999774766050708585e-01,8.611122318613968762e-02,0.000000000000000000e+00,0.000000000000000000e+00,0.000000000000000000e+00,1.000000000000000056e-01
9.991210485259691687e-01,-4.146189811974838879e-02,-6.167770802771229202e-03,8.032326095016872003e+00,4.147421003191829880e-02,9.991378026978905424e-01,1.881786985673974174e-03,2.422543836262164851e-01,6.084430507141967356e-03,-2.135936407931971360e-03,9.999792085243898176e-01,1.003622310719916033e-01,0.000000000000000000e+00,0.000000000000000000e+00,0.000000000000000000e+00,1.000000000000000056e-01
9.990400816225835090e-01,-4.334194348578969402e-02,-6.355410798381471750e-03,8.867528114155053487e+00,4.334218363786736250e-02,9.990602810225793773e-01,-1.000029300950275351e-04,2.887665356138894301e-01,6.353772819589520969e-03,-1.755504464729010878e-04,9.999797991724621582e-01,1.153562682053910077e-01,0.000000000000000000e+00,0.000000000000000000e+00,0.000000000000000000e+00,1.000000000000000056e-01
9.989010499243747843e-01,-4.645822860519663311e-02,-6.190755595976040263e-03,9.642557672730266205e+00,4.645667002628470210e-02,9.989202277797575302e-01,-3.954017022805599631e-04,3.525029210722601114e-01,6.202440652736628673e-03,1.073652856143020654e-04,9.999807589162127419e-01,1.317694953653049117e-01,0.000000000000000000e+00,0.000000000000000000e+00,0.000000000000000000e+00,1.000000000000000056e-01
9.988328467635160246e-01,-4.804595650356558584e-02,-4.952806269984197894e-03,1.042539214242988521e+01,4.804681702933535220e-02,9.988450832666867507e-01,5.483899236514377343e-05,3.589188545381639117e-01,4.944451399304259677e-03,-2.927415634933949111e-04,9.999877332761322180e-01,1.384592306939023409e-01,0.000000000000000000e+00,0.000000000000000000e+00,0.000000000000000000e+00,1.000000000000000056e-01
9.987788622335825872e-01,-4.902070560723753578e-02,-6.144491611098483637e-03,1.122784837251920109e+01,4.901252101207836942e-02,9.987970740480757170e-01,-1.475688667452160555e-03,4.108788258656705383e-01,6.209439542413221734e-03,1.172729624091356677e-03,9.999800335835700160e-01,1.643251340332345378e-01,0.000000000000000000e+00,0.000000000000000000e+00,0.000000000000000000e+00,1.000000000000000056e-01
9.986534023358916157e-01,-5.138884497842408083e-02,-7.111161278675896119e-03,1.209555008338209703e+01,5.138382486152316686e-02,9.986785848356999340e-01,-8.869797990608161917e-04,4.617534562146813903e-01,7.147345349719400401e-03,5.203867284297623245e-04,9.999743219963723728e-01,1.756658467260379386e-01,0.000000000000000000e+00,0.000000000000000000e+00,0.000000000000000000e+00,1.000000000000000056e-01
9.985029803078878663e-01,-5.419657230398359365e-02,-7.384434085614811731e-03,1.299372789128393180e+01,5.419855962662819410e-02,9.985301754858924017e-01,6.912678026573809025e-05,5.328076280623000871e-01,7.369833828828150322e-03,-4.692489872125278887e-04,9.999727323055981332e-01,1.964856383520695304e-01,0.000000000000000000e+00,0.000000000000000000e+00,0.000000000000000000e+00,1.000000000000000056e-01
9.986587564073466927e-01,-5.095370716360275026e-02,-9.187381412437460593e-03,1.388363131827728658e+01,5.098631908510086602e-02,9.986937301450466986e-01,3.350915565180266620e-03,5.834966096174641903e-01,9.004638642614280070e-03,-3.814851931400007647e-03,9.999521805504788530e-01,2.087918916437984940e-01,0.000000000000000000e+00,0.000000000000000000e+00,0.000000000000000000e+00,1.000000000000000056e-01
9.978910539461804952e-01,-6.418894626363653988e-02,-9.655238564892766259e-03,1.481592113579937120e+01,6.425087691805721202e-02,9.979142270644234536e-01,6.246618099013648631e-03,7.116299901936500305e-01,9.234136096120530365e-03,-6.853801863071421266e-03,9.999338758790903281e-01,2.280715699093173177e-01,0.000000000000000000e+00,0.000000000000000000e+00,0.000000000000000000e+00,1.000000000000000056e-01
9.976583532811015287e-01,-6.770375755234001036e-02,-9.695944602498484874e-03,1.577731458114664953e+01,6.774211371697025363e-02,9.976960656047628717e-01,3.683300956161838537e-03,7.742561216753179876e-01,9.424232467306193142e-03,-4.331499748419022876e-03,9.999462095294584518e-01,2.343524459502084045e-01,0.000000000000000000e+00,0.000000000000000000e+00,0.000000000000000000e+00,1.000000000000000056e-01
9.975606770431295622e-01,-6.944215873131857897e-02,-7.105083249848368442e-03,1.670256420037194545e+01,6.946543734704808959e-02,9.975795934627211814e-01,3.083459248182168159e-03,8.585222986062451822e-01,6.873763993348707725e-03,-3.569495410589405577e-03,9.999700045856763087e-01,2.525357298290222263e-01,0.000000000000000000e+00,0.000000000000000000e+00,0.000000000000000000e+00,1.000000000000000056e-01
9.973678235035338124e-01,-7.219739311383382985e-02,-6.705301439192499525e-03,1.758205476580733162e+01,7.222605289892550240e-02,9.973797170544946855e-01,4.134887052603081030e-03,9.378426255742348117e-01,6.389203586168823966e-03,-4.608300756538035413e-03,9.999689703394160079e-01,2.721344740802187356e-01,0.000000000000000000e+00,0.000000000000000000e+00,0.000000000000000000e+00,1.000000000000000056e-01
9.972913215631735717e-01,-7.324040449951658982e-02,-6.772228844767571795e-03,1.849135765116006169e+01,7.327711978656122060e-02,9.972973111847789340e-01,5.341986465369146821e-03,1.007510888409192118e+00,6.362676368060121712e-03,-5.823766166100621290e-03,9.999627993565950446e-01,2.858671737835308257e-01,0.000000000000000000e+00,0.000000000000000000e+00,0.000000000000000000e+00,1.000000000000000056e-01
9.973328978025898239e-01,-7.261380984719705001e-02,-7.370588861422475851e-03,1.940820903028942368e+01,7.264667236286322105e-02,9.973485003660402803e-01,4.292995715515914718e-03,1.078657326086764234e+00,7.039314973193041419e-03,-4.816994611346717831e-03,9.999636216421187163e-01,3.066834619532845529e-01,0.000000000000000000e+00,0.000000000000000000e+00,0.000000000000000000e+00,1.000000000000000056e-01
9.972763212474240468e-01,-7.352008425044891105e-02,-5.893750165352091945e-03,2.033539012173619298e+01,7.351873159784512446e-02,9.972937366077506693e-01,-4.461246400565241658e-04,1.131301454642337667e+00,5.910599246159693211e-03,1.160850334212579324e-05,9.999825321883347717e-01,3.254249057388432509e-01,0.000000000000000000e+00,0.000000000000000000e+00,0.000000000000000000e+00,1.000000000000000056e-01
9.974136275084021230e-01,-7.184262574807717683e-02,-2.166283950012959977e-03,2.125114975244715154e+01,7.184197703061268037e-02,9.974159558741065856e-01,-3.759043431978038733e-04,1.212104070183629201e+00,2.187692131742348129e-03,2.193019927664689468e-04,9.999975829519652804e-01,3.306559463165195112e-01,0.000000000000000000e+00,0.000000000000000000e+00,0.000000000000000000e+00,1.000000000000000056e-01
9.973964761154339165e-01,-7.211264382349666380e-02,-1.898243929054255924e-04,2.221315228429247313e+01,7.211230719591277261e-02,9.973955253308974811e-01,-1.407551343750369473e-03,1.293517738387505611e+00,2.908322487976801405e-04,1.390198075273688582e-03,9.999989913824486321e-01,3.487032535589363880e-01,0.000000000000000000e+00,0.000000000000000000e+00,0.000000000000000000e+00,1.000000000000000056e-01
9.975425848166541432e-01,-7.005369512735791504e-02,1.127508896470698178e-03,2.318523644404282535e+01,7.005612233445666914e-02,9.975404451149899598e-01,-2.280369103305175584e-03,1.359814407457840435e+00,-9.649874445157041345e-04,2.353754190831420113e-03,9.999967643149857421e-01,3.628656430320348902e-01,0.000000000000000000e+00,0.000000000000000000e+00,0.000000000000000000e+00,1.000000000000000056e-01
9.978419640657246736e-01,-6.562051856840754593e-02,2.315662382644049274e-03,2.411528752261880015e+01,6.562918789915157813e-02,9.978364958668268780e-01,-3.890657002331477082e-03,1.423582285455346153e+00,-2.055345507443368230e-03,4.034235866334049368e-03,9.999897501953806112e-01,3.690619040190720179e-01,0.000000000000000000e+00,0.000000000000000000e+00,0.000000000000000000e+00,1.000000000000000056e-01
9.979628915161216085e-01,-6.379597187186865359e-02,-3.756723378349983294e-04,2.507205255386667275e+01,6.379324931894243822e-02,9.979502113855617251e-01,-5.079068501600733990e-03,1.492662677799574622e+00,6.989264002175592846e-04,5.044756528956185343e-03,9.999870308826263043e-01,3.803919030281738833e-01,0.000000000000000000e+00,0.000000000000000000e+00,0.000000000000000000e+00,1.000000000000000056e-01
9.980409571235003829e-01,-6.232936818899245668e-02,-5.412741003254173400e-03,2.602738339739624962e+01,6.230988764126847712e-02,9.980500068525052226e-01,-3.696176923089994869e-03,1.565321084560481690e+00,5.632566567719597336e-03,3.351668670274478637e-03,9.999785200247978123e-01,3.890808435132147580e-01,0.000000000000000000e+00,0.000000000000000000e+00,0.000000000000000000e+00,1.000000000000000056e-01
9.981041452580633466e-01,-6.091898119573530695e-02,-8.774562595618233193e-03,2.698239429591694005e+01,6.087822861746872843e-02,9.981334698128049299e-01,-4.839185866415851578e-03,1.631267443146822815e+00,9.052982882452932992e-03,4.295831645229557239e-03,9.999497934053518389e-01,4.087209953477672908e-01,0.000000000000000000e+00,0.000000000000000000e+00,0.000000000000000000e+00,1.000000000000000056e-01
9.981570136889279521e-01,-6.023401480311418171e-02,-7.378311751312244433e-03,2.795310840002164809e+01,6.017570729414922076e-02,9.981566560033156010e-01,-7.885069938024177189e-03,1.685440577055838496e+00,7.839660404010335634e-03,7.426542733794605326e-03,9.999416913939397356e-01,4.326019235871795265e-01,0.000000000000000000e+00,0.000000000000000000e+00,0.000000000000000000e+00,1.000000000000000056e-01
9.982155573314246411e-01,-5.956179187450377083e-02,-4.253710170132546028e-03,2.896357957896780988e+01,5.951186313962809199e-02,9.981666385047354151e-01,-1.103176875243003924e-02,1.732962600404341247e+00,4.902983496134501185e-03,1.075893697607777436e-02,9.999301005710256041e-01,4.492862928919382770e-01,0.000000000000000000e+00,0.000000000000000000e+00,0.000000000000000000e+00,1.000000000000000056e-01
9.982281202509383222e-01,-5.949095544942815256e-02,-1.202563924439651374e-03,2.992149008245436548e+01,5.946374245508378314e-02,9.980989895214213981e-01,-1.620093977375697269e-02,1.780606173954024207e+00,2.164087224137575555e-03,1.610072470516742821e-02,9.998680329875812012e-01,4.572755631370800100e-01,0.000000000000000000e+00,0.000000000000000000e+00,0.000000000000000000e+00,1.000000000000000056e-01
9.982644873948823827e-01,-5.885407931043946939e-02,-2.051963633525061802e-03,3.085093153617024342e+01,5.879289390939711202e-02,9.980144600169377211e-01,-2.259498224957268500e-02,1.826029062299056704e+00,3.377696255021231039e-03,2.243512749285436411e-02,9.997425949825226033e-01,4.780843992263828501e-01,0.000000000000000000e+00,0.000000000000000000e+00,0.000000000000000000e+00,1.000000000000000056e-01
9.982803135187819921e-01,-5.840448032325704780e-02,-5.033122193301316910e-03,3.180002524845969347e+01,5.825904743196360508e-02,9.979794743825436409e-01,-2.535452826345212241e-02,1.864518692408192235e+00,6.503770688042217682e-03,2.501770151936939107e-02,9.996658519613066396e-01,4.920263662004919492e-01,0.000000000000000000e+00,0.000000000000000000e+00,0.000000000000000000e+00,1.000000000000000056e-01
9.982849084910829784e-01,-5.797363536978634296e-02,-8.142424759316757576e-03,3.278823536176608400e+01,5.774269113633636458e-02,9.979876915835501627e-01,-2.619826460036010773e-02,1.937110529282332294e+00,9.644848328705733775e-03,2.568316666121758102e-02,9.996236050889196756e-01,5.068314478500579590e-01,0.000000000000000000e+00,0.000000000000000000e+00,0.000000000000000000e+00,1.000000000000000056e-01
9.982114598161504482e-01,-5.900647104404389831e-02,-9.597805303206318611e-03,3.376153373218819098e+01,5.873238336468573906e-02,9.979167827433765847e-01,-2.669460363841389544e-02,2.001254425414626503e+00,1.115296534619526769e-02,2.608315728658713167e-02,9.995975591556582884e-01,5.231508909390328865e-01,0.000000000000000000e+00,0.000000000000000000e+00,0.000000000000000000e+00,1.000000000000000056e-01
9.982054203894961120e-01,-5.925718257195024263e-02,-8.632787421446170770e-03,3.472995602463881681e+01,5.899499187459965321e-02,9.978658977513684691e-01,-2.798644383574460520e-02,2.072073408795027660e+00,1.027276198231245365e-02,2.742692871048310610e-02,9.995710249615906706e-01,5.501040163678609929e-01,0.000000000000000000e+00,0.000000000000000000e+00,0.000000000000000000e+00,1.000000000000000056e-01
9.981731080076704510e-01,-5.977398419601186175e-02,-8.804388885228602024e-03,3.571419025461862873e+01,5.953024582877507187e-02,9.978945356939117328e-01,-2.574190093598110671e-02,2.137173032021084218e+00,1.032454753841647102e-02,2.517074582858403256e-02,9.996298501308170659e-01,5.611036398871744879e-01,0.000000000000000000e+00,0.000000000000000000e+00,0.000000000000000000e+00,1.000000000000000056e-01
9.982696932663782663e-01,-5.821202791607034410e-02,-8.305378483228587766e-03,3.670127202634985508e+01,5.799411300535338432e-02,9.980180054313604332e-01,-2.442833787901373468e-02,2.205891253495143811e+00,9.710940354740679042e-03,2.390440630318190277e-02,9.996670830815221898e-01,5.863147672534728683e-01,0.000000000000000000e+00,0.000000000000000000e+00,0.000000000000000000e+00,1.000000000000000056e-01
9.982174866599243801e-01,-5.931484864620149150e-02,-6.602882432835169638e-03,3.771239453113187778e+01,5.913661197400375130e-02,9.979484860841918437e-01,-2.452917133752327214e-02,2.270497380950450506e+00,8.044280612941700007e-03,2.409497566605259614e-02,9.996773087837257377e-01,6.044584451738119757e-01,0.000000000000000000e+00,0.000000000000000000e+00,0.000000000000000000e+00,1.000000000000000056e-01
9.983506860693871499e-01,-5.723509507892035608e-02,-4.477891924873094245e-03,3.870636975666113955e+01,5.710999629797955390e-02,9.980715567677207467e-01,-2.432315551286731020e-02,2.332056163552026717e+00,5.861394682894021518e-03,2.402730660239121852e-02,9.996941195134669833e-01,6.361350019974857384e-01,0.000000000000000000e+00,0.000000000000000000e+00,0.000000000000000000e+00,1.000000000000000056e-01
9.983789955947126593e-01,-5.683490585532826461e-02,-3.028965451867565283e-03,3.972081557155586751e+01,5.676322471245453388e-02,9.981868824460965461e-01,-2.002208862197057612e-02,2.395700961730878653e+00,4.161427103293353566e-03,1.981769888152068795e-02,9.997949496449286544e-01,6.546291675308882896e-01,0.000000000000000000e+00,0.000000000000000000e+00,0.000000000000000000e+00,1.000000000000000056e-01
9.982791326361821760e-01,-5.858240271904188029e-02,-2.622105035227504082e-03,4.072998288269824485e+01,5.850778017621819510e-02,9.980270520420019276e-01,-2.277812659554058483e-02,2.465304959770434401e+00,3.951329143857872615e-03,2.258551491587336424e-02,9.997371062004160036e-01,6.738340999847924895e-01,0.000000000000000000e+00,0.000000000000000000e+00,0.000000000000000000e+00,1.000000000000000056e-01
9.983353745837023618e-01,-5.745446032583836210e-02,-5.046270254889187283e-03,4.174542199402318232e+01,5.733187509782235874e-02,9.981177117265452869e-01,-2.177359950795242777e-02,2.528725058466070319e+00,6.287762128644072517e-03,2.144804248484404041e-02,9.997501915583622001e-01,7.095087796424803805e-01,0.000000000000000000e+00,0.000000000000000000e+00,0.000000000000000000e+00,1.000000000000000056e-01
9.983883655087634201e-01,-5.632696963079882740e-02,-6.924168466388235833e-03,4.277723267889523839e+01,5.619607140452622523e-02,9.982604682473997793e-01,-1.783365058476444817e-02,2.604682579320203750e+00,7.916639150374904857e-03,1.741579819282325706e-02,9.998169916529072720e-01,7.357451517653266215e-01,0.000000000000000000e+00,0.000000000000000000e+00,0.000000000000000000e+00,1.000000000000000056e-01
9.984087263931864520e-01,-5.591536456227889917e-02,-7.313485338932002033e-03,4.383673488463455925e+01,5.576403532833656973e-02,9.982540054234549931e-01,-1.947596005152611026e-02,2.671522801044188711e+00,8.389721439676048331e-03,1.903713901551528503e-02,9.997835765365765681e-01,7.614227943757574391e-01,0.000000000000000000e+00,0.000000000000000000e+00,0.000000000000000000e+00,1.000000000000000056e-01
9.983861391892346893e-01,-5.636190104593889749e-02,-6.960832227685998658e-03,4.484245605392486311e+01,5.619506597467133213e-02,9.981729124031690770e-01,-2.220251122457975873e-02,2.731132523026146952e+00,8.199489918070285502e-03,2.177551503554039924e-02,9.997292610052085360e-01,7.944773245092788816e-01,0.000000000000000000e+00,0.000000000000000000e+00,0.000000000000000000e+00,1.000000000000000056e-01
9.985011453950639604e-01,-5.444339015916289937e-02,-5.601777639512969982e-03,4.582432081075316432e+01,5.430327019886463380e-02,9.982665266103785129e-01,-2.269574178033398337e-02,2.791707451600637935e+00,6.827700231738635141e-03,2.235752931850165659e-02,9.997267243563702221e-01,8.151939611723866275e-01,0.000000000000000000e+00,0.000000000000000000e+00,0.000000000000000000e+00,1.000000000000000056e-01
9.983239296844940158e-01,-5.731394629164062587e-02,-8.027638493875260267e-03,4.673777641548579709e+01,5.714232974457538611e-02,9.981619520343008034e-01,-2.018592733654730673e-02,2.848113982746375061e+00,9.169818464486056975e-03,1.969337633706029142e-02,9.997640148343884814e-01,8.396663376260284917e-01,0.000000000000000000e+00,0.000000000000000000e+00,0.000000000000000000e+00,1.000000000000000056e-01
9.984141214325213953e-01,-5.485587491162080553e-02,-1.265207934717229275e-02,4.769204442304064173e+01,5.461405337921350356e-02,9.983319209048669984e-01,-1.872647526607344737e-02,2.905784309962022416e+00,1.365823186283459702e-02,1.800579601348004793e-02,9.997445893888609048e-01,8.555678855330676180e-01,0.000000000000000000e+00,0.000000000000000000e+00,0.000000000000000000e+00,1.000000000000000056e-01
9.985131061302209288e-01,-5.319646981134422414e-02,-1.190430534676258437e-02,4.865422893686843508e+01,5.294645122388276504e-02,9.983886524138368967e-01,-2.041499532402281381e-02,2.965466953749188228e+00,1.297112905553024151e-02,1.975434967022738492e-02,9.997207187410548368e-01,8.818130756522938318e-01,0.000000000000000000e+00,0.000000000000000000e+00,0.000000000000000000e+00,1.000000000000000056e-01
9.987163814593232880e-01,-4.852142268925425939e-02,-1.453481836852818163e-02,4.961865526708425733e+01,4.822568643582290926e-02,9.986352155704247835e-01,-2.004967307476600291e-02,3.031673406791853154e+00,1.548782013677419203e-02,1.932298534963045045e-02,9.996933278083779406e-01,9.024844795919275686e-01,0.000000000000000000e+00,0.000000000000000000e+00,0.000000000000000000e+00,1.000000000000000056e-01
9.988030334252232523e-01,-4.755724118982962434e-02,-1.143718632290027272e-02,5.062741748629098026e+01,4.728067550565767663e-02,9.986088129001282621e-01,-2.334473220932857182e-02,3.093484955841091733e+00,1.253148611702004610e-02,2.277603144994609988e-02,9.996620500184499880e-01,9.407320763749330572e-01,0.000000000000000000e+00,0.000000000000000000e+00,0.000000000000000000e+00,1.000000000000000056e-01
9.989139217079608946e-01,-4.547542058037985085e-02,-1.014707549293499683e-02,5.157906038324130549e+01,4.523450811684897460e-02,9.987155528863072007e-01,-2.282725779467103394e-02,3.144747450618626594e+00,1.117212126001509293e-02,2.234346763676601372e-02,9.996879278857558893e-01,9.655036048467638965e-01,0.000000000000000000e+00,0.000000000000000000e+00,0.000000000000000000e+00,1.000000000000000056e-01
9.989537344194776569e-01,-4.458196668642241955e-02,-1.019238616568025717e-02,5.253747585919193597e+01,4.429427412474569448e-02,9.986564044256798223e-01,-2.689615547499291104e-02,3.183430720579652373e+00,1.137777522811525728e-02,2.641655060646314057e-02,9.995862704563897028e-01,9.913946093317803632e-01,0.000000000000000000e+00,0.000000000000000000e+00,0.000000000000000000e+00,1.000000000000000056e-01
9.989119999131956806e-01,-4.516868807064053359e-02,-1.160198463181890197e-02,5.352165862380977046e+01,4.480514813539050734e-02,9.985486243104176873e-01,-2.988550799866032670e-02,3.238598673532225636e+00,1.293503498199749524e-02,2.933316392327042083e-02,9.994859930805759518e-01,1.032915506836482145e+00,0.000000000000000000e+00,0.000000000000000000e+00,0.000000000000000000e+00,1.000000000000000056e-01
9.989234128102899568e-01,-4.483316953965359175e-02,-1.191646963122112469e-02,5.448292103127330677e+01,4.447238997306196540e-02,9.985899424622644016e-01,-2.898850364015528869e-02,3.278279562601509323e+00,1.319931322179437004e-02,2.842734110394561781e-02,9.995087115219321028e-01,1.051744742613187178e+00,0.000000000000000000e+00,0.000000000000000000e+00,0.000000000000000000e+00,1.000000000000000056e-01
9.988948430558600711e-01,-4.642306952834327621e-02,-7.347865810912825903e-03,5.542501927258224725e+01,4.616923310132826225e-02,9.984338543927044896e-01,-3.159494132551862039e-02,3.321638861241431151e+00,8.803092141048544580e-03,3.122077862729171621e-02,9.994737458035912736e-01,1.084592125199787871e+00,0.000000000000000000e+00,0.000000000000000000e+00,0.000000000000000000e+00,1.000000000000000056e-01
9.987694487365500473e-01,-4.956167259225163074e-02,-1.796908552563853019e-03,5.636652633287091163e+01,4.948007297604947036e-02,9.982730626496946202e-01,-3.166409269635961365e-02,3.367855224900174527e+00,3.363130799217028261e-03,3.153621724077396160e-02,9.994969516478627858e-01,1.121491330479598147e+00,0.000000000000000000e+00,0.000000000000000000e+00,0.000000000000000000e+00,1.000000000000000056e-01
9.987750665403487549e-01,-4.945346222184668350e-02,-1.649706517630119239e-03,5.732354497410641159e+01,4.938588375311897538e-02,9.983674742604429220e-01,-2.869531015248597688e-02,3.429571302396478671e+00,3.066095765847511728e-03,2.857868809263867937e-02,9.995868434726711271e-01,1.133522593789551891e+00,0.000000000000000000e+00,0.000000000000000000e+00,0.000000000000000000e+00,1.000000000000000056e-01
9.987048582248965189e-01,-5.065708180228239293e-02,-4.739854561722675261e-03,5.822717799901041502e+01,5.050274723603864063e-02,9.983199102586962637e-01,-2.840474084869495583e-02,3.483199727796342238e+00,6.170792461443225241e-03,2.812857700534455649e-02,9.995852662359785423e-01,1.151442746017312446e+00,0.000000000000000000e+00,0.000000000000000000e+00,0.000000000000000000e+00,1.000000000000000056e-01
9.984987629702910539e-01,-5.374707761724401706e-02,-1.055802985430717537e-02,5.914428518689877023e+01,5.342899073381208314e-02,9.981677873707073267e-01,-2.839738024242266512e-02,3.541115210155158621e+00,1.206496149868354663e-02,2.779064416440292506e-02,9.995409530384249397e-01,1.172469283677662677e+00,0.000000000000000000e+00,0.000000000000000000e+00,0.000000000000000000e+00,1.000000000000000056e-01
9.984218893475763634e-01,-5.382686725992662236e-02,-1.601247115839087368e-02,6.008762562699470777e+01,5.338864227333486867e-02,9.982183827998880599e-01,-2.664044137370846776e-02,3.600371578162679942e+00,1.741791456592725260e-02,2.574351571480392592e-02,9.995168270973809888e-01,1.206025949786416307e+00,0.000000000000000000e+00,0.000000000000000000e+00,0.000000000000000000e+00,1.000000000000000056e-01
9.983970583285505240e-01,-5.432315783251793345e-02,-1.588421996826409541e-02,6.100046520517089732e+01,5.394087791996073772e-02,9.982657058454068588e-01,-2.357885116360681002e-02,3.668867380672616196e+00,1.713754971169292526e-02,2.268424687034982165e-02,9.995957829711989984e-01,1.222878657634734578e+00,0.000000000000000000e+00,0.000000000000000000e+00,0.000000000000000000e+00,1.000000000000000056e-01
9.983778794651495536e-01,-5.537436495404319398e-02,-1.323969412817717003e-02,6.191973617246022599e+01,5.508423096307869110e-02,9.982532723782334694e-01,-2.135723964735407668e-02,3.728442847932661230e+00,1.439921157138328994e-02,2.059329726111735689e-02,9.996842395546894355e-01,1.258149548020465414e+00,0.000000000000000000e+00,0.000000000000000000e+00,0.000000000000000000e+00,1.000000000000000056e-01
9.982330525883424954e-01,-5.813290057367734298e-02,-1.230197508737800559e-02,6.280427669652102196e+01,5.786666892504493953e-02,9.981036059644311509e-01,-2.099143607090183175e-02,3.791414389727781220e+00,1.349893876120502635e-02,2.024247098776392126e-02,9.997039666924557588e-01,1.294456426096568302e+00,0.000000000000000000e+00,0.000000000000000000e+00,0.000000000000000000e+00,1.000000000000000056e-01
9.983007256816714969e-01,-5.645317144311413210e-02,-1.444647145369458083e-02,6.363164919301555500e+01,5.614974432432911361e-02,9.982095796507823859e-01,-2.061167886711058259e-02,3.853832923203368122e+00,1.558420083804490028e-02,1.976548829204040000e-02,9.996831788906006544e-01,1.324047944879166883e+00,0.000000000000000000e+00,0.000000000000000000e+00,0.000000000000000000e+00,1.000000000000000056e-01
9.982718364550597911e-01,-5.736954413461201052e-02,-1.273090516927809050e-02,6.445237338839935148e+01,5.713187962509942708e-02,9.981987817380382211e-01,-1.830684208702859639e-02,3.901433801636958520e+00,1.375822921547304421e-02,1.754786432826106746e-02,9.997513608824802889e-01,1.350252220286151328e+00,0.000000000000000000e+00,0.000000000000000000e+00,0.000000000000000000e+00,1.000000000000000056e-01
9.981481551820414744e-01,-5.917741017303283779e-02,-1.408170557496142908e-02,6.526250477275202400e+01,5.891290899750355192e-02,9.980914954282428253e-01,-1.851042698766969946e-02,3.952426631058241213e+00,1.515022970582078146e-02,1.764655431030704574e-02,9.997294982448173828e-01,1.380284048543426234e+00,0.000000000000000000e+00,0.000000000000000000e+00,0.000000000000000000e+00,1.000000000000000056e-01
9.981136856531697132e-01,-6.008577479010772382e-02,-1.260040395058300081e-02,6.606861810393915846e+01,5.984713163527692614e-02,9.980355332467928386e-01,-1.853092582197679930e-02,3.995101596767332452e+00,1.368909591153659108e-02,1.774187263685055374e-02,9.997488857750542746e-01,1.412973128547595936e+00,0.000000000000000000e+00,0.000000000000000000e+00,0.000000000000000000e+00,1.000000000000000056e-01
9.980103808852052172e-01,-6.169013257848249276e-02,-1.302333243900365492e-02,6.681942661416289297e+01,6.145231957622439289e-02,9.979489063966516804e-01,-1.793300422206360253e-02,4.048873495564550673e+00,1.410290977313332500e-02,1.709701038708862433e-02,9.997543699188089494e-01,1.436346525373168870e+00,0.000000000000000000e+00,0.000000000000000000e+00,0.000000000000000000e+00,1.000000000000000056e-01
9.979274356304599358e-01,-6.333352966804532691e-02,-1.138846942310834526e-02,6.760781647819024442e+01,6.313001039220543509e-02,9.978532502124313197e-01,-1.742104555894610080e-02,4.103824017145649705e+00,1.246735753454943779e-02,1.666598512760834871e-02,9.997833815061301088e-01,1.456103710507229199e+00,0.000000000000000000e+00,0.000000000000000000e+00,0.000000000000000000e+00,1.000000000000000056e-01
9.978106897353395954e-01,-6.566400863657784193e-02,-7.878160931409788209e-03,6.835947645039453846e+01,6.553718339037570284e-02,9.977312680911525344e-01,-1.540111250777029088e-02,4.163435409359430572e+00,8.871586281044799294e-03,1.485108221632914539e-02,9.998503589607106168e-01,1.480392892801770000e+00,0.000000000000000000e+00,0.000000000000000000e+00,0.000000000000000000e+00,1.000000000000000056e-01
9.979192606895690432e-01,-6.408148717404771322e-02,-7.121246123135516019e-03,6.905432181863812957e+01,6.398948077166169424e-02,9.978726176940094783e-01,-1.247337993802494563e-02,4.212456867976297481e+00,7.905409246652124466e-03,1.199174124418730600e-02,9.998968460029141747e-01,1.505856586063306857e+00,0.000000000000000000e+00,0.000000000000000000e+00,0.000000000000000000e+00,1.000000000000000056e-01
9.979878872839498261e-01,-6.278199297793551903e-02,-8.865562150066175207e-03,6.971765407399279013e+01,6.268995569935881251e-02,9.979798610229163591e-01,-1.030371035564761097e-02,4.261161184013238845e+00,9.494539953608018695e-03,9.727196430580955025e-03,9.999076134126944071e-01,1.537999790425304658e+00,0.000000000000000000e+00,0.000000000000000000e+00,0.000000000000000000e+00,1.000000000000000056e-01
9.977244734834204154e-01,-6.599065496072392678e-02,-1.382419871407439445e-02,7.040502812514209552e+01,6.586130703919568230e-02,9.977824875403494831e-01,-9.612273034047481152e-03,4.321519151738649533e+00,1.442786357435934912e-02,8.679920255795395972e-03,9.998582378202585108e-01,1.561088528424038779e+00,0.000000000000000000e+00,0.000000000000000000e+00,0.000000000000000000e+00,1.000000000000000056e-01
9.977086272797540678e-01,-6.532003685353411637e-02,-1.762917573234232260e-02,7.114565086093398349e+01,6.514505259977464158e-02,9.978223912826114095e-01,-1.032461025045414496e-02,4.376409454131072962e+00,1.826519020764524187e-02,9.152499139804971123e-03,9.997912855122185194e-01,1.588604169191513371e+00,0.000000000000000000e+00,0.000000000000000000e+00,0.000000000000000000e+00,1.000000000000000056e-01
9.975763701079493062e-01,-6.732454950204155852e-02,-1.757244537891396868e-02,7.185570624336347123e+01,6.714770593035634949e-02,9.976881361614856614e-01,-1.046749974498811971e-02,4.427477284678709601e+00,1.823653998263224940e-02,9.262181004930569381e-03,9.997907984235970824e-01,1.610547971962599245e+00,0.000000000000000000e+00,0.000000000000000000e+00,0.000000000000000000e+00,1.000000000000000056e-01
9.975674817499456948e-01,-6.797509131652730574e-02,-1.544364968463012716e-02,7.253567196659777494e+01,6.784106530199489338e-02,9.976551562474743617e-01,-9.043178175733693896e-03,4.478735379718203014e+00,1.602214760143805261e-02,7.973466833026604528e-03,9.998398444815551622e-01,1.628863734099812666e+00,0.000000000000000000e+00,0.000000000000000000e+00,0.000000000000000000e+00,1.000000000000000056e-01
9.975069096757608333e-01,-6.894779933285012652e-02,-1.503882030847423015e-02,7.317159164968842333e+01,6.881042475037484063e-02,9.975848146276098394e-01,-9.469058563044150181e-03,4.526384710370487063e+00,1.565536951932297235e-02,8.410623731590296040e-03,9.998420729363508563e-01,1.648627197217057416e+00,0.000000000000000000e+00,0.000000000000000000e+00,0.000000000000000000e+00,1.000000000000000056e-01
9.974133055379745816e-01,-6.988549654523240617e-02,-1.681414013374446514e-02,7.375495658594364556e+01,6.971780180465494969e-02,9.975129384219826312e-01,-1.036174658388671309e-02,4.563182454665911436e+00,1.749645813694121477e-02,9.162699022021171189e-03,9.998049404255282546e-01,1.674989430604776564e+00,0.000000000000000000e+00,0.000000000000000000e+00,0.000000000000000000e+00,1.000000000000000056e-01
9.973849296805691322e-01,-6.937762559156784858e-02,-2.024962007945921988e-02,7.439709937302737330e+01,6.903198989864117729e-02,9.974644899252551600e-01,-1.729669647026419593e-02,4.593683121001292058e+00,2.139828069542297484e-02,1.585359282392405367e-02,9.996453256919941577e-01,1.707867059096575879e+00,0.000000000000000000e+00,0.000000000000000000e+00,0.000000000000000000e+00,1.000000000000000056e-01
9.973500163812138997e-01,-6.844157906596186336e-02,-2.467174658085530270e-02,7.502359173200784426e+01,6.795065923800970575e-02,9.974838339722370550e-01,-2.021654948715344638e-02,4.616526978162677430e+00,2.599332094042892255e-02,1.848651451746188487e-02,9.994911685690291980e-01,1.729537854381486994e+00,0.000000000000000000e+00,0.000000000000000000e+00,0.000000000000000000e+00,1.000000000000000056e-01
9.976900281856413422e-01,-6.329932282984471192e-02,-2.465366885916442721e-02,7.561186731942626693e+01,6.280479073577369120e-02,9.978184877737169556e-01,-2.034265758470189464e-02,4.656945931541498496e+00,2.588756302879645713e-02,1.874729810548320455e-02,9.994890559151582421e-01,1.759390054226336986e+00,0.000000000000000000e+00,0.000000000000000000e+00,0.000000000000000000e+00,1.000000000000000056e-01
9.980011442314438153e-01,-5.852021581089074387e-02,-2.385582641988333655e-02,7.618337537248095259e+01,5.814779323318282345e-02,9.981794773807630694e-01,-1.601764895287985380e-02,4.709601305972858754e+00,2.474975262179096927e-02,1.459846832080160736e-02,9.995870819832790577e-01,1.770951963770341031e+00,0.000000000000000000e+00,0.000000000000000000e+00,0.000000000000000000e+00,1.000000000000000056e-01
9.984738493796093683e-01,-5.142267582555812983e-02,-2.014151225714502086e-02,7.672221663123694668e+01,5.105623118024755352e-02,9.985280280109574136e-01,-1.830405786206530314e-02,4.728963692542961006e+00,2.105310814901878436e-02,1.724777340668285849e-02,9.996295718663876784e-01,1.798489349902890444e+00,0.000000000000000000e+00,0.000000000000000000e+00,0.000000000000000000e+00,1.000000000000000056e-01
9.988819287877727104e-01,-4.405252554294132594e-02,-1.715422206068861408e-02,7.728867756095318953e+01,4.365817235032008747e-02,9.987881020254164577e-01,-2.272204303085462174e-02,4.735949762662714946e+00,1.813439627472224550e-02,2.194771618539762686e-02,9.995946385540473988e-01,1.818665107556102001e+00,0.000000000000000000e+00,0.000000000000000000e+00,0.000000000000000000e+00,1.000000000000000056e-01
9.992534938268962108e-01,-3.580978233813869593e-02,-1.449532902821594471e-02,7.784333576163301416e+01,3.543714859361149494e-02,9.990542444479041384e-01,-2.519573674615876654e-02,4.741161066440994887e+00,1.538387383903704053e-02,2.466325484445568497e-02,9.995774408649796827e-01,1.851440570071535507e+00,0.000000000000000000e+00,0.000000000000000000e+00,0.000000000000000000e+00,1.000000000000000056e-01
9.996041346122073179e-01,-2.397362994921478294e-02,-1.472545867666918279e-02,7.833004868418889544e+01,2.365754124685665385e-02,9.994936741487506771e-01,-2.127712571716888074e-02,4.755607665663700523e+00,1.522809273459601112e-02,2.092033469352355679e-02,9.996651663371979302e-01,1.876158773406672919e+00,0.000000000000000000e+00,0.000000000000000000e+00,0.000000000000000000e+00,1.000000000000000056e-01
9.998485103787813078e-01,-9.653350680046170196e-03,-1.448340823080062310e-02,7.883416674072786634e+01,9.369648144484290370e-03,9.997653722209060012e-01,-1.952972610257828340e-02,4.765718557310682613e+00,1.466853731564715831e-02,1.939106311271297095e-02,9.997043666426481678e-01,1.883873627966936359e+00,0.000000000000000000e+00,0.000000000000000000e+00,0.000000000000000000e+00,1.000000000000000056e-01
9.998663804273598688e-01,9.223778100613269637e-03,-1.349604418489791860e-02,7.932715319029355783e+01,-9.392288874701653495e-03,9.998780561110840459e-01,-1.247629020237940589e-02,4.757256240267959235e+00,1.337931989243942854e-02,1.260138187146472855e-02,9.998310852209713051e-01,1.898632337418728389e+00,0.000000000000000000e+00,0.000000000000000000e+00,0.000000000000000000e+00,1.000000000000000056e-01
9.994212005455239689e-01,3.139116619422974153e-02,-1.310948454783464334e-02,7.981776181226175026e+01,-3.157951021611631048e-02,9.993972754119141433e-01,-1.441597841816239477e-02,4.728051414578109402e+00,1.264904876478356588e-02,1.482162555892458690e-02,9.998101424676272275e-01,1.918075596622080825e+00,0.000000000000000000e+00,0.000000000000000000e+00,0.000000000000000000e+00,1.000000000000000056e-01
9.983489768358883021e-01,5.599792911731885786e-02,-1.278876011608030133e-02,8.030452425018819440e+01,-5.621613838143826175e-02,9.982671157511134874e-01,-1.739285472347867553e-02,4.708722966154171630e+00,1.179263482915917510e-02,1.808307342585277130e-02,9.997669409513705308e-01,1.936878411384377330e+00,0.000000000000000000e+00,0.000000000000000000e+00,0.000000000000000000e+00,1.000000000000000056e-01
9.963696245304913823e-01,8.441570036147981460e-02,-1.102546350266143081e-02,8.077363183462942686e+01,-8.460772164616521540e-02,9.962463332902787849e-01,-1.829690803168047483e-02,4.659537628526308595e+00,9.439531281408354221e-03,1.916332273264753985e-02,9.997718051190640498e-01,1.953497907157409230e+00,0.000000000000000000e+00,0.000000000000000000e+00,0.000000000000000000e+00,1.000000000000000056e-01
9.930581417695315549e-01,1.172529593813216725e-01,-9.341872487198282782e-03,8.123903519995413092e+01,-1.174134439144130376e-01,9.929006452867331634e-01,-1.903659048637355161e-02,4.596141005923067624e+00,7.043454649667942047e-03,2.000130259535691513e-02,9.997751435403298137e-01,1.968827405147112852e+00,0.000000000000000000e+00,0.000000000000000000e+00,0.000000000000000000e+00,1.000000000000000056e-01
9.879863191077331575e-01,1.542950295109637437e-01,-8.722220139584534182e-03,8.172427971253959811e+01,-1.544361498852818149e-01,9.878222073152622684e-01,-1.888815352049327476e-02,4.520996588787514980e+00,5.701654546121906822e-03,2.000826336826322036e-02,9.997835568423911745e-01,1.974077124922972493e+00,0.000000000000000000e+00,0.000000000000000000e+00,0.000000000000000000e+00,1.000000000000000056e-01
