9.999986407358710805e-01,-1.625817581017484879e-03,-2.743056754825704013e-04,6.752053769814160278e-01,1.625849278101310167e-03,9.999986716510059770e-01,1.153704833667581201e-04,-3.145049247877895748e-02,2.741177397487142074e-04,-1.158163062322609750e-04,9.999999557230230263e-01,9.748705028849277004e-03,0.000000000000000000e+00,0.000000000000000000e+00,0.000000000000000000e+00,1.000000000000000056e-01
9.999844576161320830e-01,-5.487824119449273043e-03,-9.840287617904942569e-04,1.344792642758800394e+00,5.489105864541834155e-03,9.999840837237869984e-01,1.304613316668805801e-03,-5.718649762843489026e-03,9.768536112911504771e-04,-1.309994477915060913e-03,9.999986648348536677e-01,1.987148482427061880e-02,0.000000000000000000e+00,0.000000000000000000e+00,0.000000000000000000e+00,1.000000000000000056e-01
9.999489603303955976e-01,-9.926418033346014538e-03,-1.882275003336205321e-03,2.062133843967143054e+00,9.925612376575855891e-03,9.999506444583311504e-01,-4.368824991870708390e-04,1.945117331358497612e-03,1.886518780952229973e-03,4.181774687794231481e-04,9.999981330855042261e-01,1.628832318973086335e-02,0.000000000000000000e+00,0.000000000000000000e+00,0.000000000000000000e+00,1.000000000000000056e-01
9.998899756984933607e-01,-1.441317363477824694e-02,-3.506696941585048764e-03,2.749144815287624333e+00,1.441076268335832015e-02,9.998959061924707070e-01,-7.118275225081588647e-04,1.567829693138453676e-02,3.516591609828471909e-03,6.612150267545611766e-04,9.999935981685773578e-01,2.062622393692330192e-02,0.000000000000000000e+00,0.000000000000000000e+00,0.000000000000000000e+00,1.000000000000000056e-01
9.998136505402370755e-01,-1.915501318815554174e-02,-2.397845525941051138e-03,3.450641267615123908e+00,1.915215104534402288e-02,9.998158473894844800e-01,-1.210957961072770765e-03,2.691461947754944864e-02,2.420599872142486543e-03,1.164808400014703902e-03,9.999963919523161548e-01,2.396359938767033543e-02,0.000000000000000000e+00,0.000000000000000000e+00,0.000000000000000000e+00,1.000000000000000056e-01
9.996251710929708878e-01,-2.706518848172791147e-02,-4.122243296706337712e-03,4.189395111256692950e+00,2.705977063975519015e-02,9.996328861497287832e-01,-1.364456260679704821e-03,2.273881252070279399e-02,4.157659229968298925e-03,1.252397864900683336e-03,9.999905726402201767e-01,2.538215222755908426e-02,0.000000000000000000e+00,0.000000000000000000e+00,0.000000000000000000e+00,1.000000000000000056e-01
9.996206626563793884e-01,-2.737895711367842322e-02,-2.987222420287915462e-03,4.961195008771278836e+00,2.738495843219936055e-02,9.996229870098399806e-01,1.986930595688997294e-03,6.206694806484036597e-02,2.931696111063744701e-03,-2.067981840522188728e-03,9.999935642838005956e-01,2.765980102815134012e-02,0.000000000000000000e+00,0.000000000000000000e+00,0.000000000000000000e+00,1.000000000000000056e-01
9.995870201610617123e-01,-2.855452604883355200e-02,-3.229267355885338635e-03,5.713117769292566983e+00,2.856335946495049821e-02,9.995882745731847763e-01,2.723202504279480674e-03,1.011942918979596012e-01,3.150178027560238819e-03,-2.814316600842449879e-03,9.999910779604310740e-01,4.193193133558166530e-02,0.000000000000000000e+00,0.000000000000000000e+00,0.000000000000000000e+00,1.000000000000000056e-01
9.994818365571016550e-01,-3.216719012311518300e-02,-1.153374191919866046e-03,6.476647253592703990e+00,3.216917796821432141e-02,9.994809086582876478e-01,1.748489763481303125e-03,1.495713069168780329e-01,1.096531482712862068e-03,-1.784686859649400447e-03,9.999978062533539935e-01,4.529384857606743447e-02,0.000000000000000000e+00,0.000000000000000000e+00,0.000000000000000000e+00,1.000000000000000056e-01
9.993688750212794680e-01,-3.550480481048913506e-02,1.122708364322442479e-03,7.268196688367705605e+00,3.550241738692330729e-02,9.993674272390703495e-01,2.079358854557732204e-03,1.743306742452198910e-01,-1.195825399854738916e-03,-2.038187658290932080e-03,9.999972078924433960e-01,5.639344345216051185e-02,0.000000000000000000e+00,0.000000000000000000e+00,0.000000000000000000e+00,1.000000000000000056e-01
9.993312552623895284e-01,-3.655531734278535255e-02,8.666196773142419152e-04,8.054304398983095581e+00,3.655301419689117176e-02,9.993284894085070480e-01,2.539174990692978987e-03,1.967284726755917368e-01,-9.588580805957749951e-04,-2.505799369411908575e-03,9.999964007738735283e-01,6.383803822060059308e-02,0.000000000000000000e+00,0.000000000000000000e+00,0.000000000000000000e+00,1.000000000000000056e-01
9.992887697545067560e-01,-3.770727079808881832e-02,-3.411326486233519817e-04,8.883600292459542302e+00,3.770786032236024543e-02,9.992869445482802648e-01,1.928658930893099345e-03,2.474638110003486435e-01,2.681649375441529245e-04,-1.940150592593893521e-03,9.999980819497826801e-01,8.406008946712004160e-02,0.000000000000000000e+00,0.000000000000000000e+00,0.000000000000000000e+00,1.000000000000000056e-01
9.992138101560575913e-01,-3.964492333247578160e-02,2.040768882187975327e-04,9.645626162917332991e+00,3.964444037208676719e-02,9.992118721160563322e-01,1.988207712970907221e-03,3.106500854772226705e-01,-2.827383918824924285e-04,-1.978554090233010290e-03,9.999980026893622309e-01,9.474636147945846021e-02,0.000000000000000000e+00,0.000000000000000000e+00,0.000000000000000000e+00,1.000000000000000056e-01
9.990623317811055948e-01,-4.329489813658474184e-02,-9.492861971587468256e-05,1.042248620200095210e+01,4.329500204925246232e-02,9.990601137883456939e-01,2.105192336326068211e-03,3.610753033024845515e-01,3.695309855956401706e-06,-2.107328299162766934e-03,9.999977795744269260e-01,1.017568197976559397e-01,0.000000000000000000e+00,0.000000000000000000e+00,0.000000000000000000e+00,1.000000000000000056e-01
9.990091031325001314e-01,-4.449925575505942615e-02,7.925248535467473501e-04,1.119494532742088211e+01,4.449997988202347016e-02,9.990089609008917515e-01,-9.207769653612560973e-04,3.539339134125233932e-01,-7.507655407548894603e-04,9.551319103894475443e-04,9.999992620367960106e-01,1.214191145174406128e-01,0.000000000000000000e+00,0.000000000000000000e+00,0.000000000000000000e+00,1.000000000000000056e-01
9.989753881338995223e-01,-4.523877210587992637e-02,-1.275696310678440431e-03,1.205918070704282208e+01,4.523796744514779755e-02,9.989760258604681864e-01,-6.527307691721607715e-04,4.026975499868967745e-01,1.303918769159484415e-03,5.943520653083315822e-04,9.999989732702058154e-01,1.260741919047688175e-01,0.000000000000000000e+00,0.000000000000000000e+00,0.000000000000000000e+00,1.000000000000000056e-01
9.987765738492037082e-01,-4.932712422850314693e-02,-3.491467512650310925e-03,1.294947627324378381e+01,4.933063097561468657e-02,9.987820745382636201e-01,9.254342711538428041e-04,4.919575887916367574e-01,3.441566154209308587e-03,-1.096538366095570075e-03,9.999934765917315449e-01,1.465795554548068591e-01,0.000000000000000000e+00,0.000000000000000000e+00,0.000000000000000000e+00,1.000000000000000056e-01
9.988465330467156678e-01,-4.799501092329108015e-02,-1.443033966824480967e-03,1.381427522440274736e+01,4.799903127092746552e-02,9.988431897081803124e-01,2.894023261955507974e-03,5.508285148297510370e-01,1.302465972210399905e-03,-2.959949334259425174e-03,9.999947711274943529e-01,1.439679337947591120e-01,0.000000000000000000e+00,0.000000000000000000e+00,0.000000000000000000e+00,1.000000000000000056e-01
9.982057223875373531e-01,-5.986311722021206427e-02,-1.320223259061560975e-03,1.476683272022198068e+01,5.986185024788755193e-02,9.982061911524211517e-01,-9.791985883856818909e-04,6.593411281926824241e-01,1.376472910777075398e-03,8.984106272526653754e-04,9.999986490894229307e-01,1.499718252903308457e-01,0.000000000000000000e+00,0.000000000000000000e+00,0.000000000000000000e+00,1.000000000000000056e-01
9.974526390370681561e-01,-7.128367525389785186e-02,2.621167733098013920e-03,1.575392070050861903e+01,7.129291732613583787e-02,9.974488539914038165e-01,-3.619890932612715526e-03,7.331963347479965032e-01,-2.356441621802965371e-03,3.797540458254598187e-03,9.999900128848042691e-01,1.487324439118524189e-01,0.000000000000000000e+00,0.000000000000000000e+00,0.000000000000000000e+00,1.000000000000000056e-01
9.973050274231484158e-01,-7.332434910030359576e-02,2.494414867277091209e-03,1.669257705507338940e+01,7.333296971731510794e-02,9.973011576506629616e-01,-3.560407432715033318e-03,7.958041810306362152e-01,-2.226618277260755240e-03,3.733735082245899072e-03,9.999905506520464504e-01,1.658877489136952044e-01,0.000000000000000000e+00,0.000000000000000000e+00,0.000000000000000000e+00,1.000000000000000056e-01
9.972747120801548348e-01,-7.366971176009376454e-02,3.990264982313173822e-03,1.760613195424677713e+01,7.368995583543155869e-02,9.972676995738137817e-01,-5.189007200391863514e-03,8.669972778409723579e-01,-3.597089714827484026e-03,5.468908112070972050e-03,9.999785757653236740e-01,1.695285227500751279e-01,0.000000000000000000e+00,0.000000000000000000e+00,0.000000000000000000e+00,1.000000000000000056e-01
9.971094457269180644e-01,-7.595758952669701136e-02,1.788249270097035668e-03,1.854130764199329562e+01,7.596740965697851289e-02,9.970905306619821662e-01,-6.279039274890470777e-03,9.273516754504791404e-01,-1.306105725812815995e-03,6.396738035953840502e-03,9.999786876880588649e-01,1.625803744204177559e-01,0.000000000000000000e+00,0.000000000000000000e+00,0.000000000000000000e+00,1.000000000000000056e-01
9.969661096515426424e-01,-7.778563713792741030e-02,2.823271385288844259e-03,1.948588891107554844e+01,7.780948377931484750e-02,9.969215591751410255e-01,-9.648268539092440602e-03,1.012033525988629501e+00,-2.064083395805589669e-03,9.838674039350599546e-03,9.999494687497376688e-01,1.717953179503260153e-01,0.000000000000000000e+00,0.000000000000000000e+00,0.000000000000000000e+00,1.000000000000000056e-01
9.966698920781675852e-01,-8.150048267607956642e-02,2.607210858321467283e-03,2.043171916896613638e+01,8.151870712668796148e-02,9.966406550371569306e-01,-7.880679888191174931e-03,1.088921923383912249e+00,-1.956173122954241693e-03,8.066972832043113606e-03,9.999655480745525127e-01,1.864173887723487577e-01,0.000000000000000000e+00,0.000000000000000000e+00,0.000000000000000000e+00,1.000000000000000056e-01
9.966197711009734395e-01,-8.189311063870700902e-02,6.523057608186554578e-03,2.135415793742506452e+01,8.193601662969972332e-02,9.966156946961380880e-01,-6.606531933756512771e-03,1.157127267946215454e+00,-5.959952139136499329e-03,7.118673700252550231e-03,9.999569007988536873e-01,1.887949468384187146e-01,0.000000000000000000e+00,0.000000000000000000e+00,0.000000000000000000e+00,1.000000000000000056e-01
9.968440828946354415e-01,-7.894338668245530488e-02,8.355602734544560761e-03,2.232385626861293559e+01,7.900546549874366831e-02,9.968468658964633189e-01,-7.379862717238400670e-03,1.256053214843137811e+00,-7.746665042456277878e-03,8.016710765819093712e-03,9.999378588338463381e-01,1.915974193932922787e-01,0.000000000000000000e+00,0.000000000000000000e+00,0.000000000000000000e+00,1.000000000000000056e-01
9.968740569989662514e-01,-7.815724491422801345e-02,1.155679669454705120e-02,2.330431788420773387e+01,7.822991577277699227e-02,9.969174380663102797e-01,-5.975111504286020891e-03,1.333467405692676744e+00,-1.105417389975074487e-02,6.860520878316326079e-03,9.999153656648507305e-01,1.990125491663445045e-01,0.000000000000000000e+00,0.000000000000000000e+00,0.000000000000000000e+00,1.000000000000000056e-01
9.969400288696314005e-01,-7.706608743606276068e-02,1.309186788490017753e-02,2.424582928620869282e+01,7.714887064518098636e-02,9.970018912444233994e-01,-5.939748581882190771e-03,1.397397801269088413e+00,-1.259486385760804489e-02,6.931595944655946813e-03,9.998966558510276048e-01,2.111319233687811991e-01,0.000000000000000000e+00,0.000000000000000000e+00,0.000000000000000000e+00,1.000000000000000056e-01
9.969563789207840365e-01,-7.694288200217279383e-02,1.256071010563175432e-02,2.519225681948699602e+01,7.704382355504597879e-02,9.969975092602301192e-01,-7.759882790120036303e-03,1.483232847268689980e+00,-1.192592894398376326e-02,8.703989780392157663e-03,9.998910004499119708e-01,1.993026285601934566e-01,0.000000000000000000e+00,0.000000000000000000e+00,0.000000000000000000e+00,1.000000000000000056e-01
9.976603345688853652e-01,-6.785974226917071417e-02,8.301337666993263351e-03,2.613834101055480019e+01,6.791428918998004827e-02,9.976701459120796978e-01,-6.475282201516611297e-03,1.582670514659092031e+00,-7.842585780179546842e-03,7.023911654572865398e-03,9.999445777208600949e-01,2.013000781476698420e-01,0.000000000000000000e+00,0.000000000000000000e+00,0.000000000000000000e+00,1.000000000000000056e-01
9.978978099544281166e-01,-6.466674481888778914e-02,4.262980493133020944e-03,2.708736714567015724e+01,6.470669598923661781e-02,9.978540635348072119e-01,-1.001555696052259040e-02,1.643948529961084759e+00,-3.606158941657251239e-03,1.027034573915652782e-02,9.999407560531202721e-01,2.027513103181454168e-01,0.000000000000000000e+00,0.000000000000000000e+00,0.000000000000000000e+00,1.000000000000000056e-01
9.977511954010656048e-01,-6.660252337660302335e-02,7.527015053368954836e-03,2.807406553627020429e+01,6.668271922363672166e-02,9.977140427973666403e-01,-1.095918618676178929e-02,1.702536002041270091e+00,-6.779899164901029285e-03,1.143646294986030987e-02,9.999116162354102499e-01,2.136425471057117609e-01,0.000000000000000000e+00,0.000000000000000000e+00,0.000000000000000000e+00,1.000000000000000056e-01
9.974932518890839983e-01,-6.966483741852827483e-02,1.241059479599893912e-02,2.910088649413836492e+01,6.982196143456234627e-02,9.974784742820895778e-01,-1.271168931752193580e-02,1.753482803395577161e+00,-1.149374339242625366e-02,1.354635638556490364e-02,9.998421825925851714e-01,2.098754389081147476e-01,0.000000000000000000e+00,0.000000000000000000e+00,0.000000000000000000e+00,1.000000000000000056e-01
9.975108717854275220e-01,-6.808585564153639413e-02,1.834058154574741417e-02,3.006822504204124158e+01,6.839790024844659422e-02,9.975139507599550814e-01,-1.696010851585265378e-02,1.821474952082690058e+00,-1.714024245685848852e-02,1.817234989828816344e-02,9.996879402031887407e-01,2.121140704529168308e-01,0.000000000000000000e+00,0.000000000000000000e+00,0.000000000000000000e+00,1.000000000000000056e-01
9.977533572286662045e-01,-6.518179797484442706e-02,1.547809263740526631e-02,3.100875558953447708e+01,6.554853914649645674e-02,9.975484714481823723e-01,-2.450379821895041360e-02,1.870866994874104350e+00,-1.384294602625301199e-02,2.546331329896764362e-02,9.995799080219414101e-01,2.159503098981536695e-01,0.000000000000000000e+00,0.000000000000000000e+00,0.000000000000000000e+00,1.000000000000000056e-01
9.978450990922560493e-01,-6.394725456796496177e-02,1.469376911434229667e-02,3.194760857709593438e+01,6.430428704425433795e-02,9.976104075573266616e-01,-2.526723967976413424e-02,1.951468217498226965e+00,-1.304288638668061641e-02,2.615766362893269179e-02,9.995727385979370494e-01,2.134752406583161344e-01,0.000000000000000000e+00,0.000000000000000000e+00,0.000000000000000000e+00,1.000000000000000056e-01
9.979812031749056844e-01,-6.250385781225172022e-02,1.125992309713952193e-02,3.292244279056544087e+01,6.278220023617946122e-02,9.976794840861722413e-01,-2.634468384804658503e-02,2.026293444147362788e+00,-9.587149893057105368e-03,2.699842203046463190e-02,9.995895016279398027e-01,2.118252415834982472e-01,0.000000000000000000e+00,0.000000000000000000e+00,0.000000000000000000e+00,1.000000000000000056e-01
9.978263515328702482e-01,-6.482343856383247782e-02,1.185301646678160736e-02,3.386599618652937949e+01,6.512874626408550471e-02,9.974979238625344413e-01,-2.749796901594484672e-02,2.082097399798964243e+00,-1.004084641198781797e-02,2.821017019967320127e-02,9.995515833115549142e-01,2.017060538982361484e-01,0.000000000000000000e+00,0.000000000000000000e+00,0.000000000000000000e+00,1.000000000000000056e-01
9.979266219127344018e-01,-6.298863326727309475e-02,1.322457398026039357e-02,3.480481402615824749e+01,6.336950438377773887e-02,9.975182733306298122e-01,-3.068550611662318808e-02,2.140120470790470630e+00,-1.125891611092188008e-02,3.145991815946003189e-02,9.994415992730176779e-01,2.027587189829642700e-01,0.000000000000000000e+00,0.000000000000000000e+00,0.000000000000000000e+00,1.000000000000000056e-01
9.978667331410034924e-01,-6.326741132077974561e-02,1.610023463396311957e-02,3.578694803899674071e+01,6.372318579783579906e-02,9.975293119411515752e-01,-2.957410032422363999e-02,2.219279153361071621e+00,-1.418937920685366637e-02,3.053696911908612005e-02,9.994329167256520430e-01,1.987172086388802328e-01,0.000000000000000000e+00,0.000000000000000000e+00,0.000000000000000000e+00,1.000000000000000056e-01
9.977741258682724101e-01,-6.495584661774074509e-02,1.508415519601622769e-02,3.676715125983858456e+01,6.537497124022913220e-02,9.974337455447559453e-01,-2.918966227790623785e-02,2.295169439521156818e+00,-1.314940618979352875e-02,3.011081597585069103e-02,9.994600701769552620e-01,1.979739250843197129e-01,0.000000000000000000e+00,0.000000000000000000e+00,0.000000000000000000e+00,1.000000000000000056e-01
9.974871171822196070e-01,-6.890285660468106754e-02,1.648779570529839214e-02,3.776465571783018760e+01,6.936675913849174591e-02,9.971565213478718048e-01,-2.944698049093941519e-02,2.372872557194210419e+00,-1.441193193598168734e-02,3.051668863304230969e-02,9.994303517167899553e-01,2.007808999511574988e-01,0.000000000000000000e+00,0.000000000000000000e+00,0.000000000000000000e+00,1.000000000000000056e-01
9.975174019651220636e-01,-6.733867939528524749e-02,2.060424796133191599e-02,3.873839294272882938e+01,6.794851869904604269e-02,9.972229246203511144e-01,-3.048667607724608181e-02,2.433389493759667399e+00,-1.849409590540873616e-02,3.181101804300709435e-02,9.993227844634130497e-01,2.120187271560863007e-01,0.000000000000000000e+00,0.000000000000000000e+00,0.000000000000000000e+00,1.000000000000000056e-01
9.973230542965028089e-01,-7.010196770333729233e-02,2.079517955717448408e-02,3.974978873301603954e+01,7.069511056893282297e-02,9.970672937231760402e-01,-2.930892575970943728e-02,2.512713156206946241e+00,-1.867958003653281268e-02,3.070058487491812357e-02,9.993540650730333708e-01,1.998645976557109627e-01,0.000000000000000000e+00,0.000000000000000000e+00,0.000000000000000000e+00,1.000000000000000056e-01
9.973171809531011789e-01,-7.008149047776410234e-02,2.114297207523766625e-02,4.076841912692690073e+01,7.077206760576898459e-02,9.969161667628035906e-01,-3.390384777222718582e-02,2.603194352660813227e+00,-1.870173849041002756e-02,3.530922173275630183e-02,9.992014330644564124e-01,2.039678789423888527e-01,0.000000000000000000e+00,0.000000000000000000e+00,0.000000000000000000e+00,1.000000000000000056e-01
9.973506066207958876e-01,-7.051529568190684216e-02,1.787066165601480100e-02,4.178768223191242726e+01,7.106081286237039829e-02,9.969588506510499437e-01,-3.199079529921974169e-02,2.685201718746567767e+00,-1.556047391533046942e-02,3.317594284162331958e-02,9.993283887031828572e-01,2.262971632311325809e-01,0.000000000000000000e+00,0.000000000000000000e+00,0.000000000000000000e+00,1.000000000000000056e-01
9.974895211178353982e-01,-6.882907761943229952e-02,1.664972474756017465e-02,4.280495691906440214e+01,6.931519023245721889e-02,9.971243904959755655e-01,-3.063256895964808907e-02,2.775721505502215969e+00,-1.449343517423046929e-02,3.170974538036362700e-02,9.993920313794596444e-01,2.282781927913461739e-01,0.000000000000000000e+00,0.000000000000000000e+00,0.000000000000000000e+00,1.000000000000000056e-01
9.974711165118216316e-01,-6.921604880166452867e-02,1.614033187222254501e-02,4.383486837708445449e+01,6.961551613056486676e-02,9.972437728260394874e-01,-2.566198498872765063e-02,2.818434638548056537e+00,-1.431962424559222839e-02,2.672070635241915668e-02,9.995403704770972064e-01,2.490185484790229664e-01,0.000000000000000000e+00,0.000000000000000000e+00,0.000000000000000000e+00,1.000000000000000056e-01
9.974873198091717130e-01,-6.874516366209346141e-02,1.712160310797690085e-02,4.483088121644724566e+01,6.919346438987447612e-02,9.972341824842669844e-01,-2.713392287640972386e-02,2.863142579709214264e+00,-1.520892190927002237e-02,2.825044704084806943e-02,9.994851679421511426e-01,2.490452453355341267e-01,0.000000000000000000e+00,0.000000000000000000e+00,0.000000000000000000e+00,1.000000000000000056e-01
9.977869740011737765e-01,-6.416824991754545293e-02,1.742384045210766327e-02,4.577511305711797718e+01,6.460511118821919696e-02,9.975776442249451037e-01,-2.578804666830662382e-02,2.941911117946676590e+00,-1.572685988806763954e-02,2.685664620030491986e-02,9.995155758831038018e-01,2.497585655261445325e-01,0.000000000000000000e+00,0.000000000000000000e+00,0.000000000000000000e+00,1.000000000000000056e-01
9.976580384730009410e-01,-6.684069986056617729e-02,1.451754498370248780e-02,4.667508093151302973e+01,6.713727269081118387e-02,9.975226376917920579e-01,-2.100414025970699650e-02,2.992710556908600772e+00,-1.307764833002383886e-02,2.192961774768302508e-02,9.996739803453907891e-01,2.493759024255784718e-01,0.000000000000000000e+00,0.000000000000000000e+00,0.000000000000000000e+00,1.000000000000000056e-01
9.980680137054676049e-01,-6.118075079671590061e-02,1.082385097701600053e-02,4.760807857595516879e+01,6.143309876153048993e-02,9.978040164956130109e-01,-2.476124071565383514e-02,3.079697256954087692e+00,-9.285170681174617288e-03,2.537834504400668725e-02,9.996347959171133501e-01,2.444946254024376597e-01,0.000000000000000000e+00,0.000000000000000000e+00,0.000000000000000000e+00,1.000000000000000056e-01
9.980849476189698199e-01,-6.099233780688110423e-02,1.031368340068301338e-02,4.852841821488647867e+01,6.124236362794558547e-02,9.977850297088818321e-01,-2.596935474955655923e-02,3.140423030784470271e+00,-8.706907240846816290e-03,2.655125642407773698e-02,9.996095340424691056e-01,2.477842888017490752e-01,0.000000000000000000e+00,0.000000000000000000e+00,0.000000000000000000e+00,1.000000000000000056e-01
9.982161716385193895e-01,-5.804474311999829189e-02,1.397435062789825419e-02,4.948776854060047725e+01,5.836247507970523246e-02,9.980184065987766084e-01,-2.351768680397560082e-02,3.193001298016215905e+00,-1.258158105759429185e-02,2.429131297753402488e-02,9.996257479336547735e-01,2.448555484299719809e-01,0.000000000000000000e+00,0.000000000000000000e+00,0.000000000000000000e+00,1.000000000000000056e-01
9.983527427532778997e-01,-5.490214021074163453e-02,1.666001312386296632e-02,5.046922767116900843e+01,5.535489595219064696e-02,9.980725220423848354e-01,-2.805487904225273041e-02,3.272415173784593900e+00,-1.508762841301998330e-02,2.893087873247803324e-02,9.994675421066144816e-01,2.615324904805719219e-01,0.000000000000000000e+00,0.000000000000000000e+00,0.000000000000000000e+00,1.000000000000000056e-01
9.985490276405154519e-01,-5.090152986493157172e-02,1.757480172265647386e-02,5.141708227527671937e+01,5.142785699540089461e-02,9.981978993603444206e-01,-3.092133951587848484e-02,3.327039542988887266e+00,-1.596918667439907805e-02,3.178030789663800759e-02,9.993672983978177937e-01,2.554351861317621930e-01,0.000000000000000000e+00,0.000000000000000000e+00,0.000000000000000000e+00,1.000000000000000056e-01
9.984738821328305036e-01,-5.262297700432425063e-02,1.675496910760695263e-02,5.235234319337925513e+01,5.314524034820261589e-02,9.980603181296373583e-01,-3.242198024949655838e-02,3.395073965505523095e+00,-1.501632867668652865e-02,3.326294734639926448e-02,9.993338212063596071e-01,2.610423268938613095e-01,0.000000000000000000e+00,0.000000000000000000e+00,0.000000000000000000e+00,1.000000000000000056e-01
9.985267585179756766e-01,-5.198177162737258050e-02,1.556303126206595895e-02,5.333101903644331543e+01,5.249708354599802451e-02,9.980155878534385794e-01,-3.476985218144987289e-02,3.438792350928695729e+00,-1.372474927817857009e-02,3.553564154528596197e-02,9.992741612976971943e-01,2.740649987388808495e-01,0.000000000000000000e+00,0.000000000000000000e+00,0.000000000000000000e+00,1.000000000000000056e-01
9.985553809044463991e-01,-5.121461459664968657e-02,1.625467681907790188e-02,5.428011006650306314e+01,5.179315097729852296e-02,9.979562018021701508e-01,-3.742844902516115346e-02,3.482864535962703734e+00,-1.430457194811478663e-02,3.821626010356014846e-02,9.991671014825689312e-01,2.739581600730383593e-01,0.000000000000000000e+00,0.000000000000000000e+00,0.000000000000000000e+00,1.000000000000000056e-01
9.987953696098854639e-01,-4.535029836539065939e-02,1.873926583466568180e-02,5.520528417641686758e+01,4.608381862582151822e-02,9.981054091439666154e-01,-4.076608760253201680e-02,3.536783688363985156e+00,-1.685500835700206451e-02,4.158055646242572734e-02,9.989929759600717496e-01,2.716701953875713116e-01,0.000000000000000000e+00,0.000000000000000000e+00,0.000000000000000000e+00,1.000000000000000056e-01
9.987911296396693173e-01,-4.306837320115594614e-02,2.369376675244556571e-02,5.614016155926597662e+01,4.396338908678124047e-02,9.982853022616510197e-01,-3.864810096716578963e-02,3.584584092724871773e+00,-2.198862826821232699e-02,3.964303871009271923e-02,9.989719363969702393e-01,2.824020138845753647e-01,0.000000000000000000e+00,0.000000000000000000e+00,0.000000000000000000e+00,1.000000000000000056e-01
9.986635623551248786e-01,-4.668430638423400059e-02,2.217351486784435721e-02,5.705955513615269581e+01,4.744505300810773762e-02,9.982562372587269195e-01,-3.512053130444073301e-02,3.637657497550260466e+00,-2.049527187498115244e-02,3.612561849257840685e-02,9.991370694350697468e-01,2.744777103124516060e-01,0.000000000000000000e+00,0.000000000000000000e+00,0.000000000000000000e+00,1.000000000000000056e-01
9.986361943823771625e-01,-4.860112176654125121e-02,1.907045443917753172e-02,5.789515003882772248e+01,4.923895555166387522e-02,9.981896687965533532e-01,-3.453853447974134655e-02,3.680051306318406379e+00,-1.735731908055459030e-02,3.543043989087411166e-02,9.992214005932193999e-01,2.794636649502081349e-01,0.000000000000000000e+00,0.000000000000000000e+00,0.000000000000000000e+00,1.000000000000000056e-01
9.986817196301179811e-01,-4.939807710075408420e-02,1.395180473553441804e-02,5.876478817964132872e+01,4.986037269285033269e-02,9.981427549391006515e-01,-3.499977139228852008e-02,3.730729215536940924e+00,-1.219697140935367859e-02,3.564927406456332160e-02,9.992899294734781668e-01,2.921533117134115787e-01,0.000000000000000000e+00,0.000000000000000000e+00,0.000000000000000000e+00,1.000000000000000056e-01
9.987072432772409192e-01,-4.971717066053858020e-02,1.058513897333576183e-02,5.970653192254636110e+01,5.005130135109128048e-02,9.981653545957720475e-01,-3.407039943644328550e-02,3.782276878086925809e+00,-8.871835133510848001e-03,3.455615467912234728e-02,9.993633787142474079e-01,3.100247996510664961e-01,0.000000000000000000e+00,0.000000000000000000e+00,0.000000000000000000e+00,1.000000000000000056e-01
9.991746480705537836e-01,-3.914838828456561337e-02,1.083634383940451293e-02,6.059365049260774327e+01,3.943957931470987166e-02,9.988265687595507814e-01,-2.810702978795511994e-02,3.836812065937412086e+00,-9.723283219346387507e-03,2.851121243902429367e-02,9.995461812886352604e-01,3.019673486213393931e-01,0.000000000000000000e+00,0.000000000000000000e+00,0.000000000000000000e+00,1.000000000000000056e-01
9.991009480039798607e-01,-4.102061850505504120e-02,1.070535169957397004e-02,6.151641594708281247e+01,4.129516651559522050e-02,9.987867850615547161e-01,-2.682661381637452616e-02,3.887458796656892090e+00,-9.591919515826798776e-03,2.724457457671837154e-02,9.995827770805855161e-01,3.146564019738793960e-01,0.000000000000000000e+00,0.000000000000000000e+00,0.000000000000000000e+00,1.000000000000000056e-01
9.989258976697263925e-01,-4.472847898642903081e-02,1.210017075465969968e-02,6.242227296992030716e+01,4.503974038103648186e-02,9.986254685025158784e-01,-2.680663060773304587e-02,3.944293268021490384e+00,-1.088451887499753204e-02,2.732282609268657861e-02,9.995674016409141771e-01,3.254686309371838115e-01,0.000000000000000000e+00,0.000000000000000000e+00,0.000000000000000000e+00,1.000000000000000056e-01
9.988818744660343807e-01,-4.605368030817622721e-02,1.067985923567053679e-02,6.325578748618706726e+01,4.631421111272891050e-02,9.985991857603661037e-01,-2.558632540517292650e-02,3.990230907743707256e+00,-9.486554286305121445e-03,2.605234593671212559e-02,9.996155663848812489e-01,3.365788156018158506e-01,0.000000000000000000e+00,0.000000000000000000e+00,0.000000000000000000e+00,1.000000000000000056e-01
9.987877449273464547e-01,-4.779942582458802935e-02,1.175820878304311215e-02,6.408442668231619166e+01,4.805771348071467830e-02,9.985851365234083010e-01,-2.276359570743316171e-02,4.030807281261401087e+00,-1.065348571836748429e-02,2.330107305180690105e-02,9.996717277370020804e-01,3.397330981492044377e-01,0.000000000000000000e+00,0.000000000000000000e+00,0.000000000000000000e+00,1.000000000000000056e-01
9.987030183975967867e-01,-4.965608571117238745e-02,1.124963089945894487e-02,6.489332049308472961e+01,4.989787872505493938e-02,9.985043938365246730e-01,-2.234227356143675403e-02,4.076551008208197047e+00,-1.012337603119972673e-02,2.287462876199454487e-02,9.996870853505770427e-01,3.521775872106943650e-01,0.000000000000000000e+00,0.000000000000000000e+00,0.000000000000000000e+00,1.000000000000000056e-01
9.985256950972735135e-01,-5.272080536516013383e-02,1.292102597147717913e-02,6.572584514025538738e+01,5.300827821555526009e-02,9.983287191448803055e-01,-2.301936078966952334e-02,4.113758890895659270e+00,-1.168583206831997831e-02,2.367034457272616452e-02,9.996515173382569674e-01,3.647999593960071230e-01,0.000000000000000000e+00,0.000000000000000000e+00,0.000000000000000000e+00,1.000000000000000056e-01
9.984253856334014410e-01,-5.454272586621806973e-02,1.310879009962816720e-02,6.650653802227951417e+01,5.483737678989833442e-02,9.982238641143860169e-01,-2.328044714661856376e-02,4.157430531766120652e+00,-1.181572806035424174e-02,2.396264108203366092e-02,9.996430264863439552e-01,3.708032244362462482e-01,0.000000000000000000e+00,0.000000000000000000e+00,0.000000000000000000e+00,1.000000000000000056e-01
9.983031331923071239e-01,-5.624576741138560820e-02,1.507540734862699433e-02,6.732878990343758119e+01,5.656673460089121919e-02,9.981611301828298144e-01,-2.178446071694876279e-02,4.212483070799895479e+00,-1.382240192640409038e-02,2.260026195512478825e-02,9.996490230898765761e-01,3.705569983087553254e-01,0.000000000000000000e+00,0.000000000000000000e+00,0.000000000000000000e+00,1.000000000000000056e-01
9.982488695500127962e-01,-5.600589759014591718e-02,1.904032240387682276e-02,6.805776181933703128e+01,5.643792742128178608e-02,9.981419584784569921e-01,-2.296499669454327153e-02,4.259954037142088090e+00,-1.771876944123422157e-02,2.399937832345541006e-02,9.995549384849119479e-01,3.671693425117765752e-01,0.000000000000000000e+00,0.000000000000000000e+00,0.000000000000000000e+00,1.000000000000000056e-01
9.982585439936366711e-01,-5.528341999776376775e-02,2.058209943264917643e-02,6.878819688416793099e+01,5.574828149600234012e-02,9.981858263597924719e-01,-2.274170540352596359e-02,4.325388157311794934e+00,-1.928752067910979515e-02,2.384951839700608089e-02,9.995294853171085014e-01,3.764778568445565909e-01,0.000000000000000000e+00,0.000000000000000000e+00,0.000000000000000000e+00,1.000000000000000056e-01
9.983772821405307862e-01,-5.376703447756452786e-02,1.875922464217202185e-02,6.947170568968903126e+01,5.411034888053837394e-02,9.983672545652728658e-01,-1.830014086901992493e-02,4.372712369334870175e+00,-1.774465129872961067e-02,1.928551309371728112e-02,9.996565391848335480e-01,3.935633931431671839e-01,0.000000000000000000e+00,0.000000000000000000e+00,0.000000000000000000e+00,1.000000000000000056e-01
9.983002620819965145e-01,-5.678476352723500764e-02,1.311782596976720540e-02,7.016274057962269239e+01,5.698760933317566224e-02,9.982523005840310271e-01,-1.564470393388069092e-02,4.420472619209545151e+00,-1.220651913964204173e-02,1.636566557905401453e-02,9.997915612169608890e-01,4.035527995663411582e-01,0.000000000000000000e+00,0.000000000000000000e+00,0.000000000000000000e+00,1.000000000000000056e-01
9.982842241259760607e-01,-5.774590784643870295e-02,9.696287340449343678e-03,7.088380460156255936e+01,5.790276442320062972e-02,9.981815179504449631e-01,-1.676087987835804538e-02,4.465987033085019320e+00,-8.710782591092515459e-03,1.729356380668904680e-02,9.998125098824852675e-01,4.175850461030623517e-01,0.000000000000000000e+00,0.000000000000000000e+00,0.000000000000000000e+00,1.000000000000000056e-01
9.984742090202316511e-01,-5.353232825542903611e-02,1.354783203969393141e-02,7.158904929574055132e+01,5.371915903543090370e-02,9.984603889767377227e-01,-1.382402245902433942e-02,4.504817091752436831e+00,-1.278694154005739769e-02,1.453070803417787042e-02,9.998126587766713591e-01,4.216923518858524123e-01,0.000000000000000000e+00,0.000000000000000000e+00,0.000000000000000000e+00,1.000000000000000056e-01
9.983443001586522758e-01,-5.541838231116338886e-02,1.540977750470931204e-02,7.224188718881234195e+01,5.562900089858646702e-02,9.983589837596537064e-01,-1.359241720286211326e-02,4.543041910102949998e+00,-1.463122003648291425e-02,1.442714276651229331e-02,9.997888701880205398e-01,4.358664047023593779e-01,0.000000000000000000e+00,0.000000000000000000e+00,0.000000000000000000e+00,1.000000000000000056e-01
9.984146101836886000e-01,-5.383646692050689936e-02,1.642866401355846592e-02,7.286303549186652617e+01,5.403184104866642218e-02,9.984707908010337363e-01,-1.168931435329144918e-02,4.575224117648074795e+00,-1.577422976391782208e-02,1.255845319597861422e-02,9.997967088006839420e-01,4.433101197564377483e-01,0.000000000000000000e+00,0.000000000000000000e+00,0.000000000000000000e+00,1.000000000000000056e-01
9.984378249879477529e-01,-5.415478898861633694e-02,1.375385265788197156e-02,7.343960502976101168e+01,5.431628903242716189e-02,9.984557803900553363e-01,-1.165312625141056574e-02,4.600465626516081485e+00,-1.310154109569253503e-02,1.238198026504325547e-02,9.998375048904866169e-01,4.501161243015209257e-01,0.000000000000000000e+00,0.000000000000000000e+00,0.000000000000000000e+00,1.000000000000000056e-01
9.986282122984301290e-01,-5.112281635192102852e-02,1.132039088942523447e-02,7.408087863946963125e+01,5.132933613592900041e-02,9.985053172973972213e-01,-1.877313454564833936e-02,4.621168109551813785e+00,-1.034373498724902238e-02,1.932844993971211470e-02,9.997596802079196099e-01,4.622820764662446402e-01,0.000000000000000000e+00,0.000000000000000000e+00,0.000000000000000000e+00,1.000000000000000056e-01
9.987345949593845473e-01,-4.973822317855059599e-02,7.437606224776305459e-03,7.469589571686053375e+01,4.990017968761286532e-02,9.984786582477616079e-01,-2.345934975427826225e-02,4.677318662443501474e+00,-6.259464710187877430e-03,2.380080206191168002e-02,9.996971245946202345e-01,4.664227934081939253e-01,0.000000000000000000e+00,0.000000000000000000e+00,0.000000000000000000e+00,1.000000000000000056e-01
9.988976759288740181e-01,-4.658268312739768935e-02,5.786765637786809614e-03,7.528450569723516139e+01,4.670943797797402763e-02,9.986167507943101151e-01,-2.414152929697064090e-02,4.679191428049461976e+00,-4.654183889363256756e-03,2.438521407876407046e-02,9.996918024604667385e-01,4.727938582831771597e-01,0.000000000000000000e+00,0.000000000000000000e+00,0.000000000000000000e+00,1.000000000000000056e-01
9.990574220304194730e-01,-4.268290910016631079e-02,7.901693279242479398e-03,7.584500184109305110e+01,4.285690130828981315e-02,9.988084706920249412e-01,-2.334362619881301046e-02,4.729456096147304223e+00,-6.895904305005436281e-03,2.366026510006475833e-02,9.996962730545767561e-01,4.696798251989542372e-01,0.000000000000000000e+00,0.000000000000000000e+00,0.000000000000000000e+00,1.000000000000000056e-01
9.992579982928455617e-01,-3.679396034253084452e-02,1.138671726564529328e-02,7.639380546883207046e+01,3.707215065240631463e-02,9.989930570787651787e-01,-2.526910276262995039e-02,4.728338477280595420e+00,-1.044550112635900772e-02,2.567248314315017862e-02,9.996158337658942461e-01,4.886646570346044882e-01,0.000000000000000000e+00,0.000000000000000000e+00,0.000000000000000000e+00,1.000000000000000056e-01
9.993332409322477350e-01,-3.261599241649317665e-02,1.640946697907724044e-02,7.696339498240153887e+01,3.304620804327674383e-02,9.990979855684636313e-01,-2.666764644655411284e-02,4.741345771426845879e+00,-1.552487364878176422e-02,2.719213621114012838e-02,9.995096627979461745e-01,4.913962871505155316e-01,0.000000000000000000e+00,0.000000000000000000e+00,0.000000000000000000e+00,1.000000000000000056e-01
9.995412058490428242e-01,-2.309834684426946907e-02,1.959194178490976726e-02,7.750459829796722033e+01,2.368408514995609324e-02,9.992628991238039493e-01,-3.021129830543597267e-02,4.754416230597249715e+00,-1.887966950057907642e-02,3.066145475596739750e-02,9.993515063639003548e-01,5.091422751774197231e-01,0.000000000000000000e+00,0.000000000000000000e+00,0.000000000000000000e+00,1.000000000000000056e-01
9.997556911306123562e-01,-1.311864980166318161e-02,1.778929676330847157e-02,7.800267199930560480e+01,1.357102124028142058e-02,9.995813801322983583e-01,-2.555174896764435613e-02,4.757060685982749781e+00,-1.744664536372437721e-02,2.578692537296772488e-02,9.995152070105594033e-01,4.948472484236566826e-01,0.000000000000000000e+00,0.000000000000000000e+00,0.000000000000000000e+00,1.000000000000000056e-01
9.998509552740324491e-01,2.472893235174888991e-03,1.708660401168885998e-02,7.850404626323947355e+01,-2.079266620639690869e-03,9.997329200101886526e-01,-2.301663090511091303e-02,4.757007037103355707e+00,-1.713895819252527278e-02,2.297767279228336845e-02,9.995890568954451938e-01,4.976775451422403296e-01,0.000000000000000000e+00,0.000000000000000000e+00,0.000000000000000000e+00,1.000000000000000056e-01
9.996463053012139000e-01,1.990496987279018887e-02,1.763679313241166974e-02,7.899225872953581984e+01,-1.960927006587521310e-02,9.996668427809072277e-01,-1.678332422187440998e-02,4.774028307692146811e+00,-1.796498887045964304e-02,1.643154340943969033e-02,9.997035878479519910e-01,4.953152875075206296e-01,0.000000000000000000e+00,0.000000000000000000e+00,0.000000000000000000e+00,1.000000000000000056e-01
9.989550372695581437e-01,4.040659810685698350e-02,2.135744233766611461e-02,7.949803741637869337e+01,-4.004386342023009970e-02,9.990507776640591420e-01,-1.714738030197725249e-02,4.751318521097174674e+00,-2.203003668080806554e-02,1.627422742466202998e-02,9.996248431314482819e-01,5.050321021655578280e-01,0.000000000000000000e+00,0.000000000000000000e+00,0.000000000000000000e+00,1.000000000000000056e-01
9.975591043133461566e-01,6.647997379854295175e-02,2.135992709022459940e-02,7.999952963403760009e+01,-6.602037024873971816e-02,9.975856030920984274e-01,-2.154704656312777383e-02,4.721109978607464619e+00,-2.274080283925767471e-02,2.008426217512899320e-02,9.995396331807492318e-01,5.050574180856991502e-01,0.000000000000000000e+00,0.000000000000000000e+00,0.000000000000000000e+00,1.000000000000000056e-01
9.951744864816282066e-01,9.495753476168258822e-02,2.471453111048912965e-02,8.047769585759404265e+01,-9.442764558481472892e-02,9.952931670514325591e-01,-2.179292018151141735e-02,4.681123999855152817e+00,-2.666760591684432663e-02,1.935402316607458956e-02,9.994569828571667758e-01,4.994536529153328908e-01,0.000000000000000000e+00,0.000000000000000000e+00,0.000000000000000000e+00,1.000000000000000056e-01
9.913041720255120204e-01,1.289757912729848632e-01,2.610141356941290958e-02,8.093366956563012593e+01,-1.284273103919058578e-01,9.914813493225256291e-01,-2.170621779778660054e-02,4.647577238212764250e+00,-2.867864136104006367e-02,1.816532991969378036e-02,9.994236120477609786e-01,5.063658601319134256e-01,0.000000000000000000e+00,0.000000000000000000e+00,0.000000000000000000e+00,1.000000000000000056e-01
9.860125938265594803e-01,1.647101992706720419e-01,2.548950905050625937e-02,8.138546509570859655e+01,-1.641576497646973221e-01,9.861786733420351281e-01,-2.244750028565759697e-02,4.557123914230820638e+00,-2.883454246474718985e-02,1.794922008219659165e-02,9.994230308829638032e-01,4.978885937483215063e-01,0.000000000000000000e+00,0.000000000000000000e+00,0.000000000000000000e+00,1.000000000000000056e-01
