1.000000000000000000e+00,0.000000000000000000e+00,0.000000000000000000e+00,0.000000000000000000e+00,0.000000000000000000e+00,1.000000000000000000e+00,0.000000000000000000e+00,0.000000000000000000e+00,0.000000000000000000e+00,0.000000000000000000e+00,1.000000000000000000e+00,0.000000000000000000e+00,0.000000000000000000e+00,0.000000000000000000e+00,0.000000000000000000e+00,1.000000000000000000e+00
9.999693242622593736e-01,-7.831761447325200770e-03,1.185205135011469554e-04,6.506813785768038594e-01,7.831895820457250926e-03,9.999686348682675918e-01,-1.179274162707233658e-03,2.781829673470737063e-03,-1.092810021663116038e-04,1.180166227916622712e-03,9.999992976324219018e-01,8.427776852029333909e-03,0.000000000000000000e+00,0.000000000000000000e+00,0.000000000000000000e+00,1.000000000000000000e+00
9.999502802771097487e-01,-9.925159515612269265e-03,9.634221912823049024e-04,1.333310674635054038e+00,9.925338887014550915e-03,9.999507261245388356e-01,-1.815791442903525246e-04,-7.637766981859370544e-03,-9.615725177654460250e-04,1.911324079653594916e-04,9.999995194232325080e-01,5.859045124651008490e-03,0.000000000000000000e+00,0.000000000000000000e+00,0.000000000000000000e+00,1.000000000000000000e+00
9.999108849775203423e-01,-1.334615087741802819e-02,-3.199378519084450563e-04,2.063544717391507355e+00,1.334565519781829614e-02,9.999098111185151794e-01,-1.504365738906333818e-03,5.981844160520263798e-03,3.399864891976982673e-04,1.499961897063478797e-03,9.999988172610480008e-01,3.614023795775098656e-03,0.000000000000000000e+00,0.000000000000000000e+00,0.000000000000000000e+00,1.000000000000000000e+00
9.998392941496511144e-01,-1.792689569030554014e-02,1.108387815649591662e-04,2.795030831268491056e+00,1.792706955361357893e-02,9.998375996229613705e-01,-1.842432471845038919e-03,4.407050388705467669e-02,-7.779168656584572127e-05,1.844123396714386631e-03,9.999982965772248322e-01,-8.549403560022379722e-03,0.000000000000000000e+00,0.000000000000000000e+00,0.000000000000000000e+00,1.000000000000000000e+00
9.997397771473540695e-01,-2.274787268073770463e-02,-1.706539732581609280e-03,3.544962843136326480e+00,2.274591026750415537e-02,9.997406045659558149e-01,-1.160667134861990491e-03,5.622765004385134324e-02,1.732499772175522066e-03,1.121548303124046469e-03,9.999978702847037715e-01,-6.294083368644712642e-03,0.000000000000000000e+00,0.000000000000000000e+00,0.000000000000000000e+00,1.000000000000000000e+00
9.996127547199967767e-01,-2.777730700273724207e-02,-1.661871467672706862e-03,4.303028887714189565e+00,2.777652729591409062e-02,9.996140375196135297e-01,-4.904335986029271805e-04,9.383953934373681638e-02,1.674852972271812868e-03,4.440826623226227935e-04,9.999984988279284615e-01,6.759363415127655345e-03,0.000000000000000000e+00,0.000000000000000000e+00,0.000000000000000000e+00,1.000000000000000000e+00
9.994462589346149173e-01,-3.327101781271311204e-02,-4.635464484342414647e-04,5.107906620621224469e+00,3.327203453056130911e-02,9.994434693104289336e-01,2.392356773132351538e-03,1.396817134966299445e-01,3.836923257963952179e-04,-2.406455160382835537e-03,9.999970308724722701e-01,1.095321034580683250e-02,0.000000000000000000e+00,0.000000000000000000e+00,0.000000000000000000e+00,1.000000000000000000e+00
9.994302754591686266e-01,-3.371369924298776855e-02,1.584606880377233259e-03,5.883773278891165859e+00,3.370460750256686067e-02,9.994169718366647803e-01,5.451223525842771936e-03,1.826839030781432782e-01,-1.767463920394720875e-03,-5.394709277073582096e-03,9.999838864617299761e-01,2.233228510623556928e-02,0.000000000000000000e+00,0.000000000000000000e+00,0.000000000000000000e+00,1.000000000000000000e+00
9.992549759886741878e-01,-3.844151230955665521e-02,3.426819696065857516e-03,6.689460061281179648e+00,3.842516134951841356e-02,9.992503519774303955e-01,4.716041586316077963e-03,2.137640078779388941e-01,-3.605542558149747116e-03,-4.580851922358835510e-03,9.999830077848959053e-01,2.776787356292697434e-02,0.000000000000000000e+00,0.000000000000000000e+00,0.000000000000000000e+00,1.000000000000000000e+00
9.990800138482500703e-01,-4.261416838250035866e-02,4.812336443891552379e-03,7.524341680329682092e+00,4.260100284078582183e-02,9.990882248412200628e-01,2.805982996646090577e-03,2.482010906887374135e-01,-4.927523306963828981e-03,-2.598391172630065867e-03,9.999844838183109541e-01,3.647386231769212533e-02,0.000000000000000000e+00,0.000000000000000000e+00,0.000000000000000000e+00,1.000000000000000000e+00
9.989489252453074286e-01,-4.544456127444622406e-02,5.986367998960364332e-03,8.368733451960455483e+00,4.542554052725018832e-02,9.989623558244241641e-01,3.275959938997576471e-03,3.019245865210354873e-01,-6.129030841253798115e-03,-3.000582658060464529e-03,9.999767154712453365e-01,3.503395860954439112e-02,0.000000000000000000e+00,0.000000000000000000e+00,0.000000000000000000e+00,1.000000000000000000e+00
9.988087819821754865e-01,-4.848473499670372111e-02,5.499773411981510006e-03,9.224682802368377565e+00,4.846312770888875493e-02,9.988169775297549569e-01,3.996329690473559258e-03,3.726166613797413651e-01,-5.687028042455951303e-03,-3.725032969306249497e-03,9.999768906536904423e-01,3.817906099523168950e-02,0.000000000000000000e+00,0.000000000000000000e+00,0.000000000000000000e+00,1.000000000000000000e+00
9.987160605602610763e-01,-5.032523453119953916e-02,5.796649754253390720e-03,1.001247719810520387e+01,5.031566784509199086e-02,9.987317700938943554e-01,1.784649662340291685e-03,4.325665507056793979e-01,-5.879111182493129348e-03,-1.490695976603381712e-03,9.999816067694495825e-01,4.626138853861061495e-02,0.000000000000000000e+00,0.000000000000000000e+00,0.000000000000000000e+00,1.000000000000000000e+00
9.985050748477483085e-01,-5.420486268241221650e-02,7.031953133627825460e-03,1.085163220248172067e+01,5.418920391467101777e-02,9.985278045717725925e-01,2.398682173312107792e-03,4.914624945630927666e-01,-7.151620962196123150e-03,-2.014040380722450022e-03,9.999723985985606856e-01,4.004248670577019442e-02,0.000000000000000000e+00,0.000000000000000000e+00,0.000000000000000000e+00,1.000000000000000000e+00
9.984182804040531156e-01,-5.577508017765919757e-02,7.076565988477478628e-03,1.166632669655917809e+01,5.575964853019212825e-02,9.984414321533745529e-01,2.359693900958380764e-03,5.526746768599307691e-01,-7.197148796784002926e-03,-1.961374694556636267e-03,9.999721766421829638e-01,6.060833473302976171e-02,0.000000000000000000e+00,0.000000000000000000e+00,0.000000000000000000e+00,1.000000000000000000e+00
9.983318976733633887e-01,-5.740191155535365880e-02,6.200212713493917678e-03,1.254317991532093934e+01,5.736746188389955925e-02,9.983374351430525095e-01,5.598205872356483252e-03,6.306796230369771106e-01,-6.511252176084536200e-03,-5.233177025602445825e-03,9.999651081179373735e-01,6.181453307298688526e-02,0.000000000000000000e+00,0.000000000000000000e+00,0.000000000000000000e+00,1.000000000000000000e+00
9.981180562581052351e-01,-6.119348598636968617e-02,3.962706698395637196e-03,1.346245951338568680e+01,6.116251405214496312e-02,9.980995295649407462e-01,7.515048706645505866e-03,6.964504936082244191e-01,-4.415047719189520506e-03,-7.258536703636921626e-03,9.999639098480304078e-01,6.179992404390265148e-02,0.000000000000000000e+00,0.000000000000000000e+00,0.000000000000000000e+00,1.000000000000000000e+00
9.984580195574191963e-01,-5.545456500338292322e-02,2.524757762915878778e-03,1.434653319219227363e+01,5.542236780061863405e-02,9.983978001600342100e-01,1.141024903215150099e-02,7.651651873647087321e-01,-3.153462993090408190e-03,-1.125272659795522462e-02,9.999317135761141007e-01,7.170936339543232396e-02,0.000000000000000000e+00,0.000000000000000000e+00,0.000000000000000000e+00,1.000000000000000000e+00
9.972892253555188935e-01,-7.350755290892548033e-02,3.292515015905184920e-03,1.534509761905640701e+01,7.345514473574824010e-02,9.972014478465175413e-01,1.391452926467925608e-02,9.259172088473051065e-01,-4.306123737043246989e-03,-1.363495794452078934e-02,9.998977673843528757e-01,7.418804380383088592e-02,0.000000000000000000e+00,0.000000000000000000e+00,0.000000000000000000e+00,1.000000000000000000e+00
9.973986341827046909e-01,-7.202576558920542604e-02,2.872911722135862954e-03,1.629017261720383658e+01,7.197702042342007944e-02,9.973011802468174647e-01,1.447979313628711996e-02,1.016238568667984898e+00,-3.908076437445405331e-03,-1.423534227168207073e-02,9.998910350478037445e-01,7.840557492182755051e-02,0.000000000000000000e+00,0.000000000000000000e+00,0.000000000000000000e+00,1.000000000000000000e+00
9.970102587681852757e-01,-7.709108477415745064e-02,5.244860278420740082e-03,1.719491762611221120e+01,7.702315052411277951e-02,9.969557292511262991e-01,1.211231590959609312e-02,1.102502931230007643e+00,-6.162645076291260217e-03,-1.167212755660570513e-02,9.999128878277183663e-01,8.458107245426187137e-02,0.000000000000000000e+00,0.000000000000000000e+00,0.000000000000000000e+00,1.000000000000000000e+00
9.966992257416239509e-01,-8.101278765792480074e-02,5.251822725370289616e-03,1.804320590387166945e+01,8.094660499414844945e-02,9.966487964493477847e-01,1.178234594581380884e-02,1.168839213890520590e+00,-6.188743488626050233e-03,-1.131833786196276108e-02,9.999167938794086830e-01,9.274199103785428500e-02,0.000000000000000000e+00,0.000000000000000000e+00,0.000000000000000000e+00,1.000000000000000000e+00
9.964998010307614118e-01,-8.341545287134556619e-02,5.478025914670139190e-03,1.894079855090940967e+01,8.336677915603642186e-02,9.964819707825119943e-01,8.582659177004455658e-03,1.233357759588217029e+00,-6.174680461538409153e-03,-8.095932785560446682e-03,9.999481632532412068e-01,9.422705341147272207e-02,0.000000000000000000e+00,0.000000000000000000e+00,0.000000000000000000e+00,1.000000000000000000e+00
9.962151833062656836e-01,-8.651949752753672340e-02,8.347760037670770225e-03,1.987005449712479077e+01,8.644684330566507202e-02,9.962184395787566649e-01,8.704247569598049308e-03,1.319677345926892009e+00,-9.069279604783179669e-03,-7.949666084160429691e-03,9.999272728436813251e-01,9.898626104557180228e-02,0.000000000000000000e+00,0.000000000000000000e+00,0.000000000000000000e+00,1.000000000000000000e+00
9.961199613714059042e-01,-8.736833304273619594e-02,1.057340715013660795e-02,2.079611924000928624e+01,8.728547342506813578e-02,9.961507293143736508e-01,8.060435186949941114e-03,1.387753299138207996e+00,-1.123693402982922467e-02,-7.106255538245611833e-03,9.999116123167264281e-01,9.771694371417968816e-02,0.000000000000000000e+00,0.000000000000000000e+00,0.000000000000000000e+00,1.000000000000000000e+00
9.963316297593950432e-01,-8.468549868533006841e-02,1.231461949897631573e-02,2.170867786053162263e+01,8.464386285993699688e-02,9.964037737616961987e-01,3.864726846504710264e-03,1.485892895177892248e+00,-1.259761966149820431e-02,-2.808192633509240879e-03,9.999167035473496279e-01,9.938959734359481546e-02,0.000000000000000000e+00,0.000000000000000000e+00,0.000000000000000000e+00,1.000000000000000000e+00
9.962945997457542946e-01,-8.457915172244737101e-02,1.560248734525165534e-02,2.264953694624941605e+01,8.454760565150969132e-02,9.964158591604053150e-01,2.671702121939329485e-03,1.596147633077802830e+00,-1.577253613228696630e-02,-1.342649448968393075e-03,9.998747043487069552e-01,9.819718375719710401e-02,0.000000000000000000e+00,0.000000000000000000e+00,0.000000000000000000e+00,1.000000000000000000e+00
9.967654956733201788e-01,-7.835346385919968182e-02,1.786844527051948198e-02,2.360354524804686704e+01,7.830658750506117038e-02,9.969238322421587473e-01,3.309238722062883380e-03,1.693595109448394975e+00,-1.807276925190618236e-02,-1.899318001942998380e-03,9.998348701674172334e-01,1.007898301119789231e-01,0.000000000000000000e+00,0.000000000000000000e+00,0.000000000000000000e+00,1.000000000000000000e+00
9.974951898089902125e-01,-6.865248622658147448e-02,1.703474222980904187e-02,2.452118040217067829e+01,6.861390316906414155e-02,9.976392471621169378e-01,2.839861565287245780e-03,1.773919532340950456e+00,-1.718949097074370588e-02,-1.663928097231340882e-03,9.998508652511408634e-01,9.579001931184982777e-02,0.000000000000000000e+00,0.000000000000000000e+00,0.000000000000000000e+00,1.000000000000000000e+00
9.975084796460425007e-01,-6.906307765709829294e-02,1.439181499223653529e-02,2.545728280070738592e+01,6.904846538742870354e-02,9.976121632641499204e-01,1.510342697092002416e-03,1.838676409654174115e+00,-1.446175860268062059e-02,-5.128469081669287735e-04,9.998952917811783081e-01,1.037038629569769638e-01,0.000000000000000000e+00,0.000000000000000000e+00,0.000000000000000000e+00,1.000000000000000000e+00
9.978414807233916273e-01,-6.522752446589223652e-02,7.599302586534378845e-03,2.637103236309329546e+01,6.521653522428200178e-02,9.978697126058875266e-01,1.685288456519046154e-03,1.912582292120627692e+00,-7.693041082059932922e-03,-1.186050544084217475e-03,9.999697047426074903e-01,9.684019264293648732e-02,0.000000000000000000e+00,0.000000000000000000e+00,0.000000000000000000e+00,1.000000000000000000e+00
9.979195572816887960e-01,-6.387230859315062848e-02,8.768431427620577978e-03,2.730369510595924609e+01,6.388876989607998602e-02,9.979557270314100004e-01,-1.609958500798446858e-03,1.979590252159805219e+00,-8.647674594091004849e-03,2.166813372187570332e-03,9.999602605323500981e-01,1.040354720771990982e-01,0.000000000000000000e+00,0.000000000000000000e+00,0.000000000000000000e+00,1.000000000000000000e+00
9.979940648699863193e-01,-6.269358536736616139e-02,8.795501012843291375e-03,2.825717129389094140e+01,6.273277737421367739e-02,9.980212982843534864e-01,-4.252859476800367744e-03,2.022649786230414026e+00,-8.511470331235018727e-03,4.796094723506319837e-03,9.999522750352660694e-01,1.082573942629569130e-01,0.000000000000000000e+00,0.000000000000000000e+00,0.000000000000000000e+00,1.000000000000000000e+00
9.979958073477706026e-01,-6.160701883660652661e-02,1.445488659029761473e-02,2.924706228955232135e+01,6.172067857692029730e-02,9.980648833983638557e-01,-7.552904276715275735e-03,2.082614432883870936e+00,-1.396160278323528917e-02,8.429932210566610379e-03,9.998669961003060491e-01,1.114240643335614595e-01,0.000000000000000000e+00,0.000000000000000000e+00,0.000000000000000000e+00,1.000000000000000000e+00
9.979317910582690132e-01,-6.152358489717218992e-02,1.862763797789133979e-02,3.020306334397754711e+01,6.175158770941676506e-02,9.980203411751651377e-01,-1.192224877993675741e-02,2.133893620721318385e+00,-1.785726212500494264e-02,1.304787729881570595e-02,9.997554056304945869e-01,1.098443580646986384e-01,0.000000000000000000e+00,0.000000000000000000e+00,0.000000000000000000e+00,1.000000000000000000e+00
9.979400125062809490e-01,-5.978182875912009531e-02,2.327798077967438775e-02,3.112904554820002190e+01,6.019085036712122638e-02,9.980372127046280850e-01,-1.728535764332155000e-02,2.181482957600423322e+00,-2.219894076406495401e-02,1.865087148071009268e-02,9.995795876377049360e-01,1.173926862532825299e-01,0.000000000000000000e+00,0.000000000000000000e+00,0.000000000000000000e+00,1.000000000000000000e+00
9.979483293451182346e-01,-6.142610003277729908e-02,1.805453383642715431e-02,3.209529565270733542e+01,6.178306320950259500e-02,9.978906585612657976e-01,-1.992703331186231400e-02,2.224050469996647017e+00,-1.679241071847802427e-02,2.100161400761176370e-02,9.996384082013543004e-01,1.140216838804599675e-01,0.000000000000000000e+00,0.000000000000000000e+00,0.000000000000000000e+00,1.000000000000000000e+00
9.978852849735541097e-01,-6.350051227674932686e-02,1.387958838869638584e-02,3.310000410255494074e+01,6.375997238824995805e-02,9.977819546993530464e-01,-1.912686062547210367e-02,2.279300514434000835e+00,-1.263423738493247260e-02,1.997137493832242330e-02,9.997207211160397122e-01,1.042425207246840957e-01,0.000000000000000000e+00,0.000000000000000000e+00,0.000000000000000000e+00,1.000000000000000000e+00
9.978545315007634198e-01,-6.328691382757908879e-02,1.676605205683549468e-02,3.408708175903179693e+01,6.361935735931530111e-02,9.977718423658630265e-01,-2.009795887688593796e-02,2.358456383172583326e+00,-1.545675685839902752e-02,2.112148479652534161e-02,9.996574270956078978e-01,8.888946465641910100e-02,0.000000000000000000e+00,0.000000000000000000e+00,0.000000000000000000e+00,1.000000000000000000e+00
9.977992429425529552e-01,-6.441869875035696746e-02,1.571311664115064219e-02,3.506911660634045802e+01,6.472555214908830290e-02,9.977052425352578302e-01,-1.987088112429329784e-02,2.424870398727662746e+00,-1.439700254439400806e-02,2.084419029300288093e-02,9.996790715268404348e-01,1.002444029324352920e-01,0.000000000000000000e+00,0.000000000000000000e+00,0.000000000000000000e+00,1.000000000000000000e+00
9.977956252994739650e-01,-6.477404085522542321e-02,1.442961414993151718e-02,3.603365722746446664e+01,6.503834723717073774e-02,9.977081064602724148e-01,-1.866943202435916022e-02,2.503518377997590250e+00,-1.318724845779085074e-02,1.956675585631316439e-02,9.997215805129805455e-01,9.979743374772535869e-02,0.000000000000000000e+00,0.000000000000000000e+00,0.000000000000000000e+00,1.000000000000000000e+00
9.977960726958334803e-01,-6.424222078844689376e-02,1.661127270677652604e-02,3.701482005228474037e+01,6.454052135636868803e-02,9.977510679962730000e-01,-1.809219210990089741e-02,2.561139485670089311e+00,-1.541163248389239813e-02,1.912441843460586238e-02,9.996983235975338555e-01,9.601836887779506557e-02,0.000000000000000000e+00,0.000000000000000000e+00,0.000000000000000000e+00,1.000000000000000000e+00
9.976961489386622084e-01,-6.563494712915436680e-02,1.715949032797393914e-02,3.802689335882078581e+01,6.598249203991131406e-02,9.976093712462863472e-01,-2.053906389759880755e-02,2.627835537290601486e+00,-1.577038798399562139e-02,2.162397088741394371e-02,9.996417852140309090e-01,8.574439223636068363e-02,0.000000000000000000e+00,0.000000000000000000e+00,0.000000000000000000e+00,1.000000000000000000e+00
9.975586933260818245e-01,-6.685799456154530029e-02,2.016586057594718998e-02,3.902664315165151265e+01,6.720207585041400311e-02,9.975963109994833156e-01,-1.689619133460408887e-02,2.694683743210727123e+00,-1.898774265033506548e-02,1.821013024194888599e-02,9.996538684892970483e-01,1.057391644639837647e-01,0.000000000000000000e+00,0.000000000000000000e+00,0.000000000000000000e+00,1.000000000000000000e+00
9.974968460300306372e-01,-6.753092286814672829e-02,2.096703643147647053e-02,4.003506244214470655e+01,6.782682981285544088e-02,9.976025307373295181e-01,-1.373724222732612688e-02,2.760804652062947451e+00,-1.998907996082812527e-02,1.512498340662604690e-02,9.996857864145464179e-01,9.777126706157110436e-02,0.000000000000000000e+00,0.000000000000000000e+00,0.000000000000000000e+00,1.000000000000000000e+00
9.972194081367143914e-01,-7.134490343397824341e-02,2.152572390092801630e-02,4.104590338514569225e+01,7.169989140846053099e-02,9.972947522673548670e-01,-1.619576092718661223e-02,2.843209548555726940e+00,-2.031200648576156689e-02,1.769411919231771851e-02,9.996371044226655123e-01,1.060953189550217640e-01,0.000000000000000000e+00,0.000000000000000000e+00,0.000000000000000000e+00,1.000000000000000000e+00
9.969937996624431698e-01,-7.480930945655230035e-02,2.017252223399779512e-02,4.204549821147005417e+01,7.509578570221885074e-02,9.970803067020924670e-01,-1.383780895332774145e-02,2.921102674569858060e+00,-1.907842772383916072e-02,1.531108113413881013e-02,9.997007474189919529e-01,1.175694039094635907e-01,0.000000000000000000e+00,0.000000000000000000e+00,0.000000000000000000e+00,1.000000000000000000e+00
9.971042627743781361e-01,-7.403196697894529055e-02,1.738841632799454501e-02,4.307595933950707945e+01,7.427727960233232452e-02,9.971405779427252591e-01,-1.391235260212642620e-02,3.002064661033301718e+00,-1.630873667836514260e-02,1.516363034623683693e-02,9.997520139628023328e-01,1.141803183418875905e-01,0.000000000000000000e+00,0.000000000000000000e+00,0.000000000000000000e+00,1.000000000000000000e+00
9.970473382108994143e-01,-7.504283183515646216e-02,1.628431013963493532e-02,4.412793958540378725e+01,7.525412423635069459e-02,9.970825574328039398e-01,-1.277460170337932528e-02,3.063527030809507945e+00,-1.527815931266835597e-02,1.396234412341029740e-02,9.997857924548622099e-01,1.200969186831024882e-01,0.000000000000000000e+00,0.000000000000000000e+00,0.000000000000000000e+00,1.000000000000000000e+00
9.968814847427961423e-01,-7.666773203444153528e-02,1.869128785548507254e-02,4.516236741239653441e+01,7.696938372909346848e-02,9.969052125621049587e-01,-1.599097041670402217e-02,3.157212480057573156e+00,-1.740745085775330728e-02,1.737975923882207827e-02,9.996974165333407658e-01,1.294089228505918565e-01,0.000000000000000000e+00,0.000000000000000000e+00,0.000000000000000000e+00,1.000000000000000000e+00
9.971659052920615052e-01,-7.237800178935012430e-02,2.053246648718300496e-02,4.616260086647365313e+01,7.271924954527818341e-02,9.972177691590844439e-01,-1.638998532488054188e-02,3.230439211344858119e+00,-1.928906603851069865e-02,1.783664010846989362e-02,9.996548335305557309e-01,1.287262550382941018e-01,0.000000000000000000e+00,0.000000000000000000e+00,0.000000000000000000e+00,1.000000000000000000e+00
9.962340953533690424e-01,-8.472539236326702417e-02,1.841833717651347735e-02,4.704763572917630654e+01,8.502581826184642255e-02,9.962472140116614971e-01,-1.618946580046877817e-02,3.310835971281957946e+00,-1.697755825673258334e-02,1.769453200544020971e-02,9.996992878124640880e-01,1.315953682796905388e-01,0.000000000000000000e+00,0.000000000000000000e+00,0.000000000000000000e+00,1.000000000000000000e+00
9.963052945993470244e-01,-8.483281759491788365e-02,1.338480527385641980e-02,4.798633858985442657e+01,8.505659404844750915e-02,9.962286391360846149e-01,-1.714276447777332915e-02,3.383863698647733731e+00,-1.188005733105992369e-02,1.821789296187126608e-02,9.997634583309398248e-01,1.264673637001153816e-01,0.000000000000000000e+00,0.000000000000000000e+00,0.000000000000000000e+00,1.000000000000000000e+00
9.964357320942262009e-01,-8.343750171311548058e-02,1.241028258023590958e-02,4.890832140500928205e+01,8.364951671330426997e-02,9.963384362338584266e-01,-1.767707093094042850e-02,3.466143083715247375e+00,-1.088991090312937775e-02,1.865217925446562355e-02,9.997667258163683845e-01,1.243426513239705572e-01,0.000000000000000000e+00,0.000000000000000000e+00,0.000000000000000000e+00,1.000000000000000000e+00
9.963227500582086948e-01,-8.417417867595544667e-02,1.599016449826605457e-02,4.983654959608656299e+01,8.445163808945371775e-02,9.962730160925912237e-01,-1.754987834079286407e-02,3.570823023040191835e+00,-1.445332281730506499e-02,1.883573863688430342e-02,9.997181184761743111e-01,1.208368568367964857e-01,0.000000000000000000e+00,0.000000000000000000e+00,0.000000000000000000e+00,1.000000000000000000e+00
9.965827565857182657e-01,-8.068080529292219472e-02,1.770358532334541379e-02,5.081188485994643145e+01,8.106324318928317951e-02,9.964646567272625877e-01,-2.206668296437511861e-02,3.669619785710680482e+00,-1.586063932035984558e-02,2.342638577972881719e-02,9.995997421816639195e-01,1.250218031368493521e-01,0.000000000000000000e+00,0.000000000000000000e+00,0.000000000000000000e+00,1.000000000000000000e+00
9.964863365708652720e-01,-8.073097525930157670e-02,2.230449867767600805e-02,5.171688553179916426e+01,8.129836750909388843e-02,9.963552142390519339e-01,-2.582368097319624745e-02,3.742523071751703068e+00,-2.013843260873937266e-02,2.754626458035906375e-02,9.994176538563507295e-01,1.171404113543025455e-01,0.000000000000000000e+00,0.000000000000000000e+00,0.000000000000000000e+00,1.000000000000000000e+00
9.962985098564509645e-01,-8.335764615992348470e-02,2.099481089450942056e-02,5.266347354390902780e+01,8.393091519773226983e-02,9.960755971900632222e-01,-2.808925339921849659e-02,3.848626043909145089e+00,-1.857096475389248200e-02,2.974739499740136281e-02,9.993849167157661251e-01,1.179059430155942750e-01,0.000000000000000000e+00,0.000000000000000000e+00,0.000000000000000000e+00,1.000000000000000000e+00
9.963939340633044539e-01,-8.244903940077787097e-02,2.003207587205631940e-02,5.366165999430374001e+01,8.300341269137506695e-02,9.961379791582641863e-01,-2.862795766502241809e-02,3.942116048597596123e+00,-1.759436396804802197e-02,3.018745402272287465e-02,9.993893915667637629e-01,1.451570547473213235e-01,0.000000000000000000e+00,0.000000000000000000e+00,0.000000000000000000e+00,1.000000000000000000e+00
9.960363814125161586e-01,-8.622438484157728122e-02,2.183763635001441730e-02,5.463217845942667594e+01,8.685023810002899525e-02,9.957831547801362371e-01,-2.954563923970916425e-02,4.048165055206261798e+00,-1.919799584936369291e-02,3.132513551138040031e-02,9.993248585122668226e-01,1.391307222301958746e-01,0.000000000000000000e+00,0.000000000000000000e+00,0.000000000000000000e+00,1.000000000000000000e+00
9.959661031806636977e-01,-8.623046368619086133e-02,2.481589102955446616e-02,5.556668153373265540e+01,8.695722419166236616e-02,9.957641496958196115e-01,-2.986970608220268497e-02,4.139708838577409011e+00,-2.213509602434990398e-02,3.190713576961626274e-02,9.992457016224651767e-01,1.391511677367452404e-01,0.000000000000000000e+00,0.000000000000000000e+00,0.000000000000000000e+00,1.000000000000000000e+00
9.957707810600944232e-01,-8.644472802011561596e-02,3.111045779957760313e-02,5.650439733564978440e+01,8.737322312468462360e-02,9.957287546623538876e-01,-2.983566689981994105e-02,4.213472802050760357e+00,-2.839844129129547728e-02,3.242770630311637287e-02,9.990705542633835368e-01,1.481152699980536613e-01,0.000000000000000000e+00,0.000000000000000000e+00,0.000000000000000000e+00,1.000000000000000000e+00
9.957323286921894168e-01,-8.697205323325742088e-02,3.087056127805521896e-02,5.744181487619675153e+01,8.767672966327255679e-02,9.959003250068848567e-01,-2.225609414807507014e-02,4.334457476702183065e+00,-2.880834380494945446e-02,2.486774230938524136e-02,9.992755749640087615e-01,1.406595556753934828e-01,0.000000000000000000e+00,0.000000000000000000e+00,0.000000000000000000e+00,1.000000000000000000e+00
9.956110929630173079e-01,-8.955793972190727315e-02,2.716481182991561591e-02,5.835911719842368228e+01,9.019314605332379164e-02,9.956555660911596828e-01,-2.313417637800855090e-02,4.416532148747002395e+00,-2.497494692669689070e-02,2.548272246939528238e-02,9.993632387083070112e-01,1.358289158338453206e-01,0.000000000000000000e+00,0.000000000000000000e+00,0.000000000000000000e+00,1.000000000000000000e+00
9.955087393715101873e-01,-9.180638546348023066e-02,2.310708599282539424e-02,5.927232640243484241e+01,9.225414794602117274e-02,9.955519232225742421e-01,-1.911910967017740534e-02,4.520423190380842726e+00,-2.124904754812794588e-02,2.116496529544783720e-02,9.995501599331270137e-01,1.436087953293544439e-01,0.000000000000000000e+00,0.000000000000000000e+00,0.000000000000000000e+00,1.000000000000000000e+00
9.955268544212075854e-01,-9.264014797060099449e-02,1.854953126640164138e-02,6.021803606470717796e+01,9.304255721616971897e-02,9.954156784984370399e-01,-2.215196483756992282e-02,4.616991782712045023e+00,-1.641233295098119827e-02,2.377877169818282815e-02,9.995825155251727434e-01,1.313325935695701663e-01,0.000000000000000000e+00,0.000000000000000000e+00,0.000000000000000000e+00,1.000000000000000000e+00
9.955507335045308270e-01,-9.279499413738868940e-02,1.636539280416839104e-02,6.115101212851708823e+01,9.309084204657662454e-02,9.954885086380542702e-01,-1.835004895456591664e-02,4.708608564363026439e+00,-1.458876779073785268e-02,1.979187289312550613e-02,9.996976791119057681e-01,1.231238616798086966e-01,0.000000000000000000e+00,0.000000000000000000e+00,0.000000000000000000e+00,1.000000000000000000e+00
9.953138218059892628e-01,-9.427505981113175337e-02,2.150835232098586430e-02,6.211395300815667042e+01,9.464448215304785417e-02,9.953684238497760850e-01,-1.685594259561301947e-02,4.811079897337494415e+00,-1.981963975297101541e-02,1.881259951236732147e-02,9.996265642627001347e-01,1.441863852698128112e-01,0.000000000000000000e+00,0.000000000000000000e+00,0.000000000000000000e+00,1.000000000000000000e+00
9.951806761186484662e-01,-9.566711286090856525e-02,2.152267169496005841e-02,6.303187534628913369e+01,9.605095315293871172e-02,9.952213839364714154e-01,-1.756733770325841562e-02,4.914169517740738513e+00,-1.973920663154520722e-02,1.954994814383227350e-02,9.996140071293175833e-01,1.559457012539596510e-01,0.000000000000000000e+00,0.000000000000000000e+00,0.000000000000000000e+00,1.000000000000000000e+00
9.950008083520625046e-01,-9.781254053648863467e-02,2.015188062044915435e-02,6.386367467220293292e+01,9.814806003437298587e-02,9.950368219169957174e-01,-1.639150209123445626e-02,4.998346470501130234e+00,-1.844856878546967741e-02,1.828742581982446824e-02,9.996625532481713261e-01,1.502997370633748775e-01,0.000000000000000000e+00,0.000000000000000000e+00,0.000000000000000000e+00,1.000000000000000000e+00
9.946287754805306358e-01,-1.015276126403864276e-01,2.014305978855115628e-02,6.468708289615491935e+01,1.018267674800915901e-01,9.946975555082718801e-01,-1.442506465903377506e-02,5.086101182915020225e+00,-1.857170995511395542e-02,1.639868706346890234e-02,9.996930402138139993e-01,1.468378710506516027e-01,0.000000000000000000e+00,0.000000000000000000e+00,0.000000000000000000e+00,1.000000000000000000e+00
9.947392202487899127e-01,-1.007028503820759924e-01,1.878349338529963775e-02,6.549041109731598453e+01,1.009905829638854946e-01,9.947734796319023243e-01,-1.505411484098384024e-02,5.175792045677412467e+00,-1.716932880007121520e-02,1.687187440553599566e-02,9.997102350194275733e-01,1.406271506299157092e-01,0.000000000000000000e+00,0.000000000000000000e+00,0.000000000000000000e+00,1.000000000000000000e+00
9.944789111137407600e-01,-1.038021024569980993e-01,1.538892054488020904e-02,6.629942158030145549e+01,1.040431924201345865e-01,9.944473882428841449e-01,-1.579259725083535099e-02,5.261317434616141320e+00,-1.366416704584011779e-02,1.730651733905796963e-02,9.997568579392375199e-01,1.373857107121257970e-01,0.000000000000000000e+00,0.000000000000000000e+00,0.000000000000000000e+00,1.000000000000000000e+00
9.943623145066254887e-01,-1.044813756610934313e-01,1.808948946191265075e-02,6.706155123064566226e+01,1.047569052768405062e-01,9.943844629079838793e-01,-1.501768038054995119e-02,5.350833514656161860e+00,-1.641883935746523554e-02,1.682801435579263372e-02,9.997235816199373515e-01,1.388192679385646944e-01,0.000000000000000000e+00,0.000000000000000000e+00,0.000000000000000000e+00,1.000000000000000000e+00
9.940533373840575448e-01,-1.071826865624685016e-01,1.923107217159449739e-02,6.783562213269708252e+01,1.074526967893491836e-01,9.941171600054461432e-01,-1.360110787377089188e-02,5.451705122497589429e+00,-1.766013556894866290e-02,1.558665724103125080e-02,9.997225493744438252e-01,1.427307707548243210e-01,0.000000000000000000e+00,0.000000000000000000e+00,0.000000000000000000e+00,1.000000000000000000e+00
9.934264061292324977e-01,-1.118730577148154548e-01,2.425684568726400522e-02,6.858653372812979399e+01,1.122476848003586131e-01,9.935719431485570130e-01,-1.467143636295575870e-02,5.532500066365528824e+00,-2.245958285715749653e-02,1.729776706776009129e-02,9.995980964329373997e-01,1.459988710161241598e-01,0.000000000000000000e+00,0.000000000000000000e+00,0.000000000000000000e+00,1.000000000000000000e+00
9.934504725027881733e-01,-1.116419818596546404e-01,2.433570566957574816e-02,6.928589674387056618e+01,1.119793902685929238e-01,9.936258936285167209e-01,-1.296918139274616695e-02,5.623626743827291108e+00,-2.273268217922931600e-02,1.560933686523340545e-02,9.996197145732801381e-01,1.533981032205555817e-01,0.000000000000000000e+00,0.000000000000000000e+00,0.000000000000000000e+00,1.000000000000000000e+00
9.933485448112137073e-01,-1.134431536405333951e-01,1.973117871635049828e-02,6.995151242927026658e+01,1.136137865405552477e-01,9.934947660172193107e-01,-7.749671238237194372e-03,5.713179453474491076e+00,-1.872367563710168950e-02,9.939858574141494096e-03,9.997752863429676395e-01,1.612237718006504228e-01,0.000000000000000000e+00,0.000000000000000000e+00,0.000000000000000000e+00,1.000000000000000000e+00
9.936829169374431503e-01,-1.111706645669417182e-01,1.534092325908257594e-02,7.061641352308852504e+01,1.113165159133050058e-01,9.937442220671773851e-01,-9.003021327104192631e-03,5.783442519019677874e+00,-1.424408198584482289e-02,1.065384662166161608e-02,9.998417883248045257e-01,1.643617426615772981e-01,0.000000000000000000e+00,0.000000000000000000e+00,0.000000000000000000e+00,1.000000000000000000e+00
9.939566008755408300e-01,-1.090233480602446903e-01,1.281347547228789754e-02,7.134423944351347302e+01,1.091394173463264144e-01,9.939880638604172702e-01,-8.735930649730936845e-03,5.874199980293481005e+00,-1.178402126816667506e-02,1.008159118131823212e-02,9.998797419500031758e-01,1.697043020334267627e-01,0.000000000000000000e+00,0.000000000000000000e+00,0.000000000000000000e+00,1.000000000000000000e+00
9.939355846520736559e-01,-1.094058145354211420e-01,1.106441630567922378e-02,7.203353183236461632e+01,1.094778293170488997e-01,9.939703645049080549e-01,-6.125306033221003706e-03,5.953941828909821155e+00,-1.032755781254681218e-02,7.299467913108585726e-03,9.999200264610238476e-01,1.697577051783783209e-01,0.000000000000000000e+00,0.000000000000000000e+00,0.000000000000000000e+00,1.000000000000000000e+00
9.939122959133638302e-01,-1.091852140135682325e-01,1.472878382766512791e-02,7.270570909055834363e+01,1.092563989954326992e-01,9.940050801367007471e-01,-4.115815955060802243e-03,6.039532702036940037e+00,-1.419109970304071114e-02,5.699973968044531360e-03,9.998830546548843623e-01,1.783075222481883271e-01,0.000000000000000000e+00,0.000000000000000000e+00,0.000000000000000000e+00,1.000000000000000000e+00
9.933664883633328557e-01,-1.140846627976951078e-01,1.441213069056051545e-02,7.332077991213490975e+01,1.141528420173111846e-01,9.934551572021355081e-01,-3.997410142194598830e-03,6.095328328239578042e+00,-1.386176237267222958e-02,5.616078953352519366e-03,9.998881493452722591e-01,1.787073394448631114e-01,0.000000000000000000e+00,0.000000000000000000e+00,0.000000000000000000e+00,1.000000000000000000e+00
9.928931095599717871e-01,-1.184073013745467057e-01,1.195759045681375060e-02,7.388115223570711976e+01,1.184626423212233187e-01,9.929503378296030691e-01,-4.028520615045719927e-03,6.155635997803256210e+00,-1.139628722916202243e-02,5.416418121708737807e-03,9.999203903572130292e-01,1.996336910862454850e-01,0.000000000000000000e+00,0.000000000000000000e+00,0.000000000000000000e+00,1.000000000000000000e+00
9.930756863618509511e-01,-1.170665177357658876e-01,9.803651471026563272e-03,7.448987451413135830e+01,1.171658017297101256e-01,9.930594618419835706e-01,-1.025086099500594795e-02,6.212394498667594966e+00,-8.535576253425339321e-03,1.132853350289708162e-02,9.998993990730747905e-01,2.086240845680721601e-01,0.000000000000000000e+00,0.000000000000000000e+00,0.000000000000000000e+00,1.000000000000000000e+00
9.935118270699315746e-01,-1.135215813003009055e-01,6.862947708554113270e-03,7.509728312805555106e+01,1.136104490364346353e-01,9.934216373735739181e-01,-1.435674990176168640e-02,6.269720064986745278e+00,-5.187999798660178352e-03,1.504330339656768240e-02,9.998733838246763872e-01,2.249053228154420936e-01,0.000000000000000000e+00,0.000000000000000000e+00,0.000000000000000000e+00,1.000000000000000000e+00
9.938360977436428989e-01,-1.107964005969011845e-01,3.737437151894958121e-03,7.567069337574100985e+01,1.108317783319776179e-01,9.937762902566227297e-01,-1.118042197553291428e-02,6.337650359358476315e+00,-2.475425915833966671e-03,1.152573375323940989e-02,9.999305124497326336e-01,2.370648807381776635e-01,0.000000000000000000e+00,0.000000000000000000e+00,0.000000000000000000e+00,1.000000000000000000e+00
9.946435625994690666e-01,-1.032589230596918789e-01,4.666710618051249197e-03,7.624217089251355617e+01,1.032767837646261511e-01,9.946455375278693278e-01,-3.763058745935851396e-03,6.423281119963609953e+00,-4.253153497662968095e-03,4.224865020721285322e-03,9.999820304389885894e-01,2.392996252890826903e-01,0.000000000000000000e+00,0.000000000000000000e+00,0.000000000000000000e+00,1.000000000000000000e+00
9.951573233088810699e-01,-9.791547223240819331e-02,8.629146088204201620e-03,7.679190548494409541e+01,9.797172816194435474e-02,9.951688987190898672e-01,-6.356375003878225044e-03,6.461205478468627028e+00,-7.965070349293369711e-03,7.171005489630262811e-03,9.999425655179395855e-01,2.454373068509903000e-01,0.000000000000000000e+00,0.000000000000000000e+00,0.000000000000000000e+00,1.000000000000000000e+00
9.957104918248679271e-01,-9.192687555540203503e-02,1.049123541367597522e-02,7.737574560889999020e+01,9.201033391235098613e-02,9.957277380977541670e-01,-7.769815703115284106e-03,6.502654593906160407e+00,-9.732159227082022232e-03,8.701789088703011654e-03,9.999147783403518064e-01,2.654850346903080416e-01,0.000000000000000000e+00,0.000000000000000000e+00,0.000000000000000000e+00,1.000000000000000000e+00
9.963768531504141324e-01,-8.380234675228843966e-02,1.450286816087142765e-02,7.792773221619664525e+01,8.391291510698012379e-02,9.964471514441565203e-01,-7.190066555095396029e-03,6.525331576530755129e+00,-1.384879721604843905e-02,8.380993832899027302e-03,9.998689762954156013e-01,2.754168342010510639e-01,0.000000000000000000e+00,0.000000000000000000e+00,0.000000000000000000e+00,1.000000000000000000e+00
9.972342718556984620e-01,-7.330366974995447538e-02,1.226291309718190864e-02,7.843704405880494335e+01,7.336528146947060569e-02,9.972942887251453614e-01,-4.651575120782252930e-03,6.578213631094856240e+00,-1.188875566848145333e-02,5.538382199565771574e-03,9.999139882066194751e-01,2.893776485598165138e-01,0.000000000000000000e+00,0.000000000000000000e+00,0.000000000000000000e+00,1.000000000000000000e+00
9.981560077523314867e-01,-6.000430340867865531e-02,9.168847275974039562e-03,7.895109339039228757e+01,6.001062904885786503e-02,9.981976513998104261e-01,-4.161022180571681962e-04,6.630398246700114129e+00,-9.127353893179576683e-03,9.655632214769463862e-04,9.999578786621839965e-01,2.916302303283910269e-01,0.000000000000000000e+00,0.000000000000000000e+00,0.000000000000000000e+00,1.000000000000000000e+00
9.992889306513517145e-01,-3.693885135161757705e-02,7.560048842768980239e-03,7.945204253203874600e+01,3.689501117633361971e-02,9.993019742342582612e-01,5.858535807264295125e-03,6.640790994383555912e+00,-7.771179317209200334e-03,-5.575441895475799839e-03,9.999542605637975479e-01,2.949722323018038050e-01,0.000000000000000000e+00,0.000000000000000000e+00,0.000000000000000000e+00,1.000000000000000000e+00
9.997729888357446137e-01,-1.951657742762986578e-02,8.548333168361390774e-03,7.996266758580811995e+01,1.947611292660251028e-02,9.997988407537929945e-01,4.791560563708024967e-03,6.639555768944541470e+00,-8.640128454845777753e-03,-4.623984523844282442e-03,9.999519823208553593e-01,3.166905694346169864e-01,0.000000000000000000e+00,0.000000000000000000e+00,0.000000000000000000e+00,1.000000000000000000e+00
9.999298627753215873e-01,5.656472959811929650e-03,1.040547181946322938e-02,8.047081682536418157e+01,-5.672152647874538489e-03,9.999828209889288777e-01,1.477975424582149682e-03,6.633184356057425290e+00,-1.039693293572332457e-02,-1.536893188020536320e-03,9.999447693472172105e-01,3.190868966168437515e-01,0.000000000000000000e+00,0.000000000000000000e+00,0.000000000000000000e+00,1.000000000000000000e+00
9.993349443315773240e-01,3.427756836333225449e-02,1.243854271626103174e-02,8.096407426255531448e+01,-3.429057718648674535e-02,9.994115572259842928e-01,8.340259847820946952e-04,6.653061562257310158e+00,-1.240263496297031205e-02,-1.259996120172320001e-03,9.999222905084939050e-01,3.308813245708982498e-01,0.000000000000000000e+00,0.000000000000000000e+00,0.000000000000000000e+00,1.000000000000000000e+00
9.977333010524700452e-01,6.635154309074686729e-02,1.121305936941366377e-02,8.141653535042523515e+01,-6.634004098483642364e-02,9.977960978166163786e-01,-1.395042671686592831e-03,6.582983883470539865e+00,-1.128091011733096949e-02,6.480057117989192856e-04,9.999361585398952590e-01,3.267781555855538422e-01,0.000000000000000000e+00,0.000000000000000000e+00,0.000000000000000000e+00,1.000000000000000000e+00
