1.000000000000000000e+00,4.897589661230913031e-14,1.768442470607528157e-14,-1.043053058266101820e-18,-4.897589661230904196e-14,1.000000000000000000e+00,-5.217230979106833142e-15,2.345692822783511229e-19,-1.768442470607553401e-14,5.217230979105966972e-15,1.000000000000000000e+00,-3.681774350238555781e-20,0.000000000000000000e+00,0.000000000000000000e+00,0.000000000000000000e+00,1.000000000000000056e-01
9.999684026106385737e-01,-7.948122436255295950e-03,1.453618456451522575e-04,6.535311616340211405e-01,7.948540157892503358e-03,9.999634694845531691e-01,-3.143311275296179277e-03,1.617416547395550408e-02,-1.203731126306887325e-04,3.144367369333465195e-03,9.999950492198250718e-01,9.869752302573992636e-03,0.000000000000000000e+00,0.000000000000000000e+00,0.000000000000000000e+00,1.000000000000000056e-01
9.998861930854771041e-01,-1.496425488190597335e-02,-1.916234030955657475e-03,1.334020500721270208e+00,1.495796305658240143e-02,9.998828197068891921e-01,-3.256715553804830857e-03,1.154050839117418820e-02,1.964743807715244213e-03,3.227681959213372833e-03,9.999928608999867352e-01,1.536353828165526111e-02,0.000000000000000000e+00,0.000000000000000000e+00,0.000000000000000000e+00,1.000000000000000056e-01
9.998111660304105364e-01,-1.905165705518118910e-02,-3.829705519057177970e-03,2.072869821721306849e+00,1.904258886932276920e-02,9.998158156072609604e-01,-2.390537751515388418e-03,1.929777250206434272e-02,3.874543852491116585e-03,2.317158829092334001e-03,9.999898092905226132e-01,1.365915819935546900e-02,0.000000000000000000e+00,0.000000000000000000e+00,0.000000000000000000e+00,1.000000000000000056e-01
9.996415499661007731e-01,-2.644923441682536097e-02,-4.148443097771309200e-03,2.811507076358860768e+00,2.644552791353647209e-02,9.996498084390929018e-01,-9.458018076373867844e-04,4.873501418686643910e-02,4.172006081729624609e-03,8.357550172075483034e-04,9.999909478984323474e-01,2.714451691457473587e-02,0.000000000000000000e+00,0.000000000000000000e+00,0.000000000000000000e+00,1.000000000000000056e-01
9.995359269560517568e-01,-3.021965307069511206e-02,-3.834487239926851962e-03,3.513443355484731079e+00,3.020870815183568023e-02,9.995394612332174633e-01,-2.880866086188087639e-03,7.328578859469703222e-02,3.919780083569868352e-03,2.763694247951374843e-03,9.999884985929589076e-01,3.459398840390063429e-02,0.000000000000000000e+00,0.000000000000000000e+00,0.000000000000000000e+00,1.000000000000000056e-01
9.994206102977652995e-01,-3.343032378956225376e-02,-6.391960839008197469e-03,4.236357320713487695e+00,3.341508361426936274e-02,9.994384921349930284e-01,-2.476413936101660388e-03,1.083446420716839553e-01,6.471159022445140997e-03,2.261391221474018127e-03,9.999765048293133285e-01,5.262398226080829827e-02,0.000000000000000000e+00,0.000000000000000000e+00,0.000000000000000000e+00,1.000000000000000056e-01
9.990886911208451959e-01,-4.192585402732593863e-02,-8.000627382627578665e-03,5.011724686848703314e+00,4.191525947134806113e-02,9.991200621821489936e-01,-1.487403303855978562e-03,1.310033117261213131e-01,8.055947981824299747e-03,1.150699447341883407e-03,9.999668882482539711e-01,6.413295813977631932e-02,0.000000000000000000e+00,0.000000000000000000e+00,0.000000000000000000e+00,1.000000000000000056e-01
9.988212541171352932e-01,-4.786773842497588777e-02,-8.048723001270626648e-03,5.782281128974234186e+00,4.785589000200232007e-02,9.988528737979970318e-01,-1.658402122203971344e-03,1.938627452444149635e-01,8.118874059212289468e-03,1.271268484924896339e-03,9.999662333101302369e-01,6.965615814650595594e-02,0.000000000000000000e+00,0.000000000000000000e+00,0.000000000000000000e+00,1.000000000000000056e-01
9.986773640497111915e-01,-5.117086518019636765e-02,-5.006504911700650901e-03,6.574101841156271497e+00,5.116609908805169749e-02,9.986895781352597146e-01,-1.075559449102912214e-03,2.485010443710242434e-01,5.054981585761760335e-03,8.179735491119628733e-04,9.999868889542705697e-01,9.181904538736274102e-02,0.000000000000000000e+00,0.000000000000000000e+00,0.000000000000000000e+00,1.000000000000000056e-01
9.985050942504702931e-01,-5.442548288001226864e-02,-5.044161886470104050e-03,7.369055977617666287e+00,5.441384793712024381e-02,9.985155463826276279e-01,-2.415943889800529522e-03,2.934850886037981832e-01,5.168162974924530445e-03,2.137860023528523855e-03,9.999843597006827789e-01,1.030205861366296355e-01,0.000000000000000000e+00,0.000000000000000000e+00,0.000000000000000000e+00,1.000000000000000056e-01
9.983829894076349243e-01,-5.665475605795344816e-02,-4.652427053502357704e-03,8.182137572315042462e+00,5.664813290619860608e-02,9.983930123609107143e-01,-1.543342848486255929e-03,3.524849284182277054e-01,4.732388373330391473e-03,1.277295940689407135e-03,9.999879864355191161e-01,1.185000039017669454e-01,0.000000000000000000e+00,0.000000000000000000e+00,0.000000000000000000e+00,1.000000000000000056e-01
9.980077105250789726e-01,-6.283491231556816159e-02,-5.690652579900803629e-03,9.024238584762908744e+00,6.282656373960106289e-02,9.980231219285529143e-01,-1.634314736742429859e-03,4.003754597009787086e-01,5.782094876782625445e-03,1.273534561662646508e-03,9.999824725906730771e-01,1.342111705139318600e-01,0.000000000000000000e+00,0.000000000000000000e+00,0.000000000000000000e+00,1.000000000000000056e-01
9.980703734451531473e-01,-6.169010689466082609e-02,-7.061187037446969156e-03,9.773775310217166279e+00,6.166557308444520213e-02,9.980902257773931474e-01,-3.641195380546859931e-03,4.625479085500097676e-01,7.272327496712128331e-03,3.198737087928547797e-03,9.999684401688999635e-01,1.579436237979834345e-01,0.000000000000000000e+00,0.000000000000000000e+00,0.000000000000000000e+00,1.000000000000000056e-01
9.980797566781623997e-01,-6.175863682456603915e-02,-4.761311461307505058e-03,1.053107393916075907e+01,6.175813605145111934e-02,9.980911125700455688e-01,-2.522699724837277756e-04,5.231427767556549036e-01,4.767802503321283761e-03,-4.226416825699664712e-05,9.999886330719112149e-01,1.677735249796138695e-01,0.000000000000000000e+00,0.000000000000000000e+00,0.000000000000000000e+00,1.000000000000000056e-01
9.978364243701417502e-01,-6.555165410482269306e-02,-5.044882984975504470e-03,1.132051383481119089e+01,6.552521364607283294e-02,9.978371593484101076e-01,-5.239255684938195524e-03,6.157925630870552114e-01,5.377413583398878844e-03,4.897353123609708529e-03,9.999735493279487963e-01,1.723422310465967666e-01,0.000000000000000000e+00,0.000000000000000000e+00,0.000000000000000000e+00,1.000000000000000056e-01
9.976557172773076188e-01,-6.820602161870499558e-02,-5.568518550708448193e-03,1.215798270881200338e+01,6.818222950278911287e-02,9.976633729174516629e-01,-4.356365343113236671e-03,6.900845726167383898e-01,5.852637348224548099e-03,3.966478781290697780e-03,9.999750065287370537e-01,1.902504474984614835e-01,0.000000000000000000e+00,0.000000000000000000e+00,0.000000000000000000e+00,1.000000000000000056e-01
9.974804895214710587e-01,-7.033654503439980277e-02,-9.243562983515730969e-03,1.303368498274958398e+01,7.032991219658503435e-02,9.975232426441557054e-01,-1.041074017303549124e-03,7.693446357649016409e-01,9.293894470404313185e-03,3.883520473937637839e-04,9.999567354182181678e-01,2.172637789038128209e-01,0.000000000000000000e+00,0.000000000000000000e+00,0.000000000000000000e+00,1.000000000000000056e-01
9.976231713090875086e-01,-6.793359551822999998e-02,-1.153406550894400112e-02,1.393465345072057460e+01,6.798987696060096453e-02,9.976755936022229099e-01,4.559228151183356004e-03,8.487944997798371194e-01,1.119753089218481282e-02,-5.332591341713821542e-03,9.999230864279016195e-01,2.350610618282037712e-01,0.000000000000000000e+00,0.000000000000000000e+00,0.000000000000000000e+00,1.000000000000000056e-01
9.961911528993425691e-01,-8.632271328337036420e-02,-1.231162282055567499e-02,1.482776087442334401e+01,8.633490086532998042e-02,9.962660650927969153e-01,4.609089808171311798e-04,1.028372203331524570e+00,1.222586510854087490e-02,-1.522076184685887271e-03,9.999241028730309067e-01,2.390889417009887108e-01,0.000000000000000000e+00,0.000000000000000000e+00,0.000000000000000000e+00,1.000000000000000056e-01
9.959062212707734396e-01,-8.988362392427380609e-02,-9.577712900733673790e-03,1.576700531224867419e+01,8.988678794169897845e-02,9.959519844143537304e-01,-1.004720604175066601e-04,1.136014306250407557e+00,9.547972962530123370e-03,-7.608490984410342609e-04,9.999541276083399044e-01,2.603533721946453827e-01,0.000000000000000000e+00,0.000000000000000000e+00,0.000000000000000000e+00,1.000000000000000056e-01
9.957125933941073370e-01,-9.209675606318476482e-02,-8.638221982515943351e-03,1.667375854362351362e+01,9.209610923231778545e-02,9.957500100340307414e-01,-4.734780847327967296e-04,1.227704397146446302e+00,8.645115421437336509e-03,-3.240985436102290286e-04,9.999625777695303475e-01,2.765337276148769896e-01,0.000000000000000000e+00,0.000000000000000000e+00,0.000000000000000000e+00,1.000000000000000056e-01
9.954416040150709799e-01,-9.498526929140926889e-02,-8.591368548788766435e-03,1.752746204654158646e+01,9.498011859891636322e-02,9.954786607779980701e-01,-1.006482279686502640e-03,1.341974785060635167e+00,8.648125047571508794e-03,1.858851312129204659e-04,9.999625869900731212e-01,3.033948268802369452e-01,0.000000000000000000e+00,0.000000000000000000e+00,0.000000000000000000e+00,1.000000000000000056e-01
9.954596092916342398e-01,-9.469172598717405520e-02,-9.676946755913320292e-03,1.841809695173638062e+01,9.467789772258995706e-02,9.955061867025684075e-01,-1.878275736336573092e-03,1.421013545726197647e+00,9.811317535256599415e-03,9.535546554122517181e-04,9.999514132105327135e-01,3.034950847776100580e-01,0.000000000000000000e+00,0.000000000000000000e+00,0.000000000000000000e+00,1.000000000000000056e-01
9.953316119331629963e-01,-9.614544364061929083e-02,-8.428282961550837699e-03,1.932761156446963113e+01,9.612104200480799110e-02,9.953643306408955782e-01,-3.254930369722986230e-03,1.508174824389408197e+00,8.702158952892457416e-03,2.429599751050950766e-03,9.999591839043273644e-01,3.300003090783379944e-01,0.000000000000000000e+00,0.000000000000000000e+00,0.000000000000000000e+00,1.000000000000000056e-01
9.940426312577566037e-01,-1.088085323139762750e-01,-6.320643783200520852e-03,2.023884609616920827e+01,1.087884871465384651e-01,9.940589883017703077e-01,-3.434070591623167128e-03,1.636798380694931554e+00,6.656748945481289273e-03,2.725999291855416354e-03,9.999741279759880586e-01,3.380925375900233343e-01,0.000000000000000000e+00,0.000000000000000000e+00,0.000000000000000000e+00,1.000000000000000056e-01
9.941779072502485715e-01,-1.076629550873589858e-01,-4.356241197816886415e-03,2.114487821234597220e+01,1.076477276006067574e-01,9.941826129245107113e-01,-3.591504005010796603e-03,1.737062426325011844e+00,4.717571190962539449e-03,3.101654469757386765e-03,9.999840620037943051e-01,3.480127507230638684e-01,0.000000000000000000e+00,0.000000000000000000e+00,0.000000000000000000e+00,1.000000000000000056e-01
9.941910254536757696e-01,-1.076298543768305499e-01,-1.391193401669579908e-04,2.208842152911299905e+01,1.076289755577801016e-01,9.941867307392265873e-01,-2.957708983542105697e-03,1.862596834579947291e+00,4.566483891708666846e-04,2.925554455278831043e-03,9.999956162920804470e-01,3.575426524957739383e-01,0.000000000000000000e+00,0.000000000000000000e+00,0.000000000000000000e+00,1.000000000000000056e-01
9.942066197245500447e-01,-1.074810568617498435e-01,1.009807786288700535e-03,2.304218653169569819e+01,1.074832286833039968e-01,9.942039453898204870e-01,-2.422916244420756423e-03,1.978053230577929478e+00,-7.435372865757421471e-04,2.517416770461110894e-03,9.999965548766192036e-01,3.712619144423890960e-01,0.000000000000000000e+00,0.000000000000000000e+00,0.000000000000000000e+00,1.000000000000000056e-01
9.944696585884839068e-01,-1.050078751586367987e-01,1.855882963010351038e-03,2.397321635079042679e+01,1.050144810611425839e-01,9.944629750211498864e-01,-3.917917755994313952e-03,2.075818089545117928e+00,-1.434194674083083152e-03,4.091144919452172068e-03,9.999906027652883944e-01,3.824971466152602972e-01,0.000000000000000000e+00,0.000000000000000000e+00,0.000000000000000000e+00,1.000000000000000056e-01
9.946154758996369472e-01,-1.036337852708130863e-01,-3.060251323616848974e-04,2.491641972934502647e+01,1.036314200282609926e-01,9.946058758111263609e-01,-4.436280526345316201e-03,2.186479283758645309e+00,7.641229382611696049e-04,4.380679447904261593e-03,9.999901128329768962e-01,3.924826492353455376e-01,0.000000000000000000e+00,0.000000000000000000e+00,0.000000000000000000e+00,1.000000000000000056e-01
9.950527309907915008e-01,-9.929872862022090518e-02,-3.134492331335125143e-03,2.586090447115011770e+01,9.928309284138170376e-02,9.950476396269548607e-01,-4.802327422759191701e-03,2.289105923794625852e+00,3.595834203221816988e-03,4.467366923985958450e-03,9.999835561693749542e-01,3.991721905991303943e-01,0.000000000000000000e+00,0.000000000000000000e+00,0.000000000000000000e+00,1.000000000000000056e-01
9.950609343875383983e-01,-9.887870328240529194e-02,-8.760073800431544128e-03,2.681990475760782289e+01,9.885142877845211340e-02,9.950960668437114354e-01,-3.494678902888374503e-03,2.392519933336175963e+00,9.062664302376056275e-03,2.611472643115180133e-03,9.999555231740943073e-01,4.218858377497624046e-01,0.000000000000000000e+00,0.000000000000000000e+00,0.000000000000000000e+00,1.000000000000000056e-01
9.949475420187489094e-01,-1.002305669851356745e-01,-5.763859183568031085e-03,2.776842006877426527e+01,1.001872809031076478e-01,9.949413437600326260e-01,-7.364185102395618548e-03,2.464973703473105182e+00,6.472818249539383055e-03,6.749512487489523621e-03,9.999562723964932065e-01,4.494613101755545181e-01,0.000000000000000000e+00,0.000000000000000000e+00,0.000000000000000000e+00,1.000000000000000056e-01
9.949731014381678618e-01,-1.001425005457441536e-01,-8.365978045802495520e-05,2.876165159608090605e+01,1.001400978164825456e-01,9.949543634993922581e-01,-6.146166514546564860e-03,2.564757153101341558e+00,6.987301471533267959e-04,6.106892660335438289e-03,9.999811086406665828e-01,4.791644692519748672e-01,0.000000000000000000e+00,0.000000000000000000e+00,0.000000000000000000e+00,1.000000000000000056e-01
9.952277544323504532e-01,-9.756778978919553036e-02,1.497732683957737117e-03,2.969910275582853032e+01,9.757794495186544736e-02,9.951772843174485628e-01,-1.003580776614076443e-02,2.640088450667144926e+00,-5.113379625629462877e-04,1.013406010439885270e-02,9.999485183544642997e-01,4.858852666506218720e-01,0.000000000000000000e+00,0.000000000000000000e+00,0.000000000000000000e+00,1.000000000000000056e-01
9.950311924755279591e-01,-9.956343846801833652e-02,-2.184517200469297815e-04,3.062115006506593318e+01,9.954452867291953277e-02,9.948804503747070704e-01,-1.742917879609962029e-02,2.720697288724732488e+00,1.952642316238973035e-03,1.732083088784232977e-02,9.998480764622891259e-01,5.062312025904981416e-01,0.000000000000000000e+00,0.000000000000000000e+00,0.000000000000000000e+00,1.000000000000000056e-01
9.949787412936418329e-01,-1.000470957871829047e-01,-2.807667763540444214e-03,3.157650851414275905e+01,9.998067684419459367e-02,9.948252902254397512e-01,-1.806948216320362552e-02,2.816169064801737676e+00,4.600938110527559924e-03,1.769803809521985558e-02,9.998327914286884166e-01,5.120165163205038228e-01,0.000000000000000000e+00,0.000000000000000000e+00,0.000000000000000000e+00,1.000000000000000056e-01
9.949727555730668582e-01,-9.997209691083860927e-02,-5.898771616881025998e-03,3.254583428369974740e+01,9.985474974117794500e-02,9.948456564085579323e-01,-1.763941266460235940e-02,2.914033537344323133e+00,7.631816393556076217e-03,1.696171466200584177e-02,9.998270128448519811e-01,5.161680836366352443e-01,0.000000000000000000e+00,0.000000000000000000e+00,0.000000000000000000e+00,1.000000000000000056e-01
9.951435517462005054e-01,-9.814584938095530231e-02,-7.530183745963844703e-03,3.350204773913270628e+01,9.799373478274991944e-02,9.950161421253324034e-01,-1.844193193102063727e-02,3.015771231143972830e+00,9.302653453999609745e-03,1.761445881403018998e-02,9.998015760536705931e-01,5.283990931254531898e-01,0.000000000000000000e+00,0.000000000000000000e+00,0.000000000000000000e+00,1.000000000000000056e-01
9.948267860358567249e-01,-1.014287346481582558e-01,-5.646022780798808094e-03,3.445246116837391526e+01,1.013036139306214417e-01,9.946697727367282971e-01,-1.922553012171081960e-02,3.107065407807968249e+00,7.565949389428722541e-03,1.855410982878759329e-02,9.997992305549638914e-01,5.554507698235990887e-01,0.000000000000000000e+00,0.000000000000000000e+00,0.000000000000000000e+00,1.000000000000000056e-01
9.946607152404832730e-01,-1.029818839342030307e-01,-6.692767637724575912e-03,3.543296152721460146e+01,1.028327957434608114e-01,9.945029669258541594e-01,-1.972979714181340161e-02,3.233076079550144755e+00,8.687788951966028683e-03,1.893621812917718750e-02,9.997829474271354711e-01,5.672521444633462639e-01,0.000000000000000000e+00,0.000000000000000000e+00,0.000000000000000000e+00,1.000000000000000056e-01
9.945478401386568246e-01,-1.041196449074499319e-01,-5.804586107481938748e-03,3.640535349820919464e+01,1.039782241434015209e-01,9.943605555690719910e-01,-2.087137830501321206e-02,3.328747072867259682e+00,7.944971964531286762e-03,2.015403365862428187e-02,9.997653186362136513e-01,5.966840680422247356e-01,0.000000000000000000e+00,0.000000000000000000e+00,0.000000000000000000e+00,1.000000000000000056e-01
9.945192933662716506e-01,-1.044284170168094800e-01,-5.106940533721809720e-03,3.740124861958151570e+01,1.043020731362059167e-01,9.943296679571825836e-01,-2.072652792072577840e-02,3.437028911415457966e+00,7.242420986188780226e-03,2.008026741660599510e-02,9.997721391390822498e-01,6.137858174355216301e-01,0.000000000000000000e+00,0.000000000000000000e+00,0.000000000000000000e+00,1.000000000000000056e-01
9.946313663208072864e-01,-1.034668818988633693e-01,-1.746276304232087604e-03,3.837315211455573660e+01,1.034133388270252613e-01,9.944464762426544757e-01,-1.954193545211110883e-02,3.539818665241126094e+00,3.758521444788436461e-03,1.925643369615114009e-02,9.998075131133266069e-01,6.419753097170497469e-01,0.000000000000000000e+00,0.000000000000000000e+00,0.000000000000000000e+00,1.000000000000000056e-01
9.945765140875234556e-01,-1.040009019229772014e-01,-1.170480549793253026e-03,3.936872058112273720e+01,1.039701486766912431e-01,9.944580204604936968e-01,-1.560300374745004354e-02,3.663181183941989438e+00,2.786720232977306193e-03,1.539668603964824967e-02,9.998775806314189607e-01,6.491922385147836927e-01,0.000000000000000000e+00,0.000000000000000000e+00,0.000000000000000000e+00,1.000000000000000056e-01
9.942506195592278884e-01,-1.069104530353560539e-01,-5.988366878081408107e-03,4.036578150460494641e+01,1.067745458151249521e-01,9.940886211489992075e-01,-1.967256129880575605e-02,3.788960207492166887e+00,8.056169813587419834e-03,1.892005110607303253e-02,9.997885425399104520e-01,6.820753589045985832e-01,0.000000000000000000e+00,0.000000000000000000e+00,0.000000000000000000e+00,1.000000000000000056e-01
9.942867436512797807e-01,-1.065620134659282098e-01,-6.197474116244262171e-03,4.138192972976779060e+01,1.064513438625669245e-01,9.941881942937729200e-01,-1.606068855126913456e-02,3.895983823470790863e+00,7.872914910483698805e-03,1.530920027221110112e-02,9.998518118190503623e-01,7.194736853211587402e-01,0.000000000000000000e+00,0.000000000000000000e+00,0.000000000000000000e+00,1.000000000000000056e-01
9.940506990587928415e-01,-1.085171878453834587e-01,-9.339574018933391106e-03,4.239653786845247652e+01,1.083471007618575094e-01,9.939657642179533514e-01,-1.711622969931977933e-02,4.007152959000957360e+00,1.114062194068508697e-02,1.600248433055749542e-02,9.998098854472409203e-01,7.449810092774686865e-01,0.000000000000000000e+00,0.000000000000000000e+00,0.000000000000000000e+00,1.000000000000000056e-01
9.946791295224350904e-01,-1.024089281668591062e-01,-1.121787520905391349e-02,4.339744235344358003e+01,1.022071627380467113e-01,9.946129338185992763e-01,-1.728605697656917725e-02,4.062158729071940755e+00,1.292769034008975186e-02,1.604753290926217227e-02,9.997876532094187585e-01,7.751077352583263247e-01,0.000000000000000000e+00,0.000000000000000000e+00,0.000000000000000000e+00,1.000000000000000056e-01
9.945568706946742443e-01,-1.038618786529519750e-01,-8.327131360593207840e-03,4.438953143241121069e+01,1.036827929452074221e-01,9.944165141928574814e-01,-1.963860350451739067e-02,4.177214117499543633e+00,1.032033919492674791e-02,1.866832780957834725e-02,9.997724661820287517e-01,8.156847946482532752e-01,0.000000000000000000e+00,0.000000000000000000e+00,0.000000000000000000e+00,1.000000000000000056e-01
9.946588841850192431e-01,-1.029723211481561040e-01,-7.099661201309771970e-03,4.536621744701466241e+01,1.028229097913654910e-01,9.945198125451762960e-01,-1.891538202479943129e-02,4.267738611269361826e+00,9.008514519558561556e-03,1.808434495546884166e-02,9.997958807345039833e-01,8.372221645942182766e-01,0.000000000000000000e+00,0.000000000000000000e+00,0.000000000000000000e+00,1.000000000000000056e-01
9.942911334363929710e-01,-1.061804822527544767e-01,-1.052839771026020492e-02,4.628247904655554379e+01,1.059934167103337155e-01,9.942220263479841780e-01,-1.696932345669196346e-02,4.377858341483266358e+00,1.226937585382690925e-02,1.575650700760729273e-02,9.998005775668850070e-01,8.721065265203484795e-01,0.000000000000000000e+00,0.000000000000000000e+00,0.000000000000000000e+00,1.000000000000000056e-01
9.944562691508915808e-01,-1.039509600934953176e-01,-1.584066419472756823e-02,4.724051424558832224e+01,1.036786835736450557e-01,9.944631734303714943e-01,-1.713847318843709014e-02,4.468307133071342641e+00,1.753451792680829971e-02,1.540112289527420346e-02,9.997276359562333736e-01,8.798928283827696095e-01,0.000000000000000000e+00,0.000000000000000000e+00,0.000000000000000000e+00,1.000000000000000056e-01
9.945461582093960695e-01,-1.031247300975965397e-01,-1.559580819415063921e-02,4.819104006710157506e+01,1.028015747170495375e-01,9.944953029150489510e-01,-2.027137675639767433e-02,4.572620000651054895e+00,1.760043825095704631e-02,1.855754623334680831e-02,9.996728675177553036e-01,9.132246500148907264e-01,0.000000000000000000e+00,0.000000000000000000e+00,0.000000000000000000e+00,1.000000000000000056e-01
9.949271700928875584e-01,-9.970516814795875316e-02,-1.337182319452231115e-02,4.916256344796379096e+01,9.942362099956482402e-02,9.948383815167902711e-01,-2.028640550684285976e-02,4.700799901511664380e+00,1.532546241694469728e-02,1.885402094091456066e-02,9.997047844719292309e-01,9.467291475436439008e-01,0.000000000000000000e+00,0.000000000000000000e+00,0.000000000000000000e+00,1.000000000000000056e-01
9.955131582244535204e-01,-9.385734359991898534e-02,-1.201461003698560404e-02,5.016057193216584409e+01,9.360342886306988186e-02,9.954047758927060396e-01,-2.019233109543942112e-02,4.809374776439612198e+00,1.385459876901189852e-02,1.897712260482023461e-02,9.997239213455839657e-01,9.903485281821804431e-01,0.000000000000000000e+00,0.000000000000000000e+00,0.000000000000000000e+00,1.000000000000000056e-01
9.955825558448408996e-01,-9.317587337110855294e-02,-1.155989268918312940e-02,5.109366460591270709e+01,9.286059298926230277e-02,9.953567851043575443e-01,-2.533338935871574590e-02,4.915136546032755405e+00,1.386667830220537218e-02,2.414802203595293670e-02,9.996122189452338880e-01,1.017335194784169783e+00,0.000000000000000000e+00,0.000000000000000000e+00,0.000000000000000000e+00,1.000000000000000056e-01
9.959620051055579903e-01,-8.900455709464182019e-02,-1.174194202434889617e-02,5.202929169342526450e+01,8.868910793373145640e-02,9.957431181756853933e-01,-2.509750465050290119e-02,5.006859321037610222e+00,1.392575025036201300e-02,2.395477869131183712e-02,9.996160473190768281e-01,1.042021335454088371e+00,0.000000000000000000e+00,0.000000000000000000e+00,0.000000000000000000e+00,1.000000000000000056e-01
9.961549570957077826e-01,-8.704018871363342069e-02,-9.965289877548945408e-03,5.301072243073703305e+01,8.674912068397544473e-02,9.958739084729472113e-01,-2.664110514549132905e-02,5.097576304331085773e+00,1.224301899882387912e-02,2.567418881895086255e-02,9.995953904026785297e-01,1.082036111743677642e+00,0.000000000000000000e+00,0.000000000000000000e+00,0.000000000000000000e+00,1.000000000000000056e-01
9.955341175546476018e-01,-9.396192599863220640e-02,-9.109184777828478047e-03,5.397610431230843631e+01,9.366673627676250224e-02,9.951896366743230304e-01,-2.870765701495561414e-02,5.193769508476842489e+00,1.176279303347977159e-02,2.772622438516416862e-02,9.995463436886731223e-01,1.103228729716846823e+00,0.000000000000000000e+00,0.000000000000000000e+00,0.000000000000000000e+00,1.000000000000000056e-01
9.956679923116126263e-01,-9.287257126189733814e-02,-4.464817282526690675e-03,5.489342007067105556e+01,9.270179351489322983e-02,9.952562450512975056e-01,-2.951921688517163134e-02,5.278666145773701857e+00,7.185162857211158105e-03,2.897744284086337802e-02,9.995542412701372559e-01,1.129962661175430094e+00,0.000000000000000000e+00,0.000000000000000000e+00,0.000000000000000000e+00,1.000000000000000056e-01
9.956698713282383650e-01,-9.295881998735633367e-02,4.063443952899913839e-04,5.581255739883513911e+01,9.293033236386596951e-02,9.952358432074036587e-01,-2.948846761006250483e-02,5.387679356765495697e+00,2.336804645387751539e-03,2.939854047068635179e-02,9.995650379851441780e-01,1.162632870401408391e+00,0.000000000000000000e+00,0.000000000000000000e+00,0.000000000000000000e+00,1.000000000000000056e-01
9.956892689107955663e-01,-9.264381040037440729e-02,4.472602193901941380e-03,5.672331364214926452e+01,9.271991690495885730e-02,9.954525362465673766e-01,-2.184639763013303260e-02,5.487157305758171510e+00,-2.428329677564415937e-03,2.216692298844922387e-02,9.997513344528233814e-01,1.193951627852727349e+00,0.000000000000000000e+00,0.000000000000000000e+00,0.000000000000000000e+00,1.000000000000000056e-01
9.954730093286888737e-01,-9.501448403069079340e-02,2.394895084509987733e-03,5.758223454711926337e+01,9.504360615835061310e-02,9.952646341807387387e-01,-2.037206119901957199e-02,5.583838106985291816e+00,-4.479134967195813524e-04,2.050745653321896581e-02,9.997895996658684448e-01,1.228434760830176220e+00,0.000000000000000000e+00,0.000000000000000000e+00,0.000000000000000000e+00,1.000000000000000056e-01
9.954816265319147428e-01,-9.491168416502347716e-02,-2.846655288638438256e-03,5.849110172657113083e+01,9.484044603739129331e-02,9.953084835582962642e-01,-1.913928818721666314e-02,5.699984081837712324e+00,4.649842234116400262e-03,1.878283167798433517e-02,9.998127745739970873e-01,1.241265911427993807e+00,0.000000000000000000e+00,0.000000000000000000e+00,0.000000000000000000e+00,1.000000000000000056e-01
9.954314434000676171e-01,-9.506195456935194465e-02,-8.914386345253610261e-03,5.946206045413877916e+01,9.489247157629145113e-02,9.953279813030204703e-01,-1.782213436704202514e-02,5.792524923503261647e+00,1.056694509310512203e-02,1.689480478456753532e-02,9.998014329069000450e-01,1.259654528734560852e+00,0.000000000000000000e+00,0.000000000000000000e+00,0.000000000000000000e+00,1.000000000000000056e-01
9.958139041652064316e-01,-9.104920003199247491e-02,-8.044342408376630588e-03,6.037454210103771857e+01,9.092566924499707881e-02,9.957509539254334463e-01,-1.457945228527574889e-02,5.916000475976916029e+00,9.337609094322810166e-03,1.378698408367322846e-02,9.998613544518450968e-01,1.281803647191444462e+00,0.000000000000000000e+00,0.000000000000000000e+00,0.000000000000000000e+00,1.000000000000000056e-01
9.956783116259799726e-01,-9.275438190833221186e-02,-4.617834388669985433e-03,6.131354314733005850e+01,9.268645361017777140e-02,9.956075201305983891e-01,-1.322449154291359744e-02,6.028375212060099742e+00,5.824180183192439499e-03,1.273932871871531758e-02,9.999018894016503678e-01,1.305576071073186961e+00,0.000000000000000000e+00,0.000000000000000000e+00,0.000000000000000000e+00,1.000000000000000056e-01
9.954640097785077968e-01,-9.506157868716075265e-02,-3.834252625969019040e-03,6.220391806167967985e+01,9.499608420245528317e-02,9.953696338728462711e-01,-1.466410413342379357e-02,6.135967914952758839e+00,5.210491521442967185e-03,1.423334891515760231e-02,9.998851246802126225e-01,1.333425759772839170e+00,0.000000000000000000e+00,0.000000000000000000e+00,0.000000000000000000e+00,1.000000000000000056e-01
9.952468944342056645e-01,-9.735201256488054677e-02,-2.490937300784124963e-03,6.303121832147008519e+01,9.731059716966714013e-02,9.951647145898188107e-01,-1.333561074143948394e-02,6.224356067264048775e+00,3.777141452456939889e-03,1.302983057954957766e-02,9.999079741243772634e-01,1.351747603333403935e+00,0.000000000000000000e+00,0.000000000000000000e+00,0.000000000000000000e+00,1.000000000000000056e-01
9.949676072450261977e-01,-1.001711271919627222e-01,-2.281624464934698272e-03,6.385717429578993176e+01,1.001325491628292097e-01,9.948860051693043660e-01,-1.324044245546301436e-02,6.298525356053771951e+00,3.596266294499482399e-03,1.294534647487130714e-02,9.999097383631107006e-01,1.364417166365542000e+00,0.000000000000000000e+00,0.000000000000000000e+00,0.000000000000000000e+00,1.000000000000000056e-01
9.947972244221976457e-01,-1.018568418997628511e-01,-1.914690601227866246e-03,6.466432721927959903e+01,1.018286277712684984e-01,9.947363796783138534e-01,-1.142215000347880476e-02,6.378913078716950125e+00,3.068036523929218266e-03,1.116775280386513199e-02,9.999329319755398959e-01,1.380292242393969415e+00,0.000000000000000000e+00,0.000000000000000000e+00,0.000000000000000000e+00,1.000000000000000056e-01
9.946533581057215301e-01,-1.031951675628062642e-01,-3.931233991467166303e-03,6.546303140510191554e+01,1.031359306136140491e-01,9.945811159404432944e-01,-1.309135711552819777e-02,6.464554659164723383e+00,5.260895881417886402e-03,1.261591084095151603e-02,9.999065765201157197e-01,1.404942189142244446e+00,0.000000000000000000e+00,0.000000000000000000e+00,0.000000000000000000e+00,1.000000000000000056e-01
9.943349860367330928e-01,-1.062530489832242409e-01,-2.867947889756240504e-03,6.621995472486374013e+01,1.062106739008611134e-01,9.942684677322335407e-01,-1.222729826745685457e-02,6.541769887909898884e+00,4.150697875628416196e-03,1.185342377395511883e-02,9.999211309158239080e-01,1.426930158046529895e+00,0.000000000000000000e+00,0.000000000000000000e+00,0.000000000000000000e+00,1.000000000000000056e-01
9.940018553873707363e-01,-1.093630679646373088e-01,1.756468804453011978e-04,6.701031142117975037e+01,1.093568760997179340e-01,9.939257295777562673e-01,-1.235790164371585939e-02,6.630577709379937623e+00,1.176918083567347374e-03,1.230298535669036020e-02,9.999236227908298025e-01,1.450828604422113255e+00,0.000000000000000000e+00,0.000000000000000000e+00,0.000000000000000000e+00,1.000000000000000056e-01
9.919782599927740030e-01,-1.264002726638944751e-01,1.450093859584535667e-03,6.782268443959766557e+01,1.264079596803847627e-01,9.919442749132840742e-01,-8.220899962977821010e-03,6.754188284048795232e+00,-3.992883052387910872e-04,8.338257446984536150e-03,9.999651564087606026e-01,1.467746889799190546e+00,0.000000000000000000e+00,0.000000000000000000e+00,0.000000000000000000e+00,1.000000000000000056e-01
9.915991871365350541e-01,-1.292994094902195357e-01,3.565778406395334402e-03,6.856104192824619759e+01,1.293224097236504166e-01,9.915762592756536264e-01,-7.227474259380490401e-03,6.838344883582005984e+00,-2.601233059775728308e-03,7.627892656707527599e-03,9.999675238927444587e-01,1.492168792066858485e+00,0.000000000000000000e+00,0.000000000000000000e+00,0.000000000000000000e+00,1.000000000000000056e-01
9.917458930676672502e-01,-1.282185015888955004e-01,3.153311173232476545e-04,6.923839361557170946e+01,1.282187858069923359e-01,9.917389678015158250e-01,-3.709812685909617564e-03,6.937991130080824576e+00,1.629404669529506259e-04,3.719622868291543819e-03,9.999930689040409382e-01,1.506874743014255502e+00,0.000000000000000000e+00,0.000000000000000000e+00,0.000000000000000000e+00,1.000000000000000056e-01
9.915123084948429533e-01,-1.299620707467749603e-01,-3.633492870180025577e-03,6.990666780379753220e+01,1.299433120918808693e-01,9.915088432295708909e-01,-4.994941456134740360e-03,7.047306141213615760e+00,4.251793247493272643e-03,4.480397835955321137e-03,9.999809239627585056e-01,1.518973748162821158e+00,0.000000000000000000e+00,0.000000000000000000e+00,0.000000000000000000e+00,1.000000000000000056e-01
9.912038347479873446e-01,-1.320038759950884488e-01,-9.483390910320459166e-03,7.063117306522381966e+01,1.319356756678891074e-01,9.912299666714284863e-01,-7.492039683311834015e-03,7.153255908939743613e+00,1.038919953327525209e-02,6.174940876806938976e-03,9.999269646520317911e-01,1.535600129494186117e+00,0.000000000000000000e+00,0.000000000000000000e+00,0.000000000000000000e+00,1.000000000000000056e-01
9.905891920983438403e-01,-1.363629709171925442e-01,-1.175553744358122724e-02,7.135123058838499333e+01,1.362859831597698357e-01,9.906439329724906484e-01,-7.122419460440406781e-03,7.258792286360729484e+00,1.261678612505876679e-02,5.453276761033230315e-03,9.999055347783819547e-01,1.550689073756446934e+00,0.000000000000000000e+00,0.000000000000000000e+00,0.000000000000000000e+00,1.000000000000000056e-01
9.905547743131385419e-01,-1.368292345243024843e-01,-8.888175568730049061e-03,7.202377832943996339e+01,1.367782767811011879e-01,9.905828374187083396e-01,-6.111072924892010580e-03,7.348095918704657059e+00,9.640647604783418242e-03,4.837643123908757364e-03,9.999418258692682748e-01,1.582730338139704651e+00,0.000000000000000000e+00,0.000000000000000000e+00,0.000000000000000000e+00,1.000000000000000056e-01
9.897943271913203223e-01,-1.423725493639278750e-01,-6.103035924640880065e-03,7.259326792281018470e+01,1.423246512143195586e-01,9.897902838485421739e-01,-7.673829275184505458e-03,7.442829351032522744e+00,7.133268297479706567e-03,6.726900225089330054e-03,9.999519314930882530e-01,1.596031457877807425e+00,0.000000000000000000e+00,0.000000000000000000e+00,0.000000000000000000e+00,1.000000000000000056e-01
9.902788936072330905e-01,-1.387490775741486992e-01,-9.818673452007476571e-03,7.312370658242222987e+01,1.386504291724308391e-01,9.902898398832892246e-01,-1.010403455210741319e-02,7.503560989336547138e+00,1.112525803453701806e-02,8.644448869205394181e-03,9.999007461430422516e-01,1.614590397541213918e+00,0.000000000000000000e+00,0.000000000000000000e+00,0.000000000000000000e+00,1.000000000000000056e-01
9.900256877115179988e-01,-1.404536723151632860e-01,-1.104099653657450442e-02,7.374770026908895204e+01,1.402434654047680918e-01,9.899544577786091315e-01,-1.794274046854691176e-02,7.583477975307326702e+00,1.345020752990542384e-02,1.621534635599118992e-02,9.997780525996545764e-01,1.641673482754759439e+00,0.000000000000000000e+00,0.000000000000000000e+00,0.000000000000000000e+00,1.000000000000000056e-01
9.901808288807243397e-01,-1.386868992991133476e-01,-1.754622694140326247e-02,7.433440128994165264e+01,1.382852354114341431e-01,9.901403034592719532e-01,-2.234665820173505763e-02,7.658952691901197873e+00,2.047241520402201184e-02,1.970084841773386136e-02,9.995962969055736114e-01,1.663109178155868006e+00,0.000000000000000000e+00,0.000000000000000000e+00,0.000000000000000000e+00,1.000000000000000056e-01
9.908415502938530128e-01,-1.339107553798480899e-01,-1.734738611066127811e-02,7.491035180421437190e+01,1.335841094699409815e-01,9.908592600507314385e-01,-1.879394766513554221e-02,7.720647745269547890e+00,1.970552989383179965e-02,1.630448911544053053e-02,9.996728743575509224e-01,1.692182279513783527e+00,0.000000000000000000e+00,0.000000000000000000e+00,0.000000000000000000e+00,1.000000000000000056e-01
9.910709820540704040e-01,-1.325271882054088191e-01,-1.465786194329042266e-02,7.548275551720257681e+01,1.322379993962988221e-01,9.910320092684170579e-01,-1.920073230552857280e-02,7.816727571225457361e+00,1.707102943717462781e-02,1.709096228338964629e-02,9.997081969065687579e-01,1.698504864990659335e+00,0.000000000000000000e+00,0.000000000000000000e+00,0.000000000000000000e+00,1.000000000000000056e-01
9.915725453215917806e-01,-1.288604104896623193e-01,-1.337467655293069282e-02,7.606508626449021904e+01,1.285513301448764911e-01,9.914621061680717329e-01,-2.185057323628444154e-02,7.869973457783393300e+00,1.607615882114743142e-02,1.994709605950168579e-02,9.996717813744420145e-01,1.717491497231657949e+00,0.000000000000000000e+00,0.000000000000000000e+00,0.000000000000000000e+00,1.000000000000000056e-01
9.920289079498942897e-01,-1.256688193557381206e-01,-9.273275229122437263e-03,7.665780705934305672e+01,1.253865221443069833e-01,9.917545023358704803e-01,-2.648069412015240098e-02,7.929227244249092976e+00,1.252461002568186488e-02,2.510687033990335881e-02,9.996063121076416147e-01,1.743633208969255000e+00,0.000000000000000000e+00,0.000000000000000000e+00,0.000000000000000000e+00,1.000000000000000056e-01
9.930076288867616396e-01,-1.178896489002809467e-01,-6.154644982447316989e-03,7.722924997322334661e+01,1.176788702459769520e-01,9.926698278818992804e-01,-2.753718051200818723e-02,7.971102162512729628e+00,9.355878917664477157e-03,2.662035865815651908e-02,9.996018327487145028e-01,1.781145885434320952e+00,0.000000000000000000e+00,0.000000000000000000e+00,0.000000000000000000e+00,1.000000000000000056e-01
9.941564681783313651e-01,-1.078621300111202719e-01,-4.321769157481065125e-03,7.773051384443375866e+01,1.077254582247841597e-01,9.938786299379053224e-01,-2.450499138976677815e-02,8.052507326408820276e+00,6.938474576349583541e-03,2.389623112995957477e-02,9.996903659175359058e-01,1.804975279791019016e+00,0.000000000000000000e+00,0.000000000000000000e+00,0.000000000000000000e+00,1.000000000000000056e-01
9.956630487456165080e-01,-9.287920914531971883e-02,-5.342833623092376263e-03,7.823170709215783347e+01,9.273648276173845906e-02,9.954338606470807260e-01,-2.261357650240506181e-02,8.097044858382009380e+00,7.418768601720440031e-03,2.202002692524011526e-02,9.997300036943204127e-01,1.818835398101485756e+00,0.000000000000000000e+00,0.000000000000000000e+00,0.000000000000000000e+00,1.000000000000000056e-01
9.973034218013102636e-01,-7.327616922754007223e-02,-4.060527888679537484e-03,7.869798400007782391e+01,7.321742629022451321e-02,9.972299396367382274e-01,-1.310175482685253974e-02,8.146803936507135191e+00,5.009326385191373299e-03,1.276912351903307548e-02,9.999059236416805163e-01,1.832786114741237204e+00,0.000000000000000000e+00,0.000000000000000000e+00,0.000000000000000000e+00,1.000000000000000056e-01
9.987825439085624701e-01,-4.927756228708812802e-02,-2.269766195565178085e-03,7.917480046219377243e+01,4.923603370145170077e-02,9.986638216803378487e-01,-1.569663187349001551e-02,8.158378294071859216e+00,3.040225138027359206e-03,1.556576762850131988e-02,9.998742240448273977e-01,1.854438345750561767e+00,0.000000000000000000e+00,0.000000000000000000e+00,0.000000000000000000e+00,1.000000000000000056e-01
9.996487888129516053e-01,-2.641561553498670764e-02,-2.124683672138603496e-03,7.973136501410411370e+01,2.637870957364968003e-02,9.995264663245860826e-01,-1.584319405660470845e-02,8.229148578101115774e+00,2.542185285915700161e-03,1.578158333609023037e-02,9.998722312982685212e-01,1.876698375665362795e+00,0.000000000000000000e+00,0.000000000000000000e+00,0.000000000000000000e+00,1.000000000000000056e-01
9.999958112452623782e-01,2.807390123675912712e-03,-7.043100333374833653e-04,8.022439620263597249e+01,-2.817342544259007677e-03,9.998901469679165599e-01,-1.455185821352861578e-02,8.271982248022585082e+00,6.633799197150019302e-04,1.455378154198485458e-02,9.998938680529600997e-01,1.887387680215613983e+00,0.000000000000000000e+00,0.000000000000000000e+00,0.000000000000000000e+00,1.000000000000000056e-01
9.993922691279402137e-01,3.479554071227899253e-02,-2.088720624388416044e-03,8.069107658741819478e+01,-3.482541723418438456e-02,9.992561612946310179e-01,-1.656244031486282103e-02,8.241670505627988419e+00,1.510867886872793459e-03,1.662511537579680621e-02,9.998606516995105498e-01,1.889065935220219039e+00,0.000000000000000000e+00,0.000000000000000000e+00,0.000000000000000000e+00,1.000000000000000056e-01
