1.000000000000000000e+00,-1.578505308442674881e-13,6.825105425334363802e-14,1.169793950838266358e-20,1.578505308442685483e-13,1.000000000000000000e+00,-1.565182374143200156e-14,3.544051687468587190e-20,-6.825105425334116415e-14,1.565182374144277424e-14,1.000000000000000000e+00,-2.083621245335414871e-20,0.000000000000000000e+00,0.000000000000000000e+00,0.000000000000000000e+00,1.000000000000000056e-01
9.999966549339343036e-01,-2.141151233188056963e-03,-1.451065931854778751e-03,6.253726538003272495e-01,2.138381505601418767e-03,9.999958941376716481e-01,-1.907624788849191606e-03,-3.159561840547549065e-03,1.455144487146937601e-03,1.904515475166157793e-03,9.999971276835381007e-01,1.251645512204802892e-02,0.000000000000000000e+00,0.000000000000000000e+00,0.000000000000000000e+00,1.000000000000000056e-01
9.999870160455829327e-01,-4.286959936031704312e-03,-2.754943694156754361e-03,1.256102161143546336e+00,4.287000424376091572e-03,9.999908107328139284e-01,8.791521442203429449e-06,-8.434466877620040715e-03,2.754880689342866559e-03,-2.060185207947201120e-05,9.999962050967748928e-01,1.951480194640235061e-02,0.000000000000000000e+00,0.000000000000000000e+00,0.000000000000000000e+00,1.000000000000000056e-01
9.999636826958305802e-01,-8.375159508802104691e-03,-1.577971037225780028e-03,1.986087805843676390e+00,8.375990557131254149e-03,9.999647851621568106e-01,5.207857413056061558e-04,-6.773247468732758805e-03,1.573553805578238552e-03,-5.339838982786618759e-04,9.999986193938555923e-01,2.649740662379627965e-02,0.000000000000000000e+00,0.000000000000000000e+00,0.000000000000000000e+00,1.000000000000000056e-01
9.999079102675735298e-01,-1.332879847019798232e-02,-2.552276567096140904e-03,2.702565048948778692e+00,1.332484457077479610e-02,9.999100034798754644e-01,-1.559954499407268692e-03,-9.024110160907813233e-03,2.572839190231985054e-03,1.525802155056633913e-03,9.999955262031350323e-01,2.484976977706037510e-02,0.000000000000000000e+00,0.000000000000000000e+00,0.000000000000000000e+00,1.000000000000000056e-01
9.997970598955139288e-01,-1.995084569754947829e-02,-2.793345706993034892e-03,3.449169372500073383e+00,1.995078173254077186e-02,9.998009620575497580e-01,-5.076473705061143143e-05,-4.967113446939370493e-03,2.793802524646735955e-03,-4.974995654177651950e-06,9.999960973137358433e-01,3.524878462530944834e-02,0.000000000000000000e+00,0.000000000000000000e+00,0.000000000000000000e+00,1.000000000000000056e-01
9.997039841416289763e-01,-2.419685763375766657e-02,-2.540899841637086955e-03,4.197349306167232008e+00,2.419846837677833845e-02,9.997069910616739330e-01,6.051038194259564067e-04,1.548786478872937744e-02,2.525513724299802924e-03,-6.664105835658615251e-04,9.999965888328632424e-01,5.165024716777536634e-02,0.000000000000000000e+00,0.000000000000000000e+00,0.000000000000000000e+00,1.000000000000000056e-01
9.995418009183026919e-01,-3.005925749528456578e-02,-3.553766428495601284e-03,4.965402355306235194e+00,3.006868750204990184e-02,9.995443733206041959e-01,2.630550327329882546e-03,3.827998863966028398e-02,3.473074848054924068e-03,-2.736202103779251764e-03,9.999902254268023816e-01,6.653671600131731700e-02,0.000000000000000000e+00,0.000000000000000000e+00,0.000000000000000000e+00,1.000000000000000056e-01
9.994200951440932457e-01,-3.387893460484192598e-02,-3.419241467421660786e-03,5.750957273132405234e+00,3.388450144342809722e-02,9.994245009557873871e-01,1.583493355107884124e-03,8.700546977164069773e-02,3.363626629400325464e-03,-1.698434372060239356e-03,9.999929006430904321e-01,6.355357753704636570e-02,0.000000000000000000e+00,0.000000000000000000e+00,0.000000000000000000e+00,1.000000000000000056e-01
9.993533276296797663e-01,-3.590905118133191909e-02,-1.861880431830956412e-03,6.539539780566006044e+00,3.591166444885202091e-02,9.993540019572223487e-01,1.389650530574649189e-03,1.235783081560853786e-01,1.810776628689537331e-03,-1.455615107283922795e-03,9.999973011326882544e-01,6.699926767777575343e-02,0.000000000000000000e+00,0.000000000000000000e+00,0.000000000000000000e+00,1.000000000000000056e-01
9.993125325194086583e-01,-3.699908403560973891e-02,2.351622880405974513e-03,7.326187471213877700e+00,3.699940905966295213e-02,9.993152829482074839e-01,-9.484397577048079989e-05,1.664276556724476330e-01,-2.346503543890571686e-03,1.817874305276120819e-04,9.999972304333890616e-01,8.163278784240368680e-02,0.000000000000000000e+00,0.000000000000000000e+00,0.000000000000000000e+00,1.000000000000000056e-01
9.990736302677933889e-01,-4.292354837834939235e-02,3.074133722544258093e-03,8.128390064071895793e+00,4.292116221702172579e-02,9.990781108148499845e-01,8.380480717203151082e-04,2.084130865050855264e-01,-3.107271708861608726e-03,-7.053263371704003668e-04,9.999949236757581517e-01,7.317199214093009219e-02,0.000000000000000000e+00,0.000000000000000000e+00,0.000000000000000000e+00,1.000000000000000056e-01
9.989547029780209142e-01,-4.557682800860541478e-02,3.500592345290222483e-03,8.962528416112741425e+00,4.556072061190259009e-02,9.989512046828136205e-01,4.550977925626683261e-03,2.615075308307580615e-01,-3.704340078618350521e-03,-4.386731292134001502e-03,9.999835170907330761e-01,7.871992528959724511e-02,0.000000000000000000e+00,0.000000000000000000e+00,0.000000000000000000e+00,1.000000000000000056e-01
9.989602010578985114e-01,-4.553112573135579405e-02,2.330942298416833688e-03,9.743210138427818023e+00,4.552697468098886729e-02,9.989614808317458516e-01,1.803993027178074074e-03,3.073102170215215589e-01,-2.410659403498767277e-03,-1.695996486133986543e-03,9.999956561491452067e-01,9.732690813678746000e-02,0.000000000000000000e+00,0.000000000000000000e+00,0.000000000000000000e+00,1.000000000000000056e-01
9.988963696986740137e-01,-4.685452044477331213e-02,3.270552965538065654e-03,1.052503515328745287e+01,4.685308593374519492e-02,9.989016589436285898e-01,5.139048081008772617e-04,3.587407956154450850e-01,-3.291039546276807587e-03,-3.601021480374398936e-04,9.999945196775569256e-01,9.738412864485122833e-02,0.000000000000000000e+00,0.000000000000000000e+00,0.000000000000000000e+00,1.000000000000000056e-01
9.987211205000651182e-01,-5.050094211987292414e-02,2.403811993394146512e-03,1.128528103492259227e+01,5.050596810830448868e-02,9.987215970719818259e-01,-2.078154814497492481e-03,4.059643357029737443e-01,-2.295790177100312957e-03,2.196903956784265581e-03,9.999949514674898454e-01,1.080472800608093809e-01,0.000000000000000000e+00,0.000000000000000000e+00,0.000000000000000000e+00,1.000000000000000056e-01
9.984741395423508692e-01,-5.520674827439826793e-02,1.267915663298922616e-03,1.211387887407320285e+01,5.520463471536665723e-02,9.984737055080969981e-01,1.645513559030004503e-03,4.688454713778585359e-01,-1.356823903441310751e-03,-1.573007913915446324e-03,9.999978423351711943e-01,1.192648886110974915e-01,0.000000000000000000e+00,0.000000000000000000e+00,0.000000000000000000e+00,1.000000000000000056e-01
9.983696603171328121e-01,-5.705250821933174898e-02,-1.741454603488455308e-03,1.295744240646536305e+01,5.705648993987422202e-02,9.983682340171636804e-01,2.329433663127130575e-03,5.344388957893767556e-01,1.605712923893880695e-03,-2.424997182052213932e-03,9.999957705283922804e-01,1.218381685708061490e-01,0.000000000000000000e+00,0.000000000000000000e+00,0.000000000000000000e+00,1.000000000000000056e-01
9.983440397080277640e-01,-5.745971655272957140e-02,-2.749427783330596169e-03,1.384465888343391704e+01,5.747109097060582733e-02,9.983381070192710594e-01,4.254148072987720165e-03,5.860777517137218950e-01,2.500416386149242887e-03,-4.405115986955586947e-03,9.999871713532315631e-01,1.322136572798489063e-01,0.000000000000000000e+00,0.000000000000000000e+00,0.000000000000000000e+00,1.000000000000000056e-01
9.977892753059739439e-01,-6.632208422820516647e-02,-4.235944759568668547e-03,1.477050990570463362e+01,6.635483929529160940e-02,9.977629907567644452e-01,8.127089159883903527e-03,6.801182442407713857e-01,3.687463420195725636e-03,-8.390197836972508941e-03,9.999580027150045680e-01,1.474681520921955480e-01,0.000000000000000000e+00,0.000000000000000000e+00,0.000000000000000000e+00,1.000000000000000056e-01
9.974657579031044330e-01,-7.107193991577089032e-02,-3.292592807283875600e-03,1.572568684970262254e+01,7.108774962776555351e-02,9.974577188580933118e-01,4.962957109314425179e-03,7.490458383756148919e-01,2.931495121204197828e-03,-5.184442787593290976e-03,9.999822637873816422e-01,1.383766027901169315e-01,0.000000000000000000e+00,0.000000000000000000e+00,0.000000000000000000e+00,1.000000000000000056e-01
9.970448690387018198e-01,-7.680248270992252879e-02,-1.705219396413121518e-03,1.665074255988797702e+01,7.680558762962096109e-02,9.970443962379562652e-01,1.836746949847981730e-03,8.457557838966588415e-01,1.559112717691770681e-03,-1.962289499847353486e-03,9.999968592887941155e-01,1.485869307465005063e-01,0.000000000000000000e+00,0.000000000000000000e+00,0.000000000000000000e+00,1.000000000000000056e-01
9.968947691238670972e-01,-7.874363264139769281e-02,5.095212539550691890e-04,1.754607072278395208e+01,7.874100469107314648e-02,9.968871964714303147e-01,3.971358907501720825e-03,9.441031811271227703e-01,-8.206544412973347004e-04,-3.918906705754064343e-03,9.999919843161342303e-01,1.770151716225425720e-01,0.000000000000000000e+00,0.000000000000000000e+00,0.000000000000000000e+00,1.000000000000000056e-01
9.967842025461638444e-01,-8.012314892909024044e-02,1.238773625402977757e-03,1.848064405996483472e+01,8.011459600798158387e-02,9.967684247710799639e-01,5.861645320020049052e-03,1.022435078018425259e+00,-1.704423916186357081e-03,-5.743551607380135288e-03,9.999820531159783199e-01,1.932669617434422948e-01,0.000000000000000000e+00,0.000000000000000000e+00,0.000000000000000000e+00,1.000000000000000056e-01
9.964796784050471423e-01,-8.382495169355681786e-02,1.275930776593701662e-03,1.941941895532046303e+01,8.381892056982905015e-02,9.964720995324662933e-01,4.212292471718150078e-03,1.107874196997673089e+00,-1.624524632771322990e-03,-4.090516707149795955e-03,9.999903142494861452e-01,2.111656694816541890e-01,0.000000000000000000e+00,0.000000000000000000e+00,0.000000000000000000e+00,1.000000000000000056e-01
9.963779964758978647e-01,-8.502868331038565541e-02,1.005561125832978237e-03,2.035591164216704385e+01,8.502262090820800200e-02,9.963663597544903938e-01,5.023055194261863768e-03,1.182700665745076929e+00,-1.429011047820311292e-03,-4.919366228244759567e-03,9.999868787955857874e-01,2.191148615511721576e-01,0.000000000000000000e+00,0.000000000000000000e+00,0.000000000000000000e+00,1.000000000000000056e-01
9.966169662657854422e-01,-8.208244565581314378e-02,4.134569668393440686e-03,2.128379864214113226e+01,8.205696838238600577e-02,9.966096089556549797e-01,5.995104431838825347e-03,1.275313356754995908e+00,-4.612644694144834440e-03,-5.635552538751643394e-03,9.999734816766435719e-01,2.326501143428171270e-01,0.000000000000000000e+00,0.000000000000000000e+00,0.000000000000000000e+00,1.000000000000000056e-01
9.967597294131942398e-01,-8.004974661100827671e-02,7.879079111743269789e-03,2.222843488243259102e+01,8.000327956231140236e-02,9.967762620247616612e-01,6.046381001746616718e-03,1.363203149078754395e+00,-8.337690292304267628e-03,-5.396436922359670527e-03,9.999506794783094010e-01,2.239872985425496732e-01,0.000000000000000000e+00,0.000000000000000000e+00,0.000000000000000000e+00,1.000000000000000056e-01
9.967958875102582716e-01,-7.910993193856587224e-02,1.181428420650247439e-02,2.318951694557695120e+01,7.904222031537876114e-02,9.968526481755323188e-01,6.093047927233916257e-03,1.450537867286283866e+00,-1.225912110437225346e-02,-5.139697861150802939e-03,9.999116448245036759e-01,2.336718072425922610e-01,0.000000000000000000e+00,0.000000000000000000e+00,0.000000000000000000e+00,1.000000000000000056e-01
9.968919412903548549e-01,-7.723253741220459379e-02,1.554324789804331815e-02,2.412016265942066795e+01,7.715747936786360173e-02,9.970044406103151235e-01,5.372967607415844379e-03,1.527230063111019387e+00,-1.591165509761044081e-02,-4.156990279644107514e-03,9.998647601870312984e-01,2.398418575075225989e-01,0.000000000000000000e+00,0.000000000000000000e+00,0.000000000000000000e+00,1.000000000000000056e-01
9.971160673767387461e-01,-7.495330285960186134e-02,1.189750266164667919e-02,2.507936684542459460e+01,7.491061086470535146e-02,9.971822506554336440e-01,3.994916474794946680e-03,1.591755098453304429e+00,-1.216341066575396535e-02,-3.092146212697670718e-03,9.999212419349713388e-01,2.425790631029798305e-01,0.000000000000000000e+00,0.000000000000000000e+00,0.000000000000000000e+00,1.000000000000000056e-01
9.971837351856011056e-01,-7.446168799907987301e-02,8.947362830506420950e-03,2.604290349761313550e+01,7.442680511726360026e-02,9.972177569750925175e-01,4.170833681924499166e-03,1.665245937393705633e+00,-9.233036408999441974e-03,-3.493163880079835915e-03,9.999512732352396904e-01,2.358967623731236252e-01,0.000000000000000000e+00,0.000000000000000000e+00,0.000000000000000000e+00,1.000000000000000056e-01
9.973400856108359802e-01,-7.246390296680027543e-02,7.857251465277549987e-03,2.698520566928294784e+01,7.243278951058065851e-02,9.973645574134395453e-01,4.174999306559944515e-03,1.741549039660196696e+00,-8.139080874789662509e-03,-3.594771524313524966e-03,9.999604157066426247e-01,2.494909378442908554e-01,0.000000000000000000e+00,0.000000000000000000e+00,0.000000000000000000e+00,1.000000000000000056e-01
9.973784782750075850e-01,-7.185064220220971354e-02,8.582324216678498610e-03,2.794056606572697632e+01,7.184574630930495864e-02,9.974153689319354976e-01,8.778129812483828447e-04,1.810504147724190549e+00,-8.623213501308001419e-03,-2.589082870318723593e-04,9.999627858852596640e-01,2.592909494091149014e-01,0.000000000000000000e+00,0.000000000000000000e+00,0.000000000000000000e+00,1.000000000000000056e-01
9.975019636198112494e-01,-6.921510416959561485e-02,1.411034830940317841e-02,2.894415533254903750e+01,6.928071425867282640e-02,9.975883014954838313e-01,-4.214659080363855267e-03,1.897366298386951255e+00,-1.378460033620047126e-02,5.181705717965123109e-03,9.998915614802554863e-01,2.643972044760772300e-01,0.000000000000000000e+00,0.000000000000000000e+00,0.000000000000000000e+00,1.000000000000000056e-01
9.974043699684826958e-01,-6.982845788894315175e-02,1.756443100775509705e-02,2.992379254668708199e+01,6.998916904018018248e-02,9.975097505510821527e-01,-8.707110461170267449e-03,1.931597346107949642e+00,-1.691268709694527736e-02,9.913829954665867930e-03,9.998078200288247341e-01,2.602803224824439265e-01,0.000000000000000000e+00,0.000000000000000000e+00,0.000000000000000000e+00,1.000000000000000056e-01
9.972297195299576478e-01,-7.159506507082458171e-02,2.017506242137338812e-02,3.083923617162160724e+01,7.189420090691051035e-02,9.973066735533996363e-01,-1.451284816325305524e-02,1.986533252473640543e+00,-1.908167608358098816e-02,1.592311349445338364e-02,9.996911243451569451e-01,2.686080644385764327e-01,0.000000000000000000e+00,0.000000000000000000e+00,0.000000000000000000e+00,1.000000000000000056e-01
9.974458015523571808e-01,-7.010557455362360912e-02,1.367776963111944945e-02,3.175430048622715518e+01,7.029225423194600253e-02,9.974326173054023359e-01,-1.368111582753130454e-02,2.052159424389092823e+00,-1.268353107644406251e-02,1.460761280295923975e-02,9.998128553322525036e-01,2.541592249427334083e-01,0.000000000000000000e+00,0.000000000000000000e+00,0.000000000000000000e+00,1.000000000000000056e-01
9.974863398791823377e-01,-6.988308419319436138e-02,1.171991032726587938e-02,3.274052620177914719e+01,7.005400313816406710e-02,9.974323826443378671e-01,-1.486871537010824029e-02,2.101366165436693301e+00,-1.065074639404887079e-02,1.565236710807989609e-02,9.998207664402473105e-01,2.584491340845604945e-01,0.000000000000000000e+00,0.000000000000000000e+00,0.000000000000000000e+00,1.000000000000000056e-01
9.973007234478860061e-01,-7.277493744233459738e-02,9.750666161213283889e-03,3.368969802879959019e+01,7.286952383359066032e-02,9.972940779246614040e-01,-9.723920642684645566e-03,2.182854805406789112e+00,-9.016623901932797197e-03,1.040819949192714824e-02,9.999051804429994750e-01,2.473772682608888773e-01,0.000000000000000000e+00,0.000000000000000000e+00,0.000000000000000000e+00,1.000000000000000056e-01
9.969805879093426304e-01,-7.682373660582754449e-02,1.130578727289142417e-02,3.464338063788145661e+01,7.695656698603840773e-02,9.969643339822594763e-01,-1.182385575999928169e-02,2.261783098759034605e+00,-1.036311389809182158e-02,1.265820924255551920e-02,9.998661788505034398e-01,2.598792539845601879e-01,0.000000000000000000e+00,0.000000000000000000e+00,0.000000000000000000e+00,1.000000000000000056e-01
9.969439013853413911e-01,-7.722911277620898851e-02,1.176952124660823190e-02,3.562120727946194876e+01,7.736581235546254043e-02,9.969348384535394736e-01,-1.163868361089643276e-02,2.338125336780243035e+00,-1.083460055351034151e-02,1.251367321831544331e-02,9.998630003222597207e-01,2.521176740471181565e-01,0.000000000000000000e+00,0.000000000000000000e+00,0.000000000000000000e+00,1.000000000000000056e-01
9.969757383544604057e-01,-7.673514874024763011e-02,1.229203320816429044e-02,3.659869628579233591e+01,7.686817625985110924e-02,9.969833997611473597e-01,-1.074169815200044266e-02,2.411920410387998981e+00,-1.143068725243596116e-02,1.165407862150850092e-02,9.998667520427012567e-01,2.541717194499518717e-01,0.000000000000000000e+00,0.000000000000000000e+00,0.000000000000000000e+00,1.000000000000000056e-01
9.969042341852935030e-01,-7.760079289544261072e-02,1.265167204096386000e-02,3.759642923393586500e+01,7.771437424467855792e-02,9.969372928028328307e-01,-8.747014045764001100e-03,2.495760914493514893e+00,-1.193414844852894174e-02,9.703152114512770404e-03,9.998817054731280463e-01,2.567039650178526977e-01,0.000000000000000000e+00,0.000000000000000000e+00,0.000000000000000000e+00,1.000000000000000056e-01
9.967889325860602723e-01,-7.857982439453434220e-02,1.539594336397598004e-02,3.858811704327794700e+01,7.874450985288058980e-02,9.968405941611129251e-01,-1.039865378541252397e-02,2.576667466515088378e+00,-1.453017694221938466e-02,1.157760902101234377e-02,9.998274015685829630e-01,2.734061777742966548e-01,0.000000000000000000e+00,0.000000000000000000e+00,0.000000000000000000e+00,1.000000000000000056e-01
9.966542062185309581e-01,-8.031068119018454354e-02,1.518511487208438343e-02,3.960841899006791778e+01,8.042580006692205685e-02,9.967351130340171839e-01,-7.127771647612085246e-03,2.632550706923165063e+00,-1.456310099207375197e-02,8.325198606253277414e-03,9.998592936796962816e-01,2.657979868013059521e-01,0.000000000000000000e+00,0.000000000000000000e+00,0.000000000000000000e+00,1.000000000000000056e-01
9.963246328038262156e-01,-8.395540989850927560e-02,1.699162196772942279e-02,4.062480461708919677e+01,8.415809192222434287e-02,9.963850566887091365e-01,-1.158595578484064754e-02,2.724798230186971981e+00,-1.595749455056689331e-02,1.297335562648058334e-02,9.997885028402044849e-01,2.769660022659835574e-01,0.000000000000000000e+00,0.000000000000000000e+00,0.000000000000000000e+00,1.000000000000000056e-01
9.964300357559322530e-01,-8.296248774517214764e-02,1.563360069094200250e-02,4.164707418334924682e+01,8.316437639091014966e-02,9.964544264553163444e-01,-1.273822974819018537e-02,2.818117092681852398e+00,-1.452137538054463356e-02,1.399291337566311959e-02,9.997966433391934915e-01,2.894970740857263913e-01,0.000000000000000000e+00,0.000000000000000000e+00,0.000000000000000000e+00,1.000000000000000056e-01
9.962909755891845576e-01,-8.471255915592712515e-02,1.510212835345969666e-02,4.270445279353310042e+01,8.491054347433141247e-02,9.963039191488601842e-01,-1.298846778935863408e-02,2.908055748538284302e+00,-1.394602332009012118e-02,1.422262317138018456e-02,9.998015930291771491e-01,2.983422260277339699e-01,0.000000000000000000e+00,0.000000000000000000e+00,0.000000000000000000e+00,1.000000000000000056e-01
9.964116036326030601e-01,-8.385118212995416875e-02,1.152802679184976135e-02,4.377774627323815793e+01,8.400538639610417857e-02,9.963722912851569191e-01,-1.361441205516117359e-02,2.988298373245916295e+00,-1.034462192376245891e-02,1.453397449343216824e-02,9.998408635291311519e-01,3.049575022736081276e-01,0.000000000000000000e+00,0.000000000000000000e+00,0.000000000000000000e+00,1.000000000000000056e-01
9.964439446452368898e-01,-8.333242112628663767e-02,1.245683623843584810e-02,4.481117556183355077e+01,8.351061639492685096e-02,9.964007613266100405e-01,-1.454303190849058972e-02,3.065005788245041440e+00,-1.120009505224702114e-02,1.553159415460035261e-02,9.998166469177423021e-01,3.126214468100936283e-01,0.000000000000000000e+00,0.000000000000000000e+00,0.000000000000000000e+00,1.000000000000000056e-01
9.964143226275447018e-01,-8.334159930533374672e-02,1.458339768094159966e-02,4.581821087874951104e+01,8.354876065730160173e-02,9.964021720081575051e-01,-1.422379028441475048e-02,3.162909598253199839e+00,-1.334549569406214345e-02,1.539121316385661138e-02,9.997924826192805536e-01,3.251454041545514539e-01,0.000000000000000000e+00,0.000000000000000000e+00,0.000000000000000000e+00,1.000000000000000056e-01
9.959985783960003669e-01,-8.850687523326701556e-02,1.238405707307563448e-02,4.676450076513093279e+01,8.865299186736320947e-02,9.959927550051146383e-01,-1.179317642906356142e-02,3.240546804971491834e+00,-1.129065392754214324e-02,1.284387066910486208e-02,9.998537673680705229e-01,3.385630526563959131e-01,0.000000000000000000e+00,0.000000000000000000e+00,0.000000000000000000e+00,1.000000000000000056e-01
9.962156952161338452e-01,-8.664342596910259986e-02,6.870614337291773219e-03,4.772095455367092853e+01,8.672328570331663822e-02,9.961561263789425746e-01,-1.233059587047892480e-02,3.343839109689079159e+00,-5.775839493621436754e-03,1.287977538766860858e-02,9.999003705690417965e-01,3.323971602148678151e-01,0.000000000000000000e+00,0.000000000000000000e+00,0.000000000000000000e+00,1.000000000000000056e-01
9.962789041781031640e-01,-8.604616331826731024e-02,4.939925898626364685e-03,4.866923019767485670e+01,8.610320746053931606e-02,9.962038378939109817e-01,-1.281214386625249661e-02,3.429383954988733496e+00,-3.818737315550412188e-03,1.318981211573136240e-02,9.999057186063426972e-01,3.398795158727224708e-01,0.000000000000000000e+00,0.000000000000000000e+00,0.000000000000000000e+00,1.000000000000000056e-01
9.963518500389467736e-01,-8.514926432417570246e-02,5.709090034295491792e-03,4.963555288642930208e+01,8.522259257185459125e-02,9.962615367874610994e-01,-1.414425795925788355e-02,3.534153747278001578e+00,-4.483373651583029418e-03,1.457920103908349162e-02,9.998836663621234466e-01,3.466567151154756887e-01,0.000000000000000000e+00,0.000000000000000000e+00,0.000000000000000000e+00,1.000000000000000056e-01
9.967576467712314647e-01,-7.994183557645032079e-02,9.137643445921427368e-03,5.064449039255355700e+01,8.008449059491987154e-02,9.966517040843070330e-01,-1.648802935462534772e-02,3.613361726722071676e+00,-7.788964580045245126e-03,1.716635286001597441e-02,9.998223083929744792e-01,3.623381735608532384e-01,0.000000000000000000e+00,0.000000000000000000e+00,0.000000000000000000e+00,1.000000000000000056e-01
9.968112306030948444e-01,-7.931986276383011514e-02,8.702293644260087821e-03,5.158883256743086321e+01,7.944980723863952210e-02,9.967141237576941926e-01,-1.576970613787109093e-02,3.698270948395217861e+00,-7.422848057638981381e-03,1.641081573411096173e-02,9.998377800691741202e-01,3.662773999723155094e-01,0.000000000000000000e+00,0.000000000000000000e+00,0.000000000000000000e+00,1.000000000000000056e-01
9.968824116248405920e-01,-7.773660838460103029e-02,1.350840885896833696e-02,5.253752689979927482e+01,7.797407223245617081e-02,9.967920843107677120e-01,-1.804396616276772447e-02,3.780454620611354954e+00,-1.206239829095302057e-02,1.904101815173165485e-02,9.997459368135566127e-01,3.928155441849359164e-01,0.000000000000000000e+00,0.000000000000000000e+00,0.000000000000000000e+00,1.000000000000000056e-01
9.970594226444582375e-01,-7.532601834737191748e-02,1.408895581052876586e-02,5.353561348367050243e+01,7.556750133878752107e-02,9.969875755895540870e-01,-1.747360470754289602e-02,3.876460208740823088e+00,-1.273029682733233664e-02,1.848688940829446015e-02,9.997480554933295682e-01,4.202151373667103451e-01,0.000000000000000000e+00,0.000000000000000000e+00,0.000000000000000000e+00,1.000000000000000056e-01
9.970662355760018247e-01,-7.495309685428519497e-02,1.552272998711483158e-02,5.450320113955410051e+01,7.525633077759208422e-02,9.969642329137051728e-01,-1.997005179464995256e-02,3.939377982822504176e+00,-1.397878936798101733e-02,2.107964806963096710e-02,9.996800697648553502e-01,4.149461860381521983e-01,0.000000000000000000e+00,0.000000000000000000e+00,0.000000000000000000e+00,1.000000000000000056e-01
9.969691440866277343e-01,-7.550662686395646916e-02,1.874233280048277425e-02,5.543918257037492481e+01,7.584682637814942063e-02,9.969541569061871611e-01,-1.815676060965738803e-02,4.014606215495519770e+00,-1.731429084714889918e-02,1.952327654623563918e-02,9.996594705225172461e-01,4.240763498570181422e-01,0.000000000000000000e+00,0.000000000000000000e+00,0.000000000000000000e+00,1.000000000000000056e-01
9.969651429465302694e-01,-7.424040257424874278e-02,2.342789737082812129e-02,5.638336266692533627e+01,7.462229586852461849e-02,9.970855866960306457e-01,-1.586964909324535544e-02,4.099258660387662623e+00,-2.218144965765195264e-02,1.756973046594199894e-02,9.995995637566270631e-01,4.351057003696782721e-01,0.000000000000000000e+00,0.000000000000000000e+00,0.000000000000000000e+00,1.000000000000000056e-01
9.968888773483197685e-01,-7.460633533170749065e-02,2.542559630725336334e-02,5.734085080373063192e+01,7.498147582190894944e-02,9.970847581510047242e-01,-1.413376618318091214e-02,4.165416005813100675e+00,-2.429700604550045356e-02,1.599624303782480259e-02,9.995767983031117465e-01,4.196880134481074665e-01,0.000000000000000000e+00,0.000000000000000000e+00,0.000000000000000000e+00,1.000000000000000056e-01
9.969103319252921036e-01,-7.532607938118185409e-02,2.226593509520546910e-02,5.822623654147284356e+01,7.558050072153765786e-02,9.970810671246412848e-01,-1.081357906839019653e-02,4.232929356705964707e+00,-2.138639780995522238e-02,1.246303922189814783e-02,9.996936003806705662e-01,4.211936183568411596e-01,0.000000000000000000e+00,0.000000000000000000e+00,0.000000000000000000e+00,1.000000000000000056e-01
9.970625732029488875e-01,-7.486046398684166603e-02,1.619061609664405182e-02,5.912726244861200797e+01,7.497476836684920098e-02,9.971637794443870551e-01,-6.571230670357124798e-03,4.311813467834116231e+00,-1.565277056151521268e-02,7.765815852858881305e-03,9.998473297848466945e-01,4.250110374934142898e-01,0.000000000000000000e+00,0.000000000000000000e+00,0.000000000000000000e+00,1.000000000000000056e-01
9.971467341272081120e-01,-7.488954072667461381e-02,9.484055524441051266e-03,6.011342979195440961e+01,7.495615302781713507e-02,9.971631374357651234e-01,-6.874042662942974301e-03,4.375070088535185420e+00,-8.942356664403273980e-03,7.565317508819001911e-03,9.999313977610050364e-01,4.286923776991979906e-01,0.000000000000000000e+00,0.000000000000000000e+00,0.000000000000000000e+00,1.000000000000000056e-01
9.972952375814486681e-01,-7.288357041596479902e-02,9.497065903900663367e-03,6.103628144530871680e+01,7.292194604861396146e-02,9.973305679626861542e-01,-3.758722084552313866e-03,4.456257833558908921e+00,-9.197765046192797958e-03,4.441100161780613120e-03,9.999478375132915264e-01,4.358370649230187688e-01,0.000000000000000000e+00,0.000000000000000000e+00,0.000000000000000000e+00,1.000000000000000056e-01
9.970870651356730230e-01,-7.547177946237422497e-02,1.101794190913055020e-02,6.197978214678349218e+01,7.550419160190034729e-02,9.971422098680983170e-01,-2.555454931869303482e-03,4.536033678548959003e+00,-1.079359021242469636e-02,3.379911855069645497e-03,9.999360352573449795e-01,4.371080729203719040e-01,0.000000000000000000e+00,0.000000000000000000e+00,0.000000000000000000e+00,1.000000000000000056e-01
9.971935254332719989e-01,-7.386496141406502514e-02,1.220820663573976908e-02,6.285392411048429295e+01,7.391261820696011509e-02,9.972585829469821084e-01,-3.499086790761319916e-03,4.604901153567143801e+00,-1.191627893909773597e-02,4.391607208735384509e-03,9.999193547893598932e-01,4.476862859407786943e-01,0.000000000000000000e+00,0.000000000000000000e+00,0.000000000000000000e+00,1.000000000000000056e-01
9.973712045580129804e-01,-7.107364786694214676e-02,1.411442160997240965e-02,6.365880439107589694e+01,7.111796315692764381e-02,9.974643587807316969e-01,-2.662382120128829657e-03,4.680014423159315484e+00,-1.388940729145875415e-02,3.659172178185968616e-03,9.998968420912540678e-01,4.489876437902248218e-01,0.000000000000000000e+00,0.000000000000000000e+00,0.000000000000000000e+00,1.000000000000000056e-01
9.972721182463473166e-01,-7.248685997508168277e-02,1.392757334916159932e-02,6.446307518478982956e+01,7.250396249786371372e-02,9.973678598606053880e-01,-7.263189273601393034e-04,4.752348404731860931e+00,-1.383826544592010356e-02,1.734141871004719979e-03,9.999027428512332616e-01,4.602008048015054364e-01,0.000000000000000000e+00,0.000000000000000000e+00,0.000000000000000000e+00,1.000000000000000056e-01
9.971775993887996847e-01,-7.333764818772628424e-02,1.607559129499996561e-02,6.524462501011601034e+01,7.334285435149112686e-02,9.973067506162870410e-01,2.662531860190124632e-04,4.816385682262360746e+00,-1.605182210113700533e-02,9.135280380992221675e-04,9.998707438833066563e-01,4.607925252305050678e-01,0.000000000000000000e+00,0.000000000000000000e+00,0.000000000000000000e+00,1.000000000000000056e-01
9.965997443512821796e-01,-8.120657213550035169e-02,1.394425333106277809e-02,6.605789590282893187e+01,8.121736511980647000e-02,9.966963911413423416e-01,-2.085397333610896188e-04,4.882636727233269802e+00,-1.388125217533060785e-02,1.340346159066749428e-03,9.999027524265641231e-01,4.656310540909054940e-01,0.000000000000000000e+00,0.000000000000000000e+00,0.000000000000000000e+00,1.000000000000000056e-01
9.965092248080533732e-01,-8.241319729132062788e-02,1.332027719960443557e-02,6.680497103919343260e+01,8.239425812477749189e-02,9.965978745910589742e-01,1.965346954480526927e-03,4.946300623253603312e+00,-1.343693047239502211e-02,-8.609720122104624548e-04,9.999093497045991041e-01,4.696987723767711009e-01,0.000000000000000000e+00,0.000000000000000000e+00,0.000000000000000000e+00,1.000000000000000056e-01
9.963630746010389005e-01,-8.359855913359147406e-02,1.648952644413703358e-02,6.758807904729458471e+01,8.354457768920299510e-02,9.964962636376233363e-01,3.937016000615896870e-03,5.032299481570158051e+00,-1.676088035567372195e-02,-2.545086844056766977e-03,9.998562873846715826e-01,4.796305345075976279e-01,0.000000000000000000e+00,0.000000000000000000e+00,0.000000000000000000e+00,1.000000000000000056e-01
9.966743521672495332e-01,-7.919450754923723634e-02,1.919546055783088317e-02,6.832531736095897656e+01,7.907444772607050143e-02,9.968445827024013939e-01,6.936112289471041241e-03,5.113317934736439696e+00,-1.968419286662220075e-02,-5.395174780209802991e-03,9.997916906237421797e-01,4.768037720936558199e-01,0.000000000000000000e+00,0.000000000000000000e+00,0.000000000000000000e+00,1.000000000000000056e-01
9.962063328821061381e-01,-8.436889030755095886e-02,2.132680646179322889e-02,6.904814553965304924e+01,8.417598705062134812e-02,9.964028280477996713e-01,9.788128646508560335e-03,5.203090420474744349e+00,-2.207590382385233793e-02,-7.955790760157571348e-03,9.997246420208619755e-01,4.847038820407706949e-01,0.000000000000000000e+00,0.000000000000000000e+00,0.000000000000000000e+00,1.000000000000000056e-01
9.963397222656846797e-01,-8.412403811097989015e-02,1.517577172472051907e-02,6.972811646165060040e+01,8.391244398350190814e-02,9.963736532388455247e-01,1.407994588741269364e-02,5.277944771972113536e+00,-1.630520101851179807e-02,-1.275497328022360925e-02,9.997857025764904648e-01,4.810238686805736741e-01,0.000000000000000000e+00,0.000000000000000000e+00,0.000000000000000000e+00,1.000000000000000056e-01
9.963107054218429681e-01,-8.528926355941791881e-02,9.524693345283640963e-03,7.041623029882728702e+01,8.515697659737080094e-02,9.962757521039434794e-01,1.352461114104574862e-02,5.352997075115128567e+00,-1.064272515027917497e-02,-1.266362077818995562e-02,9.998631731942935197e-01,4.881765996603146252e-01,0.000000000000000000e+00,0.000000000000000000e+00,0.000000000000000000e+00,1.000000000000000056e-01
9.966500447149738706e-01,-8.149136850457859571e-02,6.917024569244813528e-03,7.115578984058507217e+01,8.140618819731305911e-02,9.966109965862604003e-01,1.181329786826990427e-02,5.428169921110087337e+00,-7.856264559204257508e-03,-1.121063524479312332e-02,9.999062959920714810e-01,4.979852979126204171e-01,0.000000000000000000e+00,0.000000000000000000e+00,0.000000000000000000e+00,1.000000000000000056e-01
9.968373358153426178e-01,-7.929363692376341366e-02,5.276842613941982660e-03,7.186575074846524558e+01,7.923609592000525892e-02,9.968022254866373277e-01,1.034235796337958785e-02,5.493714052924591584e+00,-6.080051638403907374e-03,-9.891532150750823038e-03,9.999325930100413373e-01,5.007634526866728830e-01,0.000000000000000000e+00,0.000000000000000000e+00,0.000000000000000000e+00,1.000000000000000056e-01
9.968891947075871895e-01,-7.833314806589009027e-02,8.709270310750378413e-03,7.254150993473410836e+01,7.822225492493348198e-02,9.968586018364132828e-01,1.241800222297755225e-02,5.565295497382672707e+00,-9.654652231805060936e-03,-1.169811347348344820e-02,9.998849642991159969e-01,5.098031158213229830e-01,0.000000000000000000e+00,0.000000000000000000e+00,0.000000000000000000e+00,1.000000000000000056e-01
9.968550804389445519e-01,-7.834457749736271903e-02,1.191955451454361839e-02,7.312973195307665719e+01,7.817789211428906315e-02,9.968430589903560790e-01,1.386120223199065020e-02,5.602445334756520623e+00,-1.296787521655077755e-02,-1.288576421906313836e-02,9.998328816821632214e-01,5.324636640185365088e-01,0.000000000000000000e+00,0.000000000000000000e+00,0.000000000000000000e+00,1.000000000000000056e-01
9.968344009694852792e-01,-7.898925968228068251e-02,9.048419677088630209e-03,7.371461981050377688e+01,7.889846304345421446e-02,9.968326272504983709e-01,9.987280823609492528e-03,5.631241907372450228e+00,-9.808647877673316168e-03,-9.241758691622354097e-03,9.999091860379609731e-01,5.403347783565037865e-01,0.000000000000000000e+00,0.000000000000000000e+00,0.000000000000000000e+00,1.000000000000000056e-01
9.967999396412272617e-01,-7.962575221565243444e-02,7.044140496696251787e-03,7.434096658826113924e+01,7.958021138791779303e-02,9.968071072835269497e-01,6.525398417077328365e-03,5.668190370006080059e+00,-7.541239069277147315e-03,-5.943942558504360617e-03,9.999538985674095715e-01,5.525433914739356078e-01,0.000000000000000000e+00,0.000000000000000000e+00,0.000000000000000000e+00,1.000000000000000056e-01
9.969420849871751811e-01,-7.812233789148365082e-02,1.838342675573893890e-03,7.496154215277721278e+01,7.811215238147864448e-02,9.969316369698805191e-01,5.079651453306910369e-03,5.685407518883807576e+00,-2.229536220077680316e-03,-4.920521407664121827e-03,9.999854087122072022e-01,5.660217330280883363e-01,0.000000000000000000e+00,0.000000000000000000e+00,0.000000000000000000e+00,1.000000000000000056e-01
9.974239632519606991e-01,-7.168560358098161056e-02,2.571336224951783350e-03,7.557298497326527809e+01,7.167615241366623313e-02,9.974214721697203245e-01,3.596669287103520900e-03,5.741357138700164953e+00,-2.822535371661934016e-03,-3.403100647682972407e-03,9.999902260522637309e-01,5.873393938473807641e-01,0.000000000000000000e+00,0.000000000000000000e+00,0.000000000000000000e+00,1.000000000000000056e-01
9.977165043936216948e-01,-6.735446189636348779e-02,5.015308886160432800e-03,7.614425636110311757e+01,6.732216174738170356e-02,9.977110660906188810e-01,6.352569399870805489e-03,5.799780067899392044e+00,-5.431703069172481510e-03,-6.000421899509814430e-03,9.999672452329607664e-01,5.818627976335511987e-01,0.000000000000000000e+00,0.000000000000000000e+00,0.000000000000000000e+00,1.000000000000000056e-01
9.979095448389877498e-01,-6.412283677302013651e-02,8.049976610205334532e-03,7.669322097716089104e+01,6.408859778405012753e-02,9.979343274345936488e-01,4.441819642844600097e-03,5.818208559805874813e+00,-8.318170070302787628e-03,-3.916622504905469676e-03,9.999577331641751332e-01,5.918796081280225385e-01,0.000000000000000000e+00,0.000000000000000000e+00,0.000000000000000000e+00,1.000000000000000056e-01
9.983149675891634933e-01,-5.689508744409035867e-02,1.140940454961229464e-02,7.726155291988078488e+01,5.690217819280513067e-02,9.983797141227936933e-01,-2.975651241064004643e-04,5.810494808727646010e+00,-1.137398805879687863e-02,9.462836879837868221e-04,9.999348663502138912e-01,6.084725841671094759e-01,0.000000000000000000e+00,0.000000000000000000e+00,0.000000000000000000e+00,1.000000000000000056e-01
9.987989437252453584e-01,-4.681210100440485328e-02,1.446710796557299818e-02,7.781192898457793206e+01,4.690275898117610837e-02,9.988814888334882625e-01,-5.991866632998816763e-03,5.826146916843899071e+00,-1.417043447773751012e-02,6.663217342045684236e-03,9.998773926444005644e-01,6.121475706557535368e-01,0.000000000000000000e+00,0.000000000000000000e+00,0.000000000000000000e+00,1.000000000000000056e-01
9.993014313559283046e-01,-3.450509184921372874e-02,1.435436959501563969e-02,7.831550864286535329e+01,3.451274219105725238e-02,9.994042170755899068e-01,-2.855135385605644060e-04,5.862238374968092636e+00,-1.433596583584803227e-02,7.807227449029936414e-04,9.998969299660585008e-01,6.143623399824810205e-01,0.000000000000000000e+00,0.000000000000000000e+00,0.000000000000000000e+00,1.000000000000000056e-01
9.997561897756858107e-01,-1.561615648538990445e-02,1.561078671389782430e-02,7.882768805571384974e+01,1.558347325720238485e-02,9.998761211168266660e-01,2.213093222414321947e-03,5.876646554094184793e+00,-1.564341287715222822e-02,-1.969283370379419900e-03,9.998756950524210207e-01,6.156830484131786685e-01,0.000000000000000000e+00,0.000000000000000000e+00,0.000000000000000000e+00,1.000000000000000056e-01
9.999023142586359603e-01,8.370259127485859445e-04,1.395210836559984680e-02,7.932744886088384817e+01,-9.143019426323890963e-04,9.999842737222842670e-01,5.533205226029405503e-03,5.882669222453512425e+00,-1.394725751471422720e-02,-5.545421150557267205e-03,9.998873548115713161e-01,6.250766499999387271e-01,0.000000000000000000e+00,0.000000000000000000e+00,0.000000000000000000e+00,1.000000000000000056e-01
9.996454653359813092e-01,2.310256848019475243e-02,1.323687889297507463e-02,7.984968886619152784e+01,-2.316469100179191151e-02,9.997212666455046470e-01,4.559178379860659089e-03,5.870761043562341186e+00,-1.312786060258403116e-02,-4.864190202469462210e-03,9.999019946623135535e-01,6.357441692016190249e-01,0.000000000000000000e+00,0.000000000000000000e+00,0.000000000000000000e+00,1.000000000000000056e-01
9.987127018922690169e-01,4.856321432399082066e-02,1.464763781522337126e-02,8.035937074191350860e+01,-4.863882898310911002e-02,9.988046528903403720e-01,4.850740124813993429e-03,5.832769669079652886e+00,-1.439456127138627993e-02,-5.556939726931397344e-03,9.998809514270564636e-01,6.533883577429776546e-01,0.000000000000000000e+00,0.000000000000000000e+00,0.000000000000000000e+00,1.000000000000000056e-01
9.973302284517204797e-01,7.143101919467527428e-02,1.516657223135526797e-02,8.081636841541768490e+01,-7.153004829345187277e-02,9.974198541793599659e-01,6.089883411093587919e-03,5.836398865071445563e+00,-1.469243368456794180e-02,-7.158490457785279294e-03,9.998664352836285074e-01,6.476863983103072764e-01,0.000000000000000000e+00,0.000000000000000000e+00,0.000000000000000000e+00,1.000000000000000056e-01
9.944230300587066917e-01,1.043339179852885990e-01,1.540359849839167093e-02,8.130808818105181501e+01,-1.043581887059682745e-01,9.945394727810737967e-01,7.781583086448756476e-04,5.759943486485692432e+00,-1.523829842436806754e-02,-2.381310181994123094e-03,9.998810547374857860e-01,6.447764215245233022e-01,0.000000000000000000e+00,0.000000000000000000e+00,0.000000000000000000e+00,1.000000000000000056e-01
