1.000000000000000000e+00,-8.340350655460732446e-14,6.682944062339072041e-14,5.699714036733338573e-21,8.340350655460883907e-14,1.000000000000000000e+00,-2.257557221470498153e-14,1.902971265349884275e-20,-6.682944062338882715e-14,2.257557221471055405e-14,1.000000000000000000e+00,-2.108095234857252152e-20,0.000000000000000000e+00,0.000000000000000000e+00,0.000000000000000000e+00,1.000000000000000056e-01
9.999986407666184851e-01,-1.625796234711098529e-03,-2.743201025791631976e-04,6.752053768595307481e-01,1.625827933659429328e-03,9.999986716856268387e-01,1.153711920475530757e-04,-3.145049379094773390e-02,2.741321681462030265e-04,-1.158170325167151023e-04,9.999999557189837018e-01,9.748706096793034737e-03,0.000000000000000000e+00,0.000000000000000000e+00,0.000000000000000000e+00,1.000000000000000056e-01
9.999844578221015468e-01,-5.487781428075505334e-03,-9.840575365617772012e-04,1.344792642919187875e+00,5.489063212294603526e-03,9.999840839560217853e-01,1.304614765916275662e-03,-5.718666672214289294e-03,9.768824335755596673e-04,-1.309996043384217563e-03,9.999986648046472748e-01,1.987149660381080582e-02,0.000000000000000000e+00,0.000000000000000000e+00,0.000000000000000000e+00,1.000000000000000056e-01
9.999489608834012389e-01,-9.926354128275511821e-03,-1.882318231917016419e-03,2.062133844438954089e+00,9.925548457531603933e-03,9.999506450937714064e-01,-4.368802670036282506e-04,1.945068506947724568e-03,1.886561958519121420e-03,4.181749281973533945e-04,9.999981330051102013e-01,1.628835670738696534e-02,0.000000000000000000e+00,0.000000000000000000e+00,0.000000000000000000e+00,1.000000000000000056e-01
9.998899767233913050e-01,-1.441308851938632139e-02,-3.506754543482168938e-03,2.749144816334213370e+00,1.441067754033136493e-02,9.998959074217889098e-01,-7.118244066345389819e-04,1.567820288557775221e-02,3.516649104543668157e-03,6.612113804417376652e-04,9.999935979687999410e-01,2.062628817228455425e-02,0.000000000000000000e+00,0.000000000000000000e+00,0.000000000000000000e+00,1.000000000000000056e-01
9.998136524033549577e-01,-1.915490692988505023e-02,-2.397917507058437182e-03,3.450641269314981052e+00,1.915204471214149162e-02,9.998158494309397071e-01,-1.210954182751875679e-03,2.691446438735442884e-02,2.420671643851919803e-03,1.164803501039062732e-03,9.999963917842886740e-01,2.396370502356865578e-02,0.000000000000000000e+00,0.000000000000000000e+00,0.000000000000000000e+00,1.000000000000000056e-01
9.996251741855679551e-01,-2.706506111441107226e-02,-4.122329601841271361e-03,4.189395112304297619e+00,2.705964318313486966e-02,9.996328896064242686e-01,-1.364451505816452340e-03,2.273857754737779874e-02,4.157745215191262396e-03,1.252391306060432257e-03,9.999905722909301353e-01,2.538231202600069181e-02,0.000000000000000000e+00,0.000000000000000000e+00,0.000000000000000000e+00,1.000000000000000056e-01
9.996206664326432456e-01,-2.737880832000029810e-02,-2.987322502642632098e-03,4.961195014538477110e+00,2.738480986092159050e-02,9.996229910692860932e-01,1.986935976634679381e-03,6.206661336630831666e-02,2.931796316131819909e-03,-2.067989523850674322e-03,9.999935639741337479e-01,2.766002820258423728e-02,0.000000000000000000e+00,0.000000000000000000e+00,0.000000000000000000e+00,1.000000000000000056e-01
9.995870246479127141e-01,-2.855435607321607158e-02,-3.229381485220939301e-03,5.713117779351321701e+00,2.856318982983579655e-02,9.995882794036373697e-01,2.723208699397577145e-03,1.011938441887726969e-01,3.150292411485683484e-03,-2.814325517721459353e-03,9.999910775749963898e-01,4.193223485845817833e-02,0.000000000000000000e+00,0.000000000000000000e+00,0.000000000000000000e+00,1.000000000000000056e-01
9.994818425525918704e-01,-3.216699922829945046e-02,-1.153502632211530999e-03,6.476647271393924044e+00,3.216898731001749390e-02,9.994809147832621754e-01,1.748496342949841477e-03,1.495707283241859142e-01,1.096659985533329903e-03,-1.784697358085660752e-03,9.999978060937014801e-01,4.529424038433028932e-02,0.000000000000000000e+00,0.000000000000000000e+00,0.000000000000000000e+00,1.000000000000000056e-01
9.993688827102766847e-01,-3.550459288952816095e-02,1.122565883221571465e-03,7.268196709390068122e+00,3.550220574850000699e-02,9.993674347432566218e-01,2.079365690254231496e-03,1.743299434094137956e-01,-1.195682819346369176e-03,-2.038199801663075853e-03,9.999972080381844819e-01,5.639393809679487529e-02,0.000000000000000000e+00,0.000000000000000000e+00,0.000000000000000000e+00,1.000000000000000056e-01
9.993312639196181291e-01,-3.655508438349735351e-02,8.664632328752975383e-04,8.054304423623070974e+00,3.655278162299333694e-02,9.993284978961914922e-01,2.539182577792475394e-03,1.967275741082544771e-01,-9.587014343878592958e-04,-2.505812893452384615e-03,9.999964008901746082e-01,6.383864612035024255e-02,0.000000000000000000e+00,0.000000000000000000e+00,0.000000000000000000e+00,1.000000000000000056e-01
9.992887792726904417e-01,-3.770701700972503567e-02,-3.413032736109559355e-04,8.883600325682719401e+00,3.770760686780480486e-02,9.992869540957102226e-01,1.928667524773487263e-03,2.474627182793274205e-01,2.683356095468487847e-04,-1.940165546117796373e-03,9.999980818749875100e-01,8.406082826106683892e-02,0.000000000000000000e+00,0.000000000000000000e+00,0.000000000000000000e+00,1.000000000000000056e-01
9.992138210912577811e-01,-3.964464866975832280e-02,2.038922739164514568e-04,9.645626210302847170e+00,3.964416607258021419e-02,9.992118829807937752e-01,1.988216886118294741e-03,3.106487982529234637e-01,-2.825537428747338991e-04,-1.978570652768363910e-03,9.999980027087825851e-01,9.474723118797696852e-02,0.000000000000000000e+00,0.000000000000000000e+00,0.000000000000000000e+00,1.000000000000000056e-01
9.990623445673844083e-01,-4.329460264677648801e-02,-9.512717071510315859e-05,1.042248626190956706e+01,4.329470697855208189e-02,9.990601265543742615e-01,2.105202317855817649e-03,3.610738015683855884e-01,3.893865370750052392e-06,-2.107346866447533905e-03,9.999977795345459386e-01,1.017578339412640032e-01,0.000000000000000000e+00,0.000000000000000000e+00,0.000000000000000000e+00,1.000000000000000056e-01
9.990091173607705821e-01,-4.449894012989670522e-02,7.923114097508137613e-04,1.119494538129817407e+01,4.449966404521288332e-02,9.990089749791274398e-01,-9.207665373597703415e-04,3.539321824122231286e-01,-7.505530742998431284e-04,9.551117573362174172e-04,9.999992622155347011e-01,1.214202836407987929e-01,0.000000000000000000e+00,0.000000000000000000e+00,0.000000000000000000e+00,1.000000000000000056e-01
9.989754030779814942e-01,-4.523843569449780694e-02,-1.275923625910748999e-03,1.205918077535635646e+01,4.523763091388195018e-02,9.989760411077400759e-01,-6.527189334915455042e-04,4.026955444965556463e-01,1.304145116067491599e-03,5.943303976180944930e-04,9.999989729879199540e-01,1.260755457749831721e-01,0.000000000000000000e+00,0.000000000000000000e+00,0.000000000000000000e+00,1.000000000000000056e-01
9.987765906600453159e-01,-4.932676680545827752e-02,-3.491708180288019808e-03,1.294947636700361215e+01,4.933027386058136399e-02,9.987820921639878335e-01,9.254476577640567952e-04,4.919552822833368477e-01,3.441806260728993896e-03,-1.096562377230749169e-03,9.999934757390251949e-01,1.465811115397562536e-01,0.000000000000000000e+00,0.000000000000000000e+00,0.000000000000000000e+00,1.000000000000000056e-01
9.988465508703932016e-01,-4.799463235428051699e-02,-1.443287738603354388e-03,1.381427533989635137e+01,4.799865347181918318e-02,9.988432078242232004e-01,2.894036680484992144e-03,5.508258977230243714e-01,1.302719928140263789e-03,-2.959974424420184526e-03,9.999947707224251525e-01,1.439696986298046322e-01,0.000000000000000000e+00,0.000000000000000000e+00,0.000000000000000000e+00,1.000000000000000056e-01
9.982057458941041572e-01,-5.986271931648803196e-02,-1.320492343960552682e-03,1.476683287530658717e+01,5.986145212169510094e-02,9.982062150416094459e-01,-9.791844495092387728e-04,6.593381495366561484e-01,1.376740308516327931e-03,8.983809545652179408e-04,9.999986487479787245e-01,1.499738325492121216e-01,0.000000000000000000e+00,0.000000000000000000e+00,0.000000000000000000e+00,1.000000000000000056e-01
9.974526696040892926e-01,-7.128325797903858896e-02,2.620883738223189676e-03,1.575392088548600533e+01,7.129249894314224067e-02,9.974488839434551002e-01,-3.619877677189792167e-03,7.331929610443098655e-01,-2.356160885320588479e-03,3.797506003890583574e-03,9.999900136771531223e-01,1.487347164317496806e-01,0.000000000000000000e+00,0.000000000000000000e+00,0.000000000000000000e+00,1.000000000000000056e-01
9.973050603436364181e-01,-7.332391146800827653e-02,2.494117079746499457e-03,1.669257726159104394e+01,7.333253094367862823e-02,9.973011899642075795e-01,-3.560393429103001633e-03,7.958004125629023484e-01,-2.226323958954411642e-03,3.733698301586323327e-03,9.999905514446736365e-01,1.658902867239052392e-01,0.000000000000000000e+00,0.000000000000000000e+00,0.000000000000000000e+00,1.000000000000000056e-01
9.972747471206715453e-01,-7.366925432694478026e-02,3.989952670473896623e-03,1.760613219115913708e+01,7.368949664707070968e-02,9.972677335768984630e-01,-5.188993187281438005e-03,8.669931062099882624e-01,-3.596781797947976641e-03,5.468869472589839992e-03,9.999785770842242183e-01,1.695313311365216902e-01,0.000000000000000000e+00,0.000000000000000000e+00,0.000000000000000000e+00,1.000000000000000056e-01
9.971094826743539530e-01,-7.595711219782903811e-02,1.787922662915720964e-03,1.854130790902679138e+01,7.596693022738816581e-02,9.970905672882981463e-01,-6.279023532918071547e-03,9.273470718446571448e-01,-1.305784327251574301e-03,6.396696902793717714e-03,9.999786883709195218e-01,1.625834727195557550e-01,0.000000000000000000e+00,0.000000000000000000e+00,0.000000000000000000e+00,1.000000000000000056e-01
9.969661493424255561e-01,-7.778514083833817927e-02,2.822929346675366862e-03,1.948588921605251301e+01,7.780898410378014884e-02,9.969215983288558514e-01,-9.648252597081671822e-03,1.012028467059740811e+00,-2.063748549149179486e-03,9.838630504257130094e-03,9.999494698692162897e-01,1.717987215321975514e-01,0.000000000000000000e+00,0.000000000000000000e+00,0.000000000000000000e+00,1.000000000000000056e-01
9.966699352740437945e-01,-8.149996578440404926e-02,2.606855955804344462e-03,2.043171950778648949e+01,8.151818735440172214e-02,9.966406976835082698e-01,-7.880663130884603060e-03,1.088916389371820559e+00,-1.955824963027740990e-03,8.066926184786498907e-03,9.999655491318903966e-01,1.864211109954976020e-01,0.000000000000000000e+00,0.000000000000000000e+00,0.000000000000000000e+00,1.000000000000000056e-01
9.966198176601717140e-01,-8.189257332722386928e-02,6.522689694548335429e-03,2.135415831125016695e+01,8.193547660980392278e-02,9.966157391950497546e-01,-6.606516588094173831e-03,1.157121251624405822e+00,-5.959590567344200118e-03,7.118625046295989564e-03,9.999569033001971530e-01,1.887989924406120457e-01,0.000000000000000000e+00,0.000000000000000000e+00,0.000000000000000000e+00,1.000000000000000056e-01
9.968441302189007258e-01,-7.894282953017231486e-02,8.355220756714744693e-03,2.232385669531376848e+01,7.900490516668842722e-02,9.968469104163112382e-01,-7.379847766547163561e-03,1.256046671925284963e+00,-7.746289932984170776e-03,8.016661351522598802e-03,9.999378621359674701e-01,1.916018174512656991e-01,0.000000000000000000e+00,0.000000000000000000e+00,0.000000000000000000e+00,1.000000000000000056e-01
9.968741068633623081e-01,-7.815666727623592214e-02,1.155640193336460349e-02,2.330431835194951162e+01,7.822933524971371899e-02,9.969174837028819125e-01,-5.975097815269292574e-03,1.333460310619778655e+00,-1.105378540417799489e-02,6.860469939143422867e-03,9.999153703091339107e-01,1.990173171837278654e-01,0.000000000000000000e+00,0.000000000000000000e+00,0.000000000000000000e+00,1.000000000000000056e-01
9.969400804284742623e-01,-7.706548981546251786e-02,1.309145961190794592e-02,2.424582978679703160e+01,7.714826998945883973e-02,9.970019378027723533e-01,-5.939735276123779030e-03,1.397390157045323766e+00,-1.259446199331029116e-02,6.931543624598256008e-03,9.998966612755937344e-01,2.111370595138196415e-01,0.000000000000000000e+00,0.000000000000000000e+00,0.000000000000000000e+00,1.000000000000000056e-01
9.969564318510987233e-01,-7.694226521292719945e-02,1.256028720329284594e-02,2.519225737696550738e+01,7.704320289010231637e-02,9.969975573325801088e-01,-7.759868639559856958e-03,1.483224631496615542e+00,-1.192551379019614159e-02,8.703935705890081947e-03,9.998910058721738325e-01,1.993081469401802308e-01,0.000000000000000000e+00,0.000000000000000000e+00,0.000000000000000000e+00,1.000000000000000056e-01
9.976603815745890280e-01,-6.785910448301667175e-02,8.300902071974253574e-03,2.613834162952437978e+01,6.791364820118252210e-02,9.976701896588794360e-01,-6.475264783893792432e-03,1.582661708856037741e+00,-7.842156874960893101e-03,7.023859678164506674e-03,9.999445814497771590e-01,2.013059909122529301e-01,0.000000000000000000e+00,0.000000000000000000e+00,0.000000000000000000e+00,1.000000000000000056e-01
9.978978544119276872e-01,-6.466608852805398600e-02,4.262529126354414055e-03,2.708736780385763510e+01,6.470603501673667657e-02,9.978541066037840412e-01,-1.001553625008846232e-02,1.643939113288021892e+00,-3.605716639446837624e-03,1.027029349365790947e-02,9.999407581847387094e-01,2.027576321436114770e-01,0.000000000000000000e+00,0.000000000000000000e+00,0.000000000000000000e+00,1.000000000000000056e-01
9.977512439966675917e-01,-6.660184797908309806e-02,7.526549599478310308e-03,2.807406622893975978e+01,6.668203839777987751e-02,9.977140885112082413e-01,-1.095916700146228398e-02,1.702525930821039202e+00,-6.779443798669126074e-03,1.143640817827143094e-02,9.999116199493636170e-01,2.136493073796000008e-01,0.000000000000000000e+00,0.000000000000000000e+00,0.000000000000000000e+00,1.000000000000000056e-01
9.974933063239224129e-01,-6.966414351558593288e-02,1.241011471378339510e-02,2.910088722385693316e+01,6.982126084915928066e-02,9.974785235306747877e-01,-1.271167292289765265e-02,1.753472030256438163e+00,-1.149327509472703422e-02,1.354629850936851961e-02,9.998421887599522329e-01,2.098826692231874069e-01,0.000000000000000000e+00,0.000000000000000000e+00,0.000000000000000000e+00,1.000000000000000056e-01
9.975109294621135048e-01,-6.808514437108356687e-02,1.834008504885126581e-02,3.006822581904880565e+01,6.839717973346196023e-02,9.975140003794125132e-01,-1.696009585969437961e-02,1.821463498536621595e+00,-1.713976102922356790e-02,1.817229107818354311e-02,9.996879495266665083e-01,2.121217558738084652e-01,0.000000000000000000e+00,0.000000000000000000e+00,0.000000000000000000e+00,1.000000000000000056e-01
9.977534127284095611e-01,-6.518107083205545993e-02,1.547757713592970083e-02,3.100875640098929509e+01,6.554779881323846702e-02,9.975485204684982898e-01,-2.450378301098265696e-02,1.870854861149883863e+00,-1.384245135629155396e-02,2.546325423618666858e-02,9.995799163769508722e-01,2.159584506041941354e-01,0.000000000000000000e+00,0.000000000000000000e+00,0.000000000000000000e+00,1.000000000000000056e-01
9.978451547095497087e-01,-6.394650840110632783e-02,1.469323946520834610e-02,3.194760945025172916e+01,6.430352698321575855e-02,9.976104569620627416e-01,-2.526722338253858599e-02,1.951455386086591082e+00,-1.304237862483537992e-02,2.615760354565184118e-02,9.995727467956271317e-01,2.134838472877769455e-01,0.000000000000000000e+00,0.000000000000000000e+00,0.000000000000000000e+00,1.000000000000000056e-01
9.979812572283127681e-01,-6.250309275770395134e-02,1.125937905561662407e-02,3.292244372226954141e+01,6.278142053616016238e-02,9.976795336656879565e-01,-2.634466435688928576e-02,2.026279869165685810e+00,-9.586629045603580965e-03,2.699836106761299009e-02,9.995895082698721401e-01,2.118343448895155801e-01,0.000000000000000000e+00,0.000000000000000000e+00,0.000000000000000000e+00,1.000000000000000056e-01
9.978264090645306839e-01,-6.482265508859794134e-02,1.185245800028916253e-02,3.386599716789843484e+01,6.512794709358066259e-02,9.974979765819649291e-01,-2.749794941921065647e-02,2.082083086267385141e+00,-1.004031278196595815e-02,2.821010638318078786e-02,9.995515904729930234e-01,2.017156506942814065e-01,0.000000000000000000e+00,0.000000000000000000e+00,0.000000000000000000e+00,1.000000000000000056e-01
9.979266800754245104e-01,-6.298783241227831620e-02,1.322399945720370215e-02,3.480481505424427269e+01,6.336868556486380255e-02,9.975183259332842667e-01,-3.068548707515417195e-02,2.140105404309206261e+00,-1.125836948331355308e-02,3.145985370691942173e-02,9.994416074595435795e-01,2.027688188882391107e-01,0.000000000000000000e+00,0.000000000000000000e+00,0.000000000000000000e+00,1.000000000000000056e-01
9.978667946313998227e-01,-6.326659087938707460e-02,1.609964752893738860e-02,3.578694913510437203e+01,6.372234745752147766e-02,9.975293660040625010e-01,-2.957408314785179779e-02,2.219263279882729645e+00,-1.418881977328166795e-02,3.053690288869194761e-02,9.994329266916354149e-01,1.987278469537011871e-01,0.000000000000000000e+00,0.000000000000000000e+00,0.000000000000000000e+00,1.000000000000000056e-01
9.977741896023417656e-01,-6.495500699282961976e-02,1.508355495073071713e-02,3.676715242101349901e+01,6.537411358028018260e-02,9.974338023009394760e-01,-2.918964372997585530e-02,2.295152741598870616e+00,-1.314883405412371233e-02,3.011074715200120003e-02,9.994600797775593515e-01,1.979851134492728315e-01,0.000000000000000000e+00,0.000000000000000000e+00,0.000000000000000000e+00,1.000000000000000056e-01
9.974871866039137780e-01,-6.890199848863408361e-02,1.648718184776331100e-02,3.776465694512391025e+01,6.936588231232489188e-02,9.971565828702148027e-01,-2.944696265541176666e-02,2.372855000996171970e+00,-1.441134733609744992e-02,3.051661584889104467e-02,9.994303623690294902e-01,2.007926608281638825e-01,0.000000000000000000e+00,0.000000000000000000e+00,0.000000000000000000e+00,1.000000000000000056e-01
9.975174740945955687e-01,-6.733780308415772409e-02,2.060361986974807227e-02,3.873839421760448687e+01,6.794762238794753439e-02,9.972229861399501960e-01,-3.048666144308906367e-02,2.433371081077647879e+00,-1.849349852685447035e-02,3.181094449902175519e-02,9.993227978597893912e-01,2.120310598600393115e-01,0.000000000000000000e+00,0.000000000000000000e+00,0.000000000000000000e+00,1.000000000000000056e-01
9.973231306069055835e-01,-7.010107200621372436e-02,2.079453918750929012e-02,3.974979008750297282e+01,7.069419515597684389e-02,9.970673590657983532e-01,-2.930891087711966214e-02,2.512693833607410721e+00,-1.867897019885947710e-02,3.070050796214815469e-02,9.993540788345121051e-01,1.998775366090314864e-01,0.000000000000000000e+00,0.000000000000000000e+00,0.000000000000000000e+00,1.000000000000000056e-01
9.973172589480880923e-01,-7.008057900320735500e-02,2.114231422639091876e-02,4.076842056301978801e+01,7.077113298010509479e-02,9.969162336216661480e-01,-3.390383279665802607e-02,2.603174094521958803e+00,-1.870111603580168133e-02,3.530914312422035739e-02,9.992014474923707201e-01,2.039814410383284926e-01,0.000000000000000000e+00,0.000000000000000000e+00,0.000000000000000000e+00,1.000000000000000056e-01
9.973506844794355342e-01,-7.051436410896302909e-02,1.786999224146304521e-02,4.178768373200024655e+01,7.105985915219303894e-02,9.969589192233518915e-01,-3.199077676888349708e-02,2.685180505498574899e+00,-1.555983887036907487e-02,3.317586223920393484e-02,9.993284012670776706e-01,2.263113620310649721e-01,0.000000000000000000e+00,0.000000000000000000e+00,0.000000000000000000e+00,1.000000000000000056e-01
9.974895981362998931e-01,-6.882812625891895908e-02,1.664904338300942158e-02,4.280495850563791294e+01,6.931421731595802105e-02,9.971244587488559130e-01,-3.063254874601956460e-02,2.775699318766597923e+00,-1.449278743924596602e-02,3.170966414971040231e-02,9.993920433502326839e-01,2.282930395601679707e-01,0.000000000000000000e+00,0.000000000000000000e+00,0.000000000000000000e+00,1.000000000000000056e-01
9.974711952191451791e-01,-6.921507536755844292e-02,1.613964218789086177e-02,4.383486999307654486e+01,6.961452418090174898e-02,9.972438426181440274e-01,-2.566196374529680288e-02,2.818411447209112630e+00,-1.431896403922392098e-02,2.672062316005160629e-02,9.995403821591111182e-01,2.490340659620507990e-01,0.000000000000000000e+00,0.000000000000000000e+00,0.000000000000000000e+00,1.000000000000000056e-01
9.974874001962119596e-01,-6.874417261926572820e-02,1.712089894528560571e-02,4.483088287821555440e+01,6.919245338431191661e-02,9.972342531980972202e-01,-2.713390209853794310e-02,2.863118397036011675e+00,-1.520824922408583503e-02,2.825036246361833925e-02,9.994851805685827095e-01,2.490614238508589429e-01,0.000000000000000000e+00,0.000000000000000000e+00,0.000000000000000000e+00,1.000000000000000056e-01
9.977870515146012309e-01,-6.416723897234848095e-02,1.742312464697458665e-02,4.577511479960521257e+01,6.460408089558801470e-02,9.975777114906386744e-01,-2.578802568511908561e-02,2.941885977450167555e+00,-1.572617440558295512e-02,2.685656306688483791e-02,9.995155889023440432e-01,2.497753811635580190e-01,0.000000000000000000e+00,0.000000000000000000e+00,0.000000000000000000e+00,1.000000000000000056e-01
9.976581182077386423e-01,-6.683966694945021880e-02,1.451682114928442950e-02,4.667508272815139492e+01,6.713622372223869428e-02,9.975227088081076721e-01,-2.100411570270562314e-02,2.992684486289132195e+00,-1.307695065798047084e-02,2.192953109899299299e-02,9.996739913728209803e-01,2.493933374847863149e-01,0.000000000000000000e+00,0.000000000000000000e+00,0.000000000000000000e+00,1.000000000000000056e-01
9.980680860595860793e-01,-6.117970147055852570e-02,1.082311033520289532e-02,4.760808046895435552e+01,6.143203064470934005e-02,9.978040829788074051e-01,-2.476121163612120257e-02,3.079670204268802003e+00,-9.284460147048362658e-03,2.537826075196309566e-02,9.996348046566722045e-01,2.445127127932315847e-01,0.000000000000000000e+00,0.000000000000000000e+00,0.000000000000000000e+00,1.000000000000000056e-01
9.980850206180791329e-01,-6.099127086042598067e-02,1.031292861599701800e-02,4.852842017207443348e+01,6.124127669611792446e-02,9.977850972104154170e-01,-2.596932447006365316e-02,3.140394992269323726e+00,-8.706184378820718342e-03,2.655117066406065610e-02,9.996095426164808284e-01,2.478030320582381985e-01,0.000000000000000000e+00,0.000000000000000000e+00,0.000000000000000000e+00,1.000000000000000056e-01
9.982162455709447935e-01,-5.804365581499409260e-02,1.397358572012776315e-02,4.948777055878892384e+01,5.836136906790646145e-02,9.980184719094158385e-01,-2.351765992003158542e-02,3.192972213595689723e+00,-1.258084570952474820e-02,2.429122778340261565e-02,9.996257592589378183e-01,2.448749875807220144e-01,0.000000000000000000e+00,0.000000000000000000e+00,0.000000000000000000e+00,1.000000000000000056e-01
9.983528164306165742e-01,-5.490103791915752762e-02,1.665923048807312762e-02,5.046922976667037375e+01,5.535377095296915850e-02,9.980725851233938073e-01,-2.805485459581076590e-02,3.272385001764483548e+00,-1.508688060341654806e-02,2.893079432896862591e-02,9.994675558381838076e-01,2.615526525171109062e-01,0.000000000000000000e+00,0.000000000000000000e+00,0.000000000000000000e+00,1.000000000000000056e-01
9.985490987150332787e-01,-5.090041129816617882e-02,1.757400310323031789e-02,5.141708443862910372e+01,5.142671305194695952e-02,9.981979590380796186e-01,-3.092131557494152971e-02,3.327008301840818305e+00,-1.596842634912846309e-02,3.178022501320483528e-02,9.993673131827168765e-01,2.554560588700813262e-01,0.000000000000000000e+00,0.000000000000000000e+00,0.000000000000000000e+00,1.000000000000000056e-01
9.984739556205032285e-01,-5.262184152025555645e-02,1.675415597881655186e-02,5.235234543215193526e+01,5.314407789855177949e-02,9.980603808536657739e-01,-3.242195482305768733e-02,3.395041652432275736e+00,-1.501555632862354092e-02,3.326286165159037661e-02,9.993338356639832609e-01,2.610639116901224965e-01,0.000000000000000000e+00,0.000000000000000000e+00,0.000000000000000000e+00,1.000000000000000056e-01
9.985268313928109540e-01,-5.198061982980941437e-02,1.556220263143030628e-02,5.333102131785184241e+01,5.249590250977847344e-02,9.980156509310221802e-01,-3.476982479696928002e-02,3.438758898305871003e+00,-1.372396474480704238e-02,3.553555485477790515e-02,9.992741751555708207e-01,2.740873417349407037e-01,0.000000000000000000e+00,0.000000000000000000e+00,0.000000000000000000e+00,1.000000000000000056e-01
9.985554545383971137e-01,-5.121344693457954150e-02,1.625383230792378300e-02,5.428011240202852861e+01,5.179195134601228406e-02,9.979562650787219269e-01,-3.742842189967441474e-02,3.482829959967488787e+00,-1.430377528442744982e-02,3.821617253476251169e-02,9.991671162370215908e-01,2.739812498093572302e-01,0.000000000000000000e+00,0.000000000000000000e+00,0.000000000000000000e+00,1.000000000000000056e-01
9.987954394860800722e-01,-4.534911525370118740e-02,1.873840461497761414e-02,5.520528658050676540e+01,4.608260009417133179e-02,9.981054664113786501e-01,-4.076606294805698583e-02,3.536748000003142600e+00,-1.685419919096628819e-02,4.158047216459656581e-02,9.989929931206726899e-01,2.716940237381674228e-01,0.000000000000000000e+00,0.000000000000000000e+00,0.000000000000000000e+00,1.000000000000000056e-01
9.987912021771885307e-01,-4.306717035388315379e-02,2.369289537300277998e-02,5.614016401497033115e+01,4.396215186735464436e-02,9.982853574839994915e-01,-3.864808192181184987e-02,3.584547263664349170e+00,-2.198780699929157173e-02,3.964295486909422128e-02,9.989719578009228496e-01,2.824266001603972787e-01,0.000000000000000000e+00,0.000000000000000000e+00,0.000000000000000000e+00,1.000000000000000056e-01
9.986636390900975879e-01,-4.668308273542776804e-02,2.217263506308181018e-02,5.705955766619116787e+01,4.744379762153843466e-02,9.982562976766958807e-01,-3.512050990607179513e-02,3.637619528805764446e+00,-2.049443891815297750e-02,3.612553024016655623e-02,9.991370897120659400e-01,2.745030527156815392e-01,0.000000000000000000e+00,0.000000000000000000e+00,0.000000000000000000e+00,1.000000000000000056e-01
9.986362718579792075e-01,-4.859987971727265654e-02,1.906956268672620192e-02,5.789515262011580177e+01,4.923768200357862834e-02,9.981897325111741548e-01,-3.453850865606403892e-02,3.680012286850609549e+00,-1.735647431106960431e-02,3.543034858334267317e-02,9.992214185048037267e-01,2.794897049129174138e-01,0.000000000000000000e+00,0.000000000000000000e+00,0.000000000000000000e+00,1.000000000000000056e-01
9.986817945785113615e-01,-4.939681744174749534e-02,1.395089975846538696e-02,5.876479081697782192e+01,4.985908104400045560e-02,9.981428206163274197e-01,-3.499973842087776565e-02,3.730689087005349958e+00,-1.219611474576526647e-02,3.564918061763473756e-02,9.992899432629147594e-01,2.921800876698299465e-01,0.000000000000000000e+00,0.000000000000000000e+00,0.000000000000000000e+00,1.000000000000000056e-01
9.987073166315226791e-01,-4.971589221085790516e-02,1.058422261395862603e-02,5.970653461343802348e+01,5.004999158884718830e-02,9.981654215682291831e-01,-3.407036142273347362e-02,3.782235531621628954e+00,-8.870966611356409168e-03,3.455605948596741223e-02,9.993633897157642165e-01,3.100523839275493576e-01,0.000000000000000000e+00,0.000000000000000000e+00,0.000000000000000000e+00,1.000000000000000056e-01
9.991747090895169991e-01,-3.914708583543453913e-02,1.083542276389040139e-02,6.059365326437763599e+01,3.943825068228966335e-02,9.988266223008933631e-01,-2.810699140977955188e-02,3.836769554615920175e+00,-9.722401915164399430e-03,2.851112508445893465e-02,9.995461923530188919e-01,3.019957045733285828e-01,0.000000000000000000e+00,0.000000000000000000e+00,0.000000000000000000e+00,1.000000000000000056e-01
9.991010122370971303e-01,-4.101929716172877244e-02,1.070441998267953644e-02,6.151641877737314701e+01,4.129381982439907922e-02,9.987868417941021537e-01,-2.682657457211379270e-02,3.887415058017398728e+00,-9.591026593533358638e-03,2.724448419994232595e-02,9.995827881119008218e-01,3.146855717935165830e-01,0.000000000000000000e+00,0.000000000000000000e+00,0.000000000000000000e+00,1.000000000000000056e-01
9.989259690509372236e-01,-4.472714015330427756e-02,1.209922680805110805e-02,6.242227586958347274e+01,4.503837574180376974e-02,9.986255310700973276e-01,-2.680659257545013260e-02,3.944248307984189683e+00,-1.088361457357291291e-02,2.732273098855149060e-02,9.995674140872846669e-01,3.254986100036518226e-01,0.000000000000000000e+00,0.000000000000000000e+00,0.000000000000000000e+00,1.000000000000000056e-01
9.988819472674372868e-01,-4.605232260841600478e-02,1.067890469959617041e-02,6.325579044103429993e+01,4.631282854086889167e-02,9.985992509240446680e-01,-2.558628473383816118e-02,3.990184808696512597e+00,-9.485638394792489728e-03,2.605224820063204230e-02,9.996155776236862467e-01,3.366095494626515916e-01,0.000000000000000000e+00,0.000000000000000000e+00,0.000000000000000000e+00,1.000000000000000056e-01
9.987878222056776334e-01,-4.779804787552237311e-02,1.175724597552505607e-02,6.408442969300409686e+01,4.805631294917001028e-02,9.985852048328270891e-01,-2.276355584508200219e-02,4.030760034443298778e+00,-1.065255834863926276e-02,2.330097226018697926e-02,9.996717399688553884e-01,3.397645923664925349e-01,0.000000000000000000e+00,0.000000000000000000e+00,0.000000000000000000e+00,1.000000000000000056e-01
9.987030987776921442e-01,-4.965468977698809377e-02,1.124865658585053052e-02,6.489332355895786009e+01,4.989646036106528543e-02,9.985044656382821016e-01,-2.234223229324498392e-02,4.076502626870198931e+00,-1.012243721995674181e-02,2.287452477232591527e-02,9.996870972365143881e-01,3.522098327717523847e-01,0.000000000000000000e+00,0.000000000000000000e+00,0.000000000000000000e+00,1.000000000000000056e-01
9.985257824538791294e-01,-5.271939278447511368e-02,1.292003867272510653e-02,6.572584824976630102e+01,5.300684207793676661e-02,9.983287963105980101e-01,-2.301932123145994380e-02,4.113709326950628409e+00,-1.168488201879468863e-02,2.367023619376670829e-02,9.996515310100505536e-01,3.648329884723875427e-01,0.000000000000000000e+00,0.000000000000000000e+00,0.000000000000000000e+00,1.000000000000000056e-01
9.984254768628711973e-01,-5.454129611425358876e-02,1.310779040592266811e-02,6.650654119161650613e+01,5.483592289534833936e-02,9.982239449146987909e-01,-2.328040719471468484e-02,4.157379844402986357e+00,-1.181476666564783284e-02,2.396252943897238946e-02,9.996430405257281659e-01,3.708369968320254784e-01,0.000000000000000000e+00,0.000000000000000000e+00,0.000000000000000000e+00,1.000000000000000056e-01
9.983032300483685173e-01,-5.624431886071003944e-02,1.507439786157557110e-02,6.732879315597631376e+01,5.656526291532628509e-02,9.981612144068134906e-01,-2.178442299523584286e-02,4.212431185179426940e+00,-1.382142924282111357e-02,2.260014711921415342e-02,9.996490391351734450e-01,3.705915625228453636e-01,0.000000000000000000e+00,0.000000000000000000e+00,0.000000000000000000e+00,1.000000000000000056e-01
9.982489712368015633e-01,-5.600443291565122828e-02,1.903929931650771498e-02,6.805776514801941346e+01,5.643643776696338765e-02,9.981420434531660391e-01,-2.296496425674731182e-02,4.259901075814799043e+00,-1.771778532556814514e-02,2.399926217479060250e-02,9.995549587182401829e-01,3.672046172587273838e-01,0.000000000000000000e+00,0.000000000000000000e+00,0.000000000000000000e+00,1.000000000000000056e-01
9.982586474179677705e-01,-5.528193762422087959e-02,2.058106478686692539e-02,6.878820030416031273e+01,5.574677395294660304e-02,9.981859112532487366e-01,-2.274167472638050774e-02,4.325334105864546252e+00,-1.928652506514682077e-02,2.384940141876040753e-02,9.995295073197580926e-01,3.765138508449324406e-01,0.000000000000000000e+00,0.000000000000000000e+00,0.000000000000000000e+00,1.000000000000000056e-01
9.983773827137875090e-01,-5.376552975640536830e-02,1.875818476240877913e-02,6.947170916698907206e+01,5.410882350954620418e-02,9.983673378608823867e-01,-1.830010685727050807e-02,4.372657286067032523e+00,-1.774364404456864330e-02,1.928539609621299916e-02,9.996565593209658651e-01,3.936000688969278904e-01,0.000000000000000000e+00,0.000000000000000000e+00,0.000000000000000000e+00,1.000000000000000056e-01
9.983003625915787271e-01,-5.678323852360578350e-02,1.311677827416659302e-02,7.016274412277587658e+01,5.698606672511552507e-02,9.982523893250859759e-01,-1.564466062136129348e-02,4.420416480060869624e+00,-1.220550075675055739e-02,1.636554397287737911e-02,9.997915756405175713e-01,4.035901724653978562e-01,0.000000000000000000e+00,0.000000000000000000e+00,0.000000000000000000e+00,1.000000000000000056e-01
9.982843235936360582e-01,-5.774436644868437968e-02,9.695226177696081304e-03,7.088380820374838720e+01,5.790120440140638508e-02,9.981816092718674982e-01,-1.676083053703865747e-02,4.465929779692899615e+00,-8.709752927792351052e-03,1.729343964816784304e-02,9.998125210003483421e-01,4.176231548984259412e-01,0.000000000000000000e+00,0.000000000000000000e+00,0.000000000000000000e+00,1.000000000000000056e-01
9.984743072656934171e-01,-5.353076610842125854e-02,1.354676382532923017e-02,7.158905295749011088e+01,5.371758082278251661e-02,9.984604744956939726e-01,-1.382397845706983402e-02,4.504758735446626972e+00,-1.278590007944606539e-02,1.453058669425294144e-02,9.998126738591981422e-01,4.217311888227605610e-01,0.000000000000000000e+00,0.000000000000000000e+00,0.000000000000000000e+00,1.000000000000000056e-01
9.983444044974911780e-01,-5.541680279656287927e-02,1.540869807467633475e-02,7.224189089932301044e+01,5.562740517390556833e-02,9.983590732406731894e-01,-1.359237549666560130e-02,4.542982521887937608e+00,-1.463016753724366049e-02,1.442701791192730829e-02,9.997888873917338826e-01,4.359059229674906444e-01,0.000000000000000000e+00,0.000000000000000000e+00,0.000000000000000000e+00,1.000000000000000056e-01
9.984147143092229060e-01,-5.383486783975625217e-02,1.642757606918058763e-02,7.286303924916691699e+01,5.403022756928167053e-02,9.984708785891160954e-01,-1.168927364253895609e-02,4.575163736209211685e+00,-1.577316580919544894e-02,1.255832847772737557e-02,9.997967271531754685e-01,4.433502936047128418e-01,0.000000000000000000e+00,0.000000000000000000e+00,0.000000000000000000e+00,1.000000000000000056e-01
9.984379278164831062e-01,-5.415317236083295321e-02,1.375275320745717247e-02,7.343960882385087530e+01,5.431465816082784587e-02,9.984558696421466095e-01,-1.165308053766065007e-02,4.600404312887222957e+00,-1.310046588483486721e-02,1.238185367393375251e-02,9.998375205468124083e-01,4.501569135415621759e-01,0.000000000000000000e+00,0.000000000000000000e+00,0.000000000000000000e+00,1.000000000000000056e-01
9.986283082864355620e-01,-5.112118987775817608e-02,1.131926828262461160e-02,7.408088245756371748e+01,5.132768763972499898e-02,9.985054029866088365e-01,-1.877308413950086116e-02,4.621105748349452647e+00,-1.034264813916907499e-02,1.932832512226946228e-02,9.997596938651993614e-01,4.623235578221539521e-01,0.000000000000000000e+00,0.000000000000000000e+00,0.000000000000000000e+00,1.000000000000000056e-01
9.987346850725719039e-01,-4.973658444207695178e-02,7.436464282630821793e-03,7.469589962648696257e+01,4.989851383010295710e-02,9.984787428530327302e-01,-2.345929214990212161e-02,4.677255285213225200e+00,-6.258366443227742285e-03,2.380067727321187251e-02,9.996971344416261118e-01,4.664649429735732156e-01,0.000000000000000000e+00,0.000000000000000000e+00,0.000000000000000000e+00,1.000000000000000056e-01
9.988977598180388551e-01,-4.658102765008880625e-02,5.785610906820281250e-03,7.528450960640651601e+01,4.670775452239011444e-02,9.986168310141440019e-01,-2.414146811494029612e-02,4.679127068227129982e+00,-4.653074035473966745e-03,2.438509131273030109e-02,9.996918106214985889e-01,4.728366575975542219e-01,0.000000000000000000e+00,0.000000000000000000e+00,0.000000000000000000e+00,1.000000000000000056e-01
9.990575027503423300e-01,-4.268123535371366739e-02,7.900528269088994554e-03,7.584500584192571182e+01,4.285520001016022984e-02,9.988085450550276967e-01,-2.334356778960448159e-02,4.729390790161484226e+00,-6.894782834791416022e-03,2.366014526032331200e-02,9.996962836261428231e-01,4.697232461041819795e-01,0.000000000000000000e+00,0.000000000000000000e+00,0.000000000000000000e+00,1.000000000000000056e-01
9.992580739219872887e-01,-3.679227145609419158e-02,1.138553744104187082e-02,7.639380944993348521e+01,3.707043136530148442e-02,9.989931222249049947e-01,-2.526904956120072654e-02,4.728272236849907273e+00,-1.044436786554178015e-02,2.567236857862988803e-02,9.996158485495576507e-01,4.887086962971230464e-01,0.000000000000000000e+00,0.000000000000000000e+00,0.000000000000000000e+00,1.000000000000000056e-01
9.993333161590133296e-01,-3.261428803071535903e-02,1.640827324489101818e-02,7.696339898635565646e+01,3.304447088830638618e-02,9.990980442316340637e-01,-2.666760124637343812e-02,4.741278550086247101e+00,-1.552372888005137952e-02,2.719202509511278384e-02,9.995096836013572794e-01,4.914409735078487662e-01,0.000000000000000000e+00,0.000000000000000000e+00,0.000000000000000000e+00,1.000000000000000056e-01
9.995412692844092284e-01,-2.309662917171872998e-02,1.959073041558872727e-02,7.750460230788804949e+01,2.368233003924505309e-02,9.992629419380545386e-01,-3.021125805418611865e-02,4.754348068871302679e+00,-1.887851268570787597e-02,3.066135336557187369e-02,9.993515313284745405e-01,5.091875823811128354e-01,0.000000000000000000e+00,0.000000000000000000e+00,0.000000000000000000e+00,1.000000000000000056e-01
9.997557355904564957e-01,-1.311690890292938234e-02,1.778808181950655709e-02,7.800267603411089112e+01,1.356924853690828249e-02,9.995814053241868224e-01,-2.555170491899528412e-02,4.756991647779472032e+00,-1.744547643742698495e-02,2.578683445008415898e-02,9.995152297593644652e-01,4.948931332732665611e-01,0.000000000000000000e+00,0.000000000000000000e+00,0.000000000000000000e+00,1.000000000000000056e-01
9.998509717986441281e-01,2.474654715241365443e-03,1.708538197838325307e-02,7.850405029835515336e+01,-2.081056767971070382e-03,9.997329173429368998e-01,-2.301658497060401001e-02,4.756937109228765337e+00,-1.713777686969378961e-02,2.297759920054500207e-02,9.995890788413726025e-01,4.977240172364022497e-01,0.000000000000000000e+00,0.000000000000000000e+00,0.000000000000000000e+00,1.000000000000000056e-01
9.996462912992519767e-01,1.990675603954385892e-02,1.763557074872040831e-02,7.899226280165416370e+01,-1.961107718045593945e-02,9.996668080966004677e-01,-1.678327863609622300e-02,4.773957504629199100e+00,-1.796379535268755739e-02,1.643148970534100833e-02,9.997036101778317141e-01,4.953623355506096004e-01,0.000000000000000000e+00,0.000000000000000000e+00,0.000000000000000000e+00,1.000000000000000056e-01
9.989549907560860698e-01,4.040840038491609609e-02,2.135620803982747617e-02,7.949804143969110726e+01,-4.004568683644574301e-02,9.990507052530045451e-01,-1.714734088048293012e-02,4.751246803615218894e+00,-2.202883131955472168e-02,1.627419773157736879e-02,9.996248701782525226e-01,5.050797555714120479e-01,0.000000000000000000e+00,0.000000000000000000e+00,0.000000000000000000e+00,1.000000000000000056e-01
9.975590103996265778e-01,6.648178576262621375e-02,2.135867346840822356e-02,7.999953360607766228e+01,-6.602220836065748888e-02,9.975854823072292099e-01,-2.154700659105251298e-02,4.721037345049594158e+00,-2.273958604943688427e-02,2.008426378200608292e-02,9.995396608312423492e-01,5.051056778941216407e-01,0.000000000000000000e+00,0.000000000000000000e+00,0.000000000000000000e+00,1.000000000000000056e-01
9.951743437163088624e-01,9.495936027979344496e-02,2.471326575073453866e-02,8.047769976672202574e+01,-9.442949674163893248e-02,9.952929921735452767e-01,-2.179288588856267625e-02,4.681050484077466045e+00,-2.666637871805702456e-02,1.935405966415052262e-02,9.994570148938780596e-01,4.995024971321138652e-01,0.000000000000000000e+00,0.000000000000000000e+00,0.000000000000000000e+00,1.000000000000000056e-01
9.913039666659176907e-01,1.289776279767249623e-01,2.610013704781342231e-02,8.093367340788616104e+01,-1.284291715536238776e-01,9.914811089478635653e-01,-2.170618560605348801e-02,4.647502874225232894e+00,-2.867740515574858373e-02,1.816540891398074620e-02,9.994236460843424208e-01,5.064152663445953273e-01,0.000000000000000000e+00,0.000000000000000000e+00,0.000000000000000000e+00,1.000000000000000056e-01
