1.000000000000000000e+00,-2.669644248987933971e-13,1.187275500548353894e-13,1.861533408739868798e-20,2.669644248987964263e-13,1.000000000000000000e+00,-2.516690656833333726e-14,6.117004411281997821e-20,-1.187275500548286746e-13,2.516690656836503053e-14,1.000000000000000000e+00,-3.648199397790526361e-20,0.000000000000000000e+00,0.000000000000000000e+00,0.000000000000000000e+00,1.000000000000000056e-01
9.999966547742513701e-01,-2.141260089667948712e-03,-1.451015346303189627e-03,6.253726555297461909e-01,2.138490444260324978e-03,9.999958938862543167e-01,-1.907634464712149036e-03,-3.159555408116370648e-03,1.455094129814094028e-03,1.904525100791674280e-03,9.999971277384819279e-01,1.251645121057234217e-02,0.000000000000000000e+00,0.000000000000000000e+00,0.000000000000000000e+00,1.000000000000000056e-01
9.999870153893866132e-01,-4.287177679080564005e-03,-2.754843039923526599e-03,1.256102165523225844e+00,4.287218112083632932e-03,9.999908097997268763e-01,8.771885147844558174e-06,-8.434385359237335164e-03,2.754780115734059131e-03,-2.058238422503924677e-05,9.999962053742401658e-01,1.951476229912812305e-02,0.000000000000000000e+00,0.000000000000000000e+00,0.000000000000000000e+00,1.000000000000000056e-01
9.999636801996245605e-01,-8.375485923208638231e-03,-1.577820386847143038e-03,1.986087812272530950e+00,8.376316845710369760e-03,9.999647824441577626e-01,5.207566691800948402e-04,-6.773000700431624534e-03,1.573403229717425331e-03,-5.339540788876790539e-04,9.999986196467064437e-01,2.649728962110502878e-02,0.000000000000000000e+00,0.000000000000000000e+00,0.000000000000000000e+00,1.000000000000000056e-01
9.999079049911191452e-01,-1.332923288781862579e-02,-2.552075017179307893e-03,2.702565057549770611e+00,1.332527919601896559e-02,9.999099976268104317e-01,-1.559993685944013149e-03,-9.023623091712213926e-03,2.572638843514678166e-03,1.525842906178552895e-03,9.999955266563979039e-01,2.484954074370674879e-02,0.000000000000000000e+00,0.000000000000000000e+00,0.000000000000000000e+00,1.000000000000000056e-01
9.997970497629797837e-01,-1.995138858001494972e-02,-2.793094873242976933e-03,3.449169383081806650e+00,1.995132447866665784e-02,9.998009512245421559e-01,-5.081385381161159767e-05,-4.966295741080775650e-03,2.793552718071363582e-03,-4.922400987834307931e-06,9.999960980118779430e-01,3.524840187040285955e-02,0.000000000000000000e+00,0.000000000000000000e+00,0.000000000000000000e+00,1.000000000000000056e-01
9.997039691468109224e-01,-2.419750866759644986e-02,-2.540599613044044504e-03,4.197349311373581138e+00,2.419911906405477348e-02,9.997069753467910935e-01,6.050450347684641680e-04,1.548909440566214983e-02,2.525214572250393356e-03,-6.663461953007481821e-04,9.999965896312407176e-01,5.164967383827097358e-02,0.000000000000000000e+00,0.000000000000000000e+00,0.000000000000000000e+00,1.000000000000000056e-01
9.995417793166168074e-01,-3.006001697124728589e-02,-3.553418109375015583e-03,4.965402351720952012e+00,3.006944578599810014e-02,9.995443506918679777e-01,2.630480962689459978e-03,3.828172386720399972e-02,3.472726694490986619e-03,-2.736124935099946195e-03,9.999902268470651778e-01,6.653590918509919017e-02,0.000000000000000000e+00,0.000000000000000000e+00,0.000000000000000000e+00,1.000000000000000056e-01
9.994200671276884940e-01,-3.387980128871343616e-02,-3.418842951053655595e-03,5.750957233042170991e+00,3.388536718797360153e-02,9.994244717286401292e-01,1.583414179805184415e-03,8.700780776689209794e-02,3.363229552510454187e-03,-1.698344654626299634e-03,9.999929021310157706e-01,6.355249488805773950e-02,0.000000000000000000e+00,0.000000000000000000e+00,0.000000000000000000e+00,1.000000000000000056e-01
9.993532934668387657e-01,-3.591002514940018486e-02,-1.861432446239949610e-03,6.539539711616065176e+00,3.591263760693930163e-02,9.993539671082071196e-01,1.389562953254506366e-03,1.235813356395329687e-01,1.810330659055784091e-03,-1.455513262686011474e-03,9.999973020883841102e-01,6.699786859019664365e-02,0.000000000000000000e+00,0.000000000000000000e+00,0.000000000000000000e+00,1.000000000000000056e-01
9.993124913454274338e-01,-3.700016438820678127e-02,2.352121646668428427e-03,7.326187368488915830e+00,3.700048972367136341e-02,9.993152429274859694e-01,-9.493675867519441838e-05,1.664314544938317320e-01,-2.346998339057992933e-03,1.819011416483482890e-04,9.999972292515469929e-01,8.163103508761888893e-02,0.000000000000000000e+00,0.000000000000000000e+00,0.000000000000000000e+00,1.000000000000000056e-01
9.990735775647684447e-01,-4.292473588981070981e-02,3.074680589022498519e-03,8.128389913036407677e+00,4.292234966272564373e-02,9.990780598854801520e-01,8.379468334617107836e-04,2.084177599048842311e-01,-3.107814564164190167e-03,-7.051980253724416487e-04,9.999949220792972993e-01,7.316983949887198579e-02,0.000000000000000000e+00,0.000000000000000000e+00,0.000000000000000000e+00,1.000000000000000056e-01
9.989546417625086994e-01,-4.557812431536400338e-02,3.501183375828466164e-03,8.962528206240657269e+00,4.556201472870297781e-02,9.989511461599928088e-01,4.550867993913873186e-03,2.615132012332621048e-01,-3.704931173369577224e-03,-4.386589738031312913e-03,9.999835155218663729e-01,7.871731737446911736e-02,0.000000000000000000e+00,0.000000000000000000e+00,0.000000000000000000e+00,1.000000000000000056e-01
9.989601356857019665e-01,-4.553252704579209553e-02,2.331585646738003163e-03,9.743209881466011524e+00,4.552837519736362137e-02,9.989614172213198140e-01,1.803872240556417218e-03,3.073169027594367386e-01,-2.411298963618572176e-03,-1.695843152056434331e-03,9.999956548672157552e-01,9.732383561386433179e-02,0.000000000000000000e+00,0.000000000000000000e+00,0.000000000000000000e+00,1.000000000000000056e-01
9.988962967516071823e-01,-4.685602714391502721e-02,3.271246889753784762e-03,1.052503482529364831e+01,4.685459281469624149e-02,9.989015883290489617e-01,5.137760914575097192e-04,3.587485836572960052e-01,-3.291727220478745004e-03,-3.599360941006663774e-04,9.999945174739279796e-01,9.738055371568041241e-02,0.000000000000000000e+00,0.000000000000000000e+00,0.000000000000000000e+00,1.000000000000000056e-01
9.987210372577832729e-01,-5.050255276666484883e-02,2.404558751167877682e-03,1.128528064403454323e+01,5.050758071652355907e-02,9.987215152300619181e-01,-2.078294188283414529e-03,4.059732752987508242e-01,-2.296525397517651824e-03,2.197084572661468782e-03,9.999949493824852320e-01,1.080431794902043108e-01,0.000000000000000000e+00,0.000000000000000000e+00,0.000000000000000000e+00,1.000000000000000056e-01
9.984740434933966347e-01,-5.520846726771499319e-02,1.268704810562521889e-03,1.211387839080786577e+01,5.520635267119890915e-02,9.984736107708491737e-01,1.645362867547632514e-03,4.688557534568802421e-01,-1.357606235221224793e-03,-1.572811550166613353e-03,9.999978415822394773e-01,1.192601772724850295e-01,0.000000000000000000e+00,0.000000000000000000e+00,0.000000000000000000e+00,1.000000000000000056e-01
9.983695574685690355e-01,-5.705433346784000853e-02,-1.740618440128967976e-03,1.295744181305730258e+01,5.705831289219314567e-02,9.983681302207949582e-01,2.329267981649528040e-03,5.344506351673226074e-01,1.604883145338399609e-03,-2.424786995647946423e-03,9.999957723701213830e-01,1.218327954020549664e-01,0.000000000000000000e+00,0.000000000000000000e+00,0.000000000000000000e+00,1.000000000000000056e-01
9.983439309062730471e-01,-5.746164904005957030e-02,-2.748547290433262132e-03,1.384465820496219379e+01,5.747301912422066172e-02,9.983379967759866691e-01,4.253970622476476761e-03,5.860911160825287292e-01,2.499539029039742240e-03,-4.404893064189866099e-03,9.999871745286212921e-01,1.322075431142646640e-01,0.000000000000000000e+00,0.000000000000000000e+00,0.000000000000000000e+00,1.000000000000000056e-01
9.977891435838247558e-01,-6.632412467523865485e-02,-4.235024477030444219e-03,1.477050905948342496e+01,6.635687126509856593e-02,9.977628571723822226e-01,8.126898738851530760e-03,6.801334009748131182e-01,3.686540677218240990e-03,-8.389954306657983543e-03,9.999580081606264104e-01,1.474612275615161117e-01,0.000000000000000000e+00,0.000000000000000000e+00,0.000000000000000000e+00,1.000000000000000056e-01
9.974656084988223759e-01,-7.107408183895080889e-02,-3.291618572079354002e-03,1.572568585473391778e+01,7.108988590102949257e-02,9.974575675935908325e-01,4.962758593334008067e-03,7.490629490428283299e-01,2.930526343942583753e-03,-5.184181808851497444e-03,9.999822679799478253e-01,1.383687922023420780e-01,0.000000000000000000e+00,0.000000000000000000e+00,0.000000000000000000e+00,1.000000000000000056e-01
9.970446980519835911e-01,-7.680472524662841638e-02,-1.704190781248388856e-03,1.665074136780724601e+01,7.680782782747434811e-02,9.970442240432576542e-01,1.836541968842252213e-03,8.457748807661191748e-01,1.558098473790641651e-03,-1.962009624895413862e-03,9.999968614187635385e-01,1.485782239254185011e-01,0.000000000000000000e+00,0.000000000000000000e+00,0.000000000000000000e+00,1.000000000000000056e-01
9.968945830493957105e-01,-7.874598137176713752e-02,5.105923703672726917e-04,1.754606933889403919e+01,7.874334937832211390e-02,9.968870121043349464e-01,3.971149251172915139e-03,9.441242906581672756e-01,-8.217149474560698445e-04,-3.918611423565207010e-03,9.999919846024047931e-01,1.770055562878585231e-01,0.000000000000000000e+00,0.000000000000000000e+00,0.000000000000000000e+00,1.000000000000000056e-01
9.967840038386174273e-01,-8.012560371739244069e-02,1.239887244231572530e-03,1.848064250905198236e+01,8.011704473235825574e-02,9.967682292326762727e-01,5.861427787509640615e-03,1.022458388509880578e+00,-1.705530653000997049e-03,-5.743241356435607216e-03,9.999820530109094774e-01,1.932563495300794465e-01,0.000000000000000000e+00,0.000000000000000000e+00,0.000000000000000000e+00,1.000000000000000056e-01
9.964794618780679070e-01,-8.382750791018933612e-02,1.277095440178912644e-03,1.941941721417644118e+01,8.382147237211268198e-02,9.964718858423756709e-01,4.212065420974137574e-03,1.107899815845075020e+00,-1.625676649070724195e-03,-4.090188663932017681e-03,9.999903137191510361e-01,2.111540135501237536e-01,0.000000000000000000e+00,0.000000000000000000e+00,0.000000000000000000e+00,1.000000000000000056e-01
9.963777681899984584e-01,-8.503134404413582870e-02,1.006770463119764040e-03,2.035590971800678162e+01,8.502527600129548835e-02,9.963661343814470550e-01,5.022817802358992348e-03,1.182728687037690074e+00,-1.430208943171455954e-03,-4.919023055442735270e-03,9.999868787711960749e-01,2.191021184825792945e-01,0.000000000000000000e+00,0.000000000000000000e+00,0.000000000000000000e+00,1.000000000000000056e-01
9.966167332596059802e-01,-8.208521155382968171e-02,4.135822906548037962e-03,2.128379648678754066e+01,8.205972829719872241e-02,9.966093831451658946e-01,5.994866037019690001e-03,1.275343853499177893e+00,-4.613889762578117330e-03,-5.635199302146860940e-03,9.999734779233316884e-01,2.326362554186622023e-01,0.000000000000000000e+00,0.000000000000000000e+00,0.000000000000000000e+00,1.000000000000000056e-01
9.967594886899816542e-01,-8.005261607622608799e-02,7.880378533977326280e-03,2.222843247157517510e+01,8.000614403887763848e-02,9.967760335494819657e-01,6.046144010215639790e-03,1.363236269295210024e+00,-8.338982103157767042e-03,-5.396072712098266659e-03,9.999506706716931870e-01,2.239722585224276641e-01,0.000000000000000000e+00,0.000000000000000000e+00,0.000000000000000000e+00,1.000000000000000056e-01
9.967956356474321211e-01,-7.911290444923919918e-02,1.181562964201504466e-02,2.318951429522954655e+01,7.904518895169022896e-02,9.968524142144647993e-01,6.092813667325016301e-03,1.450573751281052592e+00,-1.226045911959679040e-02,-5.139321394766330382e-03,9.999116303542918693e-01,2.336555208399305472e-01,0.000000000000000000e+00,0.000000000000000000e+00,0.000000000000000000e+00,1.000000000000000056e-01
9.968916813619267403e-01,-7.723561193421329962e-02,1.554464153778940816e-02,2.412015978764922863e+01,7.716055212440631195e-02,9.970042040538857897e-01,5.372736242781470627e-03,1.527268720422435111e+00,-1.591303953515905284e-02,-4.156602942948770842e-03,9.998647397646979185e-01,2.398243192424922288e-01,0.000000000000000000e+00,0.000000000000000000e+00,0.000000000000000000e+00,1.000000000000000056e-01
9.971158113851606997e-01,-7.495647905351153495e-02,1.189894674385348974e-02,2.507936377697101804e+01,7.491378585967935211e-02,9.971820131438023926e-01,3.994665273049219194e-03,1.591796713751939318e+00,-1.216484171219181856e-02,-3.091748756623827459e-03,9.999212257551808314e-01,2.425601866411208063e-01,0.000000000000000000e+00,0.000000000000000000e+00,0.000000000000000000e+00,1.000000000000000056e-01
9.971834769425013123e-01,-7.446496729631754685e-02,8.948852352249353145e-03,2.604290018347112934e+01,7.443008181184812555e-02,9.972175135425387360e-01,4.170564172659402269e-03,1.665290625735171615e+00,-9.234513216493675167e-03,-3.492753869804259784e-03,9.999512610302860871e-01,2.358765000304234027e-01,0.000000000000000000e+00,0.000000000000000000e+00,0.000000000000000000e+00,1.000000000000000056e-01
9.973398277729262906e-01,-7.246728508769528787e-02,7.858786794941920867e-03,2.698520212259341378e+01,7.243616849192482943e-02,9.973643131929029737e-01,4.174717171056857579e-03,1.741596824125390519e+00,-8.140603913662176894e-03,-3.594351299961997918e-03,9.999604048194374872e-01,2.494692784508914241e-01,0.000000000000000000e+00,0.000000000000000000e+00,0.000000000000000000e+00,1.000000000000000056e-01
9.973782139445469541e-01,-7.185412112564952547e-02,8.583916707775342270e-03,2.794056229803688041e+01,7.184922743900722109e-02,9.974151184273756243e-01,8.775243142025177055e-04,1.810555169952645205e+00,-8.624782038019883357e-03,-2.584758493377758721e-04,9.999627724695714370e-01,2.592678276849071928e-01,0.000000000000000000e+00,0.000000000000000000e+00,0.000000000000000000e+00,1.000000000000000056e-01
9.975016923131175828e-01,-6.921867633080910909e-02,1.411200480007327070e-02,2.894415126703724894e+01,6.928429914465564221e-02,9.975880513514048253e-01,-4.214936884552710449e-03,1.897420825472182937e+00,-1.378621501720012250e-02,5.182147037433400792e-03,9.998915369316724311e-01,2.643725058683848439e-01,0.000000000000000000e+00,0.000000000000000000e+00,0.000000000000000000e+00,1.000000000000000056e-01
9.974040831020143383e-01,-6.983212284318998653e-02,1.756615013723025059e-02,2.992378834821985478e+01,6.999285605661514920e-02,9.975094894616519658e-01,-8.707383935056328336e-03,1.931655397233838611e+00,-1.691434635059960168e-02,9.914285307986115889e-03,9.998077874443486168e-01,2.602540238242155302e-01,0.000000000000000000e+00,0.000000000000000000e+00,0.000000000000000000e+00,1.000000000000000056e-01
9.972294138171122757e-01,-7.159881945448801077e-02,2.017684987063913388e-02,3.083923178083148287e+01,7.189798923875093117e-02,9.973063964985470209e-01,-1.451311980614232791e-02,1.986594686027871148e+00,-1.908337919245794989e-02,1.592358489180794104e-02,9.996910843269486424e-01,2.685802365853924845e-01,0.000000000000000000e+00,0.000000000000000000e+00,0.000000000000000000e+00,1.000000000000000056e-01
9.974455053189686948e-01,-7.010943185778452380e-02,1.367960100170472447e-02,3.175429581762836051e+01,7.029614210960856424e-02,9.974323391253644422e-01,-1.368142066489047050e-02,2.052224339534762798e+00,-1.268527979560919901e-02,1.460809472459163351e-02,9.998128261054788357e-01,2.541298310891061396e-01,0.000000000000000000e+00,0.000000000000000000e+00,0.000000000000000000e+00,1.000000000000000056e-01
9.974860406411865110e-01,-6.988703950687570610e-02,1.172179316203735520e-02,3.274052134501236111e+01,7.005799113465886740e-02,9.974320977540724886e-01,-1.486903655542277936e-02,2.101434925167908307e+00,-1.065253979787225171e-02,1.565286168324605404e-02,9.998207395913428774e-01,2.584180008616301927e-01,0.000000000000000000e+00,0.000000000000000000e+00,0.000000000000000000e+00,1.000000000000000056e-01
9.973004082061506237e-01,-7.277900162374366377e-02,9.752574762411798590e-03,3.368969282183032021e+01,7.287361090365031269e-02,9.972937759895045273e-01,-9.724258658601757713e-03,2.182927366783388390e+00,-9.018460273721525325e-03,1.040871246827048367e-02,9.999051585420710708e-01,2.473444309553450293e-01,0.000000000000000000e+00,0.000000000000000000e+00,0.000000000000000000e+00,1.000000000000000056e-01
9.969802452253048175e-01,-7.682789471578259366e-02,1.130775061767836862e-02,3.464337512623372106e+01,7.696075341280393667e-02,9.969640067819016682e-01,-1.182419618874066755e-02,2.261859566938559940e+00,-1.036499226360382622e-02,1.265874302278341065e-02,9.998661526226690910e-01,2.598446611652012739e-01,0.000000000000000000e+00,0.000000000000000000e+00,0.000000000000000000e+00,1.000000000000000056e-01
9.969435478499548697e-01,-7.723337028307412921e-02,1.177152985224939191e-02,3.562120142750545426e+01,7.737009872555543344e-02,9.969345017522298624e-01,-1.163903085445874147e-02,2.338205916496328918e+00,-1.083652266839521192e-02,1.251422114039854594e-02,9.998629726346038860e-01,2.520812363845958970e-01,0.000000000000000000e+00,0.000000000000000000e+00,0.000000000000000000e+00,1.000000000000000056e-01
9.969753776004731671e-01,-7.673950718326261189e-02,1.229408376675422861e-02,3.659869011536189731e+01,7.687256268191969277e-02,9.969830577438059116e-01,-1.074205187686615680e-02,2.412005194258611152e+00,-1.143265345876936893e-02,1.165463895111909336e-02,9.998667230315302357e-01,2.541333935146394274e-01,0.000000000000000000e+00,0.000000000000000000e+00,0.000000000000000000e+00,1.000000000000000056e-01
9.969038604294212513e-01,-7.760525392261355404e-02,1.265375930400331785e-02,3.759642269420574223e+01,7.771885998390365424e-02,9.969369399491326833e-01,-8.747374901181300191e-03,2.495850088895704477e+00,-1.193615782902346205e-02,9.703727555228915461e-03,9.998816759036113222e-01,2.566636714118760709e-01,0.000000000000000000e+00,0.000000000000000000e+00,0.000000000000000000e+00,1.000000000000000056e-01
9.967885404124178228e-01,-7.858437968573062093e-02,1.539808338367263003e-02,3.858811016785990944e+01,7.874909535054078202e-02,9.968402281996844305e-01,-1.039901073527714666e-02,2.576761097727103600e+00,-1.453222914604098727e-02,1.157819986914638589e-02,9.998273649004797425e-01,2.733638840711648532e-01,0.000000000000000000e+00,0.000000000000000000e+00,0.000000000000000000e+00,1.000000000000000056e-01
9.966537976361686813e-01,-8.031534121835699758e-02,1.518728489170615738e-02,3.960841183537220900e+01,8.043048388125000059e-02,9.967347324691657739e-01,-7.128138063226754570e-03,2.632649035181299446e+00,-1.456519550266812714e-02,8.325806543472192428e-03,9.998592581085448128e-01,2.657535792332723634e-01,0.000000000000000000e+00,0.000000000000000000e+00,0.000000000000000000e+00,1.000000000000000056e-01
9.963241947021223011e-01,-8.396015627444354534e-02,1.699385799453910495e-02,4.062479704631914501e+01,8.416287344922028513e-02,9.963846485544136655e-01,-1.158632201641452732e-02,2.724901330088604468e+00,-1.595962981832826921e-02,1.297398487237208693e-02,9.997884605918361256e-01,2.769194605825218147e-01,0.000000000000000000e+00,0.000000000000000000e+00,0.000000000000000000e+00,1.000000000000000056e-01
9.964295967099144891e-01,-8.296732986176004465e-02,1.563588744289802490e-02,4.164706618532780169e+01,8.316925616987465297e-02,9.964540143020398366e-01,-1.273861097215447588e-02,2.818225092174482693e+00,-1.452355427114321827e-02,1.399355412181008812e-02,9.997966027219602481e-01,2.894483420985553002e-01,0.000000000000000000e+00,0.000000000000000000e+00,0.000000000000000000e+00,1.000000000000000056e-01
9.962905203231418039e-01,-8.471749736994371727e-02,1.510446138122280117e-02,4.270444436753035689e+01,8.491552041577879462e-02,9.963034898584067767e-01,-1.298886016850655037e-02,2.908168921682733554e+00,-1.394824385937978688e-02,1.422328145447249170e-02,9.998015526882852999e-01,2.982911801599268387e-01,0.000000000000000000e+00,0.000000000000000000e+00,0.000000000000000000e+00,1.000000000000000056e-01
9.964111523634948675e-01,-8.385621704945092625e-02,1.153040796362290316e-02,4.377773745368902070e+01,8.401046006695406243e-02,9.963718577772876506e-01,-1.361483120627231605e-02,2.988416904374179506e+00,-1.034688576292017506e-02,1.453464452925989914e-02,9.998408303642221107e-01,3.049040565693147409e-01,0.000000000000000000e+00,0.000000000000000000e+00,0.000000000000000000e+00,1.000000000000000056e-01
9.964434852604402426e-01,-8.333755065690910679e-02,1.245926693404900490e-02,4.481116636115444862e+01,8.351578820393863734e-02,9.964003216741494917e-01,-1.454345517152677916e-02,3.065129579255722714e+00,-1.120240164882692346e-02,1.553227665728549103e-02,9.998166104737107318e-01,3.125656458296059981e-01,0.000000000000000000e+00,0.000000000000000000e+00,0.000000000000000000e+00,1.000000000000000056e-01
9.964138492627682142e-01,-8.334682570449405969e-02,1.458587132597949886e-02,4.581820119091499066e+01,8.355403069210864953e-02,9.964017240910596485e-01,-1.422421117201296339e-02,3.163038610919849614e+00,-1.334784448723864113e-02,1.539190934707394820e-02,9.997924405466346309e-01,3.250872763650459185e-01,0.000000000000000000e+00,0.000000000000000000e+00,0.000000000000000000e+00,1.000000000000000056e-01
9.959980738841481829e-01,-8.851220194655512463e-02,1.238656230110884819e-02,4.676449068994460845e+01,8.865835571711899732e-02,9.959922723291072533e-01,-1.179361786044874974e-02,3.240680816085335980e+00,-1.129304124688291881e-02,1.284459291973660822e-02,9.998537311287698515e-01,3.385026911561844210e-01,0.000000000000000000e+00,0.000000000000000000e+00,0.000000000000000000e+00,1.000000000000000056e-01
9.962152058861385440e-01,-8.664884961785677964e-02,6.873166747627881476e-03,4.772094389791714519e+01,8.672874468102180490e-02,9.961556451679738355e-01,-1.233107643443327565e-02,3.343978275819922352e+00,-5.778270268236809781e-03,1.288050697293176457e-02,9.999003471010635691e-01,3.323345132571220994e-01,0.000000000000000000e+00,0.000000000000000000e+00,0.000000000000000000e+00,1.000000000000000056e-01
9.962784146058767387e-01,-8.605168235839953661e-02,4.942525031784839214e-03,4.866921908177751988e+01,8.610876228172877067e-02,9.962033513270014407e-01,-1.281264465907446491e-02,3.429528317183113018e+00,-3.821210372307930377e-03,1.319055602088461780e-02,9.999056993452685171e-01,3.398145545831566250e-01,0.000000000000000000e+00,0.000000000000000000e+00,0.000000000000000000e+00,1.000000000000000056e-01
9.963513552708485044e-01,-8.515487578215963360e-02,5.711740581333435256e-03,4.963554119307876533e+01,8.522824443595367061e-02,9.962610461120755545e-01,-1.414476405028321747e-02,3.534303498238905217e+00,-4.485889021010218587e-03,1.457995645390670024e-02,9.998836440653948721e-01,3.465893643506060551e-01,0.000000000000000000e+00,0.000000000000000000e+00,0.000000000000000000e+00,1.000000000000000056e-01
9.967571645922795875e-01,-7.994753788170892717e-02,9.140351230229101093e-03,5.064447827931086010e+01,8.009024264513205094e-02,9.966512336659872906e-01,-1.648852525574967531e-02,3.613517196565951384e+00,-7.791525332250696240e-03,1.716710863012001903e-02,9.998222754641339360e-01,3.622682698956677938e-01,0.000000000000000000e+00,0.000000000000000000e+00,0.000000000000000000e+00,1.000000000000000056e-01
9.968107450903023192e-01,-7.932566249338404707e-02,8.705041211967358764e-03,5.158881996335913556e+01,7.945565526734787998e-02,9.967136495501575100e-01,-1.577021389969447338e-02,3.698431868119755883e+00,-7.425450730608874721e-03,1.641158342121402589e-02,9.998377481426953262e-01,3.662050733051302465e-01,0.000000000000000000e+00,0.000000000000000000e+00,0.000000000000000000e+00,1.000000000000000056e-01
9.968819144582459213e-01,-7.774249633809238169e-02,1.351121346082888829e-02,5.253751387247738336e+01,7.798001895865810940e-02,9.967916102683880286e-01,-1.804445459860930939e-02,3.780621093822603473e+00,-1.206504327674428993e-02,1.904179512744646335e-02,9.997458900986063712e-01,3.927407423517120244e-01,0.000000000000000000e+00,0.000000000000000000e+00,0.000000000000000000e+00,1.000000000000000056e-01
9.970589302539507592e-01,-7.533200350805149825e-02,1.409180074760786432e-02,5.353559994586044013e+01,7.557354496197249416e-02,9.969871088341665244e-01,-1.747409855673642473e-02,3.876632619928733092e+00,-1.273298483184860490e-02,1.848767335152622440e-02,9.997480067653644609e-01,4.201376958400940276e-01,0.000000000000000000e+00,0.000000000000000000e+00,0.000000000000000000e+00,1.000000000000000056e-01
9.970657338849175932e-01,-7.495916896555307463e-02,1.552563365934877919e-02,5.450318719359856345e+01,7.526247039728523047e-02,9.969637595496376736e-01,-1.997054566980954390e-02,3.939556261431329087e+00,-1.398151859521720893e-02,2.108044431803674998e-02,9.996800148073010650e-01,4.148661282782388771e-01,0.000000000000000000e+00,0.000000000000000000e+00,0.000000000000000000e+00,1.000000000000000056e-01
9.969686215462988388e-01,-7.551279727083244631e-02,1.874526874725600256e-02,5.543916817397694530e+01,7.585306238956933400e-02,9.969536736719623038e-01,-1.815724313056983966e-02,4.014790251016266076e+00,-1.731706032202915552e-02,1.952408769476006792e-02,9.996594067088502289e-01,4.239937312002113878e-01,0.000000000000000000e+00,0.000000000000000000e+00,0.000000000000000000e+00,1.000000000000000056e-01
9.969646063049615314e-01,-7.424667320648047075e-02,2.343086197653057590e-02,5.638334775938444920e+01,7.462862961029680109e-02,9.970851053144611509e-01,-1.587011035056403591e-02,4.099448591833113831e+00,-2.218426058452847849e-02,1.757055143756285770e-02,9.995994869468960431e-01,4.350204650706785414e-01,0.000000000000000000e+00,0.000000000000000000e+00,0.000000000000000000e+00,1.000000000000000056e-01
9.968883242626216390e-01,-7.461270418262029580e-02,2.542859263543624515e-02,5.734083541849618371e+01,7.498790498072301081e-02,9.970842681828018250e-01,-1.413422261635386562e-02,4.165612023176946899e+00,-2.429985710789722003e-02,1.599707838711145885e-02,9.995767156289767641e-01,4.196000737417769910e-01,0.000000000000000000e+00,0.000000000000000000e+00,0.000000000000000000e+00,1.000000000000000056e-01
9.969097754235077824e-01,-7.533255211934035411e-02,2.226895274228309768e-02,5.822622071169043068e+01,7.558702257313713868e-02,9.970805674752362124e-01,-1.081406407364686809e-02,4.233131076374314183e+00,-2.138928899190496030e-02,1.246389002068579860e-02,9.996935279184181455e-01,4.211031457000727896e-01,0.000000000000000000e+00,0.000000000000000000e+00,0.000000000000000000e+00,1.000000000000000056e-01
9.970620298495930234e-01,-7.486704473111452374e-02,1.619364830538830638e-02,5.912724610011770210e+01,7.498138168734461151e-02,9.971632786638244816e-01,-6.571764197579997406e-03,4.312021074055089720e+00,-1.565570287358733145e-02,7.766678675028935476e-03,9.998472771728154074e-01,4.249179571239379283e-01,0.000000000000000000e+00,0.000000000000000000e+00,0.000000000000000000e+00,1.000000000000000056e-01
9.971462035451712502e-01,-7.489621544591688884e-02,9.487131670356054730e-03,6.011341302008529652e+01,7.496285638629869574e-02,9.971626294761767317e-01,-6.874630067452568334e-03,4.375284230124989016e+00,-8.945329387956051093e-03,7.566193761460619956e-03,9.999313645416394447e-01,4.285963888777888364e-01,0.000000000000000000e+00,0.000000000000000000e+00,0.000000000000000000e+00,1.000000000000000056e-01
9.972947126771187776e-01,-7.289034902034963181e-02,9.500162417285643035e-03,6.103626413388102634e+01,7.292874413768557496e-02,9.973300686334456433e-01,-3.759318835448632358e-03,4.456478175615238513e+00,-9.200779573665746058e-03,4.441983712057105162e-03,9.999478058558549654e-01,4.357383314457238255e-01,0.000000000000000000e+00,0.000000000000000000e+00,0.000000000000000000e+00,1.000000000000000056e-01
9.970865102449461004e-01,-7.547865312639608082e-02,1.102107117208521100e-02,6.197976427959202539e+01,7.551108265635007866e-02,9.971416865226984116e-01,-2.556050612648214093e-03,4.536260452013818778e+00,-1.079664223825415464e-02,3.380816601611707529e-03,9.999359992496946736e-01,4.370064936211295881e-01,0.000000000000000000e+00,0.000000000000000000e+00,0.000000000000000000e+00,1.000000000000000056e-01
9.971929706586435405e-01,-7.387192556786056907e-02,1.221138329126316389e-02,6.285390578396369676e+01,7.391960388070120680e-02,9.972580630799234847e-01,-3.499683442768798582e-03,4.605133961545906374e+00,-1.191937209377635400e-02,4.392520344385073862e-03,9.999193139118347506e-01,4.475820317798671066e-01,0.000000000000000000e+00,0.000000000000000000e+00,0.000000000000000000e+00,1.000000000000000056e-01
9.973706559361841251e-01,-7.108070845240238578e-02,1.411763306402497378e-02,6.365878552588337413e+01,7.112504438600350531e-02,9.974638522914700545e-01,-2.662974455270221072e-03,4.680252868766979546e+00,-1.389254255040852162e-02,3.660089857498250408e-03,9.998967951762421924e-01,4.488809026604420604e-01,0.000000000000000000e+00,0.000000000000000000e+00,0.000000000000000000e+00,1.000000000000000056e-01
9.972715526684136078e-01,-7.249401857355834700e-02,1.393081151218922634e-02,6.446305582493445741e+01,7.251113574435559539e-02,9.973673379342039569e-01,-7.269216622534530872e-04,4.752592551684794664e+00,-1.384143892069040691e-02,1.735077259373189826e-03,9.999026973038470656e-01,4.600915449932605483e-01,0.000000000000000000e+00,0.000000000000000000e+00,0.000000000000000000e+00,1.000000000000000056e-01
9.971770131848209928e-01,-7.334490138297701523e-02,1.607886242620137907e-02,6.524460517418847871e+01,7.335012104870396177e-02,9.973062163490653553e-01,2.656570189622139413e-04,4.816635449398797064e+00,-1.605503403732953110e-02,9.144794325870053307e-04,9.998706914443624694e-01,4.606807827410787648e-01,0.000000000000000000e+00,0.000000000000000000e+00,0.000000000000000000e+00,1.000000000000000056e-01
9.965990998922115152e-01,-8.121391159768609480e-02,1.394756814061253077e-02,6.605787558229376089e+01,8.122471835864300549e-02,9.966957917937816491e-01,-2.091605265277199800e-04,4.882892414748483567e+00,-1.388449572699437980e-02,1.341336486479741521e-03,9.999027060643636000e-01,4.655166959573806551e-01,0.000000000000000000e+00,0.000000000000000000e+00,0.000000000000000000e+00,1.000000000000000056e-01
9.965085650084496427e-01,-8.242063531922047548e-02,1.332361581465884778e-02,6.680495024424111250e+01,8.240170246963945955e-02,9.965972603490955706e-01,1.964712391705276690e-03,4.946561819114370984e+00,-1.344021186237678508e-02,-8.599640999332427331e-04,9.999093064707624823e-01,4.695819842161829127e-01,0.000000000000000000e+00,0.000000000000000000e+00,0.000000000000000000e+00,1.000000000000000056e-01
9.963623867104249854e-01,-8.360609391165932380e-02,1.649288966616891533e-02,6.758805762483687829e+01,8.355211530482128945e-02,9.964956341162900522e-01,3.936396227876458147e-03,5.032566519191724375e+00,-1.676419925900034247e-02,-2.544061321547460772e-03,9.998562343533178298e-01,4.795111827439911267e-01,0.000000000000000000e+00,0.000000000000000000e+00,0.000000000000000000e+00,1.000000000000000056e-01
9.966736800676493369e-01,-7.920214645209430748e-02,1.919884001157171408e-02,6.832529529740372709e+01,7.908208166643573844e-02,9.968439813425220564e-01,6.935504343076642070e-03,5.113590549184591438e+00,-1.968755494499275019e-02,-5.394150403043413214e-03,9.997916299518201377e-01,4.766819784306277064e-01,0.000000000000000000e+00,0.000000000000000000e+00,0.000000000000000000e+00,1.000000000000000056e-01
9.962056049762944010e-01,-8.437662632806498808e-02,2.133020260825824882e-02,6.904812279696514565e+01,8.418371081939192424e-02,9.964021814093556584e-01,9.787528562127134971e-03,5.203368561269201997e+00,-2.207929904893390916e-02,-7.954735204363972897e-03,9.997245754413243146e-01,4.845796741780768468e-01,0.000000000000000000e+00,0.000000000000000000e+00,0.000000000000000000e+00,1.000000000000000056e-01
9.963390081118990160e-01,-8.413188229356059755e-02,1.517917311119696550e-02,6.972809310673872574e+01,8.392025575222085421e-02,9.963730045984858785e-01,1.407928911087190892e-02,5.278228182633653454e+00,-1.630863541437675007e-02,-1.275390485804789482e-02,9.997856601901193851e-01,4.808973563980755150e-01,0.000000000000000000e+00,0.000000000000000000e+00,0.000000000000000000e+00,1.000000000000000056e-01
9.963099932129589886e-01,-8.529719819089748301e-02,9.528137529254051066e-03,7.041620636081871965e+01,8.516487489793606036e-02,9.962750866098794011e-01,1.352390047641965215e-02,5.353285873271212303e+00,-1.064619686143956391e-02,-1.266253455118514573e-02,9.998631499916013077e-01,4.880477284885031408e-01,0.000000000000000000e+00,0.000000000000000000e+00,0.000000000000000000e+00,1.000000000000000056e-01
9.966493643727306617e-01,-8.149939195443514639e-02,6.920520680508421632e-03,7.115576532097644247e+01,8.141417796397318329e-02,9.966103527112826210e-01,1.181255667260193085e-02,5.428464574886517013e+00,-7.859778742591586737e-03,-1.120954859707930240e-02,9.999062805575166246e-01,4.978538589612238607e-01,0.000000000000000000e+00,0.000000000000000000e+00,0.000000000000000000e+00,1.000000000000000056e-01
9.968366717839796110e-01,-7.930174827979408203e-02,5.280388849951247847e-03,7.186572569227831764e+01,7.924417656259963305e-02,9.968015910514607114e-01,1.034159360021602060e-02,5.494014398173001190e+00,-6.083606459498056875e-03,-9.890439679037120804e-03,9.999325821951203785e-01,5.006295163703896600e-01,0.000000000000000000e+00,0.000000000000000000e+00,0.000000000000000000e+00,1.000000000000000056e-01
9.968885184285315448e-01,-7.834135745493686631e-02,8.712837510538241209e-03,7.254148430955895321e+01,7.823042953790321219e-02,9.968579696465575957e-01,1.241725599550789344e-02,5.565601316559068756e+00,-9.658246201169059381e-03,-1.169701091136630261e-02,9.998849424889130200e-01,5.096667841111996999e-01,0.000000000000000000e+00,0.000000000000000000e+00,0.000000000000000000e+00,1.000000000000000056e-01
9.968543847688660087e-01,-7.835288203061563372e-02,1.192314742767294766e-02,7.312970608448941334e+01,7.818615970561798578e-02,9.968424207070294418e-01,1.386047291535779692e-02,5.602755960917056299e+00,-1.297150714347386491e-02,-1.288464809167086216e-02,9.998328489532540830e-01,5.323252043601870431e-01,0.000000000000000000e+00,0.000000000000000000e+00,0.000000000000000000e+00,1.000000000000000056e-01
9.968337035198453489e-01,-7.899764123783487024e-02,9.052082951857621726e-03,7.371459371003314232e+01,7.890681821294839859e-02,9.968319735534615367e-01,9.986517962714795346e-03,5.631557378281279114e+00,-9.812317076903614640e-03,-9.240626622109693669e-03,9.999091605006992234e-01,5.401941737066154881e-01,0.000000000000000000e+00,0.000000000000000000e+00,0.000000000000000000e+00,1.000000000000000056e-01
9.967992374926946120e-01,-7.963421153272805253e-02,7.047871135557669080e-03,7.434094020124184965e+01,7.958865454831230701e-02,9.968064383553190133e-01,6.524608844442422555e-03,5.668511082077328567e+00,-7.544945405509134902e-03,-5.942794539969376878e-03,9.999538774322961343e-01,5.524004709263290458e-01,0.000000000000000000e+00,0.000000000000000000e+00,0.000000000000000000e+00,1.000000000000000056e-01
9.969414082389145282e-01,-7.813088453420057033e-02,1.842123913696092942e-03,7.496151564779732723e+01,7.812068221452804495e-02,9.969309728990692898e-01,5.078807424169924298e-03,5.685733478711076039e+00,-2.233282101910948059e-03,-4.919365448764582982e-03,9.999854060408255307e-01,5.658764778183693611e-01,0.000000000000000000e+00,0.000000000000000000e+00,0.000000000000000000e+00,1.000000000000000056e-01
9.974233327231772916e-01,-7.169423858900550450e-02,2.575168447449048808e-03,7.557295804760401836e+01,7.168477675621109935e-02,9.974208554322793185e-01,3.595821206934175004e-03,5.741688317285947640e+00,-2.826326379270189138e-03,-3.401955596831938381e-03,9.999902192408258728e-01,5.871918484383550352e-01,0.000000000000000000e+00,0.000000000000000000e+00,0.000000000000000000e+00,1.000000000000000056e-01
9.977158951563709355e-01,-6.736319940440327336e-02,5.019155140469477167e-03,7.614422888531605338e+01,6.733088067862771919e-02,9.977104830576137839e-01,6.351732360817556079e-03,5.800116196169147642e+00,-5.435536713324060770e-03,-5.999280202296306506e-03,9.999672312519507500e-01,5.817130964263567128e-01,0.000000000000000000e+00,0.000000000000000000e+00,0.000000000000000000e+00,1.000000000000000056e-01
9.979089465057819908e-01,-6.413165786270157154e-02,8.053877544496474902e-03,7.669319335522943959e+01,6.409741064147649048e-02,9.979337650738453469e-01,4.440999279112357520e-03,5.818549480745708991e+00,-8.322044987759602205e-03,-3.915480215826192684e-03,9.999577053965338358e-01,5.917277815951729192e-01,0.000000000000000000e+00,0.000000000000000000e+00,0.000000000000000000e+00,1.000000000000000056e-01
9.983144150889354806e-01,-5.690398277201331317e-02,1.141338557655452099e-02,7.726152540678629066e+01,5.691108697184487503e-02,9.983792060924506773e-01,-2.983653648490603946e-04,5.810840736604386159e+00,-1.137790865316639505e-02,9.474106238825808889e-04,9.999348206797230576e-01,6.083185118353292564e-01,0.000000000000000000e+00,0.000000000000000000e+00,0.000000000000000000e+00,1.000000000000000056e-01
9.987984644878636908e-01,-4.682106721522900222e-02,1.447117830422913094e-02,7.781190132165164641e+01,4.691176414969421699e-02,9.988810612601822791e-01,-5.992648837985158419e-03,5.826497754060013357e+00,-1.417440372817315407e-02,6.664316961170724599e-03,9.998773290551155046e-01,6.119913232240685730e-01,0.000000000000000000e+00,0.000000000000000000e+00,0.000000000000000000e+00,1.000000000000000056e-01
9.993010593684323872e-01,-3.451417569665786444e-02,1.435842683266570427e-02,7.831548063866399900e+01,3.452184150790278683e-02,9.994039025778015395e-01,-2.863060660125595199e-04,5.862593750781836199e+00,-1.433998619357855150e-02,7.817852904900630040e-04,9.998968714861186102e-01,6.142041032473659623e-01,0.000000000000000000e+00,0.000000000000000000e+00,0.000000000000000000e+00,1.000000000000000056e-01
9.997559826117319304e-01,-1.562534509301813368e-02,1.561485903792747543e-02,7.882765990031292347e+01,1.559266731351115209e-02,9.998759795302998299e-01,2.212302957034977501e-03,5.877006592536859308e+00,-1.564749047292926520e-02,-1.968285814519568286e-03,9.998756332128770907e-01,6.155227486935199721e-01,0.000000000000000000e+00,0.000000000000000000e+00,0.000000000000000000e+00,1.000000000000000056e-01
9.999022650649913579e-01,8.277323389998133239e-04,1.395618777011811001e-02,7.932742066278004245e+01,-9.050188635733877676e-04,9.999842866752839399e-01,5.532390385725567683e-03,5.883033847694194129e+00,-1.395138913357364327e-02,-5.544480291106304928e-03,9.998873023893968259e-01,6.249143109853261269e-01,0.000000000000000000e+00,0.000000000000000000e+00,0.000000000000000000e+00,1.000000000000000056e-01
9.996456273690361716e-01,2.309319100790937704e-02,1.324100491043860364e-02,7.984966079637911207e+01,-2.315532197904601394e-02,9.997214874814728258e-01,4.558347494227302232e-03,5.871130507284189726e+00,-1.313205033544855016e-02,-4.863331872660260277e-03,9.999019438210346999e-01,6.355796622033397236e-01,0.000000000000000000e+00,0.000000000000000000e+00,0.000000000000000000e+00,1.000000000000000056e-01
9.987131008532709187e-01,4.855375358068619168e-02,1.465179843125880704e-02,8.035934307476220795e+01,-4.862937858548142117e-02,9.988051170676167656e-01,4.849913188315631285e-03,5.833143893501368638e+00,-1.439880975755138126e-02,-5.556179692043725776e-03,9.998808944793352582e-01,6.532216903082164183e-01,0.000000000000000000e+00,0.000000000000000000e+00,0.000000000000000000e+00,1.000000000000000056e-01
9.973308482424203536e-01,7.142147601585258077e-02,1.517075831233701856e-02,8.081634066321282717e+01,-7.152052201152070410e-02,9.974205423866947529e-01,6.089052161982188259e-03,5.836777420062993826e+00,-1.469673689136235910e-02,-7.157820111510999721e-03,9.998663768404242314e-01,6.475178126136681422e-01,0.000000000000000000e+00,0.000000000000000000e+00,0.000000000000000000e+00,1.000000000000000056e-01
9.944239692989529367e-01,1.043243343398587708e-01,1.540787293108532297e-02,8.130806111859254770e+01,-1.043486013419223646e-01,9.945404794031433848e-01,7.773201080455589005e-04,5.760326741173587450e+00,-1.524265992862347194e-02,-2.380775737271375366e-03,9.998809895308486961e-01,6.446056748077444443e-01,0.000000000000000000e+00,0.000000000000000000e+00,0.000000000000000000e+00,1.000000000000000056e-01
