9.999999999999998890e-01,-4.663742240658642890e-09,1.161749673688510045e-08,7.817229643095641936e-15,4.663742259890949474e-09,1.000000000000000000e+00,-1.655460456607054403e-09,6.019958367725534548e-15,-1.161749672916445800e-08,1.655460510788064882e-09,9.999999999999998890e-01,-2.235395731946010178e-14,0.000000000000000000e+00,0.000000000000000000e+00,0.000000000000000000e+00,1.000000000000000056e-01
9.998554373312764643e-01,-1.243263911267000060e-02,1.159887597036543365e-02,6.526711592803328132e-01,1.246600454106222208e-02,9.999183514761293967e-01,-2.808756315874687010e-03,4.277629505098869654e-03,-1.156300868563319394e-02,2.952941915083663518e-03,9.999287859463703576e-01,2.849345509063035738e-03,0.000000000000000000e+00,0.000000000000000000e+00,0.000000000000000000e+00,1.000000000000000056e-01
9.995352661421842422e-01,-1.908668618030874911e-02,2.376867999547343374e-02,1.337256190229399122e+00,1.917227716142510044e-02,9.998104874229600814e-01,-3.378317259876589037e-03,-1.478405578786145440e-03,-2.369969465031786932e-02,3.832446962097918030e-03,9.997117768755975353e-01,-1.314324596519724810e-02,0.000000000000000000e+00,0.000000000000000000e+00,0.000000000000000000e+00,1.000000000000000056e-01
9.990694658150417462e-01,-2.694671220825893554e-02,3.367606237689334259e-02,2.069082448810056984e+00,2.717174714713270489e-02,9.996112876820503201e-01,-6.242571233511033137e-03,2.039443362865438550e-02,-3.349475530615841912e-02,7.151799759392229137e-03,9.994133044577614422e-01,-3.754990583726179609e-02,0.000000000000000000e+00,0.000000000000000000e+00,0.000000000000000000e+00,1.000000000000000056e-01
9.983352135012808493e-01,-3.591419677417959783e-02,4.513282567508300480e-02,2.801132819207881042e+00,3.631363356338732779e-02,9.993079267558544476e-01,-8.061484995946572446e-03,7.014908038673026147e-02,-4.481206869556407513e-02,9.687001237810896614e-03,9.989484673927092606e-01,-7.988969113942247235e-02,0.000000000000000000e+00,0.000000000000000000e+00,0.000000000000000000e+00,1.000000000000000056e-01
9.975130870979317388e-01,-4.510234139365137951e-02,5.416105491185209397e-02,3.552052186376394527e+00,4.564718507680828874e-02,9.989182925251948175e-01,-8.864499597439800399e-03,9.757862754607990463e-02,-5.370265880678298798e-02,1.131475405653703525e-02,9.984928646603952185e-01,-1.167783894979878417e-01,0.000000000000000000e+00,0.000000000000000000e+00,0.000000000000000000e+00,1.000000000000000056e-01
9.964072565327355413e-01,-5.443903168615620014e-02,6.487658250849075159e-02,4.310615575347056527e+00,5.517518943532358222e-02,9.984304550771156972e-01,-9.608581855813770264e-03,1.539552620445712727e-01,-6.425167390569279380e-02,1.315363841594399501e-02,9.978470344680787640e-01,-1.511761388947342188e-01,0.000000000000000000e+00,0.000000000000000000e+00,0.000000000000000000e+00,1.000000000000000056e-01
9.949920018177565995e-01,-6.434371783092199260e-02,7.649053728657036200e-02,5.114460326206155649e+00,6.514859030868078160e-02,9.978429285978259733e-01,-8.071618679402902882e-03,2.233181644228956764e-01,-7.580618378130628277e-02,1.301444670390233295e-02,9.970376355371476373e-01,-2.053973271355239438e-01,0.000000000000000000e+00,0.000000000000000000e+00,0.000000000000000000e+00,1.000000000000000056e-01
9.936462504391218031e-01,-6.921967601732985365e-02,8.874550940937762922e-02,5.889177006114167945e+00,7.005125681716857511e-02,9.975235835870908119e-01,-6.286621183384380647e-03,2.924354394014834213e-01,-8.809058069174670325e-02,1.246341203780780560e-02,9.960344938573998386e-01,-2.585579847558039379e-01,0.000000000000000000e+00,0.000000000000000000e+00,0.000000000000000000e+00,1.000000000000000056e-01
9.918527334049420663e-01,-7.797339622296334261e-02,1.007387945063950158e-01,6.692649409557716922e+00,7.920231575802882951e-02,9.968244105756633999e-01,-8.251524649834293679e-03,3.542269584435679408e-01,-9.977549005497500512e-02,1.616304309027507755e-02,9.948786899026189623e-01,-3.282620034213436511e-01,0.000000000000000000e+00,0.000000000000000000e+00,0.000000000000000000e+00,1.000000000000000056e-01
9.899671621015029288e-01,-8.595338660710269418e-02,1.121473730921351414e-01,7.524383812894338774e+00,8.777124176786982312e-02,9.960758231710209465e-01,-1.136501705669943491e-02,4.240717515721783570e-01,-1.107304252643453307e-01,2.109430788015720371e-02,9.936265913791932913e-01,-4.055068173907345197e-01,0.000000000000000000e+00,0.000000000000000000e+00,0.000000000000000000e+00,1.000000000000000056e-01
9.880540818027850891e-01,-9.276603768116527260e-02,1.230593096266670156e-01,8.362583894929660033e+00,9.496041911461945706e-02,9.954078075298149475e-01,-1.207540932071043266e-02,5.174058685715590133e-01,-1.213740097155527470e-01,2.361692108687136332e-02,9.923258491060007458e-01,-5.016294110667344208e-01,0.000000000000000000e+00,0.000000000000000000e+00,0.000000000000000000e+00,1.000000000000000056e-01
9.862008642278127235e-01,-9.976055544010434262e-02,1.321199718990178351e-01,9.210663223540700884e+00,1.023052718121340299e-01,9.946732795063506494e-01,-1.259755514084032885e-02,6.318600628965650445e-01,-1.301594666390454014e-01,2.594028940399478039e-02,9.911536786139050204e-01,-6.021992825389185233e-01,0.000000000000000000e+00,0.000000000000000000e+00,0.000000000000000000e+00,1.000000000000000056e-01
9.842787440375364572e-01,-1.051104090615373465e-01,1.419406775480729910e-01,9.990978583697966542e+00,1.084510365458076497e-01,9.939732434671958439e-01,-1.598636742485615159e-02,7.355217000152325380e-01,-1.394049020229548019e-01,3.112865525876275935e-02,9.897460685012855475e-01,-6.974717230351764607e-01,0.000000000000000000e+00,0.000000000000000000e+00,0.000000000000000000e+00,1.000000000000000056e-01
9.818728142553584393e-01,-1.127571863673832719e-01,1.523535150522413173e-01,1.081889654199401463e+01,1.165963012523114906e-01,9.930427356675813888e-01,-1.647506212814574267e-02,8.447476120493646601e-01,-1.494358697252521906e-01,3.394027195467403529e-02,9.881887364158226106e-01,-8.210314914095060423e-01,0.000000000000000000e+00,0.000000000000000000e+00,0.000000000000000000e+00,1.000000000000000056e-01
9.798039533038582771e-01,-1.179795023921291625e-01,1.614467407705599822e-01,1.162484527167636195e+01,1.223986124699141670e-01,9.923237101601177779e-01,-1.767014203390432012e-02,9.578216447897902608e-01,-1.581227142303425759e-01,3.707413207836658675e-02,9.867232215647229188e-01,-9.219565760903368767e-01,0.000000000000000000e+00,0.000000000000000000e+00,0.000000000000000000e+00,1.000000000000000056e-01
9.777798077507644514e-01,-1.237311805058826930e-01,1.692254192652472844e-01,1.248667661022559727e+01,1.281922072353092468e-01,9.916258228621706028e-01,-1.565201063961614222e-02,1.095614385558487003e+00,-1.658716538743662816e-01,3.699759997004946344e-02,9.854530795717463265e-01,-1.058099607508169449e+00,0.000000000000000000e+00,0.000000000000000000e+00,0.000000000000000000e+00,1.000000000000000056e-01
9.756669662809017707e-01,-1.313725754763514220e-01,1.755426367607941240e-01,1.338913347222792538e+01,1.360893418728275905e-01,9.905821931562021065e-01,-1.505355873105762750e-02,1.227922639007275496e+00,-1.719117853343464231e-01,3.857674188625968142e-02,9.843567305853089255e-01,-1.210108280886398546e+00,0.000000000000000000e+00,0.000000000000000000e+00,0.000000000000000000e+00,1.000000000000000056e-01
9.746089780502458222e-01,-1.300196275280327274e-01,1.822971101288417273e-01,1.425666572300432300e+01,1.345095365104626295e-01,9.908343116909865689e-01,-1.243186886953787096e-02,1.364126845941568966e+00,-1.790098446778722041e-01,3.663691080482223833e-02,9.831648957703298386e-01,-1.353853132363329603e+00,0.000000000000000000e+00,0.000000000000000000e+00,0.000000000000000000e+00,1.000000000000000056e-01
9.698006134474324025e-01,-1.515686540669724802e-01,1.910856176202443413e-01,1.522661648342401897e+01,1.565278171730447865e-01,9.876118360778958216e-01,-1.104100040255851303e-02,1.604959326333492475e+00,-1.870449480954395338e-01,4.061778358273453182e-02,9.815112750492479554e-01,-1.528958325918620353e+00,0.000000000000000000e+00,0.000000000000000000e+00,0.000000000000000000e+00,1.000000000000000056e-01
9.679442942841871567e-01,-1.536860472869069627e-01,1.986565932256302847e-01,1.614759421838149578e+01,1.591389431056291770e-01,9.871870756065197483e-01,-1.168223192162968528e-02,1.775196407050197545e+00,-1.943158252688397258e-01,4.292175001993774053e-02,9.799995323597433527e-01,-1.702834440685711881e+00,0.000000000000000000e+00,0.000000000000000000e+00,0.000000000000000000e+00,1.000000000000000056e-01
9.644924252297063516e-01,-1.614586998072804480e-01,2.090106454969742344e-01,1.702782724494590738e+01,1.682463401543224379e-01,9.856309597945618339e-01,-1.499266884603783767e-02,1.941659502379434521e+00,-2.035866663099412111e-01,4.962559169413932603e-02,9.777984301223904273e-01,-1.874282200836518975e+00,0.000000000000000000e+00,0.000000000000000000e+00,0.000000000000000000e+00,1.000000000000000056e-01
9.615890526535244565e-01,-1.684727519129022300e-01,2.167104650906160057e-01,1.785311157441665131e+01,1.761522710970748751e-01,9.842249975570354081e-01,-1.647821504885152097e-02,2.086713947981322814e+00,-2.105157267385029674e-01,5.401931179446155251e-02,9.760968408662189510e-01,-2.039965113017883080e+00,0.000000000000000000e+00,0.000000000000000000e+00,0.000000000000000000e+00,1.000000000000000056e-01
9.588899284365804965e-01,-1.733122154984892693e-01,2.247064331564511408e-01,1.872330314068701185e+01,1.825393835996913239e-01,9.829785870689755622e-01,-2.079593226871780803e-02,2.238283285281203128e+00,-2.172774230745895541e-01,6.095878380418662951e-02,9.742045719966522244e-01,-2.228679927182017462e+00,0.000000000000000000e+00,0.000000000000000000e+00,0.000000000000000000e+00,1.000000000000000056e-01
9.553510677298325815e-01,-1.794087787331414552e-01,2.347697329319762827e-01,1.962100699373242207e+01,1.896343098242370961e-01,9.816185430367085907e-01,-2.153751387636624118e-02,2.418191947840692801e+00,-2.265903041282967822e-01,6.509628315020836442e-02,9.718123831249907418e-01,-2.426230018937879152e+00,0.000000000000000000e+00,0.000000000000000000e+00,0.000000000000000000e+00,1.000000000000000056e-01
9.523098586865033077e-01,-1.831086260159121848e-01,2.440843381437183546e-01,2.051385354096418112e+01,1.944732926855623767e-01,9.806360118460014652e-01,-2.309005636208958517e-02,2.583505519887933310e+00,-2.351299034162346036e-01,6.945677324303003997e-02,9.694790792844054650e-01,-2.636186452278434622e+00,0.000000000000000000e+00,0.000000000000000000e+00,0.000000000000000000e+00,1.000000000000000056e-01
9.500636373898493359e-01,-1.825315679448024642e-01,2.531033615209028476e-01,2.138929952833269610e+01,1.958445219273419191e-01,9.802288885236136728e-01,-2.821789033240698283e-02,2.780803038596297849e+00,-2.429485709787562453e-01,7.637769836393884515e-02,9.670276309661515191e-01,-2.844577212232336727e+00,0.000000000000000000e+00,0.000000000000000000e+00,0.000000000000000000e+00,1.000000000000000056e-01
9.468554836711958744e-01,-1.850205540542868010e-01,2.631199111037217930e-01,2.228798879047298698e+01,1.997631102956766713e-01,9.793792639687957102e-01,-3.018206541867780521e-02,2.996961598767213797e+00,-2.521098824060314936e-01,8.113970597299925702e-02,9.642909080292275670e-01,-3.067465963536828877e+00,0.000000000000000000e+00,0.000000000000000000e+00,0.000000000000000000e+00,1.000000000000000056e-01
9.449727710272328718e-01,-1.821309680803250564e-01,2.717623455948903755e-01,2.319932619506240812e+01,1.975995993924974659e-01,9.798100818810454582e-01,-3.044013410258716162e-02,3.205456237326136382e+00,-2.607313949969153888e-01,8.246522849287812873e-02,9.618828544851913964e-01,-3.296372900371697945e+00,0.000000000000000000e+00,0.000000000000000000e+00,0.000000000000000000e+00,1.000000000000000056e-01
9.445573866718832701e-01,-1.757145682042238199e-01,2.773729146913693766e-01,2.407335157573182371e+01,1.919206136410590013e-01,9.808828741783823801e-01,-3.217553734120275066e-02,3.396573020868800530e+00,-2.664166311310572910e-01,8.362522146074677365e-02,9.602234120205668244e-01,-3.530283933878722191e+00,0.000000000000000000e+00,0.000000000000000000e+00,0.000000000000000000e+00,1.000000000000000056e-01
9.428821862220494454e-01,-1.786407361305961949e-01,2.811772933574956390e-01,2.496800107994911855e+01,1.961061631003490346e-01,9.799573987865308755e-01,-3.501241719155476217e-02,3.577599675923563982e+00,-2.692871250156377849e-01,8.815318461777134351e-02,9.590169239083100594e-01,-3.762753388882680294e+00,0.000000000000000000e+00,0.000000000000000000e+00,0.000000000000000000e+00,1.000000000000000056e-01
9.431497917591447067e-01,-1.779858917573213795e-01,2.806946608684123823e-01,2.583420019719219596e+01,1.959188175730277592e-01,9.799242069687489343e-01,-3.693731876375366818e-02,3.768997897401021202e+00,-2.684851713325498435e-01,8.983079055657680612e-02,9.590860972000958551e-01,-4.008203933972838584e+00,0.000000000000000000e+00,0.000000000000000000e+00,0.000000000000000000e+00,1.000000000000000056e-01
9.408319168037934110e-01,-1.785316280156392099e-01,2.880308353655651743e-01,2.672096147554920620e+01,1.984590494388369097e-01,9.792392623530912221e-01,-4.128526083249488277e-02,3.958982203707195335e+00,-2.746803779288450320e-01,9.600481688050492568e-02,9.567307693999433926e-01,-4.250564633694692951e+00,0.000000000000000000e+00,0.000000000000000000e+00,0.000000000000000000e+00,1.000000000000000056e-01
9.388135785643633158e-01,-1.793739051748325930e-01,2.940307243223133637e-01,2.762749372811304838e+01,2.011014110825707912e-01,9.785295791053708614e-01,-4.514515784073258597e-02,4.131722284129240030e+00,-2.796198976535342329e-01,1.015128807501587682e-01,9.547292013330435090e-01,-4.508108904734909217e+00,0.000000000000000000e+00,0.000000000000000000e+00,0.000000000000000000e+00,1.000000000000000056e-01
9.351138214708814012e-01,-1.799449860421795389e-01,3.052571750056077837e-01,2.856424922255766319e+01,2.040960060336846904e-01,9.777307384939420976e-01,-4.886126610300521589e-02,4.329895333665087165e+00,-2.896669833018988838e-01,1.079926154992569137e-01,9.510155801996132974e-01,-4.780225396677046490e+00,0.000000000000000000e+00,0.000000000000000000e+00,0.000000000000000000e+00,1.000000000000000056e-01
9.316495236356380216e-01,-1.810915222103837707e-01,3.150159133964741121e-01,2.946639563964781416e+01,2.080344148405720572e-01,9.766397221460222378e-01,-5.381947016165572473e-02,4.518557662892147775e+00,-2.979108043549773543e-01,1.156750349473328054e-01,9.475592007566090436e-01,-5.052792045004237842e+00,0.000000000000000000e+00,0.000000000000000000e+00,0.000000000000000000e+00,1.000000000000000056e-01
9.283103606580469513e-01,-1.803002999249269656e-01,3.251640757247148406e-01,3.034122322999261456e+01,2.104203372241670866e-01,9.757886878914067141e-01,-5.966337457464795241e-02,4.702336034092637007e+00,-3.065341024704991701e-01,1.238072632366466752e-01,9.437735986943357469e-01,-5.312768002620334329e+00,0.000000000000000000e+00,0.000000000000000000e+00,0.000000000000000000e+00,1.000000000000000056e-01
9.275325319251067624e-01,-1.835926645651654310e-01,3.255412965177589268e-01,3.124952633462002183e+01,2.154460315503224366e-01,9.743946251154130822e-01,-6.432823668818458962e-02,4.891134993312508783e+00,-3.053954971996448164e-01,1.298031126901673660e-01,9.433370247298287214e-01,-5.599436250452962227e+00,0.000000000000000000e+00,0.000000000000000000e+00,0.000000000000000000e+00,1.000000000000000056e-01
9.263261961110288434e-01,-1.882853080452487893e-01,3.262949910323135194e-01,3.218842002986952622e+01,2.208624962000217407e-01,9.731035904821101479e-01,-6.549167857919921398e-02,5.102248825511924935e+00,-3.051877064541872464e-01,1.327329837121561940e-01,9.429965105259411340e-01,-5.906508917578324969e+00,0.000000000000000000e+00,0.000000000000000000e+00,0.000000000000000000e+00,1.000000000000000056e-01
9.233036308892100807e-01,-1.901304345200792445e-01,3.337076910351440828e-01,3.310362989114761234e+01,2.245164057034949312e-01,9.721426470987035717e-01,-6.731312845135954681e-02,5.338125990085781147e+00,-3.116132037587383552e-01,1.370733072524749629e-01,9.402702375817728608e-01,-6.215333194776442305e+00,0.000000000000000000e+00,0.000000000000000000e+00,0.000000000000000000e+00,1.000000000000000056e-01
9.213386031658100661e-01,-1.936498131706455017e-01,3.370978020922830720e-01,3.402212384820522573e+01,2.291839295962547207e-01,9.709618585275969771e-01,-6.861337842909154272e-02,5.562892812390098918e+00,-3.140221405112909037e-01,1.404735531821163230e-01,9.389660676111242221e-01,-6.502228054596726814e+00,0.000000000000000000e+00,0.000000000000000000e+00,0.000000000000000000e+00,1.000000000000000056e-01
9.196260869421239992e-01,-1.967523368675136997e-01,3.399652602144656588e-01,3.491677722360121550e+01,2.330518244598329680e-01,9.700110211862246201e-01,-6.903235395958064180e-02,5.800969028786969517e+00,-3.161877722674615865e-01,1.427134776901958779e-01,9.379009307779312410e-01,-6.797195878545712944e+00,0.000000000000000000e+00,0.000000000000000000e+00,0.000000000000000000e+00,1.000000000000000056e-01
9.169596587236720220e-01,-1.987452873725211733e-01,3.459556257969811921e-01,3.582692720712203993e+01,2.362892128855511031e-01,9.691938592555134901e-01,-6.950302910902966813e-02,6.024798337988768182e+00,-3.214846686037977075e-01,1.454770563649742110e-01,9.356730379379799567e-01,-7.105891129926653171e+00,0.000000000000000000e+00,0.000000000000000000e+00,0.000000000000000000e+00,1.000000000000000056e-01
9.145630486553500971e-01,-2.015130899278832211e-01,3.506663722428322028e-01,3.676055721388937059e+01,2.413021468575057005e-01,9.676817967075099780e-01,-7.324762277974715408e-02,6.266765145234311163e+00,-3.245731103406294671e-01,1.516061176491312890e-01,9.336315553445948545e-01,-7.432600466032344144e+00,0.000000000000000000e+00,0.000000000000000000e+00,0.000000000000000000e+00,1.000000000000000056e-01
9.112457128250563976e-01,-2.060836138634306591e-01,3.565961230228721357e-01,3.769074170181829686e+01,2.462379976887231203e-01,9.666346033435335716e-01,-7.060022742978921961e-02,6.508644085869183193e+00,-3.301486019237448444e-01,1.521416698865829531e-01,9.315872545993310050e-01,-7.729874888372311403e+00,0.000000000000000000e+00,0.000000000000000000e+00,0.000000000000000000e+00,1.000000000000000056e-01
9.088626653045658310e-01,-2.100383210825182978e-01,3.603506060662555743e-01,3.861791587506622392e+01,2.504657781407880757e-01,9.656740966054719877e-01,-6.885080337610434420e-02,6.756500176087546272e+00,-3.335199388279661559e-01,1.528314196166560834e-01,9.302725447857457253e-01,-8.059106499179295113e+00,0.000000000000000000e+00,0.000000000000000000e+00,0.000000000000000000e+00,1.000000000000000056e-01
9.060511955399599415e-01,-2.149247885588535523e-01,3.645251244064548479e-01,3.954850132242675187e+01,2.577878070213613371e-01,9.634634575124835232e-01,-7.268846255911798337e-02,7.023397049023662575e+00,-3.355840842646245492e-01,1.598296008285793879e-01,9.283522074553657299e-01,-8.374504998750927243e+00,0.000000000000000000e+00,0.000000000000000000e+00,0.000000000000000000e+00,1.000000000000000056e-01
9.039348759084608886e-01,-2.211704852149107559e-01,3.660401024288955640e-01,4.046863563945497333e+01,2.645371577811249653e-01,9.616682474947897408e-01,-7.220992946530244150e-02,7.287118769339786972e+00,-3.360384386784339150e-01,1.621042819610287455e-01,9.277932795081347273e-01,-8.686181994658291217e+00,0.000000000000000000e+00,0.000000000000000000e+00,0.000000000000000000e+00,1.000000000000000056e-01
9.033876132038292095e-01,-2.227563226225888482e-01,3.664293124758851161e-01,4.140999043590351647e+01,2.671061024118668303e-01,9.607873045866315298e-01,-7.444518385695986229e-02,7.564138161347917055e+00,-3.354774960622993185e-01,1.651283624239529291e-01,9.274629230103775823e-01,-9.023678921564121325e+00,0.000000000000000000e+00,0.000000000000000000e+00,0.000000000000000000e+00,1.000000000000000056e-01
9.018640509551816287e-01,-2.263354185937944130e-01,3.679857495674004331e-01,4.237581868622993397e+01,2.714921349470975631e-01,9.594965014800067582e-01,-7.522289750796880281e-02,7.829252338905947184e+00,-3.360554333091144152e-01,1.677460638512847102e-01,9.267836877102575421e-01,-9.364036824248140434e+00,0.000000000000000000e+00,0.000000000000000000e+00,0.000000000000000000e+00,1.000000000000000056e-01
8.990622204614975299e-01,-2.288250693579202133e-01,3.732642647939721781e-01,4.331975188593412440e+01,2.767791897679600099e-01,9.576310174317244073e-01,-7.959971459792986037e-02,8.125863852184117775e+00,-3.392350274518141640e-01,1.748768769335252160e-01,9.243038862104516751e-01,-9.693069808025196465e+00,0.000000000000000000e+00,0.000000000000000000e+00,0.000000000000000000e+00,1.000000000000000056e-01
8.978010999950233328e-01,-2.269855034170411845e-01,3.774000080633790333e-01,4.423039138709300744e+01,2.763114916726959747e-01,9.576176553939189651e-01,-8.136575230072573550e-02,8.399852440817953791e+00,-3.429360646204127061e-01,1.773302211027938946e-01,9.224688874245561276e-01,-1.002425004229906413e+01,0.000000000000000000e+00,0.000000000000000000e+00,0.000000000000000000e+00,1.000000000000000056e-01
8.941791355739823199e-01,-2.404261162504534866e-01,3.776757288056638018e-01,4.503365726701390770e+01,2.914538672230080896e-01,9.529419397570203509e-01,-8.340445271615018474e-02,8.660501999322105959e+00,-3.398504329626770293e-01,1.846535731494269583e-01,9.221739213067294827e-01,-1.031377028749767355e+01,0.000000000000000000e+00,0.000000000000000000e+00,0.000000000000000000e+00,1.000000000000000056e-01
8.946015781923615240e-01,-2.425319871024514962e-01,3.753215308610369227e-01,4.588325192850580692e+01,2.945962810351385741e-01,9.516307703124108341e-01,-8.724625031984606371e-02,8.928747426439302970e+00,-3.360075110708117263e-01,1.886189604115766083e-01,9.227794104103398398e-01,-1.063082934038816241e+01,0.000000000000000000e+00,0.000000000000000000e+00,0.000000000000000000e+00,1.000000000000000056e-01
8.939160936436281180e-01,-2.433157948482851940e-01,3.764458015468675200e-01,4.671565617406209014e+01,2.966371050132796117e-01,9.507510408032252558e-01,-8.988262535620769600e-02,9.205501278863927439e+00,-3.360363751950923850e-01,1.920153181101212636e-01,9.220681494102331843e-01,-1.093898617529735873e+01,0.000000000000000000e+00,0.000000000000000000e+00,0.000000000000000000e+00,1.000000000000000056e-01
8.910255870526883060e-01,-2.461171314525341658e-01,3.814443089403593001e-01,4.754807840451222489e+01,3.011250385797372142e-01,9.492390549948187539e-01,-9.093364400976822193e-02,9.508686324740434515e+00,-3.397015077354882395e-01,1.958866357823307869e-01,9.199083169338760912e-01,-1.124791204367351050e+01,0.000000000000000000e+00,0.000000000000000000e+00,0.000000000000000000e+00,1.000000000000000056e-01
8.900583686336775990e-01,-2.434945971104022777e-01,3.853653871369345230e-01,4.842611142516874168e+01,3.014629244873845981e-01,9.485375543019043398e-01,-9.693612968586790002e-02,9.819029533022673562e+00,-3.419301179841723326e-01,2.024521900523796325e-01,9.176583815115105791e-01,-1.156702087125706768e+01,0.000000000000000000e+00,0.000000000000000000e+00,0.000000000000000000e+00,1.000000000000000056e-01
8.871227330461057825e-01,-2.442247461773108530e-01,3.916216667492183889e-01,4.923884081909369570e+01,3.054825250886378241e-01,9.467649869848949740e-01,-1.015701052719814867e-01,1.009287049137957126e+01,-3.459677490435741909e-01,2.097387250226331601e-01,9.145031349577773527e-01,-1.187760959959170393e+01,0.000000000000000000e+00,0.000000000000000000e+00,0.000000000000000000e+00,1.000000000000000056e-01
8.858616540408112972e-01,-2.479787945238842439e-01,3.921168797266436079e-01,5.008555614785400678e+01,3.113349220540376772e-01,9.443540315965622822e-01,-1.061415532057324029e-01,1.041074913408558977e+01,-3.439763018140699624e-01,2.161064100710579361e-01,9.137714830943870492e-01,-1.218931004427099829e+01,0.000000000000000000e+00,0.000000000000000000e+00,0.000000000000000000e+00,1.000000000000000056e-01
8.853594678333622792e-01,-2.492304790104367951e-01,3.924573620790593464e-01,5.099019953972435815e+01,3.138400461513309314e-01,9.431954606927216433e-01,-1.090263654368752166e-01,1.072922768733139520e+01,-3.429913091458093310e-01,2.196963615103190715e-01,9.132855361767047153e-01,-1.249601083628520826e+01,0.000000000000000000e+00,0.000000000000000000e+00,0.000000000000000000e+00,1.000000000000000056e-01
8.826577902339067805e-01,-2.544240589696670218e-01,3.952007383049734313e-01,5.185393168492777249e+01,3.210855095722489061e-01,9.404417979716710452e-01,-1.116840193158353534e-01,1.105964891495205826e+01,-3.432481913748795521e-01,2.254720001357375658e-01,9.117801578629927128e-01,-1.282173592522866734e+01,0.000000000000000000e+00,0.000000000000000000e+00,0.000000000000000000e+00,1.000000000000000056e-01
8.804749731797290035e-01,-2.564690185000130240e-01,3.987323214310514730e-01,5.268878865191313565e+01,3.249023079498944977e-01,9.389088696415992530e-01,-1.135280793335570748e-01,1.137030879422678353e+01,-3.452568781255303532e-01,2.295076840935276197e-01,9.100131378441952412e-01,-1.313148947347411699e+01,0.000000000000000000e+00,0.000000000000000000e+00,0.000000000000000000e+00,1.000000000000000056e-01
8.769404763695780591e-01,-2.587396257689004719e-01,4.050051937465330432e-01,5.353231486184880339e+01,3.293070385422713353e-01,9.372860045303000875e-01,-1.142445625758415906e-01,1.166693445262493434e+01,-3.500461044937030475e-01,2.335567420748022038e-01,9.071488152228319723e-01,-1.343648167617544864e+01,0.000000000000000000e+00,0.000000000000000000e+00,0.000000000000000000e+00,1.000000000000000056e-01
8.757973002806915819e-01,-2.643605569134367950e-01,4.038472294933689311e-01,5.435949560201378716e+01,3.331162755886550308e-01,9.365228651904807800e-01,-1.093547891651565074e-01,1.201380337857827918e+01,-3.493030714995152275e-01,2.303007141192361384e-01,9.082670011165078217e-01,-1.374752903918704483e+01,0.000000000000000000e+00,0.000000000000000000e+00,0.000000000000000000e+00,1.000000000000000056e-01
8.757768662826298511e-01,-2.687502489318749355e-01,4.009840198601833938e-01,5.517607515790995620e+01,3.386202091075711795e-01,9.340468367606769018e-01,-1.135467336444255515e-01,1.232112026355200918e+01,-3.440221424096441272e-01,2.352228952215932589e-01,9.090208771504919572e-01,-1.405514989996006747e+01,0.000000000000000000e+00,0.000000000000000000e+00,0.000000000000000000e+00,1.000000000000000056e-01
8.758716254373700716e-01,-2.747171254991032097e-01,3.967107216993376873e-01,5.598854731463938350e+01,3.436774775414569438e-01,9.322376037603874455e-01,-1.132203231130885640e-01,1.265033905838346584e+01,-3.387250908693371643e-01,2.355070085848844363e-01,9.109345540284211618e-01,-1.434463804180458624e+01,0.000000000000000000e+00,0.000000000000000000e+00,0.000000000000000000e+00,1.000000000000000056e-01
8.767947990496846034e-01,-2.768390914143117332e-01,3.931806173049754438e-01,5.682371056714630697e+01,3.474037602776779421e-01,9.300207940852904809e-01,-1.198830676696902436e-01,1.298586691261391302e+01,-3.324778303952804492e-01,2.417052751469528915e-01,9.116123366112280912e-01,-1.466358955329960345e+01,0.000000000000000000e+00,0.000000000000000000e+00,0.000000000000000000e+00,1.000000000000000056e-01
8.768053373670215977e-01,-2.808691687837438500e-01,3.902882401398127810e-01,5.764913908594980541e+01,3.507129725519019803e-01,9.288314417526671862e-01,-1.194678354012927990e-01,1.331619428784423320e+01,-3.289571571626193069e-01,2.416291845750226375e-01,9.129088267253732125e-01,-1.497385965287182508e+01,0.000000000000000000e+00,0.000000000000000000e+00,0.000000000000000000e+00,1.000000000000000056e-01
8.737042636517996508e-01,-2.849684144084522752e-01,3.942510145404818367e-01,5.850970555326497191e+01,3.561547313647910884e-01,9.267668578464803852e-01,-1.194026738554674200e-01,1.366485556828110148e+01,-3.313527833037472892e-01,2.447369894129087786e-01,9.112130041927439805e-01,-1.526334584721997345e+01,0.000000000000000000e+00,0.000000000000000000e+00,0.000000000000000000e+00,1.000000000000000056e-01
8.727497735344049712e-01,-2.883728222123092544e-01,3.938895126871908570e-01,5.932530464750362853e+01,3.609144053709551492e-01,9.244698570499431112e-01,-1.228669011645843190e-01,1.400642931296518690e+01,-3.287075064420870163e-01,2.493924594196178512e-01,9.109087640336213099e-01,-1.554427406004138135e+01,0.000000000000000000e+00,0.000000000000000000e+00,0.000000000000000000e+00,1.000000000000000056e-01
8.720941145687773899e-01,-2.932177607425116017e-01,3.917591098106685266e-01,6.005993609780492903e+01,3.661756207208516356e-01,9.221157363930361228e-01,-1.249719307925896833e-01,1.431184482886393106e+01,-3.246032503290735560e-01,2.524399205384838529e-01,9.115409022058882371e-01,-1.581438187913206406e+01,0.000000000000000000e+00,0.000000000000000000e+00,0.000000000000000000e+00,1.000000000000000056e-01
8.704350612179631019e-01,-2.997047385399302377e-01,3.905379288868021104e-01,6.078657354719448591e+01,3.730434088616813582e-01,9.192152838665909043e-01,-1.260233193140029850e-01,1.462099768449630588e+01,-3.212186471974149415e-01,2.553827159436886651e-01,9.119200892018378690e-01,-1.607694235629033130e+01,0.000000000000000000e+00,0.000000000000000000e+00,0.000000000000000000e+00,1.000000000000000056e-01
8.707808419590509219e-01,-3.013317278928585585e-01,3.885098647939210226e-01,6.149320003269901491e+01,3.755459454222603854e-01,9.176421353787140855e-01,-1.299929007849830453e-01,1.492960224866375185e+01,-3.173420365378453178e-01,2.590986320741544557e-01,9.122290998994248001e-01,-1.633288292310997036e+01,0.000000000000000000e+00,0.000000000000000000e+00,0.000000000000000000e+00,1.000000000000000056e-01
8.707505284621984698e-01,-3.064632333738030456e-01,3.845436305191857196e-01,6.220657282076174255e+01,3.813738451129023432e-01,9.145518230366039836e-01,-1.347180509220055611e-01,1.523820167274152837e+01,-3.103989488490611626e-01,2.639606970185107704e-01,9.132235449126899773e-01,-1.658652635554105359e+01,0.000000000000000000e+00,0.000000000000000000e+00,0.000000000000000000e+00,1.000000000000000056e-01
8.690930940774291846e-01,-3.098310625153740117e-01,3.855929285237414961e-01,6.287806807780240348e+01,3.857819489868022367e-01,9.124601702468830844e-01,-1.363404765613410730e-01,1.553953751073211187e+01,-3.095956744899146518e-01,2.672473581041048263e-01,9.125400637361140710e-01,-1.681747186503664793e+01,0.000000000000000000e+00,0.000000000000000000e+00,0.000000000000000000e+00,1.000000000000000056e-01
8.674068168201042317e-01,-3.152900691130137156e-01,3.849643963442920258e-01,6.355839801466748185e+01,3.918293846405473957e-01,9.096504687263616828e-01,-1.378613726832883246e-01,1.585731948228572996e+01,-3.067167218562172337e-01,2.704222569697649625e-01,9.125769312606769601e-01,-1.704499683579994596e+01,0.000000000000000000e+00,0.000000000000000000e+00,0.000000000000000000e+00,1.000000000000000056e-01
8.636863351647551257e-01,-3.214381352111869705e-01,3.882311678389938070e-01,6.422175749326287075e+01,4.002397691621585873e-01,9.055537478474369184e-01,-1.406432968202985800e-01,1.615202390744387273e+01,-3.063560700079179799e-01,2.768572465936466886e-01,9.107667228099017853e-01,-1.726760723404482079e+01,0.000000000000000000e+00,0.000000000000000000e+00,0.000000000000000000e+00,1.000000000000000056e-01
8.633781585068487363e-01,-3.245432278185084174e-01,3.863286796116314759e-01,6.483743285276638346e+01,4.034445129370282102e-01,9.038687520559308686e-01,-1.423158601065188100e-01,1.644338191098402646e+01,-3.030027729152439675e-01,2.787345912046043650e-01,9.113157231561821447e-01,-1.746526234482869100e+01,0.000000000000000000e+00,0.000000000000000000e+00,0.000000000000000000e+00,1.000000000000000056e-01
8.640810322180348946e-01,-3.309009362795346521e-01,3.793000660827027248e-01,6.542286841795591101e+01,4.078012646017943332e-01,9.019357975846928888e-01,-1.421616883145428167e-01,1.672549650764552354e+01,-2.950628718598675704e-01,2.775182649927590006e-01,9.142874352440900632e-01,-1.764978187968518242e+01,0.000000000000000000e+00,0.000000000000000000e+00,0.000000000000000000e+00,1.000000000000000056e-01
8.662770439059875871e-01,-3.313950390434409754e-01,3.738200252780740085e-01,6.601022470663643560e+01,4.084761066603053714e-01,9.006679097681300483e-01,-1.481370534388556370e-01,1.699203982354488218e+01,-2.875958161885225906e-01,2.810242772631997843e-01,9.155948897299250877e-01,-1.784030656059128006e+01,0.000000000000000000e+00,0.000000000000000000e+00,0.000000000000000000e+00,1.000000000000000056e-01
8.676926273234111253e-01,-3.324995534290492438e-01,3.695315297211845817e-01,6.665019736422364360e+01,4.095147843945593502e-01,8.995176101059552121e-01,-1.522028596037157955e-01,1.729888623916338020e+01,-2.817927356247378889e-01,2.833939238564470164e-01,9.166682813702964339e-01,-1.804030391495667374e+01,0.000000000000000000e+00,0.000000000000000000e+00,0.000000000000000000e+00,1.000000000000000056e-01
8.679029633697615820e-01,-3.366427502687900919e-01,3.652616936737978492e-01,6.725589120696608347e+01,4.129563715651716205e-01,8.976514270912148152e-01,-1.539121522974497003e-01,1.758672370230477711e+01,-2.760642703388364594e-01,2.844179567688553956e-01,9.180931023102806288e-01,-1.823323809667477846e+01,0.000000000000000000e+00,0.000000000000000000e+00,0.000000000000000000e+00,1.000000000000000056e-01
8.663891539988640700e-01,-3.398622047237249699e-01,3.658736334220620279e-01,6.784754990926954576e+01,4.166770428832295980e-01,8.958188334269869824e-01,-1.545602135466934146e-01,1.787573695785509642e+01,-2.752273165352956408e-01,2.863604362998510289e-01,9.177404996811130422e-01,-1.840881941463526772e+01,0.000000000000000000e+00,0.000000000000000000e+00,0.000000000000000000e+00,1.000000000000000056e-01
8.646353629655838535e-01,-3.470602341625523835e-01,3.632559469195343893e-01,6.839184410124403257e+01,4.243635386266251253e-01,8.915499098465485828e-01,-1.582856447594029881e-01,1.812235598865571973e+01,-2.689261537925646262e-01,2.910119449707269657e-01,9.181452889879098134e-01,-1.857968327335100867e+01,0.000000000000000000e+00,0.000000000000000000e+00,0.000000000000000000e+00,1.000000000000000056e-01
8.638167043712563498e-01,-3.538180930211581865e-01,3.586550686942156507e-01,6.889267787601926329e+01,4.311377447761075565e-01,8.874592314668623416e-01,-1.628998388999137181e-01,1.835461111840157500e+01,-2.606548412720420260e-01,2.953453394504761409e-01,9.191464432756781822e-01,-1.871192047996781582e+01,0.000000000000000000e+00,0.000000000000000000e+00,0.000000000000000000e+00,1.000000000000000056e-01
8.651224505849292035e-01,-3.535387170796082112e-01,3.557717259980499036e-01,6.943381893410375483e+01,4.327830404756845550e-01,8.846943466609836770e-01,-1.732476633687082823e-01,1.860279018532329331e+01,-2.534994780478822540e-01,3.038524123843679425e-01,9.183745021055687019e-01,-1.886708275927054501e+01,0.000000000000000000e+00,0.000000000000000000e+00,0.000000000000000000e+00,1.000000000000000056e-01
8.674062966162270349e-01,-3.521485759782684855e-01,3.515646413207670351e-01,6.997604857883365526e+01,4.322951702154575471e-01,8.831874626061777533e-01,-1.819362297720000798e-01,1.885183189216223099e+01,-2.464288992770743425e-01,3.097923277483468074e-01,9.183144947507637657e-01,-1.901202229788552245e+01,0.000000000000000000e+00,0.000000000000000000e+00,0.000000000000000000e+00,1.000000000000000056e-01
8.691817075121907044e-01,-3.540064780611130724e-01,3.452572559946558428e-01,7.048330538655473276e+01,4.325735546385577335e-01,8.826209161710512063e-01,-1.840120598350473147e-01,1.910221200261766228e+01,-2.395898143777304146e-01,3.092890748606245688e-01,9.202917955835006047e-01,-1.914557796720561811e+01,0.000000000000000000e+00,0.000000000000000000e+00,0.000000000000000000e+00,1.000000000000000056e-01
8.711422210538026789e-01,-3.529374921795683795e-01,3.413888652423286429e-01,7.098073005639706423e+01,4.293736737724943575e-01,8.848233961914924173e-01,-1.809027523927287107e-01,1.937189715992404970e+01,-2.382214914078058521e-01,3.041754167682694243e-01,9.223490862278176383e-01,-1.927997370278427525e+01,0.000000000000000000e+00,0.000000000000000000e+00,0.000000000000000000e+00,1.000000000000000056e-01
8.716544519850342176e-01,-3.503404573682573075e-01,3.427536728697010426e-01,7.147216149093891602e+01,4.285327855926245877e-01,8.841595995181598111e-01,-1.860684128274141813e-01,1.959125641856835287e+01,-2.378616572861112222e-01,3.090685466217609756e-01,9.208140232871222519e-01,-1.941494803439348260e+01,0.000000000000000000e+00,0.000000000000000000e+00,0.000000000000000000e+00,1.000000000000000056e-01
8.730796529894374602e-01,-3.476912288890567360e-01,3.418226570744851145e-01,7.199812505385418149e+01,4.267688469499702486e-01,8.839858522841722577e-01,-1.908857360685141946e-01,1.982463948233913342e+01,-2.357970966929752443e-01,3.125377134283847669e-01,9.201738460074382342e-01,-1.954196434305355723e+01,0.000000000000000000e+00,0.000000000000000000e+00,0.000000000000000000e+00,1.000000000000000056e-01
8.744682218156663023e-01,-3.438026205046374462e-01,3.422062056256299778e-01,7.249689727443877985e+01,4.235481587179761864e-01,8.850404448078136310e-01,-1.931589198069799951e-01,2.003356309792873091e+01,-2.364577896394168821e-01,3.138521454260453925e-01,9.195567108831894654e-01,-1.967233448295663223e+01,0.000000000000000000e+00,0.000000000000000000e+00,0.000000000000000000e+00,1.000000000000000056e-01
8.787456461063982704e-01,-3.386510388377670933e-01,3.363354922442021722e-01,7.295017406092419776e+01,4.170085284355847244e-01,8.875483417567239242e-01,-1.958617580255975765e-01,2.025652000380780393e+01,-2.321852205913131351e-01,3.123674357851515815e-01,9.211496123865940966e-01,-1.977666914573691059e+01,0.000000000000000000e+00,0.000000000000000000e+00,0.000000000000000000e+00,1.000000000000000056e-01
8.841684158617387768e-01,-3.315521803659374211e-01,3.291190728097297402e-01,7.340403502282657655e+01,4.077749398168392658e-01,8.914904478152765321e-01,-1.973939713149591157e-01,2.048431941814269663e+01,-2.279601080231285770e-01,3.087360250257664140e-01,9.234263673955671603e-01,-1.989018313974325380e+01,0.000000000000000000e+00,0.000000000000000000e+00,0.000000000000000000e+00,1.000000000000000056e-01
8.921446257827105875e-01,-3.162923036652962039e-01,3.225478961784239429e-01,7.385793739909759381e+01,3.900110714439433690e-01,8.995742036989243795e-01,-1.966154017125653075e-01,2.067066941504252853e+01,-2.279678285157241691e-01,3.012066245645108054e-01,9.259077915647320189e-01,-2.000876972295761647e+01,0.000000000000000000e+00,0.000000000000000000e+00,0.000000000000000000e+00,1.000000000000000056e-01
8.973506697129718379e-01,-3.036051701210355502e-01,3.202899877321457311e-01,7.432976488740251853e+01,3.777308717195580479e-01,9.036857720664290827e-01,-2.016715495916190370e-01,2.084770881567361656e+01,-2.282129797265348148e-01,3.019535163572021341e-01,9.256040783422775364e-01,-2.011312588022595804e+01,0.000000000000000000e+00,0.000000000000000000e+00,0.000000000000000000e+00,1.000000000000000056e-01
9.043236542689065960e-01,-2.831782649104622740e-01,3.193881629178377812e-01,7.479477966639697684e+01,3.585650100228723325e-01,9.099259491724518423e-01,-2.084847730888519379e-01,2.102481012070490962e+01,-2.315812209939067667e-01,3.030591316969556415e-01,9.244053768656144143e-01,-2.023336512565368750e+01,0.000000000000000000e+00,0.000000000000000000e+00,0.000000000000000000e+00,1.000000000000000056e-01
9.117202265183510512e-01,-2.603179242663932746e-01,3.178062410698743734e-01,7.524177899744620390e+01,3.361427743227597964e-01,9.174472233126046428e-01,-2.128347427150696913e-01,2.121999805070718281e+01,-2.361657549856137073e-01,3.008740114094736184e-01,9.239591795260475582e-01,-2.033056621102898731e+01,0.000000000000000000e+00,0.000000000000000000e+00,0.000000000000000000e+00,1.000000000000000056e-01
9.203607256007226844e-01,-2.335414927347046754e-01,3.136789854978447312e-01,7.567311124129700772e+01,3.096649893226499084e-01,9.250834961773386489e-01,-2.198365745005025351e-01,2.132383481377739542e+01,-2.388382908151754636e-01,2.994643489157895466e-01,9.237301416371168639e-01,-2.045850069664572146e+01,0.000000000000000000e+00,0.000000000000000000e+00,0.000000000000000000e+00,1.000000000000000056e-01
