9.999999999999998890e-01,-4.797272475319234933e-09,1.148126801656124421e-08,7.577150812878250052e-15,4.797272494437681760e-09,1.000000000000000000e+00,-1.665185970355503981e-09,6.400415969426057065e-15,-1.148126800857289302e-08,1.665186025434275085e-09,9.999999999999998890e-01,-2.196302174112975665e-14,0.000000000000000000e+00,0.000000000000000000e+00,0.000000000000000000e+00,1.000000000000000056e-01
9.998553348446616029e-01,-1.256390220700492194e-02,1.146550234409540389e-02,6.526105537753207342e-01,1.259698819715611429e-02,9.999166837549542386e-01,-2.818055509665934322e-03,4.372815933330984062e-03,-1.142914130765517594e-02,2.962078632930911608e-03,9.999302979803852409e-01,2.946512878929996148e-03,0.000000000000000000e+00,0.000000000000000000e+00,0.000000000000000000e+00,1.000000000000000056e-01
9.995365161570112233e-01,-1.934648746065485356e-02,2.350460149927119380e-02,1.337137336407033139e+00,1.943154831078667752e-02,9.998054225017191099e-01,-3.395889633721568303e-03,-1.198581905198591426e-03,-2.343432949649681268e-02,3.851046493302642121e-03,9.997179610479928202e-01,-1.285767476248037174e-02,0.000000000000000000e+00,0.000000000000000000e+00,0.000000000000000000e+00,1.000000000000000056e-01
9.990720771108808629e-01,-2.733298907581411044e-02,3.328501833455325271e-02,2.068902722499589952e+00,2.755627825377076137e-02,9.996006010855678081e-01,-6.268160668985539759e-03,2.095879498437250646e-02,-3.310039676727274255e-02,7.179555526136922015e-03,9.994262442603236707e-01,-3.697321088904822334e-02,0.000000000000000000e+00,0.000000000000000000e+00,0.000000000000000000e+00,1.000000000000000056e-01
9.983398968541961072e-01,-3.642401047229768679e-02,4.461772977491176156e-02,2.800888456127925252e+00,3.682036110577293492e-02,9.992891246681790962e-01,-8.093597960417052428e-03,7.109008991744532324e-02,-4.429121083458412850e-02,9.723002675014139756e-03,9.989713468672603014e-01,-7.892648411346564474e-02,0.000000000000000000e+00,0.000000000000000000e+00,0.000000000000000000e+00,1.000000000000000056e-01
9.975187648976718835e-01,-4.573231077112525911e-02,5.352447504232420855e-02,3.551750379368370680e+00,4.627288954515498820e-02,9.988891548374047025e-01,-8.903709415584309256e-03,9.899481978473032018e-02,-5.305783043213369715e-02,1.135834934083730652e-02,9.985268421680443263e-01,-1.153272184202102230e-01,0.000000000000000000e+00,0.000000000000000000e+00,0.000000000000000000e+00,1.000000000000000056e-01
9.964150288497739538e-01,-5.518614003817491620e-02,6.412160501727168227e-02,4.310237445538818157e+00,5.591666011191381847e-02,9.983887735280470022e-01,-9.653186784210825849e-03,1.559403049923838991e-01,-6.348556847215561239e-02,1.320404638166285463e-02,9.978954032136424512e-01,-1.491370532446017749e-01,0.000000000000000000e+00,0.000000000000000000e+00,0.000000000000000000e+00,1.000000000000000056e-01
9.950027296563228596e-01,-6.520284494677382192e-02,7.561849633068255805e-02,5.114008541929474738e+00,6.600236185719886295e-02,9.977864275758847601e-01,-8.119924545528494492e-03,2.259947353937088455e-01,-7.492166713133029121e-02,1.307034644531920170e-02,9.971037608183320744e-01,-2.026421040562234044e-01,0.000000000000000000e+00,0.000000000000000000e+00,0.000000000000000000e+00,1.000000000000000056e-01
9.936660189986353808e-01,-7.018700554651681467e-02,8.775891373425770414e-02,5.888648997868031643e+00,7.101431519067212539e-02,9.974551672051135132e-01,-6.336912009716851556e-03,2.958688516658386503e-01,-8.709081309416935590e-02,1.252891329015556540e-02,9.961215872604931576e-01,-2.550163495240496125e-01,0.000000000000000000e+00,0.000000000000000000e+00,0.000000000000000000e+00,1.000000000000000056e-01
9.918781042664991388e-01,-7.904945293582150978e-02,9.964441914750217510e-02,6.692066794242205852e+00,8.027091880369137400e-02,9.967385023905582786e-01,-8.302857739249314833e-03,3.585312543322676238e-01,-9.866309275056676931e-02,1.623397187303117842e-02,9.949884684186639516e-01,-3.238157433635720506e-01,0.000000000000000000e+00,0.000000000000000000e+00,0.000000000000000000e+00,1.000000000000000056e-01
9.899986231645783175e-01,-8.713657410770674072e-02,1.109501851508653686e-01,7.523747235733768690e+00,8.894178431519018935e-02,9.959713916640235976e-01,-1.141691681928033372e-02,4.293630556588665659e-01,-1.095083792915837323e-01,2.117083936929073026e-02,9.937603888389445750e-01,-4.000317932801228382e-01,0.000000000000000000e+00,0.000000000000000000e+00,0.000000000000000000e+00,1.000000000000000056e-01
9.880936265671631524e-01,-9.405038336226909101e-02,1.217600530829457267e-01,8.361889953953486554e+00,9.622933691541252221e-02,9.952853065759011963e-01,-1.212737526978898903e-02,5.237801868637618208e-01,-1.200454074680558786e-01,2.369987138202402435e-02,9.924854740711845924e-01,-4.950208875558490540e-01,0.000000000000000000e+00,0.000000000000000000e+00,0.000000000000000000e+00,1.000000000000000056e-01
9.862464977507495734e-01,-1.011422020262991994e-01,1.307214620620962831e-01,9.209891902727004975e+00,1.036686713865333787e-01,9.945314259156389225e-01,-1.265106474400758130e-02,6.394137998526517874e-01,-1.287270455162075056e-01,2.602878859027810826e-02,9.913384134175325935e-01,-5.943482670174418114e-01,0.000000000000000000e+00,0.000000000000000000e+00,0.000000000000000000e+00,1.000000000000000056e-01
9.843333581528006526e-01,-1.065905328030537502e-01,1.404503412042540922e-01,9.990136330253564623e+00,1.099056369731483129e-01,9.938125987851236243e-01,-1.603962148822209513e-02,7.442429413967498464e-01,-1.378716467920682032e-01,3.122461869615103872e-02,9.899577931397495201e-01,-6.883867656696173176e-01,0.000000000000000000e+00,0.000000000000000000e+00,0.000000000000000000e+00,1.000000000000000056e-01
9.819354032507081609e-01,-1.143286895518275254e-01,1.507707351850181843e-01,1.081801836830954855e+01,1.181381372086330178e-01,9.928596390830136675e-01,-1.652627050552955140e-02,8.547840630734078182e-01,-1.478047508700015833e-01,3.403950389341160038e-02,9.884306084874887599e-01,-8.105568670306767531e-01,0.000000000000000000e+00,0.000000000000000000e+00,0.000000000000000000e+00,1.000000000000000056e-01
9.798765477737199081e-01,-1.196399720801477745e-01,1.597755557140026761e-01,1.162389085223014362e+01,1.240244382356127245e-01,9.921209195117901558e-01,-1.772060347224879706e-02,9.692069497706742309e-01,-1.563965787458203860e-01,3.718007729606617046e-02,9.869943019130662520e-01,-9.100427785465565744e-01,0.000000000000000000e+00,0.000000000000000000e+00,0.000000000000000000e+00,1.000000000000000056e-01
9.778614322833052430e-01,-1.254713440875003250e-01,1.674633125962789737e-01,1.248566658618557490e+01,1.298981421149750792e-01,9.914029859963744418e-01,-1.570324910807904123e-02,1.108517778057687586e+00,-1.640533203806636975e-01,3.710877484300364321e-02,9.857532383419952415e-01,-1.044562634169623028e+00,0.000000000000000000e+00,0.000000000000000000e+00,0.000000000000000000e+00,1.000000000000000056e-01
9.757511937875412711e-01,-1.331907879675299777e-01,1.736946223196809413e-01,1.338810716604805329e+01,1.378708233434630115e-01,9.903349908444958327e-01,-1.510767949183033573e-02,1.242488561319091911e+00,-1.700036584688216224e-01,3.868875688905926147e-02,9.846836731649385444e-01,-1.194792684718070985e+00,0.000000000000000000e+00,0.000000000000000000e+00,0.000000000000000000e+00,1.000000000000000056e-01
9.747152132159166982e-01,-1.319074987011852329e-01,1.803625928840206505e-01,1.425560404003551618e+01,1.363652069516160803e-01,9.905799243936314058e-01,-1.248774284450590404e-02,1.380361208123399130e+00,-1.770163366994500775e-01,3.676717523422765727e-02,9.835209155716021501e-01,-1.336739544695721982e+00,0.000000000000000000e+00,0.000000000000000000e+00,0.000000000000000000e+00,1.000000000000000056e-01
9.698874581580543275e-01,-1.535269593336973937e-01,1.890708630790521871e-01,1.522539225874302282e+01,1.584467201931281377e-01,9.873052029054780743e-01,-1.109383503633414210e-02,1.623126243977196514e+00,-1.849674440752994697e-01,4.071742960357470353e-02,9.819007768398642089e-01,-1.509722731077863589e+00,0.000000000000000000e+00,0.000000000000000000e+00,0.000000000000000000e+00,1.000000000000000056e-01
9.680466911244007822e-01,-1.557128409655230972e-01,1.965683467945556206e-01,1.614633745617120297e+01,1.611223680040437534e-01,9.868646832697667293e-01,-1.173368840699806279e-02,1.795270470642158500e+00,-1.921592733434129008e-01,4.303031574725808828e-02,9.804199128918296147e-01,-1.681520610044595854e+00,0.000000000000000000e+00,0.000000000000000000e+00,0.000000000000000000e+00,1.000000000000000056e-01
9.646026104415104108e-01,-1.635578542154733361e-01,2.068589670617489995e-01,1.702654340222819940e+01,1.702883452106886131e-01,9.852795502319687815e-01,-1.503620231623484238e-02,1.963620617023521975e+00,-2.013546210416565785e-01,4.972963119830438317e-02,9.782552225089582443e-01,-1.850900991766844195e+00,0.000000000000000000e+00,0.000000000000000000e+00,0.000000000000000000e+00,1.000000000000000056e-01
9.617045443797563875e-01,-1.706364207541873346e-01,2.144937790042524828e-01,1.785183459098425374e+01,1.782493808467786045e-01,9.838466801217022883e-01,-1.651872395934376320e-02,2.110503303691385391e+00,-2.082102964482430152e-01,5.411951520204941884e-02,9.765856595953218422e-01,-2.014576623346338025e+00,0.000000000000000000e+00,0.000000000000000000e+00,0.000000000000000000e+00,1.000000000000000056e-01
9.590137861693524002e-01,-1.755434692744369252e-01,2.224343685949148608e-01,1.872207663978703707e+01,1.846883119258863060e-01,9.825763330704093690e-01,-2.083211770018793610e-02,2.264053784208230891e+00,-2.149018040293988741e-01,6.105931611967801986e-02,9.747250763881614155e-01,-2.201111771283160046e+00,0.000000000000000000e+00,0.000000000000000000e+00,0.000000000000000000e+00,1.000000000000000056e-01
9.554883802039341179e-01,-1.816973968372905535e-01,2.324392636320600780e-01,1.961979731409605066e+01,1.918308763215593460e-01,9.811910673248087633e-01,-2.156395816414986150e-02,2.446054570764003344e+00,-2.241492141073993527e-01,6.519313909112497973e-02,9.723718344493944565e-01,-2.396335490190101503e+00,0.000000000000000000e+00,0.000000000000000000e+00,0.000000000000000000e+00,1.000000000000000056e-01
9.524643335517148923e-01,-1.854525729904918929e-01,2.417003030264835706e-01,2.051272770270480805e+01,1.967145491641391630e-01,9.801884634708579735e-01,-2.310762267711555240e-02,2.613502604799640139e+00,-2.326264805628051879e-01,6.955515257581389166e-02,9.700757709020043640e-01,-2.603918977648620903e+00,0.000000000000000000e+00,0.000000000000000000e+00,0.000000000000000000e+00,1.000000000000000056e-01
9.502419706629370300e-01,-1.849353679716597421e-01,2.506772962671423577e-01,2.138818946268608912e+01,1.981282287133793452e-01,9.797696045062095349e-01,-2.822635422162374230e-02,2.812937655334061038e+00,-2.403859442178695738e-01,7.648811514825379354e-02,9.676591166643090380e-01,-2.809899327619179044e+00,0.000000000000000000e+00,0.000000000000000000e+00,0.000000000000000000e+00,1.000000000000000056e-01
9.470562663577138940e-01,-1.874743468855527562e-01,2.606488012871386872e-01,2.228689442434283663e+01,2.020842090497356192e-01,9.789030858235769905e-01,-3.017815464572868797e-02,3.031332968152741891e+00,-2.494922860637771855e-01,8.125341731222263109e-02,9.649619066936042655e-01,-3.030246749318837196e+00,0.000000000000000000e+00,0.000000000000000000e+00,0.000000000000000000e+00,1.000000000000000056e-01
9.452094502054447789e-01,-1.846250652594381703e-01,2.692446480810140041e-01,2.319828644285852803e+01,1.999571685603948601e-01,9.793321006381816574e-01,-3.042642602929784487e-02,3.242132866415275760e+00,-2.580624458994967840e-01,8.259674289918875201e-02,9.625910617073143438e-01,-3.256524877015260611e+00,0.000000000000000000e+00,0.000000000000000000e+00,0.000000000000000000e+00,1.000000000000000056e-01
9.448311876377498697e-01,-1.782464896426911027e-01,2.748130560892205754e-01,2.407242682060569550e+01,1.943127696481013744e-01,9.804123354602466422e-01,-3.215898053528233602e-02,3.435504343504351521e+00,-2.636978847444988450e-01,8.378449383652557259e-02,9.609597203701277790e-01,-3.487862064881829038e+00,0.000000000000000000e+00,0.000000000000000000e+00,0.000000000000000000e+00,1.000000000000000056e-01
9.431626185695626274e-01,-1.812115323428943325e-01,2.785797111760758282e-01,2.496721818311091923e+01,1.985245507391547592e-01,9.794708760376252821e-01,-3.499722486003239985e-02,3.618861387879185543e+00,-2.665188130073042894e-01,8.831298624792989493e-02,9.597752543033970518e-01,-3.717656465331105053e+00,0.000000000000000000e+00,0.000000000000000000e+00,0.000000000000000000e+00,1.000000000000000056e-01
9.434368678192909252e-01,-1.805864096471352376e-01,2.780565142018485147e-01,2.583357842622895717e+01,1.983620249859144313e-01,9.794326755825337738e-01,-3.693428007592289286e-02,3.812556641270930857e+00,-2.656678066360566026e-01,9.000101472759247656e-02,9.598543815939949431e-01,-3.960455217181041210e+00,0.000000000000000000e+00,0.000000000000000000e+00,0.000000000000000000e+00,1.000000000000000056e-01
9.411390659526869262e-01,-1.811697793640399123e-01,2.853677795107379400e-01,2.672050311422478686e+01,2.009222665161387311e-01,9.787373132044190349e-01,-4.127365454394119060e-02,4.004906604458396302e+00,-2.718225549061772939e-01,9.618098973591387990e-02,9.575289634563010077e-01,-4.200061440508707555e+00,0.000000000000000000e+00,0.000000000000000000e+00,0.000000000000000000e+00,1.000000000000000056e-01
9.391371564958421736e-01,-1.820445718701518834e-01,2.913437405222859544e-01,2.762729170250026201e+01,2.035810658975220622e-01,9.780174900369853486e-01,-4.512802665510607519e-02,4.180089487216013033e+00,-2.767239615518192197e-01,1.016934758692429608e-01,9.555533925787187410e-01,-4.454763020551196107e+00,0.000000000000000000e+00,0.000000000000000000e+00,0.000000000000000000e+00,1.000000000000000056e-01
9.354682620015584149e-01,-1.826475238792540923e-01,3.025541485561897836e-01,2.856429269823761885e+01,2.065882538487440190e-01,9.772090346029622676e-01,-4.882413401252874707e-02,4.380804961669231723e+00,-2.867410402427782445e-01,1.081775610333481907e-01,9.518808702402657973e-01,-4.723889067552309307e+00,0.000000000000000000e+00,0.000000000000000000e+00,0.000000000000000000e+00,1.000000000000000056e-01
9.320275678433604938e-01,-1.838257294779725159e-01,3.123022797897598291e-01,2.946671793020923857e+01,2.105352088487617290e-01,9.761066500226964759e-01,-5.376554302225023535e-02,4.571938577383830804e+00,-2.949568419531888863e-01,1.158615939962869545e-01,9.484600953238049303e-01,-4.993535812060084567e+00,0.000000000000000000e+00,0.000000000000000000e+00,0.000000000000000000e+00,1.000000000000000056e-01
9.287172174816613612e-01,-1.830652309090834151e-01,3.224460438357470426e-01,3.034180717920553505e+01,2.129271359350970727e-01,9.752491719788619617e-01,-5.959100047004463330e-02,4.758121052026352160e+00,-3.035561969975201224e-01,1.240007007510365994e-01,9.447102526582712434e-01,-5.250643006601776186e+00,0.000000000000000000e+00,0.000000000000000000e+00,0.000000000000000000e+00,1.000000000000000056e-01
9.279320466233585973e-01,-1.863774182253913336e-01,3.228088828161681523e-01,3.125044820544055568e+01,2.179543084078717219e-01,9.738409112423414005e-01,-6.426351248673267680e-02,4.949432104747348404e+00,-3.023872290554470155e-01,1.299897594671352574e-01,9.442799511468222828e-01,-5.534306370561495214e+00,0.000000000000000000e+00,0.000000000000000000e+00,0.000000000000000000e+00,1.000000000000000056e-01
9.267199371748191528e-01,-1.910774045839931934e-01,3.235422437644647764e-01,3.218969577063467824e+01,2.233684310449952082e-01,9.725353584363938264e-01,-6.543332945443157411e-02,5.163151463905178318e+00,-3.021534412433466987e-01,1.329074943275959098e-01,9.439485663405414728e-01,-5.838234636986578963e+00,0.000000000000000000e+00,0.000000000000000000e+00,0.000000000000000000e+00,1.000000000000000056e-01
9.237163035368884945e-01,-1.929317319338069991e-01,3.309464267720206854e-01,3.310521312177093023e+01,2.270173844416245312e-01,9.715665508892066260e-01,-6.724242971914662359e-02,5.401576912085412019e+00,-3.085632799628472700e-01,1.372435208170948717e-01,9.412507201868677287e-01,-6.143942207688382062e+00,0.000000000000000000e+00,0.000000000000000000e+00,0.000000000000000000e+00,1.000000000000000056e-01
9.217551521759080879e-01,-1.964535746695389717e-01,3.343253392082753406e-01,3.402398209975088861e+01,2.316761081421403190e-01,9.703753575766708162e-01,-6.854083690807610818e-02,5.628878755386445221e+00,-3.109559781597385220e-01,1.406330629955419298e-01,9.399620850008856277e-01,-6.427696573981581452e+00,0.000000000000000000e+00,0.000000000000000000e+00,0.000000000000000000e+00,1.000000000000000056e-01
9.200475421190874581e-01,-1.995522837466870703e-01,3.371815627997884479e-01,3.491891130215913108e+01,2.355324226302169255e-01,9.694169117193861540e-01,-6.895889473004063186e-02,5.869430930202184982e+00,-3.131086043700602173e-01,1.428626519560995678e-01,9.389106797483472988e-01,-6.719569038937162730e+00,0.000000000000000000e+00,0.000000000000000000e+00,0.000000000000000000e+00,1.000000000000000056e-01
9.173972421283465017e-01,-2.015402121469616892e-01,3.431673688203200068e-01,3.582942254690700423e+01,2.387553128737689156e-01,9.685952761204414951e-01,-6.941967769814591516e-02,6.095774422901519607e+00,-3.183994357875851722e-01,1.456184533804813219e-01,9.367054314592309083e-01,-7.025116197240843796e+00,0.000000000000000000e+00,0.000000000000000000e+00,0.000000000000000000e+00,1.000000000000000056e-01
9.150053542183479438e-01,-2.043087404517577310e-01,3.478838029094943884e-01,3.676343430794786826e+01,2.437494595376114570e-01,9.670750961261128653e-01,-7.315708733808312658e-02,6.340312716961308936e+00,-3.214831297702539503e-01,1.517356155544435370e-01,9.346790359505428025e-01,-7.348576809691653722e+00,0.000000000000000000e+00,0.000000000000000000e+00,0.000000000000000000e+00,1.000000000000000056e-01
9.117006287353238703e-01,-2.088602270286039342e-01,3.538069659138656231e-01,3.769391528943132386e+01,2.486632655564212369e-01,9.660209339274163920e-01,-7.049918848340668009e-02,6.584714028911339945e+00,-3.270604591301613517e-01,1.522529499864032076e-01,9.326577589308984173e-01,-7.642604999591822157e+00,0.000000000000000000e+00,0.000000000000000000e+00,0.000000000000000000e+00,1.000000000000000056e-01
9.093246886643796545e-01,-2.127934627294361669e-01,3.575577614946221505e-01,3.862148020580418972e+01,2.528664419850941147e-01,9.650558312213043388e-01,-6.874449173247532130e-02,6.835090523052769207e+00,-3.304348242894930010e-01,1.529254224953241204e-01,9.313574190671369823e-01,-7.968590107698014791e+00,0.000000000000000000e+00,0.000000000000000000e+00,0.000000000000000000e+00,1.000000000000000056e-01
9.065087391983289722e-01,-2.176724383728363132e-01,3.617466175790448601e-01,3.955237465366291616e+01,2.601588112923184926e-01,9.628345060989907944e-01,-7.257483566691841359e-02,7.104481207549241617e+00,-3.325045844255741234e-01,1.599012927963253394e-01,9.294472969986194988e-01,-8.280715113552709283e+00,0.000000000000000000e+00,0.000000000000000000e+00,0.000000000000000000e+00,1.000000000000000056e-01
9.043840718873128459e-01,-2.238936347926441806e-01,3.632644915428175358e-01,4.047282066743539275e+01,2.668759772585141965e-01,9.610303993003270762e-01,-7.209566133247456710e-02,7.370642813963100615e+00,-3.329664596905170248e-01,1.621487339450787268e-01,9.288924183139678492e-01,-8.589156937336921871e+00,0.000000000000000000e+00,0.000000000000000000e+00,0.000000000000000000e+00,1.000000000000000056e-01
9.038346576366497187e-01,-2.254564523924531549e-01,3.636650928112974968e-01,4.141454479897860352e+01,2.694126253861869325e-01,9.601518398588908543e-01,-7.433223861898016760e-02,7.650141626138925233e+00,-3.324150251377970267e-01,1.651600208591546826e-01,9.285593242073666431e-01,-8.923347325881328729e+00,0.000000000000000000e+00,0.000000000000000000e+00,0.000000000000000000e+00,1.000000000000000056e-01
9.023081480271015753e-01,-2.290072701473448435e-01,3.652337282118989226e-01,4.238078466187577931e+01,2.737621529941322573e-01,9.588603284345651456e-01,-7.510761707293917011e-02,7.917759654375013056e+00,-3.330079422354961238e-01,1.677573866451756435e-01,9.278810104932967429e-01,-9.260340886988602804e+00,0.000000000000000000e+00,0.000000000000000000e+00,0.000000000000000000e+00,1.000000000000000056e-01
8.995093478478590754e-01,-2.314785613396402320e-01,3.705409677410174685e-01,4.332502905062630560e+01,2.790090174161810599e-01,9.569943616615517179e-01,-7.947175566486736065e-02,8.216780219596426349e+00,-3.362096092243296863e-01,1.748698584322913585e-01,9.254099801045447826e-01,-9.586069356478704506e+00,0.000000000000000000e+00,0.000000000000000000e+00,0.000000000000000000e+00,1.000000000000000056e-01
8.982651091840292423e-01,-2.296072120317591558e-01,3.747003093214719138e-01,4.423604274562661232e+01,2.785022698564589838e-01,9.569945432170209321e-01,-8.122764269413151883e-02,8.493067028788807704e+00,-3.399356987834670774e-01,1.773188439953525819e-01,9.235809375776157237e-01,-9.914084946402226706e+00,0.000000000000000000e+00,0.000000000000000000e+00,0.000000000000000000e+00,1.000000000000000056e-01
8.946052667794489599e-01,-2.430185631159437476e-01,3.749978595026018935e-01,4.503958761677909450e+01,2.935932839771497327e-01,9.522971801868942432e-01,-8.326502393924167800e-02,8.755711403338741761e+00,-3.368744577049197497e-01,1.845861820103331663e-01,9.232786909470316328e-01,-1.020080666229147148e+01,0.000000000000000000e+00,0.000000000000000000e+00,0.000000000000000000e+00,1.000000000000000056e-01
8.950133732744515180e-01,-2.450894929310922510e-01,3.726690248929569460e-01,4.588953481611122953e+01,2.966902386746395615e-01,9.509924396792717172e-01,-8.711074530763818213e-02,9.026031366389384303e+00,-3.330554967795498200e-01,1.885325439483774290e-01,9.238666115502174314e-01,-1.051494067577285740e+01,0.000000000000000000e+00,0.000000000000000000e+00,0.000000000000000000e+00,1.000000000000000056e-01
8.943276060255862525e-01,-2.458350014534081418e-01,3.738225316389404695e-01,4.672225077724487363e+01,2.986837623304288702e-01,9.501233579735258727e-01,-8.974193419606668609e-02,9.304774933845683549e+00,-3.331158105234330313e-01,1.919134093634785598e-01,9.231484713120647889e-01,-1.082024616756392099e+01,0.000000000000000000e+00,0.000000000000000000e+00,0.000000000000000000e+00,1.000000000000000056e-01
8.914426486100504032e-01,-2.485956646726577846e-01,3.788537973216815624e-01,4.755493744951299107e+01,3.031201056904720970e-01,9.486187385823026119e-01,-9.077824814743898352e-02,9.609906096900310501e+00,-3.368207323863768865e-01,1.957618050501181706e-01,9.209935449927020290e-01,-1.112633252885937907e+01,0.000000000000000000e+00,0.000000000000000000e+00,0.000000000000000000e+00,1.000000000000000056e-01
8.904844614446891793e-01,-2.459395092250221682e-01,3.828200383048372402e-01,4.843325601341661724e+01,3.034069665137465455e-01,9.479347224253161786e-01,-9.676763245716565875e-02,9.922246577204296258e+00,-3.390894227139621409e-01,2.023203396166436685e-01,9.187409012234721839e-01,-1.144249320816171434e+01,0.000000000000000000e+00,0.000000000000000000e+00,0.000000000000000000e+00,1.000000000000000056e-01
8.875556189774209681e-01,-2.466335123495739801e-01,3.891232886987358031e-01,4.924632155467911332e+01,3.073708001044065385e-01,9.461736893287547856e-01,-1.013831389590493792e-01,1.019790183074658962e+01,-3.431737380173257579e-01,2.095883112392613601e-01,9.155897145157815276e-01,-1.175038963528013447e+01,0.000000000000000000e+00,0.000000000000000000e+00,0.000000000000000000e+00,1.000000000000000056e-01
8.862800709802763910e-01,-2.503448657012496414e-01,3.896602160860402342e-01,5.009329532805915619e+01,3.131648926842526826e-01,9.437705134162889253e-01,-1.059479494658342458e-01,1.051761027441314411e+01,-3.412262970130772177e-01,2.159274559267018168e-01,9.148442206210658512e-01,-1.205930973199494183e+01,0.000000000000000000e+00,0.000000000000000000e+00,0.000000000000000000e+00,1.000000000000000056e-01
8.857725269581245842e-01,-2.515455117264260299e-01,3.900408773660896111e-01,5.099818562798150623e+01,3.156116650197300366e-01,9.426273085856720080e-01,-1.088257047393030585e-01,1.083796927683752997e+01,-3.402885648823542608e-01,2.194962702161990797e-01,9.143440708898838976e-01,-1.236310580277019788e+01,0.000000000000000000e+00,0.000000000000000000e+00,0.000000000000000000e+00,1.000000000000000056e-01
8.830606558699689579e-01,-2.566889620497304625e-01,3.928290401896634143e-01,5.186220210383311269e+01,3.227935812184883346e-01,9.398822223424010414e-01,-1.114706779778999735e-01,1.117015009687062488e+01,-3.405997386649663450e-01,2.252380626948773668e-01,9.128305610214938470e-01,-1.268608646708899990e+01,0.000000000000000000e+00,0.000000000000000000e+00,0.000000000000000000e+00,1.000000000000000056e-01
8.808785619569587944e-01,-2.586787085250519258e-01,3.964067164421555267e-01,5.269733654396239331e+01,3.265468850603184814e-01,9.383657178303926871e-01,-1.133000946957016808e-01,1.148245273541023792e+01,-3.426661508553819901e-01,2.292490029563117315e-01,9.110569706124275191e-01,-1.299323884278456909e+01,0.000000000000000000e+00,0.000000000000000000e+00,0.000000000000000000e+00,1.000000000000000056e-01
8.773511392548435373e-01,-2.608917203117884220e-01,4.027288029443433226e-01,5.354115340171008341e+01,3.308854355168667771e-01,9.367601538953609364e-01,-1.139966781829765963e-01,1.178067519213679049e+01,-3.475195059432514277e-01,2.332722108325277488e-01,9.081928587267481534e-01,-1.329566560547819520e+01,0.000000000000000000e+00,0.000000000000000000e+00,0.000000000000000000e+00,1.000000000000000056e-01
8.762008375364235269e-01,-2.664346901564803582e-01,4.016025998193865076e-01,5.436856159684959522e+01,3.346280758839461633e-01,9.360134535834050418e-01,-1.091002545417505548e-01,1.212905683919120037e+01,-3.468373439101937183e-01,2.299812396524705815e-01,9.092922996909381661e-01,-1.360422530916210171e+01,0.000000000000000000e+00,0.000000000000000000e+00,0.000000000000000000e+00,1.000000000000000056e-01
8.761590329742251493e-01,-2.707636964516367262e-01,3.987886277484809505e-01,5.518542538342308745e+01,3.400638375250106260e-01,9.335537815467543910e-01,-1.132869073084706579e-01,1.243780727860102964e+01,-3.416166496900198690e-01,2.348709382695116921e-01,9.100185201472360541e-01,-1.390946264291116030e+01,0.000000000000000000e+00,0.000000000000000000e+00,0.000000000000000000e+00,1.000000000000000056e-01
8.762339153083021914e-01,-2.766569172912372587e-01,3.945568093169761759e-01,5.599810318589010905e+01,3.450517759532389372e-01,9.317618404837303414e-01,-1.129563833073952972e-01,1.276838457011747074e+01,-3.363828140303826708e-01,2.351187417737703733e-01,9.119022862630185022e-01,-1.419663029188489034e+01,0.000000000000000000e+00,0.000000000000000000e+00,0.000000000000000000e+00,1.000000000000000056e-01
8.771376046748291522e-01,-2.787176934368265080e-01,3.910832006498852764e-01,5.683354126622298708e+01,3.487082818097007042e-01,9.295673640460272447e-01,-1.196120809025867926e-01,1.310525089505914664e+01,-3.302001766544493955e-01,2.412902050763267581e-01,9.125496590715458378e-01,-1.451326515802673534e+01,0.000000000000000000e+00,0.000000000000000000e+00,0.000000000000000000e+00,1.000000000000000056e-01
8.771367389861112196e-01,-2.826704866224531432e-01,3.882377327275598478e-01,5.765923203490625326e+01,3.519459833199647947e-01,9.284009307688053658e-01,-1.191878205713947925e-01,1.343683403937696852e+01,-3.267493931834514753e-01,2.411827268695696802e-01,9.138193072560925057e-01,-1.482131235073215159e+01,0.000000000000000000e+00,0.000000000000000000e+00,0.000000000000000000e+00,1.000000000000000056e-01
8.740360992372024906e-01,-2.866971770769357053e-01,3.922570915692043525e-01,5.851998795296795208e+01,3.573122472650927528e-01,9.263597485974532919e-01,-1.191032079031981439e-01,1.378672462998827086e+01,-3.292246272449620981e-01,2.442587661366105445e-01,9.121122737803918357e-01,-1.510855598552818613e+01,0.000000000000000000e+00,0.000000000000000000e+00,0.000000000000000000e+00,1.000000000000000056e-01
8.730714705550126631e-01,-2.900304541479975518e-01,3.919547715867405246e-01,5.933576922328791881e+01,3.619967834956520081e-01,9.240882122083902139e-01,-1.225532732990152057e-01,1.412939975012340277e+01,-3.266566026299020375e-01,2.488841331306745897e-01,9.117851458726902170e-01,-1.538742434044617013e+01,0.000000000000000000e+00,0.000000000000000000e+00,0.000000000000000000e+00,1.000000000000000056e-01
8.724026773699803394e-01,-2.947988502184912818e-01,3.898810157311400904e-01,6.007060474024756758e+01,3.671820693300540395e-01,9.217596266498409019e-01,-1.246455720867984673e-01,1.443575134228370516e+01,-3.226312081621821592e-01,2.518984489594993104e-01,9.123904180402210295e-01,-1.565573756457604304e+01,0.000000000000000000e+00,0.000000000000000000e+00,0.000000000000000000e+00,1.000000000000000056e-01
8.707314848529867923e-01,-3.012069699792425670e-01,3.887171754909171106e-01,6.079742719103143145e+01,3.739721308941112987e-01,9.188845394526791166e-01,-1.256823315719254874e-01,1.474576724192099952e+01,-3.193298085056114344e-01,2.548049536228866319e-01,9.127447118493802192e-01,-1.591659000978072491e+01,0.000000000000000000e+00,0.000000000000000000e+00,0.000000000000000000e+00,1.000000000000000056e-01
8.710696540229820872e-01,-3.027566371808873003e-01,3.867506644896722134e-01,6.150422748282077379e+01,3.763982151839215806e-01,9.173432009680682064e-01,-1.296373219563587420e-01,1.505515019137738086e+01,-3.155345328908401026e-01,2.584953970200996598e-01,9.130268825575621472e-01,-1.617093606494215408e+01,0.000000000000000000e+00,0.000000000000000000e+00,0.000000000000000000e+00,1.000000000000000056e-01
8.710234626007063996e-01,-3.078100848521346800e-01,3.828460255277537083e-01,6.221777193549935703e+01,3.821485440815894918e-01,9.142827177983861020e-01,-1.343488079274171576e-01,1.536447191153872360e+01,-3.086755867499035855e-01,2.633250151400702843e-01,9.139908744326086243e-01,-1.642304182477423780e+01,0.000000000000000000e+00,0.000000000000000000e+00,0.000000000000000000e+00,1.000000000000000056e-01
8.693649041799546007e-01,-3.110961603800844744e-01,3.839581258118483498e-01,6.288940295839412187e+01,3.864768686061628156e-01,9.122239621906172991e-01,-1.359524653606028477e-01,1.566642913224210787e+01,-3.079615128754778497e-01,2.665832361609032919e-01,9.132869673796002452e-01,-1.665260563657524173e+01,0.000000000000000000e+00,0.000000000000000000e+00,0.000000000000000000e+00,1.000000000000000056e-01
8.676732019889785708e-01,-3.164712323909719682e-01,3.833916712959901663e-01,6.356985224412159852e+01,3.924439776381707379e-01,9.094469074796028840e-01,-1.374556178965324893e-01,1.598477952053936768e+01,-3.051736210187965259e-01,2.697263085884023526e-01,9.132999394993683850e-01,-1.687880383280102592e+01,0.000000000000000000e+00,0.000000000000000000e+00,0.000000000000000000e+00,1.000000000000000056e-01
8.639514680588676887e-01,-3.225390061741032488e-01,3.867252905295297527e-01,6.423334462609936679e+01,4.007717350018185076e-01,9.053845500032610127e-01,-1.402170925351997055e-01,1.627997841522513056e+01,-3.049096214660330650e-01,2.761293285973338008e-01,9.114728282432922324e-01,-1.710018896004376288e+01,0.000000000000000000e+00,0.000000000000000000e+00,0.000000000000000000e+00,1.000000000000000056e-01
8.636415045034298021e-01,-3.255561649170286564e-01,3.848850934805980173e-01,6.484911519664370871e+01,4.038962604796326739e-01,9.037367308213326567e-01,-1.418722387746764180e-01,1.657174194011805213e+01,-3.016474141603420756e-01,2.779804037137987294e-01,9.119954674676253870e-01,-1.729677390432770423e+01,0.000000000000000000e+00,0.000000000000000000e+00,0.000000000000000000e+00,1.000000000000000056e-01
8.643357412133210183e-01,-3.318198444473075548e-01,3.779144311774605969e-01,6.543463509001344391e+01,4.081741571061733853e-01,9.018394276065921922e-01,-1.417021675376879120e-01,1.685419002965974755e+01,-2.937985431071500342e-01,2.767331524143405996e-01,9.149323354341223347e-01,-1.748034069448702255e+01,0.000000000000000000e+00,0.000000000000000000e+00,0.000000000000000000e+00,1.000000000000000056e-01
8.665275408049677441e-01,-3.322269667392214187e-01,3.724986759677827441e-01,6.602209941298526985e+01,4.087705764530192298e-01,9.006126472122035764e-01,-1.476599996874354281e-01,1.712101179237584603e+01,-2.864203848415145526e-01,2.802179549077526977e-01,9.162102711138723210e-01,-1.766997178625518572e+01,0.000000000000000000e+00,0.000000000000000000e+00,0.000000000000000000e+00,1.000000000000000056e-01
8.679426708052027095e-01,-3.332415211284461276e-01,3.682738231147185126e-01,6.666218046468920022e+01,4.097294141229821940e-01,8.995036562366336419e-01,-1.517068871850112133e-01,1.742810189997446813e+01,-2.807086165367378983e-01,2.825654986245266231e-01,9.172564590064783419e-01,-1.786907601914322896e+01,0.000000000000000000e+00,0.000000000000000000e+00,0.000000000000000000e+00,1.000000000000000056e-01
8.681532653804588939e-01,-3.372915957275885446e-01,3.640663226127672791e-01,6.726798640234521542e+01,4.130903224299068976e-01,8.976780892918746479e-01,-1.533963282482497525e-01,1.771611248602579636e+01,-2.750750685249430116e-01,2.835637978600692444e-01,9.186540585112393797e-01,-1.806123248085541988e+01,0.000000000000000000e+00,0.000000000000000000e+00,0.000000000000000000e+00,1.000000000000000056e-01
8.666475838804788001e-01,-3.404183333083293794e-01,3.647428185745507090e-01,6.785973930980897251e+01,4.167272612194842241e-01,8.958878904835205770e-01,-1.540236262444668047e-01,1.800524440871932086e+01,-2.743362081655212892e-01,2.854824793793248050e-01,9.182806754238037605e-01,-1.823612591562962848e+01,0.000000000000000000e+00,0.000000000000000000e+00,0.000000000000000000e+00,1.000000000000000056e-01
8.648958616635984420e-01,-3.475257520132507549e-01,3.621891773159521266e-01,6.840413845485443289e+01,4.243326512295039210e-01,8.916633313571157293e-01,-1.577285789375872660e-01,1.825191771926252571e+01,-2.681360654177685765e-01,2.901074890463103406e-01,9.186624490102570650e-01,-1.840641044185971253e+01,0.000000000000000000e+00,0.000000000000000000e+00,0.000000000000000000e+00,1.000000000000000056e-01
8.640796517315134651e-01,-3.541918965031959909e-01,3.576513049256436205e-01,6.890503805211669430e+01,4.310273537763455454e-01,8.876187595575449896e-01,-1.623217729637223827e-01,1.848418967836243709e+01,-2.599649510224550375e-01,2.944164365876920098e-01,9.196397045076393217e-01,-1.853817555798855565e+01,0.000000000000000000e+00,0.000000000000000000e+00,0.000000000000000000e+00,1.000000000000000056e-01
8.653916249776457681e-01,-3.538242608705710612e-01,3.548319712736492937e-01,6.944627610189944278e+01,4.325927088505359119e-01,8.849043992924401358e-01,-1.726492176705162751e-01,1.873232626458847250e+01,-2.529048905575083106e-01,3.029069106710507997e-01,9.188506515205911995e-01,-1.869289044195291538e+01,0.000000000000000000e+00,0.000000000000000000e+00,0.000000000000000000e+00,1.000000000000000056e-01
8.676833428867001263e-01,-3.523416650704804809e-01,3.506864233646956874e-01,6.998859868969171316e+01,4.320246197183502668e-01,8.834472165159013013e-01,-1.813166941776762631e-01,1.898127970432718570e+01,-2.459275186598198493e-01,3.088306440197726155e-01,9.187727079534722119e-01,-1.883744581871781421e+01,0.000000000000000000e+00,0.000000000000000000e+00,0.000000000000000000e+00,1.000000000000000056e-01
8.694684184279228845e-01,-3.541000466913196698e-01,3.444384216222861617e-01,7.049594538993655135e+01,4.322224419803902817e-01,8.829266721868225254e-01,-1.833691691359574660e-01,1.923153103605390513e+01,-2.391828380234558016e-01,3.083077171825389651e-01,9.207268441403980708e-01,-1.897071489786758036e+01,0.000000000000000000e+00,0.000000000000000000e+00,0.000000000000000000e+00,1.000000000000000056e-01
8.714434237839543407e-01,-3.529267397886356461e-01,3.406304089271304791e-01,7.099347304428583527e+01,4.289371957421793669e-01,8.851710281014165682e-01,-1.802363257468272972e-01,1.950103932995151013e+01,-2.379059504353237819e-01,3.031748131887704312e-01,9.227598774304285323e-01,-1.910490830368102166e+01,0.000000000000000000e+00,0.000000000000000000e+00,0.000000000000000000e+00,1.000000000000000056e-01
8.719717507293092140e-01,-3.502332091371933021e-01,3.420555000983414029e-01,7.148500444238339924e+01,4.280098119725277983e-01,8.845567900605595391e-01,-1.853830790903006343e-01,1.972017399953663741e+01,-2.376402044800181856e-01,3.080519183112195303e-01,9.212117828379492446e-01,-1.923970454438273592e+01,0.000000000000000000e+00,0.000000000000000000e+00,0.000000000000000000e+00,1.000000000000000056e-01
8.734119645821241118e-01,-3.474851326957630326e-01,3.411826822689016936e-01,7.201107389420455718e+01,4.261598720816113794e-01,8.844315123819175284e-01,-1.901806071428386868e-01,1.995327826637404200e+01,-2.356677821684138863e-01,3.115043859422240713e-01,9.205572844677178956e-01,-1.936658911251238990e+01,0.000000000000000000e+00,0.000000000000000000e+00,0.000000000000000000e+00,1.000000000000000056e-01
8.748166588060389826e-01,-3.434948722745969074e-01,3.416241885412928392e-01,7.250995152135072885e+01,4.228499202199326734e-01,8.855318482664423785e-01,-1.924351596663539665e-01,2.016188045924711858e+01,-2.364186085007586868e-01,3.128012442860113040e-01,9.199247921040546450e-01,-1.949688215013187786e+01,0.000000000000000000e+00,0.000000000000000000e+00,0.000000000000000000e+00,1.000000000000000056e-01
8.791057507189987685e-01,-3.382386015664532453e-01,3.358090639979147141e-01,7.296333387473188736e+01,4.162234827279684968e-01,8.880813784618128981e-01,-1.951140119396008177e-01,2.038451596900518581e+01,-2.322306859107683974e-01,3.112974680907897862e-01,9.215002956492622799e-01,-1.960123440601395828e+01,0.000000000000000000e+00,0.000000000000000000e+00,0.000000000000000000e+00,1.000000000000000056e-01
8.845383197502615369e-01,-3.310325701873791937e-01,3.286478333543703112e-01,7.341731722919249137e+01,4.069013417187938852e-01,8.920604449904923072e-01,-1.966200920323511181e-01,2.061193930270031416e+01,-2.280860780513125075e-01,3.076452501803055295e-01,9.237592440894260015e-01,-1.971482457292648149e+01,0.000000000000000000e+00,0.000000000000000000e+00,0.000000000000000000e+00,1.000000000000000056e-01
8.925182241332241251e-01,-3.156606418658420288e-01,3.221328588749068356e-01,7.387132421926540360e+01,3.890410366429938871e-01,9.001686593188804597e-01,-1.958148528273430389e-01,2.079786206057384490e+01,-2.281628615656385584e-01,3.000912260578337820e-01,9.262218765745524607e-01,-1.983349584713529623e+01,0.000000000000000000e+00,0.000000000000000000e+00,0.000000000000000000e+00,1.000000000000000056e-01
8.977301704682003614e-01,-3.028660104804298259e-01,3.199261176065562040e-01,7.434325080891989046e+01,3.766646274082596779e-01,9.043133996076057057e-01,-2.008507748293041073e-01,2.097443005454170617e+01,-2.284826021615930236e-01,3.008146522126258215e-01,9.259083353786508042e-01,-1.993797213168640425e+01,0.000000000000000000e+00,0.000000000000000000e+00,0.000000000000000000e+00,1.000000000000000056e-01
9.047009840640479750e-01,-2.823283766582631027e-01,3.190718056598752517e-01,7.480837432203490778e+01,3.573954782360178606e-01,9.105774868752558593e-01,-2.076466049141936776e-01,2.115099973108680587e+01,-2.319150740464952509e-01,3.018929083788704504e-01,9.247032336379902295e-01,-2.005838442241044461e+01,0.000000000000000000e+00,0.000000000000000000e+00,0.000000000000000000e+00,1.000000000000000056e-01
9.120884914474316485e-01,-2.593540917695037473e-01,3.175374605484592161e-01,7.525550259929516983e+01,3.348657881080716603e-01,9.181122399761804109e-01,-2.119783450276951364e-01,2.134565441227402260e+01,-2.365575780310334997e-01,2.996754409162291632e-01,9.242484202787446534e-01,-2.015583361676947760e+01,0.000000000000000000e+00,0.000000000000000000e+00,0.000000000000000000e+00,1.000000000000000056e-01
9.207109524209805551e-01,-2.324624031930187795e-01,3.134526649970890144e-01,7.568687694388853515e+01,3.082795208190647895e-01,9.257541019354549316e-01,-2.189590824634759514e-01,2.144888969769627352e+01,-2.392803358732571439e-01,2.982290627209324141e-01,9.240153391654142290e-01,-2.028394803178083450e+01,0.000000000000000000e+00,0.000000000000000000e+00,0.000000000000000000e+00,1.000000000000000056e-01
