1.000000000000000000e+00,-3.083186975700471688e-09,3.383834028123958042e-11,2.481616508778376825e-15,3.083186975693425763e-09,1.000000000000000000e+00,2.082166206318323400e-10,1.541122106010320371e-14,-3.383834092321035669e-11,-2.082166205275024274e-10,1.000000000000000000e+00,-1.445449050742166081e-15,0.000000000000000000e+00,0.000000000000000000e+00,0.000000000000000000e+00,1.000000000000000056e-01
9.999725780999337843e-01,-7.354876122274501063e-03,-8.653585372021569896e-04,6.412027010610678035e-01,7.353658059878784986e-03,9.999719780413940384e-01,-1.402442555001584025e-03,1.005153876671054450e-02,8.756490794216910574e-04,1.396040546580210647e-03,9.999986421538191728e-01,7.899569210647043593e-03,0.000000000000000000e+00,0.000000000000000000e+00,0.000000000000000000e+00,1.000000000000000056e-01
9.998998226849629134e-01,-1.409795727649642942e-02,-1.261822178330384431e-03,1.304504943365758507e+00,1.409906967589053851e-02,9.999002185122218833e-01,8.770709693856024733e-04,2.300526882392548225e-02,1.249331362781265758e-03,-8.947736255816566469e-04,9.999988192749553750e-01,1.253792843468296871e-02,0.000000000000000000e+00,0.000000000000000000e+00,0.000000000000000000e+00,1.000000000000000056e-01
9.997274687261972215e-01,-2.326573602684660000e-02,-1.921926491700747192e-03,2.030622713431645021e+00,2.327072509795793595e-02,9.997257783298282297e-01,2.615625400262685304e-03,3.503667359132571490e-02,1.860545007700618913e-03,-2.659637183587411618e-03,9.999947323372888608e-01,1.761001989676920856e-02,0.000000000000000000e+00,0.000000000000000000e+00,0.000000000000000000e+00,1.000000000000000056e-01
9.994738569293716290e-01,-3.240409160656732013e-02,-1.408602810978328880e-03,2.748310214234785498e+00,3.241057936594814171e-02,9.994628383331226607e-01,4.856864859342291570e-03,6.056785515931433633e-02,1.250463869721570205e-03,-4.899963086751881088e-03,9.999872132691792759e-01,2.313846052982053772e-02,0.000000000000000000e+00,0.000000000000000000e+00,0.000000000000000000e+00,1.000000000000000056e-01
9.992035147106160808e-01,-3.987066139822209587e-02,-1.632957323339368286e-03,3.446495338876449654e+00,3.987559172793893325e-02,9.991998216299260438e-01,3.107030587354524601e-03,8.422613216978093453e-02,1.507771301707646911e-03,-3.169671022732659278e-03,9.999938398866812239e-01,2.851149928984655219e-02,0.000000000000000000e+00,0.000000000000000000e+00,0.000000000000000000e+00,1.000000000000000056e-01
9.987855692747048542e-01,-4.924162737458928629e-02,-1.627495654615676839e-03,4.185073463235837288e+00,4.924975559061085806e-02,9.987718842344969206e-01,5.402299226966015590e-03,1.296830807562247001e-01,1.359478896043663215e-03,-5.475892272012152819e-03,9.999840830838041539e-01,4.185703550460086880e-02,0.000000000000000000e+00,0.000000000000000000e+00,0.000000000000000000e+00,1.000000000000000056e-01
9.984521902674289295e-01,-5.555601774177428009e-02,-2.598584778193416961e-03,4.955626691070878387e+00,5.557452350499435256e-02,9.984248971572456943e-01,7.693963460803876671e-03,1.784573459879538471e-01,2.167045769389162879e-03,-7.826469780112629837e-03,9.999670245980185612e-01,4.944503563943024316e-02,0.000000000000000000e+00,0.000000000000000000e+00,0.000000000000000000e+00,1.000000000000000056e-01
9.979860225643708560e-01,-6.341859104041404349e-02,-1.407507227637031953e-03,5.741300094374297558e+00,6.342746745635945149e-02,9.979577621853525926e-01,7.567117421820674684e-03,2.407795114295060712e-01,9.247368380231244227e-04,-7.641152036955909700e-03,9.999703783899444032e-01,5.157575037757854142e-02,0.000000000000000000e+00,0.000000000000000000e+00,0.000000000000000000e+00,1.000000000000000056e-01
9.973984769938637474e-01,-7.205013467117646342e-02,2.248596047866196091e-03,6.549831066181376116e+00,7.203392440048844714e-02,9.973802945739893566e-01,6.607702396963957385e-03,3.007628263435410676e-01,-2.718791236167003838e-03,-6.428537109441322984e-03,9.999756407457367491e-01,5.321753369887847335e-02,0.000000000000000000e+00,0.000000000000000000e+00,0.000000000000000000e+00,1.000000000000000056e-01
9.971219438650965605e-01,-7.570996633002720355e-02,3.978700918302635267e-03,7.373957733924616953e+00,7.567719046568137375e-02,9.971016436978326070e-01,7.827833563728269980e-03,3.797252044290165829e-01,-4.559814240968558183e-03,-7.504207712116809682e-03,9.999614467371735760e-01,6.260031060439945338e-02,0.000000000000000000e+00,0.000000000000000000e+00,0.000000000000000000e+00,1.000000000000000056e-01
9.966941303591908552e-01,-8.117299604454587814e-02,3.428588731311824674e-03,8.190684349702991085e+00,8.114382108336982979e-02,9.966708550017908674e-01,7.930138081351272711e-03,4.520789673986481128e-01,-4.060887529396291565e-03,-7.625713288038684159e-03,9.999626781482008342e-01,6.707795573255863342e-02,0.000000000000000000e+00,0.000000000000000000e+00,0.000000000000000000e+00,1.000000000000000056e-01
9.963287179563629081e-01,-8.553137985942456389e-02,3.669991113489843443e-03,9.023286322877858368e+00,8.549747522960345070e-02,9.963015235462454600e-01,8.570642262602425759e-03,5.385590735163877651e-01,-4.389476596772998868e-03,-8.225402043242832639e-03,9.999565366836867808e-01,7.044620913627898384e-02,0.000000000000000000e+00,0.000000000000000000e+00,0.000000000000000000e+00,1.000000000000000056e-01
9.960690712112967304e-01,-8.846683466884683322e-02,4.474878762558037390e-03,9.803886814106901326e+00,8.843292706349206722e-02,9.960555311416241508e-01,7.279855298015839443e-03,6.339852922883447706e-01,-5.101253497696816089e-03,-6.855512078020009961e-03,9.999634889169205509e-01,8.061752804311662912e-02,0.000000000000000000e+00,0.000000000000000000e+00,0.000000000000000000e+00,1.000000000000000056e-01
9.957600993877646633e-01,-9.186318141133098525e-02,4.793784335785065270e-03,1.057966000158749686e+01,9.182091657471067037e-02,9.957401347366808819e-01,8.396627534713423102e-03,6.823841051134219571e-01,-5.544704378877966452e-03,-7.920856996915002363e-03,9.999532570464407799e-01,8.349458255835347231e-02,0.000000000000000000e+00,0.000000000000000000e+00,0.000000000000000000e+00,1.000000000000000056e-01
9.954838612780990692e-01,-9.477113977301886150e-02,5.505724381881843890e-03,1.138010856485830580e+01,9.473011004572905180e-02,9.954763097371464031e-01,7.288552863014115257e-03,7.766078721459386269e-01,-6.171562652229317658e-03,-6.734078870625714863e-03,9.999582811278647787e-01,9.725172209000726431e-02,0.000000000000000000e+00,0.000000000000000000e+00,0.000000000000000000e+00,1.000000000000000056e-01
9.951504487270078636e-01,-9.826572050594180319e-02,4.408239090956199598e-03,1.223825943752563994e+01,9.821766537312605350e-02,9.951142867040436713e-01,1.004224109226029699e-02,8.711189315184596493e-01,-5.373509755043095158e-03,-9.560573777267364348e-03,9.999398586024871305e-01,9.032446114196099329e-02,0.000000000000000000e+00,0.000000000000000000e+00,0.000000000000000000e+00,1.000000000000000056e-01
9.948637102924527964e-01,-1.012042229216685157e-01,1.975653298456990850e-03,1.311341647164096180e+01,1.011819847822432311e-01,9.948251715105196347e-01,9.224103457309208720e-03,9.870441991620704236e-01,-2.898947854028854389e-03,-8.976825267680618031e-03,9.999555053648403469e-01,8.997583923758629976e-02,0.000000000000000000e+00,0.000000000000000000e+00,0.000000000000000000e+00,1.000000000000000056e-01
9.952025359403843252e-01,-9.783294424162927716e-02,-7.921356212137355265e-04,1.398662163466428510e+01,9.783490140380596278e-02,9.951162815828287211e-01,1.311175793217393866e-02,1.092482622003133175e+00,-4.944948287965968354e-04,-1.312635325513584160e-02,9.999137234407204922e-01,9.821654511020735945e-02,0.000000000000000000e+00,0.000000000000000000e+00,0.000000000000000000e+00,1.000000000000000056e-01
9.935393213010978997e-01,-1.134881775165379608e-01,-2.249278295562171046e-04,1.494025636490053088e+01,1.134804234996666245e-01,9.934440372775907857e-01,1.382527684847623117e-02,1.227741333316628491e+00,-1.345552262104739031e-03,-1.376148108218975749e-02,9.999044009941823186e-01,9.956180304914974410e-02,0.000000000000000000e+00,0.000000000000000000e+00,0.000000000000000000e+00,1.000000000000000056e-01
9.927680081755803077e-01,-1.200429208636040745e-01,1.174348170450971235e-03,1.591451274604032839e+01,1.200154426387787521e-01,9.926759044931486864e-01,1.381456358077309647e-02,1.370070405171689210e+00,-2.824087694984263146e-03,-1.357371685441030422e-02,9.999038847506530603e-01,1.069288499047690716e-01,0.000000000000000000e+00,0.000000000000000000e+00,0.000000000000000000e+00,1.000000000000000056e-01
9.925117492685501253e-01,-1.221335366669464434e-01,1.956217039695070260e-03,1.683758683530478706e+01,1.220953063968142766e-01,9.924222848334316449e-01,1.381103623407842380e-02,1.498368037215159321e+00,-3.628184084467616938e-03,-1.346877081305626785e-02,9.999027095137978938e-01,1.138938192942996197e-01,0.000000000000000000e+00,0.000000000000000000e+00,0.000000000000000000e+00,1.000000000000000056e-01
9.921805228183615544e-01,-1.247992276680740115e-01,1.721311515963118693e-03,1.772600532609773438e+01,1.247664777049765222e-01,9.921002303321484472e-01,1.305599540408490349e-02,1.608400461199919862e+00,-3.337091694328109693e-03,-1.273914237105935356e-02,9.999132852756150713e-01,1.237568883556548899e-01,0.000000000000000000e+00,0.000000000000000000e+00,0.000000000000000000e+00,1.000000000000000056e-01
9.918997780535774300e-01,-1.270131385558885828e-01,1.578901974918977755e-03,1.863574724314425168e+01,1.269811143902918049e-01,9.918154739156146427e-01,1.333650215552717802e-02,1.729893585549709512e+00,-3.259890406651446554e-03,-1.302798279579022236e-02,9.999098183230371584e-01,1.298557366553540759e-01,0.000000000000000000e+00,0.000000000000000000e+00,0.000000000000000000e+00,1.000000000000000056e-01
9.914731117795634319e-01,-1.303090323852937049e-01,7.903777310901808923e-04,1.956036780991211188e+01,1.302927113382101598e-01,9.914152606876522889e-01,1.093573261250647445e-02,1.850922084426990466e+00,-2.208617279470505290e-03,-1.073950438534596562e-02,9.999398907210722554e-01,1.409854374518271225e-01,0.000000000000000000e+00,0.000000000000000000e+00,0.000000000000000000e+00,1.000000000000000056e-01
9.913487927853977810e-01,-1.312302795446851078e-01,2.486920496957490019e-03,2.048364304142756254e+01,1.312017875215447937e-01,9.913113093877884419e-01,9.379703141349086601e-03,1.980117381047963088e+00,-3.696213479467661163e-03,-8.972268971237028559e-03,9.999529170893107777e-01,1.550397551554887898e-01,0.000000000000000000e+00,0.000000000000000000e+00,0.000000000000000000e+00,1.000000000000000056e-01
9.916568503755752717e-01,-1.288592125966970259e-01,3.463297872439883521e-03,2.140475063454258731e+01,1.288210687777929242e-01,9.916213691952279197e-01,9.601687056375204227e-03,2.111416963811860281e+00,-4.671546011884163303e-03,-9.075433011193401178e-03,9.999479052298265724e-01,1.573310349495496141e-01,0.000000000000000000e+00,0.000000000000000000e+00,0.000000000000000000e+00,1.000000000000000056e-01
9.917309165637017143e-01,-1.281091906467665409e-01,7.604235895251751191e-03,2.235745658100609745e+01,1.280513571825750707e-01,9.917379486915057774e-01,7.661008345174144009e-03,2.244108363044904575e+00,-8.522854886761670884e-03,-6.623926101238281246e-03,9.999417405767120348e-01,1.630530011177014349e-01,0.000000000000000000e+00,0.000000000000000000e+00,0.000000000000000000e+00,1.000000000000000056e-01
9.921597155295354131e-01,-1.245594164484261912e-01,1.020052226010278139e-02,2.331997323255333754e+01,1.244771544966677412e-01,9.921874261123089234e-01,8.339632668419199799e-03,2.380494630162673264e+00,-1.115960970482521818e-02,-7.004515590602102167e-03,9.999131961688358938e-01,1.637677531229374539e-01,0.000000000000000000e+00,0.000000000000000000e+00,0.000000000000000000e+00,1.000000000000000056e-01
9.926255808954109749e-01,-1.207863155754605039e-01,1.025290796570440567e-02,2.423821382853848050e+01,1.207248720251535151e-01,9.926652699288237569e-01,6.416163311958956832e-03,2.490967298173277555e+00,-1.095269037991331885e-02,-5.131066832607742399e-03,9.999268526880359387e-01,1.618876477118388613e-01,0.000000000000000000e+00,0.000000000000000000e+00,0.000000000000000000e+00,1.000000000000000056e-01
9.928305530322398820e-01,-1.192192903376640412e-01,8.617063135454353789e-03,2.518948102671604516e+01,1.191712156649062382e-01,9.928562233121493996e-01,5.894165529040078927e-03,2.607181892675512369e+00,-9.258202992214439181e-03,-4.825001732547082658e-03,9.999455010327492621e-01,1.605895412024498925e-01,0.000000000000000000e+00,0.000000000000000000e+00,0.000000000000000000e+00,1.000000000000000056e-01
9.931948144580629023e-01,-1.163934049993952946e-01,4.078701541018031271e-03,2.612946731647766185e+01,1.163691747690903389e-01,9.931894075349744222e-01,5.745948475877143968e-03,2.732149195259868879e+00,-4.719713675094111202e-03,-5.232211097926703705e-03,9.999751738267564916e-01,1.586922766540533047e-01,0.000000000000000000e+00,0.000000000000000000e+00,0.000000000000000000e+00,1.000000000000000056e-01
9.933042750355237649e-01,-1.154941926934594382e-01,2.776445612391549144e-03,2.706941722649208515e+01,1.154809642561812205e-01,9.932993701700284506e-01,4.528588553554942393e-03,2.848903165182836261e+00,-3.280867357133533928e-03,-4.177639753599243257e-03,9.999858915182123775e-01,1.626432908469595540e-01,0.000000000000000000e+00,0.000000000000000000e+00,0.000000000000000000e+00,1.000000000000000056e-01
9.935934206287765358e-01,-1.129650014485186621e-01,3.320079960390687635e-03,2.802295069003193007e+01,1.129539626630245847e-01,9.935945968207362533e-01,3.343574039642866879e-03,2.963037004428103138e+00,-3.676520355888477070e-03,-2.947136979290106411e-03,9.999888987292299136e-01,1.675532371452120306e-01,0.000000000000000000e+00,0.000000000000000000e+00,0.000000000000000000e+00,1.000000000000000056e-01
9.937582881158287806e-01,-1.114006510483403212e-01,5.861718784056188167e-03,2.902962641664709054e+01,1.113999239103915795e-01,9.937755547258179112e-01,4.514223651522999330e-04,3.081449237563084420e+00,-5.875521581647932812e-03,2.043903097170240947e-04,9.999827180860401121e-01,1.754507728503047204e-01,0.000000000000000000e+00,0.000000000000000000e+00,0.000000000000000000e+00,1.000000000000000056e-01
9.940681499568299051e-01,-1.083151899929729045e-01,9.814930371215621965e-03,2.998425607063111187e+01,1.083417077344129287e-01,9.941112564001646223e-01,-2.210037030748490325e-03,3.186944349019711797e+00,-9.517752181932266978e-03,3.260293740204092509e-03,9.999493901583874633e-01,1.776435517988595725e-01,0.000000000000000000e+00,0.000000000000000000e+00,0.000000000000000000e+00,1.000000000000000056e-01
9.941526646754320629e-01,-1.075097227547553991e-01,1.010637580607112382e-02,3.091279653096869851e+01,1.076030852540033889e-01,9.941513874268971263e-01,-9.197549727786616738e-03,3.270623166573308094e+00,-9.058441508205818116e-03,1.023124578783352924e-02,9.999066287644418072e-01,1.851603202831817452e-01,0.000000000000000000e+00,0.000000000000000000e+00,0.000000000000000000e+00,1.000000000000000056e-01
9.944745545826264577e-01,-1.048079463246572723e-01,5.971153564798320837e-03,3.186487410621530358e+01,1.048747485143598085e-01,9.944098472437772340e-01,-1.226143664736895414e-02,3.366331169054727734e+00,-4.652677910239603337e-03,1.281990997688418205e-02,9.999069969234379851e-01,1.907255451711490080e-01,0.000000000000000000e+00,0.000000000000000000e+00,0.000000000000000000e+00,1.000000000000000056e-01
9.944940411051287343e-01,-1.047754203289168740e-01,1.927044703498627994e-03,3.286488391741950466e+01,1.047908371435037067e-01,9.944259399801238519e-01,-1.165891699132999212e-02,3.473828710192262914e+00,-6.947353123137912922e-04,1.179666010130958967e-02,9.999301756389292750e-01,1.904202634208230493e-01,0.000000000000000000e+00,0.000000000000000000e+00,0.000000000000000000e+00,1.000000000000000056e-01
9.946303060967587317e-01,-1.034915559306684996e-01,-2.281335513302359605e-04,3.383565769412021496e+01,1.034822221184539814e-01,9.945657696662620895e-01,-1.141750907959361398e-02,3.583990873397882471e+00,1.408509600565131760e-03,1.133259278386729123e-02,9.999347920947145862e-01,1.967241301183834112e-01,0.000000000000000000e+00,0.000000000000000000e+00,0.000000000000000000e+00,1.000000000000000056e-01
9.947326584773583669e-01,-1.025021308877616666e-01,5.013202921381584767e-04,3.480252085161203013e+01,1.025010151292126970e-01,9.946649785685970357e-01,-1.162421208570277482e-02,3.690574214434546363e+00,6.928607710402026089e-04,1.161436922956479538e-02,9.999323108947681948e-01,2.126778315016973619e-01,0.000000000000000000e+00,0.000000000000000000e+00,0.000000000000000000e+00,1.000000000000000056e-01
9.945391619908749981e-01,-1.043351959617195984e-01,2.454006951447041708e-03,3.578113989460283051e+01,1.043560191454844660e-01,9.944793867725190140e-01,-1.098046231548549870e-02,3.806802374662395128e+00,-1.294810640774096298e-03,1.117659018592368977e-02,9.999367016452693768e-01,2.150975175451829424e-01,0.000000000000000000e+00,0.000000000000000000e+00,0.000000000000000000e+00,1.000000000000000056e-01
9.944050927247969351e-01,-1.055402707107119115e-01,4.445539483317258699e-03,3.675411089306619061e+01,1.055843598227300811e-01,9.943467388969897680e-01,-1.124747997312533672e-02,3.905729425769115082e+00,-3.233345606697366707e-03,1.165393080600871968e-02,9.999268630119686474e-01,2.327656653072343318e-01,0.000000000000000000e+00,0.000000000000000000e+00,0.000000000000000000e+00,1.000000000000000056e-01
9.940844337023615473e-01,-1.083631311810162312e-01,7.319185152810501853e-03,3.774425383274451207e+01,1.084344862496220696e-01,9.940514799136115354e-01,-1.017926683702601032e-02,4.028908907153830654e+00,-6.172589605325794725e-03,1.091270279100109777e-02,9.999214029389307257e-01,2.403056011930932157e-01,0.000000000000000000e+00,0.000000000000000000e+00,0.000000000000000000e+00,1.000000000000000056e-01
9.940599207808853421e-01,-1.085238270094882190e-01,8.212969518668884403e-03,3.874898616779829297e+01,1.085989102164962167e-01,9.940419036380123696e-01,-9.325798169906177396e-03,4.153879532902892358e+00,-7.151964547542288657e-03,1.016232172936420118e-02,9.999227853290371115e-01,2.561182607998619964e-01,0.000000000000000000e+00,0.000000000000000000e+00,0.000000000000000000e+00,1.000000000000000056e-01
9.940471237311573338e-01,-1.085030322651605456e-01,9.869538544363530563e-03,3.977788420972652261e+01,1.085598664381118711e-01,9.940751590204640609e-01,-5.416051825665971209e-03,4.282293195315162393e+00,-9.223405051956758832e-03,6.455246525464043358e-03,9.999366272877211470e-01,2.609547469590646762e-01,0.000000000000000000e+00,0.000000000000000000e+00,0.000000000000000000e+00,1.000000000000000056e-01
9.935422982419175320e-01,-1.130691355007163029e-01,9.437807016954726999e-03,4.077994653351357357e+01,1.131486510788009409e-01,9.935428657471031544e-01,-8.364011123952054538e-03,4.389731180554249157e+00,-8.431154322889685207e-03,9.377873967722757942e-03,9.999204823967899891e-01,2.792581220283170129e-01,0.000000000000000000e+00,0.000000000000000000e+00,0.000000000000000000e+00,1.000000000000000056e-01
9.936025212443005961e-01,-1.125714673693838791e-01,9.038501605513249784e-03,4.178841343633251171e+01,1.126341621637747953e-01,9.936135681823965449e-01,-6.754453161469981155e-03,4.497835031136302675e+00,-8.220419127611891183e-03,7.729285746416027746e-03,9.999363393992722893e-01,3.055038544175530668e-01,0.000000000000000000e+00,0.000000000000000000e+00,0.000000000000000000e+00,1.000000000000000056e-01
9.936765171724163404e-01,-1.121476445499721697e-01,5.466721319925124493e-03,4.279940012407669059e+01,1.121761675800298508e-01,9.936746042213245866e-01,-5.223825480534824255e-03,4.594160028830092557e+00,-4.846302420782767385e-03,5.804028556711610977e-03,9.999714128940683233e-01,3.169055666304927410e-01,0.000000000000000000e+00,0.000000000000000000e+00,0.000000000000000000e+00,1.000000000000000056e-01
9.938127661392671675e-01,-1.109687608142442133e-01,4.703188489676555888e-03,4.383627150875257428e+01,1.109941613587265147e-01,9.938056429415769166e-01,-5.535359225186686251e-03,4.716143022337812241e+00,-4.059803306977772912e-03,6.023137125280956204e-03,9.999736195601756084e-01,3.289687505305954884e-01,0.000000000000000000e+00,0.000000000000000000e+00,0.000000000000000000e+00,1.000000000000000056e-01
9.936809111836271136e-01,-1.119889430199343394e-01,7.531493248649470153e-03,4.482361978586652640e+01,1.120457522523246874e-01,9.936740009326500145e-01,-7.597978198876199386e-03,4.829216338908108419e+00,-6.632959481802110265e-03,8.393837726440870478e-03,9.999427720308472489e-01,3.431950091704384365e-01,0.000000000000000000e+00,0.000000000000000000e+00,0.000000000000000000e+00,1.000000000000000056e-01
9.934003192410796323e-01,-1.144950427862594933e-01,6.833074644229012763e-03,4.578358505789345401e+01,1.145391798872621436e-01,9.933977263627060683e-01,-6.460149236628843356e-03,4.942207166833612497e+00,-6.048305752390317931e-03,7.200169079870546995e-03,9.999557868039701258e-01,3.487254092730375232e-01,0.000000000000000000e+00,0.000000000000000000e+00,0.000000000000000000e+00,1.000000000000000056e-01
9.928366222573423716e-01,-1.194383378324356954e-01,3.150390524396323114e-03,4.668977595477751663e+01,1.194583254280234125e-01,9.928132035243156794e-01,-7.186890406720232612e-03,5.055930142749383016e+00,-2.269359064516020003e-03,7.511748372430511293e-03,9.999692113489422329e-01,3.651635033342106040e-01,0.000000000000000000e+00,0.000000000000000000e+00,0.000000000000000000e+00,1.000000000000000056e-01
9.930105138726619263e-01,-1.180068844997055749e-01,2.120035147133269692e-03,4.764532646501781699e+01,1.180185195281041738e-01,9.929892313735126930e-01,-6.634412154442059090e-03,5.171546253786701186e+00,-1.322265762404010569e-03,6.838244432137758136e-03,9.999757447190106285e-01,3.693500317987428172e-01,0.000000000000000000e+00,0.000000000000000000e+00,0.000000000000000000e+00,1.000000000000000056e-01
9.929470146648058382e-01,-1.185396782745077315e-01,2.137929565264911486e-03,4.858579308308814859e+01,1.185500050427303331e-01,9.929321889501336873e-01,-5.618224903353217538e-03,5.292831891488988916e+00,-1.456836510542378537e-03,5.832051206243201759e-03,9.999819322398326715e-01,3.831029324023902394e-01,0.000000000000000000e+00,0.000000000000000000e+00,0.000000000000000000e+00,1.000000000000000056e-01
9.932493431516690174e-01,-1.158725906102625186e-01,5.411568538279249579e-03,4.954577318280662013e+01,1.159131708738383032e-01,9.932278695358096599e-01,-7.907970367232234482e-03,5.418773352519909103e+00,-4.458603677201727206e-03,8.481858441589329445e-03,9.999540884113762296e-01,3.861956351511183771e-01,0.000000000000000000e+00,0.000000000000000000e+00,0.000000000000000000e+00,1.000000000000000056e-01
9.934464814506847041e-01,-1.140217076319154227e-01,7.945985272858420781e-03,5.053205971245463246e+01,1.141032642775815925e-01,9.934112481767225500e-01,-1.070219964150521084e-02,5.541709416694064139e+00,-6.673348069362042105e-03,1.153872543517086603e-02,9.999111581740034449e-01,4.093884074682355712e-01,0.000000000000000000e+00,0.000000000000000000e+00,0.000000000000000000e+00,1.000000000000000056e-01
9.935095647726802648e-01,-1.134680023506344226e-01,7.984807308628648695e-03,5.144927387394486118e+01,1.135479497682253813e-01,9.934781475889570279e-01,-1.039391007499563743e-02,5.664859832302042264e+00,-6.753355361009267567e-03,1.123310757408441801e-02,9.999141010534839946e-01,4.140013073652902831e-01,0.000000000000000000e+00,0.000000000000000000e+00,0.000000000000000000e+00,1.000000000000000056e-01
9.933913009309726094e-01,-1.144718789468049808e-01,8.361349475879572418e-03,5.238477418143614273e+01,1.145781890874604386e-01,9.933212864125361419e-01,-1.358898617198589336e-02,5.782380460299799019e+00,-6.749949637436107250e-03,1.445720893299573366e-02,9.998727055429404986e-01,4.274105318366238637e-01,0.000000000000000000e+00,0.000000000000000000e+00,0.000000000000000000e+00,1.000000000000000056e-01
9.934540156022266810e-01,-1.140978101343485818e-01,5.550550094970834597e-03,5.335023712167355114e+01,1.141757738151966683e-01,9.933200608815822008e-01,-1.670776238491907331e-02,5.900988157448312954e+00,-3.607153657898393845e-03,1.723213198521899789e-02,9.998450090237648302e-01,4.516091236404969345e-01,0.000000000000000000e+00,0.000000000000000000e+00,0.000000000000000000e+00,1.000000000000000056e-01
9.931529963654676108e-01,-1.165807144822699620e-01,7.487511008134007870e-03,5.428434260903852504e+01,1.167120017532288084e-01,9.929539260188580130e-01,-2.051364059572550330e-02,6.020058706503092161e+00,-5.043258574353904830e-03,2.124706602191773347e-02,9.997615354315310121e-01,4.521874649942076996e-01,0.000000000000000000e+00,0.000000000000000000e+00,0.000000000000000000e+00,1.000000000000000056e-01
9.930782973182180617e-01,-1.168472389523180360e-01,1.192552492634463973e-02,5.522139105903902134e+01,1.170872449071923976e-01,9.928793575106350522e-01,-2.193532560304859574e-02,6.129601044748045346e+00,-9.277525294609810513e-03,2.317982265869395625e-02,9.996882630830069560e-01,4.647393569587319195e-01,0.000000000000000000e+00,0.000000000000000000e+00,0.000000000000000000e+00,1.000000000000000056e-01
9.927524101358058406e-01,-1.189115526441682918e-01,1.739812683313875577e-02,5.616069369214174856e+01,1.192532529953933135e-01,9.926597640477105022e-01,-2.013093367830939839e-02,6.250499527374956621e+00,-1.487661989719111025e-02,2.205981614830395537e-02,9.996459626747549176e-01,4.858959432354111319e-01,0.000000000000000000e+00,0.000000000000000000e+00,0.000000000000000000e+00,1.000000000000000056e-01
9.926822531170061970e-01,-1.193119471290174788e-01,1.861729354193716879e-02,5.711189657451186719e+01,1.196334535765700285e-01,9.926686011064244086e-01,-1.723035585114704449e-02,6.375661696993722316e+00,-1.642501543033622613e-02,1.933151959099515399e-02,9.996782038328214659e-01,4.815520310037113560e-01,0.000000000000000000e+00,0.000000000000000000e+00,0.000000000000000000e+00,1.000000000000000056e-01
9.926937313620352032e-01,-1.199158645429260622e-01,1.339183129531059356e-02,5.799225528459987800e+01,1.201612336266404263e-01,9.925661709516294673e-01,-1.933065481934623242e-02,6.481948025068666297e+00,-1.097422652597385313e-02,2.079859883125269315e-02,9.997234540805838288e-01,4.919726916687033880e-01,0.000000000000000000e+00,0.000000000000000000e+00,0.000000000000000000e+00,1.000000000000000056e-01
9.926591287572895661e-01,-1.206745530694687957e-01,8.093598476750113804e-03,5.890349161270557943e+01,1.208101089357100227e-01,9.924913431099060546e-01,-1.912724315829662444e-02,6.588918024798858575e+00,-5.724654903203511142e-03,1.996462104270163226e-02,9.997842978527220481e-01,4.982903383588043189e-01,0.000000000000000000e+00,0.000000000000000000e+00,0.000000000000000000e+00,1.000000000000000056e-01
9.927754156076752379e-01,-1.198844376755662799e-01,4.969483697623529490e-03,5.985566688878896713e+01,1.199586348702067484e-01,9.925925522057889028e-01,-1.923411619167160816e-02,6.717845690311114559e+00,-2.626801302744144646e-03,1.969129017640976545e-02,9.998026570309284100e-01,5.078498027092946954e-01,0.000000000000000000e+00,0.000000000000000000e+00,0.000000000000000000e+00,1.000000000000000056e-01
9.925077056986473245e-01,-1.221617918868203173e-01,2.225024001751218020e-03,6.076743348237134512e+01,1.221818986232961896e-01,9.923708327419907826e-01,-1.648374871727976629e-02,6.837750806253684033e+00,-1.943646411738011569e-04,1.663210527771672928e-02,9.998616580789650987e-01,5.110655399233687834e-01,0.000000000000000000e+00,0.000000000000000000e+00,0.000000000000000000e+00,1.000000000000000056e-01
9.922006613085786464e-01,-1.245770583717290825e-01,4.290014716293856674e-03,6.169424525185447550e+01,1.246252456232120887e-01,9.921070175556957471e-01,-1.386412168499731069e-02,6.970139551424033186e+00,-2.529002209027677792e-03,1.429063484206225497e-02,9.998946854062369383e-01,5.306252704566450928e-01,0.000000000000000000e+00,0.000000000000000000e+00,0.000000000000000000e+00,1.000000000000000056e-01
9.918846689701552588e-01,-1.270121110747627347e-01,5.720760639773272635e-03,6.256287433260341402e+01,1.270747334927790351e-01,9.918158002544463780e-01,-1.238670550918738456e-02,7.098645788352562214e+00,-4.100679176017583624e-03,1.301314742728629584e-02,9.999069168799319396e-01,5.424420112715182540e-01,0.000000000000000000e+00,0.000000000000000000e+00,0.000000000000000000e+00,1.000000000000000056e-01
9.917776340971274918e-01,-1.278287067873345728e-01,6.078340709588000122e-03,6.336717841591730149e+01,1.278927871363701729e-01,9.917191553265363169e-01,-1.168554478458424563e-02,7.212391483662516478e+00,-4.534258836380624692e-03,1.236683789410466215e-02,9.999132471456239069e-01,5.542257148638634057e-01,0.000000000000000000e+00,0.000000000000000000e+00,0.000000000000000000e+00,1.000000000000000056e-01
9.915399435533327477e-01,-1.295749854041944871e-01,7.672254932967977059e-03,6.417279456748956079e+01,1.296565135481840825e-01,9.914945410687659999e-01,-1.130325286661690472e-02,7.324634182173949348e+00,-6.142380058513854588e-03,1.220238453499585853e-02,9.999066821353265189e-01,5.617187100547320622e-01,0.000000000000000000e+00,0.000000000000000000e+00,0.000000000000000000e+00,1.000000000000000056e-01
9.916023717766019319e-01,-1.289812106601017083e-01,9.411885234749811646e-03,6.496529600442181618e+01,1.290919233610405836e-01,9.915564190190150340e-01,-1.229403209426399059e-02,7.442358768175690642e+00,-7.746716076174150166e-03,1.340578975077707201e-02,9.998801294111174798e-01,5.804076686952877040e-01,0.000000000000000000e+00,0.000000000000000000e+00,0.000000000000000000e+00,1.000000000000000056e-01
9.915756607685801693e-01,-1.290939676950560999e-01,1.060454978305703545e-02,6.576283026560155065e+01,1.292318023373310032e-01,9.915219361784741725e-01,-1.354220593311192787e-02,7.556760474277210093e+00,-8.766426637948783115e-03,1.479856687783005949e-02,9.998520651488218558e-01,5.890666416300134323e-01,0.000000000000000000e+00,0.000000000000000000e+00,0.000000000000000000e+00,1.000000000000000056e-01
9.914996094838993690e-01,-1.296107274994835190e-01,1.138348410328117281e-02,6.650307686975209265e+01,1.297687737157650900e-01,9.914388801905078541e-01,-1.445725474972473293e-02,7.657428581390726130e+00,-9.412213426266346009e-03,1.581158321125702634e-02,9.998306877040591401e-01,5.969532335973282144e-01,0.000000000000000000e+00,0.000000000000000000e+00,0.000000000000000000e+00,1.000000000000000056e-01
9.912119006068478289e-01,-1.316018480794942103e-01,1.341348863726817518e-02,6.728013282567080466e+01,1.317798209674316268e-01,9.911887209943298638e-01,-1.337901937423492671e-02,7.777092193696943490e+00,-1.153459497130514440e-02,1.502907035335912175e-02,9.998205239757592677e-01,5.996349970583615407e-01,0.000000000000000000e+00,0.000000000000000000e+00,0.000000000000000000e+00,1.000000000000000056e-01
9.914119027467628298e-01,-1.297968115125673616e-01,1.597581964139054359e-02,6.802055562572583369e+01,1.300011359631252084e-01,9.914351643573782180e-01,-1.249077755608278203e-02,7.890427218425714706e+00,-1.421772627181358030e-02,1.446038024498537064e-02,9.997943556866233372e-01,6.081170918345495391e-01,0.000000000000000000e+00,0.000000000000000000e+00,0.000000000000000000e+00,1.000000000000000056e-01
9.911626126469761378e-01,-1.314935343408948354e-01,1.749644870709964745e-02,6.873148139081521890e+01,1.316820560680521113e-01,9.912406162554610045e-01,-1.009340354807342251e-02,7.993767726105855509e+00,-1.601597329264241309e-02,1.230817257084880663e-02,9.997959779312255435e-01,6.223747354731999915e-01,0.000000000000000000e+00,0.000000000000000000e+00,0.000000000000000000e+00,1.000000000000000056e-01
9.907961182593876259e-01,-1.345255694281882186e-01,1.503074223553759782e-02,6.939544418230404688e+01,1.346700619269070032e-01,9.908491684350613227e-01,-9.049852603804609333e-03,8.096267831198820986e+00,-1.367576187027619468e-02,1.099074981833644306e-02,9.998460766316474846e-01,6.278493094644822525e-01,0.000000000000000000e+00,0.000000000000000000e+00,0.000000000000000000e+00,1.000000000000000056e-01
9.910865319972103071e-01,-1.328936584907091656e-01,9.314592138002193017e-03,7.009097923202591573e+01,1.329841260430130734e-01,9.910689551622013926e-01,-9.876656027145769290e-03,8.205168557753179215e+00,-7.918858144870175725e-03,1.102731366459258969e-02,9.999078407728504425e-01,6.302688658734855176e-01,0.000000000000000000e+00,0.000000000000000000e+00,0.000000000000000000e+00,1.000000000000000056e-01
9.913480668242320437e-01,-1.311904455834023986e-01,4.251751578632684964e-03,7.084344251591210195e+01,1.312334025092777579e-01,9.912759006218950786e-01,-1.224266768676824865e-02,8.310983562888822007e+00,-2.608537846373031304e-03,1.269471677033735466e-02,9.999160163215833341e-01,6.418911132545990217e-01,0.000000000000000000e+00,0.000000000000000000e+00,0.000000000000000000e+00,1.000000000000000056e-01
9.912475544543078998e-01,-1.319231229455491150e-01,4.957360249917720264e-03,7.156237550143630699e+01,1.319693290569103061e-01,9.911974033709672893e-01,-1.057372871417064895e-02,8.423287429551344019e+00,-3.518803294140476334e-03,1.113540223545998915e-02,9.999318080951479226e-01,6.512935558779565648e-01,0.000000000000000000e+00,0.000000000000000000e+00,0.000000000000000000e+00,1.000000000000000056e-01
9.914671365704074146e-01,-1.301096185504482527e-01,8.025226572122522856e-03,7.223318450190950557e+01,1.301772487463110639e-01,9.914536683483330393e-01,-8.573647267913417358e-03,8.530409445873377905e+00,-6.841126348643085213e-03,9.545191422407513226e-03,9.999310417778775051e-01,6.593546334452968782e-01,0.000000000000000000e+00,0.000000000000000000e+00,0.000000000000000000e+00,1.000000000000000056e-01
9.913850040206247938e-01,-1.305639910250643021e-01,1.043158907514405570e-02,7.285546731737055381e+01,1.306602832463211461e-01,9.913849571379818038e-01,-9.151892837717515161e-03,8.620798216800803715e+00,-9.146812833816631017e-03,1.043604370098445699e-02,9.999037077673300633e-01,6.702996510304735089e-01,0.000000000000000000e+00,0.000000000000000000e+00,0.000000000000000000e+00,1.000000000000000056e-01
9.914485454243547879e-01,-1.302735031997468984e-01,7.654811558529734695e-03,7.343395356008157648e+01,1.303612669032171989e-01,9.913893291840937261e-01,-1.237489681980237337e-02,8.679235214484096517e+00,-5.976777335590380096e-03,1.326696438444486224e-02,9.998941272898359545e-01,6.781553515749491057e-01,0.000000000000000000e+00,0.000000000000000000e+00,0.000000000000000000e+00,1.000000000000000056e-01
9.915283546648541169e-01,-1.298194843565300960e-01,4.292246149965555160e-03,7.407910464857137356e+01,1.298792373644030163e-01,9.913351634895624098e-01,-1.964630577904007830e-02,8.746911455955000747e+00,-1.704581253067848513e-03,2.003734290087204328e-02,9.997977791994862029e-01,6.962756318770119135e-01,0.000000000000000000e+00,0.000000000000000000e+00,0.000000000000000000e+00,1.000000000000000056e-01
9.918579747732511054e-01,-1.273489256878651832e-01,9.489389473472378475e-05,7.469977079193340330e+01,1.273176985579133891e-01,9.915977015376961079e-01,-2.289545673434754611e-02,8.823651184142049075e+00,2.821615250343245673e-03,2.272112302032337425e-02,9.997378601693918121e-01,7.027234191008691067e-01,0.000000000000000000e+00,0.000000000000000000e+00,0.000000000000000000e+00,1.000000000000000056e-01
9.923845961398859439e-01,-1.231762418445946083e-01,-6.532911429824074523e-04,7.529129301292633158e+01,1.231378358884456237e-01,9.921826519744222361e-01,-2.026471055092288545e-02,8.894995567419082150e+00,3.144315026486871247e-03,2.002994173841734712e-02,9.997944362302532140e-01,7.119834857555622509e-01,0.000000000000000000e+00,0.000000000000000000e+00,0.000000000000000000e+00,1.000000000000000056e-01
9.930744358997105614e-01,-1.174709498344971015e-01,1.934090859458796954e-03,7.586823892695926475e+01,1.174868610639766553e-01,9.929331514718433560e-01,-1.675094580993165619e-02,8.982355632871412254e+00,4.732658260355154366e-05,1.686216632507484339e-02,9.998578224462816300e-01,7.157608944024071995e-01,0.000000000000000000e+00,0.000000000000000000e+00,0.000000000000000000e+00,1.000000000000000056e-01
9.939368546309621522e-01,-1.097949475587276374e-01,5.882048698018449429e-03,7.642017728481459926e+01,1.098834667842521623e-01,9.937853250970213326e-01,-1.778626855981289140e-02,9.024517323334331209e+00,-3.892651253806672738e-03,1.832476773069405956e-02,9.998245096784896813e-01,7.267797211052617889e-01,0.000000000000000000e+00,0.000000000000000000e+00,0.000000000000000000e+00,1.000000000000000056e-01
9.948808113915416085e-01,-1.004950244089211631e-01,1.062643844183729785e-02,7.699834272909892263e+01,1.007004880886714915e-01,9.946953429816118852e-01,-2.099014886552320186e-02,9.082573671867621101e+00,-8.460663307988693788e-03,2.195278387229820938e-02,9.997232079213951295e-01,7.366384041501884417e-01,0.000000000000000000e+00,0.000000000000000000e+00,0.000000000000000000e+00,1.000000000000000056e-01
9.958772588691170435e-01,-8.958479923289108804e-02,1.424952678990438169e-02,7.753146927710085379e+01,8.990563442166579766e-02,9.956672355899903737e-01,-2.374305944532870138e-02,9.129417086296202299e+00,-1.206076973378523466e-02,2.492628570383532277e-02,9.996165355347216286e-01,7.501610972416528078e-01,0.000000000000000000e+00,0.000000000000000000e+00,0.000000000000000000e+00,1.000000000000000056e-01
9.969359004201602259e-01,-7.693245830098356663e-02,1.414946335419602942e-02,7.801514170801432613e+01,7.722225619545626529e-02,9.967880044548073082e-01,-2.122256636428257806e-02,9.172736390849637544e+00,-1.247131113907546003e-02,2.225019179176860110e-02,9.996746447538328306e-01,7.584913316616040957e-01,0.000000000000000000e+00,0.000000000000000000e+00,0.000000000000000000e+00,1.000000000000000056e-01
9.981349535661205863e-01,-5.951358980071574240e-02,1.359217048857397879e-02,7.850814923654776578e+01,5.975407445161246694e-02,9.980502721925715859e-01,-1.803066173951656595e-02,9.217887914462664867e+00,-1.249260004920804863e-02,1.880922128547205321e-02,9.997450415674211666e-01,7.579196952122819742e-01,0.000000000000000000e+00,0.000000000000000000e+00,0.000000000000000000e+00,1.000000000000000056e-01
9.991144020959891181e-01,-3.933341113083187179e-02,1.494303493896345647e-02,7.899393514817030848e+01,3.953044072355565985e-02,9.991321361689059488e-01,-1.312702292068542408e-02,9.235657847999270587e+00,-1.441373582994998417e-02,1.370610241358567911e-02,9.998021739204474567e-01,7.600215998747238411e-01,0.000000000000000000e+00,0.000000000000000000e+00,0.000000000000000000e+00,1.000000000000000056e-01
9.997304655455607758e-01,-1.718052647560419990e-02,1.561492139196797753e-02,7.947078860937097033e+01,1.739028111138231705e-02,9.997590076666200698e-01,-1.339793686812143850e-02,9.246276580065144302e+00,-1.538097470654494793e-02,1.366587353505554006e-02,9.997883123529702765e-01,7.639404020575674137e-01,0.000000000000000000e+00,0.000000000000000000e+00,0.000000000000000000e+00,1.000000000000000056e-01
9.998051308891114930e-01,9.673049454552695367e-03,1.720849679827882867e-02,7.995952772763725136e+01,-9.401269633281769331e-03,9.998308985934079018e-01,-1.580475710603549203e-02,9.255567065972028828e+00,-1.735846701436877942e-02,1.563989552868634211e-02,9.997270013812584732e-01,7.712070073897430156e-01,0.000000000000000000e+00,0.000000000000000000e+00,0.000000000000000000e+00,1.000000000000000056e-01
9.990503710101207302e-01,3.898035960976684033e-02,1.946503915314094085e-02,8.043906012583808263e+01,-3.865646258004795666e-02,9.991121979552395338e-01,-1.674794906392080077e-02,9.240200864977309081e+00,-2.010059912881712735e-02,1.597959516832611962e-02,9.996702548605309602e-01,7.685412115566737645e-01,0.000000000000000000e+00,0.000000000000000000e+00,0.000000000000000000e+00,1.000000000000000056e-01
9.971732103099999467e-01,7.198344806976343657e-02,2.154000566472395045e-02,8.091363325407179730e+01,-7.159978203120827278e-02,9.972695059434059095e-01,-1.808324441239661864e-02,9.194008501762969132e+00,-2.278288509237001019e-02,1.648986717298467700e-02,9.996044339775035370e-01,7.640392020549178209e-01,0.000000000000000000e+00,0.000000000000000000e+00,0.000000000000000000e+00,1.000000000000000056e-01
