1.000000000000000000e+00,-2.247603390825845424e-12,1.115254716587397092e-12,1.799421394276721403e-19,2.247603390826172580e-12,1.000000000000000000e+00,-2.934004688082495497e-13,5.122380291120744987e-19,-1.115254716586737528e-12,2.934004688107562341e-13,1.000000000000000000e+00,-3.491257249984796452e-19,0.000000000000000000e+00,0.000000000000000000e+00,0.000000000000000000e+00,1.000000000000000056e-01
9.999990314891165077e-01,-6.303666916978691633e-04,-1.240829828333774986e-03,6.468619809543422194e-01,6.270491789636409644e-04,9.999962330710961966e-01,-2.672200019662678179e-03,-4.490960230843808049e-03,1.242509620101979462e-03,2.671419370282785734e-03,9.999956598347774506e-01,-3.715257765392902724e-04,0.000000000000000000e+00,0.000000000000000000e+00,0.000000000000000000e+00,1.000000000000000056e-01
9.999803588517326425e-01,-5.428946962065779071e-03,-3.131843808875837444e-03,1.307175529618531451e+00,5.420195557637764137e-03,9.999814015288687186e-01,-2.796082344348184163e-03,5.314370615838741665e-03,3.146965344118205117e-03,2.779052220180206704e-03,9.999911867001031185e-01,4.362611641605095188e-03,0.000000000000000000e+00,0.000000000000000000e+00,0.000000000000000000e+00,1.000000000000000056e-01
9.999362909886461148e-01,-9.952648351729992057e-03,-5.325293856338651072e-03,2.004906960748613187e+00,9.937349265141627239e-03,9.999464421512258561e-01,-2.891698235933022089e-03,1.418698031954479868e-02,5.353788700737174833e-03,2.838594703707326625e-03,9.999816394947739218e-01,8.817111988038577042e-03,0.000000000000000000e+00,0.000000000000000000e+00,0.000000000000000000e+00,1.000000000000000056e-01
9.998570870967757873e-01,-1.610111950000961759e-02,-5.153574797829204787e-03,2.702843768534614277e+00,1.609369841965310396e-02,9.998693953170743054e-01,-1.478235247005314258e-03,2.266014836727923629e-02,5.176702959187958267e-03,1.395083909535128723e-03,9.999856276403964461e-01,1.664985581131360470e-02,0.000000000000000000e+00,0.000000000000000000e+00,0.000000000000000000e+00,1.000000000000000056e-01
9.997518081797607259e-01,-2.135457592749121294e-02,-6.348553241172377043e-03,3.410883688299812366e+00,2.134504450223508390e-02,9.997709431509148592e-01,-1.565345434024159599e-03,3.076842265487255215e-02,6.380526349494325053e-03,1.429446776633952476e-03,9.999786225542105500e-01,3.034354208791351787e-02,0.000000000000000000e+00,0.000000000000000000e+00,0.000000000000000000e+00,1.000000000000000056e-01
9.996522696754445159e-01,-2.533500192644711629e-02,-7.312825043661073249e-03,4.129948547412763737e+00,2.533244427520678355e-02,9.996789843468355530e-01,-4.421790620293296532e-04,5.368683044509876129e-02,7.321680119741552292e-03,2.567735700476978639e-04,9.999731631736713533e-01,4.089560861867790748e-02,0.000000000000000000e+00,0.000000000000000000e+00,0.000000000000000000e+00,1.000000000000000056e-01
9.994980407984640491e-01,-3.008420077182826641e-02,-9.930121044187617194e-03,4.893414196323239373e+00,3.009875178944267093e-02,9.995460594888341266e-01,1.319128902562116332e-03,8.576957060624805507e-02,9.885928421216281028e-03,-1.617351002219587740e-03,9.999498250387297560e-01,5.568821525864120492e-02,0.000000000000000000e+00,0.000000000000000000e+00,0.000000000000000000e+00,1.000000000000000056e-01
9.993433663833410918e-01,-3.477235198566008129e-02,-1.018428215421299243e-02,5.655656231875680895e+00,3.479288883131714111e-02,9.993928387362864818e-01,1.846285297179574812e-03,1.261002891256445824e-01,1.011389897037074867e-02,-2.199413561005803333e-03,9.999464343791645282e-01,6.016295724890699526e-02,0.000000000000000000e+00,0.000000000000000000e+00,0.000000000000000000e+00,1.000000000000000056e-01
9.992103293539384978e-01,-3.889727599763105614e-02,-8.106764604811767319e-03,6.438747116943480009e+00,3.891400974832892601e-02,9.992407248036472289e-01,1.916700077923701477e-03,1.623436281378078105e-01,8.026054927588984270e-03,-2.230653232993914502e-03,9.999653027122757942e-01,7.106935036758832425e-02,0.000000000000000000e+00,0.000000000000000000e+00,0.000000000000000000e+00,1.000000000000000056e-01
9.991037870479391181e-01,-4.181361641267083290e-02,-6.576031398980406416e-03,7.236617808179282463e+00,4.182334723279417660e-02,9.991241100637511252e-01,1.349190706445517213e-03,2.025564455517142315e-01,6.513856976590729451e-03,-1.623013188872915111e-03,9.999774674938817220e-01,8.611616688792762819e-02,0.000000000000000000e+00,0.000000000000000000e+00,0.000000000000000000e+00,1.000000000000000056e-01
9.991211972264533170e-01,-4.145808432274646765e-02,-6.169319011571239991e-03,8.032326603382053065e+00,4.147039864610017196e-02,9.991379611586564957e-01,1.881650301364458898e-03,2.422395644005591875e-01,6.085991202098737715e-03,-2.135840820645599179e-03,9.999791992312023758e-01,1.003683170173274852e-01,0.000000000000000000e+00,0.000000000000000000e+00,0.000000000000000000e+00,1.000000000000000056e-01
9.990402509965959910e-01,-4.333779056068186308e-02,-6.357106100817687920e-03,8.867528778459856653e+00,4.333802998444322152e-02,9.990604611968265658e-01,-1.001511442548677188e-04,2.887485075338420693e-01,6.355473682274208856e-03,-1.754494305175444862e-04,9.999797883816308186e-01,1.153636707281003454e-01,0.000000000000000000e+00,0.000000000000000000e+00,0.000000000000000000e+00,1.000000000000000056e-01
9.989012475288561177e-01,-4.645373501098465363e-02,-6.192591446567648206e-03,9.642558576523544644e+00,4.645217514877975074e-02,9.989204367485755576e-01,-3.955628675807332933e-04,3.524816475185774678e-01,6.204281525041628956e-03,1.074688994016904887e-04,9.999807474852672184e-01,1.317782326267188109e-01,0.000000000000000000e+00,0.000000000000000000e+00,0.000000000000000000e+00,1.000000000000000056e-01
9.988330695459377573e-01,-4.804112141654768436e-02,-4.954778953729686332e-03,1.042539306575801383e+01,4.804198157312371958e-02,9.988453158616998895e-01,5.465957073641448862e-05,3.588940368415308724e-01,4.946431841988706453e-03,-2.926331860126989387e-04,9.999877235135694598e-01,1.384694149319521950e-01,0.000000000000000000e+00,0.000000000000000000e+00,0.000000000000000000e+00,1.000000000000000056e-01
9.987791030341561793e-01,-4.901553344481304753e-02,-6.146610725169939123e-03,1.122784949985754643e+01,4.900734511543748673e-02,9.987973277492381285e-01,-1.475874560193668646e-03,4.108500977692263745e-01,6.211559145880062548e-03,1.172843596322509403e-03,9.999800202858434295e-01,1.643369219794944824e-01,0.000000000000000000e+00,0.000000000000000000e+00,0.000000000000000000e+00,1.000000000000000056e-01
9.986536699241191917e-01,-5.138333253675797518e-02,-7.113415811355446906e-03,1.209555145460488035e+01,5.137830972934294416e-02,9.986788684127588800e-01,-8.871725689735688713e-04,4.617202090417113491e-01,7.149603936162944075e-03,5.205028610720378347e-04,9.999743057900676302e-01,1.756794877709550451e-01,0.000000000000000000e+00,0.000000000000000000e+00,0.000000000000000000e+00,1.000000000000000056e-01
9.985032803058885298e-01,-5.419071961198902720e-02,-7.386821123794228353e-03,1.299372961298127649e+01,5.419270639875091444e-02,9.985304931862086786e-01,6.892376615198631267e-05,5.327693961697452796e-01,7.372231111334410364e-03,-4.691324349756661972e-04,9.999727146893556684e-01,1.965013263035331192e-01,0.000000000000000000e+00,0.000000000000000000e+00,0.000000000000000000e+00,1.000000000000000056e-01
9.986590496979207421e-01,-5.094750691956643346e-02,-9.189885479518166561e-03,1.388363331348137741e+01,5.098012634378513291e-02,9.986940469668569298e-01,3.350712003895786953e-03,5.834531385780565849e-01,9.007173497697997661e-03,-3.814720388452734999e-03,9.999521582225523453e-01,2.088097264629873717e-01,0.000000000000000000e+00,0.000000000000000000e+00,0.000000000000000000e+00,1.000000000000000056e-01
9.978914493121295859e-01,-6.418240520537776828e-02,-9.657859586376211017e-03,1.481592388331949905e+01,6.424435171930686916e-02,9.979146484932741590e-01,6.246406543845920908e-03,7.115807140927175034e-01,9.236810158461372308e-03,-6.853698607154009442e-03,9.999338518889631100e-01,2.280918017385464291e-01,0.000000000000000000e+00,0.000000000000000000e+00,0.000000000000000000e+00,1.000000000000000056e-01
9.976587924945362618e-01,-6.769688789461736356e-02,-9.698717839360925311e-03,1.577731772900470020e+01,6.773525371864516642e-02,9.976965321851215540e-01,3.683078800883400616e-03,7.742005387339727651e-01,9.427044182281922938e-03,-4.331401062746220026e-03,9.999461834532991089e-01,2.343752637915446912e-01,0.000000000000000000e+00,0.000000000000000000e+00,0.000000000000000000e+00,1.000000000000000056e-01
9.975611576502301237e-01,-6.943495619176273670e-02,-7.107995932804847886e-03,1.670256788521693991e+01,6.945824333771868919e-02,9.975800951619988588e-01,3.083207585557955124e-03,8.584603298527514470e-01,6.876712875425234142e-03,-3.569397039469437895e-03,9.999699846619415355e-01,2.525611709717170417e-01,0.000000000000000000e+00,0.000000000000000000e+00,0.000000000000000000e+00,1.000000000000000056e-01
9.973683487886191301e-01,-7.218985382001380513e-02,-6.708341084675230846e-03,1.758205897464695511e+01,7.221852582109153373e-02,9.973802632094207476e-01,4.134620724444227138e-03,9.377742892484847159e-01,6.392289331033124307e-03,-4.608206348646450359e-03,9.999689510536597936e-01,2.721625299301961287e-01,0.000000000000000000e+00,0.000000000000000000e+00,0.000000000000000000e+00,1.000000000000000056e-01
9.972918785150586274e-01,-7.323252758002327112e-02,-6.775393135945348075e-03,1.849136235417077501e+01,7.326925948194873417e-02,9.972978901816702546e-01,5.341708917186682205e-03,1.007435666217654679e+00,6.365898434027336683e-03,-5.823670958271540653e-03,9.999627794041623385e-01,2.858980534104896276e-01,0.000000000000000000e+00,0.000000000000000000e+00,0.000000000000000000e+00,1.000000000000000056e-01
9.973334709158228062e-01,-7.260560213229386162e-02,-7.373895171796316858e-03,1.940821423895429376e+01,7.263847844462573144e-02,9.973490983994144354e-01,4.292711395457710251e-03,1.078574851766952225e+00,7.042672805635485228e-03,-4.816893281161200267e-03,9.999635984869003069e-01,3.067173141998064123e-01,0.000000000000000000e+00,0.000000000000000000e+00,0.000000000000000000e+00,1.000000000000000056e-01
9.972769289818251837e-01,-7.351156095448829753e-02,-5.897230418952638040e-03,2.033539571311364824e+01,7.351020628895199582e-02,9.972943649038095160e-01,-4.464330440820042005e-04,1.131211337697874297e+00,5.914092655292930295e-03,1.171075056741768773e-05,9.999825115325382541e-01,3.254618835920246034e-01,0.000000000000000000e+00,0.000000000000000000e+00,0.000000000000000000e+00,1.000000000000000056e-01
9.974142574304495357e-01,-7.183377072240644534e-02,-2.169898215536886915e-03,2.125115603035101586e+01,7.183312041759527811e-02,9.974165936263374999e-01,-3.762577637369753135e-04,1.212006104050246558e+00,2.191320500589477062e-03,2.194142982095704511e-04,9.999975749829743688e-01,3.306961457870586374e-01,0.000000000000000000e+00,0.000000000000000000e+00,0.000000000000000000e+00,1.000000000000000056e-01
9.973971391485846327e-01,-7.210346277468239473e-02,-1.935823307733851946e-04,2.221315923529776981e+01,7.210312081873589130e-02,9.973961889260466451e-01,-1.407936076900774850e-03,1.293411203380419483e+00,2.945953454667431378e-04,1.390313525020788572e-03,9.999989901204323628e-01,3.487469659686970869e-01,0.000000000000000000e+00,0.000000000000000000e+00,0.000000000000000000e+00,1.000000000000000056e-01
9.975432569049546006e-01,-7.004418682034792287e-02,1.123608531407347929e-03,2.318524396937515064e+01,7.004660526294025080e-02,9.975411125027070502e-01,-2.280780129567704269e-03,1.359698893120242946e+00,-9.610903149460411996e-04,2.353881802002634818e-03,9.999967677677107369e-01,3.629130302524876672e-01,0.000000000000000000e+00,0.000000000000000000e+00,0.000000000000000000e+00,1.000000000000000056e-01
9.978426200656281830e-01,-6.561068533320560392e-02,2.311612136469857331e-03,2.411529565040323675e+01,6.561933927492560881e-02,9.978371418731183384e-01,-3.891093883278238727e-03,1.423457874420472002e+00,-2.051315110996565841e-03,4.034385776466748244e-03,9.999897578664104225e-01,3.691129327189064946e-01,0.000000000000000000e+00,0.000000000000000000e+00,0.000000000000000000e+00,1.000000000000000056e-01
9.979635392394040627e-01,-6.378581384934831067e-02,-3.798688440796986086e-04,2.507206133755629907e+01,6.378306995761820475e-02,9.979508598841979605e-01,-5.079492412780692127e-03,1.492528797408833707e+00,7.030899970833578852e-04,5.044919024741664586e-03,9.999870271440973735e-01,3.804468072749059848e-01,0.000000000000000000e+00,0.000000000000000000e+00,0.000000000000000000e+00,1.000000000000000056e-01
9.980415889714323585e-01,-6.231887495932973003e-02,-5.417057059123323720e-03,2.602739290710024278e+01,6.229937768328743658e-02,9.980506615269487680e-01,-3.696561360918876500e-03,1.565177435625197289e+00,5.636862926617854791e-03,3.351842690723633514e-03,9.999784952322340326e-01,3.891397468368325563e-01,0.000000000000000000e+00,0.000000000000000000e+00,0.000000000000000000e+00,1.000000000000000056e-01
9.981047661380202385e-01,-6.090816485626882743e-02,-8.779024228782086881e-03,2.698240443830860613e+01,6.086738953342373665e-02,9.981341291074735667e-01,-4.839545665832086299e-03,1.631113710520098126e+00,9.057411548252760486e-03,4.296017307552959727e-03,9.999497525032639000e-01,4.087840208452293012e-01,0.000000000000000000e+00,0.000000000000000000e+00,0.000000000000000000e+00,1.000000000000000056e-01
9.981576509109455486e-01,-6.022288696977161349e-02,-7.382940672196816601e-03,2.795311904914043311e+01,6.016454205700907942e-02,9.981573260070168985e-01,-7.885456080166769813e-03,1.685276275368723820e+00,7.844221249649403760e-03,7.426737072763907842e-03,9.999416541826020577e-01,4.326692620618831087e-01,0.000000000000000000e+00,0.000000000000000000e+00,0.000000000000000000e+00,1.000000000000000056e-01
9.982162192049993665e-01,-5.955035530063067933e-02,-4.258509087152769108e-03,2.896359070931610447e+01,5.950037336788243508e-02,9.981673186835461342e-01,-1.103220200969266297e-02,1.732786971079237404e+00,4.907676146538325450e-03,1.075914009894509381e-02,9.999300753648586726e-01,4.493582502050726402e-01,0.000000000000000000e+00,0.000000000000000000e+00,0.000000000000000000e+00,1.000000000000000056e-01
9.982288134033382443e-01,-5.947922237746593871e-02,-1.207558170596412933e-03,2.992150175095500941e+01,5.945192944589593881e-02,9.980996854193596723e-01,-1.620142126282589357e-02,1.780419496654355394e+00,2.168911368320483417e-03,1.610093385947819478e-02,9.998680191666943218e-01,4.573520269351682432e-01,0.000000000000000000e+00,0.000000000000000000e+00,0.000000000000000000e+00,1.000000000000000056e-01
9.982651853937650754e-01,-5.884205706235740019e-02,-2.057170732385477444e-03,3.085094367100163382e+01,5.878075621193946942e-02,9.980151640102742361e-01,-2.259546646338410694e-02,1.825831356152524565e+00,3.382651312867858764e-03,2.243534546682204520e-02,9.997425733376966717e-01,4.781653575617518803e-01,0.000000000000000000e+00,0.000000000000000000e+00,0.000000000000000000e+00,1.000000000000000056e-01
9.982810075929100524e-01,-5.839215178134918999e-02,-5.038500732166413011e-03,3.180003781288397136e+01,5.824658504903554995e-02,9.979801901397707953e-01,-2.535498804402200324e-02,1.864309420413719831e+00,6.508856228987637375e-03,2.501792755067671487e-02,9.996658132054229151e-01,4.921120342808310011e-01,0.000000000000000000e+00,0.000000000000000000e+00,0.000000000000000000e+00,1.000000000000000056e-01
9.982855975832587436e-01,-5.796099154180463231e-02,-8.147951725853686683e-03,3.278824878942165810e+01,5.772990494373235471e-02,9.979884199649668997e-01,-2.619869636101363267e-02,1.936888895745208616e+00,9.650063887022563430e-03,2.568340077403718710e-02,9.996235487380519258e-01,5.069221654311921732e-01,0.000000000000000000e+00,0.000000000000000000e+00,0.000000000000000000e+00,1.000000000000000056e-01
9.982121711946726483e-01,-5.899351253372524945e-02,-9.603476336766203145e-03,3.376154793032580415e+01,5.871927601904147059e-02,9.979175427629982664e-01,-2.669502705859744945e-02,2.001020301539710555e+00,1.115831092133783183e-02,2.608339174250218911e-02,9.995974933805056306e-01,5.232467050460408720e-01,0.000000000000000000e+00,0.000000000000000000e+00,0.000000000000000000e+00,1.000000000000000056e-01
9.982061575015603871e-01,-5.924391521098065772e-02,-8.638613108838334026e-03,3.472997104459784623e+01,5.898156463892383072e-02,9.978666789676933213e-01,-2.798689047984571562e-02,2.071826539429576286e+00,1.027823714041026931e-02,2.742716748883418723e-02,9.995709621256636535e-01,5.502050312705073498e-01,0.000000000000000000e+00,0.000000000000000000e+00,0.000000000000000000e+00,1.000000000000000056e-01
9.981738697555190276e-01,-5.976038799923413802e-02,-8.810321417131547483e-03,3.571420612759666113e+01,5.951649938630285130e-02,9.978953439207974840e-01,-2.574235579727600712e-02,2.136912902464751518e+00,1.033015189106080076e-02,2.517098741357457273e-02,9.996297861481185931e-01,5.612100641882553642e-01,0.000000000000000000e+00,0.000000000000000000e+00,0.000000000000000000e+00,1.000000000000000056e-01
9.982704545563820808e-01,-5.819810742386250652e-02,-8.311429003175619876e-03,3.670128874419144438e+01,5.798004678600646861e-02,9.980188111478190960e-01,-2.442881024090648445e-02,2.205617501231151856e+00,9.716673015326264887e-03,2.390466246099862135e-02,9.996670212516460818e-01,5.864267461080092669e-01,0.000000000000000000e+00,0.000000000000000000e+00,0.000000000000000000e+00,1.000000000000000056e-01
9.982182913505522892e-01,-5.930061558150594853e-02,-6.609069892078100160e-03,3.771241209696452046e+01,5.912222956418294179e-02,9.979493257822132923e-01,-2.452967880315426452e-02,2.270209356128902289e+00,8.050141895890530405e-03,2.409523111489733638e-02,9.996772554444638414e-01,6.045762405754793178e-01,0.000000000000000000e+00,0.000000000000000000e+00,0.000000000000000000e+00,1.000000000000000056e-01
9.983514916922163751e-01,-5.722054598912584833e-02,-4.484211483936325141e-03,3.870638806786613628e+01,5.709529620355838220e-02,9.980723844039597337e-01,-2.432370534319147973e-02,2.331753782854669499e+00,5.867383348159980333e-03,2.402758012994240730e-02,9.996940778086789159e-01,6.362586418300479885e-01,0.000000000000000000e+00,0.000000000000000000e+00,0.000000000000000000e+00,1.000000000000000056e-01
9.983798236920568003e-01,-5.682001638265311155e-02,-3.035355480420414819e-03,3.972083475503985284e+01,5.674820903658633203e-02,9.981877245170400759e-01,-2.002267201533357646e-02,2.395383615927924925e+00,4.167543132036924912e-03,1.981798076920937221e-02,9.997949185820429463e-01,6.547589022948787640e-01,0.000000000000000000e+00,0.000000000000000000e+00,0.000000000000000000e+00,1.000000000000000056e-01
9.982800062192008772e-01,-5.856722016819041615e-02,-2.628669770604045997e-03,4.073000304365132962e+01,5.849245080857636697e-02,9.980279368505473592e-01,-2.277872832811784001e-02,2.464972406337723410e+00,3.957572664961631244e-03,2.258579171980991743e-02,9.997370752507835912e-01,6.739700306250872019e-01,0.000000000000000000e+00,0.000000000000000000e+00,0.000000000000000000e+00,1.000000000000000056e-01
9.983362328469327363e-01,-5.743895764983985436e-02,-5.052952512630000392e-03,4.174544295681270967e+01,5.731622885044911769e-02,9.981185977592466063e-01,-2.177417547183405772e-02,2.528376871581306418e+00,6.294131819237176045e-03,2.144833213131454308e-02,9.997501452630186414e-01,7.096510695123607881e-01,0.000000000000000000e+00,0.000000000000000000e+00,0.000000000000000000e+00,1.000000000000000056e-01
9.983892122946985692e-01,-5.631112779097672411e-02,-6.930920608380892675e-03,4.277725471751403319e+01,5.618010957707200020e-02,9.982613567166830348e-01,-1.783420797443675127e-02,2.604318188406452350e+00,7.923134574117291981e-03,1.741610097224891712e-02,9.998169349263118511e-01,7.358940415203912844e-01,0.000000000000000000e+00,0.000000000000000000e+00,0.000000000000000000e+00,1.000000000000000056e-01
9.984095796227867581e-01,-5.589922305306625067e-02,-7.320394764885600203e-03,4.383675787984662264e+01,5.574776005919487160e-02,9.982549034918430930e-01,-1.947652183716004279e-02,2.671141439504848503e+00,8.396342408016392589e-03,1.903745036906155305e-02,9.997835150259344328e-01,7.615785874263480970e-01,0.000000000000000000e+00,0.000000000000000000e+00,0.000000000000000000e+00,1.000000000000000056e-01
9.983870172198984205e-01,-5.634546986181854927e-02,-6.967917393679298049e-03,4.484247985921498980e+01,5.617847926216789495e-02,9.981738332013100345e-01,-2.220308942452731485e-02,2.730734730071163519e+00,8.206236320287911210e-03,2.177582922081918240e-02,9.997291988069575419e-01,7.946397946211689600e-01,0.000000000000000000e+00,0.000000000000000000e+00,0.000000000000000000e+00,1.000000000000000056e-01
9.985020172838989794e-01,-5.442665314240279634e-02,-5.609002380184959120e-03,4.582434554173966745e+01,5.428637139893143643e-02,9.982674318095742239e-01,-2.269635364225742677e-02,2.791293317461867041e+00,6.834570968365484035e-03,2.235786251039459729e-02,9.997266699571661919e-01,8.153630747890959762e-01,0.000000000000000000e+00,0.000000000000000000e+00,0.000000000000000000e+00,1.000000000000000056e-01
9.983248501951662579e-01,-5.729688509063110557e-02,-8.034951257467561406e-03,4.673780199432349036e+01,5.712512195419147676e-02,9.981629252366617244e-01,-2.018650848238275411e-02,2.847684356092614610e+00,9.176814508183949934e-03,1.969369548615939811e-02,9.997639443556567418e-01,8.398417464002372324e-01,0.000000000000000000e+00,0.000000000000000000e+00,0.000000000000000000e+00,1.000000000000000056e-01
9.984149823439184557e-01,-5.483849183913160064e-02,-1.265949619860709877e-02,4.769207094790139934e+01,5.459653119314131220e-02,9.983328697351543379e-01,-1.872698555688185121e-02,2.905338209622949641e+00,1.366535081398930276e-02,1.800613837503230522e-02,9.997444859402575545e-01,8.557499884747020724e-01,0.000000000000000000e+00,0.000000000000000000e+00,0.000000000000000000e+00,1.000000000000000056e-01
9.985139574256975958e-01,-5.317879195820434529e-02,-1.191188112508973287e-02,4.865425638786344109e+01,5.292861898427077966e-02,9.983895870446763965e-01,-2.041552774675189225e-02,2.965003937346447405e+00,1.297837118016507973e-02,1.975470998588756827e-02,9.997206176301873803e-01,8.820020488382128709e-01,0.000000000000000000e+00,0.000000000000000000e+00,0.000000000000000000e+00,1.000000000000000056e-01
9.987171432989483399e-01,-4.850343181821149124e-02,-1.454251637936008167e-02,4.961868381836029585e+01,4.820754059276138176e-02,9.986360817859328831e-01,-2.005016671344220930e-02,3.031193140733318803e+00,1.549518347052111951e-02,1.932338627403776959e-02,9.996932059547665173e-01,9.026804631375290322e-01,0.000000000000000000e+00,0.000000000000000000e+00,0.000000000000000000e+00,1.000000000000000056e-01
9.988038127901777141e-01,-4.753897189905070819e-02,-1.144507346349494734e-02,5.062744694938381684e+01,4.726222309245087239e-02,9.986096733202490805e-01,-2.334529116513181513e-02,3.092986324186630664e+00,1.253897221318129793e-02,2.277644621108931844e-02,9.996619466968973411e-01,9.409355112609619765e-01,0.000000000000000000e+00,0.000000000000000000e+00,0.000000000000000000e+00,1.000000000000000056e-01
9.989146859308269955e-01,-4.545684257071563178e-02,-1.015508223593236670e-02,5.157909068051715451e+01,4.521574825424243965e-02,9.987163888571020109e-01,-2.282785005292408201e-02,3.144231207822623109e+00,1.117972904530094985e-02,2.234390502421162647e-02,9.996878330592718909e-01,9.657141809514229180e-01,0.000000000000000000e+00,0.000000000000000000e+00,0.000000000000000000e+00,1.000000000000000056e-01
9.989544915899368771e-01,-4.456311845658034176e-02,-1.020059830183713163e-02,5.253750676108050044e+01,4.427520770056993238e-02,9.986572337333449179e-01,-2.689675621956314974e-02,3.182896446475685259e+00,1.138550461604788226e-02,2.641700182624826324e-02,9.995861705221565918e-01,9.916124846918223934e-01,0.000000000000000000e+00,0.000000000000000000e+00,0.000000000000000000e+00,1.000000000000000056e-01
9.989127669263035969e-01,-4.514956336108586626e-02,-1.161038328133319995e-02,5.352169033552522137e+01,4.478577644057266799e-02,9.985494758952717653e-01,-2.988609070944480209e-02,3.238045570654411787e+00,1.294288608661973115e-02,2.933361753315485640e-02,9.994858781304353235e-01,1.033141009847521774e+00,0.000000000000000000e+00,0.000000000000000000e+00,0.000000000000000000e+00,1.000000000000000056e-01
9.989241832325049808e-01,-4.481373662149826242e-02,-1.192498064114611532e-02,5.448295344437813981e+01,4.445271382209857458e-02,9.985908015535163162e-01,-2.898908909497358022e-02,3.277707792817284638e+00,1.320728538055155991e-02,2.842780439507586882e-02,9.995085930346732095e-01,1.051977801210244534e+00,0.000000000000000000e+00,0.000000000000000000e+00,0.000000000000000000e+00,1.000000000000000056e-01
9.988956947476590464e-01,-4.640336272200791534e-02,-7.356557801124615110e-03,5.542505236031553295e+01,4.614925795806980313e-02,9.984347561824333805e-01,-3.159562686265952880e-02,3.321048497653746878e+00,8.811186328245040889e-03,3.122123596231654238e-02,9.994736601934411935e-01,1.084832706570097338e+00,0.000000000000000000e+00,0.000000000000000000e+00,0.000000000000000000e+00,1.000000000000000056e-01
9.987704250445483822e-01,-4.954167326065543608e-02,-1.805731670713771287e-03,5.636656013127861087e+01,4.945980260944594920e-02,9.982740415181360349e-01,-3.166490102434409842e-02,3.367245989688972596e+00,3.371347233199780899e-03,3.153665552307858416e-02,9.994969101384215682e-01,1.121739546007065158e+00,0.000000000000000000e+00,0.000000000000000000e+00,0.000000000000000000e+00,1.000000000000000056e-01
9.987760578978995829e-01,-4.943313889830335678e-02,-1.658598381921738219e-03,5.732358001328444885e+01,4.936531207372091973e-02,9.983684679985336263e-01,-2.869613336540373719e-02,3.428942616489615069e+00,3.074432272080292530e-03,2.857913373288180001e-02,9.995868051256391329e-01,1.133778696873290581e+00,0.000000000000000000e+00,0.000000000000000000e+00,0.000000000000000000e+00,1.000000000000000056e-01
9.987058612599387653e-01,-5.063645856337872786e-02,-4.748868202331932298e-03,5.822721408305881852e+01,5.048187363628005297e-02,9.983209440672092816e-01,-2.840551127733285941e-02,3.482552396631232394e+00,6.179249081769018145e-03,2.812901884025215127e-02,9.995852015610626751e-01,1.151706401420502290e+00,0.000000000000000000e+00,0.000000000000000000e+00,0.000000000000000000e+00,1.000000000000000056e-01
9.984997920996758758e-01,-5.372615832178959105e-02,-1.056717033486626565e-02,5.914432239565530836e+01,5.340781637354533040e-02,9.981689018299664262e-01,-2.839803813238610947e-02,3.540448677264056432e+00,1.207353830133245202e-02,2.779106567839368519e-02,9.995408377556894708e-01,1.172740716828012841e+00,0.000000000000000000e+00,0.000000000000000000e+00,0.000000000000000000e+00,1.000000000000000056e-01
9.984228858094701398e-01,-5.380563354412351562e-02,-1.602170062150844176e-02,6.008766389923772522e+01,5.336716563599878949e-02,9.982195165538430004e-01,-2.664099102871206326e-02,3.599685000848757976e+00,1.742660964931572187e-02,2.574394239287247643e-02,9.995166645465211053e-01,1.206305495466056588e+00,0.000000000000000000e+00,0.000000000000000000e+00,0.000000000000000000e+00,1.000000000000000056e-01
9.983980831676395606e-01,-5.430160112735870487e-02,-1.589350943587581472e-02,6.100050490040846540e+01,5.391910366382549752e-02,9.982668689456182243e-01,-2.357941105289626527e-02,3.668161146640183556e+00,1.714636367492179680e-02,2.268467501457850644e-02,9.995956221053643453e-01,1.223166172196023194e+00,0.000000000000000000e+00,0.000000000000000000e+00,0.000000000000000000e+00,1.000000000000000056e-01
9.983789679685500795e-01,-5.535249521171506371e-02,-1.324906003797390701e-02,6.191977695555030436e+01,5.506216201914913844e-02,9.982544765234430129e-01,-2.135786540560200356e-02,3.727716527474437935e+00,1.440814463523134963e-02,2.059372173124377273e-02,9.996841021009719164e-01,1.258445188257062641e+00,0.000000000000000000e+00,0.000000000000000000e+00,0.000000000000000000e+00,1.000000000000000056e-01
9.982342261724163057e-01,-5.811073680642755979e-02,-1.231145668762399607e-02,6.280431864929654040e+01,5.784430722002126268e-02,9.981048883958772988e-01,-2.099209095085722426e-02,3.790668474870661608e+00,1.350799097545348111e-02,2.024287598310503533e-02,9.997038362193774175e-01,1.294759994855269047e+00,0.000000000000000000e+00,0.000000000000000000e+00,0.000000000000000000e+00,1.000000000000000056e-01
9.983018568425340300e-01,-5.643070739834785132e-02,-1.445606748983838119e-02,6.363169238038243236e+01,5.612708303062030613e-02,9.982108414108614713e-01,-2.061229342634583045e-02,3.853068436853969825e+00,1.559336959167478137e-02,1.976591390100579382e-02,9.996830275004350286e-01,1.324359030669719273e+00,0.000000000000000000e+00,0.000000000000000000e+00,0.000000000000000000e+00,1.000000000000000056e-01
9.982730218528561572e-01,-5.734676690927568293e-02,-1.274057164417064132e-02,6.445241752247972045e+01,5.710892529790017463e-02,9.982000831272677122e-01,-1.830750381768919688e-02,3.900650652165189580e+00,1.376751582842374207e-02,1.754828680438780958e-02,9.997512256247276241e-01,1.350570845798234609e+00,0.000000000000000000e+00,0.000000000000000000e+00,0.000000000000000000e+00,1.000000000000000056e-01
9.981493842485541501e-01,-5.915434387086649509e-02,-1.409149833904993834e-02,6.526254990940125822e+01,5.888966147781594246e-02,9.980928555141954650e-01,-1.851106540822234844e-02,3.951624815183789607e+00,1.515963374426998120e-02,1.764696497209998841e-02,9.997293484398730445e-01,1.380610215180674949e+00,0.000000000000000000e+00,0.000000000000000000e+00,0.000000000000000000e+00,1.000000000000000056e-01
9.981149661690748021e-01,-6.006241893042019164e-02,-1.261031885137789063e-02,6.606866403850807501e+01,5.982359233275494348e-02,9.980369318548698576e-01,-1.853160689530583896e-02,3.994280966008366907e+00,1.369861707294053876e-02,1.774227961521589528e-02,9.997487481384232932e-01,1.413306885312333394e+00,0.000000000000000000e+00,0.000000000000000000e+00,0.000000000000000000e+00,1.000000000000000056e-01
9.980117117243609837e-01,-6.166648147250564094e-02,-1.303335428092627403e-02,6.681947370746503623e+01,6.142848896549285564e-02,9.979503613635336556e-01,-1.793368333078897495e-02,4.048035124897995551e+00,1.411254776528121473e-02,1.709740673885410886e-02,9.997542271370393197e-01,1.436687452633838014e+00,0.000000000000000000e+00,0.000000000000000000e+00,0.000000000000000000e+00,1.000000000000000056e-01
9.979288392569723998e-01,-6.330958617159875013e-02,-1.139859982684878446e-02,6.760786480841180435e+01,6.310589075094026612e-02,9.978547631831737874e-01,-1.742177215964101078e-02,4.102966792489823433e+00,1.247711231664271232e-02,1.666637007368318435e-02,9.997832533988578740e-01,1.456452257361918301e+00,0.000000000000000000e+00,0.000000000000000000e+00,0.000000000000000000e+00,1.000000000000000056e-01
9.978122045705382082e-01,-6.563976037891348925e-02,-7.888362788388584776e-03,6.835952610214258129e+01,6.551277825285591050e-02,9.977328582003706092e-01,-1.540193341471049991e-02,4.162559982186217589e+00,8.881457970093967549e-03,1.485144857304713899e-02,9.998502658796504239e-01,1.480748798611348782e+00,0.000000000000000000e+00,0.000000000000000000e+00,0.000000000000000000e+00,1.000000000000000056e-01
9.979207649387333845e-01,-6.405691749336232810e-02,-7.131495308960872359e-03,6.905437253814865528e+01,6.396478260671005500e-02,9.978741905652885880e-01,-1.247422902413271133e-02,4.211564406085379630e+00,7.915395768341658075e-03,1.199212762268501119e-02,9.998967623634510415e-01,1.506219368790925328e+00,0.000000000000000000e+00,0.000000000000000000e+00,0.000000000000000000e+00,1.000000000000000056e-01
9.979893607483640849e-01,-6.275710852685428831e-02,-8.875875304450372982e-03,6.971770580037234311e+01,6.266496337565397035e-02,9.979814222329005391e-01,-1.030452537116305356e-02,4.260252257131914355e+00,9.504640876933066057e-03,9.727600287102060317e-03,9.999075135203530085e-01,1.538369216600750544e+00,0.000000000000000000e+00,0.000000000000000000e+00,0.000000000000000000e+00,1.000000000000000056e-01
9.977259942160051631e-01,-6.596547582739553661e-02,-1.383461110943477561e-02,7.040508125371853509e+01,6.583602595936013935e-02,9.977841492354462272e-01,-9.612971464390607235e-03,4.320592973846252072e+00,1.443807991259433120e-02,8.680295695540806572e-03,9.998580870879004712e-01,1.561464928216068637e+00,0.000000000000000000e+00,0.000000000000000000e+00,0.000000000000000000e+00,1.000000000000000056e-01
9.977101076554988346e-01,-6.529457308975337992e-02,-1.763972242071358207e-02,7.114570522534361885e+01,6.511947824930945650e-02,9.978240543358105619e-01,-1.032521870873180300e-02,4.375464472041123543e+00,1.827552009083970377e-02,9.152885548955862899e-03,9.997910932047439081e-01,1.588988157424410685e+00,0.000000000000000000e+00,0.000000000000000000e+00,0.000000000000000000e+00,1.000000000000000056e-01
9.975779194313435516e-01,-6.729880252488726344e-02,-1.758311240218954352e-02,7.185576181795721595e+01,6.712184598683698655e-02,9.976898698176061009e-01,-1.046811609830253058e-02,4.426514072074980710e+00,1.824698480163607778e-02,9.262550515081383398e-03,9.997906044285495009e-01,1.610939315018211859e+00,0.000000000000000000e+00,0.000000000000000000e+00,0.000000000000000000e+00,1.000000000000000056e-01
9.975690898345062063e-01,-6.794904444764855722e-02,-1.545439631322853904e-02,7.253572880841134918e+01,6.781491955298048213e-02,9.976569276765300254e-01,-9.043856757472885921e-03,4.477754514107981976e+00,1.603270696974276946e-02,7.973833311424403242e-03,9.998396722922850977e-01,1.629262200376386804e+00,0.000000000000000000e+00,0.000000000000000000e+00,0.000000000000000000e+00,1.000000000000000056e-01
9.975085650695465489e-01,-6.892147215899760426e-02,-1.504969396136616316e-02,7.317164966369483636e+01,6.878399313406474702e-02,9.975866308402375759e-01,-9.469754873091951533e-03,4.525387147183662861e+00,1.566604294093427996e-02,8.410983548909912663e-03,9.998419027297829054e-01,1.649032397288908713e+00,0.000000000000000000e+00,0.000000000000000000e+00,0.000000000000000000e+00,1.000000000000000056e-01
9.974149834861792963e-01,-6.985889311804566182e-02,-1.682515288447976667e-02,7.375501542801730182e+01,6.969108329868256568e-02,9.975147986494548036e-01,-1.036240242384375669e-02,4.562169394714644000e+00,1.750724495518160909e-02,9.163052311269915748e-03,9.998047483616089304e-01,1.675400866514014320e+00,0.000000000000000000e+00,0.000000000000000000e+00,0.000000000000000000e+00,1.000000000000000056e-01
9.973865647925570510e-01,-6.935081046487538703e-02,-2.026093431131055500e-02,7.439715881425082955e+01,6.900498099001138586e-02,9.974663489044461873e-01,-1.729726573195191491e-02,4.592652815383443610e+00,2.140917957023293766e-02,1.585395506170367980e-02,9.996450865877504199e-01,1.708285421079007715e+00,0.000000000000000000e+00,0.000000000000000000e+00,0.000000000000000000e+00,1.000000000000000056e-01
9.973515889402541079e-01,-6.841450795887091263e-02,-2.468325624985387434e-02,7.502365169386284549e+01,6.792335977993491092e-02,9.974856840965036220e-01,-2.021700320857694813e-02,4.615479677878508546e+00,2.600433107303249530e-02,1.848689057888528234e-02,9.994908752170619248e-01,1.729963036552713884e+00,0.000000000000000000e+00,0.000000000000000000e+00,0.000000000000000000e+00,1.000000000000000056e-01
9.976914762736438513e-01,-6.327196183327971069e-02,-2.466529984989123195e-02,7.561192819877425109e+01,6.277719614344376420e-02,9.978202149053119197e-01,-2.034311605149786983e-02,4.655882492333091704e+00,2.589868365930278124e-02,1.874773511881149685e-02,9.994887596229535820e-01,1.759821727934735680e+00,0.000000000000000000e+00,0.000000000000000000e+00,0.000000000000000000e+00,1.000000000000000056e-01
9.980024900952522149e-01,-5.849251520516614983e-02,-2.386745542887550031e-02,7.618343772002481273e+01,5.811990579126124351e-02,9.981810937563706521e-01,-1.601813404084811640e-02,4.708522043227282516e+00,2.476098371411906973e-02,1.459896339844257360e-02,9.995867966080784761e-01,1.771390023471988373e+00,0.000000000000000000e+00,0.000000000000000000e+00,0.000000000000000000e+00,1.000000000000000056e-01
9.984750508474211639e-01,-5.139471208732811214e-02,-2.015332242337263338e-02,7.672227935441404156e+01,5.102804961197619782e-02,9.985294576831946767e-01,-1.830465218743157138e-02,4.727869336196010686e+00,2.106444843895656852e-02,1.724835378712408565e-02,9.996293229510611056e-01,1.798933456201429193e+00,0.000000000000000000e+00,0.000000000000000000e+00,0.000000000000000000e+00,1.000000000000000056e-01
9.988829650139255945e-01,-4.402432545726186336e-02,-1.716627429064777194e-02,7.728874039820638586e+01,4.362969787668483784e-02,9.987893306898404377e-01,-2.272272790246990248e-02,4.734839388209217681e+00,1.814584437764944075e-02,2.194838645945453026e-02,9.995944160826673031e-01,1.819115618344501639e+00,0.000000000000000000e+00,0.000000000000000000e+00,0.000000000000000000e+00,1.000000000000000056e-01
9.992543356188257064e-01,-3.578132423173025628e-02,-1.450756985863025858e-02,7.784339852021420825e+01,3.540838236935311273e-02,9.990552450305949517e-01,-2.519650441715389280e-02,4.740034833546594939e+00,1.539542805396873493e-02,2.466402670047543669e-02,9.995772439296291001e-01,1.851897411656654890e+00,0.000000000000000000e+00,0.000000000000000000e+00,0.000000000000000000e+00,1.000000000000000056e-01
9.996046443253591152e-01,-2.394483452438930099e-02,-1.473770479999891338e-02,7.833011172209468498e+01,2.362848103965911606e-02,9.994943452147118101e-01,-2.127789387070552762e-02,4.754467380411852240e+00,1.523974825680419164e-02,2.092125195618447370e-02,9.996649695221170306e-01,1.876621235547504707e+00,0.000000000000000000e+00,0.000000000000000000e+00,0.000000000000000000e+00,1.000000000000000056e-01
9.998486125099518285e-01,-9.624248195901081993e-03,-1.449572035422249522e-02,7.883423013280395253e+01,9.340297792115637848e-03,9.997656315751275447e-01,-1.953050839945136979e-02,4.764563595783707584e+00,1.468028947530413547e-02,1.939215737998574440e-02,9.997041729097019269e-01,1.884341961969510315e+00,0.000000000000000000e+00,0.000000000000000000e+00,0.000000000000000000e+00,1.000000000000000056e-01
9.998659431280103593e-01,9.253245362724496492e-03,-1.350826498820645316e-02,7.932721631261671291e+01,-9.421921479234277030e-03,9.998777671033293180e-01,-1.247710896399962383e-02,4.756086777348695449e+00,1.339116008318661302e-02,1.260271013384000813e-02,9.998309099687351376e-01,1.899106445987306824e+00,0.000000000000000000e+00,0.000000000000000000e+00,0.000000000000000000e+00,1.000000000000000056e-01
9.994201043757731107e-01,3.142087384384070758e-02,-1.312187701543836293e-02,7.981782399253840765e+01,-3.160941147592638556e-02,9.993963180445132322e-01,-1.441681605680194753e-02,4.726867375022023587e+00,1.266096661651139668e-02,1.482323061817281476e-02,9.998099678230738530e-01,1.918555480632816890e+00,0.000000000000000000e+00,0.000000000000000000e+00,0.000000000000000000e+00,1.000000000000000056e-01
9.983471370211759455e-01,5.602784380780480300e-02,-1.280135617305801742e-02,8.030458578266926395e+01,-5.624628852969135173e-02,9.982654025350922167e-01,-1.739370944005572822e-02,4.707524326637718914e+00,1.180461893734706565e-02,1.808498879453900726e-02,9.997667648767113446e-01,1.937364090711556353e+00,0.000000000000000000e+00,0.000000000000000000e+00,0.000000000000000000e+00,1.000000000000000056e-01
9.963669312142243717e-01,8.444581977917782478e-02,-1.103820205340416694e-02,8.077369183852583490e+01,-8.463809014541474884e-02,9.962437369099382822e-01,-1.829782403069746613e-02,4.658324786778802462e+00,9.451564912002934082e-03,1.916559911780324824e-02,9.997716477932198087e-01,1.953989184955717162e+00,0.000000000000000000e+00,0.000000000000000000e+00,0.000000000000000000e+00,1.000000000000000056e-01
9.930544443048945347e-01,1.172832439938374521e-01,-9.354748771570938620e-03,8.123909324392002418e+01,-1.174439881825044968e-01,9.928970141500728097e-01,-1.903756632707716626e-02,4.594913943664458600e+00,7.055514586829390346e-03,2.000399885403186459e-02,9.997750045604075764e-01,1.969324269520297488e+00,0.000000000000000000e+00,0.000000000000000000e+00,0.000000000000000000e+00,1.000000000000000056e-01
