1.000000000000000000e+00,-1.520489606438470650e-12,2.490823458263413509e-13,3.828237509824978079e-20,1.520489606438499327e-12,1.000000000000000000e+00,-1.147964169016340263e-13,3.504182150695673219e-19,-2.490823458261667665e-13,1.147964169020127301e-13,1.000000000000000000e+00,-7.875350313044436695e-20,0.000000000000000000e+00,0.000000000000000000e+00,0.000000000000000000e+00,1.000000000000000056e-01
9.999966522859672358e-01,-2.142511553530111225e-03,-1.450882869643378486e-03,6.253726604480683848e-01,2.139742026374576167e-03,9.999958910344476370e-01,-1.907725945137433900e-03,-3.159483095469037012e-03,1.454964232894072730e-03,1.904615043564993754e-03,9.999971277561835459e-01,1.251644064245469555e-02,0.000000000000000000e+00,0.000000000000000000e+00,0.000000000000000000e+00,1.000000000000000056e-01
9.999870053772927925e-01,-4.289679267950955062e-03,-2.754583150375545901e-03,1.256102182786175359e+00,4.289719192098325092e-03,9.999907990754413056e-01,8.585647621819910384e-06,-8.433451864914917259e-03,2.754520975989183454e-03,-2.040192426096501424e-05,9.999962060917803042e-01,1.951465865258917437e-02,0.000000000000000000e+00,0.000000000000000000e+00,0.000000000000000000e+00,1.000000000000000056e-01
9.999636493992118957e-01,-8.379235383867188539e-03,-1.577432912005695279e-03,1.986087831823169392e+00,8.380065671080990167e-03,9.999647511778323450e-01,5.204817039829029435e-04,-6.770170003005271213e-03,1.573016070642829474e-03,-5.336817755545960641e-04,9.999986204011502844e-01,2.649698601813434487e-02,0.000000000000000000e+00,0.000000000000000000e+00,0.000000000000000000e+00,1.000000000000000056e-01
9.999078397518225136e-01,-1.333422673669226732e-02,-2.551548584327332451e-03,2.702565089227370709e+00,1.333027290306799603e-02,9.999099304861601700e-01,-1.560365179068779742e-03,-9.018033276165730860e-03,2.572125030676545698e-03,1.526208536472108959e-03,9.999955274201628441e-01,2.484894704451431208e-02,0.000000000000000000e+00,0.000000000000000000e+00,0.000000000000000000e+00,1.000000000000000056e-01
9.997969270832037791e-01,-1.995762597711981182e-02,-2.792447016575596349e-03,3.449169403802551770e+00,1.995756059569612009e-02,9.998008267377338498e-01,-5.127975291880394477e-05,-4.956907966936819655e-03,2.792914257922552313e-03,-4.461091153772166179e-06,9.999960997974174370e-01,3.524741199777613881e-02,0.000000000000000000e+00,0.000000000000000000e+00,0.000000000000000000e+00,1.000000000000000056e-01
9.997037900684817568e-01,-2.420498701413391351e-02,-2.539828017503464441e-03,4.197349218501966739e+00,2.420659551213662219e-02,9.997067946794424564e-01,6.044877723045494287e-04,1.550321477814259157e-02,2.524451707736596797e-03,-6.657893065130098161e-04,9.999965919282798321e-01,5.164819833803471760e-02,0.000000000000000000e+00,0.000000000000000000e+00,0.000000000000000000e+00,1.000000000000000056e-01
9.995415202376567443e-01,-3.006873466201831491e-02,-3.552536673866632435e-03,4.965402102680298135e+00,3.007815879921409141e-02,9.995440902732040112e-01,2.629821887943428922e-03,3.830165360863495294e-02,3.471841621285277815e-03,-2.735469930045831936e-03,9.999902317122995044e-01,6.653383963016983038e-02,0.000000000000000000e+00,0.000000000000000000e+00,0.000000000000000000e+00,1.000000000000000056e-01
9.994197331835397158e-01,-3.388975340612986054e-02,-3.417826416587531942e-03,5.750956558461528978e+00,3.389531509445493918e-02,9.994241355875941313e-01,1.582662199534489930e-03,8.703466108064839002e-02,3.362222180319011672e-03,-1.697592136506820108e-03,9.999929067963173601e-01,6.354973540761155171e-02,0.000000000000000000e+00,0.000000000000000000e+00,0.000000000000000000e+00,1.000000000000000056e-01
9.993528936148514674e-01,-3.592121033333356417e-02,-1.860288099106158916e-03,6.539538677608859985e+00,3.592381963360878616e-02,9.993535663617590936e-01,1.388734303267451708e-03,1.236161099580527778e-01,1.809200529297292151e-03,-1.454664298571371013e-03,9.999973053689811264e-01,6.699431136380142038e-02,0.000000000000000000e+00,0.000000000000000000e+00,0.000000000000000000e+00,1.000000000000000056e-01
9.993120285860328522e-01,-3.701257873641577295e-02,2.353409983084329537e-03,7.326185872113482489e+00,3.701290638003521677e-02,9.993147830301766232e-01,-9.580529141648170687e-05,1.664750923968616736e-01,-2.348251385735050222e-03,1.828459234924209099e-04,9.999972261375517091e-01,8.162659026195064060e-02,0.000000000000000000e+00,0.000000000000000000e+00,0.000000000000000000e+00,1.000000000000000056e-01
9.990729870509047483e-01,-4.293837743985241817e-02,3.076083226350578761e-03,8.128387883258877622e+00,4.293599322531406470e-02,9.990774744307158173e-01,8.370011339721789229e-04,2.084714434513924297e-01,-3.109184931529106102e-03,-7.041505345154885779e-04,9.999949185576326727e-01,7.316439020708688512e-02,0.000000000000000000e+00,0.000000000000000000e+00,0.000000000000000000e+00,1.000000000000000056e-01
9.989539579437300976e-01,-4.559299625478132473e-02,3.502656287432241462e-03,8.962525457231901527e+00,4.557688395620811822e-02,9.989504725372582161e-01,4.549842462203686037e-03,2.615783400706739315e-01,-3.706421103805133867e-03,-4.385442976488036944e-03,9.999835150303735265e-01,7.871073159944866338e-02,0.000000000000000000e+00,0.000000000000000000e+00,0.000000000000000000e+00,1.000000000000000056e-01
9.989593982464815003e-01,-4.554861933364841298e-02,2.333223483927040088e-03,9.743206476116856862e+00,4.554446745540371988e-02,9.989606857154528230e-01,1.802742110202395142e-03,3.073937108268500751e-01,-2.412910945565501213e-03,-1.694600752571478108e-03,9.999956530850812042e-01,9.731608726950288779e-02,0.000000000000000000e+00,0.000000000000000000e+00,0.000000000000000000e+00,1.000000000000000056e-01
9.988954787392261281e-01,-4.687333809116439598e-02,3.273030785622643886e-03,1.052503058689167581e+01,4.687190716740544105e-02,9.989007766466698746e-01,5.125750382180384659e-04,3.588380559410566106e-01,-3.293459096810404628e-03,-3.585956930508199308e-04,9.999945122530955466e-01,9.737155327544337602e-02,0.000000000000000000e+00,0.000000000000000000e+00,0.000000000000000000e+00,1.000000000000000056e-01
9.987200957475212970e-01,-5.052107512990500898e-02,2.406515692943359506e-03,1.128527560017618470e+01,5.052611038380428604e-02,9.987205752581600482e-01,-2.079597435438519746e-03,4.060759807373104935e-01,-2.298373238948434212e-03,2.198527627379471324e-03,9.999949419655712601e-01,1.080328667874109333e-01,0.000000000000000000e+00,0.000000000000000000e+00,0.000000000000000000e+00,1.000000000000000056e-01
9.984729491540902391e-01,-5.522820917424731829e-02,1.270715915936571983e-03,1.211387219411302318e+01,5.522609332730033654e-02,9.984725214268336257e-01,1.643949921858109398e-03,4.689738864321305600e-01,-1.359567334758764656e-03,-1.571262850973303895e-03,9.999978413525277832e-01,1.192483513549541102e-01,0.000000000000000000e+00,0.000000000000000000e+00,0.000000000000000000e+00,1.000000000000000056e-01
9.983683633564314208e-01,-5.707528949458257755e-02,-1.738498809359287269e-03,1.295743431521943556e+01,5.707926124142754382e-02,9.983669364185800976e-01,2.327703226742250820e-03,5.345855125626947091e-01,1.602805394743592963e-03,-2.423137488569474928e-03,9.999957797008836025e-01,1.218193318008392312e-01,0.000000000000000000e+00,0.000000000000000000e+00,0.000000000000000000e+00,1.000000000000000056e-01
9.983426605675845833e-01,-5.748382084998181207e-02,-2.746348725801508756e-03,1.384464963427816997e+01,5.749517692363892429e-02,9.983367280885718786e-01,4.252291138228765296e-03,5.862446676354986508e-01,2.497342859114989270e-03,-4.403145454331236497e-03,9.999871877122986641e-01,1.321922267606868429e-01,0.000000000000000000e+00,0.000000000000000000e+00,0.000000000000000000e+00,1.000000000000000056e-01
9.977875988338781310e-01,-6.634750211631355865e-02,-4.232797685885875821e-03,1.477049842230013788e+01,6.638022274638442910e-02,9.977613186163322156e-01,8.125090838778053701e-03,6.803075520228514250e-01,3.684242318884584436e-03,-8.388088931560981273e-03,9.999580322806612687e-01,1.474439330893775879e-01,0.000000000000000000e+00,0.000000000000000000e+00,0.000000000000000000e+00,1.000000000000000056e-01
9.974638655675193144e-01,-7.109865013397054234e-02,-3.289199937531648264e-03,1.572567356570065833e+01,7.111443595391711558e-02,9.974558269338340555e-01,4.960878419954223469e-03,7.492595473481443724e-01,2.928119884503855436e-03,-5.182206563675249671e-03,9.999822852676307772e-01,1.383492998218652792e-01,0.000000000000000000e+00,0.000000000000000000e+00,0.000000000000000000e+00,1.000000000000000056e-01
9.970427184385290964e-01,-7.683047738026672902e-02,-1.701574044340192944e-03,1.665072670521816889e+01,7.683357180722198698e-02,9.970422440676354192e-01,1.834608382801033869e-03,8.459943047299690599e-01,1.555587365759745610e-03,-1.959920940779173726e-03,9.999968694240264355e-01,1.485565486570884774e-01,0.000000000000000000e+00,0.000000000000000000e+00,0.000000000000000000e+00,1.000000000000000056e-01
9.968924522564214241e-01,-7.877293434867037314e-02,5.132721292246912245e-04,1.754605219124530890e+01,7.877029327099939471e-02,9.968848912912373628e-01,3.969182945987258064e-03,9.443668522451681424e-01,-8.243374183670945134e-04,-3.916417924332745056e-03,9.999919910371596332e-01,1.769816755390261898e-01,0.000000000000000000e+00,0.000000000000000000e+00,0.000000000000000000e+00,1.000000000000000056e-01
9.967817370522181752e-01,-8.015375565993813900e-02,1.242631389260743114e-03,1.848062326585868931e+01,8.014518394724766404e-02,9.967659790615072124e-01,5.859392085946220352e-03,1.022726246799738448e+00,-1.708264974901754080e-03,-5.740944100228568062e-03,9.999820615349125363e-01,1.932300136053669293e-01,0.000000000000000000e+00,0.000000000000000000e+00,0.000000000000000000e+00,1.000000000000000056e-01
9.964769901457205536e-01,-8.385684051873212863e-02,1.280003258387229191e-03,1.941939558480644479e+01,8.385079632352282486e-02,9.964694277035279768e-01,4.209941580886138700e-03,1.108194206104883728e+00,-1.628516514085321179e-03,-4.087780622698262804e-03,9.999903189449106389e-01,2.111251180275521833e-01,0.000000000000000000e+00,0.000000000000000000e+00,0.000000000000000000e+00,1.000000000000000056e-01
9.963751598245699226e-01,-8.506186718382280354e-02,1.009770154211541218e-03,2.035588588154138279e+01,8.505578721332232583e-02,9.963635414208417140e-01,5.020596462636676797e-03,1.183050686093542581e+00,-1.433159476359652067e-03,-4.916510807503308815e-03,9.999868869017208839e-01,2.190705409549763838e-01,0.000000000000000000e+00,0.000000000000000000e+00,0.000000000000000000e+00,1.000000000000000056e-01
9.966141072262479916e-01,-8.211693325115003439e-02,4.138906987944886845e-03,2.128376982484702751e+01,8.209144259211344219e-02,9.966067846164732291e-01,5.992654633823358418e-03,1.275694303314939715e+00,-4.616961205645272667e-03,-5.632595302408130444e-03,9.999734784179952207e-01,2.326019564128712080e-01,0.000000000000000000e+00,0.000000000000000000e+00,0.000000000000000000e+00,1.000000000000000056e-01
9.967568195697423805e-01,-8.008552860405931950e-02,7.883574660039596727e-03,2.222840294978664488e+01,8.003905800112037783e-02,9.967734043488386542e-01,6.043970310971261833e-03,1.363616859483945509e+00,-8.342172109547282832e-03,-5.393374735266590059e-03,9.999506586194438773e-01,2.239350685155811205e-01,0.000000000000000000e+00,0.000000000000000000e+00,0.000000000000000000e+00,1.000000000000000056e-01
9.967928895989618399e-01,-7.914700224153485564e-02,1.181893739429532887e-02,2.318948188532449706e+01,7.907929769527159702e-02,9.968497219411829313e-01,6.090693048316139606e-03,1.450986104125608467e+00,-1.226376455149112525e-02,-5.136526254646097377e-03,9.999116041816200617e-01,2.336152769740514890e-01,0.000000000000000000e+00,0.000000000000000000e+00,0.000000000000000000e+00,1.000000000000000056e-01
9.968888935844070209e-01,-7.727089246813735601e-02,1.554808751050962452e-02,2.412012473536423940e+01,7.719585519690554121e-02,9.970014823643978952e-01,5.370670685460537420e-03,1.527712943746239782e+00,-1.591646281292747461e-02,-4.153714045384847113e-03,9.998646972821642054e-01,2.397809943642751906e-01,0.000000000000000000e+00,0.000000000000000000e+00,0.000000000000000000e+00,1.000000000000000056e-01
9.971130267143816228e-01,-7.499294034042625068e-02,1.190255668258369953e-02,2.507932640660779100e+01,7.495026605080229443e-02,9.971792809778928790e-01,3.992393683801473241e-03,1.592274927931745410e+00,-1.216838425588224679e-02,-3.088767959846264177e-03,9.999211918631845109e-01,2.425135408725669905e-01,0.000000000000000000e+00,0.000000000000000000e+00,0.000000000000000000e+00,1.000000000000000056e-01
9.971806320956672076e-01,-7.450260704607883366e-02,8.952570391972988761e-03,2.604286005240107471e+01,7.446773258778049964e-02,9.972147129432589185e-01,4.168104212763386503e-03,1.665804147293077575e+00,-9.238169543826280083e-03,-3.489675175601281588e-03,9.999512380064581318e-01,2.358264330502071737e-01,0.000000000000000000e+00,0.000000000000000000e+00,0.000000000000000000e+00,1.000000000000000056e-01
9.973369762132875405e-01,-7.250610391091090456e-02,7.862618736560760338e-03,2.698515911226788333e+01,7.247499553329518618e-02,9.973615033268897756e-01,4.172134223056817026e-03,1.742145931093596278e+00,-8.144378440689636553e-03,-3.591180472567215200e-03,9.999603854766588862e-01,2.494157728013833564e-01,0.000000000000000000e+00,0.000000000000000000e+00,0.000000000000000000e+00,1.000000000000000056e-01
9.973752979341756753e-01,-7.189409866072135613e-02,8.587994438556222423e-03,2.794051658729118870e+01,7.188922814579823406e-02,9.974122384684729337e-01,8.748885136859743889e-04,1.811141487921548388e+00,-8.628670078035230798e-03,-2.552079004885223152e-04,9.999627397666435158e-01,2.592107055577517749e-01,0.000000000000000000e+00,0.000000000000000000e+00,0.000000000000000000e+00,1.000000000000000056e-01
9.974987751247537116e-01,-6.925980516356144978e-02,1.411640936362461123e-02,2.894410203499501932e+01,6.932548869419524751e-02,9.975851792899350645e-01,-4.217425562955346742e-03,1.898047420994203316e+00,-1.379022269315946687e-02,5.185503810968372478e-03,9.998914642641467676e-01,2.643115160815441844e-01,0.000000000000000000e+00,0.000000000000000000e+00,0.000000000000000000e+00,1.000000000000000056e-01
9.974010397036027209e-01,-6.987439168809057854e-02,1.757086749115216451e-02,2.992373762179192909e+01,7.003521704881725263e-02,9.975064950904564132e-01,-8.709800530333777074e-03,1.932322484543152585e+00,-1.691846243301635411e-02,9.917743623044747436e-03,9.998076835023474995e-01,2.601889962083845931e-01,0.000000000000000000e+00,0.000000000000000000e+00,0.000000000000000000e+00,1.000000000000000056e-01
9.972261941449380718e-01,-7.164221325755200376e-02,2.018194714991023223e-02,3.083917869159650493e+01,7.194151290748308780e-02,9.973032232895908678e-01,-1.451549299110747177e-02,1.987300646644639013e+00,-1.908759890045822263e-02,1.592714964304303357e-02,9.996909469793469061e-01,2.685114043349450252e-01,0.000000000000000000e+00,0.000000000000000000e+00,0.000000000000000000e+00,1.000000000000000056e-01
9.974423008089863263e-01,-7.015399441448602613e-02,1.368479537910061855e-02,3.175423973092892282e+01,7.034081465039698777e-02,9.974291522503034857e-01,-1.368415271616579484e-02,2.052970296306042997e+00,-1.268961588047833045e-02,1.461175242512387576e-02,9.998127176325938281e-01,2.540571290641122637e-01,0.000000000000000000e+00,0.000000000000000000e+00,0.000000000000000000e+00,1.000000000000000056e-01
9.974827735952149776e-01,-6.993275170193867518e-02,1.172717443342999148e-02,3.274046299895955769e+01,7.010381598653074586e-02,9.974288348382777114e-01,-1.487193387836102665e-02,2.102225064126677978e+00,-1.065698667183824326e-02,1.565661753223532293e-02,9.998206333950733216e-01,2.583409478308269502e-01,0.000000000000000000e+00,0.000000000000000000e+00,0.000000000000000000e+00,1.000000000000000056e-01
9.972969342120080460e-01,-7.282588428194890218e-02,9.757847604976440520e-03,3.368963060151933320e+01,7.292057582691514883e-02,9.972903131674295540e-01,-9.727326635899988597e-03,2.183761182380115962e+00,-9.023005729848234541e-03,1.041258089824803092e-02,9.999050772581548063e-01,2.472632024060220646e-01,0.000000000000000000e+00,0.000000000000000000e+00,0.000000000000000000e+00,1.000000000000000056e-01
9.969764823556332978e-01,-7.687589981377269954e-02,1.131325141638961362e-02,3.464330916569723939e+01,7.700885924364427038e-02,9.969602556288811313e-01,-1.182726910104869508e-02,2.262738286804642840e+00,-1.036963006959484151e-02,1.266272973014970910e-02,9.998660540532421370e-01,2.597591244357941309e-01,0.000000000000000000e+00,0.000000000000000000e+00,0.000000000000000000e+00,1.000000000000000056e-01
9.969396725632978518e-01,-7.728252065334931253e-02,1.177715037048543585e-02,3.562113165717685348e+01,7.741935291918267126e-02,9.969306414809344652e-01,-1.164215916346570193e-02,2.339131876988786995e+00,-1.084126666766535400e-02,1.251830970527019124e-02,9.998628700272670367e-01,2.519911608246647172e-01,0.000000000000000000e+00,0.000000000000000000e+00,0.000000000000000000e+00,1.000000000000000056e-01
9.969714342342085311e-01,-7.678980762803430671e-02,1.229978721095453288e-02,3.659861661700173130e+01,7.692296637335357956e-02,9.969791358103995416e-01,-1.074523164351295045e-02,2.412979468221307044e+00,-1.143750695340522809e-02,1.165882512083956692e-02,9.998666187204633404e-01,2.540386665380304776e-01,0.000000000000000000e+00,0.000000000000000000e+00,0.000000000000000000e+00,1.000000000000000056e-01
9.968997812806569270e-01,-7.765670276078007195e-02,1.265948651811464772e-02,3.759634487338934861e+01,7.777040479470426204e-02,9.969328918749092994e-01,-8.750613464107584796e-03,2.496874818916221983e+00,-1.194111471539877935e-02,9.708018039447300143e-03,9.998815750703177185e-01,2.565641221425725704e-01,0.000000000000000000e+00,0.000000000000000000e+00,0.000000000000000000e+00,1.000000000000000056e-01
9.967843026645899496e-01,-7.863695112830640377e-02,1.540402151100614923e-02,3.858802815019449639e+01,7.880178439147436653e-02,9.968360313527020455e-01,-1.040218119984516465e-02,2.577837058562733485e+00,-1.453728785526301089e-02,1.158259531535030945e-02,9.998272404508561362e-01,2.732594274344544716e-01,0.000000000000000000e+00,0.000000000000000000e+00,0.000000000000000000e+00,1.000000000000000056e-01
9.966493775669725830e-01,-8.036905943415614817e-02,1.519317218474141966e-02,3.960832671524891424e+01,8.048430293922734236e-02,9.967303648432455088e-01,-7.131393961721649993e-03,2.633778965845685160e+00,-1.457035262966557658e-02,8.330311225859320795e-03,9.998591454495615594e-01,2.656438566334236584e-01,0.000000000000000000e+00,0.000000000000000000e+00,0.000000000000000000e+00,1.000000000000000056e-01
9.963194681078155757e-01,-8.401496100349888085e-02,1.700011167434311438e-02,4.062470689573311233e+01,8.421781425175901836e-02,9.963799687056337229e-01,-1.158955239932073222e-02,2.726086105739872423e+00,-1.596487494519733402e-02,1.297860892934787902e-02,9.997883168342402982e-01,2.768045320600405756e-01,0.000000000000000000e+00,0.000000000000000000e+00,0.000000000000000000e+00,1.000000000000000056e-01
9.964248369231066826e-01,-8.302326071274289399e-02,1.564233177579847645e-02,4.164697084391183779e+01,8.322532770289457760e-02,9.964492894863079542e-01,-1.274199007132963135e-02,2.819466185031319849e+00,-1.452890882021230790e-02,1.399827356697870215e-02,9.997964588583208023e-01,2.893280735860929154e-01,0.000000000000000000e+00,0.000000000000000000e+00,0.000000000000000000e+00,1.000000000000000056e-01
9.962855680391911051e-01,-8.477454324900703109e-02,1.511104674562618877e-02,4.270434389402235098e+01,8.497270934872562520e-02,9.962985685373070277e-01,-1.299234376276978825e-02,2.909469478356523364e+00,-1.395369423354481109e-02,1.422811116892264138e-02,9.998014079154927680e-01,2.981652505673024756e-01,0.000000000000000000e+00,0.000000000000000000e+00,0.000000000000000000e+00,1.000000000000000056e-01
9.964061770700427534e-01,-8.391438681233306940e-02,1.153715660692654181e-02,4.377763228443711085e+01,8.406876465146559396e-02,9.963668885410229548e-01,-1.361859864513663941e-02,2.989779041550720162e+00,-1.035244447650399309e-02,1.453957031658667000e-02,9.998407012061321097e-01,3.047722214431328180e-01,0.000000000000000000e+00,0.000000000000000000e+00,0.000000000000000000e+00,1.000000000000000056e-01
9.964384385658090482e-01,-8.339683489180689524e-02,1.246619743791581823e-02,4.481105661369326754e+01,8.357522003457358573e-02,9.963952831235838303e-01,-1.454724596773675389e-02,3.066552170765579621e+00,-1.120806605552478012e-02,1.553730025139262415e-02,9.998164689362708524e-01,3.124280152840193114e-01,0.000000000000000000e+00,0.000000000000000000e+00,0.000000000000000000e+00,1.000000000000000056e-01
9.964086920110194479e-01,-8.340722676270434510e-02,1.459290953319890977e-02,4.581808554052746985e+01,8.361458932153534307e-02,9.963965906573004627e-01,-1.422795062891753226e-02,3.164521222820225521e+00,-1.335361140217512441e-02,1.539703381378182412e-02,9.997922846332917279e-01,3.249439996866230196e-01,0.000000000000000000e+00,0.000000000000000000e+00,0.000000000000000000e+00,1.000000000000000056e-01
9.959925188969326326e-01,-8.857370687436109946e-02,1.239357704127497239e-02,4.676437025892074217e+01,8.871999506071735764e-02,9.959867367776925606e-01,-1.179756921359990419e-02,3.242220884244691348e+00,-1.129888391698700631e-02,1.284984877180080955e-02,9.998535975875529891e-01,3.383539480883039907e-01,0.000000000000000000e+00,0.000000000000000000e+00,0.000000000000000000e+00,1.000000000000000056e-01
9.962097073709496042e-01,-8.671147488239608347e-02,6.880338916543280239e-03,4.772081688581557302e+01,8.679148391055174772e-02,9.961501266950636424e-01,-1.233545321473775505e-02,3.345577578179109501e+00,-5.784225141826861497e-03,1.288585306171624936e-02,9.999002437895394557e-01,3.321802646400713321e-01,0.000000000000000000e+00,0.000000000000000000e+00,0.000000000000000000e+00,1.000000000000000056e-01
9.962728712687157762e-01,-8.611541641117620438e-02,4.949851545108514654e-03,4.866908657155855877e+01,8.617260572919593908e-02,9.961977718552280647e-01,-1.281722951809712019e-02,3.431187341124982915e+00,-3.827270023062707797e-03,1.319599965931944272e-02,9.999056043433108831e-01,3.396546726578549835e-01,0.000000000000000000e+00,0.000000000000000000e+00,0.000000000000000000e+00,1.000000000000000056e-01
9.963457687942252061e-01,-8.521970941560261248e-02,5.719277311389412560e-03,4.963540184829674473e+01,8.529320284741656599e-02,9.962554212875254223e-01,-1.414938526030858242e-02,3.536024458035994744e+00,-4.492054527025536592e-03,1.458549561500879603e-02,9.998835355999171615e-01,3.464237309699855216e-01,0.000000000000000000e+00,0.000000000000000000e+00,0.000000000000000000e+00,1.000000000000000056e-01
9.967518014661005399e-01,-8.001348203027749961e-02,9.148167438003493301e-03,5.064433370301024695e+01,8.015634892002324041e-02,9.966458450838143746e-01,-1.649300472870416159e-02,3.615303897562179625e+00,-7.797820329731772714e-03,1.717271587606418806e-02,9.998221300949210466e-01,3.620963807410911839e-01,0.000000000000000000e+00,0.000000000000000000e+00,0.000000000000000000e+00,1.000000000000000056e-01
9.968053378038985723e-01,-7.939271550430751501e-02,8.712935814511940311e-03,5.158866960702405891e+01,7.952286545027345555e-02,9.967082167822501892e-01,-1.577480489022248245e-02,3.700281204417013914e+00,-7.431850121835005887e-03,1.641728733984311461e-02,9.998376069543332134e-01,3.660272903650687026e-01,0.000000000000000000e+00,0.000000000000000000e+00,0.000000000000000000e+00,1.000000000000000056e-01
9.968764875680452553e-01,-7.781063336854318613e-02,1.351938862460332590e-02,5.253735797491206938e+01,7.804835797433140598e-02,9.967861830327034989e-01,-1.804879864712084434e-02,3.782534284569280647e+00,-1.207155132978032265e-02,1.904758908313185575e-02,9.997457011653576586e-01,3.925569283803371778e-01,0.000000000000000000e+00,0.000000000000000000e+00,0.000000000000000000e+00,1.000000000000000056e-01
9.970535790063840276e-01,-7.540125194073765691e-02,1.410006369949433347e-02,5.353543747228572869e+01,7.564299703595567248e-02,9.969817650006640442e-01,-1.747847978455201873e-02,3.878614086319785770e+00,-1.273960713596755667e-02,1.849355190140596072e-02,9.997478136750743705e-01,4.199474872538895287e-01,0.000000000000000000e+00,0.000000000000000000e+00,0.000000000000000000e+00,1.000000000000000056e-01
9.970603113678454532e-01,-7.502948858702905566e-02,1.553419896305763791e-02,5.450302010758750981e+01,7.533302439677851126e-02,9.969583435226097023e-01,-1.997490214966063035e-02,3.941605151017886222e+00,-1.398824257329559818e-02,2.108642034635130683e-02,9.996797947076291324e-01,4.146694652676604642e-01,0.000000000000000000e+00,0.000000000000000000e+00,0.000000000000000000e+00,1.000000000000000056e-01
9.969630485026147459e-01,-7.558421588502754751e-02,1.875383239283606035e-02,5.543899563290997889e+01,7.592471999640869329e-02,9.969481425074325776e-01,-1.816144389762964356e-02,4.016905312455829602e+00,-1.732387987259137452e-02,1.953016794667571804e-02,9.996591697804479981e-01,4.237908104080877481e-01,0.000000000000000000e+00,0.000000000000000000e+00,0.000000000000000000e+00,1.000000000000000056e-01
9.969590019187282159e-01,-7.431920167128647225e-02,2.343938472221268610e-02,5.638316901310718521e+01,7.470140395530761035e-02,9.970795931396648770e-01,-1.587404143708603943e-02,4.101631425821173238e+00,-2.219118609536674391e-02,1.757672345413170689e-02,9.995992247157347022e-01,4.348111875066683063e-01,0.000000000000000000e+00,0.000000000000000000e+00,0.000000000000000000e+00,1.000000000000000056e-01
9.968825938219499916e-01,-7.468632783234233075e-02,2.543711009019999220e-02,5.734065152228798468e+01,7.506177308485409427e-02,9.970786554317064843e-01,-1.413807284810320551e-02,4.167864777821937317e+00,-2.430687878315392764e-02,1.600335331798585087e-02,9.995764444635542034e-01,4.193841456565681192e-01,0.000000000000000000e+00,0.000000000000000000e+00,0.000000000000000000e+00,1.000000000000000056e-01
9.969039380024119490e-01,-7.540728339360774912e-02,2.227734289540064458e-02,5.822603161245679360e+01,7.566196017659279627e-02,9.970748386966981069e-01,-1.081821705222947225e-02,4.235449365444359238e+00,-2.139640571495160168e-02,1.247027061252451233e-02,9.996932960530102719e-01,4.208810196635534573e-01,0.000000000000000000e+00,0.000000000000000000e+00,0.000000000000000000e+00,1.000000000000000056e-01
9.970561983797121552e-01,-7.494289731972141044e-02,1.620183365924466462e-02,5.912705088279635390e+01,7.505737897081420085e-02,9.971575302726435330e-01,-6.576449086974071878e-03,4.314407018805414218e+00,-1.566292228888712529e-02,7.773156494480116391e-03,9.998471137646418594e-01,4.246894948241764500e-01,0.000000000000000000e+00,0.000000000000000000e+00,0.000000000000000000e+00,1.000000000000000056e-01
9.971484217477830647e-01,-7.482010955188411749e-02,9.847650102915059614e-03,6.009635745455707223e+01,7.489002602276340070e-02,9.971676969651224187e-01,-6.933118460237107372e-03,4.373661398829097990e+00,-9.301021890911030307e-03,7.650838902886229406e-03,9.999274751980099518e-01,4.271842174975948314e-01,0.000000000000000000e+00,0.000000000000000000e+00,0.000000000000000000e+00,1.000000000000000056e-01
9.972975436194163601e-01,-7.276037522148928738e-02,1.017532742993490849e-02,6.100236126197992093e+01,7.280290195227068217e-02,9.973388281773110098e-01,-3.872890036663915320e-03,4.450704107749194449e+00,-9.866456203032496208e-03,4.603217085486836085e-03,9.999407299607599997e-01,4.328214680787933477e-01,0.000000000000000000e+00,0.000000000000000000e+00,0.000000000000000000e+00,1.000000000000000056e-01
9.970819328701576723e-01,-7.539498567803018525e-02,1.196725860504452114e-02,6.192901615052920761e+01,7.543265402954396626e-02,9.971471685629424986e-01,-2.727440735544249886e-03,4.526284192061686973e+00,-1.172748267828661699e-02,3.622203958421671942e-03,9.999246700569568436e-01,4.322852529867109439e-01,0.000000000000000000e+00,0.000000000000000000e+00,0.000000000000000000e+00,1.000000000000000056e-01
9.971735669245447298e-01,-7.392881864674422099e-02,1.339429731181339400e-02,6.278631654227965697e+01,7.398475325862907681e-02,9.972524004610560100e-01,-3.729082986659799318e-03,4.591004400472554536e+00,-1.308180844685554595e-02,4.709516764852418776e-03,9.999033386980969995e-01,4.408696404013835446e-01,0.000000000000000000e+00,0.000000000000000000e+00,0.000000000000000000e+00,1.000000000000000056e-01
9.973301252742962086e-01,-7.136088108476462688e-02,1.549986681113021264e-02,6.357433608622520183e+01,7.141478940765599859e-02,9.974423356938554308e-01,-2.952087303296833335e-03,4.662093011228551909e+00,-1.524955980403498029e-02,4.051125324181270408e-03,9.998755119060527274e-01,4.400585865774873651e-01,0.000000000000000000e+00,0.000000000000000000e+00,0.000000000000000000e+00,1.000000000000000056e-01
9.972057961457090336e-01,-7.308180386400732476e-02,1.548063556141438674e-02,6.436174368897005138e+01,7.310714112632617223e-02,9.973235118289347501e-01,-1.076415131891839735e-03,4.730580174157553053e+00,-1.536053546390852079e-02,2.205152417295035486e-03,9.998795883770598136e-01,4.490043537389397099e-01,0.000000000000000000e+00,0.000000000000000000e+00,0.000000000000000000e+00,1.000000000000000056e-01
9.970760884489233700e-01,-7.432293372740178539e-02,1.775881092716736706e-02,6.512639804900828722e+01,7.433720277134639454e-02,9.972331520777094616e-01,-1.438099014291765879e-04,4.791007250665947126e+00,-1.769898662427791744e-02,1.463529742868070749e-03,9.998422895402880872e-01,4.472310110942852579e-01,0.000000000000000000e+00,0.000000000000000000e+00,0.000000000000000000e+00,1.000000000000000056e-01
9.964532129790568682e-01,-8.266664016027897022e-02,1.572326137686727923e-02,6.592275283296130794e+01,8.268756020256548545e-02,9.965752854391209947e-01,-6.839880712202026525e-04,4.853983627368401166e+00,-1.561287069892793380e-02,1.981680232887104119e-03,9.998761479363297289e-01,4.495545213784769567e-01,0.000000000000000000e+00,0.000000000000000000e+00,0.000000000000000000e+00,1.000000000000000056e-01
9.963140163963418727e-01,-8.443130089117362180e-02,1.515704991131102200e-02,6.665288245408234502e+01,8.441940562310135121e-02,9.964292930454554664e-01,1.424048867196243875e-03,4.914665180647769027e+00,-1.522316282617230607e-02,-1.392507019083935463e-04,9.998841112463032754e-01,4.511514528397186363e-01,0.000000000000000000e+00,0.000000000000000000e+00,0.000000000000000000e+00,1.000000000000000056e-01
9.961051708130470583e-01,-8.624230468107858816e-02,1.835084637847601494e-02,6.741897426651729575e+01,8.619531978191706523e-02,9.962726672423996011e-01,3.337566989280028266e-03,4.998167209619224671e+00,-1.857028613682282572e-02,-1.742810664095195087e-03,9.998260384105754905e-01,4.585177903862828752e-01,0.000000000000000000e+00,0.000000000000000000e+00,0.000000000000000000e+00,1.000000000000000056e-01
9.963663768743415972e-01,-8.253155665844369437e-02,2.103770875907517296e-02,6.813913113501197927e+01,8.241655111589837879e-02,9.965781966116518120e-01,6.277749630912578260e-03,5.077064806299643962e+00,-2.148383430531147081e-02,-4.521083255372898568e-03,9.997589732879319513e-01,4.531911083083136060e-01,0.000000000000000000e+00,0.000000000000000000e+00,0.000000000000000000e+00,1.000000000000000056e-01
9.958122339881345653e-01,-8.845123671293424195e-02,2.311651711467934203e-02,6.884481127216757557e+01,8.826233051954844588e-02,9.960559676784994654e-01,9.070295657036320236e-03,5.165169458624368382e+00,-2.382762369223534807e-02,-6.991993707129585955e-03,9.996916306407594988e-01,4.586363636345007766e-01,0.000000000000000000e+00,0.000000000000000000e+00,0.000000000000000000e+00,1.000000000000000056e-01
9.958874917682887240e-01,-8.901480869046236866e-02,1.686616652553305645e-02,6.950760501337691721e+01,8.879681469451690401e-02,9.959614651903808680e-01,1.326218518711692711e-02,5.238728780898497916e+00,-1.797858280216355770e-02,-1.170998247778980671e-02,9.997697969386730721e-01,4.526018375180112518e-01,0.000000000000000000e+00,0.000000000000000000e+00,0.000000000000000000e+00,1.000000000000000056e-01
9.957854855313743592e-01,-9.103783926488111244e-02,1.110759321485044020e-02,7.017849722558771930e+01,9.089687165649125433e-02,9.957806257090003887e-01,1.259778495034147641e-02,5.313063480733169364e+00,-1.220760124300754486e-02,-1.153504592853285549e-02,9.998589486459169562e-01,4.574414844380722545e-01,0.000000000000000000e+00,0.000000000000000000e+00,0.000000000000000000e+00,1.000000000000000056e-01
9.960707114570794829e-01,-8.816494144862173366e-02,8.371432180260809583e-03,7.090076922994127528e+01,8.807295620455422858e-02,9.960556294741714778e-01,1.078598063241300795e-02,5.388405767822806780e+00,-9.289357500832677236e-03,-1.000630262250839717e-02,9.999067865281485723e-01,4.649278982416374939e-01,0.000000000000000000e+00,0.000000000000000000e+00,0.000000000000000000e+00,1.000000000000000056e-01
9.962451776641848555e-01,-8.629617112626714048e-02,6.965402343205630460e-03,7.161041229027333088e+01,8.623060013411151803e-02,9.962325249232671931e-01,9.221707299778617722e-03,5.458753811944396794e+00,-7.734958394696229804e-03,-8.586450603004891491e-03,9.999332194125137852e-01,4.666842137850035765e-01,0.000000000000000000e+00,0.000000000000000000e+00,0.000000000000000000e+00,1.000000000000000056e-01
9.962672810479833441e-01,-8.566801596394713059e-02,1.060640156035028148e-02,7.228580045701157530e+01,8.554863597695316901e-02,9.962705903549089470e-01,1.124018133145267967e-02,5.535125187202829977e+00,-1.152976997781195168e-02,-1.029086170746086951e-02,9.998805741535219394e-01,4.746137316980896248e-01,0.000000000000000000e+00,0.000000000000000000e+00,0.000000000000000000e+00,1.000000000000000056e-01
9.961955589511186648e-01,-8.600937125619062540e-02,1.402841338794486373e-02,7.287391044470224699e+01,8.583448261149190239e-02,9.962293944810584057e-01,1.262676390533975720e-02,5.576627072008903063e+00,-1.506153779950092017e-02,-1.137460452140937398e-02,9.998218683601073353e-01,4.961473130473825766e-01,0.000000000000000000e+00,0.000000000000000000e+00,0.000000000000000000e+00,1.000000000000000056e-01
9.961454580747477472e-01,-8.697137291700844652e-02,1.141081285368119973e-02,7.345870893182055283e+01,8.687544847934310088e-02,9.961816292577915233e-01,8.649738770907649046e-03,5.609960033023044801e+00,-1.211952179601520109e-02,-7.625078505995299023e-03,9.998974824296805730e-01,5.027578846596548745e-01,0.000000000000000000e+00,0.000000000000000000e+00,0.000000000000000000e+00,1.000000000000000056e-01
9.960804529771571936e-01,-8.792290954257087066e-02,9.658839184412773907e-03,7.408490101408204964e+01,8.787689513484156500e-02,9.961183371833417510e-01,5.090150150475055910e-03,5.651959255375313518e+00,-1.006888763873687968e-02,-4.221410269473998764e-03,9.999403968222582151e-01,5.134872276582703732e-01,0.000000000000000000e+00,0.000000000000000000e+00,0.000000000000000000e+00,1.000000000000000056e-01
9.962199874461915572e-01,-8.673949554576691756e-02,4.690045327691441147e-03,7.470547828459903883e+01,8.672347657452365854e-02,9.962262113778048711e-01,3.517722935832884746e-03,5.674379676403214390e+00,-4.977471600920138108e-03,-3.097688862865113479e-03,9.999828144024131005e-01,5.253337036622383049e-01,0.000000000000000000e+00,0.000000000000000000e+00,0.000000000000000000e+00,1.000000000000000056e-01
9.967285874531385259e-01,-8.062306964801477238e-02,5.660706157581590729e-03,7.531660695317398790e+01,8.061315936481161515e-02,9.967435402123140387e-01,1.957953586396432837e-03,5.735638693832555646e+00,-5.800128523973139931e-03,-1.495220904869227953e-03,9.999820612508761863e-01,5.449696239725067004e-01,0.000000000000000000e+00,0.000000000000000000e+00,0.000000000000000000e+00,1.000000000000000056e-01
9.970255917003919555e-01,-7.662257245303297215e-02,8.303666970867778011e-03,7.588744495253905598e+01,7.658585702104467319e-02,9.970521315080151936e-01,4.653338551597523652e-03,5.799249970447187152e+00,-8.635739622954692954e-03,-4.003554171407515232e-03,9.999546967513883722e-01,5.378078474941120346e-01,0.000000000000000000e+00,0.000000000000000000e+00,0.000000000000000000e+00,1.000000000000000056e-01
9.972129083992079535e-01,-7.370425143068184970e-02,1.158009684915253107e-02,7.643637800232069424e+01,7.367786487873723145e-02,9.972784659852711453e-01,2.689518353724506834e-03,5.822817681885088525e+00,-1.174681015865405159e-02,-1.828825608776114223e-03,9.999293314269710464e-01,5.460194251499458362e-01,0.000000000000000000e+00,0.000000000000000000e+00,0.000000000000000000e+00,1.000000000000000056e-01
9.976518238679584760e-01,-6.677940611961402650e-02,1.521016933658598039e-02,7.700494590461680389e+01,6.681882227715030265e-02,9.977629202971060041e-01,-2.097586633615176627e-03,5.820592332663428792e+00,-1.503606738580826052e-02,3.108986732453931489e-03,9.998821184915084315e-01,5.605680003721513760e-01,0.000000000000000000e+00,0.000000000000000000e+00,0.000000000000000000e+00,1.000000000000000056e-01
9.982021882605474072e-01,-5.699346016668664638e-02,1.855092585514278580e-02,7.755528233323710197e+01,5.714675147835798774e-02,9.983350025660819860e-01,-7.840372877092221734e-03,5.841757318820098632e+00,-1.807318863193464742e-02,8.886402512229390691e-03,9.997971752825995928e-01,5.621841672568007597e-01,0.000000000000000000e+00,0.000000000000000000e+00,0.000000000000000000e+00,1.000000000000000056e-01
9.988123769036185706e-01,-4.502987169391099720e-02,1.860501006110039379e-02,7.805860402460062630e+01,4.507872735013221388e-02,9.989809824245897696e-01,-2.214744792072825992e-03,5.883058287529789432e+00,-1.848632155503564939e-02,3.050804685895981347e-03,9.998244588457178006e-01,5.624473510064329496e-01,0.000000000000000000e+00,0.000000000000000000e+00,0.000000000000000000e+00,1.000000000000000056e-01
9.994482793200301085e-01,-2.647209332609097229e-02,2.005904382481515924e-02,7.857073663210320547e+01,2.647304344010561680e-02,9.996495037521764271e-01,2.182178855783556437e-04,5.902928089118657518e+00,-2.005778988945208785e-02,3.129264482831713178e-04,9.997987733248068221e-01,5.616246345934876594e-01,0.000000000000000000e+00,0.000000000000000000e+00,0.000000000000000000e+00,1.000000000000000056e-01
9.997736656626504681e-01,-1.035016621138974517e-02,1.858740183197895440e-02,7.907057215402022621e+01,1.028793042811134741e-02,9.999411580086356999e-01,3.440785935648062090e-03,5.914421120667946674e+00,-1.862192081857264037e-02,-3.248781270756606870e-03,9.998213187791514800e-01,5.687983013679572819e-01,0.000000000000000000e+00,0.000000000000000000e+00,0.000000000000000000e+00,1.000000000000000056e-01
9.997686786553788840e-01,1.160845459165069093e-02,1.810615811461162294e-02,7.959308934684021608e+01,-1.165340913841611536e-02,9.999292659924876592e-01,2.379299724199039363e-03,5.908388155495191363e+00,-1.807725740067923220e-02,-2.589747809822003175e-03,9.998332390809735459e-01,5.769886059912421317e-01,0.000000000000000000e+00,0.000000000000000000e+00,0.000000000000000000e+00,1.000000000000000056e-01
9.991290588499847081e-01,3.676429879635267212e-02,1.973601012252103326e-02,8.010338664134278019e+01,-3.682278339674321249e-02,9.993184080823606097e-01,2.608043453056411824e-03,5.876275005500223969e+00,-1.962667532875303489e-02,-3.332506826549640200e-03,9.998018243701052299e-01,5.920372586151649852e-01,0.000000000000000000e+00,0.000000000000000000e+00,0.000000000000000000e+00,1.000000000000000056e-01
9.980287102040884539e-01,5.932945327651888839e-02,2.046239434359950135e-02,8.056040689321228854e+01,-5.941856899683673615e-02,9.982260201884366468e-01,3.774424078309528748e-03,5.885371058276892775e+00,-2.020215995213787627e-02,-4.982829784784163253e-03,9.997834986338812735e-01,5.839960900407563660e-01,0.000000000000000000e+00,0.000000000000000000e+00,0.000000000000000000e+00,1.000000000000000056e-01
9.955392371357810744e-01,9.198455377842620906e-02,2.098735784444814845e-02,8.105312465049074433e+01,-9.197098826698787977e-02,9.957603810342952055e-01,-1.612724287886609358e-03,5.814943393936580662e+00,-2.104672516807967048e-02,-3.246977347938353542e-04,9.997784404212166631e-01,5.782548125581914444e-01,0.000000000000000000e+00,0.000000000000000000e+00,0.000000000000000000e+00,1.000000000000000056e-01
