1.000000000000000000e+00,-1.477814139410356836e-09,2.536849468952151794e-10,3.007451971392231847e-15,1.477814139408873288e-09,1.000000000000000000e+00,5.847397217966732373e-12,2.825564991048364189e-15,-2.536849469038565285e-10,-5.847396843067531061e-12,1.000000000000000000e+00,-3.468168579456393651e-16,0.000000000000000000e+00,0.000000000000000000e+00,0.000000000000000000e+00,1.000000000000000056e-01
9.999828011904652314e-01,-5.829825922816203945e-03,-6.406660441211356949e-04,6.413289359070761808e-01,5.828793179701963895e-03,9.999817288983483543e-01,-1.602198345497624857e-03,6.905471551376640357e-03,6.499948758947941786e-04,1.598436479725004033e-03,9.999985112526326159e-01,8.173917481988160483e-03,0.000000000000000000e+00,0.000000000000000000e+00,0.000000000000000000e+00,1.000000000000000056e-01
9.999377142812928554e-01,-1.113239651256046209e-02,-7.983143433173517075e-04,1.304771835522596790e+00,1.113278173724190426e-02,9.999379135836101717e-01,4.797383113907461487e-04,1.570170078082643375e-02,7.929241417359546512e-04,-4.885958898870915125e-04,9.999995662725869039e-01,1.293793762512960438e-02,0.000000000000000000e+00,0.000000000000000000e+00,0.000000000000000000e+00,1.000000000000000056e-01
9.998196630232576432e-01,-1.895212076995113695e-02,-1.207704591636352956e-03,2.031039758277736418e+00,1.895453965584567232e-02,9.998182980433587552e-01,2.023937774841156473e-03,2.243295790866377606e-02,1.169127236209352048e-03,-2.046464268596445008e-03,9.999972225588943386e-01,1.795241211068632908e-02,0.000000000000000000e+00,0.000000000000000000e+00,0.000000000000000000e+00,1.000000000000000056e-01
9.996397918337164290e-01,-2.683473108218179665e-02,-4.287078153903487333e-04,2.748945000643044256e+00,2.683625457466523589e-02,9.996315692192341285e-01,4.067094871695328163e-03,4.171942150562336915e-02,3.194104690675391572e-04,-4.077134782981457935e-03,9.999916374394905993e-01,2.326226524603131410e-02,0.000000000000000000e+00,0.000000000000000000e+00,0.000000000000000000e+00,1.000000000000000056e-01
9.994509672906435327e-01,-3.313008747711621016e-02,-4.016037296329218404e-04,3.447361985357587866e+00,3.313086797825505470e-02,9.994487650308199189e-01,2.124068119523978612e-03,5.833726499342900551e-02,3.310117890062119067e-04,-2.136207416795501534e-03,9.999976635218044141e-01,2.825763057687277410e-02,0.000000000000000000e+00,0.000000000000000000e+00,0.000000000000000000e+00,1.000000000000000056e-01
9.991414288291186052e-01,-4.142937700648890303e-02,-1.091703329384334417e-04,4.186347494553362303e+00,4.142946819310940748e-02,9.991324892037829475e-01,4.227077322291670006e-03,9.565402645513239321e-02,-6.604955352481837853e-05,-4.227970944401767892e-03,9.999910599096122343e-01,4.102042346789037952e-02,0.000000000000000000e+00,0.000000000000000000e+00,0.000000000000000000e+00,1.000000000000000056e-01
9.989053647913284095e-01,-4.677032032148217139e-02,-7.805947278435269995e-04,4.957367309268214228e+00,4.677433651765517536e-02,9.988853829625589098e-01,6.336651093059833713e-03,1.352453673862627215e-01,4.833574622726573419e-04,-6.366226572152363684e-03,9.999796185546961924e-01,4.779208943262883841e-02,0.000000000000000000e+00,0.000000000000000000e+00,0.000000000000000000e+00,1.000000000000000056e-01
9.985538596135153933e-01,-5.375593962003223647e-02,6.988608726391176912e-04,5.743656467837401358e+00,5.375078824992748916e-02,9.985362976433395099e-01,6.009579955666791498e-03,1.875004575425375242e-01,-1.020888565571437950e-03,-5.963324936605708670e-03,9.999816981036389052e-01,4.889352614539244773e-02,0.000000000000000000e+00,0.000000000000000000e+00,0.000000000000000000e+00,1.000000000000000056e-01
9.980894224716180263e-01,-6.161130065899349251e-02,4.642454240921765896e-03,6.552824232337296273e+00,6.158889893650808245e-02,9.980899481668272788e-01,4.823162461365348465e-03,2.365018473015481348e-01,-4.930748225222823453e-03,-4.528023790489434271e-03,9.999775921101893283e-01,4.924207121088526595e-02,0.000000000000000000e+00,0.000000000000000000e+00,0.000000000000000000e+00,1.000000000000000056e-01
9.978887116836245852e-01,-6.460142289020082140e-02,6.691431458020269570e-03,7.377841534500079845e+00,6.456280644606721131e-02,9.978965869544532685e-01,5.834875188129837013e-03,3.036722307538337051e-01,-7.054297853338002862e-03,-5.390538490246341193e-03,9.999605887116659320e-01,5.710005323711308395e-02,0.000000000000000000e+00,0.000000000000000000e+00,0.000000000000000000e+00,1.000000000000000056e-01
9.975612593390618121e-01,-6.949705074789687409e-02,6.457073889098755362e-03,8.195420207669183554e+00,6.946027462919047990e-02,9.975681158712433882e-01,5.755384047573406693e-03,3.637661923552236720e-01,-6.841353250817491446e-03,-5.292838032839500446e-03,9.999625901758804059e-01,5.982303944769499365e-02,0.000000000000000000e+00,0.000000000000000000e+00,0.000000000000000000e+00,1.000000000000000056e-01
9.972782584323544031e-01,-7.339389861916338631e-02,7.029288983259925593e-03,9.029070718690940467e+00,7.335078396067155893e-02,9.972868874783555881e-01,6.206976404714870457e-03,4.373313767946587216e-01,-7.465771928280367890e-03,-5.674478761416535885e-03,9.999560303034834563e-01,6.117599393003558123e-02,0.000000000000000000e+00,0.000000000000000000e+00,0.000000000000000000e+00,1.000000000000000056e-01
9.970777173255337411e-01,-7.595799912239242779e-02,8.149109290319974525e-03,9.810890112660667128e+00,7.592129517104112546e-02,9.971026273922488636e-01,4.723069661318699333e-03,5.200683537650754307e-01,-8.484253205474075882e-03,-4.090576584865675269e-03,9.999556413315285885e-01,6.926952067931618773e-02,0.000000000000000000e+00,0.000000000000000000e+00,0.000000000000000000e+00,1.000000000000000056e-01
9.968284712301450634e-01,-7.908975065088975909e-02,8.821013941257593513e-03,1.058729852021421003e+01,7.904184477420513055e-02,9.968552654434664761e-01,5.653895323266403157e-03,5.555686420854971663e-01,-9.240439365216226650e-03,-4.938734616890933481e-03,9.999451100839094053e-01,6.972870869792893722e-02,0.000000000000000000e+00,0.000000000000000000e+00,0.000000000000000000e+00,1.000000000000000056e-01
9.965979508976543499e-01,-8.182416527467827050e-02,9.865609139762103810e-03,1.138902160909791839e+01,8.178451515544553352e-02,9.966405060583479747e-01,4.358298354713553702e-03,6.363309026961152526e-01,-1.018907981051880678e-02,-3.536617149499570855e-03,9.999418358043395960e-01,8.083530267465532937e-02,0.000000000000000000e+00,0.000000000000000000e+00,0.000000000000000000e+00,1.000000000000000056e-01
9.963156191161457453e-01,-8.527180566682684981e-02,9.160036218816884623e-03,1.224837517799244857e+01,8.520990281680199119e-02,9.963387915002158701e-01,6.948741889040591611e-03,7.165475094195498107e-01,-9.719031184345430785e-03,-6.142614281253999491e-03,9.999339021768536284e-01,7.074717722375344076e-02,0.000000000000000000e+00,0.000000000000000000e+00,0.000000000000000000e+00,1.000000000000000056e-01
9.960725321677804667e-01,-8.825733786661325853e-02,7.081876415499005831e-03,1.312504601803414417e+01,8.821573424573138367e-02,9.960833999886994361e-01,5.987027512803484372e-03,8.178793732783876669e-01,-7.582538648264240677e-03,-5.338780727005562957e-03,9.999570003395128470e-01,6.693079666005012640e-02,0.000000000000000000e+00,0.000000000000000000e+00,0.000000000000000000e+00,1.000000000000000056e-01
9.963645135434388012e-01,-8.506061495036784659e-02,4.737925243383806634e-03,1.399966563561075183e+01,8.501156820392855029e-02,9.963323819670218962e-01,9.737449123316954322e-03,9.087629021057146428e-01,-5.548821753799530396e-03,-9.299270303934644918e-03,9.999413653554687365e-01,7.137831932205354613e-02,0.000000000000000000e+00,0.000000000000000000e+00,0.000000000000000000e+00,1.000000000000000056e-01
9.948684721277200049e-01,-1.010162147770183316e-01,5.696272323127099350e-03,1.495504267295697609e+01,1.009543060732827624e-01,9.948380277090234092e-01,1.027261939732325782e-02,1.028585899893599942e+00,-6.704569450595831114e-03,-9.644841944978825576e-03,9.999310105063941023e-01,6.828305536356944760e-02,0.000000000000000000e+00,0.000000000000000000e+00,0.000000000000000000e+00,1.000000000000000056e-01
9.941251243045324815e-01,-1.079777180685168314e-01,7.486629896939723736e-03,1.593112966927027685e+01,1.079002603676894045e-01,9.941106550833264111e-01,1.007666921082609433e-02,1.155460171758506682e+00,-8.530594298329448669e-03,-9.209660716631823049e-03,9.999212024506740626e-01,7.076778776569266072e-02,0.000000000000000000e+00,0.000000000000000000e+00,0.000000000000000000e+00,1.000000000000000056e-01
9.938288811425725067e-01,-1.105848574373962251e-01,8.668581917083913874e-03,1.685581625538490513e+01,1.104983041319533427e-01,9.938270119175635076e-01,9.899250828699752980e-03,1.269317642419017789e+00,-9.709778105846916807e-03,-8.880297774169671615e-03,9.999134265128043486e-01,7.275195920289451168e-02,0.000000000000000000e+00,0.000000000000000000e+00,0.000000000000000000e+00,1.000000000000000056e-01
9.934558916411986296e-01,-1.138742702988854716e-01,8.834134212661805263e-03,1.774559828382630045e+01,1.137952495961477573e-01,9.934635877624244937e-01,8.985597340297309110e-03,1.365779661231484976e+00,-9.799619010011740433e-03,-7.921512109938126656e-03,9.999206054048245251e-01,7.743777182858933850e-02,0.000000000000000000e+00,0.000000000000000000e+00,0.000000000000000000e+00,1.000000000000000056e-01
9.931098944994951605e-01,-1.168319160662145695e-01,9.112674442700422622e-03,1.865674500714231954e+01,1.167494773208818948e-01,9.931196230511539769e-01,9.108998629633813932e-03,1.474036613296948461e+00,-1.011419757086717136e-02,-7.982336689891050135e-03,9.999169892088376477e-01,7.790266285460722973e-02,0.000000000000000000e+00,0.000000000000000000e+00,0.000000000000000000e+00,1.000000000000000056e-01
9.926180490692990688e-01,-1.209678587052518406e-01,8.728449010272042868e-03,1.958272227112307462e+01,1.209130190806162741e-01,9.926414267121030921e-01,6.560471916791250566e-03,1.582328367831056237e+00,-9.457826318410460231e-03,-5.456659713296046349e-03,9.999403854161027505e-01,8.291685996005401793e-02,0.000000000000000000e+00,0.000000000000000000e+00,0.000000000000000000e+00,1.000000000000000056e-01
9.923667016095537585e-01,-1.228438494148279547e-01,1.084980172731121739e-02,2.050736479700435666e+01,1.227975457412780469e-01,9.924199496422050348e-01,4.838007036170057472e-03,1.699578670157241289e+00,-1.136187909166526053e-02,-3.468748060954596635e-03,9.999294352555063714e-01,9.051680943784885802e-02,0.000000000000000000e+00,0.000000000000000000e+00,0.000000000000000000e+00,1.000000000000000056e-01
9.925088523127876261e-01,-1.215543448836924889e-01,1.227677973450341797e-02,2.142965021526563874e+01,1.215022675964231857e-01,9.925790344060663184e-01,4.905040922175228808e-03,1.819903016367090398e+00,-1.278190321041207736e-02,-3.376639959691414734e-03,9.999126068076661378e-01,8.598991342690846806e-02,0.000000000000000000e+00,0.000000000000000000e+00,0.000000000000000000e+00,1.000000000000000056e-01
9.923888724226027636e-01,-1.219833430066836893e-01,1.686386434684636337e-02,2.238343970288650198e+01,1.219534186301252793e-01,9.925318882129400277e-01,2.795454324657536266e-03,1.942374373948538846e+00,-1.707892198648651438e-02,-7.175718567431820048e-04,9.998538870827126113e-01,8.422323311777941968e-02,0.000000000000000000e+00,0.000000000000000000e+00,0.000000000000000000e+00,1.000000000000000056e-01
9.926031101606024309e-01,-1.197568337720404802e-01,1.993405288431847333e-02,2.334686774116069685e+01,1.197141252271482353e-01,9.928028316893251493e-01,3.326501278553149234e-03,2.069657391822464110e+00,-2.018895541125430987e-02,-9.155078117671791669e-04,9.997957631060701011e-01,7.695336457386445228e-02,0.000000000000000000e+00,0.000000000000000000e+00,0.000000000000000000e+00,1.000000000000000056e-01
9.928739051181397768e-01,-1.174002247383294645e-01,2.045961306684297015e-02,2.426569773452515477e+01,1.173988145452309201e-01,9.930840321065070864e-01,1.274173636689708957e-03,2.172538156480831706e+00,-2.046770331106242263e-02,1.136840565642787239e-03,9.997898682796794168e-01,6.695484907090820670e-02,0.000000000000000000e+00,0.000000000000000000e+00,0.000000000000000000e+00,1.000000000000000056e-01
9.928985866069336419e-01,-1.173852625914977854e-01,1.931571485290321105e-02,2.521742493094987481e+01,1.173950612756208545e-01,9.930850935360147069e-01,6.297496790331321087e-04,2.282375670747861296e+00,-1.925607182285058588e-02,1.642291962510825098e-03,9.998132358471071290e-01,5.680193805426669157e-02,0.000000000000000000e+00,0.000000000000000000e+00,0.000000000000000000e+00,1.000000000000000056e-01
9.931039095555321827e-01,-1.162372549341229716e-01,1.528153758288066516e-02,2.615770521945612614e+01,1.162453988047938563e-01,9.932204587171971077e-01,3.572706466893080333e-04,2.402481743141575254e+00,-1.521946392721252456e-02,1.421601554675822618e-03,9.998831666583791744e-01,4.576340344412636874e-02,0.000000000000000000e+00,0.000000000000000000e+00,0.000000000000000000e+00,1.000000000000000056e-01
9.930122915053196664e-01,-1.171173362717673194e-01,1.449546356484511869e-02,2.709780512970944955e+01,1.171438584822062923e-01,9.931144614380998936e-01,-9.914143500983881377e-04,2.515928931277720437e+00,-1.427954268367163243e-02,2.682541168096651708e-03,9.998944437457519818e-01,4.007380103094180385e-02,0.000000000000000000e+00,0.000000000000000000e+00,0.000000000000000000e+00,1.000000000000000056e-01
9.930704650972462799e-01,-1.164844556702674255e-01,1.556993701786869334e-02,2.805129556076072816e+01,1.165338802222463249e-01,9.931840477783200338e-01,-2.302607004853488189e-03,2.628469447801003334e+00,-1.519559514747743055e-02,4.101076184754260008e-03,9.998761298592144797e-01,3.470391745570892278e-02,0.000000000000000000e+00,0.000000000000000000e+00,0.000000000000000000e+00,1.000000000000000056e-01
9.929662657820914617e-01,-1.169167282158357080e-01,1.866744980101499307e-02,2.905772608243760757e+01,1.170337990654491955e-01,9.931137716878670751e-01,-5.303429098893511565e-03,2.747296906210618062e+00,-1.791884190111264069e-02,7.450848757244719553e-03,9.998116822470717313e-01,3.121304581020081445e-02,0.000000000000000000e+00,0.000000000000000000e+00,0.000000000000000000e+00,1.000000000000000056e-01
9.929844819371517195e-01,-1.159469890365300293e-01,2.319729219907527840e-02,3.001186841067103828e+01,1.161599235124945173e-01,9.931979161467748840e-01,-8.048076246865020975e-03,2.855011799384902460e+00,-2.210635206400898833e-02,1.068621051012552843e-02,9.996985116040512098e-01,2.208756202039194663e-02,0.000000000000000000e+00,0.000000000000000000e+00,0.000000000000000000e+00,1.000000000000000056e-01
9.928017185345623385e-01,-1.173132936889088040e-01,2.413169697056938984e-02,3.093992520649904776e+01,1.176967932848789200e-01,9.929342632321143114e-01,-1.513320026150698043e-02,2.942749282200980421e+00,-2.218586318528172063e-02,1.786449057651026337e-02,9.995942414055644099e-01,1.799865877513590409e-02,0.000000000000000000e+00,0.000000000000000000e+00,0.000000000000000000e+00,1.000000000000000056e-01
9.929220982718330868e-01,-1.169607833894415472e-01,2.063690656053894859e-02,3.189116431408151442e+01,1.173420567357678912e-01,9.929221129119636391e-01,-1.834446541771122055e-02,3.044889269416721778e+00,-1.834525781994107360e-02,2.063620215470640326e-02,9.996187266533925753e-01,1.120514891398345474e-02,0.000000000000000000e+00,0.000000000000000000e+00,0.000000000000000000e+00,1.000000000000000056e-01
9.926909825307925761e-01,-1.194509194491947396e-01,1.720729626616572180e-02,3.288984449158024859e+01,1.197553887230548703e-01,9.926419546727092147e-01,-1.790521419400085273e-02,3.161746216664397924e+00,-1.494188990187097880e-02,1.983501112389444987e-02,9.996916085773028815e-01,-2.596646313135396282e-03,0.000000000000000000e+00,0.000000000000000000e+00,0.000000000000000000e+00,1.000000000000000056e-01
9.925522929185487397e-01,-1.208056979733583142e-01,1.568212865975353310e-02,3.385904979136728343e+01,1.210786795191717974e-01,9.924831197831144314e-01,-1.781039896998173888e-02,3.283319805975860817e+00,-1.341265029831975250e-02,1.957652376562225155e-02,9.997183906126909658e-01,-9.890173449418313695e-03,0.000000000000000000e+00,0.000000000000000000e+00,0.000000000000000000e+00,1.000000000000000056e-01
9.923139926456209237e-01,-1.225636900450189498e-01,1.706112195182785118e-02,3.482423141008231227e+01,1.228681291369174838e-01,9.922577356618316191e-01,-1.811101492596423751e-02,3.403761560626913596e+00,-1.470927741598448101e-02,2.006808166724589199e-02,9.996904067040437436e-01,-8.046530982736594881e-03,0.000000000000000000e+00,0.000000000000000000e+00,0.000000000000000000e+00,1.000000000000000056e-01
9.921844732880873430e-01,-1.233607060030013636e-01,1.876451919133039631e-02,3.580082484283072830e+01,1.236873965434169553e-01,9.921691079208809771e-01,-1.737495967749755690e-02,3.539182593022254242e+00,-1.647418897403675475e-02,1.956009974218430800e-02,9.996729483164599195e-01,-2.063915070679641500e-02,0.000000000000000000e+00,0.000000000000000000e+00,0.000000000000000000e+00,1.000000000000000056e-01
9.921258628343434527e-01,-1.235513342172225026e-01,2.052657078894833120e-02,3.677249631945631592e+01,1.239159135368535503e-01,9.921374856600403414e-01,-1.755152188558702780e-02,3.656071394170065325e+00,-1.819666638526297453e-02,1.995688756588531731e-02,9.996352354589878031e-01,-1.780979279362569431e-02,0.000000000000000000e+00,0.000000000000000000e+00,0.000000000000000000e+00,1.000000000000000056e-01
9.918346456789122190e-01,-1.254119226072523963e-01,2.314919650742276389e-02,3.776084652954401832e+01,1.258050053219902653e-01,9.919197405794706324e-01,-1.638074737885000451e-02,3.796603075937929006e+00,-2.090780397174068703e-02,1.915927756227358073e-02,9.995978120306041603e-01,-2.501425976813127089e-02,0.000000000000000000e+00,0.000000000000000000e+00,0.000000000000000000e+00,1.000000000000000056e-01
9.919149622353099494e-01,-1.246525329977027224e-01,2.380028804406136150e-02,3.876401893269778043e+01,1.250381614051057633e-01,9.920314499463552815e-01,-1.546158173547665556e-02,3.938159807236819798e+00,-2.168330893001291226e-02,1.831251852118483819e-02,9.995971617503007778e-01,-2.396028248489934578e-02,0.000000000000000000e+00,0.000000000000000000e+00,0.000000000000000000e+00,1.000000000000000056e-01
9.919886195826155273e-01,-1.237942387930369009e-01,2.517071830976319938e-02,3.979125737095235849e+01,1.241120255114411680e-01,9.922018548779745206e-01,-1.147537799613502878e-02,4.082681764114212797e+00,-2.355384771166414357e-02,1.450743321057733869e-02,9.996173020909634443e-01,-3.402545369184366286e-02,0.000000000000000000e+00,0.000000000000000000e+00,0.000000000000000000e+00,1.000000000000000056e-01
9.915410580412703512e-01,-1.274481781565093841e-01,2.456200527205957065e-02,4.079232882711703922e+01,1.278238301705325042e-01,9.916926649530519722e-01,-1.437799425680616472e-02,4.204798628269422522e+00,-2.252551129126496507e-02,1.739598122844836225e-02,9.995949085395375855e-01,-3.014832376576738818e-02,0.000000000000000000e+00,0.000000000000000000e+00,0.000000000000000000e+00,1.000000000000000056e-01
9.917222964109502215e-01,-1.261535694860039247e-01,2.391994371505425793e-02,4.180001745020059190e+01,1.264813992173346446e-01,9.918874083041888667e-01,-1.272104160926348058e-02,4.326757696627137051e+00,-2.212108617171867214e-02,1.564116854775798177e-02,9.996329383293870441e-01,-1.821968671726552358e-02,0.000000000000000000e+00,0.000000000000000000e+00,0.000000000000000000e+00,1.000000000000000056e-01
9.919564579821643635e-01,-1.249715769599853005e-01,2.011194718601590908e-02,4.281026678085406445e+01,1.252122310317029530e-01,9.920669535492562252e-01,-1.118288315066091713e-02,4.436227166190360727e+00,-1.855485563247699643e-02,1.361119493771086215e-02,9.997351912905865223e-01,-2.104275546812968412e-02,0.000000000000000000e+00,0.000000000000000000e+00,0.000000000000000000e+00,1.000000000000000056e-01
9.922170398615897113e-01,-1.230409662524023923e-01,1.913808851426003488e-02,4.384615876134780876e+01,1.232728560770391252e-01,9.923068125712393162e-01,-1.144520333227039277e-02,4.570882781582617405e+00,-1.758262673533385334e-02,1.371533260196734424e-02,9.997513395283366133e-01,-2.321854879487175033e-02,0.000000000000000000e+00,0.000000000000000000e+00,0.000000000000000000e+00,1.000000000000000056e-01
9.921291460362682280e-01,-1.233107376186025478e-01,2.177658314110267335e-02,4.483277875059899031e+01,1.236188403193105162e-01,9.922391029469486146e-01,-1.341435429469340149e-02,4.695219682894535396e+00,-1.995344339842144987e-02,1.600076782504227316e-02,9.996728642538793563e-01,-2.237501018456239735e-02,0.000000000000000000e+00,0.000000000000000000e+00,0.000000000000000000e+00,1.000000000000000056e-01
9.919186489132276741e-01,-1.251499162548472821e-01,2.085407393200964382e-02,4.579198730651933147e+01,1.254207764111708867e-01,9.920283117490328317e-01,-1.222528252363728335e-02,4.818494381265273852e+00,-1.915783867183598610e-02,1.474201986731739702e-02,9.997077823382468642e-01,-2.964838990184384682e-02,0.000000000000000000e+00,0.000000000000000000e+00,0.000000000000000000e+00,1.000000000000000056e-01
9.914427379285857267e-01,-1.294346143801450577e-01,1.696991481807654661e-02,4.669765995685237669e+01,1.296600242790598989e-01,9.914742126779719777e-01,-1.292918011898910174e-02,4.941189430633786017e+00,-1.515174949051190101e-02,1.501886130366777636e-02,9.997724032461178245e-01,-2.507856762172898379e-02,0.000000000000000000e+00,0.000000000000000000e+00,0.000000000000000000e+00,1.000000000000000056e-01
9.917265768490495237e-01,-1.274012325802320045e-01,1.572649701312865342e-02,4.765257630674191347e+01,1.275995541821599577e-01,9.917492113424358768e-01,-1.232296937310079984e-02,5.065762322298368758e+00,-1.402677952276802642e-02,1.422771024072322019e-02,9.998003909368737840e-01,-3.324978354510151751e-02,0.000000000000000000e+00,0.000000000000000000e+00,0.000000000000000000e+00,1.000000000000000056e-01
9.917340111375221312e-01,-1.273675234161469882e-01,1.552949232648413551e-02,4.859256467027039150e+01,1.275480057181455074e-01,9.917686913059086118e-01,-1.124140483611057485e-02,5.195211145765778582e+00,-1.396987438758861937e-02,1.312923928499497468e-02,9.998162159544085048e-01,-3.143728192407316963e-02,0.000000000000000000e+00,0.000000000000000000e+00,0.000000000000000000e+00,1.000000000000000056e-01
9.920920867002671617e-01,-1.241234954390070117e-01,1.861852267802903763e-02,4.955195510457727437e+01,1.243820903268461758e-01,9.921434061940561655e-01,-1.343715563578889993e-02,5.329001555856430983e+00,-1.680437778180893585e-02,1.564670654351710613e-02,9.997363619783504740e-01,-4.033921009592968121e-02,0.000000000000000000e+00,0.000000000000000000e+00,0.000000000000000000e+00,1.000000000000000056e-01
9.923422283059594173e-01,-1.217254909809419028e-01,2.097157042788375808e-02,5.053801343622361486e+01,1.220725399310202131e-01,9.923898535732726955e-01,-1.614538694512555189e-02,5.459368845436582518e+00,-1.884666855315644124e-02,1.858180212646187712e-02,9.996496985015203007e-01,-2.932556605160432581e-02,0.000000000000000000e+00,0.000000000000000000e+00,0.000000000000000000e+00,1.000000000000000056e-01
9.924708909087980313e-01,-1.207005899591202941e-01,2.080620778078052374e-02,5.145482992690750024e+01,1.210375266218040730e-01,9.925226250280801965e-01,-1.577199913279528354e-02,5.588993272440990090e+00,-1.874694236329683267e-02,1.817158195890313660e-02,9.996591147792022181e-01,-3.581449171672744514e-02,0.000000000000000000e+00,0.000000000000000000e+00,0.000000000000000000e+00,1.000000000000000056e-01
9.924033318147653659e-01,-1.212205833968450497e-01,2.100469385354895510e-02,5.239014804789606217e+01,1.216197797675257208e-01,9.923968396852151930e-01,-1.889819441364353272e-02,5.712634995662453363e+00,-1.855414164684858133e-02,2.130921734193595360e-02,9.996007508420663434e-01,-3.360303725651881540e-02,0.000000000000000000e+00,0.000000000000000000e+00,0.000000000000000000e+00,1.000000000000000056e-01
9.925613511631750097e-01,-1.204052558417286062e-01,1.801495331162969449e-02,5.335560828222009633e+01,1.207886677499075828e-01,9.924351330582977804e-01,-2.196825925650768702e-02,5.837098030520868619e+00,-1.523357871068900700e-02,2.398084730043073542e-02,9.995963470533586470e-01,-2.080111394654361040e-02,0.000000000000000000e+00,0.000000000000000000e+00,0.000000000000000000e+00,1.000000000000000056e-01
9.922759295318390738e-01,-1.224638126633222773e-01,1.977610324829923161e-02,5.428946799739900797e+01,1.229516897079214605e-01,9.920800222272370128e-01,-2.569263504531739753e-02,5.961542488330220380e+00,-1.647305890512397453e-02,2.792568863193132730e-02,9.994742589205291017e-01,-3.105281676158053519e-02,0.000000000000000000e+00,0.000000000000000000e+00,0.000000000000000000e+00,1.000000000000000056e-01
9.921940038058121303e-01,-1.223679399451396282e-01,2.402386491334796217e-02,5.522652409298774501e+01,1.230029527980991549e-01,9.920384404010081925e-01,-2.701863004824605480e-02,6.076059451148249302e+00,-2.052638338189849768e-02,2.976272904688172238e-02,9.993462100518224478e-01,-2.925027722249099252e-02,0.000000000000000000e+00,0.000000000000000000e+00,0.000000000000000000e+00,1.000000000000000056e-01
9.918324137304604937e-01,-1.241392919690469943e-01,2.928991742959358158e-02,5.616590987689967562e+01,1.248835903892724641e-01,9.918534916551253744e-01,-2.511453648826902224e-02,6.201576942522736502e+00,-2.593360609504819642e-02,2.856724139569456061e-02,9.992554031847649121e-01,-1.864338327616247432e-02,0.000000000000000000e+00,0.000000000000000000e+00,0.000000000000000000e+00,1.000000000000000056e-01
9.917818206124588976e-01,-1.243005119922845764e-01,3.030186497713089483e-02,5.711690776954452531e+01,1.249930818984317654e-01,9.919105609325996609e-01,-2.213975130635802147e-02,6.331261788148125014e+00,-2.730475746400765069e-02,2.574532634928856922e-02,9.992955660819277108e-01,-3.348650799930961292e-02,0.000000000000000000e+00,0.000000000000000000e+00,0.000000000000000000e+00,1.000000000000000056e-01
9.918886879412129876e-01,-1.246470762993696496e-01,2.489853618745664285e-02,5.799737642376030777e+01,1.252471746108854977e-01,9.918304327450597757e-01,-2.419789108037855713e-02,6.441355162802279821e+00,-2.167892954574386979e-02,2.712008574408689837e-02,9.993970807256663536e-01,-3.267569256406783335e-02,0.000000000000000000e+00,0.000000000000000000e+00,0.000000000000000000e+00,1.000000000000000056e-01
9.919406639420680349e-01,-1.252072621379624606e-01,1.941290102186856575e-02,5.890869684710571619e+01,1.256562837794520937e-01,9.917847150846257342e-01,-2.394947329787177823e-02,6.552092405830741484e+00,-1.625477052766718944e-02,2.619580944394009001e-02,9.995246680310945209e-01,-3.616222700961149034e-02,0.000000000000000000e+00,0.000000000000000000e+00,0.000000000000000000e+00,1.000000000000000056e-01
9.921205880107991648e-01,-1.242472545865073996e-01,1.610461340181000567e-02,5.986090829176302464e+01,1.246111059110336095e-01,9.919154048012843727e-01,-2.399795827843264479e-02,6.684775001078882894e+00,-1.299273368984775641e-02,2.581568216452641978e-02,9.995822824688544994e-01,-3.660022632239066237e-02,0.000000000000000000e+00,0.000000000000000000e+00,0.000000000000000000e+00,1.000000000000000056e-01
9.918899653426794805e-01,-1.264157957836018753e-01,1.316598757772225597e-02,6.077270931658886610e+01,1.266750947108677694e-01,9.917179876725141785e-01,-2.118615837691293496e-02,6.808106111436500463e+00,-1.037868163548516520e-02,2.268214062159076144e-02,9.996888533260394061e-01,-4.281754779361344326e-02,0.000000000000000000e+00,0.000000000000000000e+00,0.000000000000000000e+00,1.000000000000000056e-01
9.915634586015512619e-01,-1.287467377834894955e-01,1.503945066281205979e-02,6.169969527783089092e+01,1.290149786790635300e-01,9.914703985173368705e-01,-1.848199503067797858e-02,6.943777963129959652e+00,-1.253167357420964696e-02,2.026638532108326549e-02,9.997160750850447863e-01,-3.264182381461046278e-02,0.000000000000000000e+00,0.000000000000000000e+00,0.000000000000000000e+00,1.000000000000000056e-01
9.912331552946813673e-01,-1.311167550452599917e-01,1.628583405759378988e-02,6.256844998179258965e+01,1.313886136707478336e-01,9.911864957090714690e-01,-1.692226112698196408e-02,7.075242969874878440e+00,-1.392350682224741815e-02,1.891367945091796191e-02,9.997241663015847823e-01,-2.945148877751717700e-02,0.000000000000000000e+00,0.000000000000000000e+00,0.000000000000000000e+00,1.000000000000000056e-01
9.911274582570819280e-01,-1.318912016199163539e-01,1.646427721192141036e-02,6.337295673003372087e+01,1.321553801424506513e-01,9.910975572528334387e-01,-1.614272303147562884e-02,7.191599274248850371e+00,-1.418862178862998098e-02,1.817533886124666001e-02,9.997341346923280803e-01,-2.554399004828702968e-02,0.000000000000000000e+00,0.000000000000000000e+00,0.000000000000000000e+00,1.000000000000000056e-01
9.908714998188196121e-01,-1.336184964425244093e-01,1.788206518392255334e-02,6.417874273551950637e+01,1.339012893031688856e-01,9.908706801867750436e-01,-1.567609227922593315e-02,7.306436327199864245e+00,-1.562419821149315519e-02,1.792742465154535322e-02,9.997172059515686549e-01,-2.581530785055264482e-02,0.000000000000000000e+00,0.000000000000000000e+00,0.000000000000000000e+00,1.000000000000000056e-01
9.909221755076236260e-01,-1.330219371074625179e-01,1.945266910777425709e-02,6.497150810340264115e+01,1.333485484114294572e-01,9.909304936748410952e-01,-1.658075215122795792e-02,7.426631988177157417e+00,-1.707063923240500700e-02,1.902422018149707572e-02,9.996732827892735873e-01,-1.460273082831798318e-02,0.000000000000000000e+00,0.000000000000000000e+00,0.000000000000000000e+00,1.000000000000000056e-01
9.908831293323576705e-01,-1.331586415996718065e-01,2.047926199461782074e-02,6.576921706260270639e+01,1.335258238593292901e-01,9.908864690134633335e-01,-1.774429172207736549e-02,7.543575731280779628e+00,-1.792981782398834698e-02,2.031702963922066285e-02,9.996328025527361216e-01,-1.335667429178252069e-02,0.000000000000000000e+00,0.000000000000000000e+00,0.000000000000000000e+00,1.000000000000000056e-01
9.907933576911719387e-01,-1.337296693592482655e-01,2.109260268718748943e-02,6.650968809799452686e+01,1.341247129983059450e-01,9.907903436377358819e-01,-1.857569157095700571e-02,7.646571706238551869e+00,-1.841422597274926937e-02,2.123371110483041405e-02,9.996049448629898970e-01,-1.225280665489621515e-02,0.000000000000000000e+00,0.000000000000000000e+00,0.000000000000000000e+00,1.000000000000000056e-01
9.904677206040861659e-01,-1.358196434386757523e-01,2.295035724203253052e-02,6.728682762218446101e+01,1.362307410647727313e-01,9.905241853488169212e-01,-1.740756812439255355e-02,7.768791012084681924e+00,-2.036859421483914329e-02,2.036817849621080576e-02,9.995850427424660678e-01,-1.651007391260570292e-02,0.000000000000000000e+00,0.000000000000000000e+00,0.000000000000000000e+00,1.000000000000000056e-01
9.906382458238687239e-01,-1.341402992777313008e-01,2.534257328467277165e-02,6.802740852557833762e+01,1.345779179627477062e-01,9.907668652878638405e-01,-1.642567028987954730e-02,7.884565275890821567e+00,-2.290523756306142578e-02,1.968244795091712851e-02,9.995438716408795443e-01,-1.452530983211084738e-02,0.000000000000000000e+00,0.000000000000000000e+00,0.000000000000000000e+00,1.000000000000000056e-01
9.903492758269766272e-01,-1.360003164205794146e-01,2.668755894579569188e-02,6.873857904324840717e+01,1.364041914998716520e-01,9.905552130433760150e-01,-1.393795013114761464e-02,7.990274686189331455e+00,-2.453993500906997277e-02,1.744373372000098191e-02,9.995466511092198081e-01,-6.416709317511825467e-03,0.000000000000000000e+00,0.000000000000000000e+00,0.000000000000000000e+00,1.000000000000000056e-01
9.899706543864721375e-01,-1.392102828254137836e-01,2.405411834361291176e-02,6.940269615357770761e+01,1.395446336481088456e-01,9.901327598351772341e-01,-1.282236800245074339e-02,8.095059876013076305e+00,-2.203176510485070974e-02,1.605039117415804281e-02,9.996284241004360638e-01,-6.555409786479785700e-03,0.000000000000000000e+00,0.000000000000000000e+00,0.000000000000000000e+00,1.000000000000000056e-01
9.902970628529409458e-01,-1.377721854828923009e-01,1.818109490943149026e-02,7.009830797913438971e+01,1.380270583695404063e-01,9.903351651660415866e-01,-1.359381452722240383e-02,8.206522292625333392e+00,-1.613252809356679335e-02,1.597139764756224170e-02,9.997422947912595337e-01,-9.905660692074052739e-03,0.000000000000000000e+00,0.000000000000000000e+00,0.000000000000000000e+00,1.000000000000000056e-01
9.905860558253573034e-01,-1.362755477670350712e-01,1.297077812456238349e-02,7.085092084591326511e+01,1.364741343252737493e-01,9.905159904568228146e-01,-1.590230516329236427e-02,8.315286389851674897e+00,-1.068066779416038461e-02,1.752277746631184657e-02,9.997894156297799650e-01,-4.461142157119440260e-03,0.000000000000000000e+00,0.000000000000000000e+00,0.000000000000000000e+00,1.000000000000000056e-01
9.904419512125457459e-01,-1.372670543081190020e-01,1.350914800633277665e-02,7.156992707327283654e+01,1.374551491358149413e-01,9.904069758182989514e-01,-1.414582010709483986e-02,8.430536327937861785e+00,-1.143779936596037855e-02,1.586751562228094423e-02,9.998086810453491458e-01,-8.087436403556223742e-04,0.000000000000000000e+00,0.000000000000000000e+00,0.000000000000000000e+00,1.000000000000000056e-01
9.906088379786441855e-01,-1.357383618322297869e-01,1.640814571189875420e-02,7.224079991588527605e+01,1.359425981088914492e-01,9.906435097667184442e-01,-1.204352840666240813e-02,8.540520776252437329e+00,-1.461985424019883115e-02,1.416099163831142406e-02,9.997928416316127498e-01,1.998208215938443791e-03,0.000000000000000000e+00,0.000000000000000000e+00,0.000000000000000000e+00,1.000000000000000056e-01
9.904674549423859720e-01,-1.364770442480015833e-01,1.866111179114779417e-02,7.286323936504828680e+01,1.367216192062360725e-01,9.905303743222430013e-01,-1.252103776298985408e-02,8.633662879766946574e+00,-1.677556382294437959e-02,1.495305782662037508e-02,9.997474613721487602e-01,8.131541589365652578e-03,0.000000000000000000e+00,0.000000000000000000e+00,0.000000000000000000e+00,1.000000000000000056e-01
9.905181605530453126e-01,-1.364760804401393690e-01,1.574970102281742640e-02,7.344202453169187095e+01,1.367208256028765168e-01,9.904856017153373937e-01,-1.567445823861006449e-02,8.694781054060790382e+00,-1.346066347099383019e-02,1.767914766901163698e-02,9.997530986581726342e-01,1.151322761073121821e-02,0.000000000000000000e+00,0.000000000000000000e+00,0.000000000000000000e+00,1.000000000000000056e-01
9.905909839837863107e-01,-1.363035210849326551e-01,1.228220623029148417e-02,7.408747480138050889e+01,1.365565349558931496e-01,9.903680041517102239e-01,-2.288075858440729096e-02,8.765712063826711642e+00,-9.045176110724466312e-03,2.434268868484576812e-02,9.996627522803471777e-01,2.474421897700434386e-02,0.000000000000000000e+00,0.000000000000000000e+00,0.000000000000000000e+00,1.000000000000000056e-01
9.909260839885905003e-01,-1.341721275018721571e-01,7.958408927552087370e-03,7.470826298613287975e+01,1.343363885319429907e-01,9.905927221546317885e-01,-2.607285044776223165e-02,8.845797552591825763e+00,-4.385292148949146256e-03,2.690537150640891911e-02,9.996283660425360207e-01,2.662108373596847044e-02,0.000000000000000000e+00,0.000000000000000000e+00,0.000000000000000000e+00,1.000000000000000056e-01
9.914359892788111583e-01,-1.304034271342427720e-01,7.044526555364718362e-03,7.529993967260003274e+01,1.305342443657240004e-01,9.911685042510335331e-01,-2.336251760060237270e-02,8.920494776472468246e+00,-3.935760487434917035e-03,2.408199270021565974e-02,9.997022393777921234e-01,3.160716630186663489e-02,0.000000000000000000e+00,0.000000000000000000e+00,0.000000000000000000e+00,1.000000000000000056e-01
9.920956078501400599e-01,-1.251272999717344681e-01,9.458524527893395067e-03,7.587685120330644395e+01,1.252937878780127356e-01,9.919232166031971554e-01,-1.974333008249294988e-02,9.011339998985198108e+00,-6.911700488355189409e-03,2.077236542501365371e-02,9.997603398970219546e-01,3.135682410957542354e-02,0.000000000000000000e+00,0.000000000000000000e+00,0.000000000000000000e+00,1.000000000000000056e-01
9.929408306945092244e-01,-1.178662983296051708e-01,1.326809925251397695e-02,7.642912842341459623e+01,1.181237310311325645e-01,9.927839600410335308e-01,-2.065896542734554919e-02,9.057000693207873709e+00,-1.073736033588779115e-02,2.208040768011596683e-02,9.996985369048496661e-01,3.847501858745236425e-02,0.000000000000000000e+00,0.000000000000000000e+00,0.000000000000000000e+00,1.000000000000000056e-01
9.938820047246237355e-01,-1.089878271170829638e-01,1.789453058506585564e-02,7.700747121270474338e+01,1.093967812786229288e-01,9.937148153993150546e-01,-2.373204377592309788e-02,9.119008038522533610e+00,-1.519555627281076425e-02,2.554445529272505316e-02,9.995581903387905642e-01,4.437231542963983311e-02,0.000000000000000000e+00,0.000000000000000000e+00,0.000000000000000000e+00,1.000000000000000056e-01
9.949045099456420571e-01,-9.852450296390961870e-02,2.139949545050968960e-02,7.754087336646699669e+01,9.907427500616915184e-02,9.947308498607295713e-01,-2.635952137942869020e-02,9.169654169043283787e+00,-1.868967955380156087e-02,2.834534619765924010e-02,9.994234524099937511e-01,5.430234073024963609e-02,0.000000000000000000e+00,0.000000000000000000e+00,0.000000000000000000e+00,1.000000000000000056e-01
9.960382676331936969e-01,-8.637741421881346693e-02,2.113555589848479382e-02,7.802479625578398270e+01,8.687246679467776345e-02,9.959363871384548927e-01,-2.374631101054040794e-02,9.216581657959480367e+00,-1.899852423937358620e-02,2.548833235959587634e-02,9.994945727667823299e-01,5.944872029504691402e-02,0.000000000000000000e+00,0.000000000000000000e+00,0.000000000000000000e+00,1.000000000000000056e-01
9.973740502659831364e-01,-6.948796314762706317e-02,2.040653899176012379e-02,7.851795253688878518e+01,6.990459418316477547e-02,9.973437124636235218e-01,-2.046623857390672888e-02,9.265685039013179747e+00,-1.893017612478155656e-02,2.183900608706916893e-02,9.995822658716058129e-01,5.570453266671564208e-02,0.000000000000000000e+00,0.000000000000000000e+00,0.000000000000000000e+00,1.000000000000000056e-01
9.985232363556072466e-01,-4.986271117006609715e-02,2.156516850605803143e-02,7.900415913069703322e+01,5.020129170412823000e-02,9.986195418380340305e-01,-1.545448059405463148e-02,9.287570230352578449e+00,-2.076479639103493563e-02,1.651425729379165513e-02,9.996479893126746230e-01,5.467908867349449697e-02,0.000000000000000000e+00,0.000000000000000000e+00,0.000000000000000000e+00,1.000000000000000056e-01
9.993567938285686791e-01,-2.824315818000547665e-02,2.209802354743326674e-02,7.948151083189102906e+01,2.859178378834667175e-02,9.994690801595137453e-01,-1.562266638240402891e-02,9.302451713169233471e+00,-2.164505783046471316e-02,1.624443969839066068e-02,9.996337377511831379e-01,5.558057576926716398e-02,0.000000000000000000e+00,0.000000000000000000e+00,0.000000000000000000e+00,1.000000000000000056e-01
9.997201460382371119e-01,-1.921234733084143265e-03,2.357834732092702057e-02,7.997077533038981301e+01,2.343972258575738234e-03,9.998367742767259037e-01,-1.791453594047109563e-02,9.316379590089336915e+00,-2.354008069945603965e-02,1.796478947863832873e-02,9.995614693152449215e-01,5.982103059861084565e-02,0.000000000000000000e+00,0.000000000000000000e+00,0.000000000000000000e+00,1.000000000000000056e-01
9.993091868247168108e-01,2.683796203937329969e-02,2.570744875121656892e-02,8.045105260836061234e+01,-2.636055981301916110e-02,9.994769627940134349e-01,-1.873290501760023485e-02,9.305831912710454290e+00,-2.619675579279823197e-02,1.804230133955617849e-02,9.994939746433217920e-01,5.419819576191792915e-02,0.000000000000000000e+00,0.000000000000000000e+00,0.000000000000000000e+00,1.000000000000000056e-01
9.978572070944042860e-01,5.929416944341366069e-02,2.766217127723021724e-02,8.092674416511573554e+01,-5.875415317075352584e-02,9.980732549091148043e-01,-1.994310207346582792e-02,9.264669526205157268e+00,-2.879138299808996909e-02,1.827510068756923317e-02,9.994183693328417828e-01,4.676933296855573241e-02,0.000000000000000000e+00,0.000000000000000000e+00,0.000000000000000000e+00,1.000000000000000056e-01
