1.000000000000000000e+00,-7.906691979677382863e-10,5.128909821219504982e-10,5.332213063960656196e-15,7.906691979362781261e-10,1.000000000000000000e+00,6.133889770724299879e-11,1.359994169822826846e-15,-5.128909821704493383e-10,-6.133889730171589403e-11,1.000000000000000000e+00,-1.340226747943580314e-15,0.000000000000000000e+00,0.000000000000000000e+00,0.000000000000000000e+00,1.000000000000000056e-01
9.999925684594592745e-01,-3.789055829741080472e-03,-7.113942457275683516e-04,6.438483449694162308e-01,3.787410835211223268e-03,9.999901835551561202e-01,-2.299633120854118959e-03,1.976580933668625056e-02,7.201007006480307981e-04,2.296921688762976720e-03,9.999971027986713779e-01,9.679737147309531650e-03,0.000000000000000000e+00,0.000000000000000000e+00,0.000000000000000000e+00,1.000000000000000056e-01
9.999657697568671288e-01,-8.232080800665696196e-03,-8.319616863206002718e-04,1.292326960370385303e+00,8.230532652315800807e-03,9.999644220130197159e-01,-1.847441589467145248e-03,3.759525800173958016e-02,8.471403752375600152e-04,1.840530863267626598e-03,9.999979473975564304e-01,1.401198610163109301e-02,0.000000000000000000e+00,0.000000000000000000e+00,0.000000000000000000e+00,1.000000000000000056e-01
9.998874744170253015e-01,-1.484167909967556466e-02,-2.182444832036893774e-03,2.000240840870977532e+00,1.483723517838766472e-02,9.998878441996185140e-01,-2.038498001115963357e-03,4.870303069819960362e-02,2.212454791367861849e-03,2.005887170703206813e-03,9.999955407202847368e-01,1.635651724748195951e-02,0.000000000000000000e+00,0.000000000000000000e+00,0.000000000000000000e+00,1.000000000000000056e-01
9.997721614278601843e-01,-2.125532978769961376e-02,-1.958619279189712133e-03,2.704409449221879314e+00,2.125520369921668137e-02,9.997740790106105502e-01,-8.517153417039391374e-05,5.762951946194812269e-02,1.959987135031636754e-03,4.352127706127129032e-05,9.999980782763179255e-01,1.623451701624817334e-02,0.000000000000000000e+00,0.000000000000000000e+00,0.000000000000000000e+00,1.000000000000000056e-01
9.996535017895648023e-01,-2.627355663048625695e-02,-1.605173462676441534e-03,3.414782912225032607e+00,2.627514248914775141e-02,9.996542733719958607e-01,9.749955291437273006e-04,7.824185281109648227e-02,1.579001911218400230e-03,-1.016833856389318808e-03,9.999982363993813461e-01,2.830884374073548010e-02,0.000000000000000000e+00,0.000000000000000000e+00,0.000000000000000000e+00,1.000000000000000056e-01
9.995154324741442053e-01,-3.105490985772496257e-02,-2.119627267502741975e-03,4.151857803501723509e+00,3.105809521470981674e-02,9.995164751966293393e-01,1.486785841942603759e-03,9.789055134072821573e-02,2.072430374845734419e-03,-1.551896979299491417e-03,9.999966483184365984e-01,4.160007261646152948e-02,0.000000000000000000e+00,0.000000000000000000e+00,0.000000000000000000e+00,1.000000000000000056e-01
9.992624755416924520e-01,-3.836272695084435441e-02,-1.675158256258573114e-03,4.920037542518583606e+00,3.836614668045835314e-02,9.992616262731731647e-01,2.059380194793318172e-03,1.367701276381617648e-01,1.594917923313042074e-03,-2.122130718903301322e-03,9.999964763928069766e-01,4.437324595888055001e-02,0.000000000000000000e+00,0.000000000000000000e+00,0.000000000000000000e+00,1.000000000000000056e-01
9.990071839490169969e-01,-4.454850453502269547e-02,2.777803953892882998e-04,5.689108431215442963e+00,4.454737674037609341e-02,9.990020451667610546e-01,3.231869146451470803e-03,1.756569922046543331e-01,-4.214781204284238306e-04,-3.216286106963699674e-03,9.999947389160965816e-01,4.066930441049912415e-02,0.000000000000000000e+00,0.000000000000000000e+00,0.000000000000000000e+00,1.000000000000000056e-01
9.987887592061666098e-01,-4.914297515002061245e-02,2.445910221279793025e-03,6.484100706675614667e+00,4.913404624153074052e-02,9.987857565887972022e-01,3.585796324245897095e-03,2.268538755980664678e-01,-2.619156990564661634e-03,-3.461275595544598647e-03,9.999905797495847182e-01,4.846668510136874219e-02,0.000000000000000000e+00,0.000000000000000000e+00,0.000000000000000000e+00,1.000000000000000056e-01
9.985407910830588207e-01,-5.373854998292700025e-02,5.334490505346036610e-03,7.305508594386468602e+00,5.371527531992176252e-02,9.985465342297248359e-01,4.414541324988685393e-03,2.595759133851755496e-01,-5.563968055639259558e-03,-4.121555960736885717e-03,9.999760272306222886e-01,6.035433239732724414e-02,0.000000000000000000e+00,0.000000000000000000e+00,0.000000000000000000e+00,1.000000000000000056e-01
9.983805233275401259e-01,-5.651762048161285135e-02,6.487620158692117105e-03,8.118281614516973832e+00,5.648728099874296416e-02,9.983919320930378927e-01,4.768334814153255170e-03,3.107804092241253091e-01,-6.746682562277938992e-03,-4.394144584238104077e-03,9.999675863585663071e-01,6.288383588855400719e-02,0.000000000000000000e+00,0.000000000000000000e+00,0.000000000000000000e+00,1.000000000000000056e-01
9.982257998200334548e-01,-5.917819801059694129e-02,6.572172690452998851e-03,8.948797030946460396e+00,5.915024525819997936e-02,9.982395293218185861e-01,4.369277428692228821e-03,3.506525741095910531e-01,-6.819168537977892720e-03,-3.972779829372380736e-03,9.999688574955112319e-01,6.718141445710330839e-02,0.000000000000000000e+00,0.000000000000000000e+00,0.000000000000000000e+00,1.000000000000000056e-01
9.980914719449522909e-01,-6.130622510730925762e-02,7.413527760144689865e-03,9.730243579743358850e+00,6.128897212139875622e-02,9.981168506441446819e-01,2.532657994405410670e-03,4.152064008631766723e-01,-7.554834681243401823e-03,-2.073456849356523479e-03,9.999693121539444673e-01,7.363781355404298845e-02,0.000000000000000000e+00,0.000000000000000000e+00,0.000000000000000000e+00,1.000000000000000056e-01
9.978173510481094244e-01,-6.553677403168226001e-02,8.091056596899130066e-03,1.053295407856584553e+01,6.551993293808727747e-02,9.978485414251038188e-01,2.329541495974404852e-03,4.776677879213606648e-01,-8.226319658422864139e-03,-1.794331439042731345e-03,9.999645533915511031e-01,7.459144262113696910e-02,0.000000000000000000e+00,0.000000000000000000e+00,0.000000000000000000e+00,1.000000000000000056e-01
9.976472480140342602e-01,-6.795394818084547761e-02,9.068045911822386965e-03,1.134456816692473069e+01,6.792521454854096030e-02,9.976844841375724915e-01,3.440252851251436941e-03,5.392244663611971411e-01,-9.280827471655287916e-03,-2.816209825426875361e-03,9.999529664957550468e-01,9.067158097671651484e-02,0.000000000000000000e+00,0.000000000000000000e+00,0.000000000000000000e+00,1.000000000000000056e-01
9.973313894383641909e-01,-7.252909290794611052e-02,8.344478587208060613e-03,1.220304529317936115e+01,7.248769949599360995e-02,9.973559540381699007e-01,5.160849386532633497e-03,5.969712887215695707e-01,-8.696727126935718463e-03,-4.542205033072429891e-03,9.999518664969415660e-01,9.560816659184168120e-02,0.000000000000000000e+00,0.000000000000000000e+00,0.000000000000000000e+00,1.000000000000000056e-01
9.972290613204185528e-01,-7.407339323169503942e-02,6.879801824152015355e-03,1.307840427745203549e+01,7.402127855762558051e-02,9.972281276807215544e-01,7.543983238105884601e-03,6.867332260429602764e-01,-7.419540328843060931e-03,-7.013827595906485871e-03,9.999478769634763120e-01,1.072451221764320617e-01,0.000000000000000000e+00,0.000000000000000000e+00,0.000000000000000000e+00,1.000000000000000056e-01
9.975390837757873719e-01,-6.983852152859600093e-02,6.193323054912617566e-03,1.395889547483647952e+01,6.976472043131025369e-02,9.974980552202469264e-01,1.142425555414277802e-02,7.751865609604681184e-01,-6.975680820092237770e-03,-1.096406596683326823e-02,9.999155610023133800e-01,1.099849988471326284e-01,0.000000000000000000e+00,0.000000000000000000e+00,0.000000000000000000e+00,1.000000000000000056e-01
9.957829998902043567e-01,-9.151639555014626226e-02,6.400505853016955592e-03,1.492800445943866094e+01,9.145625067503135308e-02,9.957672248421046701e-01,9.131710831995872718e-03,9.063209567598514704e-01,-7.209115211394831642e-03,-8.507836138674198384e-03,9.999378207579240341e-01,9.820831944808483538e-02,0.000000000000000000e+00,0.000000000000000000e+00,0.000000000000000000e+00,1.000000000000000056e-01
9.955294183714198386e-01,-9.410717831134997324e-02,8.063259101528897840e-03,1.589351634007877045e+01,9.404019524856006840e-02,9.955336409573091183e-01,8.319338909806477458e-03,1.001526621092285740e+00,-8.810155201544935324e-03,-7.523876165866858097e-03,9.999328839741021824e-01,9.619221602060387677e-02,0.000000000000000000e+00,0.000000000000000000e+00,0.000000000000000000e+00,1.000000000000000056e-01
9.952071269480498028e-01,-9.722728010452885705e-02,1.047045726240062279e-02,1.680522012860638981e+01,9.713347889210066644e-02,9.952295425469944723e-01,9.123865409897029613e-03,1.110485694106500221e+00,-1.130759700936090871e-02,-8.063103941756280882e-03,9.999035576517858459e-01,9.679892514916571544e-02,0.000000000000000000e+00,0.000000000000000000e+00,0.000000000000000000e+00,1.000000000000000056e-01
9.948929594908229035e-01,-1.003727064921915713e-01,1.064513724778816221e-02,1.768691820831084272e+01,1.002875801355821439e-01,9.949242780216288606e-01,8.251198318409138852e-03,1.209313134018352498e+00,-1.141930059771933091e-02,-7.141484059555943537e-03,9.999092952759695008e-01,9.857460148550241386e-02,0.000000000000000000e+00,0.000000000000000000e+00,0.000000000000000000e+00,1.000000000000000056e-01
9.945581181362891376e-01,-1.036905363357643051e-01,1.012039147487757244e-02,1.860116509351588832e+01,1.036162646899357331e-01,9.945882533216434673e-01,7.607630794642100160e-03,1.309498942421218448e+00,-1.085446179727065329e-02,-6.517593804768244577e-03,9.999198476028404725e-01,9.326739295911468108e-02,0.000000000000000000e+00,0.000000000000000000e+00,0.000000000000000000e+00,1.000000000000000056e-01
9.943151871663638008e-01,-1.059969258411222609e-01,1.009753844015768773e-02,1.952741647163068350e+01,1.059348224732244576e-01,9.943518305237015742e-01,6.500040132973999331e-03,1.415875487876051553e+00,-1.072949010369340234e-02,-5.393407679332253880e-03,9.999278919980776337e-01,9.638050502759470950e-02,0.000000000000000000e+00,0.000000000000000000e+00,0.000000000000000000e+00,1.000000000000000056e-01
9.943151874915080457e-01,-1.057185705108869556e-01,1.268431207680295776e-02,2.045083054575161796e+01,1.056432793851571073e-01,9.943830581827504123e-01,6.467698189503425996e-03,1.521302266300082140e+00,-1.329682084096587245e-02,-5.090918213396369851e-03,9.998986334160416822e-01,9.548359468226337576e-02,0.000000000000000000e+00,0.000000000000000000e+00,0.000000000000000000e+00,1.000000000000000056e-01
9.935110274533548447e-01,-1.127263561320325930e-01,1.511975402489869162e-02,2.133123504028023376e+01,1.126516255421708274e-01,9.936181445310862115e-01,5.709126142248527325e-03,1.624609033489935683e+00,-1.566683092670006355e-02,-3.968814910743525062e-03,9.998693909290945481e-01,9.365204799375274891e-02,0.000000000000000000e+00,0.000000000000000000e+00,0.000000000000000000e+00,1.000000000000000056e-01
9.936617847100233103e-01,-1.109660712194826954e-01,1.796631974011286131e-02,2.224870794312666433e+01,1.108849345272692327e-01,9.938182856662600706e-01,5.454023309359096183e-03,1.738364369211998772e+00,-1.846046862282991335e-02,-3.427260347349428415e-03,9.998237169545124425e-01,9.015036707486721868e-02,0.000000000000000000e+00,0.000000000000000000e+00,0.000000000000000000e+00,1.000000000000000056e-01
9.935997290614912991e-01,-1.110705255201470537e-01,2.056494030162603695e-02,2.319557944105256908e+01,1.109780745917304939e-01,9.938071501569138988e-01,5.587061562714271817e-03,1.845796097594357255e+00,-2.105814257819012617e-02,-3.269045376194434482e-03,9.997729082013999680e-01,9.032740734865755960e-02,0.000000000000000000e+00,0.000000000000000000e+00,0.000000000000000000e+00,1.000000000000000056e-01
9.938516590937100936e-01,-1.087672770799192473e-01,2.070167030217267765e-02,2.411522145910183212e+01,1.087202351961470831e-01,9.940666141645680964e-01,3.387781322081324584e-03,1.944940603631411857e+00,-2.094731905457697732e-02,-1.116261623391900286e-03,9.997799576828962920e-01,8.109122633926967028e-02,0.000000000000000000e+00,0.000000000000000000e+00,0.000000000000000000e+00,1.000000000000000056e-01
9.940511345540590238e-01,-1.072365326544639230e-01,1.904384299547355608e-02,2.506552084662221347e+01,1.071986586822785692e-01,9.942330905233215388e-01,3.001547128591147522e-03,2.045676560128469212e+00,-1.925589438349965821e-02,-9.422169033228373815e-04,9.998141441081930259e-01,6.976392385862785483e-02,0.000000000000000000e+00,0.000000000000000000e+00,0.000000000000000000e+00,1.000000000000000056e-01
9.941398320762514507e-01,-1.069887734782695304e-01,1.547244741526653151e-02,2.599088886853320446e+01,1.069664428551369700e-01,9.942600489998697499e-01,2.266068334207914370e-03,2.150595589892513093e+00,-1.562608019694566169e-02,-5.977561309685477074e-04,9.998777266772604921e-01,6.040291756031757053e-02,0.000000000000000000e+00,0.000000000000000000e+00,0.000000000000000000e+00,1.000000000000000056e-01
9.943209831813136779e-01,-1.055084130441372586e-01,1.391966889884506224e-02,2.692962330590179931e+01,1.054863326083506497e-01,9.944180625635729021e-01,2.313110492489348514e-03,2.249869797538434302e+00,-1.408602279517422347e-02,-8.316394758373377508e-04,9.999004412128219554e-01,5.545671613291205948e-02,0.000000000000000000e+00,0.000000000000000000e+00,0.000000000000000000e+00,1.000000000000000056e-01
9.944363101948378025e-01,-1.041323618682807733e-01,1.590208092703029180e-02,2.788267599134038122e+01,1.041523670637603677e-01,9.945612585974037412e-01,-4.328188579961160650e-04,2.347983830684788664e+00,-1.577052317116074687e-02,2.086650157918082480e-03,9.998734602388575921e-01,5.078340170869710679e-02,0.000000000000000000e+00,0.000000000000000000e+00,0.000000000000000000e+00,1.000000000000000056e-01
9.943940415502509067e-01,-1.036180047180773472e-01,2.106654284884690656e-02,2.887945893131040265e+01,1.036577983710980783e-01,9.946126965887155391e-01,-8.028831673724313479e-04,2.435514119947192135e+00,-2.086985783886848370e-02,2.982093688698009108e-03,9.997777533787283177e-01,4.501599855207096684e-02,0.000000000000000000e+00,0.000000000000000000e+00,0.000000000000000000e+00,1.000000000000000056e-01
9.942228327052663461e-01,-1.044450092798464569e-01,2.474265474941303791e-02,2.982261950655177429e+01,1.045809231481021340e-01,9.945072531077421285e-01,-4.260754579200561054e-03,2.534504620501516037e+00,-2.416173505786823814e-02,6.823749162023105483e-03,9.996847738194111210e-01,3.345606533280930800e-02,0.000000000000000000e+00,0.000000000000000000e+00,0.000000000000000000e+00,1.000000000000000056e-01
9.941961996897781262e-01,-1.047365137656148110e-01,2.458005709163335606e-02,3.072194669426047042e+01,1.050514287887547998e-01,9.943957420931919255e-01,-1.188719547964274363e-02,2.620427803522770827e+00,-2.319728069933962161e-02,1.440037468801557384e-02,9.996271881941791726e-01,2.976258979328674434e-02,0.000000000000000000e+00,0.000000000000000000e+00,0.000000000000000000e+00,1.000000000000000056e-01
9.940933442175550194e-01,-1.064145890468312650e-01,2.131568015221647211e-02,3.164636990393323046e+01,1.067309584144449652e-01,9.941851561814122329e-01,-1.429607444283094268e-02,2.703721197358638584e+00,-1.967042191442760352e-02,1.648667542395875624e-02,9.996705777580799923e-01,2.365385126912800812e-02,0.000000000000000000e+00,0.000000000000000000e+00,0.000000000000000000e+00,1.000000000000000056e-01
9.941095970910798219e-01,-1.068975527027982292e-01,1.786119250116043750e-02,3.260883342784240568e+01,1.071551373080622399e-01,9.941416962654825440e-01,-1.414440860832977612e-02,2.816673665614989552e+00,-1.624455354576911231e-02,1.597501087766589264e-02,9.997404230636856015e-01,1.403937738837520224e-02,0.000000000000000000e+00,0.000000000000000000e+00,0.000000000000000000e+00,1.000000000000000056e-01
9.937795437802099396e-01,-1.097863385864678298e-01,1.868631113342802269e-02,3.356453243651036900e+01,1.100614850664085598e-01,9.938205801383369620e-01,-1.439180316972465436e-02,2.927368615574538424e+00,-1.699081719560770892e-02,1.635892274194159640e-02,9.997218101940902324e-01,2.686757728001343791e-03,0.000000000000000000e+00,0.000000000000000000e+00,0.000000000000000000e+00,1.000000000000000056e-01
9.939998004957574240e-01,-1.075371733578292938e-01,2.000382364955731462e-02,3.453726130258586124e+01,1.078421471764877820e-01,9.940571774494743051e-01,-1.484584970788558299e-02,3.037876659418440539e+00,-1.828846376159481285e-02,1.691402694193633663e-02,9.996896757423516799e-01,1.019915452933857665e-03,0.000000000000000000e+00,0.000000000000000000e+00,0.000000000000000000e+00,1.000000000000000056e-01
9.936633870732353158e-01,-1.103340451977962017e-01,2.143529007119881341e-02,3.550330540623876630e+01,1.106493976426745213e-01,9.937591106254982654e-01,-1.412589289680714170e-02,3.159914941789763176e+00,-1.974294789181856025e-02,1.640818451594928951e-02,9.996704394396342952e-01,-1.292613493795139248e-02,0.000000000000000000e+00,0.000000000000000000e+00,0.000000000000000000e+00,1.000000000000000056e-01
9.933435517675340831e-01,-1.129561594468666968e-01,2.257197831104912344e-02,3.647460891530300131e+01,1.132626768431611169e-01,9.934827185024318608e-01,-1.279273510002732275e-02,3.272868581573137092e+00,-2.097985214871880139e-02,1.526414360623753672e-02,9.996633692017458106e-01,-1.721754403559052488e-02,0.000000000000000000e+00,0.000000000000000000e+00,0.000000000000000000e+00,1.000000000000000056e-01
9.932491273016875732e-01,-1.136622418467730100e-01,2.317468215104103585e-02,3.746930399262721778e+01,1.139905726999157209e-01,9.933918343485144131e-01,-1.337208978577520205e-02,3.396893244637933851e+00,-2.150163830923888797e-02,1.592351180045671263e-02,9.996419965777545436e-01,-2.351484348017330098e-02,0.000000000000000000e+00,0.000000000000000000e+00,0.000000000000000000e+00,1.000000000000000056e-01
9.931343439290127861e-01,-1.140497457784521024e-01,2.601596426349960314e-02,3.845740452864145453e+01,1.143649188498677555e-01,9.933783284360201415e-01,-1.096183972340889282e-02,3.512446355188302505e+00,-2.459350005900754962e-02,1.386189314375887299e-02,9.996014244054070019e-01,-1.427958044772379906e-02,0.000000000000000000e+00,0.000000000000000000e+00,0.000000000000000000e+00,1.000000000000000056e-01
9.931051645872961409e-01,-1.140836231814337798e-01,2.696403144628348875e-02,3.946907287390004626e+01,1.144044452735992479e-01,9.933769975827307919e-01,-1.066600089814898240e-02,3.634851073264219412e+00,-2.556863257351816437e-02,1.367726563739644040e-02,9.995795003065061080e-01,-3.204978227576803923e-02,0.000000000000000000e+00,0.000000000000000000e+00,0.000000000000000000e+00,1.000000000000000056e-01
9.927733093422403954e-01,-1.172977282629006773e-01,2.534559531790319536e-02,4.047632685903046479e+01,1.176493404498852730e-01,9.929720225111587917e-01,-1.285282855272320938e-02,3.758220396311182210e+00,-2.365985945358071302e-02,1.574183770915647124e-02,9.995961212390609418e-01,-3.564501795537450973e-02,0.000000000000000000e+00,0.000000000000000000e+00,0.000000000000000000e+00,1.000000000000000056e-01
9.928238916886642507e-01,-1.169333606023052613e-01,2.504614282532878489e-02,4.149551661839950611e+01,1.173000200745776406e-01,9.930019824760962788e-01,-1.370284966881807343e-02,3.890156439325809679e+00,-2.326854921732785658e-02,1.654242959162248797e-02,9.995923782425149007e-01,-2.575572726263693213e-02,0.000000000000000000e+00,0.000000000000000000e+00,0.000000000000000000e+00,1.000000000000000056e-01
9.930200649213134501e-01,-1.156641789721028629e-01,2.308567448397135305e-02,4.252452874500539792e+01,1.158870043586689297e-01,9.932255591608495360e-01,-8.555165129424731341e-03,4.022362828899620268e+00,-2.193975579728212402e-02,1.117078029178070198e-02,9.996968844520964792e-01,-2.666609743061406149e-02,0.000000000000000000e+00,0.000000000000000000e+00,0.000000000000000000e+00,1.000000000000000056e-01
9.930966781841663593e-01,-1.150180699110912447e-01,2.301806624157613432e-02,4.356933873258586942e+01,1.152493724381549872e-01,9.932959669566693295e-01,-8.983550535659671002e-03,4.138421467664866960e+00,-2.183048172133870632e-02,1.157435188434473815e-02,9.996946856146988747e-01,-2.962171229611732307e-02,0.000000000000000000e+00,0.000000000000000000e+00,0.000000000000000000e+00,1.000000000000000056e-01
9.932202644210852416e-01,-1.134861952377728411e-01,2.518709657272170596e-02,4.455822683003068363e+01,1.138282848433109506e-01,9.934207043429320594e-01,-1.258672921862164819e-02,4.250792862113761394e+00,-2.359296320811716738e-02,1.536839852577173877e-02,9.996035136061764970e-01,-3.497788997867536109e-02,0.000000000000000000e+00,0.000000000000000000e+00,0.000000000000000000e+00,1.000000000000000056e-01
9.933265175485910259e-01,-1.123372510505021016e-01,2.612989784145814190e-02,4.552796517513662877e+01,1.126862122209263961e-01,9.935546791931507693e-01,-1.228482920904973123e-02,4.377037705799552647e+00,-2.458143832425018979e-02,1.514732583037826062e-02,9.995830687892324207e-01,-3.884398390612068402e-02,0.000000000000000000e+00,0.000000000000000000e+00,0.000000000000000000e+00,1.000000000000000056e-01
9.929174459078757842e-01,-1.164642534669084045e-01,2.347388498259947442e-02,4.643744694007629192e+01,1.167772207230019926e-01,9.930803481973008440e-01,-1.242991329571547544e-02,4.483413828098930409e+00,-2.186381329941937401e-02,1.508309281027753711e-02,9.996471747468127500e-01,-4.231235448916042391e-02,0.000000000000000000e+00,0.000000000000000000e+00,0.000000000000000000e+00,1.000000000000000056e-01
9.932614846737783942e-01,-1.145377549735814571e-01,1.768405353004023559e-02,4.738413085704227967e+01,1.147218335127866973e-01,9.933496272568641539e-01,-9.768262082555398060e-03,4.608198297277092514e+00,-1.644761317352644650e-02,1.173118554370603146e-02,9.997959068263048144e-01,-5.383069044941996700e-02,0.000000000000000000e+00,0.000000000000000000e+00,0.000000000000000000e+00,1.000000000000000056e-01
9.934718033480670618e-01,-1.127772665268192975e-01,1.717743016514054755e-02,4.832818521366523612e+01,1.129499877223233972e-01,9.935558518270053430e-01,-9.437667817884045490e-03,4.723062409758636448e+00,-1.600238188103601800e-02,1.131624739268697125e-02,9.998079147111613718e-01,-5.267590474797118061e-02,0.000000000000000000e+00,0.000000000000000000e+00,0.000000000000000000e+00,1.000000000000000056e-01
9.936715142355037056e-01,-1.110296372445035845e-01,1.701003969058198506e-02,4.929006526257725085e+01,1.112353166714620673e-01,9.937256718263584032e-01,-1.166162416870333667e-02,4.852483863391663377e+00,-1.560852721818373895e-02,1.347994089773681646e-02,9.997873099172006617e-01,-5.853110022640025528e-02,0.000000000000000000e+00,0.000000000000000000e+00,0.000000000000000000e+00,1.000000000000000056e-01
9.940062451192254178e-01,-1.075547564144411633e-01,1.958466330087207594e-02,5.028771359054140788e+01,1.077814016503008537e-01,9.941147838489795552e-01,-1.090715321214076258e-02,4.978977961298701516e+00,-1.829628711719469628e-02,1.295264087075733914e-02,9.997487059117398100e-01,-4.876004069545380321e-02,0.000000000000000000e+00,0.000000000000000000e+00,0.000000000000000000e+00,1.000000000000000056e-01
9.940739477550776249e-01,-1.069261158054887750e-01,1.959061391040056027e-02,5.122204370821983588e+01,1.071525398955349706e-01,9.941829008690584724e-01,-1.089462314720455148e-02,5.094998652018466245e+00,-1.831173363095260631e-02,1.292924507985769404e-02,9.997487259472221943e-01,-5.196976814866403199e-02,0.000000000000000000e+00,0.000000000000000000e+00,0.000000000000000000e+00,1.000000000000000056e-01
9.939706093103236606e-01,-1.079379493796334966e-01,1.928281387618516890e-02,5.216633837864173984e+01,1.082127452761026398e-01,9.940316496446734984e-01,-1.382321469479229174e-02,5.201255775229248535e+00,-1.767567783914524709e-02,1.582651535900023512e-02,9.997185062929054844e-01,-5.121890289953232034e-02,0.000000000000000000e+00,0.000000000000000000e+00,0.000000000000000000e+00,1.000000000000000056e-01
9.941030707391962373e-01,-1.069329600132094410e-01,1.801185192349403358e-02,5.315023001756988208e+01,1.072038563397480632e-01,9.941267409071965488e-01,-1.481067855037077746e-02,5.314839284987344925e+00,-1.632231395321084855e-02,1.665428101267380639e-02,9.997280715230335568e-01,-4.075241398854003577e-02,0.000000000000000000e+00,0.000000000000000000e+00,0.000000000000000000e+00,1.000000000000000056e-01
9.939006241336137970e-01,-1.087371173060040358e-01,1.837902790664553906e-02,5.411649912030051013e+01,1.090062553143248264e-01,9.939376946011352354e-01,-1.433511609051866739e-02,5.434324059762823289e+00,-1.670884942661128233e-02,1.625110983781521620e-02,9.997283209851954844e-01,-4.281501559519518968e-02,0.000000000000000000e+00,0.000000000000000000e+00,0.000000000000000000e+00,1.000000000000000056e-01
9.937255529237117857e-01,-1.096910659840578117e-01,2.184938236528465375e-02,5.505670819191508514e+01,1.100516166174956845e-01,9.937963986941045214e-01,-1.604243193858475094e-02,5.542337450014409583e+00,-1.995412604799030529e-02,1.834633439980452516e-02,9.996325549259345022e-01,-4.025302524179677488e-02,0.000000000000000000e+00,0.000000000000000000e+00,0.000000000000000000e+00,1.000000000000000056e-01
9.934268761186858532e-01,-1.115397092438129012e-01,2.572809878080386040e-02,5.600764611709654872e+01,1.119357767431054529e-01,9.936096352976419022e-01,-1.450084578928602028e-02,5.647656615365638011e+00,-2.394626672336989601e-02,1.728542465468183367e-02,9.995638000670695744e-01,-3.103388605768801073e-02,0.000000000000000000e+00,0.000000000000000000e+00,0.000000000000000000e+00,1.000000000000000056e-01
9.931768319696577807e-01,-1.136844078689694254e-01,2.599299609887053414e-02,5.697104860482532729e+01,1.140309247523474262e-01,9.934015849520251296e-01,-1.225721073200893539e-02,5.763996934186669918e+00,-2.442802977807618375e-02,1.513758310583949128e-02,9.995869771755108157e-01,-3.789184930641377458e-02,0.000000000000000000e+00,0.000000000000000000e+00,0.000000000000000000e+00,1.000000000000000056e-01
9.928889645081157012e-01,-1.166826457415759966e-01,2.359373520126898521e-02,5.786472056718525891e+01,1.170045412314253963e-01,9.930495033926968196e-01,-1.275229950800265029e-02,5.874092509808828133e+00,-2.194177497891620920e-02,1.542219161675831458e-02,9.996402925635353709e-01,-4.238805293513860789e-02,0.000000000000000000e+00,0.000000000000000000e+00,0.000000000000000000e+00,1.000000000000000056e-01
9.925562253282514957e-01,-1.205837980993186148e-01,1.707885236413629951e-02,5.873727442638420371e+01,1.208249347754171282e-01,9.925769629692822171e-01,-1.386750587497244044e-02,5.989043819282947823e+00,-1.527987888202636188e-02,1.582783050891574395e-02,9.997579732528926177e-01,-4.828516120333196243e-02,0.000000000000000000e+00,0.000000000000000000e+00,0.000000000000000000e+00,1.000000000000000056e-01
9.924012746221200221e-01,-1.222432919435451626e-01,1.401027134628790062e-02,5.966887534191234721e+01,1.224517151871650222e-01,9.923591201945383133e-01,-1.513122646857088284e-02,6.091015388021120636e+00,-1.205352961222760401e-02,1.673183019059625021e-02,9.997873565325580136e-01,-4.639650011210946084e-02,0.000000000000000000e+00,0.000000000000000000e+00,0.000000000000000000e+00,1.000000000000000056e-01
9.923815837863304568e-01,-1.223394143216428309e-01,1.455540673330203358e-02,6.056702685785171525e+01,1.225171541894725658e-01,9.923936424718688976e-01,-1.201687608030799562e-02,6.215607571013849864e+00,-1.297455552408053117e-02,1.370861352777457201e-02,9.998218515436130271e-01,-4.937728565080914955e-02,0.000000000000000000e+00,0.000000000000000000e+00,0.000000000000000000e+00,1.000000000000000056e-01
9.921493709869919631e-01,-1.240704827520521802e-01,1.568888013176702664e-02,6.148585672705942073e+01,1.242272080521585886e-01,9.922088883473668686e-01,-9.440480075094194110e-03,6.336425522790478659e+00,-1.439536139462758643e-02,1.131535214455433626e-02,9.998323541355134125e-01,-4.213445759471038526e-02,0.000000000000000000e+00,0.000000000000000000e+00,0.000000000000000000e+00,1.000000000000000056e-01
9.920856714218664330e-01,-1.241402123584628009e-01,1.884749943680403411e-02,6.237234869085102673e+01,1.243042527368268119e-01,9.922135513106442595e-01,-7.792390330226750192e-03,6.452572511593220206e+00,-1.773339535914231907e-02,1.007354312619395363e-02,9.997920035777047021e-01,-3.671596824666661929e-02,0.000000000000000000e+00,0.000000000000000000e+00,0.000000000000000000e+00,1.000000000000000056e-01
9.918694035538448972e-01,-1.257554212763936363e-01,1.951051801815439912e-02,6.318279975570865048e+01,1.259021618798446818e-01,9.920215020080589419e-01,-6.479597800494069602e-03,6.563012233285618890e+00,-1.854000883822209955e-02,8.883331203526158987e-03,9.997886549161313363e-01,-3.666307441994009347e-02,0.000000000000000000e+00,0.000000000000000000e+00,0.000000000000000000e+00,1.000000000000000056e-01
9.914487935665251550e-01,-1.291238619162594081e-01,1.887638787778547766e-02,6.399374601152638320e+01,1.292457686856832710e-01,9.915979835662335207e-01,-5.382403201770993156e-03,6.675921371432410822e+00,-1.802279146882306698e-02,7.776070422157950468e-03,9.998073372987722474e-01,-3.847062397211551549e-02,0.000000000000000000e+00,0.000000000000000000e+00,0.000000000000000000e+00,1.000000000000000056e-01
9.907707004849983790e-01,-1.341423218742358592e-01,1.947451007482504937e-02,6.478661034097304139e+01,1.342674818745165366e-01,9.909311536073718285e-01,-5.262330419091909572e-03,6.787468827251563752e+00,-1.859199751349836088e-02,7.828556223993868995e-03,9.997965049628378953e-01,-3.802852150659046665e-02,0.000000000000000000e+00,0.000000000000000000e+00,0.000000000000000000e+00,1.000000000000000056e-01
9.906172840678204583e-01,-1.355145935142551272e-01,1.769721590423769739e-02,6.557734959354856130e+01,1.356552585962763902e-01,9.907313698930056978e-01,-7.000251788740238790e-03,6.886211822019705941e+00,-1.658455068044912759e-02,9.335290814676256571e-03,9.998188861109461589e-01,-3.604806841142754043e-02,0.000000000000000000e+00,0.000000000000000000e+00,0.000000000000000000e+00,1.000000000000000056e-01
9.905370437772200720e-01,-1.358377165656669272e-01,1.960815298061423240e-02,6.632961939419733710e+01,1.359830868012734395e-01,9.906912856526829403e-01,-6.275080543834335792e-03,6.995342845788689701e+00,-1.857323367329909852e-02,8.882076900129126651e-03,9.997880493888978704e-01,-3.093901554256388298e-02,0.000000000000000000e+00,0.000000000000000000e+00,0.000000000000000000e+00,1.000000000000000056e-01
9.902520152225626759e-01,-1.374996557350866566e-01,2.224389849792919593e-02,6.712096004173051256e+01,1.376345441362084587e-01,9.904721935478334460e-01,-4.643928182173155325e-03,7.117025773371664421e+00,-2.139342441199201111e-02,7.660188070520395145e-03,9.997417881186384525e-01,-3.013385312374207425e-02,0.000000000000000000e+00,0.000000000000000000e+00,0.000000000000000000e+00,1.000000000000000056e-01
9.900849943846430357e-01,-1.383978991440693029e-01,2.403591909766079546e-02,6.786114770181775668e+01,1.385102404926922826e-01,9.903562566883665763e-01,-3.065634822151872864e-03,7.227183192559629710e+00,-2.337984544469504447e-02,6.364459970355494135e-03,9.997063951362259449e-01,-3.414109362976916473e-02,0.000000000000000000e+00,0.000000000000000000e+00,0.000000000000000000e+00,1.000000000000000056e-01
9.897585080741997388e-01,-1.403289711787296945e-01,2.618922569786308330e-02,6.854246519916101477e+01,1.403995468967226545e-01,9.900945491046069247e-01,-8.666397982871111051e-04,7.330465882379789022e+00,-2.580819493744836157e-02,4.534719535346358812e-03,9.996566277441502057e-01,-3.357343568009801132e-02,0.000000000000000000e+00,0.000000000000000000e+00,0.000000000000000000e+00,1.000000000000000056e-01
9.897704587588180836e-01,-1.409597021874003930e-01,2.201820445899681233e-02,6.922347961663588478e+01,1.409365008743299619e-01,9.900151977892509558e-01,2.609763899322229720e-03,7.438114195194475364e+00,-2.216622858446578442e-02,5.201014801022153886e-04,9.997541636846488666e-01,-3.575067821765091913e-02,0.000000000000000000e+00,0.000000000000000000e+00,0.000000000000000000e+00,1.000000000000000056e-01
9.898853365449769015e-01,-1.409934856186485508e-01,1.574349091979904483e-02,6.991574623143678480e+01,1.409846165445154953e-01,9.900103657664149903e-01,1.677370813266869723e-03,7.546879961851550078e+00,-1.582271756158796713e-02,5.591852583985320842e-04,9.998746566049231399e-01,-3.855187823815751924e-02,0.000000000000000000e+00,0.000000000000000000e+00,0.000000000000000000e+00,1.000000000000000056e-01
9.900848539138207283e-01,-1.401494614037100406e-01,9.492656040231473025e-03,7.065031059055145590e+01,1.401439085095846360e-01,9.901303550754704252e-01,1.250945954118954252e-03,7.650683968111956723e+00,-9.574286297438620169e-03,9.179527737720593206e-05,9.999541612571657412e-01,-3.622565163866673515e-02,0.000000000000000000e+00,0.000000000000000000e+00,0.000000000000000000e+00,1.000000000000000056e-01
9.898965337832705824e-01,-1.415019008503892173e-01,9.058943624559593136e-03,7.136202623055335437e+01,1.414859814541272187e-01,9.899374032889515229e-01,2.377944803848194063e-03,7.758770251692524766e+00,-9.304270838099351973e-03,-1.072205789198843982e-03,9.999561394975866602e-01,-3.163410224747078420e-02,0.000000000000000000e+00,0.000000000000000000e+00,0.000000000000000000e+00,1.000000000000000056e-01
9.895662946963789119e-01,-1.436087729361438248e-01,1.162190761684320922e-02,7.202856251609375704e+01,1.435692147381981698e-01,9.896314773089192052e-01,4.173691270729245652e-03,7.865794952841913990e+00,-1.210078428600804695e-02,-2.461596055672097497e-03,9.999237528754491011e-01,-2.077435236019041162e-02,0.000000000000000000e+00,0.000000000000000000e+00,0.000000000000000000e+00,1.000000000000000056e-01
9.892039551528151176e-01,-1.459490366910476955e-01,1.320658165395130826e-02,7.264626476419469725e+01,1.459241993738537579e-01,9.892917250330046652e-01,2.830338905798966166e-03,7.956933603635143903e+00,-1.347824718303727506e-02,-8.726225857209582611e-04,9.999087835311257777e-01,-1.166240913058729650e-02,0.000000000000000000e+00,0.000000000000000000e+00,0.000000000000000000e+00,1.000000000000000056e-01
9.893393578820628420e-01,-1.452497730203336779e-01,1.049468356117543542e-02,7.321557407430475450e+01,1.452623705374578023e-01,9.893930697174742050e-01,-4.441856272534130999e-04,8.031868241158703015e+00,-1.031884932276742710e-02,1.963932935384166221e-03,9.999448306362103134e-01,-8.948084553027840782e-03,0.000000000000000000e+00,0.000000000000000000e+00,0.000000000000000000e+00,1.000000000000000056e-01
9.894747929383556073e-01,-1.444878971977613391e-01,7.929798419090588676e-03,7.384623777319907845e+01,1.445483072917287948e-01,9.894680953885789387e-01,-7.659965221460200355e-03,8.111709115503382250e+00,-6.739510271096160049e-03,8.725581440063507818e-03,9.999392197678009797e-01,6.834184839999349684e-03,0.000000000000000000e+00,0.000000000000000000e+00,0.000000000000000000e+00,1.000000000000000056e-01
9.898391274420622610e-01,-1.421380750821329975e-01,3.907607539512235675e-03,7.444963533516535392e+01,1.421743727763820075e-01,9.897741405905334799e-01,-1.155847498215788541e-02,8.196447039426821846e+00,-2.224749509336899304e-03,1.199659244188647916e-02,9.999255633592952774e-01,1.743108114424685162e-02,0.000000000000000000e+00,0.000000000000000000e+00,0.000000000000000000e+00,1.000000000000000056e-01
9.904719636380069359e-01,-1.376775890055628448e-01,3.189158617252099356e-03,7.502817529765081872e+01,1.377029084685784943e-01,9.904235731299835255e-01,-9.952627177304792724e-03,8.271486237030275745e+00,-1.788364158934537375e-03,1.029695460082531537e-02,9.999453857484335018e-01,2.723195034493071723e-02,0.000000000000000000e+00,0.000000000000000000e+00,0.000000000000000000e+00,1.000000000000000056e-01
9.911851595524546754e-01,-1.324060282110943731e-01,4.541274748124374608e-03,7.560302728951309348e+01,1.324444985144560549e-01,9.911439512385505912e-01,-9.598058995853399333e-03,8.365846992940925375e+00,-3.230216127339132458e-03,1.011492049383052108e-02,9.999436254545424063e-01,2.304141580763832339e-02,0.000000000000000000e+00,0.000000000000000000e+00,0.000000000000000000e+00,1.000000000000000056e-01
9.919651626742501671e-01,-1.263724776830686403e-01,5.925615992506097669e-03,7.615669851281846547e+01,1.264298300733836533e-01,9.919190939213051728e-01,-1.058343904183618907e-02,8.419574801337734726e+00,-4.540276232087682613e-03,1.124757745380071568e-02,9.999264362407651596e-01,3.193786811520534646e-02,0.000000000000000000e+00,0.000000000000000000e+00,0.000000000000000000e+00,1.000000000000000056e-01
9.930927569408900535e-01,-1.169605509815559996e-01,9.327680613804628304e-03,7.673053156658443186e+01,1.170895543588223175e-01,9.930118283280769953e-01,-1.474940882144610416e-02,8.483366654385010364e+00,-7.537398197965934285e-03,1.573970503601000367e-02,9.998477130612365427e-01,4.438343867045830421e-02,0.000000000000000000e+00,0.000000000000000000e+00,0.000000000000000000e+00,1.000000000000000056e-01
9.940447917340693440e-01,-1.082481908624551709e-01,1.254118022261884596e-02,7.728493769344032671e+01,1.084684398345623496e-01,9.939284503567717977e-01,-1.846166653480018835e-02,8.524271577481664863e+00,-1.046659382161449145e-02,1.971204571808082492e-02,9.997509118112278825e-01,5.368872903055392498e-02,0.000000000000000000e+00,0.000000000000000000e+00,0.000000000000000000e+00,1.000000000000000056e-01
9.952028900562442937e-01,-9.705627655384935215e-02,1.229987012945941982e-02,7.777538878039702297e+01,9.722959845535486534e-02,9.951581326039358188e-01,-1.437693626812329255e-02,8.572790937307612325e+00,-1.084494388686772781e-02,1.550387995793108854e-02,9.998209924273148141e-01,6.603645036170580074e-02,0.000000000000000000e+00,0.000000000000000000e+00,0.000000000000000000e+00,1.000000000000000056e-01
9.964360449671222364e-01,-8.381104729511539009e-02,9.535021844499499272e-03,7.826860243770285308e+01,8.390644416962865504e-02,9.964225751570325862e-01,-1.008763323265843802e-02,8.616101876866620657e+00,-8.655455914516635429e-03,1.085173113948076536e-02,9.999036568660943924e-01,6.266417482862297883e-02,0.000000000000000000e+00,0.000000000000000000e+00,0.000000000000000000e+00,1.000000000000000056e-01
9.975791004111477234e-01,-6.881053917821870758e-02,1.005226943968241284e-02,7.876859312838510618e+01,6.885690612425345025e-02,9.976171007103131760e-01,-4.341295813996260376e-03,8.645963257260008916e+00,-9.729588988281625758e-03,5.022954145888985401e-03,9.999400507179254660e-01,6.790805854986632639e-02,0.000000000000000000e+00,0.000000000000000000e+00,0.000000000000000000e+00,1.000000000000000056e-01
9.988880266286316312e-01,-4.569038519320340469e-02,1.162320776957696464e-02,7.926516891990385716e+01,4.575127600613330264e-02,9.989402095449653185e-01,-5.027772674985989641e-03,8.668818147168147803e+00,-1.138116873474191021e-02,5.553958512396660156e-03,9.999198080561629842e-01,7.797947968588596346e-02,0.000000000000000000e+00,0.000000000000000000e+00,0.000000000000000000e+00,1.000000000000000056e-01
9.997025554737928310e-01,-2.131436677533652541e-02,1.185319991119308802e-02,7.976653173301995992e+01,2.142635562376150188e-02,9.997262134128369615e-01,-9.402632605549604561e-03,8.696208478796750185e+00,-1.164954350403401770e-02,9.653806720525907187e-03,9.998855395253750666e-01,7.992691835559218028e-02,0.000000000000000000e+00,0.000000000000000000e+00,0.000000000000000000e+00,1.000000000000000056e-01
9.998998478775679155e-01,5.639250956907037281e-03,1.298048778211345622e-02,8.024674995911152564e+01,-5.535661288402527434e-03,9.999526566456594656e-01,-8.002557178049915509e-03,8.701037938332465416e+00,-1.302500167050489599e-02,7.929900121243622924e-03,9.998837262479824961e-01,8.953041167838404757e-02,0.000000000000000000e+00,0.000000000000000000e+00,0.000000000000000000e+00,1.000000000000000056e-01
9.992372049975999371e-01,3.682651567110389879e-02,1.299291699775107466e-02,8.073796933411377097e+01,-3.670770617655111367e-02,9.992830745764983424e-01,-9.267209515082383206e-03,8.678108869790523983e+00,-1.332488108166452433e-02,8.783200354448321076e-03,9.998726433579894213e-01,8.960964221269097918e-02,0.000000000000000000e+00,0.000000000000000000e+00,0.000000000000000000e+00,1.000000000000000056e-01
