1.000000000000000000e+00,-2.209049619528475928e-09,-1.906798485706667268e-09,5.706987311313660800e-14,2.209049618841507393e-09,1.000000000000000000e+00,-3.602733031196611759e-10,9.992585754373340835e-15,1.906798486502529168e-09,3.602732989074487370e-10,1.000000000000000000e+00,6.572288747191007106e-15,0.000000000000000000e+00,0.000000000000000000e+00,0.000000000000000000e+00,1.000000000000000056e-01
9.999474464671714857e-01,-1.010724258628821655e-02,-1.716959837964729396e-03,6.678030609975780241e-01,1.010117741644203128e-02,9.999428382857334929e-01,-3.505192701270270876e-03,1.865717906784514907e-02,1.752289526540490219e-03,3.487665175070387043e-03,9.999923828075101273e-01,1.149903836398275675e-02,0.000000000000000000e+00,0.000000000000000000e+00,0.000000000000000000e+00,1.000000000000000056e-01
9.997997365151737315e-01,-1.921298157541388718e-02,-5.598946612712636314e-03,1.362561050457422152e+00,1.919077179697120661e-02,9.998078631795822568e-01,-3.993870568051085396e-03,1.796992818901254133e-02,5.674605010551333345e-03,3.885622634865189533e-03,9.999763501176983649e-01,1.989315309762353795e-02,0.000000000000000000e+00,0.000000000000000000e+00,0.000000000000000000e+00,1.000000000000000056e-01
9.996363021267329341e-01,-2.531720825853962450e-02,-9.289910461618821474e-03,2.115643558153204928e+00,2.528551639034506623e-02,9.996740969790396392e-01,-3.513188013090875160e-03,3.134127184623608509e-02,9.375826964313754147e-03,3.277010090840025945e-03,9.999506763203872550e-01,2.255768377089699406e-02,0.000000000000000000e+00,0.000000000000000000e+00,0.000000000000000000e+00,1.000000000000000056e-01
9.993343438244696175e-01,-3.466882086066985780e-02,-1.135526807466855255e-02,2.868268458952538680e+00,3.464313521074990909e-02,9.993967409249581157e-01,-2.451002109725964294e-03,6.786302437959888800e-02,1.143339125922419007e-02,2.055988497770332678e-03,9.999325229612299193e-01,4.175361190150558149e-02,0.000000000000000000e+00,0.000000000000000000e+00,0.000000000000000000e+00,1.000000000000000056e-01
9.991039990583123753e-01,-4.036592834076473818e-02,-1.271970498384494136e-02,3.584177995703846875e+00,4.030816711622031007e-02,9.991759322791673448e-01,-4.765293043209830985e-03,1.006479321421098888e-01,1.290157856305419390e-02,4.248315341997855286e-03,9.999077462882944856e-01,5.594066685685662732e-02,0.000000000000000000e+00,0.000000000000000000e+00,0.000000000000000000e+00,1.000000000000000056e-01
9.988235885427270144e-01,-4.543580379675759423e-02,-1.694186247056784014e-02,4.320780587546393825e+00,4.536097289545436978e-02,9.989592465772808572e-01,-4.775543500932651411e-03,1.454675343068521365e-01,1.714121082674561689e-02,4.001426132517506284e-03,9.998450717387664666e-01,8.211990859444578961e-02,0.000000000000000000e+00,0.000000000000000000e+00,0.000000000000000000e+00,1.000000000000000056e-01
9.982425019498876173e-01,-5.571794874741508447e-02,-2.018458541087671948e-02,5.109925028796673985e+00,5.564416096079723845e-02,9.984418319981029910e-01,-4.199460351132286787e-03,1.798653282478198112e-01,2.038711975236912749e-02,3.068925488223863372e-03,9.997874509337223436e-01,1.035305054401843006e-01,0.000000000000000000e+00,0.000000000000000000e+00,0.000000000000000000e+00,1.000000000000000056e-01
9.977482924240134166e-01,-6.342453411916836037e-02,-2.180993894379117115e-02,5.893685167841276495e+00,6.333519428551336039e-02,9.979809422234201532e-01,-4.763625055658222453e-03,2.557978366924247293e-01,2.206803411683349453e-02,3.371562044671040127e-03,9.997507861660310802e-01,1.202696740293771327e-01,0.000000000000000000e+00,0.000000000000000000e+00,0.000000000000000000e+00,1.000000000000000056e-01
9.974478798878246844e-01,-6.844428024855837844e-02,-2.032504387548727046e-02,6.698446949873790857e+00,6.836601381757638485e-02,9.976500598606634629e-01,-4.521749076362160773e-03,3.251445090643501068e-01,2.058676910004668056e-02,3.120666799167757816e-03,9.997831996871870963e-01,1.551666951342552947e-01,0.000000000000000000e+00,0.000000000000000000e+00,0.000000000000000000e+00,1.000000000000000056e-01
9.970635023835046074e-01,-7.339724488793800128e-02,-2.184528913974937217e-02,7.506506466018040946e+00,7.327711443831766425e-02,9.972920293319126328e-01,-6.250818396753901433e-03,3.862814181646930245e-01,2.224492558613961821e-02,4.631703131199134925e-03,9.997418219779402593e-01,1.803753599133291197e-01,0.000000000000000000e+00,0.000000000000000000e+00,0.000000000000000000e+00,1.000000000000000056e-01
9.967477335060903609e-01,-7.725078934933164720e-02,-2.294060364020718279e-02,8.332212376758171501e+00,7.713810460831264926e-02,9.970037887947668098e-01,-5.758293698392653003e-03,4.630834119179763619e-01,2.331670148003169712e-02,3.969971509359140026e-03,9.997202462480720975e-01,2.114405159853420257e-01,0.000000000000000000e+00,0.000000000000000000e+00,0.000000000000000000e+00,1.000000000000000056e-01
9.960556373682560860e-01,-8.501505749225209130e-02,-2.540880293335978646e-02,9.186983183790378149e+00,8.488232186872311791e-02,9.963713205307414000e-01,-6.259637210017003107e-03,5.306953043011798377e-01,2.584876594910730241e-02,4.078188742029136872e-03,9.996575462004438917e-01,2.444569755250816656e-01,0.000000000000000000e+00,0.000000000000000000e+00,0.000000000000000000e+00,1.000000000000000056e-01
9.959427505718849716e-01,-8.547766134513741509e-02,-2.813551126732959443e-02,9.948602751174217218e+00,8.526465297401185361e-02,9.963204627730668506e-01,-8.687601100606553994e-03,6.118286650676929561e-01,2.877458143100194640e-02,6.253388731554168287e-03,9.995663652768848051e-01,2.849488223125075104e-01,0.000000000000000000e+00,0.000000000000000000e+00,0.000000000000000000e+00,1.000000000000000056e-01
9.958335966600810885e-01,-8.700983132832725009e-02,-2.728987019505529563e-02,1.071813135175071352e+01,8.688769909457262630e-02,9.962021928373139268e-01,-5.631938580827104690e-03,6.927922573839744302e-01,2.767626255652900699e-02,3.237319623275818764e-03,9.996116967365672457e-01,3.127851125467180915e-01,0.000000000000000000e+00,0.000000000000000000e+00,0.000000000000000000e+00,1.000000000000000056e-01
9.953034688333107782e-01,-9.242938009316116477e-02,-2.877176782842371522e-02,1.151892993281099820e+01,9.214656669561634150e-02,9.956846080829947487e-01,-1.100779145984469298e-02,8.077876852827988730e-01,2.966504971492722048e-02,8.304873401024481794e-03,9.995253943263291418e-01,3.373105917818942090e-01,0.000000000000000000e+00,0.000000000000000000e+00,0.000000000000000000e+00,1.000000000000000056e-01
9.948573808735047264e-01,-9.654892372974939463e-02,-3.061204090121129665e-02,1.236769669253013859e+01,9.626809277078972327e-02,9.952998236322091463e-01,-1.052213818422685805e-02,9.068281810326748182e-01,3.148406002702038020e-02,7.521064041768008371e-03,9.994759564691362286e-01,3.773274266826494028e-01,0.000000000000000000e+00,0.000000000000000000e+00,0.000000000000000000e+00,1.000000000000000056e-01
9.943441924790178410e-01,-1.000447662501082746e-01,-3.564648130196309411e-02,1.325410217498041554e+01,9.983216806444777935e-02,9.949745012675483835e-01,-7.699353670621408158e-03,1.013089994979152308e+00,3.623761999361794356e-02,4.097142095980631227e-03,9.993348029183429793e-01,4.285665083423346178e-01,0.000000000000000000e+00,0.000000000000000000e+00,0.000000000000000000e+00,1.000000000000000056e-01
9.943171506391010883e-01,-9.892208503902376326e-02,-3.934240760898301964e-02,1.416577349314419720e+01,9.889816845128836242e-02,9.950942702532269424e-01,-2.558434321674272777e-03,1.121609335945253694e+00,3.940249004720138698e-02,-1.346996930168007766e-03,9.992225124452261964e-01,4.724182256737451402e-01,0.000000000000000000e+00,0.000000000000000000e+00,0.000000000000000000e+00,1.000000000000000056e-01
9.920622535705357903e-01,-1.188121706963113783e-01,-4.118437974500252508e-02,1.506663336451368096e+01,1.186210996618511232e-01,9.929144850482241047e-01,-7.061168205983653356e-03,1.331326797933032990e+00,4.173151992874439553e-02,2.119782029025292763e-03,9.991266119809771862e-01,5.040300102216139777e-01,0.000000000000000000e+00,0.000000000000000000e+00,0.000000000000000000e+00,1.000000000000000056e-01
9.915141348144501654e-01,-1.238224466226336140e-01,-3.959447152744215159e-02,1.601510120098089018e+01,1.236047640732075015e-01,9.923000117266685960e-01,-7.908794197607246779e-03,1.471815128121691352e+00,4.026888080837470740e-02,2.947615924513274747e-03,9.991845319052944374e-01,5.549032279183541139e-01,0.000000000000000000e+00,0.000000000000000000e+00,0.000000000000000000e+00,1.000000000000000056e-01
9.910461429652056564e-01,-1.274601487958303692e-01,-3.976748650259331885e-02,1.693154885772484519e+01,1.272160070458162873e-01,9.918375712430471669e-01,-8.620894501863804460e-03,1.596632856620670227e+00,4.054170772313353543e-02,3.484643401873755136e-03,9.991717706156704182e-01,6.007463670983481663e-01,0.000000000000000000e+00,0.000000000000000000e+00,0.000000000000000000e+00,1.000000000000000056e-01
9.904403878708560871e-01,-1.317695472340286167e-01,-4.079980999915697182e-02,1.779364086255595012e+01,1.314880108900751687e-01,9.912720435615662851e-01,-9.520433049382348925e-03,1.743329078272651600e+00,4.169821418717695183e-02,4.064735540646622833e-03,9.991219829723420043e-01,6.568144080724185319e-01,0.000000000000000000e+00,0.000000000000000000e+00,0.000000000000000000e+00,1.000000000000000056e-01
9.902008325171448577e-01,-1.328959562172722930e-01,-4.290659743501031714e-02,1.869451932646782666e+01,1.325510910941473663e-01,9.911173593479607469e-01,-1.079760384883002994e-02,1.857589912241424113e+00,4.396043143673897952e-02,5.004480015153860324e-03,9.990207383471444436e-01,6.880794584179075191e-01,0.000000000000000000e+00,0.000000000000000000e+00,0.000000000000000000e+00,1.000000000000000056e-01
9.898232867308299765e-01,-1.357654020766200509e-01,-4.263351550542036211e-02,1.961286938442486871e+01,1.353503804621419560e-01,9.907190916150175886e-01,-1.248823519428694448e-02,1.981695814536129419e+00,4.393330802626459891e-02,6.590683461379451963e-03,9.990127263140251568e-01,7.474114797781806763e-01,0.000000000000000000e+00,0.000000000000000000e+00,0.000000000000000000e+00,1.000000000000000056e-01
9.878530811789071331e-01,-1.497432402308571386e-01,-4.151207066027002429e-02,2.053168569919976960e+01,1.493283656374741752e-01,9.887030056575104586e-01,-1.293854009715343818e-02,2.148691955111381446e+00,4.298056795088055909e-02,6.582447035004395167e-03,9.990542238385518026e-01,7.896954773673843242e-01,0.000000000000000000e+00,0.000000000000000000e+00,0.000000000000000000e+00,1.000000000000000056e-01
9.878591408501207205e-01,-1.499803747230446238e-01,-4.049944489491653921e-02,2.144614053742282067e+01,1.495545756277737171e-01,9.886631601561107763e-01,-1.336355712109938733e-02,2.288362999114299523e+00,4.204458047903175677e-02,7.144434761931104869e-03,9.990901912761803727e-01,8.343608304613608917e-01,0.000000000000000000e+00,0.000000000000000000e+00,0.000000000000000000e+00,1.000000000000000056e-01
9.877857318739595716e-01,-1.513036354158023566e-01,-3.723651186923918749e-02,2.239675154818714375e+01,1.509212911672512536e-01,9.884617474604230347e-01,-1.288944063552391155e-02,2.456093172850826623e+00,3.875708681822988971e-02,7.112223101736687633e-03,9.992233506598588999e-01,8.811320904645892904e-01,0.000000000000000000e+00,0.000000000000000000e+00,0.000000000000000000e+00,1.000000000000000056e-01
9.876110562175048901e-01,-1.524971199665173527e-01,-3.700040592834073772e-02,2.335758232462623241e+01,1.521270097207730043e-01,9.882801663488233190e-01,-1.263668132691587141e-02,2.615431945635771971e+00,3.849382483412390477e-02,6.851365080026166135e-03,9.992353497781091276e-01,9.333165580099042069e-01,0.000000000000000000e+00,0.000000000000000000e+00,0.000000000000000000e+00,1.000000000000000056e-01
9.877752067881624409e-01,-1.514450637121785848e-01,-3.693959301098501818e-02,2.429635175400920488e+01,1.510058904311940564e-01,9.884277017521578834e-01,-1.441871922292394491e-02,2.757379782618803787e+00,3.869576087487171939e-02,8.664357227254447166e-03,9.992134741906522066e-01,9.828924988897966841e-01,0.000000000000000000e+00,0.000000000000000000e+00,0.000000000000000000e+00,1.000000000000000056e-01
9.876626554476453101e-01,-1.514307513982315057e-01,-3.988993062256272759e-02,2.524648427799779427e+01,1.509272707250450540e-01,9.884255001648724059e-01,-1.536195219725899203e-02,2.914025166794126598e+00,4.175449659132327018e-02,9.151948141729815411e-03,9.990859842173827055e-01,1.032657220503153672e+00,0.000000000000000000e+00,0.000000000000000000e+00,0.000000000000000000e+00,1.000000000000000056e-01
9.879624827783012320e-01,-1.484588642176004059e-01,-4.347526029542539416e-02,2.619816164696054983e+01,1.478832821024237965e-01,9.888723467836547654e-01,-1.618692809652843428e-02,3.063991100685015123e+00,4.539457563575012566e-02,9.562813488055377231e-03,9.989233629768816680e-01,1.079934036845798140e+00,0.000000000000000000e+00,0.000000000000000000e+00,0.000000000000000000e+00,1.000000000000000056e-01
9.875338654576644171e-01,-1.492852817167386326e-01,-4.990760700532091698e-02,2.716339818882889290e+01,1.486884670777262329e-01,9.887628334215022852e-01,-1.548544485504185081e-02,3.216516879365878712e+00,5.165853590956186181e-02,7.871715634892223479e-03,9.986337826053371947e-01,1.144615838506436667e+00,0.000000000000000000e+00,0.000000000000000000e+00,0.000000000000000000e+00,1.000000000000000056e-01
9.872266886530786101e-01,-1.520924213085612930e-01,-4.744850462950823272e-02,2.811929104548138980e+01,1.513182811776317693e-01,9.882922864355423442e-01,-1.952266256059960459e-02,3.338786522100736232e+00,4.986224014747569350e-02,1.209346734840609228e-02,9.986828851316961186e-01,1.214200660873434590e+00,0.000000000000000000e+00,0.000000000000000000e+00,0.000000000000000000e+00,1.000000000000000056e-01
9.872694323873604239e-01,-1.532593196292208748e-01,-4.255171935806318501e-02,2.911807664802843476e+01,1.526010982737280031e-01,9.881179066324946580e-01,-1.832777667554153639e-02,3.491838289470768686e+00,4.485501843931258975e-02,1.160101456790830349e-02,9.989261453089532949e-01,1.288822652940063485e+00,0.000000000000000000e+00,0.000000000000000000e+00,0.000000000000000000e+00,1.000000000000000056e-01
9.874906456452735570e-01,-1.521365448118393859e-01,-4.143303628502279651e-02,3.006324986796590792e+01,1.513093510846869882e-01,9.882318016789672921e-01,-2.243627475035114144e-02,3.619054359898364659e+00,4.435882141594563871e-02,1.588640560534390622e-02,9.988893417589010948e-01,1.338581036545672953e+00,0.000000000000000000e+00,0.000000000000000000e+00,0.000000000000000000e+00,1.000000000000000056e-01
9.868563470912602442e-01,-1.556712513296748257e-01,-4.337063194314120379e-02,3.099198103027346463e+01,1.544507993012409763e-01,9.875382692227244741e-01,-3.021783274481474810e-02,3.751702593499893545e+00,4.753420664008160129e-02,2.312203126974446063e-02,9.986019581740559481e-01,1.402005165600472170e+00,0.000000000000000000e+00,0.000000000000000000e+00,0.000000000000000000e+00,1.000000000000000056e-01
9.864382732042455970e-01,-1.574033168333828503e-01,-4.651590058975444558e-02,3.195354312366291438e+01,1.560568397932002582e-01,9.872518112644323995e-01,-3.130693068406868035e-02,3.902347070106048310e+00,5.085072183937657669e-02,2.362323019714598210e-02,9.984268361194359453e-01,1.453176752300943120e+00,0.000000000000000000e+00,0.000000000000000000e+00,0.000000000000000000e+00,1.000000000000000056e-01
9.860791474201512363e-01,-1.585216441118794950e-01,-5.018768146880491637e-02,3.292875345723319214e+01,1.570876079332502451e-01,9.870866988583022472e-01,-3.135813085674427764e-02,4.057352558784343977e+00,5.451053528408119492e-02,2.303773611025746598e-02,9.982473963191474953e-01,1.504017690337056790e+00,0.000000000000000000e+00,0.000000000000000000e+00,0.000000000000000000e+00,1.000000000000000056e-01
9.860596880789890273e-01,-1.579586423157511854e-01,-5.230065834510577716e-02,3.389007425880655688e+01,1.564074377067627974e-01,9.871559019638181942e-01,-3.255669897280412395e-02,4.216526463829530336e+00,5.677151552999112893e-02,2.392263647186996037e-02,9.981005472840212001e-01,1.562984082585281875e+00,0.000000000000000000e+00,0.000000000000000000e+00,0.000000000000000000e+00,1.000000000000000056e-01
9.854017924939846296e-01,-1.624614255394787043e-01,-5.088803947218418361e-02,3.484532528561768316e+01,1.608949402652566085e-01,9.864019392048880563e-01,-3.352659436739446192e-02,4.365874394284608329e+00,5.564283913210812255e-02,2.484953811475613950e-02,9.981414603696219245e-01,1.636950536309746074e+00,0.000000000000000000e+00,0.000000000000000000e+00,0.000000000000000000e+00,1.000000000000000056e-01
9.848629178400115647e-01,-1.652304300332991249e-01,-5.238261214057201437e-02,3.582895108359041103e+01,1.635805253507602308e-01,9.859304701115307878e-01,-3.438778608205550480e-02,4.553019523966022497e+00,5.732752209565527418e-02,2.529848012563144441e-02,9.980348401301956107e-01,1.698048413421488156e+00,0.000000000000000000e+00,0.000000000000000000e+00,0.000000000000000000e+00,1.000000000000000056e-01
9.844858373404404839e-01,-1.676166016218064159e-01,-5.188748343144398978e-02,3.680528689274322574e+01,1.659031837587392477e-01,9.854933121604412261e-01,-3.576402250526661969e-02,4.710302736429323289e+00,5.712941181918233802e-02,2.660087494425437613e-02,9.980123364755539850e-01,1.776574902152088464e+00,0.000000000000000000e+00,0.000000000000000000e+00,0.000000000000000000e+00,1.000000000000000056e-01
9.842420682874474247e-01,-1.691187846906239967e-01,-5.163707658276291135e-02,3.780460990418130507e+01,1.674079347022027486e-01,9.852352213008850335e-01,-3.586282346580133007e-02,4.882967507564740295e+00,5.693974369445987949e-02,2.665324319782808385e-02,9.980217784272278347e-01,1.844588126144036888e+00,0.000000000000000000e+00,0.000000000000000000e+00,0.000000000000000000e+00,1.000000000000000056e-01
9.843524052872194563e-01,-1.693236929619216513e-01,-4.878349318163358039e-02,3.877960048317864761e+01,1.677503641353868813e-01,9.852169487721166297e-01,-3.474736226831683789e-02,5.049630578928987035e+00,5.394587600281153250e-02,2.602020088118885827e-02,9.982047844046790797e-01,1.922951119948473231e+00,0.000000000000000000e+00,0.000000000000000000e+00,0.000000000000000000e+00,1.000000000000000056e-01
9.840812661839172248e-01,-1.708697932158785571e-01,-4.886282136984337193e-02,3.977760392140955759e+01,1.694945560812161911e-01,9.850417032683411733e-01,-3.105540663132038900e-02,5.239814301597226276e+00,5.343834769797595891e-02,2.227906166264882401e-02,9.983225863450861937e-01,1.982257496624469262e+00,0.000000000000000000e+00,0.000000000000000000e+00,0.000000000000000000e+00,1.000000000000000056e-01
9.830775543952527951e-01,-1.751249241732594220e-01,-5.375670169903479234e-02,4.077542618658570461e+01,1.733736973659185665e-01,9.842084953918364132e-01,-3.570992383369505502e-02,5.433290071161566814e+00,5.916150020004352916e-02,2.578562645831126293e-02,9.979153362696820961e-01,2.067762134194991219e+00,0.000000000000000000e+00,0.000000000000000000e+00,0.000000000000000000e+00,1.000000000000000056e-01
9.829100674843310737e-01,-1.758113173851916788e-01,-5.457270304127514321e-02,4.179305155335348587e+01,1.742380131920666098e-01,9.841704764849383835e-01,-3.239734517349569104e-02,5.610451749588523995e+00,5.940466308993786609e-02,2.233503737836138245e-02,9.979840840957726611e-01,2.158946951410362747e+00,0.000000000000000000e+00,0.000000000000000000e+00,0.000000000000000000e+00,1.000000000000000056e-01
9.821433196670296129e-01,-1.789822723414944139e-01,-5.796417704843283975e-02,4.280919164684528511e+01,1.772413205376997258e-01,9.835819870024695710e-01,-3.394096548901051613e-02,5.793034783725797610e+00,6.308735156494785223e-02,2.306124523413561125e-02,9.977415321819432803e-01,2.238666814409260741e+00,0.000000000000000000e+00,0.000000000000000000e+00,0.000000000000000000e+00,1.000000000000000056e-01
9.828862584222095578e-01,-1.741197862765773430e-01,-6.014069364239623544e-02,4.381515526432868768e+01,1.722833856249341433e-01,9.844424523367282243e-01,-3.451801087633547122e-02,5.919771553621476556e+00,6.521532061103253730e-02,2.356603624387453022e-02,9.975929048932498100e-01,2.322005116475462483e+00,0.000000000000000000e+00,0.000000000000000000e+00,0.000000000000000000e+00,1.000000000000000056e-01
9.825601512893999967e-01,-1.768649966527043871e-01,-5.739618504038586366e-02,4.480732664742316729e+01,1.749462058100510475e-01,9.838851364924461329e-01,-3.693051938313267335e-02,6.106761549668092037e+00,6.300296953968613500e-02,2.624521191149983834e-02,9.976681886684078959e-01,2.416481160450949517e+00,0.000000000000000000e+00,0.000000000000000000e+00,0.000000000000000000e+00,1.000000000000000056e-01
9.825637726648936976e-01,-1.771294490910524932e-01,-5.651186522520145611e-02,4.578664896043354560e+01,1.752681065930883908e-01,9.838480484104531465e-01,-3.638830100755599539e-02,6.269643697699725848e+00,6.204452802467678302e-02,2.584909870078512181e-02,9.977385933392334261e-01,2.491207677295503409e+00,0.000000000000000000e+00,0.000000000000000000e+00,0.000000000000000000e+00,1.000000000000000056e-01
9.815629863524186760e-01,-1.813627993115536907e-01,-6.034599281475707538e-02,4.670344274114954430e+01,1.795035407045202369e-01,9.831356428276561976e-01,-3.496836679617409960e-02,6.448540150101188750e+00,6.567025732751664846e-02,2.349133516274097208e-02,9.975648221919263259e-01,2.576728668395759758e+00,0.000000000000000000e+00,0.000000000000000000e+00,0.000000000000000000e+00,1.000000000000000056e-01
9.814009973904876949e-01,-1.803156981774031442e-01,-6.586601029174088406e-02,4.766446155642951510e+01,1.782673692433261181e-01,9.833305330141859368e-01,-3.580234496650532006e-02,6.612462657293202817e+00,7.122378383671906787e-02,2.339469668178413217e-02,9.971859710120011266e-01,2.637432755708599696e+00,0.000000000000000000e+00,0.000000000000000000e+00,0.000000000000000000e+00,1.000000000000000056e-01
9.813226260904382992e-01,-1.808350342823185353e-01,-6.560940404453102781e-02,4.861541621441993755e+01,1.785526704186761460e-01,9.831501889189458998e-01,-3.917460803889058485e-02,6.790306176060233234e+00,7.158803956894929654e-02,2.672819494005880536e-02,9.970761035076113332e-01,2.723741855262280520e+00,0.000000000000000000e+00,0.000000000000000000e+00,0.000000000000000000e+00,1.000000000000000056e-01
9.818512635157230495e-01,-1.786663163501778229e-01,-6.361166350942502878e-02,4.958517819103293078e+01,1.764267324284880534e-01,9.835296227052928719e-01,-3.928217592994172336e-02,6.994653185778258120e+00,6.958235708270314734e-02,2.734645613315185922e-02,9.972013171470306414e-01,2.811953307977514971e+00,0.000000000000000000e+00,0.000000000000000000e+00,0.000000000000000000e+00,1.000000000000000056e-01
9.827449393252540855e-01,-1.740948718921074834e-01,-6.247687421336998309e-02,5.058205593998814464e+01,1.718750023284746353e-01,9.843328368364614445e-01,-3.934272359752237491e-02,7.182481065974678280e+00,6.834740525571848802e-02,2.792564961383858790e-02,9.972706705245349967e-01,2.911689046241583423e+00,0.000000000000000000e+00,0.000000000000000000e+00,0.000000000000000000e+00,1.000000000000000056e-01
9.826471549256480253e-01,-1.748890640514525197e-01,-6.179307559699807884e-02,5.151515254196987570e+01,1.723245385811412456e-01,9.840261868756305930e-01,-4.468463881249779002e-02,7.363843140723916214e+00,6.862085921442655223e-02,3.326076995821887483e-02,9.970882101712266188e-01,2.991593854930176377e+00,0.000000000000000000e+00,0.000000000000000000e+00,0.000000000000000000e+00,1.000000000000000056e-01
9.831397581771157412e-01,-1.719648746225380387e-01,-6.216347631444971156e-02,5.245179097466965601e+01,1.693815355160153413e-01,9.845355361927403681e-01,-4.471770790089821257e-02,7.532568570219012827e+00,6.889202651743669970e-02,3.343441146076903125e-02,9.970637034876923543e-01,3.069391083745344417e+00,0.000000000000000000e+00,0.000000000000000000e+00,0.000000000000000000e+00,1.000000000000000056e-01
9.833616296946028346e-01,-1.713143684754892260e-01,-6.042592488509549581e-02,5.343306574494637573e+01,1.686779158352015029e-01,9.845803533464475565e-01,-4.636041968831980387e-02,7.704854214588808148e+00,6.743638449581636218e-02,3.539653878599956227e-02,9.970954914591197982e-01,3.165184648242262089e+00,0.000000000000000000e+00,0.000000000000000000e+00,0.000000000000000000e+00,1.000000000000000056e-01
9.819629183149475304e-01,-1.794556087798908350e-01,-5.953580042151569718e-02,5.439867320072206525e+01,1.767104213866135531e-01,9.830626367566838164e-01,-4.859299523966299772e-02,7.882785942292678705e+00,6.724770648696697106e-02,3.719592303512847531e-02,9.970427319236661035e-01,3.241633683581086611e+00,0.000000000000000000e+00,0.000000000000000000e+00,0.000000000000000000e+00,1.000000000000000056e-01
9.821947631604678319e-01,-1.796437575920210861e-01,-5.496878731036117238e-02,5.531688803611333327e+01,1.770297819226588076e-01,9.829725317879981494e-01,-4.924893971151855787e-02,8.046466163730940480e+00,6.288007261898180544e-02,3.864093824575287606e-02,9.972727682830407892e-01,3.321052423053141300e+00,0.000000000000000000e+00,0.000000000000000000e+00,0.000000000000000000e+00,1.000000000000000056e-01
9.822062188753161172e-01,-1.809616319139103202e-01,-5.023774853343833391e-02,5.623430768091253640e+01,1.785463573737537113e-01,9.827090149990631573e-01,-4.903254131834217794e-02,8.235297419048155376e+00,5.824209707091924926e-02,3.919030000683252496e-02,9.975329460795548941e-01,3.407046912386464843e+00,0.000000000000000000e+00,0.000000000000000000e+00,0.000000000000000000e+00,1.000000000000000056e-01
9.822681176364740363e-01,-1.814997861723394168e-01,-4.698055655580315321e-02,5.714404638882311360e+01,1.796351820015780199e-01,9.828661574670621848e-01,-4.129549482924423087e-02,8.415029776160400488e+00,5.367072257905500937e-02,3.212388714535134582e-02,9.980418375060811087e-01,3.491275872400187108e+00,0.000000000000000000e+00,0.000000000000000000e+00,0.000000000000000000e+00,1.000000000000000056e-01
9.815061097453433581e-01,-1.849780053902686239e-01,-4.928381128118845822e-02,5.800206885274181445e+01,1.831018117696829040e-01,9.822703265063633671e-01,-4.023347103770485989e-02,8.588465797705145732e+00,5.585233262113277475e-02,3.046544250326889414e-02,9.979741348120493294e-01,3.575947073469076809e+00,0.000000000000000000e+00,0.000000000000000000e+00,0.000000000000000000e+00,1.000000000000000056e-01
9.810207374349223519e-01,-1.860298624651085531e-01,-5.469189148177235060e-02,5.890894322357469548e+01,1.840251089783394578e-01,9.821195851609502148e-01,-3.969735140778817700e-02,8.787198684161172224e+00,6.109887059636588680e-02,2.887924366211693655e-02,9.977138453972425047e-01,3.642208018221649191e+00,0.000000000000000000e+00,0.000000000000000000e+00,0.000000000000000000e+00,1.000000000000000056e-01
9.804081187388180574e-01,-1.873232555950141709e-01,-6.090910132563623347e-02,5.987915120135992453e+01,1.851799222031059178e-01,9.819240087714093956e-01,-3.916168294566399477e-02,8.969027093759308400e+00,6.714400288829422414e-02,2.711528925846208235e-02,9.973747760819734465e-01,3.717231488059905775e+00,0.000000000000000000e+00,0.000000000000000000e+00,0.000000000000000000e+00,1.000000000000000056e-01
9.809801772196538039e-01,-1.844719223842763711e-01,-6.039869000190442594e-02,6.078791764207427661e+01,1.825430015405060391e-01,9.825356478476057198e-01,-3.607981842067042172e-02,9.177435269684927732e+00,6.599957947350457155e-02,2.436822850630001452e-02,9.975220523621446400e-01,3.793388390700006774e+00,0.000000000000000000e+00,0.000000000000000000e+00,0.000000000000000000e+00,1.000000000000000056e-01
9.806233628007426928e-01,-1.873782653479283411e-01,-5.715947869395245073e-02,6.172372209514755070e+01,1.856246426056935572e-01,9.820102606047625970e-01,-3.463149035884566240e-02,9.378358097951293715e+00,6.262038315813461820e-02,2.335024073040005768e-02,9.977642275963599650e-01,3.872579862549929697e+00,0.000000000000000000e+00,0.000000000000000000e+00,0.000000000000000000e+00,1.000000000000000056e-01
9.799710925301318154e-01,-1.910252152972863882e-01,-5.626744108207937245e-02,6.261115407072269790e+01,1.891998958914927753e-01,9.812709702644404341e-01,-3.620334668137724365e-02,9.571062142687267738e+00,6.212935859920164228e-02,2.483243920578626085e-02,9.977591356450427051e-01,3.953167315680548910e+00,0.000000000000000000e+00,0.000000000000000000e+00,0.000000000000000000e+00,1.000000000000000056e-01
9.793512612725245869e-01,-1.945202917507211915e-01,-5.507234461260582248e-02,6.343799458140546221e+01,1.928050781038014583e-01,9.806140279175202812e-01,-3.496183789167392475e-02,9.739995010602262582e+00,6.080550058425897297e-02,2.362169233122347195e-02,9.978700851063262434e-01,4.020513105839595092e+00,0.000000000000000000e+00,0.000000000000000000e+00,0.000000000000000000e+00,1.000000000000000056e-01
9.785450594411428948e-01,-1.985931444507179344e-01,-5.486647082240962703e-02,6.426495984023718222e+01,1.968825863516217300e-01,9.798003120538647526e-01,-3.505132937058799691e-02,9.895843812344944368e+00,6.071913894997409133e-02,2.349705250293131209e-02,9.978782865103580368e-01,4.081979773153791236e+00,0.000000000000000000e+00,0.000000000000000000e+00,0.000000000000000000e+00,1.000000000000000056e-01
9.779691507780687854e-01,-2.014655995858148363e-01,-5.466216525121397191e-02,6.507224156287016115e+01,1.998630425990252646e-01,9.792541513127950292e-01,-3.340765390921298511e-02,1.005704688188800944e+01,6.025864526757227640e-02,2.174670826092231848e-02,9.979458784675305782e-01,4.145749356351870141e+00,0.000000000000000000e+00,0.000000000000000000e+00,0.000000000000000000e+00,1.000000000000000056e-01
9.773047658397889803e-01,-2.041747332990863917e-01,-5.646302284754241285e-02,6.586991019736460373e+01,2.024084302117234169e-01,9.786586845356516351e-01,-3.546838820941634191e-02,1.022350193656292383e+01,6.249977636808834447e-02,2.323483301413863805e-02,9.977744837831562519e-01,4.217931064121967388e+00,0.000000000000000000e+00,0.000000000000000000e+00,0.000000000000000000e+00,1.000000000000000056e-01
9.764570752462600201e-01,-2.084626507341154622e-01,-5.545181196702148041e-02,6.662684594645836000e+01,2.067731294270711562e-01,9.777733984704684023e-01,-3.469948400835751179e-02,1.037848514258850940e+01,6.145285305382823526e-02,2.241661197453260340e-02,9.978582275850251815e-01,4.285012790062084242e+00,0.000000000000000000e+00,0.000000000000000000e+00,0.000000000000000000e+00,1.000000000000000056e-01
9.756753919468051928e-01,-2.128750931927949896e-01,-5.236147675158556170e-02,6.741548029237702622e+01,2.112605930396014575e-01,9.768132835840731554e-01,-3.470980902075035401e-02,1.054935987388659058e+01,5.853623986902374565e-02,2.280358988975009216e-02,9.980248017510067182e-01,4.356081558650658714e+00,0.000000000000000000e+00,0.000000000000000000e+00,0.000000000000000000e+00,1.000000000000000056e-01
9.716545410742991606e-01,-2.307351953260973754e-01,-5.146574052241676550e-02,6.822249073606916170e+01,2.293957722234333252e-01,9.728505378192587871e-01,-3.064980833208690372e-02,1.075832412812273553e+01,5.714046285871108438e-02,1.797500215873849491e-02,9.982043211696118856e-01,4.422007648302984428e+00,0.000000000000000000e+00,0.000000000000000000e+00,0.000000000000000000e+00,1.000000000000000056e-01
9.707612127735265606e-01,-2.349092752934535122e-01,-4.939939428349643391e-02,6.895947721611297254e+01,2.336690680452446212e-01,9.718649164946289165e-01,-2.962010678162226365e-02,1.092125857366640140e+01,5.496757601840110419e-02,1.721094035758479260e-02,9.983397964213732712e-01,4.490630697286356998e+00,0.000000000000000000e+00,0.000000000000000000e+00,0.000000000000000000e+00,1.000000000000000056e-01
9.705433819635860271e-01,-2.350412705070152874e-01,-5.292584326331414152e-02,6.963452953059069728e+01,2.339146368985793867e-01,9.718918655518460348e-01,-2.664853314458847516e-02,1.109436752576296392e+01,5.770170163253936918e-02,1.348342807302836677e-02,9.982428115424166748e-01,4.546405513692460154e+00,0.000000000000000000e+00,0.000000000000000000e+00,0.000000000000000000e+00,1.000000000000000056e-01
9.695610058756376493e-01,-2.382155107297329599e-01,-5.661118558371875525e-02,7.029941224163442826e+01,2.369296523528207632e-01,9.711077760708812789e-01,-2.853115999461874885e-02,1.127712073784038971e+01,6.177212738277088749e-02,1.424983166354980291e-02,9.979885503231824551e-01,4.599225786105593627e+00,0.000000000000000000e+00,0.000000000000000000e+00,0.000000000000000000e+00,1.000000000000000056e-01
9.683526111475833087e-01,-2.417555284239744640e-01,-6.202809814996804866e-02,7.101996232840195944e+01,2.401792144370913373e-01,9.702064429936417822e-01,-3.183399010502811766e-02,1.146349902608542237e+01,6.787610357142563611e-02,1.592866755476417956e-02,9.975665953277961240e-01,4.659625774062710946e+00,0.000000000000000000e+00,0.000000000000000000e+00,0.000000000000000000e+00,1.000000000000000056e-01
9.667698854963524546e-01,-2.474562965160934935e-01,-6.419789569689010600e-02,7.173594820884494538e+01,2.458528692575809582e-01,9.687820235015855985e-01,-3.190231367766440534e-02,1.165006876963069793e+01,7.008819569074647982e-02,1.505895928384499982e-02,9.974271264458888231e-01,4.718206088420023647e+00,0.000000000000000000e+00,0.000000000000000000e+00,0.000000000000000000e+00,1.000000000000000056e-01
9.664612289844327631e-01,-2.493785085375107846e-01,-6.134372298374528992e-02,7.240544124242823898e+01,2.479000003430314736e-01,9.682972482536459369e-01,-3.075758206267471817e-02,1.181587212954602073e+01,6.706923810380441275e-02,1.451890161216887014e-02,9.976426809214566926e-01,4.790744757392742414e+00,0.000000000000000000e+00,0.000000000000000000e+00,0.000000000000000000e+00,1.000000000000000056e-01
9.648097674299166426e-01,-2.564123039695681561e-01,-5.826528164222670447e-02,7.297282203006606949e+01,2.549009171820417752e-01,9.664320271461753764e-01,-3.216612077773892825e-02,1.197684474172079483e+01,6.455722338812341921e-02,1.618231377621933559e-02,9.977827908063277018e-01,4.838902768105299401e+00,0.000000000000000000e+00,0.000000000000000000e+00,0.000000000000000000e+00,1.000000000000000056e-01
9.651099723567927446e-01,-2.545156802512774097e-01,-6.151836931925501462e-02,7.350488392515104863e+01,2.527435391105321005e-01,9.668934980630534692e-01,-3.518048949737425518e-02,1.210031158967025000e+01,6.843569752222643243e-02,1.840467086425201515e-02,9.974857509734286198e-01,4.889508424014567645e+00,0.000000000000000000e+00,0.000000000000000000e+00,0.000000000000000000e+00,1.000000000000000056e-01
9.641441564367609907e-01,-2.581216755460725709e-01,-6.163802578063752591e-02,7.412681624360000399e+01,2.557885334719864900e-01,9.657636045576533101e-01,-4.327685589387337411e-02,1.225434401047663080e+01,7.069845651141858089e-02,2.595882749849604682e-02,9.971599006788260944e-01,4.954107293658126743e+00,0.000000000000000000e+00,0.000000000000000000e+00,0.000000000000000000e+00,1.000000000000000056e-01
9.637531433781851842e-01,-2.581482603532261333e-01,-6.737473046528767717e-02,7.471235681844081000e+01,2.552594198975879358e-01,9.656507074575562122e-01,-4.859361830804675986e-02,1.240067802060729463e+01,7.760481416905816443e-02,2.963421777817412325e-02,9.965436799029241399e-01,5.010877931989731415e+00,0.000000000000000000e+00,0.000000000000000000e+00,0.000000000000000000e+00,1.000000000000000056e-01
9.646110962353420248e-01,-2.549072319817470844e-01,-6.743690460760695671e-02,7.528826679366983399e+01,2.522707952212588922e-01,9.665992083149795855e-01,-4.522627956496488161e-02,1.253279437779797689e+01,7.671296434166352540e-02,2.661340955718564244e-02,9.966979720726114600e-01,5.074385419235724726e+00,0.000000000000000000e+00,0.000000000000000000e+00,0.000000000000000000e+00,1.000000000000000056e-01
9.647282711510003494e-01,-2.552148139404402105e-01,-6.453496406869960178e-02,7.585743286965372079e+01,2.526390783064018652e-01,9.664912714282971606e-01,-4.547656941113133178e-02,1.270007975335018813e+01,7.397877367524835490e-02,2.756847834502616779e-02,9.968786887316060108e-01,5.115551168372463486e+00,0.000000000000000000e+00,0.000000000000000000e+00,0.000000000000000000e+00,1.000000000000000056e-01
9.653230460880264374e-01,-2.534087526493307152e-01,-6.273293211738362185e-02,7.644080902575923631e+01,2.506884481412404719e-01,9.668714131099799269e-01,-4.811416090141391877e-02,1.282670872514025184e+01,7.284722822366362927e-02,3.071928696146562776e-02,9.968699046258285845e-01,5.169083028454855899e+00,0.000000000000000000e+00,0.000000000000000000e+00,0.000000000000000000e+00,1.000000000000000056e-01
9.659460674901255706e-01,-2.521880764225217786e-01,-5.787373161176026515e-02,7.703313865559093188e+01,2.493274386432354217e-01,9.670031519453008428e-01,-5.235200538142766730e-02,1.296137283341780666e+01,6.916663241741233259e-02,3.613970445592571551e-02,9.969502990229116568e-01,5.230375253992606943e+00,0.000000000000000000e+00,0.000000000000000000e+00,0.000000000000000000e+00,1.000000000000000056e-01
9.676586960358120049e-01,-2.463182901966240179e-01,-5.444215187594623334e-02,7.760579165586219119e+01,2.435255231540854604e-01,9.684366234245282978e-01,-5.315849868673205858e-02,1.307681143268841950e+01,6.581768424064204925e-02,3.818123000520058652e-02,9.971009106988565351e-01,5.301473625503297704e+00,0.000000000000000000e+00,0.000000000000000000e+00,0.000000000000000000e+00,1.000000000000000056e-01
9.698097577823280302e-01,-2.380740017417398435e-01,-5.281858957655202746e-02,7.810436320722777737e+01,2.355350804420748567e-01,9.705752993376665083e-01,-5.006809559734055892e-02,1.322375125902615167e+01,6.318433026730219115e-02,3.611589691912917011e-02,9.973481751115802485e-01,5.355729524266124031e+00,0.000000000000000000e+00,0.000000000000000000e+00,0.000000000000000000e+00,1.000000000000000056e-01
9.728614543013895943e-01,-2.250303145933438276e-01,-5.386973406845400186e-02,7.860795441902354241e+01,2.225439811324374517e-01,9.737167752697859502e-01,-4.847492155676455527e-02,1.333522508072345403e+01,6.336219058958235395e-02,3.517099760072030235e-02,9.973706601517108306e-01,5.399304597302855058e+00,0.000000000000000000e+00,0.000000000000000000e+00,0.000000000000000000e+00,1.000000000000000056e-01
9.768482810296285068e-01,-2.070913562680453679e-01,-5.367127731404891522e-02,7.907609627747393688e+01,2.051795507560476017e-01,9.779457841244728611e-01,-3.903069644160201551e-02,1.344813241038722040e+01,6.057051924002733456e-02,2.711482015856835764e-02,9.977955696067015712e-01,5.441105909212929248e+00,0.000000000000000000e+00,0.000000000000000000e+00,0.000000000000000000e+00,1.000000000000000056e-01
9.813246883793272923e-01,-1.853799057166023168e-01,-5.134341762796600095e-02,7.955920499012069058e+01,1.833676492281753057e-01,9.821678487756914100e-01,-4.150448226232163890e-02,1.352520764027496369e+01,5.812195104905686083e-02,3.131465132863752582e-02,9.978182356613938264e-01,5.490410750997205547e+00,0.000000000000000000e+00,0.000000000000000000e+00,0.000000000000000000e+00,1.000000000000000056e-01
9.850396026073329203e-01,-1.646180639154393999e-01,-5.096934694421791784e-02,8.011300187251022464e+01,1.625855095802818118e-01,9.858099548379208876e-01,-4.176942682125727585e-02,1.367247080713293883e+01,5.712209178337079168e-02,3.285766235124749218e-02,9.978263579677094652e-01,5.545681068947233783e+00,0.000000000000000000e+00,0.000000000000000000e+00,0.000000000000000000e+00,1.000000000000000056e-01
9.892705943864139595e-01,-1.374439200925275939e-01,-4.952635573056171636e-02,8.060813870219912758e+01,1.355141659769459883e-01,9.899500884965510838e-01,-4.043183282072983914e-02,1.378463876484310724e+01,5.458572983778806065e-02,3.328650049599091859e-02,9.979541106598071032e-01,5.585374962598199211e+00,0.000000000000000000e+00,0.000000000000000000e+00,0.000000000000000000e+00,1.000000000000000056e-01
9.929228892529202710e-01,-1.075455614021964545e-01,-5.037944243756041496e-02,8.108768253195461284e+01,1.054397799109238754e-01,9.935064339779164921e-01,-4.274831525124341003e-02,1.382182912034910061e+01,5.464969176462941558e-02,3.713378336730785434e-02,9.978148592413629281e-01,5.613222498180215680e+00,0.000000000000000000e+00,0.000000000000000000e+00,0.000000000000000000e+00,1.000000000000000056e-01
