1.000000000000000000e+00,0.000000000000000000e+00,0.000000000000000000e+00,0.000000000000000000e+00,0.000000000000000000e+00,1.000000000000000000e+00,0.000000000000000000e+00,0.000000000000000000e+00,0.000000000000000000e+00,0.000000000000000000e+00,1.000000000000000000e+00,0.000000000000000000e+00,0.000000000000000000e+00,0.000000000000000000e+00,0.000000000000000000e+00,1.000000000000000000e+00
9.999986408837200358e-01,-1.625712953792205883e-03,-2.743867795835247406e-04,6.752053754345771486e-01,1.625744666655470558e-03,9.999986718183943024e-01,1.153937857112060018e-04,-3.145049854842496551e-02,2.741988179758344927e-04,-1.158397117211595466e-04,9.999999556980838644e-01,9.748711367077556034e-03,0.000000000000000000e+00,0.000000000000000000e+00,0.000000000000000000e+00,1.000000000000000000e+00
9.999844586054209561e-01,-5.487614835618117269e-03,-9.841905507028440251e-04,1.344792641540030420e+00,5.488896838419018293e-03,9.999840848101408941e-01,1.304660078594950014e-03,-5.718731717779691054e-03,9.770154151206385165e-04,-1.310041922760046178e-03,9.999986646146279412e-01,1.987155121545041217e-02,0.000000000000000000e+00,0.000000000000000000e+00,0.000000000000000000e+00,1.000000000000000000e+00
9.999489629824920289e-01,-9.926104792294200563e-03,-1.882517965752897142e-03,2.062133843397197630e+00,9.925299166279053301e-03,9.999506475980072251e-01,-4.368120695648699419e-04,1.944879160528293835e-03,1.886760901346534866e-03,4.181052219836039118e-04,9.999981326589185704e-01,1.628851181378812921e-02,0.000000000000000000e+00,0.000000000000000000e+00,0.000000000000000000e+00,1.000000000000000000e+00
9.998899805771712668e-01,-1.441275641676047561e-02,-3.507020652293134019e-03,2.749144816445913797e+00,1.441034558149359608e-02,9.998959122711001957e-01,-7.117329310148828858e-04,1.567783771052740083e-02,3.516913647846739346e-03,6.611172470076939409e-04,9.999935971006909119e-01,2.062658475986631212e-02,0.000000000000000000e+00,0.000000000000000000e+00,0.000000000000000000e+00,1.000000000000000000e+00
9.998136595488872347e-01,-1.915449233158997289e-02,-2.398249983100266859e-03,3.450641270879909683e+00,1.915163000139733646e-02,9.998158575128109904e-01,-1.210840291215699912e-03,2.691386163541329563e-02,2.421001394456352446e-03,1.164684266362486786e-03,9.999963911248916926e-01,2.396419237017242965e-02,0.000000000000000000e+00,0.000000000000000000e+00,0.000000000000000000e+00,1.000000000000000000e+00
9.996251859976630350e-01,-2.706456412646301643e-02,-4.122728196589127772e-03,4.189395110288316459e+00,2.705914626403051887e-02,9.996329032454073227e-01,-1.364313973690367294e-03,2.273766356286547816e-02,4.158139319477669946e-03,1.252245104431242003e-03,9.999905708353442613e-01,2.538305035266337842e-02,0.000000000000000000e+00,0.000000000000000000e+00,0.000000000000000000e+00,1.000000000000000000e+00
9.996206809596925869e-01,-2.737822744782347079e-02,-2.987785048424127735e-03,4.961195029832418335e+00,2.738423041254492082e-02,9.996230066255252789e-01,1.987095784409689900e-03,6.206531082246817543e-02,2.932255512910342601e-03,-2.068160235332801300e-03,9.999935622747014863e-01,2.766107357191761179e-02,0.000000000000000000e+00,0.000000000000000000e+00,0.000000000000000000e+00,1.000000000000000000e+00
9.995870419018287878e-01,-2.855369240219192417e-02,-3.229909000610810006e-03,5.713117809393411406e+00,2.856252821862916361e-02,9.995882978108533434e-01,2.723391517712395876e-03,1.011921029165219199e-01,3.150816356317023923e-03,-2.814521238104049014e-03,9.999910753734194691e-01,4.193362796228866651e-02,0.000000000000000000e+00,0.000000000000000000e+00,0.000000000000000000e+00,1.000000000000000000e+00
9.994818658539708078e-01,-3.216625391964189618e-02,-1.154096114533368104e-03,6.476647330398080271e+00,3.216824328525427074e-02,9.994809383727679686e-01,1.748700497737541455e-03,1.495684770829579513e-01,1.097247923286555262e-03,-1.784919680885166436e-03,9.999978050519544581e-01,4.529603414793612060e-02,0.000000000000000000e+00,0.000000000000000000e+00,0.000000000000000000e+00,1.000000000000000000e+00
9.993689128473596250e-01,-3.550376540300671097e-02,1.121907524392532331e-03,7.268196778954424175e+00,3.550137933618379565e-02,9.993674636327857241e-01,2.079590680940874084e-03,1.743271002326804153e-01,-1.195031176753098747e-03,-2.038449013375607383e-03,9.999972083091559494e-01,5.639620286887191136e-02,0.000000000000000000e+00,0.000000000000000000e+00,0.000000000000000000e+00,1.000000000000000000e+00
9.993312978240878053e-01,-3.655417463019461355e-02,8.657403350054951752e-04,8.054304505548801174e+00,3.655187344631665586e-02,9.993285304849056638e-01,2.539430338107363794e-03,1.967240779838322906e-01,-9.579857968029328354e-04,-2.506087784351958107e-03,9.999964008871377041e-01,6.384142995883095029e-02,0.000000000000000000e+00,0.000000000000000000e+00,0.000000000000000000e+00,1.000000000000000000e+00
9.992888164006966667e-01,-3.770602590943913229e-02,-3.420915214719745848e-04,8.883600437838147457e+00,3.770661737174638845e-02,9.992869909092699787e-01,1.928939054323240308e-03,2.474584689397454074e-01,2.691149811472727874e-04,-1.940466338609755969e-03,9.999980810819159016e-01,8.406420612537415793e-02,0.000000000000000000e+00,0.000000000000000000e+00,0.000000000000000000e+00,1.000000000000000000e+00
9.992138638248484472e-01,-3.964357596375966269e-02,2.030394568568455861e-04,9.645626375425097265e+00,3.964309497331803406e-02,9.992119248922393115e-01,1.988510518065049384e-03,3.106437924053356281e-01,-2.817111142926403207e-04,-1.978898165540359834e-03,9.999980022984528150e-01,9.475119925390754205e-02,0.000000000000000000e+00,0.000000000000000000e+00,0.000000000000000000e+00,1.000000000000000000e+00
9.990623944945018486e-01,-4.329344849281264312e-02,-9.604431698002078091e-05,1.042248647396948158e+01,4.329355476143575965e-02,9.990601758182902081e-01,2.105518948875857894e-03,3.610679602989046999e-01,4.798876044620442996e-06,-2.107702902613896312e-03,9.999977787802547535e-01,1.017624565718224239e-01,0.000000000000000000e+00,0.000000000000000000e+00,0.000000000000000000e+00,1.000000000000000000e+00
9.990091730370946888e-01,-4.449770769972004325e-02,7.913262350656008470e-04,1.119494556597028101e+01,4.449843042076205568e-02,9.990090302403649147e-01,-9.204283206259878270e-04,3.539254516834845488e-01,-7.495851043268749250e-04,9.547291108399411476e-04,9.999992633069760828e-01,1.214256240642688917e-01,0.000000000000000000e+00,0.000000000000000000e+00,0.000000000000000000e+00,1.000000000000000000e+00
9.989754612297063741e-01,-4.523712193938205645e-02,-1.276972802189727321e-03,1.205918101463566927e+01,4.523631700890227286e-02,9.989761008432246348e-01,-6.523553756412670858e-04,4.026877435547087103e-01,1.305175990490044366e-03,5.939214657755751943e-04,9.999989718859337851e-01,1.260817252844161351e-01,0.000000000000000000e+00,0.000000000000000000e+00,0.000000000000000000e+00,1.000000000000000000e+00
9.987766557289985414e-01,-4.932537059369060395e-02,-3.492819290051497015e-03,1.294947670127323391e+01,4.932888020045032157e-02,9.987821606355400395e-01,9.258371185333992342e-04,4.919463125583349861e-01,3.442898338246081977e-03,-1.097001365319057783e-03,9.999934714982069428e-01,1.465881972322999049e-01,0.000000000000000000e+00,0.000000000000000000e+00,0.000000000000000000e+00,1.000000000000000000e+00
9.988466202541751437e-01,-4.799315308219151421e-02,-1.444459774950267736e-03,1.381427575840294608e+01,4.799717820777592986e-02,9.988432775294483479e-01,2.894446116108631128e-03,5.508157143087242247e-01,1.303875340332228024e-03,-2.960437713814915387e-03,9.999947678451313049e-01,1.439777288486619733e-01,0.000000000000000000e+00,0.000000000000000000e+00,0.000000000000000000e+00,1.000000000000000000e+00
9.982058374568946180e-01,-5.986116509469140839e-02,-1.321733894069966348e-03,1.476683344625669569e+01,5.985989737925111187e-02,9.982063087005574875e-01,-9.787523444434427858e-04,6.593265563318672084e-01,1.377952367161551809e-03,8.978774483866164063e-04,9.999986475307655054e-01,1.499829442198012674e-01,0.000000000000000000e+00,0.000000000000000000e+00,0.000000000000000000e+00,1.000000000000000000e+00
9.974527894915699022e-01,-7.128162853080975692e-02,2.619574294096308452e-03,1.575392157230626289e+01,7.129086347232124754e-02,9.974490024647145736e-01,-3.619429169941158764e-03,7.331798244527640840e-01,-2.354892960943232461e-03,3.796961435281237442e-03,9.999900187316873579e-01,1.487450254758098667e-01,0.000000000000000000e+00,0.000000000000000000e+00,0.000000000000000000e+00,1.000000000000000000e+00
9.973051894319392430e-01,-7.332220235880106129e-02,2.492744146486341149e-03,1.669257802797221757e+01,7.333081566641296012e-02,9.973013177711423927e-01,-3.559922139754031351e-03,7.957857408254236375e-01,-2.224995690644494730e-03,3.733123785460102425e-03,9.999905565458995227e-01,1.659017960836803862e-01,0.000000000000000000e+00,0.000000000000000000e+00,0.000000000000000000e+00,1.000000000000000000e+00
9.972748848252334097e-01,-7.366746810785068655e-02,3.988513432092385264e-03,1.760613307434931230e+01,7.368770080348062412e-02,9.972678688282522463e-01,-5.188502004611938653e-03,8.669768610778807449e-01,-3.595392484263351413e-03,5.468267123499781328e-03,9.999785853744813657e-01,1.695440603925472411e-01,0.000000000000000000e+00,0.000000000000000000e+00,0.000000000000000000e+00,1.000000000000000000e+00
9.971096273537779497e-01,-7.595524833054531633e-02,1.786418051862491635e-03,1.854130891022719041e+01,7.596505609559661698e-02,9.970907133346399442e-01,-6.278505730648527121e-03,9.273291360402069472e-01,-1.304335387729279021e-03,6.396063856945663310e-03,9.999786943112003446e-01,1.625975141997287321e-01,0.000000000000000000e+00,0.000000000000000000e+00,0.000000000000000000e+00,1.000000000000000000e+00
9.969663049491057638e-01,-7.778320353556099354e-02,2.821354971167735516e-03,1.948589036219246751e+01,7.780703028745604433e-02,9.969217560317037430e-01,-9.647714159836697639e-03,1.012008756418944166e+00,-2.062240038097814740e-03,9.837967188831071852e-03,9.999494795076478981e-01,1.718141340339241763e-01,0.000000000000000000e+00,0.000000000000000000e+00,0.000000000000000000e+00,1.000000000000000000e+00
9.966701045868981979e-01,-8.149794746920162314e-02,2.605221881283458114e-03,2.043172078145844850e+01,8.151615481915330808e-02,9.966408683682415059e-01,-7.880101629835774280e-03,1.088894829254931862e+00,-1.954258489373953637e-03,8.066229385776947994e-03,9.999655578154940105e-01,1.864379579826972166e-01,0.000000000000000000e+00,0.000000000000000000e+00,0.000000000000000000e+00,1.000000000000000000e+00
9.966200011792476499e-01,-8.189047483418684936e-02,6.520995392624675743e-03,2.135415971986695638e+01,8.193336263289031918e-02,9.966159168077952657e-01,-6.605940737315413834e-03,1.157097807822845104e+00,-5.957964178014778754e-03,7.117899745645025339e-03,9.999569181550089780e-01,1.888172983323512799e-01,0.000000000000000000e+00,0.000000000000000000e+00,0.000000000000000000e+00,1.000000000000000000e+00
9.968443172747204484e-01,-7.894065357658382187e-02,8.353462156521681767e-03,2.232385830858487097e+01,7.900271050627016844e-02,9.968470887498471766e-01,-7.379253594783930989e-03,1.256021171407813997e+00,-7.744601330031044423e-03,8.015913164166551391e-03,9.999378812138192130e-01,1.916216994446253430e-01,0.000000000000000000e+00,0.000000000000000000e+00,0.000000000000000000e+00,1.000000000000000000e+00
9.968743048463577505e-01,-7.815441077557488958e-02,1.155458408667294108e-02,2.330432012234894756e+01,7.822705944576602288e-02,9.969176659359120229e-01,-5.974488711340287042e-03,1.333432655790768306e+00,-1.105203635362607233e-02,6.859695417149365253e-03,9.999153949566034205e-01,1.990388651518469332e-01,0.000000000000000000e+00,0.000000000000000000e+00,0.000000000000000000e+00,1.000000000000000000e+00
9.969402855926329243e-01,-7.706315504472423250e-02,1.308957971195134212e-02,2.424583168091433194e+01,7.714591413893033545e-02,9.970021238343349523e-01,-5.939107803001554900e-03,1.397360362195123606e+00,-1.259265238746423363e-02,6.930743421863026776e-03,9.998966896142157390e-01,2.111602706412153696e-01,0.000000000000000000e+00,0.000000000000000000e+00,0.000000000000000000e+00,1.000000000000000000e+00
9.969566423156394075e-01,-7.693985583643669912e-02,1.255834091744067321e-02,2.519225949547513110e+01,7.704076871252835135e-02,9.969977504951791358e-01,-7.759217984911699617e-03,1.483192595290639515e+00,-1.192364453147728640e-02,8.703108147266587144e-03,9.998910353681855767e-01,1.993330725831221617e-01,0.000000000000000000e+00,0.000000000000000000e+00,0.000000000000000000e+00,1.000000000000000000e+00
9.976605677646915860e-01,-6.785661232387273090e-02,8.298896996977328869e-03,2.613834398646911339e+01,6.791113657553540794e-02,9.976703650626668196e-01,-6.474581434105301271e-03,1.582627366787699330e+00,-7.840220434258403717e-03,7.023022116976453989e-03,9.999446025175018349e-01,2.013326773558502258e-01,0.000000000000000000e+00,0.000000000000000000e+00,0.000000000000000000e+00,1.000000000000000000e+00
9.978980294079574653e-01,-6.466352481565507127e-02,4.260453278182216828e-03,2.708737031226872460e+01,6.470344751617500278e-02,9.978542815748216999e-01,-1.001482013416981655e-02,1.643902383325869021e+00,-3.603717974813413355e-03,1.026943529184324091e-02,9.999407742039239100e-01,2.027861678043038629e-01,0.000000000000000000e+00,0.000000000000000000e+00,0.000000000000000000e+00,1.000000000000000000e+00
9.977514362417718718e-01,-6.659920973550779999e-02,7.524409617553911786e-03,2.807406886733071971e+01,6.667937082961013229e-02,9.977142748125704674e-01,-1.095843697774127184e-02,1.702486647911946704e+00,-6.777387642316604587e-03,1.143551913266905272e-02,9.999116440560684715e-01,2.136798279989567673e-01,0.000000000000000000e+00,0.000000000000000000e+00,0.000000000000000000e+00,1.000000000000000000e+00
9.974935230373885853e-01,-6.966143340586872235e-02,1.240790853867989110e-02,2.910089000682920712e+01,6.981851239731583225e-02,9.974787253291352851e-01,-1.271093397006138950e-02,1.753429999449373611e+00,-1.149116291288107029e-02,1.354537602302456449e-02,9.998422255352600319e-01,2.099153239394539461e-01,0.000000000000000000e+00,0.000000000000000000e+00,0.000000000000000000e+00,1.000000000000000000e+00
9.975111608829856369e-01,-6.808236771512135577e-02,1.833780576262249162e-02,3.006822878470281424e+01,6.839434888007828173e-02,9.975142071316970283e-01,-1.695935174745338836e-02,1.821418807678710783e+00,-1.713758895395718976e-02,1.817134493444898247e-02,9.996880039632944914e-01,2.121564634426452434e-01,0.000000000000000000e+00,0.000000000000000000e+00,0.000000000000000000e+00,1.000000000000000000e+00
9.977536346633567588e-01,-6.517823446683658484e-02,1.547521463025969442e-02,3.100875949850837543e+01,6.554489214518896545e-02,9.975487304681700529e-01,-2.450300910133887053e-02,1.870807512011951834e+00,-1.384021783578788002e-02,2.546228766491411347e-02,9.995799719267711714e-01,2.159952229047342742e-01,0.000000000000000000e+00,0.000000000000000000e+00,0.000000000000000000e+00,1.000000000000000000e+00
9.978453769624565650e-01,-6.394359776745989210e-02,1.469081274850676279e-02,3.194761278839908059e+01,6.430054313397842725e-02,9.976106695018961412e-01,-2.526642532404981337e-02,1.951405305443713933e+00,-1.304008540362219110e-02,2.615661294077870763e-02,9.995728026372716624e-01,2.135227104333023151e-01,0.000000000000000000e+00,0.000000000000000000e+00,0.000000000000000000e+00,1.000000000000000000e+00
9.979814722408358874e-01,-6.250010843602074595e-02,1.125688720315451592e-02,3.292244728842268131e+01,6.277836187113666755e-02,9.976797480638154303e-01,-2.634383389143630724e-02,2.026226877737987042e+00,-9.584275913990686693e-03,2.699734706982576463e-02,9.995895582219699316e-01,2.118754429047302879e-01,0.000000000000000000e+00,0.000000000000000000e+00,0.000000000000000000e+00,1.000000000000000000e+00
9.978266379625744253e-01,-6.481959904167343411e-02,1.184990094420980064e-02,3.386600093036422976e+01,6.512481136588067765e-02,9.974982047648977002e-01,-2.749709867177875869e-02,2.082027196970081651e+00,-1.003790400777710215e-02,2.820906008508207441e-02,9.995516441946579178e-01,2.017589811881989048e-01,0.000000000000000000e+00,0.000000000000000000e+00,0.000000000000000000e+00,1.000000000000000000e+00
9.979269120142140181e-01,-6.298470949262038876e-02,1.322137087861469280e-02,3.480481899740276930e+01,6.336547143648113556e-02,9.975185568226404564e-01,-3.068461868932871595e-02,2.140046568924057091e+00,-1.125590100401339944e-02,3.145878517373527916e-02,9.994416688971786700e-01,2.028144231714547885e-01,0.000000000000000000e+00,0.000000000000000000e+00,0.000000000000000000e+00,1.000000000000000000e+00
9.978670408535115222e-01,-6.326339086525223365e-02,1.609696103280698273e-02,3.578695334425351859e+01,6.371905396489824236e-02,9.975296025056992200e-01,-2.957320217091024758e-02,2.219201282505866679e+00,-1.418629409253022514e-02,3.053580686756901183e-02,9.994329960326825413e-01,1.987758698818894720e-01,0.000000000000000000e+00,0.000000000000000000e+00,0.000000000000000000e+00,1.000000000000000000e+00
9.977744443398530727e-01,-6.495173162360833030e-02,1.508080838009143686e-02,3.676715688332624410e+01,6.537074469058895554e-02,9.974340496214003648e-01,-2.918873745905570596e-02,2.295087516194937116e+00,-1.314625273224636660e-02,3.010961997353367448e-02,9.994601476918162364e-01,1.980356094218403695e-01,0.000000000000000000e+00,0.000000000000000000e+00,0.000000000000000000e+00,1.000000000000000000e+00
9.974874642585022100e-01,-6.889865078569870627e-02,1.648437342029611050e-02,3.776466166329736751e+01,6.936243668322319977e-02,9.971568498221582422e-01,-2.944603929423601774e-02,2.372786417704215722e+00,-1.440871349271902364e-02,3.051545137569150815e-02,9.994304358997778692e-01,2.008457300577945748e-01,0.000000000000000000e+00,0.000000000000000000e+00,0.000000000000000000e+00,1.000000000000000000e+00
9.975177641873438361e-01,-6.733438456280611828e-02,2.060074722523189822e-02,3.873839911560084204e+01,6.794409623996322534e-02,9.972232548448352052e-01,-3.048573080656149029e-02,2.433299153805449144e+00,-1.849080627837420762e-02,3.180975718586465106e-02,9.993228854734336197e-01,2.120867116964222088e-01,0.000000000000000000e+00,0.000000000000000000e+00,0.000000000000000000e+00,1.000000000000000000e+00
9.973234373335546632e-01,-7.009757699068049075e-02,2.079160997196772762e-02,3.974979530029823849e+01,7.069059329113115686e-02,9.970676424093886103e-01,-2.930795933419073906e-02,2.512618332521996845e+00,-1.867622460077716581e-02,3.069928598880326473e-02,9.993541676875304924e-01,1.999359120538639623e-01,0.000000000000000000e+00,0.000000000000000000e+00,0.000000000000000000e+00,1.000000000000000000e+00
9.973175724662887154e-01,-7.007702404611806934e-02,2.113930819105473008e-02,4.076842609165879594e+01,7.076745508714812893e-02,9.969165277536500280e-01,-3.390286111963738969e-02,2.603094933175091885e+00,-1.869831410702747776e-02,3.530789419448226996e-02,9.992015440626100808e-01,2.040426062991872735e-01,0.000000000000000000e+00,0.000000000000000000e+00,0.000000000000000000e+00,1.000000000000000000e+00
9.973509962721175404e-01,-7.051072938958168057e-02,1.786693247232809187e-02,4.178768949962378088e+01,7.105610866722573971e-02,9.969592188066253025e-01,-3.198977113950009915e-02,2.685097623569303593e+00,-1.555698094403095387e-02,3.317458481180107083e-02,9.993284881691653077e-01,2.263753849974889099e-01,0.000000000000000000e+00,0.000000000000000000e+00,0.000000000000000000e+00,1.000000000000000000e+00
9.974899063192914639e-01,-6.882441323625934637e-02,1.664592844578010461e-02,4.280496460905386158e+01,6.931039188995026523e-02,9.971247563721384877e-01,-3.063151654533215890e-02,2.775612625291147495e+00,-1.448987119331724728e-02,3.170836439317017280e-02,9.993921268752866682e-01,2.283599624212405144e-01,0.000000000000000000e+00,0.000000000000000000e+00,0.000000000000000000e+00,1.000000000000000000e+00
9.974715100883498886e-01,-6.921127344262550940e-02,1.613648631285014359e-02,4.383487620031955601e+01,6.961062364768526300e-02,9.972441420757516273e-01,-2.566090744657927372e-02,2.818320837788094835e+00,-1.431599236710420948e-02,2.671929497669636028e-02,9.995404602308460840e-01,2.491040356887103402e-01,0.000000000000000000e+00,0.000000000000000000e+00,0.000000000000000000e+00,1.000000000000000000e+00
9.974877222046258929e-01,-6.874030219744399484e-02,1.711767813809917868e-02,4.483088926257562434e+01,6.918847658856452920e-02,9.972345583489091725e-01,-2.713282775559127877e-02,2.863023903467093678e+00,-1.520522141861551692e-02,2.824900862800325610e-02,9.994852649004609679e-01,2.491343928291064602e-01,0.000000000000000000e+00,0.000000000000000000e+00,0.000000000000000000e+00,1.000000000000000000e+00
9.977873626581577060e-01,-6.416328969834160512e-02,1.741985002157410423e-02,4.577512149766321414e+01,6.460002725465747997e-02,9.975780023085218939e-01,-2.578693058199670041e-02,2.941787731294282615e+00,-1.572308488767221873e-02,2.685519624262484167e-02,9.995156742324673438e-01,2.498512052330778832e-01,0.000000000000000000e+00,0.000000000000000000e+00,0.000000000000000000e+00,1.000000000000000000e+00
9.976584369482912606e-01,-6.683562900840904486e-02,1.451350684537693753e-02,4.667508963628704777e+01,6.713209886710778951e-02,9.975230101905959712e-01,-2.100298650176860363e-02,2.992582594585407207e+00,-1.307380922292134852e-02,2.192812886105245662e-02,9.996740632211352784e-01,2.494719609636666946e-01,0.000000000000000000e+00,0.000000000000000000e+00,0.000000000000000000e+00,1.000000000000000000e+00
9.980683741642697449e-01,-6.117560058699583053e-02,1.081972208140623455e-02,4.760808775473020660e+01,6.142783401623444495e-02,9.978043702995506026e-01,-2.476004481408580066e-02,3.079564458363715840e+00,-9.281255366191043174e-03,2.537684976394706179e-02,9.996348702375706941e-01,2.445942493344630542e-01,0.000000000000000000e+00,0.000000000000000000e+00,0.000000000000000000e+00,1.000000000000000000e+00
9.980853110683763907e-01,-6.098710122515350190e-02,1.030947688791601646e-02,4.852842770544759787e+01,6.123700628564714837e-02,9.977853903159458193e-01,-2.596813303322962480e-02,3.140285385482803449e+00,-8.702924262636663189e-03,2.654973363732256869e-02,9.996096091740340750e-01,2.478875228206888492e-01,0.000000000000000000e+00,0.000000000000000000e+00,0.000000000000000000e+00,1.000000000000000000e+00
9.982165417178080480e-01,-5.803940497440979868e-02,1.397008629763909354e-02,4.948777833027675399e+01,5.835701897533601690e-02,9.980187545126028015e-01,-2.351646183910714380e-02,3.192858503370677781e+00,-1.257752667495811057e-02,2.428977380163031136e-02,9.996258363564864968e-01,2.449626236299857485e-01,0.000000000000000000e+00,0.000000000000000000e+00,0.000000000000000000e+00,1.000000000000000000e+00
9.983531129780583990e-01,-5.489673038866654808e-02,1.665565368461626936e-02,5.046923783040903544e+01,5.534934289145449632e-02,9.980728646598455711e-01,-2.805364630807382492e-02,3.272267045538219232e+00,-1.508350252799387468e-02,2.892932460892163812e-02,9.994676493659804262e-01,2.616435280137358599e-01,0.000000000000000000e+00,0.000000000000000000e+00,0.000000000000000000e+00,1.000000000000000000e+00
9.985493856554074066e-01,-5.089604115642429316e-02,1.757035576815410907e-02,5.141709276894805214e+01,5.142220891433559732e-02,9.981982290602841035e-01,-3.092008944500083956e-02,3.326886146543414302e+00,-1.596498786677743795e-02,3.177874282472458595e-02,9.993674152517142417e-01,2.555501427425278527e-01,0.000000000000000000e+00,0.000000000000000000e+00,0.000000000000000000e+00,1.000000000000000000e+00
9.984742516767194376e-01,-5.261740555970230437e-02,1.675044389824167229e-02,5.235235405272134557e+01,5.313950146504444610e-02,9.980606651918196848e-01,-3.242070296757903342e-02,3.394915299756392724e+00,-1.501206590276154586e-02,3.326134737245698553e-02,9.993339385051919210e-01,2.611611939444608566e-01,0.000000000000000000e+00,0.000000000000000000e+00,0.000000000000000000e+00,1.000000000000000000e+00
9.985271245028735088e-01,-5.197612084320477749e-02,1.555842196762805864e-02,5.333103009614567469e+01,5.249125388355443261e-02,9.980159400115015123e-01,-3.476854539226867380e-02,3.438628091211485494e+00,-1.372041900826686742e-02,3.553401673121942689e-02,9.992742785427741747e-01,2.741880600588716965e-01,0.000000000000000000e+00,0.000000000000000000e+00,0.000000000000000000e+00,1.000000000000000000e+00
9.985557510710689755e-01,-5.120888692018782384e-02,1.624998163988804201e-02,5.428012138991864077e+01,5.178722829651164622e-02,9.979565588726757586e-01,-3.742712369893828189e-02,3.482694746260007079e+00,-1.430017441383998195e-02,3.821461112462165577e-02,9.991672274991442171e-01,2.740853498789286302e-01,0.000000000000000000e+00,0.000000000000000000e+00,0.000000000000000000e+00,1.000000000000000000e+00
9.987957228039426871e-01,-4.534449623578457739e-02,1.873448076889428979e-02,5.520529583581502919e+01,4.607779899411890145e-02,9.981057414988530052e-01,-4.076475471389493649e-02,3.536608419753838106e+00,-1.685053555275630582e-02,4.157890628851793752e-02,9.989931200981490012e-01,2.718014555212807659e-01,0.000000000000000000e+00,0.000000000000000000e+00,0.000000000000000000e+00,1.000000000000000000e+00
9.987914989285011647e-01,-4.306247261745649313e-02,2.368892399913349184e-02,5.614017346408635944e+01,4.395727024799674781e-02,9.982856230125939367e-01,-3.864677578665497854e-02,3.584403220955980629e+00,-2.198408652890708470e-02,3.964137155082051583e-02,9.989721025139081112e-01,2.825374581719289901e-01,0.000000000000000000e+00,0.000000000000000000e+00,0.000000000000000000e+00,1.000000000000000000e+00
9.986639516668754935e-01,-4.667830116460108120e-02,2.216862290482103995e-02,5.705956740846679054e+01,4.743884560539163298e-02,9.982565800020389846e-01,-3.511917439608595176e-02,3.637471004329027036e+00,-2.049067028520882086e-02,3.612390736093883115e-02,9.991372256843600308e-01,2.746173210332294445e-01,0.000000000000000000e+00,0.000000000000000000e+00,0.000000000000000000e+00,1.000000000000000000e+00
9.986365857415094860e-01,-4.859502526706790254e-02,1.906549600306575373e-02,5.789516255777477483e+01,4.923266175057750688e-02,9.981900276362322133e-01,-3.453713573146244276e-02,3.679859645205687535e+00,-1.735265499867607447e-02,3.542869242398420659e-02,9.992215435615978691e-01,2.796071260716974649e-01,0.000000000000000000e+00,0.000000000000000000e+00,0.000000000000000000e+00,1.000000000000000000e+00
9.986820957351832950e-01,-4.939189371351451058e-02,1.394677358335319646e-02,5.876480096441657253e+01,4.985399551627248127e-02,9.981431244614532572e-01,-3.499831740803292096e-02,3.730532108661177126e+00,-1.219224298707522434e-02,3.564749536394988538e-02,9.992900506285548046e-01,2.923008267495721957e-01,0.000000000000000000e+00,0.000000000000000000e+00,0.000000000000000000e+00,1.000000000000000000e+00
9.987076097151371679e-01,-4.971089379084336207e-02,1.058004421557319497e-02,5.970654495776845749e+01,5.004483851737411004e-02,9.981657298022857949e-01,-3.406890056992472465e-02,3.782073795713867703e+00,-8.867042057975770344e-03,3.455434685808666390e-02,9.993634837627157763e-01,3.101767706350597731e-01,0.000000000000000000e+00,0.000000000000000000e+00,0.000000000000000000e+00,1.000000000000000000e+00
9.991749543408623424e-01,-3.914198932593139502e-02,1.083121828585113626e-02,6.059366392778071031e+01,3.943302164792755748e-02,9.988268704693860078e-01,-2.810550892708560400e-02,3.836603235278570168e+00,-9.718406333403640379e-03,2.850942826408632905e-02,9.995462796080992751e-01,3.021235653725866110e-01,0.000000000000000000e+00,0.000000000000000000e+00,0.000000000000000000e+00,1.000000000000000000e+00
9.991012701240425953e-01,-4.101412534568998902e-02,1.070016629142579549e-02,6.151642965989579181e+01,4.128851929075304933e-02,9.987871013710363233e-01,-2.682506867884111232e-02,3.887243936991180870e+00,-9.586981345200527513e-03,2.724275421053208926e-02,9.995828740688339487e-01,3.148171039887036060e-01,0.000000000000000000e+00,0.000000000000000000e+00,0.000000000000000000e+00,1.000000000000000000e+00
9.989262558798660541e-01,-4.472189931969475230e-02,1.209491773774720898e-02,6.242228701483480080e+01,4.503300217830956409e-02,9.986258142351073230e-01,-2.680507149926922641e-02,3.944072405677948367e+00,-1.087952336511691966e-02,2.732096016818707715e-02,9.995675070283324137e-01,3.256337828084930330e-01,0.000000000000000000e+00,0.000000000000000000e+00,0.000000000000000000e+00,1.000000000000000000e+00
9.988822389271657665e-01,-4.604700651335454781e-02,1.067454668934144854e-02,6.325580179302371420e+01,4.630738568764274088e-02,9.985995430875346246e-01,-2.558473326315775093e-02,3.990004448706147677e+00,-9.481497067431879713e-03,2.605044599484095461e-02,9.996156638812886408e-01,3.367481259180953868e-01,0.000000000000000000e+00,0.000000000000000000e+00,0.000000000000000000e+00,1.000000000000000000e+00
9.987881322645885129e-01,-4.779265014136049178e-02,1.175284816083542461e-02,6.408444125905526789e+01,4.805079711884282373e-02,9.985855060138904005e-01,-2.276198750614223318e-02,4.030575170996376855e+00,-1.064836812238919954e-02,2.329913671043409851e-02,9.996718273938091093e-01,3.399066039681176155e-01,0.000000000000000000e+00,0.000000000000000000e+00,0.000000000000000000e+00,1.000000000000000000e+00
9.987034207956358989e-01,-4.964922069130923987e-02,1.124420632376201858e-02,6.489333533072127125e+01,4.989087442275271650e-02,9.985047804208774247e-01,-2.234063844190410653e-02,4.076313324681004602e+00,-1.011819847792820755e-02,2.287265532037000698e-02,9.996871829218157979e-01,3.523552298488580314e-01,0.000000000000000000e+00,0.000000000000000000e+00,0.000000000000000000e+00,1.000000000000000000e+00
9.985261329662372676e-01,-5.271385835444863249e-02,1.291553022100863299e-02,6.572586018165678468e+01,5.300118323050211078e-02,9.983291338081401456e-01,-2.301771417972020561e-02,4.113515397125073747e+00,-1.168059757329945221e-02,2.366832751336049936e-02,9.996516262743989634e-01,3.649819292680631655e-01,0.000000000000000000e+00,0.000000000000000000e+00,0.000000000000000000e+00,1.000000000000000000e+00
9.984258427899062038e-01,-5.453569395418633031e-02,1.310322609933725971e-02,6.650655335128496404e+01,5.483019323690930397e-02,9.982242976278754565e-01,-2.327877863938961067e-02,4.157181509577728917e+00,-1.181043432216518328e-02,2.396058660120543166e-02,9.996431382902839502e-01,3.709892866177558757e-01,0.000000000000000000e+00,0.000000000000000000e+00,0.000000000000000000e+00,1.000000000000000000e+00
9.983036194933513352e-01,-5.623864149924136246e-02,1.506978794818899722e-02,6.732880563917456129e+01,5.655945949130996436e-02,9.981615790527594845e-01,-2.178278322337997425e-02,4.212228141733183939e+00,-1.381704919779920548e-02,2.259817039553706566e-02,9.996491443732843374e-01,3.707474062519731661e-01,0.000000000000000000e+00,0.000000000000000000e+00,0.000000000000000000e+00,1.000000000000000000e+00
9.982493823316377357e-01,-5.599869262656179125e-02,1.903462893331821573e-02,6.805777792902776469e+01,5.643055692806361878e-02,9.981424136516920953e-01,-2.296332542051093134e-02,4.259693800069457303e+00,-1.771335426455961787e-02,2.399726012893114990e-02,9.995550853189644203e-01,3.673636515472447628e-01,0.000000000000000000e+00,0.000000000000000000e+00,0.000000000000000000e+00,1.000000000000000000e+00
9.982590665320745238e-01,-5.527612720399967955e-02,2.057634194524876961e-02,6.878821343433149593e+01,5.574081940960277232e-02,9.981862814179411902e-01,-2.274002287980848858e-02,4.325122559829843283e+00,-1.928204185418564906e-02,2.384737617339552015e-02,9.995296421375293727e-01,3.766760879466104495e-01,0.000000000000000000e+00,0.000000000000000000e+00,0.000000000000000000e+00,1.000000000000000000e+00
9.983777897681029856e-01,-5.375962798945782550e-02,1.875343425086877305e-02,6.947172250751155786e+01,5.410280025433040346e-02,9.983676951737571192e-01,-1.829842173757228671e-02,4.372441710491369093e+00,-1.773910658422629336e-02,1.928335115795899724e-02,9.996566792983038185e-01,3.937653621695774708e-01,0.000000000000000000e+00,0.000000000000000000e+00,0.000000000000000000e+00,1.000000000000000000e+00
9.983007658439108090e-01,-5.677725455189987919e-02,1.311198997172168847e-02,7.016275771181103948e+01,5.697998340949842616e-02,9.982527638747281662e-01,-1.564291875338488097e-02,4.420196769243633028e+00,-1.220091824917325304e-02,1.636345874259193672e-02,9.997916657043387501e-01,4.037585905502236172e-01,0.000000000000000000e+00,0.000000000000000000e+00,0.000000000000000000e+00,1.000000000000000000e+00
9.982847205065332741e-01,-5.773831810750809646e-02,9.690377975979337297e-03,7.088382201168835195e+01,5.789505728775025395e-02,9.981819958073565591e-01,-1.675904495179098008e-02,4.465705710294733066e+00,-8.705121759586174901e-03,1.729132349371387961e-02,9.998125979337258995e-01,4.177948776187869750e-01,0.000000000000000000e+00,0.000000000000000000e+00,0.000000000000000000e+00,1.000000000000000000e+00
9.984747022537802108e-01,-5.352463375331058953e-02,1.354188099222109962e-02,7.158906699302164611e+01,5.371135477767697425e-02,9.984608341463813153e-01,-1.382219388029461669e-02,4.504530336002344981e+00,-1.278120992629405706e-02,1.452846369345100683e-02,9.998127646792311918e-01,4.219061897034101505e-01,0.000000000000000000e+00,0.000000000000000000e+00,0.000000000000000000e+00,1.000000000000000000e+00
9.983448248408389736e-01,-5.541060150724735206e-02,1.540376428436254427e-02,7.224190511305249629e+01,5.562110633331567716e-02,9.983594486283259295e-01,-1.359058000265004999e-02,4.542750087409556770e+00,-1.462543140495764331e-02,1.442485962342448386e-02,9.997889878274630604e-01,4.360839872041104570e-01,0.000000000000000000e+00,0.000000000000000000e+00,0.000000000000000000e+00,1.000000000000000000e+00
9.984151347451931668e-01,-5.382858772911251755e-02,1.642260195077656360e-02,7.286305363786809153e+01,5.402385605238346072e-02,9.984712445572252459e-01,-1.168746206759070302e-02,4.574927407672871205e+00,-1.576837623142375924e-02,1.255615129883682832e-02,9.997968300487778404e-01,4.435313116782129694e-01,0.000000000000000000e+00,0.000000000000000000e+00,0.000000000000000000e+00,1.000000000000000000e+00
9.984383414178160665e-01,-5.414682252199871926e-02,1.374772699825464739e-02,7.343962334857158680e+01,5.430822171614579918e-02,9.984562413603186304e-01,-1.165122923383028405e-02,4.600164328991678708e+00,-1.309562678443774997e-02,1.237964859761812690e-02,9.998376112448069675e-01,4.503407114278398793e-01,0.000000000000000000e+00,0.000000000000000000e+00,0.000000000000000000e+00,1.000000000000000000e+00
9.986286931510610643e-01,-5.111480563339316358e-02,1.131414426591857182e-02,7.408089706417860043e+01,5.132118559284770676e-02,9.985057727251848148e-01,-1.877119452328072230e-02,4.620861663962820387e+00,-1.033775240340110632e-02,1.932610875336319631e-02,9.997597873467900520e-01,4.625104937021809470e-01,0.000000000000000000e+00,0.000000000000000000e+00,0.000000000000000000e+00,1.000000000000000000e+00
9.987350440108657690e-01,-4.973015460089133533e-02,7.431257497270191310e-03,7.469591458619967739e+01,4.989194958521852435e-02,9.984791164036437294e-01,-2.345735433483873283e-02,4.677007210639576584e+00,-6.253417562042866938e-03,2.379844173839164301e-02,9.996972186315307152e-01,4.666548481564246065e-01,0.000000000000000000e+00,0.000000000000000000e+00,0.000000000000000000e+00,1.000000000000000000e+00
9.988980931864491764e-01,-4.657453183900882310e-02,5.780347088033345286e-03,7.528452455571253665e+01,4.670112300870485345e-02,9.986171888320389822e-01,-2.413949624427585289e-02,4.678875138473379103e+00,-4.648068223118660691e-03,2.438284546927925456e-02,9.996918886880166166e-01,4.730295365000401486e-01,0.000000000000000000e+00,0.000000000000000000e+00,0.000000000000000000e+00,1.000000000000000000e+00
9.990578253404491793e-01,-4.267466660313266880e-02,7.895217307331824433e-03,7.584502115000903189e+01,4.284849358001407288e-02,9.988088790765612401e-01,-2.334158683021357594e-02,4.729135131836829764e+00,-6.889718712834516645e-03,2.365789314669384386e-02,9.996963718389283438e-01,4.699188877744230330e-01,0.000000000000000000e+00,0.000000000000000000e+00,0.000000000000000000e+00,1.000000000000000000e+00
9.992583791557787531e-01,-3.678564406768926320e-02,1.138016157603921955e-02,7.639382466243088743e+01,3.706364702660029653e-02,9.989934240427575940e-01,-2.526706924876360311e-02,4.728012934316406124e+00,-1.043924116298852213e-02,2.567012095529565968e-02,9.996159598236119548e-01,4.889071722354089711e-01,0.000000000000000000e+00,0.000000000000000000e+00,0.000000000000000000e+00,1.000000000000000000e+00
9.993336236587976318e-01,-3.260760024187521477e-02,1.640283607942194868e-02,7.696341428259493966e+01,3.303760622478052467e-02,9.990983237957368202e-01,-2.666563262877399282e-02,4.741015391684240576e+00,-1.551854374349084624e-02,2.718977372142781374e-02,9.995098253669438826e-01,4.916423906787663056e-01,0.000000000000000000e+00,0.000000000000000000e+00,0.000000000000000000e+00,1.000000000000000000e+00
9.995415329979604468e-01,-2.308989115492077193e-02,1.958521734743441656e-02,7.750461761026340923e+01,2.367538761670275049e-02,9.992631659707450487e-01,-3.020928922251644652e-02,4.754081240638684314e+00,-1.887325709280692279e-02,3.065912687251000010e-02,9.993516989059078037e-01,5.093918198740712278e-01,0.000000000000000000e+00,0.000000000000000000e+00,0.000000000000000000e+00,1.000000000000000000e+00
9.997559236700056529e-01,-1.311007529708903101e-02,1.778254797387244027e-02,7.800269144082976425e+01,1.356223841093865193e-02,9.995815516880044438e-01,-2.554970086503016713e-02,4.756721343183448525e+00,-1.744014839453103191e-02,2.578463594298551279e-02,9.995153794580975415e-01,4.951000110740311211e-01,0.000000000000000000e+00,0.000000000000000000e+00,0.000000000000000000e+00,1.000000000000000000e+00
9.998510497906211159e-01,2.481572005698922702e-03,1.707981361075329788e-02,7.850406569987029570e+01,-2.088136046571520063e-03,9.997329493523274824e-01,-2.301455337723486497e-02,4.756663307052646950e+00,-1.713236470685090482e-02,2.297546038022040688e-02,9.995892207801507778e-01,4.979335837559822342e-01,0.000000000000000000e+00,0.000000000000000000e+00,0.000000000000000000e+00,1.000000000000000000e+00
9.996462498405618291e-01,1.991377607844648651e-02,1.762999438465865168e-02,7.899227834629851941e+01,-1.961822585297123139e-02,9.996667022531985358e-01,-1.678122822088535387e-02,4.773680251969473431e+00,-1.795829596836600803e-02,1.642942264710094830e-02,9.997037429545796439e-01,4.955745080009883452e-01,0.000000000000000000e+00,0.000000000000000000e+00,0.000000000000000000e+00,1.000000000000000000e+00
9.989548245098103241e-01,4.041548458019302015e-02,2.135057832301620953e-02,7.949805678037868972e+01,-4.005290844851479293e-02,9.990504508719337817e-01,-1.714529490575105938e-02,4.750965968217969682e+00,-2.202324030187196094e-02,1.627222230484802815e-02,9.996250255310081823e-01,5.052947403586289798e-01,0.000000000000000000e+00,0.000000000000000000e+00,0.000000000000000000e+00,1.000000000000000000e+00
9.975586581546417309e-01,6.648890574191106129e-02,2.135296124568528825e-02,7.999954874044178155e+01,-6.602949034517083260e-02,9.975850450081703569e-01,-2.154493863554007502e-02,4.720752901887989239e+00,-2.273389419948816659e-02,2.008241492687976373e-02,9.995398274532295568e-01,5.053234937172864649e-01,0.000000000000000000e+00,0.000000000000000000e+00,0.000000000000000000e+00,1.000000000000000000e+00
9.951738022427305541e-01,9.496653478170852258e-02,2.470750091179876179e-02,8.047771465323714324e+01,-9.443683884125098071e-02,9.952923407784012300e-01,-2.179082048770839691e-02,4.680762555355914678e+00,-2.666058512905635988e-02,1.935235539696306475e-02,9.994572024559964518e-01,4.997230617998655311e-01,0.000000000000000000e+00,0.000000000000000000e+00,0.000000000000000000e+00,1.000000000000000000e+00
9.913031803348678617e-01,1.289848480462726377e-01,2.609432184329996823e-02,8.093368802114758864e+01,-1.284365582157517838e-01,9.914801975755287433e-01,-2.170410858079942565e-02,4.647211617604004807e+00,-2.867150452406843145e-02,1.816388697595123017e-02,9.994238430407049734e-01,5.066384656655493757e-01,0.000000000000000000e+00,0.000000000000000000e+00,0.000000000000000000e+00,1.000000000000000000e+00
