1.000000000000000000e+00,-2.249655627021171628e-12,9.852622742631723953e-13,1.520470183444831177e-19,2.249655627021463241e-12,1.000000000000000000e+00,-2.962619675505617245e-13,5.150857206670963276e-19,-9.852622742625059656e-13,2.962619675527782091e-13,1.000000000000000000e+00,-3.128004771715911900e-19,0.000000000000000000e+00,0.000000000000000000e+00,0.000000000000000000e+00,1.000000000000000056e-01
9.999970938466714587e-01,-2.268629157315698534e-03,-8.158553535774145131e-04,6.462950702105048073e-01,2.267438806340830570e-03,9.999963679305501341e-01,-1.456999302431370149e-03,1.709487707006376520e-02,8.191577814337936943e-04,1.455145166078935246e-03,9.999986057655654292e-01,6.593409073723445479e-03,0.000000000000000000e+00,0.000000000000000000e+00,0.000000000000000000e+00,1.000000000000000056e-01
9.999758026161073010e-01,-6.899907630824493598e-03,-8.862600962412337750e-04,1.299010263722125247e+00,6.899239101038965108e-03,9.999759148098844586e-01,-7.551820717126505418e-04,1.889747912919715125e-02,8.914494370375958873e-04,7.490492779724742525e-04,9.999993221213103745e-01,1.042840677558138675e-02,0.000000000000000000e+00,0.000000000000000000e+00,0.000000000000000000e+00,1.000000000000000056e-01
9.999237119947917973e-01,-1.194280098138585447e-02,-3.152728227367643851e-03,2.001015454296851015e+00,1.194234948167424010e-02,9.999286744793156601e-01,-1.619965933660567274e-04,2.352304531905263438e-02,3.154438050459484107e-03,1.243332526571345976e-04,9.999950170184990217e-01,1.658902873880791287e-02,0.000000000000000000e+00,0.000000000000000000e+00,0.000000000000000000e+00,1.000000000000000056e-01
9.998454988449192449e-01,-1.707992686147559100e-02,-4.153858201860469168e-03,2.705494483338390044e+00,1.707644265033600797e-02,9.998538059621564500e-01,-8.728169339413813710e-04,3.302834315206566035e-02,4.168158581952486133e-03,8.017489613552152916e-04,9.999909917857453534e-01,1.897915269069641239e-02,0.000000000000000000e+00,0.000000000000000000e+00,0.000000000000000000e+00,1.000000000000000056e-01
9.997466799159134831e-01,-2.214002825604800481e-02,-4.049091988257537758e-03,3.417110501602839800e+00,2.213885594552099725e-02,9.997548496605110913e-01,-3.341223013368438887e-04,3.938564884846267045e-02,4.055496829174567996e-03,2.443953972091772323e-04,9.999917465741197109e-01,3.632787567389089006e-02,0.000000000000000000e+00,0.000000000000000000e+00,0.000000000000000000e+00,1.000000000000000056e-01
9.996150776863931275e-01,-2.739900591495031748e-02,-4.357859210527125632e-03,4.159163974780584638e+00,2.740506496411029488e-02,9.996235168490787970e-01,1.336778437986717262e-03,6.779964623990818173e-02,4.319592149630900255e-03,-1.455691296906529804e-03,9.999896109892887353e-01,4.716154915539499254e-02,0.000000000000000000e+00,0.000000000000000000e+00,0.000000000000000000e+00,1.000000000000000056e-01
9.994660137549773449e-01,-3.233460280096076001e-02,-4.707526998288353096e-03,4.927043077217321709e+00,3.235062879355410370e-02,9.994709035957746179e-01,3.368928925860054623e-03,1.001416855143001799e-01,4.596103283998412281e-03,-3.519421422610446645e-03,9.999832446133549713e-01,5.710492096074659685e-02,0.000000000000000000e+00,0.000000000000000000e+00,0.000000000000000000e+00,1.000000000000000056e-01
9.993091724984233259e-01,-3.689738733516109009e-02,-4.445286082517694616e-03,5.697601363067771096e+00,3.691473131931206214e-02,9.993108676620696684e-01,3.884891775130085243e-03,1.416526424337317402e-01,4.298880335544724533e-03,-4.046304526424794080e-03,9.999825733719264198e-01,6.515094736962377675e-02,0.000000000000000000e+00,0.000000000000000000e+00,0.000000000000000000e+00,1.000000000000000056e-01
9.991987246524719479e-01,-3.997701159889183176e-02,-1.935767676065289818e-03,6.491115192845975379e+00,3.998509491379378944e-02,9.991908746420710141e-01,4.334537662544750251e-03,1.839096741636420951e-01,1.760919534940141341e-03,-4.408466358631345748e-03,9.999887322298968151e-01,7.638769638911059590e-02,0.000000000000000000e+00,0.000000000000000000e+00,0.000000000000000000e+00,1.000000000000000056e-01
9.990583426371304476e-01,-4.338625004109043087e-02,-2.476176930858773706e-04,7.288507983179731475e+00,4.338670782998171188e-02,9.990556709526603463e-01,2.315150320295977868e-03,2.203999273042164531e-01,1.469381698265892554e-04,-2.323713558454172916e-03,9.999972893785624706e-01,8.316902247718434282e-02,0.000000000000000000e+00,0.000000000000000000e+00,0.000000000000000000e+00,1.000000000000000056e-01
9.989360629090900945e-01,-4.611390061051013484e-02,5.003900182372703889e-04,8.096945764043715243e+00,4.611239369595527410e-02,9.989326305904409065e-01,2.691967550145729724e-03,2.713226653501302210e-01,-6.239930412930938227e-04,-2.666029284499120324e-03,9.999962514532435565e-01,9.755264892248767528e-02,0.000000000000000000e+00,0.000000000000000000e+00,0.000000000000000000e+00,1.000000000000000056e-01
9.988139245349598738e-01,-4.869000412747705175e-02,-1.662923263070988675e-04,8.927474504390174204e+00,4.869022192040953212e-02,9.988123726542471603e-01,1.762532874718445060e-03,3.060653090012402933e-01,8.027710004813265151e-05,-1.768539187990968674e-03,9.999984329111359926e-01,1.009433359935702074e-01,0.000000000000000000e+00,0.000000000000000000e+00,0.000000000000000000e+00,1.000000000000000056e-01
9.987064804896892412e-01,-5.083705222744042129e-02,-9.797697293200435028e-04,9.700699319938209442e+00,5.083911421306407108e-02,9.987044128493434147e-01,2.209122287092751911e-03,3.769914249814985685e-01,8.661950871623973593e-04,-2.256075369485139714e-03,9.999970799107356090e-01,1.185055628002917305e-01,0.000000000000000000e+00,0.000000000000000000e+00,0.000000000000000000e+00,1.000000000000000056e-01
9.985755270736514921e-01,-5.334314576833510541e-02,-1.193955240860266427e-03,1.050316583829184403e+01,5.334352574506611572e-02,9.985761788296529939e-01,2.886781156111017498e-04,4.395640881444685122e-01,1.176856263310711555e-03,-3.519566835802706789e-04,9.999992455676296466e-01,1.270117277737826678e-01,0.000000000000000000e+00,0.000000000000000000e+00,0.000000000000000000e+00,1.000000000000000056e-01
9.984413632103805725e-01,-5.580082879770262988e-02,-1.054388963561899177e-03,1.131009865488509192e+01,5.580065659195875688e-02,9.984419110972005962e-01,-1.920637291517214172e-04,4.969413681362287449e-01,1.063463447087182765e-03,1.329287750874451931e-04,9.999994256875538445e-01,1.502736706055555205e-01,0.000000000000000000e+00,0.000000000000000000e+00,0.000000000000000000e+00,1.000000000000000056e-01
9.982841855170953016e-01,-5.851886445378751134e-02,-2.056076241038789620e-03,1.216417246142552600e+01,5.851943485374085097e-02,9.982862455646313027e-01,2.183136993414980503e-04,5.463697751855959295e-01,2.039777161481082842e-03,-3.382595331761452037e-04,9.999978624425253093e-01,1.548380799791510831e-01,0.000000000000000000e+00,0.000000000000000000e+00,0.000000000000000000e+00,1.000000000000000056e-01
9.981960199039400239e-01,-5.992628428655565748e-02,-3.680529790661730190e-03,1.304149428076411432e+01,5.993916156553909941e-02,9.981959166366621838e-01,3.494126602464053214e-03,6.076119759817348864e-01,3.464499783985650495e-03,-3.708431137389347609e-03,9.999871223069555226e-01,1.696345256779772936e-01,0.000000000000000000e+00,0.000000000000000000e+00,0.000000000000000000e+00,1.000000000000000056e-01
9.983648004874715598e-01,-5.701412887586106842e-02,-4.136938014754633873e-03,1.392819859714208697e+01,5.704338033056346319e-02,9.983447513220284897e-01,7.335548256249742674e-03,6.697884749201764576e-01,3.711860459917940523e-03,-7.559538099896607674e-03,9.999645371090127854e-01,1.874685035200909233e-01,0.000000000000000000e+00,0.000000000000000000e+00,0.000000000000000000e+00,1.000000000000000056e-01
9.975262085264503531e-01,-7.015964261051475803e-02,-4.368964592381642358e-03,1.488592507547247479e+01,7.018118156901111127e-02,9.975217859609730731e-01,4.988816173009350853e-03,7.614645011530396523e-01,4.008123803244899135e-03,-5.283093979423970736e-03,9.999780116890483184e-01,1.914599584927094145e-01,0.000000000000000000e+00,0.000000000000000000e+00,0.000000000000000000e+00,1.000000000000000056e-01
9.972714228228074518e-01,-7.375251129356008573e-02,-3.205666680495787568e-03,1.582625498025809740e+01,7.375588932200938252e-02,9.972758741561650320e-01,9.484810890481446596e-04,8.420696060975111363e-01,3.126981178812977477e-03,-1.182329882085469746e-03,9.999944120267658665e-01,1.889413971194380260e-01,0.000000000000000000e+00,0.000000000000000000e+00,0.000000000000000000e+00,1.000000000000000056e-01
9.970662220857748892e-01,-7.653053132731696406e-02,-1.423569583375409791e-03,1.673082780231872846e+01,7.653357539920066510e-02,9.970645260067259041e-01,2.223244385525081999e-03,9.262366880093197974e-01,1.249244657791086623e-03,-2.325672750294174428e-03,9.999965153109502403e-01,2.046623238001156753e-01,0.000000000000000000e+00,0.000000000000000000e+00,0.000000000000000000e+00,1.000000000000000056e-01
9.970227216633922307e-01,-7.710050932252776601e-02,-1.097246156867488906e-03,1.760294923237542619e+01,7.710234248205721785e-02,9.970216654702900305e-01,1.739932937993681882e-03,1.001942160079335675e+00,9.598284750445437675e-04,-1.819352922324161265e-03,9.999978843398832362e-01,2.211678773859775682e-01,0.000000000000000000e+00,0.000000000000000000e+00,0.000000000000000000e+00,1.000000000000000056e-01
9.969679651543512655e-01,-7.779074678095602990e-02,-1.864449316381437769e-03,1.850190216085667316e+01,7.779241266850893399e-02,9.969692262002218808e-01,8.381771550807241497e-04,1.075446436799630590e+00,1.793596165413867665e-03,-9.806757833591569183e-04,9.999979106417189456e-01,2.239852934234257131e-01,0.000000000000000000e+00,0.000000000000000000e+00,0.000000000000000000e+00,1.000000000000000056e-01
9.967994121341011704e-01,-7.994234716779548278e-02,-3.912779243350140621e-04,1.941982668651383648e+01,7.994235203227066655e-02,9.967994885337776445e-01,-3.216801594319470246e-06,1.151480296535323022e+00,3.902827935215232177e-04,-2.807317163147616900e-05,9.999999234456161679e-01,2.339591991180786368e-01,0.000000000000000000e+00,0.000000000000000000e+00,0.000000000000000000e+00,1.000000000000000056e-01
9.966339634371615963e-01,-8.197298949054764028e-02,1.082551392368121673e-03,2.034520211217609642e+01,8.197541976254200946e-02,9.966313820879398877e-01,-2.432856805837841502e-03,1.215014709472749477e+00,-8.794761449801122462e-04,2.513410325681142421e-03,9.999964546388377951e-01,2.499574632625755910e-01,0.000000000000000000e+00,0.000000000000000000e+00,0.000000000000000000e+00,1.000000000000000056e-01
9.966582568282412735e-01,-8.158149886497181869e-02,4.096112673747509016e-03,2.127856353729552197e+01,8.158846620511925329e-02,9.966648774311531733e-01,-1.563418510965904583e-03,1.304689846782961737e+00,-3.954905610446914251e-03,1.892389518286692607e-03,9.999903887455736662e-01,2.522573191609764343e-01,0.000000000000000000e+00,0.000000000000000000e+00,0.000000000000000000e+00,1.000000000000000056e-01
9.967768882565458677e-01,-7.987481010347831367e-02,7.473268932056693903e-03,2.224172176152195846e+01,7.988939019183270707e-02,9.968023310906495293e-01,-1.672742366363261842e-03,1.394907606632998398e+00,-7.315761913476133763e-03,2.264385828520041038e-03,9.999706756622640524e-01,2.639051754491676394e-01,0.000000000000000000e+00,0.000000000000000000e+00,0.000000000000000000e+00,1.000000000000000056e-01
9.969357603517676747e-01,-7.760247661530213226e-02,9.846083232146893988e-03,2.321433576661326725e+01,7.761437732497587783e-02,9.969831074486669165e-01,-8.318019332466554784e-04,1.472148183261449583e+00,-9.751828766910688312e-03,1.593450711936292199e-03,9.999511801835775371e-01,2.665873739821998378e-01,0.000000000000000000e+00,0.000000000000000000e+00,0.000000000000000000e+00,1.000000000000000056e-01
9.970895133315365033e-01,-7.551680744201769158e-02,1.047445454641009188e-02,2.413411282508504740e+01,7.553997557018657383e-02,9.971410883200746422e-01,-1.833596114944443991e-03,1.557853434498008394e+00,-1.030604168122782258e-02,2.619499498443399795e-03,9.999434602652503834e-01,2.640187833687622776e-01,0.000000000000000000e+00,0.000000000000000000e+00,0.000000000000000000e+00,1.000000000000000056e-01
9.971720501970378070e-01,-7.469088437984530704e-02,8.317096632408746415e-03,2.507447511941292717e+01,7.471196180747385895e-02,9.972026115669676560e-01,-2.252608909259708886e-03,1.634208765920570405e+00,-8.125581130898305859e-03,2.867625250288208943e-03,9.999628751392268811e-01,2.709238767501007672e-01,0.000000000000000000e+00,0.000000000000000000e+00,0.000000000000000000e+00,1.000000000000000056e-01
9.973919202326330113e-01,-7.199462909911429065e-02,5.111832894569279077e-03,2.600539713624318594e+01,7.201519136203944627e-02,9.973956777333315982e-01,-3.959072108089624169e-03,1.708939806104060599e+00,-4.813488106339902477e-03,4.316876156340143829e-03,9.999790972377877729e-01,2.720897571259512926e-01,0.000000000000000000e+00,0.000000000000000000e+00,0.000000000000000000e+00,1.000000000000000056e-01
9.974598105824249439e-01,-7.116589144960984437e-02,3.056495878496532682e-03,2.695857158127465780e+01,7.117822131000718644e-02,9.974550440503265891e-01,-4.134720027353731842e-03,1.779860410753601352e+00,-2.754466194484217478e-03,4.341772995368363072e-03,9.999867808742474162e-01,2.794491864495235456e-01,0.000000000000000000e+00,0.000000000000000000e+00,0.000000000000000000e+00,1.000000000000000056e-01
9.973745354036648303e-01,-7.226462982260531409e-02,4.675404252626224819e-03,2.792721634975824685e+01,7.229039928147398819e-02,9.973679068692231642e-01,-5.599689190459229693e-03,1.850837710480090381e+00,-4.258438686739101156e-03,5.922974244963848806e-03,9.999733916840211068e-01,2.870144882244549112e-01,0.000000000000000000e+00,0.000000000000000000e+00,0.000000000000000000e+00,1.000000000000000056e-01
9.975181193826967441e-01,-6.995275055100567962e-02,8.013375915098352661e-03,2.892185079996232844e+01,7.002828958387762037e-02,9.974991074272850922e-01,-9.569186994003647112e-03,1.920568836685720315e+00,-7.323944372022445602e-03,1.010660042340685849e-02,9.999221051995585974e-01,2.923613853454359313e-01,0.000000000000000000e+00,0.000000000000000000e+00,0.000000000000000000e+00,1.000000000000000056e-01
9.973700545042685217e-01,-7.142536120336735739e-02,1.230415194643864896e-02,2.986644567194406008e+01,7.157250148530923395e-02,9.973636402177985527e-01,-1.196437222077105858e-02,1.974387524723876020e+00,-1.141715416765285568e-02,1.281354550740173778e-02,9.998527199754180250e-01,2.980583369286620710e-01,0.000000000000000000e+00,0.000000000000000000e+00,0.000000000000000000e+00,1.000000000000000056e-01
9.974073077669923792e-01,-7.089935580336548249e-02,1.232654694827262261e-02,3.077254092974258270e+01,7.113430991430752526e-02,9.972702099609763726e-01,-1.979995650008790908e-02,2.020595800222093619e+00,-1.088909390240677851e-02,2.062546171744792517e-02,9.997279719818420451e-01,3.126555045892407958e-01,0.000000000000000000e+00,0.000000000000000000e+00,0.000000000000000000e+00,1.000000000000000056e-01
9.973846839352173976e-01,-7.165638443405641933e-02,9.442183078354635106e-03,3.171184921629828679e+01,7.185083803607636432e-02,9.971687701930669334e-01,-2.217883732660490270e-02,2.085253771732718864e+00,-7.826194794405078037e-03,2.279926142411627110e-02,9.997094299613037416e-01,3.085964721887485274e-01,0.000000000000000000e+00,0.000000000000000000e+00,0.000000000000000000e+00,1.000000000000000056e-01
9.974313799100135158e-01,-7.126417743368493318e-02,7.215219019993564242e-03,3.269081789670553917e+01,7.141361605651555533e-02,9.971778047064022710e-01,-2.316292819686084983e-02,2.167551953852110191e+00,-5.544169237928267199e-03,2.361869631500896835e-02,9.997056663697773127e-01,3.074047061364218458e-01,0.000000000000000000e+00,0.000000000000000000e+00,0.000000000000000000e+00,1.000000000000000056e-01
9.973915883880819511e-01,-7.193586747790775560e-02,5.937203289409456741e-03,3.365748308766493579e+01,7.205440115969460879e-02,9.971349810092638988e-01,-2.302157512362754468e-02,2.246219757417950103e+00,-4.264116112007469359e-03,2.338932700733219530e-02,9.997173383991734275e-01,3.058287869637848488e-01,0.000000000000000000e+00,0.000000000000000000e+00,0.000000000000000000e+00,1.000000000000000056e-01
9.975021686346039473e-01,-7.022346952575048151e-02,7.621541643803651789e-03,3.461253868400680034e+01,7.038784997184929781e-02,9.972305380929155083e-01,-2.401675396998216236e-02,2.302970871172197231e+00,-5.913894284029389686e-03,2.449322809839919388e-02,9.996825034138174804e-01,3.183359371027965623e-01,0.000000000000000000e+00,0.000000000000000000e+00,0.000000000000000000e+00,1.000000000000000056e-01
9.973329134403712271e-01,-7.232184907121004536e-02,9.829034309740710892e-03,3.559064313251609235e+01,7.252599496680896263e-02,9.971171475307949450e-01,-2.230188678397542271e-02,2.390099609863935548e+00,-8.187784963917090278e-03,2.295526621435636447e-02,9.997029638499691506e-01,3.138594113109155481e-01,0.000000000000000000e+00,0.000000000000000000e+00,0.000000000000000000e+00,1.000000000000000056e-01
9.973344895953915046e-01,-7.205897224228839659e-02,1.146387294439083111e-02,3.657184619425484584e+01,7.228577151879260476e-02,9.971674450393280820e-01,-2.078109211931667560e-02,2.468152067272899597e+00,-9.933936754023405327e-03,2.155437480243221210e-02,9.997183232428239474e-01,3.227519622450757408e-01,0.000000000000000000e+00,0.000000000000000000e+00,0.000000000000000000e+00,1.000000000000000056e-01
9.973827545060863775e-01,-7.117474106992319194e-02,1.271995469650738682e-02,3.757145928214531239e+01,7.141980340291775864e-02,9.972462237519496009e-01,-1.997951186503544446e-02,2.545911079638488950e+00,-1.126289020369051173e-02,2.083567724135466231e-02,9.997194715809799570e-01,3.184107275490895561e-01,0.000000000000000000e+00,0.000000000000000000e+00,0.000000000000000000e+00,1.000000000000000056e-01
9.972788033137461872e-01,-7.204957760379879228e-02,1.561559567280195251e-02,3.856303815033967908e+01,7.234628857360445031e-02,9.971918442911812397e-01,-1.935045758573276584e-02,2.614569156709321440e+00,-1.417755235317449958e-02,2.042753157546623247e-02,9.996908086818675487e-01,3.353342213538763605e-01,0.000000000000000000e+00,0.000000000000000000e+00,0.000000000000000000e+00,1.000000000000000056e-01
9.974394686166294655e-01,-6.950206376843398592e-02,1.685139690661731013e-02,3.957600221701311227e+01,6.980513910746211081e-02,9.973961002930249453e-01,-1.811799311330803547e-02,2.694304346864454747e+00,-1.554827964643286722e-02,1.924791552855920074e-02,9.996938375061845683e-01,3.316845361200395637e-01,0.000000000000000000e+00,0.000000000000000000e+00,0.000000000000000000e+00,1.000000000000000056e-01
9.974007517885478125e-01,-7.034656711705641885e-02,1.559169094374331099e-02,4.058560412397844885e+01,7.065809738034864451e-02,9.972915325243879581e-01,-2.042137188699386097e-02,2.776122801388265948e+00,-1.411288794786160275e-02,2.146997088966850348e-02,9.996698788819076142e-01,3.449722112878763625e-01,0.000000000000000000e+00,0.000000000000000000e+00,0.000000000000000000e+00,1.000000000000000056e-01
9.974539862010801672e-01,-7.002950249503689384e-02,1.346900857053102626e-02,4.159339449513910125e+01,7.025494632191642275e-02,9.973831095077627662e-01,-1.706386198756952924e-02,2.849035727570506715e+00,-1.223878788442947507e-02,1.796668163361840251e-02,9.997636772868857546e-01,3.603184537510501495e-01,0.000000000000000000e+00,0.000000000000000000e+00,0.000000000000000000e+00,1.000000000000000056e-01
9.975892097562665262e-01,-6.849107033306642278e-02,1.116878966131187520e-02,4.262614782959347082e+01,6.865364306639953895e-02,9.975294721413536791e-01,-1.488722617224767612e-02,2.922541573031478990e+00,-1.012155480047855979e-02,1.561811429152676518e-02,9.998267993179607016e-01,3.687047756288627243e-01,0.000000000000000000e+00,0.000000000000000000e+00,0.000000000000000000e+00,1.000000000000000056e-01
9.975721377847992510e-01,-6.873929639929958479e-02,1.116866357245899395e-02,4.367505117051243246e+01,6.893645561621276896e-02,9.974523226676506038e-01,-1.834745464588594110e-02,2.992234058779345229e+00,-9.879018298366544840e-03,1.907283763466131876e-02,9.997692893173016904e-01,3.776155838750618887e-01,0.000000000000000000e+00,0.000000000000000000e+00,0.000000000000000000e+00,1.000000000000000056e-01
9.975764303828184021e-01,-6.839718345705396441e-02,1.277070240104338263e-02,4.468817770602582584e+01,6.864794471327394232e-02,9.974332773652186956e-01,-2.035477563428228498e-02,3.077795327422570004e+00,-1.134571422684339283e-02,2.118212689086699380e-02,9.997112544475339480e-01,3.859028862179107455e-01,0.000000000000000000e+00,0.000000000000000000e+00,0.000000000000000000e+00,1.000000000000000056e-01
9.975699531076676063e-01,-6.838074213814331059e-02,1.335150783254925727e-02,4.567492492051241015e+01,6.865021440819495113e-02,9.974220237707954739e-01,-2.089149488858204479e-02,3.142863431529528295e+00,-1.188851203787643848e-02,2.175731145172906528e-02,9.996925940907623875e-01,3.874916257438270062e-01,0.000000000000000000e+00,0.000000000000000000e+00,0.000000000000000000e+00,1.000000000000000056e-01
9.970044397363176936e-01,-7.653272638660851834e-02,1.117537193581532098e-02,4.659075384812638987e+01,7.671110770244876642e-02,9.969165597257247935e-01,-1.651601948681061596e-02,3.199282291967410874e+00,-9.876897343528451279e-03,1.732381991530497836e-02,9.998011463098086526e-01,3.999892693954897327e-01,0.000000000000000000e+00,0.000000000000000000e+00,0.000000000000000000e+00,1.000000000000000056e-01
9.970337173968686351e-01,-7.659683527758856525e-02,7.529355831614393396e-03,4.754804794316782335e+01,7.670986073492169766e-02,9.969236846546368769e-01,-1.608615058523835822e-02,3.274927422883683992e+00,-6.274044932100911534e-03,1.661601035387282738e-02,9.998422598390758198e-01,3.956221864864313820e-01,0.000000000000000000e+00,0.000000000000000000e+00,0.000000000000000000e+00,1.000000000000000056e-01
9.971281813371392078e-01,-7.538505768789038886e-02,7.244519354840307790e-03,4.849474104704970046e+01,7.549186140783514798e-02,9.970209815315191904e-01,-1.581585429581271185e-02,3.366324946043134592e+00,-6.030658709413862228e-03,1.631733628137889414e-02,9.998486763966890623e-01,4.067395859915347578e-01,0.000000000000000000e+00,0.000000000000000000e+00,0.000000000000000000e+00,1.000000000000000056e-01
9.972440263657647019e-01,-7.361381359825698578e-02,9.238956938914079722e-03,4.946585476727850050e+01,7.375625634581291223e-02,9.971453361918329872e-01,-1.616147149015755360e-02,3.453579600157409502e+00,-8.022875273165345003e-03,1.679836177719470566e-02,9.998267092421334601e-01,4.123858043443177634e-01,0.000000000000000000e+00,0.000000000000000000e+00,0.000000000000000000e+00,1.000000000000000056e-01
9.972442223703856801e-01,-7.320399702832762479e-02,1.204723071752523272e-02,5.046479574245616817e+01,7.340383152115105558e-02,9.971560742960731138e-01,-1.707750018178339976e-02,3.543585990703479016e+00,-1.076282801586798954e-02,1.791475128269836778e-02,9.997815877578362098e-01,4.282936996678162744e-01,0.000000000000000000e+00,0.000000000000000000e+00,0.000000000000000000e+00,1.000000000000000056e-01
9.973482215367149850e-01,-7.168536227167758568e-02,1.255921309357993336e-02,5.140084278360137660e+01,7.192711340476511117e-02,9.972095662803962535e-01,-1.998927902957184366e-02,3.615464656386314424e+00,-1.109122873308741354e-02,2.083961983440116295e-02,9.997213086107287205e-01,4.384254587829803929e-01,0.000000000000000000e+00,0.000000000000000000e+00,0.000000000000000000e+00,1.000000000000000056e-01
9.974037002245568218e-01,-7.102475430282313706e-02,1.188877851530693343e-02,5.233876264424721114e+01,7.128827077312328842e-02,9.971802384627097560e-01,-2.344257813533196649e-02,3.685465872873149529e+00,-1.019025164263742157e-02,2.422924463694428598e-02,9.996544915498468686e-01,4.420722306985483963e-01,0.000000000000000000e+00,0.000000000000000000e+00,0.000000000000000000e+00,1.000000000000000056e-01
9.974122841659321947e-01,-7.101022089404676607e-02,1.123761200061470372e-02,5.332299745215069464e+01,7.128467558942794269e-02,9.971100245815316399e-01,-2.626963846586595486e-02,3.763049521147107779e+00,-9.339722747902751837e-03,2.700272963231627882e-02,9.995917277425800940e-01,4.561663736193330432e-01,0.000000000000000000e+00,0.000000000000000000e+00,0.000000000000000000e+00,1.000000000000000056e-01
9.973206406625706455e-01,-7.194124119552440522e-02,1.326640583002849753e-02,5.428748076947676537e+01,7.230703181579452299e-02,9.969449961798760862e-01,-2.953587212012803373e-02,3.841927241901799572e+00,-1.110102960942415014e-02,3.041598933380696215e-02,9.994756799114505874e-01,4.471300080184892334e-01,0.000000000000000000e+00,0.000000000000000000e+00,0.000000000000000000e+00,1.000000000000000056e-01
9.971698366303419769e-01,-7.314640553000564815e-02,1.737585314904218498e-02,5.524318114961001669e+01,7.367283174802599643e-02,9.967727030337585337e-01,-3.188247714657330145e-02,3.926196092011046357e+00,-1.498768750822403358e-02,3.307237283314690135e-02,9.993405762693422512e-01,4.538999151200266424e-01,0.000000000000000000e+00,0.000000000000000000e+00,0.000000000000000000e+00,1.000000000000000056e-01
9.970221458841150852e-01,-7.399304706704219747e-02,2.172255975636631226e-02,5.620098752186166280e+01,7.463048388410241374e-02,9.967548377528422376e-01,-3.016760334414687883e-02,3.994499973172180418e+00,-1.941987363139000694e-02,3.169893376818107289e-02,9.993087841633843116e-01,4.721215099704327289e-01,0.000000000000000000e+00,0.000000000000000000e+00,0.000000000000000000e+00,1.000000000000000056e-01
9.968925307152272097e-01,-7.518229772491977214e-02,2.351391743183834510e-02,5.716753384140231020e+01,7.580795256582237296e-02,9.967580301747154259e-01,-2.695521489432203474e-02,4.068748406180191957e+00,-2.141113102962598214e-02,2.865399432928294673e-02,9.993600512713171069e-01,4.603585450934090662e-01,0.000000000000000000e+00,0.000000000000000000e+00,0.000000000000000000e+00,1.000000000000000056e-01
9.967232498987379508e-01,-7.870648848684309862e-02,1.865614594090704570e-02,5.806579449202992294e+01,7.921158633465193166e-02,9.964620560910477653e-01,-2.808728112775461805e-02,4.148341299234179935e+00,-1.637949027430254945e-02,2.947302904134509877e-02,9.994313647557204749e-01,4.637491309761516689e-01,0.000000000000000000e+00,0.000000000000000000e+00,0.000000000000000000e+00,1.000000000000000056e-01
9.964591918951731797e-01,-8.309714632821270375e-02,1.280402904268664217e-02,5.898404410530572051e+01,8.342394541577456690e-02,9.961333082555476892e-01,-2.754773157855090401e-02,4.231920984692835397e+00,-1.046538192729838841e-02,2.851835296726705840e-02,9.995384831636799916e-01,4.620387860890335374e-01,0.000000000000000000e+00,0.000000000000000000e+00,0.000000000000000000e+00,1.000000000000000056e-01
9.965185280754018660e-01,-8.298919349741172569e-02,7.976024390861235699e-03,5.993764858769173998e+01,8.319119341531468204e-02,9.960914961248849009e-01,-2.968091450451087326e-02,4.312643850919162247e+00,-5.481654911626556229e-03,3.024111622175242736e-02,9.995276015944193349e-01,4.719532359370724461e-01,0.000000000000000000e+00,0.000000000000000000e+00,0.000000000000000000e+00,1.000000000000000056e-01
9.963843130765973610e-01,-8.455741629877489007e-02,8.267043229160605383e-03,6.084949775915215042e+01,8.475097724970845348e-02,9.960404393518332844e-01,-2.684613624017853292e-02,4.400856869539936156e+00,-5.964269452039325584e-03,2.744970900906798170e-02,9.996053926251203814e-01,4.745498394295497024e-01,0.000000000000000000e+00,0.000000000000000000e+00,0.000000000000000000e+00,1.000000000000000056e-01
9.963242373189136192e-01,-8.499434323316336359e-02,1.067594254613107342e-02,6.177864705561532332e+01,8.524780107622879910e-02,9.960181101726192088e-01,-2.609092983839163271e-02,4.495719617596556361e+00,-8.415850673152291614e-03,2.690512639865066252e-02,9.996025648381059447e-01,4.951003973310456607e-01,0.000000000000000000e+00,0.000000000000000000e+00,0.000000000000000000e+00,1.000000000000000056e-01
9.961554093312592340e-01,-8.702504678421765782e-02,1.005194967536416316e-02,6.267393312192400856e+01,8.725656301509701618e-02,9.958592611608019229e-01,-2.550733563220746597e-02,4.581097822062283775e+00,-7.790550100200121890e-03,2.628636894792443779e-02,9.996240964165828968e-01,5.100419079545635004e-01,0.000000000000000000e+00,0.000000000000000000e+00,0.000000000000000000e+00,1.000000000000000056e-01
9.959583492506146607e-01,-8.925979654997981405e-02,9.982749012519755161e-03,6.348817375632944504e+01,8.947333479471014650e-02,9.957117182145051038e-01,-2.350949959126462721e-02,4.661293123287729934e+00,-7.841487021252084577e-03,2.430767224919265848e-02,9.996737708628357089e-01,5.185600197957478397e-01,0.000000000000000000e+00,0.000000000000000000e+00,0.000000000000000000e+00,1.000000000000000056e-01
9.957956576656669112e-01,-9.100193328804574711e-02,1.047169098283346964e-02,6.430839538976285041e+01,9.121862510001220448e-02,9.955764161604082618e-01,-2.251137534805677451e-02,4.742886586094829937e+00,-8.376789902182588121e-03,2.337194307360314013e-02,9.996917433228599270e-01,5.277398958708067189e-01,0.000000000000000000e+00,0.000000000000000000e+00,0.000000000000000000e+00,1.000000000000000056e-01
9.957305648346861382e-01,-9.180634540101133279e-02,9.604019893104876610e-03,6.510367011826603800e+01,9.201097246638341443e-02,9.954774593909166969e-01,-2.363490618547508387e-02,4.820621755418902588e+00,-7.390750962343641157e-03,2.441767369582899250e-02,9.996745240384475872e-01,5.307822217987054891e-01,0.000000000000000000e+00,0.000000000000000000e+00,0.000000000000000000e+00,1.000000000000000056e-01
9.957352526147729144e-01,-9.175077788223703901e-02,9.648909689641339479e-03,6.590645375247703441e+01,9.197111474402613895e-02,9.954319861924263435e-01,-2.562176648364461115e-02,4.898481626372560349e+00,-7.254016331359603234e-03,2.639991710224933938e-02,9.996251415526016260e-01,5.397106569265894827e-01,0.000000000000000000e+00,0.000000000000000000e+00,0.000000000000000000e+00,1.000000000000000056e-01
9.956045175084502485e-01,-9.300047994127805251e-02,1.107047638803082719e-02,6.666285163998828978e+01,9.326048020697902396e-02,9.953047999877731034e-01,-2.590053962493335526e-02,4.972920313501530742e+00,-8.609735671301495599e-03,2.681913220055804487e-02,9.996032245844744812e-01,5.520603665684647998e-01,0.000000000000000000e+00,0.000000000000000000e+00,0.000000000000000000e+00,1.000000000000000056e-01
9.952964154358182602e-01,-9.588933518322467764e-02,1.379423135699433568e-02,6.745946575656681432e+01,9.620757811990951480e-02,9.950565174316124972e-01,-2.462984021817136993e-02,5.064951693695114443e+00,-1.136430081054722908e-02,2.584110127278505670e-02,9.996014656612389748e-01,5.600544486329162019e-01,0.000000000000000000e+00,0.000000000000000000e+00,0.000000000000000000e+00,1.000000000000000056e-01
9.951899075515582282e-01,-9.654853355354493794e-02,1.659604097913401285e-02,6.820080748194587272e+01,9.692112758052519317e-02,9.950183404788277564e-01,-2.334088985619945170e-02,5.143812291870043296e+00,-1.425983646612567768e-02,2.483712502323250429e-02,9.995898030114851451e-01,5.674876797932412176e-01,0.000000000000000000e+00,0.000000000000000000e+00,0.000000000000000000e+00,1.000000000000000056e-01
9.949603823990992302e-01,-9.863635608422466339e-02,1.801962026970141059e-02,6.892835268888440226e+01,9.900475716867965237e-02,9.948686353785334280e-01,-2.084361768085114808e-02,5.217456816398617470e+00,-1.587121653210532904e-02,2.252260194739388877e-02,9.996203463752176832e-01,5.732433600586521738e-01,0.000000000000000000e+00,0.000000000000000000e+00,0.000000000000000000e+00,1.000000000000000056e-01
9.950770491213155600e-01,-9.795586027904035209e-02,1.504379436870871729e-02,6.959608080092306182e+01,9.824112826957567823e-02,9.949703135623705341e-01,-1.956414695096361095e-02,5.298221022042548967e+00,-1.305170595499473112e-02,2.094575294877808885e-02,9.996954178173835803e-01,5.857712293739916198e-01,0.000000000000000000e+00,0.000000000000000000e+00,0.000000000000000000e+00,1.000000000000000056e-01
9.950649790023268215e-01,-9.877156877895083842e-02,9.479702740273996189e-03,7.028685440266890794e+01,9.893720080845676279e-02,9.949128170811121219e-01,-1.897147078939135159e-02,5.373053940005394047e+00,-7.557635826505313889e-03,1.981574143630792859e-02,9.997750839724118821e-01,5.878548797504938861e-01,0.000000000000000000e+00,0.000000000000000000e+00,0.000000000000000000e+00,1.000000000000000056e-01
9.952153024378407320e-01,-9.765556863372772123e-02,3.145108643659268871e-03,7.101702637681282226e+01,9.770091105409910159e-02,9.949806773401311810e-01,-2.163293089187907914e-02,5.435211640831356661e+00,-1.016746161115814713e-03,2.183670384002797671e-02,9.997610337438875838e-01,6.056558215563435654e-01,0.000000000000000000e+00,0.000000000000000000e+00,0.000000000000000000e+00,1.000000000000000056e-01
9.950825528828348698e-01,-9.904859727508760758e-02,2.971969343071122595e-04,7.171493436420468015e+01,9.903479192783670726e-02,9.948840039998353424e-01,-1.994814710858325291e-02,5.510925698178851917e+00,1.680159513362330156e-03,1.987948598664206201e-02,9.998009717443350208e-01,6.057744061447219996e-01,0.000000000000000000e+00,0.000000000000000000e+00,0.000000000000000000e+00,1.000000000000000056e-01
9.950451997675149318e-01,-9.937910559577049774e-02,2.973851141367369645e-03,7.237372106589612031e+01,9.941801596787309958e-02,9.948609624683507624e-01,-1.917611685296470581e-02,5.585127178425957517e+00,-1.052863067090730994e-03,1.937675740498201460e-02,9.998116986472155299e-01,6.177472990819894427e-01,0.000000000000000000e+00,0.000000000000000000e+00,0.000000000000000000e+00,1.000000000000000056e-01
9.949195407564531690e-01,-1.004685304994126921e-01,6.417304750189280899e-03,7.297687263101587973e+01,1.005805123192388822e-01,9.947170565082116278e-01,-2.053139141019641456e-02,5.651512923239899955e+00,-4.320643767733747115e-03,2.107253831240633174e-02,9.997686133133528719e-01,6.330616289238016892e-01,0.000000000000000000e+00,0.000000000000000000e+00,0.000000000000000000e+00,1.000000000000000056e-01
9.949020712092765395e-01,-1.007810602604324868e-01,3.612007236246946463e-03,7.356634462977103794e+01,1.008362852700864509e-01,9.946613644013964084e-01,-2.192746542768381213e-02,5.703753343505910678e+00,-1.382850831207152725e-03,2.217990216244423995e-02,9.997530393370369639e-01,6.526087181080144628e-01,0.000000000000000000e+00,0.000000000000000000e+00,0.000000000000000000e+00,1.000000000000000056e-01
9.948867554987280704e-01,-1.009965583048078736e-01,1.973418292318515534e-04,7.420626070866296686e+01,1.009592742113151337e-01,9.944624592675868069e-01,-2.918290695231752496e-02,5.754750463563365059e+00,2.751124122699248088e-03,2.905361110166324035e-02,9.995740687903097443e-01,6.686552491575918911e-01,0.000000000000000000e+00,0.000000000000000000e+00,0.000000000000000000e+00,1.000000000000000056e-01
9.950232171664180614e-01,-9.960334076361061773e-02,-2.823439129718188518e-03,7.482948744452993139e+01,9.945678718399354745e-02,9.944945695962941201e-01,-3.299846248720644803e-02,5.824542352136712786e+00,6.094651985878871137e-03,3.255342612091417787e-02,9.994514143593780098e-01,6.946743341466382615e-01,0.000000000000000000e+00,0.000000000000000000e+00,0.000000000000000000e+00,1.000000000000000056e-01
9.954480568445503996e-01,-9.527882011402190321e-02,-2.261097540714308504e-03,7.543482139142960818e+01,9.516670261195754599e-02,9.949976522023050718e-01,-3.038043491900776355e-02,5.877616916647866674e+00,5.144398738045031887e-03,3.002696370898481903e-02,9.995358505886836609e-01,7.073657233252852450e-01,0.000000000000000000e+00,0.000000000000000000e+00,0.000000000000000000e+00,1.000000000000000056e-01
9.959138063967258869e-01,-9.030881362250844924e-02,9.170866770277091851e-05,7.599956101720997026e+01,9.028155124025308287e-02,9.955871619084317725e-01,-2.560165128986069058e-02,5.955910316258578696e+00,2.220750782563877049e-03,2.550531758690919096e-02,9.996722198004467375e-01,7.107765337421949603e-01,0.000000000000000000e+00,0.000000000000000000e+00,0.000000000000000000e+00,1.000000000000000056e-01
9.965101941590918111e-01,-8.342425197769035017e-02,2.797698870866093153e-03,7.655800768126763955e+01,8.346940423048401780e-02,9.961462620662417944e-01,-2.693479401930568007e-02,5.994880533578186288e+00,-5.399022293664603768e-04,2.707431907578093655e-02,9.996332776334356796e-01,7.246758916415707574e-01,0.000000000000000000e+00,0.000000000000000000e+00,0.000000000000000000e+00,1.000000000000000056e-01
9.970611959747232023e-01,-7.627960799611636922e-02,7.098794645102372847e-03,7.713492295929584941e+01,7.646741791208395977e-02,9.965690906967542562e-01,-3.166672489701276988e-02,6.023217040753670481e+00,-4.658913962847668552e-03,3.211648909521720024e-02,9.994732741043572677e-01,7.368083579933879523e-01,0.000000000000000000e+00,0.000000000000000000e+00,0.000000000000000000e+00,1.000000000000000056e-01
9.977329914061042748e-01,-6.663306784199084232e-02,9.429322870243993585e-03,7.768287132181748689e+01,6.692570110731209387e-02,9.971379532098184617e-01,-3.516891809294911408e-02,6.043844716563830488e+00,-7.058922801772728531e-03,3.572025389745267510e-02,9.993368976828486128e-01,7.514502266326553714e-01,0.000000000000000000e+00,0.000000000000000000e+00,0.000000000000000000e+00,1.000000000000000056e-01
9.983669822736761512e-01,-5.641531259439822032e-02,8.982272019351434864e-03,7.817926286144020764e+01,5.668426271250835702e-02,9.978398554009911825e-01,-3.320417645520408467e-02,6.082169108835343785e+00,-7.089645018802109497e-03,3.365910691336487792e-02,9.994082256291980659e-01,7.593028972180594360e-01,0.000000000000000000e+00,0.000000000000000000e+00,0.000000000000000000e+00,1.000000000000000056e-01
9.991403470341909676e-01,-4.063024245771945653e-02,8.231058633209517236e-03,7.867111177224005303e+01,4.084757290301919974e-02,9.987666308365479306e-01,-2.822574915468667109e-02,6.123106845571305357e+00,-7.074087667603061978e-03,2.853770357330271193e-02,9.995676849310572987e-01,7.563739125182599166e-01,0.000000000000000000e+00,0.000000000000000000e+00,0.000000000000000000e+00,1.000000000000000056e-01
9.996622175566278745e-01,-2.445788891562581183e-02,8.789906686433916760e-03,7.915113296033185009e+01,2.465002485255051237e-02,9.994438306312317666e-01,-2.245897789166639152e-02,6.139104896482168172e+00,-8.235718823147719636e-03,2.266806306151070149e-02,9.997091236217190424e-01,7.602346651117031229e-01,0.000000000000000000e+00,0.000000000000000000e+00,0.000000000000000000e+00,1.000000000000000056e-01
9.999577451890335755e-01,1.425768271984160888e-03,9.081575925924272735e-03,7.964520672143542868e+01,-1.213419819459278081e-03,9.997267301153530683e-01,-2.334507882200868162e-02,6.152264855654475895e+00,-9.112378877409971906e-03,2.333307261589562254e-02,9.996862169068331250e-01,7.635785692280194770e-01,0.000000000000000000e+00,0.000000000000000000e+00,0.000000000000000000e+00,1.000000000000000056e-01
9.995982260528816221e-01,2.598885357311929781e-02,1.131220411269169383e-02,8.014276980476829237e+01,-2.570627425336059410e-02,9.993705682384363964e-01,-2.444697942069178412e-02,6.144188833058619181e+00,-1.194043282059929593e-02,2.414636263994396695e-02,9.996371237780823371e-01,7.784282672799389680e-01,0.000000000000000000e+00,0.000000000000000000e+00,0.000000000000000000e+00,1.000000000000000056e-01
9.985229842670048095e-01,5.271774556126282429e-02,1.314112603443190995e-02,8.062547058047451287e+01,-5.240983209469482484e-02,9.983660951689486973e-01,-2.276729050439830343e-02,6.123714175675465832e+00,-1.431989491304902322e-02,2.204493864912583645e-02,9.996544209323717789e-01,7.823187972266532064e-01,0.000000000000000000e+00,0.000000000000000000e+00,0.000000000000000000e+00,1.000000000000000056e-01
9.964313471995832616e-01,8.323356585289126697e-02,1.402654032311493985e-02,8.111899265665195458e+01,-8.291676160237962390e-02,9.963173693931690611e-01,-2.182911108702530883e-02,6.082219249526936267e+00,-1.579180051158508846e-02,2.058817526853610330e-02,9.996633163599204508e-01,7.804903084769903021e-01,0.000000000000000000e+00,0.000000000000000000e+00,0.000000000000000000e+00,1.000000000000000056e-01
