1.000000000000000000e+00,-2.361920230081143337e-12,1.162771580209145878e-12,1.817489224714250063e-19,2.361920230081476955e-12,1.000000000000000000e+00,-2.871878001860504624e-13,5.411563432728943242e-19,-1.162771580208467736e-12,2.871878001887968595e-13,1.000000000000000000e+00,-3.622799303211547393e-19,0.000000000000000000e+00,0.000000000000000000e+00,0.000000000000000000e+00,1.000000000000000056e-01
9.999990314764786170e-01,-6.304806943074804269e-04,-1.240782091598407414e-03,6.468619814063809592e-01,6.271633163232890945e-04,9.999962330157448065e-01,-2.672193947847070154e-03,-4.490953001233248532e-03,1.242462184287367218e-03,2.671413186752976451e-03,9.999956599102349797e-01,-3.715290651188880920e-04,0.000000000000000000e+00,0.000000000000000000e+00,0.000000000000000000e+00,1.000000000000000056e-01
9.999803579137868104e-01,-5.429174762924925644e-03,-3.131748394808359353e-03,1.307175529616818155e+00,5.420423660747982104e-03,9.999814003251989991e-01,-2.796070634310295153e-03,5.314460465658078954e-03,3.146870501429809962e-03,2.779040310551109550e-03,9.999911870316655627e-01,4.362573683869096566e-03,0.000000000000000000e+00,0.000000000000000000e+00,0.000000000000000000e+00,1.000000000000000056e-01
9.999362883523401635e-01,-9.952989735758298664e-03,-5.325150839697048721e-03,2.004906959562208435e+00,9.937691148623377727e-03,9.999464388021891414e-01,-2.891681423387209952e-03,1.418723658438552845e-02,5.353646493765606626e-03,2.838577485234476845e-03,9.999816403050008073e-01,8.817004503356856010e-03,0.000000000000000000e+00,0.000000000000000000e+00,0.000000000000000000e+00,1.000000000000000056e-01
9.998570807479330025e-01,-1.610157451731810893e-02,-5.153384934635187389e-03,2.702843765945027510e+00,1.609415382387452062e-02,9.998693880201269257e-01,-1.478212755419464628e-03,2.266065056556931107e-02,5.176513393659662801e-03,1.395062120506407885e-03,9.999856286521148219e-01,1.664964575336720654e-02,0.000000000000000000e+00,0.000000000000000000e+00,0.000000000000000000e+00,1.000000000000000056e-01
9.997517975487324460e-01,-2.135514413072099257e-02,-6.348316094405195148e-03,3.410883684940571481e+00,2.134561323034646005e-02,9.997709310513890335e-01,-1.565318005733018015e-03,3.076925482140993942e-02,6.380289483934840911e-03,1.429420789951824913e-03,9.999786241026887845e-01,3.034319458675805922e-02,0.000000000000000000e+00,0.000000000000000000e+00,0.000000000000000000e+00,1.000000000000000056e-01
9.996522544774248953e-01,-2.533568342891826322e-02,-7.312541513817592299e-03,4.129948533783244891e+00,2.533312610479684576e-02,9.996789670829092644e-01,-4.421468149494902473e-04,5.368807907804450802e-02,7.321396039016729064e-03,2.567435240581677157e-04,9.999731652613497168e-01,4.089508723485598546e-02,0.000000000000000000e+00,0.000000000000000000e+00,0.000000000000000000e+00,1.000000000000000056e-01
9.994980201421599375e-01,-3.008499564159571732e-02,-9.929791999211876746e-03,4.893414165200742794e+00,3.009954651638382245e-02,9.995460355104793804e-01,1.319164429271546968e-03,8.577134754157332563e-02,9.885597170150726282e-03,-1.617384471477167560e-03,9.999498282594286858e-01,5.568747315814728122e-02,0.000000000000000000e+00,0.000000000000000000e+00,0.000000000000000000e+00,1.000000000000000056e-01
9.993433386242722705e-01,-3.477325964300530953e-02,-1.018390696605578349e-02,5.655656170279362627e+00,3.479379611648538567e-02,9.993928070750681680e-01,1.846325653814520108e-03,1.261026792279068276e-01,1.011352060845219572e-02,-2.199450025716844816e-03,9.999464381258061918e-01,6.016195849614542485e-02,0.000000000000000000e+00,0.000000000000000000e+00,0.000000000000000000e+00,1.000000000000000056e-01
9.992102930668844696e-01,-3.889829600427965883e-02,-8.106343019782585521e-03,6.438747026564001885e+00,3.891502922678928555e-02,9.992406850098674020e-01,1.916747580947964543e-03,1.623467365595490652e-01,8.025629537243306535e-03,-2.230692487631475828e-03,9.999653060389428472e-01,7.106805140942952514e-02,0.000000000000000000e+00,0.000000000000000000e+00,0.000000000000000000e+00,1.000000000000000056e-01
9.991037427628230994e-01,-4.181474824703287907e-02,-6.575562816662297756e-03,7.236617683033323090e+00,4.182447868455101136e-02,9.991240626269427549e-01,1.349245195868613431e-03,2.025603757239726743e-01,6.513384687253533263e-03,-1.623055411961508510e-03,9.999774705017335785e-01,8.611452447632485241e-02,0.000000000000000000e+00,0.000000000000000000e+00,0.000000000000000000e+00,1.000000000000000056e-01
9.991211487777844624e-01,-4.145932841381606837e-02,-6.168804781776636437e-03,8.032326439748748825e+00,4.147164202733751026e-02,9.991379094361027002e-01,1.881710713848175863e-03,2.422444034573741078e-01,6.085472250918514889e-03,-2.135887433733822671e-03,9.999792022899044452e-01,1.003662948051744913e-01,0.000000000000000000e+00,0.000000000000000000e+00,0.000000000000000000e+00,1.000000000000000056e-01
9.990401958147993033e-01,-4.333914520223769440e-02,-6.356543043739188575e-03,8.867528564294296700e+00,4.333938497157752145e-02,9.990604024247841108e-01,-1.000855325900292902e-04,2.887543938569844260e-01,6.354908072738097921e-03,-1.754991959840444446e-04,9.999797919675272873e-01,1.153612106415569383e-01,0.000000000000000000e+00,0.000000000000000000e+00,0.000000000000000000e+00,1.000000000000000056e-01
9.989011831455274493e-01,-4.645520071146066327e-02,-6.191981695975116995e-03,9.642558284613157227e+00,4.645364138511840629e-02,9.989203685922429798e-01,-3.954915932136698485e-04,3.524885930529605416e-01,6.203669279402322656e-03,1.074169232171990761e-04,9.999807512892817662e-01,1.317753282696551564e-01,0.000000000000000000e+00,0.000000000000000000e+00,0.000000000000000000e+00,1.000000000000000056e-01
9.988329969441972489e-01,-4.804269844255387029e-02,-4.954123719805996438e-03,1.042539276776975576e+01,4.804355881579872728e-02,9.988452399946841087e-01,5.473823816922803603e-05,3.589021387999951629e-01,4.945773123203337819e-03,-2.926880927912582793e-04,9.999877267556308569e-01,1.384660299249821369e-01,0.000000000000000000e+00,0.000000000000000000e+00,0.000000000000000000e+00,1.000000000000000056e-01
9.987790245797494304e-01,-4.901722032295573878e-02,-6.145906876533520705e-03,1.122784913586841071e+01,4.900903336054362319e-02,9.987972450332560648e-01,-1.475792344135952883e-03,4.108594759552765541e-01,6.210854094996068331e-03,1.172785482815543161e-03,9.999800247333053838e-01,1.643330033683548796e-01,0.000000000000000000e+00,0.000000000000000000e+00,0.000000000000000000e+00,1.000000000000000056e-01
9.986535827554191558e-01,-5.138513032770845868e-02,-7.112666937902517063e-03,1.209555101146652412e+01,5.138010856955416150e-02,9.986787759438054968e-01,-8.870866717379738767e-04,4.617310616405106982e-01,7.148852575479689754e-03,5.204426834571984715e-04,9.999743111931762574e-01,1.756749526410156526e-01,0.000000000000000000e+00,0.000000000000000000e+00,0.000000000000000000e+00,1.000000000000000056e-01
9.985031825815992024e-01,-5.419262830158206451e-02,-7.386028173802354664e-03,1.299372905608996476e+01,5.419461543678447818e-02,9.985303895699247922e-01,6.901444271551580444e-05,5.327818752112675194e-01,7.371433515719782135e-03,-4.691940971800121190e-04,9.999727205403268204e-01,1.964961097390018063e-01,0.000000000000000000e+00,0.000000000000000000e+00,0.000000000000000000e+00,1.000000000000000056e-01
9.986589541975914308e-01,-5.094952891611932710e-02,-9.189053498508624115e-03,1.388363266785568406e+01,5.098214606842414731e-02,9.986939435546913213e-01,3.350804297016449391e-03,5.834673267827026333e-01,9.006330175537513236e-03,-3.814788382670773921e-03,9.999521655591154801e-01,2.088037955945878377e-01,0.000000000000000000e+00,0.000000000000000000e+00,0.000000000000000000e+00,1.000000000000000056e-01
9.978913205425951061e-01,-6.418453830172451968e-02,-9.656988596355036564e-03,1.481592299295817483e+01,6.424647978504668955e-02,9.979145108860641988e-01,6.246502882158959727e-03,7.115967961285135646e-01,9.235920148272170477e-03,-6.853758532490880975e-03,9.999338596992268791e-01,2.280850714772970633e-01,0.000000000000000000e+00,0.000000000000000000e+00,0.000000000000000000e+00,1.000000000000000056e-01
9.976586494454899867e-01,-6.769912800587499224e-02,-9.697796339632183335e-03,1.577731670852265822e+01,6.773749087719777018e-02,9.976963799245189835e-01,3.683180035165789859e-03,7.742186778089943378e-01,9.426108224626908103e-03,-4.331460810632851294e-03,9.999461920178422947e-01,2.343676728144614141e-01,0.000000000000000000e+00,0.000000000000000000e+00,0.000000000000000000e+00,1.000000000000000056e-01
9.975610010738829025e-01,-6.943730473070516829e-02,-7.107028085483879133e-03,1.670256669029338426e+01,6.946058923859896317e-02,9.975799314747353375e-01,3.083319881083950754e-03,8.584805519712839228e-01,6.875731168340959605e-03,-3.569458025758093754e-03,9.999699911948873865e-01,2.525527061746284385e-01,0.000000000000000000e+00,0.000000000000000000e+00,0.000000000000000000e+00,1.000000000000000056e-01
9.973681776501333029e-01,-7.219231207171065978e-02,-6.707330958956518423e-03,1.758205760958911767e+01,7.222098020459995216e-02,9.973800849975389404e-01,4.134739240730867654e-03,9.377965884315129230e-01,6.391261936348685731e-03,-4.608267357998739253e-03,9.999689573395856845e-01,2.721531941478546046e-01,0.000000000000000000e+00,0.000000000000000000e+00,0.000000000000000000e+00,1.000000000000000056e-01
9.972916970662261127e-01,-7.323509582301514220e-02,-6.774341485367543596e-03,1.849136082863957498e+01,7.327182240252076706e-02,9.972977012241774908e-01,5.341832530565296042e-03,1.007460211194037170e+00,6.364825573418182898e-03,-5.823733576060917058e-03,9.999627858688817650e-01,2.858877773104691600e-01,0.000000000000000000e+00,0.000000000000000000e+00,0.000000000000000000e+00,1.000000000000000056e-01
9.973332842274408305e-01,-7.260827808438809206e-02,-7.372796330216479198e-03,1.940821254939148588e+01,7.264115004153902377e-02,9.973489032715269209e-01,4.292838655830619188e-03,1.078601762093838623e+00,7.041554711091783762e-03,-4.816959279727027129e-03,9.999636060430140416e-01,3.067060481348505840e-01,0.000000000000000000e+00,0.000000000000000000e+00,0.000000000000000000e+00,1.000000000000000056e-01
9.972767309983965323e-01,-7.351433955907461792e-02,-5.896073977234818179e-03,2.033539389960916210e+01,7.351298576312713384e-02,9.972941600869982270e-01,-4.462964923415696375e-04,1.131240740523969723e+00,5.912929336819226951e-03,1.164310459164394980e-05,9.999825184127449917e-01,3.254495771766149903e-01,0.000000000000000000e+00,0.000000000000000000e+00,0.000000000000000000e+00,1.000000000000000056e-01
9.974140521449569308e-01,-7.183665732948713023e-02,-2.168697190245968964e-03,2.125115399361477131e+01,7.183600762936298567e-02,9.974163857451059378e-01,-3.761050972989445681e-04,1.212038066132412606e+00,2.190112246265238372e-03,2.193419612250261015e-04,9.999975776457925569e-01,3.306827660374524469e-01,0.000000000000000000e+00,0.000000000000000000e+00,0.000000000000000000e+00,1.000000000000000056e-01
9.973969230374571948e-01,-7.210645548915829706e-02,-1.923335714788105253e-04,2.221315698004241312e+01,7.210611531478357261e-02,9.973959726772864132e-01,-1.407771764472518861e-03,1.293445959684350610e+00,2.933421616774360718e-04,1.390238799539946857e-03,9.999989905927187950e-01,3.487324158850326206e-01,0.000000000000000000e+00,0.000000000000000000e+00,0.000000000000000000e+00,1.000000000000000056e-01
9.975430378227281292e-01,-7.004728603592488834e-02,1.124904620202529662e-03,2.318524152776285874e+01,7.004970735499635448e-02,9.975408950697847166e-01,-2.280605808133343015e-03,1.359736577175330474e+00,-9.623881143274598277e-04,2.353801685368962955e-03,9.999967667081446354e-01,3.628972564165355297e-01,0.000000000000000000e+00,0.000000000000000000e+00,0.000000000000000000e+00,1.000000000000000056e-01
9.978424062097481784e-01,-6.561389025882340131e-02,2.312957985586765880e-03,2.411529301312056717e+01,6.562254923464160006e-02,9.978369314941601953e-01,-3.890909696420631787e-03,1.423498458841378600e+00,-2.052657177184877280e-03,4.034296893108029088e-03,9.999897554710703851e-01,3.690959461449446755e-01,0.000000000000000000e+00,0.000000000000000000e+00,0.000000000000000000e+00,1.000000000000000056e-01
9.979633281639264109e-01,-6.378912444216244815e-02,-3.784744135714177352e-04,2.507205848735935305e+01,6.378638767051061920e-02,9.979506487535163561e-01,-5.079311014607099800e-03,1.492572468920762452e+00,7.017035889514216217e-04,5.044824609249555156e-03,9.999870285942389359e-01,3.804285298068560972e-01,0.000000000000000000e+00,0.000000000000000000e+00,0.000000000000000000e+00,1.000000000000000056e-01
9.980413832183869793e-01,-6.232229467650533816e-02,-5.415622751226114445e-03,2.602738982112137833e+01,6.230280319719658233e-02,9.980504483263727966e-01,-3.696391388584058853e-03,1.565224291482520513e+00,5.635432308186760081e-03,3.351743095919067304e-03,9.999785036294124296e-01,3.891201371053179536e-01,0.000000000000000000e+00,0.000000000000000000e+00,0.000000000000000000e+00,1.000000000000000056e-01
9.981045640741101899e-01,-6.091168967116198513e-02,-8.777541559831441437e-03,2.698240114731914829e+01,6.087092230175918800e-02,9.981339144610004155e-01,-4.839382284283776786e-03,1.631163853766294691e+00,9.055936868359083097e-03,4.295912494954068003e-03,9.999497663099241596e-01,4.087630380414478681e-01,0.000000000000000000e+00,0.000000000000000000e+00,0.000000000000000000e+00,1.000000000000000056e-01
9.981574435056859151e-01,-6.022651301843544303e-02,-7.381402565483182431e-03,2.795311559437489635e+01,6.016818088834895162e-02,9.981571080374748162e-01,-7.885282674185662560e-03,1.685329864230793673e+00,7.842702517653976982e-03,7.426628030615124373e-03,9.999416669052823003e-01,4.326468431040469964e-01,0.000000000000000000e+00,0.000000000000000000e+00,0.000000000000000000e+00,1.000000000000000056e-01
9.982160036961232885e-01,-5.955408166131045261e-02,-4.256914659610774518e-03,2.896358709893899430e+01,5.950411763429195450e-02,9.981670975843471849e-01,-1.103201181130006835e-02,1.732844252265847373e+00,4.906113482746651822e-03,1.075902679233976290e-02,9.999300842523821675e-01,4.493342935616531086e-01,0.000000000000000000e+00,0.000000000000000000e+00,0.000000000000000000e+00,1.000000000000000056e-01
9.982285876327041674e-01,-5.948304497931459350e-02,-1.205899168893852756e-03,2.992149796621020741e+01,5.945577871433179590e-02,9.980994594955200361e-01,-1.620121391202156494e-02,1.780480378435367550e+00,2.167304844527327082e-03,1.610081720719505269e-02,9.998680245287231427e-01,4.573265697958331377e-01,0.000000000000000000e+00,0.000000000000000000e+00,0.000000000000000000e+00,1.000000000000000056e-01
9.982649580984606086e-01,-5.884597346569453435e-02,-2.055441449752868927e-03,3.085093973574908688e+01,5.878471114086089577e-02,9.980149358133726389e-01,-2.259525679241624133e-02,1.825895832759483195e+00,3.381001148200335048e-03,2.243522454321468171e-02,9.997425816333579407e-01,4.781384038512547230e-01,0.000000000000000000e+00,0.000000000000000000e+00,0.000000000000000000e+00,1.000000000000000056e-01
9.982807816978898074e-01,-5.839616766599074749e-02,-5.036714660927532616e-03,3.180003373893531915e+01,5.825064573120718181e-02,9.979799582930690693e-01,-2.535478489874289781e-02,1.864377666292442726e+00,6.507162557328667954e-03,2.501780260713604154e-02,9.996658273584042576e-01,4.920835126399175641e-01,0.000000000000000000e+00,0.000000000000000000e+00,0.000000000000000000e+00,1.000000000000000056e-01
9.982853734398912104e-01,-5.796510988686238985e-02,-8.146116361863263433e-03,3.278824443558454504e+01,5.773407109145084481e-02,9.979881840910873603e-01,-2.619850090713557456e-02,1.936961170000501609e+00,9.648326859323791416e-03,2.568327180049011921e-02,9.996235688190019397e-01,5.068919610546914756e-01,0.000000000000000000e+00,0.000000000000000000e+00,0.000000000000000000e+00,1.000000000000000056e-01
9.982119398677100630e-01,-5.899773313868366537e-02,-9.601593099060879571e-03,3.376154332693829474e+01,5.872354667197954986e-02,9.979172966551923540e-01,-2.669483288309887695e-02,2.001096646015915415e+00,1.115653045561680948e-02,2.608326131620440289e-02,9.995975166572311776e-01,5.232148025338988484e-01,0.000000000000000000e+00,0.000000000000000000e+00,0.000000000000000000e+00,1.000000000000000056e-01
9.982059177841576814e-01,-5.924823612861617600e-02,-8.636678547631809755e-03,3.472996617538472464e+01,5.898593924020200524e-02,9.978664260841302314e-01,-2.798668730014748640e-02,2.071907037646993910e+00,1.027641341317971080e-02,2.742703428613418870e-02,9.995709845316782527e-01,5.501713954143196972e-01,0.000000000000000000e+00,0.000000000000000000e+00,0.000000000000000000e+00,1.000000000000000056e-01
9.981736220397554593e-01,-5.976481586102572879e-02,-8.808351101829000815e-03,3.571420098189153691e+01,5.952097775374572824e-02,9.978950821594378962e-01,-2.574214849709920844e-02,2.136997720979082693e+00,1.032828501124514152e-02,2.517085193445561808e-02,9.996298088500663592e-01,5.611746257333987131e-01,0.000000000000000000e+00,0.000000000000000000e+00,0.000000000000000000e+00,1.000000000000000056e-01
9.982702069910220910e-01,-5.820264070433897596e-02,-8.309419302423072876e-03,3.670128332525730031e+01,5.798462905283174873e-02,9.980185501787808278e-01,-2.442859579774786863e-02,2.205706758745005658e+00,9.714763389159697046e-03,2.390452078762233742e-02,9.996670431989876926e-01,5.863894563899291201e-01,0.000000000000000000e+00,0.000000000000000000e+00,0.000000000000000000e+00,1.000000000000000056e-01
9.982180296074374404e-01,-5.930525039399019843e-02,-6.607014632295585277e-03,3.771240640359345520e+01,5.912691448257306054e-02,9.979490538066495553e-01,-2.452945148557977503e-02,2.270303263672557303e+00,8.048189263165611562e-03,2.409508834013781783e-02,9.996772746078932403e-01,6.045370124975782966e-01,0.000000000000000000e+00,0.000000000000000000e+00,0.000000000000000000e+00,1.000000000000000056e-01
9.983512295796866942e-01,-5.722528345581499171e-02,-4.482112239710318337e-03,3.870638213410011019e+01,5.710008421008177376e-02,9.980721164030404990e-01,-2.432346278713734544e-02,2.331852368169742729e+00,5.865388301664551003e-03,2.402742999484782510e-02,9.996940931244484574e-01,6.362174660914191593e-01,0.000000000000000000e+00,0.000000000000000000e+00,0.000000000000000000e+00,1.000000000000000056e-01
9.983795542102820164e-01,-5.682486459803398615e-02,-3.033232317801999416e-03,3.972082853909917333e+01,5.675309945867429429e-02,9.981874515921305147e-01,-2.002241708290881245e-02,2.395487076376977331e+00,4.165505577055324433e-03,1.981782650603335083e-02,9.997949301311065406e-01,6.547156952594078705e-01,0.000000000000000000e+00,0.000000000000000000e+00,0.000000000000000000e+00,1.000000000000000056e-01
9.982797219361880803e-01,-5.857216342142482907e-02,-2.626488747511362878e-03,4.072999651139023314e+01,5.849744311232244615e-02,9.980276502364732183e-01,-2.277846598839644923e-02,2.465080820699780073e+00,3.955492425413027410e-03,2.258563781693662467e-02,9.997370869604040866e-01,6.739247581475775739e-01,0.000000000000000000e+00,0.000000000000000000e+00,0.000000000000000000e+00,1.000000000000000056e-01
9.983359536771414522e-01,-5.744400490318218866e-02,-5.050732247477660378e-03,4.174543616622346320e+01,5.732132423338208438e-02,9.981183107188824621e-01,-2.177392008380330674e-02,2.528490379363873775e+00,6.292009510801280930e-03,2.144817261137996894e-02,9.997501620444722015e-01,7.096036774229168564e-01,0.000000000000000000e+00,0.000000000000000000e+00,0.000000000000000000e+00,1.000000000000000056e-01
9.983889369595450036e-01,-5.631628536440244637e-02,-6.928676608478553066e-03,4.277724757905952657e+01,5.618530756075579280e-02,9.982610686514965526e-01,-1.783395719057739165e-02,2.604436974527935877e+00,7.920970337841521519e-03,1.741593573504621184e-02,9.998169549529453137e-01,7.358444487608923890e-01,0.000000000000000000e+00,0.000000000000000000e+00,0.000000000000000000e+00,1.000000000000000056e-01
9.984093022368446535e-01,-5.590447781887634970e-02,-7.318098573795614632e-03,4.383675043242678981e+01,5.575305985694185840e-02,9.982546124582575287e-01,-1.947626818469940999e-02,2.671265753274979726e+00,8.394136258441682943e-03,1.903728094063956641e-02,9.997835367772675008e-01,7.615266934208794192e-01,0.000000000000000000e+00,0.000000000000000000e+00,0.000000000000000000e+00,1.000000000000000056e-01
9.983867317762070703e-01,-5.635081849692846756e-02,-6.965563003099409754e-03,4.484247215097093431e+01,5.618388016415329367e-02,9.981735350100389148e-01,-2.220282899232881024e-02,2.730864396161400531e+00,8.203988232803941655e-03,2.177565751679517991e-02,9.997292209977596267e-01,7.945856748714192896e-01,0.000000000000000000e+00,0.000000000000000000e+00,0.000000000000000000e+00,1.000000000000000056e-01
9.985017337993296049e-01,-5.443210099433572202e-02,-5.606601562005483069e-03,4.582433753454046865e+01,5.429187351481813695e-02,9.982671387890281745e-01,-2.269608081185115617e-02,2.791428305338807814e+00,6.832281462559597340e-03,2.235768313823069398e-02,9.997266896180709850e-01,8.153067401733895547e-01,0.000000000000000000e+00,0.000000000000000000e+00,0.000000000000000000e+00,1.000000000000000056e-01
9.983245510236519182e-01,-5.730243828285996183e-02,-8.032520791311793459e-03,4.673779371377921166e+01,5.713072453929331912e-02,9.981626099280224151e-01,-2.018624420970921776e-02,2.847824389456714567e+00,9.174482930346483309e-03,1.969351945482716512e-02,9.997639692219574270e-01,8.397833128749081499e-01,0.000000000000000000e+00,0.000000000000000000e+00,0.000000000000000000e+00,1.000000000000000056e-01
9.984147028308164584e-01,-5.484414956209189562e-02,-1.265703085496075811e-02,4.769206236171913815e+01,5.460223616589600371e-02,9.983325622785343967e-01,-1.872674291114266934e-02,2.905483606983039202e+00,1.366297833330099368e-02,1.800595327071600679e-02,9.997445217003574358e-01,8.556893229907406306e-01,0.000000000000000000e+00,0.000000000000000000e+00,0.000000000000000000e+00,1.000000000000000056e-01
9.985136810394645845e-01,-5.318454520564491056e-02,-1.190936305127284281e-02,4.865424750313037094e+01,5.293442452824396321e-02,9.983892843911206239e-01,-2.041527645783180675e-02,2.965154843206687652e+00,1.297595764797164139e-02,1.975451756573090231e-02,9.997206527619919569e-01,8.819390924493543116e-01,0.000000000000000000e+00,0.000000000000000000e+00,0.000000000000000000e+00,1.000000000000000056e-01
9.987168961954863144e-01,-4.850928662633117311e-02,-1.453995751915048394e-02,4.961867457819762706e+01,4.821344810360866234e-02,9.986358014135601202e-01,-2.004992660976891855e-02,3.031349662958808366e+00,1.549272976640614884e-02,1.932317898537747047e-02,9.996932479907445490e-01,9.026151685226958543e-01,0.000000000000000000e+00,0.000000000000000000e+00,0.000000000000000000e+00,1.000000000000000056e-01
9.988035598551292527e-01,-4.754491678382832820e-02,-1.144245204228909636e-02,5.062743741616990434e+01,4.726822983263641309e-02,9.986093951586747508e-01,-2.334502836397508649e-02,3.093148827096219300e+00,1.253647754396376539e-02,2.277623298187344061e-02,9.996619828431734245e-01,9.408677317707749843e-01,0.000000000000000000e+00,0.000000000000000000e+00,0.000000000000000000e+00,1.000000000000000056e-01
9.989144378785845824e-01,-4.546288758972939076e-02,-1.015242087952558658e-02,5.157908087889639148e+01,4.522185462068677858e-02,9.987161186671633661e-01,-2.282757497111466763e-02,3.144399444472721683e+00,1.117719385073316987e-02,2.234368291934032622e-02,9.996878663719106495e-01,9.656440203383565013e-01,0.000000000000000000e+00,0.000000000000000000e+00,0.000000000000000000e+00,1.000000000000000056e-01
9.989542458730368280e-01,-4.456925081397946492e-02,-1.019786909667463534e-02,5.253749676592654794e+01,4.428141351922946362e-02,9.986569661023151356e-01,-2.689647694510397327e-02,3.183070553394630853e+00,1.138292883977240141e-02,2.641677378485303776e-02,9.995862058841291642e-01,9.915398911074262411e-01,0.000000000000000000e+00,0.000000000000000000e+00,0.000000000000000000e+00,1.000000000000000056e-01
9.989125181254355779e-01,-4.515578513990580606e-02,-1.160759237309999699e-02,5.352168008103775065e+01,4.479208139461516441e-02,9.985492013185649496e-01,-2.988581587298773379e-02,3.238225808360208458e+00,1.294026957368188922e-02,2.933338736754788345e-02,9.994859187646946141e-01,1.033065872508274863e+00,0.000000000000000000e+00,0.000000000000000000e+00,0.000000000000000000e+00,1.000000000000000056e-01
9.989239333689158284e-01,-4.482005835358545548e-02,-1.192215215282270424e-02,5.448294296464796815e+01,4.445911752644730180e-02,9.985905245154270693e-01,-2.898881192415247998e-02,3.277894106392007512e+00,1.320462841368157808e-02,2.842756966723559292e-02,9.995086348157633527e-01,1.051900145092109273e+00,0.000000000000000000e+00,0.000000000000000000e+00,0.000000000000000000e+00,1.000000000000000056e-01
9.988954182073718213e-01,-4.640977300715540960e-02,-7.353669406772686892e-03,5.542504166496645013e+01,4.615575821272891593e-02,9.984344655560482007e-01,-3.159531569104176429e-02,3.321240864186095543e+00,8.808488413337612136e-03,3.122100189348175903e-02,9.994736912858883660e-01,1.084752542083026849e+00,0.000000000000000000e+00,0.000000000000000000e+00,0.000000000000000000e+00,1.000000000000000056e-01
9.987701076529509336e-01,-4.954817829708456356e-02,-1.802799587611529208e-03,5.636654920893158049e+01,4.946639806995926925e-02,9.982737259052119061e-01,-3.166454846212217455e-02,3.367444499614078879e+00,3.368608154283244966e-03,3.153642647425469736e-02,9.994969266007458497e-01,1.121656835623298099e+00,0.000000000000000000e+00,0.000000000000000000e+00,0.000000000000000000e+00,1.000000000000000056e-01
9.987757356153568189e-01,-4.943974911535570227e-02,-1.655642900353872324e-03,5.732356869005435840e+01,4.937200516162131014e-02,9.983681473440539911e-01,-2.869577451685243960e-02,3.429147455668467792e+00,3.071653027873634100e-03,2.857890089229963085e-02,9.995868203270111829e-01,1.133693354725735958e+00,0.000000000000000000e+00,0.000000000000000000e+00,0.000000000000000000e+00,1.000000000000000056e-01
9.987055354004613639e-01,-5.064316596289442085e-02,-4.745872072912571751e-03,5.822720242313704375e+01,5.048866485150764472e-02,9.983206103967819933e-01,-2.840516816547167603e-02,3.482763303192691229e+00,6.176429550303027746e-03,2.812878593632011856e-02,9.995852255409535259e-01,1.151618539536208186e+00,0.000000000000000000e+00,0.000000000000000000e+00,0.000000000000000000e+00,1.000000000000000056e-01
9.984994581627801846e-01,-5.373296163045267193e-02,-1.056413191202611700e-02,5.914431037336377983e+01,5.341470559817483588e-02,9.981685419534582770e-01,-2.839773019745686633e-02,3.540665832184454853e+00,1.207067829472300603e-02,2.779083821923234582e-02,9.995408786220690844e-01,1.172650259557678210e+00,0.000000000000000000e+00,0.000000000000000000e+00,0.000000000000000000e+00,1.000000000000000056e-01
9.984225628889765725e-01,-5.381253883707901031e-02,-1.601863221737120230e-02,6.008765153541140336e+01,5.337415331648522054e-02,9.982191502684579776e-01,-2.664071686471887121e-02,3.599908679087501451e+00,1.742371005141753887e-02,2.574371187738183978e-02,9.995167210341298070e-01,1.206212330991491610e+00,0.000000000000000000e+00,0.000000000000000000e+00,0.000000000000000000e+00,1.000000000000000056e-01
9.983977510397422650e-01,-5.430861125263572453e-02,-1.589042046627148902e-02,6.100049207711325039e+01,5.392618774304053231e-02,9.982664928787127190e-01,-2.357913211162464967e-02,3.668391220142726006e+00,1.714342422875771849e-02,2.268444267433501055e-02,9.995956777949110972e-01,1.223070347267758429e+00,0.000000000000000000e+00,0.000000000000000000e+00,0.000000000000000000e+00,1.000000000000000056e-01
9.983786149879622096e-01,-5.535960686047185220e-02,-1.324594515209742696e-02,6.191976378314262064e+01,5.506934128950279062e-02,9.982540869575139419e-01,-2.135756359139515115e-02,3.727953137427548747e+00,1.440516520761348646e-02,2.059348928361152964e-02,9.996841498265675030e-01,1.258346651208144262e+00,0.000000000000000000e+00,0.000000000000000000e+00,0.000000000000000000e+00,1.000000000000000056e-01
9.982338454982261355e-01,-5.811794366684363417e-02,-1.230830312273322596e-02,6.280430510134758748e+01,5.785158121913299561e-02,9.981044733881474507e-01,-2.099177822422092221e-02,3.790911460999189853e+00,1.350497139091948531e-02,2.024264870283546541e-02,9.997038816175638498e-01,1.294658810765435764e+00,0.000000000000000000e+00,0.000000000000000000e+00,0.000000000000000000e+00,1.000000000000000056e-01
9.983014901536013674e-01,-5.643801150270873895e-02,-1.445287565569864166e-02,6.363167843542805002e+01,5.613445426772335073e-02,9.982104331323969904e-01,-2.061199237573345042e-02,3.853317465475136316e+00,1.559031113107900435e-02,1.976567841619746371e-02,9.996830798586038291e-01,1.324255336354079438e+00,0.000000000000000000e+00,0.000000000000000000e+00,0.000000000000000000e+00,1.000000000000000056e-01
9.982726374367958400e-01,-5.735417256993245033e-02,-1.273735584028128434e-02,6.445240327401064917e+01,5.711639123513213151e-02,9.981996617880311007e-01,-1.830718598080328940e-02,3.900905752408243110e+00,1.376441779585542077e-02,1.754805103362783170e-02,9.997512724211269353e-01,1.350464634846078482e+00,0.000000000000000000e+00,0.000000000000000000e+00,0.000000000000000000e+00,1.000000000000000056e-01
9.981489857763320428e-01,-5.916184307372266554e-02,-1.408824040822569297e-02,6.526253533963202358e+01,5.889722248627301399e-02,9.980924151501769925e-01,-1.851075371477739137e-02,3.951885988176551123e+00,1.515649620071228727e-02,1.764673181659715331e-02,9.997294001274099617e-01,1.380501486574080339e+00,0.000000000000000000e+00,0.000000000000000000e+00,0.000000000000000000e+00,1.000000000000000056e-01
9.981145509023408025e-01,-6.007001182131047057e-02,-1.260702013982876492e-02,6.606864921428807236e+01,5.983124764638052262e-02,9.980364790280131793e-01,-1.853127989221766900e-02,3.994548259982160232e+00,1.369544019357948027e-02,1.774204636319741749e-02,9.997487958026006760e-01,1.413195623303634907e+00,0.000000000000000000e+00,0.000000000000000000e+00,0.000000000000000000e+00,1.000000000000000056e-01
9.980112801702846204e-01,-6.167416994753772280e-02,-1.303001972952772675e-02,6.681945851087793642e+01,6.143623861679309989e-02,9.979498901969677815e-01,-1.793335552762932023e-02,4.048308189015375369e+00,1.410933157488714410e-02,1.709717570659340102e-02,9.997542764826603534e-01,1.436573795674676246e+00,0.000000000000000000e+00,0.000000000000000000e+00,0.000000000000000000e+00,1.000000000000000056e-01
9.979283839565049608e-01,-6.331736927696970940e-02,-1.139522890521475762e-02,6.760784921386691337e+01,6.311373376813061986e-02,9.978542731654721498e-01,-1.742142747460370331e-02,4.103245988272989031e+00,1.247385681350867900e-02,1.666614152259609724e-02,9.997832978315575048e-01,1.456336055526021855e+00,0.000000000000000000e+00,0.000000000000000000e+00,0.000000000000000000e+00,1.000000000000000056e-01
9.978117128774516287e-01,-6.564764223648400510e-02,-7.884967555841995365e-03,6.835951008257841011e+01,6.552071325715977390e-02,9.977323429596579585e-01,-1.540155662602170177e-02,4.162845097982680542e+00,8.878163032921144657e-03,1.485122489972144806e-02,9.998502984647945624e-01,1.480630138007174690e+00,0.000000000000000000e+00,0.000000000000000000e+00,0.000000000000000000e+00,1.000000000000000056e-01
9.979202766509516209e-01,-6.406490359769231868e-02,-7.128083606874974221e-03,6.905435617625248312e+01,6.397281231973464544e-02,9.978736806624370903e-01,-1.247384163377303519e-02,4.211855062055182231e+00,7.912062486622462032e-03,1.199189593929295659e-02,9.998967915234996395e-01,1.506098410827592105e+00,0.000000000000000000e+00,0.000000000000000000e+00,0.000000000000000000e+00,1.000000000000000056e-01
9.979888826362315335e-01,-6.276519666462225533e-02,-8.872441723527165272e-03,6.971768911656668877e+01,6.267308844197884421e-02,9.979809159132193574e-01,-1.030414761907482574e-02,4.260548268517638348e+00,9.501269369404834533e-03,9.727361444044350242e-03,9.999075478861567667e-01,1.538246038871566190e+00,0.000000000000000000e+00,0.000000000000000000e+00,0.000000000000000000e+00,1.000000000000000056e-01
9.977255011878084501e-01,-6.597365936502881667e-02,-1.383114418707157359e-02,7.040506411887088234e+01,6.584424500099285427e-02,9.977836101787463940e-01,-9.612630176839040419e-03,4.320894594856842907e+00,1.443466936876783291e-02,8.680065014422182895e-03,9.998581383334136374e-01,1.561339419302708365e+00,0.000000000000000000e+00,0.000000000000000000e+00,0.000000000000000000e+00,1.000000000000000056e-01
9.977096281139588019e-01,-6.530284862536891999e-02,-1.763621076416696520e-02,7.114568769400423776e+01,6.512779261114537421e-02,9.978235149371410539e-01,-1.032490523388151192e-02,4.375772207729096586e+00,1.827207153843276449e-02,9.152649884112675979e-03,9.997911583934883106e-01,1.588860112843861527e+00,0.000000000000000000e+00,0.000000000000000000e+00,0.000000000000000000e+00,1.000000000000000056e-01
9.975774175316328707e-01,-6.730716961864736947e-02,-1.757956054186088357e-02,7.185574389810045659e+01,6.713025272249188713e-02,9.976893075309106740e-01,-1.046779861796531992e-02,4.426827735011777953e+00,1.824349748082013806e-02,9.262319170625572459e-03,9.997906702121442946e-01,1.610808812779089827e+00,0.000000000000000000e+00,0.000000000000000000e+00,0.000000000000000000e+00,1.000000000000000056e-01
9.975685687008177815e-01,-6.795750863139818354e-02,-1.545081748048529081e-02,7.253571048128705456e+01,6.782341846323247658e-02,9.976563530080033715e-01,-9.043517608286035306e-03,4.478073915857128995e+00,1.602918114449656400e-02,7.973601656940563012e-03,9.998397306710977706e-01,1.629129317399250043e+00,0.000000000000000000e+00,0.000000000000000000e+00,0.000000000000000000e+00,1.000000000000000056e-01
9.975080285816720904e-01,-6.893002691099306412e-02,-1.504607274858521179e-02,7.317163096039791981e+01,6.879258444623770341e-02,9.975860417164088556e-01,-9.469408524011332928e-03,4.525711977103554773e+00,1.566247874102953686e-02,8.410752798479744635e-03,9.998419605102846219e-01,1.648897263507929090e+00,0.000000000000000000e+00,0.000000000000000000e+00,0.000000000000000000e+00,1.000000000000000056e-01
9.974144398852201610e-01,-6.986753708510680394e-02,-1.682148537180407771e-02,7.375499646103880025e+01,6.969976760465711185e-02,9.975141953611145196e-01,-1.036206779195744491e-02,4.562499263081087442e+00,1.750364260116687998e-02,9.162822421588031133e-03,9.998048135416037763e-01,1.675263648858838605e+00,0.000000000000000000e+00,0.000000000000000000e+00,0.000000000000000000e+00,1.000000000000000056e-01
9.973860355175651060e-01,-6.935952212519619353e-02,-2.025716774672200321e-02,7.439713965865684031e+01,6.901375968142539619e-02,9.974657468931087401e-01,-1.729695781364946200e-02,4.592988291033131887e+00,2.140553968459746326e-02,1.585372087357181381e-02,9.996451682498515012e-01,1.708145890065507766e+00,0.000000000000000000e+00,0.000000000000000000e+00,0.000000000000000000e+00,1.000000000000000056e-01
9.973510804695763232e-01,-6.842330204817388684e-02,-2.467942509445984756e-02,7.502363237425265652e+01,6.793223299353425004e-02,9.974850853479418911e-01,-2.021673141042346078e-02,4.615820677593460708e+00,2.600065396640762611e-02,1.848665046008574064e-02,9.994909753209809677e-01,1.729821228152051305e+00,0.000000000000000000e+00,0.000000000000000000e+00,0.000000000000000000e+00,1.000000000000000056e-01
9.976910082974808081e-01,-6.328084957469046201e-02,-2.466142817156918507e-02,7.561190858702717321e+01,6.278616478207943441e-02,9.978196562109861167e-01,-2.034284127025982186e-02,4.656228738800919587e+00,2.589497005817220990e-02,1.874747332561956664e-02,9.994888607531309255e-01,1.759677749480170306e+00,0.000000000000000000e+00,0.000000000000000000e+00,0.000000000000000000e+00,1.000000000000000056e-01
9.980020552841517567e-01,-5.850151315844646233e-02,-2.386358327621816364e-02,7.618341763561676316e+01,5.812896897317671591e-02,9.981805705755425473e-01,-1.601784915648361840e-02,4.708873431419647204e+00,2.475723358383045622e-02,1.459868088755006225e-02,9.995868936223699652e-01,1.771243908524279931e+00,0.000000000000000000e+00,0.000000000000000000e+00,0.000000000000000000e+00,1.000000000000000056e-01
9.984746626503301359e-01,-5.140379476045928153e-02,-2.014939030179213261e-02,7.672225915387669204e+01,5.103720741135338301e-02,9.985289955476341905e-01,-1.830433036970561048e-02,4.728225630723644990e+00,2.106066250049773089e-02,1.724804147888712655e-02,9.996294081109172724e-01,1.798785321599166487e+00,0.000000000000000000e+00,0.000000000000000000e+00,0.000000000000000000e+00,1.000000000000000056e-01
9.988826302628742715e-01,-4.403348393670271366e-02,-1.716226242423209841e-02,7.728872016589448890e+01,4.363894997943856824e-02,9.987889345143320385e-01,-2.272237523713962343e-02,4.735200888213586090e+00,1.814202314556245116e-02,2.194804283122896854e-02,9.995944929880637986e-01,1.818965346118574855e+00,0.000000000000000000e+00,0.000000000000000000e+00,0.000000000000000000e+00,1.000000000000000056e-01
9.992540637992808339e-01,-3.579056573375933442e-02,-1.450349561588999171e-02,7.784337832002937319e+01,3.541772840614147017e-02,9.990549233546031083e-01,-2.519612342160888405e-02,4.740401488531506224e+00,1.539157221246380443e-02,2.466364785236766291e-02,9.995773126574266643e-01,1.851745026444932218e+00,0.000000000000000000e+00,0.000000000000000000e+00,0.000000000000000000e+00,1.000000000000000056e-01
9.996044803894125197e-01,-2.395418543463264521e-02,-1.473362771268204273e-02,7.833009143703088739e+01,2.363792206586039918e-02,9.994941301251032417e-01,-2.127751127062355377e-02,4.754838602409609649e+00,1.523585986483825573e-02,2.092082325403174861e-02,9.996650377644266117e-01,1.876466972847622650e+00,0.000000000000000000e+00,0.000000000000000000e+00,0.000000000000000000e+00,1.000000000000000056e-01
9.998485809277484204e-01,-9.633698464165989933e-03,-1.449162070540226978e-02,7.883420973693776546e+01,9.349832498989709556e-03,9.997655500437254705e-01,-1.953011976429893520e-02,4.764939584959488883e+00,1.467637043033984644e-02,1.939166830544886144e-02,9.997042399386545375e-01,1.884185738403737709e+00,0.000000000000000000e+00,0.000000000000000000e+00,0.000000000000000000e+00,1.000000000000000056e-01
9.998660866304722727e-01,9.243676457768999072e-03,-1.350419386001613063e-02,7.932719600935644166e+01,-9.412295763529397036e-03,9.998778627762939797e-01,-1.247670703232193166e-02,4.756467477588622650e+00,1.338721385220452594e-02,1.260214170110113448e-02,9.998309699793364036e-01,1.898948296169072014e+00,0.000000000000000000e+00,0.000000000000000000e+00,0.000000000000000000e+00,1.000000000000000056e-01
9.994204617877918695e-01,3.141122762329805890e-02,-1.311774900941984484e-02,7.981780400075948023e+01,-3.159969910122361475e-02,9.993966310922494101e-01,-1.441640656247412944e-02,4.727252811151636536e+00,1.265699713948400043e-02,1.482256862557148822e-02,9.998100278966756127e-01,1.918395406772106515e+00,0.000000000000000000e+00,0.000000000000000000e+00,0.000000000000000000e+00,1.000000000000000056e-01
9.983477358349071018e-01,5.601813122155426677e-02,-1.279716092573690740e-02,8.030456600679356427e+01,-5.623649594135549795e-02,9.982659614971616246e-01,-1.739329297129675253e-02,4.707914505904862601e+00,1.180063038792362150e-02,1.808422214506839529e-02,9.997668258308310962e-01,1.937202084852059691e+00,0.000000000000000000e+00,0.000000000000000000e+00,0.000000000000000000e+00,1.000000000000000056e-01
9.963678069163504070e-01,8.443604136050150699e-02,-1.103395940132287714e-02,8.077367256440209076e+01,-8.462822747832698944e-02,9.962445828064169229e-01,-1.829738622713252688e-02,4.658719579476958472e+00,9.447563420210618873e-03,1.916471101363124985e-02,9.997717026387499262e-01,1.953825316472109996e+00,0.000000000000000000e+00,0.000000000000000000e+00,0.000000000000000000e+00,1.000000000000000056e-01
9.930556457717896190e-01,1.172734125609074946e-01,-9.350460261025830833e-03,8.123907461151382847e+01,-1.174340692814562354e-01,9.928981961429796943e-01,-1.903710765886614670e-02,4.595313355308999981e+00,7.051508545834539628e-03,2.000296983790921662e-02,9.997750534119621557e-01,1.969158544177143977e+00,0.000000000000000000e+00,0.000000000000000000e+00,0.000000000000000000e+00,1.000000000000000056e-01
