1.000000000000000000e+00,-1.146582681848834719e-13,4.490571423333613514e-14,6.139801923017069780e-21,1.146582681848838758e-13,1.000000000000000000e+00,-8.452377785345314298e-15,2.686837444866351496e-20,-4.490571423333516327e-14,8.452377785350463982e-15,1.000000000000000000e+00,-1.397149277715279654e-20,0.000000000000000000e+00,0.000000000000000000e+00,0.000000000000000000e+00,1.000000000000000056e-01
9.999970979091282741e-01,-2.266498661891420182e-03,-8.167968761774002228e-04,6.462950337294335323e-01,2.265307179935986941e-03,9.999963731835816994e-01,-1.456709670256119528e-03,1.709475501563554115e-02,8.200955443234789373e-04,1.454855146924128586e-03,9.999986054189273776e-01,6.593483781668785931e-03,0.000000000000000000e+00,0.000000000000000000e+00,0.000000000000000000e+00,1.000000000000000056e-01
9.999758303284687067e-01,-6.895648587266853084e-03,-8.881381933084444603e-04,1.299010191239673873e+00,6.894979167977692384e-03,9.999759446293504661e-01,-7.546024856047506887e-04,1.889584460674339009e-02,8.933203023788248518e-04,7.484605527693897770e-04,9.999993208925885835e-01,1.042916815477715371e-02,0.000000000000000000e+00,0.000000000000000000e+00,0.000000000000000000e+00,1.000000000000000056e-01
9.999237793704743860e-01,-1.193641597478029351e-02,-3.155538487138507750e-03,2.001015354233789179e+00,1.193596688465978911e-02,9.999287508303921213e-01,-1.611126931981435111e-04,2.351830131165152243e-02,3.157236765766464025e-03,1.234360102014887307e-04,9.999950082973195764e-01,1.659117822236916978e-02,0.000000000000000000e+00,0.000000000000000000e+00,0.000000000000000000e+00,1.000000000000000056e-01
9.998456284869298161e-01,-1.707142345862703442e-02,-4.157607084905502563e-03,2.705494402285740563e+00,1.706794112361414983e-02,9.998539521586325973e-01,-8.716298317564328928e-04,3.301898038849759853e-02,4.171879837322583530e-03,8.005334840001793184e-04,9.999909772416768483e-01,1.898334748436774494e-02,0.000000000000000000e+00,0.000000000000000000e+00,0.000000000000000000e+00,1.000000000000000056e-01
9.997468961507415264e-01,-2.212940598643927878e-02,-4.053767093196166717e-03,3.417110375773869446e+00,2.212823846737134101e-02,9.997550852150511869e-01,-3.326394097449425903e-04,3.937012966286815296e-02,4.060135378245639977e-03,2.428524925004935651e-04,9.999917281274767200e-01,3.633479996374337079e-02,0.000000000000000000e+00,0.000000000000000000e+00,0.000000000000000000e+00,1.000000000000000056e-01
9.996154025647057129e-01,-2.738626175552513406e-02,-4.363441584261430056e-03,4.159164067643347451e+00,2.739233653813241340e-02,9.996238633358981440e-01,1.338562062570685133e-03,6.777613529325958452e-02,4.325142122878346956e-03,-1.457572115375009103e-03,9.999895842603289120e-01,4.717197319674671513e-02,0.000000000000000000e+00,0.000000000000000000e+00,0.000000000000000000e+00,1.000000000000000056e-01
9.994664641016919315e-01,-3.231973580233617888e-02,-4.714001880402807730e-03,4.927043495482397617e+00,3.233579411371909768e-02,9.994713766160514545e-01,3.371015314433958247e-03,1.001082859954554732e-01,4.602559624428715322e-03,-3.521647751006351437e-03,9.999832070800096506e-01,5.711966263674645577e-02,0.000000000000000000e+00,0.000000000000000000e+00,0.000000000000000000e+00,1.000000000000000056e-01
9.993097663547306775e-01,-3.688040960551085268e-02,-4.452668344186745848e-03,5.697602316280589996e+00,3.689779368365174450e-02,9.993114839409563688e-01,3.887272180135900763e-03,1.416076924718101815e-01,4.306238420274658384e-03,-4.048882691994381243e-03,9.999825312772290253e-01,6.517070673179407858e-02,0.000000000000000000e+00,0.000000000000000000e+00,0.000000000000000000e+00,1.000000000000000056e-01
9.991994719281984683e-01,-3.995792727469816424e-02,-1.944054093694128158e-03,6.491116752187537031e+00,3.996605192543762480e-02,9.991916250972323610e-01,4.337168321036769837e-03,1.838511701849190327e-01,1.769178312805051115e-03,-4.411392462898090609e-03,9.999887047485265246e-01,7.641334174593364392e-02,0.000000000000000000e+00,0.000000000000000000e+00,0.000000000000000000e+00,1.000000000000000056e-01
9.990592591801832345e-01,-4.336508585477057143e-02,-2.568562865349092116e-04,7.288510157081742769e+00,4.336556562088546285e-02,9.990565821900340149e-01,2.318038211184921676e-03,2.203261177394710002e-01,1.560920376969175097e-04,-2.326996256166631756e-03,9.999972803581514968e-01,8.320131932897675830e-02,0.000000000000000000e+00,0.000000000000000000e+00,0.000000000000000000e+00,1.000000000000000056e-01
9.989371414561577511e-01,-4.609063977968751863e-02,4.902490176849359825e-04,8.096948860550167382e+00,4.608915804387665044e-02,9.989336943950530845e-01,2.695127651378712106e-03,2.712316659359291227e-01,-6.139464201495302724e-04,-2.669667947470762571e-03,9.999962479643828006e-01,9.759237958535799118e-02,0.000000000000000000e+00,0.000000000000000000e+00,0.000000000000000000e+00,1.000000000000000056e-01
9.988151575713435371e-01,-4.866466425909032195e-02,-1.773648281711839522e-04,8.927478356091796741e+00,4.866490199286876289e-02,9.988136005105837656e-01,1.765998048852072304e-03,3.059548807236311396e-01,9.121270050000657268e-05,-1.772537061414800356e-03,9.999984248950640753e-01,1.009915024769241221e-01,0.000000000000000000e+00,0.000000000000000000e+00,0.000000000000000000e+00,1.000000000000000056e-01
9.987078645706465307e-01,-5.080962213481599044e-02,-9.917374936521490200e-04,9.700704759363356189e+00,5.081171449773044801e-02,9.987057988942584785e-01,2.212899632194719260e-03,3.768613331570693781e-01,8.780173917571722003e-04,-2.260432148562504899e-03,9.999970597616582024e-01,1.185621508880010389e-01,0.000000000000000000e+00,0.000000000000000000e+00,0.000000000000000000e+00,1.000000000000000056e-01
9.985770861821814393e-01,-5.331366037977099126e-02,-1.206883927590571585e-03,1.050317288087075696e+01,5.331404974005178599e-02,9.985777518028637889e-01,2.927535710632579681e-04,4.394118868579080517e-01,1.189559674637771401e-03,-3.566808777078090548e-04,9.999992288629686588e-01,1.270778038901548279e-01,0.000000000000000000e+00,0.000000000000000000e+00,0.000000000000000000e+00,1.000000000000000056e-01
9.984431113815893655e-01,-5.576927649643066004e-02,-1.068238604293644855e-03,1.131010708291557165e+01,5.576910713750626164e-02,9.984436746545735097e-01,-1.877001799004356217e-04,4.967653148714396560e-01,1.077043980710116816e-03,1.278332384554025801e-04,9.999994118172903512e-01,1.503500239682676876e-01,0.000000000000000000e+00,0.000000000000000000e+00,0.000000000000000000e+00,1.000000000000000056e-01
9.982861256814479223e-01,-5.848523738552809104e-02,-2.070816235908008469e-03,1.216418238521427853e+01,5.848582234168518690e-02,9.982882143221568638e-01,2.230033549481354378e-04,5.461666269512509553e-01,2.054229038182025114e-03,-3.437345457007318886e-04,9.999978309924580921e-01,1.549261115442616688e-01,0.000000000000000000e+00,0.000000000000000000e+00,0.000000000000000000e+00,1.000000000000000056e-01
9.981981078729325052e-01,-5.989053873210162249e-02,-3.696053202542814043e-03,1.304150605059489720e+01,5.990349113590107133e-02,9.981980402536194674e-01,3.499168981986304321e-03,6.073792248545343275e-01,3.479825948005531907e-03,-3.714270347202727057e-03,9.999870474196950187e-01,1.697352803981634073e-01,0.000000000000000000e+00,0.000000000000000000e+00,0.000000000000000000e+00,1.000000000000000056e-01
9.983668955948129531e-01,-5.697624638282232368e-02,-4.153207013841322959e-03,1.392821231757965705e+01,5.700564156753624989e-02,9.983468675401140358e-01,7.340906096364519136e-03,6.695239865286427561e-01,3.728083938094488899e-03,-7.565673860667297169e-03,9.999644303519923394e-01,1.875828955007925181e-01,0.000000000000000000e+00,0.000000000000000000e+00,0.000000000000000000e+00,1.000000000000000056e-01
9.975289367332037527e-01,-7.011976583303082544e-02,-4.386207866130761336e-03,1.488594220958501069e+01,7.014141888628645793e-02,9.975245543331057174e-01,4.994482871855348942e-03,7.611636889260036121e-01,4.025138077442869979e-03,-5.289796031954666598e-03,9.999779079166688511e-01,1.915897869766627071e-01,0.000000000000000000e+00,0.000000000000000000e+00,0.000000000000000000e+00,1.000000000000000056e-01
9.972744579402240683e-01,-7.371066142399956833e-02,-3.223962231299518522e-03,1.582627539169631170e+01,7.371407952044681244e-02,9.972789597712387044e-01,9.543993133761096564e-04,8.417311530331396119e-01,3.144840295720581578e-03,-1.189449466194611536e-03,9.999943475787659297e-01,1.890872493513777453e-01,0.000000000000000000e+00,0.000000000000000000e+00,0.000000000000000000e+00,1.000000000000000056e-01
9.970695641706134316e-01,-7.648661862945611845e-02,-1.442697215300051822e-03,1.673085148035764647e+01,7.648971505776940016e-02,9.970678780026448473e-01,2.229382354851049391e-03,9.258602624372355150e-01,1.267949133104816651e-03,-2.333200791833930140e-03,9.999964742333149470e-01,2.048243384127889921e-01,0.000000000000000000e+00,0.000000000000000000e+00,0.000000000000000000e+00,1.000000000000000056e-01
9.970262514763099659e-01,-7.705456219348556790e-02,-1.117278957168478136e-03,1.760297595472964360e+01,7.705643815010275455e-02,9.970252030911579411e-01,1.746350667715586193e-03,1.001527340421880075e+00,9.793909930432534352e-04,-1.827250996855086206e-03,9.999978509712295072e-01,2.213462612901458404e-01,0.000000000000000000e+00,0.000000000000000000e+00,0.000000000000000000e+00,1.000000000000000056e-01
9.969716674559790937e-01,-7.774277800350269663e-02,-1.885406678350804843e-03,1.850193224861881092e+01,7.774447664259191704e-02,9.969729597393420795e-01,8.449261185312473927e-04,1.074990116795850437e+00,1.814012572765387465e-03,-9.889473567360369810e-04,9.999978656684780365e-01,2.241813508807724564e-01,0.000000000000000000e+00,0.000000000000000000e+00,0.000000000000000000e+00,1.000000000000000056e-01
9.968034100714773249e-01,-7.989237116588175647e-02,-4.131577994440411737e-04,1.941986026595048642e+01,7.989237953034598883e-02,9.968034950173895181e-01,3.754488290701466830e-06,1.150979772648538457e+00,4.115371835074552306e-04,-3.675064645035056477e-05,9.999999146432646535e-01,2.341740841668744355e-01,0.000000000000000000e+00,0.000000000000000000e+00,0.000000000000000000e+00,1.000000000000000056e-01
9.966382587580250307e-01,-8.192104911771827536e-02,1.059665619110558826e-03,2.034523857856634166e+01,8.192341586471610371e-02,9.966356756924408256e-01,-2.425669006421767721e-03,1.214467778426872480e+00,-8.573872104918958681e-04,2.504325962075435764e-03,9.999964966131865696e-01,2.501922117984088367e-01,0.000000000000000000e+00,0.000000000000000000e+00,0.000000000000000000e+00,1.000000000000000056e-01
9.966627711649086452e-01,-8.152751799646915098e-02,4.072392812639862719e-03,2.127860468926990123e+01,8.153441135729364020e-02,9.966693124135002080e-01,-1.556103409287269094e-03,1.304094111900589992e+00,-3.931963695746417201e-03,1.882950486913676034e-03,9.999904970343264088e-01,2.525127170439856461e-01,0.000000000000000000e+00,0.000000000000000000e+00,0.000000000000000000e+00,1.000000000000000056e-01
9.967815582390163742e-01,-7.981881055653436419e-02,7.448666722208154879e-03,2.224176759596077702e+01,7.983327950538651741e-02,9.968068389368920368e-01,-1.665332415998806203e-03,1.394259626242377426e+00,-7.291957077032468031e-03,2.254624132981750823e-03,9.999708715917707824e-01,2.641827129497972271e-01,0.000000000000000000e+00,0.000000000000000000e+00,0.000000000000000000e+00,1.000000000000000056e-01
9.969405275366772790e-01,-7.754443410058584063e-02,9.820656541770653170e-03,2.321438595483538236e+01,7.755621813278923415e-02,9.969876396613480685e-01,-8.242520446626221608e-04,1.471445404954267122e+00,-9.727157027145088425e-03,1.583383249189907697e-03,9.999514364776198594e-01,2.668881976430335090e-01,0.000000000000000000e+00,0.000000000000000000e+00,0.000000000000000000e+00,1.000000000000000056e-01
9.970943350842558228e-01,-7.545677032153236263e-02,1.044809817762819455e-02,2.413416815590928977e+01,7.547978629509694004e-02,9.971456605117360317e-01,-1.825810357093558475e-03,1.557096926132114367e+00,-1.028050600565664878e-02,2.609125381633717149e-03,9.999437502484880280e-01,2.643423058197856279e-01,0.000000000000000000e+00,0.000000000000000000e+00,0.000000000000000000e+00,1.000000000000000056e-01
9.971769222352052653e-01,-7.462884316429012344e-02,8.289844961343549243e-03,2.507453496462187914e+01,7.464977422114492389e-02,9.972072872811704736e-01,-2.244415750516245110e-03,1.633395508026088461e+00,-8.099195654842140588e-03,2.856914645008599811e-03,9.999631198541553134e-01,2.712714883037818381e-01,0.000000000000000000e+00,0.000000000000000000e+00,0.000000000000000000e+00,1.000000000000000056e-01
9.973966832734351140e-01,-7.193061352758939320e-02,5.083604301625103614e-03,2.600546170710710570e+01,7.195101219665384074e-02,9.974003440050457359e-01,-3.950395232562970392e-03,1.708068443778322454e+00,-4.786234326471690281e-03,4.305881577686686799e-03,9.999792754576521947e-01,2.724620051787293162e-01,0.000000000000000000e+00,0.000000000000000000e+00,0.000000000000000000e+00,1.000000000000000056e-01
9.974646072003388042e-01,-7.109987555463372078e-02,3.027388113434564473e-03,2.695864061811198198e+01,7.111205458528259415e-02,9.974598011602652248e-01,-4.125622617720742409e-03,1.778927697278453124e+00,-2.726366690956064098e-03,4.330446332615049167e-03,9.999869069939000266e-01,2.798475066555935475e-01,0.000000000000000000e+00,0.000000000000000000e+00,0.000000000000000000e+00,1.000000000000000056e-01
9.973795973059821351e-01,-7.219667421523551232e-02,4.645332067356166064e-03,2.792728999611894736e+01,7.222222681895448804e-02,9.973728977796268991e-01,-5.590413936498274568e-03,1.849840711735285970e+00,-4.229519011465966358e-03,5.911261026976358766e-03,9.999735837320916643e-01,2.874401224477656225e-01,0.000000000000000000e+00,0.000000000000000000e+00,0.000000000000000000e+00,1.000000000000000056e-01
9.975232636836266487e-01,-6.988292714935835648e-02,7.982161549569287418e-03,2.892192918244231237e+01,6.995808404829144400e-02,9.975041230627397226e-01,-9.559861355000458943e-03,1.919503819271338063e+00,-7.294167962018767437e-03,1.009460082777484391e-02,9.999224440664734592e-01,2.928159238541527820e-01,0.000000000000000000e+00,0.000000000000000000e+00,0.000000000000000000e+00,1.000000000000000056e-01
9.973755845243512663e-01,-7.135365401108086092e-02,1.227189691838773133e-02,2.986652780597013646e+01,7.150027562090889577e-02,9.973689320841555572e-01,-1.195507839561226957e-02,1.973256025490252474e+00,-1.138657019662334471e-02,1.280114731491433649e-02,9.998532275522139523e-01,2.985412350203612841e-01,0.000000000000000000e+00,0.000000000000000000e+00,0.000000000000000000e+00,1.000000000000000056e-01
9.974129399877944557e-01,-7.082593574272715020e-02,1.229284226984656524e-02,3.077262609803571891e+01,7.106010090188207007e-02,9.972756902343768992e-01,-1.979039482581013490e-02,2.019398812738265825e+00,-1.085767952734753052e-02,2.061272649879674138e-02,9.997285763153753724e-01,3.131664168126434555e-01,0.000000000000000000e+00,0.000000000000000000e+00,0.000000000000000000e+00,1.000000000000000056e-01
9.973904195686202900e-01,-7.158108357280758283e-02,9.407413421032432763e-03,3.171193948085759473e+01,7.177468239095728675e-02,9.971744781848583816e-01,-2.216878491105324020e-02,2.083986836009027233e+00,-7.793966923761551889e-03,2.278614779417692179e-02,9.997099807185547693e-01,3.091370286724106076e-01,0.000000000000000000e+00,0.000000000000000000e+00,0.000000000000000000e+00,1.000000000000000056e-01
9.974371524795381250e-01,-7.118694982105186475e-02,7.179486658915908495e-03,3.269091465082549774e+01,7.133550625275950074e-02,9.971836394474292709e-01,-2.315242462555303776e-02,2.166210211496282678e+00,-5.511116145847099954e-03,2.360524080695745874e-02,9.997061669337008460e-01,3.079768015294840899e-01,0.000000000000000000e+00,0.000000000000000000e+00,0.000000000000000000e+00,1.000000000000000056e-01
9.973975132993672110e-01,-7.185668666368220936e-02,5.900597084705036001e-03,3.365758623548365591e+01,7.197433849406618955e-02,9.971410145352951337e-01,-2.301068729664492926e-02,2.244802229319514897e+00,-4.230255616415796484e-03,2.337549386087465000e-02,9.997178057953054475e-01,3.064328417814917160e-01,0.000000000000000000e+00,0.000000000000000000e+00,0.000000000000000000e+00,1.000000000000000056e-01
9.975081605942431873e-01,-7.014237589512618831e-02,7.583973343588444951e-03,3.461264614566690057e+01,7.030579339705921027e-02,9.972365921850150361e-01,-2.400572061047070993e-02,2.301476739609790823e+00,-5.879197453689120195e-03,2.447909947291308785e-02,9.996830541358074917e-01,3.189725825473220810e-01,0.000000000000000000e+00,0.000000000000000000e+00,0.000000000000000000e+00,1.000000000000000056e-01
9.973393112370698699e-01,-7.223876995100396436e-02,9.790729142053420861e-03,3.559075812268547878e+01,7.244196377210200544e-02,9.971235048921436306e-01,-2.229075764635727458e-02,2.388524904801502480e+00,-8.152309243925173407e-03,2.294070852378150838e-02,9.997035879431553917e-01,3.145298933479530601e-01,0.000000000000000000e+00,0.000000000000000000e+00,0.000000000000000000e+00,1.000000000000000056e-01
9.973410805485686259e-01,-7.197390112836075937e-02,1.142482413774898072e-02,3.657196764899796904e+01,7.219976144032226595e-02,9.971739109924694366e-01,-2.076982628581982085e-02,2.466494764389270067e+00,-9.897651144291494049e-03,2.153947056794871737e-02,9.997190043754686783e-01,3.234572892067290595e-01,0.000000000000000000e+00,0.000000000000000000e+00,0.000000000000000000e+00,1.000000000000000056e-01
9.973894691869528151e-01,-7.108770360864086202e-02,1.268010846241264186e-02,3.757158782758477145e+01,7.133181927148005141e-02,9.972527499331587109e-01,-1.996808228583107220e-02,2.544167510326310833e+00,-1.122578791842361243e-02,2.082045019693003207e-02,9.997202061272982831e-01,3.191523783282120275e-01,0.000000000000000000e+00,0.000000000000000000e+00,0.000000000000000000e+00,1.000000000000000056e-01
9.972858632429824066e-01,-7.196060102475182463e-02,1.557494384759736637e-02,3.856317234320034260e+01,7.225632744861479329e-02,9.971985888340396675e-01,-1.933901680640758708e-02,2.612738339080287631e+00,-1.413966475337663335e-02,2.041191631269451828e-02,9.996916642410826892e-01,3.361128056300907718e-01,0.000000000000000000e+00,0.000000000000000000e+00,0.000000000000000000e+00,1.000000000000000056e-01
9.974465015259572631e-01,-6.941109792715435822e-02,1.680999935084722535e-02,3.957614398839339742e+01,6.971320044445128428e-02,9.974027411213058913e-01,-1.810639907593205103e-02,2.692382161788030803e+00,-1.550955439141474095e-02,1.923204326773795755e-02,9.996947445267118093e-01,3.325015383928167090e-01,0.000000000000000000e+00,0.000000000000000000e+00,0.000000000000000000e+00,1.000000000000000056e-01
9.974079545861737062e-01,-7.025378097885356943e-02,1.554922462377221481e-02,4.058575316390218291e+01,7.056424096360605636e-02,9.972984229872465800e-01,-2.040939500281798227e-02,2.774107808195354519e+00,-1.407338002952360917e-02,2.145371215725105571e-02,9.996707849133226187e-01,3.458282761853161968e-01,0.000000000000000000e+00,0.000000000000000000e+00,0.000000000000000000e+00,1.000000000000000056e-01
9.974612209147920572e-01,-6.993464913022086338e-02,1.342600544485458847e-02,4.159355004532931588e+01,7.015917516779417162e-02,9.973900638486603576e-01,-1.705141271977047429e-02,2.846926167830761578e+00,-1.219847986214424654e-02,1.795008041759358491e-02,9.997644681133925904e-01,3.612144266722082664e-01,0.000000000000000000e+00,0.000000000000000000e+00,0.000000000000000000e+00,1.000000000000000056e-01
9.975963439764895524e-01,-6.839419190994103226e-02,1.112515158223435080e-02,4.262631037757530095e+01,6.855595840069492186e-02,9.975363834928082651e-01,-1.487427900273669869e-02,2.920333011177163041e+00,-1.008042918251616724e-02,1.560122178148947748e-02,9.998274785313819857e-01,3.696424784847823219e-01,0.000000000000000000e+00,0.000000000000000000e+00,0.000000000000000000e+00,1.000000000000000056e-01
9.975794299875380133e-01,-6.864066530415938172e-02,1.112384521382391543e-02,4.367522047097993720e+01,6.883685146930107468e-02,9.974594447088899196e-01,-1.833423139447862629e-02,2.989922930373706933e+00,-9.837110629251027624e-03,1.905558258451510792e-02,9.997700315706770091e-01,3.785965655788977591e-01,0.000000000000000000e+00,0.000000000000000000e+00,0.000000000000000000e+00,1.000000000000000056e-01
9.975838977102871041e-01,-6.829674547131796281e-02,1.272484134193898296e-02,4.468835550954608493e+01,6.854639890475063002e-02,9.974405330963963534e-01,-2.034143882736628647e-02,3.075383172306695112e+00,-1.130301846155766336e-02,2.116453388106364145e-02,9.997121106995028317e-01,3.869262057296507518e-01,0.000000000000000000e+00,0.000000000000000000e+00,0.000000000000000000e+00,1.000000000000000056e-01
9.975775853469620591e-01,-6.827843612643162696e-02,1.330475003347813406e-02,4.567510960993566016e+01,6.854674566044448303e-02,9.974294236226222132e-01,-2.087794413265000107e-02,3.140350887731369500e+00,-1.184503578242280739e-02,2.173936641147837870e-02,9.996935005667190177e-01,3.885572155805936401e-01,0.000000000000000000e+00,0.000000000000000000e+00,0.000000000000000000e+00,1.000000000000000056e-01
9.970129712661938148e-01,-7.642838224965127492e-02,1.112823048184439709e-02,4.659094417846155523e+01,7.660581791198110835e-02,9.969248887670150161e-01,-1.650196409252879456e-02,3.196674973945843767e+00,-9.832791515752621614e-03,1.730515944959490002e-02,9.998019042127455069e-01,4.010948653901613148e-01,0.000000000000000000e+00,0.000000000000000000e+00,0.000000000000000000e+00,1.000000000000000056e-01
9.970422363089134210e-01,-7.649056952048624569e-02,7.481429713123032357e-03,4.754824681952669607e+01,7.660271871296206458e-02,9.969321605704577482e-01,-1.607142514221485130e-02,3.272218952776405843e+00,-6.229165425925890093e-03,1.659698752035035363e-02,9.998428564046181188e-01,3.967700918261406473e-01,0.000000000000000000e+00,0.000000000000000000e+00,0.000000000000000000e+00,1.000000000000000056e-01
9.971367064720096929e-01,-7.527688296029338977e-02,7.195797241128730135e-03,4.849494960719135861e+01,7.538281334998947480e-02,9.970294708687369445e-01,-1.580081234136351126e-02,3.363514874522419262e+00,-5.984986014502915661e-03,1.629800941798187353e-02,9.998492660553477407e-01,4.079298038313398655e-01,0.000000000000000000e+00,0.000000000000000000e+00,0.000000000000000000e+00,1.000000000000000056e-01
9.972526016433711504e-01,-7.350376785997632390e-02,9.189375708630908787e-03,4.946607299535502023e+01,7.364526818224921556e-02,9.971537842063481483e-01,-1.614636545245460436e-02,3.450663373339349693e+00,-7.976402064355637631e-03,1.677875899303456902e-02,9.998274102347671777e-01,4.136202697785994475e-01,0.000000000000000000e+00,0.000000000000000000e+00,0.000000000000000000e+00,1.000000000000000056e-01
9.972530366885244968e-01,-7.309212894205247002e-02,1.199672881392286651e-02,5.046502363023948590e+01,7.329090711360486399e-02,9.971646385773523802e-01,-1.706242964419454888e-02,3.540558838080129611e+00,-1.071558444422773988e-02,1.789481091312564165e-02,9.997824523327072388e-01,4.295744376183294744e-01,0.000000000000000000e+00,0.000000000000000000e+00,0.000000000000000000e+00,1.000000000000000056e-01
9.973570292260920400e-01,-7.157176232176494513e-02,1.250756137146210277e-02,5.140107873512265257e+01,7.181228398401172386e-02,9.972181484347969471e-01,-1.997399061967503053e-02,3.612331706016263411e+00,-1.104319348303548463e-02,2.081939649538380732e-02,9.997222617343600737e-01,4.397504692364116452e-01,0.000000000000000000e+00,0.000000000000000000e+00,0.000000000000000000e+00,1.000000000000000056e-01
9.974125321087612406e-01,-7.090946425090365046e-02,1.183590605062386121e-02,5.233900690645614873e+01,7.117156681147455977e-02,9.971889423626442150e-01,-2.342693550746429570e-02,3.682225034694174948e+00,-1.014144319065046589e-02,2.420869904230492364e-02,9.996554856652815069e-01,4.434423483805589594e-01,0.000000000000000000e+00,0.000000000000000000e+00,0.000000000000000000e+00,1.000000000000000056e-01
9.974212140461896636e-01,-7.089322421394690654e-02,1.118358310990762508e-02,5.332325053137633830e+01,7.116610677479805191e-02,9.971189154661203036e-01,-2.625364100817280735e-02,3.759693794363852426e+00,-9.290157003151444659e-03,2.698183055722906329e-02,9.995927539766571446e-01,4.575845022007685170e-01,0.000000000000000000e+00,0.000000000000000000e+00,0.000000000000000000e+00,1.000000000000000056e-01
9.973299256179101180e-01,-7.182259147039658786e-02,1.321116275921217949e-02,5.428774414803584847e+01,7.218656920526743404e-02,9.969542006511694643e-01,-2.951984129972255733e-02,3.838456723264035197e+00,-1.105073270634196296e-02,3.039468964250473249e-02,9.994768852495733436e-01,4.485958600895932347e-01,0.000000000000000000e+00,0.000000000000000000e+00,0.000000000000000000e+00,1.000000000000000056e-01
9.971796364653480182e-01,-7.302607426929370871e-02,1.731950044464062796e-02,5.524345483091568099e+01,7.355044825106117623e-02,9.967822463096817076e-01,-3.186667544462235685e-02,3.922610307023884246e+00,-1.493667235043594568e-02,3.305065685641552647e-02,9.993420585067233075e-01,4.554136637998898451e-01,0.000000000000000000e+00,0.000000000000000000e+00,0.000000000000000000e+00,1.000000000000000056e-01
9.970324496372999779e-01,-7.387080967374010099e-02,2.166559134644246640e-02,5.620126911796436531e+01,7.450617193167272112e-02,9.967646075221160418e-01,-3.015207348375836816e-02,3.990797082327079970e+00,-1.936813657358394183e-02,3.167681596101488278e-02,9.993104895958208056e-01,4.736842633458818175e-01,0.000000000000000000e+00,0.000000000000000000e+00,0.000000000000000000e+00,1.000000000000000056e-01
9.969032442539493832e-01,-7.505806368314242583e-02,2.345652728107775614e-02,5.716782581769452065e+01,7.568175759953908732e-02,9.967680406623476985e-01,-2.693964886164880446e-02,4.064924992802322556e+00,-2.135867885884364797e-02,2.863145456105340575e-02,9.993618196865052816e-01,4.619713749516349277e-01,0.000000000000000000e+00,0.000000000000000000e+00,0.000000000000000000e+00,1.000000000000000056e-01
9.967342805547073636e-01,-7.858050726677653919e-02,1.859779139537833317e-02,5.806609686731634667e+01,7.908364929500180662e-02,9.964726813750293122e-01,-2.807083339419297677e-02,4.144404457385733487e+00,-1.632637073188923996e-02,2.944994314010569367e-02,9.994329144408690135e-01,4.654089660773831350e-01,0.000000000000000000e+00,0.000000000000000000e+00,0.000000000000000000e+00,1.000000000000000056e-01
9.964706002461225509e-01,-8.296933024727336237e-02,1.274492383073424703e-02,5.898435783026194201e+01,8.329430350715892606e-02,9.961446401614240109e-01,-2.753025392044868708e-02,4.227866390433678845e+00,-1.041162083393452550e-02,2.849466820277046786e-02,9.995397200890139278e-01,4.637473068590358127e-01,0.000000000000000000e+00,0.000000000000000000e+00,0.000000000000000000e+00,1.000000000000000056e-01
9.965297870381782941e-01,-8.285965975768111447e-02,7.915827845793062603e-03,5.993797281764359752e+01,8.305979503363278282e-02,9.961030093492303505e-01,-2.966252205018869714e-02,4.308465431115591215e+00,-5.427153454051555567e-03,3.021707382008290838e-02,9.995286261309066500e-01,4.737131329213949416e-01,0.000000000000000000e+00,0.000000000000000000e+00,0.000000000000000000e+00,1.000000000000000056e-01
9.963959652912746101e-01,-8.442591547405148278e-02,8.206408936758936151e-03,6.084983405094166642e+01,8.461774734185492641e-02,9.960522689360615800e-01,-2.682749302699953889e-02,4.396558222437754182e+00,-5.909076582597742704e-03,2.742521364897675465e-02,9.996063927717994124e-01,4.763593123903588356e-01,0.000000000000000000e+00,0.000000000000000000e+00,0.000000000000000000e+00,1.000000000000000056e-01
9.963362587635216094e-01,-8.486100162318942208e-02,1.061460675757919074e-02,6.177899544973087131e+01,8.511269468486139245e-02,9.960301516907121844e-01,-2.607232491471500255e-02,4.491297104868308132e+00,-8.359944771980909115e-03,2.688024044695179818e-02,9.996037034729930992e-01,4.969609624794660840e-01,0.000000000000000000e+00,0.000000000000000000e+00,0.000000000000000000e+00,1.000000000000000056e-01
9.961678324525955475e-01,-8.688988217196055852e-02,9.989893034475037098e-03,6.267429283333196111e+01,8.711966065471307696e-02,9.958717328039258243e-01,-2.548836066744437218e-02,4.576554213336022414e+00,-7.733971431617849175e-03,2.626100108999839672e-02,9.996252025172465139e-01,5.119524660054390885e-01,0.000000000000000000e+00,0.000000000000000000e+00,0.000000000000000000e+00,1.000000000000000056e-01
9.959712491747110263e-01,-8.912273009814870861e-02,9.920171229283637412e-03,6.348854461070276045e+01,8.933463124360031815e-02,9.957246270038347946e-01,-2.349022857794372254e-02,4.656637773305544847e+00,-7.784245495596726384e-03,2.428180713881553099e-02,9.996748468197734772e-01,5.205165725206136740e-01,0.000000000000000000e+00,0.000000000000000000e+00,0.000000000000000000e+00,1.000000000000000056e-01
9.958090048646593972e-01,-9.086302730620889057e-02,1.040846286479910933e-02,6.430877769752946449e+01,9.107810990731189660e-02,9.955897211778109712e-01,-2.249188699954133772e-02,4.738117186854737817e+00,-8.318877698847456162e-03,2.334560673530797562e-02,9.996928422870656750e-01,5.297433516494726158e-01,0.000000000000000000e+00,0.000000000000000000e+00,0.000000000000000000e+00,1.000000000000000056e-01
9.957441375502539271e-01,-9.166571800407170845e-02,9.539846806891415926e-03,6.510406386140510904e+01,9.186866808334696877e-02,9.954910743806809625e-01,-2.361500906180744735e-02,4.815740196806401308e+00,-7.332145585896205665e-03,2.439091985135917462e-02,9.996756087201046359e-01,5.328317472743271388e-01,0.000000000000000000e+00,0.000000000000000000e+00,0.000000000000000000e+00,1.000000000000000056e-01
9.957489838637144652e-01,-9.160848463381567053e-02,9.583667224823606487e-03,6.590685874495565599e+01,9.182699737674705764e-02,9.954458102554682997e-01,-2.560158974761433601e-02,4.893485511088628392e+00,-7.194698544837728124e-03,2.637279636159615623e-02,9.996262861314315629e-01,5.418072711807344621e-01,0.000000000000000000e+00,0.000000000000000000e+00,0.000000000000000000e+00,1.000000000000000056e-01
9.956186941696187898e-01,-9.285644200864906495e-02,1.100440809300467018e-02,6.666326732618955475e+01,9.311454062634275108e-02,9.953189906849430058e-01,-2.588028411458089678e-02,4.967814962253379818e+00,-8.549745255161684404e-03,2.679156507934270237e-02,9.996044787297979628e-01,5.542018564932195135e-01,0.000000000000000000e+00,0.000000000000000000e+00,0.000000000000000000e+00,1.000000000000000056e-01
9.953113776950717195e-01,-9.574348715249432484e-02,1.372756710486139169e-02,6.745989512377933295e+01,9.605981492414923661e-02,9.950712911439987263e-01,-2.460970332518463283e-02,5.059729752585244711e+00,-1.130368910915879703e-02,2.581298527670832649e-02,9.996028793494083908e-01,5.622434683271537725e-01,0.000000000000000000e+00,0.000000000000000000e+00,0.000000000000000000e+00,1.000000000000000056e-01
9.952053436952275067e-01,-9.640084515437961910e-02,1.652879106242880272e-02,6.820124878911150290e+01,9.677151028700080315e-02,9.950333716730670464e-01,-2.332089307254170754e-02,5.138480497825190341e+00,-1.419854489858024885e-02,2.480859347986803451e-02,9.995913840226483549e-01,5.697215929461022510e-01,0.000000000000000000e+00,0.000000000000000000e+00,0.000000000000000000e+00,1.000000000000000056e-01
9.949764240697345219e-01,-9.848676171412773517e-02,1.795197238379355256e-02,6.892880541170727327e+01,9.885333574625662645e-02,9.948841125143713660e-01,-2.082356065444993312e-02,5.212015861516738013e+00,-1.580928705671845805e-02,2.249356426972648829e-02,9.996219815556288690e-01,5.755219217137638177e-01,0.000000000000000000e+00,0.000000000000000000e+00,0.000000000000000000e+00,1.000000000000000056e-01
9.950929793650393762e-01,-9.780436970037678646e-02,1.497556963595169169e-02,6.959654572582390131e+01,9.808795490625785152e-02,9.949858342098579778e-01,-1.954335754216639937e-02,5.292678829520328421e+00,-1.298905388075452527e-02,2.091638088257732897e-02,9.996968487947022197e-01,5.880909260347430001e-01,0.000000000000000000e+00,0.000000000000000000e+00,0.000000000000000000e+00,1.000000000000000056e-01
9.950808410459055509e-01,-9.861823671066001495e-02,9.410800787044835969e-03,7.028733144930139076e+01,9.878236265653726755e-02,9.949286205202539923e-01,-1.894953555253416771e-02,5.367405527537271404e+00,-7.494305262368557152e-03,1.978594091127927612e-02,9.997761509112376155e-01,5.902178121072437778e-01,0.000000000000000000e+00,0.000000000000000000e+00,0.000000000000000000e+00,1.000000000000000056e-01
9.952307167866327742e-01,-9.750058750954633535e-02,3.075028399632641699e-03,7.101751268503876702e+01,9.754441429013942233e-02,9.949965365027548803e-01,-2.160971050975754593e-02,5.429450009370882846e+00,-9.526831366695098693e-04,2.180659952434534088e-02,9.997617539254168850e-01,6.080653626926395550e-01,0.000000000000000000e+00,0.000000000000000000e+00,0.000000000000000000e+00,1.000000000000000056e-01
9.950981731458887758e-01,-9.889173092722093605e-02,2.266184744989474488e-04,7.171543335763892912e+01,9.887659591475415899e-02,9.949002191966961339e-01,-1.992417181908366988e-02,5.505054194074820550e+00,1.744873068527516644e-03,1.984891424194481016e-02,9.998014683032779848e-01,6.082285909233158261e-01,0.000000000000000000e+00,0.000000000000000000e+00,0.000000000000000000e+00,1.000000000000000056e-01
9.950612436483028400e-01,-9.922044186498163443e-02,2.902637629920110443e-03,7.237423185404401238e+01,9.925797845727418744e-02,9.948774017177304252e-01,-1.915226524338626765e-02,5.579151055545427340e+00,-9.874723632189151036e-04,1.934578681510598988e-02,9.998123651119925626e-01,6.202440053883782056e-01,0.000000000000000000e+00,0.000000000000000000e+00,0.000000000000000000e+00,1.000000000000000056e-01
9.949361768188951238e-01,-1.003082425661428467e-01,6.345118619224520903e-03,7.297739386632363789e+01,1.004186357582226574e-01,9.947338979761433109e-01,-2.050779875181919093e-02,5.645440033394205415e+00,-4.254603325527092292e-03,2.104111904057291704e-02,9.997695582783379109e-01,6.355977058506150357e-01,0.000000000000000000e+00,0.000000000000000000e+00,0.000000000000000000e+00,1.000000000000000056e-01
9.949187271693807899e-01,-1.006190983863845118e-01,3.538837036427418779e-03,7.356687384038310995e+01,1.006727079250946538e-01,9.946784703568852803e-01,-2.190311593165415391e-02,5.697584941324811858e+00,-1.316133233340423085e-03,2.214808453112749806e-02,9.997538347737977560e-01,6.551839835347160745e-01,0.000000000000000000e+00,0.000000000000000000e+00,0.000000000000000000e+00,1.000000000000000056e-01
9.949033215808105179e-01,-1.008333564309458197e-01,1.222225024232457581e-04,7.420679802508841760e+01,1.007940308308398480e-01,9.944799607218149928e-01,-2.915769318051376902e-02,5.748477122942394324e+00,2.818520239765711331e-03,2.902140509360476989e-02,9.995748166045655969e-01,6.712736490737962747e-01,0.000000000000000000e+00,0.000000000000000000e+00,0.000000000000000000e+00,1.000000000000000056e-01
9.950394707388255933e-01,-9.943863393305518716e-02,-2.899957469646431436e-03,7.483003538092046369e+01,9.928983760962095673e-02,9.945121148370360542e-01,-3.297243681958002270e-02,5.818165962149211445e+00,6.162776910858539653e-03,3.252093977568826233e-02,9.994520542061300361e-01,6.973346607311938783e-01,0.000000000000000000e+00,0.000000000000000000e+00,0.000000000000000000e+00,1.000000000000000056e-01
9.954638223920346807e-01,-9.511210386358490143e-02,-2.337949375451107460e-03,7.543537820496328550e+01,9.499789127865623795e-02,9.950145847385336584e-01,-3.035418933544370770e-02,5.871139040525625852e+00,5.213344535721840117e-03,2.999439708088822223e-02,9.995364711617610309e-01,7.100675542799195217e-01,0.000000000000000000e+00,0.000000000000000000e+00,0.000000000000000000e+00,1.000000000000000056e-01
9.959291107082334227e-01,-9.013992579243773617e-02,1.490104375849216241e-05,7.600013175121772235e+01,9.011082000359738053e-02,9.956033016543471836e-01,-2.557549321600933317e-02,5.949336531971195718e+00,2.290537532232025421e-03,2.547272095981661932e-02,9.996728934630151331e-01,7.135167172533768420e-01,0.000000000000000000e+00,0.000000000000000000e+00,0.000000000000000000e+00,1.000000000000000056e-01
9.965246780411721739e-01,-8.325363749651017164e-02,2.719907817904483431e-03,7.655858498053864025e+01,8.329673399996527505e-02,9.961614180111715289e-01,-2.690879727730331739e-02,5.988211194272830440e+00,-4.692119747517118321e-04,2.704183998125227195e-02,9.996341924576965798e-01,7.274553758813185889e-01,0.000000000000000000e+00,0.000000000000000000e+00,0.000000000000000000e+00,1.000000000000000056e-01
9.970749061055257378e-01,-7.610755020512852131e-02,7.019431346686617369e-03,7.713550518161302705e+01,7.629277917480151161e-02,9.965832867806654338e-01,-3.164118131851045151e-02,6.016447914328653113e+00,-4.587315167064073308e-03,3.208415981788716870e-02,9.994746436145032220e-01,7.396291573207024461e-01,0.000000000000000000e+00,0.000000000000000000e+00,0.000000000000000000e+00,1.000000000000000056e-01
9.977453314727123823e-01,-6.645944193178364434e-02,9.348588263646134128e-03,7.768345698618077222e+01,6.674911728776029840e-02,9.971506857958928327e-01,-3.514349382297549812e-02,6.036979923019995198e+00,-6.986334211310139819e-03,3.568826690799899864e-02,9.993385506120492368e-01,7.543108052052528434e-01,0.000000000000000000e+00,0.000000000000000000e+00,0.000000000000000000e+00,1.000000000000000056e-01
9.983776185507375889e-01,-5.623967380016306472e-02,8.901116099072710688e-03,7.817985564036722224e+01,5.650580403714626498e-02,9.978508352146324700e-01,-3.317837807331899813e-02,6.075216615328323577e+00,-7.016044973740172622e-03,3.362751481022231703e-02,9.994098085173142021e-01,7.621993091511947149e-01,0.000000000000000000e+00,0.000000000000000000e+00,0.000000000000000000e+00,1.000000000000000056e-01
9.991482308947668978e-01,-4.045231474139068112e-02,8.150026498182780937e-03,7.867171301665509020e+01,4.066721569851815959e-02,9.987747317437699612e-01,-2.819951768187856783e-02,6.116066294441994344e+00,-6.999304764604360324e-03,2.850693708948490862e-02,9.995690892932755922e-01,7.593060797979097609e-01,0.000000000000000000e+00,0.000000000000000000e+00,0.000000000000000000e+00,1.000000000000000056e-01
9.996673177121412346e-01,-2.427765217002137571e-02,8.709162033417160859e-03,7.915173774212202318e+01,2.446778151915349198e-02,9.994489023396556648e-01,-2.243254955613638649e-02,6.131977741247887081e+00,-8.159752799186337918e-03,2.263818051807610712e-02,9.997104236813214584e-01,7.632027113066323087e-01,0.000000000000000000e+00,0.000000000000000000e+00,0.000000000000000000e+00,1.000000000000000056e-01
9.999582073356644285e-01,1.607743983197209648e-03,8.999930073553952595e-03,7.964581459947117992e+01,-1.397499587399208447e-03,9.997271121209918565e-01,-2.331841086191144621e-02,6.145047679323721646e+00,-9.034964136485917549e-03,2.330485892482904095e-02,9.996875776829210469e-01,7.665839811830236217e-01,0.000000000000000000e+00,0.000000000000000000e+00,0.000000000000000000e+00,1.000000000000000056e-01
9.995943673799705387e-01,2.617243574545769988e-02,1.122961750845870126e-02,8.014337601655812193e+01,-2.589212396324039669e-02,9.993664194626349362e-01,-2.442043339306222000e-02,6.136880452455832469e+00,-1.186164486521943708e-02,2.411976902009395352e-02,9.996387037942802145e-01,7.814722565830005685e-01,0.000000000000000000e+00,0.000000000000000000e+00,0.000000000000000000e+00,1.000000000000000056e-01
9.985142734687958432e-01,5.290303756155381731e-02,1.305811226187135812e-02,8.062607366720648372e+01,-5.259730273013336899e-02,9.983568399577634755e-01,-2.274079715100767521e-02,6.116316165440649932e+00,-1.423971293943504871e-02,2.202018906161797365e-02,9.996561117949978037e-01,7.854009069010045030e-01,0.000000000000000000e+00,0.000000000000000000e+00,0.000000000000000000e+00,1.000000000000000056e-01
9.964169029888909623e-01,8.342031588567093425e-02,1.394296724380571055e-02,8.111958910334622885e+01,-8.310562957411941898e-02,9.963022158872812950e-01,-2.180249873712672773e-02,6.074728570832419905e+00,-1.571018049279546136e-02,2.056563919813922045e-02,9.996650662663248976e-01,7.836123408423935066e-01,0.000000000000000000e+00,0.000000000000000000e+00,0.000000000000000000e+00,1.000000000000000056e-01
