1.000000000000000000e+00,2.084330447941377245e-13,2.984463501982547747e-13,-1.228618848861987716e-20,-2.084330447940973853e-13,1.000000000000000000e+00,-1.351587971719980921e-13,-3.472777752416893401e-20,-2.984463501982829465e-13,1.351587971719358920e-13,1.000000000000000000e+00,-1.070499721313809206e-19,0.000000000000000000e+00,0.000000000000000000e+00,0.000000000000000000e+00,1.000000000000000056e-01
9.999921170721172148e-01,-2.573359861969112296e-03,-3.023840711067860270e-03,6.404689959160477786e-01,2.562293878923145411e-03,9.999900276284767742e-01,-3.657771681801634447e-03,1.839811732336887190e-02,3.033223319035058176e-03,3.649994879306446820e-03,9.999887384834280635e-01,1.252938688664567636e-04,0.000000000000000000e+00,0.000000000000000000e+00,0.000000000000000000e+00,1.000000000000000056e-01
9.999682930722859631e-01,-6.617161891089114699e-03,-4.430126251688384920e-03,1.293088261889789647e+00,6.603453074924427353e-03,9.999733857672810089e-01,-3.101961413007403752e-03,2.833646575596674572e-02,4.450534528127129616e-03,3.072608928522094392e-03,9.999853758014595195e-01,8.882324367760856959e-03,0.000000000000000000e+00,0.000000000000000000e+00,0.000000000000000000e+00,1.000000000000000056e-01
9.999376938786910252e-01,-1.002163185261067263e-02,-4.916833897523249959e-03,1.980492475838489641e+00,9.999513262842450734e-03,9.999398659501044229e-01,-4.502690106309481348e-03,5.461374680645066093e-02,4.961662530980153439e-03,4.453243615384023212e-03,9.999777750161403800e-01,9.314438618665715416e-03,0.000000000000000000e+00,0.000000000000000000e+00,0.000000000000000000e+00,1.000000000000000056e-01
9.998014271755966131e-01,-1.947563025940530351e-02,-4.219720801075996924e-03,2.698722239295389791e+00,1.947160551102253973e-02,9.998099174065090411e-01,-9.927912230846087580e-04,4.803587660643004326e-02,4.238253940387898613e-03,9.104293429221901358e-04,9.999906041168328263e-01,1.319247854333124165e-02,0.000000000000000000e+00,0.000000000000000000e+00,0.000000000000000000e+00,1.000000000000000056e-01
9.996637723174806034e-01,-2.561044369477958466e-02,-4.055550485554953663e-03,3.415441737692860968e+00,2.560642450844100720e-02,9.996715608959788613e-01,-1.039884460316658089e-03,7.800617681483798527e-02,4.080850386607180746e-03,9.356866750259436967e-04,9.999912355368762995e-01,1.808461921359723681e-02,0.000000000000000000e+00,0.000000000000000000e+00,0.000000000000000000e+00,1.000000000000000056e-01
9.995334583603782130e-01,-3.000497281928280954e-02,-5.706770037088177046e-03,4.138816407697787803e+00,3.000463161645928675e-02,9.995497491051608119e-01,-1.454144791554822598e-04,8.432341329520082196e-02,5.708563716266926678e-03,-2.588289543672611046e-05,9.999837056824341097e-01,2.506138635343139326e-02,0.000000000000000000e+00,0.000000000000000000e+00,0.000000000000000000e+00,1.000000000000000056e-01
9.994527628243382589e-01,-3.258748785882243509e-02,-5.677192778851022914e-03,4.881638819846170207e+00,3.258476917274507473e-02,9.994688124553481323e-01,-5.707425470928497065e-04,1.105150862448116278e-01,5.692776190582211557e-03,3.854401993053128907e-04,9.999837217350573404e-01,3.970559324450968069e-02,0.000000000000000000e+00,0.000000000000000000e+00,0.000000000000000000e+00,1.000000000000000056e-01
9.992979824340579853e-01,-3.714101080949468864e-02,-4.907913942828548599e-03,5.640315450484778559e+00,3.714989957101232781e-02,9.993082024179146261e-01,1.732495927815555633e-03,1.511778044443594371e-01,4.840172009847413907e-03,-1.913608195320557924e-03,9.999864553275659151e-01,3.880884981121261040e-02,0.000000000000000000e+00,0.000000000000000000e+00,0.000000000000000000e+00,1.000000000000000056e-01
9.991602229838507654e-01,-4.093130066625633168e-02,-1.864787556299629754e-03,6.422885127567128372e+00,4.093420998595991012e-02,9.991606423037365792e-01,1.549620601911650981e-03,2.029491935371300626e-01,1.799794345736882659e-03,-1.624652871555188130e-03,9.999970606173600451e-01,4.890091610736128913e-02,0.000000000000000000e+00,0.000000000000000000e+00,0.000000000000000000e+00,1.000000000000000056e-01
9.990317600564178058e-01,-4.398102690071022808e-02,-1.100759435554372716e-03,7.215415353458996428e+00,4.398024554730946972e-02,9.990321383474478623e-01,-7.242586031096026004e-04,2.266553084363080173e-01,1.131547689814449160e-03,6.751456767363898416e-04,9.999991318886936043e-01,6.019636132327634004e-02,0.000000000000000000e+00,0.000000000000000000e+00,0.000000000000000000e+00,1.000000000000000056e-01
9.989377657192078930e-01,-4.607633636990351306e-02,5.580740493276584776e-04,8.018800271877847052e+00,4.607675071723294630e-02,9.989376180387106174e-01,-7.538637072714615738e-04,2.662956570449201976e-01,-5.227458837712866454e-04,7.787771662511800601e-04,9.999995601213363949e-01,6.175583205430409950e-02,0.000000000000000000e+00,0.000000000000000000e+00,0.000000000000000000e+00,1.000000000000000056e-01
9.988850918301718229e-01,-4.719069558942339676e-02,1.269475960977550734e-03,8.858581864522536264e+00,4.719344064988901383e-02,9.988832861341429004e-01,-2.227070156357227777e-03,3.148810217200209705e-01,-1.162961329764611350e-03,2.284498116065979134e-03,9.999967142892536298e-01,7.649215250160977531e-02,0.000000000000000000e+00,0.000000000000000000e+00,0.000000000000000000e+00,1.000000000000000056e-01
9.986776564329225003e-01,-5.137282450780190912e-02,1.942020529267283677e-03,9.666679524312094429e+00,5.138170199801449234e-02,9.986673728914540193e-01,-4.837253546041619598e-03,3.519918494731600900e-01,-1.690929162544090470e-03,4.930641355041526924e-03,9.999864146749171123e-01,8.253531078040249325e-02,0.000000000000000000e+00,0.000000000000000000e+00,0.000000000000000000e+00,1.000000000000000056e-01
9.986434978774100246e-01,-5.203984562702170663e-02,1.737415979860868192e-03,1.047789523600833483e+01,5.204953863743661674e-02,9.986258788743869186e-01,-6.099145021092933217e-03,4.148542738088328852e-01,-1.417629994504469339e-03,6.181303218098904359e-03,9.999798907056703934e-01,9.278650724323336818e-02,0.000000000000000000e+00,0.000000000000000000e+00,0.000000000000000000e+00,1.000000000000000056e-01
9.985293599215805393e-01,-5.420700901342979244e-02,8.470822962735129712e-04,1.126637521422198596e+01,5.421121733049725361e-02,9.985104055450944038e-01,-6.173648331156844464e-03,4.657607660284170392e-01,-5.111654764493704650e-04,6.210490478951078384e-03,9.999805840704441007e-01,1.078325071846100436e-01,0.000000000000000000e+00,0.000000000000000000e+00,0.000000000000000000e+00,1.000000000000000056e-01
9.984333859112080045e-01,-5.590874738852279202e-02,-2.232904683822195015e-03,1.212547089681630297e+01,5.589585494265497667e-02,9.984216195813051531e-01,-5.470187645152128388e-03,5.138677314602277946e-01,2.535211650013066698e-03,5.336807855811197786e-03,9.999825454395691038e-01,1.015363643713889513e-01,0.000000000000000000e+00,0.000000000000000000e+00,0.000000000000000000e+00,1.000000000000000056e-01
9.982079250818544081e-01,-5.973536562285809703e-02,-3.553082842032983645e-03,1.300892627186530071e+01,5.971933909355760239e-02,9.982052545385676767e-01,-4.457617056460670864e-03,5.886032981258443320e-01,3.812983347402518468e-03,4.237440913668220378e-03,9.999837524942570832e-01,1.327235651492641721e-01,0.000000000000000000e+00,0.000000000000000000e+00,0.000000000000000000e+00,1.000000000000000056e-01
9.984464909766339602e-01,-5.559330864598064498e-02,-3.740145751058630060e-03,1.390609323059670110e+01,5.559272357719526741e-02,9.984534948277490329e-01,-2.602912285474354853e-04,6.502466049186860220e-01,3.748832046916124750e-03,5.196197489816024601e-05,9.999929717544204788e-01,1.361579434147668910e-01,0.000000000000000000e+00,0.000000000000000000e+00,0.000000000000000000e+00,1.000000000000000056e-01
9.977805963127130973e-01,-6.642548948213063131e-02,-4.640686253770780201e-03,1.484788888598547274e+01,6.643845323002854630e-02,9.977868791176300878e-01,2.697367809758263908e-03,7.725096124420002264e-01,4.451241877037498060e-03,-2.999701278321703808e-03,9.999855940152302392e-01,1.556436990590024938e-01,0.000000000000000000e+00,0.000000000000000000e+00,0.000000000000000000e+00,1.000000000000000056e-01
9.974619546827404593e-01,-7.111502234137768996e-02,-3.507500231212894951e-03,1.582848814421844530e+01,7.112291401978167171e-02,9.974651791853618166e-01,2.178856133089245636e-03,8.580648499384845307e-01,3.343659944036179218e-03,-2.422789734852595720e-03,9.999914749777016887e-01,1.660066248082947837e-01,0.000000000000000000e+00,0.000000000000000000e+00,0.000000000000000000e+00,1.000000000000000056e-01
9.973753276794926625e-01,-7.239161680372890872e-02,-1.381865683328009110e-03,1.676986610975768244e+01,7.239438666132616551e-02,9.973739309710324408e-01,2.072341506759868557e-03,9.347202021326131982e-01,1.228216656411005702e-03,-2.166941607961303182e-03,9.999968979191448115e-01,1.821413344241175902e-01,0.000000000000000000e+00,0.000000000000000000e+00,0.000000000000000000e+00,1.000000000000000056e-01
9.974025450311284624e-01,-7.202852803205962717e-02,2.330557071796697738e-04,1.768325462165172723e+01,7.202824370751985394e-02,9.974020315318784524e-01,1.058113647857829081e-03,1.026468486915985912e+00,-3.086646043469337686e-04,-1.038578652031404417e-03,9.999994130401005377e-01,1.879444792919419127e-01,0.000000000000000000e+00,0.000000000000000000e+00,0.000000000000000000e+00,1.000000000000000056e-01
9.971074027285857788e-01,-7.599479400791801786e-02,-1.272284381693932365e-03,1.861685206299593887e+01,7.599725625144095054e-02,9.971059929847645442e-01,2.013900722352492817e-03,1.088123463935219082e+00,1.115556411220360467e-03,-2.104765440798416626e-03,9.999971627441412991e-01,1.873009308252373273e-01,0.000000000000000000e+00,0.000000000000000000e+00,0.000000000000000000e+00,1.000000000000000056e-01
9.970614584697600202e-01,-7.656056638660073410e-02,-2.632054087177445375e-03,1.955348479288717911e+01,7.656142819425738877e-02,9.970648402609857408e-01,2.280968884189062107e-04,1.166836039358793764e+00,2.606865361021481250e-03,-4.289404362382063618e-04,9.999965101254562061e-01,1.965375544366797511e-01,0.000000000000000000e+00,0.000000000000000000e+00,0.000000000000000000e+00,1.000000000000000056e-01
9.968643866948740939e-01,-7.905893357007270916e-02,-3.328597634934645638e-03,2.048080375340216364e+01,7.904915909793663875e-02,9.968662874143922048e-01,-2.972450597654703250e-03,1.237316283322541732e+00,3.553165540973932807e-03,2.700007297994903854e-03,9.999900424380381292e-01,2.116808943743929416e-01,0.000000000000000000e+00,0.000000000000000000e+00,0.000000000000000000e+00,1.000000000000000056e-01
9.969236219104715691e-01,-7.837709173102773430e-02,-5.688309881888963665e-04,2.139953330917752083e+01,7.836870061953592204e-02,9.968829239443131041e-01,-9.098500505161572979e-03,1.312806139092393520e+00,1.280171907443730488e-03,9.025931532143439615e-03,9.999584459965645822e-01,2.278929614472403886e-01,0.000000000000000000e+00,0.000000000000000000e+00,0.000000000000000000e+00,1.000000000000000056e-01
9.970966249645996093e-01,-7.610675178430184595e-02,2.466336766795068376e-03,2.235718767059982781e+01,7.612395056840903784e-02,9.970674285129149661e-01,-7.854116659540760076e-03,1.398653996498532281e+00,-1.861352750822597383e-03,8.019060511426884946e-03,9.999661144431100102e-01,2.535866967163754593e-01,0.000000000000000000e+00,0.000000000000000000e+00,0.000000000000000000e+00,1.000000000000000056e-01
9.973073516405649430e-01,-7.327031255199156767e-02,3.083449726538193148e-03,2.330480084779148697e+01,7.328763966982737577e-02,9.972931445677981621e-01,-5.941857428308590025e-03,1.482167726239151051e+00,-2.639741522984448852e-03,6.151836848150816009e-03,9.999775930830078208e-01,2.629777274131653853e-01,0.000000000000000000e+00,0.000000000000000000e+00,0.000000000000000000e+00,1.000000000000000056e-01
9.973952181147018869e-01,-7.209474579185135013e-02,2.264180013734209702e-03,2.422487282614542181e+01,7.210962157889019841e-02,9.973694599242149961e-01,-7.373119165513597646e-03,1.554320146219487775e+00,-1.726660845538560262e-03,7.517182962249984411e-03,9.999702548589315398e-01,2.753481303636659550e-01,0.000000000000000000e+00,0.000000000000000000e+00,0.000000000000000000e+00,1.000000000000000056e-01
9.974332399582473974e-01,-7.158888853064442059e-02,1.401022962079293867e-03,2.517195122296576670e+01,7.159792082440717687e-02,9.974007712508855539e-01,-8.089452500670370194e-03,1.624427843618223344e+00,-8.182664695736540511e-04,8.168999148344124883e-03,9.999662983785498893e-01,2.793435783922960658e-01,0.000000000000000000e+00,0.000000000000000000e+00,0.000000000000000000e+00,1.000000000000000056e-01
9.972734982514471769e-01,-7.378928336340262462e-02,-8.434133246444399084e-04,2.615309275228753094e+01,7.377708958174128417e-02,9.972238598706830714e-01,-1.007543336357779630e-02,1.746254281525449148e+00,1.584530898542416697e-03,9.985738096487848173e-03,9.999488858419214310e-01,2.882733964228206269e-01,0.000000000000000000e+00,0.000000000000000000e+00,0.000000000000000000e+00,1.000000000000000056e-01
9.976656517145096048e-01,-6.827481588081435460e-02,-1.340487039731004092e-03,2.712439999584229966e+01,6.825830388862402787e-02,9.976186226105373533e-01,-9.893824887400480203e-03,1.827881048066123171e+00,2.012793906748007542e-03,9.779229882520912645e-03,9.999501564196056069e-01,2.973081867282874602e-01,0.000000000000000000e+00,0.000000000000000000e+00,0.000000000000000000e+00,1.000000000000000056e-01
9.977758304105767140e-01,-6.665827977385145597e-02,-2.568775487588469304e-04,2.808143325073478636e+01,6.664995457746243634e-02,9.976990862295972429e-01,-1.242243500481465986e-02,1.878901138017564865e+00,1.084344643693021517e-03,1.237768452569361528e-02,9.999228055817489524e-01,3.124732210683996425e-01,0.000000000000000000e+00,0.000000000000000000e+00,0.000000000000000000e+00,1.000000000000000056e-01
9.978525104472552032e-01,-6.544963399905139034e-02,2.590907852599325274e-03,2.909467500664331041e+01,6.547831679227526791e-02,9.977663839140025193e-01,-1.322244913871402708e-02,1.927852747344443340e+00,-1.719716302442516817e-03,1.336370235247903021e-02,9.999092228973955887e-01,3.185136105023604891e-01,0.000000000000000000e+00,0.000000000000000000e+00,0.000000000000000000e+00,1.000000000000000056e-01
9.981092661013551970e-01,-6.115093207493035171e-02,6.201324776326746190e-03,3.005093501991213856e+01,6.124734730677553612e-02,9.979816117923421270e-01,-1.677691784095480462e-02,1.988574812991910079e+00,-5.162883932207437167e-03,1.712501184601592993e-02,9.998400265036284651e-01,3.305504861917339943e-01,0.000000000000000000e+00,0.000000000000000000e+00,0.000000000000000000e+00,1.000000000000000056e-01
9.982287190494636420e-01,-5.913694630790741064e-02,6.499695857701492073e-03,3.096591807758526826e+01,5.928534813988128177e-02,9.979105400472285670e-01,-2.568660270611297300e-02,2.046192474896713964e+00,-4.967087758437678351e-03,2.602644124778281595e-02,9.996489145670972576e-01,3.557878857041682497e-01,0.000000000000000000e+00,0.000000000000000000e+00,0.000000000000000000e+00,1.000000000000000056e-01
9.984050676129772040e-01,-5.636027433887595001e-02,3.292482524328773762e-03,3.190059452978146481e+01,5.642670488289470293e-02,9.980722805597768144e-01,-2.584085436406728317e-02,2.092194336413294664e+00,-1.829737900650258483e-03,2.598542388826608276e-02,9.996606473221610889e-01,3.553778025505269222e-01,0.000000000000000000e+00,0.000000000000000000e+00,0.000000000000000000e+00,1.000000000000000056e-01
9.983495112211974165e-01,-5.741717836037667222e-02,1.233318097166872596e-03,3.287664763590867523e+01,5.742898779562630174e-02,9.979425388533088581e-01,-2.850614859608287949e-02,2.159828912487197883e+00,4.059620252082506348e-04,2.852992772764848667e-02,9.995928563263590805e-01,3.625328756836919131e-01,0.000000000000000000e+00,0.000000000000000000e+00,0.000000000000000000e+00,1.000000000000000056e-01
9.983223104365147593e-01,-5.789927542968417717e-02,-4.882513866962559469e-04,3.384863738176129999e+01,5.786449340687155329e-02,9.979524003726224501e-01,-2.725265112401193540e-02,2.231261546389991857e+00,2.065160396957048741e-03,2.717867721649749185e-02,9.996284582870258451e-01,3.666391146024695069e-01,0.000000000000000000e+00,0.000000000000000000e+00,0.000000000000000000e+00,1.000000000000000056e-01
9.982126441297869412e-01,-5.968263146340840181e-02,3.082304498645223757e-03,3.484049795781155723e+01,5.974740594069164606e-02,9.977842101533381802e-01,-2.927315241031032411e-02,2.285437285786799055e+00,-1.328375992556069581e-03,2.940499056762348878e-02,9.995666970977676868e-01,3.821079689503031895e-01,0.000000000000000000e+00,0.000000000000000000e+00,0.000000000000000000e+00,1.000000000000000056e-01
9.980586211309115940e-01,-6.226421010707120646e-02,1.468647679319218941e-03,3.581885497898704074e+01,6.228027983101661752e-02,9.976117757835815114e-01,-2.986488844947143492e-02,2.352618564442492843e+00,3.943734698760518586e-04,2.989837717454912544e-02,9.995528657914470871e-01,3.915808091582711481e-01,0.000000000000000000e+00,0.000000000000000000e+00,0.000000000000000000e+00,1.000000000000000056e-01
9.978610140749719637e-01,-6.533752576788741384e-02,2.098646182473322928e-03,3.680865156945566241e+01,6.537083316401647026e-02,9.974513869379403319e-01,-2.858994345957297650e-02,2.405801425324166409e+00,-2.253013779077362626e-04,2.866598022238036475e-02,9.995890209567025453e-01,4.095145280091704310e-01,0.000000000000000000e+00,0.000000000000000000e+00,0.000000000000000000e+00,1.000000000000000056e-01
9.979510386168310987e-01,-6.387205917844379632e-02,3.752942831084339799e-03,3.780234713354480647e+01,6.395030127972917144e-02,9.975883707331563155e-01,-2.697779724511452371e-02,2.477697873704647336e+00,-2.020764662172092746e-03,2.716252260508976446e-02,9.996289881130439037e-01,4.249783818571782890e-01,0.000000000000000000e+00,0.000000000000000000e+00,0.000000000000000000e+00,1.000000000000000056e-01
9.978924863814935264e-01,-6.452553884526454619e-02,6.858604820877348650e-03,3.880918908674532730e+01,6.468339256628652389e-02,9.975660871072953295e-01,-2.603767615505995364e-02,2.534473927332765886e+00,-5.161816489994110017e-03,2.642643922605474038e-02,9.996374337530359311e-01,4.433395062306990098e-01,0.000000000000000000e+00,0.000000000000000000e+00,0.000000000000000000e+00,1.000000000000000056e-01
9.981063769940343722e-01,-6.069439732076004762e-02,9.992514083665703789e-03,3.981587841319004184e+01,6.091684759170862967e-02,9.978612345083750501e-01,-2.370852894867571739e-02,2.606432589106212561e+00,-8.532167563467318167e-03,2.427234639031356986e-02,9.996689728692080834e-01,4.510675498451053866e-01,0.000000000000000000e+00,0.000000000000000000e+00,0.000000000000000000e+00,1.000000000000000056e-01
9.980611005430218841e-01,-6.190294051754503812e-02,6.485795104160240257e-03,4.080757579105439703e+01,6.204371781772526073e-02,9.977753639144654185e-01,-2.439057696551311452e-02,2.662963789788351132e+00,-4.961518135243378827e-03,2.474568893034540321e-02,9.996814663767434883e-01,4.857770343178935413e-01,0.000000000000000000e+00,0.000000000000000000e+00,0.000000000000000000e+00,1.000000000000000056e-01
9.979438617476178441e-01,-6.385441462773117083e-02,5.537375985178875741e-03,4.180321014737454277e+01,6.395920077578268192e-02,9.977221547464656393e-01,-2.144114185841806616e-02,2.719480111738502792e+00,-4.155651137254571213e-03,2.175122204887527597e-02,9.997547773844374097e-01,5.148460435284922809e-01,0.000000000000000000e+00,0.000000000000000000e+00,0.000000000000000000e+00,1.000000000000000056e-01
9.978658202511953013e-01,-6.520113843821029320e-02,3.551946053999709488e-03,4.280561814265949039e+01,6.526041299451776356e-02,9.976585544481277879e-01,-2.045696048431745392e-02,2.775766569895421920e+00,-2.209812253148102541e-03,2.064510311994799743e-02,9.997844249871932210e-01,5.350058827808488182e-01,0.000000000000000000e+00,0.000000000000000000e+00,0.000000000000000000e+00,1.000000000000000056e-01
9.978608917235128883e-01,-6.517177427618815744e-02,5.126461396448397240e-03,4.386147947019559723e+01,6.526795147287693666e-02,9.976337997153565951e-01,-2.160778045135693104e-02,2.861975817207937922e+00,-3.706113771847641819e-03,2.189615270300789007e-02,9.997533811983416729e-01,5.652764941674564003e-01,0.000000000000000000e+00,0.000000000000000000e+00,0.000000000000000000e+00,1.000000000000000056e-01
9.979858106720501665e-01,-6.322625768005779578e-02,5.173203748717424347e-03,4.484474638825384574e+01,6.331455173550454285e-02,9.978090336370337710e-01,-1.919374718133431273e-02,2.926895369515848611e+00,-3.948320628182287392e-03,1.948262641698477599e-02,9.998023994930764768e-01,5.787258437222437824e-01,0.000000000000000000e+00,0.000000000000000000e+00,0.000000000000000000e+00,1.000000000000000056e-01
9.978135956044056343e-01,-6.540297232691809348e-02,9.512078522178488149e-03,4.582051363513439668e+01,6.558071415991438557e-02,9.976516236745862631e-01,-1.975873755424168571e-02,3.020698387409798347e+00,-8.197460416696621816e-03,2.033934586623134533e-02,9.997595274126925835e-01,5.865814285030217512e-01,0.000000000000000000e+00,0.000000000000000000e+00,0.000000000000000000e+00,1.000000000000000056e-01
9.977641901988827389e-01,-6.623452601350299229e-02,8.922349496313767420e-03,4.675642051306368074e+01,6.639313495603244020e-02,9.976156726526101970e-01,-1.883935531248593157e-02,3.094644984333215554e+00,-7.653259924884261989e-03,1.938961685146519190e-02,9.997827115783086693e-01,6.014251952007800828e-01,0.000000000000000000e+00,0.000000000000000000e+00,0.000000000000000000e+00,1.000000000000000056e-01
9.978323682470444655e-01,-6.575238238174774263e-02,2.681247772781975881e-03,4.772651112702961740e+01,6.579077821011064531e-02,9.976629866003303704e-01,-1.844284875546513616e-02,3.129825045366185776e+00,-1.462320417231066129e-03,1.857927282843328462e-02,9.998263210378910415e-01,6.022703314705777355e-01,0.000000000000000000e+00,0.000000000000000000e+00,0.000000000000000000e+00,1.000000000000000056e-01
9.977810560593989297e-01,-6.642808557117174661e-02,4.502623273117159833e-03,4.869081024014096215e+01,6.650583151714289931e-02,9.975823513297906731e-01,-2.016002702229324414e-02,3.196844422097112393e+00,-3.152545511794424202e-03,2.041474375727686877e-02,9.997866270830595425e-01,6.206011853795322386e-01,0.000000000000000000e+00,0.000000000000000000e+00,0.000000000000000000e+00,1.000000000000000056e-01
9.980295276575643637e-01,-6.260846748484366620e-02,4.152315356316506854e-03,4.968342764683281132e+01,6.268186857705707049e-02,9.978152648599080132e-01,-2.087296251709726616e-02,3.264560313139872161e+00,-2.836419451980773734e-03,2.109210780720775433e-02,9.997735132083374054e-01,6.291220086092396135e-01,0.000000000000000000e+00,0.000000000000000000e+00,0.000000000000000000e+00,1.000000000000000056e-01
9.981461556276494118e-01,-6.066081168215398112e-02,4.951558522981468029e-03,5.069575171116861867e+01,6.074524897047939298e-02,9.979687255892203401e-01,-1.919472514369384430e-02,3.358360632696764103e+00,-3.777132941627939135e-03,1.945992476577779878e-02,9.998035029918886929e-01,6.570838570411233759e-01,0.000000000000000000e+00,0.000000000000000000e+00,0.000000000000000000e+00,1.000000000000000056e-01
9.982386484002611082e-01,-5.915863374592434526e-02,4.456107419656281030e-03,5.163353189715174807e+01,5.923171315223505623e-02,9.980710324993294913e-01,-1.859618893143529655e-02,3.431684350556387653e+00,-3.347386603199474682e-03,1.882737738076849243e-02,9.998171457141005192e-01,6.712237727252658992e-01,0.000000000000000000e+00,0.000000000000000000e+00,0.000000000000000000e+00,1.000000000000000056e-01
9.983930525528477151e-01,-5.659749681567741164e-02,2.834778369843845257e-03,5.256503000963468253e+01,5.664161974312358072e-02,9.982100743492268169e-01,-1.919308158130136888e-02,3.518190376293712340e+00,-1.743423953644663909e-03,1.932280574633203629e-02,9.998117771115758723e-01,7.003084349881113502e-01,0.000000000000000000e+00,0.000000000000000000e+00,0.000000000000000000e+00,1.000000000000000056e-01
9.982362310997686672e-01,-5.927910348704837351e-02,3.227198398157340997e-03,5.352229284279363952e+01,5.933652375306014415e-02,9.979887712242225817e-01,-2.230671332287264760e-02,3.589667586937808075e+00,-1.898385796351336266e-03,2.245886017005549115e-02,9.997459655988766292e-01,7.204297730617347240e-01,0.000000000000000000e+00,0.000000000000000000e+00,0.000000000000000000e+00,1.000000000000000056e-01
9.983860165344882187e-01,-5.661688618726170436e-02,4.459841572891210144e-03,5.446928063256328301e+01,5.671362728895164990e-02,9.980558245466418787e-01,-2.584831848017788564e-02,3.641110188656084823e+00,-2.987719552855004623e-03,2.605953351427232195e-02,9.996559279296511891e-01,7.458761901840968989e-01,0.000000000000000000e+00,0.000000000000000000e+00,0.000000000000000000e+00,1.000000000000000056e-01
9.982410954030268568e-01,-5.872523815517206175e-02,8.127844251911035822e-03,5.541219527231221775e+01,5.894548531314994927e-02,9.978040425982586115e-01,-3.020798463601392925e-02,3.686538720665319513e+00,-6.336024760228153863e-03,3.063395139695094388e-02,9.995105881440411455e-01,7.515694105524142188e-01,0.000000000000000000e+00,0.000000000000000000e+00,0.000000000000000000e+00,1.000000000000000056e-01
9.979495275617084049e-01,-6.280844155427721398e-02,1.232234185883345975e-02,5.637101573021504919e+01,6.311945975332276804e-02,9.976480913492851155e-01,-2.672488779353870969e-02,3.738898685769155517e+00,-1.061481228339351129e-02,2.744786870872694545e-02,9.995668763337132168e-01,7.749085905628787518e-01,0.000000000000000000e+00,0.000000000000000000e+00,0.000000000000000000e+00,1.000000000000000056e-01
9.977272828323802134e-01,-6.611900791186220427e-02,1.298252227676014586e-02,5.733679436651600270e+01,6.642238686017212790e-02,9.974902055947089119e-01,-2.452256647300462417e-02,3.833799464440270643e+00,-1.132853104833560567e-02,2.532916373227509649e-02,9.996149748022538084e-01,7.796315475529641548e-01,0.000000000000000000e+00,0.000000000000000000e+00,0.000000000000000000e+00,1.000000000000000056e-01
9.977585304886773532e-01,-6.650604489369275896e-02,7.406809682529586977e-03,5.821186945237822385e+01,6.668693711343583186e-02,9.973900260511695537e-01,-2.767649457709633193e-02,3.897853411682059122e+00,-5.546823911369826166e-03,2.810839600983152525e-02,9.995894911503675484e-01,7.925255453071653466e-01,0.000000000000000000e+00,0.000000000000000000e+00,0.000000000000000000e+00,1.000000000000000056e-01
9.975812931803846872e-01,-6.945768610184155367e-02,2.682039882165494511e-03,5.909958256840543100e+01,6.950393723898437570e-02,9.972452654941217354e-01,-2.590527278061208194e-02,3.958231820417152935e+00,-8.753312691776177212e-04,2.602902785231610283e-02,9.996608042252295157e-01,7.975803663040025304e-01,0.000000000000000000e+00,0.000000000000000000e+00,0.000000000000000000e+00,1.000000000000000056e-01
9.976870585039145922e-01,-6.783715632642610405e-02,-4.318971561662859893e-03,6.006970985761989112e+01,6.770741747525026166e-02,9.973859127733146757e-01,-2.523978249062429000e-02,4.029539980699944124e+00,6.019876463732571834e-03,2.488897793976031433e-02,9.996720961717774356e-01,8.197718448099078348e-01,0.000000000000000000e+00,0.000000000000000000e+00,0.000000000000000000e+00,1.000000000000000056e-01
9.979339579984570774e-01,-6.412280983853835270e-02,-4.010078795286768118e-03,6.096008852597636718e+01,6.401497949079881788e-02,9.976866313731733715e-01,-2.287942263349931546e-02,4.117014269890987066e+00,5.467894871554075491e-03,2.257544767353068457e-02,9.997301892450849436e-01,8.366369005673250925e-01,0.000000000000000000e+00,0.000000000000000000e+00,0.000000000000000000e+00,1.000000000000000056e-01
9.977901435588937273e-01,-6.642693330923268857e-02,-1.513918046967120679e-03,6.184874738124085525e+01,6.638276000148715661e-02,9.975884473579789136e-01,-2.026373293551346141e-02,4.180873310854401836e+00,2.856324790204608707e-03,2.011845493639132301e-02,9.997935232735133404e-01,8.565875367261926998e-01,0.000000000000000000e+00,0.000000000000000000e+00,0.000000000000000000e+00,1.000000000000000056e-01
9.978200932715217686e-01,-6.597769153862152736e-02,-1.416221326632226317e-03,6.272016292782255675e+01,6.594250032951627649e-02,9.976670511374212680e-01,-1.766470280117122052e-02,4.243898580604927417e+00,2.578393667236198589e-03,1.753280622138026976e-02,9.998429639658921175e-01,8.812552450483884803e-01,0.000000000000000000e+00,0.000000000000000000e+00,0.000000000000000000e+00,1.000000000000000056e-01
9.977495297303609068e-01,-6.704620476891733072e-02,-8.260441440990334405e-04,6.352591136617629530e+01,6.702439588426646611e-02,9.976225131494740328e-01,-1.603282924740946289e-02,4.306341751633525838e+00,1.899020587755385339e-03,1.594138273211799170e-02,9.998711247142780811e-01,9.017827989647846376e-01,0.000000000000000000e+00,0.000000000000000000e+00,0.000000000000000000e+00,1.000000000000000056e-01
9.975006971045804471e-01,-7.065640091823181812e-02,-1.796807115242127998e-04,6.434717850559816554e+01,7.064553274869402044e-02,9.973858823142536245e-01,-1.518586391586256544e-02,4.364505084303977434e+00,1.252189494127324684e-03,1.513521620261791024e-02,9.998846719757088497e-01,9.236662595129109254e-01,0.000000000000000000e+00,0.000000000000000000e+00,0.000000000000000000e+00,1.000000000000000056e-01
9.974723776417021570e-01,-7.105307068273464255e-02,5.630171966810879405e-04,6.513842236271453601e+01,7.105279904812142333e-02,9.973394419151210277e-01,-1.629531674630081001e-02,4.423705627139674412e+00,5.963130358459286639e-04,1.629413228709373357e-02,9.998670639958964212e-01,9.360677221001472148e-01,0.000000000000000000e+00,0.000000000000000000e+00,0.000000000000000000e+00,1.000000000000000056e-01
9.971906706314629387e-01,-7.486591645149594243e-02,2.420941852012927897e-03,6.594612341191984228e+01,7.489659894554152875e-02,9.970427320207667643e-01,-1.721307616192456480e-02,4.487854870280558295e+00,-1.125109756382503511e-03,1.734603927250069622e-02,9.998489131111725214e-01,9.565256981975037709e-01,0.000000000000000000e+00,0.000000000000000000e+00,0.000000000000000000e+00,1.000000000000000056e-01
9.970275550761870109e-01,-7.703758548932253258e-02,1.124651402070464979e-03,6.668026868899698911e+01,7.704568356153000674e-02,9.968951457329652266e-01,-1.624903254309345221e-02,4.561419439715338697e+00,1.306267102915257975e-04,1.628738272483481672e-02,9.998673432514121329e-01,9.764989623028826893e-01,0.000000000000000000e+00,0.000000000000000000e+00,0.000000000000000000e+00,1.000000000000000056e-01
9.969597296335143133e-01,-7.769535288486172087e-02,5.893184976470720350e-03,6.745196587770989538e+01,7.779511244717417229e-02,9.967848034443062000e-01,-1.918270319395255774e-02,4.633239124553779398e+00,-4.383830334492597701e-03,1.958284357779942891e-02,9.997986268589319492e-01,9.834441113355720798e-01,0.000000000000000000e+00,0.000000000000000000e+00,0.000000000000000000e+00,1.000000000000000056e-01
9.967015820206718280e-01,-8.070877023051710453e-02,8.488274581295874796e-03,6.817886569414460496e+01,8.083794633193659707e-02,9.965960648283058720e-01,-1.617127087059366808e-02,4.688482828053128770e+00,-7.154217659871405822e-03,1.680410594505905159e-02,9.998332056863596939e-01,1.006098517590406694e+00,0.000000000000000000e+00,0.000000000000000000e+00,0.000000000000000000e+00,1.000000000000000056e-01
9.965496947102854275e-01,-8.231639556975195449e-02,1.061682594945289292e-02,6.886559722142767725e+01,8.247380175731358620e-02,9.964749420797888169e-01,-1.535453779105255129e-02,4.762834295019963804e+00,-9.315470816453284494e-03,1.617716994673804032e-02,9.998257454056592719e-01,1.023035751796525172e+00,0.000000000000000000e+00,0.000000000000000000e+00,0.000000000000000000e+00,1.000000000000000056e-01
9.965440969406548222e-01,-8.284480127425086771e-02,6.049938393461767004e-03,6.951719253734687243e+01,8.290420940162981922e-02,9.965039197932880066e-01,-1.033585507362054512e-02,4.816003683224459486e+00,-5.172515464019007171e-03,1.080170071988918387e-02,9.999282816009018582e-01,1.045990745572104252e+00,0.000000000000000000e+00,0.000000000000000000e+00,0.000000000000000000e+00,1.000000000000000056e-01
9.966991917483698504e-01,-8.117995238150343962e-02,7.324612502496331964e-04,7.019256502829074407e+01,8.118321074775400326e-02,9.966484606010870273e-01,-1.005645435376058272e-02,4.883623123448942671e+00,8.637610805380232983e-05,1.008272348229112547e-02,9.999491643210406400e-01,1.055174266714563380e+00,0.000000000000000000e+00,0.000000000000000000e+00,0.000000000000000000e+00,1.000000000000000056e-01
9.965100382716038929e-01,-8.335840119289136818e-02,-4.372707912892192378e-03,7.092488573599057133e+01,8.331332792095513806e-02,9.964767917267597364e-01,-9.638098395399018539e-03,4.945446998312453601e+00,5.160718424977261617e-03,9.240156952615216981e-03,9.999439916739483181e-01,1.083054954173069406e+00,0.000000000000000000e+00,0.000000000000000000e+00,0.000000000000000000e+00,1.000000000000000056e-01
9.965046838897704262e-01,-8.344507230606945658e-02,-3.915979262414390552e-03,7.162144536495485170e+01,8.340311609944955906e-02,9.964669789149727119e-01,-9.873203987004041532e-03,5.000651106649691258e+00,4.726014245699875979e-03,9.512089144982499578e-03,9.999435908837295273e-01,1.085744925702074370e+00,0.000000000000000000e+00,0.000000000000000000e+00,0.000000000000000000e+00,1.000000000000000056e-01
9.964654843018379005e-01,-8.400023320108153391e-02,-7.066946069837721708e-04,7.229403855216199304e+01,8.398777829816995999e-02,9.964084478016429491e-01,-1.078231172142766342e-02,5.066140015828712428e+00,1.609873175461170713e-03,1.068484776140993589e-02,9.999416194641936873e-01,1.100312778993154605e+00,0.000000000000000000e+00,0.000000000000000000e+00,0.000000000000000000e+00,1.000000000000000056e-01
9.954978485505381336e-01,-9.475730116012991144e-02,2.255528341268111560e-03,7.289335919157538513e+01,9.477491590736676630e-02,9.954510885971165068e-01,-9.738866749646331658e-03,5.154638986702622105e+00,-1.322439413122376926e-03,9.908788405463662616e-03,9.999500322847808542e-01,1.108625116856239545e+00,0.000000000000000000e+00,0.000000000000000000e+00,0.000000000000000000e+00,1.000000000000000056e-01
9.956700471660716589e-01,-9.294310592451977826e-02,-1.654157615233312929e-03,7.345487717902874181e+01,9.291832310134247319e-02,9.956080696112857842e-01,-1.143490082701676888e-02,5.215148243258433958e+00,2.709687868937045267e-03,1.123168669402234421e-02,9.999332511751273245e-01,1.121240891443096910e+00,0.000000000000000000e+00,0.000000000000000000e+00,0.000000000000000000e+00,1.000000000000000056e-01
9.956276820056269017e-01,-9.327450996229585956e-02,-5.038314737667358954e-03,7.407907254620290871e+01,9.317580822357421355e-02,9.955016038331414574e-01,-1.717048419604873255e-02,5.268664949287630961e+00,6.617218901165800200e-03,1.662596033125934847e-02,9.998398821096693423e-01,1.159856771472906223e+00,0.000000000000000000e+00,0.000000000000000000e+00,0.000000000000000000e+00,1.000000000000000056e-01
9.957894022913557075e-01,-9.130659303547720984e-02,-8.159188224224513467e-03,7.470874751666055147e+01,9.112909231671285915e-02,9.956387004822394582e-01,-1.997665226131579291e-02,5.317459944837843011e+00,9.947603618792091526e-03,1.914899919816311774e-02,9.997671533972058988e-01,1.173039316384379305e+00,0.000000000000000000e+00,0.000000000000000000e+00,0.000000000000000000e+00,1.000000000000000056e-01
9.960398934439561591e-01,-8.826960267871188093e-02,-1.063051791281694955e-02,7.529014797486046007e+01,8.804035177613582508e-02,9.959082627832973600e-01,-2.038697081689660323e-02,5.363435772687832781e+00,1.238657044087020792e-02,1.937032170349981680e-02,9.997356468136046059e-01,1.189136369484621092e+00,0.000000000000000000e+00,0.000000000000000000e+00,0.000000000000000000e+00,1.000000000000000056e-01
9.963358396284018870e-01,-8.502026236708255802e-02,-9.297830876063244501e-03,7.584789133280806084e+01,8.481207060328881109e-02,9.961783839120447182e-01,-2.086959765710809031e-02,5.438064696061750247e+00,1.103663680430697590e-02,2.000455981568360561e-02,9.997389710492586845e-01,1.193897138817087367e+00,0.000000000000000000e+00,0.000000000000000000e+00,0.000000000000000000e+00,1.000000000000000056e-01
9.969305075247901771e-01,-7.820022128969461583e-02,-3.780020715152078437e-03,7.639247846451092983e+01,7.810463533587380658e-02,9.967248954531154892e-01,-2.095587562060388653e-02,5.466952362569474033e+00,5.406394862971106163e-03,2.059631457855600617e-02,9.997732556536841342e-01,1.215040553925120559e+00,0.000000000000000000e+00,0.000000000000000000e+00,0.000000000000000000e+00,1.000000000000000056e-01
9.976068710065780776e-01,-6.912849833448669878e-02,1.334780312846377097e-03,7.698271714691587420e+01,6.913895649679172029e-02,9.972241903645193695e-01,-2.763546356339243240e-02,5.480788748592141602e+00,5.793228801220128748e-04,2.766161365227488497e-02,9.996171764806529580e-01,1.229508054532284733e+00,0.000000000000000000e+00,0.000000000000000000e+00,0.000000000000000000e+00,1.000000000000000056e-01
9.983335523485857843e-01,-5.770230767968842489e-02,7.496289029190801199e-04,7.753794246686453562e+01,5.769945863124315011e-02,9.979033520979717631e-01,-2.932016959863598463e-02,5.517889195486297638e+00,9.437842523486648883e-04,2.931456225274203450e-02,9.995697903154212582e-01,1.234900021723397634e+00,0.000000000000000000e+00,0.000000000000000000e+00,0.000000000000000000e+00,1.000000000000000056e-01
9.989517703964124751e-01,-4.577434049680220718e-02,2.649036731473583105e-04,7.805526138028534433e+01,4.576697690868204715e-02,9.986485566263488822e-01,-2.462608723996397020e-02,5.550655240821161129e+00,8.626972315924391795e-04,2.461239728659046777e-02,9.996966968302404277e-01,1.248076645352784286e+00,0.000000000000000000e+00,0.000000000000000000e+00,0.000000000000000000e+00,1.000000000000000056e-01
9.995775098311473483e-01,-2.905820866949353209e-02,6.498835917109362960e-04,7.857499141847793567e+01,2.906545871721679525e-02,9.993507557544635267e-01,-2.129004656031296960e-02,5.574041895689976656e+00,-3.081104299594209341e-05,2.129994088965269511e-02,9.997731300494012707e-01,1.261440408884593189e+00,0.000000000000000000e+00,0.000000000000000000e+00,0.000000000000000000e+00,1.000000000000000056e-01
9.998686364875090105e-01,-1.615228804106310159e-02,-1.346610429231477005e-03,7.905581208009859040e+01,1.612933678040040855e-02,9.997482498955706509e-01,-1.559747818617057170e-02,5.599114065256131312e+00,1.598206380292517981e-03,1.557370931352495928e-02,9.998774451474459202e-01,1.249774781300274418e+00,0.000000000000000000e+00,0.000000000000000000e+00,0.000000000000000000e+00,1.000000000000000056e-01
9.999411243602828181e-01,1.083680965936763621e-02,5.580049283430947452e-04,7.955270312256025989e+01,-1.082617797417183628e-02,9.998063361230992152e-01,-1.643423617257414385e-02,5.607000811111626959e+00,-7.359915522446226115e-04,1.642722753574151276e-02,9.998647931155112412e-01,1.269918556422184652e+00,0.000000000000000000e+00,0.000000000000000000e+00,0.000000000000000000e+00,1.000000000000000056e-01
9.993729987538945148e-01,3.512163456880200429e-02,4.481087687589265824e-03,8.006715988005375095e+01,-3.505081015348554541e-02,9.992728060623154995e-01,-1.500998907162203085e-02,5.599665389257773462e+00,-5.005004418843839349e-03,1.484351203595128156e-02,9.998773025132663417e-01,1.290782589250556001e+00,0.000000000000000000e+00,0.000000000000000000e+00,0.000000000000000000e+00,1.000000000000000056e-01
9.979990934749560783e-01,6.304844183446579875e-02,4.764809063525160884e-03,8.054222061468006189e+01,-6.296982239725985864e-02,9.979002893466476509e-01,-1.515961705104597150e-02,5.565312006117153487e+00,-5.710594577048935805e-03,1.482924489388433471e-02,9.998737333310910858e-01,1.298466363923939326e+00,0.000000000000000000e+00,0.000000000000000000e+00,0.000000000000000000e+00,1.000000000000000056e-01
9.952551439918690956e-01,9.714457456861129436e-02,5.489079121991372739e-03,8.101267683914605300e+01,-9.705572413795383879e-02,9.951714383759894256e-01,-1.462855607097792755e-02,5.493039624674509902e+00,-6.883659621259993408e-03,1.402639912977887184e-02,9.998779302283208326e-01,1.307113389590224939e+00,0.000000000000000000e+00,0.000000000000000000e+00,0.000000000000000000e+00,1.000000000000000056e-01
