1.000000000000000000e+00,1.537402630491938392e-13,-5.482670326770226175e-13,1.072754819758982968e-20,-1.537402630492914308e-13,1.000000000000000000e+00,-1.779987194286886077e-13,-4.686451309359854086e-20,5.482670326769951525e-13,1.779987194287729212e-13,1.000000000000000000e+00,1.936876682891790244e-19,0.000000000000000000e+00,0.000000000000000000e+00,0.000000000000000000e+00,1.000000000000000056e-01
9.999970980304832002e-01,-2.266231602457874014e-03,-8.173890971888467770e-04,6.462950348767696473e-01,2.265039120167891204e-03,9.999963735441682600e-01,-1.456878957339026188e-03,1.709473658238045909e-02,8.206877580974661617e-04,1.455023311239170888e-03,9.999986046884102864e-01,6.593535696856005386e-03,0.000000000000000000e+00,0.000000000000000000e+00,0.000000000000000000e+00,1.000000000000000056e-01
9.999758329627516096e-01,-6.895114123869740784e-03,-8.893209037519315572e-04,1.299010191728653840e+00,6.894443516494474893e-03,9.999759480670827871e-01,-7.549410154857800516e-04,1.889563220716771949e-02,8.945049183237771149e-04,7.487913980591830079e-04,9.999993195859651074e-01,1.042965858499915986e-02,0.000000000000000000e+00,0.000000000000000000e+00,0.000000000000000000e+00,1.000000000000000056e-01
9.999237833521141816e-01,-1.193561396750015408e-02,-3.157309933011451589e-03,2.001015351001700804e+00,1.193516305641325811e-02,9.999287603435701444e-01,-1.616186499043542472e-04,2.351769254246070806e-02,3.159014025151787690e-03,1.239233230024978352e-04,9.999950026242125922e-01,1.659255211226842372e-02,0.000000000000000000e+00,0.000000000000000000e+00,0.000000000000000000e+00,1.000000000000000056e-01
9.998456368828636531e-01,-1.707035681794307272e-02,-4.159966875942173146e-03,2.705494403468653442e+00,1.706686977356157084e-02,9.998539698591091263e-01,-8.723033371519077917e-04,3.301778673483179993e-02,4.174249924611844222e-03,8.011710727556617829e-04,9.999909668404405316e-01,1.898602596604339124e-02,0.000000000000000000e+00,0.000000000000000000e+00,0.000000000000000000e+00,1.000000000000000056e-01
9.997469137200911682e-01,-2.212807246626391153e-02,-4.056712471983281096e-03,3.417110343764166558e+00,2.212690079999883250e-02,9.997551145411324169e-01,-3.334813852464323038e-04,3.936814524648911406e-02,4.063098342346967845e-03,2.436345112415293679e-04,9.999917159027295055e-01,3.633921325503036009e-02,0.000000000000000000e+00,0.000000000000000000e+00,0.000000000000000000e+00,1.000000000000000056e-01
9.996154311163687467e-01,-2.738465732186065593e-02,-4.366968903075660845e-03,4.159164042473190825e+00,2.739073286142386376e-02,9.996239086312328492e-01,1.337552290819942445e-03,6.777313283219413287e-02,4.328698112629365650e-03,-1.456652388466954037e-03,9.999895702138442699e-01,4.717864774928483274e-02,0.000000000000000000e+00,0.000000000000000000e+00,0.000000000000000000e+00,1.000000000000000056e-01
9.994665054587444919e-01,-3.231785765335204452e-02,-4.718107966447122013e-03,4.927043487644863440e+00,3.233392499292812861e-02,9.994714410557062889e-01,3.369838064568900140e-03,1.001040263039787298e-01,4.606708221395728296e-03,-3.520595223452175227e-03,9.999831916830580480e-01,5.712913214674523316e-02,0.000000000000000000e+00,0.000000000000000000e+00,0.000000000000000000e+00,1.000000000000000056e-01
9.993098246785061534e-01,-3.687826322331376472e-02,-4.457353771603190899e-03,5.697602353278814924e+00,3.689566046762071672e-02,9.993115679379107608e-01,3.885926418816645477e-03,1.416019677582065206e-01,4.310978969015195374e-03,-4.047701459642377014e-03,9.999825156337596166e-01,6.518344617605549562e-02,0.000000000000000000e+00,0.000000000000000000e+00,0.000000000000000000e+00,1.000000000000000056e-01
9.991995581983794672e-01,-3.995551349757002491e-02,-1.949317139099800145e-03,6.491116826730303657e+00,3.996365868852307102e-02,9.991917274153629958e-01,4.335648616999930420e-03,1.838437222515462710e-01,1.774508492660241323e-03,-4.410080027432418566e-03,9.999887010930479381e-01,7.642991483967709332e-02,0.000000000000000000e+00,0.000000000000000000e+00,0.000000000000000000e+00,1.000000000000000056e-01
9.990593734017835237e-01,-4.336241928081584901e-02,-2.627016375687994633e-04,7.288510283278835544e+00,4.336291238274716381e-02,9.990567012803727165e-01,2.316345498047875113e-03,2.203167329467909108e-01,1.620114867648547057e-04,-2.325558189954452046e-03,9.999972827619999505e-01,8.322220485032279236e-02,0.000000000000000000e+00,0.000000000000000000e+00,0.000000000000000000e+00,1.000000000000000056e-01
9.989372798601996450e-01,-4.608770785126784647e-02,4.838290206772930674e-04,8.096949037676825611e+00,4.608624439799125644e-02,9.989338338482497415e-01,2.693263916870934204e-03,2.712200911209428078e-01,-6.074395391193214335e-04,-2.668103868570903797e-03,9.999962561124681182e-01,9.761813366420318827e-02,0.000000000000000000e+00,0.000000000000000000e+00,0.000000000000000000e+00,1.000000000000000056e-01
9.988153116419550281e-01,-4.866147593670637483e-02,-1.843617251385323288e-04,8.927478612398493496e+00,4.866172587938588645e-02,9.988137588425630708e-01,1.763967468459274809e-03,3.059408572245757574e-01,9.830576715275310819e-05,-1.770849076466762730e-03,9.999984272135253871e-01,1.010227114949027311e-01,0.000000000000000000e+00,0.000000000000000000e+00,0.000000000000000000e+00,1.000000000000000056e-01
9.987080327231776522e-01,-5.080616855157371603e-02,-9.993054134627345642e-04,9.700705117546110756e+00,5.080827608461974121e-02,9.987059786907006576e-01,2.210703227239434795e-03,3.768447962908869631e-01,8.856949301825808299e-04,-2.258620056351145784e-03,9.999970570856354657e-01,1.185989701557246534e-01,0.000000000000000000e+00,0.000000000000000000e+00,0.000000000000000000e+00,1.000000000000000056e-01
9.985772737953558797e-01,-5.330996119032656994e-02,-1.215029761222044015e-03,1.050317338894181418e+01,5.331035062396485141e-02,9.985779499819660288e-01,2.903896761684592238e-04,4.393925508638575339e-01,1.197821265761574161e-03,-3.547501937559156934e-04,9.999992196879532447e-01,1.271208915580420429e-01,0.000000000000000000e+00,0.000000000000000000e+00,0.000000000000000000e+00,1.000000000000000056e-01
9.984433228816445016e-01,-5.576532218971927413e-02,-1.076955958700249062e-03,1.131010761254637309e+01,5.576514896640386021e-02,9.984438952551460966e-01,-1.902327144524778961e-04,4.967429175669468289e-01,1.085888491035384359e-03,1.298799740715513994e-04,9.999994019885098950e-01,1.503998731131116484e-01,0.000000000000000000e+00,0.000000000000000000e+00,0.000000000000000000e+00,1.000000000000000056e-01
9.982863534250531190e-01,-5.848102042623300884e-02,-2.080099809274561611e-03,1.216418306917904779e+01,5.848160300303106157e-02,9.982884621065225561e-01,2.203070358404910737e-04,5.461408151244395714e-01,2.063655859365741939e-03,-3.415770786957618476e-04,9.999978123224037008e-01,1.549835822247548900e-01,0.000000000000000000e+00,0.000000000000000000e+00,0.000000000000000000e+00,1.000000000000000056e-01
9.981983418885019832e-01,-5.988603046571459171e-02,-3.705888031879586708e-03,1.304150685357802786e+01,5.989900943320380228e-02,9.981983192075942757e-01,3.496312350837331093e-03,6.073496502257147434e-01,3.489830936633844458e-03,-3.711992213510066294e-03,9.999870210126932113e-01,1.698011137240611756e-01,0.000000000000000000e+00,0.000000000000000000e+00,0.000000000000000000e+00,1.000000000000000056e-01
9.983671267859487441e-01,-5.697143756763889400e-02,-4.163586752548664380e-03,1.392821322087976377e+01,5.700090008631293614e-02,9.983471604799526444e-01,7.337884638356099130e-03,6.694903686777223806e-01,3.738655175266265493e-03,-7.563230995565052052e-03,9.999644093638474507e-01,1.876576934638352900e-01,0.000000000000000000e+00,0.000000000000000000e+00,0.000000000000000000e+00,1.000000000000000056e-01
9.975292428492309460e-01,-7.011472488748825282e-02,-4.397159832427926379e-03,1.488594350259940313e+01,7.013642303756063845e-02,9.975249215582945306e-01,4.991295785122047864e-03,7.611255014081571568e-01,4.036313186116038954e-03,-5.287364567540287462e-03,9.999778757311551525e-01,1.916748897030277898e-01,0.000000000000000000e+00,0.000000000000000000e+00,0.000000000000000000e+00,1.000000000000000056e-01
9.972748087180132170e-01,-7.370541005226453890e-02,-3.235494626427207632e-03,1.582627711143632787e+01,7.370883124196246639e-02,9.972793508945932972e-01,9.510395378490320078e-04,8.416882562709411264e-01,3.156595221753190784e-03,-1.186932300595260623e-03,9.999943135329919519e-01,1.891829841733518869e-01,0.000000000000000000e+00,0.000000000000000000e+00,0.000000000000000000e+00,1.000000000000000056e-01
9.970699700476309824e-01,-7.648109859324424276e-02,-1.454780803661739289e-03,1.673085345670000379e+01,7.648421870296352731e-02,9.970683075388929728e-01,2.225846114339783809e-03,9.258125414928476404e-01,1.280280677622870535e-03,-2.330592091707541554e-03,9.999964646046948236e-01,2.049308451398393349e-01,0.000000000000000000e+00,0.000000000000000000e+00,0.000000000000000000e+00,1.000000000000000056e-01
9.970266830902495547e-01,-7.704879287619699479e-02,-1.129921402558395132e-03,1.760297814384897919e+01,7.705068826993775877e-02,9.970256539444702915e-01,1.742645612370897828e-03,1.001474736842958180e+00,9.922918844474583767e-04,-1.824525396461990643e-03,9.999978432296210418e-01,2.214636365742918833e-01,0.000000000000000000e+00,0.000000000000000000e+00,0.000000000000000000e+00,1.000000000000000056e-01
9.969721112627271120e-01,-7.773676510330454481e-02,-1.898608862882818563e-03,1.850193482059950867e+01,7.773846973069473143e-02,9.969734314132887576e-01,8.410588221850144033e-04,1.074932301051679140e+00,1.827481400841707206e-03,-9.861071372675811551e-04,9.999978439498974359e-01,2.243104240797548776e-01,0.000000000000000000e+00,0.000000000000000000e+00,0.000000000000000000e+00,1.000000000000000056e-01
9.968039053860994203e-01,-7.988611861959506177e-02,-4.269179267790736425e-04,1.941986315806287422e+01,7.988612577677602078e-02,9.968039962341110893e-01,-2.885545366633889149e-07,1.150916373140312032e+00,4.255765469793064046e-04,-3.381718690597058436e-05,9.999999088704961681e-01,2.343156265621928469e-01,0.000000000000000000e+00,0.000000000000000000e+00,0.000000000000000000e+00,1.000000000000000056e-01
9.966388054902631799e-01,-8.191458147258200151e-02,1.045338755156157698e-03,2.034524164270526470e+01,8.191691592240203657e-02,9.966361996878396745e-01,-2.429888380690727046e-03,1.214398488973380985e+00,-8.427791545958791646e-04,2.507351980122831531e-03,9.999965014485522330e-01,2.503467954197927114e-01,0.000000000000000000e+00,0.000000000000000000e+00,0.000000000000000000e+00,1.000000000000000056e-01
9.966633821084158740e-01,-8.152079045735809160e-02,4.057522325414045575e-03,2.127860829869487702e+01,8.152767304365070300e-02,9.966698567410999798e-01,-1.560510097028074139e-03,1.304018700725756208e+00,-3.916796178167814002e-03,1.886103624632002457e-03,9.999905506157624746e-01,2.526810866634090491e-01,0.000000000000000000e+00,0.000000000000000000e+00,0.000000000000000000e+00,1.000000000000000056e-01
9.967822316739686217e-01,-7.981183770270995625e-02,7.433248386738170940e-03,2.224177163612983676e+01,7.982630517714962848e-02,9.968073897874101252e-01,-1.669930230490515154e-03,1.394177613977284791e+00,-7.276236721495195348e-03,2.257925536065477200e-03,9.999709786546039370e-01,2.643658409800113129e-01,0.000000000000000000e+00,0.000000000000000000e+00,0.000000000000000000e+00,1.000000000000000056e-01
9.969412472577678930e-01,-7.753720003011035922e-02,9.804699261921668435e-03,2.321439048829898155e+01,7.754900491436342302e-02,9.969881967894258512e-01,-8.290351989764623616e-04,1.471356521006252027e+00,-9.710888369150860039e-03,1.586844056534805281e-03,9.999515891147041646e-01,2.670867125401473752e-01,0.000000000000000000e+00,0.000000000000000000e+00,0.000000000000000000e+00,1.000000000000000056e-01
9.970950729965312176e-01,-7.544930305313095331e-02,1.043159023537540940e-02,2.413417334536721626e+01,7.547232645281738705e-02,9.971462160750719228e-01,-1.830766769800572626e-03,1.557001334907831325e+00,-1.026369065401597398e-02,2.612744909640201015e-03,9.999439135362522268e-01,2.645559474507699349e-01,0.000000000000000000e+00,0.000000000000000000e+00,0.000000000000000000e+00,1.000000000000000056e-01
9.971776409375594508e-01,-7.462113191644190180e-02,8.272791893472360159e-03,2.507454060551021513e+01,7.464205531464185306e-02,9.972078535691965007e-01,-2.249524021168488978e-03,1.633292777972636056e+00,-8.081831018381401693e-03,2.860673246780250957e-03,9.999632496026868989e-01,2.715010642334225177e-01,0.000000000000000000e+00,0.000000000000000000e+00,0.000000000000000000e+00,1.000000000000000056e-01
9.973973450310319455e-01,-7.192267927478250555e-02,5.065997531137740595e-03,2.600546789918023194e+01,7.194302714948512534e-02,9.974008991933471791e-01,-3.955645695830859766e-03,1.707958440925269272e+00,-4.768329856162142888e-03,4.309813712826995359e-03,9.999793440547377621e-01,2.727078678107326404e-01,0.000000000000000000e+00,0.000000000000000000e+00,0.000000000000000000e+00,1.000000000000000056e-01
9.974652451383303475e-01,-7.109169576133098079e-02,3.009241583655452700e-03,2.695864723911487815e+01,7.110381088531222971e-02,9.974603664940953074e-01,-4.131023002950823773e-03,1.778809978209511700e+00,-2.707917782393399423e-03,4.334520416782879602e-03,9.999869394717314508e-01,2.801105414350713030e-01,0.000000000000000000e+00,0.000000000000000000e+00,0.000000000000000000e+00,1.000000000000000056e-01
9.973802918050712618e-01,-7.218827985245286627e-02,4.626637091316236974e-03,2.792729705564352471e+01,7.221374551070143533e-02,9.973734806015662757e-01,-5.595994284559278886e-03,1.849714908902528876e+00,-4.210519937779889574e-03,5.915441205955928108e-03,9.999736391911501210e-01,2.877211335620651900e-01,0.000000000000000000e+00,0.000000000000000000e+00,0.000000000000000000e+00,1.000000000000000056e-01
9.975240171814583334e-01,-6.987436867592392020e-02,7.962898235356284313e-03,2.892193672389622350e+01,6.994937330788031371e-02,9.975046785650980574e-01,-9.565637175593721953e-03,1.919369481790816012e+00,-7.274635386078097225e-03,1.009895256357614540e-02,9.999225424187206945e-01,2.931159190747081866e-01,0.000000000000000000e+00,0.000000000000000000e+00,0.000000000000000000e+00,1.000000000000000056e-01
9.973764536956923887e-01,-7.134490978244367732e-02,1.225207988625900968e-02,2.986653569665342189e+01,7.149134574789794971e-02,9.973695005033703653e-01,-1.196105968600167692e-02,1.973113343546977427e+00,-1.136649007208532375e-02,1.280559697134627493e-02,9.998533990489049117e-01,2.988597054136402087e-01,0.000000000000000000e+00,0.000000000000000000e+00,0.000000000000000000e+00,1.000000000000000056e-01
9.974138179517487712e-01,-7.081711228335561825e-02,1.227242301920671193e-02,3.077263410335147853e+01,7.105092437558206686e-02,9.972762220188258198e-01,-1.979654366885734776e-02,2.019247847452846578e+00,-1.083706160779151877e-02,2.061731320284633864e-02,9.997287054456347466e-01,3.135030692827236454e-01,0.000000000000000000e+00,0.000000000000000000e+00,0.000000000000000000e+00,1.000000000000000056e-01
9.973912638173859646e-01,-7.157207281281609268e-02,9.386439902032393118e-03,3.171194815212262341e+01,7.176524455899889465e-02,9.971750176171446656e-01,-2.217507415172104840e-02,2.083827166901284667e+00,-7.772807352854845669e-03,2.279084538853700520e-02,9.997100383772943299e-01,3.094931339957026628e-01,0.000000000000000000e+00,0.000000000000000000e+00,0.000000000000000000e+00,1.000000000000000056e-01
9.974379654422430574e-01,-7.117772485832017659e-02,7.157973067292587935e-03,3.269092411328515624e+01,7.132581113252180194e-02,9.971841835427747158e-01,-2.315885917780787298e-02,2.166041213784180020e+00,-5.489422622338738580e-03,2.361007361536549345e-02,9.997061721641766763e-01,3.083537986819029353e-01,0.000000000000000000e+00,0.000000000000000000e+00,0.000000000000000000e+00,1.000000000000000056e-01
9.973983249449543953e-01,-7.184722665301244982e-02,5.878555883029098345e-03,3.365759648174601892e+01,7.196439343044645776e-02,9.971415802718035515e-01,-2.301727549555404595e-02,2.244623786221564554e+00,-4.208025093455842677e-03,2.338043873243132037e-02,9.997177839818054412e-01,3.068309733558596264e-01,0.000000000000000000e+00,0.000000000000000000e+00,0.000000000000000000e+00,1.000000000000000056e-01
9.975090116528743112e-01,-7.013270964487905434e-02,7.561395980433293848e-03,3.461265666843760158e+01,7.029561676835327511e-02,9.972371465724048090e-01,-2.401249173419346336e-02,2.301288639757399501e+00,-5.856443840987100510e-03,2.448420989117244470e-02,9.996830625410947357e-01,3.193919707232432126e-01,0.000000000000000000e+00,0.000000000000000000e+00,0.000000000000000000e+00,1.000000000000000056e-01
9.973402567062149560e-01,-7.222884103135601697e-02,9.767644365374614918e-03,3.559076961873902434e+01,7.243156399947392465e-02,9.971241047635033272e-01,-2.229771818308129427e-02,2.388326791484197908e+00,-8.129015301464686399e-03,2.294589773465186694e-02,9.997036585345576709e-01,3.149717635568506924e-01,0.000000000000000000e+00,0.000000000000000000e+00,0.000000000000000000e+00,1.000000000000000056e-01
9.973420859033097496e-01,-7.196371012952831880e-02,1.140123284685787969e-02,3.657197974004041896e+01,7.218913453762740295e-02,9.971745315302682489e-01,-2.077697095580605113e-02,2.466286276987020631e+00,-9.873831107699758414e-03,2.154479268369273448e-02,9.997191252384207694e-01,3.239221720629887336e-01,0.000000000000000000e+00,0.000000000000000000e+00,0.000000000000000000e+00,1.000000000000000056e-01
9.973905192096405026e-01,-7.107726573883822729e-02,1.265600591870243673e-02,3.757160083301415199e+01,7.132096303610581389e-02,9.972533797026950086e-01,-1.997540745904460152e-02,2.543948305648823016e+00,-1.120144733175523245e-02,2.082592054731313702e-02,9.997203652077069069e-01,3.196412223063398450e-01,0.000000000000000000e+00,0.000000000000000000e+00,0.000000000000000000e+00,1.000000000000000056e-01
9.972870175889343436e-01,-7.194992526124593946e-02,1.555033129774683991e-02,3.856318567516298401e+01,7.224525638316212084e-02,9.971992450250599660e-01,-1.934654107538695544e-02,2.612508112170718988e+00,-1.411479644556499179e-02,2.041749192118329920e-02,9.996919018102270460e-01,3.366258808870602470e-01,0.000000000000000000e+00,0.000000000000000000e+00,0.000000000000000000e+00,1.000000000000000056e-01
9.974476853855314129e-01,-6.940016240904138545e-02,1.678488536286909180e-02,3.957615827976660228e+01,6.970190166956664879e-02,9.974033908644134305e-01,-1.811410488586821452e-02,2.692140583174025714e+00,-1.548417975522242869e-02,1.923781042033764418e-02,9.996950269094765362e-01,3.330399681663521183e-01,0.000000000000000000e+00,0.000000000000000000e+00,0.000000000000000000e+00,1.000000000000000056e-01
9.974091363713117886e-01,-7.024267519049866293e-02,1.552357127454854352e-02,4.058576803643433806e+01,7.055269637090598456e-02,9.972990789121262134e-01,-2.041725338578382135e-02,2.773854546991361580e+00,-1.404748083567428432e-02,2.145958487731422157e-02,9.996710231366440214e-01,3.463925228685981739e-01,0.000000000000000000e+00,0.000000000000000000e+00,0.000000000000000000e+00,1.000000000000000056e-01
9.974623731401049964e-01,-6.992322528272132409e-02,1.339987819988324759e-02,4.159356535432629443e+01,7.014738051144248088e-02,9.973907566331217112e-01,-1.705941353599169097e-02,2.846660986109848412e+00,-1.217206544070497352e-02,1.795608946488289753e-02,9.997646821497728764e-01,3.618049027956948271e-01,0.000000000000000000e+00,0.000000000000000000e+00,0.000000000000000000e+00,1.000000000000000056e-01
9.975974434795312762e-01,-6.838247700048701028e-02,1.109854055185505173e-02,4.262632631896232738e+01,6.854391086053469861e-02,9.975370899859045126e-01,-1.488241870115254543e-02,2.920055423471108469e+00,-1.005350919064486315e-02,1.560740022333012740e-02,9.998276531538935474e-01,3.702603584813300985e-01,0.000000000000000000e+00,0.000000000000000000e+00,0.000000000000000000e+00,1.000000000000000056e-01
9.975805476521258930e-01,-6.862881672563442281e-02,1.109668693456970952e-02,4.367523699654046965e+01,6.882456826012331441e-02,9.974601396383028229e-01,-1.834253626260513859e-02,2.989632489650530189e+00,-9.809676339828802064e-03,1.906188205756812609e-02,9.997701810428890612e-01,3.792427788304303382e-01,0.000000000000000000e+00,0.000000000000000000e+00,0.000000000000000000e+00,1.000000000000000056e-01
9.975850730340986017e-01,-6.828472978409162730e-02,1.269715471535709517e-02,4.468837284371435459e+01,6.853389467154834269e-02,9.974412191580545040e-01,-2.034992888545374481e-02,3.075080077476313178e+00,-1.127507608405553183e-02,2.117097075732472453e-02,9.997122899397061779e-01,3.876004564753982029e-01,0.000000000000000000e+00,0.000000000000000000e+00,0.000000000000000000e+00,1.000000000000000056e-01
9.975787975150542941e-01,-6.826621317149986212e-02,1.327655405749806304e-02,4.567512769267500516e+01,6.853401389433294577e-02,9.974301171413136879e-01,-2.088660716815155319e-02,3.140035287510170470e+00,-1.181658529143286666e-02,2.174593200321937522e-02,9.996936944651404477e-01,3.892591299871702160e-01,0.000000000000000000e+00,0.000000000000000000e+00,0.000000000000000000e+00,1.000000000000000056e-01
9.970142536723239912e-01,-7.641581727649729427e-02,1.109958756818546499e-02,4.659096260742846596e+01,7.659284466391122481e-02,9.969257398511105484e-01,-1.651076523380199529e-02,3.196347455752559519e+00,-9.803780929254126558e-03,1.731161726358156072e-02,9.998020773069089540e-01,4.018228909880481869e-01,0.000000000000000000e+00,0.000000000000000000e+00,0.000000000000000000e+00,1.000000000000000056e-01
9.970434371436649457e-01,-7.647776000560396747e-02,7.452293155250875115e-03,4.754826633183189699e+01,7.658948234514376119e-02,9.969330337397148689e-01,-1.608034305080446175e-02,3.271878902702781033e+00,-6.199648606934761441e-03,1.660356778086825164e-02,9.998429306116519699e-01,3.975260377344611573e-01,0.000000000000000000e+00,0.000000000000000000e+00,0.000000000000000000e+00,1.000000000000000056e-01
9.971379044404057312e-01,-7.526383968477373676e-02,7.166168020699477392e-03,4.849496998366348066e+01,7.536934266539929705e-02,9.970303453513850167e-01,-1.580989040706835477e-02,3.363162074266657697e+00,-5.954973919492616286e-03,1.630475036308653633e-02,9.998493353506895387e-01,4.087139878190921283e-01,0.000000000000000000e+00,0.000000000000000000e+00,0.000000000000000000e+00,1.000000000000000056e-01
9.972538555979916230e-01,-7.349051411726188754e-02,9.159248316357950295e-03,4.946609435533623866e+01,7.363158391925915536e-02,9.971546446375423312e-01,-1.615563453776460920e-02,3.450297318365930899e+00,-7.945901111974006462e-03,1.678567879346107641e-02,9.998275369497289233e-01,4.144338539336435145e-01,0.000000000000000000e+00,0.000000000000000000e+00,0.000000000000000000e+00,1.000000000000000056e-01
9.972543898344508051e-01,-7.307868674971500222e-02,1.196609789590095257e-02,5.046504572096552010e+01,7.327701917647859442e-02,9.971654971138763646e-01,-1.707190165874142296e-02,3.540178824111587019e+00,-1.068458780333828018e-02,1.790186885698748231e-02,9.997826577186162966e-01,4.304187696211818071e-01,0.000000000000000000e+00,0.000000000000000000e+00,0.000000000000000000e+00,1.000000000000000056e-01
9.973583934898928582e-01,-7.155818866603508299e-02,1.247640052644341871e-02,5.140110149006387985e+01,7.179816963896604176e-02,9.972189715488058992e-01,-1.998363379458829858e-02,3.611938435109335099e+00,-1.101171066430478226e-02,2.082662761894218950e-02,9.997224583904612549e-01,4.406239708112663633e-01,0.000000000000000000e+00,0.000000000000000000e+00,0.000000000000000000e+00,1.000000000000000056e-01
9.974138806307122351e-01,-7.089577837260568893e-02,1.180420832270355665e-02,5.233903050965027859e+01,7.115721567044261398e-02,9.971897363180105556e-01,-2.343673270843676937e-02,3.681818323742692467e+00,-1.010946997688429334e-02,2.421607711746411040e-02,9.996556308178469186e-01,4.443455263860002225e-01,0.000000000000000000e+00,0.000000000000000000e+00,0.000000000000000000e+00,1.000000000000000056e-01
9.974225565429364337e-01,-7.087941105367080719e-02,1.115135812524635853e-02,5.332327477790861536e+01,7.115152042739063265e-02,9.971196943564549775e-01,-2.626359204984143533e-02,3.759272655250609940e+00,-9.257690868858386990e-03,2.698933521179519915e-02,9.995928525877934012e-01,4.585193479987079712e-01,0.000000000000000000e+00,0.000000000000000000e+00,0.000000000000000000e+00,1.000000000000000056e-01
9.973313609752618714e-01,-7.180867648501727818e-02,1.317840645533796019e-02,5.428776980357278603e+01,7.217177556823277385e-02,9.969549712922929352e-01,-2.952998521692850112e-02,3.838021444910408420e+00,-1.101776867430986385e-02,3.040228933902026573e-02,9.994770180331240539e-01,4.495622445221855723e-01,0.000000000000000000e+00,0.000000000000000000e+00,0.000000000000000000e+00,1.000000000000000056e-01
9.971812417078972368e-01,-7.301203672609248019e-02,1.728622801550220786e-02,5.524348148619656484e+01,7.353547102418862835e-02,9.967830197927994851e-01,-3.187704431088823898e-02,3.922160644155229914e+00,-1.490321063217333111e-02,3.305834154726067231e-02,9.993423039014198705e-01,4.564118324771547219e-01,0.000000000000000000e+00,0.000000000000000000e+00,0.000000000000000000e+00,1.000000000000000056e-01
9.970342408881223140e-01,-7.385651630995664074e-02,2.163186296190697244e-02,5.620129616980916154e+01,7.449101869385828245e-02,9.967654193693542553e-01,-3.016267367768753552e-02,3.990332668118928172e+00,-1.933418295653757668e-02,3.168459796166773340e-02,9.993109003815632274e-01,4.747145944560668962e-01,0.000000000000000000e+00,0.000000000000000000e+00,0.000000000000000000e+00,1.000000000000000056e-01
9.969051470936713955e-01,-7.504345708548791627e-02,2.342236637925337178e-02,5.716785436132277454e+01,7.566640480090809640e-02,9.967689144430097459e-01,-2.695044312453872409e-02,4.064445779920050406e+00,-2.132423228748362570e-02,2.863932172315566960e-02,9.993623298726979076e-01,4.630346877772489878e-01,0.000000000000000000e+00,0.000000000000000000e+00,0.000000000000000000e+00,1.000000000000000056e-01
9.967360921729270240e-01,-7.856572216722912394e-02,1.856313174505010502e-02,5.806612649618551103e+01,7.906802451399758125e-02,9.964736146328772026e-01,-2.808171718293017011e-02,4.143911137447268800e+00,-1.629141059872359423e-02,2.945781120229334221e-02,9.994332530488836408e-01,4.665034814121755691e-01,0.000000000000000000e+00,0.000000000000000000e+00,0.000000000000000000e+00,1.000000000000000056e-01
9.964722997174487729e-01,-8.295430713734174011e-02,1.270979241303439762e-02,5.898438879729549456e+01,8.327839790912293372e-02,9.961456671755073433e-01,-2.754120928995696521e-02,4.227358497026385109e+00,-1.037614270857145117e-02,2.850250330807801297e-02,9.995398656220092493e-01,4.648741883900212035e-01,0.000000000000000000e+00,0.000000000000000000e+00,0.000000000000000000e+00,1.000000000000000056e-01
9.965313308904450995e-01,-8.284448805140125216e-02,7.880187384799374958e-03,5.993800469172064993e+01,8.304361243348966359e-02,9.961040297954064648e-01,-2.967356162223208291e-02,4.307942064192980425e+00,-5.391195388286057488e-03,3.022503308274912190e-02,9.995285800753432870e-01,4.748740222445156922e-01,0.000000000000000000e+00,0.000000000000000000e+00,0.000000000000000000e+00,1.000000000000000056e-01
9.963975731284142601e-01,-8.441043667455934429e-02,8.170339296287340569e-03,6.084986722402101833e+01,8.460135052013566248e-02,9.960533598515172171e-01,-2.683870001831636931e-02,4.396019926596316019e+00,-5.872627518870297478e-03,2.743323730284560197e-02,9.996063874031170249e-01,4.775532824402297094e-01,0.000000000000000000e+00,0.000000000000000000e+00,0.000000000000000000e+00,1.000000000000000056e-01
9.963379849501893260e-01,-8.484529442951441180e-02,1.057807915291757682e-02,6.177902940902202999e+01,8.509610542019974133e-02,9.960312704290478214e-01,-2.608373381652409617e-02,4.490743190722138678e+00,-8.323015541895449967e-03,2.688836812947262289e-02,9.996037930458363530e-01,4.981891430441344193e-01,0.000000000000000000e+00,0.000000000000000000e+00,0.000000000000000000e+00,1.000000000000000056e-01
9.961695925493039283e-01,-8.687394629275017877e-02,9.952905891149808199e-03,6.267432763312961441e+01,8.710284719711457180e-02,9.958729075692107635e-01,-2.549992117247015799e-02,4.575985100187671684e+00,-7.696550546175551753e-03,2.626917252542305264e-02,9.996252766334591255e-01,5.132139748265874823e-01,0.000000000000000000e+00,0.000000000000000000e+00,0.000000000000000000e+00,1.000000000000000056e-01
9.959730720436257290e-01,-8.910651503273593621e-02,9.882749754168869416e-03,6.348858040936901403e+01,8.931760236388035235e-02,9.957258780655253716e-01,-2.350195010220007194e-02,4.656054707770871381e+00,-7.746332806591350872e-03,2.429001295510880079e-02,9.996749419679830106e-01,5.218088149807321718e-01,0.000000000000000000e+00,0.000000000000000000e+00,0.000000000000000000e+00,1.000000000000000056e-01
9.958109014144991278e-01,-9.084657074830475298e-02,1.037059339266431859e-02,6.430881450732671567e+01,9.106087138689882010e-02,9.955910293122117727e-01,-2.250377868957588109e-02,4.737519876280915199e+00,-8.280478627554342663e-03,2.335386341323418199e-02,9.996929682344347645e-01,5.310669536433686444e-01,0.000000000000000000e+00,0.000000000000000000e+00,0.000000000000000000e+00,1.000000000000000056e-01
9.957460344425101972e-01,-9.164909425556104494e-02,9.501495363915054768e-03,6.510410185815526063e+01,9.185120096783923327e-02,9.954924005477594484e-01,-2.362704662933609936e-02,4.815128964285714019e+00,-7.293269005104645666e-03,2.439926174691565627e-02,9.996756895380745078e-01,5.341861182535921904e-01,0.000000000000000000e+00,0.000000000000000000e+00,0.000000000000000000e+00,1.000000000000000056e-01
9.957508982388089125e-01,-9.159173025929948087e-02,9.544820831897948832e-03,6.590689772213222852e+01,9.180931094475666687e-02,9.954471278078694807e-01,-2.561378853102658226e-02,4.892859978184107561e+00,-7.155353272501007583e-03,2.638125636073632846e-02,9.996263453072726790e-01,5.431930739726228419e-01,0.000000000000000000e+00,0.000000000000000000e+00,0.000000000000000000e+00,1.000000000000000056e-01
9.956207078330997495e-01,-9.283950008090906258e-02,1.096509729297150473e-02,6.666330710363439493e+01,9.309665602371651472e-02,9.953203415588538494e-01,-2.589266916268796390e-02,4.967175737516405398e+00,-8.509921922042140707e-03,2.680009149039401864e-02,9.996045899879547614e-01,5.556176471460985145e-01,0.000000000000000000e+00,0.000000000000000000e+00,0.000000000000000000e+00,1.000000000000000056e-01
9.953135776779459265e-01,-9.572630592620233470e-02,1.368782099716914398e-02,6.745993619801151908e+01,9.604175373571745278e-02,9.950727229331497448e-01,-2.462229911634701562e-02,5.059075994187421266e+00,-1.126337557285674550e-02,2.582151095753657671e-02,9.996031142121230006e-01,5.636913797410983973e-01,0.000000000000000000e+00,0.000000000000000000e+00,0.000000000000000000e+00,1.000000000000000056e-01
9.952076979772151999e-01,-9.638341945182719861e-02,1.648861248453710460e-02,6.820129095715573442e+01,9.675327210200483641e-02,9.950348449634128789e-01,-2.333370193930359854e-02,5.137813047665485300e+00,-1.415776198583336073e-02,2.481720700260174606e-02,9.995917486714976929e-01,5.711996650364336015e-01,0.000000000000000000e+00,0.000000000000000000e+00,0.000000000000000000e+00,1.000000000000000056e-01
9.949789095096424063e-01,-9.846904052153143683e-02,1.791138436224060798e-02,6.892884865668803229e+01,9.883490809565251278e-02,9.948856712087864596e-01,-2.083655838103965277e-02,5.211334832634648251e+00,-1.576802374195445527e-02,2.250220616320879399e-02,9.996224387962995284e-01,5.770298877486398359e-01,0.000000000000000000e+00,0.000000000000000000e+00,0.000000000000000000e+00,1.000000000000000056e-01
9.950953641496361746e-01,-9.778637671413267785e-02,1.493454977642900798e-02,6.959658992159798174e+01,9.806927552041277973e-02,9.949874180109853361e-01,-1.955646181532164421e-02,5.291985096505635866e+00,-1.294733357893704424e-02,2.092516496839388548e-02,9.996972061700688528e-01,5.896268098485667464e-01,0.000000000000000000e+00,0.000000000000000000e+00,0.000000000000000000e+00,1.000000000000000056e-01
9.950830402623885851e-01,-9.859999235982766508e-02,9.369337692892616698e-03,7.028737691902820472e+01,9.876339884230156407e-02,9.949302524456645758e-01,-1.896269541817863571e-02,5.366698640544489862e+00,-7.452115892684179656e-03,1.979480424374222350e-02,9.997762908239392621e-01,5.917827868741736275e-01,0.000000000000000000e+00,0.000000000000000000e+00,0.000000000000000000e+00,1.000000000000000056e-01
9.952326448295338857e-01,-9.748221983767271781e-02,3.033064643311179746e-03,7.101755855381065885e+01,9.752514795837655126e-02,9.949981383885964092e-01,-2.162290727271045515e-02,5.428728859345502755e+00,-9.100446734189233163e-04,2.181562327202963419e-02,9.997615967819254434e-01,6.096612038399121802e-01,0.000000000000000000e+00,0.000000000000000000e+00,0.000000000000000000e+00,1.000000000000000056e-01
9.951000353943835197e-01,-9.887307831125537183e-02,1.842372194533039090e-04,7.171548062759381992e+01,9.885708209938655344e-02,9.949018919192960109e-01,-1.993747161002581286e-02,5.504319477384457038e+00,1.787981233630469690e-03,1.985799185874045913e-02,9.998012118828654149e-01,6.098544712084753572e-01,0.000000000000000000e+00,0.000000000000000000e+00,0.000000000000000000e+00,1.000000000000000056e-01
9.950632498669339521e-01,-9.920156334733661041e-02,2.859824068032862723e-03,7.237428001329901406e+01,9.923828801892657647e-02,9.948791058381188934e-01,-1.916577569047716798e-02,5.578403230061627305e+00,-9.439043003991511591e-04,1.935496308933379664e-02,9.998122295953786320e-01,6.218985835142307739e-01,0.000000000000000000e+00,0.000000000000000000e+00,0.000000000000000000e+00,1.000000000000000056e-01
9.949383680741038516e-01,-1.002892348242097748e-01,6.301834051577911294e-03,7.297744262848905805e+01,1.003987790602205027e-01,9.947356190190886904e-01,-2.052153546709913762e-02,5.644680012013084891e+00,-4.210569706838670004e-03,2.105035945262900138e-02,9.997695501812700059e-01,6.372788187497385737e-01,0.000000000000000000e+00,0.000000000000000000e+00,0.000000000000000000e+00,1.000000000000000056e-01
9.949208195975657310e-01,-1.005999361125459318e-01,3.495080179310423949e-03,7.356692274755687322e+01,1.006525988524083343e-01,9.946802005983260697e-01,-2.191695421197671287e-02,5.696812808125185867e+00,-1.271642860357275352e-03,2.215742295090732464e-02,9.997536854308716192e-01,6.568911285898318964e-01,0.000000000000000000e+00,0.000000000000000000e+00,0.000000000000000000e+00,1.000000000000000056e-01
9.949052575934943521e-01,-1.008142963438136974e-01,7.788147667167990597e-05,7.420684720508843668e+01,1.007736522351060648e-01,9.944816176178441491e-01,-2.917161694856796814e-02,5.747691775906869083e+00,2.863464338978231362e-03,2.903084347547943075e-02,9.995744147881545638e-01,6.730092621632470795e-01,0.000000000000000000e+00,0.000000000000000000e+00,0.000000000000000000e+00,1.000000000000000056e-01
9.950412480786864355e-01,-9.941952867680610428e-02,-2.944815731378010171e-03,7.483008478464147117e+01,9.926919665939008819e-02,9.945137105594527016e-01,-3.298645333873530955e-02,5.817367463928715843e+00,6.208157263583114274e-03,3.253055220790070784e-02,9.994514605304449795e-01,6.990985622082879214e-01,0.000000000000000000e+00,0.000000000000000000e+00,0.000000000000000000e+00,1.000000000000000056e-01
9.954655709424913290e-01,-9.509267808459814786e-02,-2.383200125627599718e-03,7.543542807893530266e+01,9.497704244415550168e-02,9.950161421874650358e-01,-3.036837491429942096e-02,5.870327811160075626e+00,5.259132694740517415e-03,3.000432237317405756e-02,9.995359334022092535e-01,7.118590014204378980e-01,0.000000000000000000e+00,0.000000000000000000e+00,0.000000000000000000e+00,1.000000000000000056e-01
9.959309058409997473e-01,-9.012008571031041027e-02,-3.069677529426106076e-05,7.600018304126105306e+01,9.008979136828471068e-02,9.956048348628215861e-01,-2.558988645915868249e-02,5.948513419612526221e+00,2.336724618914156129e-03,2.548299333555630042e-02,9.996725247643426515e-01,7.153345299765113685e-01,0.000000000000000000e+00,0.000000000000000000e+00,0.000000000000000000e+00,1.000000000000000056e-01
9.965264717397311900e-01,-8.323365714130162574e-02,2.673843833699480511e-03,7.655863639928745101e+01,8.327552154522846473e-02,9.961627968479880302e-01,-2.692340408202976987e-02,5.987376059933905204e+00,-4.226503672724347960e-04,2.705255061687002194e-02,9.996339234298667886e-01,7.292989620063754508e-01,0.000000000000000000e+00,0.000000000000000000e+00,0.000000000000000000e+00,1.000000000000000056e-01
9.970767561647689847e-01,-7.608759358368474834e-02,6.972834329448724180e-03,7.713555658430048823e+01,7.627140489268938173e-02,9.965844511266261918e-01,-3.165603525927776496e-02,6.015600269585584137e+00,-4.540386727731831815e-03,3.209532481974924911e-02,9.994744994311147712e-01,7.414994508323728972e-01,0.000000000000000000e+00,0.000000000000000000e+00,0.000000000000000000e+00,1.000000000000000056e-01
9.977471035923538567e-01,-6.643944374183849422e-02,9.301483126028768297e-03,7.768350809195089823e+01,6.672755446848888106e-02,9.971515980748700825e-01,-3.515855417089198964e-02,6.036120229674057036e+00,-6.939073981704664204e-03,3.570001081243216745e-02,9.993384604228282564e-01,7.562066160266626147e-01,0.000000000000000000e+00,0.000000000000000000e+00,0.000000000000000000e+00,1.000000000000000056e-01
9.983791845133227483e-01,-5.621936919516025422e-02,8.853612698261414254e-03,7.817990714610614589e+01,5.648401875382921822e-02,9.978515627821251677e-01,-3.319358791525114927e-02,6.074345975602573944e+00,-6.968468693308305963e-03,3.363987485958747081e-02,9.994097254197107372e-01,7.641187496429091563e-01,0.000000000000000000e+00,0.000000000000000000e+00,0.000000000000000000e+00,1.000000000000000056e-01
9.991494603371833261e-01,-4.043155250934199474e-02,8.102189185627547280e-03,7.867176548829831972e+01,4.064520429046555861e-02,9.987751941258210531e-01,-2.821487138221418986e-02,6.115184863731149001e+00,-6.951494522884958324e-03,2.852018864967217557e-02,9.995690449205024697e-01,7.612491964539904732e-01,0.000000000000000000e+00,0.000000000000000000e+00,0.000000000000000000e+00,1.000000000000000056e-01
9.996682519887740703e-01,-2.425639777063102326e-02,8.661012233090154000e-03,7.915179031616877126e+01,2.444556768353697146e-02,9.994490973095474518e-01,-2.244807581420628709e-02,6.131085575091625550e+00,-8.111731402014231429e-03,2.265235207045102409e-02,9.997104934726542824e-01,7.651687843325791771e-01,0.000000000000000000e+00,0.000000000000000000e+00,0.000000000000000000e+00,1.000000000000000056e-01
9.999586088971883502e-01,1.629172285935261925e-03,8.951328955113295460e-03,7.964586723800704249e+01,-1.419914611674614590e-03,9.997267144364411218e-01,-2.333410132433041961e-02,6.144144369859110277e+00,-8.986897957330000630e-03,2.332042537736621346e-02,9.996876479307540420e-01,7.685738449740228129e-01,0.000000000000000000e+00,0.000000000000000000e+00,0.000000000000000000e+00,1.000000000000000056e-01
9.995943520184397135e-01,2.619401542319405377e-02,1.118056209879510557e-02,8.014342768785922999e+01,-2.591469421833636141e-02,9.993654458236922444e-01,-2.443633190933158783e-02,6.135965638374597297e+00,-1.181355308134116738e-02,2.413667851263643499e-02,9.996388651477952081e-01,7.834859629226748057e-01,0.000000000000000000e+00,0.000000000000000000e+00,0.000000000000000000e+00,1.000000000000000056e-01
9.985137606146424760e-01,5.292489517289761247e-02,1.300866381079118783e-02,8.062612461214705206e+01,-5.262001746213705589e-02,9.983552761536043096e-01,-2.275689650512380952e-02,6.115390249829241398e+00,-1.419167451320599294e-02,2.203855819236649055e-02,9.996563901297850219e-01,7.874377515942430072e-01,0.000000000000000000e+00,0.000000000000000000e+00,0.000000000000000000e+00,1.000000000000000056e-01
9.964157505584031460e-01,8.344239638317442476e-02,1.389311070161367880e-02,8.111963911218701639e+01,-8.312847813100208982e-02,9.962999533575651601e-01,-2.181877776909137145e-02,6.073791293706045202e+00,-1.566231664721411468e-02,2.058566067792549914e-02,9.996654052290174786e-01,7.856727232250789728e-01,0.000000000000000000e+00,0.000000000000000000e+00,0.000000000000000000e+00,1.000000000000000056e-01
