1.000000000000000000e+00,-2.329382095020232577e-13,1.041500666908579672e-13,1.695634300994862903e-20,2.329382095020256811e-13,1.000000000000000000e+00,-2.330980749794025939e-14,5.285067390227806567e-20,-1.041500666908525398e-13,2.330980749796451845e-14,1.000000000000000000e+00,-3.197320236623291850e-20,0.000000000000000000e+00,0.000000000000000000e+00,0.000000000000000000e+00,1.000000000000000056e-01
9.999966548257337440e-01,-2.141226143348793753e-03,-1.451029960171586067e-03,6.253726551149741963e-01,2.138456472909773792e-03,9.999958939625398502e-01,-1.907632557428698720e-03,-3.159557487974677930e-03,1.455108674892083504e-03,1.904523211654643227e-03,9.999971277209153131e-01,1.251645233777905555e-02,0.000000000000000000e+00,0.000000000000000000e+00,0.000000000000000000e+00,1.000000000000000056e-01
9.999870156003872745e-01,-4.287109783368788993e-03,-2.754872108860687181e-03,1.256102164414669264e+00,4.287150227465530775e-03,9.999908100907290986e-01,8.775788485275287778e-06,-8.434410934545177180e-03,2.754809169067282300e-03,-2.058622512507121929e-05,9.999962052941248070e-01,1.951477373971136769e-02,0.000000000000000000e+00,0.000000000000000000e+00,0.000000000000000000e+00,1.000000000000000056e-01
9.999636809834309137e-01,-8.375384146933569085e-03,-1.577863890964961409e-03,1.986087810665712938e+00,8.376215101577377808e-03,9.999647832934366321e-01,5.207624049916472321e-04,-6.773077892853665745e-03,1.573446738604230124e-03,-5.339600187649662421e-04,9.999986195750767415e-01,2.649732340255545743e-02,0.000000000000000000e+00,0.000000000000000000e+00,0.000000000000000000e+00,1.000000000000000056e-01
9.999079066482090550e-01,-1.332909743071871399e-02,-2.552133240816907914e-03,2.702565055384502202e+00,1.332514366981023789e-02,9.999099994450260098e-01,-1.559985906058162369e-03,-9.023775280066870241e-03,2.572696751541264301e-03,1.525834699628943105e-03,9.999955265199409471e-01,2.484960687143995470e-02,0.000000000000000000e+00,0.000000000000000000e+00,0.000000000000000000e+00,1.000000000000000056e-01
9.997970529383142235e-01,-1.995121931636888168e-02,-2.793167315424979150e-03,3.449169380471581281e+00,1.995115524200079260e-02,9.998009546021919824e-01,-5.080408729081273126e-05,-4.966551141065300538e-03,2.793624951813242999e-03,-4.933137976350913836e-06,9.999960978100328468e-01,3.524851240547888925e-02,0.000000000000000000e+00,0.000000000000000000e+00,0.000000000000000000e+00,1.000000000000000056e-01
9.997039738393421748e-01,-2.419730569496813394e-02,-2.540686311238681862e-03,4.197349310658542443e+00,2.419891617806125411e-02,9.997069802508080638e-01,6.050567060977094652e-04,1.548871041225760928e-02,2.525301097892750958e-03,-6.663594485644356441e-04,9.999965894039090086e-01,5.164983950084257175e-02,0.000000000000000000e+00,0.000000000000000000e+00,0.000000000000000000e+00,1.000000000000000056e-01
9.995417860793044396e-01,-3.005978021422799074e-02,-3.553518659913885557e-03,4.965402353974497807e+00,3.006920935162764319e-02,9.995443577680548364e-01,2.630494823191586225e-03,3.828118206323066763e-02,3.472827430500620340e-03,-2.736140990365147716e-03,9.999902264532982699e-01,6.653614239938819563e-02,0.000000000000000000e+00,0.000000000000000000e+00,0.000000000000000000e+00,1.000000000000000056e-01
9.994200758929203676e-01,-3.387953111084542751e-02,-3.418958013569368872e-03,5.750957246777586462e+00,3.388509725750641494e-02,9.994244808555162729e-01,1.583429989359677863e-03,8.700707798971069051e-02,3.363344472192016706e-03,-1.698363444946104309e-03,9.999929017125922526e-01,6.355280806619095779e-02,0.000000000000000000e+00,0.000000000000000000e+00,0.000000000000000000e+00,1.000000000000000056e-01
9.993533041356980062e-01,-3.590972153526548333e-02,-1.861561796664162015e-03,6.539539734505243729e+00,3.591233421222807948e-02,9.993539779868269024e-01,1.389580272567690926e-03,1.235803908064987133e-01,1.810459746125830764e-03,-1.455534666150824904e-03,9.999973018235315259e-01,6.699827341663186497e-02,0.000000000000000000e+00,0.000000000000000000e+00,0.000000000000000000e+00,1.000000000000000056e-01
9.993125041540488196e-01,-3.699982760432574125e-02,2.351977596499355873e-03,7.326187402183198749e+00,3.700015287080986315e-02,9.993152554013844391e-01,-9.491892608917329899e-05,1.664302689810405467e-01,-2.346855108642400753e-03,1.818772003409809674e-04,9.999972295920539489e-01,8.163154239761424846e-02,0.000000000000000000e+00,0.000000000000000000e+00,0.000000000000000000e+00,1.000000000000000056e-01
9.990735939546256938e-01,-4.292436572540860029e-02,3.074522671754489813e-03,8.128389961819221909e+00,4.292197954786662606e-02,9.990780757700336023e-01,8.379661922892432235e-04,2.084163017776311799e-01,-3.107657362111170257e-03,-7.052252961063886199e-04,9.999949225486104432e-01,7.317046267219835809e-02,0.000000000000000000e+00,0.000000000000000000e+00,0.000000000000000000e+00,1.000000000000000056e-01
9.989546607935833045e-01,-4.557772030329143575e-02,3.501012815145515718e-03,8.962528273559209779e+00,4.556161138858423609e-02,9.989511644607115270e-01,4.550888953173693949e-03,2.615114321779235529e-01,-3.704759972320575794e-03,-4.386619945176780180e-03,9.999835160236413278e-01,7.871807255387479330e-02,0.000000000000000000e+00,0.000000000000000000e+00,0.000000000000000000e+00,1.000000000000000056e-01
9.989601560267314939e-01,-4.553209028325116287e-02,2.331399898376903309e-03,9.743209963842890176e+00,4.552793869324758130e-02,9.989614370732557980e-01,1.803895473561652803e-03,3.073148168934548563e-01,-2.411113724438790958e-03,-1.695875872082315983e-03,9.999956552583787461e-01,9.732472546534637337e-02,0.000000000000000000e+00,0.000000000000000000e+00,0.000000000000000000e+00,1.000000000000000056e-01
9.988963194362308062e-01,-4.685555753150136976e-02,3.271046493655370598e-03,1.052503492993776391e+01,4.685412319097091022e-02,9.989016103445123029e-01,5.138006865187241595e-04,3.587461541316734337e-01,-3.291528027651023126e-03,-3.599715993102400521e-04,9.999945181168199415e-01,9.738158926252227232e-02,0.000000000000000000e+00,0.000000000000000000e+00,0.000000000000000000e+00,1.000000000000000056e-01
9.987210631636302960e-01,-5.050205073105577813e-02,2.404343000889767618e-03,1.128528076857744011e+01,5.050707814509394766e-02,9.987215407018801283e-01,-2.078267381318904365e-03,4.059704866114869359e-01,-2.296312381500344776e-03,2.197045748442659312e-03,9.999949499569614764e-01,1.080443674371279195e-01,0.000000000000000000e+00,0.000000000000000000e+00,0.000000000000000000e+00,1.000000000000000056e-01
9.984740734041250843e-01,-5.520793154955567356e-02,1.268476958175681528e-03,1.211387854445940349e+01,5.520581727197407945e-02,9.984736403251699421e-01,1.645392092019926263e-03,4.688525460929922617e-01,-1.357379500086687259e-03,-1.572854037299314511e-03,9.999978418232061683e-01,1.192615424571961957e-01,0.000000000000000000e+00,0.000000000000000000e+00,0.000000000000000000e+00,1.000000000000000056e-01
9.983695895526524255e-01,-5.705376467408850710e-02,-1.740859839862900129e-03,1.295744200120939027e+01,5.705774473722705770e-02,9.983681626150916477e-01,2.329300767916240873e-03,5.344469735003952726e-01,1.605123661826459488e-03,-2.424832587975403204e-03,9.999957718735367207e-01,1.218343526676175098e-01,0.000000000000000000e+00,0.000000000000000000e+00,0.000000000000000000e+00,1.000000000000000056e-01
9.983439648642821185e-01,-5.746104689185194125e-02,-2.748801403761807344e-03,1.384465841995045388e+01,5.747241818729759144e-02,9.983380312203580242e-01,4.254005966606149228e-03,5.860869477194490251e-01,2.499793345321944804e-03,-4.404941447048725187e-03,9.999871736797821820e-01,1.322093151734677063e-01,0.000000000000000000e+00,0.000000000000000000e+00,0.000000000000000000e+00,1.000000000000000056e-01
9.977891847111811652e-01,-6.632348899836781886e-02,-4.235289893239404906e-03,1.477050932718554499e+01,6.635623797296494319e-02,9.977628989779203650e-01,8.126937015357691557e-03,6.801286736669892585e-01,3.686808304161931071e-03,-8.390007762793159907e-03,9.999580067254167925e-01,1.474632351757841631e-01,0.000000000000000000e+00,0.000000000000000000e+00,0.000000000000000000e+00,1.000000000000000056e-01
9.974656551215324019e-01,-7.107341450423329543e-02,-3.291899707092278433e-03,1.572568616872294101e+01,7.108922014548327284e-02,9.974576148450242652e-01,4.962798281433762615e-03,7.490576129606583144e-01,2.930807410788059935e-03,-5.184239422000677666e-03,9.999822668575359952e-01,1.383710568930562046e-01,0.000000000000000000e+00,0.000000000000000000e+00,0.000000000000000000e+00,1.000000000000000056e-01
9.970447513687382690e-01,-7.680402651871251485e-02,-1.704487771675605549e-03,1.665074174357612691e+01,7.680712974585141017e-02,9.970442777453277783e-01,1.836582560538147380e-03,8.457689254620820440e-01,1.558392843552670447e-03,-1.962071815869223437e-03,9.999968608380400692e-01,1.485807491891203980e-01,0.000000000000000000e+00,0.000000000000000000e+00,0.000000000000000000e+00,1.000000000000000056e-01
9.968946410082044629e-01,-7.874524963549428547e-02,5.102832220746386736e-04,1.754606977522779232e+01,7.874261882541605528e-02,9.968870696468068449e-01,3.971190189073353638e-03,9.441177074788674739e-01,-8.214071087325244130e-04,-3.918677180662756207e-03,9.999919845976343868e-01,1.770083457894340850e-01,0.000000000000000000e+00,0.000000000000000000e+00,0.000000000000000000e+00,1.000000000000000056e-01
9.967840657075434097e-01,-8.012483901909073225e-02,1.239565933922079626e-03,1.848064299795636956e+01,8.011628181942948013e-02,9.967682903042515141e-01,5.861470068953314981e-03,1.022451119076920323e+00,-1.705209362365006989e-03,-5.743310552658494224e-03,9.999820531614186381e-01,1.932594284882283853e-01,0.000000000000000000e+00,0.000000000000000000e+00,0.000000000000000000e+00,1.000000000000000056e-01
9.964795292964752083e-01,-8.382671160648572095e-02,1.276759303205096370e-03,1.941941776294029509e+01,8.382067737759829607e-02,9.964719525290419710e-01,4.212109556886011602e-03,1.107891826667375179e+00,-1.625342128854407502e-03,-4.090262118948155903e-03,9.999903139624716220e-01,2.111573957100684740e-01,0.000000000000000000e+00,0.000000000000000000e+00,0.000000000000000000e+00,1.000000000000000056e-01
9.963778392726336808e-01,-8.503051524130010586e-02,1.006421480679104341e-03,2.035591032413313073e+01,8.502444885867040114e-02,9.963662047324882698e-01,5.022864049182541001e-03,1.182719949078059773e+00,-1.429861069154485026e-03,-4.919099996570423967e-03,9.999868788901915551e-01,2.191058162358019423e-01,0.000000000000000000e+00,0.000000000000000000e+00,0.000000000000000000e+00,1.000000000000000056e-01
9.966168057163417027e-01,-8.208435005202212309e-02,4.135461315576475540e-03,2.128379716544725397e+01,8.205886862974413887e-02,9.966094536554860328e-01,5.994911485580163221e-03,1.275334343883215205e+00,-4.613528255243319089e-03,-5.635278258492831815e-03,9.999734791463158468e-01,2.326402775240830612e-01,0.000000000000000000e+00,0.000000000000000000e+00,0.000000000000000000e+00,1.000000000000000056e-01
9.967595634313610731e-01,-8.005172234924473607e-02,7.880003619403717560e-03,2.222843322971315416e+01,8.000525195417912405e-02,9.967761048858923001e-01,6.046187911150104760e-03,1.363225942569939564e+00,-8.338607070170719546e-03,-5.396153947771714296e-03,9.999506733607919085e-01,2.239766237982154795e-01,0.000000000000000000e+00,0.000000000000000000e+00,0.000000000000000000e+00,1.000000000000000056e-01
9.967957137255395450e-01,-7.911197866190451677e-02,1.181524145291187010e-02,2.318951512839324280e+01,7.904426459271647609e-02,9.968524872545303506e-01,6.092855607440049968e-03,1.450562563237106417e+00,-1.226007069265389222e-02,-5.139405282214063418e-03,9.999116346857637172e-01,2.336602482095265498e-01,0.000000000000000000e+00,0.000000000000000000e+00,0.000000000000000000e+00,1.000000000000000056e-01
9.968917618194075292e-01,-7.723465438809776207e-02,1.554423938791435651e-02,2.412016069010947561e+01,7.715959550675599576e-02,9.970042778731916799e-01,5.372776171540885777e-03,1.527256668227207959e+00,-1.591263767674914315e-02,-4.156689079877069239e-03,9.998647458021818757e-01,2.398294101032184822e-01,0.000000000000000000e+00,0.000000000000000000e+00,0.000000000000000000e+00,1.000000000000000056e-01
9.971158907199761945e-01,-7.495548985279973375e-02,1.189852993588997460e-02,2.507936474091501822e+01,7.491279733477684832e-02,9.971820872264778313e-01,3.994710267818225337e-03,1.591783740026825100e+00,-1.216442638134181825e-02,-3.091836925194703118e-03,9.999212305353061270e-01,2.425656656853061310e-01,0.000000000000000000e+00,0.000000000000000000e+00,0.000000000000000000e+00,1.000000000000000056e-01
9.971835570621248035e-01,-7.446394604611628054e-02,8.948422440255855356e-03,2.604290122385281947e+01,7.442906157061049410e-02,9.972175894831609710e-01,4.170613757243339312e-03,1.665276694997156914e+00,-9.234084613347527323e-03,-3.492844776814510010e-03,9.999512646707932051e-01,2.358823813298673022e-01,0.000000000000000000e+00,0.000000000000000000e+00,0.000000000000000000e+00,1.000000000000000056e-01
9.973399077915579003e-01,-7.246623186870035371e-02,7.858343659988765301e-03,2.698520323599970894e+01,7.243511641336491946e-02,9.973643893829213791e-01,4.174769576242571070e-03,1.741581928542125013e+00,-8.140161946116237363e-03,-3.594444266393252967e-03,9.999604080831934194e-01,2.494755653771716930e-01,0.000000000000000000e+00,0.000000000000000000e+00,0.000000000000000000e+00,1.000000000000000056e-01
9.973782959557206951e-01,-7.185303769256369544e-02,8.583456810269705223e-03,2.794056348074962060e+01,7.184814362479387262e-02,9.974151964528882308e-01,8.775776418407892207e-04,1.810539265576995405e+00,-8.624326880037377907e-03,-2.585714552865333834e-04,9.999627763705351002e-01,2.592745389541452061e-01,0.000000000000000000e+00,0.000000000000000000e+00,0.000000000000000000e+00,1.000000000000000056e-01
9.975017762929322407e-01,-6.921756371233211969e-02,1.411152600444614408e-02,2.894415254281899763e+01,6.928318327488477979e-02,9.975881290562929049e-01,-4.214888048779402360e-03,1.897403829332680925e+00,-1.378574654284791742e-02,5.182049757987649413e-03,9.998915438949176338e-01,2.643796751572748960e-01,0.000000000000000000e+00,0.000000000000000000e+00,0.000000000000000000e+00,1.000000000000000056e-01
9.974041717902386583e-01,-6.983098119676915683e-02,1.756565286359887054e-02,2.992378966538803908e+01,6.999170857337742857e-02,9.975095703819933934e-01,-8.707337555779182114e-03,1.931637303751250201e+00,-1.691386491631620761e-02,9.914184859450100862e-03,9.998077965850062920e-01,2.602616563116207371e-01,0.000000000000000000e+00,0.000000000000000000e+00,0.000000000000000000e+00,1.000000000000000056e-01
9.972295082679552003e-01,-7.159764977098101446e-02,2.017633234570443551e-02,3.083923315834125489e+01,7.189681036761286226e-02,9.973064821357613408e-01,-1.451307510336312043e-02,1.986575538875787528e+00,-1.908288496574592902e-02,1.592348068935575331e-02,9.996910954210405098e-01,2.685883124838289726e-01,0.000000000000000000e+00,0.000000000000000000e+00,0.000000000000000000e+00,1.000000000000000056e-01
9.974455970510648362e-01,-7.010823022081878741e-02,1.367907082916893467e-02,3.175429728121477879e+01,7.029493205823818258e-02,9.974324251451798240e-01,-1.368136674213832685e-02,2.052204108786191306e+00,-1.268477238157736907e-02,1.460798837314300491e-02,9.998128340971212946e-01,2.541383614235162014e-01,0.000000000000000000e+00,0.000000000000000000e+00,0.000000000000000000e+00,1.000000000000000056e-01
9.974861333753257675e-01,-6.988580735463037485e-02,1.172124798531758334e-02,3.274052286749694929e+01,7.005674989754576143e-02,9.974321857988996953e-01,-1.486897865429502585e-02,2.101413497097938787e+00,-1.065201942049209295e-02,1.565275256370750670e-02,9.998207468438754519e-01,2.584270352283082883e-01,0.000000000000000000e+00,0.000000000000000000e+00,0.000000000000000000e+00,1.000000000000000056e-01
9.973005059766912872e-01,-7.277773584132679607e-02,9.752022582298024850e-03,3.368969445303454791e+01,7.287233882227919790e-02,9.972938695461935898e-01,-9.724196632661000900e-03,2.182904755462771629e+00,-9.017927323200940204e-03,1.040859891578939378e-02,9.999051645308187908e-01,2.473539603005932286e-01,0.000000000000000000e+00,0.000000000000000000e+00,0.000000000000000000e+00,1.000000000000000056e-01
9.969803514678617917e-01,-7.682659964563343102e-02,1.130718240360052695e-02,3.464337685295978986e+01,7.695945053081745812e-02,9.969641080885536244e-01,-1.182413452178966359e-02,2.261835738679556229e+00,-1.036444697093854075e-02,1.265862433616996019e-02,9.998661597778486509e-01,2.598547003310500147e-01,0.000000000000000000e+00,0.000000000000000000e+00,0.000000000000000000e+00,1.000000000000000056e-01
9.969436574346548507e-01,-7.723204432707359013e-02,1.177094855457276427e-02,3.562120325998229475e+01,7.736876482693325063e-02,9.969346060042819646e-01,-1.163896817771281275e-02,2.338180808504952246e+00,-1.083596465332715454e-02,1.251409925436324302e-02,9.998629802077301232e-01,2.520918111544291351e-01,0.000000000000000000e+00,0.000000000000000000e+00,0.000000000000000000e+00,1.000000000000000056e-01
9.969754893896348724e-01,-7.673814989813458609e-02,1.229349041198495897e-02,3.659869204721191238e+01,7.687119774307370201e-02,9.969831636717961798e-01,-1.074198829461978782e-02,2.411978777328608992e+00,-1.143208265555311666e-02,1.165451436945856914e-02,9.998667310101725381e-01,2.541445164110112676e-01,0.000000000000000000e+00,0.000000000000000000e+00,0.000000000000000000e+00,1.000000000000000056e-01
9.969039762261654447e-01,-7.760386485078642205e-02,1.265315552271000822e-02,3.759642474127002032e+01,7.771746423399809867e-02,9.969370493251272780e-01,-8.747310212056141204e-03,2.495822305050159340e+00,-1.193557445195814713e-02,9.703599493465938503e-03,9.998816841103612685e-01,2.566753658129087845e-01,0.000000000000000000e+00,0.000000000000000000e+00,0.000000000000000000e+00,1.000000000000000056e-01
9.967886618030147305e-01,-7.858296124491041812e-02,1.539746417226004957e-02,3.858811232032424243e+01,7.874766875882503736e-02,9.968403415481452701e-01,-1.039894837122369749e-02,2.576731925726197137e+00,-1.453163328760734285e-02,1.157806823947372075e-02,9.998273750852376685e-01,2.733761593088289699e-01,0.000000000000000000e+00,0.000000000000000000e+00,0.000000000000000000e+00,1.000000000000000056e-01
9.966539241124798831e-01,-8.031389039400978203e-02,1.518665733379786532e-02,3.960841407454930163e+01,8.042902677789810773e-02,9.967348505066506714e-01,-7.128073866399061397e-03,2.632618401485316006e+00,-1.456458728407236496e-02,8.325670859677032978e-03,9.998592680982564262e-01,2.657664672648217818e-01,0.000000000000000000e+00,0.000000000000000000e+00,0.000000000000000000e+00,1.000000000000000056e-01
9.963243302775987020e-01,-8.395867841428389378e-02,1.699321087438601316e-02,4.062479941567447383e+01,8.416138609528117653e-02,9.963847749204356452e-01,-1.158625898526842446e-02,2.724869210626402527e+00,-1.595900960008185196e-02,1.297384390531810400e-02,9.997884723214730540e-01,2.769329687670083473e-01,0.000000000000000000e+00,0.000000000000000000e+00,0.000000000000000000e+00,1.000000000000000056e-01
9.964297326288384937e-01,-8.296582221762126286e-02,1.563522551725980009e-02,4.164706868841135901e+01,8.316773825681876564e-02,9.964541418450397758e-01,-1.273854438743739735e-02,2.818191447119329673e+00,-1.452292141639537244e-02,1.399341072146063382e-02,9.997966139220084703e-01,2.894624867956257508e-01,0.000000000000000000e+00,0.000000000000000000e+00,0.000000000000000000e+00,1.000000000000000056e-01
9.962906612983905008e-01,-8.471595987266326844e-02,1.510378603096105068e-02,4.270444700439177410e+01,8.491397232899676462e-02,9.963036227003457812e-01,-1.298879122464702794e-02,2.908133665999500739e+00,-1.394759882295577499e-02,1.422313386776643228e-02,9.998015637865613758e-01,2.983059970105082503e-01,0.000000000000000000e+00,0.000000000000000000e+00,0.000000000000000000e+00,1.000000000000000056e-01
9.964112922606898071e-01,-8.385464950892060343e-02,1.152971860534096789e-02,4.377774021350131051e+01,8.400888177939552781e-02,9.963719918921949414e-01,-1.361475504573091480e-02,2.988379980891551213e+00,-1.034622818025050621e-02,1.453449443619527284e-02,9.998408393509070624e-01,3.049195700719817270e-01,0.000000000000000000e+00,0.000000000000000000e+00,0.000000000000000000e+00,1.000000000000000056e-01
9.964436276212373933e-01,-8.333595369182698887e-02,1.245856313153125353e-02,4.481116924010836300e+01,8.351417951970850628e-02,9.964004576228305821e-01,-1.454337884274964007e-02,3.065091018524874755e+00,-1.120173165981858468e-02,1.553212384986372985e-02,9.998166203542196984e-01,3.125818430344332599e-01,0.000000000000000000e+00,0.000000000000000000e+00,0.000000000000000000e+00,1.000000000000000056e-01
9.964139958410325182e-01,-8.334519867510557789e-02,1.458515512135219808e-02,4.581820422225935374e+01,8.355239166236357040e-02,9.964018625950176178e-01,-1.422413669361341677e-02,3.162998424644735351e+00,-1.334716223044152272e-02,1.539175347342794549e-02,9.997924520546289662e-01,3.251041500647210425e-01,0.000000000000000000e+00,0.000000000000000000e+00,0.000000000000000000e+00,1.000000000000000056e-01
9.959982302453416203e-01,-8.851054391545672140e-02,1.238583723199065956e-02,4.676449384267719722e+01,8.865668748044426561e-02,9.959924217703337579e-01,-1.179353810611444980e-02,3.240639073739951304e+00,-1.129234754788369099e-02,1.284443038268123782e-02,9.998537410516611379e-01,3.385202136300391462e-01,0.000000000000000000e+00,0.000000000000000000e+00,0.000000000000000000e+00,1.000000000000000056e-01
9.962153578105964469e-01,-8.664716150163893904e-02,6.872427956273996150e-03,4.772094723109555048e+01,8.672704662464227054e-02,9.961557941293048835e-01,-1.233098562083213487e-02,3.343934929886045015e+00,-5.777564025815928178e-03,1.288034263220287634e-02,9.999003532990697884e-01,3.323527007129582489e-01,0.000000000000000000e+00,0.000000000000000000e+00,0.000000000000000000e+00,1.000000000000000056e-01
9.962785667025976233e-01,-8.604996462543069990e-02,4.941772655617221628e-03,4.866922255867600455e+01,8.610703438698670553e-02,9.962035019140204062e-01,-1.281254866607429120e-02,3.429483354181840138e+00,-3.820491865711522946e-03,1.319038900883367539e-02,9.999057042940097118e-01,3.398334146205341244e-01,0.000000000000000000e+00,0.000000000000000000e+00,0.000000000000000000e+00,1.000000000000000056e-01
9.963515089345867937e-01,-8.515312929882344617e-02,5.710973156112375895e-03,4.963554485015310291e+01,8.522648648863927201e-02,9.962611978700686155e-01,-1.414466752164252571e-02,3.534256858340581786e+00,-4.485158255153028420e-03,1.457978700509296628e-02,9.998836498144733076e-01,3.466089196796518501e-01,0.000000000000000000e+00,0.000000000000000000e+00,0.000000000000000000e+00,1.000000000000000056e-01
9.967573141360127620e-01,-7.994576306805645238e-02,9.139566938760461737e-03,5.064448206805209196e+01,8.008845383633753090e-02,9.966513789380319066e-01,-1.648843300694207911e-02,3.613468776616223455e+00,-7.790781633875547632e-03,1.716693998317020062e-02,9.998222841551129836e-01,3.622885665701865432e-01,0.000000000000000000e+00,0.000000000000000000e+00,0.000000000000000000e+00,1.000000000000000056e-01
9.968108956777990137e-01,-7.932385749926648688e-02,8.704245484831793847e-03,5.158882390515972105e+01,7.945383668494435114e-02,9.967137960218908077e-01,-1.577011907611212960e-02,3.698381752604508410e+00,-7.424694880353117574e-03,1.641141222042236808e-02,9.998377565659665178e-01,3.662260741614442039e-01,0.000000000000000000e+00,0.000000000000000000e+00,0.000000000000000000e+00,1.000000000000000056e-01
9.968820683784863634e-01,-7.774066382753731796e-02,1.351040092242460078e-02,5.253751794764440319e+01,7.797817008106437686e-02,9.967917564939066111e-01,-1.804436689387877921e-02,3.780569249175899760e+00,-1.206427520572274023e-02,1.904162213274235640e-02,9.997459026624286871e-01,3.927624623999169118e-01,0.000000000000000000e+00,0.000000000000000000e+00,0.000000000000000000e+00,1.000000000000000056e-01
9.970590826293851405e-01,-7.533014087918152302e-02,1.409097659396327772e-02,5.353560418159719347e+01,7.557166610367274662e-02,9.969872528006530343e-01,-1.747401028160542463e-02,3.876578926569474337e+00,-1.273220438745614920e-02,1.848749923946760992e-02,9.997480199246742139e-01,4.201601833976784106e-01,0.000000000000000000e+00,0.000000000000000000e+00,0.000000000000000000e+00,1.000000000000000056e-01
9.970658890567225541e-01,-7.495727921896198909e-02,1.552479216021961962e-02,5.450319155610768718e+01,7.526056188182268791e-02,9.969639053710638299e-01,-1.997045849520708016e-02,3.939500743508794312e+00,-1.398072618857069786e-02,2.108026753547066756e-02,9.996800296174137568e-01,4.148893749216012172e-01,0.000000000000000000e+00,0.000000000000000000e+00,0.000000000000000000e+00,1.000000000000000056e-01
9.969687829731906925e-01,-7.551087713610281360e-02,1.874441813157565889e-02,5.543917267728860310e+01,7.585112424114716367e-02,9.969538226369131229e-01,-1.815716059851714761e-02,4.014732942048215847e+00,-1.731625618628390012e-02,1.952390749267856815e-02,9.996594241580021301e-01,4.240177216625479195e-01,0.000000000000000000e+00,0.000000000000000000e+00,0.000000000000000000e+00,1.000000000000000056e-01
9.969647717850942392e-01,-7.424472211499801022e-02,2.343000336239159723e-02,5.638335242249542745e+01,7.462666152863066393e-02,9.970852538078530669e-01,-1.587003553935795869e-02,4.099389448548317993e+00,-2.218344447073429884e-02,1.757036929025721644e-02,9.995995082603921222e-01,4.350452160384530864e-01,0.000000000000000000e+00,0.000000000000000000e+00,0.000000000000000000e+00,1.000000000000000056e-01
9.968884946923066703e-01,-7.461072274101586410e-02,2.542772506871290514e-02,5.734084022933184599e+01,7.498590750743920619e-02,9.970844194286210271e-01,-1.413415041576869015e-02,4.165550988397273002e+00,-2.429902930967746746e-02,1.599689297185738837e-02,9.995767387198715159e-01,4.196256096278598857e-01,0.000000000000000000e+00,0.000000000000000000e+00,0.000000000000000000e+00,1.000000000000000056e-01
9.969099470746572988e-01,-7.533053869857787854e-02,2.226807946335029181e-02,5.822622566100903185e+01,7.558499620700297184e-02,9.970807219558880385e-01,-1.081398410912992776e-02,4.233068268326396932e+00,-2.138844949946977492e-02,1.246370102767347353e-02,9.996935482360088665e-01,4.211294171151115373e-01,0.000000000000000000e+00,0.000000000000000000e+00,0.000000000000000000e+00,1.000000000000000056e-01
9.970621977629531285e-01,-7.486499813695599026e-02,1.619277141391744709e-02,5.912725121112438131e+01,7.497932660250600234e-02,9.971634338121789787e-01,-6.571670270106331341e-03,4.311956435381735453e+00,-1.565485146350941228e-02,7.766487098929518093e-03,9.998472919920309288e-01,4.249449863772185032e-01,0.000000000000000000e+00,0.000000000000000000e+00,0.000000000000000000e+00,1.000000000000000056e-01
9.971463679134451308e-01,-7.489413975255324041e-02,9.486242024603972270e-03,6.011341826312452241e+01,7.496077294697287008e-02,9.971627868542660700e-01,-6.874520508798914742e-03,4.375217559203036899e+00,-8.944466234310373062e-03,7.565999191021697060e-03,9.999313737352302223e-01,4.286242620170364059e-01,0.000000000000000000e+00,0.000000000000000000e+00,0.000000000000000000e+00,1.000000000000000056e-01
9.972948752466480604e-01,-7.288824134817957490e-02,9.499267337130020555e-03,6.103626954530206206e+01,7.292663139010875650e-02,9.973302235434181595e-01,-3.759207486527090403e-03,4.456409576421933139e+00,-9.199904394282705511e-03,4.441787928873281235e-03,9.999478147779168324e-01,4.357670022686776501e-01,0.000000000000000000e+00,0.000000000000000000e+00,0.000000000000000000e+00,1.000000000000000056e-01
9.970866820106613071e-01,-7.547651608691519076e-02,1.102016680236622692e-02,6.197976986403348576e+01,7.550894125422949466e-02,9.971418489652078554e-01,-2.555940709783473350e-03,4.536189853287139861e+00,-1.079575600111728692e-02,3.380615569425659845e-03,9.999360094979758973e-01,4.370359913457698697e-01,0.000000000000000000e+00,0.000000000000000000e+00,0.000000000000000000e+00,1.000000000000000056e-01
9.971931422922580834e-01,-7.386976044302974442e-02,1.221046507638853633e-02,6.285391151207576854e+01,7.391743328041523731e-02,9.972582243514456213e-01,-3.499574350834761070e-03,4.605061486076804655e+00,-1.191847400163583738e-02,4.392317781201094881e-03,9.999193255068037356e-01,4.476123064354712300e-01,0.000000000000000000e+00,0.000000000000000000e+00,0.000000000000000000e+00,1.000000000000000056e-01
9.973708254998713274e-01,-7.107851351872192247e-02,1.411670491559832881e-02,6.365879142168858351e+01,7.112284436798212151e-02,9.974640094479573227e-01,-2.662867817435978033e-03,4.680178640728896333e+00,-1.389163239914620492e-02,3.659886879973990158e-03,9.998968085644202031e-01,4.489119004179457084e-01,0.000000000000000000e+00,0.000000000000000000e+00,0.000000000000000000e+00,1.000000000000000056e-01
9.972717274854087099e-01,-7.249179342841885476e-02,1.392987594345617731e-02,6.446306187544053046e+01,7.250890725657380131e-02,9.973675000276762681e-01,-7.268129062240170175e-04,4.752516550600061507e+00,-1.384051757436145606e-02,1.734870045428358026e-03,9.999027104169680991e-01,4.601232749114210208e-01,0.000000000000000000e+00,0.000000000000000000e+00,0.000000000000000000e+00,1.000000000000000056e-01
9.971771942328672145e-01,-7.334264701511905571e-02,1.607791748586759675e-02,6.524461137286513690e+01,7.334786382887745204e-02,9.973063823329162414e-01,2.657626224150733737e-04,4.816557701414303949e+00,-1.605410145748334752e-02,9.142684762535125201e-04,9.998707066113828867e-01,4.607132339658359665e-01,0.000000000000000000e+00,0.000000000000000000e+00,0.000000000000000000e+00,1.000000000000000056e-01
9.965992991796936984e-01,-8.121163050980921561e-02,1.394661050153700108e-02,6.605788193209173187e+01,8.122243420768994471e-02,9.966959779592520219e-01,-2.090483858089774117e-04,4.882812826320528821e+00,-1.388355343277920470e-02,1.341115128673239960e-03,9.999027194453922185e-01,4.655499071033249447e-01,0.000000000000000000e+00,0.000000000000000000e+00,0.000000000000000000e+00,1.000000000000000056e-01
9.965087690739237170e-01,-8.241832388389447317e-02,1.332265164833430944e-02,6.680495674193332434e+01,8.239939010818750353e-02,9.965974513121730327e-01,1.964827697175406968e-03,4.946480518454736242e+00,-1.343925848297174326e-02,-8.601896595080308966e-04,9.999093190910751661e-01,4.696159015567402673e-01,0.000000000000000000e+00,0.000000000000000000e+00,0.000000000000000000e+00,1.000000000000000056e-01
9.963625992368412287e-01,-8.360375266145363138e-02,1.649191871578888427e-02,6.758806431842468498e+01,8.354977437492029646e-02,9.964958299580426448e-01,3.936505827716567894e-03,5.032483402295282460e+00,-1.676323488786140778e-02,-2.544291090700966443e-03,9.998562499374298307e-01,4.795458463993647613e-01,0.000000000000000000e+00,0.000000000000000000e+00,0.000000000000000000e+00,1.000000000000000056e-01
9.966738874431821937e-01,-7.919977318852917947e-02,1.919786487556519178e-02,6.832530219016216222e+01,7.907971119554783879e-02,9.968441686657000256e-01,6.935609159851197948e-03,5.113505699527593151e+00,-1.968657832442372718e-02,-5.394378933204589145e-03,9.997916479496121722e-01,4.767173529907794971e-01,0.000000000000000000e+00,0.000000000000000000e+00,0.000000000000000000e+00,1.000000000000000056e-01
9.962058294836677597e-01,-8.437422321428419969e-02,2.132922313971255882e-02,6.904812990150487906e+01,8.418131279020216184e-02,9.964023830156468753e-01,9.787629828428677167e-03,5.203281993733505750e+00,-2.207831242816469738e-02,-7.954971887212719875e-03,9.997245953474376279e-01,4.846157523092389785e-01,0.000000000000000000e+00,0.000000000000000000e+00,0.000000000000000000e+00,1.000000000000000056e-01
9.963392287589308838e-01,-8.412944607632059923e-02,1.517819287498247544e-02,6.972810040138755028e+01,8.391783003604384727e-02,9.963732072392057493e-01,1.407940687317424736e-02,5.278139977983665965e+00,-1.630763741626484187e-02,-1.275414437546455032e-02,9.997856734136318924e-01,4.809341054479703281e-01,0.000000000000000000e+00,0.000000000000000000e+00,0.000000000000000000e+00,1.000000000000000056e-01
9.963102136693235966e-01,-8.529473400571598030e-02,9.527144854624740311e-03,7.041621383734397455e+01,8.516242195012600769e-02,9.962752944822720336e-01,1.352403386016322491e-02,5.353195994118246759e+00,-1.064518791640344311e-02,-1.266277833480086538e-02,9.998631576466192605e-01,4.880851642776077304e-01,0.000000000000000000e+00,0.000000000000000000e+00,0.000000000000000000e+00,1.000000000000000056e-01
9.966495751269771608e-01,-8.149690020393396406e-02,6.919512726051840236e-03,7.115577297911569588e+01,8.141169649631538330e-02,9.966105537418145088e-01,1.181269842269920545e-02,5.428372875642199169e+00,-7.858757714027941876e-03,-1.120979159413055051e-02,9.999062858586340585e-01,4.978920419165603350e-01,0.000000000000000000e+00,0.000000000000000000e+00,0.000000000000000000e+00,1.000000000000000056e-01
9.968368775942628712e-01,-7.929922925816851320e-02,5.279366172286358537e-03,7.186573351749350991e+01,7.924166684549510675e-02,9.968017890331801745e-01,1.034174142970483400e-02,5.493920930543031211e+00,-6.082573770059157038e-03,-9.890683460294502974e-03,9.999325860661907317e-01,5.006684255356991242e-01,0.000000000000000000e+00,0.000000000000000000e+00,0.000000000000000000e+00,1.000000000000000056e-01
9.968887277427728177e-01,-7.833880826609380954e-02,8.711809160209240885e-03,7.254149231240630513e+01,7.822789109424581333e-02,9.968581670953491347e-01,1.241739708021400573e-02,5.565506147655127300e+00,-9.657202200561496377e-03,-1.169725671895266092e-02,9.998849496971681239e-01,5.097063905251810745e-01,0.000000000000000000e+00,0.000000000000000000e+00,0.000000000000000000e+00,1.000000000000000056e-01
9.968545998210663894e-01,-7.835030352717947677e-02,1.192211192618226889e-02,7.312971416491755861e+01,7.818359282965450796e-02,9.968426201603621806e-01,1.386060763713482628e-02,5.602659296760616137e+00,-1.297045210578129035e-02,-1.288489693488665232e-02,9.998328594335900155e-01,5.323654283142594812e-01,0.000000000000000000e+00,0.000000000000000000e+00,0.000000000000000000e+00,1.000000000000000056e-01
9.968339193604711657e-01,-7.899503865965037952e-02,9.051026439134990734e-03,7.371460186328411623e+01,7.890422398992466557e-02,9.968321774596791141e-01,9.986661981990052617e-03,5.631459208555160245e+00,-9.811251142916222259e-03,-9.240879187343117168e-03,9.999091686262585599e-01,5.402350195448923920e-01,0.000000000000000000e+00,0.000000000000000000e+00,0.000000000000000000e+00,1.000000000000000056e-01
9.967994549601824072e-01,-7.963158467473688273e-02,7.046794538899599745e-03,7.434094844465070651e+01,7.958603292908705829e-02,9.968066466818007454e-01,6.524760041097519593e-03,5.668411283322849492e+00,-7.543868615871133186e-03,-5.943050830494611518e-03,9.999538840332251599e-01,5.524419886628558762e-01,0.000000000000000000e+00,0.000000000000000000e+00,0.000000000000000000e+00,1.000000000000000056e-01
9.969416182410781868e-01,-7.812823061112332546e-02,1.841032437385688690e-03,7.496152392911247375e+01,7.811803331591495037e-02,9.969311796155940764e-01,5.078974415533562409e-03,5.685632048833528351e+00,-2.232193923918288601e-03,-4.919623139547689081e-03,9.999854072027505314e-01,5.659186714195483248e-01,0.000000000000000000e+00,0.000000000000000000e+00,0.000000000000000000e+00,1.000000000000000056e-01
9.974235283097587779e-01,-7.169155723721767903e-02,2.574061967894811925e-03,7.557296646150008712e+01,7.168209870316380461e-02,9.974210472981638320e-01,3.595988340349320390e-03,5.741585264616567486e+00,-2.825225587754536666e-03,-3.402209214141276548e-03,9.999902214886111640e-01,5.872347080415690757e-01,0.000000000000000000e+00,0.000000000000000000e+00,0.000000000000000000e+00,1.000000000000000056e-01
9.977160838989068692e-01,-6.736048658162370473e-02,5.018045128954079677e-03,7.614423746976135021e+01,6.732817364645483915e-02,9.977106647039248877e-01,6.351894952312724628e-03,5.800011606910326911e+00,-5.434423875826211760e-03,-5.999531943350718509e-03,9.999672357900525332e-01,5.817565834476815523e-01,0.000000000000000000e+00,0.000000000000000000e+00,0.000000000000000000e+00,1.000000000000000056e-01
9.979091316029686798e-01,-6.412891905112264035e-02,8.052751377231314248e-03,7.669320198606723693e+01,6.409467487102121774e-02,9.979339400933840976e-01,4.441155578480451491e-03,5.818443402233916650e+00,-8.320920417058683474e-03,-3.915731225294297527e-03,9.999577137721296083e-01,5.917718841560919429e-01,0.000000000000000000e+00,0.000000000000000000e+00,0.000000000000000000e+00,1.000000000000000056e-01
9.983145856765912596e-01,-5.690122063245534045e-02,1.141223536002609028e-02,7.726153400540519556e+01,5.690832186867318676e-02,9.983793637536058085e-01,-2.982164258706615631e-04,5.810733101723474903e+00,-1.137677139910456096e-02,9.471649707444414418e-04,9.999348338522119350e-01,6.083632626925400411e-01,0.000000000000000000e+00,0.000000000000000000e+00,0.000000000000000000e+00,1.000000000000000056e-01
9.987986120686233038e-01,-4.681828270947700071e-02,1.447000117232867533e-02,7.781190996727465858e+01,4.690896955123775164e-02,9.988811933559502698e-01,-5.992506606893825000e-03,5.826388594462519777e+00,-1.417325317041770449e-02,6.664080126176748914e-03,9.998773469434334427e-01,6.120367038200444920e-01,0.000000000000000000e+00,0.000000000000000000e+00,0.000000000000000000e+00,1.000000000000000056e-01
9.993011736183229354e-01,-3.451135531566820736e-02,1.435725458847192208e-02,7.831548939060635917e+01,3.451901785048766547e-02,9.994040001511367288e-01,-2.861617451195218017e-04,5.862483181800742571e+00,-1.433882183724353131e-02,7.815600951660636600e-04,9.998968883600635182e-01,6.142500615758660354e-01,0.000000000000000000e+00,0.000000000000000000e+00,0.000000000000000000e+00,1.000000000000000056e-01
9.997560455588545558e-01,-1.562249256960675931e-02,1.561368292344941788e-02,7.882766869947954547e+01,1.558981453328283154e-02,9.998760236988799566e-01,2.212445464805696919e-03,5.876894575823422784e+00,-1.564631110962829558e-02,-1.968491307950704164e-03,9.998756512640115668e-01,6.155693043034256018e-01,0.000000000000000000e+00,0.000000000000000000e+00,0.000000000000000000e+00,1.000000000000000056e-01
9.999022791071888738e-01,8.306169889673158677e-04,1.395501027111602753e-02,7.932742947619790641e+01,-9.078992993647141052e-04,9.999842832397678460e-01,5.532539408813182472e-03,5.882920406032082106e+00,-1.395019552234046632e-02,-5.544668508170414595e-03,9.998873179993948979e-01,6.249614563554866109e-01,0.000000000000000000e+00,0.000000000000000000e+00,0.000000000000000000e+00,1.000000000000000056e-01
9.996455759026876553e-01,2.309610161882742763e-02,1.323981375234684760e-02,7.984966957108426300e+01,-2.315822902457670418e-02,9.997214194477849203e-01,4.558500384053811375e-03,5.871015562468071991e+00,-1.313084180962092312e-02,-4.863495380789683437e-03,9.999019588969969563e-01,6.356274330240817561e-01,0.000000000000000000e+00,0.000000000000000000e+00,0.000000000000000000e+00,1.000000000000000056e-01
9.987129757192797497e-01,4.855668983321875104e-02,1.465059733874155522e-02,8.035935172621800859e+01,-4.863231060150289414e-02,9.988049735795555550e-01,4.850063742084236018e-03,5.833027469006626831e+00,-1.439758644705074232e-02,-5.556313992560363985e-03,9.998809113486044620e-01,6.532700821887599263e-01,0.000000000000000000e+00,0.000000000000000000e+00,0.000000000000000000e+00,1.000000000000000056e-01
9.973306545312067284e-01,7.142443756537943111e-02,1.516955011936978528e-02,8.081634934072077669e+01,-7.152347739354215916e-02,9.974203295446928408e-01,6.089202943884775183e-03,5.836659651940351523e+00,-1.469549978361812254e-02,-7.157927732630902685e-03,9.998663942530942039e-01,6.475667591096865294e-01,0.000000000000000000e+00,0.000000000000000000e+00,0.000000000000000000e+00,1.000000000000000056e-01
9.944236763836316051e-01,1.043273087428589485e-01,1.540663811915373577e-02,8.130806958190480316e+01,-1.043515754672562357e-01,9.945401672305109742e-01,7.774719343834182511e-04,5.760207514618040925e+00,-1.524140889694579337e-02,-2.380843459662229829e-03,9.998810084401327236e-01,6.446552391547440974e-01,0.000000000000000000e+00,0.000000000000000000e+00,0.000000000000000000e+00,1.000000000000000056e-01
