9.999999999999998890e-01,-4.250030223282181743e-09,1.134955488740753286e-08,8.478740674887460386e-15,4.250030242666451331e-09,1.000000000000000000e+00,-1.707932162555730034e-09,5.008109997347232788e-15,-1.134955488014876821e-08,1.707932210791681367e-09,9.999999999999998890e-01,-2.319381749310794387e-14,0.000000000000000000e+00,0.000000000000000000e+00,0.000000000000000000e+00,1.000000000000000056e-01
9.998635554565010741e-01,-1.202586338560087190e-02,1.132471102126937114e-02,6.528361310239519932e-01,1.205902020158041224e-02,9.999231855099560695e-01,-2.864107435101473798e-03,4.024387460308167380e-03,-1.128939775463116447e-02,3.000281562252507615e-03,9.999317715768836212e-01,2.640267579291842321e-03,0.000000000000000000e+00,0.000000000000000000e+00,0.000000000000000000e+00,1.000000000000000056e-01
9.995633611192681345e-01,-1.827957608939849779e-02,2.321517189131623235e-02,1.337585909387828176e+00,1.836554504406481478e-02,9.998252294561558173e-01,-3.495325189428737100e-03,-2.262595740198469849e-03,-2.314722150034199608e-02,3.920158279625906607e-03,9.997243812650948858e-01,-1.337537704340452556e-02,0.000000000000000000e+00,0.000000000000000000e+00,0.000000000000000000e+00,1.000000000000000056e-01
9.991290610698593255e-01,-2.574854075988783700e-02,3.283492004554931787e-02,2.069603556974093372e+00,2.597290892825631844e-02,9.996419994139910115e-01,-6.425029914558339286e-03,1.876812849949639067e-02,-3.265772998029295437e-02,7.272252493888062275e-03,9.994401367846897921e-01,-3.758695341909314841e-02,0.000000000000000000e+00,0.000000000000000000e+00,0.000000000000000000e+00,1.000000000000000056e-01
9.984414673053452205e-01,-3.433305314403280878e-02,4.399861164807634950e-02,2.801906705356686622e+00,3.473121415250043226e-02,9.993620823324325109e-01,-8.316920083636623884e-03,6.739530159731778325e-02,-4.368499889713142736e-02,9.832083095329485767e-03,9.989969724745737523e-01,-7.951976841644121941e-02,0.000000000000000000e+00,0.000000000000000000e+00,0.000000000000000000e+00,1.000000000000000056e-01
9.976763449908180315e-01,-4.314563298148263448e-02,5.272916650573446912e-02,3.553065736688268750e+00,4.368892570620126758e-02,9.990028761870133334e-01,-9.194081830880685216e-03,9.338425319087585719e-02,-5.227990451789576304e-02,1.147639859459847859e-02,9.985665245034491821e-01,-1.157716182839973185e-01,0.000000000000000000e+00,0.000000000000000000e+00,0.000000000000000000e+00,1.000000000000000056e-01
9.966429162791229368e-01,-5.211568396693424393e-02,6.314153082800351424e-02,4.311940537873526047e+00,5.285036167339662166e-02,9.985521663541170323e-01,-1.002049602020530818e-02,1.480199712353386376e-01,-6.252788739143723407e-02,1.332390911701267049e-02,9.979542758785120427e-01,-1.492936181356996073e-01,0.000000000000000000e+00,0.000000000000000000e+00,0.000000000000000000e+00,1.000000000000000056e-01
9.953165053261985307e-01,-6.165907279809487718e-02,7.445275661063702199e-02,5.116189047742715879e+00,6.246730549948829869e-02,9.980101814633813850e-01,-8.573997845944147933e-03,2.152583153240989478e-01,-7.377594437807705186e-02,1.318470466517519118e-02,9.971876822313916477e-01,-2.023286269127585191e-01,0.000000000000000000e+00,0.000000000000000000e+00,0.000000000000000000e+00,1.000000000000000056e-01
9.940598282803443375e-01,-6.617960206155665270e-02,8.640207214081307985e-02,5.891345171062350339e+00,6.702245609198340115e-02,9.977276934611715165e-01,-6.887675954101674623e-03,2.820372743587852837e-01,-8.574991649354776757e-02,1.263764106249899363e-02,9.962365391059118114e-01,-2.541137648425859652e-01,0.000000000000000000e+00,0.000000000000000000e+00,0.000000000000000000e+00,1.000000000000000056e-01
9.923793703300309854e-01,-7.459781026577602669e-02,9.807319739318419438e-02,6.695310400571787390e+00,7.583635058979829036e-02,9.970800469723786197e-01,-8.957000545961631491e-03,3.411311206372458216e-01,-9.711865563624937081e-02,1.632625594281915740e-02,9.951388948756335617e-01,-3.221336458745918119e-01,0.000000000000000000e+00,0.000000000000000000e+00,0.000000000000000000e+00,1.000000000000000056e-01
9.906161518209725125e-01,-8.225680877527284662e-02,1.091487845168978427e-01,7.527624699061258084e+00,8.407774536019095579e-02,9.963847653322877029e-01,-1.217916864440276442e-02,4.079038091933671617e-01,-1.077523665009492565e-01,2.124186488588300503e-02,9.939508089888628994e-01,-3.973587677106281135e-01,0.000000000000000000e+00,0.000000000000000000e+00,0.000000000000000000e+00,1.000000000000000056e-01
9.888315000771389363e-01,-8.875191609084798205e-02,1.197303714409931885e-01,8.366593990606729037e+00,9.094911648121170589e-02,9.957706525074406789e-01,-1.300253114561601003e-02,4.978651929980316138e-01,-1.180699905415516782e-01,2.374668387604483150e-02,9.927212964062013256e-01,-4.911605311471646251e-01,0.000000000000000000e+00,0.000000000000000000e+00,0.000000000000000000e+00,1.000000000000000056e-01
9.871122906633651439e-01,-9.543874832667331720e-02,1.284553266282177364e-01,9.215602332169709143e+00,9.798493469407526524e-02,9.950944798253813506e-01,-1.363557091035908636e-02,6.086292484229526289e-01,-1.265238246115015230e-01,2.604652642659932571e-02,9.916215509289753038e-01,-5.890869687227622276e-01,0.000000000000000000e+00,0.000000000000000000e+00,0.000000000000000000e+00,1.000000000000000056e-01
9.853308176193725787e-01,-1.005016247797042156e-01,1.379224538143742351e-01,9.996847141829446670e+00,1.038311480181906415e-01,9.944471797650247247e-01,-1.714349318584915474e-02,7.086244941411811160e-01,-1.354336463023986803e-01,3.121265887469724595e-02,9.902946517957211814e-01,-6.816771977452152909e-01,0.000000000000000000e+00,0.000000000000000000e+00,0.000000000000000000e+00,1.000000000000000056e-01
9.830891426976496872e-01,-1.078641340347644834e-01,1.479900878401340936e-01,1.082589363914405567e+01,1.116891396831814071e-01,9.935844862602400962e-01,-1.775963794128469775e-02,8.137241298048372151e-01,-1.451250274309398292e-01,3.398819283082124554e-02,9.888293731282783439e-01,-8.020903089164558297e-01,0.000000000000000000e+00,0.000000000000000000e+00,0.000000000000000000e+00,1.000000000000000056e-01
9.811775074150800302e-01,-1.128127532396689531e-01,1.567290070446952510e-01,1.163296490476137812e+01,1.172111446347507829e-01,9.929237023111227023e-01,-1.908059124305679782e-02,9.225167632178623567e-01,-1.534674119027948647e-01,3.709183326904511718e-02,9.874573152235995854e-01,-8.996680119551281329e-01,0.000000000000000000e+00,0.000000000000000000e+00,0.000000000000000000e+00,1.000000000000000056e-01
9.793152709751603568e-01,-1.182853040017147056e-01,1.641651208145939733e-01,1.249628005101236994e+01,1.227334821087362610e-01,9.922908507055354654e-01,-1.718604013579762627e-02,1.055503825054972644e+00,-1.608666914072419407e-01,3.697910847095513265e-02,9.862831505872846627e-01,-1.031896157432517835e+00,0.000000000000000000e+00,0.000000000000000000e+00,0.000000000000000000e+00,1.000000000000000056e-01
9.773764333841822305e-01,-1.256673654397475193e-01,1.701264845009385074e-01,1.340035261271172295e+01,1.303688426245010745e-01,9.913247952501512694e-01,-1.670674100456869676e-02,1.182533565177245949e+00,-1.665511102873925287e-01,3.850796782068109658e-02,9.852806016949476886e-01,-1.179470511543247335e+00,0.000000000000000000e+00,0.000000000000000000e+00,0.000000000000000000e+00,1.000000000000000056e-01
9.764480096626120265e-01,-1.240368107539992493e-01,1.765337191697385621e-01,1.426956808188929315e+01,1.285311071989890808e-01,9.916036624201173266e-01,-1.421024831633462514e-02,1.313407348959072518e+00,-1.732888885881767316e-01,3.656564306813833015e-02,9.841920111639231861e-01,-1.318628630470728424e+00,0.000000000000000000e+00,0.000000000000000000e+00,0.000000000000000000e+00,1.000000000000000056e-01
9.719330935778529579e-01,-1.453743118572688731e-01,1.849658645810359769e-01,1.524211874025547253e+01,1.503266791541361391e-01,9.885514052310513389e-01,-1.296181893883607654e-02,1.548049277328586992e+00,-1.809639498427076387e-01,4.040332495895973541e-02,9.826594629827704042e-01,-1.488151751491392449e+00,0.000000000000000000e+00,0.000000000000000000e+00,0.000000000000000000e+00,1.000000000000000056e-01
9.702509841119962841e-01,-1.472642441724932028e-01,1.921620936033095195e-01,1.616535556289833053e+01,1.527065926863555856e-01,9.881760212194091730e-01,-1.374218458256276122e-02,1.712159291910765546e+00,-1.878662406602800983e-01,4.267778667271814735e-02,9.812669780161216160e-01,-1.656416997631826593e+00,0.000000000000000000e+00,0.000000000000000000e+00,0.000000000000000000e+00,1.000000000000000056e-01
9.670395465166641280e-01,-1.548576300667445227e-01,2.021228089131848205e-01,1.704791295889749492e+01,1.616049615272764362e-01,9.867053673326321439e-01,-1.721494951322811301e-02,1.872535121738507335e+00,-1.967697941316502719e-01,4.931158572877965968e-02,9.792088723200486067e-01,-1.822156714439479241e+00,0.000000000000000000e+00,0.000000000000000000e+00,0.000000000000000000e+00,1.000000000000000056e-01
9.643621275862085396e-01,-1.616877594921443118e-01,2.094343699296075667e-01,1.787543638252522982e+01,1.693057995253570702e-01,9.853833019064374144e-01,-1.884925916439230895e-02,2.011668411687581592e+00,-2.033254364915536017e-01,5.363596512021881479e-02,9.776410129086964274e-01,-1.982173238235668267e+00,0.000000000000000000e+00,0.000000000000000000e+00,0.000000000000000000e+00,1.000000000000000056e-01
9.618850943094965356e-01,-1.663736680773021392e-01,2.170181280808461954e-01,1.874817549560617991e+01,1.754958777293040839e-01,9.842038861450252973e-01,-2.332182233555511047e-02,2.156810747349653834e+00,-2.097099478928742267e-01,6.051870014742338072e-02,9.758889407546507133e-01,-2.164548203687914008e+00,0.000000000000000000e+00,0.000000000000000000e+00,0.000000000000000000e+00,1.000000000000000056e-01
9.586024690564756146e-01,-1.723087995571076503e-01,2.266957959778196641e-01,1.964881171541351534e+01,1.824124615108331793e-01,9.829232942940807627e-01,-2.423822228693161759e-02,2.329891844800629830e+00,-2.186481195994778026e-01,6.458695788826404605e-02,9.736639690706193617e-01,-2.355158116680866609e+00,0.000000000000000000e+00,0.000000000000000000e+00,0.000000000000000000e+00,1.000000000000000056e-01
9.558030522583168542e-01,-1.758579183326477169e-01,2.356151902008718768e-01,2.054469296894310659e+01,1.870787645177189595e-01,9.820017161299977593e-01,-2.596469495802053787e-02,2.488228443570778659e+00,-2.268084239180923334e-01,6.889573337621864024e-02,9.714995196922867615e-01,-2.557847659394441031e+00,0.000000000000000000e+00,0.000000000000000000e+00,0.000000000000000000e+00,1.000000000000000056e-01
9.537721500083152781e-01,-1.751601679722453453e-01,2.442081108899755992e-01,2.142353262636144606e+01,1.882800897787027250e-01,9.816174858058954733e-01,-3.126850417011088623e-02,2.678495853770425317e+00,-2.342419553825476897e-01,7.580255349292261413e-02,9.692185920743128236e-01,-2.758704986492224176e+00,0.000000000000000000e+00,0.000000000000000000e+00,0.000000000000000000e+00,1.000000000000000056e-01
9.508196984651495764e-01,-1.775253937863642550e-01,2.538240248117547004e-01,2.232601983210531671e+01,1.920479243785838952e-01,9.808162956293084989e-01,-3.342138491861973426e-02,2.887268572326877170e+00,-2.430215952390233081e-01,8.052408825312537544e-02,9.666728378611262329e-01,-2.973450114463229710e+00,0.000000000000000000e+00,0.000000000000000000e+00,0.000000000000000000e+00,1.000000000000000056e-01
9.491433704926679482e-01,-1.744798639256988360e-01,2.620756366667600923e-01,2.324127671937960571e+01,1.897320746590183405e-01,9.812518246407999634e-01,-3.386143063554086785e-02,3.088101855860936773e+00,-2.512540588635389649e-01,8.186350666548843080e-02,9.644530907104952311e-01,-3.193706571777377601e+00,0.000000000000000000e+00,0.000000000000000000e+00,0.000000000000000000e+00,1.000000000000000056e-01
9.488789147735081642e-01,-1.679086117743821549e-01,2.672742097364599889e-01,2.411925461382069713e+01,1.838936324942829215e-01,9.822955632902132805e-01,-3.575693315177111420e-02,3.271715046987234032e+00,-2.565383733991992710e-01,8.307902522515789312e-02,9.629568726279129631e-01,-3.418945676067258521e+00,0.000000000000000000e+00,0.000000000000000000e+00,0.000000000000000000e+00,1.000000000000000056e-01
9.474154396993994531e-01,-1.707405632255854233e-01,2.706504104718917003e-01,2.501787989696522629e+01,1.879354305343174658e-01,9.814170468478337073e-01,-3.874085835855536203e-02,3.444899182062725274e+00,-2.590062905974956364e-01,8.756848877242759399e-02,9.618978642272987267e-01,-3.642152458819009730e+00,0.000000000000000000e+00,0.000000000000000000e+00,0.000000000000000000e+00,1.000000000000000056e-01
9.478169165776425542e-01,-1.699631339665169938e-01,2.697325077582047870e-01,2.588841405316629363e+01,1.875899050951113367e-01,9.814006531092701602e-01,-4.077726797009804949e-02,3.628574249719690226e+00,-2.577850270199131266e-01,8.924847992530661467e-02,9.620715091277596276e-01,-3.878222278926416244e+00,0.000000000000000000e+00,0.000000000000000000e+00,0.000000000000000000e+00,1.000000000000000056e-01
9.457371875820070883e-01,-1.704520971953909503e-01,2.766355989133871818e-01,2.677959325633113963e+01,1.900126556335834382e-01,9.807356670844065150e-01,-4.530719598008056681e-02,3.810502235365293977e+00,-2.635836920667677941e-01,9.541296489574777051e-02,9.599062471961801180e-01,-4.110580574493665651e+00,0.000000000000000000e+00,0.000000000000000000e+00,0.000000000000000000e+00,1.000000000000000056e-01
9.439480056088040971e-01,-1.712421421306604963e-01,2.822025716850644073e-01,2.769068364621221079e+01,1.925416284814460421e-01,9.800476005831268989e-01,-4.933986109595966951e-02,3.974885113409496462e+00,-2.681228897518339038e-01,1.009100061924408653e-01,9.580852188826249893e-01,-4.357512171048330885e+00,0.000000000000000000e+00,0.000000000000000000e+00,0.000000000000000000e+00,1.000000000000000056e-01
9.405477630208085582e-01,-1.717857412707142206e-01,2.930180277263227939e-01,2.863254140365485156e+01,1.954557053798932076e-01,9.792642044117185751e-01,-5.327931298667672871e-02,4.164299696034832188e+00,-2.777894395238977854e-01,1.073837839431778240e-01,9.546212601000690912e-01,-4.618197771174765265e+00,0.000000000000000000e+00,0.000000000000000000e+00,0.000000000000000000e+00,1.000000000000000056e-01
9.373773662212784297e-01,-1.729351858388613605e-01,3.023526001127454510e-01,2.953984886782110664e+01,1.993179584265472593e-01,9.781901108436821257e-01,-5.845047900828542753e-02,4.344410827644431095e+00,-2.856501789684936510e-01,1.150544590465893691e-01,9.514023579478685377e-01,-4.879340583234632156e+00,0.000000000000000000e+00,0.000000000000000000e+00,0.000000000000000000e+00,1.000000000000000056e-01
9.343283125439747483e-01,-1.721636048945306696e-01,3.120741859373322713e-01,3.041977108545734865e+01,2.016360957576859569e-01,9.773335528801068151e-01,-6.451365206175152522e-02,4.519769893185921816e+00,-2.938936700004374236e-01,1.232023521060672255e-01,9.478648063775796384e-01,-5.127829805850223188e+00,0.000000000000000000e+00,0.000000000000000000e+00,0.000000000000000000e+00,1.000000000000000056e-01
9.337402879107784548e-01,-1.754647605612745243e-01,3.119955008224817861e-01,3.133369802041686825e+01,2.065596416169446226e-01,9.759762221828459650e-01,-6.930749013475701048e-02,4.699751302700564182e+00,-2.923391680691727612e-01,1.291608746287924159e-01,9.475522567530243467e-01,-5.402149605728823190e+00,0.000000000000000000e+00,0.000000000000000000e+00,0.000000000000000000e+00,1.000000000000000056e-01
9.327391878843607209e-01,-1.801335285237605222e-01,3.123291841733697449e-01,3.227885704313144544e+01,2.118870268960190151e-01,9.747404096128825524e-01,-7.060468611130359118e-02,4.901667636766337210e+00,-2.917216056756661846e-01,1.320342598316419924e-01,9.473465358635780875e-01,-5.695988834143233426e+00,0.000000000000000000e+00,0.000000000000000000e+00,0.000000000000000000e+00,1.000000000000000056e-01
9.299987395172103488e-01,-1.819808750488361437e-01,3.193513826694036606e-01,3.320076632050461285e+01,2.154908085924864825e-01,9.738014691698811953e-01,-7.262513376743146010e-02,5.128492762541767114e+00,-2.977684602313622753e-01,1.363585705375384149e-01,9.448493447806389778e-01,-5.991422956302644209e+00,0.000000000000000000e+00,0.000000000000000000e+00,0.000000000000000000e+00,1.000000000000000056e-01
9.282703514446027926e-01,-1.855000833722533771e-01,3.223412379727432220e-01,3.412568021081106906e+01,2.200971946078184027e-01,9.726604916935555067e-01,-7.408638757706381694e-02,5.344040818891943267e+00,-2.997855559473833753e-01,1.397185992176340485e-01,9.437199444104062973e-01,-6.264475817303211791e+00,0.000000000000000000e+00,0.000000000000000000e+00,0.000000000000000000e+00,1.000000000000000056e-01
9.267826308013920045e-01,-1.885907455911932373e-01,3.248191587979510353e-01,3.502715837931095422e+01,2.239079314602698545e-01,9.717462806895629246e-01,-7.466193270458662545e-02,5.573079131703767786e+00,-3.015612599025839224e-01,1.419249683577873955e-01,9.428245382268152230e-01,-6.545497313511677184e+00,0.000000000000000000e+00,0.000000000000000000e+00,0.000000000000000000e+00,1.000000000000000056e-01
9.243832745343109059e-01,-1.905860770078081357e-01,3.304428982623149880e-01,3.594433255203855992e+01,2.271125014927452279e-01,9.709514472316367328e-01,-7.532063983064694879e-02,5.787658827536601436e+00,-3.064889450321701680e-01,1.446728529115399176e-01,9.408157589047407843e-01,-6.839623178771376821e+00,0.000000000000000000e+00,0.000000000000000000e+00,0.000000000000000000e+00,1.000000000000000056e-01
9.222389910444868111e-01,-1.934255345997077935e-01,3.347563381955063200e-01,3.688560504784143745e+01,2.320923440699546592e-01,9.694607474419675297e-01,-7.924016023062728509e-02,6.020091021062351722e+00,-3.092060594835760456e-01,1.507727486453667165e-01,9.389670873063444834e-01,-7.150929614547918867e+00,0.000000000000000000e+00,0.000000000000000000e+00,0.000000000000000000e+00,1.000000000000000056e-01
9.192142720174202308e-01,-1.979800638156815895e-01,3.403660036652055298e-01,3.782310788860345241e+01,2.370184746295790623e-01,9.684662459814417090e-01,-7.678133288033807402e-02,6.252338302510862533e+00,-3.144318126458448548e-01,1.512515280126199291e-01,9.371529280059343048e-01,-7.432434298124723782e+00,0.000000000000000000e+00,0.000000000000000000e+00,0.000000000000000000e+00,1.000000000000000056e-01
9.170799449186576302e-01,-2.019259028026681169e-01,3.437881679251327260e-01,3.875832972360125694e+01,2.412284346973957716e-01,9.675505557571689730e-01,-7.519816718137307954e-02,6.490610946554554950e+00,-3.174479751414964190e-01,1.518942126327428310e-01,9.360314798377472600e-01,-7.745506101999810156e+00,0.000000000000000000e+00,0.000000000000000000e+00,0.000000000000000000e+00,1.000000000000000056e-01
9.145281272868194256e-01,-2.069316284950231677e-01,3.475882701266841956e-01,3.969708331216340014e+01,2.485408073428329034e-01,9.653777493587449854e-01,-7.920396535790996673e-02,6.747797409020266812e+00,-3.191641763836222112e-01,1.588241233926442897e-01,9.342960592563377409e-01,-8.044224230575716561e+00,0.000000000000000000e+00,0.000000000000000000e+00,0.000000000000000000e+00,1.000000000000000056e-01
9.126346272559527906e-01,-2.132181718422135885e-01,3.487635994906183590e-01,4.062542556300217456e+01,2.552749174521539710e-01,9.636466124237037523e-01,-7.886648771256382640e-02,7.001867048079026823e+00,-3.192690928561425223e-01,1.610068866868255566e-01,9.338865181520887848e-01,-8.339001519173551813e+00,0.000000000000000000e+00,0.000000000000000000e+00,0.000000000000000000e+00,1.000000000000000056e-01
9.122406867299693856e-01,-2.148553209862622548e-01,3.487895074659271288e-01,4.157571998136899083e+01,2.578144894486448235e-01,9.627738890284871509e-01,-8.122885962080805822e-02,7.269023023371024017e+00,-3.183529778481244965e-01,1.640232594751505069e-01,9.336743285784283586e-01,-8.658784358977287710e+00,0.000000000000000000e+00,0.000000000000000000e+00,0.000000000000000000e+00,1.000000000000000056e-01
9.109066030117060064e-01,-2.184889463170049673e-01,3.500167723509249318e-01,4.255053663479233705e+01,2.621913744639460808e-01,9.615134084757825939e-01,-8.214407147195557091e-02,7.523969790289697812e+00,-3.185982481847335346e-01,1.665969557301929804e-01,9.331348298049167989e-01,-8.980626590487565508e+00,0.000000000000000000e+00,0.000000000000000000e+00,0.000000000000000000e+00,1.000000000000000056e-01
9.083486678576411233e-01,-2.211303713516916680e-01,3.549705008407200713e-01,4.350374377455140973e+01,2.674977631548284829e-01,9.596506288393364947e-01,-8.669265987054168565e-02,7.810596381982625402e+00,-3.214772842805724840e-01,1.737009770672838793e-01,9.308492500171330342e-01,-9.291054312216227018e+00,0.000000000000000000e+00,0.000000000000000000e+00,0.000000000000000000e+00,1.000000000000000056e-01
9.072718476150725131e-01,-2.193418792801911099e-01,3.588132306910752911e-01,4.442357170320143211e+01,2.670400703387681984e-01,9.596023259636825564e-01,-8.861702341286425977e-02,8.074964176698689045e+00,-3.248805863061049459e-01,1.762172409241629101e-01,9.291932461240111074e-01,-9.603947054952334028e+00,0.000000000000000000e+00,0.000000000000000000e+00,0.000000000000000000e+00,1.000000000000000056e-01
9.038796361199814555e-01,-2.329820375228660034e-01,3.587770527769351125e-01,4.523522467846721185e+01,2.822019090150412191e-01,9.550510860959582349e-01,-9.077172189177079575e-02,8.327080452923766529e+00,-3.215022332051151177e-01,1.832942801579592329e-01,9.289992039315746464e-01,-9.876920742110899099e+00,0.000000000000000000e+00,0.000000000000000000e+00,0.000000000000000000e+00,1.000000000000000056e-01
9.043706398237695288e-01,-2.351932111745217435e-01,3.560869265251991878e-01,4.609391469394975616e+01,2.853196877664331277e-01,9.537425369891326943e-01,-9.469872707907958653e-02,8.586333878268529674e+00,-3.173427509769380372e-01,1.872413590928823923e-01,9.296420019811063584e-01,-1.017620138822656806e+01,0.000000000000000000e+00,0.000000000000000000e+00,0.000000000000000000e+00,1.000000000000000056e-01
9.038099487745741012e-01,-2.360714175421235184e-01,3.569283714077017278e-01,4.693544475957868656e+01,2.873661112158896747e-01,9.528502985977505002e-01,-9.745268896667107217e-02,8.854257177577737892e+00,-3.170935108461836460e-01,1.906478278969634399e-01,9.290345047937730305e-01,-1.046657969227932306e+01,0.000000000000000000e+00,0.000000000000000000e+00,0.000000000000000000e+00,1.000000000000000056e-01
9.011399832940868437e-01,-2.389881062961863589e-01,3.617062559006902212e-01,4.777740883348429435e+01,2.919028167616893321e-01,9.513461658852075953e-01,-9.865707385741183388e-02,9.148608530613246970e+00,-3.205299924739095085e-01,1.944869088254474465e-01,9.270573694330883630e-01,-1.075733766313298645e+01,0.000000000000000000e+00,0.000000000000000000e+00,0.000000000000000000e+00,1.000000000000000056e-01
9.003096314367227126e-01,-2.365328181086280013e-01,3.653693932171429015e-01,4.866534965112642652e+01,2.922677824703731608e-01,9.505775340567337306e-01,-1.047945374362131699e-01,9.449621318883671961e+00,-3.225245895619791581e-01,2.011332337138990456e-01,9.249450315687235413e-01,-1.105705016160713328e+01,0.000000000000000000e+00,0.000000000000000000e+00,0.000000000000000000e+00,1.000000000000000056e-01
8.975853469531152040e-01,-2.374620094891046196e-01,3.714193573098369949e-01,4.948749114459920406e+01,2.963490373118791710e-01,9.487722879155779943e-01,-1.095828169366074717e-01,9.714872448831682661e+00,-3.263706374957441314e-01,2.084296997379115335e-01,9.219757411384453816e-01,-1.134944268098636400e+01,0.000000000000000000e+00,0.000000000000000000e+00,0.000000000000000000e+00,1.000000000000000056e-01
8.964242528375702124e-01,-2.414079911924220112e-01,3.716796210623383723e-01,5.034422076999433671e+01,3.022256270333147365e-01,9.463656756196664466e-01,-1.142439423919359015e-01,1.002377250893873928e+01,-3.241654350619814218e-01,2.147421472309795631e-01,9.213048251874644823e-01,-1.164182877292808804e+01,0.000000000000000000e+00,0.000000000000000000e+00,0.000000000000000000e+00,1.000000000000000056e-01
8.959941441715391086e-01,-2.427839550366955035e-01,3.718204469727976469e-01,5.125883348148187224e+01,3.047549725222881145e-01,9.451909724751531572e-01,-1.172110586694517786e-01,1.033258541750668869e+01,-3.229843654625570992e-01,2.183345523003953070e-01,9.208751940076002063e-01,-1.192777123948569873e+01,0.000000000000000000e+00,0.000000000000000000e+00,0.000000000000000000e+00,1.000000000000000056e-01
8.934373369772996565e-01,-2.481690210083931092e-01,3.744086830011382205e-01,5.213314661306439746e+01,3.120598214292290562e-01,9.424575905956978916e-01,-1.199681531828744874e-01,1.065391168095563401e+01,-3.230919261517822272e-01,2.240219340606801335e-01,9.194703803360082528e-01,-1.223331789091345989e+01,0.000000000000000000e+00,0.000000000000000000e+00,0.000000000000000000e+00,1.000000000000000056e-01
8.913874781901980349e-01,-2.503584526118156628e-01,3.778213981917071251e-01,5.297807758610608886e+01,3.159420911975370228e-01,9.409133295925388163e-01,-1.219126786056708711e-01,1.095577605346585415e+01,-3.249753201943902381e-01,2.280411177855863614e-01,9.178171331281923528e-01,-1.252339386390652720e+01,0.000000000000000000e+00,0.000000000000000000e+00,0.000000000000000000e+00,1.000000000000000056e-01
8.880436869435789360e-01,-2.527774614696374211e-01,3.840338071740829196e-01,5.383145320387111354e+01,3.204448231346433973e-01,9.392803552219533003e-01,-1.227498660705109018e-01,1.124351135436668336e+01,-3.296870112786700058e-01,2.320688890547097372e-01,9.151232186580400274e-01,-1.280841319868265060e+01,0.000000000000000000e+00,0.000000000000000000e+00,0.000000000000000000e+00,1.000000000000000056e-01
8.869546561022979558e-01,-2.583804407147235471e-01,3.828197825015311473e-01,5.466923759664226168e+01,3.243060329973227462e-01,9.385759426938292682e-01,-1.179016401833717087e-01,1.158173231487982946e+01,-3.288419604916529293e-01,2.287241737387087637e-01,9.162686382101873361e-01,-1.309946541069335524e+01,0.000000000000000000e+00,0.000000000000000000e+00,0.000000000000000000e+00,1.000000000000000056e-01
8.868984430204828184e-01,-2.629508562122003235e-01,3.798262747429594355e-01,5.549591519719466248e+01,3.298340743921804319e-01,9.361088869425562287e-01,-1.221050169199535268e-01,1.188054768297168629e+01,-3.234511325342623311e-01,2.335743971509705585e-01,9.169636665963727395e-01,-1.338736734372600523e+01,0.000000000000000000e+00,0.000000000000000000e+00,0.000000000000000000e+00,1.000000000000000056e-01
8.869401431216271670e-01,-2.689915913866886554e-01,3.754739755064847584e-01,5.631836309268302188e+01,3.349184128739668975e-01,9.343456103942157087e-01,-1.217700170610297589e-01,1.220127119938735660e+01,-3.180673501593186403e-01,2.337558643121432911e-01,9.187988662717821997e-01,-1.365702701851595791e+01,0.000000000000000000e+00,0.000000000000000000e+00,0.000000000000000000e+00,1.000000000000000056e-01
8.877618816656025480e-01,-2.713237352657915658e-01,3.718363512931021631e-01,5.716421352226597463e+01,3.386629830621521453e-01,9.321031435827750178e-01,-1.284177309663782629e-01,1.252820702698867272e+01,-3.117470534984943531e-01,2.399315744218074031e-01,9.193729462141463360e-01,-1.395554033233751667e+01,0.000000000000000000e+00,0.000000000000000000e+00,0.000000000000000000e+00,1.000000000000000056e-01
8.877139303048801056e-01,-2.754167525897252000e-01,3.689303326315045428e-01,5.800007861622238892e+01,3.420182058631531241e-01,9.309363436825112137e-01,-1.279885575713205215e-01,1.285006526046086428e+01,-3.082004620386092908e-01,2.397981159308128218e-01,9.206027040994504418e-01,-1.424555260428862802e+01,0.000000000000000000e+00,0.000000000000000000e+00,0.000000000000000000e+00,1.000000000000000056e-01
8.846957692187245037e-01,-2.796600497016086262e-01,3.729660206069489448e-01,5.887081291763059454e+01,3.475735323555352307e-01,9.288798869975440908e-01,-1.279640384534871111e-01,1.318981025399481588e+01,-3.106542057213856900e-01,2.428423606628868081e-01,9.189785374726068268e-01,-1.451390674422583338e+01,0.000000000000000000e+00,0.000000000000000000e+00,0.000000000000000000e+00,1.000000000000000056e-01
8.836935615765311169e-01,-2.832464314064641053e-01,3.726354093798506240e-01,5.969629928436372523e+01,3.524053691347971418e-01,9.265748416587514802e-01,-1.314135404363910298e-01,1.352300438923803050e+01,-3.080521790754823241e-01,2.474480185828183965e-01,9.186257851085414261e-01,-1.477471092930637298e+01,0.000000000000000000e+00,0.000000000000000000e+00,0.000000000000000000e+00,1.000000000000000056e-01
8.829526660008353289e-01,-2.882396655555575227e-01,3.705569926508440748e-01,6.044016167372151926e+01,3.577340597496032060e-01,9.242348416242119891e-01,-1.334777135814631532e-01,1.382097776511847798e+01,-3.040081118935556992e-01,2.504153604080390783e-01,9.191687631630152122e-01,-1.502664228541244285e+01,0.000000000000000000e+00,0.000000000000000000e+00,0.000000000000000000e+00,1.000000000000000056e-01
8.812305534365951765e-01,-2.948792860045722497e-01,3.694305325433536735e-01,6.117586784221109752e+01,3.646891830468798057e-01,9.213658861529834265e-01,-1.344868157185937219e-01,1.412280271154600797e+01,-3.007233137926482724e-01,2.532412101514311398e-01,9.194750556826472021e-01,-1.527122511825464990e+01,0.000000000000000000e+00,0.000000000000000000e+00,0.000000000000000000e+00,1.000000000000000056e-01
8.814422569586726208e-01,-2.966630401450438548e-01,3.674922968709704030e-01,6.189136797313015137e+01,3.672603126564424336e-01,9.197646890423737398e-01,-1.383935675466083093e-01,1.442433561558342525e+01,-2.969501816721005216e-01,2.569512743745116512e-01,9.196720242576812421e-01,-1.550968594087650132e+01,0.000000000000000000e+00,0.000000000000000000e+00,0.000000000000000000e+00,1.000000000000000056e-01
8.812382967314967841e-01,-3.019919517883927207e-01,3.636205789402017219e-01,6.261350220826223989e+01,3.731532737602115124e-01,9.166788415404966139e-01,-1.430263463632132637e-01,1.472584169914378549e+01,-2.901304855677994121e-01,2.617265032949668280e-01,9.205017864280236051e-01,-1.574579179992210065e+01,0.000000000000000000e+00,0.000000000000000000e+00,0.000000000000000000e+00,1.000000000000000056e-01
8.795111958187373791e-01,-3.055137369888998311e-01,3.648580723248040503e-01,6.329314040707168232e+01,3.776778663579906103e-01,9.145776833854036836e-01,-1.445928432415104492e-01,1.502051290348596524e+01,-2.895159506707193353e-01,2.649698427452935046e-01,9.197670883124510199e-01,-1.596023389453958430e+01,0.000000000000000000e+00,0.000000000000000000e+00,0.000000000000000000e+00,1.000000000000000056e-01
8.777171812641834103e-01,-3.111322267098706740e-01,3.644300854981847304e-01,6.398164175482612137e+01,3.838387980098209584e-01,9.117801366709291644e-01,-1.460299952568570037e-01,1.533158633441087915e+01,-2.868454755718355398e-01,2.680554417931100830e-01,9.197097114139156648e-01,-1.617111847222023968e+01,0.000000000000000000e+00,0.000000000000000000e+00,0.000000000000000000e+00,1.000000000000000056e-01
8.739541379803400512e-01,-3.175205522898512656e-01,3.679468216748020826e-01,6.465274431497803675e+01,3.924014958665957287e-01,9.076864754642748334e-01,-1.487492127740526193e-01,1.561981880461690686e+01,-2.867494215315854467e-01,2.743828732497531897e-01,9.178718909077187016e-01,-1.637769777643961078e+01,0.000000000000000000e+00,0.000000000000000000e+00,0.000000000000000000e+00,1.000000000000000056e-01
8.734744713434964281e-01,-3.207476255794036168e-01,3.662830989772448698e-01,6.527553813074928257e+01,3.957154759452385928e-01,9.059903705158005582e-01,-1.503020646234630719e-01,1.590517794458039624e+01,-2.836399302084119389e-01,2.762289072812928459e-01,9.182842592430462414e-01,-1.656048611442488649e+01,0.000000000000000000e+00,0.000000000000000000e+00,0.000000000000000000e+00,1.000000000000000056e-01
8.739157546814881883e-01,-3.271685337867396015e-01,3.594885314155654710e-01,6.586764684117756019e+01,4.001578644766037307e-01,9.040915066438609538e-01,-1.499741014707458575e-01,1.618162821886866709e+01,-2.759437211045199234e-01,2.749168931045680719e-01,9.210188731338366797e-01,-1.673096964219918092e+01,0.000000000000000000e+00,0.000000000000000000e+00,0.000000000000000000e+00,1.000000000000000056e-01
8.758146701345191909e-01,-3.278167533677012191e-01,3.542383940069500081e-01,6.646154345102327454e+01,4.009134815180774858e-01,9.027750883685408123e-01,-1.557739392781333776e-01,1.644258919510900085e+01,-2.687322904196991491e-01,2.784480490731318092e-01,9.220898221177529219e-01,-1.690767267350663161e+01,0.000000000000000000e+00,0.000000000000000000e+00,0.000000000000000000e+00,1.000000000000000056e-01
8.769618869518285287e-01,-3.290531454306317438e-01,3.502311755342402688e-01,6.710853364993576520e+01,4.020571819815230152e-01,9.015861939696521166e-01,-1.596632620874107733e-01,1.674343843414178323e+01,-2.632258939598550174e-01,2.808315550744328593e-01,9.229549102873395583e-01,-1.709283745697047863e+01,0.000000000000000000e+00,0.000000000000000000e+00,0.000000000000000000e+00,1.000000000000000056e-01
8.769210451838125309e-01,-3.333107037048686494e-01,3.462852224821256208e-01,6.772081123700996841e+01,4.056249773072060916e-01,8.997151800506819619e-01,-1.611861426143619269e-01,1.702568376657439231e+01,-2.578330046721298285e-01,2.818094561616663052e-01,9.241783226843223176e-01,-1.727192685911141368e+01,0.000000000000000000e+00,0.000000000000000000e+00,0.000000000000000000e+00,1.000000000000000056e-01
8.752416161936640293e-01,-3.366642440686146709e-01,3.472884968558723195e-01,6.831861815528651505e+01,4.095167842190858276e-01,8.978625464484941698e-01,-1.616751407232552562e-01,1.730926300753850455e+01,-2.573870951030017840e-01,2.837252798936569231e-01,9.237163248658672998e-01,-1.743417665477710798e+01,0.000000000000000000e+00,0.000000000000000000e+00,0.000000000000000000e+00,1.000000000000000056e-01
8.732479467527652917e-01,-3.440690368282656730e-01,3.450427819679019459e-01,6.886846085242764559e+01,4.173626233072655345e-01,8.935976272978330970e-01,-1.652020615905280543e-01,1.755097773104315095e+01,-2.514884970692639055e-01,2.882703217186128875e-01,9.239338490704246398e-01,-1.759302728291396889e+01,0.000000000000000000e+00,0.000000000000000000e+00,0.000000000000000000e+00,1.000000000000000056e-01
8.721379447707353627e-01,-3.510249780633588612e-01,3.408179427006389761e-01,6.937389893026302445e+01,4.242883755591998485e-01,8.895044812676928814e-01,-1.695911323449074415e-01,1.777867380164760291e+01,-2.436283638175428534e-01,2.925119528845119277e-01,9.247064278803711623e-01,-1.771436101121272344e+01,0.000000000000000000e+00,0.000000000000000000e+00,0.000000000000000000e+00,1.000000000000000056e-01
8.731198110878263252e-01,-3.510046692521325284e-01,3.383157070683528445e-01,6.992007982326228444e+01,4.260808952417996509e-01,8.866559502823863070e-01,-1.797117039560446605e-01,1.802210408695266608e+01,-2.368899875383191911e-01,3.010597083504192861e-01,9.237132595194547102e-01,-1.785809155613166155e+01,0.000000000000000000e+00,0.000000000000000000e+00,0.000000000000000000e+00,1.000000000000000056e-01
8.750580334478180733e-01,-3.498157030811673285e-01,3.345181788427437075e-01,7.046705410646437429e+01,4.257436807618948937e-01,8.850653592489148291e-01,-1.881532039294122882e-01,1.826645140820303581e+01,-2.302515068132040821e-01,3.070639733596532972e-01,9.234153777552284170e-01,-1.799186578838476080e+01,0.000000000000000000e+00,0.000000000000000000e+00,0.000000000000000000e+00,1.000000000000000056e-01
8.764949109280310013e-01,-3.517599155910552389e-01,3.286664462652624796e-01,7.097875377653224405e+01,4.261895633729324562e-01,8.844643540318439801e-01,-1.899612131963315242e-01,1.851250345937475572e+01,-2.238730157684311606e-01,3.065742458694248884e-01,9.251449100440110040e-01,-1.811514344418838718e+01,0.000000000000000000e+00,0.000000000000000000e+00,0.000000000000000000e+00,1.000000000000000056e-01
8.781724987711887476e-01,-3.506887226946099889e-01,3.253159728276333595e-01,7.148066569859108199e+01,4.231854924305308852e-01,8.866210535706017248e-01,-1.865935324754991465e-01,1.877804905832906357e+01,-2.229957430048735423e-01,3.015303088251312658e-01,9.270126058805917557e-01,-1.823965515673939208e+01,0.000000000000000000e+00,0.000000000000000000e+00,0.000000000000000000e+00,1.000000000000000056e-01
8.784288158691860859e-01,-3.482769750501668038e-01,3.272093582105576881e-01,7.197605473753489491e+01,4.225655060666047569e-01,8.858660647007157163e-01,-1.915194728855049711e-01,1.899342759773134759e+01,-2.231618438114674752e-01,3.065036118246781127e-01,9.253401144471654627e-01,-1.836532281087716711e+01,0.000000000000000000e+00,0.000000000000000000e+00,0.000000000000000000e+00,1.000000000000000056e-01
8.795564433504722279e-01,-3.457894246171304697e-01,3.268182014264527924e-01,7.250582290523745144e+01,4.210216098466080803e-01,8.856056821712130489e-01,-1.960698338557746445e-01,1.922265060111746138e+01,-2.216331811864779844e-01,3.100520110062413015e-01,9.245250042417173519e-01,-1.848277783462900459e+01,0.000000000000000000e+00,0.000000000000000000e+00,0.000000000000000000e+00,1.000000000000000056e-01
8.806692096904188416e-01,-3.420262540032569243e-01,3.277800858437754372e-01,7.300813520318583016e+01,4.180406484569048065e-01,8.865711900588449934e-01,-1.980745849304598183e-01,1.942775267810070972e+01,-2.228536724870912589e-01,3.114635878078575448e-01,9.237568262962245758e-01,-1.860441139497785201e+01,0.000000000000000000e+00,0.000000000000000000e+00,0.000000000000000000e+00,1.000000000000000056e-01
8.845733005186650066e-01,-3.369585885403548753e-01,3.224732324060516353e-01,7.346454766117913948e+01,4.117192871213689598e-01,8.889897692387288552e-01,-2.004605168135197291e-01,1.964726045041488689e+01,-2.191285116587691206e-01,3.100904703433555731e-01,9.251089641660863450e-01,-1.870096125360472072e+01,0.000000000000000000e+00,0.000000000000000000e+00,0.000000000000000000e+00,1.000000000000000056e-01
8.896064588626754199e-01,-3.299178003048317542e-01,3.158395057490941960e-01,7.392156675578328873e+01,4.027116113400306396e-01,8.928361955619272816e-01,-2.016603232825435188e-01,1.987174913431635659e+01,-2.154616124550427503e-01,3.065905623735424856e-01,9.271345752487866188e-01,-1.880700165078209807e+01,0.000000000000000000e+00,0.000000000000000000e+00,0.000000000000000000e+00,1.000000000000000056e-01
8.971972758441609797e-01,-3.146588957829430377e-01,3.098819574006778099e-01,7.437828544132196384e+01,3.851840320316625155e-01,9.007852487630542138e-01,-2.005472440067768702e-01,2.005492365249466857e+01,-2.160331217328669007e-01,2.992920228063913890e-01,9.293836535031217982e-01,-1.891856056136115782e+01,0.000000000000000000e+00,0.000000000000000000e+00,0.000000000000000000e+00,1.000000000000000056e-01
9.020555475076635910e-01,-3.021158445521587854e-01,3.082560716047376137e-01,7.485255588886114708e+01,3.731733415057337799e-01,9.047660624175021260e-01,-2.052803680018469301e-01,2.022877670513117820e+01,-2.168811803732501320e-01,3.002072430306513828e-01,9.288908250337286621e-01,-1.901603672901463682e+01,0.000000000000000000e+00,0.000000000000000000e+00,0.000000000000000000e+00,1.000000000000000056e-01
9.086801748414341517e-01,-2.818380302760742917e-01,3.080059488715165550e-01,7.532006879116919151e+01,3.542892617542574007e-01,9.108422850873851839e-01,-2.117674448597183234e-01,2.040290296892363742e+01,-2.208607227547803031e-01,3.015520790624617309e-01,9.275165145469610462e-01,-1.912984150497353042e+01,0.000000000000000000e+00,0.000000000000000000e+00,0.000000000000000000e+00,1.000000000000000056e-01
9.157283472938319013e-01,-2.590995254787871738e-01,3.070977529373579706e-01,7.576925696927011700e+01,3.321646647603761493e-01,9.182079945356966810e-01,-2.157793184143486087e-01,2.059531014932414905e+01,-2.260712928417364653e-01,2.996022607848632946e-01,9.268927963283912774e-01,-1.922114928157263947e+01,0.000000000000000000e+00,0.000000000000000000e+00,0.000000000000000000e+00,1.000000000000000056e-01
9.239890338273609727e-01,-2.324708825369029563e-01,3.036470881455862747e-01,7.620252265882554354e+01,3.059928118251227236e-01,9.256863776118109399e-01,-2.224255592670925374e-01,2.069663498509817146e+01,-2.293745070362768201e-01,2.984326039098900707e-01,9.264584806916215109e-01,-1.934387302555914800e+01,0.000000000000000000e+00,0.000000000000000000e+00,0.000000000000000000e+00,1.000000000000000056e-01
