1.000000000000000000e+00,2.151801195613734968e-13,2.982484975988139412e-13,-1.178464810456157948e-20,-2.151801195613364898e-13,1.000000000000000000e+00,-1.241467292131661029e-13,-3.629996352125660312e-20,-2.982484975988406994e-13,1.241467292131019338e-13,1.000000000000000000e+00,-1.038013626404783198e-19,0.000000000000000000e+00,0.000000000000000000e+00,0.000000000000000000e+00,1.000000000000000056e-01
9.999921170888420585e-01,-2.573353125756053586e-03,-3.023840912758856206e-03,6.404689960414310379e-01,2.562287175453649771e-03,9.999900276860094195e-01,-3.657760648889093417e-03,1.839811693032438605e-02,3.033223467866903028e-03,3.649983866295487041e-03,9.999887385231744918e-01,1.252946810189768851e-04,0.000000000000000000e+00,0.000000000000000000e+00,0.000000000000000000e+00,1.000000000000000056e-01
9.999682931597100310e-01,-6.617148428920020808e-03,-4.430126626398883660e-03,1.293088262205805750e+00,6.603439709827249940e-03,9.999733859240477196e-01,-3.101939327930974648e-03,2.833646066943754441e-02,4.450534715622794443e-03,3.072586901151789021e-03,9.999853758683073801e-01,8.882325998260024932e-03,0.000000000000000000e+00,0.000000000000000000e+00,0.000000000000000000e+00,1.000000000000000056e-01
9.999376940781588008e-01,-1.002161167665045587e-02,-4.916834454905577752e-03,1.980492476633040511e+00,9.999493248780218571e-03,9.999398662994664067e-01,-4.502656968149967159e-03,5.461373208077142244e-02,4.961662667102856826e-03,4.453210573019634327e-03,9.999777751626134359e-01,9.314440711699317754e-03,0.000000000000000000e+00,0.000000000000000000e+00,0.000000000000000000e+00,1.000000000000000056e-01
9.998014276966206149e-01,-1.947560338133006580e-02,-4.219721404566794190e-03,2.698722240079800105e+00,1.947157881935999979e-02,9.998099179701924744e-01,-9.927470566368811530e-04,4.803584712097963560e-02,4.238253659290034878e-03,9.103852866424088025e-04,9.999906041581337890e-01,1.319248200152834880e-02,0.000000000000000000e+00,0.000000000000000000e+00,0.000000000000000000e+00,1.000000000000000056e-01
9.996637731745520172e-01,-2.561041012965852362e-02,-4.055551184294813039e-03,3.415441739403863863e+00,2.560639116768536824e-02,9.996715618074193399e-01,-1.039829256437666601e-03,7.800612788123351127e-02,4.080849640116110399e-03,9.356316079221440761e-04,9.999912355914470918e-01,1.808462257806516330e-02,0.000000000000000000e+00,0.000000000000000000e+00,0.000000000000000000e+00,1.000000000000000056e-01
9.995334595641648390e-01,-3.000493257894491089e-02,-5.706770770326836939e-03,4.138816409739131785e+00,3.000459175403647621e-02,9.995497503114009197e-01,-1.453481672376249849e-04,8.432334006029570950e-02,5.708562460523029791e-03,-2.594897075719091676e-05,9.999837056878903008e-01,2.506139066390061440e-02,0.000000000000000000e+00,0.000000000000000000e+00,0.000000000000000000e+00,1.000000000000000056e-01
9.994527643491201152e-01,-3.258744095571294158e-02,-5.677193572535494358e-03,4.881638823053079612e+00,3.258472270900256845e-02,9.994688140143377364e-01,-5.706651825612937042e-04,1.105149836742425340e-01,5.692774444814069530e-03,3.853631159022796390e-04,9.999837217747044038e-01,3.970559717879689615e-02,0.000000000000000000e+00,0.000000000000000000e+00,0.000000000000000000e+00,1.000000000000000056e-01
9.992979844209912699e-01,-3.714095725895722594e-02,-4.907914631766820482e-03,5.640315455721053084e+00,3.714984644901877381e-02,9.993082042395307063e-01,1.732584306383129708e-03,1.511776658008155416e-01,4.840169517560903925e-03,-1.913696280163132380e-03,9.999864551710631044e-01,3.880885200731525736e-02,0.000000000000000000e+00,0.000000000000000000e+00,0.000000000000000000e+00,1.000000000000000056e-01
9.991602254479836631e-01,-4.093124048420485744e-02,-1.864788234257850784e-03,6.422885135688590985e+00,4.093414998361103591e-02,9.991606446080160131e-01,1.549719849921066001e-03,2.029490134453807437e-01,1.799791058338253086e-03,-1.624751955897131648e-03,9.999970604622936410e-01,4.890091516924616882e-02,0.000000000000000000e+00,0.000000000000000000e+00,0.000000000000000000e+00,1.000000000000000056e-01
9.990317629962808255e-01,-4.398096010187756144e-02,-1.100760219105090731e-03,7.215415363116722602e+00,4.398017887265250059e-02,9.990321413625603553e-01,-7.241483734797157746e-04,2.266550813239839868e-01,1.131543579541130625e-03,6.750355948961875860e-04,9.999991319676598822e-01,6.019635946323581566e-02,0.000000000000000000e+00,0.000000000000000000e+00,0.000000000000000000e+00,1.000000000000000056e-01
9.989377691054577291e-01,-4.607626296456175663e-02,5.580733210611338096e-04,8.018800284300045433e+00,4.607667724801099707e-02,9.989376215189412767e-01,-7.537425707775652481e-04,2.662953759787800023e-01,-5.227507950752535671e-04,7.786560864276131878e-04,9.999995602130559158e-01,6.175582723625736709e-02,0.000000000000000000e+00,0.000000000000000000e+00,0.000000000000000000e+00,1.000000000000000056e-01
9.988850956105890244e-01,-4.719061558978594750e-02,1.269475199196097711e-03,8.858581880617840909e+00,4.719336049502941000e-02,9.988832902156654647e-01,-2.226938057686687813e-03,3.148806803178283431e-01,-1.162966985997628466e-03,2.284366035386387311e-03,9.999967145844059768e-01,7.649214318049461780e-02,0.000000000000000000e+00,0.000000000000000000e+00,0.000000000000000000e+00,1.000000000000000056e-01
9.986776608876823946e-01,-5.137273794160143736e-02,1.942019642211413729e-03,9.666679543486441872e+00,5.138161518643202808e-02,9.986673780508357190e-01,-4.837110491051094252e-03,3.519914437342593350e-01,-1.690936054559155676e-03,4.930498296598775226e-03,9.999864153686321977e-01,8.253529784533769620e-02,0.000000000000000000e+00,0.000000000000000000e+00,0.000000000000000000e+00,1.000000000000000056e-01
9.986435027322472235e-01,-5.203975249258699365e-02,1.737415085243659320e-03,1.047789526073465005e+01,5.204944528067209641e-02,9.986258846813245160e-01,-6.098990934272244084e-03,4.148537988003013766e-01,-1.417637697886068616e-03,6.181149161143058464e-03,9.999798916470297172e-01,9.278648650623029515e-02,0.000000000000000000e+00,0.000000000000000000e+00,0.000000000000000000e+00,1.000000000000000056e-01
9.985293653337016240e-01,-5.420690933055298533e-02,8.470815216469042373e-04,1.126637524379594524e+01,5.421111756025866202e-02,9.985104119831738068e-01,-6.173483138416624091e-03,4.657602193811920532e-01,-5.111742784251365520e-04,6.210325436054582246e-03,9.999805850909483373e-01,1.078324796756965215e-01,0.000000000000000000e+00,0.000000000000000000e+00,0.000000000000000000e+00,1.000000000000000056e-01
9.984333918578790490e-01,-5.590864116941819673e-02,-2.232905228654697913e-03,1.212547093129535725e+01,5.589574916948032712e-02,9.984216264701735177e-01,-5.470011100163755212e-03,5.138670975798574903e-01,2.535201757938967612e-03,5.336631825656642548e-03,9.999825464040880130e-01,1.015363298726968816e-01,0.000000000000000000e+00,0.000000000000000000e+00,0.000000000000000000e+00,1.000000000000000056e-01
9.982079318267608192e-01,-5.973525289756879270e-02,-3.553083084340495374e-03,1.300892631439415226e+01,5.971922708340925839e-02,9.982052620781275420e-01,-4.457429314853665440e-03,5.886025753243864234e-01,3.812971898785286282e-03,4.237253922084102502e-03,9.999837533302723402e-01,1.327235182684513570e-01,0.000000000000000000e+00,0.000000000000000000e+00,0.000000000000000000e+00,1.000000000000000056e-01
9.984464976192451990e-01,-5.559318937816809525e-02,-3.740145267996495496e-03,1.390609328018141433e+01,5.559260505393198715e-02,9.984535014787911944e-01,-2.600924048224156231e-04,6.502457810094043333e-01,3.748820505187548408e-03,5.176393192424600992e-05,9.999929718079598739e-01,1.361578855806556687e-01,0.000000000000000000e+00,0.000000000000000000e+00,0.000000000000000000e+00,1.000000000000000056e-01
9.977806046850302701e-01,-6.642536380048495726e-02,-4.640685116290565147e-03,1.484788895027385891e+01,6.643832847894788618e-02,9.977868868565514804e-01,2.697577808843475752e-03,7.725086794557370906e-01,4.451227167732552982e-03,-2.999910179416238973e-03,9.999855934540340385e-01,1.556436173179265026e-01,0.000000000000000000e+00,0.000000000000000000e+00,0.000000000000000000e+00,1.000000000000000056e-01
9.974619641072028919e-01,-7.111489022252605319e-02,-3.507498829533043771e-03,1.582848821937592376e+01,7.112278263580056048e-02,9.974651880709055618e-01,2.179077055477525535e-03,8.580637951543219621e-01,3.343643154071948651e-03,-2.423009556545756369e-03,9.999914745012314921e-01,1.660065252022964455e-01,0.000000000000000000e+00,0.000000000000000000e+00,0.000000000000000000e+00,1.000000000000000056e-01
9.973753377395094821e-01,-7.239147823508304547e-02,-1.381863936472540241e-03,1.676986619516575061e+01,7.239424837366026377e-02,9.973739405271890845e-01,2.072573202561064139e-03,9.347190257576101224e-01,1.228198441708214933e-03,-2.167172398929795209e-03,9.999968974413776523e-01,1.821412177075236172e-01,0.000000000000000000e+00,0.000000000000000000e+00,0.000000000000000000e+00,1.000000000000000056e-01
9.974025555035487267e-01,-7.202838301045604019e-02,2.330576954515033530e-04,1.768325471988928044e+01,7.202809860906649042e-02,9.974020417529673166e-01,1.058356166267002433e-03,1.026467184519310072e+00,-3.086839045949282324e-04,-1.038820442198064168e-03,9.999994127829955337e-01,1.879443408417896810e-01,0.000000000000000000e+00,0.000000000000000000e+00,0.000000000000000000e+00,1.000000000000000056e-01
9.971074142713263200e-01,-7.599464260117502756e-02,-1.272281835656819456e-03,1.861685217026544947e+01,7.599710512267340845e-02,9.971060039908266059e-01,2.014154517157579986e-03,1.088122025167194584e+00,1.115534904426952224e-03,-2.105018138955985340e-03,9.999971622362293644e-01,1.873007765498297950e-01,0.000000000000000000e+00,0.000000000000000000e+00,0.000000000000000000e+00,1.000000000000000056e-01
9.970614705952892676e-01,-7.656040856683110629e-02,-2.632051374670785985e-03,1.955348491219260154e+01,7.656127106379134739e-02,9.970648522658455137e-01,2.283619590159814596e-04,1.166834460228328485e+00,2.606842430158857592e-03,-4.292041094344903112e-04,9.999965100720985545e-01,1.965373789461131449e-01,0.000000000000000000e+00,0.000000000000000000e+00,0.000000000000000000e+00,1.000000000000000056e-01
9.968643997258368472e-01,-7.905876937249542435e-02,-3.328594981912286112e-03,2.048080388396086349e+01,7.904899588879693573e-02,9.968663011801797147e-01,-2.972174342165997529e-03,1.237314560934743568e+00,3.553140613597957371e-03,2.699732700443186351e-03,9.999900432679947881e-01,2.116806985968407717e-01,0.000000000000000000e+00,0.000000000000000000e+00,0.000000000000000000e+00,1.000000000000000056e-01
9.969236353247979965e-01,-7.837692112136174227e-02,-5.688289065791626072e-04,2.139953345227135983e+01,7.836853040285571281e-02,9.968829399437227901e-01,-9.098213651961927981e-03,1.312804269363120335e+00,1.280145806460725568e-03,9.025645943416321301e-03,9.999584486077500722e-01,2.278927428201151517e-01,0.000000000000000000e+00,0.000000000000000000e+00,0.000000000000000000e+00,1.000000000000000056e-01
9.970966384688102480e-01,-7.610657477170773566e-02,2.466339538104489904e-03,2.235718782852051945e+01,7.612377302966741310e-02,9.970674444100889877e-01,-7.853819278656585384e-03,1.398651969772800152e+00,-1.861379576130845750e-03,8.018763873102779244e-03,9.999661167719738897e-01,2.535864508406901474e-01,0.000000000000000000e+00,0.000000000000000000e+00,0.000000000000000000e+00,1.000000000000000056e-01
9.973073651037713816e-01,-7.327012914665380350e-02,3.083453357107782036e-03,2.330480102061195069e+01,7.328745547553232320e-02,9.972931599404959435e-01,-5.941549109629293453e-03,1.482165533600491303e+00,-2.639768871445426473e-03,6.151529137778967253e-03,9.999775949037920109e-01,2.629774535751352449e-01,0.000000000000000000e+00,0.000000000000000000e+00,0.000000000000000000e+00,1.000000000000000056e-01
9.973952318231810166e-01,-7.209455601882665265e-02,2.264183921682442948e-03,2.422487301232135337e+01,7.210943128842116356e-02,9.973694760441729201e-01,-7.372799646842873728e-03,1.554317787707163667e+00,-1.726689214481159831e-03,7.516864227873624321e-03,9.999702572059512296e-01,2.753478307538460013e-01,0.000000000000000000e+00,0.000000000000000000e+00,0.000000000000000000e+00,1.000000000000000056e-01
9.974332540279429171e-01,-7.158869241529676464e-02,1.401027300621701579e-03,2.517195142252247919e+01,7.159772448023581093e-02,9.974007880277665494e-01,-8.089121759651565075e-03,1.624425305691499899e+00,-8.182960841269198808e-04,8.168669405616699880e-03,9.999663010480205338e-01,2.793432521861784479e-01,0.000000000000000000e+00,0.000000000000000000e+00,0.000000000000000000e+00,1.000000000000000056e-01
9.972735132316834505e-01,-7.378908095475604501e-02,-8.434087903518935501e-04,2.615309297585992354e+01,7.377688777078093840e-02,9.972238782590352457e-01,-1.007509110958140254e-02,1.746251553147718738e+00,1.584499098383921733e-03,9.985397431310863783e-03,9.999488892942208773e-01,2.882730249403722689e-01,0.000000000000000000e+00,0.000000000000000000e+00,0.000000000000000000e+00,1.000000000000000056e-01
9.976656660100371443e-01,-6.827460708901959829e-02,-1.340481849526032557e-03,2.712440023604289863e+01,6.825809586885588087e-02,9.976186403486317911e-01,-9.893471448651176142e-03,1.827878125148528543e+00,2.012762556039272323e-03,9.778878043374454598e-03,9.999501599235363081e-01,2.973077818038115661e-01,0.000000000000000000e+00,0.000000000000000000e+00,0.000000000000000000e+00,1.000000000000000056e-01
9.977758447833684485e-01,-6.665806465447950135e-02,-2.568722535220029275e-04,2.808143350171805253e+01,6.664973993520810491e-02,9.976991051040845493e-01,-1.242207072423778466e-02,1.878898019669542174e+00,1.084312410943731120e-03,1.237732164194129195e-02,9.999228101086440335e-01,3.124727920532934244e-01,0.000000000000000000e+00,0.000000000000000000e+00,0.000000000000000000e+00,1.000000000000000056e-01
9.978525249551981613e-01,-6.544941257993204531e-02,2.590913637612513813e-03,2.909467526821407546e+01,6.547809482509171775e-02,9.977664034463380460e-01,-1.322207441499547408e-02,1.927849412258122896e+00,-1.719749578291104256e-03,1.336332842899597313e-02,9.999092278375506515e-01,3.185131564594383957e-01,0.000000000000000000e+00,0.000000000000000000e+00,0.000000000000000000e+00,1.000000000000000056e-01
9.981092800206355919e-01,-6.115070430844243843e-02,6.201330443529814995e-03,3.005093529503669814e+01,6.124711767875773427e-02,9.979816323559201896e-01,-1.677653290335311825e-02,1.988571269747761994e+00,-5.162917075918545262e-03,1.712462679284802031e-02,9.998400329275043408e-01,3.305500019067817985e-01,0.000000000000000000e+00,0.000000000000000000e+00,0.000000000000000000e+00,1.000000000000000056e-01
9.982287328897643253e-01,-5.913671221360215779e-02,6.499700136250410876e-03,3.096591836606234338e+01,5.928511226470604967e-02,9.979105642492822614e-01,-2.568620687140089898e-02,2.046188732139854860e+00,-4.967121606803698991e-03,2.602604519024740576e-02,9.996489247104197728e-01,3.557873713578494912e-01,0.000000000000000000e+00,0.000000000000000000e+00,0.000000000000000000e+00,1.000000000000000056e-01
9.984050811661575597e-01,-5.636003396063739290e-02,3.292487441769387756e-03,3.190059482899675913e+01,5.642646396640323136e-02,9.980723047344555177e-01,-2.584044671247493624e-02,2.092190373882756305e+00,-1.829772075042896502e-03,2.598501672133114032e-02,9.996606578435232038e-01,3.553772611857435315e-01,0.000000000000000000e+00,0.000000000000000000e+00,0.000000000000000000e+00,1.000000000000000056e-01
9.983495253980042561e-01,-5.741693175189632736e-02,1.233323063037160706e-03,3.287664795142705998e+01,5.742874159958678837e-02,9.979425649953826971e-01,-2.850572940172139275e-02,2.159824717474826627e+00,4.059259386013949712e-04,2.852950961082845877e-02,9.995928682746281213e-01,3.625322967141089703e-01,0.000000000000000000e+00,0.000000000000000000e+00,0.000000000000000000e+00,1.000000000000000056e-01
9.983223251016518640e-01,-5.789902261765503266e-02,-4.882453809546204952e-04,3.384863771490038431e+01,5.786424174157681066e-02,9.979524267272830151e-01,-2.725222040126453610e-02,2.231257112613987736e+00,2.065122588156185178e-03,2.717824808642031742e-02,9.996284700325660522e-01,3.666384948907706609e-01,0.000000000000000000e+00,0.000000000000000000e+00,0.000000000000000000e+00,1.000000000000000056e-01
9.982126595960550963e-01,-5.968237246169679627e-02,3.082310742544944800e-03,3.484049830478907239e+01,5.974714664785190504e-02,9.977842386137255604e-01,-2.927271154963178093e-02,2.285432607115615244e+00,-1.328416203752177688e-03,2.940455052149517842e-02,9.995667099893925656e-01,3.821073140124707779e-01,0.000000000000000000e+00,0.000000000000000000e+00,0.000000000000000000e+00,1.000000000000000056e-01
9.980586376623681311e-01,-6.226394495497070136e-02,1.468654548269122820e-03,3.581885534342983135e+01,6.228001518146156212e-02,9.976118058471558081e-01,-2.986443609669740470e-02,2.352613635745702148e+00,3.943304891716084126e-04,2.989792623278718711e-02,9.995528792967603993e-01,3.915801119149365794e-01,0.000000000000000000e+00,0.000000000000000000e+00,0.000000000000000000e+00,1.000000000000000056e-01
9.978610318196725615e-01,-6.533725450528563017e-02,2.098654209253827084e-03,3.680865194818772324e+01,6.537056213843003838e-02,9.974514179792406399e-01,-2.858948017904127184e-02,2.405796241449644768e+00,-2.253474742364930481e-04,2.866551839603930299e-02,9.995890341903527210e-01,4.095137929493273821e-01,0.000000000000000000e+00,0.000000000000000000e+00,0.000000000000000000e+00,1.000000000000000056e-01
9.979510563382354427e-01,-6.387178174672679398e-02,3.752952157770822819e-03,3.780234753194194752e+01,6.395002324411840078e-02,9.975884013727118749e-01,-2.697732332374242273e-02,2.477692426537352777e+00,-2.020811836053906622e-03,2.716204968583037574e-02,9.996290008680158712e-01,4.249775986656258997e-01,0.000000000000000000e+00,0.000000000000000000e+00,0.000000000000000000e+00,1.000000000000000056e-01
9.978925046444058200e-01,-6.452525529245348168e-02,6.858615309092132295e-03,3.880918950110415722e+01,6.468310688354841909e-02,9.975661182672088678e-01,-2.603719203724777151e-02,2.534468208652704835e+00,-5.161865787277042025e-03,2.642595532306770897e-02,9.996374462908326208e-01,4.433386800574627973e-01,0.000000000000000000e+00,0.000000000000000000e+00,0.000000000000000000e+00,1.000000000000000056e-01
9.981063944907412333e-01,-6.069410759878814815e-02,9.992526181081961764e-03,3.981587884798400978e+01,6.091655401583958435e-02,9.978612641740800537e-01,-2.370803466637468049e-02,2.606426587807358697e+00,-8.532216800350293437e-03,2.427185126218130845e-02,9.996689844707489225e-01,4.510666716187132774e-01,0.000000000000000000e+00,0.000000000000000000e+00,0.000000000000000000e+00,1.000000000000000056e-01
9.980611188066997874e-01,-6.190264470250608775e-02,6.485807980044577294e-03,4.080757624275967999e+01,6.204341989283805592e-02,9.977753948180061450e-01,-2.439007059795029325e-02,2.662957517555267994e+00,-4.961569743508796072e-03,2.474518285661488765e-02,9.996814786476104775e-01,4.857761101027310291e-01,0.000000000000000000e+00,0.000000000000000000e+00,0.000000000000000000e+00,1.000000000000000056e-01
9.979438809784205722e-01,-6.385411279844552257e-02,5.537390762018892972e-03,4.180321061624475476e+01,6.395889718280931002e-02,9.977221853348265945e-01,-2.144062410138088820e-02,2.719473558864266227e+00,-4.155705582295725516e-03,2.175070503274050687e-02,9.997547884064832413e-01,5.148450715160306501e-01,0.000000000000000000e+00,0.000000000000000000e+00,0.000000000000000000e+00,1.000000000000000056e-01
9.978658403094398111e-01,-6.520083057835600326e-02,3.551962194053384994e-03,4.280561862880036728e+01,6.526010436154781880e-02,9.976585854932514819e-01,-2.045643102607596145e-02,2.775759723960270264e+00,-2.209869284675802618e-03,2.064457515903958193e-02,9.997844357631535672e-01,5.350048611732293180e-01,0.000000000000000000e+00,0.000000000000000000e+00,0.000000000000000000e+00,1.000000000000000056e-01
9.978609121405648263e-01,-6.517146033737558630e-02,5.126478274002466834e-03,4.386147998340518939e+01,6.526763597311907583e-02,9.976338320526835224e-01,-2.160724041515878560e-02,2.861968661237437317e+00,-3.706172753711248560e-03,2.189561374732252111e-02,9.997533927835142720e-01,5.652754040748961817e-01,0.000000000000000000e+00,0.000000000000000000e+00,0.000000000000000000e+00,1.000000000000000056e-01
9.979858308465298089e-01,-6.322593770173746963e-02,5.173222525431685898e-03,4.484474692199064805e+01,6.331423000319778838e-02,9.978090646533778196e-01,-1.919319605103216378e-02,2.926887911140147569e+00,-3.948380511524983427e-03,1.948207630842257662e-02,9.998024099761156913e-01,5.787246961539457279e-01,0.000000000000000000e+00,0.000000000000000000e+00,0.000000000000000000e+00,1.000000000000000056e-01
9.978136167824676050e-01,-6.540264635094829304e-02,9.512098285003836584e-03,4.582051419890186850e+01,6.558038404078182781e-02,9.976516564810947729e-01,-1.975817677801271210e-02,3.020690620142123084e+00,-8.197523562293175525e-03,2.033878489046044014e-02,9.997595383073998310e-01,5.865802057265876446e-01,0.000000000000000000e+00,0.000000000000000000e+00,0.000000000000000000e+00,1.000000000000000056e-01
9.977642120444804030e-01,-6.623419406325337100e-02,8.922370763896332255e-03,4.675642110112877958e+01,6.639279908858833346e-02,9.976157058077347317e-01,-1.883878326531723130e-02,3.094636919320996160e+00,-7.653325580392144820e-03,1.938904491011725351e-02,9.997827221676888199e-01,6.014239071678806337e-01,0.000000000000000000e+00,0.000000000000000000e+00,0.000000000000000000e+00,1.000000000000000056e-01
9.978323904547241607e-01,-6.575204444266459503e-02,2.681270411737743647e-03,4.772651172657809582e+01,6.579043989300932538e-02,9.976630197293508973e-01,-1.844226350524903399e-02,3.129816657735661423e+00,-1.462387806064771676e-03,1.857868983869890092e-02,9.998263317725644139e-01,6.022689974875885532e-01,0.000000000000000000e+00,0.000000000000000000e+00,0.000000000000000000e+00,1.000000000000000056e-01
9.977810788527063934e-01,-6.642774162363523915e-02,4.502646589833380827e-03,4.869081086264334601e+01,6.650548623569052520e-02,9.975823863870040276e-01,-2.015943131550797587e-02,3.196835718245715441e+00,-3.152615435437304808e-03,2.041414982784892432e-02,9.997866389899008333e-01,6.205997852546536464e-01,0.000000000000000000e+00,0.000000000000000000e+00,0.000000000000000000e+00,1.000000000000000056e-01
9.980295495135216299e-01,-6.260811746672284572e-02,4.152339715154862096e-03,4.968342829264251748e+01,6.268151742596592135e-02,9.978152996146096854e-01,-2.087235559741771468e-02,3.264551271892137674e+00,-2.836489205928553053e-03,2.109150260839084273e-02,9.997735257780658857e-01,6.291205390001028963e-01,0.000000000000000000e+00,0.000000000000000000e+00,0.000000000000000000e+00,1.000000000000000056e-01
9.981461771309475539e-01,-6.066045570905774509e-02,4.951584801301408233e-03,5.069575239043353321e+01,6.074489123820193959e-02,9.979687592455502854e-01,-1.919410738627806701e-02,3.358351253151238947e+00,-3.777203639473672610e-03,1.945930839126612522e-02,9.998035147215674767e-01,6.570822993028854198e-01,0.000000000000000000e+00,0.000000000000000000e+00,0.000000000000000000e+00,1.000000000000000056e-01
9.982386697247168650e-01,-5.915827181910542076e-02,4.456135276720908298e-03,5.163353260270607592e+01,5.923134970458784898e-02,9.980710657887896797e-01,-1.859555988407610508e-02,3.431674644974509469e+00,-3.347458498685233937e-03,1.882674986837284611e-02,9.998171572897682768e-01,6.712221395149188252e-01,0.000000000000000000e+00,0.000000000000000000e+00,0.000000000000000000e+00,1.000000000000000056e-01
9.983930733271971780e-01,-5.659712889593985358e-02,2.834807402686689501e-03,5.256503074720728819e+01,5.664125133447258514e-02,9.982101075736288243e-01,-1.919244083250984736e-02,3.518180350963530323e+00,-1.743496354761141232e-03,1.932216702600029687e-02,9.998117893293118064e-01,7.003067160150130421e-01,0.000000000000000000e+00,0.000000000000000000e+00,0.000000000000000000e+00,1.000000000000000056e-01
9.982362532065973681e-01,-5.927872962120340344e-02,3.227227688027902493e-03,5.352229360707153916e+01,5.933614940022548939e-02,9.979888080476293499e-01,-2.230606164310634451e-02,3.589657221431385103e+00,-1.898462116617676086e-03,2.245821066265523899e-02,9.997459800446428790e-01,7.204279746846180554e-01,0.000000000000000000e+00,0.000000000000000000e+00,0.000000000000000000e+00,1.000000000000000056e-01
9.983860379485512970e-01,-5.661650625479448112e-02,4.459870950463320355e-03,5.446928141669545198e+01,5.671324626831233257e-02,9.980558633494610588e-01,-2.584765620847590331e-02,3.641099484857884594e+00,-2.987796362492897272e-03,2.605887283177504496e-02,9.996559449228687999e-01,7.458743236139782073e-01,0.000000000000000000e+00,0.000000000000000000e+00,0.000000000000000000e+00,1.000000000000000056e-01
9.982411178685384190e-01,-5.872485224118238756e-02,8.127873388663832757e-03,5.541219607356782717e+01,5.894509620161549057e-02,9.978040859253861639e-01,-3.020731276341734675e-02,3.686527661702180936e+00,-6.336105298458120060e-03,3.063327993956764181e-02,9.995106082127347413e-01,7.515674778939214207e-01,0.000000000000000000e+00,0.000000000000000000e+00,0.000000000000000000e+00,1.000000000000000056e-01
9.979495518134818832e-01,-6.280804995295852233e-02,1.232237381259161657e-02,5.637101655224572738e+01,6.311906191176094860e-02,9.976481347719630133e-01,-2.672420643166987034e-02,3.738887271943905688e+00,-1.061489795758141161e-02,2.744718650663275153e-02,9.995668941567743548e-01,7.749065844812921267e-01,0.000000000000000000e+00,0.000000000000000000e+00,0.000000000000000000e+00,1.000000000000000056e-01
9.977273087149901576e-01,-6.611861060385033906e-02,1.298255661105114471e-02,5.733679522550747976e+01,6.642198267162342795e-02,9.974902495264539315e-01,-2.452187426815692628e-02,3.833787674886181218e+00,-1.132862137743587301e-02,2.532847076846819062e-02,9.996149913372736062e-01,7.796294364119864539e-01,0.000000000000000000e+00,0.000000000000000000e+00,0.000000000000000000e+00,1.000000000000000056e-01
9.977585571098365191e-01,-6.650564165364143687e-02,7.406844289884013596e-03,5.821187033698464575e+01,6.668653108014534203e-02,9.973900727757986084e-01,-2.767578907247108047e-02,3.897841282529941775e+00,-5.546916854790898480e-03,2.810769212376807227e-02,9.995895104275962506e-01,7.925233519717653774e-01,0.000000000000000000e+00,0.000000000000000000e+00,0.000000000000000000e+00,1.000000000000000056e-01
9.975813215524866884e-01,-6.945727718373032045e-02,2.682076773064693675e-03,5.909958347716521843e+01,6.950352878957857805e-02,9.972453126277986968e-01,-2.590455418802219828e-02,3.958219336053379056e+00,-8.754286894882386738e-04,2.602831320132775045e-02,9.996608227476473374e-01,7.975780906165426121e-01,0.000000000000000000e+00,0.000000000000000000e+00,0.000000000000000000e+00,1.000000000000000056e-01
9.976870868714640128e-01,-6.783674158916444541e-02,-4.318932796049783536e-03,6.006971079615667719e+01,6.770700823982786498e-02,9.973859590939820885e-01,-2.523904985116149843e-02,4.029527114655676812e+00,6.019777831759848090e-03,2.488825210299956334e-02,9.996721148367166965e-01,8.197694727979933926e-01,0.000000000000000000e+00,0.000000000000000000e+00,0.000000000000000000e+00,1.000000000000000056e-01
9.979339851872379707e-01,-6.412238929065738891e-02,-4.010037403191580099e-03,6.096008950116500102e+01,6.401456404930452870e-02,9.976866750845782006e-01,-2.287867890103897212e-02,4.117001045950731353e+00,5.467796438703374437e-03,2.257471041534628298e-02,9.997302064315992665e-01,8.366344218551832190e-01,0.000000000000000000e+00,0.000000000000000000e+00,0.000000000000000000e+00,1.000000000000000056e-01
9.977901719972144257e-01,-6.642650714659512068e-02,-1.513873862811388957e-03,6.184874838383011308e+01,6.638233696767828484e-02,9.975884908213464852e-01,-2.026297903808732884e-02,4.180859727060902031e+00,2.856222063980710761e-03,2.011770685470140249e-02,9.997935386200640373e-01,8.565849663792813873e-01,0.000000000000000000e+00,0.000000000000000000e+00,0.000000000000000000e+00,1.000000000000000056e-01
9.978201218911236792e-01,-6.597725971526982591e-02,-1.416174299602345399e-03,6.272016395809373535e+01,6.594207136979673978e-02,9.976670930360651557e-01,-1.766393773844999668e-02,4.243884642946516905e+00,2.578288704480728721e-03,1.753204704052094623e-02,9.998429775489375837e-01,8.812525822960763922e-01,0.000000000000000000e+00,0.000000000000000000e+00,0.000000000000000000e+00,1.000000000000000056e-01
9.977495591677941755e-01,-6.704576730356150149e-02,-8.259946423360604601e-04,6.352591242404350425e+01,6.702396073749201932e-02,9.976225548551302946e-01,-1.603205324908913224e-02,4.306327480556561227e+00,1.898912196920687434e-03,1.594061262935597342e-02,9.998711371979237539e-01,9.017800455471829402e-01,0.000000000000000000e+00,0.000000000000000000e+00,0.000000000000000000e+00,1.000000000000000056e-01
9.975007284964689802e-01,-7.065595786925722710e-02,-1.796290382957472674e-04,6.434717958964537843e+01,7.064509151818708366e-02,9.973859255474860630e-01,-1.518507702224926488e-02,4.364490469662031913e+00,1.252075636941278429e-03,1.513443548211890720e-02,9.998846839357211636e-01,9.236634156844154564e-01,0.000000000000000000e+00,0.000000000000000000e+00,0.000000000000000000e+00,1.000000000000000056e-01
9.974724095824322179e-01,-7.105262186415381431e-02,5.630701965498493547e-04,6.513842347320588999e+01,7.105235162862344467e-02,9.973394868236231670e-01,-1.629451903047353725e-02,4.423690670311706263e+00,5.961961582577908871e-04,1.629334062191009277e-02,9.998670769664932401e-01,9.360647866064960576e-01,0.000000000000000000e+00,0.000000000000000000e+00,0.000000000000000000e+00,1.000000000000000056e-01
9.971907046185797263e-01,-7.486546199227077369e-02,2.420996279268514476e-03,6.594612455190871003e+01,7.489614458851000245e-02,9.970427801008975299e-01,-1.721226813788153537e-02,4.487839565912092432e+00,-1.125232454818464673e-03,1.734523707987836033e-02,9.998489268897403637e-01,9.565226639296959821e-01,0.000000000000000000e+00,0.000000000000000000e+00,0.000000000000000000e+00,1.000000000000000056e-01
9.970275905567456132e-01,-7.703712546696406260e-02,1.124708138879835020e-03,6.668026986312420945e+01,7.704522463138149813e-02,9.968951945636085332e-01,-1.624821274740575333e-02,4.561403816475513295e+00,1.304994650999341099e-04,1.628656979760409462e-02,9.998673565099109872e-01,9.764958239458724210e-01,0.000000000000000000e+00,0.000000000000000000e+00,0.000000000000000000e+00,1.000000000000000056e-01
9.969597656015074527e-01,-7.769488701148340171e-02,5.893242236668901415e-03,6.745196708477621428e+01,7.779464414325319710e-02,9.967848559408282183e-01,-1.918187450816223605e-02,4.633223150499871323e+00,-4.383961041322296734e-03,1.958201979610660337e-02,9.997986424207091494e-01,9.834408656536621773e-01,0.000000000000000000e+00,0.000000000000000000e+00,0.000000000000000000e+00,1.000000000000000056e-01
9.967016196663971428e-01,-8.070829895667201714e-02,8.488335166630677636e-03,6.817886692787034519e+01,8.083747012526466824e-02,9.965961170630045496e-01,-1.617043223568776986e-02,4.688466532813904131e+00,-7.154353788256990511e-03,1.680327154046145841e-02,9.998332187357099610e-01,1.006095179005276563e+00,0.000000000000000000e+00,0.000000000000000000e+00,0.000000000000000000e+00,1.000000000000000056e-01
9.965497334270178031e-01,-8.231591873599126974e-02,1.061688886583428242e-02,6.886559849077966078e+01,8.247331806930353892e-02,9.964749951902046599e-01,-1.535368904599545246e-02,4.762817688851026965e+00,-9.315611261709313626e-03,1.617632477824649043e-02,9.998257577715675692e-01,1.023032304872426579e+00,0.000000000000000000e+00,0.000000000000000000e+00,0.000000000000000000e+00,1.000000000000000056e-01
9.965441366105888266e-01,-8.284431916540339891e-02,6.050005708835123203e-03,6.951719383307624867e+01,8.290372357940130332e-02,9.965039691532568966e-01,-1.033499291122425522e-02,4.815986784334537418e+00,-5.172659250944419349e-03,1.080084458853159714e-02,9.999282901050694505e-01,1.045987208645467570e+00,0.000000000000000000e+00,0.000000000000000000e+00,0.000000000000000000e+00,1.000000000000000056e-01
9.966992314242001383e-01,-8.117946462714897837e-02,7.325307216638169295e-04,7.019256635671298739e+01,8.118272379425428564e-02,9.966485091043538747e-01,-1.005557842266862137e-02,4.883605905007563308e+00,8.623082124917046771e-05,1.008185612464722672e-02,9.999491730789757948e-01,1.055170623638213900e+00,0.000000000000000000e+00,0.000000000000000000e+00,0.000000000000000000e+00,1.000000000000000056e-01
9.965100798443227159e-01,-8.335790797156542031e-02,-4.372636191771071303e-03,7.092488709604786834e+01,8.331283997012364773e-02,9.964768411274844695e-01,-9.637208760972987287e-03,4.945429445163351367e+00,5.160568260775701306e-03,9.239278932581005549e-03,9.999440005620473526e-01,1.083051203638830007e+00,0.000000000000000000e+00,0.000000000000000000e+00,0.000000000000000000e+00,1.000000000000000056e-01
9.965047259509368649e-01,-8.344457346559294719e-02,-3.915905590473003732e-03,7.162144675183834863e+01,8.340262223511799022e-02,9.964670291738469965e-01,-9.872303366175066638e-03,5.000633210295017506e+00,4.725860953777308131e-03,9.511200165744188376e-03,9.999436000643500133e-01,1.085741074098278691e+00,0.000000000000000000e+00,0.000000000000000000e+00,0.000000000000000000e+00,1.000000000000000056e-01
9.964655268833989554e-01,-8.399972870281628701e-02,-7.066193057898894139e-04,7.229403997224581246e+01,8.398727609866758759e-02,9.964084999813141996e-01,-1.078140150970569554e-02,5.066121795034621123e+00,1.609716284391353534e-03,1.068394790517833599e-02,9.999416293317541227e-01,1.100308816871744755e+00,0.000000000000000000e+00,0.000000000000000000e+00,0.000000000000000000e+00,1.000000000000000056e-01
9.954978968738599221e-01,-9.475679163011253847e-02,2.255606279746280671e-03,7.289336065636756246e+01,9.477440595686491276e-02,9.954511461477075773e-01,-9.737946844111496775e-03,5.154620469201058874e+00,-1.322609256418816716e-03,9.907879348417962528e-03,9.999500410678385798e-01,1.108621027028209527e+00,0.000000000000000000e+00,0.000000000000000000e+00,0.000000000000000000e+00,1.000000000000000056e-01
9.956700953987213110e-01,-9.294259063130801135e-02,-1.654078426917171118e-03,7.345487867508106206e+01,9.291781125807520303e-02,9.956081280970530134e-01,-1.143396773175205799e-02,5.215129449065806000e+00,2.709516508532539784e-03,1.123076639518112707e-02,9.999332619762515417e-01,1.121236700542976861e+00,0.000000000000000000e+00,0.000000000000000000e+00,0.000000000000000000e+00,1.000000000000000056e-01
9.956277312367621812e-01,-9.327398869015528227e-02,-5.038236414308709492e-03,7.407907407246585763e+01,9.317529458034924661e-02,9.955016682243400528e-01,-1.716953821222792428e-02,5.268645867260580928e+00,6.617044068375473563e-03,1.662502921455472418e-02,9.998398987495009660e-01,1.159852478790647679e+00,0.000000000000000000e+00,0.000000000000000000e+00,0.000000000000000000e+00,1.000000000000000056e-01
9.957894512726785941e-01,-9.130606589988170263e-02,-8.159109261685058498e-03,7.470874906881587663e+01,9.112857631283237392e-02,9.956387669479092040e-01,-1.997569347089799344e-02,5.317440545062884993e+00,9.947427469147026788e-03,1.914805682917853843e-02,9.997671731990467325e-01,1.173034923929958451e+00,0.000000000000000000e+00,0.000000000000000000e+00,0.000000000000000000e+00,1.000000000000000056e-01
9.960399415294821646e-01,-8.826906981631761628e-02,-1.063043704217896644e-02,7.529014955196760184e+01,8.803983258529825273e-02,9.959083285639669381e-01,-2.038599949176622683e-02,5.363416080059304925e+00,1.238639399899506451e-02,1.936936784429689473e-02,9.997356674806665566e-01,1.189131882332167045e+00,0.000000000000000000e+00,0.000000000000000000e+00,0.000000000000000000e+00,1.000000000000000056e-01
9.963358863628767326e-01,-8.501972374342520178e-02,-9.297748119438557779e-03,7.584789294938309467e+01,8.481154455971026684e-02,9.961784492673319003e-01,-2.086861578376009163e-02,5.438044709188973869e+00,1.103646025214351928e-02,2.000359442514220570e-02,9.997389923150828972e-01,1.193892529649161593e+00,0.000000000000000000e+00,0.000000000000000000e+00,0.000000000000000000e+00,1.000000000000000056e-01
9.969305505598403672e-01,-7.819967676076791663e-02,-3.779935841393045840e-03,7.639248009785957549e+01,7.810409802165660387e-02,9.967249583749682174e-01,-2.095488545999189475e-02,5.466932101500778352e+00,5.406221663702815913e-03,2.059533701907637418e-02,9.997732767284758237e-01,1.215035866583780377e+00,0.000000000000000000e+00,0.000000000000000000e+00,0.000000000000000000e+00,1.000000000000000056e-01
9.976069090792739624e-01,-6.912794728803986488e-02,1.334863678149957782e-03,7.698271878839607041e+01,6.913840854623895527e-02,9.972242560226431962e-01,-2.763446514371361781e-02,5.480768179091542791e+00,5.791554114530689159e-04,2.766062370641254528e-02,9.996172039711910262e-01,1.229503297940669260e+00,0.000000000000000000e+00,0.000000000000000000e+00,0.000000000000000000e+00,1.000000000000000056e-01
9.983335844872712750e-01,-5.770175053221047318e-02,7.497134885297872036e-04,7.753794412846862372e+01,5.769890515684134719e-02,9.979034137720966813e-01,-2.931915970312709563e-02,5.517868324625591292e+00,9.436251894490154139e-04,2.931355944804711622e-02,9.995698198745236462e-01,1.234895174577046006e+00,0.000000000000000000e+00,0.000000000000000000e+00,0.000000000000000000e+00,1.000000000000000056e-01
9.989517961539003954e-01,-4.577377785990095066e-02,2.649930728199856528e-04,7.805526306059556418e+01,4.576641752428215609e-02,9.986486074512321842e-01,-2.462506574017276142e-02,5.550634094508413163e+00,8.625473258202235238e-04,2.461138143516517982e-02,9.996967219691997864e-01,1.248071714163780488e+00,0.000000000000000000e+00,0.000000000000000000e+00,0.000000000000000000e+00,1.000000000000000056e-01
9.995775262888279000e-01,-2.905764044234680071e-02,6.499771001855698428e-04,7.857499311245105389e+01,2.906489257875123633e-02,9.993507942172473735e-01,-2.128901399178947940e-02,5.574020470052365894e+00,-3.094661734796377676e-05,2.129891145763671695e-02,9.997731519765004071e-01,1.261435401423090408e+00,0.000000000000000000e+00,0.000000000000000000e+00,0.000000000000000000e+00,1.000000000000000056e-01
9.998686458831121948e-01,-1.615171467362399790e-02,-1.346511408610006396e-03,7.905581378619352506e+01,1.612876669436878393e-02,9.997482753961660640e-01,-1.559643315986960349e-02,5.599092353752805451e+00,1.598081596883578048e-03,1.557266693580451264e-02,9.998774615820261724e-01,1.249769698456908884e+00,0.000000000000000000e+00,0.000000000000000000e+00,0.000000000000000000e+00,1.000000000000000056e-01
9.999411180288804157e-01,1.083738866681931839e-02,5.581057578176191331e-04,7.955270483448141761e+01,-1.082675602401079670e-02,9.998063472067607593e-01,-1.643318103930931431e-02,5.606978834992284000e+00,-7.360904490338957950e-04,1.642617094634247002e-02,9.998648104013323490e-01,1.269913412999848168e+00,0.000000000000000000e+00,0.000000000000000000e+00,0.000000000000000000e+00,1.000000000000000056e-01
9.993729777627625710e-01,3.512221859378626687e-02,4.481191653913701653e-03,8.006716158917127757e+01,-3.505139790308564596e-02,9.992728014287824978e-01,-1.500892500189756826e-02,5.599643136631319962e+00,-5.005079682520013548e-03,1.484244204042303381e-02,9.998773180203901489e-01,1.290777398116527808e+00,0.000000000000000000e+00,0.000000000000000000e+00,0.000000000000000000e+00,1.000000000000000056e-01
9.979990557760867187e-01,6.304903054375685101e-02,4.764915270150575297e-03,8.054222230376134917e+01,-6.297041561350416594e-02,9.979002682447577488e-01,-1.515854196494551172e-02,5.565289483287710226e+00,-5.710641601593471894e-03,1.482816187303329265e-02,9.998737491243407938e-01,1.298461157199179539e+00,0.000000000000000000e+00,0.000000000000000000e+00,0.000000000000000000e+00,1.000000000000000056e-01
9.952550855612443126e-01,9.714516704250839019e-02,5.489187987627260762e-03,8.101267848581714759e+01,-9.705632251053400439e-02,9.951713959793514475e-01,-1.462747022694617718e-02,5.493016832865148302e+00,-6.883670911046113269e-03,1.402530373261576951e-02,9.998779455163496754e-01,1.307108207929920773e+00,0.000000000000000000e+00,0.000000000000000000e+00,0.000000000000000000e+00,1.000000000000000056e-01
