9.999999999999998890e-01,-4.658762098730540799e-09,1.158337677185695932e-08,7.799528612730200461e-15,4.658762117603771588e-09,1.000000000000000000e+00,-1.629337552709530728e-09,5.975713836414324584e-15,-1.158337676426626364e-08,1.629337606673727655e-09,9.999999999999998890e-01,-2.228102994308830988e-14,0.000000000000000000e+00,0.000000000000000000e+00,0.000000000000000000e+00,1.000000000000000056e-01
9.998558834166041409e-01,-1.242816765027280300e-02,1.156516519807708997e-02,6.526665073645951942e-01,1.246113320179382568e-02,9.999184849530943220e-01,-2.782733985767353938e-03,4.266671568020927695e-03,-1.152963817859226948e-02,2.926448011686814607e-03,9.999292491699128815e-01,2.867545934883048136e-03,0.000000000000000000e+00,0.000000000000000000e+00,0.000000000000000000e+00,1.000000000000000056e-01
9.995370171088141520e-01,-1.907834133484523007e-02,2.370165228682022743e-02,1.337247207722877418e+00,1.916244803112027509e-02,9.998108496110835741e-01,-3.326497469993046525e-03,-1.503713206575701261e-03,-2.363370505589018969e-02,3.779139038774742033e-03,9.997135420176406218e-01,-1.308365150630841182e-02,0.000000000000000000e+00,0.000000000000000000e+00,0.000000000000000000e+00,1.000000000000000056e-01
9.990731360518756432e-01,-2.693534171559928622e-02,3.357612524003211751e-02,2.069070258546888308e+00,2.715706722022907457e-02,9.996121672604211250e-01,-6.165124890850138574e-03,2.035091100278841811e-02,-3.339704357374144450e-02,7.071239748991506834e-03,9.994171476660513864e-01,-3.742425737979644673e-02,0.000000000000000000e+00,0.000000000000000000e+00,0.000000000000000000e+00,1.000000000000000056e-01
9.983416845835846321e-01,-3.590044411964836424e-02,4.500043260705959697e-02,2.801120244063064035e+00,3.629398123423863143e-02,9.993094653332316168e-01,-7.958606761199357033e-03,7.008291428744373164e-02,-4.468364073102416151e-02,9.578653737487313746e-03,9.989552650862790761e-01,-7.967665072561611050e-02,0.000000000000000000e+00,0.000000000000000000e+00,0.000000000000000000e+00,1.000000000000000056e-01
9.975227035402612907e-01,-4.508675305246644116e-02,5.399667231333773326e-02,3.552039508956858604e+00,4.562283677510169111e-02,9.989205341424934881e-01,-8.736316905189910054e-03,9.748699794932405571e-02,-5.354449258626412661e-02,1.117815582559958734e-02,9.985028974149339209e-01,-1.164506667466843198e-01,0.000000000000000000e+00,0.000000000000000000e+00,0.000000000000000000e+00,1.000000000000000056e-01
9.964209060831463738e-01,-5.442227167687516826e-02,6.468071015356817444e-02,4.310603961534012818e+00,5.514596789193338539e-02,9.984335330312225087e-01,-9.455281278341397949e-03,1.538357447686653501e-01,-6.406481207108437326e-02,1.298832030399206874e-02,9.978612144932669237e-01,-1.507128704862797375e-01,0.000000000000000000e+00,0.000000000000000000e+00,0.000000000000000000e+00,1.000000000000000056e-01
9.950105565030721300e-01,-6.432597531198916418e-02,7.626376169327148125e-02,5.114454933529947844e+00,6.511431779292914390e-02,9.978465915510870143e-01,-7.893373691868090999e-03,2.231646433745339830e-01,-7.559178570326388624e-02,1.281985296481227311e-02,9.970564343627458248e-01,-2.047691137158159091e-01,0.000000000000000000e+00,0.000000000000000000e+00,0.000000000000000000e+00,1.000000000000000056e-01
9.936704596762812036e-01,-6.920132968766207204e-02,8.848838079763647613e-02,5.889179201767951177e+00,7.001170812408258337e-02,9.975276188891761819e-01,-6.083607386956936536e-03,2.922463739829375129e-01,-8.784861007594992055e-02,1.224032363746431831e-02,9.960586308972849690e-01,-2.577481347652489374e-01,0.000000000000000000e+00,0.000000000000000000e+00,0.000000000000000000e+00,1.000000000000000056e-01
9.918831967991696974e-01,-7.795614749062734772e-02,1.004517942889974480e-01,6.692664827123705251e+00,7.915753413258330706e-02,9.968298259137831074e-01,-8.023899223302762701e-03,3.539964520836099693e-01,-9.950783234252674747e-02,1.591028714751446804e-02,9.949095707979570546e-01,-3.272395564399567247e-01,0.000000000000000000e+00,0.000000000000000000e+00,0.000000000000000000e+00,1.000000000000000056e-01
9.900042506776883799e-01,-8.593834846617116885e-02,1.118310507105052948e-01,7.524416768735821215e+00,8.772134205469266088e-02,9.960830635245465636e-01,-1.111290725587952936e-02,4.237955398858920253e-01,-1.104379906926610116e-01,2.081179527241957400e-02,9.936650941787713576e-01,-4.042427413881546361e-01,0.000000000000000000e+00,0.000000000000000000e+00,0.000000000000000000e+00,1.000000000000000056e-01
9.880982029218084994e-01,-9.275314418835954589e-02,1.227142845224876017e-01,8.362643035491766241e+00,9.490543838529076626e-02,9.954163668478496207e-01,-1.179891420102196012e-02,5.170772994926535748e-01,-1.210574208695544413e-01,2.330473888720238987e-02,9.923719010521261374e-01,-5.001046545770269081e-01,0.000000000000000000e+00,0.000000000000000000e+00,0.000000000000000000e+00,1.000000000000000056e-01
9.862518240933788594e-01,-9.975034657229558954e-02,1.317467564351766929e-01,9.210753141082211215e+00,1.022457292662417305e-01,9.946831670235010137e-01,-1.229666974885247274e-02,6.314759496978111786e-01,-1.298196838668822517e-01,2.559815616025618371e-02,9.912071348017517103e-01,-6.003941269293296967e-01,0.000000000000000000e+00,0.000000000000000000e+00,0.000000000000000000e+00,1.000000000000000056e-01
9.843370875653266738e-01,-1.051046101710707975e-01,1.415398140602061317e-01,9.991099690167276393e+00,1.083867939820694487e-01,9.939854265295630098e-01,-1.566124953926498198e-02,7.350836016338536671e-01,-1.390424429219327129e-01,3.075699542591787961e-02,9.898086715616666309e-01,-6.953867721052464645e-01,0.000000000000000000e+00,0.000000000000000000e+00,0.000000000000000000e+00,1.000000000000000056e-01
9.819393000674639937e-01,-1.127555011095013882e-01,1.519256658782979219e-01,1.081906277738926647e+01,1.165270838449349033e-01,9.930565925056864529e-01,-1.612584297302355196e-02,8.442442845377534644e-01,-1.490525065660235904e-01,3.353805376792656778e-02,9.882603651041790283e-01,-8.186297391710181115e-01,0.000000000000000000e+00,0.000000000000000000e+00,0.000000000000000000e+00,1.000000000000000056e-01
9.798783320427753019e-01,-1.179826464579037115e-01,1.609923896582003411e-01,1.162504999294544028e+01,1.223248630099730005e-01,9.923393814212726483e-01,-1.729681965094431381e-02,9.572602589290335473e-01,-1.577183638092275464e-01,3.664215079979955825e-02,9.868040689529532505e-01,-9.192284734856306372e-01,0.000000000000000000e+00,0.000000000000000000e+00,0.000000000000000000e+00,1.000000000000000056e-01
9.778619357850413252e-01,-1.237381755322231325e-01,1.687450694351943226e-01,1.248693871853600790e+01,1.281143112911848625e-01,9.916420839461020931e-01,-1.525452684999281661e-02,1.094980394213949326e+00,-1.654471449893203661e-01,3.653547950949195128e-02,9.855416789521863619e-01,-1.055009470312077813e+00,0.000000000000000000e+00,0.000000000000000000e+00,0.000000000000000000e+00,1.000000000000000056e-01
9.757562207785505093e-01,-1.313846897326550189e-01,1.750367416167661894e-01,1.338946377194322679e+01,1.360080932806322640e-01,9.905996705514501510e-01,-1.463185789724740123e-02,1.227208460144843638e+00,-1.714689364699257257e-01,3.808353984613796483e-02,9.844531719785660773e-01,-1.206614189581314056e+00,0.000000000000000000e+00,0.000000000000000000e+00,0.000000000000000000e+00,1.000000000000000056e-01
9.747060142240491221e-01,-1.300354330945224235e-01,1.817662564267298331e-01,1.425706345603799008e+01,1.344245691434556300e-01,9.908513362850632777e-01,-1.198601654849204556e-02,1.363335727224289418e+00,-1.785447312189974434e-01,3.611669312138620497e-02,9.832687137461008087e-01,-1.349954011424852940e+00,0.000000000000000000e+00,0.000000000000000000e+00,0.000000000000000000e+00,1.000000000000000056e-01
9.699061832281821172e-01,-1.515917897900577460e-01,1.905306405909217848e-01,1.522710208187169023e+01,1.564387347012570484e-01,9.876310914031337651e-01,-1.057116733973348030e-02,1.604076526046263274e+00,-1.865714823353498697e-01,4.005941290261108567e-02,9.816243300861527965e-01,-1.524627122051418260e+00,0.000000000000000000e+00,0.000000000000000000e+00,0.000000000000000000e+00,1.000000000000000056e-01
9.680580934683729044e-01,-1.537160975712308364e-01,1.980779872117312268e-01,1.614817033913460165e+01,1.590461254238684230e-01,9.872077546601347731e-01,-1.118834780252429655e-02,1.774222422734413218e+00,-1.938242958404184091e-01,4.233450704055713443e-02,9.801224065674649655e-01,-1.698046186129449131e+00,0.000000000000000000e+00,0.000000000000000000e+00,0.000000000000000000e+00,1.000000000000000056e-01
9.646158022029219792e-01,-1.614988317130498230e-01,2.084094083666407915e-01,1.702849592088441355e+01,1.681487354951709257e-01,9.856553532019524111e-01,-1.447506323680614396e-02,1.940595485899345496e+00,-2.030821432125145543e-01,4.900665321825713183e-02,9.779345535610024509e-01,-1.869040161207044637e+00,0.000000000000000000e+00,0.000000000000000000e+00,0.000000000000000000e+00,1.000000000000000056e-01
9.617207355499260979e-01,-1.685221421634856831e-01,2.160868214721553271e-01,1.785387273636587224e+01,1.760510666959428649e-01,9.842520230164463202e-01,-1.593665909949575771e-02,2.085562746881929108e+00,-2.099982112507862986e-01,5.336893093048419162e-02,9.762440824316465093e-01,-2.034274234556163297e+00,0.000000000000000000e+00,0.000000000000000000e+00,0.000000000000000000e+00,1.000000000000000056e-01
9.590299195634975904e-01,-1.733730901618346643e-01,2.240611188710965318e-01,1.872417450175162301e+01,1.824346894284438192e-01,9.830098218083594963e-01,-2.023052944054172866e-02,2.237033435839124618e+00,-2.167468511309415535e-01,6.027820365632782784e-02,9.743650961979229974e-01,-2.222498707022105169e+00,0.000000000000000000e+00,0.000000000000000000e+00,0.000000000000000000e+00,1.000000000000000056e-01
9.555011705875771089e-01,-1.794798498861168712e-01,2.341036020453911848e-01,1.962199729423218031e+01,1.895245786315459258e-01,9.816524817437237704e-01,-2.094848875033943417e-02,2.416839508638894962e+00,-2.260485503167513899e-01,6.438469205676988771e-02,9.719859383388476104e-01,-2.419539600849240024e+00,0.000000000000000000e+00,0.000000000000000000e+00,0.000000000000000000e+00,1.000000000000000056e-01
9.524697662546844912e-01,-1.831905571842970815e-01,2.433979542421287889e-01,2.051497505912173480e+01,1.943588916774805220e-01,9.806729264195576112e-01,-2.247738004310853924e-02,2.582043767907127751e+00,-2.345761402970217846e-01,6.871558153874357533e-02,9.696660266592536104e-01,-2.628964930701393587e+00,0.000000000000000000e+00,0.000000000000000000e+00,0.000000000000000000e+00,1.000000000000000056e-01
9.502331113445041666e-01,-1.826267321284689715e-01,2.523975253773688698e-01,2.139055368744401164e+01,1.957258314372016250e-01,9.802707042557402550e-01,-2.758161137734978577e-02,2.779233205210550839e+00,-2.423807604013966666e-01,7.560967590217178291e-02,9.672304502533040083e-01,-2.836840541562087648e+00,0.000000000000000000e+00,0.000000000000000000e+00,0.000000000000000000e+00,1.000000000000000056e-01
9.470355645836479042e-01,-1.851278860996179998e-01,2.623953223706897986e-01,2.228938862402925736e+01,1.996390974912751193e-01,9.794246605458445387e-01,-2.952228086592153036e-02,2.995276314607827395e+00,-2.515310520921830162e-01,8.034301527167171664e-02,9.645087504685768698e-01,-3.059194583592180550e+00,0.000000000000000000e+00,0.000000000000000000e+00,0.000000000000000000e+00,1.000000000000000056e-01
9.451635296759774985e-01,-1.822483495444414958e-01,2.710192636304191716e-01,2.320087981728429227e+01,1.974705486163146617e-01,9.798570940852876499e-01,-2.975663959366738748e-02,3.203653254840488351e+00,-2.601370496481023586e-01,8.164321318433509500e-02,9.621138711926556786e-01,-3.287537708010704662e+00,0.000000000000000000e+00,0.000000000000000000e+00,0.000000000000000000e+00,1.000000000000000056e-01
9.447569294670763451e-01,-1.758422367581796431e-01,2.766113735836289722e-01,2.407506706224267035e+01,1.917885976937838965e-01,9.809316501673698285e-01,-3.146794392032314924e-02,3.394648240662305749e+00,-2.658034574993214383e-01,8.278046552056224361e-02,9.604665098323863504e-01,-3.520887255802195082e+00,0.000000000000000000e+00,0.000000000000000000e+00,0.000000000000000000e+00,1.000000000000000056e-01
9.430876678117898759e-01,-1.787816252912671766e-01,2.803975415005132144e-01,2.496988122639962882e+01,1.959732136379052081e-01,9.800098713592968469e-01,-3.428048387590913737e-02,3.575556755433939582e+00,-2.686636379522748808e-01,8.727990889401428254e-02,9.592716336605088268e-01,-3.752757853435745083e+00,0.000000000000000000e+00,0.000000000000000000e+00,0.000000000000000000e+00,1.000000000000000056e-01
9.433583635388007593e-01,-1.781381055173353878e-01,2.798960758997714460e-01,2.583625807726163615e+01,1.957880293669769234e-01,9.799785853115992040e-01,-3.618037986633876324e-02,3.766826978867638509e+00,-2.678470561682388396e-01,8.893136507088755804e-02,9.593483031770249081e-01,-3.997626433564519743e+00,0.000000000000000000e+00,0.000000000000000000e+00,0.000000000000000000e+00,1.000000000000000056e-01
9.410491217067807890e-01,-1.786992630041366048e-01,2.872161623876255399e-01,2.672319784604107440e+01,1.983249996349059352e-01,9.792990239741534708e-01,-4.050452027965528723e-02,3.956688817885552378e+00,-2.740323795734931900e-01,9.507888853498902559e-02,9.570090176692380712e-01,-4.239374091232259723e+00,0.000000000000000000e+00,0.000000000000000000e+00,0.000000000000000000e+00,1.000000000000000056e-01
9.390383232679836434e-01,-1.795568470254276239e-01,2.932002150755367853e-01,2.762992609978196867e+01,2.009651123980484844e-01,9.785943748245615748e-01,-4.434042354968330962e-02,4.129298232920028511e+00,-2.789624545219187568e-01,1.005603711608740458e-01,9.550222828390412255e-01,-4.496261906914626572e+00,0.000000000000000000e+00,0.000000000000000000e+00,0.000000000000000000e+00,1.000000000000000056e-01
9.353505831291408779e-01,-1.801445200514451561e-01,3.044129408146286075e-01,2.856689118427763319e+01,2.039530219719684068e-01,9.778015956024963540e-01,-4.803336825285033085e-02,4.327333831805415088e+00,-2.890025111802280722e-01,1.070139782114777754e-01,9.513283118875814903e-01,-4.767702908870746548e+00,0.000000000000000000e+00,0.000000000000000000e+00,0.000000000000000000e+00,1.000000000000000056e-01
9.318966839312425865e-01,-1.813091521211875057e-01,3.141584979513524223e-01,2.946925179357272739e+01,2.078860535306017165e-01,9.767178449315438993e-01,-5.296829372136099140e-02,4.515857004182113776e+00,-2.972405746620497835e-01,1.146701475946406146e-01,9.478917649316285221e-01,-5.039604175099912986e+00,0.000000000000000000e+00,0.000000000000000000e+00,0.000000000000000000e+00,1.000000000000000056e-01
9.285685086706594316e-01,-1.805369332468806931e-01,3.242945273034357201e-01,3.034428578811746746e+01,2.102660849903100759e-01,9.758749994345199408e-01,-5.878910597656174242e-02,4.699506155801794094e+00,-3.058573167475239774e-01,1.227778531026139236e-01,9.441275870238713397e-01,-5.298923420665599515e+00,0.000000000000000000e+00,0.000000000000000000e+00,0.000000000000000000e+00,1.000000000000000056e-01
9.277921411657512607e-01,-1.838466719665181603e-01,3.246569635752575844e-01,3.125282223140106552e+01,2.152948714919945550e-01,9.744869759291179268e-01,-6.342911046016903864e-02,4.888159069222180797e+00,-3.047127517848838285e-01,1.287460094579954140e-01,9.437026035506765886e-01,-5.584896982000098653e+00,0.000000000000000000e+00,0.000000000000000000e+00,0.000000000000000000e+00,1.000000000000000056e-01
9.265877758899491168e-01,-1.885541145472046654e-01,3.253958196698861216e-01,3.219196859095690399e+01,2.207137840116067951e-01,9.731990857007737361e-01,-6.456752386808613242e-02,5.099114997794856663e+00,-3.045004419021344888e-01,1.316468209965501179e-01,9.433708684302833936e-01,-5.891254837678199685e+00,0.000000000000000000e+00,0.000000000000000000e+00,0.000000000000000000e+00,1.000000000000000056e-01
9.235736562000391725e-01,-1.904157121766092975e-01,3.327965716914261796e-01,3.310743220443973911e+01,2.243637425127263940e-01,9.722430669677996073e-01,-6.636512471720107387e-02,5.334831743768933876e+00,-3.109221970509260524e-01,1.359605651993302244e-01,9.406604658917604445e-01,-6.199399149833249467e+00,0.000000000000000000e+00,0.000000000000000000e+00,0.000000000000000000e+00,1.000000000000000056e-01
9.216128499543343455e-01,-1.939508703445524118e-01,3.361737864433220202e-01,3.402616272055659152e+01,2.290312658742115481e-01,9.710661211825606376e-01,-6.764072400198423152e-02,5.559462066758416476e+00,-3.133279975538507123e-01,1.393328682832841448e-01,9.393678287895785850e-01,-6.485590634694861301e+00,0.000000000000000000e+00,0.000000000000000000e+00,0.000000000000000000e+00,1.000000000000000056e-01
9.199042478902687003e-01,-1.970682677392234794e-01,3.390284244185151064e-01,3.492106065070591114e+01,2.328994909323175988e-01,9.701180798766581015e-01,-6.803483093161483142e-02,5.797393181570527076e+00,-3.154900978428742953e-01,1.415450774371465603e-01,9.383128418690676043e-01,-6.779882267941198748e+00,0.000000000000000000e+00,0.000000000000000000e+00,0.000000000000000000e+00,1.000000000000000056e-01
9.172448684017320275e-01,-1.990768495972559116e-01,3.450076221551067746e-01,3.583147356179510723e+01,2.361338928539377657e-01,9.693044485760669016e-01,-6.848116979354212930e-02,6.021069451230684599e+00,-3.207844074083627262e-01,1.442819944590400250e-01,9.360983228478657603e-01,-7.087862924313014013e+00,0.000000000000000000e+00,0.000000000000000000e+00,0.000000000000000000e+00,1.000000000000000056e-01
9.148525530416597995e-01,-2.018638519931497122e-01,3.497081518232664776e-01,3.676538374002016951e+01,2.411460884821481909e-01,9.677993194273344368e-01,-7.220139420917257023e-02,6.262872297878717909e+00,-3.238724597784087833e-01,1.503843827479307560e-01,9.340723565241650928e-01,-7.413843405911517692e+00,0.000000000000000000e+00,0.000000000000000000e+00,0.000000000000000000e+00,1.000000000000000056e-01
9.115419424835708995e-01,-2.064480352737894375e-01,3.556269053725695795e-01,3.769581980954888678e+01,2.460783317690986294e-01,9.667528804519469610e-01,-6.952929434131316366e-02,6.504620454279104180e+00,-3.294491489244064653e-01,1.508909436296815565e-01,9.320381866659372960e-01,-7.710384286384605268e+00,0.000000000000000000e+00,0.000000000000000000e+00,0.000000000000000000e+00,1.000000000000000056e-01
9.091632773716313842e-01,-2.104166959331633946e-01,3.593702118309819449e-01,3.862327950338477933e+01,2.503049568034647621e-01,9.657933128489292196e-01,-6.775474489588108329e-02,6.752314900019015909e+00,-3.328206178686798911e-01,1.515522712758239909e-01,9.307321555596159701e-01,-8.038884124320777147e+00,0.000000000000000000e+00,0.000000000000000000e+00,0.000000000000000000e+00,1.000000000000000056e-01
9.063538554543731918e-01,-2.153237609332040170e-01,3.635359221322889134e-01,3.955413308338388134e+01,2.576271253781848292e-01,9.635903293127061620e-01,-7.156774080829605977e-02,7.019069302986674863e+00,-3.348894638121155953e-01,1.585224123984076416e-01,9.288270516059612403e-01,-8.353560813857169975e+00,0.000000000000000000e+00,0.000000000000000000e+00,0.000000000000000000e+00,1.000000000000000056e-01
9.042376551279849295e-01,-2.215852054819833494e-01,3.650400796627003563e-01,4.047453331273023736e+01,2.643786019919336927e-01,9.617972368400715677e-01,-7.106356320642803759e-02,7.282654080793866669e+00,-3.353479057000865460e-01,1.607671356910686522e-01,9.282756649962635720e-01,-8.664517391277207992e+00,0.000000000000000000e+00,0.000000000000000000e+00,0.000000000000000000e+00,1.000000000000000056e-01
9.036901293261556667e-01,-2.231879655260639861e-01,3.654193237950240092e-01,4.141617992671738335e+01,2.669513269627200591e-01,9.609204138293407915e-01,-7.327310092313153722e-02,7.559516351106952747e+00,-3.347852135195326650e-01,1.637653514342546912e-01,9.279546166048725508e-01,-9.001279795855927190e+00,0.000000000000000000e+00,0.000000000000000000e+00,0.000000000000000000e+00,1.000000000000000056e-01
9.021668216894348502e-01,-2.267835590100774346e-01,3.669662698471158335e-01,4.238230710522177702e+01,2.713396797228602719e-01,9.596327737277827730e-01,-7.402511597706351587e-02,7.824480208269949166e+00,-3.353651801405135857e-01,1.663555137356282909e-01,9.272842277312152159e-01,-9.340856699411039799e+00,0.000000000000000000e+00,0.000000000000000000e+00,0.000000000000000000e+00,1.000000000000000056e-01
8.993676639247965010e-01,-2.292947597216233591e-01,3.722387919745298035e-01,4.332651886896115911e+01,2.766255959278453025e-01,9.577762205001115747e-01,-7.837723599417231735e-02,8.120952961992799146e+00,-3.385499738059637442e-01,1.734607292983767757e-01,9.248217615450322615e-01,-9.669164899534958835e+00,0.000000000000000000e+00,0.000000000000000000e+00,0.000000000000000000e+00,1.000000000000000056e-01
8.981112849182216751e-01,-2.274721222716769298e-01,3.763675776309114429e-01,4.423744596426291764e+01,2.761564729114829309e-01,9.577675634699560625e-01,-8.011801816016864142e-02,8.394794974491208706e+00,-3.422480421735533129e-01,1.758912389917217378e-01,9.229997560532324785e-01,-9.999626508729594576e+00,0.000000000000000000e+00,0.000000000000000000e+00,0.000000000000000000e+00,1.000000000000000056e-01
8.944813410182196334e-01,-2.409339451046972613e-01,3.766350550155073695e-01,4.504095606179191691e+01,2.913050694875995994e-01,9.530980624909116683e-01,-8.213062624195047179e-02,8.655321168880309557e+00,-3.391820854070454749e-01,1.831800135723243017e-01,9.227137126793829580e-01,-1.028853067049510983e+01,0.000000000000000000e+00,0.000000000000000000e+00,0.000000000000000000e+00,1.000000000000000056e-01
8.948981694281686883e-01,-2.430582828857843769e-01,3.742725443773918248e-01,4.589082426769687828e+01,2.944561278729428411e-01,9.517924576472004405e-01,-8.594595001496768694e-02,8.923426652947053839e+00,-3.353399098112031518e-01,1.871197175246804290e-01,9.233273288500118969e-01,-1.060492677989828358e+01,0.000000000000000000e+00,0.000000000000000000e+00,0.000000000000000000e+00,1.000000000000000056e-01
8.942116886342241777e-01,-2.438601155770207529e-01,3.753900637213129499e-01,4.672348887737588541e+01,2.965004512774575551e-01,9.509181131533179787e-01,-8.855633500319218254e-02,9.200049979966495428e+00,-3.353698530014189161e-01,1.904914331609053602e-01,9.226267260328583353e-01,-1.091244878709167487e+01,0.000000000000000000e+00,0.000000000000000000e+00,0.000000000000000000e+00,1.000000000000000056e-01
8.913234582234926817e-01,-2.466798832469128677e-01,3.803833960911059964e-01,4.755616312062633000e+01,3.009863276072875515e-01,9.494115687736369713e-01,-8.958182668521641467e-02,9.503107149256610597e+00,-3.390423622705463491e-01,1.943365850272948947e-01,9.204800749097922230e-01,-1.122077206915712644e+01,0.000000000000000000e+00,0.000000000000000000e+00,0.000000000000000000e+00,1.000000000000000056e-01
8.903580947134992485e-01,-2.440793520648024406e-01,3.843016173187066564e-01,4.843445684864624923e+01,3.013245971754174302e-01,9.487212109176728081e-01,-9.555914970308759804e-02,9.813328630418366672e+00,-3.412710803968303508e-01,2.008813924945038187e-01,9.182487222067065025e-01,-1.153923244380385960e+01,0.000000000000000000e+00,0.000000000000000000e+00,0.000000000000000000e+00,1.000000000000000056e-01
8.874250148259128501e-01,-2.448320900559744218e-01,3.905561300761409838e-01,4.924744897959440237e+01,3.053412769528609516e-01,9.469598877647442681e-01,-1.001682362497180734e-01,1.008703980071468109e+01,-3.453165904644962536e-01,2.081447060182081421e-01,9.151132354559019522e-01,-1.184920051527306306e+01,0.000000000000000000e+00,0.000000000000000000e+00,0.000000000000000000e+00,1.000000000000000056e-01
8.861582762717078454e-01,-2.486074401141438184e-01,3.910471200700088579e-01,5.009441113973122839e+01,3.111995747108113886e-01,9.445580465361842482e-01,-1.047135207294538073e-01,1.040480336675905804e+01,-3.433341435030393685e-01,2.144864504896288604e-01,9.143944599905416970e-01,-1.216029866826478845e+01,0.000000000000000000e+00,0.000000000000000000e+00,0.000000000000000000e+00,1.000000000000000056e-01
8.856526547768140967e-01,-2.498775675999413970e-01,3.913829024077546959e-01,5.099929357393073559e+01,3.137095737047392863e-01,9.434058594103159612e-01,-1.075717797392693742e-01,1.072320033359144986e+01,-3.423531487408463803e-01,2.180517957748109581e-01,9.139188891289029559e-01,-1.246632761715044602e+01,0.000000000000000000e+00,0.000000000000000000e+00,0.000000000000000000e+00,1.000000000000000056e-01
8.829468849664074970e-01,-2.550916260541640779e-01,3.941231541601685762e-01,5.186328166196362588e+01,3.209572446425405512e-01,9.406602431836258438e-01,-1.102032395403613474e-01,1.105350136022104479e+01,-3.426240584658145072e-01,2.238002886744438202e-01,9.124265369604556142e-01,-1.279144769841419382e+01,0.000000000000000000e+00,0.000000000000000000e+00,0.000000000000000000e+00,1.000000000000000056e-01
8.807632908819333917e-01,-2.571554250554502485e-01,3.976519996169733950e-01,5.269838135272309643e+01,3.247738317341123948e-01,9.391343071594044911e-01,-1.120210307797943200e-01,1.136405598678272177e+01,-3.446418193655104156e-01,2.278109753299342732e-01,9.106723757003145625e-01,-1.310060413609672381e+01,0.000000000000000000e+00,0.000000000000000000e+00,0.000000000000000000e+00,1.000000000000000056e-01
8.772310184138008005e-01,-2.594448428476933133e-01,4.039234009715476637e-01,5.354214864220676162e+01,3.291734600651403664e-01,9.375185019994234370e-01,-1.127115415452229763e-01,1.166059102826856453e+01,-3.494432336180361975e-01,2.318349238757887731e-01,9.078226669069668908e-01,-1.340496880591418183e+01,0.000000000000000000e+00,0.000000000000000000e+00,0.000000000000000000e+00,1.000000000000000056e-01
8.760832191434768657e-01,-2.650757700949286644e-01,4.027567867134994040e-01,5.436955412983022740e+01,3.329867231284271423e-01,9.367499734458507588e-01,-1.077929936006514489e-01,1.200735714881877669e+01,-3.487090984694763418e-01,2.285482954602338912e-01,9.089376443336620870e-01,-1.371548481978490486e+01,0.000000000000000000e+00,0.000000000000000000e+00,0.000000000000000000e+00,1.000000000000000056e-01
8.760514008625506222e-01,-2.694848678371157824e-01,3.998897961358540698e-01,5.518636969727634067e+01,3.385021947696144062e-01,9.342814407984751934e-01,-1.119573736547945370e-01,1.231457539267036339e+01,-3.434387968516614542e-01,2.334439876851350237e-01,9.096997842314495930e-01,-1.402253014338547210e+01,0.000000000000000000e+00,0.000000000000000000e+00,0.000000000000000000e+00,1.000000000000000056e-01
8.761346300447745428e-01,-2.754655285943911625e-01,3.956094697963113971e-01,5.599904266742566961e+01,3.435713113076476755e-01,9.324718266846645509e-01,-1.116021795741832245e-01,1.264372522114856601e+01,-3.381521315660296345e-01,2.336985986170594942e-01,9.116129117787731273e-01,-1.431148362600094970e+01,0.000000000000000000e+00,0.000000000000000000e+00,0.000000000000000000e+00,1.000000000000000056e-01
8.770453984481948462e-01,-2.776085122628502710e-01,3.920776491717605228e-01,5.683443847061340648e+01,3.473115986370453601e-01,9.302658331082476195e-01,-1.182376133199492807e-01,1.297915305117800955e+01,-3.319126730226297783e-01,2.398728698094572398e-01,9.123020244504272958e-01,-1.462988431401658929e+01,0.000000000000000000e+00,0.000000000000000000e+00,0.000000000000000000e+00,1.000000000000000056e-01
8.770469469874490054e-01,-2.816520415030858704e-01,3.891796247199214576e-01,5.766008849103678102e+01,3.506302436624468832e-01,9.290764664665630557e-01,-1.177936827135416809e-01,1.330939298843822982e+01,-3.284007993431318773e-01,2.397687364423256584e-01,9.135994023726387026e-01,-1.493961084926731786e+01,0.000000000000000000e+00,0.000000000000000000e+00,0.000000000000000000e+00,1.000000000000000056e-01
8.739431300211802922e-01,-2.857682627889403526e-01,3.931410757875263284e-01,5.852083780110559985e+01,3.560702216964473643e-01,9.270169764334529328e-01,-1.177009882083480813e-01,1.365802203574260076e+01,-3.308132444595064392e-01,2.428498000550340929e-01,9.119136866520892726e-01,-1.522854152569445318e+01,0.000000000000000000e+00,0.000000000000000000e+00,0.000000000000000000e+00,1.000000000000000056e-01
8.729795217429084930e-01,-2.891914125779821987e-01,3.927786673289093700e-01,5.933660935024591510e+01,3.608374011936128500e-01,9.247281062921403061e-01,-1.211375223999229117e-01,1.399955858615065196e+01,-3.281815420119822968e-01,2.474798099330597911e-01,9.116197777352870180e-01,-1.550896438417579581e+01,0.000000000000000000e+00,0.000000000000000000e+00,0.000000000000000000e+00,1.000000000000000056e-01
8.723123338692784223e-01,-2.940528782304873689e-01,3.906457435886109830e-01,6.007141561716263567e+01,3.661087991254569629e-01,9.223787829841172403e-01,-1.232141546400191551e-01,1.430491548371875865e+01,-3.240918687385545005e-01,2.505000708684628208e-01,9.122577350247278449e-01,-1.577861550830390946e+01,0.000000000000000000e+00,0.000000000000000000e+00,0.000000000000000000e+00,1.000000000000000056e-01
8.706415185770284282e-01,-3.005558123952659644e-01,3.894220714922402293e-01,6.079821324524487380e+01,3.729850839275590246e-01,9.194820849823837072e-01,-1.242369613440391096e-01,1.461402135387356260e+01,-3.207264773875670438e-01,2.534144807067468808e-01,9.126421136845987991e-01,-1.604074010588654176e+01,0.000000000000000000e+00,0.000000000000000000e+00,0.000000000000000000e+00,1.000000000000000056e-01
8.709771275725364248e-01,-3.022003922581045221e-01,3.873935546244171579e-01,6.150498867298955474e+01,3.754981938333707414e-01,9.179168789506111370e-01,-1.281784294077807085e-01,1.492258227956280869e+01,-3.168595109403690158e-01,2.571060603265058475e-01,9.129603080474053556e-01,-1.629627438708945419e+01,0.000000000000000000e+00,0.000000000000000000e+00,0.000000000000000000e+00,1.000000000000000056e-01
8.709304860056787945e-01,-3.073499757064880322e-01,3.834267609063475857e-01,6.221850436973953435e+01,3.813419830834161584e-01,9.148346537464659978e-01,-1.328753108842690711e-01,1.523114914956105714e+01,-3.099328644786153997e-01,2.619418804578695914e-01,9.139628388387983637e-01,-1.654950754030919668e+01,0.000000000000000000e+00,0.000000000000000000e+00,0.000000000000000000e+00,1.000000000000000056e-01
8.692653790730492380e-01,-3.107342681327781020e-01,3.844761570669562034e-01,6.289011405173923919e+01,3.857542457360526034e-01,9.127495020933330538e-01,-1.344693583125234071e-01,1.553247093373229859e+01,-3.091461832880961214e-01,2.652028677001051493e-01,9.132886051638022806e-01,-1.678008981252344256e+01,0.000000000000000000e+00,0.000000000000000000e+00,0.000000000000000000e+00,1.000000000000000056e-01
8.675674992463148216e-01,-3.162089943556435911e-01,3.838469827158840220e-01,6.357054082268328443e+01,3.918094877793551478e-01,9.099449449837797577e-01,-1.359614738981057003e-01,1.585025353136157733e+01,-3.062873806371638752e-01,2.683506455871841334e-01,9.133323444811131120e-01,-1.700727468324868497e+01,0.000000000000000000e+00,0.000000000000000000e+00,0.000000000000000000e+00,1.000000000000000056e-01
8.638370151377945394e-01,-3.223761025396530977e-01,3.871165971502241732e-01,6.423400155644243625e+01,4.002217385993154242e-01,9.058590330636097088e-01,-1.387154359456917452e-01,1.614496036199726703e+01,-3.059545247751159769e-01,2.747600056929777601e-01,9.115364874985684152e-01,-1.722953116288039155e+01,0.000000000000000000e+00,0.000000000000000000e+00,0.000000000000000000e+00,1.000000000000000056e-01
8.635179644086374839e-01,-3.254955732719082562e-01,3.852133914130647097e-01,6.484974422690875429e+01,4.034359793580034603e-01,9.041785243184319310e-01,-1.403588498128687800e-01,1.643633974135487108e+01,-3.026154915119379507e-01,2.766113301036938199e-01,9.120910241611051017e-01,-1.742689467684935423e+01,0.000000000000000000e+00,0.000000000000000000e+00,0.000000000000000000e+00,1.000000000000000056e-01
8.642029799011616831e-01,-3.318632291896727038e-01,3.781798601746994004e-01,6.543523250177928219e+01,4.078116566780840557e-01,9.022421191568421595e-01,-1.401742169475082012e-01,1.671848383648971037e+01,-2.946911301811252493e-01,2.753651312914788263e-01,9.150580212540611047e-01,-1.761115110381526350e+01,0.000000000000000000e+00,0.000000000000000000e+00,0.000000000000000000e+00,1.000000000000000056e-01
8.663840454114786205e-01,-3.323738322273094292e-01,3.727013838275535229e-01,6.602265658784348545e+01,4.085058584830988382e-01,9.009836654725306149e-01,-1.461211762088898136e-01,1.698504952908165322e+01,-2.872310036215230400e-01,2.788477545224550824e-01,9.163745306130879342e-01,-1.780138630903170949e+01,0.000000000000000000e+00,0.000000000000000000e+00,0.000000000000000000e+00,1.000000000000000056e-01
8.677865626669203358e-01,-3.334932551362468356e-01,3.684138032611715130e-01,6.666267956169556896e+01,4.095604383505142554e-01,8.998404177713834606e-01,-1.501581495728975812e-01,1.729193826969773795e+01,-2.814369005529758216e-01,2.811929432323156397e-01,9.174550668471356252e-01,-1.800110742032810407e+01,0.000000000000000000e+00,0.000000000000000000e+00,0.000000000000000000e+00,1.000000000000000056e-01
8.679821777337985989e-01,-3.376489010940542657e-01,3.641430470659436924e-01,6.726842391636016316e+01,4.130171508317102558e-01,8.979766743207290292e-01,-1.518378262974666715e-01,1.757981143829129422e+01,-2.757240871874433452e-01,2.821898509263947585e-01,9.188825364423846009e-01,-1.819378053129577566e+01,0.000000000000000000e+00,0.000000000000000000e+00,0.000000000000000000e+00,1.000000000000000056e-01
8.664598606191364905e-01,-3.408818663775344815e-01,3.647558952379458264e-01,6.786010592081805726e+01,4.167420754971241648e-01,8.961490574327763969e-01,-1.524562539638691927e-01,1.786888769971469415e+01,-2.749060793184026075e-01,2.841063533913228967e-01,9.185370038906810475e-01,-1.836912828476722837e+01,0.000000000000000000e+00,0.000000000000000000e+00,0.000000000000000000e+00,1.000000000000000056e-01
8.646872652344048671e-01,-3.480950900299203399e-01,3.621404998595262326e-01,6.840444401165542843e+01,4.244436386316040588e-01,8.918878402701378993e-01,-1.561527393401517250e-01,1.811554846954873099e+01,-2.686327064350322313e-01,2.887315165951418461e-01,9.189508041011005268e-01,-1.853974336397432410e+01,0.000000000000000000e+00,0.000000000000000000e+00,0.000000000000000000e+00,1.000000000000000056e-01
8.638476108518740038e-01,-3.548676187955280836e-01,3.575419952339877194e-01,6.890527763736656652e+01,4.312378399909867488e-01,8.878046917476209998e-01,-1.607381556159572233e-01,1.834789481637151098e+01,-2.603866943325200967e-01,2.930389094323539445e-01,9.199603072813953286e-01,-1.867176652446071472e+01,0.000000000000000000e+00,0.000000000000000000e+00,0.000000000000000000e+00,1.000000000000000056e-01
8.651374999044988412e-01,-3.546092814636790380e-01,3.546679626901851345e-01,6.944643485569471864e+01,4.329027083178445534e-01,8.850615102689980418e-01,-1.710595456893165833e-01,1.859615043650477517e+01,-2.532436601182120328e-01,3.015267492946081540e-01,9.192112205960923932e-01,-1.882669909026746424e+01,0.000000000000000000e+00,0.000000000000000000e+00,0.000000000000000000e+00,1.000000000000000056e-01
8.674071656423298915e-01,-3.532374888657335843e-01,3.504683801032135171e-01,6.998866346950636341e+01,4.324352743501889140e-01,8.835723122282249653e-01,-1.797211800577357688e-01,1.884529353897609738e+01,-2.461798986310958504e-01,3.074463295007747732e-01,9.191693053983496231e-01,-1.897141532987718193e+01,0.000000000000000000e+00,0.000000000000000000e+00,0.000000000000000000e+00,1.000000000000000056e-01
8.691681203342791484e-01,-3.551056129322065491e-01,3.441609830567927131e-01,7.049590012384628324e+01,4.327335043098039513e-01,8.830075586138015353e-01,-1.817673394167683143e-01,1.909577528441460714e+01,-2.393501469444564989e-01,3.069163649839083963e-01,9.211481162455532612e-01,-1.910480373256923770e+01,0.000000000000000000e+00,0.000000000000000000e+00,0.000000000000000000e+00,1.000000000000000056e-01
8.711242783503212461e-01,-3.540426370815024093e-01,3.402885581341337784e-01,7.099328797058691976e+01,4.295419888313869450e-01,8.852041374023947862e-01,-1.786261877678044507e-01,1.936555524598077582e+01,-2.379835530019014933e-01,3.017738329511984730e-01,9.231989938504772120e-01,-1.923909330017273334e+01,0.000000000000000000e+00,0.000000000000000000e+00,0.000000000000000000e+00,1.000000000000000056e-01
8.716317231582485503e-01,-3.514626965405443504e-01,3.416608144412108805e-01,7.148471986481044382e+01,4.287060535689532492e-01,8.845575550394357833e-01,-1.837635748890115162e-01,1.958500587942897297e+01,-2.376326131184776091e-01,3.066462208524748934e-01,9.216826115422700472e-01,-1.937386709102251103e+01,0.000000000000000000e+00,0.000000000000000000e+00,0.000000000000000000e+00,1.000000000000000056e-01
8.730506199378911258e-01,-3.488288599961678615e-01,3.407360290016862581e-01,7.201065945906982790e+01,4.269514954911149962e-01,8.843983265057867582e-01,-1.885524345418650438e-01,1.981852775903235298e+01,-2.355738430385777016e-01,3.100935770175478057e-01,9.210575106737350914e-01,-1.950067311990499519e+01,0.000000000000000000e+00,0.000000000000000000e+00,0.000000000000000000e+00,1.000000000000000056e-01
8.744378174394451531e-01,-3.449535819820589433e-01,3.411239213386925151e-01,7.250942946528621746e+01,4.237339974339040527e-01,8.854639422043918406e-01,-1.907959812850931747e-01,2.002756346260430220e+01,-2.362371749967047962e-01,3.113850242603269369e-01,9.204517172649371304e-01,-1.963082123904653642e+01,0.000000000000000000e+00,0.000000000000000000e+00,0.000000000000000000e+00,1.000000000000000056e-01
8.787100820921204258e-01,-3.398126199083983390e-01,3.352550894179676111e-01,7.296265509798632820e+01,4.172111136214219917e-01,8.879777742384429295e-01,-1.934692717961015718e-01,2.025065605537117719e+01,-2.319557679826737551e-01,3.098755489055748380e-01,9.220486244716363800e-01,-1.973503274891848491e+01,0.000000000000000000e+00,0.000000000000000000e+00,0.000000000000000000e+00,1.000000000000000056e-01
8.841302131573169909e-01,-3.327225768361365410e-01,3.280387980802246251e-01,7.341647076634191649e+01,4.079953165173873519e-01,8.919226221265055266e-01,-1.949714282628501327e-01,2.047857304034229742e+01,-2.277138289219038381e-01,3.062184236823448091e-01,9.243249910692807880e-01,-1.984844012638155064e+01,0.000000000000000000e+00,0.000000000000000000e+00,0.000000000000000000e+00,1.000000000000000056e-01
8.921170462034087034e-01,-3.174697293661468689e-01,3.214656230602126463e-01,7.387036723188721510e+01,3.902417292384121050e-01,9.000070120341037150e-01,-1.941617136576067049e-01,2.066503109006418981e+01,-2.276808481939557594e-01,2.986642751077370206e-01,9.268015333069161699e-01,-1.996683029712722046e+01,0.000000000000000000e+00,0.000000000000000000e+00,0.000000000000000000e+00,1.000000000000000056e-01
8.973297000341539098e-01,-3.047973534491318914e-01,3.192146343246505258e-01,7.434217552134414575e+01,3.779688333701390346e-01,9.041366669666635048e-01,-1.991894787563557312e-01,2.084222929435086868e+01,-2.279012295654225251e-01,2.993918181527638334e-01,9.265125842565501424e-01,-2.007094940701058050e+01,0.000000000000000000e+00,0.000000000000000000e+00,0.000000000000000000e+00,1.000000000000000056e-01
9.043198650528619931e-01,-2.843874843184576173e-01,3.183226985839881507e-01,7.480719059258227333e+01,3.588042687620243143e-01,9.104030383301591201e-01,-2.059752521963836569e-01,2.101944808085613658e+01,-2.312251681563288475e-01,3.004830553662449777e-01,9.253349961224008879e-01,-2.019096607099911722e+01,0.000000000000000000e+00,0.000000000000000000e+00,0.000000000000000000e+00,1.000000000000000056e-01
9.117386073191731111e-01,-2.615408269241982775e-01,3.167477036625540587e-01,7.525414131518047611e+01,3.363805244290238305e-01,9.179452630557199955e-01,-2.102965449512185780e-01,2.121479480077899993e+01,-2.357559218949749069e-01,2.982832376875568792e-01,9.249033762540165293e-01,-2.028801783089254229e+01,0.000000000000000000e+00,0.000000000000000000e+00,0.000000000000000000e+00,1.000000000000000056e-01
9.204028529041650142e-01,-2.347792334204407971e-01,3.126296529767838561e-01,7.568554573335954672e+01,3.099068283295500215e-01,9.256083765111854378e-01,-2.172714686447497212e-01,2.131870387161207958e+01,-2.383617966885485384e-01,2.968633437911084028e-01,9.246922779998594244e-01,-2.041560700293590003e+01,0.000000000000000000e+00,0.000000000000000000e+00,0.000000000000000000e+00,1.000000000000000056e-01
