1.000000000000000000e+00,-2.978691368502305234e-13,1.295160417986132829e-13,1.794423976780112382e-20,2.978691368502333507e-13,1.000000000000000000e+00,-2.199736896042663305e-14,6.885747903322000658e-20,-1.295160417986067196e-13,2.199736896046521151e-14,1.000000000000000000e+00,-3.941923180281567517e-20,0.000000000000000000e+00,0.000000000000000000e+00,0.000000000000000000e+00,1.000000000000000056e-01
9.999966547239357295e-01,-2.141290925715704299e-03,-1.451004517247015064e-03,6.253726553619929351e-01,2.138521305454416099e-03,9.999958938262164532e-01,-1.907631340813354228e-03,-3.159553486238501560e-03,1.455083352850000981e-03,1.904521955185447179e-03,9.999971277601543695e-01,1.251645047625635047e-02,0.000000000000000000e+00,0.000000000000000000e+00,0.000000000000000000e+00,1.000000000000000056e-01
9.999870151843019972e-01,-4.287239343842866486e-03,-2.754821518576255901e-03,1.256102165424505035e+00,4.287279793625877432e-03,9.999908095352261217e-01,8.778052243517457881e-06,-8.434362031122627848e-03,2.754758566875190398e-03,-2.058862889376462363e-05,9.999962054334738948e-01,1.951475405405722272e-02,0.000000000000000000e+00,0.000000000000000000e+00,0.000000000000000000e+00,1.000000000000000056e-01
9.999636794762519765e-01,-8.375578354127444225e-03,-1.577788182684990506e-03,1.986087812049389445e+00,8.376409274260539217e-03,9.999647816650414356e-01,5.207660280965454701e-04,-6.772930391822926458e-03,1.573370898939788643e-03,-5.339633131679160077e-04,9.999986196926446969e-01,2.649726492027555669e-02,0.000000000000000000e+00,0.000000000000000000e+00,0.000000000000000000e+00,1.000000000000000056e-01
9.999079034611076944e-01,-1.332935592513505296e-02,-2.552031863660898618e-03,2.702565057304612939e+00,1.332540233123227086e-02,9.999099960051247571e-01,-1.559981327486484543e-03,-9.023484662466349157e-03,2.572595716948752539e-03,1.525830807260080335e-03,9.999955267858076091e-01,2.484949222151105336e-02,0.000000000000000000e+00,0.000000000000000000e+00,0.000000000000000000e+00,1.000000000000000056e-01
9.997970468452518356e-01,-1.995154230319465954e-02,-2.793041216513345460e-03,3.449169382600612010e+00,1.995147824523084423e-02,9.998009481568559398e-01,-5.079844354607622101e-05,-4.966063341147249066e-03,2.793498763806567201e-03,-4.937167227596845405e-06,9.999960981625283241e-01,3.524832048647626864e-02,0.000000000000000000e+00,0.000000000000000000e+00,0.000000000000000000e+00,1.000000000000000056e-01
9.997039648484452590e-01,-2.419769299186979444e-02,-2.540535410049871677e-03,4.197349308435931015e+00,2.419930339290860682e-02,9.997069708736517901e-01,6.050635713808348755e-04,1.548944402186896649e-02,2.525149816637370544e-03,-6.663636384630052326e-04,9.999965897831376571e-01,5.164955125590767193e-02,0.000000000000000000e+00,0.000000000000000000e+00,0.000000000000000000e+00,1.000000000000000056e-01
9.995417731162339336e-01,-3.006023193658430639e-02,-3.553343717372338222e-03,4.965402345338106649e+00,3.006966062267173515e-02,9.995443441725496703e-01,2.630502367422756557e-03,3.828221726648193407e-02,3.472651104326120869e-03,-2.736144840177282597e-03,9.999902270551053185e-01,6.653573603687594484e-02,0.000000000000000000e+00,0.000000000000000000e+00,0.000000000000000000e+00,1.000000000000000056e-01
9.994200591027103675e-01,-3.388004661299780923e-02,-3.418757762099854276e-03,5.750957215753701668e+00,3.388561245102732905e-02,9.994244633741922179e-01,1.583438671595283022e-03,8.700847180276090331e-02,3.363143165790529604e-03,-1.698367071341732324e-03,9.999929023834805975e-01,6.355226104033899481e-02,0.000000000000000000e+00,0.000000000000000000e+00,0.000000000000000000e+00,1.000000000000000056e-01
9.993532837390273205e-01,-3.591030083250815186e-02,-1.861336654665283032e-03,6.539539685424075266e+00,3.591291320145424681e-02,9.993539571655418730e-01,1.389590931554037043e-03,1.235821951368813315e-01,1.810233523070791392e-03,-1.455538282220180529e-03,9.999973022278114687e-01,6.699756559464056793e-02,0.000000000000000000e+00,0.000000000000000000e+00,0.000000000000000000e+00,1.000000000000000056e-01
9.993124797704061590e-01,-3.700047022081152243e-02,2.352228424360499909e-03,7.326187331648496226e+00,3.700079550056559891e-02,9.993152316088663722e-01,-9.490438868634582957e-05,1.664325332216920750e-01,-2.347106185679358453e-03,1.818734628996271970e-04,9.999972290034591094e-01,8.163065447893806670e-02,0.000000000000000000e+00,0.000000000000000000e+00,0.000000000000000000e+00,1.000000000000000056e-01
9.990735627636576632e-01,-4.292507200243985549e-02,3.074797605881584694e-03,8.128389862184446812e+00,4.292268558294676933e-02,9.990780454235709263e-01,8.379826756133547860e-04,2.084190858052496487e-01,-3.107933248844749283e-03,-7.052277663908041198e-04,9.999949216894644666e-01,7.316937119025633540e-02,0.000000000000000000e+00,0.000000000000000000e+00,0.000000000000000000e+00,1.000000000000000056e-01
9.989546245879152853e-01,-4.557849104552417346e-02,3.501309530779117898e-03,8.962528137904170578e+00,4.556238075876840182e-02,9.989511292865521641e-01,4.550907240893925336e-03,2.615148097962762264e-01,-3.705060594681662892e-03,-4.386621836365953327e-03,9.999835149015480207e-01,7.871674863670766187e-02,0.000000000000000000e+00,0.000000000000000000e+00,0.000000000000000000e+00,1.000000000000000056e-01
9.989601172906154014e-01,-4.553292357584969724e-02,2.331723258835240956e-03,9.743209798421737844e+00,4.552877139317779848e-02,9.989613990884171901e-01,1.803914282857759345e-03,3.073188001049889095e-01,-2.411439020111802011e-03,-1.695877928382138458e-03,9.999956544705103090e-01,9.732316460880156839e-02,0.000000000000000000e+00,0.000000000000000000e+00,0.000000000000000000e+00,1.000000000000000056e-01
9.988962762640989368e-01,-4.685645352929210944e-02,3.271395478125436670e-03,1.052503472153616215e+01,4.685501899852471258e-02,9.989015683148416702e-01,5.138217567029495668e-04,3.587507930735746031e-01,-3.291877938942870847e-03,-3.599733421547989909e-04,9.999945169643821297e-01,9.737977170937357763e-02,0.000000000000000000e+00,0.000000000000000000e+00,0.000000000000000000e+00,1.000000000000000056e-01
9.987210138182769370e-01,-5.050300866766944952e-02,2.404718966180469097e-03,1.128528052136849347e+01,5.050803685832577772e-02,9.987214922628072644e-01,-2.078245671108138945e-03,4.059758115714868221e-01,-2.296686855234912443e-03,2.197045257790323711e-03,9.999949490980563072e-01,1.080422815238425566e-01,0.000000000000000000e+00,0.000000000000000000e+00,0.000000000000000000e+00,1.000000000000000056e-01
9.984740163881369313e-01,-5.520895359678931053e-02,1.268873709264410230e-03,1.211387824083606546e+01,5.520683866492134134e-02,9.984735838154289445e-01,1.645414050900870099e-03,4.688586707029098188e-01,-1.357778467882103527e-03,-1.572852669870945406e-03,9.999978412837254860e-01,1.192591436177084657e-01,0.000000000000000000e+00,0.000000000000000000e+00,0.000000000000000000e+00,1.000000000000000056e-01
9.983695282748624722e-01,-5.705484977153062187e-02,-1.740439535496376283e-03,1.295744163119715076e+01,5.705882884608592942e-02,9.983681006098691357e-01,2.329320792697329827e-03,5.344539651010713488e-01,1.604700265382791400e-03,-2.424830342578910766e-03,9.999957725584983637e-01,1.218316145384635840e-01,0.000000000000000000e+00,0.000000000000000000e+00,0.000000000000000000e+00,1.000000000000000056e-01
9.983438999705663841e-01,-5.746219551735239767e-02,-2.748359125987160940e-03,1.384465799786370255e+01,5.747356490775732546e-02,9.983379651199372207e-01,4.254025972735961912e-03,5.860949069117254995e-01,2.499345585075582205e-03,-4.404938876814552991e-03,9.999871748103261737e-01,1.322061989415231620e-01,0.000000000000000000e+00,0.000000000000000000e+00,0.000000000000000000e+00,1.000000000000000056e-01
9.977891060818674385e-01,-6.632470138218939104e-02,-4.234828321355963918e-03,1.477050880343450068e+01,6.635744652324661319e-02,9.977628184455543670e-01,8.126956287453060770e-03,6.801377005928741504e-01,3.686336292637751397e-03,-8.390000843093709318e-03,9.999580085236532412e-01,1.474597009349968568e-01,0.000000000000000000e+00,0.000000000000000000e+00,0.000000000000000000e+00,1.000000000000000056e-01
9.974655660368709764e-01,-7.107468739482475373e-02,-3.291410407790480459e-03,1.572568555663964140e+01,7.109049055199390121e-02,9.974575241951098015e-01,4.962819726613438079e-03,7.490678004923098099e-01,2.930311215798789542e-03,-5.184229768243186348e-03,9.999822683617388686e-01,1.383670688548865324e-01,0.000000000000000000e+00,0.000000000000000000e+00,0.000000000000000000e+00,1.000000000000000056e-01
9.970446495761898786e-01,-7.680535942315107334e-02,-1.703970473164034610e-03,1.665074101272983853e+01,7.680846167299111571e-02,9.970441750943694892e-01,1.836607148251449611e-03,8.457802953393686041e-01,1.557872562660416382e-03,-1.962058681317420047e-03,9.999968616744802086e-01,1.485762983827825512e-01,0.000000000000000000e+00,0.000000000000000000e+00,0.000000000000000000e+00,1.000000000000000056e-01
9.968945304809874175e-01,-7.874664537940426201e-02,5.108214776916946386e-04,1.754606892703048970e+01,7.874401242582024230e-02,9.968869594527161038e-01,3.971218981741522595e-03,9.441302780942089079e-01,-8.219514425983755028e-04,-3.918662349453669834e-03,9.999919842084820099e-01,1.770034251935518887e-01,0.000000000000000000e+00,0.000000000000000000e+00,0.000000000000000000e+00,1.000000000000000056e-01
9.967839477725293218e-01,-8.012629750951842655e-02,1.240125166151769551e-03,1.848064204823890933e+01,8.011773702189507740e-02,9.967681731569248971e-01,5.861501164117094778e-03,1.022465000610361274e+00,-1.705777682479462385e-03,-5.743294248305932589e-03,9.999820522857774119e-01,1.932539956705490169e-01,0.000000000000000000e+00,0.000000000000000000e+00,0.000000000000000000e+00,1.000000000000000056e-01
9.964794007766841766e-01,-8.382823043879049363e-02,1.277344605641458778e-03,1.941941669768996448e+01,8.382219375160211705e-02,9.964718248373033438e-01,4.212141982818243431e-03,1.107907083243357516e+00,-1.625934318906221846e-03,-4.090242892003394769e-03,9.999903130784192351e-01,2.111514255711681720e-01,0.000000000000000000e+00,0.000000000000000000e+00,0.000000000000000000e+00,1.000000000000000056e-01
9.963777037577526974e-01,-8.503209598056950258e-02,1.007029085553667229e-03,2.035590914864776124e+01,8.502602654303713370e-02,9.963660699325593839e-01,5.022897316186542352e-03,1.182736634984865365e+00,-1.430477098971405384e-03,-4.919079212355029207e-03,9.999868781113939731e-01,2.190992879011537942e-01,0.000000000000000000e+00,0.000000000000000000e+00,0.000000000000000000e+00,1.000000000000000056e-01
9.966166677781430616e-01,-8.208599307938083123e-02,4.136090782631473770e-03,2.128379585046254618e+01,8.206050791472327410e-02,9.966093184400658389e-01,5.994951142844186232e-03,1.275352503441018248e+00,-4.614168133907326289e-03,-5.635258521070000276e-03,9.999734763051632003e-01,2.326331733135099944e-01,0.000000000000000000e+00,0.000000000000000000e+00,0.000000000000000000e+00,1.000000000000000056e-01
9.967594213807028369e-01,-8.005342681426953766e-02,7.880656324120827172e-03,2.222843176330955117e+01,8.000695252925120460e-02,9.967759681014690676e-01,6.046235387525890348e-03,1.363245659710019320e+00,-8.339270698847652680e-03,-5.396134789978556875e-03,9.999506679299432488e-01,2.239689109938456935e-01,0.000000000000000000e+00,0.000000000000000000e+00,0.000000000000000000e+00,1.000000000000000056e-01
9.967955655844872309e-01,-7.911374424919147275e-02,1.181591731418497014e-02,2.318951351795732307e+01,7.904602611889997854e-02,9.968523472320041101e-01,6.092911689343459385e-03,1.450583924618321197e+00,-1.226075796646819253e-02,-5.139386044799619004e-03,9.999116263576347530e-01,2.336518934353958576e-01,0.000000000000000000e+00,0.000000000000000000e+00,0.000000000000000000e+00,1.000000000000000056e-01
9.968916094130845229e-01,-7.723648056906352866e-02,1.554493972631891714e-02,2.412015894679605665e+01,7.716141795101340295e-02,9.970041364808209794e-01,5.372840954414801785e-03,1.527279678782224259e+00,-1.591334853446133013e-02,-4.156670474921298798e-03,9.998647345661230146e-01,2.398204118239296856e-01,0.000000000000000000e+00,0.000000000000000000e+00,0.000000000000000000e+00,1.000000000000000056e-01
9.971157402340289355e-01,-7.495737643589053811e-02,1.189925608568245113e-02,2.507936287986368029e+01,7.491468106772664060e-02,9.971819454698485075e-01,3.994770267348492221e-03,1.591808508707646563e+00,-1.216516083186930386e-02,-3.091819337589975930e-03,9.999212216545453336e-01,2.425559820456923699e-01,0.000000000000000000e+00,0.000000000000000000e+00,0.000000000000000000e+00,1.000000000000000056e-01
9.971834049002665790e-01,-7.446589368209134696e-02,8.949171449831394912e-03,2.604289921720505063e+01,7.443100613839488677e-02,9.972174441103522913e-01,4.170669879366040167e-03,1.665303288080950406e+00,-9.234842539926171531e-03,-3.492826955905263455e-03,9.999512577336551189e-01,2.358719862119625921e-01,0.000000000000000000e+00,0.000000000000000000e+00,0.000000000000000000e+00,1.000000000000000056e-01
9.973397557651230150e-01,-7.246824042087277040e-02,7.859115768799574200e-03,2.698520108886235391e+01,7.243712178660047241e-02,9.973642435047874732e-01,4.174825193504622112e-03,1.741610363946646478e+00,-8.140943289203341274e-03,-3.594427412772454970e-03,9.999604017829587521e-01,2.494644521050526920e-01,0.000000000000000000e+00,0.000000000000000000e+00,0.000000000000000000e+00,1.000000000000000056e-01
9.973781401857342299e-01,-7.185510406941622574e-02,8.584258781004789479e-03,2.794056120048592717e+01,7.185020936415803527e-02,9.974150475948921901e-01,8.776363743631996174e-04,1.810569626553562905e+00,-8.625131533637735853e-03,-2.585545441704128642e-04,9.999627694347300588e-01,2.592626755434673802e-01,0.000000000000000000e+00,0.000000000000000000e+00,0.000000000000000000e+00,1.000000000000000056e-01
9.975016171884443228e-01,-6.921968612521979536e-02,1.411236192720172720e-02,2.894415008446400606e+01,6.928530920920845937e-02,9.975879817113034731e-01,-4.214815885940951905e-03,1.897436273377167693e+00,-1.378657441943618826e-02,5.182065022176077403e-03,9.998915324013316619e-01,2.643669997968068341e-01,0.000000000000000000e+00,0.000000000000000000e+00,0.000000000000000000e+00,1.000000000000000056e-01
9.974040039860627704e-01,-6.983315930973858776e-02,1.756652194917501797e-02,2.992378712823959219e+01,6.999389415307581686e-02,9.975094177384469241e-01,-8.707255847428345061e-03,1.931671839952125547e+00,-1.691471589646710572e-02,9.914201123904326993e-03,9.998077820272337490e-01,2.602481676437317648e-01,0.000000000000000000e+00,0.000000000000000000e+00,0.000000000000000000e+00,1.000000000000000056e-01
9.972293296885887948e-01,-7.159988181532368767e-02,2.017723798936877158e-02,3.083923050529208254e+01,7.189905529739239187e-02,9.973063216002213682e-01,-1.451298534341703174e-02,1.986612085985842935e+00,-1.908375896385343037e-02,1.592349899574235089e-02,9.996910784455076415e-01,2.685740414953020072e-01,0.000000000000000000e+00,0.000000000000000000e+00,0.000000000000000000e+00,1.000000000000000056e-01
9.974454231658189673e-01,-7.011052307641146841e-02,1.367999852018550629e-02,3.175429446504453068e+01,7.029723745975954841e-02,9.974322637244691370e-01,-1.368128966900423321e-02,2.052242719884137756e+00,-1.268566951668222663e-02,1.460800586777671536e-02,9.998128224590243640e-01,2.541232868042029858e-01,0.000000000000000000e+00,0.000000000000000000e+00,0.000000000000000000e+00,1.000000000000000056e-01
9.974859574349999036e-01,-6.988815847237311862e-02,1.172220223857214395e-02,3.274051993853072418e+01,7.005911503441408783e-02,9.974320207842688468e-01,-1.486890429065282869e-02,2.101454392317734676e+00,-1.065293952748519977e-02,1.565277034746000856e-02,9.998207367622825581e-01,2.584110728383531841e-01,0.000000000000000000e+00,0.000000000000000000e+00,0.000000000000000000e+00,1.000000000000000056e-01
9.973003203143555595e-01,-7.278015061228010341e-02,9.752988144029341167e-03,3.368969131758924362e+01,7.287476298432643551e-02,9.972936931056239906e-01,-9.724125242086449974e-03,2.182947905096960017e+00,-9.018870265282658699e-03,1.040861991809481114e-02,9.999051558075588986e-01,2.473371200428770567e-01,0.000000000000000000e+00,0.000000000000000000e+00,0.000000000000000000e+00,1.000000000000000056e-01
9.969801497923475031e-01,-7.682907043483917786e-02,1.130817651731676546e-02,3.464337353419202259e+01,7.696193306774053167e-02,9.969639173615649774e-01,-1.182405757594661051e-02,2.261881211332914088e+00,-1.036541260659218713e-02,1.265864981746452241e-02,9.998661494451613896e-01,2.598369563066991184e-01,0.000000000000000000e+00,0.000000000000000000e+00,0.000000000000000000e+00,1.000000000000000056e-01
9.969434494542323000e-01,-7.723457396894520266e-02,1.177196560189108787e-02,3.562119974020210122e+01,7.737130630899188843e-02,9.969344096978802749e-01,-1.163888827934594916e-02,2.338228719984002613e+00,-1.083695300057761074e-02,1.251412578546641508e-02,9.998629691640193995e-01,2.520731183929049712e-01,0.000000000000000000e+00,0.000000000000000000e+00,0.000000000000000000e+00,1.000000000000000056e-01
9.969752772874206359e-01,-7.674073916738807788e-02,1.229452844616594348e-02,3.659868833772798524e+01,7.687379818215378524e-02,9.969829640594696230e-01,-1.074190524273238405e-02,2.412029185186005620e+00,-1.143309366357866258e-02,1.165454105648362597e-02,9.998667191391273912e-01,2.541248530941466188e-01,0.000000000000000000e+00,0.000000000000000000e+00,0.000000000000000000e+00,1.000000000000000056e-01
9.969037565575089577e-01,-7.760651450896334513e-02,1.265421144509040578e-02,3.759642081185652529e+01,7.772012320338057834e-02,9.969368427913412045e-01,-8.747224387429829162e-03,2.495875319885698218e+00,-1.193660800974625201e-02,9.703627723834307855e-03,9.998816714982923237e-01,2.566546887839613045e-01,0.000000000000000000e+00,0.000000000000000000e+00,0.000000000000000000e+00,1.000000000000000056e-01
9.967884317491580992e-01,-7.858566704329517094e-02,1.539854754236235149e-02,3.858810818836931134e+01,7.875038586103613736e-02,9.968401278931108278e-01,-1.039885324372183222e-02,2.576787590951052476e+00,-1.453268928285341918e-02,1.157809817745967564e-02,9.998273593900104395e-01,2.733544523731871734e-01,0.000000000000000000e+00,0.000000000000000000e+00,0.000000000000000000e+00,1.000000000000000056e-01
9.966536843982292115e-01,-8.031665757604514178e-02,1.518775464798105893e-02,3.960840977805192864e+01,8.043180191653032107e-02,9.967346272601466106e-01,-7.127977345401035648e-03,2.632676852133092105e+00,-1.456566565231358010e-02,8.325703357004325678e-03,9.998592521188750526e-01,2.657436791814309918e-01,0.000000000000000000e+00,0.000000000000000000e+00,0.000000000000000000e+00,1.000000000000000056e-01
9.963240733887582801e-01,-8.396149756682379228e-02,1.699434354038143261e-02,4.062479486993856881e+01,8.416421846401338225e-02,9.963845368801954594e-01,-1.158615537528048800e-02,2.724930496597494312e+00,-1.596011016171544269e-02,1.297388116079967180e-02,9.997884542698276533e-01,2.769090788707871953e-01,0.000000000000000000e+00,0.000000000000000000e+00,0.000000000000000000e+00,1.000000000000000056e-01
9.964294749736650747e-01,-8.296869822070998546e-02,1.563638446914288743e-02,4.164706388654241209e+01,8.317062907417771545e-02,9.964539018628960632e-01,-1.273844266836999563e-02,2.818255644637801094e+00,-1.452404430975201381e-02,1.399344767277036460e-02,9.997965970931876889e-01,2.894374657687052155e-01,0.000000000000000000e+00,0.000000000000000000e+00,0.000000000000000000e+00,1.000000000000000056e-01
9.962903939760900940e-01,-8.471889277543832864e-02,1.510496864846205302e-02,4.270444194668680638e+01,8.491692066958821117e-02,9.963033727429470021e-01,-1.298868911873611587e-02,2.908200936339941478e+00,-1.394874384889551074e-02,1.422317362377662972e-02,9.998015472468052556e-01,2.982797828036010124e-01,0.000000000000000000e+00,0.000000000000000000e+00,0.000000000000000000e+00,1.000000000000000056e-01
9.964110266414509809e-01,-8.385763967995321644e-02,1.153092600951228890e-02,4.377773492085713514e+01,8.401188841874737689e-02,9.963717396575688667e-01,-1.361466180504673773e-02,2.988450432498206411e+00,-1.034739540394843775e-02,1.453453401581874735e-02,9.998408266965783664e-01,3.048921214945313207e-01,0.000000000000000000e+00,0.000000000000000000e+00,0.000000000000000000e+00,1.000000000000000056e-01
9.964433574239592861e-01,-8.333900002400829177e-02,1.245979617272993147e-02,4.481116371969844892e+01,8.351724377860400561e-02,9.964002022120067581e-01,-1.454328104305265684e-02,3.065164593347762256e+00,-1.120292092683236769e-02,1.553216362488921490e-02,9.998166064113142015e-01,3.125531830036125669e-01,0.000000000000000000e+00,0.000000000000000000e+00,0.000000000000000000e+00,1.000000000000000056e-01
9.964137178680946283e-01,-8.334830226214572091e-02,1.458640991810813449e-02,4.581819841018587169e+01,8.355551311103005807e-02,9.964016023599576721e-01,-1.422403048581098207e-02,3.163075101507188958e+00,-1.334837342276477649e-02,1.539179406459138290e-02,9.997924352596591069e-01,3.250742858655047418e-01,0.000000000000000000e+00,0.000000000000000000e+00,0.000000000000000000e+00,1.000000000000000056e-01
9.959979334223091341e-01,-8.851370626984481071e-02,1.238710704180533140e-02,4.676448779795794053e+01,8.865986498737565835e-02,9.959921401210307668e-01,-1.179343705411160098e-02,3.240718720391490226e+00,-1.129358042915644400e-02,1.284447817175186912e-02,9.998537265128262241e-01,3.384891978293572135e-01,0.000000000000000000e+00,0.000000000000000000e+00,0.000000000000000000e+00,1.000000000000000056e-01
9.962150688432227508e-01,-8.665038115806321384e-02,6.873722052528072682e-03,4.772094084335443398e+01,8.673028226723468459e-02,9.961555134739260575e-01,-1.233090075154998425e-02,3.344017631945108704e+00,-5.778818870569095781e-03,1.288038899494658995e-02,9.999003454503854194e-01,3.323204984414487306e-01,0.000000000000000000e+00,0.000000000000000000e+00,0.000000000000000000e+00,1.000000000000000056e-01
9.962782771972340523e-01,-8.605324071953406040e-02,4.943090791922744205e-03,4.866921589641432178e+01,8.611032731606559076e-02,9.962032183110549610e-01,-1.281246877914781097e-02,3.429569140752285250e+00,-3.821768495253658089e-03,1.319043548797822589e-02,9.999056988022451131e-01,3.398000162979598060e-01,0.000000000000000000e+00,0.000000000000000000e+00,0.000000000000000000e+00,1.000000000000000056e-01
9.963512165346366523e-01,-8.515646030360156382e-02,5.712318138090039486e-03,4.963553784397883817e+01,8.522983642585225950e-02,9.962609124786433457e-01,-1.414458377059610479e-02,3.534345843244215413e+00,-4.486456594250153203e-03,1.457983318773134994e-02,9.998836433162839876e-01,3.465742803774694014e-01,0.000000000000000000e+00,0.000000000000000000e+00,0.000000000000000000e+00,1.000000000000000056e-01
9.967570300010338835e-01,-7.994914832790392389e-02,9.140942246886154740e-03,5.064447480941417723e+01,8.009186159374354075e-02,9.966511066943432029e-01,-1.648833622260166554e-02,3.613561158822315100e+00,-7.792101768247029422e-03,1.716698012417291336e-02,9.998222731783131811e-01,3.622526116188383161e-01,0.000000000000000000e+00,0.000000000000000000e+00,0.000000000000000000e+00,1.000000000000000056e-01
9.968106095298234770e-01,-7.932730014052910561e-02,8.705640768843319471e-03,5.158881635469348481e+01,7.945730117228400058e-02,9.967135213725967224e-01,-1.577002230357058346e-02,3.698477367844382968e+00,-7.426036574020484365e-03,1.641145226518880493e-02,9.998377459444851567e-01,3.661888665548329591e-01,0.000000000000000000e+00,0.000000000000000000e+00,0.000000000000000000e+00,1.000000000000000056e-01
9.968817764703757911e-01,-7.774415918352467481e-02,1.351182645368202706e-02,5.253751014017182541e+01,7.798169087897660612e-02,9.967914831441843093e-01,-1.804425168503744070e-02,3.780668167633558951e+00,-1.206563835540339774e-02,1.904166074858010954e-02,9.997458854764107450e-01,3.927239760956774406e-01,0.000000000000000000e+00,0.000000000000000000e+00,0.000000000000000000e+00,1.000000000000000056e-01
9.970587937780324150e-01,-7.533369351665300528e-02,1.409242246862154810e-02,5.353559606515007374e+01,7.557524370489801524e-02,9.969869836978554334e-01,-1.747389126661439557e-02,3.876681376462334239e+00,-1.273358900076443367e-02,1.848753521135750033e-02,9.997480016248936341e-01,4.201203297748364873e-01,0.000000000000000000e+00,0.000000000000000000e+00,0.000000000000000000e+00,1.000000000000000056e-01
9.970655950633451337e-01,-7.496088381263574241e-02,1.552626932028471247e-02,5.450318319918394394e+01,7.526419549055313185e-02,9.969636335878228062e-01,-1.997033250912775768e-02,3.939606669453356691e+00,-1.398213210269775610e-02,2.108030363618721911e-02,9.996800091931762333e-01,4.148481770313541261e-01,0.000000000000000000e+00,0.000000000000000000e+00,0.000000000000000000e+00,1.000000000000000056e-01
9.969684775182474645e-01,-7.551453939191715703e-02,1.874591089742858735e-02,5.543916405136668146e+01,7.585481317581180272e-02,9.969535445099516613e-01,-1.815702087641465554e-02,4.014842284242413406e+00,-1.731768324604728015e-02,1.952394502836101234e-02,9.996593987041382245e-01,4.239752023964620253e-01,0.000000000000000000e+00,0.000000000000000000e+00,0.000000000000000000e+00,1.000000000000000056e-01
9.969644592766155888e-01,-7.424844305594326122e-02,2.343150961960814571e-02,5.638334349114606425e+01,7.463040586298945456e-02,9.970849760924571648e-01,-1.586987622603318326e-02,4.099502289978616432e+00,-2.218489260760367343e-02,1.757040564336788402e-02,9.995994754828139151e-01,4.350013431157830346e-01,0.000000000000000000e+00,0.000000000000000000e+00,0.000000000000000000e+00,1.000000000000000056e-01
9.968881730757299664e-01,-7.461450125107131626e-02,2.542924664214873953e-02,5.734083101903504343e+01,7.498970700308214832e-02,9.970841360777411566e-01,-1.413398124013339960e-02,4.165667430008276995e+00,-2.430049845837012334e-02,1.599693049176707099e-02,9.995767024043309412e-01,4.195803450650040789e-01,0.000000000000000000e+00,0.000000000000000000e+00,0.000000000000000000e+00,1.000000000000000056e-01
9.969096227907129348e-01,-7.533437761197396554e-02,2.226961016935531668e-02,5.822621618720933157e+01,7.558885145695364016e-02,9.970804314239738453e-01,-1.081382479980306024e-02,4.233188089808278320e+00,-2.138993975440642292e-02,1.246374025719218862e-02,9.996935158617885619e-01,4.210828464424372641e-01,0.000000000000000000e+00,0.000000000000000000e+00,0.000000000000000000e+00,1.000000000000000056e-01
9.970618798708827946e-01,-7.486889955661238383e-02,1.619430725666299101e-02,5.912724142932281524e+01,7.498323819428703851e-02,9.971631405887569910e-01,-6.571532626837762840e-03,4.312079746679846615e+00,-1.565636286754164622e-02,7.766526272965532281e-03,9.998472680221770492e-01,4.248970668097218906e-01,0.000000000000000000e+00,0.000000000000000000e+00,0.000000000000000000e+00,1.000000000000000056e-01
9.971460558923629369e-01,-7.489809651106114907e-02,9.487800447125495709e-03,6.011340822989222232e+01,7.496474055381587009e-02,9.971624893627234476e-01,-6.874407729798328454e-03,4.375344744442505096e+00,-8.945998658829600395e-03,7.566039053309516621e-03,9.999313597247763141e-01,4.285748471861485220e-01,0.000000000000000000e+00,0.000000000000000000e+00,0.000000000000000000e+00,1.000000000000000056e-01
9.972945667117760760e-01,-7.289225852371669645e-02,9.500834409805661296e-03,6.103625919092527852e+01,7.293065461786890635e-02,9.973299297801176966e-01,-3.759093214417609345e-03,4.456540438471658483e+00,-9.201457720383929284e-03,4.441825311424888421e-03,9.999478003194580689e-01,4.357161671419996218e-01,0.000000000000000000e+00,0.000000000000000000e+00,0.000000000000000000e+00,1.000000000000000056e-01
9.970863561983426271e-01,-7.548058897847038928e-02,1.102174988715336722e-02,6.197975918051687216e+01,7.551301840719558400e-02,9.971415405254007158e-01,-2.555818785664934218e-03,4.536324525962154297e+00,-1.079732995449754311e-02,3.380657642210040375e-03,9.999359923613910794e-01,4.369836847195968654e-01,0.000000000000000000e+00,0.000000000000000000e+00,0.000000000000000000e+00,1.000000000000000056e-01
9.971928169172052936e-01,-7.387388689553127386e-02,1.221207286562845350e-02,6.285390055408123544e+01,7.392156553512112260e-02,9.972579185078579433e-01,-3.499445986362229640e-03,4.605199738363972450e+00,-1.192006868964937995e-02,4.392357945446387357e-03,9.999193063213216437e-01,4.475586186030033886e-01,0.000000000000000000e+00,0.000000000000000000e+00,0.000000000000000000e+00,1.000000000000000056e-01
9.973705043803138270e-01,-7.108269656633632583e-02,1.411832996556171456e-02,6.365878014477519997e+01,7.112703183872125245e-02,9.974637112253171845e-01,-2.662729883123664005e-03,4.680320232835804894e+00,-1.389324778343259924e-02,3.659923151529663205e-03,9.998967859877103681e-01,4.488569231350837407e-01,0.000000000000000000e+00,0.000000000000000000e+00,0.000000000000000000e+00,1.000000000000000056e-01
9.972713963791489666e-01,-7.249603365974341407e-02,1.393151347082396962e-02,6.446305030297757810e+01,7.251314881524723033e-02,9.973671917572001222e-01,-7.266741045822153536e-04,4.752661524839794538e+00,-1.384215347697784898e-02,1.734909208520753372e-03,9.999026877037374694e-01,4.600669927344661625e-01,0.000000000000000000e+00,0.000000000000000000e+00,0.000000000000000000e+00,1.000000000000000056e-01
9.971768516095482759e-01,-7.334694269928400401e-02,1.607957122366662078e-02,6.524459951885658882e+01,7.335215917828162568e-02,9.973060663780808355e-01,2.659123219558920522e-04,4.816706004246842809e+00,-1.605575778196267206e-02,9.143096559047493273e-04,9.998706799781159615e-01,4.606556681113654350e-01,0.000000000000000000e+00,0.000000000000000000e+00,0.000000000000000000e+00,1.000000000000000056e-01
9.965989215156602077e-01,-8.121597705783688281e-02,1.394828678955872467e-02,6.605786979032804140e+01,8.122678145204119404e-02,9.966956237152493348e-01,-2.089062285801874608e-04,4.882964637384812789e+00,-1.388522987801079842e-02,1.341170164786798392e-03,9.999026960928867336e-01,4.654909888300555743e-01,0.000000000000000000e+00,0.000000000000000000e+00,0.000000000000000000e+00,1.000000000000000056e-01
9.965083822713995954e-01,-8.242272781203834053e-02,1.332433874009248710e-02,6.680494431870558003e+01,8.240379108119923190e-02,9.965970871487311866e-01,1.964968730126913452e-03,4.946635593107804318e+00,-1.344095525936158352e-02,-8.601317846389464625e-04,9.999092963339368811e-01,4.695557253232738870e-01,0.000000000000000000e+00,0.000000000000000000e+00,0.000000000000000000e+00,1.000000000000000056e-01
9.963621968488174385e-01,-8.360821302312476666e-02,1.649361711930115437e-02,6.758805152142468842e+01,8.355422838190512680e-02,9.964954558887612057e-01,3.936662616266296301e-03,5.032641940744012388e+00,-1.676495183717364307e-02,-2.544230360965911431e-03,9.998562213047271774e-01,4.794843339967445051e-01,0.000000000000000000e+00,0.000000000000000000e+00,0.000000000000000000e+00,1.000000000000000056e-01
9.966734953531559693e-01,-7.920429398547423894e-02,1.919956965103929505e-02,6.832528901510603703e+01,7.908422020233943361e-02,9.968438097674026110e-01,6.935779941608700289e-03,5.113667538011617886e+00,-1.968831571035034242e-02,-5.394325043330507746e-03,9.997916140285516562e-01,4.766545675837850493e-01,0.000000000000000000e+00,0.000000000000000000e+00,0.000000000000000000e+00,1.000000000000000056e-01
9.962054051651566544e-01,-8.437880035769879106e-02,2.133093457684390182e-02,6.904811632276557987e+01,8.418587318705064715e-02,9.964019959268538562e-01,9.787812253803348031e-03,5.203447107766940860e+00,-2.208006964345471390e-02,-7.954908118733195269e-03,9.997245570462709452e-01,4.845517031926406260e-01,0.000000000000000000e+00,0.000000000000000000e+00,0.000000000000000000e+00,1.000000000000000056e-01
9.963388109386578373e-01,-8.413408540362032895e-02,1.517990417090221179e-02,6.972808646207057848e+01,8.392244514666821753e-02,9.963728163252877357e-01,1.407956279928242876e-02,5.278308209293617104e+00,-1.630941500931028243e-02,-1.275408018285899628e-02,9.997856452363893531e-01,4.808688545034116579e-01,0.000000000000000000e+00,0.000000000000000000e+00,0.000000000000000000e+00,1.000000000000000056e-01
9.963097953549976404e-01,-8.529942648687768858e-02,9.528878249436397926e-03,7.041619955148307497e+01,8.516709091917723518e-02,9.962748935843143139e-01,1.352416496231103812e-02,5.353367417948364348e+00,-1.064698567893419302e-02,-1.266271118571981810e-02,9.998631393552718238e-01,4.880186832608891523e-01,0.000000000000000000e+00,0.000000000000000000e+00,0.000000000000000000e+00,1.000000000000000056e-01
9.966491748788613991e-01,-8.150164528642374340e-02,6.921273646567154339e-03,7.115575834681843048e+01,8.141642070853098712e-02,9.966101663929701759e-01,1.181281851158973682e-02,5.428547770316935583e+00,-7.860575824721058660e-03,-1.120973049552187288e-02,9.999062722525154934e-01,4.978242244821004525e-01,0.000000000000000000e+00,0.000000000000000000e+00,0.000000000000000000e+00,1.000000000000000056e-01
9.968364865010521658e-01,-7.930402636198875810e-02,5.281153568546070702e-03,7.186571856759746879e+01,7.924644541131210806e-02,9.968014079684013318e-01,1.034185485707055790e-02,5.494099194767342986e+00,-6.084412043041055075e-03,-9.890625611647513998e-03,9.999325754545156375e-01,5.005993114267303090e-01,0.000000000000000000e+00,0.000000000000000000e+00,0.000000000000000000e+00,1.000000000000000056e-01
9.968883305742780587e-01,-7.834366240225694444e-02,8.713605811037125615e-03,7.254147702382611840e+01,7.823272279705852095e-02,9.968577862844787418e-01,1.241752824707898113e-02,5.565687655973916570e+00,-9.659060440205684966e-03,-1.169719989611179949e-02,9.998849324127265792e-01,5.096360278013294387e-01,0.000000000000000000e+00,0.000000000000000000e+00,0.000000000000000000e+00,1.000000000000000056e-01
9.968541922899022412e-01,-7.835521316556672000e-02,1.192392065661458667e-02,7.312969872605252419e+01,7.818847717785339102e-02,9.968422350025563095e-01,1.386075581332279344e-02,5.602843662116437251e+00,-1.297233019372160887e-02,-1.288483934268721751e-02,9.998328358102959168e-01,5.322939690663670564e-01,0.000000000000000000e+00,0.000000000000000000e+00,0.000000000000000000e+00,1.000000000000000056e-01
9.968335098350751267e-01,-7.899999461269430201e-02,9.052873636560607520e-03,7.371458628561357784e+01,7.890916153439994640e-02,9.968317852596081385e-01,9.986797388573106365e-03,5.631646444642385951e+00,-9.813149128757697390e-03,-9.240819624725220283e-03,9.999091505516088940e-01,5.401624590489086941e-01,0.000000000000000000e+00,0.000000000000000000e+00,0.000000000000000000e+00,1.000000000000000056e-01
9.967990419827710280e-01,-7.963658728473273218e-02,7.048678448543865306e-03,7.434093269445411067e+01,7.959102342279743281e-02,9.968062473941444734e-01,6.524886705169295059e-03,5.668601627043448943e+00,-7.545786423000197009e-03,-5.942989285261050109e-03,9.999538699288151866e-01,5.523682359081021342e-01,0.000000000000000000e+00,0.000000000000000000e+00,0.000000000000000000e+00,1.000000000000000056e-01
9.969412186109204432e-01,-7.813328480935560760e-02,1.842943155110104547e-03,7.496150810571781165e+01,7.812307783456617916e-02,9.969307838047055670e-01,5.079075918879119231e-03,5.685825504675323216e+00,-2.234131649469555270e-03,-4.919563744433381319e-03,9.999854031676348454e-01,5.658437268351954597e-01,0.000000000000000000e+00,0.000000000000000000e+00,0.000000000000000000e+00,1.000000000000000056e-01
9.974231562507153148e-01,-7.169666380102679426e-02,2.575999740628171029e-03,7.557295038326469694e+01,7.168719836157780301e-02,9.974206804029613904e-01,3.596094487269481908e-03,5.741781819979384416e+00,-2.827183391465688030e-03,-3.402161709282339359e-03,9.999902161170253212e-01,5.871585734723233641e-01,0.000000000000000000e+00,0.000000000000000000e+00,0.000000000000000000e+00,1.000000000000000056e-01
9.977157253353606814e-01,-6.736565250795123472e-02,5.019988118817990570e-03,7.614422106891434794e+01,6.733332723679702481e-02,9.977103161504722317e-01,6.352014652626406487e-03,5.800211086251596981e+00,-5.436401544911755902e-03,-5.999492403756789653e-03,9.999672252774786108e-01,5.816793251542929921e-01,0.000000000000000000e+00,0.000000000000000000e+00,0.000000000000000000e+00,1.000000000000000056e-01
9.979087804973969522e-01,-6.413413469755320506e-02,8.054723632383898463e-03,7.669318549646961003e+01,6.409988178709218054e-02,9.979336050453128104e-01,4.441292170801334344e-03,5.818645721938893622e+00,-8.322917822421900536e-03,-3.915697621333490835e-03,9.999576972807697750e-01,5.916935386802144592e-01,0.000000000000000000e+00,0.000000000000000000e+00,0.000000000000000000e+00,1.000000000000000056e-01
9.983142627576601091e-01,-5.690648142059928638e-02,1.141425192277498689e-02,7.726151757565574485e+01,5.691358313902590560e-02,9.983790638900481573e-01,-2.980609138575420511e-04,5.810938392445788914e+00,-1.137878855180863256e-02,9.471844372512068164e-04,9.999348108815570013e-01,6.082837830646059540e-01,0.000000000000000000e+00,0.000000000000000000e+00,0.000000000000000000e+00,1.000000000000000056e-01
9.987983334813450575e-01,-4.682358697068553927e-02,1.447206751250133296e-02,7.781189344873649816e+01,4.691428556927147026e-02,9.988809447324231705e-01,-5.992333434196900517e-03,5.826596790244838786e+00,-1.417528992340527476e-02,6.664079355799673414e-03,9.998773180755362588e-01,6.119561128702403208e-01,0.000000000000000000e+00,0.000000000000000000e+00,0.000000000000000000e+00,1.000000000000000056e-01
9.993009585644213599e-01,-3.451672673985853312e-02,1.435931012948258277e-02,7.831547267058864747e+01,3.452438893730291891e-02,9.994038146713167814e-01,-2.859876330140353660e-04,5.862694062283408947e+00,-1.434087796247364953e-02,7.815341235901055589e-04,9.998968588927955592e-01,6.141684417886877911e-01,0.000000000000000000e+00,0.000000000000000000e+00,0.000000000000000000e+00,1.000000000000000056e-01
9.997559284651408307e-01,-1.562792458803358153e-02,1.561574435865900785e-02,7.882765189070832434e+01,1.559524028923674026e-02,9.998759386833749874e-01,2.212627930929618111e-03,5.877108213576609508e+00,-1.564838583129973815e-02,-1.968556605865863333e-03,9.998756186675241686e-01,6.154866302630550567e-01,0.000000000000000000e+00,0.000000000000000000e+00,0.000000000000000000e+00,1.000000000000000056e-01
9.999022548661570253e-01,8.251245643124073461e-04,1.395707286747726802e-02,7.932741264004913262e+01,-9.024203043148670573e-04,9.999842872311288655e-01,5.532714383152634828e-03,5.883136761263025427e+00,-1.395228838467231849e-02,-5.544768733189152886e-03,9.998872882422930042e-01,6.248777446492438381e-01,0.000000000000000000e+00,0.000000000000000000e+00,0.000000000000000000e+00,1.000000000000000056e-01
9.996456762825293163e-01,2.309055976880218172e-02,1.324190089103256286e-02,7.984965280820156863e+01,-2.315269917256662993e-02,9.997215467430443647e-01,4.558672912102348235e-03,5.871234784664949302e+00,-1.313295133125785309e-02,-4.863643413972417937e-03,9.999019304722200907e-01,6.355426286457465102e-01,0.000000000000000000e+00,0.000000000000000000e+00,0.000000000000000000e+00,1.000000000000000056e-01
9.987132166300237701e-01,4.855109941480538482e-02,1.465270193939740596e-02,8.035933519632737898e+01,-4.862673398363426269e-02,9.988052442090612493e-01,4.850245618774257084e-03,5.833249516674955615e+00,-1.439971078167907696e-02,-5.556517442720277505e-03,9.998808796268247034e-01,6.531842041303608237e-01,0.000000000000000000e+00,0.000000000000000000e+00,0.000000000000000000e+00,1.000000000000000056e-01
9.973310260983645481e-01,7.141879940471940191e-02,1.517166678950346119e-02,8.081633276376567210e+01,-7.151785661946846728e-02,9.974207314481913222e-01,6.089389288937617495e-03,5.836884255075693417e+00,-1.469763811435089058e-02,-7.158181957978604001e-03,9.998663610027672677e-01,6.474799056907695194e-01,0.000000000000000000e+00,0.000000000000000000e+00,0.000000000000000000e+00,1.000000000000000056e-01
9.944242369677215310e-01,1.043216453553436895e-01,1.540880402623174758e-02,8.130805341489072191e+01,-1.043459194597907147e-01,9.945407605197180700e-01,7.776612062485821443e-04,5.760434893060495831e+00,-1.524355677838294329e-02,-2.381170975536021049e-03,9.998809749172795636e-01,6.445673349067526647e-01,0.000000000000000000e+00,0.000000000000000000e+00,0.000000000000000000e+00,1.000000000000000056e-01
