1.000000000000000000e+00,-1.567689324123292965e-09,-5.545688488691763765e-11,1.777612721205005849e-16,1.567689324123143659e-09,1.000000000000000000e+00,-2.691444036386830979e-12,3.206926593542045468e-15,5.545688489113698256e-11,2.691443949447664634e-12,1.000000000000000000e+00,1.077779813747633729e-16,0.000000000000000000e+00,0.000000000000000000e+00,0.000000000000000000e+00,1.000000000000000056e-01
9.999820430689092543e-01,-5.917571222710856643e-03,-9.465149519819189387e-04,6.406216088680682930e-01,5.916041342996562064e-03,9.999812023196682498e-01,-1.611043804055680480e-03,7.001326448238926435e-03,9.560306261498288920e-04,1.605415253065417373e-03,9.999982543221298537e-01,8.287467306243540693e-03,0.000000000000000000e+00,0.000000000000000000e+00,0.000000000000000000e+00,1.000000000000000056e-01
9.999351192789004417e-01,-1.130384852337479838e-02,-1.407210450427217110e-03,1.303354957776882594e+00,1.130450797134715211e-02,9.999359954863915600e-01,4.615519092688253125e-04,1.595118495359231989e-02,1.401903069738743342e-03,-4.774297852023445766e-04,9.999989033636903502e-01,1.336788492176102690e-02,0.000000000000000000e+00,0.000000000000000000e+00,0.000000000000000000e+00,1.000000000000000056e-01
9.998133550448224938e-01,-1.920353976441200108e-02,-2.116396591484051397e-03,2.028911269733429279e+00,1.920776777703516250e-02,9.998135217209657144e-01,1.995855942590015093e-03,2.290280025850719922e-02,2.077674430532351797e-03,-2.036134680400403761e-03,9.999957687033100839e-01,1.893772316713301235e-02,0.000000000000000000e+00,0.000000000000000000e+00,0.000000000000000000e+00,1.000000000000000056e-01
9.996297274740685301e-01,-2.716132249248709440e-02,-1.634169690898718864e-03,2.746099263955898540e+00,2.716772003571563815e-02,9.996227697080934949e-01,4.029053137015157354e-03,4.246660909393570188e-02,1.524118820995360758e-03,-4.071957953986191439e-03,9.999905480654507350e-01,2.501294602653148999e-02,0.000000000000000000e+00,0.000000000000000000e+00,0.000000000000000000e+00,1.000000000000000056e-01
9.994357904147574967e-01,-3.353347404335696447e-02,-1.899198939681750109e-03,3.443796992535153478e+00,3.353740184717485251e-02,9.994353080776527953e-01,2.075486706391850046e-03,5.941143407126261988e-02,1.828528197785457771e-03,-2.138009894925895285e-03,9.999960426913293565e-01,3.096253528449881623e-02,0.000000000000000000e+00,0.000000000000000000e+00,0.000000000000000000e+00,1.000000000000000056e-01
9.991200279361133196e-01,-4.189954616196003845e-02,-1.896788960839942062e-03,4.182040178404711206e+00,4.190715608427870997e-02,9.991128164232021547e-01,4.167772525544255827e-03,9.712369098613005125e-02,1.720478383498642893e-03,-4.243594033193999471e-03,9.999895158769482872e-01,4.494556315143929948e-02,0.000000000000000000e+00,0.000000000000000000e+00,0.000000000000000000e+00,1.000000000000000056e-01
9.988765568673273476e-01,-4.730194828917796274e-02,-2.854790521353599893e-03,4.952320536847196308e+00,4.731908025239118382e-02,9.988601721573846515e-01,6.265869595489657017e-03,1.371787053156454383e-01,2.555148712039942340e-03,-6.393916309106077896e-03,9.999762942436642987e-01,5.320845168794739732e-02,0.000000000000000000e+00,0.000000000000000000e+00,0.000000000000000000e+00,1.000000000000000056e-01
9.985206116765371620e-01,-5.434926043751243246e-02,-1.657089921947694881e-03,5.737870024923017453e+00,5.435818931311896945e-02,9.985039016879628804e-01,5.928369802412790900e-03,1.899579368396534240e-01,1.332408238151358212e-03,-6.009675849036027161e-03,9.999810540627639410e-01,5.605369594128056104e-02,0.000000000000000000e+00,0.000000000000000000e+00,0.000000000000000000e+00,1.000000000000000056e-01
9.980576481031829816e-01,-6.226471407024061766e-02,2.009090464395676262e-03,6.546297721904833722e+00,6.225465133760919867e-02,9.980490746907447752e-01,4.733169739273792968e-03,2.395467769816593817e-01,-2.299880339421901849e-03,-4.598901031686089373e-03,9.999867802424815544e-01,5.842134514364788478e-02,0.000000000000000000e+00,0.000000000000000000e+00,0.000000000000000000e+00,1.000000000000000056e-01
9.978582310645193187e-01,-6.530419358851366485e-02,3.783252111906310142e-03,7.370539513873260340e+00,6.528193598152429167e-02,9.978503785870389553e-01,5.735049102422003914e-03,3.073616519477158637e-01,-4.149642308980124733e-03,-5.475787930239546172e-03,9.999763978290940880e-01,6.856691180125441820e-02,0.000000000000000000e+00,0.000000000000000000e+00,0.000000000000000000e+00,1.000000000000000056e-01
9.975242504811568933e-01,-7.024685383174958386e-02,3.278601645061334120e-03,8.187356355328404334e+00,7.022765354351123701e-02,9.975150231807873302e-01,5.644041672930137643e-03,3.681391637327969257e-01,-3.666930566392551452e-03,-5.399819939037497213e-03,9.999786975555265967e-01,7.378165718696899633e-02,0.000000000000000000e+00,0.000000000000000000e+00,0.000000000000000000e+00,1.000000000000000056e-01
9.972381352094449314e-01,-7.418393839533536649e-02,3.583987743540782613e-03,9.020234612966159915e+00,7.416129400859304555e-02,9.972276966459941994e-01,6.084694987926451450e-03,4.424400235245333213e-01,-4.025438480437390498e-03,-5.802096714306109564e-03,9.999750654485131118e-01,7.790019370486303552e-02,0.000000000000000000e+00,0.000000000000000000e+00,0.000000000000000000e+00,1.000000000000000056e-01
9.970373804690649822e-01,-7.679015019197894809e-02,4.442384593681493465e-03,9.801247152441019850e+00,7.676976686606566680e-02,9.970382799892757442e-01,4.590330201244297373e-03,5.259057862203674327e-01,-4.781719639919379886e-03,-4.235689969750320791e-03,9.999795968357381160e-01,8.880465307111631845e-02,0.000000000000000000e+00,0.000000000000000000e+00,0.000000000000000000e+00,1.000000000000000056e-01
9.967869575843676389e-01,-7.995120737676056355e-02,4.854444221360685284e-03,1.057691117395198965e+01,7.992427207671265466e-02,9.967857084608175988e-01,5.510185230411380856e-03,5.621609339915200065e-01,-5.279386584413517207e-03,-5.104492850818821183e-03,9.999730357514787782e-01,9.225424125214978788e-02,0.000000000000000000e+00,0.000000000000000000e+00,0.000000000000000000e+00,1.000000000000000056e-01
9.965569465516714853e-01,-8.271870884620184661e-02,5.645129442819237474e-03,1.137780535648253633e+01,8.269564493347190959e-02,9.965659822564536530e-01,4.203964589151194982e-03,6.437252110696504159e-01,-5.973490490997720483e-03,-3.722662494368999576e-03,9.999752292908594686e-01,1.066593484602945396e-01,0.000000000000000000e+00,0.000000000000000000e+00,0.000000000000000000e+00,1.000000000000000056e-01
9.962688545579818644e-01,-8.617663903853771401e-02,4.685757329227861583e-03,1.223641336050648754e+01,8.614394092319264951e-02,9.962596160393740741e-01,6.782248248214814423e-03,7.248227775302760190e-01,-5.252702156826394471e-03,-6.353293091027429826e-03,9.999660218162170766e-01,1.003179456215061854e-01,0.000000000000000000e+00,0.000000000000000000e+00,0.000000000000000000e+00,1.000000000000000056e-01
9.960126266696709418e-01,-8.918112912827592942e-02,2.360873141142206741e-03,1.311229038924341062e+01,8.916621851639959517e-02,9.959998304791702894e-01,5.807164622228750371e-03,8.270707497086544624e-01,-2.869318746404602230e-03,-5.573499158496660229e-03,9.999803513654964560e-01,1.005458902060698961e-01,0.000000000000000000e+00,0.000000000000000000e+00,0.000000000000000000e+00,1.000000000000000056e-01
9.962972813960142560e-01,-8.597484621606527044e-02,-2.300022504247901283e-04,1.398608543629224599e+01,8.597311978595628679e-02,9.962517427713849516e-01,9.543987596797566531e-03,9.188818537531356911e-01,-5.914027230956674227e-04,-9.528422907393505753e-03,9.999544286614850952e-01,1.092439227054181339e-01,0.000000000000000000e+00,0.000000000000000000e+00,0.000000000000000000e+00,1.000000000000000056e-01
9.947915689245314663e-01,-1.019288748987703802e-01,4.887315623061253347e-04,1.494064322545378687e+01,1.019188245387040309e-01,9.947417598445145170e-01,1.006898336908811260e-02,1.039721443867000827e+00,-1.512481840565535994e-03,-9.966728816864974319e-03,9.999491870667094329e-01,1.110189508516116752e-01,0.000000000000000000e+00,0.000000000000000000e+00,0.000000000000000000e+00,1.000000000000000056e-01
9.940520841717964684e-01,-1.088865143484936265e-01,2.044736350466967636e-03,1.591587393021468699e+01,1.088613953486514546e-01,9.940079975854615446e-01,9.863941346419895576e-03,1.167635169022132047e+00,-3.106534476267524322e-03,-9.582678601325110221e-03,9.999492595698901143e-01,1.187125101285573664e-01,0.000000000000000000e+00,0.000000000000000000e+00,0.000000000000000000e+00,1.000000000000000056e-01
9.937617966836088668e-01,-1.114832350165953223e-01,2.996625168450959501e-03,1.683971890574120778e+01,1.114496975731526507e-01,9.937229591657881222e-01,9.677052115296071524e-03,1.282479508366649590e+00,-4.056644305141158743e-03,-9.282711727933585719e-03,9.999486861334223597e-01,1.258535953465634294e-01,0.000000000000000000e+00,0.000000000000000000e+00,0.000000000000000000e+00,1.000000000000000056e-01
9.933889080476671074e-01,-1.147599742059375733e-01,2.936952181449483962e-03,1.772866073064567161e+01,1.147305350933500584e-01,9.933580863917971238e-01,8.753086154064157465e-03,1.379885299918248043e+00,-3.921949140051625773e-03,-8.358260601311666427e-03,9.999573779890137404e-01,1.357086622412234378e-01,0.000000000000000000e+00,0.000000000000000000e+00,0.000000000000000000e+00,1.000000000000000056e-01
9.930455472856567489e-01,-1.176927346284392384e-01,2.993531661822943467e-03,1.863897996480999808e+01,1.176622778305403128e-01,9.930140852989152167e-01,8.866497261465910648e-03,1.489092850583612071e+00,-4.016141414255942899e-03,-8.452609871431262037e-03,9.999562110385145086e-01,1.416735000293717628e-01,0.000000000000000000e+00,0.000000000000000000e+00,0.000000000000000000e+00,1.000000000000000056e-01
9.925501187758128951e-01,-1.218135078482682904e-01,2.393955684564055744e-03,1.956410275437345447e+01,1.217964459709436759e-01,9.925350573610226546e-01,6.307587351636210517e-03,1.598327179702463408e+00,-3.144434284060706585e-03,-5.969021280863496225e-03,9.999772414000139831e-01,1.524813876665859214e-01,0.000000000000000000e+00,0.000000000000000000e+00,0.000000000000000000e+00,1.000000000000000056e-01
9.923146361579689989e-01,-1.236654405621853275e-01,4.303681823531304955e-03,2.048786732007959088e+01,1.236457427286836858e-01,9.923158669853974212e-01,4.577164416004026251e-03,1.716491259415272586e+00,-4.836648813977458168e-03,-4.009855306563774036e-03,9.999802637495754931e-01,1.660712536464459266e-01,0.000000000000000000e+00,0.000000000000000000e+00,0.000000000000000000e+00,1.000000000000000056e-01
9.924736935247797653e-01,-1.223334785233159555e-01,5.521566233137482731e-03,2.140935287606109583e+01,1.223086236592050985e-01,9.924812893419422410e-01,4.635826220511142341e-03,1.837697430651533681e+00,-6.047167921635944639e-03,-3.925600405191526608e-03,9.999740103730627716e-01,1.677180680383019151e-01,0.000000000000000000e+00,0.000000000000000000e+00,0.000000000000000000e+00,1.000000000000000056e-01
9.923905756205430029e-01,-1.227306896092137667e-01,9.905717923208002748e-03,2.236232622689324856e+01,1.227115421270339735e-01,9.924391793545337404e-01,2.520458471147449774e-03,1.961035946735224078e+00,-1.014016017292135828e-02,-1.285733310777437046e-03,9.999477606562859888e-01,1.725322544975135819e-01,0.000000000000000000e+00,0.000000000000000000e+00,0.000000000000000000e+00,1.000000000000000056e-01
9.926376624428375761e-01,-1.204461219830487567e-01,1.277508509810693083e-02,2.332497766228869907e+01,1.204167797420513247e-01,9.927187568436299792e-01,3.044497888336489613e-03,2.089147522364520615e+00,-1.304876456120000749e-02,-1.483748658745783627e-03,9.999137603980375877e-01,1.721082379837594600e-01,0.000000000000000000e+00,0.000000000000000000e+00,0.000000000000000000e+00,1.000000000000000056e-01
9.929221749564933752e-01,-1.180415627646043131e-01,1.310511120734178352e-02,2.424307630017035464e+01,1.180388450438570325e-01,9.930084914078117775e-01,9.833883739966660723e-04,2.192771439233371922e+00,-1.312956741020518230e-02,5.704840679502319297e-04,9.999136407748167032e-01,1.688237532246324724e-01,0.000000000000000000e+00,0.000000000000000000e+00,0.000000000000000000e+00,1.000000000000000056e-01
9.929485104048997313e-01,-1.179608404851723857e-01,1.176842371443569471e-02,2.519407513308621560e+01,1.179651535160840536e-01,9.930176806271205914e-01,3.294204920485288481e-04,2.303314930004425776e+00,-1.172511153966122183e-02,1.061166323239294811e-03,9.999306954411475434e-01,1.658106117848653360e-01,0.000000000000000000e+00,0.000000000000000000e+00,0.000000000000000000e+00,1.000000000000000056e-01
9.931344606516878670e-01,-1.167348231272150316e-01,7.544808515719658888e-03,2.613363653402188191e+01,1.167377975145820479e-01,9.931627683682764385e-01,4.645972059778705806e-05,2.424054047425646008e+00,-7.498646379547206468e-03,8.346235792364642891e-04,9.999715364478908297e-01,1.620130287694361293e-01,0.000000000000000000e+00,0.000000000000000000e+00,0.000000000000000000e+00,1.000000000000000056e-01
9.930461954951139703e-01,-1.175416305323722238e-01,6.574093433416708376e-03,2.707298947443941728e+01,1.175526248390172529e-01,9.930657899897095131e-01,-1.310399012272132598e-03,2.538060052075005402e+00,-6.374480852371649034e-03,2.074088692752477751e-03,9.999775318225692100e-01,1.637392807472321243e-01,0.000000000000000000e+00,0.000000000000000000e+00,0.000000000000000000e+00,1.000000000000000056e-01
9.931237828289521952e-01,-1.168305675914433767e-01,7.467961955811191002e-03,2.802573957592933596e+01,1.168529190474755924e-01,9.931457522564715035e-01,-2.628704055520805338e-03,2.651085901858301508e+00,-7.109661707590390553e-03,3.483281669428662641e-03,9.999686592384858796e-01,1.660656441334214251e-01,0.000000000000000000e+00,0.000000000000000000e+00,0.000000000000000000e+00,1.000000000000000056e-01
9.930547008695436162e-01,-1.171939220436878509e-01,1.038969282122203727e-02,2.903142060076363862e+01,1.172565425233123709e-01,9.930856651227317755e-01,-5.636041449458078882e-03,2.770328371826137559e+00,-9.657345203521374571e-03,6.815156913775716717e-03,9.999301422198756395e-01,1.708751300319362176e-01,0.000000000000000000e+00,0.000000000000000000e+00,0.000000000000000000e+00,1.000000000000000056e-01
9.931223225460561466e-01,-1.161488917832517731e-01,1.474745395821864223e-02,2.998487512776193853e+01,1.162803054470044339e-01,9.931810223064667653e-01,-8.387341380492789600e-03,2.878350281559824975e+00,-1.367271099228909402e-02,1.004449440260894374e-02,9.998560721955521702e-01,1.697917995758684850e-01,0.000000000000000000e+00,0.000000000000000000e+00,0.000000000000000000e+00,1.000000000000000056e-01
9.929553864056249735e-01,-1.174688860297343346e-01,1.551326603230997019e-02,3.091221625866814193e+01,1.177074530318771434e-01,9.929276548932807200e-01,-1.547991113922677318e-02,2.966290404718376017e+00,-1.358514294383288308e-02,1.719688817964479949e-02,9.997598266224405616e-01,1.736826778944457750e-01,0.000000000000000000e+00,0.000000000000000000e+00,0.000000000000000000e+00,1.000000000000000056e-01
9.930579776749077769e-01,-1.170273039447070201e-01,1.185171327933327162e-02,3.186277110124941458e+01,1.172351574345208008e-01,9.929281436020630514e-01,-1.869811499226319701e-02,3.068531478380064570e+00,-9.579709678559637787e-03,1.995774973272120001e-02,9.997549286640604604e-01,1.752306262436611195e-01,0.000000000000000000e+00,0.000000000000000000e+00,0.000000000000000000e+00,1.000000000000000056e-01
9.928130689559782063e-01,-1.193901192251386884e-01,8.258906805331629394e-03,3.286084006405041436e+01,1.195240453662181485e-01,9.926632893933415858e-01,-1.826462345861899067e-02,3.185375261405308578e+00,-6.017698023846764117e-03,1.912049482095269648e-02,9.997990768090835312e-01,1.703493864531441804e-01,0.000000000000000000e+00,0.000000000000000000e+00,0.000000000000000000e+00,1.000000000000000056e-01
9.926775667885842092e-01,-1.206151736574336969e-01,6.574821540008287876e-03,3.382939346178042683e+01,1.207164837830640852e-01,9.925206297617573670e-01,-1.817498391685189174e-02,3.306816481294728938e+00,-4.333467174108037584e-03,1.883558814881314269e-02,9.998132033941836694e-01,1.718747941931698109e-01,0.000000000000000000e+00,0.000000000000000000e+00,0.000000000000000000e+00,1.000000000000000056e-01
9.924695258378433138e-01,-1.222432459229907953e-01,7.799301854504021164e-03,3.479385541609060795e+01,1.223691490634348233e-01,9.923125654179693056e-01,-1.848144667225389004e-02,3.426996889470793839e+00,-5.480113201143039722e-03,1.929666654683372812e-02,9.997987832656544116e-01,1.826518597136418121e-01,0.000000000000000000e+00,0.000000000000000000e+00,0.000000000000000000e+00,1.000000000000000056e-01
9.923757911128101572e-01,-1.228935315673488488e-01,9.352492295067014669e-03,3.576988479975670998e+01,1.230443081328896210e-01,9.922424035225937411e-01,-1.775136298442116581e-02,3.562022482753597785e+00,-7.098411746494405136e-03,1.876679382876031074e-02,9.997986897371220483e-01,1.792514146338999581e-01,0.000000000000000000e+00,0.000000000000000000e+00,0.000000000000000000e+00,1.000000000000000056e-01
9.923536303150566340e-01,-1.229388857230126336e-01,1.096826229226172643e-02,3.674085552505061969e+01,1.231217309546384225e-01,9.922295134778359449e-01,-1.793410020799912283e-02,3.678371027073717769e+00,-8.678235261931887060e-03,1.914740088682969840e-02,9.997790082173247939e-01,1.913640275166789140e-01,0.000000000000000000e+00,0.000000000000000000e+00,0.000000000000000000e+00,1.000000000000000056e-01
9.921114842303609960e-01,-1.246350871561125173e-01,1.344982928584725901e-02,3.772863499931312248e+01,1.248526496423684184e-01,9.920335522888327207e-01,-1.677042070074162561e-02,3.818204111809447632e+00,-1.125249907843582295e-02,1.831737379615589606e-02,9.997689008374394115e-01,1.937511279560877597e-01,0.000000000000000000e+00,0.000000000000000000e+00,0.000000000000000000e+00,1.000000000000000056e-01
9.922210835703508813e-01,-1.237025770581876710e-01,1.396401617164459708e-02,3.873117902614133357e+01,1.239188243601562073e-01,9.921656587050576848e-01,-1.585656506169532548e-02,3.958886138413286293e+00,-1.189311934168530566e-02,1.746362263455551039e-02,9.997767628809954843e-01,2.046783441897360445e-01,0.000000000000000000e+00,0.000000000000000000e+00,0.000000000000000000e+00,1.000000000000000056e-01
9.923355500612569546e-01,-1.226333629914270335e-01,1.520573464306978345e-02,3.975792263436017748e+01,1.228181372102171293e-01,9.923581293118004520e-01,-1.187637827775361171e-02,4.102341166321856747e+00,-1.363309417684911012e-02,1.365289237476488907e-02,9.998138513108169034e-01,2.048600643839517399e-01,0.000000000000000000e+00,0.000000000000000000e+00,0.000000000000000000e+00,1.000000000000000056e-01
9.919074623000539992e-01,-1.261363046981660851e-01,1.446440011055610819e-02,4.075835770390291657e+01,1.263478450801631403e-01,9.918758535964093959e-01,-1.478218847103586996e-02,4.223239106209502047e+00,-1.248231857732954100e-02,1.649010883789234216e-02,9.997861111425025982e-01,2.188489234005240591e-01,0.000000000000000000e+00,0.000000000000000000e+00,0.000000000000000000e+00,1.000000000000000056e-01
9.921079432298909317e-01,-1.246359880344923565e-01,1.370034550007699116e-02,4.176534857857700445e+01,1.248154136492073685e-01,9.920931265276918820e-01,-1.312786395749364690e-02,4.343782496517626157e+00,-1.195581430655635359e-02,1.473427240060000420e-02,9.998199636540030522e-01,2.410819513567997174e-01,0.000000000000000000e+00,0.000000000000000000e+00,0.000000000000000000e+00,1.000000000000000056e-01
9.923290035990547375e-01,-1.232380102500238994e-01,9.774530460442746455e-03,4.277504970867370560e+01,1.233480130758448090e-01,9.922958413126736765e-01,-1.158580958821597666e-02,4.451644949085904024e+00,-8.271413805894006072e-03,1.270260379560767157e-02,9.998851071850523020e-01,2.487078023352349565e-01,0.000000000000000000e+00,0.000000000000000000e+00,0.000000000000000000e+00,1.000000000000000056e-01
9.926016743466629100e-01,-1.211052849946972626e-01,8.684816092148356370e-03,4.381045317391311045e+01,1.212034963039687746e-01,9.925569676521081020e-01,-1.184814115994296813e-02,4.584444938220858745e+00,-7.185302213206706812e-03,1.281311482838035434e-02,9.998920919381749650e-01,2.573734687646132002e-01,0.000000000000000000e+00,0.000000000000000000e+00,0.000000000000000000e+00,1.000000000000000056e-01
9.925661498893307844e-01,-1.211891448815006211e-01,1.120844577812106849e-02,4.479656065130438947e+01,1.213389958292137305e-01,9.925148481556956837e-01,-1.382477058161885042e-02,4.706815109599843616e+00,-9.449136734563868406e-03,1.508202086482410623e-02,9.998416106872151099e-01,2.686570859845976988e-01,0.000000000000000000e+00,0.000000000000000000e+00,0.000000000000000000e+00,1.000000000000000056e-01
9.923794247477968344e-01,-1.227983029012438138e-01,1.018106781267038262e-02,4.575536614265073609e+01,1.229225341250058251e-01,9.923358345717054885e-01,-1.263495267753236666e-02,4.827979055292267674e+00,-8.551487678678892576e-03,1.379014972547717814e-02,9.998683432477649680e-01,2.716417322332064788e-01,0.000000000000000000e+00,0.000000000000000000e+00,0.000000000000000000e+00,1.000000000000000056e-01
9.919009061579283637e-01,-1.268631597781294806e-01,6.191207813457714169e-03,4.666053767666532792e+01,1.269361787766747629e-01,9.918213247179935577e-01,-1.332915421999664868e-02,4.948483133935707379e+00,-4.449593313629258799e-03,1.400708841098606550e-02,9.998919954643051833e-01,2.859988539563367294e-01,0.000000000000000000e+00,0.000000000000000000e+00,0.000000000000000000e+00,1.000000000000000056e-01
9.921965338435860815e-01,-1.245893993182181081e-01,4.849722290930745527e-03,4.761511776226403470e+01,1.246419894048919619e-01,9.921202573538159264e-01,-1.271886100988687228e-02,5.070528400536241875e+00,-3.226872474139039215e-03,1.322408884285094545e-02,9.999073510922459329e-01,2.882360650564180782e-01,0.000000000000000000e+00,0.000000000000000000e+00,0.000000000000000000e+00,1.000000000000000056e-01
9.922335619718941624e-01,-1.243051072990793149e-01,4.560569693757630765e-03,4.855470538128524538e+01,1.243506385464773212e-01,9.921701129368031280e-01,-1.163553557232003231e-02,5.197266964554005497e+00,-3.078504450312173971e-03,1.211227865992826024e-02,9.999219047085695644e-01,3.003882321694101298e-01,0.000000000000000000e+00,0.000000000000000000e+00,0.000000000000000000e+00,1.000000000000000056e-01
9.926430727194384129e-01,-1.208416684220848941e-01,7.551248577459836013e-03,4.951385433327359209e+01,1.209372869207402251e-01,9.925636600572285140e-01,-1.384028056251378723e-02,5.328061150669209489e+00,-5.822612331441556939e-03,1.465168614069489554e-02,9.998757049148020437e-01,3.021267690508196435e-01,0.000000000000000000e+00,0.000000000000000000e+00,0.000000000000000000e+00,1.000000000000000056e-01
9.929387450487134892e-01,-1.182220836637730144e-01,9.807523402057009496e-03,5.049947029234874663e+01,1.183728055197624807e-01,9.928311946061135762e-01,-1.655590318822451612e-02,5.455093863580390945e+00,-7.779941803544071846e-03,1.759994179516585766e-02,9.998148401350823722e-01,3.241566741268547269e-01,0.000000000000000000e+00,0.000000000000000000e+00,0.000000000000000000e+00,1.000000000000000056e-01
9.930939547639228149e-01,-1.169316962270425947e-01,9.559049577139874104e-03,5.141607138486331507e+01,1.170753462058937294e-01,9.929912133660830920e-01,-1.618065167179816993e-02,5.581395284748715824e+00,-7.600021192188374797e-03,1.718803639804647454e-02,9.998233899457732443e-01,3.279980683308439393e-01,0.000000000000000000e+00,0.000000000000000000e+00,0.000000000000000000e+00,1.000000000000000056e-01
9.930589569959988872e-01,-1.172199085314054312e-01,9.664417929078086833e-03,5.235108444547145723e+01,1.173888362515513595e-01,9.928983532780801813e-01,-1.930598822084107422e-02,5.701395539874782870e+00,-7.332738473817403818e-03,2.030647930010858263e-02,9.997669117573899644e-01,3.408169011309835073e-01,0.000000000000000000e+00,0.000000000000000000e+00,0.000000000000000000e+00,1.000000000000000056e-01
9.932086757618039385e-01,-1.161601301587961849e-01,6.584113681841669008e-03,5.331615303578009701e+01,1.162798333544584478e-01,9.929647578495994775e-01,-2.236045669805403896e-02,5.821831917626508535e+00,-3.940399287288065544e-03,2.297419922821476723e-02,9.997282927992380275e-01,3.646357685039198215e-01,0.000000000000000000e+00,0.000000000000000000e+00,0.000000000000000000e+00,1.000000000000000056e-01
9.929812316618724655e-01,-1.179836382983176085e-01,8.254372245213461787e-03,5.424991630367757267e+01,1.181613513986986136e-01,9.926516046611008059e-01,-2.608997507425009355e-02,5.942132328094920091e+00,-5.115525672308751312e-03,2.688220336269874639e-02,9.996255191517784411e-01,3.651127460161568972e-01,0.000000000000000000e+00,0.000000000000000000e+00,0.000000000000000000e+00,1.000000000000000056e-01
9.929808324576495648e-01,-1.176209248918299588e-01,1.242515188252707806e-02,5.518672445122510339e+01,1.179242604668369054e-01,9.926435495868864978e-01,-2.743450850472987576e-02,6.052220022930869803e+00,-9.106874604548759189e-03,2.870716794002827268e-02,9.995463787857969962e-01,3.777386868450744450e-01,0.000000000000000000e+00,0.000000000000000000e+00,0.000000000000000000e+00,1.000000000000000056e-01
9.927275526778749359e-01,-1.190841230149370794e-01,1.763456265293680131e-02,5.612584864430436227e+01,1.195112721372684622e-01,9.925038597612768632e-01,-2.555668583950976638e-02,6.173020128202908019e+00,-1.445897597787555722e-02,2.747835520425067138e-02,9.995178227570232776e-01,3.992580002418876228e-01,0.000000000000000000e+00,0.000000000000000000e+00,0.000000000000000000e+00,1.000000000000000056e-01
9.927308529369357482e-01,-1.189096890530190048e-01,1.859944828263136729e-02,5.707693459710336015e+01,1.193171005805848534e-01,9.925992515039450126e-01,-2.258662043889424209e-02,6.297650993938098907e+00,-1.577603043057874965e-02,2.464166721474841948e-02,9.995718608988205522e-01,3.955192399359259703e-01,0.000000000000000000e+00,0.000000000000000000e+00,0.000000000000000000e+00,1.000000000000000056e-01
9.928119078897812422e-01,-1.189633407488864536e-01,1.312398987034701925e-02,5.795724197228019392e+01,1.192582721058236817e-01,9.925581917975461188e-01,-2.461098189668650335e-02,6.402798956403580100e+00,-1.009851902934075923e-02,2.599922024696211045e-02,9.996109545518016004e-01,4.066621556126555070e-01,0.000000000000000000e+00,0.000000000000000000e+00,0.000000000000000000e+00,1.000000000000000056e-01
9.928416647032021203e-01,-1.191970121465326798e-01,7.582949605116642844e-03,5.886848449741633971e+01,1.193483094905571223e-01,9.925544306966834762e-01,-2.432453753165375251e-02,6.508130101862703576e+00,-4.627078032688866985e-03,2.505542655238538960e-02,9.996753551774483215e-01,4.139120369261100052e-01,0.000000000000000000e+00,0.000000000000000000e+00,0.000000000000000000e+00,1.000000000000000056e-01
9.930155126159954104e-01,-1.179082980909992306e-01,4.221959885625081906e-03,5.982075146110832264e+01,1.179764702068808735e-01,9.927179092896697421e-01,-2.434553456122718132e-02,6.634854115680073328e+00,-1.320674644532686751e-03,2.467358540688853810e-02,9.996946883932374961e-01,4.247380692911732480e-01,0.000000000000000000e+00,0.000000000000000000e+00,0.000000000000000000e+00,1.000000000000000056e-01
9.928080401285911405e-01,-1.197105836981678523e-01,1.253637375720310270e-03,6.073265771314341066e+01,1.197097574528533798e-01,9.925759690147248904e-01,-2.150627129604322160e-02,6.752187182084655070e+00,1.330197957021822660e-03,2.150167168207975724e-02,9.997679274152933004e-01,4.293493944622263081e-01,0.000000000000000000e+00,0.000000000000000000e+00,0.000000000000000000e+00,1.000000000000000056e-01
9.925649573021022576e-01,-1.216765234354843517e-01,3.103092091753096443e-03,6.165968001314505642e+01,1.217135153490253585e-01,9.923870684843485446e-01,-1.880761777640937993e-02,6.881445780101990373e+00,-7.910229190349127911e-04,1.904547058213506422e-02,9.998183056601067653e-01,4.505709237452598104e-01,0.000000000000000000e+00,0.000000000000000000e+00,0.000000000000000000e+00,1.000000000000000056e-01
9.923118308615076488e-01,-1.236872936019427771e-01,4.322468474079794835e-03,6.252857133086082797e+01,1.237440341902111829e-01,9.921642371810590610e-01,-1.724936118408644525e-02,7.006611589116555905e+00,-2.155071835102500763e-03,1.765162486441488460e-02,9.998418754008213671e-01,4.641514717252969158e-01,0.000000000000000000e+00,0.000000000000000000e+00,0.000000000000000000e+00,1.000000000000000056e-01
9.922593797672434324e-01,-1.241020642057536622e-01,4.472239237375958548e-03,6.333313912529805378e+01,1.241595443210480737e-01,9.921256837166262388e-01,-1.646314866016377124e-02,7.116861763377118955e+00,-2.393912679073434413e-03,1.689098486435733695e-02,9.998544713168997511e-01,4.777114043742562433e-01,0.000000000000000000e+00,0.000000000000000000e+00,0.000000000000000000e+00,1.000000000000000056e-01
9.920800626287160640e-01,-1.254702228681437992e-01,5.862807179260323860e-03,6.413906189644166034e+01,1.255493824229412247e-01,9.919583421728468409e-01,-1.599999896610495784e-02,7.225297826740926688e+00,-3.808137053850875649e-03,1.660935179697372102e-02,9.998548032214794601e-01,4.871296579710653329e-01,0.000000000000000000e+00,0.000000000000000000e+00,0.000000000000000000e+00,1.000000000000000056e-01
9.921892707894389707e-01,-1.245219449935447836e-01,7.398388023474310703e-03,6.493191274241571875e+01,1.246316837796132421e-01,9.920589660208504190e-01,-1.691009567978880856e-02,7.338909023049820846e+00,-5.233959168714726919e-03,1.770008905812982952e-02,9.998296417484102694e-01,5.078970437816220374e-01,0.000000000000000000e+00,0.000000000000000000e+00,0.000000000000000000e+00,1.000000000000000056e-01
9.922087400746825159e-01,-1.243037382021119214e-01,8.390279398919569739e-03,6.572983785636463949e+01,1.244382869732179736e-01,9.920627059094322409e-01,-1.807485211077589082e-02,7.448935254723848765e+00,-6.076911599008536294e-03,1.897809823549739122e-02,9.998014317517162075e-01,5.187726288647773742e-01,0.000000000000000000e+00,0.000000000000000000e+00,0.000000000000000000e+00,1.000000000000000056e-01
9.921777564475164901e-01,-1.245100923952684874e-01,8.974213196396912604e-03,6.647044611158642624e+01,1.246611892018652662e-01,9.920192676937951148e-01,-1.890397923832932287e-02,7.545240751802134938e+00,-6.548856201615036766e-03,1.987484379782993027e-02,9.997810275587661888e-01,5.288332156840275244e-01,0.000000000000000000e+00,0.000000000000000000e+00,0.000000000000000000e+00,1.000000000000000056e-01
9.919445866929660349e-01,-1.262092079477242501e-01,1.082463670193617097e-02,6.724800229780557004e+01,1.263872945186952645e-01,9.918222258899032084e-01,-1.774609858651790203e-02,7.660138119853309391e+00,-8.496394221397220864e-03,1.897124297472161172e-02,9.997839282691178830e-01,5.339856595859014954e-01,0.000000000000000000e+00,0.000000000000000000e+00,0.000000000000000000e+00,1.000000000000000056e-01
9.921779543337676532e-01,-1.241303939386621952e-01,1.321182177796363828e-02,6.798890973174022179e+01,1.243437578801464688e-01,9.920972865809820629e-01,-1.678105583377375101e-02,7.768652959239221722e+00,-1.102437346535623149e-02,1.829260121702913286e-02,9.997718959494765745e-01,5.449490940571970476e-01,0.000000000000000000e+00,0.000000000000000000e+00,0.000000000000000000e+00,1.000000000000000056e-01
9.919776407078758629e-01,-1.255708245569613912e-01,1.457149119757806914e-02,6.870027553242300655e+01,1.257780672110654918e-01,9.919553258459465894e-01,-1.430067601586423355e-02,7.867116006763876790e+00,-1.265852061992086240e-02,1.601872485395913065e-02,9.997915594311487242e-01,5.616870356226218997e-01,0.000000000000000000e+00,0.000000000000000000e+00,0.000000000000000000e+00,1.000000000000000056e-01
9.916546911565269351e-01,-1.283680891969905813e-01,1.194182495126560120e-02,6.936472167610583028e+01,1.285218769414374351e-01,9.916195006006283119e-01,-1.314888497213560596e-02,7.964877122640340090e+00,-1.015384925549004530e-02,1.457393922293857662e-02,9.998422373758886206e-01,5.696176086923973036e-01,0.000000000000000000e+00,0.000000000000000000e+00,0.000000000000000000e+00,1.000000000000000056e-01
9.919454601321312515e-01,-1.265209285979697895e-01,6.054646972524915099e-03,7.006081026457479766e+01,1.265942712737416487e-01,9.918579686720014887e-01,-1.384414903564552997e-02,8.068696715757782911e+00,-4.253775255556086279e-03,1.449912440660776521e-02,9.998858338768066290e-01,5.747155993822007369e-01,0.000000000000000000e+00,0.000000000000000000e+00,0.000000000000000000e+00,1.000000000000000056e-01
9.922030954495808519e-01,-1.246288598429096256e-01,8.152757364191635676e-04,7.081379788483869220e+01,1.246257962989192752e-01,9.920735223170222827e-01,-1.607909246061203778e-02,8.168875279939545209e+00,1.195105489185838447e-03,1.605532969929370640e-02,9.998703906562673716e-01,5.892879059455881086e-01,0.000000000000000000e+00,0.000000000000000000e+00,0.000000000000000000e+00,1.000000000000000056e-01
9.921326390348373936e-01,-1.251836020209358413e-01,1.375625978570071007e-03,7.153332404451248294e+01,1.251904303959150699e-01,9.920294431259504275e-01,-1.431572940867033468e-02,8.275628300924473990e+00,4.274330994639361772e-04,1.437531760625372114e-02,9.998965784243212251e-01,6.016630365916043610e-01,0.000000000000000000e+00,0.000000000000000000e+00,0.000000000000000000e+00,1.000000000000000056e-01
9.923715413158710197e-01,-1.232079000056428009e-01,4.305503752405198496e-03,7.220471373728075548e+01,1.232521018215904374e-01,9.922999432511451223e-01,-1.223691220587922075e-02,8.377408699847300966e+00,-2.764666873739474694e-03,1.267422581358004265e-02,9.999158567685101362e-01,6.126099594152694117e-01,0.000000000000000000e+00,0.000000000000000000e+00,0.000000000000000000e+00,1.000000000000000056e-01
9.923193433675588926e-01,-1.235284720471259423e-01,6.560287514978656656e-03,7.282746548746678172e+01,1.236040015239544820e-01,9.922499499117526378e-01,-1.273136706683971643e-02,8.462681480239739429e+00,-4.936758637306458766e-03,1.344445959593675195e-02,9.998974322000883097e-01,6.262939876701413278e-01,0.000000000000000000e+00,0.000000000000000000e+00,0.000000000000000000e+00,1.000000000000000056e-01
9.923842408732884701e-01,-1.231277357554727836e-01,3.616511313044525402e-03,7.340621580666548596e+01,1.231699310268298542e-01,9.922592874862393719e-01,-1.583270312191167872e-02,8.516241702568873251e+00,-1.639072052377894871e-03,1.615757051759591362e-02,9.998681144819930866e-01,6.366925225082946671e-01,0.000000000000000000e+00,0.000000000000000000e+00,0.000000000000000000e+00,1.000000000000000056e-01
9.924563184029686624e-01,-1.225987451993836158e-01,6.113560196777177540e-05,7.405166024898805688e+01,1.225677756324303341e-01,9.921941575576399552e-01,-2.297594579127120590e-02,8.578451036056952361e+00,2.756163736687715880e-03,2.281011582657634096e-02,9.997360162450059651e-01,6.577257117396765329e-01,0.000000000000000000e+00,0.000000000000000000e+00,0.000000000000000000e+00,1.000000000000000056e-01
9.927582222188370276e-01,-1.200527139311903663e-01,-4.296288473773524422e-03,7.467273861371162980e+01,1.199016775313341970e-01,9.924429070272712261e-01,-2.608953844802611513e-02,8.649876935622591745e+00,7.395940918237225992e-03,2.538547161300842500e-02,9.996503778266274676e-01,6.671001092890767037e-01,0.000000000000000000e+00,0.000000000000000000e+00,0.000000000000000000e+00,1.000000000000000056e-01
9.932596472299709545e-01,-1.157958350277120130e-01,-5.157303057663321401e-03,7.526462701445834114e+01,1.156462003893075630e-01,9.930160167929539261e-01,-2.334837742053968643e-02,8.716062696666137199e+00,7.824929399668523536e-03,2.259457861724254932e-02,9.997140868753422449e-01,6.792230622987159849e-01,0.000000000000000000e+00,0.000000000000000000e+00,0.000000000000000000e+00,1.000000000000000056e-01
9.939259871757752940e-01,-1.100181480979863791e-01,-2.671910505619990751e-03,7.584208706774172981e+01,1.099446372559155782e-01,9.937414964874425882e-01,-1.974879483824785315e-02,8.798349594652531636e+00,4.827914179606429546e-03,1.933507817381669575e-02,9.998014032780143667e-01,6.859207732291732196e-01,0.000000000000000000e+00,0.000000000000000000e+00,0.000000000000000000e+00,1.000000000000000056e-01
9.947524323419191239e-01,-1.023048865346231351e-01,1.143914757924814705e-03,7.639416926794758922e+01,1.023065798743987009e-01,9.945373539904397431e-01,-2.070785435765964272e-02,8.835576828830767226e+00,9.808487338987112100e-04,2.071621849741527716e-02,9.997849149826819604e-01,6.996766377823219196e-01,0.000000000000000000e+00,0.000000000000000000e+00,0.000000000000000000e+00,1.000000000000000056e-01
9.956501097668605249e-01,-9.299391101277083849e-02,5.743817179154715388e-03,7.697260364813465117e+01,9.310535795113254742e-02,9.953707891900903659e-01,-2.384081265158803989e-02,8.888481160096251443e+00,-3.500177428384907991e-03,2.427188788795585014e-02,9.996992668879598476e-01,7.125030969919096124e-01,0.000000000000000000e+00,0.000000000000000000e+00,0.000000000000000000e+00,1.000000000000000056e-01
9.965826185711927909e-01,-8.208470374725428120e-02,9.229613887374204725e-03,7.750589762348063516e+01,8.230323421524841920e-02,9.962545909271287581e-01,-2.651353794440473866e-02,8.930495519019068240e+00,-7.018689300323286903e-03,2.718255814571042539e-02,9.996058455877299131e-01,7.288139718726077687e-01,0.000000000000000000e+00,0.000000000000000000e+00,0.000000000000000000e+00,1.000000000000000056e-01
9.975467114812091030e-01,-6.941844454303459921e-02,9.035373276791833566e-03,7.798973609020633546e+01,6.961676432300877015e-02,9.972878460327355699e-01,-2.388426847490617358e-02,8.969376150967860895e+00,-7.352859186737244375e-03,2.445468692525779378e-02,9.996738987035560520e-01,7.397422213291445781e-01,0.000000000000000000e+00,0.000000000000000000e+00,0.000000000000000000e+00,1.000000000000000056e-01
9.986121314059656084e-01,-5.199403234796068363e-02,8.392354200923081431e-03,7.848296588997069989e+01,5.215733511975756409e-02,9.984268073329215509e-01,-2.057966938982415395e-02,9.010044113820136147e+00,-7.309131414869811209e-03,2.098883034350365606e-02,9.997529922929822011e-01,7.418701764195143600e-01,0.000000000000000000e+00,0.000000000000000000e+00,0.000000000000000000e+00,1.000000000000000056e-01
9.994469874085973871e-01,-3.181413874093809435e-02,9.673672314651752049e-03,7.896875096118459680e+01,3.196238930423954405e-02,9.993676732442617894e-01,-1.557752689982197687e-02,9.023389826220009624e+00,-9.171969790789323215e-03,1.587810601182600492e-02,9.998318662253339317e-01,7.466171008144516508e-01,0.000000000000000000e+00,0.000000000000000000e+00,0.000000000000000000e+00,1.000000000000000056e-01
9.999004785835505782e-01,-9.704176069813559569e-03,1.024020972405487347e-02,7.944553926318515380e+01,9.864704510172763591e-03,9.998273923778366878e-01,-1.574398475172246112e-02,9.029664911352957901e+00,-1.008565978573277601e-02,1.584343453110941338e-02,9.998236169689855846e-01,7.531684368261556406e-01,0.000000000000000000e+00,0.000000000000000000e+00,0.000000000000000000e+00,1.000000000000000056e-01
9.997855237818029650e-01,1.707749873858300724e-02,1.171603487445828200e-02,7.993418402082939167e+01,-1.686439930310034210e-02,9.996948019736711100e-01,-1.805256056541819712e-02,9.034537441249964829e+00,-1.202075174402232084e-02,1.785110483012744206e-02,9.997683929710182715e-01,7.631758833287387578e-01,0.000000000000000000e+00,0.000000000000000000e+00,0.000000000000000000e+00,1.000000000000000056e-01
9.988312048107275132e-01,4.630192619362451245e-02,1.386924392714805956e-02,8.041348981346845903e+01,-4.603620149740368650e-02,9.987609191070271342e-01,-1.890223839064890388e-02,9.014874801829245499e+00,-1.472726885885607129e-02,1.824165823730460045e-02,9.997251369535090637e-01,7.631972186216696707e-01,0.000000000000000000e+00,0.000000000000000000e+00,0.000000000000000000e+00,1.000000000000000056e-01
9.967329201787661352e-01,7.919932654954162099e-02,1.584148054976139419e-02,8.088761934564612943e+01,-7.887506806946581461e-02,9.966809942940545453e-01,-2.014247378183703710e-02,8.964462984666022649e+00,-1.738417294398940383e-02,1.882716885551111510e-02,9.996716102020400951e-01,7.613410412528083260e-01,0.000000000000000000e+00,0.000000000000000000e+00,0.000000000000000000e+00,1.000000000000000056e-01
