1.000000000000000000e+00,-9.887302272692173711e-11,1.429291554320014092e-10,8.701246744629522451e-16,9.887302270387190991e-11,1.000000000000000000e+00,1.612675751809938180e-10,4.168142667090880400e-16,-1.429291554479464012e-10,-1.612675751668620059e-10,1.000000000000000000e+00,-6.084827991330161708e-17,0.000000000000000000e+00,0.000000000000000000e+00,0.000000000000000000e+00,1.000000000000000056e-01
9.999933890313158491e-01,-3.559332262043573593e-03,-7.436716424282103491e-04,6.452277590475292701e-01,3.558377932195403055e-03,9.999928488846593355e-01,-1.280674054742444393e-03,1.928397228689606585e-02,7.482246688267267737e-04,1.278019323485157961e-03,9.999989034126256504e-01,1.099666828555067102e-02,0.000000000000000000e+00,0.000000000000000000e+00,0.000000000000000000e+00,1.000000000000000056e-01
9.999540625006964056e-01,-9.492110517648125537e-03,-1.331437671894188926e-03,1.325747471696367086e+00,9.493438904592478925e-03,9.999544412960461592e-01,9.949623495103905244e-04,2.654019811317374217e-02,1.321932720737010710e-03,-1.007556565621553230e-03,9.999986186608703642e-01,1.629647307245473895e-02,0.000000000000000000e+00,0.000000000000000000e+00,0.000000000000000000e+00,1.000000000000000056e-01
9.998855121858001294e-01,-1.504513183133133862e-02,-1.614474873734043957e-03,2.045374196914937492e+00,1.504745352174757973e-02,9.998857499759853384e-01,1.435666211970489277e-03,3.375809863222748591e-02,1.592690632516064820e-03,-1.459795581308502479e-03,9.999976661639815578e-01,1.665581302443161493e-02,0.000000000000000000e+00,0.000000000000000000e+00,0.000000000000000000e+00,1.000000000000000056e-01
9.997933816700064202e-01,-2.022145279719431837e-02,-2.070462659322000118e-03,2.750939768337864244e+00,2.022776454008779617e-02,9.997906711630094589e-01,3.074312464579393670e-03,3.808870656196349652e-02,2.007862187395173179e-03,-3.115558086433893505e-03,9.999931308700307220e-01,1.804927179293958767e-02,0.000000000000000000e+00,0.000000000000000000e+00,0.000000000000000000e+00,1.000000000000000056e-01
9.996777036334173472e-01,-2.530700291107599101e-02,-2.011084751103593173e-03,3.459576024651484172e+00,2.531610778638734502e-02,9.996687334019117577e-01,4.638765478594642638e-03,5.896760868321489213e-02,1.893025294429034541e-03,-4.688183259661960617e-03,9.999872186147973352e-01,2.779282340441825358e-02,0.000000000000000000e+00,0.000000000000000000e+00,0.000000000000000000e+00,1.000000000000000056e-01
9.995666313610189757e-01,-2.938092284487892406e-02,-1.819572028796886736e-03,4.191894131766276566e+00,2.939046111704331568e-02,9.995531046313101964e-01,5.458188090993664095e-03,8.482194159696709868e-02,1.658392267309898244e-03,-5.509300744411382324e-03,9.999834485332221856e-01,3.494054238611189050e-02,0.000000000000000000e+00,0.000000000000000000e+00,0.000000000000000000e+00,1.000000000000000056e-01
9.994082417096276094e-01,-3.431268436019912355e-02,-2.409583961601586416e-03,4.958792412389133375e+00,3.433197100097799132e-02,9.993745091375235701e-01,8.479755498943794545e-03,1.210877317029647321e-01,2.117113614964313308e-03,-8.557463300021089098e-03,9.999611430709746118e-01,4.897574822934584737e-02,0.000000000000000000e+00,0.000000000000000000e+00,0.000000000000000000e+00,1.000000000000000056e-01
9.992938024441579969e-01,-3.752737291477421799e-02,-1.895436311663009762e-03,5.718955564494815569e+00,3.754305756232016733e-02,9.992539575172676436e-01,9.057991772515200726e-03,1.588117191396605510e-01,1.554099600545061138e-03,-9.122755515419090841e-03,9.999571791363055517e-01,4.876906970329773772e-02,0.000000000000000000e+00,0.000000000000000000e+00,0.000000000000000000e+00,1.000000000000000056e-01
9.991473233768985995e-01,-4.128659998466614051e-02,2.070035879871046536e-04,6.512995625941536915e+00,4.128347786415461490e-02,9.991132375629409035e-01,8.271214054673100072e-03,2.039358760405282911e-01,-5.483103310437779888e-04,-8.255615555761547028e-03,9.999657714979930390e-01,5.346121245046010773e-02,0.000000000000000000e+00,0.000000000000000000e+00,0.000000000000000000e+00,1.000000000000000056e-01
9.990459086035374803e-01,-4.361154954137327205e-02,2.303312643236089894e-03,7.327540594912910876e+00,4.359856771277349080e-02,9.990344605225038865e-01,5.414017168823794489e-03,2.383185860798048283e-01,-2.537202381926034322e-03,-5.308430569382903939e-03,9.999826914346884310e-01,6.187048848413577440e-02,0.000000000000000000e+00,0.000000000000000000e+00,0.000000000000000000e+00,1.000000000000000056e-01
9.989282123906386701e-01,-4.610376920498939629e-02,4.107183358001975648e-03,8.141705325015587746e+00,4.607426190945011074e-02,9.989134170678752866e-01,7.010534307764560054e-03,2.879033193341664076e-01,-4.425932618394901735e-03,-6.813785062211777550e-03,9.999669911820007195e-01,6.027543695914904659e-02,0.000000000000000000e+00,0.000000000000000000e+00,0.000000000000000000e+00,1.000000000000000056e-01
9.988905998678009324e-01,-4.701857496974136408e-02,2.612107111066986134e-03,8.954110941713214089e+00,4.700227625440951684e-02,9.988768505650489349e-01,5.985267926586763758e-03,3.248298678670992756e-01,-2.890592093161367497e-03,-5.855852889517283548e-03,9.999786765047978809e-01,5.785295445596897596e-02,0.000000000000000000e+00,0.000000000000000000e+00,0.000000000000000000e+00,1.000000000000000056e-01
9.987729194110562814e-01,-4.945212328670392510e-02,2.672630455620423826e-03,9.730523438393317903e+00,4.943300187578872351e-02,9.987542865771545930e-01,6.800982966245308278e-03,3.803819059809082082e-01,-3.005624172105088136e-03,-6.660521465735718197e-03,9.999733014821647892e-01,7.081805938318569416e-02,0.000000000000000000e+00,0.000000000000000000e+00,0.000000000000000000e+00,1.000000000000000056e-01
9.986120127776136890e-01,-5.252106427589402216e-02,3.947878363183872016e-03,1.055770820153987977e+01,5.249643242311444191e-02,9.986024593272326833e-01,6.103507880550356791e-03,4.298974700786674652e-01,-4.262923772302995920e-03,-5.887786759892860329e-03,9.999735803749925100e-01,7.147312089400588431e-02,0.000000000000000000e+00,0.000000000000000000e+00,0.000000000000000000e+00,1.000000000000000056e-01
9.985474513383943984e-01,-5.366086796602148601e-02,4.847543164340689659e-03,1.137412002370532349e+01,5.362924377899484785e-02,9.985401891185181622e-01,6.433888936484437326e-03,4.903211804547323305e-01,-5.185714732809669839e-03,-6.164573325631200404e-03,9.999675526727969110e-01,8.333782016187751829e-02,0.000000000000000000e+00,0.000000000000000000e+00,0.000000000000000000e+00,1.000000000000000056e-01
9.984316537372086575e-01,-5.588925378663329308e-02,3.259467250319443392e-03,1.223816507429773104e+01,5.586186886084700681e-02,9.984067624593336854e-01,7.961675881696403043e-03,5.478421322886863898e-01,-3.699246268652710105e-03,-7.767109284988219127e-03,9.999629931104445646e-01,8.566146895648081572e-02,0.000000000000000000e+00,0.000000000000000000e+00,0.000000000000000000e+00,1.000000000000000056e-01
9.982714675576487284e-01,-5.874505651590444105e-02,1.759373536673859489e-03,1.312591295799373370e+01,5.872611600013753069e-02,9.982301746678922116e-01,9.368120518425478507e-03,6.200134241728629814e-01,-2.306590522122722517e-03,-9.248606243783241351e-03,9.999545704294323656e-01,8.426949750700363229e-02,0.000000000000000000e+00,0.000000000000000000e+00,0.000000000000000000e+00,1.000000000000000056e-01
9.985035616883235488e-01,-5.465730302236066623e-02,1.793466490945168270e-03,1.399663777216999172e+01,5.463098787662600681e-02,9.984296394927254514e-01,1.239798959711965048e-02,6.689359295007618611e-01,-2.468290776274511839e-03,-1.228145792437479455e-02,9.999215335874588328e-01,8.773228783982374435e-02,0.000000000000000000e+00,0.000000000000000000e+00,0.000000000000000000e+00,1.000000000000000056e-01
9.973835061763127730e-01,-7.227453362508406975e-02,1.591664764224113475e-03,1.498932802144827825e+01,7.224926444448473428e-02,9.973089262389549514e-01,1.244786854580158357e-02,7.830155178934824489e-01,-2.487045370714893039e-03,-1.230030216617602513e-02,9.999212554856231616e-01,8.752134857784575617e-02,0.000000000000000000e+00,0.000000000000000000e+00,0.000000000000000000e+00,1.000000000000000056e-01
9.971681706379439403e-01,-7.512620417968646214e-02,3.419490039237201018e-03,1.596082970905219511e+01,7.508305362308037578e-02,9.971125575954409292e-01,1.136144991240556346e-02,8.532486356050466014e-01,-4.263159064592601105e-03,-1.107253047096844883e-02,9.999296097944891937e-01,9.991806292998785255e-02,0.000000000000000000e+00,0.000000000000000000e+00,0.000000000000000000e+00,1.000000000000000056e-01
9.970386081262401223e-01,-7.674802998961094413e-02,4.873786864803953019e-03,1.687921306331425697e+01,7.669007851487108507e-02,9.969928107683070362e-01,1.113405288714164332e-02,9.412829867615386537e-01,-5.713647090314809100e-03,-1.072730949607308623e-02,9.999261368060656796e-01,1.053820128052288668e-01,0.000000000000000000e+00,0.000000000000000000e+00,0.000000000000000000e+00,1.000000000000000056e-01
9.968369139309490867e-01,-7.923388720465829316e-02,6.177227781216057534e-03,1.775565168872027755e+01,7.916262124524017785e-02,9.968006354960905480e-01,1.103505650971903229e-02,1.017690369659579153e+00,-7.031815000708379823e-03,-1.051114613301196848e-02,9.999200314949022728e-01,1.133631222743891331e-01,0.000000000000000000e+00,0.000000000000000000e+00,0.000000000000000000e+00,1.000000000000000056e-01
9.969184874296985743e-01,-7.823565345270994120e-02,5.719436135621880531e-03,1.865765748388625056e+01,7.817458590491399573e-02,9.968873194098908375e-01,1.021795079051969826e-02,1.106699857334641379e+00,-6.501041414820103552e-03,-9.739349495204149831e-03,9.999314384156211544e-01,1.117886192478162732e-01,0.000000000000000000e+00,0.000000000000000000e+00,0.000000000000000000e+00,1.000000000000000056e-01
9.966351655752355709e-01,-8.174060097674053227e-02,6.068021982825640148e-03,1.958603459047149542e+01,8.168761957085927949e-02,9.966215746395677977e-01,8.518789338577597084e-03,1.195420050850837690e+00,-6.743852583600783851e-03,-7.994442751673163858e-03,9.999453031728390284e-01,1.218233562612933835e-01,0.000000000000000000e+00,0.000000000000000000e+00,0.000000000000000000e+00,1.000000000000000056e-01
9.965849580323526968e-01,-8.215322647308281878e-02,8.322788217671687333e-03,2.051561360481327512e+01,8.208559979319926536e-02,9.965918310195963636e-01,8.165577236111692949e-03,1.276275464301367402e+00,-8.965251264999484632e-03,-7.454510384360952917e-03,9.999320249620395895e-01,1.217117653101249114e-01,0.000000000000000000e+00,0.000000000000000000e+00,0.000000000000000000e+00,1.000000000000000056e-01
9.965999461937127268e-01,-8.157810289606981513e-02,1.155683237601198669e-02,2.143233406954985654e+01,8.148322686507097901e-02,9.966388399232083417e-01,8.456151380907451706e-03,1.364635684616495315e+00,-1.220782479987197154e-02,-7.485712016882073265e-03,9.998974613075362061e-01,1.171628733744989742e-01,0.000000000000000000e+00,0.000000000000000000e+00,0.000000000000000000e+00,1.000000000000000056e-01
9.966756414965112221e-01,-8.014697990717632725e-02,1.463308782439866340e-02,2.237918613422433367e+01,8.000967762615644741e-02,9.967465001949976644e-01,9.739909403168925048e-03,1.460924568573079618e+00,-1.536610339924889684e-02,-8.536741813015917210e-03,9.998454915163349499e-01,1.186291940003279810e-01,0.000000000000000000e+00,0.000000000000000000e+00,0.000000000000000000e+00,1.000000000000000056e-01
9.967272171715785278e-01,-7.887190212983476167e-02,1.772223472993006768e-02,2.333912271494281754e+01,7.868802486530339368e-02,9.968403003885945024e-01,1.084482659954182603e-02,1.538651257845469855e+00,-1.852158989391476315e-02,-9.414806190172155323e-03,9.997841327667703615e-01,1.162342856951012054e-01,0.000000000000000000e+00,0.000000000000000000e+00,0.000000000000000000e+00,1.000000000000000056e-01
9.969033219358582887e-01,-7.659100333093830926e-02,1.782091249096608154e-02,2.426164590232169616e+01,7.641723394086062660e-02,9.970233784872353233e-01,1.023665505557647647e-02,1.614991658515737560e+00,-1.855190206092770244e-02,-8.843130591553926764e-03,9.997887906809429515e-01,1.091767570078598509e-01,0.000000000000000000e+00,0.000000000000000000e+00,0.000000000000000000e+00,1.000000000000000056e-01
9.971255787110341329e-01,-7.400625646142432179e-02,1.623743467273008542e-02,2.522001148777317070e+01,7.386976899847953748e-02,9.972286165667422209e-01,8.851187970705205396e-03,1.688210643466480088e+00,-1.684747780222775951e-02,-7.626290379167098739e-03,9.998289864705643959e-01,9.757222593500387842e-02,0.000000000000000000e+00,0.000000000000000000e+00,0.000000000000000000e+00,1.000000000000000056e-01
9.973909480832384711e-01,-7.106280383972944648e-02,1.270332995930018895e-02,2.616398387497751798e+01,7.096411521051100568e-02,9.974463192388737243e-01,8.058200122367693841e-03,1.768487505135270643e+00,-1.324352800457798303e-02,-7.135695289103867640e-03,9.998868390066613099e-01,9.938821008865880713e-02,0.000000000000000000e+00,0.000000000000000000e+00,0.000000000000000000e+00,1.000000000000000056e-01
9.975169562406134283e-01,-6.961241526277794911e-02,1.067865411672670219e-02,2.711999848167872429e+01,6.954150722204066604e-02,9.975553745189802424e-01,6.874121149931821696e-03,1.836810526635808571e+00,-1.113107298282565473e-02,-6.114442703929191293e-03,9.999193531503784982e-01,9.318434144646269013e-02,0.000000000000000000e+00,0.000000000000000000e+00,0.000000000000000000e+00,1.000000000000000056e-01
9.976466817341250737e-01,-6.758933228523408832e-02,1.152304587014786434e-02,2.807956283341746584e+01,6.752620568055286987e-02,9.977007438033871356e-01,5.782504695687315857e-03,1.902067070464135146e+00,-1.188738706684480846e-02,-4.990789056270397012e-03,9.999168875728215999e-01,1.005755056483306209e-01,0.000000000000000000e+00,0.000000000000000000e+00,0.000000000000000000e+00,1.000000000000000056e-01
9.975358919859912410e-01,-6.842803901678189138e-02,1.548378752213683436e-02,2.907269780347942856e+01,6.835533808652903554e-02,9.976476041683461915e-01,5.177417525668622476e-03,1.955170524511539831e+00,-1.580164405336417083e-02,-4.106260278716110552e-03,9.998667144533486262e-01,9.453357525496773606e-02,0.000000000000000000e+00,0.000000000000000000e+00,0.000000000000000000e+00,1.000000000000000056e-01
9.974521644992584424e-01,-6.867507771669395522e-02,1.931096155944249382e-02,3.002186165233045401e+01,6.866608115968120263e-02,9.976390599226224731e-01,1.129342675282277771e-03,2.010349233610040365e+00,-1.934292723235789963e-02,1.995427577904713046e-04,9.998128881689670733e-01,9.436951354951098048e-02,0.000000000000000000e+00,0.000000000000000000e+00,0.000000000000000000e+00,1.000000000000000056e-01
9.974441738600384744e-01,-6.875493401961017825e-02,1.943911213570087906e-02,3.096872015113256538e+01,6.884162501811959267e-02,9.976202669681407675e-01,-3.825388775029179168e-03,2.062895715491326776e+00,-1.912983788561504681e-02,5.153831814733542127e-03,9.998037243979918109e-01,9.536874021224106546e-02,0.000000000000000000e+00,0.000000000000000000e+00,0.000000000000000000e+00,1.000000000000000056e-01
9.974802819108375962e-01,-6.851165568137822237e-02,1.841847536774226385e-02,3.193326281392186061e+01,6.862982978102503961e-02,9.976249731820265865e-01,-5.861684722697915219e-03,2.106354156757979990e+00,-1.797313726936342060e-02,7.110971758983320422e-03,9.998131827583288667e-01,8.749758180211975045e-02,0.000000000000000000e+00,0.000000000000000000e+00,0.000000000000000000e+00,1.000000000000000056e-01
9.974630779821825888e-01,-6.911606887623431006e-02,1.704045437791982046e-02,3.292477079940398710e+01,6.921581458379502672e-02,9.975874486283484721e-01,-5.334168227944080520e-03,2.186509182906848814e+00,-1.663066666769679944e-02,6.500104789765584132e-03,9.998405720733231083e-01,8.585381835556298025e-02,0.000000000000000000e+00,0.000000000000000000e+00,0.000000000000000000e+00,1.000000000000000056e-01
9.974560648552776021e-01,-6.956272816433549389e-02,1.557002035191244749e-02,3.388392889929337315e+01,6.968762480886316057e-02,9.975397012630267124e-01,-7.627539090063603297e-03,2.257702501214787549e+00,-1.500112102222105406e-02,8.693172861855084574e-03,9.998496862597250345e-01,7.235445522858613421e-02,0.000000000000000000e+00,0.000000000000000000e+00,0.000000000000000000e+00,1.000000000000000056e-01
9.974611929342888095e-01,-6.917168990158518993e-02,1.692471288572999777e-02,3.486305015801713836e+01,6.932530112966180103e-02,9.975564866063609815e-01,-8.663639700195693849e-03,2.330780749332443502e+00,-1.628407852434922420e-02,9.814955207846361857e-03,9.998192313817937382e-01,7.189873936948722177e-02,0.000000000000000000e+00,0.000000000000000000e+00,0.000000000000000000e+00,1.000000000000000056e-01
9.974207053436394688e-01,-6.925162760375021265e-02,1.887190043499215389e-02,3.585852083660622469e+01,6.938354778204459949e-02,9.975693558569838082e-01,-6.426783974830973037e-03,2.406754020967452945e+00,-1.838096431021751451e-02,7.719606810836374122e-03,9.998012541609020420e-01,5.828776416748814720e-02,0.000000000000000000e+00,0.000000000000000000e+00,0.000000000000000000e+00,1.000000000000000056e-01
9.972225778421821563e-01,-7.176087516685618339e-02,1.993757851595559516e-02,3.684453066192036630e+01,7.188933715675420444e-02,9.973957385611309512e-01,-5.802060259823998631e-03,2.483399582809270978e+00,-1.946929492702625941e-02,7.219244793120159487e-03,9.997843912862720561e-01,5.585834111340758773e-02,0.000000000000000000e+00,0.000000000000000000e+00,0.000000000000000000e+00,1.000000000000000056e-01
9.971576435223943324e-01,-7.214242325716689608e-02,2.172797117655668117e-02,3.784239101342932088e+01,7.228670923172979268e-02,9.973662710982208468e-01,-5.928991826401283985e-03,2.552385782531179093e+00,-2.124301375306343262e-02,7.482783052712998692e-03,9.997463389902826458e-01,4.864236577347453433e-02,0.000000000000000000e+00,0.000000000000000000e+00,0.000000000000000000e+00,1.000000000000000056e-01
9.971726978186542523e-01,-7.116421210695282606e-02,2.413018110714253844e-02,3.883139672839496370e+01,7.133231315805070583e-02,9.974334753617896121e-01,-6.177647385866038426e-03,2.622241128001073562e+00,-2.362862299391684656e-02,7.881442945231563815e-03,9.996897373848110391e-01,4.970120230298993164e-02,0.000000000000000000e+00,0.000000000000000000e+00,0.000000000000000000e+00,1.000000000000000056e-01
9.973016152772262721e-01,-6.911923589256613321e-02,2.473902575007883020e-02,3.983440717130748254e+01,6.925860622376214804e-02,9.975870915221221047e-01,-4.820818641593498967e-03,2.695628729918873923e+00,-2.434612144422844404e-02,6.521200661003982886e-03,9.996823196958930513e-01,2.979488217076738110e-02,0.000000000000000000e+00,0.000000000000000000e+00,0.000000000000000000e+00,1.000000000000000056e-01
9.973285760338425066e-01,-6.900634568682427472e-02,2.395486759008715397e-02,4.083172324972399281e+01,6.917197321933309107e-02,9.975857639982333991e-01,-6.154802109311756711e-03,2.774402793095049891e+00,-2.347231448434445103e-02,7.795365482864162129e-03,9.996940945758040487e-01,2.748040217709662308e-02,0.000000000000000000e+00,0.000000000000000000e+00,0.000000000000000000e+00,1.000000000000000056e-01
9.973385682616948689e-01,-6.964783425157558550e-02,2.156291821107795756e-02,4.183091674990101438e+01,6.976973521020565783e-02,9.975508285544590903e-01,-4.952625466359969301e-03,2.848207706651382676e+00,-2.116516728992167903e-02,6.443883485702091470e-03,9.997552260724683615e-01,3.358854159455829103e-02,0.000000000000000000e+00,0.000000000000000000e+00,0.000000000000000000e+00,1.000000000000000056e-01
9.974673536073839220e-01,-6.860161656161446742e-02,1.878022078185704116e-02,4.284391227795941148e+01,6.862677779334176720e-02,9.976421594903756018e-01,-6.978374332787442430e-04,2.912910912722362688e+00,-1.868806724049775977e-02,1.984896096327120642e-03,9.998233925700585889e-01,3.629553788161237610e-02,0.000000000000000000e+00,0.000000000000000000e+00,0.000000000000000000e+00,1.000000000000000056e-01
9.975384139504909209e-01,-6.736009687141766844e-02,1.948666319851449433e-02,4.386498005962555169e+01,6.740103106428083080e-02,9.977249100947180871e-01,-1.450788736673985432e-03,2.991172967237947233e+00,-1.934460401794160442e-02,2.760638686941257504e-03,9.998090643565046287e-01,3.601176921199081282e-02,0.000000000000000000e+00,0.000000000000000000e+00,0.000000000000000000e+00,1.000000000000000056e-01
9.975366277128441261e-01,-6.700214639549813278e-02,2.076990008841763866e-02,4.484556047172205950e+01,6.709584117381169055e-02,9.977391195202959251e-01,-3.846748762695879204e-03,3.064841317284531907e+00,-2.046520140299748144e-02,5.230846705926609636e-03,9.997768819963150921e-01,3.473830112146971544e-02,0.000000000000000000e+00,0.000000000000000000e+00,0.000000000000000000e+00,1.000000000000000056e-01
9.975078127377554615e-01,-6.680662958123700923e-02,2.269444361808522007e-02,4.581906766288281574e+01,6.691050830800959748e-02,9.977515593328537546e-01,-3.848340788266398776e-03,3.134747577714350975e+00,-2.238632183059198130e-02,5.357246760626651477e-03,9.997350411494252409e-01,2.814800767190592939e-02,0.000000000000000000e+00,0.000000000000000000e+00,0.000000000000000000e+00,1.000000000000000056e-01
9.972839401461347508e-01,-7.090769432955730533e-02,1.992088380235206013e-02,4.672198184551273670e+01,7.095870722512977180e-02,9.974775106967193050e-01,-1.864811844258086474e-03,3.202472222622191556e+00,-1.973840407781393691e-02,3.273307065069814593e-03,9.997998203967225495e-01,2.973714851271977433e-02,0.000000000000000000e+00,0.000000000000000000e+00,0.000000000000000000e+00,1.000000000000000056e-01
9.975305790181535626e-01,-6.877937886391981281e-02,1.421762873339672481e-02,4.766313612444056957e+01,6.878989102354689245e-02,9.976311381719735749e-01,-2.510829764678624253e-04,3.271698043451090943e+00,-1.416667980424036674e-02,1.228492078081197840e-03,9.998988928839446233e-01,1.650202944795282206e-02,0.000000000000000000e+00,0.000000000000000000e+00,0.000000000000000000e+00,1.000000000000000056e-01
9.977204040992641021e-01,-6.598486518354794439e-02,1.414188144167021453e-02,4.860580238708107004e+01,6.600209680234246645e-02,9.978191988492093323e-01,-7.547354611195245932e-04,3.348431892412477850e+00,-1.406123969269666187e-02,1.686408797136584306e-03,9.998997137531711044e-01,1.366610278019851459e-02,0.000000000000000000e+00,0.000000000000000000e+00,0.000000000000000000e+00,1.000000000000000056e-01
9.978230640852624456e-01,-6.363030954147942675e-02,1.732964186455828587e-02,4.956911670434534756e+01,6.364306328078574160e-02,9.979727081999799632e-01,-1.848897927426022868e-04,3.428812242503583185e+00,-1.728274502896571391e-02,1.287398793331949107e-03,9.998498133862958603e-01,1.021562137941610555e-02,0.000000000000000000e+00,0.000000000000000000e+00,0.000000000000000000e+00,1.000000000000000056e-01
9.979008113610976505e-01,-6.149300429689761455e-02,2.031209263972529044e-02,5.056742433399754333e+01,6.156317813586584947e-02,9.980991277759798663e-01,-2.847144295566889777e-03,3.512269454524247880e+00,-2.009840249061353029e-02,4.091644580099937020e-03,9.997896342040937245e-01,1.662404684950230527e-02,0.000000000000000000e+00,0.000000000000000000e+00,0.000000000000000000e+00,1.000000000000000056e-01
9.980759368838933998e-01,-5.819599000573736497e-02,2.139277823450232499e-02,5.150101957004202546e+01,5.831615722086742198e-02,9.982854604208898364e-01,-5.036399432444098323e-03,3.566716472880700817e+00,-2.106300121847672416e-02,6.274253700972539163e-03,9.997584626899470583e-01,4.714397206916229321e-03,0.000000000000000000e+00,0.000000000000000000e+00,0.000000000000000000e+00,1.000000000000000056e-01
9.981778805868991578e-01,-5.681819617877550271e-02,2.031283559812045031e-02,5.244306751337337147e+01,5.697483359438363509e-02,9.983495290594235350e-01,-7.217074457109539862e-03,3.611551294794830280e+00,-1.986924870090416712e-02,8.361244513668431022e-03,9.997676242738831043e-01,5.932895983381580689e-03,0.000000000000000000e+00,0.000000000000000000e+00,0.000000000000000000e+00,1.000000000000000056e-01
9.981680447609377893e-01,-5.726513305612789678e-02,1.952585348174036561e-02,5.341885800303755616e+01,5.744865130694671446e-02,9.983081593510048091e-01,-8.970587284098897538e-03,3.680861378435195341e+00,-1.897911697469809728e-02,1.007588751786936236e-02,9.997691081492706688e-01,1.771500735581375136e-02,0.000000000000000000e+00,0.000000000000000000e+00,0.000000000000000000e+00,1.000000000000000056e-01
9.982184580770078197e-01,-5.596717567743951516e-02,2.067813340346741011e-02,5.438358239750109391e+01,5.611445088139860315e-02,9.984024515948717315e-01,-6.611584653394733495e-03,3.724010048986289956e+00,-2.027506736462486234e-02,7.760147939345179123e-03,9.997643231018595866e-01,1.406745034767686517e-02,0.000000000000000000e+00,0.000000000000000000e+00,0.000000000000000000e+00,1.000000000000000056e-01
9.981294634775842445e-01,-5.595944291529059145e-02,2.461940061334023586e-02,5.533358691269370411e+01,5.617426084289493804e-02,9.983879457814770486e-01,-8.121707763569371505e-03,3.782296161545469548e+00,-2.412522656275386049e-02,9.489492444422728198e-03,9.996639050082998246e-01,1.436800180325707374e-02,0.000000000000000000e+00,0.000000000000000000e+00,0.000000000000000000e+00,1.000000000000000056e-01
9.979309927945080316e-01,-5.715805481418645417e-02,2.943960580622647163e-02,5.629647477802085831e+01,5.747385523367386229e-02,9.982969850505019060e-01,-9.994278546083826265e-03,3.834588246343223705e+00,-2.881821619646582691e-02,1.166560795400176792e-02,9.995165951630404777e-01,2.125557148850628492e-02,0.000000000000000000e+00,0.000000000000000000e+00,0.000000000000000000e+00,1.000000000000000056e-01
9.979377125191931652e-01,-5.584525116756502983e-02,3.164853636413295090e-02,5.726021586541619968e+01,5.608007893392273624e-02,9.984045866335377051e-01,-6.580739766904952250e-03,3.898155821385884678e+00,-3.123054080103745619e-02,8.342020807112915035e-03,9.994773954473049615e-01,9.007061581694821017e-03,0.000000000000000000e+00,0.000000000000000000e+00,0.000000000000000000e+00,1.000000000000000056e-01
9.978391745312776839e-01,-5.851914619515993787e-02,2.987459287300738703e-02,5.815373533614877744e+01,5.871420150522778381e-02,9.982585973303923499e-01,-5.693452165527088452e-03,3.955305438231370818e+00,-2.948939321759525695e-02,7.435212474915263436e-03,9.995374396705262177e-01,-2.150570648636865225e-03,0.000000000000000000e+00,0.000000000000000000e+00,0.000000000000000000e+00,1.000000000000000056e-01
9.977164030504096504e-01,-6.242808158811477548e-02,2.578204245943618161e-02,5.906642545980364645e+01,6.258357844576459272e-02,9.980258221240446703e-01,-5.268214360437505593e-03,4.007943049375665368e+00,-2.540225960569875152e-02,6.869716358946380101e-03,9.996537061423181880e-01,-1.010399795025141573e-02,0.000000000000000000e+00,0.000000000000000000e+00,0.000000000000000000e+00,1.000000000000000056e-01
9.977104498772330077e-01,-6.436177208199052313e-02,2.077066441487434786e-02,6.001262200497172472e+01,6.450226265024015804e-02,9.978985132633547694e-01,-6.165658098332769954e-03,4.078501220226030455e+00,-2.033018245783481046e-02,7.491296366585015534e-03,9.997652545272710523e-01,-1.780582713562882391e-02,0.000000000000000000e+00,0.000000000000000000e+00,0.000000000000000000e+00,1.000000000000000056e-01
9.977697250549361074e-01,-6.308823603409426106e-02,2.180482143709613213e-02,6.092247905473408309e+01,6.316675473253539896e-02,9.979986840091249478e-01,-2.930496991027552872e-03,4.147168373109679784e+00,-2.157630321340874707e-02,4.301300984715659796e-03,9.997579516810466416e-01,-3.874584775280272980e-02,0.000000000000000000e+00,0.000000000000000000e+00,0.000000000000000000e+00,1.000000000000000056e-01
9.975821449274983044e-01,-6.536283970631984186e-02,2.361277847644444733e-02,6.184882583028097969e+01,6.543918985902746899e-02,9.978534909121056229e-01,-2.474490880650132441e-03,4.205386632692412086e+00,-2.340035368206763722e-02,4.013709014141698950e-03,9.997181170647573278e-01,-3.815649401537637986e-02,0.000000000000000000e+00,0.000000000000000000e+00,0.000000000000000000e+00,1.000000000000000056e-01
9.975306735220519361e-01,-6.603412007484833757e-02,2.391757447112764778e-02,6.273635366040175398e+01,6.605563590671305330e-02,9.978159353874725968e-01,-1.097806126037188064e-04,4.278324498618957250e+00,-2.385808767695320187e-02,1.689400119466753954e-03,9.997139278711861810e-01,-3.587496562697300995e-02,0.000000000000000000e+00,0.000000000000000000e+00,0.000000000000000000e+00,1.000000000000000056e-01
9.974283943870072555e-01,-6.766230526576345883e-02,2.363071130286505811e-02,6.356851915827169819e+01,6.766022807243636528e-02,9.977080256123389557e-01,8.883501078852671165e-04,4.341488930143947655e+00,-2.363665813397928389e-02,7.127936945042229883e-04,9.997203610597348300e-01,-3.986475487550617675e-02,0.000000000000000000e+00,0.000000000000000000e+00,0.000000000000000000e+00,1.000000000000000056e-01
9.972285042730183457e-01,-7.014353675350515349e-02,2.480311506864340404e-02,6.438304485786400733e+01,7.011501052696342273e-02,9.975368709984382409e-01,2.018984261703030483e-03,4.398939324406028639e+00,-2.488364049335427264e-02,-2.743179813094596313e-04,9.996903166408298569e-01,-4.364073886633410698e-02,0.000000000000000000e+00,0.000000000000000000e+00,0.000000000000000000e+00,1.000000000000000056e-01
9.971373474987479391e-01,-7.116633956635393110e-02,2.554334230063819156e-02,6.518456082022501619e+01,7.114343186500052263e-02,9.974644614375490770e-01,1.805622211361493194e-03,4.447045098722419709e+00,-2.560707569464334282e-02,1.678769014801543766e-05,9.996720849321252267e-01,-5.048904217066347427e-02,0.000000000000000000e+00,0.000000000000000000e+00,0.000000000000000000e+00,1.000000000000000056e-01
9.970731291402087360e-01,-7.179864541042713100e-02,2.627031906506729561e-02,6.597902610581617466e+01,7.177327240863798363e-02,9.974191467016265689e-01,1.908706565892726373e-03,4.506232849337496127e+00,-2.633956177137597790e-02,-1.761326174621170946e-05,9.996530534017614711e-01,-5.666420525628027005e-02,0.000000000000000000e+00,0.000000000000000000e+00,0.000000000000000000e+00,1.000000000000000056e-01
9.968312213077399342e-01,-7.484444916693709648e-02,2.694113314278786392e-02,6.672587761803009698e+01,7.482316795407235877e-02,9.971951958958862328e-01,1.798560391451350330e-03,4.565887124184524026e+00,-2.700018080377114549e-02,2.229597784096648549e-04,9.996354037975550000e-01,-6.497275582444121678e-02,0.000000000000000000e+00,0.000000000000000000e+00,0.000000000000000000e+00,1.000000000000000056e-01
9.968634009988794897e-01,-7.378327683649775481e-02,2.862495079848761600e-02,6.751108818492031105e+01,7.372958854805379547e-02,9.972739717519476521e-01,2.927975175806021846e-03,4.639362459397715632e+00,-2.876295397697871750e-02,-8.082854472135072785e-04,9.995859338511892123e-01,-7.689619253443265301e-02,0.000000000000000000e+00,0.000000000000000000e+00,0.000000000000000000e+00,1.000000000000000056e-01
9.966244642946523458e-01,-7.538483535734780139e-02,3.250851838430596219e-02,6.824486353405663408e+01,7.533783849927841447e-02,9.971544924211755978e-01,2.669894103557558275e-03,4.707939102105386020e+00,-3.261728467628530193e-02,-2.117602727938372887e-04,9.994678923797066794e-01,-8.239825451265336831e-02,0.000000000000000000e+00,0.000000000000000000e+00,0.000000000000000000e+00,1.000000000000000056e-01
9.963632166394652545e-01,-7.880385032419857938e-02,3.240823509448313017e-02,6.895919289498199589e+01,7.861487303136997784e-02,9.968800153606980352e-01,7.066591308122835077e-03,4.774085400397622081e+00,-3.286399650254904353e-02,-4.493122359314176070e-03,9.994497333960046248e-01,-8.618523996689576860e-02,0.000000000000000000e+00,0.000000000000000000e+00,0.000000000000000000e+00,1.000000000000000056e-01
9.964178974912869524e-01,-7.922689995658804829e-02,2.957147074989458987e-02,6.961779881991668617e+01,7.897547895513137850e-02,9.968305521837386163e-01,9.577262493550481315e-03,4.830921775770706361e+00,-3.023652233393720259e-02,-7.207534691665147715e-03,9.995167853322013407e-01,-8.949140990302476006e-02,0.000000000000000000e+00,0.000000000000000000e+00,0.000000000000000000e+00,1.000000000000000056e-01
9.965651403747789461e-01,-7.940146799990766002e-02,2.352292220913018012e-02,7.029264776271983806e+01,7.921015293264227486e-02,9.968176922390624695e-01,8.957684498637142473e-03,4.892801808638526317e+00,-2.415931833029594245e-02,-7.063661844209455538e-03,9.996831658176335011e-01,-9.641329442511313574e-02,0.000000000000000000e+00,0.000000000000000000e+00,0.000000000000000000e+00,1.000000000000000056e-01
9.965926929419879343e-01,-8.033902212029278567e-02,1.867206200159899146e-02,7.102856321978161702e+01,8.020503851454996447e-02,9.967477250043967896e-01,7.818215617323234085e-03,4.954894206615019669e+00,-1.923944311865618748e-02,-6.293983104084956322e-03,9.997950938093111972e-01,-9.887066052901825886e-02,0.000000000000000000e+00,0.000000000000000000e+00,0.000000000000000000e+00,1.000000000000000056e-01
9.963602983843570238e-01,-8.358040461513605024e-02,1.674729135726659227e-02,7.174079985635503931e+01,8.343707663516553019e-02,9.964716532823846284e-01,9.082865585740488093e-03,5.019428785370746660e+00,-1.744735068749831905e-02,-7.652461632785702468e-03,9.998184984210615189e-01,-1.078771409664476405e-01,0.000000000000000000e+00,0.000000000000000000e+00,0.000000000000000000e+00,1.000000000000000056e-01
9.963605895745234475e-01,-8.296671288759287222e-02,1.954738077942336227e-02,7.242956422724201104e+01,8.273352882648239703e-02,9.964939136638322204e-01,1.245163599116586896e-02,5.094324960449319484e+00,-2.051191728302463602e-02,-1.078909558612872917e-02,9.997313922578442424e-01,-1.048968367569326626e-01,0.000000000000000000e+00,0.000000000000000000e+00,0.000000000000000000e+00,1.000000000000000056e-01
9.962224664387332451e-01,-8.455983193815723442e-02,1.975935690546922266e-02,7.303834041410809164e+01,8.435304007045600627e-02,9.963743702553365944e-01,1.107605205627794527e-02,5.145883994995045008e+00,-2.062430589375447917e-02,-9.367450073095530752e-03,9.997434115239414165e-01,-1.069013669423839880e-01,0.000000000000000000e+00,0.000000000000000000e+00,0.000000000000000000e+00,1.000000000000000056e-01
9.964277646634807084e-01,-8.246750850710979353e-02,1.818845371022147217e-02,7.363899995804224829e+01,8.233467757360321548e-02,9.965731380651261517e-01,7.936079376989868539e-03,5.193549130079438747e+00,-1.878059308408271122e-02,-6.410189362012471380e-03,9.998030800091352033e-01,-1.035662483691567604e-01,0.000000000000000000e+00,0.000000000000000000e+00,0.000000000000000000e+00,1.000000000000000056e-01
9.965314384682051330e-01,-8.190563593441779755e-02,1.471594192257102106e-02,7.427968227087703212e+01,8.190353284549425905e-02,9.966399821279886551e-01,7.465462808443158521e-04,5.229261677889592619e+00,-1.472764244259472909e-02,4.613307934748066145e-04,9.998914359679165198e-01,-9.222115840831707212e-02,0.000000000000000000e+00,0.000000000000000000e+00,0.000000000000000000e+00,1.000000000000000056e-01
9.967443178878454546e-01,-8.009460809900320610e-02,9.253027167410499132e-03,7.488460794233378692e+01,8.011845893916957895e-02,9.967828418854693950e-01,-2.235768310876353263e-03,5.273983751203194181e+00,-9.044185729315080274e-03,2.969827637154909099e-03,9.999546903876691539e-01,-8.973209919246408206e-02,0.000000000000000000e+00,0.000000000000000000e+00,0.000000000000000000e+00,1.000000000000000056e-01
9.969282428836778731e-01,-7.786580379259265550e-02,8.425861415665279741e-03,7.546462067907540927e+01,7.787200438291040638e-02,9.969632806478857523e-01,-4.098453281887874428e-04,5.315402878504293049e+00,-8.368361503336037288e-03,1.064725099975814392e-03,9.999644178100594027e-01,-8.046926425300816865e-02,0.000000000000000000e+00,0.000000000000000000e+00,0.000000000000000000e+00,1.000000000000000056e-01
9.973576862835219492e-01,-7.186378571655813174e-02,1.064151839093057349e-02,7.604469888475527739e+01,7.183509659261594349e-02,9.974118449472412218e-01,3.054579589733136431e-03,5.375873472039048195e+00,-1.083349014442881557e-02,-2.282073930680514340e-03,9.999387119368193799e-01,-8.629341592226927316e-02,0.000000000000000000e+00,0.000000000000000000e+00,0.000000000000000000e+00,1.000000000000000056e-01
9.977245908983295442e-01,-6.580497832693482652e-02,1.467465652588252449e-02,7.659334938492294498e+01,6.577975045798234444e-02,9.978317508666180169e-01,2.195766869484805373e-03,5.402234785849889143e+00,-1.478733060584505078e-02,-1.225475357235678714e-03,9.998899104719990438e-01,-7.858105871314198521e-02,0.000000000000000000e+00,0.000000000000000000e+00,0.000000000000000000e+00,1.000000000000000056e-01
9.981302396405370425e-01,-5.821424529271667508e-02,1.863132738490439616e-02,7.717957080788684721e+01,5.825004585080927749e-02,9.983010649084994581e-01,-1.384182406551089962e-03,5.415975994709596897e+00,-1.851909483486412211e-02,2.466869991589174058e-03,9.998254636079948465e-01,-7.460829963618617611e-02,0.000000000000000000e+00,0.000000000000000000e+00,0.000000000000000000e+00,1.000000000000000056e-01
9.986170855482141562e-01,-4.771241735322363786e-02,2.207808147241285823e-02,7.772764193297987845e+01,4.780439954033763317e-02,9.988500213927006266e-01,-3.657068277891122737e-03,5.428834239177583676e+00,-2.187820458306539290e-02,4.707440293109809229e-03,9.997495607251389860e-01,-6.640238217916456798e-02,0.000000000000000000e+00,0.000000000000000000e+00,0.000000000000000000e+00,1.000000000000000056e-01
9.991045813166647971e-01,-3.703047316254007987e-02,2.046410636725773044e-02,7.822676609219470834e+01,3.703361291425604634e-02,9.993139949966253210e-01,2.256510618718966289e-04,5.437961940620874124e+00,-2.045842385349094447e-02,5.324107841460029925e-04,9.997905627841202625e-01,-5.900857390428434351e-02,0.000000000000000000e+00,0.000000000000000000e+00,0.000000000000000000e+00,1.000000000000000056e-01
9.995697890134687125e-01,-2.133362921387917457e-02,2.012742298791466572e-02,7.871795081476957989e+01,2.125161341514309951e-02,9.997649977240603558e-01,4.279982834424129502e-03,5.454103147061592161e+00,-2.021400056453507427e-02,-3.850401326404367768e-03,9.997882618788853648e-01,-5.967605687016612481e-02,0.000000000000000000e+00,0.000000000000000000e+00,0.000000000000000000e+00,1.000000000000000056e-01
9.997862759858758830e-01,-2.552732361387696075e-03,2.051550408313336515e-02,7.919504272397857392e+01,2.371931481602741060e-03,9.999581804829781317e-01,8.832396402921608575e-03,5.455549509351091508e+00,-2.053719287878748995e-02,-8.781847337712308382e-03,9.997505203129412044e-01,-5.665951393468902919e-02,0.000000000000000000e+00,0.000000000000000000e+00,0.000000000000000000e+00,1.000000000000000056e-01
9.995452895496672596e-01,2.058070470840507940e-02,2.203743934256637005e-02,7.968367562082526945e+01,-2.076683658143277031e-02,9.997502996697712474e-01,8.250867142471411675e-03,5.455256111735035773e+00,-2.186212792643765085e-02,-8.704763288457734172e-03,9.997230988921982364e-01,-6.320676608080569303e-02,0.000000000000000000e+00,0.000000000000000000e+00,0.000000000000000000e+00,1.000000000000000056e-01
9.986759323452388815e-01,4.622712707210777094e-02,2.257066408033141930e-02,8.017672238606226642e+01,-4.635929147539483153e-02,9.989104088931416436e-01,5.367597119386492005e-03,5.428905442783697133e+00,-2.229794269136384233e-02,-6.406850052550231919e-03,9.997308407887278703e-01,-5.722969244909915237e-02,0.000000000000000000e+00,0.000000000000000000e+00,0.000000000000000000e+00,1.000000000000000056e-01
9.970022911982507896e-01,7.363882374306751633e-02,2.374352507897420014e-02,8.064771751650077647e+01,-7.378433895723196523e-02,9.972600800925711662e-01,5.310741794024867457e-03,5.397188242293844418e+00,-2.328739294302264659e-02,-7.046722039071671301e-03,9.997039767043148784e-01,-6.062210874290416274e-02,0.000000000000000000e+00,0.000000000000000000e+00,0.000000000000000000e+00,1.000000000000000056e-01
9.940704979209112890e-01,1.056327095365094532e-01,2.579875654458660059e-02,8.111291376500835781e+01,-1.057976028238819394e-01,9.943745617580084240e-01,5.108636343374720751e-03,5.341601061912124138e+00,-2.511398813393749332e-02,-7.807791271809569333e-03,9.996541031754255791e-01,-6.875414302475794937e-02,0.000000000000000000e+00,0.000000000000000000e+00,0.000000000000000000e+00,1.000000000000000056e-01
