1.000000000000000000e+00,-1.584044745952934384e-09,-4.824160039133081051e-11,8.989710424195427713e-17,1.584044745952597307e-09,1.000000000000000000e+00,-6.983368158495130050e-12,3.241235495850337437e-15,4.824160040239277439e-11,6.983368082078277054e-12,1.000000000000000000e+00,1.020050126020768909e-16,0.000000000000000000e+00,0.000000000000000000e+00,0.000000000000000000e+00,1.000000000000000056e-01
9.999819543580831249e-01,-5.933689708031180364e-03,-9.393000784765282362e-04,6.405996558733790813e-01,5.932167313503477861e-03,9.999810998420888275e-01,-1.615348126889800274e-03,7.009920543075804159e-03,9.488673001121324590e-04,1.609746891672821523e-03,9.999982541813717818e-01,8.286022990577150346e-03,0.000000000000000000e+00,0.000000000000000000e+00,0.000000000000000000e+00,1.000000000000000056e-01
9.999347767388385710e-01,-1.133587968132179595e-02,-1.392874760966076068e-03,1.303310956395642428e+00,1.133652036162985204e-02,9.999356370050918041e-01,4.529385295327731050e-04,1.597904063733471963e-02,1.387650654701109770e-03,-4.686993404936635305e-04,9.999989273727191152e-01,1.336026728164163742e-02,0.000000000000000000e+00,0.000000000000000000e+00,0.000000000000000000e+00,1.000000000000000056e-01
9.998124827073011645e-01,-1.925124291582925445e-02,-2.095010467372827086e-03,2.028845197108547715e+00,1.925540078683540129e-02,9.998126312367465740e-01,1.982917041082532614e-03,2.296243765330064149e-02,2.056444310212735428e-03,-2.022885476049221618e-03,9.999958394769199455e-01,1.891830265471477687e-02,0.000000000000000000e+00,0.000000000000000000e+00,0.000000000000000000e+00,1.000000000000000056e-01
9.996280557700527591e-01,-2.722446307262964618e-02,-1.605841770310292545e-03,2.746010472334334374e+00,2.723071910305521412e-02,9.996211247218941276e-01,4.011850803056562186e-03,4.256894743820572452e-02,1.496012872522259210e-03,-4.054086844470229135e-03,9.999906631190826900e-01,2.497691730267912608e-02,0.000000000000000000e+00,0.000000000000000000e+00,0.000000000000000000e+00,1.000000000000000056e-01
9.994332301498541904e-01,-3.361168051133311269e-02,-1.863707442864618929e-03,3.443685396952425037e+00,3.361549385536623941e-02,9.994327289594076014e-01,2.053985786513519603e-03,5.956625031316648694e-02,1.793612301573033673e-03,-2.115471095390912028e-03,9.999961538610817602e-01,3.090539857594830006e-02,0.000000000000000000e+00,0.000000000000000000e+00,0.000000000000000000e+00,1.000000000000000056e-01
9.991161981483390742e-01,-4.199266025734355035e-02,-1.854476238762193911e-03,4.181904238227046378e+00,4.200004671538309919e-02,9.991090230573205222e-01,4.141994851785219152e-03,9.734451099350485692e-02,1.678890560594027085e-03,-4.216222237726221893e-03,9.999897023452429812e-01,4.486145191520612974e-02,0.000000000000000000e+00,0.000000000000000000e+00,0.000000000000000000e+00,1.000000000000000056e-01
9.988715873222061559e-01,-4.740970163548566263e-02,-2.805749677104137259e-03,4.952159338926425569e+00,4.742644274302647289e-02,9.988552689676020169e-01,6.235718435097943255e-03,1.374795519296737878e-01,2.506904297888724875e-03,-6.361748697773070629e-03,9.999766215188971019e-01,5.309101332510626770e-02,0.000000000000000000e+00,0.000000000000000000e+00,0.000000000000000000e+00,1.000000000000000056e-01
9.985140581146620953e-01,-5.447120490181978775e-02,-1.601119587373675546e-03,5.737681416529415657e+00,5.447975167825305082e-02,9.984974794132760456e-01,5.894087071828335925e-03,1.903517805088086601e-01,1.277655847633111207e-03,-5.972557398499783385e-03,9.999813479028779595e-01,5.589731516001536504e-02,0.000000000000000000e+00,0.000000000000000000e+00,0.000000000000000000e+00,1.000000000000000056e-01
9.980490429199818658e-01,-6.240043603385220239e-02,2.072078495923968759e-03,6.546081342613124576e+00,6.239017245708131099e-02,9.980407918136593448e-01,4.695131173828467203e-03,2.400475846998149365e-01,-2.360997095255043098e-03,-4.556693839717967584e-03,9.999868310302727492e-01,5.821935646026640820e-02,0.000000000000000000e+00,0.000000000000000000e+00,0.000000000000000000e+00,1.000000000000000056e-01
9.978481806603929360e-01,-6.545352006334756445e-02,3.852929283124334903e-03,7.370292720900377681e+00,6.543105701457721524e-02,9.978408518740722322e-01,5.693075546746893985e-03,3.079825050242965823e-01,-4.217242072604495719e-03,-5.428723841086317663e-03,9.999763716342292552e-01,6.831360635875663445e-02,0.000000000000000000e+00,0.000000000000000000e+00,0.000000000000000000e+00,1.000000000000000056e-01
9.975125387277852251e-01,-7.040936369969323649e-02,3.355083345189708872e-03,8.187079009837761490e+00,7.038992218066915385e-02,9.975038462805553285e-01,5.597813045959913920e-03,3.688903032658893411e-01,-3.740846996094446004e-03,-5.347724647221426507e-03,9.999787037256590017e-01,7.347185355313556876e-02,0.000000000000000000e+00,0.000000000000000000e+00,0.000000000000000000e+00,1.000000000000000056e-01
9.972247707276733486e-01,-7.435932153740597295e-02,3.667144343494311339e-03,9.019923671830156309e+00,7.433639996779849157e-02,9.972149649619309608e-01,6.034343029891727286e-03,4.433348988654670086e-01,-4.105640871634745961e-03,-5.744994035818268285e-03,9.999750690675051068e-01,7.752792816798240172e-02,0.000000000000000000e+00,0.000000000000000000e+00,0.000000000000000000e+00,1.000000000000000056e-01
9.970224963556428843e-01,-7.697790490599423774e-02,4.532539800795441602e-03,9.800900659176756236e+00,7.695740504408418725e-02,9.970240633129272556e-01,4.535965593001142424e-03,5.269456690953736588e-01,-4.868220377391540253e-03,-4.173647237589055148e-03,9.999794403381968566e-01,8.836938794992649227e-02,0.000000000000000000e+00,0.000000000000000000e+00,0.000000000000000000e+00,1.000000000000000056e-01
9.967704177282781242e-01,-8.015123710316839067e-02,4.951114281201493030e-03,1.057653635666544112e+01,8.012412265736439110e-02,9.967699852254616744e-01,5.451744860184391285e-03,5.633549837178332131e-01,-5.372086203837402561e-03,-5.037434313676372559e-03,9.999728821049868044e-01,9.174890073671805590e-02,0.000000000000000000e+00,0.000000000000000000e+00,0.000000000000000000e+00,1.000000000000000056e-01
9.965387563920754532e-01,-8.293044695636754560e-02,5.748736918030988852e-03,1.137739380219012553e+01,8.290737909386010351e-02,9.965486511831053162e-01,4.141535575188143650e-03,6.450873127968876908e-01,-6.072355418006353256e-03,-3.650588000677467380e-03,9.999748995384467598e-01,1.060790692873568447e-01,0.000000000000000000e+00,0.000000000000000000e+00,0.000000000000000000e+00,1.000000000000000056e-01
9.962489760949017059e-01,-8.640012526922764835e-02,4.795412737380388285e-03,1.223596213106378272e+01,8.636708705806318831e-02,9.962407484339170782e-01,6.715462227854896576e-03,7.263759646266400027e-01,-5.357602352264807105e-03,-6.276106539135749979e-03,9.999659527122632952e-01,9.965162316183118207e-02,0.000000000000000000e+00,0.000000000000000000e+00,0.000000000000000000e+00,1.000000000000000056e-01
9.959913207730982654e-01,-8.941561317114674057e-02,2.477310212139614831e-03,1.311179451268266760e+01,8.940026454319446869e-02,9.959792641908666866e-01,5.735677939581806245e-03,8.288283724898770632e-01,-2.980208762179260493e-03,-5.491213258252367405e-03,9.999804822758723288e-01,9.978764942874958355e-02,0.000000000000000000e+00,0.000000000000000000e+00,0.000000000000000000e+00,1.000000000000000056e-01
9.962760601227045321e-01,-8.622064932856617070e-02,-1.079617596736600293e-04,1.398554722766766112e+01,8.621780380292591583e-02,9.962313251656432778e-01,9.467685361618415757e-03,9.208525795083181142e-01,-7.087550926103956296e-04,-9.441736496368362264e-03,9.999551746344191860e-01,1.083878811020822508e-01,0.000000000000000000e+00,0.000000000000000000e+00,0.000000000000000000e+00,1.000000000000000056e-01
9.947652506681358142e-01,-1.021847115928071342e-01,6.170736227026007385e-04,1.494005376632469506e+01,1.021735017939108120e-01,9.947164431511756888e-01,9.988656358263703697e-03,1.041935007089048293e+00,-1.634501248305977135e-03,-9.873319673169881142e-03,9.999499217282337149e-01,1.100519077410560820e-01,0.000000000000000000e+00,0.000000000000000000e+00,0.000000000000000000e+00,1.000000000000000056e-01
9.940226800029657861e-01,-1.091520101879809718e-01,2.179520966744571010e-03,1.591523095106075658e+01,1.091258613395542226e-01,9.939798294969564019e-01,9.779823111996852752e-03,1.170106246518426207e+00,-3.233887230867142203e-03,-9.483523876938435709e-03,9.999498011141627618e-01,1.176265974755898863e-01,0.000000000000000000e+00,0.000000000000000000e+00,0.000000000000000000e+00,1.000000000000000056e-01
9.937304880498812887e-01,-1.117580926256462742e-01,3.137810195362454504e-03,1.683902459472344759e+01,1.117236044636380071e-01,9.936930548303682942e-01,9.589003469765305238e-03,1.285204107862811140e+00,-4.189668936469266407e-03,-9.178317632773234924e-03,9.999491012844777815e-01,1.246489763816959612e-01,0.000000000000000000e+00,0.000000000000000000e+00,0.000000000000000000e+00,1.000000000000000056e-01
9.933556442612060389e-01,-1.150436810437703711e-01,3.084714946895857415e-03,1.772791924119314899e+01,1.150133745969019045e-01,9.933261869296216018e-01,8.660832736582937258e-03,1.382862300971812397e+00,-4.060502214885765120e-03,-8.248503607174891006e-03,9.999577363618951109e-01,1.343833370840376296e-01,0.000000000000000000e+00,0.000000000000000000e+00,0.000000000000000000e+00,1.000000000000000056e-01
9.930103850174576419e-01,-1.179850339400070197e-01,3.147540890278289344e-03,1.863818653680664283e+01,1.179536693896208605e-01,9.929803712840802321e-01,8.770069672146083711e-03,1.492336733580047037e+00,-4.160183289784741799e-03,-8.337506264205513107e-03,9.999565884898652390e-01,1.402200748532324015e-01,0.000000000000000000e+00,0.000000000000000000e+00,0.000000000000000000e+00,1.000000000000000056e-01
9.925128508266243266e-01,-1.221135251539834793e-01,2.554979153419164716e-03,1.956325723047122622e+01,1.220958319573347967e-01,9.924989086553089868e-01,6.206781506289720841e-03,1.601849692149609705e+00,-3.293745990999175349e-03,-5.848358101895220242e-03,9.999774737187127061e-01,1.508922204450781068e-01,0.000000000000000000e+00,0.000000000000000000e+00,0.000000000000000000e+00,1.000000000000000056e-01
9.922755305539672221e-01,-1.239728900796764066e-01,4.471463869390057515e-03,2.048696663056562883e+01,1.239530437353651982e-01,9.922780041567074161e-01,4.472741387553103888e-03,1.720299317297294905e+00,-4.991433920371134321e-03,-3.883940276801332945e-03,9.999800000976744041e-01,1.643420921969052928e-01,0.000000000000000000e+00,0.000000000000000000e+00,0.000000000000000000e+00,1.000000000000000056e-01
9.924338464159562223e-01,-1.226483655913012949e-01,5.695516290270229154e-03,2.140839321964211805e+01,1.226235050685163530e-01,9.924429338279724400e-01,4.527593139652628766e-03,1.841798790483964998e+00,-6.207776795421579216e-03,-3.794932503904185298e-03,9.999735306469611507e-01,1.658443239721125451e-01,0.000000000000000000e+00,0.000000000000000000e+00,0.000000000000000000e+00,1.000000000000000056e-01
9.923489581928768288e-01,-1.230520538937964758e-01,1.008648630743759489e-02,2.236130659366728679e+01,1.230338371791158403e-01,9.923995513100493104e-01,2.409454003628158647e-03,1.965447072472771062e+00,-1.030631274970510158e-02,-1.150040056255400905e-03,9.999462272169310495e-01,1.705034182110153618e-01,0.000000000000000000e+00,0.000000000000000000e+00,0.000000000000000000e+00,1.000000000000000056e-01
9.925953865981609336e-01,-1.207741319640247279e-01,1.296177273307363813e-02,2.332389472412445031e+01,1.207460534170189670e-01,9.926791042774940621e-01,2.930275592234011812e-03,2.093878794863487158e+00,-1.322078243758341605e-02,-1.343495131505704435e-03,9.999116990677575645e-01,1.699177379685978539e-01,0.000000000000000000e+00,0.000000000000000000e+00,0.000000000000000000e+00,1.000000000000000056e-01
9.928798598428276723e-01,-1.183753899655961700e-01,1.329853258746773077e-02,2.424193676651178464e+01,1.183743894925326084e-01,9.929686578521950135e-01,8.651216565797368143e-04,2.197814805577185560e+00,-1.330743516824682039e-02,7.152438070561582947e-04,9.999111963547260284e-01,1.664717033142324998e-01,0.000000000000000000e+00,0.000000000000000000e+00,0.000000000000000000e+00,1.000000000000000056e-01
9.929057425348277732e-01,-1.183002611342318794e-01,1.196806822067999522e-02,2.519287607075209579e+01,1.183062772354871034e-01,9.929771307085629717e-01,2.065344268765201058e-04,2.308687086889467110e+00,-1.190845111852785985e-02,1.210828378412154207e-03,9.999283587770654291e-01,1.632863620855017628e-01,0.000000000000000000e+00,0.000000000000000000e+00,0.000000000000000000e+00,1.000000000000000056e-01
9.930922899404429627e-01,-1.170796027507553100e-01,7.750501956160693942e-03,2.613237364921452510e+01,1.170837507690967311e-01,9.931220411257817293e-01,-8.207314522022435320e-05,2.429756647341152931e+00,-7.687585231212783546e-03,9.889640470998827503e-04,9.999699610405436978e-01,1.593149179572327934e-01,0.000000000000000000e+00,0.000000000000000000e+00,0.000000000000000000e+00,1.000000000000000056e-01
9.930033583350408311e-01,-1.178909598623438248e-01,6.786156354348459215e-03,2.707166557973739174e+01,1.179032792576870936e-01,9.930240345085900033e-01,-1.443477941127350181e-03,2.544097301427993951e+00,-6.568643361781588939e-03,2.233488530955083338e-03,9.999759319370480348e-01,1.608613940439902190e-01,0.000000000000000000e+00,0.000000000000000000e+00,0.000000000000000000e+00,1.000000000000000056e-01
9.930804710266937230e-01,-1.171840360870475689e-01,7.686335391433717773e-03,2.802435459615558599e+01,1.172081617102036927e-01,9.931035181976720638e-01,-2.765677479511998924e-03,2.657467021841012578e+00,-7.309233469715837456e-03,3.647441535579719861e-03,9.999666350815559213e-01,1.629999638032879061e-01,0.000000000000000000e+00,0.000000000000000000e+00,0.000000000000000000e+00,1.000000000000000056e-01
9.930101621430108549e-01,-1.175505893802215457e-01,1.061493368202791679e-02,2.902997236348996779e+01,1.176161432112225597e-01,9.930423347802204148e-01,-5.776174371143008059e-03,2.777076138081145285e+00,-9.862085825447411414e-03,6.984287408978047222e-03,9.999269768300884653e-01,1.676059359072477328e-01,0.000000000000000000e+00,0.000000000000000000e+00,0.000000000000000000e+00,1.000000000000000056e-01
9.930767411167891190e-01,-1.165083822424772819e-01,1.497942322315911831e-02,2.998336591859337830e+01,1.166441351594086073e-01,9.931371422411149341e-01,-8.530089921279763662e-03,2.885450720299751470e+00,-1.388279459515727107e-02,1.021829576750983397e-02,9.998514161843430337e-01,1.663238239861868639e-01,0.000000000000000000e+00,0.000000000000000000e+00,0.000000000000000000e+00,1.000000000000000056e-01
9.929088492429253288e-01,-1.178297237599067460e-01,1.575351686937773513e-02,3.091065413984805588e+01,1.180744434054695480e-01,9.928817835488072951e-01,-1.562657068674726257e-02,2.973736698487441821e+00,-1.380010541909990410e-02,1.737584805422190404e-02,9.997537881872807786e-01,1.700139224714649899e-01,0.000000000000000000e+00,0.000000000000000000e+00,0.000000000000000000e+00,1.000000000000000056e-01
9.930121713920765369e-01,-1.173901452154888364e-01,1.209881289547684244e-02,3.186115000590717727e+01,1.176043813967160429e-01,9.928816011954708642e-01,-1.885034439509277945e-02,3.076335465686563353e+00,-9.799844054323540721e-03,2.014149482546670131e-02,9.997491101484945464e-01,1.713529402062076989e-01,0.000000000000000000e+00,0.000000000000000000e+00,0.000000000000000000e+00,1.000000000000000056e-01
9.927669556820877261e-01,-1.197552792876945965e-01,8.511450431384513446e-03,3.285915275950844716e+01,1.198949705220149625e-01,9.926156406404058608e-01,-1.842243196653780071e-02,3.193558184242839992e+00,-6.242415337416512555e-03,1.930966179825054432e-02,9.997940634010548111e-01,1.662487431077449840e-01,0.000000000000000000e+00,0.000000000000000000e+00,0.000000000000000000e+00,1.000000000000000056e-01
9.926311677011454560e-01,-1.209821345568339312e-01,6.832863699256891757e-03,3.382763951104586653e+01,1.210889957190846300e-01,9.924722589290138064e-01,-1.833767630001550270e-02,3.315368667930950863e+00,-4.562896448967405233e-03,1.902993364183841463e-02,9.998085024651386377e-01,1.675541422551134751e-01,0.000000000000000000e+00,0.000000000000000000e+00,0.000000000000000000e+00,1.000000000000000056e-01
9.924220084217747484e-01,-1.226113633161243222e-01,8.062926630708705522e-03,3.479203739265480522e+01,1.227432536026106524e-01,9.922632452942041770e-01,-1.864794179686334041e-02,3.435917117680938215e+00,-5.714096178402933157e-03,1.949629769918779371e-02,9.997936004400551635e-01,1.781072135698582026e-01,0.000000000000000000e+00,0.000000000000000000e+00,0.000000000000000000e+00,1.000000000000000056e-01
9.923274395192117625e-01,-1.232626645452672004e-01,9.621242458539786338e-03,3.576799336210173408e+01,1.234196912583031130e-01,9.921927222261778256e-01,-1.792154488630561676e-02,3.571318874935478060e+00,-7.337069370683036232e-03,1.897149152301053077e-02,9.997931035581522075e-01,1.744775839654018057e-01,0.000000000000000000e+00,0.000000000000000000e+00,0.000000000000000000e+00,1.000000000000000056e-01
9.923047159930068473e-01,-1.233083882905124107e-01,1.124241945642709233e-02,3.673890162378602042e+01,1.234979960014794542e-01,9.921795941429039090e-01,-1.810795267392045424e-02,3.688039990382703248e+00,-8.921636714000114390e-03,1.935702310838623499e-02,9.997728292240817272e-01,1.863544132083984339e-01,0.000000000000000000e+00,0.000000000000000000e+00,0.000000000000000000e+00,1.000000000000000056e-01
9.920611520068811640e-01,-1.250047605822863228e-01,1.372882043531533508e-02,3.772660715953826838e+01,1.252294516373044231e-01,9.919830453582415553e-01,-1.694763005286622701e-02,3.828254238098336870e+00,-1.150022266740486146e-02,1.853233804877446947e-02,9.997621203691636760e-01,1.885007382897725403e-01,0.000000000000000000e+00,0.000000000000000000e+00,0.000000000000000000e+00,1.000000000000000056e-01
9.921709086950157852e-01,-1.240720993448095194e-01,1.424788066620556737e-02,3.872907924814163749e+01,1.242954953299636039e-01,9.921156262101729073e-01,-1.603789482056678165e-02,3.969321559714646508e+00,-1.214568976986138416e-02,1.768328006248506487e-02,9.997698654321633960e-01,1.991786967708110423e-01,0.000000000000000000e+00,0.000000000000000000e+00,0.000000000000000000e+00,1.000000000000000056e-01
9.922853364118788821e-01,-1.230031306750569708e-01,1.549325614902053588e-02,3.975574698558909148e+01,1.231944212704535468e-01,9.923092526871409857e-01,-1.206157532521101756e-02,4.113172630668367802e+00,-1.389048990505104691e-02,1.387720705410771214e-02,9.998072201252474756e-01,1.991003218079091808e-01,0.000000000000000000e+00,0.000000000000000000e+00,0.000000000000000000e+00,1.000000000000000056e-01
9.918563412564511683e-01,-1.265037425220027489e-01,1.475809734664923316e-02,4.075611870555833605e+01,1.267225437323935000e-01,9.918252043503501536e-01,-1.497200472140290152e-02,4.234453230047568795e+00,-1.274343828634817537e-02,1.672026146066267135e-02,9.997789943969263016e-01,2.128275415832066308e-01,0.000000000000000000e+00,0.000000000000000000e+00,0.000000000000000000e+00,1.000000000000000056e-01
9.920577023815879691e-01,-1.250022314844949634e-01,1.399847381900653012e-02,4.176304896119116705e+01,1.251884315813023840e-01,9.920435332611219348e-01,-1.332233887134304934e-02,4.355378801936113042e+00,-1.222177334016004077e-02,1.496897587298685536e-02,9.998132615732477912e-01,2.347923816957430687e-01,0.000000000000000000e+00,0.000000000000000000e+00,0.000000000000000000e+00,1.000000000000000056e-01
9.922806159083479294e-01,-1.236027169699148304e-01,1.007708540228129807e-02,4.277269024160335675e+01,1.237182716486086714e-01,9.922473866238411544e-01,-1.178613585695311057e-02,4.463625539596272951e+00,-8.542163240702938670e-03,1.294187373654256436e-02,9.998797624471437162e-01,2.421421389519616274e-01,0.000000000000000000e+00,0.000000000000000000e+00,0.000000000000000000e+00,1.000000000000000056e-01
9.925546899754280616e-01,-1.214673797101674113e-01,8.992389789593730615e-03,4.380802517124812567e+01,1.215710555893109446e-01,9.925095452554543174e-01,-1.205325763898949971e-02,4.596816934058689519e+00,-7.460955078449849932e-03,1.305673171805263495e-02,9.998869215597132598e-01,2.505245465579128417e-01,0.000000000000000000e+00,0.000000000000000000e+00,0.000000000000000000e+00,1.000000000000000056e-01
9.925187558320385239e-01,-1.215474077937154229e-01,1.152158757509450654e-02,4.479406914723372068e+01,1.217040028681587172e-01,9.924672290360212479e-01,-1.403335225201250008e-02,4.719557026104546082e+00,-9.729080505861676526e-03,1.533058864460522600e-02,9.998351454336461552e-01,2.615331264350009843e-01,0.000000000000000000e+00,0.000000000000000000e+00,0.000000000000000000e+00,1.000000000000000056e-01
9.923321183645764654e-01,-1.231533464004974515e-01,1.049857763848926519e-02,4.575280945214782236e+01,1.232838364493773625e-01,9.922882726448500890e-01,-1.284833225842052333e-02,4.841079592474513582e+00,-8.835300356834415239e-03,1.404411769598496069e-02,9.998623406378229772e-01,2.642465926439479529e-01,0.000000000000000000e+00,0.000000000000000000e+00,0.000000000000000000e+00,1.000000000000000056e-01
9.918539072193152117e-01,-1.272139858886181807e-01,6.513718454806930770e-03,4.665792004007735727e+01,1.272925430894848164e-01,9.917726802494760685e-01,-1.354840155081232095e-02,4.961917019015524843e+00,-4.736581846615974499e-03,1.426718280183071272e-02,9.998869997591275371e-01,2.783450602485263436e-01,0.000000000000000000e+00,0.000000000000000000e+00,0.000000000000000000e+00,1.000000000000000056e-01
9.921512736585040848e-01,-1.249361915929360217e-01,5.176698567742353541e-03,4.761243530831856674e+01,1.249938780318047421e-01,9.920730864247127023e-01,-1.294301534862882588e-02,5.084312405774952914e+00,-3.518612280203944204e-03,1.348848479250746440e-02,9.999028353523276014e-01,2.803044501253942888e-01,0.000000000000000000e+00,0.000000000000000000e+00,0.000000000000000000e+00,1.000000000000000056e-01
9.921890347096381513e-01,-1.246474617882520064e-01,4.891796367677211932e-03,4.855196018694493887e+01,1.246977653452589208e-01,9.921238366875170245e-01,-1.186423172142817353e-02,5.211389373756148302e+00,-3.374421410450289486e-03,1.238155669482868954e-02,9.999176517763637140e-01,2.921807044729923253e-01,0.000000000000000000e+00,0.000000000000000000e+00,0.000000000000000000e+00,1.000000000000000056e-01
9.925994459080572652e-01,-1.211780627609645028e-01,7.887780962826265382e-03,4.951104223319820363e+01,1.212800176099486510e-01,9.925185768149015209e-01,-1.407238451197592201e-02,5.342526636428527986e+00,-6.123504841863356037e-03,1.492487128326741401e-02,9.998698669855140553e-01,2.936340197197732094e-01,0.000000000000000000e+00,0.000000000000000000e+00,0.000000000000000000e+00,1.000000000000000056e-01
9.928959885088146642e-01,-1.185518645613127808e-01,1.014945378530020259e-02,5.049659999791996512e+01,1.187104872539807010e-01,9.927869150219046368e-01,-1.679171156290849842e-02,5.469901737250110862e+00,-8.085556197707025050e-03,1.787726965522367512e-02,9.998074949762320029e-01,3.153651779684519263e-01,0.000000000000000000e+00,0.000000000000000000e+00,0.000000000000000000e+00,1.000000000000000056e-01
9.930523792357872637e-01,-1.172555223889556880e-01,9.905279573807459353e-03,5.141313785077986154e+01,1.174070035329806833e-01,9.929481076654066429e-01,-1.642105371450355497e-02,5.596520854796600553e+00,-7.909969377237705684e-03,1.746991565466359322e-02,9.998161003061863950e-01,3.189269095158183687e-01,0.000000000000000000e+00,0.000000000000000000e+00,0.000000000000000000e+00,1.000000000000000056e-01
9.930181038893804990e-01,-1.175360576427958437e-01,1.001601226680841859e-02,5.234809360619304641e+01,1.177139589362105054e-01,9.928550687315633727e-01,-1.955086610886154486e-02,5.716837118477751112e+00,-7.646516821640521148e-03,2.059338844949650665e-02,9.997586924516658202e-01,3.314546801400201081e-01,0.000000000000000000e+00,0.000000000000000000e+00,0.000000000000000000e+00,1.000000000000000056e-01
9.931701496545177754e-01,-1.164683513892748462e-01,6.940962461149596981e-03,5.331310938140302369e+01,1.165972555187094611e-01,9.929218646932188586e-01,-2.261085181159752655e-02,5.837590394163384211e+00,-4.258384755686329091e-03,2.326572025116887404e-02,9.997202470793851159e-01,3.549685634959158231e-01,0.000000000000000000e+00,0.000000000000000000e+00,0.000000000000000000e+00,1.000000000000000056e-01
9.929425482282293602e-01,-1.182829278999323608e-01,8.616547188391322082e-03,5.424681265499393135e+01,1.184716738569812355e-01,9.926078970141040125e-01,-2.634435952462879302e-02,5.958196789631454493e+00,-5.436764805970337525e-03,2.717925224610192800e-02,9.996157911096579252e-01,3.551477335699464444e-01,0.000000000000000000e+00,0.000000000000000000e+00,0.000000000000000000e+00,1.000000000000000056e-01
9.929416927738294874e-01,-1.179116794070606822e-01,1.279181812130368925e-02,5.518356917429011332e+01,1.182278876254383437e-01,9.926002771918026601e-01,-2.769217048884536556e-02,6.068581385704219677e+00,-9.431931884226765761e-03,2.900906027714613908e-02,9.995346482652656128e-01,3.674686174466424426e-01,0.000000000000000000e+00,0.000000000000000000e+00,0.000000000000000000e+00,1.000000000000000056e-01
9.926869378161005120e-01,-1.193669716165962624e-01,1.800470983870649730e-02,5.612264258689815932e+01,1.198081019496191890e-01,9.924613239339167281e-01,-2.581742052504279114e-02,6.189669389651463405e+00,-1.478723086054215333e-02,2.778572623524433113e-02,9.995045228617313038e-01,3.886812920198651766e-01,0.000000000000000000e+00,0.000000000000000000e+00,0.000000000000000000e+00,1.000000000000000056e-01
9.926907883760891504e-01,-1.191848711321754212e-01,1.897274799456668756e-02,5.707366854579032633e+01,1.196057347402015442e-01,9.925584440397217101e-01,-2.285176979367696190e-02,6.314590565448090054e+00,-1.610797599064333133e-02,2.495399083620491662e-02,9.995588184048157521e-01,3.846291037364525933e-01,0.000000000000000000e+00,0.000000000000000000e+00,0.000000000000000000e+00,1.000000000000000056e-01
9.927749855733035700e-01,-1.192288931435892957e-01,1.350181690297517535e-02,5.795392803453071906e+01,1.195364279107026390e-01,9.925179647357122992e-01,-2.488236482388161974e-02,6.419996299334195022e+00,-1.043409901602877256e-02,2.631654834194475240e-02,9.995992041118729743e-01,3.954758432961716363e-01,0.000000000000000000e+00,0.000000000000000000e+00,0.000000000000000000e+00,1.000000000000000056e-01
9.928078622241141016e-01,-1.194533966739089875e-01,7.964592208654293001e-03,5.886512216748809578e+01,1.196155750438464144e-01,9.925154160979327012e-01,-2.460209370922281091e-02,6.525586829362062247e+00,-4.966176891166395983e-03,2.537784133871874570e-02,9.996655952147560642e-01,4.024149322758058256e-01,0.000000000000000000e+00,0.000000000000000000e+00,0.000000000000000000e+00,1.000000000000000056e-01
9.929844847118070028e-01,-1.181549186415310343e-01,4.607420367224617126e-03,5.981733736849910343e+01,1.182330123294706853e-01,9.926804052269162515e-01,-2.462859870200773821e-02,6.652571544738497877e+00,-1.663705841296639473e-03,2.500056558037215548e-02,9.996860526202889785e-01,4.129175013395948723e-01,0.000000000000000000e+00,0.000000000000000000e+00,0.000000000000000000e+00,1.000000000000000056e-01
9.927788149896128456e-01,-1.199480213206958606e-01,1.642159879539970176e-03,6.072919321955047423e+01,1.199552233836768539e-01,9.925400420860654993e-01,-2.179470666844580615e-02,6.770147173127510243e+00,9.843225041943999207e-04,2.183430871452777047e-02,9.997611185038985937e-01,4.172147177690821995e-01,0.000000000000000000e+00,0.000000000000000000e+00,0.000000000000000000e+00,1.000000000000000056e-01
9.925357323118719766e-01,-1.219040897904207499e-01,3.494706926926656725e-03,6.165616975448428860e+01,1.219488475966895302e-01,9.923525883911256118e-01,-1.910023254498536410e-02,6.899637832566860141e+00,-1.139585001422251890e-03,1.938383877879096967e-02,9.998114662976327338e-01,4.381166819447900873e-01,0.000000000000000000e+00,0.000000000000000000e+00,0.000000000000000000e+00,1.000000000000000056e-01
9.922829732755492627e-01,-1.239041840878106898e-01,4.717426519767350078e-03,6.252501479035908005e+01,1.239686239012519481e-01,9.921309923656387308e-01,-1.754634650298601134e-02,7.025014096643575456e+00,-2.506239307294271142e-03,1.799575375211683037e-02,9.998349221803706222e-01,4.513959012403782056e-01,0.000000000000000000e+00,0.000000000000000000e+00,0.000000000000000000e+00,1.000000000000000056e-01
9.922317615401956559e-01,-1.243077141648913225e-01,4.870686803729726809e-03,6.332954110899899547e+01,1.243727415989426405e-01,9.920939287767294168e-01,-1.676477353012365695e-02,7.135450442613396227e+00,-2.748188130931448342e-03,1.724032144286669760e-02,9.998475977760529210e-01,4.646723978166275026e-01,0.000000000000000000e+00,0.000000000000000000e+00,0.000000000000000000e+00,1.000000000000000056e-01
9.920530724092052610e-01,-1.256640528984963312e-01,6.264769156168319489e-03,6.413542247284884468e+01,1.257511563407890665e-01,9.919277998853107681e-01,-1.630602629831514813e-02,7.244064866409679837e+00,-4.165117334551647968e-03,1.696424545362511596e-02,9.998474214467818477e-01,4.738035347606659453e-01,0.000000000000000000e+00,0.000000000000000000e+00,0.000000000000000000e+00,1.000000000000000056e-01
9.921634116751657517e-01,-1.247030906801037814e-01,7.804082772836172174e-03,6.492823671182412681e+01,1.248217405609272496e-01,9.920297304023096840e-01,-1.722054242064662358e-02,7.357838640475942604e+00,-5.594427266131508231e-03,1.805971131415263012e-02,9.998212586311682193e-01,4.942880343007888810e-01,0.000000000000000000e+00,0.000000000000000000e+00,0.000000000000000000e+00,1.000000000000000056e-01
9.921841334731483775e-01,-1.244717277174671316e-01,8.799675173911898629e-03,6.572612338172385194e+01,1.246160680808757054e-01,9.920346003778098831e-01,-1.838986757161387153e-02,7.468021654722061697e+00,-6.440563655472026326e-03,1.934271574178945963e-02,9.997921676466224872e-01,5.048751076402051563e-01,0.000000000000000000e+00,0.000000000000000000e+00,0.000000000000000000e+00,1.000000000000000056e-01
9.921545173970109932e-01,-1.246647283372180337e-01,9.387178346650695490e-03,6.646669672129409889e+01,1.248262373586218610e-01,9.919923693585859237e-01,-1.922367293801727564e-02,7.564463876669575981e+00,-6.915495325224183323e-03,2.024462009884324745e-02,9.997711394521550110e-01,5.146636581233617891e-01,0.000000000000000000e+00,0.000000000000000000e+00,0.000000000000000000e+00,1.000000000000000056e-01
9.919219270365086105e-01,-1.263508410807119842e-01,1.124080167852265638e-02,6.724421420375912817e+01,1.265396991963634310e-01,9.917969389755345588e-01,-1.807031726488821100e-02,7.679495934094587639e+00,-8.865392911375884200e-03,1.934675158667523848e-02,9.997735283610835744e-01,5.195326143750379488e-01,0.000000000000000000e+00,0.000000000000000000e+00,0.000000000000000000e+00,1.000000000000000056e-01
9.921562256478276831e-01,-1.242586600745155812e-01,1.363118867681342196e-02,6.798508784708914732e+01,1.244834518230873432e-01,9.920741531625775211e-01,-1.710978810399817890e-02,7.788127616696025157e+00,-1.139711061918729194e-02,1.867244020583844893e-02,9.997606942895351789e-01,5.302233456842148085e-01,0.000000000000000000e+00,0.000000000000000000e+00,0.000000000000000000e+00,1.000000000000000056e-01
9.919567582664804428e-01,-1.256860116844205066e-01,1.499387195886962842e-02,6.869642516308937275e+01,1.259043851488546029e-01,9.919344371595374410e-01,-1.463414422781833188e-02,7.886691327064688117e+00,-1.303363071995444766e-02,1.640423249821293047e-02,9.997804887205993252e-01,5.466954286239950056e-01,0.000000000000000000e+00,0.000000000000000000e+00,0.000000000000000000e+00,1.000000000000000056e-01
9.916363378763234371e-01,-1.284695324240263947e-01,1.236740239444376020e-02,6.936084063900183594e+01,1.286331065669329698e-01,9.916005288728103606e-01,-1.348758814995577003e-02,7.984540206219630676e+00,-1.053077861196063773e-02,1.496563990996686334e-02,9.998325521425630580e-01,5.543775794040156635e-01,0.000000000000000000e+00,0.000000000000000000e+00,0.000000000000000000e+00,1.000000000000000056e-01
9.919316666399032867e-01,-1.266077879489407032e-01,6.483575222032194815e-03,7.005689811784516507e+01,1.266889567770523028e-01,9.918410152492010967e-01,-1.418832971762871119e-02,8.088442377823829688e+00,-4.634322790425787070e-03,1.489525092470871982e-02,9.998783198730554211e-01,5.592139109170435329e-01,0.000000000000000000e+00,0.000000000000000000e+00,0.000000000000000000e+00,1.000000000000000056e-01
9.921936977540245506e-01,-1.247000788791453457e-01,1.247583556430673047e-03,7.080986054806058405e+01,1.247036826923053482e-01,9.920580100220365294e-01,-1.642852014314433173e-02,8.188695342362112939e+00,8.109624973888977881e-04,1.645585241340612181e-02,9.998642644185139483e-01,5.734970434068018541e-01,0.000000000000000000e+00,0.000000000000000000e+00,0.000000000000000000e+00,1.000000000000000056e-01
9.921247952226037725e-01,-1.252402136717955250e-01,1.810962161236992669e-03,7.152936160026494861e+01,1.252532995305597752e-01,9.920163329519435802e-01,-1.466990501968342894e-02,8.295509486814784950e+00,4.075799690505090347e-05,1.478120549960839844e-02,9.998907511837300532e-01,5.855976157010378547e-01,0.000000000000000000e+00,0.000000000000000000e+00,0.000000000000000000e+00,1.000000000000000056e-01
9.923643616499084885e-01,-1.232496227713942710e-01,4.743860651263972356e-03,7.220072755643303708e+01,1.233005295112071104e-01,9.922894368456116609e-01,-1.259575114372752519e-02,8.397337321701169088e+00,-3.154861237130008895e-03,1.308449507347449886e-02,9.999094173170121058e-01,5.962872012354218931e-01,0.000000000000000000e+00,0.000000000000000000e+00,0.000000000000000000e+00,1.000000000000000056e-01
9.923131583102537956e-01,-1.235539203166211436e-01,7.001758259415689738e-03,7.282345918177858834e+01,1.236373419430639858e-01,9.922410639893874951e-01,-1.309498417189043119e-02,8.482643627253912300e+00,-5.329495434197940688e-03,1.386000388175342816e-02,9.998897423070278734e-01,6.097274940876072913e-01,0.000000000000000000e+00,0.000000000000000000e+00,0.000000000000000000e+00,1.000000000000000056e-01
9.923815207581576647e-01,-1.231357986216967126e-01,4.061078123274277155e-03,7.340219033004727578e+01,1.231859465826478928e-01,9.922513501024047278e-01,-1.620125873171779710e-02,8.536227140050216988e+00,-2.034655318083432654e-03,1.657809753114011450e-02,9.998605037003834850e-01,6.198885064887674767e-01,0.000000000000000000e+00,0.000000000000000000e+00,0.000000000000000000e+00,1.000000000000000056e-01
9.924575956077704708e-01,-1.225873657215096058e-01,5.086117418167638996e-04,7.404762107718150332e+01,1.225657464327740420e-01,9.921856918535716385e-01,-2.334931867156433277e-02,8.598447422991918998e+00,2.357694174399813190e-03,2.323554704564060464e-02,9.997272381163123667e-01,6.406560797444639244e-01,0.000000000000000000e+00,0.000000000000000000e+00,0.000000000000000000e+00,1.000000000000000056e-01
9.927636117678841909e-01,-1.200234090250267699e-01,-3.846093550198628926e-03,7.466868162225280514e+01,1.198811863469306932e-01,9.924353712475373346e-01,-2.646762280249842503e-02,8.669877878615121602e+00,6.993733597888527991e-03,2.581501855071925700e-02,9.996422722692291929e-01,6.497774119375693269e-01,0.000000000000000000e+00,0.000000000000000000e+00,0.000000000000000000e+00,1.000000000000000056e-01
9.932671519300411145e-01,-1.157507442682262910e-01,-4.704263825123723881e-03,7.526055456606512450e+01,1.156085369943113395e-01,9.930113270452477492e-01,-2.373121433620717369e-02,8.736057191283343570e+00,7.418292985561844750e-03,2.302758261710804305e-02,9.997073068493560477e-01,6.616568240235518594e-01,0.000000000000000000e+00,0.000000000000000000e+00,0.000000000000000000e+00,1.000000000000000056e-01
9.939338522303835521e-01,-1.099572056898668188e-01,-2.215921331261416771e-03,7.583799841772825800e+01,1.098908299254804516e-01,9.937396665730385825e-01,-2.013654830389705053e-02,8.818330058286850459e+00,4.416207508615351343e-03,1.977088759217369984e-02,9.997947835006234518e-01,6.681221506775787411e-01,0.000000000000000000e+00,0.000000000000000000e+00,0.000000000000000000e+00,1.000000000000000056e-01
9.947599373443541948e-01,-1.022257247344958569e-01,1.602578286233330776e-03,7.639006671522402314e+01,1.022367343468470330e-01,9.945362797578977121e-01,-2.110067286635105427e-02,8.855531804085291725e+00,5.632093293369641205e-04,2.115394638897475504e-02,9.997760716017480842e-01,6.816383328460944302e-01,0.000000000000000000e+00,0.000000000000000000e+00,0.000000000000000000e+00,1.000000000000000056e-01
9.956565545490774216e-01,-9.289523723893121365e-02,6.204859529656090757e-03,7.696848853908393551e+01,9.301948226599433822e-02,9.953692041022638159e-01,-2.423888289076375421e-02,8.908399405037760843e+00,-3.924449315055961347e-03,2.471077544611825424e-02,9.996869391336594690e-01,6.942176007825188178e-01,0.000000000000000000e+00,0.000000000000000000e+00,0.000000000000000000e+00,1.000000000000000056e-01
9.965879454814297045e-01,-8.196654155871159475e-02,9.692934850030174992e-03,7.750177158543952771e+01,8.220072767138615621e-02,9.962522371543847122e-01,-2.691691540979896519e-02,8.950369237263331001e+00,-7.450321563364650269e-03,2.762183972489280076e-02,9.995906795677993451e-01,7.102963425300784506e-01,0.000000000000000000e+00,0.000000000000000000e+00,0.000000000000000000e+00,1.000000000000000056e-01
9.975517842239711719e-01,-6.928317149960670773e-02,9.501575581331021467e-03,7.798559707675678965e+01,6.949612476051637844e-02,9.972863948673800216e-01,-2.429269963785173764e-02,8.989203037708175970e+00,-7.792716781867829907e-03,2.489354854937767675e-02,9.996597345125877165e-01,7.210128379665355913e-01,0.000000000000000000e+00,0.000000000000000000e+00,0.000000000000000000e+00,1.000000000000000056e-01
9.986159945493026102e-01,-5.184175517648349774e-02,8.861594130215972101e-03,7.847881071584261292e+01,5.201815402879014782e-02,9.984254611934204604e-01,-2.099309629718106029e-02,9.029817712740111801e+00,-7.759322247734986092e-03,2.142500550588494201e-02,9.997403473189069301e-01,7.229240857860091962e-01,0.000000000000000000e+00,0.000000000000000000e+00,0.000000000000000000e+00,1.000000000000000056e-01
9.994476557825140439e-01,-3.164547021989155828e-02,1.014630796887378353e-02,7.896457770679720056e+01,3.180527951551263832e-02,9.993660712723648754e-01,-1.599624282694560307e-02,9.043101011611634377e+00,-9.633667306762620786e-03,1.631011355571914540e-02,9.998205702274894913e-01,7.274452785707617997e-01,0.000000000000000000e+00,0.000000000000000000e+00,0.000000000000000000e+00,1.000000000000000056e-01
9.998973017562607923e-01,-9.516600224716230058e-03,1.071542163016203121e-02,7.944134789092609594e+01,9.689150247942352953e-03,9.998223442427751628e-01,-1.616787927819899121e-02,9.049305308370531264e+00,-1.055965473024624880e-02,1.627004219553682476e-02,9.998118720133970516e-01,7.337708384373380355e-01,0.000000000000000000e+00,0.000000000000000000e+00,0.000000000000000000e+00,1.000000000000000056e-01
9.997762500230660265e-01,1.728503643814252935e-02,1.219333445567489377e-02,7.992997604688927993e+01,-1.705803039248476524e-02,9.996836728707378938e-01,-1.848182336244170304e-02,9.054094464881298876e+00,-1.250893636345351556e-02,1.826969378516002385e-02,9.997548423488887837e-01,7.435448828096652418e-01,0.000000000000000000e+00,0.000000000000000000e+00,0.000000000000000000e+00,1.000000000000000056e-01
9.988138958148153890e-01,4.652862280392080357e-02,1.434882528995583793e-02,8.040925565447453494e+01,-4.624751848841546914e-02,9.987428319366860041e-01,-1.933708066778160733e-02,9.034345256787563727e+00,-1.523051413757543250e-02,1.865054731258802140e-02,9.997100522271675782e-01,7.433254457110376467e-01,0.000000000000000000e+00,0.000000000000000000e+00,0.000000000000000000e+00,1.000000000000000056e-01
9.967055893476687300e-01,7.944508962817119213e-02,1.632317055869375241e-02,8.088335098999087336e+01,-7.910387733428693446e-02,9.966538614728626122e-01,-2.058292986710211908e-02,8.983839649492079360e+00,-1.790376367690455980e-02,1.922389516211019805e-02,9.996548889996975662e-01,7.412162577655645457e-01,0.000000000000000000e+00,0.000000000000000000e+00,0.000000000000000000e+00,1.000000000000000056e-01
