1.000000000000000000e+00,1.107299665944357033e-11,-2.976209896020755717e-13,-1.619409809741218708e-17,-1.107299665944349601e-11,1.000000000000000000e+00,2.540208935984338677e-13,-5.142446607224595146e-18,2.976209896048883089e-13,-2.540208935951382719e-13,1.000000000000000000e+00,2.996535866219415906e-21,0.000000000000000000e+00,0.000000000000000000e+00,0.000000000000000000e+00,1.000000000000000056e-01
9.999947704156166850e-01,-2.996224205225565731e-03,-1.217284654505122743e-03,6.425110272399887634e-01,2.993345847532834832e-03,9.999927361689072702e-01,-2.359552936329321806e-03,1.942503593574477008e-02,1.224345561976341711e-03,2.355896842882305737e-03,9.999964753577936794e-01,1.001444801743358107e-02,0.000000000000000000e+00,0.000000000000000000e+00,0.000000000000000000e+00,1.000000000000000056e-01
9.999761804940690002e-01,-6.653901016922506191e-03,-1.834133514818634065e-03,1.289663578701452762e+00,6.650292768140325141e-03,9.999759531388371370e-01,-1.966405393680265099e-03,3.639956738160274319e-02,1.847173676513340053e-03,1.954161030025925155e-03,9.999963845955032182e-01,1.500864935272581274e-02,0.000000000000000000e+00,0.000000000000000000e+00,0.000000000000000000e+00,1.000000000000000056e-01
9.999152811533846830e-01,-1.248783827178402348e-02,-3.672112640633795090e-03,1.996253257997367747e+00,1.247976655966157727e-02,9.999196760883343194e-01,-2.212870989646707493e-03,4.604969109983433895e-02,3.699451657217453504e-03,2.166856409232864166e-03,9.999908093531348907e-01,1.839512947374820351e-02,0.000000000000000000e+00,0.000000000000000000e+00,0.000000000000000000e+00,1.000000000000000056e-01
9.998279327709824749e-01,-1.813115011198331364e-02,-3.919980423481525013e-03,2.699101770602494454e+00,1.813004470492033185e-02,9.998355868690658177e-01,-3.173471103380774293e-04,5.297852970664853473e-02,3.925089795322043128e-03,2.462230849800322381e-04,9.999922664922419324e-01,1.965274354081448030e-02,0.000000000000000000e+00,0.000000000000000000e+00,0.000000000000000000e+00,1.000000000000000056e-01
9.997412370762445155e-01,-2.238815286904725921e-02,-4.028585405863227900e-03,3.408172143381657193e+00,2.239108789738769589e-02,9.997490535442631332e-01,6.849234421126202104e-04,7.103103390890007363e-02,4.012240275908381462e-03,-7.749506192450072127e-04,9.999916506548972572e-01,3.345668962866595042e-02,0.000000000000000000e+00,0.000000000000000000e+00,0.000000000000000000e+00,1.000000000000000056e-01
9.996384999702834229e-01,-2.641807390161274999e-02,-4.995472799496617280e-03,4.143943979885399642e+00,2.642409439843829838e-02,9.996501691524907196e-01,1.143043577059742492e-03,8.747656426014623066e-02,4.963528219321932181e-03,-1.274631211591397426e-03,9.999868692652371660e-01,4.887343735011394352e-02,0.000000000000000000e+00,0.000000000000000000e+00,0.000000000000000000e+00,1.000000000000000056e-01
9.994434453247660333e-01,-3.298302370880703410e-02,-4.991967987235820803e-03,4.910944696740605409e+00,3.299166360897318878e-02,9.994542509971884314e-01,1.658401628535986598e-03,1.224593135117550413e-01,4.934544525451993457e-03,-1.822171965937856644e-03,9.999861648841211759e-01,5.420480416485753961e-02,0.000000000000000000e+00,0.000000000000000000e+00,0.000000000000000000e+00,1.000000000000000056e-01
9.992551989673068569e-01,-3.843225075127926216e-02,-3.465463749468684820e-03,5.678881457155008583e+00,3.844190788485161991e-02,9.992570126435847966e-01,2.764489245997882403e-03,1.568778294178727328e-01,3.356643409817308427e-03,-2.895649289787961562e-03,9.999901740318301036e-01,5.340530139569619333e-02,0.000000000000000000e+00,0.000000000000000000e+00,0.000000000000000000e+00,1.000000000000000056e-01
9.991034379845369351e-01,-4.230098453248180845e-02,-1.716658108448202054e-03,6.472796199646664306e+00,4.230607923833405726e-02,9.991000454611358439e-01,3.048740565559694866e-03,2.028791179084400431e-01,1.586148466684535532e-03,-3.118632254534750570e-03,9.999938791142186645e-01,6.454636023544355061e-02,0.000000000000000000e+00,0.000000000000000000e+00,0.000000000000000000e+00,1.000000000000000056e-01
9.989329030623059769e-01,-4.617862005171392142e-02,7.682640385787417115e-04,7.293010713833814052e+00,4.617538391044927887e-02,9.989261200758677850e-01,3.800072485580444168e-03,2.296467173351117164e-01,-9.429211187318707913e-04,-3.760542552942100925e-03,9.999924845814949226e-01,8.021699180061457601e-02,0.000000000000000000e+00,0.000000000000000000e+00,0.000000000000000000e+00,1.000000000000000056e-01
9.988341635860463752e-01,-4.824919755538925603e-02,1.525971370673431934e-03,8.104785736879307478e+00,4.824262026240101753e-02,9.988272827402986387e-01,4.087645269505679052e-03,2.743787104747769656e-01,-1.721407441853964977e-03,-4.009262886436470649e-03,9.999904812384599051e-01,8.684058893105965626e-02,0.000000000000000000e+00,0.000000000000000000e+00,0.000000000000000000e+00,1.000000000000000056e-01
9.987377257888299109e-01,-5.021420475889099705e-02,1.220133840300671691e-03,8.934228673913858998e+00,5.020948616192812824e-02,9.987321072804630218e-01,3.631168748616481895e-03,3.070563113615010220e-01,-1.400923092544807637e-03,-3.565322924778419750e-03,9.999926629165489800e-01,9.564129090587242255e-02,0.000000000000000000e+00,0.000000000000000000e+00,0.000000000000000000e+00,1.000000000000000056e-01
9.986632007809663758e-01,-5.166266756689679579e-02,1.667388913125926117e-03,9.714833974066575450e+00,5.165977968012678417e-02,9.986632420364023321e-01,1.730944465557135480e-03,3.642729533708871092e-01,-1.754585226218728557e-03,-1.642493596454216607e-03,9.999971118185639885e-01,1.066794612382645085e-01,0.000000000000000000e+00,0.000000000000000000e+00,0.000000000000000000e+00,1.000000000000000056e-01
9.984725756365848692e-01,-5.521423103477161864e-02,1.975953664247261706e-03,1.051674860727503358e+01,5.521138766958116895e-02,9.984736121938133646e-01,1.465750400874168968e-03,4.186559226556190727e-01,-2.053867873941740609e-03,-1.354416434227303200e-03,9.999969735868599052e-01,1.126346386995338011e-01,0.000000000000000000e+00,0.000000000000000000e+00,0.000000000000000000e+00,1.000000000000000056e-01
9.983735494793096743e-01,-5.695124518735020930e-02,2.609860474179052665e-03,1.132749876206410278e+01,5.694471598228657144e-02,9.983741746476063605e-01,2.511318061807068375e-03,4.714819428878468943e-01,-2.748639987535317613e-03,-2.358615763782301832e-03,9.999934409334382268e-01,1.340678382912786071e-01,0.000000000000000000e+00,0.000000000000000000e+00,0.000000000000000000e+00,1.000000000000000056e-01
9.981456218530549984e-01,-6.085123447342683650e-02,1.563597978440913697e-03,1.218516645328448256e+01,6.084424213850466584e-02,9.981384940902876535e-01,4.186264894123788334e-03,5.194425994153785142e-01,-1.815426718203833837e-03,-4.083366041979266149e-03,9.999900151239501378e-01,1.449498248203424655e-01,0.000000000000000000e+00,0.000000000000000000e+00,0.000000000000000000e+00,1.000000000000000056e-01
9.980935314109470324e-01,-6.171922055075650809e-02,-2.009234481782099717e-04,1.306007031983038580e+01,6.171921436224186291e-02,9.980721561379838347e-01,6.535267445460771554e-03,5.986404259543989248e-01,-2.028155136826679237e-04,-6.535209000723450970e-03,9.999786247261409633e-01,1.629758458272025090e-01,0.000000000000000000e+00,0.000000000000000000e+00,0.000000000000000000e+00,1.000000000000000056e-01
9.983850075077977948e-01,-5.679831111705295477e-02,-1.152665565154539469e-03,1.394019964854779303e+01,5.680723113429246574e-02,9.983312627128745342e-01,1.037440990960975667e-02,6.758963118824683480e-01,5.614931074445284661e-04,-1.042313505467498333e-02,9.999455200065262561e-01,1.724350049492591186e-01,0.000000000000000000e+00,0.000000000000000000e+00,0.000000000000000000e+00,1.000000000000000056e-01
9.969628739239816406e-01,-7.786780160877321277e-02,-1.278080534192712215e-03,1.490964691864417802e+01,7.787558751292467107e-02,9.969307332585740644e-01,8.031559875809130694e-03,7.941176154814278965e-01,6.487578530977621601e-04,-8.106698288368296978e-03,9.999669297312333560e-01,1.683720473004500784e-01,0.000000000000000000e+00,0.000000000000000000e+00,0.000000000000000000e+00,1.000000000000000056e-01
9.968084189255610461e-01,-7.983087794911725155e-02,8.297587772126182584e-05,1.587500917949330059e+01,7.982824685427111766e-02,9.967829964521031094e-01,7.149055052259343200e-03,8.758262234565228344e-01,-6.534242853566782794e-04,-7.119614444604747787e-03,9.999744417368193750e-01,1.743052448318537506e-01,0.000000000000000000e+00,0.000000000000000000e+00,0.000000000000000000e+00,1.000000000000000056e-01
9.966035531178413232e-01,-8.231897001346209775e-02,2.223755565860996951e-03,1.678679577836270909e+01,8.229917798272244622e-02,9.965765816144531719e-01,7.871612351945446798e-03,9.714356987545016420e-01,-2.864125741329261350e-03,-7.661863583610257003e-03,9.999665457554887116e-01,1.827309187538987689e-01,0.000000000000000000e+00,0.000000000000000000e+00,0.000000000000000000e+00,1.000000000000000056e-01
9.963913239599120342e-01,-8.485187191175641575e-02,2.118813461490033027e-03,1.766847816289515904e+01,8.483533991058475610e-02,9.963707443400834363e-01,6.950174490162816521e-03,1.056784331404689636e+00,-2.700859061346265206e-03,-6.745343301793105262e-03,9.999736025036219944e-01,1.923242956238997992e-01,0.000000000000000000e+00,0.000000000000000000e+00,0.000000000000000000e+00,1.000000000000000056e-01
9.961581001352662890e-01,-8.756296769687159365e-02,1.328993233018448388e-03,1.858283717642918376e+01,8.755302266141369583e-02,9.961401270920497986e-01,6.270200944533360458e-03,1.142442224877731505e+00,-1.872900890802540064e-03,-6.129754085725374994e-03,9.999794589675838896e-01,1.953603738035655513e-01,0.000000000000000000e+00,0.000000000000000000e+00,0.000000000000000000e+00,1.000000000000000056e-01
9.960066118818303726e-01,-8.927338474122467615e-02,1.044923213497655871e-03,1.950927548675910828e+01,8.926693471543631353e-02,9.959945783457321289e-01,5.119987540732708065e-03,1.233521287942328959e+00,-1.497816473025372682e-03,-5.006264351040430952e-03,9.999863468383258791e-01,2.071717188657588027e-01,0.000000000000000000e+00,0.000000000000000000e+00,0.000000000000000000e+00,1.000000000000000056e-01
9.960796996475163034e-01,-8.839498217270690128e-02,3.399864232647506999e-03,2.043295041190246408e+01,8.837745128223330193e-02,9.960745031445490394e-01,5.001028913764140119e-03,1.323136767921160084e+00,-3.828583937970662064e-03,-4.680952042763716556e-03,9.999817151493337608e-01,2.151779726140323479e-01,0.000000000000000000e+00,0.000000000000000000e+00,0.000000000000000000e+00,1.000000000000000056e-01
9.954777160122015855e-01,-9.483003058344144365e-02,5.601983815937281765e-03,2.131364822605956988e+01,9.480751678698468021e-02,9.954869435270512490e-01,4.156925288622493643e-03,1.410822556632277847e+00,-5.970903098868563137e-03,-3.607016317281391479e-03,9.999756685787263288e-01,2.220633191836307585e-01,0.000000000000000000e+00,0.000000000000000000e+00,0.000000000000000000e+00,1.000000000000000056e-01
9.956802005582456871e-01,-9.248303394534364286e-02,8.235693568604504286e-03,2.223166109376401067e+01,9.245427871771623451e-02,9.957096523080227746e-01,3.807183660288932913e-03,1.507765236401980680e+00,-8.552459475401270536e-03,-3.029312281813096881e-03,9.999588385048761019e-01,2.278486495314122895e-01,0.000000000000000000e+00,0.000000000000000000e+00,0.000000000000000000e+00,1.000000000000000056e-01
9.957014267337009894e-01,-9.200778836555720264e-02,1.064122551922854799e-02,2.317896862363071264e+01,9.197153679885136657e-02,9.957541998595412780e-01,3.848360812392918884e-03,1.597292573318763731e+00,-1.095012416960530581e-02,-2.853128487059089155e-03,9.999359751696638154e-01,2.377879720205776648e-01,0.000000000000000000e+00,0.000000000000000000e+00,0.000000000000000000e+00,1.000000000000000056e-01
9.959625216288955363e-01,-8.914783803515176352e-02,1.055075752115486147e-02,2.409903911038190572e+01,8.913582521823613936e-02,9.960181879874806521e-01,1.604325652670136448e-03,1.678514800796641060e+00,-1.065176855155582254e-02,-6.573977442216227991e-04,9.999430522059393756e-01,2.382199882657186907e-01,0.000000000000000000e+00,0.000000000000000000e+00,0.000000000000000000e+00,1.000000000000000056e-01
9.961658765657234182e-01,-8.704966824792458036e-02,8.712153807759448129e-03,2.504985875211870550e+01,8.704240266716171959e-02,9.962038722358891318e-01,1.210404952078637277e-03,1.760196504289418318e+00,-8.784446708328697354e-03,-4.474373102536643586e-04,9.999613158997111562e-01,2.370496229647534592e-01,0.000000000000000000e+00,0.000000000000000000e+00,0.000000000000000000e+00,1.000000000000000056e-01
9.962615207759982772e-01,-8.624579930352851975e-02,4.964304945374330147e-03,2.597586439127805136e+01,8.624432705842169367e-02,9.962738858697429700e-01,5.102785929611118208e-04,1.846022742152229279e+00,-4.989816763687876175e-03,-8.022778771627002252e-05,9.999875475685519044e-01,2.377619732983064782e-01,0.000000000000000000e+00,0.000000000000000000e+00,0.000000000000000000e+00,1.000000000000000056e-01
9.964428294478525627e-01,-8.420831131525016722e-02,3.263119273294121797e-03,2.691511664163188655e+01,8.420694358008926073e-02,9.964481336918115106e-01,5.545403550092440747e-04,1.925400500920460445e+00,-3.298226016739195555e-03,-2.777904598470477913e-04,9.999945222537985901e-01,2.431729824167176424e-01,0.000000000000000000e+00,0.000000000000000000e+00,0.000000000000000000e+00,1.000000000000000056e-01
9.965933959895143524e-01,-8.231720533064068590e-02,5.047848714083705973e-03,2.786869840100268902e+01,8.232945289516052645e-02,9.966025871456031249e-01,-2.268144764818061029e-03,2.002791152443041511e+00,-4.843991749650281703e-03,2.676004716693921280e-03,9.999846872541027221e-01,2.491508325829820125e-01,0.000000000000000000e+00,0.000000000000000000e+00,0.000000000000000000e+00,1.000000000000000056e-01
9.966406025585615724e-01,-8.127699556129412695e-02,1.007766462215755991e-02,2.886581850253218917e+01,8.130881296059276619e-02,9.966850573429577587e-01,-2.788082531841102295e-03,2.068121768490162271e+00,-9.817650770253231671e-03,3.598119202359708300e-03,9.999453321414920604e-01,2.546222758894209348e-01,0.000000000000000000e+00,0.000000000000000000e+00,0.000000000000000000e+00,1.000000000000000056e-01
9.965711313600724708e-01,-8.162173108164141877e-02,1.355998358927167947e-02,2.980968827910457719e+01,8.171361359901221921e-02,9.966355251694507533e-01,-6.365164790047235510e-03,2.145588252105348204e+00,-1.299482559699934557e-02,7.451374735533365309e-03,9.998877994666472979e-01,2.538615499825440103e-01,0.000000000000000000e+00,0.000000000000000000e+00,0.000000000000000000e+00,1.000000000000000056e-01
9.965885580087070483e-01,-8.148162414916014507e-02,1.311453286018941962e-02,3.070939239111268293e+01,8.166391680981351098e-02,9.965612801635372886e-01,-1.402211004419856577e-02,2.210487780865385332e+00,-1.192689135549759340e-02,1.504525854968133056e-02,9.998156777415362351e-01,2.605677603375484708e-01,0.000000000000000000e+00,0.000000000000000000e+00,0.000000000000000000e+00,1.000000000000000056e-01
9.965291614330680225e-01,-8.267770830866752463e-02,9.696750091298831850e-03,3.163418232832044197e+01,8.282885852440152741e-02,9.964290431089948274e-01,-1.638725860043462393e-02,2.271702025773997491e+00,-8.307262428194515588e-03,1.713355181273661446e-02,9.998186989615813758e-01,2.652260920428730073e-01,0.000000000000000000e+00,0.000000000000000000e+00,0.000000000000000000e+00,1.000000000000000056e-01
9.965593383650097614e-01,-8.265302405784397122e-02,6.161390394015242404e-03,3.259778222845592666e+01,8.274314099326235405e-02,9.964394967655841873e-01,-1.618338358064657853e-02,2.361182814176469247e+00,-4.801847151160353912e-03,1.663751482772285115e-02,9.998500564406116453e-01,2.669448487085629429e-01,0.000000000000000000e+00,0.000000000000000000e+00,0.000000000000000000e+00,1.000000000000000056e-01
9.963521097880907451e-01,-8.505739873660013439e-02,6.907404793656989755e-03,3.355462954697439670e+01,8.516130495423816782e-02,9.962308631955979488e-01,-1.648087846703343018e-02,2.448087938416009468e+00,-5.479549188726404521e-03,1.700900163786486091e-02,9.998403214533665428e-01,2.669209534018291419e-01,0.000000000000000000e+00,0.000000000000000000e+00,0.000000000000000000e+00,1.000000000000000056e-01
9.965725076050394593e-01,-8.232110246231091888e-02,8.153108314824523278e-03,3.452842835991625492e+01,8.245005838550281685e-02,9.964502436013782383e-01,-1.699705559740166683e-02,2.533886604415185317e+00,-6.724950411024019879e-03,1.761102257518545877e-02,9.998222976738544432e-01,2.768393782398322345e-01,0.000000000000000000e+00,0.000000000000000000e+00,0.000000000000000000e+00,1.000000000000000056e-01
9.963660451759147607e-01,-8.463693702819864717e-02,9.554732387232202709e-03,3.549602169919148764e+01,8.478509218422979055e-02,9.962652288763456099e-01,-1.634263978904077624e-02,2.630923997733440878e+00,-8.135856673918544571e-03,1.709335024058823010e-02,9.998207965499287253e-01,2.744778412680859980e-01,0.000000000000000000e+00,0.000000000000000000e+00,0.000000000000000000e+00,1.000000000000000056e-01
9.961703536736024045e-01,-8.677745138600251318e-02,1.069113617722343423e-02,3.646857206153665487e+01,8.693304931878531594e-02,9.961002021801416140e-01,-1.506758616429784356e-02,2.718258168217184689e+00,-9.341916181790928253e-03,1.593929570686447583e-02,9.998293191612364073e-01,2.818533860031019467e-01,0.000000000000000000e+00,0.000000000000000000e+00,0.000000000000000000e+00,1.000000000000000056e-01
9.961424770502638193e-01,-8.702560916303289651e-02,1.125649883257513750e-02,3.746486198992293026e+01,8.719636088612492397e-02,9.960675824400622158e-01,-1.568967368132422047e-02,2.815578743168104303e+00,-9.846830169216055223e-03,1.661067613954410327e-02,9.998135453042260590e-01,2.875421590272304595e-01,0.000000000000000000e+00,0.000000000000000000e+00,0.000000000000000000e+00,1.000000000000000056e-01
9.961139403309661189e-01,-8.692907088132746651e-02,1.415466403788982405e-02,3.845419811857659909e+01,8.711873666457008170e-02,9.961080264325339328e-01,-1.338377370742691204e-02,2.904113983668567212e+00,-1.293613544632543286e-02,1.456490001309538977e-02,9.998102420396196566e-01,3.086858578441863954e-01,0.000000000000000000e+00,0.000000000000000000e+00,0.000000000000000000e+00,1.000000000000000056e-01
9.961365043993193336e-01,-8.650765366002388657e-02,1.511590094377907728e-02,3.946763238111152106e+01,8.670797046794115337e-02,9.961471095564082834e-01,-1.314016665585665718e-02,2.998439964037559413e+00,-1.392093604738666932e-02,1.440006877241906645e-02,9.997994026598105988e-01,3.031134423417078394e-01,0.000000000000000000e+00,0.000000000000000000e+00,0.000000000000000000e+00,1.000000000000000056e-01
9.959130481392525214e-01,-8.930945304941192986e-02,1.345444692277660004e-02,4.047656040207682082e+01,8.951219069613841617e-02,9.958681252451431209e-01,-1.530505921262838645e-02,3.093367765265870872e+00,-1.203196836602711539e-02,1.644684519106313567e-02,9.997923449499401816e-01,3.116563173437854606e-01,0.000000000000000000e+00,0.000000000000000000e+00,0.000000000000000000e+00,1.000000000000000056e-01
9.959879285787675007e-01,-8.851443474594039573e-02,1.316210344066057539e-02,4.149754854282516447e+01,8.872252396880639380e-02,9.959251441924827919e-01,-1.616851588077448942e-02,3.196045339775345884e+00,-1.167732272314874267e-02,1.727142167827940694e-02,9.997826454421133713e-01,3.338141809810372673e-01,0.000000000000000000e+00,0.000000000000000000e+00,0.000000000000000000e+00,1.000000000000000056e-01
9.961653045491155600e-01,-8.674568205062768711e-02,1.139616857277717457e-02,4.252853221626903490e+01,8.687082191193676306e-02,9.961589990656799509e-01,-1.098675934055332211e-02,3.298279205364192723e+00,-1.039934194611906795e-02,1.193462299505427572e-02,9.998747013806548178e-01,3.452482379299216531e-01,0.000000000000000000e+00,0.000000000000000000e+00,0.000000000000000000e+00,1.000000000000000056e-01
9.962578917806060863e-01,-8.567842945010786804e-02,1.137628198600793179e-02,4.357490297140681434e+01,8.580795539119126514e-02,9.962461091467887941e-01,-1.143174533778685067e-02,3.383467410526814767e+00,-1.035412267870193352e-02,1.236514200676928216e-02,9.998699392454534207e-01,3.547310104907457351e-01,0.000000000000000000e+00,0.000000000000000000e+00,0.000000000000000000e+00,1.000000000000000056e-01
9.963935356512324537e-01,-8.376995361913835980e-02,1.350988464360889166e-02,4.456533492671864138e+01,8.397154101099357781e-02,9.963534959540251146e-01,-1.511593200671100708e-02,3.466186507899462921e+00,-1.219435987148308892e-02,1.619586276923500393e-02,9.997944746879154909e-01,3.611057784816525951e-01,0.000000000000000000e+00,0.000000000000000000e+00,0.000000000000000000e+00,1.000000000000000056e-01
9.965093117388116317e-01,-8.220475234234048134e-02,1.454545668497196631e-02,4.553706181629188876e+01,8.241980686538111223e-02,9.964869068683017694e-01,-1.486000929736152991e-02,3.562932139367524176e+00,-1.327279375690009616e-02,1.600697136809023716e-02,9.997837815315409049e-01,3.687084717806194956e-01,0.000000000000000000e+00,0.000000000000000000e+00,0.000000000000000000e+00,1.000000000000000056e-01
9.962282792548242671e-01,-8.593987476154650584e-02,1.198138301455648619e-02,4.644799502857203066e+01,8.611479842582721311e-02,9.961732025919975975e-01,-1.493960942200538329e-02,3.641253971087412999e+00,-1.065162452637853641e-02,1.591503577038474657e-02,9.998166104498246165e-01,3.759083289178639098e-01,0.000000000000000000e+00,0.000000000000000000e+00,0.000000000000000000e+00,1.000000000000000056e-01
9.964812890641377985e-01,-8.357205906375099469e-02,6.383689287489497169e-03,4.739679991519327018e+01,8.364468552679170388e-02,9.964220232740721439e-01,-1.211272543767539719e-02,3.736473761790283010e+00,-5.348563190092896907e-03,1.260406594116756165e-02,9.999062608032576183e-01,3.754163455422835916e-01,0.000000000000000000e+00,0.000000000000000000e+00,0.000000000000000000e+00,1.000000000000000056e-01
9.966624609505047028e-01,-8.141151719556159738e-02,6.008643773811300770e-03,4.834256532951627605e+01,8.147787094212070869e-02,9.966055678444281085e-01,-1.177704072439350255e-02,3.821460689557552026e+00,-5.029461086727308322e-03,1.222730589302811754e-02,9.999125949360651022e-01,3.874395001278983508e-01,0.000000000000000000e+00,0.000000000000000000e+00,0.000000000000000000e+00,1.000000000000000056e-01
9.968333968483131802e-01,-7.929896171523016790e-02,5.903693652274204055e-03,4.930671776893308333e+01,7.937498246913636535e-02,9.967464604799243233e-01,-1.400377373306801315e-02,3.920077010564425368e+00,-4.774001034534804642e-03,1.442803491918178554e-02,9.998845136927029253e-01,3.925580803930193707e-01,0.000000000000000000e+00,0.000000000000000000e+00,0.000000000000000000e+00,1.000000000000000056e-01
9.971135382564519922e-01,-7.543082944236570442e-02,8.647646809153735487e-03,5.030639536623068153e+01,7.554197957323594004e-02,9.970533732311064323e-01,-1.334092390461843677e-02,4.014223610103692330e+00,-7.615848465925094228e-03,1.395567619675782203e-02,9.998736109899267754e-01,4.135442918528111633e-01,0.000000000000000000e+00,0.000000000000000000e+00,0.000000000000000000e+00,1.000000000000000056e-01
9.971873320612819613e-01,-7.442963031120149175e-02,8.812202235560579605e-03,5.124262822979751775e+01,7.454310120456704436e-02,9.971286120352742532e-01,-1.333630846273440446e-02,4.099601475741512679e+00,-7.794282475521191467e-03,1.395568673858092051e-02,9.998722358223306461e-01,4.207111603018504065e-01,0.000000000000000000e+00,0.000000000000000000e+00,0.000000000000000000e+00,1.000000000000000056e-01
9.971381750018760703e-01,-7.511238999733103883e-02,8.578392787508352588e-03,5.218849146301938191e+01,7.524431631946600085e-02,9.970325544731653000e-01,-1.625971040119781469e-02,4.174541212377188337e+00,-7.331631165305199996e-03,1.685865325592531688e-02,9.998310022173009237e-01,4.317675934757365663e-01,0.000000000000000000e+00,0.000000000000000000e+00,0.000000000000000000e+00,1.000000000000000056e-01
9.972483567950838346e-01,-7.375700614912349129e-02,7.457808888900960449e-03,5.317410018825049889e+01,7.387613182406486956e-02,9.971189269640744479e-01,-1.720937641886155847e-02,4.255131013094270997e+00,-6.167010314455509921e-03,1.771297642777288142e-02,9.998240937534215167e-01,4.527914224859116987e-01,0.000000000000000000e+00,0.000000000000000000e+00,0.000000000000000000e+00,1.000000000000000056e-01
9.971351084370515538e-01,-7.521305558153389137e-02,8.035657553594480890e-03,5.414245319039183357e+01,7.533915322054356156e-02,9.970172723959180860e-01,-1.675023988530075295e-02,4.341882353008284845e+00,-6.751852652495273117e-03,1.730765190003406492e-02,9.998274139427595353e-01,4.609372165440198121e-01,0.000000000000000000e+00,0.000000000000000000e+00,0.000000000000000000e+00,1.000000000000000056e-01
9.970511884290077509e-01,-7.584931833190866612e-02,1.165369301501349188e-02,5.508436062644238973e+01,7.605726750825225757e-02,9.969303670362098524e-01,-1.857781850018894176e-02,4.417706277512746915e+00,-1.020880558545146470e-02,1.940938406113372483e-02,9.997594991291084421e-01,4.732329170433328680e-01,0.000000000000000000e+00,0.000000000000000000e+00,0.000000000000000000e+00,1.000000000000000056e-01
9.968781134189015347e-01,-7.735817398066717476e-02,1.580316122642909729e-02,5.603686241872311058e+01,7.762704245379233037e-02,9.968345420631967713e-01,-1.717375991255039661e-02,4.490138853786450390e+00,-1.442460627708103647e-02,1.834689804936053339e-02,9.997276239384993435e-01,4.920811164612529098e-01,0.000000000000000000e+00,0.000000000000000000e+00,0.000000000000000000e+00,1.000000000000000056e-01
9.967272732854600692e-01,-7.916131522226119155e-02,1.637769401392245167e-02,5.700238066939548531e+01,7.940710154043553737e-02,9.967302507706381487e-01,-1.494387579069358755e-02,4.572868448114997264e+00,-1.514116619943229290e-02,1.619547378073634206e-02,9.997541956476795333e-01,4.947771109614546026e-01,0.000000000000000000e+00,0.000000000000000000e+00,0.000000000000000000e+00,1.000000000000000056e-01
9.965432595093006718e-01,-8.185182775359554908e-02,1.420599239667433462e-02,5.789800209561641253e+01,8.206787924601686990e-02,9.965084230941863019e-01,-1.535662392582753770e-02,4.651468510390423639e+00,-1.289942334524436275e-02,1.646939573068278984e-02,9.997811579949015259e-01,4.989563118421176946e-01,0.000000000000000000e+00,0.000000000000000000e+00,0.000000000000000000e+00,1.000000000000000056e-01
9.963105555689821813e-01,-8.545593593078557038e-02,7.909480135863233841e-03,5.877272854353670795e+01,8.557532696044903298e-02,9.961993289382042871e-01,-1.624070314622338626e-02,4.735381357642686417e+00,-6.491554316062437581e-03,1.685764032315841335e-02,9.998368265298576141e-01,5.013341005317929477e-01,0.000000000000000000e+00,0.000000000000000000e+00,0.000000000000000000e+00,1.000000000000000056e-01
9.962109329462474072e-01,-8.682242926968108954e-02,5.063877375949980830e-03,5.970596200302876611e+01,8.689814714835014664e-02,9.960653855757091168e-01,-1.739136797660534306e-02,4.803941944063470970e+00,-3.533992154931912908e-03,1.776551247854200183e-02,9.998359352742947070e-01,5.117501402666755350e-01,0.000000000000000000e+00,0.000000000000000000e+00,0.000000000000000000e+00,1.000000000000000056e-01
9.962258867004168961e-01,-8.659103687182920228e-02,5.997916424022409904e-03,6.060664203201224609e+01,8.666916206618707763e-02,9.961345956294486159e-01,-1.429418542274671702e-02,4.896029866979667133e+00,-4.736983714668968268e-03,1.476007193804906512e-02,9.998798434120325096e-01,5.168108168679842462e-01,0.000000000000000000e+00,0.000000000000000000e+00,0.000000000000000000e+00,1.000000000000000056e-01
9.960908597836904965e-01,-8.801438680684404992e-02,7.514437464207015388e-03,6.152779623765520967e+01,8.809878316148901656e-02,9.960423788622242425e-01,-1.175516550059145689e-02,4.983313728878491666e+00,-6.450074484312650833e-03,1.237122570712346527e-02,9.999026699202528956e-01,5.319976447051218971e-01,0.000000000000000000e+00,0.000000000000000000e+00,0.000000000000000000e+00,1.000000000000000056e-01
9.960781609288841265e-01,-8.778694026851688315e-02,1.103405813034406303e-02,6.241650943148478348e+01,8.790001399175156882e-02,9.960768992616598760e-01,-1.021754850866670762e-02,5.066840099631589212e+00,-1.009380308812502479e-02,1.114737079175743932e-02,9.998869192381952820e-01,5.448273076375744761e-01,0.000000000000000000e+00,0.000000000000000000e+00,0.000000000000000000e+00,1.000000000000000056e-01
9.959481074565137426e-01,-8.911770272804558912e-02,1.205828819792293879e-02,6.322909404626860663e+01,8.922781783040101278e-02,9.959712663219995044e-01,-8.923742834569713817e-03,5.147205185586610554e+00,-1.121444510500822084e-02,9.963519530189073742e-03,9.998874759189447792e-01,5.514403519012205379e-01,0.000000000000000000e+00,0.000000000000000000e+00,0.000000000000000000e+00,1.000000000000000056e-01
9.956692569925440495e-01,-9.221578696157851918e-02,1.178894884933100011e-02,6.404230272259304968e+01,9.231092034047162775e-02,9.956997074833499051e-01,-7.796569980865078117e-03,5.229795668188204516e+00,-1.101928608442855929e-02,8.851053758066792718e-03,9.999001121019845950e-01,5.559430492303727434e-01,0.000000000000000000e+00,0.000000000000000000e+00,0.000000000000000000e+00,1.000000000000000056e-01
9.952044462825673232e-01,-9.698546541818454936e-02,1.272515607081937776e-02,6.483740054373009798e+01,9.708786066940171267e-02,9.952461010845667921e-01,-7.690616789771997745e-03,5.311471080386419352e+00,-1.191878391646664960e-02,8.889194203436558833e-03,9.998894562982281187e-01,5.623026817675177425e-01,0.000000000000000000e+00,0.000000000000000000e+00,0.000000000000000000e+00,1.000000000000000056e-01
9.951123325892379246e-01,-9.810907177415774394e-02,1.122744692346409022e-02,6.562990945531433340e+01,9.821545579865843811e-02,9.951212383082952417e-01,-9.351219707973621592e-03,5.380214207223462886e+00,-1.025523140001274348e-02,1.040822287319935133e-02,9.998932438643407528e-01,5.698929808647597017e-01,0.000000000000000000e+00,0.000000000000000000e+00,0.000000000000000000e+00,1.000000000000000056e-01
9.950777912266375314e-01,-9.817054559368108835e-02,1.351789130579850694e-02,6.638437025224449428e+01,9.829270358530152463e-02,9.951196178996345454e-01,-8.688526525101190195e-03,5.460575543105481877e+00,-1.259896144166064956e-02,9.974469866830922710e-03,9.998708797247108926e-01,5.801202020811259130e-01,0.000000000000000000e+00,0.000000000000000000e+00,0.000000000000000000e+00,1.000000000000000056e-01
9.948917125873822931e-01,-9.957743501229528171e-02,1.657753483837945407e-02,6.717839931927767338e+01,9.970650016007044647e-02,9.949912153990607688e-01,-7.148083976127491725e-03,5.551808219536590094e+00,-1.578271366956417870e-02,8.764457488744359023e-03,9.998370318377652888e-01,5.860226166564708183e-01,0.000000000000000000e+00,0.000000000000000000e+00,0.000000000000000000e+00,1.000000000000000056e-01
9.947873990023278212e-01,-1.002223845104474320e-01,1.880171346509078995e-02,6.792092472397703773e+01,1.003438250371324614e-01,9.949369013225936031e-01,-5.628424603113129678e-03,5.633286509109009188e+00,-1.814242439975145144e-02,7.485721717750986985e-03,9.998073896542591932e-01,5.865222509523501104e-01,0.000000000000000000e+00,0.000000000000000000e+00,0.000000000000000000e+00,1.000000000000000056e-01
9.945632271260543833e-01,-1.019076197847643972e-01,2.142018390239196560e-02,6.860435707891821266e+01,1.020050313616076565e-01,9.947777169761681249e-01,-3.502482633831449470e-03,5.709968462022094293e+00,-2.095139197107990722e-02,5.668406961991264391e-03,9.997644264210381326e-01,5.910076595936946120e-01,0.000000000000000000e+00,0.000000000000000000e+00,0.000000000000000000e+00,1.000000000000000056e-01
9.945965402770533537e-01,-1.022823517612185817e-01,1.777758665033467647e-02,6.928768918501909013e+01,1.022959355962904660e-01,9.947539998686887319e-01,1.459648052730990169e-04,5.790861829554257767e+00,-1.769925505199032231e-02,1.673398768713270542e-03,9.998419555645609025e-01,5.924908646878982443e-01,0.000000000000000000e+00,0.000000000000000000e+00,0.000000000000000000e+00,1.000000000000000056e-01
9.947052853533308037e-01,-1.020808229420615970e-01,1.187016754811125868e-02,6.998233126656326419e+01,1.020942092305848342e-01,9.947745956143232426e-01,-5.257013803396542485e-04,5.872269902499158256e+00,-1.175447709301978907e-02,1.734793310800364276e-03,9.999294088886667708e-01,5.931304737533168447e-01,0.000000000000000000e+00,0.000000000000000000e+00,0.000000000000000000e+00,1.000000000000000056e-01
9.948682050452272163e-01,-1.010003346450840805e-01,6.015562456558463250e-03,7.071904329682675439e+01,1.010062607446572253e-01,9.948855516130598042e-01,-6.888265094321032941e-04,5.946889366872131433e+00,-5.915224464890931483e-03,1.292901063039200542e-03,9.999816690951744969e-01,5.987723261525966789e-01,0.000000000000000000e+00,0.000000000000000000e+00,0.000000000000000000e+00,1.000000000000000056e-01
9.947527472779651436e-01,-1.021295220889064104e-01,6.044212176311845527e-03,7.143310512435044757e+01,1.021285293888838930e-01,9.947710989535476500e-01,4.734676493639105557e-04,6.026514743392017870e+00,-6.060962613692242457e-03,1.463032559291239476e-04,9.999816214948916704e-01,6.063044949071053624e-01,0.000000000000000000e+00,0.000000000000000000e+00,0.000000000000000000e+00,1.000000000000000056e-01
9.945334114708103135e-01,-1.040212807639972342e-01,9.103110262403455930e-03,7.210198319688781510e+01,1.040055529428783182e-01,9.945743148080531393e-01,2.185699233161615164e-03,6.106699483021649222e+00,-9.281078885450431623e-03,-1.226976898464093770e-03,9.999561770909826119e-01,6.196651414329041874e-01,0.000000000000000000e+00,0.000000000000000000e+00,0.000000000000000000e+00,1.000000000000000056e-01
9.942875182978911930e-01,-1.061595312024556509e-01,1.106728927495243681e-02,7.272146116476281463e+01,1.061571923639929999e-01,9.943490383838609059e-01,8.002340190780329182e-04,6.172812048895496950e+00,-1.108970091638255412e-02,3.792096596224377603e-04,9.999384354717140155e-01,6.308368239040227365e-01,0.000000000000000000e+00,0.000000000000000000e+00,0.000000000000000000e+00,1.000000000000000056e-01
9.944082345948933588e-01,-1.052480344115812733e-01,8.666846160284093908e-03,7.329196934213078407e+01,1.052718825049212131e-01,9.944407206714890313e-01,-2.341756656787471157e-03,6.224548248639846015e+00,-8.372199456384725458e-03,3.241037313600523585e-03,9.999597001646588490e-01,6.352083235897270086e-01,0.000000000000000000e+00,0.000000000000000000e+00,0.000000000000000000e+00,1.000000000000000056e-01
9.945280094573822893e-01,-1.042825071983203289e-01,6.260758513882399255e-03,7.392396943046573199e+01,1.043386095647929057e-01,9.944971649402027936e-01,-9.425681937385181619e-03,6.278571058066017230e+00,-5.243372847946834760e-03,1.002734353312551702e-02,9.999359776619931583e-01,6.525082966393146444e-01,0.000000000000000000e+00,0.000000000000000000e+00,0.000000000000000000e+00,1.000000000000000056e-01
9.948102700064325177e-01,-1.017156935188009564e-01,2.538578680720346079e-03,7.452895059824621171e+01,1.017404163379639764e-01,9.947242791230708203e-01,-1.313378111835618832e-02,6.338466838944327719e+00,-1.189274193199009238e-03,1.332389639244047248e-02,9.999105257030835858e-01,6.643086589985798263e-01,0.000000000000000000e+00,0.000000000000000000e+00,0.000000000000000000e+00,1.000000000000000056e-01
9.952791876004519755e-01,-9.702485580593202263e-02,2.348634757114619748e-03,7.510871841187959319e+01,9.704555886643885521e-02,9.952137868498731610e-01,-1.147510210132285553e-02,6.389561085415550679e+00,-1.224023563816074855e-03,1.164885486961418117e-02,9.999314006203334770e-01,6.749988839776097649e-01,0.000000000000000000e+00,0.000000000000000000e+00,0.000000000000000000e+00,1.000000000000000056e-01
9.957939751051466670e-01,-9.152517899554873937e-02,4.183390266676195388e-03,7.568561375746341469e+01,9.156674232286265980e-02,9.957365064903047625e-01,-1.115084493936405879e-02,6.460014388102058192e+00,-3.144971330398795006e-03,1.148700362653515619e-02,9.999290764364315853e-01,6.714519569321394377e-01,0.000000000000000000e+00,0.000000000000000000e+00,0.000000000000000000e+00,1.000000000000000056e-01
9.963401296463038070e-01,-8.526617061174650292e-02,6.002183402317035933e-03,7.623968797355387039e+01,8.533415800292774855e-02,9.962780981646642831e-01,-1.216686464669010717e-02,6.490607646493495864e+00,-4.942421908121225581e-03,1.263452676628812332e-02,9.999079663644420135e-01,6.806635322480266703e-01,0.000000000000000000e+00,0.000000000000000000e+00,0.000000000000000000e+00,1.000000000000000056e-01
9.970895186490487117e-01,-7.561858018592725050e-02,9.711958137925020065e-03,7.681433509096551404e+01,7.577117773749235397e-02,9.969896240088800266e-01,-1.644439852671460492e-02,6.530311294554818069e+00,-8.439219423718136506e-03,1.713242391772279091e-02,9.998176131806350009e-01,6.931590459210311694e-01,0.000000000000000000e+00,0.000000000000000000e+00,0.000000000000000000e+00,1.000000000000000056e-01
9.976863916830875922e-01,-6.667906837541573428e-02,1.325766536639617216e-02,7.736863250324176988e+01,6.693928519879965844e-02,9.975513001648130818e-01,-2.026167901642700678e-02,6.547850250976646969e+00,-1.187417144286145171e-02,2.110226007037143206e-02,9.997068063549772177e-01,7.022242682015412685e-01,0.000000000000000000e+00,0.000000000000000000e+00,0.000000000000000000e+00,1.000000000000000056e-01
9.983779221216415589e-01,-5.526560553811413895e-02,1.368347414142322659e-02,7.785936054231055437e+01,5.548417823940326316e-02,9.983290254815389009e-01,-1.614505640061233982e-02,6.575558602852449752e+00,-1.276834308638204012e-02,1.687808417997704868e-02,9.997760247621674257e-01,7.141656723159572895e-01,0.000000000000000000e+00,0.000000000000000000e+00,0.000000000000000000e+00,1.000000000000000056e-01
9.990582373761678348e-01,-4.180897061515384538e-02,1.160380570873038517e-02,7.835261036176480332e+01,4.194477549042985309e-02,9.990512148864959530e-01,-1.171775758726896141e-02,6.597880043002001926e+00,-1.110288880797232272e-02,1.219344126642540882e-02,9.998640136789602728e-01,7.101284487227484954e-01,0.000000000000000000e+00,0.000000000000000000e+00,0.000000000000000000e+00,1.000000000000000056e-01
9.995628708132543450e-01,-2.661517591227509708e-02,1.287243965703482526e-02,7.885208926305287491e+01,2.669376286584114119e-02,9.996258176993380040e-01,-5.972236849965202078e-03,6.606382396278924318e+00,-1.270867088359722841e-02,6.313240062637661028e-03,9.998993112730321098e-01,7.144240924680337335e-01,0.000000000000000000e+00,0.000000000000000000e+00,0.000000000000000000e+00,1.000000000000000056e-01
9.998831302659917375e-01,-3.292937028835821005e-03,1.492924563418964075e-02,7.934787893145357884e+01,3.393244201801989303e-03,9.999718076480881290e-01,-6.698492576838566831e-03,6.607938990198074514e+00,-1.490676702939928815e-02,6.748368301978346223e-03,9.998661149483925037e-01,7.232935586649362758e-01,0.000000000000000000e+00,0.000000000000000000e+00,0.000000000000000000e+00,1.000000000000000056e-01
9.996536751593881887e-01,2.127047297920081279e-02,1.549505468107736234e-02,7.984861992626591132e+01,-2.110047561316974116e-02,9.997162582900267491e-01,-1.105318232395378908e-02,6.613753557489438606e+00,-1.572576450372186255e-02,1.072240130892438900e-02,9.998188488125955287e-01,7.237690457370765662e-01,0.000000000000000000e+00,0.000000000000000000e+00,0.000000000000000000e+00,1.000000000000000056e-01
9.986819072008382703e-01,4.835605193398516410e-02,1.720873240694932929e-02,8.032730839810830048e+01,-4.819459593094707617e-02,9.987910909512880409e-01,-9.676650215267765601e-03,6.597839916286328155e+00,-1.765585321498220131e-02,8.834527587462297563e-03,9.998050919902125022e-01,7.317017784142607617e-01,0.000000000000000000e+00,0.000000000000000000e+00,0.000000000000000000e+00,1.000000000000000056e-01
9.966668722339311337e-01,7.963565834424772560e-02,1.770050031809650842e-02,8.081576137033816565e+01,-7.945076386620684994e-02,9.967790267258653802e-01,-1.091549359914015943e-02,6.553662808873239598e+00,-1.851274999855305470e-02,9.472792593257714500e-03,9.997837487616890728e-01,7.297796181234744717e-01,0.000000000000000000e+00,0.000000000000000000e+00,0.000000000000000000e+00,1.000000000000000056e-01
