1.000000000000000000e+00,-2.667384670319224992e-13,1.185650181767332614e-13,1.847283996577718685e-20,2.667384670319254275e-13,1.000000000000000000e+00,-2.485978235455860057e-14,6.117857227893093806e-20,-1.185650181767266476e-13,2.485978235459022443e-14,1.000000000000000000e+00,-3.641526165970306930e-20,0.000000000000000000e+00,0.000000000000000000e+00,0.000000000000000000e+00,1.000000000000000056e-01
9.999966547744987277e-01,-2.141259863970703531e-03,-1.451015508830941951e-03,6.253726554941222426e-01,2.138490218701079651e-03,9.999958938873232395e-01,-1.907634157264021533e-03,-3.159555405984118374e-03,1.455094291253855978e-03,1.904524793324773166e-03,9.999971277388326474e-01,1.251645122725550917e-02,0.000000000000000000e+00,0.000000000000000000e+00,0.000000000000000000e+00,1.000000000000000056e-01
9.999870153904327763e-01,-4.287177227018248472e-03,-2.754843363681817175e-03,1.256102165449704211e+00,4.287217661721785290e-03,9.999908098016522251e-01,8.772500627998064979e-06,-8.434385495381894332e-03,2.754780436859971884e-03,-2.058299984455621602e-05,9.999962053733427725e-01,1.951476243633709293e-02,0.000000000000000000e+00,0.000000000000000000e+00,0.000000000000000000e+00,1.000000000000000056e-01
9.999636802045421824e-01,-8.375485244796221709e-03,-1.577820871426424904e-03,1.986087812162050659e+00,8.376316169007290771e-03,9.999647824493458348e-01,5.207575916019339468e-04,-6.773001160182224971e-03,1.573403706915384647e-03,-5.339550042698502268e-04,9.999986196454615506e-01,2.649729001026338709e-02,0.000000000000000000e+00,0.000000000000000000e+00,0.000000000000000000e+00,1.000000000000000056e-01
9.999079050015089454e-01,-1.332923198453224954e-02,-2.552075664214453841e-03,2.702565057403294446e+00,1.332527829490976097e-02,9.999099976407391788e-01,-1.559992455174558914e-03,-9.023624036808196303e-03,2.572639472712804059e-03,1.525841669216429454e-03,9.999955266566665779e-01,2.484954149895151135e-02,0.000000000000000000e+00,0.000000000000000000e+00,0.000000000000000000e+00,1.000000000000000056e-01
9.997970497832856518e-01,-1.995138744963803959e-02,-2.793095679105840352e-03,3.449169382897264935e+00,1.995132335258785125e-02,9.998009512470915627e-01,-5.081231507776483015e-05,-4.966297346567445474e-03,2.793553493079489834e-03,-4.923952341148534438e-06,9.999960980097052365e-01,3.524840311918068375e-02,0.000000000000000000e+00,0.000000000000000000e+00,0.000000000000000000e+00,1.000000000000000056e-01
9.997039691772094949e-01,-2.419750731041451358e-02,-2.540600577687119992e-03,4.197349311164237484e+00,2.419911771217348601e-02,9.997069753783976997e-01,6.050468809180502370e-04,1.548909198144912507e-02,2.525215492840043006e-03,-6.663480608311317822e-04,9.999965896276729049e-01,5.164967567491461631e-02,0.000000000000000000e+00,0.000000000000000000e+00,0.000000000000000000e+00,1.000000000000000056e-01
9.995417793603225132e-01,-3.006001538551907049e-02,-3.553419229791544235e-03,4.965402351493831468e+00,3.006944421081681612e-02,9.995443507335818323e-01,2.630483118142846934e-03,3.828172043014184400e-02,3.472727753923491884e-03,-2.736127117773651165e-03,9.999902268374138981e-01,6.653591173753316268e-02,0.000000000000000000e+00,0.000000000000000000e+00,0.000000000000000000e+00,1.000000000000000056e-01
9.994200671847034423e-01,-3.387979947762998628e-02,-3.418844231376459968e-03,5.750957232861672708e+00,3.388536538734095854e-02,9.994244717857878602e-01,1.583416642995135468e-03,8.700780308145374120e-02,3.363230751707089409e-03,-1.698347153706170195e-03,9.999929021227381698e-01,6.355249823526649966e-02,0.000000000000000000e+00,0.000000000000000000e+00,0.000000000000000000e+00,1.000000000000000056e-01
9.993532935373706794e-01,-3.591002311197945968e-02,-1.861433884677935304e-03,6.539539711463975280e+00,3.591263557662189437e-02,9.993539671773195021e-01,1.389565721252219131e-03,1.235813295370602888e-01,1.810332000125402076e-03,-1.455516076870451425e-03,9.999973020818602176e-01,6.699787287537070646e-02,0.000000000000000000e+00,0.000000000000000000e+00,0.000000000000000000e+00,1.000000000000000056e-01
9.993124914329288844e-01,-3.700016212658743808e-02,2.352120047657821345e-03,7.326187368370209008e+00,3.700048745455877808e-02,9.993152430117930862e-01,-9.493369257255142627e-05,1.664314468314021522e-01,-2.346996855001626421e-03,1.818980131605835431e-04,9.999972292555991960e-01,8.163104040383863114e-02,0.000000000000000000e+00,0.000000000000000000e+00,0.000000000000000000e+00,1.000000000000000056e-01
9.990735776771194621e-01,-4.292473340045835362e-02,3.074678835313226100e-03,8.128389912994123279e+00,4.292234716412232642e-02,9.990780599899976577e-01,8.379502044711183801e-04,2.084177504023398964e-01,-3.107812955006825518e-03,-7.052014763087405226e-04,9.999949220818645790e-01,7.316984598418187213e-02,0.000000000000000000e+00,0.000000000000000000e+00,0.000000000000000000e+00,1.000000000000000056e-01
9.989546418934085459e-01,-4.557812159231842963e-02,3.501181475981858440e-03,8.962528206289460897e+00,4.556201200037990340e-02,9.989511462676828879e-01,4.550871670304925884e-03,2.615131896736456185e-01,-3.704929431063451028e-03,-4.386593507288122362e-03,9.999835155117871022e-01,7.871732516019214199e-02,0.000000000000000000e+00,0.000000000000000000e+00,0.000000000000000000e+00,1.000000000000000056e-01
9.989601358247579554e-01,-4.553252410060573685e-02,2.331583583921346958e-03,9.743209881573054787e+00,4.552837224605929545e-02,9.989614173486291993e-01,1.803876226949813373e-03,3.073168891483191723e-01,-2.411297079438967303e-03,-1.695847235353265415e-03,9.999956548648344379e-01,9.732384473856835194e-02,0.000000000000000000e+00,0.000000000000000000e+00,0.000000000000000000e+00,1.000000000000000056e-01
9.988962969075542153e-01,-4.685602397449110251e-02,3.271244667887800595e-03,1.052503482552219261e+01,4.685458963193297327e-02,9.989015884761334174e-01,5.137803816773270360e-04,3.587485677454576583e-01,-3.291725200928701748e-03,-3.599404941817000640e-04,9.999945174789920399e-01,9.738056426658657505e-02,0.000000000000000000e+00,0.000000000000000000e+00,0.000000000000000000e+00,1.000000000000000056e-01
9.987210374349513309e-01,-5.050254937662560645e-02,2.404556365759034572e-03,1.128528064436019562e+01,5.050757731067812700e-02,9.987215154118750382e-01,-2.078289588488241302e-03,4.059732570223931192e-01,-2.296523254942580035e-03,2.197079850446691587e-03,9.999949493977808856e-01,1.080431915427853551e-01,0.000000000000000000e+00,0.000000000000000000e+00,0.000000000000000000e+00,1.000000000000000056e-01
9.984740436970835908e-01,-5.520846364199301359e-02,1.268702283902533885e-03,1.211387839129261046e+01,5.520634904278554078e-02,9.984736109633745027e-01,1.645367778340614843e-03,4.688557324163828977e-01,-1.357603977813867831e-03,-1.572816597892137810e-03,9.999978415773650431e-01,1.192601910200010301e-01,0.000000000000000000e+00,0.000000000000000000e+00,0.000000000000000000e+00,1.000000000000000056e-01
9.983695576842236408e-01,-5.705432961251148682e-02,-1.740621117482769094e-03,1.295744181374652726e+01,5.705830905175503232e-02,9.983681304280811464e-01,2.329273211197918723e-03,5.344506110805883337e-01,1.604885529295630234e-03,-2.424792363252720271e-03,9.999957723532799658e-01,1.218328109771836670e-01,0.000000000000000000e+00,0.000000000000000000e+00,0.000000000000000000e+00,1.000000000000000056e-01
9.983439311338430100e-01,-5.746164495125179877e-02,-2.748550112475920716e-03,1.384465820579688078e+01,5.747301506171945823e-02,9.983379969862470338e-01,4.253976163975044938e-03,5.860910886304541156e-01,2.499541545940112651e-03,-4.404898748504731260e-03,9.999871744972910204e-01,1.322075608162248117e-01,0.000000000000000000e+00,0.000000000000000000e+00,0.000000000000000000e+00,1.000000000000000056e-01
9.977891438588780693e-01,-6.632412034850043714e-02,-4.235027433779206714e-03,1.477050906063433366e+01,6.635686698487067159e-02,9.977628574093444502e-01,8.126904594758243422e-03,6.801333698274133477e-01,3.686543275130978355e-03,-8.389960329927174248e-03,9.999580081005116083e-01,1.474612473849725991e-01,0.000000000000000000e+00,0.000000000000000000e+00,0.000000000000000000e+00,1.000000000000000056e-01
9.974656088123332598e-01,-7.107407729453810163e-02,-3.291621693244267330e-03,1.572568585618618364e+01,7.108988139088759373e-02,9.974575678843834448e-01,4.962764753652958334e-03,7.490629137247857283e-01,2.930529042843163338e-03,-5.184188162151243985e-03,9.999822679391012770e-01,1.383688144933443998e-01,0.000000000000000000e+00,0.000000000000000000e+00,0.000000000000000000e+00,1.000000000000000056e-01
9.970446984130886259e-01,-7.680472048600732460e-02,-1.704194067436233268e-03,1.665074136964487295e+01,7.680782308337037734e-02,9.970442243968206109e-01,1.836548430086630936e-03,8.457748413117075481e-01,1.558101263356803049e-03,-1.962016312028127749e-03,9.999968614012968438e-01,1.485782485418123411e-01,0.000000000000000000e+00,0.000000000000000000e+00,0.000000000000000000e+00,1.000000000000000056e-01
9.968945834457123567e-01,-7.874597637675968820e-02,5.105889447172205471e-04,1.754606934108680250e+01,7.874334439122303297e-02,9.968870124713402614e-01,3.971156009420754966e-03,9.441242471182151874e-01,-8.217120450063184920e-04,-3.918618434693221970e-03,9.999919845773156402e-01,1.770055832306897392e-01,0.000000000000000000e+00,0.000000000000000000e+00,0.000000000000000000e+00,1.000000000000000056e-01
9.967840042634464881e-01,-8.012559848756681258e-02,1.239883679487895638e-03,1.848064251156162285e+01,8.011703951104395816e-02,9.967682296108211215e-01,5.861434849520391968e-03,1.022458340409638788e+00,-1.705527635440202928e-03,-5.743248690295618686e-03,9.999820529739351649e-01,1.932563791738361458e-01,0.000000000000000000e+00,0.000000000000000000e+00,0.000000000000000000e+00,1.000000000000000056e-01
9.964794623414245933e-01,-8.382750245884676432e-02,1.277091718487118705e-03,1.941941721705133617e+01,8.382146692405365029e-02,9.964718862695065571e-01,4.212072790370473795e-03,1.107899762965004253e+00,-1.625673535851647348e-03,-4.090196328251162299e-03,9.999903136928632863e-01,2.111540459750452237e-01,0.000000000000000000e+00,0.000000000000000000e+00,0.000000000000000000e+00,1.000000000000000056e-01
9.963777686789072607e-01,-8.503133836097362397e-02,1.006766598389593603e-03,2.035590972124492382e+01,8.502527032622844705e-02,9.963661348270227425e-01,5.022825480834301054e-03,1.182728629106963858e+00,-1.430205717299330541e-03,-4.919031042873747012e-03,9.999868787365189249e-01,2.191021538715776373e-01,0.000000000000000000e+00,0.000000000000000000e+00,0.000000000000000000e+00,1.000000000000000056e-01
9.966167337635760681e-01,-8.208520563683298354e-02,4.135818900787600200e-03,2.128379649048603994e+01,8.205972236605700576e-02,9.966093835856026928e-01,5.994874004569765436e-03,1.275343790397059252e+00,-4.613886390767629395e-03,-5.635207599003566950e-03,9.999734778921335332e-01,2.326362937170246836e-01,0.000000000000000000e+00,0.000000000000000000e+00,0.000000000000000000e+00,1.000000000000000056e-01
9.967594892164760578e-01,-8.005260992934050412e-02,7.880374382639712336e-03,2.222843247581694115e+01,8.000613784548098184e-02,9.967760339965440197e-01,6.046152261591314532e-03,1.363236200536139586e+00,-8.338978592106147461e-03,-5.396081320857329909e-03,9.999506706545173707e-01,2.239722999436545570e-01,0.000000000000000000e+00,0.000000000000000000e+00,0.000000000000000000e+00,1.000000000000000056e-01
9.967956362044292362e-01,-7.911289807290623755e-02,1.181562534582925386e-02,2.318951429995775371e+01,7.904518249245930106e-02,9.968524146744989212e-01,6.092822199488652501e-03,1.450573676696272019e+00,-1.226045547852358877e-02,-5.139330318896160460e-03,9.999116303530689587e-01,2.336555655688976885e-01,0.000000000000000000e+00,0.000000000000000000e+00,0.000000000000000000e+00,1.000000000000000056e-01
9.968916819428343956e-01,-7.723560533104177617e-02,1.554463709239192401e-02,2.412015979283191314e+01,7.716054539871992912e-02,9.970042045269135178e-01,5.372745055236109041e-03,1.527268639957356511e+00,-1.591303575559028724e-02,-4.156612178690238454e-03,9.998647397864559583e-01,2.398243673522041652e-01,0.000000000000000000e+00,0.000000000000000000e+00,0.000000000000000000e+00,1.000000000000000056e-01
9.971158119534611064e-01,-7.495647222374787755e-02,1.189894214459699326e-02,2.507936378256205856e+01,7.491377893245954045e-02,9.971820136275890700e-01,3.994674415443785417e-03,1.591796626974703699e+00,-1.216483778965153986e-02,-3.091758301894482943e-03,9.999212257733877118e-01,2.425602384795767230e-01,0.000000000000000000e+00,0.000000000000000000e+00,0.000000000000000000e+00,1.000000000000000056e-01
9.971834775124364114e-01,-7.446496023401331932e-02,8.948847610223270577e-03,2.604290018959202513e+01,7.443007467842178981e-02,9.972175140353606304e-01,4.170573641587493538e-03,1.665290532308852711e+00,-9.234509167721963174e-03,-3.492763731225188330e-03,9.999512610332310647e-01,2.358765556537459340e-01,0.000000000000000000e+00,0.000000000000000000e+00,0.000000000000000000e+00,1.000000000000000056e-01
9.973398283414436349e-01,-7.246727779318971885e-02,7.858781909718823289e-03,2.698520212918736760e+01,7.243616113515698174e-02,9.973643136862576641e-01,4.174726954167101364e-03,1.741596724168778865e+00,-8.140599723695036288e-03,-3.594361471102965142e-03,9.999604048169875581e-01,2.494693378469843570e-01,0.000000000000000000e+00,0.000000000000000000e+00,0.000000000000000000e+00,1.000000000000000056e-01
9.973782145289933343e-01,-7.185411361678066544e-02,8.583911655193307219e-03,2.794056230508684280e+01,7.184921984419014029e-02,9.974151189655995342e-01,8.775343983133019558e-04,1.810555063119542396e+00,-8.624777721113864939e-03,-2.584863357404057374e-04,9.999627725040945991e-01,2.592678911017209376e-01,0.000000000000000000e+00,0.000000000000000000e+00,0.000000000000000000e+00,1.000000000000000056e-01
9.975016929223561313e-01,-6.921866861829943651e-02,1.411199956574171570e-02,2.894415127471871685e+01,6.928429126168926533e-02,9.975880519426075788e-01,-4.214926537753927241e-03,1.897420711133996241e+00,-1.378621055253593554e-02,5.182136245150589446e-03,9.998915370491631149e-01,2.643725734830607577e-01,0.000000000000000000e+00,0.000000000000000000e+00,0.000000000000000000e+00,1.000000000000000056e-01
9.974040837516171543e-01,-6.983211492659555097e-02,1.756614472432387400e-02,2.992378835619431499e+01,6.999284790578166882e-02,9.975094901263087399e-01,-8.707373311716270006e-03,1.931655275249108517e+00,-1.691434177363271632e-02,9.914274195836200385e-03,9.998077876319700907e-01,2.602540961781772966e-01,0.000000000000000000e+00,0.000000000000000000e+00,0.000000000000000000e+00,1.000000000000000056e-01
9.972294145128706155e-01,-7.159881134305354222e-02,2.017684426710996889e-02,3.083923178920870356e+01,7.189798082926227019e-02,9.973063972634957919e-01,-1.451310890131150139e-02,1.986594556815229007e+00,-1.908337451795187253e-02,1.592357345472808147e-02,9.996910845983570937e-01,2.685803132404918081e-01,0.000000000000000000e+00,0.000000000000000000e+00,0.000000000000000000e+00,1.000000000000000056e-01
9.974455059845296345e-01,-7.010942350912217902e-02,1.367959526024777918e-02,3.175429582663512562e+01,7.029613353424650490e-02,9.974323398842459554e-01,-1.368140940011126905e-02,2.052224202635458905e+00,-1.268527498326429796e-02,1.460808297678430762e-02,9.998128263381813596e-01,2.541299120365624331e-01,0.000000000000000000e+00,0.000000000000000000e+00,0.000000000000000000e+00,1.000000000000000056e-01
9.974860413110294699e-01,-6.988703093509898712e-02,1.172178726678763626e-02,3.274052135442435940e+01,7.005798234760263199e-02,9.974320985439931730e-01,-1.486902496833455989e-02,2.101434779976895317e+00,-1.065253486426149220e-02,1.565284961923785537e-02,9.998207398327778606e-01,2.584180867964880890e-01,0.000000000000000000e+00,0.000000000000000000e+00,0.000000000000000000e+00,1.000000000000000056e-01
9.973004089091865865e-01,-7.277899279302003921e-02,9.752568769442511096e-03,3.368969283202990539e+01,7.287360190316836961e-02,9.972937767633255346e-01,-9.724246747221713949e-03,2.182927213215266171e+00,-9.018455257287781232e-03,1.040870007137566916e-02,9.999051587163636512e-01,2.473445214086288646e-01,0.000000000000000000e+00,0.000000000000000000e+00,0.000000000000000000e+00,1.000000000000000056e-01
9.969802459920467097e-01,-7.682788567157208814e-02,1.130774446447607891e-02,3.464337513708193939e+01,7.696074416433970611e-02,9.969640076405670293e-01,-1.182418398581808541e-02,2.261859405011996227e+00,-1.036498718325744479e-02,1.265873028764240640e-02,9.998661528365662132e-01,2.598447563006505701e-01,0.000000000000000000e+00,0.000000000000000000e+00,0.000000000000000000e+00,1.000000000000000056e-01
9.969435486427709048e-01,-7.723336100832650652e-02,1.177152355970519960e-02,3.562120143912055426e+01,7.737008923661228832e-02,9.969345026346349004e-01,-1.163901835000350111e-02,2.338205745523087131e+00,-1.083651747923823454e-02,1.251420808483609363e-02,9.998629728542464123e-01,2.520813364871069551e-01,0.000000000000000000e+00,0.000000000000000000e+00,0.000000000000000000e+00,1.000000000000000056e-01
9.969753784117609818e-01,-7.673949767248171294e-02,1.229407734240927849e-02,3.659869012768097463e+01,7.687255294976312603e-02,9.969830586321773991e-01,-1.074203907152761379e-02,2.412005014135669700e+00,-1.143264814956855210e-02,1.165462557972300577e-02,9.998667232480960010e-01,2.541334987248662358e-01,0.000000000000000000e+00,0.000000000000000000e+00,0.000000000000000000e+00,1.000000000000000056e-01
9.969038612717548986e-01,-7.760524416920915047e-02,1.265375275967914152e-02,3.759642270734220659e+01,7.771885001018664918e-02,9.969369408416710598e-01,-8.747361793398402904e-03,2.495849899207522871e+00,-1.193615241858828231e-02,9.703713860575379282e-03,9.998816761011036780e-01,2.566637818385947845e-01,0.000000000000000000e+00,0.000000000000000000e+00,0.000000000000000000e+00,1.000000000000000056e-01
9.967885413019917928e-01,-7.858436971472138044e-02,1.539807668468504663e-02,3.858811018171551410e+01,7.874908510688541363e-02,9.968402291485534139e-01,-1.039899735013500963e-02,2.576760898488817730e+00,-1.453222363838302215e-02,1.157818585096896495e-02,9.998273651428652986e-01,2.733639998238057700e-01,0.000000000000000000e+00,0.000000000000000000e+00,0.000000000000000000e+00,1.000000000000000056e-01
9.966537985636355623e-01,-8.031533099570252465e-02,1.518727808815290362e-02,3.960841184987483388e+01,8.043047340164015402e-02,9.967347334127315550e-01,-7.128124370337736611e-03,2.632648825548881799e+00,-1.456518990827789309e-02,8.325792196643621787e-03,9.998592583095052833e-01,2.657537009484302604e-01,0.000000000000000000e+00,0.000000000000000000e+00,0.000000000000000000e+00,1.000000000000000056e-01
9.963241956992603399e-01,-8.396014585591074497e-02,1.699385100782893621e-02,4.062479706173464677e+01,8.416286271625308957e-02,9.963846496235506667e-01,-1.158630803833576167e-02,2.724901110121845882e+00,-1.595962416936027445e-02,1.297397018681111652e-02,9.997884608725809974e-01,2.769195878500103625e-01,0.000000000000000000e+00,0.000000000000000000e+00,0.000000000000000000e+00,1.000000000000000056e-01
9.964295977080921407e-01,-8.296731921860941994e-02,1.563588030675083437e-02,4.164706620168141171e+01,8.316924521888499622e-02,9.964540153988473703e-01,-1.273859667446574848e-02,2.818224861596434927e+00,-1.452354849927011381e-02,1.399353912314884110e-02,9.997966030157324768e-01,2.894484750509688786e-01,0.000000000000000000e+00,0.000000000000000000e+00,0.000000000000000000e+00,1.000000000000000056e-01
9.962905213578332475e-01,-8.471748649897167804e-02,1.510445410577282779e-02,4.270444438483501415e+01,8.491550923735458056e-02,9.963034910016063117e-01,-1.298884555966619246e-02,2.908168679826192093e+00,-1.394823800691676746e-02,1.422326612662015884e-02,9.998015529879885621e-01,2.982913191989817192e-01,0.000000000000000000e+00,0.000000000000000000e+00,0.000000000000000000e+00,1.000000000000000056e-01
9.964111533835622314e-01,-8.385620594870110689e-02,1.153040054500199807e-02,4.377773747187725206e+01,8.401044870403956422e-02,9.963718589397188019e-01,-1.361481625124385739e-02,2.988416650785874928e+00,-1.034687978982515993e-02,1.453462888753007803e-02,9.998408306534178891e-01,3.049042020638283446e-01,0.000000000000000000e+00,0.000000000000000000e+00,0.000000000000000000e+00,1.000000000000000056e-01
9.964434863022024746e-01,-8.333753933175702677e-02,1.245925936964895932e-02,4.481116638020024112e+01,8.351577659089731709e-02,9.964003228701184822e-01,-1.454343992124540290e-02,3.065129314150163875e+00,-1.120239556218493963e-02,1.553226069995604537e-02,9.998166107898072141e-01,3.125657976595977439e-01,0.000000000000000000e+00,0.000000000000000000e+00,0.000000000000000000e+00,1.000000000000000056e-01
9.964138503421874349e-01,-8.334681414669786736e-02,1.458586363068012717e-02,4.581820121104613719e+01,8.355401880863486119e-02,9.964017253092728454e-01,-1.422419564090336187e-02,3.163038334434742804e+00,-1.334783829626681045e-02,1.539189307071110561e-02,9.997924408798640750e-01,3.250874341202926732e-01,0.000000000000000000e+00,0.000000000000000000e+00,0.000000000000000000e+00,1.000000000000000056e-01
9.959980750301764552e-01,-8.851219014234322502e-02,1.238655450029350034e-02,4.676449071094151577e+01,8.865834363358419956e-02,9.959922735925713644e-01,-1.179360199641395560e-02,3.240680528713664632e+00,-1.129303503635590948e-02,1.284457629142348595e-02,9.998537314125308662e-01,3.385028547983068292e-01,0.000000000000000000e+00,0.000000000000000000e+00,0.000000000000000000e+00,1.000000000000000056e-01
9.962152069879814942e-01,-8.664883757966328204e-02,6.873158806998581546e-03,4.772094392025626064e+01,8.672873244742647370e-02,9.961556464340803885e-01,-1.233106019619607634e-02,3.343977976908301564e+00,-5.778263922304519712e-03,1.288049003697558891e-02,9.999003473559010535e-01,3.323346825514352787e-01,0.000000000000000000e+00,0.000000000000000000e+00,0.000000000000000000e+00,1.000000000000000056e-01
9.962784157056555623e-01,-8.605167008955071084e-02,4.942516952741451801e-03,4.866921910516470717e+01,8.610874984391221620e-02,9.962033526152015428e-01,-1.281262808914960215e-02,3.429528006826932707e+00,-3.821203913370892387e-03,1.319053876956665684e-02,9.999056995975275086e-01,3.398147298467683042e-01,0.000000000000000000e+00,0.000000000000000000e+00,0.000000000000000000e+00,1.000000000000000056e-01
9.963513563855899147e-01,-8.515486329103143237e-02,5.711732353758542172e-03,4.963554121778101802e+01,8.522823175032044618e-02,9.962610474367958879e-01,-1.414474718232830615e-02,3.534303175981216238e+00,-4.485882444836752567e-03,1.457993888958599403e-02,9.998836443510149552e-01,3.465895455015339244e-01,0.000000000000000000e+00,0.000000000000000000e+00,0.000000000000000000e+00,1.000000000000000056e-01
9.967571656884662845e-01,-7.994752517392707258e-02,9.140342841476845753e-03,5.064447830496048653e+01,8.009022966118199693e-02,9.966512349927777459e-01,-1.648850812505583269e-02,3.613516861792383850e+00,-7.791518562806892118e-03,1.716709078251772019e-02,9.998222758233336060e-01,3.622684578005753164e-01,0.000000000000000000e+00,0.000000000000000000e+00,0.000000000000000000e+00,1.000000000000000056e-01
9.968107461949919923e-01,-7.932564954575142824e-02,8.705032701141850876e-03,5.158881999014580089e+01,7.945564205174156236e-02,9.967136508796752281e-01,-1.577019645579369120e-02,3.698431521227164342e+00,-7.425443847262114087e-03,1.641156525909195571e-02,9.998377484919329650e-01,3.662052674407231811e-01,0.000000000000000000e+00,0.000000000000000000e+00,0.000000000000000000e+00,1.000000000000000056e-01
9.968819156020259920e-01,-7.774248317851537027e-02,1.351120478985107752e-02,5.253751390020068612e+01,7.798000542170588356e-02,9.967916116475480370e-01,-1.804443691320019305e-02,3.780620734928745730e+00,-1.206503626458547800e-02,1.904177665875728120e-02,9.997458905349960734e-01,3.927409428946463943e-01,0.000000000000000000e+00,0.000000000000000000e+00,0.000000000000000000e+00,1.000000000000000056e-01
9.970589313906589313e-01,-7.533199010806899965e-02,1.409179195401129465e-02,5.353559997471763410e+01,7.557353117130756470e-02,9.969871101947259673e-01,-1.747408057291785499e-02,3.876632248172768858e+00,-1.273297767282836369e-02,1.848765458156380326e-02,9.997480072036433185e-01,4.201379030531122161e-01,0.000000000000000000e+00,0.000000000000000000e+00,0.000000000000000000e+00,1.000000000000000056e-01
9.970657350476226366e-01,-7.495915535509960204e-02,1.552562470221813783e-02,5.450318722344225364e+01,7.526245634385390904e-02,9.969637609765054087e-01,-1.997052740092011835e-02,3.939555876406250157e+00,-1.398151132866428704e-02,2.108042523364885706e-02,9.996800153113669651e-01,4.148663425964684848e-01,0.000000000000000000e+00,0.000000000000000000e+00,0.000000000000000000e+00,1.000000000000000056e-01
9.969686227662432065e-01,-7.551278341362969992e-02,1.874525968629393510e-02,5.543916820487159924e+01,7.585304803463198409e-02,9.969536751016194742e-01,-1.815722460152663711e-02,4.014789853194696612e+00,-1.731705296625725768e-02,1.952406828764746347e-02,9.996594072153091037e-01,4.239939522219708379e-01,0.000000000000000000e+00,0.000000000000000000e+00,0.000000000000000000e+00,1.000000000000000056e-01
9.969646075709706068e-01,-7.424665909635491667e-02,2.343085282037633832e-02,5.638334779146634190e+01,7.462861492102718097e-02,9.970851067125945377e-01,-1.587009158458359617e-02,4.099448180916246187e+00,-2.218425310506352832e-02,1.757053172114287840e-02,9.995994874594558155e-01,4.350206927829700643e-01,0.000000000000000000e+00,0.000000000000000000e+00,0.000000000000000000e+00,1.000000000000000056e-01
9.968883255734384274e-01,-7.461268982420068974e-02,2.542858337745004110e-02,5.734083545175946028e+01,7.498789000841102337e-02,9.970842695787368593e-01,-1.413420357583745381e-02,4.165611598248260883e+00,-2.429984953601071335e-02,1.599705834940863547e-02,9.995767161337306694e-01,4.196003087063005510e-01,0.000000000000000000e+00,0.000000000000000000e+00,0.000000000000000000e+00,1.000000000000000056e-01
9.969097767372321339e-01,-7.533253749410763478e-02,2.226894340602506711e-02,5.822622074602272590e+01,7.558700741404499046e-02,9.970805688347540441e-01,-1.081404468052514153e-02,4.233130638579014615e+00,-2.138928133226980499e-02,1.246386965842293665e-02,9.996935283361730873e-01,4.211033873338256850e-01,0.000000000000000000e+00,0.000000000000000000e+00,0.000000000000000000e+00,1.000000000000000056e-01
9.970620311214425380e-01,-7.486702982587735422e-02,1.619363890651924834e-02,5.912724613568541088e+01,7.498136639767442879e-02,9.971632799439636985e-01,-6.571744405704401520e-03,4.312020622997550845e+00,-1.565569510182300214e-02,7.766657997323964460e-03,9.998472774551278031e-01,4.249182054325219560e-01,0.000000000000000000e+00,0.000000000000000000e+00,0.000000000000000000e+00,1.000000000000000056e-01
9.971462047732154721e-01,-7.489620030295136843e-02,9.487122142826041535e-03,6.011341305667732371e+01,7.496284099026596925e-02,9.971626307728664873e-01,-6.874609865595974513e-03,4.375283764310302637e+00,-8.945321516905609463e-03,7.566172765423429848e-03,9.999313647709241470e-01,4.285966450503773673e-01,0.000000000000000000e+00,0.000000000000000000e+00,0.000000000000000000e+00,1.000000000000000056e-01
9.972947138949812551e-01,-7.289033360889407565e-02,9.500152815169126200e-03,6.103626417175674845e+01,7.292872849431344950e-02,9.973300698546595511e-01,-3.759298325843672683e-03,4.456477695846269960e+00,-9.200771561676463969e-03,4.441962413630104814e-03,9.999478060241873134e-01,4.357385946195529436e-01,0.000000000000000000e+00,0.000000000000000000e+00,0.000000000000000000e+00,1.000000000000000056e-01
9.970865115373159782e-01,-7.547863747095173714e-02,1.102106146768413314e-02,6.197976431880806558e+01,7.551106674271698682e-02,9.971416877810989066e-01,-2.556029819560243915e-03,4.536259957631516571e+00,-1.079663418491026011e-02,3.380794964232561317e-03,9.999359994098057092e-01,4.370067641072691300e-01,0.000000000000000000e+00,0.000000000000000000e+00,0.000000000000000000e+00,1.000000000000000056e-01
9.971929719558501048e-01,-7.387190968349785503e-02,1.221137345151318901e-02,6.285390582428104267e+01,7.391958770078102536e-02,9.972580643532047429e-01,-3.499662361714181782e-03,4.605133453611979455e+00,-1.191936390944286703e-02,4.392498402115911638e-03,9.999193141057840517e-01,4.475823092240040491e-01,0.000000000000000000e+00,0.000000000000000000e+00,0.000000000000000000e+00,1.000000000000000056e-01
9.973706572266661796e-01,-7.108069232040253871e-02,1.411762311793769188e-02,6.365878556751113848e+01,7.112502791935543245e-02,9.974638535226557634e-01,-2.662953098513438747e-03,4.680252347984893646e+00,-1.389253420793956466e-02,3.660067620446391667e-03,9.998967953735500291e-01,4.488811863338462715e-01,0.000000000000000000e+00,0.000000000000000000e+00,0.000000000000000000e+00,1.000000000000000056e-01
9.972715539997876188e-01,-7.249400218649008909e-02,1.393080147852067407e-02,6.446305586775066843e+01,7.251111903837458017e-02,9.973673391645623276e-01,-7.268999956278868104e-04,4.752592018086491343e+00,-1.384143051318950657e-02,1.735054692551238559e-03,9.999026974593889783e-01,4.600918350210810304e-01,0.000000000000000000e+00,0.000000000000000000e+00,0.000000000000000000e+00,1.000000000000000056e-01
9.971770145715772582e-01,-7.334488475087645731e-02,1.607885229103977326e-02,6.524460521818249958e+01,7.335010405293586333e-02,9.973062175932304596e-01,2.656789557832884381e-04,4.816634902936568707e+00,-1.605502555400978304e-02,9.144565406370798238e-04,9.998706916015167590e-01,4.606810791488220591e-01,0.000000000000000000e+00,0.000000000000000000e+00,0.000000000000000000e+00,1.000000000000000056e-01
9.965991014093793510e-01,-8.121389474231410777e-02,1.394755787949906664e-02,6.605787562747831032e+01,8.122470117849461824e-02,9.966957931985356289e-01,-2.091382466498021338e-04,4.882891854800456954e+00,-1.388448733233979895e-02,1.341313209613595589e-03,9.999027062121553788e-01,4.655169990884919229e-01,0.000000000000000000e+00,0.000000000000000000e+00,0.000000000000000000e+00,1.000000000000000056e-01
9.965085665622399613e-01,-8.242061820475440892e-02,1.332360547359176701e-02,6.680495029059889589e+01,8.240168505880138272e-02,9.965972617441271053e-01,1.964734989261518287e-03,4.946561246590350791e+00,-1.344020340396406311e-02,-8.599877057410430705e-04,9.999093065641533329e-01,4.695822935235079432e-01,0.000000000000000000e+00,0.000000000000000000e+00,0.000000000000000000e+00,1.000000000000000056e-01
9.963623883403808223e-01,-8.360607654291878077e-02,1.649287924383316048e-02,6.758805767270868614e+01,8.355209757719388175e-02,9.964956355124233722e-01,3.936419076068366912e-03,5.032565933429383520e+00,-1.676419073809195734e-02,-2.544085256230489700e-03,9.998562344352841524e-01,4.795114981576736324e-01,0.000000000000000000e+00,0.000000000000000000e+00,0.000000000000000000e+00,1.000000000000000056e-01
9.966736816716942338e-01,-7.920212880824671620e-02,1.919882952766257048e-02,6.832529534685957628e+01,7.908206362116655674e-02,9.968439826133433934e-01,6.935527448305979503e-03,5.113589950502372972e+00,-1.968754622618367270e-02,-5.394174618079668887e-03,9.997916299928608641e-01,4.766822996477134144e-01,0.000000000000000000e+00,0.000000000000000000e+00,0.000000000000000000e+00,1.000000000000000056e-01
9.962056067184285046e-01,-8.437660842532564154e-02,2.133019206212029978e-02,6.904812284806870082e+01,8.418369248088970747e-02,9.964021827291605904e-01,9.787551933325911585e-03,5.203367949995140407e+00,-2.207929036564965780e-02,-7.954759782911217242e-03,9.997245754375279070e-01,4.845800008993371710e-01,0.000000000000000000e+00,0.000000000000000000e+00,0.000000000000000000e+00,1.000000000000000056e-01
9.963390098094253577e-01,-8.413186409964301671e-02,1.517916252936572265e-02,6.972809315937121255e+01,8.392023730462139230e-02,9.963730058160922276e-01,1.407931290019280232e-02,5.278227559087901533e+00,-1.630862663469049428e-02,-1.275392975222537639e-02,9.997856600157684070e-01,4.808976885725967376e-01,0.000000000000000000e+00,0.000000000000000000e+00,0.000000000000000000e+00,1.000000000000000056e-01
9.963099948933068495e-01,-8.529717975938171104e-02,9.528126825068219952e-03,7.041620641488788124e+01,8.516485634493096979e-02,9.962750878673259924e-01,1.352392467811172790e-02,5.353285237402375607e+00,-1.064618802417710217e-02,-1.266255977469374523e-02,9.998631497662598955e-01,4.880480662533703828e-01,0.000000000000000000e+00,0.000000000000000000e+00,0.000000000000000000e+00,1.000000000000000056e-01
9.966493659741240130e-01,-8.149937329223352900e-02,6.920509833074623210e-03,7.115576537647612554e+01,8.141415923105418950e-02,9.966103539504984621e-01,1.181258123200812533e-02,5.428463925651388244e+00,-7.859769721630667505e-03,-1.120957410588872306e-02,9.999062803424566548e-01,4.978542029310468742e-01,0.000000000000000000e+00,0.000000000000000000e+00,0.000000000000000000e+00,1.000000000000000056e-01
9.968366733450707562e-01,-7.930172938814035455e-02,5.280377863637485472e-03,7.186572574912753453e+01,7.924415762878327107e-02,9.968015922983394228e-01,1.034161850000371759e-02,5.494013735773571661e+00,-6.083597294133430769e-03,-9.890465486781919655e-03,9.999325819956151884e-01,5.006298665148668503e-01,0.000000000000000000e+00,0.000000000000000000e+00,0.000000000000000000e+00,1.000000000000000056e-01
9.968885200303865268e-01,-7.834133830114725638e-02,8.712826453610541394e-03,7.254148436782013221e+01,7.823041027118576851e-02,9.968579708453684241e-01,1.241728113785856534e-02,5.565600641626153866e+00,-9.658236921275483583e-03,-1.169703702823346632e-02,9.998849422730260450e-01,5.096671399558281301e-01,0.000000000000000000e+00,0.000000000000000000e+00,0.000000000000000000e+00,1.000000000000000056e-01
9.968543864275604127e-01,-7.835286262260297840e-02,1.192313628939887897e-02,7.312970614337072561e+01,7.818614011200526737e-02,9.968424218908343848e-01,1.386049830278791514e-02,5.602755275305593585e+00,-1.297149777465803934e-02,-1.288467452670841520e-02,9.998328487341385795e-01,5.323255658408112545e-01,0.000000000000000000e+00,0.000000000000000000e+00,0.000000000000000000e+00,1.000000000000000056e-01
9.968337051765049361e-01,-7.899762163081232302e-02,9.052071627851134006e-03,7.371459376955114351e+01,7.890679845788843572e-02,9.968319748592213703e-01,9.986543715958882961e-03,5.631556681541769471e+00,-9.812307639230858497e-03,-9.240653382721217279e-03,9.999091603460054101e-01,5.401945410528032898e-01,0.000000000000000000e+00,0.000000000000000000e+00,0.000000000000000000e+00,1.000000000000000056e-01
9.967992391565667631e-01,-7.963419172368371712e-02,7.047859632903844852e-03,7.434094026151520040e+01,7.958863461053561350e-02,9.968064397763688467e-01,6.524634946952222007e-03,5.668510373372345867e+00,-7.544935899011106888e-03,-5.942821625786793953e-03,9.999538773430521887e-01,5.524008444597379164e-01,0.000000000000000000e+00,0.000000000000000000e+00,0.000000000000000000e+00,1.000000000000000056e-01
9.969414098309815619e-01,-7.813086449408608580e-02,1.842112271720116809e-03,7.496151570843119316e+01,7.812066217267508994e-02,9.969309743344846320e-01,5.078833940764598646e-03,5.685732758040574097e+00,-2.233272468293290985e-03,-4.919392838740112815e-03,9.999854059275967710e-01,5.658768580470325826e-01,0.000000000000000000e+00,0.000000000000000000e+00,0.000000000000000000e+00,1.000000000000000056e-01
9.974233342107868827e-01,-7.169421831629962938e-02,2.575156665451730498e-03,7.557295810928836488e+01,7.168475644785765599e-02,9.974208567951823312e-01,3.595848018986768767e-03,5.741687584895400320e+00,-2.826316480542160475e-03,-3.401983242035051206e-03,9.999902191747540581e-01,5.871922342889923652e-01,0.000000000000000000e+00,0.000000000000000000e+00,0.000000000000000000e+00,1.000000000000000056e-01
9.977158966034221921e-01,-6.736317885394593752e-02,5.019143305450123743e-03,7.614422894843272616e+01,6.733086005213373415e-02,9.977104842772557269e-01,6.351759432139472000e-03,5.800115452012533090e+00,-5.435526604602038125e-03,-5.999308121365410848e-03,9.999672311393986712e-01,5.817134874054719074e-01,0.000000000000000000e+00,0.000000000000000000e+00,0.000000000000000000e+00,1.000000000000000056e-01
9.979089479373725036e-01,-6.413163709161170956e-02,8.053865561098130094e-03,7.669319341878967577e+01,6.409738968944708737e-02,9.979337662980281021e-01,4.441026596621056206e-03,5.818548725561906387e+00,-8.322034698653335560e-03,-3.915508419419883208e-03,9.999577053717281228e-01,5.917281785666111960e-01,0.000000000000000000e+00,0.000000000000000000e+00,0.000000000000000000e+00,1.000000000000000056e-01
9.983144164231643192e-01,-5.690396180980110408e-02,1.141337338500240245e-02,7.726152547017404970e+01,5.691106568318167469e-02,9.983792073142127022e-01,-2.983378098276272391e-04,5.810839970041890901e+00,-1.137789806956298125e-02,9.473821788955819187e-04,9.999348208271006122e-01,6.083189158051831580e-01,0.000000000000000000e+00,0.000000000000000000e+00,0.000000000000000000e+00,1.000000000000000056e-01
9.987984656589735666e-01,-4.682104607197507679e-02,1.447116588275145291e-02,7.781190138551446012e+01,4.691174252784954118e-02,9.988810624423971607e-01,-5.992621041641247800e-03,5.826496976004440498e+00,-1.417439276586036911e-02,6.664288309636395499e-03,9.998773294014846602e-01,6.119917333876750964e-01,0.000000000000000000e+00,0.000000000000000000e+00,0.000000000000000000e+00,1.000000000000000056e-01
9.993010602882004267e-01,-3.451415422892947782e-02,1.435841442291491132e-02,7.831548070346016743e+01,3.452181962517324176e-02,9.994039033417354556e-01,-2.862779595132166396e-04,5.862592962054435475e+00,-1.433997477841245094e-02,7.817564612900543188e-04,9.998968716723688477e-01,6.142045185090783121e-01,0.000000000000000000e+00,0.000000000000000000e+00,0.000000000000000000e+00,1.000000000000000056e-01
9.997559831463938007e-01,-1.562532333951324737e-02,1.561484657379970734e-02,7.882765996559876953e+01,1.559264513771280516e-02,9.998759798133161070e-01,2.212331342835323605e-03,5.877005792805970685e+00,-1.564747841017852595e-02,-1.968314735196821045e-03,9.998756333447206268e-01,6.155231698188222689e-01,0.000000000000000000e+00,0.000000000000000000e+00,0.000000000000000000e+00,1.000000000000000056e-01
9.999022652212036233e-01,8.277543815962664026e-04,1.395617527080767785e-02,7.932742072827832658e+01,-9.050412395234084693e-04,9.999842864960870603e-01,5.532419115215175300e-03,5.883033037337736637e+00,-1.395137648622950428e-02,-5.544509319622839029e-03,9.998873024048980929e-01,6.249147381098879572e-01,0.000000000000000000e+00,0.000000000000000000e+00,0.000000000000000000e+00,1.000000000000000056e-01
9.996456270218319062e-01,2.309321327801278773e-02,1.324099228248212454e-02,7.984966086168307697e+01,-2.315534457097864068e-02,9.997214868257319198e-01,4.558376547329671437e-03,5.871129685726680592e+00,-1.313203692988209464e-02,-4.863360920619524790e-03,9.999019438558103268e-01,6.355800961828298457e-01,0.000000000000000000e+00,0.000000000000000000e+00,0.000000000000000000e+00,1.000000000000000056e-01
9.987130999461152348e-01,4.855377608097765502e-02,1.465178570342790670e-02,8.035934313920232341e+01,-4.862940143945453791e-02,9.988051158125024198e-01,4.849942516555931157e-03,5.833143061102809668e+00,-1.439879549341780904e-02,-5.556208694046892854e-03,9.998808945235861945e-01,6.532221318074753480e-01,0.000000000000000000e+00,0.000000000000000000e+00,0.000000000000000000e+00,1.000000000000000056e-01
9.973308468093611268e-01,7.142149874722324154e-02,1.517074550649814141e-02,8.081634072801492152e+01,-7.152054508867429494e-02,9.974205405510923050e-01,6.089081785103206933e-03,5.836776577195828430e+00,-1.469672183656794279e-02,-7.157849081054741026e-03,9.998663768543231134e-01,6.475182597874984403e-01,0.000000000000000000e+00,0.000000000000000000e+00,0.000000000000000000e+00,1.000000000000000056e-01
9.944239671042980344e-01,1.043243571843533862e-01,1.540785989751590826e-02,8.130806118190710663e+01,-1.043486246142472235e-01,9.945404769379881937e-01,7.773500330824509525e-04,5.760325887020152358e+00,-1.524264378856060934e-02,-2.380804492281309286e-03,9.998809897084275367e-01,6.446061305529753316e-01,0.000000000000000000e+00,0.000000000000000000e+00,0.000000000000000000e+00,1.000000000000000056e-01
