1.000000000000000000e+00,-1.409960938990045362e-09,5.579324555502641517e-10,1.686702633112266990e-15,1.409960938945436752e-09,1.000000000000000000e+00,7.995325043666353489e-11,2.750396115887193396e-15,-5.579324556629950140e-10,-7.995324965000055519e-11,1.000000000000000000e+00,-1.462778865742616779e-15,0.000000000000000000e+00,0.000000000000000000e+00,0.000000000000000000e+00,1.000000000000000056e-01
9.999901047493903183e-01,-4.398600890567741853e-03,-6.653671984636115805e-04,6.429373286556452349e-01,4.397072235158826572e-03,9.999877296401485927e-01,-2.281737254805675085e-03,2.011364235343148996e-02,6.753954856896828831e-04,2.278789008809163717e-03,9.999971754768066656e-01,9.648895585740054764e-03,0.000000000000000000e+00,0.000000000000000000e+00,0.000000000000000000e+00,1.000000000000000056e-01
9.999551529127653771e-01,-9.441554630475437054e-03,-7.410866128323427733e-04,1.290494346822165683e+00,9.440198846618050310e-03,9.999537983753143955e-01,-1.812114929393216552e-03,3.868553844167538919e-02,7.581615555293634307e-04,1.805037656329194773e-03,9.999980835132210588e-01,1.392109987445442135e-02,0.000000000000000000e+00,0.000000000000000000e+00,0.000000000000000000e+00,1.000000000000000056e-01
9.998594386548599333e-01,-1.664071037843860637e-02,-2.046873442451897004e-03,1.997483890644379034e+00,1.663664295639624355e-02,9.998596243958358665e-01,-1.988369724004324622e-03,5.099596727602000862e-02,2.079673996058177109e-03,1.954037133442281145e-03,9.999959283391863796e-01,1.617174305772727319e-02,0.000000000000000000e+00,0.000000000000000000e+00,0.000000000000000000e+00,1.000000000000000056e-01
9.997190855164116430e-01,-2.363402373059389494e-02,-1.784089832732997779e-03,2.700724895411949156e+00,2.363402871016868217e-02,9.997206771654975066e-01,-1.829442425895616746e-05,6.153504157962607496e-02,1.784023866560985544e-03,-2.387594523811878913e-05,9.999984083431247006e-01,1.592567474148263301e-02,0.000000000000000000e+00,0.000000000000000000e+00,0.000000000000000000e+00,1.000000000000000056e-01
9.995720019937555101e-01,-2.922115674542423089e-02,-1.391699915549004813e-03,3.410139226245426869e+00,2.922264166436632296e-02,9.995723665684427273e-01,1.058870586396366527e-03,8.418303805851715116e-02,1.360163354760213130e-03,-1.099086539832935501e-03,9.999984709810442185e-01,2.784400598282002481e-02,0.000000000000000000e+00,0.000000000000000000e+00,0.000000000000000000e+00,1.000000000000000056e-01
9.994008721483977897e-01,-3.456026038403870598e-02,-1.866855969068339409e-03,4.146245866030294991e+00,3.456323370463270511e-02,9.994012566875832837e-01,1.584615776176253633e-03,1.063500102463764141e-01,1.810973467708307640e-03,-1.648190967882455938e-03,9.999970019163221258e-01,4.094334167881858583e-02,0.000000000000000000e+00,0.000000000000000000e+00,0.000000000000000000e+00,1.000000000000000056e-01
9.990991958840632625e-01,-4.241319838518847057e-02,-1.384697279839055195e-03,4.913375452785274433e+00,4.241614673033191479e-02,9.990976645231433029e-01,2.174221918635099466e-03,1.482666788347753728e-01,1.291232112790254146e-03,-2.230996893580577869e-03,9.999966776807269753e-01,4.348355440423205126e-02,0.000000000000000000e+00,0.000000000000000000e+00,0.000000000000000000e+00,1.000000000000000056e-01
9.987921138389808107e-01,-4.913198047024926185e-02,6.015215136804013185e-04,5.681371687406941540e+00,4.912968495887909404e-02,9.987867193605506344e-01,3.370947171048065908e-03,1.906123561743312544e-01,-7.664130098478161074e-04,-3.337322888147524046e-03,9.999941374263343619e-01,3.951436645478135362e-02,0.000000000000000000e+00,0.000000000000000000e+00,0.000000000000000000e+00,1.000000000000000056e-01
9.985236426862558190e-01,-5.424634176396998797e-02,2.805245407643810682e-03,6.475213935822401012e+00,5.423566378354750805e-02,9.985211143733146999e-01,3.751922791289376453e-03,2.457984593544518259e-01,-3.004624856539433141e-03,-3.594239265876542078e-03,9.999890267765797480e-01,4.700477412738356120e-02,0.000000000000000000e+00,0.000000000000000000e+00,0.000000000000000000e+00,1.000000000000000056e-01
9.982208654772717349e-01,-5.934912145633546021e-02,5.725863093691277265e-03,7.295539150322854383e+00,5.932309210766451013e-02,9.982281731151377846e-01,4.613582339142597438e-03,2.830593982104545603e-01,-5.989529914117413222e-03,-4.265698251826655074e-03,9.999729643094518172e-01,5.854629951619759465e-02,0.000000000000000000e+00,0.000000000000000000e+00,0.000000000000000000e+00,1.000000000000000056e-01
9.980133470884963165e-01,-6.262251253155555475e-02,6.912304785798792546e-03,8.107103634404067449e+00,6.258878710686903435e-02,9.980269140033113384e-01,4.992259360046378755e-03,3.391698891881264610e-01,-7.211294038356369333e-03,-4.549708700797608710e-03,9.999636480337823485e-01,6.069794179160101916e-02,0.000000000000000000e+00,0.000000000000000000e+00,0.000000000000000000e+00,1.000000000000000056e-01
9.978104074196552098e-01,-6.576407145318806380e-02,7.034042288873777228e-03,8.936452765556046174e+00,6.573262858606314374e-02,9.978266144446336083e-01,4.611837500094887951e-03,3.844593470621622822e-01,-7.322047813854035310e-03,-4.139373365689723305e-03,9.999646259763147471e-01,6.458015039734625595e-02,0.000000000000000000e+00,0.000000000000000000e+00,0.000000000000000000e+00,1.000000000000000056e-01
9.976293132011501141e-01,-6.835925643399540230e-02,7.922468150323007732e-03,9.716550845140613291e+00,6.833901083707702440e-02,9.976582308680572719e-01,2.798924619938518432e-03,4.545071280763826049e-01,-8.095247964793583426e-03,-2.250875609509732887e-03,9.999646996366317042e-01,7.060918171696853318e-02,0.000000000000000000e+00,0.000000000000000000e+00,0.000000000000000000e+00,1.000000000000000056e-01
9.972913923768165212e-01,-7.304317367109409986e-02,8.635593272325927869e-03,1.051789176447635121e+01,7.302309239726235968e-02,9.973268122176577322e-01,2.618703592582096677e-03,5.229781063541056874e-01,-8.803787131203161601e-03,-1.981012826638137592e-03,9.999592836312531929e-01,7.109535020008510287e-02,0.000000000000000000e+00,0.000000000000000000e+00,0.000000000000000000e+00,1.000000000000000056e-01
9.970687263360643593e-01,-7.590173242582180790e-02,9.637529628354278913e-03,1.132812031208267811e+01,7.586863884798462909e-02,9.971107519186598322e-01,3.754736683015931845e-03,5.909805914799013404e-01,-9.894675433410391255e-03,-3.012544267501631769e-03,9.999465085568846057e-01,8.667390984877945681e-02,0.000000000000000000e+00,0.000000000000000000e+00,0.000000000000000000e+00,1.000000000000000056e-01
9.966819319606864402e-01,-8.090330232486997453e-02,8.932086880699621409e-03,1.218520472458081372e+01,8.085646182767178280e-02,9.967106537851760928e-01,5.486821651656348039e-03,6.559031609139488461e-01,-9.346608145414709093e-03,-4.746399062185836445e-03,9.999450547965715863e-01,9.105247493192160368e-02,0.000000000000000000e+00,0.000000000000000000e+00,0.000000000000000000e+00,1.000000000000000056e-01
9.965330604957761684e-01,-8.286098436127990741e-02,7.477740942385146562e-03,1.305887831048501191e+01,8.280205521394086443e-02,9.965349083275519826e-01,7.873762565955195331e-03,7.533510797558850003e-01,-8.104257601359009591e-03,-7.227292389081486391e-03,9.999410418886973684e-01,1.020825493796962274e-01,0.000000000000000000e+00,0.000000000000000000e+00,0.000000000000000000e+00,1.000000000000000056e-01
9.968492082943889443e-01,-7.902923359551430882e-02,6.784995221491699376e-03,1.393764974563197079e+01,7.894601762941622081e-02,9.968094849274826696e-01,1.176337787638771955e-02,8.498950494703249037e-01,-7.692998330035922573e-03,-1.119066557057343987e-02,9.999077891389693828e-01,1.041818998129516033e-01,0.000000000000000000e+00,0.000000000000000000e+00,0.000000000000000000e+00,1.000000000000000056e-01
9.948546408986077560e-01,-1.010676599371357065e-01,7.040710002100754837e-03,1.490459377660015683e+01,1.009991514451219763e-01,9.948412657483409749e-01,9.488275481039481693e-03,9.902805959443663486e-01,-7.963346649964479426e-03,-8.728349160653238806e-03,9.999301980793769973e-01,9.166102440698856157e-02,0.000000000000000000e+00,0.000000000000000000e+00,0.000000000000000000e+00,1.000000000000000056e-01
9.945370571404328341e-01,-1.040177519093230252e-01,8.737806485496870876e-03,1.586823886790833349e+01,1.039421031601959478e-01,9.945452308254206786e-01,8.707642220818830048e-03,1.095075357047845532e+00,-9.595893136266622422e-03,-7.751846885815597693e-03,9.999239109576169016e-01,8.888194969634558018e-02,0.000000000000000000e+00,0.000000000000000000e+00,0.000000000000000000e+00,1.000000000000000056e-01
9.941444756071371458e-01,-1.074809996002053236e-01,1.116227327881435735e-02,1.677790557438362029e+01,1.073767769408030259e-01,9.941725106539196499e-01,9.552320863911258064e-03,1.213438767100794013e+00,-1.212391824515910918e-02,-8.297818088072637932e-03,9.998920725865176884e-01,8.873246822524163968e-02,0.000000000000000000e+00,0.000000000000000000e+00,0.000000000000000000e+00,1.000000000000000056e-01
9.937606486794273719e-01,-1.109525930339232414e-01,1.137080627274410574e-02,1.765763248628983106e+01,1.108572767514383883e-01,9.937982788235429910e-01,8.697424826836568437e-03,1.321678499194066880e+00,-1.226528953994417484e-02,-7.382621919893079913e-03,9.998975245324338568e-01,8.975123164204200366e-02,0.000000000000000000e+00,0.000000000000000000e+00,0.000000000000000000e+00,1.000000000000000056e-01
9.933544582104345544e-01,-1.145801643932064379e-01,1.087686908442638684e-02,1.856985040352133964e+01,1.144960805493341754e-01,9.933909717846344245e-01,8.063790400305524339e-03,1.431912258900857049e+00,-1.172893397945194358e-02,-6.764843265402950903e-03,9.999083302999831613e-01,8.363434664362844051e-02,0.000000000000000000e+00,0.000000000000000000e+00,0.000000000000000000e+00,1.000000000000000056e-01
9.930509463153700533e-01,-1.171803557764736214e-01,1.088954738486230638e-02,1.949397655970674847e+01,1.171090628819880519e-01,9.930945933066421816e-01,6.971092885442226397e-03,1.548758718442038163e+00,-1.163122577593020575e-02,-5.647385697290518286e-03,9.999164073169993783e-01,8.590010390758469339e-02,0.000000000000000000e+00,0.000000000000000000e+00,0.000000000000000000e+00,1.000000000000000056e-01
9.930185643479747526e-01,-1.171832388548345039e-01,1.349886631454041280e-02,2.041523803730936493e+01,1.170974329693772187e-01,9.930958788265642490e-01,6.983312228179130304e-03,1.664898703390383705e+00,-1.422399565063341836e-02,-5.353876089790616383e-03,9.998845003091836325e-01,8.413373056441232622e-02,0.000000000000000000e+00,0.000000000000000000e+00,0.000000000000000000e+00,1.000000000000000056e-01
9.920979517528303315e-01,-1.244459374737832413e-01,1.596442213517449207e-02,2.129348367472595172e+01,1.243600429995601053e-01,9.922173571508493550e-01,6.268642096293916902e-03,1.778683040081998401e+00,-1.662028378176427443e-02,-4.233770760811333619e-03,9.998529098583244235e-01,8.144818376486739897e-02,0.000000000000000000e+00,0.000000000000000000e+00,0.000000000000000000e+00,1.000000000000000056e-01
9.922358211840958120e-01,-1.229363510942177024e-01,1.883424377994047730e-02,2.220863999717653314e+01,1.228425505002058299e-01,9.924076506165236955e-01,6.063232174037770303e-03,1.903586458049032704e+00,-1.943663926010286494e-02,-3.702509612565671893e-03,9.998042350764680952e-01,7.703292430150772419e-02,0.000000000000000000e+00,0.000000000000000000e+00,0.000000000000000000e+00,1.000000000000000056e-01
9.921410013244305048e-01,-1.232725108373752682e-01,2.145044434984074225e-02,2.315324115188529674e+01,1.231655354833857824e-01,9.923664977767421291e-01,6.243793671646814640e-03,2.022751533125858980e+00,-2.205639045826078212e-02,-3.552768240746110966e-03,9.997504155927019465e-01,7.624963166063841724e-02,0.000000000000000000e+00,0.000000000000000000e+00,0.000000000000000000e+00,1.000000000000000056e-01
9.923939968094214192e-01,-1.211865477227388882e-01,2.163274711326185207e-02,2.407067995136488037e+01,1.211266625914919487e-01,9.926287470712311656e-01,4.062277347081044016e-03,2.133512405633201769e+00,-2.196558003033094453e-02,-1.411077192102991014e-03,9.997577317305873512e-01,6.606150265503556163e-02,0.000000000000000000e+00,0.000000000000000000e+00,0.000000000000000000e+00,1.000000000000000056e-01
9.925897107946957121e-01,-1.198573447253655500e-01,1.999707328303878401e-02,2.501872760036491172e+01,1.198076219042930324e-01,9.927903406093151473e-01,3.670603012869352432e-03,2.246446370722483987e+00,-2.029284992652095887e-02,-1.247600987899378806e-03,9.997933005044765675e-01,5.373249761819776094e-02,0.000000000000000000e+00,0.000000000000000000e+00,0.000000000000000000e+00,1.000000000000000056e-01
9.926626012825799927e-01,-1.197928004414541003e-01,1.645129105254322308e-02,2.594177192398658605e+01,1.197610707009764963e-01,9.927984952645877437e-01,2.904091067124492300e-03,2.363437539420867761e+00,-1.668070620379253841e-02,-9.125583621873317210e-04,9.998604509019137776e-01,4.337473584959723738e-02,0.000000000000000000e+00,0.000000000000000000e+00,0.000000000000000000e+00,1.000000000000000056e-01
9.928442377331901936e-01,-1.184817727924376007e-01,1.491271658557685731e-02,2.687823708915090037e+01,1.184508254806459493e-01,9.929555529862050811e-01,2.944781284464092520e-03,2.475128666087095475e+00,-1.515656765082731838e-02,-1.157285539944217893e-03,9.998844628992016315e-01,3.740414485042993509e-02,0.000000000000000000e+00,0.000000000000000000e+00,0.000000000000000000e+00,1.000000000000000056e-01
9.929572498702479155e-01,-1.172551959889955586e-01,1.694458449464889688e-02,2.782901592558328829e+01,1.172680136672075712e-01,9.931002749165399601e-01,2.386026832620613807e-04,2.586004058284482543e+00,-1.685564892437175361e-02,1.750135501920082421e-03,9.998564017523032810e-01,3.167679437392728614e-02,0.000000000000000000e+00,0.000000000000000000e+00,0.000000000000000000e+00,1.000000000000000056e-01
9.929002015367407452e-01,-1.168744518755576722e-01,2.212582850623809674e-02,2.882364301205373280e+01,1.169041526360261318e-01,9.931432004860473173e-01,-4.924209044075461734e-05,2.687017590312332782e+00,-2.196836099376125659e-02,2.635493714414511961e-03,9.997551926787522358e-01,2.480007190008489890e-02,0.000000000000000000e+00,0.000000000000000000e+00,0.000000000000000000e+00,1.000000000000000056e-01
9.926990103796174969e-01,-1.178133681971639118e-01,2.585894555792303540e-02,2.976447993408756432e+01,1.179405372660938672e-01,9.930146881288456351e-01,-3.443665163249965896e-03,2.798906186729952950e+00,-2.527260296671602485e-02,6.468340931873119842e-03,9.996596701402311602e-01,1.216878909099244205e-02,0.000000000000000000e+00,0.000000000000000000e+00,0.000000000000000000e+00,1.000000000000000056e-01
9.926546399835448620e-01,-1.181973834281194180e-01,2.580977082201630496e-02,3.066165837401877425e+01,1.185130328258515719e-01,9.928909220005730507e-01,-1.105794100502200880e-02,2.897253690221154532e+00,-2.431926745519914779e-02,1.403551066395672398e-02,9.996057111035553389e-01,7.445456118918273268e-03,0.000000000000000000e+00,0.000000000000000000e+00,0.000000000000000000e+00,1.000000000000000056e-01
9.925221207596232054e-01,-1.199567596645514378e-01,2.258795284219073871e-02,3.158395347478598580e+01,1.202792002937699556e-01,9.926483374745216359e-01,-1.349785485769329843e-02,2.993403092085935135e+00,-2.080273490460221933e-02,1.611378043319542513e-02,9.996537362010106120e-01,2.713446475302227698e-04,0.000000000000000000e+00,0.000000000000000000e+00,0.000000000000000000e+00,1.000000000000000056e-01
9.925276963456567403e-01,-1.205091188118647128e-01,1.913959952484844615e-02,3.254386830084529691e+01,1.207746881742728373e-01,9.925897565070259665e-01,-1.338095563590590252e-02,3.119806691217673400e+00,-1.738524325946763302e-02,1.559254823660314974e-02,9.997272756888742062e-01,-1.047312103158140432e-02,0.000000000000000000e+00,0.000000000000000000e+00,0.000000000000000000e+00,1.000000000000000056e-01
9.921503293234831267e-01,-1.234453774972014833e-01,1.997405311591443633e-02,3.349703943239831005e+01,1.237282977783384502e-01,9.922228654628407751e-01,-1.360491020125649542e-02,3.243926474825734818e+00,-1.813924894196997095e-02,1.596947172835925730e-02,9.997079291575806659e-01,-2.295513584574887522e-02,0.000000000000000000e+00,0.000000000000000000e+00,0.000000000000000000e+00,1.000000000000000056e-01
9.923952841189193075e-01,-1.212345404092853990e-01,2.130225974583085935e-02,3.446724531114122669e+01,1.215468309549711107e-01,9.924865504890226786e-01,-1.402907634893471762e-02,3.368149485595446802e+00,-1.944139766923096146e-02,1.651161137351246991e-02,9.996746464457908488e-01,-2.577638182063849911e-02,0.000000000000000000e+00,0.000000000000000000e+00,0.000000000000000000e+00,1.000000000000000056e-01
9.920162311397950905e-01,-1.240456037225245722e-01,2.272631409426132190e-02,3.543058995229920072e+01,1.243662120768084800e-01,9.921475391340981442e-01,-1.327802258695139417e-02,3.503837442275886893e+00,-2.090077627417023451e-02,1.599839952206765989e-02,9.996535443661815901e-01,-4.088077635021468426e-02,0.000000000000000000e+00,0.000000000000000000e+00,0.000000000000000000e+00,1.000000000000000056e-01
9.916588010691675947e-01,-1.266657396124321322e-01,2.384560065288182304e-02,3.639932719347324763e+01,1.269747521277906632e-01,9.918343439065592237e-01,-1.191832914175581029e-02,3.630537066871394103e+00,-2.214124170292396457e-02,1.484670521969923968e-02,9.996446072279748796e-01,-4.633527795216001860e-02,0.000000000000000000e+00,0.000000000000000000e+00,0.000000000000000000e+00,1.000000000000000056e-01
9.915559495133642320e-01,-1.273527197982839976e-01,2.445575074763455675e-02,3.739129833318185092e+01,1.276836793685968141e-01,9.917364349199092599e-01,-1.247884911544473382e-02,3.768629786191703079e+00,-2.266444368494470452e-02,1.549607732067810259e-02,9.996230262354521834e-01,-5.383002838526740330e-02,0.000000000000000000e+00,0.000000000000000000e+00,0.000000000000000000e+00,1.000000000000000056e-01
9.914371022380190634e-01,-1.277077008311510442e-01,2.726197818026019140e-02,3.837681197646239184e+01,1.280197919221573166e-01,9.917209959250532503e-01,-1.001993600918297048e-02,3.898152501078636423e+00,-2.575665316160669419e-02,1.342420909557804840e-02,9.995781037157981386e-01,-4.578137780866484846e-02,0.000000000000000000e+00,0.000000000000000000e+00,0.000000000000000000e+00,1.000000000000000056e-01
9.914131889736409464e-01,-1.276891277585019968e-01,2.820240027707991703e-02,3.938577161046265473e+01,1.280054035243956001e-01,9.917260160178343886e-01,-9.701846316595957864e-03,4.034800868426059672e+00,-2.673023377511556109e-02,1.322859802349271238e-02,9.995551504527704356e-01,-6.476834015291521585e-02,0.000000000000000000e+00,0.000000000000000000e+00,0.000000000000000000e+00,1.000000000000000056e-01
9.910483933291857062e-01,-1.308244669708218400e-01,2.660903834113348410e-02,4.039032684472622492e+01,1.311756160397183346e-01,9.912876989110759318e-01,-1.190192186936045275e-02,4.172307882821913338e+00,-2.482014980293135997e-02,1.528583754278184555e-02,9.995750613807727891e-01,-6.957445799404511633e-02,0.000000000000000000e+00,0.000000000000000000e+00,0.000000000000000000e+00,1.000000000000000056e-01
9.911160648764064662e-01,-1.303705038618069023e-01,2.631497039188004927e-02,4.140672425788901734e+01,1.307377742674354637e-01,9.913350210242225513e-01,-1.274795946421492486e-02,4.318480274731520296e+00,-2.442499382812661490e-02,1.607506807832450105e-02,9.995724145167138586e-01,-6.091132771569716248e-02,0.000000000000000000e+00,0.000000000000000000e+00,0.000000000000000000e+00,1.000000000000000056e-01
9.913470453455308640e-01,-1.290024141569731941e-01,2.427782581613869770e-02,4.243294076643587687e+01,1.292201973907964596e-01,9.915866482406062721e-01,-7.619686164393704893e-03,4.464958237491178039e+00,-2.309061001726895809e-02,1.069093880971273836e-02,9.996762113586565857e-01,-6.305500685355362733e-02,0.000000000000000000e+00,0.000000000000000000e+00,0.000000000000000000e+00,1.000000000000000056e-01
9.914488914810510867e-01,-1.282306607329078141e-01,2.420729701963459865e-02,4.347518456751480898e+01,1.284572192674300062e-01,9.916824445038683322e-01,-8.041895355672894208e-03,4.595389501825811074e+00,-2.297473392825960872e-02,1.108273029691151171e-02,9.996746144071537721e-01,-6.724617372691019113e-02,0.000000000000000000e+00,0.000000000000000000e+00,0.000000000000000000e+00,1.000000000000000056e-01
9.916081394544722372e-01,-1.265528838244270315e-01,2.641335577621857500e-02,4.446157455928159408e+01,1.268928041287984421e-01,9.918484923536617925e-01,-1.160967166196302108e-02,4.721254569934324685e+00,-2.472880967556712745e-02,1.486390969729243020e-02,9.995836884226053654e-01,-7.376844437650106889e-02,0.000000000000000000e+00,0.000000000000000000e+00,0.000000000000000000e+00,1.000000000000000056e-01
9.917491064447704341e-01,-1.252447058704233840e-01,2.733996191348048513e-02,4.542865338016599708e+01,1.255898963577568306e-01,9.920180022545861398e-01,-1.128986871791652288e-02,4.860597556321064161e+00,-2.570773811223623848e-02,1.463034019601151120e-02,9.995624369427362765e-01,-7.878114020794774186e-02,0.000000000000000000e+00,0.000000000000000000e+00,0.000000000000000000e+00,1.000000000000000056e-01
9.913131491468613055e-01,-1.291878550047162455e-01,2.467262547466785375e-02,4.633576239420042242e+01,1.294992574536306673e-01,9.915132469494225553e-01,-1.146400640141595831e-02,4.979132124289671779e+00,-2.298222459839570006e-02,1.455950696602844804e-02,9.996298505493996789e-01,-8.331079224555047735e-02,0.000000000000000000e+00,0.000000000000000000e+00,0.000000000000000000e+00,1.000000000000000056e-01
9.917144477023868143e-01,-1.270736554345353042e-01,1.883455103937423797e-02,4.727984688564486504e+01,1.272569468780536117e-01,9.918301172591285075e-01,-8.870623936319025141e-03,5.116383403990196754e+00,-1.755345235633244683e-02,1.119395337887183102e-02,9.997832623714629774e-01,-9.593210901148749303e-02,0.000000000000000000e+00,0.000000000000000000e+00,0.000000000000000000e+00,1.000000000000000056e-01
9.919746338554743526e-01,-1.251045325309768086e-01,1.830796896172215416e-02,4.822146743414570125e+01,1.252760981614453595e-01,9.920851558890553257e-01,-8.540649508836097373e-03,5.243504883560795804e+00,-1.709459027708825490e-02,1.076565858620102435e-02,9.997959169642891553e-01,-9.586004067261943984e-02,0.000000000000000000e+00,0.000000000000000000e+00,0.000000000000000000e+00,1.000000000000000056e-01
9.922248755774636386e-01,-1.231274112462016762e-01,1.815039627929956184e-02,4.918075122762542861e+01,1.233344283481003917e-01,9.923068161203570936e-01,-1.076110891716624586e-02,5.385198298617998702e+00,-1.668577446012542431e-02,1.291600870580971068e-02,9.997773560397220649e-01,-1.028138751612411306e-01,0.000000000000000000e+00,0.000000000000000000e+00,0.000000000000000000e+00,1.000000000000000056e-01
9.926292455025982342e-01,-1.194102820731466896e-01,2.069699273213715038e-02,5.017588464484719424e+01,1.196348657876481203e-01,9.927678855486725684e-01,-9.971174012585437216e-03,5.524189618606727414e+00,-1.935664901045678829e-02,1.237376088460495453e-02,9.997360702608747429e-01,-9.416207547615029760e-02,0.000000000000000000e+00,0.000000000000000000e+00,0.000000000000000000e+00,1.000000000000000056e-01
9.927364927933655103e-01,-1.185178269429136982e-01,2.068285698489938720e-02,5.110785109943341809e+01,1.187417960874092154e-01,9.928752619941891844e-01,-9.954897383011302239e-03,5.651694496429093384e+00,-1.935566424239612907e-02,1.233850950073446355e-02,9.997365250129836012e-01,-9.840616537960858445e-02,0.000000000000000000e+00,0.000000000000000000e+00,0.000000000000000000e+00,1.000000000000000056e-01
9.926556760168766536e-01,-1.192437322416771694e-01,2.038728016565098666e-02,5.204993313268749944e+01,1.195194603265873623e-01,9.927482610458097101e-01,-1.288366383301223217e-02,5.769307159069882118e+00,-1.870314077150825316e-02,1.522571875465848767e-02,9.997091427078603765e-01,-9.867749378899773327e-02,0.000000000000000000e+00,0.000000000000000000e+00,0.000000000000000000e+00,1.000000000000000056e-01
9.928368993086573724e-01,-1.179402896334674489e-01,1.910443541025971803e-02,5.303156837093414566e+01,1.182138618819070786e-01,9.928911101671674677e-01,-1.388258657365529225e-02,5.894436931530018242e+00,-1.733130780225112383e-02,1.604155329709217384e-02,9.997211082785439906e-01,-8.925994275663222399e-02,0.000000000000000000e+00,0.000000000000000000e+00,0.000000000000000000e+00,1.000000000000000056e-01
9.926526872583980587e-01,-1.194263681593895204e-01,1.944183805453758226e-02,5.399554228166004322e+01,1.196969320656594421e-01,9.927200348131312024e-01,-1.340063187631426039e-02,6.024967545571611183e+00,-1.769991335430265086e-02,1.562930161182943950e-02,9.997211801289280775e-01,-9.234143851206165488e-02,0.000000000000000000e+00,0.000000000000000000e+00,0.000000000000000000e+00,1.000000000000000056e-01
9.925043334357332991e-01,-1.200439538049827282e-01,2.290408841577995167e-02,5.493362689138922406e+01,1.204045655505495138e-01,9.926105173502782764e-01,-1.506988520846741508e-02,6.143442845933727803e+00,-2.092579044801219992e-02,1.771468318881632559e-02,9.996240799888954642e-01,-9.074760705646479908e-02,0.000000000000000000e+00,0.000000000000000000e+00,0.000000000000000000e+00,1.000000000000000056e-01
9.922260613463737000e-01,-1.215418678305267425e-01,2.673981206607493194e-02,5.588251323693148720e+01,1.219324278199243744e-01,9.924467342708034323e-01,-1.348935436394927551e-02,6.259026313491056648e+00,-2.489831783476882665e-02,1.664493915531193094e-02,9.995514092679349538e-01,-8.248526672743906885e-02,0.000000000000000000e+00,0.000000000000000000e+00,0.000000000000000000e+00,1.000000000000000056e-01
9.920009061278506346e-01,-1.233192767013025493e-01,2.695474420933689427e-02,5.684377863627413774e+01,1.236572004693475835e-01,9.922612770225848200e-01,-1.124521647603457693e-02,6.385409688666419115e+00,-2.535939694879959724e-02,1.448841314212409408e-02,9.995734024427702646e-01,-9.029913009190766726e-02,0.000000000000000000e+00,0.000000000000000000e+00,0.000000000000000000e+00,1.000000000000000056e-01
9.917356769086073109e-01,-1.259307283714701520e-01,2.453158776878416880e-02,5.773542610978901735e+01,1.262463219924402635e-01,9.919291529592100254e-01,-1.176527488013940845e-02,6.504517240576127790e+00,-2.285198744108807994e-02,1.476506557571462611e-02,9.996298212381107273e-01,-9.566572800260918219e-02,0.000000000000000000e+00,0.000000000000000000e+00,0.000000000000000000e+00,1.000000000000000056e-01
9.914254776989963602e-01,-1.294281169192291747e-01,1.799679749453264588e-02,5.860595574428022303e+01,1.296692089526909619e-01,9.914728605244198523e-01,-1.294075318934679274e-02,6.627937823154726793e+00,-1.616843897536932723e-02,1.516342290733077407e-02,9.997542959081662239e-01,-1.023985244217510693e-01,0.000000000000000000e+00,0.000000000000000000e+00,0.000000000000000000e+00,1.000000000000000056e-01
9.913138755454662387e-01,-1.306697128808035346e-01,1.490725617531029994e-02,5.953570162251469355e+01,1.308813424828908500e-01,9.912959005239331267e-01,-1.423066387491213509e-02,6.738562009975064271e+00,-1.291798517200719483e-02,1.605813625838498765e-02,9.997876084044065026e-01,-1.013615478187205599e-01,0.000000000000000000e+00,0.000000000000000000e+00,0.000000000000000000e+00,1.000000000000000056e-01
9.913503238517915594e-01,-1.303363872148728675e-01,1.539355601291570244e-02,6.043184904827791115e+01,1.305133866447472368e-01,9.913842821466640753e-01,-1.111130141172991456e-02,6.871128066135815615e+00,-1.381272259428850332e-02,1.302425738068456115e-02,9.998197724661255226e-01,-1.051616771827215135e-01,0.000000000000000000e+00,0.000000000000000000e+00,0.000000000000000000e+00,1.000000000000000056e-01
9.911635225541677308e-01,-1.316186718858632920e-01,1.647412422604956767e-02,6.134876970304647159e+01,1.317710123043824288e-01,9.912435117330004042e-01,-8.526474271784966960e-03,6.999704336970802743e+00,-1.520762553103374888e-02,1.062194230028457205e-02,9.998279364308026995e-01,-9.872686111193987313e-02,0.000000000000000000e+00,0.000000000000000000e+00,0.000000000000000000e+00,1.000000000000000056e-01
9.911592213910900284e-01,-1.312239015822129484e-01,1.958789179442088982e-02,6.223344534116233007e+01,1.313791761992268714e-01,9.913084747713120093e-01,-6.857106371319237476e-03,7.122946647877264503e+00,-1.851782688710411004e-02,9.369925299423268600e-03,9.997846241002421586e-01,-9.406425571894644344e-02,0.000000000000000000e+00,0.000000000000000000e+00,0.000000000000000000e+00,1.000000000000000056e-01
9.909959383630724261e-01,-1.323580211917100291e-01,2.020901714850192876e-02,6.304217646971193290e+01,1.324940813827477637e-01,9.911682963035730598e-01,-5.543176094452904185e-03,7.239518637529944733e+00,-1.929685327807137418e-02,8.170840157973065579e-03,9.997804103025210720e-01,-9.468517014075537863e-02,0.000000000000000000e+00,0.000000000000000000e+00,0.000000000000000000e+00,1.000000000000000056e-01
9.906218162797416626e-01,-1.352287471678066122e-01,1.953466278314267696e-02,6.385144118969451199e+01,1.353394386215593659e-01,9.907892804385213248e-01,-4.454000641926207128e-03,7.358169811659346138e+00,-1.875242555582681131e-02,7.056040500348072404e-03,9.997992592656941291e-01,-9.714528540977288018e-02,0.000000000000000000e+00,0.000000000000000000e+00,0.000000000000000000e+00,1.000000000000000056e-01
9.899852498848077387e-01,-1.397328312654922411e-01,2.009828044993611229e-02,6.464269308953933546e+01,1.398460344956100609e-01,9.901637719255693693e-01,-4.334905071807330056e-03,7.474945043013091706e+00,-1.929486062057589324e-02,7.102156901844311997e-03,9.997886115179418498e-01,-9.731892659908751575e-02,0.000000000000000000e+00,0.000000000000000000e+00,0.000000000000000000e+00,1.000000000000000056e-01
9.899004670511725168e-01,-1.405786072730492997e-01,1.829536851337608752e-02,6.543195288142105426e+01,1.407098127803118326e-01,9.900321690143988329e-01,-6.087109656848469982e-03,7.578497723356284688e+00,-1.725728597433737535e-02,8.599970570569962988e-03,9.998140960133464761e-01,-9.591807082208383961e-02,0.000000000000000000e+00,0.000000000000000000e+00,0.000000000000000000e+00,1.000000000000000056e-01
9.898947043233875531e-01,-1.403630087049890784e-01,2.016680787324369797e-02,6.618274664103317662e+01,1.404965521158011432e-01,9.900666691003231490e-01,-5.358132152463821775e-03,7.691825958241439665e+00,-1.921440074748979529e-02,8.137353616161344116e-03,9.997822714371566999e-01,-9.135024753667608799e-02,0.000000000000000000e+00,0.000000000000000000e+00,0.000000000000000000e+00,1.000000000000000056e-01
9.896808024891899924e-01,-1.414705642634493110e-01,2.275936359686359794e-02,6.697261215944317314e+01,1.415901397839565423e-01,9.899183660845659594e-01,-3.723010129291883744e-03,7.817472642787287818e+00,-2.200321568118230459e-02,6.907093125506783352e-03,9.997340399147379708e-01,-9.109327200590687512e-02,0.000000000000000000e+00,0.000000000000000000e+00,0.000000000000000000e+00,1.000000000000000056e-01
9.895917517910102212e-01,-1.418007705406054975e-01,2.450930968612139230e-02,6.771143876721276911e+01,1.418951624736845274e-01,9.898793625784707562e-01,-2.147186020612182247e-03,7.930942654679387083e+00,-2.395678721711936091e-02,5.602590055588821047e-03,9.996972958505503382e-01,-9.558740118949193842e-02,0.000000000000000000e+00,0.000000000000000000e+00,0.000000000000000000e+00,1.000000000000000056e-01
9.893428714600721596e-01,-1.431504887827153016e-01,2.661992209621885305e-02,6.839148608277452013e+01,1.431999794235658263e-01,9.896937726501460197e-01,4.765093374179069433e-05,8.036915353812787544e+00,-2.635239238151590793e-02,3.764829184819609188e-03,9.996456259480055451e-01,-9.544830642652654684e-02,0.000000000000000000e+00,0.000000000000000000e+00,0.000000000000000000e+00,1.000000000000000056e-01
9.894418646308731358e-01,-1.431879883162732736e-01,2.240527879138478826e-02,6.907127837574365969e+01,1.431453757938059290e-01,9.896954749979131050e-01,3.502592968828093824e-03,8.146851272859372273e+00,-2.267593227699745209e-02,-2.584000657624896304e-04,9.997428345953648376e-01,-9.803399922952968359e-02,0.000000000000000000e+00,0.000000000000000000e+00,0.000000000000000000e+00,1.000000000000000056e-01
9.896475447271226855e-01,-1.426134740311920113e-01,1.609764704334518820e-02,6.976238564666240904e+01,1.425908602068080566e-01,9.897784322874894070e-01,2.549816464438213470e-03,8.257521241305850523e+00,-1.629674203821500356e-02,-2.280422643199009509e-04,9.998671732763635411e-01,-1.012248779718589869e-01,0.000000000000000000e+00,0.000000000000000000e+00,0.000000000000000000e+00,1.000000000000000056e-01
9.899399594864384255e-01,-1.411474729182365662e-01,9.811600317190260351e-03,7.049586808148477246e+01,1.411334547905067349e-01,9.899883307060306503e-01,2.110214392656284670e-03,8.362878586386047530e+00,-1.001122124840907179e-02,-7.042405005851685518e-04,9.999496384790749204e-01,-9.927416166420521826e-02,0.000000000000000000e+00,0.000000000000000000e+00,0.000000000000000000e+00,1.000000000000000056e-01
9.898420836917721788e-01,-1.418639989050523298e-01,9.341047446518008224e-03,7.120656374838500824e+01,1.418395466703537833e-01,9.898843808571341496e-01,3.233502039086615099e-03,8.472036333143892151e+00,-9.705274497886058616e-03,-1.875726460750709373e-03,9.999511434551016098e-01,-9.502722633881804937e-02,0.000000000000000000e+00,0.000000000000000000e+00,0.000000000000000000e+00,1.000000000000000056e-01
9.896049366543810955e-01,-1.433220323746561831e-01,1.186863030329867071e-02,7.187215156548616335e+01,1.432712950847748190e-01,9.896706975654064875e-01,5.024578104979624850e-03,8.579665010986094131e+00,-1.246616837724239500e-02,-3.271913262857347859e-03,9.999169411654103001e-01,-8.447164299267008458e-02,0.000000000000000000e+00,0.000000000000000000e+00,0.000000000000000000e+00,1.000000000000000056e-01
9.893404989398121296e-01,-1.450012350706618158e-01,1.341711539438517932e-02,7.248896984225336837e+01,1.449645384431277328e-01,9.894300318632506253e-01,3.673505282118396872e-03,8.670984189283418075e+00,-1.380795971512520544e-02,-1.689341608283818951e-03,9.999032385053245875e-01,-7.561305912084387293e-02,0.000000000000000000e+00,0.000000000000000000e+00,0.000000000000000000e+00,1.000000000000000056e-01
9.895740226396512185e-01,-1.436298697492831566e-01,1.066368756964637676e-02,7.305743834255773095e+01,1.436338495596528597e-01,9.896308204013986032e-01,3.956922159787661813e-04,8.745728696670990843e+00,-1.060994709949517403e-02,1.140099758236422321e-03,9.999430629766312695e-01,-7.310457071168592613e-02,0.000000000000000000e+00,0.000000000000000000e+00,0.000000000000000000e+00,1.000000000000000056e-01
9.898075933532538562e-01,-1.421837835586831356e-01,8.043620650994159210e-03,7.368732136504488039e+01,1.422393832907686562e-01,9.898087874239572814e-01,-6.820716925457518016e-03,8.824904808109184984e+00,-6.991851064014532706e-03,7.895317045753210902e-03,9.999443874473448179e-01,-5.752060041489259062e-02,0.000000000000000000e+00,0.000000000000000000e+00,0.000000000000000000e+00,1.000000000000000056e-01
9.902650230773204498e-01,-1.391382574529148597e-01,3.966028572818908540e-03,7.429000241237302760e+01,1.391734408090516406e-01,9.902100768709326539e-01,-1.071247107959080389e-02,8.908602475181094604e+00,-2.436686898934316281e-03,1.116015126367233407e-02,9.999347546618871929e-01,-4.709817555953541707e-02,0.000000000000000000e+00,0.000000000000000000e+00,0.000000000000000000e+00,1.000000000000000056e-01
9.909801931625504823e-01,-1.339700414478068036e-01,3.206985186605250220e-03,7.486785417980280499e+01,1.339941176304526860e-01,9.909402795710838818e-01,-9.107072197945655437e-03,8.982253372075158282e+00,-1.957855957567982905e-03,9.454645316198580576e-03,9.999533871546184560e-01,-3.743762248057485448e-02,0.000000000000000000e+00,0.000000000000000000e+00,0.000000000000000000e+00,1.000000000000000056e-01
9.917667506270120281e-01,-1.279778580000190957e-01,4.514444867872843305e-03,7.544214095959685551e+01,1.280134784402872095e-01,9.917337267266330691e-01,-8.761541560821225691e-03,9.074815910251814444e+00,-3.355843911185413427e-03,9.267315395022490340e-03,9.999514264088096294e-01,-4.176210967243901978e-02,0.000000000000000000e+00,0.000000000000000000e+00,0.000000000000000000e+00,1.000000000000000056e-01
9.926093406389319140e-01,-1.212126413923789725e-01,5.847430463663764316e-03,7.599513243196787471e+01,1.212655847692074296e-01,9.925721269888756471e-01,-9.758620566532401688e-03,9.126436054168911127e+00,-4.621128317522904191e-03,1.039559000066471277e-02,9.999352863468771169e-01,-3.294152525355010380e-02,0.000000000000000000e+00,0.000000000000000000e+00,0.000000000000000000e+00,1.000000000000000056e-01
9.937717747450289796e-01,-1.110559837585266552e-01,9.177591816007983974e-03,7.656837455300825468e+01,1.111771010788145109e-01,9.937026837806308688e-01,-1.395092982143301442e-02,9.187612622706646803e+00,-7.570463382544878085e-03,1.488437834097725877e-02,9.998605619613047946e-01,-2.055762551011196607e-02,0.000000000000000000e+00,0.000000000000000000e+00,0.000000000000000000e+00,1.000000000000000056e-01
9.947501720962189653e-01,-1.015894607887842110e-01,1.231570425053814602e-02,7.712209855346426934e+01,1.017980606539999749e-01,9.946477164342495403e-01,-1.769392661953135201e-02,9.225588945061893753e+00,-1.045227064456284369e-02,1.885475135812969202e-02,9.997675971892647784e-01,-1.127265583312342390e-02,0.000000000000000000e+00,0.000000000000000000e+00,0.000000000000000000e+00,1.000000000000000056e-01
9.959021946587488516e-01,-8.963024210094691635e-02,1.205148848952228291e-02,7.761194717741091154e+01,8.979192553809395294e-02,9.958674174579891236e-01,-1.361972663883828649e-02,9.271193373208577171e+00,-1.078094532259744540e-02,1.464604200734565681e-02,9.998346186602413699e-01,1.063801154524459704e-03,0.000000000000000000e+00,0.000000000000000000e+00,0.000000000000000000e+00,1.000000000000000056e-01
9.970946133275438994e-01,-7.560673587362226611e-02,9.271114481659827045e-03,7.810455520852973166e+01,7.569286678732392581e-02,9.970876201524819793e-01,-9.320281979437430170e-03,9.311182262819821531e+00,-8.539437376792403250e-03,9.994960189821145563e-03,9.999135856563264868e-01,-2.295047588894056061e-03,0.000000000000000000e+00,0.000000000000000000e+00,0.000000000000000000e+00,1.000000000000000056e-01
9.981612675791335931e-01,-5.981802519189276246e-02,9.792229927819367727e-03,7.860385800044652171e+01,5.985559845394824996e-02,9.982005914913224531e-01,-3.589774379232368168e-03,9.337293950360221473e+00,-9.559876491718190608e-03,4.169293527225968743e-03,9.999456113974134475e-01,2.995113168531208288e-03,0.000000000000000000e+00,0.000000000000000000e+00,0.000000000000000000e+00,1.000000000000000056e-01
9.992913380362640208e-01,-3.590042091805260155e-02,1.131289103632239154e-02,7.909970121347807037e+01,3.595104421958603830e-02,9.993442855790811707e-01,-4.303637990954266475e-03,9.356045396834039352e+00,-1.115097059517341019e-02,4.707298412302573544e-03,9.999267459151410797e-01,1.313848843759380693e-02,0.000000000000000000e+00,0.000000000000000000e+00,0.000000000000000000e+00,1.000000000000000056e-01
9.998769152359292534e-01,-1.072395077438582749e-02,1.145212897547683885e-02,7.960039137624558236e+01,1.082381962670694343e-02,9.999036209325997682e-01,-8.694468043777315441e-03,9.378888230470495913e+00,-1.135778618265549829e-02,8.817353665601771612e-03,9.998966221401914822e-01,1.517580929251540096e-02,0.000000000000000000e+00,0.000000000000000000e+00,0.000000000000000000e+00,1.000000000000000056e-01
9.997761942759091358e-01,1.703308154387684487e-02,1.254733008648256133e-02,8.007971412500877761e+01,-1.694210250618472663e-02,9.998296634747871892e-01,-7.321830274175700030e-03,9.379003889921939674e+00,-1.266990614998539204e-02,7.107613454145394506e-03,9.998944720864982871e-01,2.490217546259435727e-02,0.000000000000000000e+00,0.000000000000000000e+00,0.000000000000000000e+00,1.000000000000000056e-01
9.987197269067242811e-01,4.901766135866542085e-02,1.249703814050257336e-02,8.056972310784648528e+01,-4.891229167124748478e-02,9.987660318628251988e-01,-8.602402016462352627e-03,9.350845183143865924e+00,-1.290328682254218706e-02,7.980129818068169498e-03,9.998849047351709984e-01,2.515085845542058135e-02,0.000000000000000000e+00,0.000000000000000000e+00,0.000000000000000000e+00,1.000000000000000056e-01
