1.000000000000000000e+00,-1.663626586986026096e-12,8.250840024048297630e-13,1.405762464825436488e-19,1.663626586986217139e-12,1.000000000000000000e+00,-2.316831896625202783e-13,3.706604462977915028e-19,-8.250840024044442435e-13,2.316831896638929215e-13,1.000000000000000000e+00,-2.563796183326822214e-19,0.000000000000000000e+00,0.000000000000000000e+00,0.000000000000000000e+00,1.000000000000000056e-01
9.999990314947159176e-01,-6.297844079016478832e-04,-1.241120956952010326e-03,6.468619711110771275e-01,6.264661966639760134e-04,9.999962336033249022e-01,-2.672137584187092574e-03,-4.490995625092364385e-03,1.242799152984453825e-03,2.671357475882220854e-03,9.999956596403313247e-01,-3.715025898353779225e-04,0.000000000000000000e+00,0.000000000000000000e+00,0.000000000000000000e+00,1.000000000000000056e-01
9.999803633458135277e-01,-5.427783404417883990e-03,-3.132425592006298463e-03,1.307175514353600798e+00,5.419030781970966305e-03,9.999814081969654600e-01,-2.795955256779327543e-03,5.313915113282937502e-03,3.147543194108913013e-03,2.778925642867513795e-03,9.999911852332062923e-01,4.362848607116233055e-03,0.000000000000000000e+00,0.000000000000000000e+00,0.000000000000000000e+00,1.000000000000000056e-01
9.999363036997517273e-01,-9.950904576011280339e-03,-5.326165731283274279e-03,2.004906943637583705e+00,9.935604038120677411e-03,9.999464600559412331e-01,-2.891503759219056242e-03,1.418567697057256279e-02,5.354653646657140179e-03,2.838400907380001902e-03,9.999816354136776830e-01,8.817774670136354839e-03,0.000000000000000000e+00,0.000000000000000000e+00,0.000000000000000000e+00,1.000000000000000056e-01
9.998571185586743182e-01,-1.609879492700242928e-02,-5.154732722798887126e-03,2.702843750064264583e+00,1.609137354328028444e-02,9.998694331178866745e-01,-1.477976321414803396e-03,2.265759221590840991e-02,5.177853323124566656e-03,1.394818416269427274e-03,9.999856220549122598e-01,1.665114504406845289e-02,0.000000000000000000e+00,0.000000000000000000e+00,0.000000000000000000e+00,1.000000000000000056e-01
9.997518609980853288e-01,-2.135167300803985160e-02,-6.349999261634935339e-03,3.410883663842006364e+00,2.134214154812205319e-02,9.997710056367687947e-01,-1.565018269516744260e-03,3.076418719036232846e-02,6.381960905939828253e-03,1.429107344373084726e-03,9.999786138849137140e-01,3.034566982712559591e-02,0.000000000000000000e+00,0.000000000000000000e+00,0.000000000000000000e+00,1.000000000000000056e-01
9.996523452702639201e-01,-2.533151969410330981e-02,-7.314554371141821290e-03,4.129948565705706010e+00,2.532896440595599000e-02,9.996790726977622388e-01,-4.417830508047759222e-04,5.368047341933011168e-02,7.323397966992401670e-03,2.563593755255654536e-04,9.999731507006013320e-01,4.089878883084841626e-02,0.000000000000000000e+00,0.000000000000000000e+00,0.000000000000000000e+00,1.000000000000000056e-01
9.994981431106150227e-01,-3.008013848405972218e-02,-9.932129037232227328e-03,4.893414292716239622e+00,3.009469722887972432e-02,9.995461809492669492e-01,1.319601620695769195e-03,8.576052380724717705e-02,9.887927848366473774e-03,-1.617843785744847978e-03,9.999498044723796886e-01,5.569272565980289830e-02,0.000000000000000000e+00,0.000000000000000000e+00,0.000000000000000000e+00,1.000000000000000056e-01
9.993435044554085378e-01,-3.476771285432183473e-02,-1.018657183071069658e-02,5.655656475531868566e+00,3.478825998522603463e-02,9.993929988737616510e-01,1.846826821797026025e-03,1.260881133733304793e-01,1.011617862550505051e-02,-2.199987497421827722e-03,9.999464100565730318e-01,6.016900778662349902e-02,0.000000000000000000e+00,0.000000000000000000e+00,0.000000000000000000e+00,1.000000000000000056e-01
9.992105114219783646e-01,-3.889206238001560040e-02,-8.109337066454027493e-03,6.438747496791560998e+00,3.890880651624385039e-02,9.992409262743230380e-01,1.917298598131019762e-03,1.623277911186016276e-01,8.028613785074596026e-03,-2.231309539680802548e-03,9.999652807064994819e-01,7.107720554405562441e-02,0.000000000000000000e+00,0.000000000000000000e+00,0.000000000000000000e+00,1.000000000000000056e-01
9.991040103326271904e-01,-4.180783120603764891e-02,-6.578889504242149862e-03,7.236618352759305317e+00,4.181757082475646981e-02,9.991243509610148177e-01,1.349847045935075995e-03,2.025364229626953338e-01,6.516694528519747891e-03,-1.623750774721277341e-03,9.999774478086210783e-01,8.612608283164158163e-02,0.000000000000000000e+00,0.000000000000000000e+00,0.000000000000000000e+00,1.000000000000000056e-01
9.991214417205737108e-01,-4.145172475847732491e-02,-6.172455649878982528e-03,8.032327331607531207e+00,4.146405005660621507e-02,9.991382232886907300e-01,1.882369895002256174e-03,2.422149113263728226e-01,6.089108892567050846e-03,-2.136651133384822980e-03,9.999791785206473271e-01,1.003805113709207719e-01,0.000000000000000000e+00,0.000000000000000000e+00,0.000000000000000000e+00,1.000000000000000056e-01
9.990405294899284971e-01,-4.333086661566477871e-02,-6.360537305820183722e-03,8.867529751112135372e+00,4.333111150322030425e-02,9.990607613666820930e-01,-9.936458658620282128e-05,2.887185185108898655e-01,6.358868797101585417e-03,-1.763399020232589225e-04,9.999797666412356678e-01,1.153784855131612247e-01,0.000000000000000000e+00,0.000000000000000000e+00,0.000000000000000000e+00,1.000000000000000056e-01
9.989015728709248476e-01,-4.644624319127586831e-02,-6.196306110033275409e-03,9.642559931480425561e+00,4.644468807020389611e-02,9.989207852241017704e-01,-3.947116990838456176e-04,3.524462641496814985e-01,6.207951840489428670e-03,1.064926325774146810e-04,9.999807248108661950e-01,1.317956810155076486e-01,0.000000000000000000e+00,0.000000000000000000e+00,0.000000000000000000e+00,1.000000000000000056e-01
9.988334374410926531e-01,-4.803305989460677355e-02,-4.958770691612521958e-03,1.042539444205853449e+01,4.803392561049785875e-02,9.988457032509113764e-01,5.556651412086758559e-05,3.588527515763921816e-01,4.950377769022814775e-03,-2.936909148263980003e-04,9.999877036771954719e-01,1.384897858240515534e-01,0.000000000000000000e+00,0.000000000000000000e+00,0.000000000000000000e+00,1.000000000000000056e-01
9.987794997734393831e-01,-4.900691093156040595e-02,-6.150895322178634439e-03,1.122785119147486377e+01,4.899872352601131881e-02,9.987977521930186953e-01,-1.474892197671703008e-03,4.108023235434472564e-01,6.215780332331524022e-03,1.171706072081424820e-03,9.999799953897782201e-01,1.643604731813730069e-01,0.000000000000000000e+00,0.000000000000000000e+00,0.000000000000000000e+00,1.000000000000000056e-01
9.986541102691850469e-01,-5.137414212177113249e-02,-7.117974691891275178e-03,1.209555353792119270e+01,5.136912427261668135e-02,9.986793418664838828e-01,-8.861154501685698836e-04,4.616649143418649071e-01,7.154097701793525090e-03,5.192787099667681800e-04,9.999742742869410783e-01,1.757067199970797078e-01,0.000000000000000000e+00,0.000000000000000000e+00,0.000000000000000000e+00,1.000000000000000056e-01
9.985037741492542862e-01,-5.418096097070848605e-02,-7.391649206069171411e-03,1.299373225784952091e+01,5.418295806578272977e-02,9.985310221261191055e-01,7.005005019774002985e-05,5.327058185145125968e-01,7.376995657898206306e-03,-4.704466584712101900e-04,9.999726789342820998e-01,1.965325967943571395e-01,0.000000000000000000e+00,0.000000000000000000e+00,0.000000000000000000e+00,1.000000000000000056e-01
9.986595305337959694e-01,-5.093716565495744197e-02,-9.194956718634298559e-03,1.388363639807983319e+01,5.096981498368111096e-02,9.986945692095666738e-01,3.351923604044270907e-03,5.833808428951651193e-01,9.012215851135128158e-03,-3.816095695531747031e-03,9.999521075427038053e-01,2.088452617650504717e-01,0.000000000000000000e+00,0.000000000000000000e+00,0.000000000000000000e+00,1.000000000000000056e-01
9.978920996925454423e-01,-6.417149247724715511e-02,-9.663173621829068000e-03,1.481592819944459549e+01,6.423348703451869923e-02,9.979153398458227020e-01,6.247691076109513318e-03,7.114987684987206240e-01,9.242105527926019332e-03,-6.855220903719361041e-03,9.999337925241710279e-01,2.281319749842368183e-01,0.000000000000000000e+00,0.000000000000000000e+00,0.000000000000000000e+00,1.000000000000000056e-01
9.976595153557624718e-01,-6.768542927546690458e-02,-9.704333253803470311e-03,1.577732270148791649e+01,6.772383175614070383e-02,9.976973025788984373e-01,3.684431985512819953e-03,7.741080867218945727e-01,9.432604750070731903e-03,-4.333023261614097656e-03,9.999461239872092788e-01,2.344205581583559683e-01,0.000000000000000000e+00,0.000000000000000000e+00,0.000000000000000000e+00,1.000000000000000056e-01
9.975619517339979758e-01,-6.942294292546040413e-02,-7.113891215430575080e-03,1.670257373015475721e+01,6.944626045723827079e-02,9.975809251203900940e-01,3.084597940117982714e-03,8.583572605387149723e-01,6.882540313150244810e-03,-3.571110683670015735e-03,9.999699384518130341e-01,2.526116156240724719e-01,0.000000000000000000e+00,0.000000000000000000e+00,0.000000000000000000e+00,1.000000000000000056e-01
9.973692175726108777e-01,-7.217727754063334167e-02,-6.714495172413025709e-03,1.758206566839913165e+01,7.220598704527016187e-02,9.973811650192659917e-01,4.136072972022892917e-03,9.376606369014600650e-01,6.398380530747533115e-03,-4.610018615364479440e-03,9.999689037439862815e-01,2.722181082755919523e-01,0.000000000000000000e+00,0.000000000000000000e+00,0.000000000000000000e+00,1.000000000000000056e-01
9.972927998341003519e-01,-7.321938651498156869e-02,-6.781801930960565210e-03,1.849136985282729384e+01,7.325616534857369577e-02,9.972988439501526692e-01,5.343228809576512812e-03,1.007310556893850961e+00,6.372255290199516607e-03,-5.825572423272511006e-03,9.999627278396219232e-01,2.859591990915362203e-01,0.000000000000000000e+00,0.000000000000000000e+00,0.000000000000000000e+00,1.000000000000000056e-01
9.973344180912164791e-01,-7.259191015538478398e-02,-7.380587418847610326e-03,1.940822255338754942e+01,7.262482973570046074e-02,9.973500854958432527e-01,4.294306381081899882e-03,1.078437689648855669e+00,7.049297590202016975e-03,-4.818873460324973879e-03,9.999635422664459039e-01,3.067843174007705009e-01,0.000000000000000000e+00,0.000000000000000000e+00,0.000000000000000000e+00,1.000000000000000056e-01
9.972779349470148880e-01,-7.349734819580239220e-02,-5.904259140864175602e-03,2.033540464020849470e+01,7.349600291884642034e-02,9.972954124607337212e-01,-4.447917805300017876e-04,1.131061468796946690e+00,5.920981571531439870e-03,9.641581317786996133e-06,9.999824707884981123e-01,3.255350862562508274e-01,0.000000000000000000e+00,0.000000000000000000e+00,0.000000000000000000e+00,1.000000000000000056e-01
9.974153048578641156e-01,-7.181900479865424569e-02,-2.177196597657952374e-03,2.125116609283024616e+01,7.181835649297491075e-02,9.974176574242384907e-01,-3.746051153183896257e-04,1.211843156061202409e+00,2.198478096762668862e-03,2.172741938907160847e-04,9.999975597400139193e-01,3.307756715434493899e-01,0.000000000000000000e+00,0.000000000000000000e+00,0.000000000000000000e+00,1.000000000000000056e-01
9.973982441925599574e-01,-7.208815446208265143e-02,-2.011662232140553036e-04,2.221317039468897647e+01,7.208780248833750182e-02,9.973972985704258054e-01,-1.406249202426212118e-03,1.293234005003001341e+00,3.020165573139953577e-04,1.388088854430712376e-03,9.999989909971566115e-01,3.488333930596590471e-01,0.000000000000000000e+00,0.000000000000000000e+00,0.000000000000000000e+00,1.000000000000000056e-01
9.975443787509113980e-01,-7.002833386185947084e-02,1.115741453098502249e-03,2.318525606573461673e+01,7.003073217383898319e-02,9.975422309252481856e-01,-2.279050652117673575e-03,1.359506751984374873e+00,-9.534010983050731627e-04,2.351590357785775590e-03,9.999967805193848980e-01,3.630067139456856773e-01,0.000000000000000000e+00,0.000000000000000000e+00,0.000000000000000000e+00,1.000000000000000056e-01
9.978437166641100919e-01,-6.559429269022917786e-02,2.303449678992303302e-03,2.411530874132838775e+01,6.560291017132793834e-02,9.978382290525216192e-01,-3.889321069297125601e-03,1.423250909883940096e+00,-2.043352883811528319e-03,4.032047593462580702e-03,9.999897835984107308e-01,3.692138046382596461e-01,0.000000000000000000e+00,0.000000000000000000e+00,0.000000000000000000e+00,1.000000000000000056e-01
9.979646181276653483e-01,-6.376888091038825090e-02,-3.883204085726501545e-04,2.507207550517213335e+01,6.376609593656733244e-02,9.979519541894604773e-01,-5.077611490196204044e-03,1.492306067421621973e+00,7.113187130142667241e-04,5.042514935387130276e-03,9.999870334503417890e-01,3.805553185372994585e-01,0.000000000000000000e+00,0.000000000000000000e+00,0.000000000000000000e+00,1.000000000000000056e-01
9.980426339641007560e-01,-6.230138036229070780e-02,-5.425752938827772300e-03,2.602740827216939579e+01,6.228186525930690803e-02,9.980517620453057681e-01,-3.694528127093450656e-03,1.564938434921536281e+00,5.645356483124784781e-03,3.349370569752443526e-03,9.999784556014018611e-01,3.892561290627701842e-01,0.000000000000000000e+00,0.000000000000000000e+00,0.000000000000000000e+00,1.000000000000000056e-01
9.981057873124904445e-01,-6.089013266932532392e-02,-8.788007557206914747e-03,2.698242082892434723e+01,6.084933781238192202e-02,9.981352402330725404e-01,-4.837384899001625875e-03,1.630857943082809181e+00,9.066169042555581245e-03,4.293477422605321801e-03,9.999496840494092043e-01,4.089085331386025923e-01,0.000000000000000000e+00,0.000000000000000000e+00,0.000000000000000000e+00,1.000000000000000056e-01
9.981587008642027747e-01,-6.020434009957536386e-02,-7.392247443203926911e-03,2.795313624836035515e+01,6.014594337570560584e-02,9.981584642839823607e-01,-7.883252735280760204e-03,1.685002944627835619e+00,7.853240384281376732e-03,7.424123612693868217e-03,9.999416027969083576e-01,4.328023160254961255e-01,0.000000000000000000e+00,0.000000000000000000e+00,0.000000000000000000e+00,1.000000000000000056e-01
9.982173147158829307e-01,-5.953129892720624566e-02,-4.268143560337711410e-03,2.896360868554898360e+01,5.948122514269616606e-02,9.981684843552094399e-01,-1.102999073199370343e-02,1.732494792938248374e+00,4.916956064063371899e-03,1.075645332177803219e-02,9.999300586816062264e-01,4.495004760947599598e-01,0.000000000000000000e+00,0.000000000000000000e+00,0.000000000000000000e+00,1.000000000000000056e-01
9.982299654538321354e-01,-5.945968055872500463e-02,-1.217562275769967567e-03,2.992152061316953038e+01,5.943223391256951399e-02,9.981008943789229093e-01,-1.619920405932955346e-02,1.780108912912052643e+00,2.178449495081377640e-03,1.609816846254743736e-02,9.998680429586440654e-01,4.575031914905113850e-01,0.000000000000000000e+00,0.000000000000000000e+00,0.000000000000000000e+00,1.000000000000000056e-01
9.982663433476658410e-01,-5.882204416480528442e-02,-2.067573349066984152e-03,3.085096327816328809e+01,5.876052274211170101e-02,9.980164075521836820e-01,-2.259316763332050795e-02,1.825502437578241821e+00,3.392448430536497243e-03,2.243250714715686392e-02,9.997426038319757735e-01,4.783254375273460757e-01,0.000000000000000000e+00,0.000000000000000000e+00,0.000000000000000000e+00,1.000000000000000056e-01
9.982821533464178998e-01,-5.837163317823006181e-02,-5.049232629343362866e-03,3.180005811519144743e+01,5.822581995183337411e-02,9.979814634969129683e-01,-2.535256214855813317e-02,1.863961251278392739e+00,6.518911026832370156e-03,2.501501462454042840e-02,9.996658205832378297e-01,4.922814802527010203e-01,0.000000000000000000e+00,0.000000000000000000e+00,0.000000000000000000e+00,1.000000000000000056e-01
9.982867290771277879e-01,-5.793994896749421475e-02,-8.158974330972415534e-03,3.278827050861148251e+01,5.770861024553675112e-02,9.979897187316797424e-01,-2.619613729906726529e-02,1.936520152307154685e+00,9.660375355959583549e-03,2.568041314907178185e-02,9.996235258978626304e-01,5.071015416324701208e-01,0.000000000000000000e+00,0.000000000000000000e+00,0.000000000000000000e+00,1.000000000000000056e-01
9.982133366601322333e-01,-5.897194653276237319e-02,-9.614782159912741571e-03,3.376157090896829516e+01,5.869745117402860868e-02,9.979188978760407114e-01,-2.669236758964388390e-02,2.000630774630549613e+00,1.116887369066766125e-02,2.608031410863679428e-02,9.995974557172886410e-01,5.234361267449648691e-01,0.000000000000000000e+00,0.000000000000000000e+00,0.000000000000000000e+00,1.000000000000000056e-01
9.982073670779073593e-01,-5.922183729795333501e-02,-8.650219560601768790e-03,3.472999534861503435e+01,5.895920374238158151e-02,9.978680763419744970e-01,-2.798418324038813576e-02,2.071415840069269709e+00,1.028905269965178608e-02,2.742400781472369153e-02,9.995709375476669045e-01,5.504046767757972969e-01,0.000000000000000000e+00,0.000000000000000000e+00,0.000000000000000000e+00,1.000000000000000056e-01
9.981751198892715449e-01,-5.973775796679134387e-02,-8.822148669086871120e-03,3.571423183869033124e+01,5.949360670220334157e-02,9.978967807431147197e-01,-2.573957544505419553e-02,2.136480118749888302e+00,1.034121828422355366e-02,2.516774236257889735e-02,9.996297534331243240e-01,5.614203659083427667e-01,0.000000000000000000e+00,0.000000000000000000e+00,0.000000000000000000e+00,1.000000000000000056e-01
9.982717047035657432e-01,-5.817493457955667108e-02,-8.323495353587293324e-03,3.670131582150192884e+01,5.795661893603309273e-02,9.980202413769474479e-01,-2.442597231233470390e-02,2.205162079082957138e+00,9.727996183199224059e-03,2.390135537085276429e-02,9.996669902030854704e-01,5.866479745954902292e-01,0.000000000000000000e+00,0.000000000000000000e+00,0.000000000000000000e+00,1.000000000000000056e-01
9.982196168473949083e-01,-5.927692228052977574e-02,-6.621406647238580259e-03,3.771244055929571459e+01,5.909826848968847968e-02,9.979508154805726283e-01,-2.452681273995432898e-02,2.269730187433494972e+00,8.061712135815605682e-03,2.409183194794710381e-02,9.996772441297396838e-01,6.048089305047915643e-01,0.000000000000000000e+00,0.000000000000000000e+00,0.000000000000000000e+00,1.000000000000000056e-01
9.983528229022481382e-01,-5.719632593055808817e-02,-4.496810331516451834e-03,3.870641771670675269e+01,5.707079714114206975e-02,9.980738558201404098e-01,-2.432082321781444539e-02,2.331250779740731360e+00,5.879210558134067774e-03,2.402412596459942151e-02,9.996940913373701942e-01,6.365028528397059793e-01,0.000000000000000000e+00,0.000000000000000000e+00,0.000000000000000000e+00,1.000000000000000056e-01
9.983811957192348929e-01,-5.679522020479772781e-02,-3.048113534530384229e-03,3.972086582861071236e+01,5.672317696986695079e-02,9.981892057379874172e-01,-2.001975880501769001e-02,2.394855714050965201e+00,4.179620637810011613e-03,1.981445205032082713e-02,9.997949381054445084e-01,6.550151220948371433e-01,0.000000000000000000e+00,0.000000000000000000e+00,0.000000000000000000e+00,1.000000000000000056e-01
9.982814544039991800e-01,-5.854194133619015222e-02,-2.641760327180260690e-03,4.073003571590976435e+01,5.846689448996277710e-02,9.980295020890547208e-01,-2.277575923154176799e-02,2.464419204743113490e+00,3.969891904794443926e-03,2.258216252850181113e-02,9.997371083909012413e-01,6.742384294092795827e-01,0.000000000000000000e+00,0.000000000000000000e+00,0.000000000000000000e+00,1.000000000000000056e-01
9.983376502207992331e-01,-5.741314272801000679e-02,-5.066280065908018021e-03,4.174547689948578721e+01,5.729015324496263689e-02,9.981201623873118267e-01,-2.177107661772905225e-02,2.527797726256843625e+00,6.306702211279831272e-03,2.144463751196283921e-02,9.997501453009139949e-01,7.099319928199558927e-01,0.000000000000000000e+00,0.000000000000000000e+00,0.000000000000000000e+00,1.000000000000000056e-01
9.983906066504117938e-01,-5.628473846309170470e-02,-6.944405544334448892e-03,4.277729040756590706e+01,5.615351429679808770e-02,9.982629105540034020e-01,-1.783099112133545994e-02,2.603712111474631552e+00,7.935955162556742118e-03,1.741234126679166994e-02,9.998168987305958710e-01,7.361879111569028522e-01,0.000000000000000000e+00,0.000000000000000000e+00,0.000000000000000000e+00,1.000000000000000056e-01
9.984109833409074986e-01,-5.587233763509083517e-02,-7.334182397011969161e-03,4.383679511933572570e+01,5.572064403595021476e-02,9.982564817265902057e-01,-1.947322569757693744e-02,2.670507151218689312e+00,8.409409757001603397e-03,1.903361705089857969e-02,9.997834781839008977e-01,7.618860437006277353e-01,0.000000000000000000e+00,0.000000000000000000e+00,0.000000000000000000e+00,1.000000000000000056e-01
9.983884624170207278e-01,-5.631810770141539718e-02,-6.982038205926690937e-03,4.484251838681326774e+01,5.615084302358996221e-02,9.981754628482429892e-01,-2.219973412985096553e-02,2.730073162572192125e+00,8.219546235492723729e-03,2.177191109268286281e-02,9.997291748003830358e-01,7.949604055779438960e-01,0.000000000000000000e+00,0.000000000000000000e+00,0.000000000000000000e+00,1.000000000000000056e-01
9.985034551210707487e-01,-5.439878242876548808e-02,-5.623395909207056648e-03,4.582438557819171621e+01,5.425820860894588205e-02,9.982690398954948696e-01,-2.269296773617063973e-02,2.790604569992027884e+00,6.848131849779323654e-03,2.235389130318491541e-02,9.997266659611383499e-01,8.156967600393897344e-01,0.000000000000000000e+00,0.000000000000000000e+00,0.000000000000000000e+00,1.000000000000000056e-01
9.983263633079022537e-01,-5.726846749630099681e-02,-8.049531355519546488e-03,4.673784340092169742e+01,5.709645421089789424e-02,9.981646367500928152e-01,-2.018298437045419266e-02,2.846969862038106314e+00,9.190606125888359235e-03,1.968960568879615444e-02,9.997638982214043235e-01,8.401878164112592806e-01,0.000000000000000000e+00,0.000000000000000000e+00,0.000000000000000000e+00,1.000000000000000056e-01
9.984163848037352906e-01,-5.480953335359881051e-02,-1.267428928975272533e-02,4.769211390860642297e+01,5.456735970133994029e-02,9.983345345729366382e-01,-1.872325650795451935e-02,2.904596294812052282e+00,1.367939365118876240e-02,1.800200357179218558e-02,9.997443683545994553e-01,8.561092312012523742e-01,0.000000000000000000e+00,0.000000000000000000e+00,0.000000000000000000e+00,1.000000000000000056e-01
9.985153449985412211e-01,-5.314934606834988834e-02,-1.192697845017880523e-02,4.865430084461979021e+01,5.289892758420215030e-02,9.983912379258101932e-01,-2.041174890619779775e-02,2.964233911618993744e+00,1.299266188606424538e-02,1.975052013176133853e-02,9.997205147898282629e-01,8.823748000333064834e-01,0.000000000000000000e+00,0.000000000000000000e+00,0.000000000000000000e+00,1.000000000000000056e-01
9.987183748300060282e-01,-4.847346276279369121e-02,-1.455785645950548844e-02,4.961873007519405121e+01,4.817733845559597078e-02,9.986376181896108317e-01,-2.004623645265936338e-02,3.030394422886424799e+00,1.550973359688894403e-02,1.931918591362040416e-02,9.996930615040741097e-01,9.030669635658246097e-01,0.000000000000000000e+00,0.000000000000000000e+00,0.000000000000000000e+00,1.000000000000000056e-01
9.988050804580957953e-01,-4.750854718868848664e-02,-1.146076764955258898e-02,5.062749464795891186e+01,4.723149586340565781e-02,9.986112184577788931e-01,-2.334138318042177501e-02,3.092157136759451141e+00,1.255376635125753440e-02,2.277218290569311965e-02,9.996618581480978261e-01,9.413366594805689935e-01,0.000000000000000000e+00,0.000000000000000000e+00,0.000000000000000000e+00,1.000000000000000056e-01
9.989159313489804903e-01,-4.542590189291288022e-02,-1.017101442405125150e-02,5.157913972485192744e+01,4.518450180594595772e-02,9.987178930505874463e-01,-2.282391064528375979e-02,3.143372746746149637e+00,1.119477082156087114e-02,2.233959573964769407e-02,9.996877610376361245e-01,9.661293988203102368e-01,0.000000000000000000e+00,0.000000000000000000e+00,0.000000000000000000e+00,1.000000000000000056e-01
9.989557242743106746e-01,-4.453173775988744643e-02,-1.021691106313841503e-02,5.253755676511013917e+01,4.424345111239992578e-02,9.986587491837308761e-01,-2.689274460613604728e-02,3.182008017422537360e+00,1.140078827327930915e-02,2.641262976060499562e-02,9.995861118562407999e-01,9.920421468434795775e-01,0.000000000000000000e+00,0.000000000000000000e+00,0.000000000000000000e+00,1.000000000000000056e-01
9.989140114744919918e-01,-4.511772941790729435e-02,-1.162704485718922369e-02,5.352174160066739717e+01,4.475351877766316905e-02,9.985510456986897987e-01,-2.988196263752427445e-02,3.237125922668139477e+00,1.295840410528770713e-02,2.932915999863531381e-02,9.994858078716367666e-01,1.033585681454227245e+00,0.000000000000000000e+00,0.000000000000000000e+00,0.000000000000000000e+00,1.000000000000000056e-01
9.989254322690414023e-01,-4.478138641808959014e-02,-1.194186738255611363e-02,5.448300584909850386e+01,4.441994998899088248e-02,9.985923817329679375e-01,-2.898487860685449932e-02,3.276757082827164158e+00,1.322304084106092070e-02,2.842327523970951744e-02,9.995085135283057198e-01,1.052437412229471292e+00,0.000000000000000000e+00,0.000000000000000000e+00,0.000000000000000000e+00,1.000000000000000056e-01
9.988970908717781372e-01,-4.637056350846464198e-02,-7.373783818782987665e-03,5.542510582243257033e+01,4.611597250659633246e-02,9.984364248252699525e-01,-3.159149667084178853e-02,3.320066921044827257e+00,8.827169856162830897e-03,3.121660490893274700e-02,9.994736638102527104e-01,1.085307163824982712e+00,0.000000000000000000e+00,0.000000000000000000e+00,0.000000000000000000e+00,1.000000000000000056e-01
9.987720438022563707e-01,-4.950838727816856549e-02,-1.823213695274968418e-03,5.636661469950407621e+01,4.942599544670000372e-02,9.982758431916068931e-01,-3.166088871445395941e-02,3.366233106121954144e+00,3.387549729015287489e-03,3.153189637812995466e-02,9.994970055070862003e-01,1.122229049544859913e+00,0.000000000000000000e+00,0.000000000000000000e+00,0.000000000000000000e+00,1.000000000000000056e-01
9.987777024755510880e-01,-4.939930447967942617e-02,-1.676232258229447096e-03,5.732363664030724948e+01,4.933100010540901470e-02,9.983702811119892218e-01,-2.869205850000667093e-02,3.427897328497079066e+00,3.090868204848121192e-03,2.857429805422336336e-02,9.995868926833968438e-01,1.134283659564390367e+00,0.000000000000000000e+00,0.000000000000000000e+00,0.000000000000000000e+00,1.000000000000000056e-01
9.987075164155969631e-01,-5.060212274491713430e-02,-4.766741937470486343e-03,5.822727242594899622e+01,5.044707461346583516e-02,9.983228240470713999e-01,-2.840126140902065818e-02,3.481476080433781650e+00,6.195911388448886031e-03,2.812408505869045186e-02,9.995852372467682878e-01,1.152226187945078806e+00,0.000000000000000000e+00,0.000000000000000000e+00,0.000000000000000000e+00,1.000000000000000056e-01
9.985014736653032852e-01,-5.369132780126238680e-02,-1.058529202030440708e-02,5.914438257901115037e+01,5.337254843845377905e-02,9.981709169521976177e-01,-2.839351376624300524e-02,3.539340422028678379e+00,1.209041609716703797e-02,2.778600132704084000e-02,9.995407745404141231e-01,1.173275745669356551e+00,0.000000000000000000e+00,0.000000000000000000e+00,0.000000000000000000e+00,1.000000000000000056e-01
9.984244968734453662e-01,-5.377027265972840475e-02,-1.604000689232554927e-02,6.008772578500843053e+01,5.333142417262488888e-02,9.982215546094206360e-01,-2.663619921969133039e-02,3.598543471571435504e+00,1.744371631066467948e-02,2.573879739323473373e-02,9.995164986482329983e-01,1.206856420784667261e+00,0.000000000000000000e+00,0.000000000000000000e+00,0.000000000000000000e+00,1.000000000000000056e-01
9.983997417914490802e-01,-5.426569242230987189e-02,-1.591195200769366172e-02,6.100056913676387182e+01,5.388286468502269388e-02,9.982689404853551940e-01,-2.357454889455569066e-02,3.666986896810209728e+00,1.716369669108083404e-02,2.267944197226915912e-02,9.995954433808325046e-01,1.223732641226750406e+00,0.000000000000000000e+00,0.000000000000000000e+00,0.000000000000000000e+00,1.000000000000000056e-01
9.983807403843454331e-01,-5.531605792917792391e-02,-1.326766613923030698e-02,6.191984292926856881e+01,5.502541587718599164e-02,9.982566062403924745e-01,-2.135302566281461686e-02,3.726508947204234090e+00,1.442570057740609306e-02,2.058839072365597697e-02,9.996839587240865521e-01,1.259027559520401907e+00,0.000000000000000000e+00,0.000000000000000000e+00,0.000000000000000000e+00,1.000000000000000056e-01
9.982361427884905991e-01,-5.807380773718680278e-02,-1.233029138587438990e-02,6.280438649348478464e+01,5.780706760708347047e-02,9.981071484759005408e-01,-2.098721267764729753e-02,3.789428393418734053e+00,1.352575932901318480e-02,2.023741624345806733e-02,9.997037065142664325e-01,1.295357842979566909e+00,0.000000000000000000e+00,0.000000000000000000e+00,0.000000000000000000e+00,1.000000000000000056e-01
9.983036958349409407e-01,-5.639327567634543764e-02,-1.447512835139558827e-02,6.363176222317009945e+01,5.608935646941152348e-02,9.982130658766115161e-01,-2.060726095489052306e-02,3.851797523422755720e+00,1.561137319856758209e-02,1.976040413826037068e-02,9.996828554372370057e-01,1.324971525339581291e+00,0.000000000000000000e+00,0.000000000000000000e+00,0.000000000000000000e+00,1.000000000000000056e-01
9.982749564535883247e-01,-5.730880557614104892e-02,-1.275978530471310636e-02,6.445248889349127808e+01,5.707069902759472763e-02,9.982023618358339956e-01,-1.830246261748383688e-02,3.899348734902975622e+00,1.378574009939276084e-02,1.754268020568009942e-02,9.997510728882030850e-01,1.351198117556055234e+00,0.000000000000000000e+00,0.000000000000000000e+00,0.000000000000000000e+00,1.000000000000000056e-01
9.981513869259041050e-01,-5.911590019356732784e-02,-1.411095752237266458e-02,6.526262288994490746e+01,5.885095495611052108e-02,9.980952343468368904e-01,-1.850589838096674752e-02,3.950291913430112434e+00,1.517807229683233554e-02,1.764124480973506062e-02,9.997291696269120509e-01,1.381252236908075304e+00,0.000000000000000000e+00,0.000000000000000000e+00,0.000000000000000000e+00,1.000000000000000056e-01
9.981170588062480142e-01,-6.002349208347997067e-02,-1.263001655063270001e-02,6.606873827848352221e+01,5.978439010343691851e-02,9.980393771382846113e-01,-1.852642386929923002e-02,3.992916850129524242e+00,1.371727450789376329e-02,1.773646186614692699e-02,9.997485955481737463e-01,1.413963801311981516e+00,0.000000000000000000e+00,0.000000000000000000e+00,0.000000000000000000e+00,1.000000000000000056e-01
9.980138865779452084e-01,-6.162705958557863212e-02,-1.305326489502801196e-02,6.681954983812649118e+01,6.138880356055633619e-02,9.979528981447171043e-01,-1.792840991173566198e-02,4.046641532080952786e+00,1.413141871814911285e-02,1.709147774170908726e-02,9.997540619540472573e-01,1.437358341782035254e+00,0.000000000000000000e+00,0.000000000000000000e+00,0.000000000000000000e+00,1.000000000000000056e-01
9.979311403949988613e-01,-6.326967463063645769e-02,-1.141872593902250842e-02,6.760794297170305356e+01,6.306571271134461809e-02,9.978573954883794839e-01,-1.741649073027988492e-02,4.101541841127408716e+00,1.249619582702090649e-02,1.666032836654715577e-02,9.997831157548978664e-01,1.457138001922106740e+00,0.000000000000000000e+00,0.000000000000000000e+00,0.000000000000000000e+00,1.000000000000000056e-01
9.978147026161763300e-01,-6.559933397903254526e-02,-7.908642392915419400e-03,6.835960642484019445e+01,6.547210026591097909e-02,9.977356087877080615e-01,-1.539672185214040895e-02,4.161104789850282870e+00,8.900748831540569034e-03,1.484528000844127088e-02,9.998501859437286532e-01,1.481448836672712321e+00,0.000000000000000000e+00,0.000000000000000000e+00,0.000000000000000000e+00,1.000000000000000056e-01
9.979232482030667706e-01,-6.401594485349738906e-02,-7.151887887437912220e-03,6.905445459283382093e+01,6.392360900057116047e-02,9.978768946233645964e-01,-1.246897707001400415e-02,4.210080930950703682e+00,7.934917024304538949e-03,1.198590761454542894e-02,9.998966822179544689e-01,1.506932800535835337e+00,0.000000000000000000e+00,0.000000000000000000e+00,0.000000000000000000e+00,1.000000000000000056e-01
9.979917871006852570e-01,-6.271560251110433470e-02,-8.896408334242251678e-03,6.971778946332139526e+01,6.262330934079193834e-02,9.979840925896925619e-01,-1.029912933870758690e-02,4.258741496065234777e+00,9.524390100572968990e-03,9.721323963180632938e-03,9.999073866381901210e-01,1.539095569623571302e+00,0.000000000000000000e+00,0.000000000000000000e+00,0.000000000000000000e+00,1.000000000000000056e-01
9.977284826353491898e-01,-6.592347386340573212e-02,-1.385534308288734022e-02,7.040516721445816017e+01,6.579392365067933401e-02,9.977869810297882447e-01,-9.607294005576963100e-03,4.319053555522541998e+00,1.445802714108082414e-02,8.673873485466531905e-03,9.998578545823130215e-01,1.562204772229530247e+00,0.000000000000000000e+00,0.000000000000000000e+00,0.000000000000000000e+00,1.000000000000000056e-01
9.977125152573049771e-01,-6.525209701482791169e-02,-1.766071159691476669e-02,7.114579319123994594e+01,6.507691337868985737e-02,9.978268924531442652e-01,-1.031930435658283927e-02,4.373893835148066955e+00,1.829568922026194797e-02,9.146394506513484332e-03,9.997907837260187058e-01,1.589742751777255769e+00,0.000000000000000000e+00,0.000000000000000000e+00,0.000000000000000000e+00,1.000000000000000056e-01
9.975804416410168907e-01,-6.725585346940791964e-02,-1.760433552893176518e-02,7.185585176493678716e+01,6.707880488192001500e-02,9.976928273865015573e-01,-1.046212775402820608e-02,4.424913137064457658e+00,1.826735861932372168e-02,9.255936237347130863e-03,9.997902936383424866e-01,1.611708212045213973e+00,0.000000000000000000e+00,0.000000000000000000e+00,0.000000000000000000e+00,1.000000000000000056e-01
9.975717171959138652e-01,-6.790558973369069384e-02,-1.547578539898047077e-02,7.253582084413346820e+01,6.777138630482408554e-02,9.976599399782164479e-01,-9.037884762699229663e-03,4.476124220534079434e+00,1.605329402701884470e-02,7.967122791899792361e-03,9.998393954557406316e-01,1.630044927774581875e+00,0.000000000000000000e+00,0.000000000000000000e+00,0.000000000000000000e+00,1.000000000000000056e-01
9.975112721817046557e-01,-6.887755038903421723e-02,-1.507132783941453683e-02,7.317174362468915660e+01,6.873998052463960173e-02,9.975897217702897057e-01,-9.463725257431235272e-03,4.523729100989632990e+00,1.568683995931706432e-02,8.404169838956549593e-03,9.998416339508016115e-01,1.649828196023965354e+00,0.000000000000000000e+00,0.000000000000000000e+00,0.000000000000000000e+00,1.000000000000000056e-01
9.974177212924867364e-01,-6.981451217518382102e-02,-1.684705141692281402e-02,7.375511071689670928e+01,6.964660561682074758e-02,9.975179692960133293e-01,-1.035621830654947714e-02,4.560485648878472631e+00,1.752825084708583073e-02,9.156135718685391722e-03,9.998044436793340761e-01,1.676208816507075428e+00,0.000000000000000000e+00,0.000000000000000000e+00,0.000000000000000000e+00,1.000000000000000056e-01
9.973892167025060207e-01,-6.930609921714167565e-02,-2.028336798623694287e-02,7.439725502565987370e+01,6.896004786451592761e-02,9.974695675905715930e-01,-1.729085102595687845e-02,4.590940499085776949e+00,2.143040373126599285e-02,1.584696633371436569e-02,9.996447426230645750e-01,1.709106942324665201e+00,0.000000000000000000e+00,0.000000000000000000e+00,0.000000000000000000e+00,1.000000000000000056e-01
9.973541193066522981e-01,-6.836937837975910759e-02,-2.470604788341071445e-02,7.502374873609340966e+01,6.787797680459804750e-02,9.974889090376097833e-01,-2.021030954422621886e-02,4.613739129545623818e+00,2.602577505025556459e-02,1.847983893123312724e-02,9.994904474711647779e-01,1.730797970816192688e+00,0.000000000000000000e+00,0.000000000000000000e+00,0.000000000000000000e+00,1.000000000000000056e-01
9.976937983962206324e-01,-6.322634890636985583e-02,-2.468832610144850240e-02,7.561202670511327995e+01,6.273132100216555207e-02,9.978232381107896565e-01,-2.033634311821278309e-02,4.654115202603888335e+00,2.592037821955424717e-02,1.874071210142244301e-02,9.994883289478105892e-01,1.760669276488845414e+00,0.000000000000000000e+00,0.000000000000000000e+00,0.000000000000000000e+00,1.000000000000000056e-01
9.980046448769271938e-01,-5.844631985589765488e-02,-2.389051065549984559e-02,7.618353867562740334e+01,5.807353438502380061e-02,9.981839020505901550e-01,-1.601131759379302577e-02,4.706728402469662953e+00,2.478292573748922673e-02,1.459196293717715878e-02,9.995863550536943087e-01,1.772249872149459282e+00,0.000000000000000000e+00,0.000000000000000000e+00,0.000000000000000000e+00,1.000000000000000056e-01
9.984769773425168360e-01,-5.134808669842776119e-02,-2.017671205528354800e-02,7.672238087729326139e+01,5.098115985977937081e-02,9.985319759910276094e-01,-1.829793056073487217e-02,4.726050685201766299e+00,2.108665588239869160e-02,1.724143021517067498e-02,9.996289741838382259e-01,1.799805186547417168e+00,0.000000000000000000e+00,0.000000000000000000e+00,0.000000000000000000e+00,1.000000000000000056e-01
9.988846257607307821e-01,-4.397732250644383750e-02,-1.719009959276236385e-02,7.728884207838365228e+01,4.358229723817027418e-02,9.987915515807362921e-01,-2.271607048741238963e-02,4.732994128199730532e+00,1.816831820198655176e-02,2.194154953756778312e-02,9.995941579549181277e-01,1.820000039805319547e+00,0.000000000000000000e+00,0.000000000000000000e+00,0.000000000000000000e+00,1.000000000000000056e-01
9.992556814202983029e-01,-3.573390041068681688e-02,-1.453174148870312044e-02,7.784349998917424784e+01,3.536047358722071987e-02,9.990571084471088215e-01,-2.518989815361016155e-02,4.738163330330728229e+00,1.541817294438107416e-02,2.465729958330602906e-02,9.995770593207490284e-01,1.852794388168409689e+00,0.000000000000000000e+00,0.000000000000000000e+00,0.000000000000000000e+00,1.000000000000000056e-01
9.996054357431858328e-01,-2.389683327515997394e-02,-1.476191695189909073e-02,7.833021360730771221e+01,2.358008060838416228e-02,9.994956307198378243e-01,-2.127120049399373533e-02,4.752572588013901367e+00,1.526278582623971647e-02,2.091472044691922508e-02,9.996647547240272713e-01,1.877529271165794267e+00,0.000000000000000000e+00,0.000000000000000000e+00,0.000000000000000000e+00,1.000000000000000056e-01
9.998487249968773805e-01,-9.575728211462125952e-03,-1.452007408172974537e-02,7.883433262302771993e+01,9.291408834885802118e-03,9.997662191058747094e-01,-1.952375108955965721e-02,4.762644338207198125e+00,1.470363369993001393e-02,1.938588568944643598e-02,9.997039514736619781e-01,1.885261590007181853e+00,0.000000000000000000e+00,0.000000000000000000e+00,0.000000000000000000e+00,1.000000000000000056e-01
9.998651593312734009e-01,9.302400679693994395e-03,-1.353249781236314647e-02,7.932731833965353019e+01,-9.471291820109327408e-03,9.998773853045491711e-01,-1.247032428593733422e-02,4.754143403346938079e+00,1.341483457615168587e-02,1.259681301490726477e-02,9.998306669207350783e-01,1.900037625930331320e+00,0.000000000000000000e+00,0.000000000000000000e+00,0.000000000000000000e+00,1.000000000000000056e-01
9.994182227474076585e-01,3.147042243058285893e-02,-1.314642736463807714e-02,7.981792441596424226e+01,-3.165923610029142132e-02,9.993948395734958412e-01,-1.440997582969872834e-02,4.724899797685556457e+00,1.268498364047197964e-02,1.481779828136301283e-02,9.998097439233795125e-01,1.919498389588840892e+00,0.000000000000000000e+00,0.000000000000000000e+00,0.000000000000000000e+00,1.000000000000000056e-01
9.983440165020430745e-01,5.607772578434901817e-02,-1.282627714591452750e-02,8.030468509621769613e+01,-5.629653559722429951e-02,9.982626903215998659e-01,-1.738681085282667294e-02,4.705532502649724336e+00,1.182898111922192977e-02,1.808009354889713455e-02,9.997665654656311407e-01,1.938318682990627595e+00,0.000000000000000000e+00,0.000000000000000000e+00,0.000000000000000000e+00,1.000000000000000056e-01
9.963623942397931144e-01,8.449603960418254622e-02,-1.106339170216230801e-02,8.077378857989872074e+01,-8.468872138210638278e-02,9.962395605302974966e-01,-1.829094051883606992e-02,4.656309363011062352e+00,9.476276452859399776e-03,1.916134978565068453e-02,9.997714953222965883e-01,1.954955328105885792e+00,0.000000000000000000e+00,0.000000000000000000e+00,0.000000000000000000e+00,1.000000000000000056e-01
9.930482395850211974e-01,1.173337365099119678e-01,-9.380199023091043489e-03,8.123918669787997260e+01,-1.174949332241781719e-01,9.928911185496672731e-01,-1.903069551636228651e-02,4.592874879442292446e+00,7.080573686938146719e-03,2.000052453844970712e-02,9.997748969115251017e-01,1.970302067055267559e+00,0.000000000000000000e+00,0.000000000000000000e+00,0.000000000000000000e+00,1.000000000000000056e-01
