1.000000000000000000e+00,5.350125083730110611e-14,3.400810578663883184e-13,-6.728387085080300448e-21,-5.350125083723235531e-14,1.000000000000000000e+00,-2.021686058812008262e-13,-5.700984636992108090e-21,-3.400810578663991227e-13,2.021686058811826509e-13,1.000000000000000000e+00,-1.460001242529675679e-19,0.000000000000000000e+00,0.000000000000000000e+00,0.000000000000000000e+00,1.000000000000000056e-01
9.999921168011282058e-01,-2.573514456303816617e-03,-3.023798760153574919e-03,6.404689973055003316e-01,2.562448421363134644e-03,9.999900269856317747e-01,-3.657839165849328163e-03,1.839812458012397844e-02,3.033182105737240730e-03,3.650062002016267720e-03,9.999887383634351590e-01,1.252841312944867592e-04,0.000000000000000000e+00,0.000000000000000000e+00,0.000000000000000000e+00,1.000000000000000056e-01
9.999682913969972775e-01,-6.617470933898192582e-03,-4.430042777323158452e-03,1.293088263498327173e+00,6.603761773160900413e-03,9.999733833086541512e-01,-3.102096820981042630e-03,2.833658067408606485e-02,4.450452899788885468e-03,3.072743510678115856e-03,9.999853757512178198e-01,8.882278550830296701e-03,0.000000000000000000e+00,0.000000000000000000e+00,0.000000000000000000e+00,1.000000000000000056e-01
9.999376898543287373e-01,-1.002209493920579522e-02,-4.916708433269359295e-03,1.980492470760423229e+00,9.999975900239554266e-03,9.999398604078829633e-01,-4.502893454019858167e-03,5.461408154287464289e-02,4.961541170126939314e-03,4.453445912231598740e-03,9.999777747173803633e-01,9.314329867797406515e-03,0.000000000000000000e+00,0.000000000000000000e+00,0.000000000000000000e+00,1.000000000000000056e-01
9.998014158404734397e-01,-1.947624780686634666e-02,-4.219556226684902794e-03,2.698722239167959724e+00,1.947222206626814112e-02,9.998099051298718898e-01,-9.930619308775880637e-04,4.803655084173847484e-02,4.238095230945329583e-03,9.107005886415740336e-04,9.999906045424883372e-01,1.319227012409761139e-02,0.000000000000000000e+00,0.000000000000000000e+00,0.000000000000000000e+00,1.000000000000000056e-01
9.996637533887844373e-01,-2.561121500800894041e-02,-4.055345418227751172e-03,3.415441721296233357e+00,2.560719463917230515e-02,9.996715408169699613e-01,-1.040222734147142102e-03,7.800729980280327047e-02,4.080654770885237120e-03,9.360269433242421376e-04,9.999912360166973713e-01,1.808429158817001156e-02,0.000000000000000000e+00,0.000000000000000000e+00,0.000000000000000000e+00,1.000000000000000056e-01
9.995334319854203287e-01,-3.000589790056556322e-02,-5.706525617914503905e-03,4.138816389323867639e+00,3.000555438048606305e-02,9.995497213457061880e-01,-1.458219486498129995e-04,8.432509948405562950e-02,5.708331609741423666e-03,-2.547355195922109788e-05,9.999837070179350418e-01,2.506090336339596158e-02,0.000000000000000000e+00,0.000000000000000000e+00,0.000000000000000000e+00,1.000000000000000056e-01
9.994527292812521724e-01,-3.258856618732344085e-02,-5.676908147085581169e-03,4.881638782317332392e+00,3.258584492216218959e-02,9.994687771115189356e-01,-5.712179213226820486e-04,1.105174612943721768e-01,5.692507616578454388e-03,3.859184619620283237e-04,9.999837230795188825e-01,3.970492961266908899e-02,0.000000000000000000e+00,0.000000000000000000e+00,0.000000000000000000e+00,1.000000000000000056e-01
9.992979382185505077e-01,-3.714224288840236449e-02,-4.907592624994052723e-03,5.640315370374979764e+00,3.715112842258196796e-02,9.993081576740056038e-01,1.731953554103392995e-03,1.511810058158532533e-01,4.839868705119403612e-03,-1.913060219562681685e-03,9.999864578440618157e-01,3.880798007729808347e-02,0.000000000000000000e+00,0.000000000000000000e+00,0.000000000000000000e+00,1.000000000000000056e-01
9.991601669255923968e-01,-4.093268548180999111e-02,-1.864427115621158145e-03,6.422884988521327720e+00,4.093559312601184608e-02,9.991605865771667760e-01,1.549014587904915538e-03,2.029533611544334926e-01,1.799456763540964021e-03,-1.624035104039424663e-03,9.999970622283532729e-01,4.889981132041795742e-02,0.000000000000000000e+00,0.000000000000000000e+00,0.000000000000000000e+00,1.000000000000000056e-01
9.990316928573150790e-01,-4.398256337817899042e-02,-1.100356911071979828e-03,7.215415187320112445e+00,4.398178153671730706e-02,9.990320702400570241e-01,-7.249308395765124112e-04,2.266605744972371439e-01,1.131176159467664998e-03,6.758332265914129833e-04,9.999991318445962118e-01,6.019497379894248046e-02,0.000000000000000000e+00,0.000000000000000000e+00,0.000000000000000000e+00,1.000000000000000056e-01
9.989376875786505350e-01,-4.607802508507528871e-02,5.585152438341618340e-04,8.018800047104409856e+00,4.607844016118455011e-02,9.989375395541489899e-01,-7.546004340875417556e-04,2.663021651627029973e-01,-5.231513457480888160e-04,7.795343239153766386e-04,9.999995593193565790e-01,6.175413895725539309e-02,0.000000000000000000e+00,0.000000000000000000e+00,0.000000000000000000e+00,1.000000000000000056e-01
9.988850042839902965e-01,-4.719253566857323223e-02,1.269958165900126820e-03,8.858581565868469454e+00,4.719528276093865049e-02,9.988831973101963690e-01,-2.227872634226300049e-03,3.148889462325769051e-01,-1.163400914448748692e-03,2.285324600517541545e-03,9.999967118894854679e-01,7.649011615869243108e-02,0.000000000000000000e+00,0.000000000000000000e+00,0.000000000000000000e+00,1.000000000000000056e-01
9.986775530326840178e-01,-5.137481467738218982e-02,1.942546142348077192e-03,9.666679162005634041e+00,5.138369620707027713e-02,9.986672660816752201e-01,-4.838121645026376844e-03,3.520012659601266525e-01,-1.691399642316397233e-03,4.931538686576036543e-03,9.999864094543648996e-01,8.253290832003908062e-02,0.000000000000000000e+00,0.000000000000000000e+00,0.000000000000000000e+00,1.000000000000000056e-01
9.986433853251426296e-01,-5.204198653855194451e-02,1.737982583320515050e-03,1.047789475550086991e+01,5.205168434017398010e-02,9.986257613219562401e-01,-6.100080449807174926e-03,4.148653073755437792e-01,-1.418133875779800917e-03,6.182269911966875933e-03,9.999798840151965518e-01,9.278373142453479050e-02,0.000000000000000000e+00,0.000000000000000000e+00,0.000000000000000000e+00,1.000000000000000056e-01
9.985292349869094863e-01,-5.420930088835218541e-02,8.476872379957205335e-04,1.126637463476089351e+01,5.421351343291537506e-02,9.985102746715071032e-01,-6.174652758703857644e-03,4.657734859087565016e-01,-5.117008075689669089e-04,6.211527398922365301e-03,9.999805773562084887e-01,1.078293331465721150e-01,0.000000000000000000e+00,0.000000000000000000e+00,0.000000000000000000e+00,1.000000000000000056e-01
9.984332505317190520e-01,-5.591119057742823667e-02,-2.232263622428825884e-03,1.212547020516643848e+01,5.589829878891670184e-02,9.984214768487946756e-01,-5.471266725059759431e-03,5.138824400790585889e-01,2.534644979185986160e-03,5.337914881885293117e-03,9.999825409673627208e-01,1.015327216595633408e-01,0.000000000000000000e+00,0.000000000000000000e+00,0.000000000000000000e+00,1.000000000000000056e-01
9.982077722455926505e-01,-5.973795973094483264e-02,-3.552407025530723416e-03,1.300892541889420961e+01,5.972193167373685690e-02,9.982050942929517889e-01,-4.458767179025451347e-03,5.886201454723634097e-01,3.812388444077120884e-03,4.238619443080713506e-03,9.999837497677490639e-01,1.327194386179589014e-01,0.000000000000000000e+00,0.000000000000000000e+00,0.000000000000000000e+00,1.000000000000000056e-01
9.984463405783265966e-01,-5.559605687329122886e-02,-3.739444596475410051e-03,1.390609222188848904e+01,5.559546729313211838e-02,9.984533417386770582e-01,-2.615097071587002423e-04,6.502657898129529102e-01,3.748199862149624497e-03,5.320724038048577401e-05,9.999929740587095717e-01,1.361532817739999901e-01,0.000000000000000000e+00,0.000000000000000000e+00,0.000000000000000000e+00,1.000000000000000056e-01
9.977804067026657675e-01,-6.642838844806911447e-02,-4.639957807485863873e-03,1.484788755687711337e+01,6.644134429224782257e-02,9.977866900934586614e-01,2.696078815470991270e-03,7.725313735296772677e-01,4.450591972063904465e-03,-2.998379651191758304e-03,9.999856008716153655e-01,1.556385159858026668e-01,0.000000000000000000e+00,0.000000000000000000e+00,0.000000000000000000e+00,1.000000000000000056e-01
9.974617400798391209e-01,-7.111807003533551774e-02,-3.506735140912036353e-03,1.582848657698202288e+01,7.112595534481677695e-02,9.974649652790330556e-01,2.177502510814166136e-03,8.580894521121461560e-01,3.342985669506388837e-03,-2.421395330503525820e-03,9.999914806094434283e-01,1.660008194218504374e-01,0.000000000000000000e+00,0.000000000000000000e+00,0.000000000000000000e+00,1.000000000000000056e-01
9.973750967367379650e-01,-7.239481381647824842e-02,-1.381065479991560934e-03,1.676986432366860669e+01,7.239758019904662945e-02,9.973737021015476323e-01,2.070926743254872856e-03,9.347476646648398280e-01,1.227514034618331718e-03,-2.165476559736350098e-03,9.999969019554830751e-01,1.821348960684567864e-01,0.000000000000000000e+00,0.000000000000000000e+00,0.000000000000000000e+00,1.000000000000000056e-01
9.974023032164601732e-01,-7.203187372419191103e-02,2.338937419738889233e-04,1.768325254922581635e+01,7.203158898465368554e-02,9.974017915100049647e-01,1.056636635060250818e-03,1.026498874955348972e+00,-3.093975539367506823e-04,-1.037044075584038797e-03,9.999994144061979950e-01,1.879374240052323064e-01,0.000000000000000000e+00,0.000000000000000000e+00,0.000000000000000000e+00,1.000000000000000056e-01
9.971071374720342773e-01,-7.599828882943709951e-02,-1.271415480188283148e-03,1.861684978633355669e+01,7.600074751165941667e-02,9.971057300111831889e-01,2.012350996816948852e-03,1.088156991284735087e+00,1.114800428238356877e-03,-2.103158068917347460e-03,9.999971669690581599e-01,1.872931716245455069e-01,0.000000000000000000e+00,0.000000000000000000e+00,0.000000000000000000e+00,1.000000000000000056e-01
9.970611811992696749e-01,-7.656420849029123288e-02,-2.631144954623383572e-03,1.955348225180532751e+01,7.656506569235967119e-02,9.970645613122687267e-01,2.264744971402608972e-04,1.166872841103995251e+00,2.606081549313772529e-03,-4.272627159270391993e-04,9.999965128866850073e-01,1.965290871311993204e-01,0.000000000000000000e+00,0.000000000000000000e+00,0.000000000000000000e+00,1.000000000000000056e-01
9.968640895356877252e-01,-7.906272059612054481e-02,-3.327642727840280246e-03,2.048080097207168038e+01,7.905294269556098485e-02,9.968659823272421061e-01,-2.974143559906798281e-03,1.237356455177394787e+00,3.552357718012267174e-03,2.701756962119661321e-03,9.999900405823854976e-01,2.116716876637094458e-01,0.000000000000000000e+00,0.000000000000000000e+00,0.000000000000000000e+00,1.000000000000000056e-01
9.969233135747049834e-01,-7.838102087714521327e-02,-5.678181812479155379e-04,2.139953025973909817e+01,7.837263650791415071e-02,9.968825985471776452e-01,-9.100250580347305634e-03,1.312849783831584016e+00,1.279334994750209314e-03,9.027750554998440619e-03,9.999584306469384565e-01,2.278830054565615659e-01,0.000000000000000000e+00,0.000000000000000000e+00,0.000000000000000000e+00,1.000000000000000056e-01
9.970963110596292589e-01,-7.611083046061405122e-02,2.467378745676569209e-03,2.235718431089265579e+01,7.612804084326312004e-02,9.970671019980590355e-01,-7.855922005637075434e-03,1.398701386944959157e+00,-1.862221427600492182e-03,8.020947561719556779e-03,9.999660976911001198e-01,2.535759460916610641e-01,0.000000000000000000e+00,0.000000000000000000e+00,0.000000000000000000e+00,1.000000000000000056e-01
9.973070376237890278e-01,-7.327454168441754900e-02,3.084517304356246530e-03,2.330479715920592909e+01,7.329188024799845880e-02,9.972928217898796577e-01,-5.943727457781204648e-03,1.482218991352897586e+00,-2.640643060955148291e-03,6.153791296256705401e-03,9.999775786770954689e-01,2.629661623899794409e-01,0.000000000000000000e+00,0.000000000000000000e+00,0.000000000000000000e+00,1.000000000000000056e-01
9.973948993254692086e-01,-7.209912117787531383e-02,2.265286938824078410e-03,2.422486884815504382e+01,7.211400852617594337e-02,9.973691283893868498e-01,-7.375060005279591123e-03,1.554375303295325583e+00,-1.727591914712078326e-03,7.519206153105727382e-03,9.999702380396144896e-01,2.753357331130327212e-01,0.000000000000000000e+00,0.000000000000000000e+00,0.000000000000000000e+00,1.000000000000000056e-01
9.974329137913950927e-01,-7.159341042301173297e-02,1.402166042116176695e-03,2.517194694548068767e+01,7.160245355604358264e-02,9.974004295391840635e-01,-8.091464626734483356e-03,1.624487163036086423e+00,-8.192254647468492175e-04,8.171091668392263530e-03,9.999662804967898166e-01,2.793302912267785487e-01,0.000000000000000000e+00,0.000000000000000000e+00,0.000000000000000000e+00,1.000000000000000056e-01
9.972731540153422225e-01,-7.379394915399289934e-02,-8.422283238187187882e-04,2.615308793581086633e+01,7.378176366337096947e-02,9.972234929393795078e-01,-1.007752353039577560e-02,1.746318047721441946e+00,1.583550129931174302e-03,9.987902584683032783e-03,9.999488657781181455e-01,2.882592607298770093e-01,0.000000000000000000e+00,0.000000000000000000e+00,0.000000000000000000e+00,1.000000000000000056e-01
9.976653238667692047e-01,-6.827963026163638705e-02,-1.339270379283642298e-03,2.712439481157713317e+01,6.826312559410130376e-02,9.976182712629010352e-01,-9.895985375132396872e-03,1.827949358779100697e+00,2.011774823023158333e-03,9.781458672156774503e-03,9.999501366709774297e-01,2.972931072989386525e-01,0.000000000000000000e+00,0.000000000000000000e+00,0.000000000000000000e+00,1.000000000000000056e-01
9.977754995004907146e-01,-6.666323767199221206e-02,-2.556161843526501840e-04,2.808142784239329615e+01,6.665492529885931605e-02,9.976987264730604599e-01,-1.242465804104143402e-02,1.878974053351204043e+00,1.083295873577716419e-03,1.237998130534970036e-02,9.999227782848680857e-01,3.124571240802287431e-01,0.000000000000000000e+00,0.000000000000000000e+00,0.000000000000000000e+00,1.000000000000000056e-01
9.978521723618252182e-01,-6.545473690952824386e-02,2.592205410611270883e-03,2.909466936680304983e+01,6.548344052013707617e-02,9.977660174889165789e-01,-1.322472540178631917e-02,1.927930707306839020e+00,-1.720793547184150613e-03,1.336606749988283188e-02,9.999091894312985840e-01,3.184963980901611147e-01,0.000000000000000000e+00,0.000000000000000000e+00,0.000000000000000000e+00,1.000000000000000056e-01
9.981089363728841146e-01,-6.115617697422381233e-02,6.202672850256185991e-03,3.005092908879942115e+01,6.125262662780949635e-02,9.979812486999943832e-01,-1.677924236650823325e-02,1.988657659647862230e+00,-5.163996880716651208e-03,1.712744175576955824e-02,9.998399791342206244e-01,3.305322280762600373e-01,0.000000000000000000e+00,0.000000000000000000e+00,0.000000000000000000e+00,1.000000000000000056e-01
9.982283911147712407e-01,-5.914232459988221641e-02,6.501124005696801156e-03,3.096591187991978344e+01,5.929077376399804339e-02,9.979101561914358598e-01,-2.568899212601654866e-02,2.046280098437958994e+00,-4.968230960984098415e-03,2.602893795194699197e-02,9.996488438797955789e-01,3.557686021385746411e-01,0.000000000000000000e+00,0.000000000000000000e+00,0.000000000000000000e+00,1.000000000000000056e-01
9.984047509456590586e-01,-5.636579830839791305e-02,3.293944473363550653e-03,3.190058808806237067e+01,5.643226953268931645e-02,9.980719018796224695e-01,-2.584332861268556075e-02,2.092287037807884609e+00,-1.830913577015547307e-03,2.598798682950171496e-02,9.996605785445493719e-01,3.553574168969869107e-01,0.000000000000000000e+00,0.000000000000000000e+00,0.000000000000000000e+00,1.000000000000000056e-01
9.983491835744195964e-01,-5.742284263883518786e-02,1.234827747302609090e-03,3.287664083317902453e+01,5.743469180160942072e-02,9.979421376488352147e-01,-2.850870187376742040e-02,2.159927039625568312e+00,4.047640597635506106e-04,2.853256119153662826e-02,9.995927816455594250e-01,3.625113632332805369e-01,0.000000000000000000e+00,0.000000000000000000e+00,0.000000000000000000e+00,1.000000000000000056e-01
9.983219741906781408e-01,-5.790508574471642939e-02,-4.867164717829034273e-04,3.384863018283878944e+01,5.787033785355346488e-02,9.979519896173034699e-01,-2.725528234271286723e-02,2.231365225435583355e+00,2.063939132446506331e-03,2.718138082884047693e-02,9.996283872977472784e-01,3.666164671000150532e-01,0.000000000000000000e+00,0.000000000000000000e+00,0.000000000000000000e+00,1.000000000000000056e-01
9.982122834837838798e-01,-5.968858152940366424e-02,3.083883444227470717e-03,3.484049046946673656e+01,5.975340344407090165e-02,9.977837724433057387e-01,-2.927583005920654166e-02,2.285546744224666860e+00,-1.329616087426824288e-03,2.940776570590117669e-02,9.995666138068272089e-01,3.820840909725606305e-01,0.000000000000000000e+00,0.000000000000000000e+00,0.000000000000000000e+00,1.000000000000000056e-01
9.980582386944485407e-01,-6.227030193762566473e-02,1.470262130399893532e-03,3.581884710756916945e+01,6.228641612036985714e-02,9.976113101990229381e-01,-2.986764352721703319e-02,2.352733880114951326e+00,3.931170503609304973e-04,2.990122505158798738e-02,9.995527810973260374e-01,3.915557306797304848e-01,0.000000000000000000e+00,0.000000000000000000e+00,0.000000000000000000e+00,1.000000000000000056e-01
9.978606023012942527e-01,-6.534376160746849238e-02,2.100284239013235424e-03,3.680864340398753853e+01,6.537711403959284295e-02,9.974508944774052033e-01,-2.859276247721364086e-02,2.405922786112471901e+00,-2.265717378505300878e-04,2.866890170917977751e-02,9.995889368835756406e-01,4.094881715211515782e-01,0.000000000000000000e+00,0.000000000000000000e+00,0.000000000000000000e+00,1.000000000000000056e-01
9.979506238941268093e-01,-6.387844109245825741e-02,3.754601566136774385e-03,3.780233854575191543e+01,6.395673174869274946e-02,9.975878807016719252e-01,-2.698067347514723074e-02,2.477825452876278423e+00,-2.022061658024519766e-03,2.716551197279552798e-02,9.996289042569282968e-01,4.249507713930338326e-01,0.000000000000000000e+00,0.000000000000000000e+00,0.000000000000000000e+00,1.000000000000000056e-01
9.978920528331738371e-01,-6.453206446739979951e-02,6.860287746856007229e-03,3.880918016863441267e+01,6.468997562884544472e-02,9.975655839243710021e-01,-2.604059950861516842e-02,2.534607943296488752e+00,-5.163133305821927116e-03,2.642949914780950982e-02,9.996373460556894353e-01,4.433105566410430742e-01,0.000000000000000000e+00,0.000000000000000000e+00,0.000000000000000000e+00,1.000000000000000056e-01
9.981059541727611562e-01,-6.070107072260227249e-02,9.994211225084420960e-03,3.981586904138949023e+01,6.092358590073981145e-02,9.978607525714304760e-01,-2.371149844639822493e-02,2.606573216018145178e+00,-8.533517790286887159e-03,2.427547096778981048e-02,9.996688854732925789e-01,4.510372837178830419e-01,0.000000000000000000e+00,0.000000000000000000e+00,0.000000000000000000e+00,1.000000000000000056e-01
9.980606666203124533e-01,-6.190975489483849931e-02,6.487526052239915922e-03,4.080756610100671367e+01,6.205058827236632074e-02,9.977748618573277772e-01,-2.439363729835398314e-02,2.663110988867825935e+00,-4.962886304434812115e-03,2.474888471126308193e-02,9.996813804733375441e-01,4.857454065548288402e-01,0.000000000000000000e+00,0.000000000000000000e+00,0.000000000000000000e+00,1.000000000000000056e-01
9.979434066797182590e-01,-6.386137539672304131e-02,5.539115174585219382e-03,4.180320012347596048e+01,6.396621086242793019e-02,9.977216379737584573e-01,-2.144427631942746881e-02,2.719634067274735667e+00,-4.157034084766450359e-03,2.175449037323944762e-02,9.997547005221925076e-01,5.148130263606724988e-01,0.000000000000000000e+00,0.000000000000000000e+00,0.000000000000000000e+00,1.000000000000000056e-01
9.978653497861116328e-01,-6.520824233346901588e-02,3.553706237251801330e-03,4.280560776534736078e+01,6.526755886732681089e-02,9.976580210325238784e-01,-2.046017666023824955e-02,2.775927498051264486e+00,-2.211211374141166652e-03,2.064844307079129887e-02,9.997843529196739354e-01,5.349714434369886584e-01,0.000000000000000000e+00,0.000000000000000000e+00,0.000000000000000000e+00,1.000000000000000056e-01
9.978604094055789631e-01,-6.517901746303356170e-02,5.128257353522285879e-03,4.386146853454766870e+01,6.527524447238317040e-02,9.976332516796133643e-01,-2.161105277934871963e-02,2.862144209289208430e+00,-3.707532872544616782e-03,2.189956222655494930e-02,9.997533012570072319e-01,5.652406223266671637e-01,0.000000000000000000e+00,0.000000000000000000e+00,0.000000000000000000e+00,1.000000000000000056e-01
9.979853331177135356e-01,-6.323364739950945723e-02,5.175009031968495071e-03,4.484473501084566749e+01,6.332198851248618809e-02,9.978084974715194511e-01,-1.919708687414207332e-02,2.927070899832613371e+00,-3.949766164092776213e-03,1.948610300145468127e-02,9.998023260310338056e-01,5.786885679447012487e-01,0.000000000000000000e+00,0.000000000000000000e+00,0.000000000000000000e+00,1.000000000000000056e-01
9.978130846323901570e-01,-6.541050043750011589e-02,9.513914489336156716e-03,4.582050158325446887e+01,6.558830606612241210e-02,9.976510577576053196e-01,-1.976211179271828919e-02,3.020881157906393888e+00,-8.198917231638097602e-03,2.034289526215586966e-02,9.997594432505160222e-01,5.865428396477205819e-01,0.000000000000000000e+00,0.000000000000000000e+00,0.000000000000000000e+00,1.000000000000000056e-01
9.977636644092464646e-01,-6.624219619804880277e-02,8.924204585948523893e-03,4.675640793622824276e+01,6.640086635439734764e-02,9.976150930047336107e-01,-1.884280118618475441e-02,3.094834806646661551e+00,-7.654732654908230106e-03,1.939323727529346231e-02,9.997826300831426094e-01,6.013852753647448424e-01,0.000000000000000000e+00,0.000000000000000000e+00,0.000000000000000000e+00,1.000000000000000056e-01
9.978318483669206262e-01,-6.576019481617152718e-02,2.683125489796234567e-03,4.772649829086977036e+01,6.579862942099483358e-02,9.976624029645538849e-01,-1.844641096014614998e-02,3.130022364164354975e+00,-1.463813845207184846e-03,1.858296232389158517e-02,9.998262502856660738e-01,6.022288691625334867e-01,0.000000000000000000e+00,0.000000000000000000e+00,0.000000000000000000e+00,1.000000000000000056e-01
9.977805181790740940e-01,-6.643603436849826460e-02,4.504539897281117575e-03,4.869079692000531878e+01,6.651382926595586498e-02,9.975817450398155595e-01,-2.016364252052998268e-02,3.197049266196774653e+00,-3.154054323843125378e-03,2.041850388016146212e-02,9.997865455389055578e-01,6.205582849200306228e-01,0.000000000000000000e+00,0.000000000000000000e+00,0.000000000000000000e+00,1.000000000000000056e-01
9.980290120557683275e-01,-6.261655687758153899e-02,4.154262844785949239e-03,4.968341381125264178e+01,6.269000777417242654e-02,9.978146764145305880e-01,-2.087664860651063797e-02,3.264773079773124032e+00,-2.837960581328142790e-03,2.109593175382683261e-02,9.997734281541876822e-01,6.290776056800053695e-01,0.000000000000000000e+00,0.000000000000000000e+00,0.000000000000000000e+00,1.000000000000000056e-01
9.981456455136245021e-01,-6.066904492501711682e-02,4.953516940122770253e-03,5.069573717329820539e+01,6.075353302508460646e-02,9.979681492285159550e-01,-1.919847260540461301e-02,3.358581549162753976e+00,-3.778699135917419193e-03,1.946381548660928648e-02,9.998034213381865598e-01,6.570379963181089966e-01,0.000000000000000000e+00,0.000000000000000000e+00,0.000000000000000000e+00,1.000000000000000056e-01
9.982381432255185150e-01,-5.916700844115425906e-02,4.458084991737399846e-03,5.163351678956340152e+01,5.924013646863748872e-02,9.980704613993025553e-01,-1.860000842367027368e-02,3.431912991900306853e+00,-3.348976089251813008e-03,1.883133543612292710e-02,9.998170658499713204e-01,6.711764951738981022e-01,0.000000000000000000e+00,0.000000000000000000e+00,0.000000000000000000e+00,1.000000000000000056e-01
9.983925641605746470e-01,-5.660601099771124523e-02,2.836784764442468708e-03,5.256501423886904689e+01,5.665017794384426264e-02,9.982095136734375762e-01,-1.919698285590929962e-02,3.518426762439968769e+00,-1.745040917445858436e-03,1.932682929935193236e-02,9.998116965216150565e-01,7.002597878801617437e-01,0.000000000000000000e+00,0.000000000000000000e+00,0.000000000000000000e+00,1.000000000000000056e-01
9.982357110156738766e-01,-5.928774885169650621e-02,3.229255197427301390e-03,5.352227650994622365e+01,5.934522070573843011e-02,9.979881654497175791e-01,-2.231067909531921425e-02,3.589912102110938363e+00,-1.900008531335356911e-03,2.246295747236498261e-02,9.997458704636771332e-01,7.203796362801915265e-01,0.000000000000000000e+00,0.000000000000000000e+00,0.000000000000000000e+00,1.000000000000000056e-01
9.983855092882986115e-01,-5.662566395654841656e-02,4.461953005659647503e-03,5.446926391276348767e+01,5.672246920885530563e-02,9.980552178837305277e-01,-2.585234113014905563e-02,3.641362854453516373e+00,-2.989369497924730928e-03,2.606369575749358306e-02,9.996558144848984861e-01,7.458244879750496326e-01,0.000000000000000000e+00,0.000000000000000000e+00,0.000000000000000000e+00,1.000000000000000056e-01
9.982405537866673173e-01,-5.873414322397556286e-02,8.130018169311584858e-03,5.541217817527007128e+01,5.895447880807808128e-02,9.978033884305286261e-01,-3.021204172219046913e-02,3.686799711579807681e+00,-6.337681291741002407e-03,3.063818624365727966e-02,9.995104478391125813e-01,7.515161104780717638e-01,0.000000000000000000e+00,0.000000000000000000e+00,0.000000000000000000e+00,1.000000000000000056e-01
9.979489313356689761e-01,-6.281748920700390426e-02,1.232450793030866708e-02,5.637099822143733263e+01,6.312860753946332448e-02,9.976474030639836954e-01,-2.672897435027702176e-02,3.739168202556144127e+00,-1.061646627295110244e-02,2.745218041280691676e-02,9.995667403602712664e-01,7.748536753414547729e-01,0.000000000000000000e+00,0.000000000000000000e+00,0.000000000000000000e+00,1.000000000000000056e-01
9.977266456850912846e-01,-6.612819587453129533e-02,1.298469099963201791e-02,5.733677601573526772e+01,6.643167459186404000e-02,9.974894851111721916e-01,-2.452671408014749088e-02,3.834077780290939153e+00,-1.133018538669999624e-02,2.533355093602631530e-02,9.996148448758025440e-01,7.795751673926354375e-01,0.000000000000000000e+00,0.000000000000000000e+00,0.000000000000000000e+00,1.000000000000000056e-01
9.977578927953467680e-01,-6.651536389900949975e-02,7.409030299009901517e-03,5.821185054843286366e+01,6.669633878240138758e-02,9.973892789891403154e-01,-2.768076137944991064e-02,3.898139785255241740e+00,-5.548491471782420435e-03,2.811285333980259940e-02,9.995893565457178997e-01,7.924677327052900289e-01,0.000000000000000000e+00,0.000000000000000000e+00,0.000000000000000000e+00,1.000000000000000056e-01
9.975806285635435700e-01,-6.946714496868031108e-02,2.684266131660769349e-03,5.909956312222469421e+01,6.951345471022882250e-02,9.972444883345574773e-01,-2.590965265293140862e-02,3.958526524652581369e+00,-8.770000080924875759e-04,2.603356019154780265e-02,9.996606847399466256e-01,7.975210684789386661e-01,0.000000000000000000e+00,0.000000000000000000e+00,0.000000000000000000e+00,1.000000000000000056e-01
9.976604273399829470e-01,-6.824604299074689406e-02,-4.018623633500785497e-03,6.006980303373710228e+01,6.812352825604688078e-02,9.973570023495142989e-01,-2.526251694385356697e-02,4.029911264901019585e+00,5.732069238083959892e-03,2.492965062924129907e-02,9.996727744125843973e-01,8.196899526077832121e-01,0.000000000000000000e+00,0.000000000000000000e+00,0.000000000000000000e+00,1.000000000000000056e-01
9.978839339929270746e-01,-6.493070390585706231e-02,-3.414376823019638334e-03,6.096026324108839134e+01,6.483593122247657825e-02,9.976326815349275678e-01,-2.292018228426781490e-02,4.117824092136954661e+00,4.894517475087852010e-03,2.265030736479523715e-02,9.997314675826536323e-01,8.362777383441003520e-01,0.000000000000000000e+00,0.000000000000000000e+00,0.000000000000000000e+00,1.000000000000000056e-01
9.977100753808025857e-01,-6.763293356300799364e-02,-6.259243524120627813e-04,6.184899387222701250e+01,6.760629366203395330e-02,9.975051399399070817e-01,-2.031956817329701528e-02,4.182481047997605117e+00,1.998634763038199466e-03,2.023072146830613358e-02,9.997933403298682187e-01,8.556970527011079630e-01,0.000000000000000000e+00,0.000000000000000000e+00,0.000000000000000000e+00,1.000000000000000056e-01
9.977137283340322682e-01,-6.758150069438782770e-02,-2.388675352418118385e-04,6.272046570046461511e+01,6.756664333518001830e-02,9.975570807929741157e-01,-1.773751020341635121e-02,4.246641110167063360e+00,1.437011559280927751e-03,1.768081795885542706e-02,9.998426494574454981e-01,8.795949836500204233e-01,0.000000000000000000e+00,0.000000000000000000e+00,0.000000000000000000e+00,1.000000000000000056e-01
9.976132864231904707e-01,-6.904579254141715583e-02,6.397532719430194933e-04,6.352624773149720028e+01,6.904712264681131528e-02,9.974831283804382887e-01,-1.612152134788135197e-02,4.310461903636156222e+00,4.749801233484993385e-04,1.612721701663308652e-02,9.998698351611478019e-01,8.991805277854851841e-01,0.000000000000000000e+00,0.000000000000000000e+00,0.000000000000000000e+00,1.000000000000000056e-01
9.973271206631822983e-01,-7.304885918916763365e-02,1.574344577109553379e-03,6.434753904514604983e+01,7.306441772324885620e-02,9.972100140567792259e-01,-1.528982431687438831e-02,4.370355833036658311e+00,-4.530479543191633400e-04,1.536398503121650522e-02,9.998818643777431792e-01,9.198710941449893541e-01,0.000000000000000000e+00,0.000000000000000000e+00,0.000000000000000000e+00,1.000000000000000056e-01
9.972671747168669887e-01,-7.383341830663329997e-02,2.609324317818539386e-03,6.513877040075703917e+01,7.386643511405131812e-02,9.971330601126014992e-01,-1.641371968874433609e-02,4.431541334315069136e+00,-1.389962510105743248e-03,1.656160534600233450e-02,9.998618810778735488e-01,9.308992543912253392e-01,0.000000000000000000e+00,0.000000000000000000e+00,0.000000000000000000e+00,1.000000000000000056e-01
9.969395752479182082e-01,-7.803099004204407108e-02,4.758980726872967526e-03,6.594643985308790946e+01,7.810241734251106849e-02,9.967945005483985765e-01,-1.734174390667841612e-02,4.498033914303818825e+00,-3.390532370669092563e-03,1.766035870323735477e-02,9.998382949360943295e-01,9.497286529476096639e-01,0.000000000000000000e+00,0.000000000000000000e+00,0.000000000000000000e+00,1.000000000000000056e-01
9.967402201119102134e-01,-8.059086822769323533e-02,3.747741929137396975e-03,6.668050179290671053e+01,8.064185380269889292e-02,9.966082480841266245e-01,-1.639790431585682814e-02,4.574023140673400434e+00,-2.413509172339506695e-03,1.664667561390091935e-02,9.998585215741677690e-01,9.680156925987358774e-01,0.000000000000000000e+00,0.000000000000000000e+00,0.000000000000000000e+00,1.000000000000000056e-01
9.966242638480811156e-01,-8.162334060258943924e-02,8.815156161066364446e-03,6.745206344460794412e+01,8.178108364663774776e-02,9.964628766191099274e-01,-1.932847323381017141e-02,4.648692552703163727e+00,-7.206321312011538041e-03,1.998413843131974232e-02,9.997743261078001487e-01,9.729726548947911224e-01,0.000000000000000000e+00,0.000000000000000000e+00,0.000000000000000000e+00,1.000000000000000056e-01
9.963101769858963008e-01,-8.502643348192961970e-02,1.168489810289491219e-02,6.817891140818747431e+01,8.521093063057771921e-02,9.962292710560337605e-01,-1.631982819255294384e-02,4.706905549424923230e+00,-1.025322073316040951e-02,1.725529195657298995e-02,9.997985428895616034e-01,9.935477777109514852e-01,0.000000000000000000e+00,0.000000000000000000e+00,0.000000000000000000e+00,1.000000000000000056e-01
9.961071344454345278e-01,-8.701663649016007362e-02,1.409544894085917356e-02,6.886547306023926751e+01,8.723257488543885441e-02,9.960672865073926241e-01,-1.550608360148038149e-02,4.784333200219152538e+00,-1.269072833848904937e-02,1.667530280801934189e-02,9.997804157366254607e-01,1.008332417721314656e+00,0.000000000000000000e+00,0.000000000000000000e+00,0.000000000000000000e+00,1.000000000000000056e-01
9.960772716365132728e-01,-8.794465164448192485e-02,9.788114031333962003e-03,6.951699481469970010e+01,8.804660431424279898e-02,9.960607680985974488e-01,-1.052338935719882539e-02,4.840675672952704289e+00,-8.824080569149067924e-03,1.134391916238687743e-02,9.998967202167163837e-01,1.029059174650253317e+00,0.000000000000000000e+00,0.000000000000000000e+00,0.000000000000000000e+00,1.000000000000000056e-01
9.962263392007966178e-01,-8.666315121758347284e-02,4.751768472631158133e-03,7.019215196523926181e+01,8.670824417696670894e-02,9.961806293444723792e-01,-1.028757068498149102e-02,4.911844685159731938e+00,-3.842066413630799634e-03,1.066076638376585797e-02,9.999357912315089969e-01,1.035749625020046416e+00,0.000000000000000000e+00,0.000000000000000000e+00,0.000000000000000000e+00,1.000000000000000056e-01
9.960117319774368649e-01,-8.922233055768538645e-02,-7.411586574749217358e-05,7.092433671595077271e+01,8.921721255633968672e-02,9.959628352121703276e-01,-9.915637135970005803e-03,4.977788901960300549e+00,9.585129020196535374e-04,9.869478506509087382e-03,9.999508361149692659e-01,1.060723260035437265e+00,0.000000000000000000e+00,0.000000000000000000e+00,0.000000000000000000e+00,1.000000000000000056e-01
9.959700056349227726e-01,-8.968447835876418306e-02,6.649940512688619007e-04,7.162067537065628642e+01,8.968659684134079602e-02,9.959181535893719683e-01,-1.016590862416568222e-02,5.037187530774588140e+00,2.494445643135601606e-04,1.018458112307244617e-02,9.999481046958171859e-01,1.060454076994739481e+00,0.000000000000000000e+00,0.000000000000000000e+00,0.000000000000000000e+00,1.000000000000000056e-01
9.958778727372634698e-01,-9.060878468400526686e-02,4.160616587763709892e-03,7.229301435708451606e+01,9.064989014373292520e-02,9.958212799978132246e-01,-1.107139198321419049e-02,5.106981681064157286e+00,-3.140065163647715214e-03,1.140291373309471404e-02,9.999300543283833331e-01,1.071982085816690855e+00,0.000000000000000000e+00,0.000000000000000000e+00,0.000000000000000000e+00,1.000000000000000056e-01
9.947839179581279279e-01,-1.017362377076906077e-01,7.395573605943394323e-03,7.289187607277817449e+01,1.018076567312453939e-01,9.947536011514930276e-01,-1.002367333013168792e-02,5.199552040199695746e+00,-6.337002664474607715e-03,1.072431504668533951e-02,9.999224127221121305e-01,1.077428549239817235e+00,0.000000000000000000e+00,0.000000000000000000e+00,0.000000000000000000e+00,1.000000000000000056e-01
9.949512369642351528e-01,-1.002884043141992892e-01,3.777833168644292080e-03,7.345312258071368205e+01,1.003263993851875452e-01,9.948850264904618435e-01,-1.176425312022856898e-02,5.264091394327772733e+00,-2.578691478687159064e-03,1.208387459321979412e-02,9.999236622488104631e-01,1.087197039728963421e+00,0.000000000000000000e+00,0.000000000000000000e+00,0.000000000000000000e+00,1.000000000000000056e-01
9.948903188792488361e-01,-1.009590947130902111e-01,7.173528140229693505e-04,7.407721322355655502e+01,1.009561041729227920e-01,9.947361985165229514e-01,-1.754310095515363224e-02,5.322308137061319222e+00,1.057558779676319926e-03,1.752588244882489696e-02,9.998458506258939282e-01,1.122474377317859817e+00,0.000000000000000000e+00,0.000000000000000000e+00,0.000000000000000000e+00,1.000000000000000056e-01
9.950508336494388040e-01,-9.934499620208095405e-02,-2.100043610333028263e-03,7.470666492453570129e+01,9.928194124298830858e-02,9.948503524343723647e-01,-2.039294986579793037e-02,5.376088437432474443e+00,4.115166652834287460e-03,2.008352535820464788e-02,9.997898366219801769e-01,1.132115814825807698e+00,0.000000000000000000e+00,0.000000000000000000e+00,0.000000000000000000e+00,1.000000000000000056e-01
9.953068089786822892e-01,-9.667461095907090018e-02,-4.286676636416161638e-03,7.528786733115991581e+01,9.656556278936936910e-02,9.951083505750635272e-01,-2.084376882784851406e-02,5.426888444175272497e+00,6.280770959465812979e-03,2.033199969724366549e-02,9.997735552136123305e-01,1.144783502867299241e+00,0.000000000000000000e+00,0.000000000000000000e+00,0.000000000000000000e+00,1.000000000000000056e-01
9.955885963791598625e-01,-9.378818745059898376e-02,-2.668830175505019879e-03,7.584508310015372956e+01,9.371048613013262252e-02,9.953708732655119906e-01,-2.133470046441278758e-02,5.506358444049756606e+00,4.657418708748508641e-03,2.099048711638919554e-02,9.997688272303693058e-01,1.146114944619219145e+00,0.000000000000000000e+00,0.000000000000000000e+00,0.000000000000000000e+00,1.000000000000000056e-01
9.961742810907078249e-01,-8.733271846078188849e-02,3.130172465090268023e-03,7.638962854569022909e+01,8.737986301829026026e-02,9.959454082583090173e-01,-2.138932696685461390e-02,5.540172233491500009e+00,-1.249492823601321308e-03,2.158101145544369728e-02,9.997663220534305228e-01,1.163742549242869240e+00,0.000000000000000000e+00,0.000000000000000000e+00,0.000000000000000000e+00,1.000000000000000056e-01
9.968709228038346026e-01,-7.857867138950748453e-02,8.588112184354797229e-03,7.697991002454524789e+01,7.879072245241698635e-02,9.964968484063987386e-01,-2.803663980474233389e-02,5.559564407923988760e+00,-6.354944819387315334e-03,2.862557455797993047e-02,9.995700031301300026e-01,1.174233189112840137e+00,0.000000000000000000e+00,0.000000000000000000e+00,0.000000000000000000e+00,1.000000000000000056e-01
9.976842808743789925e-01,-6.750675395008427782e-02,8.301437664411394010e-03,7.753488779142747944e+01,6.772556400404235177e-02,9.972605558943326010e-01,-2.974275773463286657e-02,5.602101998775908420e+00,-6.270859311744229544e-03,3.023610140956472722e-02,9.995231135371721587e-01,1.175744065243644165e+00,0.000000000000000000e+00,0.000000000000000000e+00,0.000000000000000000e+00,1.000000000000000056e-01
9.983994222198201429e-01,-5.598015923479475464e-02,8.050806368077700892e-03,7.805204685718047131e+01,5.616589983342151760e-02,9.981066549081314410e-01,-2.506984491380799193e-02,5.640125198233595150e+00,-6.632149503088536485e-03,2.548189946113412277e-02,9.996532835902762759e-01,1.185162315383501141e+00,0.000000000000000000e+00,0.000000000000000000e+00,0.000000000000000000e+00,1.000000000000000056e-01
9.991756694344576806e-01,-3.965647643624105323e-02,8.680177812993112793e-03,7.857170448717816669e+01,3.983720835330797905e-02,9.989695265017142223e-01,-2.174584906495867151e-02,5.668983819927901457e+00,-7.808869368765828170e-03,2.207371734898072244e-02,9.997258487013221950e-01,1.194605120069518467e+00,0.000000000000000000e+00,0.000000000000000000e+00,0.000000000000000000e+00,1.000000000000000056e-01
9.996072861474534221e-01,-2.716008005089190838e-02,6.899531328451963957e-03,7.905223472124691853e+01,2.726819620940930736e-02,9.994986262942558986e-01,-1.609165968383793194e-02,5.699309646331609969e+00,-6.459021319697172067e-03,1.627347804018682009e-02,9.998467157299999464e-01,1.179183513678528250e+00,0.000000000000000000e+00,0.000000000000000000e+00,0.000000000000000000e+00,1.000000000000000056e-01
9.999585547462840340e-01,-5.253900659851433843e-04,9.089155901482598443e-03,7.954926680369825931e+01,6.791576156361594585e-04,9.998565670303947162e-01,-1.692288719831490026e-02,5.712790060635389189e+00,-9.078961100038661358e-03,1.692835879441155836e-02,9.998154845439590765e-01,1.195301509394622874e+00,0.000000000000000000e+00,0.000000000000000000e+00,0.000000000000000000e+00,1.000000000000000056e-01
9.996382700485456629e-01,2.339280811919419029e-02,1.327047786063350644e-02,8.006404333858182554e+01,-2.318684055277877437e-02,9.996114817919827811e-01,-1.546789884943862610e-02,5.711430986315263247e+00,-1.362715962814758409e-02,1.515460319292502751e-02,9.997922976911424175e-01,1.211850422270724925e+00,0.000000000000000000e+00,0.000000000000000000e+00,0.000000000000000000e+00,1.000000000000000056e-01
9.986040382178382746e-01,5.097738461730050991e-02,1.383044151884197867e-02,8.053963996474533360e+01,-5.076014819399054384e-02,9.985885866571443392e-01,-1.562824217277742830e-02,5.682780764500538595e+00,-1.460760796127869021e-02,1.490439048289712506e-02,9.997822147517843039e-01,1.215403353614259219e+00,0.000000000000000000e+00,0.000000000000000000e+00,0.000000000000000000e+00,1.000000000000000056e-01
9.962926312801937412e-01,8.474254511910195298e-02,1.482207487246233954e-02,8.101111582814348822e+01,-8.451912453733287367e-02,9.963074046967469455e-01,-1.510208375937746941e-02,5.616328643516885322e+00,-1.604713196277532394e-02,1.379334597439674237e-02,9.997760915137948734e-01,1.219807788153132400e+00,0.000000000000000000e+00,0.000000000000000000e+00,0.000000000000000000e+00,1.000000000000000056e-01
