1.000000000000000000e+00,3.276118223529069776e-13,-7.260364966790696718e-13,2.801689755207006485e-20,-3.276118223530770181e-13,1.000000000000000000e+00,-2.342355302992644480e-13,-9.716598116096368786e-20,7.260364966789929314e-13,2.342355302995023432e-13,1.000000000000000000e+00,2.543809185446750234e-19,0.000000000000000000e+00,0.000000000000000000e+00,0.000000000000000000e+00,1.000000000000000056e-01
9.999920484270561349e-01,-3.983640500421951371e-03,-1.835511474044715277e-04,6.556251597884718008e-01,3.983086115705420337e-03,9.999877817151540116e-01,-2.927703092915043531e-03,7.032144794884976138e-03,1.952118213384156943e-04,2.926948713043593751e-03,9.999956974225319151e-01,2.039147587852994849e-03,0.000000000000000000e+00,0.000000000000000000e+00,0.000000000000000000e+00,1.000000000000000056e-01
9.999536080465466492e-01,-9.339036423892707606e-03,-2.358845770003988561e-03,1.325919190185920415e+00,9.335753792974740145e-03,9.999554425032184390e-01,-1.398824259703935775e-03,9.434205035562517536e-03,2.371804336453182949e-03,1.376737762169632801e-03,9.999962395615914490e-01,6.225617679264069601e-03,0.000000000000000000e+00,0.000000000000000000e+00,0.000000000000000000e+00,1.000000000000000056e-01
9.998860051284299555e-01,-1.492055465813240701e-02,-2.313827349429431642e-03,2.043405589502999664e+00,1.491884330911859118e-02,9.998884227265255609e-01,-7.551236844717075167e-04,3.314862379814736970e-04,2.324836043090302423e-03,7.205179765737857595e-04,9.999970379912223040e-01,4.949201088338176478e-03,0.000000000000000000e+00,0.000000000000000000e+00,0.000000000000000000e+00,1.000000000000000056e-01
9.997913576178513173e-01,-1.995443296977077174e-02,-4.365986430185025274e-03,2.738281542694984250e+00,1.995567715631767214e-02,9.998008364585058150e-01,2.415907798273735974e-04,8.605948479296996606e-03,4.360296077843293927e-03,-3.286665894212014902e-04,9.999904398524950278e-01,1.027192204888521809e-02,0.000000000000000000e+00,0.000000000000000000e+00,0.000000000000000000e+00,1.000000000000000056e-01
9.996855799117334573e-01,-2.429391269581996499e-02,-6.208632898561927509e-03,3.444250029518826750e+00,2.429358285857347033e-02,9.997048590997198447e-01,-1.285468897689543148e-04,1.027119168607194474e-02,6.209923383976102655e-03,-2.232346571515256170e-05,9.999807179907160837e-01,2.510048617512653998e-02,0.000000000000000000e+00,0.000000000000000000e+00,0.000000000000000000e+00,1.000000000000000056e-01
9.995198883416184232e-01,-2.999452913008232580e-02,-7.766661562297294021e-03,4.165172447182669657e+00,2.999588829124854444e-02,9.995500203881283463e-01,5.854665697188740549e-05,4.501475431295352825e-02,7.761410643533940383e-03,-2.914864606579194509e-04,9.999698373153390607e-01,4.345505694353355569e-02,0.000000000000000000e+00,0.000000000000000000e+00,0.000000000000000000e+00,1.000000000000000056e-01
9.993681282578950054e-01,-3.449337971329842489e-02,-8.576186697233085035e-03,4.933997948443643367e+00,3.452282674523884931e-02,9.993984297491784741e-01,3.309539000298504941e-03,7.327847204947980642e-02,8.456870333037271384e-03,-3.603522003608221422e-03,9.999577470940158586e-01,5.547294500523965166e-02,0.000000000000000000e+00,0.000000000000000000e+00,0.000000000000000000e+00,1.000000000000000056e-01
9.992711613969911255e-01,-3.751790670580087278e-02,-7.039366216021867087e-03,5.704675815620534607e+00,3.754620024152204721e-02,9.992871604625515047e-01,3.931129877583678690e-03,1.089953651023558706e-01,6.886860513468935630e-03,-4.192566171895616665e-03,9.999674962423340530e-01,6.073285029252891570e-02,0.000000000000000000e+00,0.000000000000000000e+00,0.000000000000000000e+00,1.000000000000000056e-01
9.990777825403625023e-01,-4.261726530687180714e-02,-5.230022179291367312e-03,6.498389254575300811e+00,4.263837469616746367e-02,9.990825904796485357e-01,3.993294848125694338e-03,1.632901796874969835e-01,5.055040801161298988e-03,-4.212611807245164597e-03,9.999783499977686896e-01,7.188617978350723969e-02,0.000000000000000000e+00,0.000000000000000000e+00,0.000000000000000000e+00,1.000000000000000056e-01
9.988440354964330803e-01,-4.794597351650140005e-02,-3.431672588588724395e-03,7.323919526438363192e+00,4.795523901663376054e-02,9.988459154972957332e-01,2.670607651207536001e-03,1.979276238122184561e-01,3.299667264718116836e-03,-2.832087202772388783e-03,9.999905456943171123e-01,9.222774866558783313e-02,0.000000000000000000e+00,0.000000000000000000e+00,0.000000000000000000e+00,1.000000000000000056e-01
9.987651709626746976e-01,-4.959448818735848197e-02,-2.918906187806710479e-03,8.140522661120300540e+00,4.960366658386999861e-02,9.987639788110035388e-01,3.160837080515242585e-03,2.445858696107940655e-01,2.758538260658110596e-03,-3.301722436435526598e-03,9.999907445049764920e-01,1.072152952005358123e-01,0.000000000000000000e+00,0.000000000000000000e+00,0.000000000000000000e+00,1.000000000000000056e-01
9.986093613232671640e-01,-5.258969501842324090e-02,-3.696952177899404286e-03,8.987906559677272256e+00,5.260183560201418806e-02,9.986102205530641429e-01,3.267154459036778185e-03,2.950648412685163424e-01,3.519995573167429039e-03,-3.457077498373554037e-03,9.999878290491015509e-01,1.161481387209729182e-01,0.000000000000000000e+00,0.000000000000000000e+00,0.000000000000000000e+00,1.000000000000000056e-01
9.986201387912607697e-01,-5.240146237508704063e-02,-3.450382801275545148e-03,9.668659006116422816e+00,5.241914830996723118e-02,9.986113603448931730e-01,5.252035850936324392e-03,3.770627747827199894e-01,3.170377103856947612e-03,-5.425654898184932053e-03,9.999802552940458833e-01,1.339863816361897275e-01,0.000000000000000000e+00,0.000000000000000000e+00,0.000000000000000000e+00,1.000000000000000056e-01
9.983580301600306628e-01,-5.714858621451968795e-02,-3.909310510170791071e-03,1.042330219295954130e+01,5.716985102303680927e-02,9.983489671493095408e-01,5.563086006053130292e-03,4.406607011908186822e-01,3.584933609859234076e-03,-5.777446286083291055e-03,9.999768844155469960e-01,1.408186531428387012e-01,0.000000000000000000e+00,0.000000000000000000e+00,0.000000000000000000e+00,1.000000000000000056e-01
9.982180294772222684e-01,-5.950494292717947720e-02,-4.464010959279654002e-03,1.125050618771126132e+01,5.952297532923943313e-02,9.982188349085586720e-01,4.021572050133358570e-03,4.915151215828256759e-01,4.216756403470447480e-03,-4.280116941483450704e-03,9.999819496192924317e-01,1.621496629362757236e-01,0.000000000000000000e+00,0.000000000000000000e+00,0.000000000000000000e+00,1.000000000000000056e-01
9.980160511196469741e-01,-6.270873345132020604e-02,-5.619293236473423339e-03,1.214234510128304834e+01,6.273563519312498615e-02,9.980188946387368309e-01,4.746158550770613466e-03,5.559329691409117258e-01,5.310535233038158123e-03,-5.089272345354426200e-03,9.999729483953720965e-01,1.753581011131889467e-01,0.000000000000000000e+00,0.000000000000000000e+00,0.000000000000000000e+00,1.000000000000000056e-01
9.978777304527366443e-01,-6.471343013605750094e-02,-7.225442998256157746e-03,1.304139575015662444e+01,6.476421534468075614e-02,9.978758260497077037e-01,7.030803396577340811e-03,6.335534657656187729e-01,6.755107496055176748e-03,-7.483832282935766120e-03,9.999491790971567484e-01,1.886693025761431997e-01,0.000000000000000000e+00,0.000000000000000000e+00,0.000000000000000000e+00,1.000000000000000056e-01
9.980239081678563551e-01,-6.193709215768646026e-02,-1.058656414558028364e-02,1.391674373852723789e+01,6.204390961088299128e-02,9.980225386066858828e-01,1.007798160659317994e-02,6.960484710393364249e-01,9.941428748163522872e-03,-1.071489841839409589e-02,9.998931737672422937e-01,1.947243718804856916e-01,0.000000000000000000e+00,0.000000000000000000e+00,0.000000000000000000e+00,1.000000000000000056e-01
9.970389079490796780e-01,-7.651293584056376162e-02,-7.693288293339559623e-03,1.488516183561454831e+01,7.658537728358083552e-02,9.970167242473118030e-01,9.608931131579030033e-03,7.833133587078747739e-01,6.935129561748696984e-03,-1.016967158848423522e-02,9.999242380089323756e-01,2.069551257056511384e-01,0.000000000000000000e+00,0.000000000000000000e+00,0.000000000000000000e+00,1.000000000000000056e-01
9.966742349846163807e-01,-8.118117049467775403e-02,-7.077208132007483700e-03,1.584680635214995092e+01,8.123495790370023617e-02,9.966654212820726944e-01,7.675912650144375848e-03,8.791738899931652584e-01,6.430469050834524379e-03,-8.225301073070737795e-03,9.999454952596384949e-01,2.183416347612491815e-01,0.000000000000000000e+00,0.000000000000000000e+00,0.000000000000000000e+00,1.000000000000000056e-01
9.965368918514876384e-01,-8.290669097059594206e-02,-6.379950727287530231e-03,1.675520373205513991e+01,8.295460015425831779e-02,9.965239532529958089e-01,7.651464321818401103e-03,9.718286657548964591e-01,5.723416132314356787e-03,-8.154212734963466047e-03,9.999503744298761099e-01,2.372172269627156882e-01,0.000000000000000000e+00,0.000000000000000000e+00,0.000000000000000000e+00,1.000000000000000056e-01
9.963198556974800502e-01,-8.554357494627616576e-02,-5.389056351851401021e-03,1.764716257311442149e+01,8.558644179951245545e-02,9.962961664532624662e-01,8.301186097887309698e-03,1.060321223978162752e+00,4.658983049042545420e-03,-8.731866692977032982e-03,9.999510229911287018e-01,2.600995392918395432e-01,0.000000000000000000e+00,0.000000000000000000e+00,0.000000000000000000e+00,1.000000000000000056e-01
9.962662178651150446e-01,-8.615338168038144673e-02,-5.587303980783486605e-03,1.855634546165003940e+01,8.619445089266483673e-02,9.962494897832943064e-01,7.580945972479552139e-03,1.144448722340733138e+00,4.913224608254337412e-03,-8.034234970436012271e-03,9.999556546629398968e-01,2.638226107117547792e-01,0.000000000000000000e+00,0.000000000000000000e+00,0.000000000000000000e+00,1.000000000000000056e-01
9.960710640011325445e-01,-8.836558675987433997e-02,-5.827395321658063003e-03,1.949419940042446342e+01,8.839228344482517874e-02,9.960756017142891050e-01,4.494429544075095179e-03,1.229415270307878671e+00,5.407373397634478336e-03,-4.991867997062053239e-03,9.999729204167673302e-01,2.816498082651268664e-01,0.000000000000000000e+00,0.000000000000000000e+00,0.000000000000000000e+00,1.000000000000000056e-01
9.959296412978836388e-01,-9.004089080553666358e-02,-4.097263381105309930e-03,2.042574352176328389e+01,9.005126692224683926e-02,9.959341855206226279e-01,2.422279313448970177e-03,1.312621666789377306e+00,3.862500481161819637e-03,-2.781383526149179032e-03,9.999886724336998212e-01,2.999234493395043777e-01,0.000000000000000000e+00,0.000000000000000000e+00,0.000000000000000000e+00,1.000000000000000056e-01
9.960376069930919618e-01,-8.893257072790615447e-02,2.886506553027371998e-04,2.134859161962529939e+01,8.893142680182218596e-02,9.960338467823809383e-01,2.788797390380877341e-03,1.408249398157267240e+00,-5.355207437432879265e-04,-2.752076964480195797e-03,9.999960696372334201e-01,3.077605302183389901e-01,0.000000000000000000e+00,0.000000000000000000e+00,0.000000000000000000e+00,1.000000000000000056e-01
9.959219826164440459e-01,-9.017211983522525898e-02,2.897127155152460533e-03,2.229745324543256046e+01,9.017021890982869492e-02,9.959260627703270252e-01,7.804591906237067639e-04,1.501475280400698331e+00,-2.955700100639412076e-03,-5.160418746874807176e-04,9.999954987587187372e-01,3.175066223688754463e-01,0.000000000000000000e+00,0.000000000000000000e+00,0.000000000000000000e+00,1.000000000000000056e-01
9.959839573175449656e-01,-8.928756899057255225e-02,6.609598311285907156e-03,2.327500828014888512e+01,8.928523704976698561e-02,9.960058870358248218e-01,6.476379749614917004e-04,1.594803246203248426e+00,-6.641024849353099717e-03,-5.489748118436593889e-05,9.999779466444331799e-01,3.288268597323276698e-01,0.000000000000000000e+00,0.000000000000000000e+00,0.000000000000000000e+00,1.000000000000000056e-01
9.961630606776229468e-01,-8.715507874995266635e-02,7.946621261900816205e-03,2.420781138598605864e+01,8.716789881067625589e-02,9.961928111513943529e-01,-1.280791635669770168e-03,1.689989728762802734e+00,-7.804739478179336179e-03,1.968567593923235739e-03,9.999676048669305928e-01,3.397067903889890994e-01,0.000000000000000000e+00,0.000000000000000000e+00,0.000000000000000000e+00,1.000000000000000056e-01
9.962138256384717172e-01,-8.674969166569182488e-02,5.701280791906310035e-03,2.516506321323057804e+01,8.676708396598997730e-02,9.962244704776150872e-01,-2.877075187462106373e-03,1.768308742671613754e+00,-5.430170052549711766e-03,3.360865588336168185e-03,9.999796087099463993e-01,3.451704181266000981e-01,0.000000000000000000e+00,0.000000000000000000e+00,0.000000000000000000e+00,1.000000000000000056e-01
9.965062796694702518e-01,-8.351466318274011758e-02,7.318557132899830737e-04,2.610856653506088065e+01,8.351697878323627311e-02,9.964978659539786010e-01,-4.113077204099219002e-03,1.868353864798450559e+00,-3.857903991347422430e-04,4.159829640729448101e-03,9.999912734534877057e-01,3.477599567683802295e-01,0.000000000000000000e+00,0.000000000000000000e+00,0.000000000000000000e+00,1.000000000000000056e-01
9.965375934488306386e-01,-8.313562280765604551e-02,-1.137129542452112270e-03,2.706235925500529405e+01,8.312872828765036082e-02,9.965254774248982761e-01,-5.156294828321986157e-03,1.953098352898724466e+00,1.561850342118491350e-03,5.043913506566280805e-03,9.999860596828573645e-01,3.567415772662325679e-01,0.000000000000000000e+00,0.000000000000000000e+00,0.000000000000000000e+00,1.000000000000000056e-01
9.966257158464683075e-01,-8.205535800372396049e-02,2.025027504800072393e-03,2.804124503639886257e+01,8.206833351673178956e-02,9.965985987924037559e-01,-7.484752421024407076e-03,2.033710530037430964e+00,-1.403975534323432519e-03,7.625687372181524232e-03,9.999699384205511521e-01,3.644384636554271473e-01,0.000000000000000000e+00,0.000000000000000000e+00,0.000000000000000000e+00,1.000000000000000056e-01
9.966267380386285568e-01,-8.168607363368245167e-02,7.907616631800099341e-03,2.904259203856689453e+01,8.175578541440180202e-02,9.966123428629054537e-01,-8.934741439177620870e-03,2.109505859511227488e+00,-7.150984390781395944e-03,9.551095624234957893e-03,9.999288174638329973e-01,3.824301228468949820e-01,0.000000000000000000e+00,0.000000000000000000e+00,0.000000000000000000e+00,1.000000000000000056e-01
9.967630125331419233e-01,-7.974698201587675228e-02,1.019390529752542754e-02,2.998447109254305332e+01,7.985947288572702030e-02,9.967437704095518658e-01,-1.114992108332807375e-02,2.179011784484663039e+00,-9.271539045342790802e-03,1.192790883223228404e-02,9.998858752650827686e-01,3.875580976236894237e-01,0.000000000000000000e+00,0.000000000000000000e+00,0.000000000000000000e+00,1.000000000000000056e-01
9.966539555983403575e-01,-8.121267750295357857e-02,9.240876743183490741e-03,3.088843540794200138e+01,8.137618425999490479e-02,9.965030941127285269e-01,-1.896048678282998695e-02,2.242550435401680087e+00,-7.668730368503717462e-03,1.964903144075475644e-02,9.997775283221640441e-01,3.996104452796250817e-01,0.000000000000000000e+00,0.000000000000000000e+00,0.000000000000000000e+00,1.000000000000000056e-01
9.966604952958667551e-01,-8.133482405084320466e-02,7.245930803965829059e-03,3.182337976460510376e+01,8.148151949539080008e-02,9.964095677578564958e-01,-2.299424409115911894e-02,2.318956981396901096e+00,-5.349681983046361555e-03,2.350786415691429737e-02,9.997093383706388003e-01,4.081169980037658851e-01,0.000000000000000000e+00,0.000000000000000000e+00,0.000000000000000000e+00,1.000000000000000056e-01
9.968383126770964386e-01,-7.937584227928387581e-02,3.585253343024413612e-03,3.279196016112850742e+01,7.944060558277665773e-02,9.965305502977129803e-01,-2.482040507282310196e-02,2.386267682491056252e+00,-1.602673928512490624e-03,2.502674540949255746e-02,9.996854972692598151e-01,4.079197586606250758e-01,0.000000000000000000e+00,0.000000000000000000e+00,0.000000000000000000e+00,1.000000000000000056e-01
9.966986393267124322e-01,-8.108172781902242554e-02,4.192347571709427109e-03,3.373782404039237548e+01,8.116234601493124701e-02,9.963780362469595309e-01,-2.536695634098002847e-02,2.463624511127524119e+00,-2.120366391128180455e-03,2.562347163314485435e-02,9.996694162311022813e-01,4.104337171019041275e-01,0.000000000000000000e+00,0.000000000000000000e+00,0.000000000000000000e+00,1.000000000000000056e-01
9.966827871250081294e-01,-8.121218215966836962e-02,5.291816095692736255e-03,3.469970291922059857e+01,8.132266647161352779e-02,9.963513760583324608e-01,-2.589516064082588234e-02,2.552576756632895183e+00,-3.169505745774464298e-03,2.623960547592728634e-02,9.996506576488584095e-01,4.268973137456321121e-01,0.000000000000000000e+00,0.000000000000000000e+00,0.000000000000000000e+00,1.000000000000000056e-01
9.966218880219508414e-01,-8.192648342147283713e-02,5.732680852208301737e-03,3.567163375172662398e+01,8.204364813663538036e-02,9.963246825416516295e-01,-2.461639207335245688e-02,2.633221647538027899e+00,-3.694876993095056426e-03,2.500356519515131715e-02,9.996805337764348431e-01,4.297272531827972530e-01,0.000000000000000000e+00,0.000000000000000000e+00,0.000000000000000000e+00,1.000000000000000056e-01
9.966968093678961749e-01,-8.108239951038283266e-02,4.595071870425610980e-03,3.663469231087281486e+01,8.116814505846324523e-02,9.964263959781651803e-01,-2.337027226484708620e-02,2.709239523015891216e+00,-2.683733150664086888e-03,2.366604926056489755e-02,9.997163176065361201e-01,4.471264016744229686e-01,0.000000000000000000e+00,0.000000000000000000e+00,0.000000000000000000e+00,1.000000000000000056e-01
9.965144171181438137e-01,-8.314879794763987975e-02,6.730072477222250570e-03,3.762589543375465695e+01,8.328251084493079603e-02,9.962625949851330320e-01,-2.290993716387776727e-02,2.804404586748998174e+00,-4.799985734363063951e-03,2.339058001314638438e-02,9.997148798050364826e-01,4.592833549804632987e-01,0.000000000000000000e+00,0.000000000000000000e+00,0.000000000000000000e+00,1.000000000000000056e-01
9.966698466791219513e-01,-8.095018401487046045e-02,9.812462920903271268e-03,3.861163232796310041e+01,8.115490865563708411e-02,9.964439236974355074e-01,-2.265806098399520893e-02,2.889888592545589496e+00,-7.943394847965887934e-03,2.337893569899742938e-02,9.996951174452496369e-01,4.824460642001222599e-01,0.000000000000000000e+00,0.000000000000000000e+00,0.000000000000000000e+00,1.000000000000000056e-01
9.967121215261773859e-01,-8.022300783234601051e-02,1.136731354006070664e-02,3.960414389054827211e+01,8.041538284867064124e-02,9.966057103386160021e-01,-1.761886266943427440e-02,2.976531716924601501e+00,-9.915291427306913499e-03,1.847504086041506025e-02,9.997801557648149373e-01,4.881520424564571581e-01,0.000000000000000000e+00,0.000000000000000000e+00,0.000000000000000000e+00,1.000000000000000056e-01
9.965840369437696245e-01,-8.201047465870114905e-02,9.723135045534622017e-03,4.060002648980593420e+01,8.218526280567967079e-02,9.964321849465344050e-01,-1.919592092703000658e-02,3.057091964897083791e+00,-8.114178111215657879e-03,1.992944677932532993e-02,9.997684618273620094e-01,5.029957737851459276e-01,0.000000000000000000e+00,0.000000000000000000e+00,0.000000000000000000e+00,1.000000000000000056e-01
9.965712197417194718e-01,-8.231265184985410432e-02,8.392337454256857537e-03,4.160634808504619997e+01,8.243241231702576333e-02,9.964823659608669226e-01,-1.509277074061478319e-02,3.134469893569626908e+00,-7.120490298937982160e-03,1.573282156758952846e-02,9.998508773529306559e-01,5.289086887491389888e-01,0.000000000000000000e+00,0.000000000000000000e+00,0.000000000000000000e+00,1.000000000000000056e-01
9.964943104166045229e-01,-8.340668522589418654e-02,6.512615984726784733e-03,4.263107838816871720e+01,8.349010426762852599e-02,9.964129697386595597e-01,-1.380565920068859039e-02,3.192837028604508021e+00,-5.337770762821277860e-03,1.430099983265669013e-02,9.998834880160137883e-01,5.344455481453423973e-01,0.000000000000000000e+00,0.000000000000000000e+00,0.000000000000000000e+00,1.000000000000000056e-01
9.965673664240454199e-01,-8.236647208794274644e-02,8.321565623642059387e-03,4.365064261074088847e+01,8.248213065589594939e-02,9.964845567545088656e-01,-1.467059208872158876e-02,3.279773402951804862e+00,-7.083946718189235332e-03,1.530661378476956547e-02,9.998577525194960458e-01,5.477700163038133896e-01,0.000000000000000000e+00,0.000000000000000000e+00,0.000000000000000000e+00,1.000000000000000056e-01
9.966569949721606481e-01,-8.120429579457623392e-02,8.983135174849879098e-03,4.464137763322067798e+01,8.135250359662536679e-02,9.965301647691664488e-01,-1.758979430519248821e-02,3.367654190833893058e+00,-7.523598316212241552e-03,1.826179207101251423e-02,9.998049321836391945e-01,5.660739967869850009e-01,0.000000000000000000e+00,0.000000000000000000e+00,0.000000000000000000e+00,1.000000000000000056e-01
9.965041187614900320e-01,-8.292430455851107496e-02,1.015386649870048640e-02,4.562246681346756105e+01,8.308357594829782200e-02,9.964072660103943102e-01,-1.642192587167527057e-02,3.461338888299540173e+00,-8.755609574984593926e-03,1.720813630753394163e-02,9.998135922989803692e-01,5.774393792101913947e-01,0.000000000000000000e+00,0.000000000000000000e+00,0.000000000000000000e+00,1.000000000000000056e-01
9.958599363295883578e-01,-9.048087499925325239e-02,8.729173672099160841e-03,4.653477265991693201e+01,9.060871792671007507e-02,9.957648409466273165e-01,-1.557054174445813254e-02,3.533111947333675840e+00,-7.283367991942336223e-03,1.629701794524177072e-02,9.998406671849202620e-01,5.887759685183661107e-01,0.000000000000000000e+00,0.000000000000000000e+00,0.000000000000000000e+00,1.000000000000000056e-01
9.960824591088212054e-01,-8.834361698083281755e-02,3.891014580718026982e-03,4.748233564167014720e+01,8.839360417355071609e-02,9.959659101201813192e-01,-1.544268822739920319e-02,3.629275682349037524e+00,-2.511054944259954059e-03,1.572613166748014490e-02,9.998731836517289473e-01,5.880255196460721923e-01,0.000000000000000000e+00,0.000000000000000000e+00,0.000000000000000000e+00,1.000000000000000056e-01
9.962417500305937867e-01,-8.658318938256290287e-02,2.393075912542632754e-03,4.843214335272177351e+01,8.661225491129265208e-02,9.960809608366094636e-01,-1.791749865350180174e-02,3.720483805158258939e+00,-8.323431751424496252e-04,1.805742991569466230e-02,9.998366048658543503e-01,5.924036081525279052e-01,0.000000000000000000e+00,0.000000000000000000e+00,0.000000000000000000e+00,1.000000000000000056e-01
9.963992192066944975e-01,-8.468394921410581089e-02,4.150266231501151259e-03,4.940502370354010253e+01,8.474513343980925872e-02,9.962418672808309728e-01,-1.789983896776922018e-02,3.826714916394565513e+00,-2.618839926096043578e-03,1.818710043701011331e-02,9.998311712759987424e-01,6.045228155196921138e-01,0.000000000000000000e+00,0.000000000000000000e+00,0.000000000000000000e+00,1.000000000000000056e-01
9.964884013244134087e-01,-8.354871214345961639e-02,5.520754032201776948e-03,5.042216631875716359e+01,8.363166917203997131e-02,9.963507452683607601e-01,-1.705685535732351030e-02,3.924333411314124387e+00,-4.075529096105898891e-03,1.745866840144236556e-02,9.998392795645884013e-01,6.287938482519734862e-01,0.000000000000000000e+00,0.000000000000000000e+00,0.000000000000000000e+00,1.000000000000000056e-01
9.965953203520704351e-01,-8.227775080943511288e-02,5.304637037030223573e-03,5.136692743559253671e+01,8.236219544594755582e-02,9.964328798085032579e-01,-1.838436286239862952e-02,4.010447029437599120e+00,-3.773090732764204560e-03,1.875867154873456580e-02,9.998169212551111240e-01,6.367452986652801794e-01,0.000000000000000000e+00,0.000000000000000000e+00,0.000000000000000000e+00,1.000000000000000056e-01
9.967081250503529999e-01,-8.095639535438917123e-02,4.356088822983793241e-03,5.232302795283219154e+01,8.102771577952938564e-02,9.965118382964803789e-01,-1.996660738636336571e-02,4.097879772670429688e+00,-2.724469519318032350e-03,2.025384373873787350e-02,9.997911577322761145e-01,6.532283934380275214e-01,0.000000000000000000e+00,0.000000000000000000e+00,0.000000000000000000e+00,1.000000000000000056e-01
9.966706167412655581e-01,-8.144297359714709750e-02,3.837157312359391285e-03,5.330675551102845589e+01,8.150791426577795595e-02,9.964307737659496844e-01,-2.195843811006258431e-02,4.186217315059023392e+00,-2.035101134583524544e-03,2.219808874307107813e-02,9.997515207387916991e-01,6.760742972747724178e-01,0.000000000000000000e+00,0.000000000000000000e+00,0.000000000000000000e+00,1.000000000000000056e-01
9.966552916279163288e-01,-8.159118653461741588e-02,4.594338901984797510e-03,5.426412835730404538e+01,8.167797499231940761e-02,9.963740386371221502e-01,-2.382191283471219237e-02,4.265516482181263669e+00,-2.634021872929834598e-03,2.411749178135743840e-02,9.997056609417339645e-01,6.767813147751654546e-01,0.000000000000000000e+00,0.000000000000000000e+00,0.000000000000000000e+00,1.000000000000000056e-01
9.965728339621656717e-01,-8.223821451279780814e-02,8.914184335356600472e-03,5.521368938526109105e+01,8.244732489571474088e-02,9.962458380850998108e-01,-2.639448267455772948e-02,4.338235527442850348e+00,-6.710083915877801918e-03,2.703897505202671955e-02,9.996118589742609695e-01,6.944896934034612279e-01,0.000000000000000000e+00,0.000000000000000000e+00,0.000000000000000000e+00,1.000000000000000056e-01
9.963541248281715390e-01,-8.428505032589582446e-02,1.320939928420969064e-02,5.616321511776387609e+01,8.460006917035380047e-02,9.960900115278893407e-01,-2.544635987210438349e-02,4.425849238756843995e+00,-1.101300296285374902e-02,2.647110171357622971e-02,9.995889127735509971e-01,7.212099095955880612e-01,0.000000000000000000e+00,0.000000000000000000e+00,0.000000000000000000e+00,1.000000000000000056e-01
9.961961020592422500e-01,-8.601615713068029578e-02,1.394800897770040980e-02,5.712019167429952660e+01,8.631363522735537031e-02,9.960173053570731128e-01,-2.234913428019167855e-02,4.500366128350762551e+00,-1.197007167108578470e-02,2.346802381337464646e-02,9.996529243905025730e-01,7.194161378916107408e-01,0.000000000000000000e+00,0.000000000000000000e+00,0.000000000000000000e+00,1.000000000000000056e-01
9.961859257303619097e-01,-8.680091556472105396e-02,8.899574926250042317e-03,5.801547665499320061e+01,8.698398007732405235e-02,9.959486297458498560e-01,-2.280601055142624997e-02,4.582497756399317446e+00,-6.883936856876765077e-03,2.349314718147054934e-02,9.997002968134300893e-01,7.321997689631082329e-01,0.000000000000000000e+00,0.000000000000000000e+00,0.000000000000000000e+00,1.000000000000000056e-01
9.959983349371061001e-01,-8.928856173105476079e-02,3.856105096065257608e-03,5.894488701631964744e+01,8.935096872773273802e-02,9.957702814799603841e-01,-2.139978758623979627e-02,4.659425667023803008e+00,-1.929038601999779994e-03,2.165869952975196799e-02,9.997635618208696728e-01,7.476069743873715590e-01,0.000000000000000000e+00,0.000000000000000000e+00,0.000000000000000000e+00,1.000000000000000056e-01
9.959961681271413125e-01,-8.939593403835439933e-02,7.311734169307025286e-06,5.989346057128179268e+01,8.937630345405024601e-02,9.957757352296531250e-01,-2.103714592650937285e-02,4.760230926609302138e+00,1.873354462133221699e-03,2.095357022690672380e-02,9.997786947308915373e-01,7.617719923089681933e-01,0.000000000000000000e+00,0.000000000000000000e+00,0.000000000000000000e+00,1.000000000000000056e-01
9.959659487923485655e-01,-8.973175411299620652e-02,-2.028545331834395987e-04,6.079867403044762142e+01,8.971495278841347398e-02,9.958184182543625695e-01,-1.723093472659638706e-02,4.851450912271507931e+00,1.748168278394494337e-03,1.714322516868612908e-02,9.998515158454710505e-01,7.719907159870446067e-01,0.000000000000000000e+00,0.000000000000000000e+00,0.000000000000000000e+00,1.000000000000000056e-01
9.958081577876913837e-01,-9.146645740460859764e-02,7.303092044846741515e-06,6.173887394229450365e+01,9.145495050481192156e-02,9.956816077223323846e-01,-1.594139490865633529e-02,4.943700138995299476e+00,1.450831363954101748e-03,1.587523900047664582e-02,9.998729278638516238e-01,7.913379592736843327e-01,0.000000000000000000e+00,0.000000000000000000e+00,0.000000000000000000e+00,1.000000000000000056e-01
9.956703351624442977e-01,-9.293889665703898573e-02,1.716148501173820132e-03,6.262259448812609719e+01,9.295345780346693509e-02,9.955838691804098639e-01,-1.313065535849558194e-02,5.030131717278142567e+00,-4.882211434843773202e-04,1.323332595898418437e-02,9.999123165178926964e-01,8.143199662928324312e-01,0.000000000000000000e+00,0.000000000000000000e+00,0.000000000000000000e+00,1.000000000000000056e-01
9.955469170008883761e-01,-9.425657442052844115e-02,1.426263837305797276e-03,6.344795221961176424e+01,9.426672265225209679e-02,9.954820238999400051e-01,-1.137211908496194544e-02,5.119895466391712446e+00,-3.479230225256427916e-04,1.145592731238107183e-02,9.999343181824413840e-01,8.314798796449393015e-01,0.000000000000000000e+00,0.000000000000000000e+00,0.000000000000000000e+00,1.000000000000000056e-01
9.953278707282136040e-01,-9.651518672442147007e-02,2.692300724381967072e-03,6.426588841491769699e+01,9.653760804458469402e-02,9.952785127271697174e-01,-1.005844603421651370e-02,5.204560240653375303e+00,-1.708796263627242271e-03,1.027135994613990674e-02,9.999457881206291754e-01,8.449168162939559856e-01,0.000000000000000000e+00,0.000000000000000000e+00,0.000000000000000000e+00,1.000000000000000056e-01
9.953680930398243198e-01,-9.607283195392396502e-02,3.517146374071628782e-03,6.505510757987134696e+01,9.610580519599720706e-02,9.953117673416762567e-01,-1.087014253899025278e-02,5.288258463797724573e+00,-2.456331796112990167e-03,1.115781123437813681e-02,9.999347327113732309e-01,8.608713662026412639e-01,0.000000000000000000e+00,0.000000000000000000e+00,0.000000000000000000e+00,1.000000000000000056e-01
9.952894261594643632e-01,-9.689105679643267299e-02,3.328856866053127046e-03,6.585058267799327325e+01,9.692382590531656295e-02,9.952224917690711825e-01,-1.174580132800565231e-02,5.366967110162599752e+00,-2.174890121384564796e-03,1.201311740688286965e-02,9.999254746545506167e-01,8.747954135278409593e-01,0.000000000000000000e+00,0.000000000000000000e+00,0.000000000000000000e+00,1.000000000000000056e-01
9.953062520049297257e-01,-9.668740251733062840e-02,4.124428972722972778e-03,6.659468071078212859e+01,9.673161405953054071e-02,9.952336022352427092e-01,-1.237221982105975691e-02,5.442606000150061796e+00,-2.908532505814785153e-03,1.271311041068547316e-02,9.999149550148493937e-01,8.929558427547269472e-01,0.000000000000000000e+00,0.000000000000000000e+00,0.000000000000000000e+00,1.000000000000000056e-01
9.953279471367937337e-01,-9.639752695128250837e-02,5.458428906994341155e-03,6.739477097305675102e+01,9.645373855936223428e-02,9.952745265610656311e-01,-1.119343988990545088e-02,5.532417463681833958e+00,-4.353615322711306378e-03,1.166762942175878989e-02,9.999224532218977668e-01,8.963447713961001373e-01,0.000000000000000000e+00,0.000000000000000000e+00,0.000000000000000000e+00,1.000000000000000056e-01
9.950853831478684297e-01,-9.859302462712005166e-02,9.192156457323678864e-03,6.814089144678843013e+01,9.868911839021518584e-02,9.950611944380707286e-01,-1.066195267491716787e-02,5.608072120342354694e+00,-8.095564021234825935e-03,1.151671907950258845e-02,9.999009086028584070e-01,9.058946878534238634e-01,0.000000000000000000e+00,0.000000000000000000e+00,0.000000000000000000e+00,1.000000000000000056e-01
9.949211222318253833e-01,-9.991164262675034102e-02,1.223209730952224371e-02,6.886958043763472403e+01,1.000383118749935407e-01,9.949310811467739768e-01,-1.022154221792778359e-02,5.687309383381798256e+00,-1.114884272768367109e-02,1.139330661993594868e-02,9.998729398629094822e-01,9.204754809389752435e-01,0.000000000000000000e+00,0.000000000000000000e+00,0.000000000000000000e+00,1.000000000000000056e-01
9.948690523602601310e-01,-1.008415110713505730e-01,8.158327073897400292e-03,6.956076801037225721e+01,1.008932316728363560e-01,9.948779589022117564e-01,-6.196990655178355456e-03,5.767488852832446611e+00,-7.491625885572475614e-03,6.988314204132182322e-03,9.999475181259138701e-01,9.350879251483776855e-01,0.000000000000000000e+00,0.000000000000000000e+00,0.000000000000000000e+00,1.000000000000000056e-01
9.948641138168379250e-01,-1.011747331321467963e-01,3.011380925188035691e-03,7.026083133445915507e+01,1.011945827624804312e-01,9.948391602114392551e-01,-7.396061744323391765e-03,5.845183629090802135e+00,-2.247545097480012875e-03,7.662811849264202640e-03,9.999681144194536575e-01,9.380603307393602375e-01,0.000000000000000000e+00,0.000000000000000000e+00,0.000000000000000000e+00,1.000000000000000056e-01
9.949056828781529527e-01,-1.008069758856651732e-01,-7.973641219651945132e-04,7.101305256705985869e+01,1.007962087242353089e-01,9.948686220941956870e-01,-8.749233064495312226e-03,5.923964751420968788e+00,1.675256271877504418e-03,8.624290416225003850e-03,9.999614068209032869e-01,9.662379533127074538e-01,0.000000000000000000e+00,0.000000000000000000e+00,0.000000000000000000e+00,1.000000000000000056e-01
9.947120849623158900e-01,-1.026978668561338570e-01,-1.008054126665050391e-03,7.174327905738219613e+01,1.026871948459052442e-01,9.946840727052261855e-01,-7.676947389644319351e-03,6.005681170581112838e+00,1.791101505101738885e-03,7.532838093579036047e-03,9.999700237035380468e-01,9.767673518996643489e-01,0.000000000000000000e+00,0.000000000000000000e+00,0.000000000000000000e+00,1.000000000000000056e-01
9.945536259178708871e-01,-1.042213195792225794e-01,1.000859021714219175e-03,7.242268025194222503e+01,1.042256030698866937e-01,9.945331829706778315e-01,-6.385267021087822487e-03,6.092777752414660242e+00,-3.299065537668965779e-04,6.454805603402797437e-03,9.999791131050128623e-01,9.878081854311124843e-01,0.000000000000000000e+00,0.000000000000000000e+00,0.000000000000000000e+00,1.000000000000000056e-01
9.944650141387588738e-01,-1.049948279082109498e-01,3.927055706668537531e-03,7.303414824967953223e+01,1.050156827632980489e-01,9.944550998714209999e-01,-5.546234171074054808e-03,6.149651705820245340e+00,-3.322954672645135263e-03,5.927938279639329705e-03,9.999769084933893826e-01,1.003844860237998349e+00,0.000000000000000000e+00,0.000000000000000000e+00,0.000000000000000000e+00,1.000000000000000056e-01
9.943920526183714914e-01,-1.057538415127593778e-01,7.554433903593567746e-04,7.360480313485200554e+01,1.057565325194505801e-01,9.943692473634619944e-01,-6.734666085602553955e-03,6.204476448929935550e+00,-3.897286563916767905e-05,6.776791506040799433e-03,9.999770365253390914e-01,1.014153202996946002e+00,0.000000000000000000e+00,0.000000000000000000e+00,0.000000000000000000e+00,1.000000000000000056e-01
9.945655691156146672e-01,-1.040958693850620037e-01,-1.838125866647116833e-03,7.423850784456514873e+01,1.040682839390790621e-01,9.945042234216111554e-01,-1.145171928373186696e-02,6.261183518592995156e+00,3.020100612354815247e-03,1.119819510217104699e-02,9.999327374472469776e-01,1.033256438766767094e+00,0.000000000000000000e+00,0.000000000000000000e+00,0.000000000000000000e+00,1.000000000000000056e-01
9.946334872706955599e-01,-1.033564857923224140e-01,-4.654336085470290804e-03,7.485509458100237623e+01,1.032713985602549261e-01,9.945273122954360057e-01,-1.582540166394929768e-02,6.314965016667797748e+00,6.264522259840199503e-03,1.525981464755737926e-02,9.998639376524078859e-01,1.054831619637587536e+00,0.000000000000000000e+00,0.000000000000000000e+00,0.000000000000000000e+00,1.000000000000000056e-01
9.951814393987997720e-01,-9.791733545404070205e-02,-5.108629338080380479e-03,7.544034930909141679e+01,9.783560025832256646e-02,9.950991874550959571e-01,-1.434581640414511576e-02,6.368566467188930602e+00,6.488297020539809078e-03,1.377688440063967908e-02,9.998840430059801054e-01,1.068121565385793614e+00,0.000000000000000000e+00,0.000000000000000000e+00,0.000000000000000000e+00,1.000000000000000056e-01
9.955530118078521618e-01,-9.410274123414337499e-02,-4.344510620822897642e-03,7.599933100710480005e+01,9.405152816950927697e-02,9.955089526499648622e-01,-1.078124495362383153e-02,6.445944118620928975e+00,5.339543921964829548e-03,1.032469302158135413e-02,9.999324427103640778e-01,1.071599563740688099e+00,0.000000000000000000e+00,0.000000000000000000e+00,0.000000000000000000e+00,1.000000000000000056e-01
9.961772049883561575e-01,-8.734520821275601477e-02,-1.338231615587272402e-03,7.654682399222680544e+01,8.731679796097358004e-02,9.960751975546641157e-01,-1.449060420683982373e-02,6.484122328936150481e+00,2.598664162445051863e-03,1.431835949775898953e-02,9.998941101566024559e-01,1.089309733490735788e+00,0.000000000000000000e+00,0.000000000000000000e+00,0.000000000000000000e+00,1.000000000000000056e-01
9.968266932181973905e-01,-7.958386494336835981e-02,1.718175878521778933e-03,7.710110221420943333e+01,7.960148015693238599e-02,9.966871491067770261e-01,-1.668325994015144170e-02,6.508750231566683198e+00,-3.847655121357843218e-04,1.676708818134105272e-02,9.998593484632825046e-01,1.104018982596121079e+00,0.000000000000000000e+00,0.000000000000000000e+00,0.000000000000000000e+00,1.000000000000000056e-01
9.974507952641464836e-01,-7.129549462623761824e-02,2.977158531533218629e-03,7.763036498449092448e+01,7.133998505589995986e-02,9.972635976390733514e-01,-1.938874302775830255e-02,6.540326586603842252e+00,-1.586681803553634165e-03,1.955170759735831709e-02,9.998075880742662847e-01,1.118247240284917288e+00,0.000000000000000000e+00,0.000000000000000000e+00,0.000000000000000000e+00,1.000000000000000056e-01
9.982530859576836946e-01,-5.896903865003249451e-02,3.664540442162786404e-03,7.810828345464956612e+01,5.902105953713831371e-02,9.981246732545395739e-01,-1.623733881004334537e-02,6.571811875865543939e+00,-2.700167971598659011e-03,1.642525863447937343e-02,9.998614503878603399e-01,1.129811115664291821e+00,0.000000000000000000e+00,0.000000000000000000e+00,0.000000000000000000e+00,1.000000000000000056e-01
9.989998520240379598e-01,-4.460980812753859159e-02,3.043135681244131183e-03,7.859269422764836577e+01,4.464414650680735563e-02,9.989266698126808564e-01,-1.234538454751805611e-02,6.602096112017446394e+00,-2.489144155927883878e-03,1.246889553134393827e-02,9.999191621354195370e-01,1.135222733990377764e+00,0.000000000000000000e+00,0.000000000000000000e+00,0.000000000000000000e+00,1.000000000000000056e-01
9.996315545169845995e-01,-2.705822844671012042e-02,2.146505831015607397e-03,7.905710569376259400e+01,2.707310814196689855e-02,9.996072690782384917e-01,-7.235635526990199552e-03,6.613659109841099948e+00,-1.949879352755593464e-03,7.291082174253982716e-03,9.999715186400250921e-01,1.134921989322033697e+00,0.000000000000000000e+00,0.000000000000000000e+00,0.000000000000000000e+00,1.000000000000000056e-01
9.999818884749688275e-01,-4.834118315784986797e-03,3.585250638945362226e-03,7.953906667800347918e+01,4.859389662586092312e-03,9.999631731345398622e-01,-7.073804267109472937e-03,6.631817860169273438e+00,-3.550922998632529293e-03,7.091098279619094044e-03,9.999685531410708039e-01,1.149620662816159378e+00,0.000000000000000000e+00,0.000000000000000000e+00,0.000000000000000000e+00,1.000000000000000056e-01
9.997868207576786626e-01,2.012179929345995003e-02,4.628847853095492855e-03,8.001785616148067959e+01,-2.007773897273961231e-02,9.997544580644937007e-01,-9.375925443015390229e-03,6.617291759960100883e+00,-4.816371766789280355e-03,9.280989891394407845e-03,9.999453314004920212e-01,1.163835885916534751e+00,0.000000000000000000e+00,0.000000000000000000e+00,0.000000000000000000e+00,1.000000000000000056e-01
9.987929095316615546e-01,4.874303034278645169e-02,6.069667394547794553e-03,8.049072776548581487e+01,-4.867454833344072446e-02,9.987545471557349730e-01,-1.096097077262447525e-02,6.609384939475011933e+00,-6.596378840983942171e-03,1.065230157031727895e-02,9.999215050479918210e-01,1.170450189909338912e+00,0.000000000000000000e+00,0.000000000000000000e+00,0.000000000000000000e+00,1.000000000000000056e-01
9.967159924668977933e-01,8.045959251555294400e-02,9.136976138645306819e-03,8.099148041917396768e+01,-8.035572196857267147e-02,9.967031277495810304e-01,-1.121753453802643193e-02,6.566084374475512853e+00,-1.000941095351981329e-02,1.044648775587025437e-02,9.998953358156692506e-01,1.176158464645261637e+00,0.000000000000000000e+00,0.000000000000000000e+00,0.000000000000000000e+00,1.000000000000000056e-01
