1.000000000000000000e+00,-8.207820973832985669e-09,3.382203908282342924e-09,-2.198445921885460870e-14,8.207820972733487272e-09,1.000000000000000000e+00,3.250829462614498823e-10,8.236831180774277194e-15,-3.382203910950565364e-09,-3.250829185009256586e-10,1.000000000000000000e+00,-3.247870650514396022e-15,0.000000000000000000e+00,0.000000000000000000e+00,0.000000000000000000e+00,1.000000000000000056e-01
9.998662012734060855e-01,-1.598129076324458081e-02,3.489684316543958421e-03,6.451951031239651080e-01,1.598431432567956612e-02,9.998718896211289398e-01,-8.402624653924362173e-04,4.863575519579401395e-03,-3.475808772987148618e-03,8.959302503575949754e-04,9.999935580104304389e-01,7.606904705010655160e-03,0.000000000000000000e+00,0.000000000000000000e+00,0.000000000000000000e+00,1.000000000000000056e-01
9.996280048736200241e-01,-2.617493582427151202e-02,7.663198221441459325e-03,1.322387859440342872e+00,2.617158145939633626e-02,9.996573208896168961e-01,5.376948091467921229e-04,2.090510164428965520e-03,-7.674646330614706864e-03,-3.369367728063534981e-04,9.999704927033152835e-01,1.924114298026649138e-03,0.000000000000000000e+00,0.000000000000000000e+00,0.000000000000000000e+00,1.000000000000000056e-01
9.992451682541267921e-01,-3.761118599614522023e-02,9.720720587749856131e-03,2.046786322624602583e+00,3.761700489867857850e-02,9.992921432454233699e-01,-4.164017543383685162e-04,2.965378018132993135e-02,-9.698178346190923158e-03,7.817518350432285917e-04,9.999526659801621919e-01,-6.047758409046854848e-03,0.000000000000000000e+00,0.000000000000000000e+00,0.000000000000000000e+00,1.000000000000000056e-01
9.986519633666774975e-01,-5.013337391786443914e-02,1.344993990662655091e-02,2.771486969579539217e+00,5.014227989131430502e-02,9.987420316521754549e-01,-3.255435241188315296e-04,8.755748509381222622e-02,-1.341669971272268190e-02,9.995153308420046991e-04,9.999094924731548595e-01,-2.639877757512004361e-02,0.000000000000000000e+00,0.000000000000000000e+00,0.000000000000000000e+00,1.000000000000000056e-01
9.979132514604517334e-01,-6.283387153985030282e-02,1.486765438604167183e-02,3.515114388285128122e+00,6.283003280890654685e-02,9.980239779033407421e-01,7.256081750352449608e-04,1.259630168975639508e-01,-1.488386834330778993e-02,2.100411996307757268e-04,9.998892070353763151e-01,-3.496771068815241607e-02,0.000000000000000000e+00,0.000000000000000000e+00,0.000000000000000000e+00,1.000000000000000056e-01
9.969692938550039907e-01,-7.565926652712975931e-02,1.810807827549608048e-02,4.265685813778469893e+00,7.563817934091193740e-02,9.971336180843656249e-01,1.847569206964525890e-03,1.960566872226644775e-01,-1.819595933845735355e-02,-4.723076954944295611e-04,9.998343282710361324e-01,-3.536218400184450855e-02,0.000000000000000000e+00,0.000000000000000000e+00,0.000000000000000000e+00,1.000000000000000056e-01
9.957897004740334790e-01,-8.890477942933888711e-02,2.233411346920568044e-02,5.061879376936577302e+00,8.880858462534474418e-02,9.960347982332041772e-01,5.264599261407777384e-03,2.824971852310119713e-01,-2.271360223913708801e-02,-3.258972715571063512e-03,9.997367010219048167e-01,-4.802345688071172486e-02,0.000000000000000000e+00,0.000000000000000000e+00,0.000000000000000000e+00,1.000000000000000056e-01
9.949048102669542093e-01,-9.704630983187542692e-02,2.732091242421118976e-02,5.828719383323195835e+00,9.683528260720469794e-02,9.952602062487019285e-01,8.947060979678995649e-03,3.706983120884645433e-01,-2.805969618614176375e-02,-6.255845730749219277e-03,9.995866735026704974e-01,-5.542570332032507874e-02,0.000000000000000000e+00,0.000000000000000000e+00,0.000000000000000000e+00,1.000000000000000056e-01
9.934877620309342516e-01,-1.092677623644887352e-01,3.228967021546445826e-02,6.625203422933164887e+00,1.090353446570496709e-01,9.939982230217389025e-01,8.878414562508846197e-03,4.547669281725646440e-01,-3.306599930871927107e-02,-5.299880893284131429e-03,9.994391181819094472e-01,-7.201468423326147505e-02,0.000000000000000000e+00,0.000000000000000000e+00,0.000000000000000000e+00,1.000000000000000056e-01
9.919930924972856223e-01,-1.207903511815731773e-01,3.686998100221770824e-02,7.449957593153357926e+00,1.205888323992650307e-01,9.926730667992376134e-01,7.649572012754864321e-03,5.503195861656341448e-01,-3.752383160411047747e-02,-3.142214637572865975e-03,9.992907927870233742e-01,-8.875218940164250614e-02,0.000000000000000000e+00,0.000000000000000000e+00,0.000000000000000000e+00,1.000000000000000056e-01
9.905408535145842075e-01,-1.309420552241333524e-01,4.102433049153943190e-02,8.281574319029004982e+00,1.306885059050700015e-01,9.913842977141497093e-01,8.814117659899815133e-03,6.719938291992996193e-01,-4.182501575492260371e-02,-3.369335172120040221e-03,9.991192699761116680e-01,-1.185966780853517089e-01,0.000000000000000000e+00,0.000000000000000000e+00,0.000000000000000000e+00,1.000000000000000056e-01
9.890265790676537883e-01,-1.412015773057247736e-01,4.345734073904342076e-02,9.122408579568704212e+00,1.408926925783776374e-01,9.899732932092484283e-01,1.010583546522914045e-02,8.177487864952132091e-01,-4.444856663322974133e-02,-3.872118129776297261e-03,9.990041699739998782e-01,-1.469254870341288599e-01,0.000000000000000000e+00,0.000000000000000000e+00,0.000000000000000000e+00,1.000000000000000056e-01
9.875645778879175163e-01,-1.500493539343260851e-01,4.691903542220993845e-02,9.895465217511397071e+00,1.498115039966762818e-01,9.886774735848350426e-01,8.565424458925323392e-03,9.526572511773556684e-01,-4.767302981050292737e-02,-1.429898527534831116e-03,9.988619712547314178e-01,-1.702880202252338160e-01,0.000000000000000000e+00,0.000000000000000000e+00,0.000000000000000000e+00,1.000000000000000056e-01
9.856508719846833744e-01,-1.609078217888921802e-01,5.100030826365195558e-02,1.071804906497866838e+01,1.606076519212507603e-01,9.869681039078098683e-01,9.957108664916157828e-03,1.097141046917823770e+00,-5.193785421227734012e-02,-1.623193080535755353e-03,9.986489996710793404e-01,-2.124747923693224572e-01,0.000000000000000000e+00,0.000000000000000000e+00,0.000000000000000000e+00,1.000000000000000056e-01
9.840796422896422868e-01,-1.693480882310694491e-01,5.393034992999300170e-02,1.151611850433392625e+01,1.690215484398385759e-01,9.855554335545608780e-01,1.059261790497276548e-02,1.247343059754626005e+00,-5.494518899857277205e-02,-1.308588385766701855e-03,9.984885146071273976e-01,-2.293297280081045553e-01,0.000000000000000000e+00,0.000000000000000000e+00,0.000000000000000000e+00,1.000000000000000056e-01
9.824839787329734397e-01,-1.778871567695485822e-01,5.551027823270411610e-02,1.237193708672656101e+01,1.773565603365817034e-01,9.840415612564098469e-01,1.438249719707744567e-02,1.426764878668244751e+00,-5.718288239152197194e-02,-4.285461059621463974e-03,9.983545225945059665e-01,-2.709422803829707460e-01,0.000000000000000000e+00,0.000000000000000000e+00,0.000000000000000000e+00,1.000000000000000056e-01
9.805081056125856120e-01,-1.883807954725594813e-01,5.582589654581778665e-02,1.326987332968604782e+01,1.877327090190788472e-01,9.820784814804116580e-01,1.668191168561182491e-02,1.605055706347975342e+00,-5.796796350033783102e-02,-5.876402832890494608e-03,9.983011485004757990e-01,-3.184660064999429441e-01,0.000000000000000000e+00,0.000000000000000000e+00,0.000000000000000000e+00,1.000000000000000056e-01
9.802461002335265405e-01,-1.895085105782258195e-01,5.660483544173138676e-02,1.413173997360977729e+01,1.886003953212168627e-01,9.818288245083874877e-01,2.102499106203711832e-02,1.787958946250806980e+00,-5.956067378433300280e-02,-9.933971154603675122e-03,9.981752563330027472e-01,-3.568541581000480578e-01,0.000000000000000000e+00,0.000000000000000000e+00,0.000000000000000000e+00,1.000000000000000056e-01
9.750682166376281046e-01,-2.137332427394691425e-01,5.966635443184697962e-02,1.509278264615722343e+01,2.126337855109270980e-01,9.768302766765137868e-01,2.427928803277644085e-02,2.083080870814471020e+00,-6.347319247059091119e-02,-1.098687927287032504e-02,9.979230643298283576e-01,-4.118055825666324665e-01,0.000000000000000000e+00,0.000000000000000000e+00,0.000000000000000000e+00,1.000000000000000056e-01
9.738620908633691675e-01,-2.185809666624437264e-01,6.176559715681981949e-02,1.600888753427881639e+01,2.173909616690028745e-01,9.757526795917297324e-01,2.545344876800419154e-02,2.307249205302776218e+00,-6.583158636895360127e-02,-1.136086627291092027e-02,9.977660712580258551e-01,-4.645221400926881627e-01,0.000000000000000000e+00,0.000000000000000000e+00,0.000000000000000000e+00,1.000000000000000056e-01
9.709994921344902163e-01,-2.294953220795158955e-01,6.702151459181872328e-02,1.688431018905980352e+01,2.283659751132128823e-01,9.732756426752384726e-01,2.415584371726501450e-02,2.527373012000703856e+00,-7.077406082141642074e-02,-8.149878448219341140e-03,9.974590777551356480e-01,-5.153837890092966001e-01,0.000000000000000000e+00,0.000000000000000000e+00,0.000000000000000000e+00,1.000000000000000056e-01
9.684502203990601465e-01,-2.392886178876915126e-01,6.960695337687305972e-02,1.770571655580472026e+01,2.381360197512822352e-01,9.709219114301400611e-01,2.453320203031572611e-02,2.724696968050130064e+00,-7.345343222769598612e-02,-7.183262089172316386e-03,9.972727781503561983e-01,-5.630379068799301612e-01,0.000000000000000000e+00,0.000000000000000000e+00,0.000000000000000000e+00,1.000000000000000056e-01
9.662033826904554701e-01,-2.472743670856260845e-01,7.284511418018568829e-02,1.857419016492382369e+01,2.463066835481574068e-01,9.689394218749676213e-01,2.212271177119243606e-02,2.933043807908414013e+00,-7.605288237160445775e-02,-3.432800461203699971e-03,9.970978763210582851e-01,-6.229448837897973990e-01,0.000000000000000000e+00,0.000000000000000000e+00,0.000000000000000000e+00,1.000000000000000056e-01
9.635175764064711768e-01,-2.559959118969201142e-01,7.810232421550829252e-02,1.946902001976926755e+01,2.549340184425807343e-01,9.666741488129303450e-01,2.344645511616607822e-02,3.173400740553985688e+00,-8.150169443955114501e-02,-2.680132246886634401e-03,9.966695995637778749e-01,-6.841944746822082868e-01,0.000000000000000000e+00,0.000000000000000000e+00,0.000000000000000000e+00,1.000000000000000056e-01
9.614139724300844181e-01,-2.623468013646963470e-01,8.280899365357230479e-02,2.036182160802909991e+01,2.612559652836541346e-01,9.649726675058669656e-01,2.393891330695024217e-02,3.400452803772997079e+00,-8.618871283358922608e-02,-1.380862166962421381e-03,9.962778723828834559e-01,-7.536103146483664750e-01,0.000000000000000000e+00,0.000000000000000000e+00,0.000000000000000000e+00,1.000000000000000056e-01
9.602871682077958049e-01,-2.648896273255658684e-01,8.764724702336829099e-02,2.123477704747935846e+01,2.640837675013388841e-01,9.642737627132519362e-01,2.087760247552164494e-02,3.659927562156634284e+00,-9.004620101787344510e-02,3.097721444864857954e-03,9.959327717291457382e-01,-8.214585750316386603e-01,0.000000000000000000e+00,0.000000000000000000e+00,0.000000000000000000e+00,1.000000000000000056e-01
9.583222194478125955e-01,-2.699812591110939963e-01,9.342720932044810966e-02,2.213140750111235988e+01,2.692025297334973977e-01,9.628528572133850938e-01,2.108016463660002116e-02,3.941357060587811656e+00,-9.564790482652489600e-02,4.949250934133791677e-03,9.954029250597403733e-01,-8.966459768092678306e-01,0.000000000000000000e+00,0.000000000000000000e+00,0.000000000000000000e+00,1.000000000000000056e-01
9.581037080798461281e-01,-2.692026980226695509e-01,9.781202349897689940e-02,2.304187322478480837e+01,2.682596660829594248e-01,9.630740206804908610e-01,2.291685500614439736e-02,4.217678090877267749e+00,-1.003694979399027271e-01,4.282297003818991143e-03,9.949410162495377907e-01,-9.714072199405492380e-01,0.000000000000000000e+00,0.000000000000000000e+00,0.000000000000000000e+00,1.000000000000000056e-01
9.591469490418831345e-01,-2.648960626976879507e-01,9.933381151908822482e-02,2.391779145826700770e+01,2.639204689580512131e-01,9.642683324208883855e-01,2.307745989491517130e-02,4.474983488710265966e+00,-1.018975770497488748e-01,4.081550869664130402e-03,9.947865221915146439e-01,-1.053014369718311860e+00,0.000000000000000000e+00,0.000000000000000000e+00,0.000000000000000000e+00,1.000000000000000056e-01
9.576994589376750522e-01,-2.701209570965065754e-01,9.922910302805189320e-02,2.481435895504073130e+01,2.692809086987664746e-01,9.628099200396300628e-01,2.201931160703929011e-02,4.725499251601728012e+00,-1.014866422779425320e-01,5.632620220515732051e-03,9.948209562673075990e-01,-1.125481777484277801e+00,0.000000000000000000e+00,0.000000000000000000e+00,0.000000000000000000e+00,1.000000000000000056e-01
9.578230301503649624e-01,-2.712909222719946944e-01,9.474322353806383101e-02,2.568454715019216295e+01,2.704798806581926174e-01,9.624844710406443848e-01,2.154709179311438752e-02,4.984786887954505197e+00,-9.703441179655222792e-02,4.987835043539091961e-03,9.952685288046013712e-01,-1.212883714583088191e+00,0.000000000000000000e+00,0.000000000000000000e+00,0.000000000000000000e+00,1.000000000000000056e-01
9.565486520069181875e-01,-2.743578820143869890e-01,9.870374319309044298e-02,2.657433298892231832e+01,2.738120484644632202e-01,9.615895268785328298e-01,1.930139666485092970e-02,5.245853004412230902e+00,-1.002079760270720987e-01,8.563549153196424457e-03,9.949296594063614663e-01,-1.290045194799625650e+00,0.000000000000000000e+00,0.000000000000000000e+00,0.000000000000000000e+00,1.000000000000000056e-01
9.553553005371390183e-01,-2.775173490176344182e-01,1.013921630591695378e-01,2.748775628975364071e+01,2.772032196975691698e-01,9.606526710165375071e-01,1.745911389771156313e-02,5.492206718542864685e+00,-1.022478592680253762e-01,1.142657704724235959e-02,9.946933239004318583e-01,-1.374161192552920685e+00,0.000000000000000000e+00,0.000000000000000000e+00,0.000000000000000000e+00,1.000000000000000056e-01
9.535633674973710283e-01,-2.805207693788149270e-01,1.096585706371891455e-01,2.843144042597391419e+01,2.804685544825069043e-01,9.597261715731009168e-01,1.621929542649404310e-02,5.767252893635273381e+00,-1.097920494096303878e-01,1.528965482790794854e-02,9.938369747306027291e-01,-1.464813259941532886e+00,0.000000000000000000e+00,0.000000000000000000e+00,0.000000000000000000e+00,1.000000000000000056e-01
9.516265158447468897e-01,-2.842374376069271569e-01,1.166878459987838179e-01,2.934225654230991509e+01,2.846285435773499572e-01,9.585406633576677438e-01,1.365243095125743232e-02,6.030580033122397765e+00,-1.157305773001425231e-01,2.022067636085585554e-02,9.930747996627873331e-01,-1.559040850897075670e+00,0.000000000000000000e+00,0.000000000000000000e+00,0.000000000000000000e+00,1.000000000000000056e-01
9.500868967524838116e-01,-2.861191164693209221e-01,1.243814287184800554e-01,3.022431343539243898e+01,2.871110504016116116e-01,9.578423207593393940e-01,1.026320123772008971e-02,6.287804901143901226e+00,-1.220742944133546143e-01,2.596034963512425589e-02,9.921813981779258329e-01,-1.643222298535440329e+00,0.000000000000000000e+00,0.000000000000000000e+00,0.000000000000000000e+00,1.000000000000000056e-01
9.488001580792854162e-01,-2.914112259804130245e-01,1.218924009170205686e-01,3.114415721956841665e+01,2.927404870550998073e-01,9.561643763782389227e-01,7.258965763553174716e-03,6.552970445680426081e+00,-1.186645156205761303e-01,2.879553294881272499e-02,9.925167756842843136e-01,-1.744192338730910175e+00,0.000000000000000000e+00,0.000000000000000000e+00,0.000000000000000000e+00,1.000000000000000056e-01
9.472613088918456770e-01,-2.973179655703561686e-01,1.195744120855794235e-01,3.209625901454014496e+01,2.985608704049362849e-01,9.543587099475862034e-01,7.801244146027315821e-03,6.843161390572896963e+00,-1.164363316991491315e-01,2.831042380967843664e-02,9.927945913249941468e-01,-1.857360901791927921e+00,0.000000000000000000e+00,0.000000000000000000e+00,0.000000000000000000e+00,1.000000000000000056e-01
9.455757623800430389e-01,-3.006721570452562386e-01,1.244296249980414576e-01,3.302366709571714409e+01,3.020268961191702739e-01,9.532634322796382786e-01,8.281467204752446590e-03,7.156108570748267006e+00,-1.211042180108537619e-01,2.975033875767165575e-02,9.921938750686699615e-01,-1.976121945193411333e+00,0.000000000000000000e+00,0.000000000000000000e+00,0.000000000000000000e+00,1.000000000000000056e-01
9.439910082406374192e-01,-3.053157407940560453e-01,1.251530054940813153e-01,3.395061306770070075e+01,3.066459936317739721e-01,9.517813575620199806e-01,8.971175339957608574e-03,7.459730271230667675e+00,-1.218573385168361806e-01,2.990895887146529514e-02,9.920968920568283833e-01,-2.069653500700101567e+00,0.000000000000000000e+00,0.000000000000000000e+00,0.000000000000000000e+00,1.000000000000000056e-01
9.426997860866228596e-01,-3.091948092536751513e-01,1.253622081921776099e-01,3.485513662881832175e+01,3.103719081931609614e-01,9.505569174229606677e-01,1.052736167777836365e-02,7.774130214177536580e+00,-1.224189197663969192e-01,2.898476617021631188e-02,9.920551856692683135e-01,-2.174789687406774696e+00,0.000000000000000000e+00,0.000000000000000000e+00,0.000000000000000000e+00,1.000000000000000056e-01
9.412823533846801372e-01,-3.120063458885609098e-01,1.289944624077553059e-01,3.577922244338840585e+01,3.130886221255871904e-01,9.496439104184580815e-01,1.232712864542175567e-02,8.075484798700411915e+00,-1.263449480671837710e-01,2.878338983523667793e-02,9.915686918048055576e-01,-2.286814703082613143e+00,0.000000000000000000e+00,0.000000000000000000e+00,0.000000000000000000e+00,1.000000000000000056e-01
9.395128517206879915e-01,-3.161547453220139303e-01,1.317641015680412198e-01,3.672878328937868275e+01,3.175577222765585406e-01,9.481775903406504113e-01,1.078657491152458514e-02,8.396440253638749240e+00,-1.283459951622359096e-01,3.170858221633898744e-02,9.912224126499789012e-01,-2.410399675336025727e+00,0.000000000000000000e+00,0.000000000000000000e+00,0.000000000000000000e+00,1.000000000000000056e-01
9.374764125785001179e-01,-3.206800689870783483e-01,1.352858795787220958e-01,3.766852513450216833e+01,3.215793185744755256e-01,9.467515745451875464e-01,1.575429977448312979e-02,8.718353465601142105e+00,-1.331342094434101175e-01,2.873585653240527671e-02,9.906813477729492501e-01,-2.504196150653676067e+00,0.000000000000000000e+00,0.000000000000000000e+00,0.000000000000000000e+00,1.000000000000000056e-01
9.359457573664943242e-01,-3.245113197973187313e-01,1.367404204727399319e-01,3.861247468932572957e+01,3.249573972949877376e-01,9.455239201388596637e-01,1.967756053251456388e-02,9.044038453468559169e+00,-1.356769295456189961e-01,2.601768184611443629e-02,9.904114554165998063e-01,-2.628384549016446581e+00,0.000000000000000000e+00,0.000000000000000000e+00,0.000000000000000000e+00,1.000000000000000056e-01
9.334656103940793814e-01,-3.304808598112047857e-01,1.393712865336891593e-01,3.955513546881914522e+01,3.312809477742033604e-01,9.433585409622634588e-01,1.809963633267350561e-02,9.389372424260288952e+00,-1.374586768939466130e-01,2.927566381820066385e-02,9.900747687192968938e-01,-2.738194295943261025e+00,0.000000000000000000e+00,0.000000000000000000e+00,0.000000000000000000e+00,1.000000000000000056e-01
9.313690909528981043e-01,-3.365553855316588683e-01,1.388599614259225512e-01,4.048742266350707553e+01,3.370514201363847828e-01,9.412598545989936394e-01,2.064524895290884704e-02,9.730192180033411020e+00,-1.376515768221290292e-01,2.757460044892381945e-02,9.900968057763158692e-01,-2.845090529241781852e+00,0.000000000000000000e+00,0.000000000000000000e+00,0.000000000000000000e+00,1.000000000000000056e-01
9.309497704682363484e-01,-3.382398763219721660e-01,1.375729294986302309e-01,4.144560387282199798e+01,3.387463722317983761e-01,9.406557647106416065e-01,2.043593933329072854e-02,1.008429551281254710e+01,-1.363210187936328144e-01,2.757749775333213915e-02,9.902807992951953020e-01,-2.971875870158636523e+00,0.000000000000000000e+00,0.000000000000000000e+00,0.000000000000000000e+00,1.000000000000000056e-01
9.297389812081764404e-01,-3.415794845065878715e-01,1.375095727074878982e-01,4.242961630272673546e+01,3.419289027692952732e-01,9.394725560216418137e-01,2.181609344380786714e-02,1.042812913144231324e+01,-1.366383997014309071e-01,2.673522482375767506e-02,9.902601554544417928e-01,-3.093539133073921032e+00,0.000000000000000000e+00,0.000000000000000000e+00,0.000000000000000000e+00,1.000000000000000056e-01
9.278964078452074382e-01,-3.447698428188177844e-01,1.419225556092054974e-01,4.338749739981205522e+01,3.455452055265513800e-01,9.381902857344794899e-01,1.993736921133679868e-02,1.080068628228052674e+01,-1.400241666483813818e-01,3.054084537375328923e-02,9.896769622044775394e-01,-3.210994980925797826e+00,0.000000000000000000e+00,0.000000000000000000e+00,0.000000000000000000e+00,1.000000000000000056e-01
9.282045717195055445e-01,-3.426616368672141255e-01,1.449802595476044620e-01,4.431617934111864088e+01,3.434129099869270285e-01,9.389584269637419878e-01,2.060693301017746046e-02,1.114609198236145282e+01,-1.431916418416941394e-01,3.066064339273847847e-02,9.892199344197544209e-01,-3.335572396183177357e+00,0.000000000000000000e+00,0.000000000000000000e+00,0.000000000000000000e+00,1.000000000000000056e-01
9.233153171891090860e-01,-3.559963275818559536e-01,1.440674834659324832e-01,4.513259928583686786e+01,3.568515492640033093e-01,9.339306276990589906e-01,2.074980562613386315e-02,1.146877466670532009e+01,-1.419358898653031165e-01,3.225209131007802238e-02,9.893502947764613031e-01,-3.443482931083959642e+00,0.000000000000000000e+00,0.000000000000000000e+00,0.000000000000000000e+00,1.000000000000000056e-01
9.231791568440546047e-01,-3.577102894301454894e-01,1.406541617034556824e-01,4.600045749206441315e+01,3.587259964181845895e-01,9.332505933556161093e-01,1.894701810763422742e-02,1.180058342702138319e+01,-1.380431231988068497e-01,3.296481210612178803e-02,9.898774759031175874e-01,-3.567178952414633120e+00,0.000000000000000000e+00,0.000000000000000000e+00,0.000000000000000000e+00,1.000000000000000056e-01
9.230591320239762698e-01,-3.579079496940750782e-01,1.409387751221322371e-01,4.684942696263125583e+01,3.589772730597084460e-01,9.331600044897814250e-01,1.864734424111241101e-02,1.213828505282695325e+01,-1.381924607703294006e-01,3.338121577196499074e-02,9.898426835713978189e-01,-3.686817167517108196e+00,0.000000000000000000e+00,0.000000000000000000e+00,0.000000000000000000e+00,1.000000000000000056e-01
9.215742797500763306e-01,-3.599785011557134484e-01,1.453145746606790412e-01,4.769715212754609723e+01,3.609952871388866780e-01,9.323479618190229079e-01,2.024057201332176564e-02,1.250060110023573934e+01,-1.427699182833722102e-01,3.380468603019046864e-02,9.891784437783506245e-01,-3.809552546037117349e+00,0.000000000000000000e+00,0.000000000000000000e+00,0.000000000000000000e+00,1.000000000000000056e-01
9.219593460402339957e-01,-3.574033452150258694e-01,1.491771198212817895e-01,4.859161093094406425e+01,3.590265140318874004e-01,9.331754234475758691e-01,1.684016910688255347e-02,1.287207576082189320e+01,-1.452271547307009691e-01,3.803259000576358906e-02,9.886670802784315315e-01,-3.931758974412214336e+00,0.000000000000000000e+00,0.000000000000000000e+00,0.000000000000000000e+00,1.000000000000000056e-01
9.206655022031473568e-01,-3.580350328362464918e-01,1.555183214768418587e-01,4.942444520286758092e+01,3.602060067317173209e-01,9.327525864284873514e-01,1.497481971034036498e-02,1.319966300587054597e+01,-1.504216266612498076e-01,4.223183364377058185e-02,9.877194978634715739e-01,-4.057863428993766952e+00,0.000000000000000000e+00,0.000000000000000000e+00,0.000000000000000000e+00,1.000000000000000056e-01
9.193961255310980629e-01,-3.611628938564782620e-01,1.557951490246712867e-01,5.028785865432177360e+01,3.637103300216413260e-01,9.314234868894489816e-01,1.284849820987621696e-02,1.357218269749798800e+01,-1.497516617402093186e-01,4.485144559448053792e-02,9.877058203909356848e-01,-4.181583829278546105e+00,0.000000000000000000e+00,0.000000000000000000e+00,0.000000000000000000e+00,1.000000000000000056e-01
9.194039702240299761e-01,-3.611111146595478161e-01,1.558688628483250460e-01,5.120674508460832897e+01,3.637216836850635238e-01,9.314244652149902270e-01,1.244999663743307991e-02,1.394914875603284621e+01,-1.496759043854209159e-01,4.524630889153724578e-02,9.876992939038166108e-01,-4.286796864791684314e+00,0.000000000000000000e+00,0.000000000000000000e+00,0.000000000000000000e+00,1.000000000000000056e-01
9.173355048597071626e-01,-3.651510307637045316e-01,1.586199743285515718e-01,5.209103305020214236e+01,3.679446227013320470e-01,9.297642770788114852e-01,1.245566912251177411e-02,1.432994677461319810e+01,-1.520273861807822091e-01,4.693733908434906399e-02,9.872611407579658938e-01,-4.422129589451013310e+00,0.000000000000000000e+00,0.000000000000000000e+00,0.000000000000000000e+00,1.000000000000000056e-01
9.165003453455196070e-01,-3.656475712206703754e-01,1.622620431338399061e-01,5.294571675488972318e+01,3.684859710858483517e-01,9.295374997808121265e-01,1.334637082341508588e-02,1.468741752891353869e+01,-1.557087219601479555e-01,4.755933306577750375e-02,9.866574399171557097e-01,-4.547510420970454881e+00,0.000000000000000000e+00,0.000000000000000000e+00,0.000000000000000000e+00,1.000000000000000056e-01
9.150770389786536674e-01,-3.662128965261570168e-01,1.688849524143040959e-01,5.380943166040891157e+01,3.690364366198018442e-01,9.292854888713327766e-01,1.551091938367951326e-02,1.502962937353730943e+01,-1.626226342826193327e-01,4.813101485622552078e-02,9.855137159004390135e-01,-4.665266951926942518e+00,0.000000000000000000e+00,0.000000000000000000e+00,0.000000000000000000e+00,1.000000000000000056e-01
9.146598559257579364e-01,-3.680583870634830945e-01,1.671238213723550692e-01,5.465678103842564184e+01,3.695888122671320830e-01,9.289105034118032567e-01,2.300840060066672646e-02,1.541678266665125996e+01,-1.637115078570905158e-01,4.072223426406511304e-02,9.856674093383124280e-01,-4.799736788379304286e+00,0.000000000000000000e+00,0.000000000000000000e+00,0.000000000000000000e+00,1.000000000000000056e-01
9.141415960417582642e-01,-3.705340092687081643e-01,1.644679007024892614e-01,5.549647287903450632e+01,3.722563596167214328e-01,9.278835187048030120e-01,2.138640785404822414e-02,1.576126824318992803e+01,-1.605314458638341379e-01,4.167401698001341886e-02,9.861505621342090411e-01,-4.929678994497795230e+00,0.000000000000000000e+00,0.000000000000000000e+00,0.000000000000000000e+00,1.000000000000000056e-01
9.138239268547818650e-01,-3.732511306821496566e-01,1.600294477657256964e-01,5.632746970058835956e+01,3.743588174379152145e-01,9.269648307579072544e-01,2.432443924225074702e-02,1.612604806122467949e+01,-1.574207944148166560e-01,3.768018023392555316e-02,9.868124935890034699e-01,-5.047066043202550034e+00,0.000000000000000000e+00,0.000000000000000000e+00,0.000000000000000000e+00,1.000000000000000056e-01
9.142047759879363689e-01,-3.735647767254216545e-01,1.570954650871025648e-01,5.718864531193361245e+01,3.751850374357087459e-01,9.267265925840737495e-01,2.034724261117515365e-02,1.649249008877926670e+01,-1.531855582136024962e-01,4.033832157636307175e-02,9.873737917157761057e-01,-5.189362820914538155e+00,0.000000000000000000e+00,0.000000000000000000e+00,0.000000000000000000e+00,1.000000000000000056e-01
9.144698026982186478e-01,-3.740430382030582868e-01,1.543916627441603018e-01,5.803969310465898701e+01,3.750644438113255319e-01,9.266988567202505411e-01,2.357736079126989542e-02,1.685056699647873657e+01,-1.518935250153280736e-01,3.634603864530692313e-02,9.877283647507606457e-01,-5.326416549640413223e+00,0.000000000000000000e+00,0.000000000000000000e+00,0.000000000000000000e+00,1.000000000000000056e-01
9.131710301774045302e-01,-3.751834026310100767e-01,1.592359382644359389e-01,5.891991947373463034e+01,3.759138104034477901e-01,9.262705907820797391e-01,2.667582801297394002e-02,1.722849345837416379e+01,-1.575038945318450456e-01,3.549939495870960832e-02,9.868800920906587448e-01,-5.439058361952477050e+00,0.000000000000000000e+00,0.000000000000000000e+00,0.000000000000000000e+00,1.000000000000000056e-01
9.127851454857194291e-01,-3.758706602660505380e-01,1.598265463925728491e-01,5.975615447287616178e+01,3.767141151109590913e-01,9.259599254690392689e-01,2.616661807605866544e-02,1.759336991725632870e+01,-1.578282409988184531e-01,3.632441570809426257e-02,9.867982484615001049e-01,-5.555107882652635887e+00,0.000000000000000000e+00,0.000000000000000000e+00,0.000000000000000000e+00,1.000000000000000056e-01
9.123752670198103099e-01,-3.774130282975013961e-01,1.585269005621418315e-01,6.051404341317390845e+01,3.780897935706207247e-01,9.253736321893808459e-01,2.705085666587768098e-02,1.791432556936325327e+01,-1.569059595052245404e-01,3.525687053528576281e-02,9.869840287217432895e-01,-5.676855043367221576e+00,0.000000000000000000e+00,0.000000000000000000e+00,0.000000000000000000e+00,1.000000000000000056e-01
9.111951280291964439e-01,-3.803683817621804075e-01,1.582508540623918381e-01,6.126341128865301755e+01,3.807570918036816132e-01,9.242182252891275596e-01,2.906387938005166108e-02,1.823585732640535895e+01,-1.573133042595539488e-01,3.377226967551384684e-02,9.869711029730836582e-01,-5.795572433784291988e+00,0.000000000000000000e+00,0.000000000000000000e+00,0.000000000000000000e+00,1.000000000000000056e-01
9.120338878762623835e-01,-3.787067045963060652e-01,1.574020942018102276e-01,6.199303125866231312e+01,3.791813399604455626e-01,9.248929251836385257e-01,2.818844392749261449e-02,1.855279006588606805e+01,-1.562552360438213550e-01,3.397512088364955385e-02,9.871322061253148261e-01,-5.914476527783354420e+00,0.000000000000000000e+00,0.000000000000000000e+00,0.000000000000000000e+00,1.000000000000000056e-01
9.117458484353170300e-01,-3.805424223514403681e-01,1.546187978606155256e-01,6.272989660278105362e+01,3.811905676524804387e-01,9.241132631187092272e-01,2.661631193217926100e-02,1.886676416097153108e+01,-1.530139176471985440e-01,3.467191542140833638e-02,9.876156131244924197e-01,-6.031496888148213387e+00,0.000000000000000000e+00,0.000000000000000000e+00,0.000000000000000000e+00,1.000000000000000056e-01
9.114686030676403261e-01,-3.801739542895387625e-01,1.571392697634170221e-01,6.342208450530858954e+01,3.806577849297290705e-01,9.242858063200395380e-01,2.820281914466112386e-02,1.917064784444378844e+01,-1.559635739341606597e-01,3.411030218526389657e-02,9.871736680496059346e-01,-6.137502984059382882e+00,0.000000000000000000e+00,0.000000000000000000e+00,0.000000000000000000e+00,1.000000000000000056e-01
9.107037389641732261e-01,-3.816590136645304776e-01,1.579718238335330871e-01,6.412303725298212953e+01,3.819164246905192295e-01,9.237116724838760895e-01,2.994312389600295790e-02,1.948805217935678513e+01,-1.573484807307843902e-01,3.306271927198609767e-02,9.869895198055832486e-01,-6.242884367568334980e+00,0.000000000000000000e+00,0.000000000000000000e+00,0.000000000000000000e+00,1.000000000000000056e-01
9.086145046657941871e-01,-3.844499884410557122e-01,1.631498951841697520e-01,6.480800581942078509e+01,3.848626669720048854e-01,9.224743446493147703e-01,3.036134112671744906e-02,1.977874150113077079e+01,-1.621740098848428457e-01,3.520354884794103106e-02,9.861340175992213686e-01,-6.345845719324428202e+00,0.000000000000000000e+00,0.000000000000000000e+00,0.000000000000000000e+00,1.000000000000000056e-01
9.092397229539558312e-01,-3.831004375727686262e-01,1.628409682302547068e-01,6.544206240534371943e+01,3.832058141471775259e-01,9.231072380919072007e-01,3.203640095469270643e-02,2.006408545669951948e+01,-1.625928356552418796e-01,3.327283747870277142e-02,9.861320844996898094e-01,-6.437541687659019018e+00,0.000000000000000000e+00,0.000000000000000000e+00,0.000000000000000000e+00,1.000000000000000056e-01
9.098389002302065265e-01,-3.840763826035264450e-01,1.570939462680782939e-01,6.604498098533711925e+01,3.834061136705783635e-01,9.228864601572953630e-01,3.578175035350315142e-02,2.033755647250477239e+01,-1.587228012224830842e-01,2.767515102987545134e-02,9.869352351535340961e-01,-6.524148738173837003e+00,0.000000000000000000e+00,0.000000000000000000e+00,0.000000000000000000e+00,1.000000000000000056e-01
9.120559673449828431e-01,-3.803242754725273955e-01,1.533210941674520988e-01,6.665240789440579761e+01,3.798766862924253807e-01,9.244350494831865550e-01,3.336978421423526797e-02,2.059113257907403138e+01,-1.544267322774585116e-01,2.780799836945291315e-02,9.876128287870660216e-01,-6.615403671032390243e+00,0.000000000000000000e+00,0.000000000000000000e+00,0.000000000000000000e+00,1.000000000000000056e-01
9.139448662763153264e-01,-3.767579166569255955e-01,1.508583893706322288e-01,6.731471122966289045e+01,3.762628920871410321e-01,9.259277283955826832e-01,3.292533714962599806e-02,2.088072872375839850e+01,-1.520888472090857757e-01,2.667047102188456822e-02,9.880069172480940853e-01,-6.713390233949928287e+00,0.000000000000000000e+00,0.000000000000000000e+00,0.000000000000000000e+00,1.000000000000000056e-01
9.147603693346748610e-01,-3.757288096302541791e-01,1.484632220737559516e-01,6.794320188914539926e+01,3.748497786835706669e-01,9.264268612738691955e-01,3.494158169180845014e-02,2.114776071039169381e+01,-1.506688757360565845e-01,2.368823176346079168e-02,9.883004389153904334e-01,-6.811212651254067829e+00,0.000000000000000000e+00,0.000000000000000000e+00,0.000000000000000000e+00,1.000000000000000056e-01
9.150422683904041454e-01,-3.738824397102132879e-01,1.513590708721556655e-01,6.855547264011181596e+01,3.726005602662799676e-01,9.272203601009521012e-01,3.783155169319660227e-02,2.141484576855767941e+01,-1.544877650437010974e-01,2.177900573027732184e-02,9.877546281142917106e-01,-6.898208053965881881e+00,0.000000000000000000e+00,0.000000000000000000e+00,0.000000000000000000e+00,1.000000000000000056e-01
9.140473446739375563e-01,-3.764669114308809572e-01,1.509639569308423301e-01,6.912089934759897858e+01,3.752133382206505052e-01,9.261668915726966045e-01,3.781322223620603440e-02,2.163627976934839836e+01,-1.540532457166666480e-01,2.208061485245022340e-02,9.878157945345367175e-01,-6.985212062497411445e+00,0.000000000000000000e+00,0.000000000000000000e+00,0.000000000000000000e+00,1.000000000000000056e-01
9.136194589442444558e-01,-3.784585906562084046e-01,1.485549709600540447e-01,6.963624678231859377e+01,3.772907255976834517e-01,9.253525067985997055e-01,3.707352882477087108e-02,2.184696461947259394e+01,-1.514965102449543077e-01,2.217731543862056995e-02,9.882089728713944199e-01,-7.044133791947338352e+00,0.000000000000000000e+00,0.000000000000000000e+00,0.000000000000000000e+00,1.000000000000000056e-01
9.154127278544048618e-01,-3.743019783859057870e-01,1.480458262111914725e-01,7.019750482232571187e+01,3.740751873139185890e-01,9.268986159280513393e-01,3.044191233676978720e-02,2.206545329943145362e+01,-1.486179394225814188e-01,2.751335615768819853e-02,9.885118731278477178e-01,-7.121663097066314840e+00,0.000000000000000000e+00,0.000000000000000000e+00,0.000000000000000000e+00,1.000000000000000056e-01
9.181351921635417801e-01,-3.683218408543382227e-01,1.461738364430781867e-01,7.075886198040514330e+01,3.686801793703879393e-01,9.292027160357150262e-01,2.563665054699804102e-02,2.228309999343088066e+01,-1.452676641590783246e-01,3.035348516269420482e-02,9.889266765985450514e-01,-7.191731487577928128e+00,0.000000000000000000e+00,0.000000000000000000e+00,0.000000000000000000e+00,1.000000000000000056e-01
9.204741899592827625e-01,-3.640186650636703103e-01,1.421888782713528199e-01,7.128492421144441948e+01,3.638946502715267872e-01,9.310247571469042471e-01,2.781339755066154079e-02,2.250058166553210981e+01,-1.425059617088539621e-01,2.614025755059395245e-02,9.894487039824870767e-01,-7.261021060269104765e+00,0.000000000000000000e+00,0.000000000000000000e+00,0.000000000000000000e+00,1.000000000000000056e-01
9.239190304709965496e-01,-3.556695225025151563e-01,1.409709753685720601e-01,7.180371605906167076e+01,3.543620611673778953e-01,9.344480454513860446e-01,3.513374385532852529e-02,2.273294738854468022e+01,-1.442260542992880312e-01,1.749403083675139109e-02,9.893901172673706945e-01,-7.339803155448268335e+00,0.000000000000000000e+00,0.000000000000000000e+00,0.000000000000000000e+00,1.000000000000000056e-01
9.262323729168782105e-01,-3.478544391038065342e-01,1.452269966519487976e-01,7.231520298940935731e+01,3.467708009548211567e-01,9.373500048330177803e-01,3.354072218502961861e-02,2.291245162817657288e+01,-1.477958151163989153e-01,1.929397925047364459e-02,9.888296816938504374e-01,-7.411521101582014381e+00,0.000000000000000000e+00,0.000000000000000000e+00,0.000000000000000000e+00,1.000000000000000056e-01
9.290122914161978995e-01,-3.395351653372239431e-01,1.471463009968287938e-01,7.286079923057371843e+01,3.385410374621161678e-01,9.403892141940775051e-01,3.252832275908788817e-02,2.310315609194714170e+01,-1.494193038121225392e-01,1.959584973583333375e-02,9.885797258296527001e-01,-7.474153448276203981e+00,0.000000000000000000e+00,0.000000000000000000e+00,0.000000000000000000e+00,1.000000000000000056e-01
9.321109054265963589e-01,-3.293774865138875962e-01,1.505979128759908081e-01,7.337981522651237754e+01,3.281032085213600458e-01,9.440313049105795162e-01,3.395850271754450450e-02,2.326582127610338802e+01,-1.533543104800112189e-01,1.775856769625086540e-02,9.880116845111590607e-01,-7.542172298167530542e+00,0.000000000000000000e+00,0.000000000000000000e+00,0.000000000000000000e+00,1.000000000000000056e-01
9.367977927841085739e-01,-3.172269719721005909e-01,1.475701314231116501e-01,7.385135800735810108e+01,3.154806675193422283e-01,9.482593125875421469e-01,3.572428463317741526e-02,2.344580198994656683e+01,-1.512674580217854281e-01,1.308909257412846187e-02,9.884062078918834926e-01,-7.600159434475265208e+00,0.000000000000000000e+00,0.000000000000000000e+00,0.000000000000000000e+00,1.000000000000000056e-01
9.423029690125273028e-01,-3.025412138436371912e-01,1.432966451672700869e-01,7.432657207132878341e+01,3.000916935946771336e-01,9.531153993706866778e-01,3.893598487177294537e-02,2.362445759898556119e+01,-1.483579793123858681e-01,6.312638788583083138e-03,9.889135758830852607e-01,-7.670273154348507205e+00,0.000000000000000000e+00,0.000000000000000000e+00,0.000000000000000000e+00,1.000000000000000056e-01
9.501280715589649484e-01,-2.786947940836095317e-01,1.399494886962323048e-01,7.480016114453074749e+01,2.751452472978253017e-01,9.603723119407081565e-01,4.449848702009601142e-02,2.375803597635589526e+01,-1.468051106912184323e-01,-3.772824983166410406e-03,9.891582407616010819e-01,-7.737217432243632231e+00,0.000000000000000000e+00,0.000000000000000000e+00,0.000000000000000000e+00,1.000000000000000056e-01
9.555429979791573158e-01,-2.590190637951104713e-01,1.408783290776429442e-01,7.528875493108932915e+01,2.553922389428081030e-01,9.658557130385402312e-01,4.356082963618376769e-02,2.388188451067114926e+01,-1.473512242934675587e-01,-5.645013863357438433e-03,9.890681222836467112e-01,-7.787109744130858324e+00,0.000000000000000000e+00,0.000000000000000000e+00,0.000000000000000000e+00,1.000000000000000056e-01
9.622606123926096267e-01,-2.314355660074572663e-01,1.431505942167470014e-01,7.577400836038316356e+01,2.279328031616209838e-01,9.728287245563834729e-01,4.063139083130194729e-02,2.399792784371998167e+01,-1.486645589260789657e-01,-6.469270809617212736e-03,9.888665215561229793e-01,-7.855596176756653115e+00,0.000000000000000000e+00,0.000000000000000000e+00,0.000000000000000000e+00,1.000000000000000056e-01
9.688875914528028988e-01,-2.006270594825845799e-01,1.449331505631406558e-01,7.624035951105021525e+01,1.968168849754542982e-01,9.796110346067616881e-01,4.031543953907372468e-02,2.413479284932188662e+01,-1.500664816584480477e-01,-1.053583788985838418e-02,9.886197687698811132e-01,-7.912634458461509368e+00,0.000000000000000000e+00,0.000000000000000000e+00,0.000000000000000000e+00,1.000000000000000056e-01
9.755748214343780145e-01,-1.659496296168484486e-01,1.439252869141217361e-01,7.668677043905853452e+01,1.621680848831425492e-01,9.860426220141014220e-01,3.770225214612320241e-02,2.417268444605993594e+01,-1.481731420623026152e-01,-1.344127976000809507e-02,9.888700885201240354e-01,-7.979193871483973410e+00,0.000000000000000000e+00,0.000000000000000000e+00,0.000000000000000000e+00,1.000000000000000056e-01
