9.999999999999998890e-01,-4.527203692959276214e-09,1.191907365453850034e-08,8.437345858320325494e-15,4.527203709377504428e-09,1.000000000000000000e+00,-1.377475109908174490e-09,5.647651283520721662e-15,-1.191907364830238902e-08,1.377475163868248749e-09,9.999999999999998890e-01,-2.346666019407442886e-14,0.000000000000000000e+00,0.000000000000000000e+00,0.000000000000000000e+00,1.000000000000000056e-01
9.998536367618136023e-01,-1.229956688940566159e-02,1.189225413907304615e-02,6.528282659143479494e-01,1.233049535105093519e-02,9.999207735603519165e-01,-2.530906332738339787e-03,4.184900766166043014e-03,-1.186018290638788178e-02,2.677173285467290137e-03,9.999260816703535726e-01,2.572675973848538664e-03,0.000000000000000000e+00,0.000000000000000000e+00,0.000000000000000000e+00,1.000000000000000056e-01
9.995262938095660354e-01,-1.882628764917100225e-02,2.434663994607493345e-02,1.337566246662533986e+00,1.890053379663867925e-02,9.998173835405571586e-01,-2.823011214396561972e-03,-1.757084056893868425e-03,-2.428904702772958710e-02,3.281838427644020052e-03,9.996995907426488026e-01,-1.389512407767225406e-02,0.000000000000000000e+00,0.000000000000000000e+00,0.000000000000000000e+00,1.000000000000000056e-01
9.990506472209733646e-01,-2.656296290130675392e-02,3.452844174384354231e-02,2.069543564089139753e+00,2.676525452264813532e-02,9.996271088537526106e-01,-5.409657570088637762e-03,1.982372756735944000e-02,-3.437186986028050589e-02,6.328684428185292130e-03,9.993890745429011568e-01,-3.901254520341528725e-02,0.000000000000000000e+00,0.000000000000000000e+00,0.000000000000000000e+00,1.000000000000000056e-01
9.983019766444447551e-01,-3.541287825885223312e-02,4.625031330940455182e-02,2.801737040832491754e+00,3.577164693724389083e-02,9.993358064418781384e-01,-6.952354893004344082e-03,6.917815225722213912e-02,-4.597339125180503056e-02,8.594999510460846204e-03,9.989056878806045203e-01,-8.229432400219986732e-02,0.000000000000000000e+00,0.000000000000000000e+00,0.000000000000000000e+00,1.000000000000000056e-01
9.974650624294192358e-01,-4.448995155830912790e-02,5.553461481827480506e-02,3.552789792639191369e+00,4.497299639957843403e-02,9.989602121765996934e-01,-7.478240630414001965e-03,9.611092574985072301e-02,-5.514416403862104632e-02,9.956841789552368926e-03,9.984287568344871744e-01,-1.203299892971409352e-01,0.000000000000000000e+00,0.000000000000000000e+00,0.000000000000000000e+00,1.000000000000000056e-01
9.963394301433080580e-01,-5.372113494219660224e-02,6.649646308060677691e-02,4.311501361269391097e+00,5.436744413385455332e-02,9.984893722729274446e-01,-7.946979071790502211e-03,1.519002836806366274e-01,-6.596909094462649614e-02,1.153313134138235323e-02,9.977550129773350429e-01,-1.561274329273389661e-01,0.000000000000000000e+00,0.000000000000000000e+00,0.000000000000000000e+00,1.000000000000000056e-01
9.948997296406625335e-01,-6.353001846738866309e-02,7.834835489319447177e-02,5.115468567381433296e+00,6.420599515084003672e-02,9.979177984967755322e-01,-6.136581298993004294e-03,2.205254892146254198e-01,-7.779536070760903477e-02,1.113571716963482165e-02,9.969071559856970133e-01,-2.120487996171380729e-01,0.000000000000000000e+00,0.000000000000000000e+00,0.000000000000000000e+00,1.000000000000000056e-01
9.935201505192501337e-01,-6.831750695020764874e-02,9.083187081809342145e-02,5.890303416319660812e+00,6.897178615899383913e-02,9.976102668917764538e-01,-4.080209082446948146e-03,2.888403873504057362e-01,-9.033605717676916613e-02,1.031860631222959561e-02,9.958578830021523887e-01,-2.670667991329929158e-01,0.000000000000000000e+00,0.000000000000000000e+00,0.000000000000000000e+00,1.000000000000000056e-01
9.916938924000686661e-01,-7.697999627290388891e-02,1.030403025530536587e-01,6.693846758067664382e+00,7.798708448985100516e-02,9.969376429091872938e-01,-5.775015449902651254e-03,3.496841444902900609e-01,-1.022801956840813653e-01,1.376286033124930058e-02,9.946604170501249786e-01,-3.388696696593832547e-01,0.000000000000000000e+00,0.000000000000000000e+00,0.000000000000000000e+00,1.000000000000000056e-01
9.897736202016497176e-01,-8.487070350537798125e-02,1.146522762068976214e-01,7.525631914279710344e+00,8.642200813646608304e-02,9.962213332207260352e-01,-8.619265953643588662e-03,4.184498813518503502e-01,-1.134875202944407996e-01,1.843960201363549836e-02,9.933682921328813586e-01,-4.184948150916157905e-01,0.000000000000000000e+00,0.000000000000000000e+00,0.000000000000000000e+00,1.000000000000000056e-01
9.878223362496615367e-01,-9.160524385502970268e-02,1.257597364203712764e-01,8.363847999305166425e+00,9.347826163683135847e-02,9.955800850598258700e-01,-9.061392477208756596e-03,5.105598573293925746e-01,-1.243738180149536882e-01,2.070684743099387645e-02,9.920193444998200993e-01,-5.172775452710609567e-01,0.000000000000000000e+00,0.000000000000000000e+00,0.000000000000000000e+00,1.000000000000000056e-01
9.859338116010079034e-01,-9.852806876544457915e-02,1.350064398732888915e-01,9.211941153141378180e+00,1.006968568020856353e-01,9.948735549052230009e-01,-9.314117264904216847e-03,6.236800611855275456e-01,-1.333966347854712853e-01,2.277782727996572817e-02,9.908009428802112550e-01,-6.207978286541629975e-01,0.000000000000000000e+00,0.000000000000000000e+00,0.000000000000000000e+00,1.000000000000000056e-01
9.839715829081551179e-01,-1.038027760956252432e-01,1.449996817377924019e-01,9.992261067630419547e+00,1.067156881923509160e-01,9.942117984971695632e-01,-1.243630261196681033e-02,7.260243569861517532e-01,-1.428694716265603570e-01,2.771070919094217530e-02,9.893535418005449111e-01,-7.189814709112294366e-01,0.000000000000000000e+00,0.000000000000000000e+00,0.000000000000000000e+00,1.000000000000000056e-01
9.815234629130235033e-01,-1.113870920692927313e-01,1.555783001307491087e-01,1.082009002217213656e+01,1.147321909725059763e-01,9.933157718405130066e-01,-1.266103343073662728e-02,8.336971912779519434e-01,-1.531281035795682144e-01,3.027694061877313214e-02,9.877424212621893629e-01,-8.457942092446569804e-01,0.000000000000000000e+00,0.000000000000000000e+00,0.000000000000000000e+00,1.000000000000000056e-01
9.794120115901039370e-01,-1.165509436199768240e-01,1.648271491421214041e-01,1.162601252331601387e+01,1.204113333802363933e-01,9.926310423867458210e-01,-1.359133855792110657e-02,9.452613433118350894e-01,-1.620284615325952859e-01,3.315857704268157513e-02,9.862288205187905721e-01,-9.500920825302616723e-01,0.000000000000000000e+00,0.000000000000000000e+00,0.000000000000000000e+00,1.000000000000000056e-01
9.773471023539365143e-01,-1.222612115299562124e-01,1.727565850426292238e-01,1.248771581428857402e+01,1.260872180534291787e-01,9.919547171493304782e-01,-1.130719101893432749e-02,1.081252544186888542e+00,-1.699842785786699617e-01,3.283344758655368928e-02,9.848996445098709973e-01,-1.090073444501371336e+00,0.000000000000000000e+00,0.000000000000000000e+00,0.000000000000000000e+00,1.000000000000000056e-01
9.752017572417944757e-01,-1.298619076761279856e-01,1.792133298815494213e-01,1.338996301260815436e+01,1.338768133716695119e-01,9.909429778340446138e-01,-1.044095411557031602e-02,1.211558594397192268e+00,-1.762343085609706650e-01,3.417454631905275653e-02,9.837548316882227528e-01,-1.246214966206121266e+00,0.000000000000000000e+00,0.000000000000000000e+00,0.000000000000000000e+00,1.000000000000000056e-01
9.740934707682848970e-01,-1.284859966068574444e-01,1.861001313340191199e-01,1.425730345716442393e+01,1.321850232205252773e-01,9.911962786098055256e-01,-7.553602204372232218e-03,1.345777803756186275e+00,-1.834912255198753173e-01,3.195756476979003113e-02,9.825017476886231949e-01,-1.394150982597433197e+00,0.000000000000000000e+00,0.000000000000000000e+00,0.000000000000000000e+00,1.000000000000000056e-01
9.692637293721982905e-01,-1.500005139939101784e-01,1.950068427647107805e-01,1.522706946266125172e+01,1.540940049922428501e-01,9.880385484264173623e-01,-5.904612507927255866e-03,1.584250573089327485e+00,-1.917885829473394976e-01,3.577251214243815092e-02,9.807841081634992575e-01,-1.574548738005434378e+00,0.000000000000000000e+00,0.000000000000000000e+00,0.000000000000000000e+00,1.000000000000000056e-01
9.673610754947850054e-01,-1.520918643191937758e-01,2.026835326944069204e-01,1.614774900308350425e+01,1.565977998580722341e-01,9.876424479400002232e-01,-6.286820078156750424e-03,1.752137838955653226e+00,-1.992226862011048927e-01,3.782142031965369383e-02,9.792241119722390197e-01,-1.753322511990405008e+00,0.000000000000000000e+00,0.000000000000000000e+00,0.000000000000000000e+00,1.000000000000000056e-01
9.638632427079303344e-01,-1.598269003926941767e-01,2.131267493005444269e-01,1.702766991992847068e+01,1.655895506810202977e-01,9.861504527222144656e-01,-9.348010538575202144e-03,1.916263133528290918e+00,-2.086809767607270549e-01,4.430176640536260396e-02,9.769798377814936652e-01,-1.929633086705401013e+00,0.000000000000000000e+00,0.000000000000000000e+00,0.000000000000000000e+00,1.000000000000000056e-01
9.609215313607700759e-01,-1.668173921516920011e-01,2.209112225374282035e-01,1.785261824320469159e+01,1.733940468834999638e-01,9.847957093475271373e-01,-1.057900543829490628e-02,2.059040869757159165e+00,-2.157876620028011116e-01,4.847028498378637418e-02,9.752365438194753322e-01,-2.099956739736931421e+00,0.000000000000000000e+00,0.000000000000000000e+00,0.000000000000000000e+00,1.000000000000000056e-01
9.581824615006572232e-01,-1.716266807818001006e-01,2.289774069998251615e-01,1.872236616880616822e+01,1.796820034564794999e-01,9.836157241873770829e-01,-1.464529839939881367e-02,2.208072374365330326e+00,-2.227122540553329588e-01,5.517598730574588967e-02,9.733215616220720623e-01,-2.293667921377911423e+00,0.000000000000000000e+00,0.000000000000000000e+00,0.000000000000000000e+00,1.000000000000000056e-01
9.545932314170820776e-01,-1.777104607020660587e-01,2.391040666524778813e-01,1.961960972515112189e+01,1.866629995227885586e-01,9.823072779464975257e-01,-1.514385362111922428e-02,2.385293298017165053e+00,-2.321824436555197380e-01,5.908810244373975673e-02,9.708758463406892414e-01,-2.496642343424471555e+00,0.000000000000000000e+00,0.000000000000000000e+00,0.000000000000000000e+00,1.000000000000000056e-01
9.515017670832371932e-01,-1.814009393838251216e-01,2.484715002332116285e-01,2.051190134908655693e+01,1.913929604689265651e-01,9.813755695639875265e-01,-1.645375780479774869e-02,2.547793225806546769e+00,-2.408591329396022607e-01,6.321147564821461007e-02,9.684994514329671178e-01,-2.712019091711185936e+00,0.000000000000000000e+00,0.000000000000000000e+00,0.000000000000000000e+00,1.000000000000000056e-01
9.492038568019708356e-01,-1.808069571031605260e-01,2.575284110449941877e-01,2.138682734218718551e+01,1.926600927083265691e-01,9.810334505688392825e-01,-2.134145127716775142e-02,2.742266843568362589e+00,-2.487853028413909706e-01,6.987283540899558165e-02,9.660350200494932649e-01,-2.926087734705866694e+00,0.000000000000000000e+00,0.000000000000000000e+00,0.000000000000000000e+00,1.000000000000000056e-01
9.459418097281576676e-01,-1.832945967703443479e-01,2.675765000948603922e-01,2.228493864139433711e+01,1.964665479921862967e-01,9.802390524129128702e-01,-2.307153321018383732e-02,2.955418397463442037e+00,-2.580600475243153835e-01,7.439415917551271684e-02,9.632603598987744542e-01,-3.155006955275478919e+00,0.000000000000000000e+00,0.000000000000000000e+00,0.000000000000000000e+00,1.000000000000000056e-01
9.440001411622443994e-01,-1.804232570148582848e-01,2.762447860391449850e-01,2.319564210576775309e+01,1.941937636550205570e-01,9.806913273032119571e-01,-2.309334773831005910e-02,3.160802555637282740e+00,-2.667442888669982470e-01,7.544513821589093894e-02,9.608098227414333392e-01,-3.390045276101910865e+00,0.000000000000000000e+00,0.000000000000000000e+00,0.000000000000000000e+00,1.000000000000000056e-01
9.435362750140490196e-01,-1.740302033655471980e-01,2.818737058491960212e-01,2.406897100700550851e+01,1.884282289920208298e-01,9.817792117901119608e-01,-2.458417815826056257e-02,3.348785400371406595e+00,-2.724593552285246023e-01,7.630902707630873860e-02,9.591365033899625914e-01,-3.629863234544611572e+00,0.000000000000000000e+00,0.000000000000000000e+00,0.000000000000000000e+00,1.000000000000000056e-01
9.418405189396401589e-01,-1.769711752635780566e-01,2.856880116654132440e-01,2.496290297319800189e+01,1.925543500954386700e-01,9.809100418020733070e-01,-2.717190002885402564e-02,3.526629406537169054e+00,-2.754255963828209364e-01,8.060206584004363239e-02,9.579373924424731124e-01,-3.868328845097402713e+00,0.000000000000000000e+00,0.000000000000000000e+00,0.000000000000000000e+00,1.000000000000000056e-01
9.421010073321646194e-01,-1.763483248016314564e-01,2.852138852219137100e-01,2.582832387025039367e+01,1.923406922042618927e-01,9.809045486827828730e-01,-2.883269837894990653e-02,3.714743272379217753e+00,-2.746829993030257544e-01,8.202155029676297393e-02,9.580301222721598897e-01,-4.119792883336031331e+00,0.000000000000000000e+00,0.000000000000000000e+00,0.000000000000000000e+00,1.000000000000000056e-01
9.397478485556500782e-01,-1.769101367032713257e-01,2.925350998882983999e-01,2.671430800995963395e+01,1.947991199080365554e-01,9.802895651932628240e-01,-3.294952588821459943e-02,3.901416573670628996e+00,-2.809400007440757685e-01,8.794982606482845688e-02,9.556869487845300881e-01,-4.368309848812813811e+00,0.000000000000000000e+00,0.000000000000000000e+00,0.000000000000000000e+00,1.000000000000000056e-01
9.377021356627514015e-01,-1.777762487366918720e-01,2.985135007979116128e-01,2.761996014896563523e+01,1.973718940017999690e-01,9.796461508911717964e-01,-3.657532641349359182e-02,4.070662333457740090e+00,-2.859353777196119717e-01,9.321493672808681130e-02,9.537043228061418132e-01,-4.631994763755138855e+00,0.000000000000000000e+00,0.000000000000000000e+00,0.000000000000000000e+00,1.000000000000000056e-01
9.339532248899076183e-01,-1.783714087989238806e-01,3.097014921514406605e-01,2.855578758054561206e+01,2.002514378186619481e-01,9.789243167106945753e-01,-4.008171408583207501e-02,4.265147419358005010e+00,-2.960248897800660806e-01,9.945261522748913285e-02,9.499886535928272480e-01,-4.910665898616143110e+00,0.000000000000000000e+00,0.000000000000000000e+00,0.000000000000000000e+00,1.000000000000000056e-01
9.304515373512026732e-01,-1.795412879592667432e-01,3.194133099272964960e-01,2.945698757537822132e+01,2.040908691720224322e-01,9.779250193672227587e-01,-4.482826804846851143e-02,4.450138339875158167e+00,-3.043137423143948417e-01,1.068998709706638350e-01,9.465545751963082566e-01,-5.189562232043885892e+00,0.000000000000000000e+00,0.000000000000000000e+00,0.000000000000000000e+00,1.000000000000000056e-01
9.270740034897650972e-01,-1.787757004908461234e-01,3.295042351282700399e-01,3.033091946906277059e+01,2.063732883382590200e-01,9.771710256597181399e-01,-5.046634989364985613e-02,4.630382247415132824e+00,-3.129598343460591736e-01,1.147869135622252151e-01,9.428043840378265150e-01,-5.455710832721442749e+00,0.000000000000000000e+00,0.000000000000000000e+00,0.000000000000000000e+00,1.000000000000000056e-01
9.263080202082606407e-01,-1.821087850852479151e-01,3.298330518499132391e-01,3.123820488801619177e+01,2.113929444462114837e-01,9.758590033932542651e-01,-5.488377296328674632e-02,4.815331829358529880e+00,-3.118757360491731245e-01,1.205636590814148923e-01,9.424425337243045320e-01,-5.748765606060172395e+00,0.000000000000000000e+00,0.000000000000000000e+00,0.000000000000000000e+00,1.000000000000000056e-01
9.251112200677087394e-01,-1.868606873086595954e-01,3.305333781078254041e-01,3.217600761228561623e+01,2.167981726319972713e-01,9.746203182830460721e-01,-5.580132196714300552e-02,5.022342753079811928e+00,-3.117174727991070537e-01,1.232814614140722437e-01,9.421432472948838566e-01,-6.062594479762887900e+00,0.000000000000000000e+00,0.000000000000000000e+00,0.000000000000000000e+00,1.000000000000000056e-01
9.220685774068108076e-01,-1.887628296692957230e-01,3.378729534813648128e-01,3.309014263784211352e+01,2.203744564549438845e-01,9.737243728894772188e-01,-5.741031774152044465e-02,5.254106661735478134e+00,-3.181581957158546858e-01,1.273948184826790564e-01,9.394391532838074488e-01,-6.378322301736332633e+00,0.000000000000000000e+00,0.000000000000000000e+00,0.000000000000000000e+00,1.000000000000000056e-01
9.201046966148513917e-01,-1.923479149888222828e-01,3.411885503160165811e-01,3.400765541176911455e+01,2.250080105352151028e-01,9.726002691665347477e-01,-5.848172032497540862e-02,5.474985828402917143e+00,-3.205912389044290878e-01,1.305794624611271160e-01,9.381738972712289071e-01,-6.672007286319487029e+00,0.000000000000000000e+00,0.000000000000000000e+00,0.000000000000000000e+00,1.000000000000000056e-01
9.183958881032976418e-01,-1.955251632394030548e-01,3.439751491825534524e-01,3.490130686076062005e+01,2.288466432398743033e-01,9.716928056878716413e-01,-5.867116201571175027e-02,5.709101615121884521e+00,-3.227664892655320861e-01,1.326009121938344082e-01,9.371439545195637821e-01,-6.973784739691050838e+00,0.000000000000000000e+00,0.000000000000000000e+00,0.000000000000000000e+00,1.000000000000000056e-01
9.157217486412513319e-01,-1.975943285373755187e-01,3.498716341678368980e-01,3.581039361447429314e+01,2.320212640417794181e-01,9.709240031414606564e-01,-5.892973066471452609e-02,5.928805189874385206e+00,-3.280545870702981648e-01,1.351408948232348806e-01,9.349423118291906309e-01,-7.289168102133054106e+00,0.000000000000000000e+00,0.000000000000000000e+00,0.000000000000000000e+00,1.000000000000000056e-01
9.133303338292224627e-01,-2.004286471775256762e-01,3.544799834941149141e-01,3.674290576197493863e+01,2.369974580335736380e-01,9.695002681023764390e-01,-6.246146840288595986e-02,6.166423898439081341e+00,-3.311493714217581541e-01,1.410588087997596274e-01,9.329750834116457003e-01,-7.622831584921923032e+00,0.000000000000000000e+00,0.000000000000000000e+00,0.000000000000000000e+00,1.000000000000000056e-01
9.100105169919919801e-01,-2.050923100068965388e-01,3.603026551942166145e-01,3.767210848523195921e+01,2.418684273231480608e-01,9.684766140104263954e-01,-5.960463051749087526e-02,6.404303470180957802e+00,-3.367202441615212982e-01,1.413866772045181686e-01,9.309292586877215836e-01,-7.926998623580430170e+00,0.000000000000000000e+00,0.000000000000000000e+00,0.000000000000000000e+00,1.000000000000000056e-01
9.076362289116756132e-01,-2.091425553562972217e-01,3.639448687727726006e-01,3.859818899059560238e+01,2.460577285495905153e-01,9.675398836282042003e-01,-5.763824953741267937e-02,6.647789299877453040e+00,-3.400765651849720350e-01,1.418660111787145850e-01,9.296353934119722107e-01,-8.263121877770556623e+00,0.000000000000000000e+00,0.000000000000000000e+00,0.000000000000000000e+00,1.000000000000000056e-01
9.048416665612989407e-01,-2.141040961566178236e-01,3.679959163680064371e-01,3.952776004435270352e+01,2.533582957456365081e-01,9.654303428789335895e-01,-6.126848313391955458e-02,6.910487976897790929e+00,-3.421565905129370089e-01,1.486730945989304942e-01,9.278066493138210635e-01,-8.585592812868886980e+00,0.000000000000000000e+00,0.000000000000000000e+00,0.000000000000000000e+00,1.000000000000000056e-01
9.027496333844544640e-01,-2.204461637349935110e-01,3.693867733402992903e-01,4.044691199662975833e+01,2.601075897301887152e-01,9.636781648936326716e-01,-6.056761735442819927e-02,7.170072956112228724e+00,-3.426180689762071130e-01,1.507576976534367452e-01,9.272998303727063574e-01,-8.904192685072464641e+00,0.000000000000000000e+00,0.000000000000000000e+00,0.000000000000000000e+00,1.000000000000000056e-01
9.022311699941873986e-01,-2.221286951280513344e-01,3.696454499809634919e-01,4.138721341463205050e+01,2.626915658650777474e-01,9.628483432334885572e-01,-6.257962252906018596e-02,7.442639487896808070e+00,-3.420117792039819582e-01,1.535640281225891246e-01,9.270631219892695452e-01,-9.248775312664077930e+00,0.000000000000000000e+00,0.000000000000000000e+00,0.000000000000000000e+00,1.000000000000000056e-01
9.007342160256999186e-01,-2.258089112634183715e-01,3.710636167486613957e-01,4.235200316725554615e+01,2.670799258255531217e-01,9.616036167594463890e-01,-6.314109166120548955e-02,7.703276116836208942e+00,-3.425582947493533981e-01,1.559769849342567405e-01,9.264583071402802128e-01,-9.596062351848409833e+00,0.000000000000000000e+00,0.000000000000000000e+00,0.000000000000000000e+00,1.000000000000000056e-01
8.979521690501778286e-01,-2.283882298994435456e-01,3.761923956454726325e-01,4.329496413530982579e+01,2.723363422858007254e-01,9.598437149288275849e-01,-6.732725734811170759e-02,7.995572490790061160e+00,-3.457091534346062311e-01,1.629075177977572231e-01,9.240921609214641785e-01,-9.932259680783973366e+00,0.000000000000000000e+00,0.000000000000000000e+00,0.000000000000000000e+00,1.000000000000000056e-01
8.967125372682240858e-01,-2.266566789895201328e-01,3.801754534099033300e-01,4.420465483074518431e+01,2.718317792728939808e-01,9.598753779621992388e-01,-6.889660774855227432e-02,8.265236580838992708e+00,-3.493051807278508836e-01,1.651242218796711014e-01,9.223447739675856294e-01,-1.027009716614063350e+01,0.000000000000000000e+00,0.000000000000000000e+00,0.000000000000000000e+00,1.000000000000000056e-01
8.931295281787015039e-01,-2.401925514352762359e-01,3.802988090045804070e-01,4.500713160334632335e+01,2.870276529820037781e-01,9.553081817602059322e-01,-7.072060722060978522e-02,8.522122429844964486e+00,-3.463160006683672631e-01,1.723189371398904934e-01,9.221558499429725053e-01,-1.056566889479429605e+01,0.000000000000000000e+00,0.000000000000000000e+00,0.000000000000000000e+00,1.000000000000000056e-01
8.935954117896052207e-01,-2.424071138291215566e-01,3.777909887670710676e-01,4.585588457176607591e+01,2.902385123512954412e-01,9.540626093886569459e-01,-7.433803410511950760e-02,8.786258155161723593e+00,-3.424161882514797917e-01,1.760776207572736229e-01,9.229018504108574827e-01,-1.088891161435723554e+01,0.000000000000000000e+00,0.000000000000000000e+00,0.000000000000000000e+00,1.000000000000000056e-01
8.929438720029594379e-01,-2.433037234868333509e-01,3.787539301311670936e-01,4.668750070738867208e+01,2.922959212524542383e-01,9.532416235275240624e-01,-7.676914480303398403e-02,9.059036618885489389e+00,-3.423657924961861498e-01,1.792587663464541570e-01,9.223079522677909425e-01,-1.120321331352733729e+01,0.000000000000000000e+00,0.000000000000000000e+00,0.000000000000000000e+00,1.000000000000000056e-01
8.900785574738646622e-01,-2.462187419883750394e-01,3.835837491590410320e-01,4.751915267621863848e+01,2.967484006299257460e-01,9.517946853658341144e-01,-7.763545345352124150e-02,9.358252217540787399e+00,-3.459776701592535142e-01,1.829295164893156023e-01,9.202370584518752006e-01,-1.151854224235071733e+01,0.000000000000000000e+00,0.000000000000000000e+00,0.000000000000000000e+00,1.000000000000000056e-01
8.891440397101494364e-01,-2.437070790912242990e-01,3.873367220503884933e-01,4.839641973515807649e+01,2.970723111263739447e-01,9.512008661571605961e-01,-8.345630104373394365e-02,9.664525427779857125e+00,-3.480961341496786599e-01,1.892716878529147884e-01,9.181532059342589758e-01,-1.184414634458030946e+01,0.000000000000000000e+00,0.000000000000000000e+00,0.000000000000000000e+00,1.000000000000000056e-01
8.862367005185354252e-01,-2.445489780238149780e-01,3.934212856487652732e-01,4.920845973431893583e+01,3.010493851874589954e-01,9.495467421030650002e-01,-8.792185302703978134e-02,9.934404686189065359e+00,-3.520707007580617387e-01,1.963588090943797770e-01,9.151444911918359404e-01,-1.216044452576496582e+01,0.000000000000000000e+00,0.000000000000000000e+00,0.000000000000000000e+00,1.000000000000000056e-01
8.850141790780171602e-01,-2.484189818297479757e-01,3.937485394227321356e-01,5.005448719808229896e+01,3.069482805697416605e-01,9.472403892704961414e-01,-9.229516774977014615e-02,1.024834508400863342e+01,-3.500466481572743760e-01,2.025429692715854380e-01,9.145729548332964809e-01,-1.247843888563649806e+01,0.000000000000000000e+00,0.000000000000000000e+00,0.000000000000000000e+00,1.000000000000000056e-01
8.845510478426132916e-01,-2.497944646590553042e-01,3.939189881006383009e-01,5.095848489737878850e+01,3.094869310642566207e-01,9.461483309979545897e-01,-9.497986760473567380e-02,1.056303012816189657e+01,-3.489803479581091716e-01,2.059273201289255895e-01,9.142246198629503384e-01,-1.279141704437038385e+01,0.000000000000000000e+00,0.000000000000000000e+00,0.000000000000000000e+00,1.000000000000000056e-01
8.818814351266814899e-01,-2.551088649432526889e-01,3.964903547455724264e-01,5.182156604097344399e+01,3.167450370946917060e-01,9.434912754014549430e-01,-9.745149930718516318e-02,1.088936362666872348e+01,-3.492244491080012669e-01,2.115270201858410748e-01,9.128519068701734795e-01,-1.312339581840246439e+01,0.000000000000000000e+00,0.000000000000000000e+00,0.000000000000000000e+00,1.000000000000000056e-01
8.797316192070259167e-01,-2.572797172646483221e-01,3.998492531587459209e-01,5.265585067619974780e+01,3.205481613225927284e-01,9.420325797631258213e-01,-9.911354568138047716e-02,1.119617318586065657e+01,-3.511711184594902835e-01,2.153642629338782810e-01,9.112063870555660028e-01,-1.343893699851401102e+01,0.000000000000000000e+00,0.000000000000000000e+00,0.000000000000000000e+00,1.000000000000000056e-01
8.762270593329122281e-01,-2.596771173935333854e-01,4.059481927475255270e-01,5.349886222101219602e+01,3.248931625972102388e-01,9.404848948980730761e-01,-9.966240698549833077e-02,1.148905557031839919e+01,-3.559080968317239191e-01,2.192166899913085554e-01,9.084456337276737292e-01,-1.374938156969712821e+01,0.000000000000000000e+00,0.000000000000000000e+00,0.000000000000000000e+00,1.000000000000000056e-01
8.751191435055585277e-01,-2.654320711005920819e-01,4.046137668213330429e-01,5.432549886268938621e+01,3.287303929803815361e-01,9.396787128840305980e-01,-9.455287030849773844e-02,1.183208559422121553e+01,-3.551095794273392836e-01,2.157538694528139400e-01,9.095864194319726037e-01,-1.406651027398940812e+01,0.000000000000000000e+00,0.000000000000000000e+00,0.000000000000000000e+00,1.000000000000000056e-01
8.751322720673981870e-01,-2.699473021097960612e-01,4.015868031569212460e-01,5.514162248399511412e+01,3.343355603485326788e-01,9.372892775947272437e-01,-9.853193996053716264e-02,1.213562970495450877e+01,-3.498045732585352563e-01,2.204932293509185293e-01,9.105050776013372538e-01,-1.437946153146540773e+01,0.000000000000000000e+00,0.000000000000000000e+00,0.000000000000000000e+00,1.000000000000000056e-01
8.752573726995984682e-01,-2.760428644875592696e-01,3.971459032905906850e-01,5.595365341849789331e+01,3.394962064291436321e-01,9.354907300300987494e-01,-9.797662909068272086e-02,1.246137572042461805e+01,-3.444805616507505275e-01,2.205842945299050784e-01,9.125106638563340589e-01,-1.467450094974036823e+01,0.000000000000000000e+00,0.000000000000000000e+00,0.000000000000000000e+00,1.000000000000000056e-01
8.762089427892685300e-01,-2.782911320914418507e-01,3.934614776256706303e-01,5.678838800830888545e+01,3.433443608410405856e-01,9.333860233814696983e-01,-1.044278757553936121e-01,1.279301320655018515e+01,-3.381900921889489098e-01,2.265934181643197987e-01,9.133908716370225944e-01,-1.499898754038953186e+01,0.000000000000000000e+00,0.000000000000000000e+00,0.000000000000000000e+00,1.000000000000000056e-01
8.762443530160907157e-01,-2.824494971868176663e-01,3.904076271620810501e-01,5.761343203220067011e+01,3.467311244931510217e-01,9.322044332483458984e-01,-1.037902786384415077e-01,1.311959544612983208e+01,-3.346242088001518122e-01,2.263121211315121395e-01,9.147729022625387119e-01,-1.531458639816607814e+01,0.000000000000000000e+00,0.000000000000000000e+00,0.000000000000000000e+00,1.000000000000000056e-01
8.731623325653210532e-01,-2.866748639010587296e-01,3.942144890746625552e-01,5.847361415759044689e+01,3.521470390338660716e-01,9.302000582677703022e-01,-1.035389515994710602e-01,1.346492853326145145e+01,-3.370163258490136982e-01,2.292277775618527524e-01,9.131673571176781579e-01,-1.560958589559018250e+01,0.000000000000000000e+00,0.000000000000000000e+00,0.000000000000000000e+00,1.000000000000000056e-01
8.722237883984880202e-01,-2.902050607534034099e-01,3.937088844119509545e-01,5.928886518646594794e+01,3.569676281365821713e-01,9.279913829203734199e-01,-1.067993711970047360e-01,1.380326258524052463e+01,-3.343647341068317624e-01,2.336942787888617867e-01,9.130099718223352312e-01,-1.589580553745376967e+01,0.000000000000000000e+00,0.000000000000000000e+00,0.000000000000000000e+00,1.000000000000000056e-01
8.715783795048095417e-01,-2.951743581806321459e-01,3.914373853535482173e-01,6.002323483188722264e+01,3.623151681296674087e-01,9.256969869268941720e-01,-1.086867394746956622e-01,1.410549571396911261e+01,-3.302708696251323017e-01,2.365527143516248931e-01,9.137636269900095698e-01,-1.617052783962919449e+01,0.000000000000000000e+00,0.000000000000000000e+00,0.000000000000000000e+00,1.000000000000000056e-01
8.699222385400510182e-01,-3.017834806200831443e-01,3.900795171734790512e-01,6.074962216338030174e+01,3.692553053536014596e-01,9.228519093537573825e-01,-1.095211069627352596e-01,1.441159335973678957e+01,-3.269339663627582326e-01,2.393137777624854690e-01,9.142445501130223029e-01,-1.643767988654933276e+01,0.000000000000000000e+00,0.000000000000000000e+00,0.000000000000000000e+00,1.000000000000000056e-01
8.702749367962107074e-01,-3.035349372132152279e-01,3.879279266504552792e-01,6.145601491342289791e+01,3.718439714760400916e-01,9.213582994553340955e-01,-1.132737608702953785e-01,1.471723025044779476e+01,-3.230380709162271602e-01,2.428279759742366095e-01,9.147026723602474929e-01,-1.669813377722907077e+01,0.000000000000000000e+00,0.000000000000000000e+00,0.000000000000000000e+00,1.000000000000000056e-01
8.702363369216609135e-01,-3.087878053781989984e-01,3.838473774182715736e-01,6.216916939710660728e+01,3.778114185232853139e-01,9.183617991681103376e-01,-1.177715494596822121e-01,1.502292968711638999e+01,-3.161443498381593109e-01,2.475110039542220974e-01,9.158553668494717748e-01,-1.695620892019619674e+01,0.000000000000000000e+00,0.000000000000000000e+00,0.000000000000000000e+00,1.000000000000000056e-01
8.685755280072458007e-01,-3.122764134014015536e-01,3.847856465359526523e-01,6.284045313181675851e+01,3.822483072725723074e-01,9.163415216124604079e-01,-1.191824121093963684e-01,1.532168508216344449e+01,-3.153772086473391467e-01,2.506025885782463547e-01,9.152789513933415888e-01,-1.719143578760530744e+01,0.000000000000000000e+00,0.000000000000000000e+00,0.000000000000000000e+00,1.000000000000000056e-01
8.668748117042277546e-01,-3.178530097115404573e-01,3.840540652695594304e-01,6.352053971879817595e+01,3.883609020483543284e-01,9.135975943679682798e-01,-1.204792319250496124e-01,1.563697843113336461e+01,-3.125761836623964784e-01,2.535919947127210361e-01,9.154164241615261322e-01,-1.742346606672509424e+01,0.000000000000000000e+00,0.000000000000000000e+00,0.000000000000000000e+00,1.000000000000000056e-01
8.631324565233545743e-01,-3.241185371585638131e-01,3.872331808692949795e-01,6.418371130257165191e+01,3.967852248890587075e-01,9.096254575248254870e-01,-1.230569475181760436e-01,1.592925860694600360e+01,-3.123521215002365570e-01,2.598628501593575613e-01,9.137327023267564075e-01,-1.765014062882471535e+01,0.000000000000000000e+00,0.000000000000000000e+00,0.000000000000000000e+00,1.000000000000000056e-01
8.628060777036317130e-01,-3.273389528737332133e-01,3.852465213460110061e-01,6.479917598031889270e+01,4.000676697163155215e-01,9.079910128290439308e-01,-1.244916875515951621e-01,1.621853837096328377e+01,-3.090494004612073242e-01,2.615368627043132554e-01,9.143778964527486952e-01,-1.785182790921061624e+01,0.000000000000000000e+00,0.000000000000000000e+00,0.000000000000000000e+00,1.000000000000000056e-01
8.634750533666901706e-01,-3.338042784203342772e-01,3.781342829229737967e-01,6.538440498065074280e+01,4.045909431677415236e-01,9.060431097253341948e-01,-1.240647090267147507e-01,1.649875052187497459e+01,-3.011926309191992335e-01,2.601164874196289500e-01,9.173998103621152644e-01,-1.804022708532322383e+01,0.000000000000000000e+00,0.000000000000000000e+00,0.000000000000000000e+00,1.000000000000000056e-01
8.656422644372342434e-01,-3.344136802760760419e-01,3.726002690071329448e-01,6.597160514267778808e+01,4.054313671469846336e-01,9.048647719639194564e-01,-1.297888708326377372e-01,1.676329856505449101e+01,-2.937496834948157831e-01,2.634145685092123546e-01,9.188709857993129226e-01,-1.823431446999507344e+01,0.000000000000000000e+00,0.000000000000000000e+00,0.000000000000000000e+00,1.000000000000000056e-01
8.670253461862591493e-01,-3.356301097827950608e-01,3.682654999830779485e-01,6.661132361547085168e+01,4.066050799744285182e-01,9.037828371482523604e-01,-1.335997463142959418e-01,1.706812196126927361e+01,-2.879919408761051902e-01,2.655729893709911638e-01,9.200715348857225750e-01,-1.843852363774522019e+01,0.000000000000000000e+00,0.000000000000000000e+00,0.000000000000000000e+00,1.000000000000000056e-01
8.671907701689589576e-01,-3.398786110996468990e-01,3.639542524146993641e-01,6.721679745086120761e+01,4.101789245932474515e-01,9.019516407718544126e-01,-1.350425396994839877e-01,1.735398582180868132e+01,-2.823710642989022412e-01,2.663940078641684472e-01,9.215751812092004558e-01,-1.863536609666726207e+01,0.000000000000000000e+00,0.000000000000000000e+00,0.000000000000000000e+00,1.000000000000000056e-01
8.656350472617230229e-01,-3.432032130032843797e-01,3.645374048522548316e-01,6.780818985553266032e+01,4.139334359656066109e-01,9.001753487138842713e-01,-1.354380011575179177e-01,1.764132702904905514e+01,-2.816648283721302493e-01,2.681341010615005405e-01,9.212866157206667239e-01,-1.881491195888145640e+01,0.000000000000000000e+00,0.000000000000000000e+00,0.000000000000000000e+00,1.000000000000000056e-01
8.638105274845506720e-01,-3.505018152803472398e-01,3.619113843084292292e-01,6.835232672022914358e+01,4.217603198644129248e-01,8.960049734950266132e-01,-1.389003961839017087e-01,1.788623724230478018e+01,-2.755895592992055332e-01,2.726234857039247506e-01,9.218062865092164770e-01,-1.898901797153811444e+01,0.000000000000000000e+00,0.000000000000000000e+00,0.000000000000000000e+00,1.000000000000000056e-01
8.629140905357334246e-01,-3.573577637179591315e-01,3.573159681086018891e-01,6.885295982311180296e+01,4.287203279234760300e-01,8.920094680464806247e-01,-1.432410183593440522e-01,1.811741723554555250e+01,-2.675409366434888803e-01,2.767933121047797540e-01,9.229340765157556525e-01,-1.912432141743217073e+01,0.000000000000000000e+00,0.000000000000000000e+00,0.000000000000000000e+00,1.000000000000000056e-01
8.641554888388831568e-01,-3.571870116149122310e-01,3.544752880572064613e-01,6.939388013739288397e+01,4.305413997727768893e-01,8.894500612236481141e-01,-1.533384872461787118e-01,1.836420520823302738e+01,-2.605175506397387486e-01,2.851245821090443444e-01,9.224069484158355925e-01,-1.928280710424938604e+01,0.000000000000000000e+00,0.000000000000000000e+00,0.000000000000000000e+00,1.000000000000000056e-01
8.663774669698727227e-01,-3.559022528440550226e-01,3.503193844870612916e-01,6.993584748898706493e+01,4.302359681705988925e-01,8.881048259179681326e-01,-1.617616452485661493e-01,1.861207688105696434e+01,-2.535490020078457474e-01,2.908666440170509793e-01,9.225559598089883018e-01,-1.943112207849922157e+01,0.000000000000000000e+00,0.000000000000000000e+00,0.000000000000000000e+00,1.000000000000000056e-01
8.680842380963191829e-01,-3.578536840478582781e-01,3.440501364366954085e-01,7.044279367830642968e+01,4.306948224674922998e-01,8.875578505353907133e-01,-1.635329687026210732e-01,1.886140824177769204e+01,-2.468435242586452527e-01,2.901410049723630591e-01,9.246007093687517164e-01,-1.956819718055290025e+01,0.000000000000000000e+00,0.000000000000000000e+00,0.000000000000000000e+00,1.000000000000000056e-01
8.699955550352798106e-01,-3.568779917817082037e-01,3.402143929946384593e-01,7.093981590791022995e+01,4.275665552543950199e-01,8.896932896695106674e-01,-1.601021272342579849e-01,1.912999811733691047e+01,-2.455495368489740982e-01,2.847524351061798131e-01,9.266183009494012301e-01,-1.970658808116354876e+01,0.000000000000000000e+00,0.000000000000000000e+00,0.000000000000000000e+00,1.000000000000000056e-01
8.704474827266730497e-01,-3.543820392014820353e-01,3.416643822615951231e-01,7.143100745339695834e+01,4.267716555252417665e-01,8.891810820655393632e-01,-1.649938099960147619e-01,1.934824878445279239e+01,-2.453306622806096238e-01,2.894311206283040061e-01,9.252256441305556356e-01,-1.984457616717097039e+01,0.000000000000000000e+00,0.000000000000000000e+00,0.000000000000000000e+00,1.000000000000000056e-01
8.718076908907249623e-01,-3.518309470978408515e-01,3.408318276922192025e-01,7.195663569136000604e+01,4.250962066754245261e-01,8.891322064823792282e-01,-1.695203069426806097e-01,1.958083535791148577e+01,-2.434020648514449159e-01,2.926754244209995859e-01,9.247142968322923373e-01,-1.997490767211440499e+01,0.000000000000000000e+00,0.000000000000000000e+00,0.000000000000000000e+00,1.000000000000000056e-01
8.731377568341441853e-01,-3.480395105491090879e-01,3.413194349687336260e-01,7.245514817969939259e+01,4.219073096582327542e-01,8.902724645100579259e-01,-1.714909939097087332e-01,1.978880185591255980e+01,-2.441816529708796812e-01,2.937404262813074762e-01,9.241709161840598874e-01,-2.010819284877706181e+01,0.000000000000000000e+00,0.000000000000000000e+00,0.000000000000000000e+00,1.000000000000000056e-01
8.773578651949660578e-01,-3.429855167989265263e-01,3.355653612140340192e-01,7.290803068185900315e+01,4.155240280254229868e-01,8.928112373535344037e-01,-1.738616593409203770e-01,2.001119193481881808e+01,-2.399644942779229906e-01,2.919743648360657584e-01,9.258336847212443876e-01,-2.021591886417329320e+01,0.000000000000000000e+00,0.000000000000000000e+00,0.000000000000000000e+00,1.000000000000000056e-01
8.827325351112189633e-01,-3.359872844904825406e-01,3.284749855268012109e-01,7.336146113387874834e+01,4.064571116847037757e-01,8.967451168304748643e-01,-1.750451707463710482e-01,2.023823604025857392e+01,-2.357453876898738532e-01,2.880290612098188041e-01,9.281505115451595955e-01,-2.033302125802430282e+01,0.000000000000000000e+00,0.000000000000000000e+00,0.000000000000000000e+00,1.000000000000000056e-01
8.907041634076460213e-01,-3.208419546774191056e-01,3.220349878616584061e-01,7.381508844824747939e+01,3.887832143489500791e-01,9.047678263662608522e-01,-1.739045502940332888e-01,2.042373972089583134e+01,-2.355710201378427016e-01,2.800993046961104405e-01,9.306184362992018233e-01,-2.045436300014913655e+01,0.000000000000000000e+00,0.000000000000000000e+00,0.000000000000000000e+00,1.000000000000000056e-01
8.958798571921706699e-01,-3.082655851373879985e-01,3.199556383270027449e-01,7.428662816742294694e+01,3.765775270522335738e-01,9.089989340558787267e-01,-1.786345543407001080e-01,2.060035454892387818e+01,-2.357724487648213130e-01,2.805232020799349746e-01,9.304397269561632822e-01,-2.056133986659911272e+01,0.000000000000000000e+00,0.000000000000000000e+00,0.000000000000000000e+00,1.000000000000000056e-01
9.028576574598026205e-01,-2.879607429783108130e-01,3.192595509449589475e-01,7.475134399865338253e+01,3.574273509658271730e-01,9.154085637797394481e-01,-1.851292795326175133e-01,2.077664995840969553e+01,-2.389429621222375344e-01,2.812574832108362677e-01,9.294086770577070222e-01,-2.068431518189682095e+01,0.000000000000000000e+00,0.000000000000000000e+00,0.000000000000000000e+00,1.000000000000000056e-01
9.102757969230539370e-01,-2.652270820401584905e-01,3.178876664618526249e-01,7.519789047208877264e+01,3.349978239997032925e-01,9.230398415085074859e-01,-1.891399188521908081e-01,2.097149463023191274e+01,-2.432579524939787741e-01,2.786611669042038386e-01,9.290713226701299288e-01,-2.078482279186956205e+01,0.000000000000000000e+00,0.000000000000000000e+00,0.000000000000000000e+00,1.000000000000000056e-01
9.189573339219156978e-01,-2.385808571245081333e-01,3.140009443375287868e-01,7.562921998948287694e+01,3.085686742057615062e-01,9.308306055193646955e-01,-1.958054062771285575e-01,2.107422321003152277e+01,-2.455662674921443855e-01,2.768276692135159256e-01,9.290121903547815529e-01,-2.091402256548208527e+01,0.000000000000000000e+00,0.000000000000000000e+00,0.000000000000000000e+00,1.000000000000000056e-01
