1.000000000000000000e+00,0.000000000000000000e+00,0.000000000000000000e+00,0.000000000000000000e+00,0.000000000000000000e+00,1.000000000000000000e+00,0.000000000000000000e+00,0.000000000000000000e+00,0.000000000000000000e+00,0.000000000000000000e+00,1.000000000000000000e+00,0.000000000000000000e+00,0.000000000000000000e+00,0.000000000000000000e+00,0.000000000000000000e+00,1.000000000000000000e+00
9.999969442014454701e-01,-2.413971617171712172e-03,-5.332249076790756756e-04,6.584683948675734699e-01,2.413281924778427640e-03,9.999962555721109148e-01,-1.290314732377936596e-03,1.919613163450462068e-03,5.363376941980380411e-04,1.289023967404480126e-03,9.999990253790694839e-01,8.661768935517066836e-03,0.000000000000000000e+00,0.000000000000000000e+00,0.000000000000000000e+00,1.000000000000000000e+00
9.999735168548314901e-01,-7.197353478272893595e-03,-1.078745515963130822e-03,1.328830305446391691e+00,7.197423724504308645e-03,9.999740963345561395e-01,6.125045220810212531e-05,3.640228617639375969e-03,1.078276731344938793e-03,-6.901301867305596521e-05,9.999994162780764251e-01,1.123695736372110759e-02,0.000000000000000000e+00,0.000000000000000000e+00,0.000000000000000000e+00,1.000000000000000000e+00
9.999272462126699290e-01,-1.161832215008448861e-02,-3.242972704521269230e-03,2.038570356398071937e+00,1.162010620652875574e-02,9.999323428552208126e-01,5.318306287213296190e-04,8.316929645971457563e-03,3.236574314673716212e-03,-5.694756232807443499e-04,9.999946001275303864e-01,1.535679212070191132e-02,0.000000000000000000e+00,0.000000000000000000e+00,0.000000000000000000e+00,1.000000000000000000e+00
9.998672385953234487e-01,-1.577665572332747831e-02,-4.074594206714353059e-03,2.734324396730633655e+00,1.578444963796611644e-02,9.998736357262504315e-01,1.887784202570752480e-03,3.083378760859583831e-02,4.044296402132702313e-03,-1.951848804739735521e-03,9.999899169255928033e-01,1.524018159665157038e-02,0.000000000000000000e+00,0.000000000000000000e+00,0.000000000000000000e+00,1.000000000000000000e+00
9.997771893895927020e-01,-2.066781550174863480e-02,-4.291034680770035824e-03,3.427688541324546367e+00,2.067013917257090605e-02,9.997862258850596096e-01,4.978725695762784009e-04,4.424800156401920842e-02,4.279827430217589788e-03,-5.864579223313848505e-04,9.999906695286069347e-01,2.650326308579847509e-02,0.000000000000000000e+00,0.000000000000000000e+00,0.000000000000000000e+00,1.000000000000000000e+00
9.997071198654789992e-01,-2.334266776370528748e-02,-6.387045634837103074e-03,4.155673964289850808e+00,2.335350925810505615e-02,9.997259438516273855e-01,1.628126317126472791e-03,6.920961327106954497e-02,6.347290414012908381e-03,-1.776809400637276029e-03,9.999782771904360823e-01,3.298596459358683203e-02,0.000000000000000000e+00,0.000000000000000000e+00,0.000000000000000000e+00,1.000000000000000000e+00
9.995977201033383608e-01,-2.757960871336941414e-02,-6.615372054911118627e-03,4.920751510347773028e+00,2.759823573977908048e-02,9.996153377922258887e-01,2.741137462100257192e-03,9.881603520894736981e-02,6.537227872656941122e-03,-2.922607355083473284e-03,9.999743611803191268e-01,4.620429239583236092e-02,0.000000000000000000e+00,0.000000000000000000e+00,0.000000000000000000e+00,1.000000000000000000e+00
9.995412105776180223e-01,-2.966773652882176079e-02,-6.098669222538602268e-03,5.666639277197070612e+00,2.969258796109875559e-02,9.995509718107112862e-01,4.025540017874944775e-03,1.375185182582365218e-01,5.976502087503989154e-03,-4.204778415031695804e-03,9.999733002742006160e-01,5.051348516962717028e-02,0.000000000000000000e+00,0.000000000000000000e+00,0.000000000000000000e+00,1.000000000000000000e+00
9.994768719399345080e-01,-3.199965469949614394e-02,-4.690901435447173036e-03,6.440428639373326547e+00,3.201471620176112726e-02,9.994823653604594238e-01,3.171636798450706840e-03,1.729826288561968906e-01,4.586981979990878769e-03,-3.320155504431824851e-03,9.999839679533565340e-01,5.725538736299110032e-02,0.000000000000000000e+00,0.000000000000000000e+00,0.000000000000000000e+00,1.000000000000000000e+00
9.993724194127674432e-01,-3.531181696330730480e-02,-2.800517777545232390e-03,7.233567452320565749e+00,3.531428902519062607e-02,9.993759044419820992e-01,8.382191930082550681e-04,1.949958700690522240e-01,2.769170944121479398e-03,-9.365914371317438526e-04,9.999957272352518745e-01,6.833083297500262832e-02,0.000000000000000000e+00,0.000000000000000000e+00,0.000000000000000000e+00,1.000000000000000000e+00
9.993288944443596833e-01,-3.657450146069036317e-02,-2.016574203204808593e-03,8.023403316466094282e+00,3.657841433195275355e-02,9.993289050260913964e-01,1.938861602484600244e-03,2.383255789993508622e-01,1.944307993880375939e-03,-2.011323508427957912e-03,9.999960871144284447e-01,7.955003666987488231e-02,0.000000000000000000e+00,0.000000000000000000e+00,0.000000000000000000e+00,1.000000000000000000e+00
9.992487608977602687e-01,-3.872578524881643836e-02,-1.492448040793210341e-03,8.839018600530312852e+00,3.872793426628757391e-02,9.992487560499447863e-01,1.438971891776549350e-03,2.629845067413436599e-01,1.435601531771771256e-03,-1.495690309444572437e-03,9.999978509770600654e-01,9.346527555516274954e-02,0.000000000000000000e+00,0.000000000000000000e+00,0.000000000000000000e+00,1.000000000000000000e+00
9.991941572642178970e-01,-4.009741790779527970e-02,-1.798100714326139864e-03,9.523220057879472122e+00,4.009710543821389667e-02,9.991957657249707081e-01,-2.095060082328648390e-04,3.560011005097742376e-01,1.805055270068030510e-03,1.372385454066858549e-04,9.999983614691834166e-01,1.028877871398396343e-01,0.000000000000000000e+00,0.000000000000000000e+00,0.000000000000000000e+00,1.000000000000000000e+00
9.991456760133112791e-01,-4.129086501257547837e-02,-1.727011991454106832e-03,1.030635758575621708e+01,4.128850644966739619e-02,9.991463133564569832e-01,-1.379761340860485852e-03,4.136875916895932925e-01,1.782509203658803193e-03,1.307276831902790589e-03,9.999975568411261229e-01,1.098321959589055180e-01,0.000000000000000000e+00,0.000000000000000000e+00,0.000000000000000000e+00,1.000000000000000000e+00
9.990684047515050459e-01,-4.308803823225201834e-02,-2.396578515714050360e-03,1.111547571748614516e+01,4.307311631499305404e-02,9.990541227347871089e-01,-5.963765382878852099e-03,4.707508769788104064e-01,2.651278597407399126e-03,5.854981462219156600e-03,9.999793447436170490e-01,1.200482641932986150e-01,0.000000000000000000e+00,0.000000000000000000e+00,0.000000000000000000e+00,1.000000000000000000e+00
9.988967194929059268e-01,-4.687662383700742785e-02,-2.815301752523560914e-03,1.200499590711559250e+01,4.686208113328332869e-02,9.988887212574059093e-01,-5.026718273795152681e-03,5.252221461414796622e-01,3.047808749187292873e-03,4.889241494367092301e-03,9.999834029519871770e-01,1.248869716541666786e-01,0.000000000000000000e+00,0.000000000000000000e+00,0.000000000000000000e+00,1.000000000000000000e+00
9.988080619367669666e-01,-4.850689175226095828e-02,-5.434782668774980688e-03,1.290919424557037942e+01,4.848453616680762496e-02,9.988152185638526914e-01,-4.172399541521470273e-03,5.789080954486570674e-01,5.630733772067270104e-03,3.903923382829473532e-03,9.999765268342090119e-01,1.383624683400652977e-01,0.000000000000000000e+00,0.000000000000000000e+00,0.000000000000000000e+00,1.000000000000000000e+00
9.989243803321584680e-01,-4.579736999999053926e-02,-7.258324813640807532e-03,1.379566159774533141e+01,4.580457802310608506e-02,9.989500747950340598e-01,8.298789811062992150e-04,6.275804000074977074e-01,7.212697840720171116e-03,-1.161450852196217959e-03,9.999733136548071277e-01,1.434330188700682351e-01,0.000000000000000000e+00,0.000000000000000000e+00,0.000000000000000000e+00,1.000000000000000000e+00
9.981398745591864019e-01,-6.047822414295388194e-02,-7.692543109293359556e-03,1.472905611836600848e+01,6.047859065584140770e-02,9.981694774840804696e-01,-1.851794886533390892e-04,7.099790611754053238e-01,7.689661062548537943e-03,-2.803991342344471492e-04,9.999703948063000114e-01,1.597716905446804614e-01,0.000000000000000000e+00,0.000000000000000000e+00,0.000000000000000000e+00,1.000000000000000000e+00
9.980304971715908691e-01,-6.239588191423696417e-02,-6.471524980448363322e-03,1.566897660521030211e+01,6.237929892520502340e-02,9.980487715950502325e-01,-2.733602606764548235e-03,7.854499325845900604e-01,6.629463102535274044e-03,2.324529577440988346e-03,9.999753230861323505e-01,1.727604058179974256e-01,0.000000000000000000e+00,0.000000000000000000e+00,0.000000000000000000e+00,1.000000000000000000e+00
9.978914083456178474e-01,-6.463445974523039650e-02,-5.926530472554782797e-03,1.656878626819529288e+01,6.462058036326441546e-02,9.979067633920131186e-01,-2.504430073168023487e-03,8.620770690929997482e-01,6.075997326760181928e-03,2.116173414139244872e-03,9.999793018190754612e-01,1.884578128981193035e-01,0.000000000000000000e+00,0.000000000000000000e+00,0.000000000000000000e+00,1.000000000000000000e+00
9.978297579397196193e-01,-6.565827811421903748e-02,-4.976412868481589098e-03,1.744343738561924084e+01,6.564460188548165709e-02,9.978389578844196750e-01,-2.863629066720206097e-03,9.315137687327353921e-01,5.153679584366940673e-03,2.530739656904861835e-03,9.999835173359259421e-01,2.142876555878319711e-01,0.000000000000000000e+00,0.000000000000000000e+00,0.000000000000000000e+00,1.000000000000000000e+00
9.978654600244737383e-01,-6.516998831672564385e-02,-4.170888747602225118e-03,1.835847047976408319e+01,6.516162879424484966e-02,9.978724921807509141e-01,-2.109853515813413325e-03,9.933618386513987097e-01,4.299514278154025794e-03,1.833568044827615191e-03,9.999890760429317460e-01,2.282657636900867482e-01,0.000000000000000000e+00,0.000000000000000000e+00,0.000000000000000000e+00,1.000000000000000000e+00
9.977018212206597569e-01,-6.759833616085730856e-02,-4.641215494235007705e-03,1.929679291824748333e+01,6.757411976317159730e-02,9.977007568675482219e-01,-5.190191148158970584e-03,1.061104290868606803e+00,4.981392497355990878e-03,4.864637109346980903e-03,9.999757602235072040e-01,2.449160544551650665e-01,0.000000000000000000e+00,0.000000000000000000e+00,0.000000000000000000e+00,1.000000000000000000e+00
9.977152826950069775e-01,-6.754483812850836655e-02,-1.381853471939169980e-03,2.022996086500580049e+01,6.753509667458899857e-02,9.976977737675529756e-01,-6.177615755602734043e-03,1.138231233386485686e+00,1.795938188858960550e-03,6.070178042164322239e-03,9.999799635715497237e-01,2.632493940758984241e-01,0.000000000000000000e+00,0.000000000000000000e+00,0.000000000000000000e+00,1.000000000000000000e+00
9.977840399926384274e-01,-6.653249662143272125e-02,6.606279508863709474e-04,2.115996613088021761e+01,6.653510444390561829e-02,9.977694023150931457e-01,-5.412917921086453366e-03,1.212884987267471404e+00,-2.990194124117806474e-04,5.444878061160486615e-03,9.999851318346135720e-01,2.647925320648152892e-01,0.000000000000000000e+00,0.000000000000000000e+00,0.000000000000000000e+00,1.000000000000000000e+00
9.977514536020501978e-01,-6.690106329091537185e-02,4.035413924580996681e-03,2.212322977278498826e+01,6.692979771403646805e-02,9.977297679540538811e-01,-7.464068348273784730e-03,1.289102554646554655e+00,-3.526898489595188708e-03,7.717374481939347740e-03,9.999640009111073757e-01,2.736442965218248702e-01,0.000000000000000000e+00,0.000000000000000000e+00,0.000000000000000000e+00,1.000000000000000000e+00
9.978386707705760861e-01,-6.539696040816349309e-02,6.420645153292020568e-03,2.310009008495618588e+01,6.543599618197069867e-02,9.978383043483045611e-01,-6.070319511607426798e-03,1.360973008574906995e+00,-6.009785227817588706e-03,6.477340864351171200e-03,9.999609625064584950e-01,2.808821179754561470e-01,0.000000000000000000e+00,0.000000000000000000e+00,0.000000000000000000e+00,1.000000000000000000e+00
9.980463399806210889e-01,-6.198060718210519904e-02,7.868137303480146269e-03,2.403864272557103021e+01,6.203588692018309481e-02,9.980494596899476267e-01,-6.987470689053015133e-03,1.430101478949488358e+00,-7.419702508530019551e-03,7.461926422961923100e-03,9.999446323015808158e-01,2.889615159485295903e-01,0.000000000000000000e+00,0.000000000000000000e+00,0.000000000000000000e+00,1.000000000000000000e+00
9.981611872071585179e-01,-6.037185867383522420e-02,5.429828124704129226e-03,2.498928901019957038e+01,6.041338186331892540e-02,9.981426605258858498e-01,-7.839166418834484298e-03,1.500404939833815288e+00,-4.946478043431921066e-03,8.152785939287823802e-03,9.999545311844905138e-01,3.060299657828869924e-01,0.000000000000000000e+00,0.000000000000000000e+00,0.000000000000000000e+00,1.000000000000000000e+00
9.983759916451877547e-01,-5.692531942609239948e-02,2.210727194031973653e-03,2.593671416450012757e+01,5.694284209878891501e-02,9.983377984809592709e-01,-8.896789190630244662e-03,1.556214030447857777e+00,-1.700599953388646363e-03,9.008225820186501961e-03,9.999579790308046334e-01,3.117377867251041601e-01,0.000000000000000000e+00,0.000000000000000000e+00,0.000000000000000000e+00,1.000000000000000000e+00
9.983838838689039763e-01,-5.682313863827596206e-02,-8.668022499342325571e-04,2.689558217213386015e+01,5.681021302655395178e-02,9.983244726815743153e-01,-1.099304056816082648e-02,1.605082429548501999e+00,1.490008967345579421e-03,1.092603131749769578e-02,9.999391990080828130e-01,3.187910969570481590e-01,0.000000000000000000e+00,0.000000000000000000e+00,0.000000000000000000e+00,1.000000000000000000e+00
9.984881134295867655e-01,-5.496099128734108219e-02,8.813492723048645507e-04,2.787153055773051591e+01,5.496740867511349521e-02,9.984258750670912397e-01,-1.115150124669627915e-02,1.662196736314818013e+00,-2.670643555802887001e-04,1.118308692735724315e-02,9.999374316643042659e-01,3.281096347900679389e-01,0.000000000000000000e+00,0.000000000000000000e+00,0.000000000000000000e+00,1.000000000000000000e+00
9.984706896253991992e-01,-5.502962132867506712e-02,5.293650480028979678e-03,2.888542862687083712e+01,5.510113602388887200e-02,9.983758548904120289e-01,-1.447470831191412059e-02,1.724917555975255645e+00,-4.488515106242318108e-03,1.474425814548591986e-02,9.998812229879506797e-01,3.342916972449712643e-01,0.000000000000000000e+00,0.000000000000000000e+00,0.000000000000000000e+00,1.000000000000000000e+00
9.984966713202587663e-01,-5.412542152028983894e-02,8.650786531630099904e-03,2.984090284231754353e+01,5.428253225744414379e-02,9.983430105824229184e-01,-1.909554694012784506e-02,1.777918557041615832e+00,-7.602897742598572865e-03,1.953642665571241055e-02,9.997802378420174163e-01,3.411461172719399415e-01,0.000000000000000000e+00,0.000000000000000000e+00,0.000000000000000000e+00,1.000000000000000000e+00
9.985256715121294535e-01,-5.370439762341275985e-02,7.894365532389847895e-03,3.075705274879062756e+01,5.388479190463114910e-02,9.982401437577692604e-01,-2.475973731407734441e-02,1.815287351726517784e+00,-6.550765806162761606e-03,2.514861957193441355e-02,9.996622601663914809e-01,3.501481904516543509e-01,0.000000000000000000e+00,0.000000000000000000e+00,0.000000000000000000e+00,1.000000000000000000e+00
9.985270019807354069e-01,-5.407934130390320421e-02,4.387614329288178940e-03,3.169854023532300147e+01,5.417551077674737092e-02,9.981927057757227217e-01,-2.600646396997659607e-02,1.864085553493619152e+00,-2.973272178112475617e-03,2.620585774744063276e-02,9.996521458348778255e-01,3.532642999210281465e-01,0.000000000000000000e+00,0.000000000000000000e+00,0.000000000000000000e+00,1.000000000000000000e+00
9.984470834667682482e-01,-5.567239871681363417e-02,2.001383976780872140e-03,3.268436444390053452e+01,5.570541456471960612e-02,9.981192679956505387e-01,-2.558971754438240515e-02,1.925718112890802525e+00,-5.729789517012560257e-04,2.566146677305611301e-02,9.996705261325734559e-01,3.586075042676512559e-01,0.000000000000000000e+00,0.000000000000000000e+00,0.000000000000000000e+00,1.000000000000000000e+00
9.983684544065012378e-01,-5.709191088264037317e-02,9.710601139067091955e-04,3.364927202807371742e+01,5.709791116680926898e-02,9.980333931247358237e-01,-2.586841217228370501e-02,1.990139086546044656e+00,5.077266620050163541e-04,2.588165218251402278e-02,9.996648849959370864e-01,3.671260067946827688e-01,0.000000000000000000e+00,0.000000000000000000e+00,0.000000000000000000e+00,1.000000000000000000e+00
9.983921876151360397e-01,-5.655727384828261595e-02,3.783448679984949010e-03,3.461278717973721797e+01,5.663938880043058871e-02,9.980254510483188568e-01,-2.715103489950607130e-02,2.036065448358897800e+00,-2.240389559284507344e-03,2.732167335012427797e-02,9.996241827906984234e-01,3.870290127370429878e-01,0.000000000000000000e+00,0.000000000000000000e+00,0.000000000000000000e+00,1.000000000000000000e+00
9.982929545970157248e-01,-5.814206044890683767e-02,5.538737104819235930e-03,3.559936310865870013e+01,5.826538304817808350e-02,9.979732645065723107e-01,-2.558336311637343305e-02,2.098961628106594368e+00,-4.040042104941622865e-03,2.586240779298758230e-02,9.996573482563609891e-01,3.843806738462510753e-01,0.000000000000000000e+00,0.000000000000000000e+00,0.000000000000000000e+00,1.000000000000000000e+00
9.983098157222080049e-01,-5.764689361650977839e-02,7.372074949306917091e-03,3.656543707153467437e+01,5.781680823195991387e-02,9.980040193723042075e-01,-2.540066933362016000e-02,2.160891490024813955e+00,-5.893090747658837752e-03,2.578396736528219477e-02,9.996501680629806819e-01,3.997438050801489506e-01,0.000000000000000000e+00,0.000000000000000000e+00,0.000000000000000000e+00,1.000000000000000000e+00
9.982953349015644129e-01,-5.780880391792194567e-02,8.035328453339591129e-03,3.755178905557006175e+01,5.799589909876235599e-02,9.979931826175393317e-01,-2.541816548536923737e-02,2.220846879923664918e+00,-6.549809272028652395e-03,2.584085212400475187e-02,9.996446120296976767e-01,4.051939265678301538e-01,0.000000000000000000e+00,0.000000000000000000e+00,0.000000000000000000e+00,1.000000000000000000e+00
9.983543741504250502e-01,-5.599310429889794299e-02,1.238207921497375477e-02,3.853569813106393127e+01,5.629830885051660683e-02,9.980792277791067368e-01,-2.585257233686468273e-02,2.277537547072208124e+00,-1.091073028192787557e-02,2.650711879540462376e-02,9.995890798812682165e-01,4.259367476967291788e-01,0.000000000000000000e+00,0.000000000000000000e+00,0.000000000000000000e+00,1.000000000000000000e+00
9.984096064369845092e-01,-5.492873924605732455e-02,1.269217787397438832e-02,3.953676884744156439e+01,5.518848167043462899e-02,9.982527510965508721e-01,-2.111104969156870834e-02,2.351239311977268542e+00,-1.151039813638297070e-02,2.177793683998614088e-02,9.996965700660052079e-01,4.269016112225020310e-01,0.000000000000000000e+00,0.000000000000000000e+00,0.000000000000000000e+00,1.000000000000000000e+00
9.982758787322009164e-01,-5.737461188578970445e-02,1.238643824541881509e-02,4.054081051442611994e+01,5.764466333153743516e-02,9.980796587736610048e-01,-2.267349844304113529e-02,2.421110993982290349e+00,-1.106176888414609448e-02,2.334841864469371087e-02,9.996661885929450930e-01,4.373981193872533146e-01,0.000000000000000000e+00,0.000000000000000000e+00,0.000000000000000000e+00,1.000000000000000000e+00
9.983262770344312198e-01,-5.672275799662520462e-02,1.127711433962711243e-02,4.154607863516633870e+01,5.695672208596896935e-02,9.981421317822414263e-01,-2.163831255954971194e-02,2.477726897673925954e+00,-1.002877818053681848e-02,2.224440348625617014e-02,9.997022607365384506e-01,4.587094937560847185e-01,0.000000000000000000e+00,0.000000000000000000e+00,0.000000000000000000e+00,1.000000000000000000e+00
9.982355686940159734e-01,-5.880635859473872656e-02,8.219585327936701838e-03,4.257424945921897574e+01,5.894672580633028569e-02,9.980983104787575222e-01,-1.802903591889605875e-02,2.544939882904928563e+00,-7.143732277285581508e-03,1.848174256607133456e-02,9.998036768690500287e-01,4.708806354651589032e-01,0.000000000000000000e+00,0.000000000000000000e+00,0.000000000000000000e+00,1.000000000000000000e+00
9.983174573117286066e-01,-5.727561916041343237e-02,9.042006217607556975e-03,4.361334672661379841e+01,5.738022243381486059e-02,9.982830489604557211e-01,-1.176708254690370450e-02,2.641442418691583249e+00,-8.352514597047057746e-03,1.226611625621605757e-02,9.998898828830579122e-01,4.929645998792224204e-01,0.000000000000000000e+00,0.000000000000000000e+00,0.000000000000000000e+00,1.000000000000000000e+00
9.982830531866204726e-01,-5.761310219330665477e-02,1.056769492680484368e-02,4.462417853344933860e+01,5.776008920522780754e-02,9.982298503327966532e-01,-1.417526012356593555e-02,2.708881568452098154e+00,-9.732307815031329690e-03,1.476131295753342100e-02,9.998436806943189481e-01,5.051923220803632431e-01,0.000000000000000000e+00,0.000000000000000000e+00,0.000000000000000000e+00,1.000000000000000000e+00
9.982816431973553506e-01,-5.743770811776455210e-02,1.160476373603131287e-02,4.561332945104335579e+01,5.759826763213165418e-02,9.982415275516437481e-01,-1.401043315324758225e-02,2.773060715380003760e+00,-1.077962990867211562e-02,1.465477251760588517e-02,9.998345049164331089e-01,5.069296485566937571e-01,0.000000000000000000e+00,0.000000000000000000e+00,0.000000000000000000e+00,1.000000000000000000e+00
9.980427599163810282e-01,-6.180473564682690407e-02,9.530164223178696700e-03,4.653257737120173942e+01,6.194189256648311576e-02,9.979694383311429329e-01,-1.483920827769438615e-02,2.833762680957305768e+00,-8.593679292198081604e-03,1.540048079289677713e-02,9.998444748397473658e-01,5.196897515584811833e-01,0.000000000000000000e+00,0.000000000000000000e+00,0.000000000000000000e+00,1.000000000000000000e+00
9.981216469273600511e-01,-6.105524710176182118e-02,5.043286265882865327e-03,4.749491736013234089e+01,6.111328063208711775e-02,9.980551665447862097e-01,-1.229029957516783629e-02,2.906899108016342215e+00,-4.283090636512205604e-03,1.257542582207158213e-02,9.999117530062302528e-01,5.206221068809770980e-01,0.000000000000000000e+00,0.000000000000000000e+00,0.000000000000000000e+00,1.000000000000000000e+00
9.982011063196767342e-01,-5.985441428747753645e-02,3.464164037594037737e-03,4.845555001861508515e+01,5.989290173249208621e-02,9.981284659325689868e-01,-1.234527509466807477e-02,2.984423320974596283e+00,-2.718761526573377010e-03,1.253054609360682893e-02,9.999177934962237835e-01,5.283385227590018385e-01,0.000000000000000000e+00,0.000000000000000000e+00,0.000000000000000000e+00,1.000000000000000000e+00
9.983404549302020703e-01,-5.733938827781435987e-02,5.341404467533854630e-03,4.942936420845202861e+01,5.740843900464698280e-02,9.982550831229780597e-01,-1.382245094725569230e-02,3.056332948097587821e+00,-4.539513278915719742e-03,1.410615365950680482e-02,9.998901985958876804e-01,5.407028142235348334e-01,0.000000000000000000e+00,0.000000000000000000e+00,0.000000000000000000e+00,1.000000000000000000e+00
9.984811516721593394e-01,-5.441006342694396786e-02,8.656486199111792720e-03,5.044940270301579233e+01,5.457964264588019421e-02,9.982940880207227252e-01,-2.073587305913097284e-02,3.134343165714894131e+00,-7.513478827245896434e-03,2.117684633632489072e-02,9.997475125326189538e-01,5.599589324110862965e-01,0.000000000000000000e+00,0.000000000000000000e+00,0.000000000000000000e+00,1.000000000000000000e+00
9.986573538229279734e-01,-5.113251055497617520e-02,8.303976139998564196e-03,5.139709594061039866e+01,5.132186835624769072e-02,9.983824462539042655e-01,-2.446542132267263969e-02,3.192121762172251298e+00,-7.039565598272319938e-03,2.485874848855330194e-02,9.996661878546104774e-01,5.648824404056052018e-01,0.000000000000000000e+00,0.000000000000000000e+00,0.000000000000000000e+00,1.000000000000000000e+00
9.986145473387362248e-01,-5.173936653285603204e-02,9.592903326472546760e-03,5.234277523597145176e+01,5.197983331208054503e-02,9.982887413120236086e-01,-2.678966029095474627e-02,3.250292757381690656e+00,-8.190407334227796723e-03,2.725118200069880786e-02,9.995950631667120945e-01,5.764309166730182676e-01,0.000000000000000000e+00,0.000000000000000000e+00,0.000000000000000000e+00,1.000000000000000000e+00
9.986365171306119670e-01,-5.167649498587460755e-02,7.392328402962480317e-03,5.332364212108520007e+01,5.187716593185540820e-02,9.981973800183389089e-01,-3.017863779899846582e-02,3.304085012460036719e+00,-5.819476619171833238e-03,3.052098279052084875e-02,9.995171850955730797e-01,5.892116224858822138e-01,0.000000000000000000e+00,0.000000000000000000e+00,0.000000000000000000e+00,1.000000000000000000e+00
9.985542244199233641e-01,-5.329147470633931877e-02,7.034174916168999848e-03,5.427348648199772185e+01,5.348009050262166747e-02,9.981150869732859920e-01,-3.010237658628506924e-02,3.360267870036802940e+00,-5.416716067788616973e-03,3.043504361644185086e-02,9.995220694447445320e-01,5.931070417400166050e-01,0.000000000000000000e+00,0.000000000000000000e+00,0.000000000000000000e+00,1.000000000000000000e+00
9.984194013704181803e-01,-5.523837755404530092e-02,1.036439155648366008e-02,5.522713347230179437e+01,5.554909554401421534e-02,9.979246269856016927e-01,-3.256895515505212751e-02,3.401976383139620808e+00,-8.543825336541121043e-03,3.309320928599335243e-02,9.994157506002048219e-01,6.048425387008569132e-01,0.000000000000000000e+00,0.000000000000000000e+00,0.000000000000000000e+00,1.000000000000000000e+00
9.983454946868403068e-01,-5.579829098299545626e-02,1.388610679307029222e-02,5.617627625959625703e+01,5.619740302940436777e-02,9.979617304219690066e-01,-3.023634412328495349e-02,3.466659937848818096e+00,-1.217066683638361527e-02,3.096668107124152247e-02,9.994463164833760072e-01,6.282146184557382274e-01,0.000000000000000000e+00,0.000000000000000000e+00,0.000000000000000000e+00,1.000000000000000000e+00
9.982660323686780579e-01,-5.644782283313524995e-02,1.669047381891890572e-02,5.712956885714544342e+01,5.688631779399327959e-02,9.980132997408219797e-01,-2.708136607114517563e-02,3.523242004490637846e+00,-1.512863069619372648e-02,2.798386745676073248e-02,9.994938857719037895e-01,6.310129882326409589e-01,0.000000000000000000e+00,0.000000000000000000e+00,0.000000000000000000e+00,1.000000000000000000e+00
9.982073497406361851e-01,-5.853600372767352178e-02,1.247490245938955890e-02,5.802746690011128550e+01,5.885406440955540802e-02,9.979049219419398042e-01,-2.686942251943899226e-02,3.585353214954326795e+00,-1.087593794821210651e-02,2.755545375503797717e-02,9.995611091584641894e-01,6.405283187401675793e-01,0.000000000000000000e+00,0.000000000000000000e+00,0.000000000000000000e+00,1.000000000000000000e+00
9.980722271103211751e-01,-6.182802771996244451e-02,5.396708191621680389e-03,5.893775186253438392e+01,6.194654365195551016e-02,9.977511974653950899e-01,-2.559636079499651509e-02,3.648914277098521008e+00,-3.801999555798627091e-03,2.588132424415021809e-02,9.996577923743431571e-01,6.466051540520069141e-01,0.000000000000000000e+00,0.000000000000000000e+00,0.000000000000000000e+00,1.000000000000000000e+00
9.981198209466124460e-01,-6.127645119960530712e-02,1.421112903996095194e-03,5.987517054586545129e+01,6.129287512905975260e-02,9.978201636662631380e-01,-2.445617385131800339e-02,3.714717230769883916e+00,8.057243307572317832e-05,2.449729596128528628e-02,9.996998929672178402e-01,6.664128117578358435e-01,0.000000000000000000e+00,0.000000000000000000e+00,0.000000000000000000e+00,1.000000000000000000e+00
9.981728554471445136e-01,-6.040730813895402868e-02,1.381221162825161308e-03,6.077618228937870981e+01,6.042291301481136218e-02,9.979653978105587075e-01,-2.035034043002049292e-02,3.784934510682248732e+00,-1.491016421343183010e-04,2.039661482253023184e-02,9.997919562951484984e-01,6.735041725519967937e-01,0.000000000000000000e+00,0.000000000000000000e+00,0.000000000000000000e+00,1.000000000000000000e+00
9.980378796996335344e-01,-6.239304028459959767e-02,5.243968793393109784e-03,6.170404997768296340e+01,6.248391043658814425e-02,9.978563458735475455e-01,-1.945440660733249727e-02,3.859758924816492076e+00,-4.018907962885887725e-03,1.974389839761489865e-02,9.997969928214672786e-01,6.983541738026859402e-01,0.000000000000000000e+00,0.000000000000000000e+00,0.000000000000000000e+00,1.000000000000000000e+00
9.980737162274180285e-01,-6.162721366260626860e-02,7.137472394076796109e-03,6.259268383954179882e+01,6.175119661686964689e-02,9.979164741943485906e-01,-1.869492572611460013e-02,3.933466922386559261e+00,-5.970485104026788253e-03,1.909966145521247924e-02,9.997997580715437538e-01,7.132086001741290149e-01,0.000000000000000000e+00,0.000000000000000000e+00,0.000000000000000000e+00,1.000000000000000000e+00
9.979617708167092260e-01,-6.335940057734325281e-02,7.608570618697153669e-03,6.340283129355807290e+01,6.348483829119193345e-02,9.978282159769903403e-01,-1.756492833230243605e-02,3.987965929119550612e+00,-6.479143116270844223e-03,1.801215585812775480e-02,9.998167746871522432e-01,7.290021602514782373e-01,0.000000000000000000e+00,0.000000000000000000e+00,0.000000000000000000e+00,1.000000000000000000e+00
9.978160351317048038e-01,-6.537852679522582200e-02,9.423813884649046360e-03,6.420942483410878765e+01,6.552047923379135386e-02,9.977287104007992458e-01,-1.563608783981346520e-02,4.047498597689783928e+00,-8.380145286380279168e-03,1.621939197522548684e-02,9.998333383564141918e-01,7.374879543833260387e-01,0.000000000000000000e+00,0.000000000000000000e+00,0.000000000000000000e+00,1.000000000000000000e+00
9.977578598153246103e-01,-6.638732849805395464e-02,8.483854762858110757e-03,6.500662826354499657e+01,6.652722819058493053e-02,9.976322533797398195e-01,-1.743602379392925408e-02,4.107234843965744453e+00,-7.306236105109098315e-03,1.796133712606391708e-02,9.998119869668590232e-01,7.435688476439398231e-01,0.000000000000000000e+00,0.000000000000000000e+00,0.000000000000000000e+00,1.000000000000000000e+00
9.978000083464568792e-01,-6.563595110402720145e-02,9.330877047874676020e-03,6.581169549743651714e+01,6.580602266567851799e-02,9.976464022838686940e-01,-1.926715835246137556e-02,4.166927126417451888e+00,-8.044297653429581876e-03,1.983879867140132813e-02,9.997708294116890437e-01,7.515939600351121408e-01,0.000000000000000000e+00,0.000000000000000000e+00,0.000000000000000000e+00,1.000000000000000000e+00
9.975130553786953902e-01,-6.993328943786239482e-02,8.777207839812646920e-03,6.655954091217520840e+01,7.009142176459536022e-02,9.973552217477592574e-01,-1.922899496848205422e-02,4.226437586058796825e+00,-7.409247200672449893e-03,1.979638049948763412e-02,9.997765782288745573e-01,7.584117293507142143e-01,0.000000000000000000e+00,0.000000000000000000e+00,0.000000000000000000e+00,1.000000000000000000e+00
9.976508139703742506e-01,-6.761979571828333202e-02,1.097345029016300218e-02,6.734249785555016388e+01,6.782147735913612863e-02,9.975129964472583266e-01,-1.918512777226695845e-02,4.288479327515204886e+00,-9.648864859515661821e-03,1.988429394853337764e-02,9.997557272959676222e-01,7.652332240501985572e-01,0.000000000000000000e+00,0.000000000000000000e+00,0.000000000000000000e+00,1.000000000000000000e+00
9.974785097583285243e-01,-6.932932748328060613e-02,1.516795704844953706e-02,6.809732850974019414e+01,6.959573041318499464e-02,9.974164041557025406e-01,-1.780311852920878762e-02,4.347045858106517890e+00,-1.389449094291747740e-02,1.881385318922839528e-02,9.997264536109914390e-01,7.709030428527955392e-01,0.000000000000000000e+00,0.000000000000000000e+00,0.000000000000000000e+00,1.000000000000000000e+00
9.972402597851914852e-01,-7.228116738349248116e-02,1.694984086196487175e-02,6.883482793858664195e+01,7.255254319148057851e-02,9.972365297957931363e-01,-1.598224381290095503e-02,4.410330670065855330e+00,-1.574778524157265797e-02,1.716789103315380718e-02,9.997285985593576951e-01,7.782086350575203593e-01,0.000000000000000000e+00,0.000000000000000000e+00,0.000000000000000000e+00,1.000000000000000000e+00
9.972002396953765224e-01,-7.344884224863308664e-02,1.403387059302693696e-02,6.953668571710973367e+01,7.362600828930300489e-02,9.972069039014028746e-01,-1.255395215719186039e-02,4.469789851030710359e+00,-1.307259939223482173e-02,1.355206197288899399e-02,9.998227086645968820e-01,7.919362512435845769e-01,0.000000000000000000e+00,0.000000000000000000e+00,0.000000000000000000e+00,1.000000000000000000e+00
9.972016803705509025e-01,-7.426190217255007608e-02,8.601078529326490474e-03,7.024193994891562909e+01,7.436970018615789157e-02,9.971463131277861214e-01,-1.297605139818965372e-02,4.519362600903221505e+00,-7.612907484922103694e-03,1.357939989035268115e-02,9.998788144261494537e-01,7.931179827937454574e-01,0.000000000000000000e+00,0.000000000000000000e+00,0.000000000000000000e+00,1.000000000000000000e+00
9.971882900970121533e-01,-7.480312807034512901e-02,4.472820619315283699e-03,7.099849590817645151e+01,7.486039832745317035e-02,9.970898354161226163e-01,-1.441460620722764992e-02,4.581223177621449594e+00,-3.381546340956068097e-03,1.470891364941602844e-02,9.998861000151948453e-01,8.041648588611375326e-01,0.000000000000000000e+00,0.000000000000000000e+00,0.000000000000000000e+00,1.000000000000000000e+00
9.969516830321829559e-01,-7.794510227251637280e-02,3.450033482396077430e-03,7.171972798405859351e+01,7.798734068860242730e-02,9.968482947691517104e-01,-1.454138604674586402e-02,4.642178135128624206e+00,-2.305730171225255955e-03,1.476611822950240835e-02,9.998883164437958326e-01,8.086305413778734907e-01,0.000000000000000000e+00,0.000000000000000000e+00,0.000000000000000000e+00,1.000000000000000000e+00
9.968942395405263612e-01,-7.841890224886993721e-02,7.235395013555064557e-03,7.239258725016043172e+01,7.849766607934964557e-02,9.968498794753868353e-01,-1.133288180508353060e-02,4.701684217351020934e+00,-6.323890496748309567e-03,1.186564621060738275e-02,9.999096033387161464e-01,8.264932693268425279e-01,0.000000000000000000e+00,0.000000000000000000e+00,0.000000000000000000e+00,1.000000000000000000e+00
9.967455724023962516e-01,-8.006297342066272249e-02,9.390643389345450578e-03,7.300829120508625181e+01,8.017190192360790224e-02,9.967104793794715478e-01,-1.186113135842406865e-02,4.744691468172080207e+00,-8.410115229587632885e-03,1.257539590600230059e-02,9.998855581413460536e-01,8.364494702589604369e-01,0.000000000000000000e+00,0.000000000000000000e+00,0.000000000000000000e+00,1.000000000000000000e+00
9.968742662865263116e-01,-7.869640094813462605e-02,6.969483016367809293e-03,7.360518881042169426e+01,7.878175647384433322e-02,9.968076248781795323e-01,-1.296124344440727390e-02,4.788024147123911334e+00,-5.927230601286921641e-03,1.346979816254835309e-02,9.998917103741075119e-01,8.467240751957235689e-01,0.000000000000000000e+00,0.000000000000000000e+00,0.000000000000000000e+00,1.000000000000000000e+00
9.969842155426105190e-01,-7.755717903463724139e-02,2.712552134203920998e-03,7.424124918891502034e+01,7.759586596552850435e-02,9.967872561143427124e-01,-1.985063306563901453e-02,4.823603264997309736e+00,-1.164278296297577547e-03,2.000125066680023822e-02,9.997992770690580233e-01,8.591784649027542908e-01,0.000000000000000000e+00,0.000000000000000000e+00,0.000000000000000000e+00,1.000000000000000000e+00
9.970816457112574582e-01,-7.628956030846181791e-02,-2.845131574758578280e-03,7.486003908256871853e+01,7.620769183469447428e-02,9.968428408440387356e-01,-2.228762803040345783e-02,4.857156486256845263e+00,4.536462384315398735e-03,2.200576392527652317e-02,9.997475515664440149e-01,8.697267848034566651e-01,0.000000000000000000e+00,0.000000000000000000e+00,0.000000000000000000e+00,1.000000000000000000e+00
9.973247809958799559e-01,-7.300579141115491610e-02,-3.665464766624174954e-03,7.545260286108381820e+01,7.290961775559264002e-02,9.971018525542547639e-01,-2.172747734121441981e-02,4.900768624429736597e+00,5.241073387936558484e-03,2.140210394588828308e-02,9.997572110749841645e-01,8.846208612301681429e-01,0.000000000000000000e+00,0.000000000000000000e+00,0.000000000000000000e+00,1.000000000000000000e+00
9.974153224097983550e-01,-7.182887169834484276e-02,-1.813232667134214533e-03,7.603663527718974535e+01,7.177858486514429592e-02,9.972208772774798780e-01,-1.995887463505284509e-02,4.972449063351273679e+00,3.241816916432288791e-03,1.977713610417964479e-02,9.997991575864603186e-01,8.844790302191006814e-01,0.000000000000000000e+00,0.000000000000000000e+00,0.000000000000000000e+00,1.000000000000000000e+00
9.977756969288044120e-01,-6.665896632848063164e-02,4.907405235316694399e-04,7.658865251100337446e+01,6.665526220195021334e-02,9.975715242552566364e-01,-2.020222799197315608e-02,4.989634819173130786e+00,8.571108634038963501e-04,2.019000255247459588e-02,9.997957937288479702e-01,8.974827917489786033e-01,0.000000000000000000e+00,0.000000000000000000e+00,0.000000000000000000e+00,1.000000000000000000e+00
9.981310475310171126e-01,-6.100232691057849710e-02,3.623267328650804815e-03,7.714646644704498613e+01,6.107099177601694323e-02,9.978554196647784202e-01,-2.355621805658694029e-02,5.005763746614078080e+00,-2.178512826123740666e-03,2.373346913392035060e-02,9.997159479195746323e-01,9.077771386716010360e-01,0.000000000000000000e+00,0.000000000000000000e+00,0.000000000000000000e+00,1.000000000000000000e+00
9.986737759782846613e-01,-5.114841231781918490e-02,5.876145900828215127e-03,7.767611109682815140e+01,5.128877648339313922e-02,9.983207546982963976e-01,-2.692827780358475476e-02,5.022701787984478194e+00,-4.488939754325576778e-03,2.719394520838938623e-02,9.996200972188801215e-01,9.228470345585109147e-01,0.000000000000000000e+00,0.000000000000000000e+00,0.000000000000000000e+00,1.000000000000000000e+00
9.992171564894659630e-01,-3.887694158118841503e-02,7.325134156165640821e-03,7.816651677819197630e+01,3.903433620893160400e-02,9.989792502622449888e-01,-2.273275483123687185e-02,5.053743619209428495e+00,-6.433877045843210477e-03,2.300089039106777145e-02,9.997147414474665261e-01,9.346277644679178431e-01,0.000000000000000000e+00,0.000000000000000000e+00,0.000000000000000000e+00,1.000000000000000000e+00
9.997179056376733763e-01,-2.336905417515691349e-02,4.242222812353179003e-03,7.864394236756923817e+01,2.344940673005940432e-02,9.995249783099301455e-01,-1.999857641302455954e-02,5.074084501904947864e+00,-3.772859848881204847e-03,2.009241253552998541e-02,9.997910084047870738e-01,9.396434976535665839e-01,0.000000000000000000e+00,0.000000000000000000e+00,0.000000000000000000e+00,1.000000000000000000e+00
9.999606989097192811e-01,-6.013648405779522740e-03,6.514343316500970094e-03,7.911173089477158271e+01,6.113233466016698356e-03,9.998630855929602212e-01,-1.537655504722659945e-02,5.078921071943275578e+00,-6.420982213302370116e-03,1.541577443341974642e-02,9.998605527202443222e-01,9.469352444244260036e-01,0.000000000000000000e+00,0.000000000000000000e+00,0.000000000000000000e+00,1.000000000000000000e+00
9.998129027950914960e-01,1.767387601933013974e-02,7.860884868452718000e-03,7.958775781985437447e+01,-1.754896262782184788e-02,9.997229640302663922e-01,-1.568531482735817384e-02,5.077020134263441342e+00,-8.135927430173056293e-03,1.554442977401751178e-02,9.998460768477563931e-01,9.556916471322219886e-01,0.000000000000000000e+00,0.000000000000000000e+00,0.000000000000000000e+00,1.000000000000000000e+00
9.989796278218480152e-01,4.425806834053638839e-02,8.995920391751439579e-03,8.007943012797251470e+01,-4.409461843116497387e-02,9.988719458108773486e-01,-1.762102430079022508e-02,5.046296137309080443e+00,-9.765645003803063648e-03,1.720637262073150889e-02,9.998042673038028960e-01,9.678718405099064892e-01,0.000000000000000000e+00,0.000000000000000000e+00,0.000000000000000000e+00,1.000000000000000000e+00
9.973308400850124933e-01,7.216050014148836511e-02,1.113811629772135624e-02,8.056200223364736246e+01,-7.194732988709431898e-02,9.972371996504508784e-01,-1.848105395944300844e-02,5.031851469801046584e+00,-1.244094600297583446e-02,1.763036734343452136e-02,9.997671693998979592e-01,9.694684709320599003e-01,0.000000000000000000e+00,0.000000000000000000e+00,0.000000000000000000e+00,1.000000000000000000e+00
9.943983453729839939e-01,1.049684788993963808e-01,1.239149535071816001e-02,8.105051067646276408e+01,-1.047268722992651946e-01,9.943240752555051465e-01,-1.875941325588459385e-02,4.981116931774912437e+00,-1.429030923015098264e-02,1.735660695062762882e-02,9.997472356837331375e-01,9.640285069115303029e-01,0.000000000000000000e+00,0.000000000000000000e+00,0.000000000000000000e+00,1.000000000000000000e+00
