1.000000000000000000e+00,1.921413654123974502e-13,2.831675165053992884e-13,-1.200328584845729676e-20,-1.921413654123605946e-13,1.000000000000000000e+00,-1.302088796544372537e-13,-3.142842796366862859e-20,-2.831675165054243300e-13,1.302088796543828286e-13,1.000000000000000000e+00,-1.020448829851329693e-19,0.000000000000000000e+00,0.000000000000000000e+00,0.000000000000000000e+00,1.000000000000000056e-01
9.999921169841798907e-01,-2.573376188074646617e-03,-3.023855898166794183e-03,6.404689959867564397e-01,2.562310164429128234e-03,9.999900276046771452e-01,-3.657766780197495814e-03,1.839811814822247399e-02,3.033238553014069167e-03,3.649989889260459724e-03,9.999887384554332348e-01,1.252951201470856523e-04,0.000000000000000000e+00,0.000000000000000000e+00,0.000000000000000000e+00,1.000000000000000056e-01
9.999682927219752937e-01,-6.617194503532016284e-03,-4.430156611266568810e-03,1.293088261737024292e+00,6.603485637676625997e-03,9.999733855825171380e-01,-3.101951655254149478e-03,2.833647806725628562e-02,4.450564922672372269e-03,3.072598825255440109e-03,9.999853756972288954e-01,8.882336771665734140e-03,0.000000000000000000e+00,0.000000000000000000e+00,0.000000000000000000e+00,1.000000000000000056e-01
9.999376931647973032e-01,-1.002168079913186467e-02,-4.916879317612274022e-03,1.980492474891949906e+00,9.999562079712356541e-03,9.999398655277369485e-01,-4.502675491903912822e-03,5.461378230018074098e-02,4.961708020191264029e-03,4.453228304469149593e-03,9.999777748586168302e-01,9.314472953252134202e-03,0.000000000000000000e+00,0.000000000000000000e+00,0.000000000000000000e+00,1.000000000000000056e-01
9.998014256533124255e-01,-1.947569525137503657e-02,-4.219781520357823376e-03,2.698722238569868370e+00,1.947167053104699105e-02,9.998099161596168960e-01,-9.927716908903745727e-04,4.803594799173277474e-02,4.238314326986829944e-03,9.104083564230380310e-04,9.999906038800016050e-01,1.319254700862672151e-02,0.000000000000000000e+00,0.000000000000000000e+00,0.000000000000000000e+00,1.000000000000000056e-01
9.996637699303670965e-01,-2.561052486732566524e-02,-4.055626292727550208e-03,3.415441734805309881e+00,2.560650571038713963e-02,9.996715588414140097e-01,-1.039860029689514825e-03,7.800629566901277900e-02,4.080925619278075872e-03,9.356599796553994805e-04,9.999912352548357974e-01,1.808473190413460718e-02,0.000000000000000000e+00,0.000000000000000000e+00,0.000000000000000000e+00,1.000000000000000056e-01
9.995334549221397413e-01,-3.000507005665732987e-02,-5.706860985328904637e-03,4.138816403855850368e+00,3.000472902422711072e-02,9.995497461853967147e-01,-1.453853214034843302e-04,8.432359182837349809e-02,5.708653746154770947e-03,-2.591532484633709074e-05,9.999837051676404576e-01,2.506155504072214019e-02,0.000000000000000000e+00,0.000000000000000000e+00,0.000000000000000000e+00,1.000000000000000056e-01
9.994527585253177859e-01,-3.258760125387371448e-02,-5.677298710780984310e-03,4.881638812218708878e+00,3.258488272248010603e-02,9.994688087728116344e-01,-5.707085237013723731e-04,1.105153382958237729e-01,5.692881001314257193e-03,3.854020956559625014e-04,9.999837211530643311e-01,3.970582997978042150e-02,0.000000000000000000e+00,0.000000000000000000e+00,0.000000000000000000e+00,1.000000000000000056e-01
9.992979770367353964e-01,-3.714114000877773852e-02,-4.908035160498108555e-03,5.640315438443431084e+00,3.715002919230230710e-02,9.993081975315603049e-01,1.732534915966925989e-03,1.511781433252531726e-01,4.840291447774863233e-03,-1.913652286160610460e-03,9.999864546650760744e-01,3.880916681329027451e-02,0.000000000000000000e+00,0.000000000000000000e+00,0.000000000000000000e+00,1.000000000000000056e-01
9.991602167790943900e-01,-4.093144592388846259e-02,-1.864923733818080838e-03,6.422885107711669761e+00,4.093435554465324477e-02,9.991606362716657364e-01,1.549664913466663498e-03,2.029496349902295826e-01,1.799928358874096140e-03,-1.624702982058079826e-03,9.999970602947405585e-01,4.890132700524346676e-02,0.000000000000000000e+00,0.000000000000000000e+00,0.000000000000000000e+00,1.000000000000000056e-01
9.990317527760536054e-01,-4.398118850103084621e-02,-1.100910188366336067e-03,7.215415328739732459e+00,4.398040710177775203e-02,9.990321312711324397e-01,-7.242092381959494736e-04,2.266558665965014985e-01,1.131696234841008796e-03,6.750895463446635481e-04,9.999991317584913109e-01,6.019688017323019530e-02,0.000000000000000000e+00,0.000000000000000000e+00,0.000000000000000000e+00,1.000000000000000056e-01
9.989377576187800090e-01,-4.607651399293047345e-02,5.579084358117665293e-04,8.018800240650984179e+00,4.607692818272328406e-02,9.989376098941713522e-01,-7.538091035543828750e-04,2.662963459606550454e-01,-5.225828237016798402e-04,7.787150825066723120e-04,9.999995602549096585e-01,6.175647141241715626e-02,0.000000000000000000e+00,0.000000000000000000e+00,0.000000000000000000e+00,1.000000000000000056e-01
9.988850828995845532e-01,-4.719088946859441303e-02,1.269295809864330691e-03,8.858581822370169334e+00,4.719363404772025650e-02,9.988832771299454016e-01,-2.227010442418817480e-03,3.148818614570466079e-01,-1.162783754570998699e-03,2.284430192342802764e-03,9.999967146509214366e-01,7.649292967202256377e-02,0.000000000000000000e+00,0.000000000000000000e+00,0.000000000000000000e+00,1.000000000000000056e-01
9.986776459907418246e-01,-5.137303484829349592e-02,1.941826167955084097e-03,9.666679474045178466e+00,5.138191126838332484e-02,9.986673624384795334e-01,-4.837188706115726732e-03,3.519928468836408531e-01,-1.690737353498669021e-03,4.930566970097148387e-03,9.999864153660062982e-01,8.253623294462759941e-02,0.000000000000000000e+00,0.000000000000000000e+00,0.000000000000000000e+00,1.000000000000000056e-01
9.986434864326912964e-01,-5.204007221947388323e-02,1.737207227451750737e-03,1.047789517073928067e+01,5.204976383659962874e-02,9.986258675629776649e-01,-6.099075228631750493e-03,4.148554427517140986e-01,-1.417423759280679249e-03,6.181222976260172634e-03,9.999798914940262184e-01,9.278758512668733305e-02,0.000000000000000000e+00,0.000000000000000000e+00,0.000000000000000000e+00,1.000000000000000056e-01
9.985293469431127944e-01,-5.420725157476170841e-02,8.468589440384094317e-04,1.126637513450333650e+01,5.421145846199407203e-02,9.985103929146184054e-01,-6.173573755770878080e-03,4.657621146902119480e-01,-5.109449912606326511e-04,6.210404029122941136e-03,9.999805847200289310e-01,1.078337485003597329e-01,0.000000000000000000e+00,0.000000000000000000e+00,0.000000000000000000e+00,1.000000000000000056e-01
9.984333709153371261e-01,-5.590900567807313704e-02,-2.233142791251082476e-03,1.212547080711016889e+01,5.589611215814081768e-02,9.984216056128235595e-01,-5.470108876068563615e-03,5.138692879319450846e-01,2.535446359415403916e-03,5.336715244482126939e-03,9.999825453387463092e-01,1.015377965591513498e-01,0.000000000000000000e+00,0.000000000000000000e+00,0.000000000000000000e+00,1.000000000000000056e-01
9.982079077925329891e-01,-5.973563949082933561e-02,-3.553335767359762452e-03,1.300892615568768029e+01,5.971961220686088784e-02,9.982052385712600895e-01,-4.457533707779407633e-03,5.886050852691332436e-01,3.813232003967273725e-03,4.237341562289680466e-03,9.999837519670848884e-01,1.327252043019500893e-01,0.000000000000000000e+00,0.000000000000000000e+00,0.000000000000000000e+00,1.000000000000000056e-01
9.984464738963855224e-01,-5.559359732879751853e-02,-3.740414404565849203e-03,1.390609309695931728e+01,5.559301257881935771e-02,9.984534787594284699e-01,-2.602030106536834227e-04,6.502486383045782414e-01,3.749095395638669861e-03,5.185787344136751997e-05,9.999929707725326855e-01,1.361598066776820160e-01,0.000000000000000000e+00,0.000000000000000000e+00,0.000000000000000000e+00,1.000000000000000056e-01
9.977805747933470304e-01,-6.642579287726112225e-02,-4.640970338747605825e-03,1.484788871204684035e+01,6.643875789266924514e-02,9.977868585803143509e-01,2.697460677569763800e-03,7.725119206239258185e-01,4.451518250800584955e-03,-2.999814170071122069e-03,9.999855924463151302e-01,1.556458057954372143e-01,0.000000000000000000e+00,0.000000000000000000e+00,0.000000000000000000e+00,1.000000000000000056e-01
9.974619308785644956e-01,-7.111534149830402163e-02,-3.507798680867407932e-03,1.582848794156707228e+01,7.112323422903389647e-02,9.974651561388235832e-01,2.178954279974431966e-03,8.580674588619902066e-01,3.343949881185396059e-03,-2.422909930607037611e-03,9.999914737169813828e-01,1.660090025583821072e-01,0.000000000000000000e+00,0.000000000000000000e+00,0.000000000000000000e+00,1.000000000000000056e-01
9.973753029401666303e-01,-7.239195167560855126e-02,-1.382178572818055324e-03,1.676986587805670226e+01,7.239472233827498604e-02,9.973739063901855273e-01,2.072445305803066479e-03,9.347231153026902550e-01,1.228520482072317918e-03,-2.167068198703335762e-03,9.999968972716102300e-01,1.821439861792165105e-01,0.000000000000000000e+00,0.000000000000000000e+00,0.000000000000000000e+00,1.000000000000000056e-01
9.974025197676043009e-01,-7.202887892063791764e-02,2.327287474025924510e-04,1.768325435763642162e+01,7.202859490177979107e-02,9.974020060540174093e-01,1.058222990308356525e-03,1.026471708729926657e+00,-3.083467351657403826e-04,-1.038711152340903885e-03,9.999994130005441795e-01,1.879474079581591184e-01,0.000000000000000000e+00,0.000000000000000000e+00,0.000000000000000000e+00,1.000000000000000056e-01
9.971073743946125001e-01,-7.599516004853980322e-02,-1.272626056222820679e-03,1.861685177787306955e+01,7.599762313767492727e-02,9.971059647915871960e-01,2.014014513843396387e-03,1.088127015175664791e+00,1.115887676289357500e-03,-2.104905279307038232e-03,9.999971620802026173e-01,1.873041589866188961e-01,0.000000000000000000e+00,0.000000000000000000e+00,0.000000000000000000e+00,1.000000000000000056e-01
9.970614281844059068e-01,-7.656094858070877640e-02,-2.632409408669017514e-03,1.955348447608686868e+01,7.656181085039207024e-02,9.970648108509084784e-01,2.282151415160695159e-04,1.166839936898304897e+00,2.607210421421774643e-03,-4.290865461606282972e-04,9.999965091631841663e-01,1.965410942734304445e-01,0.000000000000000000e+00,0.000000000000000000e+00,0.000000000000000000e+00,1.000000000000000056e-01
9.968643538340659083e-01,-7.905933240799456474e-02,-3.328965934396262757e-03,2.048080340465035931e+01,7.904955737907456981e-02,9.968662561981240788e-01,-2.972327658338731488e-03,1.237320538989175711e+00,3.553524048398770414e-03,2.699854206868919793e-03,9.999900415774645168e-01,2.116847565685227861e-01,0.000000000000000000e+00,0.000000000000000000e+00,0.000000000000000000e+00,1.000000000000000056e-01
9.969235889212044732e-01,-7.837750858135374143e-02,-5.692108969227458251e-04,2.139953292479536984e+01,7.836911418906307436e-02,9.968828926096844345e-01,-9.098371468007588475e-03,1.312810764141620234e+00,1.280544293239408446e-03,9.025772583445813846e-03,9.999584469544646748e-01,2.278971550764654630e-01,0.000000000000000000e+00,0.000000000000000000e+00,0.000000000000000000e+00,1.000000000000000056e-01
9.970965929536391714e-01,-7.610718395007752546e-02,2.465942301398553731e-03,2.235718724128129153e+01,7.612437930639366634e-02,9.970673968457564040e-01,-7.853981311616442182e-03,1.398659022691138620e+00,-1.860966270803625974e-03,8.018896334033654219e-03,9.999661164790150103e-01,2.535912480620940990e-01,0.000000000000000000e+00,0.000000000000000000e+00,0.000000000000000000e+00,1.000000000000000056e-01
9.973073200589379628e-01,-7.327075964304045896e-02,3.083040413449255734e-03,2.330480037936263926e+01,7.328808386515593687e-02,9.972931127634705462e-01,-5.941716748682335410e-03,1.482173162083136209e+00,-2.639340870944654072e-03,6.151667731558220671e-03,9.999775951809557473e-01,2.629826459337227251e-01,0.000000000000000000e+00,0.000000000000000000e+00,0.000000000000000000e+00,1.000000000000000056e-01
9.973951855888909535e-01,-7.209520904043278944e-02,2.263757389383481110e-03,2.422487232104933241e+01,7.211008138760854891e-02,9.973694277546615305e-01,-7.372973797009542245e-03,1.554325994602952177e+00,-1.726246324879752514e-03,7.517008298200606072e-03,9.999702568876089881e-01,2.753534192597367758e-01,0.000000000000000000e+00,0.000000000000000000e+00,0.000000000000000000e+00,1.000000000000000056e-01
9.974332061856534537e-01,-7.158936761063754151e-02,1.400586775827379876e-03,2.517195068445883521e+01,7.159839620291132134e-02,9.974007383426506390e-01,-8.089302485769363574e-03,1.624434130097971885e+00,-8.178382349557943888e-04,8.168818681078758928e-03,9.999663002031503600e-01,2.793492620548451710e-01,0.000000000000000000e+00,0.000000000000000000e+00,0.000000000000000000e+00,1.000000000000000056e-01
9.972734612218807637e-01,-7.378977868803379692e-02,-8.438623707695934320e-04,2.615309215244166552e+01,7.377758064169626095e-02,9.972238250962359718e-01,-1.007527940504428232e-02,1.746261037732859567e+00,1.584972298751954195e-03,9.985550640936095151e-03,9.999488870143360408e-01,2.882794950542991175e-01,0.000000000000000000e+00,0.000000000000000000e+00,0.000000000000000000e+00,1.000000000000000056e-01
9.976656161273297352e-01,-6.827532680640446827e-02,-1.340949944673392163e-03,2.712439935242978351e+01,6.825881058284422043e-02,9.976185895159095374e-01,-9.893666160862317135e-03,1.827888284352330306e+00,2.013249882862846139e-03,9.779038897860281229e-03,9.999501573694277168e-01,2.973147151750789030e-01,0.000000000000000000e+00,0.000000000000000000e+00,0.000000000000000000e+00,1.000000000000000056e-01
9.977757950347621030e-01,-6.665880746206236107e-02,-2.573528395681381272e-04,2.808143257507985879e+01,6.665047652034576664e-02,9.976990534075038664e-01,-1.242227070151045998e-02,1.878908863107147775e+00,1.084814435362468649e-03,1.237748833594555162e-02,9.999228075007262628e-01,3.124801906525506712e-01,0.000000000000000000e+00,0.000000000000000000e+00,0.000000000000000000e+00,1.000000000000000056e-01
9.978524760547611283e-01,-6.545017768412672576e-02,2.590419367326107954e-03,2.909467430327413240e+01,6.547885360864411086e-02,9.977663509496658145e-01,-1.322227827138688395e-02,1.927861003901510273e+00,-1.719232817315073485e-03,1.336350080272661299e-02,9.999092264224864746e-01,3.185210616789370675e-01,0.000000000000000000e+00,0.000000000000000000e+00,0.000000000000000000e+00,1.000000000000000056e-01
9.981092348265718783e-01,-6.115149324981759144e-02,6.200824721983981026e-03,3.005093427872965250e+01,6.124789892747781878e-02,9.979815809297530871e-01,-1.677673990738615811e-02,1.988583586918231783e+00,-5.162386161913399933e-03,1.712480651768469309e-02,9.998400325906375841e-01,3.305584024942906374e-01,0.000000000000000000e+00,0.000000000000000000e+00,0.000000000000000000e+00,1.000000000000000056e-01
9.982286879236613730e-01,-5.913752757803891758e-02,6.499187500146213527e-03,3.096591729253032099e+01,5.928591508335398497e-02,9.979105110810133628e-01,-2.568641950058539111e-02,2.046201760330007779e+00,-4.966576178285295705e-03,2.602623111377056972e-02,9.996489225798614875e-01,3.557962595259436811e-01,0.000000000000000000e+00,0.000000000000000000e+00,0.000000000000000000e+00,1.000000000000000056e-01
9.984050356368436852e-01,-5.636087124952306182e-02,3.291960963848066489e-03,3.190059371969649149e+01,5.642728770031511798e-02,9.980722524376290927e-01,-2.584066788733161216e-02,2.092204154039745578e+00,-1.829212338325006230e-03,2.598520937133642558e-02,9.996606538601732206e-01,3.553866585631696440e-01,0.000000000000000000e+00,0.000000000000000000e+00,0.000000000000000000e+00,1.000000000000000056e-01
9.983494765802954918e-01,-5.741779213061560388e-02,1.232784934748808528e-03,3.287664678344799540e+01,5.742958618199581894e-02,9.979425098541971906e-01,-2.850595826963654711e-02,2.159839302102569025e+00,4.065006945163252157e-04,2.852970684656541689e-02,9.995928624117093042e-01,3.625422446757987638e-01,0.000000000000000000e+00,0.000000000000000000e+00,0.000000000000000000e+00,1.000000000000000056e-01
9.983222737148333970e-01,-5.789990397992507420e-02,-4.887984868447101941e-04,3.384863648524788715e+01,5.786510725635962693e-02,9.979523700866993474e-01,-2.725245678006716493e-02,2.231272519849712310e+00,2.065712239224417549e-03,2.717845024012386507e-02,9.996284633179918222e-01,3.666490065962206835e-01,0.000000000000000000e+00,0.000000000000000000e+00,0.000000000000000000e+00,1.000000000000000056e-01
9.982126072782046000e-01,-5.968327667763599631e-02,3.081745588089193112e-03,3.484049702034965890e+01,5.974803417534023386e-02,9.977841784496653821e-01,-2.927295078581395107e-02,2.285448872273405652e+00,-1.327811368881900425e-03,2.940475676735076691e-02,9.995667047258134374e-01,3.821184113719811593e-01,0.000000000000000000e+00,0.000000000000000000e+00,0.000000000000000000e+00,1.000000000000000056e-01
9.980585807428228318e-01,-6.226487097978473939e-02,1.468076119618715990e-03,3.581885399487079980e+01,6.228092340043279995e-02,9.976117417631162887e-01,-2.986468276661978505e-02,2.352630769342472394e+00,3.949506445821169892e-04,2.989813603273915738e-02,9.995528727765010668e-01,3.915918047761201559e-01,0.000000000000000000e+00,0.000000000000000000e+00,0.000000000000000000e+00,1.000000000000000056e-01
9.978609710776202846e-01,-6.533820123785612222e-02,2.098060778450170760e-03,3.680865054161743188e+01,6.537149152805034336e-02,9.974513498431319958e-01,-2.858973227422514571e-02,2.405814272565663270e+00,-2.247118748483024680e-04,2.866573137241127875e-02,9.995890282258294013e-01,4.095260993219453916e-01,0.000000000000000000e+00,0.000000000000000000e+00,0.000000000000000000e+00,1.000000000000000056e-01
9.979509967067705656e-01,-6.387274920696416058e-02,3.752343362145589556e-03,3.780234605013895077e+01,6.395097433493333872e-02,9.975883334659852997e-01,-2.697757984273028986e-02,2.477711380344826964e+00,-2.020161769729407301e-03,2.716226870683760564e-02,9.996289962306623700e-01,4.249905403407238658e-01,0.000000000000000000e+00,0.000000000000000000e+00,0.000000000000000000e+00,1.000000000000000056e-01
9.978924450150690184e-01,-6.452624373636142718e-02,6.857991770412333668e-03,3.880918795495076523e+01,6.468407986554985944e-02,9.975660484057722321e-01,-2.603745148895512951e-02,2.534488117882490066e+00,-5.161200809359531988e-03,2.642617901566932104e-02,9.996374438109235649e-01,4.433522762132933170e-01,0.000000000000000000e+00,0.000000000000000000e+00,0.000000000000000000e+00,1.000000000000000056e-01
9.981063395542234540e-01,-6.069511632961293451e-02,9.991886478736345875e-03,3.981587722820139419e+01,6.091754920882058028e-02,9.978611971895796628e-01,-2.370829689728275180e-02,2.606447476315534306e+00,-8.531537965696644674e-03,2.427208266946900839e-02,9.996689846458308715e-01,4.510809410469683312e-01,0.000000000000000000e+00,0.000000000000000000e+00,0.000000000000000000e+00,1.000000000000000056e-01
9.980610591455806313e-01,-6.190367501604315120e-02,6.485155102993618234e-03,4.080757454522976957e+01,6.204443510324832850e-02,9.977753250502947591e-01,-2.439034221771856081e-02,2.662979384268631566e+00,-4.960875922715308681e-03,2.474541857166154268e-02,9.996814762562086232e-01,4.857910535768469873e-01,0.000000000000000000e+00,0.000000000000000000e+00,0.000000000000000000e+00,1.000000000000000056e-01
9.979438175419376167e-01,-6.385516228912867243e-02,5.536720947723757294e-03,4.180320884318599894e+01,6.395993302863091368e-02,9.977221129461247839e-01,-2.144090262310075629e-02,2.719496430010402310e+00,-4.154996606132513315e-03,2.175094451625673997e-02,9.997547861430090554e-01,5.148607062955974367e-01,0.000000000000000000e+00,0.000000000000000000e+00,0.000000000000000000e+00,1.000000000000000056e-01
9.978657728415022410e-01,-6.520190043208225206e-02,3.551277442870919010e-03,4.280561678508408363e+01,6.526116048973966410e-02,9.976585105323350078e-01,-2.045671757480449840e-02,2.775783629821948928e+00,-2.209145301662050406e-03,2.064481877972542193e-02,9.997844323325846272e-01,5.350212065155494079e-01,0.000000000000000000e+00,0.000000000000000000e+00,0.000000000000000000e+00,1.000000000000000056e-01
9.978608444110071973e-01,-6.517255220899412227e-02,5.125780908083239600e-03,4.386147802884345737e+01,6.526871340454495907e-02,9.976337552655500929e-01,-2.160753121649801323e-02,2.861993676292846178e+00,-3.705434099684856795e-03,2.189586247039607830e-02,9.997533900741774060e-01,5.652925211496977465e-01,0.000000000000000000e+00,0.000000000000000000e+00,0.000000000000000000e+00,1.000000000000000056e-01
9.979857641349937358e-01,-6.322704910359852604e-02,5.172508631577838779e-03,4.484474488950869642e+01,6.331532847125967423e-02,9.978089892443937625e-01,-1.919349274253759688e-02,2.926913983949560372e+00,-3.947627701430598927e-03,1.948233160410961853e-02,9.998024079740948089e-01,5.787425419602503229e-01,0.000000000000000000e+00,0.000000000000000000e+00,0.000000000000000000e+00,1.000000000000000056e-01
9.978135494559187135e-01,-6.540377925155652084e-02,9.511371183720727235e-03,4.582051205937976590e+01,6.558150440911297840e-02,9.976515769365886799e-01,-1.975847452044995206e-02,3.020717764566586805e+00,-8.196755554385197484e-03,2.033904362430639240e-02,9.997595393407507913e-01,5.865987979423813448e-01,0.000000000000000000e+00,0.000000000000000000e+00,0.000000000000000000e+00,1.000000000000000056e-01
9.977641421310797787e-01,-6.623534719358781242e-02,8.921628751257303785e-03,4.675641886957988191e+01,6.639393998825010579e-02,9.976156241329466878e-01,-1.883908752216781335e-02,3.094665108795752406e+00,-7.652542732126823601e-03,1.938930808399651901e-02,9.997827230562432721e-01,6.014432243015109814e-01,0.000000000000000000e+00,0.000000000000000000e+00,0.000000000000000000e+00,1.000000000000000056e-01
9.978323151592186635e-01,-6.575321793179277063e-02,2.680514056661190657e-03,4.772650945625310470e+01,6.579159959477258457e-02,9.976629373859202676e-01,-1.844258087303853738e-02,3.129845954999115332e+00,-1.461590488103236239e-03,1.857895847757917718e-02,9.998263279465756659e-01,6.022890672515353039e-01,0.000000000000000000e+00,0.000000000000000000e+00,0.000000000000000000e+00,1.000000000000000056e-01
9.977810027121298830e-01,-6.642893734769615699e-02,4.501878455993444349e-03,4.869080850228279900e+01,6.650666705314163540e-02,9.975823011746602909e-01,-2.015975249232626262e-02,3.196866131044459713e+00,-3.151803334480765030e-03,2.041442298780812500e-02,9.997866359728037056e-01,6.206206273880626734e-01,0.000000000000000000e+00,0.000000000000000000e+00,0.000000000000000000e+00,1.000000000000000056e-01
9.980294763923135415e-01,-6.260933486921112234e-02,4.151558661445897691e-03,4.968342584762428515e+01,6.268271902231790926e-02,9.978152172797279951e-01,-2.087268312839600862e-02,3.264582856721960358e+00,-2.835663600215496214e-03,2.109178399861582828e-02,9.997735221837504849e-01,6.291421902944421829e-01,0.000000000000000000e+00,0.000000000000000000e+00,0.000000000000000000e+00,1.000000000000000056e-01
9.981461059025886762e-01,-6.066169277672885107e-02,4.950787913058627733e-03,5.069574981226278254e+01,6.074611383473690895e-02,9.979686784319188320e-01,-1.919443989353473989e-02,3.358384047658937721e+00,-3.776364054948844022e-03,1.945959656085129857e-02,9.998035122843954570e-01,6.571047988482575652e-01,0.000000000000000000e+00,0.000000000000000000e+00,0.000000000000000000e+00,1.000000000000000056e-01
9.982385988278693612e-01,-5.915952923667058133e-02,4.455323856658150415e-03,5.163352992552712095e+01,5.923259276931457790e-02,9.980709857001385243e-01,-1.859589893977931646e-02,3.431708583273404223e+00,-3.346604846218096882e-03,1.882704448524680912e-02,9.998171545997567300e-01,6.712454341526550294e-01,0.000000000000000000e+00,0.000000000000000000e+00,0.000000000000000000e+00,1.000000000000000056e-01
9.983930031790018145e-01,-5.659840760784326519e-02,2.833982969284748032e-03,5.256502794051464633e+01,5.664251448701979053e-02,9.982100292254143525e-01,-1.919278787423242538e-02,3.518215439239157583e+00,-1.742628991357376370e-03,1.932246904652611813e-02,9.998117850046299715e-01,7.003308187908624527e-01,0.000000000000000000e+00,0.000000000000000000e+00,0.000000000000000000e+00,1.000000000000000056e-01
9.982361785969634527e-01,-5.928003141594967440e-02,3.226393567947915837e-03,5.352229069537317940e+01,5.933743280837991407e-02,9.979887238623879053e-01,-2.230641412763240128e-02,3.589693514298187615e+00,-1.897579469290925063e-03,2.245851550852058509e-02,9.997459748722729023e-01,7.204529159193175936e-01,0.000000000000000000e+00,0.000000000000000000e+00,0.000000000000000000e+00,1.000000000000000056e-01
9.983859665358977287e-01,-5.661783194941632374e-02,4.459027868157723618e-03,5.446927841947294979e+01,5.671455062057704360e-02,9.980557799898482907e-01,-2.584801301380149768e-02,3.641136986639224471e+00,-2.986900079908887465e-03,2.605918521756386830e-02,9.996559394580264435e-01,7.459001012712465073e-01,0.000000000000000000e+00,0.000000000000000000e+00,0.000000000000000000e+00,1.000000000000000056e-01
9.982410453702388331e-01,-5.872620233883425744e-02,8.127022640005776913e-03,5.541219301466764335e+01,5.894642191364651840e-02,9.978039967755043538e-01,-3.020767058890327927e-02,3.686566393386092155e+00,-6.335193896893989013e-03,3.063359557230616731e-02,9.995106043162329534e-01,7.515940999143958523e-01,0.000000000000000000e+00,0.000000000000000000e+00,0.000000000000000000e+00,1.000000000000000056e-01
9.979494764642543592e-01,-6.280941762840755449e-02,1.232150485536950141e-02,5.637101340582795217e+01,6.312040912268895854e-02,9.976480399443433678e-01,-2.672456449400331668e-02,3.738927267242318830e+00,-1.061397083588292573e-02,2.744750357300393406e-02,9.995668952955099051e-01,7.749340811839282583e-01,0.000000000000000000e+00,0.000000000000000000e+00,0.000000000000000000e+00,1.000000000000000056e-01
9.977272283813430898e-01,-6.611999669214205233e-02,1.298167107557319025e-02,5.733679194985594307e+01,6.642335011104674725e-02,9.974901495461598877e-01,-2.452223722267087708e-02,3.833828969446948509e+00,-1.132767877848563781e-02,2.532878986076446404e-02,9.996149939340048807e-01,7.796578438792247656e-01,0.000000000000000000e+00,0.000000000000000000e+00,0.000000000000000000e+00,1.000000000000000056e-01
9.977584698302930377e-01,-6.650705069773750477e-02,7.405949594800430476e-03,5.821186696481795053e+01,6.668791654360435583e-02,9.973899696957693184e-01,-2.767616551015568069e-02,3.897883768832138607e+00,-5.545959699223499025e-03,2.810801589868705888e-02,9.995895066342251889e-01,7.925525892384619464e-01,0.000000000000000000e+00,0.000000000000000000e+00,0.000000000000000000e+00,1.000000000000000056e-01
9.975812246184267984e-01,-6.945870454779838610e-02,2.681166041399903922e-03,5.909958001949781448e+01,6.950493230831149283e-02,9.972452047034197076e-01,-2.590494317406684746e-02,3.958263052241320246e+00,-8.744561835446890141e-04,2.602863919947120616e-02,9.996608151107088114e-01,7.976081807562419579e-01,0.000000000000000000e+00,0.000000000000000000e+00,0.000000000000000000e+00,1.000000000000000056e-01
9.976869844855450475e-01,-6.783818847165673516e-02,-4.319857986534242182e-03,6.006970722017432962e+01,6.770842921978068030e-02,9.973858523831125034e-01,-2.523945480001750508e-02,4.029572187772672009e+00,6.020764131718900174e-03,2.488858475076791837e-02,9.996721006151837452e-01,8.198005110340631507e-01,0.000000000000000000e+00,0.000000000000000000e+00,0.000000000000000000e+00,1.000000000000000056e-01
9.979338872391810833e-01,-6.412385470825264500e-02,-4.010979562699789995e-03,6.096008578725803062e+01,6.401600558804547425e-02,9.976865731734261278e-01,-2.287908953645439308e-02,4.117047383711920361e+00,5.468795868271304934e-03,2.257505186750787679e-02,9.997301932546253100e-01,8.366663520061119463e-01,0.000000000000000000e+00,0.000000000000000000e+00,0.000000000000000000e+00,1.000000000000000056e-01
9.977900718024431681e-01,-6.642799027583286275e-02,-1.514833452635045048e-03,6.184874456124089903e+01,6.638379931176495441e-02,9.975883851207559827e-01,-2.026339214192795710e-02,4.180907343484664196e+00,2.857236673900471861e-03,2.011805110034488656e-02,9.997935287940771243e-01,8.566177902176611569e-01,0.000000000000000000e+00,0.000000000000000000e+00,0.000000000000000000e+00,1.000000000000000056e-01
9.978200212638778099e-01,-6.597876057444961029e-02,-1.417151372938948994e-03,6.272016002189770489e+01,6.594355378769319043e-02,9.976669876334951503e-01,-1.766435677167886228e-02,4.243933528467073835e+00,2.579317507400930541e-03,1.753239685174262305e-02,9.998429687615095762e-01,8.812862952497839686e-01,0.000000000000000000e+00,0.000000000000000000e+00,0.000000000000000000e+00,1.000000000000000056e-01
9.977494562511091125e-01,-6.704728661008549362e-02,-8.269878119828512385e-04,6.352590837772937959e+01,6.702546321282631947e-02,9.976224470949377476e-01,-1.603247745715755818e-02,4.306377556524834560e+00,1.899955715847797752e-03,1.594096642406760828e-02,9.998711295750790651e-01,9.018145940496321566e-01,0.000000000000000000e+00,0.000000000000000000e+00,0.000000000000000000e+00,1.000000000000000056e-01
9.975006193590527648e-01,-7.065749605334613326e-02,-1.806371429486866185e-04,6.434717543682485541e+01,7.064661373019932855e-02,9.973858111920262948e-01,-1.518550628987211208e-02,4.364541774821388387e+00,1.253134774095987329e-03,1.513479052696499981e-02,9.998846772348013445e-01,9.236988253547573358e-01,0.000000000000000000e+00,0.000000000000000000e+00,0.000000000000000000e+00,1.000000000000000056e-01
9.974722990805745537e-01,-7.105418120344571264e-02,5.620501941690260461e-04,6.513841922068530721e+01,7.105389388159009945e-02,9.973393698563602916e-01,-1.629495316906314287e-02,4.423743179101130352e+00,5.972697686960932052e-04,1.629370025580831674e-02,9.998670704652680152e-01,9.361010387419830270e-01,0.000000000000000000e+00,0.000000000000000000e+00,0.000000000000000000e+00,1.000000000000000056e-01
9.971905885034695327e-01,-7.486704197226548563e-02,2.419964137562210030e-03,6.594612018233964079e+01,7.489770692296862653e-02,9.970426551915948510e-01,-1.721270537061560246e-02,4.487893315909012415e+00,-1.124143133745345718e-03,1.734559756300023403e-02,9.998489218613966223e-01,9.565597892825873361e-01,0.000000000000000000e+00,0.000000000000000000e+00,0.000000000000000000e+00,1.000000000000000056e-01
9.970274682196097471e-01,-7.703872404067099722e-02,1.123660883157275459e-03,6.668026536078565414e+01,7.704680587805462499e-02,9.968950650979093719e-01,-1.624865801918306055e-02,4.561458708567606379e+00,1.316038919080326662e-04,1.628693284876972860e-02,9.998673504514462573e-01,9.765337603978335723e-01,0.000000000000000000e+00,0.000000000000000000e+00,0.000000000000000000e+00,1.000000000000000056e-01
9.969596454454839884e-01,-7.769650889879758937e-02,5.892186194769465958e-03,6.745196246475619262e+01,7.779624701063905801e-02,9.967847223065285922e-01,-1.918231809131504956e-02,4.633279264467796921e+00,-4.382842031650217678e-03,1.958238701578091101e-02,9.997986401343471607e-01,9.834796633904572261e-01,0.000000000000000000e+00,0.000000000000000000e+00,0.000000000000000000e+00,1.000000000000000056e-01
9.967014961420330721e-01,-8.070993739432461012e-02,8.487260691001049726e-03,6.817886219826345950e+01,8.083909351948248556e-02,9.965959781572081289e-01,-1.617087752182288021e-02,4.688523804795874383e+00,-7.153219357825797362e-03,1.680364028065449780e-02,9.998332206553937063e-01,1.006134792985411641e+00,0.000000000000000000e+00,0.000000000000000000e+00,0.000000000000000000e+00,1.000000000000000056e-01
9.965496081296023601e-01,-8.231757611583549739e-02,1.061579950590882393e-02,6.886559362548331364e+01,8.247496187150639424e-02,9.964748522421797983e-01,-1.535413668101930085e-02,4.762876070365675396e+00,-9.314461929150353453e-03,1.617669655212352481e-02,9.998257624644560915e-01,1.023072710082499226e+00,0.000000000000000000e+00,0.000000000000000000e+00,0.000000000000000000e+00,1.000000000000000056e-01
9.965440044296773880e-01,-8.284599032371989247e-02,6.048894324198980134e-03,6.951718885859450836e+01,8.290538505088129728e-02,9.965038261441698797e-01,-1.033545401011710420e-02,4.816046228184251099e+00,-5.171495415092622512e-03,1.080122063992067401e-02,9.999282920629155580e-01,1.046028366045816949e+00,0.000000000000000000e+00,0.000000000000000000e+00,0.000000000000000000e+00,1.000000000000000056e-01
9.966990945796424528e-01,-8.118115489788313432e-02,7.314052001182397636e-04,7.019256126323600142e+01,8.118440259007958515e-02,9.966483675530626307e-01,-1.005605439062529256e-02,4.883666469922243181e+00,8.740831042922477976e-05,1.008223900040274533e-02,9.999491691163736595e-01,1.055212576236644662e+00,0.000000000000000000e+00,0.000000000000000000e+00,0.000000000000000000e+00,1.000000000000000056e-01
9.965099319121156762e-01,-8.335961662294134877e-02,-4.373776055863114708e-03,7.092488187059440463e+01,8.331453549995003482e-02,9.964766946216440102e-01,-9.637699432455935217e-03,4.945491231328558612e+00,5.161760836978433221e-03,9.239664084751061934e-03,9.999439908478188199e-01,1.083094023506198100e+00,0.000000000000000000e+00,0.000000000000000000e+00,0.000000000000000000e+00,1.000000000000000056e-01
9.965045766734003108e-01,-8.344630201667752045e-02,-3.917058680791620298e-03,7.162144143329048518e+01,8.340433740870167867e-02,9.964668807011550777e-01,-9.872799356078583097e-03,5.000696183109761606e+00,4.727067841989200311e-03,9.511590059048077514e-03,9.999435906510756311e-01,1.085784727197565136e+00,0.000000000000000000e+00,0.000000000000000000e+00,0.000000000000000000e+00,1.000000000000000056e-01
9.964653785840373867e-01,-8.400147810948738192e-02,-7.077844249998294221e-04,7.229403452792948315e+01,8.398901215734183578e-02,9.964083482751083798e-01,-1.078189800101111116e-02,5.066185920971491008e+00,1.610937678759587818e-03,1.068434195875592706e-02,9.999416231544236977e-01,1.100353290162481068e+00,0.000000000000000000e+00,0.000000000000000000e+00,0.000000000000000000e+00,1.000000000000000056e-01
9.954977314164145108e-01,-9.475855797461975316e-02,2.254425723537208451e-03,7.289335505216344302e+01,9.477616117881125513e-02,9.954509741708650328e-01,-9.738444151088739356e-03,5.154685636672095228e+00,-1.321369358017432513e-03,9.908264875673910080e-03,9.999500388870301570e-01,1.108666254849017818e+00,0.000000000000000000e+00,0.000000000000000000e+00,0.000000000000000000e+00,1.000000000000000056e-01
9.956699265392725540e-01,-9.294437835626193078e-02,-1.655269539247082328e-03,7.345487295338455169e+01,9.291958411145176400e-02,9.956079567792126550e-01,-1.143447797130314747e-02,5.215195600906633366e+00,2.710769970759798527e-03,1.123115888452314373e-02,9.999332541706352773e-01,1.121282632397048395e+00,0.000000000000000000e+00,0.000000000000000000e+00,0.000000000000000000e+00,1.000000000000000056e-01
9.956275552836401088e-01,-9.327580232190713083e-02,-5.039430635158685320e-03,7.407906821294925237e+01,9.317708467038318676e-02,9.955014916678955883e-01,-1.717006055094156408e-02,5.268713112811444610e+00,6.618311888262163462e-03,1.662542595542331608e-02,9.998398837611702783e-01,1.159899195188675014e+00,0.000000000000000000e+00,0.000000000000000000e+00,0.000000000000000000e+00,1.000000000000000056e-01
9.957892730217260402e-01,-9.130790243774976334e-02,-8.160311714677431771e-03,7.470874310964278209e+01,9.113038423154583290e-02,9.956385907556453141e-01,-1.997622756987817508e-02,5.317508919135561563e+00,9.948708693752944532e-03,1.914846078751781047e-02,9.997671527134684988e-01,1.173082438096409552e+00,0.000000000000000000e+00,0.000000000000000000e+00,0.000000000000000000e+00,1.000000000000000056e-01
9.960397640053063606e-01,-8.827092666657383735e-02,-1.063165206719852117e-02,7.529014349359241010e+01,8.804165890226108016e-02,9.959081559608585765e-01,-2.038654429715886646e-02,5.363485505369791184e+00,1.238768816170049934e-02,1.936978048575802719e-02,9.997356434507784773e-01,1.189180141958814829e+00,0.000000000000000000e+00,0.000000000000000000e+00,0.000000000000000000e+00,1.000000000000000056e-01
9.963357146789920682e-01,-8.502160141922286696e-02,-9.298975600194497523e-03,7.584788675223011012e+01,8.481339132599401143e-02,9.961782805460891455e-01,-2.086916433451530689e-02,5.438115159316852854e+00,1.103776729624321266e-02,2.000401610547247050e-02,9.997389694479084099e-01,1.193941528437498345e+00,0.000000000000000000e+00,0.000000000000000000e+00,0.000000000000000000e+00,1.000000000000000056e-01
9.969303968972169638e-01,-7.820157572819047553e-02,-3.781176534578116390e-03,7.639247382478083637e+01,7.810596810000516865e-02,9.967248003870469164e-01,-2.095542985869051217e-02,5.467003554027876078e+00,5.407540061666728758e-03,2.059577255238587840e-02,9.997732606263541877e-01,1.215085571689527466e+00,0.000000000000000000e+00,0.000000000000000000e+00,0.000000000000000000e+00,1.000000000000000056e-01
9.976067771004802909e-01,-6.912987584322193013e-02,1.333622545328332423e-03,7.698271247543142692e+01,6.914030171728109686e-02,9.972241097820929712e-01,-2.763500583961326154e-02,5.480840733755804273e+00,5.804839670688019017e-04,2.766107617597050525e-02,9.996171906800878082e-01,1.229553767389576668e+00,0.000000000000000000e+00,0.000000000000000000e+00,0.000000000000000000e+00,1.000000000000000056e-01
9.983334726256082314e-01,-5.770370212757493233e-02,7.484624679755011011e-04,7.753793774280072171e+01,5.770081872164591064e-02,9.979032870332912308e-01,-2.931970748497705198e-02,5.517941931189517035e+00,9.449625101669426909e-04,2.931403228702878644e-02,9.995698047444857570e-01,1.234946383896995403e+00,0.000000000000000000e+00,0.000000000000000000e+00,0.000000000000000000e+00,1.000000000000000056e-01
9.989517063844366440e-01,-4.577574427101274018e-02,2.637196561329585532e-04,7.805525659962152929e+01,4.576835151865805279e-02,9.986485051371505328e-01,-2.462562053226819911e-02,5.550708686669774572e+00,8.638928676276471383e-04,2.461187566540920871e-02,9.996967086398472757e-01,1.248123619248561633e+00,0.000000000000000000e+00,0.000000000000000000e+00,0.000000000000000000e+00,1.000000000000000056e-01
9.995774694850215747e-01,-2.905962331487604161e-02,6.486838353481421630e-04,7.857498659333275270e+01,2.906684747298472066e-02,9.993507254278909402e-01,-2.128957408522817035e-02,5.574096062238766969e+00,-2.959565797763514909e-05,2.129943378462652304e-02,9.997731408897476690e-01,1.261488007547024059e+00,0.000000000000000000e+00,0.000000000000000000e+00,0.000000000000000000e+00,1.000000000000000056e-01
9.998686118722301952e-01,-1.615371006247577970e-02,-1.347829335278759441e-03,7.905580723847434399e+01,1.613074040739639545e-02,9.997482346587354129e-01,-1.559700325867916133e-02,5.599168893815980041e+00,1.599439467050389708e-03,1.557321251250132731e-02,9.998774509135766042e-01,1.249822961882354422e+00,0.000000000000000000e+00,0.000000000000000000e+00,0.000000000000000000e+00,1.000000000000000056e-01
9.999411406178427830e-01,1.083537263882891968e-02,5.567761357044480417e-04,7.955269824892688746e+01,-1.082476168778839787e-02,9.998063593938478766e-01,-1.643375337598034294e-02,5.607056345904274153e+00,-7.347341629193990167e-04,1.642675912642766259e-02,9.998648017358707785e-01,1.269967352393376103e+00,0.000000000000000000e+00,0.000000000000000000e+00,0.000000000000000000e+00,1.000000000000000056e-01
9.993730552120642097e-01,3.512018647150615125e-02,4.479845790998996866e-03,8.006715499478440279e+01,-3.504938310615249297e-02,9.992728635313020691e-01,-1.500949545554021089e-02,5.599721662397064037e+00,-5.003724610992014987e-03,1.484306949920960461e-02,9.998773154881848146e-01,1.290832035536241262e+00,0.000000000000000000e+00,0.000000000000000000e+00,0.000000000000000000e+00,1.000000000000000056e-01
9.979991916828110377e-01,6.304698193765050085e-02,4.763556340532165354e-03,8.054221577298167745e+01,-6.296838407336903531e-02,9.979003876918373095e-01,-1.515911777345335318e-02,5.565368961945005744e+00,-5.709291343462588250e-03,1.482883383932522003e-02,9.998737468697340702e-01,1.298516429762903268e+00,0.000000000000000000e+00,0.000000000000000000e+00,0.000000000000000000e+00,1.000000000000000056e-01
9.952552943158273768e-01,9.714310591727905175e-02,5.487814597830956327e-03,8.101267209497245858e+01,-9.705427682769431075e-02,9.951715869580221030e-01,-1.462805048204063839e-02,5.493097263516394158e+00,-6.882331419595010859e-03,1.402602881061318883e-02,9.998779445662528964e-01,1.307164093320571041e+00,0.000000000000000000e+00,0.000000000000000000e+00,0.000000000000000000e+00,1.000000000000000056e-01
