1.000000000000000000e+00,-6.160158395029310708e-12,1.344744836466156110e-09,1.208122190466952168e-14,6.160159471521773759e-12,1.000000000000000000e+00,-8.005180124157487902e-10,-2.584643226433045449e-15,-1.344744836461224873e-09,8.005180124240325904e-10,1.000000000000000000e+00,-1.928769553395753593e-15,0.000000000000000000e+00,0.000000000000000000e+00,0.000000000000000000e+00,1.000000000000000056e-01
9.999681141009530982e-01,-7.852964824765436974e-03,1.449732680293967010e-03,6.537019979077766108e-01,7.855827506327343890e-03,9.999671830252814253e-01,-1.979607707159459443e-03,2.135442526748609557e-03,-1.434139314762091465e-03,1.990933435454631407e-03,9.999969897097098492e-01,7.947856268168419433e-03,0.000000000000000000e+00,0.000000000000000000e+00,0.000000000000000000e+00,1.000000000000000056e-01
9.999436159222869769e-01,-9.985517419837245875e-03,3.613089830029776565e-03,1.339348120197718650e+00,9.992005027571153677e-03,9.999484908106331948e-01,-1.782010400105883208e-03,-8.912225161863579145e-03,-3.595109426808933660e-03,1.818011934839721929e-03,9.999918849774802609e-01,3.982162166541977286e-03,0.000000000000000000e+00,0.000000000000000000e+00,0.000000000000000000e+00,1.000000000000000056e-01
9.999028218701514481e-01,-1.345862600998447463e-02,3.634859286333955511e-03,2.072593428224290601e+00,1.347280628973110232e-02,9.999016112435400450e-01,-3.905294259321446387e-03,4.112097223124131472e-03,-3.581941762153719420e-03,3.953886505184025027e-03,9.999857681360853068e-01,-6.557854825491463494e-04,0.000000000000000000e+00,0.000000000000000000e+00,0.000000000000000000e+00,1.000000000000000056e-01
9.998215394873962714e-01,-1.811559500927976268e-02,5.358581389941536807e-03,2.807041805095420894e+00,1.814265250401103646e-02,9.998226823048812495e-01,-5.044611857329255392e-03,4.167703350341605412e-02,-5.266245073253978531e-03,5.140930473383480137e-03,9.999729183816411515e-01,-1.610008712715096241e-02,0.000000000000000000e+00,0.000000000000000000e+00,0.000000000000000000e+00,1.000000000000000056e-01
9.997229560228351186e-01,-2.303866878084457823e-02,4.819848729062426590e-03,3.559993499196253630e+00,2.306351622571279833e-02,9.997206606338095991e-01,-5.164776975396540709e-03,5.334200057954313623e-02,-4.699512769510224078e-03,5.274508764410320433e-03,9.999750467571795198e-01,-1.822048408224570884e-02,0.000000000000000000e+00,0.000000000000000000e+00,0.000000000000000000e+00,1.000000000000000056e-01
9.995836677207493581e-01,-2.819475004688287365e-02,6.127584820162419905e-03,4.321137921298739748e+00,2.822732515359141839e-02,9.995874985755883735e-01,-5.296301168885251924e-03,9.050106277333630489e-02,-5.975729295066165882e-03,5.467061476872947003e-03,9.999672004111935797e-01,-1.044289214393547861e-02,0.000000000000000000e+00,0.000000000000000000e+00,0.000000000000000000e+00,1.000000000000000056e-01
9.993897640697796403e-01,-3.386167807911930061e-02,8.572410992033770161e-03,5.129025091173806672e+00,3.389029403345533709e-02,9.994203874352516337e-01,-3.215143713341043086e-03,1.360457655669062293e-01,-8.458572153513341935e-03,3.503703246221988917e-03,9.999580874320114221e-01,-1.277635481382447154e-02,0.000000000000000000e+00,0.000000000000000000e+00,0.000000000000000000e+00,1.000000000000000056e-01
9.993340719976924191e-01,-3.451055372110214264e-02,1.185049477338088846e-02,5.907958839151220332e+00,3.452429663377312025e-02,9.994034005591936332e-01,-9.570228122431864194e-04,1.788189913414931498e-01,-1.181039738765157256e-02,1.365515500766846264e-03,9.999293224428229543e-01,-8.645635855541643211e-03,0.000000000000000000e+00,0.000000000000000000e+00,0.000000000000000000e+00,1.000000000000000056e-01
9.991110320901571695e-01,-3.943139239930716633e-02,1.491009219262877730e-02,6.716656220736546778e+00,3.947279164398644069e-02,9.992175370582808691e-01,-2.492459631274423614e-03,2.098693247682345275e-01,-1.480014444427021555e-02,3.078786877157906662e-03,9.998857318692940810e-01,-1.176141196405470178e-02,0.000000000000000000e+00,0.000000000000000000e+00,0.000000000000000000e+00,1.000000000000000056e-01
9.988868380344113618e-01,-4.380495432423898300e-02,1.749887934317175334e-02,7.554570607626512668e+00,4.390203392619598105e-02,9.990222947692971589e-01,-5.202496615156652210e-03,2.444506302417181198e-01,-1.725387547070754771e-02,5.964941788392892283e-03,9.998333477388631207e-01,-1.287264756455121402e-02,0.000000000000000000e+00,0.000000000000000000e+00,0.000000000000000000e+00,1.000000000000000056e-01
9.987025350083392761e-01,-4.689206014447643706e-02,1.985903480342328387e-02,8.401833702256022107e+00,4.701036499059973311e-02,9.988790795291061508e-01,-5.532636129032326988e-03,2.986048023416834063e-01,-1.957733769865984547e-02,6.459038201813262561e-03,9.997874817550678195e-01,-2.506827413605038427e-02,0.000000000000000000e+00,0.000000000000000000e+00,0.000000000000000000e+00,1.000000000000000056e-01
9.985266629639506508e-01,-5.022438530147915053e-02,2.054299080381328732e-02,9.260664223141171547e+00,5.034943107505534393e-02,9.987158761914517457e-01,-5.615463788418189467e-03,3.699330326379126621e-01,-2.023457784326730333e-02,6.641518217196211438e-03,9.997732003285921820e-01,-3.364652418154664981e-02,0.000000000000000000e+00,0.000000000000000000e+00,0.000000000000000000e+00,1.000000000000000056e-01
9.983870526380743682e-01,-5.233766204563159580e-02,2.200141486941526933e-02,1.005140913031139682e+01,5.253802290007445613e-02,9.985816411414550897e-01,-8.629143931432645132e-03,4.306022723551497511e-01,-2.151857974890828210e-02,9.771136414736140974e-03,9.997206988047984133e-01,-3.731053570689090576e-02,0.000000000000000000e+00,0.000000000000000000e+00,0.000000000000000000e+00,1.000000000000000056e-01
9.981014954039093556e-01,-5.656016559820357253e-02,2.437934658648006209e-02,1.089325437426693632e+01,5.678940867381857688e-02,9.983472624580387311e-01,-8.815134997152180782e-03,4.907314525232813196e-01,-2.384046842991865284e-02,1.018288809934520846e-02,9.996639139505828497e-01,-5.697595850742204204e-02,0.000000000000000000e+00,0.000000000000000000e+00,0.000000000000000000e+00,1.000000000000000056e-01
9.979608068726790737e-01,-5.849200430004464907e-02,2.555216975121383030e-02,1.171105873123493879e+01,5.875478426275062421e-02,9.982257384567655434e-01,-9.656625118683318659e-03,5.531210868194780250e-01,-2.494199816111210624e-02,1.113824561628593696e-02,9.996268484851346114e-01,-5.032055744814779852e-02,0.000000000000000000e+00,0.000000000000000000e+00,0.000000000000000000e+00,1.000000000000000056e-01
9.978305853068644149e-01,-6.057678349945988527e-02,2.577937794090231355e-02,1.259059168372728621e+01,6.078130161790382124e-02,9.981249624120559494e-01,-7.224457319774712019e-03,6.330172339154963579e-01,-2.529340625130822862e-02,8.775688622063180719e-03,9.996415512019369842e-01,-6.482923883921488939e-02,0.000000000000000000e+00,0.000000000000000000e+00,0.000000000000000000e+00,1.000000000000000056e-01
9.975917440630026611e-01,-6.483778510981555443e-02,2.463277896198618616e-02,1.351250751265689409e+01,6.500673880897572809e-02,9.978660557981073875e-01,-6.120342747764700823e-03,7.012072556684121327e-01,-2.418338451826576585e-02,7.706900024127005984e-03,9.996778319064896223e-01,-8.245306710379494974e-02,0.000000000000000000e+00,0.000000000000000000e+00,0.000000000000000000e+00,1.000000000000000056e-01
9.979244994866632856e-01,-5.965026583138813981e-02,2.425982503105165305e-02,1.439937057981646795e+01,5.974111051506313802e-02,9.982092859131700413e-01,-3.036648011550052012e-03,7.724904349990600050e-01,-2.403524575949920333e-02,4.479654335299409346e-03,9.997010751511257176e-01,-9.033767564424477481e-02,0.000000000000000000e+00,0.000000000000000000e+00,0.000000000000000000e+00,1.000000000000000056e-01
9.965919642636923426e-01,-7.825859039966953645e-02,2.607776435379421248e-02,1.540012653588962088e+01,7.831990175560693546e-02,9.969273828861014985e-01,-1.336503221247942229e-03,9.368218484616465114e-01,-2.589304451058905415e-02,3.374356312703270626e-03,9.996590238503564319e-01,-1.076925275279645711e-01,0.000000000000000000e+00,0.000000000000000000e+00,0.000000000000000000e+00,1.000000000000000056e-01
9.966472190487308813e-01,-7.733952605203833763e-02,2.670053318713259960e-02,1.634765838271756877e+01,7.740913601211760198e-02,9.969981562313097179e-01,-1.581813271682558884e-03,1.030977522978004712e+00,-2.649804566922934340e-02,3.643375003355603901e-03,9.996422256959218711e-01,-1.240962206145927726e-01,0.000000000000000000e+00,0.000000000000000000e+00,0.000000000000000000e+00,1.000000000000000056e-01
9.961011728040457536e-01,-8.291881869057446397e-02,3.011516304727807417e-02,1.725486969248713365e+01,8.309795487264362568e-02,9.965300910962611169e-01,-4.744200213067891955e-03,1.121363692609869567e+00,-2.961728269758361412e-02,7.228211856139150904e-03,9.995351767291504874e-01,-1.385562256065466513e-01,0.000000000000000000e+00,0.000000000000000000e+00,0.000000000000000000e+00,1.000000000000000056e-01
9.956832705785846338e-01,-8.743606119163797874e-02,3.114096808426401394e-02,1.810573494183179832e+01,8.765952875544950895e-02,9.961331285913416211e-01,-5.881933457479639887e-03,1.191995722346093300e+00,-3.050625687142769979e-02,8.586345329524007475e-03,9.994976953277964205e-01,-1.508234904959256661e-01,0.000000000000000000e+00,0.000000000000000000e+00,0.000000000000000000e+00,1.000000000000000056e-01
9.953797128502109848e-01,-9.038779177455380509e-02,3.239250444703728471e-02,1.900566830648614314e+01,9.074997412961266496e-02,9.958246185806749473e-01,-9.887933258668291439e-03,1.261789866267623683e+00,-3.136350493337852763e-02,1.278186710825729260e-02,9.994263126571767408e-01,-1.718709470397407624e-01,0.000000000000000000e+00,0.000000000000000000e+00,0.000000000000000000e+00,1.000000000000000056e-01
9.948975356218087152e-01,-9.415339129315869471e-02,3.624958650314943215e-02,1.993712563736728782e+01,9.459108760365370072e-02,9.954602944993496960e-01,-1.055121894502686515e-02,1.354151641644671278e+00,-3.509159100995388331e-02,1.392626953872899871e-02,9.992870654907551886e-01,-1.909259013381055248e-01,0.000000000000000000e+00,0.000000000000000000e+00,0.000000000000000000e+00,1.000000000000000056e-01
9.946301434652612405e-01,-9.567746162209490868e-02,3.945505097989852189e-02,2.086527825697020688e+01,9.621605989588251362e-02,9.952883572024415759e-01,-1.198147884766738100e-02,1.429016229733429455e+00,-3.812279539049814175e-02,1.571334957345841415e-02,9.991495098916860496e-01,-2.171091555010858931e-01,0.000000000000000000e+00,0.000000000000000000e+00,0.000000000000000000e+00,1.000000000000000056e-01
9.947148835131558453e-01,-9.360470844158952364e-02,4.219548642892715501e-02,2.177969053732147486e+01,9.438796548457153990e-02,9.953909327985409616e-01,-1.696475387778356367e-02,1.534445459973585502e+00,-4.041302375586471735e-02,2.085783929402712164e-02,9.989653337583304094e-01,-2.401839663660566004e-01,0.000000000000000000e+00,0.000000000000000000e+00,0.000000000000000000e+00,1.000000000000000056e-01
9.944672531039905339e-01,-9.422235726155614444e-02,4.644383592985522335e-02,2.272209362284288758e+01,9.518326783499186927e-02,9.952798213240009462e-01,-1.892677440867737704e-02,1.653023021055409103e+00,-4.444128742572424351e-02,2.324273343091212696e-02,9.987415818491807151e-01,-2.674866856323476205e-01,0.000000000000000000e+00,0.000000000000000000e+00,0.000000000000000000e+00,1.000000000000000056e-01
9.948093249483281886e-01,-8.882767404341294915e-02,4.963921151558277345e-02,2.367775950797030404e+01,8.986488679288194559e-02,9.957714769625146678e-01,-1.906483122387210918e-02,1.759618306614048278e+00,-4.773582635247973494e-02,2.342669400340978772e-02,9.985852396718651880e-01,-2.924747464721608181e-01,0.000000000000000000e+00,0.000000000000000000e+00,0.000000000000000000e+00,1.000000000000000056e-01
9.955554262882908567e-01,-7.997240321710370747e-02,4.973738947331635823e-02,2.459689829303975017e+01,8.106476421591947423e-02,9.965011863553701055e-01,-2.034427671256231959e-02,1.849671469623999531e+00,-4.793638691596147777e-02,2.428580482547167477e-02,9.985551073893830232e-01,-3.250829552315444015e-01,0.000000000000000000e+00,0.000000000000000000e+00,0.000000000000000000e+00,1.000000000000000056e-01
9.955387501993467891e-01,-8.121653942174314467e-02,4.802572827015764989e-02,2.553498418871361153e+01,8.236838269627400066e-02,9.963477320098392820e-01,-2.250880829474795689e-02,1.924903615578434923e+00,-4.602223792388553114e-02,2.636419244365368134e-02,9.985924508893861962e-01,-3.465145560601663455e-01,0.000000000000000000e+00,0.000000000000000000e+00,0.000000000000000000e+00,1.000000000000000056e-01
9.960376398892428762e-01,-7.831529221568654664e-02,4.213946996627512126e-02,2.645003475214068800e+01,7.934061840835061885e-02,9.965767799067473121e-01,-2.323333857367613706e-02,2.010205664945001303e+00,-4.017569158642412402e-02,2.648465132619647402e-02,9.988415675419612949e-01,-3.825118702882741029e-01,0.000000000000000000e+00,0.000000000000000000e+00,0.000000000000000000e+00,1.000000000000000056e-01
9.959882338916453692e-01,-7.778249304912759898e-02,4.424162886313783016e-02,2.738444989462643164e+01,7.903573100392299877e-02,9.964973976565706382e-01,-2.731830317494213234e-02,2.089405824940155032e+00,-4.196178230338577786e-02,3.070537801012949986e-02,9.986472793670336801e-01,-4.060166068954654817e-01,0.000000000000000000e+00,0.000000000000000000e+00,0.000000000000000000e+00,1.000000000000000056e-01
9.959696346095295860e-01,-7.747734253429613971e-02,4.518570935133742889e-02,2.833979683491249446e+01,7.890720304633627724e-02,9.964070839753792486e-01,-3.076648031682847548e-02,2.145976249996261576e+00,-4.263965575804355007e-02,3.420795810195165904e-02,9.985047197481495829e-01,-4.345914326225787105e-01,0.000000000000000000e+00,0.000000000000000000e+00,0.000000000000000000e+00,1.000000000000000056e-01
9.956669501137499489e-01,-7.725638355256086998e-02,5.175688989461267597e-02,2.933115608163947385e+01,7.910989913195956569e-02,9.962592457982890615e-01,-3.477267635307158822e-02,2.221028626823884355e+00,-4.887686886978995227e-02,3.871648695070203927e-02,9.980541494967501981e-01,-4.658295540864533790e-01,0.000000000000000000e+00,0.000000000000000000e+00,0.000000000000000000e+00,1.000000000000000056e-01
9.953289556140100247e-01,-7.802504224259913801e-02,5.685387321339339245e-02,3.028851130358362553e+01,8.035210765935864308e-02,9.959692045648572689e-01,-3.986078716162523572e-02,2.287998279442048588e+00,-5.351456727866559654e-02,4.424292419682690491e-02,9.975864647976590005e-01,-5.015687760479010660e-01,0.000000000000000000e+00,0.000000000000000000e+00,0.000000000000000000e+00,1.000000000000000056e-01
9.950644852816109553e-01,-7.712309326504278306e-02,6.243955970756233376e-02,3.121618229855025106e+01,8.005629668783430242e-02,9.957320511146964259e-01,-4.592027595244915078e-02,2.351523025831078417e+00,-5.863155713327235230e-02,5.069231567161969904e-02,9.969917901567578733e-01,-5.278958111903946371e-01,0.000000000000000000e+00,0.000000000000000000e+00,0.000000000000000000e+00,1.000000000000000056e-01
9.951190250729630149e-01,-7.975275609012770495e-02,5.811732817210584628e-02,3.218365858701623239e+01,8.265965872061480091e-02,9.953498866871364203e-01,-4.945688922785265729e-02,2.412159894435507379e+00,-5.390275278709927981e-02,5.401944990402250679e-02,9.970839444470258606e-01,-5.675132834220751876e-01,0.000000000000000000e+00,0.000000000000000000e+00,0.000000000000000000e+00,1.000000000000000056e-01
9.950450466263007776e-01,-8.298028987016860258e-02,5.476884769214895865e-02,3.318895583649445058e+01,8.571080188612188733e-02,9.950874633440479622e-01,-4.954390714856847511e-02,2.487571782628565487e+00,-5.038862594376809778e-02,5.399270125276939281e-02,9.972691585459404484e-01,-6.153572450314120923e-01,0.000000000000000000e+00,0.000000000000000000e+00,0.000000000000000000e+00,1.000000000000000056e-01
9.947581048064879639e-01,-8.387270342006725166e-02,5.849514973751012564e-02,3.417580044794765826e+01,8.689791869911678290e-02,9.948983261646469067e-01,-5.124521753827925019e-02,2.587869516791612590e+00,-5.389865163031428569e-02,5.605970224495768206e-02,9.969715367735634270e-01,-6.680248972425525400e-01,0.000000000000000000e+00,0.000000000000000000e+00,0.000000000000000000e+00,1.000000000000000056e-01
9.945732678398264692e-01,-8.620175794940980463e-02,5.825179675203242396e-02,3.515882411567362453e+01,8.924544608590183337e-02,9.946597218354416015e-01,-5.183905970569133853e-02,2.675703991071840537e+00,-5.347209787671624442e-02,5.675645059967373424e-02,9.969550842761120135e-01,-6.948958789759420718e-01,0.000000000000000000e+00,0.000000000000000000e+00,0.000000000000000000e+00,1.000000000000000056e-01
9.944598037568591620e-01,-8.783685946154920487e-02,5.774413244478849433e-02,3.612346742696147572e+01,9.083208933388711714e-02,9.945353334287566627e-01,-5.146845741803898755e-02,2.776957383950435787e+00,-5.290775235360099110e-02,5.642833226034414673e-02,9.970038179762433783e-01,-7.330793078915333050e-01,0.000000000000000000e+00,0.000000000000000000e+00,0.000000000000000000e+00,1.000000000000000056e-01
9.942173894206121076e-01,-8.858736367888948859e-02,6.069647082069164201e-02,3.710491656217793377e+01,9.175932371520516273e-02,9.944418607047491587e-01,-5.162956700771895863e-02,2.858994672282468841e+00,-5.578538415204371825e-02,5.690048044173725422e-02,9.968201072613395164e-01,-7.766284098047955275e-01,0.000000000000000000e+00,0.000000000000000000e+00,0.000000000000000000e+00,1.000000000000000056e-01
9.938988746938112184e-01,-9.116217922155687992e-02,6.208449051053287204e-02,3.811658284054806956e+01,9.459803213414512413e-02,9.940033356267486964e-01,-5.485053399233548455e-02,2.952467250889344808e+00,-5.671189644794952245e-02,6.038895463968430022e-02,9.965625594807399068e-01,-8.283001451602575171e-01,0.000000000000000000e+00,0.000000000000000000e+00,0.000000000000000000e+00,1.000000000000000056e-01
9.934107140435334271e-01,-9.387092909064183310e-02,6.575258090125976618e-02,3.911711815659129599e+01,9.735287428784313024e-02,9.938949923070260484e-01,-5.191495097668983455e-02,3.046093824539772843e+00,-6.047785620714768440e-02,5.797407126187006238e-02,9.964845387510591346e-01,-8.498434489451708318e-01,0.000000000000000000e+00,0.000000000000000000e+00,0.000000000000000000e+00,1.000000000000000056e-01
9.931038596866712531e-01,-9.605790283587739564e-02,6.721311760519226020e-02,4.012492199680323068e+01,9.947761959837769785e-02,9.938066357464369061e-01,-4.952346863244985742e-02,3.141646757629524167e+00,-6.203972174725423672e-02,5.586814878910809079e-02,9.965088172597377225e-01,-9.003203861928918972e-01,0.000000000000000000e+00,0.000000000000000000e+00,0.000000000000000000e+00,1.000000000000000056e-01
9.925044953490242960e-01,-1.011516529204191939e-01,6.857966042089831682e-02,4.113524076527357920e+01,1.048556419737795564e-01,9.930877438250927947e-01,-5.274492781920836482e-02,3.254418932826282695e+00,-6.277038360759980284e-02,5.954054228720119524e-02,9.962503715261042947e-01,-9.346232073912601468e-01,0.000000000000000000e+00,0.000000000000000000e+00,0.000000000000000000e+00,1.000000000000000056e-01
9.920285013288581144e-01,-1.061673286985476555e-01,6.788188910331199866e-02,4.213442724702900222e+01,1.097377883309342966e-01,9.926398405684520032e-01,-5.122269739552343104e-02,3.363703207298595288e+00,-6.194409062578018488e-02,5.826358410922591324e-02,9.963775812428199430e-01,-9.660140299170639766e-01,0.000000000000000000e+00,0.000000000000000000e+00,0.000000000000000000e+00,1.000000000000000056e-01
9.920895520425881964e-01,-1.068928274123909089e-01,6.581978559461786060e-02,4.316344059965770441e+01,1.104009567211401283e-01,9.925161995004648796e-01,-5.218450425375740359e-02,3.479193929247052619e+00,-5.974905424350749478e-02,5.903826874950084819e-02,9.964660221703839360e-01,-1.014087338307223751e+00,0.000000000000000000e+00,0.000000000000000000e+00,0.000000000000000000e+00,1.000000000000000056e-01
9.918354323434829256e-01,-1.094896542694165503e-01,6.537958975077724777e-02,4.421483123837631979e+01,1.129546985418390243e-01,9.922447428872521735e-01,-5.188069284361027794e-02,3.577241822930821602e+00,-5.919215509962931498e-02,5.884204126790979622e-02,9.965108644435779484e-01,-1.055214027943457422e+00,0.000000000000000000e+00,0.000000000000000000e+00,0.000000000000000000e+00,1.000000000000000056e-01
9.912808568321964664e-01,-1.125104624461868846e-01,6.858322475774722427e-02,4.524754418938913858e+01,1.164100871579148294e-01,9.916333193916344602e-01,-5.578576413580151744e-02,3.708367932111075849e+00,-6.173292870027446977e-02,6.328313924319635408e-02,9.960844792494324418e-01,-1.091347035372033147e+00,0.000000000000000000e+00,0.000000000000000000e+00,0.000000000000000000e+00,1.000000000000000056e-01
9.914031625439924111e-01,-1.098289039792897936e-01,7.111526663437429951e-02,4.624615370025502870e+01,1.139600519476092755e-01,9.918549314765030545e-01,-5.689377352434603352e-02,3.819843129322527009e+00,-6.428744712514571080e-02,6.450896648101969721e-02,9.958442234534888859e-01,-1.137190855829882663e+00,0.000000000000000000e+00,0.000000000000000000e+00,0.000000000000000000e+00,1.000000000000000056e-01
9.898625047527949139e-01,-1.237659142086941499e-01,6.967223381383223779e-02,4.712948075423853567e+01,1.278502261158658282e-01,9.901213447332543049e-01,-5.756771999770433912e-02,3.935338523432158286e+00,-6.185904433989529438e-02,6.589173835693110104e-02,9.959074944238830440e-01,-1.174098038837296354e+00,0.000000000000000000e+00,0.000000000000000000e+00,0.000000000000000000e+00,1.000000000000000056e-01
9.899350421115992171e-01,-1.255273542085934002e-01,6.535668095073898787e-02,4.806603500992115130e+01,1.294403221215813526e-01,9.897986356597151536e-01,-5.953036078529698460e-02,4.047620512598955500e+00,-5.721726495182741234e-02,6.739098004597272873e-02,9.960846552376337870e-01,-1.222336094534653972e+00,0.000000000000000000e+00,0.000000000000000000e+00,0.000000000000000000e+00,1.000000000000000056e-01
9.899149426886759695e-01,-1.258370185216922954e-01,6.506497530351165737e-02,4.898544684104553681e+01,1.298085238627733895e-01,9.896668850753350677e-01,-6.090323240889043699e-02,4.169932871710101630e+00,-5.672877025146151608e-02,6.873500821891855017e-02,9.960207554418241127e-01,-1.266757834133605654e+00,0.000000000000000000e+00,0.000000000000000000e+00,0.000000000000000000e+00,1.000000000000000056e-01
9.893101768801779716e-01,-1.283199295714347599e-01,6.927748260504996980e-02,4.990979420218521767e+01,1.326135225841365839e-01,9.892642636278822232e-01,-6.139926983776462094e-02,4.316615184067357447e+00,-6.065498783395870813e-02,6.993005350752962146e-02,9.957061615091554740e-01,-1.312229235495607549e+00,0.000000000000000000e+00,0.000000000000000000e+00,0.000000000000000000e+00,1.000000000000000056e-01
9.893746973471228001e-01,-1.264029117065074703e-01,7.183322463460786733e-02,5.088151263630619070e+01,1.312055714366012760e-01,9.891152180610915945e-01,-6.660468019557073960e-02,4.461053616043234804e+00,-6.263231013849063222e-02,7.532190459671216087e-02,9.951903357723284049e-01,-1.353041022351934686e+00,0.000000000000000000e+00,0.000000000000000000e+00,0.000000000000000000e+00,1.000000000000000056e-01
9.887538798851052135e-01,-1.280634550289757867e-01,7.723675613457885170e-02,5.178336622170750303e+01,1.335683899956861820e-01,9.885008210784143046e-01,-7.089155042218379943e-02,4.578543703757404160e+00,-6.726997997703874910e-02,8.041068469638994187e-02,9.944892516163995611e-01,-1.403929922260083174e+00,0.000000000000000000e+00,0.000000000000000000e+00,0.000000000000000000e+00,1.000000000000000056e-01
9.882222186116644824e-01,-1.324260673078442585e-01,7.668235350859974042e-02,5.272527560024319371e+01,1.380913523122520303e-01,9.876514879678316428e-01,-7.399538317693593603e-02,4.732655261185246154e+00,-6.593652295058517743e-02,8.371305162462056026e-02,9.943060393706157907e-01,-1.447056142285586100e+00,0.000000000000000000e+00,0.000000000000000000e+00,0.000000000000000000e+00,1.000000000000000056e-01
9.881121980330966892e-01,-1.334173422616150850e-01,7.638126001873390969e-02,5.372039983467408319e+01,1.391467279900999443e-01,9.873999394996255674e-01,-7.536277307653301005e-02,4.877569409782297249e+00,-6.536415063206679754e-02,8.509507776589038397e-02,9.942265111895606244e-01,-1.467394227662652595e+00,0.000000000000000000e+00,0.000000000000000000e+00,0.000000000000000000e+00,1.000000000000000056e-01
9.871396259567123410e-01,-1.390602102022146791e-01,7.885186620846640349e-02,5.468514198547725158e+01,1.451053251841220859e-01,9.864194887559819547e-01,-7.694827357125889888e-02,5.037048769107295598e+00,-6.708057445529375107e-02,8.740051567870167626e-02,9.939121421885562802e-01,-1.519181765595673861e+00,0.000000000000000000e+00,0.000000000000000000e+00,0.000000000000000000e+00,1.000000000000000056e-01
9.865653815991806130e-01,-1.410333984904322824e-01,8.245197596359975234e-02,5.561476193353157527e+01,1.474596987682793015e-01,9.859985180442382147e-01,-7.786244058424021675e-02,5.181685903608515886e+00,-7.031632149957374456e-02,8.897473194567628862e-02,9.935487466682063618e-01,-1.564098441789824934e+00,0.000000000000000000e+00,0.000000000000000000e+00,0.000000000000000000e+00,1.000000000000000056e-01
9.856467617495123790e-01,-1.432551096417656877e-01,8.932208357525983633e-02,5.654877747076390193e+01,1.503257384843149636e-01,9.855393049612144463e-01,-7.819495332636082485e-02,5.310304967481958016e+00,-7.682859755224852316e-02,9.050001070769043976e-02,9.929285546604360579e-01,-1.601494426943239402e+00,0.000000000000000000e+00,0.000000000000000000e+00,0.000000000000000000e+00,1.000000000000000056e-01
9.852065837985293228e-01,-1.463073557328317675e-01,8.923085171899887424e-02,5.747847970753243629e+01,1.528440621860847060e-01,9.856663086837197385e-01,-7.141862908419924216e-02,5.488801406299791630e+00,-7.750277346319685290e-02,8.400050942867420822e-02,9.934471473215047421e-01,-1.653000204753735547e+00,0.000000000000000000e+00,0.000000000000000000e+00,0.000000000000000000e+00,1.000000000000000056e-01
9.847762207328565331e-01,-1.509611339243596140e-01,8.617732371908383426e-02,5.839026233943128830e+01,1.573811571084127725e-01,9.848140188548167862e-01,-7.329747372346204215e-02,5.629137395556154999e+00,-7.380356675885869910e-02,8.574429608607248010e-02,9.935798655479963770e-01,-1.703168046993663198e+00,0.000000000000000000e+00,0.000000000000000000e+00,0.000000000000000000e+00,1.000000000000000056e-01
9.843704764803588025e-01,-1.556150413623619833e-01,8.245437487254195230e-02,5.929697615603343053e+01,1.615060834385780297e-01,9.843612725402700603e-01,-7.034678482511695641e-02,5.792325193550825091e+00,-7.021787554577810231e-02,8.256418124520219226e-02,9.941089507338454201e-01,-1.739574747966117663e+00,0.000000000000000000e+00,0.000000000000000000e+00,0.000000000000000000e+00,1.000000000000000056e-01
9.842195460078323466e-01,-1.584967539786241997e-01,7.868077423599674491e-02,6.023499425613850633e+01,1.643478147366767284e-01,9.835877997096613701e-01,-7.446365592412244883e-02,5.953572304026028661e+00,-6.558720185688209081e-02,8.621959893519910711e-02,9.941149328483291914e-01,-1.798374385114601903e+00,0.000000000000000000e+00,0.000000000000000000e+00,0.000000000000000000e+00,1.000000000000000056e-01
9.839374314195156179e-01,-1.611465083058129244e-01,7.680451752605774174e-02,6.116050963255255368e+01,1.666511936316001086e-01,9.834110545065435360e-01,-7.162455958322518079e-02,6.110953535207847231e+00,-6.398836388538836628e-02,8.327364970488930485e-02,9.944702049594540405e-01,-1.852922325757653255e+00,0.000000000000000000e+00,0.000000000000000000e+00,0.000000000000000000e+00,1.000000000000000056e-01
9.828543531274390732e-01,-1.649709449632676128e-01,8.235233971399859298e-02,6.211644306636399193e+01,1.708657441615225314e-01,9.827668411941943294e-01,-7.052824484782214964e-02,6.281945993408133866e+00,-6.929803756653167557e-02,8.339018627579473930e-02,9.941045512531948569e-01,-1.879512678459895003e+00,0.000000000000000000e+00,0.000000000000000000e+00,0.000000000000000000e+00,1.000000000000000056e-01
9.821805462279088461e-01,-1.686454768882645894e-01,8.294623401081174796e-02,6.302653659022838184e+01,1.746932194052137621e-01,9.819863810362239320e-01,-7.200712848893381368e-02,6.452937492899253336e+00,-6.930839563349000532e-02,8.521414544845115624e-02,9.939491414102644695e-01,-1.913027978994757738e+00,0.000000000000000000e+00,0.000000000000000000e+00,0.000000000000000000e+00,1.000000000000000056e-01
9.814614132917888201e-01,-1.732243548142386735e-01,8.201717575285867590e-02,6.385084571252618701e+01,1.791718124433895054e-01,9.811999357443161873e-01,-7.172271412251965406e-02,6.601558090529334955e+00,-6.805112669923567281e-02,8.508824239893877928e-02,9.940467972688328269e-01,-1.960392963548942102e+00,0.000000000000000000e+00,0.000000000000000000e+00,0.000000000000000000e+00,1.000000000000000056e-01
9.803167093615925420e-01,-1.794286608363211966e-01,8.236810679470124574e-02,6.466627420944892890e+01,1.853239760853583884e-01,9.801420878730734421e-01,-7.054439359528125175e-02,6.754997999771849670e+00,-6.807476209559909508e-02,8.442063284705259019e-02,9.941020991403904938e-01,-2.005028697563027595e+00,0.000000000000000000e+00,0.000000000000000000e+00,0.000000000000000000e+00,1.000000000000000056e-01
9.800864764420413877e-01,-1.810421840610524913e-01,8.157344105668143386e-02,6.546099913398991532e+01,1.869721263737554873e-01,9.797184529171399925e-01,-7.206370079951560093e-02,6.910918859761293831e+00,-6.687243568691292328e-02,8.588061832596269318e-02,9.940586485420516150e-01,-2.051273315793058050e+00,0.000000000000000000e+00,0.000000000000000000e+00,0.000000000000000000e+00,1.000000000000000056e-01
9.792802646762198693e-01,-1.865645026791771799e-01,7.876451965030968616e-02,6.626148717324423387e+01,1.923654224436953664e-01,9.785383206126982980e-01,-7.388030414487085917e-02,7.065062770944861903e+00,-6.329065858190573157e-02,8.750109389345532562e-02,9.941518249763048320e-01,-2.095248682899364834e+00,0.000000000000000000e+00,0.000000000000000000e+00,0.000000000000000000e+00,1.000000000000000056e-01
9.784038554417860967e-01,-1.897942978315613205e-01,8.187808111621316942e-02,6.701489055187106203e+01,1.958528584125862615e-01,9.778637429216440191e-01,-7.364888411165683435e-02,7.220838708085265623e+00,-6.608746861749226209e-02,8.809440839177830329e-02,9.939174119119931206e-01,-2.131746256433427078e+00,0.000000000000000000e+00,0.000000000000000000e+00,0.000000000000000000e+00,1.000000000000000056e-01
9.772327068662217675e-01,-1.951021011330658361e-01,8.337509678783046330e-02,6.777890472020111190e+01,2.012413739451804073e-01,9.768241771600336687e-01,-7.291389667463443747e-02,7.390838145854928598e+00,-6.721715587239023015e-02,8.803236364591240926e-02,9.938471496700791441e-01,-2.165781157636718302e+00,0.000000000000000000e+00,0.000000000000000000e+00,0.000000000000000000e+00,1.000000000000000056e-01
9.752957574640492844e-01,-2.022070861115038143e-01,8.894087810968186181e-02,6.852120176213794878e+01,2.089396028364860769e-01,9.751049403728391241e-01,-7.426033683611513170e-02,7.540803656929185195e+00,-7.171072332055968002e-02,9.100906321227961171e-02,9.932647796907254634e-01,-2.200526788614749929e+00,0.000000000000000000e+00,0.000000000000000000e+00,0.000000000000000000e+00,1.000000000000000056e-01
9.747341536817646368e-01,-2.047257982022429590e-01,8.933463604195453212e-02,6.921116246788362503e+01,2.114262217811556099e-01,9.746396017038662096e-01,-7.332529941210380597e-02,7.697816047019136576e+00,-7.205749363972900612e-02,9.036035823846408355e-02,9.932989093265817138e-01,-2.227559925830426835e+00,0.000000000000000000e+00,0.000000000000000000e+00,0.000000000000000000e+00,1.000000000000000056e-01
9.741231348010845892e-01,-2.095365355075864966e-01,8.472637448153924611e-02,6.986733588965792308e+01,2.155503029477183197e-01,9.740244589803322972e-01,-6.938602314023969986e-02,7.851782858248506081e+00,-6.798665416429122699e-02,8.585332605990850241e-02,9.939854230621272269e-01,-2.252364497403593901e+00,0.000000000000000000e+00,0.000000000000000000e+00,0.000000000000000000e+00,1.000000000000000056e-01
9.743527265760851819e-01,-2.099623949136630308e-01,8.094786554238286858e-02,7.052395407633214575e+01,2.158113232233241363e-01,9.737864250033175795e-01,-7.187121292879425360e-02,7.988655549028829128e+00,-6.373568060628678755e-02,8.749737825430642379e-02,9.941237205782166297e-01,-2.283159083453278448e+00,0.000000000000000000e+00,0.000000000000000000e+00,0.000000000000000000e+00,1.000000000000000056e-01
9.743786223213174447e-01,-2.106345904697994320e-01,7.886298029386995534e-02,7.124072157307530517e+01,2.163495517057975603e-01,9.736077566085352686e-01,-7.266916642149948147e-02,8.154195463820533618e+00,-6.147496921440360335e-02,8.786925269578110820e-02,9.942332837874484630e-01,-2.313968837458534100e+00,0.000000000000000000e+00,0.000000000000000000e+00,0.000000000000000000e+00,1.000000000000000056e-01
9.737769564484464180e-01,-2.139711584454243309e-01,7.729671690003087070e-02,7.191956059993404438e+01,2.194489858017003858e-01,9.730318288286654571e-01,-7.107181380088520295e-02,8.307048495973843316e+00,-6.000484747589574647e-02,8.617078066180960949e-02,9.944717265159069841e-01,-2.348608786947668392e+00,0.000000000000000000e+00,0.000000000000000000e+00,0.000000000000000000e+00,1.000000000000000056e-01
9.728662601553139666e-01,-2.166733068883196223e-01,8.114134540105291671e-02,7.258090103860692466e+01,2.223811477554045457e-01,9.724822806564424882e-01,-6.946106054641870697e-02,8.465217230226251388e+00,-6.385816294258575554e-02,8.562062772092005059e-02,9.942792581233271809e-01,-2.373369411821586894e+00,0.000000000000000000e+00,0.000000000000000000e+00,0.000000000000000000e+00,1.000000000000000056e-01
9.711247109788991860e-01,-2.243155022668107124e-01,8.123639066907058226e-02,7.318785364555205319e+01,2.300735227342302902e-01,9.706400752365537121e-01,-7.017135085944262163e-02,8.589838116067078033e+00,-6.311077453819625982e-02,8.683547539782238145e-02,9.942216203390585871e-01,-2.405111659518319289e+00,0.000000000000000000e+00,0.000000000000000000e+00,0.000000000000000000e+00,1.000000000000000056e-01
9.696227979166528455e-01,-2.314193705723202321e-01,7.922565672932542491e-02,7.374105533750331176e+01,2.370656210019511378e-01,9.688744989412650943e-01,-7.128882549370388344e-02,8.712954698074272031e+00,-6.026210334232491583e-02,8.790494994722211630e-02,9.943043792901323785e-01,-2.412895184877512200e+00,0.000000000000000000e+00,0.000000000000000000e+00,0.000000000000000000e+00,1.000000000000000056e-01
9.694213539708428362e-01,-2.325961655673458583e-01,7.823849582338368580e-02,7.434141356908615705e+01,2.385780498355319912e-01,9.679446320045633767e-01,-7.850925748104344015e-02,8.840810155172183826e+00,-5.746957979672551869e-02,9.477453844212695155e-02,9.938385353069529859e-01,-2.435636265150246782e+00,0.000000000000000000e+00,0.000000000000000000e+00,0.000000000000000000e+00,1.000000000000000056e-01
9.697716307166565075e-01,-2.317953569174826256e-01,7.624891322932786375e-02,7.494050034328286358e+01,2.378791582138915228e-01,9.676781192267752685e-01,-8.374105120656974433e-02,8.970373705348215765e+00,-5.437361809376953931e-02,9.934772308023875897e-02,9.935660720727963469e-01,-2.450984152468205668e+00,0.000000000000000000e+00,0.000000000000000000e+00,0.000000000000000000e+00,1.000000000000000056e-01
9.698789261371094650e-01,-2.323285527140778184e-01,7.320049336520441374e-02,7.550395219513572442e+01,2.380080613262447464e-01,9.678112762581209116e-01,-8.181379034948602080e-02,9.108263170688326582e+00,-5.183658340255352381e-02,9.677177864134306473e-02,9.939558297428215949e-01,-2.467591424147997259e+00,0.000000000000000000e+00,0.000000000000000000e+00,0.000000000000000000e+00,1.000000000000000056e-01
9.707662864060497832e-01,-2.284625932620749367e-01,7.360475974673852395e-02,7.606218512606348270e+01,2.338332485023516261e-01,9.693657437459232140e-01,-7.518022842975771725e-02,9.265851059639629739e+00,-5.417406272603955686e-02,9.019367124072941166e-02,9.944497335692108475e-01,-2.492512707374126890e+00,0.000000000000000000e+00,0.000000000000000000e+00,0.000000000000000000e+00,1.000000000000000056e-01
9.709652837447226847e-01,-2.260577279488277525e-01,7.825804365778636640e-02,7.660474367271017115e+01,2.320227821996487527e-01,9.695761592487877056e-01,-7.802243239417681886e-02,9.374866682802165840e+00,-5.823955960397182718e-02,9.391472222704651263e-02,9.938753335535358557e-01,-2.516039298009066894e+00,0.000000000000000000e+00,0.000000000000000000e+00,0.000000000000000000e+00,1.000000000000000056e-01
9.714390219980565400e-01,-2.231503119681461089e-01,8.068559231968530643e-02,7.718118383165428043e+01,2.294672733431840639e-01,9.700261697509122705e-01,-7.996249410078884456e-02,9.492675173068080952e+00,-6.042348056760588754e-02,9.619338993347362199e-02,9.935269672883584313e-01,-2.527408337735942201e+00,0.000000000000000000e+00,0.000000000000000000e+00,0.000000000000000000e+00,1.000000000000000056e-01
9.721725104070547685e-01,-2.183143875238272025e-01,8.496727728332344187e-02,7.772755737127450004e+01,2.250304051146529427e-01,9.710935930877944156e-01,-7.961501264065905248e-02,9.590099305307751010e+00,-6.513007586960224693e-02,9.651974753351423575e-02,9.931978712992122205e-01,-2.548485680855794300e+00,0.000000000000000000e+00,0.000000000000000000e+00,0.000000000000000000e+00,1.000000000000000056e-01
9.738939556127398367e-01,-2.113656119440342485e-01,8.279578074089741224e-02,7.822759736096216443e+01,2.177903741419777162e-01,9.728559513248485890e-01,-7.822180580197060640e-02,9.712742088535884832e+00,-6.401496818766841401e-02,9.421186793258989889e-02,9.934919263831911707e-01,-2.560504792753619530e+00,0.000000000000000000e+00,0.000000000000000000e+00,0.000000000000000000e+00,1.000000000000000056e-01
9.761879379150820712e-01,-2.018249901528500478e-01,7.952221839776575651e-02,7.873119310666449167e+01,2.077702643967627161e-01,9.752751424969627880e-01,-7.529882907474889919e-02,9.837873028164960232e+00,-6.235885744302326061e-02,9.002816102382026064e-02,9.939850618198795562e-01,-2.584442208930737728e+00,0.000000000000000000e+00,0.000000000000000000e+00,0.000000000000000000e+00,1.000000000000000056e-01
9.800886353827426012e-01,-1.828595076832702782e-01,7.738647971981589546e-02,7.922749125102996004e+01,1.883083544549268018e-01,9.796005469707154134e-01,-7.016218366864623857e-02,9.921417391289972798e+00,-6.297801549803798415e-02,8.333767950037493377e-02,9.945293362889913169e-01,-2.610040858898436511e+00,0.000000000000000000e+00,0.000000000000000000e+00,0.000000000000000000e+00,1.000000000000000056e-01
9.824744724986892441e-01,-1.688911401136380941e-01,7.886503458147825496e-02,7.973605543283164820e+01,1.745815809057504886e-01,9.820162061068017367e-01,-7.187101329501567604e-02,9.995186972744189546e+00,-6.530836467766734654e-02,8.437981829038797288e-02,9.942911363219577581e-01,-2.618908581641977484e+00,0.000000000000000000e+00,0.000000000000000000e+00,0.000000000000000000e+00,1.000000000000000056e-01
9.857510342066888587e-01,-1.471229159357355931e-01,8.154597578672871661e-02,8.024132108670097807e+01,1.533101130097846154e-01,9.852785588520954763e-01,-7.564503100181059481e-02,1.006668902294385859e+01,-6.921638396630046264e-02,8.706899030598837241e-02,9.937947892385657900e-01,-2.647273604573209926e+00,0.000000000000000000e+00,0.000000000000000000e+00,0.000000000000000000e+00,1.000000000000000056e-01
9.889580287215041787e-01,-1.220906171464516132e-01,8.399939661732709617e-02,8.072832947109716883e+01,1.285804660974896596e-01,9.887249720377470075e-01,-7.674629246490489998e-02,1.016262267218014159e+01,-7.368229886091205716e-02,8.669954367674019557e-02,9.935059677529956002e-01,-2.663065329966994632e+00,0.000000000000000000e+00,0.000000000000000000e+00,0.000000000000000000e+00,1.000000000000000056e-01
9.921198072166692583e-01,-9.341306556180412057e-02,8.350022341709727181e-02,8.118769772336344204e+01,1.001064837858323953e-01,9.917609849896176222e-01,-7.993022304773231279e-02,1.016637750909499616e+01,-7.534573665706607859e-02,8.765927124251857161e-02,9.932969707659611291e-01,-2.700323521276801753e+00,0.000000000000000000e+00,0.000000000000000000e+00,0.000000000000000000e+00,1.000000000000000056e-01
