1.000000000000000000e+00,1.831853055238814728e-13,2.811685579852205807e-13,-1.213181897092336723e-20,-1.831853055238421434e-13,1.000000000000000000e+00,-1.398256776001332522e-13,-2.893080246244734406e-20,-2.811685579852462282e-13,1.398256776000817554e-13,1.000000000000000000e+00,-1.045685727693348765e-19,0.000000000000000000e+00,0.000000000000000000e+00,0.000000000000000000e+00,1.000000000000000056e-01
9.999921169551603262e-01,-2.573385135394153003e-03,-3.023857880564305520e-03,6.404689959546213673e-01,2.562319075240669566e-03,9.999900275465680721e-01,-3.657776424385973581e-03,1.839811877262989559e-02,3.033240592761516936e-03,3.649999501242220164e-03,9.999887384141620261e-01,1.252944892254470154e-04,0.000000000000000000e+00,0.000000000000000000e+00,0.000000000000000000e+00,1.000000000000000056e-01
9.999682925860017280e-01,-6.617212379286278520e-03,-4.430160602487494617e-03,1.293088261566654573e+00,6.603503415299513679e-03,9.999733854052071935e-01,-3.101970969075823828e-03,2.833648506645796220e-02,4.450569096254948162e-03,3.072618032929245319e-03,9.999853756196352972e-01,8.882336920490204249e-03,0.000000000000000000e+00,0.000000000000000000e+00,0.000000000000000000e+00,1.000000000000000056e-01
9.999376928668605169e-01,-1.002170759501440009e-02,-4.916885292545120252e-03,1.980492474219523125e+00,9.999588705229704721e-03,9.999398651309618913e-01,-4.502704476204193867e-03,5.461380219561546429e-02,4.961714403939258659e-03,4.453257094960662993e-03,9.999777746987279503e-01,9.314475758267300523e-03,0.000000000000000000e+00,0.000000000000000000e+00,0.000000000000000000e+00,1.000000000000000056e-01
9.998014249243759588e-01,-1.947573091100933060e-02,-4.219789647515689336e-03,2.698722238020288877e+00,1.947170601989223551e-02,9.998099154301072211e-01,-9.928103125768637013e-04,4.803598762796267713e-02,4.238323237108925813e-03,9.104466617117534018e-04,9.999906038073627101e-01,1.319255337085400645e-02,0.000000000000000000e+00,0.000000000000000000e+00,0.000000000000000000e+00,1.000000000000000056e-01
9.996637687482959889e-01,-2.561056939197805388e-02,-4.055636494074570803e-03,3.415441733119233270e+00,2.560655002884923426e-02,9.996715576559865868e-01,-1.039908300554994065e-03,7.800636130065650986e-02,4.080937095010648413e-03,9.357077921010939492e-04,9.999912351632660457e-01,1.808474463859846212e-02,0.000000000000000000e+00,0.000000000000000000e+00,0.000000000000000000e+00,1.000000000000000056e-01
9.995334532499076108e-01,-3.000512341463885957e-02,-5.706873328455605923e-03,4.138816401791294730e+00,3.000478205221120132e-02,9.995497445851484475e-01,-1.454433352281490151e-04,8.432368996318234666e-02,5.708667823060955063e-03,-2.585801130711181772e-05,9.999837050887625534e-01,2.506157486075234753e-02,0.000000000000000000e+00,0.000000000000000000e+00,0.000000000000000000e+00,1.000000000000000056e-01
9.994527564156071575e-01,-3.258766344281748689e-02,-5.677313148197437633e-03,4.881638808552129838e+00,3.258494452154143267e-02,9.994688067193744363e-01,-5.707762063795578100e-04,1.105154758672604737e-01,5.692897660515773735e-03,3.854689187970613043e-04,9.999837210324673542e-01,3.970585985472820795e-02,0.000000000000000000e+00,0.000000000000000000e+00,0.000000000000000000e+00,1.000000000000000056e-01
9.992979743174916774e-01,-3.714121095935193906e-02,-4.908051897711200595e-03,5.640315432240202931e+00,3.715009980147332413e-02,9.993081950406230707e-01,1.732457616414618531e-03,1.511783287886448446e-01,4.840310909258092875e-03,-1.913576004504820077e-03,9.999864547168509921e-01,3.880920977518755727e-02,0.000000000000000000e+00,0.000000000000000000e+00,0.000000000000000000e+00,1.000000000000000056e-01
9.991602134776296218e-01,-4.093152565338840920e-02,-1.864942632788371040e-03,6.422885097647450969e+00,4.093443514879359368e-02,9.991606331448825706e-01,1.549578189925950207e-03,2.029498758951004400e-01,1.799950662322827690e-03,-1.624617248304787397e-03,9.999970603938842517e-01,4.890138632156430798e-02,0.000000000000000000e+00,0.000000000000000000e+00,0.000000000000000000e+00,1.000000000000000056e-01
9.990317488555504610e-01,-4.398127703212573181e-02,-1.100931080430972517e-03,7.215415316559419701e+00,4.398049550982180422e-02,9.990321273093289989e-01,-7.243055343945275018e-04,2.266561704215341866e-01,1.131721401668020054e-03,6.751847302924011019e-04,9.999991316657474982e-01,6.019695579037538657e-02,0.000000000000000000e+00,0.000000000000000000e+00,0.000000000000000000e+00,1.000000000000000056e-01
9.989377531449051828e-01,-4.607661126583432326e-02,5.578853517629462884e-04,8.018800224918969377e+00,4.607702549290735444e-02,9.989376053258234300e-01,-7.539148727633942755e-04,2.662967214524383230e-01,-5.225548148165823142e-04,7.788197266360930232e-04,9.999995601880526941e-01,6.175656704719228313e-02,0.000000000000000000e+00,0.000000000000000000e+00,0.000000000000000000e+00,1.000000000000000056e-01
9.988850779221808418e-01,-4.719099550098582174e-02,1.269270666398822052e-03,8.858581801565511782e+00,4.719374015656495336e-02,9.988832718595779259e-01,-2.227125757357748936e-03,3.148823177860659572e-01,-1.162752954532242930e-03,2.284544315699167227e-03,9.999967144260206720e-01,7.649304926371605640e-02,0.000000000000000000e+00,0.000000000000000000e+00,0.000000000000000000e+00,1.000000000000000056e-01
9.986776401384205304e-01,-5.137314963876010027e-02,1.941799101102501283e-03,9.666679449154571557e+00,5.138202613530491042e-02,9.986673559237646547e-01,-4.837313558939615281e-03,3.519933888877305184e-01,-1.690703340720170174e-03,4.930690461813759702e-03,9.999864148146131448e-01,8.253637669822722067e-02,0.000000000000000000e+00,0.000000000000000000e+00,0.000000000000000000e+00,1.000000000000000056e-01
9.986434800468289019e-01,-5.204019573582734787e-02,1.737178095514076929e-03,1.047789513835945741e+01,5.204988736133046162e-02,9.986258603032904801e-01,-6.099209718135456017e-03,4.148560772489729431e-01,-1.417386902567147403e-03,6.181355942652308998e-03,9.999798907243478974e-01,9.278775851886504611e-02,0.000000000000000000e+00,0.000000000000000000e+00,0.000000000000000000e+00,1.000000000000000056e-01
9.985293397941048532e-01,-5.420738375331241726e-02,8.468275917894009866e-04,1.126637509540447546e+01,5.421159051701181925e-02,9.985103848533247728e-01,-6.173717978737373706e-03,4.657628451836140493e-01,-5.109050449239079927e-04,6.210546408028218800e-03,9.999805838561810489e-01,1.078339516822692384e-01,0.000000000000000000e+00,0.000000000000000000e+00,0.000000000000000000e+00,1.000000000000000056e-01
9.984333629561550350e-01,-5.590914646826333073e-02,-2.233176493946288730e-03,1.212547076188062789e+01,5.589625237562407395e-02,9.984215969175284089e-01,-5.470263157556443968e-03,5.138701335333160092e-01,2.535489385380308974e-03,5.336867043749302271e-03,9.999825444195183932e-01,1.015380336886241436e-01,0.000000000000000000e+00,0.000000000000000000e+00,0.000000000000000000e+00,1.000000000000000056e-01
9.982078987265459169e-01,-5.973578883772698300e-02,-3.553371901215070933e-03,1.300892609889195661e+01,5.971976077435246777e-02,9.982052289499473430e-01,-4.457697840515148849e-03,5.886060511354931357e-01,3.813278509100103894e-03,4.237502674655618459e-03,9.999837511070338580e-01,1.327254827621167366e-01,0.000000000000000000e+00,0.000000000000000000e+00,0.000000000000000000e+00,1.000000000000000056e-01
9.984464649621478394e-01,-5.559375515382922878e-02,-3.740453513498573444e-03,1.390609303086701054e+01,5.559316975121058463e-02,9.984534699628789811e-01,-2.603768412438416655e-04,6.502497383537378939e-01,3.749144116147330296e-03,5.202866957548584696e-05,9.999929705810005620e-01,1.361601276069360766e-01,0.000000000000000000e+00,0.000000000000000000e+00,0.000000000000000000e+00,1.000000000000000056e-01
9.977805635363325987e-01,-6.642595903593531692e-02,-4.641012311432416229e-03,1.484788862591914160e+01,6.643892336075576943e-02,9.977868480588960587e-01,2.697277026396157490e-03,7.725131668234989091e-01,4.451571832762721281e-03,-2.999634452686743280e-03,9.999855927468995764e-01,1.556461841450765826e-01,0.000000000000000000e+00,0.000000000000000000e+00,0.000000000000000000e+00,1.000000000000000056e-01
9.974619182700240616e-01,-7.111551615985341190e-02,-3.507842984160204885e-03,1.582848784081552473e+01,7.112340835264134575e-02,9.974651441449866596e-01,2.178761144412350113e-03,8.580688672486173063e-01,3.344007384459421733e-03,-2.422721019557109914e-03,9.999914739823905219e-01,1.660094366403703225e-01,0.000000000000000000e+00,0.000000000000000000e+00,0.000000000000000000e+00,1.000000000000000056e-01
9.973752895807875829e-01,-7.239213484120869679e-02,-1.382225297250629223e-03,1.676986576324114253e+01,7.239490535618463285e-02,9.973738935263410932e-01,2.072242885326257798e-03,9.347246861917068994e-01,1.228581340071190466e-03,-2.166869917409386392e-03,9.999968976265135590e-01,1.821444757339330811e-01,0.000000000000000000e+00,0.000000000000000000e+00,0.000000000000000000e+00,1.000000000000000056e-01
9.974025059342561672e-01,-7.202907063260995113e-02,2.326797552837249798e-04,1.768325422578036310e+01,7.202878672982830632e-02,9.974019924255640435e-01,1.058011221065528274e-03,1.026473446951957635e+00,-3.082828164893028182e-04,-1.038503402727640164e-03,9.999994132360215948e-01,1.879479577590085493e-01,0.000000000000000000e+00,0.000000000000000000e+00,0.000000000000000000e+00,1.000000000000000056e-01
9.971073590806913689e-01,-7.599536011202558117e-02,-1.272677717573148523e-03,1.861685163429361012e+01,7.599782306219469985e-02,9.971059500014933796e-01,2.013792796370213189e-03,1.088128933706648649e+00,1.115955615875349272e-03,-2.104688352919745903e-03,9.999971624609744758e-01,1.873047667634364366e-01,0.000000000000000000e+00,0.000000000000000000e+00,0.000000000000000000e+00,1.000000000000000056e-01
9.970614120260518076e-01,-7.656115716267226923e-02,-2.632463205519349186e-03,1.955348431634404704e+01,7.656201885213552438e-02,9.970647949320138315e-01,2.279834782435079623e-04,1.166842042097229415e+00,2.607281707268928241e-03,-4.288602263046082286e-04,9.999965090744092899e-01,1.965417668587887134e-01,0.000000000000000000e+00,0.000000000000000000e+00,0.000000000000000000e+00,1.000000000000000056e-01
9.968643364279640151e-01,-7.905954954047972327e-02,-3.329021551659880687e-03,2.048080322947263454e+01,7.904977350365482991e-02,9.968662383397728366e-01,-2.972569146714803059e-03,1.237322835388705133e+00,3.553599169272420033e-03,2.700089770278591914e-03,9.999900406744942627e-01,2.116854946528975434e-01,0.000000000000000000e+00,0.000000000000000000e+00,0.000000000000000000e+00,1.000000000000000056e-01
9.969235711279341716e-01,-7.837773449060511655e-02,-5.692676409431515630e-04,2.139953273241243181e+01,7.836933925607600382e-02,9.968828726295424492e-01,-9.098622007622644489e-03,1.312813257303991010e+00,1.280622541142275878e-03,9.026017615301801592e-03,9.999584446425338058e-01,2.278979623956237099e-01,0.000000000000000000e+00,0.000000000000000000e+00,0.000000000000000000e+00,1.000000000000000056e-01
9.970965752181809583e-01,-7.610741823433171682e-02,2.465882778823021235e-03,2.235718702813154124e+01,7.612461358938453493e-02,9.970673769145501630e-01,-7.854240803867974102e-03,1.398661726627819180e+00,-1.860885284286698405e-03,8.019150980170270532e-03,9.999661145876473922e-01,2.535921325599891363e-01,0.000000000000000000e+00,0.000000000000000000e+00,0.000000000000000000e+00,1.000000000000000056e-01
9.973073024294951683e-01,-7.327100223172582083e-02,3.082977904881896176e-03,2.330480014622205687e+01,7.328832677578910049e-02,9.972930933100602191e-01,-5.941985733467772951e-03,1.482176086478496302e+00,-2.639257321428434538e-03,6.151932055054811985e-03,9.999775937753712096e-01,2.629836096704240567e-01,0.000000000000000000e+00,0.000000000000000000e+00,0.000000000000000000e+00,1.000000000000000056e-01
9.973951675895312841e-01,-7.209546008243948589e-02,2.263692680597406866e-03,2.422487206977787011e+01,7.211033241802737581e-02,9.973694075438317430e-01,-7.373252621984635949e-03,1.554329139814415672e+00,-1.726159787622708703e-03,7.517282166274450936e-03,9.999702549782268912e-01,2.753544606671083361e-01,0.000000000000000000e+00,0.000000000000000000e+00,0.000000000000000000e+00,1.000000000000000056e-01
9.974331876603789171e-01,-7.158962702989074556e-02,1.400519680877152862e-03,2.517195041550867174e+01,7.159865530172229708e-02,9.974007174017602839e-01,-8.089591178733554142e-03,1.624437512818834417e+00,-8.177485191323272725e-04,8.169102042147892082e-03,9.999662979616785741e-01,2.793503854574695411e-01,0.000000000000000000e+00,0.000000000000000000e+00,0.000000000000000000e+00,1.000000000000000056e-01
9.972734413480974780e-01,-7.379004649209720823e-02,-8.439315238877853880e-04,2.615309185147183157e+01,7.377784726803025828e-02,9.972238023500130666e-01,-1.007557834952291405e-02,1.746264673230704556e+00,1.585065998020482097e-03,9.985843243127031851e-03,9.999488839438271937e-01,2.882807209315987329e-01,0.000000000000000000e+00,0.000000000000000000e+00,0.000000000000000000e+00,1.000000000000000056e-01
9.976655971304690951e-01,-6.827560298508610070e-02,-1.341021747570578975e-03,2.712439902918162105e+01,6.825908542467763740e-02,9.976185676486194476e-01,-9.893974919286528669e-03,1.827892178027451076e+00,2.013345298530615744e-03,9.779341477820110290e-03,9.999501542181835623e-01,2.973160345974576457e-01,0.000000000000000000e+00,0.000000000000000000e+00,0.000000000000000000e+00,1.000000000000000056e-01
9.977757759981533692e-01,-6.665909212444966203e-02,-2.574265467350720900e-04,2.808143223686459322e+01,6.665075990336961909e-02,9.976990305153075056e-01,-1.242258882515803568e-02,1.878913017087311399e+00,1.084912709026853231e-03,1.237780052996885656e-02,9.999228035295795181e-01,3.124815965117810901e-01,0.000000000000000000e+00,0.000000000000000000e+00,0.000000000000000000e+00,1.000000000000000056e-01
9.978524570338531685e-01,-6.545047068793251321e-02,2.590343264964021803e-03,2.909467395094147335e+01,6.547914613230433611e-02,9.977663274197392518e-01,-1.322260523157579339e-02,1.927865444832215891e+00,-1.719131550112253755e-03,1.336382258389599668e-02,9.999092222960339615e-01,3.185225607427117356e-01,0.000000000000000000e+00,0.000000000000000000e+00,0.000000000000000000e+00,1.000000000000000056e-01
9.981092168307177381e-01,-6.115179485214346233e-02,6.200747046332133819e-03,3.005093390795518360e+01,6.124820089325094807e-02,9.979815567574387147e-01,-1.677707541078485992e-02,1.988588304447947985e+00,-5.162282916618377362e-03,1.712513819975035323e-02,9.998400274427545753e-01,3.305599973051059348e-01,0.000000000000000000e+00,0.000000000000000000e+00,0.000000000000000000e+00,1.000000000000000056e-01
9.982286700305313953e-01,-5.913783813190744143e-02,6.499109951434164402e-03,3.096591690264230223e+01,5.928622523375541575e-02,9.979104837752726942e-01,-2.568676446993074097e-02,2.046206745325082732e+00,-4.966470236389161456e-03,2.602657243060613884e-02,9.996489142198402567e-01,3.557979488446274541e-01,0.000000000000000000e+00,0.000000000000000000e+00,0.000000000000000000e+00,1.000000000000000056e-01
9.984050179034623662e-01,-5.636119006483850113e-02,3.291880869995026174e-03,3.190059331595438152e+01,5.642760497877265247e-02,9.980722252927693994e-01,-2.584102349944657553e-02,2.092209428736204746e+00,-1.829104028392367250e-03,2.598556048297800611e-02,9.996606449314880960e-01,3.553884431425619606e-01,0.000000000000000000e+00,0.000000000000000000e+00,0.000000000000000000e+00,1.000000000000000056e-01
9.983494578633448358e-01,-5.741811932691863463e-02,1.232703096953231825e-03,3.287664635796931378e+01,5.742991076127465511e-02,9.979424807231639383e-01,-2.850632417639305596e-02,2.159844884560280676e+00,4.066127365633267045e-04,2.853006731603193943e-02,9.995928520777972448e-01,3.625441389535334902e-01,0.000000000000000000e+00,0.000000000000000000e+00,0.000000000000000000e+00,1.000000000000000056e-01
9.983222542298582081e-01,-5.790023922634895265e-02,-4.888833662632457132e-04,3.384863603652544128e+01,5.786543929430285754e-02,9.979523405613716092e-01,-2.725283294187195310e-02,2.231278417741993980e+00,2.065827846554037922e-03,2.717882016592684802e-02,9.996284530212695696e-01,3.666510150085505182e-01,0.000000000000000000e+00,0.000000000000000000e+00,0.000000000000000000e+00,1.000000000000000056e-01
9.982125870052925842e-01,-5.968362022833933328e-02,3.081658748227813615e-03,3.484049655249878441e+01,5.974837553593704415e-02,9.977841467251606922e-01,-2.927333538836266597e-02,2.285455095801876446e+00,-1.327691612462772539e-03,2.940513595245380224e-02,9.995666937301381783e-01,3.821205327595719181e-01,0.000000000000000000e+00,0.000000000000000000e+00,0.000000000000000000e+00,1.000000000000000056e-01
9.980585589350087217e-01,-6.226522264685078328e-02,1.467986822740283354e-03,3.581885350357070052e+01,6.228127208419887567e-02,9.976117081753177462e-01,-2.986507758400688828e-02,2.352637324087222037e+00,3.950748633208694700e-04,2.989852438269925694e-02,9.995528611112017847e-01,3.915940462270737776e-01,0.000000000000000000e+00,0.000000000000000000e+00,0.000000000000000000e+00,1.000000000000000056e-01
9.978609477268067796e-01,-6.533856082452740854e-02,2.097968335896364077e-03,3.680865003036988981e+01,6.537184840801368857e-02,9.974513148658723516e-01,-2.859013655200258464e-02,2.405821166981701786e+00,-2.245828991022295971e-04,2.866612882343914925e-02,9.995890168568277723e-01,4.095284599308442464e-01,0.000000000000000000e+00,0.000000000000000000e+00,0.000000000000000000e+00,1.000000000000000056e-01
9.979509735419649363e-01,-6.387311675943278810e-02,3.752247603809866043e-03,3.780234551204964788e+01,6.395133998810843823e-02,9.975882988470640145e-01,-2.697799320087209893e-02,2.477718624615918852e+00,-2.020029794283169193e-03,2.716267584124963316e-02,9.996289854344827530e-01,4.249930315029318839e-01,0.000000000000000000e+00,0.000000000000000000e+00,0.000000000000000000e+00,1.000000000000000056e-01
9.978924214129970549e-01,-6.452661924737718158e-02,6.857892898666975018e-03,3.880918739464308231e+01,6.468445481888465687e-02,9.975660130819844484e-01,-2.603787334821557747e-02,2.534495723432307113e+00,-5.161064937514732442e-03,2.642659554725235865e-02,9.996374335010133061e-01,4.433548966744356168e-01,0.000000000000000000e+00,0.000000000000000000e+00,0.000000000000000000e+00,1.000000000000000056e-01
9.981063172659933036e-01,-6.069549973278639404e-02,9.991783919985789547e-03,3.981587664067519228e+01,6.091793370068914609e-02,9.978611634930647512e-01,-2.370872720973464520e-02,2.606455455473327909e+00,-8.531400081745160735e-03,2.427250923276159933e-02,9.996689754654741744e-01,4.510837007845696078e-01,0.000000000000000000e+00,0.000000000000000000e+00,0.000000000000000000e+00,1.000000000000000056e-01
9.980610355514808463e-01,-6.190406643186565500e-02,6.485049969337322757e-03,4.080757393278665290e+01,6.204482599521158465e-02,9.977752899559989563e-01,-2.439078351439380454e-02,2.662987727546351824e+00,-4.960733930534402293e-03,2.474585444920565647e-02,9.996814661713245842e-01,4.857939479376848224e-01,0.000000000000000000e+00,0.000000000000000000e+00,0.000000000000000000e+00,1.000000000000000056e-01
9.979437926161810468e-01,-6.385556129967202843e-02,5.536611774049378723e-03,4.180320820594954512e+01,6.396033145160275046e-02,9.977220777052089318e-01,-2.144135397315670433e-02,2.719505148988790477e+00,-4.154850109670794878e-03,2.175138962698506401e-02,9.997547770677873702e-01,5.148637392749799702e-01,0.000000000000000000e+00,0.000000000000000000e+00,0.000000000000000000e+00,1.000000000000000056e-01
9.978657466618139349e-01,-6.520230721762523829e-02,3.551164958005569722e-03,4.280561612368390456e+01,6.526156588893236576e-02,9.976584745436963830e-01,-2.045717939670929977e-02,2.775792738838875007e+00,-2.208994519026553222e-03,2.064527317918135249e-02,9.997844232826254007e-01,5.350243823939128118e-01,0.000000000000000000e+00,0.000000000000000000e+00,0.000000000000000000e+00,1.000000000000000056e-01
9.978608179075669771e-01,-6.517296704402467111e-02,5.125665958682729291e-03,4.386147732945364197e+01,6.526912737319681690e-02,9.976337179844768643e-01,-2.160800204578761444e-02,2.862003200045028173e+00,-3.705279582289785090e-03,2.189632633908773426e-02,9.997533804874426666e-01,5.652958638808801561e-01,0.000000000000000000e+00,0.000000000000000000e+00,0.000000000000000000e+00,1.000000000000000056e-01
9.979857379848177112e-01,-6.322747159021843699e-02,5.172389699827705661e-03,4.484474416226257176e+01,6.331575046305157328e-02,9.978089532243381576e-01,-1.919397323774128805e-02,2.926923908420783427e+00,-3.947470354460731398e-03,1.948280528206002699e-02,9.998023993650655417e-01,5.787460365924362860e-01,0.000000000000000000e+00,0.000000000000000000e+00,0.000000000000000000e+00,1.000000000000000056e-01
9.978135224052856467e-01,-6.540420963659657194e-02,9.511249495656624517e-03,4.582051129230551823e+01,6.558193625226862999e-02,9.976515388784358285e-01,-1.975896279899657867e-02,3.020728096883800617e+00,-8.196593350891291999e-03,2.033952642764534982e-02,9.997595308483632204e-01,5.866024611743060335e-01,0.000000000000000000e+00,0.000000000000000000e+00,0.000000000000000000e+00,1.000000000000000056e-01
9.977641141686010018e-01,-6.623578526926006405e-02,8.921503635115523440e-03,4.675641806954914870e+01,6.639437938573446163e-02,9.976155854819706015e-01,-1.883958570266716648e-02,3.094675835982530820e+00,-7.652376319161617070e-03,1.938980023696621618e-02,9.997827147852880181e-01,6.014470451532113460e-01,0.000000000000000000e+00,0.000000000000000000e+00,0.000000000000000000e+00,1.000000000000000056e-01
9.978322861279725897e-01,-6.575366372385110791e-02,2.680385702582114855e-03,4.772650864145910532e+01,6.579204367282634469e-02,9.976628986615342365e-01,-1.844309148755243419e-02,3.129857106161996860e+00,-1.461420533868262265e-03,1.857946019549609404e-02,9.998263188718664596e-01,6.022930345054871015e-01,0.000000000000000000e+00,0.000000000000000000e+00,0.000000000000000000e+00,1.000000000000000056e-01
9.977809730895341733e-01,-6.642939114013088342e-02,4.501747799881634406e-03,4.869080765594270588e+01,6.650711972540473971e-02,9.975822604981622321e-01,-2.016027195271438005e-02,3.196877702192729043e+00,-3.151629155360275401e-03,2.041493404662930028e-02,9.997866260865559962e-01,6.206247599995671216e-01,0.000000000000000000e+00,0.000000000000000000e+00,0.000000000000000000e+00,1.000000000000000056e-01
9.980294479797768847e-01,-6.260979662693678949e-02,4.151425239051011011e-03,4.968342497024508475e+01,6.268317936791269196e-02,9.978151772886530990e-01,-2.087321242031916005e-02,3.264594873068938252e+00,-2.835487526317240041e-03,2.109230520230766584e-02,9.997735116873924799e-01,6.291464963477363392e-01,0.000000000000000000e+00,0.000000000000000000e+00,0.000000000000000000e+00,1.000000000000000056e-01
9.981460780603061966e-01,-6.066216210794433961e-02,4.950650585378951057e-03,5.069574888855056827e+01,6.074658244446339006e-02,9.979686395479916428e-01,-1.919497851128856847e-02,3.358396515521202996e+00,-3.776185131457804756e-03,1.946012762343299340e-02,9.998035026237569456e-01,6.571092989071958268e-01,0.000000000000000000e+00,0.000000000000000000e+00,0.000000000000000000e+00,1.000000000000000056e-01
9.982385711872072687e-01,-5.916000623534500152e-02,4.455183089036978024e-03,5.163352896629061917e+01,5.923306887361166201e-02,9.980709472241610092e-01,-1.859644748009735976e-02,3.431721482807490453e+00,-3.346422856854375152e-03,1.882758532844780452e-02,9.998171450244105474e-01,6.712501104596313439e-01,0.000000000000000000e+00,0.000000000000000000e+00,0.000000000000000000e+00,1.000000000000000056e-01
9.983929761018317528e-01,-5.659889243881403853e-02,2.833839308549519591e-03,5.256502693667390957e+01,5.664299742747315458e-02,9.982099910729923531e-01,-1.919334688082559304e-02,3.518228766291562337e+00,-1.742444535240816189e-03,1.932301986636631580e-02,9.998117746807574369e-01,7.003356814743777470e-01,0.000000000000000000e+00,0.000000000000000000e+00,0.000000000000000000e+00,1.000000000000000056e-01
9.982361497968899045e-01,-5.928052429728408040e-02,3.226248242191997496e-03,5.352228965482524359e+01,5.933792338262055405e-02,9.979886819877629156e-01,-2.230698260558965432e-02,3.589707293177597069e+00,-1.897389606640778386e-03,2.245907530079851652e-02,9.997459626571710833e-01,7.204579644342783418e-01,0.000000000000000000e+00,0.000000000000000000e+00,0.000000000000000000e+00,1.000000000000000056e-01
9.983859387716172984e-01,-5.661833309356672367e-02,4.458881117767446445e-03,5.446927735062639897e+01,5.671504950020426344e-02,9.980557366840978606e-01,-2.584859052544453278e-02,3.641151216379439504e+00,-2.986707770411370887e-03,2.605975498097878179e-02,9.996559251797717538e-01,7.459053264876461808e-01,0.000000000000000000e+00,0.000000000000000000e+00,0.000000000000000000e+00,1.000000000000000056e-01
9.982410166044990429e-01,-5.872671174595274490e-02,8.126874917462239070e-03,5.541219192322375875e+01,5.894693028169260829e-02,9.978039490244458021e-01,-3.020825585144707587e-02,3.686581090370320890e+00,-6.334996352135617396e-03,3.063417436016501599e-02,9.995105878291081769e-01,7.515995013872939223e-01,0.000000000000000000e+00,0.000000000000000000e+00,0.000000000000000000e+00,1.000000000000000056e-01
9.979494458461870554e-01,-6.280993405983903433e-02,1.232135214523670530e-02,5.637101228507169282e+01,6.312092750073095004e-02,9.976479912667748362e-01,-2.672515730200148223e-02,3.738942436201774022e+00,-1.061376684950842558e-02,2.744809109515502013e-02,9.995668813283563603e-01,7.749396692378526241e-01,0.000000000000000000e+00,0.000000000000000000e+00,0.000000000000000000e+00,1.000000000000000056e-01
9.977271957268255553e-01,-6.612052028062380404e-02,1.298151396811610125e-02,5.733679078061639700e+01,6.642387641842294188e-02,9.974900996960709421e-01,-2.452283935176620758e-02,3.833844632131002683e+00,-1.132746876556513238e-02,2.532938621723931569e-02,9.996149812028745085e-01,7.796636489602170039e-01,0.000000000000000000e+00,0.000000000000000000e+00,0.000000000000000000e+00,1.000000000000000056e-01
9.977584355745318101e-01,-6.650758228482937795e-02,7.405790875348702146e-03,5.821186576106310184e+01,6.668844688322637937e-02,9.973899171788330742e-01,-2.767678020116629695e-02,3.897899880274892315e+00,-5.545745411199596436e-03,2.810862160667483567e-02,9.995894907906980320e-01,7.925585813930368095e-01,0.000000000000000000e+00,0.000000000000000000e+00,0.000000000000000000e+00,1.000000000000000056e-01
9.975811875482157864e-01,-6.945924324652148762e-02,2.681003079477009554e-03,5.909957878403169929e+01,6.950546713219167561e-02,9.972451511417100845e-01,-2.590557011694090070e-02,3.958279630417951722e+00,-8.742360250120245931e-04,2.602925377279336969e-02,9.996607993011450422e-01,7.976143635580480451e-01,0.000000000000000000e+00,0.000000000000000000e+00,0.000000000000000000e+00,1.000000000000000056e-01
9.976869466318757373e-01,-6.783873456622155351e-02,-4.320024631693951921e-03,6.006970594367452776e+01,6.770896714435506447e-02,9.973857996578678886e-01,-2.524009526685729379e-02,4.029589272652476240e+00,6.020987345058234803e-03,2.488920917363834570e-02,9.996720837245088864e-01,8.198069096170301773e-01,0.000000000000000000e+00,0.000000000000000000e+00,0.000000000000000000e+00,1.000000000000000056e-01
9.979338509950570479e-01,-6.412440804333452427e-02,-4.011150865664623970e-03,6.096008446132727698e+01,6.401655136235936960e-02,9.976865232454731336e-01,-2.287973964078953218e-02,4.117064942417104412e+00,5.469020922029252212e-03,2.257568664408337103e-02,9.997301776893116054e-01,8.366729664052334758e-01,0.000000000000000000e+00,0.000000000000000000e+00,0.000000000000000000e+00,1.000000000000000056e-01
9.977900342332773898e-01,-6.642855056841845407e-02,-1.515009615188005025e-03,6.184874319763086703e+01,6.638435406495132862e-02,9.975883348285514707e-01,-2.026405066557713033e-02,4.180925379534336628e+00,2.857467433623930853e-03,2.011869487260463038e-02,9.997935151802540554e-01,8.566246088123283808e-01,0.000000000000000000e+00,0.000000000000000000e+00,0.000000000000000000e+00,1.000000000000000056e-01
9.978199834959869952e-01,-6.597932785963878111e-02,-1.417332444572505642e-03,6.272015861967449979e+01,6.594411608719197293e-02,9.976669386344593216e-01,-1.766502502757956450e-02,4.243952035541697754e+00,2.579552198947342688e-03,1.753305024621660407e-02,9.998429566984590178e-01,8.812933180423360158e-01,0.000000000000000000e+00,0.000000000000000000e+00,0.000000000000000000e+00,1.000000000000000056e-01
9.977494175007963761e-01,-6.704786097380747989e-02,-8.271732941169821288e-04,6.352590693748697959e+01,6.702603325876625717e-02,9.976223979048964852e-01,-1.603315515047539636e-02,4.306396506478921360e+00,1.900195362660435459e-03,1.594162906736447394e-02,9.998711185549177261e-01,9.018218118372843817e-01,0.000000000000000000e+00,0.000000000000000000e+00,0.000000000000000000e+00,1.000000000000000056e-01
9.975005781375042568e-01,-7.065807750765216999e-02,-1.808266227148073784e-04,6.434717396024450409e+01,7.064719138858836789e-02,9.973857598140135616e-01,-1.518619337184431983e-02,4.364561181371511722e+00,1.253381126804979737e-03,1.513546177509955681e-02,9.998846667654252007e-01,9.237062417695531824e-01,0.000000000000000000e+00,0.000000000000000000e+00,0.000000000000000000e+00,1.000000000000000056e-01
9.974722572300396273e-01,-7.105477022816995836e-02,5.618578392717154093e-04,6.513841770856707569e+01,7.105447927750420389e-02,9.973393167724896591e-01,-1.629564955398335804e-02,4.423763037181738689e+00,5.975207212345474929e-04,1.629438085983890214e-02,9.998670592240661570e-01,9.361086520834710489e-01,0.000000000000000000e+00,0.000000000000000000e+00,0.000000000000000000e+00,1.000000000000000056e-01
9.971905441999129316e-01,-7.486763838460269715e-02,2.419768789333278519e-03,6.594611862969989602e+01,7.489830065088287636e-02,9.970425984191929603e-01,-1.721341038591378547e-02,4.487913635260533773e+00,-1.123885177152159293e-03,1.734628664055491015e-02,9.998489101968818238e-01,9.565676097808117895e-01,0.000000000000000000e+00,0.000000000000000000e+00,0.000000000000000000e+00,1.000000000000000056e-01
9.970274218178925008e-01,-7.703932747407658821e-02,1.123461396002847345e-03,6.668026376160861446e+01,7.704740588794355138e-02,9.968950070617768056e-01,-1.624937356449069475e-02,4.561479451509659278e+00,1.318677549815098484e-04,1.628763081733724388e-02,9.998673390471624067e-01,9.765417831644507274e-01,0.000000000000000000e+00,0.000000000000000000e+00,0.000000000000000000e+00,1.000000000000000056e-01
9.969595989881741005e-01,-7.769712027451039504e-02,5.891984927628340744e-03,6.745196082223725398e+01,7.779685750405046507e-02,9.967846607579544660e-01,-1.918304043013339955e-02,4.633300468102643954e+00,-4.382573197746126616e-03,1.958309420643043752e-02,9.997986274612845614e-01,9.834878984544539460e-01,0.000000000000000000e+00,0.000000000000000000e+00,0.000000000000000000e+00,1.000000000000000056e-01
9.967014478615772166e-01,-8.071055535278262583e-02,8.487053981280695200e-03,6.817886051863295904e+01,8.083971316480487168e-02,9.965959160412416473e-01,-1.617160800138751214e-02,4.688545435982179654e+00,-7.152943874226412764e-03,1.680435611869374873e-02,9.998332105953313675e-01,1.006143222325217801e+00,0.000000000000000000e+00,0.000000000000000000e+00,0.000000000000000000e+00,1.000000000000000056e-01
9.965495587472616990e-01,-8.231820113331468625e-02,1.061558867012351789e-02,6.886559189774287404e+01,8.247559031409752717e-02,9.964747888431035872e-01,-1.535487552646797905e-02,4.762898113610638084e+00,-9.314180746541771139e-03,1.617742137262087251e-02,9.998257533564303134e-01,1.023081342295132590e+00,0.000000000000000000e+00,0.000000000000000000e+00,0.000000000000000000e+00,1.000000000000000056e-01
9.965439532865461025e-01,-8.284662140790312324e-02,6.048676658400788976e-03,6.951718709405093932e+01,8.290601764490367065e-02,9.965037657199955490e-01,-1.033620549965214019e-02,4.816068661901595327e+00,-5.171209363895058579e-03,1.080195478437517495e-02,9.999282856117988061e-01,1.046037180882928741e+00,0.000000000000000000e+00,0.000000000000000000e+00,0.000000000000000000e+00,1.000000000000000056e-01
9.966990427581824408e-01,-8.118179312742022924e-02,7.311836565581960982e-04,7.019255945541662811e+01,8.118503848644596788e-02,9.966483080391711491e-01,-1.005681901059065492e-02,4.883689324004256704e+00,8.769764626305703685e-05,1.008298305434633321e-02,9.999491615886522133e-01,1.055221592907896522e+00,0.000000000000000000e+00,0.000000000000000000e+00,0.000000000000000000e+00,1.000000000000000056e-01
9.965098769566494985e-01,-8.336026174376988396e-02,-4.374001583623966620e-03,7.092488001844108680e+01,8.331517450082799592e-02,9.964766336733621443e-01,-9.638477104840757065e-03,4.945514532592248713e+00,5.162056348002424556e-03,9.240416928587815576e-03,9.999439823656353088e-01,1.083103253765265839e+00,0.000000000000000000e+00,0.000000000000000000e+00,0.000000000000000000e+00,1.000000000000000056e-01
9.965045211450761498e-01,-8.344695437092218560e-02,-3.917287791270817297e-03,7.162143954639019228e+01,8.340498383757920242e-02,9.964668187953265033e-01,-9.873586530486439666e-03,5.000719932999267314e+00,4.727368028360256873e-03,9.512352292628773603e-03,9.999435819811962611e-01,1.085794161003863945e+00,0.000000000000000000e+00,0.000000000000000000e+00,0.000000000000000000e+00,1.000000000000000056e-01
9.964653228017060771e-01,-8.400213786602439558e-02,-7.080166870377695631e-04,7.229403259639470036e+01,8.398966811379898756e-02,9.964082843819117574e-01,-1.078269285610658490e-02,5.066210099506386122e+00,1.611242944310730448e-03,1.068511343096856595e-02,9.999416144191328737e-01,1.100362933129953813e+00,0.000000000000000000e+00,0.000000000000000000e+00,0.000000000000000000e+00,1.000000000000000056e-01
9.954976685501112366e-01,-9.475922405354587907e-02,2.254189003357820725e-03,7.289335306181536112e+01,9.477682594140716954e-02,9.954509030263217761e-01,-9.739246816495548270e-03,5.154710205169072523e+00,-1.321051007787462251e-03,9.909042378065689716e-03,9.999500316032718938e-01,1.108676110928144887e+00,0.000000000000000000e+00,0.000000000000000000e+00,0.000000000000000000e+00,1.000000000000000056e-01
9.956698632579981112e-01,-9.294505199363259362e-02,-1.655508894650579510e-03,7.345487092119651606e+01,9.292025280886859195e-02,9.956078850087300980e-01,-1.143529301676038737e-02,5.215220534905173011e+00,2.711091613221422100e-03,1.123194632929469181e-02,9.999332444538088227e-01,1.121292673048267297e+00,0.000000000000000000e+00,0.000000000000000000e+00,0.000000000000000000e+00,1.000000000000000056e-01
9.956274901758184193e-01,-9.327648435714183672e-02,-5.039669847566068638e-03,7.407906613675446295e+01,9.317775716725271162e-02,9.955014144579902302e-01,-1.717088761308420419e-02,5.268738437266748953e+00,6.618638491493395067e-03,1.662622260504643956e-02,9.998398683521309005e-01,1.159909432959970621e+00,0.000000000000000000e+00,0.000000000000000000e+00,0.000000000000000000e+00,1.000000000000000056e-01
9.957892077871709491e-01,-9.130859233169058564e-02,-8.160552738851084217e-03,7.470874099853462269e+01,9.113106105669538382e-02,9.956385119728136113e-01,-1.997706653246055647e-02,5.317534662797353207e+00,9.949038409780864081e-03,1.914926742636988144e-02,9.997671339825859871e-01,1.173092873409778969e+00,0.000000000000000000e+00,0.000000000000000000e+00,0.000000000000000000e+00,1.000000000000000056e-01
9.960396996031983807e-01,-8.827162392320830886e-02,-1.063189655377071163e-02,7.529014134839448502e+01,8.804234079184541928e-02,9.959080782691059897e-01,-2.038739478768004237e-02,5.363511636939711558e+00,1.238802011069379053e-02,1.937059752036191657e-02,9.997356235072556441e-01,1.189190763084252866e+00,0.000000000000000000e+00,0.000000000000000000e+00,0.000000000000000000e+00,1.000000000000000056e-01
9.963356522280805150e-01,-8.502230613931514858e-02,-9.299223515862794012e-03,7.584788455559441900e+01,8.481408148617843035e-02,9.961782037820436919e-01,-2.087002374787426742e-02,5.438141675875716174e+00,1.103810132682648236e-02,2.000484362182126594e-02,9.997389492016228729e-01,1.193952356134096782e+00,0.000000000000000000e+00,0.000000000000000000e+00,0.000000000000000000e+00,1.000000000000000056e-01
9.969303400629995204e-01,-7.820228809198952191e-02,-3.781428175911097193e-03,7.639247160399881409e+01,7.810667045316070645e-02,9.967247271542458709e-01,-2.095629523592950141e-02,5.467030436262922954e+00,5.407873204269312943e-03,2.059661177163763304e-02,9.997732415357669655e-01,1.215096566390682531e+00,0.000000000000000000e+00,0.000000000000000000e+00,0.000000000000000000e+00,1.000000000000000056e-01
9.976067274229024617e-01,-6.913059756607024819e-02,1.333371937898419814e-03,7.698271024269455154e+01,6.914101572494192605e-02,9.972240361295067190e-01,-2.763587722688785539e-02,5.480868023444793735e+00,5.808141613844250558e-04,2.766192772990214502e-02,9.996171669240058177e-01,1.229564930695668856e+00,0.000000000000000000e+00,0.000000000000000000e+00,0.000000000000000000e+00,1.000000000000000056e-01
9.983334306340190256e-01,-5.770443190349153206e-02,7.482093327860114265e-04,7.753793548377078082e+01,5.770153992904686335e-02,9.979032194300885283e-01,-2.932058902684722690e-02,5.517969615193506705e+00,9.452874308751676351e-04,2.931489706207360268e-02,9.995697790759348056e-01,1.234957729099046331e+00,0.000000000000000000e+00,0.000000000000000000e+00,0.000000000000000000e+00,1.000000000000000056e-01
9.989516727211580349e-01,-4.577648038894174126e-02,2.634592971155606290e-04,7.805525431503711786e+01,4.576908023433180067e-02,9.986484497487029266e-01,-2.462651231936231755e-02,5.550736734556603658e+00,8.642118395989840159e-04,2.461275396442335478e-02,9.996966867406248403e-01,1.248135134675637081e+00,0.000000000000000000e+00,0.000000000000000000e+00,0.000000000000000000e+00,1.000000000000000056e-01
9.995774480636875348e-01,-2.906036609605304119e-02,6.484171878284607747e-04,7.857498428973137550e+01,2.906758443264497935e-02,9.993506847902522416e-01,-2.129047544102850506e-02,5.574124479106687069e+00,-2.928715001082696787e-05,2.130032703076066916e-02,9.997731218684794419e-01,1.261499687873698816e+00,0.000000000000000000e+00,0.000000000000000000e+00,0.000000000000000000e+00,1.000000000000000056e-01
9.998685994089281381e-01,-1.615445856052050849e-02,-1.348104092701738138e-03,7.905580492148601479e+01,1.613148307617771893e-02,9.997482084359661236e-01,-1.559791597742837994e-02,5.599197677068312728e+00,1.599740538751603979e-03,1.557411948369311246e-02,9.998774363053285485e-01,1.249834799937503016e+00,0.000000000000000000e+00,0.000000000000000000e+00,0.000000000000000000e+00,1.000000000000000056e-01
9.999411489623791782e-01,1.083461682044918779e-02,5.564981141778014336e-04,7.955269592212401619e+01,-1.082400986170675532e-02,9.998063523934208607e-01,-1.643467444996500257e-02,5.607085481976390895e+00,-7.344537498841223911e-04,1.642768371124478030e-02,9.998647867514750542e-01,1.269979339273129559e+00,0.000000000000000000e+00,0.000000000000000000e+00,0.000000000000000000e+00,1.000000000000000056e-01
9.993730832575997702e-01,3.511942450378922193e-02,4.479562782362737396e-03,8.006715266927893992e+01,-3.504862077239225687e-02,9.992728763319669305e-01,-1.501042335148013510e-02,5.599751167095785576e+00,-5.003463015903463103e-03,1.484401056858542303e-02,9.998773028267459173e-01,1.290844164378168735e+00,0.000000000000000000e+00,0.000000000000000000e+00,0.000000000000000000e+00,1.000000000000000056e-01
9.979992415630770664e-01,6.304621402579631273e-02,4.763269521699070759e-03,8.054221347312528678e+01,-6.296761513834973900e-02,9.979004219710236878e-01,-1.516005520575124457e-02,5.565398821062071733e+00,-5.709052750809898678e-03,1.482979187535154314e-02,9.998737340232626281e-01,1.298528665795866344e+00,0.000000000000000000e+00,0.000000000000000000e+00,0.000000000000000000e+00,1.000000000000000056e-01
9.952553713256582224e-01,9.714233337747389674e-02,5.487523431013083090e-03,8.101266984971638863e+01,-9.705350192136145970e-02,9.951716486155970376e-01,-1.462899711240921510e-02,5.493127475855843933e+00,-6.882122654129766044e-03,1.402700458737747222e-02,9.998779323147797271e-01,1.307176401055754278e+00,0.000000000000000000e+00,0.000000000000000000e+00,0.000000000000000000e+00,1.000000000000000056e-01
