1.000000000000000000e+00,-1.529038125588232895e-09,-6.342246584207386418e-11,2.875913589024086241e-16,1.529038125588485598e-09,1.000000000000000000e+00,3.982352604663689304e-12,3.125798515148844150e-15,6.342246583598470335e-11,-3.982352701639058216e-12,1.000000000000000000e+00,1.188955171708874401e-16,0.000000000000000000e+00,0.000000000000000000e+00,0.000000000000000000e+00,1.000000000000000056e-01
9.999822602990536824e-01,-5.879459668378026610e-03,-9.544847842959776818e-04,6.406490359843148852e-01,5.877923493864452981e-03,9.999814378923662650e-01,-1.604333542600108178e-03,6.981024453707456758e-03,9.638996814050202399e-04,1.598694693664694808e-03,9.999982575348221880e-01,8.290248299506242785e-03,0.000000000000000000e+00,0.000000000000000000e+00,0.000000000000000000e+00,1.000000000000000056e-01
9.999359499921103289e-01,-1.122814198020249780e-02,-1.422933957833561087e-03,1.303410082608396525e+00,1.122882792935233666e-02,9.999368419056778867e-01,4.749979286785569669e-04,1.588535003915770780e-02,1.417510743852933106e-03,-4.909453856248228824e-04,9.999988748173266329e-01,1.337863353028230333e-02,0.000000000000000000e+00,0.000000000000000000e+00,0.000000000000000000e+00,1.000000000000000056e-01
9.998154639882051997e-01,-1.909082475934948883e-02,-2.139714947787016430e-03,2.028994198603825350e+00,1.909514274651936613e-02,9.998156384561093235e-01,2.016090794723258018e-03,2.276181399708512854e-02,2.100831630574757393e-03,-2.056576915733437493e-03,9.999956784895871476e-01,1.896260445188084620e-02,0.000000000000000000e+00,0.000000000000000000e+00,0.000000000000000000e+00,1.000000000000000056e-01
9.996337181306234054e-01,-2.701218071725513398e-02,-1.664833097831077335e-03,2.746211588364441791e+00,2.701874598017760254e-02,9.996266986664684717e-01,4.055943643109160765e-03,4.222462943018225057e-02,1.554651730748882838e-03,-4.099439727059166205e-03,9.999903887797724211e-01,2.505711881746552905e-02,0.000000000000000000e+00,0.000000000000000000e+00,0.000000000000000000e+00,1.000000000000000056e-01
9.994419014626024778e-01,-3.334862473529238980e-02,-1.937738135635107793e-03,3.443938958987398102e+00,3.335269784440339502e-02,9.994414185534385986e-01,2.109129296728536659e-03,5.904531230063115449e-02,1.866319189629436250e-03,-2.172580989292265206e-03,9.999958983638519427e-01,3.103087347148588901e-02,0.000000000000000000e+00,0.000000000000000000e+00,0.000000000000000000e+00,1.000000000000000056e-01
9.991291434987840114e-01,-4.167951191300667962e-02,-1.942394934026027377e-03,4.182215841406829782e+00,4.168738825795226949e-02,9.991218410764897140e-01,4.208128343631351888e-03,9.660126277842345788e-02,1.765296467151887235e-03,-4.285437039470371863e-03,9.999892593212008629e-01,4.504419137184126343e-02,0.000000000000000000e+00,0.000000000000000000e+00,0.000000000000000000e+00,1.000000000000000056e-01
9.988884288317931848e-01,-4.704736596171753965e-02,-2.907249905988207404e-03,4.952531863896525444e+00,4.706496094601970298e-02,9.988718802773119965e-01,6.313180055806425287e-03,1.364668303107892111e-01,2.606951687562737794e-03,-6.442992110162347810e-03,9.999758455360644449e-01,5.334413455107922530e-02,0.000000000000000000e+00,0.000000000000000000e+00,0.000000000000000000e+00,1.000000000000000056e-01
9.985361592297703481e-01,-5.406099330610761311e-02,-1.716890624240031624e-03,5.738121832842223213e+00,5.407036124188616122e-02,9.985192090426875389e-01,5.982073882656242444e-03,1.890259622922977611e-01,1.390951412002041938e-03,-6.066149975281751039e-03,9.999806333517898826e-01,5.623220952539049328e-02,0.000000000000000000e+00,0.000000000000000000e+00,0.000000000000000000e+00,1.000000000000000056e-01
9.980777624890997402e-01,-6.194360117794400072e-02,1.941725485257546433e-03,6.546590848026522025e+00,6.193371896304163821e-02,9.980687588866063997e-01,4.792388752597178878e-03,2.383615492227336985e-01,-2.234833362750037345e-03,-4.662918362662802838e-03,9.999866312667303747e-01,5.864978100823949742e-02,0.000000000000000000e+00,0.000000000000000000e+00,0.000000000000000000e+00,1.000000000000000056e-01
9.978815768460786995e-01,-6.495075996609565860e-02,3.709093017198347893e-03,7.370880868959413412e+00,6.492864589475146053e-02,9.978730522568741712e-01,5.800217394506870620e-03,3.058918165093448271e-01,-4.077932497918162688e-03,-5.547103692576203261e-03,9.999762997727327241e-01,6.885091095939523120e-02,0.000000000000000000e+00,0.000000000000000000e+00,0.000000000000000000e+00,1.000000000000000056e-01
9.975515444525092645e-01,-6.986195688278862281e-02,3.197364683722965679e-03,8.187745911128834209e+00,6.984294136001439890e-02,9.975416240501504550e-01,5.715927708586476808e-03,3.663604220489646845e-01,-3.588830254404007727e-03,-5.478619159567488239e-03,9.999785522847525199e-01,7.412669900941011580e-02,0.000000000000000000e+00,0.000000000000000000e+00,0.000000000000000000e+00,1.000000000000000056e-01
9.972692804174517756e-01,-7.376828962987369565e-02,3.495966352964040465e-03,9.020679521349800112e+00,7.374585237705574836e-02,9.972580241514930055e-01,6.162996238975181236e-03,4.403203076946599626e-01,-3.941014189201563767e-03,-5.888353805877401086e-03,9.999748975332417578e-01,7.831213578342811898e-02,0.000000000000000000e+00,0.000000000000000000e+00,0.000000000000000000e+00,1.000000000000000056e-01
9.970720147993299420e-01,-7.634463037723632217e-02,4.346805328964563515e-03,9.801752848152524678e+00,7.632425611008497590e-02,9.970720907954244705e-01,4.674792624594321239e-03,5.234415427540973775e-01,-4.690973592646274261e-03,-4.329338217784734974e-03,9.999796255911163056e-01,8.928353070886355103e-02,0.000000000000000000e+00,0.000000000000000000e+00,0.000000000000000000e+00,1.000000000000000056e-01
9.968254278834385307e-01,-7.947628970417600081e-02,4.752441462829259770e-03,1.057745971470101765e+01,7.944940618797885490e-02,9.968231643603764347e-01,5.600968750439001310e-03,5.593304370852041352e-01,-5.182487952448845865e-03,-5.205609419053211333e-03,9.999730213606760065e-01,9.280859054669890473e-02,0.000000000000000000e+00,0.000000000000000000e+00,0.000000000000000000e+00,1.000000000000000056e-01
9.965992123000998459e-01,-8.221536420128454370e-02,5.535696168556953657e-03,1.137841816652283100e+01,8.219213543396751420e-02,9.966072222241530998e-01,4.300870081951556692e-03,6.404946237626826244e-01,-5.870512381792488722e-03,-3.831253046670659700e-03,9.999754289903665105e-01,1.072927904997885568e-01,0.000000000000000000e+00,0.000000000000000000e+00,0.000000000000000000e+00,1.000000000000000056e-01
9.963152098344075780e-01,-8.564524948456166131e-02,4.570983848965133253e-03,1.223709472172097890e+01,8.561275232831815074e-02,9.963046910624493435e-01,6.886160448862019279e-03,7.211379787489146098e-01,-5.143859581128161843e-03,-6.469451884403166347e-03,9.999658428671076571e-01,1.010419853752944491e-01,0.000000000000000000e+00,0.000000000000000000e+00,0.000000000000000000e+00,1.000000000000000056e-01
9.960627338543387443e-01,-8.862289275446756653e-02,2.238996750998393289e-03,1.311305306280108951e+01,8.860836217361205136e-02,9.960489569550197153e-01,5.918910518604766219e-03,8.228991852527940409e-01,-2.754701350571227888e-03,-5.697212357582658038e-03,9.999799764954405701e-01,1.013656613054154526e-01,0.000000000000000000e+00,0.000000000000000000e+00,0.000000000000000000e+00,1.000000000000000056e-01
9.963475687873852848e-01,-8.538966741624455514e-02,-3.561881660883990685e-04,1.398692525989548052e+01,8.538911504460326707e-02,9.963008124961804102e-01,9.663852821225766762e-03,9.142018734349953712e-01,-4.703226190886084629e-04,-9.658970855839056971e-03,9.999532404460920176e-01,1.101655778970780375e-01,0.000000000000000000e+00,0.000000000000000000e+00,0.000000000000000000e+00,1.000000000000000056e-01
9.948539103802570560e-01,-1.013191485863432495e-01,3.565541332776008985e-04,1.494158043682014281e+01,1.013102729476042796e-01,9.948026381053793887e-01,1.019508773181559969e-02,1.034461921577663146e+00,-1.387658601162564120e-03,-1.010650030010358524e-02,9.999479651738337749e-01,1.120548818644159367e-01,0.000000000000000000e+00,0.000000000000000000e+00,0.000000000000000000e+00,1.000000000000000056e-01
9.941215643532036461e-01,-1.082528596817146083e-01,1.906215798405281724e-03,1.591691506000317347e+01,1.082287060917104526e-01,9.940757680109731931e-01,9.995730644029717990e-03,1.161759939164549893e+00,-2.976989360618744699e-03,-9.730664115303098646e-03,9.999482245147605086e-01,1.198701492904313687e-01,0.000000000000000000e+00,0.000000000000000000e+00,0.000000000000000000e+00,1.000000000000000056e-01
9.938357052960358207e-01,-1.108262507145400949e-01,2.851846996075215260e-03,1.684085878306374440e+01,1.107935449963507873e-01,9.937949782777409924e-01,9.814863070150918120e-03,1.275997330196277479e+00,-3.921895698857435358e-03,-9.438395123225086850e-03,9.999477663516356252e-01,1.271326931908840774e-01,0.000000000000000000e+00,0.000000000000000000e+00,0.000000000000000000e+00,1.000000000000000056e-01
9.934675870919214002e-01,-1.140806490833267961e-01,2.785480655527668506e-03,1.772989008542868206e+01,1.140519534750482067e-01,9.934349424912602977e-01,8.897580902232710837e-03,1.372797788910770755e+00,-3.782235619432767343e-03,-8.521768719766405209e-03,9.999565361312490186e-01,1.371115016913516949e-01,0.000000000000000000e+00,0.000000000000000000e+00,0.000000000000000000e+00,1.000000000000000056e-01
9.931288353022910131e-01,-1.169917637577488623e-01,2.836142444579475494e-03,1.864030958784667291e+01,1.169620777121367361e-01,9.930954410950761924e-01,9.017607966423124219e-03,1.481364627177091275e+00,-3.871545992875890553e-03,-8.623925383900865257e-03,9.999553185230818375e-01,1.432066652206740176e-01,0.000000000000000000e+00,0.000000000000000000e+00,0.000000000000000000e+00,1.000000000000000056e-01
9.926387496548658707e-01,-1.210923001992459530e-01,2.228792516180105009e-03,1.956553419824895101e+01,1.210757647490907779e-01,9.926222103603563607e-01,6.465809287569079973e-03,1.589928603734092727e+00,-2.995308673126704027e-03,-6.148360088355834217e-03,9.999766126236036001e-01,1.541522126742886911e-01,0.000000000000000000e+00,0.000000000000000000e+00,0.000000000000000000e+00,1.000000000000000056e-01
9.924074101602916587e-01,-1.229246284933185607e-01,4.131339821689956893e-03,2.048940879989994812e+01,1.229048592587373701e-01,9.924071350165950545e-01,4.740668596679353461e-03,1.707404313309324628e+00,-4.682716042280052685e-03,-4.196912905123960716e-03,9.999802288508179426e-01,1.678830022636172148e-01,0.000000000000000000e+00,0.000000000000000000e+00,0.000000000000000000e+00,1.000000000000000056e-01
9.925680698504185662e-01,-1.215733290316066140e-01,5.343442859000427543e-03,2.141101103835231356e+01,1.215481755501511829e-01,9.925739026644162522e-01,4.805077518574273412e-03,1.827903231200137979e+00,-5.887931202410366140e-03,-4.119880787424919782e-03,9.999741790908668326e-01,1.696746047817278558e-01,0.000000000000000000e+00,0.000000000000000000e+00,0.000000000000000000e+00,1.000000000000000056e-01
9.924883112028306531e-01,-1.219527352657018143e-01,9.720210232644048085e-03,2.236410442446569036e+01,1.219320727969054746e-01,9.925347941879825164e-01,2.692944423736501683e-03,1.950493131936857916e+00,-9.976058801114467620e-03,-1.487510481589341370e-03,9.999491314878791171e-01,1.746435794037126121e-01,0.000000000000000000e+00,0.000000000000000000e+00,0.000000000000000000e+00,1.000000000000000056e-01
9.927363157364653690e-01,-1.196504987338552900e-01,1.258433831111994278e-02,2.332688283286373832e+01,1.196191034586786411e-01,9.928146319324737679e-01,3.221289885850851017e-03,2.077830016910390043e+00,-1.287934414987665366e-02,-1.692564186801843226e-03,9.999156253008263384e-01,1.743800280609382469e-01,0.000000000000000000e+00,0.000000000000000000e+00,0.000000000000000000e+00,1.000000000000000056e-01
9.930209663924037811e-01,-1.172295457620196185e-01,1.290712615290670433e-02,2.424509161439969418e+01,1.172242786584559021e-01,9.931047818839804364e-01,1.166487109362698057e-03,2.180697528734545809e+00,-1.295487545679927140e-02,3.546823962045513620e-04,9.999160191747588078e-01,1.712566114488965341e-01,0.000000000000000000e+00,0.000000000000000000e+00,0.000000000000000000e+00,1.000000000000000056e-01
9.930488754028008458e-01,-1.171332379878591290e-01,1.156441177544783282e-02,2.519620790489928197e+01,1.171350802886360620e-01,9.931158554428037855e-01,5.202248387758225730e-04,2.290442426771614137e+00,-1.154573631291423187e-02,8.379896107049960435e-04,9.999329946283426196e-01,1.684141987242374350e-01,0.000000000000000000e+00,0.000000000000000000e+00,0.000000000000000000e+00,1.000000000000000056e-01
9.932347053401729964e-01,-1.158922577345027488e-01,7.335169051850228862e-03,2.613589716370255900e+01,1.158935689460395962e-01,9.932616067429209661e-01,2.474821620908017588e-04,2.410377288030995047e+00,-7.314423064685425004e-03,6.042910479002534981e-04,9.999730666610777696e-01,1.647874503498086840e-01,0.000000000000000000e+00,0.000000000000000000e+00,0.000000000000000000e+00,1.000000000000000056e-01
9.931485645275832663e-01,-1.166854943737337252e-01,6.358001223501742565e-03,2.707537288646133788e+01,1.166947397965666516e-01,9.931672183836207646e-01,-1.101831181688277435e-03,2.523566336176411795e+00,-6.185990673473191863e-03,1.836227354848231699e-03,9.999791806775224501e-01,1.666901413413987287e-01,0.000000000000000000e+00,0.000000000000000000e+00,0.000000000000000000e+00,1.000000000000000056e-01
9.932272647505129282e-01,-1.159616443649600231e-01,7.245522230254680673e-03,2.802824635708728351e+01,1.159817248444957732e-01,9.932484136515493667e-01,-2.414183252439950321e-03,2.635750647183753514e+00,-6.916650801526213338e-03,3.238180794091504583e-03,9.999708366381664382e-01,1.692002351022457995e-01,0.000000000000000000e+00,0.000000000000000000e+00,0.000000000000000000e+00,1.000000000000000056e-01
9.931605632630560176e-01,-1.163137152290432824e-01,1.015948958492894107e-02,2.903405707660513357e+01,1.163726782903567042e-01,9.931908435896359411e-01,-5.417375493405778356e-03,2.754093287819345814e+00,-9.460196960866898777e-03,6.562610709499523340e-03,9.999337162102981402e-01,1.742079164509274525e-01,0.000000000000000000e+00,0.000000000000000000e+00,0.000000000000000000e+00,1.000000000000000056e-01
9.932295931587241666e-01,-1.152581532178919010e-01,1.450976879747532637e-02,2.998763409338603481e+01,1.153841515397576456e-01,9.932873783333341366e-01,-8.165881283863347592e-03,2.861248173200806821e+00,-1.347118581289244270e-02,9.784792307088773303e-03,9.998613828887991106e-01,1.733178610675442377e-01,0.000000000000000000e+00,0.000000000000000000e+00,0.000000000000000000e+00,1.000000000000000056e-01
9.930652064261161760e-01,-1.165697207837578520e-01,1.526420591619328040e-02,3.091507973144532784e+01,1.168009946405409449e-01,9.930382117131513198e-01,-1.525246630964494261e-02,2.948335145498635956e+00,-1.337996400725889601e-02,1.692956803770434213e-02,9.997671560364549403e-01,1.774047114890666965e-01,0.000000000000000000e+00,0.000000000000000000e+00,0.000000000000000000e+00,1.000000000000000056e-01
9.931675852955658135e-01,-1.161193703232960839e-01,1.159479857075097417e-02,3.186575351295415359e+01,1.163199975117965301e-01,9.930402131219164819e-01,-1.846058779222315566e-02,3.049691713475275012e+00,-9.370469413573362383e-03,1.968316434163860928e-02,9.997623554347649932e-01,1.791545570973653301e-01,0.000000000000000000e+00,0.000000000000000000e+00,0.000000000000000000e+00,1.000000000000000056e-01
9.929249787290479468e-01,-1.184737318490475394e-01,7.997591992574111519e-03,3.286395731304865109e+01,1.186013706912497218e-01,9.927784764141701634e-01,-1.801698195913108841e-02,3.165596623147856281e+00,-5.805298104014670543e-03,1.883803680108053075e-02,9.998056945644011595e-01,1.744868222404366565e-01,0.000000000000000000e+00,0.000000000000000000e+00,0.000000000000000000e+00,1.000000000000000056e-01
9.927911161931964878e-01,-1.196912573221054488e-01,6.308924513782144909e-03,3.383264927921157295e+01,1.197866597263685662e-01,9.926379338377367967e-01,-1.791894131772626964e-02,3.286119324613295589e+00,-4.117737177899274091e-03,1.854549074579761592e-02,9.998195382235393058e-01,1.762211749276295369e-01,0.000000000000000000e+00,0.000000000000000000e+00,0.000000000000000000e+00,1.000000000000000056e-01
9.925857588321126412e-01,-1.213129505055146745e-01,7.528572462671665605e-03,3.479724724023811433e+01,1.214324089201689189e-01,9.924324725650744972e-01,-1.821969983884071456e-02,3.405379990231661491e+00,-5.261314239239957280e-03,1.899882728010130264e-02,9.998056626837321659e-01,1.872100534479687328e-01,0.000000000000000000e+00,0.000000000000000000e+00,0.000000000000000000e+00,1.000000000000000056e-01
9.924938192099691525e-01,-1.219574025166960951e-01,9.078039512455261806e-03,3.577343096765702768e+01,1.221013273436217794e-01,9.923636269039599611e-01,-1.748421742440841448e-02,3.539464611644087544e+00,-6.876386473639550280e-03,1.846141840159722797e-02,9.998059268376370268e-01,1.840238133184245173e-01,0.000000000000000000e+00,0.000000000000000000e+00,0.000000000000000000e+00,1.000000000000000056e-01
9.924727829292243619e-01,-1.219980042990543440e-01,1.068934477732968666e-02,3.674453513112518976e+01,1.221733338106067018e-01,9.923516232337407095e-01,-1.766160725874248855e-02,3.654875500359787921e+00,-8.452907802807947679e-03,1.883461739478450858e-02,9.997868800585799631e-01,1.963577593612263472e-01,0.000000000000000000e+00,0.000000000000000000e+00,0.000000000000000000e+00,1.000000000000000056e-01
9.922335057642928113e-01,-1.236902481177016982e-01,1.316786084686769921e-02,3.773247348874237872e+01,1.238996769660811598e-01,9.921576679061215875e-01,-1.649339451983235574e-02,3.793747392938425556e+00,-1.102452204867938011e-02,1.799679237162804882e-02,9.997772628830536856e-01,1.989672500966797042e-01,0.000000000000000000e+00,0.000000000000000000e+00,0.000000000000000000e+00,1.000000000000000056e-01
9.923428055754236476e-01,-1.227544067905629727e-01,1.367888285620654648e-02,3.873517548008833700e+01,1.229624333530991848e-01,9.922891306466832262e-01,-1.557309167552480000e-02,3.933452605271825497e+00,-1.166174114707891132e-02,1.713583420632470294e-02,9.997851604117116153e-01,2.101236257572924315e-01,0.000000000000000000e+00,0.000000000000000000e+00,0.000000000000000000e+00,1.000000000000000056e-01
9.924569907801791269e-01,-1.216819606453116015e-01,1.492051959766312053e-02,3.976208298787996398e+01,1.218589558698741776e-01,9.924797899437393101e-01,-1.158712335030396938e-02,4.075901387408734422e+00,-1.339837026863608185e-02,1.331792051124864630e-02,9.998215424101446480e-01,2.105432533171000264e-01,0.000000000000000000e+00,0.000000000000000000e+00,0.000000000000000000e+00,1.000000000000000056e-01
9.920321752753744615e-01,-1.251850639908707874e-01,1.417261345025202027e-02,4.076265677480797933e+01,1.253881991232087267e-01,9.920020049619654445e-01,-1.448522254158547684e-02,4.195820467393787112e+00,-1.224592744741053937e-02,1.614688530467339733e-02,9.997946365908902955e-01,2.247726382567722114e-01,0.000000000000000000e+00,0.000000000000000000e+00,0.000000000000000000e+00,1.000000000000000056e-01
9.922311016321312405e-01,-1.236839015936408298e-01,1.340647009700587748e-02,4.176978381776742566e+01,1.238554538339917827e-01,9.922174129733521974e-01,-1.282310212250780367e-02,4.315380195888892878e+00,-1.171612177571031664e-02,1.438394518353374070e-02,9.998279024969716211e-01,2.472510545379747737e-01,0.000000000000000000e+00,0.000000000000000000e+00,0.000000000000000000e+00,1.000000000000000056e-01
9.924496508005393736e-01,-1.222859242719145367e-01,9.478573249755723601e-03,4.277961294453533014e+01,1.223896785150236088e-01,9.924181326215362198e-01,-1.127016579169187391e-02,4.422251688127476932e+00,-8.028525323904266153e-03,1.234515163724748954e-02,9.998915641269191523e-01,2.551299461419143100e-01,0.000000000000000000e+00,0.000000000000000000e+00,0.000000000000000000e+00,1.000000000000000056e-01
9.927197653025237045e-01,-1.201547184235392807e-01,8.385178487197993830e-03,4.381516800972696046e+01,1.202468996085732655e-01,9.926771241426233239e-01,-1.152433679031089966e-02,4.554037081640005091e+00,-6.939071424036457637e-03,1.244872862949474024e-02,9.998984340638209511e-01,2.640507251105792541e-01,0.000000000000000000e+00,0.000000000000000000e+00,0.000000000000000000e+00,1.000000000000000056e-01
9.926847370569874540e-01,-1.202419392752820254e-01,1.090361652935220582e-02,4.480141607729264308e+01,1.203842331225486312e-01,9.926356266759602809e-01,-1.349626130153987885e-02,4.675442749581722346e+00,-9.200501594784790682e-03,1.471015611551991856e-02,9.998494697090464234e-01,2.755813274912722877e-01,0.000000000000000000e+00,0.000000000000000000e+00,0.000000000000000000e+00,1.000000000000000056e-01
9.924988631826282548e-01,-1.218544501379646844e-01,9.874186688779327051e-03,4.576036308096714578e+01,1.219717105142026775e-01,9.924573815218971085e-01,-1.229828024314951439e-02,4.795668230299497736e+00,-8.301109289132723931e-03,1.341040060079425576e-02,9.998756186347860231e-01,2.788078324143334896e-01,0.000000000000000000e+00,0.000000000000000000e+00,0.000000000000000000e+00,1.000000000000000056e-01
9.920224275230979938e-01,-1.259242711672889370e-01,5.880580087623385813e-03,4.666567173851477435e+01,1.259915694648012230e-01,9.919463723998435123e-01,-1.298147551655974390e-02,4.915292427216295224e+00,-4.198537242425980781e-03,1.361881836937238639e-02,9.998984448789016710e-01,2.933934510226965386e-01,0.000000000000000000e+00,0.000000000000000000e+00,0.000000000000000000e+00,1.000000000000000056e-01
9.923148620109528695e-01,-1.236552985725709181e-01,4.536713249912767074e-03,4.762039343231865018e+01,1.237027770903659646e-01,9.922423023602260361e-01,-1.236269982686117111e-02,5.036410644277084181e+00,-2.972805461987999311e-03,1.282889480065144139e-02,9.999132871833832370e-01,2.958753412838424635e-01,0.000000000000000000e+00,0.000000000000000000e+00,0.000000000000000000e+00,1.000000000000000056e-01
9.923508127434091941e-01,-1.233768140443465278e-01,4.245727707006606393e-03,4.856012347514418792e+01,1.234175798500816712e-01,9.922908071775712324e-01,-1.127186651947706397e-02,5.162244989562540631e+00,-2.822309593935547287e-03,1.170964334003947796e-02,9.999274567794430579e-01,3.082679973301117315e-01,0.000000000000000000e+00,0.000000000000000000e+00,0.000000000000000000e+00,1.000000000000000056e-01
9.927571125579546241e-01,-1.199208860452121578e-01,7.231635757135109963e-03,4.951942100536706448e+01,1.200098629693156921e-01,9.926812850004251843e-01,-1.347216389414469459e-02,5.292118668548197569e+00,-5.563115644915756636e-03,1.424245414371640497e-02,9.998830952887869383e-01,3.102533291399586779e-01,0.000000000000000000e+00,0.000000000000000000e+00,0.000000000000000000e+00,1.000000000000000056e-01
9.930500692465727974e-01,-1.173100003857625723e-01,9.482814923289766690e-03,5.050517487630440172e+01,1.174523154206023184e-01,9.929466640704813774e-01,-1.618258056188883950e-02,5.418220663459280217e+00,-7.517550912120537533e-03,1.718389131701738085e-02,9.998240846806445425e-01,3.325413248967878932e-01,0.000000000000000000e+00,0.000000000000000000e+00,0.000000000000000000e+00,1.000000000000000056e-01
9.932030060021996842e-01,-1.160282506529251162e-01,9.232221759495397653e-03,5.142191779816261032e+01,1.161635984195061450e-01,9.931044187736913775e-01,-1.579974095991230551e-02,5.543656277618127071e+00,-7.335343920105511124e-03,1.676479831643083382e-02,9.998325531142617795e-01,3.366214720873580424e-01,0.000000000000000000e+00,0.000000000000000000e+00,0.000000000000000000e+00,1.000000000000000056e-01
9.931670860580608107e-01,-1.163273181048468802e-01,9.332429130408720006e-03,5.235706298901317979e+01,1.164869217675308793e-01,9.930120410766870576e-01,-1.891780467805937935e-02,5.662785594514628151e+00,-7.066557016360721158e-03,1.987564688873873567e-02,9.997774864602066991e-01,3.496887421049316713e-01,0.000000000000000000e+00,0.000000000000000000e+00,0.000000000000000000e+00,1.000000000000000056e-01
9.933135047457037903e-01,-1.152790259084050251e-01,6.247197404912372201e-03,5.332225943741945429e+01,1.153897585228196299e-01,9.930774742324613991e-01,-2.196209917381127669e-02,5.782337466798471937e+00,-3.672181620241216082e-03,2.253611230190842585e-02,9.997392853761742915e-01,3.737668136901597382e-01,0.000000000000000000e+00,0.000000000000000000e+00,0.000000000000000000e+00,1.000000000000000056e-01
9.930867658795066166e-01,-1.171156406059913890e-01,7.912152705198920513e-03,5.425615652470693817e+01,1.172824996990487478e-01,9.927663670063696655e-01,-2.568571208506263345e-02,5.901782464164316622e+00,-4.846720471076787495e-03,2.643609779113332767e-02,9.996387557684289771e-01,3.744945727482236753e-01,0.000000000000000000e+00,0.000000000000000000e+00,0.000000000000000000e+00,1.000000000000000056e-01
9.930859893784520498e-01,-1.167659772518155753e-01,1.207991128483910243e-02,5.519308421527274788e+01,1.170561029834894934e-01,9.927574932576128663e-01,-2.702643770790843364e-02,6.011027911532011103e+00,-8.836654035311971439e-03,2.825360396992289413e-02,9.995617276627647430e-01,3.873777393659000312e-01,0.000000000000000000e+00,0.000000000000000000e+00,0.000000000000000000e+00,1.000000000000000056e-01
9.928342544152739535e-01,-1.182422381364630071e-01,1.728919836623396197e-02,5.613233303551466946e+01,1.186542693328362097e-01,9.926171804118428810e-01,-2.514552684542192482e-02,6.130999269032588295e+00,-1.418829196054899149e-02,2.701677759694968636e-02,9.995342846043446805e-01,4.091517912599450524e-01,0.000000000000000000e+00,0.000000000000000000e+00,0.000000000000000000e+00,1.000000000000000056e-01
9.928361530920344347e-01,-1.180810313697052277e-01,1.825494848190737859e-02,5.708355342903845298e+01,1.184735990813523959e-01,9.927097058055570633e-01,-2.216858859186251682e-02,6.254793087213322167e+00,-1.550417473203206595e-02,2.417250566472098003e-02,9.995875702187215772e-01,4.056711050268595464e-01,0.000000000000000000e+00,0.000000000000000000e+00,0.000000000000000000e+00,1.000000000000000056e-01
9.929135390666324890e-01,-1.181502061776096429e-01,1.277625603857425463e-02,5.796397225852518886e+01,1.184320947125496043e-01,9.926676853008837842e-01,-2.418068446887174788e-02,6.359183673060691433e+00,-9.825623653110023004e-03,2.552244775827321177e-02,9.996259609375166555e-01,4.170584381504684468e-01,0.000000000000000000e+00,0.000000000000000000e+00,0.000000000000000000e+00,1.000000000000000056e-01
9.929396944556466709e-01,-1.183994588900472572e-01,7.234038213265120768e-03,5.887532606715332406e+01,1.185403377173386702e-01,9.926619948492148016e-01,-2.388205007608646194e-02,6.463743505974211878e+00,-4.353332997401556867e-03,2.457096083838432657e-02,9.996886097056885134e-01,4.245636827851329009e-01,0.000000000000000000e+00,0.000000000000000000e+00,0.000000000000000000e+00,1.000000000000000056e-01
9.931093650340191425e-01,-1.171272750401500806e-01,3.871759728634380053e-03,5.982771881999155283e+01,1.171865865242585902e-01,9.928224614626613986e-01,-2.389275944746855826e-02,6.589679104604678095e+00,-1.045476216702996954e-03,2.418184147022681488e-02,9.997070298455388304e-01,4.356498484954215988e-01,0.000000000000000000e+00,0.000000000000000000e+00,0.000000000000000000e+00,1.000000000000000056e-01
9.929002815430019169e-01,-1.189462602221025428e-01,9.044838326172971368e-04,6.073974333984160268e+01,1.189388677619493545e-01,9.926785548840630913e-01,-2.104358355398720098e-02,6.706269148191821294e+00,1.605193861539581631e-03,2.100175831838806823e-02,9.997781501414215732e-01,4.405128688483570532e-01,0.000000000000000000e+00,0.000000000000000000e+00,0.000000000000000000e+00,1.000000000000000056e-01
9.926572095284914576e-01,-1.209300414888485192e-01,2.754893212808333033e-03,6.166688558820033705e+01,1.209603141825920797e-01,9.924879306528632261e-01,-1.833875408107116939e-02,6.834796883364385067e+00,-5.164919720720339766e-04,1.853732920090613023e-02,9.998280355451831802e-01,4.619861459222913136e-01,0.000000000000000000e+00,0.000000000000000000e+00,0.000000000000000000e+00,1.000000000000000056e-01
9.924036875568367222e-01,-1.229598515139010279e-01,3.974397976025579975e-03,6.253589391273848008e+01,1.230096833380397298e-01,9.922637041265734981e-01,-1.677376755791500779e-02,6.959289744286841994e+00,-1.881150889114379396e-03,1.713523821518634499e-02,9.998514114020349286e-01,4.758013285966248285e-01,0.000000000000000000e+00,0.000000000000000000e+00,0.000000000000000000e+00,1.000000000000000056e-01
9.923491286710239834e-01,-1.233944943164012598e-01,4.123784458360984714e-03,6.334056529280729109e+01,1.234451820633566677e-01,9.922227205269560368e-01,-1.597998421247252832e-02,7.068931514051490339e+00,-2.119870563059593135e-03,1.636678473267624834e-02,9.998638079790217459e-01,4.895816924759015532e-01,0.000000000000000000e+00,0.000000000000000000e+00,0.000000000000000000e+00,1.000000000000000056e-01
9.921686685885793278e-01,-1.247835360830010093e-01,5.513818439894579287e-03,6.414658952086291777e+01,1.248552749570051440e-01,9.920537268653542018e-01,-1.551010406063701996e-02,7.176772568964416621e+00,-3.534598502854729984e-03,1.607706861288859396e-02,9.998645080600871982e-01,4.992219205666780235e-01,0.000000000000000000e+00,0.000000000000000000e+00,0.000000000000000000e+00,1.000000000000000056e-01
9.922750250272808215e-01,-1.238571765204621450e-01,7.048016138486403598e-03,6.493953934638696524e+01,1.239583613923896238e-01,9.921516628721598341e-01,-1.641348533742419818e-02,7.289820483270176510e+00,-4.959772980995738947e-03,1.716035210557139562e-02,9.998404487554950482e-01,5.202044446756057816e-01,0.000000000000000000e+00,0.000000000000000000e+00,0.000000000000000000e+00,1.000000000000000056e-01
9.922918656391298553e-01,-1.236617801452571247e-01,8.038502206325105759e-03,6.573756190239467401e+01,1.237868479929232907e-01,9.921532510336131816e-01,-1.757107644423197904e-02,7.399292462031769269e+00,-5.802555505284204274e-03,1.843069707683986022e-02,9.998133024494472165e-01,5.312987107171904810e-01,0.000000000000000000e+00,0.000000000000000000e+00,0.000000000000000000e+00,1.000000000000000056e-01
9.922583115013751121e-01,-1.238915448988395784e-01,8.621389622266589087e-03,6.647825646605156180e+01,1.240325444124363852e-01,9.921076737402549917e-01,-1.839270595308969275e-02,7.495098812740216943e+00,-6.274646047156916435e-03,1.931964824417476551e-02,9.997936687180531967e-01,5.415654354780408131e-01,0.000000000000000000e+00,0.000000000000000000e+00,0.000000000000000000e+00,1.000000000000000056e-01
9.920238826242941954e-01,-1.256142953749455060e-01,1.047211060276866806e-02,6.725591012757121234e+01,1.257815322381974354e-01,9.919083632542939899e-01,-1.722803105403770962e-02,7.609488498391958622e+00,-8.223287106259580259e-03,1.840781637358251260e-02,9.997967442663155957e-01,5.469269815463263518e-01,0.000000000000000000e+00,0.000000000000000000e+00,0.000000000000000000e+00,1.000000000000000056e-01
9.922538248343617528e-01,-1.235596200238005954e-01,1.285952569707913759e-02,6.799690646066058264e+01,1.237609704401158722e-01,9.921788910614509627e-01,-1.625639344350781473e-02,7.717539620163242908e+00,-1.075031614886698406e-02,1.772197595200299125e-02,9.997851580569977470e-01,5.580901028639927430e-01,0.000000000000000000e+00,0.000000000000000000e+00,0.000000000000000000e+00,1.000000000000000056e-01
9.920517334710461377e-01,-1.250245629912335177e-01,1.422029415811985366e-02,6.870835068495395603e+01,1.252196286110937862e-01,9.920335015336096962e-01,-1.376867624230369326e-02,7.815577600936615354e+00,-1.238558547635577357e-02,1.543989908699926368e-02,9.998040842027957620e-01,5.750226807251989092e-01,0.000000000000000000e+00,0.000000000000000000e+00,0.000000000000000000e+00,1.000000000000000056e-01
9.917261228932803263e-01,-1.278473564082162339e-01,1.159097193909317675e-02,6.937287541571103588e+01,1.279907241625714842e-01,9.916952304349386793e-01,-1.260731775337216309e-02,7.912953178791772402e+00,-9.882899341936913357e-03,1.398654324786797673e-02,9.998533416999578760e-01,5.831318792771001958e-01,0.000000000000000000e+00,0.000000000000000000e+00,0.000000000000000000e+00,1.000000000000000056e-01
9.920104733210918235e-01,-1.260265600175982381e-01,5.703243936051730252e-03,7.006904425257974367e+01,1.260926779232525441e-01,9.919294192810075295e-01,-1.329149122507092447e-02,8.016386276856680482e+00,-3.982134528905939032e-03,1.390443580207205952e-02,9.998953991641424954e-01,5.884157189789330777e-01,0.000000000000000000e+00,0.000000000000000000e+00,0.000000000000000000e+00,1.000000000000000056e-01
9.922618329133691129e-01,-1.241621553283519669e-01,4.627392562659417242e-04,7.082210427029981759e+01,1.241543462720989949e-01,9.921415991832142067e-01,-1.551597473322287660e-02,8.116173618994960037e+00,1.467393999180660515e-03,1.545336061808139094e-02,9.998795129416637728e-01,6.031950720718801673e-01,0.000000000000000000e+00,0.000000000000000000e+00,0.000000000000000000e+00,1.000000000000000056e-01
9.921883991207003373e-01,-1.247442671340708437e-01,1.023947012998837995e-03,7.154170399912592870e+01,1.247465125268099190e-01,9.920934345009083666e-01,-1.374499300073618938e-02,8.222570876802761219e+00,6.987579697668059664e-04,1.376535642020951938e-02,9.999050088383016899e-01,6.157615492020958037e-01,0.000000000000000000e+00,0.000000000000000000e+00,0.000000000000000000e+00,1.000000000000000056e-01
9.924239987319382061e-01,-1.227964424793137888e-01,3.954801554376131782e-03,7.221316256016829982e+01,1.228348179759104208e-01,9.923586365707660617e-01,-1.165949897016124032e-02,8.324036592817625646e+00,-2.492836483781621544e-03,1.205695392024097243e-02,9.999242049417697009e-01,6.268854527569871493e-01,0.000000000000000000e+00,0.000000000000000000e+00,0.000000000000000000e+00,1.000000000000000056e-01
9.923690776922244883e-01,-1.231464795465109230e-01,6.209526196450410561e-03,7.283597242174329267e+01,1.232146214798281736e-01,9.923057045678579380e-01,-1.214684056328206585e-02,8.409036073064049432e+00,-4.665907614420350923e-03,1.281925338652343746e-02,9.999069436946349532e-01,6.407385948199673109e-01,0.000000000000000000e+00,0.000000000000000000e+00,0.000000000000000000e+00,1.000000000000000056e-01
9.924289904387368910e-01,-1.227763805908207023e-01,3.264859226269678071e-03,7.341476716124265067e+01,1.228121549935960871e-01,9.923129274525465116e-01,-1.523904840815275448e-02,8.462356624847833686e+00,-1.368766809338817312e-03,1.552463782427898446e-02,9.998785486737109540e-01,6.513090990931835744e-01,0.000000000000000000e+00,0.000000000000000000e+00,0.000000000000000000e+00,1.000000000000000056e-01
9.924955995360301708e-01,-1.222800040020777662e-01,-2.924429309452574767e-04,7.406025387562300466e+01,1.222429074451296255e-01,9.922480096453498710e-01,-2.237317443285982352e-02,8.524326037484705409e+00,3.025967775354567076e-03,2.216952809812486672e-02,9.997496464330102306e-01,6.725318686042066618e-01,0.000000000000000000e+00,0.000000000000000000e+00,0.000000000000000000e+00,1.000000000000000056e-01
9.927912994922275525e-01,-1.197656561214477805e-01,-4.650082400705421795e-03,7.468137971743797721e+01,1.196104516409919744e-01,9.924939457279698951e-01,-2.547758920234754684e-02,8.595532864787726268e+00,7.666518817048181486e-03,2.473773043601156310e-02,9.996645783372055671e-01,6.820814228241767196e-01,0.000000000000000000e+00,0.000000000000000000e+00,0.000000000000000000e+00,1.000000000000000056e-01
9.932876551578307955e-01,-1.155390808441712075e-01,-5.509528903836116709e-03,7.527331089668039965e+01,1.153866010544864901e-01,9.930605995717184387e-01,-2.272834959586699996e-02,8.661529319292593954e+00,8.097308698012669476e-03,2.194006326206106652e-02,9.997264962057902382e-01,6.943720693499948471e-01,0.000000000000000000e+00,0.000000000000000000e+00,0.000000000000000000e+00,1.000000000000000056e-01
9.939499793014109352e-01,-1.097920914117582192e-01,-3.022467560935513785e-03,7.585081783578144154e+01,1.097150740843962080e-01,9.937791358309100431e-01,-1.912149852456969737e-02,8.743646222997426776e+00,5.103054514722808743e-03,1.867420281034228371e-02,9.998125989324289087e-01,7.012219634221812381e-01,0.000000000000000000e+00,0.000000000000000000e+00,0.000000000000000000e+00,1.000000000000000056e-01
9.947726273197948776e-01,-1.021116522843243529e-01,7.939792426896014835e-04,7.640293131157122275e+01,1.021069643748768047e-01,9.945708746053077975e-01,-2.007344546859487697e-02,8.780732490674518331e+00,1.260064054017249200e-03,2.004958489840245536e-02,9.997981928289235709e-01,7.151487413005290783e-01,0.000000000000000000e+00,0.000000000000000000e+00,0.000000000000000000e+00,1.000000000000000056e-01
9.956669108995446216e-01,-9.283482144506383094e-02,5.394299493115336727e-03,7.698139926313895387e+01,9.293579050911518480e-02,9.954017962766660288e-01,-2.319919851271979791e-02,8.833508122800820317e+00,-3.215801953504382558e-03,2.359999780614062057e-02,9.997163091204154250e-01,7.281448866094851757e-01,0.000000000000000000e+00,0.000000000000000000e+00,0.000000000000000000e+00,1.000000000000000056e-01
9.965960459995348852e-01,-8.196006051325437081e-02,8.880854618590314914e-03,7.751472205430891904e+01,8.216480377592540185e-02,9.962830851492018303e-01,-2.586424686805883361e-02,8.875422935116530354e+00,-6.728009999734846196e-03,2.650589983856228155e-02,9.996260156454470636e-01,7.446162774902481685e-01,0.000000000000000000e+00,0.000000000000000000e+00,0.000000000000000000e+00,1.000000000000000056e-01
9.975561711562392908e-01,-6.932677956810248676e-02,8.688096616604513295e-03,7.799858939809215030e+01,6.951200835211096551e-02,9.973106872615022933e-01,-2.322657462576000614e-02,8.914225269581264044e+00,-7.054507988498034086e-03,2.377373989732517456e-02,9.996924743181447859e-01,7.556895066909297132e-01,0.000000000000000000e+00,0.000000000000000000e+00,0.000000000000000000e+00,1.000000000000000056e-01
9.986180186469176823e-01,-5.193560178001861011e-02,8.046496222058791697e-03,7.849184999774429627e+01,5.208700678076452067e-02,9.984439867658699841e-01,-1.991353850262998770e-02,8.954824806133016679e+00,-6.999754161745233051e-03,2.030513626702523666e-02,9.997693258361414204e-01,7.579640258240121220e-01,0.000000000000000000e+00,0.000000000000000000e+00,0.000000000000000000e+00,1.000000000000000056e-01
9.994510667864406894e-01,-3.178887410568534411e-02,9.329125496984610327e-03,7.897766179587131319e+01,3.192569493675642689e-02,9.993791317564371113e-01,-1.490305379964156247e-02,8.968121412884805466e+00,-8.849582038196260325e-03,1.519271183307092411e-02,9.998454212551590725e-01,7.628726350691679148e-01,0.000000000000000000e+00,0.000000000000000000e+00,0.000000000000000000e+00,1.000000000000000056e-01
9.999038389629761880e-01,-9.714285552419892403e-03,9.896741044842154861e-03,7.945447555396717121e+01,9.862715693957522720e-03,9.998379314539458385e-01,-1.506113093478858231e-02,8.974365929459702684e+00,-9.748828967767422804e-03,1.515729138404113899e-02,9.998375952381749476e-01,7.695869918301370127e-01,0.000000000000000000e+00,0.000000000000000000e+00,0.000000000000000000e+00,1.000000000000000056e-01
9.997902702806280573e-01,1.703090199724833012e-02,1.137382210819421272e-02,7.994314439910603198e+01,-1.683198821655401342e-02,9.997075925041996047e-01,-1.736126902432789595e-02,8.979227240881424876e+00,-1.166617438865506784e-02,1.716618381054517764e-02,9.997845880531045504e-01,7.797621836233484816e-01,0.000000000000000000e+00,0.000000000000000000e+00,0.000000000000000000e+00,1.000000000000000056e-01
9.988397152994571426e-01,4.621910043167089949e-02,1.352841068959877331e-02,8.042247856144703633e+01,-4.596966288011630070e-02,9.987769845171696748e-01,-1.820234307659044856e-02,8.959563685093963059e+00,-1.435316115661597162e-02,1.755932669770003327e-02,9.997427953282462809e-01,7.799646880482300482e-01,0.000000000000000000e+00,0.000000000000000000e+00,0.000000000000000000e+00,1.000000000000000056e-01
9.967477231313601749e-01,7.908007264235580869e-02,1.550221091745259891e-02,8.089664020694337410e+01,-7.877427645998907879e-02,9.967030344060180402e-01,-1.943385124058471386e-02,8.909166587684518746e+00,-1.698793102925328161e-02,1.814947152717390211e-02,9.996909556871211855e-01,7.783092453427072899e-01,0.000000000000000000e+00,0.000000000000000000e+00,0.000000000000000000e+00,1.000000000000000056e-01
