1.000000000000000000e+00,0.000000000000000000e+00,0.000000000000000000e+00,0.000000000000000000e+00,0.000000000000000000e+00,1.000000000000000000e+00,0.000000000000000000e+00,0.000000000000000000e+00,0.000000000000000000e+00,0.000000000000000000e+00,1.000000000000000000e+00,0.000000000000000000e+00,0.000000000000000000e+00,0.000000000000000000e+00,0.000000000000000000e+00,1.000000000000000000e+00
9.999684022099357694e-01,-7.948173167203130898e-03,1.453444582137596291e-04,6.535314223976070869e-01,7.948590833285277754e-03,9.999634690982560636e-01,-3.143306021619756557e-03,1.617410683161990548e-02,-1.203556080722910555e-04,3.144361983724124326e-03,9.999950492388660628e-01,9.869761507039997994e-03,0.000000000000000000e+00,0.000000000000000000e+00,0.000000000000000000e+00,1.000000000000000000e+00
9.998861914776800974e-01,-1.496435788557160841e-02,-1.916268596032495329e-03,1.334021022387510857e+00,1.495806596858531567e-02,9.998828182009188437e-01,-3.256705247232460129e-03,1.154042562078314363e-02,1.964778547078296651e-03,3.227670934347593844e-03,9.999928608673163133e-01,1.536356865534236824e-02,0.000000000000000000e+00,0.000000000000000000e+00,0.000000000000000000e+00,1.000000000000000000e+00
9.998111628404656726e-01,-1.905181408921801517e-02,-3.829757107791607711e-03,2.072870603414298518e+00,1.904274584328431025e-02,9.998158126537514123e-01,-2.390522592555930064e-03,1.929770710096481018e-02,3.874595507002601136e-03,2.317142081814499086e-03,9.999898091291875568e-01,1.365922348235185969e-02,0.000000000000000000e+00,0.000000000000000000e+00,0.000000000000000000e+00,1.000000000000000000e+00
9.996415440451655865e-01,-2.644944742144479666e-02,-4.148511793040817602e-03,2.811508113498573991e+00,2.644574094667482764e-02,9.996498028224107824e-01,-9.457816326095085362e-04,4.873500627888374681e-02,4.172074397483576877e-03,8.357321433582306147e-04,9.999909476325298252e-01,2.714462932139533047e-02,0.000000000000000000e+00,0.000000000000000000e+00,0.000000000000000000e+00,1.000000000000000000e+00
9.995359184336217728e-01,-3.021992418593332994e-02,-3.834572108074702466e-03,3.513444647651347008e+00,3.020897913282851593e-02,9.995394531164717433e-01,-2.880840741497380821e-03,7.328587172770974212e-02,3.919864896640465335e-03,2.763665287617274834e-03,9.999884983405401551e-01,3.459415786064080900e-02,0.000000000000000000e+00,0.000000000000000000e+00,0.000000000000000000e+00,1.000000000000000000e+00
9.994205985736006603e-01,-3.343065488153954684e-02,-6.392062341398397837e-03,4.236358862607966458e+00,3.341541467448765068e-02,9.994384811397796220e-01,-2.476384288363943711e-03,1.083448629483786535e-01,6.471260226336359757e-03,2.261356054011816243e-03,9.999765042539142668e-01,5.262422191613273792e-02,0.000000000000000000e+00,0.000000000000000000e+00,0.000000000000000000e+00,1.000000000000000000e+00
9.990886736846730232e-01,-4.192624696288043545e-02,-8.000745628244177246e-03,5.011726480841483422e+00,4.191565255735264783e-02,9.991200457419244785e-01,-1.487369270337987126e-03,1.310037310061323568e-01,8.056065149414017024e-03,1.150657317627945238e-03,9.999668873527983726e-01,6.413328562167358582e-02,0.000000000000000000e+00,0.000000000000000000e+00,0.000000000000000000e+00,1.000000000000000000e+00
9.988212311160702406e-01,-4.786819577799856368e-02,-8.048857356012411798e-03,5.782283158379303067e+00,4.785634751490916439e-02,9.988528519427225527e-01,-1.658363175784891572e-03,1.938634090241969365e-01,8.119006978102655953e-03,1.271219434147743878e-03,9.999662322932901803e-01,6.965658406843222572e-02,0.000000000000000000e+00,0.000000000000000000e+00,0.000000000000000000e+00,1.000000000000000000e+00
9.986773364379182283e-01,-5.117138931169456367e-02,-5.006655687886442732e-03,6.574104103345026928e+00,5.116662333277995078e-02,9.986895513253993828e-01,-1.075513921137188607e-03,2.485020128701121989e-01,5.055130264144733557e-03,8.179177123241312486e-04,9.999868882483547994e-01,9.181958517998897729e-02,0.000000000000000000e+00,0.000000000000000000e+00,0.000000000000000000e+00,1.000000000000000000e+00
9.985050610623484868e-01,-5.442607637447442054e-02,-5.044327839992507334e-03,7.369058475300557909e+00,5.441444134516780495e-02,9.985155141675609025e-01,-2.415893165059129245e-03,2.934864161029205332e-01,5.168327192693949676e-03,2.137797270922348232e-03,9.999843589861074911e-01,1.030212532863238051e-01,0.000000000000000000e+00,0.000000000000000000e+00,0.000000000000000000e+00,1.000000000000000000e+00
9.983829508199592029e-01,-5.665542108651815123e-02,-4.652609326168617547e-03,8.182140293158504107e+00,5.664879797481912893e-02,9.983929747120995346e-01,-1.543286600819217345e-03,3.524866810849708876e-01,4.732568017553350631e-03,1.277226304712855221e-03,9.999879856742901474e-01,1.185008132005848230e-01,0.000000000000000000e+00,0.000000000000000000e+00,0.000000000000000000e+00,1.000000000000000000e+00
9.980076628704266373e-01,-6.283565129159979223e-02,-5.690850434710596414e-03,9.024241531643523828e+00,6.282730282670023758e-02,9.980230755015785382e-01,-1.634253925012725929e-03,4.003777153744434436e-01,5.782289462823404953e-03,1.273457156635709369e-03,9.999824715640953654e-01,1.342121405495074471e-01,0.000000000000000000e+00,0.000000000000000000e+00,0.000000000000000000e+00,1.000000000000000000e+00
9.980703215071772272e-01,-6.169092293587018216e-02,-7.061398861550205290e-03,9.773778467167533179e+00,6.166638893709878999e-02,9.980901756079426645e-01,-3.641130368940878083e-03,4.625506619107394579e-01,7.272537522752169602e-03,3.198653189341977947e-03,9.999684389098253412e-01,1.579447482236360500e-01,0.000000000000000000e+00,0.000000000000000000e+00,0.000000000000000000e+00,1.000000000000000000e+00
9.980797002409083074e-01,-6.175953115605904015e-02,-4.761541599480559155e-03,1.053107730532030040e+01,6.175903074766478373e-02,9.980910572274710457e-01,-2.521976550254953898e-04,5.231460908062306459e-01,4.768027697991178079e-03,-4.235483411934931001e-05,9.999886319943531721e-01,1.677748170173007092e-01,0.000000000000000000e+00,0.000000000000000000e+00,0.000000000000000000e+00,1.000000000000000000e+00
9.978363589642897935e-01,-6.555263120087855000e-02,-5.045123539802710659e-03,1.132051737772958511e+01,6.552618998149471741e-02,9.978370956415739679e-01,-5.239178189081534001e-03,6.157965262108574533e-01,5.377653335734231682e-03,4.897254764608955334e-03,9.999735485203445906e-01,1.723437070846450536e-01,0.000000000000000000e+00,0.000000000000000000e+00,0.000000000000000000e+00,1.000000000000000000e+00
9.976556432922758511e-01,-6.820708287515478419e-02,-5.568774796934219430e-03,1.215798643551218738e+01,6.818329023341618278e-02,9.976633007844448731e-01,-4.356282914477673657e-03,6.900892976108403687e-01,5.852891595010032387e-03,3.966372845182412898e-03,9.999750054608509409e-01,1.902521324082756260e-01,0.000000000000000000e+00,0.000000000000000000e+00,0.000000000000000000e+00,1.000000000000000000e+00
9.974804060559671059e-01,-7.033769257606128922e-02,-9.243837812302473089e-03,1.303368887902221473e+01,7.033106045884635060e-02,9.975231617731666889e-01,-1.040990296492877009e-03,7.693502350997045713e-01,9.294163176895704065e-03,3.882385075971656941e-04,9.999567329648324510e-01,2.172656945160766073e-01,0.000000000000000000e+00,0.000000000000000000e+00,0.000000000000000000e+00,1.000000000000000000e+00
9.976230836870535468e-01,-6.793483188746651802e-02,-1.153436219123524058e-02,1.393465751155102517e+01,6.799111594151502347e-02,9.976755087734776595e-01,4.559314269590977221e-03,8.488010785025900118e-01,1.119781441909140085e-02,-5.332711318183493837e-03,9.999230826129735794e-01,2.350632279041866279e-01,0.000000000000000000e+00,0.000000000000000000e+00,0.000000000000000000e+00,1.000000000000000000e+00
9.961910338773546369e-01,-8.632404312929736756e-02,-1.231192918192821131e-02,1.482776497213214206e+01,8.633623237986524923e-02,9.962659496631680600e-01,4.609991265905969142e-04,1.028379831969382652e+00,1.222616051013301029e-02,-1.522208775430280471e-03,9.999240990593354361e-01,2.390913589460405553e-01,0.000000000000000000e+00,0.000000000000000000e+00,0.000000000000000000e+00,1.000000000000000000e+00
9.959060893925900659e-01,-8.988505099600041515e-02,-9.578033107424862094e-03,1.576700952060464367e+01,8.988821626901570550e-02,9.959518555137306661e-01,-1.003729525311386077e-04,1.136023132662290269e+00,9.548281873468627765e-03,-7.609902767559832736e-04,9.999541245512529875e-01,2.603560744377520497e-01,0.000000000000000000e+00,0.000000000000000000e+00,0.000000000000000000e+00,1.000000000000000000e+00
9.957124492211291145e-01,-9.209828345648898851e-02,-8.638556038576527749e-03,1.667376287628901110e+01,9.209763770689546880e-02,9.957498687158251593e-01,-4.733721840466598098e-04,1.227714466203259747e+00,8.645437806893634114e-03,-3.242480275813538842e-04,9.999625749338536540e-01,2.765367192968710142e-01,0.000000000000000000e+00,0.000000000000000000e+00,0.000000000000000000e+00,1.000000000000000000e+00
9.954414454047721961e-01,-9.498690007227079957e-02,-8.591716075510289971e-03,1.752746645582962515e+01,9.498175034023723096e-02,9.954785052024769376e-01,-1.006370779089352414e-03,1.341986108252773313e+00,8.648460716602104220e-03,1.857269516714311842e-04,9.999625841163918283e-01,3.033981000686344354e-01,0.000000000000000000e+00,0.000000000000000000e+00,0.000000000000000000e+00,1.000000000000000000e+00
9.954594404999511648e-01,-9.469346363032635217e-02,-9.677306713104003033e-03,1.841810149243635308e+01,9.467963623352938785e-02,9.955060215766892151e-01,-1.878160599259489716e-03,1.421026269234958006e+00,9.811666637937454735e-03,9.533888199908443226e-04,9.999514099432748049e-01,3.034986683622156178e-01,0.000000000000000000e+00,0.000000000000000000e+00,0.000000000000000000e+00,1.000000000000000000e+00
9.953314303246205696e-01,-9.614729115762180034e-02,-8.428654163032539559e-03,1.932761620436903627e+01,9.612288975051438977e-02,9.953641526067614764e-01,-3.254807433827396936e-03,1.508189079962365842e+00,8.702521126604545812e-03,2.429425543684140924e-03,9.999591811756960436e-01,3.300042208778241615e-01,0.000000000000000000e+00,0.000000000000000000e+00,0.000000000000000000e+00,1.000000000000000000e+00
9.940424144762780578e-01,-1.088104904271686574e-01,-6.321028015580089539e-03,2.023885075534387923e+01,1.087904451282181717e-01,9.940587744794857628e-01,-3.433937847944215031e-03,1.636814269247920395e+00,6.657121823949284020e-03,2.725812418049043066e-03,9.999741260031095313e-01,3.380967846910421515e-01,0.000000000000000000e+00,0.000000000000000000e+00,0.000000000000000000e+00,1.000000000000000000e+00
9.941776808445683677e-01,-1.076650296705261856e-01,-4.356638218103762832e-03,2.114488293121322826e+01,1.076498016357932963e-01,9.941823888665040077e-01,-3.591361226975183819e-03,1.737080041400635766e+00,4.717957004161384832e-03,3.101459935731507890e-03,9.999840607869578957e-01,3.480173469060453550e-01,0.000000000000000000e+00,0.000000000000000000e+00,0.000000000000000000e+00,1.000000000000000000e+00
9.941907878628377659e-01,-1.076320484794740379e-01,-1.395305911646820809e-04,2.208842624330927507e+01,1.076311685201705587e-01,9.941864938013085240e-01,-2.957550682538493802e-03,1.862616360164540019e+00,4.570466676515357973e-04,2.925351802645810139e-03,9.999956167029805387e-01,3.575476206930943146e-01,0.000000000000000000e+00,0.000000000000000000e+00,0.000000000000000000e+00,1.000000000000000000e+00
9.942063696717564625e-01,-1.074833738345480766e-01,1.009382609394171917e-03,2.304219124649493011e+01,1.074855444548507288e-01,9.942036954382702518e-01,-2.422748465462447841e-03,1.978074803403165660e+00,-7.431267413504215758e-04,2.517205995809194009e-03,9.999965557123788873e-01,3.712672722113564694e-01,0.000000000000000000e+00,0.000000000000000000e+00,0.000000000000000000e+00,1.000000000000000000e+00
9.944694012763610758e-01,-1.050103196557961305e-01,1.855448955346567690e-03,2.397322109403038581e+01,1.050169235127025036e-01,9.944627177940057461e-01,-3.917740890003068924e-03,2.075841774306747656e+00,-1.433771587674181371e-03,4.090926978262603673e-03,9.999906042636061976e-01,3.825028987684559456e-01,0.000000000000000000e+00,0.000000000000000000e+00,0.000000000000000000e+00,1.000000000000000000e+00
9.946152075001968296e-01,-1.036363598626167393e-01,-3.064698503958407914e-04,2.491642445737031863e+01,1.036339927835062680e-01,9.946056085394963109e-01,-4.436102063832573703e-03,2.186505228366857789e+00,7.645581019266246186e-04,4.380453880446595269e-03,9.999901134884831011e-01,3.924888102351666852e-01,0.000000000000000000e+00,0.000000000000000000e+00,0.000000000000000000e+00,1.000000000000000000e+00
9.950524592427680837e-01,-9.930143733921616145e-02,-3.134947732706393729e-03,2.586090919172297120e+01,9.928580015123569802e-02,9.950473703531060865e-01,-4.802149694929367871e-03,2.289134253913105432e+00,3.596281864648504488e-03,4.467135069517265758e-03,9.999835555953007216e-01,3.991787735794081748e-01,0.000000000000000000e+00,0.000000000000000000e+00,0.000000000000000000e+00,1.000000000000000000e+00
9.950606476111135690e-01,-9.888154750663673276e-02,-8.760544414895429094e-03,2.681990944730934956e+01,9.885427339955828174e-02,9.950957848500758818e-01,-3.494510588259123855e-03,2.392550817625338055e+00,9.063123434999724795e-03,2.611232716317931409e-03,9.999555196393999923e-01,4.218928602701425556e-01,0.000000000000000000e+00,0.000000000000000000e+00,0.000000000000000000e+00,1.000000000000000000e+00
9.949472385792444973e-01,-1.002335519954827836e-01,-5.764329788093076369e-03,2.776842479930728658e+01,1.001902639047193705e-01,9.949410447335433894e-01,-7.364001848324410078e-03,2.465007244358659033e+00,6.473288363712882514e-03,6.749263581179902084e-03,9.999562710333242954e-01,4.494687841330974321e-01,0.000000000000000000e+00,0.000000000000000000e+00,0.000000000000000000e+00,1.000000000000000000e+00
9.949727866321929071e-01,-1.001456278674182077e-01,-8.414517304127591701e-05,2.876165627404592939e+01,1.001432222601687100e-01,9.949540503078069253e-01,-6.145958951672958297e-03,2.564793617891177657e+00,6.992114987939393499e-04,6.106635335907085148e-03,9.999811098756583583e-01,4.791724221661926575e-01,0.000000000000000000e+00,0.000000000000000000e+00,0.000000000000000000e+00,1.000000000000000000e+00
9.952274340196629598e-01,-9.757106548180356775e-02,1.497249272635680500e-03,2.969910745497635673e+01,9.758121546701446769e-02,9.951769658546826269e-01,-1.003558768795822197e-02,2.640127801928490392e+00,-5.108450048195504719e-04,1.013379558744685952e-02,9.999485212871569439e-01,4.858936866861980897e-01,0.000000000000000000e+00,0.000000000000000000e+00,0.000000000000000000e+00,1.000000000000000000e+00
9.950308494494422007e-01,-9.956686556311826475e-02,-2.189197546708118811e-04,3.062115474994206110e+01,9.954794757536893079e-02,9.948801121700681094e-01,-1.742895699684962954e-02,2.720739615910512388e+00,1.953145528293845617e-03,1.732055687333190416e-02,9.998480802262621481e-01,5.062400911286953908e-01,0.000000000000000000e+00,0.000000000000000000e+00,0.000000000000000000e+00,1.000000000000000000e+00
9.949783800746088147e-01,-1.000506747706291638e-01,-2.808142099346640306e-03,3.157651312912767594e+01,9.998424789297262472e-02,9.948249353207322399e-01,-1.806926222542402580e-02,2.816214616877942944e+00,4.601451660615071652e-03,1.769775528241594731e-02,9.998327940713775952e-01,5.120258977582654580e-01,0.000000000000000000e+00,0.000000000000000000e+00,0.000000000000000000e+00,1.000000000000000000e+00
9.949723775336689613e-01,-9.997583071656240827e-02,-5.899255676112733458e-03,3.254583880648785055e+01,9.985847650371608430e-02,9.948452861584110574e-01,-1.763919722496211373e-02,2.914082509774568397e+00,7.632340096962881779e-03,1.696142331638330128e-02,9.998270137897484755e-01,5.161779750505542941e-01,0.000000000000000000e+00,0.000000000000000000e+00,0.000000000000000000e+00,1.000000000000000000e+00
9.951431640669964329e-01,-9.814974264786160973e-02,-7.530672538797335280e-03,3.350205213550966477e+01,9.799762094798163126e-02,9.950157633883598418e-01,-1.844171622194578503e-02,3.015823727797227960e+00,9.303187586188074731e-03,1.761415983899233817e-02,9.998015763509786602e-01,5.284094962906290549e-01,0.000000000000000000e+00,0.000000000000000000e+00,0.000000000000000000e+00,1.000000000000000000e+00
9.948263698955094325e-01,-1.014327886715821053e-01,-5.646515990388747096e-03,3.445246545449323605e+01,1.013076599020976687e-01,9.946693651026412564e-01,-1.922530029585469216e-02,3.107121561901850626e+00,7.566492297259025737e-03,1.855380038189020225e-02,9.997992321889948020e-01,5.554616935452496573e-01,0.000000000000000000e+00,0.000000000000000000e+00,0.000000000000000000e+00,1.000000000000000000e+00
9.946602750961153205e-01,-1.029861026450143713e-01,-6.693265848044337336e-03,3.543296555558740835e+01,1.028370063684572733e-01,9.945025361400087194e-01,-1.972956492834984296e-02,3.233136163974441590e+00,8.688340859791919210e-03,1.893589905651809485e-02,9.997829486743734506e-01,5.672636065814011808e-01,0.000000000000000000e+00,0.000000000000000000e+00,0.000000000000000000e+00,1.000000000000000000e+00
9.945473779111215773e-01,-1.041240321170120581e-01,-5.805086201852122790e-03,3.640535736594218008e+01,1.039826023774631791e-01,9.943601028337550884e-01,-2.087113545673001738e-02,3.328811220661789250e+00,7.945532891247560070e-03,2.015370507222469937e-02,9.997653208023049576e-01,5.966960809557269041e-01,0.000000000000000000e+00,0.000000000000000000e+00,0.000000000000000000e+00,1.000000000000000000e+00
9.945188120534620424e-01,-1.044329758719654416e-01,-5.107447728387583957e-03,3.740125226202346198e+01,1.043066227699581405e-01,9.943291959776709987e-01,-2.072627493599465964e-02,3.437097387422241024e+00,7.242990963572063651e-03,2.007992970411659125e-02,9.997721417928083776e-01,6.137984009533717922e-01,0.000000000000000000e+00,0.000000000000000000e+00,0.000000000000000000e+00,1.000000000000000000e+00
9.946308729357974387e-01,-1.034716159565786664e-01,-1.746795440324124590e-03,3.837315553130446233e+01,1.034180630461056793e-01,9.944459903815150437e-01,-1.954165934402544297e-02,3.539891534886322244e+00,3.759100792446335142e-03,1.925608749098584732e-02,9.998075176031492317e-01,6.419884601089563825e-01,0.000000000000000000e+00,0.000000000000000000e+00,0.000000000000000000e+00,1.000000000000000000e+00
9.945759999559361519e-01,-1.040058123929706174e-01,-1.171025247797126368e-03,3.936872366897681275e+01,1.039750509745299284e-01,9.944575124146073364e-01,-1.560271697475104288e-02,3.663258724911697684e+00,2.787308109395620227e-03,1.539633042736018691e-02,9.998775844686559333e-01,6.492059733122750309e-01,0.000000000000000000e+00,0.000000000000000000e+00,0.000000000000000000e+00,1.000000000000000000e+00
9.942500686909422347e-01,-1.069155461839433052e-01,-5.988897415065586906e-03,4.036578421349968693e+01,1.067796302726519292e-01,9.940880803630690599e-01,-1.967229114521718697e-02,3.789042613526678149e+00,8.056765287314349849e-03,1.891968457071863813e-02,9.997885446777476925e-01,6.820896869673949148e-01,0.000000000000000000e+00,0.000000000000000000e+00,0.000000000000000000e+00,1.000000000000000000e+00
9.942861746000114520e-01,-1.065672906068206582e-01,-6.198029686845876046e-03,4.138193212938273291e+01,1.064566141506749636e-01,9.941876344346219918e-01,-1.606041222577029789e-02,3.896071376486160087e+00,7.873519089449875288e-03,1.530882457959332685e-02,9.998518128138480510e-01,7.194886328994032354e-01,0.000000000000000000e+00,0.000000000000000000e+00,0.000000000000000000e+00,1.000000000000000000e+00
9.940500971533040575e-01,-1.085226534846466806e-01,-9.340130093280977000e-03,4.239653992412681305e+01,1.083525600029521668e-01,9.939651737058932124e-01,-1.711596332718923544e-02,4.007245837246093068e+00,1.114123378781614951e-02,1.600209800189720741e-02,9.998098848127188187e-01,7.449965829634483949e-01,0.000000000000000000e+00,0.000000000000000000e+00,0.000000000000000000e+00,1.000000000000000000e+00
9.946785402921133334e-01,-1.024145896337339406e-01,-1.121843627719002617e-02,4.339744434905304615e+01,1.022128182171010563e-01,9.946123572026628334e-01,-1.728579451102790418e-02,4.062257052090729736e+00,1.292831290112381355e-02,1.604714086413781479e-02,9.997876514518551083e-01,7.751239526353221887e-01,0.000000000000000000e+00,0.000000000000000000e+00,0.000000000000000000e+00,1.000000000000000000e+00
9.945562543136006184e-01,-1.038677364580053858e-01,-8.327684479628784733e-03,4.438953300901156496e+01,1.036886425490416153e-01,9.944159099142270142e-01,-1.963831753979809747e-02,4.177318032252427038e+00,1.032096952999102257e-02,1.866792523413292326e-02,9.997724671921169870e-01,8.157016392063398680e-01,0.000000000000000000e+00,0.000000000000000000e+00,0.000000000000000000e+00,1.000000000000000000e+00
9.946582531014033224e-01,-1.029783781077129312e-01,-7.100223909913026127e-03,4.536621873855299469e+01,1.028289584357081204e-01,9.945191928770215073e-01,-1.891508145003518992e-02,4.267848216356774138e+00,9.009153361632753904e-03,1.808393324304580219e-02,9.997958824250909871e-01,8.372396425463018987e-01,0.000000000000000000e+00,0.000000000000000000e+00,0.000000000000000000e+00,1.000000000000000000e+00
9.942904592270153108e-01,-1.061867379425482510e-01,-1.052897788259881187e-02,4.628247990661840561e+01,1.059996663391687272e-01,9.942213649493742977e-01,-1.696903692568640584e-02,4.377973469708077658e+00,1.227002143912445456e-02,1.575608337503256115e-02,9.998005763203785534e-01,8.721245983529963830e-01,0.000000000000000000e+00,0.000000000000000000e+00,0.000000000000000000e+00,1.000000000000000000e+00
9.944555843185847177e-01,-1.039574223637404066e-01,-1.584124846943353593e-02,4.724051479367852835e+01,1.036851414282253386e-01,9.944625046006557723e-01,-1.713821432929938868e-02,4.468428223793456056e+00,1.753517221450548794e-02,1.540069085706733884e-02,9.997276311358663792e-01,8.799115371531065488e-01,0.000000000000000000e+00,0.000000000000000000e+00,0.000000000000000000e+00,1.000000000000000000e+00
9.945454573187653136e-01,-1.031314033901884059e-01,-1.559637654648125468e-02,4.819104017679750740e+01,1.028082418065347364e-01,9.944946191389228973e-01,-2.027111048696606660e-02,4.572747212211074164e+00,1.760110062633851030e-02,1.855710479832216667e-02,9.996728640501570951e-01,9.132439931471489913e-01,0.000000000000000000e+00,0.000000000000000000e+00,0.000000000000000000e+00,1.000000000000000000e+00
9.949264720964867692e-01,-9.971205620805580205e-02,-1.337239576149752696e-02,4.916256293716983095e+01,9.943050205625045268e-02,9.948376996675528661e-01,-2.028611793839311950e-02,4.700933574234118950e+00,1.532613397052867872e-02,1.885357172871775927e-02,9.997047826486504807e-01,9.467491383814541361e-01,0.000000000000000000e+00,0.000000000000000000e+00,0.000000000000000000e+00,1.000000000000000000e+00
9.955124810964968152e-01,-9.386445146979276177e-02,-1.201518752969894799e-02,5.016057090155003806e+01,9.361052920781810782e-02,9.954041143439422701e-01,-2.019202735193127707e-02,4.809515304727780993e+00,1.385528067312848458e-02,1.897666718430273888e-02,9.997239205400874074e-01,9.903692003463780980e-01,0.000000000000000000e+00,0.000000000000000000e+00,0.000000000000000000e+00,1.000000000000000000e+00
9.955818634628976760e-01,-9.318320371230806587e-02,-1.156043639557566283e-02,5.109366306364937316e+01,9.286791289130864879e-02,9.953561101650660881e-01,-2.533307546030494350e-02,4.915283677484459268e+00,1.386736813378775836e-02,2.414755687384635349e-02,9.996122206126055731e-01,1.017356510228941469e+00,0.000000000000000000e+00,0.000000000000000000e+00,0.000000000000000000e+00,1.000000000000000000e+00
9.959613234310923380e-01,-8.901211239453978019e-02,-1.174249021503333615e-02,5.202928972086949955e+01,8.869665289108773221e-02,9.957424541845575350e-01,-2.509718510966423358e-02,5.007013278911927046e+00,1.392644948672349010e-02,2.395430611753608663e-02,9.996160489023367957e-01,1.042043308668393120e+00,0.000000000000000000e+00,0.000000000000000000e+00,0.000000000000000000e+00,1.000000000000000000e+00
9.961542716217214322e-01,-8.704797176761455701e-02,-9.965828663110069818e-03,5.301072000353997993e+01,8.675689187773648336e-02,9.958732406127192016e-01,-2.664076468932872685e-02,5.097737650631848361e+00,1.224372661866693184e-02,2.567370722474605210e-02,9.995953941049464664e-01,1.082058783999586105e+00,0.000000000000000000e+00,0.000000000000000000e+00,0.000000000000000000e+00,1.000000000000000000e+00
9.955333569217857947e-01,-9.396993380439254417e-02,-9.109708932751543753e-03,5.397610138099839361e+01,9.367473095335060451e-02,9.951888944229044798e-01,-2.870730217437118814e-02,5.193938332746214748e+00,1.176350444632786284e-02,2.772572736848060576e-02,9.995463491029457082e-01,1.103252094135766193e+00,0.000000000000000000e+00,0.000000000000000000e+00,0.000000000000000000e+00,1.000000000000000000e+00
9.956672212736376038e-01,-9.288081209465690047e-02,-4.465336031265145292e-03,5.489341669950410108e+01,9.271001879013174296e-02,9.952554907784555427e-01,-2.951881588521258412e-02,5.278842286468483636e+00,7.185881794778764368e-03,2.897693600035448555e-02,9.995542507952536182e-01,1.129986693304014578e+00,0.000000000000000000e+00,0.000000000000000000e+00,0.000000000000000000e+00,1.000000000000000000e+00
9.956690801814528369e-01,-9.296729573959372495e-02,4.058244563210824246e-04,5.581255336420444024e+01,9.293879019154295540e-02,9.952350667937840401e-01,-2.948801623882846279e-02,5.387863045142529117e+00,2.337530396555896617e-03,2.939802283889029338e-02,9.995650515123101210e-01,1.162657567645070777e+00,0.000000000000000000e+00,0.000000000000000000e+00,0.000000000000000000e+00,1.000000000000000000e+00
9.956884611017675635e-01,-9.265252027796123946e-02,4.472014639808116060e-03,5.672330900015591482e+01,9.272861047994981898e-02,9.954517373704748762e-01,-2.184590040620194504e-02,5.487348687112933554e+00,-2.427597012367182019e-03,2.216639466042869683e-02,9.997513479463289165e-01,1.193976994292375027e+00,0.000000000000000000e+00,0.000000000000000000e+00,0.000000000000000000e+00,1.000000000000000000e+00
9.954721567126876280e-01,-9.502343172337611443e-02,2.394291817145609638e-03,5.758222929574874627e+01,9.505253938746557885e-02,9.952637910832857759e-01,-2.037157123339816689e-02,5.584036948070560058e+00,-4.471753426972709111e-04,2.050691546859088887e-02,9.997896110943415016e-01,1.228460763591689320e+00,0.000000000000000000e+00,0.000000000000000000e+00,0.000000000000000000e+00,1.000000000000000000e+00
9.954807484575771692e-01,-9.492087489237616138e-02,-2.847272380811519555e-03,5.849109568454296237e+01,9.484962568069137123e-02,9.953076175138717563e-01,-1.913883557301554461e-02,5.700191028886945510e+00,4.650586906770583055e-03,1.878227964130062960e-02,9.998127814810608971e-01,1.241292586436049783e+00,0.000000000000000000e+00,0.000000000000000000e+00,0.000000000000000000e+00,1.000000000000000000e+00
9.954305365227363867e-01,-9.507139110535382798e-02,-8.915018303565079572e-03,5.946205380612131108e+01,9.490190073364931922e-02,9.953270895522420281e-01,-1.782172945035868233e-02,5.792740774600416032e+00,1.056769583214129012e-02,1.689424152644949939e-02,9.998014344898904504e-01,1.259681942257429910e+00,0.000000000000000000e+00,0.000000000000000000e+00,0.000000000000000000e+00,1.000000000000000000e+00
9.958130128909784551e-01,-9.105888862174740805e-02,-8.045008388217539039e-03,6.037453452807427112e+01,9.093535197864634212e-02,9.957500758867972035e-01,-1.457903055603934628e-02,5.916224920688781808e+00,9.338368032693021570e-03,1.378641267358496868e-02,9.998613552428540219e-01,1.281831743372447985e+00,0.000000000000000000e+00,0.000000000000000000e+00,0.000000000000000000e+00,1.000000000000000000e+00
9.956773824197595602e-01,-9.276432201629160323e-02,-4.618516926100406893e-03,6.131353472479987232e+01,9.269638702243891693e-02,9.956066014963702582e-01,-1.322402698998498966e-02,6.028608738870927297e+00,5.824943838799438722e-03,1.273874474598452912e-02,9.999018923932331271e-01,1.305604882050359627e+00,0.000000000000000000e+00,0.000000000000000000e+00,0.000000000000000000e+00,1.000000000000000000e+00
9.954630334998837426e-01,-9.507177444613332251e-02,-3.834923581519152774e-03,6.220390880517994248e+01,9.500627195771892131e-02,9.953686686245735160e-01,-1.466362196863044490e-02,6.136210280687991236e+00,5.211259339978747615e-03,1.423275181426495416e-02,9.998851291782884232e-01,1.333455253637906512e+00,0.000000000000000000e+00,0.000000000000000000e+00,0.000000000000000000e+00,1.000000000000000000e+00
9.952458702585624817e-01,-9.736246473590784434e-02,-2.491624736769918087e-03,6.303120840739902775e+01,9.732104143281020137e-02,9.951637000413510181e-01,-1.333510459052067963e-02,6.224606851770795757e+00,3.777913142602771102e-03,1.302922025893889571e-02,9.999079791619467361e-01,1.351777743145570865e+00,0.000000000000000000e+00,0.000000000000000000e+00,0.000000000000000000e+00,1.000000000000000000e+00
9.949665272230043822e-01,-1.001818383834642001e-01,-2.282315470581771939e-03,6.385716385486663427e+01,1.001432523964660287e-01,9.948849347629145079e-01,-1.323992376291411276e-02,6.298784758310216780e+00,3.597041180683832520e-03,1.294472247286458308e-02,9.999097436543170625e-01,1.364447963016963028e+00,0.000000000000000000e+00,0.000000000000000000e+00,0.000000000000000000e+00,1.000000000000000000e+00
9.947960995007482099e-01,-1.018678145726620160e-01,-1.915403949930551304e-03,6.466431616235978197e+01,1.018395934428557442e-01,9.947352632113597437e-01,-1.142161683920856624e-02,6.379181116074082780e+00,3.068814998586786181e-03,1.116711592209636630e-02,9.999329366994990087e-01,1.380323681174481898e+00,0.000000000000000000e+00,0.000000000000000000e+00,0.000000000000000000e+00,1.000000000000000000e+00
9.946521892046920055e-01,-1.032064069161367503e-01,-3.931931049665179576e-03,6.546301964546104557e+01,1.031471630980348581e-01,9.945799579492538012e-01,-1.309083612640710853e-02,6.464831458429025624e+00,5.261677978169843062e-03,1.261526127838005773e-02,9.999065806002725987e-01,1.404974264001083606e+00,0.000000000000000000e+00,0.000000000000000000e+00,0.000000000000000000e+00,1.000000000000000000e+00
9.943337545485391171e-01,-1.062645537003756580e-01,-2.868656875632862469e-03,6.621994233675829378e+01,1.062221717006777005e-01,9.942672461191782718e-01,-1.222675483427151585e-02,6.542055190917478669e+00,4.151482217464152330e-03,1.185276007711128822e-02,9.999211355271723223e-01,1.426962842158761680e+00,0.000000000000000000e+00,0.000000000000000000e+00,0.000000000000000000e+00,1.000000000000000000e+00
9.940005601171069127e-01,-1.093748411827887429e-01,1.749374833413204814e-04,6.701029824792489364e+01,1.093686403834435439e-01,9.939244424749098528e-01,-1.235731166626622378e-02,6.630872109422463190e+00,1.177704360346169691e-03,1.230230739251481596e-02,9.999236302064558046e-01,1.450861922972357609e+00,0.000000000000000000e+00,0.000000000000000000e+00,0.000000000000000000e+00,1.000000000000000000e+00
9.919767292962829996e-01,-1.264122935847837303e-01,1.449332704584831676e-03,6.782267005086701772e+01,1.264199735969360472e-01,9.919427489639073281e-01,-8.220283065499567679e-03,6.754492254437105991e+00,-3.985102309231565508e-04,8.337554111450044131e-03,9.999651625836930569e-01,1.467780844512537763e+00,0.000000000000000000e+00,0.000000000000000000e+00,0.000000000000000000e+00,1.000000000000000000e+00
9.915975869389772601e-01,-1.293117022355973200e-01,3.565002347170033014e-03,6.856102676114198857e+01,1.293346945616552224e-01,9.915746617710884392e-01,-7.226819230799571073e-03,6.838657757696053885e+00,-2.600453700124547279e-03,7.627175000187238173e-03,9.999675313939283550e-01,1.492203345729706365e+00,0.000000000000000000e+00,0.000000000000000000e+00,0.000000000000000000e+00,1.000000000000000000e+00
9.917442680274231037e-01,-1.282310723638515892e-01,3.145078290507510670e-04,6.923837746297539297e+01,1.282313535344828948e-01,9.917373452221220909e-01,-3.709186230528886512e-03,6.938312352839559161e+00,1.637237685036597209e-04,3.718893947789125420e-03,9.999930714871627657e-01,1.506909836165120531e+00,0.000000000000000000e+00,0.000000000000000000e+00,0.000000000000000000e+00,1.000000000000000000e+00
9.915106210798788622e-01,-1.299749211522028547e-01,-3.634302860044472984e-03,6.990665051732105439e+01,1.299561613199373689e-01,9.915071621320454831e-01,-4.994354397140372132e-03,7.047635787269783236e+00,4.252578134065596212e-03,4.479655381435648613e-03,9.999809239514894088e-01,1.519009369059692416e+00,0.000000000000000000e+00,0.000000000000000000e+00,0.000000000000000000e+00,1.000000000000000000e+00
9.912020782475204905e-01,-1.320170087041281914e-01,-9.484170528660892940e-03,7.063115465338023569e+01,1.319488093149411567e-01,9.912282223875240605e-01,-7.491519394517352250e-03,7.153594900175294313e+00,1.038998547505783597e-02,6.174184584479940237e-03,9.999269611559346016e-01,1.535636331306600599e+00,0.000000000000000000e+00,0.000000000000000000e+00,0.000000000000000000e+00,1.000000000000000000e+00
9.905873365122153107e-01,-1.363763820915885050e-01,-1.175632379830425164e-02,7.135121102753556954e+01,1.362993970789921627e-01,9.906420910701766447e-01,-7.121920809089686208e-03,7.259140771300704564e+00,1.261757098433665542e-02,5.452504719552087563e-03,9.999055290849907518e-01,1.550725854799647641e+00,0.000000000000000000e+00,0.000000000000000000e+00,0.000000000000000000e+00,1.000000000000000000e+00
9.905528747261594935e-01,-1.368429334922065532e-01,-8.888977725017290291e-03,7.202375779368624364e+01,1.367919775293665596e-01,9.905809489158353687e-01,-6.110526050033917786e-03,7.348453474582467670e+00,9.641434299606555652e-03,4.836858303729866214e-03,9.999418220808613533e-01,1.582767668901210012e+00,0.000000000000000000e+00,0.000000000000000000e+00,0.000000000000000000e+00,1.000000000000000000e+00
9.897923112652746713e-01,-1.423865301466742950e-01,-6.103817898959099097e-03,7.259324632752314699e+01,1.423386309293210861e-01,9.897882781843444500e-01,-7.673233610241204580e-03,7.443194737596722454e+00,7.134052517328625352e-03,6.726098546778588351e-03,9.999519312912075186e-01,1.596069245053288288e+00,0.000000000000000000e+00,0.000000000000000000e+00,0.000000000000000000e+00,1.000000000000000000e+00
9.902768849448370103e-01,-1.387633600877728746e-01,-9.819421628046488132e-03,7.312368437508771990e+01,1.386647115226101179e-01,9.902878457433456072e-01,-1.010348214006838094e-02,7.503933826831721277e+00,1.112604702082648118e-02,8.643637553390067299e-03,9.999007443779271975e-01,1.614628630678364152e+00,0.000000000000000000e+00,0.000000000000000000e+00,0.000000000000000000e+00,1.000000000000000000e+00
9.900236121738502648e-01,-1.404682517560741917e-01,-1.104162971856114880e-02,7.374767714749447123e+01,1.402580408426098435e-01,9.899524026704263902e-01,-1.794219680088091073e-02,7.583859775748488907e+00,1.345099688656996827e-02,1.621452113510657433e-02,9.997780553638458967e-01,1.641712233499760254e+00,0.000000000000000000e+00,0.000000000000000000e+00,0.000000000000000000e+00,1.000000000000000000e+00
9.901787343054601065e-01,-1.387017816300572248e-01,-1.754679178350412871e-02,7.433437730061247350e+01,1.383001153187341514e-01,9.901382354504805194e-01,-2.234620329792096419e-02,7.659343089266677396e+00,2.047320766442484868e-02,1.970001197093472489e-02,9.995962971601439762e-01,1.663148417548452773e+00,0.000000000000000000e+00,0.000000000000000000e+00,0.000000000000000000e+00,1.000000000000000000e+00
9.908394866097168796e-01,-1.339259444737791460e-01,-1.734800195435515918e-02,7.491032712443227126e+01,1.335992979603833064e-01,9.908572210965390648e-01,-1.879348252280124004e-02,7.721046760298441392e+00,1.970632790488730315e-02,1.630364369238311573e-02,9.996728724151981993e-01,1.692222008983149451e+00,0.000000000000000000e+00,0.000000000000000000e+00,0.000000000000000000e+00,1.000000000000000000e+00
9.910689011248005054e-01,-1.325426818718484223e-01,-1.465846872999519712e-02,7.548272962223977345e+01,1.322534908649788121e-01,9.910299520129245421e-01,-1.920021789685031136e-02,7.817135307536566380e+00,1.707182993464250939e-02,1.709010519211037402e-02,9.997081978893647136e-01,1.698545057503949351e+00,0.000000000000000000e+00,0.000000000000000000e+00,0.000000000000000000e+00,1.000000000000000000e+00
9.915704835374834492e-01,-1.288762165196625509e-01,-1.337523804754274862e-02,7.606505978263042778e+01,1.285671319432931947e-01,9.914600691700747870e-01,-2.185003032364985984e-02,7.870390254306617983e+00,1.607696367873487353e-02,1.994622913849792428e-02,9.996717857287076292e-01,1.717532194340941842e+00,0.000000000000000000e+00,0.000000000000000000e+00,0.000000000000000000e+00,1.000000000000000000e+00
9.920268612100329175e-01,-1.256849396696274046e-01,-9.273757492065793154e-03,7.665777987207633259e+01,1.254026336333968206e-01,9.917524817442375795e-01,-2.648007613190476658e-02,7.929653450498685530e+00,1.252541877893611176e-02,2.510599319655274636e-02,9.996063240046167975e-01,1.743674416747454048e+00,0.000000000000000000e+00,0.000000000000000000e+00,0.000000000000000000e+00,1.000000000000000000e+00
9.930056737545009948e-01,-1.179060922191448035e-01,-6.155104303736861834e-03,7.722922233396727165e+01,1.176953021033825680e-01,9.926678986312496011e-01,-2.753650104518303582e-02,7.971537624863867855e+00,9.356695686672630158e-03,2.661947491270642147e-02,9.996018486383441148e-01,1.781187598879020673e+00,0.000000000000000000e+00,0.000000000000000000e+00,0.000000000000000000e+00,1.000000000000000000e+00
9.941546463865835737e-01,-1.078788997799543237e-01,-4.322273735268583605e-03,7.773048509883585666e+01,1.077422162565688651e-01,9.938768311954295775e-01,-2.450427001674908289e-02,8.052951050892787066e+00,6.939301412885869741e-03,2.389534254195630272e-02,9.996903814185169601e-01,1.805017405005860054e+00,0.000000000000000000e+00,0.000000000000000000e+00,0.000000000000000000e+00,1.000000000000000000e+00
9.956614501144132046e-01,-9.289631424994734821e-02,-5.343365498267802112e-03,7.823167784525480783e+01,9.275357752655409571e-02,9.954322841715983472e-01,-2.261286105160009371e-02,8.097496992474784605e+00,7.419609969444357009e-03,2.201913775987472677e-02,9.997300170347038772e-01,1.818877964793691904e+00,0.000000000000000000e+00,0.000000000000000000e+00,0.000000000000000000e+00,1.000000000000000000e+00
9.973021374167765352e-01,-7.329360944222106100e-02,-4.061221351894702888e-03,7.869795414822579005e+01,7.323486011943586282e-02,9.972286693219891696e-01,-1.310100551792564572e-02,8.147264038165516808e+00,5.010186346303344314e-03,1.276823782771536672e-02,9.999059306432516170e-01,1.832829087425446257e+00,0.000000000000000000e+00,0.000000000000000000e+00,0.000000000000000000e+00,1.000000000000000000e+00
9.987816649550892434e-01,-4.929534441570914555e-02,-2.270411523260265369e-03,7.917477064998914216e+01,4.925380608292651702e-02,9.986629577716024109e-01,-1.569583897785092191e-02,8.158846700749785796e+00,3.041107675484639936e-03,1.556488977826902750e-02,9.998742350267324497e-01,1.854481766104253859e+00,0.000000000000000000e+00,0.000000000000000000e+00,0.000000000000000000e+00,1.000000000000000000e+00
9.996483086282795805e-01,-2.643372953333389744e-02,-2.125323407634350462e-03,7.973133418408983175e+01,2.639681331430638114e-02,9.995260011867713734e-01,-1.584238613436133106e-02,8.229626859973436126e+00,2.543089357099912688e-03,1.578071273862579477e-02,9.998722427400310586e-01,1.876742269201042479e+00,0.000000000000000000e+00,0.000000000000000000e+00,0.000000000000000000e+00,1.000000000000000000e+00
9.999958623707562166e-01,2.788952883807439484e-03,-7.049703453627510601e-04,8.022436484897123421e+01,-2.798916300119600863e-03,9.998902110375543772e-01,-1.455101160807113249e-02,8.272469421785615395e+00,6.643108616135230291e-04,1.455292455436997708e-02,9.998938799082585094e-01,1.887432012121483815e+00,0.000000000000000000e+00,0.000000000000000000e+00,0.000000000000000000e+00,1.000000000000000000e+00
9.993929203173902431e-01,3.477679510187137862e-02,-2.089340070671512773e-03,8.069104605259212804e+01,-3.480668321478100347e-02,9.992568278400939530e-01,-1.656160676194935039e-02,8.242166235388014073e+00,1.511827726380547384e-03,1.662427554493981288e-02,9.998606642125332788e-01,1.889110744451223178e+00,0.000000000000000000e+00,0.000000000000000000e+00,0.000000000000000000e+00,1.000000000000000000e+00
