9.999819660918517483e-01,-5.931086902602020379e-03,-9.432386911507668241e-04,6.406063069518097564e-01,5.929559319940367647e-03,9.999811172586469121e-01,-1.614141387696678507e-03,7.008623839133136524e-03,9.527944930620432058e-04,1.608519288647113250e-03,9.999982524226490588e-01,8.286620749382167181e-03,0.000000000000000000e+00,0.000000000000000000e+00,0.000000000000000000e+00,1.000000000000000056e-01
9.999348245395371926e-01,-1.133069427053876206e-02,-1.400728536344009309e-03,1.303324260004808055e+00,1.133134199094776827e-02,9.999356946055883988e-01,4.553485736595858221e-04,1.597472430469872723e-02,1.395479046468353504e-03,-4.711910301884201591e-04,9.999989153080336424e-01,1.336406025821027833e-02,0.000000000000000000e+00,0.000000000000000000e+00,0.000000000000000000e+00,1.000000000000000056e-01
9.998126069898052304e-01,-1.924350465309360853e-02,-2.106758865101923499e-03,2.028865140369725761e+00,1.924769375983326897e-02,9.998127724668529615e-01,1.986528900543430617e-03,2.295307842186165848e-02,2.068136643695562063e-03,-2.026706888374214550e-03,9.999958076262177586e-01,1.892837827618656932e-02,0.000000000000000000e+00,0.000000000000000000e+00,0.000000000000000000e+00,1.000000000000000056e-01
9.996283101376388647e-01,-2.721419564646289715e-02,-1.621458196974348391e-03,2.746037140794661990e+00,2.722052231699844185e-02,9.996213831662928984e-01,4.016650532119469229e-03,4.255278002677379684e-02,1.511534372181252972e-03,-4.059294522872853271e-03,9.999906186519043061e-01,2.499595939647591969e-02,0.000000000000000000e+00,0.000000000000000000e+00,0.000000000000000000e+00,1.000000000000000056e-01
9.994336203901121873e-01,-3.359898687961083291e-02,-1.883219205720276746e-03,3.443718789370341593e+00,3.360285237184625767e-02,9.994331417430801778e-01,2.059975250359241932e-03,5.954169324613012987e-02,1.812938605954780976e-03,-2.122090059334209074e-03,9.999961049861100237e-01,3.093588453470065211e-02,0.000000000000000000e+00,0.000000000000000000e+00,0.000000000000000000e+00,1.000000000000000056e-01
9.991167911239298149e-01,-4.197751170009165339e-02,-1.877819397666574555e-03,4.181944477609076394e+00,4.198500890602862440e-02,9.991096253367111046e-01,4.149166988388559504e-03,9.730939555328353696e-02,1.701975729051945002e-03,-4.224342671411061151e-03,9.999896290500277507e-01,4.490673789508592417e-02,0.000000000000000000e+00,0.000000000000000000e+00,0.000000000000000000e+00,1.000000000000000056e-01
9.988723444879579194e-01,-4.739213118009631687e-02,-2.832899457947686116e-03,4.952206629768983959e+00,4.740906651442892972e-02,9.988560415836907902e-01,6.244085520762653399e-03,1.374315966519229215e-01,2.533738218670485588e-03,-6.371349462138034547e-03,9.999764927620401478e-01,5.315464409558793429e-02,0.000000000000000000e+00,0.000000000000000000e+00,0.000000000000000000e+00,1.000000000000000056e-01
9.985150918490310890e-01,-5.445133243829438502e-02,-1.632098469867857525e-03,5.737736189430615141e+00,5.446007705002416793e-02,9.984984964600593926e-01,5.903606923405948538e-03,1.902888712072297039e-01,1.308188605066425841e-03,-5.983724817787495869e-03,9.999812416640017076e-01,5.598252268205669568e-02,0.000000000000000000e+00,0.000000000000000000e+00,0.000000000000000000e+00,1.000000000000000056e-01
9.980504946603332428e-01,-6.237835883647117191e-02,2.037267074426615636e-03,6.546143659006157023e+00,6.236822942604772907e-02,9.980421133246418774e-01,4.705739978223982302e-03,2.399674628820824829e-01,-2.326814673320233735e-03,-4.569505372709379599e-03,9.999868526906364741e-01,5.832983508045208598e-02,0.000000000000000000e+00,0.000000000000000000e+00,0.000000000000000000e+00,1.000000000000000056e-01
9.978499227746897571e-01,-6.542921640812038309e-02,3.814349061763060676e-03,7.370362810889236727e+00,6.540691403935589010e-02,9.978423677402549208e-01,5.704799590701335049e-03,3.078830944011776150e-01,-4.179379666162426864e-03,-5.443049029827574589e-03,9.999764527241953305e-01,6.845274430571392232e-02,0.000000000000000000e+00,0.000000000000000000e+00,0.000000000000000000e+00,1.000000000000000056e-01
9.975145457684567729e-01,-7.038292993825266686e-02,3.312726015904074710e-03,8.187157003164497127e+00,7.036366756082747254e-02,9.975056262076906766e-01,5.610701506256274805e-03,3.687699361417026700e-01,-3.699360449968186037e-03,-5.363660812352445857e-03,9.999787727121767222e-01,7.364250324804998138e-02,0.000000000000000000e+00,0.000000000000000000e+00,0.000000000000000000e+00,1.000000000000000056e-01
9.972270656347440587e-01,-7.433079859256450095e-02,3.621042130299332185e-03,9.020010079275113668e+00,7.430808528852275718e-02,9.972169902556109466e-01,6.048372202039185505e-03,4.431914082608372496e-01,-4.060545070728505991e-03,-5.762527755454676173e-03,9.999751523150943733e-01,7.773361973502500299e-02,0.000000000000000000e+00,0.000000000000000000e+00,0.000000000000000000e+00,1.000000000000000056e-01
9.970250729076506335e-01,-7.694744859571508999e-02,4.482649674442383894e-03,9.800995563294909729e+00,7.692708400959255566e-02,9.970263342026269848e-01,4.551115495422428450e-03,5.267789063529761950e-01,-4.819516498061069201e-03,-4.192739090543283823e-03,9.999795963916681130e-01,8.861064552277524153e-02,0.000000000000000000e+00,0.000000000000000000e+00,0.000000000000000000e+00,1.000000000000000056e-01
9.967732918147657051e-01,-8.011878039584616196e-02,4.897525154413984866e-03,1.057663882388759546e+01,8.009184945971681291e-02,9.967724897768772685e-01,5.468022871860264006e-03,5.631634460240013684e-01,-5.319809665580150018e-03,-5.058127310310082253e-03,9.999730571236580268e-01,9.202901513434387504e-02,0.000000000000000000e+00,0.000000000000000000e+00,0.000000000000000000e+00,1.000000000000000056e-01
9.965419370054755532e-01,-8.289617525542027077e-02,5.691389759756807637e-03,1.137750476408825584e+01,8.287321194092019117e-02,9.965514206902076344e-01,4.158925693504707602e-03,6.448688553193981932e-01,-6.016521583950383209e-03,-3.672880116668313794e-03,9.999751554012121790e-01,1.064015098549676991e-01,0.000000000000000000e+00,0.000000000000000000e+00,0.000000000000000000e+00,1.000000000000000056e-01
9.962524109556865071e-01,-8.636387273438618506e-02,4.734464204182243022e-03,1.223608286529962541e+01,8.633111920194945499e-02,9.962437406613355861e-01,6.734021862781165713e-03,7.261267529565552659e-01,-5.298256535949516857e-03,-6.300053922655418984e-03,9.999661183251414842e-01,1.000226046187732976e-01,0.000000000000000000e+00,0.000000000000000000e+00,0.000000000000000000e+00,1.000000000000000056e-01
9.959948866597647665e-01,-8.937765297330858838e-02,2.412653432471515043e-03,1.311192555016931394e+01,8.936260234767788579e-02,9.959825299525165709e-01,5.755460975040041331e-03,8.285463345784905842e-01,-2.917370263300151506e-03,-5.516808712220992901e-03,9.999805266965849926e-01,1.002109181864628135e-01,0.000000000000000000e+00,0.000000000000000000e+00,0.000000000000000000e+00,1.000000000000000056e-01
9.962795058572939677e-01,-8.618071239539644435e-02,-1.761242971143362228e-04,1.398568780316629834e+01,8.617849895368077939e-02,9.962345259707152678e-01,9.488708130965606627e-03,9.205364278489327479e-01,-6.422825207909804235e-04,-9.468583575497088387e-03,9.999549656850739154e-01,1.088666181877170069e-01,0.000000000000000000e+00,0.000000000000000000e+00,0.000000000000000000e+00,1.000000000000000056e-01
9.947695583896891680e-01,-1.021431757052723571e-01,5.453054415938791370e-04,1.494020562298313770e+01,1.021326421867735507e-01,9.947204167335220726e-01,1.001079084971554303e-02,1.041579950712218983e+00,-1.564960424820548103e-03,-9.902736507154265289e-03,9.999497420913405765e-01,1.105941348828014398e-01,0.000000000000000000e+00,0.000000000000000000e+00,0.000000000000000000e+00,1.000000000000000056e-01
9.940275654733816690e-01,-1.091089899399326352e-01,2.104137198386775171e-03,1.591539413965396754e+01,1.090834848384181627e-01,9.939842523476649649e-01,9.803031182243232902e-03,1.169710041247226551e+00,-3.161078070619611612e-03,-9.514956602166712088e-03,9.999497353298766322e-01,1.182369893768489694e-01,0.000000000000000000e+00,0.000000000000000000e+00,0.000000000000000000e+00,1.000000000000000056e-01
9.937357321035381608e-01,-1.117136441983472561e-01,3.058829934831200619e-03,1.683919876677427041e+01,1.116797830462781249e-01,9.936977459944832392e-01,9.613306622575772467e-03,1.284767456214893633e+00,-4.113489927226260737e-03,-9.211476831023716547e-03,9.999491126528440299e-01,1.253273293423306511e-01,0.000000000000000000e+00,0.000000000000000000e+00,0.000000000000000000e+00,1.000000000000000056e-01
9.933611943335208805e-01,-1.149979341663117799e-01,3.002120877237685320e-03,1.772810355344313038e+01,1.149682095212729988e-01,9.933311932311030823e-01,8.686273858538201900e-03,1.382385482674176380e+00,-3.981003862545247352e-03,-8.283458912403099741e-03,9.999577670665361628e-01,1.351305036200103338e-01,0.000000000000000000e+00,0.000000000000000000e+00,0.000000000000000000e+00,1.000000000000000056e-01
9.930162436311289476e-01,-1.179379825248587782e-01,3.061398812393008664e-03,1.863838194628603873e+01,1.179072297579733669e-01,9.929856515799834193e-01,8.796642943548635407e-03,1.491817474329548032e+00,-4.077383416223920309e-03,-8.374248279213333812e-03,9.999566225143144971e-01,1.410406021710124969e-01,0.000000000000000000e+00,0.000000000000000000e+00,0.000000000000000000e+00,1.000000000000000056e-01
9.925189874311842742e-01,-1.220654844244186826e-01,2.465177642409590187e-03,1.956346344000781556e+01,1.220482286761479657e-01,9.925045897384202620e-01,6.234518841480102269e-03,1.601286260738463918e+00,-3.207719687150490957e-03,-5.887007763038338767e-03,9.999775265844761396e-01,1.517905097414820881e-01,0.000000000000000000e+00,0.000000000000000000e+00,0.000000000000000000e+00,1.000000000000000056e-01
9.922820671523345792e-01,-1.239238953014360906e-01,4.378056784509780884e-03,2.048718391202927336e+01,1.239042711601462537e-01,9.922839653518870096e-01,4.501521277083454786e-03,1.719690743693454094e+00,-4.902121598107573620e-03,-3.924318903172170289e-03,9.999802842681367876e-01,1.653209280560674621e-01,0.000000000000000000e+00,0.000000000000000000e+00,0.000000000000000000e+00,1.000000000000000056e-01
9.924405827360646137e-01,-1.225983086778305864e-01,5.598611241705893880e-03,2.140862292745172724e+01,1.225736335607685024e-01,9.924489579021701369e-01,4.557446061893320917e-03,1.841143805178530490e+00,-6.115071071608950241e-03,-3.836752302663532822e-03,9.999739422792761623e-01,1.669065286384363855e-01,0.000000000000000000e+00,0.000000000000000000e+00,0.000000000000000000e+00,1.000000000000000056e-01
9.923562686716529413e-01,-1.230012842207878071e-01,9.985995599398602915e-03,2.236154865092239064e+01,1.229828671250515620e-01,9.924057938867321127e-01,2.440215922196142719e-03,1.964743221690790520e+00,-1.021030958277672172e-02,-1.193457197391533005e-03,9.999471612231027873e-01,1.716550785825800840e-01,0.000000000000000000e+00,0.000000000000000000e+00,0.000000000000000000e+00,1.000000000000000056e-01
9.926030265783516437e-01,-1.207224388306693819e-01,1.285785325283450749e-02,2.332415000622992807e+01,1.206940798090541389e-01,9.926853305803637895e-01,2.962017825652860266e-03,2.093124496442626548e+00,-1.312138432261656003e-02,-1.388241091851342849e-03,9.999129472409731267e-01,1.711628587042529348e-01,0.000000000000000000e+00,0.000000000000000000e+00,0.000000000000000000e+00,1.000000000000000056e-01
9.928875277111240960e-01,-1.183230875270641219e-01,1.319106795352147608e-02,2.424220441519391755e+01,1.183215724689227616e-01,9.929749237164130493e-01,8.979748688567989589e-04,2.197011420802857717e+00,-1.320465085389085740e-02,6.691998553191279026e-04,9.999125908635116966e-01,1.678096287349663540e-01,0.000000000000000000e+00,0.000000000000000000e+00,0.000000000000000000e+00,1.000000000000000056e-01
9.929133839980736065e-01,-1.182472825208355366e-01,1.185715201605168530e-02,2.519315651976513948e+01,1.182527594074794103e-01,9.929834978535703183e-01,2.405888719599515841e-04,2.307832135160577725e+00,-1.180240526379453155e-02,1.163257033602034573e-03,9.999296725585569146e-01,1.647234362723238033e-01,0.000000000000000000e+00,0.000000000000000000e+00,0.000000000000000000e+00,1.000000000000000056e-01
9.930995004389250314e-01,-1.170259418904671112e-01,7.636173950784126349e-03,2.613266762347241823e+01,1.170297077150895537e-01,9.931284133158378991e-01,-4.665712175760185513e-05,2.428850007142774547e+00,-7.578241225926391628e-03,9.399943698312391866e-04,9.999708429101852314e-01,1.608526403227317492e-01,0.000000000000000000e+00,0.000000000000000000e+00,0.000000000000000000e+00,1.000000000000000056e-01
9.930105752537596864e-01,-1.178368791813281385e-01,6.668383537428219932e-03,2.707197217669161660e+01,1.178486990029069398e-01,9.930305659198548351e-01,-1.406873205072436571e-03,2.543138558684247652e+00,-6.456127130053420163e-03,2.182900295016398668e-03,9.999767764147238225e-01,1.625030317483143194e-01,0.000000000000000000e+00,0.000000000000000000e+00,0.000000000000000000e+00,1.000000000000000056e-01
9.930878196736508956e-01,-1.171296334440663917e-01,7.565142767520127709e-03,2.802467375346348177e+01,1.171530455820411071e-01,9.931101258204231286e-01,-2.727985299739402181e-03,2.656454922800135954e+00,-7.193491967502100778e-03,3.595408488897907859e-03,9.999676628327095473e-01,1.647501652645033676e-01,0.000000000000000000e+00,0.000000000000000000e+00,0.000000000000000000e+00,1.000000000000000056e-01
9.930179236015511668e-01,-1.174962041598379137e-01,1.049025329024546455e-02,2.903030417574791144e+01,1.175605096412681849e-01,9.930491466065713979e-01,-5.737507895039364869e-03,2.776007379949338993e+00,-9.743201678560808182e-03,6.930687699646742930e-03,9.999285152394948861e-01,1.694739306753664798e-01,0.000000000000000000e+00,0.000000000000000000e+00,0.000000000000000000e+00,1.000000000000000056e-01
9.930850333386732620e-01,-1.164540921093182441e-01,1.485129589364471946e-02,2.998371052765431344e+01,1.165879889272855435e-01,9.931440739930742501e-01,-8.490531804915320974e-03,2.884327563825414220e+00,-1.376071933502422649e-02,1.016330278175148899e-02,9.998536642328962332e-01,1.683067651778658302e-01,0.000000000000000000e+00,0.000000000000000000e+00,0.000000000000000000e+00,1.000000000000000056e-01
9.929172872487112000e-01,-1.177761541055021705e-01,1.562172227308256632e-02,3.091100982732466207e+01,1.180180298745250461e-01,9.928891296044223269e-01,-1.558592114404207599e-02,2.972560481555047041e+00,-1.367498838010606198e-02,1.731917542753077729e-02,9.997564907792868549e-01,1.721123126519178981e-01,0.000000000000000000e+00,0.000000000000000000e+00,0.000000000000000000e+00,1.000000000000000056e-01
9.930201129438993579e-01,-1.173368146691349950e-01,1.196357856941120817e-02,3.186151789576693716e+01,1.175479286970557563e-01,9.928890826785032875e-01,-1.880834806335225998e-02,3.075104541877428321e+00,-9.671594900392745109e-03,2.008336179879700520e-02,9.997515285464390056e-01,1.735721646880346858e-01,0.000000000000000000e+00,0.000000000000000000e+00,0.000000000000000000e+00,1.000000000000000056e-01
9.927745816451422067e-01,-1.197018081289326491e-01,8.373002446970286353e-03,3.285953455633929821e+01,1.198385703539669028e-01,9.926232549170509456e-01,-1.837908739291959498e-02,3.192269417974015866e+00,-6.111226949647930590e-03,1.924969944034044672e-02,9.997960301864707855e-01,1.685975322555827993e-01,0.000000000000000000e+00,0.000000000000000000e+00,0.000000000000000000e+00,1.000000000000000056e-01
9.926386475081093730e-01,-1.209286697200909477e-01,6.691211624250125410e-03,3.382803462273754036e+01,1.210326476000175289e-01,9.924799549991245584e-01,-1.829308994854723924e-02,3.314023895365414862e+00,-4.428734379177600052e-03,1.896828312380512832e-02,9.998102772762109680e-01,1.700313292216430183e-01,0.000000000000000000e+00,0.000000000000000000e+00,0.000000000000000000e+00,1.000000000000000056e-01
9.924297544007577576e-01,-1.225580950956182552e-01,7.918074676647039387e-03,3.479244444617172149e+01,1.226869164305971899e-01,9.922710697383375633e-01,-1.860227666407983718e-02,3.434516963018626079e+00,-5.577016837273301650e-03,1.943289702717272346e-02,9.997956088102848415e-01,1.807152473409023852e-01,0.000000000000000000e+00,0.000000000000000000e+00,0.000000000000000000e+00,1.000000000000000056e-01
9.923354620892103073e-01,-1.232095278965412294e-01,9.473273758575286724e-03,3.576841519613467568e+01,1.233634196046559800e-01,9.922005632217278936e-01,-1.787481596916356760e-02,3.569862097654379784e+00,-7.197039922013815684e-03,1.890646921022842361e-02,9.997953530790006926e-01,1.772203773322915954e-01,0.000000000000000000e+00,0.000000000000000000e+00,0.000000000000000000e+00,1.000000000000000056e-01
9.923129755681633357e-01,-1.232555938279828039e-01,1.109130782049779634e-02,3.673933489842105615e+01,1.234418648125929358e-01,9.921874503369223497e-01,-1.806016072760141186e-02,3.686527743906387045e+00,-8.778640592212349353e-03,1.929046355141818617e-02,9.997753815159303725e-01,1.892350374598596452e-01,0.000000000000000000e+00,0.000000000000000000e+00,0.000000000000000000e+00,1.000000000000000056e-01
9.920698919069168564e-01,-1.249522229980016830e-01,1.357466536073510636e-02,3.772705459095254810e+01,1.251735082604426563e-01,9.919909388511874981e-01,-1.689881850640670077e-02,3.826685340233510590e+00,-1.135440009737102331e-02,1.846399753567022281e-02,9.997650515963395490e-01,1.915234930258822021e-01,0.000000000000000000e+00,0.000000000000000000e+00,0.000000000000000000e+00,1.000000000000000056e-01
9.921796822514452607e-01,-1.240198799802940954e-01,1.409068831159401326e-02,3.872953952597868721e+01,1.242399011627863814e-01,9.921233957988153662e-01,-1.598794757585327367e-02,3.967695921470863141e+00,-1.199687819735277029e-02,1.761354246881093391e-02,9.997728932288658665e-01,2.023487195173303277e-01,0.000000000000000000e+00,0.000000000000000000e+00,0.000000000000000000e+00,1.000000000000000056e-01
9.922943027803279303e-01,-1.229508403437075820e-01,1.533321650792495751e-02,3.975622185588005664e+01,1.231392086716533579e-01,9.923167249163863390e-01,-1.201052617231197252e-02,4.111488782073741355e+00,-1.373870290172211385e-02,1.380609684135620206e-02,9.998103018736030911e-01,2.024241936335145486e-01,0.000000000000000000e+00,0.000000000000000000e+00,0.000000000000000000e+00,1.000000000000000056e-01
9.918652833547242365e-01,-1.264525586800589740e-01,1.459486481331507754e-02,4.075660465779026254e+01,1.266679756047226213e-01,9.918329623495939495e-01,-1.491974373206212887e-02,4.232713840020531748e+00,-1.258902823311211852e-02,1.664707782450889142e-02,9.997821718594759322e-01,2.163052261132719922e-01,0.000000000000000000e+00,0.000000000000000000e+00,0.000000000000000000e+00,1.000000000000000056e-01
9.920664295985115455e-01,-1.249514567166502277e-01,1.383230740146128984e-02,4.176354452617949420e+01,1.251345264459285678e-01,9.920510509603608362e-01,-1.326885750909502677e-02,4.353584547042667729e+00,-1.206439202009936332e-02,1.489448733023567527e-02,9.998162854706632574e-01,2.384278710938553814e-01,0.000000000000000000e+00,0.000000000000000000e+00,0.000000000000000000e+00,1.000000000000000056e-01
9.922885880630617494e-01,-1.235523760158114409e-01,9.907995794454813737e-03,4.277319701107339966e+01,1.236652858896609281e-01,9.922546419903321979e-01,-1.173126227078750451e-02,4.461776176199855115e+00,-8.381829492648037311e-03,1.286607280739201185e-02,9.998820976019477946e-01,2.459394779886082960e-01,0.000000000000000000e+00,0.000000000000000000e+00,0.000000000000000000e+00,1.000000000000000056e-01
9.925622863360525905e-01,-1.214179137503230421e-01,8.820315406324812785e-03,4.380854418901886049e+01,1.215189375183541309e-01,9.925166075909196417e-01,-1.199714468624480009e-02,4.594911921368185048e+00,-7.297641246202809552e-03,1.297974871603692522e-02,9.998891291315803453e-01,2.544895895624221249e-01,0.000000000000000000e+00,0.000000000000000000e+00,0.000000000000000000e+00,1.000000000000000056e-01
9.925266642088690361e-01,-1.214992936183799249e-01,1.134647454717711834e-02,4.479459928382710387e+01,1.216526616843555536e-01,9.924743302123583133e-01,-1.397618598339612009e-02,4.717599955083992214e+00,-9.562988002019452011e-03,1.525206608186079060e-02,9.998379487400484988e-01,2.656609428313768118e-01,0.000000000000000000e+00,0.000000000000000000e+00,0.000000000000000000e+00,1.000000000000000056e-01
9.923398533637245444e-01,-1.231060544660889516e-01,1.032059978169963012e-02,4.575335194794635640e+01,1.232335427781767884e-01,9.922952745283194487e-01,-1.278992115325524107e-02,4.839072301014249788e+00,-8.666565663568924840e-03,1.396379255644942738e-02,9.998649424482486392e-01,2.685352635923577980e-01,0.000000000000000000e+00,0.000000000000000000e+00,0.000000000000000000e+00,1.000000000000000056e-01
9.918609917654097607e-01,-1.271678758137673171e-01,6.332801524766902557e-03,4.665847271353193548e+01,1.272435848286235238e-01,9.917797778968339140e-01,-1.348859795782091087e-02,4.959863832641791426e+00,-4.565428139696044510e-03,1.418462251598864160e-02,9.998889705112163906e-01,2.827877849334000104e-01,0.000000000000000000e+00,0.000000000000000000e+00,0.000000000000000000e+00,1.000000000000000056e-01
9.921578896690165239e-01,-1.248911229255001559e-01,4.992933199157487123e-03,4.761300025252118928e+01,1.249461322788914669e-01,9.920798956459719875e-01,-1.288195185610436708e-02,5.082211166461659602e+00,-3.344547214406363989e-03,1.340477786033197893e-02,9.999045584126745601e-01,2.849125378123153474e-01,0.000000000000000000e+00,0.000000000000000000e+00,0.000000000000000000e+00,1.000000000000000056e-01
9.921954634339248402e-01,-1.246034638177368065e-01,4.705225367731952907e-03,4.855253566288400435e+01,1.246512634790159918e-01,9.921304230493112053e-01,-1.180195632425845229e-02,5.209242522310946200e+00,-3.197632596802004682e-03,1.229635981161586109e-02,9.999192840830499751e-01,2.969537374347726022e-01,0.000000000000000000e+00,0.000000000000000000e+00,0.000000000000000000e+00,1.000000000000000056e-01
9.926060814872184057e-01,-1.211358878766062158e-01,7.698289611059756267e-03,4.951163017740066863e+01,1.212346438501677032e-01,9.925250161804896054e-01,-1.400904659289249447e-02,5.340333796172249237e+00,-5.943746723444402226e-03,1.483876424319516447e-02,9.998722333131481177e-01,2.985779288003408971e-01,0.000000000000000000e+00,0.000000000000000000e+00,0.000000000000000000e+00,1.000000000000000056e-01
9.929027317564844690e-01,-1.185116974401562162e-01,9.957049782113400888e-03,5.049719623142286906e+01,1.186663777131498343e-01,9.927932762466451511e-01,-1.672726636042622811e-02,5.467664281559767581e+00,-7.902915345027572425e-03,1.779011549443845763e-02,9.998105099066242341e-01,3.204877767047497605e-01,0.000000000000000000e+00,0.000000000000000000e+00,0.000000000000000000e+00,1.000000000000000056e-01
9.930588766566929015e-01,-1.172168128020205924e-01,9.710112763672108099e-03,5.141374558383051152e+01,1.173643833495178201e-01,9.929542301082839861e-01,-1.635537926960122998e-02,5.594242060130182992e+00,-7.724572113365763687e-03,1.738147596152702160e-02,9.998190912755487991e-01,3.242176491137607752e-01,0.000000000000000000e+00,0.000000000000000000e+00,0.000000000000000000e+00,1.000000000000000056e-01
9.930243971687213733e-01,-1.174995915492614007e-01,9.817973999474286992e-03,5.234871062835622979e+01,1.176729238575428271e-01,9.928612479227150178e-01,-1.948397711366778653e-02,5.714518178269236692e+00,-7.458526564579687733e-03,2.050337433462458628e-02,9.997619626803070370e-01,3.369199772646639390e-01,0.000000000000000000e+00,0.000000000000000000e+00,0.000000000000000000e+00,1.000000000000000056e-01
9.931755455161469515e-01,-1.164341318992194313e-01,6.740082905951455886e-03,5.331373331848151764e+01,1.165580958571912767e-01,9.929280138741786166e-01,-2.254261639705357548e-02,5.835232317736164909e+00,-4.067687162225639558e-03,2.317438656694223095e-02,9.997231625447097203e-01,3.606167758777210075e-01,0.000000000000000000e+00,0.000000000000000000e+00,0.000000000000000000e+00,1.000000000000000056e-01
9.929480600966333892e-01,-1.182513166117588332e-01,8.412851473670780386e-03,5.424744790516798076e+01,1.184341754359290178e-01,9.926142111800254630e-01,-2.627496626577155089e-02,5.955800841418439795e+00,-5.243666574455403510e-03,2.708604591005148512e-02,9.996193525926828638e-01,3.609751286334085818e-01,0.000000000000000000e+00,0.000000000000000000e+00,0.000000000000000000e+00,1.000000000000000056e-01
9.929478143478265295e-01,-1.178823357907659020e-01,1.258542372696682538e-02,5.518421268312415862e+01,1.181919177250172759e-01,9.926065245063490083e-01,-2.762169603607681975e-02,6.066149932324351290e+00,-9.236263657829008045e-03,2.891439807327464764e-02,9.995392183489867355e-01,3.734789382945281067e-01,0.000000000000000000e+00,0.000000000000000000e+00,0.000000000000000000e+00,1.000000000000000056e-01
9.926940262623608069e-01,-1.193393556431234098e-01,1.779574156104065871e-02,5.612329267402450483e+01,1.197736430786772305e-01,9.924673417110583262e-01,-2.574587463355969275e-02,6.187204708190840563e+00,-1.458919623162537385e-02,2.768923674768682119e-02,9.995101107650915528e-01,3.948766667939145325e-01,0.000000000000000000e+00,0.000000000000000000e+00,0.000000000000000000e+00,1.000000000000000056e-01
9.926979485564584316e-01,-1.191587120386914389e-01,1.876124401736557062e-02,5.707433031318564787e+01,1.195731444400578158e-01,9.925640437324235732e-01,-2.277898633075290530e-02,6.312092251225817741e+00,-1.590742155460763557e-02,2.485599394149764357e-02,9.995644719099735509e-01,3.910141312118561863e-01,0.000000000000000000e+00,0.000000000000000000e+00,0.000000000000000000e+00,1.000000000000000056e-01
9.927807264016363931e-01,-1.192051502295388282e-01,1.328764253704288120e-02,5.795459748756601925e+01,1.195062975024698687e-01,9.925234510126795806e-01,-2.480814477408923788e-02,6.417469578404694452e+00,-1.023103820197722100e-02,2.621700495163559533e-02,9.996039188141848664e-01,4.020394211044713284e-01,0.000000000000000000e+00,0.000000000000000000e+00,0.000000000000000000e+00,1.000000000000000056e-01
9.928121931644559028e-01,-1.194316545512959515e-01,7.747838093495971329e-03,5.886579990015579966e+01,1.195879813107848799e-01,9.925206133457193935e-01,-2.452645122818126674e-02,6.523032331926376770e+00,-4.760654366206597612e-03,2.527670815151568731e-02,9.996691573690911214e-01,4.091658567755320774e-01,0.000000000000000000e+00,0.000000000000000000e+00,0.000000000000000000e+00,1.000000000000000056e-01
9.929878033641827972e-01,-1.181353750660421448e-01,4.388112120332976658e-03,5.981802295332287400e+01,1.182078829717761320e-01,9.926853050239556886e-01,-2.455161079902910479e-02,6.649990382772283937e+00,-1.455600668433264721e-03,2.489815952036760968e-02,9.996889330582751088e-01,4.198652813847509879e-01,0.000000000000000000e+00,0.000000000000000000e+00,0.000000000000000000e+00,1.000000000000000056e-01
9.927813168298663671e-01,-1.199301441863597079e-01,1.420376356988867390e-03,6.072988746891306988e+01,1.199326049669672961e-01,9.925444920680932537e-01,-2.171638853787826937e-02,6.767542024183802241e+00,1.194662878761705745e-03,2.172997424595097052e-02,9.997631624539266015e-01,4.243535747268020186e-01,0.000000000000000000e+00,0.000000000000000000e+00,0.000000000000000000e+00,1.000000000000000056e-01
9.925384594309394348e-01,-1.218881071002206051e-01,3.270458374982862428e-03,6.165686898425460782e+01,1.219284507460190459e-01,9.923566224632976995e-01,-1.902069272954270973e-02,6.897011767881489952e+00,-9.270647943659094357e-04,1.927753098198059512e-02,9.998137413289066577e-01,4.454512375290442527e-01,0.000000000000000000e+00,0.000000000000000000e+00,0.000000000000000000e+00,1.000000000000000056e-01
9.922857459128446855e-01,-1.238904032218256651e-01,4.490706817740643120e-03,6.252572026243228009e+01,1.239505835515075510e-01,9.921346718109614882e-01,-1.746556119328581541e-02,7.022369948470047696e+00,-2.291570516086710411e-03,1.788745314708373169e-02,9.998373806397121699e-01,4.589156819930472753e-01,0.000000000000000000e+00,0.000000000000000000e+00,0.000000000000000000e+00,1.000000000000000056e-01
9.922342848443865826e-01,-1.242963413454543226e-01,4.641498409247684330e-03,6.333025221442860442e+01,1.243572149825324241e-01,9.920972583769894770e-01,-1.668271568567829266e-02,7.132791537800879489e+00,-2.531217323139552111e-03,1.713036628316112753e-02,9.998500605040077094e-01,4.723661001090673217e-01,0.000000000000000000e+00,0.000000000000000000e+00,0.000000000000000000e+00,1.000000000000000056e-01
9.920556208247479635e-01,-1.256552687288860770e-01,6.033127770508000393e-03,6.413613981956598309e+01,1.257381185537868318e-01,9.919308188171466201e-01,-1.622270702746267737e-02,7.241392913634842721e+00,-3.945976758382655630e-03,1.685242182644576883e-02,9.998502013531855859e-01,4.816735110758824101e-01,0.000000000000000000e+00,0.000000000000000000e+00,0.000000000000000000e+00,1.000000000000000056e-01
9.921659551400650034e-01,-1.246972839475186667e-01,7.569995846392073117e-03,6.492895743273503228e+01,1.248112561894733907e-01,9.920325143245020127e-01,-1.713595201359790696e-02,7.355156880954368148e+00,-5.372875338971692775e-03,1.794652888774297614e-02,9.998245117576750607e-01,5.023327110817443764e-01,0.000000000000000000e+00,0.000000000000000000e+00,0.000000000000000000e+00,1.000000000000000056e-01
9.921865423497973069e-01,-1.244690216293013046e-01,8.563167322805835882e-03,6.572684940037730428e+01,1.246082573984739622e-01,9.920371697644126963e-01,-1.830398847053419861e-02,7.465331364729332009e+00,-6.216700738294002673e-03,1.922801238969627444e-02,9.997957972363517021e-01,5.130978048201545461e-01,0.000000000000000000e+00,0.000000000000000000e+00,0.000000000000000000e+00,1.000000000000000056e-01
9.921567018003075722e-01,-1.246651039107728315e-01,9.148275228248672550e-03,6.646742779826688263e+01,1.248211967783792037e-01,9.919946892547012451e-01,-1.913649197951230660e-02,7.561767631836760373e+00,-6.689387681149449108e-03,2.012829742886896797e-02,9.997750265610090281e-01,5.230538367772620267e-01,0.000000000000000000e+00,0.000000000000000000e+00,0.000000000000000000e+00,1.000000000000000056e-01
9.919242370318552826e-01,-1.263539409003977265e-01,1.099952761306582927e-02,6.724495130159414202e+01,1.265373699757895432e-01,9.917988444996482800e-01,-1.798182551279786309e-02,7.676795254065078566e+00,-8.637244258555339116e-03,1.922845984735539401e-02,9.997778074870019571e-01,5.280991701413424444e-01,0.000000000000000000e+00,0.000000000000000000e+00,0.000000000000000000e+00,1.000000000000000056e-01
9.921587986343091137e-01,-1.242646028648093925e-01,1.338756017262473716e-02,6.798582920780488337e+01,1.244838452699536524e-01,9.920756487830244552e-01,-1.701996940500838731e-02,7.785425343858808134e+00,-1.116649270499389321e-02,1.855304736673702923e-02,9.997655194464735162e-01,5.389597453603021115e-01,0.000000000000000000e+00,0.000000000000000000e+00,0.000000000000000000e+00,1.000000000000000056e-01
9.919593746555503966e-01,-1.256944664918779042e-01,1.474788548543828730e-02,6.869716904579414063e+01,1.259076408276680603e-01,9.919353646883931619e-01,-1.454297980867013534e-02,7.883990160906024336e+00,-1.280097707912794362e-02,1.628291662530486489e-02,9.997854777961084904e-01,5.555970258830253972e-01,0.000000000000000000e+00,0.000000000000000000e+00,0.000000000000000000e+00,1.000000000000000056e-01
9.916379500995151641e-01,-1.284807543653546380e-01,1.211906267584163081e-02,6.936158887456808486e+01,1.286396630230795812e-01,9.916009321432766033e-01,-1.339509126111086690e-02,7.981841324015459094e+00,-1.029626241604706012e-02,1.484207297833975772e-02,9.998368366138374874e-01,5.634344699350865016e-01,0.000000000000000000e+00,0.000000000000000000e+00,0.000000000000000000e+00,1.000000000000000056e-01
9.919314358709773183e-01,-1.266221832441829787e-01,6.232915964282837937e-03,7.005765104690598832e+01,1.266992090893321043e-01,9.918410427905666182e-01,-1.409454689796972755e-02,8.085747832476595676e+00,-4.397379569581806938e-03,1.477052966544884806e-02,9.998812402012166034e-01,5.684348526715599093e-01,0.000000000000000000e+00,0.000000000000000000e+00,0.000000000000000000e+00,1.000000000000000056e-01
9.921917147735712650e-01,-1.247181293037791516e-01,9.946645897006042413e-04,7.081061549984629266e+01,1.247176730474241491e-01,9.920578206227107509e-01,-1.633348006253687243e-02,8.186008849094269735e+00,1.050316293311208361e-03,1.632999584455853068e-02,9.998661050717744248e-01,5.828981608620996679e-01,0.000000000000000000e+00,0.000000000000000000e+00,0.000000000000000000e+00,1.000000000000000056e-01
9.921225833051277032e-01,-1.252611646824156877e-01,1.555737241516206952e-03,7.153011868073511437e+01,1.252705075796185785e-01,9.920155805672576932e-01,-1.457353226062281862e-02,8.292832830755973106e+00,2.821820416495688473e-04,1.465361846819497951e-02,9.998925901511040992e-01,5.951714472899657382e-01,0.000000000000000000e+00,0.000000000000000000e+00,0.000000000000000000e+00,1.000000000000000056e-01
9.923625896362279208e-01,-1.232735313220184870e-01,4.486331004155322440e-03,7.220148683491511576e+01,1.233207866042735912e-01,9.922881556686395932e-01,-1.249798827943375545e-02,8.394671931918304963e+00,-2.911061968205324452e-03,1.295579388262168077e-02,9.999118326748055452e-01,6.060234623004271404e-01,0.000000000000000000e+00,0.000000000000000000e+00,0.000000000000000000e+00,1.000000000000000056e-01
9.923115262122380598e-01,-1.235814727998686552e-01,6.741997252600454016e-03,7.282421992707088521e+01,1.236607926108288097e-01,9.922394453329945740e-01,-1.299582610428296273e-02,8.479991046275747735e+00,-5.083632284138580107e-03,1.372962875996647236e-02,9.998928212448138231e-01,6.196166764301045404e-01,0.000000000000000000e+00,0.000000000000000000e+00,0.000000000000000000e+00,1.000000000000000056e-01
9.923786169683526115e-01,-1.231675558821033467e-01,3.799179122999702188e-03,7.340295384160586423e+01,1.232131832344569577e-01,9.922496030418902491e-01,-1.610083042713793613e-02,8.533588136914957545e+00,-1.786634045298709714e-03,1.644622878474779823e-02,9.998631553855497067e-01,6.299236230282274640e-01,0.000000000000000000e+00,0.000000000000000000e+00,0.000000000000000000e+00,1.000000000000000056e-01
9.924531165640976260e-01,-1.226244327711360355e-01,2.447647174040981123e-04,7.404838412469578657e+01,1.225969427983826660e-01,9.921842246582264213e-01,-2.324766559988665840e-02,8.595826934354303006e+00,2.607880116077877699e-03,2.310222558350612590e-02,9.997297065379167069e-01,6.508550135706564488e-01,0.000000000000000000e+00,0.000000000000000000e+00,0.000000000000000000e+00,1.000000000000000056e-01
9.927575421606232853e-01,-1.200647915308481056e-01,-4.111972501387115182e-03,7.466944673798057863e+01,1.199164416887359835e-01,9.924338491304607324e-01,-2.636478926162575537e-02,8.667276269402044875e+00,7.246343623522061815e-03,2.568075027626610940e-02,9.996439313922422798e-01,6.601341584515176830e-01,0.000000000000000000e+00,0.000000000000000000e+00,0.000000000000000000e+00,1.000000000000000056e-01
9.932606787696408590e-01,-1.157950743247655734e-01,-4.972401049226561620e-03,7.526132092385985572e+01,1.156474850570525514e-01,9.930092750772643306e-01,-2.362707790872164634e-02,8.733475971265734827e+00,7.673539603803345918e-03,2.289280176492194604e-02,9.997084757154461876e-01,6.721654371655104709e-01,0.000000000000000000e+00,0.000000000000000000e+00,0.000000000000000000e+00,1.000000000000000056e-01
9.939279894087740264e-01,-1.100044084191093008e-01,-2.486362442154309467e-03,7.583876659302237044e+01,1.099331748205190362e-01,9.937371168557876944e-01,-2.003096745111564159e-02,8.815770277986670678e+00,4.674285369247348221e-03,1.963600548757944014e-02,9.997962684191107341e-01,6.787783035065653170e-01,0.000000000000000000e+00,0.000000000000000000e+00,0.000000000000000000e+00,1.000000000000000056e-01
9.947550577164444574e-01,-1.022771044395514445e-01,1.330058274804949477e-03,7.639083637846792385e+01,1.022824303329889079e-01,9.945338477050704729e-01,-2.099357554408018758e-02,8.852995281767515934e+00,8.243741447677681994e-04,2.101950704485757923e-02,9.997787258843131575e-01,6.924410762088517579e-01,0.000000000000000000e+00,0.000000000000000000e+00,0.000000000000000000e+00,1.000000000000000056e-01
9.956529804314674381e-01,-9.295145392860235112e-02,5.930410651446154507e-03,7.696925906210360324e+01,9.306850683965667281e-02,9.953672619927961263e-01,-2.413020488104328926e-02,8.905889329685528821e+00,-3.659998985334842608e-03,2.457724487250878553e-02,9.996912340527469576e-01,7.051736357180445891e-01,0.000000000000000000e+00,0.000000000000000000e+00,0.000000000000000000e+00,1.000000000000000056e-01
9.965855810808875725e-01,-8.202748168847816268e-02,9.416572068227747894e-03,7.750254232192393999e+01,8.225322451625120823e-02,9.962508765730200277e-01,-2.680667797710683739e-02,8.947885951461204357e+00,-7.182383890388849106e-03,2.748969216516464545e-02,9.995962835996918816e-01,7.213956018779699164e-01,0.000000000000000000e+00,0.000000000000000000e+00,0.000000000000000000e+00,1.000000000000000056e-01
9.975499413997218623e-01,-6.934732147547439940e-02,9.222983117667598457e-03,7.798636949467251611e+01,6.955248511674566592e-02,9.972851788301667630e-01,-2.418106490143099099e-02,8.986745368044111615e+00,-7.521052286511894364e-03,2.476330127142892593e-02,9.996650502456529974e-01,7.322430285695893382e-01,0.000000000000000000e+00,0.000000000000000000e+00,0.000000000000000000e+00,1.000000000000000056e-01
9.986149569965444561e-01,-5.190894779219352301e-02,8.580722690828018751e-03,7.847958700933639875e+01,5.207847209691367912e-02,9.984246865250175906e-01,-2.088008815765400594e-02,9.027387101959147842e+00,-7.483341956676010237e-03,2.129803926486535659e-02,9.997451640876446888e-01,7.342886370992267597e-01,0.000000000000000000e+00,0.000000000000000000e+00,0.000000000000000000e+00,1.000000000000000056e-01
9.994482795320870361e-01,-3.171524978732267325e-02,9.863035601626766666e-03,7.896535865455327041e+01,3.186936287634014459e-02,9.993658559884700532e-01,-1.588173776035257598e-02,9.040699223577512100e+00,-9.353087736538151162e-03,1.618730414121466801e-02,9.998252301949738241e-01,7.389461719428673803e-01,0.000000000000000000e+00,0.000000000000000000e+00,0.000000000000000000e+00,1.000000000000000056e-01
9.998996135078020986e-01,-9.590401854741217175e-03,1.043010542672594652e-02,7.944213338362365562e+01,9.757112384526610283e-03,9.998235516827554958e-01,-1.605192382227462258e-02,9.046933877947930469e+00,-1.027432065217741101e-02,1.615208013678010382e-02,9.998167575322945977e-01,7.454073441204225325e-01,0.000000000000000000e+00,0.000000000000000000e+00,0.000000000000000000e+00,1.000000000000000056e-01
9.997810635746103847e-01,1.720663453127252093e-02,1.190615999086521923e-02,7.993076515984606090e+01,-1.698631991255482657e-02,9.996870588425255111e-01,-1.836434912021766772e-02,9.051756506878920305e+00,-1.221842270709288386e-02,1.815808665273178565e-02,9.997604683301208883e-01,7.553215673524005247e-01,0.000000000000000000e+00,0.000000000000000000e+00,0.000000000000000000e+00,1.000000000000000056e-01
9.988218470458398723e-01,4.644612346431387789e-02,1.405971120167394742e-02,8.041005303141687932e+01,-4.617219956974365908e-02,9.987486148539880260e-01,-1.921802055707393792e-02,9.032040885150570020e+00,-1.493471964345253339e-02,1.854621099788486549e-02,9.997164559047697630e-01,7.552435009519855580e-01,0.000000000000000000e+00,0.000000000000000000e+00,0.000000000000000000e+00,1.000000000000000056e-01
9.967172088235562999e-01,7.935852191258652155e-02,1.603217498746737843e-02,8.088415963788767726e+01,-7.902503859630086169e-02,9.966626000245791817e-01,-2.046228205989855317e-02,8.981570164135701972e+00,-1.760252566629024948e-02,1.912816541373515630e-02,9.996620750924145593e-01,7.532788403125072474e-01,0.000000000000000000e+00,0.000000000000000000e+00,0.000000000000000000e+00,1.000000000000000056e-01
9.930172682199771561e-01,1.164244540349819307e-01,1.902765144704882463e-02,8.136397213015496277e+01,-1.160136459936392389e-01,9.930163321978021651e-01,-2.143357020393049650e-02,8.925201011077794178e+00,-2.139016035929968904e-02,1.907643811303988413e-02,9.995891908922999169e-01,7.592494270934877498e-01,0.000000000000000000e+00,0.000000000000000000e+00,0.000000000000000000e+00,1.000000000000000056e-01
