1.000000000000000000e+00,2.682036832392345006e-09,-9.770349308089742906e-10,1.124599348036559217e-15,-2.682036833033542329e-09,1.000000000000000000e+00,-6.562688808678134033e-10,-7.315693218685728516e-16,9.770349290488369311e-10,6.562688834882570638e-10,1.000000000000000000e+00,5.510585548228176880e-16,0.000000000000000000e+00,0.000000000000000000e+00,0.000000000000000000e+00,1.000000000000000056e-01
9.999983050590849354e-01,4.089924845147447350e-04,-1.795161303308930034e-03,6.465764755731462365e-01,-4.127788372205164224e-04,9.999976901556536513e-01,-2.109335674755261590e-03,1.691227057685388072e-02,1.794294454327449023e-03,2.110073104151326089e-03,9.999961640420959030e-01,6.731173940434491583e-03,0.000000000000000000e+00,0.000000000000000000e+00,0.000000000000000000e+00,1.000000000000000056e-01
9.999947698939928298e-01,-1.548742622564745503e-03,-2.839292332516210951e-03,1.299571508593771352e+00,1.542905568775200346e-03,9.999966943958770171e-01,-2.056851896632667584e-03,1.678068151532924324e-02,2.842468481140388720e-03,2.052460379127986692e-03,9.999938538707754399e-01,1.134063592854308265e-02,0.000000000000000000e+00,0.000000000000000000e+00,0.000000000000000000e+00,1.000000000000000056e-01
9.999738557259721938e-01,-3.922884350096010955e-03,-6.074441777497880182e-03,2.001859463763707936e+00,3.910238073984415724e-03,9.999901659822102440e-01,-2.092361602659839181e-03,1.745614803850028748e-02,6.082590133915193736e-03,2.068554385868160133e-03,9.999793613770313616e-01,1.900838317873895095e-02,0.000000000000000000e+00,0.000000000000000000e+00,0.000000000000000000e+00,1.000000000000000056e-01
9.999470867967957810e-01,-6.401206211182896254e-03,-8.052835875838449883e-03,2.706663487046984340e+00,6.373749367376348694e-03,9.999738026607800645e-01,-3.430642963226692658e-03,2.111958611882491441e-02,8.074585166009886836e-03,3.379134679349247213e-03,9.999616905278000401e-01,2.360141737438247594e-02,0.000000000000000000e+00,0.000000000000000000e+00,0.000000000000000000e+00,1.000000000000000056e-01
9.999215436425847869e-01,-8.803981507045798363e-03,-8.910469631512657127e-03,3.418515344062189598e+00,8.772855755853741985e-03,9.999553002987573436e-01,-3.526245355750895656e-03,1.963982054857474346e-02,8.941116335083534525e-03,3.447798434590755058e-03,9.999540835081563994e-01,4.385273972851617963e-02,0.000000000000000000e+00,0.000000000000000000e+00,0.000000000000000000e+00,1.000000000000000056e-01
9.998833638075605990e-01,-1.140470173835133813e-02,-1.015832462253227729e-02,4.161101821757026364e+00,1.138005232906193209e-02,9.999321671455810856e-01,-2.481031343910408693e-03,3.792387678906411486e-02,1.018593097685781788e-02,2.365139700081116819e-03,9.999453249674873367e-01,5.849003844912547406e-02,0.000000000000000000e+00,0.000000000000000000e+00,0.000000000000000000e+00,1.000000000000000056e-01
9.998410596830514807e-01,-1.368332379939657568e-02,-1.142899915449787848e-02,4.929610346486357209e+00,1.367198501831041156e-02,9.999059619130500343e-01,-1.069652465611280797e-03,5.774600317925301235e-02,1.144256079432141859e-02,9.132253494947943639e-04,9.999341147405309549e-01,7.312234350051156906e-02,0.000000000000000000e+00,0.000000000000000000e+00,0.000000000000000000e+00,1.000000000000000056e-01
9.998049487306452932e-01,-1.560403754119271506e-02,-1.210696106067868198e-02,5.701017338466816575e+00,1.559085080497827659e-02,9.998777556928245547e-01,-1.182810998080713848e-03,8.465023602134560954e-02,1.212393768083000652e-02,9.938224656954085592e-04,9.999260084886371081e-01,8.666150116127857572e-02,0.000000000000000000e+00,0.000000000000000000e+00,0.000000000000000000e+00,1.000000000000000056e-01
9.998157169149278767e-01,-1.604839021518068495e-02,-1.053477011567477591e-02,6.495420945276768165e+00,1.603436059307045483e-02,9.998704403282836495e-01,-1.414863278074443608e-03,1.097486651792132228e-01,1.055611151230464832e-02,1.245684239904772854e-03,9.999435067945159350e-01,1.043182274289316536e-01,0.000000000000000000e+00,0.000000000000000000e+00,0.000000000000000000e+00,1.000000000000000056e-01
9.998095249469646228e-01,-1.685228329875184186e-02,-9.844509786853760519e-03,7.293650197113059619e+00,1.681256113159413160e-02,9.998502367635081489e-01,-4.103880133854880159e-03,1.269102952486996227e-01,9.912195191846249337e-03,3.937587024466677153e-03,9.999431202798004792e-01,1.182834038371982643e-01,0.000000000000000000e+00,0.000000000000000000e+00,0.000000000000000000e+00,1.000000000000000056e-01
9.998058424263224220e-01,-1.695968042792278183e-02,-1.003228239108767787e-02,8.103258847600582016e+00,1.691647362735111335e-02,9.998473297880173805e-01,-4.376075386319643046e-03,1.560490517632750762e-01,1.010496760048884037e-02,4.205514897649430955e-03,9.999400998431049459e-01,1.408115528490226087e-01,0.000000000000000000e+00,0.000000000000000000e+00,0.000000000000000000e+00,1.000000000000000056e-01
9.997884595110149153e-01,-1.693604810884748180e-02,-1.167075417642742322e-02,8.934645895530044513e+00,1.686793416305945592e-02,9.998402582500377500e-01,-5.910226693491286293e-03,1.663092427199850121e-01,1.176898575334706445e-02,5.712114928165304070e-03,9.999144276973830348e-01,1.532334883215769605e-01,0.000000000000000000e+00,0.000000000000000000e+00,0.000000000000000000e+00,1.000000000000000056e-01
9.997743449407739957e-01,-1.647439805803363813e-02,-1.341094354889801367e-02,9.709759167222724585e+00,1.639434281408006303e-02,9.998472537576215124e-01,-6.057613146848449086e-03,2.122655515362872891e-01,1.350869060792692956e-02,5.836382609794119915e-03,9.998917200957768703e-01,1.802478156306351054e-01,0.000000000000000000e+00,0.000000000000000000e+00,0.000000000000000000e+00,1.000000000000000056e-01
9.997582342786610621e-01,-1.641037836284813325e-02,-1.463463269105491453e-02,1.051401352675643430e+01,1.628588630937309947e-02,9.998305137482941252e-01,-8.585667413796566408e-03,2.469005415875937526e-01,1.477304637277299278e-02,8.345253729535139289e-03,9.998560465592322144e-01,1.992387899255010641e-01,0.000000000000000000e+00,0.000000000000000000e+00,0.000000000000000000e+00,1.000000000000000056e-01
9.997478824094813143e-01,-1.628818706637144217e-02,-1.545530911527952939e-02,1.132241052410717863e+01,1.613968685886762663e-02,9.998228405557088028e-01,-9.684937336466884969e-03,2.739401490467525124e-01,1.561032113236777638e-02,9.433051743973677392e-03,9.998336538689522879e-01,2.337568404946295808e-01,0.000000000000000000e+00,0.000000000000000000e+00,0.000000000000000000e+00,1.000000000000000056e-01
9.997141488777253615e-01,-1.642024217483403423e-02,-1.737803730588969794e-02,1.217789779203295808e+01,1.625085893401921958e-02,9.998194890876890284e-01,-9.843720045744566369e-03,2.892233784065205704e-01,1.753653664757382977e-02,9.558498174513997345e-03,9.998005326039069995e-01,2.509191867808083787e-01,0.000000000000000000e+00,0.000000000000000000e+00,0.000000000000000000e+00,1.000000000000000056e-01
9.996886325202832824e-01,-1.519947168895822640e-02,-1.978924127152374354e-02,1.305697155760540262e+01,1.506146498046939675e-02,9.998613309981294606e-01,-7.104297804225324225e-03,3.129948021507734657e-01,1.989447869053409881e-02,6.804030792521750456e-03,9.997789330059951851e-01,2.795761844976297761e-01,0.000000000000000000e+00,0.000000000000000000e+00,0.000000000000000000e+00,1.000000000000000056e-01
9.997332224063816275e-01,-9.646020199760560465e-03,-2.098662219744299243e-02,1.394544220688789515e+01,9.567367153079743558e-03,9.999468394902796264e-01,-3.844955026941860362e-03,3.349551981100643561e-01,2.102259505176671747e-02,3.643142559226291832e-03,9.997723630955110963e-01,3.122426305584086736e-01,0.000000000000000000e+00,0.000000000000000000e+00,0.000000000000000000e+00,1.000000000000000056e-01
9.995466664493740661e-01,-2.028808273119494382e-02,-2.224534308649871867e-02,1.490650131984529025e+01,2.014196002828712306e-02,9.997741870293382904e-01,-6.773211649178621785e-03,3.808561593626438868e-01,2.237773527778740001e-02,6.322076313828767918e-03,9.997295975987303684e-01,3.334277478390842986e-01,0.000000000000000000e+00,0.000000000000000000e+00,0.000000000000000000e+00,1.000000000000000056e-01
9.995241125720980557e-01,-2.140921461752651883e-02,-2.220796966002410236e-02,1.584985096188977849e+01,2.115854358663890600e-02,9.997104310220182866e-01,-1.146168133664254157e-02,4.141648140728252381e-01,2.244692451656047846e-02,1.098633857256944152e-02,9.996876691969931450e-01,3.485507871583124473e-01,0.000000000000000000e+00,0.000000000000000000e+00,0.000000000000000000e+00,1.000000000000000056e-01
9.995220402350147859e-01,-2.330288819623698229e-02,-2.031419420373810694e-02,1.676784067404607015e+01,2.309200295852610954e-02,9.996776269756696420e-01,-1.055469202096436659e-02,4.501208043862806041e-01,2.055360026362606021e-02,1.008055187019374008e-02,9.997379316551889827e-01,3.820110630906801141e-01,0.000000000000000000e+00,0.000000000000000000e+00,0.000000000000000000e+00,1.000000000000000056e-01
9.995348785942800296e-01,-2.303818431926817067e-02,-1.998170505210679349e-02,1.765299870789903025e+01,2.281498321449958872e-02,9.996755323751854716e-01,-1.132724641347928815e-02,4.785546706148713914e-01,2.023618082643229704e-02,1.086609560334361735e-02,9.997361776748397988e-01,4.155035490555770150e-01,0.000000000000000000e+00,0.000000000000000000e+00,0.000000000000000000e+00,1.000000000000000056e-01
9.995213879058499895e-01,-2.292248234694814132e-02,-2.077390001461507443e-02,1.856511036199143660e+01,2.266686162295789356e-02,9.996654502081065985e-01,-1.245797111849445554e-02,5.027638600608552721e-01,2.105251773373085014e-02,1.198112946584813099e-02,9.997065789689459914e-01,4.357413945222957663e-01,0.000000000000000000e+00,0.000000000000000000e+00,0.000000000000000000e+00,1.000000000000000056e-01
9.995176921585204877e-01,-2.429699446804503213e-02,-1.934009105265083184e-02,1.949618531118681020e+01,2.403525991147769172e-02,9.996178832943048986e-01,-1.365260704778486003e-02,5.276082658232346123e-01,1.966441819868437052e-02,1.318117817318696997e-02,9.997197443278160733e-01,4.634929115977958203e-01,0.000000000000000000e+00,0.000000000000000000e+00,0.000000000000000000e+00,1.000000000000000056e-01
9.995100453559949694e-01,-2.559781445497017263e-02,-1.801169418976786979e-02,2.043390849100255480e+01,2.530253730123973796e-02,9.995447341585789180e-01,-1.643490255447853723e-02,5.387295197168937566e-01,1.842419166683220005e-02,1.597110863355307928e-02,9.997026922292642226e-01,4.972071045037715353e-01,0.000000000000000000e+00,0.000000000000000000e+00,0.000000000000000000e+00,1.000000000000000056e-01
9.995892661009958546e-01,-2.443729367870887265e-02,-1.497056356097046029e-02,2.138134810033048439e+01,2.419719327609298754e-02,9.995789239926333725e-01,-1.601469785193027420e-02,5.749480069537170612e-01,1.535561569042158750e-02,1.564587445270334068e-02,9.997596769621078794e-01,5.177618946135318367e-01,0.000000000000000000e+00,0.000000000000000000e+00,0.000000000000000000e+00,1.000000000000000056e-01
9.996901687779843337e-01,-2.200418692238602023e-02,-1.163538596393789981e-02,2.235841131514469993e+01,2.180956551779224609e-02,9.996243696072386609e-01,-1.659706417580426516e-02,6.091473560000999488e-01,1.199622026182557005e-02,1.633815917462349762e-02,9.997945565235961674e-01,5.482247248503012704e-01,0.000000000000000000e+00,0.000000000000000000e+00,0.000000000000000000e+00,1.000000000000000056e-01
9.997765244926004602e-01,-1.900548642338851027e-02,-9.257027563260404601e-03,2.334435538053096693e+01,1.885408753460877593e-02,9.996913737610390038e-01,-1.617654508861242693e-02,6.292585870330071884e-01,9.561613709718551346e-03,1.599839721900278219e-02,9.998262983287092842e-01,5.697208898236000296e-01,0.000000000000000000e+00,0.000000000000000000e+00,0.000000000000000000e+00,1.000000000000000056e-01
9.998297675160801035e-01,-1.625208345485020314e-02,-8.735317516707089697e-03,2.427817315185199121e+01,1.609740731423763352e-02,9.997173620738993849e-01,-1.749484054695867041e-02,6.603138399546594206e-01,9.017176193278807900e-03,1.735124639271094782e-02,9.998087941112134835e-01,5.851766773368239916e-01,0.000000000000000000e+00,0.000000000000000000e+00,0.000000000000000000e+00,1.000000000000000056e-01
9.998307502498230415e-01,-1.476775222561443023e-02,-1.097198018039093059e-02,2.523182122342478806e+01,1.456803708813016705e-02,9.997306863404055166e-01,-1.806452558858627835e-02,6.800320744575316656e-01,1.123579771422106299e-02,1.790162795794518133e-02,9.997766193336291574e-01,6.103672195035118042e-01,0.000000000000000000e+00,0.000000000000000000e+00,0.000000000000000000e+00,1.000000000000000056e-01
9.998315722748616352e-01,-1.145200740591797647e-02,-1.434149952944232219e-02,2.617607203071589339e+01,1.116620555532192582e-02,9.997405676749767656e-01,-1.985228446329230512e-02,6.981545762943499600e-01,1.456512738957309490e-02,1.968880065646404914e-02,9.997000591141502746e-01,6.296712976992936417e-01,0.000000000000000000e+00,0.000000000000000000e+00,0.000000000000000000e+00,1.000000000000000056e-01
9.998141517776882869e-01,-9.998701221287710841e-03,-1.648295722706212899e-02,2.714219079951805114e+01,9.665390790836799959e-03,9.997496699111070306e-01,-2.017864548211764988e-02,7.104163507025220703e-01,1.668059129414023803e-02,2.001558109373793512e-02,9.996605095669018892e-01,6.555654664724439584e-01,0.000000000000000000e+00,0.000000000000000000e+00,0.000000000000000000e+00,1.000000000000000056e-01
9.998313556506032151e-01,-1.052545833067322807e-02,-1.504908584619810315e-02,2.812375339587306300e+01,1.019274129553902029e-02,9.997056337326120090e-01,-2.201712760917779593e-02,7.211746565947083631e-01,1.527639626218147383e-02,2.186002310625190237e-02,9.996443223002043910e-01,6.820164895826086315e-01,0.000000000000000000e+00,0.000000000000000000e+00,0.000000000000000000e+00,1.000000000000000056e-01
9.998975063302668609e-01,-7.702563048980302397e-03,-1.206844467984260864e-02,2.913122134144872533e+01,7.381034551495006639e-03,9.996225213636555917e-01,-2.646384536528238046e-02,7.285117162416305803e-01,1.226772853724661556e-02,2.637205538149092060e-02,9.995769192670926895e-01,7.067843056070274299e-01,0.000000000000000000e+00,0.000000000000000000e+00,0.000000000000000000e+00,1.000000000000000056e-01
9.999301188926744688e-01,-8.654698699994984451e-03,-8.053168425787409976e-03,3.008775841365546455e+01,8.414450712732602505e-03,9.995322201883767299e-01,-2.940302407061984660e-02,7.225087747566469876e-01,8.303875630378139069e-03,2.933320636593894984e-02,9.995351963056671174e-01,7.307930958352901740e-01,0.000000000000000000e+00,0.000000000000000000e+00,0.000000000000000000e+00,1.000000000000000056e-01
9.999327208716459747e-01,-7.718367758958090234e-03,-8.659129827202620422e-03,3.100521996935937352e+01,7.388497535458956635e-03,9.992692701724303905e-01,-3.750114389224352973e-02,7.106455419960927555e-01,8.942249962699027471e-03,3.743464288858266986e-02,9.992590673481070995e-01,7.629451472775183873e-01,0.000000000000000000e+00,0.000000000000000000e+00,0.000000000000000000e+00,1.000000000000000056e-01
9.998982511088964076e-01,-7.967284796050381687e-03,-1.183257378379525514e-02,3.195735141660988177e+01,7.488529889388799432e-03,9.991728892042349708e-01,-3.996822987520694259e-02,7.148536856697402797e-01,1.214122520448677502e-02,3.987555456968941425e-02,9.991308877210701711e-01,7.775012337155733366e-01,0.000000000000000000e+00,0.000000000000000000e+00,0.000000000000000000e+00,1.000000000000000056e-01
9.998732671088803592e-01,-7.057129230347534976e-03,-1.427048170314007547e-02,3.295012926987885038e+01,6.465565129641869663e-03,9.991348073637341676e-01,-4.108324697231414968e-02,7.335224870829873955e-01,1.454806477054045727e-02,4.098577364476575779e-02,9.990538124496458616e-01,7.961068981541514766e-01,0.000000000000000000e+00,0.000000000000000000e+00,0.000000000000000000e+00,1.000000000000000056e-01
9.998507935589110440e-01,-7.210410870416315843e-03,-1.569715243907559080e-02,3.393041234284990537e+01,6.559422255034816698e-03,9.991320487219401691e-01,-4.113542507837704421e-02,7.488401645252801275e-01,1.598013139169851896e-02,4.102632315694887399e-02,9.990302679143038267e-01,8.141629562839213241e-01,0.000000000000000000e+00,0.000000000000000000e+00,0.000000000000000000e+00,1.000000000000000056e-01
9.998858112930545383e-01,-5.013326164388065033e-03,-1.425590879598883677e-02,3.489740566859393311e+01,4.403161088934668711e-03,9.990861366098170437e-01,-4.251474810574459168e-02,7.422921077358712871e-01,1.445602114189729372e-02,4.244712233873438462e-02,9.989941267384435664e-01,8.457989285384865941e-01,0.000000000000000000e+00,0.000000000000000000e+00,0.000000000000000000e+00,1.000000000000000056e-01
9.999047383197590122e-01,-6.600544885700417377e-03,-1.212217360485169475e-02,3.588972614029833608e+01,6.095618056372514859e-03,9.991311710104924249e-01,-4.122798267818831436e-02,7.643352478006796291e-01,1.238376865922221660e-02,4.115016309097722230e-02,9.990762264969479389e-01,8.616294179148328292e-01,0.000000000000000000e+00,0.000000000000000000e+00,0.000000000000000000e+00,1.000000000000000056e-01
9.999269260123451186e-01,-5.842081427150811954e-03,-1.058360619546531468e-02,3.688427163562108291e+01,5.413307527391433491e-03,9.991810735485467942e-01,-4.009835861961721232e-02,7.763873135323876573e-01,1.080919687655098292e-02,4.003813615756960514e-02,9.991396843864784882e-01,8.908691735622690233e-01,0.000000000000000000e+00,0.000000000000000000e+00,0.000000000000000000e+00,1.000000000000000056e-01
9.999460297032179978e-01,-4.466899840489745380e-03,-9.380004615468577958e-03,3.789005949994199085e+01,4.093863411004336136e-03,9.992143922539057366e-01,-3.941875943037573271e-02,7.875998663955618984e-01,9.548715261396114110e-03,3.937823153054018088e-02,9.991787512344244560e-01,9.073596228713414202e-01,0.000000000000000000e+00,0.000000000000000000e+00,0.000000000000000000e+00,1.000000000000000056e-01
9.999667787066168767e-01,-4.838517944536603957e-03,-6.559742922732218241e-03,3.888678457348085260e+01,4.578945224328893199e-03,9.992277761573458150e-01,-3.902415426729700237e-02,7.894016924510904865e-01,6.743496403538283383e-03,3.899282113089019147e-02,9.992167358268725375e-01,9.448532266047098283e-01,0.000000000000000000e+00,0.000000000000000000e+00,0.000000000000000000e+00,1.000000000000000056e-01
9.999841211752223957e-01,-1.740066369089978164e-03,-5.359996870259367725e-03,3.990601618412186014e+01,1.535598588021322821e-03,9.992796854413918961e-01,-3.791770300439165770e-02,8.006836476852360329e-01,5.422115306270710970e-03,3.790887011220391706e-02,9.992664900978225351e-01,9.625120779798250759e-01,0.000000000000000000e+00,0.000000000000000000e+00,0.000000000000000000e+00,1.000000000000000056e-01
9.999740100622714900e-01,-2.095225133017764377e-03,-6.898494880927715130e-03,4.092168527629097241e+01,1.816485115887969638e-03,9.991913233059672717e-01,-4.016714841625786125e-02,8.134254647071852418e-01,6.977075447777003094e-03,4.015357346129855287e-02,9.991691603309642566e-01,9.971759598319208662e-01,0.000000000000000000e+00,0.000000000000000000e+00,0.000000000000000000e+00,1.000000000000000056e-01
9.999595827455325381e-01,-1.134259562852220002e-03,-8.918874964066575081e-03,4.193489517343206074e+01,8.061009777731664933e-04,9.993255767897198938e-01,-3.671160273138737717e-02,8.168176227334147388e-01,8.954500354246929320e-03,3.670292943536870856e-02,9.992861011213295397e-01,1.033788002225399794e+00,0.000000000000000000e+00,0.000000000000000000e+00,0.000000000000000000e+00,1.000000000000000056e-01
9.999367087864927672e-01,1.049215404983200664e-03,-1.120167702938631819e-02,4.297318826245619050e+01,-1.434233916902720885e-03,9.994064616684716906e-01,-3.441899691125769462e-02,8.186161734494514786e-01,1.115891546290861784e-02,3.443288431629721452e-02,9.993447128410457569e-01,1.064061922516323921e+00,0.000000000000000000e+00,0.000000000000000000e+00,0.000000000000000000e+00,1.000000000000000056e-01
9.999319378675396441e-01,1.336719467313883438e-03,-1.159020334302248573e-02,4.402730759757761092e+01,-1.775222784065585372e-03,9.992797093421881272e-01,-3.790660999164793821e-02,8.148511563374869482e-01,1.153118452431665594e-02,3.792460517998405556e-02,9.992140692091001641e-01,1.095226742124036701e+00,0.000000000000000000e+00,0.000000000000000000e+00,0.000000000000000000e+00,1.000000000000000056e-01
9.999444921020158583e-01,2.267206657081736586e-03,-1.028943578704556369e-02,4.504687230937368980e+01,-2.677721632085754925e-03,9.991936895335535862e-01,-4.005996259590740433e-02,8.288078969711000221e-01,1.019031509339675401e-02,4.008529119637930377e-02,9.991442973404786043e-01,1.125503331631363624e+00,0.000000000000000000e+00,0.000000000000000000e+00,0.000000000000000000e+00,1.000000000000000056e-01
9.999465856805433983e-01,2.930221068760421616e-03,-9.911588687588308161e-03,4.603882224202915552e+01,-3.331120507752528739e-03,9.991668400656917859e-01,-4.067590625054604003e-02,8.236872785066385871e-01,9.784141351522192970e-03,4.070675027103701216e-02,9.991232311684004053e-01,1.148268544235986788e+00,0.000000000000000000e+00,0.000000000000000000e+00,0.000000000000000000e+00,1.000000000000000056e-01
9.999188147263196047e-01,-4.455235978502019092e-03,-1.193795747554862730e-02,4.695918855839320827e+01,4.020497968737666086e-03,9.993366147625286633e-01,-3.619621514817206870e-02,8.141957246127469183e-01,1.209130069080752504e-02,3.614528001475774549e-02,9.992733956131620854e-01,1.180455622800516968e+00,0.000000000000000000e+00,0.000000000000000000e+00,0.000000000000000000e+00,1.000000000000000056e-01
9.998752602492396724e-01,-3.166843376495886899e-03,-1.547368878270409878e-02,4.791187907529955936e+01,2.619768430558471004e-03,9.993751479822167161e-01,-3.524841001935747481e-02,8.187201699937836086e-01,1.557564621084748732e-02,3.520347566009974366e-02,9.992587825716435779e-01,1.196742624616498718e+00,0.000000000000000000e+00,0.000000000000000000e+00,0.000000000000000000e+00,1.000000000000000056e-01
9.998769334212515014e-01,-6.491135689444841803e-04,-1.567471415014316111e-02,4.885483366471148514e+01,1.047781023076158080e-04,9.993976689311677708e-01,-3.470285804508296129e-02,8.381727891421508758e-01,1.568779887885368707e-02,3.469694491626768712e-02,9.992747444921311617e-01,1.228497014927870445e+00,0.000000000000000000e+00,0.000000000000000000e+00,0.000000000000000000e+00,1.000000000000000056e-01
9.999039217085394782e-01,2.367691370526794035e-03,-1.365801557536214933e-02,4.982197131050759253e+01,-2.843784078863327569e-03,9.993852017405042698e-01,-3.494469107324340434e-02,8.505312240904118193e-01,1.356688040765840694e-02,3.498017409427155860e-02,9.992959157208333165e-01,1.255086992066742013e+00,0.000000000000000000e+00,0.000000000000000000e+00,0.000000000000000000e+00,1.000000000000000056e-01
9.999329594351317185e-01,3.959726522926219038e-03,-1.088104779710072356e-02,5.081685533184894865e+01,-4.347219995690306503e-03,9.993487309683910524e-01,-3.582199869040655904e-02,8.621005694916216155e-01,1.073211598932038296e-02,3.586689947193726080e-02,9.992989478672844594e-01,1.292452281769487232e+00,0.000000000000000000e+00,0.000000000000000000e+00,0.000000000000000000e+00,1.000000000000000056e-01
9.999226351932926082e-01,6.574985409410507436e-03,-1.055903380842236096e-02,5.174778657724675668e+01,-6.977138378296391524e-03,9.992337732987033316e-01,-3.851215183919948909e-02,8.594062354708660312e-01,1.029772635835071552e-02,3.858284419403903293e-02,9.992023423540133953e-01,1.322332319020084634e+00,0.000000000000000000e+00,0.000000000000000000e+00,0.000000000000000000e+00,1.000000000000000056e-01
9.998999631266132226e-01,8.271216326238848074e-03,-1.147391475836024438e-02,5.268057626294946516e+01,-8.742453172199569564e-03,9.990941354262171670e-01,-4.164706555654837383e-02,8.537272361555217071e-01,1.111904905688677891e-02,4.174320947680112970e-02,9.990664998940993469e-01,1.345655801342449998e+00,0.000000000000000000e+00,0.000000000000000000e+00,0.000000000000000000e+00,1.000000000000000056e-01
9.998808448877763988e-01,9.284729191560280037e-03,-1.233247056943081663e-02,5.365989949843448414e+01,-9.820952478795826751e-03,9.989763573677481467e-01,-4.415638473283801935e-02,8.506718802365198506e-01,1.190986645247220713e-02,4.427223988126831322e-02,9.989485091119459925e-01,1.380428435076539007e+00,0.000000000000000000e+00,0.000000000000000000e+00,0.000000000000000000e+00,1.000000000000000056e-01
9.999009669801932620e-01,9.287041090373149288e-03,-1.057388764173940003e-02,5.462014010432062605e+01,-9.777528831457514558e-03,9.988318750224833842e-01,-4.732108799488955742e-02,8.498656788512898297e-01,1.012206313082592880e-02,4.741978813592258313e-02,9.988237619976407800e-01,1.391648888254022554e+00,0.000000000000000000e+00,0.000000000000000000e+00,0.000000000000000000e+00,1.000000000000000056e-01
9.999373093517520683e-01,8.986182873411937069e-03,-6.680260754201022312e-03,5.557173307711985899e+01,-9.307561253738412879e-03,9.987185781137779550e-01,-4.974506039700256343e-02,8.539085486649083956e-01,6.224682312088531712e-03,4.980411878307981766e-02,9.987396072462303431e-01,1.418549215279779396e+00,0.000000000000000000e+00,0.000000000000000000e+00,0.000000000000000000e+00,1.000000000000000056e-01
9.999562097218435142e-01,9.090856708648259454e-03,-2.221477667541573581e-03,5.652386278492814853e+01,-9.187294298312123630e-03,9.987978743208224541e-01,-4.814976506362888403e-02,8.407556288872063410e-01,1.781084557443174355e-03,4.816806594113241108e-02,9.988376570600899784e-01,1.456611197911899414e+00,0.000000000000000000e+00,0.000000000000000000e+00,0.000000000000000000e+00,1.000000000000000056e-01
9.999608923907601365e-01,8.841717802943557802e-03,-1.942044480391552955e-04,5.748582756492394452e+01,-8.841529702513405836e-03,9.989544150762033059e-01,-4.485425233219357544e-02,8.324052001381542221e-01,-2.025872505871271427e-04,4.485421525401632470e-02,9.989935226678661184e-01,1.464955034802337019e+00,0.000000000000000000e+00,0.000000000000000000e+00,0.000000000000000000e+00,1.000000000000000056e-01
9.999679621083653602e-01,6.115342550562257416e-03,-5.165011358367932286e-03,5.837988949596118715e+01,-6.343211975954892064e-03,9.989524335695072477e-01,-4.531886061439943658e-02,8.340972793755445647e-01,4.882460309197555505e-03,4.535017145555840512e-02,9.989592201537961236e-01,1.487170426469802686e+00,0.000000000000000000e+00,0.000000000000000000e+00,0.000000000000000000e+00,1.000000000000000056e-01
9.999363959028421123e-01,2.516938629871596101e-03,-1.099405151744024464e-02,5.929431449671578491e+01,-2.998682840278095712e-03,9.990259614617531536e-01,-4.402426860997365327e-02,8.373860712997471811e-01,1.087253650525450005e-02,4.405443615974615618e-02,9.989699668181164505e-01,1.504751310376030604e+00,0.000000000000000000e+00,0.000000000000000000e+00,0.000000000000000000e+00,1.000000000000000056e-01
9.998732569426038719e-01,2.758954134104996733e-03,-1.567986680669191876e-02,6.023523012649403086e+01,-3.471309100005220364e-03,9.989543356262728935e-01,-4.558711820902951184e-02,8.342382282936592341e-01,1.553769816034263757e-02,4.563577002262275695e-02,9.988373022821687153e-01,1.533677303254274316e+00,0.000000000000000000e+00,0.000000000000000000e+00,0.000000000000000000e+00,1.000000000000000056e-01
9.998883647153795629e-01,1.398052522108442306e-03,-1.487627493526606434e-02,6.113536625954113646e+01,-2.031419327900780766e-03,9.990881769065995677e-01,-4.264607954972455400e-02,8.421356338346982495e-01,1.480308894516378648e-02,4.267153869492674306e-02,9.989794834445244742e-01,1.554294719197874874e+00,0.000000000000000000e+00,0.000000000000000000e+00,0.000000000000000000e+00,1.000000000000000056e-01
9.999253735477199312e-01,1.094281316103348474e-03,-1.216757510163801910e-02,6.205294314810215184e+01,-1.603979229405520139e-03,9.991180318793357884e-01,-4.195933298080582741e-02,8.547611129312780998e-01,1.211092837417553254e-02,4.197571824238069405e-02,9.990452264497097223e-01,1.593054087513619432e+00,0.000000000000000000e+00,0.000000000000000000e+00,0.000000000000000000e+00,1.000000000000000056e-01
9.999212272789166356e-01,-8.350363713297866272e-04,-1.252365566772451443e-02,6.293609623409486886e+01,3.186296221049505226e-04,9.991516953877360718e-01,-4.117994753489451903e-02,8.608700936952041749e-01,1.254741854682026557e-02,4.117271327070034376e-02,9.990732555572386930e-01,1.625164144028360624e+00,0.000000000000000000e+00,0.000000000000000000e+00,0.000000000000000000e+00,1.000000000000000056e-01
9.999207677170505182e-01,-2.963036817167829552e-03,-1.223432470405791395e-02,6.373821508711899497e+01,2.483332132963687357e-03,9.992345457347586724e-01,-3.904043636753955909e-02,8.688951665774761191e-01,1.234063813834616191e-02,3.900696121297612257e-02,9.991627323050373821e-01,1.649032526636808882e+00,0.000000000000000000e+00,0.000000000000000000e+00,0.000000000000000000e+00,1.000000000000000056e-01
9.999230366646681967e-01,-4.644043840463682633e-03,-1.150450364494121254e-02,6.454640447990011864e+01,4.204445407419532370e-03,9.992709904189416292e-01,-3.794483292839209709e-02,8.777343523509775203e-01,1.167233421919725185e-02,3.789354250997670204e-02,9.992136088194155663e-01,1.673542479106060021e+00,0.000000000000000000e+00,0.000000000000000000e+00,0.000000000000000000e+00,1.000000000000000056e-01
9.999089797690231540e-01,-5.450936169333269604e-03,-1.234177751172847032e-02,6.532953828245362615e+01,4.967804160898935811e-03,9.992329412966238777e-01,-3.884391779309685766e-02,8.849640714371885819e-01,1.254404636032996692e-02,3.877907067705163580e-02,9.991690700668901526e-01,1.691257356429168857e+00,0.000000000000000000e+00,0.000000000000000000e+00,0.000000000000000000e+00,1.000000000000000056e-01
9.999086533221875905e-01,-5.438858240966804210e-03,-1.237351334278167896e-02,6.612004757278990041e+01,4.931362140940091961e-03,9.991599802377255646e-01,-4.068188243902538803e-02,8.915661154374751041e-01,1.258438233860651075e-02,4.061714800896841504e-02,9.990955312725472437e-01,1.714896831013536405e+00,0.000000000000000000e+00,0.000000000000000000e+00,0.000000000000000000e+00,1.000000000000000056e-01
9.999178596396962604e-01,-6.724722212289028188e-03,-1.091109915344370268e-02,6.686399308155660037e+01,6.272782709809423228e-03,9.991419748365550912e-01,-4.093856759565735193e-02,8.987609868971946359e-01,1.117703765065901703e-02,4.086676193284999314e-02,9.991020876759689751e-01,1.740968696584267006e+00,0.000000000000000000e+00,0.000000000000000000e+00,0.000000000000000000e+00,1.000000000000000056e-01
9.999211447729950963e-01,-9.640883979912692053e-03,-8.047210196632466339e-03,6.764961032848371758e+01,9.313568838053062210e-03,9.991656133391497718e-01,-3.976599748653879274e-02,9.200604614171680184e-01,8.423875079900559198e-03,3.968791348365929839e-02,9.991766149445010514e-01,1.763650708231484510e+00,0.000000000000000000e+00,0.000000000000000000e+00,0.000000000000000000e+00,1.000000000000000056e-01
9.999334225031066836e-01,-1.033533248485089991e-02,-5.131419262838689092e-03,6.837904236082263765e+01,1.012980171807389106e-02,9.992040999355215058e-01,-3.858178053430030841e-02,9.330960518747908328e-01,5.526090695596072057e-03,3.852723159626178506e-02,9.992422702964242065e-01,1.784516095828727167e+00,0.000000000000000000e+00,0.000000000000000000e+00,0.000000000000000000e+00,1.000000000000000056e-01
9.999162464866283573e-01,-1.245639634695785633e-02,-3.512577705862917829e-03,6.909431248598652076e+01,1.232166077558844233e-02,9.992731484599223224e-01,-3.607424902510722453e-02,9.422040531781394890e-01,3.959379727123362239e-03,3.602794688906958698e-02,9.993429393131942895e-01,1.803360013098500803e+00,0.000000000000000000e+00,0.000000000000000000e+00,0.000000000000000000e+00,1.000000000000000056e-01
9.999096061078313058e-01,-1.182245434935853649e-02,-6.403841537629855959e-03,6.975048511152586173e+01,1.159542912456226239e-02,9.993409325662734322e-01,-3.439835055621290327e-02,9.635690356704469384e-01,6.806293903365717018e-03,3.432098586474742474e-02,9.993876846812616010e-01,1.827995267920061062e+00,0.000000000000000000e+00,0.000000000000000000e+00,0.000000000000000000e+00,1.000000000000000056e-01
9.998475881070425508e-01,-1.271681416474456858e-02,-1.196173875442227592e-02,7.042930143192238290e+01,1.231379731902262908e-02,9.993734350271193945e-01,-3.318294377661613892e-02,9.772250625816759628e-01,1.237622527735040244e-02,3.303059187473619818e-02,9.993777109022838889e-01,1.842547330918542281e+00,0.000000000000000000e+00,0.000000000000000000e+00,0.000000000000000000e+00,1.000000000000000056e-01
9.997621878736587808e-01,-1.207050548523188639e-02,-1.816234003111630302e-02,7.116132411452824158e+01,1.142123140503086866e-02,9.993066426457488660e-01,-3.543711948330971473e-02,9.748069431449328803e-01,1.857749098418942646e-02,3.522125581822174722e-02,9.992068554445169282e-01,1.874885263439961092e+00,0.000000000000000000e+00,0.000000000000000000e+00,0.000000000000000000e+00,1.000000000000000056e-01
9.996932082226087646e-01,-1.388064791354092983e-02,-2.051382575455100790e-02,7.186273009357849162e+01,1.318497123250867223e-02,9.993461204117652930e-01,-3.366731577585788115e-02,9.892392337701858551e-01,2.096773633909218906e-02,3.338651271776856000e-02,9.992225451826838301e-01,1.888928312063909321e+00,0.000000000000000000e+00,0.000000000000000000e+00,0.000000000000000000e+00,1.000000000000000056e-01
9.997402669429371613e-01,-1.467390456996589196e-02,-1.743775150460431453e-02,7.252480700462459140e+01,1.408764611277825082e-02,9.993467695481658142e-01,-3.328021064606242335e-02,1.005684096330448085e+00,1.791471126939867334e-02,3.302590980301219753e-02,9.992939269313195760e-01,1.913874186734155103e+00,0.000000000000000000e+00,0.000000000000000000e+00,0.000000000000000000e+00,1.000000000000000056e-01
9.997723921214964893e-01,-1.629192140931304614e-02,-1.377451445435909708e-02,7.313073227020936429e+01,1.580033842980885575e-02,9.992598256108631283e-01,-3.507349748244244919e-02,1.019363208102834317e+00,1.433573357607087484e-02,3.484787248800360476e-02,9.992898040738210641e-01,1.940850282941609661e+00,0.000000000000000000e+00,0.000000000000000000e+00,0.000000000000000000e+00,1.000000000000000056e-01
9.997197367852985739e-01,-1.713396637722789176e-02,-1.633631164361800184e-02,7.372175573880005572e+01,1.653066211703514352e-02,9.992014321729933979e-01,-3.637629933639861118e-02,1.020350864542710623e+00,1.694653628048528940e-02,3.609605434978841593e-02,9.992046285763849234e-01,1.971404401570149068e+00,0.000000000000000000e+00,0.000000000000000000e+00,0.000000000000000000e+00,1.000000000000000056e-01
9.996379633861571801e-01,-1.801172178574396085e-02,-1.998799728559247715e-02,7.436300407356472419e+01,1.712945403491705418e-02,9.989080418239734138e-01,-4.346614526111934607e-02,1.016194796777262210e+00,2.074907134407609141e-02,4.310802544431860395e-02,9.988549314993896422e-01,1.999092120798579231e+00,0.000000000000000000e+00,0.000000000000000000e+00,0.000000000000000000e+00,1.000000000000000056e-01
9.995882217647147350e-01,-1.722184751082722620e-02,-2.295201249497290721e-02,7.498902916408221131e+01,1.612453984508799287e-02,9.987569420084618788e-01,-4.716534749888058597e-02,1.032361998612524312e+00,2.373575623484004346e-02,4.677583519532073353e-02,9.986233700037969729e-01,2.036556738137205169e+00,0.000000000000000000e+00,0.000000000000000000e+00,0.000000000000000000e+00,1.000000000000000056e-01
9.996724976955886355e-01,-1.338462198797954819e-02,-2.181167681087761712e-02,7.559607277665715230e+01,1.239802818912558516e-02,9.989209947098797171e-01,-4.475639870282346194e-02,1.033898412939503242e+00,2.238718937439287959e-02,4.447131909515777276e-02,9.987597887028951682e-01,2.059933436080959357e+00,0.000000000000000000e+00,0.000000000000000000e+00,0.000000000000000000e+00,1.000000000000000056e-01
9.997854771422886033e-01,-8.881901730240081283e-03,-1.871126711424384373e-02,7.616491117883889217e+01,8.121291762801786246e-03,9.991529703779228333e-01,-4.034087759428425790e-02,1.064404043600881034e+00,1.905372182723555699e-02,4.018026389445365776e-02,9.990107617427864684e-01,2.073589800262300553e+00,0.000000000000000000e+00,0.000000000000000000e+00,0.000000000000000000e+00,1.000000000000000056e-01
9.998725114256896696e-01,-2.593116323893825299e-03,-1.575552737977374204e-02,7.672406893830573438e+01,1.928723988377708046e-03,9.991141237247441742e-01,-4.203864647575062535e-02,1.056418847117098991e+00,1.585058103227452928e-02,4.200289896503858061e-02,9.989917494951957577e-01,2.096810357149627713e+00,0.000000000000000000e+00,0.000000000000000000e+00,0.000000000000000000e+00,1.000000000000000056e-01
9.999266306909289082e-01,3.872363156821213327e-03,-1.147771922762944562e-02,7.730080827798153109e+01,-4.410614660072945288e-03,9.988734895200204189e-01,-4.724720533976611847e-02,1.036692905812690135e+00,1.128183111941278259e-02,4.729436264164438297e-02,9.988172823639535070e-01,2.118177455215217719e+00,0.000000000000000000e+00,0.000000000000000000e+00,0.000000000000000000e+00,1.000000000000000056e-01
9.998763774668011362e-01,1.285316802295925938e-02,-9.056812664540747973e-03,7.784803575625112160e+01,-1.329940469677745422e-02,9.986066913699537251e-01,-5.106664063618659294e-02,1.011947379487720067e+00,8.387825616829545569e-03,5.118077786559781933e-02,9.986541805642702441e-01,2.141298945178926161e+00,0.000000000000000000e+00,0.000000000000000000e+00,0.000000000000000000e+00,1.000000000000000056e-01
9.997068845336579690e-01,2.248888804348843015e-02,-8.966322020478671370e-03,7.834542433272001460e+01,-2.290372761397009918e-02,9.985255205717493698e-01,-4.921589202993250506e-02,1.009429782243503659e+00,7.846290677290838553e-03,4.940682828804490029e-02,9.987479166642216910e-01,2.156990204162686720e+00,0.000000000000000000e+00,0.000000000000000000e+00,0.000000000000000000e+00,1.000000000000000056e-01
9.992482600836535278e-01,3.772177831926052521e-02,-8.943274580588023159e-03,7.883866401469667551e+01,-3.808245226191216831e-02,9.982904404713386359e-01,-4.433873355498374469e-02,1.010368550354471706e+00,7.255449642193489979e-03,4.464598418641062272e-02,9.989765235212069161e-01,2.161708443329694695e+00,0.000000000000000000e+00,0.000000000000000000e+00,0.000000000000000000e+00,1.000000000000000056e-01
9.985491632439157383e-01,5.331475002397106921e-02,-7.556852172506635899e-03,7.931804914686850339e+01,-5.356880059617483147e-02,9.978109210714816157e-01,-3.877820770959769514e-02,9.876066206263610647e-01,5.472859176235044844e-03,3.912675836768132742e-02,9.992192675244379041e-01,2.172464651182936191e+00,0.000000000000000000e+00,0.000000000000000000e+00,0.000000000000000000e+00,1.000000000000000056e-01
9.968939839586531404e-01,7.844754205543785774e-02,-6.954702905575297148e-03,7.981124710273635969e+01,-7.866332265942346802e-02,9.961054569912235479e-01,-3.982461827168252283e-02,9.612499736693524977e-01,3.803474099286696750e-03,4.024800240715186578e-02,9.991824817754813015e-01,2.182671797269019276e+00,0.000000000000000000e+00,0.000000000000000000e+00,0.000000000000000000e+00,1.000000000000000056e-01
9.947539114571588570e-01,1.022008458560254018e-01,-4.432013875864062973e-03,8.030613822203117991e+01,-1.022967214588745566e-01,9.938989635314753324e-01,-4.123385829417874904e-02,9.136141908492515507e-01,1.908388020058528201e-04,4.147092231156565556e-02,9.991396930275464605e-01,2.203890616767681276e+00,0.000000000000000000e+00,0.000000000000000000e+00,0.000000000000000000e+00,1.000000000000000056e-01
9.917599627473824286e-01,1.280928783249293268e-01,-2.095426864713501383e-03,8.078545405806309532e+01,-1.280742657080117808e-01,9.909641747514127408e-01,-3.983700318303340371e-02,8.552867182073152774e-01,-3.026343447811365162e-03,3.977711504981558399e-02,9.992039943693428183e-01,2.213573002671969103e+00,0.000000000000000000e+00,0.000000000000000000e+00,0.000000000000000000e+00,1.000000000000000056e-01
9.874928899210280164e-01,1.576617325125952707e-01,-7.552857361687991683e-04,8.127408466363461059e+01,-1.575703481839272613e-01,9.867331814856032945e-01,-3.910516498488943171e-02,7.756189774120836322e-01,-5.420122564328009110e-03,3.873508301819353350e-02,9.992348150534794415e-01,2.217131233768191212e+00,0.000000000000000000e+00,0.000000000000000000e+00,0.000000000000000000e+00,1.000000000000000056e-01
