1.000000000000000000e+00,-1.076327794963504398e-10,1.406495638616561176e-10,8.390882277366123370e-16,1.076327794729498622e-10,1.000000000000000000e+00,1.663751312944143745e-10,4.369247067278855748e-16,-1.406495638795635439e-10,-1.663751312792758837e-10,1.000000000000000000e+00,-6.058611754273899076e-17,0.000000000000000000e+00,0.000000000000000000e+00,0.000000000000000000e+00,1.000000000000000056e-01
9.999933566003013086e-01,-3.567959746804423744e-03,-7.459346538457878057e-04,6.452200006309528613e-01,3.567006346333092583e-03,9.999928246603019266e-01,-1.275575805601224548e-03,1.928899940577231964e-02,7.504805046396367026e-04,1.272906577797084130e-03,9.999989082433322629e-01,1.099673372094234387e-02,0.000000000000000000e+00,0.000000000000000000e+00,0.000000000000000000e+00,1.000000000000000056e-01
9.999538938915968345e-01,-9.509216528081220268e-03,-1.335998523612638624e-03,1.325731881059519557e+00,9.510563025448238658e-03,9.999542683901434525e-01,1.005146393324310135e-03,2.655614685045028581e-02,1.326379271552846975e-03,-1.017806148096462400e-03,9.999986023933598034e-01,1.629811445363517353e-02,0.000000000000000000e+00,0.000000000000000000e+00,0.000000000000000000e+00,1.000000000000000056e-01
9.998851179975719594e-01,-1.507057137050050316e-02,-1.621322160549111243e-03,2.045350724315872171e+00,1.507292748021397608e-02,9.998853442528552460e-01,1.450932639864385481e-03,3.379138842591419833e-02,1.599269882742566278e-03,-1.475204025165350414e-03,9.999976330516618939e-01,1.666071598979771903e-02,0.000000000000000000e+00,0.000000000000000000e+00,0.000000000000000000e+00,1.000000000000000056e-01
9.997926821479867776e-01,-2.025506895125581130e-02,-2.079640621480206494e-03,2.750908419913860481e+00,2.026145021319377543e-02,9.997899263250413782e-01,3.094649289762397334e-03,3.814499792213078139e-02,2.016521408988166536e-03,-3.136144248632366429e-03,9.999930490961719265e-01,1.805897919979162006e-02,0.000000000000000000e+00,0.000000000000000000e+00,0.000000000000000000e+00,1.000000000000000056e-01
9.996766254910747218e-01,-2.534863887158455426e-02,-2.022610722705728368e-03,3.459536129743784105e+00,2.535784580978766439e-02,9.996675572636680718e-01,4.664183784761665938e-03,5.905296579314744942e-02,1.903707610071913702e-03,-4.713964557460325472e-03,9.999870771342429521e-01,2.780860044518379537e-02,0.000000000000000000e+00,0.000000000000000000e+00,0.000000000000000000e+00,1.000000000000000056e-01
9.995651497277050490e-01,-2.943042626877421034e-02,-1.833428337548916780e-03,4.191845322770190840e+00,2.944009120429772267e-02,9.995514770528268755e-01,5.488693049773824169e-03,8.494303947102797847e-02,1.671071426754226893e-03,-5.540282587580570677e-03,9.999832562543916614e-01,3.496402409746889733e-02,0.000000000000000000e+00,0.000000000000000000e+00,0.000000000000000000e+00,1.000000000000000056e-01
9.994062380347654706e-01,-3.436984696104510018e-02,-2.425901290640196210e-03,4.958733859517552744e+00,3.438934711182652093e-02,9.993722341826489775e-01,8.515300934378208439e-03,1.212523146511988448e-01,2.131708802791841204e-03,-8.593670034103701935e-03,9.999608015582035492e-01,4.900860387600522450e-02,0.000000000000000000e+00,0.000000000000000000e+00,0.000000000000000000e+00,1.000000000000000056e-01
9.992913353742233218e-01,-3.759206396524566313e-02,-1.914098439077333014e-03,5.718887098111710365e+00,3.760798016966281770e-02,9.992511468966365218e-01,9.098640190421815321e-03,1.590248935667779306e-01,1.570628396485994772e-03,-9.164177682115796919e-03,9.999567745527057072e-01,4.881267818004930009e-02,0.000000000000000000e+00,0.000000000000000000e+00,0.000000000000000000e+00,1.000000000000000056e-01
9.991443467874568940e-01,-4.135867082370996151e-02,1.860923481780520430e-04,6.512916392414675570e+00,4.135569462209041924e-02,9.991098701283894767e-01,8.317086891283876141e-03,2.042057927635472503e-01,-5.299103607688636494e-04,-8.302274370843588588e-03,9.999653951188914869e-01,5.351739716735853108e-02,0.000000000000000000e+00,0.000000000000000000e+00,0.000000000000000000e+00,1.000000000000000056e-01
9.990424950800119719e-01,-4.369088115109098780e-02,2.280335182684658721e-03,7.327450951313896788e+00,4.367789177279832180e-02,9.990307172394630175e-01,5.465142476437481571e-03,2.386527952670731978e-01,-2.516901783515645800e-03,-5.360309342312853144e-03,9.999824659908627122e-01,6.194170636038328487e-02,0.000000000000000000e+00,0.000000000000000000e+00,0.000000000000000000e+00,1.000000000000000056e-01
9.989243290704685752e-01,-4.619008235745669655e-02,4.081798981511644726e-03,8.141604021005296232e+00,4.616049853768126876e-02,9.989090384520362687e-01,7.066914006908092682e-03,2.883072079719279923e-01,-4.403767235768446704e-03,-6.870894457032187055e-03,9.999666982672440474e-01,6.036254890335173567e-02,0.000000000000000000e+00,0.000000000000000000e+00,0.000000000000000000e+00,1.000000000000000056e-01
9.988862807928375886e-01,-4.711176275731776553e-02,2.584541303722110491e-03,8.953998748030139510e+00,4.709544841412227623e-02,9.988720924795868594e-01,6.046619230969550382e-03,3.253089662842693630e-01,-2.866493070842096851e-03,-5.918164863350009602e-03,9.999783790373294456e-01,5.795818993237859124e-02,0.000000000000000000e+00,0.000000000000000000e+00,0.000000000000000000e+00,1.000000000000000056e-01
9.987680508970735449e-01,-4.955195791069126610e-02,2.642721036697287355e-03,9.730397950801627616e+00,4.953283595629641434e-02,9.987488855954155254e-01,6.867436497144903569e-03,3.809393624589130778e-01,-2.979709614601846503e-03,-6.728074697323861535e-03,9.999729268042609753e-01,7.094093076625966610e-02,0.000000000000000000e+00,0.000000000000000000e+00,0.000000000000000000e+00,1.000000000000000056e-01
9.986065404662932687e-01,-5.262740734365507073e-02,3.915780155531053963e-03,1.055756998315769657e+01,5.260265999818142940e-02,9.985964285699546750e-01,6.175192988649997293e-03,4.305428242733324029e-01,-4.235268475217778689e-03,-5.960607654958457839e-03,9.999732664713224528e-01,7.161695396226400168e-02,0.000000000000000000e+00,0.000000000000000000e+00,0.000000000000000000e+00,1.000000000000000056e-01
9.985415577792714492e-01,-5.377351493849290981e-02,4.813156854446984378e-03,1.137396723408330779e+01,5.374170563032820008e-02,9.985336443410427476e-01,6.510775294786268208e-03,4.910594801911004059e-01,-5.156206327231377395e-03,-6.242612446382389199e-03,9.999672211258503474e-01,8.350308213687991643e-02,0.000000000000000000e+00,0.000000000000000000e+00,0.000000000000000000e+00,1.000000000000000056e-01
9.984251215038104643e-01,-5.600795721075651351e-02,3.222650955252271028e-03,1.223799795294976533e+01,5.598055544026767777e-02,9.983994590856244411e-01,8.043476246721106143e-03,5.486832699679067282e-01,-3.667991643997730797e-03,-7.850402958480402066e-03,9.999624578006361952e-01,8.585148330260067295e-02,0.000000000000000000e+00,0.000000000000000000e+00,0.000000000000000000e+00,1.000000000000000056e-01
9.982641986865226080e-01,-5.886960828190943712e-02,1.720128335159569390e-03,1.312572953308637658e+01,5.885082868704872433e-02,9.982220125005424327e-01,9.454825340239836340e-03,6.209652489110818463e-01,-2.273671832635983710e-03,-9.337182664023335743e-03,9.999538226519743001e-01,8.448553716284619430e-02,0.000000000000000000e+00,0.000000000000000000e+00,0.000000000000000000e+00,1.000000000000000056e-01
9.984965010302858657e-01,-5.478749338877627467e-02,1.751570281506369033e-03,1.399644034139608095e+01,5.476146007163285728e-02,9.984213478953241072e-01,1.248977812881995296e-02,6.700020087827600612e-01,-2.433088798054987029e-03,-1.237508121423794467e-02,9.999204655590572255e-01,8.797730712049169066e-02,0.000000000000000000e+00,0.000000000000000000e+00,0.000000000000000000e+00,1.000000000000000056e-01
9.973737451403071885e-01,-7.241006673582826847e-02,1.547494785257821611e-03,1.498910791342935944e+01,7.238509367672223138e-02,9.972978634472671189e-01,1.254471111378303687e-02,7.842165159921226092e-01,-2.451676611964128966e-03,-1.239974995026189679e-02,9.999201145506381172e-01,8.779596055237723351e-02,0.000000000000000000e+00,0.000000000000000000e+00,0.000000000000000000e+00,1.000000000000000056e-01
9.971577077177394832e-01,-7.526704027347309867e-02,3.373216206315199361e-03,1.596059173934256492e+01,7.522396281418929076e-02,9.971007675323976249e-01,1.146362965351446425e-02,8.545883710062620597e-01,-4.226269943180861050e-03,-1.117729997695551120e-02,9.999286007548701116e-01,1.002272081030595591e-01,0.000000000000000000e+00,0.000000000000000000e+00,0.000000000000000000e+00,1.000000000000000056e-01
9.970276021825906776e-01,-7.689393308815162253e-02,4.825302090919306001e-03,1.687895461820831855e+01,7.683588553493961304e-02,9.969803782834620876e-01,1.124153067097323488e-02,9.427584530423496201e-01,-5.675137011158930787e-03,-1.083736001061311183e-02,9.999251694241448885e-01,1.057232809690156899e-01,0.000000000000000000e+00,0.000000000000000000e+00,0.000000000000000000e+00,1.000000000000000056e-01
9.968252325074676845e-01,-7.938464307469936254e-02,6.126522695266125619e-03,1.775537389645078790e+01,7.931311668410398474e-02,9.967874174633200024e-01,1.114782080313006171e-02,1.019300393953832318e+00,-6.991806510961927866e-03,-1.062651545463425690e-02,9.999190926325017825e-01,1.137373515663613888e-01,0.000000000000000000e+00,0.000000000000000000e+00,0.000000000000000000e+00,1.000000000000000056e-01
9.969065756179101845e-01,-7.839112715063732695e-02,5.666628082433728189e-03,1.865735850754455072e+01,7.832980881131869355e-02,9.968739205855381424e-01,1.033573935432380297e-02,1.108451594004052021e+00,-6.459144010956463164e-03,-9.859900631896328232e-03,9.999305284959424389e-01,1.121971773628129415e-01,0.000000000000000000e+00,0.000000000000000000e+00,0.000000000000000000e+00,1.000000000000000056e-01
9.966223635411435300e-01,-8.190058051874569978e-02,6.013268691579503299e-03,1.958571346509668132e+01,8.184721156351328075e-02,9.966074224848676666e-01,8.641724789989327360e-03,1.197323216981990068e+00,-6.700630488407363118e-03,-8.120366910483296785e-03,9.999445790604082340e-01,1.222691403893832324e-01,0.000000000000000000e+00,0.000000000000000000e+00,0.000000000000000000e+00,1.000000000000000056e-01
9.965718777655621086e-01,-8.231748012062457820e-02,8.265888543417296286e-03,2.051527171748081102e+01,8.224913408226038058e-02,9.965772874979369478e-01,8.293972870257865920e-03,1.278333235804675061e+00,-8.920335730227532678e-03,-7.585677942332960666e-03,9.999314402000845092e-01,1.221973656364016420e-01,0.000000000000000000e+00,0.000000000000000000e+00,0.000000000000000000e+00,1.000000000000000056e-01
9.965868395073672614e-01,-8.174640396199017722e-02,1.149768498438074639e-02,2.143197008082832866e+01,8.165034788052810688e-02,9.966240160471090404e-01,8.590187956059695817e-03,1.366849351817271074e+00,-1.216108595914356001e-02,-7.622078287108371812e-03,9.998970006510068398e-01,1.176882286820641055e-01,0.000000000000000000e+00,0.000000000000000000e+00,0.000000000000000000e+00,1.000000000000000056e-01
9.966626907455843343e-01,-8.031906081588076340e-02,1.457152515787643772e-02,2.237879800398198071e+01,8.018015748750766114e-02,9.967314263387992979e-01,9.879579641922384484e-03,1.463303736833668767e+00,-1.531741561263678074e-02,-8.678261247361948247e-03,9.998450202709779910e-01,1.191965340889115238e-01,0.000000000000000000e+00,0.000000000000000000e+00,0.000000000000000000e+00,1.000000000000000056e-01
9.967144371992406882e-01,-7.904755326296923623e-02,1.765828422409666115e-02,2.333871351392167171e+01,7.886161412906568524e-02,9.968249908542585747e-01,1.099015128947917336e-02,1.541201319981554407e+00,-1.847096357961024865e-02,-9.561481660565664814e-03,9.997836773887116557e-01,1.168485003701487668e-01,0.000000000000000000e+00,0.000000000000000000e+00,0.000000000000000000e+00,1.000000000000000056e-01
9.968907224103108478e-01,-7.677012444606096109e-02,1.775487439507246468e-02,2.426121588769325044e+01,7.659417748337696286e-02,9.970082445152317341e-01,1.038712396676161331e-02,1.617708817503814789e+00,-1.849917695178458776e-02,-8.994907514379191921e-03,9.997884136610677430e-01,1.098374033148207390e-01,0.000000000000000000e+00,0.000000000000000000e+00,0.000000000000000000e+00,1.000000000000000056e-01
9.971131268055962726e-01,-7.418868560365760034e-02,1.616945516610291886e-02,2.521956126646042406e+01,7.405012793356902101e-02,9.972138494628949301e-01,9.006497233482237477e-03,1.691103820080102071e+00,-1.679258482155221097e-02,-7.783146394377395659e-03,9.998287011919665401e-01,9.828366954246624265e-02,0.000000000000000000e+00,0.000000000000000000e+00,0.000000000000000000e+00,1.000000000000000056e-01
9.973786045729483574e-01,-7.124828825284662548e-02,1.263331156734726936e-02,2.616351105103636243e+01,7.114800344715838110e-02,9.974319157123030521e-01,8.217975661217926525e-03,1.771559129457480397e+00,-1.318638485717491850e-02,-7.297598202457338847e-03,9.998864257078771134e-01,1.001501193907278486e-01,0.000000000000000000e+00,0.000000000000000000e+00,0.000000000000000000e+00,1.000000000000000056e-01
9.975045621943916530e-01,-6.980076460335789268e-02,1.060668007256498034e-02,2.711950558778612219e+01,6.972848342587494030e-02,9.975411752809251187e-01,7.038623322641750051e-03,1.840064429215884312e+00,-1.107190139509066189e-02,-6.281471160259587995e-03,9.999189747772367909e-01,9.400105175864527374e-02,0.000000000000000000e+00,0.000000000000000000e+00,0.000000000000000000e+00,1.000000000000000056e-01
9.976345729688133046e-01,-6.778035556348091517e-02,1.144911424615568940e-02,2.807904931114881819e+01,6.771560157941064473e-02,9.976869087327268071e-01,5.952263945272924343e-03,1.905508773412611490e+00,-1.182607796659318131e-02,-5.162900640510185470e-03,9.999167407023967780e-01,1.014494794277847195e-01,0.000000000000000000e+00,0.000000000000000000e+00,0.000000000000000000e+00,1.000000000000000056e-01
9.975237805806598246e-01,-6.862147181587763267e-02,1.540781561059992831e-02,2.907216677704651886e+01,6.854634127005199140e-02,9.976335720725065803e-01,5.353033937901942839e-03,1.958806735179737135e+00,-1.573868719293651172e-02,-4.283629264242306590e-03,9.998669632734994428e-01,9.547102458162008698e-02,0.000000000000000000e+00,0.000000000000000000e+00,0.000000000000000000e+00,1.000000000000000056e-01
9.974401505703046622e-01,-6.887099091618795188e-02,1.923363305541411078e-02,3.002131216588428231e+01,6.885851777268608975e-02,9.976255742125350601e-01,1.310804050365832430e-03,2.014174750874593744e+00,-1.927824059494634423e-02,1.695087421449414933e-05,9.998141573073624500e-01,9.536864832172199657e-02,0.000000000000000000e+00,0.000000000000000000e+00,0.000000000000000000e+00,1.000000000000000056e-01
9.974320145412499672e-01,-6.895319134977753728e-02,1.936062423747302377e-02,3.096815251264416702e+01,6.903595602642778606e-02,9.976075360258523927e-01,-3.638796496756675422e-03,2.066912347745405221e+00,-1.906339801034409934e-02,4.966031323768034175e-03,9.998059438657036502e-01,9.643160608196160721e-02,0.000000000000000000e+00,0.000000000000000000e+00,0.000000000000000000e+00,1.000000000000000056e-01
9.974679904686633014e-01,-6.871183420938688224e-02,1.833826136765058512e-02,3.193267942315954500e+01,6.882603862383225579e-02,9.976125627496046366e-01,-5.670189724942044721e-03,2.110565652146417559e+00,-1.790487078303798496e-02,6.917982635697853336e-03,9.998157615873510817e-01,8.862900173293129791e-02,0.000000000000000000e+00,0.000000000000000000e+00,0.000000000000000000e+00,1.000000000000000056e-01
9.974504890312475558e-01,-6.931773236497824897e-02,1.695800433725605863e-02,3.292416374714181160e+01,6.941371667055741546e-02,9.975747282680701433e-01,-5.137845741704115919e-03,2.190923758820236600e+00,-1.656073275265098135e-02,6.301864855994259752e-03,9.998430019908285393e-01,8.705093586742036760e-02,0.000000000000000000e+00,0.000000000000000000e+00,0.000000000000000000e+00,1.000000000000000056e-01
9.974431843405243692e-01,-6.976589971644453492e-02,1.548590486183218200e-02,3.388330086400411290e+01,6.988708027695189617e-02,9.975272649726677487e-01,-7.426415455120509435e-03,2.262312860574624995e+00,-1.492950176655580448e-02,8.489692156031191511e-03,9.998525066749086587e-01,7.361801036557087674e-02,0.000000000000000000e+00,0.000000000000000000e+00,0.000000000000000000e+00,1.000000000000000056e-01
9.974484538281208623e-01,-6.937608092171357321e-02,1.683868616712179411e-02,3.486239957399330791e+01,6.952552066879813530e-02,9.975443240995143235e-01,-8.457152746385270328e-03,2.335594724487558338e+00,-1.621061169800483426e-02,9.606292353817864546e-03,9.998224518461212851e-01,7.323175699171290132e-02,0.000000000000000000e+00,0.000000000000000000e+00,0.000000000000000000e+00,1.000000000000000056e-01
9.974081162866046402e-01,-6.945673160425638870e-02,1.878329045883976936e-02,3.585784818827499976e+01,6.958411843756734383e-02,9.975567285245302562e-01,-6.214807857307216681e-03,2.411773354628270472e+00,-1.830573753972921172e-02,7.505718505975114870e-03,9.998042629249165314e-01,5.969281014837134886e-02,0.000000000000000000e+00,0.000000000000000000e+00,0.000000000000000000e+00,1.000000000000000056e-01
9.972095669431070286e-01,-7.196657216381954769e-02,1.984671479441016406e-02,3.684383476812928393e+01,7.209020062519777561e-02,9.973824809219015153e-01,-5.584776082488298807e-03,2.488625472449194298e+00,-1.939284844883904652e-02,6.999945789972487203e-03,9.997874365023686760e-01,5.733616371960990887e-02,0.000000000000000000e+00,0.000000000000000000e+00,0.000000000000000000e+00,1.000000000000000056e-01
9.971447274132706484e-01,-7.234859310849540981e-02,2.163501021805747798e-02,3.784167384364308617e+01,7.248751262930623607e-02,9.973529962625579115e-01,-5.706256120646535125e-03,2.557820284678972822e+00,-2.116490266290516065e-02,7.258231280389006689e-03,9.997496511497016014e-01,5.019740163293198720e-02,0.000000000000000000e+00,0.000000000000000000e+00,0.000000000000000000e+00,1.000000000000000056e-01
9.971602372613210807e-01,-7.137067080310760536e-02,2.403515288198418767e-02,3.883065730921078540e+01,7.153270025728655779e-02,9.974205121859922585e-01,-5.949341521042163759e-03,2.627884629316977971e+00,-2.354854600282373436e-02,7.651746189416064499e-03,9.996934113824126333e-01,5.133420272881153434e-02,0.000000000000000000e+00,0.000000000000000000e+00,0.000000000000000000e+00,1.000000000000000056e-01
9.972897031926211131e-01,-6.932560779824997743e-02,2.464159104800006661e-02,3.983364677575938373e+01,6.945873537529007047e-02,9.975742783075176590e-01,-4.587301963108914027e-03,2.701479661736622351e+00,-2.426379990931102487e-02,6.286442765072969979e-03,9.996858249726873202e-01,3.150815482030520226e-02,0.000000000000000000e+00,0.000000000000000000e+00,0.000000000000000000e+00,1.000000000000000056e-01
9.973166610217346628e-01,-6.921263531908845856e-02,2.385558133110995960e-02,4.083093907746837203e+01,6.937196508251571025e-02,9.975733191742756079e-01,-5.916361399463896178e-03,2.780463900042219549e+00,-2.338820448535022106e-02,7.555394351436083358e-03,9.996979083238825003e-01,2.927391684632643654e-02,0.000000000000000000e+00,0.000000000000000000e+00,0.000000000000000000e+00,1.000000000000000056e-01
9.973263739313058540e-01,-6.985354881636635094e-02,2.146125762374273202e-02,4.183010899997990606e+01,6.996971574717400499e-02,9.975379986201945437e-01,-4.709584597003319342e-03,2.854481110011084510e+00,-2.107943878030913917e-02,6.198631024362201078e-03,9.997585879771830886e-01,3.546536635215551819e-02,0.000000000000000000e+00,0.000000000000000000e+00,0.000000000000000000e+00,1.000000000000000056e-01
9.974552251319678264e-01,-6.880622895324427224e-02,1.867556462785412846e-02,4.284308319028961165e+01,6.882661480574385482e-02,9.976285352504026260e-01,-4.502760464330407856e-04,2.919398226256233908e+00,-1.860029438791731271e-02,1.734506088187491839e-03,9.998254950426663790e-01,3.826100446845812769e-02,0.000000000000000000e+00,0.000000000000000000e+00,0.000000000000000000e+00,1.000000000000000056e-01
9.975267066520380199e-01,-6.756391860504469549e-02,1.938005208119455633e-02,4.386412720700651846e+01,6.759973055344876969e-02,9.977118026729705491e-01,-1.198013419192107184e-03,2.997874454637127428e+00,-1.925476421668262730e-02,2.505136679372206316e-03,9.998114714010725157e-01,3.806523107393994937e-02,0.000000000000000000e+00,0.000000000000000000e+00,0.000000000000000000e+00,1.000000000000000056e-01
9.975252204322907490e-01,-6.720513332042363230e-02,2.066167120282845840e-02,4.484468496898406897e+01,6.729304560710713812e-02,9.977268000779245805e-01,-3.588651443790772354e-03,3.071747558271315626e+00,-2.037352729473975235e-02,4.970157105093036924e-03,9.997800842804988042e-01,3.687833123997794060e-02,0.000000000000000000e+00,0.000000000000000000e+00,0.000000000000000000e+00,1.000000000000000056e-01
9.974967887508812137e-01,-6.700831562472502057e-02,2.258411098133030967e-02,4.581817093810153096e+01,6.710577788935374877e-02,9.977394267944801332e-01,-3.584800369181362096e-03,3.141854690163933039e+00,-2.229284651058569336e-02,5.091351191913048857e-03,9.997385193826914263e-01,3.037648206746225779e-02,0.000000000000000000e+00,0.000000000000000000e+00,0.000000000000000000e+00,1.000000000000000056e-01
9.972719562652825331e-01,-7.110757140587821434e-02,1.980804219437821978e-02,4.672106353826425362e+01,7.115298922593808750e-02,9.974641359539215824e-01,-1.596749795734188782e-03,3.209766769274299492e+00,-1.964427069223680100e-02,3.001795205301545106e-03,9.998025264293521897e-01,3.204848364055850468e-02,0.000000000000000000e+00,0.000000000000000000e+00,0.000000000000000000e+00,1.000000000000000056e-01
9.975185477029189229e-01,-6.897731957477039322e-02,1.410235345392988303e-02,4.766219771269800276e+01,6.898388495610698057e-02,9.976177740888274581e-01,2.093838280546139697e-05,3.279182385926301624e+00,-1.407020273564556744e-02,9.519487030689051648e-04,9.999005566498323505e-01,1.890170970100909023e-02,0.000000000000000000e+00,0.000000000000000000e+00,0.000000000000000000e+00,1.000000000000000056e-01
9.977090719801282592e-01,-6.618094928917434006e-02,1.402460836297778068e-02,4.860484133131762974e+01,6.619413615447314325e-02,9.978066486968849569e-01,-4.776557906464272960e-04,3.356107426228814639e+00,-1.396223575629071401e-02,1.404908351103895375e-03,9.999015362550508490e-01,1.615390509683400228e-02,0.000000000000000000e+00,0.000000000000000000e+00,0.000000000000000000e+00,1.000000000000000056e-01
9.978127479865109839e-01,-6.382421185166295419e-02,1.721016958433588262e-02,4.956813251640224394e+01,6.383198457077557397e-02,9.979606546191213123e-01,9.786690529961267378e-05,3.436680999843988893e+00,-1.718131838258703942e-02,1.000906433653817040e-03,9.998518892740800856e-01,1.279455536054588567e-02,0.000000000000000000e+00,0.000000000000000000e+00,0.000000000000000000e+00,1.000000000000000056e-01
9.978914253749200380e-01,-6.168488147965155155e-02,2.019105148454865273e-02,5.056641541921508320e+01,6.174883344556238163e-02,9.980884400974388004e-01,-2.558771575096713356e-03,3.520338878794611492e+00,-1.999461755879689689e-02,3.800150089492258191e-03,9.997928656116599200e-01,1.929904073074545368e-02,0.000000000000000000e+00,0.000000000000000000e+00,0.000000000000000000e+00,1.000000000000000056e-01
9.980674867073130452e-01,-5.838558410096967438e-02,2.127006222219635784e-02,5.149999390731733229e+01,5.849886855223659227e-02,9.982762084886031007e-01,-4.742778060070413498e-03,3.574966585950270392e+00,-2.095648720219237676e-02,5.977887152459221767e-03,9.997625170555939356e-01,7.487499662828931389e-03,0.000000000000000000e+00,0.000000000000000000e+00,0.000000000000000000e+00,1.000000000000000056e-01
9.981697378527505382e-01,-5.700527800379454751e-02,2.018843021835515714e-02,5.244202546334745563e+01,5.715501023638010908e-02,9.983413432859890024e-01,-6.918604686377623214e-03,3.619985013106549854e+00,-1.976054755948282796e-02,8.059811761894897925e-03,9.997722541631730575e-01,8.809607153222489065e-03,0.000000000000000000e+00,0.000000000000000000e+00,0.000000000000000000e+00,1.000000000000000056e-01
9.981599150096466255e-01,-5.744942698673350528e-02,1.939967543107277634e-02,5.341779379888959056e+01,5.762597641547077126e-02,9.983006191509542493e-01,-8.667216680403447282e-03,3.689485471503968217e+00,-1.886878136230847255e-02,9.769193503940485496e-03,9.997742404904138569e-01,2.069408781161319322e-02,0.000000000000000000e+00,0.000000000000000000e+00,0.000000000000000000e+00,1.000000000000000056e-01
9.982109620526197213e-01,-5.614798319302777979e-02,2.054943360141497574e-02,5.438250299329909865e+01,5.628807120999606423e-02,9.983946743126551615e-01,-6.302963079829498882e-03,3.732814978749476431e+00,-2.016254640272169621e-02,7.448374821580278429e-03,9.997689700301142235e-01,1.715700286489153098e-02,0.000000000000000000e+00,0.000000000000000000e+00,0.000000000000000000e+00,1.000000000000000056e-01
9.981227001558640177e-01,-5.613705986483423505e-02,2.448889428494623391e-02,5.533248921687990673e+01,5.634313756294156983e-02,9.983809371319997128e-01,-7.807382467475617108e-03,3.791277350784377109e+00,-2.401096172856675634e-02,9.172506809047372908e-03,9.996696148406768456e-01,1.756327587672610463e-02,0.000000000000000000e+00,0.000000000000000000e+00,0.000000000000000000e+00,1.000000000000000056e-01
9.979248885943529102e-01,-5.733232555147588227e-02,2.930735693998828481e-02,5.629535917972882686e+01,5.763745557483501702e-02,9.982907064629954474e-01,-9.674146188291704931e-03,3.843746754846814273e+00,-2.870262076548436500e-02,1.134327274084089184e-02,9.995236313988377086e-01,2.456179099943648497e-02,0.000000000000000000e+00,0.000000000000000000e+00,0.000000000000000000e+00,1.000000000000000056e-01
9.979324539255953752e-01,-5.601525723541342372e-02,3.151362179899377253e-02,5.725908315577910201e+01,5.623890855094219876e-02,9.983977449095813306e-01,-6.255247753792426285e-03,3.907482292682970648e+00,-3.111273962604888324e-02,8.014606435317232422e-03,9.994837485005190203e-01,1.242250420479921839e-02,0.000000000000000000e+00,0.000000000000000000e+00,0.000000000000000000e+00,1.000000000000000056e-01
9.978335327259177934e-01,-5.868496777267503267e-02,2.973744315227644375e-02,5.815258672477359170e+01,5.886937241573961949e-02,9.982512872937865378e-01,-5.363246001723623313e-03,3.964784563131180661e+00,-2.937069898881768115e-02,7.102251320401284027e-03,9.995433557715693862e-01,1.368256983950997055e-03,0.000000000000000000e+00,0.000000000000000000e+00,0.000000000000000000e+00,1.000000000000000056e-01
9.977098769076482299e-01,-6.258955019111134277e-02,2.564273245579887575e-02,5.906526150353065674e+01,6.273568094772685733e-02,9.980179825903549018e-01,-4.933635809733789152e-03,4.017575358201527003e+00,-2.528311406750261350e-02,6.531051458411582522e-03,9.996589966132937155e-01,-6.476123065445972722e-03,0.000000000000000000e+00,0.000000000000000000e+00,0.000000000000000000e+00,1.000000000000000056e-01
9.977032345441658734e-01,-6.451886056005705361e-02,2.062940649027864698e-02,6.001144002642583786e+01,6.465147646107664847e-02,9.978908932283117039e-01,-5.826817605276387799e-03,4.088288262879503421e+00,-2.020995723677037476e-02,7.147156359995373784e-03,9.997702114908473270e-01,-1.406852612555476584e-02,0.000000000000000000e+00,0.000000000000000000e+00,0.000000000000000000e+00,1.000000000000000056e-01
9.977632358719716876e-01,-6.324022820985654436e-02,2.166099439678138838e-02,6.092128156511549975e+01,6.331078428830354266e-02,9.979905083563049839e-01,-2.586469316246032494e-03,4.157095757816464676e+00,-2.145389789972974165e-02,3.952058538185984973e-03,9.997620274336381785e-01,-3.490207133690945845e-02,0.000000000000000000e+00,0.000000000000000000e+00,0.000000000000000000e+00,1.000000000000000056e-01
9.975759420418338630e-01,-6.550990545923532360e-02,2.346683076322170908e-02,6.184761167154169925e+01,6.557758065708690909e-02,9.978452106908503039e-01,-2.125186226152697092e-03,4.215459842837904425e+00,-2.327704393841496106e-02,3.658932638709986532e-03,9.997223571759483729e-01,-3.419878629902241285e-02,0.000000000000000000e+00,0.000000000000000000e+00,0.000000000000000000e+00,1.000000000000000056e-01
9.975248320354381804e-01,-6.617577115221569273e-02,2.376924031348982488e-02,6.273512070816596520e+01,6.618866864785762083e-02,9.978070957474448610e-01,2.445785628718322212e-04,4.288533905182205785e+00,-2.373330182033171407e-02,1.329281181272684662e-03,9.997174417785488210e-01,-3.181249841286290514e-02,0.000000000000000000e+00,0.000000000000000000e+00,0.000000000000000000e+00,1.000000000000000056e-01
9.974226978829655588e-01,-6.779853822544520958e-02,2.348020362686777454e-02,6.356727009563812203e+01,6.778794604518237343e-02,9.976989714642168217e-01,1.247681938322119056e-03,4.351819989843359160e+00,-2.351076601988488432e-02,3.472084915669122838e-04,9.997235234440677853e-01,-3.570086909408904524e-02,0.000000000000000000e+00,0.000000000000000000e+00,0.000000000000000000e+00,1.000000000000000056e-01
9.972230938423430890e-01,-7.027415661327915397e-02,2.465043650318921031e-02,6.438178077389768816e+01,7.023669138675231460e-02,9.975275065190194468e-01,2.383468269083948397e-03,4.409385305105088193e+00,-2.475698468205613650e-02,-6.454845001477152238e-04,9.996932904942458231e-01,-3.937467771548448792e-02,0.000000000000000000e+00,0.000000000000000000e+00,0.000000000000000000e+00,1.000000000000000056e-01
9.971323656894471865e-01,-7.129137722838446711e-02,2.538867518100999116e-02,6.518328372875279797e+01,7.125909374116937145e-02,9.974554677224427568e-01,2.175194195967214764e-03,4.457598730554756195e+00,-2.547914546749718845e-02,-3.597825497710525813e-04,9.996752891328078983e-01,-4.611804702077520329e-02,0.000000000000000000e+00,0.000000000000000000e+00,0.000000000000000000e+00,1.000000000000000056e-01
9.970686523978820048e-01,-7.191787617733910731e-02,2.611362655037699487e-02,6.597773479872287794e+01,7.188272977400356201e-02,9.974104769110274660e-01,2.283354627368674832e-03,4.516888951535411145e+00,-2.621021872684804049e-02,-3.995425605169582780e-04,9.996563733603828217e-01,-5.219204290706088573e-02,0.000000000000000000e+00,0.000000000000000000e+00,0.000000000000000000e+00,1.000000000000000056e-01
9.968269859428988688e-01,-7.495772708901056458e-02,2.678244286178999012e-02,6.672457273091981733e+01,7.492625109531873828e-02,9.971866986879667216e-01,2.178269174237535896e-03,4.576634567488228278e+00,-2.687037388643636476e-02,-1.646494567190267492e-04,9.996389127568812150e-01,-6.040573965585665367e-02,0.000000000000000000e+00,0.000000000000000000e+00,0.000000000000000000e+00,1.000000000000000056e-01
9.968600822853523891e-01,-7.389025216172051547e-02,2.846413500385868919e-02,6.750976909428534611e+01,7.382572054729882871e-02,9.972656557435238822e-01,3.312832641638606759e-03,4.650199736187310862e+00,-2.863109029905558031e-02,-1.201045343326004322e-03,9.995893247521057123e-01,-7.223224061001534690e-02,0.000000000000000000e+00,0.000000000000000000e+00,0.000000000000000000e+00,1.000000000000000056e-01
9.966221351614028556e-01,-7.548557750336888639e-02,3.234574617023685400e-02,6.824353021292672850e+01,7.542599350265406788e-02,9.971467070880568606e-01,3.060073133526244275e-03,4.718858244062900553e+00,-3.248444566964458352e-02,-6.100265796101871606e-04,9.994720549655743413e-01,-7.764253808010837532e-02,0.000000000000000000e+00,0.000000000000000000e+00,0.000000000000000000e+00,1.000000000000000056e-01
9.963611740054096888e-01,-7.889738019263167756e-02,3.224305093040950865e-02,6.895784575594471733e+01,7.869626178670607874e-02,9.968707144913541152e-01,7.461700228197313406e-03,4.785080436136849080e+00,-3.273086181816597939e-02,-4.897140822621505116e-03,9.994522043081417451e-01,-8.133884561978373118e-02,0.000000000000000000e+00,0.000000000000000000e+00,0.000000000000000000e+00,1.000000000000000056e-01
9.964159747309171422e-01,-7.931333355968951671e-02,2.940408850288963802e-02,6.961643910276013969e+01,7.905112137458096544e-02,9.968206347246311161e-01,9.977093595066627296e-03,4.841982966196171745e+00,-3.010191871721143789e-02,-7.616909270359053553e-03,9.995178123388844815e-01,-8.455875166489698613e-02,0.000000000000000000e+00,0.000000000000000000e+00,0.000000000000000000e+00,1.000000000000000056e-01
9.965627725174944773e-01,-7.948112375529919893e-02,2.335361639745453174e-02,7.029127601081441412e+01,7.928131543832592221e-02,9.968083190589650533e-01,9.362055180844597313e-03,4.903924754895327531e+00,-2.402318577152718140e-02,-7.478370239252012108e-03,9.996834301537419476e-01,-9.139263304562271484e-02,0.000000000000000000e+00,0.000000000000000000e+00,0.000000000000000000e+00,1.000000000000000056e-01
9.965900132243912246e-01,-8.041183428948214806e-02,1.850087694161269350e-02,7.102717909708330524e+01,8.027113196952434526e-02,9.967391119518824727e-01,8.227276445090348639e-03,4.966081040151490100e+00,-1.910211804327046139e-02,-6.714135206681189939e-03,9.997949937235569573e-01,-9.375074351186191146e-02,0.000000000000000000e+00,0.000000000000000000e+00,0.000000000000000000e+00,1.000000000000000056e-01
9.963577044623558310e-01,-8.364583089523854043e-02,1.657406806882108161e-02,7.173940473785741290e+01,8.349667717955756852e-02,9.964628015145836626e-01,9.496846722999451734e-03,5.030669938416133746e+00,-1.730981393538087373e-02,-8.078376789464214447e-03,9.998175384388743314e-01,-1.026618420011457394e-01,0.000000000000000000e+00,0.000000000000000000e+00,0.000000000000000000e+00,1.000000000000000056e-01
9.963592175924249617e-01,-8.302429555348314616e-02,1.937203826288460412e-02,7.242815582870679236e+01,8.278447835730248783e-02,9.964843564445048374e-01,1.287080046036094376e-02,5.105618681153574201e+00,-2.037252222283979924e-02,-1.122023659416284715e-02,9.997294967285155209e-01,-9.959338805583144161e-02,0.000000000000000000e+00,0.000000000000000000e+00,0.000000000000000000e+00,1.000000000000000056e-01
9.962216869671993713e-01,-8.461021574149638069e-02,1.958218088990465455e-02,7.303692154133690906e+01,8.439640884171795143e-02,9.963658916727379244e-01,1.150026459745092343e-02,5.157218411860411855e+00,-2.048405699194131430e-02,-9.804147253444849344e-03,9.997421077986980986e-01,-1.015129831172956881e-01,0.000000000000000000e+00,0.000000000000000000e+00,0.000000000000000000e+00,1.000000000000000056e-01
9.964274269484094670e-01,-8.251085211007136433e-02,1.800950052172468202e-02,7.363757025912948961e+01,8.237118288115730103e-02,9.965666111090746293e-01,8.365276644162158992e-03,5.204921542242860077e+00,-1.863789300674857652e-02,-6.851927221180845184e-03,9.998028205789503131e-01,-9.809176217614491711e-02,0.000000000000000000e+00,0.000000000000000000e+00,0.000000000000000000e+00,1.000000000000000056e-01
9.965310581973927384e-01,-8.194250797671810693e-02,1.453531679978723075e-02,7.427824120258003404e+01,8.193400261116941252e-02,9.966370579006469388e-01,1.180692701536787976e-03,5.240672776788025899e+00,-1.458318429210752297e-02,1.433973735954770061e-05,9.998936596109979646e-01,-8.664734679102172044e-02,0.000000000000000000e+00,0.000000000000000000e+00,0.000000000000000000e+00,1.000000000000000056e-01
9.967436250748258342e-01,-8.012410253251749104e-02,9.070505281055489186e-03,7.488315702544906571e+01,8.014351459335812555e-02,9.967817158151647261e-01,-1.796687285113438438e-03,5.285423488054239449e+00,-8.897355861109701794e-03,2.517778770051218567e-03,9.999572480105066719e-01,-8.406823542372050817e-02,0.000000000000000000e+00,0.000000000000000000e+00,0.000000000000000000e+00,1.000000000000000056e-01
9.969281311791570177e-01,-7.788698263110119258e-02,8.241310590926562846e-03,7.546315911969195156e+01,7.788934565235935970e-02,9.969620096349027794e-01,3.433050171649295462e-05,5.326868762665544210e+00,-8.218947467946463581e-03,6.076852463264628690e-04,9.999660392339134729e-01,-7.471747860833595489e-02,0.000000000000000000e+00,0.000000000000000000e+00,0.000000000000000000e+00,1.000000000000000056e-01
9.973587622832981170e-01,-7.187623525377963285e-02,1.045495588087147661e-02,7.604322937913643443e+01,7.184318228734644374e-02,9.974097853520842438e-01,3.503889658117020564e-03,5.387354220842707875e+00,-1.067972169837563649e-02,-2.743517751441226088e-03,9.999392064794703217e-01,-8.046122038897689233e-02,0.000000000000000000e+00,0.000000000000000000e+00,0.000000000000000000e+00,1.000000000000000056e-01
9.977270545897456433e-01,-6.580938689870989566e-02,1.448617049763893661e-02,7.659187035209782834e+01,6.577775020101199466e-02,9.978307793230016820e-01,2.650172474439276612e-03,5.413731332770415960e+00,-1.462915302278362112e-02,-1.691281072714153916e-03,9.998915578452340913e-01,-7.265816187042407892e-02,0.000000000000000000e+00,0.000000000000000000e+00,0.000000000000000000e+00,1.000000000000000056e-01
9.981339660304945349e-01,-5.821098668557453393e-02,1.844090250848452045e-02,7.717808321294782559e+01,5.823788942608963681e-02,9.983023054473557645e-01,-9.247560159281084354e-04,5.427482337104569510e+00,-1.835576452861942959e-02,1.996989630995302679e-03,9.998295244395334347e-01,-6.858094014920577963e-02,0.000000000000000000e+00,0.000000000000000000e+00,0.000000000000000000e+00,1.000000000000000056e-01
9.986218613229055352e-01,-4.770110059371066025e-02,2.188568230886120750e-02,7.772614507408439977e+01,4.778209675057934480e-02,9.988526808111019006e-01,-3.192689554781124109e-03,5.440347576026359100e+00,-2.170827763996901680e-02,4.234033375356173988e-03,9.997553819026344657e-01,-6.027634006259555838e-02,0.000000000000000000e+00,0.000000000000000000e+00,0.000000000000000000e+00,1.000000000000000056e-01
9.991093101587626979e-01,-3.700974642370161855e-02,2.026980571526472777e-02,7.822526017370293516e+01,3.700326045460259478e-02,9.993149031109361813e-01,6.950799300489965069e-04,5.449477881312968286e+00,-2.028164366638258650e-02,5.558807082967889748e-05,9.997943047648132353e-01,-5.279052623774341257e-02,0.000000000000000000e+00,0.000000000000000000e+00,0.000000000000000000e+00,1.000000000000000056e-01
9.995743652093962428e-01,-2.130332116856998789e-02,1.993130511083758202e-02,7.871643761342136258e+01,2.121255360593221964e-02,9.997636835493965979e-01,4.754432169815859567e-03,5.465613818059265938e+00,-2.002788021104566149e-02,-4.329614639974987793e-03,9.997900471855685200e-01,-5.336991412546145813e-02,0.000000000000000000e+00,0.000000000000000000e+00,0.000000000000000000e+00,1.000000000000000056e-01
9.997904175254641590e-01,-2.512619878893336371e-03,2.031767126425203240e-02,7.919352122403246597e+01,2.323796549964046894e-03,9.999539438656739332e-01,9.311826731578969757e-03,5.467052803033245034e+00,-2.034013259180966759e-02,-9.262661001502945496e-03,9.997502098611026344e-01,-5.026018695688978105e-02,0.000000000000000000e+00,0.000000000000000000e+00,0.000000000000000000e+00,1.000000000000000056e-01
9.995486621561580076e-01,2.062972409724193878e-02,2.183773031947938009e-02,7.968214765742483507e+01,-2.082461958757712839e-02,9.997449830173478214e-01,8.735224706652503640e-03,5.466742812340910973e+00,-2.165195605175967986e-02,-9.186044595727183709e-03,9.997233664288426302e-01,-5.671020936348841052e-02,0.000000000000000000e+00,0.000000000000000000e+00,0.000000000000000000e+00,1.000000000000000056e-01
9.986778063512982140e-01,4.628465937686473269e-02,2.236893845774926351e-02,8.017518422958292490e+01,-4.642635446453940301e-02,9.989045450034470530e-01,5.856926035845520274e-03,5.440377044852963806e+00,-2.207334846578353285e-02,-6.887690311274944320e-03,9.997326277608848955e-01,-5.062142144713593223e-02,0.000000000000000000e+00,0.000000000000000000e+00,0.000000000000000000e+00,1.000000000000000056e-01
9.970021936760544712e-01,7.370547945072349061e-02,2.353992574487265635e-02,8.064617050917014751e+01,-7.386098072592454933e-02,9.972516521947228929e-01,5.804973824232496221e-03,5.408636986010299630e+00,-2.304737146270139161e-02,-7.526253638723607101e-03,9.997060438823133222e-01,-5.390285310116600670e-02,0.000000000000000000e+00,0.000000000000000000e+00,0.000000000000000000e+00,1.000000000000000056e-01
9.940677556244911228e-01,1.057084733597221243e-01,2.559327817306385200e-02,8.111135703016891796e+01,-1.058842079231167160e-01,9.943626544195844907e-01,5.607674039405567343e-03,5.353020684952042529e+00,-2.485622135766207830e-02,-8.284331934136475450e-03,9.996567101281439438e-01,-6.191217114921038905e-02,0.000000000000000000e+00,0.000000000000000000e+00,0.000000000000000000e+00,1.000000000000000056e-01
