1.000000000000000000e+00,-1.582597766645890860e-09,-4.953840099256675994e-11,1.071372459589053382e-16,1.582597766645548821e-09,1.000000000000000000e+00,-6.906552534785261226e-12,3.239224684318671240e-15,4.953840100349705993e-11,6.906552456385898640e-12,1.000000000000000000e+00,1.016164722330112658e-16,0.000000000000000000e+00,0.000000000000000000e+00,0.000000000000000000e+00,1.000000000000000056e-01
9.999819616229785879e-01,-5.932258790263917822e-03,-9.406031602552906252e-04,6.406039649521408919e-01,5.930734372733607873e-03,9.999811084664598226e-01,-1.615270872173104819e-03,7.009414488948617974e-03,9.501675956492468570e-04,1.609663267814493131e-03,9.999982530813263937e-01,8.285925768629000265e-03,0.000000000000000000e+00,0.000000000000000000e+00,0.000000000000000000e+00,1.000000000000000056e-01
9.999348054409380460e-01,-1.133302728311088095e-02,-1.395478553660860124e-03,1.303319579695918051e+00,1.133366939517514368e-02,9.999356692534806523e-01,4.530923024776902387e-04,1.597707930006929400e-02,1.390253874058004074e-03,-4.688786559000652100e-04,9.999989236729066588e-01,1.336093422253789575e-02,0.000000000000000000e+00,0.000000000000000000e+00,0.000000000000000000e+00,1.000000000000000056e-01
9.998125565565953998e-01,-1.924698174678553253e-02,-2.098915292133812175e-03,2.028858132718401652e+00,1.925114799150890593e-02,9.998127126748823645e-01,1.983147675324013932e-03,2.295790248883236573e-02,2.060352584794958222e-03,-2.023182476205480536e-03,9.999958308312562050e-01,1.892076146838408621e-02,0.000000000000000000e+00,0.000000000000000000e+00,0.000000000000000000e+00,1.000000000000000056e-01
9.996282014800924598e-01,-2.721880492132943904e-02,-1.611044484278279431e-03,2.746027773445279596e+00,2.722508253506334894e-02,9.996212770450391139e-01,4.012151518099712696e-03,4.256085693225442751e-02,1.501228375264648416e-03,-4.054520625155773328e-03,9.999906535442546485e-01,2.498208110208222088e-02,0.000000000000000000e+00,0.000000000000000000e+00,0.000000000000000000e+00,1.000000000000000056e-01
9.994334539273879159e-01,-3.360466328200069352e-02,-1.870234336928033349e-03,3.443707067683444034e+00,3.360849110862895728e-02,9.994329637031964531e-01,2.054358499975374956e-03,5.955372151206301395e-02,1.800137820523278493e-03,-2.116050365319175047e-03,9.999961409098929721e-01,3.091410593112873043e-02,0.000000000000000000e+00,0.000000000000000000e+00,0.000000000000000000e+00,1.000000000000000056e-01
9.991165357692837201e-01,-4.198428010175420805e-02,-1.862304143527316724e-03,4.181930386107374886e+00,4.199170036980321569e-02,9.991093720523263055e-01,4.142436150257046597e-03,9.732630853869082832e-02,1.686728323773998683e-03,-4.216977773682711005e-03,9.999896859698194085e-01,4.487487752033424149e-02,0.000000000000000000e+00,0.000000000000000000e+00,0.000000000000000000e+00,1.000000000000000056e-01
9.988720232537158239e-01,-4.739997495708083569e-02,-2.814877456718624209e-03,4.952190060108804026e+00,4.741677559561093686e-02,9.988557246957674440e-01,6.236235612035139278e-03,1.374544122726992224e-01,2.516059050123538310e-03,-6.362673695974785729e-03,9.999765926411952055e-01,5.311038098007998809e-02,0.000000000000000000e+00,0.000000000000000000e+00,0.000000000000000000e+00,1.000000000000000056e-01
9.985146427179677486e-01,-5.446017914236154361e-02,-1.611572397099606153e-03,5.737716925406758151e+00,5.446878926876886490e-02,9.984980741175344399e-01,5.894656832170582297e-03,1.903185333129279455e-01,1.288127867742180216e-03,-5.973681558008819489e-03,9.999813277532935141e-01,5.592377752109511241e-02,0.000000000000000000e+00,0.000000000000000000e+00,0.000000000000000000e+00,1.000000000000000056e-01
9.980498353417013302e-01,-6.238815110321855456e-02,2.060285495928443084e-03,6.546121673450492118e+00,6.237793999122536598e-02,9.980415536609580363e-01,4.695718099732338474e-03,2.400049574350565651e-01,-2.349207707685780060e-03,-4.558044311219091108e-03,9.999868526411750391e-01,5.825419688440634097e-02,0.000000000000000000e+00,0.000000000000000000e+00,0.000000000000000000e+00,1.000000000000000056e-01
9.978491195751757470e-01,-6.543997526247205543e-02,3.839817794328153743e-03,7.370338064466525729e+00,6.541758089899168960e-02,9.978417319180568068e-01,5.693694064207579369e-03,3.079292777234390321e-01,-4.204125636856005828e-03,-5.430256017902087423e-03,9.999764185455622956e-01,6.835807566226821674e-02,0.000000000000000000e+00,0.000000000000000000e+00,0.000000000000000000e+00,1.000000000000000056e-01
9.975136292249159320e-01,-7.039459969545397433e-02,3.340635306919872548e-03,8.187129406682080557e+00,7.037523305391801820e-02,9.975048789239091551e-01,5.598490475480340234e-03,3.688255453308382226e-01,-3.726403513278294093e-03,-5.349472564104885280e-03,9.999787483042538172e-01,7.352695735553664569e-02,0.000000000000000000e+00,0.000000000000000000e+00,0.000000000000000000e+00,1.000000000000000056e-01
9.972260186756508604e-01,-7.434336028049653988e-02,3.651363925274187915e-03,9.019979403817750097e+00,7.432052658184712390e-02,9.972161437268654005e-01,6.035065792249782318e-03,4.432573762976874110e-01,-4.089866123415041368e-03,-5.746953342782525412e-03,9.999751224517380299e-01,7.759498276507097170e-02,0.000000000000000000e+00,0.000000000000000000e+00,0.000000000000000000e+00,1.000000000000000056e-01
9.970238940373120640e-01,-7.696080804050957347e-02,4.515389731412659466e-03,9.800961846844685965e+00,7.694037607604463369e-02,9.970253741429309091e-01,4.536721770783748095e-03,5.268552206339052191e-01,-4.851107909697343831e-03,-4.175804222005861585e-03,9.999795144957460691e-01,8.844867973690913321e-02,0.000000000000000000e+00,0.000000000000000000e+00,0.000000000000000000e+00,1.000000000000000056e-01
9.967719767173032208e-01,-8.013298682309048793e-02,4.932631538067646683e-03,1.057660240421126296e+01,8.010596125768100484e-02,9.967714405973331360e-01,5.452538904039340613e-03,5.632507878309143123e-01,-5.353634472285299754e-03,-5.039804790620429527e-03,9.999729691174704671e-01,9.184142778129042450e-02,0.000000000000000000e+00,0.000000000000000000e+00,0.000000000000000000e+00,1.000000000000000056e-01
9.965404793115177906e-01,-8.291111559558535238e-02,5.728874607271017445e-03,1.137746536782474038e+01,8.288811509562622748e-02,9.965502502377204808e-01,4.142357665747980339e-03,6.449680358158830229e-01,-6.052558918719545301e-03,-3.653171475888341950e-03,9.999750101221045462e-01,1.061863091118322860e-01,0.000000000000000000e+00,0.000000000000000000e+00,0.000000000000000000e+00,1.000000000000000056e-01
9.962508520326199823e-01,-8.637966432145866014e-02,4.774245070244540964e-03,1.223603969060856578e+01,8.634675444697265112e-02,9.962425049725897042e-01,6.716344423401944541e-03,7.262395837637815044e-01,-5.336461444894219364e-03,-6.278923287608649192e-03,9.999660480744311242e-01,9.977581251790321182e-02,0.000000000000000000e+00,0.000000000000000000e+00,0.000000000000000000e+00,1.000000000000000056e-01
9.959933052675258303e-01,-8.939412735010170141e-02,2.454762225333443400e-03,1.311187845383276418e+01,8.937889994884175293e-02,9.959811760740574504e-01,5.736649725436574442e-03,8.286736153806992800e-01,-2.957719764288376223e-03,-5.494260773863344875e-03,9.999805323066768281e-01,9.993030146121859025e-02,0.000000000000000000e+00,0.000000000000000000e+00,0.000000000000000000e+00,1.000000000000000056e-01
9.962780128957091641e-01,-8.619804900261106295e-02,-1.317904423106839662e-04,1.398563724091532912e+01,8.619542876764076100e-02,9.962332511633101850e-01,9.468755786454509729e-03,9.206785852544396853e-01,-6.848942544591397593e-04,-9.444872933206093987e-03,9.999551616423287825e-01,1.085501511764205562e-01,0.000000000000000000e+00,0.000000000000000000e+00,0.000000000000000000e+00,1.000000000000000056e-01
9.947676853864879654e-01,-1.021611559017889803e-01,5.918915606453347246e-04,1.494015075151568972e+01,1.021501941610671038e-01,9.947188259538692900e-01,9.989751038548289400e-03,1.041739072077793482e+00,-1.609330191566320928e-03,-9.877019680361727796e-03,9.999499260155821911e-01,1.102369002663673714e-01,0.000000000000000000e+00,0.000000000000000000e+00,0.000000000000000000e+00,1.000000000000000056e-01
9.940254240466657176e-01,-1.091275450966510269e-01,2.152963080227432695e-03,1.591533503864481958e+01,1.091016456942446450e-01,9.939824769786723691e-01,9.780918471726442187e-03,1.169886966494535940e+00,-3.207375196938089690e-03,-9.487589816251980335e-03,9.999498479342974200e-01,1.178361374368281367e-01,0.000000000000000000e+00,0.000000000000000000e+00,0.000000000000000000e+00,1.000000000000000056e-01
9.937334262519393890e-01,-1.117327447509940674e-01,3.109871378460931160e-03,1.683913558915241993e+01,1.116985094187613881e-01,9.936958653325623780e-01,9.590110249461323774e-03,1.284961827829870673e+00,-4.161795671129658175e-03,-9.182645118872888659e-03,9.999491779512660328e-01,1.248830426477826050e-01,0.000000000000000000e+00,0.000000000000000000e+00,0.000000000000000000e+00,1.000000000000000056e-01
9.933587659557869820e-01,-1.150175065535931906e-01,3.055369861454463806e-03,1.772803671801732506e+01,1.149874383900106878e-01,9.933291796859665679e-01,8.661974192315190918e-03,1.382597082324788840e+00,-4.031266711547455001e-03,-8.253118840716403004e-03,9.999578165693298049e-01,1.346422418594654669e-01,0.000000000000000000e+00,0.000000000000000000e+00,0.000000000000000000e+00,1.000000000000000056e-01
9.930136887967582204e-01,-1.179580406311166035e-01,3.116811306903827586e-03,1.863831098933599506e+01,1.179269283291791842e-01,9.929835370753710144e-01,8.771241196659250450e-03,1.492047252491197629e+00,-4.129580741386727934e-03,-8.342406592415869959e-03,9.999566744690228104e-01,1.405056678804293968e-01,0.000000000000000000e+00,0.000000000000000000e+00,0.000000000000000000e+00,1.000000000000000056e-01
9.925163393262115274e-01,-1.220858375397076562e-01,2.522784716273455182e-03,1.956338859109587958e+01,1.220683291107134000e-01,9.925022840109988254e-01,6.207999763946018060e-03,1.601534810181979518e+00,-3.261778443597101226e-03,-5.853589085228141572e-03,9.999775478960546415e-01,1.512062258473786669e-01,0.000000000000000000e+00,0.000000000000000000e+00,0.000000000000000000e+00,1.000000000000000056e-01
9.922792245301667036e-01,-1.239445292514117780e-01,4.437818659768552783e-03,2.048710512726628963e+01,1.239248076746792271e-01,9.922815255525478939e-01,4.473934499062168918e-03,1.719958352300031468e+00,-4.958085175228614701e-03,-3.889436431421247706e-03,9.999801446407029504e-01,1.646857460126004702e-01,0.000000000000000000e+00,0.000000000000000000e+00,0.000000000000000000e+00,1.000000000000000056e-01
9.924376386410639350e-01,-1.226192991769214369e-01,5.660466227241685820e-03,2.140853941144516170e+01,1.225945641789723817e-01,9.924465038543637263e-01,4.528776989229185528e-03,1.841431105149073932e+00,-6.173025377959562472e-03,-3.800586350944113075e-03,9.999737243053299363e-01,1.662188401473268795e-01,0.000000000000000000e+00,0.000000000000000000e+00,0.000000000000000000e+00,1.000000000000000056e-01
9.923530027211979743e-01,-1.230224216919366120e-01,1.004996274985055400e-02,2.236146051519025235e+01,1.230042345053058150e-01,9.924032182704716210e-01,2.410531098008930877e-03,1.965051104168880514e+00,-1.027016474969083028e-02,-1.155909798409783702e-03,9.999465923680884716e-01,1.709111971664897811e-01,0.000000000000000000e+00,0.000000000000000000e+00,0.000000000000000000e+00,1.000000000000000056e-01
9.925995633704438603e-01,-1.207438648586579982e-01,1.292384988299997810e-02,2.332405678509471514e+01,1.207158215086121950e-01,9.926827781345216595e-01,2.931285149697752945e-03,2.093453615269948109e+00,-1.318321790402722689e-02,-1.349479204023932080e-03,9.999121869802232165e-01,1.703604715511295442e-01,0.000000000000000000e+00,0.000000000000000000e+00,0.000000000000000000e+00,1.000000000000000056e-01
9.928840559040451597e-01,-1.183446116042716073e-01,1.325912650845198493e-02,2.424210641058937554e+01,1.183435668119039857e-01,9.929723309334482773e-01,8.661378821076524438e-04,2.197361167215676758e+00,-1.326844850649281857e-02,7.091578304612886855e-04,9.999117187879148494e-01,1.669490941044822208e-01,0.000000000000000000e+00,0.000000000000000000e+00,0.000000000000000000e+00,1.000000000000000056e-01
9.929099629893842760e-01,-1.182689599573646527e-01,1.192721706949297598e-02,2.519305356839569043e+01,1.182749117029735647e-01,9.929808669659000442e-01,2.076085337157033278e-04,2.308203431039466569e+00,-1.186805199151644806e-02,1.204553964228541330e-03,9.999288466644383755e-01,1.638009995726341927e-01,0.000000000000000000e+00,0.000000000000000000e+00,0.000000000000000000e+00,1.000000000000000056e-01
9.930963696977911370e-01,-1.170477848908370311e-01,7.708212841930236342e-03,2.613255941960672146e+01,1.170518808804059396e-01,9.931257979963697968e-01,-8.084820985834956578e-05,2.429242812629527570e+00,-7.645761925891522356e-03,9.825508750813253308e-04,9.999702880177743225e-01,1.598676716372399442e-01,0.000000000000000000e+00,0.000000000000000000e+00,0.000000000000000000e+00,1.000000000000000056e-01
9.930074817281260291e-01,-1.178587348803147583e-01,6.742391591796201809e-03,2.707185924072056693e+01,1.178709476685551594e-01,9.930278746038071480e-01,-1.442205104041878200e-03,2.543552824648807498e+00,-6.525406323147654557e-03,2.226852544977592219e-03,9.999762298175195463e-01,1.614536033961946060e-01,0.000000000000000000e+00,0.000000000000000000e+00,0.000000000000000000e+00,1.000000000000000056e-01
9.930846650580373858e-01,-1.171514478962347866e-01,7.641091700897420860e-03,2.802455614159891795e+01,1.171753987145248560e-01,9.931073879126075532e-01,-2.764418472263874965e-03,2.656891026297874436e+00,-7.264568993262131291e-03,3.640649559275324111e-03,9.999669853090794591e-01,1.636335579604805968e-01,0.000000000000000000e+00,0.000000000000000000e+00,0.000000000000000000e+00,1.000000000000000056e-01
9.930145448613219017e-01,-1.175177769063029537e-01,1.056815049391738454e-02,2.903018193339284991e+01,1.175829914947506688e-01,9.930462675535289829e-01,-5.774998627734661064e-03,2.776466470965681221e+00,-9.815997402560314861e-03,6.977292383536226605e-03,9.999274791633578907e-01,1.682846605992096289e-01,0.000000000000000000e+00,0.000000000000000000e+00,0.000000000000000000e+00,1.000000000000000056e-01
9.930813397318036806e-01,-1.164753826528405617e-01,1.493110553041140758e-02,2.998358345248364998e+01,1.166106254899850897e-01,9.931410863246222798e-01,-8.529048996439204597e-03,2.884808722711407647e+00,-1.383527012097527688e-02,1.021116495918029075e-02,9.998521477752878583e-01,1.670467090103200380e-01,0.000000000000000000e+00,0.000000000000000000e+00,0.000000000000000000e+00,1.000000000000000056e-01
9.929135495385579269e-01,-1.177967862105149116e-01,1.570351238468558480e-02,3.091087876152312930e+01,1.180406237689250321e-01,9.928858209560739168e-01,-1.562554589850195449e-02,2.973062922207957648e+00,-1.375115569633399842e-02,1.736846863881055456e-02,9.997545908942643278e-01,1.707811192480165330e-01,0.000000000000000000e+00,0.000000000000000000e+00,0.000000000000000000e+00,1.000000000000000056e-01
9.930167049060169004e-01,-1.173570949096192917e-01,1.204724250487299725e-02,3.186138234167255590e+01,1.175702854716335066e-01,9.928856611981340397e-01,-1.884918463124537341e-02,3.075628821568785032e+00,-9.749448790327089331e-03,2.013395295312832983e-02,9.997497547820484165e-01,1.721669159414803696e-01,0.000000000000000000e+00,0.000000000000000000e+00,0.000000000000000000e+00,1.000000000000000056e-01
9.927714244231303775e-01,-1.197219852226574649e-01,8.458433851160877467e-03,3.285939366636586101e+01,1.198606499147536614e-01,9.926198095258251808e-01,-1.842113837219064298e-02,3.192816763860955476e+00,-6.190593742246165015e-03,1.930181315991638669e-02,9.997945371714420659e-01,1.671132729537837258e-01,0.000000000000000000e+00,0.000000000000000000e+00,0.000000000000000000e+00,1.000000000000000056e-01
9.926356204652289072e-01,-1.209486603760304285e-01,6.778387481818773548e-03,3.382788884757512449e+01,1.210544842316092357e-01,9.924764941392164586e-01,-1.833631447562348096e-02,3.314593260661055307e+00,-4.509637571812372993e-03,1.902183309708964029e-02,9.998088982573606343e-01,1.684691227943606318e-01,0.000000000000000000e+00,0.000000000000000000e+00,0.000000000000000000e+00,1.000000000000000056e-01
9.924266085032262819e-01,-1.225777920563010104e-01,8.006973797030334655e-03,3.479229463964845337e+01,1.227085894732937998e-01,9.922675576070449921e-01,-1.864661336608802039e-02,3.435107686104373226e+00,-5.659399637660317631e-03,1.948791972356087726e-02,9.997940748877187644e-01,1.790738378639106787e-01,0.000000000000000000e+00,0.000000000000000000e+00,0.000000000000000000e+00,1.000000000000000056e-01
9.923321779815328370e-01,-1.232289795034423735e-01,9.563846138846726630e-03,3.576825982669823389e+01,1.233849126975214289e-01,9.921970709038785419e-01,-1.792026250892872485e-02,3.570474838132668527e+00,-7.280924464130006379e-03,1.896288744638018053e-02,9.997936772347800760e-01,1.754978782114974267e-01,0.000000000000000000e+00,0.000000000000000000e+00,0.000000000000000000e+00,1.000000000000000056e-01
9.923095696019821332e-01,-1.232746787605761701e-01,1.118354383930789293e-02,3.673917579237948416e+01,1.234631402471300515e-01,9.921839545760225976e-01,-1.810671925564026966e-02,3.687161436061924036e+00,-8.864032753011829094e-03,1.934822623296071284e-02,9.997735118840624935e-01,1.874295517494399821e-01,0.000000000000000000e+00,0.000000000000000000e+00,0.000000000000000000e+00,1.000000000000000056e-01
9.920662374630171421e-01,-1.249710060323066807e-01,1.366850896204681309e-02,3.772689041551731748e+01,1.251945689071955747e-01,9.919874680886869855e-01,-1.694647665851492166e-02,3.827340485880333709e+00,-1.144117136109073368e-02,1.852325042397533553e-02,9.997629663033217318e-01,1.896330906622131773e-01,0.000000000000000000e+00,0.000000000000000000e+00,0.000000000000000000e+00,1.000000000000000056e-01
9.921760161301935721e-01,-1.240383289810403633e-01,1.418611855332529287e-02,3.872937111349577322e+01,1.242606209558703434e-01,9.921200132285025175e-01,-1.603675251219833370e-02,3.968372072362365888e+00,-1.208516014289061358e-02,1.767405711960860770e-02,9.997707620296032438e-01,2.003706016160392012e-01,0.000000000000000000e+00,0.000000000000000000e+00,0.000000000000000000e+00,1.000000000000000056e-01
9.922905252082676597e-01,-1.229692001344153268e-01,1.543014582570006663e-02,3.975604819918615362e+01,1.231595989124352891e-01,9.923135886724511190e-01,-1.206046979721464921e-02,4.112186552873976275e+00,-1.382847705383091416e-02,1.386786048039018171e-02,9.998082094422250377e-01,2.003547413240405195e-01,0.000000000000000000e+00,0.000000000000000000e+00,0.000000000000000000e+00,1.000000000000000056e-01
9.918615879924616019e-01,-1.264701323838736124e-01,1.469339579123303020e-02,4.075642760236945605e+01,1.266878384757992304e-01,9.918296551011788198e-01,-1.497086651488520152e-02,4.233431566549959335e+00,-1.267997820984493630e-02,1.671050198773792184e-02,9.997799644301318400e-01,2.141443898630358555e-01,0.000000000000000000e+00,0.000000000000000000e+00,0.000000000000000000e+00,1.000000000000000056e-01
9.920628623517762090e-01,-1.249686654141213410e-01,1.393232956163765156e-02,4.176336496777805962e+01,1.251538617598971781e-01,9.920479108383197797e-01,-1.332116691246417600e-02,4.354321436874140083e+00,-1.215680998392419492e-02,1.495911982499550930e-02,9.998142010919209843e-01,2.361735733093555112e-01,0.000000000000000000e+00,0.000000000000000000e+00,0.000000000000000000e+00,1.000000000000000056e-01
9.922854731439357812e-01,-1.235692111906897955e-01,1.000948716100193495e-02,4.277301382685462272e+01,1.236838812227782497e-01,9.922516896055008084e-01,-1.178482077498983066e-02,4.462532496850488251e+00,-8.475689540399591188e-03,1.293191867974955583e-02,9.998804569377657270e-01,2.435893835391378937e-01,0.000000000000000000e+00,0.000000000000000000e+00,0.000000000000000000e+00,1.000000000000000056e-01
9.925593837398419828e-01,-1.214341176626596852e-01,8.923273921409680121e-03,4.380835709967064417e+01,1.215368828280010416e-01,9.925137469305906901e-01,-1.205189886499891810e-02,4.595687508090473550e+00,-7.392960329795594115e-03,1.304673220736675063e-02,9.998875571364368442e-01,2.520410490715627172e-01,0.000000000000000000e+00,0.000000000000000000e+00,0.000000000000000000e+00,1.000000000000000056e-01
9.925235919460502210e-01,-1.215145935283536566e-01,1.145089473138651698e-02,4.479440883658415373e+01,1.216700943978663990e-01,9.924714046422512537e-01,-1.403207385424549460e-02,4.718393151391226503e+00,-9.659583827711249598e-03,1.532039578717582333e-02,9.998359755045822528e-01,2.631170816120555478e-01,0.000000000000000000e+00,0.000000000000000000e+00,0.000000000000000000e+00,1.000000000000000056e-01
9.923369207845222917e-01,-1.231207768132832614e-01,1.042640708903687201e-02,4.575315739446985930e+01,1.232502434091161947e-01,9.922924628200546771e-01,-1.284701249723346241e-02,4.839882451155062881e+00,-8.764311010355534462e-03,1.403362203439126148e-02,9.998631127834998189e-01,2.658975803572147245e-01,0.000000000000000000e+00,0.000000000000000000e+00,0.000000000000000000e+00,1.000000000000000056e-01
9.918585138191974293e-01,-1.271818184725748702e-01,6.440001116605274800e-03,4.665827535448929098e+01,1.272593200844235328e-01,9.917769637480581268e-01,-1.354694173358598173e-02,4.960688740481063341e+00,-4.664120069541402916e-03,1.425619965811197008e-02,9.998874970491855585e-01,2.800606917244931049e-01,0.000000000000000000e+00,0.000000000000000000e+00,0.000000000000000000e+00,1.000000000000000056e-01
9.921556704333032162e-01,-1.249043657184955997e-01,5.101475424115746275e-03,4.761279887329094862e+01,1.249610351643413581e-01,9.920772435180369442e-01,-1.294150626124320434e-02,5.083051630284519895e+00,-3.444607045629236204e-03,1.347747447090349472e-02,9.999032415009900809e-01,2.820897243398489129e-01,0.000000000000000000e+00,0.000000000000000000e+00,0.000000000000000000e+00,1.000000000000000056e-01
9.921933619907604696e-01,-1.246159999788126332e-01,4.815077439917979721e-03,4.855233136563689555e+01,1.246653510388933822e-01,9.921279284395131404e-01,-1.186270882512673562e-02,5.210096985786034196e+00,-3.298889483041005793e-03,1.237037427084679113e-02,9.999180422257505363e-01,2.940359529968818997e-01,0.000000000000000000e+00,0.000000000000000000e+00,0.000000000000000000e+00,1.000000000000000056e-01
9.926038230077807167e-01,-1.211472775953467695e-01,7.809461029699300491e-03,4.951142188145357892e+01,1.212480577173296048e-01,9.925225018881882466e-01,-1.407095396149495199e-02,5.341202384720334706e+00,-6.046408033990882669e-03,1.491376467721658265e-02,9.998705019016408402e-01,2.955621717644615343e-01,0.000000000000000000e+00,0.000000000000000000e+00,0.000000000000000000e+00,1.000000000000000056e-01
9.929003864908191312e-01,-1.185218435797047165e-01,1.006951343660983031e-02,5.049698635163651517e+01,1.186790298064890337e-01,9.927906990608589277e-01,-1.679034670403165702e-02,5.468545258522643060e+00,-8.006896438230333424e-03,1.786618181702814140e-02,9.998083262089331180e-01,3.173697784360013929e-01,0.000000000000000000e+00,0.000000000000000000e+00,0.000000000000000000e+00,1.000000000000000056e-01
9.930566683492587643e-01,-1.172260475413294395e-01,9.823809083464994651e-03,5.141353223059500976e+01,1.173760979891642769e-01,9.929517842934016958e-01,-1.641967385145051694e-02,5.595134813912270744e+00,-7.829755290461030970e-03,1.745874698791052143e-02,9.998169267849508213e-01,3.210040027025278242e-01,0.000000000000000000e+00,0.000000000000000000e+00,0.000000000000000000e+00,1.000000000000000056e-01
9.930223222263727667e-01,-1.175074676722330513e-01,9.932904982989642154e-03,5.234849501446592512e+01,1.176836520202789449e-01,9.928586887365111746e-01,-1.954948202857218278e-02,5.715421469467795390e+00,-7.564760889274107711e-03,2.058201257590413710e-02,9.997595486670849407e-01,3.336071897408595111e-01,0.000000000000000000e+00,0.000000000000000000e+00,0.000000000000000000e+00,1.000000000000000056e-01
9.931739858758313888e-01,-1.164406547467097819e-01,6.856216279502369212e-03,5.331351683386047569e+01,1.165675882911671735e-01,9.929253818201234649e-01,-2.260936746888465854e-02,5.836144798891299779e+00,-4.175061615680345992e-03,2.325424820370776413e-02,9.997208654424422081e-01,3.572004251000220343e-01,0.000000000000000000e+00,0.000000000000000000e+00,0.000000000000000000e+00,1.000000000000000056e-01
9.929464668919605330e-01,-1.182562912921895082e-01,8.530149857386409157e-03,5.424722799636479209e+01,1.184426906369895616e-01,9.926113941152607811e-01,-2.634291759142897912e-02,5.956722762328307219e+00,-5.351908205774249042e-03,2.716744085068105788e-02,9.996165701088501887e-01,3.574578238023731203e-01,0.000000000000000000e+00,0.000000000000000000e+00,0.000000000000000000e+00,1.000000000000000056e-01
9.929458757386739887e-01,-1.178859634854993871e-01,1.270383669027941309e-02,5.518399098455929419e+01,1.181996160109260313e-01,9.926036813361239775e-01,-2.769083915023459047e-02,6.067079494541064655e+00,-9.345513812916875912e-03,2.899709314862498194e-02,9.995358072427933394e-01,3.698586788216689514e-01,0.000000000000000000e+00,0.000000000000000000e+00,0.000000000000000000e+00,1.000000000000000056e-01
9.926915645127627474e-01,-1.193419559116382089e-01,1.791522549084756041e-02,5.612307029690333593e+01,1.197805877551272324e-01,9.924646762060119753e-01,-2.581622126361942174e-02,6.188140259470234383e+00,-1.469927012608374974e-02,2.777344131504937488e-02,9.995061617695409906e-01,3.911529821090746761e-01,0.000000000000000000e+00,0.000000000000000000e+00,0.000000000000000000e+00,1.000000000000000056e-01
9.926954555741591690e-01,-1.191604420018838734e-01,1.888177810292621800e-02,5.707410438056697188e+01,1.195790195652309401e-01,9.925616903230505272e-01,-2.285057948645655146e-02,6.313034538585618805e+00,-1.601844443853986388e-02,2.494153092663768667e-02,9.995605681862430592e-01,3.871849614249640581e-01,0.000000000000000000e+00,0.000000000000000000e+00,0.000000000000000000e+00,1.000000000000000056e-01
9.927790534582123794e-01,-1.192054685723601404e-01,1.340922358155240829e-02,5.795437002974195906e+01,1.195105588735526081e-01,9.925211138819882706e-01,-2.488101316643574062e-02,6.418416069253217060e+00,-1.034298469239498808e-02,2.630389250474714224e-02,9.996004841469173785e-01,3.981110098417828258e-01,0.000000000000000000e+00,0.000000000000000000e+00,0.000000000000000000e+00,1.000000000000000056e-01
9.928113313445989796e-01,-1.194308028368297886e-01,7.870431215324116825e-03,5.886557058225717043e+01,1.195905913641544388e-01,9.925184640831756777e-01,-2.460058761789450307e-02,6.523982325433827612e+00,-4.873480372042859540e-03,2.536497166811281165e-02,9.996663780488664885e-01,4.051336503499510799e-01,0.000000000000000000e+00,0.000000000000000000e+00,0.000000000000000000e+00,1.000000000000000056e-01
9.929875030324197827e-01,-1.181332448090422760e-01,4.511683979059560694e-03,5.981779230439885708e+01,1.182089496886263857e-01,9.926833105606126528e-01,-2.462700038441772293e-02,6.650942543711737542e+00,-1.569405923211325375e-03,2.498762504339303164e-02,9.996865286477251145e-01,4.157250234732064453e-01,0.000000000000000000e+00,0.000000000000000000e+00,0.000000000000000000e+00,1.000000000000000056e-01
9.927815053288064906e-01,-1.199270442423867322e-01,1.544906584116151685e-03,6.072965490631246155e+01,1.199321302713768078e-01,9.925428695669459289e-01,-2.179303100493510878e-02,6.768495522109161833e+00,1.080187779293044839e-03,2.182100206446015503e-02,9.997613100451848700e-01,4.201087395796928581e-01,0.000000000000000000e+00,0.000000000000000000e+00,0.000000000000000000e+00,1.000000000000000056e-01
9.925385530728514372e-01,-1.218839134622172748e-01,3.395924496403322779e-03,6.165663674320794740e+01,1.219267590886640440e-01,9.923553341452389098e-01,-1.909859187547971807e-02,6.897964087699812730e+00,-1.042152668959145856e-03,1.937014281377381561e-02,9.998118380401327387e-01,4.411001057252795232e-01,0.000000000000000000e+00,0.000000000000000000e+00,0.000000000000000000e+00,1.000000000000000056e-01
9.922858469999114028e-01,-1.238849481742988895e-01,4.617083442999270204e-03,6.252548757672810353e+01,1.239475818839451265e-01,9.921336500902122602e-01,-1.754472296147856908e-02,7.023320472470802045e+00,-2.407236754258745837e-03,1.798165661232571655e-02,9.998354190749022541e-01,4.544645051477699260e-01,0.000000000000000000e+00,0.000000000000000000e+00,0.000000000000000000e+00,1.000000000000000056e-01
9.922345369374252488e-01,-1.242895113299325172e-01,4.768761048731005175e-03,6.333001922513510351e+01,1.243527803681152288e-01,9.920964585564517879e-01,-1.676314214179083079e-02,7.133739213840702753e+00,-2.647588202990601089e-03,1.722597727599693013e-02,9.998481164574918312e-01,4.678211773281291119e-01,0.000000000000000000e+00,0.000000000000000000e+00,0.000000000000000000e+00,1.000000000000000056e-01
9.920558845538716142e-01,-1.256469693718192671e-01,6.161250661380338577e-03,6.413590616312239945e+01,1.257323129242009230e-01,9.919302151453824878e-01,-1.630440947615105496e-02,7.242336871993539482e+00,-4.062931056032077944e-03,1.694955366115267342e-02,9.998480910727997051e-01,4.770339318456623401e-01,0.000000000000000000e+00,0.000000000000000000e+00,0.000000000000000000e+00,1.000000000000000056e-01
9.921662174511746146e-01,-1.246873017579458592e-01,7.698943365907481157e-03,6.492872476681392868e+01,1.248040467874587528e-01,9.920319843961039608e-01,-1.721893842842695324e-02,7.356095052883030228e+00,-5.490615093257655843e-03,1.804490829710975533e-02,9.998221013912658162e-01,4.975999977104627048e-01,0.000000000000000000e+00,0.000000000000000000e+00,0.000000000000000000e+00,1.000000000000000056e-01
9.921868850289535802e-01,-1.244572958875592855e-01,8.692909576115412720e-03,6.572661661105999542e+01,1.245995637241196913e-01,9.920367032099145499e-01,-1.838826267386455687e-02,7.466263286196008764e+00,-6.335131908732106847e-03,1.932772580415305363e-02,9.997931311621112149e-01,5.082704656152281508e-01,0.000000000000000000e+00,0.000000000000000000e+00,0.000000000000000000e+00,1.000000000000000056e-01
9.921571800840824906e-01,-1.246516508282937002e-01,9.278790512923490441e-03,6.646719483397411921e+01,1.248109573154110724e-01,9.919943232941936806e-01,-1.922205728077316239e-02,7.562692634005032666e+00,-6.808446343491726498e-03,2.022939687375373968e-02,9.997721823298105770e-01,5.181376335883562945e-01,0.000000000000000000e+00,0.000000000000000000e+00,0.000000000000000000e+00,1.000000000000000056e-01
9.919246802792591744e-01,-1.263389629883556187e-01,1.113081685755013504e-02,6.724471788413111994e+01,1.265256812060533420e-01,9.917987567313942820e-01,-1.806870613532538666e-02,7.677712151687952513e+00,-8.756748725044722140e-03,1.933112974162387587e-02,9.997747880271230514e-01,5.230903801592095004e-01,0.000000000000000000e+00,0.000000000000000000e+00,0.000000000000000000e+00,1.000000000000000056e-01
9.921590834221457600e-01,-1.242480325985471229e-01,1.351959978394079963e-02,6.798559621341316017e+01,1.244707239261314408e-01,9.920757778434657892e-01,-1.710818229932661860e-02,7.786332808668780636e+00,-1.128680947975680034e-02,1.865683284141755882e-02,9.997622369944241250e-01,5.338621650751534942e-01,0.000000000000000000e+00,0.000000000000000000e+00,0.000000000000000000e+00,1.000000000000000056e-01
9.919596688873780765e-01,-1.256764913887904178e-01,1.488068590645432593e-02,6.869693728461967908e+01,1.258929878543960934e-01,9.919359076325731106e-01,-1.463252398721348949e-02,7.884886848623530398e+00,-1.292172240593870286e-02,1.638824765942924894e-02,9.997822034967001059e-01,5.504132460314109521e-01,0.000000000000000000e+00,0.000000000000000000e+00,0.000000000000000000e+00,1.000000000000000056e-01
9.916388372672705342e-01,-1.284612408366620218e-01,1.225259262037109789e-02,6.936135734384264140e+01,1.286230802066020418e-01,9.916018523194729539e-01,-1.348590800636317692e-02,7.982727531554377975e+00,-1.041727706176939772e-02,1.494911633827216736e-02,9.998339883497275871e-01,5.581702637512105936e-01,0.000000000000000000e+00,0.000000000000000000e+00,0.000000000000000000e+00,1.000000000000000056e-01
9.919332991331697436e-01,-1.266009077496120794e-01,6.367120837540972758e-03,7.005741964789407916e+01,1.266803354354730793e-01,9.918421416336529184e-01,-1.418656736229049337e-02,8.086622092899506953e+00,-4.519146461629899164e-03,1.487871757050963917e-02,9.998790932301341305e-01,5.630861769813222395e-01,0.000000000000000000e+00,0.000000000000000000e+00,0.000000000000000000e+00,1.000000000000000056e-01
9.921944978793422187e-01,-1.246948381311118875e-01,1.129478382141770217e-03,7.081038561958949629e+01,1.246965017040168183e-01,9.920589428709002400e-01,-1.642669573140142711e-02,8.186867948034956655e+00,9.278150354730279638e-04,1.643931912603796217e-02,9.998644347840022206e-01,5.774566689138138642e-01,0.000000000000000000e+00,0.000000000000000000e+00,0.000000000000000000e+00,1.000000000000000056e-01
9.921255046333076200e-01,-1.252362679312108151e-01,1.691227591595568548e-03,7.152989035194389089e+01,1.252475855912618397e-01,9.920170815789642882e-01,-1.466806596365328313e-02,8.293676305855607112e+00,1.592471793563002671e-04,1.476438451871682836e-02,9.998909878532356021e-01,5.896418880136857776e-01,0.000000000000000000e+00,0.000000000000000000e+00,0.000000000000000000e+00,1.000000000000000056e-01
9.923652606780987151e-01,-1.232469958258941845e-01,4.622490582045631242e-03,7.220125995244491435e+01,1.232963099798734807e-01,9.922899845876697045e-01,-1.259390457122568953e-02,8.395499690528017922e+00,-3.034690204293145378e-03,1.306768942446242567e-02,9.999100090250471196e-01,6.004115646879001345e-01,0.000000000000000000e+00,0.000000000000000000e+00,0.000000000000000000e+00,1.000000000000000056e-01
9.923141405296158624e-01,-1.235529418219345338e-01,6.878740590793579364e-03,7.282399464858961835e+01,1.236346496475922291e-01,9.922414240852542866e-01,-1.309311787862533182e-02,8.480802770652083211e+00,-5.207678128196537894e-03,1.384293669754047863e-02,9.998906206141254804e-01,6.139271963352243011e-01,0.000000000000000000e+00,0.000000000000000000e+00,0.000000000000000000e+00,1.000000000000000056e-01
9.923819067627974722e-01,-1.231367362193655501e-01,3.936409922357129998e-03,7.340272903343712585e+01,1.231848146039747904e-01,9.922515216630590773e-01,-1.619935826902571888e-02,8.534384128856206786e+00,-1.911172629252408687e-03,1.656085597384024041e-02,9.998610330783948008e-01,6.241592346677390379e-01,0.000000000000000000e+00,0.000000000000000000e+00,0.000000000000000000e+00,1.000000000000000056e-01
9.924572339541795074e-01,-1.225907525410415005e-01,3.823132748180021329e-04,7.404816160519537505e+01,1.225662034772548176e-01,9.921856807320641458e-01,-2.334739204756595271e-02,8.596603105145952384e+00,2.482848604153633978e-03,2.321814681820451309e-02,9.997273393886640935e-01,6.450071007195485873e-01,0.000000000000000000e+00,0.000000000000000000e+00,0.000000000000000000e+00,1.000000000000000056e-01
9.927624594081001508e-01,-1.200287731719083262e-01,-3.974015705411142706e-03,7.466922531034690280e+01,1.198832611290652495e-01,9.924351723907233191e-01,-2.646568160572425679e-02,8.668033245854733337e+00,7.120596255976572274e-03,2.579771719826772294e-02,9.996418233028856459e-01,6.542067117072839499e-01,0.000000000000000000e+00,0.000000000000000000e+00,0.000000000000000000e+00,1.000000000000000056e-01
9.932657510655560351e-01,-1.157574262028982504e-01,-4.833843094013739496e-03,7.526110094319832911e+01,1.156122489488277394e-01,9.930109416336038164e-01,-2.372925807811454915e-02,8.734213191678868782e+00,7.546896923322548613e-03,2.301060787602217036e-02,9.997067351338614349e-01,6.661617195153537452e-01,0.000000000000000000e+00,0.000000000000000000e+00,0.000000000000000000e+00,1.000000000000000056e-01
9.939326703289566023e-01,-1.099651654681313567e-01,-2.347176243079563719e-03,7.583854799941519786e+01,1.098962030870071910e-01,9.937391126554537824e-01,-2.013456048218242520e-02,8.816487598852605245e+00,4.546581112095136185e-03,1.975445170886499027e-02,9.997945240087451335e-01,6.727017350222948000e-01,0.000000000000000000e+00,0.000000000000000000e+00,0.000000000000000000e+00,1.000000000000000056e-01
9.947591285387309412e-01,-1.022355918123762364e-01,1.469678753282874749e-03,7.639061867184385335e+01,1.022437901812270067e-01,9.945355976546440546e-01,-2.109863424720216651e-02,8.853691725923804157e+00,6.953835214390667770e-04,2.113832454318870929e-02,9.997763188219978003e-01,6.862903350373342759e-01,0.000000000000000000e+00,0.000000000000000000e+00,0.000000000000000000e+00,1.000000000000000056e-01
9.956562548739079643e-01,-9.290733580744593711e-02,6.070344605222770425e-03,7.696904280014923927e+01,9.302824612735859089e-02,9.953684364626199654e-01,-2.423677198858932916e-02,8.906562825860783406e+00,-3.790455504457521628e-03,2.469620714040423812e-02,9.996878161706018728e-01,6.989464294154875690e-01,0.000000000000000000e+00,0.000000000000000000e+00,0.000000000000000000e+00,1.000000000000000056e-01
9.965880857377036328e-01,-8.198081955936156739e-02,9.556808569542702900e-03,7.750232766565359555e+01,8.221122526359378457e-02,9.962514300899433239e-01,-2.691472616248403657e-02,8.948536757547195464e+00,-7.314492895486511895e-03,2.760857236653617777e-02,9.995920492508749700e-01,7.150969157920654684e-01,0.000000000000000000e+00,0.000000000000000000e+00,0.000000000000000000e+00,1.000000000000000056e-01
9.975519960355383464e-01,-6.929888348915597129e-02,9.363757401257957746e-03,7.798615564323904437e+01,6.950838505122361455e-02,9.972855949121864905e-01,-2.429046290660356183e-02,8.987375048992069182e+00,-7.655038411664546495e-03,2.488185941208247154e-02,9.996610892993251785e-01,7.258793182800807875e-01,0.000000000000000000e+00,0.000000000000000000e+00,0.000000000000000000e+00,1.000000000000000056e-01
9.986163373066236915e-01,-5.185881299513796228e-02,8.722062774306102786e-03,7.847937287876956702e+01,5.203220204913722169e-02,9.984247771045785536e-01,-2.099081736355997221e-02,9.027995159302047767e+00,-7.619764709056761447e-03,2.141560128522848952e-02,9.997416222241478634e-01,7.278585891740227964e-01,0.000000000000000000e+00,0.000000000000000000e+00,0.000000000000000000e+00,1.000000000000000056e-01
9.994485044876215696e-01,-3.166364455949522566e-02,1.000502327167329501e-02,7.896514341278833626e+01,3.182112575098524493e-02,9.993656044640043534e-01,-1.599389165385319694e-02,9.041284667398644004e+00,-9.492251229121529202e-03,1.630344219805007766e-02,9.998220316331792867e-01,7.324476614662540630e-01,0.000000000000000000e+00,0.000000000000000000e+00,0.000000000000000000e+00,1.000000000000000056e-01
9.998986328698473702e-01,-9.536608785693272833e-03,1.057246791807733149e-02,7.944191696761679111e+01,9.706806073763042664e-03,9.998222120688902148e-01,-1.616546224261498910e-02,9.047495901615189240e+00,-1.041642457163173899e-02,1.626644849190172354e-02,9.998134329726741099e-01,7.388406707861558953e-01,0.000000000000000000e+00,0.000000000000000000e+00,0.000000000000000000e+00,1.000000000000000056e-01
9.997783853809319998e-01,1.726289462838238517e-02,1.204875902929590688e-02,7.993054800524426184e+01,-1.703856357201926838e-02,9.996840511518724215e-01,-1.847931881814879676e-02,9.052293070249653795e+00,-1.236395877132122172e-02,1.826992998426367823e-02,9.997566414792508072e-01,7.486846804700959535e-01,0.000000000000000000e+00,0.000000000000000000e+00,0.000000000000000000e+00,1.000000000000000056e-01
9.988171050967120657e-01,4.650458708548499409e-02,1.420260350189919349e-02,8.040983239855150089e+01,-4.622625217091866356e-02,9.987438670625653492e-01,-1.933446702506491990e-02,9.032552554672481193e+00,-1.508390454936170411e-02,1.865506325160081955e-02,9.997121908022450487e-01,7.485347445234887820e-01,0.000000000000000000e+00,0.000000000000000000e+00,0.000000000000000000e+00,1.000000000000000056e-01
9.967100665147754501e-01,7.941915671928842513e-02,1.617531619811778815e-02,8.088393349149188793e+01,-7.908083832405701785e-02,9.966557461350528113e-01,-2.058020179554639201e-02,8.982056397124337010e+00,-1.775568410612057141e-02,1.923333673542269168e-02,9.996573485149526928e-01,7.464951890894848674e-01,0.000000000000000000e+00,0.000000000000000000e+00,0.000000000000000000e+00,1.000000000000000056e-01
