1.000000000000000000e+00,-2.104510308476375462e-12,9.243937622850299892e-13,1.424863604791999660e-19,2.104510308476631532e-12,1.000000000000000000e+00,-2.771834389769597629e-13,4.799225901864134401e-19,-9.243937622844467623e-13,2.771834389789051318e-13,1.000000000000000000e+00,-2.927745644178313031e-19,0.000000000000000000e+00,0.000000000000000000e+00,0.000000000000000000e+00,1.000000000000000056e-01
9.999970941255013068e-01,-2.268484326446436154e-03,-8.159163033275365629e-04,6.462950678198799981e-01,2.267293902616899712e-03,9.999963682870789405e-01,-1.456980100019945315e-03,1.709486827932097525e-02,8.192184766745950076e-04,1.455125944159047424e-03,9.999986057438150500e-01,6.593414080255390573e-03,0.000000000000000000e+00,0.000000000000000000e+00,0.000000000000000000e+00,1.000000000000000056e-01
9.999758045059720102e-01,-6.899618118737298363e-03,-8.863816614337044616e-04,1.299010258988689159e+00,6.898949532120938165e-03,9.999759168367148288e-01,-7.551436451458924410e-04,1.889736702833577642e-02,8.915705173357170747e-04,7.490102717239073039e-04,9.999993220425829055e-01,1.042845639609923415e-02,0.000000000000000000e+00,0.000000000000000000e+00,0.000000000000000000e+00,1.000000000000000056e-01
9.999237166047815206e-01,-1.194236698132287132e-02,-3.152910110372362379e-03,2.001015447826659521e+00,1.194191564178890240e-02,9.999286796701549740e-01,-1.619379666481140568e-04,2.352272135077934298e-02,3.154619166409239686e-03,1.242738269059932713e-04,9.999950164545475806e-01,1.658916836514244195e-02,0.000000000000000000e+00,0.000000000000000000e+00,0.000000000000000000e+00,1.000000000000000056e-01
9.998455077099061006e-01,-1.707934888974980969e-02,-4.154100844015025384e-03,2.705494478294370619e+00,1.707586480753534725e-02,9.998538158996738145e-01,-8.727381829277738043e-04,3.302770474016014646e-02,4.168399380436109414e-03,8.016684871979719166e-04,9.999909908465385300e-01,1.897942484251780026e-02,0.000000000000000000e+00,0.000000000000000000e+00,0.000000000000000000e+00,1.000000000000000056e-01
9.997466946781675690e-01,-2.213930630951200032e-02,-4.049394548857893593e-03,3.417110493854430775e+00,2.213813431811828200e-02,9.997548656730445016e-01,-3.340239297934368746e-04,3.938459146367727370e-02,4.055796961346985925e-03,2.442932793247287932e-04,9.999917453818316648e-01,3.632832462293450471e-02,0.000000000000000000e+00,0.000000000000000000e+00,0.000000000000000000e+00,1.000000000000000056e-01
9.996150998503976481e-01,-2.739813982720240224e-02,-4.358220403865279216e-03,4.159163982208700538e+00,2.740419990602334724e-02,9.996235404063611441e-01,1.336896765942171628e-03,6.779804516968514216e-02,4.319951225455233301e-03,-1.455815737358991417e-03,9.999896092569905415e-01,4.716222468414106583e-02,0.000000000000000000e+00,0.000000000000000000e+00,0.000000000000000000e+00,1.000000000000000056e-01
9.994660444655035780e-01,-3.233359254087784379e-02,-4.707945823877013325e-03,4.927043107115546938e+00,3.234962063885681721e-02,9.994709357603781541e-01,3.369067348104872080e-03,1.001394118709179881e-01,4.596520967223124282e-03,-3.519568677338972065e-03,9.999832421752493650e-01,5.710587595764377022e-02,0.000000000000000000e+00,0.000000000000000000e+00,0.000000000000000000e+00,1.000000000000000056e-01
9.993092129686275138e-01,-3.689623371632397980e-02,-4.445763553399372479e-03,5.697601429694821640e+00,3.691358030952388708e-02,9.993109095659791219e-01,3.885049696956848365e-03,1.416495833137151883e-01,4.299356318644352061e-03,-4.046475004975514690e-03,9.999825706357483579e-01,6.515222707216339337e-02,0.000000000000000000e+00,0.000000000000000000e+00,0.000000000000000000e+00,1.000000000000000056e-01
9.991987754923125076e-01,-3.997571491701944202e-02,-1.936303575506264285e-03,6.491115301173536523e+00,3.998380091190104069e-02,9.991909256671421824e-01,4.334712110054297386e-03,1.839056934373415053e-01,1.761453746423818868e-03,-4.408659809145996401e-03,9.999887304361916307e-01,7.638935693920283210e-02,0.000000000000000000e+00,0.000000000000000000e+00,0.000000000000000000e+00,1.000000000000000056e-01
9.990584049353411489e-01,-4.338481205702664212e-02,-2.482152863264118340e-04,7.288508133730616123e+00,4.338527126665173150e-02,9.990557328946255700e-01,2.315341767758145528e-03,2.203949060105228064e-01,1.475302373545117423e-04,-2.323930540906427381e-03,9.999972887871597660e-01,8.317111338466114112e-02,0.000000000000000000e+00,0.000000000000000000e+00,0.000000000000000000e+00,1.000000000000000056e-01
9.989361361895500169e-01,-4.611232026814503226e-02,4.997341102094900222e-04,8.096945978040288594e+00,4.611081497713302724e-02,9.989327029009821279e-01,2.692177015480937737e-03,2.713164754721511529e-01,-6.233432741997790372e-04,-2.666269758689210605e-03,9.999962512173414808e-01,9.755522069186806089e-02,0.000000000000000000e+00,0.000000000000000000e+00,0.000000000000000000e+00,1.000000000000000056e-01
9.988140083348353571e-01,-4.868828259705854783e-02,-1.670085282593764930e-04,8.927474770183662756e+00,4.868850167791411582e-02,9.988124561059544826e-01,1.762762590484637498e-03,3.060577985225646502e-01,8.098431514434953631e-05,-1.768803363753041358e-03,9.999984323868718050e-01,1.009464534786727458e-01,0.000000000000000000e+00,0.000000000000000000e+00,0.000000000000000000e+00,1.000000000000000056e-01
9.987065745814616147e-01,-5.083518881333352890e-02,-9.805437655834765582e-04,9.700699694658139194e+00,5.083725276624544154e-02,9.987045070506576083e-01,2.209372735404446352e-03,3.769825779474336169e-01,8.669595978853251702e-04,-2.256363227808781766e-03,9.999970785987526423e-01,1.185092248278620530e-01,0.000000000000000000e+00,0.000000000000000000e+00,0.000000000000000000e+00,1.000000000000000056e-01
9.985756330703853267e-01,-5.334114276216198047e-02,-1.194791574223206263e-03,1.050316632273619888e+01,5.334152335019629043e-02,9.985762857165879636e-01,2.889483408460591395e-04,4.395537385075921066e-01,1.177677697693325009e-03,-3.522687750400358754e-04,9.999992444906898870e-01,1.270160033119148990e-01,0.000000000000000000e+00,0.000000000000000000e+00,0.000000000000000000e+00,1.000000000000000056e-01
9.984414820472112817e-01,-5.579868547903302223e-02,-1.055284881096592688e-03,1.131009923496355718e+01,5.579851346097977616e-02,9.984420309252418635e-01,-1.917744073102406271e-04,4.969293975014534848e-01,1.064341539723216322e-03,1.325921958105255160e-04,9.999994247980328321e-01,1.502786106702166669e-01,0.000000000000000000e+00,0.000000000000000000e+00,0.000000000000000000e+00,1.000000000000000056e-01
9.982843174432753930e-01,-5.851658034919720447e-02,-2.057029666727568703e-03,1.216417314392543325e+01,5.851715170163197116e-02,9.982863793320877477e-01,2.186246996243884784e-04,5.463559634686355748e-01,2.040711528374266389e-03,-3.386211261034283138e-04,9.999978604138065608e-01,1.548437751748392710e-01,0.000000000000000000e+00,0.000000000000000000e+00,0.000000000000000000e+00,1.000000000000000056e-01
9.981961619452597301e-01,-5.992385659404515785e-02,-3.681533464361459729e-03,1.304149509005099539e+01,5.993673875458185862e-02,9.981960609465271306e-01,3.494461088947526349e-03,6.075961528535557266e-01,3.465490617200868428e-03,-3.708816756524156884e-03,9.999871174435441823e-01,1.696410434312869420e-01,0.000000000000000000e+00,0.000000000000000000e+00,0.000000000000000000e+00,1.000000000000000056e-01
9.983649430344447850e-01,-5.701155640563383004e-02,-4.137989371304917272e-03,1.392819954058845155e+01,5.704081717968268600e-02,9.983448951601900934e-01,7.335903697777721409e-03,6.697704954924729170e-01,3.712909277617236405e-03,-7.559943372558101081e-03,9.999645301513948592e-01,1.874759028609131739e-01,0.000000000000000000e+00,0.000000000000000000e+00,0.000000000000000000e+00,1.000000000000000056e-01
9.975263940943539520e-01,-7.015693474781922734e-02,-4.370079164721703095e-03,1.488592625184285723e+01,7.017848111414015655e-02,9.975219740689932335e-01,4.989192120081587835e-03,7.614440541519916783e-01,4.009223569218072110e-03,-5.283536343117670696e-03,9.999780049431502560e-01,1.914683554470981985e-01,0.000000000000000000e+00,0.000000000000000000e+00,0.000000000000000000e+00,1.000000000000000056e-01
9.972716291872327776e-01,-7.374966937425544988e-02,-3.206849767357124355e-03,1.582625638001606916e+01,7.375305001686222051e-02,9.972760837661812650e-01,9.488736474243942946e-04,8.420466022812441720e-01,3.128135459440909566e-03,-1.182799719548210515e-03,9.999944078610494280e-01,1.889508296482707572e-01,0.000000000000000000e+00,0.000000000000000000e+00,0.000000000000000000e+00,1.000000000000000056e-01
9.970664491811618291e-01,-7.652754957833372840e-02,-1.424806234304929874e-03,1.673082942589035582e+01,7.653059704035199140e-02,9.970647537101632318e-01,2.223651397771489891e-03,9.262111048374060962e-01,1.250453484504061331e-03,-2.326169475170918998e-03,9.999965126447470931e-01,2.046728007201380484e-01,0.000000000000000000e+00,0.000000000000000000e+00,0.000000000000000000e+00,1.000000000000000056e-01
9.970229614835834919e-01,-7.709738958897613403e-02,-1.098541337633494050e-03,1.760295106483992100e+01,7.709922551725745254e-02,9.970219057658670225e-01,1.740358479658541627e-03,1.001913969063681353e+00,9.610926822792183449e-04,-1.819874051762460608e-03,9.999978821774032633e-01,2.211794120432912236e-01,0.000000000000000000e+00,0.000000000000000000e+00,0.000000000000000000e+00,1.000000000000000056e-01
9.969682167378958182e-01,-7.778748992351837421e-02,-1.865804346230443174e-03,1.850190422326512518e+01,7.778915793921674371e-02,9.969694797814451226e-01,8.386247207992717769e-04,1.075415427310799199e+00,1.794915476416537523e-03,-9.812215413801627078e-04,9.999979077391708548e-01,2.239979700634545934e-01,0.000000000000000000e+00,0.000000000000000000e+00,0.000000000000000000e+00,1.000000000000000056e-01
9.967996836869563726e-01,-7.993895417162810713e-02,-3.926926660414391647e-04,1.941982898802982405e+01,7.993895925666780200e-02,9.967997606266632005e-01,-2.754606402284102466e-06,1.151446285104263723e+00,3.916561558649058264e-04,-2.864565224059999790e-05,9.999999228924381089e-01,2.339730922124659551e-01,0.000000000000000000e+00,0.000000000000000000e+00,0.000000000000000000e+00,1.000000000000000056e-01
9.966342550775350029e-01,-8.196946316125550136e-02,1.081071275345267925e-03,2.034520461229789134e+01,8.197188930401147489e-02,9.966316736335641968e-01,-2.432380375612662547e-03,1.214977546621935911e+00,-8.780489608715832343e-04,2.512811058626289364e-03,9.999964573990279826e-01,2.499726398044589404e-01,0.000000000000000000e+00,0.000000000000000000e+00,0.000000000000000000e+00,1.000000000000000056e-01
9.966585630887910829e-01,-8.157783428041791296e-02,4.094578843162719091e-03,2.127856635727463086e+01,8.158479677781087236e-02,9.966651785691845733e-01,-1.562933900912494853e-03,1.304649370154109533e+00,-3.953423391126490750e-03,1.891766838696360429e-03,9.999903957847388059e-01,2.522738295169684730e-01,0.000000000000000000e+00,0.000000000000000000e+00,0.000000000000000000e+00,1.000000000000000056e-01
9.967772047941443336e-01,-7.987100868915422702e-02,7.471678107991481903e-03,2.224172490197716101e+01,7.988558148981761420e-02,9.968026371574386646e-01,-1.672251778116902541e-03,1.394863582684142234e+00,-7.314224005736982316e-03,2.263741803465043733e-03,9.999706883705347105e-01,2.639231158119587639e-01,0.000000000000000000e+00,0.000000000000000000e+00,0.000000000000000000e+00,1.000000000000000056e-01
9.969360832553877394e-01,-7.759853682571619948e-02,9.844439339782014992e-03,2.321433920467022816e+01,7.761042985701081809e-02,9.969834151649104026e-01,-8.313023048130778990e-04,1.472100439061952981e+00,-9.750234910846328901e-03,1.592786432623276294e-03,9.999511967844048055e-01,2.666068184854619716e-01,0.000000000000000000e+00,0.000000000000000000e+00,0.000000000000000000e+00,1.000000000000000056e-01
9.970898398528619255e-01,-7.551273243856149175e-02,1.047275044372036716e-02,2.413411661396680330e+01,7.553589058284240765e-02,9.971413987234425402e-01,-1.833080934805416404e-03,1.557802042834039336e+00,-1.030439207576469042e-02,2.618814907340743028e-03,9.999434790589065702e-01,2.640396937721244952e-01,0.000000000000000000e+00,0.000000000000000000e+00,0.000000000000000000e+00,1.000000000000000056e-01
9.971723802814452808e-01,-7.468667360014963341e-02,8.315334652399492682e-03,2.507447921739377250e+01,7.470774143953640145e-02,9.972029289795133478e-01,-2.252066536103579982e-03,1.634153521962723232e+00,-8.123876712509831011e-03,2.866918419553274918e-03,9.999628910144293670e-01,2.709463428973705734e-01,0.000000000000000000e+00,0.000000000000000000e+00,0.000000000000000000e+00,1.000000000000000056e-01
9.973922431848349923e-01,-7.199028447030689226e-02,5.110007495805374798e-03,2.600540155729615677e+01,7.201083607125180475e-02,9.973959944710703018e-01,-3.958497364413760509e-03,1.708880618220999681e+00,-4.811727656694317866e-03,4.316150478037207409e-03,9.999791088427841812e-01,2.721138142620328493e-01,0.000000000000000000e+00,0.000000000000000000e+00,0.000000000000000000e+00,1.000000000000000056e-01
9.974601359800548961e-01,-7.116141135364567605e-02,3.054613692048242356e-03,2.695857630846793995e+01,7.117373140412958099e-02,9.974553669377749232e-01,-4.134117202215364766e-03,1.779797058778626484e+00,-2.752651206244100413e-03,4.341025361140439694e-03,9.999867891178116919e-01,2.794749272603018753e-01,0.000000000000000000e+00,0.000000000000000000e+00,0.000000000000000000e+00,1.000000000000000056e-01
9.973748786388592080e-01,-7.226001824323201317e-02,4.673459490430725144e-03,2.792722139300720841e+01,7.228577359846301287e-02,9.973682455829380178e-01,-5.599074752497388945e-03,1.850769995571019289e+00,-4.256570849013142227e-03,5.922201136408847093e-03,9.999734042154857505e-01,2.870419928016247346e-01,0.000000000000000000e+00,0.000000000000000000e+00,0.000000000000000000e+00,1.000000000000000056e-01
9.975184678826723994e-01,-6.994801212225054687e-02,8.011356511314458514e-03,2.892185616780949431e+01,7.002352631415595385e-02,9.974994477384570013e-01,-9.568569590274559125e-03,1.920496505829510481e+00,-7.322021273978940835e-03,1.010580831100152226e-02,9.999221272893428214e-01,2.923907563060521020e-01,0.000000000000000000e+00,0.000000000000000000e+00,0.000000000000000000e+00,1.000000000000000056e-01
9.973704287264502089e-01,-7.142049498566241383e-02,1.230206478684938570e-02,2.986645129776237440e+01,7.156760153247126999e-02,9.973639992094925910e-01,-1.196375742551574958e-02,1.974310682484190727e+00,-1.141517905712765082e-02,1.281272714335777996e-02,9.998527530142843345e-01,2.980895391552371154e-01,0.000000000000000000e+00,0.000000000000000000e+00,0.000000000000000000e+00,1.000000000000000056e-01
9.974076889322914807e-01,-7.089437286447657083e-02,1.232436427966513391e-02,3.077254676591374150e+01,7.112927574788942275e-02,9.972705815883006197e-01,-1.979932398122195500e-02,2.020514514156136254e+00,-1.088706527609840415e-02,2.062462107979802853e-02,9.997280114186001265e-01,3.126885157187134223e-01,0.000000000000000000e+00,0.000000000000000000e+00,0.000000000000000000e+00,1.000000000000000056e-01
9.973850723981749766e-01,-7.165127395829772039e-02,9.439931008239789423e-03,3.171185540096536570e+01,7.184567211020155553e-02,9.971691572082050925e-01,-2.217817196505007804e-02,2.085167739864155045e+00,-7.824113772228032115e-03,2.279839583898156385e-02,9.997094659904187663e-01,3.086313970549573460e-01,0.000000000000000000e+00,0.000000000000000000e+00,0.000000000000000000e+00,1.000000000000000056e-01
9.974317710918813029e-01,-7.125893645974468171e-02,7.212904487027678620e-03,3.269082452483614532e+01,7.140831789109500227e-02,9.971782002797917599e-01,-2.316223267994175009e-02,2.167460846881223091e+00,-5.542035048358504544e-03,2.361780814092432831e-02,9.997056991865862496e-01,3.074416666433094081e-01,0.000000000000000000e+00,0.000000000000000000e+00,0.000000000000000000e+00,1.000000000000000056e-01
9.973919900162803165e-01,-7.193049434476435355e-02,5.934832321313188858e-03,3.365749015285387458e+01,7.204897087817450918e-02,9.971353900433624906e-01,-2.302085399083204920e-02,2.246123509275738783e+00,-4.261929933755390087e-03,2.338841393487534753e-02,9.997173690833077719e-01,3.058678101391558157e-01,0.000000000000000000e+00,0.000000000000000000e+00,0.000000000000000000e+00,1.000000000000000056e-01
9.975025745943476574e-01,-7.021796683999947941e-02,7.619108248648759005e-03,3.461254604690102354e+01,7.038228486027076070e-02,9.972309484754814379e-01,-2.401602341228387810e-02,2.302869426487699211e+00,-5.911654209744966748e-03,2.449229543240893231e-02,9.996825395138978498e-01,3.183770639433430305e-01,0.000000000000000000e+00,0.000000000000000000e+00,0.000000000000000000e+00,1.000000000000000056e-01
9.973333466248299750e-01,-7.231621222919484837e-02,9.826553767152048507e-03,3.559065100939628223e+01,7.252029636722850947e-02,9.971175784809326315e-01,-2.230115017505714461e-02,2.389992700035994844e+00,-8.185494788100759755e-03,2.295430532913502950e-02,9.997030046678517801e-01,3.139027214952258005e-01,0.000000000000000000e+00,0.000000000000000000e+00,0.000000000000000000e+00,1.000000000000000056e-01
9.973349356299100466e-01,-7.205320081479353600e-02,1.146134479135275767e-02,3.657185451467696424e+01,7.227993915391177360e-02,9.971678833514714402e-01,-2.078034668269534979e-02,2.468039555143827890e+00,-9.931594433425365229e-03,2.155339102529416073e-02,9.997183677252913236e-01,3.227975208684331077e-01,0.000000000000000000e+00,0.000000000000000000e+00,0.000000000000000000e+00,1.000000000000000056e-01
9.973832087231677690e-01,-7.116883674082793987e-02,1.271737528090723275e-02,3.757146808717514119e+01,7.141383761444922151e-02,9.972466661339334237e-01,-1.997875576536606301e-02,2.545792717052806964e+00,-1.126049529350862076e-02,2.083467210475001274e-02,9.997195195073628193e-01,3.184586299147511013e-01,0.000000000000000000e+00,0.000000000000000000e+00,0.000000000000000000e+00,1.000000000000000056e-01
9.972792805267772787e-01,-7.204354220563423394e-02,1.561296443531593262e-02,3.856304734486620589e+01,7.234018921490452392e-02,9.971923014590537981e-01,-1.934970116428997092e-02,2.614444877081261609e+00,-1.417510692535511874e-02,2.042650085698757487e-02,9.996908644207939121e-01,3.353845068031275911e-01,0.000000000000000000e+00,0.000000000000000000e+00,0.000000000000000000e+00,1.000000000000000056e-01
9.974399437655150358e-01,-6.949589402222608459e-02,1.684871790664792257e-02,3.957601192962480496e+01,6.979890613375644426e-02,9.973965504240996927e-01,-1.811722673693407643e-02,2.694173871703644974e+00,-1.554578024987278428e-02,1.924686769731486641e-02,9.996938965504714725e-01,3.317373000456079191e-01,0.000000000000000000e+00,0.000000000000000000e+00,0.000000000000000000e+00,1.000000000000000056e-01
9.974012385812929260e-01,-7.034027406306392338e-02,1.558894227443986119e-02,4.058561433598241308e+01,7.065173481150496815e-02,9.972919995071601873e-01,-2.042057999017591122e-02,2.775986033115650287e+00,-1.411033821804213301e-02,2.146889759031540487e-02,9.996699379253279893e-01,3.450274950220771908e-01,0.000000000000000000e+00,0.000000000000000000e+00,0.000000000000000000e+00,1.000000000000000056e-01
9.974544753490988125e-01,-7.002307016319318789e-02,1.346622630786218147e-02,4.159340515560587193e+01,7.024845437265968273e-02,9.973835808631105193e-01,-1.706303850231263158e-02,2.848892547361507877e+00,-1.223618667340390168e-02,1.796558570154548756e-02,9.997637288210120543e-01,3.603763118390425069e-01,0.000000000000000000e+00,0.000000000000000000e+00,0.000000000000000000e+00,1.000000000000000056e-01
9.975896923268235961e-01,-6.848450146580500886e-02,1.116596714367380262e-02,4.262615897088141281e+01,6.864702183418544545e-02,9.975299406034212613e-01,-1.488636937039396028e-02,2.922391680785803469e+00,-1.011890095664142071e-02,1.561699903038633354e-02,9.998268436007879956e-01,3.687653254454859031e-01,0.000000000000000000e+00,0.000000000000000000e+00,0.000000000000000000e+00,1.000000000000000056e-01
9.975726310502712746e-01,-6.873260869328463862e-02,1.116576381870257664e-02,4.367506277628277900e+01,6.892970475670824604e-02,9.974528053098410396e-01,-1.834657956353953623e-02,2.992077213337796415e+00,-9.876314170391031766e-03,1.907169844937958020e-02,9.997693377657986824e-01,3.776789252576677192e-01,0.000000000000000000e+00,0.000000000000000000e+00,0.000000000000000000e+00,1.000000000000000056e-01
9.975769352646355337e-01,-6.839037342858085566e-02,1.276773473708039085e-02,4.468818989504087114e+01,6.864106278070296330e-02,9.974337689934272833e-01,-2.035389328609980841e-02,3.077631633661552346e+00,-1.134295941775254925e-02,2.118096536670618230e-02,9.997113103180245153e-01,3.859689577292622076e-01,0.000000000000000000e+00,0.000000000000000000e+00,0.000000000000000000e+00,1.000000000000000056e-01
9.975704690369677774e-01,-6.837380587270666665e-02,1.334848215511519852e-02,4.567493758241742086e+01,6.864320267299167666e-02,9.974225251228127087e-01,-2.089059846980498639e-02,3.142692933309425118e+00,-1.188570705337269919e-02,2.175612667993670826e-02,9.996926532288451517e-01,3.875604232711314379e-01,0.000000000000000000e+00,0.000000000000000000e+00,0.000000000000000000e+00,1.000000000000000056e-01
9.970050168453398198e-01,-7.652565310626682771e-02,1.117232302983930947e-02,4.659076690025769096e+01,7.670397303508211251e-02,9.969171241111615123e-01,-1.651508929931745639e-02,3.199105370015447036e+00,-9.874052149809714463e-03,1.732258844948831450e-02,9.998011957502114244e-01,4.000606467270483857e-01,0.000000000000000000e+00,0.000000000000000000e+00,0.000000000000000000e+00,1.000000000000000056e-01
9.970342941329132236e-01,-7.658963236527999152e-02,7.526256508704767811e-03,4.754806158016965156e+01,7.670260100089687505e-02,9.969242589742213223e-01,-1.608517542325246449e-02,3.274743645842823625e+00,-6.271150020592468344e-03,1.661475497414418787e-02,9.998422988624597885e-01,3.956962915264462533e-01,0.000000000000000000e+00,0.000000000000000000e+00,0.000000000000000000e+00,1.000000000000000056e-01
9.971287584891269651e-01,-7.537772596220902732e-02,7.241368841485152155e-03,4.849475534846854430e+01,7.548447305509518868e-02,9.970215567330313888e-01,-1.581485811625206808e-02,3.366134283616901701e+00,-6.027712793997528490e-03,1.631606075033721279e-02,9.998487149764530013e-01,4.068164182281375219e-01,0.000000000000000000e+00,0.000000000000000000e+00,0.000000000000000000e+00,1.000000000000000056e-01
9.972446065682304406e-01,-7.360635553335538594e-02,9.235750953362152280e-03,4.946586973143229926e+01,7.374873713824901811e-02,9.971459085483954654e-01,-1.616047139499551463e-02,3.453381744413845489e+00,-8.019877872430353563e-03,1.679706790759328064e-02,9.998267550273992610e-01,4.124654885023829598e-01,0.000000000000000000e+00,0.000000000000000000e+00,0.000000000000000000e+00,1.000000000000000056e-01
9.972448182934114946e-01,-7.319641584103182830e-02,1.204396508494583878e-02,5.046481137057143940e+01,7.339618176133734517e-02,9.971566544686253364e-01,-1.707650291468721174e-02,3.543380618719037312e+00,-1.075978112218748881e-02,1.791343509674604359e-02,9.997816441369772322e-01,4.283763660582585731e-01,0.000000000000000000e+00,0.000000000000000000e+00,0.000000000000000000e+00,1.000000000000000056e-01
9.973488169044106844e-01,-7.167766381846620016e-02,1.255587228747212687e-02,5.140085896684598055e+01,7.191933517174987911e-02,9.972101475585892771e-01,-1.998826742442116194e-02,3.615252116225440737e+00,-1.108813094375562212e-02,2.083828485513181117e-02,9.997213708011200017e-01,4.385109785465360344e-01,0.000000000000000000e+00,0.000000000000000000e+00,0.000000000000000000e+00,1.000000000000000056e-01
9.974042973208072649e-01,-7.101694134207245379e-02,1.188535773140354627e-02,5.233877939853562822e+01,7.128036612133667460e-02,9.971808278689650029e-01,-2.344154295633720658e-02,3.685246023623029554e+00,-1.018710418102192032e-02,2.422788833105853079e-02,9.996545565021062174e-01,4.421606574649413757e-01,0.000000000000000000e+00,0.000000000000000000e+00,0.000000000000000000e+00,1.000000000000000056e-01
9.974128879853760843e-01,-7.100229240953452592e-02,1.123411559770834227e-02,5.332301481368530460e+01,7.127664519646771668e-02,9.971106265462974516e-01,-2.626857967205168190e-02,3.762821888883763233e+00,-9.336526667266328502e-03,2.700134998552896834e-02,9.995917948686605659e-01,4.562578942307575769e-01,0.000000000000000000e+00,0.000000000000000000e+00,0.000000000000000000e+00,1.000000000000000056e-01
9.973212681869494389e-01,-7.193320071607715860e-02,1.326282989091926053e-02,5.428749883510165120e+01,7.229887380694234589e-02,9.969456192576010567e-01,-2.953481148282730701e-02,3.841691834311660614e+00,-1.109778663620500545e-02,3.041458330832232104e-02,9.994757587125154830e-01,4.472246035656693985e-01,0.000000000000000000e+00,0.000000000000000000e+00,0.000000000000000000e+00,1.000000000000000056e-01
9.971704983127749333e-01,-7.313825125510214908e-02,1.737220475350382404e-02,5.524319992233004939e+01,7.366454436432209874e-02,9.967733489461492180e-01,-3.188143243763010698e-02,3.925952877135651331e+00,-1.498439849473226504e-02,3.307093941852725510e-02,9.993406730278354688e-01,4.539975962801365839e-01,0.000000000000000000e+00,0.000000000000000000e+00,0.000000000000000000e+00,1.000000000000000056e-01
9.970228408656673924e-01,-7.398476448004935591e-02,2.171887236910821639e-02,5.620100684209402431e+01,7.462206665006428097e-02,9.967554989934682697e-01,-3.016657745179856381e-02,3.994248826705082855e+00,-1.941653833790542988e-02,3.169747389167822116e-02,9.993088952810632586e-01,4.722223484273985750e-01,0.000000000000000000e+00,0.000000000000000000e+00,0.000000000000000000e+00,1.000000000000000056e-01
9.968932530176033424e-01,-7.517388101373234655e-02,2.351020419549339907e-02,5.716755387123794208e+01,7.579940851874533703e-02,9.967587077490622782e-01,-2.695418695912997140e-02,4.068489098109211888e+00,-2.140774990952905299e-02,2.865250669230506517e-02,9.993601663584847916e-01,4.604626094670427605e-01,0.000000000000000000e+00,0.000000000000000000e+00,0.000000000000000000e+00,1.000000000000000056e-01
9.967239944643401239e-01,-7.869795390181354156e-02,1.865237010994075934e-02,5.806581523546865498e+01,7.920292485336620503e-02,9.964627752237781300e-01,-2.808619390373650812e-02,4.148074310109259422e+00,-1.637606649113896445e-02,2.947150564518706203e-02,9.994314657850649208e-01,4.638562226309241865e-01,0.000000000000000000e+00,0.000000000000000000e+00,0.000000000000000000e+00,1.000000000000000056e-01
9.964599630028672106e-01,-8.308848826350516414e-02,1.280020509248894732e-02,5.898406562602390579e+01,8.341516901096225622e-02,9.961340752040275248e-01,-2.754657503736870558e-02,4.231646022463141144e+00,-1.046191718553618651e-02,2.851679041375707394e-02,9.995385640150663553e-01,4.621490129582047635e-01,0.000000000000000000e+00,0.000000000000000000e+00,0.000000000000000000e+00,1.000000000000000056e-01
9.965192899021407813e-01,-8.298041942738459964e-02,7.972129238069076279e-03,5.993767083077704427e+01,8.318229863126755386e-02,9.960922752502979760e-01,-2.967969644560303211e-02,4.312360504708193432e+00,-5.478142691804055095e-03,3.023953006149154854e-02,9.995276688387912944e-01,4.720667713260769394e-01,0.000000000000000000e+00,0.000000000000000000e+00,0.000000000000000000e+00,1.000000000000000056e-01
9.963851013822230263e-01,-8.454851017397442547e-02,8.263121135408455289e-03,6.084952082886093905e+01,8.474195917172909487e-02,9.960412399157215768e-01,-2.684490161816379533e-02,4.400565383748885395e+00,-5.960712983703379125e-03,2.744809309429777078e-02,9.996054582114949350e-01,4.746665666111630211e-01,0.000000000000000000e+00,0.000000000000000000e+00,0.000000000000000000e+00,1.000000000000000056e-01
9.963250501079582433e-01,-8.498531322102731433e-02,1.067197564176724546e-02,6.177867095816158383e+01,8.523865673512748264e-02,9.960189250435955710e-01,-2.608969821579661466e-02,4.495419746062467858e+00,-8.412248532092896428e-03,2.690348475056930991e-02,9.996026393437095203e-01,4.952204135004632524e-01,0.000000000000000000e+00,0.000000000000000000e+00,0.000000000000000000e+00,1.000000000000000056e-01
9.961562493598397072e-01,-8.701589412516338995e-02,1.004793665064203541e-02,6.267395780334091882e+01,8.724729779588791256e-02,9.958601051063586951e-01,-2.550607937076571768e-02,4.580789753009654852e+00,-7.786904946935848185e-03,2.628469568304914183e-02,9.996241688175595552e-01,5.101651422106551204e-01,0.000000000000000000e+00,0.000000000000000000e+00,0.000000000000000000e+00,1.000000000000000056e-01
9.959592214740055072e-01,-8.925051618683649268e-02,9.978703386520024546e-03,6.348819920375922266e+01,8.946394837984242288e-02,9.957125917446254526e-01,-2.350822369915863894e-02,4.660977490621150743e+00,-7.837799511457193766e-03,2.430596637832018944e-02,9.996738412588548339e-01,5.186862141659789316e-01,0.000000000000000000e+00,0.000000000000000000e+00,0.000000000000000000e+00,1.000000000000000056e-01
9.957965599882426799e-01,-9.099252926476326941e-02,1.046760400394638850e-02,6.430842162452907473e+01,9.120911681306372032e-02,9.955773164735371994e-01,-2.251008515157819009e-02,4.742563234160508401e+00,-8.373059522249306705e-03,2.337020627533282005e-02,9.996918151775002759e-01,5.278691085489845003e-01,0.000000000000000000e+00,0.000000000000000000e+00,0.000000000000000000e+00,1.000000000000000056e-01
9.957314825399968816e-01,-9.179682534638060332e-02,9.599871615076638331e-03,6.510369713813675219e+01,9.200134379912257299e-02,9.954783805903882898e-01,-2.363358873073803657e-02,4.820290812844979733e+00,-7.386976232228378847e-03,2.441590943348444925e-02,9.996745950301429984e-01,5.309143988740950837e-01,0.000000000000000000e+00,0.000000000000000000e+00,0.000000000000000000e+00,1.000000000000000056e-01
9.957361810068410257e-01,-9.174114538264656338e-02,9.644691689816145552e-03,6.590648154618301646e+01,9.196136412697526741e-02,9.954329214208038623e-01,-2.562043051062226282e-02,4.898142931335265793e+00,-7.250195984755645161e-03,2.639812863677775887e-02,9.996252164999934742e-01,5.398458637723656528e-01,0.000000000000000000e+00,0.000000000000000000e+00,0.000000000000000000e+00,1.000000000000000056e-01
9.956054756986956189e-01,-9.299072998056176487e-02,1.106620515155315801e-02,6.666288017074808181e+01,9.325060707662680137e-02,9.953057599478994932e-01,-2.589919872071164489e-02,4.972574226461724756e+00,-8.605872333155368398e-03,2.681731441096599569e-02,9.996033066217662189e-01,5.521984603244417533e-01,0.000000000000000000e+00,0.000000000000000000e+00,0.000000000000000000e+00,1.000000000000000056e-01
9.952974261458609195e-01,-9.587946363299894303e-02,1.378992243897412574e-02,6.745949522584643887e+01,9.619758244217381515e-02,9.950575167994540893e-01,-2.462850773362539394e-02,5.064597717811664346e+00,-1.136039786740149736e-02,2.583924755778517837e-02,9.996015579449353261e-01,5.601955993487621743e-01,0.000000000000000000e+00,0.000000000000000000e+00,0.000000000000000000e+00,1.000000000000000056e-01
9.951909496474143912e-01,-9.653853839034062800e-02,1.659169507115556760e-02,6.820083777196791175e+01,9.691100731372587207e-02,9.950193572300253253e-01,-2.333956724076609313e-02,5.143450883476329949e+00,-1.425589005697115892e-02,2.483524396908556170e-02,9.995899060393115265e-01,5.676317177452672169e-01,0.000000000000000000e+00,0.000000000000000000e+00,0.000000000000000000e+00,1.000000000000000056e-01
9.949614650312365027e-01,-9.862623316207574931e-02,1.801525007196189826e-02,6.892838376399669187e+01,9.899451567245512451e-02,9.948696822985659827e-01,-2.084229137898246237e-02,5.217088022898695776e+00,-1.586722942644650663e-02,2.252068772063232915e-02,9.996204527994203559e-01,5.733902693612871193e-01,0.000000000000000000e+00,0.000000000000000000e+00,0.000000000000000000e+00,1.000000000000000056e-01
9.950781247075967118e-01,-9.794561012875661887e-02,1.503938778402259292e-02,6.959611271580790515e+01,9.823076895107372974e-02,9.949713634082189007e-01,-1.956277150280015184e-02,5.297845379695657719e+00,-1.304767257764265741e-02,2.094381660766751405e-02,9.996955110363410224e-01,5.859207829676977841e-01,0.000000000000000000e+00,0.000000000000000000e+00,0.000000000000000000e+00,1.000000000000000056e-01
9.950660510423070537e-01,-9.876119503174689285e-02,9.475252976566393703e-03,7.028688714991109521e+01,9.892672949288879025e-02,9.949138860222284109e-01,-1.897001823903045684e-02,5.372671112645712732e+00,-7.553559088898674501e-03,1.981377692540204835e-02,9.997751537165948665e-01,5.880072129724264185e-01,0.000000000000000000e+00,0.000000000000000000e+00,0.000000000000000000e+00,1.000000000000000056e-01
9.952163455170470741e-01,-9.764508365343815832e-02,3.140581794285611170e-03,7.101705976647815532e+01,9.769032813618641620e-02,9.949817499212312288e-01,-2.163139182597324447e-02,5.434821155133866988e+00,-1.012622505061602264e-03,2.183471918751471105e-02,9.997610812757539156e-01,6.058111520302769115e-01,0.000000000000000000e+00,0.000000000000000000e+00,0.000000000000000000e+00,1.000000000000000056e-01
9.950836104070982513e-01,-9.903798595280599582e-02,2.926390030291380583e-04,7.171496862422945640e+01,9.902409479275439685e-02,9.948851006517132056e-01,-1.994655738983888704e-02,5.510527781549376058e+00,1.684324686598440927e-03,1.987747065504927996e-02,9.998010048058102450e-01,6.059326063153726016e-01,0.000000000000000000e+00,0.000000000000000000e+00,0.000000000000000000e+00,1.000000000000000056e-01
9.950462852901500455e-01,-9.936837357860248132e-02,2.969252871782117331e-03,7.237375613870686664e+01,9.940719518098364849e-02,9.948620742191399691e-01,-1.917453589112923587e-02,5.584722186289398316e+00,-1.048654625276243535e-03,1.937471581039774612e-02,9.998117426349538706e-01,6.179082319742679186e-01,0.000000000000000000e+00,0.000000000000000000e+00,0.000000000000000000e+00,1.000000000000000056e-01
9.949206655409438271e-01,-1.004576890306856929e-01,6.412643306729624328e-03,7.297690842632064800e+01,1.005695680788354363e-01,9.947181953319677028e-01,-2.052982834681658583e-02,5.651101386884668898e+00,-4.316393865459857392e-03,2.107046724985752947e-02,9.997686753213820277e-01,6.332250915957204906e-01,0.000000000000000000e+00,0.000000000000000000e+00,0.000000000000000000e+00,1.000000000000000056e-01
9.949031979203279974e-01,-1.007701061108323276e-01,3.607281845978296906e-03,7.356638098152467364e+01,1.008252267375167738e-01,9.946625210017590035e-01,-2.192585158559705316e-02,5.703335348065891708e+00,-1.378557664033675575e-03,2.217780486966389186e-02,9.997530917931337635e-01,6.527746992203633525e-01,0.000000000000000000e+00,0.000000000000000000e+00,0.000000000000000000e+00,1.000000000000000056e-01
9.948878769964060176e-01,-1.009855195275774914e-01,1.924872186482731815e-04,7.420629762516300332e+01,1.009481037079196092e-01,9.944636423104646905e-01,-2.918123507288917715e-02,5.754325372341475564e+00,2.755460643736907037e-03,2.905148822951033119e-02,9.995741185466395784e-01,6.688240027049408010e-01,0.000000000000000000e+00,0.000000000000000000e+00,0.000000000000000000e+00,1.000000000000000056e-01
9.950243182435091205e-01,-9.959220018692584164e-02,-2.828385752891241205e-03,7.482952509813090103e+01,9.944550202989975440e-02,9.944957554116421461e-01,-3.299673611508188026e-02,5.824110293019906237e+00,6.099035174605501111e-03,3.255128461603983697e-02,9.994514573703839888e-01,6.948457811299019182e-01,0.000000000000000000e+00,0.000000000000000000e+00,0.000000000000000000e+00,1.000000000000000056e-01
9.954491246778141011e-01,-9.526754500698660089e-02,-2.266064102229519480e-03,7.543485966149250999e+01,9.515529244252328434e-02,9.949987966156731423e-01,-3.037869407232797817e-02,5.877177996202579635e+00,5.148834659561330601e-03,3.002481643081283610e-02,9.995358922519713696e-01,7.075398370749940158e-01,0.000000000000000000e+00,0.000000000000000000e+00,0.000000000000000000e+00,1.000000000000000056e-01
9.959148423435432163e-01,-9.029739350984185287e-02,8.674770486619761030e-05,7.599960024261761760e+01,9.027001220446610741e-02,9.955882528230421968e-01,-2.559991674532693592e-02,5.955464912315092008e+00,2.225240760247828957e-03,2.550316776580708808e-02,9.996722646635086695e-01,7.109531097171697400e-01,0.000000000000000000e+00,0.000000000000000000e+00,0.000000000000000000e+00,1.000000000000000056e-01
9.965111739750203146e-01,-8.341271554624431206e-02,2.792674010353629176e-03,7.655804736743991157e+01,8.345773504564950318e-02,9.961472863790662435e-01,-2.693307076203408507e-02,5.994428670057928343e+00,-5.353540668946938155e-04,2.707217621145184550e-02,9.996333381151306652e-01,7.248549926287604084e-01,0.000000000000000000e+00,0.000000000000000000e+00,0.000000000000000000e+00,1.000000000000000056e-01
9.970621224914790748e-01,-7.626797358292598805e-02,7.093666071988313088e-03,7.713496299504242870e+01,7.645561664485815700e-02,9.965700499168036464e-01,-3.166503264286794211e-02,6.022758432123694661e+00,-4.654307278345789015e-03,3.211435526946645330e-02,9.994733641320239226e-01,7.369901140136676521e-01,0.000000000000000000e+00,0.000000000000000000e+00,0.000000000000000000e+00,1.000000000000000056e-01
9.977338247269700311e-01,-6.662132733778250437e-02,9.424104171958956611e-03,7.768291160779287452e+01,6.691376929482178992e-02,9.971388133616071459e-01,-3.516723427518024525e-02,6.043379641592368401e+00,-7.054252224812057430e-03,3.571814149081781187e-02,9.993370061665837190e-01,7.516345389396489329e-01,0.000000000000000000e+00,0.000000000000000000e+00,0.000000000000000000e+00,1.000000000000000056e-01
9.983677004189659421e-01,-5.640343729400933842e-02,8.977027434881476586e-03,7.817930364431072121e+01,5.667220503082991828e-02,9.978405971463679691e-01,-3.320246773243303029e-02,6.081698106559500161e+00,-7.084909109468805893e-03,3.365701929762107691e-02,9.994083295204768680e-01,7.594895105592236462e-01,0.000000000000000000e+00,0.000000000000000000e+00,0.000000000000000000e+00,1.000000000000000056e-01
9.991408791840336034e-01,-4.061821446458829810e-02,8.225825008169741770e-03,7.867115314084583133e+01,4.083538775655171094e-02,9.987671782148213051e-01,-2.822401154292949674e-02,6.122629892593934642e+00,-7.069275077996877051e-03,2.853566846092904161e-02,9.995677770793531813e-01,7.565628214985389288e-01,0.000000000000000000e+00,0.000000000000000000e+00,0.000000000000000000e+00,1.000000000000000056e-01
9.996625613362785101e-01,-2.444570709006383194e-02,8.784695069150735836e-03,7.915117458345505952e+01,2.463771313069483201e-02,9.994441735442004537e-01,-2.245722734977972923e-02,6.138622091134098291e+00,-8.230829501377483204e-03,2.266608421004629587e-02,9.997092087563774765e-01,7.604258788174153016e-01,0.000000000000000000e+00,0.000000000000000000e+00,0.000000000000000000e+00,1.000000000000000056e-01
9.999577754251913753e-01,1.438066996386885106e-03,9.076305967540785127e-03,7.964524856932106900e+01,-1.225854768480494914e-03,9.997267561906107991e-01,-2.334331246172421243e-02,6.151775967480087814e+00,-9.107395170360585782e-03,2.333120056733039432e-02,9.996863060146907731e-01,7.637721833295908480e-01,0.000000000000000000e+00,0.000000000000000000e+00,0.000000000000000000e+00,1.000000000000000056e-01
9.995979637254079897e-01,2.600126027430150338e-02,1.130687313831072946e-02,8.014281155868326323e+01,-2.571882785667328752e-02,9.993702882473051163e-01,-2.444522166349073766e-02,6.143693782081924404e+00,-1.193535963834472038e-02,2.414459427380011985e-02,9.996372270767315271e-01,7.786243607528774424e-01,0.000000000000000000e+00,0.000000000000000000e+00,0.000000000000000000e+00,1.000000000000000056e-01
9.985223936272600298e-01,5.273026649101699576e-02,1.313576875075982316e-02,8.062551213934698069e+01,-5.242249429466323135e-02,9.983654703725264312e-01,-2.276553666773720869e-02,6.123213069012892973e+00,-1.431473076285786662e-02,2.204328840328539235e-02,9.996545312854618892e-01,7.825173411589860795e-01,0.000000000000000000e+00,0.000000000000000000e+00,0.000000000000000000e+00,1.000000000000000056e-01
9.964303689862793467e-01,8.324618415436982333e-02,1.402114779909083807e-02,8.111903378184105406e+01,-8.292951732525949415e-02,9.963163463312180168e-01,-2.182734957368909906e-02,6.081711882464183816e+00,-1.578654230877330963e-02,2.058666697037880855e-02,9.996634304729687948e-01,7.806914199024926893e-01,0.000000000000000000e+00,0.000000000000000000e+00,0.000000000000000000e+00,1.000000000000000056e-01
