9.998546141368537254e-01,-1.260170845177994645e-02,1.148684174782783722e-02,6.524168502186662444e-01,1.263520693839140924e-02,9.999161156942517614e-01,-2.848354006061013226e-03,4.278144779515163573e-03,-1.144998405533074158e-02,2.993078518207654016e-03,9.999299672207632161e-01,2.672300862834573604e-03,0.000000000000000000e+00,0.000000000000000000e+00,0.000000000000000000e+00,1.000000000000000056e-01
9.995341750871038489e-01,-1.942442052976256148e-02,2.353985386585460277e-02,1.336749920647130940e+00,1.951104430395088005e-02,9.998036690795139014e-01,-3.455784326487876170e-03,-1.361747032743710912e-03,-2.346810565665914672e-02,3.913461667740220778e-03,9.997169263519863902e-01,-1.342081178285042115e-02,0.000000000000000000e+00,0.000000000000000000e+00,0.000000000000000000e+00,1.000000000000000056e-01
9.990673990067098220e-01,-2.745325078730083065e-02,3.332643490050104379e-02,2.068319185025978779e+00,2.767986477956907790e-02,9.995966221021356235e-01,-6.357528433670483516e-03,2.075913584217535524e-02,-3.313845693077061699e-02,7.274070607969351614e-03,9.994242995690257869e-01,-3.783482472990455647e-02,0.000000000000000000e+00,0.000000000000000000e+00,0.000000000000000000e+00,1.000000000000000056e-01
9.983321104107509836e-01,-3.658873428171405262e-02,4.465715896111412120e-02,2.800103581483139426e+00,3.699089453629134105e-02,9.992818577934615698e-01,-8.212332570776895505e-03,7.088731421672922473e-02,-4.432460991617483137e-02,9.850543564199615645e-03,9.989686159971536972e-01,-8.008744373236445502e-02,0.000000000000000000e+00,0.000000000000000000e+00,0.000000000000000000e+00,1.000000000000000056e-01
9.975074841645641399e-01,-4.594392244027226818e-02,5.355347819221559919e-02,3.550765806701539518e+00,4.649300909843172985e-02,9.988776002249616370e-01,-9.052064615036707618e-03,9.882521460426577087e-02,-5.307748242574255454e-02,1.151936454948368493e-02,9.985239531927719847e-01,-1.167875338243846428e-01,0.000000000000000000e+00,0.000000000000000000e+00,0.000000000000000000e+00,1.000000000000000056e-01
9.963999006069594877e-01,-5.544684824153277292e-02,6.413177909992506809e-02,4.309045979782516689e+00,5.618933009247771559e-02,9.983717300486336654e-01,-9.830962488830493826e-03,1.558414269674738284e-01,-6.348225936590259910e-02,1.339909175200500353e-02,9.978930138476878042e-01,-1.508830670911707750e-01,0.000000000000000000e+00,0.000000000000000000e+00,0.000000000000000000e+00,1.000000000000000056e-01
9.949836278020521840e-01,-6.551492283017955331e-02,7.560010114029490358e-02,5.112604192891885724e+00,6.633063225131231866e-02,9.977629510365602084e-01,-8.327110180366401049e-03,2.260205834659580471e-01,-7.488543003153795563e-02,1.329994080326727876e-02,9.971034469620597696e-01,-2.046547473773537573e-01,0.000000000000000000e+00,0.000000000000000000e+00,0.000000000000000000e+00,1.000000000000000056e-01
9.936450678281499860e-01,-7.055263214055217114e-02,8.770293768643780408e-02,5.887029381924703486e+00,7.140128829695120694e-02,9.974260104303167562e-01,-6.573412097025087449e-03,2.960532036997647887e-01,-8.701341971401266306e-02,1.279374124724976663e-02,9.961249846151694065e-01,-2.572705223932688634e-01,0.000000000000000000e+00,0.000000000000000000e+00,0.000000000000000000e+00,1.000000000000000056e-01
9.918545822262756495e-01,-7.947115388030608074e-02,9.954307317775970554e-02,6.690233304094560296e+00,8.071935857116956103e-02,9.967000356054168675e-01,-8.568790814329183686e-03,3.589324206163446163e-01,-9.853361288717199518e-02,1.653404745044257870e-02,9.949963579864538055e-01,-3.262797242935713826e-01,0.000000000000000000e+00,0.000000000000000000e+00,0.000000000000000000e+00,1.000000000000000056e-01
9.899736109897830927e-01,-8.761720828031684116e-02,1.107947397533526335e-01,7.521696422052430719e+00,8.945451879306222376e-02,9.959220360766122271e-01,-1.171269074622477424e-02,4.300427139998680426e-01,-1.093166895371024128e-01,2.150634488188547799e-02,9.937742895237681173e-01,-4.026595868961997948e-01,0.000000000000000000e+00,0.000000000000000000e+00,0.000000000000000000e+00,1.000000000000000056e-01
9.880690098216897699e-01,-9.459220327918838045e-02,1.215398984234161150e-01,8.359613157546544215e+00,9.680919077645602777e-02,9.952250417924872750e-01,-1.245378538235341996e-02,5.247994337593909764e-01,-1.197815194894160107e-01,2.407137860469735213e-02,9.925084162468729154e-01,-4.977527007329649589e-01,0.000000000000000000e+00,0.000000000000000000e+00,0.000000000000000000e+00,1.000000000000000056e-01
9.862232576755468605e-01,-1.017474845897599345e-01,1.304267434213106092e-01,9.207378643236284077e+00,1.043177204994882867e-01,9.944589231573431887e-01,-1.301012461616242802e-02,6.408342274914440306e-01,-1.283802913597817952e-01,2.643670804759928536e-02,9.913725844797118825e-01,-5.971129728241257872e-01,0.000000000000000000e+00,0.000000000000000000e+00,0.000000000000000000e+00,1.000000000000000056e-01
9.843139633824666834e-01,-1.072625940848833254e-01,1.400741139557251935e-01,9.987391183258159444e+00,1.106265945801549883e-01,9.937261980614540136e-01,-1.643167240197621753e-02,7.460788045647520628e-01,-1.374328129010607136e-01,3.166984680274594760e-02,9.900046680403040700e-01,-6.911387238437711744e-01,0.000000000000000000e+00,0.000000000000000000e+00,0.000000000000000000e+00,1.000000000000000056e-01
9.819208156502000628e-01,-1.150690957601795128e-01,1.503017464761484123e-01,1.081504908083972083e+01,1.189338140238983821e-01,9.927574651702005815e-01,-1.695179136748711790e-02,8.571352333722734862e-01,-1.472625535381432704e-01,3.452127676915633242e-02,9.884948263777877386e-01,-8.132015614531385994e-01,0.000000000000000000e+00,0.000000000000000000e+00,0.000000000000000000e+00,1.000000000000000056e-01
9.798699655244232920e-01,-1.204514191631279735e-01,1.592052332203746645e-01,1.162068712481837984e+01,1.248969615569587993e-01,9.920031149752706057e-01,-1.818155310196841595e-02,9.721058080101675491e-01,-1.557420934012542224e-01,3.769980770439805562e-02,9.870780743396372348e-01,-9.125025750432108618e-01,0.000000000000000000e+00,0.000000000000000000e+00,0.000000000000000000e+00,1.000000000000000056e-01
9.778647323268234715e-01,-1.263540716867014024e-01,1.667789370381699554e-01,1.248223114549250035e+01,1.308495752975956383e-01,9.912698287701771083e-01,-1.620232126525825156e-02,1.112089390307023473e+00,-1.632756990976574618e-01,3.766663162715393892e-02,9.858611823913321359e-01,-1.046696974239659239e+00,0.000000000000000000e+00,0.000000000000000000e+00,0.000000000000000000e+00,1.000000000000000056e-01
9.757635966885923606e-01,-1.341477696624182592e-01,1.728866081335997396e-01,1.338446067066072409e+01,1.389025828187143152e-01,9.901824145516830988e-01,-1.564795190716485040e-02,1.246845490829060488e+00,-1.690901412372475265e-01,3.928309823826923314e-02,9.848174258862250063e-01,-1.196466677372967746e+00,0.000000000000000000e+00,0.000000000000000000e+00,0.000000000000000000e+00,1.000000000000000056e-01
9.747492804364520369e-01,-1.329387288430154412e-01,1.794188804508103641e-01,1.425174443034502758e+01,1.374815360100989370e-01,9.904180872219179310e-01,-1.307056846435111254e-02,1.385537856074840590e+00,-1.759621196306831170e-01,3.740731047911135393e-02,9.836859384873795076e-01,-1.337855005758930682e+00,0.000000000000000000e+00,0.000000000000000000e+00,0.000000000000000000e+00,1.000000000000000056e-01
9.699229918710111642e-01,-1.546359514153956838e-01,1.879816809421647195e-01,1.522125253372753839e+01,1.596466502459810421e-01,9.871046528212980009e-01,-1.171970322927030558e-02,1.629321131171687753e+00,-1.837453044440152117e-01,4.137785528999957108e-02,9.821026098052972886e-01,-1.509968478081064935e+00,0.000000000000000000e+00,0.000000000000000000e+00,0.000000000000000000e+00,1.000000000000000056e-01
9.681061325700035525e-01,-1.569031007855524740e-01,1.953251981804431658e-01,1.614199927024225900e+01,1.624108147104521005e-01,9.866452340280551514e-01,-1.240602413392521280e-02,1.802512779835796275e+00,-1.907701322152863532e-01,4.373327261483075240e-02,9.806600621627042935e-01,-1.680847177490219391e+00,0.000000000000000000e+00,0.000000000000000000e+00,0.000000000000000000e+00,1.000000000000000056e-01
9.646847591108640430e-01,-1.648364138247527255e-01,2.054562537782897713e-01,1.702202149773644990e+01,1.716676741792758087e-01,9.850289606787270280e-01,-1.575297641922773426e-02,1.971942209671053936e+00,-1.997836959841621518e-01,5.046685349396787257e-02,9.785395094309305986e-01,-1.849201008351026410e+00,0.000000000000000000e+00,0.000000000000000000e+00,0.000000000000000000e+00,1.000000000000000056e-01
9.618108237994531518e-01,-1.720031212345710103e-01,2.129198570067687979e-01,1.784716195397123784e+01,1.797201363177957090e-01,9.835659071975041412e-01,-1.728521913843385216e-02,2.119910663319109823e+00,-2.064476006741912117e-01,5.489109658511319434e-02,9.769167598580512646e-01,-2.011784480966977817e+00,0.000000000000000000e+00,0.000000000000000000e+00,0.000000000000000000e+00,1.000000000000000056e-01
9.591493212511813526e-01,-1.770059689476840281e-01,2.206840875556949910e-01,1.871729878569201588e+01,1.862527364551635201e-01,9.822633120073113178e-01,-2.164957383854913125e-02,2.274705832375898407e+00,-2.129377789551716027e-01,6.186818925198082214e-02,9.751050350871538486e-01,-2.196982026980983438e+00,0.000000000000000000e+00,0.000000000000000000e+00,0.000000000000000000e+00,1.000000000000000056e-01
9.556611176803901930e-01,-1.832535647064254813e-01,2.304993691450267501e-01,1.961491320786764447e+01,1.934929517099362728e-01,9.808452132096849851e-01,-2.243090194851545330e-02,2.458081762366895351e+00,-2.219736601321058711e-01,6.603634412984694946e-02,9.728139058738421996e-01,-2.390601633796548775e+00,0.000000000000000000e+00,0.000000000000000000e+00,0.000000000000000000e+00,1.000000000000000056e-01
9.526809473447078735e-01,-1.871062277330224066e-01,2.395626684396136574e-01,2.050780725929378434e+01,1.984764116579793292e-01,9.798111169900580730e-01,-2.402683995175163012e-02,2.627000204457879295e+00,-2.302305943652194764e-01,7.043745144603918984e-02,9.705835558322759571e-01,-2.596406646731282297e+00,0.000000000000000000e+00,0.000000000000000000e+00,0.000000000000000000e+00,1.000000000000000056e-01
9.505115019567440537e-01,-1.866963332149414456e-01,2.483392111850848405e-01,2.138320963393380936e+01,1.999922035402054710e-01,9.793622768899856723e-01,-2.920015630088537012e-02,2.827965743574483160e+00,-2.377624931966091926e-01,7.742099049326778282e-02,9.682329198390094982e-01,-2.800394859439704121e+00,0.000000000000000000e+00,0.000000000000000000e+00,0.000000000000000000e+00,1.000000000000000056e-01
9.473838472689505297e-01,-1.893397710829189673e-01,2.580974564387444881e-01,2.228188864989216000e+01,2.040526841095068600e-01,9.784623872966351499e-01,-3.120671007132048286e-02,3.048037597966280821e+00,-2.466299820410883525e-01,8.223021179613662635e-02,9.656147493831973572e-01,-3.018445986535993608e+00,0.000000000000000000e+00,0.000000000000000000e+00,0.000000000000000000e+00,1.000000000000000056e-01
9.456104774128599733e-01,-1.865900080671370753e-01,2.664676226045649132e-01,2.319331603150012100e+01,2.020337653446764026e-01,9.788713839864010557e-01,-3.151461999136356135e-02,3.260636792424695063e+00,-2.549572173280751919e-01,8.363601199276260445e-02,9.633285186426648883e-01,-3.242167268383893575e+00,0.000000000000000000e+00,0.000000000000000000e+00,0.000000000000000000e+00,1.000000000000000056e-01
9.453098390349301550e-01,-1.803129567190635552e-01,2.718024022391699601e-01,2.406757441881053694e+01,1.964972994832547837e-01,9.799382012029411726e-01,-3.331565876479272020e-02,3.455845258778926787e+00,-2.603423121959672626e-01,8.490205805734712952e-02,9.617762323004682701e-01,-3.470834335230235546e+00,0.000000000000000000e+00,0.000000000000000000e+00,0.000000000000000000e+00,1.000000000000000056e-01
9.436966360977465662e-01,-1.833884716927281222e-01,2.753276729063075523e-01,2.496253889586214569e+01,2.008111697925463457e-01,9.789598176662452911e-01,-3.622912476752488536e-02,3.641167685601801374e+00,-2.628907246449488921e-01,8.947817524445397797e-02,9.606675403335830365e-01,-3.697659684997562035e+00,0.000000000000000000e+00,0.000000000000000000e+00,0.000000000000000000e+00,1.000000000000000056e-01
9.440246292618721391e-01,-1.828675918576956883e-01,2.745486171794572772e-01,2.582914203435556288e+01,2.007481967576446036e-01,9.788956481944210974e-01,-3.825534530726752702e-02,3.836893276282382192e+00,-2.617587837027421371e-01,9.122912799205905310e-02,9.608119406836436172e-01,-3.937304208618775725e+00,0.000000000000000000e+00,0.000000000000000000e+00,0.000000000000000000e+00,1.000000000000000056e-01
9.418051002039432573e-01,-1.835729582723640285e-01,2.816098759294022313e-01,2.671634962049643747e+01,2.034172933539587502e-01,9.781620330367587490e-01,-4.266663673110858424e-02,4.031403120605829393e+00,-2.676276480380715972e-01,9.746797482521009359e-02,9.585799058446209386e-01,-4.173414361333721345e+00,0.000000000000000000e+00,0.000000000000000000e+00,0.000000000000000000e+00,1.000000000000000056e-01
9.398815088041430066e-01,-1.845705326346538111e-01,2.873264134934477854e-01,2.762356778989697048e+01,2.061842462478210292e-01,9.774030083346333386e-01,-4.659845381154303218e-02,4.208914512382441409e+00,-2.722329994825488653e-01,1.030392050695695116e-01,9.566985503340985630e-01,-4.424292484041249196e+00,0.000000000000000000e+00,0.000000000000000000e+00,0.000000000000000000e+00,1.000000000000000056e-01
9.363188323691195025e-01,-1.853037152142874844e-01,2.982776848487176391e-01,2.856106435552573330e+01,2.093086917694429727e-01,9.765520197069510466e-01,-5.035895507294523010e-02,4.412154363998562090e+00,-2.819519741032024962e-01,1.095841500129322993e-01,9.531497250512377395e-01,-4.689112978084856387e+00,0.000000000000000000e+00,0.000000000000000000e+00,0.000000000000000000e+00,1.000000000000000056e-01
9.329815748755913019e-01,-1.866210581174405636e-01,3.077628333795168203e-01,2.946407294717944936e+01,2.133709008407390639e-01,9.754009671965716555e-01,-5.536977394214297188e-02,4.605841710550174106e+00,-2.898589995447318213e-01,1.173266118965318044e-01,9.498506337966026170e-01,-4.954317286756755756e+00,0.000000000000000000e+00,0.000000000000000000e+00,0.000000000000000000e+00,1.000000000000000056e-01
9.297873512178882471e-01,-1.860070139337097472e-01,3.176426801969282621e-01,3.033976285432372322e+01,2.158807216676957019e-01,9.744958815316523415e-01,-6.126410768208945257e-02,4.794586957451314468e+00,-2.981459299193235934e-01,1.255355234398313757e-01,9.462292728653184382e-01,-5.206812808489663880e+00,0.000000000000000000e+00,0.000000000000000000e+00,0.000000000000000000e+00,1.000000000000000056e-01
9.290653543799601843e-01,-1.894570240423851804e-01,3.177162308284581238e-01,3.124919667071807794e+01,2.210068451715594962e-01,9.730338144630720221e-01,-6.603915731411399981e-02,4.988705467638644642e+00,-2.966370537848455058e-01,1.315721549281877456e-01,9.458833048370183239e-01,-5.485360298458511252e+00,0.000000000000000000e+00,0.000000000000000000e+00,0.000000000000000000e+00,1.000000000000000056e-01
9.279220450504452877e-01,-1.942800580230525931e-01,3.181445227627824890e-01,3.218937105396206988e+01,2.265203867315021546e-01,9.716775673934843205e-01,-6.731433294099681275e-02,5.205464030530190911e+00,-2.960560634481416153e-01,1.345286738165510088e-01,9.456494293430044440e-01,-5.783606874724108060e+00,0.000000000000000000e+00,0.000000000000000000e+00,0.000000000000000000e+00,1.000000000000000056e-01
9.250346839823322398e-01,-1.962678188340338248e-01,3.252534038558823060e-01,3.310584866226886191e+01,2.302826868019893225e-01,9.706596207432227619e-01,-6.920827131116473463e-02,5.446982266156322972e+00,-3.021269891766766857e-01,1.389202791127118752e-01,9.430908961824848724e-01,-6.083345884056786446e+00,0.000000000000000000e+00,0.000000000000000000e+00,0.000000000000000000e+00,1.000000000000000056e-01
9.231669510550594149e-01,-1.999178312586124551e-01,3.283224653059221843e-01,3.402555539023623510e+01,2.350451119267069067e-01,9.694164659812840590e-01,-7.060814998086054062e-02,5.677424850571713755e+00,-3.041653758057733525e-01,1.423537011433521904e-01,9.419229522268378618e-01,-6.360784580912908659e+00,0.000000000000000000e+00,0.000000000000000000e+00,0.000000000000000000e+00,1.000000000000000056e-01
9.215565264502415532e-01,-2.031378962205060423e-01,3.308603386265451252e-01,3.492152280708916123e+01,2.390039201183863371e-01,9.684096733691036629e-01,-7.113248690429702092e-02,5.921181934659918156e+00,-3.059586487174519864e-01,1.446295254927322804e-01,9.409950082921471060e-01,-6.646089532098600650e+00,0.000000000000000000e+00,0.000000000000000000e+00,0.000000000000000000e+00,1.000000000000000056e-01
9.190311425894570618e-01,-2.052511876016468173e-01,3.365318839855008792e-01,3.583329021562570915e+01,2.423362877929916281e-01,9.675400338319162241e-01,-7.168965442270446020e-02,6.150915786152388876e+00,-3.108936837078382642e-01,1.474389125049694327e-01,9.389392336620738799e-01,-6.944639487282013413e+00,0.000000000000000000e+00,0.000000000000000000e+00,0.000000000000000000e+00,1.000000000000000056e-01
9.167477993321099250e-01,-2.081686301483345047e-01,3.409388417911625724e-01,3.676873130012597812e+01,2.474320886775517592e-01,9.659568685434337665e-01,-7.552939564452736121e-02,6.399069845303087867e+00,-3.136093651541637661e-01,1.536006169776974462e-01,9.370464324416762913e-01,-7.260491970928084626e+00,0.000000000000000000e+00,0.000000000000000000e+00,0.000000000000000000e+00,1.000000000000000056e-01
9.135753007297680028e-01,-2.128274700853229340e-01,3.465323042280401555e-01,3.770051830113023072e+01,2.524527973542627368e-01,9.648536795311351000e-01,-7.297233861702170921e-02,6.647074458053573665e+00,-3.188224505967569566e-01,1.541487757729872177e-01,9.351953806147503823e-01,-7.546546219917988019e+00,0.000000000000000000e+00,0.000000000000000000e+00,0.000000000000000000e+00,1.000000000000000056e-01
9.113204623625511536e-01,-2.168673476492140872e-01,3.499479509911451736e-01,3.862972024676366800e+01,2.567560145114327064e-01,9.638404984553424759e-01,-7.132911431920296863e-02,6.901260469046176738e+00,-3.218250516841579811e-01,1.548549226242159071e-01,9.340495645561519567e-01,-7.864159511608186826e+00,0.000000000000000000e+00,0.000000000000000000e+00,0.000000000000000000e+00,1.000000000000000056e-01
9.086086996154613127e-01,-2.219017244525769428e-01,3.538217851801567226e-01,3.956218588845438688e+01,2.641399285195041857e-01,9.615428608335171434e-01,-7.526901714388711806e-02,7.174514025418626595e+00,-3.235124868452708968e-01,1.618485448345711175e-01,9.322793140417309221e-01,-8.167409851953468802e+00,0.000000000000000000e+00,0.000000000000000000e+00,0.000000000000000000e+00,1.000000000000000056e-01
9.065774155266914658e-01,-2.282381863836916991e-01,3.549996055395382433e-01,4.048428206224237158e+01,2.709414336542628754e-01,9.596762787655195304e-01,-7.491448127123026546e-02,7.444586083680732713e+00,-3.235863550681907785e-01,1.640998788879749481e-01,9.318600219789636707e-01,-8.466671726528065989e+00,0.000000000000000000e+00,0.000000000000000000e+00,0.000000000000000000e+00,1.000000000000000056e-01
9.061252922705029800e-01,-2.299245265018881046e-01,3.550657218327025744e-01,4.142795155870878432e+01,2.735595343630145004e-01,9.587453763159793363e-01,-7.728185137418649986e-02,7.728254739528422235e+00,-3.226486260110001947e-01,1.671586536964620451e-01,9.316414807358032180e-01,-8.791023151374362854e+00,0.000000000000000000e+00,0.000000000000000000e+00,0.000000000000000000e+00,1.000000000000000056e-01
9.047020374480514437e-01,-2.335919118180252441e-01,3.562990908921106481e-01,4.239631004015025439e+01,2.779891587336902892e-01,9.573970847880981516e-01,-7.818471503936233469e-02,8.000218501623455936e+00,-3.228563938717642356e-01,1.697811555280829277e-01,9.310951123079044267e-01,-9.117576114586595892e+00,0.000000000000000000e+00,0.000000000000000000e+00,0.000000000000000000e+00,1.000000000000000056e-01
9.020312111896968688e-01,-2.362218549176983429e-01,3.613017150511332320e-01,4.334258110826036159e+01,2.833206798670767634e-01,9.554564801472947844e-01,-8.265776977513675239e-02,8.303554839167679447e+00,-3.256824932342938239e-01,1.769241357299336237e-01,9.287781025610531982e-01,-9.432513051420608363e+00,0.000000000000000000e+00,0.000000000000000000e+00,0.000000000000000000e+00,1.000000000000000056e-01
9.009408021773013253e-01,-2.344667441978238731e-01,3.651451996636311259e-01,4.425582732867606950e+01,2.829030817908844142e-01,9.554164584355425704e-01,-8.452950528487288007e-02,8.584148131288523942e+00,-3.290463755845686178e-01,1.794567825849928966e-01,9.271050349873533047e-01,-9.749758253369277483e+00,0.000000000000000000e+00,0.000000000000000000e+00,0.000000000000000000e+00,1.000000000000000056e-01
8.973142103655395996e-01,-2.480288549477089877e-01,3.651149065559999851e-01,4.506132875000837146e+01,2.980389792654418724e-01,9.506079231957782483e-01,-8.670261354666852771e-02,8.850645750818381785e+00,-3.255763730900658182e-01,1.866179612758048223e-01,9.269162647266366850e-01,-1.002651076718043122e+01,0.000000000000000000e+00,0.000000000000000000e+00,0.000000000000000000e+00,1.000000000000000056e-01
8.977817350689590858e-01,-2.502248363226129979e-01,3.624575664321147972e-01,4.591360408871828014e+01,3.011846454016297581e-01,9.492427449999926159e-01,-9.069741142487741659e-02,9.125163096844879362e+00,-3.213654703773631827e-01,1.905931330142838220e-01,9.275766772062219445e-01,-1.032976253371594133e+01,0.000000000000000000e+00,0.000000000000000000e+00,0.000000000000000000e+00,1.000000000000000056e-01
8.972010309469241607e-01,-2.510881368925431678e-01,3.632974780804402171e-01,4.674863073411113135e+01,3.032385645398297802e-01,9.483203625873788400e-01,-9.346048832509874782e-02,9.408069967088220409e+00,-3.210555762537070645e-01,1.940186522321345475e-01,9.269736131856322059e-01,-1.062395967025341470e+01,0.000000000000000000e+00,0.000000000000000000e+00,0.000000000000000000e+00,1.000000000000000056e-01
8.944566881553619453e-01,-2.539670428520927614e-01,3.680325721442396225e-01,4.758365774638238577e+01,3.077435388094849622e-01,9.467540219619883235e-01,-9.460833060473049227e-02,9.717427250810073858e+00,-3.244089199377179766e-01,1.978827002134401769e-01,9.249871834901719492e-01,-1.091842869287032158e+01,0.000000000000000000e+00,0.000000000000000000e+00,0.000000000000000000e+00,1.000000000000000056e-01
8.936359002278203567e-01,-2.514626343356621274e-01,3.717276171566787357e-01,4.846451559617587890e+01,3.080932909238882078e-01,9.460105121467679012e-01,-1.007106498613639933e-01,1.003424640987133820e+01,-3.263332681656922474e-01,2.045254371484851175e-01,9.228629062041228126e-01,-1.122201258452439632e+01,0.000000000000000000e+00,0.000000000000000000e+00,0.000000000000000000e+00,1.000000000000000056e-01
8.908561153105867270e-01,-2.523125764456430886e-01,3.777747286162642104e-01,4.928024801664277277e+01,3.121202526914758080e-01,9.441750150060690405e-01,-1.054252763719334268e-01,1.031418171185231181e+01,-3.300853369562784523e-01,2.118298959204076848e-01,9.198759511590730575e-01,-1.151796558921037672e+01,0.000000000000000000e+00,0.000000000000000000e+00,0.000000000000000000e+00,1.000000000000000056e-01
8.896459259774284201e-01,-2.561639948712755022e-01,3.780345673656750338e-01,5.012986104865036197e+01,3.179430297114548276e-01,9.416931591601892526e-01,-1.101191347986506808e-01,1.063832717267615990e+01,-3.277840085325470221e-01,2.181604953296806537e-01,9.192190392000393340e-01,-1.181391325532877090e+01,0.000000000000000000e+00,0.000000000000000000e+00,0.000000000000000000e+00,1.000000000000000056e-01
8.892243000518958995e-01,-2.574693109828085635e-01,3.781397864537049958e-01,5.103741905697078352e+01,3.204211468680544517e-01,9.404960508548945164e-01,-1.131258899019515068e-01,1.096331477078303074e+01,-3.265125309034501710e-01,2.217582743177480276e-01,9.188105544314550954e-01,-1.210362220166827463e+01,0.000000000000000000e+00,0.000000000000000000e+00,0.000000000000000000e+00,1.000000000000000056e-01
8.865975048919385593e-01,-2.627369836113130352e-01,3.806759012102257089e-01,5.190442449245236389e+01,3.276293491655538626e-01,9.376726563003004999e-01,-1.158835587652281424e-01,1.130014605569532193e+01,-3.265024867971828004e-01,2.274626718157665151e-01,9.174185844235380749e-01,-1.241262658589725021e+01,0.000000000000000000e+00,0.000000000000000000e+00,0.000000000000000000e+00,1.000000000000000056e-01
8.845334003643308129e-01,-2.648276022369527860e-01,3.840143288125338339e-01,5.274250118537037224e+01,3.314165193530707043e-01,9.360992755660091369e-01,-1.178186614449873715e-01,1.161694350623739957e+01,-3.282739013991368138e-01,2.314832334710641426e-01,9.157793174569791583e-01,-1.270598108873655008e+01,0.000000000000000000e+00,0.000000000000000000e+00,0.000000000000000000e+00,1.000000000000000056e-01
8.811599353616013097e-01,-2.671366236916076220e-01,3.901220227008300734e-01,5.358933430398585074e+01,3.357980944401344203e-01,9.344373273813094682e-01,-1.186023649294150328e-01,1.191968226251915830e+01,-3.328615449160703399e-01,2.355098840370059843e-01,9.130927041855951831e-01,-1.299426045518840667e+01,0.000000000000000000e+00,0.000000000000000000e+00,0.000000000000000000e+00,1.000000000000000056e-01
8.800842465714163732e-01,-2.726666605867548721e-01,3.887217657159035555e-01,5.441978148400456661e+01,3.395501817932795041e-01,9.336737830326734544e-01,-1.138373441433307154e-01,1.227258624493630634e+01,-3.318996730654810712e-01,2.321769994679138971e-01,9.142956020549934948e-01,-1.328828102646148857e+01,0.000000000000000000e+00,0.000000000000000000e+00,0.000000000000000000e+00,1.000000000000000056e-01
8.800406468159442941e-01,-2.770891747230194713e-01,3.856812793007854401e-01,5.523985312066904640e+01,3.449628909985435476e-01,9.311499508436232864e-01,-1.181540218437141659e-01,1.258581967810230928e+01,-3.263879038593517912e-01,2.370260709188631298e-01,9.150352877999102796e-01,-1.357909886021991142e+01,0.000000000000000000e+00,0.000000000000000000e+00,0.000000000000000000e+00,1.000000000000000056e-01
8.801084580844696914e-01,-2.830031237189990501e-01,3.812064191136688152e-01,5.605549202616217741e+01,3.499212237313125140e-01,9.293225300384191367e-01,-1.179608932882942329e-01,1.292075429286275678e+01,-3.208804126003299562e-01,2.372105965767138946e-01,9.169334183468075272e-01,-1.385149732018563284e+01,0.000000000000000000e+00,0.000000000000000000e+00,0.000000000000000000e+00,1.000000000000000056e-01
8.809879415908034028e-01,-2.851661488453862692e-01,3.775453804833138749e-01,5.689439007750294763e+01,3.535372712075954826e-01,9.270662861141567568e-01,-1.247377209090800992e-01,1.326224549606686764e+01,-3.144386182368290594e-01,2.433687915555227677e-01,9.175510812255185389e-01,-1.415272115942123676e+01,0.000000000000000000e+00,0.000000000000000000e+00,0.000000000000000000e+00,1.000000000000000056e-01
8.809990483879917011e-01,-2.891221895329341707e-01,3.744983795146984429e-01,5.772350999951996187e+01,3.567441524458818125e-01,9.258782095981035187e-01,-1.244313091110103575e-01,1.359836316607165685e+01,-3.107640365858354015e-01,2.432239719087994079e-01,9.188404720373308798e-01,-1.444530075852307327e+01,0.000000000000000000e+00,0.000000000000000000e+00,0.000000000000000000e+00,1.000000000000000056e-01
8.779900282232550035e-01,-2.931906908087605901e-01,3.783817241405955101e-01,5.858739205452081933e+01,3.621062388063500670e-01,9.237961974856929714e-01,-1.244172710217234801e-01,1.395273498151697567e+01,-3.130696123197626579e-01,2.462515062574363311e-01,9.172500278047950317e-01,-1.471619305100981556e+01,0.000000000000000000e+00,0.000000000000000000e+00,0.000000000000000000e+00,1.000000000000000056e-01
8.770351322263642002e-01,-2.965825055841137536e-01,3.779526348924332479e-01,5.940626407491176053e+01,3.667518355866506430e-01,9.214777200470153362e-01,-1.279527356127126425e-01,1.429968653983186755e+01,-3.103263893620814562e-01,2.508338670084315769e-01,9.169405123709445382e-01,-1.497925565535115311e+01,0.000000000000000000e+00,0.000000000000000000e+00,0.000000000000000000e+00,1.000000000000000056e-01
8.763458022273719061e-01,-3.013775318572014528e-01,3.757520701341850455e-01,6.014420211057092303e+01,3.718833489237113876e-01,9.191123943223550308e-01,-1.301352427143116774e-01,1.460999222363392036e+01,-3.061385465957351948e-01,2.537794118810452471e-01,9.175375743769633718e-01,-1.523311744680480651e+01,0.000000000000000000e+00,0.000000000000000000e+00,0.000000000000000000e+00,1.000000000000000056e-01
8.746550934444351499e-01,-3.078021570587149425e-01,3.744813741986490196e-01,6.087405372642939483e+01,3.786169435417476858e-01,9.162000323618163522e-01,-1.312505648114009604e-01,1.492386296000449164e+01,-3.027006401955758541e-01,2.565839683421567430e-01,9.178981368403466012e-01,-1.547947726188263928e+01,0.000000000000000000e+00,0.000000000000000000e+00,0.000000000000000000e+00,1.000000000000000056e-01
8.749718068624690037e-01,-3.093785454132916835e-01,3.724369112128686488e-01,6.158383271599996078e+01,3.809836136664375150e-01,9.146318371387628376e-01,-1.352778200956620824e-01,1.523697181694466174e+01,-2.987906011130355144e-01,2.602566389741622910e-01,9.181452273776646855e-01,-1.571953248996470798e+01,0.000000000000000000e+00,0.000000000000000000e+00,0.000000000000000000e+00,1.000000000000000056e-01
8.748394981681700822e-01,-3.144655847415925298e-01,3.684660750435413412e-01,6.230036270188329439e+01,3.866461933306142851e-01,9.115300460222908185e-01,-1.400631871033417020e-01,1.554998947602311077e+01,-2.918228463088686775e-01,2.649988136043796572e-01,9.190294093011722731e-01,-1.595713849836863574e+01,0.000000000000000000e+00,0.000000000000000000e+00,0.000000000000000000e+00,1.000000000000000056e-01
8.731916941707061897e-01,-3.177563233785281049e-01,3.695499752188492470e-01,6.297468057731801139e+01,3.909234523922748838e-01,9.094492556726961885e-01,-1.417071124752868616e-01,1.585533361922954576e+01,-2.910586188399111318e-01,2.682032257623667704e-01,9.183419352777397737e-01,-1.617285262171347426e+01,0.000000000000000000e+00,0.000000000000000000e+00,0.000000000000000000e+00,1.000000000000000056e-01
8.714670701074064274e-01,-3.231250369540743517e-01,3.689652506833684398e-01,6.365775002651530201e+01,3.968201041701392429e-01,9.066493395974452030e-01,-1.432507589296348194e-01,1.617703001545044117e+01,-2.882341940936444247e-01,2.712511483864070705e-01,9.183375544178963290e-01,-1.638487985140829295e+01,0.000000000000000000e+00,0.000000000000000000e+00,0.000000000000000000e+00,1.000000000000000056e-01
8.677414798199161172e-01,-3.292287984335304785e-01,3.723346914832888488e-01,6.432387492989754207e+01,4.050876420558191526e-01,9.025419530868519224e-01,-1.460206326921891784e-01,1.647545641602419764e+01,-2.879734822055646792e-01,2.775363421251070273e-01,9.165396076254517244e-01,-1.659249905658698765e+01,0.000000000000000000e+00,0.000000000000000000e+00,0.000000000000000000e+00,1.000000000000000056e-01
8.673862952418149863e-01,-3.322084064487104138e-01,3.705112542305394885e-01,6.494191495826433425e+01,4.081349777793465972e-01,9.008935210418187456e-01,-1.477047854943314698e-01,1.677010557952420200e+01,-2.847224169954507000e-01,2.793357091917942348e-01,9.170085642078736887e-01,-1.677609884614225422e+01,0.000000000000000000e+00,0.000000000000000000e+00,0.000000000000000000e+00,1.000000000000000056e-01
8.679531068228794055e-01,-3.383773343098193664e-01,3.635356708521076952e-01,6.552953925848672156e+01,4.123011051262450155e-01,8.990143785083053452e-01,-1.475836913314021448e-01,1.705522851415808105e+01,-2.768848191363844080e-01,2.779818822526141653e-01,9.198156717903350765e-01,-1.694723793631627018e+01,0.000000000000000000e+00,0.000000000000000000e+00,0.000000000000000000e+00,1.000000000000000056e-01
8.700283780865776251e-01,-3.387615889083261944e-01,3.581776196307431270e-01,6.611925577271388477e+01,4.127902582200482229e-01,8.977873626345299618e-01,-1.535644952857297407e-01,1.732473026999520371e+01,-2.695455880600997611e-01,2.814577008611440223e-01,9.209379667400480196e-01,-1.712454026224594017e+01,0.000000000000000000e+00,0.000000000000000000e+00,0.000000000000000000e+00,1.000000000000000056e-01
8.713468360465411733e-01,-3.397281355120723711e-01,3.540331697075474460e-01,6.676164675882391464e+01,4.136498339983298855e-01,8.966884804776252826e-01,-1.576184754775963315e-01,1.763463905914892038e+01,-2.639100341874788813e-01,2.837861217893124510e-01,9.218551572426902929e-01,-1.731021358883784345e+01,0.000000000000000000e+00,0.000000000000000000e+00,0.000000000000000000e+00,1.000000000000000056e-01
8.714511964158226931e-01,-3.437002292311040486e-01,3.499185115022035442e-01,6.736970458009616891e+01,4.169075578547781213e-01,8.948796360753026313e-01,-1.593063876349558039e-01,1.792529160943827193e+01,-2.583813082809901518e-01,2.847114141797278397e-01,9.231351527088454967e-01,-1.748968435038347025e+01,0.000000000000000000e+00,0.000000000000000000e+00,0.000000000000000000e+00,1.000000000000000056e-01
8.699100169473883426e-01,-3.467573502886766024e-01,3.507362291457364334e-01,6.796343591075699919e+01,4.204717564324823575e-01,8.931048158735829245e-01,-1.598977482830721830e-01,1.821685843410513428e+01,-2.577984958396338788e-01,2.865713312321899742e-01,9.227224976441361637e-01,-1.765218515888138029e+01,0.000000000000000000e+00,0.000000000000000000e+00,0.000000000000000000e+00,1.000000000000000056e-01
8.680242547717054169e-01,-3.538252905951104754e-01,3.483411501148135914e-01,6.850983559026705905e+01,4.279637623881831221e-01,8.888713304389395109e-01,-1.635688723634797781e-01,1.846578570186717982e+01,-2.517556577528619055e-01,2.910591377349202591e-01,9.229862767833705295e-01,-1.781121634697840861e+01,0.000000000000000000e+00,0.000000000000000000e+00,0.000000000000000000e+00,1.000000000000000056e-01
8.670425477321508367e-01,-3.604413018786502554e-01,3.439757089129475420e-01,6.901216839287954485e+01,4.345331232649755626e-01,8.848245486788373082e-01,-1.681263894838565254e-01,1.869989981809981927e+01,-2.437584566896636995e-01,2.952415722003179921e-01,9.238042156414733030e-01,-1.793260948690989665e+01,0.000000000000000000e+00,0.000000000000000000e+00,0.000000000000000000e+00,1.000000000000000056e-01
8.682128639736161890e-01,-3.600829255607868040e-01,3.413893811329168915e-01,6.955514331880334566e+01,4.359858701652504775e-01,8.820956956068159993e-01,-1.783914370371423863e-01,1.895007312589879689e+01,-2.369023930798936362e-01,3.037226868567975413e-01,9.228378978138616073e-01,-1.807633403379409032e+01,0.000000000000000000e+00,0.000000000000000000e+00,0.000000000000000000e+00,1.000000000000000056e-01
8.703646384343979303e-01,-3.585653788513590290e-01,3.374852074567731841e-01,7.009903341015903777e+01,4.353085110808550540e-01,8.806475245694640464e-01,-1.869931486719348390e-01,1.920094417387855401e+01,-2.301562433294585541e-01,3.096624074033795804e-01,9.225710255029768714e-01,-1.821001552846804472e+01,0.000000000000000000e+00,0.000000000000000000e+00,0.000000000000000000e+00,1.000000000000000056e-01
8.720086104773372426e-01,-3.601893281708751227e-01,3.314583399542047615e-01,7.060776531737089101e+01,4.353988629227784068e-01,8.801772459516725711e-01,-1.889863642554154011e-01,1.945292114011883911e+01,-2.236712172339908877e-01,3.091143212158611320e-01,9.243481611386059615e-01,-1.833307372384723877e+01,0.000000000000000000e+00,0.000000000000000000e+00,0.000000000000000000e+00,1.000000000000000056e-01
8.739234665701690608e-01,-3.588176508889280303e-01,3.278836195794628261e-01,7.110663721067447796e+01,4.320444163131518245e-01,8.825101675876731999e-01,-1.857778954477760924e-01,1.972409608588695917e+01,-2.227002400326647258e-01,3.040159494416834751e-01,9.262715074828035133e-01,-1.845723145561559519e+01,0.000000000000000000e+00,0.000000000000000000e+00,0.000000000000000000e+00,1.000000000000000056e-01
8.743952051843675299e-01,-3.560579522428860000e-01,3.296297313580657251e-01,7.159959304029058558e+01,4.310528918660824771e-01,8.819221220339888978e-01,-1.908055949938404217e-01,1.994484512973390977e+01,-2.227699027348067629e-01,3.089273463318985558e-01,9.246282848387539222e-01,-1.858259075089272017e+01,0.000000000000000000e+00,0.000000000000000000e+00,0.000000000000000000e+00,1.000000000000000056e-01
8.757501110273000489e-01,-3.532180307079548220e-01,3.290877782878998126e-01,7.212692005649206806e+01,4.291306825010550718e-01,8.818350767721641059e-01,-1.954833873003282985e-01,2.017952465899654513e+01,-2.211528891329486990e-01,3.124162610316975064e-01,9.238438609803736323e-01,-1.869965853916932375e+01,0.000000000000000000e+00,0.000000000000000000e+00,0.000000000000000000e+00,1.000000000000000056e-01
8.771017943507423142e-01,-3.491037510672830857e-01,3.298772701133871332e-01,7.262711722450958973e+01,4.257675221193268911e-01,8.829913478862086995e-01,-1.976064185862010936e-01,2.038963232488487876e+01,-2.222936334110281742e-01,3.137719722168456071e-01,9.231103346816535993e-01,-1.882087543724369283e+01,0.000000000000000000e+00,0.000000000000000000e+00,0.000000000000000000e+00,1.000000000000000056e-01
8.812729282760192184e-01,-3.436862397624168564e-01,3.244037522683433927e-01,7.308142239213201208e+01,4.190637627055484593e-01,8.856177123614652480e-01,-2.001670061191720140e-01,2.061349059531605832e+01,-2.185030633077668927e-01,3.123476206882572215e-01,9.244973635308575410e-01,-1.891688523819156842e+01,0.000000000000000000e+00,0.000000000000000000e+00,0.000000000000000000e+00,1.000000000000000056e-01
8.865886957021014148e-01,-3.362933754148897947e-01,3.175960489447352542e-01,7.353640763360529320e+01,4.096694064525083778e-01,8.896902738014436096e-01,-2.015494830555562000e-01,2.084215468571848362e+01,-2.147823597740190493e-01,3.088008781645098511e-01,9.265584469285957914e-01,-1.902231653215972074e+01,0.000000000000000000e+00,0.000000000000000000e+00,0.000000000000000000e+00,1.000000000000000056e-01
8.945121473957484692e-01,-3.206963567919672853e-01,3.114512239529748094e-01,7.399151148710519976e+01,3.917690909155002732e-01,8.979267313733464428e-01,-2.006104795079772518e-01,2.102930931575509632e+01,-2.153253295938248324e-01,3.014654736873483287e-01,9.288452888451194100e-01,-1.913330950241342521e+01,0.000000000000000000e+00,0.000000000000000000e+00,0.000000000000000000e+00,1.000000000000000056e-01
8.996537704688666315e-01,-3.077687988346443637e-01,3.096796082163500441e-01,7.446433637010341045e+01,3.793523508726605042e-01,9.021472937992549568e-01,-2.054800578597998362e-01,2.120701700293754399e+01,-2.161362699052098990e-01,3.023385962039266683e-01,9.283730317479613747e-01,-1.923019308654482273e+01,0.000000000000000000e+00,0.000000000000000000e+00,0.000000000000000000e+00,1.000000000000000056e-01
9.065917901435269766e-01,-2.871037655947742961e-01,3.092939602152880441e-01,7.493049819272499690e+01,3.600656296850071603e-01,9.084982282867426484e-01,-2.120936385641702671e-01,2.138476834715608632e+01,-2.201001325849091805e-01,3.036484760066325284e-01,9.270132332685196985e-01,-1.934335306731682280e+01,0.000000000000000000e+00,0.000000000000000000e+00,0.000000000000000000e+00,1.000000000000000056e-01
9.139539260940068299e-01,-2.639676625563248669e-01,3.082357768038956336e-01,7.537833173858206237e+01,3.375272788158483195e-01,9.161419825870458222e-01,-2.162387657119916318e-01,2.158041586787567567e+01,-2.253076941263199573e-01,3.016702518745049133e-01,9.264078486829941950e-01,-1.943392680671483674e+01,0.000000000000000000e+00,0.000000000000000000e+00,0.000000000000000000e+00,1.000000000000000056e-01
9.225270889542369623e-01,-2.369238249533531238e-01,3.046487671320765589e-01,7.581083543025280846e+01,3.109274323782789673e-01,9.238944365036316775e-01,-2.230318407588649798e-01,2.168474773303358560e+01,-2.286217442420385160e-01,3.004765737409654802e-01,9.259837615706973946e-01,-1.955608122564265727e+01,0.000000000000000000e+00,0.000000000000000000e+00,0.000000000000000000e+00,1.000000000000000056e-01
9.310340597113692107e-01,-2.054312708299526613e-01,3.016182564477112305e-01,7.625358519083390263e+01,2.792838628781065813e-01,9.330968690297978263e-01,-2.265629204937810171e-01,2.181942577522228888e+01,-2.348959420536029796e-01,2.951749074226652780e-01,9.261186049501280992e-01,-1.966571468463984118e+01,0.000000000000000000e+00,0.000000000000000000e+00,0.000000000000000000e+00,1.000000000000000056e-01
9.393961886597889110e-01,-1.701080008967415791e-01,2.976542772452238084e-01,7.668269262747217851e+01,2.446496966215221669e-01,9.408461972215725888e-01,-2.344247408374443009e-01,2.190979457464205282e+01,-2.401693708083100787e-01,2.930387366963964069e-01,9.254442025972827723e-01,-1.978463624068821503e+01,0.000000000000000000e+00,0.000000000000000000e+00,0.000000000000000000e+00,1.000000000000000056e-01
9.464280780223676137e-01,-1.313751980294996513e-01,2.949821189048532077e-01,7.710162126378081382e+01,2.061759155749794403e-01,9.489065789747735957e-01,-2.388886690808310620e-01,2.200020498289767801e+01,-2.485264271012363468e-01,2.869091523829478962e-01,9.251582314994513112e-01,-1.989364281456789740e+01,0.000000000000000000e+00,0.000000000000000000e+00,0.000000000000000000e+00,1.000000000000000056e-01
9.520140997987405207e-01,-8.790106728592883556e-02,2.931596086680229307e-01,7.756677861048927980e+01,1.634827474295018623e-01,9.558181372741477722e-01,-2.443053002918276762e-01,2.207732118855576786e+01,-2.587325744418268458e-01,2.805086287937912926e-01,9.243226515102459517e-01,-2.000305364252163187e+01,0.000000000000000000e+00,0.000000000000000000e+00,0.000000000000000000e+00,1.000000000000000056e-01
9.561165893361218693e-01,-4.031524049202332705e-02,2.901994985873200816e-01,7.791493655763538584e+01,1.159684322344337187e-01,9.616693385041609199e-01,-2.484822048076220924e-01,2.209440685301759544e+01,-2.690583399958997868e-01,2.712319390577735967e-01,9.241433032347369236e-01,-2.009035466573515194e+01,0.000000000000000000e+00,0.000000000000000000e+00,0.000000000000000000e+00,1.000000000000000056e-01
9.585582583151885938e-01,1.008252557830320237e-02,2.847181204168696689e-01,7.829152658602527026e+01,6.566490350310902335e-02,9.646469727583272258e-01,-2.552338895917283246e-01,2.210646815856380343e+01,-2.772258751698326029e-01,2.633525405728185387e-01,9.240082540270744271e-01,-2.018897427064029770e+01,0.000000000000000000e+00,0.000000000000000000e+00,0.000000000000000000e+00,1.000000000000000056e-01
9.573794653754846840e-01,6.273092537537441893e-02,2.819386285681694804e-01,7.866774100169529049e+01,1.265068637968236667e-02,9.660859487988354699e-01,-2.579106427962535308e-01,2.210512495113533049e+01,-2.885559207700891249e-01,2.504850704832585206e-01,9.241172599045659464e-01,-2.030642481456176185e+01,0.000000000000000000e+00,0.000000000000000000e+00,0.000000000000000000e+00,1.000000000000000056e-01
9.531705847005900178e-01,1.165266449226188272e-01,2.790831013956475148e-01,7.904697908988620725e+01,-4.054505261152995671e-02,9.636974600795022994e-01,-2.639001783725134498e-01,2.207513774231827597e+01,-2.997030783463253689e-01,2.402264482928431477e-01,9.232926504474853191e-01,-2.043897676356506921e+01,0.000000000000000000e+00,0.000000000000000000e+00,0.000000000000000000e+00,1.000000000000000056e-01
9.451438114346427666e-01,1.745527101046018825e-01,2.761060070008171663e-01,7.942434508174989105e+01,-9.803253252295317244e-02,9.578628213494957411e-01,-2.699785881204658233e-01,2.200408307767422755e+01,-3.115971730839877663e-01,2.281012206708303014e-01,9.224299620321017024e-01,-2.055060887073540243e+01,0.000000000000000000e+00,0.000000000000000000e+00,0.000000000000000000e+00,1.000000000000000056e-01
9.334099873609226217e-01,2.313853276712102836e-01,2.742382643493954664e-01,7.973765418969279040e+01,-1.540821795269839978e-01,9.487184650287996401e-01,-2.760289044024420435e-01,2.192319064338795087e+01,-3.240439436976049192e-01,2.153929066888806976e-01,9.211956460497512378e-01,-2.066613486595693772e+01,0.000000000000000000e+00,0.000000000000000000e+00,0.000000000000000000e+00,1.000000000000000056e-01
9.196930556567753934e-01,2.839242065843571861e-01,2.712042187948901506e-01,8.008061091330992554e+01,-2.067944594385973944e-01,9.374258870510756569e-01,-2.801227549343363599e-01,2.182357204382080695e+01,-3.337674863167496286e-01,2.015434226213974611e-01,9.208580313359118197e-01,-2.079997350345948348e+01,0.000000000000000000e+00,0.000000000000000000e+00,0.000000000000000000e+00,1.000000000000000056e-01
9.013367051469799440e-01,3.380653669376473824e-01,2.707470251583570242e-01,8.037661928292536118e+01,-2.606293262273119971e-01,9.226125644914153767e-01,-2.843561326099213749e-01,2.172786812811568780e+01,-3.459255675215169301e-01,1.857360049098925325e-01,9.196943178116459006e-01,-2.091289607244512894e+01,0.000000000000000000e+00,0.000000000000000000e+00,0.000000000000000000e+00,1.000000000000000056e-01
8.796083994447477794e-01,3.928907976593395412e-01,2.681900161095801538e-01,8.068113680020626077e+01,-3.154906322337086566e-01,9.037693524586123406e-01,-2.892518254554589108e-01,2.160941142130666037e+01,-3.560262976228354415e-01,1.698168974841678391e-01,9.189164797356873526e-01,-2.103789713953577589e+01,0.000000000000000000e+00,0.000000000000000000e+00,0.000000000000000000e+00,1.000000000000000056e-01
8.600157396761460848e-01,4.368097563587342025e-01,2.637615670622136532e-01,8.096695365126961974e+01,-3.593873788625401300e-01,8.854688062076967459e-01,-2.945941363086331810e-01,2.148390347032320236e+01,-3.622342328157354130e-01,1.585630158105595655e-01,9.185010237302165814e-01,-2.116351797991885064e+01,0.000000000000000000e+00,0.000000000000000000e+00,0.000000000000000000e+00,1.000000000000000056e-01
8.325605677612943900e-01,4.899372967450696392e-01,2.584653676358300567e-01,8.124612927287391528e+01,-4.110457936920603461e-01,8.592082276816432884e-01,-3.046351538680880378e-01,2.128891261257053813e+01,-3.713276942231152900e-01,1.473861144826846825e-01,9.167295548637239833e-01,-2.129127962409552310e+01,0.000000000000000000e+00,0.000000000000000000e+00,0.000000000000000000e+00,1.000000000000000056e-01
8.071598111868167891e-01,5.327819948343375245e-01,2.542368682650225087e-01,8.155630728631854254e+01,-4.546175416154470961e-01,8.357283250806272212e-01,-3.080276895239399404e-01,2.110765268902021319e+01,-3.765845589776480318e-01,1.330470316778000206e-01,9.167783577841139842e-01,-2.144249778445442800e+01,0.000000000000000000e+00,0.000000000000000000e+00,0.000000000000000000e+00,1.000000000000000056e-01
7.745105756609224068e-01,5.800450507869190364e-01,2.523511586004455465e-01,8.183542274205760236e+01,-5.040009898840593916e-01,8.069425088409082347e-01,-3.079395876165146317e-01,2.092079981434598679e+01,-3.822517107682775750e-01,1.113172335406400065e-01,9.173287868215973528e-01,-2.157927888048227416e+01,0.000000000000000000e+00,0.000000000000000000e+00,0.000000000000000000e+00,1.000000000000000056e-01
7.460809487964470410e-01,6.171036157458652527e-01,2.500926733760367449e-01,8.210186098563956136e+01,-5.398930807347458449e-01,7.804818023036800279e-01,-3.152199512206431686e-01,2.071892615710008911e+01,-3.897161521129688944e-01,1.001562963880902324e-01,9.154725758186764706e-01,-2.172489443557634559e+01,0.000000000000000000e+00,0.000000000000000000e+00,0.000000000000000000e+00,1.000000000000000056e-01
7.218150721880614018e-01,6.487666742493418681e-01,2.410078918740880538e-01,8.235973612769176100e+01,-5.700790912501625396e-01,7.548038505873991832e-01,-3.244703019658719545e-01,2.047885548061187322e+01,-3.924192035075915741e-01,9.681399445268047688e-02,9.146771119890252377e-01,-2.188959183802024100e+01,0.000000000000000000e+00,0.000000000000000000e+00,0.000000000000000000e+00,1.000000000000000056e-01
6.973749379222335953e-01,6.771740762510168876e-01,2.347412754748145203e-01,8.262248592861222107e+01,-5.961563852792036711e-01,7.298829621869108442e-01,-3.344673762866777755e-01,2.022333929198380176e+01,-3.978262940641236201e-01,9.330665551203905228e-02,9.127037349481830208e-01,-2.204897614590993271e+01,0.000000000000000000e+00,0.000000000000000000e+00,0.000000000000000000e+00,1.000000000000000056e-01
6.753774643681946799e-01,7.015925438745738152e-01,2.272293621062036473e-01,8.287418823314995109e+01,-6.185118238776654565e-01,7.066789359421061789e-01,-3.435811479392550938e-01,1.994814097759659077e+01,-4.016321754380637876e-01,9.150291730506118770e-02,9.112183118098271528e-01,-2.220167825238233661e+01,0.000000000000000000e+00,0.000000000000000000e+00,0.000000000000000000e+00,1.000000000000000056e-01
6.542351436507602980e-01,7.227537876697420760e-01,2.227180711601789709e-01,8.312126541835122850e+01,-6.414303898264712700e-01,6.862859400882812544e-01,-3.428974532483513582e-01,1.970490184198473571e+01,-4.006787139583664059e-01,8.147742537774171900e-02,9.125886243727149294e-01,-2.235201387310125298e+01,0.000000000000000000e+00,0.000000000000000000e+00,0.000000000000000000e+00,1.000000000000000056e-01
6.338332505599282296e-01,7.410493877975521393e-01,2.215879403972801365e-01,8.335425919883654444e+01,-6.624643782630466049e-01,6.679897650795290076e-01,-3.390141903837521342e-01,1.950370315656108033e+01,-3.992447344889981098e-01,6.808434911100286202e-02,9.143129460906372907e-01,-2.249425805627610231e+01,0.000000000000000000e+00,0.000000000000000000e+00,0.000000000000000000e+00,1.000000000000000056e-01
6.167743249595118993e-01,7.561240837468221621e-01,2.187825451190459347e-01,8.358045651690723332e+01,-6.787660966512030214e-01,6.516416715859506548e-01,-3.385848754589576570e-01,1.926393068975676215e+01,-3.985800021421399553e-01,6.032828383682850570e-02,9.151472450167102979e-01,-2.263014866757576371e+01,0.000000000000000000e+00,0.000000000000000000e+00,0.000000000000000000e+00,1.000000000000000056e-01
6.028682017558695261e-01,7.694273941767667546e-01,2.110246819734474255e-01,8.381194599653497335e+01,-6.917384632295716651e-01,6.358738258424274647e-01,-3.422899006650718112e-01,1.897249369197419000e+01,-3.975522981953881207e-01,6.038180768132547782e-02,9.155906331438197210e-01,-2.277373827504979431e+01,0.000000000000000000e+00,0.000000000000000000e+00,0.000000000000000000e+00,1.000000000000000056e-01
5.865149336609847275e-01,7.842170848621581314e-01,2.024939416450513563e-01,8.402056222540758768e+01,-7.051477514100656929e-01,6.174100026155089349e-01,-3.486711019738308326e-01,1.866774648048614083e+01,-3.984556202062897179e-01,6.171266061851482521e-02,9.151091007335709904e-01,-2.293952101470716798e+01,0.000000000000000000e+00,0.000000000000000000e+00,0.000000000000000000e+00,1.000000000000000056e-01
5.731193559029750251e-01,7.961009847889659596e-01,1.943127013537651604e-01,8.423003615977313530e+01,-7.170768115406509491e-01,6.019785260210042122e-01,-3.513156708151129459e-01,1.839461001346333191e+01,-3.966548250558067923e-01,6.200867864757045322e-02,9.158711009374242984e-01,-2.308834762599969537e+01,0.000000000000000000e+00,0.000000000000000000e+00,0.000000000000000000e+00,1.000000000000000056e-01
5.623227102675211198e-01,8.056515253957285960e-01,1.863297859842199533e-01,8.444672033072397710e+01,-7.284274513744755097e-01,5.892596125177945732e-01,-3.495233284624431058e-01,1.811840430650440581e+01,-3.913906202267445900e-01,6.081717424308930031e-02,9.182127497021645990e-01,-2.325658792592307123e+01,0.000000000000000000e+00,0.000000000000000000e+00,0.000000000000000000e+00,1.000000000000000056e-01
5.497063443476051248e-01,8.151411460718037683e-01,1.826686808534473405e-01,8.466969696552317259e+01,-7.375702364875046380e-01,5.762742855835816247e-01,-3.519916107280106621e-01,1.779946836963861045e+01,-3.921901085338064252e-01,5.876103943838245636e-02,9.180054787485540935e-01,-2.343259092884502337e+01,0.000000000000000000e+00,0.000000000000000000e+00,0.000000000000000000e+00,1.000000000000000056e-01
5.400611275222400032e-01,8.215140240348076661e-01,1.828898216236886087e-01,8.491515895412813109e+01,-7.419729010513599343e-01,5.673073388801552763e-01,-3.572654438343367822e-01,1.748293556180853869e+01,-3.972533104265285608e-01,5.724588689901141669e-02,9.159217847547408420e-01,-2.359267302559972279e+01,0.000000000000000000e+00,0.000000000000000000e+00,0.000000000000000000e+00,1.000000000000000056e-01
5.301088617611777742e-01,8.294697335993321818e-01,1.759674848513824164e-01,8.513852012587970819e+01,-7.469744510128959458e-01,5.550344361766785806e-01,-3.660135847096650519e-01,1.715679482699623293e+01,-4.012652043427777371e-01,6.258382938658749173e-02,9.138213720870503876e-01,-2.374666658690127719e+01,0.000000000000000000e+00,0.000000000000000000e+00,0.000000000000000000e+00,1.000000000000000056e-01
5.226865586824296361e-01,8.355667964510082868e-01,1.691948286482728436e-01,8.536491486617626379e+01,-7.505360100624929309e-01,5.451326598051613459e-01,-3.735319006634152950e-01,1.679397829595994551e+01,-4.043444805758976690e-01,6.825329209898578497e-02,9.120564835279983962e-01,-2.394199830068344070e+01,0.000000000000000000e+00,0.000000000000000000e+00,0.000000000000000000e+00,1.000000000000000056e-01
5.172808930169140451e-01,8.404954742426565817e-01,1.612074300311122643e-01,8.559886085608336259e+01,-7.536379150865913923e-01,5.366240784688032228e-01,-3.795582845248454129e-01,1.643653028389177706e+01,-4.055248089372087694e-01,7.484621690586504283e-02,9.110146393726725744e-01,-2.412459186953606149e+01,0.000000000000000000e+00,0.000000000000000000e+00,0.000000000000000000e+00,1.000000000000000056e-01
5.102160888280108386e-01,8.457376748889928741e-01,1.562284480317447377e-01,8.581080626685246671e+01,-7.576768936391671261e-01,5.279596592413019485e-01,-3.836460908951252469e-01,1.607342232418891115e+01,-4.069462710805318295e-01,7.737172278790593882e-02,9.101694067405703414e-01,-2.431162414535033278e+01,0.000000000000000000e+00,0.000000000000000000e+00,0.000000000000000000e+00,1.000000000000000056e-01
5.080458549927964196e-01,8.482466821465642903e-01,1.495559275053448545e-01,8.607211475598769823e+01,-7.585438794843647470e-01,5.228793504048229179e-01,-3.888552016072819306e-01,1.568866216337565689e+01,-4.080448408219957690e-01,8.411153991918110528e-02,9.090790156696919588e-01,-2.452077978254503421e+01,0.000000000000000000e+00,0.000000000000000000e+00,0.000000000000000000e+00,1.000000000000000056e-01
5.081584513964614302e-01,8.493402400335807734e-01,1.428150725030434831e-01,8.635082550243578225e+01,-7.582156101176267260e-01,5.198172612222760058e-01,-3.935722341696976656e-01,1.527727049260111869e+01,-4.085144756900365159e-01,9.171243969643083638e-02,9.081325627663745514e-01,-2.474329815687232781e+01,0.000000000000000000e+00,0.000000000000000000e+00,0.000000000000000000e+00,1.000000000000000056e-01
5.060210763478956153e-01,8.515801562854733442e-01,1.369449075815737382e-01,8.663973604186709565e+01,-7.598590455874024707e-01,5.152623882644149500e-01,-3.963822676142979562e-01,1.483831414510956748e+01,-4.081138335449054910e-01,9.651895493041690033e-02,9.078145131073975804e-01,-2.497054548465966306e+01,0.000000000000000000e+00,0.000000000000000000e+00,0.000000000000000000e+00,1.000000000000000056e-01
5.019889190405575352e-01,8.547626711193738736e-01,1.318631913058599114e-01,8.693833435710287461e+01,-7.612843429376257021e-01,5.090508084149426571e-01,-4.016384240210600920e-01,1.441908552792873621e+01,-4.104305962748392433e-01,1.012326553685450603e-01,9.062553035036613469e-01,-2.519257995379877002e+01,0.000000000000000000e+00,0.000000000000000000e+00,0.000000000000000000e+00,1.000000000000000056e-01
5.030158779895694821e-01,8.543943083820351170e-01,1.303280180727326987e-01,8.722714561462804284e+01,-7.608900735797166082e-01,5.092977201649501184e-01,-4.020722922095449903e-01,1.395743186600995145e+01,-4.099040405000128895e-01,1.030834518202027594e-01,9.062849880377561451e-01,-2.544138747218964980e+01,0.000000000000000000e+00,0.000000000000000000e+00,0.000000000000000000e+00,1.000000000000000056e-01
5.022817043767670020e-01,8.558938093822406890e-01,1.231213893258459313e-01,8.754123993501826817e+01,-7.615264716150996760e-01,5.052918893229110253e-01,-4.059033624077778013e-01,1.348660451037559582e+01,-4.096224145207715273e-01,1.101176354887786479e-01,9.055846641129330354e-01,-2.568905956730067075e+01,0.000000000000000000e+00,0.000000000000000000e+00,0.000000000000000000e+00,1.000000000000000056e-01
4.996546908496388717e-01,8.575915065388534098e-01,1.219917940862066674e-01,8.784249809379532792e+01,-7.620207091859513282e-01,5.021358117433183388e-01,-4.088814807943964569e-01,1.298758810720607215e+01,-4.119097336598048775e-01,1.113392764360288945e-01,9.043970017857257959e-01,-2.594750446409620892e+01,0.000000000000000000e+00,0.000000000000000000e+00,0.000000000000000000e+00,1.000000000000000056e-01
5.014135839116909965e-01,8.573563837559874390e-01,1.162946649751805950e-01,8.815206796524473987e+01,-7.608479242150474331e-01,5.009287860816147298e-01,-4.125297413429160898e-01,1.252243403153920376e+01,-4.119403525833407187e-01,1.183654616332638909e-01,9.034903228069779413e-01,-2.620016516306762711e+01,0.000000000000000000e+00,0.000000000000000000e+00,0.000000000000000000e+00,1.000000000000000056e-01
5.027434905779732954e-01,8.574094362338453568e-01,1.099910966334763374e-01,8.846388582697758807e+01,-7.605006167295136343e-01,4.991924111814701748e-01,-4.152658769666242033e-01,1.204087033982033361e+01,-4.109596021940658539e-01,1.251239196796095632e-01,9.030261403129511422e-01,-2.646001244317560719e+01,0.000000000000000000e+00,0.000000000000000000e+00,0.000000000000000000e+00,1.000000000000000056e-01
5.147302627847586409e-01,8.509621886511441469e-01,1.044801897949453884e-01,8.874203037556536344e+01,-7.538090068803252608e-01,5.072485980438172781e-01,-4.176970683745331314e-01,1.154671901812813140e+01,-4.084418412939973542e-01,1.362432136608510147e-01,9.025591664881216225e-01,-2.672142126583073107e+01,0.000000000000000000e+00,0.000000000000000000e+00,0.000000000000000000e+00,1.000000000000000056e-01
5.197581770247777788e-01,8.484045092912652075e-01,1.003056630012851280e-01,8.908302761442043050e+01,-7.506724813252240169e-01,5.095970920515053848e-01,-4.204778585772157573e-01,1.105027692551889729e+01,-4.078507854557978374e-01,1.432501043172296484e-01,9.017411737390013116e-01,-2.699498201338204595e+01,0.000000000000000000e+00,0.000000000000000000e+00,0.000000000000000000e+00,1.000000000000000056e-01
5.270419079024801778e-01,8.441765984583605720e-01,9.794231940170466943e-02,8.946085064872625026e+01,-7.461065565180117209e-01,5.148048974420023072e-01,-4.222569406067407938e-01,1.051961078154200457e+01,-4.068806134916587713e-01,1.494716969362478720e-01,9.011694503142291257e-01,-2.727022025435124419e+01,0.000000000000000000e+00,0.000000000000000000e+00,0.000000000000000000e+00,1.000000000000000056e-01
5.303810585934070065e-01,8.425150861264976143e-01,9.415021154834216088e-02,8.984974565293084936e+01,-7.439450828000400140e-01,5.158048660845664379e-01,-4.248423871285964548e-01,9.940188856447036869e+00,-4.064992576413624104e-01,1.552857680946423680e-01,9.003580864102228576e-01,-2.758122555251608077e+01,0.000000000000000000e+00,0.000000000000000000e+00,0.000000000000000000e+00,1.000000000000000056e-01
5.387419452246218210e-01,8.377677370117315725e-01,8.889508016663724699e-02,9.025386799810023319e+01,-7.398092958049597989e-01,5.209303849667606956e-01,-4.258095112358951662e-01,9.353222940014051190e+00,-4.030376189590247904e-01,1.636360377197662863e-01,9.004354084903676281e-01,-2.788810223406970934e+01,0.000000000000000000e+00,0.000000000000000000e+00,0.000000000000000000e+00,1.000000000000000056e-01
5.453611770673814085e-01,8.333240160188399859e-01,9.028992675771024823e-02,9.067768116390558930e+01,-7.342545460428278048e-01,5.269065603244176277e-01,-4.280651098869561744e-01,8.760106252591175036e+00,-4.042912912283929683e-01,1.671543030057057178e-01,8.992263290315489765e-01,-2.820561800430061794e+01,0.000000000000000000e+00,0.000000000000000000e+00,0.000000000000000000e+00,1.000000000000000056e-01
5.575495466933928501e-01,8.252512813716718076e-01,8.999347518796202428e-02,9.112803967710672737e+01,-7.276806409781514384e-01,5.380251663193025280e-01,-4.254524710854477587e-01,8.159184119959034476e+00,-3.995239513816650767e-01,1.717243226846477122e-01,9.004950689875430569e-01,-2.853271187695095179e+01,0.000000000000000000e+00,0.000000000000000000e+00,0.000000000000000000e+00,1.000000000000000056e-01
5.664631750571458291e-01,8.192849235122390272e-01,8.883515863509280908e-02,9.158453156592260314e+01,-7.223197947435051613e-01,5.455093566525914817e-01,-4.250572384116948488e-01,7.567214266010521939e+00,-3.967033972956093280e-01,1.766118793004040066e-01,9.007966799806166325e-01,-2.885327852511639435e+01,0.000000000000000000e+00,0.000000000000000000e+00,0.000000000000000000e+00,1.000000000000000056e-01
5.722018440663227956e-01,8.154544381789510243e-01,8.728750713218236257e-02,9.206600724386524348e+01,-7.199111545519603084e-01,5.504176608584896435e-01,-4.228100379209700499e-01,6.949395218382446338e+00,-3.928269074271301675e-01,1.790934333506390141e-01,9.020047466238285683e-01,-2.918707390775504962e+01,0.000000000000000000e+00,0.000000000000000000e+00,0.000000000000000000e+00,1.000000000000000056e-01
5.797361463095049849e-01,8.103687310038665270e-01,8.490300626825675323e-02,9.255803902342024969e+01,-7.167971154240928566e-01,5.567745043248467640e-01,-4.197666573866023487e-01,6.337777803303073831e+00,-3.874376026948136986e-01,1.824956743186110231e-01,9.036522743141253144e-01,-2.950254313429390152e+01,0.000000000000000000e+00,0.000000000000000000e+00,0.000000000000000000e+00,1.000000000000000056e-01
5.832051003077054485e-01,8.082477190448963400e-01,8.128613432684358986e-02,9.306089041209369839e+01,-7.173033894664228027e-01,5.593635340217294472e-01,-4.154374613184311782e-01,5.735809113949091653e+00,-3.812448798804525252e-01,1.839784266305263538e-01,9.059824943670243824e-01,-2.982809146645594467e+01,0.000000000000000000e+00,0.000000000000000000e+00,0.000000000000000000e+00,1.000000000000000056e-01
5.924216122698189313e-01,8.021134939777778694e-01,7.517031391706313626e-02,9.351932062662865519e+01,-7.129997791407587382e-01,5.654582014480307173e-01,-4.145941839442368604e-01,5.121172351836427161e+00,-3.750572599762037052e-01,1.920181376691271202e-01,9.068964034250122097e-01,-3.013019075175059669e+01,0.000000000000000000e+00,0.000000000000000000e+00,0.000000000000000000e+00,1.000000000000000056e-01
5.965076400098838771e-01,7.989978715972424483e-01,7.603312825943356335e-02,9.401338339861725046e+01,-7.108266573043685588e-01,5.699092063027551003e-01,-4.122244047079960394e-01,4.531355986512859424e+00,-3.726984017611784106e-01,1.918486324017985301e-01,9.079041819323352414e-01,-3.043334952777602709e+01,0.000000000000000000e+00,0.000000000000000000e+00,0.000000000000000000e+00,1.000000000000000056e-01
5.990641645385765823e-01,7.972878926869254590e-01,7.385216950461859220e-02,9.452151485351237170e+01,-7.100407676989960448e-01,5.716010395708539527e-01,-4.112351635827600771e-01,3.938260729209194011e+00,-3.700867938350647646e-01,1.939181985692952082e-01,9.085326066204347795e-01,-3.073757233289037316e+01,0.000000000000000000e+00,0.000000000000000000e+00,0.000000000000000000e+00,1.000000000000000056e-01
6.009165024288319890e-01,7.962256683065283003e-01,7.017152013831418067e-02,9.501634341436292175e+01,-7.095677343690574013e-01,5.718044530634666112e-01,-4.117685002512362913e-01,3.358709690014321403e+00,-3.679850369934383192e-01,1.976470404195622144e-01,9.085827755148816465e-01,-3.102487117730646915e+01,0.000000000000000000e+00,0.000000000000000000e+00,0.000000000000000000e+00,1.000000000000000056e-01
6.064293596076070214e-01,7.922545233482387594e-01,6.764763144532576211e-02,9.551233384069917065e+01,-7.063485252528010072e-01,5.758262278652490629e-01,-4.116988173114800587e-01,2.780430327916546318e+00,-3.651235307113208095e-01,2.018834454251592081e-01,9.088057448014762452e-01,-3.130368016593715552e+01,0.000000000000000000e+00,0.000000000000000000e+00,0.000000000000000000e+00,1.000000000000000056e-01
6.097365479883503081e-01,7.899618494841003091e-01,6.466543440594765824e-02,9.602387521035912243e+01,-7.049942060378724396e-01,5.778167264469378228e-01,-4.112310787029289649e-01,2.221828194019733971e+00,-3.622216331202211537e-01,2.051538617667343634e-01,9.092345030309373355e-01,-3.157997854079587086e+01,0.000000000000000000e+00,0.000000000000000000e+00,0.000000000000000000e+00,1.000000000000000056e-01
6.123564041609799169e-01,7.882381861323364269e-01,6.082923808366197393e-02,9.655141255951436108e+01,-7.044127438285712195e-01,5.789267260216344191e-01,-4.106659618592407579e-01,1.642656939297383323e+00,-3.589182645323840681e-01,2.086250412119210751e-01,9.097545117032318496e-01,-3.187126918044270241e+01,0.000000000000000000e+00,0.000000000000000000e+00,0.000000000000000000e+00,1.000000000000000056e-01
6.171245282807549248e-01,7.846748563563820111e-01,5.867441006390286540e-02,9.707983748507180621e+01,-7.028226300850050068e-01,5.832075778679366440e-01,-4.073196186753234027e-01,1.065190059970513969e+00,-3.538328238513945845e-01,2.101292243347076261e-01,9.113989476874779783e-01,-3.215020464905261832e+01,0.000000000000000000e+00,0.000000000000000000e+00,0.000000000000000000e+00,1.000000000000000056e-01
6.195876238238199329e-01,7.830702721799955857e-01,5.396411059491765250e-02,9.758425334756039149e+01,-7.034723448329451845e-01,5.844741458261866196e-01,-4.043718992659943723e-01,4.827602697780163377e-01,-3.481922406653982227e-01,2.125815647903114558e-01,9.130012277383376951e-01,-3.243347712524168713e+01,0.000000000000000000e+00,0.000000000000000000e+00,0.000000000000000000e+00,1.000000000000000056e-01
6.190156683334202548e-01,7.837908352465269290e-01,4.991521753213665202e-02,9.813748672092329173e+01,-7.047826398635660405e-01,5.824134246498171574e-01,-4.050629992169300087e-01,-1.132266874337911622e-01,-3.465559592687331714e-01,2.155609643957442367e-01,9.129252092718793676e-01,-3.271787622265304663e+01,0.000000000000000000e+00,0.000000000000000000e+00,0.000000000000000000e+00,1.000000000000000056e-01
6.190216047868595250e-01,7.838751939140089497e-01,4.849673363615403243e-02,9.870767584279161611e+01,-7.065677150282452246e-01,5.828045137848766322e-01,-4.013738441798841983e-01,-6.807770531814324455e-01,-3.428911152054913147e-01,2.141928548720719860e-01,9.146294900312836873e-01,-3.298103549180034122e+01,0.000000000000000000e+00,0.000000000000000000e+00,0.000000000000000000e+00,1.000000000000000056e-01
6.245289330774428382e-01,7.800810901615276016e-01,3.790916144619713157e-02,9.923016202993031243e+01,-7.040033758996104840e-01,5.833093278967983464e-01,-4.051289605922260839e-01,-1.266278259292759278e+00,-3.381462087191026145e-01,2.263265798817902241e-01,9.134732731546713058e-01,-3.326600127846930377e+01,0.000000000000000000e+00,0.000000000000000000e+00,0.000000000000000000e+00,1.000000000000000056e-01
6.231689745450508244e-01,7.809167779085615102e-01,4.277166287836164926e-02,9.976183522959600225e+01,-7.059337836179027104e-01,5.851873058054400945e-01,-3.990154261066638508e-01,-1.857808792107061846e+00,-3.366272750556346116e-01,2.184600721071950080e-01,9.159461089952494195e-01,-3.354238187349788802e+01,0.000000000000000000e+00,0.000000000000000000e+00,0.000000000000000000e+00,1.000000000000000056e-01
6.203581780296012482e-01,7.834509372706859320e-01,3.688305629252178197e-02,1.002749261494490867e+02,-7.107844259723705704e-01,5.814544605959260926e-01,-3.958487211653317073e-01,-2.446531932364628847e+00,-3.315738692160788981e-01,2.193520894424861312e-01,9.175747545079333545e-01,-3.380493873406373950e+01,0.000000000000000000e+00,0.000000000000000000e+00,0.000000000000000000e+00,1.000000000000000056e-01
6.178884049061377226e-01,7.856154896669280685e-01,3.197219851592433826e-02,1.007851287734938950e+02,-7.137743198979558112e-01,5.775109980309035551e-01,-3.962414256580961136e-01,-3.043110839682491964e+00,-3.297576979188804325e-01,2.220120482062686862e-01,9.175895112273776411e-01,-3.406770044186750823e+01,0.000000000000000000e+00,0.000000000000000000e+00,0.000000000000000000e+00,1.000000000000000056e-01
6.114213712072877893e-01,7.908617634249581752e-01,2.648731740598705975e-02,1.012845421350813950e+02,-7.187744665743671657e-01,5.690669528386874676e-01,-3.994071473917621962e-01,-3.639888364718048219e+00,-3.309488979158774491e-01,2.251676582887881528e-01,9.163909387532209738e-01,-3.433219533394564849e+01,0.000000000000000000e+00,0.000000000000000000e+00,0.000000000000000000e+00,1.000000000000000056e-01
6.044175150853874356e-01,7.963438478592811398e-01,2.271438827438868047e-02,1.017799354980724615e+02,-7.253802373610179766e-01,5.618979825336081202e-01,-3.976105738920109878e-01,-4.230486969530389274e+00,-3.293979033085649988e-01,2.238462266854977512e-01,9.172730717156074576e-01,-3.458855479283395340e+01,0.000000000000000000e+00,0.000000000000000000e+00,0.000000000000000000e+00,1.000000000000000056e-01
5.991860499852755817e-01,8.003566865327366164e-01,2.013086747712969360e-02,1.022544757503005144e+02,-7.300376095837136647e-01,5.565184801769920142e-01,-3.966513201979648406e-01,-4.808600883454972497e+00,-3.286657361154953216e-01,2.229716473990130399e-01,9.177485921317611872e-01,-3.483129271769731616e+01,0.000000000000000000e+00,0.000000000000000000e+00,0.000000000000000000e+00,1.000000000000000056e-01
5.951908245821979637e-01,8.034528692867382027e-01,1.453854078203406508e-02,1.027219394506681027e+02,-7.346035688890557580e-01,5.513435025137229939e-01,-3.954465056254294897e-01,-5.392732468021542047e+00,-3.257383595903708962e-01,2.246860678164268599e-01,9.183739391013696629e-01,-3.508245866373824384e+01,0.000000000000000000e+00,0.000000000000000000e+00,0.000000000000000000e+00,1.000000000000000056e-01
5.843054817665065404e-01,8.115046538735881665e-01,6.877551825957062270e-03,1.031677996575269276e+02,-7.436280718363807996e-01,5.387876437997985990e-01,-3.958852935707108389e-01,-5.975584157215176440e+00,-3.249682980761618434e-01,2.262036065808178953e-01,9.182742148265481408e-01,-3.532483056561559920e+01,0.000000000000000000e+00,0.000000000000000000e+00,0.000000000000000000e+00,1.000000000000000056e-01
5.802953159349619749e-01,8.143977732709476447e-01,3.689606383435295456e-03,1.036187288992294526e+02,-7.477046566798725147e-01,5.345581629115894184e-01,-3.939356760231553234e-01,-6.540663738778925484e+00,-3.227926465754392127e-01,2.258402917016993361e-01,9.191306054968003680e-01,-3.555457881364289108e+01,0.000000000000000000e+00,0.000000000000000000e+00,0.000000000000000000e+00,1.000000000000000056e-01
5.759575585703043954e-01,8.174749830499032921e-01,-2.746418266508676709e-03,1.040685219975781308e+02,-7.523198319178900917e-01,5.287316797518477607e-01,-3.930110447936890905e-01,-7.119758928842765400e+00,-3.198245788377934717e-01,2.284238667791737287e-01,9.195296492538336253e-01,-3.578388893681950123e+01,0.000000000000000000e+00,0.000000000000000000e+00,0.000000000000000000e+00,1.000000000000000056e-01
5.688326835347752297e-01,8.224363102022098637e-01,-5.281458472885136590e-03,1.045054809316601165e+02,-7.583905054245003718e-01,5.220294650233132661e-01,-3.902935804358615979e-01,-7.701546710436615761e+00,-3.182345352481363299e-01,2.260171526863566926e-01,9.206753104471493421e-01,-3.601840735508447722e+01,0.000000000000000000e+00,0.000000000000000000e+00,0.000000000000000000e+00,1.000000000000000056e-01
5.661738685985414632e-01,8.241950083013320771e-01,-1.223678092182253763e-02,1.048960704123123691e+02,-7.619976558021972490e-01,5.176714070853041250e-01,-3.890705422391647073e-01,-8.267915646164777144e+00,-3.143353671926176762e-01,2.296059724342739417e-01,9.211266874618244671e-01,-3.622994214306449123e+01,0.000000000000000000e+00,0.000000000000000000e+00,0.000000000000000000e+00,1.000000000000000056e-01
5.482445300826483958e-01,8.359657320672930769e-01,-2.427406112810612249e-02,1.053158704453722123e+02,-7.741865787676336375e-01,4.963223496853462757e-01,-3.928094531180272853e-01,-8.851818672131718913e+00,-3.163274829832573021e-01,2.341482863742798681e-01,9.192994634489162209e-01,-3.646489587739114313e+01,0.000000000000000000e+00,0.000000000000000000e+00,0.000000000000000000e+00,1.000000000000000056e-01
5.271242117946579597e-01,8.489835877378920648e-01,-3.697205825427604675e-02,1.056897494236039421e+02,-7.864839089271044026e-01,4.709168363712086247e-01,-3.996002930690547572e-01,-9.464468500160519326e+00,-3.218433257636434952e-01,2.397169184138434606e-01,9.159435968920619509e-01,-3.669759795620911547e+01,0.000000000000000000e+00,0.000000000000000000e+00,0.000000000000000000e+00,1.000000000000000056e-01
5.121808720862658371e-01,8.576319378081322942e-01,-4.624082093151080097e-02,1.060589124270071011e+02,-7.942128756644637466e-01,4.524370900889641556e-01,-4.056187713119471239e-01,-1.007421083751582280e+01,-3.269505503860412610e-01,2.444752313902134322e-01,9.128719509542213562e-01,-3.693141329054608946e+01,0.000000000000000000e+00,0.000000000000000000e+00,0.000000000000000000e+00,1.000000000000000056e-01
4.965000451225918265e-01,8.659666337124884983e-01,-5.991239012028568012e-02,1.064148551220499286e+02,-8.017387678770162562e-01,4.310296081787475808e-01,-4.140391587233258064e-01,-1.068112113515552331e+01,-3.327200824661901146e-01,2.536045468242562051e-01,9.082852418451790033e-01,-3.716973485323164539e+01,0.000000000000000000e+00,0.000000000000000000e+00,0.000000000000000000e+00,1.000000000000000056e-01
4.852787657422747980e-01,8.716192175728334490e-01,-6.916978442481888645e-02,1.067759540440447665e+02,-8.065213343601289608e-01,4.156728349635921971e-01,-4.204038909135915936e-01,-1.128873043339314819e+01,-3.376801100769946107e-01,2.597999881275049883e-01,9.046966947144976512e-01,-3.739921149911506859e+01,0.000000000000000000e+00,0.000000000000000000e+00,0.000000000000000000e+00,1.000000000000000056e-01
4.702763803075130644e-01,8.785933283402308502e-01,-8.314980168886973444e-02,1.071079852551600879e+02,-8.141165897367986792e-01,3.955261525398158229e-01,-4.251743653754012642e-01,-1.187090762353956208e+01,-3.406674396536719662e-01,2.676430945365214087e-01,9.012840115672342556e-01,-3.763276482875279783e+01,0.000000000000000000e+00,0.000000000000000000e+00,0.000000000000000000e+00,1.000000000000000056e-01
4.602346807332574619e-01,8.831717376438898981e-01,-9.050812382006906409e-02,1.074269703543212273e+02,-8.182076734033556509e-01,3.823834266409317229e-01,-4.293240247344740079e-01,-1.246558748189615251e+01,-3.445580384118538952e-01,2.716442468697093937e-01,8.986040069509838579e-01,-3.785866569414223903e+01,0.000000000000000000e+00,0.000000000000000000e+00,0.000000000000000000e+00,1.000000000000000056e-01
4.519355929601681643e-01,8.860001693242454124e-01,-1.037203922724428129e-01,1.077473559942675791e+02,-8.222406342155283987e-01,3.686520814752455300e-01,-4.336080975590909103e-01,-1.304969809436151351e+01,-3.459401093550535933e-01,2.812460538058749737e-01,8.951123381777487120e-01,-3.809391307968130747e+01,0.000000000000000000e+00,0.000000000000000000e+00,0.000000000000000000e+00,1.000000000000000056e-01
4.434696271614373408e-01,8.885489413651372903e-01,-1.175392214717699974e-01,1.080465460769519979e+02,-8.267373626574141543e-01,3.548728277718207202e-01,-4.365439374169512998e-01,-1.358346622115017510e+01,-3.461791775534154292e-01,2.907680431342580807e-01,8.919719289979450849e-01,-3.830246467003995292e+01,0.000000000000000000e+00,0.000000000000000000e+00,0.000000000000000000e+00,1.000000000000000056e-01
4.340484202930912083e-01,8.911189381881833294e-01,-1.323216038424444574e-01,1.083026500852385254e+02,-8.315596195763758081e-01,3.397961934948350304e-01,-4.393713076390101113e-01,-1.409761970535031672e+01,-3.465697158308341796e-01,3.007417245557811869e-01,8.885065262451083967e-01,-3.850822152777035967e+01,0.000000000000000000e+00,0.000000000000000000e+00,0.000000000000000000e+00,1.000000000000000056e-01
4.333301209046641622e-01,8.893698412441923828e-01,-1.457610778020988485e-01,1.085789194412539160e+02,-8.335506485290760104e-01,3.340154371860062366e-01,-4.400306853597805712e-01,-1.460633675837756584e+01,-3.426635706542295323e-01,3.121777910209526108e-01,8.860737577311339486e-01,-3.871619302406170249e+01,0.000000000000000000e+00,0.000000000000000000e+00,0.000000000000000000e+00,1.000000000000000056e-01
4.269552138787421347e-01,8.900254560145823834e-01,-1.598872508606993259e-01,1.088275991185988119e+02,-8.372657578172786330e-01,3.222945575703126675e-01,-4.417151445753413341e-01,-1.508910375434070339e+01,-3.416069322019326115e-01,3.224607042828491199e-01,8.827931796661057096e-01,-3.891020234704937053e+01,0.000000000000000000e+00,0.000000000000000000e+00,0.000000000000000000e+00,1.000000000000000056e-01
4.267230657572160801e-01,8.886618138468544981e-01,-1.678916488726617806e-01,1.090853966929308996e+02,-8.378965947167371642e-01,3.186170853510845724e-01,-4.431844418348593329e-01,-1.556071260769929232e+01,-3.403479421310766084e-01,3.297928645874532161e-01,8.805679671407216080e-01,-3.908614634232031904e+01,0.000000000000000000e+00,0.000000000000000000e+00,0.000000000000000000e+00,1.000000000000000056e-01
4.288876513765171872e-01,8.850168791512209587e-01,-1.811091000313582999e-01,1.093238212213167202e+02,-8.383427896712520866e-01,3.152576547499476023e-01,-4.447403491114628737e-01,-1.603793447365487523e+01,-3.365066856734915124e-01,3.425751519579264270e-01,8.771576344979536977e-01,-3.927205626686608042e+01,0.000000000000000000e+00,0.000000000000000000e+00,0.000000000000000000e+00,1.000000000000000056e-01
4.386887366762001195e-01,8.776041114159780498e-01,-1.932956697373512112e-01,1.095442696524008426e+02,-8.366314214257706272e-01,3.203424352151138521e-01,-4.443293698187700813e-01,-1.650738073104698245e+01,-3.280244762156236948e-01,3.566395208417348361e-01,8.747617933913457433e-01,-3.945978773884417024e+01,0.000000000000000000e+00,0.000000000000000000e+00,0.000000000000000000e+00,1.000000000000000056e-01
4.474361579235615061e-01,8.706912250994345293e-01,-2.042000859878563557e-01,1.098062086661980601e+02,-8.361022501379762328e-01,3.262279427475627269e-01,-4.410310155588903491e-01,-1.697612540962975558e+01,-3.173860612831240768e-01,3.680653744996112975e-01,8.739530697913051593e-01,-3.963437674565901858e+01,0.000000000000000000e+00,0.000000000000000000e+00,0.000000000000000000e+00,1.000000000000000056e-01
4.597177553656685012e-01,8.615848591776599230e-01,-2.152466395495252205e-01,1.100584196745179639e+02,-8.335097807064936193e-01,3.349680867896401848e-01,-4.393834615675705213e-01,-1.742811356113124788e+01,-3.064653828218843468e-01,3.814025580253754266e-01,8.721301840112725134e-01,-3.979462051595159977e+01,0.000000000000000000e+00,0.000000000000000000e+00,0.000000000000000000e+00,1.000000000000000056e-01
4.758950611460039948e-01,8.492500825489958105e-01,-2.286879709721638121e-01,1.103126715194411247e+02,-8.301299855610130285e-01,3.478359371263928246e-01,-4.357687091977540672e-01,-1.789375422925972714e+01,-2.905307175658258800e-01,3.972209185502801332e-01,8.705213633316289945e-01,-3.995321842073821728e+01,0.000000000000000000e+00,0.000000000000000000e+00,0.000000000000000000e+00,1.000000000000000056e-01
4.962481479667987250e-01,8.360287444979086491e-01,-2.340805716260387637e-01,1.106113238695977969e+02,-8.225839773226693019e-01,3.665434793085621257e-01,-4.347430022765084723e-01,-1.835233558238660123e+01,-2.776569392101353451e-01,4.082913373433540438e-01,8.696003725613477009e-01,-4.009736410763756709e+01,0.000000000000000000e+00,0.000000000000000000e+00,0.000000000000000000e+00,1.000000000000000056e-01
5.208563876466051346e-01,8.163867705254496121e-01,-2.494419057791940342e-01,1.108919056123288982e+02,-8.135726546874869625e-01,3.862636401806540665e-01,-4.346262024074770691e-01,-1.880774674930628976e+01,-2.584727432293092986e-01,4.293169472376056062e-01,8.653778364518578403e-01,-4.025867859746772837e+01,0.000000000000000000e+00,0.000000000000000000e+00,0.000000000000000000e+00,1.000000000000000056e-01
5.475143369801500626e-01,7.962113752384366583e-01,-2.574402780104619870e-01,1.112043497735375865e+02,-8.010926292051810949e-01,4.098249117948846720e-01,-4.362271668585590567e-01,-1.922543369721470441e+01,-2.418235932127321408e-01,4.450741372100070481e-01,8.622240788521571275e-01,-4.037070587453176529e+01,0.000000000000000000e+00,0.000000000000000000e+00,0.000000000000000000e+00,1.000000000000000056e-01
5.771222863050694540e-01,7.719999350718871334e-01,-2.663568412844162792e-01,1.115121108636023877e+02,-7.862939922081557675e-01,4.371695610468929738e-01,-4.366056947766803198e-01,-1.963578603673590095e+01,-2.206164646334681234e-01,4.614096608688088574e-01,8.593192075064775004e-01,-4.047686450802576985e+01,0.000000000000000000e+00,0.000000000000000000e+00,0.000000000000000000e+00,1.000000000000000056e-01
6.093396339189974809e-01,7.441731758901449778e-01,-2.736996434433880410e-01,1.118772273938589024e+02,-7.683182177924846590e-01,4.688501501054237464e-01,-4.357369079551350888e-01,-2.001898509371761747e+01,-1.959395997332911421e-01,4.758001902392402505e-01,8.574507870569951784e-01,-4.056340560163189934e+01,0.000000000000000000e+00,0.000000000000000000e+00,0.000000000000000000e+00,1.000000000000000056e-01
6.436811601707832509e-01,7.107492167947235817e-01,-2.837430437330249466e-01,1.122048466348165050e+02,-7.472902121705007339e-01,5.037928477737640964e-01,-4.333014024050336199e-01,-2.041198511043404196e+01,-1.650209163571766946e-01,4.909463487568553330e-01,8.554178977593056565e-01,-4.065396534993003996e+01,0.000000000000000000e+00,0.000000000000000000e+00,0.000000000000000000e+00,1.000000000000000056e-01
6.771162785171489507e-01,6.750277006552136694e-01,-2.930036667265823458e-01,1.125658866661019601e+02,-7.236743225457795692e-01,5.386199123515934550e-01,-4.314905154302570156e-01,-2.077837553874745069e+01,-1.334504411944520963e-01,5.042084820453708316e-01,8.532085245580408595e-01,-4.072227944229415897e+01,0.000000000000000000e+00,0.000000000000000000e+00,0.000000000000000000e+00,1.000000000000000056e-01
7.096951070219935653e-01,6.330328833445690861e-01,-3.091960925909353342e-01,1.129236443107352414e+02,-6.979785077455786801e-01,5.721632137015377761e-01,-4.306451667115089865e-01,-2.108595026773202363e+01,-9.570192158100138125e-02,5.214389949852135109e-01,8.479047804526840260e-01,-4.073574170570128672e+01,0.000000000000000000e+00,0.000000000000000000e+00,0.000000000000000000e+00,1.000000000000000056e-01
7.409407511283758740e-01,5.875546901884444173e-01,-3.252480428148328273e-01,1.132690732334555719e+02,-6.695038486127308230e-01,6.082869887058970360e-01,-4.263232764743833947e-01,-2.142671261390046666e+01,-5.264408808270748530e-02,5.336351051127287137e-01,8.440747446649894403e-01,-4.078107783924917840e+01,0.000000000000000000e+00,0.000000000000000000e+00,0.000000000000000000e+00,1.000000000000000056e-01
7.732841935361806085e-01,5.341675187510268596e-01,-3.416088668908787152e-01,1.136604609461419955e+02,-6.340486124331685680e-01,6.482774734181466769e-01,-4.215669276996923953e-01,-2.171455552295021008e+01,-3.730026631583338581e-03,5.425876697548106531e-01,8.399908972907814686e-01,-4.077232878963699392e+01,0.000000000000000000e+00,0.000000000000000000e+00,0.000000000000000000e+00,1.000000000000000056e-01
8.010932622474961073e-01,4.820924819381882664e-01,-3.547343006256120646e-01,1.140193634140438235e+02,-5.970283069746099569e-01,6.856990393625674862e-01,-4.163820698448517099e-01,-2.199029313638922289e+01,4.250630368186977814e-02,5.453472896017085292e-01,8.371317386596777155e-01,-4.076542731944644515e+01,0.000000000000000000e+00,0.000000000000000000e+00,0.000000000000000000e+00,1.000000000000000056e-01
8.254397900479176764e-01,4.286535256793094772e-01,-3.672945792253777819e-01,1.144222792511930038e+02,-5.574279615602300009e-01,7.215686520175665919e-01,-4.106248264491063060e-01,-2.222362779498294927e+01,8.901247483615123968e-02,5.436863391223376585e-01,8.345549376615623016e-01,-4.072037018300056133e+01,0.000000000000000000e+00,0.000000000000000000e+00,0.000000000000000000e+00,1.000000000000000056e-01
8.445946198043490227e-01,3.760235755090970411e-01,-3.811380312418345961e-01,1.148024596759805434e+02,-5.184528967239089292e-01,7.521080483918932691e-01,-4.068661664758149166e-01,-2.245741497584328883e+01,1.336657101733092490e-01,5.412390915348705978e-01,8.301769231425147888e-01,-4.066407312824174625e+01,0.000000000000000000e+00,0.000000000000000000e+00,0.000000000000000000e+00,1.000000000000000056e-01
8.623522020846758895e-01,3.189959176309589695e-01,-3.931797096678474324e-01,1.151968264116104166e+02,-4.741458500275877452e-01,7.811697754593085463e-01,-4.061520587298184104e-01,-2.264316772598879268e+01,1.775792568441669772e-01,5.366706498809451498e-01,8.248940665897879221e-01,-4.058631573473618204e+01,0.000000000000000000e+00,0.000000000000000000e+00,0.000000000000000000e+00,1.000000000000000056e-01
8.770694484885350750e-01,2.641445103775785785e-01,-4.012192170938553293e-01,1.155926157439696595e+02,-4.284357793333268827e-01,8.078760714737504012e-01,-4.046962269742387930e-01,-2.281832608071504964e+01,2.172371181797939643e-01,5.268433645567998092e-01,8.217323796148044979e-01,-4.047757245063515796e+01,0.000000000000000000e+00,0.000000000000000000e+00,0.000000000000000000e+00,1.000000000000000056e-01
8.897649922598556138e-01,2.020815960359116925e-01,-4.092447764998322079e-01,1.159996323110363221e+02,-3.754374118212622236e-01,8.339360843938843360e-01,-4.044717010505778920e-01,-2.297449493801846288e+01,2.595476995732594605e-01,5.135305596450659982e-01,8.178761250683714845e-01,-4.034954746104907031e+01,0.000000000000000000e+00,0.000000000000000000e+00,0.000000000000000000e+00,1.000000000000000056e-01
8.962784559558116815e-01,1.540409788377870015e-01,-4.158801584929997519e-01,1.164049870515036105e+02,-3.325607299700014119e-01,8.538383016271345882e-01,-4.004541366452719076e-01,-2.304291707648930654e+01,2.934080610196079242e-01,4.972238243620137887e-01,8.165048549858887617e-01,-4.019554581754083955e+01,0.000000000000000000e+00,0.000000000000000000e+00,0.000000000000000000e+00,1.000000000000000056e-01
8.996381792791612320e-01,1.021013199925056986e-01,-4.245308785460296108e-01,1.168358508883613922e+02,-2.867653964277812606e-01,8.713539301701564987e-01,-3.981305511872197389e-01,-2.317304791469331349e+01,3.292669946941133019e-01,4.799142098675657220e-01,8.131823887494716852e-01,-4.003550628081048757e+01,0.000000000000000000e+00,0.000000000000000000e+00,0.000000000000000000e+00,1.000000000000000056e-01
8.988804459959978121e-01,5.434664004203587639e-02,-4.348107479377408269e-01,1.172495758650218818e+02,-2.445605468781915093e-01,8.855800760958001394e-01,-3.948899438233349768e-01,-2.327833955292210888e+01,3.635987936127897391e-01,4.612964031274232601e-01,8.093216577758350905e-01,-3.986195541522502594e+01,0.000000000000000000e+00,0.000000000000000000e+00,0.000000000000000000e+00,1.000000000000000056e-01
8.962508692482160644e-01,1.523439082430345926e-02,-4.432857912318299287e-01,1.176298854437942509e+02,-2.084846160169762097e-01,8.965942028847239120e-01,-3.907083314158537601e-01,-2.332524164995995974e+01,3.914952672205261330e-01,4.425909496247285024e-01,8.067494698196026048e-01,-3.967473426462206731e+01,0.000000000000000000e+00,0.000000000000000000e+00,0.000000000000000000e+00,1.000000000000000056e-01
8.902675692899166826e-01,-1.312615402970751521e-02,-4.552486783627293088e-01,1.180466232492841101e+02,-1.831767791882470686e-01,9.048520511786131149e-01,-3.843033086561664091e-01,-2.335158951213181311e+01,4.169771248364153582e-01,4.255237590995888941e-01,8.031560295514885706e-01,-3.946455242041591305e+01,0.000000000000000000e+00,0.000000000000000000e+00,0.000000000000000000e+00,1.000000000000000056e-01
8.825579284221005683e-01,-4.011004647589608979e-02,-4.684897940734587540e-01,1.184604525155371135e+02,-1.580213937860270312e-01,9.131028434861709897e-01,-3.758622571147448022e-01,-2.339321646692984658e+01,4.428552157141334988e-01,4.057516252452608163e-01,7.995279085345412540e-01,-3.924518234346074053e+01,0.000000000000000000e+00,0.000000000000000000e+00,0.000000000000000000e+00,1.000000000000000056e-01
8.732677431811155522e-01,-5.923810595766317716e-02,-4.836261939989497938e-01,1.188952316529385485e+02,-1.453700665592261299e-01,9.156985639742283301e-01,-3.746514162312779006e-01,-2.339977913611290461e+01,4.650494516370569098e-01,3.974757687433094211e-01,7.910385709900547013e-01,-3.900885885751425519e+01,0.000000000000000000e+00,0.000000000000000000e+00,0.000000000000000000e+00,1.000000000000000056e-01
8.658657414638645244e-01,-7.524278464783418219e-02,-4.945857267629867327e-01,1.193379368172802799e+02,-1.338819081375726694e-01,9.177142919861329684e-01,-3.740001510131156226e-01,-2.348463162828658923e+01,4.820292028836786757e-01,3.900499989012054525e-01,7.845437183003219905e-01,-3.877193916190367418e+01,0.000000000000000000e+00,0.000000000000000000e+00,0.000000000000000000e+00,1.000000000000000056e-01
8.581567016197885200e-01,-8.535425849530839382e-02,-5.062427540437109963e-01,1.197560428621432465e+02,-1.286679388174740701e-01,9.188530415006477270e-01,-3.730330409567921834e-01,-2.354884765560615989e+01,4.970026528958451650e-01,3.852580157267660455e-01,7.775375388576213354e-01,-3.852609210044255406e+01,0.000000000000000000e+00,0.000000000000000000e+00,0.000000000000000000e+00,1.000000000000000056e-01
8.502500506466885710e-01,-8.812936594392307976e-02,-5.189490015730116035e-01,1.202053952439461426e+02,-1.282691731311027816e-01,9.214762907080183973e-01,-3.666448757138913717e-01,-2.361918139522292037e+01,5.105113814593820187e-01,3.783049834740664918e-01,7.721809819460199176e-01,-3.826407097623296494e+01,0.000000000000000000e+00,0.000000000000000000e+00,0.000000000000000000e+00,1.000000000000000056e-01
8.431968280873706201e-01,-9.207663416049297056e-02,-5.296612148770870609e-01,1.206246677078839866e+02,-1.264122433051953209e-01,9.236417838267358960e-01,-3.618090655468895744e-01,-2.366151511934040386e+01,5.225313902972196223e-01,3.720319188067605087e-01,7.671722085314448547e-01,-3.800678413187118565e+01,0.000000000000000000e+00,0.000000000000000000e+00,0.000000000000000000e+00,1.000000000000000056e-01
8.342864010588256773e-01,-9.239196479647124316e-02,-5.435346592898744333e-01,1.210303410518188798e+02,-1.260226103256378294e-01,9.278008599424005798e-01,-3.511465021566560485e-01,-2.368922925411041192e+01,5.367350395633070370e-01,3.614544080948379201e-01,7.624081637638631115e-01,-3.773861000154858658e+01,0.000000000000000000e+00,0.000000000000000000e+00,0.000000000000000000e+00,1.000000000000000056e-01
8.255426306533258929e-01,-8.780755758464411920e-02,-5.574667683414014085e-01,1.214454916324062452e+02,-1.329411873793103493e-01,9.297627911950165913e-01,-3.433187918064363187e-01,-2.373511583657137791e+01,5.484578431130011644e-01,3.575345926484198023e-01,7.558855795605331496e-01,-3.746689552087033803e+01,0.000000000000000000e+00,0.000000000000000000e+00,0.000000000000000000e+00,1.000000000000000056e-01
8.178157501087370829e-01,-8.238590435368002562e-02,-5.695524222035316386e-01,1.218453863135089534e+02,-1.401592437162709204e-01,9.313828265521750804e-01,-3.359782981154643688e-01,-2.380597138940754220e+01,5.581512207950160009e-01,3.545963806463726109e-01,7.501523988880700600e-01,-3.719384524061292296e+01,0.000000000000000000e+00,0.000000000000000000e+00,0.000000000000000000e+00,1.000000000000000056e-01
8.075773810046747991e-01,-8.000850715375171229e-02,-5.843093465559646704e-01,1.222708614271241743e+02,-1.484175802635904484e-01,9.312981554217708569e-01,-3.326499174458154573e-01,-2.387678870777860141e+01,5.707810399429286141e-01,3.553623284635489266e-01,7.402206562577362536e-01,-3.689119272225804025e+01,0.000000000000000000e+00,0.000000000000000000e+00,0.000000000000000000e+00,1.000000000000000056e-01
7.959314245263511278e-01,-7.319844425346122563e-02,-6.009452181441552465e-01,1.226799552037191177e+02,-1.636825520972196857e-01,9.296706833929868630e-01,-3.300309721504296467e-01,-2.397518702282394543e+01,5.828389053506932704e-01,3.610462687779637525e-01,7.279728032084138434e-01,-3.660141677155355922e+01,0.000000000000000000e+00,0.000000000000000000e+00,0.000000000000000000e+00,1.000000000000000056e-01
7.850175411901582079e-01,-6.659459445765576746e-02,-6.158836091444378491e-01,1.230922235058844620e+02,-1.750394137782206316e-01,9.298445744464216567e-01,-3.236514653091034921e-01,-2.408465827055421826e+01,5.942294705313219128e-01,3.618759833998013153e-01,7.182876227462726693e-01,-3.631236268102250619e+01,0.000000000000000000e+00,0.000000000000000000e+00,0.000000000000000000e+00,1.000000000000000056e-01
7.763001715033579497e-01,-6.122192242515202276e-02,-6.273833915066813205e-01,1.235027731938974682e+02,-1.820072137390671418e-01,9.311140511295625810e-01,-3.160696093205353496e-01,-2.417992248192630811e+01,6.035158803799602900e-01,3.595531949568283037e-01,7.116811660607145207e-01,-3.600174850099817547e+01,0.000000000000000000e+00,0.000000000000000000e+00,0.000000000000000000e+00,1.000000000000000056e-01
7.689781945226114024e-01,-5.382521726751771096e-02,-6.370050096622863478e-01,1.240206981206036261e+02,-1.907000471677482156e-01,9.317667008869707779e-01,-3.089406207160675377e-01,-2.429832585791640298e+01,6.101688523343056225e-01,3.590454861216263449e-01,7.062438038926228678e-01,-3.560567817530313306e+01,0.000000000000000000e+00,0.000000000000000000e+00,0.000000000000000000e+00,1.000000000000000056e-01
7.606098607281248647e-01,-4.503374972873817883e-02,-6.476454285706894076e-01,1.245183802989834874e+02,-2.026240774139425604e-01,9.312905415421833810e-01,-3.027233233271190427e-01,-2.442941296662280237e+01,6.167788282806820899e-01,3.614829022504885137e-01,6.992238471085441276e-01,-3.519937093607047984e+01,0.000000000000000000e+00,0.000000000000000000e+00,0.000000000000000000e+00,1.000000000000000056e-01
7.548403754348219641e-01,-4.275492948982366481e-02,-6.545135778711831387e-01,1.250226422985288650e+02,-2.090530258845987865e-01,9.301497659082809122e-01,-3.018579887120158567e-01,-2.459039723835001112e+01,6.217015682639946972e-01,3.646826414639040559e-01,6.931765511274882163e-01,-3.479157976369630489e+01,0.000000000000000000e+00,0.000000000000000000e+00,0.000000000000000000e+00,1.000000000000000056e-01
7.479729443395375377e-01,-3.689666329196737704e-02,-6.627028827264614952e-01,1.255327585485045603e+02,-2.192938334002219047e-01,9.286449276897146277e-01,-2.992136576241138934e-01,-2.471604453335485374e+01,6.264556561869952800e-01,3.691303760381742238e-01,6.865100700770799813e-01,-3.434883465617343035e+01,0.000000000000000000e+00,0.000000000000000000e+00,0.000000000000000000e+00,1.000000000000000056e-01
7.381513980367450101e-01,-3.411622388165613806e-02,-6.737719175243620517e-01,1.260113623626200052e+02,-2.264019619000039452e-01,9.282752076473984593e-01,-2.950377781149533529e-01,-2.487251034932255322e+01,6.355113415386292042e-01,3.703258323898509508e-01,6.774836622683502174e-01,-3.393744870192581686e+01,0.000000000000000000e+00,0.000000000000000000e+00,0.000000000000000000e+00,1.000000000000000056e-01
7.269489180851397281e-01,-3.373398264543123193e-02,-6.858624416818015490e-01,1.264741452879851806e+02,-2.321708496598640370e-01,9.278995532750414776e-01,-2.917175270706156565e-01,-2.501466743060573350e+01,6.462522472402409957e-01,3.713010065255092917e-01,6.667035289317749802e-01,-3.352075061786804611e+01,0.000000000000000000e+00,0.000000000000000000e+00,0.000000000000000000e+00,1.000000000000000056e-01
7.141226116366518051e-01,-3.365363239048649313e-02,-6.992112188574879372e-01,1.269399344437736659e+02,-2.374615303304496716e-01,9.279730891028710182e-01,-2.871897761306901331e-01,-2.516413683461492923e+01,6.585141738507751530e-01,3.711244790199118015e-01,6.546951228700503833e-01,-3.308079092335662352e+01,0.000000000000000000e+00,0.000000000000000000e+00,0.000000000000000000e+00,1.000000000000000056e-01
6.982420720228863509e-01,-3.259231137160847891e-02,-7.151193956932244689e-01,1.274490684371619835e+02,-2.439958630513641979e-01,9.283102432591606723e-01,-2.805460943836823318e-01,-2.532720135902491521e+01,6.729963058375627583e-01,3.703752603773288743e-01,6.402328785913916631e-01,-3.260946556067963087e+01,0.000000000000000000e+00,0.000000000000000000e+00,0.000000000000000000e+00,1.000000000000000056e-01
6.832813849588044164e-01,-3.225922075412604451e-02,-7.294421784110889373e-01,1.279194582811835232e+02,-2.455707447064533200e-01,9.306726264407072513e-01,-2.711889963443828711e-01,-2.549228763769523454e+01,6.876202137176423701e-01,3.644280519804867779e-01,6.279893602734138991e-01,-3.214280578287634427e+01,0.000000000000000000e+00,0.000000000000000000e+00,0.000000000000000000e+00,1.000000000000000056e-01
6.723892206795496485e-01,-3.296867226917071791e-02,-7.394631854005686566e-01,1.283618243687796223e+02,-2.473617095790650033e-01,9.315644818763010315e-01,-2.664578779857356139e-01,-2.565867365749959816e+01,6.976424016271303152e-01,3.620782826342210381e-01,6.182187288465004205e-01,-3.169369503792177412e+01,0.000000000000000000e+00,0.000000000000000000e+00,0.000000000000000000e+00,1.000000000000000056e-01
6.642336154501273793e-01,-3.342864328339464897e-02,-7.467772291080413405e-01,1.288134526747412565e+02,-2.475117797500579753e-01,9.328135572425226840e-01,-2.619098820386692172e-01,-2.583662508811146807e+01,7.053592155710529665e-01,3.588055089220097416e-01,6.113321386743924002e-01,-3.120232376136740271e+01,0.000000000000000000e+00,0.000000000000000000e+00,0.000000000000000000e+00,1.000000000000000056e-01
6.572147702454248508e-01,-3.400573036017583151e-02,-7.529358246716146841e-01,1.292776967545433138e+02,-2.497764861657009172e-01,9.327031730432310264e-01,-2.601470698543500992e-01,-2.601083242539719009e+01,7.111121238805937494e-01,3.590381613390973836e-01,6.044924697399227664e-01,-3.070437217074614367e+01,0.000000000000000000e+00,0.000000000000000000e+00,0.000000000000000000e+00,1.000000000000000056e-01
6.460547199932433760e-01,-3.637406612012512863e-02,-7.624239149504301594e-01,1.297069200695805762e+02,-2.460103651464521368e-01,9.356385663026930422e-01,-2.530995327683366325e-01,-2.616620696963627068e+01,7.225594778389952122e-01,3.510803334864113223e-01,5.955253146794927677e-01,-3.020699816943492522e+01,0.000000000000000000e+00,0.000000000000000000e+00,0.000000000000000000e+00,1.000000000000000056e-01
6.308804133344128040e-01,-3.108885642095825241e-02,-7.752569813148653122e-01,1.301480475855470900e+02,-2.462300930901184515e-01,9.395225550777022150e-01,-2.380506453616488549e-01,-2.630272954597779389e+01,7.357721422613334727e-01,3.410730882182042567e-01,5.850713658738265766e-01,-2.968458634841235622e+01,0.000000000000000000e+00,0.000000000000000000e+00,0.000000000000000000e+00,1.000000000000000056e-01
6.161854559570025813e-01,-2.585573647001317144e-02,-7.871765778773236466e-01,1.305883063991076369e+02,-2.411219042079179031e-01,9.452781776552446891e-01,-2.197939811731141613e-01,-2.645449953541681865e+01,7.497837762836754294e-01,3.252393699114128345e-01,5.762322804923537545e-01,-2.915134479044779070e+01,0.000000000000000000e+00,0.000000000000000000e+00,0.000000000000000000e+00,1.000000000000000056e-01
6.036314963123428079e-01,-2.782183809322853751e-02,-7.967778623837613594e-01,1.310313782014885930e+02,-2.385435910137543858e-01,9.473056896836692387e-01,-2.137963645135494140e-01,-2.659754836887468699e+01,7.607404102885455544e-01,3.191204719507383381e-01,5.651868297615871839e-01,-2.860146985839983813e+01,0.000000000000000000e+00,0.000000000000000000e+00,0.000000000000000000e+00,1.000000000000000056e-01
5.916238383015072211e-01,-3.079343497048808720e-02,-8.056258426317456367e-01,1.314665586666239960e+02,-2.347836142450169805e-01,9.493781378902870216e-01,-2.087050688843425372e-01,-2.677779336764814033e+01,7.712703082807214061e-01,3.126226409886037616e-01,5.544449439807991320e-01,-2.802733941748973834e+01,0.000000000000000000e+00,0.000000000000000000e+00,0.000000000000000000e+00,1.000000000000000056e-01
5.793474815129859845e-01,-3.456378695780623622e-02,-8.143474935773400425e-01,1.319216857529328877e+02,-2.318636803185492312e-01,9.508348081477920877e-01,-2.053104998866085995e-01,-2.695402826044913880e+01,7.814062511995267801e-01,3.077637279565070272e-01,5.428496645855233060e-01,-2.740504586096804474e+01,0.000000000000000000e+00,0.000000000000000000e+00,0.000000000000000000e+00,1.000000000000000056e-01
5.673933475267977089e-01,-3.720688401393489053e-02,-8.226058819169167480e-01,1.323877786790116886e+02,-2.300911959815648000e-01,9.520233480104979273e-01,-2.017661675669522037e-01,-2.714220606892025245e+01,7.906470961902710703e-01,3.037551524251990154e-01,5.316107379098322649e-01,-2.676086693700360541e+01,0.000000000000000000e+00,0.000000000000000000e+00,0.000000000000000000e+00,1.000000000000000056e-01
5.571966919569895094e-01,-3.755110421866666992e-02,-8.295310488728838694e-01,1.328541784443863492e+02,-2.293619768902504796e-01,9.531533755307382005e-01,-1.972098533830291267e-01,-2.735246206974112582e+01,7.980757670980770380e-01,3.001475591876743287e-01,5.224811122753603154e-01,-2.610549021707068107e+01,0.000000000000000000e+00,0.000000000000000000e+00,0.000000000000000000e+00,1.000000000000000056e-01
5.435035521548501336e-01,-3.839991408458780231e-02,-8.385280766875706782e-01,1.332873123859819202e+02,-2.277459211267793826e-01,9.547363313743354452e-01,-1.913382684252941668e-01,-2.754409975609529226e+01,8.079205927596937453e-01,2.949643777681830725e-01,5.101571636688577716e-01,-2.545322098477916839e+01,0.000000000000000000e+00,0.000000000000000000e+00,0.000000000000000000e+00,1.000000000000000056e-01
5.320571355624996723e-01,-3.860739764806993268e-02,-8.458278036006334766e-01,1.336812149806233663e+02,-2.260927924930128396e-01,9.562090281661789204e-01,-1.858664672182779865e-01,-2.771800160056040596e+01,8.159640026862333695e-01,2.901271502295770244e-01,5.000289821799583923e-01,-2.482680657062305585e+01,0.000000000000000000e+00,0.000000000000000000e+00,0.000000000000000000e+00,1.000000000000000056e-01
5.190904901122979087e-01,-3.579941833520579320e-02,-8.539692410864898608e-01,1.340688224226405225e+02,-2.233390225903409965e-01,9.587291585826064333e-01,-1.759490877267586295e-01,-2.789421850387029878e+01,8.250240869595055759e-01,2.820581538093667184e-01,4.896717817133084960e-01,-2.418565362979314060e+01,0.000000000000000000e+00,0.000000000000000000e+00,0.000000000000000000e+00,1.000000000000000056e-01
5.037892595550234054e-01,-3.135571184650140508e-02,-8.632573204390452393e-01,1.344856036451892294e+02,-2.239545704400277282e-01,9.604304051789995800e-01,-1.655831730180494787e-01,-2.806882999535793388e+01,8.342905563027931404e-01,2.767494465076701937e-01,4.768322677018348443e-01,-2.349387784232554566e+01,0.000000000000000000e+00,0.000000000000000000e+00,0.000000000000000000e+00,1.000000000000000056e-01
4.897563511598638231e-01,-2.473348021170768130e-02,-8.715084460033609703e-01,1.348789429321633691e+02,-2.264283806304648317e-01,9.616903696124762257e-01,-1.545374434876031489e-01,-2.823278985007928910e+01,8.419435283578354801e-01,2.730199405743761187e-01,4.653936044952945439e-01,-2.281072409551068603e+01,0.000000000000000000e+00,0.000000000000000000e+00,0.000000000000000000e+00,1.000000000000000056e-01
4.767355521428811027e-01,-1.663462030923797130e-02,-8.788893575019496307e-01,1.352698764685161450e+02,-2.260968655842819919e-01,9.638629355440594404e-01,-1.408845231292333022e-01,-2.840170631359488596e+01,8.494724366899644163e-01,2.658787898489758383e-01,4.557466932545520821e-01,-2.214021532880077459e+01,0.000000000000000000e+00,0.000000000000000000e+00,0.000000000000000000e+00,1.000000000000000056e-01
4.630857971962325514e-01,-1.228525562653787206e-02,-8.862283097088022865e-01,1.356711898506304692e+02,-2.267050970935863830e-01,9.649991507826800596e-01,-1.318386815031683534e-01,-2.856429290044264846e+01,8.568292381722962814e-01,2.619650959248138178e-01,4.440922709642509680e-01,-2.138449459305235578e+01,0.000000000000000000e+00,0.000000000000000000e+00,0.000000000000000000e+00,1.000000000000000056e-01
4.487912332557685291e-01,-6.234434543597469625e-03,-8.936148839285793510e-01,1.360390556664210351e+02,-2.257946544919387510e-01,9.667380163844606633e-01,-1.201431715908329589e-01,-2.875054945616518864e+01,8.646405050398879855e-01,2.556926661110168197e-01,4.324558446146933299e-01,-2.065804978145768089e+01,0.000000000000000000e+00,0.000000000000000000e+00,0.000000000000000000e+00,1.000000000000000056e-01
4.331945020734002672e-01,-2.131693096722328540e-03,-9.012979414477326756e-01,1.364118247617741986e+02,-2.273440346930069023e-01,9.674035619307892464e-01,-1.115573316870137888e-01,-2.897335989563108782e+01,8.721566449112705399e-01,2.532307332220220530e-01,4.185892766053059821e-01,-1.991323672748184137e+01,0.000000000000000000e+00,0.000000000000000000e+00,0.000000000000000000e+00,1.000000000000000056e-01
4.228044819990179892e-01,-3.110849142412261403e-03,-9.062155883779287047e-01,1.367765160906264157e+02,-2.305991863590918789e-01,9.667076356745486487e-01,-1.109069987829844617e-01,-2.919466963285804084e+01,8.763905437942990373e-01,2.558645535163814877e-01,4.080109618647468350e-01,-1.912381077220632619e+01,0.000000000000000000e+00,0.000000000000000000e+00,0.000000000000000000e+00,1.000000000000000056e-01
4.079174125596206624e-01,-2.991829925708441862e-03,-9.130139284175022851e-01,1.371327314303874800e+02,-2.362521262957342771e-01,9.655907631740632269e-01,-1.087171140790382379e-01,-2.946518260251044907e+01,8.819230790445438117e-01,2.600490858023266072e-01,3.931744595239695661e-01,-1.834871333423589590e+01,0.000000000000000000e+00,0.000000000000000000e+00,0.000000000000000000e+00,1.000000000000000056e-01
3.935836205628162610e-01,7.187478354098636446e-03,-9.192607213296860591e-01,1.375235099402245282e+02,-2.435705277409959957e-01,9.650465298287981275e-01,-9.673982262422900491e-02,-2.972479639842099530e+01,8.864340537460403402e-01,2.619800286668889644e-01,3.815771651174350021e-01,-1.748866664867765408e+01,0.000000000000000000e+00,0.000000000000000000e+00,0.000000000000000000e+00,1.000000000000000056e-01
3.849692467314163036e-01,1.253004218504724654e-02,-9.228443406739225141e-01,1.378884327019888190e+02,-2.443133760135584309e-01,9.656213116650950168e-01,-8.880572481005445662e-02,-2.993662693695292631e+01,8.900054232261190856e-01,2.596506893906165847e-01,3.747957658873349862e-01,-1.665347914938747564e+01,0.000000000000000000e+00,0.000000000000000000e+00,0.000000000000000000e+00,1.000000000000000056e-01
3.723061385225937547e-01,2.075518660992220488e-02,-9.278778806756753372e-01,1.382233258855459042e+02,-2.406721750438588492e-01,9.677104720324846143e-01,-7.492226957536660126e-02,-3.017672631526172466e+01,8.963621162108836860e-01,2.512084085922544618e-01,3.652797449551419273e-01,-1.582691378887127875e+01,0.000000000000000000e+00,0.000000000000000000e+00,0.000000000000000000e+00,1.000000000000000056e-01
3.621353233773508817e-01,2.347361730674506208e-02,-9.318299184147920133e-01,1.385250710676623385e+02,-2.390040929250000223e-01,9.686005424844689182e-01,-6.848381315238333267e-02,-3.037207846927068644e+01,9.009634016581802296e-01,2.475115722331565626e-01,3.563747612881578153e-01,-1.505441483528636404e+01,0.000000000000000000e+00,0.000000000000000000e+00,0.000000000000000000e+00,1.000000000000000056e-01
3.437645564121585284e-01,2.379408034658371529e-02,-9.387543722908630039e-01,1.388040470494145211e+02,-2.385465704954549682e-01,9.690989953074974350e-01,-6.279069197624800869e-02,-3.058282312842485240e+01,9.082518722576952142e-01,2.455218504216263031e-01,3.388178825061212152e-01,-1.429504482716756719e+01,0.000000000000000000e+00,0.000000000000000000e+00,0.000000000000000000e+00,1.000000000000000056e-01
3.211617236979611434e-01,2.187492963373044441e-02,-9.467716908974802559e-01,1.390733560348421918e+02,-2.363772585865017706e-01,9.699422992490047690e-01,-5.777307115503073354e-02,-3.079439980457452108e+01,9.170501288667290973e-01,2.423497959171278526e-01,3.166790766129677914e-01,-1.351677862521660423e+01,0.000000000000000000e+00,0.000000000000000000e+00,0.000000000000000000e+00,1.000000000000000056e-01
3.033525000342214284e-01,2.066433999485463302e-02,-9.526543159906245561e-01,1.393151961264369163e+02,-2.302625649043397171e-01,9.717251125347622365e-01,-5.224420420466217851e-02,-3.100105777322661282e+01,9.246385304142709094e-01,2.352090362249731892e-01,2.995334661627259143e-01,-1.276019996830739700e+01,0.000000000000000000e+00,0.000000000000000000e+00,0.000000000000000000e+00,1.000000000000000056e-01
2.988673353269352129e-01,2.336718961944091177e-02,-9.540085378673854866e-01,1.395547543589635211e+02,-2.274559211199101427e-01,9.726324677725254331e-01,-4.743296935909194212e-02,-3.116514103085037846e+01,9.267913032727868039e-01,2.311710558958807449e-01,2.960030795345094390e-01,-1.201115205712319067e+01,0.000000000000000000e+00,0.000000000000000000e+00,0.000000000000000000e+00,1.000000000000000056e-01
2.988615759963489937e-01,2.248455102735215372e-02,-9.540315526008964486e-01,1.398043338643573179e+02,-2.182842279678298136e-01,9.748283668950044056e-01,-4.540540625638232741e-02,-3.135095643384359221e+01,9.289961002143480862e-01,2.218199721889735909e-01,2.962467649183969653e-01,-1.122813277365643891e+01,0.000000000000000000e+00,0.000000000000000000e+00,0.000000000000000000e+00,1.000000000000000056e-01
2.966424167634905684e-01,2.137944876362259106e-02,-9.547492842350180364e-01,1.400330340309866699e+02,-2.139819884228622016e-01,9.758173851691066547e-01,-4.463338920948634048e-02,-3.153012412448945057e+01,9.307067127765404901e-01,2.175393067293611149e-01,2.940436444142183747e-01,-1.047041769100046871e+01,0.000000000000000000e+00,0.000000000000000000e+00,0.000000000000000000e+00,1.000000000000000056e-01
2.813231899690173954e-01,2.405167008181768873e-02,-9.593116177509433129e-01,1.402447959810604061e+02,-2.054656099053865370e-01,9.780117639081017389e-01,-3.573335701513262463e-02,-3.167633377024680641e+01,9.373586005002909616e-01,2.071581686143194045e-01,2.800791803124564883e-01,-9.706897713651557069e+00,0.000000000000000000e+00,0.000000000000000000e+00,0.000000000000000000e+00,1.000000000000000056e-01
2.565938753183020227e-01,2.847593589352888366e-02,-9.660997382383060827e-01,1.404398578435235834e+02,-1.980480826199486621e-01,9.799053021231315386e-01,-2.371825966499989391e-02,-3.182574920733793888e+01,9.460108562377589347e-01,1.974201609409789171e-01,2.570773034212479047e-01,-8.939908052160278729e+00,0.000000000000000000e+00,0.000000000000000000e+00,0.000000000000000000e+00,1.000000000000000056e-01
2.367540276772002183e-01,2.798101602061914273e-02,-9.711666145008680529e-01,1.406389920625047409e+02,-1.931360228277422542e-01,9.809914953061313891e-01,-1.881921420575703718e-02,-3.197831522608935373e+01,9.521796086164130424e-01,1.920227821887137143e-01,2.376578297797076189e-01,-8.198480442419000980e+00,0.000000000000000000e+00,0.000000000000000000e+00,0.000000000000000000e+00,1.000000000000000056e-01
2.235496420789424565e-01,2.840484083449348884e-02,-9.742785651668335323e-01,1.408073334758259136e+02,-1.836908121207885547e-01,9.828914724856523399e-01,-1.349217763710704177e-02,-3.213679107625802800e+01,9.572268503697449749e-01,1.819821923490130278e-01,2.249427451576622161e-01,-7.416174090678547159e+00,0.000000000000000000e+00,0.000000000000000000e+00,0.000000000000000000e+00,1.000000000000000056e-01
2.127781416866599828e-01,2.889260278214061950e-02,-9.766732718390760404e-01,1.409575221483309235e+02,-1.731345680396967623e-01,9.848607673509055527e-01,-8.584304438513198909e-03,-3.225884791352735448e+01,9.616391650562490234e-01,1.709224573818751147e-01,2.145591521992521455e-01,-6.657478914424845406e+00,0.000000000000000000e+00,0.000000000000000000e+00,0.000000000000000000e+00,1.000000000000000056e-01
1.982329743701343183e-01,3.144166934038866712e-02,-9.796505036498778241e-01,1.411081363870966072e+02,-1.605331294434967082e-01,9.870301239372203383e-01,-8.054759791918941758e-04,-3.237404099651907075e+01,9.669192325232999208e-01,1.574260330109514827e-01,2.007093468351377474e-01,-5.905518298071662286e+00,0.000000000000000000e+00,0.000000000000000000e+00,0.000000000000000000e+00,1.000000000000000056e-01
1.840336203906250967e-01,3.333246026203309786e-02,-9.823546068802240239e-01,1.412434743899272291e+02,-1.456069863957959176e-01,9.893225101520154441e-01,6.290979196419202446e-03,-3.246989066377494026e+01,9.720752193522135265e-01,1.418799422025370793e-01,1.869220423651285490e-01,-5.131671492574826132e+00,0.000000000000000000e+00,0.000000000000000000e+00,0.000000000000000000e+00,1.000000000000000056e-01
1.724023505409946200e-01,3.875249772291854133e-02,-9.842640262897834891e-01,1.413668050830372067e+02,-1.320168780805556219e-01,9.911199627458795458e-01,1.589853290307082639e-02,-3.256316507672136140e+01,9.761398329285635445e-01,1.271985195151323633e-01,1.759873950126962239e-01,-4.314670758669112871e+00,0.000000000000000000e+00,0.000000000000000000e+00,0.000000000000000000e+00,1.000000000000000056e-01
1.595017348724973028e-01,4.667259131967842201e-02,-9.860937408746544008e-01,1.414959749459619331e+02,-1.139418977313069598e-01,9.930764499605061468e-01,2.857286256619404052e-02,-3.263530084709830703e+01,9.806000410534623235e-01,1.077999710266403788e-01,1.637153802567233862e-01,-3.523953636428021063e+00,0.000000000000000000e+00,0.000000000000000000e+00,0.000000000000000000e+00,1.000000000000000056e-01
1.484710072340590381e-01,4.860855080536401890e-02,-9.877214024204935550e-01,1.415999345868781347e+02,-1.009469299843084311e-01,9.943188785148719955e-01,3.375922326817301644e-02,-3.269503751064048203e+01,9.837510240592622912e-01,9.469517737207935881e-02,1.525344093797308398e-01,-2.697482790750092452e+00,0.000000000000000000e+00,0.000000000000000000e+00,0.000000000000000000e+00,1.000000000000000056e-01
1.391499834216535225e-01,4.879332408213075956e-02,-9.890684979508594932e-01,1.416975210277583415e+02,-8.978063144140251139e-02,9.952936364635114330e-01,3.646937664976759863e-02,-3.276158212898604205e+01,9.861930441509594303e-01,8.372448112861451130e-02,1.428757884597936512e-01,-1.891638818434834501e+00,0.000000000000000000e+00,0.000000000000000000e+00,0.000000000000000000e+00,1.000000000000000056e-01
1.281133169750477974e-01,5.307989419904766970e-02,-9.903380750256292053e-01,1.417903526093214737e+02,-7.678696874446468146e-02,9.961000938226830526e-01,4.345531633159015888e-02,-3.282823562126913686e+01,9.887824530424715874e-01,7.047785409800633172e-02,1.316895312356020087e-01,-1.127521920335118777e+00,0.000000000000000000e+00,0.000000000000000000e+00,0.000000000000000000e+00,1.000000000000000056e-01
1.142552859486446470e-01,5.357584659032214175e-02,-9.920057249305185287e-01,1.418680356017147233e+02,-6.405686000354091081e-02,9.968641571025937953e-01,4.646042370256545095e-02,-3.287075687258822398e+01,9.913841073566189710e-01,5.823642284915353518e-02,1.173288998263189997e-01,-3.774360608186574373e-01,0.000000000000000000e+00,0.000000000000000000e+00,0.000000000000000000e+00,1.000000000000000056e-01
1.005171709617406206e-01,5.071090239567407204e-02,-9.936421401692185906e-01,1.419351663398444430e+02,-5.134442622884684976e-02,9.976338889151946665e-01,4.572060348656400985e-02,-3.294419353519605664e+01,9.936096055479128886e-01,4.642227984665900364e-02,1.028830583563676848e-01,4.010390701308167993e-01,0.000000000000000000e+00,0.000000000000000000e+00,0.000000000000000000e+00,1.000000000000000056e-01
8.734104494179717459e-02,4.782472663994571244e-02,-9.950298173372945643e-01,1.419939522351590711e+02,-3.405095844362891061e-02,9.984065810219012738e-01,4.499812441900055693e-02,-3.296641707266115162e+01,9.955963409422242671e-01,2.995153575314736180e-02,8.883035184261467432e-02,1.207774044202053476e+00,0.000000000000000000e+00,0.000000000000000000e+00,0.000000000000000000e+00,1.000000000000000056e-01
7.853565884042590373e-02,4.922678995699417137e-02,-9.956951709439142428e-01,1.420511947404024227e+02,-1.923129574717602486e-02,9.986690493240933941e-01,4.785694501319696231e-02,-3.299071172025362841e+01,9.967257935632974908e-01,1.539003159975593088e-02,7.937782670855653144e-02,1.989353657367795236e+00,0.000000000000000000e+00,0.000000000000000000e+00,0.000000000000000000e+00,1.000000000000000056e-01
7.364577686627138409e-02,4.885529178853049298e-02,-9.960870745140815163e-01,1.420917242770259747e+02,-7.473398768112225754e-03,9.987983424085561390e-01,4.843572558322510602e-02,-3.300836169682165178e+01,9.972564604256102250e-01,3.877069276947885113e-03,7.392239493689034546e-02,2.769398287187393670e+00,0.000000000000000000e+00,0.000000000000000000e+00,0.000000000000000000e+00,1.000000000000000056e-01
7.281357713568747947e-02,5.341626188631193317e-02,-9.959140956682951407e-01,1.421289783131781235e+02,7.376062953485636869e-03,9.985085664646127235e-01,5.409469837322639085e-02,-3.301329900215146296e+01,9.973182925626159490e-01,-1.128475355854373016e-02,7.231097881450243570e-02,3.566502437223364019e+00,0.000000000000000000e+00,0.000000000000000000e+00,0.000000000000000000e+00,1.000000000000000056e-01
6.236800482398308088e-02,5.962162749566031483e-02,-9.962707932630789909e-01,1.421855128257885781e+02,1.993369492012327451e-02,9.979405673813362965e-01,6.096943317309135024e-02,-3.298634392052525044e+01,9.978541375276785974e-01,-2.366189995299030138e-02,6.105108278734783234e-02,4.348955127769304596e+00,0.000000000000000000e+00,0.000000000000000000e+00,0.000000000000000000e+00,1.000000000000000056e-01
4.767123813660578691e-02,6.352087968101283177e-02,-9.968412867147273815e-01,1.421918585353520541e+02,3.435200985115856309e-02,9.972812945113553873e-01,6.519170987895039904e-02,-3.296783387615698757e+01,9.982722035966486995e-01,-3.735127122743785166e-02,4.535956419527686911e-02,5.098157773656872394e+00,0.000000000000000000e+00,0.000000000000000000e+00,0.000000000000000000e+00,1.000000000000000056e-01
2.933993695845316108e-02,6.857506608396758685e-02,-9.972144345178994840e-01,1.421965120061399261e+02,4.960238672624981554e-02,9.963149289271644449e-01,6.997260626787318860e-02,-3.293915850096217213e+01,9.983380045507304068e-01,-5.151720788667344536e-02,2.583033025781367176e-02,5.877745409124251807e+00,0.000000000000000000e+00,0.000000000000000000e+00,0.000000000000000000e+00,1.000000000000000056e-01
1.476073702129843124e-02,6.820346648171876636e-02,-9.975622325461531714e-01,1.421841373532071486e+02,6.639549593365959290e-02,9.954021108513563254e-01,6.903822008415069766e-02,-3.289759052607060141e+01,9.976841979114993153e-01,-6.725269416567117298e-02,1.016446580727381477e-02,6.640859808376403883e+00,0.000000000000000000e+00,0.000000000000000000e+00,0.000000000000000000e+00,1.000000000000000056e-01
6.971910101649547720e-03,7.449760316078862799e-02,-9.971968208898547292e-01,1.421615272186768948e+02,8.165189921897517134e-02,9.938486720428546528e-01,7.481834288854991022e-02,-3.282565115521111210e+01,9.966365234243974580e-01,-8.194464108135421365e-02,8.461528107865934345e-04,7.488615413520496311e+00,0.000000000000000000e+00,0.000000000000000000e+00,0.000000000000000000e+00,1.000000000000000056e-01
-2.127038440493445037e-03,8.957411501890540084e-02,-9.959778881210431534e-01,1.421635283399627383e+02,9.889083795119500697e-02,9.911169524364347172e-01,8.892574859074542371e-02,-3.274075013938393397e+01,9.950960144010142505e-01,-9.830393945154933255e-02,-1.096620314981322508e-02,8.333456510149774843e+00,0.000000000000000000e+00,0.000000000000000000e+00,0.000000000000000000e+00,1.000000000000000056e-01
-1.165241021815854872e-02,1.034910372033792797e-01,-9.945621280516752094e-01,1.421467741995717233e+02,1.124247826584672399e-01,9.884586743030614464e-01,1.015387484620069308e-01,-3.265696689246802720e+01,9.935919130006567457e-01,-1.106302599364345357e-01,-2.315288332136566929e-02,9.217200250447048049e+00,0.000000000000000000e+00,0.000000000000000000e+00,0.000000000000000000e+00,1.000000000000000056e-01
-2.357364268921791073e-02,1.094140732208567918e-01,-9.937166819328246969e-01,1.421122569372859346e+02,1.284592334258222723e-01,9.860843892067161498e-01,1.055263128819901586e-01,-3.256489512641231698e+01,9.914345710726510941e-01,-1.251644436093516388e-01,-3.730084902452301954e-02,1.007176623444989971e+01,0.000000000000000000e+00,0.000000000000000000e+00,0.000000000000000000e+00,1.000000000000000056e-01
-3.373239427504026722e-02,1.135054365638489271e-01,-9.929645721005981862e-01,1.420754010529659013e+02,1.474499287955244320e-01,9.832229924103006447e-01,1.073827998048508259e-01,-3.245390100976329961e+01,9.884941295094618052e-01,-1.427902765113365779e-01,-4.990283417951379974e-02,1.089385632372348844e+01,0.000000000000000000e+00,0.000000000000000000e+00,0.000000000000000000e+00,1.000000000000000056e-01
-3.821004555366447342e-02,1.208183198863502783e-01,-9.919389729205255746e-01,1.420376191963669328e+02,1.640443338191501232e-01,9.799548518299959765e-01,1.130395723482789244e-01,-3.233011592074450391e+01,9.857126604445226592e-01,-1.584027207932050818e-01,-5.726368032786388618e-02,1.168830568966889061e+01,0.000000000000000000e+00,0.000000000000000000e+00,0.000000000000000000e+00,1.000000000000000056e-01
-4.156591898187800282e-02,1.270960213763558666e-01,-9.910191096691794987e-01,1.419899948003524912e+02,1.805616317184180197e-01,9.765006022376465644e-01,1.176608302736982664e-01,-3.217356320795221336e+01,9.826849808205958547e-01,-1.740493469675038485e-01,-6.353780992299884467e-02,1.251443292925320527e+01,0.000000000000000000e+00,0.000000000000000000e+00,0.000000000000000000e+00,1.000000000000000056e-01
-4.344912496462960405e-02,1.340873886869088927e-01,-9.900165381118308794e-01,1.419464056295316823e+02,2.092046762296185247e-01,9.702036181531860093e-01,1.222225133358306182e-01,-3.187563219689253557e+01,9.769061249595423213e-01,-2.018056280622337328e-01,-7.020620698299340212e-02,1.335761517295481049e+01,0.000000000000000000e+00,0.000000000000000000e+00,0.000000000000000000e+00,1.000000000000000056e-01
-4.574980104735204556e-02,1.387271488787867602e-01,-9.892733362767295313e-01,1.418921693987277024e+02,2.272751193603794462e-01,9.657848193277004389e-01,1.249227876565611184e-01,-3.169373084260596585e+01,9.727553525033175719e-01,-2.191220229007662113e-01,-7.571369265874650090e-02,1.420272437728550052e+01,0.000000000000000000e+00,0.000000000000000000e+00,0.000000000000000000e+00,1.000000000000000056e-01
-5.022779180898329088e-02,1.468416649279179476e-01,-9.878839478254471951e-01,1.418267226133186512e+02,2.430481171291021258e-01,9.611935126365905857e-01,1.305168342603001130e-01,-3.148936415555396451e+01,9.687129511315476504e-01,-2.335477610822452033e-01,-8.396821781768903925e-02,1.501146443999523150e+01,0.000000000000000000e+00,0.000000000000000000e+00,0.000000000000000000e+00,1.000000000000000056e-01
-5.791936726497914911e-02,1.493602392156171410e-01,-9.870850347548979498e-01,1.417778304832121705e+02,2.637584386692392591e-01,9.559015926053147094e-01,1.291651318482978095e-01,-3.129422375620104191e+01,9.628482917502577676e-01,-2.528708448913726259e-01,-9.476023890606111166e-02,1.572530677592784620e+01,0.000000000000000000e+00,0.000000000000000000e+00,0.000000000000000000e+00,1.000000000000000056e-01
-6.806141258833120489e-02,1.615374604406635273e-01,-9.845167814673665418e-01,1.417171968079602493e+02,2.801609286456291370e-01,9.501933006192743170e-01,1.365377073143827225e-01,-3.107924319034927407e+01,9.575372045914978258e-01,-2.665301865317142305e-01,-1.099279832002295620e-01,1.647291905511436028e+01,0.000000000000000000e+00,0.000000000000000000e+00,0.000000000000000000e+00,1.000000000000000056e-01
-7.957379229349137439e-02,1.705633782023777134e-01,-9.821283753136476058e-01,1.416486595274478759e+02,2.956979725518613655e-01,9.449451185539424758e-01,1.401478931336256062e-01,-3.082549221712370979e+01,9.519615121467626118e-01,-2.792612700273136017e-01,-1.256281117185995555e-01,1.723358821890206727e+01,0.000000000000000000e+00,0.000000000000000000e+00,0.000000000000000000e+00,1.000000000000000056e-01
-8.871458715520996741e-02,1.798710735093440871e-01,-9.796816416267465355e-01,1.415686504262342282e+02,3.106392419196927213e-01,9.395010776174191891e-01,1.443640763322605047e-01,-3.057179635419909047e+01,9.463788794163993101e-01,-2.915203630457129380e-01,-1.392224641509283156e-01,1.803238273194397934e+01,0.000000000000000000e+00,0.000000000000000000e+00,0.000000000000000000e+00,1.000000000000000056e-01
-8.714059477834568135e-02,1.872988534099202518e-01,-9.784301999902731417e-01,1.414736256451751615e+02,3.237316893013809649e-01,9.341834812568013957e-01,1.499967222608467599e-01,-3.028538222363929577e+01,9.421275444884045225e-01,-3.036780579137265956e-01,-1.420398784074283771e-01,1.880841258816316497e+01,0.000000000000000000e+00,0.000000000000000000e+00,0.000000000000000000e+00,1.000000000000000056e-01
-8.571300679456950178e-02,1.960285163275848341e-01,-9.768449729883654786e-01,1.413904248764868896e+02,3.331258432224326049e-01,9.296635611631481888e-01,1.573303391682503993e-01,-3.001431866653882707e+01,9.389784092531510140e-01,-3.119270488942234021e-01,-1.449864239319096360e-01,1.957415256838042694e+01,0.000000000000000000e+00,0.000000000000000000e+00,0.000000000000000000e+00,1.000000000000000056e-01
-8.487110404289799348e-02,2.013262526554224219e-01,-9.758404765586765617e-01,1.412975555973405619e+02,3.443541385367410723e-01,9.249531730725587542e-01,1.608783854208640507e-01,-2.971332570076562263e+01,9.349957876756231911e-01,-3.223807804673383126e-01,-1.478293252846381023e-01,2.036012439990141587e+01,0.000000000000000000e+00,0.000000000000000000e+00,0.000000000000000000e+00,1.000000000000000056e-01
-8.916371574930592736e-02,2.069424608955469647e-01,-9.742816069660105160e-01,1.412192889902686659e+02,3.591357823659718229e-01,9.190568559276428573e-01,1.623452660128320013e-01,-2.942939572119786718e+01,9.290163193497507077e-01,-3.354240800105008913e-01,-1.562669668578451354e-01,2.110254297284200931e+01,0.000000000000000000e+00,0.000000000000000000e+00,0.000000000000000000e+00,1.000000000000000056e-01
-9.712657539727764799e-02,2.070951645229019977e-01,-9.734875557411247771e-01,1.411291746009328847e+02,3.736807887042141729e-01,9.141415615809814765e-01,1.571873835385050877e-01,-2.914649896365520476e+01,9.224581814396758395e-01,-3.485065253643277461e-01,-1.661749237204273033e-01,2.182903570837955343e+01,0.000000000000000000e+00,0.000000000000000000e+00,0.000000000000000000e+00,1.000000000000000056e-01
-1.051454804022635692e-01,2.127737002360934326e-01,-9.714277021162297521e-01,1.410307310555822937e+02,3.914499142852747582e-01,9.068356887380263354e-01,1.562561942358778877e-01,-2.882257985693506441e+01,9.141725179401470891e-01,-3.638356581189787775e-01,-1.786399208578568487e-01,2.255317076103285245e+01,0.000000000000000000e+00,0.000000000000000000e+00,0.000000000000000000e+00,1.000000000000000056e-01
-1.070361137959463527e-01,2.205108654722328920e-01,-9.694938001617894319e-01,1.409355993388212198e+02,4.068412154230749422e-01,8.994381442984092923e-01,1.596597946074999608e-01,-2.847343686859637657e+01,9.072064240163515425e-01,-3.773406720587124119e-01,-1.859852720882568811e-01,2.328936134057437002e+01,0.000000000000000000e+00,0.000000000000000000e+00,0.000000000000000000e+00,1.000000000000000056e-01
-1.028397904466840096e-01,2.227526296256925886e-01,-9.694355282821652819e-01,1.408242855900498967e+02,4.191022384294134651e-01,8.935751603983197455e-01,1.608625079456741935e-01,-2.812631390670534870e+01,9.020960543336485893e-01,-3.897495333081953395e-01,-1.852512079358912267e-01,2.401287972897939937e+01,0.000000000000000000e+00,0.000000000000000000e+00,0.000000000000000000e+00,1.000000000000000056e-01
-1.015188211576252275e-01,2.266545303452845439e-01,-9.686700433195635229e-01,1.407029202691184935e+02,4.336268552395403097e-01,8.864172669800681748e-01,1.619635119854266614e-01,-2.777365409347235925e+01,8.953556161469214958e-01,-4.035989998421021241e-01,-1.882715272170012444e-01,2.474311553870392189e+01,0.000000000000000000e+00,0.000000000000000000e+00,0.000000000000000000e+00,1.000000000000000056e-01
-9.950891484334278836e-02,2.299556837692446898e-01,-9.681003870306629233e-01,1.406112547114401252e+02,4.467070701034371316e-01,8.796989795895939768e-01,1.630414021916825051e-01,-2.741826004185879739e+01,8.891292197348500403e-01,-4.162332144498396280e-01,-1.902607205979482963e-01,2.543472743451689055e+01,0.000000000000000000e+00,0.000000000000000000e+00,0.000000000000000000e+00,1.000000000000000056e-01
-9.986808730022445069e-02,2.353310972568868897e-01,-9.667707276303233455e-01,1.405099004608158282e+02,4.607077617633018041e-01,8.721359155629575532e-01,1.647036825217046419e-01,-2.706586506873309261e+01,8.819153720114215611e-01,-4.289501363200988182e-01,-1.955174088436248958e-01,2.610600452675313576e+01,0.000000000000000000e+00,0.000000000000000000e+00,0.000000000000000000e+00,1.000000000000000056e-01
-1.074655034372851148e-01,2.403403412806410511e-01,-9.647215587536521753e-01,1.403974921277248882e+02,4.735310226877119666e-01,8.655831950105433714e-01,1.628929190224955859e-01,-2.670469218029526104e+01,8.741965088716043830e-01,-4.393202167763791133e-01,-2.068289414183974717e-01,2.679018179241470676e+01,0.000000000000000000e+00,0.000000000000000000e+00,0.000000000000000000e+00,1.000000000000000056e-01
-1.159464981520659244e-01,2.429934226188050772e-01,-9.630735206256437753e-01,1.402908937591793688e+02,4.889383854357178816e-01,8.579620387488761102e-01,1.576083605440570523e-01,-2.633677753110566755e+01,8.645783161829740937e-01,-4.526094747460230883e-01,-2.182865056670768578e-01,2.747308304986371752e+01,0.000000000000000000e+00,0.000000000000000000e+00,0.000000000000000000e+00,1.000000000000000056e-01
-1.203670489127526277e-01,2.415027644331153855e-01,-9.629061160399793318e-01,1.401104866894598047e+02,4.999907866641700727e-01,8.527008954841017729e-01,1.513618052599641217e-01,-2.603338695923508794e+01,8.576252018142770384e-01,-4.632252126253212365e-01,-2.233862475651680057e-01,2.823234367153285973e+01,0.000000000000000000e+00,0.000000000000000000e+00,0.000000000000000000e+00,1.000000000000000056e-01
-1.158530588605135581e-01,2.501698904676673552e-01,-9.612455953896787975e-01,1.400019702063945317e+02,5.090249774429286278e-01,8.459727260786287228e-01,1.588197691420045465e-01,-2.558382298038371161e+01,8.529194810132365578e-01,-4.708982614477238426e-01,-2.253512508809807358e-01,2.899005982397929770e+01,0.000000000000000000e+00,0.000000000000000000e+00,0.000000000000000000e+00,1.000000000000000056e-01
-1.076781287764272399e-01,2.644513372303635146e-01,-9.583688803484177177e-01,1.398756677721727044e+02,5.155189790810783546e-01,8.391044151946531748e-01,1.736201676304965080e-01,-2.513260400627478930e+01,8.500856443855583366e-01,-4.753622520119910044e-01,-2.266828766618216306e-01,2.977359130600798309e+01,0.000000000000000000e+00,0.000000000000000000e+00,0.000000000000000000e+00,1.000000000000000056e-01
-1.046049100246755348e-01,2.719886307296489059e-01,-9.565981379620916991e-01,1.397558550285320393e+02,5.227514808883730879e-01,8.333143923395042174e-01,1.797721133792884451e-01,-2.468132204546153119e+01,8.460429670103896127e-01,-4.812580474897574234e-01,-2.293512365316658919e-01,3.050535359766335475e+01,0.000000000000000000e+00,0.000000000000000000e+00,0.000000000000000000e+00,1.000000000000000056e-01
-1.062416821032974301e-01,2.783201737493354866e-01,-9.545944614693726571e-01,1.396357188593158583e+02,5.322679147270286126e-01,8.268190156816219716e-01,1.818273418917363271e-01,-2.422754421288511040e+01,8.398830703949224930e-01,-4.887823607613244192e-01,-2.359835415290314486e-01,3.122749303895113471e+01,0.000000000000000000e+00,0.000000000000000000e+00,0.000000000000000000e+00,1.000000000000000056e-01
-1.122803440925648211e-01,2.852201938841691931e-01,-9.518626819721068832e-01,1.395136390202229393e+02,5.441288421514076656e-01,8.191835716756477037e-01,1.812790088115482368e-01,-2.377053108775937318e+01,8.314547056030315852e-01,-4.975818695424963911e-01,-2.471747471591110301e-01,3.192820482058121101e+01,0.000000000000000000e+00,0.000000000000000000e+00,0.000000000000000000e+00,1.000000000000000056e-01
-1.202415542705215223e-01,2.984464105764760289e-01,-9.468218991133585671e-01,1.394211358307971977e+02,5.538598947564039587e-01,8.116802368980127191e-01,1.855112126250354487e-01,-2.331133756281508340e+01,8.238817789021883886e-01,-5.021005208553397381e-01,-2.628951908075958244e-01,3.260017821749391231e+01,0.000000000000000000e+00,0.000000000000000000e+00,0.000000000000000000e+00,1.000000000000000056e-01
-1.193878049736301072e-01,3.025328129615854067e-01,-9.456323012170900766e-01,1.393098601044162308e+02,5.652860973571192105e-01,8.037072163653187218e-01,1.857588180869712002e-01,-2.284835233508125896e+01,8.162096422845889210e-01,-5.123754555439412606e-01,-2.669704335648477311e-01,3.325336254153562976e+01,0.000000000000000000e+00,0.000000000000000000e+00,0.000000000000000000e+00,1.000000000000000056e-01
-1.132434932133925543e-01,3.052863718115729763e-01,-9.455031160345026553e-01,1.391762404016875507e+02,5.709190115731630488e-01,7.988261271239325279e-01,1.895476215849230262e-01,-2.241176100893378020e+01,8.131588980446260440e-01,-5.183406696471971609e-01,-2.647556547470599764e-01,3.388751519192782524e+01,0.000000000000000000e+00,0.000000000000000000e+00,0.000000000000000000e+00,1.000000000000000056e-01
-1.068342799445851643e-01,3.079854633019606380e-01,-9.453736779831556358e-01,1.390706803776211018e+02,5.791775646245896914e-01,7.921210898409997148e-01,1.926071848728291014e-01,-2.191366225149203473e+01,8.081706411793563305e-01,-5.269621745664327950e-01,-2.630039568370887704e-01,3.458613018600591005e+01,0.000000000000000000e+00,0.000000000000000000e+00,0.000000000000000000e+00,1.000000000000000056e-01
-9.742573551960975742e-02,3.157431237808911995e-01,-9.438297017171838332e-01,1.389598022895267491e+02,5.837551453611875552e-01,7.862062292409878195e-01,2.027552597764264719e-01,-2.140148350546289890e+01,8.060633699175284717e-01,-5.312118644079329988e-01,-2.609133932734117867e-01,3.529817799167967252e+01,0.000000000000000000e+00,0.000000000000000000e+00,0.000000000000000000e+00,1.000000000000000056e-01
-9.392102400243240723e-02,3.209512130090359516e-01,-9.424272704661954547e-01,1.388456442710695171e+02,5.926563097665431545e-01,7.786384723450873180e-01,2.061082916284835143e-01,-2.085668261523805000e+01,7.999608363815308154e-01,-5.391775665327120937e-01,-2.633442841673712120e-01,3.598030232549066909e+01,0.000000000000000000e+00,0.000000000000000000e+00,0.000000000000000000e+00,1.000000000000000056e-01
-1.008954166719124856e-01,3.252950374949900025e-01,-9.402144720624835417e-01,1.387331180661560381e+02,5.993915274426829809e-01,7.741509966776561891e-01,2.035191174630016087e-01,-2.042313093852731853e+01,7.940717295840024059e-01,-5.430224423761182972e-01,-2.730873767704153909e-01,3.670824044208621473e+01,0.000000000000000000e+00,0.000000000000000000e+00,0.000000000000000000e+00,1.000000000000000056e-01
-1.062869643045465384e-01,3.256733427122477931e-01,-9.394891990148449556e-01,1.386087219369278216e+02,6.106188127947164146e-01,7.670752922468231372e-01,1.968252054123710015e-01,-1.991442036463682541e+01,7.847596744737176389e-01,-5.527498257540038873e-01,-2.803923740917770857e-01,3.738043942055163882e+01,0.000000000000000000e+00,0.000000000000000000e+00,0.000000000000000000e+00,1.000000000000000056e-01
-1.038764353001986329e-01,3.241931434841769377e-01,-9.402704355169164696e-01,1.384976163354635048e+02,6.182638679303652518e-01,7.615805315635105766e-01,1.942804250438643077e-01,-1.943139728599532745e+01,7.790760398068392600e-01,-5.611540783610937666e-01,-2.795471776598790203e-01,3.801433311951753069e+01,0.000000000000000000e+00,0.000000000000000000e+00,0.000000000000000000e+00,1.000000000000000056e-01
-9.754792533094991391e-02,3.288839132766381290e-01,-9.393187818049166804e-01,1.383906283102911630e+02,6.225545387010554821e-01,7.565271974154832435e-01,2.002309814024555434e-01,-1.890316113002398879e+01,7.764729542014607855e-01,-5.652450540770076470e-01,-2.785458314804538649e-01,3.867646173246200192e+01,0.000000000000000000e+00,0.000000000000000000e+00,0.000000000000000000e+00,1.000000000000000056e-01
-9.150539731860773962e-02,3.367374584338261312e-01,-9.371417429338486649e-01,1.382911717716270346e+02,6.266461018619069456e-01,7.508624151002594171e-01,2.086151878725093778e-01,-1.830682214826030929e+01,7.739130605454600520e-01,-5.681668044485994606e-01,-2.797231793038017500e-01,3.937928875821281594e+01,0.000000000000000000e+00,0.000000000000000000e+00,0.000000000000000000e+00,1.000000000000000056e-01
-8.504342409705278882e-02,3.437721615079107895e-01,-9.351942669788072537e-01,1.381921572363174278e+02,6.369978560141789092e-01,7.404870395219130819e-01,2.142724334425972488e-01,-1.772955544727609833e+01,7.661601317291243385e-01,-5.774942815926853434e-01,-2.819556831783323059e-01,4.001650387195785186e+01,0.000000000000000000e+00,0.000000000000000000e+00,0.000000000000000000e+00,1.000000000000000056e-01
-8.070949775186986308e-02,3.487922177208902519e-01,-9.337183546605392070e-01,1.380905797988378652e+02,6.417091069405174153e-01,7.349896549157578507e-01,2.190881768521954209e-01,-1.720222397889718025e+01,7.626895823611627989e-01,-5.814930747860703741e-01,-2.831437884425460627e-01,4.062769389330500758e+01,0.000000000000000000e+00,0.000000000000000000e+00,0.000000000000000000e+00,1.000000000000000056e-01
-8.093962354925388070e-02,3.540146055963708793e-01,-9.317308819418576027e-01,1.380076225293641414e+02,6.478743383731127015e-01,7.290658220491503805e-01,2.207303078360520476e-01,-1.664262909965048109e+01,7.574348942432657106e-01,-5.857787006577166444e-01,-2.883672915544526205e-01,4.124043059886430029e+01,0.000000000000000000e+00,0.000000000000000000e+00,0.000000000000000000e+00,1.000000000000000056e-01
-7.706646127323102391e-02,3.618489102751050179e-01,-9.290458151671212583e-01,1.379369035724936623e+02,6.565748367120349815e-01,7.196593001929856293e-01,2.258317414410712098e-01,-1.611823556987930317e+01,7.503134307363732436e-01,-5.925840512353173217e-01,-2.930424847665480392e-01,4.185117087118081969e+01,0.000000000000000000e+00,0.000000000000000000e+00,0.000000000000000000e+00,1.000000000000000056e-01
-7.297122090265473204e-02,3.694893916033354930e-01,-9.263653655078938343e-01,1.378531012204862236e+02,6.614988997154651607e-01,7.130598901500140308e-01,2.323032473610285309e-01,-1.551477762389149895e+01,7.463875713027419145e-01,-5.958382184384005686e-01,-2.964496767631024099e-01,4.249198159976678824e+01,0.000000000000000000e+00,0.000000000000000000e+00,0.000000000000000000e+00,1.000000000000000056e-01
-6.582325501134067558e-02,3.727908776190078655e-01,-9.255777982772501744e-01,1.377888869741345559e+02,6.656430257171515041e-01,7.074379846874332411e-01,2.375938975131695607e-01,-1.497280337260236038e+01,7.433617298555446062e-01,-6.004652024767405116e-01,-2.947115186088584693e-01,4.307701097771794707e+01,0.000000000000000000e+00,0.000000000000000000e+00,0.000000000000000000e+00,1.000000000000000056e-01
-5.305419189938009872e-02,3.798972541163141980e-01,-9.235059983761817470e-01,1.377129516426945770e+02,6.712584386802487035e-01,6.982632586811874376e-01,2.486775624709311183e-01,-1.438330392279855197e+01,7.393222309808209491e-01,-6.067178074614372196e-01,-2.920550305793889745e-01,4.369360943942896824e+01,0.000000000000000000e+00,0.000000000000000000e+00,0.000000000000000000e+00,1.000000000000000056e-01
-4.418215150643378664e-02,3.875738778805049578e-01,-9.207792496971953788e-01,1.376639302612911990e+02,6.770815286604201511e-01,6.893263496340666929e-01,2.576621571885194251e-01,-1.381264436449693989e+01,7.345805204571731473e-01,-6.120585534773941294e-01,-2.928750349210886839e-01,4.427440187752083034e+01,0.000000000000000000e+00,0.000000000000000000e+00,0.000000000000000000e+00,1.000000000000000056e-01
-4.026135333910008107e-02,3.911876264430023120e-01,-9.194298583063281738e-01,1.375981242791363570e+02,6.806558211305822059e-01,6.843889716169064830e-01,2.613797786558978986e-01,-1.328145015782786764e+01,7.314961904127440517e-01,-6.152917815533077706e-01,-2.938185613003367891e-01,4.484589879273460156e+01,0.000000000000000000e+00,0.000000000000000000e+00,0.000000000000000000e+00,1.000000000000000056e-01
-3.635290299344595688e-02,3.966811857187279022e-01,-9.172363399586460631e-01,1.375527771895605724e+02,6.867629315304909499e-01,6.766855084470826398e-01,2.654305908017371429e-01,-1.274595863044802257e+01,7.259718605563132421e-01,-6.202747452173893450e-01,-2.970254166328321066e-01,4.539478447140241002e+01,0.000000000000000000e+00,0.000000000000000000e+00,0.000000000000000000e+00,1.000000000000000056e-01
-2.588537041326954835e-02,4.053399172744715506e-01,-9.137994851511422878e-01,1.375192360398469873e+02,6.886657442063925938e-01,6.698289758446360764e-01,2.776123842258869656e-01,-1.221424572106232098e+01,7.246167541226352649e-01,-6.221163031000318533e-01,-2.964824869396609497e-01,4.592275770542205038e+01,0.000000000000000000e+00,0.000000000000000000e+00,0.000000000000000000e+00,1.000000000000000056e-01
-1.072356716519884401e-02,4.080422970846429020e-01,-9.129000432123671738e-01,1.374965564972680454e+02,6.926957030760756417e-01,6.614451547902522321e-01,2.875116869701832556e-01,-1.169619956963595619e+01,7.211502395806265175e-01,-6.292787863851661001e-01,-2.897421974073122186e-01,4.645997043370115875e+01,0.000000000000000000e+00,0.000000000000000000e+00,0.000000000000000000e+00,1.000000000000000056e-01
-6.885494490096455422e-04,4.114970619081633196e-01,-9.114108261045652526e-01,1.374507321446715480e+02,6.933429385381379983e-01,6.569661908774560022e-01,2.960928800617570467e-01,-1.115302855004986249e+01,7.206074489477309886e-01,-6.317163857973887575e-01,-2.857609358119626020e-01,4.700605164447528495e+01,0.000000000000000000e+00,0.000000000000000000e+00,0.000000000000000000e+00,1.000000000000000056e-01
6.522169668142230314e-03,4.093352609034612843e-01,-9.123607321032155548e-01,1.374147412248847502e+02,6.955428126870837335e-01,6.536610518950221049e-01,2.982405488105760449e-01,-1.063322230913615662e+01,7.184550487136690533e-01,-6.365311252535799103e-01,-2.804469104148790137e-01,4.756618491003080607e+01,0.000000000000000000e+00,0.000000000000000000e+00,0.000000000000000000e+00,1.000000000000000056e-01
9.629335124811344571e-03,4.135050454450224233e-01,-9.104509065823178648e-01,1.373817014998028867e+02,7.018754796187516298e-01,6.457197736877433591e-01,3.006938392760930556e-01,-1.015872339835802052e+01,7.122345730270343012e-01,-6.419186484751471244e-01,-2.840111999989423097e-01,4.807136270539790246e+01,0.000000000000000000e+00,0.000000000000000000e+00,0.000000000000000000e+00,1.000000000000000056e-01
7.139351180017072807e-03,4.227442217217154408e-01,-9.062209182454518119e-01,1.373241309299357340e+02,6.990439847954599273e-01,6.459100766480484479e-01,3.068186438367085933e-01,-9.779885723689657695e+00,7.150430315624461963e-01,-6.356787678422282095e-01,-2.909054264337012086e-01,4.858491241384516002e+01,0.000000000000000000e+00,0.000000000000000000e+00,0.000000000000000000e+00,1.000000000000000056e-01
1.195349331531392334e-02,4.298446127801213157e-01,-9.028237496108907356e-01,1.373195426154790653e+02,7.007608619357020840e-01,6.404715646237302273e-01,3.142139228098633774e-01,-9.282456078996709437e+00,7.132961014730788696e-01,-6.364195029792365510e-01,-2.935624087838375473e-01,4.908086259862357537e+01,0.000000000000000000e+00,0.000000000000000000e+00,0.000000000000000000e+00,1.000000000000000056e-01
1.691637386476807503e-02,4.278203865784221960e-01,-9.037054570617334415e-01,1.372936288772506259e+02,7.019950471041835893e-01,6.385232821162341033e-01,3.154218953032701389e-01,-8.812854706346685774e+00,7.119808916933531018e-01,-6.397325496044432569e-01,-2.895262938666125496e-01,4.955812770738342010e+01,0.000000000000000000e+00,0.000000000000000000e+00,0.000000000000000000e+00,1.000000000000000056e-01
1.845768247352874702e-02,4.283434278590118049e-01,-9.034274856166918388e-01,1.372749188897934971e+02,7.017874143788495056e-01,6.380423020912384668e-01,3.168539817669356884e-01,-8.345076739193595827e+00,7.121472733761994300e-01,-6.398624293956508557e-01,-2.888292444866698006e-01,5.001788484240667287e+01,0.000000000000000000e+00,0.000000000000000000e+00,0.000000000000000000e+00,1.000000000000000056e-01
2.367773277210316607e-02,4.318880073695070543e-01,-9.016163896365069208e-01,1.372579994375419972e+02,7.006293143125208456e-01,6.361638588206978140e-01,3.231317202880678030e-01,-7.889798585853520230e+00,7.131324764002405781e-01,-6.393498993671272723e-01,-2.875304806146723458e-01,5.047028384911390475e+01,0.000000000000000000e+00,0.000000000000000000e+00,0.000000000000000000e+00,1.000000000000000056e-01
3.365555358244498585e-02,4.383448857243973373e-01,-8.981765221115083353e-01,1.372547823979653288e+02,6.991838507981137374e-01,6.318329469298222811e-01,3.345580218095175473e-01,-7.397261358774511741e+00,7.141493166671664117e-01,-6.392502548558284259e-01,-2.852189775778923853e-01,5.095312662699908657e+01,0.000000000000000000e+00,0.000000000000000000e+00,0.000000000000000000e+00,1.000000000000000056e-01
4.577300232260506085e-02,4.449502232015935532e-01,-8.943847780073334031e-01,1.372693807913312867e+02,6.946183746876024578e-01,6.292686889409451201e-01,3.486061253978442465e-01,-6.904275877848602860e+00,7.179207099706265138e-01,-6.372128498322959800e-01,-2.802670836967404711e-01,5.141656217570118770e+01,0.000000000000000000e+00,0.000000000000000000e+00,0.000000000000000000e+00,1.000000000000000056e-01
5.281964688207141378e-02,4.532808848152025671e-01,-8.898013960229556041e-01,1.372763692403256925e+02,6.878844478122667638e-01,6.294100352012315103e-01,3.614664494057470701e-01,-6.410506095392486614e+00,7.238957600105602186e-01,-6.311730721831625424e-01,-2.785596553516000995e-01,5.188684906637536187e+01,0.000000000000000000e+00,0.000000000000000000e+00,0.000000000000000000e+00,1.000000000000000056e-01
5.566372491222670860e-02,4.547607435765043116e-01,-8.888724406969995551e-01,1.372876535759138221e+02,6.845690469524988719e-01,6.306750912023195710e-01,3.655326925071044064e-01,-5.947856160421275185e+00,7.268196266498611058e-01,-6.288414708324275848e-01,-2.762094040358977765e-01,5.234659644460604255e+01,0.000000000000000000e+00,0.000000000000000000e+00,0.000000000000000000e+00,1.000000000000000056e-01
5.472667164637101678e-02,4.565532206328366538e-01,-8.880113446011232980e-01,1.372988066465507870e+02,6.832021815246620555e-01,6.314491872057813593e-01,3.667515550575087824e-01,-5.492160180387092083e+00,7.281756454114991506e-01,-6.267623797795641716e-01,-2.773610439888858359e-01,5.280316911737201480e+01,0.000000000000000000e+00,0.000000000000000000e+00,0.000000000000000000e+00,1.000000000000000056e-01
5.537736745139665295e-02,4.630441892092633793e-01,-8.846035417144164636e-01,1.373290142545683352e+02,6.819950557165979088e-01,6.295462865194385582e-01,3.722287161245081410e-01,-5.023585549866418809e+00,7.292572187865320466e-01,-6.239082881074117237e-01,-2.809312315827692252e-01,5.326209306122855480e+01,0.000000000000000000e+00,0.000000000000000000e+00,0.000000000000000000e+00,1.000000000000000056e-01
5.795787339445512831e-02,4.675799310131718567e-01,-8.820486908472287002e-01,1.373447944347745704e+02,6.803560045346417340e-01,6.280850446436548884e-01,3.776570981573585395e-01,-4.605077361391757940e+00,7.305864712717113907e-01,-6.219953253913534930e-01,-2.817183401662974873e-01,5.366654946678228555e+01,0.000000000000000000e+00,0.000000000000000000e+00,0.000000000000000000e+00,1.000000000000000056e-01
6.551620938244950842e-02,4.704363935717756351e-01,-8.799984238118477853e-01,1.373831486108055344e+02,6.767667121552070064e-01,6.271152195367670767e-01,3.856336587280517758e-01,-4.179531036997398807e+00,7.332765123926895390e-01,-6.208188955150557575e-01,-2.772894793256319712e-01,5.406177220121039539e+01,0.000000000000000000e+00,0.000000000000000000e+00,0.000000000000000000e+00,1.000000000000000056e-01
7.643198377929127929e-02,4.721475117444027259e-01,-8.781997944711278370e-01,1.374144788563954478e+02,6.737279142932093290e-01,6.248283144452362325e-01,3.945633979091914822e-01,-3.730991534853626668e+00,7.350162238737890652e-01,-6.218249790906554830e-01,-2.703420907317648503e-01,5.451765945675468572e+01,0.000000000000000000e+00,0.000000000000000000e+00,0.000000000000000000e+00,1.000000000000000056e-01
9.076828112622314926e-02,4.712028095080392220e-01,-8.773420264942981550e-01,1.374426945400840623e+02,6.676628579447003720e-01,6.248685613825744056e-01,4.046796129245787133e-01,-3.284575631697420839e+00,7.389096204966518755e-01,-6.225007576761673045e-01,-2.578863692211974534e-01,5.500782256072523779e+01,0.000000000000000000e+00,0.000000000000000000e+00,0.000000000000000000e+00,1.000000000000000056e-01
9.873843771590251617e-02,4.724624807854144737e-01,-8.758024464269981157e-01,1.374814910977358693e+02,6.679022546768977886e-01,6.209493812856339279e-01,4.102784957544142186e-01,-2.857349917940513073e+00,7.376701831543276411e-01,-6.254606863193564736e-01,-2.542471843580191848e-01,5.543924912180943210e+01,0.000000000000000000e+00,0.000000000000000000e+00,0.000000000000000000e+00,1.000000000000000056e-01
1.088705237577087814e-01,4.758254012444727565e-01,-8.727756851489725243e-01,1.375317547814253771e+02,6.679292725086513061e-01,6.152450048112951819e-01,4.187410548069213645e-01,-2.466965219310824686e+00,7.362185110296981527e-01,-6.285409864004779523e-01,-2.508356681812380362e-01,5.583560469488050870e+01,0.000000000000000000e+00,0.000000000000000000e+00,0.000000000000000000e+00,1.000000000000000056e-01
1.190579480890314734e-01,4.801894036454436021e-01,-8.690473759372748797e-01,1.376007302703827690e+02,6.661710717687766570e-01,6.103896052483306356e-01,4.285331176737999792e-01,-2.048130031589601163e+00,7.362345469585555024e-01,-6.299544955244152922e-01,-2.472165557427545846e-01,5.625933048053861540e+01,0.000000000000000000e+00,0.000000000000000000e+00,0.000000000000000000e+00,1.000000000000000056e-01
1.314987106333396216e-01,4.831752893783484715e-01,-8.655921261402036437e-01,1.376834778016504117e+02,6.677180979326676757e-01,6.022147367922903172e-01,4.375956495251900336e-01,-1.589512092895851048e+00,7.327077390030417581e-01,-6.355147917431518412e-01,-2.434344237791949972e-01,5.672086783429978851e+01,0.000000000000000000e+00,0.000000000000000000e+00,0.000000000000000000e+00,1.000000000000000056e-01
1.465335380990721026e-01,4.848345338846059005e-01,-8.622432353837661267e-01,1.377668857416262540e+02,6.675542281976479808e-01,5.947822752444488215e-01,4.478899390145745785e-01,-1.121910109391094146e+00,7.299995031694270775e-01,-6.412250149580361880e-01,-2.364977918807191770e-01,5.717747457078493056e+01,0.000000000000000000e+00,0.000000000000000000e+00,0.000000000000000000e+00,1.000000000000000056e-01
1.578536556393957957e-01,4.886266141407810126e-01,-8.580945491929169444e-01,1.378741780185938808e+02,6.678661149226222671e-01,5.872540641479557788e-01,4.572608847035479207e-01,-6.361190325033670989e-01,7.273493493084611794e-01,-6.452725750371115510e-01,-2.336369576191514863e-01,5.765074136522591175e+01,0.000000000000000000e+00,0.000000000000000000e+00,0.000000000000000000e+00,1.000000000000000056e-01
1.651965693013801584e-01,4.920368245351335323e-01,-8.547571917172952505e-01,1.379635384279939103e+02,6.687749044476042348e-01,5.810940332872975844e-01,4.637562416388583686e-01,-1.747722202868654540e-01,7.248794525106588837e-01,-6.482510993274779310e-01,-2.330671395726229278e-01,5.811009109791520189e+01,0.000000000000000000e+00,0.000000000000000000e+00,0.000000000000000000e+00,1.000000000000000056e-01
1.688368144095346857e-01,5.001659590075147044e-01,-8.493103929366068172e-01,1.380807511901763291e+02,6.715011691895333978e-01,5.723989328782874697e-01,4.705801115823825542e-01,2.979522162446442968e-01,7.215125153988184437e-01,-6.497641688258063430e-01,-2.392200138637632367e-01,5.854329944242712713e+01,0.000000000000000000e+00,0.000000000000000000e+00,0.000000000000000000e+00,1.000000000000000056e-01
1.770985173822396952e-01,5.004854698151750547e-01,-8.474375550121061584e-01,1.381973644044296918e+02,6.766192979403404806e-01,5.633766116845470018e-01,4.741235272179182836e-01,7.475094780831836871e-01,7.147184346270450961e-01,-6.573591772469011829e-01,-2.388649645585221304e-01,5.898493931025684844e+01,0.000000000000000000e+00,0.000000000000000000e+00,0.000000000000000000e+00,1.000000000000000056e-01
1.847471213892655229e-01,4.969266139529172621e-01,-8.478988391805173386e-01,1.382945550456026069e+02,6.778617635868441349e-01,5.602539387414559036e-01,4.760451171807338344e-01,1.146504510594589021e+00,7.115981524746350928e-01,-6.627061675206995517e-01,-2.333422484778815420e-01,5.938175999057845900e+01,0.000000000000000000e+00,0.000000000000000000e+00,0.000000000000000000e+00,1.000000000000000056e-01
2.000858625386187084e-01,5.032230230562767526e-01,-8.406736802578506085e-01,1.384054839518356061e+02,6.766836808141921678e-01,5.495388666556995094e-01,4.900063572592969763e-01,1.575408798641712016e+00,7.085653418929925840e-01,-6.669135049621286448e-01,-2.305678493788658745e-01,5.979511270415084567e+01,0.000000000000000000e+00,0.000000000000000000e+00,0.000000000000000000e+00,1.000000000000000056e-01
2.177844052377304607e-01,5.094026171964549654e-01,-8.325136193652631356e-01,1.385515468207600236e+02,6.720156308361824316e-01,5.403177083069785613e-01,5.064106693206046339e-01,2.028361288661255202e+00,7.077887712779116214e-01,-6.697505115214895666e-01,-2.246537504018291109e-01,6.023634585479005921e+01,0.000000000000000000e+00,0.000000000000000000e+00,0.000000000000000000e+00,1.000000000000000056e-01
2.373623246447416069e-01,5.124841298988013216e-01,-8.252388402402742740e-01,1.386931874530706068e+02,6.658965464182248217e-01,5.326816951858200921e-01,5.223332280089426627e-01,2.491239760268589176e+00,7.072771142257646693e-01,-6.735059229255743185e-01,-2.148228467287527366e-01,6.070782468213485572e+01,0.000000000000000000e+00,0.000000000000000000e+00,0.000000000000000000e+00,1.000000000000000056e-01
2.554844105625013739e-01,5.113497379124696263e-01,-8.205176180292413912e-01,1.388533687079387562e+02,6.617887831396533915e-01,5.262016734146068853e-01,5.339919525668943567e-01,2.971927806080589374e+00,7.048143886656034196e-01,-6.794359752268908093e-01,-2.039691964425411896e-01,6.119347535772131863e+01,0.000000000000000000e+00,0.000000000000000000e+00,0.000000000000000000e+00,1.000000000000000056e-01
2.657418576505626850e-01,5.172234669774791183e-01,-8.135484929002232413e-01,1.390164081574141619e+02,6.577994374866198424e-01,5.196361451784718977e-01,5.452322226962970086e-01,3.433962247219710218e+00,7.047561032972431416e-01,-6.800427647081134230e-01,-2.021402311105604532e-01,6.162971466165249268e+01,0.000000000000000000e+00,0.000000000000000000e+00,0.000000000000000000e+00,1.000000000000000056e-01
2.742266387011198514e-01,5.206991875652847712e-01,-8.084999113763329248e-01,1.391808357669070801e+02,6.567138233914900924e-01,5.127716153030473789e-01,5.529848322567577634e-01,3.868124814192825500e+00,7.025145584208318805e-01,-6.825962398141057763e-01,-2.013347178169424545e-01,6.205116880605347518e+01,0.000000000000000000e+00,0.000000000000000000e+00,0.000000000000000000e+00,1.000000000000000056e-01
2.815204314550422415e-01,5.220484483709070256e-01,-8.051159321656076173e-01,1.393533709255264057e+02,6.567081081169358070e-01,5.069451201681525188e-01,5.583378062348746118e-01,4.297615090512292291e+00,6.996289783927205352e-01,-6.859096607361830911e-01,-2.001180399212736383e-01,6.247011763829478070e+01,0.000000000000000000e+00,0.000000000000000000e+00,0.000000000000000000e+00,1.000000000000000056e-01
2.927514320869429865e-01,5.208075544468881990e-01,-8.019077816320874241e-01,1.395394895309954393e+02,6.564018681407699507e-01,5.003645641636362829e-01,5.645988756902031724e-01,4.719796023337505808e+00,6.952935973474452247e-01,-6.916608953529077564e-01,-1.953766089562996022e-01,6.287279753539795024e+01,0.000000000000000000e+00,0.000000000000000000e+00,0.000000000000000000e+00,1.000000000000000056e-01
3.042752438337482657e-01,5.213133866252745996e-01,-7.972759427671202159e-01,1.397452649059044631e+02,6.504369354918373425e-01,4.977771292558027527e-01,5.737157157842546207e-01,5.142489617431492910e+00,6.959514127709641729e-01,-6.931452102663185899e-01,-1.876202242482423177e-01,6.327226469763628813e+01,0.000000000000000000e+00,0.000000000000000000e+00,0.000000000000000000e+00,1.000000000000000056e-01
3.189063024387072121e-01,5.167302283436612242e-01,-7.945367464005546054e-01,1.399169867171021906e+02,6.454546188837257947e-01,4.954634857712876261e-01,5.812953373535943991e-01,5.551075152027602932e+00,6.940368183508247579e-01,-6.982161594973813612e-01,-1.755194843605440980e-01,6.369972245541075750e+01,0.000000000000000000e+00,0.000000000000000000e+00,0.000000000000000000e+00,1.000000000000000056e-01
3.349837919076038562e-01,5.180405552689152371e-01,-7.870323006432944357e-01,1.401097113361043967e+02,6.388034815274074019e-01,4.891446908474124111e-01,5.938582182678393551e-01,5.950924571071877445e+00,6.926153125275722466e-01,-7.016918515363159692e-01,-1.670705669466356902e-01,6.413858528741864973e+01,0.000000000000000000e+00,0.000000000000000000e+00,0.000000000000000000e+00,1.000000000000000056e-01
3.446841676701644097e-01,5.187900297851557596e-01,-7.823360720004182145e-01,1.403140533578441875e+02,6.352784154006945183e-01,4.846498091356564730e-01,6.012785522790203840e-01,6.357752075310056483e+00,6.910963460209502696e-01,-7.042524174614449572e-01,-1.625249919741649229e-01,6.454596826530372766e+01,0.000000000000000000e+00,0.000000000000000000e+00,0.000000000000000000e+00,1.000000000000000056e-01
3.534873878536802794e-01,5.199183778881494300e-01,-7.776448720094136791e-01,1.405363251364788937e+02,6.318288289028503035e-01,4.803257678241132922e-01,6.083415880337531556e-01,6.777726407057992120e+00,6.898108418948157849e-01,-7.063795276608259011e-01,-1.587103188391800757e-01,6.497794157101553481e+01,0.000000000000000000e+00,0.000000000000000000e+00,0.000000000000000000e+00,1.000000000000000056e-01
3.687481202879917541e-01,5.151930892747441648e-01,-7.736930299205353467e-01,1.407639063835117668e+02,6.265146494865129201e-01,4.771185609517006876e-01,6.163093969542979833e-01,7.204160022923931983e+00,6.866616472199862375e-01,-7.119929490935453797e-01,-1.468394452393888550e-01,6.542325058634239099e+01,0.000000000000000000e+00,0.000000000000000000e+00,0.000000000000000000e+00,1.000000000000000056e-01
3.802314682677649937e-01,5.143133300905314842e-01,-7.687039931144677984e-01,1.409965819782768790e+02,6.181279736122861079e-01,4.769414763094262932e-01,6.248556924712730387e-01,7.648682722035204051e+00,6.879984293418909269e-01,-7.127472389753418680e-01,-1.365632987157185951e-01,6.587807316407017311e+01,0.000000000000000000e+00,0.000000000000000000e+00,0.000000000000000000e+00,1.000000000000000056e-01
3.924115530592112711e-01,5.168106932230578376e-01,-7.608678468669580752e-01,1.412716503259589444e+02,6.122705720532926055e-01,4.705432564015054053e-01,6.353847578063244184e-01,8.106182579723661519e+00,6.863948715012315738e-01,-7.151893114591197920e-01,-1.317813687568869518e-01,6.635661278421700615e+01,0.000000000000000000e+00,0.000000000000000000e+00,0.000000000000000000e+00,1.000000000000000056e-01
4.058714177889024555e-01,5.198433315273101041e-01,-7.516856410020171797e-01,1.415323018871993099e+02,6.007515980323954174e-01,4.680715401218371596e-01,6.480791238648986319e-01,8.551098913267033197e+00,6.887422665145137568e-01,-7.146131428924034079e-01,-1.223198525256306013e-01,6.683421231721059996e+01,0.000000000000000000e+00,0.000000000000000000e+00,0.000000000000000000e+00,1.000000000000000056e-01
4.145808785217672821e-01,5.205207951852953707e-01,-7.464454413711612002e-01,1.417937205693465899e+02,5.945755226872061483e-01,4.660282889132499884e-01,6.552080446345452946e-01,8.984087648345388644e+00,6.889141042142739035e-01,-7.154549152198595996e-01,-1.162825064332060343e-01,6.730354812608649695e+01,0.000000000000000000e+00,0.000000000000000000e+00,0.000000000000000000e+00,1.000000000000000056e-01
4.190731689487350309e-01,5.247053103568638521e-01,-7.409871904092352191e-01,1.420564076875553781e+02,5.888314704464562288e-01,4.641530645643036079e-01,6.616943645425957810e-01,9.389269218631003611e+00,6.911260221400502557e-01,-7.136149311350433733e-01,-1.144489038042668660e-01,6.775014315640576967e+01,0.000000000000000000e+00,0.000000000000000000e+00,0.000000000000000000e+00,1.000000000000000056e-01
4.230589852791772909e-01,5.275669772888158526e-01,-7.366777989385149272e-01,1.423277650639195144e+02,5.846074438161097397e-01,4.622409419942331565e-01,6.667589130855906543e-01,9.811858989442644230e+00,6.922826240845187939e-01,-7.127456741493605197e-01,-1.128643981600347956e-01,6.821336845041454922e+01,0.000000000000000000e+00,0.000000000000000000e+00,0.000000000000000000e+00,1.000000000000000056e-01
4.332178865565744497e-01,5.302870684153722092e-01,-7.287783530257231357e-01,1.425971313071058262e+02,5.781239140552183464e-01,4.568349590437582597e-01,6.760728956207033846e-01,1.019030220515984553e+01,6.914441429102785586e-01,-7.142110649289314939e-01,-1.086625601030661858e-01,6.862217724742207281e+01,0.000000000000000000e+00,0.000000000000000000e+00,0.000000000000000000e+00,1.000000000000000056e-01
4.401188800239155263e-01,5.392940684994803613e-01,-7.179535354936084079e-01,1.428648685569161501e+02,5.681391590800038971e-01,4.519187809683518076e-01,6.877407297288309351e-01,1.055339013564237050e+01,6.953511827604526019e-01,-7.105851976289379035e-01,-1.074960908325646169e-01,6.902613132740354729e+01,0.000000000000000000e+00,0.000000000000000000e+00,0.000000000000000000e+00,1.000000000000000056e-01
4.530965956375281323e-01,5.416189157793480646e-01,-7.080624443449081706e-01,1.431026239126691166e+02,5.573416432102109574e-01,4.477928575495478958e-01,6.991794115041951585e-01,1.089470136148264245e+01,6.957541000708689083e-01,-7.114284973190307948e-01,-9.897335720769406819e-02,6.942011466000877817e+01,0.000000000000000000e+00,0.000000000000000000e+00,0.000000000000000000e+00,1.000000000000000056e-01
4.656273809075083259e-01,5.437588905741327361e-01,-6.982244704038972349e-01,1.433705059955322270e+02,5.430478781514592734e-01,4.474129511027977735e-01,7.105776897853488538e-01,1.124059443105184286e+01,6.987776071000072475e-01,-7.100337457523226981e-01,-8.695939114617967647e-02,6.981380353039384090e+01,0.000000000000000000e+00,0.000000000000000000e+00,0.000000000000000000e+00,1.000000000000000056e-01
4.777842185852445578e-01,5.488566237973921957e-01,-6.859144603991195188e-01,1.436537464716596730e+02,5.267845842616265539e-01,4.458365448085307436e-01,7.236903875950658760e-01,1.160561818684758428e+01,7.030079958686051844e-01,-7.070970101951493669e-01,-7.611554320825986153e-02,7.020934731305072773e+01,0.000000000000000000e+00,0.000000000000000000e+00,0.000000000000000000e+00,1.000000000000000056e-01
4.857058804519392980e-01,5.536823698123587434e-01,-6.764064096779218715e-01,1.439467030020247194e+02,5.137092848285889080e-01,4.452794289161553509e-01,7.333682573339277422e-01,1.196151096008734882e+01,7.072429344824209263e-01,-7.036775280929985499e-01,-6.815693714964710104e-02,7.066152883694842046e+01,0.000000000000000000e+00,0.000000000000000000e+00,0.000000000000000000e+00,1.000000000000000056e-01
4.972427165577439911e-01,5.548069556727321938e-01,-6.670374223140934644e-01,1.442576966769704256e+02,5.022270002562787550e-01,4.428558283851267152e-01,7.427292612243732162e-01,1.230135108925813903e+01,7.074727705317392923e-01,-7.043209191856212303e-01,-5.843219791918397021e-02,7.109260479806820854e+01,0.000000000000000000e+00,0.000000000000000000e+00,0.000000000000000000e+00,1.000000000000000056e-01
5.106817340475170441e-01,5.508574168772149005e-01,-6.601214076074063408e-01,1.445466522246310319e+02,4.938305226671766968e-01,4.405726311437804243e-01,7.496847147763582297e-01,1.261913399605303532e+01,7.038008108779673089e-01,-7.088383898734668120e-01,-4.703781084518299238e-02,7.149054379524419289e+01,0.000000000000000000e+00,0.000000000000000000e+00,0.000000000000000000e+00,1.000000000000000056e-01
5.203033575557352020e-01,5.508180858137035063e-01,-6.525977723351165105e-01,1.448114019358544340e+02,4.849476426424521591e-01,4.384407638077952862e-01,7.567003901988988979e-01,1.290237756148443005e+01,7.029297262257142576e-01,-7.101895049718525144e-01,-3.899573074168660725e-02,7.186799838361882564e+01,0.000000000000000000e+00,0.000000000000000000e+00,0.000000000000000000e+00,1.000000000000000056e-01
5.346695952606883573e-01,5.454781664644420269e-01,-6.454316337261152281e-01,1.450648873102449272e+02,4.798496006464173513e-01,4.327233630273806808e-01,7.632135034508676918e-01,1.316469267544784039e+01,6.956096496335035795e-01,-7.177771666756084246e-01,-3.038345496960870307e-02,7.220474913144478535e+01,0.000000000000000000e+00,0.000000000000000000e+00,0.000000000000000000e+00,1.000000000000000056e-01
5.478264419256952955e-01,5.445806814066634916e-01,-6.350732799966370967e-01,1.453152126430756539e+02,4.764504698953578865e-01,4.208892230620625563e-01,7.719114014229263576e-01,1.339636159225989154e+01,6.876635363777300336e-01,-7.254544391957827854e-01,-2.889147603717900914e-02,7.251822125759950666e+01,0.000000000000000000e+00,0.000000000000000000e+00,0.000000000000000000e+00,1.000000000000000056e-01
5.642296666062526223e-01,5.359466901332590183e-01,-6.280175384944290951e-01,1.455574441609237795e+02,4.713661747685700121e-01,4.153949722976518766e-01,7.779851838395633878e-01,1.362428279417867927e+01,6.778339122568619590e-01,-7.349885457100931996e-01,-1.824897447857276589e-02,7.283945081803933874e+01,0.000000000000000000e+00,0.000000000000000000e+00,0.000000000000000000e+00,1.000000000000000056e-01
5.835988799116627046e-01,5.256241708401448998e-01,-6.189762341111837429e-01,1.458263139712558427e+02,4.668248962378000466e-01,4.065366294886848531e-01,7.853677387928199582e-01,1.386527126545864874e+01,6.644447784567353299e-01,-7.472932489408625756e-01,-8.120127399871224227e-03,7.314566691336401050e+01,0.000000000000000000e+00,0.000000000000000000e+00,0.000000000000000000e+00,1.000000000000000056e-01
6.068722475619419132e-01,5.134481206681584808e-01,-6.066935820671366386e-01,1.461394210188989859e+02,4.650678435636519947e-01,3.896081446391167491e-01,7.949323207128513591e-01,1.413087253854054026e+01,6.445292670020281722e-01,-7.645760400465091422e-01,-2.345839855371290028e-03,7.345907660778115655e+01,0.000000000000000000e+00,0.000000000000000000e+00,0.000000000000000000e+00,1.000000000000000056e-01
6.294274668377164428e-01,5.023794724434239578e-01,-5.928203181890129292e-01,1.464081070397664064e+02,4.570176800074549073e-01,3.776727758498978904e-01,8.052938063479914144e-01,1.435370664790009165e+01,6.284551727457249326e-01,-7.778034070697427138e-01,8.121317617307166614e-03,7.374834299903037049e+01,0.000000000000000000e+00,0.000000000000000000e+00,0.000000000000000000e+00,1.000000000000000056e-01
6.542351422567294073e-01,4.816857968266506917e-01,-5.830567483288325858e-01,1.467341821458232403e+02,4.579994325420617685e-01,3.611610679056338480e-01,8.122802489414669980e-01,1.460795600415748474e+01,6.018412568339482904e-01,-7.984619440929773271e-01,1.567244102865772426e-02,7.403845020886623729e+01,0.000000000000000000e+00,0.000000000000000000e+00,0.000000000000000000e+00,1.000000000000000056e-01
6.768053713040244057e-01,4.604779688421671291e-01,-5.743644571045583014e-01,1.470541418444140618e+02,4.600731138297090017e-01,3.445014415183067502e-01,8.183223611284519139e-01,1.486405178489521539e+01,5.746888021399558788e-01,-8.180946137231323023e-01,2.130689306637367775e-02,7.431902207757475765e+01,0.000000000000000000e+00,0.000000000000000000e+00,0.000000000000000000e+00,1.000000000000000056e-01
7.024982191226940564e-01,4.357602721738929041e-01,-5.626804042477202561e-01,1.473808530115927908e+02,4.608203838962154908e-01,3.239937238484106308e-01,8.262400623865827631e-01,1.508739909818700475e+01,5.423475139752995666e-01,-8.397267722907103549e-01,2.679779810054572220e-02,7.454318977809489866e+01,0.000000000000000000e+00,0.000000000000000000e+00,0.000000000000000000e+00,1.000000000000000056e-01
7.269567468556978884e-01,4.054356425712757339e-01,-5.542164089358935231e-01,1.477237369735821346e+02,4.645781763072965864e-01,3.039504117612095158e-01,8.317338909105349565e-01,1.533419764556565745e+01,5.056688702105037736e-01,-8.621114121289707999e-01,3.260225110363856871e-02,7.476435641977758451e+01,0.000000000000000000e+00,0.000000000000000000e+00,0.000000000000000000e+00,1.000000000000000056e-01
7.502182490436706264e-01,3.780157255365919067e-01,-5.424727551212992216e-01,1.480461134198168338e+02,4.659846236580529322e-01,2.797741082191361750e-01,8.393954841935058475e-01,1.553982688438022741e+01,4.690745242667863080e-01,-8.825137730467618180e-01,3.374212599492021347e-02,7.493104549658583835e+01,0.000000000000000000e+00,0.000000000000000000e+00,0.000000000000000000e+00,1.000000000000000056e-01
7.751133289842011553e-01,3.470778195083250028e-01,-5.279548412851009509e-01,1.483944101827505051e+02,4.654733124119956877e-01,2.513520656977940027e-01,8.486204890890016728e-01,1.576923801733067521e+01,4.272398888952602114e-01,-9.035259411189024981e-01,3.327087407879991687e-02,7.510316901130943279e+01,0.000000000000000000e+00,0.000000000000000000e+00,0.000000000000000000e+00,1.000000000000000056e-01
7.970939415083664326e-01,3.183080933073614283e-01,-5.131483276263200111e-01,1.487523582781269624e+02,4.631544277840276003e-01,2.229996411695707170e-01,8.577640328565268035e-01,1.599882262503061803e+01,3.874651267336286509e-01,-9.213854338838198821e-01,3.032586012000870745e-02,7.517626981326218072e+01,0.000000000000000000e+00,0.000000000000000000e+00,0.000000000000000000e+00,1.000000000000000056e-01
8.203346973240175366e-01,2.826322700997765391e-01,-4.971619296210839645e-01,1.491261510269713142e+02,4.589709018887415670e-01,1.932503872181132731e-01,8.671793350048677684e-01,1.622173901347358083e+01,3.411695994454192471e-01,-9.395601565297968527e-01,2.881000999576333044e-02,7.528074899882271609e+01,0.000000000000000000e+00,0.000000000000000000e+00,0.000000000000000000e+00,1.000000000000000056e-01
8.418681343452849575e-01,2.409269501260440927e-01,-4.829205411627796041e-01,1.494730960156617527e+02,4.543048253533225611e-01,1.666444765482645307e-01,8.751209882619901403e-01,1.642827022368180323e+01,2.913162714897270522e-01,-9.561296058270123410e-01,3.083839857071291046e-02,7.533689217483605205e+01,0.000000000000000000e+00,0.000000000000000000e+00,0.000000000000000000e+00,1.000000000000000056e-01
8.616950755456325162e-01,1.984223701823710773e-01,-4.670226544736525431e-01,1.498365550612850541e+02,4.468402613213540153e-01,1.394050556650038297e-01,8.836854708080819076e-01,1.662618372370653574e+01,2.404482847571814685e-01,-9.701519434945473641e-01,3.146154622840546811e-02,7.539897037768974997e+01,0.000000000000000000e+00,0.000000000000000000e+00,0.000000000000000000e+00,1.000000000000000056e-01
8.810859423721486561e-01,1.506286505169912027e-01,-4.483286426245961520e-01,1.502196079088696195e+02,4.349789831831959996e-01,1.140931456448938119e-01,8.931830933833029285e-01,1.682801097573274518e+01,1.856901891406642358e-01,-9.819846046452476163e-01,3.500556950859623484e-02,7.544694467334409183e+01,0.000000000000000000e+00,0.000000000000000000e+00,0.000000000000000000e+00,1.000000000000000056e-01
8.982743709645376606e-01,1.030989028617369518e-01,-4.271694870855949899e-01,1.505887668610647836e+02,4.191457307838835078e-01,9.094812130020846208e-02,9.033522544376622054e-01,1.700754554841450172e+01,1.319848886574081226e-01,-9.905044449474564860e-01,3.848290146835187109e-02,7.547682196884539962e+01,0.000000000000000000e+00,0.000000000000000000e+00,0.000000000000000000e+00,1.000000000000000056e-01
9.122026715070412628e-01,5.283213606361961134e-02,-4.063189036881895699e-01,1.509888059661241471e+02,4.026148542333984892e-01,6.854443915466279513e-02,9.127995064698446459e-01,1.721141423000657866e+01,7.607604909586410113e-02,-9.962481745327957938e-01,4.125541775374197417e-02,7.543670768880728872e+01,0.000000000000000000e+00,0.000000000000000000e+00,0.000000000000000000e+00,1.000000000000000056e-01
9.211958338181346351e-01,3.072575686523887351e-03,-3.890871303895341304e-01,1.513689290136850047e+02,3.884776964151968048e-01,4.923633520358272619e-02,9.201417622756088432e-01,1.737962561292767205e+01,2.198442958218257970e-02,-9.987824300488928886e-01,4.416267973725140905e-02,7.540627062926616020e+01,0.000000000000000000e+00,0.000000000000000000e+00,0.000000000000000000e+00,1.000000000000000056e-01
9.270107296797368557e-01,-4.281701914444646651e-02,-3.725826216159657811e-01,1.517340668359827305e+02,3.741074023770341594e-01,3.575069861094848367e-02,9.266960337864499353e-01,1.755902266556925539e+01,-2.635827280664751471e-02,-9.984430832152694224e-01,4.915944501555236101e-02,7.532600069677292254e+01,0.000000000000000000e+00,0.000000000000000000e+00,0.000000000000000000e+00,1.000000000000000056e-01
9.286571643260060904e-01,-9.635314575620626543e-02,-3.582065639388319900e-01,1.521047908050589967e+02,3.619673386555486427e-01,2.428616957160434353e-02,9.318743626230731047e-01,1.771006806205402739e+01,-8.108956093481253791e-02,-9.950508797395350991e-01,5.743021710717077788e-02,7.525964970650497321e+01,0.000000000000000000e+00,0.000000000000000000e+00,0.000000000000000000e+00,1.000000000000000056e-01
9.267224010299648373e-01,-1.518826106522448427e-01,-3.436819227290194845e-01,1.524542923732441295e+02,3.499288368307522656e-01,1.566221724175498320e-02,9.366453459583031771e-01,1.786452258989057995e+01,-1.368773194635760082e-01,-9.882744393803429839e-01,6.766263284809015399e-02,7.517336971829075765e+01,0.000000000000000000e+00,0.000000000000000000e+00,0.000000000000000000e+00,1.000000000000000056e-01
9.209657693424548874e-01,-2.045455407925237112e-01,-3.316371110737671435e-01,1.527982686830430339e+02,3.410379753524611646e-01,1.150024725417719829e-02,9.399791719397759815e-01,1.800306829914771356e+01,-1.884546392821206950e-01,-9.787894901637362866e-01,8.034913115932829086e-02,7.506459157084852052e+01,0.000000000000000000e+00,0.000000000000000000e+00,0.000000000000000000e+00,1.000000000000000056e-01
9.108000083673282177e-01,-2.577579812876112930e-01,-3.224967718297508390e-01,1.531574028035979609e+02,3.355230775487335615e-01,6.985231690883830780e-03,9.420060886058281291e-01,1.814036816854886780e+01,-2.405568730888840157e-01,-9.661842627681120899e-01,9.284590022687289057e-02,7.490148638249138457e+01,0.000000000000000000e+00,0.000000000000000000e+00,0.000000000000000000e+00,1.000000000000000056e-01
8.978002577081736213e-01,-3.106689009883540908e-01,-3.121530573578051859e-01,1.534966615312842748e+02,3.285809556839366374e-01,5.765300125190053748e-04,9.444756339763220598e-01,1.826152094723200747e+01,-2.932392416116366141e-01,-9.505180174893230749e-01,1.025974931818477431e-01,7.475073438066517895e+01,0.000000000000000000e+00,0.000000000000000000e+00,0.000000000000000000e+00,1.000000000000000056e-01
8.847120688327375637e-01,-3.558917516178809470e-01,-3.010408882395444463e-01,1.538763166476122137e+02,3.202451265208480780e-01,-5.219078986913316953e-03,9.473203366096256683e-01,1.840064684844539045e+01,-3.387146501132529686e-01,-9.345126121914486550e-01,1.093552168566809257e-01,7.457399384065308823e+01,0.000000000000000000e+00,0.000000000000000000e+00,0.000000000000000000e+00,1.000000000000000056e-01
8.695998388331944717e-01,-4.001120155322354099e-01,-2.893207481810015080e-01,1.542132583268537189e+02,3.107460914642324878e-01,-1.187448060613327527e-02,9.504187831424828481e-01,1.853186946157055104e+01,-3.837095085360605617e-01,-9.163893123214974512e-01,1.140071985531969645e-01,7.435634611707524755e+01,0.000000000000000000e+00,0.000000000000000000e+00,0.000000000000000000e+00,1.000000000000000056e-01
8.557281863697809854e-01,-4.384997440416264491e-01,-2.746766199146069565e-01,1.545940911782752210e+02,3.001643179295761521e-01,-1.170310698384580128e-02,9.538157157065495495e-01,1.867454011411906123e+01,-4.214625170690244338e-01,-8.986551128004297562e-01,1.216072980683705618e-01,7.412889338029789599e+01,0.000000000000000000e+00,0.000000000000000000e+00,0.000000000000000000e+00,1.000000000000000056e-01
8.417523295974893571e-01,-4.734278433543095965e-01,-2.594592313911514014e-01,1.549520619309201379e+02,2.899349201194913461e-01,-8.977491328213460520e-03,9.570042563880037934e-01,1.880990099534468030e+01,-4.554017541825063353e-01,-8.807868537769732997e-01,1.297064397058099727e-01,7.389024960941296172e+01,0.000000000000000000e+00,0.000000000000000000e+00,0.000000000000000000e+00,1.000000000000000056e-01
8.275631913926984051e-01,-5.048757466035453945e-01,-2.454376595867976407e-01,1.553229442211591333e+02,2.805479386276242826e-01,-6.742109592534628604e-03,9.598163356028240889e-01,1.895126682535704532e+01,-4.862427566388243250e-01,-8.631656993009829693e-01,1.360623282415900359e-01,7.361602597281608951e+01,0.000000000000000000e+00,0.000000000000000000e+00,0.000000000000000000e+00,1.000000000000000056e-01
8.100180849100542257e-01,-5.327560072547533609e-01,-2.450341585424803126e-01,1.557152675902743226e+02,2.800795404210476569e-01,-1.562898814293101069e-02,9.598495641334442441e-01,1.909593902993082182e+01,-5.151952573114225720e-01,-8.461245602531587418e-01,1.365542946238447186e-01,7.335088406996690935e+01,0.000000000000000000e+00,0.000000000000000000e+00,0.000000000000000000e+00,1.000000000000000056e-01
7.937530079365893165e-01,-5.573654269167376274e-01,-2.435157967556516034e-01,1.560868238286552980e+02,2.800284695430285131e-01,-2.053626940083841390e-02,9.597720134930408653e-01,1.923047161986010778e+01,-5.399446440488192556e-01,-8.300132785184942685e-01,1.397774618669789248e-01,7.304131418258901931e+01,0.000000000000000000e+00,0.000000000000000000e+00,0.000000000000000000e+00,1.000000000000000056e-01
7.799802455953926961e-01,-5.763049234430513978e-01,-2.439332935379048828e-01,1.564691719813571922e+02,2.807438065551722817e-01,-2.613465452481822382e-02,9.594268575111812858e-01,1.937671711772285477e+01,-5.592975340209027646e-01,-8.168167573257587577e-01,1.414095236890708929e-01,7.272452248704571787e+01,0.000000000000000000e+00,0.000000000000000000e+00,0.000000000000000000e+00,1.000000000000000056e-01
7.647330842448382127e-01,-5.972236561963359947e-01,-2.418826458034099569e-01,1.568336411658499401e+02,2.783568635659720014e-01,-3.235362010647224729e-02,9.599326537688575023e-01,1.950902618789023180e+01,-5.811202684187604106e-01,-8.014219536208671002e-01,1.414994200957061521e-01,7.241324021254325771e+01,0.000000000000000000e+00,0.000000000000000000e+00,0.000000000000000000e+00,1.000000000000000056e-01
7.559275590472965822e-01,-6.079643518644189948e-01,-2.428021258862305132e-01,1.571949442706710443e+02,2.779599450030428853e-01,-3.772657247824806603e-02,9.598515378447590729e-01,1.964690227687924562e+01,-5.927156100919743764e-01,-7.930674956087410132e-01,1.404711819633415182e-01,7.209963207197773727e+01,0.000000000000000000e+00,0.000000000000000000e+00,0.000000000000000000e+00,1.000000000000000056e-01
7.466585441273692059e-01,-6.201728939938682128e-01,-2.405963425259573241e-01,1.575821058798791512e+02,2.752242906771980024e-01,-4.126713949611748866e-02,9.604939422084043388e-01,1.979660807726396854e+01,-6.056010306322394676e-01,-7.833789662437194989e-01,1.398741825502152203e-01,7.177080939820838523e+01,0.000000000000000000e+00,0.000000000000000000e+00,0.000000000000000000e+00,1.000000000000000056e-01
7.405076186617737255e-01,-6.270423084469747277e-01,-2.417982839503997339e-01,1.579601165499892943e+02,2.767334423067240867e-01,-4.337070912756835206e-02,9.599674908552078278e-01,1.995094437645184016e+01,-6.124271945406574158e-01,-7.777769121073607739e-01,1.414072359527577261e-01,7.144021873351906038e+01,0.000000000000000000e+00,0.000000000000000000e+00,0.000000000000000000e+00,1.000000000000000056e-01
7.351428758399105590e-01,-6.338002509100901793e-01,-2.405456173953968990e-01,1.583772100622168466e+02,2.766089463196495513e-01,-4.350897974740286500e-02,9.599971143171595056e-01,2.010548581124870537e+01,-6.189123063227609522e-01,-7.722721091866824317e-01,1.433295030850032514e-01,7.109667327319601782e+01,0.000000000000000000e+00,0.000000000000000000e+00,0.000000000000000000e+00,1.000000000000000056e-01
7.334451831073127703e-01,-6.364676562795532622e-01,-2.386777867475166903e-01,1.587787678424386399e+02,2.758502073844792402e-01,-4.222487136995467516e-02,9.602727338229130050e-01,2.026245182737569550e+01,-6.212606751297077290e-01,-7.701467280640773572e-01,1.446001064646089684e-01,7.074435036336389260e+01,0.000000000000000000e+00,0.000000000000000000e+00,0.000000000000000000e+00,1.000000000000000056e-01
7.306942810290621981e-01,-6.406528109208292632e-01,-2.359021906016605108e-01,1.592185635049875145e+02,2.750716046534363857e-01,-3.997882622250270579e-02,9.605921641192242122e-01,2.044112905225655652e+01,-6.248371627750749502e-01,-7.667891948333070973e-01,1.470130970426896111e-01,7.035127746934728066e+01,0.000000000000000000e+00,0.000000000000000000e+00,0.000000000000000000e+00,1.000000000000000056e-01
7.312372042168404640e-01,-6.412212908803691658e-01,-2.326529761057265222e-01,1.596908051402666331e+02,2.729762266245389091e-01,-3.748572855828968819e-02,9.612901746362971789e-01,2.062398073006632870e+01,-6.251208930014794385e-01,-7.664398712724744822e-01,1.476272090668440118e-01,6.993237873855939313e+01,0.000000000000000000e+00,0.000000000000000000e+00,0.000000000000000000e+00,1.000000000000000056e-01
7.299219415490678653e-01,-6.427930568885362739e-01,-2.324457899406440764e-01,1.601787287261051631e+02,2.740587773591276477e-01,-3.631829823935284196e-02,9.610269339437981229e-01,2.082449553312928003e+01,-6.261834761454978526e-01,-7.651784544986143244e-01,1.496535565011819502e-01,6.948275568764748300e+01,0.000000000000000000e+00,0.000000000000000000e+00,0.000000000000000000e+00,1.000000000000000056e-01
7.271275677674318150e-01,-6.466106570096887829e-01,-2.306082358332358917e-01,1.607197000874640480e+02,2.745717988334253623e-01,-3.395880699316178308e-02,9.609667667057889551e-01,2.104033652431399659e+01,-6.292025329558009750e-01,-7.620639459186479003e-01,1.528486665067917416e-01,6.900239884322517980e+01,0.000000000000000000e+00,0.000000000000000000e+00,0.000000000000000000e+00,1.000000000000000056e-01
7.236466853990417558e-01,-6.511724757539973929e-01,-2.287135359601399631e-01,1.612311785049895434e+02,2.758178644757851017e-01,-3.091849787467437771e-02,9.607125231437300128e-01,2.122907040282911240e+01,-6.326610311588646285e-01,-7.582997120595419416e-01,1.572309331633519047e-01,6.854562460395172252e+01,0.000000000000000000e+00,0.000000000000000000e+00,0.000000000000000000e+00,1.000000000000000056e-01
7.225306268654527742e-01,-6.527383105472319702e-01,-2.277766256343289053e-01,1.617197824415914909e+02,2.765747461655443384e-01,-2.904363394445019786e-02,9.605534223096421353e-01,2.144033035264974529e+01,-6.336054790047831453e-01,-7.570265287764004203e-01,1.595460175117925372e-01,6.810759920007899382e+01,0.000000000000000000e+00,0.000000000000000000e+00,0.000000000000000000e+00,1.000000000000000056e-01
7.188471277737941145e-01,-6.571659225878347943e-01,-2.266975012668787648e-01,1.622499744431762849e+02,2.772213364665631619e-01,-2.805938838444532735e-02,9.603962730723103469e-01,2.163997491166258058e+01,-6.375006960773135223e-01,-7.532234866975213716e-01,1.620100045928336563e-01,6.763887642600806771e+01,0.000000000000000000e+00,0.000000000000000000e+00,0.000000000000000000e+00,1.000000000000000056e-01
7.160883303624969720e-01,-6.604754167470250348e-01,-2.258090498440996907e-01,1.627675806351389554e+02,2.770002204493524633e-01,-2.804651794986723345e-02,9.604604472345014132e-01,2.185457322856910878e+01,-6.406936717259361647e-01,-7.503236746256457534e-01,1.628680518291014678e-01,6.714429529267798102e+01,0.000000000000000000e+00,0.000000000000000000e+00,0.000000000000000000e+00,1.000000000000000056e-01
7.115475878685240119e-01,-6.660181534051411445e-01,-2.238746290522690141e-01,1.632970308287624448e+02,2.764557048393534444e-01,-2.755129802080324986e-02,9.606316511749679599e-01,2.207089802962778791e+01,-6.459661550423996257e-01,-7.454265525939995918e-01,1.645204583860735426e-01,6.662533425420969024e+01,0.000000000000000000e+00,0.000000000000000000e+00,0.000000000000000000e+00,1.000000000000000056e-01
7.108244769534974861e-01,-6.671286520618746607e-01,-2.228630174835945221e-01,1.638715002739466513e+02,2.752956359766388084e-01,-2.769437262753027262e-02,9.609606311066991591e-01,2.231699780752885687e+01,-6.472564219658270002e-01,-7.444275541131413210e-01,1.639717686100919947e-01,6.609317942925609657e+01,0.000000000000000000e+00,0.000000000000000000e+00,0.000000000000000000e+00,1.000000000000000056e-01
7.103821091936660670e-01,-6.681413063235872585e-01,-2.212339343811630943e-01,1.644529392506995862e+02,2.758624283267542832e-01,-2.486083228978941406e-02,9.608755692885138089e-01,2.256241209128307190e+01,-6.475007178183084244e-01,-7.436189439505085375e-01,1.666543927495038879e-01,6.554005717193176395e+01,0.000000000000000000e+00,0.000000000000000000e+00,0.000000000000000000e+00,1.000000000000000056e-01
7.095671460426085098e-01,-6.702348832967782721e-01,-2.174848649196111927e-01,1.650640313547082201e+02,2.729126750479263785e-01,-2.315368521908944821e-02,9.617601461169831278e-01,2.281123048064990044e+01,-6.496407753944732910e-01,-7.417877783253978841e-01,1.664865005696802847e-01,6.498244285181360169e+01,0.000000000000000000e+00,0.000000000000000000e+00,0.000000000000000000e+00,1.000000000000000056e-01
7.099088079296058673e-01,-6.699913755596380582e-01,-2.171198772560221091e-01,1.656482594160850965e+02,2.719274581887249354e-01,-2.362958240875201454e-02,9.620275985221045101e-01,2.305362983592383586e+01,-6.496806460923592041e-01,-7.419927220066866447e-01,1.654142030846281752e-01,6.442006137583618397e+01,0.000000000000000000e+00,0.000000000000000000e+00,0.000000000000000000e+00,1.000000000000000056e-01
7.030313957632783328e-01,-6.789105938691162301e-01,-2.117244957566804808e-01,1.662324013856147076e+02,2.700890830417280730e-01,-2.051586585274689511e-02,9.626167391386826200e-01,2.329443524083943728e+01,-6.578744133896796686e-01,-7.339342646181576946e-01,1.689430419596757993e-01,6.385043774348610413e+01,0.000000000000000000e+00,0.000000000000000000e+00,0.000000000000000000e+00,1.000000000000000056e-01
7.017746605757569922e-01,-6.822248565696693579e-01,-2.051379312859404058e-01,1.668576103957499583e+02,2.636395903031426013e-01,-1.880205818700519949e-02,9.644379964687850304e-01,2.355245531420841232e+01,-6.618205891316560896e-01,-7.309006277781042726e-01,1.666666736783365410e-01,6.324199071482888712e+01,0.000000000000000000e+00,0.000000000000000000e+00,0.000000000000000000e+00,1.000000000000000056e-01
6.992779989049842104e-01,-6.853219586553765952e-01,-2.033324696948307087e-01,1.674841036533792362e+02,2.647670148121551437e-01,-1.591016674706891010e-02,9.641811523056964539e-01,2.379168262301456238e+01,-6.640095692946759165e-01,-7.280663977817125598e-01,1.703250196132682914e-01,6.266616890407065910e+01,0.000000000000000000e+00,0.000000000000000000e+00,0.000000000000000000e+00,1.000000000000000056e-01
6.971419585671119190e-01,-6.891364712610906773e-01,-1.976967718072885349e-01,1.680830509391124963e+02,2.626633834893469244e-01,-1.107027342998923025e-02,9.648240233431759627e-01,2.403830290960191007e+01,-6.670839801547774339e-01,-7.245470122938864055e-01,1.732933651264910724e-01,6.208245593838916676e+01,0.000000000000000000e+00,0.000000000000000000e+00,0.000000000000000000e+00,1.000000000000000056e-01
6.933771978212925902e-01,-6.929567970359052920e-01,-1.975827395883334170e-01,1.687293694802019104e+02,2.638357230520994579e-01,-1.101340932790528804e-02,9.645047517024225581e-01,2.430196496644067850e+01,-6.705361830528371314e-01,-7.208949869826499768e-01,1.751903106915930763e-01,6.146019228036548299e+01,0.000000000000000000e+00,0.000000000000000000e+00,0.000000000000000000e+00,1.000000000000000056e-01
6.891555589564011264e-01,-6.972591377023192871e-01,-1.972164051241898641e-01,1.693718647394182995e+02,2.656311016587358242e-01,-1.012495838943849868e-02,9.640215781035084142e-01,2.455158962272220080e+01,-6.741696621704782455e-01,-7.167476404622694641e-01,1.782360415312034263e-01,6.082506109329637667e+01,0.000000000000000000e+00,0.000000000000000000e+00,0.000000000000000000e+00,1.000000000000000056e-01
6.838315807496120335e-01,-7.031674434110144478e-01,-1.947560414885879665e-01,1.699878647104946197e+02,2.653199044608252066e-01,-9.007450379329151602e-03,9.641183610607998444e-01,2.480669072901746119e+01,-6.796908984725229530e-01,-7.109672371948526637e-01,1.804047398743526820e-01,6.020741448237883020e+01,0.000000000000000000e+00,0.000000000000000000e+00,0.000000000000000000e+00,1.000000000000000056e-01
6.798372878353091675e-01,-7.078603898101201164e-01,-1.917157547167054055e-01,1.706126639408687709e+02,2.637292828122906330e-01,-7.952283618664957032e-03,9.645639567040453777e-01,2.506025543002227352e+01,-6.843011964449908779e-01,-7.063076027646264521e-01,1.812772540084410799e-01,5.956825210799639336e+01,0.000000000000000000e+00,0.000000000000000000e+00,0.000000000000000000e+00,1.000000000000000056e-01
6.771149622127299317e-01,-7.121436766826525488e-01,-1.853826089701158253e-01,1.712241972742496046e+02,2.591767142352713882e-01,-4.989512470193524507e-03,9.658170300649694395e-01,2.531781280585670757e+01,-6.887254596324008382e-01,-7.020160172860895331e-01,1.811925846383204419e-01,5.894820150056705188e+01,0.000000000000000000e+00,0.000000000000000000e+00,0.000000000000000000e+00,1.000000000000000056e-01
6.753558678679912886e-01,-7.148621510764607834e-01,-1.812913585767612634e-01,1.718185187857952769e+02,2.571132023634511432e-01,-2.172760938307094492e-03,9.663788492513256667e-01,2.556567504081593611e+01,-6.912215657129654467e-01,-6.992620281898915824e-01,1.823331100625339429e-01,5.833656607145903905e+01,0.000000000000000000e+00,0.000000000000000000e+00,0.000000000000000000e+00,1.000000000000000056e-01
6.720126215895909638e-01,-7.186383215282033943e-01,-1.787680040035462548e-01,1.723981871912934309e+02,2.563690765168430419e-01,-7.098015363622423024e-04,9.665787049111315143e-01,2.579941850148447813e+01,-6.947473879261343299e-01,-6.953836775571494710e-01,1.837596472485404364e-01,5.773763949158931297e+01,0.000000000000000000e+00,0.000000000000000000e+00,0.000000000000000000e+00,1.000000000000000056e-01
6.653919713358614763e-01,-7.245193874442158455e-01,-1.797920512682200656e-01,1.729615275137369110e+02,2.593876654062067244e-01,-1.440536856915919373e-03,9.657722111806084087e-01,2.603612840759066316e+01,-6.999796879316526610e-01,-6.892529158959155300e-01,1.869728707916848975e-01,5.713394327490376412e+01,0.000000000000000000e+00,0.000000000000000000e+00,0.000000000000000000e+00,1.000000000000000056e-01
6.613953096524611830e-01,-7.284914759822831432e-01,-1.784836513266123137e-01,1.735434900062148529e+02,2.625560056679199228e-01,1.965434525875386917e-03,9.649147532061224108e-01,2.627219353682712821e+01,-7.025813748295868244e-01,-6.850520465543326054e-01,1.925697412738786030e-01,5.654397436951398248e+01,0.000000000000000000e+00,0.000000000000000000e+00,0.000000000000000000e+00,1.000000000000000056e-01
6.574711512947709613e-01,-7.312599736039970821e-01,-1.816329711803723046e-01,1.741123855465951920e+02,2.646167086409666469e-01,-1.614097101299671877e-03,9.643523174641982498e-01,2.652481450822983433e+01,-7.054854234661056545e-01,-6.820969474313965941e-01,1.924423850964767091e-01,5.593896153211812106e+01,0.000000000000000000e+00,0.000000000000000000e+00,0.000000000000000000e+00,1.000000000000000056e-01
6.540799635028701209e-01,-7.343137870836848879e-01,-1.815562266706953753e-01,1.746408551548802279e+02,2.663034216471702464e-01,-1.111577394568019628e-03,9.638886097546259801e-01,2.675776133639958232e+01,-7.079985091531575403e-01,-6.788092710728934609e-01,1.948232135614070826e-01,5.534442672228200166e+01,0.000000000000000000e+00,0.000000000000000000e+00,0.000000000000000000e+00,1.000000000000000056e-01
6.480117997446906974e-01,-7.398427224134678237e-01,-1.808686083417335166e-01,1.751845984676733394e+02,2.672128400001618775e-01,-1.533414829857138173e-03,9.636363145803543695e-01,2.700590532309022862e+01,-7.132166610018970676e-01,-6.727781170124280674e-01,1.967018041059030997e-01,5.473875649225950468e+01,0.000000000000000000e+00,0.000000000000000000e+00,0.000000000000000000e+00,1.000000000000000056e-01
6.454122891942959406e-01,-7.413524424240421906e-01,-1.839552474622173084e-01,1.757331612489450947e+02,2.711041073581216265e-01,-2.821122661489816608e-03,9.625458972124316670e-01,2.725556966969854500e+01,-7.141047121609929160e-01,-6.711099741315398326e-01,1.991629049060831269e-01,5.411255656435599093e+01,0.000000000000000000e+00,0.000000000000000000e+00,0.000000000000000000e+00,1.000000000000000056e-01
6.444582129774266699e-01,-7.419163594687597785e-01,-1.850235857358833447e-01,1.762758186782664893e+02,2.737965230762328117e-01,-2.025275874030452172e-03,9.617855073814535194e-01,2.749588621574060809e+01,-7.139391260305794074e-01,-6.704893838162212516e-01,2.018289139653589581e-01,5.349128207970937154e+01,0.000000000000000000e+00,0.000000000000000000e+00,0.000000000000000000e+00,1.000000000000000056e-01
6.433421760764398423e-01,-7.429249793051837525e-01,-1.848602704899658944e-01,1.768216460100663028e+02,2.756215992918235602e-01,-5.127133803186634253e-04,9.612660771757253197e-01,2.775214638075912887e+01,-7.142433608267203526e-01,-6.693744932766576561e-01,2.044363208081418914e-01,5.287477191342109961e+01,0.000000000000000000e+00,0.000000000000000000e+00,0.000000000000000000e+00,1.000000000000000056e-01
6.435830248689139443e-01,-7.435302798552018144e-01,-1.815588418089966738e-01,1.773625952556459140e+02,2.738780742147629566e-01,2.214984790963159256e-03,9.617618698548975331e-01,2.800514369236015000e+01,-7.146969221740022693e-01,-6.686985993561085362e-01,2.050621677789130626e-01,5.226941921558072579e+01,0.000000000000000000e+00,0.000000000000000000e+00,0.000000000000000000e+00,1.000000000000000056e-01
6.439954271966250587e-01,-7.437464645927462925e-01,-1.791956644442810886e-01,1.779116379227655500e+02,2.743456318101571423e-01,5.862752584099850672e-03,9.616132811264744840e-01,2.825270241727746878e+01,-7.141458982984656423e-01,-6.684361035565994369e-01,2.078191795902130101e-01,5.166300034268868302e+01,0.000000000000000000e+00,0.000000000000000000e+00,0.000000000000000000e+00,1.000000000000000056e-01
6.407011208130017899e-01,-7.471953418049199769e-01,-1.766385998981875316e-01,1.784279534378339633e+02,2.738639276429608027e-01,7.474113902205870019e-03,9.617394068859547174e-01,2.849615045929628110e+01,-7.172869878402468036e-01,-6.645624566633338004e-01,2.094185241774473294e-01,5.106071872305253834e+01,0.000000000000000000e+00,0.000000000000000000e+00,0.000000000000000000e+00,1.000000000000000056e-01
6.401127932231673867e-01,-7.479771499155216663e-01,-1.754588132761871755e-01,1.789648136321575294e+02,2.769123031683347058e-01,1.159105461696574579e-02,9.608252826642704747e-01,2.874627551194366504e+01,-7.166416038062839444e-01,-6.636232595811573098e-01,2.145436576476620338e-01,5.046126558454086819e+01,0.000000000000000000e+00,0.000000000000000000e+00,0.000000000000000000e+00,1.000000000000000056e-01
6.386877924628731051e-01,-7.503034898011771148e-01,-1.706533824776902963e-01,1.794650644684249698e+02,2.762110107494544220e-01,1.655660988999008154e-02,9.609543986109410074e-01,2.898513689546601668e+01,-7.181819973374901078e-01,-6.608861867682858104e-01,2.178165899081327961e-01,4.991652740071148742e+01,0.000000000000000000e+00,0.000000000000000000e+00,0.000000000000000000e+00,1.000000000000000056e-01
6.374763242631626969e-01,-7.520576068239037681e-01,-1.674314546978250551e-01,1.799897631568848624e+02,2.765627177758343547e-01,2.052763040120630933e-02,9.607766022996998556e-01,2.923174250235807747e+01,-7.191223811983404879e-01,-6.587776350244550772e-01,2.210769740412024120e-01,4.933353795975103395e+01,0.000000000000000000e+00,0.000000000000000000e+00,0.000000000000000000e+00,1.000000000000000056e-01
6.364265829998585478e-01,-7.529754126652907775e-01,-1.672998277723543037e-01,1.804752266791700208e+02,2.785374183185809205e-01,2.208852661016691421e-02,9.601713407452923121e-01,2.946481242448097149e+01,-7.192900048294458282e-01,-6.576778275977741561e-01,2.237895530151680079e-01,4.876459809656019218e+01,0.000000000000000000e+00,0.000000000000000000e+00,0.000000000000000000e+00,1.000000000000000056e-01
6.339452070195916722e-01,-7.551987188006525908e-01,-1.666984391610795702e-01,1.809698094030636923e+02,2.814262860175904546e-01,2.449688306330721765e-02,9.592701122512513612e-01,2.970331261972058101e+01,-7.203559675849382504e-01,-6.550380125168583367e-01,2.280624522422132205e-01,4.819552953592361177e+01,0.000000000000000000e+00,0.000000000000000000e+00,0.000000000000000000e+00,1.000000000000000056e-01
6.314336921867910180e-01,-7.575798828043136535e-01,-1.654213213027845852e-01,1.814586810537253427e+02,2.832417569833940441e-01,2.674704270051542210e-02,9.586754940060460140e-01,2.995487873865438999e+01,-7.218487372520068224e-01,-6.521942324775487076e-01,2.314672409882317927e-01,4.764547804764253414e+01,0.000000000000000000e+00,0.000000000000000000e+00,0.000000000000000000e+00,1.000000000000000056e-01
6.270042291799189371e-01,-7.620940132361003760e-01,-1.614881159100886587e-01,1.819442608805807708e+02,2.820067437495129559e-01,2.880954810270641708e-02,9.589797737272223177e-01,3.019939014531665578e+01,-7.261803447286991897e-01,-6.468251115470182722e-01,2.329793596048700399e-01,4.706116657177415163e+01,0.000000000000000000e+00,0.000000000000000000e+00,0.000000000000000000e+00,1.000000000000000056e-01
6.257895933483963447e-01,-7.638563838857219679e-01,-1.578315863630513349e-01,1.824470911604067851e+02,2.791351076112911223e-01,3.036904472364720942e-02,9.597714898981976051e-01,3.045168528992860146e+01,-7.283343851251853351e-01,-6.446713472146886614e-01,2.322237660635031453e-01,4.646405247122581272e+01,0.000000000000000000e+00,0.000000000000000000e+00,0.000000000000000000e+00,1.000000000000000056e-01
6.269402728716328976e-01,-7.630451312316216539e-01,-1.571878556230090762e-01,1.829360430744944779e+02,2.779724402533457761e-01,3.060875244410776741e-02,9.601012585833932356e-01,3.069597042745347437e+01,-7.277892666914254072e-01,-6.456200368463891337e-01,2.312953767614573941e-01,4.587113327536516039e+01,0.000000000000000000e+00,0.000000000000000000e+00,0.000000000000000000e+00,1.000000000000000056e-01
6.219168605133285066e-01,-7.676315858196183228e-01,-1.547939503381940973e-01,1.834198308045446311e+02,2.784346293250969939e-01,3.201163133955386986e-02,9.599215658852429112e-01,3.095743927432022247e+01,-7.319109070111206039e-01,-6.400914027785711280e-01,2.336437893185270287e-01,4.528491376308954841e+01,0.000000000000000000e+00,0.000000000000000000e+00,0.000000000000000000e+00,1.000000000000000056e-01
6.161062108138882776e-01,-7.719640927293873744e-01,-1.564754822106212417e-01,1.838981141202441734e+02,2.815530869030102856e-01,3.030730241568690975e-02,9.590669041707519105e-01,3.120198431557193786e+01,-7.356228627849590307e-01,-6.349432312866859496e-01,2.360213905375601051e-01,4.471053348800175797e+01,0.000000000000000000e+00,0.000000000000000000e+00,0.000000000000000000e+00,1.000000000000000056e-01
6.101067715026478044e-01,-7.765709182682152267e-01,-1.571856744957277341e-01,1.844079700115951255e+02,2.844331527171752305e-01,2.950499090605385177e-02,9.582417425404730071e-01,3.147840492951014113e+01,-7.395049080310313050e-01,-6.293385928192349876e-01,2.388837093364076791e-01,4.406693223697389072e+01,0.000000000000000000e+00,0.000000000000000000e+00,0.000000000000000000e+00,1.000000000000000056e-01
6.061484780997730137e-01,-7.794859227059731666e-01,-1.580687154390353344e-01,1.848849377050931082e+02,2.873375211037692001e-01,2.929774817661900954e-02,9.573812150432661205e-01,3.174467457324446684e+01,-7.416341223698313945e-01,-6.257342393180969076e-01,2.417343382346265335e-01,4.345055293914803229e+01,0.000000000000000000e+00,0.000000000000000000e+00,0.000000000000000000e+00,1.000000000000000056e-01
6.012414481280866640e-01,-7.824577194319581874e-01,-1.620760264634481529e-01,1.853727714450994313e+02,2.892230032573581133e-01,2.401729359154169963e-02,9.569604087919898472e-01,3.202636781062570748e+01,-7.448884315383315080e-01,-6.222403771131193029e-01,2.407449639151101328e-01,4.278499569375661338e+01,0.000000000000000000e+00,0.000000000000000000e+00,0.000000000000000000e+00,1.000000000000000056e-01
5.945249835149530870e-01,-7.877842332437839934e-01,-1.610467193985900547e-01,1.858647086588271407e+02,2.903661000397078640e-01,2.357058515037024904e-02,9.566252952245198893e-01,3.228634704876793649e+01,-7.498183592872844638e-01,-6.155001457093026707e-01,2.427591372277306814e-01,4.217536078162464719e+01,0.000000000000000000e+00,0.000000000000000000e+00,0.000000000000000000e+00,1.000000000000000056e-01
5.915635281006984547e-01,-7.897899004917792176e-01,-1.621249681641901419e-01,1.863575751173335391e+02,2.913809163547305126e-01,2.193138914624115365e-02,9.563556742940326760e-01,3.255474936239014738e+01,-7.517644270683014884e-01,-6.129852585921635733e-01,2.431035148725059214e-01,4.154319298624141510e+01,0.000000000000000000e+00,0.000000000000000000e+00,0.000000000000000000e+00,1.000000000000000056e-01
5.902772026959370866e-01,-7.909754299375770792e-01,-1.610301003307293422e-01,1.868798165216507527e+02,2.904325715362417459e-01,2.198224835257711618e-02,9.566429334648385296e-01,3.281001003792449922e+01,-7.531412519363851477e-01,-6.114529008782532138e-01,2.427006482052814773e-01,4.096358086984746194e+01,0.000000000000000000e+00,0.000000000000000000e+00,0.000000000000000000e+00,1.000000000000000056e-01
5.870204254941716604e-01,-7.934214794433138707e-01,-1.609017588798360432e-01,1.873435761230633716e+02,2.901502065883592163e-01,2.064474862937581978e-02,9.567584083616734736e-01,3.306376973112107009e+01,-7.557908954660503831e-01,-6.083224065510107748e-01,2.423302952967554269e-01,4.033608097431812212e+01,0.000000000000000000e+00,0.000000000000000000e+00,0.000000000000000000e+00,1.000000000000000056e-01
5.835550996745066943e-01,-7.954798242644682826e-01,-1.633257323021917173e-01,1.878048488080229959e+02,2.927236252235685954e-01,1.845157206769743041e-02,9.560190472601486356e-01,3.331759421216074912e+01,-7.574802471879040766e-01,-6.056990908664146023e-01,2.436232469280189550e-01,3.971270731674589172e+01,0.000000000000000000e+00,0.000000000000000000e+00,0.000000000000000000e+00,1.000000000000000056e-01
5.799392810986241376e-01,-7.973649926474979388e-01,-1.669715506877346711e-01,1.882434244588477839e+02,2.939991413199140591e-01,1.370224902858940830e-02,9.557074621842773787e-01,3.357409914639706017e+01,-7.597597877895121421e-01,-6.033417910867888700e-01,2.423710956079982992e-01,3.910080016034732608e+01,0.000000000000000000e+00,0.000000000000000000e+00,0.000000000000000000e+00,1.000000000000000056e-01
5.776470267793195612e-01,-7.977671551782644643e-01,-1.728915225561707958e-01,1.886799114914329323e+02,2.974847916502877387e-01,8.503263546955186492e-03,9.546886891787478291e-01,3.381280645695212428e+01,-7.601491374656665911e-01,-6.029056813696731520e-01,2.422354808494684431e-01,3.849613433707241228e+01,0.000000000000000000e+00,0.000000000000000000e+00,0.000000000000000000e+00,1.000000000000000056e-01
5.751800275530936091e-01,-8.000289116751055918e-01,-1.706507438834314883e-01,1.891075662276952869e+02,2.976252286338283426e-01,1.035004342856349346e-02,9.546266808976628937e-01,3.404804494820648131e+01,-7.619627019642654098e-01,-5.998721672864752996e-01,2.440619260153930048e-01,3.792722158174443337e+01,0.000000000000000000e+00,0.000000000000000000e+00,0.000000000000000000e+00,1.000000000000000056e-01
5.746294253205773694e-01,-7.997662202827490185e-01,-1.737095750106725789e-01,1.895085206386659138e+02,3.013597895409055871e-01,9.433262321580149212e-03,9.534638382287153879e-01,3.427720063933289651e+01,-7.609095220876160859e-01,-6.002374583917752249e-01,2.464380099330825136e-01,3.735510407550150802e+01,0.000000000000000000e+00,0.000000000000000000e+00,0.000000000000000000e+00,1.000000000000000056e-01
5.734714289166126244e-01,-8.007255616765138750e-01,-1.731158429900915841e-01,1.898421592970550194e+02,3.000999140677465538e-01,8.703421119622078983e-03,9.538680684651026365e-01,3.451023660200532106e+01,-7.622798448029894924e-01,-5.989681338257035748e-01,2.452888355969025103e-01,3.677815498941022554e+01,0.000000000000000000e+00,0.000000000000000000e+00,0.000000000000000000e+00,1.000000000000000056e-01
5.721813408709903737e-01,-8.015187164383636986e-01,-1.737131553972630083e-01,1.902411087365919400e+02,3.001212318673139312e-01,7.515417124827061812e-03,9.538714613027721168e-01,3.472817587072742640e+01,-7.632403024877036923e-01,-5.979224579361759329e-01,2.448529659898782684e-01,3.622788552684627916e+01,0.000000000000000000e+00,0.000000000000000000e+00,0.000000000000000000e+00,1.000000000000000056e-01
5.716267825152661075e-01,-8.023129920352398692e-01,-1.718623993859791921e-01,1.906067851045105499e+02,2.977188422928122580e-01,7.628249955483390465e-03,9.546231197422595516e-01,3.495885159509047924e+01,-7.645955221259619350e-01,-5.968548170318120905e-01,2.432242071234891334e-01,3.570937371209958400e+01,0.000000000000000000e+00,0.000000000000000000e+00,0.000000000000000000e+00,1.000000000000000056e-01
5.708460666310569698e-01,-8.031625944116047577e-01,-1.704834747119814420e-01,1.909604140614403036e+02,2.980628359858678578e-01,9.240047330687173321e-03,9.545015281964657206e-01,3.517811600436027675e+01,-7.650446483806762066e-01,-5.956882309256634755e-01,2.446675653222978308e-01,3.519576921728607033e+01,0.000000000000000000e+00,0.000000000000000000e+00,0.000000000000000000e+00,1.000000000000000056e-01
5.717255787591508653e-01,-8.023603302523341085e-01,-1.713118881744035149e-01,1.913314072574597731e+02,3.002338449175283031e-01,1.028508752567147688e-02,9.538101778344720838e-01,3.539295086398517043e+01,-7.635374915212427283e-01,-5.967513028154649568e-01,2.467759745791591186e-01,3.468050967558965425e+01,0.000000000000000000e+00,0.000000000000000000e+00,0.000000000000000000e+00,1.000000000000000056e-01
5.723730567063139985e-01,-8.023405084632503348e-01,-1.692299986279136026e-01,1.916842593762100364e+02,2.968519828094430268e-01,1.036704101482865958e-02,9.548672288662436447e-01,3.560322386934153371e+01,-7.643742435867215690e-01,-5.967765351783949068e-01,2.441101857803097408e-01,3.418057079928547637e+01,0.000000000000000000e+00,0.000000000000000000e+00,0.000000000000000000e+00,1.000000000000000056e-01
5.708315019798495538e-01,-8.022662894855685511e-01,-1.747003065323213811e-01,1.920242394244447439e+02,2.975242259227428576e-01,3.800043197314417753e-03,9.547067060939561367e-01,3.582451959885482040e+01,-7.652651379335804194e-01,-5.969542364593426464e-01,2.408628411290161253e-01,3.366597127219758789e+01,0.000000000000000000e+00,0.000000000000000000e+00,0.000000000000000000e+00,1.000000000000000056e-01
5.729276149160426046e-01,-7.999851243088220709e-01,-1.782631452409987327e-01,1.923635499248132135e+02,2.997650094037971891e-01,2.098404862605152132e-03,9.540107629551010104e-01,3.602054848077204241e+01,-7.628203505437936016e-01,-6.000161644336184930e-01,2.410097824043925252e-01,3.318043299663416690e+01,0.000000000000000000e+00,0.000000000000000000e+00,0.000000000000000000e+00,1.000000000000000056e-01
5.729635901896408257e-01,-7.996237289375840440e-01,-1.797626669721791859e-01,1.927117981135084790e+02,3.029776302474052607e-01,2.854488585474879159e-03,9.529933931904155386e-01,3.621876780927843242e+01,-7.615230002348345462e-01,-6.004945828355729986e-01,2.439036205111916322e-01,3.271846061423354257e+01,0.000000000000000000e+00,0.000000000000000000e+00,0.000000000000000000e+00,1.000000000000000056e-01
5.778412387604585643e-01,-7.957793636683874183e-01,-1.812034965096289696e-01,1.930429976118302307e+02,3.028742525831312205e-01,2.917364521805243527e-03,9.530260626585489447e-01,3.642788401935052178e+01,-7.578698370498645476e-01,-6.055796341884220890e-01,2.427068535213383615e-01,3.224702283282694282e+01,0.000000000000000000e+00,0.000000000000000000e+00,0.000000000000000000e+00,1.000000000000000056e-01
5.756382500465719865e-01,-7.975888529902348534e-01,-1.802571126725440176e-01,1.933652867708009353e+02,3.037280596487448303e-01,3.883418336279587102e-03,9.527508514003200091e-01,3.660955863349619932e+01,-7.592034449772531168e-01,-6.031889759003787876e-01,2.444855588514865952e-01,3.180651279055284064e+01,0.000000000000000000e+00,0.000000000000000000e+00,0.000000000000000000e+00,1.000000000000000056e-01
5.760111562795537932e-01,-7.976588003043908470e-01,-1.787500661215305486e-01,1.936971355765531939e+02,3.062344263809920752e-01,7.820344406253232350e-03,9.519240086858155037e-01,3.679739115884449774e+01,-7.579126756695631073e-01,-6.030582728976759954e-01,2.487751907829156561e-01,3.136608031522690609e+01,0.000000000000000000e+00,0.000000000000000000e+00,0.000000000000000000e+00,1.000000000000000056e-01
5.778714367951464093e-01,-7.961032306800841507e-01,-1.796781807483756599e-01,1.940072791749538510e+02,3.079949154151415680e-01,8.849598796073721019e-03,9.513468435221554831e-01,3.699342489715936466e+01,-7.557802158132569392e-01,-6.050961334382178869e-01,2.503096775663810059e-01,3.092330725532283608e+01,0.000000000000000000e+00,0.000000000000000000e+00,0.000000000000000000e+00,1.000000000000000056e-01
5.820883109942115441e-01,-7.933342369598139765e-01,-1.783086836676668896e-01,1.943136083628539268e+02,3.079165225297338382e-01,1.210469935992586343e-02,9.513363713254119336e-01,3.718253223587979051e+01,-7.525693412285023864e-01,-6.086659713839734920e-01,2.513267234539575679e-01,3.052683283075152332e+01,0.000000000000000000e+00,0.000000000000000000e+00,0.000000000000000000e+00,1.000000000000000056e-01
5.856950990871838680e-01,-7.909636672702182736e-01,-1.770246535477505989e-01,1.946155237752965377e+02,3.096148429986946282e-01,1.648516845759540050e-02,9.507191426577139559e-01,3.735867915570830178e+01,-7.490660183856610033e-01,-6.116410027780774250e-01,2.545493740327806620e-01,3.012874066640489801e+01,0.000000000000000000e+00,0.000000000000000000e+00,0.000000000000000000e+00,1.000000000000000056e-01
5.868843378956365431e-01,-7.898385801994873834e-01,-1.781061233120816989e-01,1.948860488305289778e+02,3.088879389020600663e-01,1.507436556776031722e-02,9.509789717462563408e-01,3.751508651123663896e+01,-7.484350440309683883e-01,-6.131294975216800003e-01,2.528185201585808617e-01,2.975688846274755051e+01,0.000000000000000000e+00,0.000000000000000000e+00,0.000000000000000000e+00,1.000000000000000056e-01
5.871901694501522329e-01,-7.908583332332926874e-01,-1.724842069772178355e-01,1.951699225911646636e+02,3.116146965499543287e-01,2.419429004052453536e-02,9.499004775362074326e-01,3.766149957157553985e+01,-7.470635754707770637e-01,-6.115208361821315997e-01,2.606497287931168749e-01,2.942127034544956032e+01,0.000000000000000000e+00,0.000000000000000000e+00,0.000000000000000000e+00,1.000000000000000056e-01
5.892490298544743599e-01,-7.899822735578532207e-01,-1.694508432552809252e-01,1.954397748830866419e+02,3.128681773448557801e-01,2.973781627079186141e-02,9.493309043154302129e-01,3.781517743604602089e+01,-7.449154881061801348e-01,-6.124080908575667559e-01,2.646832934503455803e-01,2.908588188539351549e+01,0.000000000000000000e+00,0.000000000000000000e+00,0.000000000000000000e+00,1.000000000000000056e-01
5.920694191555003760e-01,-7.877321431981280098e-01,-1.700937196763965265e-01,1.956912372831502580e+02,3.178819768056150297e-01,3.433012145334313203e-02,9.475085707175179284e-01,3.793421917002294208e+01,-7.405436190549635755e-01,-6.150605769625323571e-01,2.707316659415631710e-01,2.879724860625519156e+01,0.000000000000000000e+00,0.000000000000000000e+00,0.000000000000000000e+00,1.000000000000000056e-01
5.972368218351215008e-01,-7.848061381348268029e-01,-1.654917042941501104e-01,1.959356459341807408e+02,3.181983855910064385e-01,4.243971156150316837e-02,9.470737343469375347e-01,3.806880813019646581e+01,-7.362458597856835762e-01,-6.182865002799879939e-01,2.750706046090057866e-01,2.850189325224112835e+01,0.000000000000000000e+00,0.000000000000000000e+00,0.000000000000000000e+00,1.000000000000000056e-01
5.984942422314475374e-01,-7.841361314277319750e-01,-1.641193754721122500e-01,1.961635207829400827e+02,3.188676797989744571e-01,4.522870423827063391e-02,9.467194764514703653e-01,3.821293923053573849e+01,-7.349340411189457800e-01,-6.189385201314248075e-01,2.771047879450985185e-01,2.821141438272908886e+01,0.000000000000000000e+00,0.000000000000000000e+00,0.000000000000000000e+00,1.000000000000000056e-01
6.013817588424098526e-01,-7.818385833780908678e-01,-1.645247995681800024e-01,1.963869438608197413e+02,3.197992239538706150e-01,4.684758485844486842e-02,9.463264553796608691e-01,3.833886925208283714e+01,-7.321669457781549983e-01,-6.217183713983938098e-01,2.782046552011975260e-01,2.793731861919219739e+01,0.000000000000000000e+00,0.000000000000000000e+00,0.000000000000000000e+00,1.000000000000000056e-01
6.037831781329221492e-01,-7.800695421193466483e-01,-1.641261199852746544e-01,1.966005534069297767e+02,3.227212820843272656e-01,5.093700355093599974e-02,9.451224236886457408e-01,3.846262120090320025e+01,-7.289011235370377317e-01,-6.236160125645946462e-01,2.824999486362418377e-01,2.768712985316117425e+01,0.000000000000000000e+00,0.000000000000000000e+00,0.000000000000000000e+00,1.000000000000000056e-01
6.085346470580188516e-01,-7.764206025140126810e-01,-1.638799295879454498e-01,1.968148962143966116e+02,3.249671370776913149e-01,5.542714097596479483e-02,9.440996726314228038e-01,3.859173867818032022e+01,-7.239350406973690255e-01,-6.277729526150421790e-01,2.860405160383586720e-01,2.742716116129697923e+01,0.000000000000000000e+00,0.000000000000000000e+00,0.000000000000000000e+00,1.000000000000000056e-01
6.106840887382629646e-01,-7.745263871649821219e-01,-1.648448341534479722e-01,1.970234579224864149e+02,3.289766053641287602e-01,5.878879246023194227e-02,9.425063771689625725e-01,3.869598674368779712e+01,-7.203050304454439168e-01,-6.298037420230435668e-01,2.907024417660781790e-01,2.721299745432776618e+01,0.000000000000000000e+00,0.000000000000000000e+00,0.000000000000000000e+00,1.000000000000000056e-01
6.121981389843201837e-01,-7.735918898581772840e-01,-1.636124279197295750e-01,1.971953517442043164e+02,3.306043278624861692e-01,6.246383633629304377e-02,9.417000836512368078e-01,3.880953571913774169e+01,-7.182716874712025135e-01,-6.305980154550174799e-01,2.939930711453329071e-01,2.698359665562771070e+01,0.000000000000000000e+00,0.000000000000000000e+00,0.000000000000000000e+00,1.000000000000000056e-01
6.134819990870702400e-01,-7.731572929998363763e-01,-1.608341912570128707e-01,1.973780631558032042e+02,3.314350194210796685e-01,6.721984467455577317e-02,9.410804005945918593e-01,3.892354889382702510e+01,-7.167919256642618642e-01,-6.306419687612727643e-01,2.974895671102187888e-01,2.677902840065635814e+01,0.000000000000000000e+00,0.000000000000000000e+00,0.000000000000000000e+00,1.000000000000000056e-01
6.148276389813387421e-01,-7.718924564488385265e-01,-1.617683838764872872e-01,1.975489449192677398e+02,3.352062048752368906e-01,7.009683807811906142e-02,9.395335190958282734e-01,3.901445414699689707e+01,-7.138793837601513648e-01,-6.318769413175544525e-01,3.018406143536662700e-01,2.658366516222272580e+01,0.000000000000000000e+00,0.000000000000000000e+00,0.000000000000000000e+00,1.000000000000000056e-01
6.184377790120421103e-01,-7.692783918994151593e-01,-1.604539474344656713e-01,1.977120181060489017e+02,3.348612319663434311e-01,7.326082407660727824e-02,9.394151409156651367e-01,3.910243258146023493e+01,-7.109167805141718421e-01,-6.346996198299367231e-01,3.029087713670547410e-01,2.640382150779696246e+01,0.000000000000000000e+00,0.000000000000000000e+00,0.000000000000000000e+00,1.000000000000000056e-01
6.196930946149912245e-01,-7.693649454831883450e-01,-1.551065735168767890e-01,1.978768968199067899e+02,3.356485157527309138e-01,8.114980849988695510e-02,9.384853661370649025e-01,3.919795523190448705e+01,-7.094508738168447959e-01,-6.336341919767922715e-01,3.085241779803216122e-01,2.623178254473463156e+01,0.000000000000000000e+00,0.000000000000000000e+00,0.000000000000000000e+00,1.000000000000000056e-01
6.176986152424766008e-01,-7.706514332459555305e-01,-1.566677668299430448e-01,1.980023544446069081e+02,3.428268611846718716e-01,8.458825524980317923e-02,9.355824764947555661e-01,3.928538414323037387e+01,-7.077557233804561143e-01,-6.316179189270587635e-01,3.164500600607602632e-01,2.608172708212856250e+01,0.000000000000000000e+00,0.000000000000000000e+00,0.000000000000000000e+00,1.000000000000000056e-01
6.203914304210034203e-01,-7.682898215009592580e-01,-1.576236760077802668e-01,1.980976994772330215e+02,3.443952918144204123e-01,8.630266722133006496e-02,9.348495775292114951e-01,3.935498736990252411e+01,-7.046320713934625113e-01,-6.342575185273794380e-01,3.181368324404605374e-01,2.596551446252534134e+01,0.000000000000000000e+00,0.000000000000000000e+00,0.000000000000000000e+00,1.000000000000000056e-01
6.233505502748666327e-01,-7.660905958656037962e-01,-1.566502167196242579e-01,1.981899321387934378e+02,3.462437386053752730e-01,9.079947380104580468e-02,9.337401828314052521e-01,3.940281434966032492e+01,-7.011058158000071927e-01,-6.362866134720560618e-01,3.218539739814765266e-01,2.586764400300546285e+01,0.000000000000000000e+00,0.000000000000000000e+00,0.000000000000000000e+00,1.000000000000000056e-01
6.237844474481765156e-01,-7.656848724135653095e-01,-1.569064666570358368e-01,1.982623348814726683e+02,3.467743524303535940e-01,9.121218142528664252e-02,9.335030189860928918e-01,3.944921052996377853e+01,-7.004573588865221634e-01,-6.367158032565729542e-01,3.224166159878472104e-01,2.577535048588165267e+01,0.000000000000000000e+00,0.000000000000000000e+00,0.000000000000000000e+00,1.000000000000000056e-01
6.232040334116371039e-01,-7.666170058464595316e-01,-1.546450745626146706e-01,1.983216982355079949e+02,3.483532164424140154e-01,9.507228849170601404e-02,9.325295151120819304e-01,3.949564083593288188e+01,-7.001905235960366181e-01,-6.350272642241113763e-01,3.263029334197729003e-01,2.568819615112733956e+01,0.000000000000000000e+00,0.000000000000000000e+00,0.000000000000000000e+00,1.000000000000000056e-01
6.233252741237547134e-01,-7.659072941836821968e-01,-1.576439639021309791e-01,1.983654735118893484e+02,3.548426639188595466e-01,9.739943818715035562e-02,9.298387135970380690e-01,3.952266902025212403e+01,-6.968158196406804006e-01,-6.355307751455139265e-01,3.324881160905286404e-01,2.562884950259248384e+01,0.000000000000000000e+00,0.000000000000000000e+00,0.000000000000000000e+00,1.000000000000000056e-01
6.198415408526197767e-01,-7.682674818518089310e-01,-1.598797690845546460e-01,1.983961107744612775e+02,3.576813402588667756e-01,9.525562564394629561e-02,9.289727792641726545e-01,3.955538487557365102e+01,-6.984701304022034041e-01,-6.330019289956871908e-01,3.338383363600835319e-01,2.558720913619511350e+01,0.000000000000000000e+00,0.000000000000000000e+00,0.000000000000000000e+00,1.000000000000000056e-01
6.206603971689582666e-01,-7.681480534886115930e-01,-1.572553315717087341e-01,1.984150765738420148e+02,3.585102881008799258e-01,9.965539788757693529e-02,9.281913461122619502e-01,3.957938054534979244e+01,-6.973170331433866664e-01,-6.324692637539992557e-01,3.372411387932662263e-01,2.555789140137919091e+01,0.000000000000000000e+00,0.000000000000000000e+00,0.000000000000000000e+00,1.000000000000000056e-01
6.197461865156932426e-01,-7.685653894296824440e-01,-1.588140625702154085e-01,1.984249487251919959e+02,3.602372474144663883e-01,9.880433190155357703e-02,9.276135130390978922e-01,3.959666988139461807e+01,-6.972401235403082875e-01,-6.320956780174094014e-01,3.380994882533948642e-01,2.552423446193530410e+01,0.000000000000000000e+00,0.000000000000000000e+00,0.000000000000000000e+00,1.000000000000000056e-01
6.189160037052910956e-01,-7.695357701468623635e-01,-1.573457302310661277e-01,1.984344214632315868e+02,3.604615354930444937e-01,1.002919215734580094e-01,9.273667084261220106e-01,3.961709330568540111e+01,-6.978613485410040118e-01,-6.306791806707897630e-01,3.394603206281296970e-01,2.549392717600791869e+01,0.000000000000000000e+00,0.000000000000000000e+00,0.000000000000000000e+00,1.000000000000000056e-01
6.196172758818487836e-01,-7.692998559686249349e-01,-1.557310599572539478e-01,1.984541856111542586e+02,3.609934699382272294e-01,1.031310849051338963e-01,9.268482583401924657e-01,3.962607971081016700e+01,-6.969635184790630156e-01,-6.305090886997131161e-01,3.416140263167511959e-01,2.547814211223114356e+01,0.000000000000000000e+00,0.000000000000000000e+00,0.000000000000000000e+00,1.000000000000000056e-01
6.158483275224511111e-01,-7.723448793246655564e-01,-1.556092056041918359e-01,1.984539198480275957e+02,3.640857768255320037e-01,1.038345412993391115e-01,9.255592553405237455e-01,3.963215166974793391e+01,-6.986933408879383300e-01,-6.266592179279929509e-01,3.451461139644014242e-01,2.547375710561253470e+01,0.000000000000000000e+00,0.000000000000000000e+00,0.000000000000000000e+00,1.000000000000000056e-01
6.146680196689087161e-01,-7.735094901064338835e-01,-1.544871978889734709e-01,1.984584105668425025e+02,3.665850304198799425e-01,1.067138543289828378e-01,9.242443230911990826e-01,3.963300967736623193e+01,-6.984258307568226298e-01,-6.247361219023098711e-01,3.491505934723651006e-01,2.545534563445188780e+01,0.000000000000000000e+00,0.000000000000000000e+00,0.000000000000000000e+00,1.000000000000000056e-01
6.131182674615737183e-01,-7.748895853471853279e-01,-1.537274231403930047e-01,1.984675970999870458e+02,3.676063262294180234e-01,1.076059581392244668e-01,9.237351063422080122e-01,3.964116829469899272e+01,-6.992507268648556762e-01,-6.228700412553221932e-01,3.508294923257797571e-01,2.545494251254811147e+01,0.000000000000000000e+00,0.000000000000000000e+00,0.000000000000000000e+00,1.000000000000000056e-01
6.148398871549612954e-01,-7.732286389663791670e-01,-1.552075547306753789e-01,1.984596575384155415e+02,3.707312486072120716e-01,1.096718605428919080e-01,9.222420638374712043e-01,3.964743559583934029e+01,-6.960820745209663762e-01,-6.245714970179648828e-01,3.540906531431270432e-01,2.544752089883996859e+01,0.000000000000000000e+00,0.000000000000000000e+00,0.000000000000000000e+00,1.000000000000000056e-01
6.115834349923349178e-01,-7.764976553204794296e-01,-1.517138534372334813e-01,1.984812555998568939e+02,3.721817977534285227e-01,1.131435118433433695e-01,9.212378928098763353e-01,3.964907478691738163e+01,-6.981736255860733209e-01,-6.198789696461342036e-01,3.581949909287460709e-01,2.544333166977332894e+01,0.000000000000000000e+00,0.000000000000000000e+00,0.000000000000000000e+00,1.000000000000000056e-01
6.134402433674414068e-01,-7.750424559875521702e-01,-1.516583635480665548e-01,1.984810792654683667e+02,3.716820402261747369e-01,1.138966852478671132e-01,9.213468435192343486e-01,3.965532437415527056e+01,-6.968095355192855944e-01,-6.215599218951713967e-01,3.579381716205550790e-01,2.542867461413596786e+01,0.000000000000000000e+00,0.000000000000000000e+00,0.000000000000000000e+00,1.000000000000000056e-01
6.123934052791061289e-01,-7.758940278034871518e-01,-1.515347312979504202e-01,1.984889997336447323e+02,3.735589379109011676e-01,1.150753424402630731e-01,9.204408647322954717e-01,3.966400941093496613e+01,-6.967266587963605318e-01,-6.202790687917316692e-01,3.603135297783337521e-01,2.542321587425114160e+01,0.000000000000000000e+00,0.000000000000000000e+00,0.000000000000000000e+00,1.000000000000000056e-01
6.131324582882313745e-01,-7.754932768165966328e-01,-1.505947084252554635e-01,1.984896063650180622e+02,3.752459989501576443e-01,1.181494018858355588e-01,9.193645409226516296e-01,3.967916612113229036e+01,-6.951683457014773415e-01,-6.202023028385794667e-01,3.634419825617213329e-01,2.540259082518017664e+01,0.000000000000000000e+00,0.000000000000000000e+00,0.000000000000000000e+00,1.000000000000000056e-01
6.113857778442890467e-01,-7.771560831228669919e-01,-1.491169108949658706e-01,1.985002563308816264e+02,3.765599954664589077e-01,1.199838980236218600e-01,9.185893718247331030e-01,3.969322907624382424e+01,-6.959956899751853499e-01,-6.177639409031421280e-01,3.660023399594395377e-01,2.538002849967488928e+01,0.000000000000000000e+00,0.000000000000000000e+00,0.000000000000000000e+00,1.000000000000000056e-01
6.091047423524019733e-01,-7.791687741066655182e-01,-1.479440242150052987e-01,1.985137559721147511e+02,3.789268479005454826e-01,1.220410086462007104e-01,9.173442299097840369e-01,3.970230075847586448e+01,-6.967107411142523521e-01,-6.148186835691755725e-01,3.695837246826423339e-01,2.536344307196162617e+01,0.000000000000000000e+00,0.000000000000000000e+00,0.000000000000000000e+00,1.000000000000000056e-01
6.094824246980204974e-01,-7.784847808478791986e-01,-1.499753978906251950e-01,1.985216121028788621e+02,3.797812914480602764e-01,1.206396765416306582e-01,9.171762312173022957e-01,3.971822126846102208e+01,-6.959147538673579048e-01,-6.159606435740520025e-01,3.691817180164457257e-01,2.533914452318547461e+01,0.000000000000000000e+00,0.000000000000000000e+00,0.000000000000000000e+00,1.000000000000000056e-01
6.080028908690813250e-01,-7.797208767947265695e-01,-1.495588144687662879e-01,1.985235323868169246e+02,3.795521501989200797e-01,1.200049668722087404e-01,9.173543335077108951e-01,3.973455666780969153e+01,-6.973325246783032005e-01,-6.145194563367891716e-01,3.689081021193769683e-01,2.532821750191376964e+01,0.000000000000000000e+00,0.000000000000000000e+00,0.000000000000000000e+00,1.000000000000000056e-01
6.064444931634105362e-01,-7.808539643356853244e-01,-1.499738747016235996e-01,1.985347198618891014e+02,3.830396335825752008e-01,1.216136327423131824e-01,9.156914127784230306e-01,3.975668295170486743e+01,-6.967824020572710442e-01,-6.127619527291670032e-01,3.728499342508153624e-01,2.531334733844284912e+01,0.000000000000000000e+00,0.000000000000000000e+00,0.000000000000000000e+00,1.000000000000000056e-01
6.036263029843500494e-01,-7.833056133252060960e-01,-1.485516828537074008e-01,1.985542239466577712e+02,3.859804138584823630e-01,1.240808695123064576e-01,9.141242026873069859e-01,3.976164609183860676e+01,-6.976061972653915255e-01,-6.091274529639038038e-01,3.772391013437323970e-01,2.528218181481742022e+01,0.000000000000000000e+00,0.000000000000000000e+00,0.000000000000000000e+00,1.000000000000000056e-01
6.021189529386554717e-01,-7.841644486855885443e-01,-1.501295571487651359e-01,1.985690404441079693e+02,3.889433290301087531e-01,1.238739419928590602e-01,9.128955763383492794e-01,3.978741030608062346e+01,-6.972631162732143562e-01,-6.080636183104339842e-01,3.795823794279565844e-01,2.525082812383037023e+01,0.000000000000000000e+00,0.000000000000000000e+00,0.000000000000000000e+00,1.000000000000000056e-01
5.977810182620673096e-01,-7.875673382042076565e-01,-1.496514015955254795e-01,1.986025380028974041e+02,3.929324261931401163e-01,1.251361485222681758e-01,9.110132012100514709e-01,3.978727994713350569e+01,-6.987574419292710282e-01,-6.033892873816640856e-01,3.842647592760872755e-01,2.524528676447730646e+01,0.000000000000000000e+00,0.000000000000000000e+00,0.000000000000000000e+00,1.000000000000000056e-01
5.963057602437216165e-01,-7.883050190819124170e-01,-1.516398271906914119e-01,1.986147951662981086e+02,3.977918226059463658e-01,1.260931855663238732e-01,9.087695936933496421e-01,3.979553401202542773e+01,-6.972668830282966468e-01,-6.022256266915267942e-01,3.887713831906887130e-01,2.522483973633802989e+01,0.000000000000000000e+00,0.000000000000000000e+00,0.000000000000000000e+00,1.000000000000000056e-01
5.967352659637071843e-01,-7.879286254964306124e-01,-1.519062325203585084e-01,1.986396945076737666e+02,3.994633943345438087e-01,1.275084805474292482e-01,9.078384129211599651e-01,3.980586888801216361e+01,-6.959425399714752603e-01,-6.024201760497330804e-01,3.908374502862541622e-01,2.521187362686344002e+01,0.000000000000000000e+00,0.000000000000000000e+00,0.000000000000000000e+00,1.000000000000000056e-01
5.939359505397752148e-01,-7.898692326314709078e-01,-1.527962106813682275e-01,1.986676812422995795e+02,4.030452893026967853e-01,1.277634474965111400e-01,9.062179628845987711e-01,3.982216751093552887e+01,-6.962719162994577271e-01,-5.998192201205108098e-01,3.942363780103292914e-01,2.518111427002110858e+01,0.000000000000000000e+00,0.000000000000000000e+00,0.000000000000000000e+00,1.000000000000000056e-01
5.980765889605836882e-01,-7.865519209986657767e-01,-1.537545749256976069e-01,1.987093510692920688e+02,4.057987686208455735e-01,1.317661557626659263e-01,9.044141969149613880e-01,3.986346548036690507e+01,-6.911090746930463879e-01,-6.033023750730953649e-01,3.979880539766033065e-01,2.510996312658303964e+01,0.000000000000000000e+00,0.000000000000000000e+00,0.000000000000000000e+00,1.000000000000000056e-01
5.990650074675298864e-01,-7.857497427196293849e-01,-1.540079824033954159e-01,1.987788353774635368e+02,4.073240434743114480e-01,1.334656830080442891e-01,9.034788514774065860e-01,3.991219572901069768e+01,-6.893534945408383852e-01,-6.039737190269396372e-01,4.000093827513322431e-01,2.502378002221483655e+01,0.000000000000000000e+00,0.000000000000000000e+00,0.000000000000000000e+00,1.000000000000000056e-01
6.041650153961035663e-01,-7.820052889532929097e-01,-1.531416410402576256e-01,1.988761239515499426e+02,4.107124125416976579e-01,1.409022123462138065e-01,9.008117898540856094e-01,3.997392880479972632e+01,-6.828615879924748722e-01,-6.071361417384241177e-01,4.063074661378694996e-01,2.493378476057529625e+01,0.000000000000000000e+00,0.000000000000000000e+00,0.000000000000000000e+00,1.000000000000000056e-01
6.105276697442884037e-01,-7.773180783366397950e-01,-1.517648495786904639e-01,1.989727274636725838e+02,4.105761295884006734e-01,1.467731583868938650e-01,8.999360431660378135e-01,4.003012356510179615e+01,-6.772615493949276644e-01,-6.117468799006410274e-01,4.087573224335104838e-01,2.483560518602667244e+01,0.000000000000000000e+00,0.000000000000000000e+00,0.000000000000000000e+00,1.000000000000000056e-01
6.160743685840195383e-01,-7.725416704961263203e-01,-1.537261842395640232e-01,1.990826827858847423e+02,4.116078674526785774e-01,1.493445340742605154e-01,8.990412524424007401e-01,4.010903269579100794e+01,-6.715886656465102078e-01,-6.171511787959227391e-01,4.099915690425148806e-01,2.470644225272014438e+01,0.000000000000000000e+00,0.000000000000000000e+00,0.000000000000000000e+00,1.000000000000000056e-01
6.270712821510722179e-01,-7.634955243817127535e-01,-1.544544960514392939e-01,1.992062691968127126e+02,4.104115716902459465e-01,1.552957737959264062e-01,8.985797485275677232e-01,4.020411963173307157e+01,-6.620754858202746451e-01,-6.268634675032660475e-01,4.107289181268215517e-01,2.455578256233408396e+01,0.000000000000000000e+00,0.000000000000000000e+00,0.000000000000000000e+00,1.000000000000000056e-01
6.379878250677151197e-01,-7.543874871021728490e-01,-1.545026031141076006e-01,1.993529808073418792e+02,4.098919380109519173e-01,1.628379243549873401e-01,8.974811471810342223e-01,4.028629146813054263e+01,-6.518896641449321017e-01,-6.359114165474846203e-01,4.131059622973012324e-01,2.442851068899192413e+01,0.000000000000000000e+00,0.000000000000000000e+00,0.000000000000000000e+00,1.000000000000000056e-01
6.503327674275636294e-01,-7.444855272048620520e-01,-1.510251349693325917e-01,1.995246287874153097e+02,4.066420668437213948e-01,1.732493146645766036e-01,8.970099801235886794e-01,4.038870615575722667e+01,-6.416459468297707192e-01,-6.447681558131985735e-01,4.154088397785655751e-01,2.427190156849313851e+01,0.000000000000000000e+00,0.000000000000000000e+00,0.000000000000000000e+00,1.000000000000000056e-01
6.666470141564657670e-01,-7.310965328741519942e-01,-1.451882162424456835e-01,1.997132709399739952e+02,3.998421098398764473e-01,1.863726591055354653e-01,8.974360808083929886e-01,4.049182730094116778e+01,-6.290532932232890673e-01,-6.563254463734637945e-01,4.165679569141254035e-01,2.410538489683052532e+01,0.000000000000000000e+00,0.000000000000000000e+00,0.000000000000000000e+00,1.000000000000000056e-01
6.831181397947885259e-01,-7.154747097655669297e-01,-1.464429812902809658e-01,1.998894019194156613e+02,3.966208024611423966e-01,1.950836891971312603e-01,8.970140986987422682e-01,4.059362975078242641e+01,-6.132222648749695582e-01,-6.708489352269368933e-01,4.170373603965210618e-01,2.394576664607847505e+01,0.000000000000000000e+00,0.000000000000000000e+00,0.000000000000000000e+00,1.000000000000000056e-01
7.014590422643669498e-01,-6.983222939209678959e-01,-1.424822299043452534e-01,2.001037060111102335e+02,3.915605915922975022e-01,2.105575465751542419e-01,8.957375858431653182e-01,4.071908603687432304e+01,-5.955128169380129455e-01,-6.841136553184781199e-01,4.211329854919267923e-01,2.376206726864014840e+01,0.000000000000000000e+00,0.000000000000000000e+00,0.000000000000000000e+00,1.000000000000000056e-01
7.209760851329104492e-01,-6.784941310732587327e-01,-1.408516906734388341e-01,2.003138278026256671e+02,3.870421680985670632e-01,2.256827159626190182e-01,8.940165948288079090e-01,4.084474313380324872e+01,-5.747972205743370200e-01,-6.990801283221259599e-01,4.253176805696388119e-01,2.358858496128031845e+01,0.000000000000000000e+00,0.000000000000000000e+00,0.000000000000000000e+00,1.000000000000000056e-01
7.445503234860826325e-01,-6.530143601924720542e-01,-1.386256151625164523e-01,2.005429399502060335e+02,3.796719093994696537e-01,2.434226708998104005e-01,8.925215092674031458e-01,4.096609787869793706e+01,-5.490847448342838222e-01,-7.171594304437604039e-01,4.291716373618490454e-01,2.341959954330041427e+01,0.000000000000000000e+00,0.000000000000000000e+00,0.000000000000000000e+00,1.000000000000000056e-01
7.683278270588402847e-01,-6.260570661807345338e-01,-1.331348941946183251e-01,2.007745491309440808e+02,3.690006135958651123e-01,2.633039468591500398e-01,8.913526679907729511e-01,4.109003244630573448e+01,-5.229826931485551667e-01,-7.339779161892853176e-01,4.333191909130252872e-01,2.323773334663677304e+01,0.000000000000000000e+00,0.000000000000000000e+00,0.000000000000000000e+00,1.000000000000000056e-01
7.893719735504260981e-01,-6.004190773193670561e-01,-1.280188226944198315e-01,2.010197495206750489e+02,3.578893032954553188e-01,2.806283395808000236e-01,8.905969804635635034e-01,4.120783958633525401e+01,-4.988057076255232869e-01,-7.488288633693837015e-01,4.364037115162036073e-01,2.308178706165712768e+01,0.000000000000000000e+00,0.000000000000000000e+00,0.000000000000000000e+00,1.000000000000000056e-01
8.161313771218943192e-01,-5.638533559484110169e-01,-1.264870280417516590e-01,2.012968961042501235e+02,3.452974637534172997e-01,3.003323513798956679e-01,8.891401128281641864e-01,4.131491006280058542e+01,-4.633564899756750788e-01,-7.693307947172902672e-01,4.398077892637699549e-01,2.293324838709219549e+01,0.000000000000000000e+00,0.000000000000000000e+00,0.000000000000000000e+00,1.000000000000000056e-01
8.431301557480320730e-01,-5.228461769187977559e-01,-1.255524422291197095e-01,2.015735363504997224e+02,3.284869197458407664e-01,3.159712792615443355e-01,8.900890372528543759e-01,4.142481672013409622e+01,-4.257086844594420438e-01,-7.917032436230261316e-01,4.381530440526355541e-01,2.279022542248736727e+01,0.000000000000000000e+00,0.000000000000000000e+00,0.000000000000000000e+00,1.000000000000000056e-01
8.677735775272092944e-01,-4.806037713224778352e-01,-1.264477486404553819e-01,2.018507239188864446e+02,3.135052690317417512e-01,3.319906564823564832e-01,8.896609749212052165e-01,4.153878295818440591e+01,-3.855949486637028079e-01,-8.116663224497031592e-01,4.387645343074243476e-01,2.262711195405234221e+01,0.000000000000000000e+00,0.000000000000000000e+00,0.000000000000000000e+00,1.000000000000000056e-01
8.919364638796521971e-01,-4.347620603255162308e-01,-1.242227648354926606e-01,2.021802120744693525e+02,2.943640601200309126e-01,3.497832035012373719e-01,8.893826570481700999e-01,4.165602602442465496e+01,-3.432187997641049093e-01,-8.298395395797456553e-01,4.399627189189591059e-01,2.250274443390060952e+01,0.000000000000000000e+00,0.000000000000000000e+00,0.000000000000000000e+00,1.000000000000000056e-01
9.143023440536331981e-01,-3.860743783258614448e-01,-1.224654974200132945e-01,2.025229462292790572e+02,2.750043776028835429e-01,3.697438171697086107e-01,8.875032968750165008e-01,4.176216943265136905e+01,-2.973614231155116694e-01,-8.451248925839733861e-01,4.442297828575263452e-01,2.241555915246760478e+01,0.000000000000000000e+00,0.000000000000000000e+00,0.000000000000000000e+00,1.000000000000000056e-01
9.352477788619293353e-01,-3.329066989532409870e-01,-1.203524903185796968e-01,2.028819808182369684e+02,2.530899076933743608e-01,3.911223185323788876e-01,8.848552596722335517e-01,4.186128686415492695e+01,-2.475016984943474441e-01,-8.580189168881492412e-01,4.500516053793170990e-01,2.233327061498871302e+01,0.000000000000000000e+00,0.000000000000000000e+00,0.000000000000000000e+00,1.000000000000000056e-01
9.524946358271488833e-01,-2.786056621887600393e-01,-1.230156645182623049e-01,2.032554753450102965e+02,2.341062419120398530e-01,4.114221541356291034e-01,8.808666633402698620e-01,4.193531103342792932e+01,-1.948030703513900508e-01,-8.678195066272486047e-01,4.571007194250630290e-01,2.227573826942263224e+01,0.000000000000000000e+00,0.000000000000000000e+00,0.000000000000000000e+00,1.000000000000000056e-01
9.676652196527659733e-01,-2.190224044733792008e-01,-1.251127851702761862e-01,2.035921904366017259e+02,2.106184492477370662e-01,4.286681790569007999e-01,8.785689848273267044e-01,4.201331888390902947e+01,-1.387944217569373473e-01,-8.765117104766716460e-01,4.609374468259409552e-01,2.221952723109411565e+01,0.000000000000000000e+00,0.000000000000000000e+00,0.000000000000000000e+00,1.000000000000000056e-01
9.790404422749033886e-01,-1.559689139166360039e-01,-1.309714101696496935e-01,2.039521185753365273e+02,1.875295855815406754e-01,4.394892133308262450e-01,8.784542594224628020e-01,4.208509072433295017e+01,-7.945103474327595838e-02,-8.846032609353849940e-01,4.595264995848511447e-01,2.218304474010019689e+01,0.000000000000000000e+00,0.000000000000000000e+00,0.000000000000000000e+00,1.000000000000000056e-01
9.873951302363064286e-01,-9.059552313126348344e-02,-1.297817705773820218e-01,2.043337993385219988e+02,1.569100643396072747e-01,4.528658578649041866e-01,8.776626609861131190e-01,4.214933842437927325e+01,-2.073857503706134225e-02,-8.869639034193315119e-01,4.613728920695006064e-01,2.216916615107785304e+01,0.000000000000000000e+00,0.000000000000000000e+00,0.000000000000000000e+00,1.000000000000000056e-01
9.916362487470765652e-01,-2.614414655505027663e-02,-1.263884241999013169e-01,2.047298776214211387e+02,1.239496080829837338e-01,4.658550209600548220e-01,8.761367439517543376e-01,4.220154550767741597e+01,3.597283456861411627e-02,-8.844747498075992143e-01,4.651992821639820974e-01,2.218668412846936988e+01,0.000000000000000000e+00,0.000000000000000000e+00,0.000000000000000000e+00,1.000000000000000056e-01
9.913881363174508188e-01,3.477767993833428412e-02,-1.262540143802100834e-01,2.051421642622132993e+02,9.427871201023632630e-02,4.795886227029779736e-01,8.724140516036817949e-01,4.224886867355084519e+01,9.089052552770521265e-02,-8.768040065784186154e-01,4.721796759892680218e-01,2.223256728925408154e+01,0.000000000000000000e+00,0.000000000000000000e+00,0.000000000000000000e+00,1.000000000000000056e-01
9.877207929725595470e-01,9.157755614914843412e-02,-1.265748250617304282e-01,2.056086483272884493e+02,6.594722541952584283e-02,4.900704027064129997e-01,8.691846546336633450e-01,4.227336481710317884e+01,1.416283820041885078e-01,-8.668590148351252855e-01,4.780134410348226837e-01,2.232123586144433958e+01,0.000000000000000000e+00,0.000000000000000000e+00,0.000000000000000000e+00,1.000000000000000056e-01
9.815380085145249955e-01,1.446828442811016746e-01,-1.251000096405700257e-01,2.060474956175403349e+02,3.722834965720710904e-02,4.970334459907903568e-01,8.669324100230195729e-01,4.228928320333623248e+01,1.876091357667343529e-01,-8.555843781517114000e-01,4.824709152266160039e-01,2.241149718881541020e+01,0.000000000000000000e+00,0.000000000000000000e+00,0.000000000000000000e+00,1.000000000000000056e-01
9.716072375734843281e-01,1.991520075274446078e-01,-1.277413550601820269e-01,2.065017752865342686e+02,1.034243168641017785e-02,5.036395980640920866e-01,8.638519487554865428e-01,4.228897515615238945e+01,2.363734545198228898e-01,-8.406459618410289103e-01,4.872801625746084886e-01,2.251791504692237211e+01,0.000000000000000000e+00,0.000000000000000000e+00,0.000000000000000000e+00,1.000000000000000056e-01
9.599789421776100395e-01,2.479603694695206584e-01,-1.302155357401556524e-01,2.069674457001414964e+02,-1.371709043826403740e-02,5.060037796671180699e-01,8.624221799052358417e-01,4.227594976270712834e+01,2.797360756239091750e-01,-8.261209536957221378e-01,4.891542679558312789e-01,2.265976934882821325e+01,0.000000000000000000e+00,0.000000000000000000e+00,0.000000000000000000e+00,1.000000000000000056e-01
9.470857076204367564e-01,2.927465780848297339e-01,-1.316362542794320412e-01,2.074465722102005145e+02,-3.748807871609410869e-02,5.081823148929852652e-01,8.604332506267891034e-01,4.225834469937746007e+01,3.187841062149625593e-01,-8.099692437677059598e-01,4.922667140637259076e-01,2.282928039555324773e+01,0.000000000000000000e+00,0.000000000000000000e+00,0.000000000000000000e+00,1.000000000000000056e-01
9.346554630065357916e-01,3.304357126158141700e-01,-1.312684474659365219e-01,2.079100120830290166e+02,-5.984553217966817606e-02,5.101294769658789585e-01,8.580130704183072110e-01,4.223833473230352809e+01,3.504820648052772714e-01,-7.940907735004844037e-01,4.965704035594867838e-01,2.302113823254145331e+01,0.000000000000000000e+00,0.000000000000000000e+00,0.000000000000000000e+00,1.000000000000000056e-01
9.236448343726476606e-01,3.606864003183696266e-01,-1.295590234684608211e-01,2.084092689195391586e+02,-8.034835832630701780e-02,5.127831828871507458e-01,8.547499919054638573e-01,4.216640025250918455e+01,3.747323861784456200e-01,-7.790755598614936828e-01,5.026100981630876596e-01,2.325033851752055014e+01,0.000000000000000000e+00,0.000000000000000000e+00,0.000000000000000000e+00,1.000000000000000056e-01
9.114020381377818669e-01,3.905341956869654019e-01,-1.297280496940895478e-01,2.089303085237363575e+02,-9.881723019665056285e-02,5.137146428103920304e-01,8.522513835591313258e-01,4.210183731692554687e+01,3.994765073124567634e-01,-7.639242814319534558e-01,5.067920799934766407e-01,2.350867878034447145e+01,0.000000000000000000e+00,0.000000000000000000e+00,0.000000000000000000e+00,1.000000000000000056e-01
9.026832146447717475e-01,4.098998298953838715e-01,-1.309394648313344234e-01,2.094476646438678813e+02,-1.108795732754120911e-01,5.155881448205910100e-01,8.496320292636829752e-01,4.202589359515193479e+01,4.157748600250421589e-01,-7.524300594554929056e-01,5.108622822238494399e-01,2.380035053288957059e+01,0.000000000000000000e+00,0.000000000000000000e+00,0.000000000000000000e+00,1.000000000000000056e-01
8.947828188295742224e-01,4.270778774010740020e-01,-1.302620196450008372e-01,2.099629824328941083e+02,-1.235091165593589779e-01,5.170990055635862337e-01,8.469676006624320408e-01,4.196010799329237528e+01,4.290794859395261618e-01,-7.417635102104602751e-01,5.154393171520081918e-01,2.404824326753561081e+01,0.000000000000000000e+00,0.000000000000000000e+00,0.000000000000000000e+00,1.000000000000000056e-01
8.874677988776790150e-01,4.419803014130158081e-01,-1.305921862825920043e-01,2.105300550370701274e+02,-1.331074174433985735e-01,5.170956923658940330e-01,8.455143170628074412e-01,4.187022160373470570e+01,4.412293296878125326e-01,-7.329839412289307354e-01,5.177366323950307603e-01,2.433771607405780557e+01,0.000000000000000000e+00,0.000000000000000000e+00,0.000000000000000000e+00,1.000000000000000056e-01
8.806890974813738060e-01,4.553983424266453417e-01,-1.303804559453107526e-01,2.110708075470149936e+02,-1.438649711652546515e-01,5.193818942437219421e-01,8.423451299814250781e-01,4.178934610419886297e+01,4.513198241259336330e-01,-7.230869917560869276e-01,5.229298410915839135e-01,2.462542713244648951e+01,0.000000000000000000e+00,0.000000000000000000e+00,0.000000000000000000e+00,1.000000000000000056e-01
8.768839523383344936e-01,4.618959061815276490e-01,-1.331416763611117104e-01,2.116297581897202917e+02,-1.468605922218761128e-01,5.211490029647267708e-01,8.407352039501564400e-01,4.170936535367197706e+01,4.577188007759145361e-01,-7.176739430699826672e-01,5.248215038035712876e-01,2.491365238034281404e+01,0.000000000000000000e+00,0.000000000000000000e+00,0.000000000000000000e+00,1.000000000000000056e-01
8.733292584241647560e-01,4.679332638827263802e-01,-1.354048261043797885e-01,2.122041619833428570e+02,-1.501347766157230534e-01,5.229880792992720462e-01,8.390131213285079159e-01,4.160692273319894241e+01,4.634172582358641046e-01,-7.124057337380975685e-01,5.269938475032108771e-01,2.521899241688563720e+01,0.000000000000000000e+00,0.000000000000000000e+00,0.000000000000000000e+00,1.000000000000000056e-01
8.702165136844403071e-01,4.737785924512200042e-01,-1.351187057584517792e-01,2.128009810024787498e+02,-1.559046396640716148e-01,5.249838901762514665e-01,8.367112156452939375e-01,4.151498342616607573e+01,4.673510058212289042e-01,-7.070542839063703733e-01,5.307139313863311614e-01,2.556454443498899920e+01,0.000000000000000000e+00,0.000000000000000000e+00,0.000000000000000000e+00,1.000000000000000056e-01
8.674135225345305233e-01,4.782145033692067893e-01,-1.374942533038394921e-01,2.134185595817879175e+02,-1.586397450040501200e-01,5.276813058998158779e-01,8.344973760946854391e-01,4.140869157355614050e+01,4.716218954091162541e-01,-7.020422552604705935e-01,5.335817271979098608e-01,2.589987451032728316e+01,0.000000000000000000e+00,0.000000000000000000e+00,0.000000000000000000e+00,1.000000000000000056e-01
8.632266307899078006e-01,4.852953145442669980e-01,-1.390260463959369919e-01,2.140274234442764509e+02,-1.636621056306541144e-01,5.295612077061123690e-01,8.323338527738640691e-01,4.128738137626250904e+01,4.775505199197723760e-01,-6.957394519317018355e-01,5.365557901561872622e-01,2.624426160483440285e+01,0.000000000000000000e+00,0.000000000000000000e+00,0.000000000000000000e+00,1.000000000000000056e-01
8.616687731759584690e-01,4.877662821589379138e-01,-1.400392063755217242e-01,2.146788957816401933e+02,-1.662679125712227535e-01,5.320780937586885306e-01,8.302095418575532459e-01,4.117023191666028481e+01,4.794600156245011346e-01,-6.920816108891838514e-01,5.395749598400444436e-01,2.659968762079956406e+01,0.000000000000000000e+00,0.000000000000000000e+00,0.000000000000000000e+00,1.000000000000000056e-01
8.584186045620527672e-01,4.933617234426829756e-01,-1.403983945186119964e-01,2.153027100034594241e+02,-1.718249590631906742e-01,5.344624855072145353e-01,8.275421651060346218e-01,4.104716681035283443e+01,4.833153036938423464e-01,-6.862536421958838062e-01,5.435643989337535231e-01,2.695860772890482338e+01,0.000000000000000000e+00,0.000000000000000000e+00,0.000000000000000000e+00,1.000000000000000056e-01
8.568496746510969597e-01,4.958495371157949916e-01,-1.412156917355902042e-01,2.159736404854506588e+02,-1.750123665060406286e-01,5.373798414777006816e-01,8.249809558670773146e-01,4.092989128662704701e+01,4.849528911350716731e-01,-6.821701712296228681e-01,5.472335432557859924e-01,2.733407433165625378e+01,0.000000000000000000e+00,0.000000000000000000e+00,0.000000000000000000e+00,1.000000000000000056e-01
8.552147532154030785e-01,4.979657742654735597e-01,-1.436586702670767102e-01,2.166250226274927684e+02,-1.757991660520707433e-01,5.394765922464407337e-01,8.234437804935830219e-01,4.080056160196395609e+01,4.875473095999133255e-01,-6.789661950924765765e-01,5.489103085418703953e-01,2.771027523369795986e+01,0.000000000000000000e+00,0.000000000000000000e+00,0.000000000000000000e+00,1.000000000000000056e-01
8.565758094030530012e-01,4.945673698402595075e-01,-1.472446923824168308e-01,2.172868697235477100e+02,-1.726524748889896876e-01,5.435817615823503868e-01,8.214073236767102104e-01,4.066881681884223809e+01,4.862807889072026657e-01,-6.781754825738813830e-01,5.510072678063981932e-01,2.809328621913108037e+01,0.000000000000000000e+00,0.000000000000000000e+00,0.000000000000000000e+00,1.000000000000000056e-01
8.556822644711303827e-01,4.947722581683937637e-01,-1.516847876898233249e-01,2.179766048281750273e+02,-1.708892938508815018e-01,5.468202994647008985e-01,8.196245538906713479e-01,4.054602491164401101e+01,4.884718124075385637e-01,-6.754168880330749802e-01,5.524557139201397016e-01,2.850191097695836362e+01,0.000000000000000000e+00,0.000000000000000000e+00,0.000000000000000000e+00,1.000000000000000056e-01
8.548541070939996711e-01,4.956394813177300573e-01,-1.535120846826467378e-01,2.186624267048690058e+02,-1.709625578238467003e-01,5.483952416313094824e-01,8.185563284090263680e-01,4.042593729956600157e+01,4.898941308148613283e-01,-6.735014205740247339e-01,5.535337181038950671e-01,2.889505298835917912e+01,0.000000000000000000e+00,0.000000000000000000e+00,0.000000000000000000e+00,1.000000000000000056e-01
8.524686381304666938e-01,4.991103498475834566e-01,-1.555187438189049587e-01,2.193279238311912991e+02,-1.716701287536896436e-01,5.482485140607327168e-01,8.185065263783118938e-01,4.029203096929845174e+01,4.937879989405159487e-01,-6.710532210676151132e-01,5.530470021590385699e-01,2.928821545204869992e+01,0.000000000000000000e+00,0.000000000000000000e+00,0.000000000000000000e+00,1.000000000000000056e-01
8.529043325277688714e-01,4.985272093835739771e-01,-1.549994227717872708e-01,2.199910172541894440e+02,-1.715420486221876928e-01,5.480233092000081907e-01,8.186841748366552318e-01,4.015393928195885564e+01,4.930796336392977430e-01,-6.716703611725757250e-01,5.529298335344527970e-01,2.966566782453097773e+01,0.000000000000000000e+00,0.000000000000000000e+00,0.000000000000000000e+00,1.000000000000000056e-01
8.535990572391305431e-01,4.971458778256933053e-01,-1.556104933524361245e-01,2.207506448023530368e+02,-1.737215274968006984e-01,5.532804660898107407e-01,8.146788058662262078e-01,4.001829706136668108e+01,4.911104563788537547e-01,-6.683761680403954575e-01,5.586446255277064399e-01,3.009663971581057140e+01,0.000000000000000000e+00,0.000000000000000000e+00,0.000000000000000000e+00,1.000000000000000056e-01
8.504510658863728700e-01,5.033357742901791720e-01,-1.529250890221683645e-01,2.215655566532101091e+02,-1.833050627311545444e-01,5.560269279391987229e-01,8.106992718533949649e-01,3.984286503320647199e+01,4.930844131686377141e-01,-6.614281168246503029e-01,5.651376892085124837e-01,3.059768324850310961e+01,0.000000000000000000e+00,0.000000000000000000e+00,0.000000000000000000e+00,1.000000000000000056e-01
8.488119371319092776e-01,5.070771849001188825e-01,-1.496363055416241594e-01,2.224119356952720068e+02,-1.889169024487657722e-01,5.552454231609422752e-01,8.099462476164636104e-01,3.969614586142353119e+01,4.937901369524701489e-01,-6.592232160752509174e-01,5.670943942906365720e-01,3.108204881527909080e+01,0.000000000000000000e+00,0.000000000000000000e+00,0.000000000000000000e+00,1.000000000000000056e-01
8.461317991714656372e-01,5.108260566733648922e-01,-1.520451191403347779e-01,2.232059932606385360e+02,-1.919644121103584178e-01,5.582227639276017284e-01,8.071784253287208610e-01,3.954116487671210933e+01,4.972028186907058167e-01,-6.537920813657573937e-01,5.703904552404851502e-01,3.156148141863038958e+01,0.000000000000000000e+00,0.000000000000000000e+00,0.000000000000000000e+00,1.000000000000000056e-01
8.449785792946435947e-01,5.106263267162021169e-01,-1.589715540514222425e-01,2.240494875254001954e+02,-1.872840463374339237e-01,5.609624647140466491e-01,8.063781985950636555e-01,3.936674601040186872e+01,5.009350122727335153e-01,-6.515994687277303354e-01,5.696334311055275545e-01,3.206406956742412007e+01,0.000000000000000000e+00,0.000000000000000000e+00,0.000000000000000000e+00,1.000000000000000056e-01
8.443363233311151905e-01,5.100779846309720922e-01,-1.640628620331254783e-01,2.248818127184752029e+02,-1.835372586471352152e-01,5.629973156693919289e-01,8.058213804791689583e-01,3.917858196541261151e+01,5.033986966530497043e-01,-6.502726137120222738e-01,5.689773985530057754e-01,3.256453959065658665e+01,0.000000000000000000e+00,0.000000000000000000e+00,0.000000000000000000e+00,1.000000000000000056e-01
8.420856622322220320e-01,5.126242546248045429e-01,-1.676547375807897478e-01,2.256915631461044711e+02,-1.856471120026233490e-01,5.673484440101428383e-01,8.022785631464642853e-01,3.902302510407189828e+01,5.063861049318053587e-01,-6.444626572964745614e-01,5.729232026042943016e-01,3.302620135676313851e+01,0.000000000000000000e+00,0.000000000000000000e+00,0.000000000000000000e+00,1.000000000000000056e-01
8.399114730125277761e-01,5.140653586717259804e-01,-1.740273671456176729e-01,2.264830278605230944e+02,-1.827990607946324841e-01,5.698789200225967688e-01,8.011382651493306195e-01,3.886028563754149445e+01,5.110119576629554849e-01,-6.410731811014938053e-01,5.726185079072151352e-01,3.351320967411831475e+01,0.000000000000000000e+00,0.000000000000000000e+00,0.000000000000000000e+00,1.000000000000000056e-01
8.420005257206701899e-01,5.113630048254633742e-01,-1.718807493059888170e-01,2.273317721769143418e+02,-1.837144987220387105e-01,5.713570034436901146e-01,7.998750887327078507e-01,3.870998597172174982e+01,5.072317987325174471e-01,-6.419182595250895185e-01,5.750276953702793126e-01,3.401166063949739282e+01,0.000000000000000000e+00,0.000000000000000000e+00,0.000000000000000000e+00,1.000000000000000056e-01
8.411479202050503590e-01,5.146059082874450130e-01,-1.662857044077210023e-01,2.282508205645574719e+02,-1.905275953319107152e-01,5.697476673583519169e-01,7.994290656191807010e-01,3.854988001433630984e+01,5.061318126256815209e-01,-6.407560804981646818e-01,5.772886916897572718e-01,3.455588371979970219e+01,0.000000000000000000e+00,0.000000000000000000e+00,0.000000000000000000e+00,1.000000000000000056e-01
8.449333133956857811e-01,5.108039272191142732e-01,-1.586412425938400761e-01,2.291754199477247482e+02,-1.952754966585555640e-01,5.707184962031884856e-01,7.975887903527265621e-01,3.838054915817787816e+01,4.979509778270772014e-01,-6.429305919219436838e-01,5.819665605960163690e-01,3.512694412359679319e+01,0.000000000000000000e+00,0.000000000000000000e+00,0.000000000000000000e+00,1.000000000000000056e-01
8.447125962665452681e-01,5.119846700431849307e-01,-1.559882282398374065e-01,2.300628866086665596e+02,-1.994129819024567374e-01,5.715234897140830661e-01,7.959870371769925956e-01,3.820944463502934951e+01,4.966840971456636389e-01,-6.412741990333055142e-01,5.848694805653562589e-01,3.565010450828516753e+01,0.000000000000000000e+00,0.000000000000000000e+00,0.000000000000000000e+00,1.000000000000000056e-01
8.455491916216555381e-01,5.106735142720133513e-01,-1.557534152724640020e-01,2.309717306777798171e+02,-1.992954618405942957e-01,5.725425033761472049e-01,7.952838491491694972e-01,3.803364003090836576e+01,4.953058483782611932e-01,-6.414106669278633044e-01,5.858877647753404361e-01,3.619749932686513461e+01,0.000000000000000000e+00,0.000000000000000000e+00,0.000000000000000000e+00,1.000000000000000056e-01
8.449638503700553915e-01,5.104869195087143874e-01,-1.594966977034755762e-01,2.318300679535036863e+02,-1.978635382522862807e-01,5.754420277488835334e-01,7.935467805558404919e-01,3.781726845456368835e+01,4.968763546377474305e-01,-6.389597622000593447e-01,5.872344595569531922e-01,3.674773308121280024e+01,0.000000000000000000e+00,0.000000000000000000e+00,0.000000000000000000e+00,1.000000000000000056e-01
8.456747838571692100e-01,5.091834682808510371e-01,-1.598948266130383322e-01,2.327249940942588466e+02,-1.976901397067082344e-01,5.771480625801250763e-01,7.923501262211990470e-01,3.764357073162941703e+01,4.957345747583803419e-01,-6.384608911198018655e-01,5.887401140568190305e-01,3.727528234597524914e+01,0.000000000000000000e+00,0.000000000000000000e+00,0.000000000000000000e+00,1.000000000000000056e-01
8.456213591568337851e-01,5.093134031794355199e-01,-1.597634948276075162e-01,2.336362344171361940e+02,-2.000761231099569826e-01,5.799144351827349997e-01,7.897270369108422283e-01,3.745957056899896287e+01,4.948677216176444738e-01,-6.358451896558401373e-01,5.922894840299719466e-01,3.784002978193220912e+01,0.000000000000000000e+00,0.000000000000000000e+00,0.000000000000000000e+00,1.000000000000000056e-01
8.481662758341541597e-01,5.066093015908122998e-01,-1.547933592867953290e-01,2.345327471459504238e+02,-2.024376158866487696e-01,5.800144075809097188e-01,7.890515183894497575e-01,3.729557855291720614e+01,4.895232172346385968e-01,-6.379108891845599594e-01,5.945054392080976191e-01,3.837610613694898376e+01,0.000000000000000000e+00,0.000000000000000000e+00,0.000000000000000000e+00,1.000000000000000056e-01
8.516440112675396357e-01,5.015602680364719124e-01,-1.521176373709411944e-01,2.354517805275495164e+02,-2.053078049268782235e-01,5.862849711691322518e-01,7.836572195911404304e-01,3.710336550148991819e+01,4.822356097471874881e-01,-6.361660397320751947e-01,6.022803222614583341e-01,3.893511284360314306e+01,0.000000000000000000e+00,0.000000000000000000e+00,0.000000000000000000e+00,1.000000000000000056e-01
8.538508590180409197e-01,4.995752101980724946e-01,-1.461619646478020396e-01,2.363920149190515474e+02,-2.097396604144831367e-01,5.872077246871683087e-01,7.817904853072440430e-01,3.691129267412231485e+01,4.763905807248616231e-01,-6.368765166209778839e-01,6.061685550846056536e-01,3.946331990303264092e+01,0.000000000000000000e+00,0.000000000000000000e+00,0.000000000000000000e+00,1.000000000000000056e-01
8.565551740428478666e-01,4.959221074815118868e-01,-1.427392627538846825e-01,2.373350797929696512e+02,-2.113020322395620931e-01,5.893861440859393674e-01,7.797277886101916522e-01,3.670543356684534331e+01,4.708127918736467743e-01,-6.377187753787749713e-01,6.096311003693446473e-01,4.000619990984333185e+01,0.000000000000000000e+00,0.000000000000000000e+00,0.000000000000000000e+00,1.000000000000000056e-01
8.607502781146553206e-01,4.887334998872319147e-01,-1.422973113362320241e-01,2.382925444841294791e+02,-2.082463071272474264e-01,5.931825281588168908e-01,7.776682865174446846e-01,3.650903652417996881e+01,4.644808223096058564e-01,-6.397453043009315721e-01,6.123589726063470851e-01,4.055366773130474201e+01,0.000000000000000000e+00,0.000000000000000000e+00,0.000000000000000000e+00,1.000000000000000056e-01
8.634536834841947117e-01,4.846710512793924730e-01,-1.397916611579694823e-01,2.392387942536321646e+02,-2.086846053390990219e-01,5.955254797943556611e-01,7.757577833384379229e-01,3.631844795069873300e+01,4.592368364711617579e-01,-6.406585478766599895e-01,6.153520561926549837e-01,4.105787415052959233e+01,0.000000000000000000e+00,0.000000000000000000e+00,0.000000000000000000e+00,1.000000000000000056e-01
8.655148893503813445e-01,4.822780048077784931e-01,-1.352475596505368638e-01,2.401516931997148845e+02,-2.133028696019518555e-01,5.992019481652266499e-01,7.716598415976885228e-01,3.614408415772513194e+01,4.531951700232140223e-01,-6.390343898364354569e-01,6.214894902361621787e-01,4.156199167382167303e+01,0.000000000000000000e+00,0.000000000000000000e+00,0.000000000000000000e+00,1.000000000000000056e-01
8.687418495773250315e-01,4.781113462311155082e-01,-1.292174113579076800e-01,2.410774605174738383e+02,-2.178916087988344019e-01,6.032636379413289784e-01,7.672002541402400677e-01,3.593750932280754284e+01,4.447593119969767139e-01,-6.383435781323907321e-01,6.282568190231700989e-01,4.206029323236000295e+01,0.000000000000000000e+00,0.000000000000000000e+00,0.000000000000000000e+00,1.000000000000000056e-01
8.741106780704261947e-01,4.707143469437672367e-01,-1.198270673285568855e-01,2.420328263254407943e+02,-2.218589236132374187e-01,6.063750484024018617e-01,7.636019373260917176e-01,3.572561788597620591e+01,4.320985310047182892e-01,-6.408879030347566230e-01,6.344710830662632084e-01,4.256494262399984052e+01,0.000000000000000000e+00,0.000000000000000000e+00,0.000000000000000000e+00,1.000000000000000056e-01
8.780922200744902817e-01,4.659624799293881625e-01,-1.087796871787533037e-01,2.430068893457072079e+02,-2.282581253245504205e-01,6.077186407770969190e-01,7.606420195304488541e-01,3.550513876507232425e+01,4.205380853953357700e-01,-6.430839921426223516e-01,6.399927326008733042e-01,4.306704299811989500e+01,0.000000000000000000e+00,0.000000000000000000e+00,0.000000000000000000e+00,1.000000000000000056e-01
8.229285414224913886e-01,5.438106917691275521e-01,-1.644948243253690212e-01,2.432990763448709117e+02,-2.430717361600944482e-01,5.986906067019860389e-01,7.632075003083536036e-01,3.517420729779748712e+01,5.135219048807641018e-01,-5.880811924933417867e-01,6.248645967273556145e-01,4.375297083581109803e+01,0.000000000000000000e+00,0.000000000000000000e+00,0.000000000000000000e+00,1.000000000000000056e-01
7.723707660673467812e-01,5.973653656112274390e-01,-2.158657446022979876e-01,2.435148213049568540e+02,-2.461373515065413686e-01,5.947878601537174292e-01,7.652736802001668392e-01,3.483834925674322136e+01,5.855423160779118508e-01,-5.379423959699835001e-01,6.064306841677689075e-01,4.452446950264517511e+01,0.000000000000000000e+00,0.000000000000000000e+00,0.000000000000000000e+00,1.000000000000000056e-01
7.334733134999199544e-01,6.280140077593037162e-01,-2.600294299527367015e-01,2.436837877730591515e+02,-2.398376652260813813e-01,5.970674638752091479e-01,7.654987510901163361e-01,3.449525888019933006e+01,6.359990508816425470e-01,-4.991080540721848369e-01,5.885544644618090349e-01,4.536742061314026131e+01,0.000000000000000000e+00,0.000000000000000000e+00,0.000000000000000000e+00,1.000000000000000056e-01
7.053177445917032662e-01,6.425752928329504510e-01,-2.993724640054941655e-01,2.437804653177938974e+02,-2.277094765637014961e-01,6.052973950448371498e-01,7.627341986793428896e-01,3.416250189324586728e+01,6.713235236807644224e-01,-4.698000176591975441e-01,5.732474770640161310e-01,4.624209704502277418e+01,0.000000000000000000e+00,0.000000000000000000e+00,0.000000000000000000e+00,1.000000000000000056e-01
6.959458669346167969e-01,6.388442158211287136e-01,-3.279289834834848705e-01,2.438428710964188042e+02,-2.087777275913207109e-01,6.169468065267045276e-01,7.588072867192996451e-01,3.386859261408876876e+01,6.870743851712337591e-01,-4.596245270091535162e-01,5.627380237847651179e-01,4.712787336603959432e+01,0.000000000000000000e+00,0.000000000000000000e+00,0.000000000000000000e+00,1.000000000000000056e-01
6.941048652829072685e-01,6.217090347541746054e-01,-3.628998651083102933e-01,2.438714922992876097e+02,-1.768716737260650484e-01,6.359476281840621414e-01,7.511904054501803429e-01,3.357389368449732103e+01,6.978071703729745723e-01,-4.572182086401399559e-01,5.513770603352700084e-01,4.802345430489825162e+01,0.000000000000000000e+00,0.000000000000000000e+00,0.000000000000000000e+00,1.000000000000000056e-01
7.140850176560863405e-01,5.825194120732124503e-01,-3.882701664009039488e-01,2.438671269066649074e+02,-1.364278736713041562e-01,6.597872574976421101e-01,7.389642820388997446e-01,3.331185946234524664e+01,6.866367473742090999e-01,-4.747124491748861419e-01,5.506160801808711591e-01,4.889153653868726224e+01,0.000000000000000000e+00,0.000000000000000000e+00,0.000000000000000000e+00,1.000000000000000056e-01
7.495892504080526875e-01,5.278404192620731461e-01,-3.993750711623506033e-01,2.439019094705244868e+02,-9.197410778692785560e-02,6.805823542429960682e-01,7.268757958481349979e-01,3.308989860401324989e+01,6.554820509895692426e-01,-5.081261171070622362e-01,5.587048683734623378e-01,4.976040660222817991e+01,0.000000000000000000e+00,0.000000000000000000e+00,0.000000000000000000e+00,1.000000000000000056e-01
7.956428645355744234e-01,4.538674291407720496e-01,-4.011942034461263851e-01,2.439842651618944558e+02,-4.042152441769253368e-02,7.005949323471739598e-01,7.124133920226435324e-01,3.291127850847173164e+01,6.044158605441913856e-01,-5.506097506715669221e-01,5.757693722212214871e-01,5.059604537694143289e+01,0.000000000000000000e+00,0.000000000000000000e+00,0.000000000000000000e+00,1.000000000000000056e-01
8.489382783136842914e-01,3.581338057139236142e-01,-3.886437659588263260e-01,2.441060619902026758e+02,1.909051678711118361e-02,7.141217516173616886e-01,6.997611564210692858e-01,3.278239567830733137e+01,5.281470929415388316e-01,-6.014734417011384782e-01,5.994083308943818356e-01,5.137496254440147680e+01,0.000000000000000000e+00,0.000000000000000000e+00,0.000000000000000000e+00,1.000000000000000056e-01
8.995914148922848907e-01,2.404164196336423531e-01,-3.646028406672627287e-01,2.442845118494649341e+02,8.652468212508195033e-02,7.201831539216337896e-01,6.883674194720736939e-01,3.271054894525791923e+01,4.280756541024617889e-01,-6.507965657392704717e-01,6.270686281314995503e-01,5.207278524311314527e+01,0.000000000000000000e+00,0.000000000000000000e+00,0.000000000000000000e+00,1.000000000000000056e-01
9.394885177918655961e-01,1.071062675377769113e-01,-3.254067798792300015e-01,2.445172126018967163e+02,1.554184392565341466e-01,7.132401573990665433e-01,6.834717160295794569e-01,3.272030164256134555e+01,3.052972873713530322e-01,-6.926880432976169066e-01,6.534346493691718383e-01,5.266771790538942355e+01,0.000000000000000000e+00,0.000000000000000000e+00,0.000000000000000000e+00,1.000000000000000056e-01
9.611234488816224886e-01,-4.233073289290831265e-02,-2.728549524246250413e-01,2.448150019343204065e+02,2.248000149995442454e-01,6.937626350868231206e-01,6.842209872647816438e-01,3.277748621601092083e+01,1.603329949389701858e-01,-7.189586324748712398e-01,6.763074859291173802e-01,5.313221506876613631e+01,0.000000000000000000e+00,0.000000000000000000e+00,0.000000000000000000e+00,1.000000000000000056e-01
9.577518208012278933e-01,-1.951771730568562235e-01,-2.112281251857021924e-01,2.450442931941801135e+02,2.875359359292967709e-01,6.648509162548044138e-01,6.894173951275167633e-01,3.290984137435092549e+01,5.876674331288300746e-03,-7.210264421452802219e-01,6.928826267313410447e-01,5.344524223890793024e+01,0.000000000000000000e+00,0.000000000000000000e+00,0.000000000000000000e+00,1.000000000000000056e-01
9.253279815381705298e-01,-3.493721226511715128e-01,-1.473337927860062513e-01,2.452432547252221013e+02,3.472203821664156531e-01,6.246624091432012582e-01,6.994532727864098964e-01,3.308896529177244616e+01,-1.523355926587850739e-01,-6.983809809249007516e-01,6.993267281404809133e-01,5.358521502630320299e+01,0.000000000000000000e+00,0.000000000000000000e+00,0.000000000000000000e+00,1.000000000000000056e-01
8.694504015408642816e-01,-4.878012400496777312e-01,-7.814057503260733728e-02,2.453704457500327010e+02,3.896508243028157237e-01,5.798985535510724487e-01,7.154648158431763383e-01,3.331719909666709611e+01,-3.036910179451576264e-01,-6.525087108961616922e-01,6.942651855192389920e-01,5.357738252039428772e+01,0.000000000000000000e+00,0.000000000000000000e+00,0.000000000000000000e+00,1.000000000000000056e-01
7.856722638560802441e-01,-6.186029838043290985e-01,-7.031517307295287456e-03,2.454926081458585827e+02,4.224109574824569391e-01,5.281202839550798167e-01,7.366532078759719937e-01,3.359420579947533980e+01,-4.519823855041431027e-01,-5.817381834670876106e-01,6.762341377735948678e-01,5.341929976134132119e+01,0.000000000000000000e+00,0.000000000000000000e+00,0.000000000000000000e+00,1.000000000000000056e-01
6.905378627293904392e-01,-7.206714444733766101e-01,6.156402567881891219e-02,2.455725188681301177e+02,4.342115439960840817e-01,4.811136539602087758e-01,7.615707367235120540e-01,3.392153073458500501e+01,-5.784615762500238123e-01,-4.991616182096867416e-01,6.451510549542832651e-01,5.311561046243247119e+01,0.000000000000000000e+00,0.000000000000000000e+00,0.000000000000000000e+00,1.000000000000000056e-01
5.865278919124601309e-01,-8.007623733109232589e-01,1.215098905364632720e-01,2.455341008146499462e+02,4.350001213044685788e-01,4.380002781537766232e-01,7.867214569352434239e-01,3.422930660353336663e+01,-6.831983068434985817e-01,-4.085772605354733855e-01,6.052311093289114430e-01,5.271753571501777458e+01,0.000000000000000000e+00,0.000000000000000000e+00,0.000000000000000000e+00,1.000000000000000056e-01
4.858252982652617735e-01,-8.562037333998409050e-01,1.757525148543931381e-01,2.454230227495160932e+02,4.223256619800339062e-01,4.059934129054683094e-01,8.104383899535463343e-01,3.457266030280643321e+01,-7.652547385012364867e-01,-3.195066753442630247e-01,5.588386794163948679e-01,5.217409726248818203e+01,0.000000000000000000e+00,0.000000000000000000e+00,0.000000000000000000e+00,1.000000000000000056e-01
3.922840866551622341e-01,-8.925891343729678296e-01,2.222562317606447957e-01,2.452334183112947414e+02,4.009926916036351541e-01,3.833995971964034855e-01,8.319913522087281077e-01,3.491166630242271651e+01,-8.278393906052051721e-01,-2.372538431068121345e-01,5.083232802985231391e-01,5.154490749361401924e+01,0.000000000000000000e+00,0.000000000000000000e+00,0.000000000000000000e+00,1.000000000000000056e-01
3.179867175334936125e-01,-9.108223145279972233e-01,2.632245407064776610e-01,2.449582067188477197e+02,3.725978019665052154e-01,3.753513200028139041e-01,8.486944471020616554e-01,3.526661282530285035e+01,-8.718115194478694985e-01,-1.717966761320114943e-01,4.587271265447354640e-01,5.078663642329262728e+01,0.000000000000000000e+00,0.000000000000000000e+00,0.000000000000000000e+00,1.000000000000000056e-01
2.620249933624312355e-01,-9.192575473314801293e-01,2.937830228715228031e-01,2.446024471148870134e+02,3.455761737280984569e-01,3.736070814078242819e-01,8.608105812972879356e-01,3.556982393976795009e+01,-9.010660414225282189e-01,-1.240294739005173841e-01,4.155678989035316295e-01,5.002569570916474362e+01,0.000000000000000000e+00,0.000000000000000000e+00,0.000000000000000000e+00,1.000000000000000056e-01
2.299311669575958561e-01,-9.185159830090419142e-01,3.216520595588530096e-01,2.441795386674389192e+02,3.131164121803409195e-01,3.827540574843069088e-01,8.691705493760191192e-01,3.583300672749800952e+01,-9.214606724569580631e-01,-9.913485984371739335e-02,3.756095162252114372e-01,4.925921214873265797e+01,0.000000000000000000e+00,0.000000000000000000e+00,0.000000000000000000e+00,1.000000000000000056e-01
2.242443699900026344e-01,-9.103016676070333491e-01,3.479444445305043265e-01,2.437316541105230669e+02,2.825792589274770394e-01,4.024350724892664655e-01,8.707439203661182514e-01,3.605797861327626919e+01,-9.326646905248342501e-01,-9.693753856176273720e-02,3.474761699250785707e-01,4.850260505498205532e+01,0.000000000000000000e+00,0.000000000000000000e+00,0.000000000000000000e+00,1.000000000000000056e-01
2.401615403932533255e-01,-8.969856299074001615e-01,3.711323406220001231e-01,2.432793737215220062e+02,2.496469939911012403e-01,4.265334920632236626e-01,8.693362747174184779e-01,3.625418005941747168e+01,-9.380825192418558167e-01,-1.161290656467039439e-01,3.263667066428141972e-01,4.772285730071436660e+01,0.000000000000000000e+00,0.000000000000000000e+00,0.000000000000000000e+00,1.000000000000000056e-01
2.789543997752408355e-01,-8.764858491374800664e-01,3.923735453719910948e-01,2.428421821917479804e+02,2.163275992558706950e-01,4.554457333250052642e-01,8.635806585352869824e-01,3.642229891730559643e+01,-9.356210839042836680e-01,-1.560183971773810296e-01,3.166566706955254995e-01,4.695490105220010690e+01,0.000000000000000000e+00,0.000000000000000000e+00,0.000000000000000000e+00,1.000000000000000056e-01
3.413676622890317036e-01,-8.460856921681001452e-01,4.093984863818487252e-01,2.424512146939930801e+02,1.826838877265603567e-01,4.869804407530765600e-01,8.540940507280501137e-01,3.655438924035171055e+01,-9.220058114287736917e-01,-2.167695823503990038e-01,3.208055982354461877e-01,4.618081316259899438e+01,0.000000000000000000e+00,0.000000000000000000e+00,0.000000000000000000e+00,1.000000000000000056e-01
4.212593139662752506e-01,-8.017569479823949408e-01,4.239414897820436012e-01,2.421029418880606272e+02,1.447003963649686198e-01,5.208698148615418244e-01,8.412826108139429548e-01,3.664693568772874954e+01,-8.953225037317470436e-01,-2.930536338762216308e-01,3.354358090357340005e-01,4.543005494640132724e+01,0.000000000000000000e+00,0.000000000000000000e+00,0.000000000000000000e+00,1.000000000000000056e-01
5.138031491001082696e-01,-7.416287114972073269e-01,4.312692642164568380e-01,2.418673966005025591e+02,1.023536654771605159e-01,5.520995239178331238e-01,8.274719589527440577e-01,3.671588494807629388e+01,-8.517805181724935615e-01,-3.810157083017630120e-01,3.595788910504958968e-01,4.474174713931142122e+01,0.000000000000000000e+00,0.000000000000000000e+00,0.000000000000000000e+00,1.000000000000000056e-01
6.172117117695913313e-01,-6.618339344353916243e-01,4.254709697314503769e-01,2.417135699493485106e+02,6.288380816168731569e-02,5.805284109768739098e-01,8.118080996884361467e-01,3.673814691813698374e+01,-7.842801345983047012e-01,-4.743022319981592405e-01,3.999275724378470454e-01,4.406199424932298570e+01,0.000000000000000000e+00,0.000000000000000000e+00,0.000000000000000000e+00,1.000000000000000056e-01
7.230945097175656144e-01,-5.609194510264676747e-01,4.031174760246441502e-01,2.416893300620839966e+02,2.091420299019136619e-02,6.011056227716193856e-01,7.988958795648083422e-01,3.672119944948865822e+01,-6.904324196687163795e-01,-5.692463436268254684e-01,4.463873588464303266e-01,4.344423286192544964e+01,0.000000000000000000e+00,0.000000000000000000e+00,0.000000000000000000e+00,1.000000000000000056e-01
8.148972219474133194e-01,-4.395653289186000068e-01,3.777894112797117732e-01,2.417758325675744402e+02,-2.988674358219356453e-02,6.190704066629419966e-01,7.847665985197329608e-01,3.665909264488412589e+01,-5.788344324765419824e-01,-6.507950162738360689e-01,4.913415783064740694e-01,4.295605560628817443e+01,0.000000000000000000e+00,0.000000000000000000e+00,0.000000000000000000e+00,1.000000000000000056e-01
8.928903463359117998e-01,-2.984340984672066988e-01,3.371704588071161024e-01,2.419263055440117967e+02,-8.031646826635720215e-02,6.312433662294165693e-01,7.714149839849975265e-01,3.655894304860214561e+01,-4.430531507001781999e-01,-7.158693326742111562e-01,5.396619350956901595e-01,4.258759757738462781e+01,0.000000000000000000e+00,0.000000000000000000e+00,0.000000000000000000e+00,1.000000000000000056e-01
9.486066140740482266e-01,-1.499704240955469781e-01,2.786653254920166134e-01,2.422000921896533896e+02,-1.243771059965056158e-01,6.330278031917780934e-01,7.640720750623762880e-01,3.639616714368662542e+01,-2.909911119586022776e-01,-7.594634107597241224e-01,5.818414736664128117e-01,4.232670335264545258e+01,0.000000000000000000e+00,0.000000000000000000e+00,0.000000000000000000e+00,1.000000000000000056e-01
9.776153259770409276e-01,-6.150028980520055866e-03,2.103103695929963157e-01,2.425505563038763626e+02,-1.592845314831927983e-01,6.314387656317517195e-01,7.588896647653263772e-01,3.621115089321357772e+01,-1.374653136066830150e-01,-7.754013556868394330e-01,6.163246102128552284e-01,4.222426959562381654e+01,0.000000000000000000e+00,0.000000000000000000e+00,0.000000000000000000e+00,1.000000000000000056e-01
9.816625522880157995e-01,1.387545336908774518e-01,1.307127109947831822e-01,2.429257574644520901e+02,-1.891792644804990708e-01,6.247646926599619288e-01,7.575488662100423598e-01,3.596461142809894795e+01,2.344865296762119883e-02,-7.683854880108879071e-01,6.395575834029908480e-01,4.229457931615189636e+01,0.000000000000000000e+00,0.000000000000000000e+00,0.000000000000000000e+00,1.000000000000000056e-01
9.627286364554533682e-01,2.662321498083574101e-01,4.768663289690133755e-02,2.432585281566484809e+02,-2.085175683445863182e-01,6.182941779047492759e-01,7.577814548144807816e-01,3.570663716574148339e+01,1.722614183161286783e-01,-7.394814074589777242e-01,6.507635913157752139e-01,4.254141691229690281e+01,0.000000000000000000e+00,0.000000000000000000e+00,0.000000000000000000e+00,1.000000000000000056e-01
9.278280059331276419e-01,3.713329797993820125e-01,-3.531302195320790149e-02,2.436289040428024464e+02,-2.166500564395406614e-01,6.135443474885020620e-01,7.593589972533756338e-01,3.540499790672743785e+01,3.036411441996947347e-01,-6.969039760097657243e-01,6.497129395131977514e-01,4.294605430863821738e+01,0.000000000000000000e+00,0.000000000000000000e+00,0.000000000000000000e+00,1.000000000000000056e-01
9.287650493819895603e-01,3.682395120933487642e-01,-4.236914891431012298e-02,2.446380808579248480e+02,-2.105043986913714416e-01,6.180758560081024422e-01,7.574101493586123945e-01,3.520062397624805328e+01,3.050956918379128524e-01,-6.945371825561997836e-01,6.515632899947951806e-01,4.328391241999072747e+01,0.000000000000000000e+00,0.000000000000000000e+00,0.000000000000000000e+00,1.000000000000000056e-01
9.298540706756304175e-01,3.650055909844848179e-01,-4.628526545269731618e-02,2.456556986738875707e+02,-2.070181821536756228e-01,6.230312539965183749e-01,7.543046657692854540e-01,3.500001809407969233e+01,3.041625872880280301e-01,-6.918113724806732590e-01,6.548909416083413815e-01,4.361052664412598290e+01,0.000000000000000000e+00,0.000000000000000000e+00,0.000000000000000000e+00,1.000000000000000056e-01
9.286407257403956894e-01,3.673601171746601612e-01,-5.170054937591345157e-02,2.466902717286791642e+02,-2.052927708986085897e-01,6.249542977807176491e-01,7.531845749231602660e-01,3.480027555187618304e+01,3.090004542280200273e-01,-6.888241212347532283e-01,6.557743890180884883e-01,4.395956146133414677e+01,0.000000000000000000e+00,0.000000000000000000e+00,0.000000000000000000e+00,1.000000000000000056e-01
9.293628862247950151e-01,3.648829169011158502e-01,-5.608103656007162874e-02,2.476838974254017387e+02,-2.027761110564131330e-01,6.314990100618151914e-01,7.483921759851479560e-01,3.459864560557049629e+01,3.084906392303596867e-01,-6.841560182039481131e-01,6.608812815192781631e-01,4.430134055120923620e+01,0.000000000000000000e+00,0.000000000000000000e+00,0.000000000000000000e+00,1.000000000000000056e-01
9.299808067461545757e-01,3.629719709155360130e-01,-5.819834545296702355e-02,2.486850485145132268e+02,-2.018645903631247351e-01,6.365505848095162067e-01,7.443480638358581647e-01,3.441241333539227298e+01,3.072236746106970506e-01,-6.804812277413347932e-01,6.652510146180510286e-01,4.463354374571248684e+01,0.000000000000000000e+00,0.000000000000000000e+00,0.000000000000000000e+00,1.000000000000000056e-01
9.308409357987087462e-01,3.602158674726555487e-01,-6.147911078005649510e-02,2.496544252927456569e+02,-1.991253310497930473e-01,6.410670446795250221e-01,7.412031750877557945e-01,3.423466499097214921e+01,3.064053765450184263e-01,-6.777002088289351134e-01,6.684595516390826608e-01,4.496724237501688748e+01,0.000000000000000000e+00,0.000000000000000000e+00,0.000000000000000000e+00,1.000000000000000056e-01
9.302773502843236786e-01,3.607623274811037617e-01,-6.659275199595357519e-02,2.506226231825173727e+02,-1.977605124191002539e-01,6.460402018273939673e-01,7.372400133949290613e-01,3.406512440126207508e+01,3.089900180842620747e-01,-6.726682694264960460e-01,6.723411098773079964e-01,4.529568371345764888e+01,0.000000000000000000e+00,0.000000000000000000e+00,0.000000000000000000e+00,1.000000000000000056e-01
9.285120550129360995e-01,3.637044101662780804e-01,-7.472928289000359270e-02,2.515689955761922363e+02,-1.957260730029425355e-01,6.504642977393579883e-01,7.338852101747868062e-01,3.388364957398074040e+01,3.155260180119877633e-01,-6.667947955646054137e-01,6.751503777422145358e-01,4.562107150649187304e+01,0.000000000000000000e+00,0.000000000000000000e+00,0.000000000000000000e+00,1.000000000000000056e-01
9.278469579122512467e-01,3.644783286983507287e-01,-7.909216523928316867e-02,2.525464145185742950e+02,-1.947976658315458132e-01,6.544335480229706015e-01,7.305960584403994318e-01,3.371927378012873078e+01,3.180469966523225001e-01,-6.624743611124306319e-01,6.782137043654561381e-01,4.596633003842329401e+01,0.000000000000000000e+00,0.000000000000000000e+00,0.000000000000000000e+00,1.000000000000000056e-01
9.275811706335623796e-01,3.638180198938585352e-01,-8.502717381274073338e-02,2.534752504178041477e+02,-1.911353316597647345e-01,6.576172820837458133e-01,7.287021307064354136e-01,3.355121799477826983e+01,3.210303052320478412e-01,-6.596786783770558493e-01,6.795318862403140203e-01,4.629305678542219482e+01,0.000000000000000000e+00,0.000000000000000000e+00,0.000000000000000000e+00,1.000000000000000056e-01
9.275591794390825040e-01,3.637228530023156603e-01,-8.567178556649678034e-02,2.543834135785162687e+02,-1.923881138388708611e-01,6.613816746135536828e-01,7.249559256526516560e-01,3.338770087595708702e+01,3.203447865844200049e-01,-6.559572902935275618e-01,6.834465970498024845e-01,4.662517981199876971e+01,0.000000000000000000e+00,0.000000000000000000e+00,0.000000000000000000e+00,1.000000000000000056e-01
9.278659291825968047e-01,3.624678390215906876e-01,-8.764635267445163025e-02,2.552747968793542555e+02,-1.918116786123608697e-01,6.654440196724809020e-01,7.213823789295378264e-01,3.322870131919388825e+01,3.198016532321628080e-01,-6.525345372906702357e-01,6.869683982781351617e-01,4.694672183460765069e+01,0.000000000000000000e+00,0.000000000000000000e+00,0.000000000000000000e+00,1.000000000000000056e-01
9.275410897788252118e-01,3.628941494239565912e-01,-8.930488836436827060e-02,2.562108397973928504e+02,-1.922743916950364340e-01,6.682909319657246439e-01,7.186221458810512219e-01,3.305791824234935916e+01,3.204654194608412277e-01,-6.493805252440562059e-01,6.896425511549738596e-01,4.727527571859133815e+01,0.000000000000000000e+00,0.000000000000000000e+00,0.000000000000000000e+00,1.000000000000000056e-01
9.280605396052085121e-01,3.618365373769847904e-01,-8.819271538354621354e-02,2.571810982589359469e+02,-1.941297929570671710e-01,6.720838174125964848e-01,7.145746747951244870e-01,3.289284076220175734e+01,3.178321228481091332e-01,-6.460477247008502566e-01,6.939777223331589084e-01,4.762674176415917060e+01,0.000000000000000000e+00,0.000000000000000000e+00,0.000000000000000000e+00,1.000000000000000056e-01
9.264454688745795696e-01,3.640507669272335933e-01,-9.573835334626043525e-02,2.580739315335259221e+02,-1.920625065114246466e-01,6.758867763208402657e-01,7.115399210073679592e-01,3.270831132791580842e+01,3.237449409555449575e-01,-6.408151876276931835e-01,6.960927441881399336e-01,4.796561280698160346e+01,0.000000000000000000e+00,0.000000000000000000e+00,0.000000000000000000e+00,1.000000000000000056e-01
9.251489036887760031e-01,3.659074225923043544e-01,-1.010507995777997631e-01,2.589674373440326463e+02,-1.920258643714508329e-01,6.807363989317651853e-01,7.069116087473806820e-01,3.253221347966879762e+01,3.274531621711004870e-01,-6.345941327031549006e-01,7.000462222759848974e-01,4.832037730301228606e+01,0.000000000000000000e+00,0.000000000000000000e+00,0.000000000000000000e+00,1.000000000000000056e-01
9.248393956710966313e-01,3.653604477263521777e-01,-1.057536545558602353e-01,2.599251774894335654e+02,-1.911452834656594546e-01,6.868217858740148785e-01,7.012412673664192297e-01,3.250762288870372174e+01,3.288397372939491081e-01,-6.283212376531837062e-01,7.050367717292610470e-01,4.853358620804426948e+01,0.000000000000000000e+00,0.000000000000000000e+00,0.000000000000000000e+00,1.000000000000000056e-01
9.236696790587501926e-01,3.671651862343056627e-01,-1.096542293075511154e-01,2.608279651063248821e+02,-1.913680294194700093e-01,6.899187327895490718e-01,6.981335255251472915e-01,3.233741799485049739e+01,3.319828328447333998e-01,-6.238604556818698743e-01,7.075206926534343133e-01,4.885787048003916766e+01,0.000000000000000000e+00,0.000000000000000000e+00,0.000000000000000000e+00,1.000000000000000056e-01
9.216856714105530202e-01,3.719547725649644532e-01,-1.102051282047421810e-01,2.617361369741982458e+02,-1.963635440025590373e-01,6.923109840908306944e-01,6.943679571336373035e-01,3.217986837610995821e+01,3.345696963313222749e-01,-6.183487272351509967e-01,7.111314715461801717e-01,4.917862884831675530e+01,0.000000000000000000e+00,0.000000000000000000e+00,0.000000000000000000e+00,1.000000000000000056e-01
9.216083530812545499e-01,3.711164661736455761e-01,-1.136248743261922961e-01,2.625807173125673444e+02,-1.966850443189200881e-01,6.989548783324739389e-01,6.875878644918778093e-01,3.201688945754921889e+01,3.345938386643155793e-01,-6.113384059504374246e-01,7.171557128949443971e-01,4.950330781192679552e+01,0.000000000000000000e+00,0.000000000000000000e+00,0.000000000000000000e+00,1.000000000000000056e-01
9.213524782493931475e-01,3.718758416626226637e-01,-1.132164705836453261e-01,2.634331557063824221e+02,-1.988636687045093054e-01,7.011590317005947925e-01,6.847110730330475681e-01,3.184814808261639385e+01,3.340102574668697422e-01,-6.083456013257596551e-01,7.199672056798942510e-01,4.982572096187531940e+01,0.000000000000000000e+00,0.000000000000000000e+00,0.000000000000000000e+00,1.000000000000000056e-01
9.201896951277175329e-01,3.740451116192984871e-01,-1.155040235423198669e-01,2.642945813295309563e+02,-1.985748371795957312e-01,7.002608908962530965e-01,6.857132919232957757e-01,3.168832543010452341e+01,3.373706552441324558e-01,-6.080501123714168177e-01,7.186488028413129392e-01,5.013633443757867525e+01,0.000000000000000000e+00,0.000000000000000000e+00,0.000000000000000000e+00,1.000000000000000056e-01
9.180680472311331108e-01,3.771776570697933928e-01,-1.220167023835474207e-01,2.651000598903281116e+02,-1.979634081125135059e-01,7.028715841690130750e-01,6.832144796593675462e-01,3.152887233129056810e+01,3.434553096134812522e-01,-6.030825409304130247e-01,7.199513171897280461e-01,5.044031472976050168e+01,0.000000000000000000e+00,0.000000000000000000e+00,0.000000000000000000e+00,1.000000000000000056e-01
9.162243055593926044e-01,3.807265792263919701e-01,-1.248210469944023154e-01,2.658942798970824128e+02,-2.005053787135112620e-01,7.054080363939930765e-01,6.798507889954401584e-01,3.137651165633523931e+01,3.468870349395611341e-01,-5.978685257323226310e-01,7.226497152351882836e-01,5.075705772582817588e+01,0.000000000000000000e+00,0.000000000000000000e+00,0.000000000000000000e+00,1.000000000000000056e-01
9.145973297162088844e-01,3.847020092409710323e-01,-1.245635924415327278e-01,2.666702683005567565e+02,-2.051964195212680475e-01,7.069829791862656254e-01,6.768083159629203482e-01,3.122562596608483787e+01,3.484338587043919189e-01,-5.934470753377021346e-01,7.255442197974535379e-01,5.106472804598382709e+01,0.000000000000000000e+00,0.000000000000000000e+00,0.000000000000000000e+00,1.000000000000000056e-01
9.113121538016460965e-01,3.918517430220579967e-01,-1.263422725139136948e-01,2.674116189269774395e+02,-2.110534706280812745e-01,7.080980133941625621e-01,6.738350213242719766e-01,3.107698251323208893e+01,3.535061397900277624e-01,-5.874090694889001485e-01,7.279999960253694669e-01,5.134932173455198523e+01,0.000000000000000000e+00,0.000000000000000000e+00,0.000000000000000000e+00,1.000000000000000056e-01
9.078716978940446491e-01,3.985251313725881039e-01,-1.301794908095972869e-01,2.681168393339917770e+02,-2.173620990050802448e-01,7.129423055519998886e-01,6.666835732716867025e-01,3.091401120776034972e+01,3.585006249354250607e-01,-5.769670602544483273e-01,7.338844005034099727e-01,5.165197259175997146e+01,0.000000000000000000e+00,0.000000000000000000e+00,0.000000000000000000e+00,1.000000000000000056e-01
9.047034953457435691e-01,4.037463515548544990e-01,-1.360164295787019695e-01,2.688136078004595788e+02,-2.203935144244442423e-01,7.167357763345179045e-01,6.616014855801021222e-01,3.078079124964051871e+01,3.646070272345781627e-01,-5.685760375959399981e-01,7.374164394444050474e-01,5.193021967098833613e+01,0.000000000000000000e+00,0.000000000000000000e+00,0.000000000000000000e+00,1.000000000000000056e-01
9.030517574323697616e-01,4.069268827491265839e-01,-1.375064925535774141e-01,2.694851058208059840e+02,-2.247904758584959861e-01,7.205219300495475654e-01,6.559858156095951243e-01,3.063880483686076772e+01,3.660147064827032892e-01,-5.614789937421998944e-01,7.421418828125975198e-01,5.219724679942397216e+01,0.000000000000000000e+00,0.000000000000000000e+00,0.000000000000000000e+00,1.000000000000000056e-01
9.006243646940498282e-01,4.118462526958812653e-01,-1.387747018004341082e-01,2.701547794283226835e+02,-2.310239861213568835e-01,7.241545848957808840e-01,6.497907778747081808e-01,3.049314250541173621e+01,3.681082334803694178e-01,-5.531571217247225336e-01,7.473376259289922219e-01,5.248048639531011617e+01,0.000000000000000000e+00,0.000000000000000000e+00,0.000000000000000000e+00,1.000000000000000056e-01
9.006956995809419775e-01,4.117882612088094030e-01,-1.384835177449753041e-01,2.708196697208394426e+02,-2.329010233580065259e-01,7.267424478625204021e-01,6.462217326843667786e-01,3.033684642589805946e+01,3.667483743320354983e-01,-5.497961826035328015e-01,7.504797049350449001e-01,5.277393437670345833e+01,0.000000000000000000e+00,0.000000000000000000e+00,0.000000000000000000e+00,1.000000000000000056e-01
8.987256945220216675e-01,4.157679449007675165e-01,-1.393884571939229544e-01,2.714411900946053038e+02,-2.378232480811568461e-01,7.291959827562690677e-01,6.416489082077889705e-01,3.019445729546564294e+01,3.684185509417763904e-01,-5.435165450334620285e-01,7.542264491496240009e-01,5.303519978652643374e+01,0.000000000000000000e+00,0.000000000000000000e+00,0.000000000000000000e+00,1.000000000000000056e-01
8.977668643899668899e-01,4.171782817865842818e-01,-1.413397976827481251e-01,2.720169726103853804e+02,-2.399023532965356975e-01,7.322243571324429379e-01,6.374122305892513385e-01,3.006146182912100429e+01,3.694069816424577213e-01,-5.383398295013792634e-01,7.574488166775593667e-01,5.327902232362710322e+01,0.000000000000000000e+00,0.000000000000000000e+00,0.000000000000000000e+00,1.000000000000000056e-01
8.960369428310094309e-01,4.194004548722851666e-01,-1.456744848454203378e-01,2.725728365167378797e+02,-2.408833727262996716e-01,7.348555866174841800e-01,6.340051005797002759e-01,2.990892686239406117e+01,3.729517365907563109e-01,-5.330014308329702466e-01,7.594843493475988971e-01,5.353883530305489558e+01,0.000000000000000000e+00,0.000000000000000000e+00,0.000000000000000000e+00,1.000000000000000056e-01
8.944043354138025981e-01,4.212608946555230216e-01,-1.502669072917335313e-01,2.731277593311132819e+02,-2.406905975738923842e-01,7.365166429041652973e-01,6.321481400468571543e-01,2.977913028108085669e+01,3.769733691290628741e-01,-5.292282053700525513e-01,7.601372149870553319e-01,5.378215222103239768e+01,0.000000000000000000e+00,0.000000000000000000e+00,0.000000000000000000e+00,1.000000000000000056e-01
8.918374986400557924e-01,4.255835092617480941e-01,-1.533119456008048831e-01,2.736549452597952836e+02,-2.440439255154533416e-01,7.380318913634172917e-01,6.290878235584796974e-01,2.964681380906799646e+01,3.808785087642205802e-01,-5.236292619544792304e-01,7.620655861450187363e-01,5.400768096076457425e+01,0.000000000000000000e+00,0.000000000000000000e+00,0.000000000000000000e+00,1.000000000000000056e-01
8.911538122712876486e-01,4.268556886766468050e-01,-1.537501346950181647e-01,2.741849112952244241e+02,-2.464834594706137860e-01,7.400012955068286935e-01,6.258146585496487946e-01,2.951587496733352367e+01,3.809078459178136811e-01,-5.198002536480726965e-01,7.646678424163333432e-01,5.424206939897214141e+01,0.000000000000000000e+00,0.000000000000000000e+00,0.000000000000000000e+00,1.000000000000000056e-01
8.904650356627064056e-01,4.284975431416849778e-01,-1.531726992115593211e-01,2.746972364475802237e+02,-2.507809317585046882e-01,7.429779919167427416e-01,6.205583194138168945e-01,2.938576234921854535e+01,3.797116597216251277e-01,-5.141726937993735813e-01,7.690549371940501588e-01,5.446939181556345488e+01,0.000000000000000000e+00,0.000000000000000000e+00,0.000000000000000000e+00,1.000000000000000056e-01
8.907060911296552641e-01,4.276772886872624024e-01,-1.540610137758489928e-01,2.751945946587190406e+02,-2.518153991178285755e-01,7.463662604756087227e-01,6.160571483156287442e-01,2.924895545638892713e+01,3.784595936049963694e-01,-5.099309188162333140e-01,7.724887015637013077e-01,5.469514508206052028e+01,0.000000000000000000e+00,0.000000000000000000e+00,0.000000000000000000e+00,1.000000000000000056e-01
8.907537761927363240e-01,4.272961554516266913e-01,-1.548409045912608195e-01,2.756791409664596131e+02,-2.538749241153986924e-01,7.503903521469218463e-01,6.102965199886193348e-01,2.912995991004836327e+01,3.769684775996279824e-01,-5.043137068740825013e-01,7.768928188335511020e-01,5.491075319986660475e+01,0.000000000000000000e+00,0.000000000000000000e+00,0.000000000000000000e+00,1.000000000000000056e-01
8.911512915317043593e-01,4.257529474067044406e-01,-1.567922299601580971e-01,2.761226741164472855e+02,-2.529745922287007787e-01,7.531451586280897281e-01,6.072694836082183079e-01,2.903317534757885454e+01,3.766340814213415822e-01,-5.015045341864553530e-01,7.788709590826510265e-01,5.511507961126997657e+01,0.000000000000000000e+00,0.000000000000000000e+00,0.000000000000000000e+00,1.000000000000000056e-01
8.922767859034318461e-01,4.212789405658012853e-01,-1.623766965226145775e-01,2.765889053014572596e+02,-2.475044919108005115e-01,7.572043331140153599e-01,6.044692915254964438e-01,2.892580614441100195e+01,3.776025209420849071e-01,-4.991649548487105958e-01,7.799042787605842131e-01,5.530460035696586374e+01,0.000000000000000000e+00,0.000000000000000000e+00,0.000000000000000000e+00,1.000000000000000056e-01
8.950009769630070666e-01,4.152938863949213744e-01,-1.628012259114315907e-01,2.770092641380181249e+02,-2.438701172822909380e-01,7.611555979187824006e-01,6.009738111212689082e-01,2.882109676354463801e+01,3.734978140926456525e-01,-4.981697940259958157e-01,7.825127725399199097e-01,5.549674956882566335e+01,0.000000000000000000e+00,0.000000000000000000e+00,0.000000000000000000e+00,1.000000000000000056e-01
8.991379938431347529e-01,4.051151871666869297e-01,-1.656277547835607322e-01,2.774562836459070354e+02,-2.362983460049714324e-01,7.678845723147169622e-01,5.954127772196016188e-01,2.872235841831872349e+01,3.683937563301771245e-01,-4.962206855099295377e-01,7.861622425231307165e-01,5.568103129164765619e+01,0.000000000000000000e+00,0.000000000000000000e+00,0.000000000000000000e+00,1.000000000000000056e-01
9.042876522861454935e-01,3.937498976138646967e-01,-1.649995759142498797e-01,2.779084670689697418e+02,-2.287792013889462794e-01,7.732410254293859975e-01,5.914037483857771393e-01,2.861747312215724648e+01,3.604496066507039131e-01,-4.970506359738238733e-01,7.893140986599505027e-01,5.588266095378218523e+01,0.000000000000000000e+00,0.000000000000000000e+00,0.000000000000000000e+00,1.000000000000000056e-01
9.114133049010014753e-01,3.765162163615588531e-01,-1.660160427977066810e-01,2.783517095638978844e+02,-2.137411383293282008e-01,7.779281212539058687e-01,5.908828682133638877e-01,2.852374240055152654e+01,3.516255301241892894e-01,-5.030540497592125293e-01,7.894910446520204683e-01,5.604290360687977568e+01,0.000000000000000000e+00,0.000000000000000000e+00,0.000000000000000000e+00,1.000000000000000056e-01
9.191761364567029302e-01,3.572966097918636175e-01,-1.656935810457645930e-01,2.787572655465302773e+02,-1.969684062436121152e-01,7.813464606615223573e-01,5.922002662559039399e-01,2.845469964648725281e+01,3.410552405555147271e-01,-5.116999521623516456e-01,7.885711647319264550e-01,5.619891807918703108e+01,0.000000000000000000e+00,0.000000000000000000e+00,0.000000000000000000e+00,1.000000000000000056e-01
9.282856499006286732e-01,3.338205494189829259e-01,-1.638584540821002578e-01,2.792168089332142245e+02,-1.792668788746875630e-01,7.877697505108018916e-01,5.893065469844002147e-01,2.841661804024803573e+01,3.258053687818779354e-01,-5.176704173175800117e-01,7.911183228235503240e-01,5.633026201950418965e+01,0.000000000000000000e+00,0.000000000000000000e+00,0.000000000000000000e+00,1.000000000000000056e-01
9.390471942827618435e-01,3.022435582665092824e-01,-1.638267328492883368e-01,2.797031672443836214e+02,-1.540972797731846866e-01,7.960289513334267708e-01,5.853135373502904581e-01,2.837375814601687551e+01,3.073180685807095913e-01,-5.243917811383052019e-01,7.940836634753407619e-01,5.647065021091371761e+01,0.000000000000000000e+00,0.000000000000000000e+00,0.000000000000000000e+00,1.000000000000000056e-01
9.491900963107650080e-01,2.691644208659146331e-01,-1.630603434482994496e-01,2.802078636248533599e+02,-1.287654374120947853e-01,8.049577752058849622e-01,5.791911966386091848e-01,2.832591431793720105e+01,2.871543543003178822e-01,-5.287660112710619309e-01,7.987170225623457798e-01,5.663780665230557076e+01,0.000000000000000000e+00,0.000000000000000000e+00,0.000000000000000000e+00,1.000000000000000056e-01
9.582490229043236774e-01,2.318855010628373681e-01,-1.672959189572353622e-01,2.807076645541012567e+02,-9.599176024686031927e-02,8.120146537259228525e-01,5.756889647188652148e-01,2.829876839018371371e+01,2.693406617419996651e-01,-5.355943581958331201e-01,8.003713459396052388e-01,5.676099678077846278e+01,0.000000000000000000e+00,0.000000000000000000e+00,0.000000000000000000e+00,1.000000000000000056e-01
9.671023388276589472e-01,1.923580740811737799e-01,-1.664675270731608980e-01,2.811407350348839032e+02,-6.368647403995909839e-02,8.166251243787414626e-01,5.736440004547792570e-01,2.827971897038670335e+01,2.462866201368427987e-01,-5.441707246528305619e-01,8.020106752234559266e-01,5.686819458196519150e+01,0.000000000000000000e+00,0.000000000000000000e+00,0.000000000000000000e+00,1.000000000000000056e-01
9.749144928822772727e-01,1.489276694929831668e-01,-1.654154794071005241e-01,2.815772456504688535e+02,-2.811031337129309832e-02,8.196062314253219627e-01,5.722372197707427111e-01,2.829972805125693824e+01,2.207975132338673430e-01,-5.532324779585616747e-01,8.032323969322763269e-01,5.695376722369375955e+01,0.000000000000000000e+00,0.000000000000000000e+00,0.000000000000000000e+00,1.000000000000000056e-01
9.811304432625493899e-01,1.048716994242760159e-01,-1.624345405487935545e-01,2.820209691200741418e+02,6.425379214212441348e-03,8.219701720383972843e-01,5.694942938968933221e-01,2.831062903701744915e+01,1.932401816532651473e-01,-5.597918925270638502e-01,8.057861188029868948e-01,5.702060747729141355e+01,0.000000000000000000e+00,0.000000000000000000e+00,0.000000000000000000e+00,1.000000000000000056e-01
9.855612356861280787e-01,5.536991167764512833e-02,-1.600100734130264213e-01,2.824405942958326250e+02,4.517344733763253850e-02,8.247797035892772133e-01,5.636468754484657007e-01,2.831218803569690223e+01,1.631821386318565992e-01,-5.627367176824290551e-01,8.103696540490269440e-01,5.710738556611665473e+01,0.000000000000000000e+00,0.000000000000000000e+00,0.000000000000000000e+00,1.000000000000000056e-01
9.871678931420777570e-01,9.831447808075349792e-03,-1.593828515977440408e-01,2.828622145077379173e+02,8.240880922843681067e-02,8.235570522301344232e-01,5.612152616274461714e-01,2.835948846779086807e+01,1.367784299916566526e-01,-5.671482384315487124e-01,8.121788822254668583e-01,5.717645392749906819e+01,0.000000000000000000e+00,0.000000000000000000e+00,0.000000000000000000e+00,1.000000000000000056e-01
9.864129743642834347e-01,-4.179599331472627632e-02,-1.588790072622650595e-01,2.832857923872757056e+02,1.248438213183775403e-01,8.193309959677487209e-01,5.595629895955611666e-01,2.843431180015011250e+01,1.067870042862545249e-01,-5.717952553050194009e-01,8.134166962426055969e-01,5.721996307219747280e+01,0.000000000000000000e+00,0.000000000000000000e+00,0.000000000000000000e+00,1.000000000000000056e-01
9.828501410347268985e-01,-9.445821255512497350e-02,-1.583769122975578481e-01,2.836810242022248758e+02,1.680678902738922398e-01,8.122728542224170178e-01,5.585391611626270292e-01,2.849209782561836946e+01,7.588665578941010403e-02,-5.755783668400499264e-01,8.142178818343653868e-01,5.726231272066518585e+01,0.000000000000000000e+00,0.000000000000000000e+00,0.000000000000000000e+00,1.000000000000000056e-01
9.772316378027942063e-01,-1.407238016747775489e-01,-1.587927508404154142e-01,2.841810460241318310e+02,2.063000439257345886e-01,8.050939588047976159e-01,5.561151044273648925e-01,2.860880281850814910e+01,4.958445273982919899e-02,-5.762122257798916181e-01,8.157946144148506828e-01,5.727729689558227477e+01,0.000000000000000000e+00,0.000000000000000000e+00,0.000000000000000000e+00,1.000000000000000056e-01
9.675706782189267274e-01,-2.004846950888327095e-01,-1.536647965088425161e-01,2.846179375771396849e+02,2.522942391190500233e-01,7.969576066076271559e-01,5.488225488968015986e-01,2.874728779729972672e+01,1.243380707208394109e-02,-5.697933487725005408e-01,8.216939455395262382e-01,5.728384489461369355e+01,0.000000000000000000e+00,0.000000000000000000e+00,0.000000000000000000e+00,1.000000000000000056e-01
9.532321455924799292e-01,-2.593900462514059924e-01,-1.551298827268640379e-01,2.850362079653253886e+02,3.016625573002513216e-01,7.848418813251283321e-01,5.413159177791705412e-01,2.889229253141018816e+01,-1.865953194026281903e-02,-5.627966108850751548e-01,8.263847751768201855e-01,5.727436693615531738e+01,0.000000000000000000e+00,0.000000000000000000e+00,0.000000000000000000e+00,1.000000000000000056e-01
9.364123395852511633e-01,-3.174223423763302132e-01,-1.495827090034142215e-01,2.854915217020042633e+02,3.465931516202504503e-01,7.700744748318135713e-01,5.355917199345492374e-01,2.906083289740367448e+01,-5.481895221926782330e-02,-5.533790380677880982e-01,8.311236506710366623e-01,5.728249922278379813e+01,0.000000000000000000e+00,0.000000000000000000e+00,0.000000000000000000e+00,1.000000000000000056e-01
9.141239973501890104e-01,-3.765801425146334536e-01,-1.502155575570321699e-01,2.858928490088960643e+02,3.960187927428509003e-01,7.499612994309210467e-01,5.298369231663450085e-01,2.923155730322662293e+01,-8.687020929528496693e-02,-5.438248299034743605e-01,8.346904343033113571e-01,5.722969384163778983e+01,0.000000000000000000e+00,0.000000000000000000e+00,0.000000000000000000e+00,1.000000000000000056e-01
8.870213215723585787e-01,-4.364988902374374313e-01,-1.505386790745557313e-01,2.863092116589472198e+02,4.463391481645616055e-01,7.271317402779144956e-01,5.215944757147501498e-01,2.944215199085849122e+01,-1.182139581088461899e-01,-5.298567269572946881e-01,8.398079000618789980e-01,5.717493988775644453e+01,0.000000000000000000e+00,0.000000000000000000e+00,0.000000000000000000e+00,1.000000000000000056e-01
8.568482058073444430e-01,-4.932003055074814513e-01,-1.502152151150532022e-01,2.866962322011662536e+02,4.938208280765311042e-01,7.013675790340319072e-01,5.140277315843476691e-01,2.967279286478834521e+01,-1.481625524973966823e-01,-5.146231414610774602e-01,8.445181349800536807e-01,5.711543374994659672e+01,0.000000000000000000e+00,0.000000000000000000e+00,0.000000000000000000e+00,1.000000000000000056e-01
8.206569819029373436e-01,-5.506260206518855949e-01,-1.527517706445039314e-01,2.870522584608864349e+02,5.430412774284274491e-01,6.683189676419361014e-01,5.083856100431231040e-01,2.994529296158703247e+01,-1.778434397521135579e-01,-5.001607170411185299e-01,8.474732845736497877e-01,5.700465374653865780e+01,0.000000000000000000e+00,0.000000000000000000e+00,0.000000000000000000e+00,1.000000000000000056e-01
7.841917337952721834e-01,-6.005137799326603076e-01,-1.562898741382609258e-01,2.873914923198826727e+02,5.862079679614042860e-01,6.343551198200554353e-01,5.039382901275156756e-01,3.025719836967486742e+01,-2.034786056216381922e-01,-4.868026109924549205e-01,8.494820039207436890e-01,5.687857269459876619e+01,0.000000000000000000e+00,0.000000000000000000e+00,0.000000000000000000e+00,1.000000000000000056e-01
7.407174683408508375e-01,-6.519842669955702164e-01,-1.620313169883212945e-01,2.877592526101319095e+02,6.317290760891567380e-01,5.938905000977747761e-01,4.982092415011543651e-01,3.052952264710692987e+01,-2.285957272528538198e-01,-4.713921822472921241e-01,8.517824863178831141e-01,5.676251603634013776e+01,0.000000000000000000e+00,0.000000000000000000e+00,0.000000000000000000e+00,1.000000000000000056e-01
6.929087408461263031e-01,-7.038926750109385511e-01,-1.562452524878153726e-01,2.881011378499005104e+02,6.734255116426514087e-01,5.543574102946051685e-01,4.890663982735802828e-01,3.086949792669772208e+01,-2.576345417987832564e-01,-4.440979213162389860e-01,8.581383799567099402e-01,5.665981858701585594e+01,0.000000000000000000e+00,0.000000000000000000e+00,0.000000000000000000e+00,1.000000000000000056e-01
6.451248167589436200e-01,-7.484930364817192761e-01,-1.535322283434822632e-01,2.884019576320611122e+02,7.098315248638773500e-01,5.127397059346713304e-01,4.829463741115047615e-01,3.124977943125493240e+01,-2.827599284042245920e-01,-4.205427068638837307e-01,8.620850622719520295e-01,5.651044332476799070e+01,0.000000000000000000e+00,0.000000000000000000e+00,0.000000000000000000e+00,1.000000000000000056e-01
6.009122532624724400e-01,-7.839044464388735811e-01,-1.561994965817157799e-01,2.886568560377509129e+02,7.368717849974677492e-01,4.675684961793710182e-01,4.882618906439526452e-01,3.166126952907358216e+01,-3.097167033817578297e-01,-4.085015547509273093e-01,8.586047073085560921e-01,5.631532630027374609e+01,0.000000000000000000e+00,0.000000000000000000e+00,0.000000000000000000e+00,1.000000000000000056e-01
5.590381610861466788e-01,-8.132438896567708575e-01,-1.615880886245815995e-01,2.888531864460098859e+02,7.597193842211922288e-01,4.243464269797246891e-01,4.927033256921594107e-01,3.208000984129459709e+01,-3.321186409823940755e-01,-3.982015643433201579e-01,8.550629932739109984e-01,5.611163280678984222e+01,0.000000000000000000e+00,0.000000000000000000e+00,0.000000000000000000e+00,1.000000000000000056e-01
5.189377491052689084e-01,-8.382039165503530898e-01,-1.676836510611757203e-01,2.891116497741317630e+02,7.793664793983022809e-01,3.833659275553072954e-01,4.955990883566623872e-01,3.253422137976736650e+01,-3.511288984744105890e-01,-3.878720921506316199e-01,8.522110869889214513e-01,5.592505998713276227e+01,0.000000000000000000e+00,0.000000000000000000e+00,0.000000000000000000e+00,1.000000000000000056e-01
4.887489311986659146e-01,-8.552135082134089128e-01,-1.724364741621539077e-01,2.893237277955287823e+02,7.941904422495640326e-01,3.543367157669398138e-01,4.936669254658857531e-01,3.301269629948796336e+01,-3.610900492835593667e-01,-3.782265818643796296e-01,8.523840854213459162e-01,5.569285687324578049e+01,0.000000000000000000e+00,0.000000000000000000e+00,0.000000000000000000e+00,1.000000000000000056e-01
4.654200632801694937e-01,-8.682628518671615669e-01,-1.717666578931615340e-01,2.895913843843748623e+02,8.028138504048474289e-01,3.324198099254236372e-01,4.949616061547486012e-01,3.351325876822616578e+01,-3.726581359563028717e-01,-3.682617140521786681e-01,8.517682922420422020e-01,5.547183283612942262e+01,0.000000000000000000e+00,0.000000000000000000e+00,0.000000000000000000e+00,1.000000000000000056e-01
4.431215582125578312e-01,-8.804340650185529249e-01,-1.687576422037867507e-01,2.898461835925671153e+02,8.104401761314083963e-01,3.129738595869242523e-01,4.952111510531201910e-01,3.404894857339218106e+01,-3.831840361489068369e-01,-3.562067101700511218e-01,8.522246030656839277e-01,5.523136001421266172e+01,0.000000000000000000e+00,0.000000000000000000e+00,0.000000000000000000e+00,1.000000000000000056e-01
4.277987846887807422e-01,-8.875040877440403264e-01,-1.712445446033856733e-01,2.900953971357706678e+02,8.177292351925620206e-01,2.992974020762834142e-01,4.916705838483476088e-01,3.457423505792542784e+01,-3.851066056693779327e-01,-3.503677487269715174e-01,8.537771037699499743e-01,5.499034292557133341e+01,0.000000000000000000e+00,0.000000000000000000e+00,0.000000000000000000e+00,1.000000000000000056e-01
4.177237340044566150e-01,-8.914247164388328093e-01,-1.756953527311423957e-01,2.903125115623607257e+02,8.242387226833799430e-01,2.904354707775580469e-01,4.860841134448734002e-01,3.505313422644492505e+01,-3.822792305091192167e-01,-3.478637840249611535e-01,8.560685589864814871e-01,5.477502294314560771e+01,0.000000000000000000e+00,0.000000000000000000e+00,0.000000000000000000e+00,1.000000000000000056e-01
4.084979646059798686e-01,-8.942110137432737194e-01,-1.830739626844808676e-01,2.905597516920340695e+02,8.325451066093063623e-01,2.828076366310772194e-01,4.763281286298800543e-01,3.555678404791789404e+01,-3.741631440610773129e-01,-3.469964028104207676e-01,8.599973477069320360e-01,5.455540378531206613e+01,0.000000000000000000e+00,0.000000000000000000e+00,0.000000000000000000e+00,1.000000000000000056e-01
4.014916533063364046e-01,-8.957397202687004123e-01,-1.909314166351231412e-01,2.908252877288055629e+02,8.413107623564085591e-01,2.783205890893944989e-01,4.633938398729649522e-01,3.605862544282908289e+01,-3.619401241484884180e-01,-3.466814145896530142e-01,8.653388603948709568e-01,5.432504449489642440e+01,0.000000000000000000e+00,0.000000000000000000e+00,0.000000000000000000e+00,1.000000000000000056e-01
3.978407041660821930e-01,-8.973183984198439544e-01,-1.911608379503551003e-01,2.910684021801974950e+02,8.451573524825318762e-01,2.773748401813249664e-01,4.569160180811148719e-01,3.660574695981170379e+01,-3.569759426815105607e-01,-3.433407780786175700e-01,8.687262436780739394e-01,5.407907950625945404e+01,0.000000000000000000e+00,0.000000000000000000e+00,0.000000000000000000e+00,1.000000000000000056e-01
3.985499453243410706e-01,-8.976069146176317570e-01,-1.883076416733532599e-01,2.913403814376732726e+02,8.455413484919713785e-01,2.800718320324609989e-01,4.545542837685715987e-01,3.713592067199925140e+01,-3.552714019905668374e-01,-3.403844822147393256e-01,8.705863743449359093e-01,5.386358226194022336e+01,0.000000000000000000e+00,0.000000000000000000e+00,0.000000000000000000e+00,1.000000000000000056e-01
3.994333000185480431e-01,-8.977202586478389978e-01,-1.858800044371369808e-01,2.916185591802425847e+02,8.456045875309776694e-01,2.824562707997743116e-01,4.529584270465116247e-01,3.770886097021866590e+01,-3.541269834153533691e-01,-3.381076637687204234e-01,8.719388093885946933e-01,5.363757218705003282e+01,0.000000000000000000e+00,0.000000000000000000e+00,0.000000000000000000e+00,1.000000000000000056e-01
3.984432572588607613e-01,-8.981364648638371362e-01,-1.859942505209195573e-01,2.918732762898683859e+02,8.476826448787208035e-01,2.831567754453410135e-01,4.486160653507773599e-01,3.830380004507071590e+01,-3.502529147863948644e-01,-3.364121445508261310e-01,8.741566019211595151e-01,5.339713596173206867e+01,0.000000000000000000e+00,0.000000000000000000e+00,0.000000000000000000e+00,1.000000000000000056e-01
3.973585273841240273e-01,-8.973136681799739334e-01,-1.921831980494651537e-01,2.921588638819761172e+02,8.499262173290244027e-01,2.808979655023241540e-01,4.457821868058784442e-01,3.893244275397864840e+01,-3.460225799162481852e-01,-3.404768918356350094e-01,8.742676136710365586e-01,5.314688850065638803e+01,0.000000000000000000e+00,0.000000000000000000e+00,0.000000000000000000e+00,1.000000000000000056e-01
3.971585176670474615e-01,-8.973156281173375604e-01,-1.925870592249168678e-01,2.924018932562278792e+02,8.513864047894981191e-01,2.818886246737755119e-01,4.423573137398550403e-01,3.949798923643436410e+01,-3.426460295758973484e-01,-3.396519789665820022e-01,8.759167949068894510e-01,5.291886073578967853e+01,0.000000000000000000e+00,0.000000000000000000e+00,0.000000000000000000e+00,1.000000000000000056e-01
4.006594289092063610e-01,-8.948156509687897886e-01,-1.969186959317212327e-01,2.926556513812400908e+02,8.533422859653648773e-01,2.861894254635060086e-01,4.357781037825027570e-01,4.009084314272277538e+01,-3.335850191623628835e-01,-3.426376563283280441e-01,8.782485248813552969e-01,5.268329574460454268e+01,0.000000000000000000e+00,0.000000000000000000e+00,0.000000000000000000e+00,1.000000000000000056e-01
4.038586644655167701e-01,-8.931554640875258855e-01,-1.979179024412022203e-01,2.929263732755574097e+02,8.529329746684701785e-01,2.893978205500297163e-01,4.344585621024030231e-01,4.068267745491573351e+01,-3.307620290470536517e-01,-3.442705599256039029e-01,8.786775641321378227e-01,5.245584225242563292e+01,0.000000000000000000e+00,0.000000000000000000e+00,0.000000000000000000e+00,1.000000000000000056e-01
4.074743659967547948e-01,-8.909064870706879802e-01,-2.006247052356934235e-01,2.932047570095378433e+02,8.529179254331251681e-01,2.927658710388216790e-01,4.322258174030491062e-01,4.128125514655964423e+01,-3.263367180235724474e-01,-3.472373482939964395e-01,8.791647003942760774e-01,5.222580256955805567e+01,0.000000000000000000e+00,0.000000000000000000e+00,0.000000000000000000e+00,1.000000000000000056e-01
4.052310030594130641e-01,-8.918477738256022080e-01,-2.009860255882970903e-01,2.934887708936055333e+02,8.543325099161170888e-01,2.911658710662112792e-01,4.305094633416114980e-01,4.193361739261458609e+01,-3.254286352795185411e-01,-3.461646773554056256e-01,8.799239850643565397e-01,5.198224706584442600e+01,0.000000000000000000e+00,0.000000000000000000e+00,0.000000000000000000e+00,1.000000000000000056e-01
4.070056746618035959e-01,-8.907912816649944387e-01,-2.020823428771715280e-01,2.937950254974227278e+02,8.547850840282041895e-01,2.934469172695342021e-01,4.280553315494424194e-01,4.259188735426732819e+01,-3.220075168625509132e-01,-3.469579214467423123e-01,8.808696610903171687e-01,5.174154298860035794e+01,0.000000000000000000e+00,0.000000000000000000e+00,0.000000000000000000e+00,1.000000000000000056e-01
4.089669613047316465e-01,-8.898455895028664075e-01,-2.022890293700339015e-01,2.940946348713278553e+02,8.547490748554665840e-01,2.958941357008512130e-01,4.264395379084476856e-01,4.325534295303874188e+01,-3.196092044902621998e-01,-3.473060427060585820e-01,8.816056199372592772e-01,5.151437599369963749e+01,0.000000000000000000e+00,0.000000000000000000e+00,0.000000000000000000e+00,1.000000000000000056e-01
4.100509303254404880e-01,-8.891224753764132016e-01,-2.032718827574545029e-01,2.943903306253906180e+02,8.560671847131989809e-01,2.983072560869617362e-01,4.220921181721895565e-01,4.392844937612836986e+01,-3.146541113611238116e-01,-3.470936541430676425e-01,8.834697422420045854e-01,5.127642566028520577e+01,0.000000000000000000e+00,0.000000000000000000e+00,0.000000000000000000e+00,1.000000000000000056e-01
4.110899607008048351e-01,-8.881367113812789205e-01,-2.054707427052765989e-01,2.947242343638993134e+02,8.577023907485871179e-01,3.004833832448792208e-01,4.172006055818583414e-01,4.463751591876162905e+01,-3.087906299018299827e-01,-3.477397278002016812e-01,8.852826828726927388e-01,5.102957990434848057e+01,0.000000000000000000e+00,0.000000000000000000e+00,0.000000000000000000e+00,1.000000000000000056e-01
4.073803797299621055e-01,-8.905264993781775162e-01,-2.024939014299468321e-01,2.950768592336435177e+02,8.612092292114951197e-01,3.008156244748320107e-01,4.096689194859179928e-01,4.542565990668798293e+01,-3.039076993628403445e-01,-3.412806967542495462e-01,8.894760234491537743e-01,5.074833197343244962e+01,0.000000000000000000e+00,0.000000000000000000e+00,0.000000000000000000e+00,1.000000000000000056e-01
4.068045117727303595e-01,-8.914595886493750232e-01,-1.995241614603047720e-01,2.954377486467010954e+02,8.614381205380940987e-01,3.016607586556636633e-01,4.085647453844810095e-01,4.624924703604667542e+01,-3.040303499408352761e-01,-3.380837004239878874e-01,8.906542302276885259e-01,5.047045263921460645e+01,0.000000000000000000e+00,0.000000000000000000e+00,0.000000000000000000e+00,1.000000000000000056e-01
4.043344551452374702e-01,-8.924780457390866228e-01,-1.999914654582667095e-01,2.957801180574006708e+02,8.624753173462087474e-01,2.992876450676540401e-01,4.081215903115327781e-01,4.705243805669552870e+01,-3.043845846145311063e-01,-3.375053234892733678e-01,8.907525926234738378e-01,5.020096614784634426e+01,0.000000000000000000e+00,0.000000000000000000e+00,0.000000000000000000e+00,1.000000000000000056e-01
4.085591983939168559e-01,-8.913337991226779611e-01,-1.964775812891998152e-01,2.961284168390311038e+02,8.608581018978775923e-01,3.047691143427995186e-01,4.074789753342979437e-01,4.782750851201613784e+01,-3.033194847096107871e-01,-3.356186012190618961e-01,8.918281475212903597e-01,4.994366429134932162e+01,0.000000000000000000e+00,0.000000000000000000e+00,0.000000000000000000e+00,1.000000000000000056e-01
4.090711327858453927e-01,-8.911036170894216513e-01,-1.964564886468619098e-01,2.964957114154904048e+02,8.619482220876465428e-01,3.066805163558273817e-01,4.037230775267476313e-01,4.859933683349866129e+01,-2.995097173068855256e-01,-3.344867777623988792e-01,8.935393246751242025e-01,4.969484618450623969e+01,0.000000000000000000e+00,0.000000000000000000e+00,0.000000000000000000e+00,1.000000000000000056e-01
4.056992491532996903e-01,-8.924674713240217105e-01,-1.972560059033833246e-01,2.968480250447212256e+02,8.644095645038019082e-01,3.045173272130079489e-01,4.000816194495738776e-01,4.938568465924748807e+01,-2.969919595389690081e-01,-3.328227907694312204e-01,8.949998692254936827e-01,4.943968856278057444e+01,0.000000000000000000e+00,0.000000000000000000e+00,0.000000000000000000e+00,1.000000000000000056e-01
4.024285405976700813e-01,-8.933501869747560997e-01,-1.999417743859386032e-01,2.972258092470012798e+02,8.675771072108374726e-01,3.024707920777448544e-01,3.947421727957838300e-01,5.016394216572473397e+01,-2.921664470059903707e-01,-3.323204227429151780e-01,8.967730503710880097e-01,4.920308108104519818e+01,0.000000000000000000e+00,0.000000000000000000e+00,0.000000000000000000e+00,1.000000000000000056e-01
3.963215427385039513e-01,-8.956663480660883581e-01,-2.017697393152136087e-01,2.975784201604206487e+02,8.717168810647492050e-01,2.981176078791315520e-01,3.888901787640959284e-01,5.098403128119561956e+01,-2.881647341853584843e-01,-3.300116434527445852e-01,8.989179056829941228e-01,4.894245035762412499e+01,0.000000000000000000e+00,0.000000000000000000e+00,0.000000000000000000e+00,1.000000000000000056e-01
3.967574240392912621e-01,-8.950591123748301570e-01,-2.035994396467911971e-01,2.979296012824510740e+02,8.730022368175129888e-01,2.994043130273158493e-01,3.849988985078530157e-01,5.179227402778523981e+01,-2.836382220035321700e-01,-3.304939374563812815e-01,9.001794911700957691e-01,4.868264836930288908e+01,0.000000000000000000e+00,0.000000000000000000e+00,0.000000000000000000e+00,1.000000000000000056e-01
3.924222827678136571e-01,-8.969778980403216861e-01,-2.035568775906741179e-01,2.982842952269568855e+02,8.751487757995674022e-01,2.960145309465191943e-01,3.827401438117395416e-01,5.260151394696335103e+01,-2.830536560509629984e-01,-3.283383131705450153e-01,9.011518073557330810e-01,4.843218393320657356e+01,0.000000000000000000e+00,0.000000000000000000e+00,0.000000000000000000e+00,1.000000000000000056e-01
3.829753249210102739e-01,-9.006261437994058650e-01,-2.054323480045411876e-01,2.986141847079489935e+02,8.792294778024967172e-01,2.871727662797025626e-01,3.801148874622155005e-01,5.341176640546358101e+01,-2.833468296360414640e-01,-3.261967985929287717e-01,9.018371375824619784e-01,4.817675578475729736e+01,0.000000000000000000e+00,0.000000000000000000e+00,0.000000000000000000e+00,1.000000000000000056e-01
3.805547955237535973e-01,-9.012083356705400394e-01,-2.073682312260229366e-01,2.989450739533197634e+02,8.812872798149378184e-01,2.854860798870992866e-01,3.766038085668869106e-01,5.425033102303540034e+01,-2.801977480999119363e-01,-3.260693697798552337e-01,9.028665394459506333e-01,4.793167655553656914e+01,0.000000000000000000e+00,0.000000000000000000e+00,0.000000000000000000e+00,1.000000000000000056e-01
3.796124752714477024e-01,-9.008713911957365594e-01,-2.105352824192254779e-01,2.992828905750081958e+02,8.833703829990172673e-01,2.853481398083423937e-01,3.717972640406175255e-01,5.507260175844881189e+01,-2.748656672966895420e-01,-3.271195127670882830e-01,9.041248195401829779e-01,4.767865675246512325e+01,0.000000000000000000e+00,0.000000000000000000e+00,0.000000000000000000e+00,1.000000000000000056e-01
3.743072627954661113e-01,-9.031002459681535255e-01,-2.104851984126835662e-01,2.995955077493194381e+02,8.859343297313159171e-01,2.812314687780470557e-01,3.688213990164707079e-01,5.585829748818826346e+01,-2.738876346644554260e-01,-3.245285915003534027e-01,9.053544923822417489e-01,4.743970416827707481e+01,0.000000000000000000e+00,0.000000000000000000e+00,0.000000000000000000e+00,1.000000000000000056e-01
3.724776705895599394e-01,-9.040576844088464847e-01,-2.096189117744156338e-01,2.998922536530344019e+02,8.872605599525343889e-01,2.806858013705865185e-01,3.660384947811735623e-01,5.664998377664119289e+01,-2.720828617625351553e-01,-3.223277589198092485e-01,9.066839207600643213e-01,4.721258770909854263e+01,0.000000000000000000e+00,0.000000000000000000e+00,0.000000000000000000e+00,1.000000000000000056e-01
3.646928741815839148e-01,-9.071088505880871011e-01,-2.101252976343758183e-01,3.001957603293623151e+02,8.901170351031013617e-01,2.734012582623139842e-01,3.646140641827298468e-01,5.742835135557859161e+01,-2.732961239030654577e-01,-3.200082579642956060e-01,9.071405312817949484e-01,4.699384290419425980e+01,0.000000000000000000e+00,0.000000000000000000e+00,0.000000000000000000e+00,1.000000000000000056e-01
3.593038845629187295e-01,-9.083346045105604727e-01,-2.140770066743282185e-01,3.004810084845067877e+02,8.932496423849238809e-01,2.683262422046345241e-01,3.607022374806472254e-01,5.820531653192490040e+01,-2.701958454847190327e-01,-3.208259247520116597e-01,9.077802217992052558e-01,4.676352269497739655e+01,0.000000000000000000e+00,0.000000000000000000e+00,0.000000000000000000e+00,1.000000000000000056e-01
3.528343860291071055e-01,-9.104684037809404051e-01,-2.157664982151993038e-01,3.007680682233770995e+02,8.973674533492438377e-01,2.639500671283124822e-01,3.536410832078935029e-01,5.896390632713016799e+01,-2.650274508517106997e-01,-3.183985674897830687e-01,9.101553727334130706e-01,4.655007815509656410e+01,0.000000000000000000e+00,0.000000000000000000e+00,0.000000000000000000e+00,1.000000000000000056e-01
3.450082830190361882e-01,-9.131542975657817030e-01,-2.170679927704695644e-01,3.010317364864385468e+02,9.010332613470687368e-01,2.574469949646356337e-01,3.490846698581078766e-01,5.971925303953981512e+01,-2.628846640535005275e-01,-3.160225840360510463e-01,9.116037405499470836e-01,4.633679249343181539e+01,0.000000000000000000e+00,0.000000000000000000e+00,0.000000000000000000e+00,1.000000000000000056e-01
3.390150147634323208e-01,-9.151841768025986701e-01,-2.179604145139653060e-01,3.013156966179716392e+02,9.032401258114958198e-01,2.518370289621567615e-01,3.474699785126004747e-01,6.050716780119690696e+01,-2.631085230261137609e-01,-3.146681321228185779e-01,9.120076050874539320e-01,4.612251609421943499e+01,0.000000000000000000e+00,0.000000000000000000e+00,0.000000000000000000e+00,1.000000000000000056e-01
3.324496643009964281e-01,-9.168682401010757044e-01,-2.209747745787075668e-01,3.015855257401717040e+02,9.056878040641389571e-01,2.450121721530091889e-01,3.459749081455789632e-01,6.130949488123587798e+01,-2.630718956400177055e-01,-3.151534004113235587e-01,9.118505973752211169e-01,4.590615976480698635e+01,0.000000000000000000e+00,0.000000000000000000e+00,0.000000000000000000e+00,1.000000000000000056e-01
3.272469524649070927e-01,-9.186202207919119678e-01,-2.214640423514617484e-01,3.018476765308043355e+02,9.075623761307877180e-01,2.402847899101588913e-01,3.443744374509665196e-01,6.211717091205224506e+01,-2.631348808772216996e-01,-3.136879176666675928e-01,9.123376155654661090e-01,4.570091073326691600e+01,0.000000000000000000e+00,0.000000000000000000e+00,0.000000000000000000e+00,1.000000000000000056e-01
3.174551002399795818e-01,-9.196158687576359014e-01,-2.313631631456561366e-01,3.020731313474760782e+02,9.117358614787791637e-01,2.289254136522976824e-01,3.410731210131826563e-01,6.290691703353226671e+01,-2.606913466633927201e-01,-3.192174946854626771e-01,9.111203064697677156e-01,4.548637468144039531e+01,0.000000000000000000e+00,0.000000000000000000e+00,0.000000000000000000e+00,1.000000000000000056e-01
3.129437805508451520e-01,-9.205665106313380974e-01,-2.337166868637895745e-01,3.023381479592858341e+02,9.150199131132275010e-01,2.262664254223412108e-01,3.339791360741825033e-01,6.371243409105088062e+01,-2.545677686212568513e-01,-3.183721159753759578e-01,9.131453591562276317e-01,4.526593301437677752e+01,0.000000000000000000e+00,0.000000000000000000e+00,0.000000000000000000e+00,1.000000000000000056e-01
3.095084563154703039e-01,-9.210552336512994875e-01,-2.363509509876468850e-01,3.026056150553682187e+02,9.179347488928714105e-01,2.245274903843242909e-01,3.270828684549201282e-01,6.453911196518691895e+01,-2.481941019528788039e-01,-3.181896645481553931e-01,9.149617615674091597e-01,4.505692139471451441e+01,0.000000000000000000e+00,0.000000000000000000e+00,0.000000000000000000e+00,1.000000000000000056e-01
3.054552891341618670e-01,-9.217130204655030745e-01,-2.390442934778503892e-01,3.028683641793359129e+02,9.210688806075058022e-01,2.223312084107563757e-01,3.196888345611228477e-01,6.537360799797293964e+01,-2.415143546798030894e-01,-3.178269052030867625e-01,9.168734235501792007e-01,4.486480520694114205e+01,0.000000000000000000e+00,0.000000000000000000e+00,0.000000000000000000e+00,1.000000000000000056e-01
3.047544901552071694e-01,-9.216431074656307176e-01,-2.402055020005487707e-01,3.031303562227596444e+02,9.220808276736555120e-01,2.223460487062010049e-01,3.167478206103497840e-01,6.619690548614107684e+01,-2.385197014229773760e-01,-3.180192086743121038e-01,9.175903960631116574e-01,4.466546344057746865e+01,0.000000000000000000e+00,0.000000000000000000e+00,0.000000000000000000e+00,1.000000000000000056e-01
3.013291830579045705e-01,-9.229930045116430115e-01,-2.393420921196808826e-01,3.033923753286123315e+02,9.231185643494967952e-01,2.195043114781081162e-01,3.157055168916842458e-01,6.698390738691647073e+01,-2.388573624382964722e-01,-3.160724139577695269e-01,9.181750320848027780e-01,4.447182413199006135e+01,0.000000000000000000e+00,0.000000000000000000e+00,0.000000000000000000e+00,1.000000000000000056e-01
3.124461840727288386e-01,-9.199914179405789261e-01,-2.366287661593021452e-01,3.037132727186188959e+02,9.206958199170712787e-01,2.319549617637718386e-01,3.138727495345831064e-01,6.790538237299404045e+01,-2.338730194905398185e-01,-3.159314587514995276e-01,9.195056955372963303e-01,4.426328963849896780e+01,0.000000000000000000e+00,0.000000000000000000e+00,0.000000000000000000e+00,1.000000000000000056e-01
3.157330599808885196e-01,-9.174070678287383762e-01,-2.422331660466449377e-01,3.040229969534277643e+02,9.216965074356932019e-01,2.359007793194668468e-01,3.079389070859895328e-01,6.875361777010887465e+01,-2.253623371727185576e-01,-3.204919565517129754e-01,9.200525652209795568e-01,4.407420920213454707e+01,0.000000000000000000e+00,0.000000000000000000e+00,0.000000000000000000e+00,1.000000000000000056e-01
3.248554477257465933e-01,-9.137353289330601980e-01,-2.440423871840658177e-01,3.043439596392279327e+02,9.205124911861081172e-01,2.462462761031903868e-01,3.033472021886091663e-01,6.963443710869080405e+01,-2.170845265173229899e-01,-3.231880569651423563e-01,9.210992281952284921e-01,4.388103550952070719e+01,0.000000000000000000e+00,0.000000000000000000e+00,0.000000000000000000e+00,1.000000000000000056e-01
3.323339993638126932e-01,-9.108091640304537551e-01,-2.449097376279668059e-01,3.046843566706541537e+02,9.192876266643991157e-01,2.547553997374304435e-01,3.000165758193344967e-01,7.054769460308560269e+01,-2.108657685082853672e-01,-3.248481999684902366e-01,9.219594756000081270e-01,4.368319918422491099e+01,0.000000000000000000e+00,0.000000000000000000e+00,0.000000000000000000e+00,1.000000000000000056e-01
3.373673101567485899e-01,-9.075939661005590908e-01,-2.499129663211923646e-01,3.050106856443711081e+02,9.185054734761076700e-01,2.592012957001305073e-01,2.986007091448455997e-01,7.145297313534388195e+01,-2.062304372104937777e-01,-3.302845455137595199e-01,9.210760694767494705e-01,4.349465244669244157e+01,0.000000000000000000e+00,0.000000000000000000e+00,0.000000000000000000e+00,1.000000000000000056e-01
3.532250345255463220e-01,-9.032506058620562994e-01,-2.436604563614185037e-01,3.053587635839137420e+02,9.150872756817191034e-01,2.794191354104109681e-01,2.907580173476012053e-01,7.238659837757718662e+01,-1.945439612782573768e-01,-3.256735939193207141e-01,9.252509699286119993e-01,4.331154266163655109e+01,0.000000000000000000e+00,0.000000000000000000e+00,0.000000000000000000e+00,1.000000000000000056e-01
3.616862670306677519e-01,-8.992839243502308566e-01,-2.459094704289949140e-01,3.057112336194401223e+02,9.127170628468614932e-01,2.877719660515837274e-01,2.900600950544637291e-01,7.327141369228462509e+01,-1.900805288019234984e-01,-3.293565225709890187e-01,9.248749502556152802e-01,4.313543456426639011e+01,0.000000000000000000e+00,0.000000000000000000e+00,0.000000000000000000e+00,1.000000000000000056e-01
3.681005755734817475e-01,-8.959192251602510204e-01,-2.486578135726424665e-01,3.060301426502231266e+02,9.116374219005856094e-01,2.951878915910260970e-01,2.859743338981640126e-01,7.413321019366934195e+01,-1.828091279256191803e-01,-3.319530850079574491e-01,9.254123254532405918e-01,4.296662558132305776e+01,0.000000000000000000e+00,0.000000000000000000e+00,0.000000000000000000e+00,1.000000000000000056e-01
3.720127391817514839e-01,-8.942732676373793543e-01,-2.487606172119180836e-01,3.063421436307315844e+02,9.110222204082131237e-01,3.004012454637785545e-01,2.824846998446113311e-01,7.495354047539842668e+01,-1.778905163548063773e-01,-3.317143568086479144e-01,9.264559081133032503e-01,4.281434277559034030e+01,0.000000000000000000e+00,0.000000000000000000e+00,0.000000000000000000e+00,1.000000000000000056e-01
3.763850722686857830e-01,-8.928724522775897121e-01,-2.472105607313317965e-01,3.066538605785933100e+02,9.105533477756095895e-01,3.072710540604927099e-01,2.765449334035672280e-01,7.575307684118088503e+01,-1.709587032821840435e-01,-3.291857884240403376e-01,9.286602384466113858e-01,4.267255274401883725e+01,0.000000000000000000e+00,0.000000000000000000e+00,0.000000000000000000e+00,1.000000000000000056e-01
3.801587709116174274e-01,-8.907210658932727121e-01,-2.491892687756047664e-01,3.069727108757197129e+02,9.103209075626894631e-01,3.126415164183059536e-01,2.712399813189485531e-01,7.655623411451746563e+01,-1.636922544081112485e-01,-3.299564592269930152e-01,9.296954237066975546e-01,4.254047634365598896e+01,0.000000000000000000e+00,0.000000000000000000e+00,0.000000000000000000e+00,1.000000000000000056e-01
3.820535393194934848e-01,-8.900265161423510651e-01,-2.487727751522606223e-01,3.072816695140031129e+02,9.105716738089020268e-01,3.165883569383861618e-01,2.657650073051516793e-01,7.735989843968128810e+01,-1.577793394278939332e-01,-3.280619039366838297e-01,9.313866368137001528e-01,4.239926024023103679e+01,0.000000000000000000e+00,0.000000000000000000e+00,0.000000000000000000e+00,1.000000000000000056e-01
3.846301933224548497e-01,-8.883791472680091506e-01,-2.506832764348196907e-01,3.076070047942515657e+02,9.105157024452086301e-01,3.205007250422665654e-01,2.612287136746074268e-01,7.815448160595845195e+01,-1.517259700428359170e-01,-3.287275101763567076e-01,9.321574191454005121e-01,4.228096702126358508e+01,0.000000000000000000e+00,0.000000000000000000e+00,0.000000000000000000e+00,1.000000000000000056e-01
3.872098129735968008e-01,-8.870270383290511651e-01,-2.514986958418354845e-01,3.079467123345028767e+02,9.101030508639363914e-01,3.240584692512307186e-01,2.582606151055640842e-01,7.897209778222300258e+01,-1.475838661409414887e-01,-3.288907748474272363e-01,9.327646330533504448e-01,4.215709200096969766e+01,0.000000000000000000e+00,0.000000000000000000e+00,0.000000000000000000e+00,1.000000000000000056e-01
3.919359080680780982e-01,-8.850730865567277839e-01,-2.510614972866176964e-01,3.082777809049555913e+02,9.082674082062784926e-01,3.288240344730578579e-01,2.586988008149841423e-01,7.978356967065822403e+01,-1.464122916872097613e-01,-3.294243248544475589e-01,9.327609849458171620e-01,4.204696589063298973e+01,0.000000000000000000e+00,0.000000000000000000e+00,0.000000000000000000e+00,1.000000000000000056e-01
3.978014116671132472e-01,-8.816032541157434732e-01,-2.540270442456546429e-01,3.086144652194130344e+02,9.063537498946681037e-01,3.346444269115589343e-01,2.579457066688798927e-01,8.058056783309602622e+01,-1.423970397428452328e-01,-3.328495303730593657e-01,9.321664407190962676e-01,4.192448666483411301e+01,0.000000000000000000e+00,0.000000000000000000e+00,0.000000000000000000e+00,1.000000000000000056e-01
4.011987896874831261e-01,-8.809187775147195865e-01,-2.510411093332541310e-01,3.089698492573682529e+02,9.054782844734912128e-01,3.400062168787234551e-01,2.539780479308441086e-01,8.138192883452347814e+01,-1.383784936333762317e-01,-3.292079584484413068e-01,9.340629061224768881e-01,4.181492414869709506e+01,0.000000000000000000e+00,0.000000000000000000e+00,0.000000000000000000e+00,1.000000000000000056e-01
4.048713444967058095e-01,-8.798092196990172642e-01,-2.490279730031070282e-01,3.093335859225934428e+02,9.044396081339289850e-01,3.452976542873150700e-01,2.505165167852670405e-01,8.219385560425889992e+01,-1.344179662246638984e-01,-3.266577212867994295e-01,9.355354314400609050e-01,4.171736456918062430e+01,0.000000000000000000e+00,0.000000000000000000e+00,0.000000000000000000e+00,1.000000000000000056e-01
4.058758859003940289e-01,-8.792104596041997455e-01,-2.495069797964424574e-01,3.096581535770377513e+02,9.045711530990140359e-01,3.474942109374886678e-01,2.469793561131222726e-01,8.296005006594791098e+01,-1.304446021332067718e-01,-3.259397813822427770e-01,9.363479399703964479e-01,4.162159572008717134e+01,0.000000000000000000e+00,0.000000000000000000e+00,0.000000000000000000e+00,1.000000000000000056e-01
4.072436158970175191e-01,-8.785791897780785842e-01,-2.495019931784462075e-01,3.099846727878165780e+02,9.047231810945792763e-01,3.506729655189424477e-01,2.418769043217143255e-01,8.374302204163647900e+01,-1.250144107742288957e-01,-3.242330620757937765e-01,9.376802858947855812e-01,4.151700317686510289e+01,0.000000000000000000e+00,0.000000000000000000e+00,0.000000000000000000e+00,1.000000000000000056e-01
4.102381945347198799e-01,-8.760924769793938527e-01,-2.533112621361387484e-01,3.102147709944057397e+02,9.040890949445974378e-01,3.542301051142812129e-01,2.390479889749836384e-01,8.449804802432522877e+01,-1.196976697649205224e-01,-3.270825651281882851e-01,9.373843733719975369e-01,4.142767696692891377e+01,0.000000000000000000e+00,0.000000000000000000e+00,0.000000000000000000e+00,1.000000000000000056e-01
4.083882987033083944e-01,-8.768625667453875394e-01,-2.536356373282516730e-01,3.105419953806443800e+02,9.052954244643534043e-01,3.535008474564905745e-01,2.355362929390065196e-01,8.524616328778361662e+01,-1.168725456474865865e-01,-3.258054479106113344e-01,9.381852792416016662e-01,4.134408055545012672e+01,0.000000000000000000e+00,0.000000000000000000e+00,0.000000000000000000e+00,1.000000000000000056e-01
4.078326092341197917e-01,-8.768768940544260371e-01,-2.544788311800268987e-01,3.108579435805842195e+02,9.061388808603525469e-01,3.544610190962674823e-01,2.308023278357113073e-01,8.598124306797953409e+01,-1.121824025346105785e-01,-3.247218788666670353e-01,9.391330097205955463e-01,4.127010653420721553e+01,0.000000000000000000e+00,0.000000000000000000e+00,0.000000000000000000e+00,1.000000000000000056e-01
4.069893195196180313e-01,-8.775949696838859504e-01,-2.533510666693505886e-01,3.111553512192729158e+02,9.071406249924157672e-01,3.558281640518901057e-01,2.246824518199646015e-01,8.668114696142662012e+01,-1.070307445798998891e-01,-3.212684031351366043e-01,9.409203116426341218e-01,4.120120535633304115e+01,0.000000000000000000e+00,0.000000000000000000e+00,0.000000000000000000e+00,1.000000000000000056e-01
4.035823158102258557e-01,-8.791561071280897810e-01,-2.533887402088699226e-01,3.114537542599279618e+02,9.090474562956487592e-01,3.539080606669654516e-01,2.199586479258278937e-01,8.739122406549626021e+01,-1.037016709974621503e-01,-3.191138102532239396e-01,9.420256575794544451e-01,4.113045726802360491e+01,0.000000000000000000e+00,0.000000000000000000e+00,0.000000000000000000e+00,1.000000000000000056e-01
4.014113117732289737e-01,-8.805979442922042821e-01,-2.518257716931288082e-01,3.117520955038878014e+02,9.102258726674437028e-01,3.529982587644657777e-01,2.165204148251293481e-01,8.805912768154534831e+01,-1.017733732726117946e-01,-3.161320765401694488e-01,9.432405264168381986e-01,4.107714057331097735e+01,0.000000000000000000e+00,0.000000000000000000e+00,0.000000000000000000e+00,1.000000000000000056e-01
3.973948013598314066e-01,-8.829163688336473248e-01,-2.500721045974285683e-01,3.120001498765866472e+02,9.119667108893402263e-01,3.497104423637972248e-01,2.145211521771127616e-01,8.872752922970063594e+01,-1.019514103966140256e-01,-3.133070253717978870e-01,9.441634486522006986e-01,4.100779083211667597e+01,0.000000000000000000e+00,0.000000000000000000e+00,0.000000000000000000e+00,1.000000000000000056e-01
3.911899147842007318e-01,-8.864052217988606097e-01,-2.474999663410941408e-01,3.122635396025601722e+02,9.148156386671880691e-01,3.451863295834729506e-01,2.096634091076340634e-01,8.935029437025440302e+01,-1.004131356998421432e-01,-3.084350509206159607e-01,9.459307699522847557e-01,4.094922960008315016e+01,0.000000000000000000e+00,0.000000000000000000e+00,0.000000000000000000e+00,1.000000000000000056e-01
3.876862932205004109e-01,-8.890461858340696910e-01,-2.435081466868020961e-01,3.125057061704587795e+02,9.157659403575815205e-01,3.413149545440929966e-01,2.118415546713111608e-01,8.999491082432700750e+01,-1.052239541641665360e-01,-3.051245340159598474e-01,9.464813459395809980e-01,4.088563792310394263e+01,0.000000000000000000e+00,0.000000000000000000e+00,0.000000000000000000e+00,1.000000000000000056e-01
3.806110968520098892e-01,-8.918458356349101557e-01,-2.444303549352634941e-01,3.127230461240692421e+02,9.191199333960138329e-01,3.357602065012125214e-01,2.061155786552059666e-01,9.054694415470596880e+01,-1.017533340348965032e-01,-3.031106880183080388e-01,9.475073455239546583e-01,4.083457831360205859e+01,0.000000000000000000e+00,0.000000000000000000e+00,0.000000000000000000e+00,1.000000000000000056e-01
3.770432978415921843e-01,-8.932904834663286664e-01,-2.446844165475789701e-01,3.129408801109265710e+02,9.208200786692617434e-01,3.331158678678373120e-01,2.027910286333995393e-01,9.108175028900910775e+01,-9.964303423858136832e-02,-3.017713219031097904e-01,9.481589186442210826e-01,4.078392103194935459e+01,0.000000000000000000e+00,0.000000000000000000e+00,0.000000000000000000e+00,1.000000000000000056e-01
3.628067201906276518e-01,-8.993771498185164637e-01,-2.439098730450274255e-01,3.131117638399632597e+02,9.265257804376892947e-01,3.201748644105723018e-01,1.975804504094534897e-01,9.162367383782914487e+01,-9.960553181852145610e-02,-2.976723006663424820e-01,9.494577080877042441e-01,4.072518312008480734e+01,0.000000000000000000e+00,0.000000000000000000e+00,0.000000000000000000e+00,1.000000000000000056e-01
3.583201835612308539e-01,-9.010487746569637579e-01,-2.443721582787820867e-01,3.132996623251963797e+02,9.282929024800146145e-01,3.159951651135931572e-01,1.960085274422092017e-01,9.217192238734004661e+01,-9.939282296964954688e-02,-2.970827516265751034e-01,9.496646278703375632e-01,4.067070231476041187e+01,0.000000000000000000e+00,0.000000000000000000e+00,0.000000000000000000e+00,1.000000000000000056e-01
3.516172470528453609e-01,-9.034934911236157662e-01,-2.450812581007348334e-01,3.134979927442576013e+02,9.308341428789282945e-01,3.095850482448893048e-01,1.941774867332990429e-01,9.272259292562394251e+01,-9.956460227324380463e-02,-2.964061561446899584e-01,9.498580317993318145e-01,4.062056445359522172e+01,0.000000000000000000e+00,0.000000000000000000e+00,0.000000000000000000e+00,1.000000000000000056e-01
3.449638596147867053e-01,-9.061355170527013447e-01,-2.447822712030096326e-01,3.136721268023791254e+02,9.335337978450196639e-01,3.041214785919796881e-01,1.898019350272341921e-01,9.328325205083758931e+01,-9.754272828214369251e-02,-2.939873313506248254e-01,9.508190496433135408e-01,4.056285147889870757e+01,0.000000000000000000e+00,0.000000000000000000e+00,0.000000000000000000e+00,1.000000000000000056e-01
3.379416779046892083e-01,-9.083364960154086676e-01,-2.464147567444227582e-01,3.138687356827026633e+02,9.365313463192516119e-01,2.985928627760499054e-01,1.837153767670335336e-01,9.385708565708485196e+01,-9.329769395013666478e-02,-2.928602265683285522e-01,9.515925745811250058e-01,4.050333152802593872e+01,0.000000000000000000e+00,0.000000000000000000e+00,0.000000000000000000e+00,1.000000000000000056e-01
3.312929364877910121e-01,-9.096450944165568320e-01,-2.505809099616125302e-01,3.140385697662640609e+02,9.392708048982041369e-01,2.927548989267405588e-01,1.790668149609904447e-01,9.439876009637323762e+01,-8.952846083327974103e-02,-2.946869039477106877e-01,9.513907101409686540e-01,4.045804347833096415e+01,0.000000000000000000e+00,0.000000000000000000e+00,0.000000000000000000e+00,1.000000000000000056e-01
3.233885024840792433e-01,-9.124052696599339596e-01,-2.508714817548780007e-01,3.142096510152885571e+02,9.422336007849506645e-01,2.860375054986260546e-01,1.742939671932159929e-01,9.491284224222700061e+01,-8.726808129511647028e-02,-2.927442046307781043e-01,9.522001431643255520e-01,4.040639697821072929e+01,0.000000000000000000e+00,0.000000000000000000e+00,0.000000000000000000e+00,1.000000000000000056e-01
3.165761911990262467e-01,-9.144913410135216969e-01,-2.519625019267919819e-01,3.143717452373006722e+02,9.447439498902482358e-01,2.801492724243432875e-01,1.702211922936846811e-01,9.546063460031145098e+01,-8.507869481656421540e-02,-2.919280260122384396e-01,9.526487512808211600e-01,4.036014616201935468e+01,0.000000000000000000e+00,0.000000000000000000e+00,0.000000000000000000e+00,1.000000000000000056e-01
3.081300848031069961e-01,-9.171015985378756508e-01,-2.529436870105740143e-01,3.145431645329409207e+02,9.480167580939509175e-01,2.737820849647923938e-01,1.621961661857843351e-01,9.599575220033172229e+01,-7.949891327726091306e-02,-2.897723725816599982e-01,9.537881813464298419e-01,4.032634801323407459e+01,0.000000000000000000e+00,0.000000000000000000e+00,0.000000000000000000e+00,1.000000000000000056e-01
3.009012084640166895e-01,-9.182617889692394897e-01,-2.573980374126926818e-01,3.147538958068031434e+02,9.504768106777070624e-01,2.667497940809714363e-01,1.594941369508397488e-01,9.652661617018944185e+01,-7.779649804990111661e-02,-2.926428442261503893e-01,9.530518719431806396e-01,4.028347366200581092e+01,0.000000000000000000e+00,0.000000000000000000e+00,0.000000000000000000e+00,1.000000000000000056e-01
2.966870520759845586e-01,-9.189730552947849018e-01,-2.597408646567389012e-01,3.149271133731847385e+02,9.519581664336901339e-01,2.629989251672301132e-01,1.568668694182696055e-01,9.710800675741556631e+01,-7.584485803710593055e-02,-2.938028063226252873e-01,9.528522805274074470e-01,4.024042577377840502e+01,0.000000000000000000e+00,0.000000000000000000e+00,0.000000000000000000e+00,1.000000000000000056e-01
2.895553725068896744e-01,-9.213174175402145671e-01,-2.594839154734385755e-01,3.150840945781222899e+02,9.543211816410639425e-01,2.570166056607137151e-01,1.523599248025834241e-01,9.769262025153983586e+01,-7.368017727720267696e-02,-2.917476316127955438e-01,9.536532655660151514e-01,4.018585922181679848e+01,0.000000000000000000e+00,0.000000000000000000e+00,0.000000000000000000e+00,1.000000000000000056e-01
2.869715616196542030e-01,-9.220764513241692661e-01,-2.596581227980445661e-01,3.152721969545104912e+02,9.553827890206054718e-01,2.557018427395670868e-01,1.478522710775836413e-01,9.830929953218500827e+01,-6.993603695368058593e-02,-2.905022986707972432e-01,9.543151288763038753e-01,4.016361991022834843e+01,0.000000000000000000e+00,0.000000000000000000e+00,0.000000000000000000e+00,1.000000000000000056e-01
2.851737923220895032e-01,-9.226185260733464899e-01,-2.597132332378995767e-01,3.154691108433740396e+02,9.560959009024355693e-01,2.547405110613817358e-01,1.448720135214063842e-01,9.891458188935399676e+01,-6.750212181997143623e-02,-2.896244592061104073e-01,9.547571084728145863e-01,4.014352673203498512e+01,0.000000000000000000e+00,0.000000000000000000e+00,0.000000000000000000e+00,1.000000000000000056e-01
2.814650349558162068e-01,-9.233023916187640401e-01,-2.613237986261333079e-01,3.156337465022393758e+02,9.573879853226007208e-01,2.518487239791703525e-01,1.413522755034230527e-01,9.951150383148674905e+01,-6.469682880368350653e-02,-2.899739882491778609e-01,9.548452264538020984e-01,4.009118750217024996e+01,0.000000000000000000e+00,0.000000000000000000e+00,0.000000000000000000e+00,1.000000000000000056e-01
2.774127539256530106e-01,-9.238659248802667534e-01,-2.636549199323132697e-01,3.158030686168647208e+02,9.588819750220340943e-01,2.491349964559470553e-01,1.359305393160002984e-01,1.001396757675347402e+02,-5.989592588172015786e-02,-2.905228156032236830e-01,9.549916081708502702e-01,4.005725330496078129e+01,0.000000000000000000e+00,0.000000000000000000e+00,0.000000000000000000e+00,1.000000000000000056e-01
2.739043689023932249e-01,-9.248197431944068514e-01,-2.639788614529827715e-01,3.159735554561459026e+02,9.600874395655106808e-01,2.467620804276717816e-01,1.316836514209311360e-01,1.007723122668975719e+02,-5.664366764894113171e-02,-2.895115166290258002e-01,9.554970312117341269e-01,4.003493960318503042e+01,0.000000000000000000e+00,0.000000000000000000e+00,0.000000000000000000e+00,1.000000000000000056e-01
2.700226758362080925e-01,-9.259312478963029891e-01,-2.640815758500562604e-01,3.161269682703764943e+02,9.613359414809944381e-01,2.438636652400817395e-01,1.279207582549576061e-01,1.013528259955105710e+02,-5.404592631368282385e-02,-2.884126157865988249e-01,9.559797073704168202e-01,4.000386525246182146e+01,0.000000000000000000e+00,0.000000000000000000e+00,0.000000000000000000e+00,1.000000000000000056e-01
2.664043468070137477e-01,-9.272850088606119368e-01,-2.630042515715350637e-01,3.162918096732609001e+02,9.624463720698002156e-01,2.411387015945027912e-01,1.246960604149022073e-01,1.019571816294813829e+02,-5.220828374892202972e-02,-2.863470602881969529e-01,9.567024909407834121e-01,3.996546345102384379e+01,0.000000000000000000e+00,0.000000000000000000e+00,0.000000000000000000e+00,1.000000000000000056e-01
2.693978819247141443e-01,-9.266607872670392654e-01,-2.621537078816723043e-01,3.164639541352078140e+02,9.616545302577402810e-01,2.443158149466074791e-01,1.246208128754592304e-01,1.026357437479764201e+02,-5.143292378664571229e-02,-2.856738838406592818e-01,9.569457071548785887e-01,3.993929515316791878e+01,0.000000000000000000e+00,0.000000000000000000e+00,0.000000000000000000e+00,1.000000000000000056e-01
2.701589586215692451e-01,-9.263896030016259830e-01,-2.623288785608607343e-01,3.166342981662839406e+02,9.613538902783004270e-01,2.445350801845984634e-01,1.264962141958775876e-01,1.032724582500893717e+02,-5.303616429651186737e-02,-2.863649734335565467e-01,9.566515913680966321e-01,3.990006267607387258e+01,0.000000000000000000e+00,0.000000000000000000e+00,0.000000000000000000e+00,1.000000000000000056e-01
2.713216179024301455e-01,-9.257683298043539732e-01,-2.633202977175610471e-01,3.168318373451174921e+02,9.607349053443470233e-01,2.439864391523715037e-01,1.321327331236849534e-01,1.039808060669521552e+02,-5.807771785974809309e-02,-2.888314682319144677e-01,9.556167441224542314e-01,3.985865043301897259e+01,0.000000000000000000e+00,0.000000000000000000e+00,0.000000000000000000e+00,1.000000000000000056e-01
2.728991464863307348e-01,-9.246987455291765245e-01,-2.654397970610268276e-01,3.169771533837128459e+02,9.599027936381988590e-01,2.433300280172276953e-01,1.392017393236030798e-01,1.047194160737678743e+02,-6.413020047226838938e-02,-2.927844385924602277e-01,9.540254660675911991e-01,3.980709072912058133e+01,0.000000000000000000e+00,0.000000000000000000e+00,0.000000000000000000e+00,1.000000000000000056e-01
2.734596991073102723e-01,-9.241472802733545766e-01,-2.667800542160176924e-01,3.171744971651814922e+02,9.599010704813586425e-01,2.443926220107873748e-01,1.373396563103118639e-01,1.054616175924422237e+02,-6.172299290281932360e-02,-2.936393207151495321e-01,9.539214964959454868e-01,3.976020240381142656e+01,0.000000000000000000e+00,0.000000000000000000e+00,0.000000000000000000e+00,1.000000000000000056e-01
2.733253302085021375e-01,-9.232509360621684591e-01,-2.700018017101791790e-01,3.173455914316108419e+02,9.604210045538160712e-01,2.462553437420984537e-01,1.301913963758728476e-01,1.061458261901948532e+02,-5.370994208013933624e-02,-2.949000080345720032e-01,9.540174146119961840e-01,3.973649454694078287e+01,0.000000000000000000e+00,0.000000000000000000e+00,0.000000000000000000e+00,1.000000000000000056e-01
2.734627871125042686e-01,-9.217048323859226011e-01,-2.750969029653002051e-01,3.175175721298214739e+02,9.611129270581356687e-01,2.503918330601485609e-01,1.164726207248806267e-01,1.068403164773809237e+02,-3.847135956012384672e-02,-2.962501171193310245e-01,9.543352778768992017e-01,3.971202686494848422e+01,0.000000000000000000e+00,0.000000000000000000e+00,0.000000000000000000e+00,1.000000000000000056e-01
2.762285250318952112e-01,-9.198644823320413222e-01,-2.784728642124921771e-01,3.176969386690115016e+02,9.605458920402604184e-01,2.544629505467338459e-01,1.122505950257314672e-01,1.075324283169742614e+02,-3.239430881009738861e-02,-2.984927820619050487e-01,9.538619752425715470e-01,3.965976094012436448e+01,0.000000000000000000e+00,0.000000000000000000e+00,0.000000000000000000e+00,1.000000000000000056e-01
2.793794391454696990e-01,-9.193559053110754720e-01,-2.770051413826389863e-01,3.178931518940332808e+02,9.595439494039631478e-01,2.568179834952647456e-01,1.154120120077230666e-01,1.082797483630608326e+02,-3.496481295542283596e-02,-2.980423505528684847e-01,9.539120604814226301e-01,3.962620868424342291e+01,0.000000000000000000e+00,0.000000000000000000e+00,0.000000000000000000e+00,1.000000000000000056e-01
2.794790715971775530e-01,-9.206800381441163639e-01,-2.724696605167782337e-01,3.181184502017624141e+02,9.591052859641887585e-01,2.544519469497040776e-01,1.239808740453822167e-01,1.090615059723491385e+02,-4.481628024202419236e-02,-2.959771512405199867e-01,9.541430851653303069e-01,3.959752518842076086e+01,0.000000000000000000e+00,0.000000000000000000e+00,0.000000000000000000e+00,1.000000000000000056e-01
2.811963650325371988e-01,-9.206418982653238325e-01,-2.708266963408688666e-01,3.183338260958336150e+02,9.584327446607713297e-01,2.552125666467764953e-01,1.275665308283697730e-01,1.098206281205640664e+02,-4.832471680733199659e-02,-2.954404186701368729e-01,9.541381874558345633e-01,3.957980819346335721e+01,0.000000000000000000e+00,0.000000000000000000e+00,0.000000000000000000e+00,1.000000000000000056e-01
2.789069386556526364e-01,-9.205655910557006827e-01,-2.734408750242007802e-01,3.185826670427992440e+02,9.594939147325722839e-01,2.553374418793656897e-01,1.190555263969931138e-01,1.106545989467009719e+02,-3.977872749216079806e-02,-2.955702680222929701e-01,9.544924669688777952e-01,3.954844047422115239e+01,0.000000000000000000e+00,0.000000000000000000e+00,0.000000000000000000e+00,1.000000000000000056e-01
2.709196404371085887e-01,-9.222872541228108734e-01,-2.756606052885210989e-01,3.187660392703535877e+02,9.621711137552233506e-01,2.508899330613182377e-01,1.062120018807695687e-01,1.113760668533902134e+02,-2.879750476102219126e-02,-2.940075889685389576e-01,9.553691649558538890e-01,3.953085928851520947e+01,0.000000000000000000e+00,0.000000000000000000e+00,0.000000000000000000e+00,1.000000000000000056e-01
2.722331054090707525e-01,-9.203473793777200429e-01,-2.808021324561070786e-01,3.189693338994435408e+02,9.620814542007086745e-01,2.551923175999993854e-01,9.631280559194059510e-02,1.121273422977176892e+02,-1.698269125856230466e-02,-2.963740580929855595e-01,9.549209422183136953e-01,3.949233127308117020e+01,0.000000000000000000e+00,0.000000000000000000e+00,0.000000000000000000e+00,1.000000000000000056e-01
2.815978338142499648e-01,-9.175076289216087533e-01,-2.808601268634786097e-01,3.191895706150841647e+02,9.594235266951575136e-01,2.648223316642824843e-01,9.682783213373649667e-02,1.129806635070810188e+02,-1.446224100713153216e-02,-2.967303212051980443e-01,9.548518000519827797e-01,3.947063261356919384e+01,0.000000000000000000e+00,0.000000000000000000e+00,0.000000000000000000e+00,1.000000000000000056e-01
2.904349203832192750e-01,-9.145621823918272941e-01,-2.814668214207334818e-01,3.194303931382735300e+02,9.567368566759701931e-01,2.721971609401483416e-01,1.027778801781158990e-01,1.138518137864498811e+02,-1.738229270773200552e-02,-2.991399674313363066e-01,9.540509083824624259e-01,3.945200758575311539e+01,0.000000000000000000e+00,0.000000000000000000e+00,0.000000000000000000e+00,1.000000000000000056e-01
2.978265465591619643e-01,-9.122054135751883619e-01,-2.813905321946049698e-01,3.196487507989450023e+02,9.545064585622188291e-01,2.800138257366231453e-01,1.025167203891711454e-01,1.146819920853672414e+02,-1.472306787509999881e-02,-2.991212811560884366e-01,9.541015095008944513e-01,3.945303679466051960e+01,0.000000000000000000e+00,0.000000000000000000e+00,0.000000000000000000e+00,1.000000000000000056e-01
2.929302413034200470e-01,-9.092391376097039846e-01,-2.957635277864434920e-01,3.198870674889170687e+02,9.561006730054428804e-01,2.759779215712704348e-01,9.852760975351732009e-02,1.154777194162919756e+02,-7.960955247944101476e-03,-3.116414244672295886e-01,9.501664305518146003e-01,3.945534566913082841e+01,0.000000000000000000e+00,0.000000000000000000e+00,0.000000000000000000e+00,1.000000000000000056e-01
2.953496123542674878e-01,-9.058655919463455275e-01,-3.036052302083762644e-01,3.200944127632778873e+02,9.553700975722428934e-01,2.820460484548432678e-01,8.785216682479443651e-02,1.162844965986521402e+02,6.048400365984085703e-03,-3.160024618238050920e-01,9.487390900423083862e-01,3.944729978642750012e+01,0.000000000000000000e+00,0.000000000000000000e+00,0.000000000000000000e+00,1.000000000000000056e-01
2.977382898410595446e-01,-9.054016140564795645e-01,-3.026546348999840097e-01,3.203700660542465357e+02,9.544911158616764535e-01,2.880718597190164987e-01,7.720954202142968348e-02,1.171185917634697233e+02,1.728063956145428626e-02,-3.118693971872659176e-01,9.499678197678058655e-01,3.947691097055035669e+01,0.000000000000000000e+00,0.000000000000000000e+00,0.000000000000000000e+00,1.000000000000000056e-01
3.049388084291602130e-01,-9.038094501219101629e-01,-3.002345765965919733e-01,3.206499775966748871e+02,9.521382679987818731e-01,2.963017304849335787e-01,7.508663745243845944e-02,1.180550515496822896e+02,2.109601208958999941e-02,-3.087616595077256054e-01,9.509054610695804044e-01,3.950115233163951700e+01,0.000000000000000000e+00,0.000000000000000000e+00,0.000000000000000000e+00,1.000000000000000056e-01
3.103562638829748810e-01,-9.025774919384760286e-01,-2.983837470685218873e-01,3.209708039315867723e+02,9.504586227936334675e-01,3.004103194838754209e-01,7.988771059947560871e-02,1.190163339847097035e+02,1.753270731606901278e-02,-3.083950566945686811e-01,9.510967843392820198e-01,3.953530478269644988e+01,0.000000000000000000e+00,0.000000000000000000e+00,0.000000000000000000e+00,1.000000000000000056e-01
3.177810110084902107e-01,-9.003916291947797745e-01,-2.971702258275418229e-01,3.212633778108129263e+02,9.480362906860171357e-01,3.068758052968381111e-01,8.399066415807851516e-02,1.199614939861133820e+02,1.556986142262622996e-02,-3.084187967672974429e-01,9.511232439678323214e-01,3.955921882588145166e+01,0.000000000000000000e+00,0.000000000000000000e+00,0.000000000000000000e+00,1.000000000000000056e-01
3.167882902857274141e-01,-9.012437332784812849e-01,-2.956432180248886876e-01,3.215561170629356411e+02,9.483775532103904116e-01,3.059002115595826909e-01,8.369633883555679943e-02,1.208773267973488714e+02,1.500652206607139272e-02,-3.068954118165807543e-01,9.516249316308457162e-01,3.959966415158626774e+01,0.000000000000000000e+00,0.000000000000000000e+00,0.000000000000000000e+00,1.000000000000000056e-01
3.123480830594730362e-01,-9.034484329808855074e-01,-2.936317488853259494e-01,3.218670743819048425e+02,9.497476502583709346e-01,3.036367164299418331e-01,7.605356838667316766e-02,1.218155403538198840e+02,2.044690288957715096e-02,-3.026312498405042684e-01,9.528883726765683404e-01,3.962961388139451202e+01,0.000000000000000000e+00,0.000000000000000000e+00,0.000000000000000000e+00,1.000000000000000056e-01
3.133690784163668530e-01,-9.017436813446148003e-01,-2.977551911344938906e-01,3.222186021237218370e+02,9.492064331824824341e-01,3.068128770469107369e-01,6.980691715859527191e-02,1.228037234781611033e+02,2.840718038571668491e-02,-3.045064722354178799e-01,9.520865719404271177e-01,3.967916482569674486e+01,0.000000000000000000e+00,0.000000000000000000e+00,0.000000000000000000e+00,1.000000000000000056e-01
3.112263089739695232e-01,-9.030239095668318727e-01,-2.961182252970487871e-01,3.225112166026856357e+02,9.499085201655675936e-01,3.049421018024147667e-01,6.844061561081361822e-02,1.237428460820628686e+02,2.849540172204542698e-02,-3.025857453664335117e-01,9.526961104054845197e-01,3.971544767441994139e+01,0.000000000000000000e+00,0.000000000000000000e+00,0.000000000000000000e+00,1.000000000000000056e-01
3.093162395885895588e-01,-9.047715062661353391e-01,-2.927660932821327666e-01,3.228279750888410149e+02,9.505023099081805205e-01,3.036939728828299545e-01,6.569116907055196075e-02,1.246862714642155368e+02,2.947580000588936877e-02,-2.985941933185425334e-01,9.539248843229017893e-01,3.976396520169542015e+01,0.000000000000000000e+00,0.000000000000000000e+00,0.000000000000000000e+00,1.000000000000000056e-01
3.063597530502101263e-01,-9.064077274891549907e-01,-2.908070378428974090e-01,3.231351389430510608e+02,9.514724949982965585e-01,3.009001699997759793e-01,6.449169679751652617e-02,1.256027681840491965e+02,2.904811478790261803e-02,-2.964525581641218044e-01,9.546057237337396417e-01,3.980989061850446120e+01,0.000000000000000000e+00,0.000000000000000000e+00,0.000000000000000000e+00,1.000000000000000056e-01
3.086607830083443194e-01,-9.077659312926574797e-01,-2.840590343873086177e-01,3.235719989461942419e+02,9.507185574311910470e-01,3.036568609306014022e-01,6.266366862647458624e-02,1.266078760110654571e+02,2.937253119210173069e-02,-2.894020124224221946e-01,9.567568811444322474e-01,3.990046438925367056e+01,0.000000000000000000e+00,0.000000000000000000e+00,0.000000000000000000e+00,1.000000000000000056e-01
3.124756846349450168e-01,-9.062257712382452146e-01,-2.848048420507806044e-01,3.238791259750593099e+02,9.494839575697503475e-01,3.071050808209561112e-01,6.454985400168276877e-02,1.276380422504758485e+02,2.896827281021352452e-02,-2.905878883876643615e-01,9.564097021113866504e-01,3.994024919312771971e+01,0.000000000000000000e+00,0.000000000000000000e+00,0.000000000000000000e+00,1.000000000000000056e-01
3.090357096912210721e-01,-9.068281784735362505e-01,-2.866349330804107698e-01,3.241798157598196326e+02,9.505867719131494420e-01,3.039323544251871789e-01,6.332387383365255251e-02,1.286037836290916516e+02,2.969375690917605559e-02,-2.920407140450294592e-01,9.559448217029516970e-01,3.997636634286401858e+01,0.000000000000000000e+00,0.000000000000000000e+00,0.000000000000000000e+00,1.000000000000000056e-01
3.029823876823617423e-01,-9.086280292175417106e-01,-2.873965505613131910e-01,3.244514008509809742e+02,9.522896379287195678e-01,3.002726686082622942e-01,5.459642827567769141e-02,1.295424077061348669e+02,3.668948415940903596e-02,-2.902265132738894859e-01,9.562543870461444051e-01,4.002883174210811035e+01,0.000000000000000000e+00,0.000000000000000000e+00,0.000000000000000000e+00,1.000000000000000056e-01
2.960526605941836698e-01,-9.113467649291296935e-01,-2.860068114718854471e-01,3.247133353076338835e+02,9.542092819266551063e-01,2.956223417691327127e-01,4.573923186883641079e-02,1.305178476935276706e+02,4.286570237523422422e-02,-2.864515754890233357e-01,9.571353229610399804e-01,4.007308515496905699e+01,0.000000000000000000e+00,0.000000000000000000e+00,0.000000000000000000e+00,1.000000000000000056e-01
2.926183846865298976e-01,-9.131750240091683901e-01,-2.837002933895217960e-01,3.250059241060928343e+02,9.551946333198190198e-01,2.929388279114711890e-01,4.230904842784935505e-02,1.314883247813979210e+02,4.447126510976064095e-02,-2.833694031255107326e-01,9.579791688506744674e-01,4.012861220903802462e+01,0.000000000000000000e+00,0.000000000000000000e+00,0.000000000000000000e+00,1.000000000000000056e-01
2.857593987159277038e-01,-9.167119095976731247e-01,-2.792504983832599930e-01,3.253112412228701373e+02,9.574169535281359389e-01,2.856221042811906141e-01,4.210452045669216270e-02,1.324195385189896967e+02,4.116239961924939017e-02,-2.793909238822412378e-01,9.592947245293350633e-01,4.018754926394269944e+01,0.000000000000000000e+00,0.000000000000000000e+00,0.000000000000000000e+00,1.000000000000000056e-01
2.884144170438178723e-01,-9.169389307358427610e-01,-2.757537331429701366e-01,3.256373336302148687e+02,9.565538721840284309e-01,2.887583824836004176e-01,4.029002550503600621e-02,1.333685395810244358e+02,4.268270904027092472e-02,-2.753935254258247922e-01,9.603835653021761676e-01,4.026565335745959828e+01,0.000000000000000000e+00,0.000000000000000000e+00,0.000000000000000000e+00,1.000000000000000056e-01
2.874166581724680869e-01,-9.182881983068785781e-01,-2.722837664189289297e-01,3.259614949473390766e+02,9.568249898171395929e-01,2.881370229322466336e-01,3.824911603126547599e-02,1.344125688899157467e+02,4.333132200154790614e-02,-2.715213451389212884e-01,9.614564762211282867e-01,4.035698387159011702e+01,0.000000000000000000e+00,0.000000000000000000e+00,0.000000000000000000e+00,1.000000000000000056e-01
2.834977196875287930e-01,-9.181795948444908539e-01,-2.767223781033590901e-01,3.262148556804001487e+02,9.578319176821528114e-01,2.851873789627712430e-01,3.501680096289230826e-02,1.353477690260393729e+02,4.676601759078337361e-02,-2.749807093080381959e-01,9.603116937261291230e-01,4.040066803146552132e+01,0.000000000000000000e+00,0.000000000000000000e+00,0.000000000000000000e+00,1.000000000000000056e-01
2.782581829877708302e-01,-9.195337124097185955e-01,-2.775430333161781893e-01,3.264589207353411098e+02,9.592516747525762222e-01,2.808047794716646006e-01,3.138312142295142382e-02,1.362742173800247087e+02,4.907757211519477025e-02,-2.749662298680889960e-01,9.602004813305433650e-01,4.046766416334668293e+01,0.000000000000000000e+00,0.000000000000000000e+00,0.000000000000000000e+00,1.000000000000000056e-01
2.713305156995622358e-01,-9.201623886144675302e-01,-2.822781072444828787e-01,3.266865294050884359e+02,9.610264363445305547e-01,2.751523816013369261e-01,2.682080435118971984e-02,1.371547289896111295e+02,5.298999808588508720e-02,-2.785540261393298356e-01,9.589576187842857591e-01,4.050898092363210168e+01,0.000000000000000000e+00,0.000000000000000000e+00,0.000000000000000000e+00,1.000000000000000056e-01
2.654104720682788354e-01,-9.217653538024642712e-01,-2.826763411499292888e-01,3.269230693295780270e+02,9.626799697355311602e-01,2.694680289771859139e-01,2.518446404327609467e-02,1.380925586709231254e+02,5.295807007897822272e-02,-2.788110720336771653e-01,9.588846796799611605e-01,4.057758816649444356e+01,0.000000000000000000e+00,0.000000000000000000e+00,0.000000000000000000e+00,1.000000000000000056e-01
2.613288515108355137e-01,-9.237467674896491232e-01,-2.799984659251759656e-01,3.271786341336404575e+02,9.637990747371578681e-01,2.656146314182663559e-01,2.324244204762293542e-02,1.389995893060768992e+02,5.290155861433845641e-02,-2.759361830731206777e-01,9.597190463709736052e-01,4.064253765194061430e+01,0.000000000000000000e+00,0.000000000000000000e+00,0.000000000000000000e+00,1.000000000000000056e-01
2.609622977978487413e-01,-9.255989574349321458e-01,-2.741628149903518330e-01,3.274530421775683635e+02,9.639573779491361627e-01,2.651000268102727819e-01,2.254216676850377687e-02,1.399439073407207843e+02,5.181556354507067808e-02,-2.701639239065046771e-01,9.614190561841111649e-01,4.072553624082259205e+01,0.000000000000000000e+00,0.000000000000000000e+00,0.000000000000000000e+00,1.000000000000000056e-01
2.605401452151799857e-01,-9.266426012942405865e-01,-2.710208888589514808e-01,3.277124134340260753e+02,9.641468684987810622e-01,2.643758840818666300e-01,2.293922143242449474e-02,1.408843217248438293e+02,5.039492727693220542e-02,-2.672805293742412380e-01,9.623000934854875066e-01,4.079900142841509592e+01,0.000000000000000000e+00,0.000000000000000000e+00,0.000000000000000000e+00,1.000000000000000056e-01
2.517637250282033223e-01,-9.317836715021429184e-01,-2.615228790792684110e-01,3.279791470758664218e+02,9.666370993409024726e-01,2.552877727890272563e-01,2.099693411486919237e-02,1.418234322076693843e+02,4.719899297367909086e-02,-2.580839835913968372e-01,9.649688660655669770e-01,4.088974742959756981e+01,0.000000000000000000e+00,0.000000000000000000e+00,0.000000000000000000e+00,1.000000000000000056e-01
2.491541835105420821e-01,-9.311792872153195066e-01,-2.661340412280337464e-01,3.281991091256759319e+02,9.669258559003897080e-01,2.546624166175189830e-01,1.419305301280510134e-02,1.427449883623472147e+02,5.455806109544444893e-02,-2.608681441335733431e-01,9.638315357705469211e-01,4.095976354054544544e+01,0.000000000000000000e+00,0.000000000000000000e+00,0.000000000000000000e+00,1.000000000000000056e-01
2.382518415050131066e-01,-9.341536126847510557e-01,-2.656935978293380463e-01,3.284102566026390377e+02,9.694604759063331079e-01,2.451340180998300422e-01,7.463164590057275172e-03,1.436657978200765058e+02,5.815879705544296785e-02,-2.593575545039320529e-01,9.640286371507870156e-01,4.102400020090891530e+01,0.000000000000000000e+00,0.000000000000000000e+00,0.000000000000000000e+00,1.000000000000000056e-01
2.315176793828132018e-01,-9.355510068617292063e-01,-2.667280969324414830e-01,3.286080438411709110e+02,9.707505644019331914e-01,2.400897860090839275e-01,4.861763472521207774e-04,1.445758920123603843e+02,6.358384894393602493e-02,-2.590390090587076921e-01,9.637716980381596521e-01,4.108964010604468342e+01,0.000000000000000000e+00,0.000000000000000000e+00,0.000000000000000000e+00,1.000000000000000056e-01
2.280936306258284363e-01,-9.373373608422279624e-01,-2.633855873757242616e-01,3.288309306325652983e+02,9.714881463395022010e-01,2.370760643718515803e-01,-2.391907981440066777e-03,1.455035902079233097e+02,6.468444318200562704e-02,-2.553303970765737896e-01,9.646876754364352990e-01,4.117620838762013591e+01,0.000000000000000000e+00,0.000000000000000000e+00,0.000000000000000000e+00,1.000000000000000056e-01
2.276956100277990336e-01,-9.384876989005858094e-01,-2.596065257006301419e-01,3.290291288419134617e+02,9.717622376543849638e-01,2.359611604509749272e-01,-6.958646219145936396e-04,1.464335265981714258e+02,6.191011745273351796e-02,-2.521173730049413031e-01,9.657142266664999752e-01,4.125957437282469442e+01,0.000000000000000000e+00,0.000000000000000000e+00,0.000000000000000000e+00,1.000000000000000056e-01
2.253201381256498825e-01,-9.401777507784747634e-01,-2.555320572769032017e-01,3.292428855108067864e+02,9.725206882589711999e-01,2.328145576347190326e-01,9.448077303512852909e-04,1.473811431505870075e+02,5.860329566957214742e-02,-2.487230964234696806e-01,9.668001215567704199e-01,4.134868748382840664e+01,0.000000000000000000e+00,0.000000000000000000e+00,0.000000000000000000e+00,1.000000000000000056e-01
2.195963263248577046e-01,-9.418586641820911876e-01,-2.543220599353364086e-01,3.294385568968917255e+02,9.739630310980291750e-01,2.267025455915028243e-01,1.403522950186295026e-03,1.483100570934612961e+02,5.633353813640411267e-02,-2.480084928534884714e-01,9.671185656131182640e-01,4.143672310131946546e+01,0.000000000000000000e+00,0.000000000000000000e+00,0.000000000000000000e+00,1.000000000000000056e-01
2.175655727744669754e-01,-9.426871076958480700e-01,-2.529945424853167757e-01,3.296284389473579495e+02,9.742683482062832745e-01,2.253825877597588345e-01,-1.968455769150931345e-03,1.492638678364106397e+02,5.887620255008507719e-02,-2.460563068054773539e-01,9.674657030895359444e-01,4.150301433283100039e+01,0.000000000000000000e+00,0.000000000000000000e+00,0.000000000000000000e+00,1.000000000000000056e-01
2.191440224916947344e-01,-9.432136575715726057e-01,-2.496475386952898834e-01,3.298232040321555587e+02,9.738112724040364210e-01,2.273220031494435078e-01,-4.038888826930778220e-03,1.502463525040606100e+02,6.055991368051588664e-02,-2.422244889654657229e-01,9.683283501996765574e-01,4.156161927343939055e+01,0.000000000000000000e+00,0.000000000000000000e+00,0.000000000000000000e+00,1.000000000000000056e-01
2.178990226060136814e-01,-9.443650148137733291e-01,-2.463630141541662266e-01,3.300254713063076224e+02,9.738954930599844628e-01,2.268490883460010377e-01,-8.188999574941707715e-03,1.511892540797735762e+02,6.362062986794542185e-02,-2.381474541379147158e-01,9.691430263603177941e-01,4.166410281545792316e+01,0.000000000000000000e+00,0.000000000000000000e+00,0.000000000000000000e+00,1.000000000000000056e-01
2.170241227219648072e-01,-9.444405571144229850e-01,-2.468452232354518827e-01,3.302131565865648781e+02,9.739637894754253900e-01,2.264740808232866831e-01,-1.019938752655440151e-02,1.521455007810616280e+02,6.553676027567291451e-02,-2.382047959060561992e-01,9.690012426513823218e-01,4.175060179164424312e+01,0.000000000000000000e+00,0.000000000000000000e+00,0.000000000000000000e+00,1.000000000000000056e-01
2.160003508355554658e-01,-9.439332964267354020e-01,-2.496673393455266510e-01,3.304075228074821098e+02,9.737726946891210877e-01,2.269808026117070554e-01,-1.569886376886481250e-02,1.530572561980055752e+02,7.148837329807590513e-02,-2.397282777285622557e-01,9.682044026653112700e-01,4.181362218891744220e+01,0.000000000000000000e+00,0.000000000000000000e+00,0.000000000000000000e+00,1.000000000000000056e-01
2.154983508974418482e-01,-9.437415622979135055e-01,-2.508232930809583539e-01,3.305857072399647336e+02,9.737172866410366279e-01,2.270658321025884607e-01,-1.776945660329465326e-02,1.539227488658854668e+02,7.372317449011750456e-02,-2.404016877708066158e-01,9.678697856943604405e-01,4.189661855308943927e+01,0.000000000000000000e+00,0.000000000000000000e+00,0.000000000000000000e+00,1.000000000000000056e-01
2.161202670850450591e-01,-9.440402733406939584e-01,-2.491585689193063780e-01,3.307878104350809281e+02,9.732415144865790291e-01,2.286975125253041252e-01,-2.232492429121776811e-02,1.548189912514643538e+02,7.805757256640145914e-02,-2.376665943618629651e-01,9.682053528510750073e-01,4.198578614626023864e+01,0.000000000000000000e+00,0.000000000000000000e+00,0.000000000000000000e+00,1.000000000000000056e-01
2.162995280898465378e-01,-9.441222499170834892e-01,-2.486919607860578751e-01,3.309480480894475249e+02,9.730062642143685325e-01,2.294443887468419208e-01,-2.478068344874033435e-02,1.556851192630404057e+02,8.045696954091841047e-02,-2.366187855688819397e-01,9.682655763622908252e-01,4.205986167329361081e+01,0.000000000000000000e+00,0.000000000000000000e+00,0.000000000000000000e+00,1.000000000000000056e-01
2.160540724479402819e-01,-9.450963014957745045e-01,-2.451807877417573334e-01,3.311363141670410073e+02,9.734841080086336085e-01,2.278413462762900465e-01,-2.042088102024290641e-02,1.565803386234675543e+02,7.516201988568017855e-02,-2.342675859482403755e-01,9.692622807788862094e-01,4.214129084030988537e+01,0.000000000000000000e+00,0.000000000000000000e+00,0.000000000000000000e+00,1.000000000000000056e-01
2.138047559790162699e-01,-9.455216727431877688e-01,-2.455123066033095824e-01,3.312880209607393454e+02,9.741908009476588637e-01,2.249964475109398343e-01,-1.813510287855372993e-02,1.574602559839298408e+02,7.238652961506124306e-02,-2.352984593667818425e-01,9.692238262392782744e-01,4.221483564256404009e+01,0.000000000000000000e+00,0.000000000000000000e+00,0.000000000000000000e+00,1.000000000000000056e-01
2.108223697185459544e-01,-9.472884898747071514e-01,-2.412435395552668949e-01,3.314752135385489282e+02,9.749777765771634463e-01,2.215715240884417181e-01,-1.801096593123532874e-02,1.583928104585399979e+02,7.051427945393547170e-02,-2.314099752906560170e-01,9.702974594056558155e-01,4.230170319700167880e+01,0.000000000000000000e+00,0.000000000000000000e+00,0.000000000000000000e+00,1.000000000000000056e-01
2.062313275724415584e-01,-9.481893873439363185e-01,-2.416723510375962392e-01,3.316672837877135862e+02,9.758430001819268229e-01,2.174987578106805097e-01,-2.060896277707977009e-02,1.593150280729758208e+02,7.210463593725716103e-02,-2.315840583441395040e-01,9.701390340550233304e-01,4.238730087526985102e+01,0.000000000000000000e+00,0.000000000000000000e+00,0.000000000000000000e+00,1.000000000000000056e-01
2.032982451515283895e-01,-9.496512021067289311e-01,-2.383955072050520374e-01,3.318454665267444170e+02,9.762361564077215448e-01,2.152634334996915699e-01,-2.499242125530692915e-02,1.601844745569764257e+02,7.505191830051993751e-02,-2.276493982754376200e-01,9.708465177484252306e-01,4.248271805744136742e+01,0.000000000000000000e+00,0.000000000000000000e+00,0.000000000000000000e+00,1.000000000000000056e-01
1.986634385160354066e-01,-9.510248665502744059e-01,-2.368217502680412256e-01,3.320066796028680187e+02,9.769139137721362109e-01,2.115257202034742656e-01,-2.993450802684245737e-02,1.610329319426466554e+02,7.856235278677073386e-02,-2.254075706258211742e-01,9.710918513864548185e-01,4.256739637674384369e+01,0.000000000000000000e+00,0.000000000000000000e+00,0.000000000000000000e+00,1.000000000000000056e-01
1.963174902258201238e-01,-9.515656010973603252e-01,-2.366058956147432946e-01,3.321682969425611986e+02,9.775071222624274192e-01,2.088923512016287454e-01,-2.904843430692116701e-02,1.619188795775058338e+02,7.706665269533355400e-02,-2.255812324145675674e-01,9.711713744878716081e-01,4.265983123415426093e+01,0.000000000000000000e+00,0.000000000000000000e+00,0.000000000000000000e+00,1.000000000000000056e-01
1.961319098518528037e-01,-9.522628356682354411e-01,-2.339396626118710187e-01,3.323409909564622353e+02,9.777714491315960821e-01,2.079592026467480537e-01,-2.675749049569782489e-02,1.627673654030911621e+02,7.413006947901304433e-02,-2.234915252076017933e-01,9.718828483718686684e-01,4.274775291853958947e+01,0.000000000000000000e+00,0.000000000000000000e+00,0.000000000000000000e+00,1.000000000000000056e-01
1.939595403017035924e-01,-9.540695617526316896e-01,-2.283220709066329512e-01,3.324874403980700777e+02,9.784375217027730942e-01,2.049809817253285260e-01,-2.535376214797729899e-02,1.635497686343369992e+02,7.099093498530287261e-02,-2.184812771567903322e-01,9.732554745193321422e-01,4.282310067043626134e+01,0.000000000000000000e+00,0.000000000000000000e+00,0.000000000000000000e+00,1.000000000000000056e-01
1.891119392576913194e-01,-9.556814047645992849e-01,-2.256318395469882609e-01,3.326365997607203440e+02,9.788118624755463015e-01,2.018343136765305967e-01,-3.449996666486104813e-02,1.643372170679616602e+02,7.851122408514574214e-02,-2.143267655004535699e-01,9.736015741989972883e-01,4.289271543189455116e+01,0.000000000000000000e+00,0.000000000000000000e+00,0.000000000000000000e+00,1.000000000000000056e-01
1.878199041667147906e-01,-9.557758223933158215e-01,-2.263100990393209222e-01,3.327619535644561779e+02,9.783811854625835691e-01,2.023625646008980761e-01,-4.265733677783117850e-02,1.650837245893706324e+02,8.656754317662047893e-02,-2.134056460746259209e-01,9.731207996399190430e-01,4.296177157581070105e+01,0.000000000000000000e+00,0.000000000000000000e+00,0.000000000000000000e+00,1.000000000000000056e-01
1.840258086339662258e-01,-9.569177666675879879e-01,-2.245949456077113993e-01,3.329139392385002907e+02,9.785914304139670117e-01,1.997921138510803107e-01,-4.941582300501752567e-02,1.658344409311169443e+02,9.215917793123526436e-02,-2.106929022981861022e-01,9.731984313819078691e-01,4.303144841298961154e+01,0.000000000000000000e+00,0.000000000000000000e+00,0.000000000000000000e+00,1.000000000000000056e-01
1.730576117094067001e-01,-9.610272449417437413e-01,-2.155868676638685311e-01,3.330564101153744900e+02,9.810449159840172184e-01,1.875750970293115216e-01,-4.864623106014749621e-02,1.665879772828082253e+02,8.718908103282851929e-02,-2.030817999086242387e-01,9.752721910802770733e-01,4.310384676020230899e+01,0.000000000000000000e+00,0.000000000000000000e+00,0.000000000000000000e+00,1.000000000000000056e-01
1.686619608070065723e-01,-9.631492386264000061e-01,-2.095153624680590743e-01,3.331836050904875606e+02,9.825195496237970616e-01,1.812721528003582439e-01,-4.237618701788674336e-02,1.672883339069965132e+02,7.879389306150001715e-02,-1.987056887774227842e-01,9.768866728867289240e-01,4.319466239690985532e+01,0.000000000000000000e+00,0.000000000000000000e+00,0.000000000000000000e+00,1.000000000000000056e-01
1.641185509636384765e-01,-9.643418528424942959e-01,-2.076292178039991498e-01,3.332825851432047557e+02,9.835918400723207000e-01,1.759635418795595374e-01,-3.979854359579905465e-02,1.679619992031907145e+02,7.491457383407981729e-02,-1.976907250872064759e-01,9.773976590118029772e-01,4.326312452933007791e+01,0.000000000000000000e+00,0.000000000000000000e+00,0.000000000000000000e+00,1.000000000000000056e-01
1.583745947046770741e-01,-9.651945308019727054e-01,-2.081273779734146567e-01,3.333838025750243332e+02,9.844382588004829682e-01,1.706117323695285348e-01,-4.210642929222777053e-02,1.686164399960163962e+02,7.614986777403012774e-02,-1.982199649072406422e-01,9.771949872723304509e-01,4.333528039629948125e+01,0.000000000000000000e+00,0.000000000000000000e+00,0.000000000000000000e+00,1.000000000000000056e-01
1.568735447125388927e-01,-9.645714697768005275e-01,-2.121145225154228986e-01,3.334663256630505543e+02,9.838867714872953085e-01,1.712871411252331333e-01,-5.125949841201528356e-02,1.692264715250898917e+02,8.577593987610986070e-02,-2.006554135271890749e-01,9.758995302594436483e-01,4.339861931519712357e+01,0.000000000000000000e+00,0.000000000000000000e+00,0.000000000000000000e+00,1.000000000000000056e-01
1.501895622234150629e-01,-9.653353893328247004e-01,-2.134729057767818239e-01,3.335434351298047773e+02,9.843710511343506386e-01,1.660950224855439750e-01,-5.853270192106427294e-02,1.698212390421310829e+02,9.196047568272172623e-02,-2.013455477709166497e-01,9.751939506093324495e-01,4.346277580706343002e+01,0.000000000000000000e+00,0.000000000000000000e+00,0.000000000000000000e+00,1.000000000000000056e-01
1.417011385862785300e-01,-9.663475278631280529e-01,-2.146933690549707452e-01,3.336194900004862802e+02,9.856302905425980976e-01,1.578746515715062637e-01,-6.007099762855250269e-02,1.703762629682242391e+02,9.194410088888990695e-02,-2.030961589592404359e-01,9.748324125344502988e-01,4.352280058846007904e+01,0.000000000000000000e+00,0.000000000000000000e+00,0.000000000000000000e+00,1.000000000000000056e-01
1.358579018295920093e-01,-9.672640626497105432e-01,-2.143428646277675265e-01,3.336772818552443027e+02,9.865971952528683753e-01,1.518238458297385129e-01,-5.979543591814479031e-02,1.709462743966410017e+02,9.038033430804583157e-02,-2.033463866013957566e-01,9.749264804212272040e-01,4.358657979692121387e+01,0.000000000000000000e+00,0.000000000000000000e+00,0.000000000000000000e+00,1.000000000000000056e-01
1.288199010187289772e-01,-9.686652249294048778e-01,-2.123513953662427844e-01,3.337231428400448294e+02,9.878945885205291377e-01,1.440156854934681041e-01,-5.765209713185757978e-02,1.715345783137892965e+02,8.642751340504664648e-02,-2.023540569010465195e-01,9.754912201461930499e-01,4.364604458779233909e+01,0.000000000000000000e+00,0.000000000000000000e+00,0.000000000000000000e+00,1.000000000000000056e-01
1.257086692008773099e-01,-9.692802087942554712e-01,-2.114076803891214440e-01,3.337897840105075034e+02,9.884759621400646123e-01,1.404922395860573880e-01,-5.636668242293058073e-02,1.720861279412828537e+02,8.433624819149872220e-02,-2.018856296417809726e-01,9.757712794426384173e-01,4.371118105686254296e+01,0.000000000000000000e+00,0.000000000000000000e+00,0.000000000000000000e+00,1.000000000000000056e-01
1.146413073725377485e-01,-9.709655427652457149e-01,-2.099601995772233387e-01,3.338471236544527301e+02,9.900796034803465151e-01,1.289602933000675300e-01,-5.578191036671713288e-02,1.726202634135267999e+02,8.123884179452124654e-02,-2.014824000118934921e-01,9.761173561971593360e-01,4.376826376533325913e+01,0.000000000000000000e+00,0.000000000000000000e+00,0.000000000000000000e+00,1.000000000000000056e-01
1.060869050686392701e-01,-9.726582325950478003e-01,-2.065950898207292163e-01,3.339031174474981754e+02,9.911048979179110097e-01,1.202220734520792478e-01,-5.707656592691903730e-02,1.731384463229902337e+02,8.035328180033841916e-02,-1.987023291759824895e-01,9.767603260185965253e-01,4.381666632069323697e+01,0.000000000000000000e+00,0.000000000000000000e+00,0.000000000000000000e+00,1.000000000000000056e-01
9.024534152484520177e-02,-9.747035401872927718e-01,-2.044719713785315141e-01,3.339350359796413272e+02,9.928072231546345439e-01,1.042655461877679546e-01,-5.884312644779028656e-02,1.736803114513018897e+02,7.867398544022197182e-02,-1.976909320746032539e-01,9.771021949573270859e-01,4.387290550342821405e+01,0.000000000000000000e+00,0.000000000000000000e+00,0.000000000000000000e+00,1.000000000000000056e-01
6.721311274416308379e-02,-9.770579134484003170e-01,-2.020896613958742538e-01,3.339450046762543138e+02,9.948263426500281170e-01,8.109228416781433246e-02,-6.119305040620012792e-02,1.741920213651776521e+02,7.617706639671630031e-02,-1.969311433377289033e-01,9.774534154315923651e-01,4.391667330767833732e+01,0.000000000000000000e+00,0.000000000000000000e+00,0.000000000000000000e+00,1.000000000000000056e-01
4.432047530916449762e-02,-9.794845064761403819e-01,-1.965853428960612492e-01,3.339348236780703019e+02,9.964364860241186062e-01,5.747711124942922467e-02,-6.173095659657097667e-02,1.747155680632587860e+02,7.176367317993651018e-02,-1.931488629415482050e-01,9.785415126381252771e-01,4.396388237379957786e+01,0.000000000000000000e+00,0.000000000000000000e+00,0.000000000000000000e+00,1.000000000000000056e-01
8.798076290612466543e-03,-9.799232858614422836e-01,-1.991806910322865276e-01,3.339213546964173815e+02,9.977433168878199199e-01,2.186209140315331645e-02,-6.348482153374858383e-02,1.752228446526590631e+02,6.656476139276928938e-02,-1.981726590274117128e-01,9.779042538790435612e-01,4.399620600902128587e+01,0.000000000000000000e+00,0.000000000000000000e+00,0.000000000000000000e+00,1.000000000000000056e-01
-2.490408252966624936e-02,-9.801687501949984949e-01,-1.965935090854483147e-01,3.338870539983376489e+02,9.979112087629371519e-01,-1.264869200889551237e-02,-6.335005931929023337e-02,1.757537828480070914e+02,5.960709772039785026e-02,-1.977605413919540922e-01,9.784363863684302220e-01,4.405663374754885808e+01,0.000000000000000000e+00,0.000000000000000000e+00,0.000000000000000000e+00,1.000000000000000056e-01
-6.390082353289860961e-02,-9.794969953440645360e-01,-1.910558056269624494e-01,3.338562553244680657e+02,9.965517412518477558e-01,-5.247702526390218836e-02,-6.427121305345660784e-02,1.763171733628085747e+02,5.292741973427768365e-02,-1.945039792173981485e-01,9.794727613919999021e-01,4.409469402079476197e+01,0.000000000000000000e+00,0.000000000000000000e+00,0.000000000000000000e+00,1.000000000000000056e-01
-1.025972024447403541e-01,-9.766549118299058252e-01,-1.887299585360842635e-01,3.337567425283259581e+02,9.935893721479945873e-01,-9.156336707591528068e-02,-6.630467075761305173e-02,1.768066304392422410e+02,4.747603190102576975e-02,-1.943227547361356944e-01,9.797880859587405622e-01,4.411531933587441046e+01,0.000000000000000000e+00,0.000000000000000000e+00,0.000000000000000000e+00,1.000000000000000056e-01
-1.525253132479837959e-01,-9.701086293742288147e-01,-1.887465921076731945e-01,3.336646706895644456e+02,9.876034726054946367e-01,-1.424457568417951681e-01,-6.594381893200278177e-02,1.773379912112466457e+02,3.708651663574046020e-02,-1.964648914473628438e-01,9.798092348576853405e-01,4.414956604634929960e+01,0.000000000000000000e+00,0.000000000000000000e+00,0.000000000000000000e+00,1.000000000000000056e-01
-2.051905170605436979e-01,-9.606042891714262622e-01,-1.874466626373643141e-01,3.335352433975011195e+02,9.783283101805823057e-01,-1.958790187928194371e-01,-6.712024654282119918e-02,1.778262310550904317e+02,2.775912836588211030e-02,-1.971568148003549348e-01,9.799788881247111227e-01,4.416175831931152373e+01,0.000000000000000000e+00,0.000000000000000000e+00,0.000000000000000000e+00,1.000000000000000056e-01
-2.625867517464099965e-01,-9.465544157031882122e-01,-1.873043937553661720e-01,3.333791247505723732e+02,9.647670437793895992e-01,-2.542317912139480107e-01,-6.775505570306086800e-02,1.782980345418027071e+02,1.651511563527839621e-02,-1.984966862417192057e-01,9.799624056598343902e-01,4.417948541582686772e+01,0.000000000000000000e+00,0.000000000000000000e+00,0.000000000000000000e+00,1.000000000000000056e-01
-3.159313105604335536e-01,-9.304064293379634698e-01,-1.858259488181041585e-01,3.331863190856494725e+02,9.487633847112493246e-01,-3.085773489337477749e-01,-6.802984312986910809e-02,1.788044618981316205e+02,5.953724785494482474e-03,-1.977976136650840822e-01,9.802247993136965487e-01,4.419011749864684901e+01,0.000000000000000000e+00,0.000000000000000000e+00,0.000000000000000000e+00,1.000000000000000056e-01
-3.708348629634665716e-01,-9.096341464732869975e-01,-1.872090381917548008e-01,3.329801650835793794e+02,9.286718990309811295e-01,-3.647466603504201377e-01,-6.729322189795147735e-02,1.793012127389778811e+02,-7.071659003276165034e-03,-1.988104457341973441e-01,9.800124480362027990e-01,4.419823830762891959e+01,0.000000000000000000e+00,0.000000000000000000e+00,0.000000000000000000e+00,1.000000000000000056e-01
-4.273647660069854748e-01,-8.843131847719122307e-01,-1.880147547783218021e-01,3.326983617559953927e+02,9.039124490335731510e-01,-4.219391154414402489e-01,-7.006901842200218000e-02,1.797200027308815038e+02,-1.736782248650188543e-02,-1.998939071083776775e-01,9.796636078996834307e-01,4.417356690196002234e+01,0.000000000000000000e+00,0.000000000000000000e+00,0.000000000000000000e+00,1.000000000000000056e-01
-4.862126237765580505e-01,-8.529142115715344641e-01,-1.900911154673557424e-01,3.323958796911713307e+02,8.732270732310893901e-01,-4.823856658244056739e-01,-6.912704234531398539e-02,1.801457320308593637e+02,-3.273779248179878310e-02,-1.996031490394204466e-01,9.793297809404989396e-01,4.416811428634936476e+01,0.000000000000000000e+00,0.000000000000000000e+00,0.000000000000000000e+00,1.000000000000000056e-01
-5.431021480762052711e-01,-8.176369605311317734e-01,-1.910755283348040678e-01,3.321050781273335701e+02,8.383642507260056220e-01,-5.407024501381569870e-01,-6.918268222046139448e-02,1.806224693478090160e+02,-4.674868831994215268e-02,-1.977641554680897029e-01,9.791342599216709131e-01,4.413860850023463911e+01,0.000000000000000000e+00,0.000000000000000000e+00,0.000000000000000000e+00,1.000000000000000056e-01
-5.979602087849118508e-01,-7.784501118478156512e-01,-1.909424313085707481e-01,3.317753296161046137e+02,7.993737126880106070e-01,-5.966311274350080129e-01,-7.094339461160215077e-02,1.810099899567490809e+02,-5.869630459654866239e-02,-1.950556872786716189e-01,9.790342295787999305e-01,4.411258782372203058e+01,0.000000000000000000e+00,0.000000000000000000e+00,0.000000000000000000e+00,1.000000000000000056e-01
-6.511651579829471626e-01,-7.337801366821384841e-01,-1.937798958607062083e-01,3.314322465613178110e+02,7.552890755589439786e-01,-6.515572304557100125e-01,-7.079256869334023261e-02,1.813903796853931567e+02,-7.431251153311868585e-02,-1.924574925837587158e-01,9.784874880027912836e-01,4.407082323440357641e+01,0.000000000000000000e+00,0.000000000000000000e+00,0.000000000000000000e+00,1.000000000000000056e-01
-7.020741291287817543e-01,-6.849466035858957635e-01,-1.947821024740430396e-01,3.310127361271149766e+02,7.067754704010069666e-01,-7.036453557996293906e-01,-7.315495677702529842e-02,1.817606873860016776e+02,-8.695028261885140441e-02,-1.890274146724726101e-01,9.781146583375299741e-01,4.401387246293755595e+01,0.000000000000000000e+00,0.000000000000000000e+00,0.000000000000000000e+00,1.000000000000000056e-01
-7.487576444104000473e-01,-6.329251459234614963e-01,-1.968952757045061563e-01,3.305839747805073330e+02,6.555579860437605877e-01,-7.510238541138640755e-01,-7.878386564649995927e-02,1.821068742587963811e+02,-9.800875915568470209e-02,-1.880662920613958011e-01,9.772539858803548363e-01,4.395619867526419711e+01,0.000000000000000000e+00,0.000000000000000000e+00,0.000000000000000000e+00,1.000000000000000056e-01
-7.911322828456348599e-01,-5.797417007515304199e-01,-1.949596662111852396e-01,3.301176756564222501e+02,6.016708355333504343e-01,-7.949673873214373465e-01,-7.758259317609422778e-02,1.824121857682845587e+02,-1.100087119643425038e-01,-1.786796393130745675e-01,9.777380374041382272e-01,4.389718140810950331e+01,0.000000000000000000e+00,0.000000000000000000e+00,0.000000000000000000e+00,1.000000000000000056e-01
-8.262240877335276235e-01,-5.281698372120575691e-01,-1.959346317226472456e-01,3.296698639289836592e+02,5.493445294457763861e-01,-8.324423614909799429e-01,-7.252794470629793377e-02,1.827065356909242553e+02,-1.247972147802153958e-01,-1.675599530159578299e-01,9.779311414043376782e-01,4.384756131173696758e+01,0.000000000000000000e+00,0.000000000000000000e+00,0.000000000000000000e+00,1.000000000000000056e-01
-8.591887325446467827e-01,-4.727681708052310361e-01,-1.956654761111400465e-01,3.292029979115580431e+02,4.933298154956715642e-01,-8.668822961744786504e-01,-7.169921702689710519e-02,1.829800229216814387e+02,-1.357218295313242784e-01,-1.581307726305647698e-01,9.780461357911143239e-01,4.378393094056766444e+01,0.000000000000000000e+00,0.000000000000000000e+00,0.000000000000000000e+00,1.000000000000000056e-01
-8.849444707544085187e-01,-4.223354307218626369e-01,-1.962296298681198703e-01,3.286807316708504914e+02,4.424129302045782808e-01,-8.939905910010224055e-01,-7.107476619337022017e-02,1.832303800837554775e+02,-1.454100507839796164e-01,-1.497117468959000275e-01,9.779786858476918754e-01,4.370668903289723772e+01,0.000000000000000000e+00,0.000000000000000000e+00,0.000000000000000000e+00,1.000000000000000056e-01
-9.053694871244375442e-01,-3.767101788361291170e-01,-1.959477811695887195e-01,3.281349135484662725e+02,3.970152761993545054e-01,-9.146641307230394258e-01,-7.594997322591517941e-02,1.834478658432313694e+02,-1.506152789340564624e-01,-1.465570507683564838e-01,9.776686906215713568e-01,4.362176996179540822e+01,0.000000000000000000e+00,0.000000000000000000e+00,0.000000000000000000e+00,1.000000000000000056e-01
-9.220835274887195787e-01,-3.331072322388431983e-01,-1.969810654965030161e-01,3.276115137983442196e+02,3.539019019151842249e-01,-9.317721537550216482e-01,-8.095737957434273602e-02,1.836231810235617559e+02,-1.565739830073167860e-01,-1.443614398546450295e-01,9.770590373812210183e-01,4.353129667891925436e+01,0.000000000000000000e+00,0.000000000000000000e+00,0.000000000000000000e+00,1.000000000000000056e-01
-9.354731911681819501e-01,-2.939292382411853866e-01,-1.962027306450533082e-01,3.271140175573708007e+02,3.151559876217690515e-01,-9.450577046255681513e-01,-8.684836437147458454e-02,1.837897775530946660e+02,-1.598956286824822215e-01,-1.430787819168500286e-01,9.767097061529717017e-01,4.344580518969811322e+01,0.000000000000000000e+00,0.000000000000000000e+00,0.000000000000000000e+00,1.000000000000000056e-01
-9.424227959138287147e-01,-2.682650178755371373e-01,-1.996826330109857384e-01,3.265104500662520195e+02,2.902914987867826202e-01,-9.526799563773518109e-01,-9.017619668721363335e-02,1.839646525014706526e+02,-1.660425230899772731e-01,-1.429502742252893310e-01,9.757023622113605299e-01,4.334651103219039925e+01,0.000000000000000000e+00,0.000000000000000000e+00,0.000000000000000000e+00,1.000000000000000056e-01
-9.488953143545015845e-01,-2.441699625308326460e-01,-1.999467724014643843e-01,3.259065497852116664e+02,2.660799732002354090e-01,-9.596619922018578830e-01,-9.083120931113290719e-02,1.841320233494392653e+02,-1.697030649629912846e-01,-1.393911407545422310e-01,9.755875048509560221e-01,4.325101393098817226e+01,0.000000000000000000e+00,0.000000000000000000e+00,0.000000000000000000e+00,1.000000000000000056e-01
-9.528883831743235611e-01,-2.303976768847343093e-01,-1.972831460047757557e-01,3.253066252565131435e+02,2.516327064919889334e-01,-9.636266760583158675e-01,-9.002560864730994872e-02,1.842851922176863013e+02,-1.693656111344349902e-01,-1.354272486426554845e-01,9.762042563368281689e-01,4.315161226195709787e+01,0.000000000000000000e+00,0.000000000000000000e+00,0.000000000000000000e+00,1.000000000000000056e-01
-9.570227407983393775e-01,-2.145729891494707053e-01,-1.951048587870021223e-01,3.247420689916134506e+02,2.355456653476730167e-01,-9.675673663471686670e-01,-9.127776901264923748e-02,1.844290754021824341e+02,-1.691913506381367283e-01,-1.333110044499914992e-01,9.765257103434489272e-01,4.307104558328503430e+01,0.000000000000000000e+00,0.000000000000000000e+00,0.000000000000000000e+00,1.000000000000000056e-01
-9.600391704120820879e-01,-2.043723165589644564e-01,-1.911981890573337950e-01,3.241350096418368025e+02,2.242395981067596133e-01,-9.705004243623776006e-01,-8.857499056372682145e-02,1.845897129861438657e+02,-1.674556476067632638e-01,-1.279096655330150545e-01,9.775467884187598600e-01,4.296620927287030156e+01,0.000000000000000000e+00,0.000000000000000000e+00,0.000000000000000000e+00,1.000000000000000056e-01
-9.645794576333135417e-01,-1.896964932545120719e-01,-1.833076931248780184e-01,3.235308622099537388e+02,2.088300142220010092e-01,-9.736846053150216562e-01,-9.125959967351328361e-02,1.847253194600777420e+02,-1.611722527976278407e-01,-1.263072833191811739e-01,9.788104898848732915e-01,4.286865662369401520e+01,0.000000000000000000e+00,0.000000000000000000e+00,0.000000000000000000e+00,1.000000000000000056e-01
-9.658646177679739431e-01,-1.848703458097037677e-01,-1.814621045401102750e-01,3.228499676666022538e+02,2.035821495632876010e-01,-9.748737264176348116e-01,-9.041861489641159211e-02,1.848726763235040949e+02,-1.601869174530697049e-01,-1.242745862225858866e-01,9.792323415288571864e-01,4.276702730086785209e+01,0.000000000000000000e+00,0.000000000000000000e+00,0.000000000000000000e+00,1.000000000000000056e-01
-9.679315328216100411e-01,-1.709622370805872482e-01,-1.840664588185739747e-01,3.221895868626616561e+02,1.908170695517563964e-01,-9.769135956284422662e-01,-9.606598067988875167e-02,1.849945461691310697e+02,-1.633933711546734502e-01,-1.281083142060252256e-01,9.782079871346386346e-01,4.265639517197170960e+01,0.000000000000000000e+00,0.000000000000000000e+00,0.000000000000000000e+00,1.000000000000000056e-01
-9.697718733795293033e-01,-1.596805076257877820e-01,-1.845119212580310086e-01,3.214814450399367161e+02,1.798577219423572182e-01,-9.787728587244741707e-01,-9.825930430258106307e-02,1.851197919615511012e+02,-1.649051650484751330e-01,-1.284750034391602680e-01,9.779061611584430880e-01,4.253636444397733385e+01,0.000000000000000000e+00,0.000000000000000000e+00,0.000000000000000000e+00,1.000000000000000056e-01
-9.716530107405756400e-01,-1.509494028071418636e-01,-1.819469826926030931e-01,3.207760918444618596e+02,1.709689304062345094e-01,-9.802075977571214072e-01,-9.981327634619477362e-02,1.852320464835591736e+02,-1.632790603675906838e-01,-1.280911514952572383e-01,9.782293214548906102e-01,4.244157702723974523e+01,0.000000000000000000e+00,0.000000000000000000e+00,0.000000000000000000e+00,1.000000000000000056e-01
-9.732806164708422969e-01,-1.422087455567836167e-01,-1.802817636071479268e-01,3.200425115897774049e+02,1.620773964968556247e-01,-9.816285533904156591e-01,-1.006791970242181811e-01,1.853441069083993398e+02,-1.626522644998791289e-01,-1.272087098268285532e-01,9.784488668281317025e-01,4.232112145396224889e+01,0.000000000000000000e+00,0.000000000000000000e+00,0.000000000000000000e+00,1.000000000000000056e-01
-9.744287140574670047e-01,-1.366676836487353830e-01,-1.783553348414367301e-01,3.193250958048216717e+02,1.567837895081134469e-01,-9.821428690145472817e-01,-1.039914813402988830e-01,1.854487982041197256e+02,-1.609581453912395377e-01,-1.292955107107873758e-01,9.784554902203008719e-01,4.221460287697218661e+01,0.000000000000000000e+00,0.000000000000000000e+00,0.000000000000000000e+00,1.000000000000000056e-01
-9.754024572701329721e-01,-1.303802349605104882e-01,-1.777386865120508530e-01,3.185928458868157804e+02,1.504633167638090296e-01,-9.830674887707333554e-01,-1.045901660312207326e-01,1.855533508753651404e+02,-1.610926337851010526e-01,-1.287606572429899066e-01,9.785038868019546587e-01,4.210580430942707864e+01,0.000000000000000000e+00,0.000000000000000000e+00,0.000000000000000000e+00,1.000000000000000056e-01
-9.766151730844687684e-01,-1.219430809069404209e-01,-1.770669046437433614e-01,3.178781169478806419e+02,1.420470311694742305e-01,-9.842049074000474018e-01,-1.056567138690323038e-01,1.856347814738880118e+02,-1.613860112808155889e-01,-1.283377780257533018e-01,9.785110986055707283e-01,4.199114196265722398e+01,0.000000000000000000e+00,0.000000000000000000e+00,0.000000000000000000e+00,1.000000000000000056e-01
-9.776899970543391216e-01,-1.159155364073361921e-01,-1.751737939284491175e-01,3.171245035524989930e+02,1.356697778357494610e-01,-9.851398955446619699e-01,-1.053237750379837634e-01,1.856990598301606212e+02,-1.603620311728609082e-01,-1.267397910115562187e-01,9.788876566452666683e-01,4.187308421868603148e+01,0.000000000000000000e+00,0.000000000000000000e+00,0.000000000000000000e+00,1.000000000000000056e-01
-9.783261069371387286e-01,-1.072670307174366650e-01,-1.771208982765355711e-01,3.163668909042100950e+02,1.279712851461542455e-01,-9.856685313655677572e-01,-1.099131313978751329e-01,1.857815234393393951e+02,-1.627924404364774202e-01,-1.301972749204428625e-01,9.780323567960451658e-01,4.175843822890932699e+01,0.000000000000000000e+00,0.000000000000000000e+00,0.000000000000000000e+00,1.000000000000000056e-01
-9.788369172310964483e-01,-1.002392742426339856e-01,-1.784106985716761851e-01,3.155144807695436384e+02,1.217314008706870399e-01,-9.860078329389032614e-01,-1.138859931035763884e-01,1.858503404178160281e+02,-1.644984969766701832e-01,-1.331939986727546654e-01,9.773431348354469916e-01,4.161635936289762583e+01,0.000000000000000000e+00,0.000000000000000000e+00,0.000000000000000000e+00,1.000000000000000056e-01
-9.802158293420646373e-01,-9.014426835945392458e-02,-1.762127656816847854e-01,3.146765494918566333e+02,1.118922838798817737e-01,-9.867319968979231248e-01,-1.176438825693118528e-01,1.859513629001704942e+02,-1.632698524388184469e-01,-1.350332447206125663e-01,9.772967707430684214e-01,4.148286194786543035e+01,0.000000000000000000e+00,0.000000000000000000e+00,0.000000000000000000e+00,1.000000000000000056e-01
-9.809985179837399372e-01,-8.282188458638012341e-02,-1.754492608911945584e-01,3.138490682765172437e+02,1.054013834580534159e-01,-9.867252887138608930e-01,-1.235465619824230865e-01,1.860194246096388895e+02,-1.628878635099451078e-01,-1.396915890313681352e-01,9.767055871013827772e-01,4.135333544409644446e+01,0.000000000000000000e+00,0.000000000000000000e+00,0.000000000000000000e+00,1.000000000000000056e-01
-9.814354132320088908e-01,-8.051403866925198327e-02,-1.740747518489763612e-01,3.130129553219375111e+02,1.037395450491340326e-01,-9.862394873134410211e-01,-1.287236592733455587e-01,1.860866225624398282e+02,-1.613153323373671122e-01,-1.443923932930258891e-01,9.762828485188075334e-01,4.121940721586680212e+01,0.000000000000000000e+00,0.000000000000000000e+00,0.000000000000000000e+00,1.000000000000000056e-01
-9.821705225331640587e-01,-8.097539318991450741e-02,-1.696586289130909420e-01,3.121334923445839991e+02,1.040818544751534735e-01,-9.857634456224120267e-01,-1.320507358693727706e-01,1.861815311093663468e+02,-1.565504143589026842e-01,-1.473547249746970933e-01,9.766158675711178461e-01,4.108871191976671611e+01,0.000000000000000000e+00,0.000000000000000000e+00,0.000000000000000000e+00,1.000000000000000056e-01
-9.829808964392008352e-01,-7.795775476726006514e-02,-1.663464628636051046e-01,3.112629105711415605e+02,1.008097956835735248e-01,-9.858842252814139506e-01,-1.336775203072762541e-01,1.862789160081798912e+02,-1.535771543225787350e-01,-1.481718016793810988e-01,9.769642648824290454e-01,4.095823224048984912e+01,0.000000000000000000e+00,0.000000000000000000e+00,0.000000000000000000e+00,1.000000000000000056e-01
-9.828753391745572721e-01,-7.779089183031907828e-02,-1.670468341236763243e-01,3.103821175448924237e+02,1.011303689934700961e-01,-9.855207649230539602e-01,-1.360936088606796712e-01,1.863736763079256207e+02,-1.540412805378610916e-01,-1.506565599425483959e-01,9.765110776824466043e-01,4.082746498087830389e+01,0.000000000000000000e+00,0.000000000000000000e+00,0.000000000000000000e+00,1.000000000000000056e-01
-9.828429419142095114e-01,-7.515463992358173417e-02,-1.684385099298211508e-01,3.094745281655120266e+02,9.877487963327302722e-02,-9.856962980344594616e-01,-1.365515697258526118e-01,1.864592847733519818e+02,-1.557667316305189342e-01,-1.508462400562862460e-01,9.762080399064674285e-01,4.070253870638919835e+01,0.000000000000000000e+00,0.000000000000000000e+00,0.000000000000000000e+00,1.000000000000000056e-01
-9.821770991804965600e-01,-7.892280880811058941e-02,-1.705852751418595603e-01,3.085400593817292361e+02,1.032001145782177887e-01,-9.849725098159050063e-01,-1.384878740467927472e-01,1.865547738881305690e+02,-1.570919545884773560e-01,-1.536240383429495759e-01,9.755622853753499468e-01,4.056291311972312030e+01,0.000000000000000000e+00,0.000000000000000000e+00,0.000000000000000000e+00,1.000000000000000056e-01
-9.820247230878542677e-01,-8.246973318539319031e-02,-1.697827622362011735e-01,3.075884385367723439e+02,1.069009048689281427e-01,-9.843372704984467703e-01,-1.401867841341443988e-01,1.866347801058662981e+02,-1.555623340736077276e-01,-1.558168187841058316e-01,9.754596245881078653e-01,4.042446671378723977e+01,0.000000000000000000e+00,0.000000000000000000e+00,0.000000000000000000e+00,1.000000000000000056e-01
-9.813728962656187438e-01,-8.784930845923034914e-02,-1.708500438351317208e-01,3.066550443779196371e+02,1.125178114255870471e-01,-9.836635632808683471e-01,-1.405195231474311302e-01,1.867252421239987257e+02,-1.557144199720355837e-01,-1.571257244273527587e-01,9.752253719709881308e-01,4.027863577164689701e+01,0.000000000000000000e+00,0.000000000000000000e+00,0.000000000000000000e+00,1.000000000000000056e-01
-9.817531078012422530e-01,-8.595976399226951115e-02,-1.696223873697010609e-01,3.057447009987091633e+02,1.105518962229829483e-01,-9.837728491339079451e-01,-1.413126305340651201e-01,1.868069480706517993e+02,-1.547226989297511290e-01,-1.574861907639768521e-01,9.753250669159210240e-01,4.016144281359885326e+01,0.000000000000000000e+00,0.000000000000000000e+00,0.000000000000000000e+00,1.000000000000000056e-01
-9.802774480358742437e-01,-9.169619794358252474e-02,-1.750655081818401904e-01,3.048765413144460581e+02,1.176084799166602080e-01,-9.825803293844166397e-01,-1.438893385852636486e-01,1.868706492696603618e+02,-1.588218194202772326e-01,-1.616406619310359338e-01,9.739855882334857995e-01,4.002801000164859602e+01,0.000000000000000000e+00,0.000000000000000000e+00,0.000000000000000000e+00,1.000000000000000056e-01
-9.799831760294512861e-01,-9.114231861572030802e-02,-1.769916734103067213e-01,3.040511134423414887e+02,1.174848439925160470e-01,-9.824964695922500102e-01,-1.445614010405944228e-01,1.869780224121329582e+02,-1.607180329996740487e-01,-1.624615800616131256e-01,9.735378517924199171e-01,3.991895244672701182e+01,0.000000000000000000e+00,0.000000000000000000e+00,0.000000000000000000e+00,1.000000000000000056e-01
-9.788172175421894217e-01,-9.397436761412400474e-02,-1.818946752230308772e-01,3.030899328862965945e+02,1.211750139372365642e-01,-9.820254890121435931e-01,-1.447154274007133312e-01,1.870552738002367903e+02,-1.650256666106121872e-01,-1.636910417890548308e-01,9.726108020157585576e-01,3.978073051155256934e+01,0.000000000000000000e+00,0.000000000000000000e+00,0.000000000000000000e+00,1.000000000000000056e-01
-9.774600161013451416e-01,-9.925274645420260888e-02,-1.863352066692082198e-01,3.020598702203390644e+02,1.271518306413356170e-01,-9.813324924867958821e-01,-1.442877373660360063e-01,1.871662715368895249e+02,-1.685358385854945351e-01,-1.647283567299536178e-01,9.718334423147483303e-01,3.963853417891891695e+01,0.000000000000000000e+00,0.000000000000000000e+00,0.000000000000000000e+00,1.000000000000000056e-01
-9.769716677960567086e-01,-1.072745843934884841e-01,-1.844411121930142061e-01,3.010739257919731244e+02,1.354742321756059187e-01,-9.796968234707874590e-01,-1.477865572292658969e-01,1.872773393494179572e+02,-1.648426302272011090e-01,-1.693702973500766651e-01,9.716689815134189612e-01,3.948393153532580158e+01,0.000000000000000000e+00,0.000000000000000000e+00,0.000000000000000000e+00,1.000000000000000056e-01
-9.767208909999920419e-01,-1.110350882100129416e-01,-1.835415764081196055e-01,3.000590874062292528e+02,1.389993958082329228e-01,-9.792816816824216897e-01,-1.472635592609225774e-01,1.874257284220353483e+02,-1.633874813109289781e-01,-1.693475630395775700e-01,9.719186868475300223e-01,3.935769844624971370e+01,0.000000000000000000e+00,0.000000000000000000e+00,0.000000000000000000e+00,1.000000000000000056e-01
-9.758711379205682324e-01,-1.181701885908127136e-01,-1.836064506002652308e-01,2.990827019495129093e+02,1.459648493489164311e-01,-9.784463958978539821e-01,-1.460716026784422694e-01,1.875438234042813122e+02,-1.623877610171530483e-01,-1.693471490250494926e-01,9.720862915343080335e-01,3.922130804904455204e+01,0.000000000000000000e+00,0.000000000000000000e+00,0.000000000000000000e+00,1.000000000000000056e-01
-9.762229900218855061e-01,-1.160258476938262479e-01,-1.831029121004357219e-01,2.981546972887488778e+02,1.445045034421854058e-01,-9.779553014733843863e-01,-1.507377749770455466e-01,1.876571607007526552e+02,-1.615769854826432095e-01,-1.736128767892290425e-01,9.714687060195555945e-01,3.908056056746551121e+01,0.000000000000000000e+00,0.000000000000000000e+00,0.000000000000000000e+00,1.000000000000000056e-01
-9.760704100909141090e-01,-1.204213156088224101e-01,-1.810670077402155298e-01,2.972352040523572896e+02,1.482632417086834908e-01,-9.776538831505168226e-01,-1.490332040813329428e-01,1.877963209990911935e+02,-1.590740887227941325e-01,-1.723124821588851441e-01,9.721130812766879403e-01,3.893656892716975193e+01,0.000000000000000000e+00,0.000000000000000000e+00,0.000000000000000000e+00,1.000000000000000056e-01
-9.768159939442533357e-01,-1.182318308429825549e-01,-1.784705806294606123e-01,2.963092530263427307e+02,1.457882500622080801e-01,-9.778577446448213362e-01,-1.501333320150533834e-01,1.879095755037007791e+02,-1.567683007450789978e-01,-1.726715535740022400e-01,9.724238964915665751e-01,3.880482571052250051e+01,0.000000000000000000e+00,0.000000000000000000e+00,0.000000000000000000e+00,1.000000000000000056e-01
-9.775406800865016343e-01,-1.155332909742373404e-01,-1.762562834417035762e-01,2.954218969107220687e+02,1.429308103529620400e-01,-9.780508210081497733e-01,-1.516158796997537916e-01,1.880263897717716475e+02,-1.548709211823366960e-01,-1.734031435757345807e-01,9.725977316291600783e-01,3.867805913125945239e+01,0.000000000000000000e+00,0.000000000000000000e+00,0.000000000000000000e+00,1.000000000000000056e-01
-9.780310875612368005e-01,-1.102024158684874189e-01,-1.769480695021374839e-01,2.945328701247807430e+02,1.386289838374773487e-01,-9.777757047967625681e-01,-1.572789749120415137e-01,1.881350025803391475e+02,-1.556830003692528108e-01,-1.783538579508250899e-01,9.715722848816160662e-01,3.855154759196802416e+01,0.000000000000000000e+00,0.000000000000000000e+00,0.000000000000000000e+00,1.000000000000000056e-01
-9.783828297622165771e-01,-1.088003610673869692e-01,-1.758679045706842969e-01,2.936191944998629992e+02,1.375872281756007898e-01,-9.773527710087306364e-01,-1.607834433158789045e-01,1.882498851216435298e+02,-1.543916871772319510e-01,-1.815049377652341311e-01,9.711947098792322874e-01,3.841504878455739913e+01,0.000000000000000000e+00,0.000000000000000000e+00,0.000000000000000000e+00,1.000000000000000056e-01
-9.782425527849478719e-01,-1.115517352632029863e-01,-1.749220348628409694e-01,2.927241428803349663e+02,1.404703162313859222e-01,-9.766145632165252888e-01,-1.627638939422694775e-01,1.883590585229322585e+02,-1.526748118670631094e-01,-1.837939206643249834e-01,9.710356309364722716e-01,3.829286828677719967e+01,0.000000000000000000e+00,0.000000000000000000e+00,0.000000000000000000e+00,1.000000000000000056e-01
-9.776249903676443864e-01,-1.115876847135520017e-01,-1.783187225978604129e-01,2.918222011528029611e+02,1.412223346714218120e-01,-9.764302386298684411e-01,-1.632183852363807697e-01,1.884722862404468060e+02,-1.559026311471897741e-01,-1.847489586154346664e-01,9.703412759910277074e-01,3.815149031519818834e+01,0.000000000000000000e+00,0.000000000000000000e+00,0.000000000000000000e+00,1.000000000000000056e-01
-9.771153976963420362e-01,-1.130744192179935215e-01,-1.801656884737859732e-01,2.909335074981291882e+02,1.434554224909525832e-01,-9.756929196798032056e-01,-1.656619094561083694e-01,1.885740950201072224e+02,-1.570542624148167643e-01,-1.877165474997209982e-01,9.695857138242718332e-01,3.802336951784202768e+01,0.000000000000000000e+00,0.000000000000000000e+00,0.000000000000000000e+00,1.000000000000000056e-01
-9.768225217350969825e-01,-1.128079775672039542e-01,-1.819123998750059867e-01,2.900085064387569673e+02,1.436022752571494698e-01,-9.755935015054413295e-01,-1.661195544218780074e-01,1.886918778772591736e+02,-1.587329441926178808e-01,-1.883923565794287380e-01,9.691811865747254062e-01,3.788032285671233268e+01,0.000000000000000000e+00,0.000000000000000000e+00,0.000000000000000000e+00,1.000000000000000056e-01
-9.770872649274375821e-01,-1.126693841779459887e-01,-1.805715553058721556e-01,2.891022045449643088e+02,1.427921268923200149e-01,-9.761401088504844115e-01,-1.635875801854530520e-01,1.888142592137745339e+02,-1.578318257329199836e-01,-1.856235377378818718e-01,9.698623701451078993e-01,3.775339094074377044e+01,0.000000000000000000e+00,0.000000000000000000e+00,0.000000000000000000e+00,1.000000000000000056e-01
-9.775103038251584664e-01,-1.138235259727725934e-01,-1.775325627899631276e-01,2.882316883578651527e+02,1.426843477556827555e-01,-9.768603159551845216e-01,-1.593270222450446361e-01,1.889606956020877249e+02,-1.552893519246636156e-01,-1.810749238493919999e-01,9.711318598067694152e-01,3.763461258078158522e+01,0.000000000000000000e+00,0.000000000000000000e+00,0.000000000000000000e+00,1.000000000000000056e-01
-9.775114507231745797e-01,-1.157781379452748199e-01,-1.762577274306033337e-01,2.873101500450854928e+02,1.445029251407650150e-01,-9.764864126990977500e-01,-1.599787187091174234e-01,1.890791059972466996e+02,-1.535912378061925765e-01,-1.818507866025697861e-01,9.712569294894055627e-01,3.751280397900285379e+01,0.000000000000000000e+00,0.000000000000000000e+00,0.000000000000000000e+00,1.000000000000000056e-01
-9.767177684136287841e-01,-1.196759898531369742e-01,-1.780451019201965690e-01,2.863268107867471031e+02,1.479704053710557965e-01,-9.767377062006092903e-01,-1.552037770812871309e-01,1.891986312853651668e+02,-1.553291987986378242e-01,-1.779356927056634508e-01,9.717055774574564486e-01,3.735502922159439265e+01,0.000000000000000000e+00,0.000000000000000000e+00,0.000000000000000000e+00,1.000000000000000056e-01
-9.759617557614279626e-01,-1.185517385260035222e-01,-1.828773812791884279e-01,2.853336932223430722e+02,1.476573574630070940e-01,-9.768575034856399331e-01,-1.547472864732865050e-01,1.893160962190313512e+02,-1.602995822767898371e-01,-1.780306242652250903e-01,9.708806006639647546e-01,3.720001019062797809e+01,0.000000000000000000e+00,0.000000000000000000e+00,0.000000000000000000e+00,1.000000000000000056e-01
-9.760829099606884718e-01,-1.141123759489801881e-01,-1.850419372411385710e-01,2.843530723866841186e+02,1.438087916890150864e-01,-9.772433737153822797e-01,-1.559308178722962901e-01,1.894630091605894506e+02,-1.630373709172848462e-01,-1.788120638677837548e-01,9.702809188578961352e-01,3.706803376580585763e+01,0.000000000000000000e+00,0.000000000000000000e+00,0.000000000000000000e+00,1.000000000000000056e-01
-9.762403515050006586e-01,-1.130643329613451598e-01,-1.848546258696258660e-01,2.833813549191518746e+02,1.439057990392947350e-01,-9.760787864316520235e-01,-1.629764513080833588e-01,1.896194219651931974e+02,-1.620058551295458504e-01,-1.857058407539192713e-01,9.691581107402571504e-01,3.692853337435363414e+01,0.000000000000000000e+00,0.000000000000000000e+00,0.000000000000000000e+00,1.000000000000000056e-01
-9.776661275528897299e-01,-1.053766928844641487e-01,-1.818370029242416253e-01,2.823696922791204429e+02,1.371794717615478221e-01,-9.754501736800287315e-01,-1.722752193289125988e-01,1.897342049468488199e+02,-1.592191432050808209e-01,-1.933719505624731383e-01,9.681201129884164924e-01,3.675731494820903578e+01,0.000000000000000000e+00,0.000000000000000000e+00,0.000000000000000000e+00,1.000000000000000056e-01
-9.781665123473433088e-01,-1.050449652713965065e-01,-1.793204656289022481e-01,2.814074521067004753e+02,1.360820089153558510e-01,-9.758921342839781410e-01,-1.706347827736873768e-01,1.898842029890636525e+02,-1.570731070928318429e-01,-1.913115195533022783e-01,9.688797353203389973e-01,3.661243820367896262e+01,0.000000000000000000e+00,0.000000000000000000e+00,0.000000000000000000e+00,1.000000000000000056e-01
-9.794891433383692281e-01,-1.008084057282949419e-01,-1.744668547798912117e-01,2.804845505690672098e+02,1.307080133052303528e-01,-9.768429417073833942e-01,-1.693909162094176524e-01,1.900160346600265768e+02,-1.533506874456971314e-01,-1.887207793831556235e-01,9.699835225863099319e-01,3.646928528992935270e+01,0.000000000000000000e+00,0.000000000000000000e+00,0.000000000000000000e+00,1.000000000000000056e-01
-9.789241590833093198e-01,-1.033501168520538083e-01,-1.761426811130744619e-01,2.794826226122619346e+02,1.336040896122578370e-01,-9.764126836768747264e-01,-1.696119641823743418e-01,1.901498737411847912e+02,-1.544585316579022427e-01,-1.895706319596737743e-01,9.696419635600012077e-01,3.632435795408958512e+01,0.000000000000000000e+00,0.000000000000000000e+00,0.000000000000000000e+00,1.000000000000000056e-01
-9.794749914528499968e-01,-9.896564687501248347e-02,-1.755976704203388306e-01,2.785438865055237443e+02,1.293366539537726401e-01,-9.767555118281252557e-01,-1.709406331374121735e-01,1.902483132160899402e+02,-1.545987421115762872e-01,-1.901432903154555432e-01,9.695074822225616673e-01,3.619428066334138805e+01,0.000000000000000000e+00,0.000000000000000000e+00,0.000000000000000000e+00,1.000000000000000056e-01
-9.791684028947382767e-01,-9.793542463153201427e-02,-1.778704342346107137e-01,2.775694274897516607e+02,1.287440328117587518e-01,-9.768444992419356154e-01,-1.708794847725632338e-01,1.903530569177818563e+02,-1.570166003578355729e-01,-1.902195492135690114e-01,9.691038697214320319e-01,3.605653955917288300e+01,0.000000000000000000e+00,0.000000000000000000e+00,0.000000000000000000e+00,1.000000000000000056e-01
-9.794879341450630772e-01,-9.567330371732829519e-02,-1.773414949188369116e-01,2.765995978620082383e+02,1.266157063512852732e-01,-9.768710347718958520e-01,-1.723120550885813840e-01,1.904580024054104399e+02,-1.567541060687122900e-01,-1.912317975115463420e-01,9.689471347040052862e-01,3.589369127346775912e+01,0.000000000000000000e+00,0.000000000000000000e+00,0.000000000000000000e+00,1.000000000000000056e-01
-9.797855828595067873e-01,-9.591372693213251477e-02,-1.755584478361684464e-01,2.756467166448748571e+02,1.265854480134151194e-01,-9.767858089063903293e-01,-1.728166886337413888e-01,1.905510262939260429e+02,-1.549075077970701042e-01,-1.915464447727414088e-01,9.691819352025830003e-01,3.576193211174864928e+01,0.000000000000000000e+00,0.000000000000000000e+00,0.000000000000000000e+00,1.000000000000000056e-01
-9.797675994969528013e-01,-9.520653630162856373e-02,-1.760430811518189642e-01,2.747413419328856321e+02,1.258724327887623118e-01,-9.769917344226930478e-01,-1.721722437955002794e-01,1.906527480469079876e+02,-1.556007122085813210e-01,-1.908477569037303478e-01,9.692087247053634558e-01,3.563576130421620292e+01,0.000000000000000000e+00,0.000000000000000000e+00,0.000000000000000000e+00,1.000000000000000056e-01
-9.791799499885318614e-01,-9.793864140956862196e-02,-1.778050844585282175e-01,2.738435431780656586e+02,1.291820242451275080e-01,-9.762987230876467581e-01,-1.736456389010737622e-01,1.907372959222766156e+02,-1.565842589546845298e-01,-1.929995487463085913e-01,9.686240467959349454e-01,3.550201057245953962e+01,0.000000000000000000e+00,0.000000000000000000e+00,0.000000000000000000e+00,1.000000000000000056e-01
-9.796791608619541680e-01,-1.015759173165562274e-01,-1.729481852871461445e-01,2.729225036726224403e+02,1.320308488264000379e-01,-9.757024741160937875e-01,-1.748500413551950516e-01,1.908503965076226905e+02,-1.509854189350653686e-01,-1.941314374979828949e-01,9.692865356766128260e-01,3.538362782147174102e+01,0.000000000000000000e+00,0.000000000000000000e+00,0.000000000000000000e+00,1.000000000000000056e-01
-9.799898165578815323e-01,-1.022107405788169887e-01,-1.708008312426477215e-01,2.719871727486958548e+02,1.326286652801212107e-01,-9.751576610505872100e-01,-1.774180747284833659e-01,1.909829131666908211e+02,-1.484237062900102266e-01,-1.965209927836665260e-01,9.692006514682389717e-01,3.526612206821720008e+01,0.000000000000000000e+00,0.000000000000000000e+00,0.000000000000000000e+00,1.000000000000000056e-01
-9.796940193367067451e-01,-1.049029882055602381e-01,-1.708654193844768576e-01,2.710755264978141668e+02,1.350328764009956772e-01,-9.751685487833041677e-01,-1.755346796355026218e-01,1.910751951339534571e+02,-1.482084706309410027e-01,-1.950427248820350568e-01,9.695321473287146219e-01,3.513814539132869896e+01,0.000000000000000000e+00,0.000000000000000000e+00,0.000000000000000000e+00,1.000000000000000056e-01
-9.795750373660929711e-01,-1.015386522475989622e-01,-1.735587746815468180e-01,2.701663559449650620e+02,1.323054655572520888e-01,-9.754468095842008246e-01,-1.760647195087189643e-01,1.911695457249295771e+02,-1.514199787111910334e-01,-1.954313786773922146e-01,9.689574636047529888e-01,3.502616330036559589e+01,0.000000000000000000e+00,0.000000000000000000e+00,0.000000000000000000e+00,1.000000000000000056e-01
-9.788607672459217479e-01,-1.031338906948426476e-01,-1.766210602869048851e-01,2.692324432761202502e+02,1.343731961413048293e-01,-9.753197225671399462e-01,-1.752006932929446315e-01,1.912925660498971183e+02,-1.541928743668029012e-01,-1.952302214353666132e-01,9.685606424653032676e-01,3.492009894466265507e+01,0.000000000000000000e+00,0.000000000000000000e+00,0.000000000000000000e+00,1.000000000000000056e-01
-9.795804581354181639e-01,-1.005265868669085044e-01,-1.741164305058377493e-01,2.683249699246044315e+02,1.315925062319369954e-01,-9.753322510037654158e-01,-1.772298294744025782e-01,1.914084647334299802e+02,-1.520050602539335105e-01,-1.965232950182194127e-01,9.686449587812759887e-01,3.478610953895782387e+01,0.000000000000000000e+00,0.000000000000000000e+00,0.000000000000000000e+00,1.000000000000000056e-01
-9.802731764799708092e-01,-9.766345366517094340e-02,-1.718323290072593934e-01,2.674005429442887589e+02,1.281671261894401503e-01,-9.759221808617271066e-01,-1.764910328215866242e-01,1.915128854629651300e+02,-1.504582574610252299e-01,-1.950326811595463061e-01,9.691875804205863920e-01,3.465721663587423507e+01,0.000000000000000000e+00,0.000000000000000000e+00,0.000000000000000000e+00,1.000000000000000056e-01
-9.806254360041730678e-01,-9.562310089783132572e-02,-1.709677654890216780e-01,2.664611670134812016e+02,1.255734955334239233e-01,-9.767104220358804323e-01,-1.739771499536938992e-01,1.916351851347660329e+02,-1.503497638213745213e-01,-1.920754384640995793e-01,9.697948104922405888e-01,3.454421455551109688e+01,0.000000000000000000e+00,0.000000000000000000e+00,0.000000000000000000e+00,1.000000000000000056e-01
-9.812977471560031528e-01,-9.070143190989862769e-02,-1.697880492733458702e-01,2.655041839273756068e+02,1.200183079743062375e-01,-9.778884367690727775e-01,-1.712594843631293218e-01,1.917447204174122248e+02,-1.505002896260956569e-01,-1.884342205726825537e-01,9.704855523600683931e-01,3.442790784034885121e+01,0.000000000000000000e+00,0.000000000000000000e+00,0.000000000000000000e+00,1.000000000000000056e-01
-9.822164722195230180e-01,-8.481500984354296835e-02,-1.675028829778001105e-01,2.645116255546395223e+02,1.140585161998629721e-01,-9.782046467907701270e-01,-1.735117398887757179e-01,1.918491306230579596e+02,-1.491356985530979118e-01,-1.895312193338719586e-01,9.704825914538061093e-01,3.430683198496293329e+01,0.000000000000000000e+00,0.000000000000000000e+00,0.000000000000000000e+00,1.000000000000000056e-01
-9.825176517708813506e-01,-8.113129922442374742e-02,-1.675612611697320231e-01,2.635282084137684819e+02,1.105653004369516745e-01,-9.784163450262319817e-01,-1.745759723581596368e-01,1.919619516185307759e+02,-1.497811012708904488e-01,-1.900504355997831296e-01,9.702816362430095598e-01,3.417800585124896173e+01,0.000000000000000000e+00,0.000000000000000000e+00,0.000000000000000000e+00,1.000000000000000056e-01
-9.834646990169153558e-01,-7.178495483358780793e-02,-1.662651678708108038e-01,2.625237830234237322e+02,1.015647246653558905e-01,-9.787408503461527687e-01,-1.781879753724734672e-01,1.920405015110617910e+02,-1.499392960208216774e-01,-1.921282595643611091e-01,9.698478949740262367e-01,3.401757098220973319e+01,0.000000000000000000e+00,0.000000000000000000e+00,0.000000000000000000e+00,1.000000000000000056e-01
-9.831962163386118725e-01,-6.793019766461549924e-02,-1.694422864065646128e-01,2.615825344940826653e+02,9.871422281152367195e-02,-9.786158564639573232e-01,-1.804619286498749808e-01,1.921205551407139183e+02,-1.535600937488476037e-01,-1.941558490557572236e-01,9.688770839922281608e-01,3.388794210902555903e+01,0.000000000000000000e+00,0.000000000000000000e+00,0.000000000000000000e+00,1.000000000000000056e-01
-9.827196794839683225e-01,-6.478255837999552513e-02,-1.733933438303485453e-01,2.606639448745443133e+02,9.666267020463514825e-02,-9.784865840328944575e-01,-1.822644591151758309e-01,1.921896009163660040e+02,-1.578555027353716889e-01,-1.958755344533363030e-01,9.678400773158667425e-01,3.375907661641394952e+01,0.000000000000000000e+00,0.000000000000000000e+00,0.000000000000000000e+00,1.000000000000000056e-01
-9.826471079486396309e-01,-5.952197425464687830e-02,-1.756752567125033360e-01,2.597195974048199218e+02,9.234173463994692355e-02,-9.783862838620758229e-01,-1.850223867380468012e-01,1.922706396344291022e+02,-1.608653638415069587e-01,-1.980338711720469325e-01,9.669048146455537784e-01,3.361882911694419818e+01,0.000000000000000000e+00,0.000000000000000000e+00,0.000000000000000000e+00,1.000000000000000056e-01
-9.834049415994305932e-01,-5.731629441814699299e-02,-1.721324002969629452e-01,2.588060720157226910e+02,8.943337729564436456e-02,-9.786471371554432697e-01,-1.850714779833751433e-01,1.923555726477772225e+02,-1.578492694418207332e-01,-1.973945878985244318e-01,9.675324205446840242e-01,3.349431355172689706e+01,0.000000000000000000e+00,0.000000000000000000e+00,0.000000000000000000e+00,1.000000000000000056e-01
-9.846280131546125691e-01,-5.239802181337913090e-02,-1.666196957782757337e-01,2.579172707638050497e+02,8.303311531700505177e-02,-9.796760588646995505e-01,-1.825933225725490106e-01,1.924391441007755645e+02,-1.536657979901625559e-01,-1.936214528335500340e-01,9.689672623627033632e-01,3.334664768509728106e+01,0.000000000000000000e+00,0.000000000000000000e+00,0.000000000000000000e+00,1.000000000000000056e-01
-9.853142025217551669e-01,-5.132939745871847870e-02,-1.628533550942185548e-01,2.570012028662316652e+02,8.157380252343204852e-02,-9.793733958244987825e-01,-1.848606672417326124e-01,1.925008124841161816e+02,-1.500054567367029024e-01,-1.954304083496613553e-01,9.691776506097825594e-01,3.322160632789110934e+01,0.000000000000000000e+00,0.000000000000000000e+00,0.000000000000000000e+00,1.000000000000000056e-01
-9.854240108789571462e-01,-4.822114539467077521e-02,-1.631387137378973173e-01,2.561097350873704386e+02,7.844759740319036390e-02,-9.797420049433043232e-01,-1.842595403536594068e-01,1.925539863344646108e+02,-1.509486443956902513e-01,-1.943716154342009228e-01,9.692441291380632373e-01,3.307733694040105377e+01,0.000000000000000000e+00,0.000000000000000000e+00,0.000000000000000000e+00,1.000000000000000056e-01
-9.840165646405865107e-01,-4.789567822734160790e-02,-1.715150270969916790e-01,2.551648075347533222e+02,7.980420501530804955e-02,-9.796263945268872675e-01,-1.842916601697595080e-01,1.925916263024573993e+02,-1.591938735467339217e-01,-1.950336667178115824e-01,9.677908758981932369e-01,3.293935534832771594e+01,0.000000000000000000e+00,0.000000000000000000e+00,0.000000000000000000e+00,1.000000000000000056e-01
-9.844518501923107401e-01,-4.227735283897795376e-02,-1.704909970932940444e-01,2.541875341013846423e+02,7.439137082141689117e-02,-9.796089004716082016e-01,-1.866342038966014305e-01,1.926619949239836274e+02,-1.591240981129114773e-01,-1.964154463216584989e-01,9.675228647665212733e-01,3.282096169992903612e+01,0.000000000000000000e+00,0.000000000000000000e+00,0.000000000000000000e+00,1.000000000000000056e-01
-9.843770834429004246e-01,-4.594390615524752974e-02,-1.699732775457581391e-01,2.532375359268014847e+02,7.805174269823136890e-02,-9.791871778953344929e-01,-1.873509970807201719e-01,1.927305887970955780e+02,-1.578280173296826572e-01,-1.976907386110152154e-01,9.674754202630745370e-01,3.269376124991569554e+01,0.000000000000000000e+00,0.000000000000000000e+00,0.000000000000000000e+00,1.000000000000000056e-01
-9.846839672523279852e-01,-4.759761151009710145e-02,-1.677258239352241442e-01,2.522601646517514951e+02,7.905751382232505120e-02,-9.793229868192963039e-01,-1.862159955416422541e-01,1.928130358471241550e+02,-1.553943182502140752e-01,-1.966238918999059782e-01,9.680865927124935322e-01,3.256071457961174787e+01,0.000000000000000000e+00,0.000000000000000000e+00,0.000000000000000000e+00,1.000000000000000056e-01
-9.846245581415049575e-01,-5.226625892449405369e-02,-1.666814857225716873e-01,2.512775544509437395e+02,8.362263838532293936e-02,-9.787826401581849467e-01,-1.870609464170715219e-01,1.928867799004534334e+02,-1.533679688009319531e-01,-1.981231473175477376e-01,9.681040670521251501e-01,3.245134972609952939e+01,0.000000000000000000e+00,0.000000000000000000e+00,0.000000000000000000e+00,1.000000000000000056e-01
-9.839057157797539421e-01,-5.787952429587242542e-02,-1.690547341047101415e-01,2.503120585619690814e+02,8.914039165366124950e-02,-9.789437826917821717e-01,-1.836383971421475247e-01,1.929574568039240603e+02,-1.548661778173743564e-01,-1.957524737937907378e-01,9.683477866819589774e-01,3.232056986782336594e+01,0.000000000000000000e+00,0.000000000000000000e+00,0.000000000000000000e+00,1.000000000000000056e-01
-9.836022613845720741e-01,-5.694413240575798424e-02,-1.711255597031385856e-01,2.492939305688030061e+02,8.864112056424386377e-02,-9.789719291085432484e-01,-1.837300023475038346e-01,1.930464280462261968e+02,-1.570647737217741868e-01,-1.958860071624670407e-01,9.679665950091841387e-01,3.218140974219492989e+01,0.000000000000000000e+00,0.000000000000000000e+00,0.000000000000000000e+00,1.000000000000000056e-01
-9.832403176819182189e-01,-5.778465501855788167e-02,-1.729144624638062622e-01,2.482220501848362915e+02,9.007160760470529770e-02,-9.785733092297810298e-01,-1.851523263871661662e-01,1.930896700566904656e+02,-1.585105144407297773e-01,-1.976239158286819397e-01,9.673774882145403931e-01,3.203803144886777687e+01,0.000000000000000000e+00,0.000000000000000000e+00,0.000000000000000000e+00,1.000000000000000056e-01
-9.834920436928309417e-01,-5.656941606555403179e-02,-1.718816486972977176e-01,2.472215924613086315e+02,8.887871772889598121e-02,-9.784186768593743366e-01,-1.865407899297595318e-01,1.931697191413330756e+02,-1.576197117360841338e-01,-1.987380032574386224e-01,9.672948012542401663e-01,3.189832746949749165e+01,0.000000000000000000e+00,0.000000000000000000e+00,0.000000000000000000e+00,1.000000000000000056e-01
-9.840097827880280867e-01,-5.506419146746821536e-02,-1.693891442669568925e-01,2.461929842363320802e+02,8.694362944100930690e-02,-9.785084530931915658e-01,-1.869813159778100919e-01,1.932918977903455016e+02,-1.554527345435981478e-01,-1.987187511112205041e-01,9.676493710428971662e-01,3.175902344374064867e+01,0.000000000000000000e+00,0.000000000000000000e+00,0.000000000000000000e+00,1.000000000000000056e-01
-9.839656966886318745e-01,-5.413461465461759381e-02,-1.699439649892054705e-01,2.452167288479486444e+02,8.583302126975168866e-02,-9.789590224005906283e-01,-1.851267806671603733e-01,1.933656887708522447e+02,-1.563464108950461118e-01,-1.967452056764703028e-01,9.679086340370979258e-01,3.162935473436591849e+01,0.000000000000000000e+00,0.000000000000000000e+00,0.000000000000000000e+00,1.000000000000000056e-01
-9.838177342354292865e-01,-5.463706355913337809e-02,-1.706383810562602799e-01,2.442324845782463569e+02,8.660887802222676235e-02,-9.787323227807640524e-01,-1.859622074290933069e-01,1.934486006409522645e+02,-1.568488700998426633e-01,-1.977317162971213849e-01,9.676262709944358775e-01,3.148466269128020301e+01,0.000000000000000000e+00,0.000000000000000000e+00,0.000000000000000000e+00,1.000000000000000056e-01
-9.841528334075400064e-01,-5.220905520430343255e-02,-1.694621345628139208e-01,2.432415527456423092e+02,8.441449820695542949e-02,-9.783782744997655545e-01,-1.888124584854762866e-01,1.935170147240399388e+02,-1.559403507382844667e-01,-2.001253770553244604e-01,9.672809521902543395e-01,3.133676763181713198e+01,0.000000000000000000e+00,0.000000000000000000e+00,0.000000000000000000e+00,1.000000000000000056e-01
-9.842452794689813267e-01,-4.328315647120628551e-02,-1.714286971569099205e-01,2.422180090713803509e+02,7.590059752586346409e-02,-9.791234778021631335e-01,-1.885638207923608645e-01,1.935883493623812228e+02,-1.596882247952031986e-01,-1.986045910408059390e-01,9.669828784830013513e-01,3.118908555841102981e+01,0.000000000000000000e+00,0.000000000000000000e+00,0.000000000000000000e+00,1.000000000000000056e-01
-9.838682012544499589e-01,-3.850161515036175375e-02,-1.747025706483648078e-01,2.412135929791376725e+02,7.217618366588308965e-02,-9.789875018740237245e-01,-1.907198722888818199e-01,1.936691743944624875e+02,-1.636886100856201343e-01,-2.002525825183588126e-01,9.659735721659085117e-01,3.104774976709765610e+01,0.000000000000000000e+00,0.000000000000000000e+00,0.000000000000000000e+00,1.000000000000000056e-01
-9.840436081192773798e-01,-3.413950120868361471e-02,-1.746215100633826678e-01,2.402439539624584199e+02,6.781377205594417423e-02,-9.793050041844240106e-01,-1.906908521636251075e-01,1.937341651206997426e+02,-1.644976280653864253e-01,-1.994898574779363776e-01,9.659939581199741276e-01,3.090690070559573499e+01,0.000000000000000000e+00,0.000000000000000000e+00,0.000000000000000000e+00,1.000000000000000056e-01
-9.849426377119294695e-01,-3.528076436008585615e-02,-1.692432216758940344e-01,2.392745297840534704e+02,6.798808454616227237e-02,-9.791233778847707736e-01,-1.915594718077418546e-01,1.938138606192800921e+02,-1.589516303056109081e-01,-2.001816139051867394e-01,9.667790340494063495e-01,3.076779174827884589e+01,0.000000000000000000e+00,0.000000000000000000e+00,0.000000000000000000e+00,1.000000000000000056e-01
-9.856549968766219472e-01,-3.664748721678683790e-02,-1.647458309422192291e-01,2.383102297880566596e+02,6.857233563243456120e-02,-9.788969806418736930e-01,-1.925059377685181539e-01,1.938895529889071838e+02,-1.542143375891475987e-01,-2.010414459033740830e-01,9.673677041906150187e-01,3.065200429028196893e+01,0.000000000000000000e+00,0.000000000000000000e+00,0.000000000000000000e+00,1.000000000000000056e-01
-9.855230790097977422e-01,-3.470540250302428520e-02,-1.659511849193979760e-01,2.373513508919106414e+02,6.643471549942377152e-02,-9.795981585877799880e-01,-1.896678050380256331e-01,1.939478896318718171e+02,-1.559829776467924756e-01,-1.979469189670174101e-01,9.677222369853373252e-01,3.050237192898940819e+01,0.000000000000000000e+00,0.000000000000000000e+00,0.000000000000000000e+00,1.000000000000000056e-01
-9.847685208607828145e-01,-3.318106529274840455e-02,-1.706750632860722650e-01,2.363743551724106737e+02,6.548100645372910422e-02,-9.801238221086474578e-01,-1.872686068964665440e-01,1.940055070949135256e+02,-1.610689234938667280e-01,-1.955922039376186417e-01,9.673678161089255267e-01,3.038257763251314358e+01,0.000000000000000000e+00,0.000000000000000000e+00,0.000000000000000000e+00,1.000000000000000056e-01
-9.838222482271428149e-01,-3.518012076159313106e-02,-1.756591671291041490e-01,2.354207342035693102e+02,6.927355452976567685e-02,-9.789622733281195810e-01,-1.919219686306193329e-01,1.940738495104320691e+02,-1.652118595504039333e-01,-2.009856375551262175e-01,9.655619166891665772e-01,3.023271613400120472e+01,0.000000000000000000e+00,0.000000000000000000e+00,0.000000000000000000e+00,1.000000000000000056e-01
-9.841241788701384774e-01,-3.256857544960371081e-02,-1.744674423964521215e-01,2.344573477725428177e+02,6.683717310515491228e-02,-9.786584764190422447e-01,-1.943202995687034751e-01,1.939864199282368418e+02,-1.644153060225459484e-01,-2.028962158995149256e-01,9.652982610153040266e-01,3.008334329490293513e+01,0.000000000000000000e+00,0.000000000000000000e+00,0.000000000000000000e+00,1.000000000000000056e-01
-9.848935746439000383e-01,-3.181366577271663859e-02,-1.702132112829773947e-01,2.334343931393981393e+02,6.527818559640805041e-02,-9.786689411282358808e-01,-1.947969767634482874e-01,1.940806751942958215e+02,-1.603851773400600811e-01,-2.029655003714680161e-01,9.659614901995612346e-01,2.993544625386613589e+01,0.000000000000000000e+00,0.000000000000000000e+00,0.000000000000000000e+00,1.000000000000000056e-01
-9.869639985322626874e-01,-3.052793342535001925e-02,-1.580193370508345685e-01,2.323795731409832683e+02,6.160981295695800580e-02,-9.787216121075255071e-01,-1.957249011777887904e-01,1.941553793403926136e+02,-1.486818635497164920e-01,-2.029089728780468227e-01,9.678438160038836946e-01,2.979582614256207762e+01,0.000000000000000000e+00,0.000000000000000000e+00,0.000000000000000000e+00,1.000000000000000056e-01
-9.887330471266762011e-01,-2.524673063523839162e-02,-1.475451256796709021e-01,2.313128852098186883e+02,5.431368946119002200e-02,-9.790087543717427288e-01,-1.964481661930252976e-01,1.942121196467376478e+02,-1.394882957696149395e-01,-2.022485141001554854e-01,9.693495519612972400e-01,2.965537917866334539e+01,0.000000000000000000e+00,0.000000000000000000e+00,0.000000000000000000e+00,1.000000000000000056e-01
-9.886001352618147830e-01,-1.960031238049467217e-02,-1.492836237331798821e-01,2.302750796540147462e+02,4.900873179168113714e-02,-9.793862600153746545e-01,-1.959609601458132677e-01,1.942915898147827249e+02,-1.423654338963417643e-01,-2.010432327826156551e-01,9.691819755772500544e-01,2.952770464184332866e+01,0.000000000000000000e+00,0.000000000000000000e+00,0.000000000000000000e+00,1.000000000000000056e-01
-9.876626635273644261e-01,-8.482876053376685321e-03,-1.563665689586372920e-01,2.291689190772551967e+02,3.922138967679962562e-02,-9.801052593365289223e-01,-1.945645476768497195e-01,1.942780944136512460e+02,-1.516052296784443365e-01,-1.982970535200650475e-01,9.683460811607628171e-01,2.936101959635796987e+01,0.000000000000000000e+00,0.000000000000000000e+00,0.000000000000000000e+00,1.000000000000000056e-01
-9.864987477540734240e-01,-5.528093047155926282e-03,-1.636754742376117233e-01,2.280496499831412223e+02,3.768981843257156183e-02,-9.802664674884251639e-01,-1.940544519053463424e-01,1.943393545237146895e+02,-1.593728278790487451e-01,-1.976033727066078549e-01,9.672399954658660315e-01,2.919912873949736110e+01,0.000000000000000000e+00,0.000000000000000000e+00,0.000000000000000000e+00,1.000000000000000056e-01
-9.860078728604453335e-01,-6.495011776766281691e-03,-1.665721749850191946e-01,2.269623721232472633e+02,3.896998578006194425e-02,-9.805334804014862460e-01,-1.924459249245102643e-01,1.943823885612981996e+02,-1.620796559273308679e-01,-1.962445123659974644e-01,9.670668417957002383e-01,2.904973105158665092e+01,0.000000000000000000e+00,0.000000000000000000e+00,0.000000000000000000e+00,1.000000000000000056e-01
-9.857679269682093626e-01,-6.770957788643471031e-03,-1.679754395482399576e-01,2.259958720219761972e+02,3.959708762413924332e-02,-9.804277427285250646e-01,-1.928561949742244597e-01,1.944122992073372984e+02,-1.633819598746638069e-01,-1.967627897212129162e-01,9.667423337004744655e-01,2.890290125649925557e+01,0.000000000000000000e+00,0.000000000000000000e+00,0.000000000000000000e+00,1.000000000000000056e-01
-9.867048789809840237e-01,-8.271430687162580064e-03,-1.623116299884541369e-01,2.249998611732126506e+02,4.056770686459420378e-02,-9.796256418418924916e-01,-1.966923054051892272e-01,1.944682694484544356e+02,-1.573777079349859276e-01,-2.006618680274041000e-01,9.669369533557412577e-01,2.876231797814704549e+01,0.000000000000000000e+00,0.000000000000000000e+00,0.000000000000000000e+00,1.000000000000000056e-01
-9.875746128106848154e-01,-7.078505596753117968e-03,-1.569913338065014596e-01,2.240001885813605895e+02,3.759418557464660332e-02,-9.806204387192745120e-01,-1.922764477958698315e-01,1.945223896888214199e+02,-1.525878807206085541e-01,-1.957892998213527358e-01,9.687019607354254713e-01,2.863475340821678117e+01,0.000000000000000000e+00,0.000000000000000000e+00,0.000000000000000000e+00,1.000000000000000056e-01
-9.880462932544711308e-01,-9.825759044191941655e-03,-1.538440016552634904e-01,2.230079567662587863e+02,3.985335013815320682e-02,-9.803216161636851833e-01,-1.933422855067810364e-01,1.945672742790442271e+02,-1.489168656293336224e-01,-1.971623273889445416e-01,9.689947284633232405e-01,2.850446724526905484e+01,0.000000000000000000e+00,0.000000000000000000e+00,0.000000000000000000e+00,1.000000000000000056e-01
-9.885681375343360333e-01,-1.326236294589154020e-02,-1.501903698010800259e-01,2.220190290137263389e+02,4.266467996854003686e-02,-9.800170467705664468e-01,-1.942841041420504677e-01,1.946015858673189598e+02,-1.446124563620844738e-01,-1.984708990461535871e-01,9.693794611485926360e-01,2.836629183535415066e+01,0.000000000000000000e+00,0.000000000000000000e+00,0.000000000000000000e+00,1.000000000000000056e-01
-9.884406312713702736e-01,-1.308590190336570216e-02,-1.510426351174756210e-01,2.210006463360978728e+02,4.245495621755134008e-02,-9.802995609617832784e-01,-1.928998379229509841e-01,1.946385592566334140e+02,-1.455427605359372878e-01,-1.970825460296026510e-01,9.695234782644865934e-01,2.823901770293417357e+01,0.000000000000000000e+00,0.000000000000000000e+00,0.000000000000000000e+00,1.000000000000000056e-01
-9.881009077773150739e-01,-1.503562062483821023e-02,-1.530703307701135885e-01,2.199552173622663247e+02,4.474187293090235024e-02,-9.802707157357033463e-01,-1.925291891575061365e-01,1.947077479209063995e+02,-1.471555668545401485e-01,-1.970869198689698398e-01,9.692791059134006071e-01,2.810806371216263955e+01,0.000000000000000000e+00,0.000000000000000000e+00,0.000000000000000000e+00,1.000000000000000056e-01
-9.876246429005615113e-01,-1.579529413433857984e-02,-1.560386920566457780e-01,2.189643722269296404e+02,4.656249820960052521e-02,-9.795876987639178246e-01,-1.955501833057003425e-01,1.947490139251315782e+02,-1.497648106065638807e-01,-2.003957312759475640e-01,9.682004195363469456e-01,2.797558238088485538e+01,0.000000000000000000e+00,0.000000000000000000e+00,0.000000000000000000e+00,1.000000000000000056e-01
-9.872757010626760366e-01,-2.172714666064291117e-02,-1.575265729621172506e-01,2.179810084066437526e+02,5.245455679014144473e-02,-9.796716330471915146e-01,-1.936285383785130987e-01,1.948108713557479632e+02,-1.501173193310890719e-01,-1.994277375407854380e-01,9.683456861762804735e-01,2.785762482383830019e+01,0.000000000000000000e+00,0.000000000000000000e+00,0.000000000000000000e+00,1.000000000000000056e-01
-9.880139635155116284e-01,-2.022503979236786251e-02,-1.530338382965263921e-01,2.169603774191240007e+02,5.044198272667246852e-02,-9.792569402180313354e-01,-1.962433474373636300e-01,1.948160578129346447e+02,-1.458904187291691912e-01,-2.016104977430909495e-01,9.685397219127416246e-01,2.772692816171159791e+01,0.000000000000000000e+00,0.000000000000000000e+00,0.000000000000000000e+00,1.000000000000000056e-01
-9.882137045626704364e-01,-2.454316788385605894e-02,-1.511003210610374903e-01,2.160373821787181896e+02,5.459722355475561673e-02,-9.786582244367705297e-01,-1.981091187259695630e-01,1.948303847521725913e+02,-1.430133465612066224e-01,-2.040238041320010243e-01,9.684634582950825132e-01,2.759513224889753857e+01,0.000000000000000000e+00,0.000000000000000000e+00,0.000000000000000000e+00,1.000000000000000056e-01
-9.881083255426488243e-01,-2.438389877939376588e-02,-1.518135780278543900e-01,2.151513896114711599e+02,5.480240585758473087e-02,-9.783536524654481426e-01,-1.995515648140551990e-01,1.948960204211238647e+02,-1.436615233997040608e-01,-2.054983118856059943e-01,9.680556856434667790e-01,2.749392129874841828e+01,0.000000000000000000e+00,0.000000000000000000e+00,0.000000000000000000e+00,1.000000000000000056e-01
-9.874295390163063679e-01,-2.445235531534437068e-02,-1.561569332356980144e-01,2.142231431648178557e+02,5.565997317164918246e-02,-9.784707428287400255e-01,-1.987384532864894249e-01,1.949477298252155890e+02,-1.479353671864080955e-01,-2.049319100279577976e-01,9.675319319731601198e-01,2.737023618863903351e+01,0.000000000000000000e+00,0.000000000000000000e+00,0.000000000000000000e+00,1.000000000000000056e-01
-9.871401526301151197e-01,-2.506611083591440969e-02,-1.578797300255964930e-01,2.132619075274684519e+02,5.643177161034156064e-02,-9.786862675585548121e-01,-1.974554249576945253e-01,1.949733513026062894e+02,-1.495652841347611395e-01,-2.038256111970895845e-01,9.675150365766007621e-01,2.724280531721432652e+01,0.000000000000000000e+00,0.000000000000000000e+00,0.000000000000000000e+00,1.000000000000000056e-01
-9.867589667765812589e-01,-3.065525028254868778e-02,-1.592702015950522021e-01,2.123286697541255990e+02,6.185054758952011900e-02,-9.788940560586367745e-01,-1.947843340105851473e-01,1.949940154509579315e+02,-1.499374911384433740e-01,-2.020561373558966700e-01,9.678285313566263870e-01,2.712836384538632473e+01,0.000000000000000000e+00,0.000000000000000000e+00,0.000000000000000000e+00,1.000000000000000056e-01
-9.865565313107962364e-01,-2.557260996297732250e-02,-1.614071006730868618e-01,2.113604971397186887e+02,5.716891958473001301e-02,-9.792794687510479879e-01,-1.942767014239757672e-01,1.950116635884545815e+02,-1.530944974893782284e-01,-2.008924182301247974e-01,9.675765143574576177e-01,2.701412108178083216e+01,0.000000000000000000e+00,0.000000000000000000e+00,0.000000000000000000e+00,1.000000000000000056e-01
-9.866719998957549365e-01,-2.708960383721574494e-02,-1.604509831246110907e-01,2.104485247827167598e+02,5.880019286275701973e-02,-9.787724924559215722e-01,-1.963337600386782789e-01,1.950770499240765048e+02,-1.517264048905598295e-01,-2.031515724171620574e-01,9.673202865046408583e-01,2.689394371793761351e+01,0.000000000000000000e+00,0.000000000000000000e+00,0.000000000000000000e+00,1.000000000000000056e-01
-9.867936472597462760e-01,-2.405470201636812286e-02,-1.601863572178102713e-01,2.095912703101826935e+02,5.463502533472695821e-02,-9.803894136847453034e-01,-1.893452178998871194e-01,1.951082943859667864e+02,-1.524903660382580517e-01,-1.955964438474936395e-01,9.687562745188968982e-01,2.677286891185739037e+01,0.000000000000000000e+00,0.000000000000000000e+00,0.000000000000000000e+00,1.000000000000000056e-01
-9.869269946332366317e-01,-2.568757568692843496e-02,-1.591076859222591011e-01,2.087156258124869623e+02,5.581301643253798461e-02,-9.806038564379411238e-01,-1.878855607430745256e-01,1.951580746456769191e+02,-1.511952858422152546e-01,-1.943096116880650703e-01,9.692181180439850552e-01,2.666024800369945780e+01,0.000000000000000000e+00,0.000000000000000000e+00,0.000000000000000000e+00,1.000000000000000056e-01
-9.873352619775548344e-01,-3.305234860546250181e-02,-1.551664355051569077e-01,2.077539095261813031e+02,6.414128957326817315e-02,-9.777209299879725535e-01,-1.998691522855196856e-01,1.952365315728150392e+02,-1.451033267282014760e-01,-2.072904371048434891e-01,9.674583708135930937e-01,2.651423644998779494e+01,0.000000000000000000e+00,0.000000000000000000e+00,0.000000000000000000e+00,1.000000000000000056e-01
-9.880722375862658335e-01,-3.352743895504396721e-02,-1.502969199564215819e-01,2.068936686287076441e+02,6.513973644559928333e-02,-9.753881937396979840e-01,-2.106529996202483324e-01,1.952633976004055114e+02,-1.395351856954691327e-01,-2.179306824435840728e-01,9.659379636408358394e-01,2.637786435646328798e+01,0.000000000000000000e+00,0.000000000000000000e+00,0.000000000000000000e+00,1.000000000000000056e-01
-9.883354359359215469e-01,-3.741016891945488781e-02,-1.476263707295190630e-01,2.060585767015086560e+02,6.851411436636629937e-02,-9.749455913928717354e-01,-2.116291803041254194e-01,1.953285342799097748e+02,-1.360105959326111669e-01,-2.192751082202934465e-01,9.661364006748915934e-01,2.627746288439146127e+01,0.000000000000000000e+00,0.000000000000000000e+00,0.000000000000000000e+00,1.000000000000000056e-01
-9.878482125817218407e-01,-4.346465357639987814e-02,-1.492204167953629368e-01,2.051979889460676247e+02,7.504245970407015520e-02,-9.741585794115836805e-01,-2.130344840638933313e-01,1.953827312984759885e+02,-1.361048791949109049e-01,-2.216436014151767775e-01,9.655825059574396629e-01,2.616680536433701221e+01,0.000000000000000000e+00,0.000000000000000000e+00,0.000000000000000000e+00,1.000000000000000056e-01
-9.871224396233149179e-01,-4.334152964105707218e-02,-1.539831192062564857e-01,2.044044439007323604e+02,7.698396464089073132e-02,-9.725068064893154229e-01,-2.197816655686346266e-01,1.954382292989188272e+02,-1.402239579397362157e-01,-2.288056449048546381e-01,9.633198941573815066e-01,2.605027660573071557e+01,0.000000000000000000e+00,0.000000000000000000e+00,0.000000000000000000e+00,1.000000000000000056e-01
-9.865141347085366608e-01,-4.260425447674357630e-02,-1.580339821707610060e-01,2.036287114525337074e+02,7.773048219285352833e-02,-9.716502094005572410e-01,-2.232797409303412528e-01,1.954976013701582929e+02,-1.440410849665262061e-01,-2.325526780588318410e-01,9.618583148101030877e-01,2.595795719152449621e+01,0.000000000000000000e+00,0.000000000000000000e+00,0.000000000000000000e+00,1.000000000000000056e-01
-9.863228715804390756e-01,-4.427828790033960793e-02,-1.587659479168377352e-01,2.028465876984066654e+02,7.983143080784993462e-02,-9.710526857221244423e-01,-2.251302383222237580e-01,1.955426504864636854e+02,-1.442017186183606747e-01,-2.347256159273300169e-01,9.613062725141486853e-01,2.585220194208174860e+01,0.000000000000000000e+00,0.000000000000000000e+00,0.000000000000000000e+00,1.000000000000000056e-01
-9.862197287598255535e-01,-4.934911341120112871e-02,-1.579091878594315046e-01,2.020792987627472712e+02,8.454605603215442633e-02,-9.707643397034064758e-01,-2.246520891726082603e-01,1.956009108662663891e+02,-1.422062270588198285e-01,-2.349069214938932504e-01,9.615592166996046464e-01,2.575768505353081395e+01,0.000000000000000000e+00,0.000000000000000000e+00,0.000000000000000000e+00,1.000000000000000056e-01
-9.858600141864317656e-01,-5.381213797270735510e-02,-1.586955772387330099e-01,2.013337421889377197e+02,8.934731011525516575e-02,-9.699895471154924564e-01,-2.261356598633881554e-01,1.956558734387903655e+02,-1.417642077659124200e-01,-2.371171277944464639e-01,9.610818784593825326e-01,2.566557095317256199e+01,0.000000000000000000e+00,0.000000000000000000e+00,0.000000000000000000e+00,1.000000000000000056e-01
-9.854733891847708982e-01,-6.024810353339395130e-02,-1.587840206989078184e-01,2.006000144095946780e+02,9.576178807835507290e-02,-9.692791583713293857e-01,-2.265559381058107613e-01,1.957526933827958544e+02,-1.402564763307490303e-01,-2.384702899054663705e-01,9.609682833890433873e-01,2.558278096726784767e+01,0.000000000000000000e+00,0.000000000000000000e+00,0.000000000000000000e+00,1.000000000000000056e-01
-9.848460640752394468e-01,-6.705433264020030371e-02,-1.599435730177572179e-01,1.998451399717114327e+02,1.029580963561254614e-01,-9.681882416728420093e-01,-2.280595516113567700e-01,1.958271010941252257e+02,-1.395631056914113655e-01,-2.410710375815138806e-01,9.604201655364907886e-01,2.548937126319989588e+01,0.000000000000000000e+00,0.000000000000000000e+00,0.000000000000000000e+00,1.000000000000000056e-01
-9.847511396701922326e-01,-6.990727980804369024e-02,-1.593052577540903236e-01,1.991400213926802394e+02,1.059360157296069388e-01,-9.673216486234539335e-01,-2.303614305298073983e-01,1.958987860749724916e+02,-1.379954835840424554e-01,-2.437248455415300663e-01,9.599767946029547083e-01,2.540412381241684159e+01,0.000000000000000000e+00,0.000000000000000000e+00,0.000000000000000000e+00,1.000000000000000056e-01
-9.846992242722634181e-01,-7.162627444404644217e-02,-1.588619354246621207e-01,1.984577786936451389e+02,1.070143642616719487e-01,-9.680283085254535180e-01,-2.268680668031981817e-01,1.959609509329778803e+02,-1.375331362227793230e-01,-2.403973184181062150e-01,9.608817647026662856e-01,2.531912127390706857e+01,0.000000000000000000e+00,0.000000000000000000e+00,0.000000000000000000e+00,1.000000000000000056e-01
-9.847361640484422196e-01,-7.183879515903024426e-02,-1.585366668164150949e-01,1.978021753762039054e+02,1.069040851813941040e-01,-9.684315029769552385e-01,-2.251931184857236534e-01,1.960213596705629300e+02,-1.373543002118585155e-01,-2.387040250014541010e-01,9.613293840622036956e-01,2.525056739839164521e+01,0.000000000000000000e+00,0.000000000000000000e+00,0.000000000000000000e+00,1.000000000000000056e-01
-9.846888359616110531e-01,-7.327641395796623269e-02,-1.581722589142232904e-01,1.971876213328120286e+02,1.080363724439588197e-01,-9.686195876347223344e-01,-2.238397566999447419e-01,1.960882768711832682e+02,-1.368065735325519061e-01,-2.375008665411581232e-01,9.617054121873711559e-01,2.517908216248630637e+01,0.000000000000000000e+00,0.000000000000000000e+00,0.000000000000000000e+00,1.000000000000000056e-01
-9.849216466489660871e-01,-7.104707758006904850e-02,-1.577392238145652603e-01,1.965775283410064560e+02,1.059183315711510337e-01,-9.685603101272455273e-01,-2.251049370480316669e-01,1.961469865795372129e+02,-1.367869036109582159e-01,-2.384182006759262562e-01,9.614812034496463822e-01,2.510139806800095741e+01,0.000000000000000000e+00,0.000000000000000000e+00,0.000000000000000000e+00,1.000000000000000056e-01
-9.855967148949140721e-01,-6.585461780002122012e-02,-1.557635544752583312e-01,1.960003743584194353e+02,9.987499712827963005e-02,-9.699450621836998021e-01,-2.218818633734745138e-01,1.962232356841298326e+02,-1.364701452222418510e-01,-2.342429201915656456e-01,9.625518966804584853e-01,2.503526927872414731e+01,0.000000000000000000e+00,0.000000000000000000e+00,0.000000000000000000e+00,1.000000000000000056e-01
-9.857857761492083704e-01,-6.050701690079763467e-02,-1.567332270058570121e-01,1.954135318539161119e+02,9.457518631139494314e-02,-9.708996937321572318e-01,-2.200211781737568817e-01,1.962962186278141701e+02,-1.388594169513463483e-01,-2.317168220405452783e-01,9.628215705453230244e-01,2.497269939040774034e+01,0.000000000000000000e+00,0.000000000000000000e+00,0.000000000000000000e+00,1.000000000000000056e-01
-9.864476763277052473e-01,-4.950259037709241194e-02,-1.564304171624855688e-01,1.948469823070520306e+02,8.404539741002560460e-02,-9.712739517288593305e-01,-2.226281246096203648e-01,1.963357047019617028e+02,-1.409161205890309687e-01,-2.327582527837919468e-01,9.622713976416290560e-01,2.490107340120225743e+01,0.000000000000000000e+00,0.000000000000000000e+00,0.000000000000000000e+00,1.000000000000000056e-01
-9.870548124514477717e-01,-4.673102862820231740e-02,-1.534242750668468602e-01,1.943184158672506214e+02,8.085776347488925209e-02,-9.711361143127987816e-01,-2.244029179027709764e-01,1.963748943539682728e+02,-1.385092751489091500e-01,-2.339035237887386598e-01,9.623431416376045933e-01,2.482961286810670387e+01,0.000000000000000000e+00,0.000000000000000000e+00,0.000000000000000000e+00,1.000000000000000056e-01
-9.872888970170405898e-01,-3.786447036084776563e-02,-1.543596958767678717e-01,1.938005326457473529e+02,7.256097372747695451e-02,-9.714673933081068302e-01,-2.258008167187906812e-01,1.963766549648934756e+02,-1.414055830531319169e-01,-2.341311291209372258e-01,9.618664540662382745e-01,2.475459839069533530e+01,0.000000000000000000e+00,0.000000000000000000e+00,0.000000000000000000e+00,1.000000000000000056e-01
-9.880986722640672237e-01,-2.439615706559746314e-02,-1.518744263871277811e-01,1.933260850764277734e+02,5.884445994712536598e-02,-9.721907964697673599e-01,-2.266768289724630514e-01,1.963930618027043238e+02,-1.421208760299469964e-01,-2.329160423412496850e-01,9.620560138664326910e-01,2.469219115079780380e+01,0.000000000000000000e+00,0.000000000000000000e+00,0.000000000000000000e+00,1.000000000000000056e-01
-9.885829279348450349e-01,-5.323294340497997101e-03,-1.505837213417634268e-01,1.928754656050871574e+02,3.923633520352164811e-02,-9.739929814386600881e-01,-2.231550629226849436e-01,1.964119557904184035e+02,-1.454795676222826739e-01,-2.265156388543515531e-01,9.630816999397500133e-01,2.463986957785706622e+01,0.000000000000000000e+00,0.000000000000000000e+00,0.000000000000000000e+00,1.000000000000000056e-01
-9.887176504182479952e-01,1.616626590959563750e-02,-1.489162838576097436e-01,1.924071460942307965e+02,1.776253241662758761e-02,-9.744908828812579582e-01,-2.237230690462099769e-01,1.963773917833062512e+02,-1.487343275561099354e-01,-2.238440774911126252e-01,9.632091822540858050e-01,2.457716724391431029e+01,0.000000000000000000e+00,0.000000000000000000e+00,0.000000000000000000e+00,1.000000000000000056e-01
-9.883852129315107149e-01,4.059248903389531260e-02,-1.464476721985245311e-01,1.919497653304418918e+02,-6.745025091332984557e-03,-9.744341869982680038e-01,-2.245718589795768216e-01,1.963522366860152886e+02,-1.518195491195079849e-01,-2.209757114324077398e-01,9.633901387610788181e-01,2.450709555132811701e+01,0.000000000000000000e+00,0.000000000000000000e+00,0.000000000000000000e+00,1.000000000000000056e-01
-9.865586763920530800e-01,7.248591202647330922e-02,-1.464505738918446265e-01,1.914772915932114188e+02,-3.784118806410340097e-02,-9.732113945475975303e-01,-2.267765993408879244e-01,1.962993369175650287e+02,-1.589654758790644551e-01,-2.181865579737001515e-01,9.628730982835338459e-01,2.443572912398984442e+01,0.000000000000000000e+00,0.000000000000000000e+00,0.000000000000000000e+00,1.000000000000000056e-01
-9.825839834591272304e-01,1.123932773150835562e-01,-1.479745473517947441e-01,1.910067673889437572e+02,-7.649951516114714134e-02,-9.703957241876843831e-01,-2.290850555107626640e-01,1.962842323729372538e+02,-1.693414882115521214e-01,-2.137753252661179493e-01,9.620933274260154988e-01,2.438036629559148594e+01,0.000000000000000000e+00,0.000000000000000000e+00,0.000000000000000000e+00,1.000000000000000056e-01
-9.767798289578664139e-01,1.561895787199804042e-01,-1.466491774280280214e-01,1.905527133984917043e+02,-1.201812759550176107e-01,-9.661046722595274527e-01,-2.284693046081588963e-01,1.962078478236618082e+02,-1.773629799334294765e-01,-2.055397230162258615e-01,9.624426193864998869e-01,2.429328539840520307e+01,0.000000000000000000e+00,0.000000000000000000e+00,0.000000000000000000e+00,1.000000000000000056e-01
-9.682805040043409583e-01,2.014770343376084683e-01,-1.477831864578034449e-01,1.900761406884125506e+02,-1.642834061825792225e-01,-9.589802835726046748e-01,-2.310146709022108391e-01,1.961074975655072024e+02,-1.882653128384234875e-01,-1.994086767257864934e-01,9.616612457764539545e-01,2.419984679370002567e+01,0.000000000000000000e+00,0.000000000000000000e+00,0.000000000000000000e+00,1.000000000000000056e-01
-9.579702673051708750e-01,2.459068378817758083e-01,-1.477254008024563581e-01,1.896119862039108739e+02,-2.071139409246399721e-01,-9.491890925295736192e-01,-2.369470027190680450e-01,1.959935969904335877e+02,-1.984862273154615886e-01,-1.963921935970758814e-01,9.602256629877184979e-01,2.410932665508073569e+01,0.000000000000000000e+00,0.000000000000000000e+00,0.000000000000000000e+00,1.000000000000000056e-01
-9.449448921434349113e-01,2.949791611344471098e-01,-1.416560810853148555e-01,1.891870251540178742e+02,-2.555762968669456070e-01,-9.356336442648056639e-01,-2.434552118964330436e-01,1.958450348711392053e+02,-2.043524095571429000e-01,-1.938478223147635515e-01,9.595119147212365363e-01,2.400253777915381193e+01,0.000000000000000000e+00,0.000000000000000000e+00,0.000000000000000000e+00,1.000000000000000056e-01
-9.291656758025559348e-01,3.423888512600704037e-01,-1.393593249236967646e-01,1.887600832941123201e+02,-3.023304046223887487e-01,-9.207821000379248222e-01,-2.464886421127984728e-01,1.956843573173642881e+02,-2.127145348847647444e-01,-1.868962246343086053e-01,9.590736821882874796e-01,2.389469503718219912e+01,0.000000000000000000e+00,0.000000000000000000e+00,0.000000000000000000e+00,1.000000000000000056e-01
-9.105343666297021077e-01,3.896596595504489557e-01,-1.381756740720895271e-01,1.883550658674143676e+02,-3.492616599009180089e-01,-9.038139299530185689e-01,-2.472583121881570256e-01,1.954980116056251802e+02,-2.212316887552584488e-01,-1.768777253978263686e-01,9.590468237518894323e-01,2.379168035770255329e+01,0.000000000000000000e+00,0.000000000000000000e+00,0.000000000000000000e+00,1.000000000000000056e-01
-8.887475723582660692e-01,4.368808010880273485e-01,-1.387909156536294430e-01,1.879405666612489654e+02,-3.960589423358426564e-01,-8.842827571117681806e-01,-2.473485792775539371e-01,1.952883820211561101e+02,-2.307922590190213952e-01,-1.648610660995925015e-01,9.589347016671170287e-01,2.368776200945096022e+01,0.000000000000000000e+00,0.000000000000000000e+00,0.000000000000000000e+00,1.000000000000000056e-01
-8.650677122679695241e-01,4.818659692515016579e-01,-1.395100027552604316e-01,1.875256690505862309e+02,-4.406311993475632849e-01,-8.627966899626269281e-01,-2.478427282594010128e-01,1.950630093226299664e+02,-2.397957450685683778e-01,-1.529282821025797490e-01,9.587027386944109164e-01,2.356834594492050172e+01,0.000000000000000000e+00,0.000000000000000000e+00,0.000000000000000000e+00,1.000000000000000056e-01
-8.376061207778076056e-01,5.277812003976143362e-01,-1.409361236248762861e-01,1.871375174961830794e+02,-4.848266134125009952e-01,-8.370999705390496093e-01,-2.533905962155821312e-01,1.948158126955369198e+02,-2.517124179743988610e-01,-1.439119308131751318e-01,9.570424310379898047e-01,2.345099571254094073e+01,0.000000000000000000e+00,0.000000000000000000e+00,0.000000000000000000e+00,1.000000000000000056e-01
-8.073008274732729195e-01,5.727686976114599871e-01,-1.421316044989346106e-01,1.867345137625686107e+02,-5.297034424868355407e-01,-8.094662659282774175e-01,-2.533350100987389331e-01,1.945652786400659977e+02,-2.601531029577879850e-01,-1.292299630913987529e-01,9.568803371690894899e-01,2.333308141232167188e+01,0.000000000000000000e+00,0.000000000000000000e+00,0.000000000000000000e+00,1.000000000000000056e-01
-7.725599202034763024e-01,6.183305641758430893e-01,-1.442861154137224933e-01,1.863316202512120867e+02,-5.754446458495535710e-01,-7.778927652161786721e-01,-2.524803069298855451e-01,1.942958456426598275e+02,-2.683554159287274143e-01,-1.120274931894442300e-01,9.567837851423950379e-01,2.320557791668052161e+01,0.000000000000000000e+00,0.000000000000000000e+00,0.000000000000000000e+00,1.000000000000000056e-01
-7.407393825535897314e-01,6.560377190876017783e-01,-1.446363656500835315e-01,1.858708590767198245e+02,-6.133973079660676175e-01,-7.482862699258916450e-01,-2.526091859382352256e-01,1.940488510308789500e+02,-2.739505607114339769e-01,-9.839801509549613023e-02,9.566968803707669444e-01,2.307019945611371980e+01,0.000000000000000000e+00,0.000000000000000000e+00,0.000000000000000000e+00,1.000000000000000056e-01
-7.057152902202319389e-01,6.936497031178585626e-01,-1.442775745356182915e-01,1.855211033047110334e+02,-6.514695169791153706e-01,-7.153590081918383969e-01,-2.526835132053288913e-01,1.936973528336823449e+02,-2.784841065417777983e-01,-8.433017706192887097e-02,9.567314271206582843e-01,2.293639586147607545e+01,0.000000000000000000e+00,0.000000000000000000e+00,0.000000000000000000e+00,1.000000000000000056e-01
-6.692815062563433059e-01,7.292697881109631020e-01,-1.422246164763045218e-01,1.851157887036066825e+02,-6.871970194348353544e-01,-6.803477714785350905e-01,-2.547295945195030553e-01,1.933242433313555750e+02,-2.825287982898725403e-01,-7.274947417530144844e-02,9.564962060270274513e-01,2.277378223661834866e+01,0.000000000000000000e+00,0.000000000000000000e+00,0.000000000000000000e+00,1.000000000000000056e-01
-6.243065248286763236e-01,7.687068300883376226e-01,-1.390365866665365657e-01,1.847725660175390487e+02,-7.272336043819144225e-01,-6.369072556577819455e-01,-2.558914464146122558e-01,1.929153162222738729e+02,-2.852589134699054507e-01,-5.864262158202619701e-02,9.566547941760163987e-01,2.261027955113668497e+01,0.000000000000000000e+00,0.000000000000000000e+00,0.000000000000000000e+00,1.000000000000000056e-01
-5.814985128964762495e-01,8.018725310389875904e-01,-1.373314365479186006e-01,1.844657587111358055e+02,-7.622622014769322440e-01,-5.960090294204931638e-01,-2.524471688270303327e-01,1.925196481509518378e+02,-2.842812264268043121e-01,-4.211509010283771837e-02,9.578154850945467258e-01,2.245632336742124480e+01,0.000000000000000000e+00,0.000000000000000000e+00,0.000000000000000000e+00,1.000000000000000056e-01
-5.366521142409637068e-01,8.330571120411275343e-01,-1.342399208819802514e-01,1.841849843729454790e+02,-7.948961801246595682e-01,-5.524836372160839559e-01,-2.508024988546000977e-01,1.920801206549382698e+02,-2.830981651369870455e-01,-2.788689093791536788e-02,9.586854281827215107e-01,2.230406608960392489e+01,0.000000000000000000e+00,0.000000000000000000e+00,0.000000000000000000e+00,1.000000000000000056e-01
-4.903419703958058484e-01,8.610696872215835018e-01,-1.346244621771348071e-01,1.839029732536937445e+02,-8.238199910268042547e-01,-5.083434978635803514e-01,-2.508136969234653346e-01,1.916349479753922083e+02,-2.844035415619053930e-01,-1.207815912895290889e-02,9.586285743806624016e-01,2.214705017127266373e+01,0.000000000000000000e+00,0.000000000000000000e+00,0.000000000000000000e+00,1.000000000000000056e-01
-4.412364249814468842e-01,8.872775676292665725e-01,-1.343463257833420466e-01,1.836179389997904821e+02,-8.491077840878351601e-01,-4.612356089865536912e-01,-2.574445260716355377e-01,1.911295163215790751e+02,-2.903900622800958398e-01,4.806086713445290037e-04,9.569082405038986661e-01,2.195908811826209828e+01,0.000000000000000000e+00,0.000000000000000000e+00,0.000000000000000000e+00,1.000000000000000056e-01
-3.904243254671415642e-01,9.112064151427580194e-01,-1.314218972858435253e-01,1.833819822868545089e+02,-8.731639193979289226e-01,-4.117478532463842988e-01,-2.608610266188504667e-01,1.906100879933337637e+02,-2.918109249928352300e-01,1.290636857048840791e-02,9.563889426928505744e-01,2.178251929514149765e+01,0.000000000000000000e+00,0.000000000000000000e+00,0.000000000000000000e+00,1.000000000000000056e-01
-3.457415150062255194e-01,9.300910265409352284e-01,-1.240704926613483000e-01,1.831904901976230633e+02,-8.920790521056793931e-01,-3.668143433110142571e-01,-2.638980908145079907e-01,1.900234522589712185e+02,-2.909600824777051065e-01,1.944016176216181724e-02,9.565376681109991619e-01,2.159745416649980854e+01,0.000000000000000000e+00,0.000000000000000000e+00,0.000000000000000000e+00,1.000000000000000056e-01
-3.069317562634044094e-01,9.441030772391056924e-01,-1.202592056547591992e-01,1.829520433347983612e+02,-9.060282060889419675e-01,-3.285368716184142723e-01,-2.667890810330130202e-01,1.893842857171109699e+02,-2.913859755861908374e-01,2.707219117170026057e-02,9.562224164371209145e-01,2.139648134601808493e+01,0.000000000000000000e+00,0.000000000000000000e+00,0.000000000000000000e+00,1.000000000000000056e-01
-2.694440475768939969e-01,9.553555912852741416e-01,-1.212254075074414433e-01,1.827680249430318895e+02,-9.177271798416412052e-01,-2.928794004628685332e-01,-2.683253252386349486e-01,1.888217209479739438e+02,-2.918505244218158601e-01,3.895318965727369298e-02,9.556704036487870813e-01,2.121393032421584479e+01,0.000000000000000000e+00,0.000000000000000000e+00,0.000000000000000000e+00,1.000000000000000056e-01
-2.331822381116139820e-01,9.648792151694565167e-01,-1.209716659521225396e-01,1.826368153836020838e+02,-9.280775444231381677e-01,-2.579600567200115435e-01,-2.685678325386827159e-01,1.882285098035543456e+02,-2.903413772902100898e-01,4.964583840546681059e-02,9.556344360487655232e-01,2.104822883443582526e+01,0.000000000000000000e+00,0.000000000000000000e+00,0.000000000000000000e+00,1.000000000000000056e-01
-2.109985945391730233e-01,9.707681983965005257e-01,-1.144058481219652340e-01,1.825236231161747469e+02,-9.350017259136208514e-01,-2.345712474163457184e-01,-2.659851545182352339e-01,1.876382501586850537e+02,-2.850462517575764188e-01,5.084717167701667540e-02,9.571641444869339876e-01,2.088210267582245550e+01,0.000000000000000000e+00,0.000000000000000000e+00,0.000000000000000000e+00,1.000000000000000056e-01
-1.856448418356546615e-01,9.763478877248996657e-01,-1.108187476690744716e-01,1.824111362183200242e+02,-9.417007953952156729e-01,-2.089850415606864242e-01,-2.636756802511309727e-01,1.870503906219986447e+02,-2.805986540449424416e-01,5.540807286853934033e-02,9.582245774395277138e-01,2.070310698110263203e+01,0.000000000000000000e+00,0.000000000000000000e+00,0.000000000000000000e+00,1.000000000000000056e-01
-1.707399799886997194e-01,9.794308824987715267e-01,-1.075314169958534460e-01,1.823248814502943844e+02,-9.462789439303965766e-01,-1.934105802791585837e-01,-2.591302909928763221e-01,1.864482259385055727e+02,-2.745979233487245152e-01,5.751081501558566456e-02,9.598377397502200203e-01,2.053074409655969745e+01,0.000000000000000000e+00,0.000000000000000000e+00,0.000000000000000000e+00,1.000000000000000056e-01
-1.578651711436538374e-01,9.818916807257732637e-01,-1.047249495645698192e-01,1.821918289812679177e+02,-9.484936190157576830e-01,-1.802793063401382234e-01,-2.604980352937620869e-01,1.858320382269023128e+02,-2.746605949643603495e-01,5.820737948950621687e-02,9.597778172820979892e-01,2.033598699497710527e+01,0.000000000000000000e+00,0.000000000000000000e+00,0.000000000000000000e+00,1.000000000000000056e-01
-1.530187860122593779e-01,9.823012657919417689e-01,-1.080253412440067146e-01,1.820721823424071886e+02,-9.471300749471996960e-01,-1.769716576965656429e-01,-2.676296947325581543e-01,1.850881858424619395e+02,-2.820104116124917959e-01,6.136167855982532782e-02,9.574470597095557922e-01,2.013050091512951667e+01,0.000000000000000000e+00,0.000000000000000000e+00,0.000000000000000000e+00,1.000000000000000056e-01
-1.419062988277228765e-01,9.837820422201362103e-01,-1.097064070972851163e-01,1.819433708421914844e+02,-9.473649513063229222e-01,-1.671062942870711332e-01,-2.730844840814129482e-01,1.843425244243827592e+02,-2.869882425978207974e-01,6.517959661443963049e-02,9.557140622570086119e-01,1.991011103762610190e+01,0.000000000000000000e+00,0.000000000000000000e+00,0.000000000000000000e+00,1.000000000000000056e-01
-1.386233495926421089e-01,9.843918878617784474e-01,-1.084259104625829723e-01,1.818042255948694503e+02,-9.476558324362419627e-01,-1.636482959603311471e-01,-2.741672089781220234e-01,1.836101089055123055e+02,-2.876316919209174205e-01,6.474446958006334352e-02,9.555501888762863993e-01,1.970707283223329398e+01,0.000000000000000000e+00,0.000000000000000000e+00,0.000000000000000000e+00,1.000000000000000056e-01
-1.369455136313320054e-01,9.845401692740065602e-01,-1.092088887506936778e-01,1.817020697284505957e+02,-9.482895422600257085e-01,-1.621689585941368250e-01,-2.728519248764138538e-01,1.828543073317118228e+02,-2.863439720624859075e-01,6.619580012662325263e-02,9.558374577871879829e-01,1.949537782472000202e+01,0.000000000000000000e+00,0.000000000000000000e+00,0.000000000000000000e+00,1.000000000000000056e-01
-1.327322785080493617e-01,9.851367887076784013e-01,-1.090304992962292663e-01,1.815848466224217646e+02,-9.516336436519831077e-01,-1.574190878554322381e-01,-2.638420721727577911e-01,1.821145306051824093e+02,-2.770840134538848365e-01,6.873673190869031280e-02,9.583839059452116116e-01,1.928725010469578294e+01,0.000000000000000000e+00,0.000000000000000000e+00,0.000000000000000000e+00,1.000000000000000056e-01
-1.331699338602752025e-01,9.850116381073633631e-01,-1.096259162274087762e-01,1.814860553899080742e+02,-9.532264094094607954e-01,-1.575788513584936990e-01,-2.579308395847324520e-01,1.813669181654266254e+02,-2.713396047760023855e-01,7.014968565565112002e-02,9.599238722328017337e-01,1.907368406793951365e+01,0.000000000000000000e+00,0.000000000000000000e+00,0.000000000000000000e+00,1.000000000000000056e-01
-1.334012668267292590e-01,9.847112251530744098e-01,-1.120174319762543974e-01,1.813913557408662882e+02,-9.536475536764156269e-01,-1.583057237001299633e-01,-2.559211621002958625e-01,1.806735632983119046e+02,-2.697414417104119222e-01,7.268494274132110411e-02,9.601856350324552425e-01,1.888621601983408027e+01,0.000000000000000000e+00,0.000000000000000000e+00,0.000000000000000000e+00,1.000000000000000056e-01
-1.335865514808283194e-01,9.847351129334876996e-01,-1.115857993623364935e-01,1.812308050429381581e+02,-9.526161536047798029e-01,-1.586382806438628723e-01,-2.595310382316421971e-01,1.798995003270235600e+02,-2.732711055978935266e-01,7.162857858585959525e-02,9.592665164463285432e-01,1.865435363918123457e+01,0.000000000000000000e+00,0.000000000000000000e+00,0.000000000000000000e+00,1.000000000000000056e-01
-1.266384048886286529e-01,9.853961485513458296e-01,-1.138294550080856254e-01,1.810958457758040083e+02,-9.515374548910122687e-01,-1.530971943273919944e-01,-2.667165555952904499e-01,1.791141463967049958e+02,-2.802484368320341535e-01,7.453643075204789692e-02,9.570293277344986693e-01,1.843088453041573516e+01,0.000000000000000000e+00,0.000000000000000000e+00,0.000000000000000000e+00,1.000000000000000056e-01
-1.242555399882367961e-01,9.856996831681934523e-01,-1.138274807959610696e-01,1.810004165820682545e+02,-9.510325153812737575e-01,-1.510278908798008413e-01,-2.696807943921231132e-01,1.783408897278703762e+02,-2.830153979376375251e-01,7.474430264924657175e-02,9.561985012285255658e-01,1.821198026492921684e+01,0.000000000000000000e+00,0.000000000000000000e+00,0.000000000000000000e+00,1.000000000000000056e-01
-1.205800088058299746e-01,9.859844095577569023e-01,-1.153048376497171623e-01,1.809232075176371382e+02,-9.517334977912618177e-01,-1.478457475820096345e-01,-2.689702290290264530e-01,1.776078808785804029e+02,-2.822477823799439678e-01,7.730704386379280701e-02,9.562216324213991259e-01,1.800801147474777153e+01,0.000000000000000000e+00,0.000000000000000000e+00,0.000000000000000000e+00,1.000000000000000056e-01
-1.182710212210720258e-01,9.862123379015974578e-01,-1.157462315152884280e-01,1.808108564658739112e+02,-9.527522809897406297e-01,-1.455483963170649542e-01,-2.666059928028202686e-01,1.768225828671469060e+02,-2.797767978374396947e-01,7.874572305971040687e-02,9.568302119454797916e-01,1.777908545649370708e+01,0.000000000000000000e+00,0.000000000000000000e+00,0.000000000000000000e+00,1.000000000000000056e-01
-1.184573606816907709e-01,9.862204689009115288e-01,-1.154861048836373222e-01,1.807198906286060378e+02,-9.534518578369481911e-01,-1.454528371643162288e-01,-2.641458440864123958e-01,1.760238052508130977e+02,-2.773038198215094785e-01,7.882042173014290609e-02,9.575436975045484855e-01,1.754091887278524808e+01,0.000000000000000000e+00,0.000000000000000000e+00,0.000000000000000000e+00,1.000000000000000056e-01
-1.177472306772333610e-01,9.863987160085081474e-01,-1.146872387173444308e-01,1.806098585592617951e+02,-9.538797108318448625e-01,-1.444607657040515303e-01,-2.631436574108437787e-01,1.752379559947958683e+02,-2.761323721174299139e-01,7.841339317339780790e-02,9.579155770942632264e-01,1.732130001268353681e+01,0.000000000000000000e+00,0.000000000000000000e+00,0.000000000000000000e+00,1.000000000000000056e-01
-1.189234769966900362e-01,9.866031126279222185e-01,-1.116758916324988998e-01,1.805001282745575679e+02,-9.539722314240348666e-01,-1.447217965980571730e-01,-2.626643928310019027e-01,1.744456153132416887e+02,-2.753074432173348574e-01,7.529873665823651196e-02,9.584027921322054722e-01,1.709371578234728162e+01,0.000000000000000000e+00,0.000000000000000000e+00,0.000000000000000000e+00,1.000000000000000056e-01
-1.209993690138255751e-01,9.865446132337881702e-01,-1.099494374594579549e-01,1.803984569156360180e+02,-9.536338594539334190e-01,-1.462774390533758684e-01,-2.630311253958008688e-01,1.736564649556485449e+02,-2.755750620089772451e-01,7.302490618536336409e-02,9.585018248680422515e-01,1.687232984027923877e+01,0.000000000000000000e+00,0.000000000000000000e+00,0.000000000000000000e+00,1.000000000000000056e-01
-1.207822443437136517e-01,9.864206268232609265e-01,-1.112923916038326688e-01,1.802957617248819133e+02,-9.535271105602018960e-01,-1.464629471060834298e-01,-2.633147442733007049e-01,1.728363713313441679e+02,-2.760393067626575325e-01,7.431656681121676100e-02,9.582689335564340549e-01,1.663901209944880932e+01,0.000000000000000000e+00,0.000000000000000000e+00,0.000000000000000000e+00,1.000000000000000056e-01
-1.218350330472246501e-01,9.859343419609839509e-01,-1.144102183563315001e-01,1.801671466964978379e+02,-9.518145610600637907e-01,-1.487400675179526566e-01,-2.681891751521549572e-01,1.720322297557449645e+02,-2.814343015277633864e-01,7.622247474804706713e-02,9.565484139691327048e-01,1.640470155795985363e+01,0.000000000000000000e+00,0.000000000000000000e+00,0.000000000000000000e+00,1.000000000000000056e-01
-1.196535991923346476e-01,9.863181828641699456e-01,-1.133995518149956278e-01,1.800719080819544899e+02,-9.510687619141745541e-01,-1.466455397918970949e-01,-2.719619380909434891e-01,1.712828243236484127e+02,-2.848705430741465539e-01,7.530954661040588360e-02,9.556030796716677989e-01,1.619061265170238784e+01,0.000000000000000000e+00,0.000000000000000000e+00,0.000000000000000000e+00,1.000000000000000056e-01
-1.153774700577179235e-01,9.869808896354468342e-01,-1.120569627354875558e-01,1.799705996974321920e+02,-9.518407150991550214e-01,-1.421133599838531048e-01,-2.716671603150241365e-01,1.704893590995787065e+02,-2.840550870563836594e-01,7.531610988707386489e-02,9.558452757161425284e-01,1.596592470140229203e+01,0.000000000000000000e+00,0.000000000000000000e+00,0.000000000000000000e+00,1.000000000000000056e-01
-1.131275225933883188e-01,9.867100826946807457e-01,-1.166420864891343084e-01,1.798551146686340019e+02,-9.528126536802833391e-01,-1.410186644157751523e-01,-2.688155190332718325e-01,1.696814361739351114e+02,-2.816916942663001966e-01,8.072762225562736538e-02,9.561029444501957242e-01,1.573641714565892791e+01,0.000000000000000000e+00,0.000000000000000000e+00,0.000000000000000000e+00,1.000000000000000056e-01
-1.150757845372452071e-01,9.862920136375940006e-01,-1.182608457936851903e-01,1.797625368611250849e+02,-9.527305517035030702e-01,-1.432833006120455277e-01,-2.679074310586718743e-01,1.688318165241080635e+02,-2.811797639658237258e-01,8.184106304550600730e-02,9.561589725227208625e-01,1.549832032334614595e+01,0.000000000000000000e+00,0.000000000000000000e+00,0.000000000000000000e+00,1.000000000000000056e-01
-1.123272068848923944e-01,9.865307306028827661e-01,-1.189105385135445780e-01,1.796408072450874158e+02,-9.524533237959120768e-01,-1.410026788035159129e-01,-2.700942623610358417e-01,1.679653372754350755e+02,-2.832229944470577854e-01,8.291780355493691412e-02,9.554629104628116210e-01,1.524969954086948398e+01,0.000000000000000000e+00,0.000000000000000000e+00,0.000000000000000000e+00,1.000000000000000056e-01
-1.068006752275760807e-01,9.871513059154325420e-01,-1.188524926132811660e-01,1.795168148156544135e+02,-9.530744191644261454e-01,-1.356964710031796084e-01,-2.706208035086641317e-01,1.671465547508669260e+02,-2.832715434090151696e-01,8.437278581829267543e-02,9.553211322418942997e-01,1.500092055129168145e+01,0.000000000000000000e+00,0.000000000000000000e+00,0.000000000000000000e+00,1.000000000000000056e-01
-9.849397146685512361e-02,9.879861555253723893e-01,-1.190894372934939577e-01,1.794124081806104414e+02,-9.534600491570612846e-01,-1.279611608430148983e-01,-2.730199186453661220e-01,1.663247299091271145e+02,-2.849787224445021194e-01,8.665620465900168712e-02,9.546087313386550921e-01,1.476266850082135029e+01,0.000000000000000000e+00,0.000000000000000000e+00,0.000000000000000000e+00,1.000000000000000056e-01
-9.476877878810019418e-02,9.884656368689879180e-01,-1.181294345038436805e-01,1.793240736586401454e+02,-9.538417747006324721e-01,-1.241292896321666284e-01,-2.734552765835051025e-01,1.655004603565315620e+02,-2.849644669129113850e-01,8.676176683654743260e-02,9.546033984919815030e-01,1.452893900570315822e+01,0.000000000000000000e+00,0.000000000000000000e+00,0.000000000000000000e+00,1.000000000000000056e-01
-8.986660732226603443e-02,9.893827481491197506e-01,-1.142180833024335485e-01,1.792034407892375896e+02,-9.534332795118944937e-01,-1.186139305501847652e-01,-2.773007699207304944e-01,1.646501221267522794e+02,-2.879044536084491290e-01,8.397924234197365334e-02,9.539698697800096383e-01,1.427217132406989997e+01,0.000000000000000000e+00,0.000000000000000000e+00,0.000000000000000000e+00,1.000000000000000056e-01
-8.511195005927185697e-02,9.896754528200613077e-01,-1.153189231761846262e-01,1.791007248922152542e+02,-9.533505448549866035e-01,-1.145319061677645411e-01,-2.792940763680437088e-01,1.639018192722745368e+02,-2.896181875880868284e-01,8.616809476241851784e-02,9.532556660535549398e-01,1.405078746315656701e+01,0.000000000000000000e+00,0.000000000000000000e+00,0.000000000000000000e+00,1.000000000000000056e-01
-8.230179655941505246e-02,9.901458129830932320e-01,-1.133035008953506700e-01,1.790357926950350986e+02,-9.541039803008323217e-01,-1.111285302729205782e-01,-2.780935895224666554e-01,1.630847192145884321e+02,-2.879444548123861192e-01,8.521571915691752985e-02,9.538481389358408613e-01,1.381571067739917424e+01,0.000000000000000000e+00,0.000000000000000000e+00,0.000000000000000000e+00,1.000000000000000056e-01
-8.593706954641056051e-02,9.910188535879043137e-01,-1.024521932956607567e-01,1.789068921481819245e+02,-9.553543216128292936e-01,-1.111459124970100021e-01,-2.737603081363290669e-01,1.622633789722895585e+02,-2.826887692383024953e-01,7.435198698436397413e-02,9.563256985870507432e-01,1.357527451250440897e+01,0.000000000000000000e+00,0.000000000000000000e+00,0.000000000000000000e+00,1.000000000000000056e-01
-8.389221029777194083e-02,9.914845349718549583e-01,-9.960177690683642837e-02,1.788161957279482976e+02,-9.570090092199415865e-01,-1.080177189202116139e-01,-2.691949640523391696e-01,1.614460565802482677e+02,-2.776614004920749390e-01,7.273643729877722619e-02,9.579214776618492078e-01,1.332467176633268657e+01,0.000000000000000000e+00,0.000000000000000000e+00,0.000000000000000000e+00,1.000000000000000056e-01
-8.564952718479168503e-02,9.913850295446552385e-01,-9.909531617470582199e-02,1.787002291025724219e+02,-9.561901381936940281e-01,-1.097371248540144340e-01,-2.714004109243367546e-01,1.605888978624768129e+02,-2.799367394861668190e-01,7.150864719401218983e-02,9.573515212618279868e-01,1.308445067929021732e+01,0.000000000000000000e+00,0.000000000000000000e+00,0.000000000000000000e+00,1.000000000000000056e-01
-8.138104871460272172e-02,9.923015192594006884e-01,-9.335319911817178962e-02,1.786290796044507374e+02,-9.551542002648827356e-01,-1.044027102798381623e-01,-2.770929948637765317e-01,1.597739398815429297e+02,-2.847061267806932361e-01,6.661658173240163350e-02,9.562973661010606419e-01,1.285645943570740002e+01,0.000000000000000000e+00,0.000000000000000000e+00,0.000000000000000000e+00,1.000000000000000056e-01
-7.979049146804784165e-02,9.928715349042825933e-01,-8.854147416946131499e-02,1.785420852269101033e+02,-9.537844324842980059e-01,-1.018597933024250057e-01,-2.827009707429261609e-01,1.590228409563045773e+02,-2.897045629980531389e-01,6.189263029797048565e-02,9.551128564169293345e-01,1.263253076047977785e+01,0.000000000000000000e+00,0.000000000000000000e+00,0.000000000000000000e+00,1.000000000000000056e-01
-8.376180221200102416e-02,9.927748419058685103e-01,-8.591899539086506055e-02,1.785085087528039480e+02,-9.535585096990263354e-01,-1.048892880194671751e-01,-2.823551059204374436e-01,1.581981655531485558e+02,-2.893270278953727348e-01,5.827821666409449541e-02,9.554546145116904476e-01,1.239395695476159887e+01,0.000000000000000000e+00,0.000000000000000000e+00,0.000000000000000000e+00,1.000000000000000056e-01
-8.653426028242039436e-02,9.927679885314361075e-01,-8.320782862580386463e-02,1.784379638120163918e+02,-9.538976839605973757e-01,-1.066593605821406499e-01,-2.805405306454264447e-01,1.573575431387776291e+02,-2.873865521070582130e-01,5.509538771490500586e-02,9.562287738405289561e-01,1.214806784288863106e+01,0.000000000000000000e+00,0.000000000000000000e+00,0.000000000000000000e+00,1.000000000000000056e-01
-7.415113168409859234e-02,9.942868133007336517e-01,-7.678113418177549832e-02,1.783438746002099435e+02,-9.552330470300225418e-01,-9.292888132829069114e-02,-2.808808446242138102e-01,1.565916167956205243e+02,-2.864113048252577842e-01,5.251624426160754477e-02,9.566664040076605646e-01,1.192081587273398746e+01,0.000000000000000000e+00,0.000000000000000000e+00,0.000000000000000000e+00,1.000000000000000056e-01
-7.851200831635773980e-02,9.943147861513722541e-01,-7.193031760588416978e-02,1.782945186029948559e+02,-9.555682613710320128e-01,-9.562346103949592724e-02,-2.788287136562001556e-01,1.557805149592237797e+02,-2.841217387150716256e-01,4.684292624910597891e-02,9.576432414265478865e-01,1.168974362506241249e+01,0.000000000000000000e+00,0.000000000000000000e+00,0.000000000000000000e+00,1.000000000000000056e-01
-7.802571722614093375e-02,9.949783491074720709e-01,-6.269028839235213368e-02,1.782525332388898391e+02,-9.555786248378946857e-01,-9.256672783689490203e-02,-2.798229666244155256e-01,1.549823718258517431e+02,-2.842208282379474760e-01,3.807211190543838275e-02,9.580026279143470935e-01,1.146442025902473105e+01,0.000000000000000000e+00,0.000000000000000000e+00,0.000000000000000000e+00,1.000000000000000056e-01
-7.853896858315367879e-02,9.950743410305213921e-01,-6.048707495464206163e-02,1.782012609844708493e+02,-9.558797548100359531e-01,-9.239569794095303656e-02,-2.788492950435954576e-01,1.541549728859108654e+02,-2.830645240191720369e-01,3.591783435395609625e-02,9.584280799398154915e-01,1.122894968224735734e+01,0.000000000000000000e+00,0.000000000000000000e+00,0.000000000000000000e+00,1.000000000000000056e-01
-8.043128804564680934e-02,9.951000438565679174e-01,-5.750400525158905207e-02,1.781310804232109604e+02,-9.571809988763414490e-01,-9.320444643518954742e-02,-2.740756584499965953e-01,1.533363991874869043e+02,-2.780923287208899586e-01,3.299748295501439554e-02,9.599874076388845712e-01,1.099684038344962822e+01,0.000000000000000000e+00,0.000000000000000000e+00,0.000000000000000000e+00,1.000000000000000056e-01
-8.429402428965393490e-02,9.949963286946178487e-01,-5.363602663590100184e-02,1.780540884452796035e+02,-9.572882355202697591e-01,-9.580504027820202495e-02,-2.728014449957704701e-01,1.525105938527444209e+02,-2.765750379255935698e-01,2.834960566787371461e-02,9.605740722374993545e-01,1.075776513389160094e+01,0.000000000000000000e+00,0.000000000000000000e+00,0.000000000000000000e+00,1.000000000000000056e-01
-8.690623888698700839e-02,9.949216664204719729e-01,-5.077581441621126235e-02,1.780122930113645907e+02,-9.568039545727803352e-01,-9.755404594184113876e-02,-2.738784413462776457e-01,1.516987831314476409e+02,-2.774409813931734137e-01,2.478075478044929059e-02,9.604230401422615415e-01,1.053894398580535174e+01,0.000000000000000000e+00,0.000000000000000000e+00,0.000000000000000000e+00,1.000000000000000056e-01
-9.370523579451828233e-02,9.942413887828076557e-01,-5.199413059113687507e-02,1.779018241970262579e+02,-9.559833507509156725e-01,-1.044391128017694292e-01,-2.742048591915021150e-01,1.508672786652590503e+02,-2.780560408833908648e-01,2.401109219535335626e-02,9.602647059950919495e-01,1.031891436440075260e+01,0.000000000000000000e+00,0.000000000000000000e+00,0.000000000000000000e+00,1.000000000000000056e-01
-9.611076470874513333e-02,9.940502125350236806e-01,-5.125325224973571736e-02,1.778359691390321018e+02,-9.546793114167158034e-01,-1.066316307273433850e-01,-2.778796640298337173e-01,1.500760949579412511e+02,-2.816915569554863108e-01,2.222319255872845511e-02,9.592476199879214072e-01,1.010205787930598120e+01,0.000000000000000000e+00,0.000000000000000000e+00,0.000000000000000000e+00,1.000000000000000056e-01
-9.960131199929023182e-02,9.939355082871045299e-01,-4.660240352251875107e-02,1.777679347520263207e+02,-9.545514818809445190e-01,-1.086671574708812926e-01,-2.775300295933610384e-01,1.492998233341859589e+02,-2.809111017509154928e-01,1.684203827493341299e-02,9.595860037848783497e-01,9.893634441885579278e+00,0.000000000000000000e+00,0.000000000000000000e+00,0.000000000000000000e+00,1.000000000000000056e-01
-1.027694152043026055e-01,9.938300913253715896e-01,-4.171566701815049294e-02,1.777280728936877097e+02,-9.539491440452622095e-01,-1.103535066565126677e-01,-2.789321317882228479e-01,1.485670193293645411e+02,-2.818146161466384414e-01,1.112893277967669237e-02,9.594043302910969517e-01,9.693538675512378688e+00,0.000000000000000000e+00,0.000000000000000000e+00,0.000000000000000000e+00,1.000000000000000056e-01
-1.057833975597604059e-01,9.936570930168613369e-01,-3.815041674731990684e-02,1.776414663141282801e+02,-9.536439385225941034e-01,-1.122440568013558515e-01,-2.792212567694101755e-01,1.478897509223839393e+02,-2.817323398543883362e-01,6.844940471218030620e-03,9.594686214098494537e-01,9.495416981849851723e+00,0.000000000000000000e+00,0.000000000000000000e+00,0.000000000000000000e+00,1.000000000000000056e-01
-1.105734172852743669e-01,9.931224057981455910e-01,-3.848904378599440901e-02,1.775566435400690182e+02,-9.535181094801488122e-01,-1.169273071206531345e-01,-2.777250794273279366e-01,1.471717989529077499e+02,-2.803154192748941176e-01,5.990989168416199773e-03,9.598892507813201469e-01,9.296558480568998917e+00,0.000000000000000000e+00,0.000000000000000000e+00,0.000000000000000000e+00,1.000000000000000056e-01
-1.155255369486483108e-01,9.926467284030962013e-01,-3.614308928905901608e-02,1.774652280320926252e+02,-9.536444217297888049e-01,-1.210186735376759248e-01,-2.755300302305332405e-01,1.465149690510268101e+02,-2.778779718084605777e-01,2.636900796733204766e-03,9.606127625311901008e-01,9.117538670527485678e+00,0.000000000000000000e+00,0.000000000000000000e+00,0.000000000000000000e+00,1.000000000000000056e-01
-1.197883444569129985e-01,9.921806590716667484e-01,-3.504700124668291839e-02,1.773814987059162434e+02,-9.534110948092099358e-01,-1.248089525685354140e-01,-2.746452432747542582e-01,1.458728427851297056e+02,-2.768718779995105739e-01,5.149008235308394354e-04,9.609067062156273487e-01,8.943099757801626026e+00,0.000000000000000000e+00,0.000000000000000000e+00,0.000000000000000000e+00,1.000000000000000056e-01
-1.239136126005941918e-01,9.917085083264024492e-01,-3.405365068964316677e-02,1.772753971327067859e+02,-9.533324479000048202e-01,-1.285002010349973744e-01,-2.732122656744206957e-01,1.452555803244599986e+02,-2.753228294080511951e-01,-1.390268674621525369e-03,9.613508239762201812e-01,8.775844621210525887e+00,0.000000000000000000e+00,0.000000000000000000e+00,0.000000000000000000e+00,1.000000000000000056e-01
-1.301733181640756243e-01,9.909049993382712529e-01,-3.409090090588932920e-02,1.771811165592066004e+02,-9.524463321521630110e-01,-1.345271306625548391e-01,-2.734016011028315152e-01,1.446350238292564541e+02,-2.755011644404543603e-01,-3.119840079349373019e-03,9.612956751124146493e-01,8.616015584110870762e+00,0.000000000000000000e+00,0.000000000000000000e+00,0.000000000000000000e+00,1.000000000000000056e-01
-1.367339952920656465e-01,9.899149503583589693e-01,-3.704329343453459378e-02,1.770691613464457248e+02,-9.516714201429147257e-01,-1.416487282894405286e-01,-2.725016437696335947e-01,1.439905683473576232e+02,-2.750005865714424402e-01,-2.007194806662948583e-03,9.614419631752978423e-01,8.446432662456365037e+00,0.000000000000000000e+00,0.000000000000000000e+00,0.000000000000000000e+00,1.000000000000000056e-01
-1.431438953261838787e-01,9.889744454567273024e-01,-3.793904933450435724e-02,1.769857035436249646e+02,-9.513186600132932380e-01,-1.480634222809140699e-01,-2.703146871573510746e-01,1.433536117746401715e+02,-2.729517033128010528e-01,-2.601771708503036740e-03,9.620242192598985609e-01,8.271339742993967903e+00,0.000000000000000000e+00,0.000000000000000000e+00,0.000000000000000000e+00,1.000000000000000056e-01
-1.455708136468865099e-01,9.886243273607657756e-01,-3.782958583777083772e-02,1.768984543641895471e+02,-9.513357879293768971e-01,-1.503725799002788577e-01,-2.689764038329870988e-01,1.427537801592318090e+02,-2.716051487342891479e-01,-3.166475107763688790e-03,9.624035622421690528e-01,8.103293417087259698e+00,0.000000000000000000e+00,0.000000000000000000e+00,0.000000000000000000e+00,1.000000000000000056e-01
-1.472735003523431008e-01,9.882787717980937581e-01,-4.019434421929540813e-02,1.767928142987726972e+02,-9.516216854732043595e-01,-1.526565486511837211e-01,-2.666686068719865688e-01,1.421690418707923413e+02,-2.696788531403709888e-01,-1.023409575664296911e-03,9.629497748074582475e-01,7.943719416461322957e+00,0.000000000000000000e+00,0.000000000000000000e+00,0.000000000000000000e+00,1.000000000000000056e-01
-1.543164252319340068e-01,9.873016200444673096e-01,-3.770877830436344946e-02,1.766998984654593983e+02,-9.511875031530292457e-01,-1.587791438362633478e-01,-2.646346865551256755e-01,1.415970784200752064e+02,-2.672616222901136318e-01,-4.969360139281647770e-03,9.636111927072363859e-01,7.791062523520722927e+00,0.000000000000000000e+00,0.000000000000000000e+00,0.000000000000000000e+00,1.000000000000000056e-01
-1.552219105364975871e-01,9.872284031564528828e-01,-3.586416722245182320e-02,1.766177142333530128e+02,-9.511541071857863017e-01,-1.591596894087159431e-01,-2.645261001317847915e-01,1.410341248166109267e+02,-2.668558091423335332e-01,-6.947896694791594330e-03,9.637114214631415932e-01,7.637633876720482107e+00,0.000000000000000000e+00,0.000000000000000000e+00,0.000000000000000000e+00,1.000000000000000056e-01
-1.562462818408774101e-01,9.871026109024053641e-01,-3.486452295036185367e-02,1.765156143797349841e+02,-9.514102271120706833e-01,-1.598914484487807819e-01,-2.631602258311643849e-01,1.404477381289224525e+02,-2.653406850776180437e-01,-7.947343116167210342e-03,9.641219635398491361e-01,7.462281992651428553e+00,0.000000000000000000e+00,0.000000000000000000e+00,0.000000000000000000e+00,1.000000000000000056e-01
-1.611568526342412877e-01,9.862935082504273865e-01,-3.540599429602254988e-02,1.764546466903940427e+02,-9.492534410205279993e-01,-1.647226537284307568e-01,-2.679260197505103358e-01,1.398607131757710818e+02,-2.700858633096385741e-01,-9.568852163559155022e-03,9.627886909953602412e-01,7.301646095772150957e+00,0.000000000000000000e+00,0.000000000000000000e+00,0.000000000000000000e+00,1.000000000000000056e-01
-1.604454705499829270e-01,9.862858750536148689e-01,-3.869655862890028497e-02,1.763244939150338553e+02,-9.480531360880576353e-01,-1.648991317351604646e-01,-2.720358937835030688e-01,1.392434787450949045e+02,-2.746861884652989083e-01,-6.960533220635001239e-03,9.615087357084649566e-01,7.117740768745703939e+00,0.000000000000000000e+00,0.000000000000000000e+00,0.000000000000000000e+00,1.000000000000000056e-01
-1.604655409658612975e-01,9.861672891959928355e-01,-4.153176955489271127e-02,1.762278586431773135e+02,-9.459838571379127758e-01,-1.656640211784217165e-01,-2.786933334715288035e-01,1.386150931216194238e+02,-2.817185691377315226e-01,-5.432292961787682506e-03,9.594817027938399301e-01,6.960316540301906052e+00,0.000000000000000000e+00,0.000000000000000000e+00,0.000000000000000000e+00,1.000000000000000056e-01
-1.583194983342539608e-01,9.865530530397723652e-01,-4.059568924275497315e-02,1.760915616000351918e+02,-9.456470185715586396e-01,-1.633263111978320303e-01,-2.812049649939190044e-01,1.380180706331380520e+02,-2.840539609192457848e-01,-6.131036487669966339e-03,9.587886929233544464e-01,6.799427393831352973e+00,0.000000000000000000e+00,0.000000000000000000e+00,0.000000000000000000e+00,1.000000000000000056e-01
-1.538412348634572435e-01,9.874808275141238045e-01,-3.484953009307109606e-02,1.759803028293579530e+02,-9.449534672082193776e-01,-1.573406251576192627e-01,-2.868917434959992740e-01,1.374376971947471020e+02,-2.887833431256922045e-01,-1.120459579953003715e-02,9.573289078295493804e-01,6.613022028402824048e+00,0.000000000000000000e+00,0.000000000000000000e+00,0.000000000000000000e+00,1.000000000000000056e-01
-1.493761363452799085e-01,9.881605034183985614e-01,-3.500841862258288750e-02,1.758897628086001532e+02,-9.439018552101939852e-01,-1.530525059299943091e-01,-2.926161618217689719e-01,1.368544774451634396e+02,-2.945098599729912836e-01,-1.066536039928989155e-02,9.555889244158506379e-01,6.439830725492514674e+00,0.000000000000000000e+00,0.000000000000000000e+00,0.000000000000000000e+00,1.000000000000000056e-01
-1.404490528458162135e-01,9.893459806287613345e-01,-3.832224117177784883e-02,1.757558237196998903e+02,-9.460926574407791945e-01,-1.455173623532510785e-01,-2.893672075242756381e-01,1.362711891974603020e+02,-2.918608351446930205e-01,-4.384959232129559403e-03,9.564507436565539145e-01,6.265234342951948143e+00,0.000000000000000000e+00,0.000000000000000000e+00,0.000000000000000000e+00,1.000000000000000056e-01
-1.278737339593087885e-01,9.907544513778384632e-01,-4.532025196645007858e-02,1.756649799222664399e+02,-9.478061691042364290e-01,-1.355323617948265280e-01,-2.886077696706518259e-01,1.357412886763613074e+02,-2.920817932895777846e-01,6.049461241705383907e-03,9.563742102584267268e-01,6.123743852211446459e+00,0.000000000000000000e+00,0.000000000000000000e+00,0.000000000000000000e+00,1.000000000000000056e-01
-1.138825280920692240e-01,9.923439864031899926e-01,-4.779312131243457218e-02,1.755907886674699228e+02,-9.515433467906870835e-01,-1.227789873864850723e-01,-2.819407374515576770e-01,1.352319174805500097e+02,-2.856501863709139943e-01,1.336910265408164378e-02,9.582406994698601244e-01,5.969562567044937929e+00,0.000000000000000000e+00,0.000000000000000000e+00,0.000000000000000000e+00,1.000000000000000056e-01
-9.845303078376321793e-02,9.939077118897072793e-01,-4.954251684824355351e-02,1.755249101412474317e+02,-9.558468181848420731e-01,-1.082998968126662742e-01,-2.731812448106195057e-01,1.346925330108092851e+02,-2.768823954234092555e-01,2.045953558937596561e-02,9.606859770539288856e-01,5.811046545594407142e+00,0.000000000000000000e+00,0.000000000000000000e+00,0.000000000000000000e+00,1.000000000000000056e-01
-8.253495258764664833e-02,9.951903341914219991e-01,-5.276533268464261850e-02,1.754337901652178573e+02,-9.580261309908436607e-01,-9.381577072067659451e-02,-2.708957982376258289e-01,1.341357304632102228e+02,-2.745431003322975072e-01,2.819219565857772336e-02,9.611614256532970968e-01,5.648570151068482481e+00,0.000000000000000000e+00,0.000000000000000000e+00,0.000000000000000000e+00,1.000000000000000056e-01
-6.049971717124047466e-02,9.966817887335195358e-01,-5.445361539101348236e-02,1.753679697288785633e+02,-9.590159699805840265e-01,-7.316922265732039854e-02,-2.737419116210075831e-01,1.335693218607932806e+02,-2.768179068347998983e-01,3.566057855217688588e-02,9.602604696606665824e-01,5.494676755309456873e+00,0.000000000000000000e+00,0.000000000000000000e+00,0.000000000000000000e+00,1.000000000000000056e-01
-3.484673456381015555e-02,9.979811028865339662e-01,-5.309824264151338791e-02,1.753370353428055921e+02,-9.602229107383140061e-01,-4.816252335318216282e-02,-2.750496919421913100e-01,1.329786256985532304e+02,-2.770517402643043470e-01,4.140156549735593550e-02,9.599626261427517404e-01,5.338906574869301203e+00,0.000000000000000000e+00,0.000000000000000000e+00,0.000000000000000000e+00,1.000000000000000056e-01
-8.280459207484103246e-03,9.985408645739739519e-01,-5.336268144662587032e-02,1.753039833848080775e+02,-9.625933375668627168e-01,-2.241250244276593584e-02,-2.700217513574437733e-01,1.324352370287970473e+02,-2.708237442825154884e-01,4.913065753797619950e-02,9.613743693393769219e-01,5.196577974947972578e+00,0.000000000000000000e+00,0.000000000000000000e+00,0.000000000000000000e+00,1.000000000000000056e-01
2.308621358848583771e-02,9.984541682875219815e-01,-5.055987115707247237e-02,1.752598196449938825e+02,-9.639978203479279140e-01,8.831747015754842778e-03,-2.657634335439965079e-01,1.319073303046784531e+02,-2.649060760091986877e-01,5.487507698329603667e-02,9.627115335444392796e-01,5.043023030700518383e+00,0.000000000000000000e+00,0.000000000000000000e+00,0.000000000000000000e+00,1.000000000000000056e-01
6.021254834534828237e-02,9.967906424616181926e-01,-5.275285890559773538e-02,1.752556199397376986e+02,-9.617345352763366773e-01,4.378133540375772625e-02,-2.704623417910023697e-01,1.313644392426151626e+02,-2.672847408262738478e-01,6.701947307476011084e-02,9.612841710702476616e-01,4.900826602563524759e+00,0.000000000000000000e+00,0.000000000000000000e+00,0.000000000000000000e+00,1.000000000000000056e-01
9.596692993065514266e-02,9.940750977029133573e-01,-5.103967561248977380e-02,1.753314040058437229e+02,-9.592669059964991085e-01,7.867571729123323809e-02,-2.713247769161778455e-01,1.308040168359227948e+02,-2.657016210330461203e-01,7.499887756262349492e-02,9.611336103501729733e-01,4.754489271333826039e+00,0.000000000000000000e+00,0.000000000000000000e+00,0.000000000000000000e+00,1.000000000000000056e-01
1.343798540668853514e-01,9.898175664751296399e-01,-4.693868253599510487e-02,1.754282801112336472e+02,-9.540519939403060423e-01,1.164313803661135571e-01,-2.760951403494231737e-01,1.302150939311885054e+02,-2.678186843360427227e-01,8.188356833512888677e-02,9.599834548351431351e-01,4.596918604783894580e+00,0.000000000000000000e+00,0.000000000000000000e+00,0.000000000000000000e+00,1.000000000000000056e-01
1.746260008406325115e-01,9.836915515627061568e-01,-4.308933991793417739e-02,1.755674512844869923e+02,-9.468797972436527877e-01,1.557671650319047973e-01,-2.813454102517798927e-01,1.295978413966525693e+02,-2.700451988135067483e-01,8.993064929199177937e-02,9.586386539857937317e-01,4.445463433551657850e+00,0.000000000000000000e+00,0.000000000000000000e+00,0.000000000000000000e+00,1.000000000000000056e-01
2.168925845378325556e-01,9.753078040731442133e-01,-4.162083716746091400e-02,1.757150616623351311e+02,-9.391929603275723792e-01,1.968541969022298277e-01,-2.813627701617770760e-01,1.290746946891943878e+02,-2.662220690394206390e-01,1.001154956837314453e-01,9.586984392812845091e-01,4.294230607289331481e+00,0.000000000000000000e+00,0.000000000000000000e+00,0.000000000000000000e+00,1.000000000000000056e-01
2.623034748307406794e-01,9.641289988148870060e-01,-4.064678014212445845e-02,1.758575340417458222e+02,-9.291069358913840448e-01,2.409478439399261873e-01,-2.805431128707747690e-01,1.285209752619871040e+02,-2.606859964981668720e-01,1.113526386975368793e-01,9.589803966113454869e-01,4.150136032696916111e+00,0.000000000000000000e+00,0.000000000000000000e+00,0.000000000000000000e+00,1.000000000000000056e-01
3.081576432617652017e-01,9.505502920440979109e-01,-3.863947714754023544e-02,1.760464387967857931e+02,-9.168976025850475997e-01,2.859282574891368611e-01,-2.784669063695335289e-01,1.280155970595814949e+02,-2.536486808030889439e-01,1.212401495549495084e-01,9.596682618815453036e-01,4.025634017967406386e+00,0.000000000000000000e+00,0.000000000000000000e+00,0.000000000000000000e+00,1.000000000000000056e-01
3.551014833472626586e-01,9.340643699378282649e-01,-3.777154136677525476e-02,1.762496038454589495e+02,-9.015870961335731293e-01,3.315163134876543127e-01,-2.779166097536933111e-01,1.275011030285048435e+02,-2.470701208361810175e-01,1.327429346677388988e-01,9.598623175673640651e-01,3.890607220392221954e+00,0.000000000000000000e+00,0.000000000000000000e+00,0.000000000000000000e+00,1.000000000000000056e-01
4.029118137727272231e-01,9.144151114017786686e-01,-3.882105565854884754e-02,1.764785730466125528e+02,-8.841586047301246420e-01,3.779193744264568444e-01,-2.746643553772402657e-01,1.270052066703949549e+02,-2.364860080513233320e-01,1.449894840089738790e-01,9.607561696511560667e-01,3.780344265237592705e+00,0.000000000000000000e+00,0.000000000000000000e+00,0.000000000000000000e+00,1.000000000000000056e-01
4.526548295520738119e-01,8.907068385476557548e-01,-4.177239576112123931e-02,1.767005429808687325e+02,-8.640236169431130264e-01,4.265528028064996535e-01,-2.674245609185146866e-01,1.265472138382314995e+02,-2.203787527138765245e-01,1.571433555145116123e-01,9.626729305272460069e-01,3.675233977230348170e+00,0.000000000000000000e+00,0.000000000000000000e+00,0.000000000000000000e+00,1.000000000000000056e-01
4.973362887160445167e-01,8.665139234168759419e-01,-4.254687357307941620e-02,1.769848929205431887e+02,-8.411169267160498730e-01,4.695831506078548268e-01,-2.683542067062633096e-01,1.260967744786453579e+02,-2.125533615775068164e-01,1.692491807657961478e-01,9.623802695879672964e-01,3.566126878275698964e+00,0.000000000000000000e+00,0.000000000000000000e+00,0.000000000000000000e+00,1.000000000000000056e-01
5.400850459074838517e-01,8.404879979914474664e-01,-4.345190927266280589e-02,1.772746532622773827e+02,-8.169277299529116299e-01,5.111341562257289972e-01,-2.671534360127058028e-01,1.256385262373072891e+02,-2.023295016083758724e-01,1.797826453575005756e-01,9.626738664818763613e-01,3.456579512136837895e+00,0.000000000000000000e+00,0.000000000000000000e+00,0.000000000000000000e+00,1.000000000000000056e-01
5.832432238442906147e-01,8.107888857068473731e-01,-4.948459006567125507e-02,1.775768652085593260e+02,-7.887511907261625099e-01,5.507232413391380810e-01,-2.730850976838067323e-01,1.252122589809796125e+02,-1.941620482168942008e-01,1.983060620938307261e-01,9.607162977534305925e-01,3.357797714015301249e+00,0.000000000000000000e+00,0.000000000000000000e+00,0.000000000000000000e+00,1.000000000000000056e-01
6.256244140444069401e-01,7.785217025466949492e-01,-4.998050835463749286e-02,1.779311196697887283e+02,-7.572907292424885251e-01,5.906780718823931853e-01,-2.785860132897530761e-01,1.247192094303008787e+02,-1.873628670654156336e-01,2.121399869451628672e-01,9.591098904629925537e-01,3.247053104669137991e+00,0.000000000000000000e+00,0.000000000000000000e+00,0.000000000000000000e+00,1.000000000000000056e-01
6.619221619640242027e-01,7.478677353191849342e-01,-5.052625030046914434e-02,1.782826047342012714e+02,-7.278161498742421465e-01,6.251255586440140899e-01,-2.819604367854540716e-01,1.243196203271385087e+02,-1.792838628630777087e-01,2.234096828666180534e-01,9.580946770117921840e-01,3.172789161796654600e+00,0.000000000000000000e+00,0.000000000000000000e+00,0.000000000000000000e+00,1.000000000000000056e-01
6.985759187016016281e-01,7.139373340174465232e-01,-4.780344031839697111e-02,1.786418074949914683e+02,-6.952906364709093845e-01,6.615143455657207516e-01,-2.810154825745975748e-01,1.239309209734676074e+02,-1.690047829089199871e-01,2.295479333534007904e-01,9.585119350571966734e-01,3.081385840012349497e+00,0.000000000000000000e+00,0.000000000000000000e+00,0.000000000000000000e+00,1.000000000000000056e-01
7.333943458293841200e-01,6.778739343520269189e-01,-5.118263994357375585e-02,1.790461931999050478e+02,-6.616461772613787540e-01,6.944946884187722658e-01,-2.826684698963020104e-01,1.235671866328613930e+02,-1.560675162258112758e-01,2.411722556270025075e-01,9.578511750240169542e-01,3.005751419520119150e+00,0.000000000000000000e+00,0.000000000000000000e+00,0.000000000000000000e+00,1.000000000000000056e-01
7.669015675080215200e-01,6.396226469187697994e-01,-5.239136667778655776e-02,1.794033422466428078e+02,-6.258101869050831656e-01,7.272499672628727208e-01,-2.819026340458271052e-01,1.232345753467826484e+02,-1.422096892604878260e-01,2.489786229072233070e-01,9.580115080810136519e-01,2.941849313150410428e+00,0.000000000000000000e+00,0.000000000000000000e+00,0.000000000000000000e+00,1.000000000000000056e-01
7.985056726697279395e-01,5.998248384059960969e-01,-5.097895590815956779e-02,1.798431928791497683e+02,-5.879059393095082964e-01,7.588169378211039318e-01,-2.802917433682406423e-01,1.229425963060309499e+02,-1.294422544568431255e-01,2.537853780402323234e-01,9.585602144122747914e-01,2.879011516140111304e+00,0.000000000000000000e+00,0.000000000000000000e+00,0.000000000000000000e+00,1.000000000000000056e-01
8.236228392526790953e-01,5.648723746603567797e-01,-5.064206756171307777e-02,1.802892966193778079e+02,-5.545939670558102108e-01,7.835120920113203269e-01,-2.802397783637134987e-01,1.226507967220060209e+02,-1.186210367795464404e-01,2.588976670764220334e-01,9.585932649542930895e-01,2.821573616862841583e+00,0.000000000000000000e+00,0.000000000000000000e+00,0.000000000000000000e+00,1.000000000000000056e-01
8.484977535916158331e-01,5.272540310548102793e-01,-4.532933803216912527e-02,1.807052318698606257e+02,-5.182884869540193007e-01,8.106464475445487317e-01,-2.724506953089245731e-01,1.223896686008126125e+02,-1.069046605199924505e-01,2.546674769574164832e-01,9.611013836943784749e-01,2.772376438240452323e+00,0.000000000000000000e+00,0.000000000000000000e+00,0.000000000000000000e+00,1.000000000000000056e-01
8.674839141423487110e-01,4.955963990844299838e-01,-4.307978550105258375e-02,1.811318615546448143e+02,-4.877224178785815045e-01,8.302443250176678724e-01,-2.698540417978344541e-01,1.221126780126910347e+02,-9.797194395815865542e-02,2.551050175721824020e-01,9.619370708141754545e-01,2.730730496279611952e+00,0.000000000000000000e+00,0.000000000000000000e+00,0.000000000000000000e+00,1.000000000000000056e-01
8.841104361468876682e-01,4.658117273308104989e-01,-3.698880070030337308e-02,1.815932508756771995e+02,-4.580358922160445156e-01,8.482388527808206735e-01,-2.658833768307623524e-01,1.218886762166637681e+02,-9.247625715832245852e-02,2.520124665848174628e-01,9.632953122214517050e-01,2.688541532378270205e+00,0.000000000000000000e+00,0.000000000000000000e+00,0.000000000000000000e+00,1.000000000000000056e-01
8.988255159439162423e-01,4.371016383594695798e-01,-3.247844872558140056e-02,1.820487590491095489e+02,-4.296320689269822468e-01,8.639454642122963435e-01,-2.627061480371571389e-01,1.216954670051076306e+02,-8.676967925302903062e-02,2.500807721726470700e-01,9.643291088377758946e-01,2.651393719846165453e+00,0.000000000000000000e+00,0.000000000000000000e+00,0.000000000000000000e+00,1.000000000000000056e-01
9.069788155474161062e-01,4.203639934753755636e-01,-2.614461966907687812e-02,1.825091824569682046e+02,-4.130163264384367761e-01,8.755317399245134968e-01,-2.507223294404640201e-01,1.215150208040637096e+02,-8.250419530851063610e-02,2.381979961590533490e-01,9.677059328030942487e-01,2.620580426451969647e+00,0.000000000000000000e+00,0.000000000000000000e+00,0.000000000000000000e+00,1.000000000000000056e-01
9.102387370027901214e-01,4.136174688667251242e-01,-1.964767436235741183e-02,1.829302210052269118e+02,-4.056501806417643907e-01,8.811679864401029683e-01,-2.428804451132254572e-01,1.212620178926655967e+02,-8.314669328884653765e-02,2.290492722568186756e-01,9.698572360269073211e-01,2.559377756385396996e+00,0.000000000000000000e+00,0.000000000000000000e+00,0.000000000000000000e+00,1.000000000000000056e-01
9.147667283172969954e-01,4.036098216460666799e-01,-1.734775589229790166e-02,1.833749341746554364e+02,-3.956887759646793845e-01,8.865036327668307514e-01,-2.398785143917353258e-01,1.210635763889747665e+02,-8.143847579149743332e-02,2.262971960984987707e-01,9.706479040819668835e-01,2.540925425940638416e+00,0.000000000000000000e+00,0.000000000000000000e+00,0.000000000000000000e+00,1.000000000000000056e-01
9.163971757749979075e-01,3.998670991011163411e-01,-1.795882201219333243e-02,1.838355023668563035e+02,-3.922445603052116536e-01,8.881791016749258638e-01,-2.393367674614431673e-01,1.208412524987627705e+02,-7.975224851111598068e-02,2.263717880045562625e-01,9.707705148247145477e-01,2.494434969440328942e+00,0.000000000000000000e+00,0.000000000000000000e+00,0.000000000000000000e+00,1.000000000000000056e-01
9.172808579736220214e-01,3.978715992196052431e-01,-1.714695686148819814e-02,1.842701929667617833e+02,-3.901760901344906163e-01,8.892501945696009713e-01,-2.387398377843311104e-01,1.206382817936269447e+02,-7.973986633132595925e-02,2.256818158212148262e-01,9.709321663870764674e-01,2.462815490997722456e+00,0.000000000000000000e+00,0.000000000000000000e+00,0.000000000000000000e+00,1.000000000000000056e-01
9.177620841465100598e-01,3.968147336652098622e-01,-1.583742558822900243e-02,1.847033004489595100e+02,-3.890679244894787447e-01,8.904188689853376193e-01,-2.361787202275459074e-01,1.204487902165532063e+02,-7.961725338457342760e-02,2.229177088099568993e-01,9.715805617973303221e-01,2.442566744836739634e+00,0.000000000000000000e+00,0.000000000000000000e+00,0.000000000000000000e+00,1.000000000000000056e-01
9.187028360473306066e-01,3.946642325431852227e-01,-1.500808414456027140e-02,1.852104144155591712e+02,-3.869134195572469515e-01,8.917333012362982370e-01,-2.347546064142964628e-01,1.202644100909052725e+02,-7.926603815701495359e-02,2.214765518453637450e-01,9.719388006338560704e-01,2.403452473095659236e+00,0.000000000000000000e+00,0.000000000000000000e+00,0.000000000000000000e+00,1.000000000000000056e-01
9.124938879352643140e-01,4.087197231688316501e-01,-1.740954834505829829e-02,1.856915111985244096e+02,-4.007215402177179975e-01,8.844532369151792972e-01,-2.390914446729569265e-01,1.200177701880308376e+02,-8.232345769174884142e-02,2.251458629490122043e-01,9.708409698352349348e-01,2.359497354558354854e+00,0.000000000000000000e+00,0.000000000000000000e+00,0.000000000000000000e+00,1.000000000000000056e-01
9.071499280669398368e-01,4.202999607101541857e-01,-2.066279349915656899e-02,1.861421579421550234e+02,-4.125779695885893883e-01,8.786727330522039470e-01,-2.402366483297821154e-01,1.198110709469595463e+02,-8.281562061774930261e-02,2.264556716393148761e-01,9.704944109906474825e-01,2.316757440917971422e+00,0.000000000000000000e+00,0.000000000000000000e+00,0.000000000000000000e+00,1.000000000000000056e-01
8.981596365919503056e-01,4.391862270603690277e-01,-2.060886114014491566e-02,1.865735956338070309e+02,-4.305091690520745917e-01,8.689618627134696460e-01,-2.440637959870932128e-01,1.196165760181857678e+02,-8.928114335685953529e-02,2.280805539935729098e-01,9.695401684978692813e-01,2.291226207393227465e+00,0.000000000000000000e+00,0.000000000000000000e+00,0.000000000000000000e+00,1.000000000000000056e-01
8.885314035858007387e-01,4.584595650056965677e-01,-1.807683867921683341e-02,1.869892776510311876e+02,-4.484956577338791717e-01,8.595619366185048849e-01,-2.449590212882564177e-01,1.193563428396861497e+02,-9.676564388098726766e-02,2.257611666594430688e-01,9.693648981641872497e-01,2.224718825508414710e+00,0.000000000000000000e+00,0.000000000000000000e+00,0.000000000000000000e+00,1.000000000000000056e-01
8.754151828991680873e-01,4.831652021628099480e-01,-1.412957779224820881e-02,1.874696912495319907e+02,-4.717754331537299950e-01,8.476839635928530292e-01,-2.426104666747112282e-01,1.191707038639941771e+02,-1.052435186708739756e-01,2.190508737405121031e-01,9.700208845644983091e-01,2.194697514847425257e+00,0.000000000000000000e+00,0.000000000000000000e+00,0.000000000000000000e+00,1.000000000000000056e-01
8.580057908807673384e-01,5.135490921629832783e-01,-9.663992634758235278e-03,1.879218461280030681e+02,-5.000783764717804392e-01,8.309090922940367552e-01,-2.439501951801801016e-01,1.188786156525259372e+02,-1.172505019196808385e-01,2.141434338981131058e-01,9.697396091311870636e-01,2.117290025543006049e+00,0.000000000000000000e+00,0.000000000000000000e+00,0.000000000000000000e+00,1.000000000000000056e-01
8.380693662426111912e-01,5.455508666515319627e-01,-3.740222115118735369e-03,1.883044120708663911e+02,-5.290767310662524148e-01,8.110511137481773991e-01,-2.495473973658902389e-01,1.185904393521064151e+02,-1.331072875914630083e-01,2.111168936480534442e-01,9.683553620476524904e-01,2.033187277200195542e+00,0.000000000000000000e+00,0.000000000000000000e+00,0.000000000000000000e+00,1.000000000000000056e-01
8.146018995531729701e-01,5.799160787597730238e-01,-1.100394657615290372e-02,1.886941348488112737e+02,-5.617067335397292194e-01,7.840097623752153577e-01,-2.642238407042141746e-01,1.182903855031076716e+02,-1.446004520756756229e-01,2.214182334322243872e-01,9.643986080264027594e-01,2.001843187036278948e+00,0.000000000000000000e+00,0.000000000000000000e+00,0.000000000000000000e+00,1.000000000000000056e-01
7.883960157913365574e-01,6.148230026316725549e-01,-2.060091549715903358e-02,1.890202630059940248e+02,-5.962803014738375929e-01,7.555263817616642008e-01,-2.713479105067833630e-01,1.179819523798580434e+02,-1.512664019490645717e-01,2.262135316401351903e-01,9.622608345684040554e-01,1.932300153633869311e+00,0.000000000000000000e+00,0.000000000000000000e+00,0.000000000000000000e+00,1.000000000000000056e-01
7.554672828581029398e-01,6.545499256427057544e-01,-2.887177466183056540e-02,1.893578774529213433e+02,-6.366369533382764123e-01,7.229542251427487631e-01,-2.683851299763181375e-01,1.176553734831816627e+02,-1.547984953904671945e-01,2.211370235609049217e-01,9.628789345683450573e-01,1.854346907253173304e+00,0.000000000000000000e+00,0.000000000000000000e+00,0.000000000000000000e+00,1.000000000000000056e-01
7.143492868442510302e-01,6.992325571217530289e-01,-2.790927168674146863e-02,1.896186518266868006e+02,-6.806626063696765705e-01,6.850110805631676181e-01,-2.597272334502492286e-01,1.173956121153330940e+02,-1.624915772437104944e-01,2.045327615973927260e-01,9.652786316697347102e-01,1.789435701444448856e+00,0.000000000000000000e+00,0.000000000000000000e+00,0.000000000000000000e+00,1.000000000000000056e-01
6.736315411040896262e-01,7.387944878601511167e-01,-2.008112390247054901e-02,1.898760664077854585e+02,-7.195548131204596576e-01,6.494022407376851547e-01,-2.460032533119308473e-01,1.171025104474319249e+02,-1.687051206837234807e-01,1.801650200020267212e-01,9.690609618712124895e-01,1.709221521825603496e+00,0.000000000000000000e+00,0.000000000000000000e+00,0.000000000000000000e+00,1.000000000000000056e-01
6.288524432711370959e-01,7.774611270229532245e-01,-9.939847087403752557e-03,1.901627683556237116e+02,-7.554585718468416200e-01,6.079317197503892878e-01,-2.443386386645892416e-01,1.167921265876165791e+02,-1.839210450575243516e-01,1.611620925947964966e-01,9.696390199942525046e-01,1.616546916085311425e+00,0.000000000000000000e+00,0.000000000000000000e+00,0.000000000000000000e+00,1.000000000000000056e-01
5.870430418282928109e-01,8.094892048108722760e-01,-1.037758814209516212e-02,1.903635589653766544e+02,-7.852937316980123095e-01,5.662880890946213608e-01,-2.502629719023021782e-01,1.164419679705592756e+02,-1.967084695604022215e-01,1.550645912006470006e-01,9.681222807884242165e-01,1.528932530247661736e+00,0.000000000000000000e+00,0.000000000000000000e+00,0.000000000000000000e+00,1.000000000000000056e-01
5.334649080690000433e-01,8.457329069623132911e-01,-1.228991212370800223e-02,1.905308206757417793e+02,-8.181430803715495914e-01,5.122663464683133716e-01,-2.611993306196593312e-01,1.160908121595427076e+02,-2.146091607995463391e-01,1.493955834590870446e-01,9.652066450992934366e-01,1.466215690523287263e+00,0.000000000000000000e+00,0.000000000000000000e+00,0.000000000000000000e+00,1.000000000000000056e-01
4.827295544246490433e-01,8.756548924296746472e-01,-1.416639152906901122e-02,1.906784138828830919e+02,-8.457278290651023545e-01,4.619089797862746538e-01,-2.671788418599652104e-01,1.157730490518238611e+02,-2.274128765699276467e-01,1.409560348363205762e-01,9.635428271817567669e-01,1.388984452388754232e+00,0.000000000000000000e+00,0.000000000000000000e+00,0.000000000000000000e+00,1.000000000000000056e-01
4.258817457567147802e-01,9.046123386718024628e-01,-1.735670919112421162e-02,1.908178663424896229e+02,-8.742497296983463562e-01,4.064947077345532067e-01,-2.654231766560121164e-01,1.154264867502054557e+02,-2.330496701426144068e-01,1.282129841573485252e-01,9.639757683364691410e-01,1.304809497629167536e+00,0.000000000000000000e+00,0.000000000000000000e+00,0.000000000000000000e+00,1.000000000000000056e-01
3.749457986791935316e-01,9.268573312022009292e-01,-1.873861386430984710e-02,1.909791192135566575e+02,-8.962514235713660016e-01,3.572499112258249454e-01,-2.628799853078212512e-01,1.150845038685715309e+02,-2.369578734693612021e-01,1.153602553996575519e-01,9.646465558301672294e-01,1.224630482382843333e+00,0.000000000000000000e+00,0.000000000000000000e+00,0.000000000000000000e+00,1.000000000000000056e-01
3.209339757873760357e-01,9.468787684858731568e-01,-2.054217554165851944e-02,1.910327152369854673e+02,-9.159679659821672315e-01,3.047955845026095734e-01,-2.609642446048965336e-01,1.147654280597751040e+02,-2.408403381491555362e-01,1.025682673071403178e-01,9.651298783385640068e-01,1.130549169496898765e+00,0.000000000000000000e+00,0.000000000000000000e+00,0.000000000000000000e+00,1.000000000000000056e-01
2.745666892420167704e-01,9.613781507444961738e-01,-1.910979931266812426e-02,1.911170300652605647e+02,-9.296401519625557830e-01,2.603188688605097001e-01,-2.607743744584974932e-01,1.144770382819246350e+02,-2.457281445372379858e-01,8.936519337123029205e-02,9.652106201218513259e-01,1.051370688006075138e+00,0.000000000000000000e+00,0.000000000000000000e+00,0.000000000000000000e+00,1.000000000000000056e-01
2.309944363354753394e-01,9.728202482863860245e-01,-1.619675603541519127e-02,1.911938599030852970e+02,-9.406198594739675345e-01,2.190306025052471961e-01,-2.593450888861447146e-01,1.141315958337199561e+02,-2.487485685290065640e-01,7.514226300959518656e-02,9.656488958024893599e-01,9.510718327192307919e-01,0.000000000000000000e+00,0.000000000000000000e+00,0.000000000000000000e+00,1.000000000000000056e-01
1.878173715572444280e-01,9.821187260772484828e-01,-1.293997023685347636e-02,1.912605089095680455e+02,-9.494238671145774910e-01,1.781582149014689920e-01,-2.585613486511915693e-01,1.137765526486577983e+02,-2.516325803518475457e-01,6.084782947258404739e-02,9.659081665220282664e-01,8.558830776183327105e-01,0.000000000000000000e+00,0.000000000000000000e+00,0.000000000000000000e+00,1.000000000000000056e-01
1.483895850136642824e-01,9.889013394850232341e-01,-7.394039775347596710e-03,1.913311823774132563e+02,-9.551621433883026313e-01,1.413817241989876461e-01,-2.601470505317812210e-01,1.133718912652987854e+02,-2.562143846417219706e-01,4.566561975105917770e-02,9.655406984044823115e-01,7.618380616312231401e-01,0.000000000000000000e+00,0.000000000000000000e+00,0.000000000000000000e+00,1.000000000000000056e-01
1.076186393025392318e-01,9.941299912909548064e-01,-1.112604559204413701e-02,1.913405307670327034e+02,-9.589410796772500634e-01,1.008426870015604049e-01,-2.650712322862206483e-01,1.129687734593450443e+02,-2.623932815109796257e-01,3.919582750946352945e-02,9.641646399468030149e-01,6.617041938377997701e-01,0.000000000000000000e+00,0.000000000000000000e+00,0.000000000000000000e+00,1.000000000000000056e-01
6.801022722272076493e-02,9.975903979363279772e-01,-1.371156221417438315e-02,1.913430215803843453e+02,-9.619411984704299146e-01,6.192173954639612621e-02,-2.661481332957679746e-01,1.125089873985757265e+02,-2.646577784203356654e-01,3.129051160955297062e-02,9.638346145500403805e-01,5.407585503181595588e-01,0.000000000000000000e+00,0.000000000000000000e+00,0.000000000000000000e+00,1.000000000000000056e-01
2.889575969631597019e-02,9.994899888602619686e-01,-1.359401484794958703e-02,1.913443495465760691e+02,-9.635837834789349188e-01,2.423567721851960233e-02,-2.663060723419214959e-01,1.120393795934527645e+02,-2.658407931224885390e-01,2.079408853191799800e-02,9.637926533202735291e-01,4.220995943403502149e-01,0.000000000000000000e+00,0.000000000000000000e+00,0.000000000000000000e+00,1.000000000000000056e-01
1.213243913741779423e-03,9.999345982626116625e-01,-1.137221335515906095e-02,1.913073326294615413e+02,-9.641355415751314828e-01,-1.848619314191557450e-03,-2.654039187319192639e-01,1.116066537550439364e+02,-2.654075837477779531e-01,1.128635477116896046e-02,9.640702426095028033e-01,3.086764849105738673e-01,0.000000000000000000e+00,0.000000000000000000e+00,0.000000000000000000e+00,1.000000000000000056e-01
-1.921494098192999544e-02,9.997332832715222217e-01,-1.281203973626587889e-02,1.912955633471604813e+02,-9.645672227518895525e-01,-2.190856414797748286e-02,-2.629260116642723188e-01,1.111729385960687608e+02,-2.631365782930378816e-01,7.305965789453638948e-03,9.647309283049421147e-01,1.835242115607465807e-01,0.000000000000000000e+00,0.000000000000000000e+00,0.000000000000000000e+00,1.000000000000000056e-01
-4.175637805560494797e-02,9.990997944219132121e-01,-7.483694125798440178e-03,1.912818923334663737e+02,-9.653007879057841079e-01,-4.227403896383119530e-02,-2.576961282172423040e-01,1.107464791187802433e+02,-2.577805147022371735e-01,-3.536441117225674891e-03,9.661970295048903923e-01,6.669453197007954581e-02,0.000000000000000000e+00,0.000000000000000000e+00,0.000000000000000000e+00,1.000000000000000056e-01
-5.231442481197423611e-02,9.986160019274529231e-01,-5.411252260054510987e-03,1.912649552234501868e+02,-9.653935651328015011e-01,-5.195886866170829066e-02,-2.555690520535986443e-01,1.103010603959805422e+02,-2.554965075236292904e-01,-8.145959846758532574e-03,9.667756606273262276e-01,-4.750301740484567936e-02,0.000000000000000000e+00,0.000000000000000000e+00,0.000000000000000000e+00,1.000000000000000056e-01
-6.594549880351152638e-02,9.978215422895208020e-01,-1.833284080185737519e-03,1.912118509826255206e+02,-9.659775104909830157e-01,-6.430119320665683702e-02,-2.505051013010381467e-01,1.098431509832864634e+02,-2.500772688854371872e-01,-1.474877266632050599e-02,9.681135435947778589e-01,-1.685544480726370864e-01,0.000000000000000000e+00,0.000000000000000000e+00,0.000000000000000000e+00,1.000000000000000056e-01
-8.105580253604727226e-02,9.967091986474834187e-01,-8.545213450393135401e-04,1.911689097426991566e+02,-9.655606579693085667e-01,-7.873529923459932078e-02,-2.479785644694200708e-01,1.093132767284298978e+02,-2.472297972678729749e-01,-1.927500936264076037e-02,9.687651425175023423e-01,-3.011626466827957427e-01,0.000000000000000000e+00,0.000000000000000000e+00,0.000000000000000000e+00,1.000000000000000056e-01
-1.026064114863740606e-01,9.947184577467272915e-01,-2.667234496859377524e-03,1.910960147554486070e+02,-9.632340050143889387e-01,-1.000273548620824737e-01,-2.493487113727183568e-01,1.088049744647742898e+02,-2.482985620293220175e-01,-2.301560551598384741e-02,9.684100918499887189e-01,-4.340901060394463662e-01,0.000000000000000000e+00,0.000000000000000000e+00,0.000000000000000000e+00,1.000000000000000056e-01
-1.130466247940096203e-01,9.935863649334552017e-01,-2.568275881802639660e-03,1.910172523526083239e+02,-9.620445383968346809e-01,-1.101033360687471152e-01,-2.496949369277511321e-01,1.082716455154722013e+02,-2.483762604668640073e-01,-2.575637406265085527e-02,9.683211463309273626e-01,-5.697071610361653660e-01,0.000000000000000000e+00,0.000000000000000000e+00,0.000000000000000000e+00,1.000000000000000056e-01
-1.180704076222183208e-01,9.929851443471778838e-01,-6.315215731658538334e-03,1.909247016487355211e+02,-9.616663683851681688e-01,-1.159269645418377070e-01,-2.485130475628942182e-01,1.076937090896023079e+02,-2.475018681965956424e-01,-2.326890624695769627e-02,9.686079615826339584e-01,-7.127711054063307072e-01,0.000000000000000000e+00,0.000000000000000000e+00,0.000000000000000000e+00,1.000000000000000056e-01
-1.178454595079365674e-01,9.930259440389193060e-01,-3.452845055393685691e-03,1.908316462048225333e+02,-9.612702014776346449e-01,-1.149478940525363591e-01,-2.504926773461348954e-01,1.070881788124827807e+02,-2.491426246640892073e-01,-2.620030760315919527e-02,9.681123366929008656e-01,-8.440518126063190074e-01,0.000000000000000000e+00,0.000000000000000000e+00,0.000000000000000000e+00,1.000000000000000056e-01
-1.194448173282809389e-01,9.928321720511169568e-01,-4.148946092042901657e-03,1.907527621646914895e+02,-9.609062724346396633e-01,-1.166532243801481350e-01,-2.510999021056769531e-01,1.064305031664271581e+02,-2.497840491488182990e-01,-2.600583361432468044e-02,9.679522846756676291e-01,-9.973335986680933463e-01,0.000000000000000000e+00,0.000000000000000000e+00,0.000000000000000000e+00,1.000000000000000056e-01
-1.206946867624829611e-01,9.926806225174189535e-01,-4.239606790238700795e-03,1.906832030783235155e+02,-9.600234953791624282e-01,-1.178085468188956320e-01,-2.539213157976217272e-01,1.057905536384367906e+02,-2.525622317514667481e-01,-2.657683154271324455e-02,9.672155866805851598e-01,-1.155513661261785119e+00,0.000000000000000000e+00,0.000000000000000000e+00,0.000000000000000000e+00,1.000000000000000056e-01
-1.202321851056882274e-01,9.927433598824179084e-01,-2.200698543526835582e-03,1.906033361704053277e+02,-9.598763204647881020e-01,-1.168167572758127548e-01,-2.549339024738435100e-01,1.051681793596511056e+02,-2.533410173574164315e-01,-2.853886173153794004e-02,9.669559774340181768e-01,-1.302182678458275511e+00,0.000000000000000000e+00,0.000000000000000000e+00,0.000000000000000000e+00,1.000000000000000056e-01
-1.472488746634148526e-01,9.890842337613334756e-01,-5.490668002567880568e-03,1.904303690930267123e+02,-9.566465745248498020e-01,-1.438256751049313831e-01,-2.532617354249995234e-01,1.045856776249813009e+02,-2.512868885561475585e-01,-3.203987680012485018e-02,9.673822129512218426e-01,-1.454955418206766549e+00,0.000000000000000000e+00,0.000000000000000000e+00,0.000000000000000000e+00,1.000000000000000056e-01
-1.462949643924891241e-01,9.892380323202448755e-01,-2.428745472644724956e-03,1.903146877157463734e+02,-9.571565945543193399e-01,-1.421699118391477334e-01,-2.522676548208822589e-01,1.039902805983439862e+02,-2.498980530027778979e-01,-3.458079783376181993e-02,9.676544484094522502e-01,-1.600132233845664498e+00,0.000000000000000000e+00,0.000000000000000000e+00,0.000000000000000000e+00,1.000000000000000056e-01
-1.581115692022525554e-01,9.874138159943065540e-01,-3.832449342567212369e-03,1.902276693058446995e+02,-9.556532631977509018e-01,-1.540001306397058567e-01,-2.510195217556677738e-01,1.033569443375060217e+02,-2.484503415652551395e-01,-3.602659776492311838e-02,9.679744376942980288e-01,-1.761945935346254544e+00,0.000000000000000000e+00,0.000000000000000000e+00,0.000000000000000000e+00,1.000000000000000056e-01
-1.523199577920228975e-01,9.883242629399997536e-01,-3.712376912735737555e-03,1.900664186079091280e+02,-9.564627959150644454e-01,-1.483535665193582709e-01,-2.513367051015902298e-01,1.026398335833252702e+02,-2.489529081745657790e-01,-3.473284591121458820e-02,9.678925967928125873e-01,-1.934696566335764256e+00,0.000000000000000000e+00,0.000000000000000000e+00,0.000000000000000000e+00,1.000000000000000056e-01
-1.561796721195929383e-01,9.877092038503121341e-01,-6.199890805407962113e-03,1.899624827472905793e+02,-9.567470746342421339e-01,-1.528376572952538925e-01,-2.475392609088877260e-01,1.019225367474775084e+02,-2.454443831001971721e-01,-3.272887321435062613e-02,9.688580265770019295e-01,-2.105683576437089144e+00,0.000000000000000000e+00,0.000000000000000000e+00,0.000000000000000000e+00,1.000000000000000056e-01
-1.571124866418156518e-01,9.875618275670875468e-01,-6.107640590228821664e-03,1.898436735725878179e+02,-9.569155135753414365e-01,-1.537602686372252503e-01,-2.463137829425082470e-01,1.011841714940717338e+02,-2.441892020955595544e-01,-3.285447490011753069e-02,9.691708915660702806e-01,-2.282631332452448536e+00,0.000000000000000000e+00,0.000000000000000000e+00,0.000000000000000000e+00,1.000000000000000056e-01
-1.497727884012503008e-01,9.886858683204265974e-01,-8.268351588988101519e-03,1.897100932170164356e+02,-9.575405588608144614e-01,-1.471281206716685830e-01,-2.479302205140443138e-01,1.004241340761454921e+02,-2.463416123821430825e-01,-2.921591845394785891e-02,9.687426077745616704e-01,-2.467516175190289207e+00,0.000000000000000000e+00,0.000000000000000000e+00,0.000000000000000000e+00,1.000000000000000056e-01
-1.526135957810765831e-01,9.882807447712489424e-01,-3.203107421839379576e-03,1.896102391996506640e+02,-9.574757277819099244e-01,-1.486579978672564195e-01,-2.472671235295967329e-01,9.968812635969294433e+01,-2.448455045355586446e-01,-3.466942723040605800e-02,9.689420569488370605e-01,-2.646275192738920534e+00,0.000000000000000000e+00,0.000000000000000000e+00,0.000000000000000000e+00,1.000000000000000056e-01
-1.552306238358243107e-01,9.878687165405165560e-01,-4.341924012827361179e-03,1.894777846545983380e+02,-9.564880146385507098e-01,-1.513958163925379630e-01,-2.494192948262828335e-01,9.890804783524465904e+01,-2.470508677911171236e-01,-3.456451445383466881e-02,9.683858544321197748e-01,-2.822186474539413847e+00,0.000000000000000000e+00,0.000000000000000000e+00,0.000000000000000000e+00,1.000000000000000056e-01
-1.603841200688587154e-01,9.870476787046198464e-01,-3.716718116780384773e-03,1.893893177285303011e+02,-9.555423945695418197e-01,-1.562065271064980720e-01,-2.500764944364690101e-01,9.815342376994927065e+01,-2.474179989613615738e-01,-3.655681678084955755e-02,9.682189488627079843e-01,-3.005605126826079943e+00,0.000000000000000000e+00,0.000000000000000000e+00,0.000000000000000000e+00,1.000000000000000056e-01
-1.648525497298833908e-01,9.863080098687551089e-01,-4.488487082749542667e-03,1.892718140665191981e+02,-9.550981511881795338e-01,-1.607687008188001254e-01,-2.488793812953502549e-01,9.740739784607390561e+01,-2.461933354997195844e-01,-3.674145486736829502e-02,9.685240869744807801e-01,-3.192038318165593580e+00,0.000000000000000000e+00,0.000000000000000000e+00,0.000000000000000000e+00,1.000000000000000056e-01
-1.672300017989127863e-01,9.859092302859566725e-01,4.137165127026151690e-03,1.892831853939031816e+02,-9.547510234909755145e-01,-1.608953407102118316e-01,-2.501263130513855515e-01,9.665541516534521804e+01,-2.459361901820684149e-01,-4.577858642091794938e-02,9.682043748011222029e-01,-3.355619714136087506e+00,0.000000000000000000e+00,0.000000000000000000e+00,0.000000000000000000e+00,1.000000000000000056e-01
-1.681562777666918418e-01,9.857374964859182409e-01,6.712247710388696831e-03,1.891502125789912157e+02,-9.544524635825959447e-01,-1.611093767739639748e-01,-2.511259912406885730e-01,9.587391788987449104e+01,-2.464628998627677592e-01,-4.863493330086213207e-02,9.679311350783463830e-01,-3.542639911754247972e+00,0.000000000000000000e+00,0.000000000000000000e+00,0.000000000000000000e+00,1.000000000000000056e-01
-1.723815989839867502e-01,9.850269007796531584e-01,2.566918805690529548e-03,1.889982298464932740e+02,-9.543916103592494649e-01,-1.663743427872375058e-01,-2.479036751199809041e-01,9.508158553893011344e+01,-2.437647193660358869e-01,-4.518387768381350311e-02,9.687812853218480402e-01,-3.733561212724850087e+00,0.000000000000000000e+00,0.000000000000000000e+00,0.000000000000000000e+00,1.000000000000000056e-01
-1.722140299005003872e-01,9.850418124142399368e-01,5.912334657271284266e-03,1.888514548516251921e+02,-9.547102522081660769e-01,-1.654268047708673528e-01,-2.473101425172893331e-01,9.428996573783327051e+01,-2.426327723825661420e-01,-4.823484278995197883e-02,9.689183338687417102e-01,-3.924534636037302349e+00,0.000000000000000000e+00,0.000000000000000000e+00,0.000000000000000000e+00,1.000000000000000056e-01
-1.753486513804622948e-01,9.844826580879046940e-01,6.837132675824225680e-03,1.886964728730948480e+02,-9.545133618164365341e-01,-1.683014131095423860e-01,-2.461277645029422700e-01,9.346160430450326828e+01,-2.411578167361318192e-01,-4.968430606846495345e-02,9.692132774356515545e-01,-4.117972588364636977e+00,0.000000000000000000e+00,0.000000000000000000e+00,0.000000000000000000e+00,1.000000000000000056e-01
-1.812895497367532638e-01,9.833873029966200274e-01,9.138460553015412269e-03,1.885341397455767094e+02,-9.537748884216765699e-01,-1.735504952214559360e-01,-2.453440193373493117e-01,9.261684223868790866e+01,-2.396822091279690037e-01,-5.319434099057154808e-02,9.693930063261830821e-01,-4.312697265462460905e+00,0.000000000000000000e+00,0.000000000000000000e+00,0.000000000000000000e+00,1.000000000000000056e-01
-1.814947535473596663e-01,9.833179271086127660e-01,1.206269711152352375e-02,1.883994225086819654e+02,-9.545839813955514508e-01,-1.732174286924679230e-01,-2.424152323188202285e-01,9.182203097514175738e+01,-2.362817743665409087e-01,-5.551195028091691908e-02,9.700975963676067293e-01,-4.503048517500753078e+00,0.000000000000000000e+00,0.000000000000000000e+00,0.000000000000000000e+00,1.000000000000000056e-01
-1.808538436788129644e-01,9.833602961648244545e-01,1.715853004275860738e-02,1.882454799058391472e+02,-9.546575413223492568e-01,-1.713267791193635592e-01,-2.434668633571143714e-01,9.101199344192212948e+01,-2.364759311705241507e-01,-6.041243814988407623e-02,9.697574290995764068e-01,-4.698023927385518661e+00,0.000000000000000000e+00,0.000000000000000000e+00,0.000000000000000000e+00,1.000000000000000056e-01
-1.843769803296047005e-01,9.826051200299821264e-01,2.218799710206979803e-02,1.880849336429090783e+02,-9.552616656286028185e-01,-1.738431543145817493e-01,-2.392774704781547579e-01,9.017831378971752088e+01,-2.312580361955111075e-01,-6.531260053635404295e-02,9.706976794585295831e-01,-4.880447979532991809e+00,0.000000000000000000e+00,0.000000000000000000e+00,0.000000000000000000e+00,1.000000000000000056e-01
-1.889982165073922360e-01,9.816991201471544359e-01,2.337758882621852885e-02,1.879360714436007527e+02,-9.545548974703651490e-01,-1.780814184202934580e-01,-2.389810790183130029e-01,8.935216179426255678e+01,-2.304444008266760546e-01,-6.748218961858866438e-02,9.707427734533567998e-01,-5.054212881326852091e+00,0.000000000000000000e+00,0.000000000000000000e+00,0.000000000000000000e+00,1.000000000000000056e-01
-1.896939718833035027e-01,9.816166207191741044e-01,2.109518805334489877e-02,1.877973596487316001e+02,-9.544404118573570628e-01,-1.793165320047438449e-01,-2.385143215057550226e-01,8.854025037662925968e+01,-2.303469063058921351e-01,-6.537882897132075988e-02,9.709098369455545496e-01,-5.231225613291667464e+00,0.000000000000000000e+00,0.000000000000000000e+00,0.000000000000000000e+00,1.000000000000000056e-01
-1.843126026403854034e-01,9.826636254129116343e-01,2.002657729819104504e-02,1.876392640800424942e+02,-9.551033757258727830e-01,-1.742601438346560450e-01,-2.396058095033744562e-01,8.770627254329745881e+01,-2.319620791960827766e-01,-6.328982193906072806e-02,9.706636864815496590e-01,-5.415747657257229619e+00,0.000000000000000000e+00,0.000000000000000000e+00,0.000000000000000000e+00,1.000000000000000056e-01
-1.847668309920222907e-01,9.825849756480455888e-01,1.969730427989950516e-02,1.874862397366787832e+02,-9.544834034750653284e-01,-1.746354835601209299e-01,-2.417930527793931694e-01,8.682893739666870658e+01,-2.341423726193555543e-01,-6.347608614629769719e-02,9.701278966361737144e-01,-5.601685923119704036e+00,0.000000000000000000e+00,0.000000000000000000e+00,0.000000000000000000e+00,1.000000000000000056e-01
-1.818703479820367175e-01,9.831435837227547880e-01,1.875820646201965813e-02,1.873342321394802354e+02,-9.556745878695945828e-01,-1.722327744299763097e-01,-2.387926998725751204e-01,8.594730912362828690e+01,-2.315367327772717698e-01,-6.135605265115862128e-02,9.708893738103711035e-01,-5.794461041383880406e+00,0.000000000000000000e+00,0.000000000000000000e+00,0.000000000000000000e+00,1.000000000000000056e-01
-1.819357777544976518e-01,9.832163647317027078e-01,1.359973884459014792e-02,1.871667698708827743e+02,-9.554371945587476489e-01,-1.734919948445501348e-01,-2.388311013636376101e-01,8.507502966106206088e+01,-2.324632014461117391e-01,-5.644561850696355743e-02,9.709658861797312301e-01,-5.980945997782914247e+00,0.000000000000000000e+00,0.000000000000000000e+00,0.000000000000000000e+00,1.000000000000000056e-01
-1.770260948038286930e-01,9.840856148040291185e-01,1.540339229786603925e-02,1.870381907639575729e+02,-9.562686416684780255e-01,-1.682775195731274209e-01,-2.392341141389324743e-01,8.423191700730647824e+01,-2.328348056456119308e-01,-5.708046199963569267e-02,9.708397262874435274e-01,-6.160573633834613538e+00,0.000000000000000000e+00,0.000000000000000000e+00,0.000000000000000000e+00,1.000000000000000056e-01
-1.616426582542207502e-01,9.868042341463196809e-01,9.436869364636168989e-03,1.868781366921288338e+02,-9.589819313127831979e-01,-1.548144264313375817e-01,-2.374576778803768051e-01,8.339217876864297807e+01,-2.328632784449150561e-01,-4.743307748430371229e-02,9.713520457137330144e-01,-6.324837076776541167e+00,0.000000000000000000e+00,0.000000000000000000e+00,0.000000000000000000e+00,1.000000000000000056e-01
-1.555910166232510328e-01,9.877798817163623291e-01,9.074184401507978670e-03,1.867602100451889555e+02,-9.601687797570128691e-01,-1.490707593685252075e-01,-2.363341343970863928e-01,8.259022632164855793e+01,-2.320934077609100588e-01,-4.548421679770474346e-02,9.716294746950749905e-01,-6.500777689100418755e+00,0.000000000000000000e+00,0.000000000000000000e+00,0.000000000000000000e+00,1.000000000000000056e-01
-1.532082229844529131e-01,9.881858973031999449e-01,3.984065889983581799e-03,1.866196630786369894e+02,-9.607021319778411561e-01,-1.480003612581697325e-01,-2.348346368845150023e-01,8.176026148696850271e+01,-2.314706331766016589e-01,-3.980609800672320342e-02,9.720271706790414301e-01,-6.679517118174322476e+00,0.000000000000000000e+00,0.000000000000000000e+00,0.000000000000000000e+00,1.000000000000000056e-01
-1.532894327839988691e-01,9.881773449300056411e-01,2.807982166050784767e-03,1.864859721816530964e+02,-9.609221849471504262e-01,-1.483974974611130815e-01,-2.336808447940768585e-01,8.090625111502642142e+01,-2.305014192432541797e-01,-3.851905650926384928e-02,9.723093016177937198e-01,-6.856334107924125121e+00,0.000000000000000000e+00,0.000000000000000000e+00,0.000000000000000000e+00,1.000000000000000056e-01
-1.498284184129352603e-01,9.887099621821028306e-01,2.013881263489669671e-03,1.863546910112882813e+02,-9.614964167155329866e-01,-1.452292747684253982e-01,-2.333090191000501412e-01,8.006467276137787792e+01,-2.303824769357877278e-01,-3.689266095176964300e-02,9.724005583548525067e-01,-7.022230362555506922e+00,0.000000000000000000e+00,0.000000000000000000e+00,0.000000000000000000e+00,1.000000000000000056e-01
-1.471678399668705506e-01,9.891105304168078538e-01,1.409077026627097995e-03,1.862254831255809506e+02,-9.609051720970182009e-01,-1.426331468681907300e-01,-2.373121059947791989e-01,7.923745842288123242e+01,-2.345269219443382736e-01,-3.627869944000970681e-02,9.714324365854043464e-01,-7.194166825067305204e+00,0.000000000000000000e+00,0.000000000000000000e+00,0.000000000000000000e+00,1.000000000000000056e-01
-1.440353842489587866e-01,9.895725319060527658e-01,1.103689230178006575e-04,1.860968838875673441e+02,-9.596674312010412544e-01,-1.396553895788537059e-01,-2.439975279661117380e-01,7.834710438814533973e+01,-2.414378379133016450e-01,-3.525019515723183672e-02,9.697758473818202107e-01,-7.403485674539109773e+00,0.000000000000000000e+00,0.000000000000000000e+00,0.000000000000000000e+00,1.000000000000000056e-01
-1.435533235387724815e-01,9.896359666792644560e-01,-3.618944013172600838e-03,1.859616953945237867e+02,-9.584402017166904209e-01,-1.399373188704997606e-01,-2.486160222524000096e-01,7.748474582748684725e+01,-2.465457828360532178e-01,-3.222111484933490311e-02,9.685953627411312272e-01,-7.595122473461806578e+00,0.000000000000000000e+00,0.000000000000000000e+00,0.000000000000000000e+00,1.000000000000000056e-01
-1.438641712444808096e-01,9.895914836727801589e-01,-3.434483140800165257e-03,1.858337001819654688e+02,-9.594109556683365625e-01,-1.403255893005468380e-01,-2.446208231754269935e-01,7.670703779928643939e+01,-2.425566292141031755e-01,-3.189709124293360620e-02,9.696127356808655895e-01,-7.769435521818790491e+00,0.000000000000000000e+00,0.000000000000000000e+00,0.000000000000000000e+00,1.000000000000000056e-01
-1.377733179421105625e-01,9.904634150228915912e-01,-8.581167830431501997e-04,1.857178942688437076e+02,-9.610155476733456270e-01,-1.338867150131359818e-01,-2.419162348274514762e-01,7.587786758363183992e+01,-2.397240705338566646e-01,-3.250493876601687204e-02,9.702967581943660047e-01,-7.957028738555467662e+00,0.000000000000000000e+00,0.000000000000000000e+00,0.000000000000000000e+00,1.000000000000000056e-01
-1.363611915179996359e-01,9.906583282744608754e-01,-1.304633374754976538e-03,1.855979522172076770e+02,-9.621916901831416569e-01,-1.327560493843822353e-01,-2.378297346724359551e-01,7.502437456056695453e+01,-2.357812053372814187e-01,-3.117543860641820708e-02,9.713059843516852476e-01,-8.133010493351969572e+00,0.000000000000000000e+00,0.000000000000000000e+00,0.000000000000000000e+00,1.000000000000000056e-01
-1.354231429724879199e-01,9.907780697238832701e-01,-4.403283055799275814e-03,1.854896028672894772e+02,-9.624304073478664456e-01,-1.326015436960910066e-01,-2.369483944272128273e-01,7.417429422851731147e+01,-2.353471549852970135e-01,-2.785044279055703953e-02,9.715122590460176788e-01,-8.320649082568468913e+00,0.000000000000000000e+00,0.000000000000000000e+00,0.000000000000000000e+00,1.000000000000000056e-01
-1.387637421687326622e-01,9.902774349105728513e-01,-9.758369037166952920e-03,1.853625069144316058e+02,-9.602032721967147522e-01,-1.369483011732552935e-01,-2.434231683067189511e-01,7.331053504987595204e+01,-2.423928627704440009e-01,-2.440829188401873184e-02,9.698710921381528127e-01,-8.507012222465599294e+00,0.000000000000000000e+00,0.000000000000000000e+00,0.000000000000000000e+00,1.000000000000000056e-01
-1.367464674018108450e-01,9.905449166067599176e-01,-1.100780803033507560e-02,1.852334526757591959e+02,-9.585321428530535481e-01,-1.351154717976570385e-01,-2.509181946340879321e-01,7.244087675328809439e+01,-2.500330673544181037e-01,-2.376083890361936624e-02,9.679457049669352164e-01,-8.713749581003909839e+00,0.000000000000000000e+00,0.000000000000000000e+00,0.000000000000000000e+00,1.000000000000000056e-01
-1.403278811406178939e-01,9.900481694458492798e-01,-1.061640011997576349e-02,1.850980676580287536e+02,-9.581740858613497780e-01,-1.384956206642593557e-01,-2.504423770862039267e-01,7.161857681228998729e+01,-2.494203419096994723e-01,-2.497168864423054968e-02,9.680732967125497135e-01,-8.903423939695018774e+00,0.000000000000000000e+00,0.000000000000000000e+00,0.000000000000000000e+00,1.000000000000000056e-01
-1.404011685395178954e-01,9.900317152590857317e-01,-1.116757153058191288e-02,1.849426285504566181e+02,-9.589848426307082674e-01,-1.387861936108416572e-01,-2.471567601089837418e-01,7.077605098289055263e+01,-2.462429358931818024e-01,-2.399156610492032826e-02,9.689111524172583367e-01,-9.101418780292071631e+00,0.000000000000000000e+00,0.000000000000000000e+00,0.000000000000000000e+00,1.000000000000000056e-01
-1.400255191015011835e-01,9.900713506690195231e-01,-1.231156305180734767e-02,1.848178101676818699e+02,-9.598214797723798597e-01,-1.387800790309796639e-01,-2.438909933386519957e-01,6.994941473112561425e+01,-2.431780848841327280e-01,-2.233406027972877073e-02,9.697245014866371360e-01,-9.304819338044127974e+00,0.000000000000000000e+00,0.000000000000000000e+00,0.000000000000000000e+00,1.000000000000000056e-01
-1.412701362346411305e-01,9.898844758004473610e-01,-1.309477672661624181e-02,1.846968777666541541e+02,-9.590195747446085273e-01,-1.401230434998645968e-01,-2.462660917321051468e-01,6.914353718894290068e+01,-2.456098610905443902e-01,-2.223189712123199713e-02,9.691137904732727293e-01,-9.483470388698568954e+00,0.000000000000000000e+00,0.000000000000000000e+00,0.000000000000000000e+00,1.000000000000000056e-01
-1.377507399569510849e-01,9.904123667527915398e-01,-1.039602926346296086e-02,1.846032362672987972e+02,-9.594227393097274348e-01,-1.360331208447613793e-01,-2.469878485445264893e-01,6.834014023627352685e+01,-2.460340239412667773e-01,-2.404857202348816003e-02,9.689628090112124559e-01,-9.672781806993492992e+00,0.000000000000000000e+00,0.000000000000000000e+00,0.000000000000000000e+00,1.000000000000000056e-01
-1.369446145005299709e-01,9.905438256381390305e-01,-8.312764249110593529e-03,1.844885527174102720e+02,-9.585064687080236956e-01,-1.346241605576938838e-01,-2.512800924048912421e-01,6.753548177313500389e+01,-2.500230429463966009e-01,-2.644361708042805570e-02,9.678787181829797692e-01,-9.865224347430789464e+00,0.000000000000000000e+00,0.000000000000000000e+00,0.000000000000000000e+00,1.000000000000000056e-01
-1.358022326630805576e-01,9.907177198926138129e-01,-6.012744340370884677e-03,1.843861850809794021e+02,-9.583205482872898529e-01,-1.328962962362765232e-01,-2.529037389542272973e-01,6.677282578078191477e+01,-2.513552870620998636e-01,-2.858275594584948343e-02,9.674727622669639926e-01,-1.004231104864521562e+01,0.000000000000000000e+00,0.000000000000000000e+00,0.000000000000000000e+00,1.000000000000000056e-01
-1.349643332867305201e-01,9.908485619260900545e-01,-1.938058169348014226e-03,1.842798847132580988e+02,-9.592650982710686502e-01,-1.311517410046461052e-01,-2.502192879664699166e-01,6.599655667518081259e+01,-2.481836013508251781e-01,-3.191156781560033906e-02,9.681872504118638201e-01,-1.021987382286297219e+01,0.000000000000000000e+00,0.000000000000000000e+00,0.000000000000000000e+00,1.000000000000000056e-01
-1.301538525343273189e-01,9.914702080370693116e-01,-6.841143574232683156e-03,1.841964024841531113e+02,-9.591212152694849058e-01,-1.276500218728542357e-01,-2.525707155151731831e-01,6.522326964454205722e+01,-2.512896119827863206e-01,-2.631156572290029028e-02,9.675542529588457841e-01,-1.040421801057936513e+01,0.000000000000000000e+00,0.000000000000000000e+00,0.000000000000000000e+00,1.000000000000000056e-01
-1.257773974331182210e-01,9.920462954587293547e-01,-4.918735768798324082e-03,1.841135536584443457e+02,-9.600467454615350116e-01,-1.229666693482087680e-01,-2.513751076740163848e-01,6.448419412542300222e+01,-2.499805848934401609e-01,-2.689509055608751975e-02,9.678772449439615455e-01,-1.057570905047874454e+01,0.000000000000000000e+00,0.000000000000000000e+00,0.000000000000000000e+00,1.000000000000000056e-01
-1.237399969728194549e-01,9.922980094404981743e-01,-5.750965970351601397e-03,1.840335041125395321e+02,-9.597678045010685777e-01,-1.211515745502833585e-01,-2.533141477043600598e-01,6.373754610209215343e+01,-2.520598631126459432e-01,-2.582549988698512600e-02,9.673669773995913213e-01,-1.075455169930966370e+01,0.000000000000000000e+00,0.000000000000000000e+00,0.000000000000000000e+00,1.000000000000000056e-01
-1.224278138326817533e-01,9.924606978391780077e-01,-5.761392602671042140e-03,1.839239046476106978e+02,-9.594710037422248261e-01,-1.198389222453906111e-01,-2.550569067736671025e-01,6.295800771646944582e+01,-2.538243947654324484e-01,-2.569817035578836339e-02,9.669088791930326998e-01,-1.092848025997892769e+01,0.000000000000000000e+00,0.000000000000000000e+00,0.000000000000000000e+00,1.000000000000000056e-01
-1.223837625937505003e-01,9.924578220797405370e-01,-7.048832962628842624e-03,1.838318680771829179e+02,-9.580688242166680579e-01,-1.199911986403530140e-01,-2.602042280842934430e-01,6.219407885339410313e+01,-2.590875194166794016e-01,-2.509150536715268331e-02,9.655278730523122466e-01,-1.110404923081076589e+01,0.000000000000000000e+00,0.000000000000000000e+00,0.000000000000000000e+00,1.000000000000000056e-01
-1.198050248833646414e-01,9.927908068369132311e-01,-3.629031938068488783e-03,1.837379517549546790e+02,-9.588125923404232642e-01,-1.166513770869208599e-01,-2.589804413332454924e-01,6.145422985727811493e+01,-2.575367328792806942e-01,-2.754759669800860289e-02,9.658757482896181967e-01,-1.128207459609636665e+01,0.000000000000000000e+00,0.000000000000000000e+00,0.000000000000000000e+00,1.000000000000000056e-01
-1.195185333904158487e-01,9.928263018823857422e-01,-3.354767763912441803e-03,1.836458741857959751e+02,-9.588473526596668073e-01,-1.163032665876277960e-01,-2.590083096709365762e-01,6.072362323205083356e+01,-2.575404326969896740e-01,-2.773958311858552850e-02,9.658692670618805876e-01,-1.144689692281942328e+01,0.000000000000000000e+00,0.000000000000000000e+00,0.000000000000000000e+00,1.000000000000000056e-01
-1.145319642798248161e-01,9.934179498129424024e-01,-1.790571879581454029e-03,1.835916450937513105e+02,-9.583602986923330791e-01,-1.109643970417510950e-01,-2.631205816341688486e-01,6.002180982681719001e+01,-2.615873984895825677e-01,-2.841970405566547619e-02,9.647612934673741591e-01,-1.161124723383240642e+01,0.000000000000000000e+00,0.000000000000000000e+00,0.000000000000000000e+00,1.000000000000000056e-01
-1.131588316527163407e-01,9.935767329542316562e-01,-5.954418424635177232e-04,1.835110349065822390e+02,-9.579455965826085828e-01,-1.092598007867895404e-01,-2.653347506830218694e-01,5.930492608007244826e+01,-2.636954925799501193e-01,-2.945456949314656514e-02,9.641561676040820705e-01,-1.178598224795342553e+01,0.000000000000000000e+00,0.000000000000000000e+00,0.000000000000000000e+00,1.000000000000000056e-01
-1.145748248287090654e-01,9.934146185493432091e-01,-7.188834332094717894e-05,1.834389147383475347e+02,-9.573430039290803384e-01,-1.104338515119118735e-01,-2.670182339621962053e-01,5.860956686461533849e+01,-2.652677559439061139e-01,-3.052474557974749203e-02,9.636914742612263662e-01,-1.195814771072510396e+01,0.000000000000000000e+00,0.000000000000000000e+00,0.000000000000000000e+00,1.000000000000000056e-01
-1.095539687313569210e-01,9.939780014667950470e-01,2.379187946522115515e-03,1.833751339667472848e+02,-9.580214330040247583e-01,-1.049523156937381962e-01,-2.667956996194598140e-01,5.791834439682511260e+01,-2.649393550232278516e-01,-3.150784077968379893e-02,9.637501720514908277e-01,-1.212025711872188971e+01,0.000000000000000000e+00,0.000000000000000000e+00,0.000000000000000000e+00,1.000000000000000056e-01
-1.072930526756357139e-01,9.942015581010646974e-01,7.173751944350326148e-03,1.832986143572913136e+02,-9.579167039855717158e-01,-1.014396689185619316e-01,-2.685248252864370633e-01,5.721996785877593794e+01,-2.662400966664530411e-01,-3.568270504191568826e-02,9.632460513741696317e-01,-1.228974615301941498e+01,0.000000000000000000e+00,0.000000000000000000e+00,0.000000000000000000e+00,1.000000000000000056e-01
-1.051099139730542475e-01,9.944478979289199660e-01,5.028348568846985334e-03,1.832031561051499580e+02,-9.577940602896444222e-01,-9.987277529228189010e-02,-2.695477078910054058e-01,5.650601211566155513e+01,-2.675489563770611090e-01,-3.314825878036509188e-02,9.629739087230636541e-01,-1.248121337286452537e+01,0.000000000000000000e+00,0.000000000000000000e+00,0.000000000000000000e+00,1.000000000000000056e-01
-1.066204023112125032e-01,9.942769793094982100e-01,6.736336257586128529e-03,1.831579122283397396e+02,-9.573685837148443456e-01,-1.008285347572444035e-01,-2.707009447610786990e-01,5.584830892669242530e+01,-2.684725027387880880e-01,-3.531140033880364459e-02,9.626399224420749690e-01,-1.263793461871600954e+01,0.000000000000000000e+00,0.000000000000000000e+00,0.000000000000000000e+00,1.000000000000000056e-01
-1.068138696449225655e-01,9.942634390578611869e-01,5.568752491582923403e-03,1.831077193633861668e+02,-9.566368500572491884e-01,-1.012419114454481406e-01,-2.731227059023407788e-01,5.516517892685772750e+01,-2.709921297086357317e-01,-3.450056694761746701e-02,9.619630847991366140e-01,-1.281935489352342472e+01,0.000000000000000000e+00,0.000000000000000000e+00,0.000000000000000000e+00,1.000000000000000056e-01
-1.048853285917876743e-01,9.944492190920424246e-01,8.355746131841174096e-03,1.830353182393748739e+02,-9.564198536978971710e-01,-9.856489268181301000e-02,-2.748563722803523679e-01,5.451323774803528721e+01,-2.725071215559067284e-01,-3.682000241512374539e-02,9.614489877905455506e-01,-1.299385434930342242e+01,0.000000000000000000e+00,0.000000000000000000e+00,0.000000000000000000e+00,1.000000000000000056e-01
-1.055443732341085905e-01,9.943727598178488947e-01,9.121393032530206169e-03,1.829712489259061670e+02,-9.552512418430092467e-01,-9.883455828910037155e-02,-2.787952564969268798e-01,5.388479901401675676e+01,-2.763248997756228009e-01,-3.813849262927333783e-02,9.603072451793535080e-01,-1.316415197777393153e+01,0.000000000000000000e+00,0.000000000000000000e+00,0.000000000000000000e+00,1.000000000000000056e-01
-1.081592000164910417e-01,9.940990832227125651e-01,8.282523018691895222e-03,1.829004135839494722e+02,-9.536484751119527203e-01,-1.013975478341104797e-01,-2.833251192709124733e-01,5.324510551550753945e+01,-2.808134137972048139e-01,-3.854283369177397001e-02,9.589881524829011461e-01,-1.331601944595492348e+01,0.000000000000000000e+00,0.000000000000000000e+00,0.000000000000000000e+00,1.000000000000000056e-01
-1.095854827449320723e-01,9.939608033509118590e-01,5.739631832281127943e-03,1.828305529131877734e+02,-9.530325104076261544e-01,-1.034293131237586927e-01,-2.846601680827250402e-01,5.262851800921168177e+01,-2.823474031715148547e-01,-3.666467767153332169e-02,9.586113108729442667e-01,-1.347455632558252070e+01,0.000000000000000000e+00,0.000000000000000000e+00,0.000000000000000000e+00,1.000000000000000056e-01
-1.113056097265785471e-01,9.937599304314190807e-01,7.229240093966332603e-03,1.827663071184496459e+02,-9.531122690419810972e-01,-1.046873839941599993e-01,-2.839323057246321280e-01,5.205578222483662643e+01,-2.814037381504397306e-01,-3.849353583916295674e-02,9.588170752826410403e-01,-1.362432268326897677e+01,0.000000000000000000e+00,0.000000000000000000e+00,0.000000000000000000e+00,1.000000000000000056e-01
-1.132653783208494858e-01,9.935121637464385813e-01,1.022421447860433208e-02,1.826920721224652198e+02,-9.528092917127801709e-01,-1.056964946677856343e-01,-2.845746029439960578e-01,5.149634775678964616e+01,-2.816476658870530891e-01,-4.197417661863578342e-02,9.585993745030102486e-01,-1.377028908255908668e+01,0.000000000000000000e+00,0.000000000000000000e+00,0.000000000000000000e+00,1.000000000000000056e-01
-1.197275526399368406e-01,9.927546142690522046e-01,1.017786747587839935e-02,1.826122221443954743e+02,-9.514725650227804365e-01,-1.118095604012434574e-01,-2.867029476860179504e-01,5.093680067361795949e+01,-2.834876913515329000e-01,-4.401020393483874582e-02,9.579654643053641117e-01,-1.391101403099966305e+01,0.000000000000000000e+00,0.000000000000000000e+00,0.000000000000000000e+00,1.000000000000000056e-01
-1.235657071339129054e-01,9.922754616897027091e-01,1.099655168603258515e-02,1.825450729868200028e+02,-9.506904818885180131e-01,-1.151960777966272165e-01,-2.879539395577895844e-01,5.041313233499096924e+01,-2.844628686965555153e-01,-4.603554918496056969e-02,9.575811216519284352e-01,-1.404501105692160579e+01,0.000000000000000000e+00,0.000000000000000000e+00,0.000000000000000000e+00,1.000000000000000056e-01
-1.257550111543412896e-01,9.919747567412290357e-01,1.310569180742124362e-02,1.824851119516395670e+02,-9.495453144233055864e-01,-1.165291669065846580e-01,-2.911780368036080979e-01,4.990367701849180548e+01,-2.873140668785945095e-01,-4.906154551414972087e-02,9.565791089739758002e-01,-1.417731043163997739e+01,0.000000000000000000e+00,0.000000000000000000e+00,0.000000000000000000e+00,1.000000000000000056e-01
-1.266636209143983116e-01,9.918145574769403616e-01,1.613104812697854773e-02,1.824337558887888520e+02,-9.480936333571821084e-01,-1.162662927060809093e-01,-2.959740048854987426e-01,4.937457853065770053e+01,-2.916758295170015503e-01,-5.278288318389971756e-02,9.550597770393033370e-01,-1.431422984612561500e+01,0.000000000000000000e+00,0.000000000000000000e+00,0.000000000000000000e+00,1.000000000000000056e-01
-1.336980715316502533e-01,9.908833314852396601e-01,1.658460290241686730e-02,1.823573522773577338e+02,-9.464144439876489567e-01,-1.226979164810759748e-01,-2.987388851534943934e-01,4.881639192996599519e+01,-2.939804855432883168e-01,-5.563672057118407288e-02,9.541907720387031722e-01,-1.446362653985983648e+01,0.000000000000000000e+00,0.000000000000000000e+00,0.000000000000000000e+00,1.000000000000000056e-01
-1.372908986295351408e-01,9.903499198233116640e-01,1.892737328462071322e-02,1.822901175589806257e+02,-9.448504635248320405e-01,-1.251996355530238247e-01,-3.026262593270788726e-01,4.830285912974701290e+01,-2.973361914237906412e-01,-5.943136851319073821e-02,9.529213512700007715e-01,-1.460887044648399780e+01,0.000000000000000000e+00,0.000000000000000000e+00,0.000000000000000000e+00,1.000000000000000056e-01
-1.429864412003880592e-01,9.895527472809494407e-01,1.844554096722900161e-02,1.822158825876950061e+02,-9.431894041109109006e-01,-1.305922369130529948e-01,-3.055150006643704286e-01,4.780399582915664780e+01,-2.999143637869870482e-01,-6.108214147171661668e-02,9.520085852488284761e-01,-1.474785003326686628e+01,0.000000000000000000e+00,0.000000000000000000e+00,0.000000000000000000e+00,1.000000000000000056e-01
-1.502230808585607313e-01,9.883941918838641261e-01,2.258201557889721878e-02,1.821206266042863149e+02,-9.423835585474986676e-01,-1.362495380117985100e-01,-3.055311636657132013e-01,4.735152932090014133e+01,-2.989084384167092212e-01,-6.717875290458082127e-02,9.519142611608829574e-01,-1.486581295024399729e+01,0.000000000000000000e+00,0.000000000000000000e+00,0.000000000000000000e+00,1.000000000000000056e-01
-1.537069945343247923e-01,9.879449469345966683e-01,1.841036820986016731e-02,1.820404534029542276e+02,-9.408018861517533082e-01,-1.406251426518525527e-01,-3.084094360869170104e-01,4.690172157482065529e+01,-3.021025833132333638e-01,-6.472519664353053315e-02,9.510755375231386699e-01,-1.499436894964467015e+01,0.000000000000000000e+00,0.000000000000000000e+00,0.000000000000000000e+00,1.000000000000000056e-01
-1.623557130177570862e-01,9.865044416468347066e-01,2.120398692610916958e-02,1.819692488626685929e+02,-9.388161161802552890e-01,-1.478208626658077396e-01,-3.110840602810721611e-01,4.648417101541033247e+01,-3.037514155534373206e-01,-7.041291906889915464e-02,9.501458300584598726e-01,-1.511659845056292362e+01,0.000000000000000000e+00,0.000000000000000000e+00,0.000000000000000000e+00,1.000000000000000056e-01
-1.675904295138621602e-01,9.855982930482024562e-01,2.257105836750306072e-02,1.819127056674255130e+02,-9.379892151818750579e-01,-1.523639981551261346e-01,-3.113863263996595743e-01,4.608794929399982720e+01,-3.034628150825893766e-01,-7.335677751002102343e-02,9.500153172741455654e-01,-1.522234339225553157e+01,0.000000000000000000e+00,0.000000000000000000e+00,0.000000000000000000e+00,1.000000000000000056e-01
-1.790595618267514233e-01,9.835766519121696971e-01,2.268574732423953022e-02,1.818204590937174032e+02,-9.355510598328885541e-01,-1.630908244369513316e-01,-3.132819775059447753e-01,4.568944998746708563e+01,-3.044370013056421076e-01,-7.731980857272593988e-02,9.493891506849577722e-01,-1.533685984033065175e+01,0.000000000000000000e+00,0.000000000000000000e+00,0.000000000000000000e+00,1.000000000000000056e-01
-1.831209968364251317e-01,9.828170392997096494e-01,2.318119452891848065e-02,1.817239008741640873e+02,-9.342162005447899320e-01,-1.666264416834810635e-01,-3.153977164970582781e-01,4.526139267286589529e+01,-3.061156499712016643e-01,-7.941219172176933183e-02,9.486764003856392735e-01,-1.546041738297775936e+01,0.000000000000000000e+00,0.000000000000000000e+00,0.000000000000000000e+00,1.000000000000000056e-01
-1.949905655565815632e-01,9.805671083917447683e-01,2.160613996476665188e-02,1.816458455343152991e+02,-9.295846680165055220e-01,-1.777369753837256816e-01,-3.229271010152110488e-01,4.487745016753180494e+01,-3.128114836967592627e-01,-8.305247450676904453e-02,9.461771832726334486e-01,-1.557878229678778226e+01,0.000000000000000000e+00,0.000000000000000000e+00,0.000000000000000000e+00,1.000000000000000056e-01
-2.088045948535681706e-01,9.777023652709286861e-01,2.233217659944400357e-02,1.815684232513643508e+02,-9.261577035209305198e-01,-1.903599005759231133e-01,-3.255687584237175747e-01,4.448517510598611580e+01,-3.140581942520741521e-01,-8.866337009360850119e-02,9.452545992624263871e-01,-1.571088319225476226e+01,0.000000000000000000e+00,0.000000000000000000e+00,0.000000000000000000e+00,1.000000000000000056e-01
-2.185989465534017295e-01,9.755802111705157431e-01,2.139514286548269140e-02,1.814792290428365789e+02,-9.224965933146537234e-01,-1.994568103342482246e-01,-3.304799784164628162e-01,4.413560391169259844e+01,-3.181423201785655852e-01,-9.197952154571792382e-02,9.435704699319600319e-01,-1.582463646535433988e+01,0.000000000000000000e+00,0.000000000000000000e+00,0.000000000000000000e+00,1.000000000000000056e-01
-2.360229881544859687e-01,9.715148035127596504e-01,2.126348085784146580e-02,1.813983387658439597e+02,-9.178762828136752816e-01,-2.157006507538228313e-01,-3.331311434143134909e-01,4.379910180118368146e+01,-3.190552906798098109e-01,-9.814385268544210950e-02,9.426407086845338679e-01,-1.592743636300588328e+01,0.000000000000000000e+00,0.000000000000000000e+00,0.000000000000000000e+00,1.000000000000000056e-01
-2.480676913038186715e-01,9.686015064236629390e-01,1.653911379139347271e-02,1.813157980797637094e+02,-9.145336494335379873e-01,-2.285211133063118627e-01,-3.337758302019767087e-01,4.349616829645836447e+01,-3.195162352447342702e-01,-9.792457570525930910e-02,9.425073755085296989e-01,-1.601419175461080613e+01,0.000000000000000000e+00,0.000000000000000000e+00,0.000000000000000000e+00,1.000000000000000056e-01
-2.602583217924221426e-01,9.654487004679908058e-01,1.320654013965485984e-02,1.812188527874893680e+02,-9.104662809067149976e-01,-2.408372723890237488e-01,-3.362269465109992139e-01,4.321701033800673741e+01,-3.214292414664341457e-01,-9.952997032493986207e-02,9.416883920583439815e-01,-1.610123357795189136e+01,0.000000000000000000e+00,0.000000000000000000e+00,0.000000000000000000e+00,1.000000000000000056e-01
-2.751613075275320952e-01,9.613335448924105187e-01,1.113868503599393933e-02,1.811124833292685707e+02,-9.055469915308733686e-01,-2.552673711577013727e-01,-3.388557441620563826e-01,4.296415904892975135e+01,-3.229100508951735504e-01,-1.033265923508005640e-01,9.407724030519006853e-01,-1.618092250152537304e+01,0.000000000000000000e+00,0.000000000000000000e+00,0.000000000000000000e+00,1.000000000000000056e-01
-2.870555894736654956e-01,9.578451851877162193e-01,1.147561608959921098e-02,1.810434141702490081e+02,-9.013535370036301897e-01,-2.660313474082891538e-01,-3.417442370065303381e-01,4.273321095986597840e+01,-3.242851983716985576e-01,-1.084431805547936278e-01,9.397229308196052289e-01,-1.625933585841368867e+01,0.000000000000000000e+00,0.000000000000000000e+00,0.000000000000000000e+00,1.000000000000000056e-01
-2.980211736128679512e-01,9.544066924303773458e-01,1.706591698433237991e-02,1.809748806088243498e+02,-8.972047670298100019e-01,-2.739660620825448145e-01,-3.463613760885695947e-01,4.251128863740623132e+01,-3.258941332663005674e-01,-1.185346458681614118e-01,9.379459214856239457e-01,-1.633396030971698920e+01,0.000000000000000000e+00,0.000000000000000000e+00,0.000000000000000000e+00,1.000000000000000056e-01
-3.113552090765880909e-01,9.501321290863786739e-01,1.751773554599370120e-02,1.809091731399515197e+02,-8.918497330449779437e-01,-2.857920160675673227e-01,-3.506094368662046046e-01,4.230800817430170468e+01,-3.281188617688352016e-01,-1.247872622899488526e-01,9.363579185982802144e-01,-1.640427478415527673e+01,0.000000000000000000e+00,0.000000000000000000e+00,0.000000000000000000e+00,1.000000000000000056e-01
-3.229923163573860112e-01,9.462215538775806678e-01,1.845899649460178149e-02,1.808482998474175076e+02,-8.881675898217922249e-01,-2.963241245114212052e-01,-3.512126786189376793e-01,4.210873138664164372e+01,-3.268551605286962314e-01,-1.298336790283520503e-01,9.361137323133995602e-01,-1.646049939967070230e+01,0.000000000000000000e+00,0.000000000000000000e+00,0.000000000000000000e+00,1.000000000000000056e-01
-3.337163582098998660e-01,9.424664841091203726e-01,1.975648233151877653e-02,1.807790370248693250e+02,-8.842841384623936207e-01,-3.057157750502474958e-01,-3.529581099071804617e-01,4.197009216739942872e+01,-3.266113205737740111e-01,-1.352582389964483434e-01,9.354305180271996756e-01,-1.650852403505447796e+01,0.000000000000000000e+00,0.000000000000000000e+00,0.000000000000000000e+00,1.000000000000000056e-01
-3.479936429570140710e-01,9.371956041565556728e-01,2.376602640609781769e-02,1.807195467936618059e+02,-8.798475139997679051e-01,-3.177370393836351781e-01,-3.534282471905024203e-01,4.183686466537011484e+01,-3.236800527835085317e-01,-1.439012625147929048e-01,9.351596922861430405e-01,-1.655533627596397039e+01,0.000000000000000000e+00,0.000000000000000000e+00,0.000000000000000000e+00,1.000000000000000056e-01
-3.572462823556779021e-01,9.337687400244107927e-01,2.123755862314719023e-02,1.806661557840791374e+02,-8.755932394885683756e-01,-3.269007770749410291e-01,-3.556295276122532489e-01,4.169384144024699879e+01,-3.251331614968886452e-01,-1.456427893890532288e-01,9.343856833203374457e-01,-1.658360019153311171e+01,0.000000000000000000e+00,0.000000000000000000e+00,0.000000000000000000e+00,1.000000000000000056e-01
-3.721683476557897663e-01,9.279262180281439010e-01,2.106311703297369942e-02,1.806092623218047777e+02,-8.702245418844659630e-01,-3.409535429909498205e-01,-3.556120473548246563e-01,4.156166183523599500e+01,-3.228001978083822610e-01,-1.506771894412159973e-01,9.343962847084555934e-01,-1.662371450494682179e+01,0.000000000000000000e+00,0.000000000000000000e+00,0.000000000000000000e+00,1.000000000000000056e-01
-3.865536966175213696e-01,9.221359565363571598e-01,1.554082668671885603e-02,1.805451104738633035e+02,-8.630335648905731460e-01,-3.557340655001051122e-01,-3.586451456733180665e-01,4.143328609598523826e+01,-3.251911830040873364e-01,-1.520478618907361301e-01,9.333445999151962491e-01,-1.666268200215908379e+01,0.000000000000000000e+00,0.000000000000000000e+00,0.000000000000000000e+00,1.000000000000000056e-01
-3.995752352089767534e-01,9.165623890052346789e-01,1.590655426885501100e-02,1.804961082051548829e+02,-8.574270641642195434e-01,-3.675444199023496505e-01,-3.601804117902208668e-01,4.130653062794690555e+01,-3.242814534419424244e-01,-1.575578828864566960e-01,9.327470463603296791e-01,-1.670370013386760277e+01,0.000000000000000000e+00,0.000000000000000000e+00,0.000000000000000000e+00,1.000000000000000056e-01
-4.120338564593146735e-01,9.110136177395933288e-01,1.680147089642322622e-02,1.804474359141817388e+02,-8.510972556623497276e-01,-3.782195175266918064e-01,-3.641201147504679048e-01,4.118874053595605744e+01,-3.253637388143956199e-01,-1.643295008660801138e-01,9.312004363239005933e-01,-1.674386331692364038e+01,0.000000000000000000e+00,0.000000000000000000e+00,0.000000000000000000e+00,1.000000000000000056e-01
-4.254913118671306282e-01,9.048150317217482641e-01,1.633713242769210816e-02,1.804099087509981985e+02,-8.443891056982675281e-01,-3.904527452836414891e-01,-3.668156101892988130e-01,4.106882438806150049e+01,-3.255213997630080902e-01,-1.698717518330798426e-01,9.301502062707358576e-01,-1.678993423427724352e+01,0.000000000000000000e+00,0.000000000000000000e+00,0.000000000000000000e+00,1.000000000000000056e-01
-4.405858105372024713e-01,8.975430273025367667e-01,1.733948366803464425e-02,1.803543137840435406e+02,-8.376386977291255809e-01,-4.040796579655139276e-01,-3.675337291802313056e-01,4.093653057041552756e+01,-3.228708032943373718e-01,-1.764543684896208442e-01,9.298485361718855646e-01,-1.683584376117823211e+01,0.000000000000000000e+00,0.000000000000000000e+00,0.000000000000000000e+00,1.000000000000000056e-01
-4.530892409031632706e-01,8.912546619874778253e-01,1.937181621278472043e-02,1.802965858629603417e+02,-8.319369999027735885e-01,-4.149264939137089492e-01,-3.683976558574301174e-01,4.080485597686406862e+01,-3.202982484662815210e-01,-1.830331449056798176e-01,9.294664598011961321e-01,-1.688706235253786403e+01,0.000000000000000000e+00,0.000000000000000000e+00,0.000000000000000000e+00,1.000000000000000056e-01
-4.713657476109025524e-01,8.816911186141284107e-01,2.085913076284520717e-02,1.802210488296654489e+02,-8.229709296471835467e-01,-4.312238514953627977e-01,-3.698173047021399151e-01,4.064506188325118075e+01,-3.170696783592922285e-01,-1.914856685459040975e-01,9.288703126952992939e-01,-1.694590440195672087e+01,0.000000000000000000e+00,0.000000000000000000e+00,0.000000000000000000e+00,1.000000000000000056e-01
-4.891514740246787341e-01,8.718741604207780327e-01,2.379671931270840868e-02,1.801175177758819643e+02,-8.150950242074359586e-01,-4.472461274758547933e-01,-3.682268362981316878e-01,4.047192036656908698e+01,-3.104044731825941206e-01,-1.995152872549247336e-01,9.294313924006554206e-01,-1.701330401794996305e+01,0.000000000000000000e+00,0.000000000000000000e+00,0.000000000000000000e+00,1.000000000000000056e-01
-5.089270140054831248e-01,8.604807622188767047e-01,2.379395441459011828e-02,1.800007631062590576e+02,-8.045168110353976276e-01,-4.656321612273643940e-01,-3.686995947816704144e-01,4.028623179373735042e+01,-3.061796779293117776e-01,-2.067838201648148355e-01,9.292440242160013852e-01,-1.708400315386856860e+01,0.000000000000000000e+00,0.000000000000000000e+00,0.000000000000000000e+00,1.000000000000000056e-01
-5.320544370828335090e-01,8.462806377379933354e-01,2.696587047073722987e-02,1.799037475371317498e+02,-7.918559845869160840e-01,-4.860561589033196572e-01,-3.697479006918590327e-01,4.014178143702761048e+01,-2.998035617772997208e-01,-2.180790970770153103e-01,9.287407236488117723e-01,-1.713979425639190168e+01,0.000000000000000000e+00,0.000000000000000000e+00,0.000000000000000000e+00,1.000000000000000056e-01
-5.560361102150557233e-01,8.307171360591553144e-01,2.707183027771759010e-02,1.797766415895981993e+02,-7.781640728445781141e-01,-5.088632248722941842e-01,-3.681289096315412124e-01,3.998091533448282320e+01,-2.920351346513787028e-01,-2.257592926774977249e-01,9.293805581670552263e-01,-1.719714227871712353e+01,0.000000000000000000e+00,0.000000000000000000e+00,0.000000000000000000e+00,1.000000000000000056e-01
-5.833604886382748322e-01,8.117923421911484860e-01,2.614829737329554815e-02,1.796189872793596862e+02,-7.592380567715909523e-01,-5.335926515108735391e-01,-3.726076427064985430e-01,3.978534349846638918e+01,-2.885274916631195286e-01,-2.372173590052052972e-01,9.276205103064421031e-01,-1.726809118659060971e+01,0.000000000000000000e+00,0.000000000000000000e+00,0.000000000000000000e+00,1.000000000000000056e-01
-6.153794899798796791e-01,7.877892785878899407e-01,2.638438655863478699e-02,1.794608017649723593e+02,-7.365191031206259620e-01,-5.627609651448752803e-01,-3.752861666083596170e-01,3.958304044214780504e+01,-2.807983156119215340e-01,-2.503760145285099381e-01,9.265334086250355261e-01,-1.734788632870534997e+01,0.000000000000000000e+00,0.000000000000000000e+00,0.000000000000000000e+00,1.000000000000000056e-01
-6.464671986632459788e-01,7.624314396595018861e-01,2.790091165596902956e-02,1.792636660021301793e+02,-7.131713448141902001e-01,-5.908985972605584891e-01,-3.771279367687092043e-01,3.937288959441268332e+01,-2.710475862065817587e-01,-2.636989715077466268e-01,9.257408160156611610e-01,-1.742013827077709465e+01,0.000000000000000000e+00,0.000000000000000000e+00,0.000000000000000000e+00,1.000000000000000056e-01
-6.768049850892627894e-01,7.356334370228277963e-01,2.790086902417678039e-02,1.790508864218249698e+02,-6.882590656151842401e-01,-6.188610931186182551e-01,-3.785636089517091518e-01,3.918048971729810148e+01,-2.612172864816500462e-01,-2.754167637563305071e-01,9.251546549010890574e-01,-1.750086340848158173e+01,0.000000000000000000e+00,0.000000000000000000e+00,0.000000000000000000e+00,1.000000000000000056e-01
-7.060910706483511934e-01,7.074266925269461215e-01,3.135083174416561369e-02,1.788367848205245423e+02,-6.624595499046097569e-01,-6.442718888789638054e-01,-3.821793792717161908e-01,3.896577241358323818e+01,-2.501654346444512900e-01,-2.906221049760634445e-01,9.235561961290903454e-01,-1.757710199632140302e+01,0.000000000000000000e+00,0.000000000000000000e+00,0.000000000000000000e+00,1.000000000000000056e-01
-7.382347486941602810e-01,6.737246231884288505e-01,3.323534158211063905e-02,1.785947709042154088e+02,-6.303218989835333019e-01,-6.714533060485143867e-01,-3.896726337046423350e-01,3.873023467236868100e+01,-2.402160683265429364e-01,-3.086188424353405457e-01,9.203535465306840191e-01,-1.766651281450527122e+01,0.000000000000000000e+00,0.000000000000000000e+00,0.000000000000000000e+00,1.000000000000000056e-01
-7.691195272512039161e-01,6.380165106052697599e-01,3.728384363180047012e-02,1.782892966912410202e+02,-5.980695601747172407e-01,-6.979434183834913874e-01,-3.939388098773553559e-01,3.848161347089433804e+01,-2.253174515950886470e-01,-3.252843631812672442e-01,9.183801658771013621e-01,-1.775353901159716941e+01,0.000000000000000000e+00,0.000000000000000000e+00,0.000000000000000000e+00,1.000000000000000056e-01
-7.990552979395744160e-01,6.000619127342489145e-01,3.789896727369808371e-02,1.779739712919734700e+02,-5.630152287206330319e-01,-7.246233357428915056e-01,-3.974102081294567657e-01,3.829381428036628421e+01,-2.110082535431999640e-01,-3.388904279889882187e-01,9.168581104806179383e-01,-1.782075719809085257e+01,0.000000000000000000e+00,0.000000000000000000e+00,0.000000000000000000e+00,1.000000000000000056e-01
-8.320983577452936153e-01,5.532613463491118377e-01,3.891279575607836660e-02,1.776631987223943554e+02,-5.202980738228766278e-01,-7.543695803068710681e-01,-4.002704719109820841e-01,3.809576745661409802e+01,-1.920995507901844535e-01,-3.533106550100122423e-01,9.155705017324473616e-01,-1.787869027247922915e+01,0.000000000000000000e+00,0.000000000000000000e+00,0.000000000000000000e+00,1.000000000000000056e-01
-8.609149878770043784e-01,5.071956139894784332e-01,3.972395748882143196e-02,1.773352246525444968e+02,-4.783031824233613394e-01,-7.803172009872190173e-01,-4.029033774084762598e-01,3.791845332400250612e+01,-1.733535385633142301e-01,-3.658656515625759997e-01,9.143800499104676183e-01,-1.793405359453263159e+01,0.000000000000000000e+00,0.000000000000000000e+00,0.000000000000000000e+00,1.000000000000000056e-01
-8.884918885530983523e-01,4.571452924630681758e-01,4.000431919436885086e-02,1.769794058105611896e+02,-4.324560754337987700e-01,-8.049577989627749730e-01,-4.062323038723061885e-01,3.774488879042009870e+01,-1.535053966339479659e-01,-3.782342177379791059e-01,9.128937340875954431e-01,-1.799158934269229704e+01,0.000000000000000000e+00,0.000000000000000000e+00,0.000000000000000000e+00,1.000000000000000056e-01
-9.150659730831840477e-01,4.009104722081054950e-01,4.387548494545458894e-02,1.765599023509214760e+02,-3.822673677379461177e-01,-8.275103859320678268e-01,-4.112155404860834418e-01,3.762264405927160738e+01,-1.285531970354172882e-01,-3.930615148401502834e-01,9.104815874489387006e-01,-1.802141939432328854e+01,0.000000000000000000e+00,0.000000000000000000e+00,0.000000000000000000e+00,1.000000000000000056e-01
-9.353903890944232913e-01,3.506754385181023448e-01,4.551435828308378340e-02,1.761688353120749184e+02,-3.371834182325651463e-01,-8.457206009199591534e-01,-4.135988487031689864e-01,3.746867667663079970e+01,-1.065465272019101017e-01,-4.022230749220143675e-01,9.093208650094268819e-01,-1.806160245019127686e+01,0.000000000000000000e+00,0.000000000000000000e+00,0.000000000000000000e+00,1.000000000000000056e-01
-9.549834393646727815e-01,2.931030872765303941e-01,4.579531382343891843e-02,1.757270982874460401e+02,-2.848061703850707782e-01,-8.626376768769936643e-01,-4.180211522672673818e-01,3.734660116086043047e+01,-8.301852714792441745e-02,-4.122460656710146831e-01,9.072822634048121060e-01,-1.809084931763640469e+01,0.000000000000000000e+00,0.000000000000000000e+00,0.000000000000000000e+00,1.000000000000000056e-01
-9.696505273202149500e-01,2.396934711352629865e-01,4.821716253325149942e-02,1.752722229287070377e+02,-2.374551312527161950e-01,-8.762521138084575778e-01,-4.192818785590014530e-01,3.723183009251027187e+01,-5.824873826431326701e-02,-4.180063072985128469e-01,9.065747688686668360e-01,-1.810289148272124393e+01,0.000000000000000000e+00,0.000000000000000000e+00,0.000000000000000000e+00,1.000000000000000056e-01
-9.808053836368846312e-01,1.897161234101787386e-01,4.503989284088469325e-02,1.747816677740074169e+02,-1.909860696598345009e-01,-8.881251049974039358e-01,-4.180408102915789126e-01,3.716975386492487132e+01,-3.930802239738576120e-02,-4.186186694254866447e-01,9.073110210857364688e-01,-1.809921635156053910e+01,0.000000000000000000e+00,0.000000000000000000e+00,0.000000000000000000e+00,1.000000000000000056e-01
-9.896649072671581671e-01,1.364175785921191708e-01,4.419972369767453252e-02,1.742110760326309276e+02,-1.423270354033421836e-01,-8.968168073354323422e-01,-4.188825958117363690e-01,3.706975862325493409e+01,-1.750389434336172001e-02,-4.208442209793853417e-01,9.069640320051676197e-01,-1.810366447408016555e+01,0.000000000000000000e+00,0.000000000000000000e+00,0.000000000000000000e+00,1.000000000000000056e-01
-9.947020712756524663e-01,9.337797235036079946e-02,4.299236769081284104e-02,1.735900664187224436e+02,-1.027956318948492487e-01,-8.997544792059863905e-01,-4.241166528351639764e-01,3.704211994982141931e+01,-9.205776802899377775e-04,-4.262891406410672657e-01,9.045864917785556569e-01,-1.807796327993962038e+01,0.000000000000000000e+00,0.000000000000000000e+00,0.000000000000000000e+00,1.000000000000000056e-01
-9.977274454889748512e-01,5.351509471471069257e-02,4.093994572201000576e-02,1.729567215854908682e+02,-6.586483098313790363e-02,-9.027169734004452106e-01,-4.251633685706043275e-01,3.700095037393128194e+01,1.420452595507002043e-02,-4.268936642448754037e-01,9.041902625387951975e-01,-1.806306749738563866e+01,0.000000000000000000e+00,0.000000000000000000e+00,0.000000000000000000e+00,1.000000000000000056e-01
-9.991092609798686297e-01,1.750567888612977741e-02,3.839577881741725041e-02,1.723111826971418736e+02,-3.225269197009279776e-02,-9.035271592230338378e-01,-4.273153828345479521e-01,3.698900475515088004e+01,2.721118308605174896e-02,-4.281731235763048815e-01,9.032869575954075581e-01,-1.803169482749168040e+01,0.000000000000000000e+00,0.000000000000000000e+00,0.000000000000000000e+00,1.000000000000000056e-01
-9.992767457941105214e-01,-8.118481935246210646e-03,3.714936831495959518e-02,1.716569825606476627e+02,-8.625686565546547557e-03,-9.030837358760648304e-01,-4.293778796437974221e-01,3.700648171023053834e+01,3.703488688259210654e-02,-4.293877690936218072e-01,9.023605492852599941e-01,-1.799338537720728937e+01,0.000000000000000000e+00,0.000000000000000000e+00,0.000000000000000000e+00,1.000000000000000056e-01
-9.987320356532651822e-01,-3.305466808418808938e-02,3.796985485525190135e-02,1.710111269450334248e+02,1.346855477775935755e-02,-9.021879869646241001e-01,-4.311327338638503703e-01,3.705494105271300498e+01,4.850689633529684658e-02,-4.300746738585792817e-01,9.014892433708532327e-01,-1.793744191395538223e+01,0.000000000000000000e+00,0.000000000000000000e+00,0.000000000000000000e+00,1.000000000000000056e-01
-9.979073794220745253e-01,-5.197887348288121601e-02,3.845853359683173295e-02,1.703642803518160918e+02,3.018123186257677323e-02,-9.004597436332932858e-01,-4.338909348432174462e-01,3.708271452943566260e+01,5.718352331070015310e-02,-4.318222398248084404e-01,9.001442094767150293e-01,-1.787823614988055354e+01,0.000000000000000000e+00,0.000000000000000000e+00,0.000000000000000000e+00,1.000000000000000056e-01
-9.972533086760653198e-01,-6.241423535729534455e-02,3.987858522320535115e-02,1.696978756582830101e+02,3.863945639454606507e-02,-8.977497502875630975e-01,-4.388079058861089621e-01,3.709469631455604599e+01,6.318884984057140941e-02,-4.360617491633294041e-01,8.976955609628708421e-01,-1.784060415794276722e+01,0.000000000000000000e+00,0.000000000000000000e+00,0.000000000000000000e+00,1.000000000000000056e-01
-9.960083239363299867e-01,-7.994344166869012114e-02,3.970471991725993410e-02,1.689951532193317973e+02,5.423700824295178691e-02,-8.953160519905112302e-01,-4.421170817611312365e-01,3.713616302821604620e+01,7.089263421821266620e-02,-4.381988283670890660e-01,8.960781334411151988e-01,-1.777719491344753777e+01,0.000000000000000000e+00,0.000000000000000000e+00,0.000000000000000000e+00,1.000000000000000056e-01
-9.952853780140389350e-01,-8.981276305749358313e-02,3.661535065284132751e-02,1.682536016985065714e+02,6.435684735461946748e-02,-8.939806570920560969e-01,-4.434600105351442778e-01,3.718284122976309192e+01,7.256178408794965173e-02,-4.390128156867798559e-01,8.955459425136933493e-01,-1.771823557733272381e+01,0.000000000000000000e+00,0.000000000000000000e+00,0.000000000000000000e+00,1.000000000000000056e-01
-9.943321940969962469e-01,-9.991725575565119088e-02,3.633221414273636596e-02,1.674805025227861108e+02,7.344626728865558118e-02,-8.926311772457071747e-01,-4.447642378050497558e-01,3.723687045171340060e+01,7.687088918190829179e-02,-4.395749349214571056e-01,8.949104664630868067e-01,-1.764372652231223171e+01,0.000000000000000000e+00,0.000000000000000000e+00,0.000000000000000000e+00,1.000000000000000056e-01
-9.935380126274129253e-01,-1.075236492874386135e-01,3.634394458892989399e-02,1.667202065827065951e+02,8.015444367086592414e-02,-8.914109105996144145e-01,-4.460514024457055138e-01,3.727662091138715539e+01,8.035846330154207406e-02,-4.402558952562459771e-01,8.942691228416287386e-01,-1.758913457391882673e+01,0.000000000000000000e+00,0.000000000000000000e+00,0.000000000000000000e+00,1.000000000000000056e-01
-9.930752082667435587e-01,-1.124316835438482487e-01,3.406974114166989864e-02,1.659090901660334794e+02,8.527338299564149460e-02,-8.893280905524432178e-01,-4.492482582123438761e-01,3.733251132212478041e+01,8.080891583509254572e-02,-4.432320655027591205e-01,8.927571087545116413e-01,-1.750429018430287442e+01,0.000000000000000000e+00,0.000000000000000000e+00,0.000000000000000000e+00,1.000000000000000056e-01
-9.932042951283686083e-01,-1.120289776956339411e-01,3.153944030941604332e-02,1.650976912557628111e+02,8.573385777540107333e-02,-8.875309396390373973e-01,-4.527013770847118090e-01,3.739862275416395931e+01,7.870790156971130269e-02,-4.469209542412598823e-01,8.911042177492901617e-01,-1.743188668537990438e+01,0.000000000000000000e+00,0.000000000000000000e+00,0.000000000000000000e+00,1.000000000000000056e-01
-9.931839096215602236e-01,-1.126182007676292951e-01,3.004767086970841147e-02,1.642599231325249320e+02,8.688897464493386402e-02,-8.871845664026969391e-01,-4.531598517322674713e-01,3.745822226560297707e+01,7.769187701416682690e-02,-4.474602619146426097e-01,8.909227162067958616e-01,-1.737225116086669630e+01,0.000000000000000000e+00,0.000000000000000000e+00,0.000000000000000000e+00,1.000000000000000056e-01
-9.932630054578517331e-01,-1.118615481301764858e-01,3.025881753730573498e-02,1.633765250698128000e+02,8.577443671493351074e-02,-8.852710941036248116e-01,-4.570971843610581176e-01,3.753824176326203599e+01,7.791885519610525224e-02,-4.514222900948639539e-01,8.889018888552532305e-01,-1.727205083282092701e+01,0.000000000000000000e+00,0.000000000000000000e+00,0.000000000000000000e+00,1.000000000000000056e-01
-9.933067223991784989e-01,-1.105675976594029941e-01,3.341499041493435629e-02,1.625023430220058458e+02,8.299973472401300789e-02,-8.844308482618186140e-01,-4.592310079672584644e-01,3.761086566885101945e+01,8.032931763898683297e-02,-4.533838120077834377e-01,8.876881883504734727e-01,-1.720990838559004743e+01,0.000000000000000000e+00,0.000000000000000000e+00,0.000000000000000000e+00,1.000000000000000056e-01
-9.932162347408681757e-01,-1.119657650172631302e-01,3.138755344514751466e-02,1.616372159156352097e+02,8.498166675585733243e-02,-8.831650286490788648e-01,-4.612999550039741381e-01,3.768640845832005937e+01,7.937019190205721331e-02,-4.555032377880218197e-01,8.866888817404103840e-01,-1.713415835817241728e+01,0.000000000000000000e+00,0.000000000000000000e+00,0.000000000000000000e+00,1.000000000000000056e-01
-9.936709205275928714e-01,-1.084755485740422076e-01,2.917459613100203616e-02,1.607709355904235622e+02,8.267233874399937399e-02,-8.820546360480188142e-01,-4.638371518461998910e-01,3.775046703759505107e+01,7.604857726771677151e-02,-4.584895575558486369e-01,8.854399694546198907e-01,-1.704212066716652885e+01,0.000000000000000000e+00,0.000000000000000000e+00,0.000000000000000000e+00,1.000000000000000056e-01
-9.942507104266253837e-01,-1.034753473976773586e-01,2.753865096697078949e-02,1.598267271055595700e+02,7.903382849514090092e-02,-8.826926052498573760e-01,-4.632573999307729729e-01,3.783024186027526525e+01,7.224388395948343200e-02,-4.584175139740512828e-01,8.857958027177026405e-01,-1.697268793044577961e+01,0.000000000000000000e+00,0.000000000000000000e+00,0.000000000000000000e+00,1.000000000000000056e-01
-9.949442958570366979e-01,-9.655333302097257597e-02,2.762792109601093157e-02,1.589011824825670374e+02,7.293682308068955011e-02,-8.838156592065080641e-01,-4.621148129851092023e-01,3.791228124709519420e+01,6.903671472805197884e-02,-4.577634044175084571e-01,8.863896420850427837e-01,-1.687856393773363095e+01,0.000000000000000000e+00,0.000000000000000000e+00,0.000000000000000000e+00,1.000000000000000056e-01
-9.951248359258679788e-01,-9.429882461230228163e-02,2.888412367118552496e-02,1.579156295777725063e+02,7.022519234173522917e-02,-8.831460416478382758e-01,-4.638119139072655606e-01,3.797016989135047282e+01,6.924581780931161890e-02,-4.595223615869990508e-01,8.854627128893834964e-01,-1.681615319957078114e+01,0.000000000000000000e+00,0.000000000000000000e+00,0.000000000000000000e+00,1.000000000000000056e-01
-9.955264659225553370e-01,-8.934702481219541914e-02,3.072726484664657989e-02,1.569460878246773916e+02,6.478315830359740457e-02,-8.822170347447508831e-01,-4.663649279334692310e-01,3.800830348916126411e+01,6.877643526643457961e-02,-4.622880192730370319e-01,8.840585892284821279e-01,-1.674773253876608337e+01,0.000000000000000000e+00,0.000000000000000000e+00,0.000000000000000000e+00,1.000000000000000056e-01
-9.960860626638619042e-01,-8.268630521315858961e-02,3.123348678904644057e-02,1.561869177749746029e+02,5.830965295753629679e-02,-8.802861243564223948e-01,-4.708463907024467154e-01,3.826177076557458889e+01,6.642695340580383190e-02,-4.671823136589674519e-01,8.816621493891394490e-01,-1.657095990141742803e+01,0.000000000000000000e+00,0.000000000000000000e+00,0.000000000000000000e+00,1.000000000000000056e-01
-9.962244687874115545e-01,-8.186564467217001539e-02,2.889332122912749781e-02,1.552253540829219105e+02,5.829949893267742655e-02,-8.774709838759238156e-01,-4.760733566164118136e-01,3.829447562671289518e+01,6.432710325701207488e-02,-4.725914606488658132e-01,8.789307908523475987e-01,-1.650616374320609481e+01,0.000000000000000000e+00,0.000000000000000000e+00,0.000000000000000000e+00,1.000000000000000056e-01
-9.962985334008693794e-01,-7.974475419922634478e-02,3.209371466474573997e-02,1.542425307094486300e+02,5.497185966894270470e-02,-8.780923795743573734e-01,-4.753229087451826818e-01,3.838568045204426937e+01,6.608575480249290202e-02,-4.717992656958551745e-01,8.792258673975855698e-01,-1.640857215376852452e+01,0.000000000000000000e+00,0.000000000000000000e+00,0.000000000000000000e+00,1.000000000000000056e-01
-9.966540369684422362e-01,-7.556156208432945887e-02,3.116377592467346747e-02,1.532311157521689040e+02,5.150753688062415653e-02,-8.766633241450825231e-01,-4.783391994635033395e-01,3.842702385854965996e+01,6.346419651266668738e-02,-4.751335248477738249e-01,8.776220310171864991e-01,-1.634342971904257169e+01,0.000000000000000000e+00,0.000000000000000000e+00,0.000000000000000000e+00,1.000000000000000056e-01
-9.968877398956172975e-01,-7.188624922615062529e-02,3.236048853160565508e-02,1.521949456337172535e+02,4.729392661134608489e-02,-8.737567714846588007e-01,-4.840582493774761574e-01,3.844020442064144305e+01,6.307232793776548774e-02,-4.810212796300201155e-01,8.744371961390988712e-01,-1.626174949542930293e+01,0.000000000000000000e+00,0.000000000000000000e+00,0.000000000000000000e+00,1.000000000000000056e-01
-9.974664700834439124e-01,-6.385341717160872288e-02,3.135892496216558661e-02,1.511493149244908807e+02,4.048060963306832766e-02,-8.719638877979183356e-01,-4.878937370166527843e-01,3.847381730427687074e+01,5.849753245231257420e-02,-4.853882152379145887e-01,8.723395664562868523e-01,-1.619301741961121266e+01,0.000000000000000000e+00,0.000000000000000000e+00,0.000000000000000000e+00,1.000000000000000056e-01
-9.976115896692159257e-01,-6.035199574097063757e-02,3.359691604511351459e-02,1.500819308172805506e+02,3.571432438812452426e-02,-8.670202262731088183e-01,-4.969913623664173330e-01,3.847383840852244674e+01,5.912362633635015463e-02,-4.946044519041549736e-01,8.671048569610425583e-01,-1.611849724433793440e+01,0.000000000000000000e+00,0.000000000000000000e+00,0.000000000000000000e+00,1.000000000000000056e-01
-9.982214024205706693e-01,-5.044597732103393850e-02,3.176846111531040490e-02,1.489985908310338232e+02,2.785091125395447453e-02,-8.657737766096829102e-01,-4.996599788629575434e-01,3.848315628370661301e+01,5.271013651882919954e-02,-4.978865042428168852e-01,8.656388799037586512e-01,-1.606387760738691384e+01,0.000000000000000000e+00,0.000000000000000000e+00,0.000000000000000000e+00,1.000000000000000056e-01
-9.985761234220262850e-01,-4.425367766626185639e-02,2.978821485840069117e-02,1.478913256465964707e+02,2.314522631019101662e-02,-8.625235069690502243e-01,-5.054873870086790122e-01,3.845242926869517675e+01,4.806271143505834453e-02,-5.040781803835815422e-01,8.623196413341678301e-01,-1.600478348974986176e+01,0.000000000000000000e+00,0.000000000000000000e+00,0.000000000000000000e+00,1.000000000000000056e-01
-9.989971263295887027e-01,-3.742117878173192858e-02,2.458448624252971421e-02,1.467667485129754823e+02,1.967013940725441737e-02,-8.600531371706257033e-01,-5.098251532228121885e-01,3.845320975274977116e+01,4.022222272479050037e-02,-5.088302827284854057e-01,8.599266923276233099e-01,-1.594812446211223467e+01,0.000000000000000000e+00,0.000000000000000000e+00,0.000000000000000000e+00,1.000000000000000056e-01
-9.992885388572567695e-01,-2.917980312348471272e-02,2.389466882391867372e-02,1.455944394523179710e+02,1.269362177876127463e-02,-8.568124921857618315e-01,-5.154718471464396767e-01,3.845095791707267807e+01,3.551461776040728407e-02,-5.148017990684370382e-01,8.565733007753818518e-01,-1.589002870778824494e+01,0.000000000000000000e+00,0.000000000000000000e+00,0.000000000000000000e+00,1.000000000000000056e-01
-9.993560883422878405e-01,-2.481936206593816224e-02,2.591154105494914914e-02,1.444509245148886691e+02,7.774441811049243381e-03,-8.547900218386490501e-01,-5.189157702552594786e-01,3.843858879143171947e+01,3.502808512792349172e-02,-5.183801865732547975e-01,8.544325692648593318e-01,-1.583369112399118350e+01,0.000000000000000000e+00,0.000000000000000000e+00,0.000000000000000000e+00,1.000000000000000056e-01
-9.994449375972094263e-01,-1.967177894322017645e-02,2.688564346484686313e-02,1.433275361093434981e+02,2.696244278388377005e-03,-8.521570475925390742e-01,-5.232791764490138942e-01,3.843177933996764750e+01,3.320462284232485878e-02,-5.229162335896411218e-01,8.517370871755690631e-01,-1.577225007340765828e+01,0.000000000000000000e+00,0.000000000000000000e+00,0.000000000000000000e+00,1.000000000000000056e-01
-9.994800065662396982e-01,-1.362650571972919174e-02,2.922387407959462641e-02,1.421864389255745209e+02,-3.797436259844870834e-03,-8.502670558980596205e-01,-5.263378317509571636e-01,3.841613528855666004e+01,3.202024285045681345e-02,-5.261751153335899600e-01,8.497731768251344242e-01,-1.572751456733457864e+01,0.000000000000000000e+00,0.000000000000000000e+00,0.000000000000000000e+00,1.000000000000000056e-01
-9.995636022399045917e-01,-8.882536751582787229e-03,2.817278151057033345e-02,1.410814655387077323e+02,-7.368658610520191846e-03,-8.485958994056823634e-01,-5.289902668122944407e-01,3.839288883042425482e+01,2.860608235091200227e-02,-5.289670122538056019e-01,8.481601216750379590e-01,-1.567968937080737213e+01,0.000000000000000000e+00,0.000000000000000000e+00,0.000000000000000000e+00,1.000000000000000056e-01
-9.995775175353611708e-01,-2.447245150273313560e-03,2.896199974136417360e-02,1.399705540162669024e+02,-1.338315486548594981e-02,-8.457790554304955855e-01,-5.333654287268203564e-01,3.836476127312440809e+01,2.580072874340440942e-02,-5.335276941136917195e-01,8.453889767497777541e-01,-1.564120048211609415e+01,0.000000000000000000e+00,0.000000000000000000e+00,0.000000000000000000e+00,1.000000000000000056e-01
-9.996317053360748162e-01,5.908400654627147044e-04,2.713124757375763585e-02,1.388447888332283355e+02,-1.505829736611171213e-02,-8.438062056769504160e-01,-5.364367017099987978e-01,3.833123734665182525e+01,2.257656677453945271e-02,-5.366476853291045623e-01,8.435043333994136638e-01,-1.559337521127556592e+01,0.000000000000000000e+00,0.000000000000000000e+00,0.000000000000000000e+00,1.000000000000000056e-01
-9.996576350450152582e-01,8.726352260418387963e-03,2.466705236614908162e-02,1.377404654006397209e+02,-2.063891504571723975e-02,-8.424463642133024344e-01,-5.383847681811990693e-01,3.832422449251755836e+01,1.608253344292859613e-02,-5.387095453024894898e-01,8.423380425447031250e-01,-1.554446049997602408e+01,0.000000000000000000e+00,0.000000000000000000e+00,0.000000000000000000e+00,1.000000000000000056e-01
-9.995646121610715085e-01,1.570443921707461582e-02,2.497912536826557214e-02,1.366508899007705224e+02,-2.673274541628910261e-02,-8.403253714095595406e-01,-5.414227834953877494e-01,3.829981046433223213e+01,1.248785160843105327e-02,-5.418548151989266426e-01,8.403793267376006293e-01,-1.550598330039906614e+01,0.000000000000000000e+00,0.000000000000000000e+00,0.000000000000000000e+00,1.000000000000000056e-01
-9.994983833151560582e-01,2.166118110241803743e-02,2.310357079842254024e-02,1.355509520008298807e+02,-3.074831148207439815e-02,-8.384373073541051546e-01,-5.441299688289545911e-01,3.825554929739032417e+01,7.584397892437259175e-03,-5.445674199491244982e-01,8.386827779551474515e-01,-1.548606580743011740e+01,0.000000000000000000e+00,0.000000000000000000e+00,0.000000000000000000e+00,1.000000000000000056e-01
-9.991510385364166247e-01,3.569472243049494342e-02,2.056912691900110099e-02,1.343885469652421705e+02,-4.113060308797721054e-02,-8.359445649845556048e-01,-5.472704612551286818e-01,3.819282029343023055e+01,-2.340017354494274004e-03,-5.476518703185373482e-01,8.367030257238159408e-01,-1.546740891813759511e+01,0.000000000000000000e+00,0.000000000000000000e+00,0.000000000000000000e+00,1.000000000000000056e-01
-9.988902866085855869e-01,4.198550179554651207e-02,2.134040669703159143e-02,1.332156299082382986e+02,-4.678363887957243117e-02,-8.322862024296644456e-01,-5.523685077721156578e-01,3.810491633242416043e+01,-5.430142926692511571e-03,-5.527539189225023630e-01,8.333268378395186637e-01,-1.546327709782071835e+01,0.000000000000000000e+00,0.000000000000000000e+00,0.000000000000000000e+00,1.000000000000000056e-01
-9.987916078835143985e-01,4.278664746225174786e-02,2.417905747554061069e-02,1.320946114959963325e+02,-4.899439655374401847e-02,-8.282634468828307117e-01,-5.581928086818273016e-01,3.804398950763473408e+01,-3.856569433964141327e-03,-5.587029312225895161e-01,8.293588858362147542e-01,-1.545471568556053299e+01,0.000000000000000000e+00,0.000000000000000000e+00,0.000000000000000000e+00,1.000000000000000056e-01
-9.986083724662047079e-01,4.746051910094469667e-02,2.299603372467071832e-02,1.309551515426023514e+02,-5.216699586153202700e-02,-8.249379236150946593e-01,-5.628108267654409191e-01,3.796679282089788643e+01,-7.740993681707132416e-03,-5.632272377187427237e-01,8.262657899904453096e-01,-1.545018816436724052e+01,0.000000000000000000e+00,0.000000000000000000e+00,0.000000000000000000e+00,1.000000000000000056e-01
-9.983253979624218122e-01,5.168212448436024231e-02,2.598764691071546451e-02,1.298092389565203746e+02,-5.728709364152766159e-02,-8.208539659510898368e-01,-5.682578248334767546e-01,3.789089505053935625e+01,-8.036708609858148403e-03,-5.687949758842377745e-01,8.224400809320819850e-01,-1.544359963459279506e+01,0.000000000000000000e+00,0.000000000000000000e+00,0.000000000000000000e+00,1.000000000000000056e-01
-9.981026540897512955e-01,5.549140945602253072e-02,2.667949354051478428e-02,1.286462226513521330e+02,-6.077650819553270800e-02,-8.184966058810927425e-01,-5.712876002616277260e-01,3.779458119458984555e+01,-9.864479233728622176e-03,-5.718251565275133119e-01,8.203162087949574799e-01,-1.545421369510808063e+01,0.000000000000000000e+00,0.000000000000000000e+00,0.000000000000000000e+00,1.000000000000000056e-01
-9.979206348501212798e-01,6.079778940012615235e-02,2.140176031052690858e-02,1.273856080971021640e+02,-6.200874476016635800e-02,-8.149781987501674152e-01,-5.761644306404218874e-01,3.769058149150408354e+01,-1.758755564596391902e-02,-5.762934706952620445e-01,8.170535560906697636e-01,-1.543935762099941833e+01,0.000000000000000000e+00,0.000000000000000000e+00,0.000000000000000000e+00,1.000000000000000056e-01
-9.977302009507769132e-01,6.486781641829710010e-02,1.807242385083936143e-02,1.261383014290525182e+02,-6.332281794548209886e-02,-8.125203261894931028e-01,-5.794833390671062512e-01,3.758560974445219927e+01,-2.290560713374808349e-02,-5.793124251403914959e-01,8.147836812552107233e-01,-1.543425500362671343e+01,0.000000000000000000e+00,0.000000000000000000e+00,0.000000000000000000e+00,1.000000000000000056e-01
-9.974334799075994518e-01,6.974890457683785572e-02,1.617230564107383778e-02,1.249874262939801639e+02,-6.602219598200229078e-02,-8.085739080380511812e-01,-5.846788048816099481e-01,3.749113111250299113e+01,-2.770420179559812679e-02,-5.842459461137962107e-01,8.111036627043820557e-01,-1.545012038829297829e+01,0.000000000000000000e+00,0.000000000000000000e+00,0.000000000000000000e+00,1.000000000000000056e-01
-9.971198950668849204e-01,7.366803011104015864e-02,1.802598683467551005e-02,1.237975763352892642e+02,-7.019109373299624310e-02,-8.063663687540207903e-01,-5.872363150410750965e-01,3.738447673345167743e+01,-2.872499299165711534e-02,-5.868102765647633667e-01,8.092147886041228810e-01,-1.546603005141484033e+01,0.000000000000000000e+00,0.000000000000000000e+00,0.000000000000000000e+00,1.000000000000000056e-01
-9.969171692247880134e-01,7.639257578050304143e-02,1.789782306473541862e-02,1.226577886720202457e+02,-7.218170213796484824e-02,-8.035325932097747703e-01,-5.908681524046136557e-01,3.729216117476442349e+01,-3.075645592883870932e-02,-5.903385012136644905e-01,8.065695843530809039e-01,-1.548074142730732028e+01,0.000000000000000000e+00,0.000000000000000000e+00,0.000000000000000000e+00,1.000000000000000056e-01
-9.963465213350368721e-01,8.346204626621277212e-02,1.810238262295187084e-02,1.214767867668826398e+02,-7.778545002587179680e-02,-7.993551321914909025e-01,-5.958026488724238456e-01,3.716913541503100760e+01,-3.525667579117172656e-02,-5.950339985851066382e-01,8.029268380991978482e-01,-1.550442949198872356e+01,0.000000000000000000e+00,0.000000000000000000e+00,0.000000000000000000e+00,1.000000000000000056e-01
-9.959333011466158236e-01,8.840690037609495733e-02,1.735164640878954223e-02,1.202702734199590537e+02,-8.118452196479551686e-02,-7.971399890660999521e-01,-5.983117174392006410e-01,3.705375307378685790e+01,-3.906319316891635612e-02,-5.972872489829240683e-01,8.010755327320006058e-01,-1.552606885672248893e+01,0.000000000000000000e+00,0.000000000000000000e+00,0.000000000000000000e+00,1.000000000000000056e-01
-9.959504491271440330e-01,8.845830734378415383e-02,1.605710887153503560e-02,1.191185479082332250e+02,-8.028684574163838517e-02,-7.947421418937115067e-01,-6.016136221023039576e-01,3.693329968904001248e+01,-4.045646158894855571e-02,-6.004665317568232963e-01,7.986258316355875353e-01,-1.555320967447942948e+01,0.000000000000000000e+00,0.000000000000000000e+00,0.000000000000000000e+00,1.000000000000000056e-01
-9.954583135537466987e-01,9.380777065769176082e-02,1.621259204952923971e-02,1.178933373232594306e+02,-8.453272107903202215e-02,-7.926927274967798809e-01,-6.037321085056603920e-01,3.682167355937802711e+01,-4.378315936184973972e-02,-6.023606410929833732e-01,7.970223917923165979e-01,-1.559111033122858636e+01,0.000000000000000000e+00,0.000000000000000000e+00,0.000000000000000000e+00,1.000000000000000056e-01
-9.944695123731817077e-01,1.034219635403904880e-01,1.828350124283100592e-02,1.166703925410040910e+02,-9.322818501866173002e-02,-7.891189555669797517e-01,-6.071241878586337570e-01,3.669581870250036104e+01,-4.836211821635442304e-02,-6.054710326863950165e-01,7.943965848990652834e-01,-1.563156333934156450e+01,0.000000000000000000e+00,0.000000000000000000e+00,0.000000000000000000e+00,1.000000000000000056e-01
-9.941479314896550790e-01,1.061941622681288611e-01,1.981641276846685812e-02,1.154726517849192646e+02,-9.615939388285296707e-02,-7.863237775775246963e-01,-6.102854150184925386e-01,3.656425989130788423e+01,-4.922663184620981042e-02,-6.086195171996883202e-01,7.919337232374284996e-01,-1.567992485594849050e+01,0.000000000000000000e+00,0.000000000000000000e+00,0.000000000000000000e+00,1.000000000000000056e-01
-9.936121375345512430e-01,1.109692143051728142e-01,2.051227974929163006e-02,1.142502443966246517e+02,-1.002001186176898762e-01,-7.839285421174251312e-01,-6.127119854243507913e-01,3.642290741178779712e+01,-5.191200605853573541e-02,-6.108533983945261259e-01,7.900400428439289247e-01,-1.572596826457932551e+01,0.000000000000000000e+00,0.000000000000000000e+00,0.000000000000000000e+00,1.000000000000000056e-01
-9.928887685557268306e-01,1.173989338831512019e-01,1.973280514755929027e-02,1.130545469362694604e+02,-1.043108220154292110e-01,-7.780790825543464351e-01,-6.194450691561373956e-01,3.627579309818170117e+01,-5.736850779266877698e-02,-6.170983970279665387e-01,7.847919614134415411e-01,-1.578939531417270459e+01,0.000000000000000000e+00,0.000000000000000000e+00,0.000000000000000000e+00,1.000000000000000056e-01
-9.921161189691680704e-01,1.241855130409190711e-01,1.683938337110317887e-02,1.118443230661131196e+02,-1.074017078306399864e-01,-7.732976319607018922e-01,-6.248805050239866210e-01,3.613012730389709048e+01,-6.457925082111988513e-02,-6.217625999967627548e-01,7.805387816173187110e-01,-1.583963161716476264e+01,0.000000000000000000e+00,0.000000000000000000e+00,0.000000000000000000e+00,1.000000000000000056e-01
-9.908950264291447318e-01,1.330437387564467333e-01,2.064970158843868961e-02,1.105912623010768101e+02,-1.164012106784581557e-01,-7.694745226471331190e-01,-6.279806662227398473e-01,3.596666172571878661e+01,-6.765947642846796561e-02,-6.246665691188166836e-01,7.779549297194228163e-01,-1.591360045683823365e+01,0.000000000000000000e+00,0.000000000000000000e+00,0.000000000000000000e+00,1.000000000000000056e-01
-9.895142165542041290e-01,1.421376404527914250e-01,2.566137961281336061e-02,1.093349934199007549e+02,-1.263156072738346181e-01,-7.654510683383015657e-01,-6.309746661624342501e-01,3.579064799045254830e+01,-7.004271979415349625e-02,-6.275998352025484728e-01,7.753789165676171491e-01,-1.599097493344375209e+01,0.000000000000000000e+00,0.000000000000000000e+00,0.000000000000000000e+00,1.000000000000000056e-01
-9.880127047794922124e-01,1.512140772365175578e-01,3.106763653419715443e-02,1.081042662738760498e+02,-1.366108849565577377e-01,-7.627228465281434833e-01,-6.321323639044219567e-01,3.560199093190220765e+01,-7.189131592688106920e-02,-6.287989839603073117e-01,7.742373515045541943e-01,-1.605169643394699364e+01,0.000000000000000000e+00,0.000000000000000000e+00,0.000000000000000000e+00,1.000000000000000056e-01
-9.871879256238491607e-01,1.557744709811203221e-01,3.455884391923765009e-02,1.068719720423453907e+02,-1.418161385097966021e-01,-7.573042592025667208e-01,-6.374781893146009848e-01,3.540436972123695369e+01,-7.313126800932903682e-02,-6.342117731359172561e-01,7.696929546612361062e-01,-1.613714871347330870e+01,0.000000000000000000e+00,0.000000000000000000e+00,0.000000000000000000e+00,1.000000000000000056e-01
-9.855229554488764698e-01,1.659933889688764430e-01,3.450650810990578410e-02,1.056446711995323540e+02,-1.490894503915106695e-01,-7.515865268954677880e-01,-6.425651938684239228e-01,3.519021321741465869e+01,-8.072694757804842192e-02,-6.384073052588256081e-01,7.654536383915720998e-01,-1.622039762892421066e+01,0.000000000000000000e+00,0.000000000000000000e+00,0.000000000000000000e+00,1.000000000000000056e-01
-9.833162050701862444e-01,1.782153534413751239e-01,3.644898687388342662e-02,1.043923933408622986e+02,-1.592751756867776258e-01,-7.467392260340486310e-01,-6.457646217562678093e-01,3.496765449597619124e+01,-8.786728205830028615e-02,-6.407962360219006115e-01,7.626660636503054258e-01,-1.631931971680060300e+01,0.000000000000000000e+00,0.000000000000000000e+00,0.000000000000000000e+00,1.000000000000000056e-01
-9.814336155143863483e-01,1.873295694857123328e-01,4.117876557957500516e-02,1.031382899174460590e+02,-1.689162468037590514e-01,-7.424705422738195892e-01,-6.482320536824385249e-01,3.473686544109209251e+01,-9.085901113313685218e-02,-6.431524906675850639e-01,7.603285565096121745e-01,-1.641262365914550259e+01,0.000000000000000000e+00,0.000000000000000000e+00,0.000000000000000000e+00,1.000000000000000056e-01
-9.793219097558170105e-01,1.973388241623506290e-01,4.456439779061799333e-02,1.019178181658638209e+02,-1.781507145248056034e-01,-7.368133203659126274e-01,-6.522027704983016649e-01,3.448968478050226594e+01,-9.586928593934967990e-02,-6.466556420611978551e-01,7.567334805622777383e-01,-1.651425190135265098e+01,0.000000000000000000e+00,0.000000000000000000e+00,0.000000000000000000e+00,1.000000000000000056e-01
-9.765801615459119844e-01,2.095539762021307317e-01,4.876801341902753384e-02,1.007152675660502013e+02,-1.893695818556702104e-01,-7.295803983602247023e-01,-6.571541704930018435e-01,3.423752672749075288e+01,-1.021290827471305618e-01,-6.509989042897180722e-01,7.521768921409486275e-01,-1.662360824530064107e+01,0.000000000000000000e+00,0.000000000000000000e+00,0.000000000000000000e+00,1.000000000000000056e-01
-9.751588466847276315e-01,2.151514242062742832e-01,5.267910776126783629e-02,9.945038903133414010e+01,-1.953677253929845536e-01,-7.233322485367061905e-01,-6.622853690831494999e-01,3.396594462526218905e+01,-1.043871429213523438e-01,-6.561252341503441832e-01,7.473974856151666124e-01,-1.674764540466784268e+01,0.000000000000000000e+00,0.000000000000000000e+00,0.000000000000000000e+00,1.000000000000000056e-01
-9.482995421728728225e-01,3.172895142847250161e-01,7.439249940954087426e-03,9.832520132111106648e+01,-2.170721164500287181e-01,-6.313183231325534273e-01,-7.445245940444188415e-01,3.415505295170827083e+01,-2.315333120192986094e-01,-7.076471853982496674e-01,6.675535831851324708e-01,-1.702635910898939997e+01,0.000000000000000000e+00,0.000000000000000000e+00,0.000000000000000000e+00,1.000000000000000056e-01
-9.019915926489350255e-01,4.317470860413057387e-01,2.370756309470534173e-03,9.719378729607687717e+01,-2.548653020038367245e-01,-5.280077916020613493e-01,-8.100934821624027338e-01,3.431174438211577638e+01,-3.485037225412817019e-01,-7.313017336929780177e-01,5.862959403513843260e-01,-1.750095464634631170e+01,0.000000000000000000e+00,0.000000000000000000e+00,0.000000000000000000e+00,1.000000000000000056e-01
-8.402954258912660457e-01,5.414515610835476389e-01,2.708882105970705778e-02,9.622130235370921980e+01,-2.950098908516234908e-01,-4.147703704367746713e-01,-8.607756409816983423e-01,3.442971542872491142e+01,-4.548326742066017281e-01,-7.312973039796671904e-01,5.082632110099465361e-01,-1.808463441836309471e+01,0.000000000000000000e+00,0.000000000000000000e+00,0.000000000000000000e+00,1.000000000000000056e-01
-7.618536108460638445e-01,6.423571011921891394e-01,8.340521679596765714e-02,9.533293251360575482e+01,-3.427342733790862406e-01,-2.904924360363234648e-01,-8.933909348415129958e-01,3.450012059154822452e+01,-5.496474265309758689e-01,-7.092189359807381521e-01,4.414705056447431053e-01,-1.882176770562440282e+01,0.000000000000000000e+00,0.000000000000000000e+00,0.000000000000000000e+00,1.000000000000000056e-01
-6.716706194555184251e-01,7.221157962763038451e-01,1.655516708719083352e-01,9.451832117848397274e+01,-3.962007156407449937e-01,-1.612992816807972130e-01,-9.038846910170682536e-01,3.449830287462135914e+01,-6.260060478030564646e-01,-6.727044808067647041e-01,3.944427837044286456e-01,-1.967755669695570475e+01,0.000000000000000000e+00,0.000000000000000000e+00,0.000000000000000000e+00,1.000000000000000056e-01
-5.746674396442581489e-01,7.745967998195446569e-01,2.641157540209098098e-01,9.385069876552726953e+01,-4.502033973786683241e-01,-2.970831484936353739e-02,-8.924316875915579983e-01,3.443839729513781833e+01,-6.834282952888460771e-01,-6.317572427270871094e-01,3.657985121080322699e-01,-2.059969431546188900e+01,0.000000000000000000e+00,0.000000000000000000e+00,0.000000000000000000e+00,1.000000000000000056e-01
-4.618632249693190861e-01,8.044541796233761755e-01,3.735449562066405216e-01,9.330316519142886023e+01,-5.075005660490070625e-01,1.057093430808735413e-01,-8.551425087348585308e-01,3.429429387574965205e+01,-7.274101572571539664e-01,-5.845331536122575500e-01,3.594376934146326086e-01,-2.161972387252328076e+01,0.000000000000000000e+00,0.000000000000000000e+00,0.000000000000000000e+00,1.000000000000000056e-01
-3.471062489919534144e-01,8.029458049376162476e-01,4.845567936205408266e-01,9.288885320071065621e+01,-5.679817379816797240e-01,2.311584316483137336e-01,-7.899129855858822991e-01,3.409206288465818346e+01,-7.462667064997918764e-01,-5.494031432481755184e-01,3.758220176612571128e-01,-2.267684518843314478e+01,0.000000000000000000e+00,0.000000000000000000e+00,0.000000000000000000e+00,1.000000000000000056e-01
-2.192290274529391514e-01,7.807850929135504714e-01,5.850754414654720792e-01,9.265364991796805327e+01,-6.229291407580495044e-01,3.495227922106479701e-01,-6.998522010537013838e-01,3.383373593623400666e+01,-7.509313677803565179e-01,-5.178884594285246834e-01,4.097482452363555572e-01,-2.375130363520750620e+01,0.000000000000000000e+00,0.000000000000000000e+00,0.000000000000000000e+00,1.000000000000000056e-01
-8.971830287381710178e-02,7.347797304090064596e-01,6.723461711867702029e-01,9.258787062022102532e+01,-6.740047990923039301e-01,4.522110734551456623e-01,-5.841426844916299821e-01,3.352374151305531313e+01,-7.332585880369797415e-01,-5.055728363199634146e-01,4.546734545202768540e-01,-2.481794687033929137e+01,0.000000000000000000e+00,0.000000000000000000e+00,0.000000000000000000e+00,1.000000000000000056e-01
4.084167795421089764e-02,6.755641824821799757e-01,7.361691332085774642e-01,9.266510666330161428e+01,-7.191573311465254692e-01,5.313694731393134862e-01,-4.477267203036412457e-01,3.313705357138121599e+01,-6.936459402318239098e-01,-5.111355185885952945e-01,5.075389553887235117e-01,-2.583128327386341994e+01,0.000000000000000000e+00,0.000000000000000000e+00,0.000000000000000000e+00,1.000000000000000056e-01
1.678416324926348402e-01,6.061030563190001885e-01,7.774755761584891678e-01,9.290315736785046852e+01,-7.583410159140491213e-01,5.832932345671786312e-01,-2.910118658931389879e-01,3.270413328086208793e+01,-6.298794249573925752e-01,-5.407477116261569794e-01,5.575336961892252141e-01,-2.680784767890668618e+01,0.000000000000000000e+00,0.000000000000000000e+00,0.000000000000000000e+00,1.000000000000000056e-01
2.916546633948364775e-01,5.343385379401416335e-01,7.933598705455404687e-01,9.332743489262956871e+01,-7.830366003537733155e-01,6.097319828050803414e-01,-1.228030604300660855e-01,3.219773432617122211e+01,-5.493552947104907158e-01,-5.854137306355029491e-01,5.962378083927359906e-01,-2.772681489370352992e+01,0.000000000000000000e+00,0.000000000000000000e+00,0.000000000000000000e+00,1.000000000000000056e-01
4.028934254295815087e-01,4.700985097548062708e-01,7.852924798264203643e-01,9.387635626228207286e+01,-7.967195967449089977e-01,6.024300279591021656e-01,4.812427221086412743e-02,3.169901702018009715e+01,-4.504606219285413049e-01,-6.450468607314556735e-01,6.172517926683129819e-01,-2.852295448219447138e+01,0.000000000000000000e+00,0.000000000000000000e+00,0.000000000000000000e+00,1.000000000000000056e-01
4.935465962786711458e-01,4.240607643618969913e-01,7.593314331901069858e-01,9.457715651800148748e+01,-8.041149167242556128e-01,5.551493207703961374e-01,2.126227465482260492e-01,3.117228983096901374e+01,-3.313773649531327470e-01,-7.155289650160721049e-01,6.149856439135362729e-01,-2.920086450620406637e+01,0.000000000000000000e+00,0.000000000000000000e+00,0.000000000000000000e+00,1.000000000000000056e-01
5.682354420873001466e-01,3.936537497750438597e-01,7.225961580605710921e-01,9.541990217414161179e+01,-7.975482869387295892e-01,4.796300004716695931e-01,3.658849445503931097e-01,3.058671203506331082e+01,-2.025468152229221719e-01,-7.842141212293958219e-01,5.865006391364445681e-01,-2.974645425443565827e+01,0.000000000000000000e+00,0.000000000000000000e+00,0.000000000000000000e+00,1.000000000000000056e-01
6.266195036488146908e-01,3.878802026059993135e-01,6.759415256316496645e-01,9.630703511816162177e+01,-7.770321991647053395e-01,3.774467118672080179e-01,5.037409464813186188e-01,3.008911962668791418e+01,-5.974076588205862182e-02,-8.408822320200147749e-01,5.379108780874980456e-01,-3.009580971450883879e+01,0.000000000000000000e+00,0.000000000000000000e+00,0.000000000000000000e+00,1.000000000000000056e-01
6.650871530434540047e-01,3.992430899664915489e-01,6.310816381186836743e-01,9.728716786062759070e+01,-7.415669579694434965e-01,2.535552465014798695e-01,6.211184941857065267e-01,2.954129873695991293e+01,8.796320653829514669e-02,-8.810872216106541144e-01,4.647018207516724342e-01,-3.026266971019687801e+01,0.000000000000000000e+00,0.000000000000000000e+00,0.000000000000000000e+00,1.000000000000000056e-01
6.789646316819109018e-01,4.268170623581534762e-01,5.973560280142850010e-01,9.831494925437620225e+01,-6.957247008724447568e-01,1.142046744896485500e-01,7.091716526488216488e-01,2.908871132887137634e+01,2.344657107574459332e-01,-8.970978138445493411e-01,3.744881077875986675e-01,-3.026015616225937066e+01,0.000000000000000000e+00,0.000000000000000000e+00,0.000000000000000000e+00,1.000000000000000056e-01
6.685037691751487543e-01,4.631630720145366031e-01,5.818785778155756150e-01,9.934043654344279162e+01,-6.424256468385096674e-01,-3.455374610267014646e-02,7.655686297872943413e-01,2.870895771853169265e+01,3.746892030506646654e-01,-8.855992363097033859e-01,2.744485266218935626e-01,-3.013552861054409959e+01,0.000000000000000000e+00,0.000000000000000000e+00,0.000000000000000000e+00,1.000000000000000056e-01
6.380195791411639172e-01,5.086893950743529569e-01,5.780710302129150602e-01,1.003310167706935658e+02,-5.771621483267954655e-01,-1.810234586751393593e-01,7.963129798942679693e-01,2.838453033007212412e+01,5.097203852813132485e-01,-8.417039899799568792e-01,1.780997531735811767e-01,-2.978502524079942404e+01,0.000000000000000000e+00,0.000000000000000000e+00,0.000000000000000000e+00,1.000000000000000056e-01
5.863779953982053428e-01,5.477870457117773872e-01,5.967329378064744061e-01,1.012862491267543845e+02,-5.101583607882401727e-01,-3.224810135199973615e-01,7.973358406825643563e-01,2.814120681490595288e+01,6.292052871922154678e-01,-7.719684892982867641e-01,9.036237103951527683e-02,-2.927791992055101744e+01,0.000000000000000000e+00,0.000000000000000000e+00,0.000000000000000000e+00,1.000000000000000056e-01
5.161710792038691764e-01,5.783956178690712324e-01,6.316849897087697396e-01,1.021232646840057470e+02,-4.387998363852961270e-01,-4.548003369326829581e-01,7.749911980881820650e-01,2.801575616990867701e+01,7.355420590161725336e-01,-6.772113132219321763e-01,1.904512175009420716e-02,-2.862278919453968484e+01,0.000000000000000000e+00,0.000000000000000000e+00,0.000000000000000000e+00,1.000000000000000056e-01
4.310255739896984295e-01,5.954128723710374604e-01,6.780121429456272830e-01,1.028646451127947188e+02,-3.651879904006029021e-01,-5.720013686684164433e-01,7.344740743611225531e-01,2.797769824177145281e+01,8.251391920361196286e-01,-5.641790014315751778e-01,-2.910958793336759776e-02,-2.785478884311014269e+01,0.000000000000000000e+00,0.000000000000000000e+00,0.000000000000000000e+00,1.000000000000000056e-01
3.381310785844344746e-01,5.911225987870573073e-01,7.322850858091831672e-01,1.034557234625271320e+02,-2.913015035135410047e-01,-6.741617566859363642e-01,6.787115439366588898e-01,2.807880751448968937e+01,8.948803315226441235e-01,-4.428092128957668017e-01,-5.576014014109142991e-02,-2.702399448148100802e+01,0.000000000000000000e+00,0.000000000000000000e+00,0.000000000000000000e+00,1.000000000000000056e-01
2.296468771795503461e-01,5.699821920003796949e-01,7.889122971561051134e-01,1.039955994441157969e+02,-2.197871321769749864e-01,-7.592666905113047982e-01,6.125420060774864339e-01,2.819481132777515597e+01,9.481328642817425933e-01,-3.140611301680817924e-01,-4.908847305066399436e-02,-2.610903298884624135e+01,0.000000000000000000e+00,0.000000000000000000e+00,0.000000000000000000e+00,1.000000000000000056e-01
1.145906827914038306e-01,5.194806619525103031e-01,8.467637316718175100e-01,1.044096736114091613e+02,-1.529944021528950038e-01,-8.329806148659470999e-01,5.317292620943738779e-01,2.839055705401490215e+01,9.815608429064792695e-01,-1.904813300954478206e-01,-1.597418410407791534e-02,-2.511712656260569432e+01,0.000000000000000000e+00,0.000000000000000000e+00,0.000000000000000000e+00,1.000000000000000056e-01
-5.312192871089527202e-03,4.536096557840232357e-01,8.911846389982270855e-01,1.046734084302412242e+02,-9.416708463322642775e-02,-8.874639014437912810e-01,4.511545010368883113e-01,2.871707233640762169e+01,9.955422345528989192e-01,-8.152363960020930778e-02,4.742947825726173683e-02,-2.404024684942754675e+01,0.000000000000000000e+00,0.000000000000000000e+00,0.000000000000000000e+00,1.000000000000000056e-01
-1.280618515909497379e-01,3.742752713582967461e-01,9.184324599102380304e-01,1.048032858882221774e+02,-4.934472829269412331e-02,-9.273150553553928255e-01,3.710146707354637363e-01,2.907764583375401912e+01,9.905378639692770104e-01,2.193025512328639071e-03,1.372221945688252287e-01,-2.300121155529248540e+01,0.000000000000000000e+00,0.000000000000000000e+00,0.000000000000000000e+00,1.000000000000000056e-01
-2.467379537182221583e-01,2.800828224942367717e-01,9.277251719871605351e-01,1.047752385861031286e+02,-1.548839607097199367e-02,-9.583409390042969545e-01,2.852065115236880888e-01,2.949124011286273372e+01,9.689584572013877350e-01,5.600229613171951726e-02,2.407971159417858775e-01,-2.194414274650046437e+01,0.000000000000000000e+00,0.000000000000000000e+00,0.000000000000000000e+00,1.000000000000000056e-01
-3.615268956089301433e-01,1.857544244420756552e-01,9.136703987497696300e-01,1.046462912494862110e+02,5.643651343470473813e-03,-9.794988187974924543e-01,2.013708349633358818e-01,2.992698152547256996e+01,9.323445998936676915e-01,7.795741000386632868e-02,3.530668340054129439e-01,-2.095134993098404053e+01,0.000000000000000000e+00,0.000000000000000000e+00,0.000000000000000000e+00,1.000000000000000056e-01
-4.753900497689076410e-01,9.695206874446497813e-02,8.744167181309405734e-01,1.043551758296118948e+02,1.373882977374277226e-02,-9.929700130629188770e-01,1.175661418703345534e-01,3.039399582964842494e+01,8.796678606935486311e-01,6.790323647659253503e-02,4.707160559603207339e-01,-2.001355552528375981e+01,0.000000000000000000e+00,0.000000000000000000e+00,0.000000000000000000e+00,1.000000000000000056e-01
-5.827962134011284157e-01,1.724757170593729100e-02,8.124352866016808505e-01,1.039369857333315963e+02,1.431503829282820828e-02,-9.994016897372186570e-01,3.148558764049759484e-02,3.087412790867957213e+01,8.124922481623941817e-01,2.997972349173928103e-02,5.822006207961112345e-01,-1.914958883215940233e+01,0.000000000000000000e+00,0.000000000000000000e+00,0.000000000000000000e+00,1.000000000000000056e-01
-6.825818961457603695e-01,-3.852843403436269354e-02,7.297927889647296551e-01,1.034144213248085435e+02,2.866692763608062744e-03,-9.987427974026359401e-01,-5.004604588732999848e-02,3.133910740953463403e+01,7.308034873525562913e-01,-3.206843318931290598e-02,6.818342015960513480e-01,-1.837306231654610755e+01,0.000000000000000000e+00,0.000000000000000000e+00,0.000000000000000000e+00,1.000000000000000056e-01
-7.726780911429906862e-01,-7.695007276767783233e-02,6.301168572325881456e-01,1.028300775706873935e+02,-1.488404547589235530e-02,-9.901566777154369170e-01,-1.391697480266484988e-01,3.176554282645426497e+01,6.346235361676215714e-01,-1.169121032082579142e-01,7.639270432872011796e-01,-1.774554873597683269e+01,0.000000000000000000e+00,0.000000000000000000e+00,0.000000000000000000e+00,1.000000000000000056e-01
-8.485674229234285715e-01,-8.690835282261999417e-02,5.219006293948601494e-01,1.021703797949543571e+02,-3.969344574172320450e-02,-9.731799289650293616e-01,-2.265949165907533147e-01,3.220574974850853778e+01,5.275962084001751817e-01,-2.129970987344207423e-01,8.223590923753919535e-01,-1.725897052818967836e+01,0.000000000000000000e+00,0.000000000000000000e+00,0.000000000000000000e+00,1.000000000000000056e-01
-9.098862526637305770e-01,-6.806504845579094964e-02,4.092360643837055223e-01,1.014618937636311102e+02,-7.034324928051222114e-02,-9.468525671476002437e-01,-3.138822125681207109e-01,3.260520381100982945e+01,4.088506261389521779e-01,-3.143841046629267111e-01,8.567402174761475919e-01,-1.687718349775046178e+01,0.000000000000000000e+00,0.000000000000000000e+00,0.000000000000000000e+00,1.000000000000000056e-01
-9.540166691368698881e-01,-2.601608878234883820e-02,2.986224340759760509e-01,1.007112198149551574e+02,-1.013022566855132645e-01,-9.096293047283798838e-01,-4.028801071904468678e-01,3.297250602897101146e+01,2.821170817221355098e-01,-4.146054643921526228e-01,8.651660309424736850e-01,-1.663212727961223436e+01,0.000000000000000000e+00,0.000000000000000000e+00,0.000000000000000000e+00,1.000000000000000056e-01
-9.779435919230730079e-01,4.379618438444279893e-02,2.042259171847741195e-01,9.997274825141957422e+01,-1.412314839100836661e-01,-8.590198273178737409e-01,-4.920758114633619895e-01,3.331405963431471662e+01,1.538830691439253551e-01,-5.100655158978445458e-01,8.462583355705937116e-01,-1.652671297388969407e+01,0.000000000000000000e+00,0.000000000000000000e+00,0.000000000000000000e+00,1.000000000000000056e-01
-9.839529179689852079e-01,1.307231498298959960e-01,1.214418104232247997e-01,9.922608357378345545e+01,-1.771751018176958292e-01,-7.963423801733948704e-01,-5.783146175185801541e-01,3.360359233631876208e+01,2.111015197029667001e-02,-5.905508205381845288e-01,8.067242960550201625e-01,-1.654410047767639114e+01,0.000000000000000000e+00,0.000000000000000000e+00,0.000000000000000000e+00,1.000000000000000056e-01
-9.826574648399930556e-01,1.386707921865942827e-01,1.231045010898486058e-01,9.838070571452337276e+01,-1.845360479137745369e-01,-7.964338453699051357e-01,-5.758815650545444642e-01,3.342760485736405940e+01,1.818663835356237879e-02,-5.886115368761036803e-01,8.082114233551440652e-01,-1.652296085218906541e+01,0.000000000000000000e+00,0.000000000000000000e+00,0.000000000000000000e+00,1.000000000000000056e-01
-9.809258634243862573e-01,1.483679086557059268e-01,1.255842910011226166e-01,9.754120637379082837e+01,-1.938253628640763115e-01,-7.954438805117658440e-01,-5.741957520454094022e-01,3.322621711207050765e+01,1.470303287528411385e-02,-5.875848846230783407e-01,8.090289390292242366e-01,-1.648316803628386751e+01,0.000000000000000000e+00,0.000000000000000000e+00,0.000000000000000000e+00,1.000000000000000056e-01
-9.800193406487778258e-01,1.540020613633732438e-01,1.258787394684530991e-01,9.674035188861716961e+01,-1.985240354090993531e-01,-7.963550219689985443e-01,-5.713203010130508686e-01,3.303891302745424241e+01,1.225966228007705633e-02,-5.848949000295592393e-01,8.110164342355772327e-01,-1.646022110733163402e+01,0.000000000000000000e+00,0.000000000000000000e+00,0.000000000000000000e+00,1.000000000000000056e-01
-9.780247993653761185e-01,1.654324285930804106e-01,1.268842125566121137e-01,9.593540726367290006e+01,-2.083584463393166886e-01,-7.970630807817735697e-01,-5.668131994702789722e-01,3.285524854794036287e+01,7.365437215960286832e-03,-5.807947630828496077e-01,8.140167034589366191e-01,-1.645140476418016817e+01,0.000000000000000000e+00,0.000000000000000000e+00,0.000000000000000000e+00,1.000000000000000056e-01
-9.767298049378296820e-01,1.752721832342023223e-01,1.236064315900498867e-01,9.516147069305051787e+01,-2.144734052890954479e-01,-7.976234662347516657e-01,-5.637357222452373806e-01,3.265083155876038745e+01,-2.158003912683253978e-04,-5.771277743238286684e-01,8.166538345799980725e-01,-1.643010931421090604e+01,0.000000000000000000e+00,0.000000000000000000e+00,0.000000000000000000e+00,1.000000000000000056e-01
-9.748026809547016835e-01,1.846674871853985211e-01,1.251305413564433588e-01,9.442414685737222158e+01,-2.230479688714539221e-01,-7.992303082023766159e-01,-5.581043970737490367e-01,3.247079039630256148e+01,-3.055615460890670487e-03,-5.719517756134381292e-01,8.202815550692277302e-01,-1.641969783128580573e+01,0.000000000000000000e+00,0.000000000000000000e+00,0.000000000000000000e+00,1.000000000000000056e-01
-9.735729319623920297e-01,1.928127969516832407e-01,1.223886084642700489e-01,9.372452348262986277e+01,-2.282163589067878195e-01,-8.013343399251020571e-01,-5.529742934207060312e-01,3.228185026221056830e+01,-8.546325378759496438e-03,-5.662918867408130996e-01,8.241604572739767987e-01,-1.641078212642132428e+01,0.000000000000000000e+00,0.000000000000000000e+00,0.000000000000000000e+00,1.000000000000000056e-01
-9.704045310406053115e-01,2.073237805199430184e-01,1.238220342539287921e-01,9.304136448700059248e+01,-2.410423528069315091e-01,-8.005655777033569009e-01,-5.486285992816898327e-01,3.208347295654515108e+01,-1.461609691953949519e-02,-5.622380330673198978e-01,8.268462758478324348e-01,-1.641202343438245848e+01,0.000000000000000000e+00,0.000000000000000000e+00,0.000000000000000000e+00,1.000000000000000056e-01
-9.673403558056590246e-01,2.210731726753277782e-01,1.240132587792385499e-01,9.237257207916741208e+01,-2.526198296893509831e-01,-8.005034782406563743e-01,-5.434863411092636376e-01,3.189100911677614647e+01,-2.087720473399128779e-02,-5.570644788961833793e-01,8.302067866951092778e-01,-1.640775779197198858e+01,0.000000000000000000e+00,0.000000000000000000e+00,0.000000000000000000e+00,1.000000000000000056e-01
-9.618683418739260027e-01,2.443819884403436171e-01,1.228280775175151773e-01,9.172263447712705897e+01,-2.713871822611037543e-01,-7.968645927770727777e-01,-5.397738582801220319e-01,3.168336828476831357e+01,-3.403366282202701515e-02,-5.525253519108191957e-01,8.328009637907138885e-01,-1.640579125654975101e+01,0.000000000000000000e+00,0.000000000000000000e+00,0.000000000000000000e+00,1.000000000000000056e-01
-9.558357149300897859e-01,2.685174202190392378e-01,1.194842295158494716e-01,9.113969555382446686e+01,-2.897468104982191539e-01,-7.928195226731860057e-01,-5.361753353842106939e-01,3.145497421150152917e+01,-4.924298803071721492e-02,-5.471157094319021308e-01,8.356072813365337248e-01,-1.643717684654096090e+01,0.000000000000000000e+00,0.000000000000000000e+00,0.000000000000000000e+00,1.000000000000000056e-01
-9.477456839048208348e-01,2.969750732915271696e-01,1.165500943083119523e-01,9.053797313914924416e+01,-3.117280826393030724e-01,-7.843532063747034044e-01,-5.362980982100780114e-01,3.123806223309641439e+01,-6.785072684804596688e-02,-5.446061452951249660e-01,8.359428361873658675e-01,-1.646104557000552404e+01,0.000000000000000000e+00,0.000000000000000000e+00,0.000000000000000000e+00,1.000000000000000056e-01
-9.361414565613253025e-01,3.320272113073956533e-01,1.157458606546028224e-01,8.998550328254530939e+01,-3.406657892375044572e-01,-7.748843836025010035e-01,-5.324481308936678259e-01,3.100482905535316647e+01,-8.709760817857681303e-02,-5.378774237690276960e-01,8.385117075206314219e-01,-1.651337629682105401e+01,0.000000000000000000e+00,0.000000000000000000e+00,0.000000000000000000e+00,1.000000000000000056e-01
-9.233955653675489650e-01,3.659006545697471857e-01,1.160057793602351645e-01,8.943177755062488643e+01,-3.692937318874203179e-01,-7.644020290049553523e-01,-5.284994585066004058e-01,3.076100942315900255e+01,-1.047032446880570983e-01,-5.308542634645955216e-01,8.409702619672437818e-01,-1.656891494690625422e+01,0.000000000000000000e+00,0.000000000000000000e+00,0.000000000000000000e+00,1.000000000000000056e-01
-9.065531189372444398e-01,4.062783701363907318e-01,1.144522979431759208e-01,8.889382355017927750e+01,-4.026859849165374539e-01,-7.511995397604178670e-01,-5.230136222083853204e-01,3.049300471253061318e+01,-1.265126084505167892e-01,-5.202279667828858534e-01,8.446048913426863480e-01,-1.663973527695668864e+01,0.000000000000000000e+00,0.000000000000000000e+00,0.000000000000000000e+00,1.000000000000000056e-01
-8.869542471592346544e-01,4.475283328058902166e-01,1.141514554536037229e-01,8.832755010989735922e+01,-4.369456721451633330e-01,-7.330051550062064436e-01,-5.213270780689788220e-01,3.020045248165608598e+01,-1.496350327958234083e-01,-5.122712504819181278e-01,8.456876036042415556e-01,-1.673130100899263795e+01,0.000000000000000000e+00,0.000000000000000000e+00,0.000000000000000000e+00,1.000000000000000056e-01
-8.640196007169027581e-01,4.902265993008122491e-01,1.146647762609149385e-01,8.783365450226051507e+01,-4.726397139887942300e-01,-7.113510196420709253e-01,-5.201840324488802292e-01,2.988521564798681140e+01,-1.734411437277661450e-01,-5.036443270723376386e-01,8.463217836439380637e-01,-1.685481812862211015e+01,0.000000000000000000e+00,0.000000000000000000e+00,0.000000000000000000e+00,1.000000000000000056e-01
-8.340360815708560693e-01,5.386303694202577708e-01,1.194200141355274414e-01,8.732841195146481539e+01,-5.147540611423514489e-01,-6.818326634259577190e-01,-5.197427013657062167e-01,2.958521216594910186e+01,-1.985247369357008851e-01,-4.949561033300448054e-01,8.459352130044881513e-01,-1.697217642055406017e+01,0.000000000000000000e+00,0.000000000000000000e+00,0.000000000000000000e+00,1.000000000000000056e-01
-8.058506397942550858e-01,5.800156500603010912e-01,1.191074809922358091e-01,8.686515411612936077e+01,-5.483771292624315397e-01,-6.551866494940203900e-01,-5.196277306175007826e-01,2.923944807724162587e+01,-2.233545845624930470e-01,-4.840581576731518010e-01,8.460498977867618731e-01,-1.710192872282023302e+01,0.000000000000000000e+00,0.000000000000000000e+00,0.000000000000000000e+00,1.000000000000000056e-01
-7.753378753671840151e-01,6.198387864999980179e-01,1.210415539032425047e-01,8.649108731532341210e+01,-5.814950588162007827e-01,-6.258786681947892117e-01,-5.197493523527091375e-01,2.889936779575051773e+01,-2.464034812932738849e-01,-4.733664240827895608e-01,8.457006284481689562e-01,-1.723940542760961137e+01,0.000000000000000000e+00,0.000000000000000000e+00,0.000000000000000000e+00,1.000000000000000056e-01
-7.389140985426507768e-01,6.627194751966761777e-01,1.216916273617224126e-01,8.611054339963028781e+01,-6.156307519350469049e-01,-5.906139451917602479e-01,-5.217029279359217675e-01,2.853795859080168995e+01,-2.738699184773510376e-01,-4.604107567597296446e-01,8.444034597354170835e-01,-1.739588392743078771e+01,0.000000000000000000e+00,0.000000000000000000e+00,0.000000000000000000e+00,1.000000000000000056e-01
-6.992720066434408022e-01,7.040217077242816313e-01,1.239842561692517664e-01,8.577682269600198595e+01,-6.491321167466581610e-01,-5.527144332198024035e-01,-5.226224739891274229e-01,2.816189802795312858e+01,-2.994096787561476569e-01,-4.459374287537425929e-01,8.435008321890626881e-01,-1.756150029540045310e+01,0.000000000000000000e+00,0.000000000000000000e+00,0.000000000000000000e+00,1.000000000000000056e-01
-6.602852607687670350e-01,7.406544024517712765e-01,1.243158499159755098e-01,8.542788274472961518e+01,-6.779367642059154209e-01,-5.165882401497401410e-01,-5.230089233244569202e-01,2.776766818674493109e+01,-3.231487554510069637e-01,-4.296133683532256664e-01,8.432124498503689169e-01,-1.775664637081679942e+01,0.000000000000000000e+00,0.000000000000000000e+00,0.000000000000000000e+00,1.000000000000000056e-01
-6.133108881298825477e-01,7.793671022901368373e-01,1.282055941416380129e-01,8.509805769719334023e+01,-7.087704955342083446e-01,-4.714290930466775720e-01,-5.247847128960406726e-01,2.736442945212515454e+01,-3.485600940462457165e-01,-4.127245208332823712e-01,8.415250030399630266e-01,-1.794332993919982400e+01,0.000000000000000000e+00,0.000000000000000000e+00,0.000000000000000000e+00,1.000000000000000056e-01
-5.647105173670612377e-01,8.151077409211814340e-01,1.292339052470156679e-01,8.480307431975636234e+01,-7.363814861972844961e-01,-4.269572157014502878e-01,-5.248331570569300109e-01,2.694056926358002713e+01,-3.726182206507148709e-01,-3.915442588658833989e-01,8.413374798428162604e-01,-1.814365507398784771e+01,0.000000000000000000e+00,0.000000000000000000e+00,0.000000000000000000e+00,1.000000000000000056e-01
-5.114823046420771124e-01,8.491775372463102878e-01,1.314662020228778150e-01,8.452318400757501138e+01,-7.622094919607936836e-01,-3.777108183247805950e-01,-5.257102130311841481e-01,2.650486866349855219e+01,-3.967650972589420455e-01,-3.690962583889403348e-01,8.404435790940322226e-01,-1.835904781352599358e+01,0.000000000000000000e+00,0.000000000000000000e+00,0.000000000000000000e+00,1.000000000000000056e-01
-4.553728324941450634e-01,8.803183596544853495e-01,1.329479938979756526e-01,8.432462678645352128e+01,-7.868697107544239122e-01,-3.280979755562767330e-01,-5.226736809263718975e-01,2.609691360272729810e+01,-4.164992697754814621e-01,-3.426241440574637753e-01,8.421027574977897334e-01,-1.857765623133958144e+01,0.000000000000000000e+00,0.000000000000000000e+00,0.000000000000000000e+00,1.000000000000000056e-01
-3.957401356046177376e-01,9.087652625630463499e-01,1.324214583455267935e-01,8.415387878393083554e+01,-8.072215713386589053e-01,-2.754523065836773643e-01,-5.220338701303568474e-01,2.567036881640290957e+01,-4.379304509133672418e-01,-3.134832122402237409e-01,8.425824563841605164e-01,-1.880747347050278151e+01,0.000000000000000000e+00,0.000000000000000000e+00,0.000000000000000000e+00,1.000000000000000056e-01
-3.360834558386356363e-01,9.326300635726452182e-01,1.313357347870099945e-01,8.399555009766918090e+01,-8.252940280704101905e-01,-2.244307206032203350e-01,-5.181897518099297661e-01,2.523837737137924009e+01,-4.538035675739858776e-01,-2.825456001604045864e-01,8.451214740421163496e-01,-1.904471719358067716e+01,0.000000000000000000e+00,0.000000000000000000e+00,0.000000000000000000e+00,1.000000000000000056e-01
-2.726241146272101457e-01,9.528774076071294674e-01,1.330441212367012294e-01,8.388520844999720794e+01,-8.405074729087070873e-01,-1.685814780767398435e-01,-5.149053051135525916e-01,2.483382381261180427e+01,-4.682128576922559016e-01,-2.522001810494552410e-01,8.468599580628861645e-01,-1.926344587795399121e+01,0.000000000000000000e+00,0.000000000000000000e+00,0.000000000000000000e+00,1.000000000000000056e-01
-2.115985242927866938e-01,9.680496230392262591e-01,1.345585071659442800e-01,8.382833869797200066e+01,-8.516973330130813702e-01,-1.151043194812775283e-01,-5.112363920684410701e-01,2.440713461966822706e+01,-4.794139312280357723e-01,-2.227799878139068157e-01,8.488411863087910181e-01,-1.950640114884091858e+01,0.000000000000000000e+00,0.000000000000000000e+00,0.000000000000000000e+00,1.000000000000000056e-01
-1.519342545169894976e-01,9.790709967865532937e-01,1.354103598538604347e-01,8.375429295585213652e+01,-8.584280606037825168e-01,-6.280512352678546684e-02,-5.090744358409822201e-01,2.397221213457567757e+01,-4.899155509599545377e-01,-1.935858974981662373e-01,8.500042665877822756e-01,-1.974182402742082942e+01,0.000000000000000000e+00,0.000000000000000000e+00,0.000000000000000000e+00,1.000000000000000056e-01
-9.184202227937920959e-02,9.860465916879889159e-01,1.388422196744722170e-01,8.370972302956975852e+01,-8.624094207497959852e-01,-9.059578204294593817e-03,-5.061303340492065983e-01,2.351415100309689166e+01,-4.978102388919247723e-01,-1.662228716610944235e-01,8.512079199532298635e-01,-2.000668942001539108e+01,0.000000000000000000e+00,0.000000000000000000e+00,0.000000000000000000e+00,1.000000000000000056e-01
-2.672356127243702417e-02,9.900172523632122523e-01,1.383896357973179725e-01,8.370305158134829071e+01,-8.648833497083463495e-01,4.652052274813889277e-02,-4.998125972407162498e-01,2.307930156781286968e+01,-5.012610524169903714e-01,-1.330476643404005233e-01,8.550062434528623578e-01,-2.025341237802907557e+01,0.000000000000000000e+00,0.000000000000000000e+00,0.000000000000000000e+00,1.000000000000000056e-01
3.424691447013183954e-02,9.898062088684179693e-01,1.382418812618126935e-01,8.371211865159079935e+01,-8.640180778936078498e-01,9.884240344562655878e-02,-4.936627799967578945e-01,2.262973521505082530e+01,-5.022946445287973516e-01,-1.025370575285912411e-01,8.585955054104741357e-01,-2.049847533794877208e+01,0.000000000000000000e+00,0.000000000000000000e+00,0.000000000000000000e+00,1.000000000000000056e-01
8.986578792471688892e-02,9.862785775473551508e-01,1.384872110768208264e-01,8.381092956282579109e+01,-8.596306648395496408e-01,1.470310095248903437e-01,-4.893025672379063273e-01,2.220099716678961599e+01,-5.029505544565828767e-01,-7.507629259132120314e-02,8.610483668543587044e-01,-2.074784663374891025e+01,0.000000000000000000e+00,0.000000000000000000e+00,0.000000000000000000e+00,1.000000000000000056e-01
1.426817506700250870e-01,9.796172604388110328e-01,1.413928607677756577e-01,8.393906212446349002e+01,-8.523058669407351795e-01,1.942337912960966362e-01,-4.856417851638659133e-01,2.178363279016512521e+01,-5.032063465459660767e-01,-5.121774467021300570e-02,8.626471558098119941e-01,-2.101807612043172924e+01,0.000000000000000000e+00,0.000000000000000000e+00,0.000000000000000000e+00,1.000000000000000056e-01
1.854841996627469847e-01,9.720249851415103670e-01,1.440938580790886991e-01,8.409035836691583654e+01,-8.440242196727678614e-01,2.326883241613799669e-01,-4.831969167997078873e-01,2.134650464944831683e+01,-5.032084342310305658e-01,-3.199331273274064191e-02,8.635726371644365518e-01,-2.128481353100622542e+01,0.000000000000000000e+00,0.000000000000000000e+00,0.000000000000000000e+00,1.000000000000000056e-01
2.286810818441388227e-01,9.634452272666316208e-01,1.395645258070362937e-01,8.422996936015692881e+01,-8.355055999501517228e-01,2.678168568781903458e-01,-4.797963355673156571e-01,2.088232050919491911e+01,-4.996352221956850137e-01,-6.886597783779035975e-03,8.662085311935185938e-01,-2.157351373155095331e+01,0.000000000000000000e+00,0.000000000000000000e+00,0.000000000000000000e+00,1.000000000000000056e-01
2.643370078968559911e-01,9.549103765626425488e-01,1.351744021223317271e-01,8.438965699465867942e+01,-8.277127927899248228e-01,2.965620264230035552e-01,-4.763848204296445288e-01,2.042638864558264089e+01,-4.949924028791153341e-01,1.404055614546972919e-02,8.687838533692286980e-01,-2.182990818094597074e+01,0.000000000000000000e+00,0.000000000000000000e+00,0.000000000000000000e+00,1.000000000000000056e-01
2.918913388241772822e-01,9.470947635026051303e-01,1.334576909187850380e-01,8.454408867572303166e+01,-8.223731539995572382e-01,3.197644079637168568e-01,-4.705880565637361457e-01,1.997989313679017087e+01,-4.883665036632323098e-01,2.760855565867734174e-02,8.722017689469517832e-01,-2.207198473994524690e+01,0.000000000000000000e+00,0.000000000000000000e+00,0.000000000000000000e+00,1.000000000000000056e-01
3.167451803260089571e-01,9.391520733370125606e-01,1.329130312912728540e-01,8.470743348371408388e+01,-8.172906788210571039e-01,3.413466138465175437e-01,-4.642396315780592531e-01,1.956169356373328938e+01,-4.813610256890973327e-01,3.841708425046355679e-02,8.756801302902977868e-01,-2.231754746285233537e+01,0.000000000000000000e+00,0.000000000000000000e+00,0.000000000000000000e+00,1.000000000000000056e-01
3.376739276314077998e-01,9.322634121344239855e-01,1.298508721320740800e-01,8.488806657596830973e+01,-8.141830273183012778e-01,3.585155676245226353e-01,-4.566974773279058875e-01,1.913172961904700387e+01,-4.723159076558670066e-01,4.849245473625626857e-02,8.800944069864702346e-01,-2.257006236787465880e+01,0.000000000000000000e+00,0.000000000000000000e+00,0.000000000000000000e+00,1.000000000000000056e-01
3.534014376985755712e-01,9.269626451446730808e-01,1.258875622886186096e-01,8.508310069893670402e+01,-8.111825373727368227e-01,3.706858770838208361e-01,-4.522995374661873957e-01,1.871341189444899200e+01,-4.659295170882699066e-01,5.772551461000136053e-02,8.829368324341794194e-01,-2.280523454663688554e+01,0.000000000000000000e+00,0.000000000000000000e+00,0.000000000000000000e+00,1.000000000000000056e-01
3.657999340243771602e-01,9.221642945154626680e-01,1.257116628979205175e-01,8.528344084532572822e+01,-8.072372653078754290e-01,3.815946753446924911e-01,-4.502815799550784481e-01,1.826918115663018582e+01,-4.632044967031561655e-01,6.323383326493725587e-02,8.839926903343703346e-01,-2.304553473966942789e+01,0.000000000000000000e+00,0.000000000000000000e+00,0.000000000000000000e+00,1.000000000000000056e-01
3.762472286418959699e-01,9.181669807253004523e-01,1.241266226281787788e-01,8.548874919918534943e+01,-8.022348579494197329e-01,3.898642691142817363e-01,-4.521339230348249139e-01,1.780057998231617944e+01,-4.635269740049298148e-01,7.053543204498283203e-02,8.832709081567561293e-01,-2.330942095094669497e+01,0.000000000000000000e+00,0.000000000000000000e+00,0.000000000000000000e+00,1.000000000000000056e-01
3.886044401906330048e-01,9.127658130705265105e-01,1.258775577846407145e-01,8.571657667479823317e+01,-7.970582915432216087e-01,4.015477434531642409e-01,-4.510626227142664479e-01,1.734053644185471299e+01,-4.622603908473292833e-01,7.495318683933738235e-02,8.835707955994820395e-01,-2.356797641276188315e+01,0.000000000000000000e+00,0.000000000000000000e+00,0.000000000000000000e+00,1.000000000000000056e-01
3.976643499182016539e-01,9.091174350318449449e-01,1.239699726758577425e-01,8.594363727141617915e+01,-7.932163771313589518e-01,4.085423760830729778e-01,-4.515538793931442862e-01,1.689642525599993306e+01,-4.611624918125230010e-01,8.123186730289924662e-02,8.835895766020266384e-01,-2.382855228125729141e+01,0.000000000000000000e+00,0.000000000000000000e+00,0.000000000000000000e+00,1.000000000000000056e-01
4.035719404831752399e-01,9.069863224882176445e-01,1.204387797760476109e-01,8.617602260882789267e+01,-7.924187500152738428e-01,4.122890846444822177e-01,-4.495444753383648351e-01,1.641379605199272262e+01,-4.573862847516038665e-01,8.598558892229421491e-02,8.851012738770693833e-01,-2.409427427032819224e+01,0.000000000000000000e+00,0.000000000000000000e+00,0.000000000000000000e+00,1.000000000000000056e-01
4.093402456555075286e-01,9.051591272776580155e-01,1.145753795221176041e-01,8.641774507171336950e+01,-7.913501537991687318e-01,4.147299553314438558e-01,-4.491814758344455094e-01,1.592552421919657846e+01,-4.540985546868882006e-01,9.319881145554947954e-02,8.860634763799668523e-01,-2.435254614005266305e+01,0.000000000000000000e+00,0.000000000000000000e+00,0.000000000000000000e+00,1.000000000000000056e-01
4.157231712464847240e-01,9.025416387746769686e-01,1.122178023607952047e-01,8.667218426018958155e+01,-7.903334441629823459e-01,4.195523776840637264e-01,-4.464849934960042344e-01,1.542908235809876949e+01,-4.500525435171365829e-01,9.692467517391681331e-02,8.877264868281145027e-01,-2.463431063872998905e+01,0.000000000000000000e+00,0.000000000000000000e+00,0.000000000000000000e+00,1.000000000000000056e-01
4.225106900712208846e-01,8.997570934770199313e-01,1.091874054702560437e-01,8.694580598321198295e+01,-7.891640298490670835e-01,4.244484957480459952e-01,-4.439184704983584195e-01,1.491315966334467902e+01,-4.457632227628492982e-01,1.013935263959510891e-01,8.893899606118071954e-01,-2.493248272853139369e+01,0.000000000000000000e+00,0.000000000000000000e+00,0.000000000000000000e+00,1.000000000000000056e-01
4.266345117740422133e-01,8.980069726773416416e-01,1.075475261742499800e-01,8.722822857117522233e+01,-7.877709345327661428e-01,4.273859789465028758e-01,-4.435743226397488304e-01,1.437629329399522859e+01,-4.442971393883796694e-01,1.045212993739347285e-01,8.897614005498817313e-01,-2.520974918844143176e+01,0.000000000000000000e+00,0.000000000000000000e+00,0.000000000000000000e+00,1.000000000000000056e-01
4.339470385818058329e-01,8.946303895655840499e-01,1.064257195033792014e-01,8.750885897953696713e+01,-7.863914326085701401e-01,4.337654142550282366e-01,-4.398136879588951942e-01,1.384520796112758134e+01,-4.396344873027153710e-01,1.071635733908448129e-01,8.917608906608226471e-01,-2.550735073579797074e+01,0.000000000000000000e+00,0.000000000000000000e+00,0.000000000000000000e+00,1.000000000000000056e-01
4.406675541986068145e-01,8.916986015886660955e-01,1.033717108373248816e-01,8.780610665215830579e+01,-7.851064947721382303e-01,4.386775316192544905e-01,-4.372297052111681070e-01,1.330584529841533481e+01,-4.352239636592002414e-01,1.115151432642922380e-01,8.933893184270336185e-01,-2.579199599835620305e+01,0.000000000000000000e+00,0.000000000000000000e+00,0.000000000000000000e+00,1.000000000000000056e-01
4.515382309954540929e-01,8.865551117508374546e-01,1.006640937869909269e-01,8.810984515293343122e+01,-7.797755010891631589e-01,4.469325953225994352e-01,-4.384078274156953947e-01,1.272682594746290263e+01,-4.336627651189810528e-01,1.194625006714060689e-01,8.931211099748419535e-01,-2.609982888503353138e+01,0.000000000000000000e+00,0.000000000000000000e+00,0.000000000000000000e+00,1.000000000000000056e-01
4.610608241162756915e-01,8.817949721993899592e-01,9.930026922973578252e-02,8.841147414864224174e+01,-7.769751920070161466e-01,4.552216944211150418e-01,-4.348364749351525393e-01,1.217509908563151910e+01,-4.286402541419567225e-01,1.233322177382953910e-01,8.950177074208489625e-01,-2.639739692843989971e+01,0.000000000000000000e+00,0.000000000000000000e+00,0.000000000000000000e+00,1.000000000000000056e-01
4.755309234862248324e-01,8.742280025730785331e-01,9.795784973867024958e-02,8.874127205931657159e+01,-7.713112201957547098e-01,4.678948092781419765e-01,-4.314550371136109952e-01,1.160904107205374736e+01,-4.230240447166975226e-01,1.296142236317327778e-01,8.968003181443842120e-01,-2.669038446225046712e+01,0.000000000000000000e+00,0.000000000000000000e+00,0.000000000000000000e+00,1.000000000000000056e-01
4.862245481519233969e-01,8.687826729141038262e-01,9.382087197784624855e-02,8.909820091742413695e+01,-7.669023637442818897e-01,4.757235188224940847e-01,-4.307527111029916256e-01,1.103974695730146038e+01,-4.188632870733495217e-01,1.374910938329081400e-01,8.975799384226116340e-01,-2.699947675207555875e+01,0.000000000000000000e+00,0.000000000000000000e+00,0.000000000000000000e+00,1.000000000000000056e-01
5.011869489512379428e-01,8.606364532359639385e-01,9.009182849942518057e-02,8.947346491456394801e+01,-7.607801188614130572e-01,4.878440227465876688e-01,-4.280441802146611741e-01,1.044967318621570840e+01,-4.123411851199969558e-01,1.459900847038852756e-01,8.992561605137819880e-01,-2.731012711637677981e+01,0.000000000000000000e+00,0.000000000000000000e+00,0.000000000000000000e+00,1.000000000000000056e-01
5.139903449352920539e-01,8.535284954811676039e-01,8.545778323215369454e-02,8.985065468093837637e+01,-7.536054918636782007e-01,4.969012811601021262e-01,-4.303113749534779320e-01,9.869021012498643941e+00,-4.097471024256341687e-01,1.567744372756710858e-01,8.986262225590201380e-01,-2.762380416065418842e+01,0.000000000000000000e+00,0.000000000000000000e+00,0.000000000000000000e+00,1.000000000000000056e-01
5.289294455432573816e-01,8.445669137234721457e-01,8.330888236503775079e-02,9.023607601279296375e+01,-7.444456240299890393e-01,5.088656123110442131e-01,-4.322690151629035582e-01,9.288214613816776932e+00,-4.074731334700518182e-01,1.666208775961631194e-01,8.978881492976626966e-01,-2.793430460455587294e+01,0.000000000000000000e+00,0.000000000000000000e+00,0.000000000000000000e+00,1.000000000000000056e-01
5.446179241459732090e-01,8.344609375770331017e-01,8.406105136738248329e-02,9.066850194186748979e+01,-7.349634093241550481e-01,5.231431008665855531e-01,-4.314511362487155610e-01,8.715563107892826622e+00,-4.040050787472172500e-01,1.731942252898525381e-01,8.982113652546946936e-01,-2.824618458002106536e+01,0.000000000000000000e+00,0.000000000000000000e+00,0.000000000000000000e+00,1.000000000000000056e-01
5.577018396684501056e-01,8.261499081953950219e-01,8.028067774481353891e-02,9.113077501751345721e+01,-7.279994790861531451e-01,5.333082226368124346e-01,-4.308121378492645315e-01,8.117813945525838903e+00,-3.987297536937970399e-01,1.818204302511251536e-01,8.988636796881825930e-01,-2.857131749190081038e+01,0.000000000000000000e+00,0.000000000000000000e+00,0.000000000000000000e+00,1.000000000000000056e-01
5.733172833450115302e-01,8.156551964126965704e-01,7.754929517965469810e-02,9.159985573229653255e+01,-7.196045457033186654e-01,5.465289858699381442e-01,-4.283402449071267437e-01,7.535074297516550779e+00,-3.917608842406500869e-01,1.897700402301228939e-01,9.002837005133668136e-01,-2.888589332239284957e+01,0.000000000000000000e+00,0.000000000000000000e+00,0.000000000000000000e+00,1.000000000000000056e-01
5.894666694689442155e-01,8.046366296469500412e-01,7.133680547646634174e-02,9.210629046092910244e+01,-7.109086611363095720e-01,5.586760545670581557e-01,-4.271884146073781086e-01,6.919429170305704702e+00,-3.835856111829145654e-01,2.010993791233135763e-01,9.013440622812398662e-01,-2.920410918295671721e+01,0.000000000000000000e+00,0.000000000000000000e+00,0.000000000000000000e+00,1.000000000000000056e-01
6.025215277556097426e-01,7.948678434549242278e-01,7.178384241850049863e-02,9.263943829974944322e+01,-7.034691719138282950e-01,5.714081705626551377e-01,-4.226391212146743959e-01,6.253977762836798959e+00,-3.769601209119058383e-01,2.041514488206186417e-01,9.034507475156150491e-01,-2.956087184750093400e+01,0.000000000000000000e+00,0.000000000000000000e+00,0.000000000000000000e+00,1.000000000000000056e-01
6.109905662226347012e-01,7.880932578758935714e-01,7.483010675860574112e-02,9.316842219736597031e+01,-6.990326898439859216e-01,5.814657373610063740e-01,-4.162341826480651652e-01,5.619872750380304538e+00,-3.715424962456189695e-01,2.020064681285760888e-01,9.061730300101591418e-01,-2.989249829219046717e+01,0.000000000000000000e+00,0.000000000000000000e+00,0.000000000000000000e+00,1.000000000000000056e-01
6.125924309886651153e-01,7.864900230829681149e-01,7.851087240853882321e-02,9.369147031371558398e+01,-7.001060601697888242e-01,5.860312903967228593e-01,-4.079446423100663299e-01,4.883501046593893058e+00,-3.668542190147657256e-01,1.949378625790899322e-01,9.096247642430158598e-01,-3.027269374016679393e+01,0.000000000000000000e+00,0.000000000000000000e+00,0.000000000000000000e+00,1.000000000000000056e-01
6.158880625610190229e-01,7.839353000790687531e-01,7.827732548302154814e-02,9.430842547198969328e+01,-6.960346492288869147e-01,5.879779715130479811e-01,-4.120893981749853552e-01,4.239634014727067246e+00,-3.690767690706835413e-01,1.993172102587777161e-01,9.077747453124059840e-01,-3.059434733708165766e+01,0.000000000000000000e+00,0.000000000000000000e+00,0.000000000000000000e+00,1.000000000000000056e-01
6.187685093134950298e-01,7.817106154175412769e-01,7.780774784996949411e-02,9.490018398097559782e+01,-6.951732661168039673e-01,5.910001000632820745e-01,-4.092102293463423246e-01,3.602142331098625139e+00,-3.658683669825129048e-01,1.991165374064136628e-01,9.091165725982721657e-01,-3.091328612648238661e+01,0.000000000000000000e+00,0.000000000000000000e+00,0.000000000000000000e+00,1.000000000000000056e-01
6.241038549109131361e-01,7.778080933891173832e-01,7.422228872598726768e-02,9.546784489150341813e+01,-6.934407894297442976e-01,5.951612832090715788e-01,-4.061070284099796424e-01,3.004313928947021317e+00,-3.600475660803592604e-01,2.019841994496529014e-01,9.108063094491013478e-01,-3.121607824653508700e+01,0.000000000000000000e+00,0.000000000000000000e+00,0.000000000000000000e+00,1.000000000000000056e-01
6.263138215780533757e-01,7.763497179581552166e-01,7.079627339477304049e-02,9.600299880648020689e+01,-6.932989582258163308e-01,5.962261378904305520e-01,-4.047850627422646119e-01,2.425447643264732278e+00,-3.564653579568317632e-01,2.044394969729536604e-01,9.116671216261741373e-01,-3.150249432629340163e+01,0.000000000000000000e+00,0.000000000000000000e+00,0.000000000000000000e+00,1.000000000000000056e-01
6.257295749535634055e-01,7.770959248896863736e-01,6.770836394623400145e-02,9.656075561943791286e+01,-6.965445364841306164e-01,5.957148588687314339e-01,-3.999368895427313775e-01,1.811017762647255891e+00,-3.511242055491767822e-01,2.030904489207951413e-01,9.140383262394468078e-01,-3.180189189223794699e+01,0.000000000000000000e+00,0.000000000000000000e+00,0.000000000000000000e+00,1.000000000000000056e-01
6.238707054798078300e-01,7.787870632760532930e-01,6.539153552247814472e-02,9.711165730835172383e+01,-6.987641855438367910e-01,5.933207365504868935e-01,-3.996237187410753844e-01,1.190698734027403782e+00,-3.500199363541817155e-01,2.036202682766336813e-01,9.143439344697192883e-01,-3.209750950440115957e+01,0.000000000000000000e+00,0.000000000000000000e+00,0.000000000000000000e+00,1.000000000000000056e-01
6.218981587245602238e-01,7.802735043159636508e-01,6.645252920309166478e-02,9.767208112940221554e+01,-7.015904173074962724e-01,5.928551059837128268e-01,-3.953399924765189644e-01,5.416744732036961052e-01,-3.478700425694847276e-01,1.992387556965931061e-01,9.161279123087442411e-01,-3.240626577009656017e+01,0.000000000000000000e+00,0.000000000000000000e+00,0.000000000000000000e+00,1.000000000000000056e-01
6.137764575326676297e-01,7.874093812979732210e-01,5.713953467252258500e-02,9.826181699256822810e+01,-7.081269220816295284e-01,5.810845503650310384e-01,-4.011196922992780189e-01,-1.927010631480138847e-02,-3.490483095530577673e-01,2.057357809692145489e-01,9.142417984467458014e-01,-3.268186424353074671e+01,0.000000000000000000e+00,0.000000000000000000e+00,0.000000000000000000e+00,1.000000000000000056e-01
6.099793211824338091e-01,7.904880360894990243e-01,5.526203515239175301e-02,9.879860771479224013e+01,-7.114181327945632294e-01,5.770108675346020677e-01,-4.011766432359482049e-01,-6.363099062841921505e-01,-3.490121316815715802e-01,2.053950426527690332e-01,9.143322199248763438e-01,-3.298109454045702194e+01,0.000000000000000000e+00,0.000000000000000000e+00,0.000000000000000000e+00,1.000000000000000056e-01
6.063147585672246098e-01,7.938793858134984838e-01,4.623780189358744908e-02,9.931290571571192061e+01,-7.173140435724127961e-01,5.710866311526840988e-01,-3.991498748746801217e-01,-1.261124160524096149e+00,-3.432826480283598380e-01,2.088434353745902694e-01,9.157190852349734733e-01,-3.327202007358830826e+01,0.000000000000000000e+00,0.000000000000000000e+00,0.000000000000000000e+00,1.000000000000000056e-01
5.998971837573017218e-01,7.988853213531078579e-01,4.365331884977086130e-02,9.981598438345274360e+01,-7.233609140886404498e-01,5.648811413856759112e-01,-3.970620657726731673e-01,-1.895281862915436211e+00,-3.418659925890622509e-01,2.066193104077100329e-01,9.167530221808585233e-01,-3.355723263040125914e+01,0.000000000000000000e+00,0.000000000000000000e+00,0.000000000000000000e+00,1.000000000000000056e-01
5.897280526572719062e-01,8.067540583858696657e-01,3.699612394550116923e-02,1.003170924581269503e+02,-7.325794083283849734e-01,5.536650480804695684e-01,-3.959576050883286680e-01,-2.531228564289386807e+00,-3.399238655968354617e-01,2.064047087931383251e-01,9.175232213877337895e-01,-3.383966979658897145e+01,0.000000000000000000e+00,0.000000000000000000e+00,0.000000000000000000e+00,1.000000000000000056e-01
5.860756896768420932e-01,8.096829231610028765e-01,3.047703908300924969e-02,1.008034624180868946e+02,-7.370365824015162604e-01,5.483623303695458473e-01,-3.950643375876567998e-01,-3.174806127113403154e+00,-3.365893078689619067e-01,2.090749113909521339e-01,9.181477654795869858e-01,-3.412138030353293061e+01,0.000000000000000000e+00,0.000000000000000000e+00,0.000000000000000000e+00,1.000000000000000056e-01
5.841182849135294619e-01,8.112408505716933727e-01,2.634599767312878482e-02,1.013189825250650955e+02,-7.393608895993876162e-01,5.451940469232258168e-01,-3.951062213257059974e-01,-3.824969674991197444e+00,-3.348899881460764005e-01,2.113095680824488842e-01,9.182575685919118769e-01,-3.440375181002718108e+01,0.000000000000000000e+00,0.000000000000000000e+00,0.000000000000000000e+00,1.000000000000000056e-01
5.769575428864572864e-01,8.165683066487594566e-01,1.833560152270416466e-02,1.018051103941854052e+02,-7.455631683894874406e-01,5.356899380165318636e-01,-3.964490537873348597e-01,-4.489802496699517143e+00,-3.335499297668201857e-01,2.150639227872072345e-01,9.178736042985043975e-01,-3.469845382995102767e+01,0.000000000000000000e+00,0.000000000000000000e+00,0.000000000000000000e+00,1.000000000000000056e-01
5.780469085503392446e-01,8.158789376586144115e-01,1.425940393026861597e-02,1.023309172376349636e+02,-7.462783647499973139e-01,5.356416513918960121e-01,-3.951665770282607459e-01,-5.158756602082490872e+00,-3.300460177330815092e-01,2.177833335662150704e-01,9.184988001077198927e-01,-3.497904318277991820e+01,0.000000000000000000e+00,0.000000000000000000e+00,0.000000000000000000e+00,1.000000000000000056e-01
5.824303362175607957e-01,8.128404210073029157e-01,8.084146842433553859e-03,1.028179914980869256e+02,-7.457846985175607957e-01,5.382860142888266086e-01,-3.924963060693952288e-01,-5.803221545492950995e+00,-3.233884458519974414e-01,2.225727224924926029e-01,9.197180526072703532e-01,-3.524576752397657486e+01,0.000000000000000000e+00,0.000000000000000000e+00,0.000000000000000000e+00,1.000000000000000056e-01
5.847396370558654022e-01,8.112107501560904543e-01,4.083587511963249206e-03,1.033138483039686548e+02,-7.464530272592774240e-01,5.400181039985127995e-01,-3.888294297623468565e-01,-6.425528994858900056e+00,-3.176278245860006400e-01,2.243157733754906347e-01,9.213007103349699634e-01,-3.549212528814689449e+01,0.000000000000000000e+00,0.000000000000000000e+00,0.000000000000000000e+00,1.000000000000000056e-01
5.838206798751685023e-01,8.118541900162916658e-01,-6.796168265073315728e-03,1.037890433766092428e+02,-7.488498553360336540e-01,5.352413721097819543e-01,-3.908203778530994210e-01,-7.064359124436549564e+00,-3.136515708765021948e-01,2.332583283294062948e-01,9.204418745101037302e-01,-3.576575217573422805e+01,0.000000000000000000e+00,0.000000000000000000e+00,0.000000000000000000e+00,1.000000000000000056e-01
5.893379637756187561e-01,8.078034251709490521e-01,-1.159270179425647695e-02,1.042922235621454377e+02,-7.476666930618157680e-01,5.399163145603560476e-01,-3.866327577399142346e-01,-7.679113913044744777e+00,-3.060641771570402625e-01,2.365248391895566904e-01,9.221608969738079864e-01,-3.600138945638984467e+01,0.000000000000000000e+00,0.000000000000000000e+00,0.000000000000000000e+00,1.000000000000000056e-01
5.941662228372071031e-01,8.041563515529398520e-01,-1.729340615469096565e-02,1.048134813899685867e+02,-7.466472490397456641e-01,5.434235226595944823e-01,-3.836779385391051456e-01,-8.328741884431298814e+00,-2.991394075355945370e-01,2.408805456596732064e-01,9.233050295443816502e-01,-3.624865560809583798e+01,0.000000000000000000e+00,0.000000000000000000e+00,0.000000000000000000e+00,1.000000000000000056e-01
6.295262284774563177e-01,7.765992968598740553e-01,-2.429526241263468833e-02,1.052383504508588032e+02,-7.247685171297879592e-01,5.756678849015867128e-01,-3.785724275094820013e-01,-9.072087425125609172e+00,-2.800130786881888656e-01,2.559297138076837563e-01,9.252527532268570720e-01,-3.652911937646486251e+01,0.000000000000000000e+00,0.000000000000000000e+00,0.000000000000000000e+00,1.000000000000000056e-01
6.489152873020180845e-01,7.605375765451100056e-01,-2.217080442001259644e-02,1.058274726238883403e+02,-7.111155693758300922e-01,5.958683813863385748e-01,-3.731695580501096510e-01,-9.709970024166823421e+00,-2.705985899760541269e-01,2.579214351831113916e-01,9.274982136780940412e-01,-3.675305023131711835e+01,0.000000000000000000e+00,0.000000000000000000e+00,0.000000000000000000e+00,1.000000000000000056e-01
6.657618828095019925e-01,7.457998068413398407e-01,-2.331873738792571149e-02,1.064428173691079849e+02,-6.989873223440914440e-01,6.124278442146233736e-01,-3.692544635246353679e-01,-1.034650239425485552e+01,-2.611088635036812877e-01,2.621350486792050627e-01,9.290357246380608336e-01,-3.697565766354497896e+01,0.000000000000000000e+00,0.000000000000000000e+00,0.000000000000000000e+00,1.000000000000000056e-01
6.821474424905382694e-01,7.308364673737068884e-01,-2.351435009389908626e-02,1.070688994101757885e+02,-6.869229759292609927e-01,6.294743885980714770e-01,-3.631787703591331518e-01,-1.099721113079024448e+01,-2.506226084057574521e-01,2.638940167108848600e-01,9.314227053814447821e-01,-3.719190411218890091e+01,0.000000000000000000e+00,0.000000000000000000e+00,0.000000000000000000e+00,1.000000000000000056e-01
6.995836581461110093e-01,7.141790526551168306e-01,-2.304313354440089279e-02,1.076899984315327714e+02,-6.736563785977847107e-01,6.484497614062425530e-01,-3.545419446366047111e-01,-1.161056308887236277e+01,-2.382641156981543107e-01,2.635549044901781546e-01,9.347561304905946944e-01,-3.739347126873071403e+01,0.000000000000000000e+00,0.000000000000000000e+00,0.000000000000000000e+00,1.000000000000000056e-01
7.127996656696798938e-01,7.010149314406475263e-01,-2.224190905603384838e-02,1.083514378959858959e+02,-6.627617052853882473e-01,6.628495102503244585e-01,-3.483926646301688246e-01,-1.220233612147627866e+01,-2.294854213853179670e-01,2.630752604449327903e-01,9.370847606878653924e-01,-3.758079423370996608e+01,0.000000000000000000e+00,0.000000000000000000e+00,0.000000000000000000e+00,1.000000000000000056e-01
7.262129131117143199e-01,6.871389599233571621e-01,-2.132732016087772464e-02,1.090116414375308977e+02,-6.521289747644000157e-01,6.787300593047655983e-01,-3.377177917564929133e-01,-1.280472448143965636e+01,-2.175835588975651991e-01,2.591631847921233578e-01,9.410057590396955218e-01,-3.776041122478691392e+01,0.000000000000000000e+00,0.000000000000000000e+00,0.000000000000000000e+00,1.000000000000000056e-01
7.365344483909337381e-01,6.760799993071989755e-01,-2.080482805122375878e-02,1.096624467502136469e+02,-6.434905273846150964e-01,6.908902934935441387e-01,-3.295307929809817016e-01,-1.337565765136922025e+01,-2.084153245318900449e-01,2.560984906109025627e-01,9.439155765252973396e-01,-3.792784178256274430e+01,0.000000000000000000e+00,0.000000000000000000e+00,0.000000000000000000e+00,1.000000000000000056e-01
7.447614435385661036e-01,6.670622777123144109e-01,-1.892907476900158870e-02,1.103195074391758652e+02,-6.365658755971171923e-01,7.016277243838819899e-01,-3.201599950043273468e-01,-1.393685441050232576e+01,-2.002854918450828192e-01,2.504924230972956911e-01,9.471743597285657845e-01,-3.808732080238598883e+01,0.000000000000000000e+00,0.000000000000000000e+00,0.000000000000000000e+00,1.000000000000000056e-01
7.467897970756367521e-01,6.647135070835246129e-01,-2.146980401518337744e-02,1.109992288780216825e+02,-6.364175432453305081e-01,7.048828422962921669e-01,-3.132297707528425290e-01,-1.448558812879826796e+01,-1.930743629623236091e-01,2.475805568638652365e-01,9.494346519006304774e-01,-3.824371834710095186e+01,0.000000000000000000e+00,0.000000000000000000e+00,0.000000000000000000e+00,1.000000000000000056e-01
7.485329317635869284e-01,6.626920805516269830e-01,-2.318741985571734499e-02,1.117423941923315596e+02,-6.368495801585614124e-01,7.087222423249062153e-01,-3.035381285535990181e-01,-1.504520092458772673e+01,-1.847188737440586814e-01,2.419751838683318890e-01,9.525371111272323832e-01,-3.839679964216514207e+01,0.000000000000000000e+00,0.000000000000000000e+00,0.000000000000000000e+00,1.000000000000000056e-01
7.490483901562849933e-01,6.621604729875880668e-01,-2.167988046857335926e-02,1.124729505441226678e+02,-6.383843409318197271e-01,7.126277449454263557e-01,-2.909074258025093895e-01,-1.565324833665150983e+01,-1.771777143359854478e-01,2.317438351862893819e-01,9.565055422713586442e-01,-3.855534044459354703e+01,0.000000000000000000e+00,0.000000000000000000e+00,0.000000000000000000e+00,1.000000000000000056e-01
7.467106787433568371e-01,6.647874911938579379e-01,-2.192609866828812426e-02,1.131565892127887594e+02,-6.427473024073201424e-01,7.126869087842695460e-01,-2.809862546382567161e-01,-1.623576624150145520e+01,-1.711697037993240855e-01,2.239083776898453115e-01,9.594612920287890478e-01,-3.868976960910493545e+01,0.000000000000000000e+00,0.000000000000000000e+00,0.000000000000000000e+00,1.000000000000000056e-01
7.446327031587838263e-01,6.670981263585787913e-01,-2.241042604048583409e-02,1.138619022501044782e+02,-6.459279669852470152e-01,7.117273375505501765e-01,-2.760819777702104294e-01,-1.683257718000811209e+01,-1.682236572327096558e-01,2.200551903320593361e-01,9.608727878107345965e-01,-3.883306919407340274e+01,0.000000000000000000e+00,0.000000000000000000e+00,0.000000000000000000e+00,1.000000000000000056e-01
7.448560464877802545e-01,6.668518527482893976e-01,-2.231762748967007493e-02,1.145409012575514254e+02,-6.466453959933686768e-01,7.132345921796011678e-01,-2.704554461625379158e-01,-1.741713878053158737e+01,-1.644360114183425203e-01,2.158819654454069148e-01,9.624737789385511277e-01,-3.897651714586397986e+01,0.000000000000000000e+00,0.000000000000000000e+00,0.000000000000000000e+00,1.000000000000000056e-01
7.407218543792921661e-01,6.714220372756327659e-01,-2.288192093206850575e-02,1.151930130190772132e+02,-6.519502562025700776e-01,7.101852396013697000e-01,-2.657024442675461895e-01,-1.802204215224917760e+01,-1.621480739395504689e-01,2.117294814450363938e-01,9.637834968522287493e-01,-3.910419364778647378e+01,0.000000000000000000e+00,0.000000000000000000e+00,0.000000000000000000e+00,1.000000000000000056e-01
7.343321765454640104e-01,6.783879054464592162e-01,-2.336887318566034655e-02,1.158213450148815724e+02,-6.600504458404894415e-01,7.056019923278211703e-01,-2.577968916972830926e-01,-1.859748333746250282e+01,-1.583971699108693842e-01,2.047331877517061527e-01,9.659164862436357968e-01,-3.924154221106791596e+01,0.000000000000000000e+00,0.000000000000000000e+00,0.000000000000000000e+00,1.000000000000000056e-01
7.302653939565703078e-01,6.825161584148644600e-01,-2.973462446493811001e-02,1.164294181404024613e+02,-6.657532355804167690e-01,7.012166969433770713e-01,-2.550838553143384702e-01,-1.917671942751540826e+01,-1.532484378506397404e-01,2.060748345393873526e-01,9.664616282428923899e-01,-3.935467390882537586e+01,0.000000000000000000e+00,0.000000000000000000e+00,0.000000000000000000e+00,1.000000000000000056e-01
7.287183471784317579e-01,6.840992192126761351e-01,-3.127025356694865255e-02,1.170555452591909784e+02,-6.684872418403241534e-01,7.006921302619102399e-01,-2.493097392516828159e-01,-1.975898782469473502e+01,-1.486417773785367880e-01,2.025803466815891407e-01,9.679188112419949697e-01,-3.947178865052271135e+01,0.000000000000000000e+00,0.000000000000000000e+00,0.000000000000000000e+00,1.000000000000000056e-01
7.294343494305008946e-01,6.832606751301452119e-01,-3.286912976639638079e-02,1.176980254311965268e+02,-6.689376606243456758e-01,7.024498609899885171e-01,-2.430773518729657523e-01,-2.037620947378853131e+01,-1.429962799143033869e-01,1.992963687974369513e-01,9.694498549769483553e-01,-3.959554084621196068e+01,0.000000000000000000e+00,0.000000000000000000e+00,0.000000000000000000e+00,1.000000000000000056e-01
7.286583452037802555e-01,6.837455811480296353e-01,-3.935728935574504123e-02,1.183269132952706144e+02,-6.715412766030995906e-01,7.020038011992395521e-01,-2.371138480141933291e-01,-2.099113076717616622e+01,-1.344965790760788149e-01,1.992050284565173857e-01,9.706843085444774033e-01,-3.969682903264063611e+01,0.000000000000000000e+00,0.000000000000000000e+00,0.000000000000000000e+00,1.000000000000000056e-01
7.289149459457873181e-01,6.835691188104698890e-01,-3.763324840520356623e-02,1.189575590572216015e+02,-6.720230267213082032e-01,7.039472815704004294e-01,-2.298766545910550241e-01,-2.159945053032151563e+01,-1.306447593023995768e-01,1.928509387540570386e-01,9.724918828908017954e-01,-3.980519825032862968e+01,0.000000000000000000e+00,0.000000000000000000e+00,0.000000000000000000e+00,1.000000000000000056e-01
7.308633777912660889e-01,6.813951686715495892e-01,-3.923451432873379524e-02,1.196186818567956607e+02,-6.707130170799089353e-01,7.063806969064470032e-01,-2.262086641964184686e-01,-2.220887069174018436e+01,-1.264229873207675103e-01,1.916427278793345901e-01,9.732883915509628059e-01,-3.990588324345753080e+01,0.000000000000000000e+00,0.000000000000000000e+00,0.000000000000000000e+00,1.000000000000000056e-01
7.374844321418125848e-01,6.742496449337350706e-01,-3.878309754519863178e-02,1.202837958012030981e+02,-6.636267582612075389e-01,7.128120019621200232e-01,-2.269329759609106101e-01,-2.280164966365946100e+01,-1.253644210619146160e-01,1.930970382100321014e-01,9.731378606170475454e-01,-4.001223478140217793e+01,0.000000000000000000e+00,0.000000000000000000e+00,0.000000000000000000e+00,1.000000000000000056e-01
7.409894878216971570e-01,6.707600554666850456e-01,-3.186733324375726900e-02,1.209841178193756406e+02,-6.593271256283979032e-01,7.177182574569006546e-01,-2.239826875533574846e-01,-2.342988897580915619e+01,-1.273668730413593797e-01,1.869798141601383690e-01,9.740719833504638547e-01,-4.012342535168286872e+01,0.000000000000000000e+00,0.000000000000000000e+00,0.000000000000000000e+00,1.000000000000000056e-01
7.483219474285009998e-01,6.626304096678813371e-01,-3.058109187376562010e-02,1.216629172698611114e+02,-6.517895255605462568e-01,7.259504163286668588e-01,-2.194684656204471396e-01,-2.400714170699567873e+01,-1.232261229057128038e-01,1.841655049557632262e-01,9.751401896230177391e-01,-4.022201349961132877e+01,0.000000000000000000e+00,0.000000000000000000e+00,0.000000000000000000e+00,1.000000000000000056e-01
7.572694904832302232e-01,6.520996427846784682e-01,-3.617975488258269590e-02,1.223405184924096147e+02,-6.435959572524324601e-01,7.356832630858911592e-01,-2.110790852349438973e-01,-2.453936992016386043e+01,-1.110277559513574569e-01,1.831288953043464507e-01,9.767991836160673236e-01,-4.028803627308156621e+01,0.000000000000000000e+00,0.000000000000000000e+00,0.000000000000000000e+00,1.000000000000000056e-01
7.650525622372047474e-01,6.422841665011247425e-01,-4.653629203367407735e-02,1.229907174087695836e+02,-6.373115999092431316e-01,7.448018395629829591e-01,-1.977476786329423475e-01,-2.508402845299193729e+01,-9.234988703517099662e-02,1.809454869444164782e-01,9.791477054658501711e-01,-4.037129331384210218e+01,0.000000000000000000e+00,0.000000000000000000e+00,0.000000000000000000e+00,1.000000000000000056e-01
7.734739342581313792e-01,6.316556022528525549e-01,-5.243351185867672903e-02,1.236857716961622913e+02,-6.289717994999954875e-01,7.546959938923184508e-01,-1.866237718958203562e-01,-2.564433492081177945e+01,-7.831058968610468685e-02,1.773278233822085381e-01,9.810312403779722912e-01,-4.044638212356026941e+01,0.000000000000000000e+00,0.000000000000000000e+00,0.000000000000000000e+00,1.000000000000000056e-01
7.849216703743764345e-01,6.170928476299366583e-01,-5.562723056808177580e-02,1.243862130237457677e+02,-6.158079861950220835e-01,7.670625582552995647e-01,-1.799876547468369503e-01,-2.617185272286338460e+01,-6.839952861774931114e-02,1.755319034443904302e-01,9.820947283017350538e-01,-4.051297152239430943e+01,0.000000000000000000e+00,0.000000000000000000e+00,0.000000000000000000e+00,1.000000000000000056e-01
7.929862339737441257e-01,6.068767464076135765e-01,-5.360454642889329879e-02,1.251312840170224518e+02,-6.060194219215125910e-01,7.767013935504410993e-01,-1.716840281176984784e-01,-2.675119740642506727e+01,-6.255631848226134162e-02,1.686284671296988946e-01,9.836926080292734964e-01,-4.056009611957715322e+01,0.000000000000000000e+00,0.000000000000000000e+00,0.000000000000000000e+00,1.000000000000000056e-01
8.003361126646401091e-01,5.971296980223338435e-01,-5.383521621214903963e-02,1.259126229008827806e+02,-5.968091606322233345e-01,7.848785862117870771e-01,-1.666866242133636655e-01,-2.729697315346214381e+01,-5.727942519189067883e-02,1.655346750561421110e-01,9.845391504677424299e-01,-4.059506419792278109e+01,0.000000000000000000e+00,0.000000000000000000e+00,0.000000000000000000e+00,1.000000000000000056e-01
8.054120629852832280e-01,5.904189647806785679e-01,-5.212345753211466287e-02,1.266499075788405122e+02,-5.903245633613565246e-01,7.911651445842715624e-01,-1.599206799859624051e-01,-2.784479718162856088e+01,-5.318193950970643430e-02,1.595718020900330492e-01,9.857527688460860915e-01,-4.063090018428341210e+01,0.000000000000000000e+00,0.000000000000000000e+00,0.000000000000000000e+00,1.000000000000000056e-01
8.109738642489728866e-01,5.829150094804748106e-01,-5.031384727355369541e-02,1.274197327731547347e+02,-5.828770329849065623e-01,7.974647962716044924e-01,-1.558982460651833213e-01,-2.839302630266978156e+01,-5.075190561743061352e-02,1.557561890579836628e-01,9.864908786432508014e-01,-4.065365313063669106e+01,0.000000000000000000e+00,0.000000000000000000e+00,0.000000000000000000e+00,1.000000000000000056e-01
8.104933914257437255e-01,5.835705763173382188e-01,-5.045636641540970913e-02,1.281834107557557729e+02,-5.839646045111575035e-01,7.983063043943173787e-01,-1.472833495084051592e-01,-2.894388625210752508e+01,-4.567059374831665408e-02,1.488369135024552037e-01,9.878065448486048616e-01,-4.069514156781939107e+01,0.000000000000000000e+00,0.000000000000000000e+00,0.000000000000000000e+00,1.000000000000000056e-01
8.130153820565507727e-01,5.798361063992976128e-01,-5.287795623077120449e-02,1.289538747182565146e+02,-5.810342068112135383e-01,8.021286664315531167e-01,-1.378000471843251751e-01,-2.947290291157052167e+01,-3.748651830598403317e-02,1.427574593653190560e-01,9.890475563595788611e-01,-4.071257547443806857e+01,0.000000000000000000e+00,0.000000000000000000e+00,0.000000000000000000e+00,1.000000000000000056e-01
8.114537934374184136e-01,5.818457434114628901e-01,-5.475647897724701674e-02,1.297140790303470794e+02,-5.835565311125475718e-01,8.016140770321301678e-01,-1.299101477938365001e-01,-3.000409114974564417e+01,-3.169410216292267712e-02,1.373695831612236906e-01,9.900126673483515827e-01,-4.072508902201716552e+01,0.000000000000000000e+00,0.000000000000000000e+00,0.000000000000000000e+00,1.000000000000000056e-01
8.061921271750097651e-01,5.889032551403272642e-01,-5.698429754028312699e-02,1.304663901077823027e+02,-5.910893278188811273e-01,7.974722788099281034e-01,-1.210428480676308677e-01,-3.053084383142955360e+01,-2.583912962265132174e-02,1.312666012922819314e-01,9.910103020481254577e-01,-4.072397419122908957e+01,0.000000000000000000e+00,0.000000000000000000e+00,0.000000000000000000e+00,1.000000000000000056e-01
8.053195116164946210e-01,5.896191463620827911e-01,-6.172314357694022591e-02,1.312238484126836795e+02,-5.925226785942125929e-01,7.971012570083743087e-01,-1.163892668041561496e-01,-3.105441344652006919e+01,-1.942574480708781151e-02,1.303029098635886951e-01,9.912839109557722850e-01,-4.073805029354755902e+01,0.000000000000000000e+00,0.000000000000000000e+00,0.000000000000000000e+00,1.000000000000000056e-01
8.039830984217197773e-01,5.905956215726330116e-01,-6.933966564273724709e-02,1.319598177840239259e+02,-5.946085640826542784e-01,7.970283048056534536e-01,-1.057664259497811260e-01,-3.158562948663411518e+01,-7.199511912305160688e-03,1.262643778658957550e-01,9.919705005242660523e-01,-4.072902575636836531e+01,0.000000000000000000e+00,0.000000000000000000e+00,0.000000000000000000e+00,1.000000000000000056e-01
8.044380808739463040e-01,5.890225001146913719e-01,-7.701862371193549106e-02,1.326626369615886745e+02,-5.940074827677641611e-01,7.988908713531850392e-01,-9.449066665260115461e-02,-3.210917124006363110e+01,5.872346698432222289e-03,1.217615293398826987e-01,9.925420119657738516e-01,-4.070798146095920345e+01,0.000000000000000000e+00,0.000000000000000000e+00,0.000000000000000000e+00,1.000000000000000056e-01
8.043218005668151260e-01,5.888909421501348218e-01,-7.920795027320967630e-02,1.333927529409721728e+02,-5.941060069451123971e-01,7.993187840079170048e-01,-9.015283713693711398e-02,-3.264603671518462846e+01,1.022221329706296533e-02,1.195698113473117052e-01,9.927731697470866257e-01,-4.068867728611898826e+01,0.000000000000000000e+00,0.000000000000000000e+00,0.000000000000000000e+00,1.000000000000000056e-01
8.057000528080098256e-01,5.870486802617369548e-01,-7.887503982961382998e-02,1.342142740302615493e+02,-5.922099764118589071e-01,8.009811845202695624e-01,-8.784353068252336028e-02,-3.323393627452793453e+01,1.160899407510080500e-02,1.174861227867311370e-01,9.930066677566194988e-01,-4.066001975588680040e+01,0.000000000000000000e+00,0.000000000000000000e+00,0.000000000000000000e+00,1.000000000000000056e-01
8.076604805479158378e-01,5.841654497042513272e-01,-8.022016911562468433e-02,1.350363438357211407e+02,-5.894509961110484531e-01,8.033988789599398883e-01,-8.424823125505098709e-02,-3.382010926197196454e+01,1.523388803957504561e-02,1.153298255341681511e-01,9.932104308742715215e-01,-4.060576935401920196e+01,0.000000000000000000e+00,0.000000000000000000e+00,0.000000000000000000e+00,1.000000000000000056e-01
8.124203852855483854e-01,5.765883884628973943e-01,-8.671186690551728471e-02,1.358570959345869369e+02,-5.826699195721131153e-01,8.083549766137081427e-01,-8.401188374080555132e-02,-3.443000685767955105e+01,2.165369248669704594e-02,1.187773634730554667e-01,9.926847714798898714e-01,-4.057613384109353660e+01,0.000000000000000000e+00,0.000000000000000000e+00,0.000000000000000000e+00,1.000000000000000056e-01
8.150110013641687079e-01,5.727090830598009497e-01,-8.809865967298870226e-02,1.366701399602478659e+02,-5.788090866606234730e-01,8.117750746325702593e-01,-7.746786046083722899e-02,-3.500419739042367695e+01,2.714974869993912535e-02,1.141294632690743327e-01,9.930948377468504784e-01,-4.052482803675602696e+01,0.000000000000000000e+00,0.000000000000000000e+00,0.000000000000000000e+00,1.000000000000000056e-01
8.177539051664509673e-01,5.684378266888866493e-01,-9.031604383626552768e-02,1.374793329008462308e+02,-5.746977087156625030e-01,8.150282690631299731e-01,-7.383403161771495693e-02,-3.555788118031896516e+01,3.164007240804882215e-02,1.122824911425347738e-01,9.931724663928416241e-01,-4.046987722991688230e+01,0.000000000000000000e+00,0.000000000000000000e+00,0.000000000000000000e+00,1.000000000000000056e-01
8.217700324705004000e-01,5.625183094796850636e-01,-9.092395302421608927e-02,1.383045748691920949e+02,-5.686287705707537832e-01,8.198552181995234500e-01,-6.707266559638749848e-02,-3.612745971802632283e+01,3.681487488265576535e-02,1.068202822086193604e-01,9.935965440239037383e-01,-4.039704591547364743e+01,0.000000000000000000e+00,0.000000000000000000e+00,0.000000000000000000e+00,1.000000000000000056e-01
8.236182809052048359e-01,5.593966992354458823e-01,-9.342515851334289023e-02,1.391239930532479434e+02,-5.656635686964178733e-01,8.221421365475301002e-01,-6.408614797829133292e-02,-3.667432582982076639e+01,4.095917978168088502e-02,1.056297315984029289e-01,9.935616263695278283e-01,-4.034111004601321326e+01,0.000000000000000000e+00,0.000000000000000000e+00,0.000000000000000000e+00,1.000000000000000056e-01
8.239868299792648676e-01,5.583920106248060344e-01,-9.614606851613100025e-02,1.399542015243898732e+02,-5.647650314073858757e-01,8.230732958923078213e-01,-5.992335845384568621e-02,-3.725429039724305369e+01,4.567453689022573510e-02,1.036759955793048749e-01,9.935618373410400883e-01,-4.026922392401993278e+01,0.000000000000000000e+00,0.000000000000000000e+00,0.000000000000000000e+00,1.000000000000000056e-01
8.227352973615688070e-01,5.604031173579703262e-01,-9.515764042282584545e-02,1.407641517492500896e+02,-5.665426119928483883e-01,8.220508145509403120e-01,-5.711328297739746984e-02,-3.780007111029255640e+01,4.621795399724803327e-02,1.008999720099285485e-01,9.938224672328070941e-01,-4.021797818203458519e+01,0.000000000000000000e+00,0.000000000000000000e+00,0.000000000000000000e+00,1.000000000000000056e-01
8.192842675514948603e-01,5.657266889680779842e-01,-9.341628515321143134e-02,1.416198764411953164e+02,-5.711370301842876307e-01,8.195858569427283413e-01,-4.562363260116195085e-02,-3.836495183528379727e+01,5.075215950954964361e-02,9.073222409193520965e-02,9.945812595341056994e-01,-4.014142517491017514e+01,0.000000000000000000e+00,0.000000000000000000e+00,0.000000000000000000e+00,1.000000000000000056e-01
8.156372086048013781e-01,5.711873492388489515e-01,-9.209210611591538143e-02,1.424450521377648329e+02,-5.761233433356253153e-01,8.164460823403919543e-01,-3.869997280111703297e-02,-3.888898910734959458e+01,5.308330437292917148e-02,8.462154985890518732e-02,9.949981688909421695e-01,-4.008253148963103740e+01,0.000000000000000000e+00,0.000000000000000000e+00,0.000000000000000000e+00,1.000000000000000056e-01
8.106494273525087779e-01,5.784493331437815522e-01,-9.079578689875414388e-02,1.432388988185964820e+02,-5.831076590008391625e-01,8.116240521466518976e-01,-3.538157700852236076e-02,-3.945399925137058261e+01,5.322559485445562538e-02,8.162577388645893273e-02,9.952408095982731018e-01,-4.000747705716882763e+01,0.000000000000000000e+00,0.000000000000000000e+00,0.000000000000000000e+00,1.000000000000000056e-01
8.057172689720881742e-01,5.851963934587116611e-01,-9.145962805017593400e-02,1.440471930662062050e+02,-5.897004622438570820e-01,8.070114875434660773e-01,-3.139783117133054108e-02,-4.003108443732510580e+01,5.543507291905644396e-02,7.923155972085113574e-02,9.953136754986641188e-01,-3.994445970782538780e+01,0.000000000000000000e+00,0.000000000000000000e+00,0.000000000000000000e+00,1.000000000000000056e-01
7.987773276010200485e-01,5.945949440828672827e-01,-9.171495724070700961e-02,1.448345380043234627e+02,-5.986977741325922864e-01,8.006221499787945506e-01,-2.377284610668796427e-02,-4.062144088283666576e+01,5.929381214977132164e-02,7.389875123724767847e-02,9.955014909111502552e-01,-3.986389697742723826e+01,0.000000000000000000e+00,0.000000000000000000e+00,0.000000000000000000e+00,1.000000000000000056e-01
7.917162578371281789e-01,6.040357910975772127e-01,-9.124763092540144616e-02,1.456440203903647728e+02,-6.078335890429945598e-01,7.938395726790491436e-01,-1.889605461086376476e-02,-4.121031841496429138e+01,6.102208704630016772e-02,7.042368864145634455e-02,9.956489386177463929e-01,-3.979057060130274692e+01,0.000000000000000000e+00,0.000000000000000000e+00,0.000000000000000000e+00,1.000000000000000056e-01
7.840975580711704307e-01,6.135250037201961382e-01,-9.369145765202328835e-02,1.463958633156658493e+02,-6.171987370317409960e-01,7.866863942930533149e-01,-1.379260818766374005e-02,-4.180817162400020237e+01,6.524368500668288606e-02,6.864099973287118850e-02,9.955057381664963456e-01,-3.971749135415345222e+01,0.000000000000000000e+00,0.000000000000000000e+00,0.000000000000000000e+00,1.000000000000000056e-01
7.735236407917257528e-01,6.264000177394227764e-01,-9.635452720222326128e-02,1.471327161776047490e+02,-6.301486526574114899e-01,7.763899461229629706e-01,-1.145980424054713828e-02,-4.243466662966429226e+01,6.763026460366866610e-02,6.958210499283136452e-02,9.952811050022020156e-01,-3.965589403574802674e+01,0.000000000000000000e+00,0.000000000000000000e+00,0.000000000000000000e+00,1.000000000000000056e-01
7.667054741763208447e-01,6.338920926089760544e-01,-1.017031503734099618e-01,1.478538764160275321e+02,-6.376341888577047312e-01,7.703182683371682105e-01,-5.692685289337806598e-03,-4.303059424960137846e+01,7.473524648945711890e-02,6.921401876672074460e-02,9.947985034861683840e-01,-3.955723494131252949e+01,0.000000000000000000e+00,0.000000000000000000e+00,0.000000000000000000e+00,1.000000000000000056e-01
7.640279557652589482e-01,6.369997059961607366e-01,-1.024336730277900648e-01,1.486234470273977877e+02,-6.405180431155534926e-01,7.679407449932573737e-01,-1.910136807352622035e-03,-4.364138529162769231e+01,7.744623459266077037e-02,6.707001371705213766e-02,9.947380026958922983e-01,-3.945332171769400276e+01,0.000000000000000000e+00,0.000000000000000000e+00,0.000000000000000000e+00,1.000000000000000056e-01
7.546873040791183262e-01,6.473912105050684263e-01,-1.064504280055957736e-01,1.493506780878191762e+02,-6.514493245571907343e-01,7.586788317599042486e-01,-4.495305707818100793e-03,-4.427173132634978714e+01,7.785146495585250348e-02,7.273960956871394767e-02,9.943078490105661249e-01,-3.935831463412660725e+01,0.000000000000000000e+00,0.000000000000000000e+00,0.000000000000000000e+00,1.000000000000000056e-01
7.448426242661572161e-01,6.591941170783125470e-01,-1.033081849886456349e-01,1.500644721111547994e+02,-6.625400581815560352e-01,7.490221585555205674e-01,2.545053557221524376e-03,-4.488203308920122225e+01,7.905780404921802784e-02,6.655014652254942487e-02,9.946461388940001092e-01,-3.926910692494034549e+01,0.000000000000000000e+00,0.000000000000000000e+00,0.000000000000000000e+00,1.000000000000000056e-01
7.319515202084971861e-01,6.727069950394108933e-01,-1.082232456060893827e-01,1.507848504720516587e+02,-6.762571422758969497e-01,7.366474458537362047e-01,5.178613521416762511e-03,-4.554252946812151492e+01,8.320606699819006746e-02,6.939624876182323709e-02,9.941131279047067393e-01,-3.917315378205391596e+01,0.000000000000000000e+00,0.000000000000000000e+00,0.000000000000000000e+00,1.000000000000000056e-01
7.207797220133895788e-01,6.842762408940390451e-01,-1.106463667827555369e-01,1.515181918867445745e+02,-6.879126447869650107e-01,7.257587300009993303e-01,7.103447722008007781e-03,-4.622713833092249303e+01,8.516328714008038203e-02,7.099501373518839198e-02,9.938344542972117335e-01,-3.906117832887812824e+01,0.000000000000000000e+00,0.000000000000000000e+00,0.000000000000000000e+00,1.000000000000000056e-01
7.127807363749418812e-01,6.920074327279431836e-01,-1.143211918328216753e-01,1.522113601982789248e+02,-6.957350663089726384e-01,7.182322123409448089e-01,9.757390218785882974e-03,-4.688733325573308264e+01,8.886134908296781931e-02,7.258238219508510169e-02,9.933959222958596014e-01,-3.895514955703422544e+01,0.000000000000000000e+00,0.000000000000000000e+00,0.000000000000000000e+00,1.000000000000000056e-01
7.069082216424069642e-01,6.973140497258932813e-01,-1.184646876889661748e-01,1.528939123516857705e+02,-7.012454846857830715e-01,7.128288865535190588e-01,1.139072880335462862e-02,-4.755845344204860936e+01,9.238796665243273476e-02,7.502062749500862382e-02,9.928929293071253603e-01,-3.884680543606168612e+01,0.000000000000000000e+00,0.000000000000000000e+00,0.000000000000000000e+00,1.000000000000000056e-01
7.034952940148200273e-01,7.005977850442690613e-01,-1.194031611393361614e-01,1.535526178163883060e+02,-7.041924969096209352e-01,7.098291467467857663e-01,1.598467156133442577e-02,-4.819162133447510143e+01,9.595466948093497872e-02,7.283766896183964390e-02,9.927171678705923874e-01,-3.873987553511852866e+01,0.000000000000000000e+00,0.000000000000000000e+00,0.000000000000000000e+00,1.000000000000000056e-01
7.006481843184952929e-01,7.024697716978249851e-01,-1.250133659334140002e-01,1.541840779796771130e+02,-7.064382426754516331e-01,7.075777236680772520e-01,1.669653420090284543e-02,-4.881397466853084666e+01,1.001854834635025754e-01,7.661582616866989548e-02,9.920145584030893859e-01,-3.863458907960362865e+01,0.000000000000000000e+00,0.000000000000000000e+00,0.000000000000000000e+00,1.000000000000000056e-01
6.977648357525660927e-01,7.054043529446084593e-01,-1.246151388635940022e-01,1.547656503659111991e+02,-7.090072299797874900e-01,7.049097942223083724e-01,2.027140463440281828e-02,-4.938959829842517024e+01,1.021419689627296873e-01,7.420836109402546843e-02,9.919980530828452769e-01,-3.854035434178668851e+01,0.000000000000000000e+00,0.000000000000000000e+00,0.000000000000000000e+00,1.000000000000000056e-01
6.945924775030927201e-01,7.073260687098206212e-01,-1.312673711156954193e-01,1.553689861159112979e+02,-7.112423260214062459e-01,7.025907044671465540e-01,2.237533624369147239e-02,-4.998039935315325977e+01,1.080538933670374818e-01,7.782117012657197019e-02,9.910944564512285115e-01,-3.843048989352827505e+01,0.000000000000000000e+00,0.000000000000000000e+00,0.000000000000000000e+00,1.000000000000000056e-01
6.958852942100071104e-01,7.058742180259148791e-01,-1.322317875117582642e-01,1.559588968576194361e+02,-7.094816765511254841e-01,7.042552714058162300e-01,2.569558980300199955e-02,-5.057502768778042679e+01,1.112627877614782435e-01,7.593484722723274627e-02,9.908857103804258326e-01,-3.831467044470028327e+01,0.000000000000000000e+00,0.000000000000000000e+00,0.000000000000000000e+00,1.000000000000000056e-01
6.955654423899955141e-01,7.063495177528609226e-01,-1.313737954202080227e-01,1.565142318226906752e+02,-7.095345241344479525e-01,7.040776425157952989e-01,2.890384698794345661e-02,-5.113563036781303595e+01,1.129135705489488078e-01,7.310972630027198771e-02,9.909114458447771945e-01,-3.820752848335028773e+01,0.000000000000000000e+00,0.000000000000000000e+00,0.000000000000000000e+00,1.000000000000000056e-01
6.953690922037852884e-01,7.057520948200133315e-01,-1.355573910373262247e-01,1.570628663337261059e+02,-7.087823869122804599e-01,7.046624086657387043e-01,3.283927246955548052e-02,-5.168713361543959905e+01,1.186985830185596780e-01,7.324527609724991450e-02,9.902251137588986563e-01,-3.809548327428818482e+01,0.000000000000000000e+00,0.000000000000000000e+00,0.000000000000000000e+00,1.000000000000000056e-01
6.979136460532200381e-01,7.029346968814280672e-01,-1.371107383574149130e-01,1.575898426145309088e+02,-7.057166900647415808e-01,7.076033833719941324e-01,3.551626676006634786e-02,-5.222389245019888904e+01,1.219856385676862248e-01,7.197404921721094195e-02,9.899188048635667592e-01,-3.798088271814395966e+01,0.000000000000000000e+00,0.000000000000000000e+00,0.000000000000000000e+00,1.000000000000000056e-01
6.989177474362713305e-01,7.019999685323340399e-01,-1.367845989108798788e-01,1.581292839386626383e+02,-7.041999454315400753e-01,7.088803429986969551e-01,3.988854678056965447e-02,-5.274966341421801985e+01,1.249656719776441466e-01,6.844489382453465554e-02,9.897973920639132617e-01,-3.785917615948406478e+01,0.000000000000000000e+00,0.000000000000000000e+00,0.000000000000000000e+00,1.000000000000000056e-01
7.004805036632522075e-01,7.001536259545849683e-01,-1.382460272496965625e-01,1.586989234677505465e+02,-7.019874339399333474e-01,7.108701679251215877e-01,4.332720790147188972e-02,-5.327920947670565965e+01,1.286106783206764359e-01,6.669710950825910589e-02,9.894497405149687008e-01,-3.774036489099763969e+01,0.000000000000000000e+00,0.000000000000000000e+00,0.000000000000000000e+00,1.000000000000000056e-01
7.002424827512369054e-01,6.998004773440689164e-01,-1.412082053543531612e-01,1.592575729379157963e+02,-7.016522998126006883e-01,7.111158067407932215e-01,4.470301523476166022e-02,-5.382011524904609701e+01,1.316985782689858164e-01,6.777611166483599181e-02,9.889701123742433708e-01,-3.761781401688943305e+01,0.000000000000000000e+00,0.000000000000000000e+00,0.000000000000000000e+00,1.000000000000000056e-01
7.001500479823850043e-01,6.992900654073215261e-01,-1.441641936573992422e-01,1.597985275079646783e+02,-7.007056819852948149e-01,7.117415346316227076e-01,4.935114095687754415e-02,-5.434907771681157840e+01,1.371184070203086414e-01,6.646346592562475675e-02,9.883223918101654570e-01,-3.749655791357999846e+01,0.000000000000000000e+00,0.000000000000000000e+00,0.000000000000000000e+00,1.000000000000000056e-01
6.975664291094036962e-01,7.018847045355015579e-01,-1.440796256195405745e-01,1.603001664192535145e+02,-7.022791407860070612e-01,7.096281910616881738e-01,5.684926444013114338e-02,-5.482945229445464008e+01,1.421445932718619076e-01,6.152797729186202519e-02,9.879317904662998640e-01,-3.737426895983505659e+01,0.000000000000000000e+00,0.000000000000000000e+00,0.000000000000000000e+00,1.000000000000000056e-01
6.934600441573213203e-01,7.057539214215294843e-01,-1.449985157008844283e-01,1.607971705668620643e+02,-7.051477675616478757e-01,7.061192511668380467e-01,6.451533952796127680e-02,-5.531510878254683661e+01,1.479181971907116144e-01,5.750656944834658946e-02,9.873262892327603346e-01,-3.726250108384977722e+01,0.000000000000000000e+00,0.000000000000000000e+00,0.000000000000000000e+00,1.000000000000000056e-01
6.859616277286040287e-01,7.115679671158212649e-01,-1.520778532810797834e-01,1.612583833068636920e+02,-7.105581289161151393e-01,7.000842408101783931e-01,7.063427780097793207e-02,-5.579123105593225063e+01,1.567283979218625223e-01,5.960775070319027785e-02,9.858413286837556244e-01,-3.715313108054766644e+01,0.000000000000000000e+00,0.000000000000000000e+00,0.000000000000000000e+00,1.000000000000000056e-01
6.763671176968284460e-01,7.193789882329399976e-01,-1.581815203727546804e-01,1.617081479083539364e+02,-7.183233275766212067e-01,6.917244777047419912e-01,7.435619680532470910e-02,-5.624565172090781573e+01,1.629083151890495795e-01,6.333338955917064417e-02,9.846063998416888507e-01,-3.702221017058795383e+01,0.000000000000000000e+00,0.000000000000000000e+00,0.000000000000000000e+00,1.000000000000000056e-01
6.693044886185006703e-01,7.259203708791152065e-01,-1.583386139192049791e-01,1.621925464998876407e+02,-7.243179347391418554e-01,6.849712651443466971e-01,7.859958868707463131e-02,-5.675092465818071474e+01,1.655144432681072419e-01,6.208044031158992809e-02,9.842514861560370809e-01,-3.689983617169033892e+01,0.000000000000000000e+00,0.000000000000000000e+00,0.000000000000000000e+00,1.000000000000000056e-01
6.610031568566074878e-01,7.342371082119230064e-01,-1.548247252546960384e-01,1.626349114704754015e+02,-7.320015336328566935e-01,6.763251652163537742e-01,8.220721169226885561e-02,-5.723904378414490424e+01,1.650714432745557514e-01,5.899270988575402996e-02,9.845157585308578208e-01,-3.677910370860780631e+01,0.000000000000000000e+00,0.000000000000000000e+00,0.000000000000000000e+00,1.000000000000000056e-01
6.524062414300160206e-01,7.422382794194297695e-01,-1.531288108346832988e-01,1.631106861234932808e+02,-7.404950359354283140e-01,6.673183047914645893e-01,7.970810401229483366e-02,-5.775400611002906714e+01,1.613480644388043672e-01,6.138905973160412727e-02,9.849863884577902962e-01,-3.666800008829390833e+01,0.000000000000000000e+00,0.000000000000000000e+00,0.000000000000000000e+00,1.000000000000000056e-01
6.437426600324480663e-01,7.504239318244639856e-01,-1.498643059552880186e-01,1.636192980120741822e+02,-7.487115086143086851e-01,6.581261622739615902e-01,7.937903626923968614e-02,-5.829936442975994737e+01,1.581975490418040808e-01,6.110545864044746034e-02,9.855149204357621651e-01,-3.652901699056047846e+01,0.000000000000000000e+00,0.000000000000000000e+00,0.000000000000000000e+00,1.000000000000000056e-01
6.319551333389106240e-01,7.608410998287657989e-01,-1.474907802472885665e-01,1.640752700286970764e+02,-7.582474802869860753e-01,6.463520402760993822e-01,8.538031781013898092e-02,-5.880437634166646887e+01,1.602918216411444718e-01,5.787798236184317491e-02,9.853713366405000285e-01,-3.639938585269418070e+01,0.000000000000000000e+00,0.000000000000000000e+00,0.000000000000000000e+00,1.000000000000000056e-01
6.235964657123085342e-01,7.671800217062453298e-01,-1.502073974407475976e-01,1.645173850809435407e+02,-7.638816618520859469e-01,6.388341196855469306e-01,9.151925596117918560e-02,-5.932254695262568589e+01,1.661693552891539138e-01,5.766959181750355018e-02,9.844094491330268593e-01,-3.627377818241127017e+01,0.000000000000000000e+00,0.000000000000000000e+00,0.000000000000000000e+00,1.000000000000000056e-01
6.119225855667524971e-01,7.763673840801026405e-01,-1.510113711278691651e-01,1.649490547151889075e+02,-7.718426891734819772e-01,6.278584355788168203e-01,1.002628946418794020e-01,-5.981822609124877488e+01,1.726546044643708644e-01,5.520389306144349306e-02,9.834342467842536184e-01,-3.616283046726081096e+01,0.000000000000000000e+00,0.000000000000000000e+00,0.000000000000000000e+00,1.000000000000000056e-01
6.028777135954803690e-01,7.830319583591093258e-01,-1.529686720808682288e-01,1.653691715987067994e+02,-7.774330037990501152e-01,6.196434270669468614e-01,1.078885902063581315e-01,-6.031722632667374739e+01,1.792662462759572195e-01,5.387926763633235638e-02,9.823241000123636990e-01,-3.602676345499628496e+01,0.000000000000000000e+00,0.000000000000000000e+00,0.000000000000000000e+00,1.000000000000000056e-01
5.970996542655628847e-01,7.874044597133694756e-01,-1.531868783526911526e-01,1.658115617944166047e+02,-7.809009855176615167e-01,6.142530044236331754e-01,1.135204711674729500e-01,-6.084317748945105819e+01,1.834820255324493277e-01,5.184075018782872968e-02,9.816551751641066081e-01,-3.590747593362961254e+01,0.000000000000000000e+00,0.000000000000000000e+00,0.000000000000000000e+00,1.000000000000000056e-01
5.887527076761349676e-01,7.931537571954146992e-01,-1.558119592676281973e-01,1.662554197519560546e+02,-7.860640460932547535e-01,6.067244965076237229e-01,1.182738380922518373e-01,-6.141498573196647470e+01,1.883442715973097648e-01,5.284413670756712283e-02,9.806803416873974832e-01,-3.575141012170691823e+01,0.000000000000000000e+00,0.000000000000000000e+00,0.000000000000000000e+00,1.000000000000000056e-01
5.824561272997916817e-01,7.982103870205632390e-01,-1.536393108010175312e-01,1.666930084417750493e+02,-7.904205313540251243e-01,6.002730365890429631e-01,1.220969498316405444e-01,-6.196686070815103875e+01,1.896845892131186206e-01,5.032354912615214643e-02,9.805545864552356328e-01,-3.561719212273418833e+01,0.000000000000000000e+00,0.000000000000000000e+00,0.000000000000000000e+00,1.000000000000000056e-01
5.726388043280792317e-01,8.052056371396398848e-01,-1.540411688356534414e-01,1.671368493551960341e+02,-7.969038420153722324e-01,5.908302460474716966e-01,1.259519231160156627e-01,-6.252421640540693915e+01,1.924293801862035913e-01,5.063104061769350267e-02,9.800037915065038518e-01,-3.548150691390629419e+01,0.000000000000000000e+00,0.000000000000000000e+00,0.000000000000000000e+00,1.000000000000000056e-01
5.667710679151860553e-01,8.088657328672076430e-01,-1.565464236815221066e-01,1.675887378705873516e+02,-8.003576996655207276e-01,5.856372181776487995e-01,1.282832852372479127e-01,-6.308572799965115507e+01,1.954433656085457494e-01,5.258588097902359981e-02,9.793041488532887584e-01,-3.534325721433493328e+01,0.000000000000000000e+00,0.000000000000000000e+00,0.000000000000000000e+00,1.000000000000000056e-01
5.631744598180918882e-01,8.121529379557780315e-01,-1.524537083130434456e-01,1.680143460158708706e+02,-8.038686160954885418e-01,5.811868515560137949e-01,1.265586489937847725e-01,-6.365254224693801177e+01,1.913890693465129522e-01,5.127815273784928213e-02,9.801738494708320815e-01,-3.518659025839894383e+01,0.000000000000000000e+00,0.000000000000000000e+00,0.000000000000000000e+00,1.000000000000000056e-01
5.597317186702319702e-01,8.150142235385512413e-01,-1.498406438331097434e-01,1.684599082910047514e+02,-8.063481361613910048e-01,5.773633230195254207e-01,1.282742239925936112e-01,-6.428351566413117268e+01,1.910578091142032808e-01,4.902457201958613370e-02,9.803537651862092028e-01,-3.502378538313278966e+01,0.000000000000000000e+00,0.000000000000000000e+00,0.000000000000000000e+00,1.000000000000000056e-01
5.559803083321755990e-01,8.171311897859950824e-01,-1.522580553723942576e-01,1.688800202045424896e+02,-8.076137566941573587e-01,5.743898203437745043e-01,1.335528145858287663e-01,-6.487851333374227636e+01,1.965856473530286641e-01,4.871296505418739459e-02,9.792758193126286370e-01,-3.487452303740165149e+01,0.000000000000000000e+00,0.000000000000000000e+00,0.000000000000000000e+00,1.000000000000000056e-01
5.539353866073332133e-01,8.185718171924944997e-01,-1.519729172002749207e-01,1.693072257771356419e+02,-8.079614898109934717e-01,5.725806208530378472e-01,1.391030682837355592e-01,-6.543310551514073836e+01,2.008825986654498019e-01,4.573415268403951961e-02,9.785471725122344422e-01,-3.471159121386376967e+01,0.000000000000000000e+00,0.000000000000000000e+00,0.000000000000000000e+00,1.000000000000000056e-01
5.517290616622834154e-01,8.202901258999654166e-01,-1.507287360401968479e-01,1.697560391803351365e+02,-8.084831128179733595e-01,5.704086557691622206e-01,1.448758838170715046e-01,-6.606054816252262185e+01,2.048172326866478932e-01,4.192940226901013118e-02,9.779017468130154489e-01,-3.455042014355874613e+01,0.000000000000000000e+00,0.000000000000000000e+00,0.000000000000000000e+00,1.000000000000000056e-01
5.463615706746067779e-01,8.249064802341496971e-01,-1.449770083760986150e-01,1.702379341340262329e+02,-8.112163084238457333e-01,5.642589381453175790e-01,1.534273498119117229e-01,-6.667625300923155862e+01,2.083677879067798999e-01,3.378090571351324151e-02,9.774669894027162576e-01,-3.437371719983300977e+01,0.000000000000000000e+00,0.000000000000000000e+00,0.000000000000000000e+00,1.000000000000000056e-01
5.408934943249130711e-01,8.291310261982726137e-01,-1.413363689656159383e-01,1.706905103088538453e+02,-8.142002134364597632e-01,5.583058875363208218e-01,1.592876278381489263e-01,-6.728518650266020984e+01,2.109792412466420519e-01,2.891846015403602699e-02,9.770626809091168541e-01,-3.420065414798091297e+01,0.000000000000000000e+00,0.000000000000000000e+00,0.000000000000000000e+00,1.000000000000000056e-01
5.321875450910635852e-01,8.355071920350528591e-01,-1.367631123792109327e-01,1.711446594116184770e+02,-8.181286925133467447e-01,5.490786941231510232e-01,1.708157783883471892e-01,-6.788250497865978161e+01,2.178115225059246984e-01,2.098379655154608558e-02,9.757652488923421741e-01,-3.402918912301534959e+01,0.000000000000000000e+00,0.000000000000000000e+00,0.000000000000000000e+00,1.000000000000000056e-01
5.211576028123239279e-01,8.430430974280157530e-01,-1.329401704146991881e-01,1.715768231797524663e+02,-8.232902821228479384e-01,5.376480253342664772e-01,1.820101981105607947e-01,-6.851814140478954585e+01,2.249174612896778780e-01,1.459235187148112678e-02,9.742685455632164038e-01,-3.385709258824464740e+01,0.000000000000000000e+00,0.000000000000000000e+00,0.000000000000000000e+00,1.000000000000000056e-01
5.135839607427379327e-01,8.487185845290063924e-01,-1.261280283794284918e-01,1.720403208545603491e+02,-8.269153255511496603e-01,5.288097777651996623e-01,1.912361454028930208e-01,-6.915577237735288918e+01,2.290034052944149856e-01,6.081382655307818186e-03,9.734066247712522824e-01,-3.367285331253454927e+01,0.000000000000000000e+00,0.000000000000000000e+00,0.000000000000000000e+00,1.000000000000000056e-01
5.021087910948762723e-01,8.557142592136446346e-01,-1.250594597928733342e-01,1.725156016601281976e+02,-8.331972763807260485e-01,5.174111144445213695e-01,1.951103207957446406e-01,-6.983993049185109214e+01,2.316658380879275947e-01,6.232593980182152271e-03,9.727754593097506230e-01,-3.344622558278887681e+01,0.000000000000000000e+00,0.000000000000000000e+00,0.000000000000000000e+00,1.000000000000000056e-01
4.907212337647387512e-01,8.625298662615124012e-01,-1.234297392823557604e-01,1.729532995420399288e+02,-8.403829523638086663e-01,5.059373960655580982e-01,1.943806694059139750e-01,-7.053581915502705613e+01,2.301068536760720040e-01,8.341526796715362235e-03,9.731296187158205990e-01,-3.324826098247979189e+01,0.000000000000000000e+00,0.000000000000000000e+00,0.000000000000000000e+00,1.000000000000000056e-01
4.778898538953819664e-01,8.703837115541019909e-01,-1.185473837971817712e-01,1.734025091188727572e+02,-8.482684937937801095e-01,4.923195331541735387e-01,1.950949505027950726e-01,-7.122771260167486673e+01,2.281706597717637619e-01,7.326113305321069191e-03,9.735935897915287685e-01,-3.304057513364247001e+01,0.000000000000000000e+00,0.000000000000000000e+00,0.000000000000000000e+00,1.000000000000000056e-01
4.651033841915537259e-01,8.774654577214826556e-01,-1.171887900747891897e-01,1.738278910331623024e+02,-8.544345574206928529e-01,4.795860801027095333e-01,1.998468885347532698e-01,-7.196044851103312112e+01,2.315608539863088511e-01,7.180687804552998710e-03,9.727939188871325138e-01,-3.284193634248843097e+01,0.000000000000000000e+00,0.000000000000000000e+00,0.000000000000000000e+00,1.000000000000000056e-01
4.491691404070689009e-01,8.853378953378967520e-01,-1.200995186694693018e-01,1.742096652626231617e+02,-8.617358999111064399e-01,4.647901276055237396e-01,2.034241285709156022e-01,-7.270135707319677465e+01,2.359201604576647571e-01,1.212222583127064990e-02,9.716968300506724221e-01,-3.261642516485893850e+01,0.000000000000000000e+00,0.000000000000000000e+00,0.000000000000000000e+00,1.000000000000000056e-01
4.315443181945591844e-01,8.942962403360715795e-01,-1.183373818992149162e-01,1.746173296384213245e+02,-8.697540660256316558e-01,4.472877282094066542e-01,2.084743457242382858e-01,-7.344331267361565097e+01,2.393686822996574370e-01,1.295849968304689515e-02,9.708422689706552866e-01,-3.239310083628516423e+01,0.000000000000000000e+00,0.000000000000000000e+00,0.000000000000000000e+00,1.000000000000000056e-01
4.136591845172058468e-01,9.030604199676399713e-01,-1.156198813026113881e-01,1.750472612613127126e+02,-8.782132029170059973e-01,4.292750157437887903e-01,2.108661449366011909e-01,-7.422685831347074270e+01,2.400575957698778129e-01,1.431218872288900212e-02,9.706531367935439247e-01,-3.215551564350887048e+01,0.000000000000000000e+00,0.000000000000000000e+00,0.000000000000000000e+00,1.000000000000000056e-01
3.975875351327944340e-01,9.103609594132272553e-01,-1.147478779030686180e-01,1.754479495974995018e+02,-8.859603733829136685e-01,4.134185048971958931e-01,2.101412777247148034e-01,-7.502187894322140949e+01,2.387433113246054117e-01,1.811252011167424625e-02,9.709137798553313381e-01,-3.191988561326670748e+01,0.000000000000000000e+00,0.000000000000000000e+00,0.000000000000000000e+00,1.000000000000000056e-01
3.817234011674874861e-01,9.170898650639406346e-01,-1.150366219867761108e-01,1.758005655342712998e+02,-8.933337202941279420e-01,3.980100596651735545e-01,2.086692516658305852e-01,-7.582487997013659253e+01,2.371541886338468519e-01,2.311215702456073662e-02,9.711970546758745826e-01,-3.167980670602113591e+01,0.000000000000000000e+00,0.000000000000000000e+00,0.000000000000000000e+00,1.000000000000000056e-01
3.643260886919170716e-01,9.247333796575267773e-01,-1.101575128877629317e-01,1.761717154039141349e+02,-9.002685082204653355e-01,3.799918128658300587e-01,2.124213625354991475e-01,-7.662456026537603293e+01,2.382920775119209411e-01,2.178069562957686556e-02,9.709492711223096650e-01,-3.146276616884652810e+01,0.000000000000000000e+00,0.000000000000000000e+00,0.000000000000000000e+00,1.000000000000000056e-01
3.441217643775620338e-01,9.327934816641291205e-01,-1.071285762370896150e-01,1.765171735301287299e+02,-9.077945571168376526e-01,3.596759778781425387e-01,2.157364897425712025e-01,-7.744605030340268570e+01,2.397691668057390091e-01,2.301111692887074234e-02,9.705571776804123862e-01,-3.122032267459343302e+01,0.000000000000000000e+00,0.000000000000000000e+00,0.000000000000000000e+00,1.000000000000000056e-01
3.243252067071383804e-01,9.405427468622101772e-01,-1.009579200422652673e-01,1.768825347765582308e+02,-9.147268894822905283e-01,3.390229124941160910e-01,2.198594607062892281e-01,-7.826398618409078267e+01,2.410142691884142874e-01,2.104295912877587882e-02,9.702934174355091201e-01,-3.098387574958141144e+01,0.000000000000000000e+00,0.000000000000000000e+00,0.000000000000000000e+00,1.000000000000000056e-01
3.032183536819895719e-01,9.476765413923095016e-01,-9.983888463466671082e-02,1.772059947673003251e+02,-9.222827271007972838e-01,3.182078831088890336e-01,2.194044539631682389e-01,-7.913017777868985547e+01,2.396939742294333375e-01,2.555222147035451918e-02,9.705121754496589537e-01,-3.072814694257734303e+01,0.000000000000000000e+00,0.000000000000000000e+00,0.000000000000000000e+00,1.000000000000000056e-01
2.844906324812187526e-01,9.539984666666542212e-01,-9.461503912226994217e-02,1.775384996540302041e+02,-9.299561324543487162e-01,2.985971088158415609e-01,2.145258919509954731e-01,-8.003719455826482942e+01,2.329091491139536063e-01,2.695722916942679126e-02,9.721248047727828467e-01,-3.047728984341325642e+01,0.000000000000000000e+00,0.000000000000000000e+00,0.000000000000000000e+00,1.000000000000000056e-01
2.648639632311892145e-01,9.601808093196830818e-01,-8.888135010037828687e-02,1.778357403182115775e+02,-9.366572090144720253e-01,2.780858871315711189e-01,2.129354648231879255e-01,-8.093241399717229001e+01,2.291731960389069012e-01,2.685242619291342003e-02,9.730152071909600187e-01,-3.020861033837408272e+01,0.000000000000000000e+00,0.000000000000000000e+00,0.000000000000000000e+00,1.000000000000000056e-01
2.548255670697914255e-01,9.631397532454463173e-01,-8.617276881857845183e-02,1.781651057295842122e+02,-9.393788895689881846e-01,2.677074269876333901e-01,2.142429353976360307e-01,-8.185436401507406856e+01,2.294149781502810570e-01,2.635430238048205864e-02,9.729718487943750382e-01,-2.996417485846806628e+01,0.000000000000000000e+00,0.000000000000000000e+00,0.000000000000000000e+00,1.000000000000000056e-01
2.322154078066769323e-01,9.696768837664947460e-01,-7.617575379396543389e-02,1.784367195513316631e+02,-9.453043028429067851e-01,2.434348816022720019e-01,2.171157144150877016e-01,-8.276293565488138881e+01,2.290759249765562389e-01,2.159165366959976684e-02,9.731690608974101764e-01,-2.969282841691764219e+01,0.000000000000000000e+00,0.000000000000000000e+00,0.000000000000000000e+00,1.000000000000000056e-01
2.153671529082060720e-01,9.742714347771392891e-01,-6.642409822879095926e-02,1.787427294291854025e+02,-9.479995417374496025e-01,2.249127730342486142e-01,2.251912817842426917e-01,-8.368646075731398071e+01,2.343370613321738571e-01,1.447120946359523042e-02,9.720476972776910252e-01,-2.941008863236289983e+01,0.000000000000000000e+00,0.000000000000000000e+00,0.000000000000000000e+00,1.000000000000000056e-01
1.998447377857446305e-01,9.779263083066630502e-01,-6.100996886615051018e-02,1.790273028297710596e+02,-9.500637857863446500e-01,2.086285662337955538e-01,2.320623284562786381e-01,-8.464667451924218255e+01,2.396682784948103162e-01,1.158692681138756564e-02,9.707856918035008276e-01,-2.914985079501375509e+01,0.000000000000000000e+00,0.000000000000000000e+00,0.000000000000000000e+00,1.000000000000000056e-01
1.787840772100151021e-01,9.819838907892084467e-01,-6.118735136162729848e-02,1.792305388638613408e+02,-9.545075874324635556e-01,1.881937385574545818e-01,2.312971731379920293e-01,-8.557182819985544597e+01,2.386451744117638052e-01,1.705153946880835769e-02,9.709571183794485361e-01,-2.890226144042521383e+01,0.000000000000000000e+00,0.000000000000000000e+00,0.000000000000000000e+00,1.000000000000000056e-01
1.599374929133430268e-01,9.850221615464982428e-01,-6.443089028454677958e-02,1.794110082553102075e+02,-9.589690979401996884e-01,1.705224977055745939e-01,2.264957990162565493e-01,-8.650036209998225445e+01,2.340902978689089475e-01,2.556206248559123040e-02,9.718787544777014453e-01,-2.864672468864254640e+01,0.000000000000000000e+00,0.000000000000000000e+00,0.000000000000000000e+00,1.000000000000000056e-01
1.428064963616700878e-01,9.874214865056056833e-01,-6.786097983351224716e-02,1.794981937323877332e+02,-9.616510525620864946e-01,1.546471482269101694e-01,2.265204464314760635e-01,-8.741343289535980432e+01,2.341656629464180517e-01,3.290999137563110910e-02,9.716395292311446052e-01,-2.839779507245932066e+01,0.000000000000000000e+00,0.000000000000000000e+00,0.000000000000000000e+00,1.000000000000000056e-01
1.227548016340946901e-01,9.900187072413356715e-01,-6.924029165138256836e-02,1.796616966106398365e+02,-9.644315260541401758e-01,1.354572940295443173e-01,2.269871208837099530e-01,-8.833359502960882992e+01,2.341005985226360386e-01,3.891376114420255772e-02,9.714332859053963487e-01,-2.814750579798999297e+01,0.000000000000000000e+00,0.000000000000000000e+00,0.000000000000000000e+00,1.000000000000000056e-01
1.031338094788573079e-01,9.920847658955450621e-01,-7.163263655876860037e-02,1.797949786765497322e+02,-9.659815075644490046e-01,1.170701573200039203e-01,2.305955448584907086e-01,-8.925048344471717598e+01,2.371563711686730525e-01,4.541360526374661755e-02,9.704094290922029575e-01,-2.791200276848988082e+01,0.000000000000000000e+00,0.000000000000000000e+00,0.000000000000000000e+00,1.000000000000000056e-01
8.293144844499256152e-02,9.937488765854388673e-01,-7.473650476169199641e-02,1.799027617627444613e+02,-9.682954082267968277e-01,9.808569534985756011e-02,2.297459439786397883e-01,-9.018138098047840856e+01,2.356403557664028814e-01,5.331385047915572495e-02,9.703768629153156633e-01,-2.765280511022146470e+01,0.000000000000000000e+00,0.000000000000000000e+00,0.000000000000000000e+00,1.000000000000000056e-01
5.775980495506038981e-02,9.958412598906298818e-01,-7.045558906855295400e-02,1.800195355989346808e+02,-9.704796916572207000e-01,7.256187302471739375e-02,2.300085708491123593e-01,-9.109842566086150839e+01,2.341644144878972378e-01,5.509046816454009343e-02,9.706348784712777178e-01,-2.741391470781017503e+01,0.000000000000000000e+00,0.000000000000000000e+00,0.000000000000000000e+00,1.000000000000000056e-01
3.277367572374789706e-02,9.971404638289470546e-01,-6.809391730945531240e-02,1.800649296288590051e+02,-9.723984446434256190e-01,4.755962645882938489e-02,2.284279903736479433e-01,-9.202896535383314358e+01,2.310133135440496921e-01,5.872799439865902804e-02,9.711765398933963622e-01,-2.717755760361389861e+01,0.000000000000000000e+00,0.000000000000000000e+00,0.000000000000000000e+00,1.000000000000000056e-01
3.743608402620113296e-03,9.980994389867089422e-01,-6.151012348016128561e-02,1.801483024042120462e+02,-9.740360902424606282e-01,1.756327002622870559e-02,2.257104925588684918e-01,-9.298395192709924117e+01,2.263618349044491662e-01,5.906810848844434858e-02,9.722506252290549211e-01,-2.692362653682594953e+01,0.000000000000000000e+00,0.000000000000000000e+00,0.000000000000000000e+00,1.000000000000000056e-01
-2.500889677466489047e-02,9.980362747535291845e-01,-5.742951643721509736e-02,1.801889501030473184e+02,-9.741576450021685041e-01,-1.143011616708466960e-02,2.255797755301572893e-01,-9.391186402991961302e+01,2.244803727855586017e-01,6.158690380677654674e-02,9.725305216359800831e-01,-2.669092825212858955e+01,0.000000000000000000e+00,0.000000000000000000e+00,0.000000000000000000e+00,1.000000000000000056e-01
-5.494217023159753133e-02,9.968697105690166316e-01,-5.685189601312712337e-02,1.801912324864193238e+02,-9.733993185164316886e-01,-4.079082422676494346e-02,2.254548189120116897e-01,-9.480951814021243251e+01,2.224300443779773651e-01,6.772657387574269883e-02,9.725934333261070375e-01,-2.644643991660623072e+01,0.000000000000000000e+00,0.000000000000000000e+00,0.000000000000000000e+00,1.000000000000000056e-01
-8.383508840429421127e-02,9.951186492237423797e-01,-5.206296110824598644e-02,1.801634279620959376e+02,-9.713378585394888409e-01,-6.994601231288122278e-02,2.271790481744440093e-01,-9.569507861817174899e+01,2.224285110325657788e-01,6.961630073941627028e-02,9.724603478554767477e-01,-2.620383420940798302e+01,0.000000000000000000e+00,0.000000000000000000e+00,0.000000000000000000e+00,1.000000000000000056e-01
-1.132158066078843284e-01,9.925400861077767756e-01,-4.523669531800479648e-02,1.801015515274428367e+02,-9.688050059966647476e-01,-1.001773462192041553e-01,2.266745677403639581e-01,-9.660211332067621015e+01,2.204519028947794501e-01,6.948868090304768930e-02,9.729194631296185225e-01,-2.599604569651131314e+01,0.000000000000000000e+00,0.000000000000000000e+00,0.000000000000000000e+00,1.000000000000000056e-01
-1.430861918562151835e-01,9.886795300154327393e-01,-4.515671188814822379e-02,1.800052800249137590e+02,-9.646592612759576912e-01,-1.291187286615862462e-01,2.296973302921459792e-01,-9.749684938975026682e+01,2.212664713295032781e-01,7.642735660271474107e-02,9.722139722448508437e-01,-2.574979912707852492e+01,0.000000000000000000e+00,0.000000000000000000e+00,0.000000000000000000e+00,1.000000000000000056e-01
-1.730687091598486216e-01,9.839834027121125981e-01,-4.270696777852076020e-02,1.798801100884126356e+02,-9.597396923843699579e-01,-1.587469804486076885e-01,2.317307037498569366e-01,-9.840715056037620911e+01,2.212395642097006732e-01,8.109290588911781394e-02,9.718420632195132747e-01,-2.550396462425414867e+01,0.000000000000000000e+00,0.000000000000000000e+00,0.000000000000000000e+00,1.000000000000000056e-01
-2.084890019249960869e-01,9.772495256811180031e-01,-3.893200010723646409e-02,1.797430200021130418e+02,-9.525717486227320840e-01,-1.938797568800523230e-01,2.345585291520289883e-01,-9.924924355643528884e+01,2.216740846426357714e-01,8.598839705543212530e-02,9.713220865241801727e-01,-2.527335978707494846e+01,0.000000000000000000e+00,0.000000000000000000e+00,0.000000000000000000e+00,1.000000000000000056e-01
-2.375550388343423691e-01,9.706642336715963770e-01,-3.712881623681091314e-02,1.795670961064945743e+02,-9.467300040761937874e-01,-2.228037922302834595e-01,2.325097192585612871e-01,-1.000935381819224119e+02,2.174164274067266200e-01,9.038481973504979006e-02,9.718851174162295159e-01,-2.505093305420584926e+01,0.000000000000000000e+00,0.000000000000000000e+00,0.000000000000000000e+00,1.000000000000000056e-01
-2.675584980326666251e-01,9.627315438240160450e-01,-3.950221078282536991e-02,1.793573750957444588e+02,-9.404464287934870548e-01,-2.520035918667049568e-01,2.281550005059198305e-01,-1.009762307778492669e+02,2.096973168642856378e-01,9.819452231416184174e-02,9.728231448148285665e-01,-2.481988415052933306e+01,0.000000000000000000e+00,0.000000000000000000e+00,0.000000000000000000e+00,1.000000000000000056e-01
-2.973570102552900440e-01,9.539498990860305616e-01,-3.947655615409924323e-02,1.791171106152598043e+02,-9.332578737832860627e-01,-2.816829731360590561e-01,2.229000755197956540e-01,-1.018435813743351588e+02,2.015156308417183628e-01,1.031227069029058974e-01,9.740416612483685510e-01,-2.461729180583245125e+01,0.000000000000000000e+00,0.000000000000000000e+00,0.000000000000000000e+00,1.000000000000000056e-01
-3.277815935680188364e-01,9.438563009303678752e-01,-4.116442775083316297e-02,1.788535513073193215e+02,-9.237326404226203769e-01,-3.110438497714989037e-01,2.235391073999795086e-01,-1.026905600662761913e+02,1.981848529425609406e-01,1.112969303861010145e-01,9.738253217855689092e-01,-2.438292200146532096e+01,0.000000000000000000e+00,0.000000000000000000e+00,0.000000000000000000e+00,1.000000000000000056e-01
-3.550259350871529662e-01,9.341001352868585350e-01,-3.759684391762009581e-02,1.785619115525443590e+02,-9.135579391564172536e-01,-3.381211874318781341e-01,2.260220219667477548e-01,-1.035696712193948343e+02,1.984149117878316604e-01,1.145905749472000412e-01,9.733963852991734944e-01,-2.417425498227776615e+01,0.000000000000000000e+00,0.000000000000000000e+00,0.000000000000000000e+00,1.000000000000000056e-01
-3.726049830924105244e-01,9.272547865337005257e-01,-3.693355418919141986e-02,1.782320775336146426e+02,-9.055372251176331266e-01,-3.545997964539699954e-01,2.329405895954157202e-01,-1.044065641326849914e+02,2.028986458825225991e-01,1.202395326219481697e-01,9.717893775370741727e-01,-2.396638986402217952e+01,0.000000000000000000e+00,0.000000000000000000e+00,0.000000000000000000e+00,1.000000000000000056e-01
-3.919846999006393329e-01,9.192693682333501481e-01,-3.594194863474434176e-02,1.778754794629004152e+02,-8.973202385637051304e-01,-3.734252195828133836e-01,2.353082974387057935e-01,-1.052473628638055771e+02,2.028900798653807402e-01,1.244886902790147132e-01,9.712559814409561509e-01,-2.376732655415699824e+01,0.000000000000000000e+00,0.000000000000000000e+00,0.000000000000000000e+00,1.000000000000000056e-01
-4.080277982036677464e-01,9.121963113386811761e-01,-3.756601486944610713e-02,1.775273543244632606e+02,-8.909144468064961186e-01,-3.888440449361543205e-01,2.346737249654625712e-01,-1.060474495492507003e+02,1.994611851076359410e-01,1.292215086500478893e-01,9.713480515951339322e-01,-2.356054616688206238e+01,0.000000000000000000e+00,0.000000000000000000e+00,0.000000000000000000e+00,1.000000000000000056e-01
-4.235787675912778827e-01,9.048036687025751146e-01,-4.371897469309782291e-02,1.771613376662174915e+02,-8.853077375876265975e-01,-4.032644228773265560e-01,2.315340471915427745e-01,-1.068142372011308652e+02,1.918625482300624907e-01,1.367776529400114571e-01,9.718439361558462997e-01,-2.335356557397306432e+01,0.000000000000000000e+00,0.000000000000000000e+00,0.000000000000000000e+00,1.000000000000000056e-01
-4.392971030213765893e-01,8.972349870819211759e-01,-4.458063742401206786e-02,1.767772481784948013e+02,-8.788575381087830873e-01,-4.189600537011761716e-01,2.282145944326893772e-01,-1.076168336479462511e+02,1.860846124385231448e-01,1.394340394552662787e-01,9.725896697244896805e-01,-2.314091613062210584e+01,0.000000000000000000e+00,0.000000000000000000e+00,0.000000000000000000e+00,1.000000000000000056e-01
-4.596871815776129022e-01,8.870215190954339191e-01,-4.336495998913768302e-02,1.763849900765368659e+02,-8.675312807991230057e-01,-4.380710467123152263e-01,2.355487950880026937e-01,-1.083832245451177272e+02,1.899399166269800099e-01,1.458992210191859540e-01,9.708945593511844052e-01,-2.293843401064543741e+01,0.000000000000000000e+00,0.000000000000000000e+00,0.000000000000000000e+00,1.000000000000000056e-01
-4.795074822472162879e-01,8.767243332956792257e-01,-3.777589014413464119e-02,1.760213617194617655e+02,-8.551599796886292237e-01,-4.571870880623913891e-01,2.442977192852481549e-01,-1.090869439613996690e+02,1.969111058520525148e-01,1.494470137415846722e-01,9.689641925663942112e-01,-2.275672208986498291e+01,0.000000000000000000e+00,0.000000000000000000e+00,0.000000000000000000e+00,1.000000000000000056e-01
-4.977590286129671693e-01,8.662852575864126159e-01,-4.225874965872204736e-02,1.756116005717856297e+02,-8.444654230101755754e-01,-4.729592653652947565e-01,2.513716027027841360e-01,-1.097731854556017907e+02,1.977728464034456124e-01,1.608085376886563278e-01,9.669676909969200373e-01,-2.258594460473399224e+01,0.000000000000000000e+00,0.000000000000000000e+00,0.000000000000000000e+00,1.000000000000000056e-01
-5.154488963295364989e-01,8.556342881326931549e-01,-4.692973731359025014e-02,1.751918695339756482e+02,-8.359179861427988856e-01,-4.900105063900741520e-01,2.472464844447965215e-01,-1.104871390073763848e+02,1.885565053654489343e-01,1.666723390338151756e-01,9.678154657192488131e-01,-2.241697547825608439e+01,0.000000000000000000e+00,0.000000000000000000e+00,0.000000000000000000e+00,1.000000000000000056e-01
-5.308508203724691121e-01,8.461113071718882050e-01,-4.788593097931449771e-02,1.747801861655844391e+02,-8.292806453235443964e-01,-5.069874620009959809e-01,2.350687658230139476e-01,-1.112505169009570096e+02,1.746167741130352780e-01,1.644973229255353719e-01,9.707984409488353839e-01,-2.219030348187349588e+01,0.000000000000000000e+00,0.000000000000000000e+00,0.000000000000000000e+00,1.000000000000000056e-01
-5.465263882997035694e-01,8.358672379435578836e-01,-5.133095970941533442e-02,1.743430819119326429e+02,-8.201984538438917838e-01,-5.218921264675338012e-01,2.343141153308642699e-01,-1.119545554541284957e+02,1.690662686764317080e-01,1.701604209674029700e-01,9.708048351404234833e-01,-2.203873691167432725e+01,0.000000000000000000e+00,0.000000000000000000e+00,0.000000000000000000e+00,1.000000000000000056e-01
-5.592482981391890817e-01,8.275062522122206277e-01,-4.974679465157425678e-02,1.739235745441053780e+02,-8.112744782979203206e-01,-5.339612706832270739e-01,2.381576836316458279e-01,-1.125708952562295337e+02,1.705141105329947837e-01,1.735475841377189521e-01,9.699516349535697302e-01,-2.188035492351243150e+01,0.000000000000000000e+00,0.000000000000000000e+00,0.000000000000000000e+00,1.000000000000000056e-01
-5.766846952337685295e-01,8.154339936098536912e-01,-5.002163880382837213e-02,1.734972447490269474e+02,-7.979248040878751391e-01,-5.490439866594900575e-01,2.487301906371238436e-01,-1.131401161144148659e+02,1.753589726944751737e-01,1.833524005257060885e-01,9.672802737143972873e-01,-2.175304206026773102e+01,0.000000000000000000e+00,0.000000000000000000e+00,0.000000000000000000e+00,1.000000000000000056e-01
-5.951819436125558305e-01,8.021304569718205046e-01,-4.842709980743764575e-02,1.730747281463063700e+02,-7.841214676223965396e-01,-5.665212208472549804e-01,2.533914567293761300e-01,-1.136800208103183820e+02,1.758180252740882410e-01,1.887867482847111200e-01,9.661509124669940274e-01,-2.161407441513583549e+01,0.000000000000000000e+00,0.000000000000000000e+00,0.000000000000000000e+00,1.000000000000000056e-01
-6.121024369684484601e-01,7.892215367531106862e-01,-4.959811067314776056e-02,1.726445426099515430e+02,-7.706424687074749924e-01,-5.812778971218361956e-01,2.612014390122400775e-01,-1.142081525130132036e+02,1.773155156260605436e-01,1.981044478114387386e-01,9.640092508246947967e-01,-2.148714369431423421e+01,0.000000000000000000e+00,0.000000000000000000e+00,0.000000000000000000e+00,1.000000000000000056e-01
-6.196638315453286694e-01,7.830240475743394102e-01,-5.375943447304764450e-02,1.722366945598153620e+02,-7.651109740665958947e-01,-5.873758474845027777e-01,2.638082848485387988e-01,-1.146743888785248942e+02,1.749912376018531168e-01,2.046043858575897489e-01,9.630758599666021658e-01,-2.137953503542822631e+01,0.000000000000000000e+00,0.000000000000000000e+00,0.000000000000000000e+00,1.000000000000000056e-01
-6.381997990118064568e-01,7.673587192479472963e-01,-6.214187425110843932e-02,1.717544196429393253e+02,-7.513484408779610435e-01,-6.032138325086200403e-01,2.675978188635335098e-01,-1.151591248504010849e+02,1.678586814303854036e-01,2.174710745465094353e-01,9.615247239691961934e-01,-2.125833368706680560e+01,0.000000000000000000e+00,0.000000000000000000e+00,0.000000000000000000e+00,1.000000000000000056e-01
-6.457143686277171390e-01,7.608973959467119075e-01,-6.393830611786674445e-02,1.713542771365163446e+02,-7.450195357101691007e-01,-6.094576241982199161e-01,2.711222892291709763e-01,-1.155915083403743182e+02,1.673285557157338233e-01,2.227028449485431161e-01,9.604189696657973174e-01,-2.116252548447340942e+01,0.000000000000000000e+00,0.000000000000000000e+00,0.000000000000000000e+00,1.000000000000000056e-01
-6.437814883960684131e-01,7.622699197179434449e-01,-6.700719880537414630e-02,1.709667274807202375e+02,-7.460040458860337509e-01,-6.057173115441099043e-01,2.767390504020791897e-01,-1.160544625998675343e+02,1.703624334183199418e-01,2.281471191774640250e-01,9.586060365399398098e-01,-2.105076890907996301e+01,0.000000000000000000e+00,0.000000000000000000e+00,0.000000000000000000e+00,1.000000000000000056e-01
-6.350578576312289059e-01,7.693577426758134719e-01,-6.921113527179617586e-02,1.706157475820704974e+02,-7.521282770588720856e-01,-5.954284861257557182e-01,2.824322445444985008e-01,-1.164827217030536559e+02,1.760811526236881475e-01,2.314164680716730982e-01,9.567872522122907730e-01,-2.093566296724955222e+01,0.000000000000000000e+00,0.000000000000000000e+00,0.000000000000000000e+00,1.000000000000000056e-01
-6.190282525453334461e-01,7.820669515875552369e-01,-7.193959817249767630e-02,1.702122225508908002e+02,-7.635729120023458938e-01,-5.778884210075598826e-01,2.880996024322976523e-01,-1.169128626532245931e+02,1.837401170319905575e-01,2.332729219175230795e-01,9.548943990269980198e-01,-2.081534681938151010e+01,0.000000000000000000e+00,0.000000000000000000e+00,0.000000000000000000e+00,1.000000000000000056e-01
-6.001380531815185826e-01,7.961964170651614214e-01,-7.684778836177563743e-02,1.698849929207149216e+02,-7.776805878120909288e-01,-5.582863717432366979e-01,2.890142392097893587e-01,-1.173504156935643579e+02,1.872090287986599155e-01,2.332114760863455705e-01,9.542353938928750390e-01,-2.068454181307142292e+01,0.000000000000000000e+00,0.000000000000000000e+00,0.000000000000000000e+00,1.000000000000000056e-01
-5.749595973976773244e-01,8.149614056210674473e-01,-7.252150514457358921e-02,1.695606123203707227e+02,-7.945064364839178328e-01,-5.349561348162343855e-01,2.873698944011027767e-01,-1.178392124096828582e+02,1.953995489911037053e-01,2.228448814099364683e-01,9.550702461512790009e-01,-2.056372595443891171e+01,0.000000000000000000e+00,0.000000000000000000e+00,0.000000000000000000e+00,1.000000000000000056e-01
-5.538417226877039301e-01,8.296515184483240768e-01,-7.026879924053655579e-02,1.692723110308199068e+02,-8.077344519256010047e-01,-5.148904292143383632e-01,2.871461319187903483e-01,-1.183185612293619613e+02,2.020504921616511906e-01,2.157920384070383946e-01,9.553059168545799951e-01,-2.042587386936367011e+01,0.000000000000000000e+00,0.000000000000000000e+00,0.000000000000000000e+00,1.000000000000000056e-01
-5.347536978368561122e-01,8.425114205001756895e-01,-6.490754175428674333e-02,1.689845714533069270e+02,-8.178318181341835968e-01,-4.967026560033700466e-01,2.905814666604416008e-01,-1.187956625522537877e+02,2.125784558631092502e-01,2.084729667030570388e-01,9.546462288496624371e-01,-2.029143157919206786e+01,0.000000000000000000e+00,0.000000000000000000e+00,0.000000000000000000e+00,1.000000000000000056e-01
-5.105391106159786752e-01,8.574612285701194159e-01,-6.410973428791347239e-02,1.687098812095879055e+02,-8.306740522897692047e-01,-4.725814834578705437e-01,2.943592368947378635e-01,-1.192693467236766196e+02,2.221045595748527279e-01,2.035361957779991127e-01,9.535421236758661045e-01,-2.014555308881964990e+01,0.000000000000000000e+00,0.000000000000000000e+00,0.000000000000000000e+00,1.000000000000000056e-01
-4.858017742058937660e-01,8.719789628927284708e-01,-6.040963872535623502e-02,1.684496879727065846e+02,-8.431948348114436387e-01,-4.493148180729509278e-01,2.951925893503664078e-01,-1.197299122648700660e+02,2.302587820816154041e-01,1.943421789848854275e-01,9.535260933722253807e-01,-2.001866901563817436e+01,0.000000000000000000e+00,0.000000000000000000e+00,0.000000000000000000e+00,1.000000000000000056e-01
-4.619489813025179359e-01,8.850631989486638096e-01,-5.715131267367459800e-02,1.682478014236854165e+02,-8.540743000530558460e-01,-4.265529350033743228e-01,2.976737872720573441e-01,-1.202041735389622943e+02,2.390820542459196341e-01,1.863215701596712404e-01,9.529554259412063022e-01,-1.988236657646314853e+01,0.000000000000000000e+00,0.000000000000000000e+00,0.000000000000000000e+00,1.000000000000000056e-01
-4.321237967469122587e-01,9.002181193200690101e-01,-5.363172505962338077e-02,1.679972935209177365e+02,-8.678951339634050077e-01,-3.989776096289652241e-01,2.959305720222228930e-01,-1.207348860598512914e+02,2.450042055305913236e-01,1.744253555610389139e-01,9.537026447534519003e-01,-1.973188495670872555e+01,0.000000000000000000e+00,0.000000000000000000e+00,0.000000000000000000e+00,1.000000000000000056e-01
-4.094651240276088178e-01,9.108267481239255003e-01,-5.227759660744274450e-02,1.677749451425254961e+02,-8.779491522584602636e-01,-3.778075382097865198e-01,2.940522914729828408e-01,-1.212624888034284254e+02,2.480798223429434013e-01,1.663012296222015629e-01,9.543585818613659066e-01,-1.956824053817562614e+01,0.000000000000000000e+00,0.000000000000000000e+00,0.000000000000000000e+00,1.000000000000000056e-01
-3.921699558622473436e-01,9.185845401311653058e-01,-4.904251574928715496e-02,1.675715277362894255e+02,-8.860807088654724106e-01,-3.628963716570590137e-01,2.883872410745732529e-01,-1.218285058211162379e+02,2.471107101998318289e-01,1.565524387231250480e-01,9.562570945276049894e-01,-1.938277399238845788e+01,0.000000000000000000e+00,0.000000000000000000e+00,0.000000000000000000e+00,1.000000000000000056e-01
-3.758517750143568481e-01,9.255608629844882529e-01,-4.552507144384297655e-02,1.673332033250874247e+02,-8.929058273504668630e-01,-3.485739002947356724e-01,2.849831916392509545e-01,-1.224296180127469427e+02,2.479004370753220554e-01,1.477610400096227572e-01,9.574508072758302069e-01,-1.920767205983318249e+01,0.000000000000000000e+00,0.000000000000000000e+00,0.000000000000000000e+00,1.000000000000000056e-01
-3.625963179089328747e-01,9.309491027882381697e-01,-4.310079183330833841e-02,1.671166313044026310e+02,-8.984611751511117905e-01,-3.369082756123666922e-01,2.815321128574583276e-01,-1.230216254636471405e+02,2.475710544166404015e-01,1.408068955757342255e-01,9.585833251070858818e-01,-1.902449623971633841e+01,0.000000000000000000e+00,0.000000000000000000e+00,0.000000000000000000e+00,1.000000000000000056e-01
-3.476549610529431344e-01,9.367396143142773246e-01,-4.068074519494729868e-02,1.669134024894809727e+02,-9.044693949294940749e-01,-3.236111368426863866e-01,2.778685763940560438e-01,-1.236178033144463058e+02,2.471257608812807982e-01,1.333968780958671163e-01,9.597573293406643780e-01,-1.886741631417179121e+01,0.000000000000000000e+00,0.000000000000000000e+00,0.000000000000000000e+00,1.000000000000000056e-01
-3.477732875813797087e-01,9.369253048437886644e-01,-3.499590816384345882e-02,1.667001413742808040e+02,-9.044115838166746357e-01,-3.253968586605564539e-01,2.759648010744402691e-01,-1.242308616858884562e+02,2.471708467903375173e-01,1.276238908559641505e-01,9.605304341767273435e-01,-1.867285344234349509e+01,0.000000000000000000e+00,0.000000000000000000e+00,0.000000000000000000e+00,1.000000000000000056e-01
-3.466081513630525635e-01,9.376402453427118422e-01,-2.633552206329471679e-02,1.665017880094161740e+02,-9.049610447153145776e-01,-3.268773105269264789e-01,2.723907696865837114e-01,-1.248443240421645726e+02,2.467960634946461673e-01,1.182454826889482447e-01,9.618262363167290330e-01,-1.849330894959492610e+01,0.000000000000000000e+00,0.000000000000000000e+00,0.000000000000000000e+00,1.000000000000000056e-01
-3.485801156246273180e-01,9.370661851356730798e-01,-1.997167159749574372e-02,1.663070531637569047e+02,-9.040712687307447259e-01,-3.305319532003603289e-01,2.709312993530588742e-01,-1.254361911736296236e+02,2.472792834968254305e-01,1.124970781346415066e-01,9.623914813445020311e-01,-1.833163128781117379e+01,0.000000000000000000e+00,0.000000000000000000e+00,0.000000000000000000e+00,1.000000000000000056e-01
-3.536376006528281213e-01,9.352965358931014661e-01,-1.268216664753540890e-02,1.660853978021103217e+02,-9.009276792581394355e-01,-3.369340741724684563e-01,2.735045637792632989e-01,-1.260273672486267600e+02,2.515348169758104269e-01,1.081472126682260365e-01,9.617870950688821585e-01,-1.816449461979211932e+01,0.000000000000000000e+00,0.000000000000000000e+00,0.000000000000000000e+00,1.000000000000000056e-01
-3.616504190538019081e-01,9.322085548709969638e-01,-1.400659214575523948e-02,1.658663055741493508e+02,-8.975576956660521466e-01,-3.440652066981388923e-01,2.756978717553221769e-01,-1.265994748974840434e+02,2.521887335882724845e-01,1.122779754230318061e-01,9.611422885744068667e-01,-1.798440602627336204e+01,0.000000000000000000e+00,0.000000000000000000e+00,0.000000000000000000e+00,1.000000000000000056e-01
-3.738401792756778086e-01,9.274196358570607757e-01,-1.167644577287146879e-02,1.656324872297956006e+02,-8.931145875476804719e-01,-3.565590621207630484e-01,2.742480058798953957e-01,-1.271829237478649048e+02,2.501796431939785625e-01,1.129533277345980552e-01,9.615881092676916708e-01,-1.781318830107427686e+01,0.000000000000000000e+00,0.000000000000000000e+00,0.000000000000000000e+00,1.000000000000000056e-01
-3.850053303961746831e-01,9.228526886966865739e-01,-1.066820190233359888e-02,1.653922600159205274e+02,-8.887401704175461603e-01,-3.676079578936610748e-01,2.738709527851457826e-01,-1.277660408682497177e+02,2.488208292179809877e-01,1.149230362396889138e-01,9.617072791076958227e-01,-1.763727431257181877e+01,0.000000000000000000e+00,0.000000000000000000e+00,0.000000000000000000e+00,1.000000000000000056e-01
-3.975123882023954280e-01,9.174888018443680959e-01,-1.407834208332003900e-02,1.651164355429217210e+02,-8.852234315439009293e-01,-3.794033598608190783e-01,2.691329908650428315e-01,-1.283593969378273982e+02,2.415851350378777074e-01,1.194461762322619747e-01,9.630001212420598034e-01,-1.745790722232525738e+01,0.000000000000000000e+00,0.000000000000000000e+00,0.000000000000000000e+00,1.000000000000000056e-01
-4.124493397158803809e-01,9.108933190701782312e-01,-1.260569082791965223e-02,1.648514058784598433e+02,-8.788489605091216461e-01,-3.942208950476064899e-01,2.687273535014638171e-01,-1.289331807525431373e+02,2.398125242350175601e-01,1.219149177958912811e-01,9.631337944641181759e-01,-1.728093389087688792e+01,0.000000000000000000e+00,0.000000000000000000e+00,0.000000000000000000e+00,1.000000000000000056e-01
-4.267900463448934811e-01,9.043199798582509663e-01,-7.458576948501841053e-03,1.645924838412534825e+02,-8.715719109488956340e-01,-4.091064069664258618e-01,2.701746691011428503e-01,-1.294920828498343042e+02,2.412729997032708740e-01,1.218085457108580988e-01,9.627824353435158189e-01,-1.711790092294478072e+01,0.000000000000000000e+00,0.000000000000000000e+00,0.000000000000000000e+00,1.000000000000000056e-01
-4.477387543855289032e-01,8.941617994691200000e-01,-2.164299295489252595e-03,1.642911122212777570e+02,-8.591658946403795127e-01,-4.295419716795123577e-01,2.780785141870428800e-01,-1.300623038273027987e+02,2.477175272524964333e-01,1.263660197039637723e-01,9.605559097502269772e-01,-1.694696836188842681e+01,0.000000000000000000e+00,0.000000000000000000e+00,0.000000000000000000e+00,1.000000000000000056e-01
-4.607903332783678252e-01,8.874910258491146564e-01,5.652238007785040375e-03,1.639714838633558145e+02,-8.514640370017851900e-01,-4.438635555243297670e-01,2.792743056027936488e-01,-1.306474099986015744e+02,2.503622624315277601e-01,1.238742229625924562e-01,9.601947273525203164e-01,-1.677327801517988703e+01,0.000000000000000000e+00,0.000000000000000000e+00,0.000000000000000000e+00,1.000000000000000056e-01
-4.750321386039022542e-01,8.799353565403067456e-01,7.631225569063926351e-03,1.636426631290862019e+02,-8.449190813951241719e-01,-4.585174885182790039e-01,2.754513725093943322e-01,-1.312183573793340088e+02,2.458784520608144897e-01,1.244004864667852817e-01,9.612847162932556255e-01,-1.659935034641146956e+01,0.000000000000000000e+00,0.000000000000000000e+00,0.000000000000000000e+00,1.000000000000000056e-01
-4.948546029618723363e-01,8.689362834222827958e-01,8.285968846075603134e-03,1.632568711897800142e+02,-8.352558570919114134e-01,-4.782610130460036579e-01,2.713191047343829210e-01,-1.318628212331401528e+02,2.397218703437475062e-01,1.273426038389378900e-01,9.624537838911616516e-01,-1.639192035108041168e+01,0.000000000000000000e+00,0.000000000000000000e+00,0.000000000000000000e+00,1.000000000000000056e-01
-5.133129374430327463e-01,8.581762385680073990e-01,6.585727816422651260e-03,1.628798470769880282e+02,-8.268331242992330576e-01,-4.965918943613576442e-01,2.640898994966823787e-01,-1.324805702324792094e+02,2.299060956459715865e-01,1.301154641534402190e-01,9.644755845395777127e-01,-1.620103512157380266e+01,0.000000000000000000e+00,0.000000000000000000e+00,0.000000000000000000e+00,1.000000000000000056e-01
-5.288807154118679854e-01,8.486776114574521301e-01,5.612546329894135821e-03,1.624729101149747521e+02,-8.180409946727431603e-01,-5.115275593796382303e-01,2.629609990662876706e-01,-1.330970538042319902e+02,2.260400847200781937e-01,1.344837083292442781e-01,9.647901389907312941e-01,-1.600175968231365431e+01,0.000000000000000000e+00,0.000000000000000000e+00,0.000000000000000000e+00,1.000000000000000056e-01
-5.372054730290909408e-01,8.433448315332356948e-01,1.340801528074660187e-02,1.620721610645354929e+02,-8.117795802390785909e-01,-5.212832225822647825e-01,2.632066012871146499e-01,-1.337388395601173272e+02,2.289633002348970825e-01,1.305116737323802067e-01,9.646463135082812279e-01,-1.580726931100932475e+01,0.000000000000000000e+00,0.000000000000000000e+00,0.000000000000000000e+00,1.000000000000000056e-01
-5.540691035238545226e-01,8.322985827035140893e-01,1.692624441492635023e-02,1.616581505860722530e+02,-8.009356567857188747e-01,-5.385133517933820002e-01,2.617354458790142058e-01,-1.343561729664165796e+02,2.269570492615318458e-01,1.314626911712170609e-01,9.649912220432472765e-01,-1.562837783383121426e+01,0.000000000000000000e+00,0.000000000000000000e+00,0.000000000000000000e+00,1.000000000000000056e-01
-5.625896144190700721e-01,8.265802810415268098e-01,1.606128080550857373e-02,1.612382419889772507e+02,-7.946448961501526576e-01,-5.460097513371853228e-01,2.653541792910348862e-01,-1.349605597740624034e+02,2.281061480326996849e-01,1.365224905941001821e-01,9.640172170618468428e-01,-1.544304190873300797e+01,0.000000000000000000e+00,0.000000000000000000e+00,0.000000000000000000e+00,1.000000000000000056e-01
-5.728149103315929302e-01,8.195905248673193144e-01,1.242779342928375386e-02,1.608005099594967930e+02,-7.882981257858502344e-01,-5.549732897473589333e-01,2.656891276464086182e-01,-1.355478162126154018e+02,2.246533849830104623e-01,1.423938875608986854e-01,9.639786498678118987e-01,-1.526084992883680513e+01,0.000000000000000000e+00,0.000000000000000000e+00,0.000000000000000000e+00,1.000000000000000056e-01
-5.801742613471534415e-01,8.143410578197894933e-01,1.569929995992311311e-02,1.603927494773129752e+02,-7.837078162185663333e-01,-5.633914236105357354e-01,2.615189526593056923e-01,-1.361108586155086471e+02,2.218104715026123219e-01,1.394229010996422269e-01,9.650706551236278852e-01,-1.509087803583721410e+01,0.000000000000000000e+00,0.000000000000000000e+00,0.000000000000000000e+00,1.000000000000000056e-01
-5.872740780613014966e-01,8.091980673761433041e-01,1.753981162851923903e-02,1.599587233984624390e+02,-7.794896424661271750e-01,-5.712831184481648172e-01,2.569659430044572423e-01,-1.367296915055652562e+02,2.179565427448287851e-01,1.372373357758577828e-01,9.662612789219415799e-01,-1.490842685513577237e+01,0.000000000000000000e+00,0.000000000000000000e+00,0.000000000000000000e+00,1.000000000000000056e-01
-5.935351983404668630e-01,8.046365489455011843e-01,1.661301995471875514e-02,1.595170837581036380e+02,-7.749009659099432845e-01,-5.769322989735321539e-01,2.582200910714563813e-01,-1.373141543867833718e+02,2.173579107434988056e-01,1.403892677599976879e-01,9.659432654845898636e-01,-1.473149408085468259e+01,0.000000000000000000e+00,0.000000000000000000e+00,0.000000000000000000e+00,1.000000000000000056e-01
-5.979392796089859630e-01,8.013771935663371870e-01,1.622379525352860008e-02,1.590703541429775498e+02,-7.713938290666744191e-01,-5.808306801325329172e-01,2.599755401852903436e-01,-1.378958204625269275e+02,2.177617468210184537e-01,1.429346516717362736e-01,9.654789003250863200e-01,-1.455230212198277684e+01,0.000000000000000000e+00,0.000000000000000000e+00,0.000000000000000000e+00,1.000000000000000056e-01
-6.044509457502926786e-01,7.964396447951109792e-01,1.797070895135648161e-02,1.586218271833131723e+02,-7.666070954011297012e-01,-5.876494875954187957e-01,2.588081161970876010e-01,-1.384977088891554899e+02,2.166855220410913163e-01,1.426603376116827304e-01,9.657615713054130691e-01,-1.436772638293452076e+01,0.000000000000000000e+00,0.000000000000000000e+00,0.000000000000000000e+00,1.000000000000000056e-01
-6.097588930428132770e-01,7.923011781855326952e-01,2.128227903724311254e-02,1.581789161666200414e+02,-7.629827390919401431e-01,-5.940420945863034152e-01,2.548947424080716950e-01,-1.390751390692811071e+02,2.145959743400671638e-01,1.391863244192241833e-01,9.667345731335482695e-01,-1.420246577996412540e+01,0.000000000000000000e+00,0.000000000000000000e+00,0.000000000000000000e+00,1.000000000000000056e-01
-6.106206641188469675e-01,7.916524538198909111e-01,2.070741200641905422e-02,1.577391069916630784e+02,-7.632839528019353947e-01,-5.953052424352953675e-01,2.510164849648466867e-01,-1.396651726239458071e+02,2.110450471963534747e-01,1.374702174654554854e-01,9.677612966862693122e-01,-1.402161389283777382e+01,0.000000000000000000e+00,0.000000000000000000e+00,0.000000000000000000e+00,1.000000000000000056e-01
-6.187153460863787924e-01,7.854362285640625885e-01,1.677055086375946191e-02,1.572808560658654073e+02,-7.577164275062908683e-01,-6.022458272252915190e-01,2.513280308219280612e-01,-1.402534047004372724e+02,2.075021349391762970e-01,1.427931876833969937e-01,9.677566685623499865e-01,-1.384771817973519070e+01,0.000000000000000000e+00,0.000000000000000000e+00,0.000000000000000000e+00,1.000000000000000056e-01
-6.199899189194317817e-01,7.846051813415766407e-01,-2.685116427337125300e-03,1.567903887964784531e+02,-7.560434085845573193e-01,-5.964985641272655403e-01,2.694212822513372685e-01,-1.408705270060717964e+02,2.097876659246694364e-01,1.690685435143462478e-01,9.630186721034109665e-01,-1.370794157809254976e+01,0.000000000000000000e+00,0.000000000000000000e+00,0.000000000000000000e+00,1.000000000000000056e-01
-6.139047885366288870e-01,7.889476435972625490e-01,2.612520381018972049e-02,1.568568331096635688e+02,-7.594949771117779358e-01,-5.993597612885881443e-01,2.528542194428771150e-01,-1.418205516087334956e+02,2.151471365223740495e-01,1.353864550478132145e-01,9.671516000275289793e-01,-1.338816374655090691e+01,0.000000000000000000e+00,0.000000000000000000e+00,0.000000000000000000e+00,1.000000000000000056e-01
-6.163724145621167771e-01,7.869278825663259536e-01,2.880198268428045549e-02,1.563139211789756757e+02,-7.567343881215633505e-01,-6.020465890000032960e-01,2.547409870981605651e-01,-1.424167877100277337e+02,2.178029210115193792e-01,1.352198665623532969e-01,9.665802994504435475e-01,-1.320421848128198761e+01,0.000000000000000000e+00,0.000000000000000000e+00,0.000000000000000000e+00,1.000000000000000056e-01
-6.233734063787899071e-01,7.812609829717828136e-01,3.220050784798898780e-02,1.558383138191869932e+02,-7.509707270734221618e-01,-6.096605764485061307e-01,2.536867134938115553e-01,-1.430296605044378282e+02,2.178269113275957958e-01,1.339599119529396032e-01,9.667503186919776947e-01,-1.302570522380759677e+01,0.000000000000000000e+00,0.000000000000000000e+00,0.000000000000000000e+00,1.000000000000000056e-01
-6.286006765208040914e-01,7.770509551187545494e-01,3.245000195099528861e-02,1.553479667397399737e+02,-7.481912977356652839e-01,-6.155903459897802410e-01,2.475041573727689015e-01,-1.436294072502228971e+02,2.122992498107547921e-01,1.313024716949939552e-01,9.683432704658900825e-01,-1.284815084675526009e+01,0.000000000000000000e+00,0.000000000000000000e+00,0.000000000000000000e+00,1.000000000000000056e-01
-6.340588150986019578e-01,7.726454736853380911e-01,3.143868618942123605e-02,1.548428243697273388e+02,-7.435491192537029281e-01,-6.203386888631803320e-01,2.496289613737825153e-01,-1.442300031779701897e+02,2.123773204765516676e-01,1.349032360363174587e-01,9.678310754745012012e-01,-1.266470026863730780e+01,0.000000000000000000e+00,0.000000000000000000e+00,0.000000000000000000e+00,1.000000000000000056e-01
-6.434236116366089941e-01,7.647308617573884693e-01,3.453643097230228720e-02,1.543293144109183572e+02,-7.361622954196997970e-01,-6.304984504519830502e-01,2.460422296680945253e-01,-1.448261287029406219e+02,2.099312525349696368e-01,1.328849617279952988e-01,9.686436166907043122e-01,-1.247884887186322800e+01,0.000000000000000000e+00,0.000000000000000000e+00,0.000000000000000000e+00,1.000000000000000056e-01
-6.490077293476486098e-01,7.595096380188004481e-01,4.397814233867368416e-02,1.538575971284662103e+02,-7.301970981710230735e-01,-6.381006273882150470e-01,2.442125859766123841e-01,-1.454041484853374016e+02,2.135442929924079025e-01,1.263831439841467952e-01,9.687239729907870522e-01,-1.230612297884339057e+01,0.000000000000000000e+00,0.000000000000000000e+00,0.000000000000000000e+00,1.000000000000000056e-01
-6.561473194128635278e-01,7.532449969074365148e-01,4.574570866463413543e-02,1.533567128221732787e+02,-7.232199059037381916e-01,-6.449856358047636462e-01,2.468734439143112636e-01,-1.459435805902442382e+02,2.154615114861621605e-01,1.289011413426606745e-01,9.679673717789550880e-01,-1.212762248328138526e+01,0.000000000000000000e+00,0.000000000000000000e+00,0.000000000000000000e+00,1.000000000000000056e-01
-6.610128825302197253e-01,7.489637236232288275e-01,4.599249749163381029e-02,1.528461885862584779e+02,-7.197511101867072325e-01,-6.501757296566545996e-01,2.433718552964571347e-01,-1.465029191421334644e+02,2.121798965832830119e-01,1.277687804663758253e-01,9.688420047789229050e-01,-1.196448860813208803e+01,0.000000000000000000e+00,0.000000000000000000e+00,0.000000000000000000e+00,1.000000000000000056e-01
-6.676995003952901353e-01,7.430188871227357827e-01,4.582914521099996918e-02,1.523028909406670550e+02,-7.145510470512782542e-01,-6.569504438676692093e-01,2.404847509926436588e-01,-1.470740793288910027e+02,2.087921893409846463e-01,1.278242843944888407e-01,9.695704069273336501e-01,-1.178121067150942558e+01,0.000000000000000000e+00,0.000000000000000000e+00,0.000000000000000000e+00,1.000000000000000056e-01
-6.738134221729612516e-01,7.374143853377134183e-01,4.685612442963284219e-02,1.517499265705690732e+02,-7.092645364653978879e-01,-6.632648275775367974e-01,2.387961176633010552e-01,-1.476379532191731982e+02,2.071697116184874621e-01,1.276706418701774592e-01,9.699386154764484402e-01,-1.161310560227896538e+01,0.000000000000000000e+00,0.000000000000000000e+00,0.000000000000000000e+00,1.000000000000000056e-01
-6.802652255027348271e-01,7.316101418801188583e-01,4.456257701105904856e-02,1.511927251191934829e+02,-7.040880914481033592e-01,-6.691522824843130213e-01,2.376871522127398939e-01,-1.482123693061110430e+02,2.037134812737771417e-01,1.303143244013765245e-01,9.703190168203090771e-01,-1.142385793948430894e+01,0.000000000000000000e+00,0.000000000000000000e+00,0.000000000000000000e+00,1.000000000000000056e-01
-6.840266251111397633e-01,7.282758501239627869e-01,4.149532823444795904e-02,1.506163643192601285e+02,-7.017516581378424601e-01,-6.725098040354497986e-01,2.351067284808974478e-01,-1.487887170196515854e+02,1.991285676136244631e-01,1.316998466302113646e-01,9.710833970147595418e-01,-1.125928304267824309e+01,0.000000000000000000e+00,0.000000000000000000e+00,0.000000000000000000e+00,1.000000000000000056e-01
-6.846865203774634701e-01,7.276044534902736949e-01,4.238075122649770377e-02,1.499633479485376313e+02,-7.016890692510864280e-01,-6.737898932933570340e-01,2.316023095508146501e-01,-1.492192264284640260e+02,1.970705937143998332e-01,1.288368695554483467e-01,9.718869492570657576e-01,-1.112495018668013991e+01,0.000000000000000000e+00,0.000000000000000000e+00,0.000000000000000000e+00,1.000000000000000056e-01
-6.901075091885886525e-01,7.224814385975203423e-01,4.209746599950266177e-02,1.493932546597425528e+02,-6.974736027341993383e-01,-6.794856254512047222e-01,2.276617189914926231e-01,-1.498111344474475857e+02,1.930859892651409226e-01,1.277491905541578432e-01,9.728298643967809856e-01,-1.094592321630543097e+01,0.000000000000000000e+00,0.000000000000000000e+00,0.000000000000000000e+00,1.000000000000000056e-01
-6.936122934529946882e-01,7.191856575380843886e-01,4.091425622432712239e-02,1.488131915009712998e+02,-6.939205165450497148e-01,-6.823301641628629621e-01,2.299997038940091443e-01,-1.504069866712928274e+02,1.933295194447242071e-01,1.311393802981917767e-01,9.723302730277805228e-01,-1.076478918151878617e+01,0.000000000000000000e+00,0.000000000000000000e+00,0.000000000000000000e+00,1.000000000000000056e-01
-6.974352419411204984e-01,7.156949276488016043e-01,3.694392827389922362e-02,1.482104995551275692e+02,-6.901632724012705111e-01,-6.846526522860376662e-01,2.343616930005062993e-01,-1.509999882648159542e+02,1.930252333942382992e-01,1.379547616266666443e-01,9.714472414998301941e-01,-1.057943410029413833e+01,0.000000000000000000e+00,0.000000000000000000e+00,0.000000000000000000e+00,1.000000000000000056e-01
-7.041697831170974364e-01,7.092924943140713756e-01,3.238941269217592012e-02,1.476173819491483528e+02,-6.836568966286392657e-01,-6.896245445982187583e-01,2.388121336527907757e-01,-1.516107195699828765e+02,1.917241879286988859e-01,1.460210429952596145e-01,9.705254714666985416e-01,-1.039465590387926497e+01,0.000000000000000000e+00,0.000000000000000000e+00,0.000000000000000000e+00,1.000000000000000056e-01
-7.056398802327097375e-01,7.079526475727706547e-01,2.958729828612653712e-02,1.470053979293416262e+02,-6.823377563047052785e-01,-6.901795441895293148e-01,2.409717475211457516e-01,-1.522113709643740265e+02,1.910171346927507785e-01,1.498507443326143607e-01,9.700810320157450262e-01,-1.022066114561540573e+01,0.000000000000000000e+00,0.000000000000000000e+00,0.000000000000000000e+00,1.000000000000000056e-01
-7.074101503190040052e-01,7.060379693587737204e-01,3.288259493080281093e-02,1.464260894353229503e+02,-6.797189502112348514e-01,-6.923212683990871419e-01,2.422259483334015251e-01,-1.527688682403278335e+02,1.937860365180648359e-01,1.490021716151083420e-01,9.696624798890596253e-01,-1.004866650401383943e+01,0.000000000000000000e+00,0.000000000000000000e+00,0.000000000000000000e+00,1.000000000000000056e-01
-7.062661827481697685e-01,7.071451844405945986e-01,3.367146015257874159e-02,1.458613018050404264e+02,-6.810338644276504594e-01,-6.916379476969722884e-01,2.404783250279770579e-01,-1.533571622481833003e+02,1.933415491017639876e-01,1.469103040225506196e-01,9.700703108347001891e-01,-9.869330827646418669e+00,0.000000000000000000e+00,0.000000000000000000e+00,0.000000000000000000e+00,1.000000000000000056e-01
-7.094645261289842519e-01,7.038991651277205497e-01,3.443909837777217597e-02,1.452704289789451479e+02,-6.771653501993571966e-01,-6.944256201509184656e-01,2.433518986311678234e-01,-1.539236700843576102e+02,1.952105905271476205e-01,1.493285753314158859e-01,9.693264681909454783e-01,-9.693749506459093723e+00,0.000000000000000000e+00,0.000000000000000000e+00,0.000000000000000000e+00,1.000000000000000056e-01
-7.125199721017692056e-01,7.007081524299628716e-01,3.637821428110536714e-02,1.447040533034835335e+02,-6.731354463800917065e-01,-6.972731715375695138e-01,2.463712545745012639e-01,-1.544489208061587817e+02,1.979998994514104438e-01,1.510569739274790213e-01,9.684925556993735363e-01,-9.532011523136393549e+00,0.000000000000000000e+00,0.000000000000000000e+00,0.000000000000000000e+00,1.000000000000000056e-01
-7.168177974468301628e-01,6.959865998311365320e-01,4.212953974314473382e-02,1.441323969760232444e+02,-6.671278424659403683e-01,-7.021573790805657467e-01,2.488281672348424955e-01,-1.549994099353654065e+02,2.027626372639084740e-01,1.502586698270839960e-01,9.676309446641214729e-01,-9.358344396598118564e+00,0.000000000000000000e+00,0.000000000000000000e+00,0.000000000000000000e+00,1.000000000000000056e-01
-7.175082728345241190e-01,6.951636863903239982e-01,4.392411112628322178e-02,1.435267957117036133e+02,-6.662762209906271105e-01,-7.033464037018282156e-01,2.477495383288425834e-01,-1.555702164031917789e+02,2.031203479626497999e-01,1.484967525702861335e-01,9.678278972625304899e-01,-9.181951295853350459e+00,0.000000000000000000e+00,0.000000000000000000e+00,0.000000000000000000e+00,1.000000000000000056e-01
-7.194442637738149848e-01,6.933864404767740020e-01,4.018949472066765671e-02,1.429211293406029313e+02,-6.663603234093835592e-01,-7.054054868807544398e-01,2.415926705516285300e-01,-1.561228029044627021e+02,1.958669719699956957e-01,1.470317762984423848e-01,9.695451438947181311e-01,-9.006802105803558334e+00,0.000000000000000000e+00,0.000000000000000000e+00,0.000000000000000000e+00,1.000000000000000056e-01
-7.216111242269267478e-01,6.913956049138005877e-01,3.534830827396565067e-02,1.422981243363090016e+02,-6.663383600603982604e-01,-7.074969404203859114e-01,2.354596976295783572e-01,-1.567106939051774077e+02,1.878046200282901534e-01,1.463564033504285433e-01,9.712410760950940247e-01,-8.813249247592528590e+00,0.000000000000000000e+00,0.000000000000000000e+00,0.000000000000000000e+00,1.000000000000000056e-01
-7.233065724192815349e-01,6.894424369289495758e-01,3.868757496331078072e-02,1.417005767687197419e+02,-6.638298654047394276e-01,-7.096778865898132338e-01,2.359813702014237347e-01,-1.572987213633574584e+02,1.901512873787495894e-01,1.450049083544670547e-01,9.709871597818978683e-01,-8.627589693650685732e+00,0.000000000000000000e+00,0.000000000000000000e+00,0.000000000000000000e+00,1.000000000000000056e-01
-7.288201721656246690e-01,6.833115917881732448e-01,4.366262901363708593e-02,1.411362909826148666e+02,-6.571135178370487440e-01,-7.159472569561839972e-01,2.358417900473422646e-01,-1.578121378298307604e+02,1.924135684412305314e-01,1.431949502769880034e-01,9.708100869350724249e-01,-8.457771886406765915e+00,0.000000000000000000e+00,0.000000000000000000e+00,0.000000000000000000e+00,1.000000000000000056e-01
-7.308613172715721085e-01,6.803332155930366110e-01,5.466672367081942818e-02,1.405489175807539937e+02,-6.523117684329244881e-01,-7.198302642681058128e-01,2.373473138833052110e-01,-1.583459844221065964e+02,2.008260234132362432e-01,1.378082232834754173e-01,9.698854581420829346e-01,-8.287651344287146671e+00,0.000000000000000000e+00,0.000000000000000000e+00,0.000000000000000000e+00,1.000000000000000056e-01
-7.334657636319701357e-01,6.776441341070978952e-01,5.316390777597733430e-02,1.399017114607095778e+02,-6.498104681432060881e-01,-7.219849522960142263e-01,2.376638048791392677e-01,-1.589389525153013949e+02,1.994350246854312836e-01,1.397718003331273329e-01,9.698914963852182103e-01,-8.092793541347562680e+00,0.000000000000000000e+00,0.000000000000000000e+00,0.000000000000000000e+00,1.000000000000000056e-01
-7.352015130413898092e-01,6.761165441037073620e-01,4.842679021895902880e-02,1.392762407129083329e+02,-6.494379153206715216e-01,-7.230536076984013238e-01,2.354227570526410962e-01,-1.594956110786698957e+02,1.941883862788703619e-01,1.416329735040049442e-01,9.706858253064284403e-01,-7.902385857937796132e+00,0.000000000000000000e+00,0.000000000000000000e+00,0.000000000000000000e+00,1.000000000000000056e-01
-7.367356752791180963e-01,6.747894771653578649e-01,4.335557954779231671e-02,1.386376848299478013e+02,-6.495826767573890104e-01,-7.241056617475900570e-01,2.317613787536446091e-01,-1.600696769523346461e+02,1.877841602151987532e-01,1.425838424646629354e-01,9.718060285058355285e-01,-7.712438342503524780e+00,0.000000000000000000e+00,0.000000000000000000e+00,0.000000000000000000e+00,1.000000000000000056e-01
-7.404295206012403430e-01,6.707171087517918018e-01,4.361977819584435256e-02,1.379831784137655575e+02,-6.452880381493404371e-01,-7.275154441861366728e-01,2.330764387320685416e-01,-1.606584245068117127e+02,1.880624174139876037e-01,1.444293546973240694e-01,9.714796388283810646e-01,-7.531267291862040025e+00,0.000000000000000000e+00,0.000000000000000000e+00,0.000000000000000000e+00,1.000000000000000056e-01
-7.416536111575997570e-01,6.692482774621431041e-01,4.535045943367922716e-02,1.373315095518739213e+02,-6.431048056554995451e-01,-7.286446849160947981e-01,2.355698030018417433e-01,-1.612328267105804969e+02,1.906990561059323519e-01,1.455460966755164620e-01,9.707987452313829868e-01,-7.328573082480273726e+00,0.000000000000000000e+00,0.000000000000000000e+00,0.000000000000000000e+00,1.000000000000000056e-01
-7.452022252322205720e-01,6.651038410812959434e-01,4.806791120751464919e-02,1.366616370004497583e+02,-6.376444685488131814e-01,-7.318187586852613613e-01,2.405220076530739381e-01,-1.618236035817195955e+02,1.951491102671210620e-01,1.485872976242245957e-01,9.694527527149949808e-01,-7.142613601977608973e+00,0.000000000000000000e+00,0.000000000000000000e+00,0.000000000000000000e+00,1.000000000000000056e-01
-7.454318890910511808e-01,6.649224509160632790e-01,4.700460609262292755e-02,1.359770905337688873e+02,-6.378096192151220256e-01,-7.319745652278941694e-01,2.396082750993731303e-01,-1.623976372892970232e+02,1.937270976472015849e-01,1.486316592358813138e-01,9.697311181507894950e-01,-6.943155634473609616e+00,0.000000000000000000e+00,0.000000000000000000e+00,0.000000000000000000e+00,1.000000000000000056e-01
-7.469882769363287434e-01,6.634627388635163658e-01,4.272830747193077927e-02,1.352910481883992873e+02,-6.372485859170067268e-01,-7.328322964606883705e-01,2.384765502327827191e-01,-1.629831581312735977e+02,1.895329888606983593e-01,1.509106338329912755e-01,9.702078265658627965e-01,-6.748640956068594932e+00,0.000000000000000000e+00,0.000000000000000000e+00,0.000000000000000000e+00,1.000000000000000056e-01
-7.466483968347410460e-01,6.640824113955602348e-01,3.886801228734794444e-02,1.346171851973751075e+02,-6.385434399345745193e-01,-7.318633243911267794e-01,2.379881293839868905e-01,-1.635577265926773975e+02,1.864898035299302204e-01,1.528745410008702232e-01,9.704900452313466319e-01,-6.578575835598801547e+00,0.000000000000000000e+00,0.000000000000000000e+00,0.000000000000000000e+00,1.000000000000000056e-01
-7.499275433750534070e-01,6.605858054190275608e-01,3.514361060494383682e-02,1.339400842463977028e+02,-6.362392300800939759e-01,-7.347959517593982692e-01,2.351054048402316521e-01,-1.641337022984718601e+02,1.811306760174723751e-01,1.539522749325082096e-01,9.713343272265007045e-01,-6.381940967193628467e+00,0.000000000000000000e+00,0.000000000000000000e+00,0.000000000000000000e+00,1.000000000000000056e-01
-7.502771684427802512e-01,6.599451745944487913e-01,3.945297254943681831e-02,1.332832017651973899e+02,-6.361019039335645830e-01,-7.368571294470596111e-01,2.289452742362975690e-01,-1.647499287877157315e+02,1.801625330793790170e-01,1.466763011278297002e-01,9.726394626797125742e-01,-6.208152522110983007e+00,0.000000000000000000e+00,0.000000000000000000e+00,0.000000000000000000e+00,1.000000000000000056e-01
-7.531502933557079338e-01,6.564616411583173994e-01,4.269366821836020898e-02,1.325859846185878439e+02,-6.326687643439549147e-01,-7.405793975898202763e-01,2.264340753707180798e-01,-1.653251501787218842e+02,1.802633358220805948e-01,1.435279399741640760e-01,9.730903658988041549e-01,-6.029666471936755201e+00,0.000000000000000000e+00,0.000000000000000000e+00,0.000000000000000000e+00,1.000000000000000056e-01
-7.540132474836012122e-01,6.554644414694796861e-01,4.278304089632804785e-02,1.319099247482515693e+02,-6.319122034498558804e-01,-7.416158388142215507e-01,2.251508710865381957e-01,-1.659043755481888240e+02,1.793069707244580036e-01,1.427316138386383604e-01,9.733841465015937722e-01,-5.856701439868919223e+00,0.000000000000000000e+00,0.000000000000000000e+00,0.000000000000000000e+00,1.000000000000000056e-01
-7.580825550906840071e-01,6.508046936781914926e-01,4.200107562451182996e-02,1.312311836054843752e+02,-6.280021825945942826e-01,-7.458532329271907457e-01,2.220725412753323247e-01,-1.664461648271016543e+02,1.758524902399916934e-01,1.419725523419712032e-01,9.741250926128018905e-01,-5.693029618545229376e+00,0.000000000000000000e+00,0.000000000000000000e+00,0.000000000000000000e+00,1.000000000000000056e-01
-7.606247646122259454e-01,6.478439596533257516e-01,4.181113965555142975e-02,1.305827052004421773e+02,-6.252644902516014680e-01,-7.483936960743857725e-01,2.212491647589317212e-01,-1.670065276139632431e+02,1.746261283113177964e-01,1.421445729418471526e-01,9.743206021090691227e-01,-5.527898001000464134e+00,0.000000000000000000e+00,0.000000000000000000e+00,0.000000000000000000e+00,1.000000000000000056e-01
-7.638162823717891126e-01,6.439741555537721318e-01,4.338172152584351959e-02,1.298639299698243690e+02,-6.213327473977230397e-01,-7.518277554496890502e-01,2.206822220902275866e-01,-1.675713050968569746e+02,1.747292299386026815e-01,1.416061902400078121e-01,9.743805124748614599e-01,-5.353722806878933760e+00,0.000000000000000000e+00,0.000000000000000000e+00,0.000000000000000000e+00,1.000000000000000056e-01
-7.654096389605582473e-01,6.424943873158028840e-01,3.672937317679024483e-02,1.291777587866768329e+02,-6.207607567647206448e-01,-7.521609502851893669e-01,2.211560257532527718e-01,-1.681100993579662486e+02,1.697179054995678893e-01,1.464748003370308638e-01,9.745465434852594866e-01,-5.186562612282295426e+00,0.000000000000000000e+00,0.000000000000000000e+00,0.000000000000000000e+00,1.000000000000000056e-01
-7.697134152494062853e-01,6.370062857882629048e-01,4.200297907693008315e-02,1.284706271137507372e+02,-6.141882744624772572e-01,-7.568734582434224478e-01,2.234173935024907909e-01,-1.685597280438531982e+02,1.741092240459986007e-01,1.461696277373794595e-01,9.738174459462184407e-01,-5.040047441008104201e+00,0.000000000000000000e+00,0.000000000000000000e+00,0.000000000000000000e+00,1.000000000000000056e-01
-7.723802027427419947e-01,6.336378478759366883e-01,4.395338610656221445e-02,1.277762058909743246e+02,-6.099579313730548735e-01,-7.592546245786311321e-01,2.269002798831817325e-01,-1.691294152513235360e+02,1.771444166949244503e-01,1.484435677121568875e-01,9.729256717954878342e-01,-4.851726511135787234e+00,0.000000000000000000e+00,0.000000000000000000e+00,0.000000000000000000e+00,1.000000000000000056e-01
-7.772120663833799181e-01,6.274284624722881176e-01,4.769620894512847931e-02,1.270513863188452603e+02,-6.030325835910637089e-01,-7.643478251864823658e-01,2.283070416351227205e-01,-1.696875025412810771e+02,1.797028296815706971e-01,1.486806194914300772e-01,9.724201593920608344e-01,-4.680424952382173487e+00,0.000000000000000000e+00,0.000000000000000000e+00,0.000000000000000000e+00,1.000000000000000056e-01
-7.815938894552203475e-01,6.219658825043694605e-01,4.763856596101558039e-02,1.263177694241487501e+02,-5.984870023512272041e-01,-7.692322455570672624e-01,2.238192583578866857e-01,-1.702665275605128841e+02,1.758530636153469162e-01,1.464247021366040236e-01,9.734657192840966422e-01,-4.508251288065794782e+00,0.000000000000000000e+00,0.000000000000000000e+00,0.000000000000000000e+00,1.000000000000000056e-01
-7.885375593218593160e-01,6.134772651162777590e-01,4.305998983021282894e-02,1.256187437660202448e+02,-5.916980503937984137e-01,-7.759007443866117182e-01,2.187954570380298280e-01,-1.708435734314121817e+02,1.676363167660986087e-01,1.470499236509649754e-01,9.748201809848530131e-01,-4.316963972363184965e+00,0.000000000000000000e+00,0.000000000000000000e+00,0.000000000000000000e+00,1.000000000000000056e-01
-7.906162611803353446e-01,6.105849928069249088e-01,4.595534915759353495e-02,1.248707219785852658e+02,-5.889840756347972661e-01,-7.788693062718208271e-01,2.155466594412384362e-01,-1.714151017092279687e+02,1.674027664223393663e-01,1.433477251532832841e-01,9.754115764576133385e-01,-4.138859253810221794e+00,0.000000000000000000e+00,0.000000000000000000e+00,0.000000000000000000e+00,1.000000000000000056e-01
-7.960868420635425213e-01,6.033037921300785644e-01,4.764739546673271708e-02,1.241441956710708467e+02,-5.819973662424775540e-01,-7.847953978309938350e-01,2.130146690491331873e-01,-1.719417644293485807e+02,1.659060142976009067e-01,1.418475165265828397e-01,9.758865079890822747e-01,-3.976950055908800241e+00,0.000000000000000000e+00,0.000000000000000000e+00,0.000000000000000000e+00,1.000000000000000056e-01
-7.961814599629748468e-01,6.024769551923071509e-01,5.582652840211941442e-02,1.234383366530402384e+02,-5.808974846043474249e-01,-7.869413928546431514e-01,2.080417183940188874e-01,-1.724871858500198414e+02,1.692725470700070234e-01,1.332094691611717396e-01,9.765254948716040051e-01,-3.802330166167249725e+00,0.000000000000000000e+00,0.000000000000000000e+00,0.000000000000000000e+00,1.000000000000000056e-01
-7.973261699407914183e-01,6.009302629203000512e-01,5.615868440488281516e-02,1.227613246552690214e+02,-5.781321355216785252e-01,-7.871537227347631394e-01,2.148307488744272131e-01,-1.729743489448486287e+02,1.733038158976646925e-01,1.388230380424761434e-01,9.750353591044611523e-01,-3.635197256743632366e+00,0.000000000000000000e+00,0.000000000000000000e+00,0.000000000000000000e+00,1.000000000000000056e-01
-7.985015660635377266e-01,5.992538673937004567e-01,5.735896972375924274e-02,1.220545436265461632e+02,-5.758210536735623997e-01,-7.881006817880997772e-01,2.175486830835821894e-01,-1.734934959324087345e+02,1.755715328302007716e-01,1.406844617533356268e-01,9.743626219641371433e-01,-3.458170479589202539e+00,0.000000000000000000e+00,0.000000000000000000e+00,0.000000000000000000e+00,1.000000000000000056e-01
-8.001733073724861534e-01,5.977437823914582005e-01,4.924478430179506094e-02,1.213432906030340916e+02,-5.752624490279516500e-01,-7.881175108403277729e-01,2.189609642041471238e-01,-1.739988009159418141e+02,1.696932317652671274e-01,1.468780436933970757e-01,9.744901473970170036e-01,-3.291337146044036377e+00,0.000000000000000000e+00,0.000000000000000000e+00,0.000000000000000000e+00,1.000000000000000056e-01
-7.980555505052682186e-01,6.006587690493119247e-01,4.812880085664528185e-02,1.206044493585234960e+02,-5.793207640896602673e-01,-7.867733095667737153e-01,2.130145808340781488e-01,-1.745524679548730944e+02,1.658155318488155061e-01,1.421154548861983669e-01,9.758629037319654920e-01,-3.114907656085219578e+00,0.000000000000000000e+00,0.000000000000000000e+00,0.000000000000000000e+00,1.000000000000000056e-01
-7.976142409278534906e-01,6.013833544129963959e-01,4.636360322556130897e-02,1.199141505140655966e+02,-5.794637086146147142e-01,-7.853385271708495097e-01,2.178651145542089274e-01,-1.750662962331779511e+02,1.674315772716777895e-01,1.469062924999948727e-01,9.748770220680268439e-01,-2.952533377854838381e+00,0.000000000000000000e+00,0.000000000000000000e+00,0.000000000000000000e+00,1.000000000000000056e-01
-7.969904496167516950e-01,6.019606005028858009e-01,4.949402652739096076e-02,1.192542302832279830e+02,-5.789108848081568892e-01,-7.846948677139644612e-01,2.216216416192282046e-01,-1.755697583163371291e+02,1.722452050720884031e-01,1.479777011092209271e-01,9.738758592880841780e-01,-2.786621095403039039e+00,0.000000000000000000e+00,0.000000000000000000e+00,0.000000000000000000e+00,1.000000000000000056e-01
-7.954698332075877953e-01,6.039412175913690950e-01,4.982720292115914301e-02,1.185755505328041721e+02,-5.805393288760091197e-01,-7.830570696488448057e-01,2.231495312591015301e-01,-1.760533075515305939e+02,1.737867431218063363e-01,1.485820694674105380e-01,9.735099057266427547e-01,-2.629418234094708318e+00,0.000000000000000000e+00,0.000000000000000000e+00,0.000000000000000000e+00,1.000000000000000056e-01
-7.921488754097312235e-01,6.084907549228719681e-01,4.731976712212591224e-02,1.178463882359662023e+02,-5.856805283161035103e-01,-7.796813526756489754e-01,2.215294721729830496e-01,-1.765965426834911796e+02,1.716929757982796345e-01,1.477700560440581012e-01,9.740048935186451651e-01,-2.454669688238726000e+00,0.000000000000000000e+00,0.000000000000000000e+00,0.000000000000000000e+00,1.000000000000000056e-01
-7.900490367447772222e-01,6.117715792623020787e-01,3.947219712099334782e-02,1.171629076739875188e+02,-5.906414480713561010e-01,-7.768460134040482412e-01,2.182955594564598978e-01,-1.770979563548694671e+02,1.642108381283686747e-01,1.491502808081368592e-01,9.750840960532750623e-01,-2.295043168711580428e+00,0.000000000000000000e+00,0.000000000000000000e+00,0.000000000000000000e+00,1.000000000000000056e-01
-7.898177830579493630e-01,6.117691006798595676e-01,4.389119523072623763e-02,1.165180220466058785e+02,-5.901392159451297470e-01,-7.774877139934124326e-01,2.173673397568393895e-01,-1.775932037288902450e+02,1.671034870045910448e-01,1.457786748555955636e-01,9.751025600357395851e-01,-2.136338099098467946e+00,0.000000000000000000e+00,0.000000000000000000e+00,0.000000000000000000e+00,1.000000000000000056e-01
-7.899487105604183768e-01,6.110981241866513258e-01,5.039957638203674400e-02,1.158675031711238859e+02,-5.884578000861515612e-01,-7.786439210441138403e-01,2.177867345336140792e-01,-1.780995129778669366e+02,1.723323887192991510e-01,1.423823262789452593e-01,9.746942192101564206e-01,-1.969716987512564854e+00,0.000000000000000000e+00,0.000000000000000000e+00,0.000000000000000000e+00,1.000000000000000056e-01
-7.884939943521527272e-01,6.129198456499819203e-01,5.105373325222774955e-02,1.151851535028666262e+02,-5.898176220992231711e-01,-7.770745543117751897e-01,2.197050516086828387e-01,-1.786225561205951919e+02,1.743341433334423263e-01,1.431237221761591794e-01,9.742295451374056725e-01,-1.811784976037142059e+00,0.000000000000000000e+00,0.000000000000000000e+00,0.000000000000000000e+00,1.000000000000000056e-01
-7.873659611509196132e-01,6.147334468209887381e-01,4.645032379301371195e-02,1.144860434961518649e+02,-5.921469097623256461e-01,-7.750931827950293673e-01,2.204372818821715985e-01,-1.791478114104072858e+02,1.715134994098638788e-01,1.460593966311596881e-01,9.742944997155245090e-01,-1.632558573566111004e+00,0.000000000000000000e+00,0.000000000000000000e+00,0.000000000000000000e+00,1.000000000000000056e-01
-7.889485773200144436e-01,6.129968373892954459e-01,4.236767276411578659e-02,1.137847160762133285e+02,-5.917470526899125671e-01,-7.765517921086582120e-01,2.163394088131738446e-01,-1.797098995216888113e+02,1.655160656175926892e-01,1.456097233139102831e-01,9.753985034327863346e-01,-1.466936995379601649e+00,0.000000000000000000e+00,0.000000000000000000e+00,0.000000000000000000e+00,1.000000000000000056e-01
-7.850977584608582749e-01,6.180240602026330077e-01,4.083834803696761995e-02,1.131121252867971378e+02,-5.976300760425194980e-01,-7.732064633137438747e-01,2.121085978909504344e-01,-1.802467202176478338e+02,1.626646915256923231e-01,1.421197597116768407e-01,9.763924272700739149e-01,-1.295513174401401457e+00,0.000000000000000000e+00,0.000000000000000000e+00,0.000000000000000000e+00,1.000000000000000056e-01
-7.855915473314691866e-01,6.175074023206943430e-01,3.912197388292565359e-02,1.124026926603695102e+02,-5.974386311035915220e-01,-7.734711678225831832e-01,2.116823908884161720e-01,-1.807929827666026199e+02,1.609751621412907896e-01,1.429229184781701800e-01,9.765551886848318208e-01,-1.131306393831857049e+00,0.000000000000000000e+00,0.000000000000000000e+00,0.000000000000000000e+00,1.000000000000000056e-01
-7.855545432131405548e-01,6.175931177703286590e-01,3.850714894561198254e-02,1.117266585941263060e+02,-5.972446660504600047e-01,-7.730091893240225165e-01,2.139055915465807867e-01,-1.813229741640167560e+02,1.618730011813861447e-01,1.450363199455335095e-01,9.760950759967943480e-01,-9.633093027282364496e-01,0.000000000000000000e+00,0.000000000000000000e+00,0.000000000000000000e+00,1.000000000000000056e-01
-7.864480754261768958e-01,6.162686801274022130e-01,4.138041266701525389e-02,1.110656075764462543e+02,-5.959984331885115338e-01,-7.747520893340313908e-01,2.110570247809654409e-01,-1.818380391731515431e+02,1.621273952646564431e-01,1.413227298299300494e-01,9.765974573682415505e-01,-8.113998087804583648e-01,0.000000000000000000e+00,0.000000000000000000e+00,0.000000000000000000e+00,1.000000000000000056e-01
-7.887174331336477273e-01,6.133758928220676143e-01,4.116824960818486062e-02,1.103983142976484260e+02,-5.933358885574786523e-01,-7.770505800278308950e-01,2.101069237986207261e-01,-1.823418270135658190e+02,1.608643342098476370e-01,1.412883936604265589e-01,9.768112692818806675e-01,-6.513154294711444026e-01,0.000000000000000000e+00,0.000000000000000000e+00,0.000000000000000000e+00,1.000000000000000056e-01
-7.860577462325879505e-01,6.168515429630229141e-01,4.009231262826273151e-02,1.097055830612657275e+02,-5.971295965196546929e-01,-7.744960824851656600e-01,2.087871240651733573e-01,-1.828721702916031120e+02,1.598419986987743013e-01,1.401784297217995023e-01,9.771389580262940244e-01,-4.929895020661518301e-01,0.000000000000000000e+00,0.000000000000000000e+00,0.000000000000000000e+00,1.000000000000000056e-01
-7.884927093434337397e-01,6.140458730063151904e-01,3.502732013962331359e-02,1.090437228688185201e+02,-5.963113558037735906e-01,-7.771849887371273802e-01,2.009882091594843712e-01,-1.833955523315197524e+02,1.506386877655163381e-01,1.375905488236149610e-01,9.789672244884910501e-01,-3.372838505346557603e-01,0.000000000000000000e+00,0.000000000000000000e+00,0.000000000000000000e+00,1.000000000000000056e-01
-7.880161807601857582e-01,6.147568731410062437e-01,3.323380486828734354e-02,1.084100353116632647e+02,-5.979588495748002774e-01,-7.770996964935306117e-01,1.963702521382618416e-01,-1.838981901676786492e+02,1.465459418589001583e-01,1.348704883788732489e-01,9.799664475323285329e-01,-1.913938961843882069e-01,0.000000000000000000e+00,0.000000000000000000e+00,0.000000000000000000e+00,1.000000000000000056e-01
-7.881668424522543237e-01,6.145176117669722826e-01,3.407540589722024560e-02,1.077917769964838186e+02,-5.976143843684792456e-01,-7.773739475527297049e-01,1.963333727672656737e-01,-1.843516598902299108e+02,1.471396481398784539e-01,1.343795017646038648e-01,9.799449338869861137e-01,-5.657741876390563751e-02,0.000000000000000000e+00,0.000000000000000000e+00,0.000000000000000000e+00,1.000000000000000056e-01
-7.879772059512957227e-01,6.145139581010276020e-01,3.826902402985016272e-02,1.072114522183938590e+02,-5.969373325309127454e-01,-7.777108977941251666e-01,1.970573025369364573e-01,-1.848138735450172589e+02,1.508566999906442441e-01,1.324324535424142579e-01,9.796447832335295480e-01,7.722954319343124097e-02,0.000000000000000000e+00,0.000000000000000000e+00,0.000000000000000000e+00,1.000000000000000056e-01
-7.868698874082258321e-01,6.156639627101500034e-01,4.235168603729758119e-02,1.066245136326346454e+02,-5.970670394776301793e-01,-7.768595531085220607e-01,2.000004627830800352e-01,-1.852666633383156238e+02,1.560343893492223133e-01,1.320875458325398433e-01,9.788800486149219493e-01,2.013864342948600283e-01,0.000000000000000000e+00,0.000000000000000000e+00,0.000000000000000000e+00,1.000000000000000056e-01
-7.896185432134750215e-01,6.121114594942534959e-01,4.268626675225893619e-02,1.060793702541868839e+02,-5.933324142627988129e-01,-7.794208782074754094e-01,2.011460683169491725e-01,-1.856867479211719285e+02,1.563943809684627539e-01,1.335015197295638389e-01,9.786307484600043072e-01,3.316835446251011899e-01,0.000000000000000000e+00,0.000000000000000000e+00,0.000000000000000000e+00,1.000000000000000056e-01
-7.936668553742756149e-01,6.070161519353324264e-01,4.030277868745852504e-02,1.055707059933093603e+02,-5.893129294845750321e-01,-7.835828783808094222e-01,1.967438534001871853e-01,-1.860776735712588561e+02,1.510072641385742653e-01,1.323981268676693857e-01,9.796262257510848226e-01,4.512427342986481404e-01,0.000000000000000000e+00,0.000000000000000000e+00,0.000000000000000000e+00,1.000000000000000056e-01
-7.944866141720012820e-01,6.061879777427575666e-01,3.643014605591705923e-02,1.050336120446480948e+02,-5.891147377139503982e-01,-7.838946597941534034e-01,1.960943348351290305e-01,-1.864666645044596009e+02,1.474274252292724907e-01,1.343327882028599041e-01,9.799080856406445772e-01,5.703548331041846664e-01,0.000000000000000000e+00,0.000000000000000000e+00,0.000000000000000000e+00,1.000000000000000056e-01
-7.973259469353461970e-01,6.022831390575402732e-01,3.906859033353338173e-02,1.045106148629247969e+02,-5.852060286608078421e-01,-7.873097807863636000e-01,1.941061902598014421e-01,-1.868577524218562758e+02,1.476659688712997631e-01,1.319027273604455319e-01,9.802022404341750317e-01,6.877861641173114160e-01,0.000000000000000000e+00,0.000000000000000000e+00,0.000000000000000000e+00,1.000000000000000056e-01
-8.025050585040003348e-01,5.953178929832488864e-01,3.977734744143485157e-02,1.039729321070086456e+02,-5.782676077687348704e-01,-7.924752849122067566e-01,1.938801088527189187e-01,-1.872573597774864140e+02,1.469428626402664584e-01,1.325878165492687388e-01,9.802184787187911974e-01,8.113086931685866698e-01,0.000000000000000000e+00,0.000000000000000000e+00,0.000000000000000000e+00,1.000000000000000056e-01
-8.097811317083793980e-01,5.853917891128598283e-01,3.963548874862312527e-02,1.034368247160115146e+02,-5.684055802868609453e-01,-7.994475110459406952e-01,1.944190664034982641e-01,-1.876207650585131148e+02,1.454978179487718404e-01,1.349078586357968512e-01,9.801174698220871395e-01,9.147913182573282898e-01,0.000000000000000000e+00,0.000000000000000000e+00,0.000000000000000000e+00,1.000000000000000056e-01
-8.145110069435024247e-01,5.786649793370318706e-01,4.145673958180381286e-02,1.029423374983969950e+02,-5.618489676612671291e-01,-8.046089261420403815e-01,1.921723536581692315e-01,-1.879719055539429178e+02,1.445598737750186658e-01,1.332340709481798779e-01,9.804851478899239137e-01,1.018526062838210899e+00,0.000000000000000000e+00,0.000000000000000000e+00,0.000000000000000000e+00,1.000000000000000056e-01
-8.218497172131560280e-01,5.685365945189088110e-01,3.645796222359779654e-02,1.024259486275539928e+02,-5.526835067684784386e-01,-8.111872158578998793e-01,1.910922347318335379e-01,-1.883052355860944544e+02,1.382171612454573817e-01,1.368993846646166801e-01,9.808947827446614642e-01,1.121792322242117113e+00,0.000000000000000000e+00,0.000000000000000000e+00,0.000000000000000000e+00,1.000000000000000056e-01
-8.287558041935150221e-01,5.586492018937018189e-01,3.278545773799737550e-02,1.019064353303621999e+02,-5.433016035048466863e-01,-8.172620033881521362e-01,1.921098265239086778e-01,-1.886323965396449012e+02,1.341163101364724330e-01,1.413997420136042793e-01,9.808256360403023733e-01,1.225701327883331748e+00,0.000000000000000000e+00,0.000000000000000000e+00,0.000000000000000000e+00,1.000000000000000056e-01
-8.371183520645895104e-01,5.463887770084684403e-01,2.630910480910375604e-02,1.013880332847779187e+02,-5.323024871541607306e-01,-8.247323566165205566e-01,1.909727784770785253e-01,-1.889622016088978853e+02,1.260433528836832628e-01,1.458624156832424579e-01,9.812426962198945724e-01,1.331208038251580961e+00,0.000000000000000000e+00,0.000000000000000000e+00,0.000000000000000000e+00,1.000000000000000056e-01
-8.446220512162574412e-01,5.348067765124490114e-01,2.439881955351496517e-02,1.008526055362875695e+02,-5.213692033650391133e-01,-8.320417999063329795e-01,1.894217437126321235e-01,-1.892740531792552474e+02,1.216048698932164773e-01,1.472689886058601572e-01,9.815926347590739898e-01,1.429769428593938851e+00,0.000000000000000000e+00,0.000000000000000000e+00,0.000000000000000000e+00,1.000000000000000056e-01
-8.531449482260464734e-01,5.212481327639837403e-01,2.107323910645154258e-02,1.003537674491250442e+02,-5.087928944505464290e-01,-8.403213850656474637e-01,1.870555007423944927e-01,-1.895497195140658562e+02,1.152106239589580083e-01,1.488635411758473526e-01,9.821232907510005772e-01,1.509600479710721421e+00,0.000000000000000000e+00,0.000000000000000000e+00,0.000000000000000000e+00,1.000000000000000056e-01
-8.591682425102193932e-01,5.113568108976670468e-01,1.855109189425346861e-02,9.986499976735694872e+01,-4.988305046102528562e-01,-8.450979971616592312e-01,1.922953532034344659e-01,-1.898031681151749694e+02,1.140090291695441960e-01,1.559602101239949967e-01,9.811617369862613014e-01,1.591236481486397958e+00,0.000000000000000000e+00,0.000000000000000000e+00,0.000000000000000000e+00,1.000000000000000056e-01
-8.698298557684369658e-01,4.929617842004841433e-01,1.961380462164897392e-02,9.937251282844577815e+01,-4.802699434759715724e-01,-8.551902094002032939e-01,1.949114853968961503e-01,-1.900002496303609405e+02,1.128574472839431742e-01,1.601199083934058132e-01,9.806247047309379905e-01,1.661115393430790066e+00,0.000000000000000000e+00,0.000000000000000000e+00,0.000000000000000000e+00,1.000000000000000056e-01
-8.732491611062760395e-01,4.869551185029711293e-01,1.762427845170250890e-02,9.891893138064523328e+01,-4.742132290730255439e-01,-8.576048541045233620e-01,1.990872361265133561e-01,-1.902223084963982274e+02,1.120612154106851166e-01,1.654950959397808452e-01,9.798232785663764099e-01,1.727805477129998879e+00,0.000000000000000000e+00,0.000000000000000000e+00,0.000000000000000000e+00,1.000000000000000056e-01
-8.783679310292857867e-01,4.776384182003977630e-01,1.820217564890669326e-02,9.849522254338437222e+01,-4.648870948170964468e-01,-8.625323987426947170e-01,1.997945199240783731e-01,-1.904354300405702531e+02,1.111295046864320124e-01,1.670311425399314542e-01,9.796687351395640952e-01,1.794803288443131528e+00,0.000000000000000000e+00,0.000000000000000000e+00,0.000000000000000000e+00,1.000000000000000056e-01
-8.827392912237264078e-01,4.695933571921746541e-01,1.591925283473791947e-02,9.806979550598363460e+01,-4.569817121208303856e-01,-8.659247926741366896e-01,2.033272441641023331e-01,-1.906511094533711059e+02,1.092659989061013914e-01,1.722101399837902835e-01,9.789814141084677290e-01,1.861314053792760381e+00,0.000000000000000000e+00,0.000000000000000000e+00,0.000000000000000000e+00,1.000000000000000056e-01
-8.863054849397100643e-01,4.628626315291018978e-01,1.485838819457499516e-02,9.765613570901828666e+01,-4.505125451992487706e-01,-8.691990709989392272e-01,2.037925945481736667e-01,-1.908424491123493851e+02,1.072428738139771381e-01,1.739286040550442891e-01,9.789013263386575625e-01,1.922108894960638414e+00,0.000000000000000000e+00,0.000000000000000000e+00,0.000000000000000000e+00,1.000000000000000056e-01
-8.888171761005654314e-01,4.581174624037127607e-01,1.150730678307288618e-02,9.729361885360840745e+01,-4.465939956900881747e-01,-8.715438852434345129e-01,2.023982685408675097e-01,-1.910129325500800803e+02,1.027513040412548762e-01,1.747559633762535425e-01,9.792356829600620260e-01,1.970709803531121684e+00,0.000000000000000000e+00,0.000000000000000000e+00,0.000000000000000000e+00,1.000000000000000056e-01
-8.892847779897217197e-01,4.572276247045155562e-01,1.074629437706257906e-02,9.695304481059426394e+01,-4.459856579348138728e-01,-8.721470819884549197e-01,2.011374164482452320e-01,-1.911905639934213923e+02,1.013379324449781849e-01,1.740757495634884799e-01,9.795040872103019103e-01,2.034121605363980123e+00,0.000000000000000000e+00,0.000000000000000000e+00,0.000000000000000000e+00,1.000000000000000056e-01
-8.881306883882595926e-01,4.594548244303757745e-01,1.118680699082089808e-02,9.663625784184070255e+01,-4.480186595143537120e-01,-8.709391636340237941e-01,2.018520596264250511e-01,-1.913481916478304186e+02,1.024849309408896458e-01,1.742591103963314070e-01,9.793521334912791421e-01,2.073347358893993242e+00,0.000000000000000000e+00,0.000000000000000000e+00,0.000000000000000000e+00,1.000000000000000056e-01
-8.862663764592006999e-01,4.630403643674588787e-01,1.120405838658170006e-02,9.634385570479877003e+01,-4.516039270096003921e-01,-8.692444321305985433e-01,2.011666232739945936e-01,-1.914989428151329491e+02,1.028873319091640481e-01,1.732274175077511136e-01,9.794929600340213094e-01,2.121508088832571026e+00,0.000000000000000000e+00,0.000000000000000000e+00,0.000000000000000000e+00,1.000000000000000056e-01
-8.831416606805928549e-01,4.689690995728374445e-01,1.134860415063876360e-02,9.607552838485722191e+01,-4.574008556178014717e-01,-8.662233134365253662e-01,2.011010406217514368e-01,-1.916500200073014639e+02,1.041405994337891439e-01,1.724098457307188803e-01,9.795047629515033494e-01,2.161388795483596414e+00,0.000000000000000000e+00,0.000000000000000000e+00,0.000000000000000000e+00,1.000000000000000056e-01
-8.791098956198211134e-01,4.763920272521537380e-01,1.471148510148193034e-02,9.578554561753958296e+01,-4.645472847719484544e-01,-8.633384043294927146e-01,1.970853110224509985e-01,-1.918201827761025129e+02,1.065908609324371648e-01,1.664254667422903899e-01,9.802759572616747130e-01,2.216337193141554529e+00,0.000000000000000000e+00,0.000000000000000000e+00,0.000000000000000000e+00,1.000000000000000056e-01
-8.730045524794576295e-01,4.874806447168035795e-01,1.502239583527422567e-02,9.550685996957297164e+01,-4.754584333309306854e-01,-8.575278802323302862e-01,1.964311910027105035e-01,-1.919848868269591833e+02,1.086385268891245925e-01,1.643427992056115672e-01,9.804025269370867379e-01,2.255807736062579227e+00,0.000000000000000000e+00,0.000000000000000000e+00,0.000000000000000000e+00,1.000000000000000056e-01
-8.651884207449982434e-01,5.010533076082548387e-01,1.986402636936914629e-02,9.524716428704013538e+01,-4.880904190378194119e-01,-8.505643023151547855e-01,1.957245780953927872e-01,-1.921330933086420600e+02,1.149640789649590544e-01,1.596431976689303145e-01,9.804577043329189001e-01,2.295533392205631795e+00,0.000000000000000000e+00,0.000000000000000000e+00,0.000000000000000000e+00,1.000000000000000056e-01
-8.556135995856355425e-01,5.170614365108797683e-01,2.393405685248985171e-02,9.499473774954388716e+01,-5.030623130382120278e-01,-8.415558444622879275e-01,1.967538305904376061e-01,-1.922920509313466937e+02,1.218756637100153889e-01,1.563049312231449273e-01,9.801607475667301062e-01,2.333085580741103726e+00,0.000000000000000000e+00,0.000000000000000000e+00,0.000000000000000000e+00,1.000000000000000056e-01
-8.444099568275369450e-01,5.350551004497520191e-01,2.622716708346021358e-02,9.476244654772627030e+01,-5.206620443407622423e-01,-8.312436137782868162e-01,1.947949951505759669e-01,-1.924644951243578248e+02,1.260272208430227581e-01,1.508313430143768952e-01,9.804932664588081881e-01,2.379637889062970579e+00,0.000000000000000000e+00,0.000000000000000000e+00,0.000000000000000000e+00,1.000000000000000056e-01
-8.320770711393918884e-01,5.540850157918413288e-01,2.524961304747151691e-02,9.452384085232861821e+01,-5.395744082918998430e-01,-8.191519104514792815e-01,1.945497507583560381e-01,-1.926117140624863282e+02,1.284803704872393704e-01,1.482563417822226060e-01,9.805676170059943741e-01,2.427665202705156400e+00,0.000000000000000000e+00,0.000000000000000000e+00,0.000000000000000000e+00,1.000000000000000056e-01
-8.163972453759364978e-01,5.769966093913806437e-01,2.388410545602399210e-02,9.431255183425530220e+01,-5.627290547341908811e-01,-8.041394291108299175e-01,1.915614509949057631e-01,-1.927723398995037201e+02,1.297364586403836895e-01,1.429499608260183241e-01,9.811899714119034499e-01,2.463432020363006902e+00,0.000000000000000000e+00,0.000000000000000000e+00,0.000000000000000000e+00,1.000000000000000056e-01
-7.976344670575938878e-01,6.026595856280746455e-01,2.409731960915299787e-02,9.412226692713639409e+01,-5.878981303668823211e-01,-7.857807284780895518e-01,1.921573185272100193e-01,-1.929323478062499930e+02,1.347406593158599342e-01,1.391045312095932074e-01,9.810682362221736508e-01,2.505446976373657098e+00,0.000000000000000000e+00,0.000000000000000000e+00,0.000000000000000000e+00,1.000000000000000056e-01
-7.792997655618505437e-01,6.261993326266773741e-01,2.379645379356692958e-02,9.395107730919293942e+01,-6.117783146678433814e-01,-7.684792732811278615e-01,1.875283984880248278e-01,-1.931213984399097967e+02,1.357172394996989939e-01,1.315826825810074152e-01,9.819708898676005049e-01,2.551526065797573128e+00,0.000000000000000000e+00,0.000000000000000000e+00,0.000000000000000000e+00,1.000000000000000056e-01
-7.546212223738251179e-01,6.557051674953602305e-01,2.444471441673934375e-02,9.375290328643117732e+01,-6.413493078691774318e-01,-7.449461000449877357e-01,1.836474157822280406e-01,-1.933117078532157791e+02,1.386285541970393442e-01,1.229066367111435049e-01,9.826881919579544267e-01,2.592179437053263147e+00,0.000000000000000000e+00,0.000000000000000000e+00,0.000000000000000000e+00,1.000000000000000056e-01
-7.311079646591258641e-01,6.818218308221156709e-01,2.449765348700011502e-02,9.354788306511407825e+01,-6.677696966796434763e-01,-7.224782735646333443e-01,1.791892196072198407e-01,-1.935235625598149625e+02,1.398741441738532154e-01,1.146478749975144984e-01,9.835095772539209635e-01,2.648546460679745085e+00,0.000000000000000000e+00,0.000000000000000000e+00,0.000000000000000000e+00,1.000000000000000056e-01
-6.994747411664599124e-01,7.142195877246861890e-01,2.500933786595108815e-02,9.334294389585623719e+01,-7.003539961691824800e-01,-6.920217697655859368e-01,1.749575669137041489e-01,-1.937293921500503302e+02,1.422651275610809229e-01,1.048630091161127098e-01,9.842582906936285791e-01,2.699081171175545801e+00,0.000000000000000000e+00,0.000000000000000000e+00,0.000000000000000000e+00,1.000000000000000056e-01
-6.672596620505011344e-01,7.443196951953389151e-01,2.743601181967087604e-02,9.318871901149914549e+01,-7.304789908727044034e-01,-6.611582010618837213e-01,1.710855840280220141e-01,-1.939381304229238765e+02,1.454819139750600787e-01,9.411707875264577194e-02,9.848740976354396492e-01,2.746273813511549200e+00,0.000000000000000000e+00,0.000000000000000000e+00,0.000000000000000000e+00,1.000000000000000056e-01
-6.240301342541796359e-01,7.808129684255221692e-01,3.029026050127767156e-02,9.302084991796341740e+01,-7.664909537167413633e-01,-6.191996436692246419e-01,1.705386148363642884e-01,-1.942328917057984086e+02,1.519144805905975060e-01,8.320402405190535644e-02,9.848853136119245510e-01,2.795501417473914341e+00,0.000000000000000000e+00,0.000000000000000000e+00,0.000000000000000000e+00,1.000000000000000056e-01
-5.860060843729926194e-01,8.096503002280438510e-01,3.260767422665768189e-02,9.288185486702639082e+01,-7.948550706193368010e-01,-5.821871148481378988e-01,1.710660106962527127e-01,-1.944834540909110956e+02,1.574874146989605483e-01,7.432734789725717328e-02,9.847198381092957531e-01,2.843807599576620326e+00,0.000000000000000000e+00,0.000000000000000000e+00,0.000000000000000000e+00,1.000000000000000056e-01
-5.368072077630685612e-01,8.428771187082436667e-01,3.736555167138709554e-02,9.273245875996646248e+01,-8.276898679615541932e-01,-5.346889608051403897e-01,1.704030447700514150e-01,-1.947574772081029550e+02,1.636077753879775498e-01,6.054649412813543213e-02,9.846657391629856093e-01,2.900478893207393050e+00,0.000000000000000000e+00,0.000000000000000000e+00,0.000000000000000000e+00,1.000000000000000056e-01
-4.909939700458203493e-01,8.702714269241206280e-01,3.940259963630821094e-02,9.257119313924620485e+01,-8.546181995139495724e-01,-4.899492992115859202e-01,1.719808630679903749e-01,-1.950043869529779670e+02,1.689753071847456545e-01,5.076738797230846006e-02,9.843119515073918135e-01,2.956477481607856284e+00,0.000000000000000000e+00,0.000000000000000000e+00,0.000000000000000000e+00,1.000000000000000056e-01
-4.376095764387424314e-01,8.984185463097866808e-01,3.663296678832618503e-02,9.248900045309720497e+01,-8.823538528332961484e-01,-4.369125762582888317e-01,1.748115531009979962e-01,-1.952929954385892586e+02,1.730593453106266111e-01,4.417597032273265500e-02,9.839201932304786347e-01,3.017077741521854151e+00,0.000000000000000000e+00,0.000000000000000000e+00,0.000000000000000000e+00,1.000000000000000056e-01
-3.779606274267521826e-01,9.252827086621083774e-01,3.158596470091928898e-02,9.237253460601634458e+01,-9.082229648702341285e-01,-3.771806348477180215e-01,1.812893123661562800e-01,-1.955664721934342936e+02,1.796574802158184825e-01,3.983312373872141543e-02,9.829224344045254247e-01,3.076485418968002872e+00,0.000000000000000000e+00,0.000000000000000000e+00,0.000000000000000000e+00,1.000000000000000056e-01
-3.209589103891341555e-01,9.466356957791490778e-01,2.943190986916166541e-02,9.224791928516994233e+01,-9.297685548582461657e-01,-3.208523467715342914e-01,1.805109580275063852e-01,-1.958541090748968543e+02,1.803214136996180439e-01,3.057173609603854036e-02,9.831325224573975730e-01,3.137243127046704050e+00,0.000000000000000000e+00,0.000000000000000000e+00,0.000000000000000000e+00,1.000000000000000056e-01
-2.576194369062607681e-01,9.658148512696339560e-01,2.887730588397365017e-02,9.217617585861630403e+01,-9.491046774654100515e-01,-2.585405321819518321e-01,1.798808061810751036e-01,-1.961888913576872824e+02,1.811975080992603848e-01,1.893320591153394017e-02,9.832644592237278491e-01,3.201841337052781178e+00,0.000000000000000000e+00,0.000000000000000000e+00,0.000000000000000000e+00,1.000000000000000056e-01
-1.918834320324678266e-01,9.807863971326052921e-01,3.519647299211749181e-02,9.216113056256132552e+01,-9.645838280570079304e-01,-1.950846727914956613e-01,1.775387537770942437e-01,-1.965176054014306715e+02,1.809938870855309356e-01,1.167967406743020131e-04,9.834842140045723102e-01,3.252278502989686348e+00,0.000000000000000000e+00,0.000000000000000000e+00,0.000000000000000000e+00,1.000000000000000056e-01
-1.290889682976119612e-01,9.906186566585627462e-01,4.484100070073560040e-02,9.215667727440727219e+01,-9.746168054626486166e-01,-1.350851627546076905e-01,1.785331378577754147e-01,-1.968730900677209092e+02,1.829156110714457439e-01,-2.065613428370378923e-02,9.829115948765754229e-01,3.322651460944819224e+00,0.000000000000000000e+00,0.000000000000000000e+00,0.000000000000000000e+00,1.000000000000000056e-01
-6.481110927218969309e-02,9.967323878768146184e-01,4.820857882464324451e-02,9.215367233242393752e+01,-9.813275099666791679e-01,-7.242772357492355262e-02,1.781868206135119592e-01,-1.972120940656597554e+02,1.810962128193345233e-01,-3.575991911537315660e-02,9.828150334052467851e-01,3.362457140202408379e+00,0.000000000000000000e+00,0.000000000000000000e+00,0.000000000000000000e+00,1.000000000000000056e-01
5.077057321149269775e-03,9.989081014091707456e-01,4.644166693911827570e-02,9.213848002671912241e+01,-9.840884931905742317e-01,-3.257606606519081183e-03,1.776491642792125958e-01,-1.975761121142668912e+02,1.776064780881127236e-01,-4.660464502947528342e-02,9.829974292961367599e-01,3.424434143801497576e+00,0.000000000000000000e+00,0.000000000000000000e+00,0.000000000000000000e+00,1.000000000000000056e-01
7.287451842526648793e-02,9.962617462517953104e-01,4.638790272915246232e-02,9.218126731309881450e+01,-9.828620699759511581e-01,6.384219163029136723e-02,1.729344557062876264e-01,-1.979135936051958424e+02,1.693264774536879513e-01,-5.819542527694917394e-02,9.838403511291660131e-01,3.495377547044803634e+00,0.000000000000000000e+00,0.000000000000000000e+00,0.000000000000000000e+00,1.000000000000000056e-01
1.347189705582498842e-01,9.895198762033439177e-01,5.197320050030351801e-02,9.225880642882789573e+01,-9.779614472030868644e-01,1.243357538405214235e-01,1.677260507534639733e-01,-1.982868427532590374e+02,1.595061339139335899e-01,-7.342366727036050977e-02,9.844626749290201762e-01,3.568477891965966542e+00,0.000000000000000000e+00,0.000000000000000000e+00,0.000000000000000000e+00,1.000000000000000056e-01
1.947187399111830475e-01,9.792583481563974512e-01,5.601517556345968207e-02,9.236958070554541678e+01,-9.694359632742794997e-01,1.834466317717688977e-01,1.629148440200064718e-01,-1.986578675061773538e+02,1.492599257599676599e-01,-8.602569882074304064e-02,9.850487570189263575e-01,3.640390701831327736e+00,0.000000000000000000e+00,0.000000000000000000e+00,0.000000000000000000e+00,1.000000000000000056e-01
2.479304054537653235e-01,9.669619816529313461e-01,5.928777352345054874e-02,9.250764050561605245e+01,-9.576524743971519538e-01,2.353757506830010948e-01,1.658312222454700335e-01,-1.990507568890687935e+02,1.463975830830014091e-01,-9.789168518444323064e-02,9.843703396787235604e-01,3.706303397601054428e+00,0.000000000000000000e+00,0.000000000000000000e+00,0.000000000000000000e+00,1.000000000000000056e-01
3.002428525801643655e-01,9.519253516511965163e-01,6.076474601503725759e-02,9.266194094741729259e+01,-9.431358123313700048e-01,2.867364786352786243e-01,1.681577572337589199e-01,-1.994317942767543457e+02,1.426501628901035712e-01,-1.077975728093480967e-01,9.838854680926232277e-01,3.753540076913393086e+00,0.000000000000000000e+00,0.000000000000000000e+00,0.000000000000000000e+00,1.000000000000000056e-01
3.442962540571103958e-01,9.366456752270302388e-01,6.445904529810006500e-02,9.282695211044348582e+01,-9.287705724891432979e-01,3.297533887372834371e-01,1.692569830006055709e-01,-1.997838874745998794e+02,1.372782325076735699e-01,-1.181422096237365466e-01,9.834617965049736732e-01,3.798794048495092834e+00,0.000000000000000000e+00,0.000000000000000000e+00,0.000000000000000000e+00,1.000000000000000056e-01
3.863986918447285257e-01,9.197812926042987502e-01,6.854505610070010801e-02,9.304511225786424689e+01,-9.125806054628824437e-01,3.704782741706746929e-01,1.730389750909244462e-01,-2.002173400485467027e+02,1.337635580929340540e-01,-1.294149224111499075e-01,9.825268893947046722e-01,3.859988460254740517e+00,0.000000000000000000e+00,0.000000000000000000e+00,0.000000000000000000e+00,1.000000000000000056e-01
4.227900690398291861e-01,9.033616066956968726e-01,7.201642222066831356e-02,9.329143327892336401e+01,-8.967388725848253195e-01,4.055702659795833442e-01,1.771218612948335935e-01,-2.006532508092080889e+02,1.307973696852988144e-01,-1.394652892350605744e-01,9.815505494787255536e-01,3.924151637412076177e+00,0.000000000000000000e+00,0.000000000000000000e+00,0.000000000000000000e+00,1.000000000000000056e-01
4.527334643728258001e-01,8.886804525736952121e-01,7.265991639405890157e-02,9.353480366375724486e+01,-8.824692828334982364e-01,4.349226506885834898e-01,1.791375247494164658e-01,-2.011122409024965805e+02,1.275945731303279596e-01,-1.452216964899832874e-01,9.811372400313120856e-01,3.979913591506334836e+00,0.000000000000000000e+00,0.000000000000000000e+00,0.000000000000000000e+00,1.000000000000000056e-01
4.780391359109603666e-01,8.753610401493425730e-01,7.226087410323434046e-02,9.380448209809141247e+01,-8.698916159891489919e-01,4.604546947832321990e-01,1.768333975352720799e-01,-2.015954164312382488e+02,1.215202080696435871e-01,-1.473924131044117847e-01,9.815845942097751742e-01,4.053994943179863419e+00,0.000000000000000000e+00,0.000000000000000000e+00,0.000000000000000000e+00,1.000000000000000056e-01
5.006558617930734201e-01,8.626176790736528321e-01,7.234948377023397992e-02,9.409680185439529509e+01,-8.573190206040732786e-01,4.825397395449381177e-01,1.793306908211078354e-01,-2.020851501226616449e+02,1.197823232480794420e-01,-1.518095501260962321e-01,9.811248929304591249e-01,4.116531631789878354e+00,0.000000000000000000e+00,0.000000000000000000e+00,0.000000000000000000e+00,1.000000000000000056e-01
5.227693307896914554e-01,8.492975593673410817e-01,7.352470631274912738e-02,9.442437385716493736e+01,-8.447407803545892158e-01,5.045054720320315544e-01,1.785699938277895971e-01,-2.025844539188821614e+02,1.145654432698528513e-01,-1.554602339584466031e-01,9.811762710471382265e-01,4.187353442588768182e+00,0.000000000000000000e+00,0.000000000000000000e+00,0.000000000000000000e+00,1.000000000000000056e-01
5.482240809811967930e-01,8.329636060146009546e-01,7.497991789456034950e-02,9.478061419218678907e+01,-8.290391105517523895e-01,5.294419334498398078e-01,1.799594184266409269e-01,-2.030941205769983924e+02,1.102021334089389459e-01,-1.608193712214056048e-01,9.808122244507713194e-01,4.256762267734679028e+00,0.000000000000000000e+00,0.000000000000000000e+00,0.000000000000000000e+00,1.000000000000000056e-01
5.756589856080198686e-01,8.141833085665178826e-01,7.564570272278384189e-02,9.513572595399354270e+01,-8.111923869735163661e-01,5.569964419436492786e-01,1.781063586128346365e-01,-2.036193886863153750e+02,1.028768370672148158e-01,-1.638917438853866870e-01,9.810993082666262799e-01,4.332818890318365312e+00,0.000000000000000000e+00,0.000000000000000000e+00,0.000000000000000000e+00,1.000000000000000056e-01
6.016021029350095972e-01,7.953885956387050093e-01,7.370136818311434634e-02,9.550319007050299547e+01,-7.928361078376811033e-01,5.833168236550529961e-01,1.765003947581335053e-01,-2.041144405811786839e+02,9.739515312874297281e-02,-1.646161145479647647e-01,9.815374261729198357e-01,4.406970529165809225e+00,0.000000000000000000e+00,0.000000000000000000e+00,0.000000000000000000e+00,1.000000000000000056e-01
6.229040969638524050e-01,7.791562744752889014e-01,7.004274360300098701e-02,9.588828432752318065e+01,-7.760456731198230873e-01,6.041463657102194018e-01,1.809980166497258958e-01,-2.045568678017168054e+02,9.870967134809098542e-02,-1.671007742199959456e-01,9.809861018574268510e-01,4.472309240436141309e+00,0.000000000000000000e+00,0.000000000000000000e+00,0.000000000000000000e+00,1.000000000000000056e-01
6.402867695201985843e-01,7.648705179237230700e-01,7.075269315357665678e-02,9.632500397417665283e+01,-7.617019316168310850e-01,6.203276645565212188e-01,1.870929072868365295e-01,-2.050699041981278583e+02,9.921199599129532087e-02,-1.736855762490028821e-01,9.797909473221698695e-01,4.532960897279752821e+00,0.000000000000000000e+00,0.000000000000000000e+00,0.000000000000000000e+00,1.000000000000000056e-01
6.553670334733818770e-01,7.517620802589313200e-01,7.312883235129173654e-02,9.680321234342463299e+01,-7.486335934287748906e-01,6.336765685494291089e-01,1.949403736052146285e-01,-2.055717364579130333e+02,1.002087532415163601e-01,-1.825041949002402519e-01,9.780850804595662140e-01,4.594326418526647693e+00,0.000000000000000000e+00,0.000000000000000000e+00,0.000000000000000000e+00,1.000000000000000056e-01
6.672307921483811022e-01,7.408757435730498608e-01,7.685182232142924452e-02,9.730061650299437304e+01,-7.390485601781654479e-01,6.456461048602075703e-01,1.922194916688277355e-01,-2.061152959314488555e+02,9.279167908613682181e-02,-1.850519923262715638e-01,9.783381135519830796e-01,4.653197363140197496e+00,0.000000000000000000e+00,0.000000000000000000e+00,0.000000000000000000e+00,1.000000000000000056e-01
6.800398612605906834e-01,7.286611018860721378e-01,8.123291017101293143e-02,9.785100460041087445e+01,-7.286648801251266461e-01,6.594246923874346189e-01,1.849501758365533488e-01,-2.067276202005147354e+02,8.119901211782944161e-02,-1.849650606679878739e-01,9.793848307806161113e-01,4.732919225789141038e+00,0.000000000000000000e+00,0.000000000000000000e+00,0.000000000000000000e+00,1.000000000000000056e-01
6.952672711431230335e-01,7.138154351321884805e-01,8.408891867683558619e-02,9.838386598251409509e+01,-7.151709899777402013e-01,6.753903076892210366e-01,1.799399549119603259e-01,-2.072626245623362706e+02,7.165107655474546589e-02,-1.852443166375254691e-01,9.800768675884775627e-01,4.794067539618845686e+00,0.000000000000000000e+00,0.000000000000000000e+00,0.000000000000000000e+00,1.000000000000000056e-01
7.024171380300434642e-01,7.067919280778991453e-01,8.399603922571967363e-02,9.891404742194993105e+01,-7.081125599773101520e-01,6.819882708338844690e-01,1.829442561202417050e-01,-2.077849962682687419e+02,7.201920996555898069e-02,-1.879818311670943543e-01,9.795284909317353295e-01,4.848669361520794752e+00,0.000000000000000000e+00,0.000000000000000000e+00,0.000000000000000000e+00,1.000000000000000056e-01
7.070543596015281818e-01,7.019318525019283550e-01,8.582427984949413113e-02,9.946592718040815839e+01,-7.033810264959049485e-01,6.855493023741803249e-01,1.878224842233798542e-01,-2.083135338333530910e+02,7.300180911484406565e-02,-1.931678763601389626e-01,9.784461699084288089e-01,4.899471519318199242e+00,0.000000000000000000e+00,0.000000000000000000e+00,0.000000000000000000e+00,1.000000000000000056e-01
7.204184262901283109e-01,6.883312079252702498e-01,8.483772308232719050e-02,1.000287447994802505e+02,-6.897853993729773370e-01,6.984268223056140368e-01,1.907775581559438827e-01,-2.088220962507785146e+02,7.206520570648088098e-02,-1.959594909164156240e-01,9.779603693638417861e-01,4.948138694395018966e+00,0.000000000000000000e+00,0.000000000000000000e+00,0.000000000000000000e+00,1.000000000000000056e-01
7.269732214530867376e-01,6.811055632979299279e-01,8.720749356982358813e-02,1.006098469070204828e+02,-6.830216787865706074e-01,7.041929393504953172e-01,1.938909241725471633e-01,-2.093499993573030338e+02,7.064928589657550051e-02,-2.005181184170627406e-01,9.771392749187726157e-01,5.009953683549794867e+00,0.000000000000000000e+00,0.000000000000000000e+00,0.000000000000000000e+00,1.000000000000000056e-01
7.319998805208469683e-01,6.758225976147788083e-01,8.625538516915082221e-02,1.012124873133834200e+02,-6.780530542572581476e-01,7.102897299822331645e-01,1.890305665604645191e-01,-2.098869212371712365e+02,6.648481428017680162e-02,-1.968560794971269678e-01,9.781755739309540010e-01,5.082054281869957002e+00,0.000000000000000000e+00,0.000000000000000000e+00,0.000000000000000000e+00,1.000000000000000056e-01
7.379611924255404798e-01,6.697925139669738126e-01,8.240914213651082121e-02,1.018117513828483283e+02,-6.715867204203902485e-01,7.169217288672304900e-01,1.870682004858275904e-01,-2.104359516904625593e+02,6.621597563170764089e-02,-1.933939577955385014e-01,9.788841717278498056e-01,5.153256543716765670e+00,0.000000000000000000e+00,0.000000000000000000e+00,0.000000000000000000e+00,1.000000000000000056e-01
7.428837804086417806e-01,6.648151517151729140e-01,7.838687935934599005e-02,1.024373273983453032e+02,-6.658521232528066269e-01,7.217662340445716307e-01,1.889297577218741475e-01,-2.109990784707593434e+02,6.902636282967727910e-02,-1.925469227046967546e-01,9.788570088585243356e-01,5.220097063569141937e+00,0.000000000000000000e+00,0.000000000000000000e+00,0.000000000000000000e+00,1.000000000000000056e-01
7.339329744389920807e-01,6.746774867684165455e-01,7.843900738144880813e-02,1.031285088602044482e+02,-6.753872289149994712e-01,7.126526280741530828e-01,1.896795263530595133e-01,-2.116329774806809780e+02,7.207274137738840791e-02,-1.921887628006800353e-01,9.787078212640849539e-01,5.294055232427674618e+00,0.000000000000000000e+00,0.000000000000000000e+00,0.000000000000000000e+00,1.000000000000000056e-01
7.352658155180638033e-01,6.727245140272053447e-01,8.261905807631020338e-02,1.038071946623663138e+02,-6.743390443501815490e-01,7.138137164881339647e-01,1.890418774194801144e-01,-2.122432777964650086e+02,6.819848821961033147e-02,-1.947092868361910700e-01,9.784872302816739476e-01,5.360899250263957860e+00,0.000000000000000000e+00,0.000000000000000000e+00,0.000000000000000000e+00,1.000000000000000056e-01
7.385514760509293009e-01,6.688824109880916469e-01,8.448690723272640757e-02,1.044476017627322761e+02,-6.712533474030090153e-01,7.178325056717453911e-01,1.847577803538428820e-01,-2.128265533372787104e+02,6.293378125656236277e-02,-1.931652506839191541e-01,9.791458140159563506e-01,5.446940737578099601e+00,0.000000000000000000e+00,0.000000000000000000e+00,0.000000000000000000e+00,1.000000000000000056e-01
7.416875450004043469e-01,6.652408003606230524e-01,8.575700045378717440e-02,1.050768685952207306e+02,-6.682048507476040511e-01,7.216965958540799697e-01,1.807105447117163810e-01,-2.134203597033892095e+02,5.832549209947135438e-02,-1.913340039517038016e-01,9.797905061303482377e-01,5.526275285164209627e+00,0.000000000000000000e+00,0.000000000000000000e+00,0.000000000000000000e+00,1.000000000000000056e-01
7.445518992744677433e-01,6.620677486550581303e-01,8.549131814170288224e-02,1.057041779010341571e+02,-6.651252644368963463e-01,7.247850096853066804e-01,1.797082979253289692e-01,-2.139805861631243999e+02,5.701624237471120127e-02,-1.906645901217444983e-01,9.799980419261945519e-01,5.591815181356659004e+00,0.000000000000000000e+00,0.000000000000000000e+00,0.000000000000000000e+00,1.000000000000000056e-01
7.474879608413342869e-01,6.589765277693930834e-01,8.373580026642291063e-02,1.063779611097956916e+02,-6.617528266313064123e-01,7.277343558958688785e-01,1.802384634152791598e-01,-2.145684264083091648e+02,5.783549811958104553e-02,-1.901384840000023280e-01,9.800522496578643050e-01,5.657112739578399108e+00,0.000000000000000000e+00,0.000000000000000000e+00,0.000000000000000000e+00,1.000000000000000056e-01
7.504937708423273790e-01,6.555515487687302301e-01,8.373330779196094809e-02,1.070404458841732946e+02,-6.582298940179134306e-01,7.301332938343719769e-01,1.834087780225830966e-01,-2.151774198773710225e+02,5.909743266869284944e-02,-1.927629117374235479e-01,9.794641153766071584e-01,5.730740246804066906e+00,0.000000000000000000e+00,0.000000000000000000e+00,0.000000000000000000e+00,1.000000000000000056e-01
7.539281927488117319e-01,6.522409633122210337e-01,7.857484302279292565e-02,1.077277231652417839e+02,-6.538058247222962027e-01,7.332257770863350732e-01,1.868633280644923234e-01,-2.157606045723899229e+02,6.426681676968791501e-02,-1.922542212636330905e-01,9.792385259315553592e-01,5.802344442208448250e+00,0.000000000000000000e+00,0.000000000000000000e+00,0.000000000000000000e+00,1.000000000000000056e-01
7.554725689860799509e-01,6.505644426356643750e-01,7.763442205439624599e-02,1.084730984295917438e+02,-6.519562347100248401e-01,7.347180929152393736e-01,1.874630415994597843e-01,-2.164069396575039264e+02,6.491737465655608719e-02,-1.922374311135613689e-01,9.791989095922029041e-01,5.888204329669098236e+00,0.000000000000000000e+00,0.000000000000000000e+00,0.000000000000000000e+00,1.000000000000000056e-01
7.603205358962850102e-01,6.447407956009785224e-01,7.887958660010330192e-02,1.092156592559868074e+02,-6.471205190727453704e-01,7.413838129785881303e-01,1.777219053700207496e-01,-2.170590954735841649e+02,5.610451398422966474e-02,-1.861702133563454264e-01,9.809143363053912656e-01,5.982995035790369620e+00,0.000000000000000000e+00,0.000000000000000000e+00,0.000000000000000000e+00,1.000000000000000056e-01
7.545223692297826634e-01,6.518927475378542002e-01,7.570891651201415440e-02,1.100293345222337678e+02,-6.542289952441859846e-01,7.380482561288749244e-01,1.651338651122465639e-01,-2.178108585270400681e+02,5.177273523446913883e-02,-1.741281635252446003e-01,9.833610560489302044e-01,6.074597732933574079e+00,0.000000000000000000e+00,0.000000000000000000e+00,0.000000000000000000e+00,1.000000000000000056e-01
7.569134697962163205e-01,6.487152970717036116e-01,7.905986710223936176e-02,1.108781555805568928e+02,-6.519057732985660270e-01,7.410191236560705885e-01,1.609643473443352069e-01,-2.185431580879308626e+02,4.583516096896647629e-02,-1.733756664620513532e-01,9.837886034600057394e-01,6.175318142800913179e+00,0.000000000000000000e+00,0.000000000000000000e+00,0.000000000000000000e+00,1.000000000000000056e-01
7.598024518859050058e-01,6.455813248095091383e-01,7.697393822175198352e-02,1.116637194662706634e+02,-6.483944030287928095e-01,7.437121053142699001e-01,1.627175544615627745e-01,-2.192317641212074761e+02,4.780096472982942046e-02,-1.735426675668417240e-01,9.836655988214095814e-01,6.243813171591441780e+00,0.000000000000000000e+00,0.000000000000000000e+00,0.000000000000000000e+00,1.000000000000000056e-01
7.679470797838330309e-01,6.363513640192834941e-01,7.289872538172713357e-02,1.124272516737267438e+02,-6.384358710335471532e-01,7.513234472046005363e-01,1.670709916718992605e-01,-2.198586790825947332e+02,5.154533178784672515e-02,-1.748428414073424086e-01,9.832461846249329618e-01,6.330260460066814865e+00,0.000000000000000000e+00,0.000000000000000000e+00,0.000000000000000000e+00,1.000000000000000056e-01
7.730233697133418458e-01,6.305287943253111704e-01,6.977327141319612791e-02,1.132243532583733128e+02,-6.319776623181333486e-01,7.558688299237119601e-01,1.710746804195935333e-01,-2.205034740371873738e+02,5.512807096151205177e-02,-1.763398748905875835e-01,9.827843834308899185e-01,6.421854554403881643e+00,0.000000000000000000e+00,0.000000000000000000e+00,0.000000000000000000e+00,1.000000000000000056e-01
7.774466374082237285e-01,6.248342142483784833e-01,7.182569656646131673e-02,1.140680899614594068e+02,-6.268848605507499894e-01,7.605814480457306903e-01,1.689119075166878037e-01,-2.211303848001726067e+02,5.091264670897198419e-02,-1.763464362930844131e-01,9.830105985246632150e-01,6.503193726545875464e+00,0.000000000000000000e+00,0.000000000000000000e+00,0.000000000000000000e+00,1.000000000000000056e-01
7.807100826157764573e-01,6.204922721632118998e-01,7.403449930810700186e-02,1.148905098663960587e+02,-6.232985247967760545e-01,7.647738500530085748e-01,1.631560825138341220e-01,-2.217940385706096436e+02,4.461743928364959866e-02,-1.735231928614529018e-01,9.838185735443993885e-01,6.570648710611362908e+00,0.000000000000000000e+00,0.000000000000000000e+00,0.000000000000000000e+00,1.000000000000000056e-01
7.855822194393224933e-01,6.137584296617617508e-01,7.849309854959511668e-02,1.157388660133790381e+02,-6.175178690808682536e-01,7.696495286942133252e-01,1.622075348021760899e-01,-2.224137588883114915e+02,3.914406553504481967e-02,-1.758982461535751884e-01,9.836297825571795883e-01,6.632498006762463483e+00,0.000000000000000000e+00,0.000000000000000000e+00,0.000000000000000000e+00,1.000000000000000056e-01
7.934367281806644634e-01,6.033994068422616763e-01,7.979545222861540721e-02,1.165931149377631755e+02,-6.075805722060383385e-01,7.774247026353690027e-01,1.626550952478621193e-01,-2.230580772322182668e+02,3.611103227194543963e-02,-1.775386931198798257e-01,9.834510693438386353e-01,6.670393092790638967e+00,0.000000000000000000e+00,0.000000000000000000e+00,0.000000000000000000e+00,1.000000000000000056e-01
8.000274199044311585e-01,5.939663827117547257e-01,8.461715907174138795e-02,1.174263532677654069e+02,-5.991711767726886073e-01,7.837390482839224903e-01,1.635451164658951739e-01,-2.236985260901984987e+02,3.082252951804448013e-02,-1.815407403403568598e-01,9.829002651697599235e-01,6.734533720687249314e+00,0.000000000000000000e+00,0.000000000000000000e+00,0.000000000000000000e+00,1.000000000000000056e-01
8.042328278197392599e-01,5.875114676664116020e-01,8.966512152183114814e-02,1.183238117551556172e+02,-5.937687410143260847e-01,7.878338173088219598e-01,1.635743210252519064e-01,-2.243626752526647863e+02,2.546057445007886971e-02,-1.847921850757463791e-01,9.824477632340576916e-01,6.769371028537912949e+00,0.000000000000000000e+00,0.000000000000000000e+00,0.000000000000000000e+00,1.000000000000000056e-01
8.088193630971645121e-01,5.810751929297275353e-01,9.034853646173401920e-02,1.191881666980644212e+02,-5.876807944456767796e-01,7.932087229617684754e-01,1.595343400558598135e-01,-2.249819337115517612e+02,2.103620019859866325e-02,-1.821305630009430465e-01,9.830493051226698586e-01,6.814664412356757239e+00,0.000000000000000000e+00,0.000000000000000000e+00,0.000000000000000000e+00,1.000000000000000056e-01
8.159971854411757208e-01,5.710192528234256937e-01,8.991999920516111078e-02,1.199881409212566723e+02,-5.776587346724968430e-01,7.997451534796919947e-01,1.634566478988045968e-01,-2.255579656678896470e+02,2.142380938697181075e-02,-1.853232375896791129e-01,9.824440533692644362e-01,6.859950405754064562e+00,0.000000000000000000e+00,0.000000000000000000e+00,0.000000000000000000e+00,1.000000000000000056e-01
8.211471324206597311e-01,5.638463562991146150e-01,8.828744761028813060e-02,1.208366411335357924e+02,-5.702890844671889559e-01,8.046683890211958623e-01,1.651639907716232203e-01,-2.261347459695086002e+02,2.208499614903655650e-02,-1.859733050688868461e-01,9.823065625082894048e-01,6.900617383901053614e+00,0.000000000000000000e+00,0.000000000000000000e+00,0.000000000000000000e+00,1.000000000000000056e-01
8.277989307360689164e-01,5.541714773885983991e-01,8.742370342852828768e-02,1.216623596593298373e+02,-5.606449330928831021e-01,8.113987358975721653e-01,1.652554095365676157e-01,-2.266892517805973171e+02,2.064435199994542336e-02,-1.858119076721411467e-01,9.823684368391230048e-01,6.917448130281421470e+00,0.000000000000000000e+00,0.000000000000000000e+00,0.000000000000000000e+00,1.000000000000000056e-01
8.327049283059546614e-01,5.472498069256491737e-01,8.438098834935853221e-02,1.224850339587995194e+02,-5.532507647013867880e-01,8.160341428195407865e-01,1.673375902483003053e-01,-2.272324272990255736e+02,2.271769645685130234e-02,-1.860266824211435632e-01,9.822820265560585629e-01,6.944801050885009097e+00,0.000000000000000000e+00,0.000000000000000000e+00,0.000000000000000000e+00,1.000000000000000056e-01
8.356685295772510180e-01,5.430183054916002394e-01,8.239677527201133556e-02,1.233298662714522180e+02,-5.485990964481981536e-01,8.180438394168321192e-01,1.727521582162980796e-01,-2.277643755618415184e+02,2.640340982554894439e-02,-1.895663385023810821e-01,9.815128441627163358e-01,6.991031800564182497e+00,0.000000000000000000e+00,0.000000000000000000e+00,0.000000000000000000e+00,1.000000000000000056e-01
8.430403216457297288e-01,5.324672028868518980e-01,7.590582276292537345e-02,1.242317291698449253e+02,-5.371086605886480347e-01,8.260426115640453482e-01,1.707860960415694684e-01,-2.283982859716235509e+02,2.823655078321531814e-02,-1.847492401345773860e-01,9.823799750959723021e-01,7.030594069553819381e+00,0.000000000000000000e+00,0.000000000000000000e+00,0.000000000000000000e+00,1.000000000000000056e-01
8.466681058722480557e-01,5.265225194399764108e-01,7.698801868654232827e-02,1.250886988005985501e+02,-5.315558687482507816e-01,8.302012190065428676e-01,1.679711116809751992e-01,-2.289542784822630495e+02,2.452502595293474738e-02,-1.831392161243186878e-01,9.827810288255354187e-01,7.086212810745534441e+00,0.000000000000000000e+00,0.000000000000000000e+00,0.000000000000000000e+00,1.000000000000000056e-01
8.487355014244515328e-01,5.222762579856290444e-01,8.291899038407057887e-02,1.259788924050780423e+02,-5.284606748670512832e-01,8.319111059599724189e-01,1.692726407294350144e-01,-2.294982535748082171e+02,1.942585238401859510e-02,-1.874871252245985109e-01,9.820749534196308028e-01,7.113179062890130133e+00,0.000000000000000000e+00,0.000000000000000000e+00,0.000000000000000000e+00,1.000000000000000056e-01
8.526569900369984634e-01,5.153293169690462694e-01,8.609153508482875194e-02,1.268744496820164471e+02,-5.222028867597321433e-01,8.352908174740124592e-01,1.720273097603939594e-01,-2.300417260388124419e+02,1.673924732024709150e-02,-1.916375362913342040e-01,9.813230111860922200e-01,7.168331226045408400e+00,0.000000000000000000e+00,0.000000000000000000e+00,0.000000000000000000e+00,1.000000000000000056e-01
8.565600612187052043e-01,5.086942865393633273e-01,8.680428772368435630e-02,1.277147527753960645e+02,-5.157553082804937628e-01,8.382190721209937800e-01,1.771588245420279151e-01,-2.305400624344359812e+02,1.735867234268864689e-02,-1.965169457701507749e-01,9.803467583052798417e-01,7.201292118307933698e+00,0.000000000000000000e+00,0.000000000000000000e+00,0.000000000000000000e+00,1.000000000000000056e-01
8.592419280379534063e-01,5.037716275316546088e-01,8.898008988379611794e-02,1.285866670427717793e+02,-5.113411244108940767e-01,8.405706740063632054e-01,1.788049118080678457e-01,-2.310631940396280868e+02,1.528278730543501662e-02,-1.991358563759831335e-01,9.798527170537317810e-01,7.245803862989320443e+00,0.000000000000000000e+00,0.000000000000000000e+00,0.000000000000000000e+00,1.000000000000000056e-01
8.614499958961669979e-01,4.986242373616189272e-01,9.632120475802692650e-02,1.294832631050766736e+02,-5.077733344307785446e-01,8.425702714571400298e-01,1.795594010284344844e-01,-2.315511874437452207e+02,8.375285758862704988e-03,-2.035907845954361695e-01,9.790202485220987905e-01,7.279830503215333870e+00,0.000000000000000000e+00,0.000000000000000000e+00,0.000000000000000000e+00,1.000000000000000056e-01
8.630221273303360086e-01,4.950633180313542825e-01,1.005242203551344610e-01,1.303857555780002144e+02,-5.051601758932112718e-01,8.447873792588769248e-01,1.764864882546492153e-01,-2.320809110529886254e+02,2.450393797192348955e-03,-2.030925773747153384e-01,9.791564740048108728e-01,7.295645629880510796e+00,0.000000000000000000e+00,0.000000000000000000e+00,0.000000000000000000e+00,1.000000000000000056e-01
8.678172138348112519e-01,4.863442218607566536e-01,1.017967643623337026e-01,1.312735936632764151e+02,-4.968813424074328688e-01,8.500198453252642006e-01,1.748576395831803743e-01,-2.325887156179352928e+02,-1.488267238392758374e-03,-2.023253825298967079e-01,9.793172237047391704e-01,7.324194604855770230e+00,0.000000000000000000e+00,0.000000000000000000e+00,0.000000000000000000e+00,1.000000000000000056e-01
8.728524219790224636e-01,4.779159473337742381e-01,9.861539803405772187e-02,1.321233464029971003e+02,-4.879838949854266583e-01,8.550937667107220141e-01,1.751752504417258272e-01,-2.330601451838625735e+02,-6.063663963310136906e-04,-2.010248676570399184e-01,9.795859507482040929e-01,7.351506346939828518e+00,0.000000000000000000e+00,0.000000000000000000e+00,0.000000000000000000e+00,1.000000000000000056e-01
8.771211690150818585e-01,4.709725091288338716e-01,9.403909033219512437e-02,1.329777706261933190e+02,-4.802691369190955073e-01,8.601853250634909909e-01,1.715306464408136167e-01,-2.335430718352642998e+02,-1.048265393533906464e-04,-1.956172338785793219e-01,9.806803183612332608e-01,7.377662820406654554e+00,0.000000000000000000e+00,0.000000000000000000e+00,0.000000000000000000e+00,1.000000000000000056e-01
8.825517066228265595e-01,4.604487945854584541e-01,9.533830658205799669e-02,1.338896852731013212e+02,-4.702069345382768328e-01,8.654190452241292686e-01,1.730760378431202284e-01,-2.340144121617515793e+02,-2.814933259038039648e-03,-1.975772854559826042e-01,9.802832715203255720e-01,7.391139711915364785e+00,0.000000000000000000e+00,0.000000000000000000e+00,0.000000000000000000e+00,1.000000000000000056e-01
8.859179543994328832e-01,4.536233130096591903e-01,9.682596742023844016e-02,1.348187600224536880e+02,-4.637811810558734038e-01,8.696668261378189824e-01,1.690758043416963341e-01,-2.344614384182895606e+02,-7.509605258829411822e-03,-1.946933522478700995e-01,9.808354114831617787e-01,7.386946556608926073e+00,0.000000000000000000e+00,0.000000000000000000e+00,0.000000000000000000e+00,1.000000000000000056e-01
8.915864502958520399e-01,4.412871782462491899e-01,1.016819942974431651e-01,1.357835088500274310e+02,-4.526247529349638477e-01,8.754764290460737008e-01,1.693276563804567147e-01,-2.349433076844640311e+02,-1.429806558262658456e-02,-1.969940316359817811e-01,9.803004217179530633e-01,7.409383976360198076e+00,0.000000000000000000e+00,0.000000000000000000e+00,0.000000000000000000e+00,1.000000000000000056e-01
8.975161042397499234e-01,4.290740005167426596e-01,1.017857785295207540e-01,1.367058452072498653e+02,-4.407135773850105465e-01,8.807972635815509710e-01,1.731118805159202745e-01,-2.353807439461716911e+02,-1.537482809037740011e-02,-2.002290751809293334e-01,9.796284663653772595e-01,7.411803350199923202e+00,0.000000000000000000e+00,0.000000000000000000e+00,0.000000000000000000e+00,1.000000000000000056e-01
9.031171987947366198e-01,4.190790554677808477e-01,9.355250135288098456e-02,1.376240487868078617e+02,-4.293146254803923978e-01,8.854515211456535084e-01,1.779453737793672552e-01,-2.357984191906606100e+02,-8.263025461570844277e-03,-2.008689845871705626e-01,9.795832651904280430e-01,7.420665990534466516e+00,0.000000000000000000e+00,0.000000000000000000e+00,0.000000000000000000e+00,1.000000000000000056e-01
9.102405368027969290e-01,4.043570483164422580e-01,8.920505948527007734e-02,1.385584198518094752e+02,-4.140377378784997342e-01,8.918512566161205246e-01,1.821375515501995890e-01,-2.362537803787194548e+02,-5.909041666031365769e-03,-2.027232437315989733e-01,9.792182441506733781e-01,7.426320150435220313e+00,0.000000000000000000e+00,0.000000000000000000e+00,0.000000000000000000e+00,1.000000000000000056e-01
9.144804734944609326e-01,3.948062924769913939e-01,8.861972138253916553e-02,1.395228547649368238e+02,-4.045718133537282712e-01,8.958651910200263746e-01,1.837041299435797914e-01,-2.366752912702898186e+02,-6.863777168773774195e-03,-2.038468811123288760e-01,9.789787217420782284e-01,7.457196006371026975e+00,0.000000000000000000e+00,0.000000000000000000e+00,0.000000000000000000e+00,1.000000000000000056e-01
9.171896340671333858e-01,3.872802592589565385e-01,9.368658360786455419e-02,1.404706715342992140e+02,-3.982431210502017094e-01,8.986044614425157118e-01,1.841533013871885782e-01,-2.371086787216119376e+02,-1.286824370271121704e-02,-2.062135365680966836e-01,9.784223963299725213e-01,7.448879271760181275e+00,0.000000000000000000e+00,0.000000000000000000e+00,0.000000000000000000e+00,1.000000000000000056e-01
9.221862087025525234e-01,3.741614139725030208e-01,9.785618413217168909e-02,1.414461902948274599e+02,-3.862090302170914091e-01,9.042698562994238021e-01,1.820401383404033624e-01,-2.375010787918311905e+02,-2.037600200201346301e-02,-2.056678469822559030e-01,9.784097072597436329e-01,7.461664480736537541e+00,0.000000000000000000e+00,0.000000000000000000e+00,0.000000000000000000e+00,1.000000000000000056e-01
9.257962259110219527e-01,3.644174905139886400e-01,1.005049287169289540e-01,1.423926798727048322e+02,-3.772361955472078865e-01,9.077625895513472543e-01,1.834664377484363784e-01,-2.378855528921962161e+02,-2.437623551692689322e-02,-2.077666325917594536e-01,9.778746471422112840e-01,7.444948106254270392e+00,0.000000000000000000e+00,0.000000000000000000e+00,0.000000000000000000e+00,1.000000000000000056e-01
9.292710080737962564e-01,3.572033539160043847e-01,9.413372140029474533e-02,1.433579269544451336e+02,-3.688932975078043630e-01,9.106881272289499840e-01,1.859162983120265511e-01,-2.382508223848363969e+02,-1.931653714642187630e-02,-2.074919248438012453e-01,9.780459971378060446e-01,7.452507049239093462e+00,0.000000000000000000e+00,0.000000000000000000e+00,0.000000000000000000e+00,1.000000000000000056e-01
9.325672086702022634e-01,3.484941081907065308e-01,9.418204642834882012e-02,1.442579018749208331e+02,-3.604028942928462764e-01,9.137439334072647856e-01,1.875680621714676810e-01,-2.385782873616606707e+02,-2.069190900828048879e-02,-2.088633062981246902e-01,9.777259146528789469e-01,7.447066788135257909e+00,0.000000000000000000e+00,0.000000000000000000e+00,0.000000000000000000e+00,1.000000000000000056e-01
9.357350034767331071e-01,3.395537107188029702e-01,9.541111468529038520e-02,1.451784892104325593e+02,-3.518760861363509629e-01,9.172554062503003314e-01,1.866165579737228686e-01,-2.389270716117514439e+02,-2.415001601990181268e-02,-2.081965351337240200e-01,9.777888215174841413e-01,7.441663744414139359e+00,0.000000000000000000e+00,0.000000000000000000e+00,0.000000000000000000e+00,1.000000000000000056e-01
9.384272813465988072e-01,3.314961990619335608e-01,9.728570106609873980e-02,1.461354534465195343e+02,-3.443361739264398369e-01,9.203424275051453884e-01,1.854788814383910578e-01,-2.392804121064640412e+02,-2.805061407762757253e-02,-2.075574285382892625e-01,9.778205750077265668e-01,7.435430981966106856e+00,0.000000000000000000e+00,0.000000000000000000e+00,0.000000000000000000e+00,1.000000000000000056e-01
9.407437123791504430e-01,3.244877487115072068e-01,9.853409843923116584e-02,1.471103538331097695e+02,-3.376729315657610586e-01,9.231188558780231146e-01,1.839254447058222275e-01,-2.396262679887409490e+02,-3.127713073284053152e-02,-2.062990035327058047e-01,9.779889888104740248e-01,7.434462484998102916e+00,0.000000000000000000e+00,0.000000000000000000e+00,0.000000000000000000e+00,1.000000000000000056e-01
9.431157887705330367e-01,3.177558434357254380e-01,9.779485126624042068e-02,1.480310934396964910e+02,-3.308585659993085737e-01,9.259138655174312671e-01,1.822529092976279408e-01,-2.399949138985196839e+02,-3.263768185114439280e-02,-2.042418605600207493e-01,9.783762283080903455e-01,7.431697169196163522e+00,0.000000000000000000e+00,0.000000000000000000e+00,0.000000000000000000e+00,1.000000000000000056e-01
9.451708288870743768e-01,3.131074686937215246e-01,9.282142677814672616e-02,1.489249071723815518e+02,-3.252105063224829395e-01,9.283670604677672911e-01,1.799242274289684085e-01,-2.403257323580446041e+02,-2.983673571949441855e-02,-2.002456343760009583e-01,9.792913024810125933e-01,7.431339000715821541e+00,0.000000000000000000e+00,0.000000000000000000e+00,0.000000000000000000e+00,1.000000000000000056e-01
9.474219217291831585e-01,3.075237970892896189e-01,8.843538008493576075e-02,1.498986047139456446e+02,-3.188216684855325611e-01,9.307701262441108181e-01,1.789405370384898608e-01,-2.406533707558765514e+02,-2.728453648282853222e-02,-1.977273029080895694e-01,9.798772717813235555e-01,7.428235977482712471e+00,0.000000000000000000e+00,0.000000000000000000e+00,0.000000000000000000e+00,1.000000000000000056e-01
9.484941738033140224e-01,3.023618216759380029e-01,9.453111156638811796e-02,1.509195583714605107e+02,-3.150416979968411746e-01,9.316200157233985868e-01,1.811984404645958502e-01,-2.409771164733814999e+02,-3.327958510011465310e-02,-2.016469069843195572e-01,9.788927388224010206e-01,7.399692884048878483e+00,0.000000000000000000e+00,0.000000000000000000e+00,0.000000000000000000e+00,1.000000000000000056e-01
9.481432641367966152e-01,3.004307062265240691e-01,1.037580909050125622e-01,1.518828816540508626e+02,-3.146711832232472195e-01,9.332614247047695821e-01,1.732199746187063349e-01,-2.412839428579114553e+02,-4.479282443542051406e-02,-1.968870333827388019e-01,9.794024193174335480e-01,7.390798563260054799e+00,0.000000000000000000e+00,0.000000000000000000e+00,0.000000000000000000e+00,1.000000000000000056e-01
9.500421354819806874e-01,2.936663102394494462e-01,1.057357037106446962e-01,1.528335267200455121e+02,-3.082715198400924894e-01,9.358863352904467359e-01,1.705445322257412577e-01,-2.415860305994006296e+02,-4.887341674486544996e-02,-1.946197976747608693e-01,9.796604123310882484e-01,7.358845633536394537e+00,0.000000000000000000e+00,0.000000000000000000e+00,0.000000000000000000e+00,1.000000000000000056e-01
9.529099355324355258e-01,2.865555632848005851e-01,9.923993104643009933e-02,1.538467032454993273e+02,-3.002065792253814092e-01,9.376662275621435727e-01,1.750944187550624032e-01,-2.418783709945462306e+02,-4.287965197345171287e-02,-1.966416915099873097e-01,9.795373298689165065e-01,7.330429675339410700e+00,0.000000000000000000e+00,0.000000000000000000e+00,0.000000000000000000e+00,1.000000000000000056e-01
9.557948527019082263e-01,2.801763847151547693e-01,8.920422073244738126e-02,1.548095191755090809e+02,-2.921682132912661323e-01,9.390935822003256828e-01,1.809446849519193157e-01,-2.421640435279550729e+02,-3.307468353177116932e-02,-1.990086362902517558e-01,9.794394458011007609e-01,7.299154004862153045e+00,0.000000000000000000e+00,0.000000000000000000e+00,0.000000000000000000e+00,1.000000000000000056e-01
9.590827201694510640e-01,2.700947552095290805e-01,8.490676698986349136e-02,1.557850842579201185e+02,-2.814457073471184900e-01,9.421335519513767132e-01,1.821336984288265681e-01,-2.424516971141898694e+02,-3.080015727632789968e-02,-1.985779280176605821e-01,9.796010191991258997e-01,7.283623517370117817e+00,0.000000000000000000e+00,0.000000000000000000e+00,0.000000000000000000e+00,1.000000000000000056e-01
9.593790314162947697e-01,2.676439003190703159e-01,8.921107947294222573e-02,1.567663210399644242e+02,-2.799154591613167153e-01,9.424942326594533126e-01,1.826251820702102791e-01,-2.427162976134296457e+02,-3.520241186682077084e-02,-2.001783305596881446e-01,9.791268692938085438e-01,7.259559658592738884e+00,0.000000000000000000e+00,0.000000000000000000e+00,0.000000000000000000e+00,1.000000000000000056e-01
9.599696634666388118e-01,2.631183084861926647e-01,9.605727959458922049e-02,1.577446856451827841e+02,-2.767729002678539496e-01,9.437633250745327551e-01,1.808522820469300185e-01,-2.429874555979811248e+02,-4.306979104974754946e-02,-2.001987561989996556e-01,9.788081789172506930e-01,7.227706692402133370e+00,0.000000000000000000e+00,0.000000000000000000e+00,0.000000000000000000e+00,1.000000000000000056e-01
9.610182819269399435e-01,2.579127032931028962e-01,9.962378873660832079e-02,1.586972854639495267e+02,-2.723805311736995360e-01,9.450115459473913404e-01,1.810028294354945333e-01,-2.432504308562334643e+02,-4.746270156370972076e-02,-2.010826086616277208e-01,9.784237714069037306e-01,7.212999722615160536e+00,0.000000000000000000e+00,0.000000000000000000e+00,0.000000000000000000e+00,1.000000000000000056e-01
9.629305148628451994e-01,2.485099741950104191e-01,1.049171876842455026e-01,1.596775926260487779e+02,-2.642113220646957750e-01,9.473067775307835170e-01,1.811139048694720421e-01,-2.435091831445704713e+02,-5.438015114728496358e-02,-2.021204145301453980e-01,9.778497518491072737e-01,7.179419154095236344e+00,0.000000000000000000e+00,0.000000000000000000e+00,0.000000000000000000e+00,1.000000000000000056e-01
9.646254759556142089e-01,2.426810708557118335e-01,1.029737295902683480e-01,1.605959971770916184e+02,-2.581060548804284260e-01,9.489068011280800130e-01,1.815410344989134561e-01,-2.437373938178821504e+02,-5.365589968927941822e-02,-2.016972499098571570e-01,9.779771284684189991e-01,7.163835941708730282e+00,0.000000000000000000e+00,0.000000000000000000e+00,0.000000000000000000e+00,1.000000000000000056e-01
9.658677551207345280e-01,2.400869930058690815e-01,9.725078615328819343e-02,1.615306304114540694e+02,-2.545852565692069414e-01,9.491273031018536699e-01,1.853205591514147377e-01,-2.439608187547244711e+02,-4.781032059737608253e-02,-2.037537687896881777e-01,9.778540662841129771e-01,7.125216020637070713e+00,0.000000000000000000e+00,0.000000000000000000e+00,0.000000000000000000e+00,1.000000000000000056e-01
9.664501293960030548e-01,2.382614183689258924e-01,9.594604685591091864e-02,1.624660803144924728e+02,-2.526499552802288773e-01,9.491270425939304367e-01,1.879517414492287986e-01,-2.442059793815797377e+02,-4.628333919832651466e-02,-2.058867492912719033e-01,9.774806898240627762e-01,7.085065157428730664e+00,0.000000000000000000e+00,0.000000000000000000e+00,0.000000000000000000e+00,1.000000000000000056e-01
9.662719891107509618e-01,2.374919543994582494e-01,9.957918786311945047e-02,1.634087720735482776e+02,-2.526043968059395461e-01,9.493059105343395476e-01,1.871077415257741683e-01,-2.444309308815622614e+02,-5.009452838644390393e-02,-2.059511102667186677e-01,9.772792223339477058e-01,7.062206974761241263e+00,0.000000000000000000e+00,0.000000000000000000e+00,0.000000000000000000e+00,1.000000000000000056e-01
9.654471488756330988e-01,2.393007030809848334e-01,1.031841859630511088e-01,1.643877669343086723e+02,-2.551469161841488642e-01,9.485639505025532658e-01,1.874206044401429128e-01,-2.446614230868884761e+02,-5.302691665211252403e-02,-2.072718150447280250e-01,9.768451979707091226e-01,7.033707135863275006e+00,0.000000000000000000e+00,0.000000000000000000e+00,0.000000000000000000e+00,1.000000000000000056e-01
9.660245010294600254e-01,2.364018912881576395e-01,1.044548189705241104e-01,1.653425477700276645e+02,-2.526049776135670388e-01,9.490981788494414761e-01,1.881578385014105181e-01,-2.448907517830578513e+02,-5.465700957454736053e-02,-2.081508892607852601e-01,9.765683891076508694e-01,6.973691456372408837e+00,0.000000000000000000e+00,0.000000000000000000e+00,0.000000000000000000e+00,1.000000000000000056e-01
9.669199797819238995e-01,2.304143963734930356e-01,1.094301541731650118e-01,1.663347342239535180e+02,-2.473933008129367006e-01,9.516238961320754308e-01,1.822320362156136242e-01,-2.451487972170667149e+02,-6.214746504406784555e-02,-2.032760838225878275e-01,9.771471364816808336e-01,6.943947278410059987e+00,0.000000000000000000e+00,0.000000000000000000e+00,0.000000000000000000e+00,1.000000000000000056e-01
9.675517662697362686e-01,2.268073245317279996e-01,1.113643440562241127e-01,1.673423071440244030e+02,-2.441394887030684246e-01,9.527499093826735654e-01,1.807305182505480057e-01,-2.453935094856982460e+02,-6.511136340238896092e-02,-2.020545661698016915e-01,9.772074818818239361e-01,6.873217369680133970e+00,0.000000000000000000e+00,0.000000000000000000e+00,0.000000000000000000e+00,1.000000000000000056e-01
9.674938268216628501e-01,2.280683746125534705e-01,1.092726478290069747e-01,1.683331754350131746e+02,-2.446307733214921343e-01,9.535600031674189569e-01,1.757245148050800010e-01,-2.456309247262504414e+02,-6.412082193876594838e-02,-1.967438356364438201e-01,9.783559594201678422e-01,6.830652206135208182e+00,0.000000000000000000e+00,0.000000000000000000e+00,0.000000000000000000e+00,1.000000000000000056e-01
9.683869910402731485e-01,2.247767455930180791e-01,1.081760150152404065e-01,1.693295141790655407e+02,-2.412574095995159151e-01,9.541689603971351685e-01,1.770775460864019435e-01,-2.458838958963723940e+02,-6.341528126009771116e-02,-1.975778571987813204e-01,9.782338638829881639e-01,6.793549644324695436e+00,0.000000000000000000e+00,0.000000000000000000e+00,0.000000000000000000e+00,1.000000000000000056e-01
9.694857745546587857e-01,2.213650894409059378e-01,1.053319994729664394e-01,1.702895560751393873e+02,-2.374522470706908472e-01,9.547628377833681235e-01,1.790093683272738212e-01,-2.461187074770845413e+02,-6.094065389567863977e-02,-1.985583560686119409e-01,9.781926272151602042e-01,6.709289822485177801e+00,0.000000000000000000e+00,0.000000000000000000e+00,0.000000000000000000e+00,1.000000000000000056e-01
9.716017092079284323e-01,2.131982122956652681e-01,1.026481414257685021e-01,1.712421121922700422e+02,-2.289974718375209495e-01,9.564473670632247515e-01,1.810209709670369260e-01,-2.463312528879744150e+02,-5.958419720241203005e-02,-1.993864496693731614e-01,9.781077482220384978e-01,6.662084231355654751e+00,0.000000000000000000e+00,0.000000000000000000e+00,0.000000000000000000e+00,1.000000000000000056e-01
9.725212521079447114e-01,2.087230734104291163e-01,1.031362827742984961e-01,1.721804720842657730e+02,-2.247899905130378295e-01,9.571387633313270804e-01,1.826330963810401942e-01,-2.465357845214843735e+02,-6.059599296606828223e-02,-2.007985715952246841e-01,9.777566462478143317e-01,6.630722067237311279e+00,0.000000000000000000e+00,0.000000000000000000e+00,0.000000000000000000e+00,1.000000000000000056e-01
9.736465667527074430e-01,2.027391509367072742e-01,1.044471145036028475e-01,1.730987706683221461e+02,-2.191031563049394559e-01,9.586385418886479437e-01,1.816754053327533924e-01,-2.467321441451124713e+02,-6.329431212896592662e-02,-1.997723271203246664e-01,9.777959129435196406e-01,6.580038415236492355e+00,0.000000000000000000e+00,0.000000000000000000e+00,0.000000000000000000e+00,1.000000000000000056e-01
9.752733180139758762e-01,1.941735195983125550e-01,1.055395634670427685e-01,1.740659370391859397e+02,-2.108158432402695015e-01,9.606963515260169562e-01,1.806078636258504067e-01,-2.469325127323058666e+02,-6.632220901707308602e-02,-1.983914424853133740e-01,9.778763726257487798e-01,6.521639696512363749e+00,0.000000000000000000e+00,0.000000000000000000e+00,0.000000000000000000e+00,1.000000000000000056e-01
9.770109241737198191e-01,1.855453159759379023e-01,1.049885220612387232e-01,1.750229712655581977e+02,-2.018700418291951848e-01,9.635098031016082754e-01,1.757764077997358010e-01,-2.471384085753365696e+02,-6.854298109283570029e-02,-1.929295079724441808e-01,9.788156438760149403e-01,6.466760637297108261e+00,0.000000000000000000e+00,0.000000000000000000e+00,0.000000000000000000e+00,1.000000000000000056e-01
9.788401443816879821e-01,1.760328767925101734e-01,1.043283184710132178e-01,1.759391212045846657e+02,-1.918803803575344080e-01,9.667399877244453599e-01,1.691026781821837188e-01,-2.473259819650753002e+02,-7.109072640425150025e-02,-1.855430473574588568e-01,9.800611645181251941e-01,6.418053019312533358e+00,0.000000000000000000e+00,0.000000000000000000e+00,0.000000000000000000e+00,1.000000000000000056e-01
9.806122414655982222e-01,1.642698560098498350e-01,1.068412200151166169e-01,1.768688456839139747e+02,-1.803531292270059705e-01,9.697902399064314283e-01,1.642548001132782542e-01,-2.475020097742870746e+02,-7.663146002682089120e-02,-1.803394160707229021e-01,9.806147634751520847e-01,6.357886952916105727e+00,0.000000000000000000e+00,0.000000000000000000e+00,0.000000000000000000e+00,1.000000000000000056e-01
9.817378343199888446e-01,1.547287950869557227e-01,1.106789258876182958e-01,1.778168409746621137e+02,-1.710915697901261023e-01,9.724934576243706719e-01,1.580637517729687747e-01,-2.476452979304354187e+02,-8.317751746384627332e-02,-1.741133965228843228e-01,9.812064134216695876e-01,6.299866951979618435e+00,0.000000000000000000e+00,0.000000000000000000e+00,0.000000000000000000e+00,1.000000000000000056e-01
9.834896757888917929e-01,1.422691031733826772e-01,1.118372026603938751e-01,1.787372544749271128e+02,-1.590041104791952431e-01,9.744435005816611817e-01,1.586743741909130145e-01,-2.477958046089794664e+02,-8.640457434291595740e-02,-1.738371837565237388e-01,9.809764946604072611e-01,6.222009266438547570e+00,0.000000000000000000e+00,0.000000000000000000e+00,0.000000000000000000e+00,1.000000000000000056e-01
9.846275251424856378e-01,1.352384893916312725e-01,1.105404347687011096e-01,1.796189303865900797e+02,-1.516263639851721801e-01,9.759568367912452302e-01,1.565812838913476501e-01,-2.479259757548568643e+02,-8.670687675392250993e-02,-1.709350862388888392e-01,9.814596852729529086e-01,6.164172921745103118e+00,0.000000000000000000e+00,0.000000000000000000e+00,0.000000000000000000e+00,1.000000000000000056e-01
9.864901986856278171e-01,1.252300626083760471e-01,1.056149578246037002e-01,1.805308608432098652e+02,-1.409204005742936139e-01,9.774486595991804805e-01,1.572754225864491096e-01,-2.480571596572026749e+02,-8.353758794202303939e-02,-1.700339650389525170e-01,9.818909929997122754e-01,6.091834322882213826e+00,0.000000000000000000e+00,0.000000000000000000e+00,0.000000000000000000e+00,1.000000000000000056e-01
9.878002707088550105e-01,1.188184084425570330e-01,1.006618646891192237e-01,1.813938158755882171e+02,-1.334435225439954964e-01,9.790408804536748777e-01,1.538563638317998472e-01,-2.481804487659872507e+02,-8.027111235409051249e-02,-1.654120316532950996e-01,9.829523937128218369e-01,6.031619148370694461e+00,0.000000000000000000e+00,0.000000000000000000e+00,0.000000000000000000e+00,1.000000000000000056e-01
9.884819072838932907e-01,1.104535739406640737e-01,1.034578512058452887e-01,1.822818843796513875e+02,-1.253658585245901180e-01,9.805623041155377972e-01,1.509336584861704078e-01,-2.482999961414435006e+02,-8.477570694950896379e-02,-1.621652729512755853e-01,9.831152037069965655e-01,5.964491091368067543e+00,0.000000000000000000e+00,0.000000000000000000e+00,0.000000000000000000e+00,1.000000000000000056e-01
9.881134424805659844e-01,1.067131180454675837e-01,1.106532205867473972e-01,1.831570887087760013e+02,-1.227575292285954384e-01,9.810175853439889737e-01,1.501169086530221297e-01,-2.484208332662948635e+02,-9.253331187683608294e-02,-1.619160513440942029e-01,9.824565020957624073e-01,5.893537713610275119e+00,0.000000000000000000e+00,0.000000000000000000e+00,0.000000000000000000e+00,1.000000000000000056e-01
9.882590877506701732e-01,9.958081642774863074e-02,1.158776789454989548e-01,1.840906829726095566e+02,-1.155788730596689629e-01,9.832802783104639399e-01,1.407175127265737069e-01,-2.485500448606192094e+02,-9.992747160050648170e-02,-1.524583723029979410e-01,9.832451093874051695e-01,5.812839184834438733e+00,0.000000000000000000e+00,0.000000000000000000e+00,0.000000000000000000e+00,1.000000000000000056e-01
9.879665479036972009e-01,9.717809277167564763e-02,1.203267156890401174e-01,1.850381917749457727e+02,-1.129168512380423900e-01,9.848295035480585380e-01,1.317597573152380630e-01,-2.486618841845309476e+02,-1.056971377556520791e-01,-1.437611464427862307e-01,9.839516491391833153e-01,5.718454015922035616e+00,0.000000000000000000e+00,0.000000000000000000e+00,0.000000000000000000e+00,1.000000000000000056e-01
9.887919043503947680e-01,8.896460222622792902e-02,1.198994138511479124e-01,1.859238292526468399e+02,-1.044447190496362587e-01,9.860362270155359488e-01,1.297068220087479185e-01,-2.487627305295786186e+02,-1.066858498291237689e-01,-1.407759161351667399e-01,9.842765215540509871e-01,5.642248773335650114e+00,0.000000000000000000e+00,0.000000000000000000e+00,0.000000000000000000e+00,1.000000000000000056e-01
9.898466820138115407e-01,8.419241798216617334e-02,1.145215388499665199e-01,1.867091647073103218e+02,-9.896548900113208425e-02,9.865476353649560437e-01,1.301137776816146119e-01,-2.488330468882913920e+02,-1.020263597949812862e-01,-1.401263712158780372e-01,9.848630473303661148e-01,5.567194493002111777e+00,0.000000000000000000e+00,0.000000000000000000e+00,0.000000000000000000e+00,1.000000000000000056e-01
9.908758836334455866e-01,7.918699415675534148e-02,1.090614651930570667e-01,1.875135308972293728e+02,-9.351556510184830251e-02,9.866617879073973363e-01,1.332417178178821604e-01,-2.489032610668947711e+02,-9.705576910890137410e-02,-1.422249494279964888e-01,9.850645874473833441e-01,5.491514385993494507e+00,0.000000000000000000e+00,0.000000000000000000e+00,0.000000000000000000e+00,1.000000000000000056e-01
9.915802027943735331e-01,7.039160441840239257e-02,1.086909538723080521e-01,1.882640735142779533e+02,-8.460133545764580987e-02,9.876048841498344943e-01,1.322089514449564795e-01,-2.489534850365956231e+02,-9.803731669651065406e-02,-1.402911787347840833e-01,9.852446750448098367e-01,5.416447243006576429e+00,0.000000000000000000e+00,0.000000000000000000e+00,0.000000000000000000e+00,1.000000000000000056e-01
9.913300971614117385e-01,6.688507056260417638e-02,1.130974172904996439e-01,1.890364967181233169e+02,-8.158672274823086656e-02,9.880451420785328898e-01,1.308067425105262638e-01,-2.490068380583206249e+02,-1.029963355326258961e-01,-1.388999083903487142e-01,9.849358204045599585e-01,5.344914075112680685e+00,0.000000000000000000e+00,0.000000000000000000e+00,0.000000000000000000e+00,1.000000000000000056e-01
9.908578097376963267e-01,6.627039753876194650e-02,1.175118517081134017e-01,1.899201825464579656e+02,-8.158200834645336352e-02,9.880617676133799376e-01,1.306840437654209208e-01,-2.490701896331713385e+02,-1.074484843819324964e-01,-1.390761582399286933e-01,9.844351910680804174e-01,5.259446554733101742e+00,0.000000000000000000e+00,0.000000000000000000e+00,0.000000000000000000e+00,1.000000000000000056e-01
9.905192461682016392e-01,6.544344221005510276e-02,1.207840173287704350e-01,1.908201019142059351e+02,-8.121267318857638973e-02,9.880992480368977482e-01,1.306306921917002595e-01,-2.491448002938343222e+02,-1.107976745421266479e-01,-1.392014076818781088e-01,9.840461591894155147e-01,5.178772078430943004e+00,0.000000000000000000e+00,0.000000000000000000e+00,0.000000000000000000e+00,1.000000000000000056e-01
9.903699660899357715e-01,6.855557249258670272e-02,1.202807704798780630e-01,1.916024082762109231e+02,-8.403937514257048269e-02,9.881056291886527454e-01,1.287814000209000220e-01,-2.491753493115734273e+02,-1.100214237894862335e-01,-1.376495515645091150e-01,9.843515059476588558e-01,5.100580095980235207e+00,0.000000000000000000e+00,0.000000000000000000e+00,0.000000000000000000e+00,1.000000000000000056e-01
9.906908618835229552e-01,6.721671835523336525e-02,1.183787521223118866e-01,1.923008311337387113e+02,-8.198109547908911943e-02,9.888108913247715126e-01,1.246279309848297434e-01,-2.492306034578187734e+02,-1.086771188637746244e-01,-1.331725721425558728e-01,9.851164143716237831e-01,5.029358290013916211e+00,0.000000000000000000e+00,0.000000000000000000e+00,0.000000000000000000e+00,1.000000000000000056e-01
9.908931799852260802e-01,6.767473350078231920e-02,1.164080594476361863e-01,1.930207218678962704e+02,-8.199802723096177859e-02,9.890111398482981375e-01,1.230174328548619134e-01,-2.493036122589075774e+02,-1.068036955774319674e-01,-1.314423664636638345e-01,9.855535880455386089e-01,4.964645069658303100e+00,0.000000000000000000e+00,0.000000000000000000e+00,0.000000000000000000e+00,1.000000000000000056e-01
9.907881726279050838e-01,7.053236616980859686e-02,1.156026915912630043e-01,1.937449054850047503e+02,-8.484366790409353376e-02,9.886534418799921564e-01,1.239593638069540482e-01,-2.493490448292732822e+02,-1.055478516940848016e-01,-1.326256279205981214e-01,9.855303616943673628e-01,4.892803687325845807e+00,0.000000000000000000e+00,0.000000000000000000e+00,0.000000000000000000e+00,1.000000000000000056e-01
9.904258293245649103e-01,7.276887013010997773e-02,1.173088579210236904e-01,1.944767801276160242e+02,-8.776350388707589156e-02,9.878586753159340761e-01,1.281905027235295536e-01,-2.493990745339153818e+02,-1.065562949440855556e-01,-1.372586213796248567e-01,9.847871987717721209e-01,4.816825961139191925e+00,0.000000000000000000e+00,0.000000000000000000e+00,0.000000000000000000e+00,1.000000000000000056e-01
9.897440728636086593e-01,7.379381268808209160e-02,1.223157530341530408e-01,1.951705161262916590e+02,-8.952436122582975442e-02,9.876541998076665552e-01,1.285479301637525995e-01,-2.494484996102372634e+02,-1.113196253068739761e-01,-1.381797916166981333e-01,9.841312342418073733e-01,4.755611273765813607e+00,0.000000000000000000e+00,0.000000000000000000e+00,0.000000000000000000e+00,1.000000000000000056e-01
9.897001016965077946e-01,7.572783212019840171e-02,1.214866418348011373e-01,1.958223045594895666e+02,-9.165315412204252943e-02,9.870881088847385243e-01,1.313650053775042292e-01,-2.495014898061613735e+02,-1.099700324697748116e-01,-1.411465930893326393e-01,9.838618964152799906e-01,4.702107850861682259e+00,0.000000000000000000e+00,0.000000000000000000e+00,0.000000000000000000e+00,1.000000000000000056e-01
9.901754166160356974e-01,7.927463754727805123e-02,1.151875695160190644e-01,1.964830859211014342e+02,-9.421291730968094080e-02,9.869437793038503548e-01,1.306365289857015777e-01,-2.495516416288967321e+02,-1.033274917011888644e-01,-1.402052364756057046e-01,9.847161627207914325e-01,4.638506371230304737e+00,0.000000000000000000e+00,0.000000000000000000e+00,0.000000000000000000e+00,1.000000000000000056e-01
9.906092410840464657e-01,8.172236781244630877e-02,1.096119796282177261e-01,1.971280753387288769e+02,-9.625027010719640341e-02,9.862186877512244543e-01,1.345681442041341547e-01,-2.495930652626699668e+02,-9.710415533426627888e-02,-1.438546298503463050e-01,9.848231457918922294e-01,4.580851898734324301e+00,0.000000000000000000e+00,0.000000000000000000e+00,0.000000000000000000e+00,1.000000000000000056e-01
9.903930820021746850e-01,8.746796156640300468e-02,1.071022820562288064e-01,1.977554664631588253e+02,-1.016528248087583547e-01,9.856066197719862698e-01,1.350788446428202449e-01,-2.496689628612801641e+02,-9.374564699565320069e-02,-1.446684027735757050e-01,9.850293431712117131e-01,4.527447260287529751e+00,0.000000000000000000e+00,0.000000000000000000e+00,0.000000000000000000e+00,1.000000000000000056e-01
9.895593152576799278e-01,9.098140452981540172e-02,1.117798980878658421e-01,1.984119484595683502e+02,-1.058168255715005446e-01,9.851945660009933103e-01,1.348868657360126344e-01,-2.497221126879267672e+02,-9.785275168702317616e-02,-1.453067484733470971e-01,9.845358235409117365e-01,4.475369186510664399e+00,0.000000000000000000e+00,0.000000000000000000e+00,0.000000000000000000e+00,1.000000000000000056e-01
9.887456835450777470e-01,8.855939266601040027e-02,1.205786350959583836e-01,1.990124613166266272e+02,-1.045494504725663076e-01,9.855204364895363556e-01,1.334873839258155226e-01,-2.497808828412088360e+02,-1.070111474420366443e-01,-1.445915047023892674e-01,9.836879134619056497e-01,4.419959304121425347e+00,0.000000000000000000e+00,0.000000000000000000e+00,0.000000000000000000e+00,1.000000000000000056e-01
9.882299408508952165e-01,8.792704738483546334e-02,1.251815415467517068e-01,1.995871712642631337e+02,-1.041858535884892106e-01,9.860392593393896288e-01,1.298918278933119674e-01,-2.498484712505978962e+02,-1.120129096036439481e-01,-1.414051391555935788e-01,9.835942734189301317e-01,4.358174962005992192e+00,0.000000000000000000e+00,0.000000000000000000e+00,0.000000000000000000e+00,1.000000000000000056e-01
9.879011570969782330e-01,8.825318574872528798e-02,1.275252093182069613e-01,2.001426216327978693e+02,-1.040203968134331691e-01,9.869661036582606517e-01,1.227911530868875251e-01,-2.499220903808827927e+02,-1.150263485173176059e-01,-1.345707450928043947e-01,9.842050872211238755e-01,4.326785111061496103e+00,0.000000000000000000e+00,0.000000000000000000e+00,0.000000000000000000e+00,1.000000000000000056e-01
9.884778607715737353e-01,8.231372604685965877e-02,1.270274351025625914e-01,2.006454724161739875e+02,-9.784922156175729357e-02,9.877755938404912950e-01,1.213462238918993907e-01,-2.499490035009622488e+02,-1.154861403122095231e-01,-1.323775914471455317e-01,9.844486399393527210e-01,4.271285798019352598e+00,0.000000000000000000e+00,0.000000000000000000e+00,0.000000000000000000e+00,1.000000000000000056e-01
9.894081774054777068e-01,7.570578747669334807e-02,1.238551259565159185e-01,2.012431632102479284e+02,-9.117412687694387285e-02,9.880333480948177982e-01,1.244081253004459819e-01,-2.499928272910728424e+02,-1.129545796831524090e-01,-1.343827994762658018e-01,9.844706832270446739e-01,4.208728010478784753e+00,0.000000000000000000e+00,0.000000000000000000e+00,0.000000000000000000e+00,1.000000000000000056e-01
9.906688569704851233e-01,6.751915208796430146e-02,1.183907932658394141e-01,2.017900986864662514e+02,-8.243602921737136491e-02,9.885989406524672285e-01,1.260017286694603000e-01,-2.500383444162377771e+02,-1.085334829242343840e-01,-1.345856554100099411e-01,9.849401933326678016e-01,4.149315337523455050e+00,0.000000000000000000e+00,0.000000000000000000e+00,0.000000000000000000e+00,1.000000000000000056e-01
9.916079069809868862e-01,5.680522779474539430e-02,1.161332205183924077e-01,2.023025212083334452e+02,-7.091144692232886904e-02,9.900935431962067934e-01,1.211872205166981964e-01,-2.500770267226455132e+02,-1.080986841185784669e-01,-1.284053807921154977e-01,9.858127269798577785e-01,4.096867222630726779e+00,0.000000000000000000e+00,0.000000000000000000e+00,0.000000000000000000e+00,1.000000000000000056e-01
9.918967726682755837e-01,4.560308606943300203e-02,1.185797238620627247e-01,2.028293459551173896e+02,-5.897692226583141351e-02,9.919746033890475267e-01,1.118396569701107929e-01,-2.501169188605972238e+02,-1.125278410452686118e-01,-1.179268619614965291e-01,9.866259373326878857e-01,4.048293283197955894e+00,0.000000000000000000e+00,0.000000000000000000e+00,0.000000000000000000e+00,1.000000000000000056e-01
9.919705355829567806e-01,2.837834982119097696e-02,1.232441714511801206e-01,2.033786981993259246e+02,-4.192715971201021324e-02,9.931820299898493909e-01,1.087730140417447339e-01,-2.501455621307568720e+02,-1.193170977427181617e-01,-1.130669030559700167e-01,9.863971338257154775e-01,3.984746639533773394e+00,0.000000000000000000e+00,0.000000000000000000e+00,0.000000000000000000e+00,1.000000000000000056e-01
9.919918523394782861e-01,7.397446507138442581e-03,1.260850612771585721e-01,2.039458776982222616e+02,-2.149842601661867969e-02,9.936049554405913531e-01,1.108467870653384590e-01,-2.501425062981734015e+02,-1.244587585142113567e-01,-1.126697399884926398e-01,9.858070536976425435e-01,3.911472337419459322e+00,0.000000000000000000e+00,0.000000000000000000e+00,0.000000000000000000e+00,1.000000000000000056e-01
9.915739395010760848e-01,-1.768054071010315836e-02,1.283297353792744733e-01,2.044862767466427442e+02,2.994550679524310421e-03,9.935058774273295423e-01,1.137413916900078259e-01,-2.500956119139849250e+02,-1.295073556542020998e-01,-1.123987099461128403e-01,9.851874820732882121e-01,3.829372087251501355e+00,0.000000000000000000e+00,0.000000000000000000e+00,0.000000000000000000e+00,1.000000000000000056e-01
9.906018830903702277e-01,-4.974452725879584952e-02,1.274103262126403957e-01,2.049860853610247489e+02,3.554234477436275103e-02,9.931386380337571262e-01,1.114108943164641291e-01,-2.500853358564426685e+02,-1.320782001155105523e-01,-1.058353799646078869e-01,9.855730421445151324e-01,3.777670891918980978e+00,0.000000000000000000e+00,0.000000000000000000e+00,0.000000000000000000e+00,1.000000000000000056e-01
9.886272746790073507e-01,-8.436267631218342944e-02,1.244951830642624518e-01,2.054808234830322817e+02,7.089990848520645594e-02,9.915241201860819364e-01,1.088720444650763675e-01,-2.500585754944851828e+02,-1.326247139018509047e-01,-9.880717552213491572e-02,9.862290947481676673e-01,3.722907599614542651e+00,0.000000000000000000e+00,0.000000000000000000e+00,0.000000000000000000e+00,1.000000000000000056e-01
9.850624090911359598e-01,-1.218104641511841835e-01,1.217138489196712969e-01,2.060342056830635045e+02,1.087811234234924707e-01,9.881250739741320732e-01,1.085150006696724012e-01,-2.499436703601830061e+02,-1.334867685663653769e-01,-9.365387876051464722e-02,9.866155449874183248e-01,3.646088423060600547e+00,0.000000000000000000e+00,0.000000000000000000e+00,0.000000000000000000e+00,1.000000000000000056e-01
9.799550813188752096e-01,-1.622433634472577046e-01,1.156076537891749800e-01,2.065589732731004062e+02,1.498549622894571054e-01,9.826969173678578029e-01,1.088588943216631244e-01,-2.498374122559054342e+02,-1.312689181586489950e-01,-8.935244603831879462e-02,9.873118106821305862e-01,3.574646101271283349e+00,0.000000000000000000e+00,0.000000000000000000e+00,0.000000000000000000e+00,1.000000000000000056e-01
9.711714537861703134e-01,-2.097845017131461653e-01,1.132098502420323671e-01,2.070395705524686889e+02,1.975824121230578823e-01,9.740863446793933678e-01,1.100771707883709677e-01,-2.497027372545043704e+02,-1.333686536277941259e-01,-8.453553069629989036e-02,9.874545793500602020e-01,3.496433552035346004e+00,0.000000000000000000e+00,0.000000000000000000e+00,0.000000000000000000e+00,1.000000000000000056e-01
9.599297104969389816e-01,-2.563816970805623541e-01,1.131520053174213114e-01,2.075161153991790854e+02,2.446110939656571670e-01,9.635748230485714494e-01,1.081155543658666451e-01,-2.495840649050155378e+02,-1.367492728104519328e-01,-7.610509699754014479e-02,9.876779083268024673e-01,3.439577040007128161e+00,0.000000000000000000e+00,0.000000000000000000e+00,0.000000000000000000e+00,1.000000000000000056e-01
9.453122307185819473e-01,-3.048196776451129741e-01,1.160592545822520250e-01,2.080322499884935610e+02,2.928158507400414612e-01,9.498548101581674175e-01,1.097028585533555978e-01,-2.494148549441725322e+02,-1.436790312093046973e-01,-6.971946456852046170e-02,9.871654026813513338e-01,3.363834129006275653e+00,0.000000000000000000e+00,0.000000000000000000e+00,0.000000000000000000e+00,1.000000000000000056e-01
9.255936772609836272e-01,-3.593818737300523702e-01,1.188318705094171535e-01,2.085018726325502882e+02,3.473487945555374656e-01,9.311861213131529258e-01,1.106400578207597518e-01,-2.492293864998676725e+02,-1.504166198772769747e-01,-6.113163099445909077e-02,9.867308468658776421e-01,3.290716164818894285e+00,0.000000000000000000e+00,0.000000000000000000e+00,0.000000000000000000e+00,1.000000000000000056e-01
9.042488784892669385e-01,-4.099457661753055371e-01,1.194924037160720598e-01,2.089650584559236961e+02,3.981578141898444168e-01,9.105839228083848491e-01,1.109381562964645712e-01,-2.490046916943696260e+02,-1.542864892026140633e-01,-5.273886913686341715e-02,9.866176011665798162e-01,3.219299785796303048e+00,0.000000000000000000e+00,0.000000000000000000e+00,0.000000000000000000e+00,1.000000000000000056e-01
8.769593295051422155e-01,-4.650059625144801756e-01,1.212921647093218591e-01,2.094725406532349723e+02,4.533166906559167875e-01,8.842337897367538169e-01,1.124036612417316228e-01,-2.487275798641898632e+02,-1.595190031521612206e-01,-4.358967668794993394e-02,9.862320354356680641e-01,3.144890309139440898e+00,0.000000000000000000e+00,0.000000000000000000e+00,0.000000000000000000e+00,1.000000000000000056e-01
8.470685842244796149e-01,-5.174690929189005306e-01,1.212458308298716703e-01,2.099179231331525841e+02,5.054944488183250595e-01,8.548678268114724421e-01,1.169459742637091459e-01,-2.484392697638474772e+02,-1.641650871342424933e-01,-3.777216642344666947e-02,9.857094336618098529e-01,3.049225877229981396e+00,0.000000000000000000e+00,0.000000000000000000e+00,0.000000000000000000e+00,1.000000000000000056e-01
8.127088066715660863e-01,-5.700409227296669989e-01,1.206554680567307747e-01,2.103630583672986347e+02,5.580557414599343069e-01,8.210563342937416964e-01,1.201677383482207540e-01,-2.480903429181464332e+02,-1.675654647655119844e-01,-3.032890254580916656e-02,9.853943234504066728e-01,2.959390025687981041e+00,0.000000000000000000e+00,0.000000000000000000e+00,0.000000000000000000e+00,1.000000000000000056e-01
7.763235249923038372e-01,-6.185310054711484762e-01,1.214132604552485006e-01,2.108053124218113510e+02,6.067387033679026986e-01,7.854777552499061510e-01,1.220362316814341819e-01,-2.477443881310009886e+02,-1.708506083657882757e-01,-2.107347333542151230e-02,9.850715600110589998e-01,2.852994596647485448e+00,0.000000000000000000e+00,0.000000000000000000e+00,0.000000000000000000e+00,1.000000000000000056e-01
7.316394145716151876e-01,-6.706802884050182545e-01,1.220316261887297582e-01,2.112163406762733757e+02,6.590400297947591746e-01,7.416656826780246847e-01,1.248929712428314687e-01,-2.473758137432215847e+02,-1.742699233184756280e-01,-1.095289380489144343e-02,9.846370031356080910e-01,2.766146654259890703e+00,0.000000000000000000e+00,0.000000000000000000e+00,0.000000000000000000e+00,1.000000000000000056e-01
6.882663252701609613e-01,-7.146551357988711883e-01,1.247297172906516038e-01,2.115690680015493967e+02,7.030051180491404539e-01,6.994765526324857596e-01,1.285159768825935300e-01,-2.469728287234894424e+02,-1.790901155726440097e-01,-7.675895193371556902e-04,9.838323745997114012e-01,2.684346119739807968e+00,0.000000000000000000e+00,0.000000000000000000e+00,0.000000000000000000e+00,1.000000000000000056e-01
6.376784839191049770e-01,-7.602298784077691218e-01,1.241639364821381514e-01,2.119080768483936481e+02,7.485627252835024281e-01,6.496026837673766208e-01,1.329293028581638447e-01,-2.465471998609392301e+02,-1.817140541146104460e-01,8.178338359979546446e-03,9.833174041574277435e-01,2.588217705042975325e+00,0.000000000000000000e+00,0.000000000000000000e+00,0.000000000000000000e+00,1.000000000000000056e-01
5.889847069512978983e-01,-7.990721777101139622e-01,1.207504442522253085e-01,2.122180646585466945e+02,7.872391393144548832e-01,6.010733092793514309e-01,1.377149752329261401e-01,-2.460800344971013658e+02,-1.826240742863056155e-01,1.394746147458965357e-02,9.830838803527829350e-01,2.496780696390082266e+00,0.000000000000000000e+00,0.000000000000000000e+00,0.000000000000000000e+00,1.000000000000000056e-01
5.402153920606025395e-01,-8.332238891107159873e-01,1.179206546624591428e-01,2.124980033787095408e+02,8.213596592380432160e-01,5.525603886312620006e-01,1.415815210118695766e-01,-2.456016855065383595e+02,-1.831273883316617557e-01,2.037075184872082917e-02,9.828781166105706735e-01,2.383857695646571795e+00,0.000000000000000000e+00,0.000000000000000000e+00,0.000000000000000000e+00,1.000000000000000056e-01
4.891240740042720470e-01,-8.639860178085092546e-01,1.195232247760145139e-01,2.127712587853001480e+02,8.526135155758358675e-01,5.025095672917221368e-01,1.432980384991370537e-01,-2.450627076263635615e+02,-1.838690656061461870e-01,3.181659648171963201e-02,9.824356828319308343e-01,2.276825721623777277e+00,0.000000000000000000e+00,0.000000000000000000e+00,0.000000000000000000e+00,1.000000000000000056e-01
4.343903703611523559e-01,-8.928007529822941102e-01,1.192133449398579959e-01,2.130251553434895584e+02,8.818850594273639487e-01,4.484911519546899150e-01,1.453768502105822480e-01,-2.445015852093499973e+02,-1.832586917346507305e-01,4.198216398190886961e-02,9.821678827018832658e-01,2.180229977107672745e+00,0.000000000000000000e+00,0.000000000000000000e+00,0.000000000000000000e+00,1.000000000000000056e-01
3.851781249934665974e-01,-9.152581891197913988e-01,1.180688751351412075e-01,2.132787015047197769e+02,9.052033082956695287e-01,3.996058840053586803e-01,1.446447652660509953e-01,-2.439083536121367217e+02,-1.795683231449595740e-01,5.116233690378049065e-02,9.824141858734795063e-01,2.072116807021495699e+00,0.000000000000000000e+00,0.000000000000000000e+00,0.000000000000000000e+00,1.000000000000000056e-01
3.373784022201183896e-01,-9.341771376506162738e-01,1.161416773010510578e-01,2.134554553542333508e+02,9.251076141843723732e-01,3.518502405808209277e-01,1.427491169195697074e-01,-2.433463320224981601e+02,-1.742174385459116515e-01,5.928308101068931191e-02,9.829210550254692258e-01,1.966958417631125222e+00,0.000000000000000000e+00,0.000000000000000000e+00,0.000000000000000000e+00,1.000000000000000056e-01
2.943333487399046877e-01,-9.490303718705719316e-01,1.127352344511591692e-01,2.136321887638705448e+02,9.412769318286398068e-01,3.082847483556180324e-01,1.376889666551958658e-01,-2.427336001651520121e+02,-1.654255646108425126e-01,6.558862095300856121e-02,9.840388789954727100e-01,1.863806021843807947e+00,0.000000000000000000e+00,0.000000000000000000e+00,0.000000000000000000e+00,1.000000000000000056e-01
2.535181760157129149e-01,-9.618533676588431058e-01,1.027941318996791753e-01,2.137650637094412218e+02,9.549710900842677264e-01,2.657947061433663105e-01,1.318460893975514914e-01,-2.420899679416212962e+02,-1.541387411812214503e-01,6.474004409563069440e-02,9.859259481104877265e-01,1.740039657175565635e+00,0.000000000000000000e+00,0.000000000000000000e+00,0.000000000000000000e+00,1.000000000000000056e-01
2.180470295063747788e-01,-9.713034284514711070e-01,9.500075158578488721e-02,2.138832973781775593e+02,9.644974988648152836e-01,2.293289031377474529e-01,1.309688087643516574e-01,-2.414457468207367015e+02,-1.489968711314495209e-01,6.307062758571180261e-02,9.868242134894049666e-01,1.642295566154968522e+00,0.000000000000000000e+00,0.000000000000000000e+00,0.000000000000000000e+00,1.000000000000000056e-01
1.948173557300572067e-01,-9.765700135712807040e-01,9.141775812027286285e-02,2.139778961432390361e+02,9.685200305588521630e-01,2.062587879925734669e-01,1.393781287796416191e-01,-2.408100684096770863e+02,-1.549682171047600532e-01,6.138665139281530847e-02,9.860104110597154303e-01,1.544469585876689921e+00,0.000000000000000000e+00,0.000000000000000000e+00,0.000000000000000000e+00,1.000000000000000056e-01
1.778075548302235909e-01,-9.799411741571320000e-01,8.999871463992413501e-02,2.140812316946683893e+02,9.708301620296491130e-01,1.896300646947629565e-01,1.467284398381764610e-01,-2.401294309945364205e+02,-1.608517016968810665e-01,6.128404160465798778e-02,9.850741070121659115e-01,1.443628911749838428e+00,0.000000000000000000e+00,0.000000000000000000e+00,0.000000000000000000e+00,1.000000000000000056e-01
1.716553679659218457e-01,-9.813680683356236223e-01,8.632003880728450484e-02,2.141886103803308572e+02,9.717640070715627409e-01,1.830693434459231828e-01,1.488634610994203911e-01,-2.393966033726899809e+02,-1.618924000955695996e-01,5.832949461023786281e-02,9.850830020103942264e-01,1.330153837136748951e+00,0.000000000000000000e+00,0.000000000000000000e+00,0.000000000000000000e+00,1.000000000000000056e-01
1.654372903126286598e-01,-9.829214418879141935e-01,8.059740722255646916e-02,2.142887479329871496e+02,9.729524072580875149e-01,1.760258092767176263e-01,1.495945442827686100e-01,-2.386925824333166588e+02,-1.612269089969400326e-01,5.366892532425291545e-02,9.854570159422643139e-01,1.226864362918552054e+00,0.000000000000000000e+00,0.000000000000000000e+00,0.000000000000000000e+00,1.000000000000000056e-01
1.612293227763594849e-01,-9.840138665354598579e-01,7.564268598490471451e-02,2.144038776830461472e+02,9.740714536544365920e-01,1.709886068510487744e-01,1.481475598944183847e-01,-2.380025195958155280e+02,-1.587132907245304425e-01,4.979565034289496622e-02,9.860681946773858231e-01,1.115429960304433532e+00,0.000000000000000000e+00,0.000000000000000000e+00,0.000000000000000000e+00,1.000000000000000056e-01
1.595292136397687965e-01,-9.844221133359577491e-01,7.391571396289234319e-02,2.145179310100383532e+02,9.745186048501034426e-01,1.689985735084293950e-01,1.474888841680088436e-01,-2.372725349490656299e+02,-1.576829692658194282e-01,4.850345273568770765e-02,9.862978740097899655e-01,1.011069130160929808e+00,0.000000000000000000e+00,0.000000000000000000e+00,0.000000000000000000e+00,1.000000000000000056e-01
1.567369288826822027e-01,-9.848396834801570465e-01,7.432585665250789064e-02,2.146281120867051868e+02,9.751043630367500770e-01,1.662610276147431509e-01,1.467267933377664479e-01,-2.365386712417782746e+02,-1.568598620142163669e-01,4.947796013573898394e-02,9.863807151144466934e-01,8.980472253490959789e-01,0.000000000000000000e+00,0.000000000000000000e+00,0.000000000000000000e+00,1.000000000000000056e-01
1.548551275573546437e-01,-9.852902061403998601e-01,7.227101184433390446e-02,2.147299103718087281e+02,9.753142329816557599e-01,1.641235836597820796e-01,1.477348849462273850e-01,-2.358418297530786560e+02,-1.574231127014072695e-01,4.760944203074551212e-02,9.863829401489672133e-01,7.876667825908156839e-01,0.000000000000000000e+00,0.000000000000000000e+00,0.000000000000000000e+00,1.000000000000000056e-01
1.564423175915794495e-01,-9.853001123749146606e-01,6.862572273248612742e-02,2.148322988281383061e+02,9.754004188213228899e-01,1.650481684667117754e-01,1.461270852681726129e-01,-2.351262801923170116e+02,-1.553055833824504295e-01,4.407709881292767168e-02,9.868826602643661072e-01,6.859849135747689841e-01,0.000000000000000000e+00,0.000000000000000000e+00,0.000000000000000000e+00,1.000000000000000056e-01
1.534346440030051051e-01,-9.859331488068678873e-01,6.628450877426597665e-02,2.149368086289640019e+02,9.762167930421825623e-01,1.616359960686944985e-01,1.444803715295530089e-01,-2.343666194100259190e+02,-1.531619502425709267e-01,4.253975621293144826e-02,9.872850581970926687e-01,5.797171231080777698e-01,0.000000000000000000e+00,0.000000000000000000e+00,0.000000000000000000e+00,1.000000000000000056e-01
1.543690714434924338e-01,-9.860483939267492559e-01,6.227964849091851413e-02,2.150507050225688488e+02,9.767788174991456351e-01,1.617891050761968152e-01,1.404543597173615876e-01,-2.336007821140556473e+02,-1.485709644131200935e-01,3.915163231746246475e-02,9.881264181369879829e-01,4.700002200890205373e-01,0.000000000000000000e+00,0.000000000000000000e+00,0.000000000000000000e+00,1.000000000000000056e-01
1.555623207095998550e-01,-9.860198297247239063e-01,5.970979622365266137e-02,2.151603420119068062e+02,9.769707264822956594e-01,1.625079620149734172e-01,1.382727806851211105e-01,-2.327982163389756636e+02,-1.460430209633423460e-01,3.682468834038478411e-02,9.885926250769496715e-01,3.653875191896971408e-01,0.000000000000000000e+00,0.000000000000000000e+00,0.000000000000000000e+00,1.000000000000000056e-01
1.571994171493594772e-01,-9.858427354443033419e-01,5.833047419312857584e-02,2.152910436834496863e+02,9.766069204868776943e-01,1.639586238985513145e-01,1.391276123076607418e-01,-2.320170991844541675e+02,-1.467217301732741119e-01,3.509516520814426332e-02,9.885550380600839349e-01,2.513579086702649179e-01,0.000000000000000000e+00,0.000000000000000000e+00,0.000000000000000000e+00,1.000000000000000056e-01
1.589999643907820115e-01,-9.856872244831904606e-01,5.603308678231722767e-02,2.154196426384610277e+02,9.760177213017542375e-01,1.654806474164981500e-01,1.414410231706066112e-01,-2.311888419833879880e+02,-1.486890010345805480e-01,3.220016803125844151e-02,9.883596158029208656e-01,1.438384003907426378e-01,0.000000000000000000e+00,0.000000000000000000e+00,0.000000000000000000e+00,1.000000000000000056e-01
1.646846726490819313e-01,-9.845083950636100978e-01,6.018453824479396558e-02,2.156217555082251920e+02,9.751564279868786267e-01,1.716779910428767320e-01,1.399878864307665394e-01,-2.302907741911112396e+02,-1.481516100160102933e-01,3.563548008314536275e-02,9.883224236092732484e-01,2.555702645261776276e-02,0.000000000000000000e+00,0.000000000000000000e+00,0.000000000000000000e+00,1.000000000000000056e-01
1.636399178040685021e-01,-9.844658770019276695e-01,6.363107982662971618e-02,2.157907546624504107e+02,9.754989905199635825e-01,1.710892340945727730e-01,1.383119426205285663e-01,-2.294077030911903989e+02,-1.470499806039076707e-01,3.943869921482820451e-02,9.883424974211281189e-01,-8.610898560083388165e-02,0.000000000000000000e+00,0.000000000000000000e+00,0.000000000000000000e+00,1.000000000000000056e-01
1.676261081545953324e-01,-9.836987957392959725e-01,6.510120679375167030e-02,2.159628293066811011e+02,9.749571268756060949e-01,1.752016989100103617e-01,1.369779743371512815e-01,-2.284709498820938336e+02,-1.461509104296211115e-01,4.050980079073412260e-02,9.884325305353359736e-01,-2.224894990063611133e-01,0.000000000000000000e+00,0.000000000000000000e+00,0.000000000000000000e+00,1.000000000000000056e-01
1.695168303865310921e-01,-9.831272478716941432e-01,6.873760766809089429e-02,2.161360092259412227e+02,9.748771988199853578e-01,1.775026070219782870e-01,1.345632628963041866e-01,-2.274811596763001091e+02,-1.444939148774188886e-01,4.419998860440459837e-02,9.885180168164704462e-01,-3.524655891531388030e-01,0.000000000000000000e+00,0.000000000000000000e+00,0.000000000000000000e+00,1.000000000000000056e-01
1.672299244101664861e-01,-9.837839431202896057e-01,6.483290553773618514e-02,2.162984960801683485e+02,9.754268421570811975e-01,1.746598889722443815e-01,1.342996604004203787e-01,-2.265359391140478920e+02,-1.434455575514103909e-01,4.078083425946898988e-02,9.888176250329818728e-01,-4.956354213855641011e-01,0.000000000000000000e+00,0.000000000000000000e+00,0.000000000000000000e+00,1.000000000000000056e-01
1.652519294129827232e-01,-9.839107972901036669e-01,6.790686858660940906e-02,2.164753273086905949e+02,9.752479788620224133e-01,1.732768718524553275e-01,1.373553981704693228e-01,-2.256453212766847400e+02,-1.469121490919895745e-01,4.352779177698126722e-02,9.881913538339590630e-01,-6.146865109142174433e-01,0.000000000000000000e+00,0.000000000000000000e+00,0.000000000000000000e+00,1.000000000000000056e-01
1.646022778868370118e-01,-9.835641530556414880e-01,7.421352261146998974e-02,2.166271115011377901e+02,9.743669582002599805e-01,1.738372992823987717e-01,1.427922411959931248e-01,-2.247363436676095887e+02,-1.533464081158650294e-01,4.880727611883709655e-02,9.869664274512188751e-01,-7.250837871153477110e-01,0.000000000000000000e+00,0.000000000000000000e+00,0.000000000000000000e+00,1.000000000000000056e-01
1.687652803122697831e-01,-9.827849471997071040e-01,7.517996886664787826e-02,2.167763945746877141e+02,9.732726744439602617e-01,1.782121781993550869e-01,1.448472323592769895e-01,-2.238392049651196203e+02,-1.557516656149207368e-01,4.872542559188618172e-02,9.865937621731993845e-01,-8.540836328908540942e-01,0.000000000000000000e+00,0.000000000000000000e+00,0.000000000000000000e+00,1.000000000000000056e-01
1.712145131360909289e-01,-9.821958056616491017e-01,7.731099425201792830e-02,2.169376747077153595e+02,9.733320421051918636e-01,1.807847522665965156e-01,1.412147625400491102e-01,-2.229307612760149482e+02,-1.526771964076773236e-01,5.107125109657614792e-02,9.869556226135610677e-01,-9.666614580812342705e-01,0.000000000000000000e+00,0.000000000000000000e+00,0.000000000000000000e+00,1.000000000000000056e-01
1.726413490790877914e-01,-9.817492079126619586e-01,7.977128149286255576e-02,2.171009700123371715e+02,9.740479065057283670e-01,1.821988383093038344e-01,1.342916942723869633e-01,-2.220091602228200145e+02,-1.463749992996092875e-01,5.451675046810058878e-02,9.877258139273460413e-01,-1.079134832648823927e+00,0.000000000000000000e+00,0.000000000000000000e+00,0.000000000000000000e+00,1.000000000000000056e-01
1.768951528561676367e-01,-9.810712320783696594e-01,7.878668976561370441e-02,2.172515327878384142e+02,9.737735030986316431e-01,1.860915603446083866e-01,1.309010917889095460e-01,-2.210895005276448160e+02,-1.430848334346188910e-01,5.356462224956835133e-02,9.882598654626466583e-01,-1.204054512234782770e+00,0.000000000000000000e+00,0.000000000000000000e+00,0.000000000000000000e+00,1.000000000000000056e-01
1.802731352616963045e-01,-9.803647435652734776e-01,7.991599512684449680e-02,2.174139572677269427e+02,9.729735269470310977e-01,1.896526815693179158e-01,1.317360096322254814e-01,-2.201642697201945396e+02,-1.443056220774956988e-01,5.400768415478134077e-02,9.880582257585148742e-01,-1.310720071574740242e+00,0.000000000000000000e+00,0.000000000000000000e+00,0.000000000000000000e+00,1.000000000000000056e-01
1.856068085283893998e-01,-9.794725495282872174e-01,7.863610715481089697e-02,2.175739436559438218e+02,9.719091493103535484e-01,1.947799991516516727e-01,1.321111555369482993e-01,-2.192332374795336420e+02,-1.447159912198061060e-01,5.190642205969938500e-02,9.881108263925809654e-01,-1.450259637450363792e+00,0.000000000000000000e+00,0.000000000000000000e+00,0.000000000000000000e+00,1.000000000000000056e-01
1.905885336425210408e-01,-9.785207400691503521e-01,7.856953670804120438e-02,2.177141781419072970e+02,9.703298149116720284e-01,1.999128560921230591e-01,1.359959567875851927e-01,-2.182540145022346678e+02,-1.487819247673394518e-01,5.031909402615190874e-02,9.875889466974167030e-01,-1.570855029298070082e+00,0.000000000000000000e+00,0.000000000000000000e+00,0.000000000000000000e+00,1.000000000000000056e-01
1.983329934827895435e-01,-9.769821408460676038e-01,7.854883935482610824e-02,2.178973689055395084e+02,9.686275112602636961e-01,2.076182944832825061e-01,1.365847291083483461e-01,-2.173089951513383369e+02,-1.497490171116447333e-01,4.899530858855282583e-02,9.875093374801114932e-01,-1.693842142315403976e+00,0.000000000000000000e+00,0.000000000000000000e+00,0.000000000000000000e+00,1.000000000000000056e-01
2.064785871373276960e-01,-9.753644753840945425e-01,7.765779556801094552e-02,2.180813480459205778e+02,9.671679357212715766e-01,2.154722265079880295e-01,1.347512661029375558e-01,-2.163734432944063428e+02,-1.481646960865757034e-01,4.728487879227702417e-02,9.878316471297993173e-01,-1.808384408959010647e+00,0.000000000000000000e+00,0.000000000000000000e+00,0.000000000000000000e+00,1.000000000000000056e-01
2.196522068703347097e-01,-9.724382197947840645e-01,7.821008054811631749e-02,2.182778421971619025e+02,9.646596910121159052e-01,2.284552981246209535e-01,1.313006370708059700e-01,-2.154840963567520191e+02,-1.455492650390261267e-01,4.660563743949520249e-02,9.882526630399017797e-01,-1.929247514239053274e+00,0.000000000000000000e+00,0.000000000000000000e+00,0.000000000000000000e+00,1.000000000000000056e-01
2.282943169025970498e-01,-9.703036910704135876e-01,7.995281086433420059e-02,2.184863236892402369e+02,9.630256106833258167e-01,2.371200042761166804e-01,1.278897053718632826e-01,-2.145580355859264330e+02,-1.430502640262651115e-01,4.780011158172994129e-02,9.885604540415270369e-01,-2.056017378848794319e+00,0.000000000000000000e+00,0.000000000000000000e+00,0.000000000000000000e+00,1.000000000000000056e-01
2.451210144147561998e-01,-9.661404680199832118e-01,8.054988731468464003e-02,2.187136845915688355e+02,9.587526376856183585e-01,2.539001402914906613e-01,1.277814481481189812e-01,-2.135952418346166723e+02,-1.439064558077570721e-01,4.590549873477976078e-02,9.885259820372761519e-01,-2.191950766660635264e+00,0.000000000000000000e+00,0.000000000000000000e+00,0.000000000000000000e+00,1.000000000000000056e-01
2.496592768669091411e-01,-9.646248207075692749e-01,8.467113291542484321e-02,2.189568108917996199e+02,9.574453224208864244e-01,2.589823700125394312e-01,1.273836198145299192e-01,-2.126386739361696812e+02,-1.448057320987555519e-01,4.926547774636589466e-02,9.882328736961576432e-01,-2.334179226767678639e+00,0.000000000000000000e+00,0.000000000000000000e+00,0.000000000000000000e+00,1.000000000000000056e-01
2.542394494615556333e-01,-9.631405198158211611e-01,8.787856067548625860e-02,2.192044653159382221e+02,9.558385995934561841e-01,2.640798175115156576e-01,1.289744994574711923e-01,-2.116523733419680013e+02,-1.474275207168112001e-01,5.120731463369815328e-02,9.877463930905036049e-01,-2.462346572251054688e+00,0.000000000000000000e+00,0.000000000000000000e+00,0.000000000000000000e+00,1.000000000000000056e-01
2.578889694131119015e-01,-9.617623204335157272e-01,9.223078905323471577e-02,2.194703184976614239e+02,9.548211957976118214e-01,2.682858649763933956e-01,1.278247969272278406e-01,-2.107289909376594892e+02,-1.476812903202759375e-01,5.509930714816374531e-02,9.874990140962828233e-01,-2.600355907029071378e+00,0.000000000000000000e+00,0.000000000000000000e+00,0.000000000000000000e+00,1.000000000000000056e-01
2.627852932224044036e-01,-9.602143297571592573e-01,9.451100779816468123e-02,2.197692739756347464e+02,9.532904780023871982e-01,2.735071667025219533e-01,1.281838301516194933e-01,-2.098220785418354524e+02,-1.489333885198188268e-01,5.641161840763550539e-02,9.872368383992952134e-01,-2.728293849337988242e+00,0.000000000000000000e+00,0.000000000000000000e+00,0.000000000000000000e+00,1.000000000000000056e-01
2.696890998421165309e-01,-9.577551672697821594e-01,9.986405256337550773e-02,2.200445791686298378e+02,9.513945802521948103e-01,2.810329654999914606e-01,1.259715244371944765e-01,-2.089187710258686081e+02,-1.487149692973070703e-01,6.103697133960961363e-02,9.869946028406582084e-01,-2.856959881805845036e+00,0.000000000000000000e+00,0.000000000000000000e+00,0.000000000000000000e+00,1.000000000000000056e-01
2.724528002004324989e-01,-9.567007369416398177e-01,1.024361830520194444e-01,2.203002991651879086e+02,9.506526119044940160e-01,2.840846462181338961e-01,1.247217914491341728e-01,-2.079907860267576041e+02,-1.484219766143370922e-01,6.340042364559816956e-02,9.868897117406036923e-01,-2.996593096008167922e+00,0.000000000000000000e+00,0.000000000000000000e+00,0.000000000000000000e+00,1.000000000000000056e-01
2.691094446194388645e-01,-9.575406604498766239e-01,1.034214213875989247e-01,2.205778759828307614e+02,9.516065307608243540e-01,2.809047733493778010e-01,1.246495845275190639e-01,-2.069985992815794020e+02,-1.484086164276373077e-01,6.487211954876184739e-02,9.867960735001358730e-01,-3.149224399472415836e+00,0.000000000000000000e+00,0.000000000000000000e+00,0.000000000000000000e+00,1.000000000000000056e-01
2.626850716588344792e-01,-9.592119211896373843e-01,1.044463660223635543e-01,2.208360910111986470e+02,9.533553678538885245e-01,2.747036900563361028e-01,1.251056563613698602e-01,-2.060603364791051888e+02,-1.486946391493981778e-01,6.671111539404032953e-02,9.866303924829770144e-01,-3.287019618746203076e+00,0.000000000000000000e+00,0.000000000000000000e+00,0.000000000000000000e+00,1.000000000000000056e-01
2.562087331786507827e-01,-9.603614031351095370e-01,1.098319644336509110e-01,2.211019724318629187e+02,9.549918890067181643e-01,2.690593345065060982e-01,1.248902175764635136e-01,-2.051236207708166432e+02,-1.494910598476419661e-01,7.289067075613914204e-02,9.860727017529431482e-01,-3.420151771143126851e+00,0.000000000000000000e+00,0.000000000000000000e+00,0.000000000000000000e+00,1.000000000000000056e-01
2.487816530420625671e-01,-9.622373569515612068e-01,1.104851030525516031e-01,2.213777617125385007e+02,9.572125798712745048e-01,2.616720209417687792e-01,1.235792474181233308e-01,-2.041569448559156399e+02,-1.478234286093987881e-01,7.501348107590173619e-02,9.861649008208704936e-01,-3.550839350126721250e+00,0.000000000000000000e+00,0.000000000000000000e+00,0.000000000000000000e+00,1.000000000000000056e-01
2.448046761852364916e-01,-9.637270023092003868e-01,1.063058584367022885e-01,2.215940823261546200e+02,9.584897755676475839e-01,2.570776561991129361e-01,1.233224586823157831e-01,-2.031952003763255448e+02,-1.461780443504505367e-01,7.170316383042935060e-02,9.866562905321104582e-01,-3.683560785028772155e+00,0.000000000000000000e+00,0.000000000000000000e+00,0.000000000000000000e+00,1.000000000000000056e-01
2.356175532231772340e-01,-9.662370079049803495e-01,1.042612735772693033e-01,2.217828603953707614e+02,9.610911342502660437e-01,2.475814641693917517e-01,1.225040826473854511e-01,-2.022174861749659556e+02,-1.441811370417800109e-01,7.134047346752821206e-02,9.869763606929845556e-01,-3.828544436514203397e+00,0.000000000000000000e+00,0.000000000000000000e+00,0.000000000000000000e+00,1.000000000000000056e-01
2.256285195617743211e-01,-9.686446562281776362e-01,1.040158695630523655e-01,2.219972724133673694e+02,9.639459082135184431e-01,2.374347464358528281e-01,1.201375346149465423e-01,-2.012219913879007436e+02,-1.410675625322037607e-01,7.315921777560353834e-02,9.872931032148886121e-01,-3.941633672088549201e+00,0.000000000000000000e+00,0.000000000000000000e+00,0.000000000000000000e+00,1.000000000000000056e-01
2.121010825235265518e-01,-9.716635551886766420e-01,1.043219359025212289e-01,2.221967623121257418e+02,9.677728102106820662e-01,2.236735668634440843e-01,1.156975509831720539e-01,-2.002356426818607531e+02,-1.357531532203486435e-01,7.642035726614990199e-02,9.877909750478826023e-01,-4.081114638142930851e+00,0.000000000000000000e+00,0.000000000000000000e+00,0.000000000000000000e+00,1.000000000000000056e-01
2.068721703697959935e-01,-9.725626822517818848e-01,1.064224328687795040e-01,2.224018905821450574e+02,9.690916308523078726e-01,2.186383238065081613e-01,1.142746444977837256e-01,-1.992264248351705476e+02,-1.344072771039739600e-01,7.949284530258236836e-02,9.877325404213406213e-01,-4.201382963891690636e+00,0.000000000000000000e+00,0.000000000000000000e+00,0.000000000000000000e+00,1.000000000000000056e-01
1.961041690108515922e-01,-9.744804071511148358e-01,1.092295334383565353e-01,2.225890183475504216e+02,9.707228548004027679e-01,2.086811998761687326e-01,1.189508133070085738e-01,-1.982539835386518519e+02,-1.387093870822002917e-01,8.270485413106162809e-02,9.868736560666923063e-01,-4.327639170877897179e+00,0.000000000000000000e+00,0.000000000000000000e+00,0.000000000000000000e+00,1.000000000000000056e-01
1.850002982757630310e-01,-9.755505531009093234e-01,1.186423532402684083e-01,2.228132863320829813e+02,9.722662683059942745e-01,1.992676868870433271e-01,1.224364834394705143e-01,-1.972993125123160780e+02,-1.430845664361296010e-01,9.270117209181975848e-02,9.853594773180941457e-01,-4.456052100328316001e+00,0.000000000000000000e+00,0.000000000000000000e+00,0.000000000000000000e+00,1.000000000000000056e-01
1.775025219786008357e-01,-9.764844908371947962e-01,1.223556040631604142e-01,2.230051785673057907e+02,9.731190169538499468e-01,1.926947798857584493e-01,1.261273191959288997e-01,-1.963187631447289903e+02,-1.467386572584366833e-01,9.667864789705979400e-02,9.844394371960051293e-01,-4.586786940032989257e+00,0.000000000000000000e+00,0.000000000000000000e+00,0.000000000000000000e+00,1.000000000000000056e-01
1.693980572222334446e-01,-9.774636682966295620e-01,1.259725183102634039e-01,2.231626442443208020e+02,9.748917618390626760e-01,1.849373514782648442e-01,1.240331759108559834e-01,-1.954025217260194722e+02,-1.445349470116538138e-01,1.017985912883937055e-01,9.842493057676174883e-01,-4.708844505633350330e+00,0.000000000000000000e+00,0.000000000000000000e+00,0.000000000000000000e+00,1.000000000000000056e-01
1.581595542631556439e-01,-9.790689670568440972e-01,1.280996219413798320e-01,2.233010314944185950e+02,9.770805326277239855e-01,1.739011137899256765e-01,1.227682181289063562e-01,-1.944353839732463598e+02,-1.424752194425520091e-01,1.057466801789437444e-01,9.841333504540575872e-01,-4.838750285541710383e+00,0.000000000000000000e+00,0.000000000000000000e+00,0.000000000000000000e+00,1.000000000000000056e-01
1.521714508134670574e-01,-9.794536138614481358e-01,1.323422375928189065e-01,2.234521326358211581e+02,9.780587928129683695e-01,1.685068574490645732e-01,1.225007624216280788e-01,-1.934995615582035384e+02,-1.422843890191896887e-01,1.107973703947444377e-01,9.836051521596690383e-01,-4.953236023888021755e+00,0.000000000000000000e+00,0.000000000000000000e+00,0.000000000000000000e+00,1.000000000000000056e-01
1.470125732020203246e-01,-9.797868182295268458e-01,1.356653756276125777e-01,2.236029678444892568e+02,9.792483683399348937e-01,1.635109765090591027e-01,1.197363506401853267e-01,-1.925573577363711024e+02,-1.394988760675014150e-01,1.152473487101309119e-01,9.834928124756120438e-01,-5.089104467319260472e+00,0.000000000000000000e+00,0.000000000000000000e+00,0.000000000000000000e+00,1.000000000000000056e-01
1.415345878757381382e-01,-9.801348198726942407e-01,1.389377389623367154e-01,2.237453460131615373e+02,9.806274571926341110e-01,1.580154578692570810e-01,1.157622791511890986e-01,-1.916066663131147436e+02,-1.354169510613562333e-01,1.198617951955104760e-01,9.835117688252417167e-01,-5.206284471968380956e+00,0.000000000000000000e+00,0.000000000000000000e+00,0.000000000000000000e+00,1.000000000000000056e-01
1.319330219834686790e-01,-9.811321062382598601e-01,1.413275196795943378e-01,2.238648319721387452e+02,9.815383966291706397e-01,1.492220926891539845e-01,1.196459067252484409e-01,-1.906818086249978137e+02,-1.384776287092860381e-01,1.229331410236722821e-01,9.827061560736795043e-01,-5.331439095594468824e+00,0.000000000000000000e+00,0.000000000000000000e+00,0.000000000000000000e+00,1.000000000000000056e-01
1.220800526179300904e-01,-9.823919504042458728e-01,1.414302532478309560e-01,2.239812533247858823e+02,9.825139847674136950e-01,1.397991188112029937e-01,1.229734772870548498e-01,-1.896802120023378961e+02,-1.405799789773140851e-01,1.239445931073772933e-01,9.822805135755185990e-01,-5.447730783753937267e+00,0.000000000000000000e+00,0.000000000000000000e+00,0.000000000000000000e+00,1.000000000000000056e-01
1.180498073946527615e-01,-9.830389569064463817e-01,1.403518869783083600e-01,2.240895499145333076e+02,9.827012901939673473e-01,1.359626134748436188e-01,1.257471351093245315e-01,-1.886862967949637095e+02,-1.426969418915410293e-01,1.230795553346562959e-01,9.820840115964750705e-01,-5.560149667917507976e+00,0.000000000000000000e+00,0.000000000000000000e+00,0.000000000000000000e+00,1.000000000000000056e-01
1.137889609059387075e-01,-9.827439422451398343e-01,1.458300941384476079e-01,2.241980274208943342e+02,9.830718791426800163e-01,1.325907980700272715e-01,1.264490439111087827e-01,-1.876848387930485558e+02,-1.436027604707758032e-01,1.289729593660430829e-01,9.811953031570921357e-01,-5.682482072397416317e+00,0.000000000000000000e+00,0.000000000000000000e+00,0.000000000000000000e+00,1.000000000000000056e-01
1.096759171181830306e-01,-9.837213509524201926e-01,1.423499100267747453e-01,2.243018344542788611e+02,9.835083992232457328e-01,1.281243241813416756e-01,1.276533830746494902e-01,-1.867192675051699098e+02,-1.438138444712963315e-01,1.260018302780553656e-01,9.815503639166794914e-01,-5.789705122601468190e+00,0.000000000000000000e+00,0.000000000000000000e+00,0.000000000000000000e+00,1.000000000000000056e-01
1.066077446410536034e-01,-9.842841695486075348e-01,1.407816122885240939e-01,2.244010018544435638e+02,9.845648629652674622e-01,1.242661693134469170e-01,1.232475142887111685e-01,-1.857435647325367540e+02,-1.388049689194599812e-01,1.254694892799446126e-01,9.823393445561964255e-01,-5.906423451662536905e+00,0.000000000000000000e+00,0.000000000000000000e+00,0.000000000000000000e+00,1.000000000000000056e-01
1.027173504334021326e-01,-9.847334412877039034e-01,1.405318310192334719e-01,2.245084848828497854e+02,9.855809487439844974e-01,1.198510962151272397e-01,1.194399774319309382e-01,-1.847687671939999916e+02,-1.344594340046451897e-01,1.262369373270320894e-01,9.828453063740201223e-01,-6.011196516427360415e+00,0.000000000000000000e+00,0.000000000000000000e+00,0.000000000000000000e+00,1.000000000000000056e-01
9.560200973191879115e-02,-9.856054317889038074e-01,1.394352486404602520e-01,2.245925599843969280e+02,9.868569935782067759e-01,1.121787065512062087e-01,1.163151409846615442e-01,-1.837770789776027129e+02,-1.302825005939072245e-01,1.264826890317691799e-01,9.833761230649701313e-01,-6.119715600559308299e+00,0.000000000000000000e+00,0.000000000000000000e+00,0.000000000000000000e+00,1.000000000000000056e-01
9.815819110116241752e-02,-9.846481114497224185e-01,1.443366417034942784e-01,2.246937757984517248e+02,9.865278550643349353e-01,1.153503612707186265e-01,1.160046780818659862e-01,-1.828210074774630129e+02,-1.308730709577426710e-01,1.310053081871490055e-01,9.827053721868420633e-01,-6.230789614337012949e+00,0.000000000000000000e+00,0.000000000000000000e+00,0.000000000000000000e+00,1.000000000000000056e-01
9.950474747201698555e-02,-9.850154014770978739e-01,1.408668310264768742e-01,2.247908923312081129e+02,9.864542614536350174e-01,1.162070878367253979e-01,1.157752253138432802e-01,-1.818741799343721652e+02,-1.304101042499917484e-01,1.274385012051673927e-01,9.832357973141980789e-01,-6.335347400219386138e+00,0.000000000000000000e+00,0.000000000000000000e+00,0.000000000000000000e+00,1.000000000000000056e-01
9.935837789214074789e-02,-9.858854872195265129e-01,1.347505800824591038e-01,2.248836423447012294e+02,9.871289914319899550e-01,1.147141521901334782e-01,1.114316721662253484e-01,-1.809029620821062849e+02,-1.253166669565736191e-01,1.219445340194284799e-01,9.845939587493311995e-01,-6.457234414552102564e+00,0.000000000000000000e+00,0.000000000000000000e+00,0.000000000000000000e+00,1.000000000000000056e-01
1.014423309849585841e-01,-9.858550658938293187e-01,1.334138018940011217e-01,2.250100012216604171e+02,9.872143677467487555e-01,1.163293922215229426e-01,1.089736877404740151e-01,-1.799554272238404735e+02,-1.229522085963703909e-01,1.206534771850556048e-01,9.850510102753207153e-01,-6.559227438428005819e+00,0.000000000000000000e+00,0.000000000000000000e+00,0.000000000000000000e+00,1.000000000000000056e-01
1.008003782210384891e-01,-9.859732662148945614e-01,1.330263209294622329e-01,2.250952940216536433e+02,9.871501284499173412e-01,1.157799230466293183e-01,1.101346145434222296e-01,-1.789831687274588035e+02,-1.239915628250858048e-01,1.202153389915333465e-01,9.849742964257206523e-01,-6.653635994215308713e+00,0.000000000000000000e+00,0.000000000000000000e+00,0.000000000000000000e+00,1.000000000000000056e-01
1.037540978460048668e-01,-9.859513399802648514e-01,1.309008875878313050e-01,2.251964365788942359e+02,9.860388739994250251e-01,1.192000111066372492e-01,1.162699286751470162e-01,-1.780078864828120970e+02,-1.302398792310091591e-01,1.170098822463212507e-01,9.845538387079673104e-01,-6.758215235282460043e+00,0.000000000000000000e+00,0.000000000000000000e+00,0.000000000000000000e+00,1.000000000000000056e-01
1.055561351655781577e-01,-9.848620208299737611e-01,1.374943717233793605e-01,2.253044060577567222e+02,9.852595462007788241e-01,1.222974611293051739e-01,1.196116951705051834e-01,-1.770264391143318505e+02,-1.346162284018607713e-01,1.228418940265361414e-01,9.832539550506935733e-01,-6.856439132564607242e+00,0.000000000000000000e+00,0.000000000000000000e+00,0.000000000000000000e+00,1.000000000000000056e-01
1.040195106215606735e-01,-9.845345672022882688e-01,1.409667598898896035e-01,2.254119264419904312e+02,9.854524765025463040e-01,1.211780655255092487e-01,1.191607862952145103e-01,-1.760829383512418644e+02,-1.343999924294991821e-01,1.265209959623229408e-01,9.828169105258885985e-01,-6.960632521338338208e+00,0.000000000000000000e+00,0.000000000000000000e+00,0.000000000000000000e+00,1.000000000000000056e-01
1.006198951634603711e-01,-9.847875024652984477e-01,1.416658451619674242e-01,2.255319862138968290e+02,9.857281012706377021e-01,1.179896274375593634e-01,1.200773008629428262e-01,-1.751604222265028170e+02,-1.349657255108791809e-01,1.275618391420656472e-01,9.826048189033146363e-01,-7.073067081044136728e+00,0.000000000000000000e+00,0.000000000000000000e+00,0.000000000000000000e+00,1.000000000000000056e-01
1.048654990625527139e-01,-9.846359341758813555e-01,1.396255858929556781e-01,2.256206527654391607e+02,9.850728595484828931e-01,1.221160688890963186e-01,1.213224097190969408e-01,-1.742664300454292459e+02,-1.365089318958166709e-01,1.248188401190415409e-01,9.827438978004393588e-01,-7.188938300303147066e+00,0.000000000000000000e+00,0.000000000000000000e+00,0.000000000000000000e+00,1.000000000000000056e-01
1.062876109720356510e-01,-9.848130203855544051e-01,1.372816762461005202e-01,2.257256183796891662e+02,9.850284194156732065e-01,1.231302054038438953e-01,1.206563941971928178e-01,-1.733812786208302725e+02,-1.357275089925339129e-01,1.224020726797106773e-01,9.831560282612279433e-01,-7.285786589106109545e+00,0.000000000000000000e+00,0.000000000000000000e+00,0.000000000000000000e+00,1.000000000000000056e-01
1.048974077139902539e-01,-9.852228573621285568e-01,1.353973972648215007e-01,2.258210509824895951e+02,9.857475609760523172e-01,1.210138054075458047e-01,1.168649003360243965e-01,-1.724433595814729188e+02,-1.315229253196916470e-01,1.212088290183006012e-01,9.838750631474318942e-01,-7.390211298160306974e+00,0.000000000000000000e+00,0.000000000000000000e+00,0.000000000000000000e+00,1.000000000000000056e-01
1.023793772435154237e-01,-9.859457370848657698e-01,1.320207053435601963e-01,2.258968043865112350e+02,9.860565033536242696e-01,1.180907258189325404e-01,1.172482523092866907e-01,-1.715346509929446768e+02,-1.311908354621403872e-01,1.181760720270347148e-01,9.842882609738911048e-01,-7.507412091973647783e+00,0.000000000000000000e+00,0.000000000000000000e+00,0.000000000000000000e+00,1.000000000000000056e-01
9.890060218790752700e-02,-9.862003144477815564e-01,1.327690124613650213e-01,2.259738123578796944e+02,9.859266840628093664e-01,1.151852108792871254e-01,1.211649324169634667e-01,-1.706456587369299882e+02,-1.347859211482506092e-01,1.189172274222326242e-01,9.837130925643038371e-01,-7.603264447203880394e+00,0.000000000000000000e+00,0.000000000000000000e+00,0.000000000000000000e+00,1.000000000000000056e-01
9.932871835332313104e-02,-9.855994143505847349e-01,1.368488222165997470e-01,2.260679329715702295e+02,9.855532481122227795e-01,1.164055388186909790e-01,1.230225412994618711e-01,-1.697349261206790345e+02,-1.371809055434967950e-01,1.226521298800576781e-01,9.829231171308118187e-01,-7.700033596614933806e+00,0.000000000000000000e+00,0.000000000000000000e+00,0.000000000000000000e+00,1.000000000000000056e-01
9.289719762812220782e-02,-9.857972245238132425e-01,1.399069075992604438e-01,2.261589467801555600e+02,9.859875718633827058e-01,1.106347100355755675e-01,1.248537907566082406e-01,-1.688614517227100578e+02,-1.385590805533595815e-01,1.263479048361725865e-01,9.822614662806014030e-01,-7.806113325927002577e+00,0.000000000000000000e+00,0.000000000000000000e+00,0.000000000000000000e+00,1.000000000000000056e-01
8.970603083363382080e-02,-9.863454749627140750e-01,1.381138372960988014e-01,2.262365071961648084e+02,9.863013904839454948e-01,1.072510004431824759e-01,1.253267331153744835e-01,-1.680312434005025750e+02,-1.384283033252628747e-01,1.249793059850892452e-01,9.824549750059665687e-01,-7.910584574578407135e+00,0.000000000000000000e+00,0.000000000000000000e+00,0.000000000000000000e+00,1.000000000000000056e-01
9.046841654084769591e-02,-9.859358862755625008e-01,1.405200831291129604e-01,2.263052621529622570e+02,9.866962459083603587e-01,1.078734389367718149e-01,1.216299283988232505e-01,-1.672072159896289634e+02,-1.350776958603454592e-01,1.276469714720082915e-01,9.825783769018552327e-01,-8.001694185073223053e+00,0.000000000000000000e+00,0.000000000000000000e+00,0.000000000000000000e+00,1.000000000000000056e-01
9.022526049111412316e-02,-9.856608476923519602e-01,1.425906578135639480e-01,2.263881490065654987e+02,9.877390346733129212e-01,1.068773512241834034e-01,1.137929311422048867e-01,-1.663828883359623489e+02,-1.274009487874507296e-01,1.305753618478494860e-01,9.832187310697251270e-01,-8.086022818488475039e+00,0.000000000000000000e+00,0.000000000000000000e+00,0.000000000000000000e+00,1.000000000000000056e-01
9.155497943749246748e-02,-9.855478178075033346e-01,1.425243296952100336e-01,2.264670393181476697e+02,9.880965731552026066e-01,1.076797494378763931e-01,1.098646152313924595e-01,-1.655653382992959735e+02,-1.236238159059413061e-01,1.307691491746611201e-01,9.836750387018007302e-01,-8.188157352351895568e+00,0.000000000000000000e+00,0.000000000000000000e+00,0.000000000000000000e+00,1.000000000000000056e-01
9.144976569686669166e-02,-9.854077557309878221e-01,1.435565926706471040e-01,2.265405308169468697e+02,9.875959837541899988e-01,1.082256964842405189e-01,1.137601489674426869e-01,-1.647659425615501618e+02,-1.276366453123157496e-01,1.313725753942539820e-01,9.830819565060174847e-01,-8.268879339393443217e+00,0.000000000000000000e+00,0.000000000000000000e+00,0.000000000000000000e+00,1.000000000000000056e-01
8.563777135676853280e-02,-9.847117055312966105e-01,1.516872740433125866e-01,2.266177231692351199e+02,9.868454724612456541e-01,1.047872256676608549e-01,1.231082889963775184e-01,-1.639544247610704133e+02,-1.371210618387515845e-01,1.391491801144364715e-01,9.807320327559885254e-01,-8.353525605145920352e+00,0.000000000000000000e+00,0.000000000000000000e+00,0.000000000000000000e+00,1.000000000000000056e-01
8.539148029533105699e-02,-9.845766840488738847e-01,1.526992086433198170e-01,2.266862134875984793e+02,9.867816080123819056e-01,1.047587065464076206e-01,1.236433236823628601e-01,-1.632143419788494327e+02,-1.377329052240966467e-01,1.401226842094016045e-01,9.805076645230685894e-01,-8.436990000367371678e+00,0.000000000000000000e+00,0.000000000000000000e+00,0.000000000000000000e+00,1.000000000000000056e-01
8.498773466024622802e-02,-9.849281575298292069e-01,1.506439824958699658e-01,2.267416676261316866e+02,9.873053018874451414e-01,1.036065222010106313e-01,1.203907364474217645e-01,-1.625321578797173743e+02,-1.341839253497253970e-01,1.384998666508667209e-01,9.812300755253231532e-01,-8.505970067238159515e+00,0.000000000000000000e+00,0.000000000000000000e+00,0.000000000000000000e+00,1.000000000000000056e-01
8.422363836698676387e-02,-9.855106892776021033e-01,1.472245226170308952e-01,2.267958807879655581e+02,9.879206960790644088e-01,1.018733117620803652e-01,1.167669756792690250e-01,-1.618195981871918150e+02,-1.300733523781256729e-01,1.356116133309075988e-01,9.821865471135838854e-01,-8.588064529545519576e+00,0.000000000000000000e+00,0.000000000000000000e+00,0.000000000000000000e+00,1.000000000000000056e-01
8.505453004734331302e-02,-9.856208710706207965e-01,1.460041966123463986e-01,2.268603533775668382e+02,9.882276363087335591e-01,1.021507681023516856e-01,1.138918759690669968e-01,-1.610970524210832195e+02,-1.271686508306168750e-01,1.345983621226153060e-01,9.827061692895948664e-01,-8.669868787006501876e+00,0.000000000000000000e+00,0.000000000000000000e+00,0.000000000000000000e+00,1.000000000000000056e-01
8.622182160647484661e-02,-9.853253323944354269e-01,1.473084750469466353e-01,2.269290158192189608e+02,9.880832383385514950e-01,1.034959921208375988e-01,1.139302142950904262e-01,-1.604429306450651325e+02,-1.275041630428706274e-01,1.357297644465619568e-01,9.825070582189310286e-01,-8.746882751987190119e+00,0.000000000000000000e+00,0.000000000000000000e+00,0.000000000000000000e+00,1.000000000000000056e-01
8.328390227650939170e-02,-9.857031851148291279e-01,1.464685033584965379e-01,2.269817737976000558e+02,9.881375880125901068e-01,1.007163267352098046e-01,1.159324315522940324e-01,-1.597656732694188406e+02,-1.290267366798746318e-01,1.350757283283993693e-01,9.823984165491589371e-01,-8.810129748865243471e+00,0.000000000000000000e+00,0.000000000000000000e+00,0.000000000000000000e+00,1.000000000000000056e-01
7.898563898826083118e-02,-9.862395874159690656e-01,1.452334157389255365e-01,2.270216650562709049e+02,9.882770854812967798e-01,9.656287725392287413e-02,1.182540191665297086e-01,-1.590700465058660598e+02,-1.306509515702441726e-01,1.341904875541603814e-01,9.823050656001761638e-01,-8.880390093413605967e+00,0.000000000000000000e+00,0.000000000000000000e+00,0.000000000000000000e+00,1.000000000000000056e-01
8.015843168505498717e-02,-9.867842732954141827e-01,1.408240881619117479e-01,2.270558147976212808e+02,9.879933866680850052e-01,9.737431589767042706e-02,1.199471154450519883e-01,-1.583734734537878808e+02,-1.320745763950061658e-01,1.295184951283105679e-01,9.827417085327037061e-01,-8.945567805757852042e+00,0.000000000000000000e+00,0.000000000000000000e+00,0.000000000000000000e+00,1.000000000000000056e-01
7.764916260669774140e-02,-9.867635445839667563e-01,1.423668312022318971e-01,2.271091879203549695e+02,9.880838108832955546e-01,9.520213067738214630e-02,1.209418744059752998e-01,-1.577286256921738072e+02,-1.328946583457088215e-01,1.312793258459717394e-01,9.823974492987064266e-01,-9.014092596176196182e+00,0.000000000000000000e+00,0.000000000000000000e+00,0.000000000000000000e+00,1.000000000000000056e-01
7.628390659684447517e-02,-9.861325542555193779e-01,1.473884358822256102e-01,2.271747859486650327e+02,9.879499960153225180e-01,9.471932450022801930e-02,1.224052896714208638e-01,-1.571268070469725444e+02,-1.346683740439745813e-01,1.362748509582950851e-01,9.814752131504119737e-01,-9.067427915901662416e+00,0.000000000000000000e+00,0.000000000000000000e+00,0.000000000000000000e+00,1.000000000000000056e-01
7.720207201771522865e-02,-9.861007296523374155e-01,1.471230473287553076e-01,2.272226505654071218e+02,9.884063248008794211e-01,9.504767507944433813e-02,1.184013367982412052e-01,-1.565587667114074577e+02,-1.307393482077590097e-01,1.362765219732293420e-01,9.820060755357322702e-01,-9.116897138572729986e+00,0.000000000000000000e+00,0.000000000000000000e+00,0.000000000000000000e+00,1.000000000000000056e-01
7.977606861092556567e-02,-9.861453370188355549e-01,1.454412360817667060e-01,2.272566681061579743e+02,9.883479732823274855e-01,9.722651279289162840e-02,1.171122919204024421e-01,-1.559961703069130579e+02,-1.296304847854113651e-01,1.344037926776658620e-01,9.824110941597505864e-01,-9.175040706090459963e+00,0.000000000000000000e+00,0.000000000000000000e+00,0.000000000000000000e+00,1.000000000000000056e-01
7.921319749352129236e-02,-9.862720374184774652e-01,1.448887074594086832e-01,2.272994150071829722e+02,9.887786938371196932e-01,9.620389300157028423e-02,1.142869440710638507e-01,-1.554527943102037852e+02,-1.266568748888605156e-01,1.342098326418304233e-01,9.828253949026954928e-01,-9.242057603356579776e+00,0.000000000000000000e+00,0.000000000000000000e+00,0.000000000000000000e+00,1.000000000000000056e-01
8.389428452254366064e-02,-9.858154363526259178e-01,1.453604983251383931e-01,2.273574748938937944e+02,9.882970754050712792e-01,1.009658808494942051e-01,1.143450114787207678e-01,-1.549046707868002670e+02,-1.273995281397601598e-01,1.340664624474286748e-01,9.827489729715308542e-01,-9.296296728341291171e+00,0.000000000000000000e+00,0.000000000000000000e+00,0.000000000000000000e+00,1.000000000000000056e-01
8.752881379799337669e-02,-9.856858565048696175e-01,1.440905931744956292e-01,2.274049182510282492e+02,9.879215576189919190e-01,1.044584030725764778e-01,1.144527763717072544e-01,-1.543867589631973658e+02,-1.278659561680946521e-01,1.323322874954896422e-01,9.829234267934761071e-01,-9.352152541537174457e+00,0.000000000000000000e+00,0.000000000000000000e+00,0.000000000000000000e+00,1.000000000000000056e-01
9.170210747608309454e-02,-9.851714197895422576e-01,1.450103345086225237e-01,2.274590597267945213e+02,9.875822666201039546e-01,1.086317295333754096e-01,1.134919115888245456e-01,-1.538810264725157992e+02,-1.275617111124764669e-01,1.328021873631803906e-01,9.828995823020842959e-01,-9.399852999000291476e+00,0.000000000000000000e+00,0.000000000000000000e+00,0.000000000000000000e+00,1.000000000000000056e-01
9.604280253344166240e-02,-9.844705848942540971e-01,1.469470910208407199e-01,2.275113200300245353e+02,9.867320143427347201e-01,1.135803793746140711e-01,1.160147804904515106e-01,-1.533927794014592507e+02,-1.309034451519563158e-01,1.338550144711943557e-01,9.823172212418272986e-01,-9.452943327340539881e+00,0.000000000000000000e+00,0.000000000000000000e+00,0.000000000000000000e+00,1.000000000000000056e-01
1.042032195921308579e-01,-9.835601173181878210e-01,1.474828283145757091e-01,2.275837877482212548e+02,9.864208160922487423e-01,1.211363076051600318e-01,1.109052233201394955e-01,-1.529577232917605727e+02,-1.269474797171497027e-01,1.339234505261139851e-01,9.828269668627552802e-01,-9.521128435315379335e+00,0.000000000000000000e+00,0.000000000000000000e+00,0.000000000000000000e+00,1.000000000000000056e-01
1.109230276645262192e-01,-9.828457056155202043e-01,1.473444973077218945e-01,2.276390348428466268e+02,9.850748540025000555e-01,1.283658464671610933e-01,1.146723221737611653e-01,-1.525715058899447172e+02,-1.316192005206246185e-01,1.324255580086402817e-01,9.824153183050495786e-01,-9.553967816757783282e+00,0.000000000000000000e+00,0.000000000000000000e+00,0.000000000000000000e+00,1.000000000000000056e-01
1.221892218181265255e-01,-9.812915265697080835e-01,1.487841858329462530e-01,2.276712764350687621e+02,9.830813120720510723e-01,1.402717991530459951e-01,1.177920040455301687e-01,-1.521873445056509695e+02,-1.364585208998520260e-01,1.318740393135037214e-01,9.818290634468737066e-01,-9.604006336918365250e+00,0.000000000000000000e+00,0.000000000000000000e+00,0.000000000000000000e+00,1.000000000000000056e-01
1.329907890801544923e-01,-9.795814307174048885e-01,1.507768901837405751e-01,2.277378987102329688e+02,9.809577321394091776e-01,1.518216951775700485e-01,1.211284468211992621e-01,-1.518273552866338036e+02,-1.415463802989853082e-01,1.317967885308700959e-01,9.811188657635750987e-01,-9.645979123900547236e+00,0.000000000000000000e+00,0.000000000000000000e+00,0.000000000000000000e+00,1.000000000000000056e-01
1.382404252555745616e-01,-9.791499878784248878e-01,1.488451748053614132e-01,2.277999279240393662e+02,9.796976169695401637e-01,1.572265536680345077e-01,1.243880626341491991e-01,-1.514845912732101851e+02,-1.451969838852110728e-01,1.286278043789653713e-01,9.810059754207842708e-01,-9.681270907824529814e+00,0.000000000000000000e+00,0.000000000000000000e+00,0.000000000000000000e+00,1.000000000000000056e-01
1.482768473093332151e-01,-9.778705624837763510e-01,1.475911229704127414e-01,2.278498834783131599e+02,9.781278942084975503e-01,1.670264517284868466e-01,1.239676852822614028e-01,-1.511605628060127060e+02,-1.458759717131475064e-01,1.259814567730278556e-01,9.812486297702996962e-01,-9.713292316793618042e+00,0.000000000000000000e+00,0.000000000000000000e+00,0.000000000000000000e+00,1.000000000000000056e-01
1.553952295283989038e-01,-9.762656106771068210e-01,1.508568196969308772e-01,2.279151621433681214e+02,9.768351124233114469e-01,1.746036821262249017e-01,1.237203189654024899e-01,-1.508669164353696033e+02,-1.471240489408612295e-01,1.281366910655191982e-01,9.807831068212924386e-01,-9.747403148814955287e+00,0.000000000000000000e+00,0.000000000000000000e+00,0.000000000000000000e+00,1.000000000000000056e-01
1.670817314854150526e-01,-9.742154043036492794e-01,1.516180761694093659e-01,2.279667096881387067e+02,9.746708658088640842e-01,1.863939636298068692e-01,1.235879996835035632e-01,-1.506228362460719268e+02,-1.486620272538858867e-01,1.271284245943738178e-01,9.806823977786679469e-01,-9.773799394336117885e+00,0.000000000000000000e+00,0.000000000000000000e+00,0.000000000000000000e+00,1.000000000000000056e-01
1.749545149507993891e-01,-9.726685159989340024e-01,1.526658956111747734e-01,2.280118362284175362e+02,9.733034484250039364e-01,1.942564168080682663e-01,1.222490973908847700e-01,-1.503644878075714360e+02,-1.485641779916224148e-01,1.272022111180527715e-01,9.806876579749292944e-01,-9.791448412685573643e+00,0.000000000000000000e+00,0.000000000000000000e+00,0.000000000000000000e+00,1.000000000000000056e-01
1.901257811814112131e-01,-9.695736591612722499e-01,1.542047560575849352e-01,2.280721097301379245e+02,9.712497931669372697e-01,2.086771018131867717e-01,1.145762036900793840e-01,-1.501564314881565849e+02,-1.432690706445038376e-01,1.279874471949105363e-01,9.813731129174011469e-01,-9.824677369570528285e+00,0.000000000000000000e+00,0.000000000000000000e+00,0.000000000000000000e+00,1.000000000000000056e-01
1.970985512416884022e-01,-9.690489973640294963e-01,1.486479122160708211e-01,2.281270880916634383e+02,9.699299009157082985e-01,2.148253198745053716e-01,1.143943584730512941e-01,-1.499266229657461338e+02,-1.427870736729065504e-01,1.216310924417997041e-01,9.822513573130567943e-01,-9.846448662575904009e+00,0.000000000000000000e+00,0.000000000000000000e+00,0.000000000000000000e+00,1.000000000000000056e-01
2.093487377576619402e-01,-9.667456805911596174e-01,1.468873549956208335e-01,2.281733732318250816e+02,9.676230615451402173e-01,2.264697085578353253e-01,1.114319607282365093e-01,-1.496688894468779836e+02,-1.409919031905159104e-01,1.188034518188127581e-01,9.828565628160862433e-01,-9.886505559818177247e+00,0.000000000000000000e+00,0.000000000000000000e+00,0.000000000000000000e+00,1.000000000000000056e-01
2.194353219528888399e-01,-9.646387295507526938e-01,1.460145914973633718e-01,2.282158896979926226e+02,9.654739554631940335e-01,2.362413202161851578e-01,1.097728561383385787e-01,-1.494349229800324110e+02,-1.403858283506085602e-01,1.168852431798973607e-01,9.831732599725695465e-01,-9.918527028805053547e+00,0.000000000000000000e+00,0.000000000000000000e+00,0.000000000000000000e+00,1.000000000000000056e-01
2.302963333749058483e-01,-9.618481794926525552e-01,1.476877734978236933e-01,2.282732009818462870e+02,9.631152727576837158e-01,2.469955004851465130e-01,1.067810569388821934e-01,-1.492398992055672409e+02,-1.391853807515970320e-01,1.176490643684098142e-01,9.832528298653763210e-01,-9.945148948845444536e+00,0.000000000000000000e+00,0.000000000000000000e+00,0.000000000000000000e+00,1.000000000000000056e-01
2.374165705480075772e-01,-9.598651020750412766e-01,1.493062552195761616e-01,2.283354510075788255e+02,9.615022490964031388e-01,2.540971047627366142e-01,1.046331034317190128e-01,-1.490344960354697434e+02,-1.383719516801758809e-01,1.187166676152304340e-01,9.832393176732477924e-01,-9.969783122229353367e+00,0.000000000000000000e+00,0.000000000000000000e+00,0.000000000000000000e+00,1.000000000000000056e-01
2.497132348646495803e-01,-9.572656263352686823e-01,1.458966105513709866e-01,2.283903247902973135e+02,9.582791236952373781e-01,2.659441768518857607e-01,1.047607554786666589e-01,-1.488248872512324112e+02,-1.390842242072062862e-01,1.136495289718306850e-01,9.837374462432344480e-01,-1.000324543728372539e+01,0.000000000000000000e+00,0.000000000000000000e+00,0.000000000000000000e+00,1.000000000000000056e-01
2.560840032550081302e-01,-9.558440530968543847e-01,1.441635509977015617e-01,2.284534133978451109e+02,9.566519671035327299e-01,2.719988592647768488e-01,1.040847462196144158e-01,-1.485847421786347695e+02,-1.387011071110480498e-01,1.112599061568812220e-01,9.840646504006388406e-01,-1.003076914576663015e+01,0.000000000000000000e+00,0.000000000000000000e+00,0.000000000000000000e+00,1.000000000000000056e-01
2.653253072048430417e-01,-9.541804599754755145e-01,1.383550908266334423e-01,2.285131451223427916e+02,9.541765961965813503e-01,2.804564496056450862e-01,1.043609272922703529e-01,-1.483364914463860487e+02,-1.383817351653098271e-01,1.043255945374220034e-01,9.848688571058846764e-01,-1.005810848646128086e+01,0.000000000000000000e+00,0.000000000000000000e+00,0.000000000000000000e+00,1.000000000000000056e-01
2.708969463232291375e-01,-9.528536352680739840e-01,1.366923342004434661e-01,2.285736227736172737e+02,9.523908262701669125e-01,2.859403895259445827e-01,1.057818872689444550e-01,-1.481035705600196763e+02,-1.398805151162167415e-01,1.015285348764930345e-01,9.849494393605463527e-01,-1.009890233312050078e+01,0.000000000000000000e+00,0.000000000000000000e+00,0.000000000000000000e+00,1.000000000000000056e-01
2.802106591575851402e-01,-9.500088443511474079e-01,1.377141319874961023e-01,2.286878883128883047e+02,9.500270214170987160e-01,2.950112722271799326e-01,1.020637439851024425e-01,-1.478603368372127420e+02,-1.375886807547315183e-01,1.022327976409655031e-01,9.851993757685162389e-01,-1.012450989281215286e+01,0.000000000000000000e+00,0.000000000000000000e+00,0.000000000000000000e+00,1.000000000000000056e-01
2.893926537864170978e-01,-9.474651510118087261e-01,1.362412549583479349e-01,2.287703926646110517e+02,9.480781941136776636e-01,3.033274035963187121e-01,9.560451910691114552e-02,-1.476097441577747134e+02,-1.319076562622606974e-01,1.015001174663683892e-01,9.860517716498007346e-01,-1.014352866638111372e+01,0.000000000000000000e+00,0.000000000000000000e+00,0.000000000000000000e+00,1.000000000000000056e-01
2.867921962130458580e-01,-9.484944004123055938e-01,1.345682301949406579e-01,2.288383809306037904e+02,9.497893435806273876e-01,2.998606321620425064e-01,8.935213539732046739e-02,-1.472716097987917294e+02,-1.251017146644227973e-01,1.021859758767365151e-01,9.868675632130891051e-01,-1.018869050521037423e+01,0.000000000000000000e+00,0.000000000000000000e+00,0.000000000000000000e+00,1.000000000000000056e-01
2.939550860836316337e-01,-9.462236329881718033e-01,1.350971640717546773e-01,2.289387059921424452e+02,9.477538945557107963e-01,3.068712530948540795e-01,8.713546567544611099e-02,-1.469833101835468483e+02,-1.239070729217972289e-01,1.024249500788741996e-01,9.869934989052828733e-01,-1.022958277125582249e+01,0.000000000000000000e+00,0.000000000000000000e+00,0.000000000000000000e+00,1.000000000000000056e-01
2.997078186159713997e-01,-9.447542805386318632e-01,1.327199037988967267e-01,2.290518072407437558e+02,9.459277230678647674e-01,3.123658044225213759e-01,8.745482810637865423e-02,-1.466352876088707831e+02,-1.240804827202934973e-01,9.933254064707892905e-02,9.872877393022235770e-01,-1.027522826650850618e+01,0.000000000000000000e+00,0.000000000000000000e+00,0.000000000000000000e+00,1.000000000000000056e-01
3.011458391577719329e-01,-9.441782534545559713e-01,1.335612565883753655e-01,2.291573112711636213e+02,9.451723288921161092e-01,3.141051506962800888e-01,8.937126497214195608e-02,-1.462554006476645156e+02,-1.263346834982975175e-01,9.932461935276493126e-02,9.870026178971428310e-01,-1.032571240925361344e+01,0.000000000000000000e+00,0.000000000000000000e+00,0.000000000000000000e+00,1.000000000000000056e-01
2.963990297436577270e-01,-9.459338009851547824e-01,1.317454337758839356e-01,2.292725162303529203e+02,9.469370220703006158e-01,3.090248370490937813e-01,8.839641576111589849e-02,-1.458074366050193191e+02,-1.243297687589310918e-01,9.855401686668380234e-02,9.873343984485661862e-01,-1.038763973033667121e+01,0.000000000000000000e+00,0.000000000000000000e+00,0.000000000000000000e+00,1.000000000000000056e-01
2.946445400949643245e-01,-9.470812982020755388e-01,1.273640828024073801e-01,2.294030746728239762e+02,9.479095749752650679e-01,3.065461680041502435e-01,8.658455146377946887e-02,-1.453669730909900579e+02,-1.210455809290019585e-01,9.521796825097036954e-02,9.880695855352079615e-01,-1.044660333069936442e+01,0.000000000000000000e+00,0.000000000000000000e+00,0.000000000000000000e+00,1.000000000000000056e-01
2.914797172239010914e-01,-9.481035042564652793e-01,1.270406221005140335e-01,2.295396944708218427e+02,9.489780281081404700e-01,3.033094807658777148e-01,8.627897220945041079e-02,-1.449141912594736255e+02,-1.203340210209071365e-01,9.541018862859779182e-02,9.881379555966844919e-01,-1.051291343413984691e+01,0.000000000000000000e+00,0.000000000000000000e+00,0.000000000000000000e+00,1.000000000000000056e-01
2.865385729674204685e-01,-9.487224342913419539e-01,1.334967747704217111e-01,2.296946330428628755e+02,9.500588256334266957e-01,2.993512620208176322e-01,8.818758281401158083e-02,-1.444274711022859776e+02,-1.236279662448129812e-01,1.015606449312637799e-01,9.871178052103594114e-01,-1.055079068868488612e+01,0.000000000000000000e+00,0.000000000000000000e+00,0.000000000000000000e+00,1.000000000000000056e-01
2.807989609980674484e-01,-9.504415383029034547e-01,1.334646985941103370e-01,2.298503477854367532e+02,9.519713819068706950e-01,2.934996215861500612e-01,8.722648771508506593e-02,-1.439543030375926946e+02,-1.220755156971657235e-01,1.025614664345125548e-01,9.872075334346235298e-01,-1.061560805439806643e+01,0.000000000000000000e+00,0.000000000000000000e+00,0.000000000000000000e+00,1.000000000000000056e-01
2.719543360502839624e-01,-9.524965854475540006e-01,1.370806106427887583e-01,2.300031307208605256e+02,9.544568170523093364e-01,2.851459519789417696e-01,8.777226471042881562e-02,-1.434282635725679995e+02,-1.226907636532749563e-01,1.069674753407486301e-01,9.866635372473245846e-01,-1.068035628382810209e+01,0.000000000000000000e+00,0.000000000000000000e+00,0.000000000000000000e+00,1.000000000000000056e-01
2.592144381433804101e-01,-9.559170223366592056e-01,1.379511560844152440e-01,2.301325951033892068e+02,9.573010103259410597e-01,2.732226494727029165e-01,9.446776933986121561e-02,-1.428555648722954743e+02,-1.279947291373527973e-01,1.075733713431517163e-01,9.859235868417612902e-01,-1.076153552425657267e+01,0.000000000000000000e+00,0.000000000000000000e+00,0.000000000000000000e+00,1.000000000000000056e-01
2.480204488983412947e-01,-9.589952877538584497e-01,1.371637524791430862e-01,2.302845234807909094e+02,9.599710125179444775e-01,2.623190341988942409e-01,9.820580136749565425e-02,-1.422853630837114736e+02,-1.301595638189447790e-01,1.073161794085760734e-01,9.856681620015979028e-01,-1.082594989578189626e+01,0.000000000000000000e+00,0.000000000000000000e+00,0.000000000000000000e+00,1.000000000000000056e-01
2.368080969855890228e-01,-9.614580290559474607e-01,1.397153662483712755e-01,2.304225779732829551e+02,9.622859905623802890e-01,2.519290218928680325e-01,1.026520350284446936e-01,-1.416824722080383481e+02,-1.338939788393865293e-01,1.101373065403157547e-01,9.848564241241473116e-01,-1.089512111686690154e+01,0.000000000000000000e+00,0.000000000000000000e+00,0.000000000000000000e+00,1.000000000000000056e-01
2.291735326093369274e-01,-9.626475155009646123e-01,1.441847871697207184e-01,2.305532808350200753e+02,9.642049145223059448e-01,2.448040594410068049e-01,1.018815748417593037e-01,-1.411165266276875343e+02,-1.333730661055304023e-01,1.156751199741088698e-01,9.842920764979190551e-01,-1.096171795507853375e+01,0.000000000000000000e+00,0.000000000000000000e+00,0.000000000000000000e+00,1.000000000000000056e-01
2.184219474814365070e-01,-9.643603140568887122e-01,1.493353190993876034e-01,2.306857039076266176e+02,9.672001321415545361e-01,2.342703250304318807e-01,9.819021944926935308e-02,-1.405065683148762616e+02,-1.296755846093489983e-01,1.229902414105898262e-01,9.838992038181494371e-01,-1.102013932507296445e+01,0.000000000000000000e+00,0.000000000000000000e+00,0.000000000000000000e+00,1.000000000000000056e-01
2.096566130348347379e-01,-9.658946047675379676e-01,1.519595903249394420e-01,2.308284308031707326e+02,9.698424402142488132e-01,2.251854490029213673e-01,9.325853696377635338e-02,-1.398861269975870982e+02,-1.242970062794470643e-01,1.278245908982875156e-01,9.839771990202071938e-01,-1.109864752707420088e+01,0.000000000000000000e+00,0.000000000000000000e+00,0.000000000000000000e+00,1.000000000000000056e-01
1.982248765608535246e-01,-9.680795657137878374e-01,1.533911756257126113e-01,2.309714019007825812e+02,9.725725465741873466e-01,2.136979026534076009e-01,9.184687284679260433e-02,-1.392525068243169812e+02,-1.216944532944477519e-01,1.309777112677518451e-01,9.838878488874770456e-01,-1.118148863892605860e+01,0.000000000000000000e+00,0.000000000000000000e+00,0.000000000000000000e+00,1.000000000000000056e-01
1.865273918301822986e-01,-9.697310839458000986e-01,1.575727036206892306e-01,2.311006253084179889e+02,9.752404376150093368e-01,2.021561332763933683e-01,8.966039604654066353e-02,-1.385891961694182726e+02,-1.188007615190872779e-01,1.369471526101986580e-01,9.834286229586994832e-01,-1.126670553949812792e+01,0.000000000000000000e+00,0.000000000000000000e+00,0.000000000000000000e+00,1.000000000000000056e-01
1.767908402423117309e-01,-9.711309978270183940e-01,1.601548746242749122e-01,2.312043404922327454e+02,9.775359702168902043e-01,1.922163791657439669e-01,8.646554523354497979e-02,-1.378730810918542602e+02,-1.147537613263315270e-01,1.412708343569569480e-01,9.832975773495775673e-01,-1.135780033610886086e+01,0.000000000000000000e+00,0.000000000000000000e+00,0.000000000000000000e+00,1.000000000000000056e-01
1.632482411922827614e-01,-9.723429788652908634e-01,1.670303660984993332e-01,2.313194360123441697e+02,9.802982972734282097e-01,1.789485844985058138e-01,8.362208122737892213e-02,-1.371727897292766727e+02,-1.111991911411386036e-01,1.500884257941084710e-01,9.823992082306474138e-01,-1.142560487426441718e+01,0.000000000000000000e+00,0.000000000000000000e+00,0.000000000000000000e+00,1.000000000000000056e-01
1.542045817843569200e-01,-9.733999865975657695e-01,1.694503261978880793e-01,2.314297305256437483e+02,9.820820873593136824e-01,1.698078943180801881e-01,8.173158945740344183e-02,-1.364869953180382538e+02,-1.083315311656094654e-01,1.538107444852888084e-01,9.821438460002668291e-01,-1.148452516376327814e+01,0.000000000000000000e+00,0.000000000000000000e+00,0.000000000000000000e+00,1.000000000000000056e-01
1.439971482412204518e-01,-9.747651932388249341e-01,1.705803017598228055e-01,2.315336825312874396e+02,9.832415486211415478e-01,1.604093794026405506e-01,8.663075703674180672e-02,-1.357601746611202032e+02,-1.118073269669536685e-01,1.552470581033209285e-01,9.815281313272528063e-01,-1.156875069180613025e+01,0.000000000000000000e+00,0.000000000000000000e+00,0.000000000000000000e+00,1.000000000000000056e-01
1.360966600714802466e-01,-9.753489892472747558e-01,1.737010313490037761e-01,2.316330714376679225e+02,9.841951248085679671e-01,1.531615918770169449e-01,8.889028674014778919e-02,-1.350031246543894099e+02,-1.133033777979966517e-01,1.588580370897794136e-01,9.807785013098251348e-01,-1.164032754535063141e+01,0.000000000000000000e+00,0.000000000000000000e+00,0.000000000000000000e+00,1.000000000000000056e-01
1.314359328887475531e-01,-9.750647864875762183e-01,1.788106755694481853e-01,2.317439235407296394e+02,9.843168656008930428e-01,1.497757031678779160e-01,9.320701064942346625e-02,-1.342219867485341638e+02,-1.176643686053627375e-01,1.637556133160189276e-01,9.794586236631926957e-01,-1.173289661832748543e+01,0.000000000000000000e+00,0.000000000000000000e+00,0.000000000000000000e+00,1.000000000000000056e-01
1.228710059429121149e-01,-9.754331042802711904e-01,1.828468620806239231e-01,2.318393921252832399e+02,9.850490716649843437e-01,1.422878229704404029e-01,9.712106798365306715e-02,-1.334407027969034232e+02,-1.207519867767382904e-01,1.681797684279726091e-01,9.783325217843797938e-01,-1.181762956996417024e+01,0.000000000000000000e+00,0.000000000000000000e+00,0.000000000000000000e+00,1.000000000000000056e-01
1.181589461313533596e-01,-9.751647371294070998e-01,1.873291192219261048e-01,2.319291549979773208e+02,9.854952398509065903e-01,1.383025490808589275e-01,9.834397362798208420e-02,-1.326616580047357559e+02,-1.218096698966570079e-01,1.729917349964190665e-01,9.773618899581649755e-01,-1.189005355547979903e+01,0.000000000000000000e+00,0.000000000000000000e+00,0.000000000000000000e+00,1.000000000000000056e-01
1.206254806989685013e-01,-9.744597000723079772e-01,1.894143245404906750e-01,2.320300903193196973e+02,9.852614313290651848e-01,1.408340483033986290e-01,9.708595559543059528e-02,-1.319237173405443286e+02,-1.212823373024477930e-01,1.749115884481743932e-01,9.770857336411128413e-01,-1.198197269678302668e+01,0.000000000000000000e+00,0.000000000000000000e+00,0.000000000000000000e+00,1.000000000000000056e-01
1.171864094712816717e-01,-9.743195158553694668e-01,1.922727917792534935e-01,2.321227028304278406e+02,9.864910444568744108e-01,1.365183012297671583e-01,9.054376088789399535e-02,-1.311488545105720505e+02,-1.144673081784256530e-01,1.790648889444762526e-01,9.771555663791143820e-01,-1.207242172033068783e+01,0.000000000000000000e+00,0.000000000000000000e+00,0.000000000000000000e+00,1.000000000000000056e-01
1.157133862667976132e-01,-9.742616648504881516e-01,1.934544407384486131e-01,2.322037849964385146e+02,9.868658893046967640e-01,1.348667186693600639e-01,8.891954072198897385e-02,-1.303606022858337781e+02,-1.127214654159564844e-01,1.806244075370621038e-01,9.770714890100747896e-01,-1.215141583542714265e+01,0.000000000000000000e+00,0.000000000000000000e+00,0.000000000000000000e+00,1.000000000000000056e-01
1.096065047898661104e-01,-9.745293597878128544e-01,1.956500473276334418e-01,2.322944189280186151e+02,9.874334786108214246e-01,1.293003424407679347e-01,9.086554222164235084e-02,-1.295369247573134146e+02,-1.138487568060450872e-01,1.832319523343466372e-01,9.764550743467216298e-01,-1.223027534528869076e+01,0.000000000000000000e+00,0.000000000000000000e+00,0.000000000000000000e+00,1.000000000000000056e-01
1.047518321502826089e-01,-9.744685649884516909e-01,1.985902049712098827e-01,2.323838545216902958e+02,9.878231422140166806e-01,1.250509055399687819e-01,9.256192916129601933e-02,-1.287104517269087580e+02,-1.150325752453886796e-01,1.864759686205756939e-01,9.757019113230392948e-01,-1.231462548637081511e+01,0.000000000000000000e+00,0.000000000000000000e+00,0.000000000000000000e+00,1.000000000000000056e-01
1.059995913661970768e-01,-9.743827765291624976e-01,1.983489133661186232e-01,2.324573194267576639e+02,9.880987804845741129e-01,1.255752748772057670e-01,8.883496127320758551e-02,-1.279298772268825388e+02,-1.114669755357940717e-01,1.865718498135101877e-01,9.760973610363198327e-01,-1.238714090340282326e+01,0.000000000000000000e+00,0.000000000000000000e+00,0.000000000000000000e+00,1.000000000000000056e-01
1.068284910102553775e-01,-9.748001933888540416e-01,1.958373214622907144e-01,2.325597932667698728e+02,9.884536899454871017e-01,1.254093174738416527e-01,8.504002542271599241e-02,-1.270876626050835370e+02,-1.074568580483478142e-01,1.844914254370592643e-01,9.769421362591437230e-01,-1.248263644364567249e+01,0.000000000000000000e+00,0.000000000000000000e+00,0.000000000000000000e+00,1.000000000000000056e-01
1.108430328208432902e-01,-9.744990861445865793e-01,1.951034422516514377e-01,2.326618637006603478e+02,9.883977504306040718e-01,1.286036949400518603e-01,8.081445781224892710e-02,-1.262348151364747508e+02,-1.038446388543922683e-01,1.838820838231177146e-01,9.774475281211103539e-01,-1.257042571776514706e+01,0.000000000000000000e+00,0.000000000000000000e+00,0.000000000000000000e+00,1.000000000000000056e-01
1.112628855215739287e-01,-9.747486089620246430e-01,1.936122920478223763e-01,2.327351317311327534e+02,9.884351437643469351e-01,1.287419965412456291e-01,8.013404331574011663e-02,-1.253597515716493547e+02,-1.030365802856837015e-01,1.824572488370139467e-01,9.777999874564633487e-01,-1.264927649374288521e+01,0.000000000000000000e+00,0.000000000000000000e+00,0.000000000000000000e+00,1.000000000000000056e-01
1.091295401325482750e-01,-9.747256122389753585e-01,1.949377447181878664e-01,2.328335090910253200e+02,9.882900576486546296e-01,1.274328408610476693e-01,8.392635475762175168e-02,-1.244471442469611731e+02,-1.066466381245926853e-01,1.834961904657362031e-01,9.772183188322272063e-01,-1.274341696516559530e+01,0.000000000000000000e+00,0.000000000000000000e+00,0.000000000000000000e+00,1.000000000000000056e-01
1.148107330522070146e-01,-9.730116811543656485e-01,2.001668401937993780e-01,2.329191053249760728e+02,9.872939024458944335e-01,1.340500932704590253e-01,8.533066674612289904e-02,-1.235912381720072091e+02,-1.098601191022998136e-01,1.878266243942439684e-01,9.760388892864321209e-01,-1.281933255891311418e+01,0.000000000000000000e+00,0.000000000000000000e+00,0.000000000000000000e+00,1.000000000000000056e-01
1.146347660215044639e-01,-9.728913172817870159e-01,2.008515749923422133e-01,2.330401571080495557e+02,9.867569429537774717e-01,1.348720859535340599e-01,9.011246286201585187e-02,-1.227148968711399846e+02,-1.147589035836026061e-01,1.878616650310862557e-01,9.754682920833651627e-01,-1.290695201357104693e+01,0.000000000000000000e+00,0.000000000000000000e+00,0.000000000000000000e+00,1.000000000000000056e-01
1.175564708913181544e-01,-9.717085198848965932e-01,2.048487943207926432e-01,2.331690067936709170e+02,9.857066816690592814e-01,1.392425882378708346e-01,9.483585468476986302e-02,-1.218297752820843129e+02,-1.206764843063913017e-01,1.907722569031526927e-01,9.741884479563114319e-01,-1.300529426568867386e+01,0.000000000000000000e+00,0.000000000000000000e+00,0.000000000000000000e+00,1.000000000000000056e-01
1.194575008503435676e-01,-9.719262371921799648e-01,2.027049455441099490e-01,2.332564011084174922e+02,9.856415040743893297e-01,1.406333536332997625e-01,9.345097801428726980e-02,-1.209540230311020110e+02,-1.193345337132789563e-01,1.886309871238065483e-01,9.747705472366985369e-01,-1.309123113586556642e+01,0.000000000000000000e+00,0.000000000000000000e+00,0.000000000000000000e+00,1.000000000000000056e-01
1.263465682871419693e-01,-9.711459327467278912e-01,2.022674516365663422e-01,2.333928976639394648e+02,9.848970648415963369e-01,1.471415399252707923e-01,9.125315827317129203e-02,-1.200274430269229242e+02,-1.183820778178483746e-01,1.876830960366650813e-01,9.750696073171498668e-01,-1.319679730617238889e+01,0.000000000000000000e+00,0.000000000000000000e+00,0.000000000000000000e+00,1.000000000000000056e-01
1.281895619090931415e-01,-9.704764075042352500e-01,2.043109852534336357e-01,2.335186100099680289e+02,9.847375183178818103e-01,1.490075475845406006e-01,8.993759380804332293e-02,-1.190502277188248286e+02,-1.177261917956004267e-01,1.896636318341364813e-01,9.747657413577841545e-01,-1.329181439107739315e+01,0.000000000000000000e+00,0.000000000000000000e+00,0.000000000000000000e+00,1.000000000000000056e-01
1.267869715385970819e-01,-9.712567743520437169e-01,2.014580406023399883e-01,2.336408437756219882e+02,9.850383038423138338e-01,1.471812958729203924e-01,8.965046630456155463e-02,-1.181549549634881942e+02,-1.167244782019968563e-01,1.870773754905465658e-01,9.753857963739479553e-01,-1.337504301608265855e+01,0.000000000000000000e+00,0.000000000000000000e+00,0.000000000000000000e+00,1.000000000000000056e-01
1.258315978208949248e-01,-9.712900696399751066e-01,2.018960366342367752e-01,2.338014653182791278e+02,9.852284893379090747e-01,1.461787380153201088e-01,8.919977774182022423e-02,-1.172574275098471617e+02,-1.161517661802104473e-01,1.876895766179383085e-01,9.753365521922147119e-01,-1.347362823867648629e+01,0.000000000000000000e+00,0.000000000000000000e+00,0.000000000000000000e+00,1.000000000000000056e-01
1.248989563013540582e-01,-9.708695954021263619e-01,2.044810001896116280e-01,2.339161614488540692e+02,9.848676981577418887e-01,1.462757731358681479e-01,9.294630341748562341e-02,-1.163752106804225548e+02,-1.201493563873886061e-01,1.897778356848226489e-01,9.744477950318738424e-01,-1.356178011306727527e+01,0.000000000000000000e+00,0.000000000000000000e+00,0.000000000000000000e+00,1.000000000000000056e-01
1.205906819120839968e-01,-9.713999069240815132e-01,2.045485474499010858e-01,2.340413720643310000e+02,9.854420676267126034e-01,1.420148944931003410e-01,9.346497254962982115e-02,-1.155224203355813160e+02,-1.198408060201868741e-01,1.902997387544171914e-01,9.743840057402587407e-01,-1.365034822077676147e+01,0.000000000000000000e+00,0.000000000000000000e+00,0.000000000000000000e+00,1.000000000000000056e-01
1.245981986284997456e-01,-9.719015918945703714e-01,1.997062456993597968e-01,2.341513515061007524e+02,9.850437428339495760e-01,1.453095717604282466e-01,9.259564276187572107e-02,-1.146095189020121552e+02,-1.190130816432248134e-01,1.851821374420359323e-01,9.754708926309293426e-01,-1.374120552775554316e+01,0.000000000000000000e+00,0.000000000000000000e+00,0.000000000000000000e+00,1.000000000000000056e-01
1.310051820004358714e-01,-9.704646862029117083e-01,2.025732833374550845e-01,2.342729784680301179e+02,9.838377963986227881e-01,1.524249901058785106e-01,9.396708343204529523e-02,-1.137457031095689786e+02,-1.220689668447096088e-01,1.869890778208904147e-01,9.747483019267887405e-01,-1.382873187330793563e+01,0.000000000000000000e+00,0.000000000000000000e+00,0.000000000000000000e+00,1.000000000000000056e-01
1.310086320932586368e-01,-9.693766874207577766e-01,2.077151323380452552e-01,2.344027481847156480e+02,9.840769007969155657e-01,1.525439246034090424e-01,9.123050139359664690e-02,-1.129326817751963574e+02,-1.201224027190214427e-01,1.924556804870875271e-01,9.739257771582294776e-01,-1.391631337592042605e+01,0.000000000000000000e+00,0.000000000000000000e+00,0.000000000000000000e+00,1.000000000000000056e-01
1.332221436349545485e-01,-9.685099866773981825e-01,2.103337018916700552e-01,2.345066584969509336e+02,9.840264121621656868e-01,1.545459447991808233e-01,8.836046125606417112e-02,-1.121056364930470153e+02,-1.180842098358768771e-01,1.952023479681403439e-01,9.736283493896229491e-01,-1.400158786675367750e+01,0.000000000000000000e+00,0.000000000000000000e+00,0.000000000000000000e+00,1.000000000000000056e-01
1.359636434341267019e-01,-9.692010628182251564e-01,2.053367660603934719e-01,2.346273865284101703e+02,9.844158837389299643e-01,1.554985564468145398e-01,8.213139950992315308e-02,-1.112447565274482457e+02,-1.115314104036142506e-01,1.909698897077231061e-01,9.752390710581690936e-01,-1.409056566300109203e+01,0.000000000000000000e+00,0.000000000000000000e+00,0.000000000000000000e+00,1.000000000000000056e-01
1.361962672122285500e-01,-9.686283610764274687e-01,2.078693698356000596e-01,2.347491084021532686e+02,9.847776339509004551e-01,1.552445714179202518e-01,7.818014271752618538e-02,-1.104138770862530237e+02,-1.079980947402394836e-01,1.940572625893205172e-01,9.750272767306654709e-01,-1.417682660934425876e+01,0.000000000000000000e+00,0.000000000000000000e+00,0.000000000000000000e+00,1.000000000000000056e-01
1.326869703865534156e-01,-9.684800747779611640e-01,2.108091853969192297e-01,2.348783703309417206e+02,9.849931370004605391e-01,1.525297570982562245e-01,8.076628790243314815e-02,-1.095552037744497653e+02,-1.103752143899601745e-01,1.969289667814811684e-01,9.741849383411491647e-01,-1.424803743389774269e+01,0.000000000000000000e+00,0.000000000000000000e+00,0.000000000000000000e+00,1.000000000000000056e-01
1.357912988978280389e-01,-9.677841484511133796e-01,2.120249163433258199e-01,2.349864172609305797e+02,9.840648952524628790e-01,1.565477364425157392e-01,8.431540871326040354e-02,-1.087327935702123796e+02,-1.147911367458317594e-01,1.971969782260321880e-01,9.736202271435826505e-01,-1.432734584472345851e+01,0.000000000000000000e+00,0.000000000000000000e+00,0.000000000000000000e+00,1.000000000000000056e-01
1.405187370762408516e-01,-9.679232010386785712e-01,2.082766463661642753e-01,2.350990958223859195e+02,9.831731180462252029e-01,1.612174501410286176e-01,8.590432888561795599e-02,-1.079288936291799246e+02,-1.167266228491244950e-01,1.927008320196436642e-01,9.742901440829498938e-01,-1.440386208066350981e+01,0.000000000000000000e+00,0.000000000000000000e+00,0.000000000000000000e+00,1.000000000000000056e-01
1.397644307848858736e-01,-9.679796463559432462e-01,2.085217209980773090e-01,2.352235317065052982e+02,9.833806721963836983e-01,1.603363983081301791e-01,8.517448519460132927e-02,-1.071060556619045343e+02,-1.158807897710642520e-01,1.931518667220168683e-01,9.743018007495596322e-01,-1.448916456825925714e+01,0.000000000000000000e+00,0.000000000000000000e+00,0.000000000000000000e+00,1.000000000000000056e-01
1.382860743438636408e-01,-9.672445994451908113e-01,2.128728411204111048e-01,2.353431259788903844e+02,9.840404285795449901e-01,1.584918933556631604e-01,8.089965798149295617e-02,-1.062936204200219805e+02,-1.119883769127353323e-01,1.982881856910528318e-01,9.737250119267768511e-01,-1.456670819934617356e+01,0.000000000000000000e+00,0.000000000000000000e+00,0.000000000000000000e+00,1.000000000000000056e-01
1.375060283084292845e-01,-9.670361328610477258e-01,2.143203441579715207e-01,2.354387149281562017e+02,9.841259806125259857e-01,1.578940026194332047e-01,8.102800886266781077e-02,-1.055179485043287286e+02,-1.121969093258615713e-01,1.997763791792321331e-01,9.733967597335425603e-01,-1.464230773685782161e+01,0.000000000000000000e+00,0.000000000000000000e+00,0.000000000000000000e+00,1.000000000000000056e-01
1.336941419029162859e-01,-9.672587773344101247e-01,2.157228177323516904e-01,2.355428268909463725e+02,9.848390461337541701e-01,1.539529053956320004e-01,7.994095402608854262e-02,-1.047881048407916751e+02,-1.105347440002485970e-01,2.017646167933965229e-01,9.731768132148511663e-01,-1.470935617320535371e+01,0.000000000000000000e+00,0.000000000000000000e+00,0.000000000000000000e+00,1.000000000000000056e-01
1.313816156114787637e-01,-9.660834226680232728e-01,2.223098997466268212e-01,2.356434759548855027e+02,9.852086263457713322e-01,1.521311037001896738e-01,7.886754630924198983e-02,-1.040280201721494251e+02,-1.100128794877941740e-01,2.086598852990190212e-01,9.717809519710727262e-01,-1.476075062541129590e+01,0.000000000000000000e+00,0.000000000000000000e+00,0.000000000000000000e+00,1.000000000000000056e-01
1.308589581369226096e-01,-9.662475324842222379e-01,2.219045719300779818e-01,2.357419423072544475e+02,9.852995589095298046e-01,1.515483571653060135e-01,7.885350121068122886e-02,-1.032834004604521709e+02,-1.098212742960361921e-01,2.083237898288355372e-01,9.718747276801398272e-01,-1.482253229922210735e+01,0.000000000000000000e+00,0.000000000000000000e+00,0.000000000000000000e+00,1.000000000000000056e-01
1.311587508782018352e-01,-9.669783091493275862e-01,2.185184928164604079e-01,2.358197940044481129e+02,9.851706812469032126e-01,1.517288836977522815e-01,8.010664556294203043e-02,-1.025928153459545769e+02,-1.106169556604350013e-01,2.047713248639604633e-01,9.725392504335625965e-01,-1.489052343430608971e+01,0.000000000000000000e+00,0.000000000000000000e+00,0.000000000000000000e+00,1.000000000000000056e-01
1.273159365352158900e-01,-9.673955961446525365e-01,2.189438577902862171e-01,2.359034572105245502e+02,9.860874825395875565e-01,1.472374508058201803e-01,7.715315845085062019e-02,-1.019154883120378798e+02,-1.068743612046371971e-01,2.060749709211088798e-01,9.726823619645649233e-01,-1.494443917432760571e+01,0.000000000000000000e+00,0.000000000000000000e+00,0.000000000000000000e+00,1.000000000000000056e-01
1.203531306752984031e-01,-9.687848868629802546e-01,2.167278637428457500e-01,2.359515649929655012e+02,9.867415408042676805e-01,1.406869644305382971e-01,8.092162684066858680e-02,-1.012223871779978452e+02,-1.088864343611017360e-01,2.041152150752202077e-01,9.728724085854846271e-01,-1.498893259546135504e+01,0.000000000000000000e+00,0.000000000000000000e+00,0.000000000000000000e+00,1.000000000000000056e-01
1.073508300175874952e-01,-9.702838405184627257e-01,2.168526414948130365e-01,2.360276539418556752e+02,9.884374714178515431e-01,1.276490993980620159e-01,8.183564333435727756e-02,-1.005862213631829007e+02,-1.070848466946630467e-01,2.055601523924482921e-01,9.727681426510501606e-01,-1.504719845118791532e+01,0.000000000000000000e+00,0.000000000000000000e+00,0.000000000000000000e+00,1.000000000000000056e-01
9.881197158307652995e-02,-9.708909117006786493e-01,2.181903569108653573e-01,2.360494577185878313e+02,9.900191795426945829e-01,1.180567371921350528e-01,7.697162425957593257e-02,-9.997629544164276183e+01,-1.004898920761459480e-01,2.084069201839821028e-01,9.728660427879841643e-01,-1.508271714268461317e+01,0.000000000000000000e+00,0.000000000000000000e+00,0.000000000000000000e+00,1.000000000000000056e-01
8.464224715723134285e-02,-9.722879339738674798e-01,2.179262798402317458e-01,2.361112055356360884e+02,9.920274253692038524e-01,1.027234458074554047e-01,7.300329442423793280e-02,-9.933713550163797379e+01,-9.336636070621670558e-02,2.100096834202451745e-01,9.732310391465147648e-01,-1.513484802395980822e+01,0.000000000000000000e+00,0.000000000000000000e+00,0.000000000000000000e+00,1.000000000000000056e-01
6.822720133892401506e-02,-9.733068740410650843e-01,2.191318734047341676e-01,2.361273939910957154e+02,9.942531224838431214e-01,8.449545100862476676e-02,6.573619391155260949e-02,-9.874969916372388923e+01,-8.249713588110846318e-02,2.133875528311330871e-01,9.734782867985060095e-01,-1.516620446318911064e+01,0.000000000000000000e+00,0.000000000000000000e+00,0.000000000000000000e+00,1.000000000000000056e-01
4.869381282405149669e-02,-9.745491175036238296e-01,2.188216857753460531e-01,2.361512061898633306e+02,9.961281994768684811e-01,6.343787001992595709e-02,6.086252421899095155e-02,-9.817849010302927582e+01,-7.319510092641806631e-02,2.150108234955696584e-01,9.738648894893625618e-01,-1.520908135859779620e+01,0.000000000000000000e+00,0.000000000000000000e+00,0.000000000000000000e+00,1.000000000000000056e-01
2.270256495968869803e-02,-9.764469489431460980e-01,2.145598971007226519e-01,2.361436442818154262e+02,9.973033153441267507e-01,3.710139981208360194e-02,6.332127079897893751e-02,-9.764355801889348641e+01,-6.979033420083918804e-02,2.125437414548014825e-01,9.746560763779855696e-01,-1.523591198146483627e+01,0.000000000000000000e+00,0.000000000000000000e+00,0.000000000000000000e+00,1.000000000000000056e-01
-1.042424422564280917e-02,-9.768172425358341293e-01,2.138209760921819802e-01,2.361175757593624382e+02,9.979369714188441876e-01,3.384206407379575232e-03,6.411199749171039852e-02,-9.705362901354187954e+01,-6.334931892064017689e-02,2.140481764269005771e-01,9.747667628518165150e-01,-1.525834745908847800e+01,0.000000000000000000e+00,0.000000000000000000e+00,0.000000000000000000e+00,1.000000000000000056e-01
-4.308053650893328701e-02,-9.763713602049989282e-01,2.117617395695994276e-01,2.360621098516834593e+02,9.972351535635642916e-01,-2.917861195425075493e-02,6.834220585756314859e-02,-9.652159934841104416e+01,-6.054845886690056467e-02,2.141204697731247941e-01,9.749288735866733502e-01,-1.527641844211813904e+01,0.000000000000000000e+00,0.000000000000000000e+00,0.000000000000000000e+00,1.000000000000000056e-01
-7.816693867409951757e-02,-9.747993956045790664e-01,2.089403456187126640e-01,2.359885638221396107e+02,9.953991207284806908e-01,-6.466375129598733729e-02,7.070494835086285623e-02,-9.593669861979117286e+01,-5.541227437388802912e-02,2.135058256752686845e-01,9.753690287534430015e-01,-1.528715365664363546e+01,0.000000000000000000e+00,0.000000000000000000e+00,0.000000000000000000e+00,1.000000000000000056e-01
-1.096014818317154749e-01,-9.727794629179175034e-01,2.041754924211535149e-01,2.358865508736920162e+02,9.926824776534223238e-01,-9.665017478058035572e-02,7.238951771317803097e-02,-9.538262398947797749e+01,-5.068543913349687902e-02,2.106154321031856735e-01,9.762541298349692864e-01,-1.529148325927011598e+01,0.000000000000000000e+00,0.000000000000000000e+00,0.000000000000000000e+00,1.000000000000000056e-01
-1.427764856718800601e-01,-9.686091303421375809e-01,2.034974883310246563e-01,2.357768357208013867e+02,9.887945172119554371e-01,-1.305350240664739925e-01,7.242934642492078468e-02,-9.483285575550878832e+01,-4.359217671513464232e-02,2.115584082701824076e-01,9.763927293970512400e-01,-1.528882697890025000e+01,0.000000000000000000e+00,0.000000000000000000e+00,0.000000000000000000e+00,1.000000000000000056e-01
-1.764205036128518866e-01,-9.641578356126139226e-01,1.981804075376459306e-01,2.356623214132266924e+02,9.836644449160245607e-01,-1.653752501370646666e-01,7.110053762210549744e-02,-9.428555717868708541e+01,-3.577800599581884566e-02,2.074866132281864006e-01,9.775833670935999420e-01,-1.531014586094934415e+01,0.000000000000000000e+00,0.000000000000000000e+00,0.000000000000000000e+00,1.000000000000000056e-01
-2.126805451173676698e-01,-9.575058794169082343e-01,1.948062540336754633e-01,2.355284609168551526e+02,9.766626852910889056e-01,-2.022022204786437793e-01,7.241727137572760709e-02,-9.375175588584770026e+01,-2.994970598485305335e-02,2.056617439281295256e-01,9.781647418486628665e-01,-1.530544945383063649e+01,0.000000000000000000e+00,0.000000000000000000e+00,0.000000000000000000e+00,1.000000000000000056e-01
-2.429702793556136609e-01,-9.507473432654601764e-01,1.924706019721582617e-01,2.353616420302448091e+02,9.698107476191538678e-01,-2.338306104570284649e-01,6.921242240863811901e-02,-9.321363871032801285e+01,-2.079800837179800188e-02,2.034766200008328862e-01,9.788588805138375148e-01,-1.530439465568410817e+01,0.000000000000000000e+00,0.000000000000000000e+00,0.000000000000000000e+00,1.000000000000000056e-01
-2.759830477430373907e-01,-9.422959221171194333e-01,1.895039643910188532e-01,2.351763636094948708e+02,9.610898872670852189e-01,-2.681218436849295284e-01,6.645980388126535021e-02,-9.268548733535207873e+01,-1.181464986389664518e-02,2.004721230007861232e-01,9.796281651464249229e-01,-1.529683693345993944e+01,0.000000000000000000e+00,0.000000000000000000e+00,0.000000000000000000e+00,1.000000000000000056e-01
-3.049798218451456044e-01,-9.345818153405468509e-01,1.831505902312951795e-01,2.349831776418064067e+02,9.523488063034234452e-01,-2.984022581147018904e-01,6.314937437926064490e-02,-9.215758739203147343e+01,-4.365707244930322473e-03,1.936825309283606300e-01,9.810545437504666344e-01,-1.528987530110125093e+01,0.000000000000000000e+00,0.000000000000000000e+00,0.000000000000000000e+00,1.000000000000000056e-01
-3.311865288516717687e-01,-9.261028146120419136e-01,1.806905085355474949e-01,2.347688092812095420e+02,9.435643569768908945e-01,-3.253282883074837262e-01,6.203071069808202553e-02,-9.161663090802609588e+01,1.336918085399374512e-03,1.910368592564713475e-01,9.815819533057115187e-01,-1.527937251885744452e+01,0.000000000000000000e+00,0.000000000000000000e+00,0.000000000000000000e+00,1.000000000000000056e-01
-3.532522079263100689e-01,-9.179680453941871932e-01,1.804093823235451421e-01,2.345373643241020716e+02,9.355246665245111615e-01,-3.471448599779938249e-01,6.545261274435135168e-02,-9.107621933646495904e+01,2.544782778548540514e-03,1.918987072026153984e-01,9.814114378050496912e-01,-1.526996447647081467e+01,0.000000000000000000e+00,0.000000000000000000e+00,0.000000000000000000e+00,1.000000000000000056e-01
-3.670113504453518249e-01,-9.126944587264698150e-01,1.796983407109708497e-01,2.342975988903985467e+02,9.302159252276014367e-01,-3.603057248473051644e-01,6.984351863427452900e-02,-9.049839798118921408e+01,1.000548468263015578e-03,1.927916223601406354e-01,9.812392110237481146e-01,-1.524532848140370511e+01,0.000000000000000000e+00,0.000000000000000000e+00,0.000000000000000000e+00,1.000000000000000056e-01
-3.794645620991057289e-01,-9.079217222361585238e-01,1.780022258362574661e-01,2.340509347075390281e+02,9.252055750525279842e-01,-3.726113678306510746e-01,7.180120093071352960e-02,-8.991600285228965106e+01,1.135782838110457882e-03,1.919346629848276420e-01,9.814070486511931035e-01,-1.522426974104633146e+01,0.000000000000000000e+00,0.000000000000000000e+00,0.000000000000000000e+00,1.000000000000000056e-01
-3.876010437838630640e-01,-9.056404907018466011e-01,1.719905010719440519e-01,2.337971407305068681e+02,9.218213454292790709e-01,-3.814588881587321900e-01,6.880787568046056735e-02,-8.932163978455434972e+01,3.292107017363044008e-03,1.852145195334921335e-01,9.826925988249651800e-01,-1.520958925057626310e+01,0.000000000000000000e+00,0.000000000000000000e+00,0.000000000000000000e+00,1.000000000000000056e-01
-3.955792528359749483e-01,-9.029380263912164528e-01,1.679880210683700470e-01,2.335390448104222401e+02,9.184185978059548061e-01,-3.898826805526753869e-01,6.707290517939909491e-02,-8.876463271260327303e+01,4.932943327863592575e-03,1.808159724742144647e-01,9.835045755706112169e-01,-1.520360177742593955e+01,0.000000000000000000e+00,0.000000000000000000e+00,0.000000000000000000e+00,1.000000000000000056e-01
-4.012696125199715080e-01,-9.005527879615022879e-01,1.672942741483912366e-01,2.332796238520403733e+02,9.159476752026503021e-01,-3.954616106038451040e-01,6.819069459591078908e-02,-8.819330721051821342e+01,4.749142968145186883e-03,1.805956550789026560e-01,9.835459597841323953e-01,-1.517628675503588909e+01,0.000000000000000000e+00,0.000000000000000000e+00,0.000000000000000000e+00,1.000000000000000056e-01
-4.036172763763805627e-01,-8.989753964741347136e-01,1.701068215701084796e-01,2.330387056779997863e+02,9.149114458213947199e-01,-3.976883753784019593e-01,6.914479296297153244e-02,-8.762208519355009173e+01,5.490037842990860839e-03,1.835407110781132611e-01,9.829967786627904491e-01,-1.518232123452660964e+01,0.000000000000000000e+00,0.000000000000000000e+00,0.000000000000000000e+00,1.000000000000000056e-01
-4.035783486542747767e-01,-8.982211293836239729e-01,1.741359216999630033e-01,2.327703699422451962e+02,9.149221959650943869e-01,-3.975379336384348150e-01,6.986391521302623420e-02,-8.701464046397990160e+01,6.472389659021374198e-03,1.875163834103312499e-01,9.822401509431445410e-01,-1.516191326929838290e+01,0.000000000000000000e+00,0.000000000000000000e+00,0.000000000000000000e+00,1.000000000000000056e-01
-4.062764622413392868e-01,-8.958878281368175545e-01,1.797899764307180903e-01,2.325076478166755294e+02,9.136815873504932073e-01,-4.007157640368235185e-01,6.791784293591998645e-02,-8.641762145621503066e+01,1.119790897199877955e-02,1.918642120059947109e-01,9.813575958772488006e-01,-1.515364132792750951e+01,0.000000000000000000e+00,0.000000000000000000e+00,0.000000000000000000e+00,1.000000000000000056e-01
-4.061841071411953497e-01,-8.952254396877699083e-01,1.832645171377960402e-01,2.322390019547069642e+02,9.136767726817895952e-01,-4.010562874178209558e-01,6.594398671921464228e-02,-8.583288498817496759e+01,1.446465235323068921e-02,1.942299319324229945e-01,9.808493805747274807e-01,-1.513843220884591467e+01,0.000000000000000000e+00,0.000000000000000000e+00,0.000000000000000000e+00,1.000000000000000056e-01
-4.054080530329502441e-01,-8.952209784307372242e-01,1.849965143280993818e-01,2.319726680266374785e+02,9.139541493535363603e-01,-4.009751639628302833e-01,6.250384599715043399e-02,-8.521484646105663785e+01,1.822425349600857725e-02,1.944178943988834618e-01,9.807494883618435022e-01,-1.513521353748546261e+01,0.000000000000000000e+00,0.000000000000000000e+00,0.000000000000000000e+00,1.000000000000000056e-01
-4.056406548512230259e-01,-8.946421573541439853e-01,1.872727140204742957e-01,2.316796769219278076e+02,9.137697232511557965e-01,-4.018349495937603155e-01,5.961179543082667509e-02,-8.457261657638223085e+01,2.192149633071524550e-02,1.953051037983992710e-01,9.804975086296339182e-01,-1.512607521089773677e+01,0.000000000000000000e+00,0.000000000000000000e+00,0.000000000000000000e+00,1.000000000000000056e-01
-4.057827275494398922e-01,-8.946621709318909321e-01,1.868688789659022076e-01,2.313678281969283148e+02,9.137661844717601678e-01,-4.014353923016427128e-01,6.229755953123013168e-02,-8.389550510533281624e+01,1.928051188267609906e-02,1.960337361554438385e-01,9.804075867466958139e-01,-1.509998069252729813e+01,0.000000000000000000e+00,0.000000000000000000e+00,0.000000000000000000e+00,1.000000000000000056e-01
-4.145084435893997554e-01,-8.904143623827859289e-01,1.880026953411859103e-01,2.310446892195107580e+02,9.098667952783298096e-01,-4.095806758550675220e-01,6.622752310066115644e-02,-8.323060020638625645e+01,1.803233326655079294e-02,1.985092774370090241e-01,9.799331108440006988e-01,-1.507607913345328754e+01,0.000000000000000000e+00,0.000000000000000000e+00,0.000000000000000000e+00,1.000000000000000056e-01
-4.176107043832970600e-01,-8.895899727482344810e-01,1.850161613759258028e-01,2.307312609902806742e+02,9.084791955406265052e-01,-4.124562920258600940e-01,6.741927349159970717e-02,-8.254734964580599410e+01,1.633557021787450381e-02,1.962383437406528541e-01,9.804201454435655938e-01,-1.505305617148807329e+01,0.000000000000000000e+00,0.000000000000000000e+00,0.000000000000000000e+00,1.000000000000000056e-01
-4.158051523780448289e-01,-8.904410449138298045e-01,1.849887044893216426e-01,2.303995111761029193e+02,9.092516149629912281e-01,-4.113100492511594375e-01,6.391826086652394046e-02,-8.184679193654324081e+01,1.917227015934874768e-02,1.947788205061718736e-01,9.806597958207328158e-01,-1.502397793887067579e+01,0.000000000000000000e+00,0.000000000000000000e+00,0.000000000000000000e+00,1.000000000000000056e-01
-4.115769773146187305e-01,-8.914891562942373060e-01,1.893448598572209374e-01,2.301015822392221821e+02,9.109922213060934748e-01,-4.084482002419775881e-01,5.712477955212566516e-02,-8.115723168529115128e+01,2.641144570733254537e-02,1.960029385720485073e-01,9.802475624079717287e-01,-1.499741853855175933e+01,0.000000000000000000e+00,0.000000000000000000e+00,0.000000000000000000e+00,1.000000000000000056e-01
-4.127571629357145166e-01,-8.899471435263692776e-01,1.939732099402273757e-01,2.297854658632437577e+02,9.103313258948844133e-01,-4.101871391956855017e-01,5.516690976410425218e-02,-8.043181600579988810e+01,3.046968230424444701e-02,1.993504265551361843e-01,9.794544429898531801e-01,-1.497828059307790838e+01,0.000000000000000000e+00,0.000000000000000000e+00,0.000000000000000000e+00,1.000000000000000056e-01
-4.136342308522480415e-01,-8.886383304702343278e-01,1.980622141811595460e-01,2.294450974254420430e+02,9.098817549950735106e-01,-4.111172988799745021e-01,5.565751062272276950e-02,-7.962284976858951779e+01,3.196740518643961804e-02,2.032350466349443496e-01,9.786079913964211840e-01,-1.495243722641152040e+01,0.000000000000000000e+00,0.000000000000000000e+00,0.000000000000000000e+00,1.000000000000000056e-01
-4.145140774162414665e-01,-8.874985259245558034e-01,2.013068456498761094e-01,2.290685331229074677e+02,9.095265225470285930e-01,-4.114667937165095157e-01,5.879270747435530464e-02,-7.879168984117013963e+01,3.065264111413484871e-02,2.074643201863785869e-01,9.777622264345927627e-01,-1.491537327048926009e+01,0.000000000000000000e+00,0.000000000000000000e+00,0.000000000000000000e+00,1.000000000000000056e-01
-4.130720025572571785e-01,-8.877246948234635004e-01,2.032643276719426073e-01,2.286870395807026171e+02,9.102609707117129689e-01,-4.093750126519193344e-01,6.194404099840182532e-02,-7.797048332322121666e+01,2.822208182094695927e-02,2.106109332794247613e-01,9.771624987077950353e-01,-1.488380340429339732e+01,0.000000000000000000e+00,0.000000000000000000e+00,0.000000000000000000e+00,1.000000000000000056e-01
-4.110057086432232776e-01,-8.885998816310506365e-01,2.036284799038790838e-01,2.283180286059623256e+02,9.112255914309904670e-01,-4.071177447185421183e-01,6.263436322442848814e-02,-7.710185594488612537e+01,2.724387975166880915e-02,2.112945628750790283e-01,9.770426698540375376e-01,-1.485073828026195208e+01,0.000000000000000000e+00,0.000000000000000000e+00,0.000000000000000000e+00,1.000000000000000056e-01
-4.116139813063279806e-01,-8.884859165815207627e-01,2.028958019019840853e-01,2.279737859602122114e+02,9.110740734030772225e-01,-4.067181637550905116e-01,6.726342278246036366e-02,-7.632664452511311026e+01,2.275880413990689910e-02,2.125396699630036912e-01,9.768873658340242461e-01,-1.482590839619249579e+01,0.000000000000000000e+00,0.000000000000000000e+00,0.000000000000000000e+00,1.000000000000000056e-01
-4.101826688155902900e-01,-8.888968960909702233e-01,2.039913878651716805e-01,2.276211556722659850e+02,9.116974307464231764e-01,-4.054494654261180386e-01,6.647199226776898118e-02,-7.550246681619368871e+01,2.362145155766291749e-02,2.132440834009568242e-01,9.767133601629470752e-01,-1.481113842973037542e+01,0.000000000000000000e+00,0.000000000000000000e+00,0.000000000000000000e+00,1.000000000000000056e-01
-4.092504696706471545e-01,-8.878524478643740059e-01,2.103142503388544804e-01,2.272241525709288510e+02,9.120522652037109657e-01,-4.046308305896728630e-01,6.659246558802099647e-02,-7.464245434506042898e+01,2.597534621780649144e-02,2.190705862445965213e-01,9.753631937034090704e-01,-1.477266650665727177e+01,0.000000000000000000e+00,0.000000000000000000e+00,0.000000000000000000e+00,1.000000000000000056e-01
-4.092042605408681144e-01,-8.862103396248153242e-01,2.172167284010852462e-01,2.268668967776494583e+02,9.119844813706301512e-01,-4.047846402688537459e-01,6.658604014023974949e-02,-7.377098998720812517e+01,2.891675801925715217e-02,2.253455767138200783e-01,9.738496763675447143e-01,-1.473558512634658690e+01,0.000000000000000000e+00,0.000000000000000000e+00,0.000000000000000000e+00,1.000000000000000056e-01
-4.106237333747824181e-01,-8.839396045232518206e-01,2.236938200859235337e-01,2.264932114097097440e+02,9.109472279459626121e-01,-4.083386699074473825e-01,5.860613070135189950e-02,-7.288396642481727383e+01,3.953855696561077437e-02,2.278383335031544110e-01,9.728958815307948704e-01,-1.469936872900784408e+01,0.000000000000000000e+00,0.000000000000000000e+00,0.000000000000000000e+00,1.000000000000000056e-01
-4.088605247503751539e-01,-8.831176702972060033e-01,2.300787945676065482e-01,2.260731587428957141e+02,9.113836759693020317e-01,-4.081228994173162761e-01,5.306123017689146071e-02,-7.197794643136624870e+01,4.704111475645250673e-02,2.313846999696354545e-01,9.717243714873226024e-01,-1.463602980709431556e+01,0.000000000000000000e+00,0.000000000000000000e+00,0.000000000000000000e+00,1.000000000000000056e-01
-4.114314089535551222e-01,-8.803608486143882361e-01,2.359851096011068017e-01,2.256607978944139745e+02,9.101278434056944144e-01,-4.107212294809765574e-01,5.454704677005445257e-02,-7.101476893695284787e+01,4.890300997067574540e-02,2.372189871839707753e-01,9.702245347007151244e-01,-1.454494664649936375e+01,0.000000000000000000e+00,0.000000000000000000e+00,0.000000000000000000e+00,1.000000000000000056e-01
-4.180593167049608816e-01,-8.787902107613497771e-01,2.301177376609709890e-01,2.251799093440215529e+02,9.073481883246840018e-01,-4.162468096713527466e-01,5.880355926586687543e-02,-6.999706852967320003e+01,4.410978190939980614e-02,2.333802881745649094e-01,9.713845624836037196e-01,-1.448620888913727178e+01,0.000000000000000000e+00,0.000000000000000000e+00,0.000000000000000000e+00,1.000000000000000056e-01
-4.196082395140283694e-01,-8.794111429322517548e-01,2.248665538014243126e-01,2.247066996317898315e+02,9.070242770493741613e-01,-4.158181281525517026e-01,6.634941704920026273e-02,-6.900244520809603443e+01,3.515517280569743774e-02,2.318001854751179924e-01,9.721279688593998936e-01,-1.442771232699020167e+01,0.000000000000000000e+00,0.000000000000000000e+00,0.000000000000000000e+00,1.000000000000000056e-01
-4.243826124969192204e-01,-8.782117866384020477e-01,2.205526150823793330e-01,2.242696291478253272e+02,9.049617373418419319e-01,-4.196275775393625285e-01,7.040561139342454977e-02,-6.803576805246677850e+01,3.071892181580182513e-02,2.294705950178208553e-01,9.728307118222789818e-01,-1.437723924475906045e+01,0.000000000000000000e+00,0.000000000000000000e+00,0.000000000000000000e+00,1.000000000000000056e-01
-4.288108769651286512e-01,-8.758660705759365728e-01,2.213139358699907633e-01,2.238344482551244141e+02,9.027553543515786094e-01,-4.246621963022254587e-01,6.851853195542408070e-02,-6.712161853024133507e+01,3.397060473341106945e-02,2.291738323754246021e-01,9.727925537175986515e-01,-1.434083170609815916e+01,0.000000000000000000e+00,0.000000000000000000e+00,0.000000000000000000e+00,1.000000000000000056e-01
-4.346760265067188822e-01,-8.720798424142863770e-01,2.247965756745497479e-01,2.233849077632555407e+02,8.996244565284690076e-01,-4.320038521004851972e-01,6.362789471763691251e-02,-6.619209604308741746e+01,4.162438223189408870e-02,2.298900176715279464e-01,9.723260721480205815e-01,-1.427878538382829632e+01,0.000000000000000000e+00,0.000000000000000000e+00,0.000000000000000000e+00,1.000000000000000056e-01
-4.384730465913635467e-01,-8.687720507930225544e-01,2.301662685403181308e-01,2.229122284123586724e+02,8.973269391004103923e-01,-4.375592291387049304e-01,5.784708601330498801e-02,-6.524748091881599521e+01,5.045544348805437729e-02,2.318987812741332422e-01,9.714304933787056839e-01,-1.421008010908837349e+01,0.000000000000000000e+00,0.000000000000000000e+00,0.000000000000000000e+00,1.000000000000000056e-01
-4.430357118872045863e-01,-8.656853330758754739e-01,2.330413312910583068e-01,2.224745877282861102e+02,8.948041805390819503e-01,-4.429942387683711846e-01,5.551200687971701020e-02,-6.428976900360979130e+01,5.518003699147201735e-02,2.331201589638748906e-01,9.708811230023361993e-01,-1.413514589840062463e+01,0.000000000000000000e+00,0.000000000000000000e+00,0.000000000000000000e+00,1.000000000000000056e-01
-4.467856087813188992e-01,-8.630923302137867292e-01,2.354872593412276061e-01,2.220402847266126685e+02,8.928681412381960225e-01,-4.467388917843977403e-01,5.666431795316791142e-02,-6.337046040316876372e+01,5.629477904527042942e-02,2.355758733261631988e-01,9.702241523271103452e-01,-1.404077981832102751e+01,0.000000000000000000e+00,0.000000000000000000e+00,0.000000000000000000e+00,1.000000000000000056e-01
-4.515876258413797917e-01,-8.609477609814253363e-01,2.341742279757033363e-01,2.215673338077339452e+02,8.905271584330527457e-01,-4.511184704108108789e-01,5.876653594829969740e-02,-6.244581336350952228e+01,5.504540198870874756e-02,2.350767502652717222e-01,9.704168821721005367e-01,-1.395707935446879944e+01,0.000000000000000000e+00,0.000000000000000000e+00,0.000000000000000000e+00,1.000000000000000056e-01
-4.574419731757450869e-01,-8.582361398006405073e-01,2.327607559645242519e-01,2.211235998031956456e+02,8.876266515504201982e-01,-4.564502196491424524e-01,6.141762320082813642e-02,-6.158711646945209139e+01,5.353287433409850693e-02,2.346996491738863322e-01,9.705927601436064034e-01,-1.387719476396869389e+01,0.000000000000000000e+00,0.000000000000000000e+00,0.000000000000000000e+00,1.000000000000000056e-01
-4.638606904884814419e-01,-8.552905987394042731e-01,2.308922942142953016e-01,2.206702011253085232e+02,8.846465278763554485e-01,-4.610960106606907249e-01,6.921697529584108777e-02,-6.070635851218108314e+01,4.726288751079554817e-02,2.363651003443352216e-01,9.705141723866551606e-01,-1.380521082215243922e+01,0.000000000000000000e+00,0.000000000000000000e+00,0.000000000000000000e+00,1.000000000000000056e-01
-4.672653197934406588e-01,-8.540602931916742024e-01,2.285697628989572516e-01,2.201796337159450445e+02,8.828362797885319635e-01,-4.646371663281343434e-01,6.864697193399588171e-02,-5.979938957029277447e+01,4.757335396499583202e-02,2.338660284434521675e-01,9.711042460686739597e-01,-1.372539090771810955e+01,0.000000000000000000e+00,0.000000000000000000e+00,0.000000000000000000e+00,1.000000000000000056e-01
-4.683088781544344492e-01,-8.524813453999722235e-01,2.322979775779132061e-01,2.197402317483662273e+02,8.819818385221007695e-01,-4.667550885273810124e-01,6.517456444788791159e-02,-5.895732087872299587e+01,5.286616270271771167e-02,2.354044245099279065e-01,9.704586162027927232e-01,-1.366058618748104436e+01,0.000000000000000000e+00,0.000000000000000000e+00,0.000000000000000000e+00,1.000000000000000056e-01
-4.766962742736715608e-01,-8.469225149225781957e-01,2.355481178248204355e-01,2.191793730180815487e+02,8.768686110718241222e-01,-4.770583655802751455e-01,5.930223222481792456e-02,-5.799819937674111969e+01,6.214580444865341891e-02,2.348139040753154660e-01,9.700517148288220204e-01,-1.356037041172910840e+01,0.000000000000000000e+00,0.000000000000000000e+00,0.000000000000000000e+00,1.000000000000000056e-01
-4.797584712565607923e-01,-8.446608753627722344e-01,2.374443406126227063e-01,2.186451386088858726e+02,8.749670746163094037e-01,-4.807172700721784597e-01,5.782321844838841929e-02,-5.702671211560855369e+01,6.530258490247987935e-02,2.354971589759579931e-01,9.696786377554714731e-01,-1.348359440303455870e+01,0.000000000000000000e+00,0.000000000000000000e+00,0.000000000000000000e+00,1.000000000000000056e-01
-4.832892097601868553e-01,-8.422340032068015292e-01,2.389004469891593541e-01,2.181196151903432963e+02,8.733194523661244046e-01,-4.828838824387822193e-01,6.431399691965647425e-02,-5.605523206027365291e+01,6.119374027061351418e-02,2.397186682824148096e-01,9.689119083944619515e-01,-1.338338900771549334e+01,0.000000000000000000e+00,0.000000000000000000e+00,0.000000000000000000e+00,1.000000000000000056e-01
-4.832238942098756596e-01,-8.413665913223496995e-01,2.420680215791700673e-01,2.175899847204783839e+02,8.735077907782783369e-01,-4.819579713850574709e-01,6.856131028540853045e-02,-5.513474886273538544e+01,5.898141668606295129e-02,2.445787660959360954e-01,9.678338801988151108e-01,-1.330913900524257443e+01,0.000000000000000000e+00,0.000000000000000000e+00,0.000000000000000000e+00,1.000000000000000056e-01
-4.845826488256081976e-01,-8.403339580182476176e-01,2.429372253454449293e-01,2.171047390881487900e+02,8.727840511190168016e-01,-4.830637292836719165e-01,6.998166590492711781e-02,-5.427813140546725634e+01,5.854619175860033276e-02,2.459436367380492539e-01,9.675143776599021139e-01,-1.322806081170818437e+01,0.000000000000000000e+00,0.000000000000000000e+00,0.000000000000000000e+00,1.000000000000000056e-01
-4.875067544932185637e-01,-8.385356275203700305e-01,2.433005665889594327e-01,2.166339935411668591e+02,8.707641265518825113e-01,-4.873871666931846036e-01,6.498911949801915167e-02,-5.340925535705352445e+01,6.408588170437151676e-02,2.435400400792645526e-01,9.677712790966487288e-01,-1.314206459781907554e+01,0.000000000000000000e+00,0.000000000000000000e+00,0.000000000000000000e+00,1.000000000000000056e-01
-4.902404057292466533e-01,-8.360737607133120752e-01,2.462620783578397532e-01,2.161600432304726951e+02,8.688937285251266962e-01,-4.910077055266761636e-01,6.273054792628654508e-02,-5.254844191014878163e+01,6.846921293637640848e-02,2.447286247256909852e-01,9.671710640417986449e-01,-1.306420450693532764e+01,0.000000000000000000e+00,0.000000000000000000e+00,0.000000000000000000e+00,1.000000000000000056e-01
-4.867359747130457492e-01,-8.370586729815859828e-01,2.498416876873189585e-01,2.157130039008583537e+02,8.704278763818223963e-01,-4.888932519926580955e-01,5.778148642492997311e-02,-5.170986851701073306e+01,7.377942082703198290e-02,2.455934977607304726e-01,9.665611366696251761e-01,-1.300161875858679572e+01,0.000000000000000000e+00,0.000000000000000000e+00,0.000000000000000000e+00,1.000000000000000056e-01
-4.881473090390735514e-01,-8.349064807859563064e-01,2.542506106571241764e-01,2.152552805429429554e+02,8.691333767723870007e-01,-4.915678446436417826e-01,5.448144172681496089e-02,-5.087488888354861416e+01,7.949451589977205024e-02,2.475726609583815963e-01,9.656026095075795901e-01,-1.289765825380476905e+01,0.000000000000000000e+00,0.000000000000000000e+00,0.000000000000000000e+00,1.000000000000000056e-01
-4.901220281873623907e-01,-8.337625388055242004e-01,2.542054806058929306e-01,2.147613218344865231e+02,8.678408663290942959e-01,-4.940136691715923956e-01,5.294077257452430019e-02,-5.000568967685604349e+01,8.144094924958399095e-02,2.465573433426536676e-01,9.657001854763928028e-01,-1.281349680952377135e+01,0.000000000000000000e+00,0.000000000000000000e+00,0.000000000000000000e+00,1.000000000000000056e-01
-4.913429996237621555e-01,-8.317620474011627740e-01,2.583678641467431758e-01,2.142710299314669555e+02,8.674153218923882358e-01,-4.940728329096517601e-01,5.901436373423275816e-02,-4.913587650707118115e+01,7.856663456613503793e-02,2.531085385435617452e-01,9.642423718387891363e-01,-1.272236138405219386e+01,0.000000000000000000e+00,0.000000000000000000e+00,0.000000000000000000e+00,1.000000000000000056e-01
-4.938986171277024440e-01,-8.296546928652435149e-01,2.602638019510612466e-01,2.137876732375428332e+02,8.661972605753771592e-01,-4.955945767089329212e-01,6.393998208011247852e-02,-4.824142339641104371e+01,7.593722256610893617e-02,2.570196610054794606e-01,9.634180982759114054e-01,-1.263083486669506428e+01,0.000000000000000000e+00,0.000000000000000000e+00,0.000000000000000000e+00,1.000000000000000056e-01
-4.865566399720135937e-01,-8.341866246351569147e-01,2.596060696111477939e-01,2.133024170005513724e+02,8.704063227716573037e-01,-4.884331862643007671e-01,6.185350301174966092e-02,-4.745253494844310893e+01,7.520285485449278162e-02,2.560579970153378238e-01,9.637317224135705240e-01,-1.252871519256070165e+01,0.000000000000000000e+00,0.000000000000000000e+00,0.000000000000000000e+00,1.000000000000000056e-01
-4.916677251447116870e-01,-8.313188146913933485e-01,2.591753776714150748e-01,2.128636641994245622e+02,8.672349327658100959e-01,-4.943132387097677327e-01,5.964891807015965108e-02,-4.664257275099042488e+01,7.852655246287529311e-02,2.540933890843217746e-01,9.639865819511902467e-01,-1.245631731033539502e+01,0.000000000000000000e+00,0.000000000000000000e+00,0.000000000000000000e+00,1.000000000000000056e-01
-4.927382154211210619e-01,-8.289046060230296220e-01,2.648135290679377585e-01,2.124031118914088836e+02,8.662258637109030435e-01,-4.962055096670785481e-01,5.859048740482870887e-02,-4.580764609221825623e+01,8.283600727889685322e-02,2.582581001437156409e-01,9.625180256017281666e-01,-1.236000570103467489e+01,0.000000000000000000e+00,0.000000000000000000e+00,0.000000000000000000e+00,1.000000000000000056e-01
-4.965745389866649262e-01,-8.250207644611283753e-01,2.697303569088159714e-01,2.119495079120556511e+02,8.636457710220383222e-01,-5.006912657070718975e-01,5.851699445801972210e-02,-4.497126538983201272e+01,8.677389829857219683e-02,2.620095316064402491e-01,9.611562286753609907e-01,-1.226931365602723289e+01,0.000000000000000000e+00,0.000000000000000000e+00,0.000000000000000000e+00,1.000000000000000056e-01
-4.944680648339798701e-01,-8.257437160556870825e-01,2.713828444354668412e-01,2.114450274286332672e+02,8.646325915249633010e-01,-4.992339592141310511e-01,5.635544020065860749e-02,-4.413214451435529639e+01,8.894838127906472269e-02,2.625124175385403769e-01,9.608201788606988147e-01,-1.215189604998907491e+01,0.000000000000000000e+00,0.000000000000000000e+00,0.000000000000000000e+00,1.000000000000000056e-01
-4.981404025292404114e-01,-8.224535698404050743e-01,2.746384256158991288e-01,2.109665842301064060e+02,8.625812680422816348e-01,-5.023138350004501262e-01,6.028571298167952064e-02,-4.329760200810097359e+01,8.837248095745189880e-02,2.669287107523543034e-01,9.596558591419690476e-01,-1.204919862773156503e+01,0.000000000000000000e+00,0.000000000000000000e+00,0.000000000000000000e+00,1.000000000000000056e-01
-5.047891709411893579e-01,-8.181109269555042474e-01,2.754676098863761968e-01,2.104334282067820254e+02,8.589595205858728821e-01,-5.077731585165510264e-01,6.599213199324126256e-02,-4.240579531668947766e+01,8.588617406424971235e-02,2.699276397224476542e-01,9.590425613175225239e-01,-1.193729598410618387e+01,0.000000000000000000e+00,0.000000000000000000e+00,0.000000000000000000e+00,1.000000000000000056e-01
-5.081585373167170072e-01,-8.159464711753693367e-01,2.756923233037105181e-01,2.099281247370670656e+02,8.567306500453307772e-01,-5.116853245491364000e-01,6.473578542004918002e-02,-4.154300146519302928e+01,8.824678025310940532e-02,2.690901053875963678e-01,9.590636167415860225e-01,-1.182638425614057098e+01,0.000000000000000000e+00,0.000000000000000000e+00,0.000000000000000000e+00,1.000000000000000056e-01
-5.148371514420919670e-01,-8.113333680102148282e-01,2.769131153416067859e-01,2.094552296829942293e+02,8.525106001638993458e-01,-5.185774661026449905e-01,6.559792876873871137e-02,-4.074394088219320764e+01,9.037911320200490983e-02,2.698436169409269558e-01,9.586532419457295395e-01,-1.173021780834002037e+01,0.000000000000000000e+00,0.000000000000000000e+00,0.000000000000000000e+00,1.000000000000000056e-01
-5.196153383495270006e-01,-8.085201182098411543e-01,2.762157102734212888e-01,2.090007908459247972e+02,8.495648385327778662e-01,-5.232757724613790185e-01,6.649850437206665521e-02,-3.997832285421569054e+01,9.077161054361204684e-02,2.692167981476846772e-01,9.587923812350761521e-01,-1.162424435069502593e+01,0.000000000000000000e+00,0.000000000000000000e+00,0.000000000000000000e+00,1.000000000000000056e-01
-5.242580740036548725e-01,-8.062390090839244294e-01,2.741024116518313014e-01,2.085288245682828006e+02,8.466441883834470161e-01,-5.280260802273224474e-01,6.619725731707883087e-02,-3.923687717482935966e+01,9.136241086197723071e-02,2.667716604722862872e-01,9.594195073326091672e-01,-1.152991332178840445e+01,0.000000000000000000e+00,0.000000000000000000e+00,0.000000000000000000e+00,1.000000000000000056e-01
-5.295164175552993235e-01,-8.032642019304927494e-01,2.727251096550706855e-01,2.080361906172853992e+02,8.432531454494656131e-01,-5.334379755536875489e-01,6.609129236719397948e-02,-3.848434457983539403e+01,9.239316115916942906e-02,2.649727309255652807e-01,9.598192307079826957e-01,-1.142382399187823339e+01,0.000000000000000000e+00,0.000000000000000000e+00,0.000000000000000000e+00,1.000000000000000056e-01
-5.380390198420474945e-01,-7.972683005653492527e-01,2.736371137858473190e-01,2.075219642614112843e+02,8.372788882006495514e-01,-5.429877768692130680e-01,6.425214038546674111e-02,-3.771677071646013957e+01,9.735541331067786019e-02,2.636807370367990622e-01,9.596845275479007897e-01,-1.131269168296264382e+01,0.000000000000000000e+00,0.000000000000000000e+00,0.000000000000000000e+00,1.000000000000000056e-01
-5.395647800391729643e-01,-7.942466613553261778e-01,2.793601422307704918e-01,2.070249733828265164e+02,8.355159759860343316e-01,-5.460343281614590261e-01,6.131530266881209112e-02,-3.697381332040512802e+01,1.038407531433731407e-01,2.664934396850725529e-01,9.582266666042202896e-01,-1.121485763220016274e+01,0.000000000000000000e+00,0.000000000000000000e+00,0.000000000000000000e+00,1.000000000000000056e-01
-5.610587554492554307e-01,-7.810519288869276489e-01,2.741732250161241780e-01,2.064727469477152511e+02,8.203355826530208672e-01,-5.689401376724625425e-01,5.793661690647794460e-02,-3.617007813770761970e+01,1.107366459987891988e-01,2.574198984679488267e-01,9.599335347333636248e-01,-1.107950361024359154e+01,0.000000000000000000e+00,0.000000000000000000e+00,0.000000000000000000e+00,1.000000000000000056e-01
-5.657798595615182169e-01,-7.764215659583152407e-01,2.776016974540801985e-01,2.059285170927045101e+02,8.166519798438330868e-01,-5.741491811383436783e-01,5.858550687087449305e-02,-3.536281116646132006e+01,1.138977362887283323e-01,2.598504756836270690e-01,9.589082521051197627e-01,-1.095897507139712523e+01,0.000000000000000000e+00,0.000000000000000000e+00,0.000000000000000000e+00,1.000000000000000056e-01
-5.704719668899551621e-01,-7.725970208673910156e-01,2.786675049939226212e-01,2.053948693532747427e+02,8.127380638330924389e-01,-5.799386777509218938e-01,5.592825444574846261e-02,-3.462460728099005536e+01,1.184000616112252519e-01,2.583891897803473059e-01,9.587577650351071235e-01,-1.083637162549485922e+01,0.000000000000000000e+00,0.000000000000000000e+00,0.000000000000000000e+00,1.000000000000000056e-01
-5.736471574795969364e-01,-7.707732660138154612e-01,2.771957992358020650e-01,2.049238800942556793e+02,8.107028549875671120e-01,-5.826051895438622008e-01,5.772412001554065586e-02,-3.391997762286078455e+01,1.170035026423850433e-01,2.578367031959512001e-01,9.590778982201896286e-01,-1.071485237237976129e+01,0.000000000000000000e+00,0.000000000000000000e+00,0.000000000000000000e+00,1.000000000000000056e-01
-5.740553448048162366e-01,-7.706920477636957090e-01,2.765759002784333731e-01,2.044501508939884786e+02,8.105302439203424525e-01,-5.827805652444471018e-01,5.837410782010912791e-02,-3.324397602071372404e+01,1.161945988049984391e-01,2.576831005075130854e-01,9.592175117883223745e-01,-1.059879514742334194e+01,0.000000000000000000e+00,0.000000000000000000e+00,0.000000000000000000e+00,1.000000000000000056e-01
-5.775053560754392912e-01,-7.691923122642183586e-01,2.735520982515131094e-01,2.039571973066676946e+02,8.080785143702036155e-01,-5.862655435914057023e-01,5.746152635214631099e-02,-3.258146562676682834e+01,1.161752052609541924e-01,2.542359123945692190e-01,9.601392724659668643e-01,-1.048121738067425923e+01,0.000000000000000000e+00,0.000000000000000000e+00,0.000000000000000000e+00,1.000000000000000056e-01
-5.803366208269542525e-01,-7.672972432613049953e-01,2.728815622403860663e-01,2.035055007639614075e+02,8.059054656100519409e-01,-5.893043886938706954e-01,5.689216084829916420e-02,-3.193116476063107712e+01,1.171571040398204505e-01,2.529333468519821548e-01,9.603639596649061749e-01,-1.037729228305564533e+01,0.000000000000000000e+00,0.000000000000000000e+00,0.000000000000000000e+00,1.000000000000000056e-01
-5.801697401558598699e-01,-7.676930500191355700e-01,2.721221298604717953e-01,2.030727811112010954e+02,8.061872219478624091e-01,-5.888525047611052887e-01,5.757508840254503546e-02,-3.132330862120089066e+01,1.160398025483943829e-01,2.527847079807044040e-01,9.605387319809856050e-01,-1.026555073414978381e+01,0.000000000000000000e+00,0.000000000000000000e+00,0.000000000000000000e+00,1.000000000000000056e-01
-5.811536973407154250e-01,-7.673667307596262477e-01,2.709403635313504255e-01,2.026529504974325278e+02,8.052485088211281949e-01,-5.903658309637114243e-01,5.516361728419097443e-02,-3.075854657360882882e+01,1.176232082055508055e-01,2.502328638564700336e-01,9.610142011113170790e-01,-1.016425245773687713e+01,0.000000000000000000e+00,0.000000000000000000e+00,0.000000000000000000e+00,1.000000000000000056e-01
-5.750440061471566722e-01,-7.727677319235173314e-01,2.686157543630166011e-01,2.022557581121795920e+02,8.099800340572740343e-01,-5.839666124366340583e-01,5.399388843063619714e-02,-3.021838733683994249e+01,1.151378974222075219e-01,2.486222597778921517e-01,9.617329340935182325e-01,-1.006698281847591581e+01,0.000000000000000000e+00,0.000000000000000000e+00,0.000000000000000000e+00,1.000000000000000056e-01
-5.724381900961106329e-01,-7.750280179210626841e-01,2.676678724778867036e-01,2.018717801395933975e+02,8.120361234177932985e-01,-5.810964684454680285e-01,5.407613729555457716e-02,-2.966058125093975661e+01,1.136303339082109093e-01,2.483112276912874117e-01,9.619925578809610522e-01,-9.970713378784429537e+00,0.000000000000000000e+00,0.000000000000000000e+00,0.000000000000000000e+00,1.000000000000000056e-01
-5.648438426807558255e-01,-7.798845982930419085e-01,2.696876836841801128e-01,2.015056441507408920e+02,8.173543004872035889e-01,-5.737062620267903146e-01,5.284952588549909902e-02,-2.912584564925791142e+01,1.135049816559241670e-01,2.502821173327186566e-01,9.614964799117777794e-01,-9.889783313427541245e+00,0.000000000000000000e+00,0.000000000000000000e+00,0.000000000000000000e+00,1.000000000000000056e-01
-5.547895045137729575e-01,-7.873451825386359459e-01,2.688794696784501670e-01,2.011095281814335181e+02,8.245771629986182738e-01,-5.633872636277397206e-01,5.164584633054154772e-02,-2.859118766796441946e+01,1.108201603613372527e-01,2.503644437919450572e-01,9.617881977557416473e-01,-9.789154445712179964e+00,0.000000000000000000e+00,0.000000000000000000e+00,0.000000000000000000e+00,1.000000000000000056e-01
-5.453230614702386791e-01,-7.932930395929104206e-01,2.707561854550475378e-01,2.007758139870785499e+02,8.311783983689925437e-01,-5.535500758740272698e-01,5.219945961996051709e-02,-2.807488075791542315e+01,1.084676390149778014e-01,2.535122617020731939e-01,9.612316601388116721e-01,-9.717097434120253396e+00,0.000000000000000000e+00,0.000000000000000000e+00,0.000000000000000000e+00,1.000000000000000056e-01
-5.327644375801789955e-01,-8.017554044247890976e-01,2.708326522513837542e-01,2.004378213731584708e+02,8.399006863041657001e-01,-5.401205000602189443e-01,5.326051596155437218e-02,-2.754553972407437712e+01,1.035803610520237561e-01,2.558478393310021914e-01,9.611519088645613662e-01,-9.629185212277675987e+00,0.000000000000000000e+00,0.000000000000000000e+00,0.000000000000000000e+00,1.000000000000000056e-01
-5.154972647769924254e-01,-8.128241857589518782e-01,2.712552544241985664e-01,2.001093054475065856e+02,8.512956820106384326e-01,-5.219111848863975389e-01,5.389227106477209595e-02,-2.702120902764493948e+01,9.776620989627055058e-02,2.586997451405276260e-01,9.609975078358655720e-01,-9.559274995878499936e+00,0.000000000000000000e+00,0.000000000000000000e+00,0.000000000000000000e+00,1.000000000000000056e-01
-5.047581047314075864e-01,-8.196899723250968828e-01,2.707907032703292249e-01,1.997338068755850884e+02,8.579244314188049225e-01,-5.111436934091131423e-01,5.194029902504353202e-02,-2.647878514839018038e+01,9.583801794005207542e-02,2.585352470317590634e-01,9.612359753773001003e-01,-9.478275808954117920e+00,0.000000000000000000e+00,0.000000000000000000e+00,0.000000000000000000e+00,1.000000000000000056e-01
-4.855425334599416942e-01,-8.314385308868763591e-01,2.701081589992702647e-01,1.994201971038384329e+02,8.696971117614813451e-01,-4.907644345391433127e-01,5.269918011898423738e-02,-2.594621297063295273e+01,8.874334901861462288e-02,2.604999791711096746e-01,9.613866957976960892e-01,-9.405451155847998734e+00,0.000000000000000000e+00,0.000000000000000000e+00,0.000000000000000000e+00,1.000000000000000056e-01
-4.609929969039625597e-01,-8.450002715252658003e-01,2.710350492606649064e-01,1.991442854117992169e+02,8.835682774434641118e-01,-4.654338302475165001e-01,5.175373181439731074e-02,-2.540552018840518400e+01,8.241696367310392957e-02,2.633360795321330050e-01,9.611771706171304830e-01,-9.350416239672135532e+00,0.000000000000000000e+00,0.000000000000000000e+00,0.000000000000000000e+00,1.000000000000000056e-01
-4.320892246958205618e-01,-8.610761995836399008e-01,2.680423108622222994e-01,1.989208789888420768e+02,8.987604250956796603e-01,-4.356633715455977551e-01,4.926586014022057980e-02,-2.489258094258655518e+01,7.435455724834869051e-02,2.621930685661197913e-01,9.621466596170690222e-01,-9.304330450569986866e+00,0.000000000000000000e+00,0.000000000000000000e+00,0.000000000000000000e+00,1.000000000000000056e-01
-3.989637775876408998e-01,-8.767934518360506191e-01,2.684420738081538804e-01,1.986755344722685095e+02,9.142345274717463832e-01,-4.029302234721992004e-01,4.269032432713576464e-02,-2.436576142231136544e+01,7.073282796207015777e-02,2.624509055615288911e-01,9.623494111903543313e-01,-9.266787680394820370e+00,0.000000000000000000e+00,0.000000000000000000e+00,0.000000000000000000e+00,1.000000000000000056e-01
-3.619568382698969966e-01,-8.927901091876300210e-01,2.681661204671452192e-01,1.984430645923996508e+02,9.300532053401695531e-01,-3.653488936496529504e-01,3.900283509504305635e-02,-2.384070239712381678e+01,6.315285002386045177e-02,2.635261027786703902e-01,9.625828331567883867e-01,-9.215905253651296647e+00,0.000000000000000000e+00,0.000000000000000000e+00,0.000000000000000000e+00,1.000000000000000056e-01
-3.209870076396041938e-01,-9.091141623219015644e-01,2.654783998601757955e-01,1.982539400217386856e+02,9.455272611983506215e-01,-3.236753275085757497e-01,3.482069345894726886e-02,-2.328561451066827814e+01,5.427282245579650999e-02,2.621940545244360599e-01,9.634877988406073124e-01,-9.189361145461459657e+00,0.000000000000000000e+00,0.000000000000000000e+00,0.000000000000000000e+00,1.000000000000000056e-01
-2.801742028829978803e-01,-9.234885641203832707e-01,2.620520711189843754e-01,1.981096452377877597e+02,9.588226099335616093e-01,-2.824378624648302694e-01,2.980027728881859406e-02,-2.270026569931579630e+01,4.649321153748729729e-02,2.596107197038870495e-01,9.645935182737650493e-01,-9.160814195481583155e+00,0.000000000000000000e+00,0.000000000000000000e+00,0.000000000000000000e+00,1.000000000000000056e-01
-2.364513514804742478e-01,-9.374032035730207602e-01,2.556677381174544128e-01,1.979454314762097056e+02,9.709833890913305288e-01,-2.376603758489017615e-01,2.662337056183673722e-02,-2.213323658428715746e+01,3.580525787885534272e-02,2.545442587889124031e-01,9.663980566132321925e-01,-9.126583083448592149e+00,0.000000000000000000e+00,0.000000000000000000e+00,0.000000000000000000e+00,1.000000000000000056e-01
-1.882523860597975496e-01,-9.479149715973050894e-01,2.569401598903408024e-01,1.978534104580865574e+02,9.818572815478338045e-01,-1.877058436462990532e-01,2.688484577842745193e-02,-2.152959592666235267e+01,2.274462165637533562e-02,2.573397032770343706e-01,9.660532900948043400e-01,-9.111633664042882330e+00,0.000000000000000000e+00,0.000000000000000000e+00,0.000000000000000000e+00,1.000000000000000056e-01
-1.357491689345240449e-01,-9.563888505165153431e-01,2.586359018800074017e-01,1.977517966171151613e+02,9.907212689078944701e-01,-1.327775648368056949e-01,2.900837136999624699e-02,-2.094647652104278635e+01,6.597762281091434922e-03,2.601739512013196420e-01,9.655392196328306254e-01,-9.103680251058849038e+00,0.000000000000000000e+00,0.000000000000000000e+00,0.000000000000000000e+00,1.000000000000000056e-01
-8.690653003874060367e-02,-9.630839609959795933e-01,2.547872428300128611e-01,1.976772308386181862e+02,9.961241905010713715e-01,-8.052737596128545228e-02,3.538274748200428976e-02,-2.039132218436551369e+01,-1.355920850237750386e-02,2.568747278209444485e-01,9.663495858496058410e-01,-9.084413204339487180e+00,0.000000000000000000e+00,0.000000000000000000e+00,0.000000000000000000e+00,1.000000000000000056e-01
-3.060789806567187910e-02,-9.653740607737955060e-01,2.590677119231836745e-01,1.976083835828776785e+02,9.990356155359922941e-01,-2.138413631498026213e-02,3.834785006598692703e-02,-1.976807089980479049e+01,-3.148008047357109263e-02,2.599916181325363507e-01,9.650975924921805227e-01,-9.097409915696529126e+00,0.000000000000000000e+00,0.000000000000000000e+00,0.000000000000000000e+00,1.000000000000000056e-01
2.083518907052728242e-02,-9.642252713513528306e-01,2.642641121753113165e-01,1.976270857319999266e+02,9.987467183497193979e-01,3.210444255018229942e-02,3.839657998062573352e-02,-1.920098536475879669e+01,-4.550700475819001445e-02,2.631329148091363090e-01,9.636857276425681018e-01,-9.106709472658348403e+00,0.000000000000000000e+00,0.000000000000000000e+00,0.000000000000000000e+00,1.000000000000000056e-01
7.457773611862261731e-02,-9.606614677567151261e-01,2.675214115597766007e-01,1.976619807949278709e+02,9.959377547297338928e-01,8.532646121120468496e-02,2.876427855986893323e-02,-1.862233283052533750e+01,-5.045938940690877783e-02,2.642894991948924188e-01,9.631224795611381673e-01,-9.138761414841981789e+00,0.000000000000000000e+00,0.000000000000000000e+00,0.000000000000000000e+00,1.000000000000000056e-01
1.265928149554871318e-01,-9.553157384570829525e-01,2.671069056723245905e-01,1.977280877013650411e+02,9.901280293888201633e-01,1.380267347401272771e-01,2.439479279662726263e-02,-1.806814739551999338e+01,-6.017262351150766408e-02,2.613818286591033102e-01,9.633580824525039832e-01,-9.157809980921433279e+00,0.000000000000000000e+00,0.000000000000000000e+00,0.000000000000000000e+00,1.000000000000000056e-01
1.727228406047084386e-01,-9.499180274743036501e-01,2.604276510141897427e-01,1.977859295331460316e+02,9.828567208158588420e-01,1.835311591476600501e-01,1.757782606050656282e-02,-1.757151030587408869e+01,-6.449408252341935766e-02,2.529269750367572067e-01,9.653333406747215406e-01,-9.191878684046256964e+00,0.000000000000000000e+00,0.000000000000000000e+00,0.000000000000000000e+00,1.000000000000000056e-01
2.221008916604755301e-01,-9.406500672831834553e-01,2.566099079220529600e-01,1.978337573912697565e+02,9.723956982947006278e-01,2.330034987464699725e-01,1.248901556830737947e-02,-1.706633462963347725e+01,-7.153879969347695655e-02,2.467525491095208245e-01,9.664343638583895446e-01,-9.236887855294853011e+00,0.000000000000000000e+00,0.000000000000000000e+00,0.000000000000000000e+00,1.000000000000000056e-01
2.698537662597155773e-01,-9.258260905837548682e-01,2.646223626790593642e-01,1.979750141238239109e+02,9.593247039693292288e-01,2.821643617872480192e-01,8.909842386591468322e-03,-1.654560935935562327e+01,-8.291596462446589044e-02,2.514544152159509105e-01,9.643109560088999332e-01,-9.276737413552240241e+00,0.000000000000000000e+00,0.000000000000000000e+00,0.000000000000000000e+00,1.000000000000000056e-01
3.156164913725285626e-01,-9.099080061777604644e-01,2.691721580463096730e-01,1.981709536988180957e+02,9.444741465634531874e-01,3.285696018107432392e-01,3.256261532304821626e-03,-1.599396379159715487e+01,-9.140468722626729492e-02,2.531984144096138811e-01,9.630865724811689121e-01,-9.326372428475602661e+00,0.000000000000000000e+00,0.000000000000000000e+00,0.000000000000000000e+00,1.000000000000000056e-01
3.588302358503479006e-01,-8.922227499561320441e-01,2.741886691683326216e-01,1.984188011565289855e+02,9.279010237049002408e-01,3.728248392959662150e-01,-1.153001012651533319e-03,-1.536400359191618392e+01,-1.011956127852483012e-01,2.548336784348854689e-01,9.616752280725356927e-01,-9.388394764904889556e+00,0.000000000000000000e+00,0.000000000000000000e+00,0.000000000000000000e+00,1.000000000000000056e-01
4.008404352037049367e-01,-8.734335648420955556e-01,2.764792095491696577e-01,1.986245146271249098e+02,9.091242662320188073e-01,4.165191097935347919e-01,-2.213532221341463213e-03,-1.482884659507226388e+01,-1.132255008988612005e-01,2.522412317287373029e-01,9.610173499797864949e-01,-9.438678797438381451e+00,0.000000000000000000e+00,0.000000000000000000e+00,0.000000000000000000e+00,1.000000000000000056e-01
4.417574656100278219e-01,-8.533940107621729165e-01,2.767110477972590799e-01,1.989336170460415190e+02,8.885610787076376749e-01,4.587429380328973405e-01,-3.758485182142584646e-03,-1.425240644596530792e+01,-1.237317703086972115e-01,2.475350060096494220e-01,9.609458204373848567e-01,-9.525025205637607684e+00,0.000000000000000000e+00,0.000000000000000000e+00,0.000000000000000000e+00,1.000000000000000056e-01
4.792111258702755894e-01,-8.315765628737925574e-01,2.807794809475083753e-01,1.992289698172571946e+02,8.669259768065158411e-01,4.984251339584457874e-01,-3.425868732711029319e-03,-1.367139783880358195e+01,-1.370986782584401320e-01,2.450567402001314343e-01,9.597661936650373482e-01,-9.600853115478368949e+00,0.000000000000000000e+00,0.000000000000000000e+00,0.000000000000000000e+00,1.000000000000000056e-01
5.125459176579494347e-01,-8.118574068463032534e-01,2.796144367534816322e-01,1.995475643149319467e+02,8.459808213787954889e-01,5.332071793954973327e-01,-2.560019600817087237e-03,-1.312414462489015676e+01,-1.470140542649895632e-01,2.378605784696027070e-01,9.601089589513664979e-01,-9.693629756327801772e+00,0.000000000000000000e+00,0.000000000000000000e+00,0.000000000000000000e+00,1.000000000000000056e-01
5.457963858760375153e-01,-7.903596864119973864e-01,2.782766092566615890e-01,1.999081580164999252e+02,8.239160389106209292e-01,5.666744013092945842e-01,-6.517954171722351031e-03,-1.256106354558857241e+01,-1.525407027336889709e-01,2.328340374504589694e-01,9.604788623462936492e-01,-9.796425665707287678e+00,0.000000000000000000e+00,0.000000000000000000e+00,0.000000000000000000e+00,1.000000000000000056e-01
5.691785997725600232e-01,-7.733674219361590385e-01,2.791747700791870068e-01,2.002779706784628786e+02,8.078541620938461953e-01,5.891950247082233805e-01,-1.486188570558535926e-02,-1.206323426087535289e+01,-1.529946873214807490e-01,2.339915672559486626e-01,9.601252897952992083e-01,-9.885829212306376235e+00,0.000000000000000000e+00,0.000000000000000000e+00,0.000000000000000000e+00,1.000000000000000056e-01
5.906038226455154749e-01,-7.565056621096635237e-01,2.808670644139755757e-01,2.006531270803071152e+02,7.915986262697827236e-01,6.107272695375487448e-01,-1.959125138941815447e-02,-1.156823395664292420e+01,-1.567122827486654990e-01,2.339046503155292056e-01,9.595467028740561899e-01,-9.999495019498967352e+00,0.000000000000000000e+00,0.000000000000000000e+00,0.000000000000000000e+00,1.000000000000000056e-01
6.113629586645434877e-01,-7.400248141407056446e-01,2.803544314416124283e-01,2.010434618234309028e+02,7.750147755881836575e-01,6.315210486710050031e-01,-2.309248157888854625e-02,-1.104401139060025017e+01,-1.599607151551057371e-01,2.313967146298498978e-01,9.596187420353871067e-01,-1.010187195714678410e+01,0.000000000000000000e+00,0.000000000000000000e+00,0.000000000000000000e+00,1.000000000000000056e-01
6.186039445884483623e-01,-7.315117051143541493e-01,2.867399257520691913e-01,2.014337359263991516e+02,7.675582561368329282e-01,6.406146933569517588e-01,-2.161337760190838730e-02,-1.054503620042067524e+01,-1.678793709060045214e-01,2.334597180154833196e-01,9.577646249931843769e-01,-1.020750549755028302e+01,0.000000000000000000e+00,0.000000000000000000e+00,0.000000000000000000e+00,1.000000000000000056e-01
6.290965742468765942e-01,-7.186758884047049767e-01,2.962135508320853927e-01,2.018710858947855229e+02,7.553923511875783037e-01,6.551038120936168996e-01,-1.487921865265519339e-02,-9.989144905024831544e+00,-1.833572906599206798e-01,2.331179160985257792e-01,9.550058330480155622e-01,-1.032004185066093882e+01,0.000000000000000000e+00,0.000000000000000000e+00,0.000000000000000000e+00,1.000000000000000056e-01
6.368955666420799133e-01,-7.091808722347319183e-01,3.023681988041215796e-01,2.023210802719191292e+02,7.456027212170324159e-01,6.663468970416445147e-01,-7.641656674334501576e-03,-9.423924086890471230e+00,-1.960627942915745825e-01,2.303134890955301495e-01,9.531605727448144716e-01,-1.045598450081695852e+01,0.000000000000000000e+00,0.000000000000000000e+00,0.000000000000000000e+00,1.000000000000000056e-01
6.413660290424432198e-01,-7.036043960964877275e-01,3.059255964838914488e-01,2.027813670150806047e+02,7.405130579496344012e-01,6.720064702198464968e-01,-6.907603690420427434e-03,-8.858001247987296267e+00,-2.007237599199688527e-01,2.309722013064762769e-01,9.520303642359477792e-01,-1.058653128340188587e+01,0.000000000000000000e+00,0.000000000000000000e+00,0.000000000000000000e+00,1.000000000000000056e-01
6.456327372451258206e-01,-6.974300556298160814e-01,3.110461157152711875e-01,2.032466551308372402e+02,7.361998812621348698e-01,6.766769231765751291e-01,-1.086629973367395086e-02,-8.305036075568358100e+00,-2.028992445204882145e-01,2.360077522974088071e-01,9.503326982844166881e-01,-1.073893766759969459e+01,0.000000000000000000e+00,0.000000000000000000e+00,0.000000000000000000e+00,1.000000000000000056e-01
6.495396259144405882e-01,-6.938092303769831659e-01,3.110096882906172033e-01,2.037132812538754649e+02,7.336106842005716278e-01,6.793676064742718568e-01,-1.658370586413661363e-02,-7.778271545887914584e+00,-1.997839793219111093e-01,2.389318043231525857e-01,9.502620451692179726e-01,-1.087477012604484905e+01,0.000000000000000000e+00,0.000000000000000000e+00,0.000000000000000000e+00,1.000000000000000056e-01
6.527189530636297032e-01,-6.909880841000906049e-01,3.106339259372765671e-01,2.042213222473053804e+02,7.313009669869912077e-01,6.817583519510159729e-01,-2.011082367597717691e-02,-7.196043363833383388e+00,-1.978809338855334332e-01,2.402936061919268007e-01,9.503168518067373061e-01,-1.102165093817719921e+01,0.000000000000000000e+00,0.000000000000000000e+00,0.000000000000000000e+00,1.000000000000000056e-01
6.548828924143806907e-01,-6.877541733751821873e-01,3.132452620998353310e-01,2.047674992147330499e+02,7.297063213469561216e-01,6.832911999236571665e-01,-2.533418033372131228e-02,-6.595472494971718724e+00,-1.966140427570406690e-01,2.451679691801288974e-01,9.493342852119183162e-01,-1.117556300904684363e+01,0.000000000000000000e+00,0.000000000000000000e+00,0.000000000000000000e+00,1.000000000000000056e-01
6.551786854299502805e-01,-6.871400019086245647e-01,3.139737376522083734e-01,2.053131316805310291e+02,7.288674959305304624e-01,6.842532988301767150e-01,-2.344347277984044908e-02,-6.010757149487181650e+00,-1.987286178038797091e-01,2.442049156283231381e-01,9.491421893735011439e-01,-1.132920324780974042e+01,0.000000000000000000e+00,0.000000000000000000e+00,0.000000000000000000e+00,1.000000000000000056e-01
6.550906595742572724e-01,-6.863069679509568033e-01,3.159730581561171481e-01,2.058307525452347022e+02,7.284724370160455820e-01,6.846841574851453283e-01,-2.314115374738606734e-02,-5.431249911278729137e+00,-2.004598120483704338e-01,2.453372173780837828e-01,9.484859058113150887e-01,-1.150077669043290918e+01,0.000000000000000000e+00,0.000000000000000000e+00,0.000000000000000000e+00,1.000000000000000056e-01
6.501372993616001406e-01,-6.912477565266115231e-01,3.154330849415318827e-01,2.063535455763474147e+02,7.332027773960878569e-01,6.796613896704057911e-01,-2.177343817489223177e-02,-4.816224763377109142e+00,-1.993368485691195957e-01,2.454321382545884278e-01,9.486979953147959277e-01,-1.164565472532414603e+01,0.000000000000000000e+00,0.000000000000000000e+00,0.000000000000000000e+00,1.000000000000000056e-01
6.510575629251531549e-01,-6.899685904302814698e-01,3.163343073041729459e-01,2.068978017795886046e+02,7.330591223255036315e-01,6.796559108089287315e-01,-2.630904935279768098e-02,-4.212489352475235371e+00,-1.968460640534187012e-01,2.490204552283531714e-01,9.482828902519232495e-01,-1.179571353907217102e+01,0.000000000000000000e+00,0.000000000000000000e+00,0.000000000000000000e+00,1.000000000000000056e-01
6.545009135100343656e-01,-6.871533287540784185e-01,3.153551283818290529e-01,2.074120046788324885e+02,7.312788380216813655e-01,6.812674143546811889e-01,-3.325614529897687188e-02,-3.618562725032614225e+00,-1.919891019724559444e-01,2.523787093252449210e-01,9.483908328337707916e-01,-1.193566029444958687e+01,0.000000000000000000e+00,0.000000000000000000e+00,0.000000000000000000e+00,1.000000000000000056e-01
6.637362594995629417e-01,-6.790142823200433497e-01,3.136778319086720446e-01,2.079460992526581151e+02,7.245534215559366054e-01,6.877946891834421095e-01,-4.428097608044961886e-02,-3.060526163002830646e+00,-1.856785317076635189e-01,2.566672358063035730e-01,9.484963958426186892e-01,-1.210021205185274340e+01,0.000000000000000000e+00,0.000000000000000000e+00,0.000000000000000000e+00,1.000000000000000056e-01
6.644237498350886728e-01,-6.753526027140751564e-01,3.200624043251627526e-01,2.084913340334600775e+02,7.243916921919933971e-01,6.873085644913171643e-01,-5.351274110064933864e-02,-2.489909969319057836e+00,-1.838416626836791024e-01,2.674056827821903459e-01,9.458839484194088154e-01,-1.224363513737075948e+01,0.000000000000000000e+00,0.000000000000000000e+00,0.000000000000000000e+00,1.000000000000000056e-01
6.689137638300065580e-01,-6.728118420030226865e-01,3.160357603488469502e-01,2.090567151252677149e+02,7.207832853735907097e-01,6.910160920815666685e-01,-5.448133634899837707e-02,-1.896065290049481433e+00,-1.817301078105309220e-01,2.642366093954796602e-01,9.471817049385791165e-01,-1.239366572064585270e+01,0.000000000000000000e+00,0.000000000000000000e+00,0.000000000000000000e+00,1.000000000000000056e-01
6.664124413668846003e-01,-6.691522293152080136e-01,3.288308866179026069e-01,2.096512248433244281e+02,7.211161106793692044e-01,6.905280506150131004e-01,-5.623669827158926660e-02,-1.266474610748410390e+00,-1.894360391005059929e-01,2.746020854187332105e-01,9.427129370988786006e-01,-1.255601390574979170e+01,0.000000000000000000e+00,0.000000000000000000e+00,0.000000000000000000e+00,1.000000000000000056e-01
6.655395141461390995e-01,-6.670030530294686066e-01,3.349090658066588011e-01,2.102384243662087329e+02,7.208676433420300178e-01,6.907364988736011124e-01,-5.685885952380319297e-02,-6.226937286262997917e-01,-1.934088826621695734e-01,2.792669267443025349e-01,9.405333528026337264e-01,-1.273142731904884783e+01,0.000000000000000000e+00,0.000000000000000000e+00,0.000000000000000000e+00,1.000000000000000056e-01
6.633297799407796846e-01,-6.688219207176274717e-01,3.356647753507961962e-01,2.107903471329093179e+02,7.220579996524755240e-01,6.898478987355580738e-01,-5.236527234724371038e-02,7.546743911325443088e-02,-1.965345979251047204e-01,2.771048808262296381e-01,9.405248730579636174e-01,-1.288516237428130928e+01,0.000000000000000000e+00,0.000000000000000000e+00,0.000000000000000000e+00,1.000000000000000056e-01
6.598298245102955928e-01,-6.721151985501813142e-01,3.359847653756979913e-01,2.113792556016181265e+02,7.239542578350400825e-01,6.884015361055088045e-01,-4.464927379131997109e-02,7.161407863598984180e-01,-2.012829730733050326e-01,2.726985239516822590e-01,9.408085245071629021e-01,-1.305098202723840295e+01,0.000000000000000000e+00,0.000000000000000000e+00,0.000000000000000000e+00,1.000000000000000056e-01
6.607696106635170263e-01,-6.704760727505432172e-01,3.374097768183261237e-01,2.119320185988936771e+02,7.220117494239179923e-01,6.906296649233428786e-01,-4.158965762884930806e-02,1.362251774409068972e+00,-2.051403307918699404e-01,2.710950051123769966e-01,9.404386970375701038e-01,-1.320692323098144350e+01,0.000000000000000000e+00,0.000000000000000000e+00,0.000000000000000000e+00,1.000000000000000056e-01
6.628081874480301616e-01,-6.697414300700912371e-01,3.348607524024366788e-01,2.124688069416517067e+02,7.195659706559347502e-01,6.934160656122589916e-01,-3.740285851104985237e-02,1.985210546701959400e+00,-2.071475815109586338e-01,2.657453231921200754e-01,9.415249878126848992e-01,-1.338038590764701041e+01,0.000000000000000000e+00,0.000000000000000000e+00,0.000000000000000000e+00,1.000000000000000056e-01
6.643681549174269563e-01,-6.705656715711674210e-01,3.300857992127543827e-01,2.130441760930974908e+02,7.197735440248109740e-01,6.930050756555035107e-01,-4.086576119042981126e-02,2.611734072709559040e+00,-2.013479576593146803e-01,2.647369358930083960e-01,9.430659333898154806e-01,-1.353516793993865619e+01,0.000000000000000000e+00,0.000000000000000000e+00,0.000000000000000000e+00,1.000000000000000056e-01
6.691601851717695615e-01,-6.682222711933331061e-01,3.251209665064780929e-01,2.136208646483166547e+02,7.180186746008466736e-01,6.941422027558254992e-01,-5.114474829084557361e-02,3.201541445567073207e+00,-1.915041239903894632e-01,2.676669546927934462e-01,9.442883944326327939e-01,-1.370119293674024874e+01,0.000000000000000000e+00,0.000000000000000000e+00,0.000000000000000000e+00,1.000000000000000056e-01
6.699435297567337688e-01,-6.683579238848753601e-01,3.232233786677371490e-01,2.141853922996183712e+02,7.179720403012608276e-01,6.940525976320551793e-01,-5.298245998291367664e-02,3.834725713843833539e+00,-1.889227786232587358e-01,2.675606049112904117e-01,9.448383493575880365e-01,-1.385257061214557339e+01,0.000000000000000000e+00,0.000000000000000000e+00,0.000000000000000000e+00,1.000000000000000056e-01
6.681753173257274359e-01,-6.685301735025122039e-01,3.265105701709587471e-01,2.147769935671817336e+02,7.196145816211665380e-01,6.921572141372140941e-01,-5.543685449233340390e-02,4.482983060445289603e+00,-1.889354366836910326e-01,2.720033051904180432e-01,9.435664273015605952e-01,-1.399645179546329032e+01,0.000000000000000000e+00,0.000000000000000000e+00,0.000000000000000000e+00,1.000000000000000056e-01
6.678817742317652018e-01,-6.679546935060167723e-01,3.282841194336281188e-01,2.154168376315778346e+02,7.186373858327879116e-01,6.935155819818397127e-01,-5.095532584339766691e-02,5.172844202164287530e+00,-1.936343030881824967e-01,2.699493748310474173e-01,9.432036321473112883e-01,-1.417429713712562744e+01,0.000000000000000000e+00,0.000000000000000000e+00,0.000000000000000000e+00,1.000000000000000056e-01
6.708735785276835895e-01,-6.635369901433968431e-01,3.311303434372959709e-01,2.160642536490504426e+02,7.152521877885146262e-01,6.968793567361981633e-01,-5.266374482208763252e-02,5.895598456670312792e+00,-1.958135580014912780e-01,2.721724175341508345e-01,9.421142317343542683e-01,-1.434125941087263456e+01,0.000000000000000000e+00,0.000000000000000000e+00,0.000000000000000000e+00,1.000000000000000056e-01
6.700566117642359210e-01,-6.638572021205633167e-01,3.321411630973938323e-01,2.167220075165397475e+02,7.145944041155456450e-01,6.979901488554307587e-01,-4.652515134335404035e-02,6.620932178813698776e+00,-2.009452030723310745e-01,2.685207017967724541e-01,9.420815559540418604e-01,-1.453837615773354131e+01,0.000000000000000000e+00,0.000000000000000000e+00,0.000000000000000000e+00,1.000000000000000056e-01
6.723277870631190201e-01,-6.600213988733498738e-01,3.351821889242857511e-01,2.173455147919241881e+02,7.116650018023302771e-01,7.009265504037602845e-01,-4.727468824618602516e-02,7.289086467534142244e+00,-2.037357895719318635e-01,2.703215196175678958e-01,9.409665265455250394e-01,-1.471343735414700937e+01,0.000000000000000000e+00,0.000000000000000000e+00,0.000000000000000000e+00,1.000000000000000056e-01
6.751712855958407200e-01,-6.576755449153853794e-01,3.340757589636076386e-01,2.180178143790296872e+02,7.085254092628846534e-01,7.042104348529126812e-01,-4.560052492168621685e-02,8.007134140100022890e+00,-2.052692854172813719e-01,2.674893288797190460e-01,9.414424992530112668e-01,-1.491182832927705171e+01,0.000000000000000000e+00,0.000000000000000000e+00,0.000000000000000000e+00,1.000000000000000056e-01
6.788974069349309470e-01,-6.540808359528297311e-01,3.335814306826359044e-01,2.186685652022229078e+02,7.058726967659679774e-01,7.064765197220539417e-01,-5.132896883587499681e-02,8.684071999063222691e+00,-2.020941533478064212e-01,2.703131279103213602e-01,9.413228808766795908e-01,-1.509026725812402958e+01,0.000000000000000000e+00,0.000000000000000000e+00,0.000000000000000000e+00,1.000000000000000056e-01
6.846612074666047487e-01,-6.503728604702468941e-01,3.290200196859146553e-01,2.193417357327979289e+02,7.019807217435852786e-01,7.098652674119804162e-01,-5.757055169505327641e-02,9.408256296669229357e+00,-1.961175598734749004e-01,2.703820343252607561e-01,9.425664211202346987e-01,-1.528523748877978683e+01,0.000000000000000000e+00,0.000000000000000000e+00,0.000000000000000000e+00,1.000000000000000056e-01
6.889197574903127563e-01,-6.456461005368109296e-01,3.294399499166715817e-01,2.200564130697726171e+02,6.980497305917113815e-01,7.133927427974657842e-01,-6.162278916722455091e-02,1.014193654169113401e+01,-1.952335559280935773e-01,2.724186252544403830e-01,9.421634419006889027e-01,-1.548342403109063525e+01,0.000000000000000000e+00,0.000000000000000000e+00,0.000000000000000000e+00,1.000000000000000056e-01
6.882220367655511595e-01,-6.431460526909205111e-01,3.357284364160476597e-01,2.207544336768000335e+02,6.974991743068859051e-01,7.138740473646066897e-01,-6.227958205132766434e-02,1.086843174073692353e+01,-1.996129503601633270e-01,2.770324879998070089e-01,9.398976915819868827e-01,-1.566972905933831761e+01,0.000000000000000000e+00,0.000000000000000000e+00,0.000000000000000000e+00,1.000000000000000056e-01
6.870679454448214152e-01,-6.400690951930904093e-01,3.438738020276195795e-01,2.214318011151406722e+02,6.962805809304412064e-01,7.152732995408828121e-01,-5.981186824590918605e-02,1.159089948484699661e+01,-2.076800206119963632e-01,2.805274680714836544e-01,9.371090377837594243e-01,-1.585481297243575582e+01,0.000000000000000000e+00,0.000000000000000000e+00,0.000000000000000000e+00,1.000000000000000056e-01
6.917535537830277192e-01,-6.339404577316948286e-01,3.458272934276313548e-01,2.221076196119697954e+02,6.910377549847496192e-01,7.201395251755760007e-01,-6.217624518683424750e-02,1.228615896501629301e+01,-2.096278655479492659e-01,2.819903550315600582e-01,9.362358664647416617e-01,-1.603798022272955848e+01,0.000000000000000000e+00,0.000000000000000000e+00,0.000000000000000000e+00,1.000000000000000056e-01
6.954098614163719549e-01,-6.305977004185205903e-01,3.446036344435969290e-01,2.227884635942540115e+02,6.879433966074128826e-01,7.227920798009583869e-01,-6.561625135026270816e-02,1.297949476194754581e+01,-2.076993204348973054e-01,2.826979830205353372e-01,9.364522639659764724e-01,-1.621360174211996963e+01,0.000000000000000000e+00,0.000000000000000000e+00,0.000000000000000000e+00,1.000000000000000056e-01
7.007835682322056670e-01,-6.260828516872235516e-01,3.419395462928082607e-01,2.234906762710718624e+02,6.839136362427963300e-01,7.259592476359497670e-01,-7.242450505872850830e-02,1.366543010844827677e+01,-2.028904351045006105e-01,2.846110215628336881e-01,9.369269116361567118e-01,-1.640692802922148275e+01,0.000000000000000000e+00,0.000000000000000000e+00,0.000000000000000000e+00,1.000000000000000056e-01
7.047467382024719118e-01,-6.222405664792018953e-01,3.408059747431351205e-01,2.242143905460585529e+02,6.802089581562797971e-01,7.291360259608091754e-01,-7.534207914589730049e-02,1.436869581788801042e+01,-2.016130160404454585e-01,2.849163615409269212e-01,9.371098434491844653e-01,-1.660044742509405324e+01,0.000000000000000000e+00,0.000000000000000000e+00,0.000000000000000000e+00,1.000000000000000056e-01
7.083097094228720803e-01,-6.181118612691366421e-01,3.409326656330985417e-01,2.249492289364552562e+02,6.762837156117097459e-01,7.326308881751043556e-01,-7.676143361205459148e-02,1.507612125910941003e+01,-2.023306490270485591e-01,2.849380786243940200e-01,9.369485577202901760e-01,-1.679759145987397062e+01,0.000000000000000000e+00,0.000000000000000000e+00,0.000000000000000000e+00,1.000000000000000056e-01
7.114144456707933717e-01,-6.125414234966827243e-01,3.445032525123317146e-01,2.257153094411655445e+02,6.716592401553492797e-01,7.368659845426124289e-01,-7.682698704222024055e-02,1.579973990486143975e+01,-2.067930163348287165e-01,2.860446212126774301e-01,9.356362129965039021e-01,-1.698554267986174793e+01,0.000000000000000000e+00,0.000000000000000000e+00,0.000000000000000000e+00,1.000000000000000056e-01
7.159120186014360510e-01,-6.063289809484048165e-01,3.461721370706863365e-01,2.265346161146842405e+02,6.658915119631184654e-01,7.420167834688196074e-01,-7.745700320861123589e-02,1.652877643594805690e+01,-2.099011098529234842e-01,2.859654872753980559e-01,9.349680551600975109e-01,-1.720039004890719170e+01,0.000000000000000000e+00,0.000000000000000000e+00,0.000000000000000000e+00,1.000000000000000056e-01
7.251083012533530159e-01,-5.960228944119286831e-01,3.449270369082475529e-01,2.273761903518200711e+02,6.537134510859260450e-01,7.532461763223401441e-01,-7.265618848455197842e-02,1.728916065702989613e+01,-2.165102199038308195e-01,2.781670490777100047e-01,9.358132385709200252e-01,-1.743673277994465565e+01,0.000000000000000000e+00,0.000000000000000000e+00,0.000000000000000000e+00,1.000000000000000056e-01
7.310350212053507990e-01,-5.891350644499833145e-01,3.442494351582966461e-01,2.282307849573398357e+02,6.465473956006282386e-01,7.593243139317851220e-01,-7.350545227443081031e-02,1.805532944318673216e+01,-2.180923268098562129e-01,2.763086356007314892e-01,9.359964075140059236e-01,-1.767762684713884980e+01,0.000000000000000000e+00,0.000000000000000000e+00,0.000000000000000000e+00,1.000000000000000056e-01
7.371424297639506129e-01,-5.831323867043303188e-01,3.414347050582444698e-01,2.290458521137114758e+02,6.398614062222602872e-01,7.647979361135350818e-01,-7.524292487502434734e-02,1.876565918104477859e+01,-2.172519713810913966e-01,2.739356429765729128e-01,9.368889178755617220e-01,-1.791911804747630299e+01,0.000000000000000000e+00,0.000000000000000000e+00,0.000000000000000000e+00,1.000000000000000056e-01
7.442105778965576457e-01,-5.761342456222903197e-01,3.379644164229515524e-01,2.298509746399601852e+02,6.322547164954953614e-01,7.707984054521123118e-01,-7.825465878579937473e-02,1.945714448656468321e+01,-2.154172444723784774e-01,2.719175411291364641e-01,9.378999208925288267e-01,-1.814863090116489985e+01,0.000000000000000000e+00,0.000000000000000000e+00,0.000000000000000000e+00,1.000000000000000056e-01
7.508084886076447084e-01,-5.682945264084640069e-01,3.366421611873414155e-01,2.306754824613693131e+02,6.247933513661092508e-01,7.763837659343364450e-01,-8.283426876796283478e-02,2.015087148121348193e+01,-2.142892473350212490e-01,2.725244562379625091e-01,9.379821635984305628e-01,-1.835407738726443228e+01,0.000000000000000000e+00,0.000000000000000000e+00,0.000000000000000000e+00,1.000000000000000056e-01
7.555227178633205920e-01,-5.624751601424279324e-01,3.358677076099628178e-01,2.314861371519962461e+02,6.188738097478928557e-01,7.809566630536968201e-01,-8.427275977540769902e-02,2.083642956663107171e+01,-2.148967901122545432e-01,2.715297122872277202e-01,9.381316458496989918e-01,-1.858227186599203407e+01,0.000000000000000000e+00,0.000000000000000000e+00,0.000000000000000000e+00,1.000000000000000056e-01
7.633580088970900457e-01,-5.524429122893081967e-01,3.348005061435510576e-01,2.322939146688322580e+02,6.095623425233680504e-01,7.875826877629126255e-01,-9.026217653907239735e-02,2.150337215016481807e+01,-2.138183828161046296e-01,2.729841361644562703e-01,9.379559480980177444e-01,-1.878066253760353277e+01,0.000000000000000000e+00,0.000000000000000000e+00,0.000000000000000000e+00,1.000000000000000056e-01
7.683250343714498332e-01,-5.470935886938220749e-01,3.322126529321624555e-01,2.330743403205664208e+02,6.043551592204400302e-01,7.910249776284770107e-01,-9.504907307019935803e-02,2.215728801185188246e+01,-2.107877678655641074e-01,2.738030130914972382e-01,9.384031260286116449e-01,-1.898612760583127113e+01,0.000000000000000000e+00,0.000000000000000000e+00,0.000000000000000000e+00,1.000000000000000056e-01
7.738338742759403033e-01,-5.382072566777016398e-01,3.339372454257699130e-01,2.339040643185597332e+02,5.966289826327768608e-01,7.963825065076060028e-01,-9.903918624080404465e-02,2.282899846029812352e+01,-2.126381717981650765e-01,2.758765161954268019e-01,9.373778084135597766e-01,-1.918094043502819090e+01,0.000000000000000000e+00,0.000000000000000000e+00,0.000000000000000000e+00,1.000000000000000056e-01
7.794264119069178598e-01,-5.290337851564457239e-01,3.355856412079505358e-01,2.346891283170963902e+02,5.874989371637373559e-01,8.032381143039095672e-01,-9.825238196083876940e-02,2.343232050399631561e+01,-2.175763481019631351e-01,2.737367090701268157e-01,9.368717878418957312e-01,-1.939484286623589782e+01,0.000000000000000000e+00,0.000000000000000000e+00,0.000000000000000000e+00,1.000000000000000056e-01
7.809610586601156701e-01,-5.228750813933048525e-01,3.416159746183075052e-01,2.354632329397603314e+02,5.823656699757010502e-01,8.072705891898716013e-01,-9.573098904111695950e-02,2.405552838613577293e+01,-2.257211804200577321e-01,2.737075904811233640e-01,9.349513910481086487e-01,-1.958746126372381013e+01,0.000000000000000000e+00,0.000000000000000000e+00,0.000000000000000000e+00,1.000000000000000056e-01
7.860527215930041001e-01,-5.131468737280957537e-01,3.446757967413914270e-01,2.362542878154682455e+02,5.739985073907749591e-01,8.128674814114389413e-01,-9.885429265836874480e-02,2.466833411589384895e+01,-2.294489755684117616e-01,2.755480786485469125e-01,9.335022356500816132e-01,-1.978701681046086946e+01,0.000000000000000000e+00,0.000000000000000000e+00,0.000000000000000000e+00,1.000000000000000056e-01
7.926970123340730812e-01,-5.054545671841564891e-01,3.408036489671308900e-01,2.370696940199487699e+02,5.657573960285172676e-01,8.181803142103566406e-01,-1.024672741789968422e-01,2.526667873915380724e+01,-2.270462848752780871e-01,2.740376871003679105e-01,9.345337503659324474e-01,-1.999405898350031663e+01,0.000000000000000000e+00,0.000000000000000000e+00,0.000000000000000000e+00,1.000000000000000056e-01
8.003369373236748352e-01,-4.956728673509455119e-01,3.372968949270839789e-01,2.378463547623025249e+02,5.558631480015580051e-01,8.242751862209043434e-01,-1.076409683823564833e-01,2.583020984259054487e+01,-2.246707534352398450e-01,2.736399567910093311e-01,9.352241584765954574e-01,-2.019060674823120038e+01,0.000000000000000000e+00,0.000000000000000000e+00,0.000000000000000000e+00,1.000000000000000056e-01
8.072513600699104952e-01,-4.882038501538846220e-01,3.316658595035113510e-01,2.386620433201915716e+02,5.481603755837077818e-01,8.284717728139812110e-01,-1.146940464470034698e-01,2.641209927630146836e+01,-2.187817275395913252e-01,2.743930071000030835e-01,9.363989712453819614e-01,-2.039773373873547868e+01,0.000000000000000000e+00,0.000000000000000000e+00,0.000000000000000000e+00,1.000000000000000056e-01
8.130153274442069034e-01,-4.779682799160044349e-01,3.324942115810816667e-01,2.395419502165061658e+02,5.377855617151067191e-01,8.353089244888679543e-01,-1.142177318984136380e-01,2.699671395040571653e+01,-2.231429294231753180e-01,2.716713530414769373e-01,9.361633986570170318e-01,-2.061952325948598741e+01,0.000000000000000000e+00,0.000000000000000000e+00,0.000000000000000000e+00,1.000000000000000056e-01
8.208056040479225768e-01,-4.645728715023889066e-01,3.323404992286522752e-01,2.404053484019457585e+02,5.244254428787897826e-01,8.435050782096770172e-01,-1.160910758666314768e-01,2.760912213407833704e+01,-2.263981343229447829e-01,2.695760191458276833e-01,9.359875291244954543e-01,-2.083318765970281206e+01,0.000000000000000000e+00,0.000000000000000000e+00,0.000000000000000000e+00,1.000000000000000056e-01
8.259255498603633727e-01,-4.558625696863427001e-01,3.317172043274523308e-01,2.412351213625635751e+02,5.156947177664008564e-01,8.486416371060024888e-01,-1.177553813542130678e-01,2.815326963868323062e+01,-2.278287605981486885e-01,2.683219881579003152e-01,9.360007299758388299e-01,-2.104162815183694235e+01,0.000000000000000000e+00,0.000000000000000000e+00,0.000000000000000000e+00,1.000000000000000056e-01
8.295921357904386673e-01,-4.497898927374143763e-01,3.308563746188422638e-01,2.420456318429761211e+02,5.098100810793935178e-01,8.518416575672566049e-01,-1.202475432717488441e-01,2.865801764682843000e+01,-2.277511129818702851e-01,2.684303314164294130e-01,9.359885617416408010e-01,-2.124219588680098525e+01,0.000000000000000000e+00,0.000000000000000000e+00,0.000000000000000000e+00,1.000000000000000056e-01
8.362673194725855907e-01,-4.393056186012425091e-01,3.281273287117610904e-01,2.428306165608761660e+02,4.989967802491269699e-01,8.577843384520469350e-01,-1.233217012832245052e-01,2.914690503291514290e+01,-2.272865673178707802e-01,2.668643891038367522e-01,9.365490986302293930e-01,-2.143846252157934629e+01,0.000000000000000000e+00,0.000000000000000000e+00,0.000000000000000000e+00,1.000000000000000056e-01
8.427451150121720858e-01,-4.280228476641075863e-01,3.264615030912971783e-01,2.436635809890473752e+02,4.881757956933138187e-01,8.632483827392420928e-01,-1.284002422010287747e-01,2.962969561391127016e+01,-2.268591272625389565e-01,2.675792809161259278e-01,9.364487518289978940e-01,-2.163739571477683299e+01,0.000000000000000000e+00,0.000000000000000000e+00,0.000000000000000000e+00,1.000000000000000056e-01
8.472468657413979587e-01,-4.170390335609332477e-01,3.290154904832602867e-01,2.445041097042326044e+02,4.793208065265072704e-01,8.671758134906769611e-01,-1.351209566557356467e-01,3.012894309488067535e+01,-2.289635624333186126e-01,2.721847772807020061e-01,9.346074759461848735e-01,-2.184466109912536069e+01,0.000000000000000000e+00,0.000000000000000000e+00,0.000000000000000000e+00,1.000000000000000056e-01
8.545531310042961959e-01,-4.014400001048295530e-01,3.295221883372780880e-01,2.453042112592236492e+02,4.647764761816743362e-01,8.742487076128071521e-01,-1.402569942123458036e-01,3.042238662544504990e+01,-2.317795795123022140e-01,2.730112150684856909e-01,9.336718390140774648e-01,-2.205828181328424620e+01,0.000000000000000000e+00,0.000000000000000000e+00,0.000000000000000000e+00,1.000000000000000056e-01
8.605413324336099734e-01,-3.875815145720580834e-01,3.305286443493463677e-01,2.461816437204304862e+02,4.494839696982116384e-01,8.830662988995647833e-01,-1.347518932414743520e-01,3.090736680424555161e+01,-2.396513637718849232e-01,2.645269009190824860e-01,9.341267272337419048e-01,-2.228314641056207179e+01,0.000000000000000000e+00,0.000000000000000000e+00,0.000000000000000000e+00,1.000000000000000056e-01
8.669513949320758472e-01,-3.745536064076238070e-01,3.287930576401677518e-01,2.471447907908466277e+02,4.368978781425307822e-01,8.885910683786477637e-01,-1.397360271091452888e-01,3.141387513015448718e+01,-2.398239414651551493e-01,2.647933328555239774e-01,9.340069421451756559e-01,-2.253106609971668917e+01,0.000000000000000000e+00,0.000000000000000000e+00,0.000000000000000000e+00,1.000000000000000056e-01
8.770657656948485092e-01,-3.527707739264669407e-01,3.260497258232716855e-01,2.481567450608653189e+02,4.161752059985920349e-01,8.969943199541452472e-01,-1.489945901099430092e-01,3.192675996356958379e+01,-2.399038152221398268e-01,2.663718660694517903e-01,9.335374595636425354e-01,-2.278114376793556772e+01,0.000000000000000000e+00,0.000000000000000000e+00,0.000000000000000000e+00,1.000000000000000056e-01
8.841290186413287566e-01,-3.356136040584591917e-01,3.250836617967946540e-01,2.491593001496630109e+02,3.994123301860036390e-01,9.038962581221887671e-01,-1.531056662834277826e-01,3.238256783013047624e+01,-2.424575610116289082e-01,2.652075853432502850e-01,9.332091232862518293e-01,-2.303800396183522992e+01,0.000000000000000000e+00,0.000000000000000000e+00,0.000000000000000000e+00,1.000000000000000056e-01
8.880848067362725473e-01,-3.252530513854248184e-01,3.248320005921022657e-01,2.501200330506973444e+02,3.898222848504205862e-01,9.073699002599231456e-01,-1.572210238368094704e-01,3.281433808942464481e+01,-2.436061622336242183e-01,2.662523552323383114e-01,9.326123101562824314e-01,-2.328699775959070450e+01,0.000000000000000000e+00,0.000000000000000000e+00,0.000000000000000000e+00,1.000000000000000056e-01
8.951480880477500346e-01,-3.116860297715552952e-01,3.186874947494847121e-01,2.510407972635028102e+02,3.756442927238178853e-01,9.123477608360733848e-01,-1.628279111252910472e-01,3.324256834572688035e+01,-2.400026370865126490e-01,2.654682318897088056e-01,9.337694319524876274e-01,-2.353256941856874462e+01,0.000000000000000000e+00,0.000000000000000000e+00,0.000000000000000000e+00,1.000000000000000056e-01
8.985291335405367619e-01,-3.011800770996976850e-01,3.192741100326057513e-01,2.519486181188284775e+02,3.657955889944548011e-01,9.158629474321674513e-01,-1.654951618418579184e-01,3.362605510568679534e+01,-2.425674818500867247e-01,2.654912855049728626e-01,9.330998842941867766e-01,-2.374959760907512774e+01,0.000000000000000000e+00,0.000000000000000000e+00,0.000000000000000000e+00,1.000000000000000056e-01
9.002697585229082478e-01,-2.913748241688456364e-01,3.234425354366348704e-01,2.528846993401956809e+02,3.568318554770086859e-01,9.195057440117170300e-01,-1.648642279158638591e-01,3.402141240159178182e+01,-2.493699837709817957e-01,2.638368787149229511e-01,9.317750332693118809e-01,-2.397872828702913139e+01,0.000000000000000000e+00,0.000000000000000000e+00,0.000000000000000000e+00,1.000000000000000056e-01
9.047236621616800978e-01,-2.760385355390561624e-01,3.244654404127061964e-01,2.538422927787148637e+02,3.414864816497404365e-01,9.252912866731092256e-01,-1.649939927915664295e-01,3.440480138596121407e+01,-2.546803446975043350e-01,2.600745310565323321e-01,9.313963497461674734e-01,-2.423271604813564295e+01,0.000000000000000000e+00,0.000000000000000000e+00,0.000000000000000000e+00,1.000000000000000056e-01
9.086943415074850705e-01,-2.638565405277202292e-01,3.235031989533049823e-01,2.547833779702106085e+02,3.292283230643407999e-01,9.294147721613649216e-01,-1.667240012130232762e-01,3.478466741828808750e+01,-2.566774337656509419e-01,2.580075721931077704e-01,9.314229907440003675e-01,-2.446557795591326823e+01,0.000000000000000000e+00,0.000000000000000000e+00,0.000000000000000000e+00,1.000000000000000056e-01
9.150872615237619634e-01,-2.510159232175122046e-01,3.156046737426462800e-01,2.556621978172916272e+02,3.154841946572873868e-01,9.331026266972247685e-01,-1.725955126073167589e-01,3.512340229086528609e+01,-2.511673281268585467e-01,2.575082413088941036e-01,9.330618837674248267e-01,-2.469079044164264047e+01,0.000000000000000000e+00,0.000000000000000000e+00,0.000000000000000000e+00,1.000000000000000056e-01
9.218437849445351162e-01,-2.365743956077707155e-01,3.069797900545762070e-01,2.565800503093061025e+02,2.999699512010315372e-01,9.370736468453112478e-01,-1.786365269604165140e-01,3.544617379250353650e+01,-2.454018429751179398e-01,2.567596847849109576e-01,9.348007272855368699e-01,-2.492280173079279137e+01,0.000000000000000000e+00,0.000000000000000000e+00,0.000000000000000000e+00,1.000000000000000056e-01
9.271212467031786364e-01,-2.247710258891311708e-01,2.998736064282605529e-01,2.574859410182198189e+02,2.871444775496540536e-01,9.402432045390152204e-01,-1.830048232450166013e-01,3.576505216470762605e+01,-2.408199388013376741e-01,2.557747099283880776e-01,9.362612107936378880e-01,-2.513838642154936664e+01,0.000000000000000000e+00,0.000000000000000000e+00,0.000000000000000000e+00,1.000000000000000056e-01
9.296206782226899001e-01,-2.148316632271000393e-01,2.994206924978031759e-01,2.583998048777002623e+02,2.777776674920051647e-01,9.424176283646263919e-01,-1.862487078889248360e-01,3.605422941442832752e+01,-2.421672192173977278e-01,2.563130317066826258e-01,9.357663531639945909e-01,-2.536986207161444895e+01,0.000000000000000000e+00,0.000000000000000000e+00,0.000000000000000000e+00,1.000000000000000056e-01
9.325684515853041034e-01,-2.034176730179188264e-01,2.982236298681970044e-01,2.593333117826551302e+02,2.662019114133871711e-01,9.455037082942692184e-01,-1.875080797236341745e-01,3.633318746270235522e+01,-2.438290906919177714e-01,2.542518198671558372e-01,9.358971025847830916e-01,-2.558892867350604305e+01,0.000000000000000000e+00,0.000000000000000000e+00,0.000000000000000000e+00,1.000000000000000056e-01
9.367248812008165393e-01,-1.881002700859878418e-01,2.952368292284934248e-01,2.602084039407287150e+02,2.512416115634008573e-01,9.485249203051273614e-01,-1.928163068290052184e-01,3.661505193320962803e+01,-2.437706905235766386e-01,2.547916088762153253e-01,9.357655082807488922e-01,-2.580719648248105713e+01,0.000000000000000000e+00,0.000000000000000000e+00,0.000000000000000000e+00,1.000000000000000056e-01
9.418691332325822563e-01,-1.757169469818058716e-01,2.863670553801492824e-01,2.610782559546966013e+02,2.368866095053648591e-01,9.517395557297461117e-01,-1.951321406032288375e-01,3.686093731823943642e+01,-2.382588300583150520e-01,2.516254609588201019e-01,9.380391022214927821e-01,-2.601554310633672529e+01,0.000000000000000000e+00,0.000000000000000000e+00,0.000000000000000000e+00,1.000000000000000056e-01
9.437787349944130044e-01,-1.626309222386153885e-01,2.878070230278666486e-01,2.619678723041477610e+02,2.244171464402136829e-01,9.544609822651203279e-01,-1.965735936414996499e-01,3.711406886665658078e+01,-2.427316290803017695e-01,2.501108083736470200e-01,9.372971459354304535e-01,-2.620835173767934734e+01,0.000000000000000000e+00,0.000000000000000000e+00,0.000000000000000000e+00,1.000000000000000056e-01
9.463073570638268484e-01,-1.447912682500273329e-01,2.890291933445884864e-01,2.629486515197074255e+02,2.073317001599793430e-01,9.578171804271355949e-01,-1.989970225590934616e-01,3.735455594715549665e+01,-2.480240957561327675e-01,2.482372605334673965e-01,9.364092643749271083e-01,-2.644226928995125547e+01,0.000000000000000000e+00,0.000000000000000000e+00,0.000000000000000000e+00,1.000000000000000056e-01
9.482682954573139478e-01,-1.329214175689029109e-01,2.883038962309626974e-01,2.639335864383951389e+02,1.948629541144086819e-01,9.606304880996475726e-01,-1.980340739550613405e-01,3.759089882814934214e+01,-2.506305427203280867e-01,2.439691826540930086e-01,9.368368956071315701e-01,-2.667773031230926861e+01,0.000000000000000000e+00,0.000000000000000000e+00,0.000000000000000000e+00,1.000000000000000056e-01
9.508898388525329759e-01,-1.171735374468844126e-01,2.864941124860814203e-01,2.649115526125177098e+02,1.785158404530429732e-01,9.637385272163943029e-01,-1.983435047237970539e-01,3.781170713691752638e+01,-2.528648039454039487e-01,2.397465605195594207e-01,9.373265053569613814e-01,-2.690893169472626312e+01,0.000000000000000000e+00,0.000000000000000000e+00,0.000000000000000000e+00,1.000000000000000056e-01
9.548671486251845142e-01,-1.037782737752971501e-01,2.783142079891524623e-01,2.658758032083805460e+02,1.623998984031284343e-01,9.669359268499471138e-01,-1.966244805854227007e-01,3.799610697015076965e+01,-2.487066574803805108e-01,2.329484562280960680e-01,9.401489324920193624e-01,-2.713773905655980201e+01,0.000000000000000000e+00,0.000000000000000000e+00,0.000000000000000000e+00,1.000000000000000056e-01
9.574262627266300063e-01,-8.485609016495815338e-02,2.759246190596889026e-01,2.668361942962150692e+02,1.422420822257220441e-01,9.704078008713576953e-01,-1.951304436834658262e-01,3.819108282565688484e+01,-2.512013962648473875e-01,2.260711037924391653e-01,9.411640210636291748e-01,-2.735726913041647634e+01,0.000000000000000000e+00,0.000000000000000000e+00,0.000000000000000000e+00,1.000000000000000056e-01
9.602582191333890460e-01,-7.113617619589232555e-02,2.698959003449279415e-01,2.677626448374481356e+02,1.258705986994998194e-01,9.734340889294784693e-01,-1.912659585317408872e-01,3.832969007156012964e+01,-2.491199409316761093e-01,2.176366672834867400e-01,9.437020377661240467e-01,-2.754932434773927241e+01,0.000000000000000000e+00,0.000000000000000000e+00,0.000000000000000000e+00,1.000000000000000056e-01
9.626591989774899716e-01,-4.331757585151049805e-02,2.672280940439570873e-01,2.687297207626620548e+02,9.709708500829791755e-02,9.766856489792858920e-01,-1.914609598868721174e-01,3.844653979663933541e+01,-2.527042198043173427e-01,2.102587232441491816e-01,9.444214348440168605e-01,-2.775343371408510862e+01,0.000000000000000000e+00,0.000000000000000000e+00,0.000000000000000000e+00,1.000000000000000056e-01
9.652917078614170476e-01,-1.999801846588342147e-02,2.604073693109064114e-01,2.697172575748629129e+02,7.244206886988677208e-02,9.784434257207924590e-01,-1.933923714152414597e-01,3.854197765768621764e+01,-2.509264142967798095e-01,2.055445010726346666e-01,9.459320232907660886e-01,-2.796881008881278419e+01,0.000000000000000000e+00,0.000000000000000000e+00,0.000000000000000000e+00,1.000000000000000056e-01
9.670266375227242195e-01,6.647748662971568467e-03,2.545884713792195275e-01,2.707652610580361738e+02,4.426344328356042468e-02,9.800576329659328456e-01,-1.937208911137255352e-01,3.863093061410680207e+01,-2.507991824352239774e-01,1.986022243151542299e-01,9.474475851396194637e-01,-2.820205989690964543e+01,0.000000000000000000e+00,0.000000000000000000e+00,0.000000000000000000e+00,1.000000000000000056e-01
9.682240147573039080e-01,2.950062841741370179e-02,2.483384186351880740e-01,2.717768917532888509e+02,1.981342853255129571e-02,9.808477405282134409e-01,-1.937656779475768754e-01,3.869304495756473017e+01,-2.492983860698534948e-01,1.925290181340887918e-01,9.490958286070432237e-01,-2.844066344204266272e+01,0.000000000000000000e+00,0.000000000000000000e+00,0.000000000000000000e+00,1.000000000000000056e-01
9.676829422320935015e-01,5.498511228254480271e-02,2.461023379415863688e-01,2.727297957068598180e+02,-6.113054115071840655e-03,9.807663387965609436e-01,-1.950897722920798272e-01,3.872800469336355889e+01,-2.520959219868997292e-01,1.872806079413063263e-01,9.494069833357607902e-01,-2.867647743449091635e+01,0.000000000000000000e+00,0.000000000000000000e+00,0.000000000000000000e+00,1.000000000000000056e-01
9.663025359638257594e-01,8.218767909693174001e-02,2.439356357618522875e-01,2.737516520235599842e+02,-3.332685989170099117e-02,9.796268692575702541e-01,-1.980417063104895625e-01,3.873384048268857072e+01,-2.552424913677937002e-01,1.832385942788010147e-01,9.493549853279807937e-01,-2.889855922862998483e+01,0.000000000000000000e+00,0.000000000000000000e+00,0.000000000000000000e+00,1.000000000000000056e-01
9.638129651763258643e-01,1.101795166766308537e-01,2.427448089309482415e-01,2.747442456899073591e+02,-6.120317581250254990e-02,9.777239635938860252e-01,-2.007735597251922577e-01,3.871301060980027131e+01,-2.594585505017756311e-01,1.786514067091705404e-01,9.490863688054697045e-01,-2.914402864904220891e+01,0.000000000000000000e+00,0.000000000000000000e+00,0.000000000000000000e+00,1.000000000000000056e-01
9.603466781933713836e-01,1.356050663964279979e-01,2.436093669187980870e-01,2.756765734032297246e+02,-8.728905436522488293e-02,9.760601889054023594e-01,-1.992162860359945331e-01,3.867300366576522208e+01,-2.647921423890483572e-01,1.700522672638349053e-01,9.491929981449753750e-01,-2.937109772176227196e+01,0.000000000000000000e+00,0.000000000000000000e+00,0.000000000000000000e+00,1.000000000000000056e-01
9.570519307799199016e-01,1.602657917974919521e-01,2.415915515285050885e-01,2.766028328069140798e+02,-1.137076368895409278e-01,9.740469702033988098e-01,-1.957117092832603156e-01,3.861588778363221763e+01,-2.666874108454009296e-01,1.598354648289985747e-01,9.504369779630179593e-01,-2.961614452759067362e+01,0.000000000000000000e+00,0.000000000000000000e+00,0.000000000000000000e+00,1.000000000000000056e-01
9.547833382541093261e-01,1.856221415180015488e-01,2.322352203491321876e-01,2.775151359378819507e+02,-1.423508001952202839e-01,9.712077320554014515e-01,-1.910282462872548437e-01,3.853057864430017077e+01,-2.610077138249355388e-01,1.493317172407611082e-01,9.537164209290966976e-01,-2.982441061048882247e+01,0.000000000000000000e+00,0.000000000000000000e+00,0.000000000000000000e+00,1.000000000000000056e-01
9.509782217434212814e-01,2.143926910943035891e-01,2.228815734309651242e-01,2.784165019815536652e+02,-1.741716150356507620e-01,9.668243168752201910e-01,-1.868555292589355044e-01,3.841956509746774628e+01,-2.555477847401406155e-01,1.388758953314301325e-01,9.567699908600292291e-01,-3.006148886766576567e+01,0.000000000000000000e+00,0.000000000000000000e+00,0.000000000000000000e+00,1.000000000000000056e-01
9.462636680123794886e-01,2.397488903895921841e-01,2.170381076141158216e-01,2.792937438941769983e+02,-2.010853151850020559e-01,9.618040129299136876e-01,-1.857356635890448360e-01,3.828213092238151916e+01,-2.532780421132191373e-01,1.321117340317420619e-01,9.583301743733319000e-01,-3.027856634012722026e+01,0.000000000000000000e+00,0.000000000000000000e+00,0.000000000000000000e+00,1.000000000000000056e-01
9.392864571781186500e-01,2.674633282229529896e-01,2.149519002420756941e-01,2.802072658661974174e+02,-2.292167129323058328e-01,9.552463357668287136e-01,-1.869869955813932560e-01,3.808896808091940045e+01,-2.553441792449697711e-01,1.263637846059859071e-01,9.585570113800038206e-01,-3.049602269365674090e+01,0.000000000000000000e+00,0.000000000000000000e+00,0.000000000000000000e+00,1.000000000000000056e-01
9.323739833593659432e-01,2.930532754270870899e-01,2.116566391967061866e-01,2.811253679739192535e+02,-2.551462252164376499e-01,9.482557487164908760e-01,-1.889747040847801485e-01,3.787295486809213685e+01,-2.560842808771981449e-01,1.221917050686468220e-01,9.589004266867467985e-01,-3.071800528527385765e+01,0.000000000000000000e+00,0.000000000000000000e+00,0.000000000000000000e+00,1.000000000000000056e-01
9.254545777023738262e-01,3.182099023683918060e-01,2.056119710630181507e-01,2.820309194105840902e+02,-2.812034752171668761e-01,9.406382888837565570e-01,-1.900637130323057644e-01,3.761905489940904346e+01,-2.538866482025179394e-01,1.180765324716854525e-01,9.599997408041076596e-01,-3.094569478941500407e+01,0.000000000000000000e+00,0.000000000000000000e+00,0.000000000000000000e+00,1.000000000000000056e-01
9.183138085649316107e-01,3.414190818889788481e-01,2.003316238666696947e-01,2.829633581139766534e+02,-3.064954052328511258e-01,9.335213240883508679e-01,-1.860067311778863253e-01,3.735598408536829140e+01,-2.505200901527070423e-01,1.094118274887081743e-01,9.619089023579419084e-01,-3.116105206682352957e+01,0.000000000000000000e+00,0.000000000000000000e+00,0.000000000000000000e+00,1.000000000000000056e-01
9.094787527827582485e-01,3.651301732791896182e-01,1.988173905819798082e-01,2.839383548427322239e+02,-3.308001363294843511e-01,9.252049658571499524e-01,-1.859221368144864939e-01,3.704448944579795722e+01,-2.518326190967189460e-01,1.033234131955532709e-01,9.622393695149392689e-01,-3.139638076852746096e+01,0.000000000000000000e+00,0.000000000000000000e+00,0.000000000000000000e+00,1.000000000000000056e-01
9.008822531738909234e-01,3.877056789005761117e-01,1.951806149815523139e-01,2.848991149984257163e+02,-3.542004881334113731e-01,9.165374030589483745e-01,-1.857449945490105558e-01,3.671848720754855577e+01,-2.509047231966483604e-01,9.820130010443950397e-02,9.630178215045717138e-01,-3.164357549946514325e+01,0.000000000000000000e+00,0.000000000000000000e+00,0.000000000000000000e+00,1.000000000000000056e-01
8.904410943969269798e-01,4.123782301616097379e-01,1.925067601357972336e-01,2.857636606840586069e+02,-3.810837299060573780e-01,9.068628079584668544e-01,-1.799306487026927637e-01,3.639330581137195253e+01,-2.487767035115829584e-01,8.685644956169441544e-02,9.646585452684524054e-01,-3.186818820788070994e+01,0.000000000000000000e+00,0.000000000000000000e+00,0.000000000000000000e+00,1.000000000000000056e-01
8.811572603328041708e-01,4.339060042852405097e-01,1.878495728182624780e-01,2.866355923392262071e+02,-4.040098395162511347e-01,8.973437014779850340e-01,-1.776241284055800618e-01,3.604513462982976080e+01,-2.456378068149116523e-01,8.062171458736057394e-02,9.660032127276566571e-01,-3.208178370412419156e+01,0.000000000000000000e+00,0.000000000000000000e+00,0.000000000000000000e+00,1.000000000000000056e-01
8.709259433073911483e-01,4.554752951009485851e-01,1.844729162420184476e-01,2.874201752666855327e+02,-4.257153106803332476e-01,8.868231866712337208e-01,-1.797529132855032463e-01,3.568661213904793073e+01,-2.454678706602521632e-01,7.801853071535064243e-02,9.662601271596276131e-01,-3.229158008318376716e+01,0.000000000000000000e+00,0.000000000000000000e+00,0.000000000000000000e+00,1.000000000000000056e-01
8.600001389201070712e-01,4.754260906174394563e-01,1.853909205371576663e-01,2.882307361889069171e+02,-4.453362177059688731e-01,8.766255954756549951e-01,-1.822175034300912155e-01,3.529466028865937233e+01,-2.491493814095037673e-01,7.414578691450793291e-02,9.656225908842905881e-01,-3.251037843193716981e+01,0.000000000000000000e+00,0.000000000000000000e+00,0.000000000000000000e+00,1.000000000000000056e-01
8.490640237986255556e-01,4.943373203250668313e-01,1.863354427496801968e-01,2.890407844241402699e+02,-4.647936768926800299e-01,8.666589791106837914e-01,-1.812982400560200769e-01,3.490912514760839258e+01,-2.511117707545187372e-01,6.732627763852422342e-02,9.656138208040885296e-01,-3.271661493279831490e+01,0.000000000000000000e+00,0.000000000000000000e+00,0.000000000000000000e+00,1.000000000000000056e-01
8.368696967042622559e-01,5.167439598856663485e-01,1.806233391890346984e-01,2.898772272926889855e+02,-4.884445952265314417e-01,8.538760538087071250e-01,-1.797708600581855720e-01,3.447386040903562332e+01,-2.471254501910033208e-01,6.222029133450560773e-02,9.669837884960342800e-01,-3.291872062232124563e+01,0.000000000000000000e+00,0.000000000000000000e+00,0.000000000000000000e+00,1.000000000000000056e-01
8.211204134932408305e-01,5.438094046996426734e-01,1.732991572538926939e-01,2.907058856320826976e+02,-5.180992414462897155e-01,8.375588150822210753e-01,-1.734024431513147557e-01,3.395949872571172534e+01,-2.394461161878979893e-01,5.259812390462269976e-02,9.694838806314655111e-01,-3.314150812271757474e+01,0.000000000000000000e+00,0.000000000000000000e+00,0.000000000000000000e+00,1.000000000000000056e-01
8.085019921386800146e-01,5.635100659842274817e-01,1.696494451574698803e-01,2.915325919046450736e+02,-5.399446434586171462e-01,8.249674893837004586e-01,-1.669982738243150910e-01,3.340082146279592479e+01,-2.340604851488876093e-01,4.341712789217722773e-02,9.712521002795626579e-01,-3.336070869605151046e+01,0.000000000000000000e+00,0.000000000000000000e+00,0.000000000000000000e+00,1.000000000000000056e-01
7.945859356522575467e-01,5.832068658738391864e-01,1.688281447544815461e-01,2.924152392190722480e+02,-5.598408635230205377e-01,8.113877295691913627e-01,-1.680123800032352066e-01,3.281292568723305436e+01,-2.349710586294088688e-01,3.898337981969485222e-02,9.712203136798613912e-01,-3.361984900067964332e+01,0.000000000000000000e+00,0.000000000000000000e+00,0.000000000000000000e+00,1.000000000000000056e-01
7.760496431875196777e-01,6.086097536404704300e-01,1.653515016025241535e-01,2.932987310815145747e+02,-5.848532490247015936e-01,7.926018513012187405e-01,-1.724209454188533053e-01,3.220140662537116327e+01,-2.359949753994223798e-01,3.710085022700654322e-02,9.710457756968304821e-01,-3.385180879918428332e+01,0.000000000000000000e+00,0.000000000000000000e+00,0.000000000000000000e+00,1.000000000000000056e-01
7.593330120008545681e-01,6.312370147400759857e-01,1.579658447505258023e-01,2.941222997211713164e+02,-6.084592327280845536e-01,7.748408538685507274e-01,-1.714614046489933152e-01,3.157438333405349340e+01,-2.306311752423350347e-01,3.408052813986880980e-02,9.724442290476338346e-01,-3.407464530433690442e+01,0.000000000000000000e+00,0.000000000000000000e+00,0.000000000000000000e+00,1.000000000000000056e-01
7.444054979773784275e-01,6.498983257609851627e-01,1.532730268315982136e-01,2.948639913940662041e+02,-6.276672030786099032e-01,7.593718738131343127e-01,-1.714299840780611206e-01,3.100122689449236546e+01,-2.278032852276857811e-01,3.140897060710118316e-02,9.732004622917499459e-01,-3.428303742729629278e+01,0.000000000000000000e+00,0.000000000000000000e+00,0.000000000000000000e+00,1.000000000000000056e-01
7.250113595805840472e-01,6.713635998014008122e-01,1.537187215039782784e-01,2.955523000923560062e+02,-6.490158050890632024e-01,7.406642860127576888e-01,-1.737667982377733011e-01,3.044068102973508516e+01,-2.305146703004131992e-01,2.621702284616712897e-02,9.727156082274898141e-01,-3.448542560296200321e+01,0.000000000000000000e+00,0.000000000000000000e+00,0.000000000000000000e+00,1.000000000000000056e-01
7.073162284502173547e-01,6.917709538529870361e-01,1.454534302664896028e-01,2.962438887724397887e+02,-6.697378972620298132e-01,7.216298808819590072e-01,-1.752183323437488949e-01,2.983066005971906520e+01,-2.261744944550440617e-01,2.651909545248919142e-02,9.737257497028549702e-01,-3.467667287305971513e+01,0.000000000000000000e+00,0.000000000000000000e+00,0.000000000000000000e+00,1.000000000000000056e-01
6.910700120147206249e-01,7.091585499647798940e-01,1.397010719566060821e-01,2.968951596413338621e+02,-6.885055656427543358e-01,7.046985556196717626e-01,-1.713476926792399657e-01,2.917847183174733772e+01,-2.199598249065606859e-01,2.222828647015481773e-02,9.752556478727389955e-01,-3.485679022625684098e+01,0.000000000000000000e+00,0.000000000000000000e+00,0.000000000000000000e+00,1.000000000000000056e-01
6.706599679324917185e-01,7.297533448950814794e-01,1.329483472151104240e-01,2.974911250659142752e+02,-7.096734857792510454e-01,6.834032669575649255e-01,-1.712411115756217184e-01,2.857697364079223945e+01,-2.158211087792769323e-01,2.049464140129315937e-02,9.762178131334809938e-01,-3.503110990440412564e+01,0.000000000000000000e+00,0.000000000000000000e+00,0.000000000000000000e+00,1.000000000000000056e-01
6.534091842556052354e-01,7.461306644958748402e-01,1.278494013649219552e-01,2.981127398824596639e+02,-7.266428256191946877e-01,6.655438459486858749e-01,-1.704159414373686565e-01,2.792516088903660076e+01,-2.122419419120012418e-01,1.845049101721267515e-02,9.770429557980787605e-01,-3.520961951621886499e+01,0.000000000000000000e+00,0.000000000000000000e+00,0.000000000000000000e+00,1.000000000000000056e-01
6.346150036346208667e-01,7.632896238461641669e-01,1.210485327899990804e-01,2.986900808720345140e+02,-7.442901969927038230e-01,6.458082048144819787e-01,-1.701877353244310720e-01,2.727435606541951074e+01,-2.080766681355517844e-01,1.790845395553558594e-02,9.779485607405585812e-01,-3.537987205560966686e+01,0.000000000000000000e+00,0.000000000000000000e+00,0.000000000000000000e+00,1.000000000000000056e-01
6.107133013066015081e-01,7.831413720330157036e-01,1.171275160559549222e-01,2.992470273191080423e+02,-7.652638866335209622e-01,6.217230167464015134e-01,-1.668282777658253169e-01,2.660325277455122261e+01,-2.034709989697543742e-01,1.225079009695172194e-02,9.790043262009880953e-01,-3.552879620129085225e+01,0.000000000000000000e+00,0.000000000000000000e+00,0.000000000000000000e+00,1.000000000000000056e-01
5.896309070371117400e-01,7.991452557869519469e-01,1.170566256979927444e-01,2.997826913264726159e+02,-7.824402687458790195e-01,6.011227051891736561e-01,-1.625998743877934694e-01,2.596472115876890996e+01,-2.003063137084534207e-01,4.284093749771872295e-03,9.797239546062318505e-01,-3.567863263401092411e+01,0.000000000000000000e+00,0.000000000000000000e+00,0.000000000000000000e+00,1.000000000000000056e-01
5.668339259981478584e-01,8.155482681020435054e-01,1.165346417735246831e-01,3.003002717515356608e+02,-7.996786872939373181e-01,5.786839613639729318e-01,-1.601214225141204262e-01,2.529545771309582847e+01,-1.980234769550612284e-01,-2.428014797634284183e-03,9.801942701927872648e-01,-3.582244054660767318e+01,0.000000000000000000e+00,0.000000000000000000e+00,0.000000000000000000e+00,1.000000000000000056e-01
5.418343560760761068e-01,8.326824209222005724e-01,1.142607389384788508e-01,3.007773930007106742e+02,-8.177972661595471759e-01,5.536872259033391863e-01,-1.569652424374120003e-01,2.460511032091108774e+01,-1.939669096459363529e-01,-8.392958870857378240e-03,9.809721689241734932e-01,-3.596977162161913100e+01,0.000000000000000000e+00,0.000000000000000000e+00,0.000000000000000000e+00,1.000000000000000056e-01
5.188541550223537691e-01,8.470710143667888881e-01,1.151566864565781445e-01,3.012679109576446876e+02,-8.337004473789554337e-01,5.311853882665533710e-01,-1.509491547914080245e-01,2.389926995992210479e+01,-1.890342028738946356e-01,-1.768558485689281090e-02,9.818112294286009956e-01,-3.611386131980906811e+01,0.000000000000000000e+00,0.000000000000000000e+00,0.000000000000000000e+00,1.000000000000000056e-01
4.903976887091933134e-01,8.645310467534613741e-01,1.099826172994874951e-01,3.017108609629094644e+02,-8.518638102234635801e-01,5.021540542166631482e-01,-1.488937697330933452e-01,2.319694578739425239e+01,-1.839515037727174063e-01,-2.067305089078261271e-02,9.827178991076854775e-01,-3.624632327403987375e+01,0.000000000000000000e+00,0.000000000000000000e+00,0.000000000000000000e+00,1.000000000000000056e-01
4.667164246218225010e-01,8.782129902538982069e-01,1.044879071353682215e-01,3.021163194904332840e+02,-8.656484360033547265e-01,4.778218666983633511e-01,-1.494625335990179549e-01,2.249748986421542085e+01,-1.811865453977442031e-01,-2.069317409674255315e-02,9.832310147227014685e-01,-3.639075595450324840e+01,0.000000000000000000e+00,0.000000000000000000e+00,0.000000000000000000e+00,1.000000000000000056e-01
4.420967169466718527e-01,8.912434047937781711e-01,1.011715685188681602e-01,3.024985416818404929e+02,-8.784296066734548214e-01,4.530098694112630886e-01,-1.521298272381513272e-01,2.179582438574740522e+01,-1.814164242412843464e-01,-2.161600396891474873e-02,9.831687695344691891e-01,-3.652421154735909425e+01,0.000000000000000000e+00,0.000000000000000000e+00,0.000000000000000000e+00,1.000000000000000056e-01
4.140880368421245850e-01,9.052742434132691196e-01,9.491913377590788237e-02,3.028217624224535029e+02,-8.914208572143561549e-01,4.244105748565588643e-01,-1.588852393180309464e-01,2.106922427623067762e+01,-1.841193989438862921e-01,-1.882041876416933046e-02,9.827236838349238113e-01,-3.665242561778753583e+01,0.000000000000000000e+00,0.000000000000000000e+00,0.000000000000000000e+00,1.000000000000000056e-01
3.898564920824072466e-01,9.165027624882835511e-01,8.963594107580477588e-02,3.031461119998928666e+02,-9.029390359592908144e-01,3.995656667354632319e-01,-1.582667852303554779e-01,2.039510912655433117e+01,-1.808673904331752624e-01,-1.923445651922479904e-02,9.833193900052532577e-01,-3.677221081812181325e+01,0.000000000000000000e+00,0.000000000000000000e+00,0.000000000000000000e+00,1.000000000000000056e-01
3.693538865364541790e-01,9.251997171093542249e-01,8.708151331475330603e-02,3.034237814043214598e+02,-9.127178363638455139e-01,3.787888384321487223e-01,-1.531834425208038475e-01,1.975250369783740467e+01,-1.747107829634938214e-01,-2.290195057183858074e-02,9.843534136560344594e-01,-3.687784182752839968e+01,0.000000000000000000e+00,0.000000000000000000e+00,0.000000000000000000e+00,1.000000000000000056e-01
3.498656533125621415e-01,9.330132880193390266e-01,8.414409671222354559e-02,3.036837738081282509e+02,-9.216328035662254559e-01,3.589072905174394146e-01,-1.475755135653930572e-01,1.911448175324654031e+01,-1.678898449068114695e-01,-2.591835628994108853e-02,9.854649860773311287e-01,-3.698460191310293510e+01,0.000000000000000000e+00,0.000000000000000000e+00,0.000000000000000000e+00,1.000000000000000056e-01
3.288162674185473033e-01,9.411527211347587851e-01,7.817555744331630696e-02,3.039088849865578368e+02,-9.305548261653064923e-01,3.370051399336690956e-01,-1.431616259992335161e-01,1.849562372168515978e+01,-1.610825185468326426e-01,-2.567277076840310951e-02,9.866069790244149651e-01,-3.708558397095052328e+01,0.000000000000000000e+00,0.000000000000000000e+00,0.000000000000000000e+00,1.000000000000000056e-01
3.078691346454776046e-01,9.485933155682673146e-01,7.339834869972641784e-02,3.041446822774365728e+02,-9.383939092771447221e-01,3.154724633362269159e-01,-1.410460772518359329e-01,1.786894251955416735e+01,-1.569505239373310546e-01,-2.545282962216138117e-02,9.872784240020757718e-01,-3.717300986118003436e+01,0.000000000000000000e+00,0.000000000000000000e+00,0.000000000000000000e+00,1.000000000000000056e-01
2.870009062092162555e-01,9.555406294422263969e-01,6.762089411005109407e-02,3.043500957927369654e+02,-9.464515285088117569e-01,2.937496918053947859e-01,-1.339426099027858641e-01,1.724362612453756327e+01,-1.478512225800753255e-01,-2.555824816746325029e-02,9.886793170346932502e-01,-3.725583417833708211e+01,0.000000000000000000e+00,0.000000000000000000e+00,0.000000000000000000e+00,1.000000000000000056e-01
2.674743062772964031e-01,9.611730644754443720e-01,6.785157041928069344e-02,3.045588490537583084e+02,-9.534935600507987719e-01,2.741761258411975488e-01,-1.252097558513944053e-01,1.658435260654033527e+01,-1.389515254437065084e-01,-3.120564284861602339e-02,9.898073961287982003e-01,-3.735296991460284488e+01,0.000000000000000000e+00,0.000000000000000000e+00,0.000000000000000000e+00,1.000000000000000056e-01
2.457166509819377342e-01,9.670279377371957530e-01,6.693500628196905056e-02,3.047408380665144705e+02,-9.596610068775257574e-01,2.524166794686333315e-01,-1.238409132913797506e-01,1.595660116104738968e+01,-1.366531350135605505e-01,-3.380514105540553121e-02,9.900419855385880208e-01,-3.744097719234171961e+01,0.000000000000000000e+00,0.000000000000000000e+00,0.000000000000000000e+00,1.000000000000000056e-01
2.287502509180001642e-01,9.714839427638802816e-01,6.238807303401849857e-02,3.049079215871639690e+02,-9.643594222800678795e-01,2.348946403305317565e-01,-1.218007085514865723e-01,1.529392086836493192e+01,-1.329820565512731534e-01,-3.230258342510995695e-02,9.905919017130403459e-01,-3.753069617276917569e+01,0.000000000000000000e+00,0.000000000000000000e+00,0.000000000000000000e+00,1.000000000000000056e-01
2.117410296330403119e-01,9.757703164285718156e-01,5.511829049258134411e-02,3.050680067430625968e+02,-9.680853244134683955e-01,2.171421851141058790e-01,-1.251402257435266230e-01,1.461011049023786512e+01,-1.340766237090170454e-01,-2.686188788518099890e-02,9.906068331856159315e-01,-3.761372211926388331e+01,0.000000000000000000e+00,0.000000000000000000e+00,0.000000000000000000e+00,1.000000000000000056e-01
1.941265073904530070e-01,9.797471797327916843e-01,4.909544718225494764e-02,3.052122484433331806e+02,-9.714511534796264058e-01,1.989580953551250975e-01,-1.292220286784132588e-01,1.396044997755269357e+01,-1.363728548190148993e-01,-2.260840769055029453e-02,9.903995680381780797e-01,-3.768762254076043661e+01,0.000000000000000000e+00,0.000000000000000000e+00,0.000000000000000000e+00,1.000000000000000056e-01
1.832647124056515642e-01,9.821402978246064341e-01,4.259672024777263338e-02,3.053598352996277185e+02,-9.742927579561956319e-01,1.872342658499416279e-01,-1.252874753746086589e-01,1.331879513595858455e+01,-1.310254440213182436e-01,-1.854090290753312997e-02,9.912056133509282718e-01,-3.775121603460594599e+01,0.000000000000000000e+00,0.000000000000000000e+00,0.000000000000000000e+00,1.000000000000000056e-01
1.768218452603760316e-01,9.834554190869835288e-01,3.936335487685777706e-02,3.054861982610526070e+02,-9.762300003297048612e-01,1.803348589942481706e-01,-1.202261414493086822e-01,1.270616072579559130e+01,-1.253356353754995212e-01,-1.716907976481141240e-02,9.919658266316684347e-01,-3.781570023471842035e+01,0.000000000000000000e+00,0.000000000000000000e+00,0.000000000000000000e+00,1.000000000000000056e-01
1.680834114350604480e-01,9.849235018953166332e-01,4.091041694506233894e-02,3.056009985282714752e+02,-9.785583227359053726e-01,1.717212799737024564e-01,-1.137339483552964048e-01,1.209820189996589335e+01,-1.190444278605435613e-01,-2.091643895264954506e-02,9.926685885918300478e-01,-3.788378952987751802e+01,0.000000000000000000e+00,0.000000000000000000e+00,0.000000000000000000e+00,1.000000000000000056e-01
1.581240314963234805e-01,9.867628887936068516e-01,3.599711048189528639e-02,3.057302204787116011e+02,-9.806282521537812435e-01,1.612003860390509580e-01,-1.112774308594577238e-01,1.145884806618468410e+01,-1.156071872383812454e-01,-1.770414755239664573e-02,9.931372218471488100e-01,-3.795418495283441729e+01,0.000000000000000000e+00,0.000000000000000000e+00,0.000000000000000000e+00,1.000000000000000056e-01
1.529474454276320561e-01,9.877615591330576317e-01,3.056437855072854926e-02,3.058958943155412271e+02,-9.819831063311891262e-01,1.553804906278107856e-01,-1.075457205676220718e-01,1.078536964810191101e+01,-1.109786367609088831e-01,-1.356486016483506030e-02,9.937302132628346163e-01,-3.800548106773786117e+01,0.000000000000000000e+00,0.000000000000000000e+00,0.000000000000000000e+00,1.000000000000000056e-01
1.415809555731889491e-01,9.894266502925421758e-01,3.146008121194455304e-02,3.058983180320512361e+02,-9.838779564113011578e-01,1.441526024869353995e-01,-1.058498657730152781e-01,1.008108402764408140e+01,-1.092657307068618799e-01,-1.596655526790429630e-02,9.938843339171679059e-01,-3.805818486800385614e+01,0.000000000000000000e+00,0.000000000000000000e+00,0.000000000000000000e+00,1.000000000000000056e-01
1.335756414991006169e-01,9.904095057879176434e-01,3.530664021167026490e-02,3.060271772854860615e+02,-9.855018966025601568e-01,1.365056393838115500e-01,-1.007582364334221603e-01,9.408584100870106326e+00,-1.046114706466760580e-01,-2.133591482335284867e-02,9.942842747161347861e-01,-3.813067486320486665e+01,0.000000000000000000e+00,0.000000000000000000e+00,0.000000000000000000e+00,1.000000000000000056e-01
1.252708936090743963e-01,9.913944948602700924e-01,3.800208908907461852e-02,3.061406978090612370e+02,-9.870187029168387971e-01,1.284152900552109067e-01,-9.645513657860366186e-02,8.691138970393275542e+00,-1.005051406981006257e-01,-2.542575152844157166e-02,9.946116065341631396e-01,-3.820118324230698192e+01,0.000000000000000000e+00,0.000000000000000000e+00,0.000000000000000000e+00,1.000000000000000056e-01
1.203732218758131189e-01,9.920603066785359525e-01,3.642300602813507149e-02,3.062565899042970159e+02,-9.879234028425761815e-01,1.233155142528078452e-01,-9.381169468947198053e-02,7.955743722644796456e+00,-9.755838032266335447e-02,-2.469072411766901065e-02,9.949234797567919619e-01,-3.825240480987763902e+01,0.000000000000000000e+00,0.000000000000000000e+00,0.000000000000000000e+00,1.000000000000000056e-01
1.117992196740148492e-01,9.929885902008266374e-01,3.840044545648201024e-02,3.063680927731261363e+02,-9.893788903300178017e-01,1.148390117842822411e-01,-8.911460453681183114e-02,7.249234703909696265e+00,-9.289965473361160020e-02,-2.802964686513853207e-02,9.952808613888801670e-01,-3.831310866750730781e+01,0.000000000000000000e+00,0.000000000000000000e+00,0.000000000000000000e+00,1.000000000000000056e-01
9.227210821427200838e-02,9.948603536579322393e-01,4.169813863121026032e-02,3.064426975146244558e+02,-9.917136435845849141e-01,9.557820029495089909e-02,-8.584204538898915215e-02,6.528831064014544161e+00,-8.938628068043046049e-02,-3.343178649118539597e-02,9.954357882244977418e-01,-3.837982289755245802e+01,0.000000000000000000e+00,0.000000000000000000e+00,0.000000000000000000e+00,1.000000000000000056e-01
7.650628016796479081e-02,9.961021456449181688e-01,4.390107671175512427e-02,3.065609487047426569e+02,-9.934990662598304212e-01,7.988104269149642889e-02,-8.110871937939151399e-02,5.819922737215044606e+00,-8.429943318733780500e-02,-3.741035231202530925e-02,9.957379530299041992e-01,-3.843817026230505718e+01,0.000000000000000000e+00,0.000000000000000000e+00,0.000000000000000000e+00,1.000000000000000056e-01
5.964085358518478319e-02,9.974718577590088175e-01,3.863756672491347466e-02,3.066044505709942314e+02,-9.951364799124721161e-01,6.245202035635444293e-02,-7.617828759445424702e-02,5.050442463656100500e+00,-7.839869215136463509e-02,-3.390631404622271305e-02,9.963453251442265790e-01,-3.850722468445142255e+01,0.000000000000000000e+00,0.000000000000000000e+00,0.000000000000000000e+00,1.000000000000000056e-01
3.417950476969644491e-02,9.986064720764280533e-01,4.021038896564309295e-02,3.066680931858063559e+02,-9.963736056045793266e-01,3.718470040366961271e-02,-7.653062204385478740e-02,4.260579030657042132e+00,-7.791918575183080786e-02,-3.744879147528462626e-02,9.962560858076663362e-01,-3.855935414741019684e+01,0.000000000000000000e+00,0.000000000000000000e+00,0.000000000000000000e+00,1.000000000000000056e-01
1.091776658583987203e-02,9.989387156890390251e-01,4.474644868937421860e-02,3.066926549257831311e+02,-9.966319477127207893e-01,1.450792688332902536e-02,-8.071109499874917770e-02,3.453433794405437851e+00,-8.127461578578060175e-02,-4.371455541443443338e-02,9.957326320221668858e-01,-3.863269107169225691e+01,0.000000000000000000e+00,0.000000000000000000e+00,0.000000000000000000e+00,1.000000000000000056e-01
-1.572505172898464032e-02,9.989517371056291228e-01,4.299011144166496601e-02,3.066796523405187145e+02,-9.965884048975806042e-01,-1.217491931278269490e-02,-8.162917715757650461e-02,2.709813706426721147e+00,-8.102020718201438654e-02,-4.412706962141546563e-02,9.957351694877559778e-01,-3.868668713102375278e+01,0.000000000000000000e+00,0.000000000000000000e+00,0.000000000000000000e+00,1.000000000000000056e-01
-4.387642545909775649e-02,9.983124306926530744e-01,3.804142496620134539e-02,3.066402011740551643e+02,-9.963502451595506182e-01,-4.093595855227949443e-02,-7.490284552611777003e-02,1.936718227208188203e+00,-7.321917958728886566e-02,-4.118905220969436287e-02,9.964649586004674653e-01,-3.872360043051365608e+01,0.000000000000000000e+00,0.000000000000000000e+00,0.000000000000000000e+00,1.000000000000000056e-01
-6.847847661479100623e-02,9.969446436693235603e-01,3.757759571291671707e-02,3.066174646986158336e+02,-9.958406299786307647e-01,-6.603650499865820755e-02,-6.277435536368540514e-02,1.144138194609233494e+00,-6.010106425248724904e-02,-4.171998881361396738e-02,9.973200612687534994e-01,-3.877362309446797894e+01,0.000000000000000000e+00,0.000000000000000000e+00,0.000000000000000000e+00,1.000000000000000056e-01
-9.783679552594515272e-02,9.943218711507650909e-01,4.185663618180377604e-02,3.065912031806827827e+02,-9.938658227417382918e-01,-9.543984761872703615e-02,-5.587451899034288211e-02,3.272061534761574464e-01,-5.156246529310284238e-02,-4.706646404559871461e-02,9.975600533978603579e-01,-3.881825565636241748e+01,0.000000000000000000e+00,0.000000000000000000e+00,0.000000000000000000e+00,1.000000000000000056e-01
-1.243562572181307058e-01,9.912614312309804276e-01,4.400336628721089605e-02,3.064885416637183084e+02,-9.908354667620928868e-01,-1.217015459810910638e-01,-5.859873302519483934e-02,-5.057540154571589230e-01,-5.273138626135095985e-02,-5.088721509102964863e-02,9.973113316528773309e-01,-3.886008680016866634e+01,0.000000000000000000e+00,0.000000000000000000e+00,0.000000000000000000e+00,1.000000000000000056e-01
-1.520251099294454011e-01,9.875448451576100961e-01,4.054065556415986649e-02,3.063627317686726883e+02,-9.870084109447143650e-01,-1.495294025400633053e-01,-5.878226348484340280e-02,-1.375783630784140676e+00,-5.198810128606219660e-02,-4.895034809522337549e-02,9.974472922144942411e-01,-3.888756437106123798e+01,0.000000000000000000e+00,0.000000000000000000e+00,0.000000000000000000e+00,1.000000000000000056e-01
-1.817224481890413745e-01,9.823873099531338360e-01,4.349856396741196007e-02,3.061801440644414924e+02,-9.819649296411870898e-01,-1.789420140145905336e-01,-6.102976794303741070e-02,-2.221723183717997596e+00,-5.217114891355331685e-02,-5.380454314877017308e-02,9.971876665691328245e-01,-3.892914522015451695e+01,0.000000000000000000e+00,0.000000000000000000e+00,0.000000000000000000e+00,1.000000000000000056e-01
-2.106486889224441494e-01,9.764977920723929561e-01,4.559815712281131000e-02,3.060318772225241446e+02,-9.765560988220580718e-01,-2.080876088825578396e-01,-5.511563192944649026e-02,-3.072067100252254157e+00,-4.433188140264219396e-02,-5.613919403839777444e-02,9.974382563266867008e-01,-3.896644470555681750e+01,0.000000000000000000e+00,0.000000000000000000e+00,0.000000000000000000e+00,1.000000000000000056e-01
-2.358143746300893628e-01,9.708586825086288341e-01,4.272001071429428615e-02,3.058392913681361165e+02,-9.711997499586643157e-01,-2.338989471197561176e-01,-4.541286399796379269e-02,-3.959447243557780993e+00,-3.409730778298853543e-02,-5.219866984779521213e-02,9.980544436392601026e-01,-3.898798655936451496e+01,0.000000000000000000e+00,0.000000000000000000e+00,0.000000000000000000e+00,1.000000000000000056e-01
-2.544747249216849916e-01,9.661240937734522083e-01,4.297499047653305371e-02,3.056212023557312136e+02,-9.667073878621440519e-01,-2.528930355638845384e-01,-3.901203424628716526e-02,-4.845360549076262124e+00,-2.682239043751358590e-02,-5.147181747042908068e-02,9.983141847021449466e-01,-3.901356429944164717e+01,0.000000000000000000e+00,0.000000000000000000e+00,0.000000000000000000e+00,1.000000000000000056e-01
-2.783632908474438228e-01,9.595897090704929022e-01,4.124886125202302523e-02,3.053937119028291818e+02,-9.602092910099234713e-01,-2.770175350918004931e-01,-3.548806432990604665e-02,-5.767160466224225956e+00,-2.262732345643038434e-02,-4.948611419045015336e-02,9.985184668975971567e-01,-3.903619130713320828e+01,0.000000000000000000e+00,0.000000000000000000e+00,0.000000000000000000e+00,1.000000000000000056e-01
-3.033223857651270450e-01,9.520484705533557301e-01,3.999049900623084797e-02,3.051447449854020988e+02,-9.525842875320614800e-01,-3.018990564225241258e-01,-3.794910905705152493e-02,-6.687999077285905258e+00,-2.405629732078141958e-02,-4.960513530074789346e-02,9.984791560723782489e-01,-3.903818737403097572e+01,0.000000000000000000e+00,0.000000000000000000e+00,0.000000000000000000e+00,1.000000000000000056e-01
-3.203119755591838924e-01,9.466515496982069733e-01,3.537063425154235441e-02,3.048476595754832488e+02,-9.469910564642883832e-01,-3.190081269944176068e-01,-3.797043439526004427e-02,-7.584483953504469689e+00,-2.466125077979789207e-02,-4.565805915166615270e-02,9.986526745292774176e-01,-3.903663042320414434e+01,0.000000000000000000e+00,0.000000000000000000e+00,0.000000000000000000e+00,1.000000000000000056e-01
-3.370342447822036736e-01,9.409974922428011590e-01,3.052273639188621268e-02,3.045180647586316809e+02,-9.411688081738901479e-01,-3.358914098715570784e-01,-3.712459151339608798e-02,-8.512044649191711443e+00,-2.468182255483555160e-02,-4.123930609572264150e-02,9.988443959236668057e-01,-3.905039719941837006e+01,0.000000000000000000e+00,0.000000000000000000e+00,0.000000000000000000e+00,1.000000000000000056e-01
-3.542171677488974435e-01,9.347594959990499497e-01,2.747512896333642596e-02,3.041594057078287392e+02,-9.349913005576309111e-01,-3.534358858083979094e-01,-2.956928312257851854e-02,-9.466604249883888045e+00,-1.792947164585792508e-02,-3.616295428246359134e-02,9.991850553246204303e-01,-3.907189390898529524e+01,0.000000000000000000e+00,0.000000000000000000e+00,0.000000000000000000e+00,1.000000000000000056e-01
-3.666935702415701215e-01,9.299362042759061753e-01,2.746782700563018056e-02,3.038016501181814419e+02,-9.302423307606620950e-01,-3.660628526828400009e-01,-2.544000681353476151e-02,-1.042077912289610531e+01,-1.360263226225197006e-02,-3.488042234007299874e-02,9.992989165074263047e-01,-3.907855669488832007e+01,0.000000000000000000e+00,0.000000000000000000e+00,0.000000000000000000e+00,1.000000000000000056e-01
-3.788706904033554146e-01,9.251458835515806722e-01,2.370852380158052636e-02,3.034137187139302796e+02,-9.253827080475629518e-01,-3.784108986447356493e-01,-2.172637644528926243e-02,-1.133964545033208005e+01,-1.112850393555519547e-02,-3.017094520310662636e-02,9.994828014857021214e-01,-3.907049318851717601e+01,0.000000000000000000e+00,0.000000000000000000e+00,0.000000000000000000e+00,1.000000000000000056e-01
-3.876208920410844083e-01,9.215639067586042232e-01,2.167970970960693411e-02,3.030231356039370212e+02,-9.217302230818135156e-01,-3.871502409436973213e-01,-2.298013913769351296e-02,-1.228842902559110328e+01,-1.278436196392539886e-02,-2.889042569876594524e-02,9.995008271092722385e-01,-3.906184185556435295e+01,0.000000000000000000e+00,0.000000000000000000e+00,0.000000000000000000e+00,1.000000000000000056e-01
-4.025031259234925773e-01,9.151508859399493101e-01,2.213796705081770219e-02,3.026177500028941267e+02,-9.153682363422146473e-01,-4.021095641152609979e-01,-2.022103713409039577e-02,-1.320600461000016068e+01,-9.603411766685127776e-03,-2.840342251139546526e-02,9.995504089699921435e-01,-3.906226799780034042e+01,0.000000000000000000e+00,0.000000000000000000e+00,0.000000000000000000e+00,1.000000000000000056e-01
-4.125411220599657369e-01,9.105932518864295888e-01,2.509486458224503835e-02,3.022069933137950102e+02,-9.108990589673927607e-01,-4.121085779308817365e-01,-2.072255698759349618e-02,-1.412798643591126613e+01,-8.528011598377557845e-03,-3.140779544449457533e-02,9.994702713955502249e-01,-3.906138950834697710e+01,0.000000000000000000e+00,0.000000000000000000e+00,0.000000000000000000e+00,1.000000000000000056e-01
-4.222484589318453718e-01,9.062712480355376021e-01,1.945928862499018627e-02,3.017787065884668891e+02,-9.064374999024819024e-01,-4.219230936100393237e-01,-1.876064628609055637e-02,-1.508070879373661732e+01,-8.791911067542051289e-03,-2.556028291398409688e-02,9.996346203674307818e-01,-3.904581095251532474e+01,0.000000000000000000e+00,0.000000000000000000e+00,0.000000000000000000e+00,1.000000000000000056e-01
-4.311183929973607665e-01,9.021638790659352036e-01,1.540345831552768913e-02,3.013348828349495534e+02,-9.022463839906855743e-01,-4.308542841826914493e-01,-1.777774949630743853e-02,-1.598769622040553529e+01,-9.401797440176586085e-03,-2.156202936009380886e-02,9.997233042671198611e-01,-3.902504098331983329e+01,0.000000000000000000e+00,0.000000000000000000e+00,0.000000000000000000e+00,1.000000000000000056e-01
-4.361742699594142181e-01,8.997529883749425528e-01,1.402020455389685685e-02,3.008876567915928035e+02,-8.998494189934201914e-01,-4.360320357631091159e-01,-1.212793986972126106e-02,-1.691391042851858728e+01,-4.798891807162458840e-03,-1.790596824078032751e-02,9.998281587046762287e-01,-3.900980026355452424e+01,0.000000000000000000e+00,0.000000000000000000e+00,0.000000000000000000e+00,1.000000000000000056e-01
-4.448902658024531664e-01,8.954923955665025082e-01,1.288490887782087896e-02,3.004437900810440851e+02,-8.955834421411578150e-01,-4.448709912403006062e-01,-4.483226011302563797e-03,-1.782380867749029107e+01,1.717427383789732302e-03,-1.353405465629485202e-02,9.999069355733771758e-01,-3.898018033078380284e+01,0.000000000000000000e+00,0.000000000000000000e+00,0.000000000000000000e+00,1.000000000000000056e-01
-4.548897895718637674e-01,8.904156152001837521e-01,1.533986802239338185e-02,2.999604837131277009e+02,-8.904849245218565690e-01,-4.549948062707789287e-01,4.040478427149329921e-03,-1.876705242227594184e+01,1.057726536348143134e-02,-1.182194883660059662e-02,9.998741735754230753e-01,-3.893793151064117097e+01,0.000000000000000000e+00,0.000000000000000000e+00,0.000000000000000000e+00,1.000000000000000056e-01
-4.589749170631005626e-01,8.883362727001086201e-01,1.416658435188620536e-02,2.994493316143206698e+02,-8.884059344001790093e-01,-4.590516110388842552e-01,2.552278423364055457e-03,-1.973209815658821142e+01,8.770474871155739885e-03,-1.141424583071095830e-02,9.998963915139660319e-01,-3.890387304472285734e+01,0.000000000000000000e+00,0.000000000000000000e+00,0.000000000000000000e+00,1.000000000000000056e-01
-4.647440219355436497e-01,8.853329843981478930e-01,1.408903161483788212e-02,2.990316914958451662e+02,-8.853997800193960099e-01,-4.648223667273803095e-01,2.719730053127753129e-03,-2.076318592321385381e+01,8.956763744798755186e-03,-1.121044720899421615e-02,9.998970458285163510e-01,-3.887939284204754387e+01,0.000000000000000000e+00,0.000000000000000000e+00,0.000000000000000000e+00,1.000000000000000056e-01
-4.656187653624568323e-01,8.848785925756711412e-01,1.374924520259921713e-02,2.985094612088700501e+02,-8.849753350419623521e-01,-4.656313822824711401e-01,-2.464183654335321168e-03,-2.176145023614890306e+01,4.221576685130691217e-03,-1.331511303050229161e-02,9.999024382684925660e-01,-3.884843099996692217e+01,0.000000000000000000e+00,0.000000000000000000e+00,0.000000000000000000e+00,1.000000000000000056e-01
-4.690961772991686374e-01,8.830768866721778743e-01,1.113501992277016184e-02,2.980607197978495719e+02,-8.830949455952792349e-01,-4.691682023933707590e-01,4.951255097851858453e-03,-2.280237079839289294e+01,9.596536217711216371e-03,-7.510664973665736807e-03,9.999257454452683547e-01,-3.880584820962544512e+01,0.000000000000000000e+00,0.000000000000000000e+00,0.000000000000000000e+00,1.000000000000000056e-01
-4.747974687820539774e-01,8.799979060955847032e-01,1.307856664705649499e-02,2.975386493449937575e+02,-8.800067735193373153e-01,-4.749079179830271169e-01,7.109711464815367081e-03,-2.378186908251357679e+01,1.246764605853714972e-02,-8.133554230068716986e-03,9.998891954098442225e-01,-3.875158974271057843e+01,0.000000000000000000e+00,0.000000000000000000e+00,0.000000000000000000e+00,1.000000000000000056e-01
-4.825093824499309125e-01,8.757818360999662932e-01,1.381562177965430481e-02,2.970161795169254333e+02,-8.758066355660987234e-01,-4.826216557272346996e-01,6.250961645499359016e-03,-2.478447443139412698e+01,1.214219692548389705e-02,-9.083665585804655968e-03,9.998850204265228303e-01,-3.871829231491605583e+01,0.000000000000000000e+00,0.000000000000000000e+00,0.000000000000000000e+00,1.000000000000000056e-01
-4.836248975027035435e-01,8.751959686878458822e-01,1.178876193853062998e-02,2.965076697629685327e+02,-8.751437716392331811e-01,-4.837418675312912253e-01,1.082518167963344297e-02,-2.574442485579277928e+01,1.517687308235532093e-02,-5.081534205581865297e-03,9.998719120635201074e-01,-3.867302689259461346e+01,0.000000000000000000e+00,0.000000000000000000e+00,0.000000000000000000e+00,1.000000000000000056e-01
-4.918283288717235635e-01,8.705608286181693023e-01,1.512410641640840776e-02,2.960020917681446804e+02,-8.704450702612712698e-01,-4.920283754526917352e-01,1.527931304856153596e-02,-2.667228945985134203e+01,2.074306093851119304e-02,-5.649904869287621784e-03,9.997688752896187747e-01,-3.862594673480897001e+01,0.000000000000000000e+00,0.000000000000000000e+00,0.000000000000000000e+00,1.000000000000000056e-01
-4.982063898320681083e-01,8.668578825027796197e-01,1.864952206613074495e-02,2.954832249503963908e+02,-8.666495266123660501e-01,-4.985167379059201043e-01,1.999149944858360367e-02,-2.757260973904390866e+01,2.662688778396663306e-02,-6.202706702550469728e-03,9.996261977741990323e-01,-3.858646279113866484e+01,0.000000000000000000e+00,0.000000000000000000e+00,0.000000000000000000e+00,1.000000000000000056e-01
-5.027228718456062673e-01,8.641783240745860573e-01,2.157633710680812930e-02,2.949964796830047931e+02,-8.638824509702244248e-01,-5.031400901880043186e-01,2.360424858548182403e-02,-2.842810249279366630e+01,3.125420018148781370e-02,-6.773023346138200979e-03,9.994885197568644797e-01,-3.853449980054612922e+01,0.000000000000000000e+00,0.000000000000000000e+00,0.000000000000000000e+00,1.000000000000000056e-01
-5.080521035060892032e-01,8.611098507931088664e-01,1.931023019305228017e-02,2.944577939987916011e+02,-8.607831247452660817e-01,-5.084001757872878002e-01,2.411790648525265202e-02,-2.934434320662230533e+01,3.058549127959881569e-02,-4.368767163130166456e-03,9.995226068462182978e-01,-3.847208096069775962e+01,0.000000000000000000e+00,0.000000000000000000e+00,0.000000000000000000e+00,1.000000000000000056e-01
-5.142854670409020557e-01,8.575281347750220995e-01,1.248825287190424155e-02,2.939019136385383604e+02,-8.573018125373859100e-01,-5.144367529367332992e-01,1.970861354898167245e-02,-3.026057457146587026e+01,2.332510687293523621e-02,-5.703482987420276790e-04,9.997277699915033677e-01,-3.841478540576009948e+01,0.000000000000000000e+00,0.000000000000000000e+00,0.000000000000000000e+00,1.000000000000000056e-01
-5.162324727742473307e-01,8.563790789672062198e-01,1.090445600047024351e-02,2.933439508693404605e+02,-8.561613810513747369e-01,-5.163472351116364933e-01,1.931896448496910057e-02,-3.117740005410917448e+01,2.217484271847730559e-02,6.371026985369024342e-04,9.997539049438928238e-01,-3.836830539099986481e+01,0.000000000000000000e+00,0.000000000000000000e+00,0.000000000000000000e+00,1.000000000000000056e-01
-5.216933809163015745e-01,8.530767192587468406e-01,9.804456479136244157e-03,2.927947325293783933e+02,-8.528394046064154965e-01,-5.217808751575043757e-01,2.024026359618595963e-02,-3.209597584190699848e+01,2.238227554769394237e-02,2.197584719975331780e-03,9.997470701946096217e-01,-3.832107867595841810e+01,0.000000000000000000e+00,0.000000000000000000e+00,0.000000000000000000e+00,1.000000000000000056e-01
-5.030240839323489865e-01,8.642406397305969490e-01,7.408618094491493250e-03,2.922159527428805745e+02,-8.639486389404112954e-01,-5.030517857866387832e-01,2.305753867794627446e-02,-3.296465571274538320e+01,2.365418054028642011e-02,5.197831752043396286e-03,9.997066881280953776e-01,-3.824978746278141273e+01,0.000000000000000000e+00,0.000000000000000000e+00,0.000000000000000000e+00,1.000000000000000056e-01
-5.078209458760141182e-01,8.613730112372307568e-01,1.242668265049686784e-02,2.916809724671618937e+02,-8.609371641197799407e-01,-5.079621415343027468e-01,2.759822829958810675e-02,-3.388731018235460368e+01,3.008465334654231854e-02,3.316365479063766025e-03,9.995418527270519826e-01,-3.820606897270406677e+01,0.000000000000000000e+00,0.000000000000000000e+00,0.000000000000000000e+00,1.000000000000000056e-01
-5.096965767620764698e-01,8.601856336742399467e-01,1.703159585792279190e-02,2.911716567771277369e+02,-8.596629776027695513e-01,-5.099806481308812867e-01,2.998838893883916043e-02,-3.476907966571904751e+01,3.448136563655161690e-02,6.435467761871267733e-04,9.994051337027368698e-01,-3.817148465839294147e+01,0.000000000000000000e+00,0.000000000000000000e+00,0.000000000000000000e+00,1.000000000000000056e-01
-5.106658363516975996e-01,8.596021330145597883e-01,1.745212021620996118e-02,2.906224760850163875e+02,-8.588767020863961044e-01,-5.109544930234859450e-01,3.544455772483341705e-02,-3.566160790301224637e+01,3.938545666128297207e-02,3.111105258954340036e-03,9.992192486274721341e-01,-3.810447736779746464e+01,0.000000000000000000e+00,0.000000000000000000e+00,0.000000000000000000e+00,1.000000000000000056e-01
-5.157685793481772141e-01,8.565352443398622784e-01,1.816996865202206990e-02,2.900796709426468283e+02,-8.556175277968206538e-01,-5.160636858459368703e-01,3.996145990780361479e-02,-3.658996291423157743e+01,4.360525982057581601e-02,5.064321747138156998e-03,9.990360023348615615e-01,-3.803570227588795660e+01,0.000000000000000000e+00,0.000000000000000000e+00,0.000000000000000000e+00,1.000000000000000056e-01
-5.175960574016040816e-01,8.554382209934288106e-01,1.788215383877185538e-02,2.895384691294445361e+02,-8.544339306792587685e-01,-5.178649983099181675e-01,4.193449212117075775e-02,-3.749484700400862636e+01,4.513290890589054249e-02,6.426008797583572518e-03,9.989603230081893770e-01,-3.796546755366770753e+01,0.000000000000000000e+00,0.000000000000000000e+00,0.000000000000000000e+00,1.000000000000000056e-01
-5.147499874661127794e-01,8.572094729664602175e-01,1.497898061284923775e-02,2.889798683352736361e+02,-8.564735372820660997e-01,-5.149365147204678639e-01,3.596478476347125808e-02,-3.839738746692504634e+01,3.854257826329341580e-02,5.683771995851795780e-03,9.992407940014844669e-01,-3.790178925196335769e+01,0.000000000000000000e+00,0.000000000000000000e+00,0.000000000000000000e+00,1.000000000000000056e-01
-5.110490106972365165e-01,8.594597368353005251e-01,1.256460999682055407e-02,2.884489573454268907e+02,-8.587185475488317010e-01,-5.111425817920227654e-01,3.654746468102420404e-02,-3.930736461735365594e+01,3.783338156973520966e-02,7.888082021742329544e-03,9.992529276419545026e-01,-3.783097368148779793e+01,0.000000000000000000e+00,0.000000000000000000e+00,0.000000000000000000e+00,1.000000000000000056e-01
-5.087574295326986462e-01,8.607852179955189920e-01,1.465217989545004526e-02,2.879526413422653377e+02,-8.598737715976613183e-01,-5.089062743312144921e-01,4.039184156158381889e-02,-4.017905913721860145e+01,4.222528642525258391e-02,7.950624298135346157e-03,9.990764799351324887e-01,-3.777778224439735055e+01,0.000000000000000000e+00,0.000000000000000000e+00,0.000000000000000000e+00,1.000000000000000056e-01
-5.054601959270432765e-01,8.626415137343207418e-01,1.896336245382839944e-02,2.874206783268858203e+02,-8.616414901830681261e-01,-5.057931267299924372e-01,4.180018358572075432e-02,-4.100695757562723998e+01,4.565011203159465014e-02,4.788709101426428388e-03,9.989460123233110389e-01,-3.770807735373083602e+01,0.000000000000000000e+00,0.000000000000000000e+00,0.000000000000000000e+00,1.000000000000000056e-01
-5.011229751659667109e-01,8.651322910627505802e-01,2.053978386757694327e-02,2.869111325053294195e+02,-8.640018078562137216e-01,-5.015233200313971018e-01,4.444362143074693378e-02,-4.190045611770803191e+01,4.875079262950215986e-02,4.525309403963437282e-03,9.988007217622510980e-01,-3.763605422314175541e+01,0.000000000000000000e+00,0.000000000000000000e+00,0.000000000000000000e+00,1.000000000000000056e-01
-4.988202708189901635e-01,8.665620026355510541e-01,1.576810097420265969e-02,2.864228142220035238e+02,-8.654165962266048284e-01,-4.989878599666885961e-01,4.544480807993511035e-02,-4.271799095498452914e+01,4.724883485999288590e-02,9.022815199698386301e-03,9.988423981841405563e-01,-3.756217918243689979e+01,0.000000000000000000e+00,0.000000000000000000e+00,0.000000000000000000e+00,1.000000000000000056e-01
-4.918368494953109238e-01,8.704795629534886059e-01,1.902219647754420373e-02,2.859763508306198787e+02,-8.692948458567762993e-01,-4.921681521655167924e-01,4.579280468397017856e-02,-4.350549755656401629e+01,4.922381989819915593e-02,5.986691430513908091e-03,9.987698308821434390e-01,-3.749317478565784256e+01,0.000000000000000000e+00,0.000000000000000000e+00,0.000000000000000000e+00,1.000000000000000056e-01
-4.835226418182494434e-01,8.750734575299925488e-01,2.126731707586765330e-02,2.855497885538912328e+02,-8.738787530095784017e-01,-4.839768500618728542e-01,4.585121200810135522e-02,-4.430102786713173657e+01,5.041606775151546982e-02,3.585042634607266132e-03,9.987218669788814340e-01,-3.742437378317737995e+01,0.000000000000000000e+00,0.000000000000000000e+00,0.000000000000000000e+00,1.000000000000000056e-01
-4.692978012956687817e-01,8.828507472288653624e-01,1.827927286532896739e-02,2.851650622054905284e+02,-8.813884890764700497e-01,-4.695851669129496031e-01,5.142083564893178138e-02,-4.504705352165491661e+01,5.398059857530495415e-02,8.020544418640810497e-03,9.985097725333891283e-01,-3.734675698140078737e+01,0.000000000000000000e+00,0.000000000000000000e+00,0.000000000000000000e+00,1.000000000000000056e-01
-4.645963511778439248e-01,8.854131489586615222e-01,1.392070843533083774e-02,2.847325363202468225e+02,-8.839364967697561637e-01,-4.646473638784425209e-01,5.252710651869096220e-02,-4.584496065485399185e+01,5.297641126619805768e-02,1.209887977963420430e-02,9.985224669267249720e-01,-3.727026499795048409e+01,0.000000000000000000e+00,0.000000000000000000e+00,0.000000000000000000e+00,1.000000000000000056e-01
-4.584439469562910929e-01,8.886362183199738585e-01,1.244262790223017723e-02,2.843168910289131190e+02,-8.872324175686421288e-01,-4.584406369034299544e-01,5.148611124254862115e-02,-4.665276674354809217e+01,5.145662945083068207e-02,1.256399321686193019e-02,9.985961953462503260e-01,-3.719555200791938177e+01,0.000000000000000000e+00,0.000000000000000000e+00,0.000000000000000000e+00,1.000000000000000056e-01
-4.473277884628543699e-01,8.942646674115835026e-01,1.373150713438357068e-02,2.839242151164784786e+02,-8.929274004201108728e-01,-4.474252765642976470e-01,4.991271852288364091e-02,-4.746476638729659925e+01,5.077900400672071685e-02,1.006610702365516585e-02,9.986591842272686259e-01,-3.712841771380163891e+01,0.000000000000000000e+00,0.000000000000000000e+00,0.000000000000000000e+00,1.000000000000000056e-01
-4.342172216734878631e-01,9.006940312576209307e-01,1.434107593778852219e-02,2.835466721850885961e+02,-8.993064162152234475e-01,-4.343572833925708476e-01,5.081062997009284932e-02,-4.821915378417385512e+01,5.199398192376659955e-02,9.165828970810394744e-03,9.986053341650988902e-01,-3.704548725456309910e+01,0.000000000000000000e+00,0.000000000000000000e+00,0.000000000000000000e+00,1.000000000000000056e-01
-4.259977549571993816e-01,9.045906037649723563e-01,1.554838742597281637e-02,2.832236319675183722e+02,-9.029968985620701050e-01,-4.261830997770790219e-01,5.444783422398334627e-02,-4.898394932078522146e+01,5.587945918410428675e-02,9.154509518403741719e-03,9.983955533738967381e-01,-3.698987735784839259e+01,0.000000000000000000e+00,0.000000000000000000e+00,0.000000000000000000e+00,1.000000000000000056e-01
-4.166649998498206386e-01,9.089131134063584971e-01,1.634717645679252540e-02,2.828732599634473672e+02,-9.072266128221405657e-01,-4.168989208939795077e-01,5.599252400724409606e-02,-4.970872581965681292e+01,5.770745954740476302e-02,8.499531480967700836e-03,9.982973540369566301e-01,-3.691906676804646992e+01,0.000000000000000000e+00,0.000000000000000000e+00,0.000000000000000000e+00,1.000000000000000056e-01
-4.043964523985168480e-01,9.143887070682116258e-01,1.888919462600625529e-02,2.825550149227563566e+02,-9.124861980511845827e-01,-4.047809022840334059e-01,5.934104407759391298e-02,-5.043711475621695683e+01,6.190676581432236203e-02,6.761178318069657051e-03,9.980590357359437892e-01,-3.684233958134742437e+01,0.000000000000000000e+00,0.000000000000000000e+00,0.000000000000000000e+00,1.000000000000000056e-01
-3.842798029678744509e-01,9.229503324458409041e-01,2.217468983060312190e-02,2.822513490318522713e+02,-9.208692532992687196e-01,-3.849038648457914213e-01,6.203896481099763216e-02,-5.115231575045015688e+01,6.579400701446189159e-02,3.420331107450675506e-03,9.978273648162272469e-01,-3.677435859548246810e+01,0.000000000000000000e+00,0.000000000000000000e+00,0.000000000000000000e+00,1.000000000000000056e-01
-3.705642097233226018e-01,9.285014717467127143e-01,2.381561328873030986e-02,2.819572032807919868e+02,-9.263034279708518559e-01,-3.713252370314106265e-01,6.387118030079010078e-02,-5.187737489112934952e+01,6.814782316096942849e-02,1.607889223679062618e-03,9.976739391658306921e-01,-3.670480117021466526e+01,0.000000000000000000e+00,0.000000000000000000e+00,0.000000000000000000e+00,1.000000000000000056e-01
-3.542109902427670320e-01,9.348715937625631245e-01,2.344520349843681392e-02,2.817419383674979940e+02,-9.327318467683789471e-01,-3.549856733443130796e-01,6.321766955791388587e-02,-5.262376556750586332e+01,6.742311484414907630e-02,5.243053779912867918e-04,9.977243350187381399e-01,-3.662549597586593819e+01,0.000000000000000000e+00,0.000000000000000000e+00,0.000000000000000000e+00,1.000000000000000056e-01
-3.383867589442139945e-01,9.407144157593638756e-01,2.346890184370997723e-02,2.814833471903308464e+02,-9.388694802675057183e-01,-3.391931590436494393e-01,5.892452698336959893e-02,-5.331984213029834052e+01,6.339164293071070100e-02,-2.094955968229797461e-03,9.979865283489735006e-01,-3.654707537730155309e+01,0.000000000000000000e+00,0.000000000000000000e+00,0.000000000000000000e+00,1.000000000000000056e-01
-3.217906783018804617e-01,9.464290011373857059e-01,2.688689576923953065e-02,2.812718224168619940e+02,-9.447761571538928482e-01,-3.228303570963793057e-01,5.637883832207828128e-02,-5.398989267673532311e+01,6.203847380084744068e-02,-7.259913437125758984e-03,9.980473543000587533e-01,-3.648067657480029169e+01,0.000000000000000000e+00,0.000000000000000000e+00,0.000000000000000000e+00,1.000000000000000056e-01
-3.074448016959909769e-01,9.511284239031576604e-01,2.885160573709237911e-02,2.810708459684099694e+02,-9.496140837556750203e-01,-3.086141142928564562e-01,5.468473637228273010e-02,-5.464409370095614804e+01,6.091621986780840214e-02,-1.058535321713495111e-02,9.980867519681269062e-01,-3.641587202550476832e+01,0.000000000000000000e+00,0.000000000000000000e+00,0.000000000000000000e+00,1.000000000000000056e-01
-2.942518877990667470e-01,9.550909667817999438e-01,3.488655469508078477e-02,2.808784533594907771e+02,-9.536650147897631769e-01,-2.958181210937038674e-01,5.490609072436398314e-02,-5.527267256730783629e+01,6.276038633347352791e-02,-1.711386585193718640e-02,9.978818815385290808e-01,-3.634247518131731169e+01,0.000000000000000000e+00,0.000000000000000000e+00,0.000000000000000000e+00,1.000000000000000056e-01
-2.852940768696832219e-01,9.574863546206182630e-01,4.274541400425817955e-02,2.806847061147734053e+02,-9.564494423463458794e-01,-2.872911730714289291e-01,5.165506858582792626e-02,-5.591983779874441751e+01,6.173940345062959439e-02,-2.614694227940247973e-02,9.977497599453472032e-01,-3.629775842346284520e+01,0.000000000000000000e+00,0.000000000000000000e+00,0.000000000000000000e+00,1.000000000000000056e-01
-2.778372497162664434e-01,9.595420590057526233e-01,4.566727131219804059e-02,2.805150012452762098e+02,-9.587751953859806608e-01,-2.799390906179248795e-01,4.882858032529788922e-02,-5.652393975869843246e+01,5.963713090580288756e-02,-3.021824850996670392e-02,9.977626321296634293e-01,-3.623945954507205158e+01,0.000000000000000000e+00,0.000000000000000000e+00,0.000000000000000000e+00,1.000000000000000056e-01
-2.818611442035559023e-01,9.580493201547328752e-01,5.192105102283944146e-02,2.803607484891696799e+02,-9.577549410203241020e-01,-2.841696088330316616e-01,4.419396301348345324e-02,-5.707967894240751150e+01,5.709438097937139661e-02,-3.727108217822275305e-02,9.976728412129131085e-01,-3.618685096885994312e+01,0.000000000000000000e+00,0.000000000000000000e+00,0.000000000000000000e+00,1.000000000000000056e-01
-2.860324219894936348e-01,9.566692116602992790e-01,5.449287138778954181e-02,2.801784331762477791e+02,-9.563189982672815059e-01,-2.885833557497496926e-01,4.662210138203812249e-02,-5.764046671432806335e+01,6.032766466462876481e-02,-3.877713560173462470e-02,9.974251383590834186e-01,-3.614240399012120264e+01,0.000000000000000000e+00,0.000000000000000000e+00,0.000000000000000000e+00,1.000000000000000056e-01
-2.967509906740457559e-01,9.529526719944798607e-01,6.180658923249444936e-02,2.800341470907611665e+02,-9.529382884691448563e-01,-2.997073996761281389e-01,4.565186687169652674e-02,-5.814065816736341930e+01,6.202796065864094044e-02,-4.535062863903314284e-02,9.970435560087506088e-01,-3.609016126274995884e+01,0.000000000000000000e+00,0.000000000000000000e+00,0.000000000000000000e+00,1.000000000000000056e-01
-3.115874241982432569e-01,9.476655064659099681e-01,6.959428810048913505e-02,2.798792829914228832e+02,-9.480322940620967698e-01,-3.150001736024772292e-01,4.482923204524956462e-02,-5.860578684207155931e+01,6.440532972403413547e-02,-5.200940765976053148e-02,9.965675968131911810e-01,-3.605020574204545625e+01,0.000000000000000000e+00,0.000000000000000000e+00,0.000000000000000000e+00,1.000000000000000056e-01
-3.336457267713384134e-01,9.400723477149135476e-01,7.031721033286145173e-02,2.796941109865758790e+02,-9.403388117311832772e-01,-3.371578445155312131e-01,4.568924417876615851e-02,-5.905560011490577921e+01,6.665919410862547467e-02,-5.087798092899704916e-02,9.964777884616280446e-01,-3.601286960950159255e+01,0.000000000000000000e+00,0.000000000000000000e+00,0.000000000000000000e+00,1.000000000000000056e-01
-3.608875376204232488e-01,9.297640584642401507e-01,7.279409851335681692e-02,2.794861068699921702e+02,-9.300418391520823835e-01,-3.645838660571125711e-01,4.583428888355557673e-02,-5.954832964003555418e+01,6.915462831133899202e-02,-5.116053360701074137e-02,9.962932485890719780e-01,-3.595936711784680995e+01,0.000000000000000000e+00,0.000000000000000000e+00,0.000000000000000000e+00,1.000000000000000056e-01
-4.010241125883158286e-01,9.129169066997555593e-01,7.591035887482319722e-02,2.792124015860750887e+02,-9.132171225248928437e-01,-4.049332525728257526e-01,4.542629291663488611e-02,-6.004898323893495160e+01,7.220905933544391475e-02,-5.110560069642759717e-02,9.960793489111937626e-01,-3.591321985610202461e+01,0.000000000000000000e+00,0.000000000000000000e+00,0.000000000000000000e+00,1.000000000000000056e-01
-4.411143613358927684e-01,8.939585871674834427e-01,7.909592058219222510e-02,2.789565821151500131e+02,-8.942916855411443544e-01,-4.452396148917980856e-01,4.476680134856941135e-02,-6.053250374802499323e+01,7.523630370510200893e-02,-5.098754515095219736e-02,9.958613200864231407e-01,-3.585658722956540601e+01,0.000000000000000000e+00,0.000000000000000000e+00,0.000000000000000000e+00,1.000000000000000056e-01
-4.842955065112866109e-01,8.707398173478176906e-01,8.526448767256969430e-02,2.787011186656412178e+02,-8.709107212985832680e-01,-4.890911658983201349e-01,4.800361410772885362e-02,-6.098345023543456733e+01,8.350076586569898929e-02,-5.100982185139694980e-02,9.952012963087067954e-01,-3.582184927805860042e+01,0.000000000000000000e+00,0.000000000000000000e+00,0.000000000000000000e+00,1.000000000000000056e-01
-5.280574698724127547e-01,8.456045478660173531e-01,7.815533980640301803e-02,2.784333857089593494e+02,-8.445985099764000692e-01,-5.325386005002881173e-01,5.528106296770630285e-02,-6.138357878311723681e+01,8.836665353848643933e-02,-3.681830530460267897e-02,9.954073271464833894e-01,-3.578047784166096079e+01,0.000000000000000000e+00,0.000000000000000000e+00,0.000000000000000000e+00,1.000000000000000056e-01
-5.773296235178762004e-01,8.134761687492088056e-01,7.033511701714499631e-02,2.781212616272333094e+02,-8.113937600706563336e-01,-5.812078942490781497e-01,6.194796026467665195e-02,-6.176785265413551684e+01,9.127251463123477182e-02,-2.130508248424476184e-02,9.955980220617307586e-01,-3.575017439686067178e+01,0.000000000000000000e+00,0.000000000000000000e+00,0.000000000000000000e+00,1.000000000000000056e-01
-6.252264630430928172e-01,7.775733305764956915e-01,6.686991466122733929e-02,2.778134579684538039e+02,-7.746187753771774931e-01,-6.287267142954209298e-01,6.832621432836616382e-02,-6.212226518057147473e+01,9.517154377115981390e-02,-9.079334086807628462e-03,9.954194808967495867e-01,-3.570129490467250122e+01,0.000000000000000000e+00,0.000000000000000000e+00,0.000000000000000000e+00,1.000000000000000056e-01
-6.711594707031354190e-01,7.386224941537103961e-01,6.310131548263862855e-02,2.774810096309203118e+02,-7.352358678004281556e-01,-6.741185016863591173e-01,7.065737317428384678e-02,-6.245537639743439939e+01,9.472688945193359633e-02,1.028014732699852885e-03,9.955027672490270874e-01,-3.564633104737321645e+01,0.000000000000000000e+00,0.000000000000000000e+00,0.000000000000000000e+00,1.000000000000000056e-01
-7.146307356013843481e-01,6.965316984819841517e-01,6.439335946840099578e-02,2.771462721487271210e+02,-6.928310491742329935e-01,-7.174932027929070699e-01,7.203222366488615247e-02,-6.275932973326803221e+01,9.637452481831532136e-02,6.862722184295226568e-03,9.953214827432718126e-01,-3.559605109102282938e+01,0.000000000000000000e+00,0.000000000000000000e+00,0.000000000000000000e+00,1.000000000000000056e-01
-7.542780797982258090e-01,6.536717202847595054e-01,6.146430212623531231e-02,2.767860831953864817e+02,-6.497032289516453396e-01,-7.566180260858741402e-01,7.358584708843268762e-02,-6.303275596395329217e+01,9.460598620440498208e-02,1.557063588551429317e-02,9.953930192001613220e-01,-3.555002028110916257e+01,0.000000000000000000e+00,0.000000000000000000e+00,0.000000000000000000e+00,1.000000000000000056e-01
-7.893614910973762999e-01,6.115584394629632881e-01,5.389537544309588868e-02,2.764207739149176177e+02,-6.073509112805933752e-01,-7.907054804954249949e-01,7.687466215296456795e-02,-6.325298934548303009e+01,8.962871715672399153e-02,2.794849255549713279e-02,9.955830326119038398e-01,-3.549964391837419697e+01,0.000000000000000000e+00,0.000000000000000000e+00,0.000000000000000000e+00,1.000000000000000056e-01
-8.260322933158334990e-01,5.615799047512456399e-01,4.794435294137774223e-02,2.760140908770147803e+02,-5.570259139450138841e-01,-8.263818043491162335e-01,8.255449493771847835e-02,-6.351170084921028547e+01,8.598128629595769290e-02,4.148643176126069754e-02,9.954326166981926072e-01,-3.546390618968654707e+01,0.000000000000000000e+00,0.000000000000000000e+00,0.000000000000000000e+00,1.000000000000000056e-01
-8.556396552952241219e-01,5.157983712334072157e-01,4.281145313154823689e-02,2.756237139153615203e+02,-5.111077818464350164e-01,-8.550897851308512099e-01,8.712229738070710605e-02,-6.369005058705783995e+01,8.154517534647634514e-02,5.266402565166798666e-02,9.952772903969390184e-01,-3.541951817644713429e+01,0.000000000000000000e+00,0.000000000000000000e+00,0.000000000000000000e+00,1.000000000000000056e-01
-8.837714869547268481e-01,4.662979466526159245e-01,3.891251461144121238e-02,2.752260928119970345e+02,-4.616434163086180487e-01,-8.824728196833073746e-01,9.015031169719421589e-02,-6.391490395025875415e+01,7.637614172462138529e-02,6.170856883567667206e-02,9.951676931590540676e-01,-3.539237765124308766e+01,0.000000000000000000e+00,0.000000000000000000e+00,0.000000000000000000e+00,1.000000000000000056e-01
-9.079548280854836673e-01,4.170944172369454583e-01,4.062360478876043263e-02,2.748423770888379067e+02,-4.120602577237041930e-01,-9.062207666444199727e-01,9.471148878079831135e-02,-6.405742884798254977e+01,7.631758749420095023e-02,6.925438045476738080e-02,9.946755534479025940e-01,-3.534585848901152616e+01,0.000000000000000000e+00,0.000000000000000000e+00,0.000000000000000000e+00,1.000000000000000056e-01
-9.294487181216610772e-01,3.668281319153782194e-01,3.952470135845752297e-02,2.744509396754190220e+02,-3.618003677284253872e-01,-9.271785590353807116e-01,9.716179072377932602e-02,-6.418204935578754089e+01,7.228813383659528358e-02,7.600685035277564283e-02,9.944834761854383087e-01,-3.529551974963747085e+01,0.000000000000000000e+00,0.000000000000000000e+00,0.000000000000000000e+00,1.000000000000000056e-01
-9.482983430442362138e-01,3.152210799304830946e-01,3.695840022263661290e-02,2.740339013446986201e+02,-3.105913616178230807e-01,-9.456567654789289623e-01,9.626156030481373971e-02,-6.430422774676156905e+01,6.529363420689096587e-02,7.980571828754250141e-02,9.946696882184890010e-01,-3.526177994552399753e+01,0.000000000000000000e+00,0.000000000000000000e+00,0.000000000000000000e+00,1.000000000000000056e-01
-9.636075686773064586e-01,2.648570650202939358e-01,3.621033963725998894e-02,2.736273980134001249e+02,-2.605723370767141223e-01,-9.608685161784040751e-01,9.398804055565451732e-02,-6.443398187709038893e+01,5.968677188614905649e-02,8.113217441895592685e-02,9.949145991168603098e-01,-3.523155813478790321e+01,0.000000000000000000e+00,0.000000000000000000e+00,0.000000000000000000e+00,1.000000000000000056e-01
-9.762740671021792327e-01,2.138720134836751829e-01,3.387783570726989740e-02,2.732060057242086373e+02,-2.100730380592729096e-01,-9.734064745049526568e-01,9.137370558528555564e-02,-6.448969769202520297e+01,5.251918301266114003e-02,8.208895930804470387e-02,9.952402414369129202e-01,-3.521013080994161015e+01,0.000000000000000000e+00,0.000000000000000000e+00,0.000000000000000000e+00,1.000000000000000056e-01
-9.857534611114249223e-01,1.642429472523208034e-01,3.625421609576635201e-02,2.727889467039815941e+02,-1.601724068215752972e-01,-9.824414998969539514e-01,9.567392211678110714e-02,-6.451475024874092412e+01,5.133141338236209966e-02,8.850397481523344934e-02,9.947522970277945520e-01,-3.517312499906659440e+01,0.000000000000000000e+00,0.000000000000000000e+00,0.000000000000000000e+00,1.000000000000000056e-01
-9.917183330408874120e-01,1.236567856362660311e-01,3.469506127260651301e-02,2.723526832742356305e+02,-1.196228720936995116e-01,-9.876782960282477486e-01,1.009056590424507183e-01,-6.450452279221998708e+01,4.674522844802212612e-02,9.591966910307531125e-02,9.942908531694831797e-01,-3.514112168760174626e+01,0.000000000000000000e+00,0.000000000000000000e+00,0.000000000000000000e+00,1.000000000000000056e-01
-9.954472189429417472e-01,8.747949760921953921e-02,3.784404572455370847e-02,2.718770945096656533e+02,-8.303344233420432985e-02,-9.908570262416587227e-01,1.063381446220943993e-01,-6.448548984997108846e+01,4.680044607582199007e-02,1.027116889432534430e-01,9.936095949624924595e-01,-3.511125082224095451e+01,0.000000000000000000e+00,0.000000000000000000e+00,0.000000000000000000e+00,1.000000000000000056e-01
-9.977135732948352320e-01,5.099370072362013895e-02,4.435389666942208403e-02,2.714156019345577988e+02,-4.609007619589644555e-02,-9.933706770488119897e-01,1.053109816488379119e-01,-6.452894498084698682e+01,4.943005704536834050e-02,1.030259213309702854e-01,9.934497113565419202e-01,-3.509279653782099473e+01,0.000000000000000000e+00,0.000000000000000000e+00,0.000000000000000000e+00,1.000000000000000056e-01
-9.984696883786530197e-01,2.513692386489005740e-02,4.925866875634406228e-02,2.709274901462932235e+02,-2.011722301809399163e-02,-9.947966428647010417e-01,9.987460479602246199e-02,-6.451740283057858960e+01,5.151289864758898385e-02,9.873081790267983215e-02,9.937799791046261211e-01,-3.506773962218935026e+01,0.000000000000000000e+00,0.000000000000000000e+00,0.000000000000000000e+00,1.000000000000000056e-01
-9.987326548369985790e-01,4.937021305016340081e-03,5.008702409681681234e-02,2.703936004232020309e+02,1.131476135566903372e-04,-9.949544419456461952e-01,1.003276913431477568e-01,-6.449553619714511399e+01,5.032962705861071528e-02,1.002062087560555981e-01,9.936929326340602220e-01,-3.504703312272854276e+01,0.000000000000000000e+00,0.000000000000000000e+00,0.000000000000000000e+00,1.000000000000000056e-01
-9.987552673527944069e-01,-9.350044772037836502e-03,4.899482215305207833e-02,2.698824041487650902e+02,1.436425729632445809e-02,-9.945764134197789819e-01,1.030117759354437362e-01,-6.448370012532285500e+01,4.776592977607893586e-02,1.035873280464843643e-01,9.934727381366922350e-01,-3.501950866720682853e+01,0.000000000000000000e+00,0.000000000000000000e+00,0.000000000000000000e+00,1.000000000000000056e-01
-9.985357438370063843e-01,-2.016679975486520768e-02,5.019629934093178952e-02,2.694144035465174056e+02,2.550659650606416570e-02,-9.938104823215723194e-01,1.081209450682040496e-01,-6.444496279962919516e+01,4.770515501027216415e-02,1.092429650614259451e-01,9.928696756221503383e-01,-3.498526289610087758e+01,0.000000000000000000e+00,0.000000000000000000e+00,0.000000000000000000e+00,1.000000000000000056e-01
-9.981628054983444631e-01,-3.210499412746776332e-02,5.138368487905167759e-02,2.688778962425561190e+02,3.760515883461235803e-02,-9.932279387028606354e-01,1.099277663244831171e-01,-6.439755362114141235e+01,4.750648112308467064e-02,1.116580992679968853e-01,9.926104991985326143e-01,-3.496555450255669939e+01,0.000000000000000000e+00,0.000000000000000000e+00,0.000000000000000000e+00,1.000000000000000056e-01
-9.982902922920329214e-01,-3.107078793858108340e-02,4.950856948411773428e-02,2.683067029301982416e+02,3.647239194848251459e-02,-9.930126808323951337e-01,1.122300331088623010e-01,-6.439762444819328380e+01,4.567556174853526496e-02,1.138438485072240797e-01,9.924481453537106201e-01,-3.492702644815970814e+01,0.000000000000000000e+00,0.000000000000000000e+00,0.000000000000000000e+00,1.000000000000000056e-01
-9.985332252622616256e-01,-2.179788454429422082e-02,4.956057179592263801e-02,2.677262066791651591e+02,2.745661658768766902e-02,-9.928077174189864351e-01,1.165288395156261064e-01,-6.437313505936351987e+01,4.666403596884754340e-02,1.177186835752738608e-01,9.919499882980001848e-01,-3.488813540248143141e+01,0.000000000000000000e+00,0.000000000000000000e+00,0.000000000000000000e+00,1.000000000000000056e-01
-9.988852063518776081e-01,-1.052733262824786208e-02,4.601651659025925156e-02,2.671115098252836901e+02,1.596887132918497001e-02,-9.927015947184563149e-01,1.195346769431603340e-01,-6.437420540739690011e+01,4.442228809774785570e-02,1.201362522770208496e-01,9.917630469063629661e-01,-3.485221773587289107e+01,0.000000000000000000e+00,0.000000000000000000e+00,0.000000000000000000e+00,1.000000000000000056e-01
-9.990259039052928891e-01,2.469275422908802104e-03,4.405843852315823733e-02,2.665032526024804156e+02,2.893008163390979864e-03,-9.926201227642046376e-01,1.212308640047680963e-01,-6.436591807906648910e+01,4.403264504864145418e-02,1.212402349158968051e-01,9.916460717451355267e-01,-3.481291255880016422e+01,0.000000000000000000e+00,0.000000000000000000e+00,0.000000000000000000e+00,1.000000000000000056e-01
-9.990004397237466360e-01,1.674121895841314267e-02,4.144699047635683892e-02,2.658953458608662572e+02,-1.155077914587276065e-02,-9.924083350458461350e-01,1.224429501141441473e-01,-6.436501408950059044e+01,4.318218304907727595e-02,1.218418159718493016e-01,9.916097372191330361e-01,-3.476921750862434379e+01,0.000000000000000000e+00,0.000000000000000000e+00,0.000000000000000000e+00,1.000000000000000056e-01
-9.987701232695174181e-01,2.720379367622750844e-02,4.145110944009584852e-02,2.652590099464897548e+02,-2.182387344974692778e-02,-9.919013073556590676e-01,1.251220005186329531e-01,-6.437074889160442126e+01,4.451920273143927798e-02,1.240634921149513653e-01,9.912750831693493136e-01,-3.472627544117235487e+01,0.000000000000000000e+00,0.000000000000000000e+00,0.000000000000000000e+00,1.000000000000000056e-01
-9.984530031041058962e-01,3.932481385660020756e-02,3.930851825668704724e-02,2.646111133764069336e+02,-3.419103480896590330e-02,-9.917332409309524976e-01,1.236776130562103754e-01,-6.437704759139322164e+01,4.384716331856185201e-02,1.221422852567175393e-01,9.915435887651041780e-01,-3.469165127639190160e+01,0.000000000000000000e+00,0.000000000000000000e+00,0.000000000000000000e+00,1.000000000000000056e-01
-9.979560224509695932e-01,5.083502158347054378e-02,3.872438294469995879e-02,2.639821245225933239e+02,-4.557414483984036091e-02,-9.909367265324433571e-01,1.263621831533576767e-01,-6.439079435889037484e+01,4.479703758014515202e-02,1.243390710507905617e-01,9.912280367474830545e-01,-3.464909693508812438e+01,0.000000000000000000e+00,0.000000000000000000e+00,0.000000000000000000e+00,1.000000000000000056e-01
-9.973627560957112337e-01,6.152492774279467308e-02,3.849955869111332252e-02,2.633507158798291812e+02,-5.605771364203413626e-02,-9.899549990061147220e-01,1.297945787929176698e-01,-6.442022632478253286e+01,4.609843266743768320e-02,1.272940815947352089e-01,9.907931930007183308e-01,-3.461109736089697009e+01,0.000000000000000000e+00,0.000000000000000000e+00,0.000000000000000000e+00,1.000000000000000056e-01
-9.965178224093125259e-01,7.263917991156230991e-02,4.093628173610639603e-02,2.627220740930790726e+02,-6.670152310712564037e-02,-9.890884342893908610e-01,1.313581971943572901e-01,-6.444474674366848888e+01,5.003135452685424783e-02,1.281702722815932505e-01,9.904893966456533860e-01,-3.458170073807779232e+01,0.000000000000000000e+00,0.000000000000000000e+00,0.000000000000000000e+00,1.000000000000000056e-01
-9.955821842329999338e-01,8.286087815578509208e-02,4.416094778309800906e-02,2.620435249377685523e+02,-7.651421530586878517e-02,-9.885677913132344674e-01,1.299203480375601960e-01,-6.449598225196889700e+01,5.442140474093373759e-02,1.259674436087585003e-01,9.905405160096671935e-01,-3.453089204421589642e+01,0.000000000000000000e+00,0.000000000000000000e+00,0.000000000000000000e+00,1.000000000000000056e-01
-9.948597352314800801e-01,9.056923796396436355e-02,4.529150416774433557e-02,2.613447766164442783e+02,-8.392236521006453398e-02,-9.877258012913685548e-01,1.317375348216022479e-01,-6.455256876877444938e+01,5.666695538582035979e-02,1.272593988589884317e-01,9.902494138192409201e-01,-3.447463175475524366e+01,0.000000000000000000e+00,0.000000000000000000e+00,0.000000000000000000e+00,1.000000000000000056e-01
-9.937235609705261652e-01,1.017016198693791312e-01,4.658610187601591041e-02,2.606162217915659767e+02,-9.489287557164648168e-02,-9.869138268061743435e-01,1.303703978076994341e-01,-6.462361343115931334e+01,5.923534871849951006e-02,1.251314467859222512e-01,9.903702815045792862e-01,-3.441851326292030677e+01,0.000000000000000000e+00,0.000000000000000000e+00,0.000000000000000000e+00,1.000000000000000056e-01
-9.931035581148106584e-01,1.089915633862640343e-01,4.319909686928483789e-02,2.598237711944285024e+02,-1.026715888247410335e-01,-9.863973307701268123e-01,1.283699758423806625e-01,-6.471067334087227607e+01,5.660271820246069036e-02,1.230493598528170918e-01,9.907850358841239213e-01,-3.435624845482431766e+01,0.000000000000000000e+00,0.000000000000000000e+00,0.000000000000000000e+00,1.000000000000000056e-01
-9.927862581199893288e-01,1.133339823030125176e-01,3.912613120984682197e-02,2.590287927012045657e+02,-1.075229702994939945e-01,-9.859676235532242039e-01,1.276975182326640923e-01,-6.478883936242669961e+01,5.304956687932368270e-02,1.225693834534052479e-01,9.910411140279540287e-01,-3.429096763350904808e+01,0.000000000000000000e+00,0.000000000000000000e+00,0.000000000000000000e+00,1.000000000000000056e-01
-9.917126387486996375e-01,1.224120295520990248e-01,3.900432241467415018e-02,2.581881917787009115e+02,-1.164028523846313973e-01,-9.845971532696340400e-01,1.304562061768440306e-01,-6.488309736526781535e+01,5.437295378047368732e-02,1.248348540843844667e-01,9.906865503795420080e-01,-3.422804608674424998e+01,0.000000000000000000e+00,0.000000000000000000e+00,0.000000000000000000e+00,1.000000000000000056e-01
-9.907329844266914431e-01,1.309173915886303052e-01,3.617720482031035190e-02,2.573531541207055398e+02,-1.249487583291148257e-01,-9.829139580537511467e-01,1.351590132219125107e-01,-6.498726875396360469e+01,5.325374504195846959e-02,1.293861957193961632e-01,9.901632446199304383e-01,-3.417195658839646910e+01,0.000000000000000000e+00,0.000000000000000000e+00,0.000000000000000000e+00,1.000000000000000056e-01
-9.900350505893753539e-01,1.367866394798084306e-01,3.346660819853039537e-02,2.565133822879553236e+02,-1.310232378292925104e-01,-9.818573627261999448e-01,1.370730841889829243e-01,-6.509679368579125480e+01,5.160920221454391721e-02,1.313222544741456110e-01,9.899954321746167185e-01,-3.411519244442423826e+01,0.000000000000000000e+00,0.000000000000000000e+00,0.000000000000000000e+00,1.000000000000000056e-01
-9.887802771232063748e-01,1.466040260600246226e-01,2.865001073554445526e-02,2.556677721550039735e+02,-1.410529468686200494e-01,-9.794769786905361819e-01,1.439753951025567469e-01,-6.519715081525241374e+01,4.916939853032007562e-02,1.383188626263630594e-01,9.891664483239996919e-01,-3.405274168823929415e+01,0.000000000000000000e+00,0.000000000000000000e+00,0.000000000000000000e+00,1.000000000000000056e-01
-9.883691035854251794e-01,1.501339297856408017e-01,2.421400844272747835e-02,2.548170299992224841e+02,-1.449616597955769859e-01,-9.782490064837168209e-01,1.483745210706119422e-01,-6.531432073818291428e+01,4.596337963047980590e-02,1.431386895313155327e-01,9.886347572750019408e-01,-3.399686694795663300e+01,0.000000000000000000e+00,0.000000000000000000e+00,0.000000000000000000e+00,1.000000000000000056e-01
-9.873938979614675926e-01,1.560332763367400510e-01,2.658772167903084016e-02,2.539815122384470385e+02,-1.503548460647828600e-01,-9.771074621383291081e-01,1.505138787568423286e-01,-6.545221277059060583e+01,4.946423489041902599e-02,1.446188926427543209e-01,9.882503050125959199e-01,-3.392693027085803692e+01,0.000000000000000000e+00,0.000000000000000000e+00,0.000000000000000000e+00,1.000000000000000056e-01
-9.862611066332525045e-01,1.616428675408667082e-01,3.406776945616608182e-02,2.531520564149452923e+02,-1.546615082168451560e-01,-9.759897111676398840e-01,1.533750356837714768e-01,-6.561982158527294473e+01,5.804177304875684368e-02,1.459988598177165975e-01,9.875806222852305805e-01,-3.385866808082980128e+01,0.000000000000000000e+00,0.000000000000000000e+00,0.000000000000000000e+00,1.000000000000000056e-01
-9.846699184433791441e-01,1.693858259367089780e-01,4.163644658766798429e-02,2.523478289381090747e+02,-1.611442122484310624e-01,-9.747527478691799807e-01,1.545626843074203172e-01,-6.574534059807879771e+01,6.676596866324491231e-02,1.454837533651837100e-01,9.871052542334262103e-01,-3.378848171848287762e+01,0.000000000000000000e+00,0.000000000000000000e+00,0.000000000000000000e+00,1.000000000000000056e-01
-9.838595485246139916e-01,1.737819117596782481e-01,4.266422297539729236e-02,2.514549932617972274e+02,-1.652939745831884799e-01,-9.739371641045619921e-01,1.553199998147567762e-01,-6.589924199492769219e+01,6.854407883570443061e-02,1.457609259064829021e-01,9.869424814726791562e-01,-3.371288612497131965e+01,0.000000000000000000e+00,0.000000000000000000e+00,0.000000000000000000e+00,1.000000000000000056e-01
-9.834805504845665070e-01,1.766538231617148791e-01,3.948966422906011881e-02,2.506044999110858100e+02,-1.684564977909128458e-01,-9.730477103486836477e-01,1.574819409875450604e-01,-6.609135138663421571e+01,6.624511431490266722e-02,1.482281354788422545e-01,9.867319821926678891e-01,-3.363236823989900870e+01,0.000000000000000000e+00,0.000000000000000000e+00,0.000000000000000000e+00,1.000000000000000056e-01
-9.824575086129583301e-01,1.840264099958350275e-01,3.019145895885910758e-02,2.496997950046820733e+02,-1.768046482699113797e-01,-9.706497935063562732e-01,1.630309624464676421e-01,-6.626762504161641232e+01,5.930733614126144915e-02,1.548330029099527771e-01,9.861589025556246613e-01,-3.356490370664473488e+01,0.000000000000000000e+00,0.000000000000000000e+00,0.000000000000000000e+00,1.000000000000000056e-01
-9.815263535917526649e-01,1.897542521261389170e-01,2.448144205164623152e-02,2.487878250169220848e+02,-1.833892115418947200e-01,-9.695453563782450157e-01,1.623274438147317145e-01,-6.644595777761634281e+01,5.453819115922893535e-02,1.548390316600836980e-01,9.864332009718889127e-01,-3.348551173059314578e+01,0.000000000000000000e+00,0.000000000000000000e+00,0.000000000000000000e+00,1.000000000000000056e-01
-9.802915161998522198e-01,1.963563580893688543e-01,2.174221480150630159e-02,2.478427051960771053e+02,-1.905821982867537678e-01,-9.689244715963412080e-01,1.576825736660198707e-01,-6.662032623862535274e+01,5.202853988710191835e-02,1.504312101248636291e-01,9.872504657165704911e-01,-3.339223143399789251e+01,0.000000000000000000e+00,0.000000000000000000e+00,0.000000000000000000e+00,1.000000000000000056e-01
-9.790327549734496593e-01,2.026751346704580015e-01,2.043659647323795708e-02,2.468779896083565859e+02,-1.971048865560363073e-01,-9.678693089513870085e-01,1.561366852654999249e-01,-6.681680610913593910e+01,5.142497821905526317e-02,1.488347760984556623e-01,9.875240154238742463e-01,-3.332067477265065492e+01,0.000000000000000000e+00,0.000000000000000000e+00,0.000000000000000000e+00,1.000000000000000056e-01
-9.769540861770309448e-01,2.122822568448434477e-01,2.229253083126326099e-02,2.459045524813027157e+02,-2.057459243254687598e-01,-9.643499680754470393e-01,1.664264212688097155e-01,-6.702335530864243651e+01,5.682717770100322030e-02,1.580043749449512591e-01,9.858018509684356445e-01,-3.324414971636296201e+01,0.000000000000000000e+00,0.000000000000000000e+00,0.000000000000000000e+00,1.000000000000000056e-01
-9.762319011469811070e-01,2.155049564202194401e-01,2.299758555306490732e-02,2.449714180496069957e+02,-2.087745433395972183e-01,-9.635779898660636889e-01,1.671246465935505299e-01,-6.721512266846026762e+01,5.817615693988278242e-02,1.583511010507847039e-01,9.856675218143845507e-01,-3.315929233618791017e+01,0.000000000000000000e+00,0.000000000000000000e+00,0.000000000000000000e+00,1.000000000000000056e-01
-9.750737412300543028e-01,2.207329550904622295e-01,2.254244220703464918e-02,2.440319389746770753e+02,-2.138348975078015746e-01,-9.619635567135795817e-01,1.700022122291010018e-01,-6.742901985464563097e+01,5.921009855973473346e-02,1.609443322766983542e-01,9.851858130000422653e-01,-3.307996084254019564e+01,0.000000000000000000e+00,0.000000000000000000e+00,0.000000000000000000e+00,1.000000000000000056e-01
-9.736833377433269376e-01,2.268358533536723176e-01,2.205115494313046945e-02,2.430379682406335178e+02,-2.203434393123021307e-01,-9.616773142429391186e-01,1.631732576818686609e-01,-6.765573272380316894e+01,5.821964061242995703e-02,1.540202548491559631e-01,9.863509692513920957e-01,-3.299668540031363761e+01,0.000000000000000000e+00,0.000000000000000000e+00,0.000000000000000000e+00,1.000000000000000056e-01
-9.724047573706411374e-01,2.322741374555142013e-01,2.185664457874805441e-02,2.420496057920558997e+02,-2.256848246207198427e-01,-9.602673807447059673e-01,1.641734369915452685e-01,-6.787928625725309928e+01,5.912146631182074730e-02,1.547103181659156557e-01,9.861893173595733808e-01,-3.289579666328616270e+01,0.000000000000000000e+00,0.000000000000000000e+00,0.000000000000000000e+00,1.000000000000000056e-01
-9.689248631027185255e-01,2.465441055433023332e-01,2.001533620083785839e-02,2.410772446374418791e+02,-2.404172031427468104e-01,-9.576898533466762231e-01,1.582078165889480026e-01,-6.812718759486369891e+01,5.817368902174582801e-02,1.484794558808591458e-01,9.872029543548405117e-01,-3.281307060069575954e+01,0.000000000000000000e+00,0.000000000000000000e+00,0.000000000000000000e+00,1.000000000000000056e-01
-9.689107659526685623e-01,2.465615281560018524e-01,2.047780394451204772e-02,2.401668694346554105e+02,-2.406906349708039516e-01,-9.585197089803749737e-01,1.526695311236935526e-01,-6.836337834001464842e+01,5.727081157416902962e-02,1.429943367044805014e-01,9.880651161801441429e-01,-3.273505896327639419e+01,0.000000000000000000e+00,0.000000000000000000e+00,0.000000000000000000e+00,1.000000000000000056e-01
-9.670264284329892490e-01,2.536483960936060655e-01,2.285558730985963113e-02,2.392084651384258223e+02,-2.475188242317104270e-01,-9.571838156556435884e-01,1.501118739402552693e-01,-6.860927613339477205e+01,5.995263432985345475e-02,1.395049612237664327e-01,9.884047993766856832e-01,-3.265066581663493395e+01,0.000000000000000000e+00,0.000000000000000000e+00,0.000000000000000000e+00,1.000000000000000056e-01
-9.644286261608918664e-01,2.631188010448738401e-01,2.541498727370328919e-02,2.382401992273883025e+02,-2.565365899845283293e-01,-9.548036201315863725e-01,1.501300269190923298e-01,-6.884880267068876947e+01,6.376835453831630751e-02,1.382698214373819234e-01,9.883395435978215016e-01,-3.256299119136946274e+01,0.000000000000000000e+00,0.000000000000000000e+00,0.000000000000000000e+00,1.000000000000000056e-01
-9.630138850776808201e-01,2.681914695557383599e-01,2.603061284574516993e-02,2.372163666544447551e+02,-2.618415047351103642e-01,-9.542355262749435685e-01,1.444769420801632898e-01,-6.908157546468467558e+01,6.358681896151724411e-02,1.323174064600541044e-01,9.891657193827736450e-01,-3.253073198835895141e+01,0.000000000000000000e+00,0.000000000000000000e+00,0.000000000000000000e+00,1.000000000000000056e-01
-9.615871923830887624e-01,2.733417124927934316e-01,2.518689453497297004e-02,2.362247343822767505e+02,-2.671553903124068152e-01,-9.529946349899558466e-01,1.429308332984400021e-01,-6.932345645845447279e+01,6.307193410570464953e-02,1.307116440561740534e-01,9.894121473058119509e-01,-3.244304008072789713e+01,0.000000000000000000e+00,0.000000000000000000e+00,0.000000000000000000e+00,1.000000000000000056e-01
-9.603720109878091105e-01,2.779007171392711695e-01,2.137269109658655394e-02,2.351995476761954649e+02,-2.718581605620610797e-01,-9.508777700803767718e-01,1.480696015486717421e-01,-6.961311947862317595e+01,6.147146530744095061e-02,1.363915605176823365e-01,9.887459740360551308e-01,-3.235331769261210866e+01,0.000000000000000000e+00,0.000000000000000000e+00,0.000000000000000000e+00,1.000000000000000056e-01
-9.604902959405487994e-01,2.775916762490469591e-01,2.003129255145443682e-02,2.341901959831745330e+02,-2.719654568453115373e-01,-9.514328824763569337e-01,1.442576182586286226e-01,-6.988105346305511034e+01,5.910314447606530158e-02,1.331102228229504580e-01,9.893373979048127875e-01,-3.225918033479694458e+01,0.000000000000000000e+00,0.000000000000000000e+00,0.000000000000000000e+00,1.000000000000000056e-01
-9.615622020610568033e-01,2.742280244653172439e-01,1.404002013324071041e-02,2.331655230524230547e+02,-2.691776061013805288e-01,-9.514850115000053066e-01,1.490627024589508687e-01,-7.008759648336842929e+01,5.423603913471632121e-02,1.395538014125198845e-01,9.887280660375189489e-01,-3.218318497838573933e+01,0.000000000000000000e+00,0.000000000000000000e+00,0.000000000000000000e+00,1.000000000000000056e-01
-9.613886720821542831e-01,2.749818061083326159e-01,1.080867713974785482e-02,2.321168404728203143e+02,-2.703587912295412621e-01,-9.510979721952055321e-01,1.493946829410924271e-01,-7.037479454383984034e+01,5.136093064785016843e-02,1.407041349625787197e-01,9.887185652183432261e-01,-3.209678592027984223e+01,0.000000000000000000e+00,0.000000000000000000e+00,0.000000000000000000e+00,1.000000000000000056e-01
-9.620215012312356428e-01,2.727737928915621168e-01,1.044457181276538943e-02,2.311341540961762178e+02,-2.681995101836864848e-01,-9.516287901365854118e-01,1.499055319873499326e-01,-7.066187197918428353e+01,5.082965577329342372e-02,1.414111158810752722e-01,9.886451549465246069e-01,-3.203825466452272508e+01,0.000000000000000000e+00,0.000000000000000000e+00,0.000000000000000000e+00,1.000000000000000056e-01
-9.614035016802737754e-01,2.748172108276440428e-01,1.337189552093719785e-02,2.301924970319288661e+02,-2.696672158634512706e-01,-9.508059580129322175e-01,1.524717117880099171e-01,-7.091570720405201200e+01,5.461592849493081964e-02,1.429808757842300493e-01,9.882173695673494018e-01,-3.196588756060260295e+01,0.000000000000000000e+00,0.000000000000000000e+00,0.000000000000000000e+00,1.000000000000000056e-01
-9.607948506960930501e-01,2.768447336430100991e-01,1.517393587712737024e-02,2.292386983118379078e+02,-2.713800986086966072e-01,-9.502202409952711371e-01,1.530827739558665301e-01,-7.116761313081127582e+01,5.679874078715575758e-02,1.429632367324536746e-01,9.880968656907954673e-01,-3.188224681197925747e+01,0.000000000000000000e+00,0.000000000000000000e+00,0.000000000000000000e+00,1.000000000000000056e-01
-9.600496910024851616e-01,2.794328385319173047e-01,1.489562204236553195e-02,2.282971122078400015e+02,-2.740043882787423501e-01,-9.495364083672630517e-01,1.526505957701816962e-01,-7.144059590084336264e+01,5.679952473415415121e-02,1.424706914947584391e-01,9.881679594355301521e-01,-3.180136769231295801e+01,0.000000000000000000e+00,0.000000000000000000e+00,0.000000000000000000e+00,1.000000000000000056e-01
-9.589258940153098099e-01,2.833828155076298927e-01,1.246232971428000436e-02,2.273216692721419463e+02,-2.779774780295043435e-01,-9.475668845576212806e-01,1.576246205328341865e-01,-7.170125278138952751e+01,5.647699970160649507e-02,1.476860831789242601e-01,9.874204622854301228e-01,-3.172367724587255466e+01,0.000000000000000000e+00,0.000000000000000000e+00,0.000000000000000000e+00,1.000000000000000056e-01
-9.570408734572679599e-01,2.897892008330910096e-01,9.746056262332273429e-03,2.263908823711256275e+02,-2.846112018229538521e-01,-9.453006362106466387e-01,1.593837224331296210e-01,-7.198451171179107178e+01,5.540063473502727931e-02,1.497629001464165499e-01,9.871685992831673584e-01,-3.163152346898888823e+01,0.000000000000000000e+00,0.000000000000000000e+00,0.000000000000000000e+00,1.000000000000000056e-01
-9.563398369345628147e-01,2.921247455620946121e-01,8.789159360035617152e-03,2.254919008366979369e+02,-2.870134413090525416e-01,-9.444280963330353718e-01,1.602462335429279405e-01,-7.224383948610268646e+01,5.511261924377791610e-02,1.507272499816840194e-01,9.870379401588620372e-01,-3.156170291517743465e+01,0.000000000000000000e+00,0.000000000000000000e+00,0.000000000000000000e+00,1.000000000000000056e-01
-9.543322648859333679e-01,2.985598783692122171e-01,1.057956642998963970e-02,2.246015893584745697e+02,-2.929397847417219425e-01,-9.421422602780922251e-01,1.629547296446516302e-01,-7.250609867833864541e+01,5.861920089150769730e-02,1.524137803029933513e-01,9.865768235979355261e-01,-3.148497475438516702e+01,0.000000000000000000e+00,0.000000000000000000e+00,0.000000000000000000e+00,1.000000000000000056e-01
-9.532295476159531322e-01,3.019094646426956907e-01,1.428652200667249184e-02,2.237088290003516988e+02,-2.955932361096005878e-01,-9.410655668027285703e-01,1.643783372117942621e-01,-7.280318267409839450e+01,6.307192971631819800e-02,1.524672887455578441e-01,9.862939001861659172e-01,-3.140178946279403860e+01,0.000000000000000000e+00,0.000000000000000000e+00,0.000000000000000000e+00,1.000000000000000056e-01
-9.516856255604411174e-01,3.064178607211645589e-01,2.006401586665381917e-02,2.227867985178780543e+02,-2.992309618666822435e-01,-9.400696393427840913e-01,1.634928275071063641e-01,-7.309460561777957821e+01,6.895869460751503921e-02,1.495899990540585645e-01,9.863404739850404335e-01,-3.131308263689103200e+01,0.000000000000000000e+00,0.000000000000000000e+00,0.000000000000000000e+00,1.000000000000000056e-01
-9.507305584195799852e-01,3.093035749616149799e-01,2.104052763499963952e-02,2.218406347680381145e+02,-3.018030900899124624e-01,-9.389232232682573898e-01,1.653422983381064582e-01,-7.340383668968748054e+01,7.089640399466490273e-02,1.508458793719995861e-01,9.860117750702135364e-01,-3.122943879467757355e+01,0.000000000000000000e+00,0.000000000000000000e+00,0.000000000000000000e+00,1.000000000000000056e-01
-9.493656194384376690e-01,3.137790142485233913e-01,1.573692617687310821e-02,2.209157933626258341e+02,-3.070062779292028754e-01,-9.371816181449963423e-01,1.656434723228877581e-01,-7.370675073056881388e+01,6.672380340124857423e-02,1.524248825761435888e-01,9.860601346932753586e-01,-3.113005978235936055e+01,0.000000000000000000e+00,0.000000000000000000e+00,0.000000000000000000e+00,1.000000000000000056e-01
-9.477382748450027261e-01,3.189491291941508044e-01,7.975925031689552053e-03,2.199908364091826911e+02,-3.135188849681455614e-01,-9.356546871501754126e-01,1.620376967937958435e-01,-7.401306537168430566e+01,5.914449392926576787e-02,1.510687240966848421e-01,9.867523343968590543e-01,-3.103844529260642915e+01,0.000000000000000000e+00,0.000000000000000000e+00,0.000000000000000000e+00,1.000000000000000056e-01
-9.460650367130079008e-01,3.239755573766559538e-01,8.857379410109091078e-04,2.190579457621170718e+02,-3.194433193403422022e-01,-9.332789031829771265e-01,1.641537529342636248e-01,-7.430055371512254681e+01,5.400844413644213804e-02,1.550171832283899487e-01,9.864343672368155458e-01,-3.096047567731720918e+01,0.000000000000000000e+00,0.000000000000000000e+00,0.000000000000000000e+00,1.000000000000000056e-01
-9.442456887911043761e-01,3.292388692420569196e-01,-1.358741927181220804e-03,2.181258303556046485e+02,-3.247058706720000743e-01,-9.305466832412163658e-01,1.692600598484751417e-01,-7.459767966249036419e+01,5.446261791863557522e-02,1.602642732769308798e-01,9.855704875656869923e-01,-3.088363536031785728e+01,0.000000000000000000e+00,0.000000000000000000e+00,0.000000000000000000e+00,1.000000000000000056e-01
-9.428697753529649006e-01,3.331574693145676336e-01,1.639318688708184951e-03,2.172144683934507157e+02,-3.280496835416945589e-01,-9.292503811194727792e-01,1.699327346849601461e-01,-7.492193316476397058e+01,5.813769735760351831e-02,1.596866614004685825e-01,9.854543004709694909e-01,-3.079091110453363456e+01,0.000000000000000000e+00,0.000000000000000000e+00,0.000000000000000000e+00,1.000000000000000056e-01
-9.421061088595070743e-01,3.352823395190226985e-01,4.672521401814136444e-03,2.162905510231160235e+02,-3.295210879409111171e-01,-9.283170401548974660e-01,1.721723716520452974e-01,-7.524320410250015811e+01,6.206393680582890371e-02,1.606649487744682414e-01,9.850557557739864079e-01,-3.070133885511301841e+01,0.000000000000000000e+00,0.000000000000000000e+00,0.000000000000000000e+00,1.000000000000000056e-01
-9.400543585144862657e-01,3.409159794135297461e-01,8.608020587372918614e-03,2.154177446153370568e+02,-3.344878609956324911e-01,-9.266600462765484103e-01,1.715197641128055894e-01,-7.559452531646113016e+01,6.645053712713915040e-02,1.583586234319426522e-01,9.851430720967665478e-01,-3.061131022928686818e+01,0.000000000000000000e+00,0.000000000000000000e+00,0.000000000000000000e+00,1.000000000000000056e-01
-9.367479629520598650e-01,3.496771988168664858e-01,1.513639761491961458e-02,2.144907969645402659e+02,-3.424630100452936143e-01,-9.246352164674926932e-01,1.666397408148214410e-01,-7.599318332634736350e+01,7.226576406490464732e-02,1.509157814666953479e-01,9.859016615506904779e-01,-3.049848675268391673e+01,0.000000000000000000e+00,0.000000000000000000e+00,0.000000000000000000e+00,1.000000000000000056e-01
-9.347888762762923687e-01,3.549197282772287854e-01,1.420363579245550317e-02,2.135846674746036058e+02,-3.472707798561054937e-01,-9.215844232499426081e-01,1.734507315672173533e-01,-7.631993254131502624e+01,7.465093601716568661e-02,1.572073067725818230e-01,9.847401182286991128e-01,-3.040444998800624887e+01,0.000000000000000000e+00,0.000000000000000000e+00,0.000000000000000000e+00,1.000000000000000056e-01
-9.337696222786364686e-01,3.575818496339376873e-01,1.447457501916537756e-02,2.126868889133941423e+02,-3.503427679263093619e-01,-9.216235726023462860e-01,1.669429105575332695e-01,-7.667782633618108434e+01,7.303586428149962118e-02,1.508151558566325490e-01,9.858603102329427381e-01,-3.031141800162167854e+01,0.000000000000000000e+00,0.000000000000000000e+00,0.000000000000000000e+00,1.000000000000000056e-01
-9.312666751886424787e-01,3.640024700662932711e-01,1.563910063682993554e-02,2.118240915374118174e+02,-3.567110819930734422e-01,-9.196679150183193485e-01,1.642197615063075988e-01,-7.700390611980979827e+01,7.415917789742859645e-02,1.473537507886887032e-01,9.862997964422798303e-01,-3.021853667111711061e+01,0.000000000000000000e+00,0.000000000000000000e+00,0.000000000000000000e+00,1.000000000000000056e-01
-9.288113804223210312e-01,3.703989398719639836e-01,1.067918253930190062e-02,2.109182908865697073e+02,-3.637633443090155239e-01,-9.169059525209395378e-01,1.641941033313593368e-01,-7.735242796298176415e+01,7.060912784550679722e-02,1.486206566174221588e-01,9.863702405747565294e-01,-3.012186381679585168e+01,0.000000000000000000e+00,0.000000000000000000e+00,0.000000000000000000e+00,1.000000000000000056e-01
-9.237084840295897159e-01,3.830420027413126149e-01,6.438995859752622702e-03,2.100251964400416682e+02,-3.768883436710026569e-01,-9.116256475666644210e-01,1.639934605512929633e-01,-7.770664098111105034e+01,6.868633733637176386e-02,1.490553683521144979e-01,9.864404108858930709e-01,-3.003481397269684550e+01,0.000000000000000000e+00,0.000000000000000000e+00,0.000000000000000000e+00,1.000000000000000056e-01
-9.196947914691082637e-01,3.926012771828765180e-01,5.072247920524589060e-03,2.091395229550444412e+02,-3.866474665063828198e-01,-9.078437323249866076e-01,1.622451673315215837e-01,-7.807917997359879791e+01,6.830246839455159091e-02,1.472548635278712326e-01,9.867374412570951714e-01,-2.995395200361074828e+01,0.000000000000000000e+00,0.000000000000000000e+00,0.000000000000000000e+00,1.000000000000000056e-01
-9.155806326895277181e-01,4.021341671150302499e-01,4.654917246194600899e-04,2.082611653729015586e+02,-3.964787316055575772e-01,-9.028965610908805672e-01,1.660795452628363589e-01,-7.842238872485577872e+01,6.720655048648882524e-02,1.518746575599866921e-01,9.861122491698112169e-01,-2.986647155282738098e+01,0.000000000000000000e+00,0.000000000000000000e+00,0.000000000000000000e+00,1.000000000000000056e-01
-9.099002625761534180e-01,4.148269728152157998e-01,-3.078779170654771802e-04,2.074132064456963462e+02,-4.089469904371123010e-01,-8.968778284904743714e-01,1.684414431624241537e-01,-7.878044052654497875e+01,6.959792508599678407e-02,1.533908191098019014e-01,9.857116137271326739e-01,-2.977999930531251493e+01,0.000000000000000000e+00,0.000000000000000000e+00,0.000000000000000000e+00,1.000000000000000056e-01
-9.033607321141188251e-01,4.288704517235156777e-01,3.085986505444227035e-03,2.065955750908071025e+02,-4.225577874017207858e-01,-8.912489038465603031e-01,1.646824450221326397e-01,-7.913887860454578060e+01,7.337781667783749295e-02,1.474636464718447337e-01,9.863418114369989498e-01,-2.971467861212484962e+01,0.000000000000000000e+00,0.000000000000000000e+00,0.000000000000000000e+00,1.000000000000000056e-01
-8.985072386212287210e-01,4.389327646098660773e-01,4.771823256876382702e-03,2.057474807870176221e+02,-4.320493298222454204e-01,-8.862333236453936447e-01,1.671043765452848717e-01,-7.956001363357624712e+01,7.757653476021988959e-02,1.480828288910622237e-01,9.859276631894536846e-01,-2.962143689499805532e+01,0.000000000000000000e+00,0.000000000000000000e+00,0.000000000000000000e+00,1.000000000000000056e-01
-8.919394506615527796e-01,4.521181747857218047e-01,5.759547030356089448e-03,2.049267986024180743e+02,-4.442393195454157340e-01,-8.786268641079328923e-01,1.751178478559110574e-01,-7.994388256150094207e+01,8.423445449098215798e-02,1.536358997639795110e-01,9.845306328298368825e-01,-2.954631115942849107e+01,0.000000000000000000e+00,0.000000000000000000e+00,0.000000000000000000e+00,1.000000000000000056e-01
-8.876938147474662255e-01,4.604317182267351205e-01,1.524503154644252234e-03,2.041029699774890958e+02,-4.529065805701458780e-01,-8.737723451180954282e-01,1.771934484767502815e-01,-8.036840761669149913e+01,8.291755263724401304e-02,1.566030707157466395e-01,9.841748613468283002e-01,-2.945818703620312817e+01,0.000000000000000000e+00,0.000000000000000000e+00,0.000000000000000000e+00,1.000000000000000056e-01
-8.823821966742024792e-01,4.705234076309464109e-01,-3.062982822580724573e-03,2.032141882395164600e+02,-4.636909195207611911e-01,-8.684261413407885488e-01,1.755755341439695361e-01,-8.083986094174471759e+01,7.995242426843723882e-02,1.563450028216810117e-01,9.844611977860215912e-01,-2.936541819189230651e+01,0.000000000000000000e+00,0.000000000000000000e+00,0.000000000000000000e+00,1.000000000000000056e-01
-8.765108587944598906e-01,4.813424809639677560e-01,-6.174984603276915951e-03,2.023988905827793587e+02,-4.749377099704280014e-01,-8.626137110881910708e-01,1.741601478257991109e-01,-8.128596589736561384e+01,7.850405125497636472e-02,1.555859937851442332e-01,9.846979803342977844e-01,-2.926159037438311827e+01,0.000000000000000000e+00,0.000000000000000000e+00,0.000000000000000000e+00,1.000000000000000056e-01
-8.715049039153848209e-01,4.903277093870066494e-01,-7.611823613764771845e-03,2.016110215707532518e+02,-4.839981268911000001e-01,-8.575501230241513451e-01,1.742228448486869141e-01,-8.170320352851381074e+01,7.889876816112237345e-02,1.555201720310074587e-01,9.846768304749042855e-01,-2.917214338958089570e+01,0.000000000000000000e+00,0.000000000000000000e+00,0.000000000000000000e+00,1.000000000000000056e-01
-8.660093766361414147e-01,5.000261570644248810e-01,1.265634096047650592e-03,2.008307874224005616e+02,-4.920878973662714539e-01,-8.527046912455442662e-01,1.753402714537736218e-01,-8.215693839689896549e+01,8.875393424476366033e-02,1.512235159597351553e-01,9.845070783782369217e-01,-2.907710548592855204e+01,0.000000000000000000e+00,0.000000000000000000e+00,0.000000000000000000e+00,1.000000000000000056e-01
-8.607020602120722952e-01,5.091087222256084344e-01,5.220158065318211693e-04,2.000424800820648272e+02,-5.010230593557584156e-01,-8.472135214860545549e-01,1.766497749927650462e-01,-8.261343279000904261e+01,9.037620007773106146e-02,1.517812833158512509e-01,9.842736329367475223e-01,-2.898015442851750478e+01,0.000000000000000000e+00,0.000000000000000000e+00,0.000000000000000000e+00,1.000000000000000056e-01
-8.544814034153063176e-01,5.194662692544678162e-01,-4.040584642520717029e-03,1.992494784494058706e+02,-5.118001674386762900e-01,-8.404876589263032827e-01,1.778794080334353545e-01,-8.309794696254374458e+01,8.900629094143605591e-02,1.540626181116860061e-01,9.840439979357737954e-01,-2.885943078401113127e+01,0.000000000000000000e+00,0.000000000000000000e+00,0.000000000000000000e+00,1.000000000000000056e-01
-8.485555550585637263e-01,5.290253226764164429e-01,-9.256238240600268841e-03,1.984723879990822866e+02,-5.217374105082087654e-01,-8.337001398545549335e-01,1.809258170706568303e-01,-8.356773883459194963e+01,8.799741164058300091e-02,1.583549328995131622e-01,9.834531868731467563e-01,-2.876326580337343941e+01,0.000000000000000000e+00,0.000000000000000000e+00,0.000000000000000000e+00,1.000000000000000056e-01
-8.419338548325090432e-01,5.393847437829227820e-01,-1.454242968358254728e-02,1.977024852119161835e+02,-5.328020310593509778e-01,-8.267960440280235357e-01,1.803615737307715794e-01,-8.404208050661142693e+01,8.526065790211523332e-02,1.596007511067569495e-01,9.834928675187519787e-01,-2.866362480291887138e+01,0.000000000000000000e+00,0.000000000000000000e+00,0.000000000000000000e+00,1.000000000000000056e-01
-8.333411686231488869e-01,5.525581235632287536e-01,-1.490022691397954735e-02,1.969431918363746092e+02,-5.457849204783743469e-01,-8.182595679649993237e-01,1.804718814999925480e-01,-8.453006020008507448e+01,8.752895096034787881e-02,1.585269677941782973e-01,9.834672761336620272e-01,-2.853641809832020115e+01,0.000000000000000000e+00,0.000000000000000000e+00,0.000000000000000000e+00,1.000000000000000056e-01
-8.259422767065345283e-01,5.636599912201080143e-01,-1.033294955832544243e-02,1.961564306388413854e+02,-5.559245592595752905e-01,-8.112895143104159601e-01,1.809895256141006159e-01,-8.504689025459398977e+01,9.363354079000757446e-02,1.552312412748093340e-01,9.834307407089774022e-01,-2.843898662910086372e+01,0.000000000000000000e+00,0.000000000000000000e+00,0.000000000000000000e+00,1.000000000000000056e-01
-8.179575859139294192e-01,5.752360978498550770e-01,-6.987086397671468663e-03,1.954115402795597163e+02,-5.662287751120450574e-01,-8.028850010792141223e-01,1.864420802210250694e-01,-8.553644616826188951e+01,1.016383878314170847e-01,1.564580032229163919e-01,9.824411083350127472e-01,-2.833629313209124945e+01,0.000000000000000000e+00,0.000000000000000000e+00,0.000000000000000000e+00,1.000000000000000056e-01
-8.094738089908799505e-01,5.870447832235721197e-01,-1.142694393904045841e-02,1.946780988864202584e+02,-5.783588420723164703e-01,-7.938385066531992162e-01,1.879400839400371115e-01,-8.606198531781095085e+01,1.012580977234212865e-01,1.587414496740162384e-01,9.821140207739760264e-01,-2.822127194210480639e+01,0.000000000000000000e+00,0.000000000000000000e+00,0.000000000000000000e+00,1.000000000000000056e-01
-8.014954223801808997e-01,5.977709490968580175e-01,-1.658253055045548485e-02,1.939753573586856135e+02,-5.898114401175856836e-01,-7.856416519120044128e-01,1.867877401956468397e-01,-8.656624512467895727e+01,9.862835804186803612e-02,1.594900849483074923e-01,9.822603319859489757e-01,-2.810771886050806856e+01,0.000000000000000000e+00,0.000000000000000000e+00,0.000000000000000000e+00,1.000000000000000056e-01
-7.906667625447076908e-01,6.118831163397575601e-01,-2.109792751475598332e-02,1.932414445686172257e+02,-6.047369039642949140e-01,-7.751238211386126675e-01,1.829654035252444022e-01,-8.709853792274321904e+01,9.559993509804468048e-02,1.574233586283276531e-01,9.828929435942790338e-01,-2.798749419121036297e+01,0.000000000000000000e+00,0.000000000000000000e+00,0.000000000000000000e+00,1.000000000000000056e-01
-7.796223227484246898e-01,6.258901095272595416e-01,-2.122745081979579562e-02,1.925586904815961304e+02,-6.181667497398071198e-01,-7.636887726097576490e-01,1.861432999221974971e-01,-8.760736192598191963e+01,1.002940845138658582e-01,1.582435761279349651e-01,9.822932694596701042e-01,-2.787333683386082228e+01,0.000000000000000000e+00,0.000000000000000000e+00,0.000000000000000000e+00,1.000000000000000056e-01
-7.687162830162128646e-01,6.393457633918887550e-01,-1.767119290203601062e-02,1.918710727212238112e+02,-6.298343732355905500e-01,-7.518950048723858082e-01,1.948398417646815539e-01,-8.813178832854588052e+01,1.112831456990179269e-01,1.609064836505921248e-01,9.806758715307177798e-01,-2.776328636826633556e+01,0.000000000000000000e+00,0.000000000000000000e+00,0.000000000000000000e+00,1.000000000000000056e-01
-7.589053391106734825e-01,6.509864809596489499e-01,-1.671190824192365226e-02,1.912132638895690775e+02,-6.403959556957817822e-01,-7.414119001150991650e-01,2.005029034607846705e-01,-8.864669587341577994e+01,1.181342719019346232e-01,1.628649623936682944e-01,9.795505590967261700e-01,-2.765443432619188613e+01,0.000000000000000000e+00,0.000000000000000000e+00,0.000000000000000000e+00,1.000000000000000056e-01
-7.487035230912029160e-01,6.626562462132742359e-01,-1.815857553205193348e-02,1.905261166742718899e+02,-6.516158607428349514e-01,-7.306433257404238990e-01,2.038555875597904132e-01,-8.919671942248213270e+01,1.218187364045250631e-01,1.644598124330240718e-01,9.788325523578071952e-01,-2.753655879405846818e+01,0.000000000000000000e+00,0.000000000000000000e+00,0.000000000000000000e+00,1.000000000000000056e-01
-7.373628531442604217e-01,6.751549302443082823e-01,-2.149053209578182660e-02,1.898607603814391780e+02,-6.643438027381234345e-01,-7.190638548167274102e-01,2.039472590145757769e-01,-8.977665175814745169e+01,1.222429325826482893e-01,1.646602346133164141e-01,9.787459693764678503e-01,-2.741382408458496656e+01,0.000000000000000000e+00,0.000000000000000000e+00,0.000000000000000000e+00,1.000000000000000056e-01
-7.267739498393930297e-01,6.862508459907745717e-01,-2.931556262114195371e-02,1.891885604458399825e+02,-6.764600283087680577e-01,-7.076953303417434782e-01,2.038851380385333090e-01,-9.036332716295947876e+01,1.191698616905662034e-01,1.680092134063997933e-01,9.785557972211978983e-01,-2.727826636306402008e+01,0.000000000000000000e+00,0.000000000000000000e+00,0.000000000000000000e+00,1.000000000000000056e-01
-7.161304707380964363e-01,6.971228622140458464e-01,-3.430544940574190016e-02,1.885305618853097371e+02,-6.877911676638340799e-01,-6.964754759666613726e-01,2.046099241499131083e-01,-9.094140099889204976e+01,1.187453517576719242e-01,1.701223864031711497e-01,9.782422578688966253e-01,-2.715386260467251844e+01,0.000000000000000000e+00,0.000000000000000000e+00,0.000000000000000000e+00,1.000000000000000056e-01
-7.080127095261914416e-01,7.048622382654466945e-01,-4.344224000677471276e-02,1.879099425532259033e+02,-6.968265537842023294e-01,-6.873031779069065372e-01,2.050538845774449448e-01,-9.150200308571213270e+01,1.146767504362315726e-01,1.754524628111346907e-01,9.777861096389607320e-01,-2.702859645772680253e+01,0.000000000000000000e+00,0.000000000000000000e+00,0.000000000000000000e+00,1.000000000000000056e-01
-6.988192571066329517e-01,7.135141352627050182e-01,-5.048984726901831199e-02,1.873303658034556065e+02,-7.060092408494793581e-01,-6.766851917873097921e-01,2.089212843415304000e-01,-9.205035813938454226e+01,1.149025575523731080e-01,1.816445154583175570e-01,9.766282159920613992e-01,-2.689560274684365027e+01,0.000000000000000000e+00,0.000000000000000000e+00,0.000000000000000000e+00,1.000000000000000056e-01
-6.862385566444111351e-01,7.259577927348119797e-01,-4.540844130991510824e-02,1.867338810522131212e+02,-7.163085263519597401e-01,-6.636293679930902467e-01,2.156343131613709385e-01,-9.262346270562842676e+01,1.264070348124657073e-01,1.805030335055127777e-01,9.754178163460147655e-01,-2.678307647869818098e+01,0.000000000000000000e+00,0.000000000000000000e+00,0.000000000000000000e+00,1.000000000000000056e-01
-6.753895170260018066e-01,7.358886366457995099e-01,-4.813434062050916951e-02,1.861917473169971515e+02,-7.254409758933630936e-01,-6.512277796443484146e-01,2.227953534398278979e-01,-9.313913062936289577e+01,1.326061491269150128e-01,1.853922691890883823e-01,9.736761862850764615e-01,-2.666267394083560660e+01,0.000000000000000000e+00,0.000000000000000000e+00,0.000000000000000000e+00,1.000000000000000056e-01
-6.640010669998994697e-01,7.461313644752185503e-01,-4.889345528129276225e-02,1.856378885495801967e+02,-7.354837717886828496e-01,-6.399402585620488360e-01,2.225760250050103917e-01,-9.370721136884083080e+01,1.347820628217562822e-01,1.837510609979896570e-01,9.736885246954619655e-01,-2.653465430970248562e+01,0.000000000000000000e+00,0.000000000000000000e+00,0.000000000000000000e+00,1.000000000000000056e-01
-6.513482678018975847e-01,7.567404406222564273e-01,-5.558182759051499139e-02,1.850903970742723175e+02,-7.472041230175427984e-01,-6.269432668806507181e-01,2.205178873892158775e-01,-9.430021836323585660e+01,1.320281506992097564e-01,1.851649147107825855e-01,9.737979881798356496e-01,-2.640561587136522448e+01,0.000000000000000000e+00,0.000000000000000000e+00,0.000000000000000000e+00,1.000000000000000056e-01
-6.390606018618205653e-01,7.672443789257242797e-01,-5.419972467539058147e-02,1.845250764449664302e+02,-7.570910739977091408e-01,-6.150400926383632338e-01,2.203152062849721982e-01,-9.492682507186601981e+01,1.357005999286802767e-01,1.818288960926570108e-01,9.739217626302032471e-01,-2.627944482765728296e+01,0.000000000000000000e+00,0.000000000000000000e+00,0.000000000000000000e+00,1.000000000000000056e-01
-6.267114345368409722e-01,7.774962071356902316e-01,-5.227260956170481920e-02,1.839533879260063713e+02,-7.661628953184828061e-01,-6.025541245867778173e-01,2.234344306069703801e-01,-9.555168856169082403e+01,1.422223458461225609e-01,1.800782464182650866e-01,9.733163049640894959e-01,-2.613026931298016464e+01,0.000000000000000000e+00,0.000000000000000000e+00,0.000000000000000000e+00,1.000000000000000056e-01
-6.106317298333772126e-01,7.903602252784236448e-01,-4.959440309690089227e-02,1.834391654416425297e+02,-7.774139229176897370e-01,-5.863440824324437362e-01,2.276580977039582843e-01,-9.616112439813700519e+01,1.508525206101207217e-01,1.775706374778668883e-01,9.724773445850947162e-01,-2.599522323888869124e+01,0.000000000000000000e+00,0.000000000000000000e+00,0.000000000000000000e+00,1.000000000000000056e-01
-5.927008804104616502e-01,8.040943124453960866e-01,-4.623854510719417610e-02,1.829653404703541071e+02,-7.895373780779813000e-01,-5.687072148222571677e-01,2.306573918756097130e-01,-9.676766628377288271e+01,1.591741027253209539e-01,1.732178989079292408e-01,9.719357820964877881e-01,-2.585377858222443237e+01,0.000000000000000000e+00,0.000000000000000000e+00,0.000000000000000000e+00,1.000000000000000056e-01
-5.750375103658273979e-01,8.166010158332814850e-01,-4.994639739083855251e-02,1.824642955024177127e+02,-8.019207571523212508e-01,-5.505040610962179670e-01,2.320956224594058204e-01,-9.740957724869595324e+01,1.620338264700263986e-01,1.735167417185557170e-01,9.714097896474265248e-01,-2.569932533848539080e+01,0.000000000000000000e+00,0.000000000000000000e+00,0.000000000000000000e+00,1.000000000000000056e-01
-5.567829387153664378e-01,8.289508294349220430e-01,-5.322857817597354685e-02,1.819658873702896074e+02,-8.144755822658836797e-01,-5.322269350060320203e-01,2.310065270652225666e-01,-9.808392164610685882e+01,1.631633691982696255e-01,1.719738702048665413e-01,9.714950864099256567e-01,-2.555250621442770154e+01,0.000000000000000000e+00,0.000000000000000000e+00,0.000000000000000000e+00,1.000000000000000056e-01
-5.364896898658264579e-01,8.422086101358409183e-01,-5.351139767119831442e-02,1.814986663810634866e+02,-8.274254862726763138e-01,-5.124830317013202574e-01,2.296262330062689982e-01,-9.875706943717599984e+01,1.659695072418278794e-01,1.674688007698129644e-01,9.718067315236221804e-01,-2.539610675132103523e+01,0.000000000000000000e+00,0.000000000000000000e+00,0.000000000000000000e+00,1.000000000000000056e-01
-5.180497022119490147e-01,8.538934749616149400e-01,-4.990430298169499373e-02,1.810660932447583491e+02,-8.381127009754998358e-01,-4.950907005623164103e-01,2.290246682789152943e-01,-9.942579714240595479e+01,1.708555135243326473e-01,1.604715913633705526e-01,9.721405566396477127e-01,-2.525171540169486306e+01,0.000000000000000000e+00,0.000000000000000000e+00,0.000000000000000000e+00,1.000000000000000056e-01
-4.947321838404303840e-01,8.675030794921138044e-01,-5.175396935673893389e-02,1.806184894845635256e+02,-8.513239650061611430e-01,-4.718182679415396930e-01,2.294232521843294903e-01,-1.001372986196242465e+02,1.746069095960055551e-01,1.575624609745134019e-01,9.719498433628080969e-01,-2.508401806366081388e+01,0.000000000000000000e+00,0.000000000000000000e+00,0.000000000000000000e+00,1.000000000000000056e-01
-4.729365264027709514e-01,8.796892143212187154e-01,-4.977879268321676320e-02,1.802022971884479148e+02,-8.625193994077071658e-01,-4.506854938973403613e-01,2.300931794640578565e-01,-1.008426031280553019e+02,1.799759084973593382e-01,1.517546434130697397e-01,9.718946447857000903e-01,-2.492857521762630313e+01,0.000000000000000000e+00,0.000000000000000000e+00,0.000000000000000000e+00,1.000000000000000056e-01
-4.511232795325215150e-01,8.909348697614295487e-01,-5.218088258171819926e-02,1.797896450105286306e+02,-8.736127022225933514e-01,-4.288869289858321387e-01,2.299061736022769975e-01,-1.015624268897748834e+02,1.824517283534498602e-01,1.493019088568071084e-01,9.718128970293369306e-01,-2.476329388960180111e+01,0.000000000000000000e+00,0.000000000000000000e+00,0.000000000000000000e+00,1.000000000000000056e-01
-4.285293400228034066e-01,9.018877261353289709e-01,-5.441630441390275796e-02,1.794391193125684367e+02,-8.839564927068724876e-01,-4.060184438603684498e-01,2.318834669539208693e-01,-1.022155394117763194e+02,1.870388295006835122e-01,1.474705146517462095e-01,9.712203269945307582e-01,-2.461789051124801730e+01,0.000000000000000000e+00,0.000000000000000000e+00,0.000000000000000000e+00,1.000000000000000056e-01
-4.042750289861438695e-01,9.129774059543991349e-01,-5.508136849270298119e-02,1.790836071839716794e+02,-8.933810151975793978e-01,-3.812550082145753638e-01,2.377287958911301624e-01,-1.029009255317294134e+02,1.960409717961912601e-01,1.453164647522106612e-01,9.697685612810534872e-01,-2.444909365538325474e+01,0.000000000000000000e+00,0.000000000000000000e+00,0.000000000000000000e+00,1.000000000000000056e-01
-3.826328045838047753e-01,9.224108255969903913e-01,-5.244431025202257735e-02,1.787634938352689744e+02,-9.005618994836911417e-01,-3.596877122970769669e-01,2.441577662512936231e-01,-1.035708406519723752e+02,2.063501927662246271e-01,1.406521185193229939e-01,9.683163633345086563e-01,-2.428724246211652371e+01,0.000000000000000000e+00,0.000000000000000000e+00,0.000000000000000000e+00,1.000000000000000056e-01
-3.686495481950218256e-01,9.281563422160367116e-01,-5.121830746670483214e-02,1.784963074026759671e+02,-9.054507443400970912e-01,-3.460698751420674402e-01,2.457531100375298094e-01,-1.042418410153768349e+02,2.103721944306582714e-01,1.369724276024246734e-01,9.679783540385228369e-01,-2.412464988505164953e+01,0.000000000000000000e+00,0.000000000000000000e+00,0.000000000000000000e+00,1.000000000000000056e-01
-3.536394782972618334e-01,9.339993686849367149e-01,-5.083599793237401909e-02,1.782411339496424887e+02,-9.124287445399256180e-01,-3.324859695811483995e-01,2.385935166113678230e-01,-1.048975270939169917e+02,2.059439378251658459e-01,1.307603125104234432e-01,9.697880361941162430e-01,-2.395767387707896034e+01,0.000000000000000000e+00,0.000000000000000000e+00,0.000000000000000000e+00,1.000000000000000056e-01
-3.387133667637267642e-01,9.392140318335844285e-01,-5.612715548184922520e-02,1.780061748033752735e+02,-9.199417841626329473e-01,-3.180650070645785199e-01,2.292199054023910665e-01,-1.055427504548717934e+02,1.974344674246434894e-01,1.292735614420527090e-01,9.717551015481395993e-01,-2.380274586517836966e+01,0.000000000000000000e+00,0.000000000000000000e+00,0.000000000000000000e+00,1.000000000000000056e-01
-3.202126124994326695e-01,9.453548685821525632e-01,-6.138448700045724682e-02,1.777850282972458729e+02,-9.279433086061693592e-01,-2.999484792794817611e-01,2.212512729702630909e-01,-1.063101376361995278e+02,1.907487845552987560e-01,1.278087721009297240e-01,9.732830107243878315e-01,-2.361854848244231420e+01,0.000000000000000000e+00,0.000000000000000000e+00,0.000000000000000000e+00,1.000000000000000056e-01
-3.032164682648987863e-01,9.511748142557974184e-01,-5.767361700475304165e-02,1.775340334715108099e+02,-9.340955559826364940e-01,-2.847101516605010652e-01,2.154196412469009947e-01,-1.070580502942833050e+02,1.884814730058386734e-01,1.191914521553612549e-01,9.748169736246109496e-01,-2.345141142991786865e+01,0.000000000000000000e+00,0.000000000000000000e+00,0.000000000000000000e+00,1.000000000000000056e-01
-2.816406180363546508e-01,9.567883538624214479e-01,-7.235059215609898620e-02,1.773015870454787262e+02,-9.404453182273689871e-01,-2.602958097771415069e-01,2.186519948152424175e-01,-1.077520225220236938e+02,1.903711262148829741e-01,1.296230586188277523e-01,9.731170006622928970e-01,-2.329600364652355182e+01,0.000000000000000000e+00,0.000000000000000000e+00,0.000000000000000000e+00,1.000000000000000056e-01
-2.640962534064927869e-01,9.620742089233990102e-01,-6.831094686117344938e-02,1.770419720082629169e+02,-9.446858349591459314e-01,-2.437411290248165940e-01,2.194514416659175127e-01,-1.085005437853380243e+02,1.944783848251403491e-01,1.224886874210197457e-01,9.732289963259830312e-01,-2.312018611874171725e+01,0.000000000000000000e+00,0.000000000000000000e+00,0.000000000000000000e+00,1.000000000000000056e-01
-2.488359506873116800e-01,9.666608993131068361e-01,-6.039350449110507391e-02,1.768509888395597898e+02,-9.479310996860342842e-01,-2.302693763269860749e-01,2.200060103133690548e-01,-1.092514534256284975e+02,1.987644331704421785e-01,1.119942858593963864e-01,9.736272284818644485e-01,-2.295174721593874878e+01,0.000000000000000000e+00,0.000000000000000000e+00,0.000000000000000000e+00,1.000000000000000056e-01
-2.324920056477282060e-01,9.710326358570422478e-01,-5.516418593997943209e-02,1.766965641158266749e+02,-9.518569310765900848e-01,-2.155166705578679398e-01,2.179929986791007968e-01,-1.099599934227065177e+02,1.997895144179284987e-01,1.031900422142340290e-01,9.743900477306164376e-01,-2.278754989893892002e+01,0.000000000000000000e+00,0.000000000000000000e+00,0.000000000000000000e+00,1.000000000000000056e-01
-2.175390788728452929e-01,9.744627134719352490e-01,-5.567018246841866358e-02,1.765329158242317362e+02,-9.560001704852014726e-01,-2.012216017181611694e-01,2.134796033213561539e-01,-1.106743810112800048e+02,1.968258702392036152e-01,9.966086019541872676e-02,9.753600820977293973e-01,-2.262112633294551856e+01,0.000000000000000000e+00,0.000000000000000000e+00,0.000000000000000000e+00,1.000000000000000056e-01
-2.037048866882038567e-01,9.775322224758807854e-01,-5.417631549590176676e-02,1.763798747766470569e+02,-9.594956793044228105e-01,-1.883344524059513692e-01,2.095189142609681643e-01,-1.113709575064141148e+02,1.946082231959649911e-01,9.466196732751694376e-02,9.763025921332963986e-01,-2.246587870863580250e+01,0.000000000000000000e+00,0.000000000000000000e+00,0.000000000000000000e+00,1.000000000000000056e-01
-1.929324945973567296e-01,9.795469612186157304e-01,-5.713845724043681296e-02,1.762489665117113304e+02,-9.621353656138628141e-01,-1.774335585121640246e-01,2.069127123904895282e-01,-1.120249346923334457e+02,1.925424388635395834e-01,9.489511621304221045e-02,9.766894727370585283e-01,-2.231743871065757645e+01,0.000000000000000000e+00,0.000000000000000000e+00,0.000000000000000000e+00,1.000000000000000056e-01
-1.788842392371361445e-01,9.823426781887352188e-01,-5.480229522140724063e-02,1.761532230202569451e+02,-9.648574334876474090e-01,-1.642577176333073208e-01,2.051085937778494017e-01,-1.125969153705665349e+02,1.924852253971228722e-01,8.956709667550870335e-02,9.772037521402273663e-01,-2.218418007524092417e+01,0.000000000000000000e+00,0.000000000000000000e+00,0.000000000000000000e+00,1.000000000000000056e-01
-1.685047160178665404e-01,9.842629150175933317e-01,-5.322287854680714247e-02,1.760573978530239856e+02,-9.669208103692271683e-01,-1.545633990946535530e-01,2.029145192814553467e-01,-1.131411676081580140e+02,1.914949272295624616e-01,8.565436230208525736e-02,9.777489570763896465e-01,-2.206132098284120246e+01,0.000000000000000000e+00,0.000000000000000000e+00,0.000000000000000000e+00,1.000000000000000056e-01
-1.612878401319461918e-01,9.856586364508492792e-01,-4.963149217406324920e-02,1.759687963095257999e+02,-9.681881831950664985e-01,-1.482800107491111241e-01,2.015556507113597240e-01,-1.136496496554612321e+02,1.913057096560579762e-01,8.056109980689064864e-02,9.782188071443403965e-01,-2.194613031943163861e+01,0.000000000000000000e+00,0.000000000000000000e+00,0.000000000000000000e+00,1.000000000000000056e-01
-1.536833134268427159e-01,9.871523312618167845e-01,-4.372315243103147564e-02,1.758909675814529123e+02,-9.688983327461967443e-01,-1.418607888330132294e-01,2.027598022126559096e-01,-1.141391071825359518e+02,1.939522105462759549e-01,7.352408772664645320e-02,9.782518839992987436e-01,-2.182969187764147279e+01,0.000000000000000000e+00,0.000000000000000000e+00,0.000000000000000000e+00,1.000000000000000056e-01
-1.509379964046408951e-01,9.877087005008784448e-01,-4.061088765612999585e-02,1.758020472379118644e+02,-9.698289034642502138e-01,-1.399997089720672605e-01,1.995795066961197350e-01,-1.145948582768153443e+02,1.914409027524752449e-01,6.950974350839334015e-02,9.790397215183430646e-01,-2.173382051139885363e+01,0.000000000000000000e+00,0.000000000000000000e+00,0.000000000000000000e+00,1.000000000000000056e-01
-1.508552279064525603e-01,9.876980410306140934e-01,-4.117377754809684043e-02,1.757121224543168410e+02,-9.703200836757605030e-01,-1.399807947087774451e-01,1.971910553959407286e-01,-1.150983833382464212e+02,1.890016810209849130e-01,6.969904487858495645e-02,9.795000805075285699e-01,-2.162248393580512129e+01,0.000000000000000000e+00,0.000000000000000000e+00,0.000000000000000000e+00,1.000000000000000056e-01
-1.511466528133171838e-01,9.878709230604930669e-01,-3.557708131564256415e-02,1.756311662618021501e+02,-9.716566798876938860e-01,-1.418554621394583215e-01,1.891040038995057682e-01,-1.155634224459488451e+02,1.817635435750363238e-01,6.315114593425850964e-02,9.813123595442155844e-01,-2.152285492215851903e+01,0.000000000000000000e+00,0.000000000000000000e+00,0.000000000000000000e+00,1.000000000000000056e-01
-1.560401636164656658e-01,9.871417292741688776e-01,-3.467958569750949349e-02,1.755602467527616284e+02,-9.720822192344411583e-01,-1.472414813297646674e-01,1.826912839301891578e-01,-1.160436911163796481e+02,1.752359163721612378e-01,6.221858646273484283e-02,9.825585077295845293e-01,-2.142876289311935523e+01,0.000000000000000000e+00,0.000000000000000000e+00,0.000000000000000000e+00,1.000000000000000056e-01
-1.628955816209702867e-01,9.858443984872919952e-01,-3.969699559910758180e-02,1.754588990271398359e+02,-9.725116738873282873e-01,-1.536471413223505778e-01,1.749674258721795606e-01,-1.164886341901087548e+02,1.663913268209398777e-01,6.710721224055868350e-02,9.837736266154261111e-01,-2.132792268457377460e+01,0.000000000000000000e+00,0.000000000000000000e+00,0.000000000000000000e+00,1.000000000000000056e-01
-1.718263567882445386e-01,9.841860887563256277e-01,-4.305166444406870879e-02,1.753612178085545565e+02,-9.717693584387721017e-01,-1.621622382817897723e-01,1.713701329722810140e-01,-1.169215960914376780e+02,1.616787466316339517e-01,7.128219394747806192e-02,9.842656306676862421e-01,-2.123506488533482184e+01,0.000000000000000000e+00,0.000000000000000000e+00,0.000000000000000000e+00,1.000000000000000056e-01
-1.775255160580480052e-01,9.831816035941383092e-01,-4.287919661541090416e-02,1.752598772372978999e+02,-9.712565707561815476e-01,-1.680186289322025406e-01,1.686132085415788517e-01,-1.173161700974290937e+02,1.585729009360266617e-01,7.157984832201103043e-02,9.847491865459605531e-01,-2.115366253931431118e+01,0.000000000000000000e+00,0.000000000000000000e+00,0.000000000000000000e+00,1.000000000000000056e-01
-1.866857212685577583e-01,9.812646097867292472e-01,-4.762569741785448868e-02,1.751390565311082241e+02,-9.699322070602116597e-01,-1.763912235071563028e-01,1.676831833457242127e-01,-1.177378691229997827e+02,1.561408184356216367e-01,7.749775383678567109e-02,9.846898714663958607e-01,-2.107467985830440327e+01,0.000000000000000000e+00,0.000000000000000000e+00,0.000000000000000000e+00,1.000000000000000056e-01
-1.975582728102245333e-01,9.790007909541926789e-01,-5.028101187630994173e-02,1.750447426394565298e+02,-9.672929922864850205e-01,-1.863571832593187150e-01,1.720908693717084770e-01,-1.181732313911447960e+02,1.591068694861997868e-01,8.263444535251286693e-02,9.837970077834065075e-01,-2.098380663879683539e+01,0.000000000000000000e+00,0.000000000000000000e+00,0.000000000000000000e+00,1.000000000000000056e-01
-2.078164108243805153e-01,9.771699987613761129e-01,-4.417163018006974029e-02,1.749718465435852863e+02,-9.644471940063007454e-01,-1.971553869671345272e-01,1.759868272434407521e-01,-1.185857811223012561e+02,1.632603729183706998e-01,7.917415557195442433e-02,9.834009882667509306e-01,-2.090043485814452140e+01,0.000000000000000000e+00,0.000000000000000000e+00,0.000000000000000000e+00,1.000000000000000056e-01
-2.245693406325617314e-01,9.736772947833902681e-01,-3.900175471893551488e-02,1.748509741119038665e+02,-9.606343080984935945e-01,-2.144884484282469916e-01,1.765684898133644543e-01,-1.190024046803511339e+02,1.635553036498217094e-01,7.711829299292619067e-02,9.835153438222872246e-01,-2.081593973525740537e+01,0.000000000000000000e+00,0.000000000000000000e+00,0.000000000000000000e+00,1.000000000000000056e-01
-2.451360909022628487e-01,9.688620019048002074e-01,-3.485280766568139843e-02,1.747421948976252679e+02,-9.558846916860823661e-01,-2.355388126563064954e-01,1.755161643059151566e-01,-1.193831209137042464e+02,1.618417533807675612e-01,7.634061171801548307e-02,9.838594197674573882e-01,-2.075727651065491841e+01,0.000000000000000000e+00,0.000000000000000000e+00,0.000000000000000000e+00,1.000000000000000056e-01
-2.650241571708573662e-01,9.636553210471644482e-01,-3.362466852420679247e-02,1.746013730961965393e+02,-9.512326024307645733e-01,-2.555806865424934404e-01,1.727282511324139680e-01,-1.197455363889107787e+02,1.578566824327410911e-01,7.776204012211729300e-02,9.843954149260220055e-01,-2.068747390753791748e+01,0.000000000000000000e+00,0.000000000000000000e+00,0.000000000000000000e+00,1.000000000000000056e-01
-2.896333216439372915e-01,9.565157616316888323e-01,-3.449835856458013938e-02,1.744901760789136915e+02,-9.451138525984834615e-01,-2.801138901394519820e-01,1.682141913674212730e-01,-1.201358211406826371e+02,1.512360559521173653e-01,8.132531156468933431e-02,9.851466129865921184e-01,-2.061808874455687146e+01,0.000000000000000000e+00,0.000000000000000000e+00,0.000000000000000000e+00,1.000000000000000056e-01
-3.137556954891196348e-01,9.487188960185244380e-01,-3.859818500306866351e-02,1.743378099961794021e+02,-9.383155782160754743e-01,-3.035803203365561309e-01,1.655381067349332991e-01,-1.205050913809125035e+02,1.453314805029213563e-01,8.815580208781653715e-02,9.854477740261442520e-01,-2.056058037920723791e+01,0.000000000000000000e+00,0.000000000000000000e+00,0.000000000000000000e+00,1.000000000000000056e-01
-3.407476100049555701e-01,9.392983498764173600e-01,-4.012077012408907933e-02,1.741619301654841365e+02,-9.295611636714096182e-01,-3.302129192442320171e-01,1.639373995098637182e-01,-1.208644216110973133e+02,1.407377322176437684e-01,9.315598683735501484e-02,9.856545301709891405e-01,-2.050638272516432536e+01,0.000000000000000000e+00,0.000000000000000000e+00,0.000000000000000000e+00,1.000000000000000056e-01
-3.685479615014521926e-01,9.287190821145480113e-01,-4.066038107834121784e-02,1.740044162980277349e+02,-9.196376352002783028e-01,-3.578568416468188573e-01,1.618798962496696969e-01,-1.211698073062836016e+02,1.357903531049402257e-01,9.705332247211014007e-02,9.859724299394787561e-01,-2.045439881418651495e+01,0.000000000000000000e+00,0.000000000000000000e+00,0.000000000000000000e+00,1.000000000000000056e-01
-3.945930948009737094e-01,9.180246311925126523e-01,-3.907769260385775961e-02,1.738590896912738231e+02,-9.089300389231267374e-01,-3.837431338218688648e-01,1.630564061537447262e-01,-1.214401850292170906e+02,1.346940009005359873e-01,9.985982059078102324e-02,9.858425545455944405e-01,-2.040558461968930715e+01,0.000000000000000000e+00,0.000000000000000000e+00,0.000000000000000000e+00,1.000000000000000056e-01
-4.264526428170496430e-01,9.038964563878939540e-01,-3.330674952261172134e-02,1.737199600348647834e+02,-8.952704599215515202e-01,-4.165604873369181949e-01,1.580131766071519450e-01,-1.217594846031601463e+02,1.289532745850512918e-01,9.720368572763767034e-02,9.868751169498373166e-01,-2.033780455063011772e+01,0.000000000000000000e+00,0.000000000000000000e+00,0.000000000000000000e+00,1.000000000000000056e-01
-4.614725564696802174e-01,8.868388645875877607e-01,-2.366237271146042626e-02,1.735450568987050417e+02,-8.777514619899915438e-01,-4.525458740208709862e-01,1.573359554619305489e-01,-1.220710439496158841e+02,1.288233309605462951e-01,9.337590783325330768e-02,9.872616113455163767e-01,-2.030052326178584465e+01,0.000000000000000000e+00,0.000000000000000000e+00,0.000000000000000000e+00,1.000000000000000056e-01
-4.931930208254495795e-01,8.696070070590790069e-01,-2.333018394309992194e-02,1.733487873250848850e+02,-8.609078175279579748e-01,-4.840578007622093892e-01,1.566070727665313245e-01,-1.223798035477465760e+02,1.248934503019119430e-01,9.732265304133649875e-02,9.873853995662886796e-01,-2.025263764371392838e+01,0.000000000000000000e+00,0.000000000000000000e+00,0.000000000000000000e+00,1.000000000000000056e-01
-5.263992583989676177e-01,8.499907775000639099e-01,-2.048167282852299265e-02,1.731413511277601458e+02,-8.414385791331697728e-01,-5.173438138053250146e-01,1.560015892986810759e-01,-1.226895835038162232e+02,1.220038454450105697e-01,9.935319059898882477e-02,9.875444320203679016e-01,-2.020713932284842329e+01,0.000000000000000000e+00,0.000000000000000000e+00,0.000000000000000000e+00,1.000000000000000056e-01
-5.583095214731419453e-01,8.293386039724339742e-01,-2.208977576812315435e-02,1.729077507267057001e+02,-8.212412675338267576e-01,-5.486890397681090104e-01,1.565347186338681418e-01,-1.229804275350779648e+02,1.176998671701255939e-01,1.055358593057592609e-01,9.874254015715464572e-01,-2.015763722042858319e+01,0.000000000000000000e+00,0.000000000000000000e+00,0.000000000000000000e+00,1.000000000000000056e-01
-5.899640100539178533e-01,8.070858494261379246e-01,-2.355628360312124470e-02,1.726601693773488932e+02,-7.997352632400314132e-01,-5.800752862206106641e-01,1.547131896331872813e-01,-1.232850127641298457e+02,1.112024081191536756e-01,1.101140044325263634e-01,9.876785562400020035e-01,-2.012863545945427290e+01,0.000000000000000000e+00,0.000000000000000000e+00,0.000000000000000000e+00,1.000000000000000056e-01
-6.254780276873324052e-01,7.799774010747332342e-01,-2.030986688950781049e-02,1.724017689761028009e+02,-7.733711048210286654e-01,-6.163132721131081571e-01,1.485095446263836605e-01,-1.235735331328757667e+02,1.033168481336246003e-01,1.085965212607609837e-01,9.887023942834338719e-01,-2.008539464123130358e+01,0.000000000000000000e+00,0.000000000000000000e+00,0.000000000000000000e+00,1.000000000000000056e-01
-6.576378695975961808e-01,7.531046271703405459e-01,-1.859712358829083978e-02,1.720742146616894956e+02,-7.473996781210103801e-01,-6.491658218891993570e-01,1.413416316430898545e-01,-1.238822113182998237e+02,9.437241978324893699e-02,1.068510937030749813e-01,9.897861840613411122e-01,-2.005878980298140490e+01,0.000000000000000000e+00,0.000000000000000000e+00,0.000000000000000000e+00,1.000000000000000056e-01
-6.898665345778578484e-01,7.237318742835949781e-01,-1.721448853413139191e-02,1.717752643058007322e+02,-7.188556590634289645e-01,-6.820187117984102265e-01,1.345251582021743109e-01,-1.241754704303472465e+02,8.561954158963995531e-02,1.051791372031149752e-01,9.907606386989685765e-01,-2.001627998150188148e+01,0.000000000000000000e+00,0.000000000000000000e+00,0.000000000000000000e+00,1.000000000000000056e-01
-7.231700829929184060e-01,6.904862674486798024e-01,-1.592939197854139136e-02,1.714439254799096659e+02,-6.863945485457250140e-01,-7.159400122564776314e-01,1.276417744192908932e-01,-1.244457919183920040e+02,7.673040330094739458e-02,1.032405604158807555e-01,9.916924079039270978e-01,-1.997607422598998639e+01,0.000000000000000000e+00,0.000000000000000000e+00,0.000000000000000000e+00,1.000000000000000056e-01
-7.533588943211828592e-01,6.574331043033379007e-01,-1.523449090849769358e-02,1.711119003827269296e+02,-6.540010622065566270e-01,-7.466002875654138560e-01,1.219451566891325833e-01,-1.247044544279952873e+02,6.879670762369632930e-02,1.018318416474819632e-01,9.924199156842943292e-01,-1.993137513888718360e+01,0.000000000000000000e+00,0.000000000000000000e+00,0.000000000000000000e+00,1.000000000000000056e-01
-7.849526653511720298e-01,6.194096175601798704e-01,-1.345506715119222999e-02,1.707062830865061471e+02,-6.162990828989284298e-01,-7.784186598106768162e-01,1.193307608141745413e-01,-1.249918649440550524e+02,6.344094557957942471e-02,1.019613443050927382e-01,9.927633810185925167e-01,-1.990950084421050192e+01,0.000000000000000000e+00,0.000000000000000000e+00,0.000000000000000000e+00,1.000000000000000056e-01
-8.130968226132557763e-01,5.819822124160416443e-01,-1.304842854745070016e-02,1.703574342053652231e+02,-5.794750954647496233e-01,-8.070496109215157254e-01,1.134880577309799188e-01,-1.252266073326900226e+02,5.551730173871786966e-02,9.983801852380841391e-02,9.934536724301198385e-01,-1.988287146395011717e+01,0.000000000000000000e+00,0.000000000000000000e+00,0.000000000000000000e+00,1.000000000000000056e-01
-8.405179818225900767e-01,5.417115837954143975e-01,-8.836414133840345825e-03,1.699845059259301934e+02,-5.392632316484949895e-01,-8.349251639252188717e-01,1.099778961267620647e-01,-1.254655930253767053e+02,5.219855577410806302e-02,9.720355253955961783e-02,9.938947530542590059e-01,-1.985673068723707857e+01,0.000000000000000000e+00,0.000000000000000000e+00,0.000000000000000000e+00,1.000000000000000056e-01
-8.632312679438705061e-01,5.047433681278914452e-01,-8.118520489005503354e-03,1.695764197339300665e+02,-5.026183183275816369e-01,-8.578780683358731007e-01,1.068646150503793496e-01,-1.256894031393867408e+02,4.697450505936577592e-02,9.632939426376450898e-02,9.942404355462535204e-01,-1.984515346087039944e+01,0.000000000000000000e+00,0.000000000000000000e+00,0.000000000000000000e+00,1.000000000000000056e-01
-8.832943133215969134e-01,4.687915750410427407e-01,-5.061148512631716279e-03,1.690125389228178960e+02,-4.666112478831241361e-01,-8.780372623866792292e-01,1.064166773088668499e-01,-1.259174041235162349e+02,4.544336478169452159e-02,9.635883473270241695e-02,9.943087425776128141e-01,-1.982882762848071323e+01,0.000000000000000000e+00,0.000000000000000000e+00,0.000000000000000000e+00,1.000000000000000056e-01
-9.003118250801365186e-01,4.352077375609316734e-01,-5.730862759559324920e-03,1.684638336148277915e+02,-4.333004913682233505e-01,-8.949675297987613742e-01,1.062252549347821318e-01,-1.261265210120329243e+02,4.110111678446121131e-02,9.811903878961739101e-02,9.943255766729887091e-01,-1.980600724290657055e+01,0.000000000000000000e+00,0.000000000000000000e+00,0.000000000000000000e+00,1.000000000000000056e-01
-9.124055112759466013e-01,4.092485639936957464e-01,-5.638781994054009941e-03,1.678919726451655947e+02,-4.076810891497108513e-01,-9.075189592999985955e-01,1.010221166911144247e-01,-1.263363656542614137e+02,3.622585462047867022e-02,9.447196081454829752e-02,9.948682003546350794e-01,-1.977220369410306233e+01,0.000000000000000000e+00,0.000000000000000000e+00,0.000000000000000000e+00,1.000000000000000056e-01
-9.218383050846585824e-01,3.875368794715411958e-01,-5.413531943548013231e-03,1.673082281665265327e+02,-3.861839840635153398e-01,-9.172587399573370881e-01,9.745939885259310986e-02,-1.265841811735051579e+02,3.280350181724858705e-02,9.193242638665863331e-02,9.952247782522234409e-01,-1.974567955615268389e+01,0.000000000000000000e+00,0.000000000000000000e+00,0.000000000000000000e+00,1.000000000000000056e-01
-9.271568326248731395e-01,3.746653590107272835e-01,-2.465050582900373682e-03,1.667049933499903318e+02,-3.731919335955868888e-01,-9.228861759880842008e-01,9.491515616211203266e-02,-1.268185854056876281e+02,3.328645995296682092e-02,8.892117254880251009e-02,9.954823135828911873e-01,-1.972114222733453914e+01,0.000000000000000000e+00,0.000000000000000000e+00,0.000000000000000000e+00,1.000000000000000056e-01
-9.323721514432903312e-01,3.614882305938947882e-01,-2.903507380020884168e-03,1.660699048572505774e+02,-3.602544759995097712e-01,-9.284639060993162829e-01,9.039628085888867792e-02,-1.270434916247184134e+02,2.998138981650604051e-02,8.532897639662406775e-02,9.959016427598536003e-01,-1.969118679028763097e+01,0.000000000000000000e+00,0.000000000000000000e+00,0.000000000000000000e+00,1.000000000000000056e-01
-9.353648336416553466e-01,3.536786775479694445e-01,2.005251714517191503e-03,1.654177511177130100e+02,-3.521057407500900460e-01,-9.317100694969695507e-01,8.909485803784285285e-02,-1.272784170027228043e+02,3.337926478144005726e-02,8.263013642656329150e-02,9.960211269028272918e-01,-1.966304577607158777e+01,0.000000000000000000e+00,0.000000000000000000e+00,0.000000000000000000e+00,1.000000000000000056e-01
-9.375895444725541594e-01,3.477270323183002665e-01,3.428861451946318972e-03,1.647445422953595653e+02,-3.461039580824005757e-01,-9.340789495755490446e-01,8.779844053020083305e-02,-1.275068979377756335e+02,3.373271847101561721e-02,8.113215734187681494e-02,9.961323590515510640e-01,-1.963534160156894615e+01,0.000000000000000000e+00,0.000000000000000000e+00,0.000000000000000000e+00,1.000000000000000056e-01
-9.398647437304477048e-01,3.415131722060443242e-01,4.797572538698720995e-03,1.640408255714327765e+02,-3.398285753293444622e-01,-9.364513275611898724e-01,8.703706393550299236e-02,-1.277631050171256817e+02,3.421699697704945475e-02,8.017271554992695670e-02,9.961935217613208104e-01,-1.961076537711859658e+01,0.000000000000000000e+00,0.000000000000000000e+00,0.000000000000000000e+00,1.000000000000000056e-01
-9.409317980427660544e-01,3.385675557055036755e-01,4.400188133217568243e-03,1.633035311135958807e+02,-3.369392549021921202e-01,-9.375323968073330239e-01,8.663107665643465793e-02,-1.280102672544371956e+02,3.345579079864385158e-02,8.003133861368397217e-02,9.962307438047368624e-01,-1.958283425055780569e+01,0.000000000000000000e+00,0.000000000000000000e+00,0.000000000000000000e+00,1.000000000000000056e-01
-9.412205741747521337e-01,3.377751845673216957e-01,3.428620810406398517e-03,1.625856595318180950e+02,-3.363859272972165027e-01,-9.381781372272497421e-01,8.164735602087364041e-02,-1.282620224845804842e+02,3.079510783455008047e-02,7.569483152315800711e-02,9.966553836778985209e-01,-1.954597408471394715e+01,0.000000000000000000e+00,0.000000000000000000e+00,0.000000000000000000e+00,1.000000000000000056e-01
-9.404134575820688458e-01,3.400179291298885964e-01,3.215069013492371369e-03,1.618102961497908723e+02,-3.387806783413978007e-01,-9.377185126196028175e-01,7.688721007439022759e-02,-1.285169836058893225e+02,2.915785967937030085e-02,7.121656380859078816e-02,9.970346133701754043e-01,-1.949393584871228313e+01,0.000000000000000000e+00,0.000000000000000000e+00,0.000000000000000000e+00,1.000000000000000056e-01
-9.377597756466584666e-01,3.472769420265578444e-01,2.308401137465800751e-03,1.610255177317961568e+02,-3.461381326774793377e-01,-9.351829893304093311e-01,7.497445947512486331e-02,-1.287843452198121668e+02,2.819567849292443223e-02,6.950900663742960728e-02,9.971827824980741273e-01,-1.945532301670860420e+01,0.000000000000000000e+00,0.000000000000000000e+00,0.000000000000000000e+00,1.000000000000000056e-01
-9.376782485680443813e-01,3.474152641358436155e-01,7.882665018047773850e-03,1.601660961734998807e+02,-3.459847891636746442e-01,-9.354561141578829897e-01,7.222453981855012084e-02,-1.291060206542389608e+02,3.246579476514259432e-02,6.499609780637391476e-02,9.973572476501145756e-01,-1.941210169787939321e+01,0.000000000000000000e+00,0.000000000000000000e+00,0.000000000000000000e+00,1.000000000000000056e-01
-9.342754751218835807e-01,3.562931997667789785e-01,1.358279741912676863e-02,1.593477768277842870e+02,-3.546039146287445210e-01,-9.324731818623073210e-01,6.891900200637321450e-02,-1.294027904807397249e+02,3.722096607758804826e-02,5.957282020799881117e-02,9.975297884157227069e-01,-1.936639192027017486e+01,0.000000000000000000e+00,0.000000000000000000e+00,0.000000000000000000e+00,1.000000000000000056e-01
-9.319627256950566707e-01,3.619951881368945745e-01,2.012365972619050911e-02,1.585428430237564896e+02,-3.601832971631768743e-01,-9.307783628512442675e-01,6.260696201398574523e-02,-1.297164318704573986e+02,4.139408604745128950e-02,5.109914885487188557e-02,9.978353604811787125e-01,-1.931524271088668598e+01,0.000000000000000000e+00,0.000000000000000000e+00,0.000000000000000000e+00,1.000000000000000056e-01
-9.295348952937301235e-01,3.681973852379407663e-01,1.988878918433327481e-02,1.577105271688677988e+02,-3.665429797252099942e-01,-9.285375592460010097e-01,5.885783791173904156e-02,-1.300408472159180064e+02,4.013878978543991560e-02,4.742031814975160298e-02,9.980682296221720096e-01,-1.928040522596134565e+01,0.000000000000000000e+00,0.000000000000000000e+00,0.000000000000000000e+00,1.000000000000000056e-01
-9.267219770314385485e-01,3.753152781831470275e-01,1.802274255625718746e-02,1.568194152634830516e+02,-3.739059716710053660e-01,-9.258613642938231525e-01,5.454409644262456225e-02,-1.304502686850977398e+02,3.715779374106465555e-02,4.380840182302875307e-02,9.983486977474396173e-01,-1.922124632982178127e+01,0.000000000000000000e+00,0.000000000000000000e+00,0.000000000000000000e+00,1.000000000000000056e-01
-9.236962121026550676e-01,3.827019317047054003e-01,1.801497201479859700e-02,1.558651049771521571e+02,-3.813010790807629946e-01,-9.228638862685281108e-01,5.414549393250549236e-02,-1.308394994720381135e+02,3.734695220567106622e-02,4.314485937903016211e-02,9.983705355578714746e-01,-1.917376038939454830e+01,0.000000000000000000e+00,0.000000000000000000e+00,0.000000000000000000e+00,1.000000000000000056e-01
-9.220870341866034270e-01,3.865555275642426625e-01,1.817485885732012668e-02,1.549453429358052006e+02,-3.852815626944853800e-01,-9.214196080237926356e-01,5.043831278874968266e-02,-1.312176493505665178e+02,3.624387993370509209e-02,3.950607622645441880e-02,9.985617913321842565e-01,-1.912536634497091725e+01,0.000000000000000000e+00,0.000000000000000000e+00,0.000000000000000000e+00,1.000000000000000056e-01
-9.186726578281161348e-01,3.944658369286625499e-01,2.091055367978769675e-02,1.540510913948723726e+02,-3.932001742194529692e-01,-9.182339519031397224e-01,4.732898230613556689e-02,-1.316373000069500279e+02,3.787044695824582502e-02,3.525780861755968554e-02,9.986604609068440164e-01,-1.906980336161830181e+01,0.000000000000000000e+00,0.000000000000000000e+00,0.000000000000000000e+00,1.000000000000000056e-01
-9.150451241595978225e-01,4.030933893610363361e-01,1.442706502301478733e-02,1.531105923747910822e+02,-4.018809257924905731e-01,-9.141771170517114520e-01,5.264902794157036436e-02,-1.320627601824543831e+02,3.441136782978874292e-02,4.237827406175874445e-02,9.985088580736924957e-01,-1.904112411117586845e+01,0.000000000000000000e+00,0.000000000000000000e+00,0.000000000000000000e+00,1.000000000000000056e-01
-9.088709619095247660e-01,4.166498379199031210e-01,1.888086753763670855e-02,1.521806268860043758e+02,-4.153102338326482568e-01,-9.082550639338038412e-01,5.089350167234448635e-02,-1.324423245544609813e+02,3.835341277548055816e-02,3.841420830786857615e-02,9.985255952295630788e-01,-1.899010301588012339e+01,0.000000000000000000e+00,0.000000000000000000e+00,0.000000000000000000e+00,1.000000000000000056e-01
-9.038879335907261670e-01,4.273242063989861061e-01,1.950964209213629577e-02,1.512714432129795625e+02,-4.259300921723893629e-01,-9.032898019198933870e-01,5.148873983250252390e-02,-1.328197630142266235e+02,3.962524562834182640e-02,3.823030699583728625e-02,9.984829911099625255e-01,-1.894320182635923544e+01,0.000000000000000000e+00,0.000000000000000000e+00,0.000000000000000000e+00,1.000000000000000056e-01
-9.010406388213010320e-01,4.331868652634915384e-01,2.179236003032681071e-02,1.503409423578782764e+02,-4.316986860246987967e-01,-9.005409097518424222e-01,5.159761959502334738e-02,-1.332448802551124913e+02,4.197632281477646499e-02,3.708381893108907146e-02,9.984301571449231139e-01,-1.889684802993124180e+01,0.000000000000000000e+00,0.000000000000000000e+00,0.000000000000000000e+00,1.000000000000000056e-01
-8.963353639952837959e-01,4.428715521503485686e-01,2.115900629481205775e-02,1.494434539682886793e+02,-4.414947833718966264e-01,-8.959062044295198479e-01,4.933993433410796547e-02,-1.336886146363791283e+02,4.080773832062804113e-02,3.488353710037339628e-02,9.985578938311598929e-01,-1.883363677953964199e+01,0.000000000000000000e+00,0.000000000000000000e+00,0.000000000000000000e+00,1.000000000000000056e-01
-8.900618107857554140e-01,4.554630000393900535e-01,1.853182602714176577e-02,1.485188185976152226e+02,-4.541073688760075000e-01,-8.894870478249425894e-01,5.098322551759037341e-02,-1.341399585549783353e+02,3.970479206961426144e-02,3.696278326623176486e-02,9.985275570258049793e-01,-1.878593515201781727e+01,0.000000000000000000e+00,0.000000000000000000e+00,0.000000000000000000e+00,1.000000000000000056e-01
-8.837711384963673478e-01,4.675844211709571652e-01,1.770265062232465741e-02,1.475770853908771585e+02,-4.662304009622079692e-01,-8.831622376415977360e-01,5.151383525331378055e-02,-1.346394690912853775e+02,3.972137937501642874e-02,3.727292693239510346e-02,9.985153684037308963e-01,-1.873587354708245556e+01,0.000000000000000000e+00,0.000000000000000000e+00,0.000000000000000000e+00,1.000000000000000056e-01
-8.807631442920316189e-01,4.732553482599005656e-01,1.690144964833371205e-02,1.466950847921476111e+02,-4.720835521429427306e-01,-8.802765129453253845e-01,4.743817611292391878e-02,-1.351271485559877306e+02,3.732831971729248799e-02,3.380290076634752394e-02,9.987311752653283969e-01,-1.867680489352542139e+01,0.000000000000000000e+00,0.000000000000000000e+00,0.000000000000000000e+00,1.000000000000000056e-01
-8.776896671668008576e-01,4.788269416779335486e-01,1.963690586592437004e-02,1.457576232486965466e+02,-4.776229516790563845e-01,-8.773651154437194233e-01,4.589956679332340972e-02,-1.356164226293251147e+02,3.920668537400326392e-02,3.090653856040579892e-02,9.987530333852298048e-01,-1.861318800804675178e+01,0.000000000000000000e+00,0.000000000000000000e+00,0.000000000000000000e+00,1.000000000000000056e-01
-8.756540389577984751e-01,4.824087976117900634e-01,2.262202563083971427e-02,1.448369571521762964e+02,-4.812365364959101943e-01,-8.755391378136911928e-01,4.292568109977597940e-02,-1.361279913832660782e+02,4.051419502243468196e-02,2.670150076692624080e-02,9.988221212300406604e-01,-1.855638903102989801e+01,0.000000000000000000e+00,0.000000000000000000e+00,0.000000000000000000e+00,1.000000000000000056e-01
-8.706966197194045964e-01,4.912346406680286881e-01,2.399842113463456633e-02,1.439581514859158915e+02,-4.900584567031154304e-01,-8.706704704460550559e-01,4.213835434619829512e-02,-1.366220317881218875e+02,4.159453597485161108e-02,2.492909346522288738e-02,9.988235253917675527e-01,-1.850810512006918529e+01,0.000000000000000000e+00,0.000000000000000000e+00,0.000000000000000000e+00,1.000000000000000056e-01
-8.676844963333505412e-01,4.963256665682641011e-01,2.800799043681867148e-02,1.431284882570080867e+02,-4.951446550439133065e-01,-8.678837717345007086e-01,4.011893993292787314e-02,-1.371196085180249042e+02,4.421973998323257271e-02,2.094257542581864917e-02,9.988022943157215394e-01,-1.844196484206496933e+01,0.000000000000000000e+00,0.000000000000000000e+00,0.000000000000000000e+00,1.000000000000000056e-01
-8.626058045577582600e-01,5.049193236833650067e-01,3.110791723012241994e-02,1.423057972192381442e+02,-5.037791467130535716e-01,-8.629974484375841914e-01,3.797335022469081056e-02,-1.375587782313147898e+02,4.601953150924564806e-02,1.708451232411157747e-02,9.987944343849323170e-01,-1.837300585772326755e+01,0.000000000000000000e+00,0.000000000000000000e+00,0.000000000000000000e+00,1.000000000000000056e-01
-8.611668453287060210e-01,5.071065755900510119e-01,3.513666887934394772e-02,1.414422745467330458e+02,-5.060877433749233489e-01,-8.618046368288030390e-01,3.417548750278265324e-02,-1.380738234486882732e+02,4.761155859959360220e-02,1.164855929748287097e-02,9.987980028784652076e-01,-1.831835360472139840e+01,0.000000000000000000e+00,0.000000000000000000e+00,0.000000000000000000e+00,1.000000000000000056e-01
-8.582602021964786942e-01,5.120526520408333893e-01,3.451821060844479511e-02,1.405589470655476987e+02,-5.113047185312175058e-01,-8.589271261883126840e-01,2.848994042814112157e-02,-1.385934039850678232e+02,4.423697699178943260e-02,6.802458073069877348e-03,9.989979061193231535e-01,-1.826319849064966405e+01,0.000000000000000000e+00,0.000000000000000000e+00,0.000000000000000000e+00,1.000000000000000056e-01
-8.591951475717121145e-01,5.105600578193644212e-01,3.334854942440347580e-02,1.396816885138792941e+02,-5.101375177940011829e-01,-8.598416785320082134e-01,2.078462889335028901e-02,-1.390985065163035301e+02,3.928627404322966588e-02,8.457060638496095156e-04,9.992276384553491209e-01,-1.820408173524863571e+01,0.000000000000000000e+00,0.000000000000000000e+00,0.000000000000000000e+00,1.000000000000000056e-01
-8.555972565947993491e-01,5.165231862995891543e-01,3.401665066366170442e-02,1.388199598152701242e+02,-5.163861424300253411e-01,-8.562513405082792239e-01,1.337885585590641371e-02,-1.396149514877950537e+02,3.603729198609786910e-02,-6.118814647907234137e-03,9.993317135434126586e-01,-1.813855441940508229e+01,0.000000000000000000e+00,0.000000000000000000e+00,0.000000000000000000e+00,1.000000000000000056e-01
-8.536300685784914410e-01,5.195130651923454135e-01,3.770783888177423049e-02,1.379568111831978001e+02,-5.195652265037258299e-01,-8.543815532163421267e-01,9.172618588096679432e-03,-1.401319757110235003e+02,3.698217715078423729e-02,-1.176165881517371448e-02,9.992467072525700322e-01,-1.808490719425237714e+01,0.000000000000000000e+00,0.000000000000000000e+00,0.000000000000000000e+00,1.000000000000000056e-01
-8.538633078289046274e-01,5.189218542733247119e-01,4.046678515791030106e-02,1.371120462240281768e+02,-5.194164738524682523e-01,-8.545188133682224407e-01,-2.030834910521053110e-03,-1.406082000849035580e+02,3.352578461647370833e-02,-2.275317026921908764e-02,9.991788203362548249e-01,-1.802957588482729534e+01,0.000000000000000000e+00,0.000000000000000000e+00,0.000000000000000000e+00,1.000000000000000056e-01
-8.517011558242126856e-01,5.222696007922915662e-01,4.289061967331109920e-02,1.362977740370472191e+02,-5.228571514249551466e-01,-8.524151326353563984e-01,-2.973358039245846754e-03,-1.410879699111840750e+02,3.500771874146862278e-02,-2.495807970394348096e-02,9.990753494536884771e-01,-1.798630147760897913e+01,0.000000000000000000e+00,0.000000000000000000e+00,0.000000000000000000e+00,1.000000000000000056e-01
-8.544762908810457080e-01,5.175709684583260639e-01,4.461570274333515745e-02,1.354904491935901945e+02,-5.184873079760379255e-01,-8.550098621740069849e-01,-1.135988789324391714e-02,-1.415826009766090579e+02,3.226731767489118136e-02,-3.283943048069452864e-02,9.989396338196674385e-01,-1.793472349931233722e+01,0.000000000000000000e+00,0.000000000000000000e+00,0.000000000000000000e+00,1.000000000000000056e-01
-8.532670643985396097e-01,5.194675267132299323e-01,4.570345176394623871e-02,1.346314316102279633e+02,-5.205198497892792320e-01,-8.537280090767269680e-01,-1.440737634808525978e-02,-1.421180071394483946e+02,3.153415272440148603e-02,-3.608289356923650992e-02,9.988511510748863120e-01,-1.789099420200563628e+01,0.000000000000000000e+00,0.000000000000000000e+00,0.000000000000000000e+00,1.000000000000000056e-01
-8.519955418789897372e-01,5.214801540646216704e-01,4.649780140034034254e-02,1.338492267996914791e+02,-5.225996763133953227e-01,-8.524359317231471334e-01,-1.557435791371476405e-02,-1.426233980902242706e+02,3.151467809547544435e-02,-3.756901947121514540e-02,9.987969732836148307e-01,-1.783503694919504667e+01,0.000000000000000000e+00,0.000000000000000000e+00,0.000000000000000000e+00,1.000000000000000056e-01
-8.491562040388469512e-01,5.260853390992310530e-01,4.656132651872747774e-02,1.330325747236822167e+02,-5.272842352585613845e-01,-8.494982947460512079e-01,-1.799951308634634151e-02,-1.431350174525568093e+02,3.008448753312151225e-02,-3.983545165300080015e-02,9.987532530117090301e-01,-1.779132276814356217e+01,0.000000000000000000e+00,0.000000000000000000e+00,0.000000000000000000e+00,1.000000000000000056e-01
-8.493050084607915995e-01,5.254568996582743567e-01,5.075479489595145777e-02,1.322198494725085141e+02,-5.269718513473332644e-01,-8.495865519500727103e-01,-2.243565539830530420e-02,-1.436353243264621540e+02,3.133162126318958518e-02,-4.580106272895478892e-02,9.984591089082809345e-01,-1.773879768808630430e+01,0.000000000000000000e+00,0.000000000000000000e+00,0.000000000000000000e+00,1.000000000000000056e-01
-8.460651451406577817e-01,5.304083148424888483e-01,5.329905931692456578e-02,1.313846542298760767e+02,-5.320647176818763535e-01,-8.463894355093621868e-01,-2.306641836628554876e-02,-1.441288505583758024e+02,3.287714063331843850e-02,-4.787424155111556778e-02,9.983121508925364429e-01,-1.769982246350233979e+01,0.000000000000000000e+00,0.000000000000000000e+00,0.000000000000000000e+00,1.000000000000000056e-01
-8.445969667228780953e-01,5.330050288532692804e-01,5.061228131233898309e-02,1.306463169591783071e+02,-5.347633513177310061e-01,-8.444289274043847993e-01,-3.111180885306546323e-02,-1.446025774740122927e+02,2.615572384666182970e-02,-5.334253255898322582e-02,9.982336661975746983e-01,-1.766137008617967297e+01,0.000000000000000000e+00,0.000000000000000000e+00,0.000000000000000000e+00,1.000000000000000056e-01
-8.439572484386721474e-01,5.342755055625569849e-01,4.781053193282457786e-02,1.299127476957713156e+02,-5.360436317038248522e-01,-8.433190780502426431e-01,-3.834263301160963089e-02,-1.450581114157397735e+02,1.983400407380398606e-02,-5.798807422533483469e-02,9.981202309992706079e-01,-1.762879027013015687e+01,0.000000000000000000e+00,0.000000000000000000e+00,0.000000000000000000e+00,1.000000000000000056e-01
-8.447363305394752775e-01,5.328813192449161074e-01,4.957853836591560176e-02,1.291431313439702819e+02,-5.348644889415085091e-01,-8.437978251405104935e-01,-4.387720088478654079e-02,-1.455074857996179389e+02,1.845292215454568535e-02,-6.358246525531040250e-02,9.978059730107931014e-01,-1.759820777973502359e+01,0.000000000000000000e+00,0.000000000000000000e+00,0.000000000000000000e+00,1.000000000000000056e-01
-8.396391355621781738e-01,5.405450925438572973e-01,5.307659521061439817e-02,1.283764052765401118e+02,-5.427887764657901570e-01,-8.386099212484661169e-01,-4.597547309612119715e-02,-1.459962595382741313e+02,1.965874297021959899e-02,-6.741218666082876565e-02,9.975315187573956521e-01,-1.756029563724223408e+01,0.000000000000000000e+00,0.000000000000000000e+00,0.000000000000000000e+00,1.000000000000000056e-01
-8.399535595627938278e-01,5.399038914775543541e-01,5.460591309726550713e-02,1.275792237117078116e+02,-5.423234193761589106e-01,-8.387090312489549060e-01,-4.952241611220945666e-02,-1.465109974590598654e+02,1.906112729991953428e-02,-7.121059520066658211e-02,9.972791607956235094e-01,-1.752623837167491061e+01,0.000000000000000000e+00,0.000000000000000000e+00,0.000000000000000000e+00,1.000000000000000056e-01
-8.343554260689649560e-01,5.482328890880978634e-01,5.737353319600592416e-02,1.267515551259014899e+02,-5.508404395828674360e-01,-8.331384698533679245e-01,-4.954896740136968680e-02,-1.470838345893071732e+02,2.063572410721689968e-02,-7.294511205355720673e-02,9.971224486080256799e-01,-1.749944608708147697e+01,0.000000000000000000e+00,0.000000000000000000e+00,0.000000000000000000e+00,1.000000000000000056e-01
-8.300455108928801451e-01,5.540043989628349319e-01,6.405915841162837521e-02,1.259216106844895364e+02,-5.572429897582589220e-01,-8.285093964172478564e-01,-5.524880463507565731e-02,-1.476631920175113351e+02,2.246553386534490965e-02,-8.155553922423598723e-02,9.964155728459833661e-01,-1.745990465331136221e+01,0.000000000000000000e+00,0.000000000000000000e+00,0.000000000000000000e+00,1.000000000000000056e-01
-8.261289038299086673e-01,5.600795993498191017e-01,6.182132843072304929e-02,1.251121384892661723e+02,-5.632307305653254659e-01,-8.240475404223670530e-01,-6.096552526384748510e-02,-1.482291838743198866e+02,1.679816667505371411e-02,-8.518505453419200624e-02,9.962235331893961598e-01,-1.741457158931074645e+01,0.000000000000000000e+00,0.000000000000000000e+00,0.000000000000000000e+00,1.000000000000000056e-01
-8.250194286895435880e-01,5.616323559623832562e-01,6.254629502154368526e-02,1.242756226882289354e+02,-5.648558121267217569e-01,-8.228722038086113688e-01,-6.180006234479649974e-02,-1.488690433955067078e+02,1.675869301111101300e-02,-8.631589039859378920e-02,9.961268560144622697e-01,-1.738655821759202880e+01,0.000000000000000000e+00,0.000000000000000000e+00,0.000000000000000000e+00,1.000000000000000056e-01
-8.207924989203658761e-01,5.674699967566587677e-01,6.540241965752929820e-02,1.234460114621474105e+02,-5.709501556899223562e-01,-8.185611804098338329e-01,-6.303581239036676331e-02,-1.494875137483753633e+02,1.776494958381170247e-02,-8.908084365932847359e-02,9.958659597853652956e-01,-1.734707908266320686e+01,0.000000000000000000e+00,0.000000000000000000e+00,0.000000000000000000e+00,1.000000000000000056e-01
-8.181208114946789678e-01,5.713273429992088426e-01,6.529475431267245389e-02,1.226175490724459252e+02,-5.747198586176170965e-01,-8.161940758003038976e-01,-5.936593921630572285e-02,-1.500890656122133748e+02,1.937580733373511430e-02,-8.609470233383899329e-02,9.960985294237783005e-01,-1.732672073274195412e+01,0.000000000000000000e+00,0.000000000000000000e+00,0.000000000000000000e+00,1.000000000000000056e-01
-8.168673895229483506e-01,5.728329844126909265e-01,6.774983323088804021e-02,1.217471895085902531e+02,-5.765116817289372975e-01,-8.146459060324724444e-01,-6.313737890191523094e-02,-1.506961361821548167e+02,1.902495109154674069e-02,-9.063343617772309790e-02,9.957025818398699268e-01,-1.729011878053637474e+01,0.000000000000000000e+00,0.000000000000000000e+00,0.000000000000000000e+00,1.000000000000000056e-01
-8.117317682400448930e-01,5.802356022270774849e-01,6.646940903958124813e-02,1.209159151186889716e+02,-5.837315229832985564e-01,-8.096854453179411770e-01,-6.055566625747177412e-02,-1.512799160443830999e+02,1.868275957906767246e-02,-8.795524741860616391e-02,9.959492100233036105e-01,-1.725567963997724519e+01,0.000000000000000000e+00,0.000000000000000000e+00,0.000000000000000000e+00,1.000000000000000056e-01
-8.098548061180541602e-01,5.823825896872072416e-01,7.046780993269918802e-02,1.200789934501164709e+02,-5.863849132297116462e-01,-8.071288344016598337e-01,-6.852574854754681088e-02,-1.519188130189306207e+02,1.696839839444251596e-02,-9.681716741694168515e-02,9.951575300168749028e-01,-1.722303816950387301e+01,0.000000000000000000e+00,0.000000000000000000e+00,0.000000000000000000e+00,1.000000000000000056e-01
-8.033021802462900762e-01,5.906743076977637452e-01,7.621987560554452368e-02,1.192497582377041851e+02,-5.952206823593956253e-01,-8.006201504104950573e-01,-6.870017502373515494e-02,-1.525486628529357347e+02,2.044373995072030353e-02,-1.005546467471486183e-01,9.947214768538896745e-01,-1.720128510871005290e+01,0.000000000000000000e+00,0.000000000000000000e+00,0.000000000000000000e+00,1.000000000000000056e-01
-8.037503649381336768e-01,5.902452889099434330e-01,7.480541278165603325e-02,1.183879756671426691e+02,-5.947169119003177240e-01,-8.006801948909199051e-01,-7.227046567712011593e-02,-1.532162714263054397e+02,1.723791059166416076e-02,-1.025754572451691993e-01,9.945758543265457163e-01,-1.716808072770089666e+01,0.000000000000000000e+00,0.000000000000000000e+00,0.000000000000000000e+00,1.000000000000000056e-01
-8.021304599636422950e-01,5.922940516037111802e-01,7.599001008933266299e-02,1.175180417132378921e+02,-5.969265776828844849e-01,-7.987846836113721150e-01,-7.497793064415748943e-02,-1.538678356607671560e+02,1.629067384474246205e-02,-1.055025386554332839e-01,9.942855868828347488e-01,-1.712250272105919535e+01,0.000000000000000000e+00,0.000000000000000000e+00,0.000000000000000000e+00,1.000000000000000056e-01
-7.981281587408868283e-01,5.972754326741294140e-01,7.907907276146894371e-02,1.166395584459027646e+02,-6.022937915445005785e-01,-7.942985696927906680e-01,-7.957368189883730347e-02,-1.545065601319301436e+02,1.528498910146528639e-02,-1.111388307834805939e-01,9.936873398611099084e-01,-1.710461705227769968e+01,0.000000000000000000e+00,0.000000000000000000e+00,0.000000000000000000e+00,1.000000000000000056e-01
-7.967841796282919553e-01,5.989451893234871704e-01,7.999769546881765891e-02,1.157942280169210107e+02,-6.040814418059696767e-01,-7.927861433902620991e-01,-8.109095210944050613e-02,-1.551874375688706778e+02,1.485202880722193142e-02,-1.129371109717559329e-01,9.934911304111692099e-01,-1.706232026995456508e+01,0.000000000000000000e+00,0.000000000000000000e+00,0.000000000000000000e+00,1.000000000000000056e-01
-7.804170106472076984e-01,6.197980472620283621e-01,8.246011219160961914e-02,1.150582160838421686e+02,-6.251119686957178345e-01,-7.762816259563465326e-01,-8.137483515150734092e-02,-1.557631330195409873e+02,1.357630604547175462e-02,-1.150531086618155063e-01,9.932665634669336496e-01,-1.700847406191940792e+01,0.000000000000000000e+00,0.000000000000000000e+00,0.000000000000000000e+00,1.000000000000000056e-01
-7.750272580990951177e-01,6.265231300476132859e-01,8.247130845778737063e-02,1.142828953006926156e+02,-6.318183026804879976e-01,-7.706949975053694057e-01,-8.267317109041841250e-02,-1.564093252601014967e+02,1.176357094360819255e-02,-1.161808432382025746e-01,9.931584113640254952e-01,-1.698753852005995668e+01,0.000000000000000000e+00,0.000000000000000000e+00,0.000000000000000000e+00,1.000000000000000056e-01
-7.728211769941233378e-01,6.287922372357271916e-01,8.583560322795349973e-02,1.134679137948424739e+02,-6.345068196902129420e-01,-7.681758230766566609e-01,-8.548099559032121264e-02,-1.570880887915898541e+02,1.218704870053908401e-02,-1.205247992431012771e-01,9.926355064228665759e-01,-1.694258652605985560e+01,0.000000000000000000e+00,0.000000000000000000e+00,0.000000000000000000e+00,1.000000000000000056e-01
-7.714764866901508977e-01,6.300449370942997618e-01,8.869840881358347084e-02,1.126825810355438904e+02,-6.361503492468851828e-01,-7.663764892695967834e-01,-8.932978141624406399e-02,-1.577648497346906993e+02,1.169459863730851201e-02,-1.253413496682072026e-01,9.920447481974109527e-01,-1.691824617297260147e+01,0.000000000000000000e+00,0.000000000000000000e+00,0.000000000000000000e+00,1.000000000000000056e-01
-7.678479320140456643e-01,6.334329055414222864e-01,9.577216442738034630e-02,1.119187344818572853e+02,-6.404934494649512366e-01,-7.621653988610497255e-01,-9.419153874666708059e-02,-1.584578088151287147e+02,1.333020983486159911e-02,-1.336662221966664899e-01,9.909367520429495091e-01,-1.687833334349819125e+01,0.000000000000000000e+00,0.000000000000000000e+00,0.000000000000000000e+00,1.000000000000000056e-01
-7.649561889750100541e-01,6.367709759181700013e-01,9.677165482232134852e-02,1.110869726218088545e+02,-6.439409294069035061e-01,-7.592546975456686553e-01,-9.419333144872374386e-02,-1.591499491965660411e+02,1.349475392152794939e-02,-1.343690011984053079e-01,9.908394739479954305e-01,-1.683425109773975592e+01,0.000000000000000000e+00,0.000000000000000000e+00,0.000000000000000000e+00,1.000000000000000056e-01
-7.592863976985724239e-01,6.428643966730079873e-01,1.010422375057807159e-01,1.102887213746041084e+02,-6.506007900844762437e-01,-7.532959916395971511e-01,-9.624843334398400230e-02,-1.598444096289735796e+02,1.424002146699826499e-02,-1.388182857910490176e-01,9.902154842854428152e-01,-1.679481221761810872e+01,0.000000000000000000e+00,0.000000000000000000e+00,0.000000000000000000e+00,1.000000000000000056e-01
-7.562190461993574253e-01,6.465414673480202046e-01,1.005827279646103328e-01,1.095090868728242981e+02,-6.541966435106566502e-01,-7.500587056715555256e-01,-9.715291897674305233e-02,-1.605244076776602071e+02,1.262955995768301476e-02,-1.392697707536696416e-01,9.901739368259980800e-01,-1.674398515011240107e+01,0.000000000000000000e+00,0.000000000000000000e+00,0.000000000000000000e+00,1.000000000000000056e-01
-7.537017367664602396e-01,6.486972840159892506e-01,1.054776076022791720e-01,1.087191263047436252e+02,-6.570710279381253294e-01,-7.471449130323888355e-01,-1.001605869299883045e-01,-1.612390258140032415e+02,1.383315725193847573e-02,-1.447974883763639975e-01,9.893646097977933929e-01,-1.670543991008315743e+01,0.000000000000000000e+00,0.000000000000000000e+00,0.000000000000000000e+00,1.000000000000000056e-01
-7.489779967039895681e-01,6.532608036280526109e-01,1.108254614089642653e-01,1.078870533884597194e+02,-6.623329257214934929e-01,-7.428377737567213313e-01,-9.750455058798637720e-02,-1.619656952871437738e+02,1.862943795409632147e-02,-1.464321150683466077e-01,9.890452869905022037e-01,-1.664643966314655188e+01,0.000000000000000000e+00,0.000000000000000000e+00,0.000000000000000000e+00,1.000000000000000056e-01
-7.448957364683446158e-01,6.574655508659500436e-01,1.134433392307164085e-01,1.071005620109734622e+02,-6.668731930079224712e-01,-7.388736557703232677e-01,-9.667401541270533027e-02,-1.626820516954031461e+02,2.026045998245472324e-02,-1.476643837664680103e-01,9.888299871707818545e-01,-1.661020953934682254e+01,0.000000000000000000e+00,0.000000000000000000e+00,0.000000000000000000e+00,1.000000000000000056e-01
-7.416893184590556132e-01,6.603906666022334448e-01,1.173930251267082114e-01,1.063446929579675384e+02,-6.704740886085094331e-01,-7.349087831110241442e-01,-1.018507585188389436e-01,-1.633503112971594931e+02,1.901187492939183238e-02,-1.542506012012009875e-01,9.878488247908873143e-01,-1.656534513871060454e+01,0.000000000000000000e+00,0.000000000000000000e+00,0.000000000000000000e+00,1.000000000000000056e-01
-7.414837949806445394e-01,6.602900246317238153e-01,1.192428830284621155e-01,1.055653689430849624e+02,-6.706571495955284679e-01,-7.347726203255802169e-01,-1.016276739686693686e-01,-1.640692171620674173e+02,2.051266626996225972e-02,-1.553263654107660263e-01,9.876502167927562192e-01,-1.651658533459606915e+01,0.000000000000000000e+00,0.000000000000000000e+00,0.000000000000000000e+00,1.000000000000000056e-01
-7.368595419344239339e-01,6.650186799868922360e-01,1.216066228816632400e-01,1.048269333011170943e+02,-6.757925490218350539e-01,-7.294926086728035219e-01,-1.055697143044298375e-01,-1.647531939922710933e+02,1.850530050450908265e-02,-1.599709009796463355e-01,9.869482583666673303e-01,-1.647707355533369622e+01,0.000000000000000000e+00,0.000000000000000000e+00,0.000000000000000000e+00,1.000000000000000056e-01
-7.319115691463566886e-01,6.698796490507182844e-01,1.247666250942318644e-01,1.041439720015792290e+02,-6.811591568801037555e-01,-7.241478124992748455e-01,-1.078524392440955021e-01,-1.653815291101468574e+02,1.810132448480652329e-02,-1.639243771993710019e-01,9.863068186987729025e-01,-1.644541958486718514e+01,0.000000000000000000e+00,0.000000000000000000e+00,0.000000000000000000e+00,1.000000000000000056e-01
-7.341015394470591371e-01,6.665139655104833638e-01,1.298232011658495000e-01,1.034572585016284165e+02,-6.787873901032123181e-01,-7.255038405870113394e-01,-1.135423107496337097e-01,-1.659957776179208224e+02,1.850969525216202699e-02,-1.714739370078937342e-01,9.850147613658817303e-01,-1.641124910592826325e+01,0.000000000000000000e+00,0.000000000000000000e+00,0.000000000000000000e+00,1.000000000000000056e-01
-7.347690970510798447e-01,6.658654876599197081e-01,1.293735922132438487e-01,1.027514851251043808e+02,-6.780558775506180247e-01,-7.262978031807556523e-01,-1.128349591831819265e-01,-1.666552219395346697e+02,1.883085069248531529e-02,-1.706301656748488438e-01,9.851551885992231306e-01,-1.637951944181167718e+01,0.000000000000000000e+00,0.000000000000000000e+00,0.000000000000000000e+00,1.000000000000000056e-01
-7.299249348937089099e-01,6.706301070465470193e-01,1.321546402634119488e-01,1.019436873101068528e+02,-6.833288801797019474e-01,-7.206028013097345308e-01,-1.174446433726032413e-01,-1.673476891884111240e+02,1.646909022288241264e-02,-1.760308560091108920e-01,9.842468728931427213e-01,-1.632389717719611255e+01,0.000000000000000000e+00,0.000000000000000000e+00,0.000000000000000000e+00,1.000000000000000056e-01
-7.313388689914694929e-01,6.684832954995816312e-01,1.351796668892846220e-01,1.012335407998834143e+02,-6.818293851240737613e-01,-7.212497897499001720e-01,-1.220959883331668300e-01,-1.680255514897861246e+02,1.587917767412421605e-02,-1.814630111723718742e-01,9.832695598322207520e-01,-1.628742139477221684e+01,0.000000000000000000e+00,0.000000000000000000e+00,0.000000000000000000e+00,1.000000000000000056e-01
-7.314066931591471921e-01,6.681445177819645975e-01,1.364813267810170150e-01,1.005643426420047035e+02,-6.817429817332797404e-01,-7.212293844624673156e-01,-1.226975217569912097e-01,-1.686614101854285934e+02,1.645466679752677353e-02,-1.827869753177081558e-01,9.830148348803215974e-01,-1.624833755607946273e+01,0.000000000000000000e+00,0.000000000000000000e+00,0.000000000000000000e+00,1.000000000000000056e-01
-7.331299899774765816e-01,6.662652580869815599e-01,1.364222256889015827e-01,9.988040953749377593e+01,-6.798985374815466054e-01,-7.227692531406471055e-01,-1.238651906104601963e-01,-1.692765480859815739e+02,1.607471698288076567e-02,-1.835625576766665157e-01,9.828765898591342864e-01,-1.621347815042309648e+01,0.000000000000000000e+00,0.000000000000000000e+00,0.000000000000000000e+00,1.000000000000000056e-01
-7.331933967607267011e-01,6.657757700338687856e-01,1.384560110008847267e-01,9.926129995495649894e+01,-6.798170135741624653e-01,-7.225973404531784716e-01,-1.253072688438332805e-01,-1.699043099769415051e+02,1.662140191365118341e-02,-1.859992139924324939e-01,9.824092942315958421e-01,-1.618257545391466223e+01,0.000000000000000000e+00,0.000000000000000000e+00,0.000000000000000000e+00,1.000000000000000056e-01
-7.346357714003699524e-01,6.635031717305189813e-01,1.416821247812340701e-01,9.863266554385121765e+01,-6.782644867994548354e-01,-7.232646956896811030e-01,-1.297900840418305390e-01,-1.704597208835987772e+02,1.635754644364151300e-02,-1.914463921635890242e-01,9.813667559082533964e-01,-1.614236816407265351e+01,0.000000000000000000e+00,0.000000000000000000e+00,0.000000000000000000e+00,1.000000000000000056e-01
-7.392240825420381967e-01,6.573103383214065065e-01,1.465976634386804700e-01,9.811211078811813024e+01,-6.730850582882705879e-01,-7.283549224128822441e-01,-1.282794266669452510e-01,-1.709020255823158152e+02,2.245573643766406863e-02,-1.934999383274397244e-01,9.808432666681864420e-01,-1.610518405833042621e+01,0.000000000000000000e+00,0.000000000000000000e+00,0.000000000000000000e+00,1.000000000000000056e-01
-7.497482744349437400e-01,6.455221409870283145e-01,1.455290021863243632e-01,9.756174915355693145e+01,-6.612963507476879998e-01,-7.388179344968699436e-01,-1.297505150416346509e-01,-1.714103498101921730e+02,2.376260654084504098e-02,-1.935180228332794017e-01,9.808089076721741018e-01,-1.606562243022235137e+01,0.000000000000000000e+00,0.000000000000000000e+00,0.000000000000000000e+00,1.000000000000000056e-01
-7.603641704471890694e-01,6.333970582398259497e-01,1.437167175846050526e-01,9.697674883494248377e+01,-6.489595350238127613e-01,-7.499022753558870491e-01,-1.284449271779177226e-01,-1.719051729659743728e+02,2.641685450305295696e-02,-1.909312547206408750e-01,9.812478819182063328e-01,-1.602549386485333116e+01,0.000000000000000000e+00,0.000000000000000000e+00,0.000000000000000000e+00,1.000000000000000056e-01
-7.695585503544499772e-01,6.218530067193208666e-01,1.451842815545059950e-01,9.644040681129740733e+01,-6.380307931420245993e-01,-7.581601591738080792e-01,-1.345729543560121866e-01,-1.723612567870814303e+02,2.638834172351110091e-02,-1.961938099831047611e-01,9.802100001251755623e-01,-1.597393526863046453e+01,0.000000000000000000e+00,0.000000000000000000e+00,0.000000000000000000e+00,1.000000000000000056e-01
-7.796612994106022487e-01,6.078792789071473246e-01,1.503696793795143982e-01,9.588225712330192607e+01,-6.252281704131060769e-01,-7.690557005717517658e-01,-1.328271972902088927e-01,-1.728263443650631075e+02,3.489975821193257860e-02,-1.975755847604118431e-01,9.796662162100568949e-01,-1.593658511044928972e+01,0.000000000000000000e+00,0.000000000000000000e+00,0.000000000000000000e+00,1.000000000000000056e-01
-7.915263787539930096e-01,5.920512788413655469e-01,1.515297824155167339e-01,9.536155304070196337e+01,-6.099591030341301456e-01,-7.807080691829753061e-01,-1.358116465491450708e-01,-1.732108046872614295e+02,3.789306483236155876e-02,-1.999254709507875538e-01,9.790780978567114046e-01,-1.588806274900050042e+01,0.000000000000000000e+00,0.000000000000000000e+00,0.000000000000000000e+00,1.000000000000000056e-01
-8.098835079867814368e-01,5.660352921493351230e-01,1.539244994549018308e-01,9.483142850408736990e+01,-5.847721010756313786e-01,-7.997274337061439642e-01,-1.359324154915839966e-01,-1.735848464224533245e+02,4.615510041822786652e-02,-2.001001744606985822e-01,9.786877065163234191e-01,-1.583438223451290305e+01,0.000000000000000000e+00,0.000000000000000000e+00,0.000000000000000000e+00,1.000000000000000056e-01
-8.286883912397740026e-01,5.370722454481859920e-01,1.575720577820804436e-01,9.432362137574122585e+01,-5.569369860322319621e-01,-8.192215751840066229e-01,-1.367377209930347171e-01,-1.739147192283057848e+02,5.564839453002450032e-02,-2.010706689755595300e-01,9.779948068696232566e-01,-1.579365974438083420e+01,0.000000000000000000e+00,0.000000000000000000e+00,0.000000000000000000e+00,1.000000000000000056e-01
-8.484440776686230645e-01,5.046629577690556756e-01,1.595554641020739683e-01,9.383666803735208362e+01,-5.252728033591741452e-01,-8.398901140774208685e-01,-1.366494724695692109e-01,-1.742286277907553824e+02,6.504712999229275705e-02,-1.997495815535180186e-01,9.776855197602960512e-01,-1.573829287902110430e+01,0.000000000000000000e+00,0.000000000000000000e+00,0.000000000000000000e+00,1.000000000000000056e-01
-8.705056682589109585e-01,4.649485210833421700e-01,1.613776758771808817e-01,9.331188957216788538e+01,-4.863609791390308690e-01,-8.628714796381875551e-01,-1.374983912557844745e-01,-1.745490415490999396e+02,7.531852029899910317e-02,-1.981809334154486513e-01,9.772673319673337300e-01,-1.569293913451723377e+01,0.000000000000000000e+00,0.000000000000000000e+00,0.000000000000000000e+00,1.000000000000000056e-01
-8.940863441248776411e-01,4.172334445897826205e-01,1.628676209845145995e-01,9.275534699785806936e+01,-4.395753691998501855e-01,-8.871698276112105486e-01,-1.403680582223398865e-01,-1.748456369848230167e+02,8.592499078979379257e-02,-1.970937586328891378e-01,9.766119732348842453e-01,-1.562672202669539523e+01,0.000000000000000000e+00,0.000000000000000000e+00,0.000000000000000000e+00,1.000000000000000056e-01
-9.158954160812635692e-01,3.674617348892073587e-01,1.615780312837808985e-01,9.220041599315949554e+01,-3.897966088718504696e-01,-9.102999458627172302e-01,-1.393291508419515490e-01,-1.751100843080512277e+02,9.588634164120662939e-02,-1.905934992452459620e-01,9.769748858246655177e-01,-1.556687949597819554e+01,0.000000000000000000e+00,0.000000000000000000e+00,0.000000000000000000e+00,1.000000000000000056e-01
-9.354624388881527253e-01,3.163342044058248259e-01,1.576156608727799779e-01,9.158825691573316874e+01,-3.382358534438841824e-01,-9.306391445944042218e-01,-1.396685003631212563e-01,-1.753005002927066869e+02,1.025013798664030223e-01,-1.839659035569628232e-01,9.775735335277615512e-01,-1.548923690238029316e+01,0.000000000000000000e+00,0.000000000000000000e+00,0.000000000000000000e+00,1.000000000000000056e-01
-9.549301524648790007e-01,2.533722352210697193e-01,1.546315437822486094e-01,9.095694296048507965e+01,-2.753688058464372479e-01,-9.506705620149880076e-01,-1.428198280520376895e-01,-1.754235105708242486e+02,1.108170775652818907e-01,-1.789636637342490455e-01,9.775947945763137081e-01,-1.540410038485559419e+01,0.000000000000000000e+00,0.000000000000000000e+00,0.000000000000000000e+00,1.000000000000000056e-01
-9.702121738676989793e-01,1.854285241130162187e-01,1.558993268881651018e-01,9.036535942725724624e+01,-2.078612757127636657e-01,-9.677108143082282510e-01,-1.425814501608417550e-01,-1.755563036334233118e+02,1.244267967038324291e-01,-1.707396916834943712e-01,9.774282224009334108e-01,-1.532366663466837586e+01,0.000000000000000000e+00,0.000000000000000000e+00,0.000000000000000000e+00,1.000000000000000056e-01
-9.810162105646982322e-01,1.151020120111216211e-01,1.560728081386111021e-01,8.979974139404403388e+01,-1.376015096414906214e-01,-9.802585609070000316e-01,-1.419823169022131348e-01,-1.755660554903273010e+02,1.366492559572237975e-01,-1.607628085084648051e-01,9.774877494100925324e-01,-1.522111076617449221e+01,0.000000000000000000e+00,0.000000000000000000e+00,0.000000000000000000e+00,1.000000000000000056e-01
-9.864424412115950780e-01,4.287467732639907436e-02,1.584079297909856687e-01,8.922903632051371403e+01,-6.595943229220943560e-02,-9.874526109569272680e-01,-1.434806412239523765e-01,-1.755823207098817420e+02,1.502686376733286533e-01,-1.519838911151581984e-01,9.768931535092758578e-01,-1.513946059778298725e+01,0.000000000000000000e+00,0.000000000000000000e+00,0.000000000000000000e+00,1.000000000000000056e-01
-9.870601863359327321e-01,-2.832144675994217181e-02,1.578292881688897475e-01,8.869383094960782898e+01,5.336959714171994607e-03,-9.895358311776187854e-01,-1.441886114664731322e-01,-1.755241156700534191e+02,1.602613659354118480e-01,-1.414805091489425293e-01,9.768825723286663765e-01,-1.503000365328407995e+01,0.000000000000000000e+00,0.000000000000000000e+00,0.000000000000000000e+00,1.000000000000000056e-01
-9.819440795697220725e-01,-1.009103144338680952e-01,1.600091654838199373e-01,8.814951952042336814e+01,7.832581441423648594e-02,-9.868109520166534754e-01,-1.416658454827142977e-01,-1.754108173904482726e+02,1.721943419346790849e-01,-1.265750900487278841e-01,9.768970545481439061e-01,-1.492708669323121562e+01,0.000000000000000000e+00,0.000000000000000000e+00,0.000000000000000000e+00,1.000000000000000056e-01
-9.715505220586007074e-01,-1.736440310146873944e-01,1.610507174173117784e-01,8.765738850377049118e+01,1.518597090602775701e-01,-9.785801265290459128e-01,-1.389948370498858277e-01,-1.753296665105711156e+02,1.817366552233983523e-01,-1.105833914083247521e-01,9.771095648354103380e-01,-1.482883191191057115e+01,0.000000000000000000e+00,0.000000000000000000e+00,0.000000000000000000e+00,1.000000000000000056e-01
-9.566347730858193454e-01,-2.420943195162049977e-01,1.619884297751808533e-01,8.718709077498654381e+01,2.213506840939275244e-01,-9.656646917531894747e-01,-1.359984476101412099e-01,-1.751795663351924759e+02,1.893509587358705448e-01,-9.424459432351370292e-02,9.773761665124656162e-01,-1.472516154007950284e+01,0.000000000000000000e+00,0.000000000000000000e+00,0.000000000000000000e+00,1.000000000000000056e-01
-9.360932072609056132e-01,-3.128318303331186767e-01,1.608283347250180628e-01,8.666329147365283347e+01,2.927480489720302170e-01,-9.463471304437174325e-01,-1.368418376228996147e-01,-1.749811596593908973e+02,1.950079155907815665e-01,-8.101453345772648140e-02,9.774500285055832682e-01,-1.460287917901364807e+01,0.000000000000000000e+00,0.000000000000000000e+00,0.000000000000000000e+00,1.000000000000000056e-01
-9.128317119528714940e-01,-3.754765013813848862e-01,1.604857082845243532e-01,8.618497408179464969e+01,3.569997098592903040e-01,-9.246307006032279396e-01,-1.326999422093589620e-01,-1.747791957066561110e+02,1.982157229222070161e-01,-6.383936412887830647e-02,9.780772274079625461e-01,-1.448871058781027621e+01,0.000000000000000000e+00,0.000000000000000000e+00,0.000000000000000000e+00,1.000000000000000056e-01
-8.884115273096928611e-01,-4.305160906976385760e-01,1.593136961898823367e-01,8.565479424145782161e+01,4.127700527753971893e-01,-9.010541636522735320e-01,-1.331250453397039013e-01,-1.745739354237571490e+02,2.008627433723219613e-01,-5.250990206927710208e-02,9.782110551969956935e-01,-1.437397427762986979e+01,0.000000000000000000e+00,0.000000000000000000e+00,0.000000000000000000e+00,1.000000000000000056e-01
-8.584420550084674861e-01,-4.876326824647441160e-01,1.590333461418617644e-01,8.512151347471350959e+01,4.714217817222733364e-01,-8.722823900371559080e-01,-1.299420476553460879e-01,-1.742966073915820573e+02,2.020859765313675060e-01,-3.657593502981201783e-02,9.786845554447349826e-01,-1.425161183125443998e+01,0.000000000000000000e+00,0.000000000000000000e+00,0.000000000000000000e+00,1.000000000000000056e-01
-8.286052341918817010e-01,-5.365860495902340377e-01,1.596520505817703439e-01,8.463602067150550567e+01,5.209206194797429967e-01,-8.434581820397530905e-01,-1.312250103868768669e-01,-1.739546543026876577e+02,2.050733382735503429e-01,-2.556768537318312995e-02,9.784126018168408656e-01,-1.411604272444791341e+01,0.000000000000000000e+00,0.000000000000000000e+00,0.000000000000000000e+00,1.000000000000000056e-01
-7.985094578982545599e-01,-5.804168358974572950e-01,1.596838822606084507e-01,8.415657553900032894e+01,5.653652544718146267e-01,-8.141759380118340772e-01,-1.322107068227487414e-01,-1.736403881930728517e+02,2.067480947507283340e-01,-1.529178110406198554e-02,9.782746990225237305e-01,-1.398362313595101192e+01,0.000000000000000000e+00,0.000000000000000000e+00,0.000000000000000000e+00,1.000000000000000056e-01
-7.709957944428766918e-01,-6.166470623218850422e-01,1.590970945089394406e-01,8.369086633100009465e+01,6.018005740072981391e-01,-7.871976257002648580e-01,-1.347440804501331968e-01,-1.732884241615447536e+02,2.083303964280861509e-01,-8.142396554752254212e-03,9.780246148755468161e-01,-1.385028697807321585e+01,0.000000000000000000e+00,0.000000000000000000e+00,0.000000000000000000e+00,1.000000000000000056e-01
-7.434249976266633642e-01,-6.495107020416249766e-01,1.595466102341000503e-01,8.323185399114980498e+01,6.352355157433379196e-01,-7.603521546684244292e-01,-1.354268822257264637e-01,-1.729036158534903507e+02,2.092728182112812418e-01,6.699436399127955966e-04,9.778570645720300325e-01,-1.371962847015800513e+01,0.000000000000000000e+00,0.000000000000000000e+00,0.000000000000000000e+00,1.000000000000000056e-01
-7.137031799564941270e-01,-6.824461834429322860e-01,1.577814235712304003e-01,8.276942183363017591e+01,6.687653892406253409e-01,-7.308886991188505711e-01,-1.362151373900475360e-01,-1.724928739024770152e+02,2.082801600580894974e-01,8.301578436066228694e-03,9.780339762613804444e-01,-1.358292389787115262e+01,0.000000000000000000e+00,0.000000000000000000e+00,0.000000000000000000e+00,1.000000000000000056e-01
-6.882756011153663422e-01,-7.078164789024052883e-01,1.589733597288625344e-01,8.235943272823608652e+01,6.941915514041721025e-01,-7.062435136212779074e-01,-1.389898896572730191e-01,-1.720346453667945354e+02,2.106532384473360497e-01,1.469461336929461792e-02,9.774503984702123116e-01,-1.344829264403211155e+01,0.000000000000000000e+00,0.000000000000000000e+00,0.000000000000000000e+00,1.000000000000000056e-01
-6.555100367192341348e-01,-7.388271905934715722e-01,1.563360937215289848e-01,8.188464783068501163e+01,7.255375581384853056e-01,-6.735690062770862685e-01,-1.410675211143334606e-01,-1.715499819224085911e+02,2.095276676021398943e-01,2.095653174207944697e-02,9.775781197871351580e-01,-1.328941851137006402e+01,0.000000000000000000e+00,0.000000000000000000e+00,0.000000000000000000e+00,1.000000000000000056e-01
-6.276610309447518965e-01,-7.628408163776575490e-01,1.552917225792823652e-01,8.146607714578797754e+01,7.492477415503208116e-01,-6.461025477406225903e-01,-1.455311636207889947e-01,-1.710767241899450823e+02,2.113514892663773681e-01,2.500773223117254418e-02,9.770901500442722432e-01,-1.315658397713535521e+01,0.000000000000000000e+00,0.000000000000000000e+00,0.000000000000000000e+00,1.000000000000000056e-01
-5.949011686638390195e-01,-7.884573514756842982e-01,1.562933281568614774e-01,8.110102055551824662e+01,7.757189198668481556e-01,-6.141066152553296131e-01,-1.453727019087602268e-01,-1.706153699813086746e+02,2.106009422652458940e-01,3.475730144289408685e-02,9.769540281473834131e-01,-1.302614332307868317e+01,0.000000000000000000e+00,0.000000000000000000e+00,0.000000000000000000e+00,1.000000000000000056e-01
-5.639882364676285231e-01,-8.110128130646175881e-01,1.554846814678221834e-01,8.070343301507588762e+01,7.979235814857476017e-01,-5.837085895393030466e-01,-1.503404157470473734e-01,-1.700705436120217655e+02,2.126857476068673147e-01,3.927466795598799632e-02,9.763310264566290586e-01,-1.287198236013017016e+01,0.000000000000000000e+00,0.000000000000000000e+00,0.000000000000000000e+00,1.000000000000000056e-01
-5.340479190897486905e-01,-8.312375711742456819e-01,1.543920994878000552e-01,8.031913726593124636e+01,8.183298191660171028e-01,-5.541074247642026052e-01,-1.526475315388295395e-01,-1.695028534714854516e+02,2.124361720132041109e-01,4.482256228201444287e-02,9.761464084505209193e-01,-1.272178390371949774e+01,0.000000000000000000e+00,0.000000000000000000e+00,0.000000000000000000e+00,1.000000000000000056e-01
-5.078513735716199129e-01,-8.469600393838043750e-01,1.573075778479952336e-01,7.992292346383622714e+01,8.349467235567833434e-01,-5.288965822881943613e-01,-1.520933071034337447e-01,-1.688963761215674708e+02,2.120163936661760562e-01,5.410265179130818725e-02,9.757673656594267886e-01,-1.255532298595834106e+01,0.000000000000000000e+00,0.000000000000000000e+00,0.000000000000000000e+00,1.000000000000000056e-01
-4.766638746011080396e-01,-8.641305535532127768e-01,1.614618749614799842e-01,7.957590730627248377e+01,8.531958653094354750e-01,-4.990022228548458560e-01,-1.518341101492211576e-01,-1.682823536797885993e+02,2.117743281635957320e-01,6.538476888190458691e-02,9.751289483597118668e-01,-1.240085965177425287e+01,0.000000000000000000e+00,0.000000000000000000e+00,0.000000000000000000e+00,1.000000000000000056e-01
-4.475773561156741742e-01,-8.792494396509903387e-01,1.630795301867254410e-01,7.924332341697564175e+01,8.694119406032835284e-01,-4.705296164090135846e-01,-1.507473303857142510e-01,-1.676147814560252129e+02,2.092782545534439542e-01,7.431219923677871708e-02,9.750283632877851936e-01,-1.224708700602902844e+01,0.000000000000000000e+00,0.000000000000000000e+00,0.000000000000000000e+00,1.000000000000000056e-01
-4.182914095780723152e-01,-8.935137878515851950e-01,1.632954610278644081e-01,7.891453467315807302e+01,8.839861994452190563e-01,-4.417844613636774387e-01,-1.529538783032443061e-01,-1.669492693273741679e+02,2.088077964626505745e-01,8.037164062477980542e-02,9.746485025483256903e-01,-1.209074113763007219e+01,0.000000000000000000e+00,0.000000000000000000e+00,0.000000000000000000e+00,1.000000000000000056e-01
-3.869124423018055481e-01,-9.066994333632042435e-01,1.679133691249631577e-01,7.860803837644279213e+01,8.983437264114947363e-01,-4.117167860381867328e-01,-1.531921581266333099e-01,-1.662891201881346035e+02,2.080319956380783653e-01,9.157196969176817358e-02,9.738260949253765286e-01,-1.193428587897247795e+01,0.000000000000000000e+00,0.000000000000000000e+00,0.000000000000000000e+00,1.000000000000000056e-01
-3.605086587117518615e-01,-9.159100528784884787e-01,1.764717598653624542e-01,7.832333687687508927e+01,9.088522262676483887e-01,-3.874828018120379802e-01,-1.544173212700965525e-01,-1.655775100627861320e+02,2.098121488431804460e-01,1.047179704540603384e-01,9.721177957746631737e-01,-1.176695040216588417e+01,0.000000000000000000e+00,0.000000000000000000e+00,0.000000000000000000e+00,1.000000000000000056e-01
-3.313799234659384751e-01,-9.261399437929096479e-01,1.801448051845387088e-01,7.805904551045750850e+01,9.206623678309939773e-01,-3.591633839271211048e-01,-1.529132698814831826e-01,-1.648548140870667567e+02,2.063205050001976903e-01,1.151801552233982645e-01,9.716817282727803207e-01,-1.159520143638161649e+01,0.000000000000000000e+00,0.000000000000000000e+00,0.000000000000000000e+00,1.000000000000000056e-01
-3.088111808946734094e-01,-9.328117530263707602e-01,1.857360707302355418e-01,7.779934927785119214e+01,9.289889421240477008e-01,-3.377015428241985084e-01,-1.514503660787900052e-01,-1.640678190909186469e+02,2.039980391221466183e-01,1.257771894662370882e-01,9.708578158743397246e-01,-1.142186402761522324e+01,0.000000000000000000e+00,0.000000000000000000e+00,0.000000000000000000e+00,1.000000000000000056e-01
-2.858335651812606848e-01,-9.398345515344298517e-01,1.871100979579864154e-01,7.753064408059135815e+01,9.374035531161207802e-01,-3.147587308647661342e-01,-1.490017447873484835e-01,-1.632680813873792545e+02,1.989315249553030573e-01,1.328079707189257219e-01,9.709728581646752676e-01,-1.125427748731658895e+01,0.000000000000000000e+00,0.000000000000000000e+00,0.000000000000000000e+00,1.000000000000000056e-01
-2.636367928194645049e-01,-9.455637190804270231e-01,1.908006672699509854e-01,7.727628282498457679e+01,9.442585155852257772e-01,-2.934004429404937220e-01,-1.493051768262187440e-01,-1.624896835006628351e+02,1.971585585681054908e-01,1.408028168791871093e-01,9.702077455587710952e-01,-1.106017360156636009e+01,0.000000000000000000e+00,0.000000000000000000e+00,0.000000000000000000e+00,1.000000000000000056e-01
-2.371732147458442963e-01,-9.525870875930451120e-01,1.905956630097391524e-01,7.703544141351767394e+01,9.514274403910267797e-01,-2.674108100310246261e-01,-1.525689494934357737e-01,-1.615771206389193253e+02,1.963025518889169041e-01,1.451526755852323436e-01,9.697401759710418956e-01,-1.086686147608418374e+01,0.000000000000000000e+00,0.000000000000000000e+00,0.000000000000000000e+00,1.000000000000000056e-01
-2.217573694653156569e-01,-9.547795890657775342e-01,1.980394036327334240e-01,7.684393655189805372e+01,9.546287861107849437e-01,-2.539759073142684453e-01,-1.554995795252943624e-01,-1.606960715435483280e+02,1.987650618606618402e-01,1.545709377835281506e-01,9.677811092267961657e-01,-1.068209917845702250e+01,0.000000000000000000e+00,0.000000000000000000e+00,0.000000000000000000e+00,1.000000000000000056e-01
-1.987590346092580340e-01,-9.598031384536434008e-01,1.981736147314578644e-01,7.665387204287726775e+01,9.597410595103930131e-01,-2.315698875641414300e-01,-1.589732237309142149e-01,-1.598232612794105592e+02,1.984740407485678093e-01,1.585979904918957129e-01,9.671890883177231002e-01,-1.049577281504453374e+01,0.000000000000000000e+00,0.000000000000000000e+00,0.000000000000000000e+00,1.000000000000000056e-01
-1.782639173822675449e-01,-9.642234240894089758e-01,1.962018455489756563e-01,7.649097431484844378e+01,9.640841663717054644e-01,-2.110487149339785873e-01,-1.612456513400913338e-01,-1.589229997858573427e+02,1.968849814254561015e-01,1.604108112379343809e-01,9.672149066919335514e-01,-1.031954469403595809e+01,0.000000000000000000e+00,0.000000000000000000e+00,0.000000000000000000e+00,1.000000000000000056e-01
-1.554737196372379948e-01,-9.680146203725362719e-01,1.969152539728102891e-01,7.631692517717340252e+01,9.685982565524579035e-01,-1.885385117468603156e-01,-1.620822229358249711e-01,-1.579812662141146689e+02,1.940240704286479989e-01,1.655322455997437214e-01,9.669300573262810117e-01,-1.012124999675577186e+01,0.000000000000000000e+00,0.000000000000000000e+00,0.000000000000000000e+00,1.000000000000000056e-01
-1.356775620605186194e-01,-9.696696612362125656e-01,2.033035839117519061e-01,7.618320113893003054e+01,9.715969857667405840e-01,-1.703793120356544843e-01,-1.642260249754618207e-01,-1.570719528711638304e+02,1.938837187653931204e-01,1.752473626286732700e-01,9.652447697291066664e-01,-9.931518597997911257e+00,0.000000000000000000e+00,0.000000000000000000e+00,0.000000000000000000e+00,1.000000000000000056e-01
-1.235521914422306189e-01,-9.701654260547057929e-01,2.085998611646547318e-01,7.607553522403802049e+01,9.726794241628123894e-01,-1.600332629255065697e-01,-1.681787518318384189e-01,-1.561374683255533853e+02,1.965441268522715723e-01,1.821219394952362791e-01,9.634324082956581270e-01,-9.726152149783876766e+00,0.000000000000000000e+00,0.000000000000000000e+00,0.000000000000000000e+00,1.000000000000000056e-01
-1.067678553279636233e-01,-9.713959925726317612e-01,2.121095252045489266e-01,7.597537813839916510e+01,9.737833438535331565e-01,-1.452559777187223400e-01,-1.750619895077464017e-01,-1.552653189570503400e+02,2.008646915266576183e-01,1.878577295476823450e-01,9.614379070678930050e-01,-9.556526161642684869e+00,0.000000000000000000e+00,0.000000000000000000e+00,0.000000000000000000e+00,1.000000000000000056e-01
-9.356726918018543060e-02,-9.720298492890586672e-01,2.154138765939955513e-01,7.587861048184976198e+01,9.741138457376097293e-01,-1.340987407481872840e-01,-1.819883053166749531e-01,-1.543572290466749166e+02,2.057847945802789014e-01,1.928094910030127840e-01,9.594149876350230866e-01,-9.373699278787908540e+00,0.000000000000000000e+00,0.000000000000000000e+00,0.000000000000000000e+00,1.000000000000000056e-01
-8.391888937790326075e-02,-9.726435874281926797e-01,2.166150314276338584e-01,7.579868464989552024e+01,9.744119680273588546e-01,-1.255867301480693143e-01,-1.864116138435731596e-01,-1.534465589644775889e+02,2.085160343250097303e-01,1.954288234768137011e-01,9.582946511297241177e-01,-9.167091771844345871e+00,0.000000000000000000e+00,0.000000000000000000e+00,0.000000000000000000e+00,1.000000000000000056e-01
-7.391330586206956710e-02,-9.730090718952610906e-01,2.186096274779847359e-01,7.571897488819845989e+01,9.749117914700022869e-01,-1.166509002897051506e-01,-1.895773359722951190e-01,-1.525365258092302838e+02,2.099614775840829006e-01,1.991128159389153607e-01,9.572200710701715964e-01,-8.965391864328276839e+00,0.000000000000000000e+00,0.000000000000000000e+00,0.000000000000000000e+00,1.000000000000000056e-01
-6.494785205456277133e-02,-9.726432045364882262e-01,2.230402949748986619e-01,7.564989989535455095e+01,9.757051527065726537e-01,-1.087640194305801167e-01,-1.901837087112045743e-01,-1.515279201760254182e+02,2.092396508679522371e-01,2.052695416916391069e-01,9.560769758541212138e-01,-8.741014657990415770e+00,0.000000000000000000e+00,0.000000000000000000e+00,0.000000000000000000e+00,1.000000000000000056e-01
-4.632551303213650051e-02,-9.725667286690047320e-01,2.279647014964817919e-01,7.560441127082278001e+01,9.776276865984387943e-01,-9.101536427225553894e-02,-1.896320380699777486e-01,-1.505730252965258558e+02,2.051781012644726676e-01,2.140798022991877714e-01,9.550244944550094761e-01,-8.524732960638505830e+00,0.000000000000000000e+00,0.000000000000000000e+00,0.000000000000000000e+00,1.000000000000000056e-01
-3.672763760957908907e-02,-9.730378131158535782e-01,2.277026457517279667e-01,7.556307237674154464e+01,9.780157094301410448e-01,-8.180290845550297618e-02,-1.918164650807614446e-01,-1.495554794667735337e+02,2.052714123873019825e-01,2.156517990069596324e-01,9.546506946740174193e-01,-8.299252544591038117e+00,0.000000000000000000e+00,0.000000000000000000e+00,0.000000000000000000e+00,1.000000000000000056e-01
-2.896773140658681633e-02,-9.736409028886298112e-01,2.262393925897293323e-01,7.554760201406540432e+01,9.776930104841755620e-01,-7.470270116153643336e-02,-1.963055875148740914e-01,-1.485883053049066120e+02,2.080318432056630085e-01,2.155061452984206594e-01,9.540858732583091806e-01,-8.086810909271211045e+00,0.000000000000000000e+00,0.000000000000000000e+00,0.000000000000000000e+00,1.000000000000000056e-01
-1.670269273247071418e-02,-9.736522108497814854e-01,2.274255754369275406e-01,7.551978807901228663e+01,9.782491808897874064e-01,-6.294888639388029894e-02,-1.976511517553857789e-01,-1.475579403957925422e+02,2.067596675948790153e-01,2.191775764285737726e-01,9.535258936426173060e-01,-7.853007807910431737e+00,0.000000000000000000e+00,0.000000000000000000e+00,0.000000000000000000e+00,1.000000000000000056e-01
-5.111107789312008265e-03,-9.742460451789534126e-01,2.254296343215218545e-01,7.548973657396879844e+01,9.779048478857623738e-01,-5.198290114061276945e-02,-2.024842869719268301e-01,-1.465070543368410938e+02,2.089880021883800953e-01,2.194138132437753463e-01,9.529856208249605221e-01,-7.612610983910945706e+00,0.000000000000000000e+00,0.000000000000000000e+00,0.000000000000000000e+00,1.000000000000000056e-01
1.295207279588883598e-02,-9.745522129341653850e-01,2.237861212752284279e-01,7.550188089019407300e+01,9.774227659698956350e-01,-3.486388017116404114e-02,-2.083968484002806654e-01,-1.454947361228853708e+02,2.108956622931084379e-01,2.214328207934225246e-01,9.520979600342703852e-01,-7.393575160537344537e+00,0.000000000000000000e+00,0.000000000000000000e+00,0.000000000000000000e+00,1.000000000000000056e-01
1.760389908284321070e-02,-9.743258641153059729e-01,2.244531426668909257e-01,7.550646423868313661e+01,9.771797290221498899e-01,-3.076202463835886469e-02,-2.101748677371940988e-01,-1.444807689117929783e+02,2.116834427282376918e-01,2.230309582907979149e-01,9.515499522981487601e-01,-7.147969225990532749e+00,0.000000000000000000e+00,0.000000000000000000e+00,0.000000000000000000e+00,1.000000000000000056e-01
2.350426955823237130e-02,-9.739957161714321021e-01,2.253439464290825367e-01,7.550130749468614511e+01,9.769856618480603494e-01,-2.542213549266825190e-02,-2.117846348777454590e-01,-1.434665481228166186e+02,2.120060514604276414e-01,2.251356477919294052e-01,9.509823206755564362e-01,-6.907540587061553161e+00,0.000000000000000000e+00,0.000000000000000000e+00,0.000000000000000000e+00,1.000000000000000056e-01
3.120130875739923759e-02,-9.732623620483527027e-01,2.275672492954273485e-01,7.551475440991289645e+01,9.772991473598469092e-01,-1.802746312715397536e-02,-2.110956824355147976e-01,-1.424712165663048893e+02,2.095539427010191524e-01,2.289877402684712959e-01,9.506059961441423178e-01,-6.678618154655096006e+00,0.000000000000000000e+00,0.000000000000000000e+00,0.000000000000000000e+00,1.000000000000000056e-01
4.015799809161590961e-02,-9.729910170027257221e-01,2.273231532890461204e-01,7.552950767599205051e+01,9.761158284912060390e-01,-1.041173110748982999e-02,-2.170011180253955119e-01,-1.414978537840466117e+02,2.135069660648103440e-01,2.306080585915130654e-01,9.493338183981718803e-01,-6.443365630541848965e+00,0.000000000000000000e+00,0.000000000000000000e+00,0.000000000000000000e+00,1.000000000000000056e-01
5.019667347290346360e-02,-9.727743660616041677e-01,2.262527938074996858e-01,7.554926240264529724e+01,9.757255772009481021e-01,-5.862427184479823694e-04,-2.189960143823440619e-01,-1.404977432473360182e+02,2.131663481137008320e-01,2.317535092569675270e-01,9.491314023774312103e-01,-6.208564791621452805e+00,0.000000000000000000e+00,0.000000000000000000e+00,0.000000000000000000e+00,1.000000000000000056e-01
6.309037886408797036e-02,-9.716554712422502682e-01,2.278272356409277166e-01,7.559170088591240244e+01,9.756680747460062531e-01,1.201929421107927887e-02,-2.189231474469741645e-01,-1.395458788970629769e+02,2.099795514239610195e-01,2.360957046870368337e-01,9.487715247688052189e-01,-5.976038802221897761e+00,0.000000000000000000e+00,0.000000000000000000e+00,0.000000000000000000e+00,1.000000000000000056e-01
7.105874541568846237e-02,-9.706155852281388441e-01,2.299044158170652774e-01,7.563851364730666660e+01,9.753429944677620700e-01,1.933106883918023211e-02,-2.198462028787262212e-01,-1.384699589240615580e+02,2.089418527787277324e-01,2.398576567253431768e-01,9.480567528727485982e-01,-5.726230747338910909e+00,0.000000000000000000e+00,0.000000000000000000e+00,0.000000000000000000e+00,1.000000000000000056e-01
8.158208747261896931e-02,-9.701002064271818659e-01,2.285824850979387979e-01,7.570602815403411512e+01,9.750745290367132112e-01,3.020666480509248686e-02,-2.198117836358758626e-01,-1.373805123766052247e+02,2.063347421726216269e-01,2.408176631630085940e-01,9.483843246707873709e-01,-5.479336081572442119e+00,0.000000000000000000e+00,0.000000000000000000e+00,0.000000000000000000e+00,1.000000000000000056e-01
8.669811418143302806e-02,-9.677573785220572322e-01,2.364933261500191120e-01,7.572725766542248493e+01,9.749931922394594608e-01,3.366501258408605146e-02,-2.196700753730976841e-01,-1.362725063834371326e+02,2.046257854819188426e-01,2.496243642832755572e-01,9.464755489034454294e-01,-5.216449852676185550e+00,0.000000000000000000e+00,0.000000000000000000e+00,0.000000000000000000e+00,1.000000000000000056e-01
9.136580624642154369e-02,-9.671108819010174606e-01,2.373790882903926147e-01,7.580334321355316263e+01,9.744655996028177558e-01,3.773136399953014308e-02,-2.213439390664588280e-01,-1.351318142491002163e+02,2.051074953278465562e-01,2.515410230546334946e-01,9.458636419066787093e-01,-4.951669641103557673e+00,0.000000000000000000e+00,0.000000000000000000e+00,0.000000000000000000e+00,1.000000000000000056e-01
1.001080573570761745e-01,-9.664705937069731911e-01,2.364592319024218792e-01,7.588901456565962178e+01,9.729709891481944650e-01,4.538392526332468702e-02,-2.264238362091706702e-01,-1.340546044157613039e+02,2.081005313020048708e-01,2.527348231395585842e-01,9.448911461350664176e-01,-4.710562572944405169e+00,0.000000000000000000e+00,0.000000000000000000e+00,0.000000000000000000e+00,1.000000000000000056e-01
1.081110506577483976e-01,-9.660432458015396628e-01,2.346751967441466080e-01,7.599043481622973673e+01,9.720276668707495960e-01,5.320954971217373153e-02,-2.287596088850363252e-01,-1.329868785501497257e+02,2.085047135282193653e-01,2.528422256282638614e-01,9.447733026371253340e-01,-4.466106675957649763e+00,0.000000000000000000e+00,0.000000000000000000e+00,0.000000000000000000e+00,1.000000000000000056e-01
1.190158788853830085e-01,-9.643481097934770707e-01,2.363640068007141770e-01,7.609747597612576442e+01,9.705756261434127508e-01,6.280769515591277941e-02,-2.324610663434301117e-01,-1.319284015778158050e+02,2.093279114438934552e-01,2.570757020158656592e-01,9.434478835227664284e-01,-4.218594353222095528e+00,0.000000000000000000e+00,0.000000000000000000e+00,0.000000000000000000e+00,1.000000000000000056e-01
1.279936421934729784e-01,-9.626539326320581180e-01,2.385687187082208560e-01,7.620432948547369278e+01,9.697876808186624009e-01,7.111089046734953012e-02,-2.333561556704706053e-01,-1.308707221560115386e+02,2.076763869350810310e-01,2.612291087244559273e-01,9.426716666287455748e-01,-3.969680033069197922e+00,0.000000000000000000e+00,0.000000000000000000e+00,0.000000000000000000e+00,1.000000000000000056e-01
1.386843068365293252e-01,-9.610874501010667759e-01,2.389091381582150730e-01,7.634271413673700124e+01,9.682252025584755506e-01,8.089078386414849664e-02,-2.366360881531873184e-01,-1.297948788296661178e+02,2.081024271071117981e-01,2.641355605443412302e-01,9.417673733401767944e-01,-3.716939904586704646e+00,0.000000000000000000e+00,0.000000000000000000e+00,0.000000000000000000e+00,1.000000000000000056e-01
1.469132364660752366e-01,-9.603476697991358835e-01,2.369574942103183091e-01,7.650364136949873739e+01,9.675269242622538401e-01,8.970266971044327242e-02,-2.363156403508709091e-01,-1.287154783091335446e+02,2.056894547094870185e-01,2.639806511056995708e-01,9.423407367099889687e-01,-3.469919988797958599e+00,0.000000000000000000e+00,0.000000000000000000e+00,0.000000000000000000e+00,1.000000000000000056e-01
1.547600047318734573e-01,-9.586518747680118357e-01,2.388219502875874312e-01,7.664493281903800437e+01,9.665640383384376255e-01,9.689180882798786865e-02,-2.374151157212448238e-01,-1.276538754106516222e+02,2.044585550332436441e-01,2.675790731462702188e-01,9.415934042291826955e-01,-3.218153598022840622e+00,0.000000000000000000e+00,0.000000000000000000e+00,0.000000000000000000e+00,1.000000000000000056e-01
1.606616198296472175e-01,-9.579312587775793419e-01,2.378141025475914994e-01,7.680052347222468256e+01,9.656882344579577060e-01,1.027496894858942467e-01,-2.385135952939053117e-01,-1.265936087572071216e+02,2.040443033833251318e-01,2.679742613896990977e-01,9.415708775708065970e-01,-2.974817767382716749e+00,0.000000000000000000e+00,0.000000000000000000e+00,0.000000000000000000e+00,1.000000000000000056e-01
1.719837326529246591e-01,-9.555433700951101450e-01,2.394962704721031732e-01,7.700432360551226907e+01,9.643863174235576263e-01,1.137223517799506034e-01,-2.388017116183771271e-01,-1.255339926762690936e+02,2.009493131836899427e-01,2.720369360453037122e-01,9.410713463697035763e-01,-2.738417006107912055e+00,0.000000000000000000e+00,0.000000000000000000e+00,0.000000000000000000e+00,1.000000000000000056e-01
1.854165470022643980e-01,-9.519689270858389119e-01,2.436716355278014390e-01,7.719756941682905449e+01,9.621124119037398614e-01,1.254250435235846339e-01,-2.420914399929811889e-01,-1.244519429740531535e+02,1.999010028952465101e-01,2.793272638324865720e-01,9.391569989737238444e-01,-2.493262123492081095e+00,0.000000000000000000e+00,0.000000000000000000e+00,0.000000000000000000e+00,1.000000000000000056e-01
2.026741112873713391e-01,-9.502877225424595231e-01,2.363819980432941281e-01,7.744124403804137557e+01,9.596187902190795871e-01,1.446504696756750752e-01,-2.412633811440868525e-01,-1.233253358427348161e+02,1.950768619604705822e-01,2.757344483514388989e-01,9.412308600550575166e-01,-2.267876832558037847e+00,0.000000000000000000e+00,0.000000000000000000e+00,0.000000000000000000e+00,1.000000000000000056e-01
2.128669846740790517e-01,-9.478457428457458533e-01,2.372258303915530664e-01,7.766575402259583427e+01,9.580319010134754620e-01,1.547636257897918588e-01,-2.412946264899075710e-01,-1.222847195206713025e+02,1.919961548476221969e-01,2.786335728184846094e-01,9.410105252451399505e-01,-2.039270826263339664e+00,0.000000000000000000e+00,0.000000000000000000e+00,0.000000000000000000e+00,1.000000000000000056e-01
2.210191855160625884e-01,-9.462620947592529363e-01,2.360901684857866778e-01,7.789558758797451787e+01,9.559199022328518369e-01,1.622089772763760651e-01,-2.447557725694886333e-01,-1.212114112662550127e+02,1.933071652809367214e-01,2.797790122807338187e-01,9.404020651499366279e-01,-1.790679749502221751e+00,0.000000000000000000e+00,0.000000000000000000e+00,0.000000000000000000e+00,1.000000000000000056e-01
2.308730198189808958e-01,-9.439212695792984498e-01,2.360302640668560104e-01,7.813653889139666830e+01,9.537137008086040701e-01,1.715006719216569664e-01,-2.470176034625399808e-01,-1.202030224805137948e+02,1.926858209874844907e-01,2.821349967058774943e-01,9.398255253099659923e-01,-1.563303625163626087e+00,0.000000000000000000e+00,0.000000000000000000e+00,0.000000000000000000e+00,1.000000000000000056e-01
2.373743975884980983e-01,-9.418621218576597176e-01,2.378006282146559180e-01,7.837947594564664655e+01,9.514735945610361956e-01,1.760763005938899006e-01,-2.523789516228943652e-01,-1.191572109463146916e+02,1.958351199928112241e-01,2.861693201217724303e-01,9.379529444478778011e-01,-1.324418729649752269e+00,0.000000000000000000e+00,0.000000000000000000e+00,0.000000000000000000e+00,1.000000000000000056e-01
2.608645833045416529e-01,-9.354845512393223927e-01,2.383659446521496916e-01,7.861822263112692610e+01,9.458908552795091129e-01,1.983273481880398759e-01,-2.568204681471063511e-01,-1.182030469864875073e+02,1.929770946924704578e-01,2.924635316638022342e-01,9.366028633154980243e-01,-1.107437647615823861e+00,0.000000000000000000e+00,0.000000000000000000e+00,0.000000000000000000e+00,1.000000000000000056e-01
2.658158656218272409e-01,-9.333022411008189412e-01,2.414308438039915738e-01,7.887229371835094582e+01,9.442018980993314159e-01,2.015285489350261416e-01,-2.605168316822586427e-01,-1.172391755041238781e+02,1.944857352335594702e-01,2.972089681021275465e-01,9.347952332304280132e-01,-8.794954721746568449e-01,0.000000000000000000e+00,0.000000000000000000e+00,0.000000000000000000e+00,1.000000000000000056e-01
2.710749310091258302e-01,-9.315138302592321784e-01,2.424878673545801666e-01,7.915171062555468495e+01,9.429330911524363978e-01,2.063725237749085561e-01,-2.613188991261177763e-01,-1.162340033691069863e+02,1.933793354733358560e-01,2.994868368836092754e-01,9.342976330620459402e-01,-6.456614759591071673e-01,0.000000000000000000e+00,0.000000000000000000e+00,0.000000000000000000e+00,1.000000000000000056e-01
2.843742626989610445e-01,-9.264211883938081593e-01,2.467287182502806431e-01,7.943128179293627511e+01,9.395156738599407253e-01,2.180493852310594338e-01,-2.641302030663257305e-01,-1.152324538039369628e+02,1.908967712820824336e-01,3.069173297410251466e-01,9.323948602489801063e-01,-4.058668119803335861e-01,0.000000000000000000e+00,0.000000000000000000e+00,0.000000000000000000e+00,1.000000000000000056e-01
2.873834197030279425e-01,-9.255439654024064655e-01,2.465342535774344979e-01,7.972351052142465733e+01,9.386440576760159971e-01,2.209016013623675834e-01,-2.648581044730290990e-01,-1.142506210559015329e+02,1.906780088770007875e-01,3.075237399335719046e-01,9.322398008602568176e-01,-1.792100311717077787e-01,0.000000000000000000e+00,0.000000000000000000e+00,0.000000000000000000e+00,1.000000000000000056e-01
2.938294503790429557e-01,-9.230522192445115293e-01,2.482717354789549247e-01,8.001959011073701333e+01,9.364903812258827953e-01,2.259749423324398654e-01,-2.681810793274790328e-01,-1.132659849583155136e+02,1.914419493249861493e-01,3.113035913471496885e-01,9.308276177966661180e-01,4.803305046645655468e-02,0.000000000000000000e+00,0.000000000000000000e+00,0.000000000000000000e+00,1.000000000000000056e-01
3.009258073934719668e-01,-9.209488213259025002e-01,2.475821620048952176e-01,8.031899297478018696e+01,9.340158067762058813e-01,2.322186875171403653e-01,-2.714570939577932718e-01,-1.122789702088741990e+02,1.925048860075516399e-01,3.129340979603340012e-01,9.300613523832562679e-01,2.744550294767134635e-01,0.000000000000000000e+00,0.000000000000000000e+00,0.000000000000000000e+00,1.000000000000000056e-01
3.071402211832284790e-01,-9.191251291480244667e-01,2.467263291587356022e-01,8.063882898657172404e+01,9.321128238846962955e-01,2.382622529640893161e-01,-2.727577356596386782e-01,-1.112752518381727782e+02,1.919129179633682902e-01,3.137516466587920716e-01,9.299082407085561552e-01,5.102160721288607759e-01,0.000000000000000000e+00,0.000000000000000000e+00,0.000000000000000000e+00,1.000000000000000056e-01
3.093136454877023489e-01,-9.179567502754806263e-01,2.483555381681411267e-01,8.096647186602498891e+01,9.305841060141142318e-01,2.384080902836573923e-01,-2.778035351128768093e-01,-1.102805514731447403e+02,1.958016607412202126e-01,3.170441406349886471e-01,9.279788373341288921e-01,7.500687794143716669e-01,0.000000000000000000e+00,0.000000000000000000e+00,0.000000000000000000e+00,1.000000000000000056e-01
3.199068379479544921e-01,-9.149817370316042364e-01,2.459024927339482081e-01,8.128148934953836147e+01,9.271297147695436447e-01,2.488550322455569397e-01,-2.801814856792070318e-01,-1.092787000505912687e+02,1.951668696922868040e-01,3.176154810847404142e-01,9.279171833465651442e-01,9.911861316990711046e-01,0.000000000000000000e+00,0.000000000000000000e+00,0.000000000000000000e+00,1.000000000000000056e-01
3.252492318738681165e-01,-9.123958272103868117e-01,2.484890171708457052e-01,8.164407272144075023e+01,9.253686573147293926e-01,2.529927602621562244e-01,-2.822897648064312537e-01,-1.083158030235538263e+02,1.946940811247067638e-01,3.217584773459888914e-01,9.265882025101532804e-01,1.218315959530115178e+00,0.000000000000000000e+00,0.000000000000000000e+00,0.000000000000000000e+00,1.000000000000000056e-01
3.333418642386394293e-01,-9.096891760235368274e-01,2.476869083571577868e-01,8.200451149404645435e+01,9.221415119481433109e-01,2.598812383722827191e-01,-2.865602447725102975e-01,-1.073285625679138491e+02,1.963115724757477087e-01,3.239249063713800503e-01,9.254914486608678548e-01,1.456890025883939677e+00,0.000000000000000000e+00,0.000000000000000000e+00,0.000000000000000000e+00,1.000000000000000056e-01
3.370798571179550729e-01,-9.093829943953599670e-01,2.437206175723906076e-01,8.238174569403687997e+01,9.201793750334219535e-01,2.634750647049517447e-01,-2.895700399589404284e-01,-1.063675352227525224e+02,1.991157645402289456e-01,3.218749132555222547e-01,9.256076126136334459e-01,1.654426992714746358e+00,0.000000000000000000e+00,0.000000000000000000e+00,0.000000000000000000e+00,1.000000000000000056e-01
3.454704480269782385e-01,-9.060688881821270524e-01,2.443140180350757418e-01,8.272790544429693682e+01,9.169867533063404963e-01,2.705996461693249699e-01,-2.931059974714488314e-01,-1.054554593081033289e+02,1.994629384139713912e-01,3.252921784510666159e-01,9.243373490440726092e-01,1.863045804167239750e+00,0.000000000000000000e+00,0.000000000000000000e+00,0.000000000000000000e+00,1.000000000000000056e-01
3.499981322062529765e-01,-9.034025239205356606e-01,2.477199774465931315e-01,8.304607988084582360e+01,9.153651878346102944e-01,2.736497632664107726e-01,-2.953343528354704373e-01,-1.045487203642834686e+02,1.990172865673811020e-01,3.301207155545433092e-01,9.227201270207089356e-01,2.091135591400780314e+00,0.000000000000000000e+00,0.000000000000000000e+00,0.000000000000000000e+00,1.000000000000000056e-01
3.568330900701991437e-01,-9.012977779122939292e-01,2.456266707043737452e-01,8.337027822419203460e+01,9.116181533270351078e-01,2.785432571842667571e-01,-3.022680869721215968e-01,-1.036035924562270765e+02,2.040159022124494459e-01,3.317769874592587653e-01,9.210328670774453608e-01,2.319416626116253877e+00,0.000000000000000000e+00,0.000000000000000000e+00,0.000000000000000000e+00,1.000000000000000056e-01
3.633172049677561022e-01,-8.982526650533997348e-01,2.472706175405446904e-01,8.371663829972962390e+01,9.087136511827413887e-01,2.831095315569766013e-01,-3.067384770382098891e-01,-1.026828430089187094e+02,2.055239857742851006e-01,3.361415518290682414e-01,9.191130226503143597e-01,2.551648985549071380e+00,0.000000000000000000e+00,0.000000000000000000e+00,0.000000000000000000e+00,1.000000000000000056e-01
3.728633056013079816e-01,-8.936460652279035743e-01,2.497391948388384408e-01,8.406475564112142251e+01,9.050223868609789113e-01,2.908751860530801592e-01,-3.103644719020569598e-01,-1.018238098985974744e+02,2.047130543383158252e-01,3.417430851403898684e-01,9.172263783506261481e-01,2.770112578057331909e+00,0.000000000000000000e+00,0.000000000000000000e+00,0.000000000000000000e+00,1.000000000000000056e-01
3.795926597964095484e-01,-8.900578470750882820e-01,2.524013500137153310e-01,8.441459066446437021e+01,9.027840858099699384e-01,2.967313407600832287e-01,-3.113380892518297638e-01,-1.009497845398991132e+02,2.022135184327304158e-01,3.460455754243682569e-01,9.161670986737483480e-01,2.987145381161580016e+00,0.000000000000000000e+00,0.000000000000000000e+00,0.000000000000000000e+00,1.000000000000000056e-01
3.862637383705399552e-01,-8.870680585394672413e-01,2.528054270363579992e-01,8.477807400757930623e+01,9.002583226646581060e-01,3.028841951702425650e-01,-3.127237067909799384e-01,-1.000875587339213837e+02,2.008364431397633987e-01,3.483840177664507820e-01,9.155835839899456596e-01,3.208763681262329026e+00,0.000000000000000000e+00,0.000000000000000000e+00,0.000000000000000000e+00,1.000000000000000056e-01
3.897311798024516438e-01,-8.850465185016369585e-01,2.545628951318731348e-01,8.514555052330823059e+01,8.986066786895277048e-01,3.049767588555529763e-01,-3.154286188229248333e-01,-9.925716784977667828e+01,2.015332342428046986e-01,3.516842854693593701e-01,9.141676645175877969e-01,3.417558192607103695e+00,0.000000000000000000e+00,0.000000000000000000e+00,0.000000000000000000e+00,1.000000000000000056e-01
3.988434386208190574e-01,-8.808903578522142563e-01,2.548648444021245352e-01,8.549379958861921125e+01,8.950086359677487113e-01,3.134068301519632449e-01,-3.173888787548307944e-01,-9.845427908865504207e+01,1.997084199834125717e-01,3.546947085270609756e-01,9.134047354435120836e-01,3.620078254890854552e+00,0.000000000000000000e+00,0.000000000000000000e+00,0.000000000000000000e+00,1.000000000000000056e-01
4.078093818574765050e-01,-8.768893207521766264e-01,2.544732347808102424e-01,8.585137425618502505e+01,8.916981149467357870e-01,3.225419885561475741e-01,-3.175549360641151120e-01,-9.760051374136186553e+01,1.963822290062446907e-01,3.564151859405438882e-01,9.134562033078030829e-01,3.839799317996276606e+00,0.000000000000000000e+00,0.000000000000000000e+00,0.000000000000000000e+00,1.000000000000000056e-01
4.169556220461958507e-01,-8.726724095920718183e-01,2.541473485614939021e-01,8.622733394807374907e+01,8.878666953707784470e-01,3.312066263775457209e-01,-3.193664069606858003e-01,-9.681954978724252214e+01,1.945269659852932043e-01,3.588105853794902322e-01,9.129152333728385305e-01,4.038018865815518055e+00,0.000000000000000000e+00,0.000000000000000000e+00,0.000000000000000000e+00,1.000000000000000056e-01
4.256372203067129156e-01,-8.681124776910151830e-01,2.553696982156288264e-01,8.659508743612455817e+01,8.837915196492247549e-01,3.382229417437322416e-01,-3.232921147728938238e-01,-9.604975986682599398e+01,1.942820282107658170e-01,3.632987307373677921e-01,9.111907186527574698e-01,4.231188980049826576e+00,0.000000000000000000e+00,0.000000000000000000e+00,0.000000000000000000e+00,1.000000000000000056e-01
4.294867863174482991e-01,-8.659467074190646541e-01,2.562760236323163299e-01,8.694741036051948413e+01,8.820469193935150942e-01,3.413611799892182219e-01,-3.247549488226140757e-01,-9.530998684687747868e+01,1.937377928209171318e-01,3.655254364698162228e-01,9.104157418050446982e-01,4.420105007561125454e+00,0.000000000000000000e+00,0.000000000000000000e+00,0.000000000000000000e+00,1.000000000000000056e-01
4.379869408669150310e-01,-8.612825713423057916e-01,2.576039051179687678e-01,8.735657702704253325e+01,8.779508026287943245e-01,3.481849154783246414e-01,-3.285873594598671676e-01,-9.455727640611596030e+01,1.933127719357866092e-01,3.700805276359970808e-01,9.086641707865258377e-01,4.609210304217251419e+00,0.000000000000000000e+00,0.000000000000000000e+00,0.000000000000000000e+00,1.000000000000000056e-01
4.460247360568321273e-01,-8.562246439574767720e-01,2.606555081047119415e-01,8.776227665253904320e+01,8.741591468252514208e-01,3.542342251796457564e-01,-3.322106255572281341e-01,-9.383253695570573427e+01,1.921138226343486743e-01,3.760285531595551900e-01,9.064738310406702526e-01,4.776025744404203799e+00,0.000000000000000000e+00,0.000000000000000000e+00,0.000000000000000000e+00,1.000000000000000056e-01
4.493754242214516026e-01,-8.539255363725298809e-01,2.624364807656851539e-01,8.813921300285274185e+01,8.723254949703039829e-01,3.560934950104348573e-01,-3.350308249043179032e-01,-9.313200251150036024e+01,1.926394532036591056e-01,3.794846520508317056e-01,9.049206815667627524e-01,4.948784082472309720e+00,0.000000000000000000e+00,0.000000000000000000e+00,0.000000000000000000e+00,1.000000000000000056e-01
4.494906098570742303e-01,-8.529103503860735458e-01,2.655223641327053574e-01,8.848705175381955712e+01,8.718755584208359721e-01,3.542015409356384925e-01,-3.381926655431409245e-01,-9.247112190370887674e+01,1.943995943377224977e-01,3.835168869855989926e-01,9.028419546732441292e-01,5.112961058224517963e+00,0.000000000000000000e+00,0.000000000000000000e+00,0.000000000000000000e+00,1.000000000000000056e-01
4.510157874412035195e-01,-8.503712583012050796e-01,2.710230295270425471e-01,8.887235285022966025e+01,8.710036894989050538e-01,3.530927003438872891e-01,-3.415817879266352941e-01,-9.177552922889874765e+01,1.947750814608636694e-01,3.901208377145303219e-01,8.999268857095152896e-01,5.282458986648979504e+00,0.000000000000000000e+00,0.000000000000000000e+00,0.000000000000000000e+00,1.000000000000000056e-01
4.541900042857691666e-01,-8.477201990633314033e-01,2.740107737059235271e-01,8.921619270016284986e+01,8.693278132359003596e-01,3.544272390203619949e-01,-3.444567975449037145e-01,-9.108130339407180998e+01,1.948861029970597458e-01,3.946540210620297917e-01,8.979240560972795437e-01,5.459846084326539284e+00,0.000000000000000000e+00,0.000000000000000000e+00,0.000000000000000000e+00,1.000000000000000056e-01
4.514669395070688429e-01,-8.487458152471162309e-01,2.753327870643613173e-01,8.956245275930837124e+01,8.693027000028269446e-01,3.487876265566921541e-01,-3.502285073045092734e-01,-9.043669579524734559e+01,2.012223106415285678e-01,3.974641275152486219e-01,8.952831111099026629e-01,5.622144743089156016e+00,0.000000000000000000e+00,0.000000000000000000e+00,0.000000000000000000e+00,1.000000000000000056e-01
4.457780989943758154e-01,-8.511935601479952984e-01,2.770404476237021130e-01,8.986459772724865047e+01,8.711821717334754522e-01,3.414150878743134054e-01,-3.528134938257319608e-01,-8.980756151867352344e+01,2.057267851075922638e-01,3.986292273960297394e-01,8.937400231358887392e-01,5.794128420324812900e+00,0.000000000000000000e+00,0.000000000000000000e+00,0.000000000000000000e+00,1.000000000000000056e-01
4.378476920016619589e-01,-8.555887981890024641e-01,2.761470749841761219e-01,9.017189579029738411e+01,8.735301958421393120e-01,3.321926055511442710e-01,-3.557991986628634695e-01,-8.921339497260517248e+01,2.126837924262487134e-01,3.970086664427369127e-01,8.928324160829668177e-01,5.948632216228609160e+00,0.000000000000000000e+00,0.000000000000000000e+00,0.000000000000000000e+00,1.000000000000000056e-01
4.293249846703841577e-01,-8.595450854750895653e-01,2.772405157501252604e-01,9.045231586499109255e+01,8.758090501122647309e-01,3.212677175504501381e-01,-3.602021118780077691e-01,-8.865817132919950438e+01,2.205415273349375926e-01,3.974535189120171896e-01,8.907256227510398361e-01,6.093813517249180300e+00,0.000000000000000000e+00,0.000000000000000000e+00,0.000000000000000000e+00,1.000000000000000056e-01
4.166342395836081236e-01,-8.652545632232733208e-01,2.788376789960272939e-01,9.071521312313328167e+01,8.798651752149935223e-01,3.066825414157350327e-01,-3.630194102726120864e-01,-8.806824413614863545e+01,2.285895532400325225e-01,3.965858792394012511e-01,8.890818053123308307e-01,6.272212483920924342e+00,0.000000000000000000e+00,0.000000000000000000e+00,0.000000000000000000e+00,1.000000000000000056e-01
4.024014617941636951e-01,-8.717325146308004813e-01,2.795630277439807299e-01,9.097299077429056524e+01,8.845293235978387569e-01,2.915174678428698041e-01,-3.641777610426417122e-01,-8.750889589433907645e+01,2.359680894559054998e-01,3.938273592298317527e-01,8.883800267231287684e-01,6.441969338839007797e+00,0.000000000000000000e+00,0.000000000000000000e+00,0.000000000000000000e+00,1.000000000000000056e-01
3.783405866737412637e-01,-8.805019737599900642e-01,2.856128055254724685e-01,9.121090291607828249e+01,8.926006911646212627e-01,2.652945338473773340e-01,-3.645309540260516790e-01,-8.695118019402359266e+01,2.451987084138287643e-01,3.928550426244583060e-01,8.863083599271335267e-01,6.616295307901049583e+00,0.000000000000000000e+00,0.000000000000000000e+00,0.000000000000000000e+00,1.000000000000000056e-01
3.488725553219471642e-01,-8.917387196278774297e-01,2.882533539433133618e-01,9.142117252676445105e+01,9.006967574456381520e-01,2.340673689909602562e-01,-3.660024834622892520e-01,-8.639980376500673742e+01,2.589078818229537116e-01,3.873170828792397158e-01,8.848458543949152544e-01,6.793168457179016073e+00,0.000000000000000000e+00,0.000000000000000000e+00,0.000000000000000000e+00,1.000000000000000056e-01
3.227817937284819250e-01,-9.010612207505216409e-01,2.896559857779632541e-01,9.161216626517123984e+01,9.070126492584983380e-01,2.070361105508302657e-01,-3.666934728258261500e-01,-8.580193875665619885e+01,2.704440195724510110e-01,3.810836199412988567e-01,8.841014121071922860e-01,6.994369993299664579e+00,0.000000000000000000e+00,0.000000000000000000e+00,0.000000000000000000e+00,1.000000000000000056e-01
2.811176794658449829e-01,-9.148695161078621574e-01,2.898044492210303247e-01,9.176480089475889201e+01,9.156554919449721996e-01,1.652922038009310146e-01,-3.664062055064607470e-01,-8.527732589854041123e+01,2.873114518475544665e-01,3.683642977531860208e-01,8.841718576035162425e-01,7.178250680904027625e+00,0.000000000000000000e+00,0.000000000000000000e+00,0.000000000000000000e+00,1.000000000000000056e-01
2.373206968207910439e-01,-9.279698924409084393e-01,2.873164902745801719e-01,9.189073614945961310e+01,9.212256123206378211e-01,1.211333590407054350e-01,-3.696891674528497984e-01,-8.474129312375046652e+01,3.082568053830440080e-01,3.524182005100252035e-01,8.836170855547756942e-01,7.374108278574162512e+00,0.000000000000000000e+00,0.000000000000000000e+00,0.000000000000000000e+00,1.000000000000000056e-01
1.866260283755208915e-01,-9.400866939686366441e-01,2.853204047310645697e-01,9.196762731040729477e+01,9.253675619673232822e-01,7.067135488420239753e-02,-3.724250728099324781e-01,-8.427631643274122553e+01,3.299478758704648129e-01,3.335304595114970128e-01,8.831148463176338170e-01,7.554744193607739966e+00,0.000000000000000000e+00,0.000000000000000000e+00,0.000000000000000000e+00,1.000000000000000056e-01
1.268983156173618676e-01,-9.510140335923097377e-01,2.819026878267780201e-01,9.197217173316620631e+01,9.266064775713455104e-01,1.223574368490132347e-02,-3.758333703907908441e-01,-8.382747191819618138e+01,3.539735205016051878e-01,3.089054782404529464e-01,8.827684590518267704e-01,7.739054803842130070e+00,0.000000000000000000e+00,0.000000000000000000e+00,0.000000000000000000e+00,1.000000000000000056e-01
6.841896123317414702e-02,-9.567306652950042789e-01,2.828166894438017831e-01,9.199835548227824233e+01,9.250670419100159858e-01,-4.531622460534223684e-02,-3.770907155571069924e-01,-8.338152752106663002e+01,3.735904357924948460e-01,2.874245533556529231e-01,8.819395174345444621e-01,7.941604370532554746e+00,0.000000000000000000e+00,0.000000000000000000e+00,0.000000000000000000e+00,1.000000000000000056e-01
7.966752183626857331e-04,-9.597736071878325559e-01,2.807739094970420624e-01,9.197684702068603713e+01,9.203311180588985563e-01,-1.091180855398401484e-01,-3.756113370767425463e-01,-8.290029542481109104e+01,3.911393593606434793e-01,2.587042062931658171e-01,8.832225853119748393e-01,8.154555595203028417e+00,0.000000000000000000e+00,0.000000000000000000e+00,0.000000000000000000e+00,1.000000000000000056e-01
-6.434164340705472718e-02,-9.578455453923094831e-01,2.799858283838461692e-01,9.191523494951700002e+01,9.102075585398362589e-01,-1.713537744163515786e-01,-3.770412237013619494e-01,-8.245779927607671311e+01,4.091238850282757356e-01,2.305857653138615460e-01,8.828634387797418270e-01,8.386882097650936174e+00,0.000000000000000000e+00,0.000000000000000000e+00,0.000000000000000000e+00,1.000000000000000056e-01
-1.266916884110742547e-01,-9.537982201367810609e-01,2.724301219605868019e-01,9.184325651038035687e+01,8.982571351447937724e-01,-2.268266746984750615e-01,-3.764090578170249390e-01,-8.203979105616964773e+01,4.208127080412608079e-01,1.970244018114029327e-01,8.854931111204872307e-01,8.602551086025053806e+00,0.000000000000000000e+00,0.000000000000000000e+00,0.000000000000000000e+00,1.000000000000000056e-01
-1.913419281756962853e-01,-9.428150725649222519e-01,2.729249081091840168e-01,9.169851055233259274e+01,8.794324601355161253e-01,-2.881608114142450994e-01,-3.788956252387682966e-01,-8.165232072850653822e+01,4.358747693799218670e-01,1.675204038601973977e-01,8.842794239992900485e-01,8.817572775022309628e+00,0.000000000000000000e+00,0.000000000000000000e+00,0.000000000000000000e+00,1.000000000000000056e-01
-2.473066786331850064e-01,-9.305548258025988506e-01,2.700131901943254586e-01,9.155475843682303605e+01,8.607376646110773688e-01,-3.389534446897597419e-01,-3.797910413014161657e-01,-8.126388422906755693e+01,4.449382872076649287e-01,1.384856617431582393e-01,8.847890381713987562e-01,9.030925503007436461e+00,0.000000000000000000e+00,0.000000000000000000e+00,0.000000000000000000e+00,1.000000000000000056e-01
-3.101642396236963251e-01,-9.127603997421489535e-01,2.658318963578431560e-01,9.138137599831782154e+01,8.380625732405861950e-01,-3.945281760986127928e-01,-3.768270712112778975e-01,-8.086704308611278691e+01,4.488310013713643909e-01,1.059054810992084705e-01,8.873188611097611034e-01,9.258801324324020143e+00,0.000000000000000000e+00,0.000000000000000000e+00,0.000000000000000000e+00,1.000000000000000056e-01
-3.678667954893850567e-01,-8.933103342453532214e-01,2.582066372245810371e-01,9.117594637781870404e+01,8.124160103547257705e-01,-4.438492372993647628e-01,-3.781244248499195937e-01,-8.049657825576360892e+01,4.523872753467775842e-01,7.067178559529746495e-02,8.890170143619812171e-01,9.474421772635249539e+00,0.000000000000000000e+00,0.000000000000000000e+00,0.000000000000000000e+00,1.000000000000000056e-01
-4.245373935385008402e-01,-8.696963793137709731e-01,2.517860387234643338e-01,9.092187125852505858e+01,7.829246804556352357e-01,-4.922977120884133306e-01,-3.803576046379981146e-01,-8.015650363566415137e+01,4.547493223974917176e-01,3.565347782519523445e-02,8.899055474026389412e-01,9.693821019810728856e+00,0.000000000000000000e+00,0.000000000000000000e+00,0.000000000000000000e+00,1.000000000000000056e-01
-4.679156593401072595e-01,-8.484117141820225472e-01,2.474924220719385837e-01,9.067124950930917748e+01,7.571868804512890128e-01,-5.292721779564970586e-01,-3.828041140239109019e-01,-7.983364106115867287e+01,4.557663478327003137e-01,8.277975592380998338e-03,8.900609593187053248e-01,9.923809284651948559e+00,0.000000000000000000e+00,0.000000000000000000e+00,0.000000000000000000e+00,1.000000000000000056e-01
-5.123286930786470350e-01,-8.222542078357925055e-01,2.478251963474637498e-01,9.042002160998147531e+01,7.278571397669787446e-01,-5.689020268213764719e-01,-3.828504511800433496e-01,-7.945512844720985868e+01,4.557886509540999831e-01,-1.576393272198703399e-02,8.899484277679119426e-01,1.018233904057572126e+01,0.000000000000000000e+00,0.000000000000000000e+00,0.000000000000000000e+00,1.000000000000000056e-01
-5.523615046355845326e-01,-7.951574531691024683e-01,2.502426679572041790e-01,9.011738462779155157e+01,6.952320124253968947e-01,-6.050592275136226217e-01,-3.880151802437001307e-01,-7.912977038806273811e+01,4.599447978786648239e-01,-4.034793514227036360e-02,8.870303416648774864e-01,1.043228897002350841e+01,0.000000000000000000e+00,0.000000000000000000e+00,0.000000000000000000e+00,1.000000000000000056e-01
-5.851961025155765217e-01,-7.719904558535175543e-01,2.481456380266598427e-01,8.978127210215319565e+01,6.660544448563272546e-01,-6.321552657899283112e-01,-3.959181688445174707e-01,-7.879646985934704162e+01,4.625116194083232490e-01,-6.641126414354939222e-02,8.841224722328611119e-01,1.066577669175097043e+01,0.000000000000000000e+00,0.000000000000000000e+00,0.000000000000000000e+00,1.000000000000000056e-01
-6.085168849281277215e-01,-7.535576380987328848e-01,2.487128601830392860e-01,8.942917969699861658e+01,6.423091631848604210e-01,-6.517792133317217296e-01,-4.032651682918416691e-01,-7.850629567443439782e+01,4.659894201010718051e-01,-8.564311491148737798e-02,8.806356324962808513e-01,1.090821461491765554e+01,0.000000000000000000e+00,0.000000000000000000e+00,0.000000000000000000e+00,1.000000000000000056e-01
-6.263712826671963274e-01,-7.406903203617259956e-01,2.429750307589146341e-01,8.905191294576685834e+01,6.244415703525126871e-01,-6.633395309666418882e-01,-4.123753046347998774e-01,-7.821607025911842470e+01,4.666173394394380058e-01,-1.065763387408285856e-01,8.780146596470131959e-01,1.114237779125048178e+01,0.000000000000000000e+00,0.000000000000000000e+00,0.000000000000000000e+00,1.000000000000000056e-01
-6.418645666356046497e-01,-7.287043910436626915e-01,2.387462849373220841e-01,8.869027154577325689e+01,6.103265289518572390e-01,-6.739706831593410552e-01,-4.162511817392349212e-01,-7.791251507654250474e+01,4.642320606714557263e-01,-1.214636929926653230e-01,8.773455220888275452e-01,1.139289944429898682e+01,0.000000000000000000e+00,0.000000000000000000e+00,0.000000000000000000e+00,1.000000000000000056e-01
-6.561319182258649185e-01,-7.163642770790149550e-01,2.373038735678520694e-01,8.831223358967662307e+01,5.972379896768077456e-01,-6.851518204324125172e-01,-4.169817341862309679e-01,-7.758688351654356552e+01,4.612999995361501959e-01,-1.318681367245761737e-01,8.773899389352126654e-01,1.165846754252378226e+01,0.000000000000000000e+00,0.000000000000000000e+00,0.000000000000000000e+00,1.000000000000000056e-01
-6.674237637073527907e-01,-7.061815956009525053e-01,2.363325489076877062e-01,8.790859126903683318e+01,5.875426832182022441e-01,-6.943571458595683143e-01,-4.155258709039779674e-01,-7.725535132176747766e+01,4.575359166617054552e-01,-1.384763807594887319e-01,8.783422891653833720e-01,1.193963374126999177e+01,0.000000000000000000e+00,0.000000000000000000e+00,0.000000000000000000e+00,1.000000000000000056e-01
-6.752558814270475107e-01,-6.994730056405781271e-01,2.340235222756825162e-01,8.750930811332072778e+01,5.779928816476834763e-01,-6.989156286810964680e-01,-4.212376677719058549e-01,-7.695028610724160956e+01,4.582070747629155005e-01,-1.491792826281295170e-01,8.762373070531570551e-01,1.220466765360602501e+01,0.000000000000000000e+00,0.000000000000000000e+00,0.000000000000000000e+00,1.000000000000000056e-01
-6.813758489966237342e-01,-6.940072394647015530e-01,2.325530132565782337e-01,8.710281751949726470e+01,5.694782644733217269e-01,-7.022681908540899798e-01,-4.272164491296847055e-01,-7.664204598721475747e+01,4.598058924117691126e-01,-1.586610843436643270e-01,8.737306230288081066e-01,1.246598465845978687e+01,0.000000000000000000e+00,0.000000000000000000e+00,0.000000000000000000e+00,1.000000000000000056e-01
-6.864492680134066660e-01,-6.894337539896711053e-01,2.312325697291983118e-01,8.668618282784288454e+01,5.621736342317114055e-01,-7.048394168731944021e-01,-4.326224698239400368e-01,-7.632500466433464226e+01,4.612463630410204574e-01,-1.669805236593946141e-01,8.714179808219850720e-01,1.273733309063850960e+01,0.000000000000000000e+00,0.000000000000000000e+00,0.000000000000000000e+00,1.000000000000000056e-01
-6.867861648911011141e-01,-6.883827901528859483e-01,2.333535899348914144e-01,8.626119032835616451e+01,5.593585796206931304e-01,-7.055544888543929805e-01,-4.350986585386554806e-01,-7.602952868989234503e+01,4.641581014254673176e-01,-1.682914064316553826e-01,8.696178812572571415e-01,1.301471134978580757e+01,0.000000000000000000e+00,0.000000000000000000e+00,0.000000000000000000e+00,1.000000000000000056e-01
-6.892586083839999933e-01,-6.857874783013647724e-01,2.337051676228129038e-01,8.582574660514730169e+01,5.556608436041962085e-01,-7.073614193979638198e-01,-4.368991293563894152e-01,-7.570226415057646818e+01,4.649339712836920713e-01,-1.712756753084137273e-01,8.686201962849020575e-01,1.331059354825988272e+01,0.000000000000000000e+00,0.000000000000000000e+00,0.000000000000000000e+00,1.000000000000000056e-01
-6.883525230657696614e-01,-6.869562510750883977e-01,2.329418663483436291e-01,8.540392629784955147e+01,5.552403212279237721e-01,-7.056394566406698488e-01,-4.402057960937958425e-01,-7.536882436606276769e+01,4.667750953850274276e-01,-1.736780537106536737e-01,8.671545098698258958e-01,1.360892772888521485e+01,0.000000000000000000e+00,0.000000000000000000e+00,0.000000000000000000e+00,1.000000000000000056e-01
-6.850619930759156428e-01,-6.898949667883852443e-01,2.339551248485650103e-01,8.496035621473930632e+01,5.558505052258174706e-01,-7.026123613829227121e-01,-4.442590297023992219e-01,-7.503010257949348727e+01,4.708718312694635810e-01,-1.743009019826538553e-01,8.648114904908323908e-01,1.391249710641053206e+01,0.000000000000000000e+00,0.000000000000000000e+00,0.000000000000000000e+00,1.000000000000000056e-01
-6.826363617305264420e-01,-6.927530763168717742e-01,2.325957284578115125e-01,8.455818505717230948e+01,5.569606390186577771e-01,-6.992815360244741818e-01,-4.481073308473988437e-01,-7.472114251446444655e+01,4.730776302333877803e-01,-1.763476924395727397e-01,8.631911996446672841e-01,1.420255724652961504e+01,0.000000000000000000e+00,0.000000000000000000e+00,0.000000000000000000e+00,1.000000000000000056e-01
-6.820794907762244286e-01,-6.941997084902602477e-01,2.299007024662701459e-01,8.413521354841719813e+01,5.568191144707099749e-01,-6.968207175657916697e-01,-4.520988402231858050e-01,-7.438286173866306683e+01,4.740464555531461732e-01,-1.803542411564893755e-01,8.618307871469699233e-01,1.450678966658630742e+01,0.000000000000000000e+00,0.000000000000000000e+00,0.000000000000000000e+00,1.000000000000000056e-01
-6.790337613152006568e-01,-6.969214439620621260e-01,2.306808443281885279e-01,8.369625749437740581e+01,5.597210689042155796e-01,-6.948282902064761846e-01,-4.515816339860022621e-01,-7.405438357273872896e+01,4.750005010722135323e-01,-1.775222467032785689e-01,8.618934829238276141e-01,1.480928917873931816e+01,0.000000000000000000e+00,0.000000000000000000e+00,0.000000000000000000e+00,1.000000000000000056e-01
-6.805387937585110070e-01,-6.966994652970815993e-01,2.268850044504309160e-01,8.324541166591194497e+01,5.583441883950680529e-01,-6.936126195424487939e-01,-4.551409685986481657e-01,-7.371056243806819452e+01,4.744667717292373466e-01,-1.830611620913169812e-01,8.610283929456754581e-01,1.513469094335870757e+01,0.000000000000000000e+00,0.000000000000000000e+00,0.000000000000000000e+00,1.000000000000000056e-01
-6.805387594629139780e-01,-6.973018324793506251e-01,2.250270012456685453e-01,8.275564392665347668e+01,5.576300383577225128e-01,-6.921173146011392330e-01,-4.582819690435930848e-01,-7.335909584628039681e+01,4.753059406212417626e-01,-1.863968273610028537e-01,8.598491062738329305e-01,1.548599057576667981e+01,0.000000000000000000e+00,0.000000000000000000e+00,0.000000000000000000e+00,1.000000000000000056e-01
-6.795379169043125334e-01,-6.995170696189350057e-01,2.211426887805388597e-01,8.224806727335341350e+01,5.589393263030257852e-01,-6.888860400945089335e-01,-4.615439884505343482e-01,-7.296975572744901228e+01,4.752000094710310263e-01,-1.900312949875499757e-01,8.591117843005570132e-01,1.585190230008581480e+01,0.000000000000000000e+00,0.000000000000000000e+00,0.000000000000000000e+00,1.000000000000000056e-01
-6.776619339806566611e-01,-7.016314817697508754e-01,2.201989260264006487e-01,8.173315310058606542e+01,5.588230264029190320e-01,-6.859788310456382820e-01,-4.659934211114387659e-01,-7.258540618083661400e+01,4.780074564224694456e-01,-1.927337727198943917e-01,8.569495693783135692e-01,1.621381079829522420e+01,0.000000000000000000e+00,0.000000000000000000e+00,0.000000000000000000e+00,1.000000000000000056e-01
-6.775978055659832577e-01,-7.017744015251456968e-01,2.199406812215215501e-01,8.119943522470423147e+01,5.578698751353634577e-01,-6.853450287694000664e-01,-4.680634507815404355e-01,-7.216857330224621592e+01,4.792102005473353188e-01,-1.944604867449765129e-01,8.558870853017291891e-01,1.659861246039307403e+01,0.000000000000000000e+00,0.000000000000000000e+00,0.000000000000000000e+00,1.000000000000000056e-01
-6.730118223721366366e-01,-7.061330972528582217e-01,2.200707520581078047e-01,8.067210826270516577e+01,5.601928796311178571e-01,-6.809306343868741784e-01,-4.717175094949147551e-01,-7.175313624960764969e+01,4.829482628169725622e-01,-1.941893923920010590e-01,8.538451003106440895e-01,1.697897388375638528e+01,0.000000000000000000e+00,0.000000000000000000e+00,0.000000000000000000e+00,1.000000000000000056e-01
-6.714372158669390522e-01,-7.081674610169254036e-01,2.183366948217706216e-01,8.010298647018935014e+01,5.621183227584728437e-01,-6.786889694584770094e-01,-4.726566131501722667e-01,-7.129814431786181217e+01,4.829027400709741125e-01,-1.946281837048062513e-01,8.537709375117621402e-01,1.739269280000042528e+01,0.000000000000000000e+00,0.000000000000000000e+00,0.000000000000000000e+00,1.000000000000000056e-01
-6.685705606512832855e-01,-7.107345453999773799e-01,2.187917078079436306e-01,7.951749306908979520e+01,5.641078771726018015e-01,-6.764171244706815855e-01,-4.735421593001363227e-01,-7.082679620731195769e+01,4.845572291713847735e-01,-1.931742211008041776e-01,8.531635317803074603e-01,1.782268115622552074e+01,0.000000000000000000e+00,0.000000000000000000e+00,0.000000000000000000e+00,1.000000000000000056e-01
-6.678817153733278555e-01,-7.128179623037873558e-01,2.140667346578123409e-01,7.893891136571789957e+01,5.662751753062909010e-01,-6.733300789522478347e-01,-4.753514811273757412e-01,-7.037667092561306958e+01,4.829766455034977257e-01,-1.962578849250056767e-01,8.533559647081351285e-01,1.823901521279505644e+01,0.000000000000000000e+00,0.000000000000000000e+00,0.000000000000000000e+00,1.000000000000000056e-01
-6.646483494932973191e-01,-7.162001759108855836e-01,2.128376835549863622e-01,7.835043767910524082e+01,5.701238525756062714e-01,-6.702684230089581696e-01,-4.750779239676716226e-01,-6.987874933118334297e+01,4.829092712303051371e-01,-1.944159179241785051e-01,8.538156045760201263e-01,1.867643842932870868e+01,0.000000000000000000e+00,0.000000000000000000e+00,0.000000000000000000e+00,1.000000000000000056e-01
-6.642085784865447984e-01,-7.175730689257563411e-01,2.095611009165471161e-01,7.772616848394258682e+01,5.717544417532277601e-01,-6.682390251361760569e-01,-4.759763267437865930e-01,-6.938287211042020886e+01,4.815846993004847532e-01,-1.963300691120054009e-01,8.541256824157302807e-01,1.912255869203378111e+01,0.000000000000000000e+00,0.000000000000000000e+00,0.000000000000000000e+00,1.000000000000000056e-01
-6.627990020354066480e-01,-7.211912442292982561e-01,2.014464498269105952e-01,7.708463737883857902e+01,5.754085383844984580e-01,-6.627011510719471588e-01,-4.793038684614718825e-01,-6.887199681312768007e+01,4.791685474392956001e-01,-2.017681184303245778e-01,8.542172613158798278e-01,1.957310628306630207e+01,0.000000000000000000e+00,0.000000000000000000e+00,0.000000000000000000e+00,1.000000000000000056e-01
-6.571782862932193936e-01,-7.276430289903107473e-01,1.966019389184989197e-01,7.647061154028214958e+01,5.810637085521567213e-01,-6.552266556837003098e-01,-4.827452705984470738e-01,-6.831659125375769293e+01,4.800850618675003845e-01,-2.030114579115163131e-01,8.534076876430859437e-01,2.003263390595430593e+01,0.000000000000000000e+00,0.000000000000000000e+00,0.000000000000000000e+00,1.000000000000000056e-01
-6.511304463964964206e-01,-7.345589195996700127e-01,1.909249470657661263e-01,7.582445350436239551e+01,5.887864094124337644e-01,-6.476229004203859496e-01,-4.836477467561504096e-01,-6.774385676895282415e+01,4.789151343053525967e-01,-2.025037591938803061e-01,8.541852970202853390e-01,2.053611289502814685e+01,0.000000000000000000e+00,0.000000000000000000e+00,0.000000000000000000e+00,1.000000000000000056e-01
-6.417510010042166702e-01,-7.437314599232360823e-01,1.871340915775067115e-01,7.508613473477572597e+01,5.974119759629490378e-01,-6.378070149802539390e-01,-4.861081593822754732e-01,-6.714186861693053743e+01,4.808893674080677583e-01,-2.001642504605426198e-01,8.536273713696378440e-01,2.105999873453134086e+01,0.000000000000000000e+00,0.000000000000000000e+00,0.000000000000000000e+00,1.000000000000000056e-01
-6.300164791118318952e-01,-7.532388924266935071e-01,1.889719740684810412e-01,7.441546325123077565e+01,6.038838250200002644e-01,-6.281817919377601367e-01,-4.906240537897404996e-01,-6.649518381202950934e+01,4.882658721708330041e-01,-1.949841204141317119e-01,8.506336643112493157e-01,2.160776590648339379e+01,0.000000000000000000e+00,0.000000000000000000e+00,0.000000000000000000e+00,1.000000000000000056e-01
-6.211833012910399354e-01,-7.603863216393615954e-01,1.895888922403601573e-01,7.372603389513231775e+01,6.097049857231842118e-01,-6.209231757712136979e-01,-4.926603700060344648e-01,-6.586065084032391326e+01,4.923323436272061260e-01,-1.904391022189304838e-01,8.493184395529101982e-01,2.213006117359397606e+01,0.000000000000000000e+00,0.000000000000000000e+00,0.000000000000000000e+00,1.000000000000000056e-01
-6.127769734041181859e-01,-7.669028412826102148e-01,1.906945539294417347e-01,7.305936264152643389e+01,6.155100566809497131e-01,-6.145152981485544341e-01,-4.934757526626892821e-01,-6.522782573765010738e+01,4.956326774843474170e-01,-1.850161624671027294e-01,8.485972358166408158e-01,2.267205643032598772e+01,0.000000000000000000e+00,0.000000000000000000e+00,0.000000000000000000e+00,1.000000000000000056e-01
-6.059062013539009417e-01,-7.728926181431516884e-01,1.884533787988699194e-01,7.243563643243132333e+01,6.236534263518094257e-01,-6.085436562025818841e-01,-4.906434777873256436e-01,-6.461850770208607742e+01,4.938968302799018328e-01,-1.797543304496949101e-01,8.507375045947178638e-01,2.318814437087803881e+01,0.000000000000000000e+00,0.000000000000000000e+00,0.000000000000000000e+00,1.000000000000000056e-01
-5.988925128473707726e-01,-7.788053209630716456e-01,1.865208569971964214e-01,7.182076373869256258e+01,6.279666143133029177e-01,-6.012418757418811488e-01,-4.941317012318393598e-01,-6.403500206809813733e+01,4.969765481018688646e-01,-1.788029051609374143e-01,8.491429984064873260e-01,2.369656571000523826e+01,0.000000000000000000e+00,0.000000000000000000e+00,0.000000000000000000e+00,1.000000000000000056e-01
-5.928186272771871490e-01,-7.841508034108334302e-01,1.835036584467360232e-01,7.122747209507140553e+01,6.334001296519556901e-01,-5.947117764481195668e-01,-4.950981505831020812e-01,-6.344847158917325913e+01,4.973633992465446019e-01,-1.772721649443777525e-01,8.492374394866583076e-01,2.420439291159452466e+01,0.000000000000000000e+00,0.000000000000000000e+00,0.000000000000000000e+00,1.000000000000000056e-01
-5.857663775501362746e-01,-7.900867286700238301e-01,1.806674074405565655e-01,7.061966538297966167e+01,6.406672352368208978e-01,-5.879175644664307310e-01,-4.938607405796381911e-01,-6.282227137162683306e+01,4.964103591040378571e-01,-1.735393286012164027e-01,8.505650220899276803e-01,2.472700879854524914e+01,0.000000000000000000e+00,0.000000000000000000e+00,0.000000000000000000e+00,1.000000000000000056e-01
-5.781074944775492774e-01,-7.963920045495063160e-01,1.776274188252159325e-01,7.001544565496028838e+01,6.463983662174346279e-01,-5.798400273357136037e-01,-4.959381966039211331e-01,-6.218066457527135782e+01,4.979567019132494776e-01,-1.718875149303677186e-01,8.499963560102723470e-01,2.526414032068698035e+01,0.000000000000000000e+00,0.000000000000000000e+00,0.000000000000000000e+00,1.000000000000000056e-01
-5.727979620186804954e-01,-8.002333393044324117e-01,1.775643471334365231e-01,6.941967196228102921e+01,6.490508032265597249e-01,-5.750859499710356815e-01,-4.980052258529718001e-01,-6.152647084204458139e+01,5.006351461276007386e-01,-1.700080963118782984e-01,8.488001517731997847e-01,2.581604011974360091e+01,0.000000000000000000e+00,0.000000000000000000e+00,0.000000000000000000e+00,1.000000000000000056e-01
-5.662729957936127878e-01,-8.050295283348627429e-01,1.768116306804378701e-01,6.883575388073583667e+01,6.543755631958652064e-01,-5.695465355195945545e-01,-4.974026197857441822e-01,-6.088747266857571105e+01,5.011262480922562546e-01,-1.659644612155738164e-01,8.493104739059814667e-01,2.634578041197791620e+01,0.000000000000000000e+00,0.000000000000000000e+00,0.000000000000000000e+00,1.000000000000000056e-01
-5.641519425150625100e-01,-8.062087914296873770e-01,1.782132721711969237e-01,6.823899679611207603e+01,6.566738521738626488e-01,-5.689460141768729606e-01,-4.950554361113407298e-01,-6.023805194099714555e+01,5.005117757132413470e-01,-1.622584899896851729e-01,8.503882318086517511e-01,2.689870436779699148e+01,0.000000000000000000e+00,0.000000000000000000e+00,0.000000000000000000e+00,1.000000000000000056e-01
-5.585945754967343024e-01,-8.108895325996917647e-01,1.744427302752315223e-01,6.763401672861957081e+01,6.602443288958340650e-01,-5.620016237086253863e-01,-4.982284627655859666e-01,-5.955757487892586965e+01,5.020453429586947403e-01,-1.631328932776056895e-01,8.493162736839345861e-01,2.744201432450995171e+01,0.000000000000000000e+00,0.000000000000000000e+00,0.000000000000000000e+00,1.000000000000000056e-01
-5.528665026701600205e-01,-8.156946591947394909e-01,1.702376373967990075e-01,6.702382124993322066e+01,6.672813277720451852e-01,-5.557592353973186405e-01,-4.958500800417042775e-01,-5.886740501178688589e+01,4.990734012467932246e-01,-1.605425028824639389e-01,8.515584800447890679e-01,2.800197678901425746e+01,0.000000000000000000e+00,0.000000000000000000e+00,0.000000000000000000e+00,1.000000000000000056e-01
-5.433888733897158652e-01,-8.229133793084710824e-01,1.659581345742599523e-01,6.646400601569082767e+01,6.756679123770166218e-01,-5.460443515730879493e-01,-4.952862185637821879e-01,-5.820086376182525356e+01,4.981981578251169496e-01,-1.570004339810518179e-01,8.527305900865884691e-01,2.852494989233075273e+01,0.000000000000000000e+00,0.000000000000000000e+00,0.000000000000000000e+00,1.000000000000000056e-01
-5.370515005950073917e-01,-8.280353944076621620e-01,1.610374841979299587e-01,6.588942669830097998e+01,6.818210277245935202e-01,-5.385078281982995652e-01,-4.951054484872186023e-01,-5.753672423576604444e+01,4.966847811854416817e-01,-1.560983810848092235e-01,8.537783808234263860e-01,2.905357671287850252e+01,0.000000000000000000e+00,0.000000000000000000e+00,0.000000000000000000e+00,1.000000000000000056e-01
-5.291238723808668887e-01,-8.331482744719318490e-01,1.609095411127596242e-01,6.534232720154051322e+01,6.883144077240368475e-01,-5.323194400544946081e-01,-4.928075586469610192e-01,-5.686288281681059686e+01,4.962370439580107706e-01,-1.499998882816655221e-01,8.551308845546997661e-01,2.957288954749067500e+01,0.000000000000000000e+00,0.000000000000000000e+00,0.000000000000000000e+00,1.000000000000000056e-01
-5.218500689047618213e-01,-8.377923889924265843e-01,1.605503613526251816e-01,6.477740541152452636e+01,6.937020461225547052e-01,-5.263234702231756046e-01,-4.916920539297087722e-01,-5.614771118254438420e+01,4.964372838430621271e-01,-1.452154180471106337e-01,8.558402336721064874e-01,3.011106360954815031e+01,0.000000000000000000e+00,0.000000000000000000e+00,0.000000000000000000e+00,1.000000000000000056e-01
-5.189494636579972120e-01,-8.401825916072797051e-01,1.574314674045589335e-01,6.417930504047058093e+01,6.996202082859667160e-01,-5.232915107750271133e-01,-4.865157334646957321e-01,-5.548223115079797196e+01,4.911446002217455531e-01,-1.423348429263379678e-01,8.593705685920111081e-01,3.062359604658786694e+01,0.000000000000000000e+00,0.000000000000000000e+00,0.000000000000000000e+00,1.000000000000000056e-01
-5.092988999343754930e-01,-8.470139883936733671e-01,1.522561459878643830e-01,6.362640557706963307e+01,7.094374689330551487e-01,-5.133718971389138463e-01,-4.828537800430410809e-01,-5.474589934599652707e+01,4.871479325620668988e-01,-1.379006841659433102e-01,8.623632025469714080e-01,3.117524933886740968e+01,0.000000000000000000e+00,0.000000000000000000e+00,0.000000000000000000e+00,1.000000000000000056e-01
-5.022020438041658874e-01,-8.512218302337422049e-01,1.523630628874231840e-01,6.303839434727839119e+01,7.143275833337194847e-01,-5.076560700512418034e-01,-4.816860162271029422e-01,-5.399900839920291418e+01,4.873696860572340750e-01,-1.330665633194411390e-01,8.629971488010990122e-01,3.171323539267038072e+01,0.000000000000000000e+00,0.000000000000000000e+00,0.000000000000000000e+00,1.000000000000000056e-01
-4.957010724323356321e-01,-8.563086683132885568e-01,1.449686564777191156e-01,6.249429717863936418e+01,7.190747988976178284e-01,-4.982683117633430747e-01,-4.844173026253900671e-01,-5.324681790435014506e+01,4.870440230408161209e-01,-1.358828689130112954e-01,8.627421199618031666e-01,3.226647394718179385e+01,0.000000000000000000e+00,0.000000000000000000e+00,0.000000000000000000e+00,1.000000000000000056e-01
-4.848266289704938892e-01,-8.631716845981238784e-01,1.409885908474312888e-01,6.194225788382615860e+01,7.241167713787606264e-01,-4.865598907188155575e-01,-4.887886804660008799e-01,-5.249883440460025952e+01,4.905079420856579553e-01,-1.348855650235839809e-01,8.609342850062142727e-01,3.280601092232080873e+01,0.000000000000000000e+00,0.000000000000000000e+00,0.000000000000000000e+00,1.000000000000000056e-01
-4.760086801435221560e-01,-8.687522940966020402e-01,1.366937742909818398e-01,6.137653078172195364e+01,7.300622056603113252e-01,-4.770145120251603199e-01,-4.893529719781012366e-01,-5.174941251018367439e+01,4.903314310692555855e-01,-1.331413039566987921e-01,8.613062642790227930e-01,3.336060333029283242e+01,0.000000000000000000e+00,0.000000000000000000e+00,0.000000000000000000e+00,1.000000000000000056e-01
-4.644263718468331081e-01,-8.760843391442670880e-01,1.295545284401113939e-01,6.084909840448428753e+01,7.405125779207654135e-01,-4.643938748962539442e-01,-4.857771617727458802e-01,-5.096682420018634474e+01,4.857460932157141587e-01,-1.296709669316725433e-01,8.644282348816909600e-01,3.389603469152582704e+01,0.000000000000000000e+00,0.000000000000000000e+00,0.000000000000000000e+00,1.000000000000000056e-01
-4.572898630688762012e-01,-8.808612539866205182e-01,1.223496316282443874e-01,6.031688121548197756e+01,7.484632676881197710e-01,-4.555047109645613546e-01,-4.819939783967364666e-01,-5.017195207054386685e+01,4.803006538159932948e-01,-1.288367552921529380e-01,8.675899794428928447e-01,3.443565965463740497e+01,0.000000000000000000e+00,0.000000000000000000e+00,0.000000000000000000e+00,1.000000000000000056e-01
-4.478141531837800393e-01,-8.861713920948781631e-01,1.190073444831018790e-01,5.984231570559305169e+01,7.533423413835562688e-01,-4.456372801155392693e-01,-4.836142380554626641e-01,-4.943864987527720700e+01,4.815992118837356673e-01,-1.269160289476865267e-01,8.671531126099442099e-01,3.494253849434148407e+01,0.000000000000000000e+00,0.000000000000000000e+00,0.000000000000000000e+00,1.000000000000000056e-01
-4.295155418306535466e-01,-8.955298463678571519e-01,1.163730793194142354e-01,5.939835188913119168e+01,7.615489679612936769e-01,-4.284479134119019150e-01,-4.862875228607830280e-01,-4.869574185695776691e+01,4.853447936498435089e-01,-1.202442504128578282e-01,8.660148679553030249e-01,3.544618430002199005e+01,0.000000000000000000e+00,0.000000000000000000e+00,0.000000000000000000e+00,1.000000000000000056e-01
-4.181365675760402301e-01,-9.011268641843042104e-01,1.145957481806824940e-01,5.892980535786924889e+01,7.672489151512249528e-01,-4.178854951446764332e-01,-4.865190799413288691e-01,-4.788872667875299527e+01,4.863033138433215941e-01,-1.155079546743486563e-01,8.661218155386414264e-01,3.600335061513218449e+01,0.000000000000000000e+00,0.000000000000000000e+00,0.000000000000000000e+00,1.000000000000000056e-01
-4.074680498042724253e-01,-9.062012205605501913e-01,1.130006028447309852e-01,5.849579494978578253e+01,7.742956671303234950e-01,-4.084326153985942121e-01,-4.833725463261973609e-01,-4.711283824389150965e+01,4.841859232277523351e-01,-1.094629916146711568e-01,8.680909199011677124e-01,3.651516158006577939e+01,0.000000000000000000e+00,0.000000000000000000e+00,0.000000000000000000e+00,1.000000000000000056e-01
-3.997821250037587593e-01,-9.098508758828985910e-01,1.111109183770963016e-01,5.808438199208082864e+01,7.818664046934814538e-01,-4.017646886750678714e-01,-4.767284973079701782e-01,-4.633271713123470192e+01,4.783922843641695843e-01,-1.037136374299377772e-01,8.720001741237687343e-01,3.703266246734879275e+01,0.000000000000000000e+00,0.000000000000000000e+00,0.000000000000000000e+00,1.000000000000000056e-01
-3.885159621714708855e-01,-9.149266521972838628e-01,1.093826688147943593e-01,5.764755553602844884e+01,7.892315906450690921e-01,-3.916852514913395922e-01,-4.729652842355561715e-01,-4.550477904274648466e+01,4.755721222546907545e-01,-9.742630478077729528e-02,8.742649893887622925e-01,3.756592157364650575e+01,0.000000000000000000e+00,0.000000000000000000e+00,0.000000000000000000e+00,1.000000000000000056e-01
-3.783048517980052150e-01,-9.193870981422151978e-01,1.077627156103904971e-01,5.723254597200804028e+01,7.952537617816477500e-01,-3.823739988653969135e-01,-4.704907856311572045e-01,-4.469068949366966592e+01,4.737688186006202562e-01,-9.229024196155308224e-02,8.757999873032943361e-01,3.809514462447354077e+01,0.000000000000000000e+00,0.000000000000000000e+00,0.000000000000000000e+00,1.000000000000000056e-01
-3.675966928306704240e-01,-9.236592432761069338e-01,1.082879205200819317e-01,5.681354346684712908e+01,8.000363717667008379e-01,-3.734467699613641667e-01,-4.695522482704108103e-01,-4.383358852733208266e+01,4.741460484600997782e-01,-8.597157853636155922e-02,8.762387873254863235e-01,3.862040119267077642e+01,0.000000000000000000e+00,0.000000000000000000e+00,0.000000000000000000e+00,1.000000000000000056e-01
-3.523024323599901475e-01,-9.297690643666343124e-01,1.068292239980651315e-01,5.640302262380698295e+01,8.081675523632325664e-01,-3.597999150162287663e-01,-4.662716251945178692e-01,-4.298194243983866158e+01,4.719620784135701852e-01,-7.793271521709427274e-02,8.781675742353701741e-01,3.915348672465184876e+01,0.000000000000000000e+00,0.000000000000000000e+00,0.000000000000000000e+00,1.000000000000000056e-01
-3.378539684567449797e-01,-9.353280841157458614e-01,1.049574726372447253e-01,5.602517534993980775e+01,8.159518319379015505e-01,-3.466509346829429461e-01,-4.626615798190133466e-01,-4.211278519537114562e+01,4.691239750377420581e-01,-7.067180872038858475e-02,8.803000576490818130e-01,3.968445204262332737e+01,0.000000000000000000e+00,0.000000000000000000e+00,0.000000000000000000e+00,1.000000000000000056e-01
-3.231072860486594589e-01,-9.402411790131456337e-01,1.074625841408988480e-01,5.564783981942487401e+01,8.209585933527566715e-01,-3.349668390083004876e-01,-4.624112939419305901e-01,-4.125772690943847465e+01,4.707745423262954532e-01,-6.118612630946149156e-02,8.801293020032395775e-01,4.021918282008108037e+01,0.000000000000000000e+00,0.000000000000000000e+00,0.000000000000000000e+00,1.000000000000000056e-01
-3.166421214435561904e-01,-9.427645244942635117e-01,1.045601180318283252e-01,5.527389756858283931e+01,8.241138565193060206e-01,-3.280073532207143927e-01,-4.617873187150320358e-01,-4.036284438476305070e+01,4.696531895139235413e-01,-6.005187414433538207e-02,8.808062522434497721e-01,4.075889285970838927e+01,0.000000000000000000e+00,0.000000000000000000e+00,0.000000000000000000e+00,1.000000000000000056e-01
-3.072124664427717811e-01,-9.469962085900762716e-01,9.390783448770401165e-02,5.489794982111121868e+01,8.295549230823151543e-01,-3.148484398161701669e-01,-4.612039565476623304e-01,-3.946044556359117905e+01,4.663251334123471592e-01,-6.378589860889816165e-02,8.823107327277686096e-01,4.130316293900596492e+01,0.000000000000000000e+00,0.000000000000000000e+00,0.000000000000000000e+00,1.000000000000000056e-01
-2.966178611512531038e-01,-9.512329875009495339e-01,8.469739037346146748e-02,5.453219447162880584e+01,8.373148670720380604e-01,-3.016925019253724471e-01,-4.559445664355971095e-01,-3.853324450393141376e+01,4.592620796736777145e-01,-6.432291793775882227e-02,8.859689071303692431e-01,4.183603390937816613e+01,0.000000000000000000e+00,0.000000000000000000e+00,0.000000000000000000e+00,1.000000000000000056e-01
-2.871931229883579739e-01,-9.545292202141936189e-01,7.996297809285027314e-02,5.419922195320744152e+01,8.433157994914483035e-01,-2.915516620091445077e-01,-4.514599547111630695e-01,-3.760289066780968881e+01,4.542450576905529003e-01,-6.222215149759227626e-02,8.887012048077334025e-01,4.237210614519720764e+01,0.000000000000000000e+00,0.000000000000000000e+00,0.000000000000000000e+00,1.000000000000000056e-01
-2.776206295439858085e-01,-9.577025647442423129e-01,7.571382657019679052e-02,5.389234961626346632e+01,8.502636412893294082e-01,-2.816310304849887203e-01,-4.446748283514308508e-01,-3.660942691304401819e+01,4.471895865882972165e-01,-5.907419191376367396e-02,8.924862539539327733e-01,4.291863873288165365e+01,0.000000000000000000e+00,0.000000000000000000e+00,0.000000000000000000e+00,1.000000000000000056e-01
-2.576234134771346884e-01,-9.631659928631781664e-01,7.708078243166877064e-02,5.357862918199869284e+01,8.594483227288685079e-01,-2.648741968209005204e-01,-4.372530622157129732e-01,-3.558314633320559039e+01,4.415639901383769383e-01,-4.639967726581528673e-02,8.960291918027579738e-01,4.346554152097542811e+01,0.000000000000000000e+00,0.000000000000000000e+00,0.000000000000000000e+00,1.000000000000000056e-01
-2.445532189695696079e-01,-9.664358590239788827e-01,7.871120304128445544e-02,5.328616501809852934e+01,8.650633914847148942e-01,-2.541287619403043152e-01,-4.325319653709441825e-01,-3.459300411255373575e+01,4.380171820883117517e-01,-3.768690418796316610e-02,8.981762886249793354e-01,4.399331393844181548e+01,0.000000000000000000e+00,0.000000000000000000e+00,0.000000000000000000e+00,1.000000000000000056e-01
-2.259927274587933965e-01,-9.707633031453228867e-01,8.090671419676920273e-02,5.289200847209848888e+01,8.705805934337593754e-01,-2.385360463540384668e-01,-4.303370596710300311e-01,-3.348949672161091229e+01,4.370545932400884404e-01,-2.681723058345464317e-02,8.990351042487576549e-01,4.459315826150648832e+01,0.000000000000000000e+00,0.000000000000000000e+00,0.000000000000000000e+00,1.000000000000000056e-01
-2.149080636836673275e-01,-9.735653056949361561e-01,7.736355544351755653e-02,5.258149745482582915e+01,8.747219464289396340e-01,-2.271089077236094766e-01,-4.281157092050653090e-01,-3.230730261557628324e+01,4.343685538794259671e-01,-2.433391829760372937e-02,9.004064747773539157e-01,4.520892095582258463e+01,0.000000000000000000e+00,0.000000000000000000e+00,0.000000000000000000e+00,1.000000000000000056e-01
-2.023551085114565495e-01,-9.764618378685977484e-01,7.466384162094480414e-02,5.230085322823216387e+01,8.780904558523373593e-01,-2.146681212004546424e-01,-4.276385729577043548e-01,-3.121961891979415427e+01,4.336006934961608716e-01,-2.097324310991843799e-02,9.008610112959161142e-01,4.576245714841547851e+01,0.000000000000000000e+00,0.000000000000000000e+00,0.000000000000000000e+00,1.000000000000000056e-01
-1.960979721628857142e-01,-9.777168124858199860e-01,7.493610542436809907e-02,5.201411788183399665e+01,8.838995701451748399e-01,-2.093346700262239679e-01,-4.182111258947890930e-01,-3.015120738154912772e+01,4.245787738580195647e-01,-1.577436235097295913e-02,9.052535745754560770e-01,4.631039622343222106e+01,0.000000000000000000e+00,0.000000000000000000e+00,0.000000000000000000e+00,1.000000000000000056e-01
-1.826251387981046026e-01,-9.802643149604527428e-01,7.569631096749510069e-02,5.176929479314541283e+01,8.879441907601622885e-01,-1.975021850656037969e-01,-4.153889755272677231e-01,-2.910422847060132767e+01,4.221411763548470475e-01,-8.646369725307717635e-03,9.064888678391584964e-01,4.684196973137111542e+01,0.000000000000000000e+00,0.000000000000000000e+00,0.000000000000000000e+00,1.000000000000000056e-01
-1.721129011854980462e-01,-9.822795942500900379e-01,7.418859727336271637e-02,5.154737927626331384e+01,8.910050927409268740e-01,-1.873528103407604561e-01,-4.135321621919519908e-01,-2.806879513995895437e+01,4.201036466816765458e-01,-5.071802174497014315e-03,9.074619567053264779e-01,4.735218658641092304e+01,0.000000000000000000e+00,0.000000000000000000e+00,0.000000000000000000e+00,1.000000000000000056e-01
-1.644999540386176129e-01,-9.835508987620802390e-01,7.461497614820461477e-02,5.132391986523664684e+01,8.940969640906932803e-01,-1.806298234823748849e-01,-4.098334852992513433e-01,-2.706071788621418861e+01,4.165697827796662200e-01,-7.045658454040426566e-04,9.091034702727028849e-01,4.785198480787691011e+01,0.000000000000000000e+00,0.000000000000000000e+00,0.000000000000000000e+00,1.000000000000000056e-01
-1.570891244256762409e-01,-9.850213064967705545e-01,7.110578552107835182e-02,5.111922411954669343e+01,8.983174030730980419e-01,-1.724322141014347221e-01,-4.040952547062168221e-01,-2.601410311284693577e+01,4.103033637726842819e-01,3.965948463975910165e-04,9.119490075598241097e-01,4.836591080359352901e+01,0.000000000000000000e+00,0.000000000000000000e+00,0.000000000000000000e+00,1.000000000000000056e-01
-1.470364277918567719e-01,-9.868927184056959234e-01,6.650602423860835222e-02,5.091381348458482847e+01,9.042492908601793555e-01,-1.613652015996545064e-01,-3.953409815482907819e-01,-2.499141218306857937e+01,4.008908939862231846e-01,2.008499569104565952e-03,9.161236035865507610e-01,4.884501696331131626e+01,0.000000000000000000e+00,0.000000000000000000e+00,0.000000000000000000e+00,1.000000000000000056e-01
-1.398360002055878404e-01,-9.880017901881632536e-01,6.556184585174515411e-02,5.072730236063318188e+01,9.094716677204011113e-01,-1.543393405096700199e-01,-3.860578370981643248e-01,-2.393804680800657536e+01,3.915446062205115707e-01,5.641857497786811892e-03,9.201418318844107880e-01,4.933829460434114367e+01,0.000000000000000000e+00,0.000000000000000000e+00,0.000000000000000000e+00,1.000000000000000056e-01
-1.243535003852112020e-01,-9.904447444876296469e-01,5.962730128707099952e-02,5.054553138576425653e+01,9.135995034411090732e-01,-1.377373837610218477e-01,-3.825759538011084260e-01,-2.295383380510848781e+01,3.871332512896614175e-01,6.900813829022828250e-03,9.219979525543389176e-01,4.978243243514913274e+01,0.000000000000000000e+00,0.000000000000000000e+00,0.000000000000000000e+00,1.000000000000000056e-01
-1.193405360894042033e-01,-9.912497085799027996e-01,5.640790446516791290e-02,5.037600379711508225e+01,9.149265784476621199e-01,-1.318597844525406515e-01,-3.814739221679295245e-01,-2.197346988404201085e+01,3.855738483039892195e-01,6.083788654070332313e-03,9.226569216234520310e-01,5.022146394922258139e+01,0.000000000000000000e+00,0.000000000000000000e+00,0.000000000000000000e+00,1.000000000000000056e-01
-1.106568573492983099e-01,-9.924784694852774036e-01,5.235978924459572248e-02,5.020948780477728945e+01,9.160575101896829553e-01,-1.222865687372214349e-01,-3.819484692095989065e-01,-2.090393458030430196e+01,3.854785311099129808e-01,5.699360897351457567e-03,9.226992030660401412e-01,5.070546258514422533e+01,0.000000000000000000e+00,0.000000000000000000e+00,0.000000000000000000e+00,1.000000000000000056e-01
-1.046877447185388110e-01,-9.932867247760518437e-01,4.921339745851843750e-02,5.004314483818247794e+01,9.189828015560393970e-01,-1.155348681331969107e-01,-3.769911201734841288e-01,-1.975099000801843019e+01,3.801461384125315313e-01,5.759915720642494463e-03,9.249085018643365963e-01,5.122187049092243427e+01,0.000000000000000000e+00,0.000000000000000000e+00,0.000000000000000000e+00,1.000000000000000056e-01
-9.253473649188004302e-02,-9.944892539795031627e-01,4.927926807157259614e-02,4.990710660876924010e+01,9.245479111205214817e-01,-1.041900554662087419e-01,-3.665454847418382345e-01,-1.867402855048540999e+01,3.696599553441773933e-01,1.164285451424632023e-02,9.290941617261949670e-01,5.168555799128229467e+01,0.000000000000000000e+00,0.000000000000000000e+00,0.000000000000000000e+00,1.000000000000000056e-01
-8.320195849360012552e-02,-9.952591913370379961e-01,5.036443350197153390e-02,4.977606321272284617e+01,9.292159445874045298e-01,-9.574250157672814510e-02,-3.569189007552948656e-01,-1.759707271672751361e+01,3.600488333925928597e-01,1.710308308392063936e-02,9.327766732298023999e-01,5.215887161165769470e+01,0.000000000000000000e+00,0.000000000000000000e+00,0.000000000000000000e+00,1.000000000000000056e-01
-7.381878772558803092e-02,-9.960929259611640552e-01,4.847338887319280198e-02,4.968913701403439376e+01,9.336576746735784083e-01,-8.611023773956594241e-02,-3.476612913160769813e-01,-1.656314927404699944e+01,3.504770079503807811e-01,1.959361647482804614e-02,9.363663583723980111e-01,5.258156223836052590e+01,0.000000000000000000e+00,0.000000000000000000e+00,0.000000000000000000e+00,1.000000000000000056e-01
-6.016946055015837125e-02,-9.971968511016710002e-01,4.447556823712656149e-02,4.959301634726289620e+01,9.374725599105874219e-01,-7.175595083400843066e-02,-3.405822704349098506e-01,-1.553845557712728898e+01,3.428189543064875666e-01,2.120197332372039667e-02,9.391622015900057407e-01,5.301257673012221261e+01,0.000000000000000000e+00,0.000000000000000000e+00,0.000000000000000000e+00,1.000000000000000056e-01
-4.240447562073423882e-02,-9.982817627791061854e-01,4.043986337725705149e-02,4.952534101381264264e+01,9.412967735991092377e-01,-5.348635414373426045e-02,-3.333160571174428322e-01,-1.453968379982034698e+01,3.349063219159021942e-01,2.393182030376495018e-02,9.419474632471337427e-01,5.340819214688974625e+01,0.000000000000000000e+00,0.000000000000000000e+00,0.000000000000000000e+00,1.000000000000000056e-01
-2.923610806852128263e-02,-9.988808575356533659e-01,3.717905907690627343e-02,4.948008765562052247e+01,9.435882791848457796e-01,-3.985272845764686878e-02,-3.287140389753121505e-01,-1.350829768120662955e+01,3.298278480813706670e-01,2.547140520896740146e-02,9.436974081487629062e-01,5.380304334728585758e+01,0.000000000000000000e+00,0.000000000000000000e+00,0.000000000000000000e+00,1.000000000000000056e-01
-1.661963271840916079e-02,-9.988978318357183417e-01,4.389657574579755583e-02,4.958300894040312556e+01,9.461521769878639132e-01,-2.990718741228914901e-02,-3.223377392149615051e-01,-1.241860098975923776e+01,3.232952919382394708e-01,3.617570586716406522e-02,9.456064046502545839e-01,5.422033805948120744e+01,0.000000000000000000e+00,0.000000000000000000e+00,0.000000000000000000e+00,1.000000000000000056e-01
-9.649109112924714182e-03,-9.990356037377599030e-01,4.283406538791997842e-02,4.952811725497799955e+01,9.482451392223172348e-01,-2.273822848637996330e-02,-3.167240579851005045e-01,-1.140415390783128657e+01,3.173925812532092383e-01,3.756108930303950211e-02,9.475500588020635551e-01,5.459493235007889211e+01,0.000000000000000000e+00,0.000000000000000000e+00,0.000000000000000000e+00,1.000000000000000056e-01
1.738620179827177203e-03,-9.992832487316083423e-01,3.781489130320295211e-02,4.951810705685729630e+01,9.479468094474190476e-01,-1.039426101295326532e-02,-3.182590231186754326e-01,-1.033694260343186855e+01,3.184239684105599766e-01,3.639983712047839548e-02,9.472492956974279954e-01,5.498400447676587532e+01,0.000000000000000000e+00,0.000000000000000000e+00,0.000000000000000000e+00,1.000000000000000056e-01
1.407297302116106152e-02,-9.989667853553757526e-01,4.321241936170680531e-02,4.974790940674640893e+01,9.495171470564062188e-01,-1.940587953621619732e-04,-3.137150773983405916e-01,-9.391931586920318153e+00,3.133993281361792116e-01,4.544583697029114244e-02,9.485333610505543023e-01,5.534843815158438218e+01,0.000000000000000000e+00,0.000000000000000000e+00,0.000000000000000000e+00,1.000000000000000056e-01
4.949218184504111662e-02,-9.981993872792654932e-01,3.388963221276877769e-02,4.972841336761521092e+01,9.518926165198419165e-01,3.686820440814908562e-02,-3.042058219671816000e-01,-8.332211840896270871e+00,3.024086152066886024e-01,4.731510053902759916e-02,9.520033144426308658e-01,5.572617443834111128e+01,0.000000000000000000e+00,0.000000000000000000e+00,0.000000000000000000e+00,1.000000000000000056e-01
6.132695712008118250e-02,-9.976928527897570564e-01,2.912002442698694016e-02,4.978100361071048496e+01,9.551127843188300659e-01,5.018806541730858051e-02,-2.919601468015803891e-01,-7.176090782192622974e+00,2.898250740724896968e-01,4.571793501356501144e-02,9.559870798588081531e-01,5.611838808505064691e+01,0.000000000000000000e+00,0.000000000000000000e+00,0.000000000000000000e+00,1.000000000000000056e-01
7.098828499924936253e-02,-9.971427588011515519e-01,2.582599394590910646e-02,4.982257963519703736e+01,9.587961296975563430e-01,6.107229216630172264e-02,-2.774529812536546403e-01,-6.050181058660408340e+00,2.750829785171235997e-01,4.445777434805603390e-02,9.603920351763466368e-01,5.647092241665906442e+01,0.000000000000000000e+00,0.000000000000000000e+00,0.000000000000000000e+00,1.000000000000000056e-01
8.360060710567773778e-02,-9.961581334072562299e-01,2.607511722185680558e-02,4.990907522079017156e+01,9.608876155930028418e-01,7.365260921460159427e-02,-2.669649478037802171e-01,-4.883123481661098886e+00,2.640188036704129160e-01,4.737368892594961967e-02,9.633534164085324480e-01,5.685287585997807724e+01,0.000000000000000000e+00,0.000000000000000000e+00,0.000000000000000000e+00,1.000000000000000056e-01
8.673865204654207517e-02,-9.958927742651104698e-01,2.596128671099688645e-02,4.998171522412840062e+01,9.622387219965633509e-01,7.700134678297176904e-02,-2.610889397964402114e-01,-3.770798372411638066e+00,2.580175345428475930e-01,4.762745804837999197e-02,9.649655833801951133e-01,5.718071573600875723e+01,0.000000000000000000e+00,0.000000000000000000e+00,0.000000000000000000e+00,1.000000000000000056e-01
9.756571544547187891e-02,-9.948875421352102455e-01,2.607124227522658599e-02,5.008220254885483769e+01,9.612706005794692254e-01,8.741962449328499751e-02,-2.613745238446922303e-01,-2.679771741523281126e+00,2.577591193948329806e-01,5.056271113788686489e-02,9.648853033450073280e-01,5.750990158349102899e+01,0.000000000000000000e+00,0.000000000000000000e+00,0.000000000000000000e+00,1.000000000000000056e-01
1.107649591452302129e-01,-9.935468565377449934e-01,2.440835286375256374e-02,5.019013710585647914e+01,9.595969104991453058e-01,1.005236624712914084e-01,-2.628093655938719131e-01,-1.664650490149535367e+00,2.586598020297142808e-01,5.253224864141906036e-02,9.645389933365188240e-01,5.781202600920424572e+01,0.000000000000000000e+00,0.000000000000000000e+00,0.000000000000000000e+00,1.000000000000000056e-01
1.192579833468312422e-01,-9.926033432358413178e-01,2.271863563415553455e-02,5.032584923274234967e+01,9.587650285249605941e-01,1.091868878749310268e-01,-2.623887261177941799e-01,-6.474510343486672426e-01,2.579673496502580821e-01,5.307378367158147037e-02,9.646947807473634784e-01,5.811133516202562532e+01,0.000000000000000000e+00,0.000000000000000000e+00,0.000000000000000000e+00,1.000000000000000056e-01
1.290864508540076061e-01,-9.913663157580293595e-01,2.301121870451688922e-02,5.045168902292626001e+01,9.610411360637057809e-01,1.193509088464592693e-01,-2.493096375010516730e-01,3.974139204851729890e-01,2.444107669463387311e-01,5.429722403470925440e-02,9.681503955805766948e-01,5.842204674809504183e+01,0.000000000000000000e+00,0.000000000000000000e+00,0.000000000000000000e+00,1.000000000000000056e-01
1.368675664366599820e-01,-9.903641639537446029e-01,2.112089046198691034e-02,5.056648998249696803e+01,9.636717897363864527e-01,1.281814867628685572e-01,-2.343206950261343124e-01,1.442509986518424103e+00,2.293555120854446905e-01,5.242450960630287704e-02,9.719298945235516074e-01,5.870438438131763803e+01,0.000000000000000000e+00,0.000000000000000000e+00,0.000000000000000000e+00,1.000000000000000056e-01
1.455061479007014880e-01,-9.891368813023735385e-01,2.088518543163603303e-02,5.071166473953962139e+01,9.658746916566136598e-01,1.374488824412107846e-01,-2.195310564200526615e-01,2.509555852757719752e+00,2.142756190991903786e-01,5.211559040322612246e-02,9.753819376513909178e-01,5.898012264005688365e+01,0.000000000000000000e+00,0.000000000000000000e+00,0.000000000000000000e+00,1.000000000000000056e-01
1.539599313991729668e-01,-9.878477972530433915e-01,2.128541721160828737e-02,5.084966089917325860e+01,9.677064779484786383e-01,1.463990967333298476e-01,-2.052108111484775010e-01,3.535270767557106897e+00,1.996008819121622424e-01,5.219227852829765035e-02,9.784863075188695580e-01,5.923018033403692328e+01,0.000000000000000000e+00,0.000000000000000000e+00,0.000000000000000000e+00,1.000000000000000056e-01
1.564841592748812404e-01,-9.874771845802031711e-01,2.003790981088725276e-02,5.098491060097533278e+01,9.696766207926635905e-01,1.497440795438668149e-01,-1.931423354153126437e-01,4.610960516891599248e+00,1.877230912385438599e-01,4.965400865102162498e-02,9.809661158473974574e-01,5.948340037451623630e+01,0.000000000000000000e+00,0.000000000000000000e+00,0.000000000000000000e+00,1.000000000000000056e-01
1.668784838472691101e-01,-9.857678102705995649e-01,2.033213867610210446e-02,5.113107412304221100e+01,9.695620499373556189e-01,1.603180365235933325e-01,-1.850609588392235771e-01,5.620487460476894626e+00,1.791675276106408643e-01,5.059596228482365898e-02,9.825166897566488533e-01,5.973396016047749413e+01,0.000000000000000000e+00,0.000000000000000000e+00,0.000000000000000000e+00,1.000000000000000056e-01
1.776582862656416184e-01,-9.839598913085428888e-01,1.613894721585525105e-02,5.128316371131173668e+01,9.678354146260924606e-01,1.717313310987090835e-01,-1.838558133826764529e-01,6.601858428986868255e+00,1.781351832645514111e-01,4.828335339582781605e-02,9.828207233611623295e-01,5.995006339260503836e+01,0.000000000000000000e+00,0.000000000000000000e+00,0.000000000000000000e+00,1.000000000000000056e-01
1.849614642385459806e-01,-9.826622595699584517e-01,1.281172758048980398e-02,5.145328738054502793e+01,9.665585447113745898e-01,1.795430118898108107e-01,-1.831089471515934819e-01,7.616861295317197467e+00,1.776339955981480201e-01,4.625138374577407452e-02,9.830091419256681284e-01,6.016046136183090454e+01,0.000000000000000000e+00,0.000000000000000000e+00,0.000000000000000000e+00,1.000000000000000056e-01
1.970408913836261267e-01,-9.803342498845877273e-01,1.093826430330743782e-02,5.165423520061739993e+01,9.652528495927006347e-01,1.920321458522278313e-01,-1.772303340643476000e-01,8.690585359382632546e+00,1.716444682357041174e-01,4.547981379262253099e-02,9.841086134474541502e-01,6.039767440826741307e+01,0.000000000000000000e+00,0.000000000000000000e+00,0.000000000000000000e+00,1.000000000000000056e-01
2.080970093441016910e-01,-9.780455146956299473e-01,1.107275421030164131e-02,5.188467543608131649e+01,9.635759292079950633e-01,2.030478812284658430e-01,-1.740488051656209900e-01,9.748485901157501132e+00,1.679793539486038045e-01,4.688847526196314452e-02,9.846747724678529545e-01,6.061943003753028592e+01,0.000000000000000000e+00,0.000000000000000000e+00,0.000000000000000000e+00,1.000000000000000056e-01
2.198067952132287672e-01,-9.755251561231695900e-01,5.970138101861963142e-03,5.214679932393769946e+01,9.621296551584855861e-01,2.157690191501453469e-01,-1.665840839924332684e-01,1.091436682338541431e+01,1.612187937019239903e-01,4.236036054910108373e-02,9.860091786649081147e-01,6.083403968937923878e+01,0.000000000000000000e+00,0.000000000000000000e+00,0.000000000000000000e+00,1.000000000000000056e-01
2.313276072064797129e-01,-9.728422425175350385e-01,8.093782649554667752e-03,5.244753800289628742e+01,9.619480265022636312e-01,2.274778492765374693e-01,-1.513599101377945400e-01,1.210020814141685186e+01,1.454081581360721631e-01,4.279952408584118684e-02,9.884455818533970373e-01,6.103993469199873090e+01,0.000000000000000000e+00,0.000000000000000000e+00,0.000000000000000000e+00,1.000000000000000056e-01
2.405854257306583310e-01,-9.706117592788419124e-01,5.609427388756943467e-03,5.275248536394418863e+01,9.613299276982867347e-01,2.374787723373142923e-01,-1.394582475179185488e-01,1.325864833595701775e+01,1.340276950395137556e-01,3.894413227681248896e-02,9.902120639154025072e-01,6.120687491828156368e+01,0.000000000000000000e+00,0.000000000000000000e+00,0.000000000000000000e+00,1.000000000000000056e-01
2.497010058672546329e-01,-9.682961700003199779e-01,7.206582518291933248e-03,5.302906061927301806e+01,9.610451106760665718e-01,2.469066506375633407e-01,-1.242151404482058907e-01,1.437395420662859102e+01,1.184976915999149116e-01,3.794249640774740445e-02,9.922291388846830040e-01,6.138566846639368180e+01,0.000000000000000000e+00,0.000000000000000000e+00,0.000000000000000000e+00,1.000000000000000056e-01
2.584045832019280509e-01,-9.660252711770409562e-01,4.716654276293898163e-03,5.323721621740756405e+01,9.599597670672321836e-01,2.562291956081591549e-01,-1.132424166565723922e-01,1.537828251469360374e+01,1.081864917282322480e-01,3.379015781732839369e-02,9.935561927954639216e-01,6.152791378705482117e+01,0.000000000000000000e+00,0.000000000000000000e+00,0.000000000000000000e+00,1.000000000000000056e-01
2.632812814238041366e-01,-9.647178868215260383e-01,1.538082718566910478e-03,5.344804089460187413e+01,9.594669840989205056e-01,2.616814532367127688e-01,-1.046227673885763848e-01,1.633714631751277224e+01,1.005289673475345952e-01,2.902095585144705281e-02,9.945107897079381587e-01,6.166663208055260270e+01,0.000000000000000000e+00,0.000000000000000000e+00,0.000000000000000000e+00,1.000000000000000056e-01
2.685977014864503465e-01,-9.632517070399776449e-01,-1.193164181935289780e-03,5.365850660824320784e+01,9.584990671207423985e-01,2.673949476821674276e-01,-9.889125483437818942e-02,1.723838069261161721e+01,9.557621610454503092e-02,2.541831699031797676e-02,9.950975309368006450e-01,6.177043346692824599e+01,0.000000000000000000e+00,0.000000000000000000e+00,0.000000000000000000e+00,1.000000000000000056e-01
2.742985132433586326e-01,-9.616434018146248208e-01,-1.514390596681083889e-03,5.391368834229328399e+01,9.569712513350582261e-01,2.731202212433493370e-01,-9.803758904724665935e-02,1.820327952915725689e+01,9.469081133191285804e-02,2.544233665330720290e-02,9.951815601963914792e-01,6.190220562873037835e+01,0.000000000000000000e+00,0.000000000000000000e+00,0.000000000000000000e+00,1.000000000000000056e-01
2.805174260068465930e-01,-9.598489266195390224e-01,-1.085072001671197328e-04,5.418575184664582167e+01,9.554291662698165544e-01,2.792365761981692174e-01,-9.582297612831475186e-02,1.910651028687654218e+01,9.200587996132011948e-02,2.677634367204043131e-02,9.953983853071592947e-01,6.201204027746439351e+01,0.000000000000000000e+00,0.000000000000000000e+00,0.000000000000000000e+00,1.000000000000000056e-01
2.824220574041849119e-01,-9.592837936384335240e-01,3.519197954430536290e-03,5.445469393691473670e+01,9.555341566976913725e-01,2.809900215611568219e-01,-8.943759370137674414e-02,2.003773749960386752e+01,8.480717467065614079e-02,2.862186307206140284e-02,9.959862107874108972e-01,6.212444505692795360e+01,0.000000000000000000e+00,0.000000000000000000e+00,0.000000000000000000e+00,1.000000000000000056e-01
2.889462104160351874e-01,-9.572784067816676457e-01,1.131986730331357993e-02,5.472418217793809703e+01,9.547785895794426159e-01,2.872860960276448772e-01,-7.658031019710895282e-02,2.091775485910016386e+01,7.005663685121439610e-02,3.293555736202329054e-02,9.969991558142614618e-01,6.221821873973281924e+01,0.000000000000000000e+00,0.000000000000000000e+00,0.000000000000000000e+00,1.000000000000000056e-01
2.927722769107292677e-01,-9.560846954779314011e-01,1.365463091329225179e-02,5.501332990806571388e+01,9.542152610891794229e-01,2.912247364342870348e-01,-6.827436117086142786e-02,2.180888724433767578e+01,6.129950552016236176e-02,3.301829737662212438e-02,9.975731364974361748e-01,6.231232859863010987e+01,0.000000000000000000e+00,0.000000000000000000e+00,0.000000000000000000e+00,1.000000000000000056e-01
2.963843377290340531e-01,-9.549882367829305441e-01,1.240128844724177476e-02,5.523793789065879167e+01,9.535253604130617955e-01,2.951425419762339075e-01,-6.066520390592890222e-02,2.265407468115567724e+01,5.427440831610053779e-02,2.980515931909810678e-02,9.980811295079675682e-01,6.239754537223039677e+01,0.000000000000000000e+00,0.000000000000000000e+00,0.000000000000000000e+00,1.000000000000000056e-01
2.941035156451670129e-01,-9.557334761189500982e-01,8.754696496251497539e-03,5.543486496656999662e+01,9.544604842067220263e-01,2.932071626364026740e-01,-5.508850938789363466e-02,2.347587575157850992e+01,5.008299285209423524e-02,2.455773613952640794e-02,9.984430937327767319e-01,6.245512311232239000e+01,0.000000000000000000e+00,0.000000000000000000e+00,0.000000000000000000e+00,1.000000000000000056e-01
2.642634622309689707e-01,-9.643041967750539678e-01,1.679995868208048609e-02,5.555734435195683574e+01,9.633872812457392465e-01,2.631143638726526346e-01,-5.153423966483639679e-02,2.445431709611214899e+01,4.527437314469071744e-02,2.980348311704047320e-02,9.985299111846612785e-01,6.253214388009996583e+01,0.000000000000000000e+00,0.000000000000000000e+00,0.000000000000000000e+00,1.000000000000000056e-01
2.081654447741390079e-01,-9.778931455669788164e-01,1.980261233032202389e-02,5.587057916327255924e+01,9.772481037891973532e-01,2.071012026415061102e-01,-4.577374252625979884e-02,2.589126477265767790e+01,4.066068423432395856e-02,2.888057682183556990e-02,9.987555361749113070e-01,6.259196597747084212e+01,0.000000000000000000e+00,0.000000000000000000e+00,0.000000000000000000e+00,1.000000000000000056e-01
1.960684077617338428e-01,-9.804304409586509506e-01,1.770112763085542051e-02,5.612183849524828361e+01,9.800137111882299967e-01,1.953023016580146543e-01,-3.781715021196522392e-02,2.727034689598152895e+01,3.362001428986825802e-02,2.476209620987748078e-02,9.991278863240891095e-01,6.264188533466543163e+01,0.000000000000000000e+00,0.000000000000000000e+00,0.000000000000000000e+00,1.000000000000000056e-01
1.964896131566220561e-01,-9.803303229861697332e-01,1.855504662869627425e-02,5.634993206954689526e+01,9.802562356305639657e-01,1.959773736246077647e-01,-2.627891806367298883e-02,2.833547470823020475e+01,2.212565092731360455e-02,2.335223460470106649e-02,9.994824304158675954e-01,6.270531276136886589e+01,0.000000000000000000e+00,0.000000000000000000e+00,0.000000000000000000e+00,1.000000000000000056e-01
1.960677728005956189e-01,-9.804578381306802148e-01,1.612005326067926167e-02,5.649850919729239251e+01,9.805087379646763024e-01,1.958128774574410258e-01,-1.612240046504553534e-02,2.919945061779438689e+01,1.265081989169480371e-02,1.896693622993275360e-02,9.997400722618442481e-01,6.274487457150035397e+01,0.000000000000000000e+00,0.000000000000000000e+00,0.000000000000000000e+00,1.000000000000000056e-01
2.006376743704401111e-01,-9.795770901869794711e-01,1.316237076029947578e-02,5.663335364340509415e+01,9.796646498932798375e-01,2.006015194872233787e-01,-4.025435242871315891e-03,3.001053500894996517e+01,1.302832567377725827e-03,1.370236330811283772e-02,9.999052694465980773e-01,6.277529281590727805e+01,0.000000000000000000e+00,0.000000000000000000e+00,0.000000000000000000e+00,1.000000000000000056e-01
2.027400677517698924e-01,-9.790412525064413618e-01,1.935693205614183107e-02,5.674545826634951595e+01,9.791113432724614096e-01,2.029864152235988373e-01,1.172572854319764608e-02,3.078236833084803692e+01,-1.540916620728574951e-02,1.657531674783604622e-02,9.997438754358564106e-01,6.279637991638989547e+01,0.000000000000000000e+00,0.000000000000000000e+00,0.000000000000000000e+00,1.000000000000000056e-01
2.046720569898631270e-01,-9.786041876625835023e-01,2.105214898278343766e-02,5.689450371433129305e+01,9.784866216151555385e-01,2.051229417177152792e-01,2.210226461768931977e-02,3.147713471795080409e+01,-2.594764744052546757e-02,1.607553017246595578e-02,9.995340399015815169e-01,6.280560087051873808e+01,0.000000000000000000e+00,0.000000000000000000e+00,0.000000000000000000e+00,1.000000000000000056e-01
2.063286659686619506e-01,-9.782142430294915592e-01,2.292108928107780552e-02,5.702693306088096392e+01,9.779007135925616989e-01,2.069571980400486400e-01,2.964645905619318900e-02,3.217546312927971996e+01,-3.374427291779649035e-02,1.629763521652590613e-02,9.992976088891628583e-01,6.282236957181230252e+01,0.000000000000000000e+00,0.000000000000000000e+00,0.000000000000000000e+00,1.000000000000000056e-01
2.088059545529145078e-01,-9.775581190749899063e-01,2.793200984200932060e-02,5.716929103006316382e+01,9.771115110211842092e-01,2.097277664821087795e-01,3.559998590342847852e-02,3.289598475520892151e+01,-4.065917329637259298e-02,1.985919930394863114e-02,9.989756973169375831e-01,6.281674946617469857e+01,0.000000000000000000e+00,0.000000000000000000e+00,0.000000000000000000e+00,1.000000000000000056e-01
2.083722272041901302e-01,-9.775722725008294534e-01,3.055269165768558642e-02,5.729497876673104173e+01,9.769705618677816394e-01,2.095077287083308981e-01,4.043553950706845618e-02,3.357169956724330717e+01,-4.592968728084965285e-02,2.142343691009129109e-02,9.987149243789453790e-01,6.280607438592818426e+01,0.000000000000000000e+00,0.000000000000000000e+00,0.000000000000000000e+00,1.000000000000000056e-01
2.130958962001937573e-01,-9.765244752601832667e-01,3.146566764681878875e-02,5.740455146694153399e+01,9.755145545399156459e-01,2.144485264762777676e-01,4.881785915977089607e-02,3.422480662216610625e+01,-5.441960036077337498e-02,2.029233130956125189e-02,9.983119394190358431e-01,6.278940892263925377e+01,0.000000000000000000e+00,0.000000000000000000e+00,0.000000000000000000e+00,1.000000000000000056e-01
2.201872740125270234e-01,-9.749339383758994781e-01,3.195903887463551196e-02,5.755757095995048900e+01,9.731581750390130292e-01,2.217985820599480684e-01,6.138856042402829338e-02,3.486858176671083953e+01,-6.693826049181769711e-02,1.758422017192105488e-02,9.976021574171113349e-01,6.277192137220589530e+01,0.000000000000000000e+00,0.000000000000000000e+00,0.000000000000000000e+00,1.000000000000000056e-01
2.244931282477783396e-01,-9.739518105157326522e-01,3.194849233771363678e-02,5.769219345071719118e+01,9.710686760742143209e-01,2.263271290038020300e-01,7.616860917969507649e-02,3.550762306815128966e+01,-8.141536536182397699e-02,1.392485080791856442e-02,9.965829803949984855e-01,6.274062859697237826e+01,0.000000000000000000e+00,0.000000000000000000e+00,0.000000000000000000e+00,1.000000000000000056e-01
2.318862462902556709e-01,-9.721743973513753412e-01,3.325221670664091356e-02,5.780768834660444355e+01,9.683111138755581271e-01,2.339542368110537618e-01,8.740138341716224835e-02,3.611625581347454528e+01,-9.274888423313412678e-02,1.193131227685772372e-02,9.956180433584260747e-01,6.271009407476851294e+01,0.000000000000000000e+00,0.000000000000000000e+00,0.000000000000000000e+00,1.000000000000000056e-01
2.406064892328367844e-01,-9.700015773685418674e-01,3.471969529805316729e-02,5.793924870649219372e+01,9.651597921458466844e-01,2.428889764067785340e-01,9.732173839925700731e-02,3.670215781848106218e+01,-1.028352710116272606e-01,1.009381209495432974e-02,9.946471846807575234e-01,6.268236167054373453e+01,0.000000000000000000e+00,0.000000000000000000e+00,0.000000000000000000e+00,1.000000000000000056e-01
2.502749471026800565e-01,-9.674908450152664985e-01,3.638565190286182499e-02,5.806794231842960130e+01,9.617724574557288131e-01,2.527591356356437835e-01,1.053876626189735877e-01,3.725968546329776387e+01,-1.111584046859213359e-01,8.618826159505411921e-03,9.937653268771824422e-01,6.262530073007332732e+01,0.000000000000000000e+00,0.000000000000000000e+00,0.000000000000000000e+00,1.000000000000000056e-01
2.646539362534799933e-01,-9.636453927315616896e-01,3.668584322014695892e-02,5.819420431683204953e+01,9.570112303966745726e-01,2.671338380522122469e-01,1.130000772660696567e-01,3.782307042619673609e+01,-1.186920339373380984e-01,5.202848712839602818e-03,9.929174847111360558e-01,6.257989534485260918e+01,0.000000000000000000e+00,0.000000000000000000e+00,0.000000000000000000e+00,1.000000000000000056e-01
2.782196891893934376e-01,-9.597526139335530448e-01,3.832394284346666430e-02,5.834861974464783430e+01,9.523659765613217143e-01,2.808259702042644745e-01,1.188941594328056517e-01,3.834551002937237740e+01,-1.248713387281371601e-01,3.419723167969040967e-03,9.921670495726500061e-01,6.252526642114380451e+01,0.000000000000000000e+00,0.000000000000000000e+00,0.000000000000000000e+00,1.000000000000000056e-01
3.021899586629757106e-01,-9.523224187647071348e-01,4.199094666004992565e-02,5.851722987971631085e+01,9.437500200099963044e-01,3.050914589118531861e-01,1.274954957250218901e-01,3.885657529018361345e+01,-1.342278980480626493e-01,1.101098167800795835e-03,9.909498771221598723e-01,6.246643229512136486e+01,0.000000000000000000e+00,0.000000000000000000e+00,0.000000000000000000e+00,1.000000000000000056e-01
3.272466706092463928e-01,-9.438302806076251938e-01,4.576044124891021775e-02,5.866905359342616322e+01,9.337649635446664265e-01,3.304228747208043382e-01,1.374907877556437175e-01,3.935600662736542432e+01,-1.448882653343300242e-01,-2.263905777900435123e-03,9.894454332094506643e-01,6.239684953814408885e+01,0.000000000000000000e+00,0.000000000000000000e+00,0.000000000000000000e+00,1.000000000000000056e-01
3.539517302722097192e-01,-9.337525247610798385e-01,5.314503871122836648e-02,5.885110402662816398e+01,9.226866329570602154e-01,3.579152643570254755e-01,1.433389022652389044e-01,3.980251209292904235e+01,-1.528644824662421520e-01,-1.698835645264545890e-03,9.882457001969592314e-01,6.232728304874372327e+01,0.000000000000000000e+00,0.000000000000000000e+00,0.000000000000000000e+00,1.000000000000000056e-01
3.813054306749975586e-01,-9.226599014057378367e-01,5.748804115387031594e-02,5.903192335436813920e+01,9.100325799324776588e-01,3.855721195605034124e-01,1.522328613639639394e-01,4.020174048047420001e+01,-1.626249427338675169e-01,-5.731226358752422589e-03,9.866713135817981595e-01,6.228029171274213383e+01,0.000000000000000000e+00,0.000000000000000000e+00,0.000000000000000000e+00,1.000000000000000056e-01
4.129139014907690086e-01,-9.085290853980999559e-01,6.385147563967316642e-02,5.921035196132715583e+01,8.945365994550517064e-01,4.177338370298613324e-01,1.590682672178900248e-01,4.056592301435598102e+01,-1.711910692503095521e-01,-8.564016931414869527e-03,9.852006269907334080e-01,6.222616945377343711e+01,0.000000000000000000e+00,0.000000000000000000e+00,0.000000000000000000e+00,1.000000000000000056e-01
4.510958128004328715e-01,-8.901068863018444244e-01,6.497921692320141052e-02,5.942119865681935664e+01,8.743482136481066647e-01,4.553603275606659118e-01,1.678158913041548073e-01,4.093613100658676274e+01,-1.789630379834945550e-01,-1.888658364762284270e-02,9.836745030719458160e-01,6.217008410440171673e+01,0.000000000000000000e+00,0.000000000000000000e+00,0.000000000000000000e+00,1.000000000000000056e-01
4.880350336408575407e-01,-8.700138495223456170e-01,6.998362364493931898e-02,5.965284715209237021e+01,8.525767391921371674e-01,4.923490579769727038e-01,1.752293037642105311e-01,4.133066859643921021e+01,-1.869082922924221180e-01,-2.585162951337839632e-02,9.820371599505964832e-01,6.209245942929620554e+01,0.000000000000000000e+00,0.000000000000000000e+00,0.000000000000000000e+00,1.000000000000000056e-01
5.237933642563903369e-01,-8.483661238801561977e-01,7.691184182902027766e-02,5.991034058919326100e+01,8.297022400877659409e-01,5.285464479943748906e-01,1.795350804324134519e-01,4.166900254878933652e+01,-1.929629610943924822e-01,-3.022535632692148477e-02,9.807403955586792010e-01,6.202229116515506036e+01,0.000000000000000000e+00,0.000000000000000000e+00,0.000000000000000000e+00,1.000000000000000056e-01
5.606922575644348594e-01,-8.236033498835878541e-01,8.545006944309566088e-02,6.018681516081067429e+01,8.041047199233916087e-01,5.662133502933957008e-01,1.811575042510030209e-01,4.201497582857030011e+01,-1.975848974598548857e-01,-3.286280587625876881e-02,9.797347826252357228e-01,6.194030619964284057e+01,0.000000000000000000e+00,0.000000000000000000e+00,0.000000000000000000e+00,1.000000000000000056e-01
5.975690914119771158e-01,-7.964063517683869220e-01,9.299518187536699731e-02,6.047181397514329149e+01,7.757163129196166240e-01,6.035666996954822672e-01,1.843134311142275161e-01,4.232122436196527104e+01,-2.029171822676922310e-01,-3.800212996230414864e-02,9.784582031230911747e-01,6.186590842083452912e+01,0.000000000000000000e+00,0.000000000000000000e+00,0.000000000000000000e+00,1.000000000000000056e-01
6.372372007454296661e-01,-7.646038759715808597e-01,9.648659407070207805e-02,6.076866358633915866e+01,7.421514810045016786e-01,6.425718130457791499e-01,1.905587686827479588e-01,4.260608988057056479e+01,-2.077015388218241276e-01,-4.982346764623847568e-02,9.769225623572989070e-01,6.178178226396556028e+01,0.000000000000000000e+00,0.000000000000000000e+00,0.000000000000000000e+00,1.000000000000000056e-01
6.725484014259737187e-01,-7.331672248075826737e-01,1.007197508302862948e-01,6.110235987209689767e+01,7.086100577985219306e-01,6.772310934940486415e-01,1.980652215600470778e-01,4.287892165632739250e+01,-2.134254758133216079e-01,-6.183741968098904751e-02,9.750003588722695458e-01,6.170630413868345698e+01,0.000000000000000000e+00,0.000000000000000000e+00,0.000000000000000000e+00,1.000000000000000056e-01
7.070106086078908891e-01,-6.986140133462619417e-01,1.098838462747310230e-01,6.139421552594408382e+01,6.712614605916802368e-01,7.118323742562462364e-01,2.066463706069852080e-01,4.314946867654135332e+01,-2.225849294993351157e-01,-7.234038510364877717e-02,9.722257031383360060e-01,6.162446173940138294e+01,0.000000000000000000e+00,0.000000000000000000e+00,0.000000000000000000e+00,1.000000000000000056e-01
7.421428447459859079e-01,-6.605487960117114588e-01,1.135750240141457784e-01,6.170904392678558992e+01,6.309660294027047422e-01,7.457050683338368735e-01,2.140229445667283237e-01,4.341491282298913035e+01,-2.260660693959193890e-01,-8.717361498014182530e-02,9.702035318010202580e-01,6.153058903623268350e+01,0.000000000000000000e+00,0.000000000000000000e+00,0.000000000000000000e+00,1.000000000000000056e-01
7.748122509288273285e-01,-6.207631160311390950e-01,1.196625655161815127e-01,6.207006387074827813e+01,5.884054799147346859e-01,7.773292167772597461e-01,2.225719657790771189e-01,4.365724809631883119e+01,-2.311816753484468856e-01,-1.020413765085635277e-01,9.675446193655995453e-01,6.143346387562458943e+01,0.000000000000000000e+00,0.000000000000000000e+00,0.000000000000000000e+00,1.000000000000000056e-01
8.088346539728671347e-01,-5.751345581882804092e-01,1.225020102290727692e-01,6.241958832919261368e+01,5.412017001239967096e-01,8.095544673223697973e-01,2.274253376853371811e-01,4.386466001015192262e+01,-2.299722207473933744e-01,-1.176511981068007473e-01,9.660595081404388385e-01,6.132905527395429601e+01,0.000000000000000000e+00,0.000000000000000000e+00,0.000000000000000000e+00,1.000000000000000056e-01
8.397206712631766212e-01,-5.279922932754663734e-01,1.268594990335127626e-01,6.282849770348752116e+01,4.920671385168060574e-01,8.386740617423367183e-01,2.334432465343420082e-01,4.406735674355467580e+01,-2.296500064123715157e-01,-1.336037289985767540e-01,9.640596030082748680e-01,6.124680079395574950e+01,0.000000000000000000e+00,0.000000000000000000e+00,0.000000000000000000e+00,1.000000000000000056e-01
8.680544018401883388e-01,-4.790762876458312669e-01,1.302592263962961405e-01,6.319598872842621518e+01,4.405689448864405500e-01,8.642799056427009630e-01,2.427328768500312539e-01,4.427527011361319609e+01,-2.288679974297877784e-01,-1.533171722858618358e-01,9.613081110834059695e-01,6.114939710468168954e+01,0.000000000000000000e+00,0.000000000000000000e+00,0.000000000000000000e+00,1.000000000000000056e-01
8.959531758258371115e-01,-4.237797372891041192e-01,1.329610506530932990e-01,6.361660945720260685e+01,3.829923686264835592e-01,8.887481619617327855e-01,2.518800313314201733e-01,4.444073156226552612e+01,-2.249105428864381084e-01,-1.747496462738032108e-01,9.585811435792529478e-01,6.105761033223305390e+01,0.000000000000000000e+00,0.000000000000000000e+00,0.000000000000000000e+00,1.000000000000000056e-01
9.200597748440365597e-01,-3.686368549752422341e-01,1.326532316526928823e-01,6.406158096524733025e+01,3.267285628143757892e-01,9.088165428395172940e-01,2.594242427038774279e-01,4.457250844023791814e+01,-2.161907883217812354e-01,-1.953442106006474110e-01,9.566097336059343759e-01,6.097374726979916915e+01,0.000000000000000000e+00,0.000000000000000000e+00,0.000000000000000000e+00,1.000000000000000056e-01
9.405091668592385767e-01,-3.125087498042400380e-01,1.333446224994916107e-01,6.446273356520944731e+01,2.698048477629543251e-01,9.254632447440466203e-01,2.659382010005895136e-01,4.468365501140284834e+01,-2.065135617274324320e-01,-2.141402902856252011e-01,9.547230409385949468e-01,6.087637729270889508e+01,0.000000000000000000e+00,0.000000000000000000e+00,0.000000000000000000e+00,1.000000000000000056e-01
9.569048229501233571e-01,-2.580203522685927675e-01,1.332616134900987404e-01,6.485855368316381941e+01,2.151413705641203322e-01,9.380918843795031936e-01,2.714734004154085167e-01,4.479684932527304397e+01,-1.950573005211161393e-01,-2.311041199903285104e-01,9.531755007536182323e-01,6.080086244305338994e+01,0.000000000000000000e+00,0.000000000000000000e+00,0.000000000000000000e+00,1.000000000000000056e-01
9.698086942160603074e-01,-2.042338695726020059e-01,1.332652360608028441e-01,6.528229899078067433e+01,1.607647691558406755e-01,9.463355701767943717e-01,2.803634741125005658e-01,4.486577928027285367e+01,-1.833733503571589873e-01,-2.504745798231087783e-01,9.505980744990112363e-01,6.071926316100805110e+01,0.000000000000000000e+00,0.000000000000000000e+00,0.000000000000000000e+00,1.000000000000000056e-01
9.787793869903264055e-01,-1.552677575048830583e-01,1.337267179072518242e-01,6.572346514061138123e+01,1.112693417614822738e-01,9.507066869136806542e-01,2.894407176635299672e-01,4.493368057781162150e+01,-1.720756960956640325e-01,-2.684189243272866454e-01,9.478086493993262973e-01,6.063519909442578637e+01,0.000000000000000000e+00,0.000000000000000000e+00,0.000000000000000000e+00,1.000000000000000056e-01
9.854242001222939251e-01,-1.020128421694826981e-01,1.361342199663309604e-01,6.618574288257673288e+01,5.753191099604976211e-02,9.529428822764508533e-01,2.976406261513925844e-01,4.499428248315577861e+01,-1.600913021699797989e-01,-2.854702141225151091e-01,9.449219712856535835e-01,6.055241082728839785e+01,0.000000000000000000e+00,0.000000000000000000e+00,0.000000000000000000e+00,1.000000000000000056e-01
9.888462255100500808e-01,-5.241318817282580866e-02,1.394130553430596720e-01,6.664770509033283474e+01,7.275473310739057065e-03,9.519155707720625692e-01,3.062740824976920573e-01,4.499032915667284271e+01,-1.487622592683769118e-01,-3.018436744860795162e-01,9.416794499138811947e-01,6.048867828032141603e+01,0.000000000000000000e+00,0.000000000000000000e+00,0.000000000000000000e+00,1.000000000000000056e-01
9.896695798046521997e-01,-7.241387269004723182e-03,1.431840952051008364e-01,6.712127353189953283e+01,-3.787397731405073992e-02,9.500382662220281382e-01,3.098271365717625847e-01,4.496977645984654970e+01,-1.382739478415867529e-01,-3.120494432365857329e-01,9.399497115931463309e-01,6.042883186395108197e+01,0.000000000000000000e+00,0.000000000000000000e+00,0.000000000000000000e+00,1.000000000000000056e-01
9.881895382653212989e-01,4.188562230148108051e-02,1.474009196287074663e-01,6.765275132899104449e+01,-8.700240187139290926e-02,9.452012332819599294e-01,3.146827142867408833e-01,4.491024825229063566e+01,-1.261428497045300190e-01,-3.237904001768422413e-01,9.376821200288191216e-01,6.036844247918792661e+01,0.000000000000000000e+00,0.000000000000000000e+00,0.000000000000000000e+00,1.000000000000000056e-01
9.853837382386818611e-01,8.215180138812178123e-02,1.492312632910663683e-01,6.818967819182803680e+01,-1.268879194734575944e-01,9.384636045543527372e-01,3.212250283190100086e-01,4.483096540672712393e+01,-1.136588945329767009e-01,-3.354655637402117474e-01,9.351708460158516534e-01,6.032418137941359504e+01,0.000000000000000000e+00,0.000000000000000000e+00,0.000000000000000000e+00,1.000000000000000056e-01
9.812700958137354768e-01,1.212734532705304069e-01,1.496721369979823746e-01,6.876014439374844756e+01,-1.652471170097920550e-01,9.292444486127240388e-01,3.304514261466978686e-01,4.471587362736750038e+01,-9.900701683039654644e-02,-3.489949917323670325e-01,9.318798776473664613e-01,6.029163947371691279e+01,0.000000000000000000e+00,0.000000000000000000e+00,0.000000000000000000e+00,1.000000000000000056e-01
9.762306064351332635e-01,1.576101467783079524e-01,1.487711151124843922e-01,6.933238488482082573e+01,-1.998894130682568882e-01,9.200629298256213229e-01,3.369397983378064065e-01,4.459947682097529764e+01,-8.377365697234198660e-02,-3.586687145447928771e-01,9.296981916752695696e-01,6.023655553207665747e+01,0.000000000000000000e+00,0.000000000000000000e+00,0.000000000000000000e+00,1.000000000000000056e-01
9.712477397368871612e-01,1.868165480696986624e-01,1.475716958746153828e-01,6.988699822064029377e+01,-2.273126164716792741e-01,9.119397149833419203e-01,3.416063972306437879e-01,4.446472691293792678e+01,-7.075876234635004869e-02,-3.653293494963457677e-01,9.281851452958023163e-01,6.018416351333421943e+01,0.000000000000000000e+00,0.000000000000000000e+00,0.000000000000000000e+00,1.000000000000000056e-01
9.656911338175403481e-01,2.128131857525891735e-01,1.488327317360911839e-01,7.044998987239786459e+01,-2.525341984254516614e-01,9.031880821303328588e-01,3.470990736423041345e-01,4.430504782566587352e+01,-6.055668990134722984e-02,-3.727758525810987433e-01,9.259433303613278099e-01,6.014498861507041028e+01,0.000000000000000000e+00,0.000000000000000000e+00,0.000000000000000000e+00,1.000000000000000056e-01
9.602759171794237325e-01,2.347602513151662851e-01,1.508568436885002750e-01,7.106487694404231092e+01,-2.739988055884630125e-01,8.956449516048982096e-01,3.503495043535171938e-01,4.409964559945618845e+01,-5.286603277447889798e-02,-3.777667866119247542e-01,9.243903058295172004e-01,6.013108512409887396e+01,0.000000000000000000e+00,0.000000000000000000e+00,0.000000000000000000e+00,1.000000000000000056e-01
9.554880186761373073e-01,2.528775823069437934e-01,1.519722821206034302e-01,7.168936926394283660e+01,-2.915057352068930463e-01,8.885696071039250743e-01,3.542152730652149972e-01,4.391739098530731411e+01,-4.546484914566596008e-02,-3.827492412765451379e-01,9.227328788952905425e-01,6.010280965289312860e+01,0.000000000000000000e+00,0.000000000000000000e+00,0.000000000000000000e+00,1.000000000000000056e-01
9.502390936321429837e-01,2.706667677542812234e-01,1.542244006848897953e-01,7.233773549293420047e+01,-3.091969429644619849e-01,8.798250369821082328e-01,3.609780530182729597e-01,4.371419831598274897e+01,-3.798572619543713613e-02,-3.907011711434735246e-01,9.197334828484409197e-01,6.008198816115019270e+01,0.000000000000000000e+00,0.000000000000000000e+00,0.000000000000000000e+00,1.000000000000000056e-01
9.464238851528019580e-01,2.832247617281065666e-01,1.551307962860152267e-01,7.298805802822866440e+01,-3.213655801344815210e-01,8.732356161140788497e-01,3.663109644205223558e-01,4.349010789164305635e+01,-3.171740085669083609e-02,-3.965391444661199305e-01,9.174697343176905218e-01,6.006186810587070823e+01,0.000000000000000000e+00,0.000000000000000000e+00,0.000000000000000000e+00,1.000000000000000056e-01
9.432570399977387998e-01,2.922802656501988783e-01,1.576020393464290237e-01,7.364771719789573012e+01,-3.308440219305860963e-01,8.678379275288139461e-01,3.706744726782342791e-01,4.326336395376327459e+01,-2.843219385657787257e-02,-4.017829984630290063e-01,9.152934133372531145e-01,6.005303349659893541e+01,0.000000000000000000e+00,0.000000000000000000e+00,0.000000000000000000e+00,1.000000000000000056e-01
9.387709059187135940e-01,3.032028533694814953e-01,1.636374526481104430e-01,7.430216242421577988e+01,-3.434312549939636527e-01,8.615768961574488127e-01,3.738184386851025054e-01,4.302068222105884843e+01,-2.764343129622290340e-02,-4.071280900604886122e-01,9.129526597747934513e-01,6.004701923637380645e+01,0.000000000000000000e+00,0.000000000000000000e+00,0.000000000000000000e+00,1.000000000000000056e-01
9.360848310990927956e-01,3.091824192868587451e-01,1.677838508024774300e-01,7.495082241053675887e+01,-3.507825181649991686e-01,8.562179102089961802e-01,3.792657579945246660e-01,4.278656245243517731e+01,-2.639723349150387144e-02,-4.138805647058875214e-01,9.099483854717973497e-01,6.003516625321881861e+01,0.000000000000000000e+00,0.000000000000000000e+00,0.000000000000000000e+00,1.000000000000000056e-01
9.337695663690676051e-01,3.151211905639775823e-01,1.696261541757777824e-01,7.565381442156005676e+01,-3.571954113638219352e-01,8.498482261013311501e-01,3.875170069726627253e-01,4.250025698094004412e+01,-2.204166562566101106e-02,-4.224412714803822966e-01,9.061222528591186265e-01,6.003461919199948937e+01,0.000000000000000000e+00,0.000000000000000000e+00,0.000000000000000000e+00,1.000000000000000056e-01
9.312799855175015740e-01,3.227312843750324567e-01,1.690032741107815595e-01,7.633814186880096031e+01,-3.639590408681496192e-01,8.444150161999115500e-01,3.930611873314889815e-01,4.225375387814960959e+01,-1.585576062062704628e-02,-4.275602863944980569e-01,9.038477727766972558e-01,6.002216245478113166e+01,0.000000000000000000e+00,0.000000000000000000e+00,0.000000000000000000e+00,1.000000000000000056e-01
9.286422902621941367e-01,3.323498627266466832e-01,1.648243473585317975e-01,7.704871505909929397e+01,-3.709169624142759636e-01,8.397711772776680350e-01,3.964908281499662790e-01,4.195787695094330871e+01,-6.641063917281822548e-03,-4.293342969752808047e-01,9.031212309046821041e-01,6.002928893576059721e+01,0.000000000000000000e+00,0.000000000000000000e+00,0.000000000000000000e+00,1.000000000000000056e-01
9.270449989026396942e-01,3.387666591923983450e-01,1.607007175753307482e-01,7.780617729264639593e+01,-3.749366187262738181e-01,8.339201489754782815e-01,4.049687853042810426e-01,4.165148330111775010e+01,3.178356133848814213e-03,-4.356768708025909875e-01,9.000975293266552102e-01,6.004616494282937822e+01,0.000000000000000000e+00,0.000000000000000000e+00,0.000000000000000000e+00,1.000000000000000056e-01
9.272301066920000112e-01,3.404914461923638225e-01,1.559163375460538015e-01,7.861022565647397187e+01,-3.743682095767000284e-01,8.320585212788774720e-01,4.093006973186631425e-01,4.130710150918277890e+01,9.631869095786699253e-03,-4.378860493747666061e-01,8.989788845466177847e-01,6.006634401992909744e+01,0.000000000000000000e+00,0.000000000000000000e+00,0.000000000000000000e+00,1.000000000000000056e-01
9.267583738714394448e-01,3.402315202012295425e-01,1.592527209209487482e-01,7.943645499402904875e+01,-3.755463267776463776e-01,8.287758280892175700e-01,4.148440468644196688e-01,4.094258707585427715e+01,9.158215054391266596e-03,-4.442669686535247742e-01,8.958476364094652977e-01,6.009958080760198129e+01,0.000000000000000000e+00,0.000000000000000000e+00,0.000000000000000000e+00,1.000000000000000056e-01
9.255412701036257461e-01,3.414685333113737786e-01,1.636233421402536470e-01,8.032653792208704147e+01,-3.785367607432111314e-01,8.240080591630869478e-01,4.215692578928397216e-01,4.055980394508834763e+01,9.125683591064123745e-03,-4.521171963025315543e-01,8.919118581488497677e-01,6.012076455801302188e+01,0.000000000000000000e+00,0.000000000000000000e+00,0.000000000000000000e+00,1.000000000000000056e-01
9.262295961788157284e-01,3.368106588605709328e-01,1.692847164995592013e-01,8.124150667872015674e+01,-3.769324522927498533e-01,8.221035319291019050e-01,4.266939291790662891e-01,4.017286322487389327e+01,4.545500082702741418e-03,-4.590254490413405164e-01,8.884114899985219305e-01,6.014884292193071502e+01,0.000000000000000000e+00,0.000000000000000000e+00,0.000000000000000000e+00,1.000000000000000056e-01
9.242052037559151945e-01,3.381071475429199280e-01,1.775620965490032344e-01,8.218821975211245956e+01,-3.818962426176750746e-01,8.181911068118421504e-01,4.297889861414722068e-01,3.981188670039716726e+01,3.499984639655784324e-05,-4.650235150123086525e-01,8.852983278311373772e-01,6.014741532722405282e+01,0.000000000000000000e+00,0.000000000000000000e+00,0.000000000000000000e+00,1.000000000000000056e-01
9.238956264250984818e-01,3.344542463244065122e-01,1.858957465574400392e-01,8.313089531995687764e+01,-3.826010128621390449e-01,8.147786740069981049e-01,4.356055295106608938e-01,3.942972380231925911e+01,-5.773770816379864002e-03,-4.735779444811288874e-01,8.807329868192679267e-01,6.015127618834253553e+01,0.000000000000000000e+00,0.000000000000000000e+00,0.000000000000000000e+00,1.000000000000000056e-01
9.248090681667570090e-01,3.317535498785796344e-01,1.861928290227508609e-01,8.403341439387712342e+01,-3.804116054873568631e-01,8.114483487860030264e-01,4.436649497796741337e-01,3.905899495946045619e+01,-3.898441620197187762e-03,-4.811352818027690437e-01,8.766376918416775021e-01,6.014741949523608611e+01,0.000000000000000000e+00,0.000000000000000000e+00,0.000000000000000000e+00,1.000000000000000056e-01
9.264778908161417359e-01,3.276173691491089945e-01,1.852176483510409866e-01,8.488902556157465540e+01,-3.763491369012219590e-01,8.067894996385984729e-01,4.554690224665176590e-01,3.871376143685510129e+01,-2.120909679773352874e-04,-4.916884813626574147e-01,8.707711480708952845e-01,6.015201812589407382e+01,0.000000000000000000e+00,0.000000000000000000e+00,0.000000000000000000e+00,1.000000000000000056e-01
9.283735839621292119e-01,3.250964218715687304e-01,1.800966548484856378e-01,8.579787795524073601e+01,-3.716123063655920600e-01,8.052607990444808905e-01,4.620166006540128434e-01,3.833797714105989485e+01,5.175167529355415019e-03,-4.958501406761394170e-01,8.683926851560277438e-01,6.016727301169148490e+01,0.000000000000000000e+00,0.000000000000000000e+00,0.000000000000000000e+00,1.000000000000000056e-01
9.293516934124317341e-01,3.229242623625162012e-01,1.789562816138908774e-01,8.675766950622947604e+01,-3.691349546293772321e-01,8.039530105294119267e-01,4.662605946586768080e-01,3.794598065642117035e+01,6.694417242224554032e-03,-4.993790921117144399e-01,8.663577246954440314e-01,6.020358576034023912e+01,0.000000000000000000e+00,0.000000000000000000e+00,0.000000000000000000e+00,1.000000000000000056e-01
9.307871880047566826e-01,3.162810874366675518e-01,1.833070767212136576e-01,8.767172019444494424e+01,-3.655585649787028157e-01,8.032941425853026285e-01,4.701972522876490812e-01,3.760853856461030631e+01,1.464997238685136760e-03,-5.046630501810318581e-01,8.633151565709176190e-01,6.021300837626208846e+01,0.000000000000000000e+00,0.000000000000000000e+00,0.000000000000000000e+00,1.000000000000000056e-01
9.305340616997702652e-01,3.152940938347443822e-01,1.862686082233274976e-01,8.863728915048901058e+01,-3.662023246241152830e-01,7.990927393216760155e-01,4.768088206013748054e-01,3.727055378016139287e+01,1.489112629108835240e-03,-5.118988458243555195e-01,8.590444424983323390e-01,6.021879382942711345e+01,0.000000000000000000e+00,0.000000000000000000e+00,0.000000000000000000e+00,1.000000000000000056e-01
9.320679930887595388e-01,3.073125193304048208e-01,1.918548193877121499e-01,8.956616288631562384e+01,-3.622355005988430188e-01,7.991471864905168587e-01,4.797386959900114545e-01,3.690928520216840525e+01,-5.890531843362842301e-03,-5.166457101216370695e-01,8.561790185746855908e-01,6.021332664457456474e+01,0.000000000000000000e+00,0.000000000000000000e+00,0.000000000000000000e+00,1.000000000000000056e-01
9.332067301251776303e-01,3.002155862025532307e-01,1.974735441777740741e-01,9.050270938863980064e+01,-3.591303284778457061e-01,7.979738480693054914e-01,4.840073811057634123e-01,3.657746031949954357e+01,-1.227216429439305367e-02,-5.225976842644085574e-01,8.524910875692537360e-01,6.022197857269225096e+01,0.000000000000000000e+00,0.000000000000000000e+00,0.000000000000000000e+00,1.000000000000000056e-01
9.349430610997302438e-01,2.914193186282209580e-01,2.023765135378349789e-01,9.144281017934486044e+01,-3.543056762189650821e-01,7.968986956308656833e-01,4.893055862146342139e-01,3.622138296510149758e+01,-1.868047912897201346e-02,-5.291760100685672930e-01,8.483064246293456900e-01,6.021028021977178923e+01,0.000000000000000000e+00,0.000000000000000000e+00,0.000000000000000000e+00,1.000000000000000056e-01
9.369131706727867881e-01,2.856749994909293933e-01,2.014534816917368520e-01,9.236643646685787701e+01,-3.490962027396888323e-01,7.944055913988632422e-01,4.970428528677907631e-01,3.588197626750061886e+01,-1.804305552270804580e-02,-5.360126407278840155e-01,8.440171189776453087e-01,6.021883279998039740e+01,0.000000000000000000e+00,0.000000000000000000e+00,0.000000000000000000e+00,1.000000000000000056e-01
9.421594559110778588e-01,2.698114830457938873e-01,1.988399438090120708e-01,9.327661161002258439e+01,-3.345527933000659870e-01,7.929037257836610841e-01,5.092917730864225945e-01,3.562317563563523493e+01,-2.024816368130988309e-02,-5.463565184520251528e-01,8.373079281916042671e-01,6.015485294776173930e+01,0.000000000000000000e+00,0.000000000000000000e+00,0.000000000000000000e+00,1.000000000000000056e-01
9.441451057793373014e-01,2.629805442307990293e-01,1.985730409421094245e-01,9.426062442170145061e+01,-3.288549205477006576e-01,7.904809432303623318e-01,5.167149307124794255e-01,3.530417860870620217e+01,-2.108223101309261716e-02,-5.531555945172295097e-01,8.328111597413911937e-01,6.014959397053929280e+01,0.000000000000000000e+00,0.000000000000000000e+00,0.000000000000000000e+00,1.000000000000000056e-01
9.456979293354051963e-01,2.554599402079361647e-01,2.009866796573461789e-01,9.522413023378426544e+01,-3.239311999297441735e-01,7.918749369000611660e-01,5.176897352870737379e-01,3.496181593569560420e+01,-2.690732544871571319e-02,-5.546839670104788400e-01,8.316259330845299225e-01,6.013673583475731732e+01,0.000000000000000000e+00,0.000000000000000000e+00,0.000000000000000000e+00,1.000000000000000056e-01
9.464941626475369407e-01,2.463425018239667197e-01,2.084806270837817332e-01,9.621406843995855240e+01,-3.206647695761937755e-01,7.906914425470370489e-01,5.215181187988889855e-01,3.461732447031319282e+01,-3.637176964053925876e-02,-5.604662474029943331e-01,8.273781964103362752e-01,6.012081588683307132e+01,0.000000000000000000e+00,0.000000000000000000e+00,0.000000000000000000e+00,1.000000000000000056e-01
9.466989142421795567e-01,2.417566571034467648e-01,2.128729304511141063e-01,9.716398778703765515e+01,-3.195991434558831390e-01,7.874660746623696195e-01,5.270233095016815250e-01,3.428810158386571771e+01,-4.021881742349275868e-02,-5.669664011226819289e-01,8.227584984204355800e-01,6.010474645620394085e+01,0.000000000000000000e+00,0.000000000000000000e+00,0.000000000000000000e+00,1.000000000000000056e-01
9.484312988104514064e-01,2.349248396314567722e-01,2.128106932483763425e-01,9.804109964930498222e+01,-3.142633381322409991e-01,7.846313822916104463e-01,5.344082224565200878e-01,3.401215944639572797e+01,-4.143218245157956336e-02,-5.737280833698930049e-01,8.179972253070348920e-01,6.007656109031626812e+01,0.000000000000000000e+00,0.000000000000000000e+00,0.000000000000000000e+00,1.000000000000000056e-01
9.494677256328653003e-01,2.321458972461588610e-01,2.112328581763022184e-01,9.892787671429449858e+01,-3.114622683099304012e-01,7.799961723603299202e-01,5.427681148727028226e-01,3.372588582517010991e+01,-3.875942983051834656e-02,-5.811318727234038306e-01,8.128858795084354938e-01,6.004993457486190778e+01,0.000000000000000000e+00,0.000000000000000000e+00,0.000000000000000000e+00,1.000000000000000056e-01
9.506969409359036227e-01,2.303719345152270281e-01,2.076152650525172616e-01,9.979683332349411273e+01,-3.081686195975122389e-01,7.767838359265402115e-01,5.492166914238983955e-01,3.345045693419140065e+01,-3.474807031302377947e-02,-5.861191380862441624e-01,8.094794176373846240e-01,6.002537202078958245e+01,0.000000000000000000e+00,0.000000000000000000e+00,0.000000000000000000e+00,1.000000000000000056e-01
9.518238865108997748e-01,2.285437985437805131e-01,2.044480892903275115e-01,1.007140500345172001e+02,-3.051128336932447116e-01,7.724236412262861506e-01,5.570169451555347928e-01,3.315762565084564528e+01,-3.061776907229313283e-02,-5.925617694569110805e-01,8.049429182216154555e-01,6.000414913851724208e+01,0.000000000000000000e+00,0.000000000000000000e+00,0.000000000000000000e+00,1.000000000000000056e-01
9.529409405955738821e-01,2.246377627471057847e-01,2.035717055113452079e-01,1.016566135290544963e+02,-3.016346007172582278e-01,7.697736967656243490e-01,5.625522406123051322e-01,3.287346273215818115e+01,-3.033366754883146110e-02,-5.974833314124836647e-01,8.013073925138075593e-01,5.996703105129258660e+01,0.000000000000000000e+00,0.000000000000000000e+00,0.000000000000000000e+00,1.000000000000000056e-01
9.525440093940162889e-01,2.243739912342706810e-01,2.057090718105927252e-01,1.026154066800017688e+02,-3.028688056626782643e-01,7.663032518642214352e-01,5.666125772860873822e-01,3.255254692035584441e+01,-3.050240521721180043e-02,-6.020262770344190217e-01,7.978934546893100554e-01,5.994365974131650887e+01,0.000000000000000000e+00,0.000000000000000000e+00,0.000000000000000000e+00,1.000000000000000056e-01
9.518341091470305937e-01,2.237462944707726276e-01,2.096411800550571081e-01,1.035334868344521198e+02,-3.047517859206481661e-01,7.655997481695906437e-01,5.665539467525001482e-01,3.223438700281450764e+01,-3.373688845246423929e-02,-6.031538952151910271e-01,7.969110370952885436e-01,5.994352753197742345e+01,0.000000000000000000e+00,0.000000000000000000e+00,0.000000000000000000e+00,1.000000000000000056e-01
9.510356003914193224e-01,2.267821560327917541e-01,2.100027154425656017e-01,1.044207647346483867e+02,-3.076646424380961031e-01,7.595836850850266053e-01,5.730402194838418728e-01,3.196408112846711447e+01,-2.955934000567637943e-02,-6.095920595429124011e-01,7.921639769395344421e-01,5.991764716412758673e+01,0.000000000000000000e+00,0.000000000000000000e+00,0.000000000000000000e+00,1.000000000000000056e-01
9.513799135054579192e-01,2.220933966911695090e-01,2.134262948292132700e-01,1.053022066782030208e+02,-3.063752054202010799e-01,7.538246170114486500e-01,5.812767673761549680e-01,3.169141152348167978e+01,-3.178826327557117415e-02,-6.184035655894311034e-01,7.852175089643641526e-01,5.990249185301097867e+01,0.000000000000000000e+00,0.000000000000000000e+00,0.000000000000000000e+00,1.000000000000000056e-01
9.521737026216472444e-01,2.197772822421387717e-01,2.122809135227235466e-01,1.062208555776583694e+02,-3.039856575202676270e-01,7.517165853955219967e-01,5.852477212798589123e-01,3.139494014860562743e+01,-3.095092983665172215e-02,-6.217878427981332612e-01,7.825739060885499310e-01,5.989660288081577022e+01,0.000000000000000000e+00,0.000000000000000000e+00,0.000000000000000000e+00,1.000000000000000056e-01
9.539188982355557567e-01,2.148471281003229982e-01,2.094742159219289135e-01,1.071341123956157588e+02,-2.986175797886747030e-01,7.481898085787518360e-01,5.924859081700130092e-01,3.111482368411539312e+01,-2.943257770257309835e-02,-6.277361881283681777e-01,7.778695272883801026e-01,5.988547530043098277e+01,0.000000000000000000e+00,0.000000000000000000e+00,0.000000000000000000e+00,1.000000000000000056e-01
9.560734934498947846e-01,2.053497739736758199e-01,2.091768281896304316e-01,1.080903764849580568e+02,-2.912888123115331407e-01,7.453687921692834228e-01,5.996467222308815570e-01,3.082135267117665123e+01,-3.277656090333946892e-02,-6.342372064055087355e-01,7.724434368070491885e-01,5.987621400412492534e+01,0.000000000000000000e+00,0.000000000000000000e+00,0.000000000000000000e+00,1.000000000000000056e-01
9.568431045765003473e-01,1.984881634448304732e-01,2.122586210185647138e-01,1.090137306199797536e+02,-2.879918300139238108e-01,7.453942623469014261e-01,6.012055384854252393e-01,3.055545777678834440e+01,-3.888417505407118502e-02,-6.363881226363493626e-01,7.703883295440989709e-01,5.985299005848393961e+01,0.000000000000000000e+00,0.000000000000000000e+00,0.000000000000000000e+00,1.000000000000000056e-01
9.572681956511045476e-01,1.932493405750346227e-01,2.151564406709519650e-01,1.099974822927644738e+02,-2.857743341558304229e-01,7.462790340334417571e-01,6.011660613340583659e-01,3.026490364533810151e+01,-4.439179578109393731e-02,-6.369633393920151043e-01,7.696148859903259032e-01,5.984063163005726693e+01,0.000000000000000000e+00,0.000000000000000000e+00,0.000000000000000000e+00,1.000000000000000056e-01
9.578212022260670366e-01,1.859581825498730079e-01,2.190846843322454551e-01,1.109624356280239397e+02,-2.830148268802332723e-01,7.425895214267879130e-01,6.070118700924107547e-01,3.000791790791669911e+01,-4.981116674163674207e-02,-6.434130531858071045e-01,7.638969110148008390e-01,5.979368918484245654e+01,0.000000000000000000e+00,0.000000000000000000e+00,0.000000000000000000e+00,1.000000000000000056e-01
9.585987757942169285e-01,1.818954535566990049e-01,2.190945709533472785e-01,1.118589175836555398e+02,-2.803573136990465398e-01,7.376296746907049506e-01,6.142493302162723712e-01,2.974609183591425676e+01,-4.988149658222969240e-02,-6.502434213362620063e-01,7.580866238812220548e-01,5.976167371724509536e+01,0.000000000000000000e+00,0.000000000000000000e+00,0.000000000000000000e+00,1.000000000000000056e-01
9.603867412286848371e-01,1.707687380675667055e-01,2.202165874110258992e-01,1.127414677524545823e+02,-2.729735440845648120e-01,7.354640602313757825e-01,6.201435804214145975e-01,2.950149028697695996e+01,-5.606024885834326454e-02,-6.556909746266073036e-01,7.529452797455805646e-01,5.972856293846542286e+01,0.000000000000000000e+00,0.000000000000000000e+00,0.000000000000000000e+00,1.000000000000000056e-01
9.623432806196496880e-01,1.566909336103898820e-01,2.221336569962205632e-01,1.136347049424892077e+02,-2.639316370629614106e-01,7.342133272248676512e-01,6.255164914553850153e-01,2.927285343702339304e+01,-6.508072835698285041e-02,-6.605896922066631927e-01,7.479209566169613410e-01,5.965664637193826536e+01,0.000000000000000000e+00,0.000000000000000000e+00,0.000000000000000000e+00,1.000000000000000056e-01
9.626429088745032114e-01,1.512159473260104858e-01,2.246160441017786280e-01,1.145602616130472029e+02,-2.617801011269185740e-01,7.317629932321241260e-01,6.292806213367312385e-01,2.903803568293494308e+01,-6.920844347054203038e-02,-6.645725385616376713e-01,7.440117823946912345e-01,5.961083421450528164e+01,0.000000000000000000e+00,0.000000000000000000e+00,0.000000000000000000e+00,1.000000000000000056e-01
9.644283469335948045e-01,1.412790731869841276e-01,2.234237836721070514e-01,1.154843267583111839e+02,-2.538252962242367183e-01,7.309842668565481594e-01,6.334309122586877505e-01,2.882031221606390758e+01,-7.382873849397794674e-02,-6.676093356803974865e-01,7.408421507208983181e-01,5.953622581134018787e+01,0.000000000000000000e+00,0.000000000000000000e+00,0.000000000000000000e+00,1.000000000000000056e-01
9.655711701297730043e-01,1.345187677032771978e-01,2.226589691654319025e-01,1.163843492403875359e+02,-2.483273057774907921e-01,7.316155092749201394e-01,6.348797490814237499e-01,2.859498473527472484e+01,-7.749751363439724705e-02,-6.683138841322922019e-01,7.398315265359374227e-01,5.947848944690978357e+01,0.000000000000000000e+00,0.000000000000000000e+00,0.000000000000000000e+00,1.000000000000000056e-01
9.657756374600876548e-01,1.320591655003474918e-01,2.232438014725454112e-01,1.172070274614482628e+02,-2.485395289848295330e-01,7.173747931944435274e-01,6.508467627800177402e-01,2.849368025734134235e+01,-7.419919555197691807e-02,-6.840568564794752282e-01,7.256450209867482126e-01,5.934767339608652037e+01,0.000000000000000000e+00,0.000000000000000000e+00,0.000000000000000000e+00,1.000000000000000056e-01
9.676434178421754462e-01,1.210136057254659891e-01,2.214089499908132586e-01,1.180155654652760973e+02,-2.395061494962935633e-01,7.166076636866994809e-01,6.550650812697539349e-01,2.830516545324264399e+01,-7.939156290294366314e-02,-6.868982192252442998e-01,7.224041916856631662e-01,5.927985321200894475e+01,0.000000000000000000e+00,0.000000000000000000e+00,0.000000000000000000e+00,1.000000000000000056e-01
9.691200907031316536e-01,1.098050768702564378e-01,2.207919719760457200e-01,1.188519468786113720e+02,-2.316520035980542125e-01,7.123015125140241821e-01,6.625435114007538484e-01,2.809514059669540842e+01,-8.451981439024204568e-02,-6.932311305500862275e-01,7.157422724778021994e-01,5.923037292313276936e+01,0.000000000000000000e+00,0.000000000000000000e+00,0.000000000000000000e+00,1.000000000000000056e-01
9.702823931509541033e-01,1.022196146223288554e-01,2.193244809129155648e-01,1.196310766028753676e+02,-2.258703603549637728e-01,7.077484581962003585e-01,6.693838213118240565e-01,2.794143262796227489e+01,-8.680240696188147587e-02,-6.990302356174328269e-01,7.098042489575983049e-01,5.915616875054147528e+01,0.000000000000000000e+00,0.000000000000000000e+00,0.000000000000000000e+00,1.000000000000000056e-01
9.706150709214391714e-01,9.429357203064213377e-02,2.213935554027526009e-01,1.203725848386404635e+02,-2.225014514513559694e-01,7.020708407484411717e-01,6.764537224916550295e-01,2.777846819492598840e+01,-9.164872177073427051e-02,-7.058365652503978405e-01,7.024209955242735059e-01,5.909134018547833023e+01,0.000000000000000000e+00,0.000000000000000000e+00,0.000000000000000000e+00,1.000000000000000056e-01
9.716902828809275139e-01,8.606738973438102236e-02,2.200236318650640732e-01,1.211331535985540597e+02,-2.165083555465512066e-01,6.971377557185709506e-01,6.834640308971660083e-01,2.762017561818340283e+01,-9.456281580680242493e-02,-7.117523122378910383e-01,6.960362920787281915e-01,5.902127660330951642e+01,0.000000000000000000e+00,0.000000000000000000e+00,0.000000000000000000e+00,1.000000000000000056e-01
9.722735730365417162e-01,7.864876576672691355e-02,2.202236835994872410e-01,1.218587375417657626e+02,-2.124206024394222903e-01,6.908336644487287348e-01,6.911051553299355499e-01,2.746960741479897550e+01,-9.778336685770971926e-02,-7.187233262582423121e-01,6.883859335127779921e-01,5.896272981041483519e+01,0.000000000000000000e+00,0.000000000000000000e+00,0.000000000000000000e+00,1.000000000000000056e-01
9.723626834596220680e-01,7.275103458988577132e-02,2.218515241807095806e-01,1.225593750968387781e+02,-2.103985657606778081e-01,6.849474365274723642e-01,6.975524730945291685e-01,2.732299263071811524e+01,-1.012089686789291038e-01,-7.249512370915339732e-01,6.813240407459596470e-01,5.890471043872854295e+01,0.000000000000000000e+00,0.000000000000000000e+00,0.000000000000000000e+00,1.000000000000000056e-01
9.730348718656315343e-01,6.519839498576193715e-02,2.212516834392781462e-01,1.232081440461192017e+02,-2.053774605022678224e-01,6.815157995409912850e-01,7.023932756608954886e-01,2.719407880017847390e+01,-1.049916037170277039e-01,-7.288932598585913247e-01,6.765289194717715171e-01,5.884433048723781212e+01,0.000000000000000000e+00,0.000000000000000000e+00,0.000000000000000000e+00,1.000000000000000056e-01
9.738719845974782574e-01,6.430089396076424380e-02,2.178043908005889984e-01,1.238317361975856414e+02,-2.030394571161948936e-01,6.761444428889671343e-01,7.082398401702132418e-01,2.706092297926280210e+01,-1.017267736150616469e-01,-7.339578239832413864e-01,6.715337490727143477e-01,5.879079643773948760e+01,0.000000000000000000e+00,0.000000000000000000e+00,0.000000000000000000e+00,1.000000000000000056e-01
9.737753321328916911e-01,6.142913035324799875e-02,2.190617823206961468e-01,1.244422855195244466e+02,-2.028213577765916598e-01,6.706299338854100345e-01,7.135257448799661173e-01,2.695277546155925208e+01,-1.030781226019187591e-01,-7.392441773331017707e-01,6.655020262328054104e-01,5.874763985014453738e+01,0.000000000000000000e+00,0.000000000000000000e+00,0.000000000000000000e+00,1.000000000000000056e-01
9.745875204653506874e-01,5.501661578770113137e-02,2.171458886105563368e-01,1.250296192328240323e+02,-1.979933042455104819e-01,6.649688628244745381e-01,7.201493337828410723e-01,2.683104130544392163e+01,-1.047750754098721732e-01,-7.448419855655248334e-01,6.589632767549813419e-01,5.870507923107814463e+01,0.000000000000000000e+00,0.000000000000000000e+00,0.000000000000000000e+00,1.000000000000000056e-01
9.759794838246622639e-01,5.066100148357655097e-02,2.118903255980008060e-01,1.255663935200026771e+02,-1.919319123058658427e-01,6.601265215434766187e-01,7.262197440124603665e-01,2.672783480069072937e+01,-1.030834040569051369e-01,-7.494440862956962546e-01,6.539934046490453179e-01,5.864691909182985086e+01,0.000000000000000000e+00,0.000000000000000000e+00,0.000000000000000000e+00,1.000000000000000056e-01
9.773655413521876723e-01,4.699846252136324898e-02,2.062710428004210783e-01,1.260942849764839195e+02,-1.861341092479157910e-01,6.544501610101357558e-01,7.328363256064019948e-01,2.663693760348817463e+01,-1.005519365891581751e-01,-7.546430489141443543e-01,6.483850528611332376e-01,5.858155544558378836e+01,0.000000000000000000e+00,0.000000000000000000e+00,0.000000000000000000e+00,1.000000000000000056e-01
9.779509226988563064e-01,4.144119295130442582e-02,2.046817537525718045e-01,1.266125227531764637e+02,-1.819576867854733604e-01,6.500805575694569294e-01,7.377578660304906499e-01,2.653655443770585620e+01,-1.024860625262539876e-01,-7.587344042528694210e-01,6.432874247106872279e-01,5.854354616227169572e+01,0.000000000000000000e+00,0.000000000000000000e+00,0.000000000000000000e+00,1.000000000000000056e-01
9.785340782589808661e-01,3.985476218174517637e-02,2.021945983879969155e-01,1.271248217283687012e+02,-1.801005224673646321e-01,6.422833973798287577e-01,7.450072746337497165e-01,2.644656834126768175e+01,-1.001741458302944920e-01,-7.654303595897289370e-01,6.356740557278622861e-01,5.849045595910802575e+01,0.000000000000000000e+00,0.000000000000000000e+00,0.000000000000000000e+00,1.000000000000000056e-01
9.784921262680084109e-01,4.666924822132233197e-02,2.009356615983546313e-01,1.276114974436472522e+02,-1.845647422546276006e-01,6.331284996538575349e-01,7.517207984634576290e-01,2.636567249311645966e+01,-9.213584941809981055e-02,-7.726385210410570137e-01,6.281247495963626637e-01,5.843258687944727114e+01,0.000000000000000000e+00,0.000000000000000000e+00,0.000000000000000000e+00,1.000000000000000056e-01
9.783793646876113304e-01,5.364804363932508535e-02,1.997390952396125019e-01,1.281044228512578798e+02,-1.890974022613952088e-01,6.231807326635927513e-01,7.588728133849964586e-01,2.628933123790678295e+01,-8.376151390380917605e-02,-7.802356450781653407e-01,6.198518749975684416e-01,5.838266255984007103e+01,0.000000000000000000e+00,0.000000000000000000e+00,0.000000000000000000e+00,1.000000000000000056e-01
9.777811732030707859e-01,6.188785755513767639e-02,2.002844737288973498e-01,1.285839066693462769e+02,-1.954967400543946299e-01,6.140619518500179952e-01,7.646626340539013356e-01,2.620871978051854967e+01,-7.566374268915615486e-02,-7.868276891272836249e-01,6.125170901002583435e-01,5.834491035947404924e+01,0.000000000000000000e+00,0.000000000000000000e+00,0.000000000000000000e+00,1.000000000000000056e-01
9.774184582487503992e-01,7.292311009212522344e-02,1.983314838575244154e-01,1.290626952124875402e+02,-2.014114018256664140e-01,6.054337214985876514e-01,7.699892571244032480e-01,2.612211573850231972e+01,-6.392655699516147649e-02,-7.925479347565435040e-01,6.064496404680952413e-01,5.830432050074516326e+01,0.000000000000000000e+00,0.000000000000000000e+00,0.000000000000000000e+00,1.000000000000000056e-01
9.766784057493097526e-01,8.843682460842322568e-02,1.956482041731167354e-01,1.295563472551782525e+02,-2.091698704897133609e-01,5.975313192967661724e-01,7.740828687800698216e-01,2.600957242395005409e+01,-4.844849865891741325e-02,-7.969537317264066001e-01,6.020942554659126644e-01,5.829339840922420990e+01,0.000000000000000000e+00,0.000000000000000000e+00,0.000000000000000000e+00,1.000000000000000056e-01
9.747871024568869336e-01,1.109256125301331941e-01,1.936120176242205337e-01,1.300229828269379766e+02,-2.215086385517158474e-01,5.856814907822243121e-01,7.796865488143788214e-01,2.589721137115101612e+01,-2.690776710676721917e-02,-8.029151261745702817e-01,5.954857447742993859e-01,5.828789657447109818e+01,0.000000000000000000e+00,0.000000000000000000e+00,0.000000000000000000e+00,1.000000000000000056e-01
9.728744339598429658e-01,1.313338712642499462e-01,1.904383102373588821e-01,1.304800491137885672e+02,-2.312522827477499487e-01,5.739847819485498492e-01,7.855341188105263717e-01,2.577683063513330808e+01,-6.141455142703006187e-03,-8.082653551589483731e-01,5.887863773717162408e-01,5.828689444122098706e+01,0.000000000000000000e+00,0.000000000000000000e+00,0.000000000000000000e+00,1.000000000000000056e-01
9.694683467259198606e-01,1.591116419663980708e-01,1.865867360968306299e-01,1.309134800973040456e+02,-2.442516071729776972e-01,5.591417624909850170e-01,7.922762408604037132e-01,2.567022882749903090e+01,2.173193709564215370e-02,-8.136608475459733425e-01,5.809335143377762911e-01,5.829350003626792898e+01,0.000000000000000000e+00,0.000000000000000000e+00,0.000000000000000000e+00,1.000000000000000056e-01
9.659059880446460022e-01,1.850675695995011305e-01,1.810403737900193599e-01,1.313468199935546750e+02,-2.541306371847308343e-01,5.442572281261861544e-01,7.995008998597082917e-01,2.553730774942328097e+01,4.942915641176577612e-02,-8.182506121689946399e-01,5.727326550682148021e-01,5.832947859037772531e+01,0.000000000000000000e+00,0.000000000000000000e+00,0.000000000000000000e+00,1.000000000000000056e-01
9.606493574803567359e-01,2.134469344683559422e-01,1.777448118473196614e-01,1.317994459741273658e+02,-2.663801431860999269e-01,5.266337070674416143e-01,8.072784884391240867e-01,2.542498596489222251e+01,7.870470944442026218e-02,-8.228592496572336712e-01,5.627683572881509999e-01,5.836413164179374746e+01,0.000000000000000000e+00,0.000000000000000000e+00,0.000000000000000000e+00,1.000000000000000056e-01
9.542884858891640398e-01,2.431828663673530622e-01,1.737687520952050646e-01,1.322775149247053719e+02,-2.781604452559676699e-01,5.098635703806972952e-01,8.140429388512928632e-01,2.529999402469076841e+01,1.093629388521017709e-01,-8.251673970195416707e-01,5.542007889760042216e-01,5.841266200888291138e+01,0.000000000000000000e+00,0.000000000000000000e+00,0.000000000000000000e+00,1.000000000000000056e-01
9.462531305921453306e-01,2.757910014015357292e-01,1.689506921871066214e-01,1.327257775011283911e+02,-2.900761956724801638e-01,4.926504487840709379e-01,8.204580038106975559e-01,2.515736064590928223e+01,1.430413001504997617e-01,-8.253695286711230095e-01,5.461724339368135839e-01,5.849689506710806342e+01,0.000000000000000000e+00,0.000000000000000000e+00,0.000000000000000000e+00,1.000000000000000056e-01
9.356538769127142885e-01,3.112557957812411846e-01,1.663479852922588043e-01,1.331583223333473427e+02,-3.037985649700665203e-01,4.704667145693095520e-01,8.284729943724709056e-01,2.500803635157585347e+01,1.796058310309983086e-01,-8.257002483195376996e-01,5.347530695421189861e-01,5.858961172954169427e+01,0.000000000000000000e+00,0.000000000000000000e+00,0.000000000000000000e+00,1.000000000000000056e-01
9.236213048829343686e-01,3.472513227475846898e-01,1.622966543598430289e-01,1.335644267722390737e+02,-3.168444038025282627e-01,4.533724180866219866e-01,8.331044798206944657e-01,2.486032538139512482e+01,2.157158059701838604e-01,-8.208958334455974670e-01,5.287690627166947710e-01,5.869347200120856911e+01,0.000000000000000000e+00,0.000000000000000000e+00,0.000000000000000000e+00,1.000000000000000056e-01
9.096949642899150312e-01,3.839794798317986979e-01,1.581607758379790507e-01,1.339812838319032551e+02,-3.303709501409899385e-01,4.384001932638690313e-01,8.358590227120491489e-01,2.470241951792257851e+01,2.516149980595547286e-01,-8.126284696060700474e-01,5.256661137425415742e-01,5.881721723374035804e+01,0.000000000000000000e+00,0.000000000000000000e+00,0.000000000000000000e+00,1.000000000000000056e-01
8.944260113699492587e-01,4.194307353409464367e-01,1.551772162277579026e-01,1.344333895694935848e+02,-3.439903781152177098e-01,4.234989228511452097e-01,8.380449165218231133e-01,2.453521889675445422e+01,2.857844116619955299e-01,-8.029486413185298321e-01,5.230685896282956104e-01,5.896590220442974584e+01,0.000000000000000000e+00,0.000000000000000000e+00,0.000000000000000000e+00,1.000000000000000056e-01
8.791998181012642410e-01,4.505306253130971772e-01,1.550155976206699926e-01,1.348789870193164688e+02,-3.561323122162793897e-01,4.052840513701126968e-01,8.419706728268594453e-01,2.435935863483560482e+01,3.165082242947098168e-01,-7.954665256062114498e-01,5.167741775609460131e-01,5.910406575734807433e+01,0.000000000000000000e+00,0.000000000000000000e+00,0.000000000000000000e+00,1.000000000000000056e-01
8.596743927214233194e-01,4.867660816852253380e-01,1.549797413208084396e-01,1.353242646652939243e+02,-3.714123197206503080e-01,3.872816414535728002e-01,8.438399249577801520e-01,2.415933500877727269e+01,3.507318452304802325e-01,-7.829889602758388634e-01,5.137270294887972266e-01,5.930450951448037955e+01,0.000000000000000000e+00,0.000000000000000000e+00,0.000000000000000000e+00,1.000000000000000056e-01
8.389377657947489908e-01,5.225322809317054507e-01,1.521296831904412894e-01,1.357354906892717281e+02,-3.815794263491259497e-01,3.654501446863211989e-01,8.490249308093484881e-01,2.398756524930731970e+01,3.880471189306612390e-01,-7.703286357997189970e-01,5.059774958993306093e-01,5.948387582116810535e+01,0.000000000000000000e+00,0.000000000000000000e+00,0.000000000000000000e+00,1.000000000000000056e-01
8.181537753608233432e-01,5.555852307847126692e-01,1.481534717673832768e-01,1.361474772582639332e+02,-3.899073802159787605e-01,3.466874571611829881e-01,8.531002531357172458e-01,2.380024176980937867e+01,4.226069506242692286e-01,-7.557333249109834394e-01,5.002704337686230129e-01,5.969275365232494579e+01,0.000000000000000000e+00,0.000000000000000000e+00,0.000000000000000000e+00,1.000000000000000056e-01
7.937222203877596360e-01,5.914852465686100125e-01,1.419515408665771028e-01,1.365549922694344502e+02,-3.950934426954106904e-01,3.238710130378138485e-01,8.596561745564028634e-01,2.358992729522074683e+01,4.624999550289848882e-01,-7.384123306158498767e-01,4.907555619579425654e-01,5.993994248942225056e+01,0.000000000000000000e+00,0.000000000000000000e+00,0.000000000000000000e+00,1.000000000000000056e-01
7.676993726154018871e-01,6.263114716911600821e-01,1.355419260375604340e-01,1.369103593741561156e+02,-3.975699715741490836e-01,2.996314704901901216e-01,8.672710646588046579e-01,2.338751585568414271e+01,5.025691902499084263e-01,-7.196908519079143751e-01,4.790295259079673240e-01,6.019575256891356929e+01,0.000000000000000000e+00,0.000000000000000000e+00,0.000000000000000000e+00,1.000000000000000056e-01
7.439909900329737535e-01,6.566481583169587743e-01,1.236551775248487806e-01,1.372710755202298287e+02,-3.927411961683831554e-01,2.800227173785593271e-01,8.759803825338529082e-01,2.319862919088775044e+01,5.405846460842030909e-01,-7.002859943843472434e-01,4.662271618933661044e-01,6.042204881480810741e+01,0.000000000000000000e+00,0.000000000000000000e+00,0.000000000000000000e+00,1.000000000000000056e-01
7.169962755010135247e-01,6.873592013521447885e-01,1.159899531606787826e-01,1.376335200223126662e+02,-3.961171028313894005e-01,2.648379391043410580e-01,8.791769485464414613e-01,2.300968364835792102e+01,5.735918250482143765e-01,-6.763122018177013528e-01,4.621625513932859919e-01,6.069269396023891261e+01,0.000000000000000000e+00,0.000000000000000000e+00,0.000000000000000000e+00,1.000000000000000056e-01
6.890705529279214092e-01,7.169247880501052883e-01,1.058329880846251014e-01,1.379621839460672561e+02,-3.971394635442855869e-01,2.514120789656276722e-01,8.826506744153874706e-01,2.281315231555571188e+01,6.061864561200338564e-01,-6.502390443748304882e-01,4.579597859934226856e-01,6.097742410339365904e+01,0.000000000000000000e+00,0.000000000000000000e+00,0.000000000000000000e+00,1.000000000000000056e-01
6.648849591634049538e-01,7.404469260918772333e-01,9.831755041378592574e-02,1.382824575339872126e+02,-3.993038675285917050e-01,2.411037489401003375e-01,8.845481352779721584e-01,2.260907722520909502e+01,6.312562177555054443e-01,-6.273813289285224970e-01,4.559695775563263886e-01,6.129931162565844005e+01,0.000000000000000000e+00,0.000000000000000000e+00,0.000000000000000000e+00,1.000000000000000056e-01
6.425127903177877409e-01,7.604604407670381150e-01,9.421906551464376278e-02,1.385860823866983083e+02,-4.013245799855351681e-01,2.292076296254403900e-01,8.867933491072882424e-01,2.240783657829617681e+01,6.527755324592706687e-01,-6.075884960644738486e-01,4.524603006592141652e-01,6.159277370168855725e+01,0.000000000000000000e+00,0.000000000000000000e+00,0.000000000000000000e+00,1.000000000000000056e-01
6.191182317176553429e-01,7.803530934020019849e-01,8.798673066281109678e-02,1.389260493616057772e+02,-3.987827409023773639e-01,2.158942456562973344e-01,8.912698807044283633e-01,2.222830442233676251e+01,6.765093796195225107e-01,-5.868890221416864783e-01,4.448554090672430794e-01,6.190273385767135750e+01,0.000000000000000000e+00,0.000000000000000000e+00,0.000000000000000000e+00,1.000000000000000056e-01
5.994013970390696944e-01,7.961671557326467363e-01,8.267905031021471896e-02,1.392532188177110299e+02,-3.983664315280600610e-01,2.071233421977606293e-01,8.935346145216921387e-01,2.202711257769282227e+01,6.942781513624139977e-01,-5.685224544812780278e-01,4.413162894017986781e-01,6.224776128909771700e+01,0.000000000000000000e+00,0.000000000000000000e+00,0.000000000000000000e+00,1.000000000000000056e-01
5.747243747702378558e-01,8.149156244809936389e-01,7.486266106485456318e-02,1.395432874015547782e+02,-3.982020094610954075e-01,1.985644197371301267e-01,8.955486200511966199e-01,2.182100469808099064e+01,7.149315021077926602e-01,-5.445040828049032555e-01,4.386208511946123600e-01,6.263209774712488098e+01,0.000000000000000000e+00,0.000000000000000000e+00,0.000000000000000000e+00,1.000000000000000056e-01
5.588285270934552074e-01,8.265601504197546134e-01,6.714905095853596073e-02,1.398406303218640687e+02,-3.935802106467694017e-01,1.930788256488977783e-01,8.987853942256112116e-01,2.160288508520148554e+01,7.299351307436874325e-01,-5.286954556492000634e-01,4.332156738647400251e-01,6.302635169589672159e+01,0.000000000000000000e+00,0.000000000000000000e+00,0.000000000000000000e+00,1.000000000000000056e-01
5.397565143738836113e-01,8.397763766330812452e-01,5.863908628184016925e-02,1.401203927159896807e+02,-3.888950188093650007e-01,1.869660253958385088e-01,9.021110628370248019e-01,2.140264857048282110e+01,7.466080427749350878e-01,-5.097247714175723310e-01,4.275009799603790572e-01,6.341365481299121143e+01,0.000000000000000000e+00,0.000000000000000000e+00,0.000000000000000000e+00,1.000000000000000056e-01
5.170846274462280734e-01,8.544704288368211165e-01,5.003772878752982267e-02,1.403905582631150253e+02,-3.822148746637686889e-01,1.782002030724443298e-01,9.067284473372936304e-01,2.121457277777233230e+01,7.658559118036205593e-01,-4.879805056232866534e-01,4.187358934783194098e-01,6.380357173482968136e+01,0.000000000000000000e+00,0.000000000000000000e+00,0.000000000000000000e+00,1.000000000000000056e-01
4.979099227029960550e-01,8.662400513023915671e-01,4.139906271314058861e-02,1.406568168617779122e+02,-3.776946453200776266e-01,1.736299956493798646e-01,9.095050189566504795e-01,2.100654938824811069e+01,7.806615552020204074e-01,-4.684877779947160814e-01,4.136263266514068615e-01,6.421461655238239530e+01,0.000000000000000000e+00,0.000000000000000000e+00,0.000000000000000000e+00,1.000000000000000056e-01
4.848080478809233540e-01,8.740403386099040439e-01,3.185346437316916024e-02,1.408959660926884396e+02,-3.682759304575704551e-01,1.709686365926010865e-01,9.138613485355850941e-01,2.082472866970821102e+01,7.933057391419144899e-01,-4.547782006476911998e-01,4.047749899143342489e-01,6.463149150211228289e+01,0.000000000000000000e+00,0.000000000000000000e+00,0.000000000000000000e+00,1.000000000000000056e-01
4.707280312166686187e-01,8.820326452635011139e-01,2.082146287728675604e-02,1.411078456180615035e+02,-3.581626421835734098e-01,1.694721597490872478e-01,9.181496113455920316e-01,2.063072876298447866e+01,8.063092721598585921e-01,-4.396562290693162289e-01,3.956864388244665243e-01,6.505576774824120889e+01,0.000000000000000000e+00,0.000000000000000000e+00,0.000000000000000000e+00,1.000000000000000056e-01
4.574572862922606786e-01,8.891244017249686493e-01,1.380686334174158203e-02,1.413525752816988188e+02,-3.510774047731873293e-01,1.663214895258369186e-01,9.214563570672410497e-01,2.042835711190913983e+01,8.169929541164013820e-01,-4.263742022908091345e-01,3.882364647286906667e-01,6.548739592171880020e+01,0.000000000000000000e+00,0.000000000000000000e+00,0.000000000000000000e+00,1.000000000000000056e-01
4.510650607023209968e-01,8.924639268487273291e-01,6.960624064043130499e-03,1.415927343749981731e+02,-3.454004373286115315e-01,1.673687350876167379e-01,9.234101171247663942e-01,2.026247265746488679e+01,8.229452283759930431e-01,-4.189222431298206817e-01,3.837516192855270347e-01,6.587022518130160620e+01,0.000000000000000000e+00,0.000000000000000000e+00,0.000000000000000000e+00,1.000000000000000056e-01
4.440886888551899281e-01,8.959787231191935764e-01,2.713696478637561693e-03,1.418192836913797237e+02,-3.434595924857475335e-01,1.674355992578978602e-01,9.241216523979260966e-01,2.008110982428609503e+01,8.275389687261880400e-01,-4.113240180427695236e-01,3.820887428605412861e-01,6.629515839983450576e+01,0.000000000000000000e+00,0.000000000000000000e+00,0.000000000000000000e+00,1.000000000000000056e-01
4.401650773381815540e-01,8.979140557467830686e-01,-2.247928876895677330e-03,1.420245247283897356e+02,-3.410975842943737013e-01,1.695237020511159987e-01,9.246156782314622902e-01,1.990310737598494839e+01,8.306064908730339535e-01,-4.062167684072721108e-01,3.808947287431756479e-01,6.673736533128973747e+01,0.000000000000000000e+00,0.000000000000000000e+00,0.000000000000000000e+00,1.000000000000000056e-01
4.438715541358269068e-01,8.960392864978145022e-01,-9.572903505894125864e-03,1.422841930029260027e+02,-3.374140252521414807e-01,1.770226287150242772e-01,9.245619311252059047e-01,1.973713245013709638e+01,8.301384336315196233e-01,-4.071567093580924501e-01,3.809115317662317146e-01,6.719476625945260650e+01,0.000000000000000000e+00,0.000000000000000000e+00,0.000000000000000000e+00,1.000000000000000056e-01
4.467850837060517444e-01,8.945277486584737314e-01,-1.425467845231798147e-02,1.425380355839691902e+02,-3.308659427409328391e-01,1.800176315505139790e-01,9.263484119191317534e-01,1.956844937208558832e+01,8.312104528408736925e-01,-4.091622651356624507e-01,3.763979594486716040e-01,6.761019718967281733e+01,0.000000000000000000e+00,0.000000000000000000e+00,0.000000000000000000e+00,1.000000000000000056e-01
4.522838913523083981e-01,8.916577141175130450e-01,-1.964185525719269743e-02,1.427984466388313649e+02,-3.247520679609400829e-01,1.851583932580144198e-01,9.274979588986724810e-01,1.939148698074396648e+01,8.306475642402777471e-01,-4.131136529586521555e-01,3.733118451922629033e-01,6.807108323827054619e+01,0.000000000000000000e+00,0.000000000000000000e+00,0.000000000000000000e+00,1.000000000000000056e-01
4.569600452031495896e-01,8.890352371461455183e-01,-2.835249901565023434e-02,1.430342766976974360e+02,-3.174134656139570021e-01,1.927598096247544746e-01,9.284892824585353477e-01,1.922008071250668593e+01,8.309249117308212806e-01,-4.152830395115185147e-01,3.702752869949623715e-01,6.852281471150828907e+01,0.000000000000000000e+00,0.000000000000000000e+00,0.000000000000000000e+00,1.000000000000000056e-01
4.682568572553001962e-01,8.825036053936047287e-01,-4.385090763802407254e-02,1.432411431801664321e+02,-3.071702688971874595e-01,2.091159057624164541e-01,9.283948318807004885e-01,1.907777641723923168e+01,8.284817086327369573e-01,-4.212575511779621529e-01,3.689988266058953359e-01,6.892224561933099380e+01,0.000000000000000000e+00,0.000000000000000000e+00,0.000000000000000000e+00,1.000000000000000056e-01
4.841769340054485893e-01,8.731959448463586515e-01,-5.569145788142543241e-02,1.434699349352733861e+02,-2.943090981323797650e-01,2.224706300044760887e-01,9.294562784455849824e-01,1.893724717965422499e+01,8.239871669714211588e-01,-4.336307884471380936e-01,3.647046585624107440e-01,6.932546122826789770e+01,0.000000000000000000e+00,0.000000000000000000e+00,0.000000000000000000e+00,1.000000000000000056e-01
4.981201812776685500e-01,8.647642430888400344e-01,-6.371097926486674057e-02,1.437266945412067116e+02,-2.834498120739494809e-01,2.318295568977889465e-01,9.305435296555545355e-01,1.881450347723497529e+01,8.194708591763013583e-01,-4.454636465791127486e-01,3.605962430992509793e-01,6.970820783094914930e+01,0.000000000000000000e+00,0.000000000000000000e+00,0.000000000000000000e+00,1.000000000000000056e-01
5.178374431521118870e-01,8.523347300817105676e-01,-7.327953579425061648e-02,1.440155184881618879e+02,-2.677441292815720963e-01,2.428304874020354998e-01,9.323874922066162085e-01,1.867887286410688930e+01,8.125007468950019573e-01,-4.632049894858943362e-01,3.539543388778225719e-01,7.010760241585965957e+01,0.000000000000000000e+00,0.000000000000000000e+00,0.000000000000000000e+00,1.000000000000000056e-01
5.360630699483128758e-01,8.400105771530289589e-01,-8.377717653767957628e-02,1.442508227259354783e+02,-2.527826103382172507e-01,2.544149518987868230e-01,9.334741475589644066e-01,1.855767854875167799e+01,8.054423237874871466e-01,-4.792236038858826985e-01,3.487225265600710777e-01,7.050649427915524825e+01,0.000000000000000000e+00,0.000000000000000000e+00,0.000000000000000000e+00,1.000000000000000056e-01
5.615171240111396234e-01,8.225195102663538371e-01,-9.033368515374579077e-02,1.445440721127325219e+02,-2.374482887082168259e-01,2.647469933846404722e-01,9.346268451544351707e-01,1.842192379488999165e+01,7.926643865040221559e-01,-5.033593991622594688e-01,3.439658204578057710e-01,7.093189858697081718e+01,0.000000000000000000e+00,0.000000000000000000e+00,0.000000000000000000e+00,1.000000000000000056e-01
5.879581949611506486e-01,8.033483072423763804e-01,-9.453389989222932277e-02,1.448854352663224745e+02,-2.206100773411188709e-01,2.716938491031863911e-01,9.367569834994776690e-01,1.828427772249032301e+01,7.782264161242351541e-01,-5.299188141690230891e-01,3.369713572933542567e-01,7.138091247138363826e+01,0.000000000000000000e+00,0.000000000000000000e+00,0.000000000000000000e+00,1.000000000000000056e-01
6.194356693147281545e-01,7.790300592666614676e-01,-9.701349565703154543e-02,1.452652160002008657e+02,-2.042480400547450059e-01,2.792459485332544622e-01,9.382454041249328469e-01,1.816745944996442930e+01,7.580119983973935271e-01,-5.613678535387871538e-01,3.320902637820699610e-01,7.182716435608237759e+01,0.000000000000000000e+00,0.000000000000000000e+00,0.000000000000000000e+00,1.000000000000000056e-01
6.550645420227562132e-01,7.489756917640356670e-01,-9.962860498421594047e-02,1.456149372061583165e+02,-1.840218394233210653e-01,2.860375066956377665e-01,9.403821071131673870e-01,1.806577983202326365e+01,7.328208569628555935e-01,-5.976771351741066995e-01,3.252009128066811749e-01,7.225906882070032111e+01,0.000000000000000000e+00,0.000000000000000000e+00,0.000000000000000000e+00,1.000000000000000056e-01
6.902229591470467884e-01,7.161399060103690317e-01,-1.036141963524020992e-01,1.459959832591011661e+02,-1.629033228647885356e-01,2.933058801968126961e-01,9.420372434471916412e-01,1.797716570673922476e+01,7.050211160425655654e-01,-6.333366369170766452e-01,3.191080228898397486e-01,7.265169982944716764e+01,0.000000000000000000e+00,0.000000000000000000e+00,0.000000000000000000e+00,1.000000000000000056e-01
7.242563277747076089e-01,6.805682101326584466e-01,-1.108137312571186306e-01,1.463746410666069551e+02,-1.358526830252297923e-01,2.983984468918351451e-01,9.447234597528459954e-01,1.791212607955012359e+01,6.760153993757402890e-01,-6.691676010158966736e-01,3.085739806877566549e-01,7.301652612637637674e+01,0.000000000000000000e+00,0.000000000000000000e+00,0.000000000000000000e+00,1.000000000000000056e-01
7.601873086086412545e-01,6.396029590219418637e-01,-1.141197206477765902e-01,1.468108167990189656e+02,-1.095951959412333476e-01,2.993701749394105383e-01,9.478219196575639049e-01,1.785791349482998669e+01,6.403937451731966934e-01,-7.080152209996073420e-01,2.976748191834909241e-01,7.334405319712300297e+01,0.000000000000000000e+00,0.000000000000000000e+00,0.000000000000000000e+00,1.000000000000000056e-01
7.941854260438228064e-01,5.963612549270295160e-01,-1.167165912861156118e-01,1.472284300137428659e+02,-8.099034010759154079e-02,2.942344539953664073e-01,9.522954640715798336e-01,1.782387852133546247e+01,6.022541605243156848e-01,-7.468462624288264573e-01,2.819762160666119399e-01,7.360811852718407522e+01,0.000000000000000000e+00,0.000000000000000000e+00,0.000000000000000000e+00,1.000000000000000056e-01
8.293626396631118558e-01,5.460026556057768765e-01,-1.184850707999731689e-01,1.476999159834068962e+02,-5.126223999456813729e-02,2.855382588052864934e-01,9.569953424699539912e-01,1.778989795141144015e+01,5.563540192016002139e-01,-7.876223732410632117e-01,2.648040832168960801e-01,7.387889891904697492e+01,0.000000000000000000e+00,0.000000000000000000e+00,0.000000000000000000e+00,1.000000000000000056e-01
8.607793618388615009e-01,4.945414909753964583e-01,-1.203644629286996781e-01,1.481477713291172904e+02,-2.467724380973587706e-02,2.767545761780474400e-01,9.606237235267847119e-01,1.778879112256104378e+01,5.083797044240037089e-01,-8.239148125069373219e-01,2.504285484153543351e-01,7.408922466609604385e+01,0.000000000000000000e+00,0.000000000000000000e+00,0.000000000000000000e+00,1.000000000000000056e-01
8.904653999262392983e-01,4.384009633659863292e-01,-1.219670728269633964e-01,1.486101561825153397e+02,9.294175115552028021e-04,2.662767428737733422e-01,9.638961730329795863e-01,1.780255981561385425e+01,4.550500057326577474e-01,-8.584295495405023235e-01,2.367027688017159237e-01,7.423706933903439165e+01,0.000000000000000000e+00,0.000000000000000000e+00,0.000000000000000000e+00,1.000000000000000056e-01
9.158203241060060007e-01,3.810040914550756885e-01,-1.269212994294596497e-01,1.490695486353163801e+02,2.665768873088841806e-02,2.576745457478810675e-01,9.658639635606819374e-01,1.781914187091639690e+01,4.007025100818527585e-01,-8.879412766439657156e-01,2.258268975254879019e-01,7.437989392866931837e+01,0.000000000000000000e+00,0.000000000000000000e+00,0.000000000000000000e+00,1.000000000000000056e-01
9.389813631082865042e-01,3.194994805730074772e-01,-1.274130356316912072e-01,1.495333466188002092e+02,4.517199460095447372e-02,2.526722162864740717e-01,9.664968918835967759e-01,1.786022949796918624e+01,3.409889890290822567e-01,-9.132780699384279721e-01,2.228220732568134688e-01,7.450964209635145608e+01,0.000000000000000000e+00,0.000000000000000000e+00,0.000000000000000000e+00,1.000000000000000056e-01
9.601657692203513506e-01,2.490689873042186697e-01,-1.266741298795533710e-01,1.499915254333013763e+02,6.437635092412413718e-02,2.439632173358058376e-01,9.676454071760257625e-01,1.787776286787711655e+01,2.719142899135406077e-01,-9.372548149518430405e-01,2.182109777036932430e-01,7.463918521130391071e+01,0.000000000000000000e+00,0.000000000000000000e+00,0.000000000000000000e+00,1.000000000000000056e-01
9.766484882807235923e-01,1.720903215002172748e-01,-1.286182397054518867e-01,1.504618839495296356e+02,8.647862513305834553e-02,2.331302710409098866e-01,9.685926512830294044e-01,1.793403010374226625e+01,1.966702258453810748e-01,-9.570972771721504291e-01,2.128041923825352288e-01,7.470511974686117185e+01,0.000000000000000000e+00,0.000000000000000000e+00,0.000000000000000000e+00,1.000000000000000056e-01
9.854751240022389114e-01,1.018919374473531564e-01,-1.358558539629280137e-01,1.509486895595070450e+02,1.118474491681471644e-01,2.125428361439732905e-01,9.707294632998706430e-01,1.799114086799848877e+01,1.277846942608953096e-01,-9.718248689383806038e-01,1.980593245104828037e-01,7.474478386412874897e+01,0.000000000000000000e+00,0.000000000000000000e+00,0.000000000000000000e+00,1.000000000000000056e-01
9.888378679771644419e-01,3.106697717794488361e-02,-1.457206704054058999e-01,1.514562801564505037e+02,1.368140966996565788e-01,1.979881260557099232e-01,9.706093987208271878e-01,1.805205087706973188e+01,5.900486249990682247e-02,-9.797119703616842257e-01,1.915277560339329055e-01,7.472132034376575405e+01,0.000000000000000000e+00,0.000000000000000000e+00,0.000000000000000000e+00,1.000000000000000056e-01
9.865478227648787346e-01,-4.241718705856235144e-02,-1.578739232423023719e-01,1.519066404389936622e+02,1.630205699145002851e-01,1.834821449797677806e-01,9.694114690152862979e-01,1.813937811123092914e+01,-1.215266154506823570e-02,-9.821074710619316361e-01,1.879287846544764884e-01,7.470189824471540874e+01,0.000000000000000000e+00,0.000000000000000000e+00,0.000000000000000000e+00,1.000000000000000056e-01
9.785961564234517684e-01,-1.175857080710809577e-01,-1.688880217501216863e-01,1.523866549534455999e+02,1.873737349695602517e-01,1.697745162734151103e-01,9.675059157791673359e-01,1.821204182677350403e+01,-8.509198597285204391e-02,-9.784427499253857130e-01,1.881731623841336187e-01,7.466373730183282476e+01,0.000000000000000000e+00,0.000000000000000000e+00,0.000000000000000000e+00,1.000000000000000056e-01
9.653354164425677064e-01,-1.911761089658436108e-01,-1.777054560848772280e-01,1.528093006528123965e+02,2.080423463841431786e-01,1.524059810160082185e-01,9.661732758990638770e-01,1.830838194074572556e+01,-1.576258731066525753e-01,-9.696515416948648936e-01,1.868956174342710774e-01,7.456898500535949381e+01,0.000000000000000000e+00,0.000000000000000000e+00,0.000000000000000000e+00,1.000000000000000056e-01
9.487625127146780413e-01,-2.556546847386906296e-01,-1.857158491849608406e-01,1.532719222394155452e+02,2.244232376329328704e-01,1.314241268487549297e-01,9.655888924860280831e-01,1.840435741240898437e+01,-2.224497805745884460e-01,-9.577934960382654683e-01,1.820651368854410146e-01,7.444691949826906807e+01,0.000000000000000000e+00,0.000000000000000000e+00,0.000000000000000000e+00,1.000000000000000056e-01
9.279395750897719841e-01,-3.184195932814358754e-01,-1.937449550225718298e-01,1.537517670002584111e+02,2.371321052901818882e-01,1.032992059859392242e-01,9.659697918068249622e-01,1.851847871058264161e+01,-2.875700082116692813e-01,-9.423047472326347984e-01,1.713629298301736492e-01,7.429646789698543330e+01,0.000000000000000000e+00,0.000000000000000000e+00,0.000000000000000000e+00,1.000000000000000056e-01
9.051328109634306784e-01,-3.745403246729616109e-01,-2.011321448981016335e-01,1.542201751881250118e+02,2.474068574646607344e-01,7.932661479650726655e-02,9.656589123828288601e-01,1.864174272618551242e+01,-3.457230703856766230e-01,-9.238110377013252217e-01,1.644649665561070950e-01,7.409665290449787278e+01,0.000000000000000000e+00,0.000000000000000000e+00,0.000000000000000000e+00,1.000000000000000056e-01
8.810433782813820169e-01,-4.227268575821360730e-01,-2.122841714901563537e-01,1.546707335027535635e+02,2.571707949667932369e-01,5.139187097239128477e-02,9.649984755501456180e-01,1.876407140668060691e+01,-3.970210923901617006e-01,-9.047988060760744355e-01,1.539914696359288016e-01,7.386799025220443582e+01,0.000000000000000000e+00,0.000000000000000000e+00,0.000000000000000000e+00,1.000000000000000056e-01
8.553556501276482482e-01,-4.676753160039100465e-01,-2.228149694148739979e-01,1.551243507108104609e+02,2.666347002504428354e-01,2.868243553983229610e-02,9.633707772783334233e-01,1.890547891390884061e+01,-4.441538566950250511e-01,-8.834348400941330892e-01,1.492321509956512360e-01,7.362687598464675887e+01,0.000000000000000000e+00,0.000000000000000000e+00,0.000000000000000000e+00,1.000000000000000056e-01
8.307571352581408775e-01,-5.051469611289161055e-01,-2.338143064055500375e-01,1.555256208368606394e+02,2.747253666108817605e-01,6.766056730142633313e-03,9.614989305333839775e-01,1.904448990107594142e+01,-4.841162620261828531e-01,-8.630068181298139462e-01,1.443976339946416720e-01,7.334491996016579662e+01,0.000000000000000000e+00,0.000000000000000000e+00,0.000000000000000000e+00,1.000000000000000056e-01
8.115147017385639927e-01,-5.343129535911920192e-01,-2.365450411376791573e-01,1.559245655382840425e+02,2.775019011792549950e-01,-3.848044450045051690e-03,9.607173816455126802e-01,1.919184113113519885e+01,-5.142339775861457518e-01,-8.452779780513434149e-01,1.451501158021037963e-01,7.306210250390377325e+01,0.000000000000000000e+00,0.000000000000000000e+00,0.000000000000000000e+00,1.000000000000000056e-01
7.961773607152976551e-01,-5.559300435971683552e-01,-2.388375952618712883e-01,1.562960531836255598e+02,2.787451781220107727e-01,-1.334438933529114024e-02,9.602723847674663471e-01,1.931854661963675213e+01,-5.370314105880132916e-01,-8.311219609054492086e-01,1.443383183445403617e-01,7.276800048602487436e+01,0.000000000000000000e+00,0.000000000000000000e+00,0.000000000000000000e+00,1.000000000000000056e-01
7.813308514617083311e-01,-5.761755688886114335e-01,-2.398829180454641608e-01,1.566802804592161635e+02,2.779982822483338945e-01,-2.282879429991924169e-02,9.603102629972191107e-01,1.945768053014732857e+01,-5.587835498841189352e-01,-8.170070746123911931e-01,1.423389771362902900e-01,7.247732801903158872e+01,0.000000000000000000e+00,0.000000000000000000e+00,0.000000000000000000e+00,1.000000000000000056e-01
7.730877545784160532e-01,-5.868094672655146393e-01,-2.408110729357470781e-01,1.570492184084385201e+02,2.782837690441273826e-01,-2.738026813350469268e-02,9.601085692792938886e-01,1.959252359427288326e+01,-5.699942698023353627e-01,-8.092619909797449385e-01,1.421322002503376813e-01,7.216395251870544314e+01,0.000000000000000000e+00,0.000000000000000000e+00,0.000000000000000000e+00,1.000000000000000056e-01
7.609585262100986292e-01,-6.030972312897000531e-01,-2.391983507444242762e-01,1.574614174113122260e+02,2.788804302733343121e-01,-2.883177586048346619e-02,9.598929285661451649e-01,1.974993243390700570e+01,-5.858052807876644730e-01,-7.971464472174664140e-01,1.462522296919148701e-01,7.185252607982083362e+01,0.000000000000000000e+00,0.000000000000000000e+00,0.000000000000000000e+00,1.000000000000000056e-01
7.524829523446464608e-01,-6.139281081151561903e-01,-2.384568818399455392e-01,1.578573489127391269e+02,2.785564506993425393e-01,-3.141603561617789531e-02,9.599058998047402813e-01,1.990419139264301052e+01,-5.968045829285072434e-01,-7.887365281082832080e-01,1.473736035496939767e-01,7.150326143686287139e+01,0.000000000000000000e+00,0.000000000000000000e+00,0.000000000000000000e+00,1.000000000000000056e-01
7.460081018292156196e-01,-6.222767743800491358e-01,-2.371571800986261580e-01,1.582827626297478503e+02,2.772178092389600002e-01,-3.361220725812108512e-02,9.602189884416936216e-01,2.008001532991963956e+01,-6.054933511161970650e-01,-7.820753388199881417e-01,1.474312251990025358e-01,7.113249737281552143e+01,0.000000000000000000e+00,0.000000000000000000e+00,0.000000000000000000e+00,1.000000000000000056e-01
7.432281406207046359e-01,-6.246393522654108965e-01,-2.396614499474998550e-01,1.587160833598629779e+02,2.782333309526918708e-01,-3.719673192138195361e-02,9.597930072058967754e-01,2.025312290089070899e+01,-6.084391050355490993e-01,-7.800269756462380188e-01,1.461498297218416509e-01,7.074988051278060652e+01,0.000000000000000000e+00,0.000000000000000000e+00,0.000000000000000000e+00,1.000000000000000056e-01
7.395457629134034594e-01,-6.294536456716692818e-01,-2.384537114567029104e-01,1.591781177086633363e+02,2.771615807424677169e-01,-3.806217365149788812e-02,9.600691272493143691e-01,2.043401397204456416e+01,-6.133950788172077839e-01,-7.761052627624477340e-01,1.463116481872295260e-01,7.035481114809982728e+01,0.000000000000000000e+00,0.000000000000000000e+00,0.000000000000000000e+00,1.000000000000000056e-01
7.357176425584363022e-01,-6.348777821114904851e-01,-2.359019970442212122e-01,1.596897726235727362e+02,2.754377295650228819e-01,-3.773618354084917748e-02,9.605779705905380661e-01,2.063192929046584823e+01,-6.187516525717908777e-01,-7.716904704821526684e-01,1.471061188622402316e-01,6.991495360025456307e+01,0.000000000000000000e+00,0.000000000000000000e+00,0.000000000000000000e+00,1.000000000000000056e-01
7.339933034946484192e-01,-6.374875824614715247e-01,-2.342294017249791638e-01,1.602100532422047365e+02,2.740703974035707535e-01,-3.752742865674840722e-02,9.609771638105985003e-01,2.083420227519460610e+01,-6.214010361208467392e-01,-7.695461482626247962e-01,1.471715937336305347e-01,6.944063025645708365e+01,0.000000000000000000e+00,0.000000000000000000e+00,0.000000000000000000e+00,1.000000000000000056e-01
7.296226783574513153e-01,-6.433566394686559553e-01,-2.318253257909865528e-01,1.607314861489901432e+02,2.750081710912829491e-01,-3.433892310827535432e-02,9.608284676219746023e-01,2.103713668544043713e+01,-6.261160060719792586e-01,-7.647960988468508470e-01,1.518738757295385877e-01,6.900287784578372907e+01,0.000000000000000000e+00,0.000000000000000000e+00,0.000000000000000000e+00,1.000000000000000056e-01
7.274200784727686830e-01,-6.466937669372938569e-01,-2.294497793398903862e-01,1.612441395619693481e+02,2.744340901876793914e-01,-3.229798727945110137e-02,9.610633538745286808e-01,2.125800278955225053e+01,-6.289244466369008357e-01,-7.620656217296185586e-01,1.539806111181485360e-01,6.855551194916979796e+01,0.000000000000000000e+00,0.000000000000000000e+00,0.000000000000000000e+00,1.000000000000000056e-01
7.237564029778708052e-01,-6.509997551342925348e-01,-2.288580083012718980e-01,1.617713062970514670e+02,2.755232346737137572e-01,-3.144469442684005855e-02,9.607799843602781165e-01,2.146953856659176196e+01,-6.326639046946391787e-01,-7.584263642618799262e-01,1.566072593752878550e-01,6.808338312296697836e+01,0.000000000000000000e+00,0.000000000000000000e+00,0.000000000000000000e+00,1.000000000000000056e-01
7.223456036991113827e-01,-6.533437418530569918e-01,-2.266247643087851704e-01,1.623156180632239511e+02,2.737473089851819585e-01,-3.078959892812815902e-02,9.613086972566183830e-01,2.168516841862762590e+01,-6.350427069417754478e-01,-7.564350306399695301e-01,1.566103597491913524e-01,6.759954042656643480e+01,0.000000000000000000e+00,0.000000000000000000e+00,0.000000000000000000e+00,1.000000000000000056e-01
7.205790406258865133e-01,-6.564073447672111872e-01,-2.233724332730797624e-01,1.628476112493399910e+02,2.726060993977738600e-01,-2.801159937054187310e-02,9.617178717648099395e-01,2.190009069541905262e+01,-6.375356937315808104e-01,-7.538864291366199621e-01,1.587560744722172901e-01,6.709884320449839379e+01,0.000000000000000000e+00,0.000000000000000000e+00,0.000000000000000000e+00,1.000000000000000056e-01
7.180839993495041762e-01,-6.606597719288109793e-01,-2.188242117161462441e-01,1.633960196648095859e+02,2.694101721443107333e-01,-2.603029946206358858e-02,9.626736636343015130e-01,2.212538970990582499e+01,-6.416958228190317026e-01,-7.502340229987486397e-01,1.592965213421781989e-01,6.657313612218699461e+01,0.000000000000000000e+00,0.000000000000000000e+00,0.000000000000000000e+00,1.000000000000000056e-01
7.136665342007628698e-01,-6.658008626303972832e-01,-2.176908112036206877e-01,1.639686847101758644e+02,2.706662881717001867e-01,-2.452926378057562751e-02,9.623606785741701808e-01,2.236682756132664451e+01,-6.460803652868779556e-01,-7.457261739666928291e-01,1.627041334809058437e-01,6.602379799285426998e+01,0.000000000000000000e+00,0.000000000000000000e+00,0.000000000000000000e+00,1.000000000000000056e-01
7.103094952005001295e-01,-6.693606534099215688e-01,-2.177538442706663802e-01,1.645529937757558798e+02,2.721146595233852050e-01,-2.417990489618060401e-02,9.619609889552092064e-01,2.260815335098251921e+01,-6.491641033671554650e-01,-7.425440376609691029e-01,1.649676302601892353e-01,6.547812558195930421e+01,0.000000000000000000e+00,0.000000000000000000e+00,0.000000000000000000e+00,1.000000000000000056e-01
7.073131821364073701e-01,-6.731180771987963496e-01,-2.159169204214080595e-01,1.651364967255040881e+02,2.721019007256385014e-01,-2.265750251625942013e-02,9.620016596665624808e-01,2.284283632081825388e+01,-6.524328455845582742e-01,-7.391878595647530803e-01,1.671307580145403593e-01,6.492807729409099693e+01,0.000000000000000000e+00,0.000000000000000000e+00,0.000000000000000000e+00,1.000000000000000056e-01
7.054993791919779156e-01,-6.765837311591625935e-01,-2.109622731449395938e-01,1.657564887497455857e+02,2.705060836210636532e-01,-1.806076097129549751e-02,9.625488390918834902e-01,2.309283195003570555e+01,-6.550550241649384375e-01,-7.361441867215174906e-01,1.702781597046078010e-01,6.436236529909943727e+01,0.000000000000000000e+00,0.000000000000000000e+00,0.000000000000000000e+00,1.000000000000000056e-01
7.006866476000563893e-01,-6.825237070717425913e-01,-2.078451615025967980e-01,1.663963698529827298e+02,2.684714798404945757e-01,-1.767934165989948347e-02,9.631253840444283787e-01,2.333578452599628861e+01,-6.610304731154603708e-01,-7.306495946508960726e-01,1.708504710243199387e-01,6.377817627985611182e+01,0.000000000000000000e+00,0.000000000000000000e+00,0.000000000000000000e+00,1.000000000000000056e-01
6.974597608851454966e-01,-6.858739888333832413e-01,-2.076698181918111563e-01,1.670309152344721042e+02,2.676813459941861373e-01,-1.946947223261474846e-02,9.633107684738733134e-01,2.359459535855288692e+01,-6.647530210181646915e-01,-7.274598346938254689e-01,1.700164990654019492e-01,6.316134694786687476e+01,0.000000000000000000e+00,0.000000000000000000e+00,0.000000000000000000e+00,1.000000000000000056e-01
6.906693587029544279e-01,-6.929013936118848527e-01,-2.070350107579817245e-01,1.676853962237372286e+02,2.690955769051697200e-01,-1.948520739610981600e-02,9.629163500443872481e-01,2.385226389621454857e+01,-6.712402010003004627e-01,-7.207690236292335628e-01,1.729988645559208393e-01,6.251365392162382761e+01,0.000000000000000000e+00,0.000000000000000000e+00,0.000000000000000000e+00,1.000000000000000056e-01
6.857008421278043553e-01,-6.975588096373517288e-01,-2.079087833703540389e-01,1.683704812814896457e+02,2.718093443213039917e-01,-1.958247350934039233e-02,9.621518627903180576e-01,2.412876656065666126e+01,-6.752288763410839723e-01,-7.162598926566927648e-01,1.761752840967777400e-01,6.182580227612778856e+01,0.000000000000000000e+00,0.000000000000000000e+00,0.000000000000000000e+00,1.000000000000000056e-01
6.809817639620778795e-01,-7.013888190213748430e-01,-2.105173667489164679e-01,1.690562477170312263e+02,2.757421711572508594e-01,-2.072108869668642939e-02,9.610082681895661949e-01,2.442004876505111000e+01,-6.784026033238537146e-01,-7.124776214275259090e-01,1.792917922504898565e-01,6.112847440422407885e+01,0.000000000000000000e+00,0.000000000000000000e+00,0.000000000000000000e+00,1.000000000000000056e-01
6.746705148300380372e-01,-7.084224405447325790e-01,-2.072615308049623184e-01,1.697237551211186712e+02,2.749303967181809805e-01,-1.940439276891203768e-02,9.612683009969972270e-01,2.469753452905478142e+01,-6.850058199602067077e-01,-7.055218744120658192e-01,1.816752909636590863e-01,6.043843666119433067e+01,0.000000000000000000e+00,0.000000000000000000e+00,0.000000000000000000e+00,1.000000000000000056e-01
6.739213808743680367e-01,-7.109136677252221315e-01,-2.010764268676403788e-01,1.704365779659703719e+02,2.719682852515765692e-01,-1.433420895396064765e-02,9.621994503589064163e-01,2.499086308964481162e+01,-6.869230118562794640e-01,-7.031331932821383024e-01,1.836858412811427366e-01,5.973637603986990285e+01,0.000000000000000000e+00,0.000000000000000000e+00,0.000000000000000000e+00,1.000000000000000056e-01
6.683553474768080260e-01,-7.179714641739689540e-01,-1.944687793221384631e-01,1.711145859593106024e+02,2.666297743595791303e-01,-1.282611864318194961e-02,9.637136784883315599e-01,2.527164569161601193e+01,-6.944132004247293155e-01,-6.959543572048663140e-01,1.828601645067792214e-01,5.904044665874306475e+01,0.000000000000000000e+00,0.000000000000000000e+00,0.000000000000000000e+00,1.000000000000000056e-01
6.681984757470739167e-01,-7.190972067530563283e-01,-1.908140567391178322e-01,1.718073433277544382e+02,2.672440973930004793e-01,-7.365434609188259429e-03,9.636007175078370457e-01,2.555674121293840173e+01,-6.943280128425524111e-01,-6.948704610306658536e-01,1.872529117774739404e-01,5.832387896375016112e+01,0.000000000000000000e+00,0.000000000000000000e+00,0.000000000000000000e+00,1.000000000000000056e-01
6.629238817652395310e-01,-7.239598268065645659e-01,-1.908247786727807482e-01,1.724961901887951967e+02,2.677421210718762268e-01,-8.781701754962734086e-03,9.634505894534601822e-01,2.584336390895676061e+01,-6.991752881711705836e-01,-6.897862356444175447e-01,1.880129397841131533e-01,5.758699855820848512e+01,0.000000000000000000e+00,0.000000000000000000e+00,0.000000000000000000e+00,1.000000000000000056e-01
6.580405479152739989e-01,-7.274973964203714782e-01,-1.942425687148602309e-01,1.732010285840455879e+02,2.725041062251645219e-01,-1.039416441921758860e-02,9.620984738769993161e-01,2.614542920642438162e+01,-7.019431240419629070e-01,-6.860317044769925765e-01,1.914062461431239592e-01,5.684137181588651799e+01,0.000000000000000000e+00,0.000000000000000000e+00,0.000000000000000000e+00,1.000000000000000056e-01
6.538732641499247489e-01,-7.320092802705033819e-01,-1.913430637043904148e-01,1.738884155982647712e+02,2.725331799879733286e-01,-8.048307717363645253e-03,9.621127223712042653e-01,2.644234573170782099e+01,-7.058154292983156441e-01,-6.812471198770286840e-01,1.942342436947923634e-01,5.608448649760539695e+01,0.000000000000000000e+00,0.000000000000000000e+00,0.000000000000000000e+00,1.000000000000000056e-01
6.517730188379809997e-01,-7.339655365208146431e-01,-1.910144578678216742e-01,1.745705467067108714e+02,2.740431606281086840e-01,-6.925699991252587395e-03,9.616924564498715577e-01,2.674649983888529903e+01,-7.071720285954341545e-01,-6.791514012938090206e-01,1.966242510294046175e-01,5.533126305511473930e+01,0.000000000000000000e+00,0.000000000000000000e+00,0.000000000000000000e+00,1.000000000000000056e-01
6.449021348487534722e-01,-7.403244928722083618e-01,-1.897916797992683646e-01,1.752514858653613317e+02,2.761629360201934280e-01,-5.820997228623170372e-03,9.610932050326707055e-01,2.704732149559012555e+01,-7.126256164608643084e-01,-6.722244872397705739e-01,2.006962120195618926e-01,5.458282469031171757e+01,0.000000000000000000e+00,0.000000000000000000e+00,0.000000000000000000e+00,1.000000000000000056e-01
6.446586189105645293e-01,-7.409530040914531490e-01,-1.881592697481964116e-01,1.759598643092945736e+02,2.769568997959170886e-01,-3.043863988978046109e-03,9.608775210959257240e-01,2.737713029594605274e+01,-7.125378170453536830e-01,-6.715499837092304691e-01,2.032497937523541909e-01,5.379700800682198292e+01,0.000000000000000000e+00,0.000000000000000000e+00,0.000000000000000000e+00,1.000000000000000056e-01
6.420034198278643522e-01,-7.440906465112218093e-01,-1.848261851141204115e-01,1.766672214429146948e+02,2.765732631958280341e-01,-7.480054280151193780e-05,9.609928326944433552e-01,2.771750412650345297e+01,-7.150796032712289918e-01,-6.680786661609477983e-01,2.057475560148183114e-01,5.300824130546151736e+01,0.000000000000000000e+00,0.000000000000000000e+00,0.000000000000000000e+00,1.000000000000000056e-01
6.414100843490613268e-01,-7.447951864531382471e-01,-1.840468253775796592e-01,1.773628855309209484e+02,2.785691377867124396e-01,2.572706886465159215e-03,9.604127324499840412e-01,2.803789051359127882e+01,-7.148372816019725740e-01,-6.672881771884706659e-01,2.091271130589973382e-01,5.221467633180218826e+01,0.000000000000000000e+00,0.000000000000000000e+00,0.000000000000000000e+00,1.000000000000000056e-01
6.392464614270993994e-01,-7.472422648356447095e-01,-1.816396410374902515e-01,1.780527909615848614e+02,2.783870654875482131e-01,4.684937170186698197e-03,9.604575436389383158e-01,2.836023047532691876e+01,-7.168434998813641990e-01,-6.645352127667937259e-01,2.110174108239145641e-01,5.144073435085783075e+01,0.000000000000000000e+00,0.000000000000000000e+00,0.000000000000000000e+00,1.000000000000000056e-01
6.381937699121978946e-01,-7.491356002167099959e-01,-1.774952521427156094e-01,1.786948463500714865e+02,2.785348578769608063e-01,9.740428512578169773e-03,9.603767266025622362e-01,2.866319785637021766e+01,-7.177235157027515022e-01,-6.623450585158321413e-01,2.148766587299355546e-01,5.070861419538749715e+01,0.000000000000000000e+00,0.000000000000000000e+00,0.000000000000000000e+00,1.000000000000000056e-01
6.367652222772594017e-01,-7.509336569329461142e-01,-1.750105556345238900e-01,1.793619025043903150e+02,2.796084521435211467e-01,1.335816730805683417e-02,9.600211835454851572e-01,2.897876709728113909e+01,-7.185743978100642693e-01,-6.602425329009652399e-01,2.184734138526267522e-01,4.998520659167028413e+01,0.000000000000000000e+00,0.000000000000000000e+00,0.000000000000000000e+00,1.000000000000000056e-01
6.351861408469956505e-01,-7.525455183562022032e-01,-1.738211991613667351e-01,1.800016907321230235e+02,2.818836537695499356e-01,1.634490730797732994e-02,9.593093608125702332e-01,2.928373853522530368e+01,-7.190828688081987163e-01,-6.583373654951452103e-01,2.225123389376021388e-01,4.926170974722102613e+01,0.000000000000000000e+00,0.000000000000000000e+00,0.000000000000000000e+00,1.000000000000000056e-01
6.293177805194190011e-01,-7.577438390288058212e-01,-1.725786937486767370e-01,1.806451373261716071e+02,2.843596599904423261e-01,1.785172070927343313e-02,9.585514591496056003e-01,2.960521604710494969e+01,-7.232556359215130959e-01,-6.523078954616488012e-01,2.267061856812961906e-01,4.851956106508784217e+01,0.000000000000000000e+00,0.000000000000000000e+00,0.000000000000000000e+00,1.000000000000000056e-01
6.291436798439655753e-01,-7.596466741870362416e-01,-1.646668166600923633e-01,1.812882857922463131e+02,2.785948092732359882e-01,2.260594401623028382e-02,9.601426474962688751e-01,2.992861650781101446e+01,-7.256467200769276538e-01,-6.499429988019793658e-01,2.258560071149031678e-01,4.776214964777667404e+01,0.000000000000000000e+00,0.000000000000000000e+00,0.000000000000000000e+00,1.000000000000000056e-01
6.219832161775966650e-01,-7.663196693758679290e-01,-1.609069393190781794e-01,1.819185772080270169e+02,2.760883348632757750e-01,2.232906306566517785e-02,9.608728554262697674e-01,3.025794241864406331e+01,-7.327428676867463464e-01,-6.420713179003325610e-01,2.254602239507743633e-01,4.694981300409997971e+01,0.000000000000000000e+00,0.000000000000000000e+00,0.000000000000000000e+00,1.000000000000000056e-01
6.182941310904941368e-01,-7.700691999785147512e-01,-1.571807707816096911e-01,1.825729552926535177e+02,2.780569988798493042e-01,2.726973687381539779e-02,9.601774142442447424e-01,3.060182361325905731e+01,-7.351167749636666748e-01,-6.373772734380187543e-01,2.309838489412945339e-01,4.610304219585557206e+01,0.000000000000000000e+00,0.000000000000000000e+00,0.000000000000000000e+00,1.000000000000000056e-01
6.138297322541268475e-01,-7.738580441135198829e-01,-1.560666119374179983e-01,1.832138278445627861e+02,2.795763230796999288e-01,2.821415886850320298e-02,9.597088312673685007e-01,3.093065021940175896e+01,-7.382751108997663847e-01,-6.327303444597394133e-01,2.336710761429348082e-01,4.532596748061421721e+01,0.000000000000000000e+00,0.000000000000000000e+00,0.000000000000000000e+00,1.000000000000000056e-01
6.122883244685409787e-01,-7.746375342766450567e-01,-1.582393699725394010e-01,1.838381626859463154e+02,2.829240033793488651e-01,2.778159547380765204e-02,9.587398976076524360e-01,3.125832266857373298e+01,-7.382797681308277404e-01,-6.317949615521867290e-01,2.361738989091765051e-01,4.454674791524625022e+01,0.000000000000000000e+00,0.000000000000000000e+00,0.000000000000000000e+00,1.000000000000000056e-01
6.038704009895209390e-01,-7.798012581524358389e-01,-1.650773654764139953e-01,1.844656707401522624e+02,2.875950960715416560e-01,2.000698789250421328e-02,9.575430962369633203e-01,3.160572411948089311e+01,-7.433906103283496325e-01,-6.257073742727887744e-01,2.363486455562976429e-01,4.368781639498946134e+01,0.000000000000000000e+00,0.000000000000000000e+00,0.000000000000000000e+00,1.000000000000000056e-01
5.995031472715776077e-01,-7.828466206632233026e-01,-1.665747427662567226e-01,1.851367907643912929e+02,2.923553037433236357e-01,2.044754109514290707e-02,9.560911433730110431e-01,3.195707268171266335e+01,-7.450666767374730659e-01,-6.218786590479961074e-01,2.411277268089342396e-01,4.285601818660347817e+01,0.000000000000000000e+00,0.000000000000000000e+00,0.000000000000000000e+00,1.000000000000000056e-01
5.944139671542992831e-01,-7.869684436220647505e-01,-1.653865302706142293e-01,1.857884775824909696e+02,2.932941638432666198e-01,2.066395947353161233e-02,9.557988984270464616e-01,3.230605406142680636e+01,-7.487660309518366919e-01,-6.166471191223887871e-01,2.430961977709479305e-01,4.202970232446153886e+01,0.000000000000000000e+00,0.000000000000000000e+00,0.000000000000000000e+00,1.000000000000000056e-01
5.917661770722804082e-01,-7.895311642125459883e-01,-1.626448044372781898e-01,1.864467391953735671e+02,2.909972246799321649e-01,2.106804403876194609e-02,9.564918989458084386e-01,3.265046270315061605e+01,-7.517535546319922268e-01,-6.133487411396254529e-01,2.422187334633750799e-01,4.129037004011576784e+01,0.000000000000000000e+00,0.000000000000000000e+00,0.000000000000000000e+00,1.000000000000000056e-01
5.900394903351547926e-01,-7.908688252723413692e-01,-1.624189060958656228e-01,1.870779942892540078e+02,2.914291459652816885e-01,2.101931716257399163e-02,9.563614594848360850e-01,3.297903101235649359e+01,-7.529425294980868211e-01,-6.116246312227507920e-01,2.428844535054821563e-01,4.048739751654182584e+01,0.000000000000000000e+00,0.000000000000000000e+00,0.000000000000000000e+00,1.000000000000000056e-01
5.844824116293014793e-01,-7.948944139246955087e-01,-1.628593909091848868e-01,1.876611040054452531e+02,2.928267467262523072e-01,1.945388290786143060e-02,9.559675950792092536e-01,3.329917736295968211e+01,-7.567250537002955246e-01,-6.064358310251154460e-01,2.441367976179803501e-01,3.968437047436705711e+01,0.000000000000000000e+00,0.000000000000000000e+00,0.000000000000000000e+00,1.000000000000000056e-01
5.801237724385406302e-01,-7.970888248133020104e-01,-1.676478869816900308e-01,1.882031643284036591e+02,2.971284527220304783e-01,1.545090798279347144e-02,9.547124970510857400e-01,3.360286153849381918e+01,-7.584003502337590685e-01,-6.036643726444822500e-01,2.458012082253768771e-01,3.893067258093093130e+01,0.000000000000000000e+00,0.000000000000000000e+00,0.000000000000000000e+00,1.000000000000000056e-01
5.738561068510104057e-01,-8.013648506109063430e-01,-1.688299287305468077e-01,1.887550799559643906e+02,3.000526358763529466e-01,1.391811502600914796e-02,9.538211057518990454e-01,3.391775816527999154e+01,-7.620089135524954482e-01,-5.980139315095280850e-01,2.484386310279923515e-01,3.815498503200611680e+01,0.000000000000000000e+00,0.000000000000000000e+00,0.000000000000000000e+00,1.000000000000000056e-01
5.686360471064295652e-01,-8.049093882231496133e-01,-1.696287790482783331e-01,1.892712015982031630e+02,3.004883579252105585e-01,1.129367814728832187e-02,9.537186165663940063e-01,3.422609225904405861e+01,-7.657413353623958585e-01,-5.932902574492024961e-01,2.482878928447261879e-01,3.741676033626466591e+01,0.000000000000000000e+00,0.000000000000000000e+00,0.000000000000000000e+00,1.000000000000000056e-01
5.656447346746316107e-01,-8.066152184672525927e-01,-1.715165399367999388e-01,1.897428357185771404e+02,3.045145647719422199e-01,1.101785387539244709e-02,9.524439546439124049e-01,3.450361143336977676e+01,-7.663660443786769472e-01,-5.909741925270567409e-01,2.518582732220107090e-01,3.671618842025945639e+01,0.000000000000000000e+00,0.000000000000000000e+00,0.000000000000000000e+00,1.000000000000000056e-01
5.606347523463558469e-01,-8.099577961539738968e-01,-1.722122031417568921e-01,1.902408431302321219e+02,3.047415658744072053e-01,8.437730733278581141e-03,9.523977019756436624e-01,3.479739787572513166e+01,-7.699488635552068638e-01,-5.864274662304539421e-01,2.515582921721628562e-01,3.602723954350221902e+01,0.000000000000000000e+00,0.000000000000000000e+00,0.000000000000000000e+00,1.000000000000000056e-01
5.553093198112220019e-01,-8.132051511087301510e-01,-1.741520644179254673e-01,1.907170205177699813e+02,3.081579357309977563e-01,6.701991186780054122e-03,9.513116050801349033e-01,3.508725165479796715e+01,-7.724443319597913415e-01,-5.819385410198911757e-01,2.543172988587920624e-01,3.534798824775083403e+01,0.000000000000000000e+00,0.000000000000000000e+00,0.000000000000000000e+00,1.000000000000000056e-01
5.518741736781456186e-01,-8.154582269479456746e-01,-1.745358889454446949e-01,1.911773823244092227e+02,3.081434531391052944e-01,4.924448847916318428e-03,9.513271582852306230e-01,3.538246146483206900e+01,-7.749080646854644705e-01,-5.787949808925928474e-01,2.539957900811963265e-01,3.467521244266067271e+01,0.000000000000000000e+00,0.000000000000000000e+00,0.000000000000000000e+00,1.000000000000000056e-01
5.507282040184102723e-01,-8.145071024803913762e-01,-1.824188184032921045e-01,1.915806769613181757e+02,3.102446712348385094e-01,-3.138394071035666144e-03,9.506515631150256329e-01,3.567466335673021405e+01,-7.748849522793967992e-01,-5.801450943442094665e-01,2.509680860972266503e-01,3.397886421777356958e+01,0.000000000000000000e+00,0.000000000000000000e+00,0.000000000000000000e+00,1.000000000000000056e-01
5.467877291707083920e-01,-8.180003468739307504e-01,-1.786018245776594959e-01,1.920270591220198639e+02,3.123621093722044884e-01,1.382399374062037722e-03,9.499621053497437906e-01,3.595481657206890702e+01,-7.768224326426773629e-01,-5.752160650452138313e-01,2.562681928312864343e-01,3.334252540230247064e+01,0.000000000000000000e+00,0.000000000000000000e+00,0.000000000000000000e+00,1.000000000000000056e-01
5.447377729446910566e-01,-8.185907575585706919e-01,-1.821261386153660844e-01,1.924647482099022682e+02,3.165257097796658203e-01,-4.133957751779604450e-04,9.485838413932697888e-01,3.623440741841566393e+01,-7.765772555101888575e-01,-5.743770545065484123e-01,2.588798282613856694e-01,3.270824373406649244e+01,0.000000000000000000e+00,0.000000000000000000e+00,0.000000000000000000e+00,1.000000000000000056e-01
5.327643652855633682e-01,-8.256733708359478285e-01,-1.855414125586903329e-01,1.928651571508429754e+02,3.208881219348003189e-01,-5.775191949837665817e-03,9.470994986584562181e-01,3.651063945378064091e+01,-7.830663728465343532e-01,-5.641188986821357165e-01,2.618719608255658526e-01,3.209778954635758907e+01,0.000000000000000000e+00,0.000000000000000000e+00,0.000000000000000000e+00,1.000000000000000056e-01
5.284433224192033318e-01,-8.282869168974522633e-01,-1.862483242530439953e-01,1.932625694560674674e+02,3.218259677537245733e-01,-7.566560074782513468e-03,9.467686061799966968e-01,3.677336329828285244e+01,-7.856053089624157604e-01,-5.602530950072011073e-01,2.625657404630687974e-01,3.150520135336655159e+01,0.000000000000000000e+00,0.000000000000000000e+00,0.000000000000000000e+00,1.000000000000000056e-01
5.257872830112413354e-01,-8.297016982259435292e-01,-1.874641965406783073e-01,1.936528409120184619e+02,3.224999686098559137e-01,-9.488456437642955876e-03,9.465219170421110828e-01,3.704718805229138923e+01,-7.871095878404090751e-01,-5.581263845720036976e-01,2.625898619030921921e-01,3.090510779160504740e+01,0.000000000000000000e+00,0.000000000000000000e+00,0.000000000000000000e+00,1.000000000000000056e-01
5.251629179738417363e-01,-8.299947075484814807e-01,-1.879167236482978676e-01,1.939995720653096214e+02,3.237268635311923437e-01,-9.372888958516956137e-03,9.461041521845403590e-01,3.728715783707089315e+01,-7.870227616870153486e-01,-5.576925088201221126e-01,2.637692897068596443e-01,3.035482772684418862e+01,0.000000000000000000e+00,0.000000000000000000e+00,0.000000000000000000e+00,1.000000000000000056e-01
5.199999554739276331e-01,-8.333713705466408994e-01,-1.873291356418610998e-01,1.942640738195736390e+02,3.260102879476755033e-01,-9.072960764985760207e-03,9.453226822282595476e-01,3.750782893990110978e+01,-7.895044891952085475e-01,-5.526389781187811545e-01,2.669697012854499452e-01,2.982828086479984364e+01,0.000000000000000000e+00,0.000000000000000000e+00,0.000000000000000000e+00,1.000000000000000056e-01
5.221304200638219317e-01,-8.324815433051859781e-01,-1.853491421620093726e-01,1.945722952911955872e+02,3.269578196822445215e-01,-5.339140892924643111e-03,9.450238503462008444e-01,3.772195341731179496e+01,-7.877045185807999284e-01,-5.540270513528572360e-01,2.693986224475707347e-01,2.935872768599214666e+01,0.000000000000000000e+00,0.000000000000000000e+00,0.000000000000000000e+00,1.000000000000000056e-01
5.238298948035744473e-01,-8.322394832995154701e-01,-1.816030939919024423e-01,1.948444446923116402e+02,3.283735827589150946e-01,5.756814650749175755e-04,9.445477535503036259e-01,3.791787578411580029e+01,-7.859853888312111625e-01,-5.544160089934332403e-01,2.735870200057805013e-01,2.890836834162550772e+01,0.000000000000000000e+00,0.000000000000000000e+00,0.000000000000000000e+00,1.000000000000000056e-01
5.286320714619299199e-01,-8.289651229685528477e-01,-1.826607728101495853e-01,1.950927788655163795e+02,3.299552110619749512e-01,2.405795225234985679e-03,9.439935226697172554e-01,3.808974089211931613e+01,-7.820982621863551421e-01,-5.592951251808532254e-01,2.747931426255341147e-01,2.852220158553908291e+01,0.000000000000000000e+00,0.000000000000000000e+00,0.000000000000000000e+00,1.000000000000000056e-01
5.316670155710809809e-01,-8.274909772427215815e-01,-1.805238686036444995e-01,1.953380648849631882e+02,3.329030488170711122e-01,8.184989444257162461e-03,9.429255357853537634e-01,3.825559458945463831e+01,-7.787847871151818424e-01,-5.614193517591671290e-01,2.798259581030284604e-01,2.814248944170469002e+01,0.000000000000000000e+00,0.000000000000000000e+00,0.000000000000000000e+00,1.000000000000000056e-01
5.351742875882190553e-01,-8.264417095485463438e-01,-1.748787655003270491e-01,1.956015273700450052e+02,3.353380318846550523e-01,1.783659956622796194e-02,9.419290101104437207e-01,3.842766683569071517e+01,-7.753301788761792768e-01,-5.627396879858309608e-01,2.866830258132516684e-01,2.779226807597019899e+01,0.000000000000000000e+00,0.000000000000000000e+00,0.000000000000000000e+00,1.000000000000000056e-01
5.354448679877129580e-01,-8.262442538841772155e-01,-1.749835028481259158e-01,1.958318435545164107e+02,3.382636119894548710e-01,1.995787816991623220e-02,9.408397376295298820e-01,3.860187405800115101e+01,-7.738711276107077541e-01,-5.629583608246122584e-01,2.901747091463995343e-01,2.743367117777762942e+01,0.000000000000000000e+00,0.000000000000000000e+00,0.000000000000000000e+00,1.000000000000000056e-01
5.412818317885630393e-01,-8.225793359762088031e-01,-1.742906038791456891e-01,1.960762419217706736e+02,3.411918776011322318e-01,2.541859395233936336e-02,9.396499336138433023e-01,3.876781329157619638e+01,-7.685063963524518815e-01,-5.680819756922634856e-01,2.944160112136271490e-01,2.708983792952637870e+01,0.000000000000000000e+00,0.000000000000000000e+00,0.000000000000000000e+00,1.000000000000000056e-01
5.486219929114672933e-01,-8.186831437546550072e-01,-1.696225781723791903e-01,1.963442463137596121e+02,3.433867887181732970e-01,3.566203844761561825e-02,9.385167725446260656e-01,3.892219328840728565e+01,-7.622987749089398246e-01,-5.731370945469816958e-01,3.006899543160259647e-01,2.679727809344160505e+01,0.000000000000000000e+00,0.000000000000000000e+00,0.000000000000000000e+00,1.000000000000000056e-01
5.520247578239558806e-01,-8.164562946585023351e-01,-1.693156391533627847e-01,1.965306376908536663e+02,3.457795560742704111e-01,3.937415519691644938e-02,9.374892930074507635e-01,3.907010145209557805e+01,-7.587523741975925606e-01,-5.760631864778706923e-01,3.040494036081612395e-01,2.650047050071064803e+01,0.000000000000000000e+00,0.000000000000000000e+00,0.000000000000000000e+00,1.000000000000000056e-01
5.572207841761327440e-01,-8.130495907048596038e-01,-1.686871682636120195e-01,1.967386261133664505e+02,3.488790518298743315e-01,4.488769971210693210e-02,9.360921437598137551e-01,3.921200654503545735e+01,-7.535173553916483247e-01,-5.804614177266360642e-01,3.086683295292217410e-01,2.621517894810644478e+01,0.000000000000000000e+00,0.000000000000000000e+00,0.000000000000000000e+00,1.000000000000000056e-01
5.643147089316324916e-01,-8.081671960578576952e-01,-1.685665817989647763e-01,1.969582950691081180e+02,3.557503692888331903e-01,5.379735679224284528e-02,9.330313602194876266e-01,3.937205476649053537e+01,-7.449769016783445164e-01,-5.864909441910833854e-01,3.178644181842094074e-01,2.592610103005497635e+01,0.000000000000000000e+00,0.000000000000000000e+00,0.000000000000000000e+00,1.000000000000000056e-01
5.715553644980043702e-01,-8.031341446660693606e-01,-1.682260710622900945e-01,1.971459287779593694e+02,3.608820010781643717e-01,6.190812163721870487e-02,9.305544399835891101e-01,3.950675278235721777e+01,-7.369454841515572507e-01,-5.925731432885333883e-01,3.252205762890383323e-01,2.567794485091786783e+01,0.000000000000000000e+00,0.000000000000000000e+00,0.000000000000000000e+00,1.000000000000000056e-01
5.759905137651606388e-01,-8.001078031940005442e-01,-1.675184506871320034e-01,1.973204415929858442e+02,3.630884524049791118e-01,6.680488410053120329e-02,9.293567039573513711e-01,3.961433371366850764e+01,-7.323945001040789160e-01,-5.961246603927616849e-01,3.289888835339440654e-01,2.548875727591448381e+01,0.000000000000000000e+00,0.000000000000000000e+00,0.000000000000000000e+00,1.000000000000000056e-01
5.842415701980606668e-01,-7.946516562632984781e-01,-1.648955210140683469e-01,1.974734008046287386e+02,3.640625435316945380e-01,7.502670307860670462e-02,9.283477033000016032e-01,3.973107295367574920e+01,-7.253414727214607671e-01,-6.024116026631221033e-01,3.331366220143190393e-01,2.528710608684838235e+01,0.000000000000000000e+00,0.000000000000000000e+00,0.000000000000000000e+00,1.000000000000000056e-01
5.914624654983531293e-01,-7.899414323205802280e-01,-1.617550166452956240e-01,1.976412199224890855e+02,3.669408178125390663e-01,8.505740323833665961e-02,9.263474911594549166e-01,3.982679706755421023e+01,-7.180018023164529417e-01,-6.072542891224907979e-01,3.401700166279562065e-01,2.508402593299138061e+01,0.000000000000000000e+00,0.000000000000000000e+00,0.000000000000000000e+00,1.000000000000000056e-01
5.983706899433800519e-01,-7.844118189697699695e-01,-1.632501628704240426e-01,1.978299636458685313e+02,3.716185230599091671e-01,9.120161623796652073e-02,9.238949824056597038e-01,3.993683806966010508e+01,-7.098254649809733197e-01,-6.134984624724981739e-01,3.460743356685461736e-01,2.490423920725063667e+01,0.000000000000000000e+00,0.000000000000000000e+00,0.000000000000000000e+00,1.000000000000000056e-01
6.071182796831675610e-01,-7.771870035662513665e-01,-1.654924649712566365e-01,1.980096424756533793e+02,3.768414215656119559e-01,9.825192789132719540e-02,9.210521709751551267e-01,4.003813021681384754e+01,-6.995698231534575040e-01,-6.215520252990485162e-01,3.525267966831616695e-01,2.472210652104038431e+01,0.000000000000000000e+00,0.000000000000000000e+00,0.000000000000000000e+00,1.000000000000000056e-01
6.166269513448905393e-01,-7.693288403573320666e-01,-1.670459166503295845e-01,1.981746933205272967e+02,3.807032065355985262e-01,1.056724881110306935e-01,9.186394253405073540e-01,4.014006100607768701e+01,-6.890836461625102771e-01,-6.300527443403979300e-01,3.580464605892837993e-01,2.454396422475801387e+01,0.000000000000000000e+00,0.000000000000000000e+00,0.000000000000000000e+00,1.000000000000000056e-01
6.302184454792063573e-01,-7.583405144433418288e-01,-1.665664285850550486e-01,1.983199080023789520e+02,3.815644970186088392e-01,1.156667567862215140e-01,9.170767339702239340e-01,4.023281243569891075e+01,-6.761902436391022952e-01,-6.415145092111047553e-01,3.622511406178408055e-01,2.436994008758440344e+01,0.000000000000000000e+00,0.000000000000000000e+00,0.000000000000000000e+00,1.000000000000000056e-01
6.417150499194594904e-01,-7.484705567750198352e-01,-1.673129413636541829e-01,1.984851865035232663e+02,3.833438435050078308e-01,1.240757877596536662e-01,9.152336841149530944e-01,4.033979115376667579e+01,-6.642659801266913577e-01,-6.514576153002691328e-01,3.665428803204515695e-01,2.418262924834030869e+01,0.000000000000000000e+00,0.000000000000000000e+00,0.000000000000000000e+00,1.000000000000000056e-01
6.541444133603708799e-01,-7.379966333013694424e-01,-1.656986895097863621e-01,1.986517542166760393e+02,3.838001586651555996e-01,1.350929518098795690e-01,9.134808879116713687e-01,4.044054048385808642e+01,-6.517610947870530191e-01,-6.611436028633552731e-01,3.716135246662105596e-01,2.401625902381121236e+01,0.000000000000000000e+00,0.000000000000000000e+00,0.000000000000000000e+00,1.000000000000000056e-01
6.679423430497428704e-01,-7.265635633302447438e-01,-1.611161531382787060e-01,1.988174664216605834e+02,3.809146517056232195e-01,1.477841141365752176e-01,9.127233336147662079e-01,4.055040974853059765e+01,-6.393411096411707462e-01,-6.710180653676363072e-01,3.754699741298512805e-01,2.384544037190233468e+01,0.000000000000000000e+00,0.000000000000000000e+00,0.000000000000000000e+00,1.000000000000000056e-01
6.853325832293937214e-01,-7.113732291311953837e-01,-1.557799064051008375e-01,1.990142560189752885e+02,3.774691553532707466e-01,1.640751709450261053e-01,9.113706024643591919e-01,4.063957995010247970e+01,-6.227650336370970097e-01,-6.833940789579732167e-01,3.809675126886400420e-01,2.369080801300951933e+01,0.000000000000000000e+00,0.000000000000000000e+00,0.000000000000000000e+00,1.000000000000000056e-01
7.000245976770129719e-01,-6.966492569631770326e-01,-1.569884563265382671e-01,1.991624242531694904e+02,3.763367072650302680e-01,1.730534874912460497e-01,9.101775503889514285e-01,4.073201396185852019e+01,-6.069071143198530027e-01,-6.962271922582244921e-01,3.833163854418154548e-01,2.353467248505103271e+01,0.000000000000000000e+00,0.000000000000000000e+00,0.000000000000000000e+00,1.000000000000000056e-01
7.169410001465088556e-01,-6.787121403199064540e-01,-1.592024902170043332e-01,1.993441248967689603e+02,3.781027661961785524e-01,1.867096036986499730e-01,9.067402175273198139e-01,4.082704403480568800e+01,-5.856909598958495167e-01,-7.102741403634691419e-01,3.904827077185538675e-01,2.339431870149588377e+01,0.000000000000000000e+00,0.000000000000000000e+00,0.000000000000000000e+00,1.000000000000000056e-01
7.381752356642330426e-01,-6.559728635624176851e-01,-1.574703899841994048e-01,1.995331517466732123e+02,3.731086432428191157e-01,2.025134705833651072e-01,9.054160560591929530e-01,4.093427698090672351e+01,-5.620384878187230093e-01,-7.271092741135974924e-01,3.942395740009377869e-01,2.324356719805784621e+01,0.000000000000000000e+00,0.000000000000000000e+00,0.000000000000000000e+00,1.000000000000000056e-01
7.598576571852748707e-01,-6.310928475197854493e-01,-1.560069185205393005e-01,1.997439948833066410e+02,3.698442984756677987e-01,2.223034996795525409e-01,9.021066172660880955e-01,4.103622815049691042e+01,-5.346321498955580731e-01,-7.431708900647227001e-01,4.023251079145588882e-01,2.307904739840517649e+01,0.000000000000000000e+00,0.000000000000000000e+00,0.000000000000000000e+00,1.000000000000000056e-01
7.803124464768822488e-01,-6.076389620115564272e-01,-1.479438329866468449e-01,1.999677166793315450e+02,3.601182116454386684e-01,2.431673431402319174e-01,9.006578245212837341e-01,4.115073772811664554e+01,-5.112996768183544205e-01,-7.560717790498721058e-01,4.085683607547303531e-01,2.294886165713892012e+01,0.000000000000000000e+00,0.000000000000000000e+00,0.000000000000000000e+00,1.000000000000000056e-01
8.045226577625744779e-01,-5.766341216142337744e-01,-1.422546411785023113e-01,2.001838344668891239e+02,3.476089517745027946e-01,2.629540327895165674e-01,9.000128850666310187e-01,4.125235023003953927e+01,-4.815717078409764706e-01,-7.735297450194856816e-01,4.119956599009441112e-01,2.280064648462965948e+01,0.000000000000000000e+00,0.000000000000000000e+00,0.000000000000000000e+00,1.000000000000000056e-01
8.271902077937182129e-01,-5.448400432345322786e-01,-1.374979542334295868e-01,2.004924575719794575e+02,3.336702946237789513e-01,2.793731695993875164e-01,9.003414722168876505e-01,4.137001503757833376e+01,-4.521288473608666703e-01,-7.906326323876247120e-01,4.128916879618057534e-01,2.262707589251861151e+01,0.000000000000000000e+00,0.000000000000000000e+00,0.000000000000000000e+00,1.000000000000000056e-01
8.490517045200338675e-01,-5.098966589464213328e-01,-1.382627941526638482e-01,2.007870433404922608e+02,3.230660196138862017e-01,2.940337323609226727e-01,8.995401665321819396e-01,4.148770744961039725e+01,-4.180186000915092626e-01,-8.084241222459794818e-01,4.143801256676684641e-01,2.246229311243694227e+01,0.000000000000000000e+00,0.000000000000000000e+00,0.000000000000000000e+00,1.000000000000000056e-01
8.744078181313188480e-01,-4.661568558688010677e-01,-1.345687679862612729e-01,2.011016074745764968e+02,3.055875028424351880e-01,3.136923797463413432e-01,8.990068792815781862e-01,4.159662065381149176e+01,-3.768650231811795370e-01,-8.272211775671554079e-01,4.167467788562473352e-01,2.230993515835690033e+01,0.000000000000000000e+00,0.000000000000000000e+00,0.000000000000000000e+00,1.000000000000000056e-01
8.955452335774181094e-01,-4.246337034280540657e-01,-1.329847830758962846e-01,2.014423264450584554e+02,2.904993640585886716e-01,3.315525363857136920e-01,8.975984821164503247e-01,4.171603867843431601e+01,-3.370591255229908323e-01,-8.424720372387296541e-01,4.202761144444223662e-01,2.217997550458344591e+01,0.000000000000000000e+00,0.000000000000000000e+00,0.000000000000000000e+00,1.000000000000000056e-01
9.178237900078051181e-01,-3.758708204375972306e-01,-1.277521696069233159e-01,2.017975532218080161e+02,2.694773749321978107e-01,3.535759650313560210e-01,8.957488383200935544e-01,4.182708884206865463e+01,-2.915157541117807671e-01,-8.565659129896034951e-01,4.258091142858815292e-01,2.208207808784828430e+01,0.000000000000000000e+00,0.000000000000000000e+00,0.000000000000000000e+00,1.000000000000000056e-01
9.366732079204648231e-01,-3.275743103375751697e-01,-1.238481843663749027e-01,2.021976760645282809e+02,2.497878174777771743e-01,3.770524680014079033e-01,8.918730193327611966e-01,4.192587555369399865e+01,-2.454574256437850321e-01,-8.663293297475903598e-01,4.349990167982180633e-01,2.198236377387427964e+01,0.000000000000000000e+00,0.000000000000000000e+00,0.000000000000000000e+00,1.000000000000000056e-01
9.540979305101191521e-01,-2.718849519563030781e-01,-1.256014008521662562e-01,2.025699437990327567e+02,2.297556534019997154e-01,3.954350821138049588e-01,8.892937847322831546e-01,4.200108734043959657e+01,-1.921183976773904734e-01,-8.773309915495787203e-01,4.397508982827721402e-01,2.192806627090115512e+01,0.000000000000000000e+00,0.000000000000000000e+00,0.000000000000000000e+00,1.000000000000000056e-01
9.686831281123788884e-01,-2.146794615292368924e-01,-1.247626791469848978e-01,2.029653854109115230e+02,2.056991321230627334e-01,4.123971493771330099e-01,8.874775818179484466e-01,4.207892759947838357e+01,-1.390714361550760281e-01,-8.853481349069028949e-01,4.436415396044797177e-01,2.186904331773654420e+01,0.000000000000000000e+00,0.000000000000000000e+00,0.000000000000000000e+00,1.000000000000000056e-01
9.795655170238420917e-01,-1.554099068573506215e-01,-1.276681585533467334e-01,2.033846686107050061e+02,1.832192723446834370e-01,4.277006856849939753e-01,8.851569474991827224e-01,4.215350067054376382e+01,-8.295839981157776544e-02,-8.904604900360126862e-01,4.474349333540317275e-01,2.182479549553117337e+01,0.000000000000000000e+00,0.000000000000000000e+00,0.000000000000000000e+00,1.000000000000000056e-01
9.871085559099012086e-01,-9.395450991154899456e-02,-1.295733341268565098e-01,2.037839497492355747e+02,1.579782278703733278e-01,4.420431595935686575e-01,8.829726635493713172e-01,4.221527802900545367e+01,-2.568225785256738475e-02,-8.920596365287556395e-01,4.511873518925134663e-01,2.180635993174962906e+01,0.000000000000000000e+00,0.000000000000000000e+00,0.000000000000000000e+00,1.000000000000000056e-01
9.912695708701942943e-01,-2.790593569959638059e-02,-1.288638685572912057e-01,2.041857048496338791e+02,1.274039270081494812e-01,4.544090061130933167e-01,8.816352389430750502e-01,4.225857470088633505e+01,3.395404614656326314e-02,-8.903559478748042100e-01,4.539971462842429251e-01,2.184162089601699819e+01,0.000000000000000000e+00,0.000000000000000000e+00,0.000000000000000000e+00,1.000000000000000056e-01
9.913164373763978521e-01,3.621546290029190041e-02,-1.264126624760506523e-01,2.046628666523869526e+02,9.493730948850540030e-02,4.680599473724895709e-01,8.785822630424235946e-01,4.229899165090696300e+01,9.098696749782395066e-02,-8.829543170020632825e-01,4.605573208982460809e-01,2.190906491615293206e+01,0.000000000000000000e+00,0.000000000000000000e+00,0.000000000000000000e+00,1.000000000000000056e-01
9.876305739927190297e-01,9.249567593608203075e-02,-1.266112129629107796e-01,2.051429858666220696e+02,6.684128649170893721e-02,4.820764272054066657e-01,8.735757326946550494e-01,4.234046457578443068e+01,1.418382590662531362e-01,-8.712329586660488845e-01,4.699308885347470710e-01,2.200970652581009190e+01,0.000000000000000000e+00,0.000000000000000000e+00,0.000000000000000000e+00,1.000000000000000056e-01
9.805639305677942286e-01,1.509927982069708130e-01,-1.252818939794058395e-01,2.056218774420601108e+02,3.559611941296893234e-02,4.910344591789526092e-01,8.704125896272246754e-01,4.233666468709264308e+01,1.929437595574828579e-01,-8.579547393589376236e-01,4.761159216612711464e-01,2.212608707778267103e+01,0.000000000000000000e+00,0.000000000000000000e+00,0.000000000000000000e+00,1.000000000000000056e-01
9.698739942868049857e-01,2.071330426202677988e-01,-1.282198809117713334e-01,2.061214088872370951e+02,8.398795022214716743e-03,4.975942449168408999e-01,8.673692568150049853e-01,4.232563015267911055e+01,2.434623080649925275e-01,-8.423157781262972099e-01,4.808640498843279598e-01,2.228292324266375246e+01,0.000000000000000000e+00,0.000000000000000000e+00,0.000000000000000000e+00,1.000000000000000056e-01
9.565514789537662432e-01,2.618301919076155282e-01,-1.282739986005884125e-01,2.066385927253209616e+02,-2.020303385208359337e-02,4.984168582099648415e-01,8.667020669614671213e-01,4.231184198755298809e+01,2.908626918917826543e-01,-8.264536200282077694e-01,4.820511470868384940e-01,2.244098095075312216e+01,0.000000000000000000e+00,0.000000000000000000e+00,0.000000000000000000e+00,1.000000000000000056e-01
9.425359012794438662e-01,3.083054277513536112e-01,-1.287394190541549799e-01,2.071750865652201696e+02,-4.500231202631962968e-02,4.989665173397159759e-01,8.654520243700172255e-01,4.229230825773160518e+01,3.310602161414629707e-01,-8.099260322973511617e-01,4.841683131881288071e-01,2.264737324348182668e+01,0.000000000000000000e+00,0.000000000000000000e+00,0.000000000000000000e+00,1.000000000000000056e-01
9.267614093505882611e-01,3.518297691113885239e-01,-1.316400535761760304e-01,2.077790809792160758e+02,-6.804782750563473370e-02,5.018688994424375105e-01,8.622627795192137068e-01,4.223427230514814568e+01,3.694357634424080272e-01,-7.901540491191978433e-01,4.890539799963411483e-01,2.291168143886692476e+01,0.000000000000000000e+00,0.000000000000000000e+00,0.000000000000000000e+00,1.000000000000000056e-01
9.114706410231852018e-01,3.900838995566787704e-01,-1.305979397212634618e-01,2.083573645536439471e+02,-9.263281446358379023e-02,5.039509473686893948e-01,8.587506065970235136e-01,4.216340366539856888e+01,4.007997408149599483e-01,-7.706283111545121356e-01,4.954710625352458653e-01,2.318710129275236653e+01,0.000000000000000000e+00,0.000000000000000000e+00,0.000000000000000000e+00,1.000000000000000056e-01
8.984503402047118170e-01,4.182359929244175989e-01,-1.336624121006505517e-01,2.089474797164725999e+02,-1.084754479893359491e-01,5.064128775322063181e-01,8.554408656669749700e-01,4.207689925696045918e+01,4.254645265701366696e-01,-7.540720467515535930e-01,5.003551588005987760e-01,2.349313905834607752e+01,0.000000000000000000e+00,0.000000000000000000e+00,0.000000000000000000e+00,1.000000000000000056e-01
8.872631643508399613e-01,4.409853372994884113e-01,-1.352627423682911390e-01,2.095497418421544751e+02,-1.239569770945041782e-01,5.104119074592615712e-01,8.509490892840715359e-01,4.197315939727840117e+01,4.442957855029988634e-01,-7.382490210021647181e-01,5.075328934892974209e-01,2.384256747336684867e+01,0.000000000000000000e+00,0.000000000000000000e+00,0.000000000000000000e+00,1.000000000000000056e-01
8.770586035734277974e-01,4.604750506783509278e-01,-1.368610010214706962e-01,2.101708105120379173e+02,-1.372383805011269386e-01,5.132045341518776116e-01,8.472229535626276675e-01,4.189755777228919698e+01,4.603627187503965823e-01,-7.242815984330435164e-01,5.133053022870684989e-01,2.416362724162967979e+01,0.000000000000000000e+00,0.000000000000000000e+00,0.000000000000000000e+00,1.000000000000000056e-01
8.709591828067789754e-01,4.721931727616950347e-01,-1.358812330007047042e-01,2.108314445201105514e+02,-1.475483534161356192e-01,5.151201071762350203e-01,8.443226626041320237e-01,4.179408602102471093e+01,4.686785521962092971e-01,-7.153215240575303557e-01,5.183199127288830033e-01,2.452194246296583913e+01,0.000000000000000000e+00,0.000000000000000000e+00,0.000000000000000000e+00,1.000000000000000056e-01
8.672344011882574533e-01,4.785864727355831350e-01,-1.373298274598695468e-01,2.115060430024759341e+02,-1.540205438643619806e-01,5.201538307675209749e-01,8.400700354170473894e-01,4.168881944868416412e+01,4.734787909329949418e-01,-7.073860194069332419e-01,5.248074447683104271e-01,2.488201784299690544e+01,0.000000000000000000e+00,0.000000000000000000e+00,0.000000000000000000e+00,1.000000000000000056e-01
8.651360743665333919e-01,4.809742328967154812e-01,-1.421385244016561689e-01,2.121697467796435603e+02,-1.541685300645321555e-01,5.247166455383105443e-01,8.372003978933386659e-01,4.157115991335226823e+01,4.772542688833757429e-01,-7.023789783189977598e-01,5.281023893603923325e-01,2.525597555309396469e+01,0.000000000000000000e+00,0.000000000000000000e+00,0.000000000000000000e+00,1.000000000000000056e-01
8.614152163566985987e-01,4.868397712087787488e-01,-1.447441266460441633e-01,2.128425371669263484e+02,-1.569478482068578373e-01,5.261867284344444728e-01,8.357600730847898340e-01,4.145583804925195892e+01,4.830436812260141544e-01,-6.972191649609469355e-01,5.296737090311172125e-01,2.563096136559464000e+01,0.000000000000000000e+00,0.000000000000000000e+00,0.000000000000000000e+00,1.000000000000000056e-01
8.614567048350411094e-01,4.867850530358338590e-01,-1.446812283458132342e-01,2.135321554115867571e+02,-1.585734174977597999e-01,5.285020441148156056e-01,8.339904439677608972e-01,4.134830743249710139e+01,4.824384074240297693e-01,-6.955040628978109707e-01,5.324727988684530011e-01,2.601945782981400157e+01,0.000000000000000000e+00,0.000000000000000000e+00,0.000000000000000000e+00,1.000000000000000056e-01
8.600342012350828957e-01,4.894210122331195678e-01,-1.442506342815917386e-01,2.142607480779254274e+02,-1.634330457350355315e-01,5.320561527668994373e-01,8.307863081831907692e-01,4.121229974517800798e+01,4.833537134104823330e-01,-6.909293184455225223e-01,5.375740550330745382e-01,2.642508332903038237e+01,0.000000000000000000e+00,0.000000000000000000e+00,0.000000000000000000e+00,1.000000000000000056e-01
8.588342871404047729e-01,4.913842580486130762e-01,-1.447244905814034921e-01,2.149986659166798972e+02,-1.664740024201377400e-01,5.349257875687498665e-01,8.283361686611134811e-01,4.108196600422005673e+01,4.844482157571154968e-01,-6.873106377293798364e-01,5.412153116032293321e-01,2.682737494527630417e+01,0.000000000000000000e+00,0.000000000000000000e+00,0.000000000000000000e+00,1.000000000000000056e-01
8.573203346872949604e-01,4.939474331594633782e-01,-1.449750909875280880e-01,2.157183504015076778e+02,-1.695853336044224613e-01,5.368994877278123745e-01,8.264258918402118681e-01,4.095040306113081385e+01,4.860480000554897040e-01,-6.839260730172451730e-01,5.440610887476411417e-01,2.724206489903689388e+01,0.000000000000000000e+00,0.000000000000000000e+00,0.000000000000000000e+00,1.000000000000000056e-01
8.573357535845134159e-01,4.944638694343133078e-01,-1.431114511481208773e-01,2.164611636371768100e+02,-1.743385782500749270e-01,5.405027081390978427e-01,8.230813341511541426e-01,4.082182133869328311e+01,4.843361082548122143e-01,-6.807072089513580559e-01,5.495964245901125977e-01,2.766206656886174997e+01,0.000000000000000000e+00,0.000000000000000000e+00,0.000000000000000000e+00,1.000000000000000056e-01
8.568905439092684428e-01,4.935805203159123189e-01,-1.487174022216345426e-01,2.172170374499216337e+02,-1.707839626201904104e-01,5.440166135210882103e-01,8.215100500449111776e-01,4.066063574351307608e+01,4.863860954741855425e-01,-6.785456463479228040e-01,5.504583289874503960e-01,2.809915572929047656e+01,0.000000000000000000e+00,0.000000000000000000e+00,0.000000000000000000e+00,1.000000000000000056e-01
8.556642759751069693e-01,4.939076348492068558e-01,-1.545765022817456869e-01,2.180002220490108016e+02,-1.679675959406730090e-01,5.475458082681309291e-01,8.197441518924729609e-01,4.050560141501039624e+01,4.895156111237993768e-01,-6.754619427367182238e-01,5.514758656373199841e-01,2.854167823545733995e+01,0.000000000000000000e+00,0.000000000000000000e+00,0.000000000000000000e+00,1.000000000000000056e-01
8.536846682371126427e-01,4.946936220913792370e-01,-1.627903789509762278e-01,2.187137335363655097e+02,-1.632240772189305911e-01,5.509854348898709508e-01,8.183965732792680692e-01,4.035704123111946728e+01,4.945506928848845130e-01,-6.720812977619087247e-01,5.511137281593965209e-01,2.897262157366214907e+01,0.000000000000000000e+00,0.000000000000000000e+00,0.000000000000000000e+00,1.000000000000000056e-01
8.527140205760792568e-01,4.966065852273386927e-01,-1.620515307604953048e-01,2.195166440732872957e+02,-1.674545591746678663e-01,5.537100410927044969e-01,8.156985723934626620e-01,4.020998347894374092e+01,4.948108423676622625e-01,-6.684213415967186211e-01,5.553153521859872654e-01,2.943798930969560601e+01,0.000000000000000000e+00,0.000000000000000000e+00,0.000000000000000000e+00,1.000000000000000056e-01
8.529595243439005436e-01,4.967253430279013893e-01,-1.603869802223374941e-01,2.203944159241616205e+02,-1.703883077526178180e-01,5.553975034818563472e-01,8.139419129810924192e-01,4.003723126739670590e+01,4.933841043367996337e-01,-6.669314407942804612e-01,5.583677810080367454e-01,2.996387968747501063e+01,0.000000000000000000e+00,0.000000000000000000e+00,0.000000000000000000e+00,1.000000000000000056e-01
8.499579301482155236e-01,5.029446707922700099e-01,-1.569018008176331913e-01,2.213675062811032319e+02,-1.808746898373995993e-01,5.582713335810202127e-01,8.097020839036377371e-01,3.983770486195036398e+01,4.948291256124538462e-01,-6.598331427136137073e-01,5.654771084865328756e-01,3.051290230967348904e+01,0.000000000000000000e+00,0.000000000000000000e+00,0.000000000000000000e+00,1.000000000000000056e-01
8.486413319405383682e-01,5.052482923769281431e-01,-1.566271137842586425e-01,2.223509825311161023e+02,-1.844995041182234397e-01,5.602292059155349335e-01,8.075290519971271008e-01,3.966975898753219809e+01,4.957497581465054592e-01,-6.564049054428579000e-01,5.686517189002721073e-01,3.105917915340524615e+01,0.000000000000000000e+00,0.000000000000000000e+00,0.000000000000000000e+00,1.000000000000000056e-01
8.489812207998932436e-01,5.029128232902676521e-01,-1.622022777254837067e-01,2.233569548029913108e+02,-1.800947701839667736e-01,5.639554921429399403e-01,8.059280840336803253e-01,3.947606874064742755e+01,4.967864334716751706e-01,-6.550060267295459981e-01,5.693595915293483412e-01,3.165087074097576192e+01,0.000000000000000000e+00,0.000000000000000000e+00,0.000000000000000000e+00,1.000000000000000056e-01
8.444586162511512617e-01,5.071873448785063632e-01,-1.721936196096765237e-01,2.243264227887170250e+02,-1.769470006019714381e-01,5.675995050978351886e-01,8.040650227379989579e-01,3.927797260285282732e+01,5.055486172636187714e-01,-6.485304919645519250e-01,5.690595720792854806e-01,3.221640408154198809e+01,0.000000000000000000e+00,0.000000000000000000e+00,0.000000000000000000e+00,1.000000000000000056e-01
8.405033064155948974e-01,5.119644004613982391e-01,-1.773320178779161371e-01,2.252712930981977877e+02,-1.772449883915602209e-01,5.691041890995384156e-01,8.029350135841830660e-01,3.909070699649564062e+01,5.119945370748872904e-01,-6.434383223041333366e-01,5.690770768498005783e-01,3.278513136136699302e+01,0.000000000000000000e+00,0.000000000000000000e+00,0.000000000000000000e+00,1.000000000000000056e-01
8.382845611543122688e-01,5.157622170700884023e-01,-1.768285326899172727e-01,2.262080949907191041e+02,-1.813437143091365944e-01,5.695954966671188391e-01,8.016703982667093831e-01,3.892801193308841334e+01,5.141920378719300189e-01,-6.399611750875869864e-01,5.710133471028733254e-01,3.333368182981871541e+01,0.000000000000000000e+00,0.000000000000000000e+00,0.000000000000000000e+00,1.000000000000000056e-01
8.312695423342939538e-01,5.274269217290904477e-01,-1.755328750482639533e-01,2.271728652290977664e+02,-1.921045182193389378e-01,5.689049945674631292e-01,7.996517749845306611e-01,3.871988122202502325e+01,5.216194034610380781e-01,-6.310055066253945633e-01,5.742344891604649337e-01,3.391040553532663182e+01,0.000000000000000000e+00,0.000000000000000000e+00,0.000000000000000000e+00,1.000000000000000056e-01
8.230447179874569308e-01,5.407068191213836306e-01,-1.738779110427279007e-01,2.281427907469898173e+02,-2.045403938406210875e-01,5.677609372120668851e-01,7.973774172019165718e-01,3.853257076312556251e+01,5.298684926285682772e-01,-6.207122150656543269e-01,5.778890261873970147e-01,3.448099788591110837e+01,0.000000000000000000e+00,0.000000000000000000e+00,0.000000000000000000e+00,1.000000000000000056e-01
8.172364335567450233e-01,5.497216512481266637e-01,-1.730049647162901771e-01,2.290732004310593481e+02,-2.139726522021586363e-01,5.681724714273318488e-01,7.946041447297716998e-01,3.830609672476035144e+01,5.351077609015084668e-01,-6.123611261838809439e-01,5.819566438849059775e-01,3.508129419147230976e+01,0.000000000000000000e+00,0.000000000000000000e+00,0.000000000000000000e+00,1.000000000000000056e-01
8.124402677259588978e-01,5.544948418026460768e-01,-1.802117692927705517e-01,2.299785366773051010e+02,-2.151994148059532264e-01,5.724482864067879095e-01,7.911966704031985209e-01,3.808060350616911904e+01,5.418763911119837129e-01,-6.040185674333122812e-01,5.844070045364462285e-01,3.567728317878431454e+01,0.000000000000000000e+00,0.000000000000000000e+00,0.000000000000000000e+00,1.000000000000000056e-01
8.056977889944584303e-01,5.617969160672025009e-01,-1.877106760597856694e-01,2.308560306666735755e+02,-2.169389884395258872e-01,5.747608742726104669e-01,7.890420855063560168e-01,3.783974025140837227e+01,5.511701625671299176e-01,-5.950076995323381190e-01,5.849592202820282916e-01,3.627862884801339760e+01,0.000000000000000000e+00,0.000000000000000000e+00,0.000000000000000000e+00,1.000000000000000056e-01
7.977859317118292104e-01,5.699934331283674771e-01,-1.965835531096786493e-01,2.317794450497701462e+02,-2.179047142754825528e-01,5.765711246431546311e-01,7.874536644935041796e-01,3.760835537779369986e+01,5.621878179569607115e-01,-5.853829724362207276e-01,5.841845880563146798e-01,3.689688006685762645e+01,0.000000000000000000e+00,0.000000000000000000e+00,0.000000000000000000e+00,1.000000000000000056e-01
7.899832054406238369e-01,5.782989205789048626e-01,-2.037078633215486101e-01,2.326952851714142980e+02,-2.199467865984112147e-01,5.774211910073326903e-01,7.862621568158462138e-01,3.736948047520063199e+01,5.723197936353330295e-01,-5.763290090156377721e-01,5.833480326359753443e-01,3.755786030307288570e+01,0.000000000000000000e+00,0.000000000000000000e+00,0.000000000000000000e+00,1.000000000000000056e-01
7.840035537931081544e-01,5.866625744577477208e-01,-2.028927090123855970e-01,2.336394573541927002e+02,-2.297741191874951572e-01,5.778937366427103761e-01,7.830981313352346485e-01,3.711400177640991416e+01,5.766647915309097705e-01,-5.673322244326804986e-01,5.878706195489608044e-01,3.825502476577740651e+01,0.000000000000000000e+00,0.000000000000000000e+00,0.000000000000000000e+00,1.000000000000000056e-01
7.750592330506529404e-01,5.969675031385635045e-01,-2.071544965947944850e-01,2.345685225846398794e+02,-2.365775837724340691e-01,5.781335922194490440e-01,7.808921797558436850e-01,3.683861485306021422e+01,5.859302280300364707e-01,-5.562295836648254443e-01,5.893169080696093465e-01,3.894545861827815969e+01,0.000000000000000000e+00,0.000000000000000000e+00,0.000000000000000000e+00,1.000000000000000056e-01
7.688279078897342078e-01,6.014705021467956492e-01,-2.171103016836735955e-01,2.354544092525803194e+02,-2.353941382082410383e-01,5.818883150406773952e-01,7.784571847676150513e-01,3.656856416917932506e+01,5.945529814466443685e-01,-5.473931163856581295e-01,5.889546063887295402e-01,3.963550379430469661e+01,0.000000000000000000e+00,0.000000000000000000e+00,0.000000000000000000e+00,1.000000000000000056e-01
7.612840365934472331e-01,6.070262912752734108e-01,-2.279598590291146976e-01,2.363312993726579236e+02,-2.336126764167289760e-01,5.847205884396552422e-01,7.768699703761215991e-01,3.631473152883978628e+01,6.048733198326734506e-01,-5.381643941727939362e-01,5.869474864067739661e-01,4.031869230943966897e+01,0.000000000000000000e+00,0.000000000000000000e+00,0.000000000000000000e+00,1.000000000000000056e-01
7.514643781620313767e-01,6.156422488309307717e-01,-2.372465169564047516e-01,2.371827688146050548e+02,-2.341254439403625542e-01,5.850117854939431705e-01,7.764962893233403607e-01,3.607459783154982347e+01,6.168359302547797851e-01,-5.279638550957658216e-01,5.837530324196505971e-01,4.099360320512141698e+01,0.000000000000000000e+00,0.000000000000000000e+00,0.000000000000000000e+00,1.000000000000000056e-01
7.462705164328763408e-01,6.191520249517294960e-01,-2.443994400590580318e-01,2.380723663009308098e+02,-2.358224878475609076e-01,5.892703494282575116e-01,7.727536538315988857e-01,3.580015517333259822e+01,6.224693330023537419e-01,-5.190483843370214956e-01,5.857650588663790847e-01,4.174585815949946976e+01,0.000000000000000000e+00,0.000000000000000000e+00,0.000000000000000000e+00,1.000000000000000056e-01
7.396263718564609624e-01,6.230851936421755166e-01,-2.543966814216349626e-01,2.389803160095539170e+02,-2.324395895554079161e-01,5.912271588842745729e-01,7.722838103993518999e-01,3.552381777127992990e+01,6.316048347358984572e-01,-5.120696125152530698e-01,5.821168651368184843e-01,4.251549333054619950e+01,0.000000000000000000e+00,0.000000000000000000e+00,0.000000000000000000e+00,1.000000000000000056e-01
7.329816276463820834e-01,6.296212824257498841e-01,-2.575169397329325482e-01,2.398766456841041474e+02,-2.363546956440741031e-01,5.907003581476322207e-01,7.714982467454194470e-01,3.524216100067694413e+01,6.378670640343940823e-01,-5.046287027120170965e-01,5.817864565451219550e-01,4.329400524446584342e+01,0.000000000000000000e+00,0.000000000000000000e+00,0.000000000000000000e+00,1.000000000000000056e-01
7.245847659619866210e-01,6.359197082575994697e-01,-2.656746912774773373e-01,2.407193236598232033e+02,-2.373874067965641155e-01,5.921918601945542759e-01,7.700363756432007101e-01,3.497632162761480146e+01,6.470116969809864838e-01,-4.948888010138068894e-01,5.800525308977636518e-01,4.404605280465295891e+01,0.000000000000000000e+00,0.000000000000000000e+00,0.000000000000000000e+00,1.000000000000000056e-01
7.163244913472525122e-01,6.417844420097769120e-01,-2.738465867786186170e-01,2.415264609521597379e+02,-2.368663982673749058e-01,5.928128973839841276e-01,7.697188954852591802e-01,3.470370517776822794e+01,6.563334003903362746e-01,-4.865034416007818496e-01,5.766635664255661542e-01,4.478709333769617018e+01,0.000000000000000000e+00,0.000000000000000000e+00,0.000000000000000000e+00,1.000000000000000056e-01
7.092754249484275464e-01,6.441210658899566566e-01,-2.864200133388269398e-01,2.423177953792169603e+02,-2.337557360295696995e-01,5.982271603765523249e-01,7.664740833590404367e-01,3.444762363553465434e+01,6.650463348049531209e-01,-4.766889101548232865e-01,5.748748172410279578e-01,4.553478561930690915e+01,0.000000000000000000e+00,0.000000000000000000e+00,0.000000000000000000e+00,1.000000000000000056e-01
7.036522073481765727e-01,6.439467596447756570e-01,-3.003433732197740014e-01,2.431429007001771936e+02,-2.244877130710986046e-01,6.025177204789924357e-01,7.658835833133564863e-01,3.418348865613668153e+01,6.741504563331148780e-01,-4.714922769800079516e-01,5.685210593936346202e-01,4.632890789200187953e+01,0.000000000000000000e+00,0.000000000000000000e+00,0.000000000000000000e+00,1.000000000000000056e-01
6.963913059258411975e-01,6.430257282989574330e-01,-3.186801872983272554e-01,2.439977134845554474e+02,-2.137410435093102246e-01,6.097373857598041846e-01,7.632398618562522552e-01,3.393080679042660819e+01,6.850940923336389377e-01,-4.633985683538471845e-01,5.620568045110317934e-01,4.717875164606584093e+01,0.000000000000000000e+00,0.000000000000000000e+00,0.000000000000000000e+00,1.000000000000000000e+00
