1.000000000000000000e+00,-5.961108790277345278e-13,-1.959315638575133688e-13,-2.358699511098894147e-21,5.961108790277371532e-13,1.000000000000000000e+00,1.344210637382103405e-14,1.542734325068374790e-19,1.959315638575053413e-13,-1.344210637393782964e-14,1.000000000000000000e+00,5.756748420543260066e-20,0.000000000000000000e+00,0.000000000000000000e+00,0.000000000000000000e+00,1.000000000000000056e-01
9.999966536145149520e-01,-2.141589251688871733e-03,-1.451328787265878783e-03,6.253726502863764525e-01,2.138819064550152253e-03,9.999958932561597846e-01,-1.907596347303343320e-03,-3.159532132028246461e-03,1.455408114864267452e-03,1.904485834071480751e-03,9.999971273563375007e-01,1.251647472313966065e-02,0.000000000000000000e+00,0.000000000000000000e+00,0.000000000000000000e+00,1.000000000000000056e-01
9.999870108454856910e-01,-4.287834204141023446e-03,-2.755470585618924762e-03,1.256102154573122132e+00,4.287874860223362707e-03,9.999908069831988655e-01,8.847252896843784786e-06,-8.434131302117049353e-03,2.755407318977952640e-03,-2.066225103066921274e-05,9.999962036445827485e-01,1.951500761875981163e-02,0.000000000000000000e+00,0.000000000000000000e+00,0.000000000000000000e+00,1.000000000000000056e-01
9.999636704782041141e-01,-8.376469229300598576e-03,-1.578761225868433472e-03,1.986087790611008153e+00,8.377300835049910147e-03,9.999647741416970437e-01,5.208708705985761866e-04,-6.772243563239515630e-03,1.574342553829188949e-03,-5.340777053447420212e-04,9.999986181023090559e-01,2.649801641741926853e-02,0.000000000000000000e+00,0.000000000000000000e+00,0.000000000000000000e+00,1.000000000000000056e-01
9.999078843049536980e-01,-1.333054515597462304e-02,-2.553325407376341380e-03,2.702565034417647727e+00,1.332658994764513057e-02,9.999099803937931963e-01,-1.559842700874829614e-03,-9.022137972927168903e-03,2.573889111588880708e-03,1.525671894173267259e-03,9.999955237000376362e-01,2.485096502769107429e-02,0.000000000000000000e+00,0.000000000000000000e+00,0.000000000000000000e+00,1.000000000000000056e-01
9.997970127431520249e-01,-1.995302465794451113e-02,-2.794658631910505904e-03,3.449169336380467410e+00,1.995296109711243437e-02,9.998009185735494686e-01,-5.062552493870246188e-05,-4.963807343385196781e-03,2.795112399631045907e-03,-5.146466359951108971e-06,9.999960936524638910e-01,3.525078410255217537e-02,0.000000000000000000e+00,0.000000000000000000e+00,0.000000000000000000e+00,1.000000000000000056e-01
9.997039169393677760e-01,-2.419946849044909282e-02,-2.542475342134518836e-03,4.197349200328864605e+00,2.420108071510581466e-02,9.997069277236219076e-01,6.052715242192989367e-04,1.549283356005719085e-02,2.527082963919853164e-03,-6.666229645450583684e-04,9.999965847269262076e-01,5.165324565222310232e-02,0.000000000000000000e+00,0.000000000000000000e+00,0.000000000000000000e+00,1.000000000000000056e-01
9.995417029817281751e-01,-3.006229611471828572e-02,-3.555608625509388242e-03,4.965402162848333134e+00,3.007173183920790194e-02,9.995442812282158140e-01,2.630742891311504787e-03,3.828699637298779018e-02,3.474902096113329300e-03,-2.736460538800070119e-03,9.999902183717308546e-01,6.654093895261131708e-02,0.000000000000000000e+00,0.000000000000000000e+00,0.000000000000000000e+00,1.000000000000000056e-01
9.994199702954326137e-01,-3.388240548757043280e-02,-3.421340826705967716e-03,5.750956934090087458e+00,3.388797664964894596e-02,9.994243827767825827e-01,1.583713938822905315e-03,8.701489862440127399e-02,3.365711406148104261e-03,-1.698737655740753007e-03,9.999928931132998633e-01,6.355925102070257571e-02,0.000000000000000000e+00,0.000000000000000000e+00,0.000000000000000000e+00,1.000000000000000056e-01
9.993531830549707839e-01,-3.591295214415308329e-02,-1.864238769528227431e-03,6.539539303428765216e+00,3.591556930835567568e-02,9.993538612752745909e-01,1.389904837022623053e-03,1.235905089552012254e-01,1.813118626770180309e-03,-1.455961019756373594e-03,9.999972963855223718e-01,6.700660341274713994e-02,0.000000000000000000e+00,0.000000000000000000e+00,0.000000000000000000e+00,1.000000000000000056e-01
9.993123781882927714e-01,-3.700341798378226771e-02,2.349011957379115462e-03,7.326186788442590192e+00,3.700374183993866001e-02,9.993151225471625931e-01,-9.454307236500243770e-05,1.664429633405148379e-01,-2.343904755228867678e-03,1.814002945360842340e-04,9.999972365983975653e-01,8.164198283785295551e-02,0.000000000000000000e+00,0.000000000000000000e+00,0.000000000000000000e+00,1.000000000000000056e-01
9.990734346475479422e-01,-4.292830697637490395e-02,3.071260603380656339e-03,8.128389217468761530e+00,4.292592182453235788e-02,9.990779060464415329e-01,8.383825927930051505e-04,2.084319000907800812e-01,-3.104418957855544295e-03,-7.057690839669401427e-04,9.999949322236258986e-01,7.318328929801100335e-02,0.000000000000000000e+00,0.000000000000000000e+00,0.000000000000000000e+00,1.000000000000000056e-01
9.989544779624180970e-01,-4.558200143614528355e-02,3.497442481022750623e-03,8.962527296663703069e+00,4.556590647998737253e-02,9.989509664762149521e-01,4.551345174017722151e-03,2.615303505345368817e-01,-3.701232968871116195e-03,-4.387222505328226829e-03,9.999835264409103752e-01,7.873361825048125207e-02,0.000000000000000000e+00,0.000000000000000000e+00,0.000000000000000000e+00,1.000000000000000056e-01
9.989599533647860463e-01,-4.553673338514955399e-02,2.327549362390609212e-03,9.743208718967348858e+00,4.553258715443080779e-02,9.989612243244981871e-01,1.804384416870439883e-03,3.073371266301801463e-01,-2.407297332844775695e-03,-1.696528428729750801e-03,9.999956633460176381e-01,9.734304525512682549e-02,0.000000000000000000e+00,0.000000000000000000e+00,0.000000000000000000e+00,1.000000000000000056e-01
9.988960984253624220e-01,-4.686055742447655520e-02,3.266911149075152343e-03,1.052503344054650114e+01,4.685912285231603330e-02,9.989013755461427779e-01,5.143321255878463777e-04,3.587721281388656092e-01,-3.287423930704562285e-03,-3.606797626624097682e-04,9.999945313620512977e-01,9.740291057240145489e-02,0.000000000000000000e+00,0.000000000000000000e+00,0.000000000000000000e+00,1.000000000000000056e-01
9.987208026518648030e-01,-5.050741212578077621e-02,2.399931409718746456e-03,1.128527899374786081e+01,5.051242855548625232e-02,9.987212712834441231e-01,-2.077702434912309572e-03,4.060002978344172120e-01,-2.291923175352520662e-03,2.196271007338841414e-03,9.999949617282182235e-01,1.080688285519156577e-01,0.000000000000000000e+00,0.000000000000000000e+00,0.000000000000000000e+00,1.000000000000000056e-01
9.984737645847049370e-01,-5.521362474785863894e-02,1.263755613233230775e-03,1.211387637812300078e+01,5.521151708770401234e-02,9.984733241819312433e-01,1.645988444121447656e-03,4.688868288219114056e-01,-1.352707256391592287e-03,-1.573702413630154607e-03,9.999978468195778181e-01,1.192896556925629042e-01,0.000000000000000000e+00,0.000000000000000000e+00,0.000000000000000000e+00,1.000000000000000056e-01
9.983692357682364404e-01,-5.705980191260871109e-02,-1.745874348654604443e-03,1.295743944329351649e+01,5.706379511854287739e-02,9.983678153747241879e-01,2.329916429750917162e-03,5.344860991557985885e-01,1.610080189430547048e-03,-2.425743101508626761e-03,9.999957616971129060e-01,1.218664242169900241e-01,0.000000000000000000e+00,0.000000000000000000e+00,0.000000000000000000e+00,1.000000000000000056e-01
9.983435833119018721e-01,-5.746742121682126003e-02,-2.754116671477256639e-03,1.384465549228083603e+01,5.747881750648123345e-02,9.983376600514629606e-01,4.254651692711004796e-03,5.861314809556358307e-01,2.505034532355443315e-03,-4.405907586196551942e-03,9.999871563076865311e-01,1.322458129179196196e-01,0.000000000000000000e+00,0.000000000000000000e+00,0.000000000000000000e+00,1.000000000000000056e-01
9.977887157945677377e-01,-6.633018343927608862e-02,-4.240919468626944654e-03,1.477050571121153588e+01,6.636298195265698252e-02,9.977624449735023049e-01,8.127608925765923698e-03,6.801791753174211141e-01,3.692324386984194556e-03,-8.391076534679606930e-03,9.999579774046559733e-01,1.475045885372174292e-01,0.000000000000000000e+00,0.000000000000000000e+00,0.000000000000000000e+00,1.000000000000000056e-01
9.974651329262681498e-01,-7.108046946739028649e-02,-3.297795730111499103e-03,1.572568213271371640e+01,7.109630771788387482e-02,9.974571061305885777e-01,4.963512715375462646e-03,7.491145869080153563e-01,2.936600971550578851e-03,-5.185391970441938746e-03,9.999822438847835171e-01,1.384177089663406190e-01,0.000000000000000000e+00,0.000000000000000000e+00,0.000000000000000000e+00,1.000000000000000056e-01
9.970441695672052074e-01,-7.681144196889677644e-02,-1.710647450789640027e-03,1.665073695571269141e+01,7.681455847270698967e-02,9.970437040420224717e-01,1.837345042955669831e-03,8.458325031422023743e-01,1.564461148501516703e-03,-1.963316791197024670e-03,9.999968489192814225e-01,1.486327734674742773e-01,0.000000000000000000e+00,0.000000000000000000e+00,0.000000000000000000e+00,1.000000000000000056e-01
9.968940324621238247e-01,-7.875299489436191069e-02,5.038219672505856155e-04,1.754606407493839981e+01,7.875038868111564061e-02,9.968864526338631071e-01,3.972006752993778589e-03,9.441880020918945737e-01,-8.150607212303406877e-04,-3.919993653211686219e-03,9.999919846307666615e-01,1.770658184010821257e-01,0.000000000000000000e+00,0.000000000000000000e+00,0.000000000000000000e+00,1.000000000000000056e-01
9.967834250375976479e-01,-8.013291310927342370e-02,1.232804500997691788e-03,1.848063657749749567e+01,8.012439315565778042e-02,9.967676332556524299e-01,5.862330199050845916e-03,1.022528736733518739e+00,-1.698585221184796025e-03,-5.744695861989239719e-03,9.999820564778648668e-01,1.933228688967741082e-01,0.000000000000000000e+00,0.000000000000000000e+00,0.000000000000000000e+00,1.000000000000000056e-01
9.964788296225411957e-01,-8.383513527792629816e-02,1.269727144861800732e-03,1.941941052181295646e+01,8.382912829640595809e-02,9.964712378252693625e-01,4.213007956328374513e-03,1.107977125252872064e+00,-1.618444671686552648e-03,-4.091733117784503680e-03,9.999903191316091844e-01,2.112270880337573653e-01,0.000000000000000000e+00,0.000000000000000000e+00,0.000000000000000000e+00,1.000000000000000056e-01
9.963770993146426891e-01,-8.503927188446824825e-02,9.990989430883479971e-04,2.035590238755619552e+01,8.503324009331308941e-02,9.963654497884388839e-01,5.023798076648542874e-03,1.182813223294753913e+00,-1.422687798346159967e-03,-4.920640734848949482e-03,9.999868815410465350e-01,2.191820160067778633e-01,0.000000000000000000e+00,0.000000000000000000e+00,0.000000000000000000e+00,1.000000000000000056e-01
9.966160883811123750e-01,-8.209344222744674457e-02,4.127847281533056877e-03,2.128378830793041132e+01,8.206799903885739211e-02,9.966086958134464657e-01,5.995912172429235763e-03,1.275435843785412970e+00,-4.606073565293905027e-03,-5.636858368829717435e-03,9.999735046060175270e-01,2.327231666852453418e-01,0.000000000000000000e+00,0.000000000000000000e+00,0.000000000000000000e+00,1.000000000000000056e-01
9.967588681778981607e-01,-8.006115561465426689e-02,7.872107110651851980e-03,2.222842362690476747e+01,8.001471903215157111e-02,9.967753384512553216e-01,6.047263314200958424e-03,1.363336117515184132e+00,-8.330873118785567244e-03,-5.397778897986861731e-03,9.999507290542105631e-01,2.240665906675003149e-01,0.000000000000000000e+00,0.000000000000000000e+00,0.000000000000000000e+00,1.000000000000000056e-01
9.967950349423624345e-01,-7.912175153474622358e-02,1.180706349302369784e-02,2.318950461422062403e+01,7.905406591257750637e-02,9.968517029641276173e-01,6.094010191046847144e-03,1.450681909081983134e+00,-1.225206011021247321e-02,-5.141082725712172591e-03,9.999117242494275359e-01,2.337576835015450771e-01,0.000000000000000000e+00,0.000000000000000000e+00,0.000000000000000000e+00,1.000000000000000056e-01
9.968911095590764493e-01,-7.724477297593780600e-02,1.553578868191818514e-02,2.412014936551908661e+01,7.716973073926304549e-02,9.970034867884491891e-01,5.374010541880048022e-03,1.527385208159206087e+00,-1.590434971015877719e-02,-4.158410702471257783e-03,9.998648705103737599e-01,2.399343427960088371e-01,0.000000000000000000e+00,0.000000000000000000e+00,0.000000000000000000e+00,1.000000000000000056e-01
9.971152079598535334e-01,-7.496595481205839406e-02,1.188981388813706817e-02,2.507935273094062012e+01,7.492327487792480034e-02,9.971812950858700564e-01,3.995949503411629598e-03,1.591922076338373460e+00,-1.215586018120651084e-02,-3.093598225903099099e-03,9.999213292620933169e-01,2.426786048333285095e-01,0.000000000000000000e+00,0.000000000000000000e+00,0.000000000000000000e+00,1.000000000000000056e-01
9.971828314802717586e-01,-7.447474243395474369e-02,8.939426177556296371e-03,2.604288849331102895e+01,7.443987822921682707e-02,9.972167768787422171e-01,4.171862988186819839e-03,1.665425186513858735e+00,-9.225244181443107566e-03,-3.494660351011516855e-03,9.999513399255104407e-01,2.360036182544803518e-01,0.000000000000000000e+00,0.000000000000000000e+00,0.000000000000000000e+00,1.000000000000000056e-01
9.973391720074242794e-01,-7.247736253116633665e-02,7.849070013147848787e-03,2.698518954994857211e+01,7.244627029453752642e-02,9.973635739018776869e-01,4.176047663109166107e-03,1.741740691942115671e+00,-8.131045440545789024e-03,-3.596300070855576805e-03,9.999604755818322088e-01,2.496051705132717458e-01,0.000000000000000000e+00,0.000000000000000000e+00,0.000000000000000000e+00,1.000000000000000056e-01
9.973775495426742133e-01,-7.186453325247357804e-02,8.573944754583661190e-03,2.794054892706812865e+01,7.185963063816322438e-02,9.974143677583913181e-01,8.789048157675576848e-04,1.810708759101688159e+00,-8.614937770946925685e-03,-2.604794282551033471e-04,9.999628568090267455e-01,2.594128985087915673e-01,0.000000000000000000e+00,0.000000000000000000e+00,0.000000000000000000e+00,1.000000000000000056e-01
9.975010891634741306e-01,-6.922944702924302418e-02,1.410180065481403053e-02,2.894413693388125353e+01,6.929499746250158965e-02,9.975873145389305696e-01,-4.213454363894947319e-03,1.897584923076964802e+00,-1.377608232970386343e-02,5.180109557717844579e-03,9.998916871444702981e-01,2.645274854337390513e-01,0.000000000000000000e+00,0.000000000000000000e+00,0.000000000000000000e+00,1.000000000000000056e-01
9.974034881846183254e-01,-6.984324417429153831e-02,1.755571133182386168e-02,2.992377368524345727e+01,7.000384858168372249e-02,9.975087317411431842e-01,-8.705818969441917951e-03,1.931830036746396306e+00,-1.690393270540132414e-02,9.912181565441933670e-03,9.998079844228615620e-01,2.604190215132778929e-01,0.000000000000000000e+00,0.000000000000000000e+00,0.000000000000000000e+00,1.000000000000000056e-01
9.972288045870199014e-01,-7.161030561702119712e-02,2.016619526286999448e-02,3.083921641917953949e+01,7.190927527793009033e-02,9.973056066621347471e-01,-1.451147991330683715e-02,1.986779470081409871e+00,-1.907268808915645736e-02,1.592140225320173505e-02,9.996913231189642479e-01,2.687548267582548500e-01,0.000000000000000000e+00,0.000000000000000000e+00,0.000000000000000000e+00,1.000000000000000056e-01
9.974448275931711017e-01,-7.012120775288666064e-02,1.366865505108685354e-02,3.175427986372861966e+01,7.030773750595437077e-02,9.974315439401882921e-01,-1.367980993603818383e-02,2.052419506630565049e+00,-1.267430291664647761e-02,1.460586787455020637e-02,9.998129978497020121e-01,2.543142536905245721e-01,0.000000000000000000e+00,0.000000000000000000e+00,0.000000000000000000e+00,1.000000000000000056e-01
9.974853252338112819e-01,-6.989912890099729548e-02,1.171058162857029593e-02,3.274050476644569585e+01,7.006988699635792461e-02,9.974312864608861906e-01,-1.486740479368629103e-02,2.101641604201494928e+00,-1.064128185489290716e-02,1.565057723738844109e-02,9.998208952370525315e-01,2.586133279537530805e-01,0.000000000000000000e+00,0.000000000000000000e+00,0.000000000000000000e+00,1.000000000000000056e-01
9.972996214391575132e-01,-7.279132908870378227e-02,9.741020830139703046e-03,3.368967539226116514e+01,7.288580314015324912e-02,9.972929011149120893e-01,-9.722606976371207799e-03,2.183145386594075976e+00,-9.006929439493650130e-03,1.040633438354641310e-02,9.999052872281303239e-01,2.475504700841938688e-01,0.000000000000000000e+00,0.000000000000000000e+00,0.000000000000000000e+00,1.000000000000000056e-01
9.969794042587268867e-01,-7.684054349614527490e-02,1.129594436649842409e-02,3.464335658076527835e+01,7.697323476849401991e-02,9.969630635362185522e-01,-1.182248170868450098e-02,2.262089300576296313e+00,-1.035319338119040575e-02,1.265625614843829926e-02,9.998663063465619283e-01,2.600617340445789405e-01,0.000000000000000000e+00,0.000000000000000000e+00,0.000000000000000000e+00,1.000000000000000056e-01
9.969426875666889121e-01,-7.724631506596624231e-02,1.175944369588734738e-02,3.562118201397317563e+01,7.738287302650945221e-02,9.969335308784140759e-01,-1.163726653735098863e-02,2.338447917900017270e+00,-1.082444776745603889e-02,1.251166731605782810e-02,9.998631353897902141e-01,2.523099013941275115e-01,0.000000000000000000e+00,0.000000000000000000e+00,0.000000000000000000e+00,1.000000000000000056e-01
9.969745115481303266e-01,-7.675273900983511921e-02,1.228170907712743815e-02,3.659866972602827673e+01,7.688562963804598804e-02,9.969820696846620756e-01,-1.074023661046389841e-02,2.412259763512696331e+00,-1.142030115751260441e-02,1.165202908405484072e-02,9.998668946113258293e-01,2.543739222850187609e-01,0.000000000000000000e+00,0.000000000000000000e+00,0.000000000000000000e+00,1.000000000000000056e-01
9.969029700776128600e-01,-7.761875614981933458e-02,1.264108160677139894e-02,3.759640116899110041e+01,7.773221739081734305e-02,9.969359149042349433e-01,-8.745510480402389486e-03,2.496117780473171344e+00,-1.192353261164169967e-02,9.701044676270649536e-03,9.998818525717166894e-01,2.569165714717613902e-01,0.000000000000000000e+00,0.000000000000000000e+00,0.000000000000000000e+00,1.000000000000000056e-01
9.967876504454398212e-01,-7.859819957486481601e-02,1.538515333200530383e-02,3.858808733955995507e+01,7.876273795460687899e-02,9.968391706606337666e-01,-1.039706432190581897e-02,2.577042147523624038e+00,-1.451933295139699182e-02,1.157544211724279362e-02,9.998275841916128837e-01,2.736293581040792899e-01,0.000000000000000000e+00,0.000000000000000000e+00,0.000000000000000000e+00,1.000000000000000056e-01
9.966528656144950649e-01,-8.032941020625516959e-02,1.517403434589720268e-02,3.960838833670660364e+01,8.044441472474717081e-02,9.967336224571508030e-01,-7.126149243377771954e-03,2.632944084240580462e+00,-1.455203085511305380e-02,8.322963376177933484e-03,9.998594734654618899e-01,2.660323173739873592e-01,0.000000000000000000e+00,0.000000000000000000e+00,0.000000000000000000e+00,1.000000000000000056e-01
9.963232089655871260e-01,-8.397457570536991101e-02,1.698039786395492273e-02,4.062477210324296095e+01,8.417708622748602820e-02,9.963834718739449370e-01,-1.158426219808798840e-02,2.725210654188694015e+00,-1.594620427454412903e-02,1.297102970186892260e-02,9.997887131577890552e-01,2.772116264863420110e-01,0.000000000000000000e+00,0.000000000000000000e+00,0.000000000000000000e+00,1.000000000000000056e-01
9.964285854963275124e-01,-8.298205678264707064e-02,1.562217199718010999e-02,4.164703973412359517e+01,8.318376121270230905e-02,9.964528301931435683e-01,-1.273652505914912511e-02,2.818549073812028016e+00,-1.450985445468227358e-02,1.399054867386368556e-02,9.997968436995128272e-01,2.897542910062884114e-01,0.000000000000000000e+00,0.000000000000000000e+00,0.000000000000000000e+00,1.000000000000000056e-01
9.962894549411112077e-01,-8.473251689789224050e-02,1.509047889538260058e-02,4.270441647833052912e+01,8.493031162965009040e-02,9.963022567669921337e-01,-1.298673659889160691e-02,2.908508362728833063e+00,-1.393427930085029166e-02,1.422018780279900134e-02,9.998017914162882214e-01,2.986116840938284334e-01,0.000000000000000000e+00,0.000000000000000000e+00,0.000000000000000000e+00,1.000000000000000056e-01
9.964100280266789955e-01,-8.387153269546278322e-02,1.151616477768380858e-02,4.377770827400522080e+01,8.402554621488479702e-02,9.963706145498175681e-01,-1.361271629429842804e-02,2.988772342942605853e+00,-1.033264879704647032e-02,1.453149906006662682e-02,9.998410233151588944e-01,3.052396459275642515e-01,0.000000000000000000e+00,0.000000000000000000e+00,0.000000000000000000e+00,1.000000000000000056e-01
9.964423598800881132e-01,-8.335317112953280483e-02,1.244476995575767228e-02,4.481113590462736340e+01,8.353115848027556356e-02,9.963990649814019607e-01,-1.454128148173696421e-02,3.065500722076953899e+00,-1.118789522403566133e-02,1.552907488676757118e-02,9.998168226398359559e-01,3.129160413709971555e-01,0.000000000000000000e+00,0.000000000000000000e+00,0.000000000000000000e+00,1.000000000000000056e-01
9.964127346158151433e-01,-8.336273310190150942e-02,1.457110240216194855e-02,4.581816903456300594e+01,8.356968050468435716e-02,9.964004437850698670e-01,-1.422195926238111439e-02,3.163425356522439724e+00,-1.333307150577587100e-02,1.538864369257360136e-02,9.997926879356163754e-01,3.254523256797937636e-01,0.000000000000000000e+00,0.000000000000000000e+00,0.000000000000000000e+00,1.000000000000000056e-01
9.959968259028827431e-01,-8.852835195752495334e-02,1.237148701924025568e-02,4.676445710794224198e+01,8.867428646085892541e-02,9.959908809090666226e-01,-1.179135558954505329e-02,3.241082498847488225e+00,-1.127801897676061066e-02,1.284118552416999536e-02,9.998539444550357258e-01,3.388817935406478465e-01,0.000000000000000000e+00,0.000000000000000000e+00,0.000000000000000000e+00,1.000000000000000056e-01
9.962138815405797709e-01,-8.666528918624734346e-02,6.857833193925814454e-03,4.772090875262104959e+01,8.674497298347084995e-02,9.961542595890896523e-01,-1.232885901490752417e-02,3.344395288244501163e+00,-5.762975615817219309e-03,1.287706304933983886e-02,9.999004797274950729e-01,3.327280236069242725e-01,0.000000000000000000e+00,0.000000000000000000e+00,0.000000000000000000e+00,1.000000000000000056e-01
9.962770466023471716e-01,-8.606841310114519972e-02,4.926934092835731291e-03,4.866918242288534913e+01,8.612527763355436183e-02,9.962019523164944435e-01,-1.281041581479726993e-02,3.429960826020241438e+00,-3.805649201872237167e-03,1.318705680034192723e-02,9.999058048471850535e-01,3.402226367387901629e-01,0.000000000000000000e+00,0.000000000000000000e+00,0.000000000000000000e+00,1.000000000000000056e-01
9.963499895185520261e-01,-8.517191447904658153e-02,5.695908211621488956e-03,4.963550268673937182e+01,8.524504054281926979e-02,9.962596415302349406e-01,-1.414247930530308783e-02,3.534752070002955548e+00,-4.470061435186184831e-03,1.457640703403292187e-02,9.998837666992818063e-01,3.470125134418890478e-01,0.000000000000000000e+00,0.000000000000000000e+00,0.000000000000000000e+00,1.000000000000000056e-01
9.967559181826713965e-01,-7.996490961584207247e-02,9.124297120866011607e-03,5.064443818227227467e+01,8.010731835864354222e-02,9.966499008073065324e-01,-1.648613860711251045e-02,3.613982842453180133e+00,-7.775417236815507921e-03,1.716357919887928629e-02,9.998224614579717118e-01,3.627074811713752456e-01,0.000000000000000000e+00,0.000000000000000000e+00,0.000000000000000000e+00,1.000000000000000056e-01
9.968094832736720257e-01,-7.934330673145126300e-02,8.688712942308584805e-03,5.158877834336888668e+01,7.947301184746918823e-02,9.967123041127209371e-01,-1.576779053016058585e-02,3.698913738552795483e+00,-7.409078455990604148e-03,1.640800131734022199e-02,9.998379283909983872e-01,3.666595444484859745e-01,0.000000000000000000e+00,0.000000000000000000e+00,0.000000000000000000e+00,1.000000000000000056e-01
9.968807368042890138e-01,-7.776046919741030905e-02,1.349466630696561330e-02,5.253747037700452438e+01,7.799764429727149007e-02,9.967902774663294219e-01,-1.804190213570605952e-02,3.781119580823420367e+00,-1.204840539714951801e-02,1.903817687691461077e-02,9.997461596568346653e-01,3.932107993686936309e-01,0.000000000000000000e+00,0.000000000000000000e+00,0.000000000000000000e+00,1.000000000000000056e-01
9.970577887924289007e-01,-7.535025301013488497e-02,1.407498417977130593e-02,5.353555428568526509e+01,7.559144902316818071e-02,9.969857972256473966e-01,-1.747149006004103389e-02,3.877148866274907402e+00,-1.271607812691952048e-02,1.848403369530049467e-02,9.997482892485592965e-01,4.206243879786407125e-01,0.000000000000000000e+00,0.000000000000000000e+00,0.000000000000000000e+00,1.000000000000000056e-01
9.970646021937676906e-01,-7.497774475191461285e-02,1.550860548535889887e-02,5.450314048978715675e+01,7.528064781005351647e-02,9.969624408264797788e-01,-1.996786534926679041e-02,3.940089920632177556e+00,-1.396435166710041469e-02,2.107674958869378001e-02,9.996803326610427254e-01,4.153692704252294199e-01,0.000000000000000000e+00,0.000000000000000000e+00,0.000000000000000000e+00,1.000000000000000056e-01
9.969675206491784847e-01,-7.553162675651942104e-02,1.872795050569084699e-02,5.543911993519376580e+01,7.587150514922605393e-02,9.969523210265371915e-01,-1.815445692361445859e-02,4.015341048604765817e+00,-1.729963806039684290e-02,1.952032170109519252e-02,9.996597819076573632e-01,4.245129959040128687e-01,0.000000000000000000e+00,0.000000000000000000e+00,0.000000000000000000e+00,1.000000000000000056e-01
9.969635992800252033e-01,-7.426575020386440296e-02,2.341324533836799254e-02,5.638329775423719070e+01,7.464733443886496789e-02,9.970837516358790342e-01,-1.586718894110853220e-02,4.100016943737021080e+00,-2.216657780961332758e-02,1.756674615225612204e-02,9.995999461073578063e-01,4.355562164222749333e-01,0.000000000000000000e+00,0.000000000000000000e+00,0.000000000000000000e+00,1.000000000000000056e-01
9.968873341046519121e-01,-7.463203121028051668e-02,2.541068710499405636e-02,5.734078444287153076e+01,7.500687612604774179e-02,9.970828838706540242e-01,-1.413121459717854925e-02,4.166198374991203934e+00,-2.428191993092651546e-02,1.599320510740411330e-02,9.995772135032193750e-01,4.201528393645300175e-01,0.000000000000000000e+00,0.000000000000000000e+00,0.000000000000000000e+00,1.000000000000000056e-01
9.969087057371770477e-01,-7.535209131000379645e-02,2.225072494628730843e-02,5.822616841794149423e+01,7.560627376614002804e-02,9.970791403793308749e-01,-1.081106782950214985e-02,4.233734356721236658e+00,-2.137109713201379088e-02,1.245994203932990034e-02,9.996939661975311475e-01,4.216718577373422261e-01,0.000000000000000000e+00,0.000000000000000000e+00,0.000000000000000000e+00,1.000000000000000056e-01
9.970608497083508492e-01,-7.488677331432540274e-02,1.617507840569165287e-02,5.912719220660313368e+01,7.500092226246569960e-02,9.971618284008513244e-01,-6.568838561786820643e-03,4.312641834381051531e+00,-1.563725163323168368e-02,7.762677556106715310e-03,9.998475969859200729e-01,4.255031018465753601e-01,0.000000000000000000e+00,0.000000000000000000e+00,0.000000000000000000e+00,1.000000000000000056e-01
9.971448801605307111e-01,-7.491621369943043951e-02,9.468310017213038901e-03,6.011335781379530374e+01,7.498268721451911700e-02,9.971611580410756348e-01,-6.871791052595048466e-03,4.375924388419317523e+00,-8.926622414462027574e-03,7.562130594098881442e-03,9.999315624547249204e-01,4.291998291581316516e-01,0.000000000000000000e+00,0.000000000000000000e+00,0.000000000000000000e+00,1.000000000000000056e-01
9.972934172020632149e-01,-7.291056316804692128e-02,9.481022305093962654e-03,6.103620717407874707e+01,7.294884750056640499e-02,9.973286092595351482e-01,-3.756434583557145650e-03,4.457136748923261393e+00,-9.181811028906913114e-03,4.437897132615483374e-03,9.999479983555493723e-01,4.363590708967924336e-01,0.000000000000000000e+00,0.000000000000000000e+00,0.000000000000000000e+00,1.000000000000000056e-01
9.970851756510681341e-01,-7.549911365272028718e-02,1.100165144568275750e-02,6.197970568387734858e+01,7.553144675607288694e-02,9.971401517745250853e-01,-2.553090286605897916e-03,4.536938091950180052e+00,-1.077743233860441359e-02,3.376619127271936888e-03,9.999362206638262585e-01,4.376451665445786898e-01,0.000000000000000000e+00,0.000000000000000000e+00,0.000000000000000000e+00,1.000000000000000056e-01
9.971916735802093257e-01,-7.389267821124773095e-02,1.219172871541317899e-02,6.285384557243588688e+01,7.394023547837341725e-02,9.972565442226555277e-01,-3.496653041044853454e-03,4.605829530143809691e+00,-1.189990418885475409e-02,4.388292590034943014e-03,9.999195643492732044e-01,4.482375556107450199e-01,0.000000000000000000e+00,0.000000000000000000e+00,0.000000000000000000e+00,1.000000000000000056e-01
9.973694400998048826e-01,-7.110172004884265928e-02,1.409770765399899484e-02,6.365872373098765280e+01,7.114594177658384311e-02,9.974623702790611501e-01,-2.659858266905831825e-03,4.680965141060293710e+00,-1.387281239419596232e-02,3.655856038343419448e-03,9.998970846006615121e-01,4.495521138070984746e-01,0.000000000000000000e+00,0.000000000000000000e+00,0.000000000000000000e+00,1.000000000000000056e-01
9.972702907763613123e-01,-7.251525753270092467e-02,1.391059164082612126e-02,6.446299228650850921e+01,7.253229800179562814e-02,9.973658014558376417e-01,-7.237630368030235082e-04,4.753321759243639200e+00,-1.382146451757099853e-02,1.730754552439421178e-03,9.999029810973005805e-01,4.607786407388143046e-01,0.000000000000000000e+00,0.000000000000000000e+00,0.000000000000000000e+00,1.000000000000000056e-01
9.971757626948178910e-01,-7.336638932845634953e-02,1.605836887462721088e-02,6.524454026143298790e+01,7.337154090273279028e-02,9.973046398538147894e-01,2.689081841399511654e-04,4.817381294836702743e+00,-1.603481460968101888e-02,9.100785451012470550e-04,9.998710199208070692e-01,4.613835280132107530e-01,0.000000000000000000e+00,0.000000000000000000e+00,0.000000000000000000e+00,1.000000000000000056e-01
9.965976172472181815e-01,-8.123566121325709322e-02,1.392683181531906983e-02,6.605780914334421539e+01,8.124639718843237879e-02,9.966940255391840697e-01,-2.059087071803091928e-04,4.883655802204284413e+00,-1.386406293504018755e-02,1.336713036190261081e-03,9.999029957736861318e-01,4.662359292767271346e-01,0.000000000000000000e+00,0.000000000000000000e+00,0.000000000000000000e+00,1.000000000000000056e-01
9.965070289580651997e-01,-8.244260190530980359e-02,1.330257975929870738e-02,6.680488233271350396e+01,8.242364503556356969e-02,9.965954393469008687e-01,1.967996953519190323e-03,4.947341520626751254e+00,-1.341953710905533122e-02,-8.646756850122225887e-04,9.999095800919893806e-01,4.703165424222221502e-01,0.000000000000000000e+00,0.000000000000000000e+00,0.000000000000000000e+00,1.000000000000000056e-01
9.963608771101923889e-01,-8.362828648435984003e-02,1.647155924307171573e-02,6.758798760703916741e+01,8.357430817685075619e-02,9.964937596424436883e-01,3.939797764917520907e-03,5.033363545923461579e+00,-1.674328453347674259e-02,-2.548861188356266703e-03,9.998565725791241920e-01,4.802619406574112904e-01,0.000000000000000000e+00,0.000000000000000000e+00,0.000000000000000000e+00,1.000000000000000056e-01
9.966723163716317835e-01,-7.922454851735011294e-02,1.917719193802960159e-02,6.832522353040950236e+01,7.910453534779404716e-02,9.968421753571704569e-01,6.939014093797916775e-03,5.114404046407067916e+00,-1.966637398748408844e-02,-5.398920392667675046e-03,9.997920210687710751e-01,4.774481693219436163e-01,0.000000000000000000e+00,0.000000000000000000e+00,0.000000000000000000e+00,1.000000000000000056e-01
9.962041607461573633e-01,-8.439922419242636142e-02,2.130823943362953124e-02,6.904804883182502806e+01,8.420640837702490777e-02,9.964002280540235068e-01,9.791134874555828746e-03,5.204198431245745660e+00,-2.205789881847412467e-02,-7.959678988915688466e-03,9.997250084948897664e-01,4.853611422082023119e-01,0.000000000000000000e+00,0.000000000000000000e+00,0.000000000000000000e+00,1.000000000000000056e-01
9.963374263851703105e-01,-8.415463411060845889e-02,1.515685791596791190e-02,6.972801751065809128e+01,8.394323580688183017e-02,9.963710191726032894e-01,1.408280210817784359e-02,5.279073600760431972e+00,-1.628698702785310107e-02,-1.275890711062206695e-02,9.997859492625894573e-01,4.816933925634676039e-01,0.000000000000000000e+00,0.000000000000000000e+00,0.000000000000000000e+00,1.000000000000000056e-01
9.963082384534223124e-01,-8.532020808411891477e-02,9.505581640340562619e-03,7.041612887226783357e+01,8.518813321761342650e-02,9.962730515959956623e-01,1.352732872745821338e-02,5.354147240731731650e+00,-1.062430932986597500e-02,-1.266762630034603404e-02,9.998633183066464314e-01,4.888586771540802123e-01,0.000000000000000000e+00,0.000000000000000000e+00,0.000000000000000000e+00,1.000000000000000056e-01
9.966476159461905571e-01,-8.152270009125056616e-02,6.897753156404437536e-03,7.115568585665324974e+01,8.143771368547991774e-02,9.966083893203060429e-01,1.181596911248047888e-02,5.429343283768545803e+00,-7.837628369377510479e-03,-1.121462019942311497e-02,9.999063975569544294e-01,4.986810314820586676e-01,0.000000000000000000e+00,0.000000000000000000e+00,0.000000000000000000e+00,1.000000000000000056e-01
9.968349155122914196e-01,-7.932534840166435841e-02,5.257405877175049327e-03,7.186564461593845010e+01,7.926798247008223774e-02,9.967996627617853322e-01,1.034501199195346846e-02,5.494909919852418057e+00,-6.061202085851022381e-03,-9.895525198062558175e-03,9.999326679383612193e-01,5.014724580698067813e-01,0.000000000000000000e+00,0.000000000000000000e+00,0.000000000000000000e+00,1.000000000000000056e-01
9.968868496581770877e-01,-7.836517457766034589e-02,8.689556490858660331e-03,7.254140131684670223e+01,7.825448411799673654e-02,9.968560374480657238e-01,1.242080185683913825e-02,5.566513039582781097e+00,-9.635595156564209784e-03,-1.170213727288646997e-02,9.998851010437276310e-01,5.105248697737375663e-01,0.000000000000000000e+00,0.000000000000000000e+00,0.000000000000000000e+00,1.000000000000000056e-01
9.968527760762335710e-01,-7.837692736752770173e-02,1.189958341841130737e-02,7.312962167354918108e+01,7.821046090463519562e-02,9.968404633416262373e-01,1.386414259651372674e-02,5.603681991975069998e+00,-1.294861514568146355e-02,-1.288983713152436900e-02,9.998330788009225367e-01,5.331967001720600008e-01,0.000000000000000000e+00,0.000000000000000000e+00,0.000000000000000000e+00,1.000000000000000056e-01
9.968319857729595057e-01,-7.902202720262657687e-02,9.028364011577130407e-03,7.371450841327644810e+01,7.893138765991283834e-02,9.968299918620243671e-01,9.990163484001363114e-03,5.632497739762493794e+00,-9.789186994779265974e-03,-9.245893204220985429e-03,9.999093385286674796e-01,5.410791732809268062e-01,0.000000000000000000e+00,0.000000000000000000e+00,0.000000000000000000e+00,1.000000000000000056e-01
9.967974309329898919e-01,-7.965893073347715680e-02,7.023990303967720707e-03,7.434085370631110834e+01,7.961348848244095833e-02,9.968044313707187243e-01,6.528250252130963008e-03,5.669466964027805034e+00,-7.521578095545290547e-03,-5.948138708646076231e-03,9.999540216974255324e-01,5.533000616160255181e-01,0.000000000000000000e+00,0.000000000000000000e+00,0.000000000000000000e+00,1.000000000000000056e-01
9.969394926675591018e-01,-7.815588727361054422e-02,1.818033064742820412e-03,7.496142840421767062e+01,7.814579536954809058e-02,9.969289865646130400e-01,5.082362965626797263e-03,5.686704904124820992e+00,-2.209666447800118488e-03,-4.924736716651905225e-03,9.999854320651182515e-01,5.667907426267950743e-01,0.000000000000000000e+00,0.000000000000000000e+00,0.000000000000000000e+00,1.000000000000000056e-01
9.974215757466411425e-01,-7.171954611445044425e-02,2.550870483707951518e-03,7.557286888389624835e+01,7.171015676028003050e-02,9.974190179929667277e-01,3.599439312161052500e-03,5.742675244237987364e+00,-2.802436886621929683e-03,-3.407235108278214297e-03,9.999902685008557057e-01,5.881205831023420538e-01,0.000000000000000000e+00,0.000000000000000000e+00,0.000000000000000000e+00,1.000000000000000056e-01
9.977142961729986714e-01,-6.738870641119520943e-02,4.994543046535051579e-03,7.614413836763301902e+01,6.735651506533557598e-02,9.977087290587552948e-01,6.355457356989883955e-03,5.801117665245016930e+00,-5.411385245126792455e-03,-6.004515649828262580e-03,9.999673308171321828e-01,5.826554660215241821e-01,0.000000000000000000e+00,0.000000000000000000e+00,0.000000000000000000e+00,1.000000000000000056e-01
9.979074868000805676e-01,-6.415747659086964982e-02,8.029071293680961965e-03,7.669310211953707324e+01,6.412329522642920554e-02,9.979320850324435721e-01,4.444847815619270941e-03,5.819565120649310863e+00,-8.297638076657754339e-03,-3.920696403934702083e-03,9.999578877843091629e-01,5.926835207021586838e-01,0.000000000000000000e+00,0.000000000000000000e+00,0.000000000000000000e+00,1.000000000000000056e-01
9.983132056315231484e-01,-5.693018894270451824e-02,1.138846120686336921e-02,7.726143396251129047e+01,5.693722602503184516e-02,9.983777169143209784e-01,-2.943832917345223397e-04,5.811871215418143777e+00,-1.135322660245554130e-02,9.423141174683373348e-04,9.999351060392955848e-01,6.092883260091653819e-01,0.000000000000000000e+00,0.000000000000000000e+00,0.000000000000000000e+00,1.000000000000000056e-01
9.987975784141625013e-01,-4.684768588635621067e-02,1.444616492700557912e-02,7.781180937617499183e+01,4.693816014629202671e-02,9.988798458849973416e-01,-5.988539625395463903e-03,5.827542699443793772e+00,-1.414943377262806341e-02,6.659415278925780168e-03,9.998777153792641759e-01,6.129748163612918077e-01,0.000000000000000000e+00,0.000000000000000000e+00,0.000000000000000000e+00,1.000000000000000056e-01
9.993005001933290554e-01,-3.454091515335452889e-02,1.433302109574334168e-02,7.831538768272922368e+01,3.454850439067044809e-02,9.994029824021291031e-01,-2.821526138828548465e-04,5.863652058795811861e+00,-1.431471822042210129e-02,7.771396904418530378e-04,9.998972371679859528e-01,6.152001530835760068e-01,0.000000000000000000e+00,0.000000000000000000e+00,0.000000000000000000e+00,1.000000000000000056e-01
9.997559625295094898e-01,-1.565228129303807350e-02,1.558914612856113560e-02,7.882756652669455377e+01,1.561959120554888211e-02,9.998755499223567211e-01,2.216537397873830431e-03,5.878078618195194949e+00,-1.562189992496310423e-02,-1.972500389922316084e-03,9.998760250575798869e-01,6.165317751801276946e-01,0.000000000000000000e+00,0.000000000000000000e+00,0.000000000000000000e+00,1.000000000000000056e-01
9.999026503041849034e-01,8.006322474393825833e-04,1.393014367015965246e-02,7.932732688678535737e+01,-8.778311356941055068e-04,9.999842874627167255e-01,5.536627148357350404e-03,5.884119416961350879e+00,-1.392549199002085167e-02,-5.548316473226975153e-03,9.998876421164274442e-01,6.259361498860757100e-01,0.000000000000000000e+00,0.000000000000000000e+00,0.000000000000000000e+00,1.000000000000000056e-01
9.996466065821189018e-01,2.306582809642174214e-02,1.321474642513889054e-02,7.984956706980777597e+01,-2.312788517376467012e-02,9.997221031377530043e-01,4.562611666269530269e-03,5.872230364817133008e+00,-1.310583367220705293e-02,-4.866628407259352557e-03,9.999022717504456592e-01,6.366150843699271977e-01,0.000000000000000000e+00,0.000000000000000000e+00,0.000000000000000000e+00,1.000000000000000056e-01
9.987148293863785664e-01,4.852618249364539643e-02,1.462529235024376609e-02,8.035924993305738440e+01,-4.860172020971751522e-02,9.988064421705443729e-01,4.854263206221295403e-03,5.834257854019580414e+00,-1.437227735583377145e-02,-5.558839016589745517e-03,9.998812614267729160e-01,6.542705947823693746e-01,0.000000000000000000e+00,0.000000000000000000e+00,0.000000000000000000e+00,1.000000000000000056e-01
9.973332414433786486e-01,7.139373526933076586e-02,1.514397822027562998e-02,8.081624757263723779e+01,-7.149265180436728540e-02,9.974225135001779652e-01,6.093463790558158351e-03,5.837904059152799086e+00,-1.466990968012290772e-02,-7.159897155690312341e-03,9.998667559343579203e-01,6.485787690338178368e-01,0.000000000000000000e+00,0.000000000000000000e+00,0.000000000000000000e+00,1.000000000000000056e-01
9.944273262634685251e-01,1.042962968062387114e-01,1.538100299050836756e-02,8.130797024798211226e+01,-1.043205645414663901e-01,9.945434171643225962e-01,7.817856879924834149e-04,5.761467157526912963e+00,-1.521553792144112252e-02,-2.381983966605227127e-03,9.998813997460619385e-01,6.456800354558508426e-01,0.000000000000000000e+00,0.000000000000000000e+00,0.000000000000000000e+00,1.000000000000000056e-01
