1.000000000000000000e+00,0.000000000000000000e+00,0.000000000000000000e+00,0.000000000000000000e+00,0.000000000000000000e+00,1.000000000000000000e+00,0.000000000000000000e+00,0.000000000000000000e+00,0.000000000000000000e+00,0.000000000000000000e+00,1.000000000000000000e+00,0.000000000000000000e+00,0.000000000000000000e+00,0.000000000000000000e+00,0.000000000000000000e+00,1.000000000000000000e+00
9.999965893356576041e-01,-2.608856206126879129e-03,-1.232329002712320221e-04,6.464484649457440391e-01,2.608475643651836547e-03,9.999921174485819630e-01,-2.993475491560109239e-03,2.108735319627053073e-02,1.310414759956044038e-04,2.993143831801153756e-03,9.999955119489956079e-01,3.850805638817567100e-03,0.000000000000000000e+00,0.000000000000000000e+00,0.000000000000000000e+00,1.000000000000000000e+00
9.999718757847820827e-01,-7.496835464305764279e-03,-2.123616864125426316e-04,1.312468409660691560e+00,7.496384989327302406e-03,9.999698043409410708e-01,-2.048076764305171039e-03,4.176565458206044079e-02,2.277093685317276614e-04,2.046427218795137792e-03,9.999978801397940709e-01,6.033186962300052421e-03,0.000000000000000000e+00,0.000000000000000000e+00,0.000000000000000000e+00,1.000000000000000000e+00
9.999484945577332695e-01,-9.800102426807956804e-03,-2.639360556452857633e-03,2.011318386051748064e+00,9.792956275300237698e-03,9.999483837994125324e-01,-2.706980666859114260e-03,5.821040400198108922e-02,2.665753010491564955e-03,2.680994100098532239e-03,9.999928529902213370e-01,-1.978217646605513920e-03,0.000000000000000000e+00,0.000000000000000000e+00,0.000000000000000000e+00,1.000000000000000000e+00
9.999405109492809363e-01,-1.027463839776084770e-02,-3.661470781856269400e-03,2.686130894460333707e+00,1.027242551618532188e-02,9.999470433791943780e-01,-6.226646133196157840e-04,8.300999472162527704e-02,3.667674536481428400e-03,5.850153857064297218e-04,9.999931029364617086e-01,3.035743634630129299e-03,0.000000000000000000e+00,0.000000000000000000e+00,0.000000000000000000e+00,1.000000000000000000e+00
9.998693351400995688e-01,-1.599803657128578971e-02,-2.318506493096387198e-03,3.362542998416643059e+00,1.599549100321661504e-02,9.998714452085347704e-01,-1.112350736386903075e-03,9.583489227453256820e-02,2.336003865738472355e-03,1.075119741482435162e-03,9.999966935962740777e-01,1.931010540308195425e-02,0.000000000000000000e+00,0.000000000000000000e+00,0.000000000000000000e+00,1.000000000000000000e+00
9.997723905758111318e-01,-2.095264688533785696e-02,-4.019157974736816200e-03,4.070127149419416668e+00,2.094654859994769108e-02,9.997793901148883666e-01,-1.553448825067138333e-03,1.152300544853833431e-01,4.050820173443837532e-03,1.468907757625704559e-03,9.999907165398697062e-01,3.398501032011594369e-02,0.000000000000000000e+00,0.000000000000000000e+00,0.000000000000000000e+00,1.000000000000000000e+00
9.996371594208099953e-01,-2.670590624528015877e-02,-3.513413826041655603e-03,4.831396334888203192e+00,2.671108928533485333e-02,9.996421628524251313e-01,1.436647805147695141e-03,1.256044944061332769e-01,3.473789614468134057e-03,-1.529973641429908113e-03,9.999927959572361136e-01,3.728543048800964099e-02,0.000000000000000000e+00,0.000000000000000000e+00,0.000000000000000000e+00,1.000000000000000000e+00
9.994699648198092090e-01,-3.249509178468801968e-02,-1.964289437977848139e-03,5.604353875337689139e+00,3.249677456899503075e-02,9.994714949470632215e-01,8.309217139395786616e-04,1.535182730273415286e-01,1.936250423724091875e-03,-8.943143672535729333e-04,9.999977255654678432e-01,4.256128667634790502e-02,0.000000000000000000e+00,0.000000000000000000e+00,0.000000000000000000e+00,1.000000000000000000e+00
9.993289033206994576e-01,-3.662700320842909169e-02,4.534576275621501873e-04,6.390832169330716184e+00,3.662695599690283382e-02,9.993290016572053958e-01,1.119875624396203734e-04,2.053740182420802918e-01,-4.572551270543049012e-04,-9.530363538735501334e-05,9.999998909174767636e-01,5.020994887881728014e-02,0.000000000000000000e+00,0.000000000000000000e+00,0.000000000000000000e+00,1.000000000000000000e+00
9.992007617630290772e-01,-3.988292961823138721e-02,2.681346164312660083e-03,7.169972816276528604e+00,3.988171549270953797e-02,9.992042803986527222e-01,5.047795250791277605e-04,2.337048836509462990e-01,-2.699344650883170067e-03,-3.974394011191864510e-04,9.999962777832612781e-01,6.230633337665215238e-02,0.000000000000000000e+00,0.000000000000000000e+00,0.000000000000000000e+00,1.000000000000000000e+00
9.991061728577859125e-01,-4.199074032397850237e-02,4.861387097917734684e-03,7.969490244068545337e+00,4.197490296765089834e-02,9.991131650176756640e-01,3.315269102092691100e-03,2.756398274870787146e-01,-4.996286453746757138e-03,-3.108249572862527808e-03,9.999826878032759270e-01,6.444769990971689622e-02,0.000000000000000000e+00,0.000000000000000000e+00,0.000000000000000000e+00,1.000000000000000000e+00
9.989123923449211295e-01,-4.636598773659178496e-02,4.922154097623966836e-03,8.805324043753879337e+00,4.634677829262506821e-02,9.989176106680612843e-01,3.947561159189014873e-03,3.311893851596577898e-01,-5.099858982834939818e-03,-3.715141776768907805e-03,9.999800943818494270e-01,7.021667052799741848e-02,0.000000000000000000e+00,0.000000000000000000e+00,0.000000000000000000e+00,1.000000000000000000e+00
9.989861008362650452e-01,-4.493061441484827445e-02,2.830233959310720845e-03,9.599247075206614355e+00,4.492861640560545655e-02,9.989899064584747412e-01,7.656513342629638844e-04,3.736214373230639096e-01,-2.861776343143401617e-03,-6.377165451197266792e-04,9.999957017676466275e-01,7.947495283158562129e-02,0.000000000000000000e+00,0.000000000000000000e+00,0.000000000000000000e+00,1.000000000000000000e+00
9.988710900564833350e-01,-4.730434976443689127e-02,4.340961038992070808e-03,1.042674358818517710e+01,4.729567858238243466e-02,9.988787697810833643e-01,2.078958407726466846e-03,3.984398554585685814e-01,-4.434437597960822625e-03,-1.871302752869305561e-03,9.999884169275137236e-01,1.011275558935512686e-01,0.000000000000000000e+00,0.000000000000000000e+00,0.000000000000000000e+00,1.000000000000000000e+00
9.987484883223479715e-01,-4.990124643659751835e-02,3.364918706922024119e-03,1.124049327949847310e+01,4.989291063844202012e-02,9.987514006944012701e-01,2.517355556053969563e-03,4.750998887355001865e-01,-3.486336451732355984e-03,-2.346319467828971231e-03,9.999911700825655503e-01,1.116739042347941191e-01,0.000000000000000000e+00,0.000000000000000000e+00,0.000000000000000000e+00,1.000000000000000000e+00
9.987978558384505989e-01,-4.897551860870301421e-02,2.059550807199681931e-03,1.209981834096806885e+01,4.896562823226131844e-02,9.987898441714092579e-01,4.605912707840588427e-03,5.267074569939134143e-01,-2.282635393318984893e-03,-4.499528537619734356e-03,9.999872718282961648e-01,1.228405937770394307e-01,0.000000000000000000e+00,0.000000000000000000e+00,0.000000000000000000e+00,1.000000000000000000e+00
9.986128947781343079e-01,-5.265128761378416039e-02,-3.581835425615640181e-04,1.298207776862941465e+01,5.265247240387509187e-02,9.985968306307113629e-01,5.664539174375498969e-03,5.854624893693396448e-01,5.943566911645188465e-05,-5.675541111597783191e-03,9.999838922205149805e-01,1.349994379264079503e-01,0.000000000000000000e+00,0.000000000000000000e+00,0.000000000000000000e+00,1.000000000000000000e+00
9.987500586999942254e-01,-4.997705860307165293e-02,-7.834922770981863011e-04,1.385703035097616542e+01,4.998109279241318842e-02,9.987291784447023257e-01,6.474448736936677315e-03,6.173396622535044509e-01,4.589226942755581136e-04,-6.505515856269672263e-03,9.999787336005717675e-01,1.308307937105025465e-01,0.000000000000000000e+00,0.000000000000000000e+00,0.000000000000000000e+00,1.000000000000000000e+00
9.975495907270187645e-01,-6.994623037795386078e-02,-1.529345048243374236e-03,1.489899164760998040e+01,6.995691238448602245e-02,9.975123157528813511e-01,8.672388999283442076e-03,8.320224573055710060e-01,9.189396017873144437e-04,-8.758126354406580230e-03,9.999612246346191169e-01,1.367543468077129787e-01,0.000000000000000000e+00,0.000000000000000000e+00,0.000000000000000000e+00,1.000000000000000000e+00
9.973678415574545042e-01,-7.250251986425804152e-02,8.793408681080500111e-04,1.585847869457554893e+01,7.249328237268953812e-02,9.973372048558304392e-01,7.951340842523600683e-03,8.764828732187301963e-01,-1.453491610896950545e-03,-7.866665347742078304e-03,9.999680009572518014e-01,1.409518727919077952e-01,0.000000000000000000e+00,0.000000000000000000e+00,0.000000000000000000e+00,1.000000000000000000e+00
9.970351000233129701e-01,-7.694277760015391654e-02,-9.045975238802526951e-04,1.675610038160789372e+01,7.694744704812002400e-02,9.970060499858274250e-01,7.617524823532961092e-03,9.674999638525443313e-01,3.157756857500397247e-04,-7.664546094430179334e-03,9.999705770765864310e-01,1.548285454390629090e-01,0.000000000000000000e+00,0.000000000000000000e+00,0.000000000000000000e+00,1.000000000000000000e+00
9.972302761707410035e-01,-7.437272403349272365e-02,6.886278171081936395e-04,1.763576505996202926e+01,7.436378924590136830e-02,9.971921577005381510e-01,8.821987845057784050e-03,1.059073301239225273e+00,-1.342809526222056528e-03,-8.746344401241865768e-03,9.999608483946706983e-01,1.640081926768693632e-01,0.000000000000000000e+00,0.000000000000000000e+00,0.000000000000000000e+00,1.000000000000000000e+00
9.970144444234919634e-01,-7.720417483492109101e-02,-1.308815869302288422e-03,1.855274636006585354e+01,7.720972236369395836e-02,9.970027574741026077e-01,4.915319069828820268e-03,1.121266258651859804e+00,9.254098778837356251e-04,-5.001697421463890091e-03,9.999870632360503553e-01,1.637818389080184511e-01,0.000000000000000000e+00,0.000000000000000000e+00,0.000000000000000000e+00,1.000000000000000000e+00
9.967853698450900302e-01,-8.010588758890939409e-02,1.404719326394732659e-03,1.948502304180555456e+01,8.009586935245804895e-02,9.967682864972015055e-01,6.134716465299109266e-03,1.180200605511227518e+00,-1.891606583539074370e-03,-6.002483405114329533e-03,9.999801958126488532e-01,1.703477281486786565e-01,0.000000000000000000e+00,0.000000000000000000e+00,0.000000000000000000e+00,1.000000000000000000e+00
9.965604255835535108e-01,-8.277096756580838710e-02,4.035478776100262510e-03,2.041277585572920827e+01,8.275147446291726550e-02,9.965587537179866340e-01,4.779525318462088043e-03,1.244819619300507885e+00,-4.417197634880244174e-03,-4.429143966567876921e-03,9.999804353330007389e-01,1.897277039398166387e-01,0.000000000000000000e+00,0.000000000000000000e+00,0.000000000000000000e+00,1.000000000000000000e+00
9.968290240062713803e-01,-7.923310633230781774e-02,7.349269327102950049e-03,2.137984719210665574e+01,7.921133260877473437e-02,9.968526827451222871e-01,3.208378125767962462e-03,1.339896404569574706e+00,-7.580348610132217960e-03,-2.616059018651768070e-03,9.999678467581641916e-01,1.950129560945873530e-01,0.000000000000000000e+00,0.000000000000000000e+00,0.000000000000000000e+00,1.000000000000000000e+00
9.967296506305880488e-01,-8.017872831267092160e-02,1.006851925526700865e-02,2.235502921999840709e+01,8.017660723305804205e-02,9.967804842087014672e-01,6.147790388222708954e-04,1.415713495384171905e+00,-1.008539570005570485e-02,1.944912171676343039e-04,9.999491221890939308e-01,1.883342445601018933e-01,0.000000000000000000e+00,0.000000000000000000e+00,0.000000000000000000e+00,1.000000000000000000e+00
9.968084618788475293e-01,-7.881307645940252571e-02,1.270390907301473422e-02,2.334160745193918629e+01,7.879826737032456785e-02,9.968891954433807268e-01,1.662849267771287446e-03,1.501963266675106823e+00,-1.279544396126480049e-02,-6.564961971598187555e-04,9.999179194446795593e-01,1.875211434290217638e-01,0.000000000000000000e+00,0.000000000000000000e+00,0.000000000000000000e+00,1.000000000000000000e+00
9.972206156029959079e-01,-7.377739006875216887e-02,1.038944324923426338e-02,2.428292038895770233e+01,7.380218128133070321e-02,9.972708489371722163e-01,-2.022844100034002120e-03,1.586451614863785275e+00,-1.021184873093190955e-02,2.783985412796755651e-03,9.999439822163624925e-01,1.937012628023555838e-01,0.000000000000000000e+00,0.000000000000000000e+00,0.000000000000000000e+00,1.000000000000000000e+00
9.974863562281847118e-01,-7.051547202992042296e-02,6.966874695231979261e-03,2.522030357742870521e+01,7.052256178893367977e-02,9.975098819590135779e-01,-7.769638621920634935e-04,1.667014008051610041e+00,-6.894738381371411963e-03,1.266332702989077762e-03,9.999754291902060999e-01,1.881795666643564791e-01,0.000000000000000000e+00,0.000000000000000000e+00,0.000000000000000000e+00,1.000000000000000000e+00
9.975669099903629045e-01,-6.965091209554964691e-02,3.001755576379650219e-03,2.615064474901117464e+01,6.966468744843612448e-02,9.975591134185644027e-01,-4.758840014350521931e-03,1.745012048243676173e+00,-2.662971083956201888e-03,4.956377692279115635e-03,9.999841713273146526e-01,1.962965584995858548e-01,0.000000000000000000e+00,0.000000000000000000e+00,0.000000000000000000e+00,1.000000000000000000e+00
9.976941374858849798e-01,-6.779686181271521450e-02,3.161258396134897578e-03,2.710170364627314044e+01,6.781359809175140085e-02,9.976826973697963119e-01,-5.527321483397977867e-03,1.813661823560108299e+00,-2.779197752934394264e-03,5.728952546325507232e-03,9.999797273757956573e-01,2.078281432127865314e-01,0.000000000000000000e+00,0.000000000000000000e+00,0.000000000000000000e+00,1.000000000000000000e+00
9.976225831233724861e-01,-6.869683968482384606e-02,5.470453324144251492e-03,2.807107376585524250e+01,6.872582920563559405e-02,9.976215053849020187e-01,-5.300225803019378845e-03,1.876796481497121860e+00,-5.093333118087230334e-03,5.663586397577762346e-03,9.999709904526550286e-01,2.240925246087177580e-01,0.000000000000000000e+00,0.000000000000000000e+00,0.000000000000000000e+00,1.000000000000000000e+00
9.978030520242120449e-01,-6.525683678299479262e-02,1.142867552473631441e-02,2.908338665850150662e+01,6.537009649800337718e-02,9.978126325309175648e-01,-9.833658808623293654e-03,1.926204659219407533e+00,-1.076196334382478574e-02,1.055914839370531225e-02,9.998863358053177164e-01,2.198246475381565590e-01,0.000000000000000000e+00,0.000000000000000000e+00,0.000000000000000000e+00,1.000000000000000000e+00
9.978712029193719246e-01,-6.389853555087886272e-02,1.303992096232248904e-02,3.003774028229486959e+01,6.403934452331247473e-02,9.978902006483300058e-01,-1.068221901402580283e-02,1.978967700529157936e+00,-1.232983119410030991e-02,1.149454672843681219e-02,9.998579152350755006e-01,2.307969716177437347e-01,0.000000000000000000e+00,0.000000000000000000e+00,0.000000000000000000e+00,1.000000000000000000e+00
9.979478290155261444e-01,-6.256952748027079514e-02,1.360826197933401489e-02,3.097009823362645164e+01,6.282693002264670701e-02,9.978360557717476098e-01,-1.939027245331893801e-02,2.017713834597608447e+00,-1.236557427424937565e-02,2.020544562191432109e-02,9.997193768953794857e-01,2.327014422931318050e-01,0.000000000000000000e+00,0.000000000000000000e+00,0.000000000000000000e+00,1.000000000000000000e+00
9.980306747907542464e-01,-6.188585538472219510e-02,1.024270862701291696e-02,3.192084624187747721e+01,6.208633109039900927e-02,9.978587298343174483e-01,-2.057286526421191544e-02,2.085538273719124369e+00,-8.947606856023705355e-03,2.116828280109955482e-02,9.997358871896117050e-01,2.334061079447897480e-01,0.000000000000000000e+00,0.000000000000000000e+00,0.000000000000000000e+00,1.000000000000000000e+00
9.978302764828504978e-01,-6.543387845139830850e-02,7.290191010580826698e-03,3.289832095060717165e+01,6.557272586781461021e-02,9.976311559292275755e-01,-2.079168924307664076e-02,2.130863902451329839e+00,-5.912440818099893095e-03,2.122461472262504242e-02,9.997572499229230303e-01,2.329454903899351448e-01,0.000000000000000000e+00,0.000000000000000000e+00,0.000000000000000000e+00,1.000000000000000000e+00
9.979028039123450933e-01,-6.424493933391643707e-02,7.910860501003211601e-03,3.386190519536717147e+01,6.438450991662442169e-02,9.977466663082372733e-01,-1.887391728280629274e-02,2.219376480490410142e+00,-6.680481021678215045e-03,1.934367185369750136e-02,9.997905748368168810e-01,2.301523579550026621e-01,0.000000000000000000e+00,0.000000000000000000e+00,0.000000000000000000e+00,1.000000000000000000e+00
9.979542016685349903e-01,-6.327592724199627983e-02,9.141575563759746226e-03,3.480551600111439114e+01,6.343682946945368439e-02,9.978136677342611671e-01,-1.853788417186094314e-02,2.308161103842737649e+00,-7.948587232065767658e-03,1.907987196947306258e-02,9.997863664036631404e-01,2.412208571439327376e-01,0.000000000000000000e+00,0.000000000000000000e+00,0.000000000000000000e+00,1.000000000000000000e+00
9.979394891099249154e-01,-6.319205764688469451e-02,1.111485156803828506e-02,3.579051299458357249e+01,6.336402779175356881e-02,9.978643301872485161e-01,-1.586753043059578941e-02,2.373610714204659189e+00,-1.008841201738726844e-02,1.653911697500293210e-02,9.998123231650284382e-01,2.357958937300381752e-01,0.000000000000000000e+00,0.000000000000000000e+00,0.000000000000000000e+00,1.000000000000000000e+00
9.978411456022344694e-01,-6.444300274719784449e-02,1.265494133333260919e-02,3.678961851903052604e+01,6.463634278495525298e-02,9.977882830291092686e-01,-1.551404013189363121e-02,2.432319153117946886e+00,-1.162718085398024501e-02,1.629851670407210518e-02,9.997995634219053462e-01,2.492431649112918368e-01,0.000000000000000000e+00,0.000000000000000000e+00,0.000000000000000000e+00,1.000000000000000000e+00
9.977761708812498131e-01,-6.501841385824436159e-02,1.467374120374647511e-02,3.780026337952811133e+01,6.524561651194366041e-02,9.977476706150532060e-01,-1.557547136423087508e-02,2.513714519805601011e+00,-1.362799866204931522e-02,1.649823146884751845e-02,9.997710167887765564e-01,2.391895628091650072e-01,0.000000000000000000e+00,0.000000000000000000e+00,0.000000000000000000e+00,1.000000000000000000e+00
9.976633203420591789e-01,-6.667741323085983607e-02,1.490039626669698893e-02,3.879114455643856019e+01,6.690092174718169360e-02,9.976462389914596551e-01,-1.504155894781039789e-02,2.588865826937648329e+00,-1.386239205335307485e-02,1.600326188763326329e-02,9.997758397238412087e-01,2.573114622276186925e-01,0.000000000000000000e+00,0.000000000000000000e+00,0.000000000000000000e+00,1.000000000000000000e+00
9.977534598868885718e-01,-6.499998420420129153e-02,1.621836419628234008e-02,3.979346170921233039e+01,6.522866362287445263e-02,9.977722251627306749e-01,-1.399314602918236630e-02,2.646049011167296516e+00,-1.527267906176017938e-02,1.501961208799123745e-02,9.997705519402939611e-01,2.469272827344166088e-01,0.000000000000000000e+00,0.000000000000000000e+00,0.000000000000000000e+00,1.000000000000000000e+00
9.977605452722556612e-01,-6.516213502975286287e-02,1.509272859299437726e-02,4.081159715743589800e+01,6.538367730825089819e-02,9.977521806996006992e-01,-1.468198388666293146e-02,2.727466643748408526e+00,-1.410209344983990622e-02,1.563592234446004384e-02,9.997782998709098257e-01,2.558356351091898850e-01,0.000000000000000000e+00,0.000000000000000000e+00,0.000000000000000000e+00,1.000000000000000000e+00
9.976792856032237200e-01,-6.645924120930517265e-02,1.480582102184425063e-02,4.183837351028838469e+01,6.671126356400645940e-02,9.976234956696734546e-01,-1.723276534742832974e-02,2.796229332978169779e+00,-1.362535841514365444e-02,1.818048804925947309e-02,9.997418764172814054e-01,2.689660023081342222e-01,0.000000000000000000e+00,0.000000000000000000e+00,0.000000000000000000e+00,1.000000000000000000e+00
9.978156568476439503e-01,-6.507536493003747424e-02,1.136273861943740138e-02,4.286896359111601384e+01,6.523404948602774811e-02,9.977689145014068117e-01,-1.420253647568241531e-02,2.873406199618293133e+00,-1.041315213399204333e-02,1.491275071578236286e-02,9.998345743815426623e-01,2.697807935624632059e-01,0.000000000000000000e+00,0.000000000000000000e+00,0.000000000000000000e+00,1.000000000000000000e+00
9.979613961948928802e-01,-6.272570017133644038e-02,1.177022696305181533e-02,4.391962144869803097e+01,6.291843506292564558e-02,9.978774514897139625e-01,-1.678875628604308695e-02,2.927482256683295425e+00,-1.069215759229764397e-02,1.749509492444550549e-02,9.997897776130759695e-01,2.749321927211014205e-01,0.000000000000000000e+00,0.000000000000000000e+00,0.000000000000000000e+00,1.000000000000000000e+00
9.977768678181794249e-01,-6.534066412249983635e-02,1.311181371818747124e-02,4.493606016037430351e+01,6.557673747517760166e-02,9.976766905249160322e-01,-1.846382098506916744e-02,2.986780933134148608e+00,-1.187491259173705828e-02,1.928260343645828850e-02,9.997435509447653024e-01,2.892477990332457671e-01,0.000000000000000000e+00,0.000000000000000000e+00,0.000000000000000000e+00,1.000000000000000000e+00
9.975475175593555566e-01,-6.823913188634825322e-02,1.556827191985843059e-02,4.591869768984365408e+01,6.851012896797008256e-02,9.974952825957927871e-01,-1.759327791905709870e-02,3.047589303574474329e+00,-1.432872778599555627e-02,1.861671503092455354e-02,9.997240146567901720e-01,2.861544915147439805e-01,0.000000000000000000e+00,0.000000000000000000e+00,0.000000000000000000e+00,1.000000000000000000e+00
9.974971649716598554e-01,-6.942922317357255735e-02,1.337867119787380758e-02,4.683173830742192223e+01,6.967482166221787565e-02,9.973914556224393602e-01,-1.886010280183495272e-02,3.105841169822105563e+00,-1.203433005383619699e-02,1.974505560569307996e-02,9.997326180930985462e-01,2.969734093881030712e-01,0.000000000000000000e+00,0.000000000000000000e+00,0.000000000000000000e+00,1.000000000000000000e+00
9.975749123165603693e-01,-6.918607248209643346e-02,7.588260084769354180e-03,4.776169473745163430e+01,6.927945188703026058e-02,9.975148716662509685e-01,-1.282335178110648004e-02,3.107058520096730447e+00,-6.682204938837775499e-03,1.331796452809035775e-02,9.998889838166942212e-01,2.869286474036545909e-01,0.000000000000000000e+00,0.000000000000000000e+00,0.000000000000000000e+00,1.000000000000000000e+00
9.973774241833333054e-01,-7.205833719230571310e-02,6.772722532702536713e-03,4.868211343073597419e+01,7.213363914329552762e-02,9.973272490792657319e-01,-1.162309545415094944e-02,3.178109668855534586e+00,-5.917079800863810600e-03,1.208115412828939667e-02,9.999095128468157290e-01,2.969356947432295613e-01,0.000000000000000000e+00,0.000000000000000000e+00,0.000000000000000000e+00,1.000000000000000000e+00
9.975404321855293466e-01,-6.948028994088681354e-02,9.250700775860513578e-03,4.965452604600496045e+01,6.961195544281593983e-02,9.974648627353409625e-01,-1.476561098644640392e-02,3.257516894345016567e+00,-8.201330047106752258e-03,1.537325333512677174e-02,9.998481891104019637e-01,2.983696643706007512e-01,0.000000000000000000e+00,0.000000000000000000e+00,0.000000000000000000e+00,1.000000000000000000e+00
9.977565279410709476e-01,-6.594483965241540457e-02,1.154075708962938075e-02,5.065139860656798731e+01,6.615874304856869670e-02,9.976233247449405317e-01,-1.925415911151222639e-02,3.339792807582212752e+00,-1.024361602257899996e-02,1.997448492640567855e-02,9.997480123924751272e-01,3.175852030173682006e-01,0.000000000000000000e+00,0.000000000000000000e+00,0.000000000000000000e+00,1.000000000000000000e+00
9.971915010727823159e-01,-7.334283630746113447e-02,1.516372482586119882e-02,5.158223888282397951e+01,7.365653130292092177e-02,9.970565699034908969e-01,-2.128172475891973794e-02,3.440202410306781200e+00,-1.355822940649962192e-02,2.233886243006945327e-02,9.996585165148590413e-01,3.058472811935084024e-01,0.000000000000000000e+00,0.000000000000000000e+00,0.000000000000000000e+00,1.000000000000000000e+00
9.975521255393537956e-01,-6.867619864391812101e-02,1.316573475902621526e-02,5.250904611282769707e+01,6.894576429435803067e-02,9.973940841483263098e-01,-2.124905860961179976e-02,3.504274901615621829e+00,-1.167212139204873954e-02,2.210476522718596987e-02,9.996875216468683600e-01,3.192601140964053119e-01,0.000000000000000000e+00,0.000000000000000000e+00,0.000000000000000000e+00,1.000000000000000000e+00
9.974310085672015713e-01,-7.065755220091467226e-02,1.178530719141926766e-02,5.344544539445939080e+01,7.089131768009857004e-02,9.972679484886027845e-01,-2.076198436850496681e-02,3.587299783459874103e+00,-1.028611813078243557e-02,2.154412296459844514e-02,9.997149826522973015e-01,3.305734723741694525e-01,0.000000000000000000e+00,0.000000000000000000e+00,0.000000000000000000e+00,1.000000000000000000e+00
9.975595940672432604e-01,-6.867029563202031728e-02,1.261930197013835971e-02,5.438991287110707873e+01,6.895864660214544306e-02,9.973297005146515293e-01,-2.404523924108805180e-02,3.662852550979698751e+00,-1.093441096735384491e-02,2.485676908151365772e-02,9.996312218451474108e-01,3.345706272418059180e-01,0.000000000000000000e+00,0.000000000000000000e+00,0.000000000000000000e+00,1.000000000000000000e+00
9.975079521691075923e-01,-6.844098414243521278e-02,1.713817519496830741e-02,5.533368348525595337e+01,6.892139104978126096e-02,9.971942467546666133e-01,-2.921431318994928764e-02,3.713767198720800522e+00,-1.509063335853043537e-02,3.032269659862489239e-02,9.994262388269696817e-01,3.414451404846644000e-01,0.000000000000000000e+00,0.000000000000000000e+00,0.000000000000000000e+00,1.000000000000000000e+00
9.969717857064470667e-01,-7.485602815237217544e-02,2.106735755986394523e-02,5.628163634770637458e+01,7.545798496312478010e-02,9.967155656279803599e-01,-2.939683214572509640e-02,3.786201819550929049e+00,-1.879763311187568689e-02,3.089751258840073983e-02,9.993457823522534644e-01,3.651232809490913001e-01,0.000000000000000000e+00,0.000000000000000000e+00,0.000000000000000000e+00,1.000000000000000000e+00
9.967613673052532208e-01,-7.696881873754185532e-02,2.329329495616330389e-02,5.725021389283725881e+01,7.760039821015915495e-02,9.966039123711303294e-01,-2.754668844315698653e-02,3.858691871014069186e+00,-2.109395281572611427e-02,2.926504380155747417e-02,9.993490893406052900e-01,3.573851664556413343e-01,0.000000000000000000e+00,0.000000000000000000e+00,0.000000000000000000e+00,1.000000000000000000e+00
9.965108132557889409e-01,-8.084842901578204177e-02,2.072994428288334884e-02,5.813398550578804702e+01,8.136237708821791870e-02,9.963639634379377608e-01,-2.527876493820474524e-02,3.953598865377982108e+00,-1.861082101482815221e-02,2.687720015043353408e-02,9.994654838728668222e-01,3.551761189393260465e-01,0.000000000000000000e+00,0.000000000000000000e+00,0.000000000000000000e+00,1.000000000000000000e+00
9.963248170805010240e-01,-8.407991777438525438e-02,1.635317389879944322e-02,5.904973172613254206e+01,8.448226844746511977e-02,9.960934164640529165e-01,-2.570315145939464432e-02,4.057086339249562634e+00,-1.412816999763742871e-02,2.699024090345977442e-02,9.995358531380889033e-01,3.708107420995063741e-01,0.000000000000000000e+00,0.000000000000000000e+00,0.000000000000000000e+00,1.000000000000000000e+00
9.965742529691836715e-01,-8.179201041900832636e-02,1.224031660279651518e-02,6.001441759485432215e+01,8.207440307493785170e-02,9.963203745858849603e-01,-2.468812558574360813e-02,4.148570525054116942e+00,-1.017598539761314230e-02,2.560816699144410555e-02,9.996202634523380093e-01,3.732846422859281144e-01,0.000000000000000000e+00,0.000000000000000000e+00,0.000000000000000000e+00,1.000000000000000000e+00
9.966926121118372395e-01,-8.036181884055236535e-02,1.207538961387654049e-02,6.093627533219166281e+01,8.061639153713082151e-02,9.964951195752275170e-01,-2.232653305570924188e-02,4.234004959757113440e+00,-1.023886601243687369e-02,2.322616488777131880e-02,9.996778035384106254e-01,3.581433303192404494e-01,0.000000000000000000e+00,0.000000000000000000e+00,0.000000000000000000e+00,1.000000000000000000e+00
9.964731360440484131e-01,-8.297829149987001607e-02,1.248568309334885211e-02,6.185150577493415369e+01,8.321175750592435527e-02,9.963408497482865167e-01,-1.951190753462683086e-02,4.332498564610742342e+00,-1.082093135178825195e-02,2.048204732509030859e-02,9.997316605880043339e-01,3.669813288066355317e-01,0.000000000000000000e+00,0.000000000000000000e+00,0.000000000000000000e+00,1.000000000000000000e+00
9.958793317791880817e-01,-8.955712725576332744e-02,1.427856760108277973e-02,6.274535138242922017e+01,8.980368832493114406e-02,9.958025811518234072e-01,-1.767814850619433761e-02,4.428244149137600338e+00,-1.263543027689351117e-02,1.888757075601580487e-02,9.997417694448152981e-01,3.794242192395643753e-01,0.000000000000000000e+00,0.000000000000000000e+00,0.000000000000000000e+00,1.000000000000000000e+00
9.957752534528945265e-01,-9.062208004783287030e-02,1.480821456602373319e-02,6.358658866132036280e+01,9.090543793272702622e-02,9.956639560542064338e-01,-1.973544954516033914e-02,4.496971711783824155e+00,-1.295553800844522450e-02,2.099821950296464762e-02,9.996955680669055155e-01,3.853456555594715893e-01,0.000000000000000000e+00,0.000000000000000000e+00,0.000000000000000000e+00,1.000000000000000000e+00
9.954845122913207334e-01,-9.370126784301269218e-02,1.518743535720311864e-02,6.441554957204246534e+01,9.398142821275390357e-02,9.953941333829764426e-01,-1.892116216957356184e-02,4.584844109066714246e+00,-1.334454717134088073e-02,2.026306076012137497e-02,9.997056223856196633e-01,3.962507102452988983e-01,0.000000000000000000e+00,0.000000000000000000e+00,0.000000000000000000e+00,1.000000000000000000e+00
9.949284680069399034e-01,-9.900127556540386231e-02,1.777894782584634251e-02,6.523461881958724007e+01,9.938139291880247750e-02,9.948073724982399169e-01,-2.194607857160533332e-02,4.660725024071076916e+00,-1.551393860016597043e-02,2.360167493157008106e-02,9.996010597481030935e-01,3.987704462298242714e-01,0.000000000000000000e+00,0.000000000000000000e+00,0.000000000000000000e+00,1.000000000000000000e+00
9.951742424198876114e-01,-9.645053525646044013e-02,1.804221363226678893e-02,6.605050678034052680e+01,9.687564175840122915e-02,9.949975412784584083e-01,-2.439268094581909657e-02,4.738603194727393664e+00,-1.559927106976180186e-02,2.602281880521308682e-02,9.995396318523438461e-01,4.038211828562334182e-01,0.000000000000000000e+00,0.000000000000000000e+00,0.000000000000000000e+00,1.000000000000000000e+00
9.951096187562896711e-01,-9.649891205942216776e-02,2.109043930473090619e-02,6.682079723862609910e+01,9.699684522570314882e-02,9.949948182761415572e-01,-2.401923437359976266e-02,4.813321668273193410e+00,-1.866704783782200880e-02,2.594747723731342590e-02,9.994890043167237170e-01,4.034865603126402411e-01,0.000000000000000000e+00,0.000000000000000000e+00,0.000000000000000000e+00,1.000000000000000000e+00
9.947447312493962190e-01,-1.000765063207500055e-01,2.162435049213068047e-02,6.763014583114670586e+01,1.005954729663010860e-01,9.946278208114015529e-01,-2.441411244862820573e-02,4.901716414064047456e+00,-1.906490152766918481e-02,2.646112149174764672e-02,9.994680277923528866e-01,4.000422823059752719e-01,0.000000000000000000e+00,0.000000000000000000e+00,0.000000000000000000e+00,1.000000000000000000e+00
9.946913577526468320e-01,-9.982574106614038045e-02,2.497847538981223803e-02,6.840994536240721402e+01,1.003317324234847402e-01,9.947551168712452929e-01,-1.989474622567464351e-02,4.971700662204739274e+00,-2.286145842035731263e-02,2.229526584451738819e-02,9.994900073736668888e-01,3.996806613725648605e-01,0.000000000000000000e+00,0.000000000000000000e+00,0.000000000000000000e+00,1.000000000000000000e+00
9.945900998339458621e-01,-1.006214576402389427e-01,2.580417746533864715e-02,6.914032160030554053e+01,1.011256005693988297e-01,9.946915310862897153e-01,-1.903604199137130110e-02,5.047634010208905231e+00,-2.375176249854734495e-02,2.154252184802237305e-02,9.994857545411219846e-01,4.074752346467105379e-01,0.000000000000000000e+00,0.000000000000000000e+00,0.000000000000000000e+00,1.000000000000000000e+00
9.945806506780210388e-01,-1.016792284433707672e-01,2.169478739356581545e-02,6.982364005928313588e+01,1.020461655020893782e-01,9.946422644990949857e-01,-1.653317206218429120e-02,5.122549212226947368e+00,-1.989747228195825474e-02,1.865744289227497243e-02,9.996279259912189685e-01,4.118540350968027397e-01,0.000000000000000000e+00,0.000000000000000000e+00,0.000000000000000000e+00,1.000000000000000000e+00
9.944264328088054938e-01,-1.044214290479295870e-01,1.456828358964693676e-02,7.050921648918476592e+01,1.046608872639282206e-01,9.943664795692638281e-01,-1.677507037721729169e-02,5.205039586072825131e+00,-1.273453604523526461e-02,1.820630288173748224e-02,9.997531505962292675e-01,4.112851525789394946e-01,0.000000000000000000e+00,0.000000000000000000e+00,0.000000000000000000e+00,1.000000000000000000e+00
9.948911072551508417e-01,-1.000057294645131933e-01,1.380357848158112084e-02,7.124355680145244207e+01,1.002508005426221843e-01,9.947924494838953358e-01,-1.837823278772474436e-02,5.278966056192402334e+00,-1.189376707313020975e-02,1.966816016070344064e-02,9.997358159937548283e-01,4.194246616454109788e-01,0.000000000000000000e+00,0.000000000000000000e+00,0.000000000000000000e+00,1.000000000000000000e+00
9.945675936740459022e-01,-1.034881648421271394e-01,1.120273855060211800e-02,7.194534548293023590e+01,1.036685163264802478e-01,9.944677386782911910e-01,-1.693385516524147441e-02,5.359010266434353298e+00,-9.388308478668196816e-03,1.800323486765298409e-02,9.997938503502633578e-01,4.213464856223896882e-01,0.000000000000000000e+00,0.000000000000000000e+00,0.000000000000000000e+00,1.000000000000000000e+00
9.945176067394980723e-01,-1.035923957510127558e-01,1.425992383264944492e-02,7.261299069744642054e+01,1.038297128877379016e-01,9.944489396571152273e-01,-1.704984271172332172e-02,5.441900766384868859e+00,-1.241453208128408259e-02,1.843697256629255044e-02,9.997529482005980128e-01,4.293002539333772294e-01,0.000000000000000000e+00,0.000000000000000000e+00,0.000000000000000000e+00,1.000000000000000000e+00
9.945098569041941339e-01,-1.037436181904255461e-01,1.368963860607838069e-02,7.319812746028408412e+01,1.039395376380214675e-01,9.944783237481548133e-01,-1.447190763723595584e-02,5.495115211606004912e+00,-1.211268079328632445e-02,1.581534950058518033e-02,9.998015591526997481e-01,4.357272377855151424e-01,0.000000000000000000e+00,0.000000000000000000e+00,0.000000000000000000e+00,1.000000000000000000e+00
9.940496209923115334e-01,-1.085077941102386839e-01,9.560837953791775576e-03,7.379362226356256826e+01,1.086447326618225490e-01,9.939643433456322175e-01,-1.520546685680732903e-02,5.547234679898799925e+00,-7.853220351526152970e-03,1.615372324953276428e-02,9.998386790654194556e-01,4.327595645605528674e-01,0.000000000000000000e+00,0.000000000000000000e+00,0.000000000000000000e+00,1.000000000000000000e+00
9.941887469784078668e-01,-1.074653463423816679e-01,6.319392140240803410e-03,7.443381376492368418e+01,1.075813571743247377e-01,9.939433635346387463e-01,-2.242413151019322440e-02,5.592826285055958024e+00,-3.871300820195327282e-03,2.297366799116129857e-02,9.997285749687195855e-01,4.488617145232014494e-01,0.000000000000000000e+00,0.000000000000000000e+00,0.000000000000000000e+00,1.000000000000000000e+00
9.943338643969056312e-01,-1.062824897242169581e-01,2.049022094961720081e-03,7.502840569967696638e+01,1.063000804428740759e-01,9.940060877575661591e-01,-2.553801869258040882e-02,5.670491456963119958e+00,6.775037729292310166e-04,2.561112802915695152e-02,9.996717516813742321e-01,4.664386967205955137e-01,0.000000000000000000e+00,0.000000000000000000e+00,0.000000000000000000e+00,1.000000000000000000e+00
9.946796597364885306e-01,-1.029984646077870269e-01,1.921144177058768318e-03,7.558065006809995623e+01,1.030155150849755563e-01,9.944219209005360494e-01,-2.264612294129486267e-02,5.728962264352042588e+00,4.220880093948004637e-04,2.272354551854951360e-02,9.997416978003739185e-01,4.784021433981794913e-01,0.000000000000000000e+00,0.000000000000000000e+00,0.000000000000000000e+00,1.000000000000000000e+00
9.956365537659255249e-01,-9.323606549294634338e-02,3.858613288845704620e-03,7.613084906316457534e+01,9.329677958150310590e-02,9.954179393143277599e-01,-2.094843695707601997e-02,5.780936403323882367e+00,-1.887783048488941243e-03,2.121702577222506214e-02,9.997731113070295050e-01,4.845025828779667698e-01,0.000000000000000000e+00,0.000000000000000000e+00,0.000000000000000000e+00,1.000000000000000000e+00
9.962194299475302106e-01,-8.662583456415867689e-02,6.543101794083253098e-03,7.667327215766046322e+01,8.675018773968133645e-02,9.959868828907290084e-01,-2.201213385262549421e-02,5.821918743741840707e+00,-4.610024094804103696e-03,2.249653074762732879e-02,9.997362921201579100e-01,4.939911330473662487e-01,0.000000000000000000e+00,0.000000000000000000e+00,0.000000000000000000e+00,1.000000000000000000e+00
9.968404533123399469e-01,-7.847141780426952762e-02,1.230232611513696998e-02,7.725269856458488960e+01,7.878804679085649187e-02,9.965035511701424431e-01,-2.780496696964132250e-02,5.856271580891912798e+00,-1.007741648127852795e-02,2.868639212394707982e-02,9.995376614135004223e-01,5.041419914054489082e-01,0.000000000000000000e+00,0.000000000000000000e+00,0.000000000000000000e+00,1.000000000000000000e+00
9.974024317477701018e-01,-7.088296501758140078e-02,1.280603037469258722e-02,7.776730558388558734e+01,7.123819534140453380e-02,9.970134796180954995e-01,-2.982014393532768023e-02,5.885020483814337844e+00,-1.065404468458018734e-02,3.065496256954413495e-02,9.994732435646862534e-01,5.193585230181716472e-01,0.000000000000000000e+00,0.000000000000000000e+00,0.000000000000000000e+00,1.000000000000000000e+00
9.981119671409347527e-01,-6.028956458026332038e-02,1.173326266568096125e-02,7.824099954484299246e+01,6.057372469455268860e-02,9.978355733678112571e-01,-2.559281927349320307e-02,5.922257259755139280e+00,-1.016488694910460192e-02,2.625522661222807683e-02,9.996035905041799063e-01,5.251453412855862091e-01,0.000000000000000000e+00,0.000000000000000000e+00,0.000000000000000000e+00,1.000000000000000000e+00
9.989596623572536416e-01,-4.435370446390081434e-02,1.059914540971523475e-02,7.872895751274732845e+01,4.457217713580741841e-02,9.987779784493007185e-01,-2.135113088593265651e-02,5.954862065137525917e+00,-9.639191276320829144e-03,2.180134548744640591e-02,9.997158532935601638e-01,5.319461608898052862e-01,0.000000000000000000e+00,0.000000000000000000e+00,0.000000000000000000e+00,1.000000000000000000e+00
9.995612537264392250e-01,-2.711469589094725810e-02,1.192029007939421174e-02,7.918817620319153150e+01,2.732850890818720735e-02,9.994616172454025005e-01,-1.815566727130171754e-02,5.980834649150038373e+00,-1.142158700402706208e-02,1.847346529356491338e-02,9.997641113934589985e-01,5.333439786984098818e-01,0.000000000000000000e+00,0.000000000000000000e+00,0.000000000000000000e+00,1.000000000000000000e+00
9.999132144873397188e-01,-3.697394610622847973e-03,1.264487116166237643e-02,7.965750702770495195e+01,3.942526585095166777e-03,9.998037142308604519e-01,-1.941621730170747448e-02,5.975577377015456548e+00,-1.257059973619067961e-02,1.946438499605455258e-02,9.997315228295011735e-01,5.455990252832496612e-01,0.000000000000000000e+00,0.000000000000000000e+00,0.000000000000000000e+00,1.000000000000000000e+00
9.996183186017846278e-01,2.208795707144611820e-02,1.659335011855572750e-02,8.013953431517532522e+01,-2.177196436016744577e-02,9.995826212094993668e-01,-1.898854770252975110e-02,5.978063069612415070e+00,-1.700584263265538659e-02,1.862003029969516374e-02,9.996819973311450447e-01,5.584494976941233313e-01,0.000000000000000000e+00,0.000000000000000000e+00,0.000000000000000000e+00,1.000000000000000000e+00
9.985960076783472195e-01,5.069191616134547523e-02,1.537345389829407501e-02,8.059148057917262520e+01,-5.037867503942608516e-02,9.985274850134305824e-01,-2.012090390690495292e-02,5.946299685296557058e+00,-1.637078343097271918e-02,1.931816007413880015e-02,9.996793516629229881e-01,5.541615178715877388e-01,0.000000000000000000e+00,0.000000000000000000e+00,0.000000000000000000e+00,1.000000000000000000e+00
9.965836574945650117e-01,8.095697809286704627e-02,1.633956281032978436e-02,8.105573790486637620e+01,-8.066736586596834346e-02,9.965844743498916136e-01,-1.766809466252057884e-02,5.949880507037192956e+00,-1.771411016697579943e-02,1.628966490842381765e-02,9.997103866211252132e-01,5.588540961930139606e-01,0.000000000000000000e+00,0.000000000000000000e+00,0.000000000000000000e+00,1.000000000000000000e+00
