1.000000000000000000e+00,-6.788288000900407507e-12,4.270070794088959928e-12,4.259195692405040157e-19,6.788288000904927920e-12,1.000000000000000000e+00,-1.058722385678182483e-12,1.593032964280929786e-18,-4.270070794081773797e-12,1.058722385707168944e-12,1.000000000000000000e+00,-1.351119343125203117e-18,0.000000000000000000e+00,0.000000000000000000e+00,0.000000000000000000e+00,1.000000000000000056e-01
9.999920210634301032e-01,-3.990730665000599350e-03,-1.785447725624082153e-04,6.556252592965565729e-01,3.990190746366934632e-03,9.999877509728333225e-01,-2.928528999743931858e-03,7.032567340136599426e-03,1.902295560452602486e-04,2.927793205497508915e-03,9.999956959105683607e-01,2.038746208762305754e-03,0.000000000000000000e+00,0.000000000000000000e+00,0.000000000000000000e+00,1.000000000000000056e-01
9.999534989681332364e-01,-9.353220420230796972e-03,-2.348865504490297088e-03,1.325919391873026321e+00,9.349947581330456808e-03,9.999553075314641104e-01,-1.400507008658186201e-03,9.439809143089866739e-03,2.361859778644700807e-03,1.378480114294567370e-03,9.999962606984890146e-01,6.221475296519525695e-03,0.000000000000000000e+00,0.000000000000000000e+00,0.000000000000000000e+00,1.000000000000000056e-01
9.998857220181572858e-01,-1.494182118795322166e-02,-2.298887516948531183e-03,2.043406003601677678e+00,1.494011482796052913e-02,9.998881032098252408e-01,-7.576466097583594217e-04,3.477025822383171018e-04,2.309950898981080400e-03,7.232143839530702023e-04,9.999970705396087345e-01,4.937496475399802409e-03,0.000000000000000000e+00,0.000000000000000000e+00,0.000000000000000000e+00,1.000000000000000056e-01
9.997908779554416370e-01,-1.998278309688604482e-02,-4.346117438582739606e-03,2.738281952423503363e+00,1.998400616998113888e-02,9.998002714407744351e-01,2.381687467605548962e-04,8.637361832633425399e-03,4.340490120401533161e-03,-3.249717781333825062e-04,9.999905272245622756e-01,1.024946763862186715e-02,0.000000000000000000e+00,0.000000000000000000e+00,0.000000000000000000e+00,1.000000000000000056e-01
9.996848729277225676e-01,-2.432930967920286097e-02,-6.183811932500611445e-03,3.444250774151193628e+00,2.432895311073537264e-02,9.997039983819464570e-01,-1.328897467534423610e-04,1.032299392602852549e-02,6.185214629964808260e-03,-1.759780095480099942e-05,9.999808712221942564e-01,2.506360618767350390e-02,0.000000000000000000e+00,0.000000000000000000e+00,0.000000000000000000e+00,1.000000000000000056e-01
9.995188444704967701e-01,-3.003697114849882346e-02,-7.736918804481138570e-03,4.165172498334326789e+00,3.003828211079804036e-02,9.995487475707796055e-01,5.326835817049806751e-05,4.509243126040229921e-02,7.731827480938440258e-03,-2.856464775227594757e-04,9.999700681769904120e-01,4.340003117731453669e-02,0.000000000000000000e+00,0.000000000000000000e+00,0.000000000000000000e+00,1.000000000000000056e-01
9.993667112060339308e-01,-3.454295997503478016e-02,-8.541688907857296689e-03,4.933997230416503399e+00,3.457223198071066733e-02,9.993967424008620704e-01,3.303339888182540724e-03,7.338915371679620436e-02,8.422428931572733049e-03,-3.596553170478199429e-03,9.999580628687307904e-01,5.539479309294557258e-02,0.000000000000000000e+00,0.000000000000000000e+00,0.000000000000000000e+00,1.000000000000000056e-01
9.992693099681765334e-01,-3.757453720970512639e-02,-7.000022085733562452e-03,5.704673576406495528e+00,3.760261877593575747e-02,9.992850665654331443e-01,3.924130541840570308e-03,1.091445800778347019e-01,6.847570146841636812e-03,-4.184482380683043901e-03,9.999677999267225781e-01,6.062779608531734810e-02,0.000000000000000000e+00,0.000000000000000000e+00,0.000000000000000000e+00,1.000000000000000056e-01
9.990752962512773339e-01,-4.268090577387653739e-02,-5.185817461488085277e-03,6.498384441835990621e+00,4.270179038208989086e-02,9.990799130315364263e-01,3.985533221738447353e-03,1.634845972667171854e-01,5.010939890525266220e-03,-4.203291474427893297e-03,9.999786111823565360e-01,7.174968653160472554e-02,0.000000000000000000e+00,0.000000000000000000e+00,0.000000000000000000e+00,1.000000000000000056e-01
9.988408135439922342e-01,-4.801653603590447239e-02,-3.382523597630509443e-03,7.323913458587286485e+00,4.802563488890602972e-02,9.988425559502364104e-01,2.662107495271172092e-03,1.981747499181191752e-01,3.250783335341107458e-03,-2.821469459621128977e-03,9.999907358159849657e-01,9.205442049710034491e-02,0.000000000000000000e+00,0.000000000000000000e+00,0.000000000000000000e+00,1.000000000000000056e-01
9.987614725539862848e-01,-4.967205463435600543e-02,-2.864948550045584574e-03,8.140514069726005886e+00,4.968102965343131061e-02,9.987601629994736774e-01,3.151523098382501189e-03,2.448908762785555471e-01,2.704853853304343102e-03,-3.289953444398777734e-03,9.999909299448500599e-01,1.070016761144643863e-01,0.000000000000000000e+00,0.000000000000000000e+00,0.000000000000000000e+00,1.000000000000000056e-01
9.986051217479821052e-01,-5.267423002044521740e-02,-3.638174054534793010e-03,8.987894551967571033e+00,5.268613213610558177e-02,9.986058100806478599e-01,3.256923964410140832e-03,2.954358567605341879e-01,3.461545786882672202e-03,-3.444062270975079953e-03,9.999880779968524092e-01,1.158886640663993467e-01,0.000000000000000000e+00,0.000000000000000000e+00,0.000000000000000000e+00,1.000000000000000056e-01
9.986155439224138064e-01,-5.249308411519208739e-02,-3.386968647178943866e-03,9.668641125190285734e+00,5.251039088478276495e-02,9.986066247930279749e-01,5.240970196816269189e-03,3.774915342126694551e-01,3.107134639652482135e-03,-5.411565351352709205e-03,9.999805301478519315e-01,1.336871383350325404e-01,0.000000000000000000e+00,0.000000000000000000e+00,0.000000000000000000e+00,1.000000000000000056e-01
9.983526470546760789e-01,-5.724716412062547805e-02,-3.841135127464921292e-03,1.042327891677415330e+01,5.726799217051322527e-02,9.983434089329116246e-01,5.551118173055395386e-03,4.411587970169951745e-01,3.516986164219394750e-03,-5.761947618588716610e-03,9.999772151244054053e-01,1.404714986877582117e-01,0.000000000000000000e+00,0.000000000000000000e+00,0.000000000000000000e+00,1.000000000000000056e-01
9.982120652905898117e-01,-5.961034086321253395e-02,-4.390896317014403478e-03,1.125047933775861964e+01,5.962800712862834779e-02,9.982126182406884096e-01,4.008684439811903248e-03,4.920947563503594857e-01,4.144089063160099652e-03,-4.263337570654894722e-03,9.999823250830962573e-01,1.617458761469288409e-01,0.000000000000000000e+00,0.000000000000000000e+00,0.000000000000000000e+00,1.000000000000000056e-01
9.980094198773467040e-01,-6.282109320715949241e-02,-5.541487556547692803e-03,1.214231238019610082e+01,6.284752677640038920e-02,9.980119207454556385e-01,4.732275145837334593e-03,5.566067625721424772e-01,5.233183942078632744e-03,-5.071123960588324459e-03,9.999734483913084171e-01,1.748891614730704314e-01,0.000000000000000000e+00,0.000000000000000000e+00,0.000000000000000000e+00,1.000000000000000056e-01
9.978705692241462977e-01,-6.483288034181450277e-02,-7.143157765456326601e-03,1.304135527924024629e+01,6.488294987668807856e-02,9.978682180608101637e-01,7.015853436513312322e-03,6.343283813619063904e-01,6.673072124397967132e-03,-7.464382809544100467e-03,9.999498752926044842e-01,1.881305977691410392e-01,0.000000000000000000e+00,0.000000000000000000e+00,0.000000000000000000e+00,1.000000000000000056e-01
9.980169548734523222e-01,-6.206374918951568231e-02,-1.049994388852953063e-02,1.391669621984165239e+01,6.216947812124497263e-02,9.980148885419311000e-01,1.006172146150057824e-02,6.969279810758705063e-01,9.854632172405992582e-03,-1.069454464564390493e-02,9.998942508783460470e-01,1.941134261063059696e-01,0.000000000000000000e+00,0.000000000000000000e+00,0.000000000000000000e+00,1.000000000000000056e-01
9.970293644410750389e-01,-7.664631314283074093e-02,-7.601915800453737035e-03,1.488510426118692287e+01,7.671770767898727916e-02,9.970067121769701224e-01,9.592142750693829698e-03,7.843151169094860764e-01,6.843958701476127865e-03,-1.014684954453181666e-02,9.999250980316540804e-01,2.062600097912946906e-01,0.000000000000000000e+00,0.000000000000000000e+00,0.000000000000000000e+00,1.000000000000000056e-01
9.966634996423056059e-01,-8.132118836762682046e-02,-6.980888426904905721e-03,1.584673693136228145e+01,8.137407107180753829e-02,9.966542082136303771e-01,7.658316215849135522e-03,8.803036520693321432e-01,6.334748452176685272e-03,-8.200827552050937025e-03,9.999463072532990271e-01,2.175585856602264834e-01,0.000000000000000000e+00,0.000000000000000000e+00,0.000000000000000000e+00,1.000000000000000056e-01
9.965253059342374931e-01,-8.305353322955090489e-02,-6.278952998895297177e-03,1.675512301079028887e+01,8.310051388337759415e-02,9.965119370589604619e-01,7.633078757417329982e-03,9.730854507334995018e-01,5.623097455408381656e-03,-8.128340364813206945e-03,9.999511542360060012e-01,2.363469054578133111e-01,0.000000000000000000e+00,0.000000000000000000e+00,0.000000000000000000e+00,1.000000000000000056e-01
9.963072120597822323e-01,-8.569728025396419757e-02,-5.283498342736118319e-03,1.764707099645848487e+01,8.573913504168434452e-02,9.962831967528845700e-01,8.282064365659281072e-03,1.061708750051319816e+00,4.554110227914433956e-03,-8.704483036150035061e-03,9.999517448632735395e-01,2.591393428342420591e-01,0.000000000000000000e+00,0.000000000000000000e+00,0.000000000000000000e+00,1.000000000000000056e-01
9.962529429642231760e-01,-8.631382406640844551e-02,-5.476989150751108461e-03,1.855624112392482772e+01,8.635390846736704096e-02,9.962358330914037330e-01,7.560909805456390159e-03,1.145976049061265600e+00,4.803761810700965702e-03,-8.005538064973704779e-03,9.999564166666247145e-01,2.627664985877987136e-01,0.000000000000000000e+00,0.000000000000000000e+00,0.000000000000000000e+00,1.000000000000000056e-01
9.960569156316623207e-01,-8.853244970809751035e-02,-5.711932337024418216e-03,1.949408315044342999e+01,8.855846030123792900e-02,9.960609354840728180e-01,4.473467521698482226e-03,1.231092907647428181e+00,5.293385628652690078e-03,-4.961668194953140244e-03,9.999736806122997423e-01,2.804904068894654157e-01,0.000000000000000000e+00,0.000000000000000000e+00,0.000000000000000000e+00,1.000000000000000056e-01
9.959144425999966188e-01,-9.021423429723227083e-02,-3.976801591990400571e-03,2.042561517649368596e+01,9.022419605849085755e-02,9.959185865050051989e-01,2.400728945854868363e-03,1.314454909576393327e+00,3.743990696700436049e-03,-2.749724356466188863e-03,9.999892107166089561e-01,2.986571454966957528e-01,0.000000000000000000e+00,0.000000000000000000e+00,0.000000000000000000e+00,1.000000000000000056e-01
9.960214656918069398e-01,-8.911267444750088640e-02,4.136834036766717099e-04,2.134844724507146196e+01,8.911120072220050925e-02,9.960178395648540128e-01,2.767159989682867714e-03,1.410243252065709330e+00,-6.586250772986331284e-04,-2.719286923907180374e-03,9.999960858381561346e-01,3.063843658051473295e-01,0.000000000000000000e+00,0.000000000000000000e+00,0.000000000000000000e+00,1.000000000000000056e-01
9.959046901984323075e-01,-9.035864306830125592e-02,3.027154376635927523e-03,2.229729286548478839e+01,9.035674449578011413e-02,9.959091743039735212e-01,7.584598222924177069e-04,1.503640634255643427e+00,-3.083304216090313864e-03,-4.818298797891132769e-04,9.999951305256831180e-01,3.160130766850133832e-01,0.000000000000000000e+00,0.000000000000000000e+00,0.000000000000000000e+00,1.000000000000000056e-01
9.959657174874997354e-01,-8.948074919111041747e-02,6.744265253351698283e-03,2.327483145520637819e+01,8.947856489875326280e-02,9.959885517126312315e-01,6.255246076754320244e-04,1.597151831633765839e+00,-6.773183392583852908e-03,-1.953388852311187468e-05,9.999770615394922846e-01,3.272078891804195422e-01,0.000000000000000000e+00,0.000000000000000000e+00,0.000000000000000000e+00,1.000000000000000056e-01
9.961444515361866925e-01,-8.735470116389124073e-02,8.086275918931894527e-03,2.420761708130935475e+01,8.736798314438926072e-02,9.961752539315419375e-01,-1.303447624444516390e-03,1.692519447482371264e+00,-7.941485689186357153e-03,2.004903737144550849e-03,9.999664560204273300e-01,3.379640423903825242e-01,0.000000000000000000e+00,0.000000000000000000e+00,0.000000000000000000e+00,1.000000000000000056e-01
9.961950198723920069e-01,-8.695578306828817550e-02,5.845867978769030485e-03,2.516485342597239594e+01,8.697379792252561692e-02,9.962063755417414068e-01,-2.901000675368849754e-03,1.771030889259590291e+00,-5.571432165616689927e-03,3.398399765716114945e-03,9.999787047845850596e-01,3.432958696626952633e-01,0.000000000000000000e+00,0.000000000000000000e+00,0.000000000000000000e+00,1.000000000000000056e-01
9.964883122953837047e-01,-8.372733580401837961e-02,8.813046346569028411e-04,2.610833580376416663e+01,8.373028598859473537e-02,9.964798587139866992e-01,-4.138887002708648358e-03,1.871272069697878182e+00,-5.316643358962180096e-04,4.198144413213335951e-03,9.999910464181765990e-01,3.457518166982261332e-01,0.000000000000000000e+00,0.000000000000000000e+00,0.000000000000000000e+00,1.000000000000000056e-01
9.965194493674999210e-01,-8.335478998103366954e-02,-9.828629164503031607e-04,2.706211110221480709e+01,8.334863365494248055e-02,9.965069683262010036e-01,-5.183371989155866576e-03,1.956220959178951668e+00,1.411488628701799844e-03,5.083410719344282937e-03,9.999860832208163908e-01,3.545936983580095236e-01,0.000000000000000000e+00,0.000000000000000000e+00,0.000000000000000000e+00,1.000000000000000056e-01
9.966067973076304654e-01,-8.228073867054545854e-02,2.184400159538905060e-03,2.804097960499218445e+01,8.229496694985076466e-02,9.965797050850445649e-01,-7.511978922265522517e-03,2.037049465616303845e+00,-1.558837692179430943e-03,7.666254394095971085e-03,9.999693988160910374e-01,3.621426268344748456e-01,0.000000000000000000e+00,0.000000000000000000e+00,0.000000000000000000e+00,1.000000000000000056e-01
9.966064074340545975e-01,-8.191772146666076448e-02,8.071900092160716467e-03,2.904231149514665233e+01,8.198919567100187988e-02,9.965929281286505237e-01,-8.961439459403832547e-03,2.113072454597028749e+00,-7.310297846832587015e-03,9.592836581167173832e-03,9.999272658707319961e-01,3.799782850677789758e-01,0.000000000000000000e+00,0.000000000000000000e+00,0.000000000000000000e+00,1.000000000000000056e-01
9.967422090251344402e-01,-7.998481749006831898e-02,1.036328706423680218e-02,2.998417435500219241e+01,8.009958027161594163e-02,9.967242018802960901e-01,-1.117687909917925403e-02,2.182799122918575030e+00,-9.435358393101413860e-03,1.197056210740241912e-02,9.998838330800365881e-01,3.849552667478641776e-01,0.000000000000000000e+00,0.000000000000000000e+00,0.000000000000000000e+00,1.000000000000000056e-01
9.966324801892954000e-01,-8.145565897788595300e-02,9.416743184993213445e-03,3.088812458387549142e+01,8.162280581509295807e-02,9.964823909174463923e-01,-1.898847446008206097e-02,2.246555424719392402e+00,-7.836900063506867242e-03,1.969315139656197672e-02,9.997753561603059946e-01,3.968585860493532569e-01,0.000000000000000000e+00,0.000000000000000000e+00,0.000000000000000000e+00,1.000000000000000056e-01
9.966388277443007926e-01,-8.158357988215507450e-02,7.427417187546784920e-03,3.182305064909865422e+01,8.173464267643450187e-02,9.963881596767595328e-01,-2.302354105075929067e-02,2.323193350674262359e+00,-5.522247642166576952e-03,2.355323225318447025e-02,9.997073321884790698e-01,4.052071965570910317e-01,0.000000000000000000e+00,0.000000000000000000e+00,0.000000000000000000e+00,1.000000000000000056e-01
9.968172897875190452e-01,-7.963079858213244211e-02,3.771829507956271643e-03,3.279161301357289915e+01,7.970020940420295685e-02,9.965090470598714223e-01,-2.485147377426670523e-02,2.390750397129635552e+00,-1.779719526058030172e-03,2.507299433651120901e-02,9.996840388609842254e-01,4.048417083290913321e-01,0.000000000000000000e+00,0.000000000000000000e+00,0.000000000000000000e+00,1.000000000000000056e-01
9.966765308235100429e-01,-8.134295447892377073e-02,4.383681358455990100e-03,3.373745623847565867e+01,8.142846606893065775e-02,9.963555141559022887e-01,-2.539870714797350451e-02,2.468353939253256968e+00,-2.301699214438937893e-03,2.567125177639855912e-02,9.996677893245130564e-01,4.071875758473759155e-01,0.000000000000000000e+00,0.000000000000000000e+00,0.000000000000000000e+00,1.000000000000000056e-01
9.966598936396967590e-01,-8.147968728431488616e-02,5.487893052766323193e-03,3.469931339178771879e+01,8.159533787572724461e-02,9.963282431218095647e-01,-2.592745253113566684e-02,2.557562917985833462e+00,-3.355182119387202771e-03,2.628863856989628600e-02,9.996487634339809025e-01,4.234763751248714070e-01,0.000000000000000000e+00,0.000000000000000000e+00,0.000000000000000000e+00,1.000000000000000056e-01
9.965981438288578076e-01,-8.220060392105386915e-02,5.932995187024489581e-03,3.567122162716433564e+01,8.232282573310710505e-02,9.963008378664033327e-01,-2.464939816748609389e-02,2.638474033225196358e+00,-3.884852660231960953e-03,2.505396538907187290e-02,9.996785517045424507e-01,4.261251591434246366e-01,0.000000000000000000e+00,0.000000000000000000e+00,0.000000000000000000e+00,1.000000000000000056e-01
9.966729631906089404e-01,-8.136318741736422999e-02,4.799601872860034812e-03,3.663426113349689928e+01,8.145379753476511553e-02,9.964022837264370214e-01,-2.340444085865618640e-02,2.714761488947519119e+00,-2.878074359113962956e-03,2.371751922161564191e-02,9.997145572461949570e-01,4.433404941608855565e-01,0.000000000000000000e+00,0.000000000000000000e+00,0.000000000000000000e+00,1.000000000000000056e-01
9.964889819430099438e-01,-8.343595764683037208e-02,6.939008411861043515e-03,3.762543820112041004e+01,8.357465936647975879e-02,9.962373383290551443e-01,-2.294432458837372679e-02,2.810210639663989429e+00,-4.998517576284691039e-03,2.344369191480093206e-02,9.997126627843839763e-01,4.553045832921282510e-01,0.000000000000000000e+00,0.000000000000000000e+00,0.000000000000000000e+00,1.000000000000000056e-01
9.966438359565928939e-01,-8.124374905499183452e-02,1.002584107282358805e-02,3.861115347836375378e+01,8.145367796833520579e-02,9.964187650189747503e-01,-2.269235693999190756e-02,2.895983161221279634e+00,-8.146324027360388187e-03,2.343283929767722706e-02,9.996922223601074631e-01,4.782709273102213055e-01,0.000000000000000000e+00,0.000000000000000000e+00,0.000000000000000000e+00,1.000000000000000056e-01
9.966853592911942838e-01,-8.052399097541945716e-02,1.158367178288526901e-02,3.960363895462122485e+01,8.072068482261079980e-02,9.965804157047598588e-01,-1.765350037519040557e-02,2.982923849057545151e+00,-1.012253013587890126e-02,1.853002728326873585e-02,9.997770613854518595e-01,4.837749624101099211e-01,0.000000000000000000e+00,0.000000000000000000e+00,0.000000000000000000e+00,1.000000000000000056e-01
9.965565457120503234e-01,-8.231743031884872219e-02,9.944438856347140657e-03,4.059949865844825467e+01,8.249688456036988193e-02,9.964057401136900971e-01,-1.923187734784451847e-02,3.063788756092330257e+00,-8.325577235192073086e-03,1.998603848167548880e-02,9.997655940416783071e-01,4.984115725132755581e-01,0.000000000000000000e+00,0.000000000000000000e+00,0.000000000000000000e+00,1.000000000000000056e-01
9.965433018519002095e-01,-8.262686177653895403e-02,8.616800280456669153e-03,4.160580021606945422e+01,8.275040148067534795e-02,9.964554455541021483e-01,-1.512997291348873972e-02,3.141480583664967074e+00,-7.336115382107550285e-03,1.579071684682446797e-02,9.998484058458880774e-01,5.241107555964246156e-01,0.000000000000000000e+00,0.000000000000000000e+00,0.000000000000000000e+00,1.000000000000000056e-01
9.964658859037747174e-01,-8.372751133193932771e-02,6.741073813969519594e-03,4.263051161188361959e+01,8.381438890101967909e-02,9.963852084012376764e-01,-1.384430180149230118e-02,3.200174751917548299e+00,-5.557557301012911073e-03,1.436037344159777317e-02,9.998814395874462413e-01,5.294248108251168317e-01,0.000000000000000000e+00,0.000000000000000000e+00,0.000000000000000000e+00,1.000000000000000056e-01
9.965383178753576265e-01,-8.269339974024386697e-02,8.554685590537952980e-03,4.365004896312376559e+01,8.281288668343347870e-02,9.964565505527142042e-01,-1.470947516884378581e-02,3.287442730079406683e+00,-7.307995984504067968e-03,1.536699385001055046e-02,9.998552138658397537e-01,5.425244507202249267e-01,0.000000000000000000e+00,0.000000000000000000e+00,0.000000000000000000e+00,1.000000000000000056e-01
9.966276666677340579e-01,-8.153683907937543662e-02,9.221599935584891272e-03,4.464075737488906981e+01,8.168966881058233043e-02,9.965018847899411725e-01,-1.762928301753238780e-02,3.375651866888582209e+00,-7.751905704103838508e-03,1.832314064343003313e-02,9.998020656484540858e-01,5.606059397327279870e-01,0.000000000000000000e+00,0.000000000000000000e+00,0.000000000000000000e+00,1.000000000000000056e-01
9.964733500614552097e-01,-8.326331414605525616e-02,1.039630389685770179e-02,4.562181582088329890e+01,8.342708691963451884e-02,9.963779046916354520e-01,-1.646184103950740218e-02,3.469668255015605496e+00,-8.987980051393631986e-03,1.727111923766317531e-02,9.998104443617671366e-01,5.717471790411876587e-01,0.000000000000000000e+00,0.000000000000000000e+00,0.000000000000000000e+00,1.000000000000000056e-01
9.958263162382382516e-01,-9.082612642744201936e-02,8.975669644472186043e-03,4.653409786614011523e+01,9.095826739943911610e-02,9.957323264254206441e-01,-1.561178090775290975e-02,3.541755558796258807e+00,-7.519406829831227351e-03,1.636303363089696913e-02,9.998378416780001610e-01,5.828708791140251311e-01,0.000000000000000000e+00,0.000000000000000000e+00,0.000000000000000000e+00,1.000000000000000056e-01
9.960501929633162055e-01,-8.869531309537646846e-02,4.141803067940263983e-03,4.748162510260337399e+01,8.874932673677825290e-02,9.959335949917420550e-01,-1.548648993779085103e-02,3.638252220718749985e+00,-2.751381745420816878e-03,1.579290352461705516e-02,9.998714987920963582e-01,5.818963324825719985e-01,0.000000000000000000e+00,0.000000000000000000e+00,0.000000000000000000e+00,1.000000000000000056e-01
9.962099780099489266e-01,-8.694056677750303108e-02,2.649068104766671549e-03,4.843139941584124131e+01,8.697424890656094143e-02,9.960486037955236238e-01,-1.796270870797685507e-02,3.729799844607799564e+00,-1.076912511181400342e-03,1.812503035568715018e-02,9.998351481789629069e-01,5.860456420939536004e-01,0.000000000000000000e+00,0.000000000000000000e+00,0.000000000000000000e+00,1.000000000000000056e-01
9.963671317458692167e-01,-8.504754968290986761e-02,4.410563392878851137e-03,4.940424221274949446e+01,8.511354413068172864e-02,9.962096424229559544e-01,-1.794527651056735534e-02,3.836384480994341484e+00,-2.867643984897586679e-03,1.825548236720148099e-02,9.998292424116813626e-01,5.979271031360555710e-01,0.000000000000000000e+00,0.000000000000000000e+00,0.000000000000000000e+00,1.000000000000000056e-01
9.964558101132984236e-01,-8.391872193497669496e-02,5.785032432951436702e-03,5.042135284415301300e+01,8.400644356230242693e-02,9.963184314912180151e-01,-1.710264631256783879e-02,3.934378414965963966e+00,-4.328502219467364985e-03,1.752801128705582662e-02,9.998370031604435493e-01,6.219447819362212693e-01,0.000000000000000000e+00,0.000000000000000000e+00,0.000000000000000000e+00,1.000000000000000056e-01
9.965627491539068572e-01,-8.265362032345976995e-02,5.573692333880780544e-03,5.136608151862412086e+01,8.274324276466102357e-02,9.964004468417735350e-01,-1.843109628596469735e-02,4.020847419612636031e+00,-4.030232697472121636e-03,1.882892936253916655e-02,9.998145971346211747e-01,6.296568438536402912e-01,0.000000000000000000e+00,0.000000000000000000e+00,0.000000000000000000e+00,1.000000000000000056e-01
9.966758174824270622e-01,-8.133804621493499754e-02,4.630019835046293372e-03,5.232215074635429630e+01,8.141498637556716933e-02,9.964793108259317744e-01,-2.001457192503073440e-02,4.108645386546169398e+00,-2.985772798127034333e-03,2.032499283672974111e-02,9.997889676461652053e-01,6.458938003397961536e-01,0.000000000000000000e+00,0.000000000000000000e+00,0.000000000000000000e+00,1.000000000000000056e-01
9.966377862074623506e-01,-8.183019379731476528e-02,4.116125190331642800e-03,5.330584780242934073e+01,8.190135022841255052e-02,9.963974306391074620e-01,-2.200747706003426674e-02,4.197364536265863144e+00,-2.300420451022793401e-03,2.227059942792140868e-02,9.997493328164163140e-01,6.684823831349555601e-01,0.000000000000000000e+00,0.000000000000000000e+00,0.000000000000000000e+00,1.000000000000000056e-01
9.966217098111304074e-01,-8.198396020741571810e-02,4.878299073225696343e-03,5.426318720112727334e+01,8.207763409459264969e-02,9.963400084408897683e-01,-2.387152197581829394e-02,4.277042149231586876e+00,-2.903362632038938157e-03,2.419127629367021082e-02,9.997031322531255704e-01,6.689347764173130262e-01,0.000000000000000000e+00,0.000000000000000000e+00,0.000000000000000000e+00,1.000000000000000056e-01
9.965372824317091371e-01,-8.263620155714349047e-02,9.203418703451000243e-03,5.521272152326280036e+01,8.285334711262745677e-02,9.962108612065828650e-01,-2.644320113513097537e-02,4.350141595256054927e+00,-6.983379973790924261e-03,2.711416984245838130e-02,9.996079502474437550e-01,6.863864791472462645e-01,0.000000000000000000e+00,0.000000000000000000e+00,0.000000000000000000e+00,1.000000000000000056e-01
9.963159261895044860e-01,-8.468918485848128674e-02,1.350248825793908848e-02,5.616221654546433939e+01,8.501240093576942214e-02,9.960536832903786886e-01,-2.549415012911824749e-02,4.438141101552298906e+00,-1.129012436981054711e-02,2.654810674372115945e-02,9.995837789400336959e-01,7.128469964983461526e-01,0.000000000000000000e+00,0.000000000000000000e+00,0.000000000000000000e+00,1.000000000000000056e-01
9.961563397025479105e-01,-8.642715974679621160e-02,1.424404888097955020e-02,5.711915923375367754e+01,8.673211009500209068e-02,9.959798671196631314e-01,-2.239744116560106468e-02,4.513054243827736123e+00,-1.225103868618512663e-02,2.354676942597203754e-02,9.996476687817111850e-01,7.107869365727171873e-01,0.000000000000000000e+00,0.000000000000000000e+00,0.000000000000000000e+00,1.000000000000000056e-01
9.961467736345985813e-01,-8.721791660397100465e-02,9.200021774026480997e-03,5.801441080206996048e+01,8.740831329897237600e-02,9.959103027550536558e-01,-2.285728839049036218e-02,4.595561373435925745e+00,-7.168831397689094838e-03,2.357337246980401382e-02,9.996964058987065638e-01,7.233185684747638344e-01,0.000000000000000000e+00,0.000000000000000000e+00,0.000000000000000000e+00,1.000000000000000056e-01
9.959590563660501994e-01,-8.971204598545250153e-02,4.160149943325299957e-03,5.894379019567691813e+01,8.978106628644556830e-02,9.957304262560446872e-01,-2.145409901218062881e-02,4.672884673451513038e+00,-2.217696759199162208e-03,2.174090690517847119e-02,9.997611788762477136e-01,7.384600219189494386e-01,0.000000000000000000e+00,0.000000000000000000e+00,0.000000000000000000e+00,1.000000000000000056e-01
9.959574561931037184e-01,-8.982564221051371478e-02,3.153645994947497930e-04,5.989232161905763974e+01,8.981228554775218254e-02,9.957353038396284939e-01,-2.109402882551725950e-02,4.774099363866801227e+00,1.580765020761008399e-03,2.103707890538764752e-02,9.997774464815045725e-01,7.523513085041946269e-01,0.000000000000000000e+00,0.000000000000000000e+00,0.000000000000000000e+00,1.000000000000000056e-01
9.959265061950486331e-01,-9.016863459175397666e-02,1.076753572094231752e-04,6.079749533522998206e+01,9.015701224397587588e-02,9.957774900233204995e-01,-1.728882604734469433e-02,4.865715825424109298e+00,1.451689141444057786e-03,1.722810781004425681e-02,9.998505312795118449e-01,7.623050030051459203e-01,0.000000000000000000e+00,0.000000000000000000e+00,0.000000000000000000e+00,1.000000000000000056e-01
9.957672972304968395e-01,-9.190966483744324178e-02,3.213654311179677111e-04,6.173765721356482317e+01,9.190302435231782752e-02,9.956394079697097332e-01,-1.600010664411991718e-02,4.958382063226942194e+00,1.150600351444186573e-03,1.596191740345703075e-02,9.998719384559386913e-01,7.813731481418620950e-01,0.000000000000000000e+00,0.000000000000000000e+00,0.000000000000000000e+00,1.000000000000000056e-01
9.956276340650905832e-01,-9.338887030243009368e-02,2.033024738153448117e-03,6.262134290949003912e+01,9.340763724687134451e-02,9.955405819351363927e-01,-1.318950431998215309e-02,5.045210742080641353e+00,-7.922057226176572623e-04,1.332173501785047579e-02,9.999109479279678636e-01,8.040893908888288033e-01,0.000000000000000000e+00,0.000000000000000000e+00,0.000000000000000000e+00,1.000000000000000056e-01
9.955030833248128541e-01,-9.471304672844073347e-02,1.746387759641025500e-03,6.344666196654053891e+01,9.472687686761498138e-02,9.954376564962611473e-01,-1.143200892840917984e-02,5.135350676841385464e+00,-6.556597429544480226e-04,1.154602999509875272e-02,9.999331274148555160e-01,8.209984595574660871e-01,0.000000000000000000e+00,0.000000000000000000e+00,0.000000000000000000e+00,1.000000000000000056e-01
9.952819638754499820e-01,-9.697792056993517762e-02,3.015842528857265621e-03,6.426456012711737742e+01,9.700376931679410841e-02,9.952325766413501196e-01,-1.011865258586016648e-02,5.220393431507574178e+00,-2.020178843992865257e-03,1.036346051039335227e-02,9.999442572282155606e-01,8.341834016797916584e-01,0.000000000000000000e+00,0.000000000000000000e+00,0.000000000000000000e+00,1.000000000000000056e-01
9.953215557754552245e-01,-9.654126569780180356e-02,3.845078177849274841e-03,6.505374199040079475e+01,9.657804550877879812e-02,9.952653904522441586e-01,-1.093085969382665348e-02,5.304460979792760433e+00,-2.771594203989451253e-03,1.125107041166789959e-02,9.999328635864310755e-01,8.498919110060723092e-01,0.000000000000000000e+00,0.000000000000000000e+00,0.000000000000000000e+00,1.000000000000000056e-01
9.952419949744800709e-01,-9.736512211039369258e-02,3.661206856373808854e-03,6.584918098555701249e+01,9.740201173458518102e-02,9.951750754923163189e-01,-1.180750731179725649e-02,5.383546806103863602e+00,-2.493902418452285941e-03,1.210793604585612762e-02,9.999235862481876680e-01,8.635645678422616545e-01,0.000000000000000000e+00,0.000000000000000000e+00,0.000000000000000000e+00,1.000000000000000056e-01
9.952580760605654886e-01,-9.716717994359597155e-02,4.461073641010008389e-03,6.659324529810648130e+01,9.721584355946094602e-02,9.951856432180126166e-01,-1.243443982546139394e-02,5.459542720005162941e+00,-3.231376988853043499e-03,1.280916369477124415e-02,9.999127379567661622e-01,8.814871578082479342e-01,0.000000000000000000e+00,0.000000000000000000e+00,0.000000000000000000e+00,1.000000000000000056e-01
9.952788284063092128e-01,-9.688359694810642908e-02,5.798479849180268250e-03,6.739328959988984025e+01,9.694404903191707057e-02,9.952261833497458854e-01,-1.125590211379358038e-02,5.549743851706461228e+00,-4.680286685849972816e-03,1.176488918328208802e-02,9.999198379365434874e-01,8.846178203040473420e-01,0.000000000000000000e+00,0.000000000000000000e+00,0.000000000000000000e+00,1.000000000000000056e-01
9.950332851376042509e-01,-9.908495387926673226e-02,9.535899695930334652e-03,6.813937256140884813e+01,9.918552037005463895e-02,9.950111759591662164e-01,-1.072344465545501530e-02,5.625766011888805984e+00,-8.425794751163669799e-03,1.161600753704618294e-02,9.998970318746378538e-01,8.939235746277408579e-01,0.000000000000000000e+00,0.000000000000000000e+00,0.000000000000000000e+00,1.000000000000000056e-01
9.948666729374027184e-01,-1.004094507158429933e-01,1.257955823571146707e-02,6.886802347975422833e+01,1.005407909754549994e-01,9.948798028970936569e-01,-1.028237022626442287e-02,5.705366226513842065e+00,-1.148270127160098790e-02,1.149434619205452410e-02,9.998680050772323913e-01,9.082635231936121434e-01,0.000000000000000000e+00,0.000000000000000000e+00,0.000000000000000000e+00,1.000000000000000056e-01
9.948147887232330344e-01,-1.013467080385788283e-01,8.507696944071984138e-03,6.955917204339968407e+01,1.014013818113645299e-01,9.948258956645232853e-01,-6.260757304418444052e-03,5.785894082287847517e+00,-7.829170089797445400e-03,7.090986181203694921e-03,9.999442094490487154e-01,9.226452842262740095e-01,0.000000000000000000e+00,0.000000000000000000e+00,0.000000000000000000e+00,1.000000000000000056e-01
9.948108964444196678e-01,-1.016855703335048794e-01,3.365278799725509098e-03,7.025919310897286607e+01,1.017083002751913295e-01,9.947862684080778228e-01,-7.463366657435224240e-03,5.863946682020643841e+00,-2.588816444162389020e-03,7.766915261648744441e-03,9.999664859667731776e-01,9.253811810748235889e-01,0.000000000000000000e+00,0.000000000000000000e+00,0.000000000000000000e+00,1.000000000000000056e-01
9.948534475745355321e-01,-1.013233696937111961e-01,-4.388655517479458142e-04,7.101137981682089162e+01,1.013155881527404434e-01,9.948152437018698002e-01,-8.819438511253925236e-03,5.943114992336988145e+00,1.330205369581223583e-03,8.729584887097274412e-03,9.999610116906426649e-01,9.533014978259979344e-01,0.000000000000000000e+00,0.000000000000000000e+00,0.000000000000000000e+00,1.000000000000000056e-01
9.946582967999418878e-01,-1.032204194817305382e-01,-6.462267824720767861e-04,7.174156358056880833e+01,1.032123622358682852e-01,9.946291638891534559e-01,-7.748201265806318495e-03,6.025212797276630283e+00,1.442528589218383065e-03,7.640114081551039292e-03,9.999697734272222638e-01,9.635787781423440501e-01,0.000000000000000000e+00,0.000000000000000000e+00,0.000000000000000000e+00,1.000000000000000056e-01
9.944976438485565451e-01,-1.047500394649025501e-01,1.365873995291532438e-03,7.242091889332468213e+01,1.047567240035138236e-01,9.944769197064377009e-01,-6.456388096073430866e-03,6.112668214313814019e+00,-6.820232556802295100e-04,6.563947234465227279e-03,9.999782244834043432e-01,9.743833499307711365e-01,0.000000000000000000e+00,0.000000000000000000e+00,0.000000000000000000e+00,1.000000000000000056e-01
9.944068900936947619e-01,-1.055295496261952209e-01,4.295473184519566466e-03,7.303235843785847692e+01,1.055528504597976897e-01,9.943978320570008300e-01,-5.616703672830524602e-03,6.169868390783197931e+00,-3.678681013367636910e-03,6.038688270576899816e-03,9.999750004624978761e-01,9.902036511947034381e-01,0.000000000000000000e+00,0.000000000000000000e+00,0.000000000000000000e+00,1.000000000000000056e-01
9.943341000189686030e-01,-1.062940466776968185e-01,1.128352935638068325e-03,7.360298356258853403e+01,1.062992892300126391e-01,9.943108745549051886e-01,-6.807778716571780651e-03,6.225001342383229996e+00,-3.983072455701707317e-04,6.889149638329614654e-03,9.999761902008461600e-01,1.000308118760224296e+00,0.000000000000000000e+00,0.000000000000000000e+00,0.000000000000000000e+00,1.000000000000000056e-01
9.945090614431476572e-01,-1.046403298811275362e-01,-1.458790539589499557e-03,7.423666037409151386e+01,1.046167654099457445e-01,9.944458035845131771e-01,-1.152719082483770995e-02,6.282053754087440822e+00,2.656897180917289908e-03,1.131128178062293203e-02,9.999324956225041916e-01,1.019182234384030883e+00,0.000000000000000000e+00,0.000000000000000000e+00,0.000000000000000000e+00,1.000000000000000056e-01
9.945780414637589439e-01,-1.039052326774106000e-01,-4.268730533377965153e-03,7.485322143179702437e+01,1.038255180305316799e-01,9.944683726086828157e-01,-1.590338601461253887e-02,6.336174689512550806e+00,5.897562530840373685e-03,1.537395535609475949e-02,9.998644209356104540e-01,1.040532124249928581e+00,0.000000000000000000e+00,0.000000000000000000e+00,0.000000000000000000e+00,1.000000000000000056e-01
9.951285542237386927e-01,-9.847274945885813036e-02,-4.719976968650307393e-03,7.543844717532877553e+01,9.839584471265423737e-02,9.950428012987221349e-01,-1.442502432840508594e-02,6.390102344320042427e+00,6.117050911580219040e-03,1.389032748371338971e-02,9.998848136113180907e-01,1.053606302496802982e+00,0.000000000000000000e+00,0.000000000000000000e+00,0.000000000000000000e+00,1.000000000000000056e-01
9.955012856335434535e-01,-9.466549568845483709e-02,-3.954014165532243781e-03,7.599738244488253258e+01,9.461789999842656895e-02,9.954544147552000233e-01,-1.086099186400799228e-02,6.467795569143324208e+00,4.964202035558261221e-03,1.043801084696872016e-02,9.999332000827398925e-01,1.056878209220885267e+00,0.000000000000000000e+00,0.000000000000000000e+00,0.000000000000000000e+00,1.000000000000000056e-01
9.961277532812493618e-01,-8.791252567554495856e-02,-9.417920136630023682e-04,7.654485629702826088e+01,8.788956504012000737e-02,9.960236701842057894e-01,-1.456958440872581188e-02,6.506285000165323851e+00,2.218896101412924649e-03,1.443039369286646355e-02,9.998934144387390255e-01,1.074381644257518698e+00,0.000000000000000000e+00,0.000000000000000000e+00,0.000000000000000000e+00,1.000000000000000056e-01
9.967800495226430968e-01,-8.015634529713228096e-02,2.119712773937093390e-03,7.709912180131496484e+01,8.018067988391694434e-02,9.966394100690822988e-01,-1.676141015859131805e-02,6.531231460510013243e+00,-7.690559081936560641e-04,1.687739925932289081e-02,9.998572707878117249e-01,1.088878453758142406e+00,0.000000000000000000e+00,0.000000000000000000e+00,0.000000000000000000e+00,1.000000000000000056e-01
9.974080533102187562e-01,-7.187296454245607757e-02,3.384103987580582701e-03,7.762836749284994653e+01,7.192546444842649878e-02,9.972200159938935382e-01,-1.946708157420981231e-02,6.563115109195271302e+00,-1.975539368891826054e-03,1.966002718761234239e-02,9.998047712304559687e-01,1.102902583701665939e+00,0.000000000000000000e+00,0.000000000000000000e+00,0.000000000000000000e+00,1.000000000000000056e-01
9.982167735293476785e-01,-5.955400685507597491e-02,4.073488942481090676e-03,7.810626771713431538e+01,5.961291949053759698e-02,9.980882132604498302e-01,-1.631619993679452041e-02,6.594880855813282317e+00,-3.094006217452500290e-03,1.652993702554049482e-02,9.998585841545083452e-01,1.114280697636819584e+00,0.000000000000000000e+00,0.000000000000000000e+00,0.000000000000000000e+00,1.000000000000000056e-01
9.989718702707712783e-01,-4.520259995938739200e-02,3.453601689374084880e-03,7.859065830781592865e+01,4.524224910328642629e-02,9.988987660095437482e-01,-1.242554468370963075e-02,6.625452677434313209e+00,-2.888131540189029737e-03,1.256901831975264228e-02,9.999168357791983208e-01,1.119502122807074951e+00,0.000000000000000000e+00,0.000000000000000000e+00,0.000000000000000000e+00,1.000000000000000056e-01
9.996141362150438026e-01,-2.765929961081353347e-02,2.557698983691806139e-03,7.905505829416134134e+01,2.767735786281992280e-02,9.995901267252480515e-01,-7.317268283725300235e-03,6.637294584839834144e+00,-2.354260135441269258e-03,7.385235164966811455e-03,9.999699574291083248e-01,1.119015942042582479e+00,0.000000000000000000e+00,0.000000000000000000e+00,0.000000000000000000e+00,1.000000000000000056e-01
9.999771956490856040e-01,-5.441266970983711128e-03,4.000099441359577374e-03,7.953700979263372517e+01,5.469793677234426228e-03,9.999594393356071587e-01,-7.155490252018148131e-03,6.655744313309371663e+00,-3.961002261899096086e-03,7.177206794340133811e-03,9.999663985173263825e-01,1.133520883854167272e+00,0.000000000000000000e+00,0.000000000000000000e+00,0.000000000000000000e+00,1.000000000000000056e-01
9.997969155859807167e-01,1.950991235890157591e-02,5.048851800889986308e-03,8.001580943233838639e+01,-1.946154537638255730e-02,9.997658708842339648e-01,-9.457889122435383586e-03,6.641510098014810737e+00,-5.232192305561132045e-03,9.357709914143442012e-03,9.999425270628509166e-01,1.147539166199741167e+00,0.000000000000000000e+00,0.000000000000000000e+00,0.000000000000000000e+00,1.000000000000000056e-01
9.988201314884321835e-01,4.812658011345219422e-02,6.494399126510233371e-03,8.048868405567947093e+01,-4.805302460225911731e-02,9.987837403629837851e-01,-1.104295309700067604e-02,6.633894933260354954e+00,-7.017959817897882931e-03,1.071784834336371797e-02,9.999179346160779192e-01,1.153957768232145353e+00,0.000000000000000000e+00,0.000000000000000000e+00,0.000000000000000000e+00,1.000000000000000056e-01
9.967619056722051285e-01,7.983860277879710476e-02,9.565610646659871916e-03,8.098946136182719613e+01,-7.972942195535533128e-02,9.967525085121629047e-01,-1.129849766011198874e-02,6.590906187373469116e+00,-1.043660267419172817e-02,1.049925145141799264e-02,9.998904155174110908e-01,1.159453899206683403e+00,0.000000000000000000e+00,0.000000000000000000e+00,0.000000000000000000e+00,1.000000000000000056e-01
