1.000000000000000000e+00,-2.630974421195210386e-13,1.167606673290943283e-13,1.844803038557767370e-20,2.630974421195239668e-13,1.000000000000000000e+00,-2.504293688057243652e-14,6.022681908501099672e-20,-1.167606673290877145e-13,2.504293688060315792e-14,1.000000000000000000e+00,-3.589653144680957362e-20,0.000000000000000000e+00,0.000000000000000000e+00,0.000000000000000000e+00,1.000000000000000056e-01
9.999966547796516059e-01,-2.141256232340381111e-03,-1.451017316866271044e-03,6.253726554879172062e-01,2.138486583371380489e-03,9.999958938947581810e-01,-1.907634335041703214e-03,-3.159555643924435130e-03,1.455096092745394821e-03,1.904524972520150235e-03,9.999971277358700172e-01,1.251645135693912024e-02,0.000000000000000000e+00,0.000000000000000000e+00,0.000000000000000000e+00,1.000000000000000056e-01
9.999870154116614618e-01,-4.287169962868388716e-03,-2.754846962542433376e-03,1.256102165405707405e+00,4.287210396665128327e-03,9.999908098328024186e-01,8.772154573274044715e-06,-8.434388265293775791e-03,2.754784037320647579e-03,-2.058264920949133520e-05,9.999962053634314785e-01,1.951476383074897403e-02,0.000000000000000000e+00,0.000000000000000000e+00,0.000000000000000000e+00,1.000000000000000056e-01
9.999636802872435837e-01,-8.375474356038170240e-03,-1.577826258732465412e-03,1.986087812099427419e+00,8.376305282277033901e-03,9.999647825408166657e-01,5.207570597700844454e-04,-6.773009473314716387e-03,1.573409104300770066e-03,-5.339545004487938461e-04,9.999986196372382397e-01,2.649729416213887287e-02,0.000000000000000000e+00,0.000000000000000000e+00,0.000000000000000000e+00,1.000000000000000056e-01
9.999079051762660431e-01,-1.332921749523706227e-02,-2.552082870116747539e-03,2.702565057320148068e+00,1.332526379280119834e-02,9.999099978329168970e-01,-1.559993150141889776e-03,-9.023640386744672184e-03,2.572646665117182298e-03,1.525842305382306592e-03,9.999955266371922669e-01,2.484954964322190485e-02,0.000000000000000000e+00,0.000000000000000000e+00,0.000000000000000000e+00,1.000000000000000056e-01
9.997970501195414528e-01,-1.995136934344379429e-02,-2.793104649758256560e-03,3.449169382794260219e+00,1.995130524395278757e-02,9.998009516084106485e-01,-5.081317932379354242e-05,-4.966324769000922228e-03,2.793562479278385077e-03,-4.923216650506745699e-06,9.999960979846053144e-01,3.524841675919236639e-02,0.000000000000000000e+00,0.000000000000000000e+00,0.000000000000000000e+00,1.000000000000000056e-01
9.997039696754402849e-01,-2.419748559877904145e-02,-2.540611316852583578e-03,4.197349311281697304e+00,2.419909600499684302e-02,9.997069759044767689e-01,6.050458386567544129e-04,1.548905075670483147e-02,2.525226268551888833e-03,-6.663472239086604609e-04,9.999965896010194477e-01,5.164969617430810456e-02,0.000000000000000000e+00,0.000000000000000000e+00,0.000000000000000000e+00,1.000000000000000056e-01
9.995417800777011141e-01,-3.005999005815745626e-02,-3.553431694028057804e-03,4.965402351944608661e+00,3.006941891336220932e-02,9.995443514977400135e-01,2.630481928316058191e-03,3.828166227604950372e-02,3.472740317585447292e-03,-2.736126215279004875e-03,9.999902267962526015e-01,6.653594064995932422e-02,0.000000000000000000e+00,0.000000000000000000e+00,0.000000000000000000e+00,1.000000000000000056e-01
9.994200681155696042e-01,-3.387977057904831973e-02,-3.418858490961762010e-03,5.750957234583020217e+00,3.388533650826552196e-02,9.994244727670885675e-01,1.583415279910854387e-03,8.700772481515235690e-02,3.363245098380003746e-03,-1.698346177344120175e-03,9.999929020761447740e-01,6.355253718338202407e-02,0.000000000000000000e+00,0.000000000000000000e+00,0.000000000000000000e+00,1.000000000000000056e-01
9.993532946743407530e-01,-3.590999063983216222e-02,-1.861449915369254183e-03,6.539539714194761544e+00,3.591260312491935391e-02,9.993539683457001166e-01,1.389564137938352180e-03,1.235812282450332172e-01,1.810348124614218936e-03,-1.455515011457573062e-03,9.999973020542201052e-01,6.699792328753048642e-02,0.000000000000000000e+00,0.000000000000000000e+00,0.000000000000000000e+00,1.000000000000000056e-01
9.993124928083404468e-01,-3.700012611345214475e-02,2.352102202095346112e-03,7.326187372261286690e+00,3.700045144256111640e-02,9.993152443449855316e-01,-9.493560262963343546e-05,1.664313197353234630e-01,-2.346978957541336151e-03,1.818991770366509516e-04,9.999972292973927646e-01,8.163110366198488010e-02,0.000000000000000000e+00,0.000000000000000000e+00,0.000000000000000000e+00,1.000000000000000056e-01
9.990735794379749235e-01,-4.292469381837633879e-02,3.074659264230556691e-03,8.128389918555983584e+00,4.292230760227923325e-02,9.990780616914362033e-01,8.379480760247785213e-04,2.084175941717983094e-01,-3.107793282668142986e-03,-7.052003129857382490e-04,9.999949221438230174e-01,7.316992376147074539e-02,0.000000000000000000e+00,0.000000000000000000e+00,0.000000000000000000e+00,1.000000000000000056e-01
9.989546439390345478e-01,-4.557807838332582351e-02,3.501160310532027732e-03,8.962528213854707104e+00,4.556196889304922615e-02,9.989511482444557444e-01,4.550869331474375647e-03,2.615130001585432296e-01,-3.704907991496097369e-03,-4.386592295478017843e-03,9.999835155965360878e-01,7.871741952616036209e-02,0.000000000000000000e+00,0.000000000000000000e+00,0.000000000000000000e+00,1.000000000000000056e-01
9.989601380070772807e-01,-4.553247740099605756e-02,2.331560552261323794e-03,9.743209890729810141e+00,4.552832559142161450e-02,9.989614194794195212e-01,1.803873749644280787e-03,3.073166656603568692e-01,-2.411273879629119345e-03,-1.695845921932526493e-03,9.999956549230033520e-01,9.732395601115402528e-02,0.000000000000000000e+00,0.000000000000000000e+00,0.000000000000000000e+00,1.000000000000000056e-01
9.988962993438402771e-01,-4.685597377087967474e-02,3.271219828081323253e-03,1.052503483709501531e+01,4.685453944592753162e-02,9.989015908315580505e-01,5.137776685105795594e-04,3.587483075017886547e-01,-3.291700243189964962e-03,-3.599391132895875473e-04,9.999945175616432591e-01,9.738069386288834839e-02,0.000000000000000000e+00,0.000000000000000000e+00,0.000000000000000000e+00,1.000000000000000056e-01
9.987210402125412667e-01,-5.050249572028582545e-02,2.404529642558443387e-03,1.128528065805909009e+01,5.050752360216313741e-02,9.987215181220855387e-01,-2.078292446647881687e-03,4.059729583120329499e-01,-2.296496539593186840e-03,2.197081231855661440e-03,9.999949494560981256e-01,1.080433402926884029e-01,0.000000000000000000e+00,0.000000000000000000e+00,0.000000000000000000e+00,1.000000000000000056e-01
9.984740468994171003e-01,-5.520840637546427232e-02,1.268674025205141810e-03,1.211387840809684313e+01,5.520629182477462815e-02,9.984736141319118241e-01,1.645364797174669229e-03,4.688553888733564823e-01,-1.357575507460160886e-03,-1.572815259194844167e-03,9.999978416181216634e-01,1.192603621208053744e-01,0.000000000000000000e+00,0.000000000000000000e+00,0.000000000000000000e+00,1.000000000000000056e-01
9.983695611066295550e-01,-5.705426881157039942e-02,-1.740651065846488378e-03,1.295744183426272933e+01,5.705824831873404501e-02,9.983681339060237470e-01,2.329270229371246861e-03,5.344502189490369926e-01,1.604915746589354519e-03,-2.424790997347447703e-03,9.999957723080961092e-01,1.218330063152583131e-01,0.000000000000000000e+00,0.000000000000000000e+00,0.000000000000000000e+00,1.000000000000000056e-01
9.983439347519189599e-01,-5.746158058136448255e-02,-2.748581661071635308e-03,1.384465822917211497e+01,5.747295082346100259e-02,9.983380006975230980e-01,4.253973074243616766e-03,5.860906422631554369e-01,2.499573503671529123e-03,-4.404897315910126683e-03,9.999871744237203153e-01,1.322077831390287839e-01,0.000000000000000000e+00,0.000000000000000000e+00,0.000000000000000000e+00,1.000000000000000056e-01
9.977891482366575415e-01,-6.632405238152587479e-02,-4.235060431463705602e-03,1.477050908960936404e+01,6.635679928489972290e-02,9.977628619374903085e-01,8.126901437331461586e-03,6.801328636076607870e-01,3.686576979946379687e-03,-8.389959117968283364e-03,9.999580079864203164e-01,1.474614996066174466e-01,0.000000000000000000e+00,0.000000000000000000e+00,0.000000000000000000e+00,1.000000000000000056e-01
9.974656137797159872e-01,-7.107400596423772698e-02,-3.291656611788827073e-03,1.572568589018229268e+01,7.108981023225939555e-02,9.974575729727901408e-01,4.962761365650934439e-03,7.490623425035531913e-01,2.930564484153357682e-03,-5.184187055513100884e-03,9.999822678409741039e-01,1.383690991273993920e-01,0.000000000000000000e+00,0.000000000000000000e+00,0.000000000000000000e+00,1.000000000000000056e-01
9.970447041015609857e-01,-7.680464582301319010e-02,-1.704230921039873213e-03,1.665074141022449083e+01,7.680774848699670199e-02,9.970442301501536431e-01,1.836544757345123314e-03,8.457742038345102964e-01,1.558138437040283665e-03,-1.962015364103435015e-03,9.999968613452354660e-01,1.485785662840238275e-01,0.000000000000000000e+00,0.000000000000000000e+00,0.000000000000000000e+00,1.000000000000000056e-01
9.968945896419983965e-01,-7.874589818299100596e-02,5.105505514927870074e-04,1.754606938802312754e+01,7.874326635179722256e-02,9.968870186516129994e-01,3.971151992619023456e-03,9.441235423165507123e-01,-8.216731476285406635e-04,-3.918617518025691894e-03,9.999919846128697554e-01,1.770059345937528839e-01,0.000000000000000000e+00,0.000000000000000000e+00,0.000000000000000000e+00,1.000000000000000056e-01
9.967840108820308354e-01,-8.012551676847751159e-02,1.239843746519587054e-03,1.848064256405780270e+01,8.011695802984905579e-02,9.967682361850319639e-01,5.861430595314786121e-03,1.022457562144233334e+00,-1.705487019815532784e-03,-5.743247788901041651e-03,9.999820530483837233e-01,1.932567671482496863e-01,0.000000000000000000e+00,0.000000000000000000e+00,0.000000000000000000e+00,1.000000000000000056e-01
9.964794695521188572e-01,-8.382741737954282901e-02,1.277049961344339140e-03,1.941941727587158084e+01,8.382138202340513877e-02,9.964718934299522379e-01,4.212068353230792074e-03,1.107898907644327968e+00,-1.625631204862882295e-03,-4.090195545671867529e-03,9.999903137648803453e-01,2.111544723703543402e-01,0.000000000000000000e+00,0.000000000000000000e+00,0.000000000000000000e+00,1.000000000000000056e-01
9.963777762795027471e-01,-8.503124981236646895e-02,1.006723229093756502e-03,2.035590978617509350e+01,8.502518199855867154e-02,9.963661423876446488e-01,5.022820888290409867e-03,1.182727693720844409e+00,-1.430161677939173438e-03,-4.919030281549162907e-03,9.999868788032492128e-01,2.191026201597720546e-01,0.000000000000000000e+00,0.000000000000000000e+00,0.000000000000000000e+00,1.000000000000000056e-01
9.966167415307535249e-01,-8.208511359862430412e-02,4.135773945013942673e-03,2.128379656310912438e+01,8.205963060520687913e-02,9.966093911715142584e-01,5.994868946084181902e-03,1.275342772453641249e+00,-4.613840651811541502e-03,-5.635206672755835658e-03,9.999734781083920998e-01,2.326368012047922706e-01,0.000000000000000000e+00,0.000000000000000000e+00,0.000000000000000000e+00,1.000000000000000056e-01
9.967594972525455344e-01,-8.005251445880760819e-02,7.880327764442555602e-03,2.222843255701053877e+01,8.000604267167153727e-02,9.967760416696503922e-01,6.046146657334874538e-03,1.363235095404040198e+00,-8.338931158806866042e-03,-5.396080263091520071e-03,9.999506710557890532e-01,2.239728509587386729e-01,0.000000000000000000e+00,0.000000000000000000e+00,0.000000000000000000e+00,1.000000000000000056e-01
9.967956446248252833e-01,-7.911279918862955396e-02,1.181557707090700321e-02,2.318951438912608509e+01,7.904508392663280036e-02,9.968524225281056861e-01,6.092816005644896907e-03,1.450572479477479471e+00,-1.226040635584903921e-02,-5.139329176715817099e-03,9.999116309612579023e-01,2.336561624953166771e-01,0.000000000000000000e+00,0.000000000000000000e+00,0.000000000000000000e+00,1.000000000000000056e-01
9.968916906452817139e-01,-7.723550307118487446e-02,1.554458708788514394e-02,2.412015988938329869e+01,7.716044344326317139e-02,9.970042124540684503e-01,5.372738266639766856e-03,1.527267350392149448e+00,-1.591298495037433633e-02,-4.156610901181477351e-03,9.998647406003400295e-01,2.398250102820456697e-01,0.000000000000000000e+00,0.000000000000000000e+00,0.000000000000000000e+00,1.000000000000000056e-01
9.971158205117012230e-01,-7.495636660121650363e-02,1.189889033569393670e-02,2.507936388568354502e+01,7.491367354376456122e-02,9.971820215715148095e-01,3.994667786585826344e-03,1.591795238981787319e+00,-1.216478530246643819e-02,-3.091756861551957138e-03,9.999212264163882535e-01,2.425609303693067043e-01,0.000000000000000000e+00,0.000000000000000000e+00,0.000000000000000000e+00,1.000000000000000056e-01
9.971834861344512912e-01,-7.446485119681721387e-02,8.948794163374436741e-03,2.604290030094665553e+01,7.442996588440577155e-02,9.972175221827623837e-01,4.170567121869293327e-03,1.665289042216625548e+00,-9.234455002260158127e-03,-3.492762217456818561e-03,9.999512615387329273e-01,2.358772983945826851e-01,0.000000000000000000e+00,0.000000000000000000e+00,0.000000000000000000e+00,1.000000000000000056e-01
9.973398369455681589e-01,-7.246716535280470217e-02,7.858726812703652545e-03,2.698520224825749381e+01,7.243604894378607995e-02,9.973643218620621420e-01,4.174720354973834001e-03,1.741595130914295408e+00,-8.140543888516990970e-03,-3.594359798082102670e-03,9.999604052775494800e-01,2.494701319306129317e-01,0.000000000000000000e+00,0.000000000000000000e+00,0.000000000000000000e+00,1.000000000000000056e-01
9.973782233508124984e-01,-7.185399798879332778e-02,8.583854530649302414e-03,2.794056243150017949e+01,7.184910428604177057e-02,9.974151272959269621e-01,8.775275171656598139e-04,1.810553362063576088e+00,-8.624720219830824333e-03,-2.584845766633015970e-04,9.999627730005018478e-01,2.592687387929192844e-01,0.000000000000000000e+00,0.000000000000000000e+00,0.000000000000000000e+00,1.000000000000000056e-01
9.975017019982643784e-01,-6.921854993229224762e-02,1.411194018682817089e-02,2.894415141104486011e+01,6.928417236435181759e-02,9.975880601675334303e-01,-4.214934277612845948e-03,1.897418893487742286e+00,-1.378615139742189744e-02,5.182138212029265001e-03,9.998915378545808474e-01,2.643734792440475823e-01,0.000000000000000000e+00,0.000000000000000000e+00,0.000000000000000000e+00,1.000000000000000056e-01
9.974040933590715419e-01,-6.983199319659993964e-02,1.756608313650030728e-02,2.992378849699128196e+01,6.999272569392758769e-02,9.975094986284549492e-01,-8.707381692742164128e-03,1.931653340546534592e+00,-1.691428096322841051e-02,9.914276181270669994e-03,9.998077886410460247e-01,2.602550599545777055e-01,0.000000000000000000e+00,0.000000000000000000e+00,0.000000000000000000e+00,1.000000000000000056e-01
9.972294247573511017e-01,-7.159868668890823074e-02,2.017678028195343809e-02,3.083923193639242299e+01,7.189785531685433106e-02,9.973064061818760484e-01,-1.451311783964979486e-02,1.986592509563833486e+00,-1.908331205423603044e-02,1.592357538414146054e-02,9.996910857600093125e-01,2.685813328966169533e-01,0.000000000000000000e+00,0.000000000000000000e+00,0.000000000000000000e+00,1.000000000000000056e-01
9.974455158849350189e-01,-7.010929545052532741e-02,1.367952968733999845e-02,3.175429598314738300e+01,7.029600462504781433e-02,9.974323488550361771e-01,-1.368141773650580727e-02,2.052222039962852573e+00,-1.268521086900499008e-02,1.460808505439606560e-02,9.998128271212829432e-01,2.541309891315490233e-01,0.000000000000000000e+00,0.000000000000000000e+00,0.000000000000000000e+00,1.000000000000000056e-01
9.974860513016159391e-01,-6.988689964739569493e-02,1.172171985610320939e-02,3.274052151719827464e+01,7.005785010004567104e-02,9.974321077092206389e-01,-1.486903326047646530e-02,2.101432489504155843e+00,-1.065246910672133958e-02,1.565285176625866650e-02,9.998207404997727643e-01,2.584192272749589181e-01,0.000000000000000000e+00,0.000000000000000000e+00,0.000000000000000000e+00,1.000000000000000056e-01
9.973004194230261632e-01,-7.277885788545195023e-02,9.752500374018431561e-03,3.368969300651932031e+01,7.287346635878673429e-02,9.972937865874459407e-01,-9.724254980649833791e-03,2.182924796676958046e+00,-9.018387855421711868e-03,1.040870207869861938e-02,9.999051593033841945e-01,2.473457246828331124e-01,0.000000000000000000e+00,0.000000000000000000e+00,0.000000000000000000e+00,1.000000000000000056e-01
9.969802574236779069e-01,-7.682774767851822950e-02,1.130767412259540798e-02,3.464337532165561129e+01,7.696060537267000734e-02,9.969640182519915461e-01,-1.182419263691009831e-02,2.261856858482070187e+00,-1.036491814193605913e-02,1.265873206480560426e-02,9.998661535297723724e-01,2.598460242156615529e-01,0.000000000000000000e+00,0.000000000000000000e+00,0.000000000000000000e+00,1.000000000000000056e-01
9.969435604368851456e-01,-7.723321973725369438e-02,1.177145158609349714e-02,3.562120163506154569e+01,7.736994716272313499e-02,9.969345135565174099e-01,-1.163902727324843747e-02,2.338203062621930339e+00,-1.083644680991352992e-02,1.251420987705891691e-02,9.998629735977269117e-01,2.520826722457130131e-01,0.000000000000000000e+00,0.000000000000000000e+00,0.000000000000000000e+00,1.000000000000000056e-01
9.969753904484763840e-01,-7.673935306948109769e-02,1.229400384681886803e-02,3.659869033421067996e+01,7.687240759423338843e-02,9.969830697406335540e-01,-1.074204827810080684e-02,2.412002191612674817e+00,-1.143257585910204509e-02,1.165462745095366751e-02,9.998667240528635869e-01,2.541349038809929128e-01,0.000000000000000000e+00,0.000000000000000000e+00,0.000000000000000000e+00,1.000000000000000056e-01
9.969038737425742758e-01,-7.760509617443261954e-02,1.265367791618995409e-02,3.759642292614195469e+01,7.771870139716061110e-02,9.969369523441010683e-01,-8.747371261955263350e-03,2.495846930886925996e+00,-1.193607850965276197e-02,9.703715711651884901e-03,9.998816769654291781e-01,2.566652595131305725e-01,0.000000000000000000e+00,0.000000000000000000e+00,0.000000000000000000e+00,1.000000000000000056e-01
9.967885543985889329e-01,-7.858421862673596603e-02,1.539799996092387074e-02,3.858811041158741517e+01,7.874893326927452641e-02,9.968402410382033452e-01,-1.039900744532372932e-02,2.576757781888511012e+00,-1.453214811796922287e-02,1.157818767000748893e-02,9.998273662194666622e-01,2.733655511692080764e-01,0.000000000000000000e+00,0.000000000000000000e+00,0.000000000000000000e+00,1.000000000000000056e-01
9.966538122048904658e-01,-8.031517643862734479e-02,1.518720023872452765e-02,3.960841208908063749e+01,8.043031833346186987e-02,9.967347458522680670e-01,-7.128134650279152953e-03,2.632645553245641423e+00,-1.456511277803713283e-02,8.325793922905132260e-03,9.998592594187025728e-01,2.657553295251948167e-01,0.000000000000000000e+00,0.000000000000000000e+00,0.000000000000000000e+00,1.000000000000000056e-01
9.963242103280764983e-01,-8.395998848746494270e-02,1.699377083873880936e-02,4.062479731470128286e+01,8.416270446998402877e-02,9.963846628649405401e-01,-1.158631882078900270e-02,2.724897679247666016e+00,-1.595954543315528454e-02,1.297397166266333994e-02,9.997884621102923752e-01,2.769212952855676368e-01,0.000000000000000000e+00,0.000000000000000000e+00,0.000000000000000000e+00,1.000000000000000056e-01
9.964296123594367227e-01,-8.296715870737932097e-02,1.563579832458526428e-02,4.164706646876641116e+01,8.316908371288216084e-02,9.964540287411142172e-01,-1.273860745773307615e-02,2.818221267895281379e+00,-1.452346816645980546e-02,1.399354071088317400e-02,9.997966041604615661e-01,2.894502634494822146e-01,0.000000000000000000e+00,0.000000000000000000e+00,0.000000000000000000e+00,1.000000000000000056e-01
9.962905365432503935e-01,-8.471732282966232264e-02,1.510437045814724474e-02,4.270444466607983003e+01,8.491534452814367140e-02,9.963035048976006669e-01,-1.298885647096294053e-02,2.908164914314433691e+00,-1.394815607988516074e-02,1.422326760387322524e-02,9.998015541099342096e-01,2.982931929775184399e-01,0.000000000000000000e+00,0.000000000000000000e+00,0.000000000000000000e+00,1.000000000000000056e-01
9.964111684129450808e-01,-8.385603910295084951e-02,1.153031516976176299e-02,4.377773776614904477e+01,8.401028073271364638e-02,9.963718729586534817e-01,-1.361482677361785382e-02,2.988412707427345882e+00,-1.034679627519070194e-02,1.453463046758876609e-02,9.998408314946986009e-01,3.049061641261049393e-01,0.000000000000000000e+00,0.000000000000000000e+00,0.000000000000000000e+00,1.000000000000000056e-01
9.964435016053755367e-01,-8.333736938476801748e-02,1.245917222149073647e-02,4.481116668707613826e+01,8.351560541941310811e-02,9.964003370584162411e-01,-1.454345080451970550e-02,3.065125196197407753e+00,-1.120231046913676767e-02,1.553226235618366223e-02,9.998166117174948075e-01,3.125678463684649633e-01,0.000000000000000000e+00,0.000000000000000000e+00,0.000000000000000000e+00,1.000000000000000056e-01
9.964138661223396198e-01,-8.334664101746816489e-02,1.458577492756404047e-02,4.581820153400452256e+01,8.355384446892169525e-02,9.964017397650605234e-01,-1.422420710000176815e-02,3.163034043058456479e+00,-1.334775163072444114e-02,1.539189475879397702e-02,9.997924420109098875e-01,3.250895690628761714e-01,0.000000000000000000e+00,0.000000000000000000e+00,0.000000000000000000e+00,1.000000000000000056e-01
9.959980918278967810e-01,-8.851201370123853995e-02,1.238646461829462017e-02,4.676449104666256318e+01,8.865816616622324009e-02,9.959922892562923513e-01,-1.179361327382390766e-02,3.240676071311647366e+00,-1.129294679128751630e-02,1.284457755482557549e-02,9.998537323929971299e-01,3.385050721491907888e-01,0.000000000000000000e+00,0.000000000000000000e+00,0.000000000000000000e+00,1.000000000000000056e-01
9.962152232429903886e-01,-8.664865795718712516e-02,6.873067229206976381e-03,4.772094427527214577e+01,8.672855171663476637e-02,9.961556620393844375e-01,-1.233107067576448557e-02,3.343973348819707869e+00,-5.778174110721656306e-03,1.288049149272199254e-02,9.999003478561511171e-01,3.323369849254540487e-01,0.000000000000000000e+00,0.000000000000000000e+00,0.000000000000000000e+00,1.000000000000000056e-01
9.962784319529374155e-01,-8.605148733995506005e-02,4.942423694693958217e-03,4.866921947538597948e+01,8.610856591732761467e-02,9.962033683806659212e-01,-1.281263839638489138e-02,3.429523206362492527e+00,-3.821112541860599999e-03,1.319054030723625440e-02,9.999056999264208656e-01,3.398171178545847937e-01,0.000000000000000000e+00,0.000000000000000000e+00,0.000000000000000000e+00,1.000000000000000056e-01
9.963513728077759701e-01,-8.515467752194880169e-02,5.711637260298097624e-03,4.963554160709416863e+01,8.522804465926803186e-02,9.962610632911544917e-01,-1.414475781114996923e-02,3.534298196800456981e+00,-4.485789520043416759e-03,1.457994053867100841e-02,9.998836447438624875e-01,3.465920224490243173e-01,0.000000000000000000e+00,0.000000000000000000e+00,0.000000000000000000e+00,1.000000000000000056e-01
9.967571817163265457e-01,-7.994733644782776871e-02,9.140245720106169106e-03,5.064447870807587293e+01,8.009003937705207188e-02,9.966512500942363850e-01,-1.648851958722189620e-02,3.613511692742841674e+00,-7.791424100146079716e-03,1.716709295407298219e-02,9.998222765221816966e-01,3.622710288942408430e-01,0.000000000000000000e+00,0.000000000000000000e+00,0.000000000000000000e+00,1.000000000000000056e-01
9.968107623290256569e-01,-7.932545762130518985e-02,8.704934129406413645e-03,5.158882040949409742e+01,7.945544861407366488e-02,9.967136661170282741e-01,-1.577020802302207814e-02,3.698426171569192178e+00,-7.425347841218503386e-03,1.641156752792390094e-02,9.998377491676904150e-01,3.662079282322389662e-01,0.000000000000000000e+00,0.000000000000000000e+00,0.000000000000000000e+00,1.000000000000000056e-01
9.968819321562861768e-01,-7.774228838745107784e-02,1.351110419736452697e-02,5.253751433336789489e+01,7.797980888579915393e-02,9.967916267927959817e-01,-1.804444961492433774e-02,3.780615200618362426e+00,-1.206493872690168195e-02,1.904177911996913358e-02,9.997458916652083305e-01,3.927436952370972900e-01,0.000000000000000000e+00,0.000000000000000000e+00,0.000000000000000000e+00,1.000000000000000056e-01
9.970589477911889764e-01,-7.533179212980466166e-02,1.409168989294697083e-02,5.353560042457764467e+01,7.557333148591423300e-02,9.969871251030477666e-01,-1.747409359251414496e-02,3.876626516473145490e+00,-1.273287860804484667e-02,1.848765732243329990e-02,9.997480084146610491e-01,4.201407533448177634e-01,0.000000000000000000e+00,0.000000000000000000e+00,0.000000000000000000e+00,1.000000000000000056e-01
9.970657517652383728e-01,-7.495895455535689367e-02,1.552552056415307767e-02,5.450318768685647797e+01,7.526225355789586957e-02,9.969637760144383076e-01,-1.997054091455294916e-02,3.939549950632179609e+00,-1.398141073736799446e-02,2.108042805544480675e-02,9.996800166587267444e-01,4.148692890317419724e-01,0.000000000000000000e+00,0.000000000000000000e+00,0.000000000000000000e+00,1.000000000000000056e-01
9.969686402004697134e-01,-7.551257938480455956e-02,1.874515434665868091e-02,5.543916868312123114e+01,7.585284220073644501e-02,9.969536905004354743e-01,-1.815723898702839220e-02,4.014783736609015996e+00,-1.731695085448479998e-02,1.952407109737819627e-02,9.996594089293052710e-01,4.239969932460352364e-01,0.000000000000000000e+00,0.000000000000000000e+00,0.000000000000000000e+00,1.000000000000000056e-01
9.969646255120864220e-01,-7.424645177199022672e-02,2.343074639901402897e-02,5.638334828653916020e+01,7.462840604660032906e-02,9.970851220981132856e-01,-1.587010716832802995e-02,4.099441868888855645e+00,-2.218414948762124569e-02,1.757053470614937038e-02,9.995994897065778595e-01,4.350238307589880393e-01,0.000000000000000000e+00,0.000000000000000000e+00,0.000000000000000000e+00,1.000000000000000056e-01
9.968883440769059634e-01,-7.461247927448746986e-02,2.542847577261465181e-02,5.734083596276313699e+01,7.498767808965473014e-02,9.970842852863293082e-01,-1.413421981476605145e-02,4.165605085336760105e+00,-2.429974440866793789e-02,1.599706134150853318e-02,9.995767186415004391e-01,4.196035462496052193e-01,0.000000000000000000e+00,0.000000000000000000e+00,0.000000000000000000e+00,1.000000000000000056e-01
9.969097953291951031e-01,-7.533232351523404258e-02,2.226883496051055775e-02,5.822622127171529627e+01,7.558679238413583412e-02,9.970805849644930330e-01,-1.081406047430272938e-02,4.233123936984808822e+00,-2.138917468674014430e-02,1.246387261891137091e-02,9.996935305810275008e-01,4.211067183669304770e-01,0.000000000000000000e+00,0.000000000000000000e+00,0.000000000000000000e+00,1.000000000000000056e-01
9.970620492283912562e-01,-7.486681227151613383e-02,1.619352984320271416e-02,5.912724667849569471e+01,7.498114820397093483e-02,9.971632962541275846e-01,-6.571759096096613240e-03,4.312013726584313034e+00,-1.565558694189651129e-02,7.766661052508018123e-03,9.998472791249672920e-01,4.249216330805343222e-01,0.000000000000000000e+00,0.000000000000000000e+00,0.000000000000000000e+00,1.000000000000000056e-01
9.971462223972881178e-01,-7.489597967710363846e-02,9.487011490717848355e-03,6.011341361344866385e+01,7.496261964344790030e-02,9.971626473204032726e-01,-6.874623273812763974e-03,4.375276651657677540e+00,-8.945211848240069985e-03,7.566175861818576209e-03,9.999313657285774370e-01,4.286001796650117379e-01,0.000000000000000000e+00,0.000000000000000000e+00,0.000000000000000000e+00,1.000000000000000056e-01
9.972947313321351981e-01,-7.289010955839728134e-02,9.500041354073117048e-03,6.103626474629512444e+01,7.292850406582790379e-02,9.973300862144846013e-01,-3.759311922307575788e-03,4.456470377948788197e+00,-9.200660404817722141e-03,4.441965778067481080e-03,9.999478070320179102e-01,4.357422309746900591e-01,0.000000000000000000e+00,0.000000000000000000e+00,0.000000000000000000e+00,1.000000000000000056e-01
9.970865299788929104e-01,-7.547841030688333397e-02,1.102094878837355137e-02,6.197976491169688273e+01,7.551083933763112765e-02,9.971417049656805531e-01,-2.556043947612201411e-03,4.536252427081834959e+00,-1.079652153133795443e-02,3.380798083505336289e-03,9.999360006156103875e-01,4.370105058558475530e-01,0.000000000000000000e+00,0.000000000000000000e+00,0.000000000000000000e+00,1.000000000000000056e-01
9.971929904027525549e-01,-7.387167957709195321e-02,1.221125907002377706e-02,6.285390643224188523e+01,7.391935725079978869e-02,9.972580813835750790e-01,-3.499676953573119514e-03,4.605125723249648750e+00,-1.191924977691200330e-02,4.392501748456330811e-03,9.999193154515745308e-01,4.475861498748495149e-01,0.000000000000000000e+00,0.000000000000000000e+00,0.000000000000000000e+00,1.000000000000000056e-01
9.973706754879125835e-01,-7.108045905991829116e-02,1.411750745054577393e-02,6.365878619324763577e+01,7.112479442524625994e-02,9.974638701314686440e-01,-2.662968328577981596e-03,4.680244431273149708e+00,-1.389241860697388621e-02,3.660071335893689583e-03,9.998967969660992328e-01,4.488851193958547925e-01,0.000000000000000000e+00,0.000000000000000000e+00,0.000000000000000000e+00,1.000000000000000056e-01
9.972715728198444651e-01,-7.249376570889380644e-02,1.393068479213081801e-02,6.446305650970933243e+01,7.251088254850983350e-02,9.973673563467317926e-01,-7.269153785153684242e-04,4.752583912606258565e+00,-1.384131343008684900e-02,1.735058291621463999e-03,9.999026990738922871e-01,4.600958615884624403e-01,0.000000000000000000e+00,0.000000000000000000e+00,0.000000000000000000e+00,1.000000000000000056e-01
9.971770340938168609e-01,-7.334464518029901181e-02,1.607873437913926590e-02,6.524460587584636073e+01,7.334986460189940605e-02,9.973062352086882187e-01,2.656628609718886778e-04,4.816626611770699284e+00,-1.605490699885545047e-02,9.144600859069445045e-04,9.998706935019194830e-01,4.606851976665880533e-01,0.000000000000000000e+00,0.000000000000000000e+00,0.000000000000000000e+00,1.000000000000000056e-01
9.965991228330569607e-01,-8.121365236709648938e-02,1.394743838766718258e-02,6.605787630108321196e+01,8.122445883855294868e-02,9.966958129444398740e-01,-2.091540252884159165e-04,4.882883367912633332e+00,-1.388436727998747927e-02,1.341315853361764758e-03,9.999027078756291820e-01,4.655212144814279140e-01,0.000000000000000000e+00,0.000000000000000000e+00,0.000000000000000000e+00,1.000000000000000056e-01
9.965085884865872989e-01,-8.242037259300648289e-02,1.332348505832180695e-02,6.680495097981115293e+01,8.240143974141177219e-02,9.965972820588711034e-01,1.964719169071268891e-03,4.946552577646962767e+00,-1.344008188263096960e-02,-8.599851747648467595e-04,9.999093081997423305e-01,4.695865990506106757e-01,0.000000000000000000e+00,0.000000000000000000e+00,0.000000000000000000e+00,1.000000000000000056e-01
9.963624112249811482e-01,-8.360582776028836760e-02,1.649275787909944280e-02,6.758805838251892339e+01,8.355184935185945572e-02,9.964956563914487697e-01,3.936402273641823046e-03,5.032557071234318613e+00,-1.676406775892374384e-02,-2.544082839206054936e-03,9.998562365033693000e-01,4.795158995537889823e-01,0.000000000000000000e+00,0.000000000000000000e+00,0.000000000000000000e+00,1.000000000000000056e-01
9.966737040645905488e-01,-7.920187659952075687e-02,1.919870748991357734e-02,6.832529607784188386e+01,7.908181237615534431e-02,9.968440026682412469e-01,6.935509762237911102e-03,5.113580904305534247e+00,-1.968742180864573033e-02,-5.394171620723753335e-03,9.997916324590112591e-01,4.766867923876152990e-01,0.000000000000000000e+00,0.000000000000000000e+00,0.000000000000000000e+00,1.000000000000000056e-01
9.962056309780229491e-01,-8.437635302502552448e-02,2.133006933592778570e-02,6.904812360136162397e+01,8.418343841413108986e-02,9.964022043757535529e-01,9.787533494866671249e-03,5.203358721090267203e+00,-2.207916448721324726e-02,-7.954757402661964336e-03,9.997245782365318245e-01,4.845845843917251372e-01,0.000000000000000000e+00,0.000000000000000000e+00,0.000000000000000000e+00,1.000000000000000056e-01
9.963390335524290320e-01,-8.413160511924734630e-02,1.517903949104654898e-02,6.972809393288346769e+01,8.391998016337280653e-02,9.963730277151099379e-01,1.407929583480584459e-02,5.278218156409548278e+00,-1.630849929303222062e-02,-1.275392731216151709e-02,9.997856621241001385e-01,4.809023583135262903e-01,0.000000000000000000e+00,0.000000000000000000e+00,0.000000000000000000e+00,1.000000000000000056e-01
9.963100185088060723e-01,-8.529691783642352754e-02,9.528002234932586231e-03,7.041620720753725493e+01,8.516459617702330787e-02,9.962751103215834458e-01,1.352390889208305094e-02,5.353275656680438921e+00,-1.064605922334703990e-02,-1.266255745587086326e-02,9.998631511670433847e-01,4.880528242687347529e-01,0.000000000000000000e+00,0.000000000000000000e+00,0.000000000000000000e+00,1.000000000000000056e-01
9.966493885053037127e-01,-8.149910849656441525e-02,6.920383390350583024e-03,7.115576618817846111e+01,8.141389598327503085e-02,9.966103756365207733e-01,1.181256595568608292e-02,5.428454151363352409e+00,-7.859639484651317204e-03,-1.120957126290671527e-02,9.999062813980483799e-01,4.978590568156071594e-01,0.000000000000000000e+00,0.000000000000000000e+00,0.000000000000000000e+00,1.000000000000000056e-01
9.968366953158552812e-01,-7.930146174963965955e-02,5.280249628101770995e-03,7.186572657846969037e+01,7.924389135936550643e-02,9.968016136220191337e-01,1.034160349095058704e-02,5.494003773641116695e+00,-6.083465623286469018e-03,-9.890462320306468019e-03,9.999325828280128947e-01,5.006348133759255248e-01,0.000000000000000000e+00,0.000000000000000000e+00,0.000000000000000000e+00,1.000000000000000056e-01
9.968885424433411302e-01,-7.834106745136144856e-02,8.712697387847200686e-03,7.254148521579571707e+01,7.823014109503802216e-02,9.968579921700250202e-01,1.241726503690913051e-02,5.565590498602435154e+00,-9.658103822252312592e-03,-1.169703369780734740e-02,9.998849435976275846e-01,5.096721764202560845e-01,0.000000000000000000e+00,0.000000000000000000e+00,0.000000000000000000e+00,1.000000000000000056e-01
9.968544095162082952e-01,-7.835258866414374079e-02,1.192300623665347274e-02,7.312970699908190397e+01,7.818586805530330919e-02,9.968424434677249923e-01,1.386048115089000277e-02,5.602744972855099981e+00,-1.297136324872937528e-02,-1.288467116083944278e-02,9.998328505227993546e-01,5.323306808175503058e-01,0.000000000000000000e+00,0.000000000000000000e+00,0.000000000000000000e+00,1.000000000000000056e-01
9.968337282850847636e-01,-7.899734521819770650e-02,9.051939114620433102e-03,7.371459463278318935e+01,7.890652343272550051e-02,9.968319967952552485e-01,9.986527171395108426e-03,5.631546219044006207e+00,-9.812171676985771002e-03,-9.240650067022685571e-03,9.999091617108627483e-01,5.401997348228582130e-01,0.000000000000000000e+00,0.000000000000000000e+00,0.000000000000000000e+00,1.000000000000000056e-01
9.967992623909203154e-01,-7.963391283017014211e-02,7.047724758668708588e-03,7.434094113401550885e+01,7.958835663852482922e-02,9.968064620764064410e-01,6.524618785548881410e-03,5.668499737600955157e+00,-7.544798505995340375e-03,-5.942818361233981848e-03,9.999538783991136492e-01,5.524061235818329418e-01,0.000000000000000000e+00,0.000000000000000000e+00,0.000000000000000000e+00,1.000000000000000056e-01
9.969414321616889563e-01,-7.813058277863212109e-02,1.841975589401122779e-03,7.496151658462314060e+01,7.812038116576035252e-02,9.969309964301927840e-01,5.078819077222406463e-03,5.685721948747112009e+00,-2.233133654072374380e-03,-4.919389329394172235e-03,9.999854062548657607e-01,5.658822223460063805e-01,0.000000000000000000e+00,0.000000000000000000e+00,0.000000000000000000e+00,1.000000000000000056e-01
9.974233550226619949e-01,-7.169393375173391258e-02,2.575018162783334220e-03,7.557295899904954695e+01,7.168447239821809647e-02,9.974208772647146226e-01,3.595832793136367108e-03,5.741676602722542100e+00,-2.826176272949357682e-03,-3.401978790215632893e-03,9.999902195861642973e-01,5.871976839394109637e-01,0.000000000000000000e+00,0.000000000000000000e+00,0.000000000000000000e+00,1.000000000000000056e-01
9.977159167433833353e-01,-6.736289092480503282e-02,5.019004200327481686e-03,7.614422985634914198e+01,6.733057304653901343e-02,9.977105037482892902e-01,6.351743348054945948e-03,5.800104307000395920e+00,-5.435385003360893204e-03,-5.999303008492291173e-03,9.999672319397658882e-01,5.817190177092790293e-01,0.000000000000000000e+00,0.000000000000000000e+00,0.000000000000000000e+00,1.000000000000000056e-01
9.979089677521426616e-01,-6.413134647972895674e-02,8.053724514170964438e-03,7.669319433135706277e+01,6.409709976519067931e-02,9.979337849960753237e-01,4.441009468373630781e-03,5.818537422235896983e+00,-8.321891704678334445e-03,-3.915502790696042887e-03,9.999577065838093359e-01,5.917337866079618314e-01,0.000000000000000000e+00,0.000000000000000000e+00,0.000000000000000000e+00,1.000000000000000056e-01
9.983144347655990014e-01,-5.690366885940997127e-02,1.141322955964481703e-02,7.726152637890739072e+01,5.691077278556017777e-02,9.983792240048823263e-01,-2.983560948844731636e-04,5.810828501074443153e+00,-1.137775371472228569e-02,9.473889104418494779e-04,9.999348224632741422e-01,6.083246047291713809e-01,0.000000000000000000e+00,0.000000000000000000e+00,0.000000000000000000e+00,1.000000000000000056e-01
9.987984816239623420e-01,-4.682075090657718264e-02,1.447101897627518438e-02,7.781190229909373102e+01,4.691144663342187993e-02,9.988810762226110196e-01,-5.992640412875078343e-03,5.826485345204856614e+00,-1.417424708501566905e-02,6.664296579734791531e-03,9.998773314115437794e-01,6.119975017584272647e-01,0.000000000000000000e+00,0.000000000000000000e+00,0.000000000000000000e+00,1.000000000000000056e-01
9.993010727241156133e-01,-3.451385516024212119e-02,1.435826780672086120e-02,7.831548162820575953e+01,3.452152069110754617e-02,9.994039136620002095e-01,-2.862974864005136976e-04,5.862581181720713630e+00,-1.433982780946556346e-02,7.817666244564287683e-04,9.998968737721604105e-01,6.142103606152267137e-01,0.000000000000000000e+00,0.000000000000000000e+00,0.000000000000000000e+00,1.000000000000000056e-01
9.997559901741797095e-01,-1.562502083170493397e-02,1.561469932001080703e-02,7.882766089526104736e+01,1.559234319798071151e-02,9.998759845663555135e-01,2.212311247881266086e-03,5.876993858917797908e+00,-1.564733026563776969e-02,-1.968301671468125884e-03,9.998756356888031105e-01,6.155290872995331508e-01,0.000000000000000000e+00,0.000000000000000000e+00,0.000000000000000000e+00,1.000000000000000056e-01
9.999022670283885805e-01,8.280603465309923066e-04,1.395602764226175178e-02,7.932742165917701982e+01,-9.053461348669466190e-04,9.999842863295321793e-01,5.532399334138671937e-03,5.883020952042592455e+00,-1.395122718133256536e-02,-5.544493671995623374e-03,9.998873045748986055e-01,6.249207297156934571e-01,0.000000000000000000e+00,0.000000000000000000e+00,0.000000000000000000e+00,1.000000000000000056e-01
9.996456218686681217e-01,2.309352194967229446e-02,1.324084297784211897e-02,7.984966178817013827e+01,-2.315565228045679200e-02,9.997214797886251336e-01,4.558356799140220530e-03,5.871117440700279744e+00,-1.313188662266176476e-02,-4.863341773070836704e-03,9.999019459229628870e-01,6.355861656892933809e-01,0.000000000000000000e+00,0.000000000000000000e+00,0.000000000000000000e+00,1.000000000000000056e-01
9.987130870172779007e-01,4.855408745688900851e-02,1.465163511857559865e-02,8.035934405215188292e+01,-4.862971171383878577e-02,9.988051008048649537e-01,4.849922144994549787e-03,5.833130658595866436e+00,-1.439864434757783147e-02,-5.556185509173651969e-03,9.998808968289871757e-01,6.532282776375979427e-01,0.000000000000000000e+00,0.000000000000000000e+00,0.000000000000000000e+00,1.000000000000000056e-01
9.973308266237744801e-01,7.142181281226721301e-02,1.517059394183774626e-02,8.081634164379235585e+01,-7.152085779224202911e-02,9.974205182549872317e-01,6.089061061818744347e-03,5.836764032487878673e+00,-1.469656989234409059e-02,-7.157822194084352205e-03,9.998663792801703032e-01,6.475244752871619491e-01,0.000000000000000000e+00,0.000000000000000000e+00,0.000000000000000000e+00,1.000000000000000056e-01
9.944239364235715195e-01,1.043246724688490779e-01,1.540770528391069080e-02,8.130806207498262950e+01,-1.043489392475201172e-01,9.945404439425655774e-01,7.773290435190892628e-04,5.760313187857649453e+00,-1.524249145533109959e-02,-2.380772309967113358e-03,9.998809921072818740e-01,6.446124204076058017e-01,0.000000000000000000e+00,0.000000000000000000e+00,0.000000000000000000e+00,1.000000000000000056e-01
