1.000000000000000000e+00,1.566773798034476057e-13,-5.354166114443178295e-13,1.092660559320379182e-20,-1.566773798035408553e-13,1.000000000000000000e+00,-1.741471945373440615e-13,-4.770444613975051813e-20,5.354166114442905665e-13,1.741471945374279711e-13,1.000000000000000000e+00,1.890849647984869005e-19,0.000000000000000000e+00,0.000000000000000000e+00,0.000000000000000000e+00,1.000000000000000056e-01
9.999970980476452498e-01,-2.266228652157404808e-03,-8.173762808034942557e-04,6.462950349265147443e-01,2.265036191679930394e-03,9.999963735564151301e-01,-1.456875104152515008e-03,1.709473637238927493e-02,8.206749287381694558e-04,1.455019489512135358e-03,9.999986047044998605e-01,6.593534546171609528e-03,0.000000000000000000e+00,0.000000000000000000e+00,0.000000000000000000e+00,1.000000000000000056e-01
9.999758330260470895e-01,-6.895108247010955579e-03,-8.892952969053621827e-04,1.299010191883646748e+00,6.894437665702739249e-03,9.999759481132398653e-01,-7.549333087483536559e-04,1.889562988876534316e-02,8.944792545586788225e-04,7.487838733038283852e-04,9.999993196145556817e-01,1.042964790848374679e-02,0.000000000000000000e+00,0.000000000000000000e+00,0.000000000000000000e+00,1.000000000000000056e-01
9.999237835780911965e-01,-1.193560518529252282e-02,-3.157271565046471107e-03,2.001015351394648700e+00,1.193515431549703118e-02,9.999287604497733017e-01,-1.616070701406245634e-04,2.351768595039736842e-02,3.158975520624583873e-03,1.239122296832228555e-04,9.999950027472234160e-01,1.659252227032059074e-02,0.000000000000000000e+00,0.000000000000000000e+00,0.000000000000000000e+00,1.000000000000000056e-01
9.998456372956998628e-01,-1.707034508632172126e-02,-4.159915791167831910e-03,2.705494404093263139e+00,1.706685814726594669e-02,9.998539700710421529e-01,-8.722878863921956641e-04,3.301777377866564611e-02,4.174198574195709700e-03,8.011565449626908844e-04,9.999909670664298700e-01,1.898596783328440271e-02,0.000000000000000000e+00,0.000000000000000000e+00,0.000000000000000000e+00,1.000000000000000056e-01
9.997469143023365312e-01,-2.212805785358784930e-02,-4.056648688873475128e-03,3.417110345410674377e+00,2.212688628120623377e-02,9.997551148689082234e-01,-3.334620739136380410e-04,3.936812403083211898e-02,4.063034143991044872e-03,2.436166752105095134e-04,9.999917161679192645e-01,3.633911751384823891e-02,0.000000000000000000e+00,0.000000000000000000e+00,0.000000000000000000e+00,1.000000000000000056e-01
9.996154319266961075e-01,-2.738463993706948679e-02,-4.366892433058537637e-03,4.159164045292797596e+00,2.739071546541953922e-02,9.996239090768885838e-01,1.337575468056959645e-03,6.777310078640516600e-02,4.328621061870863845e-03,-1.456673387338310206e-03,9.999895705167856086e-01,4.717850297665584364e-02,0.000000000000000000e+00,0.000000000000000000e+00,0.000000000000000000e+00,1.000000000000000056e-01
9.994665065286189032e-01,-3.231783757948833435e-02,-4.718018828268328961e-03,4.927043491865343405e+00,3.233390472972359764e-02,9.994714416200584095e-01,3.369865108775715965e-03,1.001039808462125119e-01,4.606618326629727429e-03,-3.520619279047019438e-03,9.999831920124881979e-01,5.712892677498786209e-02,0.000000000000000000e+00,0.000000000000000000e+00,0.000000000000000000e+00,1.000000000000000056e-01
9.993098259759456425e-01,-3.687824036367087777e-02,-4.457252023900068645e-03,5.697602359146103801e+00,3.689563732928230477e-02,9.993115686720553947e-01,3.885957316024843226e-03,1.416019066004668425e-01,4.310876244026941827e-03,-4.047728483385765012e-03,9.999825159672209862e-01,6.518316990196411365e-02,0.000000000000000000e+00,0.000000000000000000e+00,0.000000000000000000e+00,1.000000000000000056e-01
9.991995594468622288e-01,-3.995548785306939077e-02,-1.949202816435098920e-03,6.491116834817591830e+00,3.996363260160112896e-02,9.991917283082165646e-01,4.335683305243822304e-03,1.838436427658087513e-01,1.774392989339604668e-03,-4.410110073722761474e-03,9.999887011654966518e-01,7.642955544760009212e-02,0.000000000000000000e+00,0.000000000000000000e+00,0.000000000000000000e+00,1.000000000000000056e-01
9.990593746817695298e-01,-4.336239055820477473e-02,-2.625748453508413129e-04,7.288510293200657131e+00,4.336288337158104855e-02,9.990567024503341775e-01,2.316383985246553163e-03,2.203166326372477668e-01,1.618832120915861370e-04,-2.325591138218545666e-03,9.999972827061498482e-01,8.322175197517356349e-02,0.000000000000000000e+00,0.000000000000000000e+00,0.000000000000000000e+00,1.000000000000000056e-01
9.989372812463914730e-01,-4.608767634350487835e-02,4.839683089433759666e-04,8.096949051018491161e+00,4.608621249299866413e-02,9.989338352061418735e-01,2.693306220769761759e-03,2.712199676969270223e-01,-6.075805443678225547e-04,-2.668139727413897707e-03,9.999962559311295074e-01,9.761757523207974241e-02,0.000000000000000000e+00,0.000000000000000000e+00,0.000000000000000000e+00,1.000000000000000056e-01
9.988153133490428326e-01,-4.866144147188104091e-02,-1.842100218810749411e-04,8.927478627453382387e+00,4.866169115050227728e-02,9.988137604530071822e-01,1.764013632547168980e-03,3.059407072570618502e-01,9.815205853237285536e-05,-1.770887800336187800e-03,9.999984271600490526e-01,1.010220348330273937e-01,0.000000000000000000e+00,0.000000000000000000e+00,0.000000000000000000e+00,1.000000000000000056e-01
9.987080347803418690e-01,-5.080613134140677528e-02,-9.991412849095935786e-04,9.700705137877788431e+00,5.080823854812913792e-02,9.987059804895885851e-01,2.210753257577132997e-03,3.768446200681692115e-01,8.855285562253563652e-04,-2.258661650006067983e-03,9.999970571390331964e-01,1.185981718195751183e-01,0.000000000000000000e+00,0.000000000000000000e+00,0.000000000000000000e+00,1.000000000000000056e-01
9.985772761645071993e-01,-5.330992083320915814e-02,-1.214853337015445829e-03,1.050317341318716124e+01,5.331031026875664852e-02,9.985779521207109877e-01,2.904435505104448851e-04,4.393923446984566161e-01,1.197642234719667595e-03,-3.547945378755963490e-04,9.999992198866524129e-01,1.271199573059788868e-01,0.000000000000000000e+00,0.000000000000000000e+00,0.000000000000000000e+00,1.000000000000000056e-01
9.984433255022263642e-01,-5.576527891438107926e-02,-1.076767224909237243e-03,1.131010764339929509e+01,5.576510577820131126e-02,9.984438976782874509e-01,-1.901750127585779410e-04,4.967426798256280862e-01,1.085696827559639883e-03,1.298329339705390096e-04,9.999994022027252072e-01,1.503987922742116012e-01,0.000000000000000000e+00,0.000000000000000000e+00,0.000000000000000000e+00,1.000000000000000056e-01
9.982863565389309413e-01,-5.848097442198357115e-02,-2.079898767167983383e-03,1.216418310323596685e+01,5.848155705707878266e-02,9.982884647845298165e-01,2.203686144179973572e-04,5.461405404906440886e-01,2.063451575880175578e-03,-3.416266996079573258e-04,9.999978127270039430e-01,1.549823361915786679e-01,0.000000000000000000e+00,0.000000000000000000e+00,0.000000000000000000e+00,1.000000000000000056e-01
9.981983455665346394e-01,-5.988598236759011539e-02,-3.705674581202318425e-03,1.304150689365905613e+01,5.989896077127632168e-02,9.981983218982724004e-01,3.496377839146855467e-03,6.073493358603928582e-01,3.489614126831656112e-03,-3.712044630882440320e-03,9.999870215747322932e-01,1.697996864115880744e-01,0.000000000000000000e+00,0.000000000000000000e+00,0.000000000000000000e+00,1.000000000000000056e-01
9.983671305814103558e-01,-5.697138756205966104e-02,-4.163360889317670351e-03,1.392821326805601245e+01,5.700084863269615221e-02,9.983471629080331589e-01,7.337953981430089465e-03,6.694900119048710074e-01,3.738426111823949828e-03,-7.563287164634077339e-03,9.999644097954045741e-01,1.876560718296940711e-01,0.000000000000000000e+00,0.000000000000000000e+00,0.000000000000000000e+00,1.000000000000000056e-01
9.975292476383911255e-01,-7.011467167227593278e-02,-4.396921909061648689e-03,1.488594355569718353e+01,7.013636885996323012e-02,9.975249250013400459e-01,4.991368971535281411e-03,7.611250951702752676e-01,4.036071000939087799e-03,-5.287420671723600495e-03,9.999778764120312857e-01,1.916730446300927704e-01,0.000000000000000000e+00,0.000000000000000000e+00,0.000000000000000000e+00,1.000000000000000056e-01
9.972748137379898736e-01,-7.370535309575824978e-02,-3.235244795574233629e-03,1.582627716863724210e+01,7.370877423153794628e-02,9.972793550348444391e-01,9.511164853756878899e-04,8.416877983763099147e-01,3.156340466720297059e-03,-1.186990444016910009e-03,9.999943142681082531e-01,1.891809086034027532e-01,0.000000000000000000e+00,0.000000000000000000e+00,0.000000000000000000e+00,1.000000000000000056e-01
9.970699749874709639e-01,-7.648103917643114813e-02,-1.454518812964819725e-03,1.673085352298693351e+01,7.648415877890415993e-02,9.970683119555441287e-01,2.225926774415136217e-03,9.258120327592187504e-01,1.280013424712503432e-03,-2.330652401127745934e-03,9.999964648062600325e-01,2.049285360260102162e-01,0.000000000000000000e+00,0.000000000000000000e+00,0.000000000000000000e+00,1.000000000000000056e-01
9.970266882154589227e-01,-7.704873057276664938e-02,-1.129647395990469047e-03,1.760297821937041007e+01,7.705062555041899963e-02,9.970256586438562829e-01,1.742730063354276529e-03,1.001474176828959450e+00,9.920122999102704616e-04,-1.824588422032098972e-03,9.999978433920180265e-01,2.214610918491907443e-01,0.000000000000000000e+00,0.000000000000000000e+00,0.000000000000000000e+00,1.000000000000000056e-01
9.969721168979900350e-01,-7.773669981457165257e-02,-1.898322912406686476e-03,1.850193490190688905e+01,7.773840432125689315e-02,9.969734364390504533e-01,8.411471307099667102e-04,1.074931684554926603e+00,1.827189515453191528e-03,-9.861728296235627769e-04,9.999978444184890458e-01,2.243076257923603822e-01,0.000000000000000000e+00,0.000000000000000000e+00,0.000000000000000000e+00,1.000000000000000056e-01
9.968039109882872451e-01,-7.988605030771239734e-02,-4.266200749311613240e-04,1.941986324763797711e+01,7.988605749394933619e-02,9.968040017064713210e-01,-1.965410034393461666e-07,1.150915697067598220e+00,4.252722987841844903e-04,-3.388508299312581809e-05,9.999999089976323585e-01,2.343125580010416986e-01,0.000000000000000000e+00,0.000000000000000000e+00,0.000000000000000000e+00,1.000000000000000056e-01
9.966388110701831504e-01,-8.191450963137002217e-02,1.045648346199999591e-03,2.034524174184817369e+01,8.191684477694609334e-02,9.966362057688616938e-01,-2.429792673637652667e-03,1.214397750873882575e+00,-8.430957249583290224e-04,2.507281894668207667e-03,9.999965013574293460e-01,2.503434442532097015e-01,0.000000000000000000e+00,0.000000000000000000e+00,0.000000000000000000e+00,1.000000000000000056e-01
9.966633868864925860e-01,-8.152071603766561370e-02,4.057843842723214342e-03,2.127860840542655296e+01,8.152759884103150112e-02,9.966698629663081066e-01,-1.560410823006304955e-03,1.304017896233639284e+00,-3.917124859061225928e-03,1.886030600760891032e-03,9.999905494660494831e-01,2.526774366481930878e-01,0.000000000000000000e+00,0.000000000000000000e+00,0.000000000000000000e+00,1.000000000000000056e-01
9.967822353787545442e-01,-7.981176038830763153e-02,7.433581710894174993e-03,2.224177175380803462e+01,7.982622786547406701e-02,9.968073961508772118e-01,-1.669827439471086505e-03,1.394176739266788312e+00,-7.276577361822317985e-03,2.257849115323230273e-03,9.999709763484487812e-01,2.643618710601296495e-01,0.000000000000000000e+00,0.000000000000000000e+00,0.000000000000000000e+00,1.000000000000000056e-01
9.969412500737441230e-01,-7.753712017651964716e-02,9.805044422762186976e-03,2.321439061336052490e+01,7.754892457179188292e-02,9.969882031271724010e-01,-8.289288331916008258e-04,1.471355571836404197e+00,-9.711240866074817221e-03,1.586763997548058195e-03,9.999515858184621075e-01,2.670824091725161331e-01,0.000000000000000000e+00,0.000000000000000000e+00,0.000000000000000000e+00,1.000000000000000056e-01
9.970950755420676659e-01,-7.544922007920795703e-02,1.043194704730111486e-02,2.413417347695206772e+01,7.547224327719084802e-02,9.971462225725723494e-01,-1.830656701421198200e-03,1.557000312278505882e+00,-1.026405497193840291e-02,2.612661227403844516e-03,9.999439100153787452e-01,2.645513162187220768e-01,0.000000000000000000e+00,0.000000000000000000e+00,0.000000000000000000e+00,1.000000000000000056e-01
9.971776443023632197e-01,-7.462104610048142517e-02,8.273160367073810473e-03,2.507454074647360542e+01,7.464196962880201291e-02,9.972078602400342717e-01,-2.249410017165056133e-03,1.633291678733971519e+00,-8.082207218482573285e-03,2.860586366840120812e-03,9.999632468106591787e-01,2.714960877056698529e-01,0.000000000000000000e+00,0.000000000000000000e+00,0.000000000000000000e+00,1.000000000000000056e-01
9.973973495277644874e-01,-7.192259015038927894e-02,5.066377507608692439e-03,2.600546804759582287e+01,7.194293909953776434e-02,9.974009060125630377e-01,-3.955527656144216565e-03,1.707957262701480516e+00,-4.768717721849191106e-03,4.309722888707171427e-03,9.999793425965918248e-01,2.727025383679088644e-01,0.000000000000000000e+00,0.000000000000000000e+00,0.000000000000000000e+00,1.000000000000000056e-01
9.974652505060856988e-01,-7.109160387248357471e-02,3.009633145347898487e-03,2.695864739726171067e+01,7.110372036378857785e-02,9.974603734521013676e-01,-4.130901018261708309e-03,1.778808717275236484e+00,-2.708317422285836957e-03,4.334426332560666235e-03,9.999869387972564194e-01,2.801048399368264441e-01,0.000000000000000000e+00,0.000000000000000000e+00,0.000000000000000000e+00,1.000000000000000056e-01
9.973802968303963068e-01,-7.218818459244619179e-02,4.627040064380459963e-03,2.792729722392758163e+01,7.221365210628447051e-02,9.973734880690675597e-01,-5.595868691635000509e-03,1.849713561348118596e+00,-4.210931486379625166e-03,5.915344638177849439e-03,9.999736380294375060e-01,2.877150426064358224e-01,0.000000000000000000e+00,0.000000000000000000e+00,0.000000000000000000e+00,1.000000000000000056e-01
9.975240208638761485e-01,-6.987426891650019845e-02,7.963312310200938021e-03,2.892193690163033537e+01,6.994927679366386153e-02,9.975046865703246501e-01,-9.565508155958626565e-03,1.919368042348503778e+00,-7.275058460836165281e-03,1.009885209431868498e-02,9.999225403553859692e-01,2.931094168638586073e-01,0.000000000000000000e+00,0.000000000000000000e+00,0.000000000000000000e+00,1.000000000000000056e-01
9.973764558888874587e-01,-7.134480609133626861e-02,1.225250514432913752e-02,2.986653588275009241e+01,7.149124599956487025e-02,9.973695092402815598e-01,-1.196092735658602253e-02,1.973111814417541243e+00,-1.136692499983539030e-02,1.280549419544037455e-02,9.998533954207780017e-01,2.988528030623165965e-01,0.000000000000000000e+00,0.000000000000000000e+00,0.000000000000000000e+00,1.000000000000000056e-01
9.974138203934237445e-01,-7.081700236764316980e-02,1.227285882980253852e-02,3.077263430110855680e+01,7.105082198676852812e-02,9.972762320139381131e-01,-1.979640763084147131e-02,2.019246231121222923e+00,-1.083750816376033606e-02,2.061720727312815749e-02,9.997287027894403710e-01,3.134957731872701769e-01,0.000000000000000000e+00,0.000000000000000000e+00,0.000000000000000000e+00,1.000000000000000056e-01
9.973912677760154999e-01,-7.157195903783357405e-02,9.386886791645636732e-03,3.171194835557218283e+01,7.176513990539447330e-02,9.971750282635236662e-01,-2.217493409234571125e-02,2.083825455095166035e+00,-7.773265627241709649e-03,2.279073687109282528e-02,9.997100372879933472e-01,3.094854165440067972e-01,0.000000000000000000e+00,0.000000000000000000e+00,0.000000000000000000e+00,1.000000000000000056e-01
9.974379705084617243e-01,-7.117760779676780836e-02,7.158431133323778922e-03,3.269092432572176676e+01,7.132570412525000847e-02,9.971841945415496067e-01,-2.315871515344099588e-02,2.166039400289552663e+00,-5.489892439595939200e-03,2.360996198324817261e-02,9.997061722206936896e-01,3.083456286238063226e-01,0.000000000000000000e+00,0.000000000000000000e+00,0.000000000000000000e+00,1.000000000000000056e-01
9.973983308125313751e-01,-7.184710679633045383e-02,5.879025206012347335e-03,3.365759670285937233e+01,7.196428395527700028e-02,9.971415915866133073e-01,-2.301712759924687615e-02,2.244621869705605288e+00,-4.208506526133113518e-03,2.338032448689358542e-02,9.997177846270951518e-01,3.068223454701835551e-01,0.000000000000000000e+00,0.000000000000000000e+00,0.000000000000000000e+00,1.000000000000000056e-01
9.975090166800235636e-01,-7.013258634789816537e-02,7.561876368147223137e-03,3.461265690272122697e+01,7.029550438019742387e-02,9.972371581410635066e-01,-2.401234029971165140e-02,2.301286621032003765e+00,-5.856936570100560596e-03,2.448409187391107494e-02,9.996830625448865915e-01,3.193828825295825791e-01,0.000000000000000000e+00,0.000000000000000000e+00,0.000000000000000000e+00,1.000000000000000056e-01
9.973402609734509650e-01,-7.222871560850828432e-02,9.768136104395358857e-03,3.559076986172307500e+01,7.243144862840657228e-02,9.971241166081569185e-01,-2.229756327478773711e-02,2.388324662930276343e+00,-8.129519727466104698e-03,2.294577782398963053e-02,9.997036571849944320e-01,3.149621883257205379e-01,0.000000000000000000e+00,0.000000000000000000e+00,0.000000000000000000e+00,1.000000000000000056e-01
9.973420893592498393e-01,-7.196358253680282258e-02,1.140173587638744490e-02,3.657197999752743556e+01,7.218901624037143971e-02,9.971745433953161930e-01,-2.077681252237641163e-02,2.466284037765543058e+00,-9.874346903644932311e-03,2.154466970764127437e-02,9.997191227942051617e-01,3.239120983887790461e-01,0.000000000000000000e+00,0.000000000000000000e+00,0.000000000000000000e+00,1.000000000000000056e-01
9.973905219546693735e-01,-7.107713566085595291e-02,1.265652010785232179e-02,3.757160109863642816e+01,7.132084187089261784e-02,9.972533916128151210e-01,-1.997524546943934415e-02,2.543945948970172566e+00,-1.120197437148128319e-02,2.082579417418466139e-02,9.997203619348739023e-01,3.196306296797918889e-01,0.000000000000000000e+00,0.000000000000000000e+00,0.000000000000000000e+00,1.000000000000000056e-01
9.972870189711392497e-01,-7.194979257541955775e-02,1.555085656845781733e-02,3.856318595902805413e+01,7.224513210167465838e-02,9.971992572365693253e-01,-1.934637574446386454e-02,2.612505639864943330e+00,-1.411533489755825710e-02,2.041736308117435283e-02,9.996918968389917337e-01,3.366147635444439179e-01,0.000000000000000000e+00,0.000000000000000000e+00,0.000000000000000000e+00,1.000000000000000056e-01
9.974476857443501654e-01,-6.940002751767131162e-02,1.678542176373666248e-02,3.957615857279252936e+01,6.970177449042223861e-02,9.974034028189173728e-01,-1.811393601984060200e-02,2.692137986685727569e+00,-1.548472912667138608e-02,1.923767724521383352e-02,9.996950209629347217e-01,3.330283017295075365e-01,0.000000000000000000e+00,0.000000000000000000e+00,0.000000000000000000e+00,1.000000000000000056e-01
9.974091376388787289e-01,-7.024253629723627157e-02,1.552411830023427662e-02,4.058576834823055179e+01,7.055256680753214937e-02,9.972990916136070805e-01,-2.041708068120658831e-02,2.773851827014088389e+00,-1.404804154809256335e-02,2.145944922885098527e-02,9.996710181692062269e-01,3.463802973265444063e-01,0.000000000000000000e+00,0.000000000000000000e+00,0.000000000000000000e+00,1.000000000000000056e-01
9.974623754350346871e-01,-6.992308553399617654e-02,1.340043659375777206e-02,4.159356568530412801e+01,7.014724864981081165e-02,9.973907689289769340e-01,-1.705923685648819826e-02,2.846658140692550187e+00,-1.217263728037114127e-02,1.795595067573996229e-02,9.997646776801883961e-01,3.617921093111827746e-01,0.000000000000000000e+00,0.000000000000000000e+00,0.000000000000000000e+00,1.000000000000000056e-01
9.975974468207403634e-01,-6.838233581464417399e-02,1.109911011177348167e-02,4.262632666571141016e+01,6.854377675669401371e-02,9.975371018961827208e-01,-1.488223802031195427e-02,2.920052445606597047e+00,-1.005409193654669894e-02,1.560725757774112342e-02,9.998276495207728543e-01,3.702469716606031636e-01,0.000000000000000000e+00,0.000000000000000000e+00,0.000000000000000000e+00,1.000000000000000056e-01
9.975805512399523733e-01,-6.862867081271377401e-02,1.109726679290775828e-02,4.367523735919598238e+01,6.882443161020389277e-02,9.974601524573046829e-01,-1.834235190434705537e-02,2.989629374693279829e+00,-9.810270196338767568e-03,1.906173660322438984e-02,9.997701779890937335e-01,3.792287786209030398e-01,0.000000000000000000e+00,0.000000000000000000e+00,0.000000000000000000e+00,1.000000000000000056e-01
9.975850757824050730e-01,-6.828457986956358583e-02,1.269774500650716446e-02,4.468837322439133430e+01,6.853375515917749239e-02,9.974412325756213393e-01,-2.034974107469389795e-02,3.075076827514462874e+00,-1.127568091048157355e-02,2.117082213950046213e-02,9.997122862653747832e-01,3.875858491372493608e-01,0.000000000000000000e+00,0.000000000000000000e+00,0.000000000000000000e+00,1.000000000000000056e-01
9.975787999895476821e-01,-6.826606014500333219e-02,1.327715495476291044e-02,4.567512808494266352e+01,6.853387169724689532e-02,9.974301309197822762e-01,-2.088641576554704088e-02,3.140031902373594974e+00,-1.181720108990702567e-02,2.174578040965137460e-02,9.996936904836281057e-01,3.892439238056239481e-01,0.000000000000000000e+00,0.000000000000000000e+00,0.000000000000000000e+00,1.000000000000000056e-01
9.970142585822250325e-01,-7.641566428425401736e-02,1.110019980596437840e-02,4.659096301689799446e+01,7.659270036901340284e-02,9.969257541733967942e-01,-1.651056982622115671e-02,3.196343945012916077e+00,-9.804408902054180183e-03,1.731146781183435374e-02,9.998020737367376842e-01,4.018071196257935185e-01,0.000000000000000000e+00,0.000000000000000000e+00,0.000000000000000000e+00,1.000000000000000056e-01
9.970434443962039595e-01,-7.647760474924286678e-02,7.452916098563433858e-03,4.754826675121727675e+01,7.658933621164851213e-02,9.969330481862552773e-01,-1.608014342972728314e-02,3.271875254863031657e+00,-6.200287510487439285e-03,1.660341548839036271e-02,9.998429291788321072e-01,3.975096619001075582e-01,0.000000000000000000e+00,0.000000000000000000e+00,0.000000000000000000e+00,1.000000000000000056e-01
9.971379117954104476e-01,-7.526368191465145074e-02,7.166801583589043831e-03,4.849497042513994671e+01,7.536919403160789732e-02,9.970303598115929367e-01,-1.580968706177818262e-02,3.363158291562055258e+00,-5.955623503396224178e-03,1.630459440205997423e-02,9.998493340249170469e-01,4.086970004950823965e-01,0.000000000000000000e+00,0.000000000000000000e+00,0.000000000000000000e+00,1.000000000000000056e-01
9.972538615308416121e-01,-7.349035334011615184e-02,9.159892344888603127e-03,4.946609481522080642e+01,7.363143232638456881e-02,9.971546591805819926e-01,-1.615542781923127308e-02,3.450293393747697834e+00,-7.946561230502170725e-03,1.678551877072080589e-02,9.998275343899104550e-01,4.144162300477254313e-01,0.000000000000000000e+00,0.000000000000000000e+00,0.000000000000000000e+00,1.000000000000000056e-01
9.972543940142278851e-01,-7.307852256408584046e-02,1.196675223966228024e-02,5.046504620664883589e+01,7.327686447713827045e-02,9.971655120763787128e-01,-1.707169171032750857e-02,3.540174753139173625e+00,-1.068525861709370556e-02,1.790170565347759882e-02,9.997826534717343394e-01,4.304004800215752713e-01,0.000000000000000000e+00,0.000000000000000000e+00,0.000000000000000000e+00,1.000000000000000056e-01
9.973583972924022767e-01,-7.155801984326613796e-02,1.247706481675020518e-02,5.140110199542902336e+01,7.179801232469083805e-02,9.972189871538367223e-01,-1.998342028031017611e-02,3.611934223754655449e+00,-1.101239195425764844e-02,2.082646047667964170e-02,9.997224543679406050e-01,4.406050498184806430e-01,0.000000000000000000e+00,0.000000000000000000e+00,0.000000000000000000e+00,1.000000000000000056e-01
9.974138850074195650e-01,-7.089560455819335361e-02,1.180488241086145168e-02,5.233903103042113258e+01,7.115705602354913117e-02,9.971897528162140256e-01,-2.343651544917644408e-02,3.681813968043802010e+00,-1.011016184180460117e-02,2.421590660426056751e-02,9.996556279513791887e-01,4.443259630770682866e-01,0.000000000000000000e+00,0.000000000000000000e+00,0.000000000000000000e+00,1.000000000000000056e-01
9.974225615764149566e-01,-7.087923261745765480e-02,1.115204205080694289e-02,5.332327532264195469e+01,7.115135845903095002e-02,9.971197117350624195e-01,-2.626337104829807451e-02,3.759268147895157952e+00,-9.258393369106991677e-03,2.698916176813247192e-02,9.995928507643881966e-01,4.584990992619545347e-01,0.000000000000000000e+00,0.000000000000000000e+00,0.000000000000000000e+00,1.000000000000000056e-01
9.973313650249040485e-01,-7.180849294774650782e-02,1.317910005026737968e-02,5.428777035695269149e+01,7.217161071751122814e-02,9.969549898698117918e-01,-2.952976092221884161e-02,3.838016781547619161e+00,-1.101848192817575858e-02,3.040211364785061834e-02,9.994770155144847568e-01,4.495413131475568536e-01,0.000000000000000000e+00,0.000000000000000000e+00,0.000000000000000000e+00,1.000000000000000056e-01
9.971812432919749947e-01,-7.301184856555710534e-02,1.728693135611911180e-02,5.524348206030857966e+01,7.353530280732116509e-02,9.967830394692297480e-01,-3.187681708576776962e-02,3.922155827406416773e+00,-1.490393463843030231e-02,3.305816382565836264e-02,9.993422989830708092e-01,4.563902131085645908e-01,0.000000000000000000e+00,0.000000000000000000e+00,0.000000000000000000e+00,1.000000000000000056e-01
9.970342394725952850e-01,-7.385632635496977572e-02,2.163257674553880489e-02,5.620129677047479078e+01,7.449084696320892873e-02,9.967654391666470604e-01,-3.016244356190255979e-02,3.990327697971967513e+00,-1.933491758470195360e-02,3.168441794114840171e-02,9.993108918758583092e-01,4.746922791206847347e-01,0.000000000000000000e+00,0.000000000000000000e+00,0.000000000000000000e+00,1.000000000000000056e-01
9.969051444109010562e-01,-7.504326658990059795e-02,2.342309088479978610e-02,5.716785496838805614e+01,7.566623010992754028e-02,9.967689340156509203e-01,-2.695020968850395798e-02,4.064440645639550986e+00,-2.132497756228546662e-02,2.863913966619711232e-02,9.993623191871645606e-01,4.630116587148914720e-01,0.000000000000000000e+00,0.000000000000000000e+00,0.000000000000000000e+00,1.000000000000000056e-01
9.967360937676358335e-01,-7.856552839549088563e-02,1.856386621294131567e-02,5.806612712173339474e+01,7.906784855763973607e-02,9.964736352987827450e-01,-2.808147928608063781e-02,4.143905851869978285e+00,-1.629216699217192477e-02,2.945762893319392450e-02,9.994332460911701244e-01,4.664797770216946859e-01,0.000000000000000000e+00,0.000000000000000000e+00,0.000000000000000000e+00,1.000000000000000056e-01
9.964723065117497836e-01,-8.295411141927433452e-02,1.271053711657848043e-02,5.898438943853129501e+01,8.327822096576861788e-02,9.961456886743040862e-01,-2.754096672909583932e-02,4.227353053321703413e+00,-1.037691032677443004e-02,2.850232155869351913e-02,9.995398628358125315e-01,4.648497834903934089e-01,0.000000000000000000e+00,0.000000000000000000e+00,0.000000000000000000e+00,1.000000000000000056e-01
9.965313415284163812e-01,-8.284428833154819372e-02,7.880941721271754810e-03,5.993800535711253730e+01,8.304343426745786072e-02,9.961040520079943450e-01,-2.967331458265646746e-02,4.307936456811852999e+00,-5.391973353159326861e-03,3.022484845444546944e-02,9.995285814619132569e-01,4.748488814156581750e-01,0.000000000000000000e+00,0.000000000000000000e+00,0.000000000000000000e+00,1.000000000000000056e-01
9.963975838221198478e-01,-8.441023640528254324e-02,8.171104175443470730e-03,6.084986790969219328e+01,8.460116983150402226e-02,9.960533819520257515e-01,-2.683844937906875935e-02,4.396014158882096901e+00,-5.873416091394387077e-03,2.743305108689398850e-02,9.996063878804902769e-01,4.775274256329796740e-01,0.000000000000000000e+00,0.000000000000000000e+00,0.000000000000000000e+00,1.000000000000000056e-01
9.963379939674918973e-01,-8.484509191842250220e-02,1.057885410564611724e-02,6.177903013029634138e+01,8.509592169688258434e-02,9.960312927725801790e-01,-2.608347998907992529e-02,4.490737261928571478e+00,-8.323814473673399675e-03,2.688817946862791589e-02,9.996037914681350500e-01,4.981625457784092936e-01,0.000000000000000000e+00,0.000000000000000000e+00,0.000000000000000000e+00,1.000000000000000056e-01
9.961696025531808774e-01,-8.687374164356391482e-02,9.953690867462188299e-03,6.267432838439690812e+01,8.710266124784478425e-02,9.958729304281409567e-01,-2.549966360582546152e-02,4.575979012918229394e+00,-7.697360104665122368e-03,2.626898272324928660e-02,9.996252753877848951e-01,5.131866563010640814e-01,0.000000000000000000e+00,0.000000000000000000e+00,0.000000000000000000e+00,1.000000000000000056e-01
9.959730825537941312e-01,-8.910630935229070515e-02,9.883545007085443868e-03,6.348858118500391612e+01,8.931741402841820998e-02,9.957259011246246683e-01,-2.350168889314703871e-02,4.656048473255506082e+00,-7.747152997671882813e-03,2.428982221359428026e-02,9.996749402467096646e-01,5.217808313304186374e-01,0.000000000000000000e+00,0.000000000000000000e+00,0.000000000000000000e+00,1.000000000000000056e-01
9.958109119586501246e-01,-9.084636323760686416e-02,1.037139868013857956e-02,6.430881530845350369e+01,9.106068053722521372e-02,9.955910527519655773e-01,-2.250351395516383621e-02,4.737513491685207967e+00,-8.281309327576145615e-03,2.335367137590220812e-02,9.996929658395558027e-01,5.310382913422793116e-01,0.000000000000000000e+00,0.000000000000000000e+00,0.000000000000000000e+00,1.000000000000000056e-01
9.957460460822692427e-01,-9.164888331034433400e-02,9.502310218796916272e-03,6.510410267941236384e+01,9.185100800048907888e-02,9.954924247249447022e-01,-2.362677812450081349e-02,4.815122430800999886e+00,-7.294110008866991693e-03,2.439906767106458235e-02,9.996756881388890736e-01,5.341567901242821881e-01,0.000000000000000000e+00,0.000000000000000000e+00,0.000000000000000000e+00,1.000000000000000056e-01
9.957509101309099941e-01,-9.159151508007848386e-02,9.545645017497168816e-03,6.590689856863946261e+01,9.180911562789811908e-02,9.954471528228614474e-01,-2.561351644116605444e-02,4.892853294108742368e+00,-7.156204377150390990e-03,2.638105953509839105e-02,9.996263444091086914e-01,5.431630657104030702e-01,0.000000000000000000e+00,0.000000000000000000e+00,0.000000000000000000e+00,1.000000000000000056e-01
9.956207189883772291e-01,-9.283928196442360614e-02,1.096593112312262835e-02,6.666330797788840812e+01,9.309645797702227610e-02,9.953203672475460229e-01,-2.589239375458961268e-02,4.967168910948643656e+00,-8.510783348161483214e-03,2.679989303225738251e-02,9.996045879747952334e-01,5.555869900015211194e-01,0.000000000000000000e+00,0.000000000000000000e+00,0.000000000000000000e+00,1.000000000000000056e-01
9.953135872177698573e-01,-9.572608608320448687e-02,1.368866475905116536e-02,6.745993710017002343e+01,9.604155259862723337e-02,9.950727492366293614e-01,-2.462202065430906667e-02,5.059069014297234546e+00,-1.126424760647077791e-02,2.582131231845176400e-02,9.996031095169788383e-01,5.636600274092564700e-01,0.000000000000000000e+00,0.000000000000000000e+00,0.000000000000000000e+00,1.000000000000000056e-01
9.952077052911089128e-01,-9.638319788970725610e-02,1.648946614535408070e-02,6.820129188446784951e+01,9.675306778183306866e-02,9.950348714314122267e-01,-2.333342045815105237e-02,5.137805923464167535e+00,-1.415864414445330496e-02,2.481700626639680995e-02,9.995917411603421066e-01,5.711676600524158154e-01,0.000000000000000000e+00,0.000000000000000000e+00,0.000000000000000000e+00,1.000000000000000056e-01
9.949789159387507631e-01,-9.846881842791853356e-02,1.791224817710063838e-02,6.892884960697237773e+01,9.883470097383649511e-02,9.948856977490877496e-01,-2.083627360453841823e-02,5.211327564729787198e+00,-1.576891628364986836e-02,2.250200461559973344e-02,9.996224292539251932e-01,5.769972359623924962e-01,0.000000000000000000e+00,0.000000000000000000e+00,0.000000000000000000e+00,1.000000000000000056e-01
9.950953729766673916e-01,-9.778615344133176346e-02,1.493542351510564886e-02,6.959659090245848745e+01,9.806906681562596595e-02,9.949874442614735637e-01,-1.955617283451196314e-02,5.291977697365987332e+00,-1.294823595473689262e-02,2.092496014737742216e-02,9.996971987699531104e-01,5.895935538413835664e-01,0.000000000000000000e+00,0.000000000000000000e+00,0.000000000000000000e+00,1.000000000000000056e-01
9.950830542159709857e-01,-9.859976758099693595e-02,9.370221192072281449e-03,7.028737792043420995e+01,9.876318939822929799e-02,9.949302788348312054e-01,-1.896240168160625780e-02,5.366691100881620713e+00,-7.453028384788637148e-03,1.979459751089875444e-02,9.997762881151348591e-01,5.917489014128882729e-01,0.000000000000000000e+00,0.000000000000000000e+00,0.000000000000000000e+00,1.000000000000000056e-01
9.952326645503439817e-01,-9.748199072808780286e-02,3.033957104417404731e-03,7.101755958732354657e+01,9.752493810034346122e-02,9.949981654480043458e-01,-2.162260862222771876e-02,5.428721174026763130e+00,-9.109668197141828488e-04,2.181541287243634122e-02,9.997616005331764200e-01,6.096266507975248716e-01,0.000000000000000000e+00,0.000000000000000000e+00,0.000000000000000000e+00,1.000000000000000056e-01
9.951000580627811232e-01,-9.887284848121086211e-02,1.851395723841308327e-04,7.171548168056753525e+01,9.885687077540275536e-02,9.949019189864375390e-01,-1.993716874582020585e-02,5.504311646299568039e+00,1.787048948704513234e-03,1.985778009535573915e-02,9.998012177556794278e-01,6.098192682498715378e-01,0.000000000000000000e+00,0.000000000000000000e+00,0.000000000000000000e+00,1.000000000000000056e-01
9.950632703598842888e-01,-9.920133149227063074e-02,2.860736068311513572e-03,7.237428109638389628e+01,9.923807356951878933e-02,9.948791331219846157e-01,-1.916546980011600565e-02,5.578395263535201209e+00,-9.448464968861442631e-04,1.935474899369710178e-02,9.998122328499928768e-01,6.218627596356880449e-01,0.000000000000000000e+00,0.000000000000000000e+00,0.000000000000000000e+00,1.000000000000000056e-01
9.949383860153631076e-01,-1.002889989505406226e-01,6.302755162840905853e-03,7.297744374339184503e+01,1.003985613244326586e-01,9.947356473640089902e-01,-2.052122674914989148e-02,5.644671921582257390e+00,-4.211521949176098151e-03,2.105014377158385963e-02,9.997695507115963443e-01,6.372424207881666192e-01,0.000000000000000000e+00,0.000000000000000000e+00,0.000000000000000000e+00,1.000000000000000056e-01
9.949208405346450235e-01,-1.005996967253454388e-01,3.496010383846149226e-03,7.356692389546070387e+01,1.006523797358707117e-01,9.946802296655514741e-01,-2.191664130271703259e-02,5.696804596762730988e+00,-1.272604943225727004e-03,2.215720495131097423e-02,9.997536890381570895e-01,6.568541676382010364e-01,0.000000000000000000e+00,0.000000000000000000e+00,0.000000000000000000e+00,1.000000000000000056e-01
9.949052826831086271e-01,-1.008140480129852273e-01,7.881928256509560839e-05,7.420684838280197937e+01,1.007734321437138564e-01,9.944816492246900674e-01,-2.917129975364213604e-02,5.747683430162741303e+00,2.862492483848818117e-03,2.903062311725421521e-02,9.995744239716239932e-01,6.729716856722534057e-01,0.000000000000000000e+00,0.000000000000000000e+00,0.000000000000000000e+00,1.000000000000000056e-01
9.950412762797382626e-01,-9.941927444707088224e-02,-2.943869563606696903e-03,7.483008600607502103e+01,9.926897534063086614e-02,9.945137433117567927e-01,-3.298613191719269172e-02,5.817358989283676785e+00,6.207176041546707927e-03,3.253032788729951635e-02,9.994514739261401992e-01,6.990603737591617461e-01,0.000000000000000000e+00,0.000000000000000000e+00,0.000000000000000000e+00,1.000000000000000056e-01
9.954655975413451152e-01,-9.509242359540458212e-02,-2.382243985143904421e-03,7.543542932807032741e+01,9.497681846785065163e-02,9.950161734830610394e-01,-3.036805000081415837e-02,5.870319206039344095e+00,5.258142768844772941e-03,3.000409108570277136e-02,9.995359455531067638e-01,7.118202173397312205e-01,0.000000000000000000e+00,0.000000000000000000e+00,0.000000000000000000e+00,1.000000000000000056e-01
9.959309287436324265e-01,-9.011983293351756574e-02,-2.973012892191432416e-05,7.600018431515425732e+01,9.008956407372938069e-02,9.956048638607705170e-01,-2.558955845226824552e-02,5.948504688886578684e+00,2.335726193518761554e-03,2.548275434115255048e-02,9.996725331899127820e-01,7.152951753169359828e-01,0.000000000000000000e+00,0.000000000000000000e+00,0.000000000000000000e+00,1.000000000000000056e-01
9.965264905832381670e-01,-8.323340018908957638e-02,2.674819399160868576e-03,7.655863769939020358e+01,8.327529093813702821e-02,9.961628250704104293e-01,-2.692307313267790561e-02,5.987367207231672595e+00,-4.236567288489229578e-04,2.705230194829547422e-02,9.996339297334171370e-01,7.292590502402033215e-01,0.000000000000000000e+00,0.000000000000000000e+00,0.000000000000000000e+00,1.000000000000000056e-01
9.970767694752599164e-01,-7.608732901826939510e-02,6.973817867206788361e-03,7.713555790668118561e+01,7.627117051071430343e-02,9.965844796568166242e-01,-3.165570179410970297e-02,6.015591288851256380e+00,-4.541400852699041708e-03,3.209506613200348302e-02,9.994745031306588867e-01,7.414589620049785168e-01,0.000000000000000000e+00,0.000000000000000000e+00,0.000000000000000000e+00,1.000000000000000056e-01
9.977471123827035271e-01,-6.643917287798016547e-02,9.302474900079035422e-03,7.768350943751342186e+01,6.672731683855064044e-02,9.971516258387981280e-01,-3.515821773880593859e-02,6.036111127267190568e+00,-6.940095064508223707e-03,3.569973941545620533e-02,9.993384630274990688e-01,7.561655759775641750e-01,0.000000000000000000e+00,0.000000000000000000e+00,0.000000000000000000e+00,1.000000000000000056e-01
9.983791909220810501e-01,-5.621909765834931516e-02,8.854614178601167077e-03,7.817990851244607597e+01,5.648377868045596772e-02,9.978515876855816868e-01,-3.319324779742289372e-02,6.074336760206382024e+00,-6.969496376939331682e-03,3.363958994763215776e-02,9.994097278435941645e-01,7.640771988077632582e-01,0.000000000000000000e+00,0.000000000000000000e+00,0.000000000000000000e+00,1.000000000000000056e-01
9.991494630199382332e-01,-4.043128340408460447e-02,8.103201174077949084e-03,7.867176686534550356e+01,4.064496175770346970e-02,9.987752137108242279e-01,-2.821452747455315338e-02,6.115175531658572083e+00,-6.952526927945514371e-03,2.851988427739645185e-02,9.995690464245680085e-01,7.612071337942717397e-01,0.000000000000000000e+00,0.000000000000000000e+00,0.000000000000000000e+00,1.000000000000000056e-01
9.996682495761403109e-01,-2.425613202190549794e-02,8.662034905933202467e-03,7.915179170495088101e+01,2.444532234164967927e-02,9.994491111125338723e-01,-2.244772843694544870e-02,6.131076130433314120e+00,-8.112768022602249302e-03,2.265202762893196373e-02,9.997104924123331182e-01,7.651262258529055726e-01,0.000000000000000000e+00,0.000000000000000000e+00,0.000000000000000000e+00,1.000000000000000056e-01
9.999585992241580845e-01,1.629441253108312440e-03,8.952360519012263207e-03,7.964586863741435252e+01,-1.420162612456468123e-03,9.997267222731790470e-01,-2.333375047179533923e-02,6.144134807977714274e+00,-8.987935013888424113e-03,2.332007062872017145e-02,9.996876468827938789e-01,7.685307727405422673e-01,0.000000000000000000e+00,0.000000000000000000e+00,0.000000000000000000e+00,1.000000000000000056e-01
9.995943332487902122e-01,2.619428761478278730e-02,1.118160244600560800e-02,8.014342910472903725e+01,-2.591494541573452839e-02,9.993654479617671837e-01,-2.443597807078458015e-02,6.135955961401414527e+00,-1.181459017511744293e-02,2.413629458989929519e-02,9.996388621609624270e-01,7.834423762385905876e-01,0.000000000000000000e+00,0.000000000000000000e+00,0.000000000000000000e+00,1.000000000000000056e-01
9.985137325095330141e-01,5.292516735848998288e-02,1.300971367696500403e-02,8.062612603209697681e+01,-5.262027153042281302e-02,9.983552708986144220e-01,-2.275653956599856670e-02,6.115380456482588656e+00,-1.419270988731037922e-02,2.203814259483114629e-02,9.996563845927382008e-01,7.873936659121650861e-01,0.000000000000000000e+00,0.000000000000000000e+00,0.000000000000000000e+00,1.000000000000000056e-01
9.964157129650719202e-01,8.344266893952101416e-02,1.389416987649168440e-02,8.111964052396439229e+01,-8.312873449204211118e-02,9.962999398572169873e-01,-2.181841750121784815e-02,6.073781378181806190e+00,-1.566334760065299370e-02,2.058520927159538175e-02,9.996653983714679503e-01,7.856281303601628796e-01,0.000000000000000000e+00,0.000000000000000000e+00,0.000000000000000000e+00,1.000000000000000056e-01
