1.000000000000000000e+00,-1.579967319398224376e-09,-5.154492171286727731e-11,1.182490309835075025e-16,1.579967319397896812e-09,1.000000000000000000e+00,-6.353482621543305122e-12,3.234148236168287053e-15,5.154492172290556641e-11,6.353482540104013395e-12,1.000000000000000000e+00,1.039119502689249903e-16,0.000000000000000000e+00,0.000000000000000000e+00,0.000000000000000000e+00,1.000000000000000056e-01
9.999819751274673374e-01,-5.929664783797722327e-03,-9.426005097606735949e-04,6.406067408956170883e-01,5.928137681357163388e-03,9.999811247591282592e-01,-1.614716414619081020e-03,7.008143239872297904e-03,9.521574450085928260e-04,1.609099443961152466e-03,9.999982520960620791e-01,8.286499770005671325e-03,0.000000000000000000e+00,0.000000000000000000e+00,0.000000000000000000e+00,1.000000000000000056e-01
9.999348583789602340e-01,-1.132786572981430047e-02,-1.399448697176987550e-03,1.303325142728785302e+00,1.132851124445771566e-02,9.999357272018231102e-01,4.542007764147331056e-04,1.597281844371055068e-02,1.394213625283711360e-03,-4.700248593418910876e-04,9.999989176219136189e-01,1.336339856504869562e-02,0.000000000000000000e+00,0.000000000000000000e+00,0.000000000000000000e+00,1.000000000000000056e-01
9.998126922291099561e-01,-1.923928586219836312e-02,-2.104836595004027939e-03,2.028866481589753690e+00,1.924346752408356148e-02,9.998128572290188032e-01,1.984811627150858543e-03,2.294863288670584076e-02,2.066256331773805733e-03,-2.024944211168802806e-03,9.999958150840997373e-01,1.892667510448278051e-02,0.000000000000000000e+00,0.000000000000000000e+00,0.000000000000000000e+00,1.000000000000000056e-01
9.996284664970913614e-01,-2.720860463806946961e-02,-1.618889224957339740e-03,2.746039006904286151e+00,2.721491746265407297e-02,9.996215449767407168e-01,4.014359950823685741e-03,4.254481465775163118e-02,1.509051415421192640e-03,-4.056926418247614255e-03,9.999906320120516279e-01,2.499279514857530998e-02,0.000000000000000000e+00,0.000000000000000000e+00,0.000000000000000000e+00,1.000000000000000056e-01
9.994338603234503848e-01,-3.359202780493659307e-02,-1.880028435504176075e-03,3.443721195170893701e+00,3.359588135502297040e-02,9.994333819867039503e-01,2.057116087725759709e-03,5.952932443029716053e-02,1.809860476710244354e-03,-2.119112684952497317e-03,9.999961168757023344e-01,3.093085994818514650e-02,0.000000000000000000e+00,0.000000000000000000e+00,0.000000000000000000e+00,1.000000000000000056e-01
9.991171469219628509e-01,-4.196921394978865572e-02,-1.873981577762756949e-03,4.181947619265308447e+00,4.197668918109195846e-02,9.991099891484662709e-01,4.145738673103466568e-03,9.729136105950662861e-02,1.698320320471581471e-03,-4.220742137176018358e-03,9.999896504683938314e-01,4.489935365190597660e-02,0.000000000000000000e+00,0.000000000000000000e+00,0.000000000000000000e+00,1.000000000000000056e-01
9.988728134871923681e-01,-4.738251324033037476e-02,-2.828412135917317966e-03,4.952210563794772646e+00,4.739941005568783922e-02,9.988565247831782123e-01,6.240098111791096691e-03,1.374066440007320755e-01,2.529506385334036322e-03,-6.367129423997718030e-03,9.999765303547601958e-01,5.314434480159701407e-02,0.000000000000000000e+00,0.000000000000000000e+00,0.000000000000000000e+00,1.000000000000000056e-01
9.985156961965834244e-01,-5.444040196131755271e-02,-1.626985968745818436e-03,5.737741072461440162e+00,5.444911021129071604e-02,9.984991215453323798e-01,5.899039786116624939e-03,1.902558410267576605e-01,1.303397963417287763e-03,-5.978871757250051044e-03,9.999812769478533259e-01,5.596883384818478885e-02,0.000000000000000000e+00,0.000000000000000000e+00,0.000000000000000000e+00,1.000000000000000056e-01
9.980512473157835407e-01,-6.236612801300777525e-02,2.042989983755187818e-03,6.546149524157191202e+00,6.235598463615899673e-02,9.980429028422740378e-01,4.700560203023706682e-03,2.399250678167426931e-01,-2.332147393219343931e-03,-4.564007321671878503e-03,9.999868653765928705e-01,5.831216879216014753e-02,0.000000000000000000e+00,0.000000000000000000e+00,0.000000000000000000e+00,1.000000000000000056e-01
9.978507838189720758e-01,-6.541571250134720072e-02,3.820705406608589441e-03,7.370369991305118162e+00,6.539339981100408816e-02,9.978432864861590534e-01,5.699024097093366784e-03,3.078300450819685397e-01,-4.185270961499461262e-03,-5.436926746073406091e-03,9.999764613902352162e-01,6.843063373243202241e-02,0.000000000000000000e+00,0.000000000000000000e+00,0.000000000000000000e+00,1.000000000000000056e-01
9.975155641498162362e-01,-7.036816666237094564e-02,3.319698698769977478e-03,8.187165465035882050e+00,7.034889052052831215e-02,9.975067041129695999e-01,5.604360107203007826e-03,3.687052954028065543e-01,-3.705790253717758647e-03,-5.356899313714424266e-03,9.999787851491341861e-01,7.361548699201539425e-02,0.000000000000000000e+00,0.000000000000000000e+00,0.000000000000000000e+00,1.000000000000000056e-01
9.972282306437734167e-01,-7.431479670375655544e-02,3.628635827479291965e-03,9.020020095279170036e+00,7.429206794719504792e-02,9.972182256044622717e-01,6.041453667554837377e-03,4.431139046264101489e-01,-4.067511182343181569e-03,-5.755129291961328698e-03,9.999751666114585769e-01,7.770120784256008550e-02,0.000000000000000000e+00,0.000000000000000000e+00,0.000000000000000000e+00,1.000000000000000056e-01
9.970263665305358902e-01,-7.693020799445336733e-02,4.490828525753004161e-03,9.801007426452107651e+00,7.690984532806553753e-02,9.970276983614624333e-01,4.543609980809082925e-03,5.266882822914091822e-01,-4.827021289636834397e-03,-4.184710022787430268e-03,9.999795938255413574e-01,8.857282600923203908e-02,0.000000000000000000e+00,0.000000000000000000e+00,0.000000000000000000e+00,1.000000000000000056e-01
9.967747307665841827e-01,-8.010033746623469730e-02,4.906326833679656475e-03,1.057665176480649372e+01,8.007340510854692173e-02,9.967740159530824595e-01,5.459937278645284574e-03,5.630588779263843158e-01,-5.327841920149204054e-03,-5.049461214775925223e-03,9.999730581580257294e-01,9.198505624959478488e-02,0.000000000000000000e+00,0.000000000000000000e+00,0.000000000000000000e+00,1.000000000000000056e-01
9.965435176385453175e-01,-8.287652675214078613e-02,5.700768903933813372e-03,1.137751976407314558e+01,8.285358106708899661e-02,9.965530891588059159e-01,4.150252088758051364e-03,6.447488390895980137e-01,-6.025077340057787695e-03,-3.663577697090848045e-03,9.999751380116925770e-01,1.063511090139925563e-01,0.000000000000000000e+00,0.000000000000000000e+00,0.000000000000000000e+00,1.000000000000000056e-01
9.962541657896279990e-01,-8.634307680206021463e-02,4.744495248815027225e-03,1.223609982850615374e+01,8.631030922964141872e-02,9.962456060873937647e-01,6.724795331095324326e-03,7.259893541111052118e-01,-5.307322064485387250e-03,-6.290106510622567836e-03,9.999661328728032261e-01,9.996478934928065829e-02,0.000000000000000000e+00,0.000000000000000000e+00,0.000000000000000000e+00,1.000000000000000056e-01
9.959968311007725283e-01,-8.935569510256816117e-02,2.423260191568004946e-03,1.311194507620596816e+01,8.934061477165161635e-02,9.959845587777053089e-01,5.745713933270227974e-03,8.283901170022573979e-01,-2.926941995070309315e-03,-5.506217314682346903e-03,9.999805571017073014e-01,1.001452471833692154e-01,0.000000000000000000e+00,0.000000000000000000e+00,0.000000000000000000e+00,1.000000000000000056e-01
9.962815023942120929e-01,-8.615765093843059941e-02,-1.648390217339998928e-04,1.398570986894382351e+01,8.615533838320980908e-02,9.962366268102732514e-01,9.478452920336409571e-03,9.203603327729833472e-01,-6.524225671677070550e-04,-9.457409077541816672e-03,9.999550648695839650e-01,1.087925535163491580e-01,0.000000000000000000e+00,0.000000000000000000e+00,0.000000000000000000e+00,1.000000000000000056e-01
9.947720300735208854e-01,-1.021190369958740601e-01,5.571951555948295763e-04,1.494023093723714446e+01,1.021084040178555224e-01,9.947230140996069503e-01,9.999952475861537127e-03,1.041381162300607954e+00,-1.575440361454475292e-03,-9.890778716987243258e-03,9.999498439842066100e-01,1.105106211512934533e-01,0.000000000000000000e+00,0.000000000000000000e+00,0.000000000000000000e+00,1.000000000000000056e-01
9.940303070719758161e-01,-1.090837686724234618e-01,2.116609225775992718e-03,1.591542308076043533e+01,1.090581823164427505e-01,9.939871416167993523e-01,9.791586709946327113e-03,1.169486912919700305e+00,-3.171985533852587566e-03,-9.502300389172482417e-03,9.999498211385844382e-01,1.181433759495352370e-01,0.000000000000000000e+00,0.000000000000000000e+00,0.000000000000000000e+00,1.000000000000000056e-01
9.937386474186341578e-01,-1.116873501389569479e-01,3.071879802577760776e-03,1.683923114021662570e+01,1.116534194549332615e-01,9.937008249774117452e-01,9.601268834480078396e-03,1.284520219182337719e+00,-4.124869768147801201e-03,-9.198166020966565964e-03,9.999491883047091356e-01,1.252236051818994278e-01,0.000000000000000000e+00,0.000000000000000000e+00,0.000000000000000000e+00,1.000000000000000056e-01
9.933643194494210515e-01,-1.149705799598361861e-01,3.015723542945270876e-03,1.772813905879151619e+01,1.149407938127458145e-01,9.933344760889282199e-01,8.673668821803814932e-03,1.382114022600304803e+00,-3.992838900382920421e-03,-8.269483468354894146e-03,9.999578355514207040e-01,1.350164427584302773e-01,0.000000000000000000e+00,0.000000000000000000e+00,0.000000000000000000e+00,1.000000000000000056e-01
9.930195702572436334e-01,-1.179096005804260855e-01,3.075577520343471781e-03,1.863842096724866337e+01,1.178787838556103335e-01,9.929891454653806404e-01,8.783467689661440467e-03,1.491520292529288083e+00,-4.089670260737456042e-03,-8.359609972804245628e-03,9.999566948214613227e-01,1.409156167303581564e-01,0.000000000000000000e+00,0.000000000000000000e+00,0.000000000000000000e+00,1.000000000000000056e-01
9.925225690211806340e-01,-1.220360616098724316e-01,2.479848855710905554e-03,1.956350616243979346e+01,1.220187641467272432e-01,9.925082986731807999e-01,6.220792632255067907e-03,1.600961909422926155e+00,-3.220431601680385364e-03,-5.871688992069312892e-03,9.999775757929171283e-01,1.516539422639589241e-01,0.000000000000000000e+00,0.000000000000000000e+00,0.000000000000000000e+00,1.000000000000000056e-01
9.922858019371750826e-01,-1.238934491916077463e-01,4.393235857989746633e-03,2.048723075987457065e+01,1.238738359969196179e-01,9.922878302556068508e-01,4.487168598147949286e-03,1.719338265546242139e+00,-4.915285272054595138e-03,-3.908346712672138359e-03,9.999802822039381978e-01,1.651724642675432564e-01,0.000000000000000000e+00,0.000000000000000000e+00,0.000000000000000000e+00,1.000000000000000056e-01
9.924443765266897088e-01,-1.225668740300237397e-01,5.614346895097657546e-03,2.140867394116340350e+01,1.225422299916460595e-01,9.924529045237305835e-01,4.542485122202592415e-03,1.840762498345646314e+00,-6.128733084799720988e-03,-3.820169226514175034e-03,9.999739221289003499e-01,1.667458001965213543e-01,0.000000000000000000e+00,0.000000000000000000e+00,0.000000000000000000e+00,1.000000000000000056e-01
9.923601254583629405e-01,-1.229688462930891152e-01,1.000221183583062737e-02,2.236160406837969816e+01,1.229505685239878493e-01,9.924098343427578683e-01,2.424541071618008074e-03,1.964331125562063241e+00,-1.022443640942492099e-02,-1.176240250297064163e-03,9.999470372769665438e-01,1.714811872906770174e-01,0.000000000000000000e+00,0.000000000000000000e+00,0.000000000000000000e+00,1.000000000000000056e-01
9.926068691604192917e-01,-1.206890516881341108e-01,1.287463002066847884e-02,2.332421002107443897e+01,1.206608813711526479e-01,9.926894150361593727e-01,2.945671723783522232e-03,2.092680446672169570e+00,-1.313601927095235308e-02,-1.370429781697777303e-03,9.999127796562691239e-01,1.709752711078737497e-01,0.000000000000000000e+00,0.000000000000000000e+00,0.000000000000000000e+00,1.000000000000000056e-01
9.928913921567457113e-01,-1.182887308680905525e-01,1.320831293753179508e-02,2.424226827633953718e+01,1.182874482574371167e-01,9.929790044881403599e-01,8.810394348907830183e-04,2.196536047216175458e+00,-1.321979446827611579e-02,6.876011621126268489e-04,9.999123782806463856e-01,1.676082492071913344e-01,0.000000000000000000e+00,0.000000000000000000e+00,0.000000000000000000e+00,1.000000000000000056e-01
9.929173716813286532e-01,-1.182120112141150370e-01,1.187490707989311695e-02,2.519322456579035574e+01,1.182177127297593111e-01,9.929876749554089610e-01,2.231223771283348772e-04,2.307323442177030781e+00,-1.181801211652180536e-02,1.182282269601833040e-03,9.999294659115955941e-01,1.645073781666857859e-01,0.000000000000000000e+00,0.000000000000000000e+00,0.000000000000000000e+00,1.000000000000000056e-01
9.931036199830318711e-01,-1.169897833696648820e-01,7.654447316216392468e-03,2.613274030104958712e+01,1.169937012241194924e-01,9.931326546375700559e-01,-6.454776895016724322e-05,2.428307549200559912e+00,-7.594330153430933587e-03,9.596247453554230655e-04,9.999707022057540140e-01,1.606218365993324904e-01,0.000000000000000000e+00,0.000000000000000000e+00,0.000000000000000000e+00,1.000000000000000056e-01
9.930148444329779389e-01,-1.177998346152906300e-01,6.687129455807199266e-03,2.707204944692450965e+01,1.178118139307909457e-01,9.930349163119240874e-01,-1.425301268757525478e-03,2.542561410610897354e+00,-6.472652785777903428e-03,2.203168168844049559e-03,9.999766251347751433e-01,1.622569398914522898e-01,0.000000000000000000e+00,0.000000000000000000e+00,0.000000000000000000e+00,1.000000000000000056e-01
9.930921450826022401e-01,-1.170917116144039039e-01,7.584355374384494849e-03,2.802475569107597408e+01,1.171153292729247009e-01,9.931145218605933467e-01,-2.747020003469537782e-03,2.655841754782820807e+00,-7.210480187207424924e-03,3.616288264824297095e-03,9.999674651880707810e-01,1.644880886581048807e-01,0.000000000000000000e+00,0.000000000000000000e+00,0.000000000000000000e+00,1.000000000000000056e-01
9.930223078861663000e-01,-1.174573918718078425e-01,1.050985894788603742e-02,2.903039116316119106e+01,1.175220245718709977e-01,9.930535877041674064e-01,-5.757229230290651992e-03,2.775355315550341206e+00,-9.760624004664899406e-03,6.952196958813281272e-03,9.999281960103362232e-01,1.691945336562908353e-01,0.000000000000000000e+00,0.000000000000000000e+00,0.000000000000000000e+00,1.000000000000000056e-01
9.930893875413229210e-01,-1.164144018343437059e-01,1.487129444103963555e-02,2.998380211164523601e+01,1.165487817008331595e-01,9.931485006512869029e-01,-8.511001007657488168e-03,2.883637912874018383e+00,-1.377860068554438711e-02,1.018541602747569975e-02,9.998531929555936060e-01,1.680104176586340592e-01,0.000000000000000000e+00,0.000000000000000000e+00,0.000000000000000000e+00,1.000000000000000056e-01
9.929217865164114976e-01,-1.177355339132479251e-01,1.564192811708716574e-02,3.091110539696792614e+01,1.179780495909683868e-01,9.928935498832479611e-01,-1.560699890924459668e-02,2.971833411059249919e+00,-1.369327118582987397e-02,1.734193341022290460e-02,9.997558460293326510e-01,1.717987224843588734e-01,0.000000000000000000e+00,0.000000000000000000e+00,0.000000000000000000e+00,1.000000000000000056e-01
9.930247624214534330e-01,-1.172953607556055794e-01,1.198413797601753476e-02,3.186161805347987652e+01,1.175071017023448933e-01,9.928935076999163556e-01,-1.882985440386718279e-02,3.074338422811429439e+00,-9.690318226490695838e-03,2.010673301579359723e-02,9.997508774790352382e-01,1.732407232331349967e-01,0.000000000000000000e+00,0.000000000000000000e+00,0.000000000000000000e+00,1.000000000000000056e-01
9.927794886456208223e-01,-1.196596284124626652e-01,8.394060562747098983e-03,3.285963984803603211e+01,1.197969369868299716e-01,9.926278740388120303e-01,-1.840102088912188780e-02,3.191461688457169377e+00,-6.130319168950397468e-03,1.927373885315886506e-02,9.997954501684367390e-01,1.682471163801922132e-01,0.000000000000000000e+00,0.000000000000000000e+00,0.000000000000000000e+00,1.000000000000000056e-01
9.926437276442192648e-01,-1.208857682602337003e-01,6.712749118075089262e-03,3.382814546629246877e+01,1.209902614166166457e-01,9.924847092664527137e-01,-1.831552659967996058e-02,3.313174912617311119e+00,-4.448214352738334883e-03,1.899296986829323783e-02,9.998097221394950385e-01,1.696622557731573555e-01,0.000000000000000000e+00,0.000000000000000000e+00,0.000000000000000000e+00,1.000000000000000056e-01
9.924349640436044284e-01,-1.225144785224411559e-01,7.940069026388704709e-03,3.479256108306168471e+01,1.226438634305157538e-01,9.922759593329230077e-01,-1.862534007110765513e-02,3.433625989327937056e+00,-5.596865784214598988e-03,1.945823944507091632e-02,9.997950049940697026e-01,1.803271750288107378e-01,0.000000000000000000e+00,0.000000000000000000e+00,0.000000000000000000e+00,1.000000000000000056e-01
9.923407457204685977e-01,-1.231652337746101805e-01,9.495766013853415913e-03,3.576853803921935082e+01,1.233197279772602767e-01,9.922055671892003881e-01,-1.789852313381563170e-02,3.568928261719581219e+00,-7.217276117674689337e-03,1.893244907566977997e-02,9.997947155778722506e-01,1.768129815906780422e-01,0.000000000000000000e+00,0.000000000000000000e+00,0.000000000000000000e+00,1.000000000000000056e-01
9.923183041632741563e-01,-1.232106189066046742e-01,1.111425261432952456e-02,3.673946357423746178e+01,1.233975526577600623e-01,9.921925187551076109e-01,-1.808451615251802091e-02,3.685550237443239840e+00,-8.799273867713916161e-03,1.931706797230839379e-02,9.997746864490789642e-01,1.888076103388344751e-01,0.000000000000000000e+00,0.000000000000000000e+00,0.000000000000000000e+00,1.000000000000000056e-01
9.920753126788589560e-01,-1.249066256483249010e-01,1.359811907189308403e-02,3.772719000548198665e+01,1.251286326895028889e-01,9.919961734300594136e-01,-1.692386425657593785e-02,3.825662985738836230e+00,-1.137537930794505284e-02,1.849126197069217437e-02,9.997643092130923392e-01,1.910758023703892916e-01,0.000000000000000000e+00,0.000000000000000000e+00,0.000000000000000000e+00,1.000000000000000056e-01
9.921851171520288393e-01,-1.239736679636859878e-01,1.411463614991731973e-02,3.872968201609629801e+01,1.241944220363458556e-01,9.921286762604010212e-01,-1.601359662419639743e-02,3.966627197680653527e+00,-1.201827096852214720e-02,1.764141132149593325e-02,9.997721449257890303e-01,2.018800455899696922e-01,0.000000000000000000e+00,0.000000000000000000e+00,0.000000000000000000e+00,1.000000000000000056e-01
9.922997119599068494e-01,-1.229041076153324225e-01,1.535779852598452219e-02,3.975637137723227710e+01,1.230931762109304245e-01,9.923221175974813457e-01,-1.203681424444742916e-02,4.110372207676012302e+00,-1.376050924169510553e-02,1.383456750785106749e-02,9.998096084391667748e-01,2.019336248691388780e-01,0.000000000000000000e+00,0.000000000000000000e+00,0.000000000000000000e+00,1.000000000000000056e-01
9.918709545361673596e-01,-1.264051912526428512e-01,1.461975279869483571e-02,4.075676058904443266e+01,1.266213626488740529e-01,9.918385102230163897e-01,-1.494657684989555806e-02,4.231549671125857337e+00,-1.261110893040288602e-02,1.667624846811452052e-02,9.997814074429346443e-01,2.157924592532200481e-01,0.000000000000000000e+00,0.000000000000000000e+00,0.000000000000000000e+00,1.000000000000000056e-01
9.920721065425031071e-01,-1.249035596955574146e-01,1.385771249877092680e-02,4.176370713797281553e+01,1.250873396707897489e-01,9.920566352707985702e-01,-1.329623515384235205e-02,4.352371666684274665e+00,-1.208688853281665761e-02,1.492424840855077414e-02,9.998155699602977453e-01,2.378923462869904359e-01,0.000000000000000000e+00,0.000000000000000000e+00,0.000000000000000000e+00,1.000000000000000056e-01
9.922943537342183706e-01,-1.235039796206737484e-01,9.933909856952046966e-03,4.277336539293963824e+01,1.236174580892798747e-01,9.922602729296090551e-01,-1.175903147384096785e-02,4.460514266511481196e+00,-8.404736922413254610e-03,1.289642522227981043e-02,9.998815142874435402e-01,2.453804058221247253e-01,0.000000000000000000e+00,0.000000000000000000e+00,0.000000000000000000e+00,1.000000000000000056e-01
9.925680366509495034e-01,-1.213689807846779628e-01,8.846644684168064945e-03,4.380871963783410195e+01,1.214705558195626617e-01,9.925221876052794379e-01,-1.202543887419287895e-02,4.593599159208534566e+00,-7.320975875247869372e-03,1.301067310014770474e-02,9.998885566390461888e-01,2.539065875000646177e-01,0.000000000000000000e+00,0.000000000000000000e+00,0.000000000000000000e+00,1.000000000000000056e-01
9.925324165817280830e-01,-1.214498003894392691e-01,1.137312708978272663e-02,4.479478143117977140e+01,1.216038557116104618e-01,9.924799026538464464e-01,-1.400518133696424146e-02,4.716238137988925772e+00,-9.586673589145177504e-03,1.528361258265818236e-02,9.998372401925816888e-01,2.650546730911409465e-01,0.000000000000000000e+00,0.000000000000000000e+00,0.000000000000000000e+00,1.000000000000000056e-01
9.923457636479466881e-01,-1.230561249189460749e-01,1.034772873177235673e-02,4.575354057234545024e+01,1.231842510349055453e-01,9.923010138647961886e-01,-1.281944538062795326e-02,4.837662517284630148e+00,-8.690550439585430567e-03,1.399599952951813796e-02,9.998642839556910467e-01,2.679060856867918616e-01,0.000000000000000000e+00,0.000000000000000000e+00,0.000000000000000000e+00,1.000000000000000056e-01
9.918672726144328600e-01,-1.271175046931842800e-01,6.360307931586870085e-03,4.665866815593547301e+01,1.271937453693831044e-01,9.917857637967185669e-01,-1.351850099190267905e-02,4.958407969800258108e+00,-4.589624746628206790e-03,1.421755009619514280e-02,9.998883920788096402e-01,2.821368322051995281e-01,0.000000000000000000e+00,0.000000000000000000e+00,0.000000000000000000e+00,1.000000000000000056e-01
9.921641426000112896e-01,-1.248403177209216064e-01,5.020877425688652709e-03,4.761320231035799821e+01,1.248958082387311708e-01,9.920858369692484580e-01,-1.291236498167363210e-02,5.080706670496455857e+00,-3.369157636343694112e-03,1.343827207512961371e-02,9.999040262047433902e-01,2.842381542253257787e-01,0.000000000000000000e+00,0.000000000000000000e+00,0.000000000000000000e+00,1.000000000000000056e-01
9.922017564738552231e-01,-1.245522670457884229e-01,4.733626934089629756e-03,4.855274491205020837e+01,1.246005192416905771e-01,9.921364282741537144e-01,-1.183293269254023436e-02,5.207689436049557585e+00,-3.222585126513907022e-03,1.233046897565934566e-02,9.999187839419473312e-01,2.962561692884963516e-01,0.000000000000000000e+00,0.000000000000000000e+00,0.000000000000000000e+00,1.000000000000000056e-01
9.926121656999350451e-01,-1.210841954959393091e-01,7.726972601597626236e-03,4.951184658147455053e+01,1.211835707237492038e-01,9.925308052705242856e-01,-1.404075409964242703e-02,5.338731037111907440e+00,-5.969144924255456036e-03,1.487340546565248979e-02,9.998715673118860892e-01,2.978564237961991434e-01,0.000000000000000000e+00,0.000000000000000000e+00,0.000000000000000000e+00,1.000000000000000056e-01
9.929086674052640671e-01,-1.184595222016371213e-01,9.985979734740142721e-03,5.049742024530772966e+01,1.186149799929414189e-01,9.927988718887400532e-01,-1.675966878310245975e-02,5.466009464331116341e+00,-7.928727059049824055e-03,1.782530718402998773e-02,9.998096787444188394e-01,3.197411285342591780e-01,0.000000000000000000e+00,0.000000000000000000e+00,0.000000000000000000e+00,1.000000000000000056e-01
9.930647889171083653e-01,-1.171642786552623411e-01,9.739446607017705759e-03,5.141397668307247670e+01,1.173126203371726434e-01,9.929598033668461943e-01,-1.638834974304835546e-02,5.592538969748015454e+00,-7.750749811811784816e-03,1.741725308038329784e-02,9.998182660726341320e-01,3.234475741853768960e-01,0.000000000000000000e+00,0.000000000000000000e+00,0.000000000000000000e+00,1.000000000000000056e-01
9.930303705903678058e-01,-1.174466237556199416e-01,9.847520173248650033e-03,5.234894880029494146e+01,1.176208219337372268e-01,9.928667625519325135e-01,-1.951753230499629621e-02,5.712765228325636713e+00,-7.485007200315176024e-03,2.053977575462651028e-02,9.997610175832827295e-01,3.361254298938519125e-01,0.000000000000000000e+00,0.000000000000000000e+00,0.000000000000000000e+00,1.000000000000000056e-01
9.931815994192462194e-01,-1.163807538570423572e-01,6.769838010941623720e-03,5.331397896770212697e+01,1.165055599423823474e-01,9.929334077235026923e-01,-2.257658807491240774e-02,5.833427236470383193e+00,-4.094517986262148114e-03,2.321137562185496619e-02,9.997221948942622838e-01,3.597965607973248048e-01,0.000000000000000000e+00,0.000000000000000000e+00,0.000000000000000000e+00,1.000000000000000056e-01
9.929542105045074951e-01,-1.181975273263213694e-01,8.442770594641135426e-03,5.424770034860613777e+01,1.183813974147313458e-01,9.926195895055810459e-01,-2.630960425219552520e-02,5.953945753037464428e+00,-5.270729314398893244e-03,2.712369929997046278e-02,9.996181892846783823e-01,3.601299143050318841e-01,0.000000000000000000e+00,0.000000000000000000e+00,0.000000000000000000e+00,1.000000000000000056e-01
9.929538563323857536e-01,-1.178282017283271005e-01,1.261562809029078726e-02,5.518447179217922383e+01,1.181390042827502179e-01,9.926118367602304593e-01,-2.765713634058810516e-02,6.064243979656263051e+00,-9.263631130620836665e-03,2.895265792548597228e-02,9.995378575808550048e-01,3.726080005874819467e-01,0.000000000000000000e+00,0.000000000000000000e+00,0.000000000000000000e+00,1.000000000000000056e-01
9.927000091540436610e-01,-1.192850002232518775e-01,1.782640029003001655e-02,5.612355933977267597e+01,1.197206802089931105e-01,9.924727895846464643e-01,-2.578217726193892875e-02,6.185247188989890788e+00,-1.461679020365233735e-02,2.772815637233813982e-02,9.995086286712754342e-01,3.939800239569261064e-01,0.000000000000000000e+00,0.000000000000000000e+00,0.000000000000000000e+00,1.000000000000000056e-01
9.927039013412913837e-01,-1.191041956065728574e-01,1.879241471155075616e-02,5.707460397114037676e+01,1.195199994146398520e-01,9.925695961408530499e-01,-2.281592769773854376e-02,6.310083158517060475e+00,-1.593530676529848755e-02,2.489552983359009583e-02,9.995630438309535126e-01,3.900912656307402027e-01,0.000000000000000000e+00,0.000000000000000000e+00,0.000000000000000000e+00,1.000000000000000056e-01
9.927868824084711274e-01,-1.191503631300897675e-01,1.331904965214161449e-02,5.795487759307542319e+01,1.194527303437937088e-01,9.925289681149849219e-01,-2.484537514339673139e-02,6.415411981206202263e+00,-1.025920713707333815e-02,2.625715937741463293e-02,9.996025761523165132e-01,4.010916594624296949e-01,0.000000000000000000e+00,0.000000000000000000e+00,0.000000000000000000e+00,1.000000000000000056e-01
9.928185553856228029e-01,-1.193766889554889743e-01,7.779602562440569857e-03,5.886608636245862414e+01,1.195340146463764741e-01,9.925261865138538253e-01,-2.456396602315014110e-02,6.520924490877320068e+00,-4.789094332433751350e-03,2.531748838828720011e-02,9.996679895631268575e-01,4.081919443761816702e-01,0.000000000000000000e+00,0.000000000000000000e+00,0.000000000000000000e+00,1.000000000000000056e-01
9.929942207820579014e-01,-1.180802237200849342e-01,4.420210362455547284e-03,5.981831708110316015e+01,1.181536040599141385e-01,9.926908285344681060e-01,-2.458952604676143197e-02,6.647829739919619563e+00,-1.484365550230192865e-03,2.493952104123108374e-02,9.996878597588085835e-01,4.188644003414226935e-01,0.000000000000000000e+00,0.000000000000000000e+00,0.000000000000000000e+00,1.000000000000000056e-01
9.927879372132597524e-01,-1.198749374351908703e-01,1.452962060615044584e-03,6.073018856637713014e+01,1.198780749218852915e-01,9.925502400335739495e-01,-2.175472735562381660e-02,6.765330842381447773e+00,1.165708738651901905e-03,2.177200919078770697e-02,9.997622821145699668e-01,4.233264714257758965e-01,0.000000000000000000e+00,0.000000000000000000e+00,0.000000000000000000e+00,1.000000000000000056e-01
9.925451348346399083e-01,-1.218328448417316662e-01,3.303518405722401501e-03,6.165717828713833626e+01,1.218738734105712790e-01,9.923625779390417012e-01,-1.905971894030374786e-02,6.894748430704653153e+00,-9.561882609907157611e-04,1.932024388950262517e-02,9.998128894348480289e-01,4.443976213748618287e-01,0.000000000000000000e+00,0.000000000000000000e+00,0.000000000000000000e+00,1.000000000000000056e-01
9.922925007786017604e-01,-1.238350707921914290e-01,4.524172901375970307e-03,6.252603730958887240e+01,1.238959504420036467e-01,9.921407964761620457e-01,-1.750524012172845201e-02,7.020057805922076177e+00,-2.320853856058470964e-03,1.793084519869977272e-02,9.998365358536559500e-01,4.578371480077624844e-01,0.000000000000000000e+00,0.000000000000000000e+00,0.000000000000000000e+00,1.000000000000000056e-01
9.922410665023030374e-01,-1.242409244232504373e-01,4.675322965155879681e-03,6.333057620166311352e+01,1.243024884576549027e-01,9.921034386676270689e-01,-1.672298858172480834e-02,7.130434021266990108e+00,-2.560724430099923458e-03,1.717439030434855796e-02,9.998492301382578828e-01,4.712640674027432919e-01,0.000000000000000000e+00,0.000000000000000000e+00,0.000000000000000000e+00,1.000000000000000056e-01
9.920624398321230553e-01,-1.255997750536250179e-01,6.067287764227352609e-03,6.413647051842427516e+01,1.256833704937247997e-01,9.919370868704899813e-01,-1.626364264926652078e-02,7.238990019392843145e+00,-3.975657891752231582e-03,1.689710618315254723e-02,9.998493296227002336e-01,4.805476690993382705e-01,0.000000000000000000e+00,0.000000000000000000e+00,0.000000000000000000e+00,1.000000000000000056e-01
9.921726804278152567e-01,-1.246416670771600677e-01,7.604409307163351520e-03,6.492929553974315127e+01,1.247564894274089953e-01,9.920386836457999458e-01,-1.717755791890444861e-02,7.352708792723903208e+00,-5.402828743655477620e-03,1.799180309293428592e-02,9.998235366618610787e-01,5.011835399025243998e-01,0.000000000000000000e+00,0.000000000000000000e+00,0.000000000000000000e+00,1.000000000000000056e-01
9.921932318175604726e-01,-1.244132963684861787e-01,8.597814963808748587e-03,6.572719438136107328e+01,1.245534709055157313e-01,9.920432694925642725e-01,-1.834623503317126328e-02,7.462838138018003775e+00,-6.246888890761083737e-03,1.927389792519250758e-02,9.997947255501780095e-01,5.119248005989641692e-01,0.000000000000000000e+00,0.000000000000000000e+00,0.000000000000000000e+00,1.000000000000000056e-01
9.921633894641177509e-01,-1.246093013097056418e-01,9.183171248555617450e-03,6.646777887181855249e+01,1.247663940190747861e-01,9.920007556318937159e-01,-1.917935737267863205e-02,7.559232428195202580e+00,-6.719786495885618320e-03,2.017480738096237569e-02,9.997738852443540658e-01,5.218582941442982959e-01,0.000000000000000000e+00,0.000000000000000000e+00,0.000000000000000000e+00,1.000000000000000056e-01
9.919309506193116910e-01,-1.262981506904085061e-01,1.103477845955895022e-02,6.724530933023075363e+01,1.264826425039245472e-01,9.918050346510561832e-01,-1.802538171694569383e-02,7.674216193504143746e+00,-8.667776456110653019e-03,1.927564196077630534e-02,9.997766346931232784e-01,5.268803847602709922e-01,0.000000000000000000e+00,0.000000000000000000e+00,0.000000000000000000e+00,1.000000000000000056e-01
9.921653044530502896e-01,-1.242088067906781806e-01,1.342314997390357638e-02,6.798619405147334760e+01,1.244292103468001703e-01,9.920817421549678050e-01,-1.706424610804051570e-02,7.782804189551888463e+00,-1.119733236345548354e-02,1.860078488666528848e-02,9.997642874945785740e-01,5.377186120907794242e-01,0.000000000000000000e+00,0.000000000000000000e+00,0.000000000000000000e+00,1.000000000000000056e-01
9.919658955767597375e-01,-1.256387617802182666e-01,1.478389498510667734e-02,6.869754036063305591e+01,1.258531009136964474e-01,9.919416260716300560e-01,-1.458792160581626023e-02,7.881328288920050440e+00,-1.283195242369728449e-02,1.633131974777521020e-02,9.997842912310094254e-01,5.543340374908386492e-01,0.000000000000000000e+00,0.000000000000000000e+00,0.000000000000000000e+00,1.000000000000000056e-01
9.916447096852828436e-01,-1.284251363297176651e-01,1.215541492029222591e-02,6.936196630116717188e+01,1.285850556747335227e-01,9.916074006361557114e-01,-1.344047844134758918e-02,7.979141723254860707e+00,-1.032730411659822135e-02,1.489118404627669603e-02,9.998357862306105348e-01,5.621511804617825847e-01,0.000000000000000000e+00,0.000000000000000000e+00,0.000000000000000000e+00,1.000000000000000056e-01
9.919383010335226514e-01,-1.265665843187155637e-01,6.269503698231004320e-03,7.005803481652577602e+01,1.266443580781182188e-01,9.918473982100168840e-01,-1.414019911463413985e-02,8.083008881014968949e+00,-4.428714227632731502e-03,1.482020235737676293e-02,9.998803668901476982e-01,5.671302322109729177e-01,0.000000000000000000e+00,0.000000000000000000e+00,0.000000000000000000e+00,1.000000000000000056e-01
9.921986676194345378e-01,-1.246625051803175038e-01,1.031395358762881437e-03,7.081100576158056015e+01,1.246626096443003567e-01,9.920639838140742350e-01,-1.637943148040055252e-02,8.183226981141702439e+00,1.018690773274438886e-03,1.638022652821564951e-02,9.998653161541272150e-01,5.815697888790036796e-01,0.000000000000000000e+00,0.000000000000000000e+00,0.000000000000000000e+00,1.000000000000000056e-01
9.921295298018277808e-01,-1.252056667604671270e-01,1.592829642804266879e-03,7.153051571506674122e+01,1.252155477398976813e-01,9.920218339683449793e-01,-1.462010719108083716e-02,8.290010031339589247e+00,2.503984855149436620e-04,1.470448710931943244e-02,9.998918518317120308e-01,5.938207424277109903e-01,0.000000000000000000e+00,0.000000000000000000e+00,0.000000000000000000e+00,1.000000000000000056e-01
9.923692965687559431e-01,-1.232181580919765179e-01,4.523797525665639897e-03,7.220189030833873289e+01,1.232660424706918528e-01,9.922943604448721810e-01,-1.254531796790092288e-02,8.391810972726098328e+00,-2.943127799829551791e-03,1.300721898496472531e-02,9.999110711723473432e-01,6.046518916365754004e-01,0.000000000000000000e+00,0.000000000000000000e+00,0.000000000000000000e+00,1.000000000000000056e-01
9.923181563170957453e-01,-1.235261609962954310e-01,6.779689739009803207e-03,7.282462902547014494e+01,1.236062483859131922e-01,9.922456111161547243e-01,-1.304387138423798373e-02,8.477094534973344864e+00,-5.115858031637353365e-03,1.378168241710383060e-02,9.998919407747790533e-01,6.182252053032586403e-01,0.000000000000000000e+00,0.000000000000000000e+00,0.000000000000000000e+00,1.000000000000000056e-01
9.923853357228460403e-01,-1.231122384651357621e-01,3.836949616257967488e-03,7.340336668304483680e+01,1.231585826127585409e-01,9.922555938395455355e-01,-1.614930410101599392e-02,8.530658709165319209e+00,-1.819057742482190106e-03,1.649888584827198870e-02,9.998622294069794414e-01,6.285123219774093606e-01,0.000000000000000000e+00,0.000000000000000000e+00,0.000000000000000000e+00,1.000000000000000056e-01
9.924599575116395123e-01,-1.225689724024226074e-01,2.823830886969644696e-04,7.404880159312853039e+01,1.225422408903651533e-01,9.921898361204855021e-01,-2.329652971521578228e-02,8.592860456216911302e+00,2.575254077239064014e-03,2.315547674781017265e-02,9.997285591414397654e-01,6.494216081886866609e-01,0.000000000000000000e+00,0.000000000000000000e+00,0.000000000000000000e+00,1.000000000000000056e-01
9.927644023006831908e-01,-1.200093401386447961e-01,-4.074285710947316182e-03,7.466986888454297855e+01,1.198616213483967435e-01,9.924391629485588284e-01,-2.641400336369966254e-02,8.664274713652586613e+00,7.213407814683368315e-03,2.573453177058078120e-02,9.996427865103854060e-01,6.586799258721568462e-01,0.000000000000000000e+00,0.000000000000000000e+00,0.000000000000000000e+00,1.000000000000000056e-01
9.932673067769640651e-01,-1.157398364754493453e-01,-4.934322716716194740e-03,7.526174756142658850e+01,1.155927528635688623e-01,9.930144624429185773e-01,-2.367684237020049182e-02,8.730440878524655446e+00,7.640207684241808600e-03,2.294706150768928421e-02,9.997074870154288861e-01,6.706911535857327245e-01,0.000000000000000000e+00,0.000000000000000000e+00,0.000000000000000000e+00,1.000000000000000056e-01
9.939341707127843373e-01,-1.099494080137819185e-01,-2.447849445650150668e-03,7.583919838247480527e+01,1.098787070692801016e-01,9.937421216868836948e-01,-2.008146702893569627e-02,8.812702786130460098e+00,4.640476513570202140e-03,1.969068974591303353e-02,9.997953504168026750e-01,6.772852422784577664e-01,0.000000000000000000e+00,0.000000000000000000e+00,0.000000000000000000e+00,1.000000000000000056e-01
9.947606523141572232e-01,-1.022221655726917727e-01,1.368748750354214453e-03,7.639127112895948812e+01,1.022282766140016202e-01,9.945383314002571584e-01,-2.104487671912969732e-02,8.849896503855337215e+00,7.899797741562947402e-04,2.107454011885875889e-02,9.997775951134006966e-01,6.909278751036751487e-01,0.000000000000000000e+00,0.000000000000000000e+00,0.000000000000000000e+00,1.000000000000000056e-01
9.956578778330380519e-01,-9.289649889489662304e-02,5.969154218274387233e-03,7.696969758601107969e+01,9.301471271826908249e-02,9.953710249876031035e-01,-2.418234548314852211e-02,8.902757963197013069e+00,-3.695067922101537283e-03,2.463256194956084388e-02,9.996897435528945275e-01,7.036399438750163826e-01,0.000000000000000000e+00,0.000000000000000000e+00,0.000000000000000000e+00,1.000000000000000056e-01
9.965897339140198374e-01,-8.197254324459581076e-02,9.455390589283553526e-03,7.750298416193425055e+01,8.219975399361044432e-02,9.962538645145447846e-01,-2.685959573830295696e-02,8.944724358027533739e+00,-7.218220041877797255e-03,2.754522815022609691e-02,9.995944966363005113e-01,7.198425651560966809e-01,0.000000000000000000e+00,0.000000000000000000e+00,0.000000000000000000e+00,1.000000000000000056e-01
9.975533789634638548e-01,-6.929262872270598728e-02,9.262166230056063237e-03,7.798681426074064404e+01,6.949918189593738693e-02,9.972875961200760031e-01,-2.423456912832577803e-02,8.983556592308282518e+00,-7.557766493573327658e-03,2.481898929725809971e-02,9.996633923155789914e-01,7.306723827586641962e-01,0.000000000000000000e+00,0.000000000000000000e+00,0.000000000000000000e+00,1.000000000000000056e-01
9.986174429693387422e-01,-5.185453673121634410e-02,8.620302649577433335e-03,7.848003443579904115e+01,5.202532129222131596e-02,9.984263253045589925e-01,-2.093415590072988941e-02,9.024171194381745309e+00,-7.521206141339342906e-03,2.135368725128883316e-02,9.997436929028127306e-01,7.327000150215939867e-01,0.000000000000000000e+00,0.000000000000000000e+00,0.000000000000000000e+00,1.000000000000000056e-01
9.994495967513655765e-01,-3.166120968459459201e-02,9.903098244529166816e-03,7.896580737433478703e+01,3.181649002062860582e-02,9.993666693526284117e-01,-1.593647231358216732e-02,9.037456544716128803e+00,-9.392258317353914532e-03,1.624278265391936732e-02,9.998239632532106569e-01,7.373383308118123258e-01,0.000000000000000000e+00,0.000000000000000000e+00,0.000000000000000000e+00,1.000000000000000056e-01
9.998997076817160989e-01,-9.536561341963853758e-03,1.047036655469098416e-02,7.944258309083664926e+01,9.704497456623563043e-03,9.998231734664060344e-01,-1.610728185260642056e-02,9.043664913225697433e+00,-1.031490703462797746e-02,1.620727606156808706e-02,9.998154464177532175e-01,7.437801749167973764e-01,0.000000000000000000e+00,0.000000000000000000e+00,0.000000000000000000e+00,1.000000000000000056e-01
9.997796569832737568e-01,1.726031879315413284e-02,1.194650064103084351e-02,7.993121592150997401e+01,-1.703857948773932277e-02,9.996851387134965128e-01,-1.842037579468161837e-02,9.048460540387592843e+00,-1.226068070897569882e-02,1.821276559273725740e-02,9.997589563879968333e-01,7.536744109575052031e-01,0.000000000000000000e+00,0.000000000000000000e+00,0.000000000000000000e+00,1.000000000000000056e-01
9.988187911245165473e-01,4.649953413766542976e-02,1.410020643606002717e-02,8.041050313642729463e+01,-4.622400527849257479e-02,9.987451252901728971e-01,-1.927475149335863835e-02,9.028719074471952766e+00,-1.497877940866052145e-02,1.860021596909366970e-02,9.997147933952611476e-01,7.535752884191745382e-01,0.000000000000000000e+00,0.000000000000000000e+00,0.000000000000000000e+00,1.000000000000000056e-01
9.967123270844933103e-01,7.941159933225869216e-02,1.607280091666619601e-02,8.088460739196935378e+01,-7.907632222958344004e-02,9.966573518182721969e-01,-2.051970587586158731e-02,8.978223005117149214e+00,-1.764857785933654152e-02,1.918126581020111396e-02,9.996602456542229564e-01,7.515879578265043381e-01,0.000000000000000000e+00,0.000000000000000000e+00,0.000000000000000000e+00,1.000000000000000056e-01
