1.000000000000000000e+00,-3.063178621265669995e-12,5.392525950393777078e-13,1.086799777476062686e-19,3.063178621265779047e-12,1.000000000000000000e+00,-2.018107992374947309e-13,6.971769213399798491e-19,-5.392525950387595438e-13,2.018107992391465677e-13,1.000000000000000000e+00,-1.729179351727009270e-19,0.000000000000000000e+00,0.000000000000000000e+00,0.000000000000000000e+00,1.000000000000000056e-01
9.999990302636903028e-01,-6.311826072749686899e-04,-1.241402511355030108e-03,6.468619631399203929e-01,6.278636749653479249e-04,9.999962328020501889e-01,-2.672109450124318230e-03,-4.490913995043249209e-03,1.243084423755688077e-03,2.671327427339870771e-03,9.999956593660250803e-01,-3.714817246741800418e-04,0.000000000000000000e+00,0.000000000000000000e+00,0.000000000000000000e+00,1.000000000000000056e-01
9.999803464137236864e-01,-5.430577660538439717e-03,-3.132987801129298588e-03,1.307175483246874048e+00,5.421823639152479300e-03,9.999813932007405315e-01,-2.795904278043425187e-03,5.315001254870200219e-03,3.148112881567547046e-03,2.778862821176137504e-03,9.999911836144886879e-01,4.363078436896120245e-03,0.000000000000000000e+00,0.000000000000000000e+00,0.000000000000000000e+00,1.000000000000000056e-01
9.999362575291614874e-01,-9.955092500249305976e-03,-5.327007779787700480e-03,2.004906876892166068e+00,9.939789975107343051e-03,9.999464186496901386e-01,-2.891436478544852882e-03,1.418879355073168758e-02,5.355506869120256995e-03,2.838302832712585530e-03,9.999816311228945098e-01,8.818422594972430070e-03,0.000000000000000000e+00,0.000000000000000000e+00,0.000000000000000000e+00,1.000000000000000056e-01
9.998570229189102099e-01,-1.610437222736740143e-02,-5.155862187476836778e-03,2.702843632483596270e+00,1.609694980645910711e-02,9.998693434948846548e-01,-1.477885664259160443e-03,2.266371244166831556e-02,5.178988961389284842e-03,1.394680705639865037e-03,9.999856163660890696e-01,1.665240930630060637e-02,0.000000000000000000e+00,0.000000000000000000e+00,0.000000000000000000e+00,1.000000000000000056e-01
9.997517032614074983e-01,-2.135863828754411622e-02,-6.351409010326494568e-03,3.410883476304953810e+00,2.134910561634873957e-02,9.997708571146287637e-01,-1.564913308339953638e-03,3.077433892960370135e-02,6.383378047443892013e-03,1.428927843695223469e-03,9.999786050960894901e-01,3.034775967045255651e-02,0.000000000000000000e+00,0.000000000000000000e+00,0.000000000000000000e+00,1.000000000000000056e-01
9.996521212425641956e-01,-2.533986834148750644e-02,-7.316253664123218217e-03,4.129948193779754639e+00,2.533731370449345682e-02,9.996788611679804371e-01,-4.416651783770527600e-04,5.369571637923711838e-02,7.325095868437856567e-03,2.561373182140565903e-04,9.999731383213212865e-01,4.090191787745811602e-02,0.000000000000000000e+00,0.000000000000000000e+00,0.000000000000000000e+00,1.000000000000000056e-01
9.994978304815310688e-01,-3.008986528907900762e-02,-9.934126514075344513e-03,4.893413617123918868e+00,3.010442884139745076e-02,9.995458877510644546e-01,1.319713631731142143e-03,8.578222641312842345e-02,9.889905300143874214e-03,-1.618112116516599646e-03,9.999497844823671544e-01,5.569717031395000212e-02,0.000000000000000000e+00,0.000000000000000000e+00,0.000000000000000000e+00,1.000000000000000056e-01
9.993430947818624510e-01,-3.477881659650261525e-02,-1.018885803004522701e-02,5.655655386999368872e+00,3.479937057496652886e-02,9.993926118276653670e-01,1.846952046866842017e-03,1.261173181721329806e-01,1.011843463168766478e-02,-2.200304620752872430e-03,9.999463865328881429e-01,6.017497810713353518e-02,0.000000000000000000e+00,0.000000000000000000e+00,0.000000000000000000e+00,1.000000000000000056e-01
9.992100047737315638e-01,-3.890454115986168721e-02,-8.111907125947594166e-03,6.438745968161531330e+00,3.892129275167421215e-02,9.992404396823768575e-01,1.917465490836466448e-03,1.623657840805711461e-01,8.031147528083617398e-03,-2.231676614275569792e-03,9.999652595409860290e-01,7.108496289383761657e-02,0.000000000000000000e+00,0.000000000000000000e+00,0.000000000000000000e+00,1.000000000000000056e-01
9.991034118154745736e-01,-4.182168426960929108e-02,-6.581734082397698582e-03,7.236616269663538326e+00,4.183143013748366612e-02,9.991237705147124615e-01,1.350053745940067241e-03,2.025844694946997426e-01,6.519505451420671768e-03,-1.624166653154297596e-03,9.999774288109465337e-01,8.613588240864501755e-02,0.000000000000000000e+00,0.000000000000000000e+00,0.000000000000000000e+00,1.000000000000000056e-01
9.991207906548497109e-01,-4.146694802629908444e-02,-6.175589252230594475e-03,8.032324642763152056e+00,4.147928169932608294e-02,9.991375906219652769e-01,1.882603474475180554e-03,2.422740792369580398e-01,6.092197545714387458e-03,-2.137107278159812961e-03,9.999791587335936649e-01,1.003925693569303335e-01,0.000000000000000000e+00,0.000000000000000000e+00,0.000000000000000000e+00,1.000000000000000056e-01
9.990397879489739674e-01,-4.334746395102197225e-02,-6.363918909281068501e-03,8.867526290150294699e+00,4.334771137305119815e-02,9.990600412864857338e-01,-9.911288548140705220e-05,2.887905029597678808e-01,6.362233380480678338e-03,-1.768436039866625917e-04,9.999797451512465463e-01,1.153931433278271579e-01,0.000000000000000000e+00,0.000000000000000000e+00,0.000000000000000000e+00,1.000000000000000056e-01
9.989007148306446870e-01,-4.646420565712267026e-02,-6.199959957916381312e-03,9.642555337974430429e+00,4.646265220542300511e-02,9.989199499310471575e-01,-3.944360432614798639e-04,3.525312107937795258e-01,6.211590848169011927e-03,1.059358623566454105e-04,9.999807022721628469e-01,1.318129601756355129e-01,0.000000000000000000e+00,0.000000000000000000e+00,0.000000000000000000e+00,1.000000000000000056e-01
9.988324884450645591e-01,-4.805238327483461747e-02,-4.962709768710270829e-03,1.042538968888249329e+01,4.805325197514456748e-02,9.988447736516513631e-01,5.588733770570758431e-05,3.589518575595769811e-01,4.954291195854605527e-03,-2.942964315885075971e-04,9.999876841183380494e-01,1.385099506137648373e-01,0.000000000000000000e+00,0.000000000000000000e+00,0.000000000000000000e+00,1.000000000000000056e-01
9.987784586091796868e-01,-4.902760058971084023e-02,-6.155079096718286957e-03,1.122784530950798221e+01,4.901941064518379465e-02,9.987967375867442543e-01,-1.474573184099900545e-03,4.109170452725720013e-01,6.219967706500937471e-03,1.171053582126108192e-03,9.999799701170207777e-01,1.643837987762709896e-01,0.000000000000000000e+00,0.000000000000000000e+00,0.000000000000000000e+00,1.000000000000000056e-01
9.986529442014021596e-01,-5.139618482385040904e-02,-7.122445045337376900e-03,1.209554653075461061e+01,5.139116749460611450e-02,9.986782080670890682e-01,-8.857965055397168603e-04,4.617976905640589491e-01,7.158557215848889398e-03,5.185725219244912776e-04,9.999742427388451649e-01,1.757337023034125367e-01,0.000000000000000000e+00,0.000000000000000000e+00,0.000000000000000000e+00,1.000000000000000056e-01
9.985024693976873866e-01,-5.420435077485886294e-02,-7.396415604626114734e-03,1.299372356289809360e+01,5.420635320663010764e-02,9.985297523450836765e-01,7.038255357482109224e-05,5.328585062686408413e-01,7.381726001306227608e-03,-4.712098702743676469e-04,9.999726436670653973e-01,1.965636009432898124e-01,0.000000000000000000e+00,0.000000000000000000e+00,0.000000000000000000e+00,1.000000000000000056e-01
9.986582217446203780e-01,-5.096189455598285761e-02,-9.200078539753136705e-03,1.388362642837918592e+01,5.099456707337630262e-02,9.986933046116446278e-01,3.352231028983687633e-03,5.835544630948278355e-01,9.017220795326375340e-03,-3.816887100457759877e-03,9.999520594018448394e-01,2.088805036678977323e-01,0.000000000000000000e+00,0.000000000000000000e+00,0.000000000000000000e+00,1.000000000000000056e-01
9.978903717276854657e-01,-6.419753299359406973e-02,-9.668648856902363475e-03,1.481591492599264370e+01,6.425956858621123535e-02,9.979136587387482660e-01,6.248003501846854241e-03,7.116955798946974499e-01,9.247370344897750533e-03,-6.856125741369947443e-03,9.999337376454116022e-01,2.281718694575059769e-01,0.000000000000000000e+00,0.000000000000000000e+00,0.000000000000000000e+00,1.000000000000000056e-01
9.976576012866749110e-01,-6.771282098034951680e-02,-9.710019042267504022e-03,1.577730772379948476e+01,6.775125223563514820e-02,9.976954396831360095e-01,3.684759961972609334e-03,7.743301020925590361e-01,9.438136226046089580e-03,-4.333994734324259253e-03,9.999460675827579470e-01,2.344655481540070807e-01,0.000000000000000000e+00,0.000000000000000000e+00,0.000000000000000000e+00,1.000000000000000056e-01
9.975599092799031231e-01,-6.945167618727719760e-02,-7.119836532467970804e-03,1.670255629798939268e+01,6.947501838885246361e-02,9.975789214334916943e-01,3.085017254399751059e-03,8.586047891467464277e-01,6.888339229457435091e-03,-3.572140306444787639e-03,9.999698948449853297e-01,2.526617468646855658e-01,0.000000000000000000e+00,0.000000000000000000e+00,0.000000000000000000e+00,1.000000000000000056e-01
9.973669997448718627e-01,-7.220733602116440053e-02,-6.720747327454383926e-03,1.758204579478946528e+01,7.223607760410911960e-02,9.973789842670088834e-01,4.136524493180819897e-03,9.379336048855219099e-01,6.404444728932784381e-03,-4.611113448638534326e-03,9.999688598753851965e-01,2.722733650952517404e-01,0.000000000000000000e+00,0.000000000000000000e+00,0.000000000000000000e+00,1.000000000000000056e-01
9.972904506442180628e-01,-7.325076870575640553e-02,-6.788367835363164939e-03,1.849134774992450048e+01,7.328758898306396430e-02,9.972965327237319766e-01,5.343698931606823826e-03,1.007611039919167339e+00,6.378585650588661053e-03,-5.826723027393143975e-03,9.999626807755678248e-01,2.860200068068206036e-01,0.000000000000000000e+00,0.000000000000000000e+00,0.000000000000000000e+00,1.000000000000000056e-01
9.973319855020064129e-01,-7.262463137871252861e-02,-7.387395463342323436e-03,1.940819802894797164e+01,7.265758760930057791e-02,9.973476975704888003e-01,4.294777484535597031e-03,1.078767147632447188e+00,7.055895224739147827e-03,-4.820069289023544423e-03,9.999634899708221836e-01,3.068509673130867532e-01,0.000000000000000000e+00,0.000000000000000000e+00,0.000000000000000000e+00,1.000000000000000056e-01
9.972753816802447657e-01,-7.353142898411836603e-02,-5.911179753283685341e-03,2.033537821150436642e+01,7.353008745038021321e-02,9.972929002460385606e-01,-4.442503623525232955e-04,1.131421464369158025e+00,5.927843963998443051e-03,8.390385482833417549e-06,9.999824301434200313e-01,3.256079057783066721e-01,0.000000000000000000e+00,0.000000000000000000e+00,0.000000000000000000e+00,1.000000000000000056e-01
9.974127386025960496e-01,-7.185441758288921288e-02,-2.184387120736810180e-03,2.125113681246742914e+01,7.185376933514595055e-02,9.974151071765606780e-01,-3.739094832983621739e-04,1.212234524528034374e+00,2.205607762295927390e-03,2.159856334140146795e-04,9.999975443192873348e-01,3.308548084496602537e-01,0.000000000000000000e+00,0.000000000000000000e+00,0.000000000000000000e+00,1.000000000000000056e-01
9.973955862716871179e-01,-7.212489846027904383e-02,-2.085853589837805098e-04,2.221313803585029945e+01,7.212453640142928168e-02,9.973946440341929787e-01,-1.405453942453551265e-03,1.293659615236800287e+00,3.094101427644333933e-04,1.386749436594483060e-03,9.999989905951723879e-01,3.489194233642247678e-01,0.000000000000000000e+00,0.000000000000000000e+00,0.000000000000000000e+00,1.000000000000000056e-01
9.975417134942823338e-01,-7.006641115927657315e-02,1.108091219331213198e-03,2.318522109724840519e+01,7.006879057332553173e-02,9.975395603700140112e-01,-2.278175671566026652e-03,1.359968248263341284e+00,-9.457412344845250556e-04,2.350217874638421082e-03,9.999967910195808329e-01,3.630999800850015502e-01,0.000000000000000000e+00,0.000000000000000000e+00,0.000000000000000000e+00,1.000000000000000056e-01
9.978411426463713596e-01,-6.563371283243672749e-02,2.295600577909069195e-03,2.411527122571924409e+01,6.564229651006513178e-02,9.978356425301031507e-01,-3.888367963671003017e-03,1.423747968153902699e+00,-2.035424051335942962e-03,4.030662025702801826e-03,9.999898053543174736e-01,3.693142408152281786e-01,0.000000000000000000e+00,0.000000000000000000e+00,0.000000000000000000e+00,1.000000000000000056e-01
9.979620103350482774e-01,-6.380962944936915959e-02,-3.963805788420111031e-04,2.507203510149005510e+01,6.380680394764659535e-02,9.979493566950579098e-01,-5.076735359123446013e-03,1.492840974084759909e+00,7.195123457399767468e-04,5.041097247047030862e-03,9.999870347362160850e-01,3.806633794567944040e-01,0.000000000000000000e+00,0.000000000000000000e+00,0.000000000000000000e+00,1.000000000000000056e-01
9.980399625348768122e-01,-6.234343133854615415e-02,-5.434128478210829317e-03,2.602736475785691539e+01,6.232389249078695848e-02,9.980491410793933538e-01,-3.693834793546403508e-03,1.565512388986635806e+00,5.653813596020782796e-03,3.347918699903941735e-03,9.999784126830940645e-01,3.893720513513343473e-01,0.000000000000000000e+00,0.000000000000000000e+00,0.000000000000000000e+00,1.000000000000000056e-01
9.981030648042290565e-01,-6.093350479943421272e-02,-8.796591457055833591e-03,2.698237429081899563e+01,6.089267954351065826e-02,9.981325998082233308e-01,-4.836814870176168145e-03,1.631472196068560754e+00,9.074888782587799824e-03,4.291991721143817613e-03,9.999496113308156131e-01,4.090325707119157883e-01,0.000000000000000000e+00,0.000000000000000000e+00,0.000000000000000000e+00,1.000000000000000056e-01
9.981559387878176093e-01,-6.024904801963588269e-02,-7.400950975248129539e-03,2.795308706392199838e+01,6.019059178716976849e-02,9.981557780456250528e-01,-7.882602009693729164e-03,1.685659434180606597e+00,7.862221245978039119e-03,7.422598390088566353e-03,9.999415435465308644e-01,4.329348680387076764e-01,0.000000000000000000e+00,0.000000000000000000e+00,0.000000000000000000e+00,1.000000000000000056e-01
9.982145300265261589e-01,-5.957734229277966698e-02,-4.276953267271076803e-03,2.896355713521412056e+01,5.952717551039296562e-02,9.981657540960331421e-01,-1.102917610940950394e-02,1.733196559551316129e+00,4.926197283536765462e-03,1.075488889884340313e-02,9.999300300246498630e-01,4.496421627206420579e-01,0.000000000000000000e+00,0.000000000000000000e+00,0.000000000000000000e+00,1.000000000000000056e-01
9.982271305697131281e-01,-5.950707356166554107e-02,-1.226372978923982553e-03,2.992146670104455808e+01,5.947948110567982671e-02,9.980980958637714062e-01,-1.619822090579446996e-02,1.780854846488007404e+00,2.187949258092028015e-03,1.609655954669712494e-02,9.998680481187522950e-01,4.576537861618810710e-01,0.000000000000000000e+00,0.000000000000000000e+00,0.000000000000000000e+00,1.000000000000000056e-01
9.982634513970505274e-01,-5.887079529689914770e-02,-2.076310660535747241e-03,3.085090691754383130e+01,5.880906897143389767e-02,9.980135700508502294e-01,-2.259219779193405095e-02,1.826292450136437928e+00,3.402206866371926958e-03,2.243085944557933822e-02,9.997426076410723672e-01,4.784849186826248824e-01,0.000000000000000000e+00,0.000000000000000000e+00,0.000000000000000000e+00,1.000000000000000056e-01
9.982791794745340397e-01,-5.842170697156157805e-02,-5.058061108774485060e-03,3.179999964125475742e+01,5.827566335407077108e-02,9.979785757456800521e-01,-2.535171420766305778e-02,1.864797497724349551e+00,6.528927040036240290e-03,2.501332659109950507e-02,9.996657974566064420e-01,4.924502894357010163e-01,0.000000000000000000e+00,0.000000000000000000e+00,0.000000000000000000e+00,1.000000000000000056e-01
9.982836721920492762e-01,-5.799132576127449812e-02,-8.167984525384799563e-03,3.278820815123612675e+01,5.775974724340360300e-02,9.979867791121357357e-01,-2.619542547398985566e-02,1.937405815076897353e+00,9.670648020443877932e-03,2.567868481513348872e-02,9.996234709694594711e-01,5.072802816240735702e-01,0.000000000000000000e+00,0.000000000000000000e+00,0.000000000000000000e+00,1.000000000000000056e-01
9.982101349273114765e-01,-5.902461650534300552e-02,-9.623989546738353704e-03,3.376150498198303751e+01,5.874987278217576325e-02,9.979158305706892218e-01,-2.669171303025653572e-02,2.001566367961886250e+00,1.117939964741859575e-02,2.607853030384558665e-02,9.995973845907735189e-01,5.236249063211354526e-01,0.000000000000000000e+00,0.000000000000000000e+00,0.000000000000000000e+00,1.000000000000000056e-01
9.982040824400241208e-01,-5.927580860712527294e-02,-8.659579322405337384e-03,3.472992529621846813e+01,5.901290746726848419e-02,9.978649220942342746e-01,-2.798345950963634574e-02,2.072402374088240240e+00,1.029983263597928668e-02,2.742217657005554046e-02,9.995708767665409944e-01,5.506036857200072854e-01,0.000000000000000000e+00,0.000000000000000000e+00,0.000000000000000000e+00,1.000000000000000056e-01
9.981717269391369163e-01,-5.979299224682570191e-02,-8.831852439450121536e-03,3.571415803813493284e+01,5.954858893495278138e-02,9.978935201422850509e-01,-2.573884251272819459e-02,2.137519669775024056e+00,1.035225073098593358e-02,2.516586052989340169e-02,9.996296866182960983e-01,5.616300299409073826e-01,0.000000000000000000e+00,0.000000000000000000e+00,0.000000000000000000e+00,1.000000000000000056e-01
9.982683265393125227e-01,-5.823144409912894837e-02,-8.333495456921392874e-03,3.670123782314374239e+01,5.801288278813945820e-02,9.980169915310339590e-01,-2.442519285396984111e-02,2.206256082636022242e+00,9.739284317140616681e-03,2.389944630057457345e-02,9.996669259345913883e-01,5.868685714777309714e-01,0.000000000000000000e+00,0.000000000000000000e+00,0.000000000000000000e+00,1.000000000000000056e-01
9.982161158028840520e-01,-5.933470920332046400e-02,-6.631623870559366467e-03,3.771235857472836983e+01,5.915580093568120063e-02,9.979474288021903394e-01,-2.452591614507553322e-02,2.270881251643317000e+00,8.073250092821029206e-03,2.408986572927742167e-02,9.996771984006057599e-01,6.050409892912799181e-01,0.000000000000000000e+00,0.000000000000000000e+00,0.000000000000000000e+00,1.000000000000000056e-01
9.983493899006878891e-01,-5.725539516814987656e-02,-4.507261814360745758e-03,3.870633167081494008e+01,5.712960493151796743e-02,9.980705168108189307e-01,-2.431978028999099220e-02,2.332459223231397871e+00,5.891003759366715900e-03,2.402213972825393770e-02,9.996940696420997252e-01,6.367464336796614388e-01,0.000000000000000000e+00,0.000000000000000000e+00,0.000000000000000000e+00,1.000000000000000056e-01
9.983777302778712448e-01,-5.685551793868239695e-02,-3.059046441348585443e-03,3.972077566240379554e+01,5.678325132100157241e-02,9.981858132808977269e-01,-2.001860470084430854e-02,2.396123989953589550e+00,4.191664898597818878e-03,1.981242652167715390e-02,9.997949278230515713e-01,6.552707162685503794e-01,0.000000000000000000e+00,0.000000000000000000e+00,0.000000000000000000e+00,1.000000000000000056e-01
9.982778115144320674e-01,-5.860353196643192097e-02,-2.652749331431846630e-03,4.072994097019920190e+01,5.852822622256240170e-02,9.980259347342552712e-01,-2.277455450841030932e-02,2.465748283328076607e+00,3.982181964272809606e-03,2.258007171989018930e-02,9.997371067375302456e-01,6.745062197879901911e-01,0.000000000000000000e+00,0.000000000000000000e+00,0.000000000000000000e+00,1.000000000000000056e-01
9.983339766795624737e-01,-5.747599022213725761e-02,-5.077554052448019634e-03,4.174537765042516924e+01,5.735275210148940706e-02,9.981165908983912205e-01,-2.176999769772017257e-02,2.529189292198105399e+00,6.319243115741843622e-03,2.144251667501793912e-02,9.997501116004366972e-01,7.102123182005778412e-01,0.000000000000000000e+00,0.000000000000000000e+00,0.000000000000000000e+00,1.000000000000000056e-01
9.983869110107020939e-01,-5.634880508564930890e-02,-6.956154679693238307e-03,4.277718589249696635e+01,5.621737595116775565e-02,9.982593337486300733e-01,-1.783000911122073484e-02,2.605168459811205040e+00,7.948746044086515278e-03,1.741019095704155611e-02,9.998168345687954428e-01,7.364812145127841436e-01,0.000000000000000000e+00,0.000000000000000000e+00,0.000000000000000000e+00,1.000000000000000056e-01
9.984072371457306527e-01,-5.593768280543921778e-02,-7.346050461764249903e-03,4.383668581911458517e+01,5.578576143189545311e-02,9.982528639395630288e-01,-1.947224840442951521e-02,2.672031350851800990e+00,8.422448366856410615e-03,1.903142871195519226e-02,9.997834100867494245e-01,7.621929514435678010e-01,0.000000000000000000e+00,0.000000000000000000e+00,0.000000000000000000e+00,1.000000000000000056e-01
9.983846182270939007e-01,-5.638473889049096244e-02,-6.993947940269059152e-03,4.484240457867862517e+01,5.621720910230527946e-02,9.981717500155059541e-01,-2.219871328996337115e-02,2.731663047177116610e+00,8.232829907615165851e-03,2.176967365932405349e-02,9.997291142206866654e-01,7.952804841624775412e-01,0.000000000000000000e+00,0.000000000000000000e+00,0.000000000000000000e+00,1.000000000000000056e-01
9.984996855315001474e-01,-5.446667997510375170e-02,-5.635491636497935372e-03,4.582426727339906591e+01,5.432582760787790788e-02,9.982653881174412547e-01,-2.269183424612457659e-02,2.792259795062502103e+00,6.861665119672972352e-03,2.235163661175828750e-02,9.997266235789469269e-01,8.160299372211311519e-01,0.000000000000000000e+00,0.000000000000000000e+00,0.000000000000000000e+00,1.000000000000000056e-01
9.983222961045569166e-01,-5.733757017699796926e-02,-8.062018774669136786e-03,4.673772074314767622e+01,5.716530892075425557e-02,9.981607157677393483e-01,-2.018199578904510127e-02,2.848687027231254554e+00,9.204377030522950184e-03,1.968726858231312216e-02,9.997638175585511489e-01,8.405334074827572888e-01,0.000000000000000000e+00,0.000000000000000000e+00,0.000000000000000000e+00,1.000000000000000056e-01
9.984123584123528738e-01,-5.487986951943440994e-02,-1.268709939321086520e-02,4.769198684644442920e+01,5.463746882891978851e-02,9.983307128650785733e-01,-1.872257328127697670e-02,2.906379339033358988e+00,1.369341336015884002e-02,1.799965754768188472e-02,9.997442186673118902e-01,8.564680251368008701e-01,0.000000000000000000e+00,0.000000000000000000e+00,0.000000000000000000e+00,1.000000000000000056e-01
9.985113765811595155e-01,-5.322095344074186801e-02,-1.193988914757107729e-02,4.865416900799021960e+01,5.297028080093304364e-02,9.983874701147987807e-01,-2.041099874190420091e-02,2.966084592272099307e+00,1.300692853321655344e-02,1.974815517029622838e-02,9.997203759939584655e-01,8.827471391591463767e-01,0.000000000000000000e+00,0.000000000000000000e+00,0.000000000000000000e+00,1.000000000000000056e-01
9.987146440889305143e-01,-4.854632108495306880e-02,-1.457101202516089718e-02,4.961859299052044037e+01,4.824994559905853436e-02,9.986341242640093263e-01,-2.004566300083655134e-02,3.032314083643083968e+00,1.552425302578627590e-02,1.931684665186987615e-02,9.996928813407743863e-01,9.034531044031895997e-01,0.000000000000000000e+00,0.000000000000000000e+00,0.000000000000000000e+00,1.000000000000000056e-01
9.988014002709917349e-01,-4.758269108316650481e-02,-1.147389759367468433e-02,5.062735228319377967e+01,4.730533657215697102e-02,9.986077422800065939e-01,-2.334056962078915123e-02,3.094150220360912140e+00,1.256853008514262869e-02,2.276981703290352835e-02,9.996617265274223563e-01,9.417374916973534349e-01,0.000000000000000000e+00,0.000000000000000000e+00,0.000000000000000000e+00,1.000000000000000056e-01
9.989123642576308582e-01,-4.550128115267726425e-02,-1.018439721805601030e-02,5.157899296705224401e+01,4.525957751596115797e-02,9.987145147616285357e-01,-2.282298507035319252e-02,3.145436253331058474e+00,1.120978038619998250e-02,2.233722046069917810e-02,9.996876459203560827e-01,9.665443356317240386e-01,0.000000000000000000e+00,0.000000000000000000e+00,0.000000000000000000e+00,1.000000000000000056e-01
9.989521676464601097e-01,-4.460840574901319550e-02,-1.023019506022036437e-02,5.253740646604111930e+01,4.431975613809977649e-02,9.986553910043332039e-01,-2.689180607251454372e-02,3.184143628161030914e+00,1.141604004452147214e-02,2.641022821775248011e-02,9.995860012401074357e-01,9.924715419860171695e-01,0.000000000000000000e+00,0.000000000000000000e+00,0.000000000000000000e+00,1.000000000000000056e-01
9.989103340132735598e-01,-4.519566290948598408e-02,-1.164030307433217525e-02,5.352158620019434210e+01,4.483104603319855441e-02,9.985475933314491570e-01,-2.988111717355934269e-02,3.239336807680939234e+00,1.297389351965810324e-02,2.932670977356416006e-02,9.994856788272644676e-01,1.034030133430189125e+00,0.000000000000000000e+00,0.000000000000000000e+00,0.000000000000000000e+00,1.000000000000000056e-01
9.989217190767436527e-01,-4.486053463887625797e-02,-1.195539997981769596e-02,5.448284681731175993e+01,4.449869820487640376e-02,9.985888999492166240e-01,-2.898404313212381636e-02,3.279042628716704932e+00,1.323876938520236225e-02,2.842079045571511628e-02,9.995083759804305190e-01,1.052896827297909121e+00,0.000000000000000000e+00,0.000000000000000000e+00,0.000000000000000000e+00,1.000000000000000056e-01
9.988932552250877617e-01,-4.645096664407170201e-02,-7.387310989737827516e-03,5.542494258704590493e+01,4.619592703019575336e-02,9.984327671165861284e-01,-3.159028131780029086e-02,3.322426815198253891e+00,8.843132456804687902e-03,3.121405525958251617e-02,9.994736023340502484e-01,1.085781462732227753e+00,0.000000000000000000e+00,0.000000000000000000e+00,0.000000000000000000e+00,1.000000000000000056e-01
9.987679697160188885e-01,-4.959000239394184550e-02,-1.836935467106283817e-03,5.636644689846329470e+01,4.950714309000711633e-02,9.982718756324685527e-01,-3.165920252152337050e-02,3.368668455404792539e+00,3.403740942996628417e-03,3.152925599823302311e-02,9.994970337943934746e-01,1.122718442762959956e+00,0.000000000000000000e+00,0.000000000000000000e+00,0.000000000000000000e+00,1.000000000000000056e-01
9.987735803558808190e-01,-4.948209507575311583e-02,-1.690399363773231137e-03,5.732346334696653400e+01,4.941335748372897851e-02,9.983662578787239061e-01,-2.869033341420982458e-02,3.430410490718497574e+00,3.107295492887843322e-03,2.857161871766191602e-02,9.995869183410577286e-01,1.134788595624720120e+00,0.000000000000000000e+00,0.000000000000000000e+00,0.000000000000000000e+00,1.000000000000000056e-01
9.987031883929651244e-01,-5.068611485046187193e-02,-4.781135334985736791e-03,5.822709412455252220e+01,5.053063884734942945e-02,9.983186403697406064e-01,-2.839976809749091696e-02,3.484063823167131702e+00,6.212570434562592232e-03,2.812134512569252481e-02,9.995852109334737445e-01,1.152746025510683392e+00,0.000000000000000000e+00,0.000000000000000000e+00,0.000000000000000000e+00,1.000000000000000056e-01
9.984967347221908041e-01,-5.377651109400492097e-02,-1.059988696539794495e-02,5.914419878199441172e+01,5.345731035069421072e-02,9.981664101781984044e-01,-2.839249129678870359e-02,3.542004969562109640e+00,1.210730024375413980e-02,2.778316840328018400e-02,9.995406489154318175e-01,1.173810916137380644e+00,0.000000000000000000e+00,0.000000000000000000e+00,0.000000000000000000e+00,1.000000000000000056e-01
9.984196020272150252e-01,-5.385663146309185162e-02,-1.605495360523329085e-02,6.008753608259866041e+01,5.341739057310169320e-02,9.982169731995381712e-01,-2.663563028563767365e-02,3.601288178957696484e+00,1.746083251675574488e-02,2.573592166216662896e-02,9.995162738365096500e-01,1.207407583774600113e+00,0.000000000000000000e+00,0.000000000000000000e+00,0.000000000000000000e+00,1.000000000000000056e-01
9.983947355695074188e-01,-5.435320489845778258e-02,-1.592736966230364273e-02,6.100037293480365719e+01,5.397002610397552691e-02,9.982642459449391215e-01,-2.357395915662809441e-02,3.669810240026958770e+00,1.718104389813392488e-02,2.267651616206587881e-02,9.995952117458956065e-01,1.224299473885935186e+00,0.000000000000000000e+00,0.000000000000000000e+00,0.000000000000000000e+00,1.000000000000000056e-01
9.983756130250737160e-01,-5.540473159410335552e-02,-1.328348726026527468e-02,6.191964059011893795e+01,5.511376479271120482e-02,9.982517502203582804e-01,-2.135219221450246688e-02,3.729412617726481471e+00,1.444327688517985445e-02,2.058540499909386826e-02,9.996837664250837197e-01,1.259610405119586218e+00,0.000000000000000000e+00,0.000000000000000000e+00,0.000000000000000000e+00,1.000000000000000056e-01
9.982307130629193281e-01,-5.816365759658122248e-02,-1.234635301954700726e-02,6.280417761104767749e+01,5.789659338668161348e-02,9.981019789707968881e-01,-2.098628239580005439e-02,3.792410420201526744e+00,1.354355832537641746e-02,2.023433985991814066e-02,9.997035278112809120e-01,1.295956293639054291e+00,0.000000000000000000e+00,0.000000000000000000e+00,0.000000000000000000e+00,1.000000000000000056e-01
9.982983121697328599e-01,-5.648431940617537617e-02,-1.449143127105680801e-02,6.363154687655703867e+01,5.618008145449517043e-02,9.982079793924769628e-01,-2.060651171243378654e-02,3.854853822510520445e+00,1.562940711699877319e-02,1.975731607302828874e-02,9.996826346870097968e-01,1.325584761371107811e+00,0.000000000000000000e+00,0.000000000000000000e+00,0.000000000000000000e+00,1.000000000000000056e-01
9.982694457363605611e-01,-5.740099770722594669e-02,-1.277650857764200086e-02,6.445226840186188610e+01,5.716260374465483712e-02,9.981971199204647816e-01,-1.830154407750636189e-02,3.902479680031346820e+00,1.380400095447299573e-02,1.753953376530791378e-02,9.997508761251197029e-01,1.351826240111440924e+00,0.000000000000000000e+00,0.000000000000000000e+00,0.000000000000000000e+00,1.000000000000000056e-01
9.981456133648739515e-01,-5.920927119557806151e-02,-1.412787050294665031e-02,6.526239680067618565e+01,5.894403455824968885e-02,9.980897566553044165e-01,-1.850509253559797646e-02,3.953497512136365799e+00,1.519655587478316305e-02,1.763802325215802630e-02,9.997289456774275385e-01,1.381895233582259408e+00,0.000000000000000000e+00,0.000000000000000000e+00,0.000000000000000000e+00,1.000000000000000056e-01
9.981111514992737632e-01,-6.011804387508200981e-02,-1.264713617493986100e-02,6.606850724267319208e+01,5.987864402758086985e-02,9.980337444595867025e-01,-1.852546650950269436e-02,3.996197693366692505e+00,1.373598348179017048e-02,1.773318134487340131e-02,9.997483968665205056e-01,1.414621801521028122e+00,0.000000000000000000e+00,0.000000000000000000e+00,0.000000000000000000e+00,1.000000000000000056e-01
9.980077441962359464e-01,-6.172277253215031900e-02,-1.307064938268066162e-02,6.681931291903211445e+01,6.148422667823798260e-02,9.979470403511522258e-01,-1.792747958177068682e-02,4.049993331918193107e+00,1.415034961121418300e-02,1.708812468705053420e-02,9.997538515057394770e-01,1.438030463202669251e+00,0.000000000000000000e+00,0.000000000000000000e+00,0.000000000000000000e+00,1.000000000000000056e-01
9.979247917369138410e-01,-6.336654889405017588e-02,-1.143636822138156123e-02,6.760770004958052937e+01,6.316229966823001807e-02,9.978513056151235849e-01,-1.741538925243659580e-02,4.104969067235111346e+00,1.251534807577434072e-02,1.665690137603995091e-02,9.997829332905673327e-01,1.457825131753164971e+00,0.000000000000000000e+00,0.000000000000000000e+00,0.000000000000000000e+00,1.000000000000000056e-01
9.978081115480956775e-01,-6.569733701110179458e-02,-7.926691521238683757e-03,6.835935688473684024e+01,6.556984062072267194e-02,9.977292127227916918e-01,-1.539526162594438176e-02,4.164604825796200949e+00,8.920119382395650526e-03,1.484176503007517307e-02,9.998500655003208504e-01,1.482150434466593003e+00,0.000000000000000000e+00,0.000000000000000000e+00,0.000000000000000000e+00,1.000000000000000056e-01
9.979167507913038193e-01,-6.411507867924773341e-02,-7.170437649171485656e-03,6.905419936664542035e+01,6.402252826400220420e-02,9.978705723906601266e-01,-1.246742280591319092e-02,4.213649097943475752e+00,7.954518515398861442e-03,1.198238051015894541e-02,9.998965687472369801e-01,1.507647949520765973e+00,0.000000000000000000e+00,0.000000000000000000e+00,0.000000000000000000e+00,1.000000000000000056e-01
9.979853115239041284e-01,-6.281587246212681774e-02,-8.915388345879446397e-03,6.971752838062042201e+01,6.272340737696975588e-02,9.979778208554800356e-01,-1.029773021447923792e-02,4.262375500437114439e+00,9.544220741303229699e-03,9.717779960943698919e-03,9.999072319985848889e-01,1.539823804707346477e+00,0.000000000000000000e+00,0.000000000000000000e+00,0.000000000000000000e+00,1.000000000000000056e-01
9.977215101150370691e-01,-6.602487063912589049e-02,-1.387460669196484246e-02,7.040489921689523101e+01,6.589517251912675733e-02,9.977803083322526190e-01,-9.606380331289819663e-03,4.322756563478672653e+00,1.447806936178106831e-02,8.670222689271814970e-03,9.998575962336205825e-01,1.562946698111701949e+00,0.000000000000000000e+00,0.000000000000000000e+00,0.000000000000000000e+00,1.000000000000000056e-01
9.976942597303299909e-01,-6.558994564625028612e-02,-1.743912644804251205e-02,7.114562151062094131e+01,6.541483969983810653e-02,9.978036526183531318e-01,-1.042926500369613547e-02,4.377712473595541276e+00,1.808487899305291635e-02,9.264440166290145370e-03,9.997935323356577086e-01,1.590492916363024145e+00,0.000000000000000000e+00,0.000000000000000000e+00,0.000000000000000000e+00,1.000000000000000056e-01
9.975496816705313741e-01,-6.782904357959045061e-02,-1.714215406824800073e-02,7.185576988281908939e+01,6.765241322895192144e-02,9.976517602367673820e-01,-1.068252221054119197e-02,4.429011773651214234e+00,1.782648544499621998e-02,9.496638539904275755e-03,9.997959943274036254e-01,1.612302210437536854e+00,0.000000000000000000e+00,0.000000000000000000e+00,0.000000000000000000e+00,1.000000000000000056e-01
9.975269838147505785e-01,-6.871413960884642513e-02,-1.477442314482522827e-02,7.253581994648550335e+01,6.858054517269732142e-02,9.976016080683030030e-01,-9.366984752398256620e-03,4.480653028947187977e+00,1.538263258554943037e-02,8.330582053614359050e-03,9.998469763005667366e-01,1.630332949358423322e+00,0.000000000000000000e+00,0.000000000000000000e+00,0.000000000000000000e+00,1.000000000000000056e-01
9.974525586463888205e-01,-6.991954707368666644e-02,-1.412976244608554754e-02,7.317181969013284970e+01,6.978351006871647000e-02,9.975130104764807770e-01,-9.902305420335599795e-03,4.528811126023662759e+00,1.478698658488749457e-02,8.891055458086764840e-03,9.998511360000446047e-01,1.649683459783790385e+00,0.000000000000000000e+00,0.000000000000000000e+00,0.000000000000000000e+00,1.000000000000000056e-01
9.973469993026896629e-01,-7.108852292962415664e-02,-1.566476586499120777e-02,7.375527454649675008e+01,7.092257453608634410e-02,9.974221918308525670e-01,-1.090686318384833514e-02,4.566211104639338103e+00,1.639973789711193092e-02,9.766941743565935724e-03,9.998178111265491053e-01,1.675529733596353044e+00,0.000000000000000000e+00,0.000000000000000000e+00,0.000000000000000000e+00,1.000000000000000056e-01
9.973122082469317862e-01,-7.080247909365026959e-02,-1.885121311273540642e-02,7.439751956543310030e+01,7.046592276357389883e-02,9.973525485851021388e-01,-1.795682488302030588e-02,4.597516433010120807e+00,2.007269316027593745e-02,1.658019254998675113e-02,9.996610346533962854e-01,1.707687042606885530e+00,0.000000000000000000e+00,0.000000000000000000e+00,0.000000000000000000e+00,1.000000000000000056e-01
9.972747806777955137e-01,-7.009077745056539743e-02,-2.302812932980400143e-02,7.502411016535157273e+01,6.961149623490837934e-02,9.973532242042575380e-01,-2.099489845913347225e-02,4.621296172468235319e+00,2.443872778996898990e-02,1.933466021804628593e-02,9.995143418171950067e-01,1.728505535790846093e+00,0.000000000000000000e+00,0.000000000000000000e+00,0.000000000000000000e+00,1.000000000000000056e-01
9.976139981462001094e-01,-6.517582294481476246e-02,-2.276889997824910888e-02,7.561246704873413194e+01,6.469547346940633659e-02,9.976791374786149191e-01,-2.123286020526530052e-02,4.662724390266622443e+00,2.409992562898680135e-02,1.970915379698368400e-02,9.995152539312665008e-01,1.757434346201906195e+00,0.000000000000000000e+00,0.000000000000000000e+00,0.000000000000000000e+00,1.000000000000000056e-01
9.979233894013002093e-01,-6.063256658643857017e-02,-2.173938258005509924e-02,7.618399643465448889e+01,6.026874316309686203e-02,9.980371051189307341e-01,-1.701809047352260268e-02,4.716505867122089413e+00,2.272856096108099785e-02,1.567254526123400965e-02,9.996188192714625664e-01,1.767979714703005634e+00,0.000000000000000000e+00,0.000000000000000000e+00,0.000000000000000000e+00,1.000000000000000056e-01
9.983957725999925703e-01,-5.375641787201221322e-02,-1.778001102455997740e-02,7.672295394212572717e+01,5.341016924569062796e-02,9.983840486132307124e-01,-1.940735159162063767e-02,4.737040309457623444e+00,1.879454909303628768e-02,1.842658438842378898e-02,9.996535529433012712e-01,1.794407640768284962e+00,0.000000000000000000e+00,0.000000000000000000e+00,0.000000000000000000e+00,1.000000000000000056e-01
9.988077725747168678e-01,-4.660021011049575446e-02,-1.454145322828178169e-02,7.728954480134825644e+01,4.624418078729793102e-02,9.986435374109716712e-01,-2.392824545621831736e-02,4.745393550861251697e+00,1.563678955682280131e-02,2.322725995374780653e-02,9.996079157386643654e-01,1.813272043012740919e+00,0.000000000000000000e+00,0.000000000000000000e+00,0.000000000000000000e+00,1.000000000000000056e-01
9.991880067494983697e-01,-3.857399894162327758e-02,-1.163502357608852712e-02,7.784437233096168995e+01,3.825488543410085485e-02,9.989164528774059360e-01,-2.650441305226391986e-02,4.752054837872260684e+00,1.264479768079771783e-02,2.603779515383064513e-02,9.995809833701013725e-01,1.844631645914748708e+00,0.000000000000000000e+00,0.000000000000000000e+00,0.000000000000000000e+00,1.000000000000000056e-01
9.995684484963611727e-01,-2.697259984372304270e-02,-1.163596271254590739e-02,7.833121228676814951e+01,2.670346428222648838e-02,9.993857178895193538e-01,-2.269607617580457135e-02,4.767892390516057510e+00,1.224098712952600282e-02,2.237556113532041327e-02,9.996746933367746113e-01,1.868005376570159193e+00,0.000000000000000000e+00,0.000000000000000000e+00,0.000000000000000000e+00,1.000000000000000056e-01
9.998547666848990323e-01,-1.288053321972639116e-02,-1.115963267592999172e-02,7.883542092871378770e+01,1.264349091165715804e-02,9.996983187059383935e-01,-2.105739096105764194e-02,4.779579685521403221e+00,1.142749644729773584e-02,2.091323601204543928e-02,9.997159841097127408e-01,1.874204600773637930e+00,0.000000000000000000e+00,0.000000000000000000e+00,0.000000000000000000e+00,1.000000000000000056e-01
9.999338898995172586e-01,5.750462704494837922e-03,-9.957309330548504492e-03,7.932858096402564740e+01,-5.890678336619509063e-03,9.998830959137458008e-01,-1.411008202234826509e-02,4.772760841889104988e+00,9.875005779972788680e-03,1.416780450977242825e-02,9.998508676678828921e-01,1.887339060279662473e+00,0.000000000000000000e+00,0.000000000000000000e+00,0.000000000000000000e+00,1.000000000000000056e-01
9.995726345596070983e-01,2.770512801548657630e-02,-9.325991701249140842e-03,7.981945715907900762e+01,-2.785334811713754619e-02,9.994814306076675869e-01,-1.615737816341513214e-02,4.745294240064813707e+00,8.873513296987683985e-03,1.641023315177315631e-02,9.998259673611565868e-01,1.905016759060318421e+00,0.000000000000000000e+00,0.000000000000000000e+00,0.000000000000000000e+00,1.000000000000000056e-01
9.986030758612732816e-01,5.210789497443388957e-02,-8.755807315006296221e-03,8.030645820468453167e+01,-5.226849956711215189e-02,9.984476726218890485e-01,-1.924185513239110024e-02,4.727799552565046248e+00,7.739562869241840143e-03,1.967262863133690393e-02,9.997765184526622440e-01,1.921967214697532178e+00,0.000000000000000000e+00,0.000000000000000000e+00,0.000000000000000000e+00,1.000000000000000056e-01
9.967463444565085595e-01,8.031909196635844683e-02,-6.750428007674564267e-03,8.077592238000241309e+01,-8.044069542176979226e-02,9.965537311414187638e-01,-2.024735706651456177e-02,4.680489752269766157e+00,5.100914883548540550e-03,2.072448826428597776e-02,9.997722121831223996e-01,1.936634155805419866e+00,0.000000000000000000e+00,0.000000000000000000e+00,0.000000000000000000e+00,1.000000000000000056e-01
9.935881858740953643e-01,1.129567782579263407e-01,-4.825260305279811465e-03,8.124175057271312994e+01,-1.130340784536908311e-01,9.933673004045622257e-01,-2.108799646901294428e-02,4.619059312187872912e+00,2.411223662150871559e-03,2.149820300727237760e-02,9.997659792510991128e-01,1.949884412296024383e+00,0.000000000000000000e+00,0.000000000000000000e+00,0.000000000000000000e+00,1.000000000000000056e-01
