1.000000000000000000e+00,-5.123783187400892036e-13,-1.890186905186743614e-13,-2.202488414850586925e-21,5.123783187400924348e-13,1.000000000000000000e+00,1.698351384604182793e-14,1.331029681812115788e-19,1.890186905186656776e-13,-1.698351384613867480e-14,1.000000000000000000e+00,5.572500004362197243e-20,0.000000000000000000e+00,0.000000000000000000e+00,0.000000000000000000e+00,1.000000000000000056e-01
9.999966538033615571e-01,-2.141505638631893173e-03,-1.451322045433388721e-03,6.253726503253743685e-01,2.138735469731202835e-03,9.999958934419433954e-01,-1.907592681863542897e-03,-3.159537424697910109e-03,1.455401205979574156e-03,1.904482304746752232e-03,9.999971273731143029e-01,1.251647426251539276e-02,0.000000000000000000e+00,0.000000000000000000e+00,0.000000000000000000e+00,1.000000000000000056e-01
9.999870115998334974e-01,-4.287667139047842031e-03,-2.755456793196920350e-03,1.256102154260507531e+00,4.287707815014657302e-03,9.999908076993935246e-01,8.854803029307648497e-06,-8.434194591733300272e-03,2.755393497761798004e-03,-2.066928164570817444e-05,9.999962036825206235e-01,1.951500236325313248e-02,0.000000000000000000e+00,0.000000000000000000e+00,0.000000000000000000e+00,1.000000000000000056e-01
9.999636726082101745e-01,-8.376218870126980395e-03,-1.578740428298045385e-03,1.986087790718182422e+00,8.377050481860734074e-03,9.999647762332769529e-01,5.208819028238854780e-04,-6.772434052309144782e-03,1.574321798289941583e-03,-5.340881688085325277e-04,9.999986181293969434e-01,2.649800062200625972e-02,0.000000000000000000e+00,0.000000000000000000e+00,0.000000000000000000e+00,1.000000000000000056e-01
9.999078888207010296e-01,-1.333021160452304080e-02,-2.553298397615619535e-03,2.702565033980355302e+00,1.332625647540175776e-02,9.999099848616402886e-01,-1.559827665519991939e-03,-9.022513162833863815e-03,2.573861394955055410e-03,1.525658078649359426e-03,9.999955237924550433e-01,2.485093398746050092e-02,0.000000000000000000e+00,0.000000000000000000e+00,0.000000000000000000e+00,1.000000000000000056e-01
9.997970211504022542e-01,-1.995260819919096942e-02,-2.794624273801516508e-03,3.449169337645781486e+00,1.995254468937331452e-02,9.998009268846412834e-01,-5.060662817360495318e-05,-4.964436700010635417e-03,2.795077673465303902e-03,-5.163509614595946257e-06,9.999960937494393187e-01,3.525073198906268634e-02,0.000000000000000000e+00,0.000000000000000000e+00,0.000000000000000000e+00,1.000000000000000056e-01
9.997039291290715779e-01,-2.419896927846339196e-02,-2.542433825331663882e-03,4.197349210754040882e+00,2.420058153093659209e-02,9.997069397941793500e-01,6.052940786187239802e-04,1.549188755440023338e-02,2.527041246338596493e-03,-6.666432457506495058e-04,9.999965848188293593e-01,5.165316699206402157e-02,0.000000000000000000e+00,0.000000000000000000e+00,0.000000000000000000e+00,1.000000000000000056e-01
9.995417206522444475e-01,-3.006171444428041434e-02,-3.555559058874332729e-03,4.965402185360106024e+00,3.007115012513651708e-02,9.995442986583483735e-01,2.630769800252901088e-03,3.828566183850722754e-02,3.474853335337043259e-03,-2.736483923022945026e-03,9.999902184771793934e-01,6.654082768971021633e-02,0.000000000000000000e+00,0.000000000000000000e+00,0.000000000000000000e+00,1.000000000000000056e-01
9.994199930011367083e-01,-3.388174138118248135e-02,-3.421284932083888067e-03,5.750956984929340265e+00,3.388731254859100872e-02,9.994244052459693162e-01,1.583744605221373662e-03,8.701310148062554872e-02,3.365655633296982512e-03,-1.698764174077244983e-03,9.999928932559665196e-01,6.355910034960994548e-02,0.000000000000000000e+00,0.000000000000000000e+00,0.000000000000000000e+00,1.000000000000000056e-01
9.993532099928584822e-01,-3.591220578646434070e-02,-1.864176096914720764e-03,6.539539378892797572e+00,3.591482291935615967e-02,9.993538880529456714e-01,1.389938175543713964e-03,1.235881825432248449e-01,1.813055884676502459e-03,-1.455990731832416604e-03,9.999972964560193134e-01,6.700640799165596961e-02,0.000000000000000000e+00,0.000000000000000000e+00,0.000000000000000000e+00,1.000000000000000056e-01
9.993124087078190110e-01,-3.700258942781464722e-02,2.349080291001677968e-03,7.326186896967498363e+00,3.700291321544126044e-02,9.993151532332137377e-01,-9.450951828123955285e-05,1.664400445387245464e-01,-2.343974434057482636e-03,1.813673485034797504e-04,9.999972364410500969e-01,8.164173709869670947e-02,0.000000000000000000e+00,0.000000000000000000e+00,0.000000000000000000e+00,1.000000000000000056e-01
9.990734735245435649e-01,-4.292739674671362804e-02,3.071336541862318067e-03,8.128389360405325448e+00,4.292501142464348607e-02,9.990779451314234505e-01,8.384188491322120892e-04,2.084283105884527643e-01,-3.104495739627478705e-03,-7.058048757226044381e-04,9.999949319599975572e-01,7.318298672256440263e-02,0.000000000000000000e+00,0.000000000000000000e+00,0.000000000000000000e+00,1.000000000000000056e-01
9.989545229037226637e-01,-4.558100987955435168e-02,3.497528921359461130e-03,8.962527488602901826e+00,4.556491440279207550e-02,9.989510115497864939e-01,4.551384308590951736e-03,2.615259959639552045e-01,-3.701316747052200550e-03,-4.387261334616931324e-03,9.999835259604629156e-01,7.873325042893301873e-02,0.000000000000000000e+00,0.000000000000000000e+00,0.000000000000000000e+00,1.000000000000000056e-01
9.989600020813361736e-01,-4.553566002475675778e-02,2.327639956412868010e-03,9.743208958151296173e+00,4.553151353386196420e-02,9.989612731806074564e-01,1.804428079864357163e-03,3.073319923884763605e-01,-2.407387997948080057e-03,-1.696570508239549080e-03,9.999956630563644477e-01,9.734261105962412064e-02,0.000000000000000000e+00,0.000000000000000000e+00,0.000000000000000000e+00,1.000000000000000056e-01
9.988961522864365783e-01,-4.685940259807844926e-02,3.267007117104712803e-03,1.052503373527750163e+01,4.685796783416468908e-02,9.989014297044805923e-01,5.143780682005968767e-04,3.587661484520157651e-01,-3.287521529116044228e-03,-3.607249587388268106e-04,9.999945310248949948e-01,9.740240422162010914e-02,0.000000000000000000e+00,0.000000000000000000e+00,0.000000000000000000e+00,1.000000000000000056e-01
9.987208649249434966e-01,-5.050617601019087577e-02,2.400030916529247507e-03,1.128527934440000458e+01,5.051119254255689861e-02,9.987213339012851465e-01,-2.077652128360862448e-03,4.059934344592291411e-01,-2.292027814277472139e-03,2.196222954382608377e-03,9.999949615939238701e-01,1.080682468765084558e-01,0.000000000000000000e+00,0.000000000000000000e+00,0.000000000000000000e+00,1.000000000000000056e-01
9.984738372408742402e-01,-5.521230829104332993e-02,1.263866551106383393e-03,1.211387680808201139e+01,5.521020038225342430e-02,9.984733968985743946e-01,1.646043612254876600e-03,4.688789354053605751e-01,-1.352818995889995025e-03,-1.573753156250945343e-03,9.999978465885651646e-01,1.192889856149422639e-01,0.000000000000000000e+00,0.000000000000000000e+00,0.000000000000000000e+00,1.000000000000000056e-01
9.983693158213045038e-01,-5.705840484732994239e-02,-1.745755646832279238e-03,1.295743996041803392e+01,5.706239786847455003e-02,9.983678950898431381e-01,2.329979265133191261e-03,5.344770882610274665e-01,1.609961490273296167e-03,-2.425796808109529409e-03,9.999957617579414704e-01,1.218656581876463030e-01,0.000000000000000000e+00,0.000000000000000000e+00,0.000000000000000000e+00,1.000000000000000056e-01
9.983436687100524232e-01,-5.746594378525416574e-02,-2.753988275764292226e-03,1.384465608331833586e+01,5.747733968838134727e-02,9.983377448451260516e-01,4.254719719839630300e-03,5.861212236494914851e-01,2.504908960314124362e-03,-4.405964414061626193e-03,9.999871563718618628e-01,1.322449408757476741e-01,0.000000000000000000e+00,0.000000000000000000e+00,0.000000000000000000e+00,1.000000000000000056e-01
9.977888198636276629e-01,-6.632862697733515889e-02,-4.240778047810293654e-03,1.477050644382527800e+01,6.636142461871319398e-02,9.977625479495357830e-01,8.127683053933024843e-03,6.801675430720742765e-01,3.692191452797325291e-03,-8.391135355353893099e-03,9.999579774019126122e-01,1.475035969619890863e-01,0.000000000000000000e+00,0.000000000000000000e+00,0.000000000000000000e+00,1.000000000000000056e-01
9.974652500225473784e-01,-7.107883290591628100e-02,-3.297652223900733332e-03,1.572568297230641754e+01,7.109467065002127162e-02,9.974572224348615679e-01,4.963589194944511077e-03,7.491014577319267120e-01,2.936460900807096996e-03,-5.185453236121073672e-03,9.999822439784188388e-01,1.384165892937798126e-01,0.000000000000000000e+00,0.000000000000000000e+00,0.000000000000000000e+00,1.000000000000000056e-01
9.970443020351088537e-01,-7.680972569363865576e-02,-1.710502321163841211e-03,1.665073795603966644e+01,7.681284203465947591e-02,9.970438361359545976e-01,1.837422612861804938e-03,8.458178510259928284e-01,1.564313869135446674e-03,-1.963380291179800570e-03,9.999968490250111808e-01,1.486315212282447451e-01,0.000000000000000000e+00,0.000000000000000000e+00,0.000000000000000000e+00,1.000000000000000056e-01
9.968941742208492496e-01,-7.875119942598432510e-02,5.039776780349490039e-04,1.754606524928774292e+01,7.874859255300636907e-02,9.968865942118841916e-01,3.972084031179851961e-03,9.441718054242064229e-01,-8.152149726912858926e-04,-3.920059897375475187e-03,9.999919842453485197e-01,1.770644312375767582e-01,0.000000000000000000e+00,0.000000000000000000e+00,0.000000000000000000e+00,1.000000000000000056e-01
9.967835755246674534e-01,-8.013103860316728166e-02,1.232970655528484259e-03,1.848063789612054464e+01,8.012251758980823424e-02,9.967677835526300711e-01,5.862409628131250855e-03,1.022510852322099817e+00,-1.698746399715925399e-03,-5.744764917283606137e-03,9.999820558073603260e-01,1.933213362925230439e-01,0.000000000000000000e+00,0.000000000000000000e+00,0.000000000000000000e+00,1.000000000000000056e-01
9.964789937561160382e-01,-8.383318176107991404e-02,1.269897087247101770e-03,1.941941200476341223e+01,8.382717396502058216e-02,9.964714018832188103e-01,4.213090781225101167e-03,1.107957470796191890e+00,-1.618612936014909853e-03,-4.091804578228021988e-03,9.999903185668633787e-01,2.112254023333832442e-01,0.000000000000000000e+00,0.000000000000000000e+00,0.000000000000000000e+00,1.000000000000000056e-01
9.963772725852466650e-01,-8.503723960854522868e-02,9.992774109527854942e-04,2.035590401940218186e+01,8.503120683940901259e-02,9.963656228733295261e-01,5.023884918628197110e-03,1.182791727744726185e+00,-1.422862965578362924e-03,-4.920714988784241628e-03,9.999868809264351732e-01,2.191801720250177998e-01,0.000000000000000000e+00,0.000000000000000000e+00,0.000000000000000000e+00,1.000000000000000056e-01
9.966162615372001765e-01,-8.209133065628528014e-02,4.128034725566736944e-03,2.128379013197057645e+01,8.206588604120505781e-02,9.966088693072174820e-01,5.995995869032066418e-03,1.275412450858129931e+00,-4.606255299806427152e-03,-5.636936159824736288e-03,9.999735033303848164e-01,2.327211578984088314e-01,0.000000000000000000e+00,0.000000000000000000e+00,0.000000000000000000e+00,1.000000000000000056e-01
9.967590425994832248e-01,-8.005896491371772283e-02,7.872301639659646383e-03,2.222842563674974414e+01,8.001252658924140615e-02,9.967755139666001352e-01,6.047342013318599517e-03,1.363310716198468109e+00,-8.331061455037376551e-03,-5.397860091205282894e-03,9.999507270468220854e-01,2.240644082033791118e-01,0.000000000000000000e+00,0.000000000000000000e+00,0.000000000000000000e+00,1.000000000000000056e-01
9.967952126925088141e-01,-7.911948207977623215e-02,1.180726508231711228e-02,2.318950681894359889e+01,7.905179440151685610e-02,9.968518826565474500e-01,6.094082867606173334e-03,1.450654390305069708e+00,-1.225225510656896555e-02,-5.141167136449728559e-03,9.999117214260859754e-01,2.337553179749444487e-01,0.000000000000000000e+00,0.000000000000000000e+00,0.000000000000000000e+00,1.000000000000000056e-01
9.968912882961903366e-01,-7.724242462933185449e-02,1.553599551184099876e-02,2.412015174724563238e+01,7.716738020949272248e-02,9.970036683620177032e-01,5.374077063407619974e-03,1.527355565182021868e+00,-1.590455125948380191e-02,-4.158498534548222582e-03,9.998648669391142496e-01,2.399317944344600828e-01,0.000000000000000000e+00,0.000000000000000000e+00,0.000000000000000000e+00,1.000000000000000056e-01
9.971153879287172339e-01,-7.496352765992732314e-02,1.189002424484523861e-02,2.507935526648977387e+01,7.492084596887356451e-02,9.971814772675570149e-01,3.996027252279928804e-03,1.591890168374382908e+00,-1.215606824067795404e-02,-3.093689588816605444e-03,9.999213264500642628e-01,2.426758630508006609e-01,0.000000000000000000e+00,0.000000000000000000e+00,0.000000000000000000e+00,1.000000000000000056e-01
9.971830166231587800e-01,-7.447223729938086401e-02,8.939643726781628524e-03,2.604289120778562250e+01,7.443737143903568498e-02,9.972169636342418375e-01,4.171950784730842597e-03,1.665390926805905725e+00,-9.225458882034888453e-03,-3.494754888098166711e-03,9.999513376143300825e-01,2.360006748057083548e-01,0.000000000000000000e+00,0.000000000000000000e+00,0.000000000000000000e+00,1.000000000000000056e-01
9.973393579669395104e-01,-7.247477926042270036e-02,7.849294315149501697e-03,2.698519246040570252e+01,7.244368539367843085e-02,9.973637612685126719e-01,4.176141150282100534e-03,1.741704060705591361e+00,-8.131266609488123007e-03,-3.596398125672587570e-03,9.999604734307486753e-01,2.496020230235079240e-01,0.000000000000000000e+00,0.000000000000000000e+00,0.000000000000000000e+00,1.000000000000000056e-01
9.973777394153970910e-01,-7.186187152608650153e-02,8.574166979972017849e-03,2.794055201979108105e+01,7.185696794141852028e-02,9.974145595079609850e-01,8.789993208877624250e-04,1.810669648612986071e+00,-8.615165517745649454e-03,-2.605807138104872830e-04,9.999628548205145018e-01,2.594095387073024894e-01,0.000000000000000000e+00,0.000000000000000000e+00,0.000000000000000000e+00,1.000000000000000056e-01
9.975012763464835563e-01,-6.922670619703935602e-02,1.410201532565690322e-02,2.894414026115364535e+01,6.929225637289718187e-02,9.975875052855596170e-01,-4.213372151404486989e-03,1.897543129781698479e+00,-1.377631641219673186e-02,5.180004560068647047e-03,9.998916844633065626e-01,2.645238942533944537e-01,0.000000000000000000e+00,0.000000000000000000e+00,0.000000000000000000e+00,1.000000000000000056e-01
9.974036819167976242e-01,-6.984042522223823934e-02,1.755591933202296784e-02,2.992377710730820439e+01,7.000103012784206213e-02,9.975089301863727664e-01,-8.705744050859779565e-03,1.931785547448243046e+00,-1.690417344493647112e-02,9.912073608235705269e-03,9.998079814228972850e-01,2.604152040246568434e-01,0.000000000000000000e+00,0.000000000000000000e+00,0.000000000000000000e+00,1.000000000000000056e-01
9.972290086252444397e-01,-7.160740874679123735e-02,2.016639206407732157e-02,3.083922000010947428e+01,7.190637999246630996e-02,9.973058164300768746e-01,-1.451141037655946306e-02,1.986732391766686145e+00,-1.907293560758693482e-02,1.592129163440707956e-02,9.996913201583781383e-01,2.687507889605049716e-01,0.000000000000000000e+00,0.000000000000000000e+00,0.000000000000000000e+00,1.000000000000000056e-01
9.974450338483246137e-01,-7.011823393007628191e-02,1.366885956624503719e-02,3.175428363348130034e+01,7.030476555798327587e-02,9.974317546715034677e-01,-1.367971903083899099e-02,2.052369766846795063e+00,-1.267455684241606921e-02,1.460575377900062005e-02,9.998129962975054186e-01,2.543099882991733951e-01,0.000000000000000000e+00,0.000000000000000000e+00,0.000000000000000000e+00,1.000000000000000056e-01
9.974855365932397966e-01,-6.989607812307323254e-02,1.171078777494369977e-02,3.274050868579283957e+01,7.006683855251442938e-02,9.974315020919630737e-01,-1.486730539897013377e-02,2.101588922993503861e+00,-1.064154230139628676e-02,1.565045997993703281e-02,9.998208943005062466e-01,2.586088136475126475e-01,0.000000000000000000e+00,0.000000000000000000e+00,0.000000000000000000e+00,1.000000000000000056e-01
9.972998473374786732e-01,-7.278820359776955184e-02,9.741248259410455884e-03,3.368967955985646512e+01,7.288267906225018300e-02,9.972931304841272659e-01,-9.722498746651739993e-03,2.183089799359021477e+00,-9.007196753200163997e-03,1.040621478633092442e-02,9.999052860648701690e-01,2.475457054222037490e-01,0.000000000000000000e+00,0.000000000000000000e+00,0.000000000000000000e+00,1.000000000000000056e-01
9.969796484239381584e-01,-7.683734221527813157e-02,1.129617058002269255e-02,3.464336100094958226e+01,7.697003530534318738e-02,9.969633118118266246e-01,-1.182237566179978119e-02,2.262030723728412518e+00,-1.035346770772745985e-02,1.265613457919639515e-02,9.998663050447986755e-01,2.600567119545847961e-01,0.000000000000000000e+00,0.000000000000000000e+00,0.000000000000000000e+00,1.000000000000000056e-01
9.969429387490765793e-01,-7.724303788541773963e-02,1.175967587082770056e-02,3.562118667931832761e+01,7.737959762058772839e-02,9.969337863644630593e-01,-1.163715932223059225e-02,2.338386198306614094e+00,-1.082472865391737558e-02,1.251154280042896146e-02,9.998631339069973256e-01,2.523046095988793480e-01,0.000000000000000000e+00,0.000000000000000000e+00,0.000000000000000000e+00,1.000000000000000056e-01
9.969747667068528107e-01,-7.674938607806400248e-02,1.228194961952714347e-02,3.659867463670489229e+01,7.688227824911564312e-02,9.969823292973597484e-01,-1.074012849255492723e-02,2.412194829198317070e+00,-1.142058847178587834e-02,1.165190136635667860e-02,9.998668928179924587e-01,2.543683548557532648e-01,0.000000000000000000e+00,0.000000000000000000e+00,0.000000000000000000e+00,1.000000000000000056e-01
9.969032337568377589e-01,-7.761532831513411057e-02,1.264133441111452844e-02,3.759640636462091123e+01,7.772879058981500833e-02,9.969361830504567257e-01,-8.745400975991928297e-03,2.496049489241665142e+00,-1.192382650848180375e-02,9.700914148683901714e-03,9.998818503333658514e-01,2.569107149441741123e-01,0.000000000000000000e+00,0.000000000000000000e+00,0.000000000000000000e+00,1.000000000000000056e-01
9.967879227918057250e-01,-7.859469614984027075e-02,1.538540586112101607e-02,3.858809282055821654e+01,7.875923578438295825e-02,9.968394484382370191e-01,-1.039696186447353239e-02,2.576970446734459852e+00,-1.451963343397852033e-02,1.157530882808865090e-02,9.998275813711468007e-01,2.736232081306235187e-01,0.000000000000000000e+00,0.000000000000000000e+00,0.000000000000000000e+00,1.000000000000000056e-01
9.966531498268003109e-01,-8.032583294325880419e-02,1.517430401333570711e-02,3.960839401452698638e+01,8.044083787973226041e-02,9.967339118858812297e-01,-7.126043634093105587e-03,2.632868794753663089e+00,-1.455233800885918916e-02,8.322827562796621462e-03,9.998594701255951733e-01,2.660258631575930788e-01,0.000000000000000000e+00,0.000000000000000000e+00,0.000000000000000000e+00,1.000000000000000056e-01
9.963235123790527004e-01,-8.397092338935983891e-02,1.698065681314672032e-02,4.062477811813978690e+01,8.417343543309467602e-02,9.963837814747050770e-01,-1.158416080506957657e-02,2.725131716171552476e+00,-1.594651836791482341e-02,1.297089200114362115e-02,9.997887099345723616e-01,2.772048568537058277e-01,0.000000000000000000e+00,0.000000000000000000e+00,0.000000000000000000e+00,1.000000000000000056e-01
9.964288918475381340e-01,-8.297832917352170046e-02,1.562243191881132129e-02,4.164704609755882103e+01,8.318003557187113317e-02,9.964531425921659968e-01,-1.273641631146101363e-02,2.818466389637380498e+00,-1.451017483524828094e-02,1.399040763406386723e-02,9.997968410234567838e-01,2.897471974129153804e-01,0.000000000000000000e+00,0.000000000000000000e+00,0.000000000000000000e+00,1.000000000000000056e-01
9.962897742530558709e-01,-8.472871528219874659e-02,1.509074303747398420e-02,4.270442318374522017e+01,8.492651214490481992e-02,9.963025821237858626e-01,-1.298662344023054742e-02,2.908421724071605485e+00,-1.393460633445745174e-02,1.422004430742440824e-02,9.998017888992790647e-01,2.986042496890887188e-01,0.000000000000000000e+00,0.000000000000000000e+00,0.000000000000000000e+00,1.000000000000000056e-01
9.964103512133641871e-01,-8.386765644281572729e-02,1.151643163701208429e-02,4.377771529065763900e+01,8.402167265574773947e-02,9.963709429747447111e-01,-1.361258681325111346e-02,2.988681609836828290e+00,-1.033298209572216554e-02,1.453135225668127951e-02,9.998410220042992513e-01,3.052318605735973578e-01,0.000000000000000000e+00,0.000000000000000000e+00,0.000000000000000000e+00,1.000000000000000056e-01
9.964426870053003649e-01,-8.334922037871780875e-02,1.244503820472020114e-02,4.481114322526439508e+01,8.352721062944978847e-02,9.963993978090763814e-01,-1.454115298638319551e-02,3.065405969723670854e+00,-1.118823480807145526e-02,1.552892488132403409e-02,9.998168211697129326e-01,3.129079115905181729e-01,0.000000000000000000e+00,0.000000000000000000e+00,0.000000000000000000e+00,1.000000000000000056e-01
9.964130672997831839e-01,-8.335870853639505695e-02,1.457137692128143702e-02,4.581817675057903472e+01,8.356565857984400714e-02,9.964007828511901588e-01,-1.422183671866456001e-02,3.163326613625752959e+00,-1.333341742970122965e-02,1.538849065632326082e-02,9.997926856778687199e-01,3.254438497397347252e-01,0.000000000000000000e+00,0.000000000000000000e+00,0.000000000000000000e+00,1.000000000000000056e-01
9.959971863389877056e-01,-8.852425628042877304e-02,1.237177654247003343e-02,4.676446514532577936e+01,8.867019301425448086e-02,9.959912469323409789e-01,-1.179122152176532816e-02,3.240979936121950900e+00,-1.127837202945095561e-02,1.284103127312802815e-02,9.998539424537005171e-01,3.388729888194076389e-01,0.000000000000000000e+00,0.000000000000000000e+00,0.000000000000000000e+00,1.000000000000000056e-01
9.962142422671040887e-01,-8.666111940633611233e-02,6.858125649211165367e-03,4.772091721608373405e+01,8.674080629832339739e-02,9.961546243920469390e-01,-1.232869924431094152e-02,3.344288790519921228e+00,-5.763334702787375335e-03,1.287690512431803255e-02,9.999004796916155513e-01,3.327188759205673696e-01,0.000000000000000000e+00,0.000000000000000000e+00,0.000000000000000000e+00,1.000000000000000056e-01
9.962774117115337225e-01,-8.606416979053878313e-02,4.927229610283536364e-03,4.866919125061190243e+01,8.612103788884660494e-02,9.962023210480899227e-01,-1.281024478088870454e-02,3.429850359637756085e+00,-3.806014492220565447e-03,1.318689564164925686e-02,9.999058055822164226e-01,3.402131461050622030e-01,0.000000000000000000e+00,0.000000000000000000e+00,0.000000000000000000e+00,1.000000000000000056e-01
9.963503568643461428e-01,-8.516759740362397912e-02,5.696203014665738619e-03,4.963551196674595900e+01,8.524072739209948013e-02,9.962600130018076650e-01,-1.414230841495735767e-02,3.534637488458614030e+00,-4.470432860008853072e-03,1.457624252447158562e-02,9.998837674369516204e-01,3.470026638405538932e-01,0.000000000000000000e+00,0.000000000000000000e+00,0.000000000000000000e+00,1.000000000000000056e-01
9.967562679166261930e-01,-7.996051706642008650e-02,9.124586532525680305e-03,5.064444781495533476e+01,8.010293000812147846e-02,9.966502561470802490e-01,-1.648597968194180641e-02,3.613863892331040883e+00,-7.775794045163354762e-03,1.716340969708959885e-02,9.998224614372979158e-01,3.626972562558683499e-01,0.000000000000000000e+00,0.000000000000000000e+00,0.000000000000000000e+00,1.000000000000000056e-01
9.968098360902176713e-01,-7.933884151674928942e-02,8.689010333371735215e-03,5.158878835557549536e+01,7.946855073438906236e-02,9.967126624009127189e-01,-1.576762676689127257e-02,3.698790628215474552e+00,-7.409461381850343878e-03,1.640782851154579808e-02,9.998379283891797309e-01,3.666489601517929353e-01,0.000000000000000000e+00,0.000000000000000000e+00,0.000000000000000000e+00,1.000000000000000056e-01
9.968810869040247713e-01,-7.775593018108031829e-02,1.349495812239684921e-02,5.253748077120143023e+01,7.799310950402313369e-02,9.967906349192805493e-01,-1.804175731770723407e-02,3.780992226656511246e+00,-1.204879425269341810e-02,1.903800039112693576e-02,9.997461583312854394e-01,3.931998487060545111e-01,0.000000000000000000e+00,0.000000000000000000e+00,0.000000000000000000e+00,1.000000000000000056e-01
9.970581330993917302e-01,-7.534564102742578873e-02,1.407528324837425959e-02,5.353556513131257333e+01,7.558684106164841043e-02,9.969861491266128750e-01,-1.747134534053819757e-02,3.877016975128219745e+00,-1.271647272936859627e-02,1.848385316576431694e-02,9.997482875671603875e-01,4.206130436942664974e-01,0.000000000000000000e+00,0.000000000000000000e+00,0.000000000000000000e+00,1.000000000000000056e-01
9.970649499425635609e-01,-7.497305979851427715e-02,1.550889746183017025e-02,5.450315162886012388e+01,7.527596752896360821e-02,9.969627970379425497e-01,-1.996772482935047985e-02,3.939953554371806721e+00,-1.396475236484968387e-02,2.107656581918997477e-02,9.996803309381743219e-01,4.153575447845606061e-01,0.000000000000000000e+00,0.000000000000000000e+00,0.000000000000000000e+00,1.000000000000000056e-01
9.969678752428379198e-01,-7.552687056520633602e-02,1.872825556232594543e-02,5.543913143566514634e+01,7.586675277853054122e-02,9.969526850108945126e-01,-1.815432930210835599e-02,4.015200288718101973e+00,-1.730004498903260288e-02,1.952013504550188100e-02,9.996597785102603329e-01,4.245008925290957302e-01,0.000000000000000000e+00,0.000000000000000000e+00,0.000000000000000000e+00,1.000000000000000056e-01
9.969639513651158413e-01,-7.426092246764275095e-02,2.341356599729265894e-02,5.638330966735322392e+01,7.464250938009654723e-02,9.970841145607810541e-01,-1.586708177282111082e-02,4.099871684252862636e+00,-2.216699059180174750e-02,1.756655586043957135e-02,9.995999402977698844e-01,4.355437242724642943e-01,0.000000000000000000e+00,0.000000000000000000e+00,0.000000000000000000e+00,1.000000000000000056e-01
9.968876923141788415e-01,-7.462713263150123899e-02,2.541102098915879251e-02,5.734079667498843236e+01,7.500197951872573932e-02,9.970832536187808071e-01,-1.413111535791697869e-02,4.166048478000952571e+00,-2.428233886559926294e-02,1.599301185475810599e-02,9.995772064183084948e-01,4.201399513750029291e-01,0.000000000000000000e+00,0.000000000000000000e+00,0.000000000000000000e+00,1.000000000000000056e-01
9.969090733349502687e-01,-7.534712291070022605e-02,2.225108023289242010e-02,5.822618098731442160e+01,7.560130645082988043e-02,9.970795182929552691e-01,-1.081095109673609403e-02,4.233580111196663331e+00,-2.137152229904292627e-02,1.245974597526554664e-02,9.996939595520487609e-01,4.216585968438041343e-01,0.000000000000000000e+00,0.000000000000000000e+00,0.000000000000000000e+00,1.000000000000000056e-01
9.970612218885737121e-01,-7.488173537345639563e-02,1.617546022603171332e-02,5.912720517575274215e+01,7.499588443924480596e-02,9.971622082891126171e-01,-6.568689150492741484e-03,4.312483099799078623e+00,-1.563768279636480393e-02,7.762478176459585398e-03,9.998475917905289556e-01,4.254894536468596944e-01,0.000000000000000000e+00,0.000000000000000000e+00,0.000000000000000000e+00,1.000000000000000056e-01
9.971452603055472874e-01,-7.491110500256265015e-02,9.468695658710482924e-03,6.011337110956754515e+01,7.497757968867005407e-02,9.971615433772043069e-01,-6.871604879577782911e-03,4.375760670728342738e+00,-8.927059662138607174e-03,7.561928119662186289e-03,9.999315600824396633e-01,4.291857563931864572e-01,0.000000000000000000e+00,0.000000000000000000e+00,0.000000000000000000e+00,1.000000000000000056e-01
9.972937919379488703e-01,-7.290538428732937226e-02,9.481429425142360104e-03,6.103622089439183895e+01,7.294366850853528650e-02,9.973289887712956103e-01,-3.756245591255439643e-03,4.456968303128103770e+00,-9.182253892375572338e-03,4.437690654127996771e-03,9.999479952053077492e-01,4.363445900524244303e-01,0.000000000000000000e+00,0.000000000000000000e+00,0.000000000000000000e+00,1.000000000000000056e-01
9.970855683824344506e-01,-7.549386578043779106e-02,1.100207039619244265e-02,6.197971982484131104e+01,7.552619802737231547e-02,9.971405498124915612e-01,-2.552906416630144198e-03,4.536764744163168217e+00,-1.077788174956797670e-02,3.376410692906752636e-03,9.999362165237466460e-01,4.376302635129980523e-01,0.000000000000000000e+00,0.000000000000000000e+00,0.000000000000000000e+00,1.000000000000000056e-01
9.971920625921316672e-01,-7.388735903719842457e-02,1.219214820113198594e-02,6.285386008645453870e+01,7.393491565359164297e-02,9.972569392717453018e-01,-3.496472743608956130e-03,4.605651580944794432e+00,-1.190035926123758636e-02,4.388080315883367138e-03,9.999195598649897043e-01,4.482222572888323042e-01,0.000000000000000000e+00,0.000000000000000000e+00,0.000000000000000000e+00,1.000000000000000056e-01
9.973698182663990330e-01,-7.109633000619933196e-02,1.409813714289489747e-02,6.365873865233140094e+01,7.114055040613917469e-02,9.974627552748728254e-01,-2.659685577418619603e-03,4.680782895963212731e+00,-1.387327283527008473e-02,3.655639357042548328e-03,9.998970790044990897e-01,4.495364437326243023e-01,0.000000000000000000e+00,0.000000000000000000e+00,0.000000000000000000e+00,1.000000000000000056e-01
9.972706814585208246e-01,-7.250979896189657659e-02,1.391103726408403872e-02,6.446300760998083490e+01,7.252683724285621802e-02,9.973661986962217840e-01,-7.235867584380724577e-04,4.753135167485152301e+00,-1.382193122561515240e-02,1.730535395213429750e-03,9.999029750252972359e-01,4.607625949836769985e-01,0.000000000000000000e+00,0.000000000000000000e+00,0.000000000000000000e+00,1.000000000000000056e-01
9.971761620120305203e-01,-7.336086173101385999e-02,1.605882564323435346e-02,6.524455594211774212e+01,7.336601032930914479e-02,9.973050466767601208e-01,2.690751289444102382e-04,4.817190421757365115e+00,-1.603528744102953457e-02,9.098566636444270755e-04,9.998710125398851956e-01,4.613671140224770983e-01,0.000000000000000000e+00,0.000000000000000000e+00,0.000000000000000000e+00,1.000000000000000056e-01
9.965980667831504380e-01,-8.123006728714687874e-02,1.392729164671734077e-02,6.605782520006680159e+01,8.124080082142376424e-02,9.966944817536346202e-01,-2.057273619932658247e-04,4.883460418464714792e+00,-1.386454348259914468e-02,1.336491817899728395e-03,9.999029894062922974e-01,4.662191273451408713e-01,0.000000000000000000e+00,0.000000000000000000e+00,0.000000000000000000e+00,1.000000000000000056e-01
9.965074909641542522e-01,-8.243694020603516137e-02,1.330305761066308962e-02,6.680489875536510169e+01,8.241797990455727863e-02,9.965959074963681719e-01,1.968184427917256743e-03,4.947141940819176575e+00,-1.342002387397391375e-02,-8.648993911937468033e-04,9.999095733656444551e-01,4.702993788689413535e-01,0.000000000000000000e+00,0.000000000000000000e+00,0.000000000000000000e+00,1.000000000000000056e-01
9.963613498087007248e-01,-8.362255698937043347e-02,1.647205421140071277e-02,6.758800452984483798e+01,8.356857377769338902e-02,9.964942398810411328e-01,3.939969627845927788e-03,5.033159514924111733e+00,-1.674377747540998704e-02,-2.549087378970247338e-03,9.998565637477149215e-01,4.802443883155464999e-01,0.000000000000000000e+00,0.000000000000000000e+00,0.000000000000000000e+00,1.000000000000000056e-01
9.966727673515756170e-01,-7.921874935318801159e-02,1.917771025614713881e-02,6.832524092484733558e+01,7.909872927788019759e-02,9.968426349781889240e-01,6.939172599503895707e-03,5.114195770292520038e+00,-1.966687179946455949e-02,-5.399151846157165639e-03,9.997920100265682564e-01,4.774302464409456714e-01,0.000000000000000000e+00,0.000000000000000000e+00,0.000000000000000000e+00,1.000000000000000056e-01
9.962046459709414936e-01,-8.439336001016249644e-02,2.130878063395900968e-02,6.904806675969206253e+01,8.420053546167040326e-02,9.964007229044491432e-01,9.791283034364686028e-03,5.203985945731835372e+00,-2.205840370196961858e-02,-7.959910909435936877e-03,9.997249955084822615e-01,4.853428488532680607e-01,0.000000000000000000e+00,0.000000000000000000e+00,0.000000000000000000e+00,1.000000000000000056e-01
9.963379185482931222e-01,-8.414870377971035709e-02,1.515743101747187536e-02,6.972803588485827220e+01,8.393729491718894542e-02,9.963715170268923060e-01,1.408298901207438898e-02,5.278857105159934449e+00,-1.628749780781888618e-02,-1.275914220172819601e-02,9.997859379414357761e-01,4.816747491484495436e-01,0.000000000000000000e+00,0.000000000000000000e+00,0.000000000000000000e+00,1.000000000000000056e-01
9.963087466070575937e-01,-8.531420980161959211e-02,9.506158014635128842e-03,7.041614770454651762e+01,8.518212547004912205e-02,9.962735622465543894e-01,1.352755221633574270e-02,5.353926642641744671e+00,-1.062482633640600589e-02,-1.266786384857822648e-02,9.998633098033126165e-01,4.888396755443417119e-01,0.000000000000000000e+00,0.000000000000000000e+00,0.000000000000000000e+00,1.000000000000000056e-01
9.966481084224847464e-01,-8.151663070270867562e-02,6.898325649123200794e-03,7.115570515439817711e+01,8.143163621587520828e-02,9.966088830485364536e-01,1.181621140442241230e-02,5.429118226558351523e+00,-7.838150361437179123e-03,-1.121486280017974790e-02,9.999063907442959920e-01,4.986616420483981904e-01,0.000000000000000000e+00,0.000000000000000000e+00,0.000000000000000000e+00,1.000000000000000056e-01
9.968354010481895733e-01,-7.931920895029907770e-02,5.257975712556226498e-03,7.186566432227654388e+01,7.926183604804669380e-02,9.968001488699352874e-01,1.034526747684355076e-02,5.494680531213333552e+00,-6.061729405673037772e-03,-9.895772045356890714e-03,9.999326622989364033e-01,5.014526939517010007e-01,0.000000000000000000e+00,0.000000000000000000e+00,0.000000000000000000e+00,1.000000000000000056e-01
9.968873324336440245e-01,-7.835896760519163451e-02,8.690145521328936432e-03,7.254142147678489039e+01,7.824826815725911822e-02,9.968565224331212837e-01,1.242103912454964147e-02,5.566279483530085059e+00,-9.636128046213129558e-03,-1.170238772184766483e-02,9.998850929771303520e-01,5.105047423394126760e-01,0.000000000000000000e+00,0.000000000000000000e+00,0.000000000000000000e+00,1.000000000000000056e-01
9.968532621470121979e-01,-7.837065314359209500e-02,1.190018792738413086e-02,7.312964208449595560e+01,7.820417611584731810e-02,9.968409533562794245e-01,1.386436258129249838e-02,5.603444771894747767e+00,-1.294915382956795397e-02,-1.289009067426556687e-02,9.998330685557001996e-01,5.331762602216141289e-01,0.000000000000000000e+00,0.000000000000000000e+00,0.000000000000000000e+00,1.000000000000000056e-01
9.968324833423235498e-01,-7.901568330737897272e-02,9.028950384419046071e-03,7.371452901771846200e+01,7.892503599542526060e-02,9.968304923660055161e-01,9.990404519729380664e-03,5.632256832241089306e+00,-9.789731696892216978e-03,-9.246149512905031329e-03,9.999093308257943624e-01,5.410584215930224206e-01,0.000000000000000000e+00,0.000000000000000000e+00,0.000000000000000000e+00,1.000000000000000056e-01
9.967979394026615925e-01,-7.965251754002082574e-02,7.024560637112731501e-03,7.434087456056492726e+01,7.960706991887177286e-02,9.968049423098802597e-01,6.528507143907812983e-03,5.669222066508673663e+00,-7.522128790419680550e-03,-5.948397778634875559e-03,9.999540160139002154e-01,5.532789707264299528e-01,0.000000000000000000e+00,0.000000000000000000e+00,0.000000000000000000e+00,1.000000000000000056e-01
9.969399997862836704e-01,-7.814940511755040509e-02,1.818599982866058676e-03,7.496144938464051677e+01,7.813930984040039218e-02,9.969294934233854377e-01,5.082656810955637344e-03,5.686456011601493721e+00,-2.210222565851285934e-03,-4.924999732490949189e-03,9.999854295407730742e-01,5.667693179369488465e-01,0.000000000000000000e+00,0.000000000000000000e+00,0.000000000000000000e+00,1.000000000000000056e-01
9.974220455273635766e-01,-7.171299242812390062e-02,2.551433521305726971e-03,7.557289024797535149e+01,7.170360035255421427e-02,9.974194882934629414e-01,3.599731779967124852e-03,5.742422376473314216e+00,-2.802997055115605870e-03,-3.407504865786851501e-03,9.999902660116740671e-01,5.880988141511074296e-01,0.000000000000000000e+00,0.000000000000000000e+00,0.000000000000000000e+00,1.000000000000000056e-01
9.977147404556367949e-01,-6.738208480440115167e-02,4.995130123806914776e-03,7.614416012117889920e+01,6.734988845693214154e-02,9.977091746257090721e-01,6.355736977335281999e-03,5.800861036654114677e+00,-5.411949960972687809e-03,-6.004791012080107522e-03,9.999673261074689679e-01,5.826333701346774196e-01,0.000000000000000000e+00,0.000000000000000000e+00,0.000000000000000000e+00,1.000000000000000056e-01
9.979079123226836101e-01,-6.415078503754605144e-02,8.029651477475915206e-03,7.669312400944578201e+01,6.411659905500909085e-02,9.979325141110617636e-01,4.445110301745701722e-03,5.819304845555878458e+00,-8.298207601788610416e-03,-3.920976796926323171e-03,9.999578819588130774e-01,5.926611191840304160e-01,0.000000000000000000e+00,0.000000000000000000e+00,0.000000000000000000e+00,1.000000000000000056e-01
9.983135850442367287e-01,-5.692342445909272936e-02,1.138901505721875637e-02,7.726145581846402877e+01,5.693045887000925537e-02,9.983781028919791467e-01,-2.941405496162677801e-04,5.811607128976604031e+00,-1.135379975927780852e-02,9.420263598792069431e-04,9.999350998026639292e-01,6.092656133786317207e-01,0.000000000000000000e+00,0.000000000000000000e+00,0.000000000000000000e+00,1.000000000000000056e-01
9.987978916080728631e-01,-4.684084760950305015e-02,1.444668524235545939e-02,7.781183134896778597e+01,4.693132159336541043e-02,9.988801685571014888e-01,-5.988315024836263385e-03,5.827274880950072955e+00,-1.415000963845935988e-02,6.659118452158514952e-03,9.998777092068167338e-01,6.129517920277453014e-01,0.000000000000000000e+00,0.000000000000000000e+00,0.000000000000000000e+00,1.000000000000000056e-01
9.993007307629574454e-01,-3.453400948950943739e-02,1.433358591552382107e-02,7.831540991255364759e+01,3.454159519363617092e-02,9.994032212875747501e-01,-2.819246315116236135e-04,5.863380790979516810e+00,-1.431529594867676954e-02,7.768324126568716508e-04,9.998972291357269837e-01,6.151768336307020801e-01,0.000000000000000000e+00,0.000000000000000000e+00,0.000000000000000000e+00,1.000000000000000056e-01
9.997560625330838002e-01,-1.564530690482408837e-02,1.558973380781392831e-02,7.882758886576533541e+01,1.561261135781059038e-02,9.998756584421791827e-01,2.216759213016115167e-03,5.877803807538934500e+00,-1.562247723424798826e-02,-1.972822007275809673e-03,9.998760154031063330e-01,6.165081599365727083e-01,0.000000000000000000e+00,0.000000000000000000e+00,0.000000000000000000e+00,1.000000000000000056e-01
9.999026360510981926e-01,8.076722477660988175e-04,1.393076033837773418e-02,7.932734928229184845e+01,-8.848784202811145645e-04,9.999842799446241326e-01,5.536863174487859432e-03,5.883841118442307838e+00,-1.392606937532807516e-02,-5.548651112826201437e-03,9.998876322180316745e-01,6.259122458780413956e-01,0.000000000000000000e+00,0.000000000000000000e+00,0.000000000000000000e+00,1.000000000000000056e-01
9.996464344712043815e-01,2.307293341943841836e-02,1.321536198634803462e-02,7.984958939675775014e+01,-2.313499722475211712e-02,9.997219374675212489e-01,4.562855421353951071e-03,5.871948387111366685e+00,-1.310640882998706340e-02,-4.866979515842338039e-03,9.999022625026776634e-01,6.365908818497744148e-01,0.000000000000000000e+00,0.000000000000000000e+00,0.000000000000000000e+00,1.000000000000000056e-01
9.987144720935355879e-01,4.853334750533198905e-02,1.462591572713283113e-02,8.035927200942647630e+01,-4.860889274164406637e-02,9.988060919822336903e-01,4.854499521988252936e-03,5.833972253902724781e+00,-1.437284861681391128e-02,-5.559208496209343958e-03,9.998812511611235854e-01,6.542461070759550967e-01,0.000000000000000000e+00,0.000000000000000000e+00,0.000000000000000000e+00,1.000000000000000056e-01
9.973327148479482762e-01,7.140095581182685780e-02,1.514461631005231679e-02,8.081626968102905550e+01,-7.149988101317027167e-02,9.974219938663450025e-01,6.093698941318731119e-03,5.837615172830402877e+00,-1.467047746747347434e-02,-7.160283572770336294e-03,9.998667448365476940e-01,6.485540103090725594e-01,0.000000000000000000e+00,0.000000000000000000e+00,0.000000000000000000e+00,1.000000000000000056e-01
9.944265545345790658e-01,1.043035654682507168e-01,1.538160807900863965e-02,8.130799181028552880e+01,-1.043278390850181231e-01,9.945426539037671709e-01,7.820216762360567746e-04,5.761174703953874321e+00,-1.521609767110000157e-02,-2.382393053606405783e-03,9.998813902533648657e-01,6.456550102048332906e-01,0.000000000000000000e+00,0.000000000000000000e+00,0.000000000000000000e+00,1.000000000000000056e-01
