1.000000000000000000e+00,-9.527813845802205078e-14,3.920263044947957041e-14,6.169727900425379349e-21,9.527813845802242943e-14,1.000000000000000000e+00,-9.514084408966803794e-15,2.208363527600795388e-20,-3.920263044947866164e-14,9.514084408970539839e-15,1.000000000000000000e+00,-1.232601524099350841e-20,0.000000000000000000e+00,0.000000000000000000e+00,0.000000000000000000e+00,1.000000000000000056e-01
9.999970979482916134e-01,-2.266479321023311296e-03,-8.168025968140136183e-04,6.462950337369088860e-01,2.265287829901933142e-03,9.999963732258926319e-01,-1.456710715563396463e-03,1.709475381943871206e-02,8.201012391690422646e-04,1.454856195131580847e-03,9.999986054127321111e-01,6.593484193041849149e-03,0.000000000000000000e+00,0.000000000000000000e+00,0.000000000000000000e+00,1.000000000000000056e-01
9.999758305849165696e-01,-6.895609929521723941e-03,-8.881495966539907239e-04,1.299010191268341163e+00,6.894940499828196637e-03,9.999759448943968954e-01,-7.546045732781187431e-04,1.889582958076696517e-02,8.933316909100108734e-04,7.484625963030876140e-04,9.999993208808853895e-01,1.042917269498052323e-02,0.000000000000000000e+00,0.000000000000000000e+00,0.000000000000000000e+00,1.000000000000000056e-01
9.999237800083675687e-01,-1.193635802944777516e-02,-3.155555540735115530e-03,2.001015354380793809e+00,1.193590892746335813e-02,9.999287515217315514e-01,-1.611156928677452791e-04,2.351825793186432256e-02,3.157253846798978650e-03,1.234389890812162820e-04,9.999950082430225651e-01,1.659119116846608996e-02,0.000000000000000000e+00,0.000000000000000000e+00,0.000000000000000000e+00,1.000000000000000056e-01
9.998456297098958778e-01,-1.707134628584554975e-02,-4.157629854919042169e-03,2.705494402954508271e+00,1.706786391560017463e-02,9.998539534731850642e-01,-8.716337535667643488e-04,3.301889497929876016e-02,4.171902609160519672e-03,8.005373386361669960e-04,9.999909771435886441e-01,1.898337287941840798e-02,0.000000000000000000e+00,0.000000000000000000e+00,0.000000000000000000e+00,1.000000000000000056e-01
9.997468981692115841e-01,-2.212930959809333506e-02,-4.053795474841120211e-03,3.417110376554036488e+00,2.212814205140250026e-02,9.997550873474506661e-01,-3.326443210081735970e-04,3.936998804558653614e-02,4.060163838204121009e-03,2.428571660069081398e-04,9.999917280107890605e-01,3.633484195282151580e-02,0.000000000000000000e+00,0.000000000000000000e+00,0.000000000000000000e+00,1.000000000000000056e-01
9.996154055842633168e-01,-2.738614614952711301e-02,-4.363475413652197037e-03,4.159164070874123098e+00,2.739222095513690197e-02,9.996238665110126487e-01,1.338556206523300708e-03,6.777592087456429937e-02,4.325176268519546029e-03,-1.457566687944190529e-03,9.999895841205529434e-01,4.717203678476671741e-02,0.000000000000000000e+00,0.000000000000000000e+00,0.000000000000000000e+00,1.000000000000000056e-01
9.994664682764543562e-01,-3.231960098979243245e-02,-4.714041032040983993e-03,4.927043502136566389e+00,3.233565940717600395e-02,9.994713809970654506e-01,3.371008531858289605e-03,1.001079815508537918e-01,4.602599449687987988e-03,-3.521641617109729904e-03,9.999832069183094418e-01,5.711975293756215571e-02,0.000000000000000000e+00,0.000000000000000000e+00,0.000000000000000000e+00,1.000000000000000056e-01
9.993097718367978111e-01,-3.688025567660833948e-02,-4.452712961232957109e-03,5.697602328237278080e+00,3.689763990159516949e-02,9.993114896493712207e-01,3.887264391154602282e-03,1.416072829435400804e-01,4.306283917642412737e-03,-4.048875891222753105e-03,9.999825311088379465e-01,6.517082827064156481e-02,0.000000000000000000e+00,0.000000000000000000e+00,0.000000000000000000e+00,1.000000000000000056e-01
9.991994787492657348e-01,-3.995775426908799999e-02,-1.944104155351304404e-03,6.491116770171398542e+00,3.996587912576385349e-02,9.991916320488291037e-01,4.337159128064896514e-03,1.838506372825468860e-01,1.769229465193231142e-03,-4.411384971695729053e-03,9.999887046910734822e-01,7.641349993311792599e-02,0.000000000000000000e+00,0.000000000000000000e+00,0.000000000000000000e+00,1.000000000000000056e-01
9.990592674954916763e-01,-4.336489395206747505e-02,-2.569122368511227899e-04,7.288510181071817584e+00,4.336537384724793026e-02,9.990565905386824541e-01,2.318027677121967285e-03,2.203254456912231984e-01,1.561488390197977535e-04,-2.326988128336730452e-03,9.999972803681971278e-01,8.320151879180791299e-02,0.000000000000000000e+00,0.000000000000000000e+00,0.000000000000000000e+00,1.000000000000000056e-01
9.989371512164629818e-01,-4.609042889400759291e-02,4.901876211118778599e-04,8.096948893552404769e+00,4.608894733003970900e-02,9.989337041486936464e-01,2.695115911982915499e-03,2.712308373590054944e-01,-6.138839843874814312e-04,-2.669659179863110524e-03,9.999962480261198605e-01,9.759262558971565360e-02,0.000000000000000000e+00,0.000000000000000000e+00,0.000000000000000000e+00,1.000000000000000056e-01
9.988151687531223732e-01,-4.866443451409891569e-02,-1.774319436388997425e-04,8.927478396269929561e+00,4.866467236604584551e-02,9.988136117209588383e-01,1.765985401724341590e-03,3.059538757168329681e-01,9.128075952557015722e-05,-1.772527674443306629e-03,9.999984249054926222e-01,1.009918007597049028e-01,0.000000000000000000e+00,0.000000000000000000e+00,0.000000000000000000e+00,1.000000000000000056e-01
9.987078771491219031e-01,-5.080937347776022517e-02,-9.918100079377733559e-04,9.700704814727819425e+00,5.081146599325649105e-02,9.987058115674216641e-01,2.212886141171322308e-03,3.768601489706939756e-01,8.780910604876515689e-04,-2.260422140912025316e-03,9.999970597195945166e-01,1.185625026899233964e-01,0.000000000000000000e+00,0.000000000000000000e+00,0.000000000000000000e+00,1.000000000000000056e-01
9.985771003603585161e-01,-5.331339304110932487e-02,-1.206962444589762800e-03,1.050317295125873329e+01,5.331378241201160939e-02,9.985777660797077182e-01,2.927391078574527634e-04,4.394105016966486921e-01,1.189638946544840144e-03,-3.566703026367016270e-04,9.999992287724386308e-01,1.270782155934918611e-01,0.000000000000000000e+00,0.000000000000000000e+00,0.000000000000000000e+00,1.000000000000000056e-01
9.984431272704833438e-01,-5.576899042295301728e-02,-1.068322770510076987e-03,1.131010716692138018e+01,5.576882103638398230e-02,9.984436906320883764e-01,-1.877157065149978740e-04,4.967637121647414111e-01,1.077128845213251715e-03,1.278443556529523242e-04,9.999994117244627168e-01,1.503505003503694815e-01,0.000000000000000000e+00,0.000000000000000000e+00,0.000000000000000000e+00,1.000000000000000056e-01
9.982861433546712515e-01,-5.848493254928419094e-02,-2.070905783114672556e-03,1.216418248309719630e+01,5.848551750221019085e-02,9.982882321850978791e-01,2.229871091650247419e-04,5.461647782624154956e-01,2.054319487208565789e-03,-3.437229376499411162e-04,9.999978308106406422e-01,1.549266609559748764e-01,0.000000000000000000e+00,0.000000000000000000e+00,0.000000000000000000e+00,1.000000000000000056e-01
9.981981269556947645e-01,-5.989021487881362321e-02,-3.696147171351638928e-03,1.304150616596199086e+01,5.990316757346726001e-02,9.981980597297004376e-01,3.499152258269367429e-03,6.073771068536618634e-01,3.479921954277188055e-03,-3.714258153518946049e-03,9.999870471308921482e-01,1.697359098734846361e-01,0.000000000000000000e+00,0.000000000000000000e+00,0.000000000000000000e+00,1.000000000000000056e-01
9.983669147611783368e-01,-5.697590339104852825e-02,-4.153305071875533667e-03,1.392821245152620158e+01,5.700529925913815771e-02,9.983468872148435480e-01,7.340888557153894475e-03,6.695215796509139672e-01,3.728185432923707045e-03,-7.565660658948132264e-03,9.999644300734759073e-01,1.875836108274742120e-01,0.000000000000000000e+00,0.000000000000000000e+00,0.000000000000000000e+00,1.000000000000000056e-01
9.975289616600012677e-01,-7.011940470174550522e-02,-4.386312094745969600e-03,1.488594237469656179e+01,7.014105823380796523e-02,9.975245797847083207e-01,4.994464454043659983e-03,7.611609524766770329e-01,4.025245254794487804e-03,-5.289783512959190907e-03,9.999779075514741988e-01,1.915906007753624685e-01,0.000000000000000000e+00,0.000000000000000000e+00,0.000000000000000000e+00,1.000000000000000056e-01
9.972744856073827435e-01,-7.371028223785010269e-02,-3.224073346963673547e-03,1.582627558636769827e+01,7.371370040242951338e-02,9.972789878127172880e-01,9.543794962467318493e-04,8.417280755494104261e-01,3.144953022063528333e-03,-1.189436697967230982e-03,9.999943472394384747e-01,1.890881648781281288e-01,0.000000000000000000e+00,0.000000000000000000e+00,0.000000000000000000e+00,1.000000000000000056e-01
9.970695945162278973e-01,-7.648622085852811725e-02,-1.442813233036779798e-03,1.673085170544139899e+01,7.648931753093886343e-02,9.970679085467794023e-01,2.229360850655224754e-03,9.258568396186610538e-01,1.268067386291027270e-03,-2.333187718912748364e-03,9.999964741138701596e-01,2.048253569574330912e-01,0.000000000000000000e+00,0.000000000000000000e+00,0.000000000000000000e+00,1.000000000000000056e-01
9.970262835047212224e-01,-7.705414600640818346e-02,-1.117400548784846072e-03,1.760297620825638987e+01,7.705602216345809607e-02,9.970252352808288698e-01,1.746328019705265747e-03,1.001523568367100880e+00,9.795147308496873154e-04,-1.827237376719526019e-03,9.999978508749212125e-01,2.213473838685690309e-01,0.000000000000000000e+00,0.000000000000000000e+00,0.000000000000000000e+00,1.000000000000000056e-01
9.969717010973975224e-01,-7.774234349687700329e-02,-1.885534029153161130e-03,1.850193253267595139e+01,7.774404221903030709e-02,9.969729936355934408e-01,8.449027924313234905e-04,1.074985968444115425e+00,1.814141782535942746e-03,-9.889332114000996821e-04,9.999978654480700113e-01,2.241825855230230036e-01,0.000000000000000000e+00,0.000000000000000000e+00,0.000000000000000000e+00,1.000000000000000056e-01
9.968034462996951950e-01,-7.989191846289668553e-02,-4.132909005786966541e-04,1.941986058208901866e+01,7.989192682192623740e-02,9.968035313013146048e-01,3.729496599609345849e-06,1.150975222933796838e+00,4.116718725133016897e-04,-3.673618144865480934e-05,9.999999145883575746e-01,2.341754382854852601e-01,0.000000000000000000e+00,0.000000000000000000e+00,0.000000000000000000e+00,1.000000000000000056e-01
9.966382975900350827e-01,-8.192057849824875559e-02,1.059526002059746124e-03,2.034523892167673509e+01,8.192294491971734149e-02,9.966357143389819040e-01,-2.425695716314194006e-03,1.214462806868437550e+00,-8.572470575823581528e-04,2.504340739486568199e-03,9.999964966963348356e-01,2.501936910898372446e-01,0.000000000000000000e+00,0.000000000000000000e+00,0.000000000000000000e+00,1.000000000000000056e-01
9.966628117569739098e-01,-8.152702898469031678e-02,4.072248225754065282e-03,2.127860507470611395e+01,8.153392218500592203e-02,9.966693523853926706e-01,-1.556132645797867874e-03,1.304088698035424043e+00,-3.931818130596882385e-03,1.882965908184382631e-03,9.999904975776402472e-01,2.525143283317032861e-01,0.000000000000000000e+00,0.000000000000000000e+00,0.000000000000000000e+00,1.000000000000000056e-01
9.967815999803097959e-01,-7.981830328571778987e-02,7.448516716960069083e-03,2.224176802430044830e+01,7.983277211723596722e-02,9.968068795194244824e-01,-1.665364472137102324e-03,1.394253738049478164e+00,-7.291806139162936885e-03,2.254640400763680951e-03,9.999708726557449134e-01,2.641844656216199572e-01,0.000000000000000000e+00,0.000000000000000000e+00,0.000000000000000000e+00,1.000000000000000056e-01
9.969405699502734697e-01,-7.754390843209693629e-02,9.820501631714894514e-03,2.321438642242052097e+01,7.755569252943936287e-02,9.969876805196865588e-01,-8.242865124137601068e-04,1.471439020220945304e+00,-9.727000745502804857e-03,1.583400470522235105e-03,9.999514379705881639e-01,2.668900979747962365e-01,0.000000000000000000e+00,0.000000000000000000e+00,0.000000000000000000e+00,1.000000000000000056e-01
9.970943779181629107e-01,-7.545622656910720705e-02,1.044793740138197889e-02,2.413416866943735783e+01,7.547924246539504389e-02,9.971457016112965643e-01,-1.825846369578357610e-03,1.557090055113943716e+00,-1.028034439314865454e-02,2.609143550431048363e-03,9.999437518626193011e-01,2.643443511508299926e-01,0.000000000000000000e+00,0.000000000000000000e+00,0.000000000000000000e+00,1.000000000000000056e-01
9.971769656675666393e-01,-7.462828130382535841e-02,8.289678622345473744e-03,2.507453551907534006e+01,7.464921215996479786e-02,9.972073292752116069e-01,-2.244451758487955775e-03,1.633388122443738100e+00,-8.099028702333642069e-03,2.856933572333646056e-03,9.999631211522963525e-01,2.712736866070207253e-01,0.000000000000000000e+00,0.000000000000000000e+00,0.000000000000000000e+00,1.000000000000000056e-01
9.973967259671364660e-01,-7.193003373198939010e-02,5.083431651127985965e-03,2.600546230389364055e+01,7.195043182451232866e-02,9.974003857322132349e-01,-3.950430545960647785e-03,1.708060532033938150e+00,-4.786062087251564262e-03,4.305901595150769812e-03,9.999792761958369303e-01,2.724643598970535319e-01,0.000000000000000000e+00,0.000000000000000000e+00,0.000000000000000000e+00,1.000000000000000056e-01
9.974646503555467669e-01,-7.109927770764204458e-02,3.027210025481808734e-03,2.695864125533247702e+01,7.111145606590443813e-02,9.974598436848640670e-01,-4.125657808571552183e-03,1.778919229337758035e+00,-2.726189148560008001e-03,4.330467136242768973e-03,9.999869073878459025e-01,2.798500264426225237e-01,0.000000000000000000e+00,0.000000000000000000e+00,0.000000000000000000e+00,1.000000000000000056e-01
9.973796427167107570e-01,-7.219605873307838317e-02,4.645147758277300837e-03,2.792729067504150109e+01,7.222161040901439732e-02,9.973729422063321026e-01,-5.590451199413630327e-03,1.849831661058577881e+00,-4.229336143518905300e-03,5.911282271586983279e-03,9.999735843799528734e-01,2.874428151067874859e-01,0.000000000000000000e+00,0.000000000000000000e+00,0.000000000000000000e+00,1.000000000000000056e-01
9.975233095460471766e-01,-6.988229444463378570e-02,7.981969396992694143e-03,2.892192990396568320e+01,6.995744971120376743e-02,9.975041671625921591e-01,-9.559901838813342559e-03,1.919494152385017305e+00,-7.293979860502746229e-03,1.009462314387491073e-02,9.999224452133164132e-01,2.928187991931582856e-01,0.000000000000000000e+00,0.000000000000000000e+00,0.000000000000000000e+00,1.000000000000000056e-01
9.973756334722031491e-01,-7.135300405944494662e-02,1.227169782932891265e-02,2.986652856116273114e+01,7.149962363083536832e-02,9.973689782916340674e-01,-1.195512284131390948e-02,1.973245756312977273e+00,-1.138637679731400662e-02,1.280116999320182400e-02,9.998532294643223128e-01,2.985442884334648106e-01,0.000000000000000000e+00,0.000000000000000000e+00,0.000000000000000000e+00,1.000000000000000056e-01
9.974129898754395818e-01,-7.082526959517786158e-02,1.229263252955245175e-02,3.077262688118201339e+01,7.105943101829990949e-02,9.972757370595187743e-01,-1.979044051427300902e-02,2.019387949169022978e+00,-1.085748088148052320e-02,2.061274991756011435e-02,9.997285779899184321e-01,3.131696456345940405e-01,0.000000000000000000e+00,0.000000000000000000e+00,0.000000000000000000e+00,1.000000000000000056e-01
9.973904706569065581e-01,-7.158040022669187596e-02,9.407196510170861767e-03,3.171194030880032599e+01,7.177399460013680899e-02,9.971745266916162143e-01,-2.216882984035971338e-02,2.083975340186133618e+00,-7.793763014994273611e-03,2.278617169991267732e-02,9.997099817633753327e-01,3.091404448749929812e-01,0.000000000000000000e+00,0.000000000000000000e+00,0.000000000000000000e+00,1.000000000000000056e-01
9.974372041037639081e-01,-7.118624899059082523e-02,7.179263493984422775e-03,3.269091553636032188e+01,7.133480057783654626e-02,9.971836888951098876e-01,-2.315246915689508564e-02,2.166198039175439849e+00,-5.510907020331674497e-03,2.360526543359118060e-02,9.997061675050439300e-01,3.079804187207641486e-01,0.000000000000000000e+00,0.000000000000000000e+00,0.000000000000000000e+00,1.000000000000000056e-01
9.973975664114490547e-01,-7.185596821799211664e-02,5.900368460872199364e-03,3.365758717762440000e+01,7.197361507812377601e-02,9.971410657192123494e-01,-2.301073203832352740e-02,2.244789371785981480e+00,-4.230041265191625960e-03,2.337551898479176340e-02,9.997178061148488393e-01,3.064366624119701510e-01,0.000000000000000000e+00,0.000000000000000000e+00,0.000000000000000000e+00,1.000000000000000056e-01
9.975082141216168319e-01,-7.014164006536199869e-02,7.583738447750901050e-03,3.461264712696563350e+01,7.030505229434366732e-02,9.972366432990241725e-01,-2.400576771495436731e-02,2.301463187543812960e+00,-5.878977954737843979e-03,2.447912561011824847e-02,9.996830547866517591e-01,3.189766083246510786e-01,0.000000000000000000e+00,0.000000000000000000e+00,0.000000000000000000e+00,1.000000000000000056e-01
9.973393681678149880e-01,-7.223801636300161699e-02,9.790490006240831419e-03,3.559075917037858972e+01,7.244120526790223669e-02,9.971235588818035955e-01,-2.229080757217992426e-02,2.388510624838541485e+00,-8.152084516075937606e-03,2.294073483620370779e-02,9.997035891719193712e-01,3.145341354960015101e-01,0.000000000000000000e+00,0.000000000000000000e+00,0.000000000000000000e+00,1.000000000000000056e-01
9.973411390062409954e-01,-7.197312972075577131e-02,1.142458068959630556e-02,3.657196875480419607e+01,7.219898543622406406e-02,9.971739660873197852e-01,-2.076987866273486208e-02,2.466479736321609550e+00,-9.897421265851981051e-03,2.153949757733654088e-02,9.997190060694065572e-01,3.234617531202028107e-01,0.000000000000000000e+00,0.000000000000000000e+00,0.000000000000000000e+00,1.000000000000000056e-01
9.973895285820721934e-01,-7.108691454867584192e-02,1.267986020352532620e-02,3.757158899564761612e+01,7.133102576296389274e-02,9.972528055982796680e-01,-1.996813686760239709e-02,2.544151703091998229e+00,-1.122555292335608926e-02,2.082047805188869810e-02,9.997202081858982403e-01,3.191570732624191553e-01,0.000000000000000000e+00,0.000000000000000000e+00,0.000000000000000000e+00,1.000000000000000056e-01
9.972859253899685195e-01,-7.195979453129916492e-02,1.557469068994289489e-02,3.856317356275661723e+01,7.225551667978477588e-02,9.971986464535288475e-01,-1.933907496720766936e-02,2.612721740561385175e+00,-1.413942461387777787e-02,2.041194459778733136e-02,9.996916670600617394e-01,3.361177344722318105e-01,0.000000000000000000e+00,0.000000000000000000e+00,0.000000000000000000e+00,1.000000000000000056e-01
9.974465632264724047e-01,-6.941027364421636925e-02,1.680974182829391914e-02,3.957614527449374719e+01,6.971237218170153738e-02,9.974027979145771994e-01,-1.810645953721759863e-02,2.692364738118592449e+00,-1.550930922055585200e-02,1.923207281620921763e-02,9.996947477618821631e-01,3.325067118195071947e-01,0.000000000000000000e+00,0.000000000000000000e+00,0.000000000000000000e+00,1.000000000000000056e-01
9.974080179469592133e-01,-7.025294003919607677e-02,1.554895980339104575e-02,4.058575451561931402e+01,7.056339528795718685e-02,9.972984815811378745e-01,-2.040945568583872258e-02,2.774089543675862135e+00,-1.407312973555818053e-02,2.145374213991193754e-02,9.996707877934817299e-01,3.458336986737194918e-01,0.000000000000000000e+00,0.000000000000000000e+00,0.000000000000000000e+00,1.000000000000000056e-01
9.974612847488828482e-01,-6.993378999165361654e-02,1.342573813655174343e-02,4.159355145599354842e+01,7.015831202502176289e-02,9.973901235363702433e-01,-1.705147283678782114e-02,2.846907046285120479e+00,-1.219822449816599687e-02,1.795011112799349204e-02,9.997644706777617518e-01,3.612201025146738464e-01,0.000000000000000000e+00,0.000000000000000000e+00,0.000000000000000000e+00,1.000000000000000056e-01
9.975964071264243893e-01,-6.839331483234939446e-02,1.112488088441317483e-02,4.262631185068499207e+01,6.855507775015973193e-02,9.975364431308892943e-01,-1.487433831952029474e-02,2.920312993788444000e+00,-1.008016880408250937e-02,1.560125353992855395e-02,9.998274806609708243e-01,3.696484191449219692e-01,0.000000000000000000e+00,0.000000000000000000e+00,0.000000000000000000e+00,1.000000000000000056e-01
9.975794945620726217e-01,-6.863977203374757585e-02,1.112356617433445972e-02,4.367522200430229873e+01,6.883595358375330098e-02,9.974595055614814409e-01,-1.833429189415920757e-02,2.989901984937275881e+00,-9.836845200316796448e-03,1.905561492579114363e-02,9.997700335658720183e-01,3.786027802654999275e-01,0.000000000000000000e+00,0.000000000000000000e+00,0.000000000000000000e+00,1.000000000000000056e-01
9.975839636461287796e-01,-6.829583567994609861e-02,1.272455519289551751e-02,4.468835711873841632e+01,6.854548390102938038e-02,9.974405946892535013e-01,-2.034150197802816334e-02,3.075361312930556590e+00,-1.130274802218322189e-02,2.116456696287928596e-02,9.997121130567643288e-01,3.869326911459178842e-01,0.000000000000000000e+00,0.000000000000000000e+00,0.000000000000000000e+00,1.000000000000000056e-01
9.975776526653578058e-01,-6.827750945707880548e-02,1.330445808792076953e-02,4.567511127945618199e+01,6.854581355000133325e-02,9.974294863214673290e-01,-2.087800903492334839e-02,3.140328121499390335e+00,-1.184476033709334908e-02,2.173940014886338937e-02,9.996935030966863645e-01,3.885639687297240408e-01,0.000000000000000000e+00,0.000000000000000000e+00,0.000000000000000000e+00,1.000000000000000056e-01
9.970130469337561419e-01,-7.642743783185189377e-02,1.112793737968019100e-02,4.659094589840491807e+01,7.660486913482307536e-02,9.969249606123270491e-01,-1.650202814646476238e-02,3.196651349629294092e+00,-9.832510803670712479e-03,1.730519154960434222e-02,9.998019064178299553e-01,4.011018714417324271e-01,0.000000000000000000e+00,0.000000000000000000e+00,0.000000000000000000e+00,1.000000000000000056e-01
9.970423123145780719e-01,-7.648960792925971197e-02,7.481131814610131325e-03,4.754824861381744228e+01,7.660175266784202686e-02,9.969322338047174048e-01,-1.607148684319353524e-02,3.272194416077055301e+00,-6.228879723850689124e-03,1.659702021340929076e-02,9.998428576418504354e-01,3.967773678882596244e-01,0.000000000000000000e+00,0.000000000000000000e+00,0.000000000000000000e+00,1.000000000000000056e-01
9.971367825416155295e-01,-7.527590426209673780e-02,7.195494429062242528e-03,4.849495148808022549e+01,7.538183019590943834e-02,9.970295442109404771e-01,-1.580087487575690744e-02,3.363489418504603812e+00,-5.984695386575443476e-03,1.629804307418207185e-02,9.998492672463594744e-01,4.079373525524636057e-01,0.000000000000000000e+00,0.000000000000000000e+00,0.000000000000000000e+00,1.000000000000000056e-01
9.972526778631550792e-01,-7.350277229536454626e-02,9.189067398925073946e-03,4.946607496186885555e+01,7.364426806651110102e-02,9.971538570069736762e-01,-1.614643109370441504e-02,3.450636958062561543e+00,-7.976106551071825493e-03,1.677879378893731843e-02,9.998274120083296967e-01,4.136281026762748669e-01,0.000000000000000000e+00,0.000000000000000000e+00,0.000000000000000000e+00,1.000000000000000056e-01
9.972531146485935638e-01,-7.309111686336434988e-02,1.199641443703347923e-02,5.046502568363597874e+01,7.328989024459293955e-02,9.971647121243516487e-01,-1.706249928628282911e-02,3.540531418521930984e+00,-1.071528401931413563e-02,1.789484645435379315e-02,9.997824549164485708e-01,4.295825678097179856e-01,0.000000000000000000e+00,0.000000000000000000e+00,0.000000000000000000e+00,1.000000000000000056e-01
9.973571070435202079e-01,-7.157073428562811535e-02,1.250723884780731085e-02,5.140108086011830579e+01,7.181125016351831702e-02,9.972182214531921662e-01,-1.997406197259012084e-02,3.612303329720004008e+00,-1.104288819705576130e-02,2.081943312264523949e-02,9.997222643438121725e-01,4.397588819535412918e-01,0.000000000000000000e+00,0.000000000000000000e+00,0.000000000000000000e+00,1.000000000000000056e-01
9.974126102394991200e-01,-7.090842055805351984e-02,1.183557473007692228e-02,5.233900910426770281e+01,7.117051605950205917e-02,9.971890156690116358e-01,-2.342700733964722670e-02,3.682195684250539891e+00,-1.014113302610612256e-02,2.420873650213781897e-02,9.996554879046665176e-01,4.434510486948658459e-01,0.000000000000000000e+00,0.000000000000000000e+00,0.000000000000000000e+00,1.000000000000000056e-01
9.974212931524335524e-01,-7.089216479645985003e-02,1.118324356341958252e-02,5.332325280799145162e+01,7.116503918786193372e-02,9.971189897572644290e-01,-2.625371331530998095e-02,3.759663404503800432e+00,-9.289841953298396890e-03,2.698186865144790517e-02,9.995927558763912923e-01,4.575935093767601880e-01,0.000000000000000000e+00,0.000000000000000000e+00,0.000000000000000000e+00,1.000000000000000056e-01
9.973300076300368744e-01,-7.182151670832959134e-02,1.321081444823791334e-02,5.428774651332844314e+01,7.218548509637645605e-02,9.969542769071620958e-01,-2.951991697004542614e-02,3.838425299960907644e+00,-1.105041275570509823e-02,3.039472806643773312e-02,9.994768876185661233e-01,4.486051728758863599e-01,0.000000000000000000e+00,0.000000000000000000e+00,0.000000000000000000e+00,1.000000000000000056e-01
9.971797224928584669e-01,-7.302498401098171665e-02,1.731914429934737834e-02,5.524345728715958614e+01,7.354934786990786899e-02,9.967823249016729559e-01,-3.186675684042774431e-02,3.922577842687644090e+00,-1.493634751125695777e-02,3.305069551176697401e-02,9.993420620834546630e-01,4.554232844627290056e-01,0.000000000000000000e+00,0.000000000000000000e+00,0.000000000000000000e+00,1.000000000000000056e-01
9.970325394795931384e-01,-7.386970250904278945e-02,2.166523182657301497e-02,5.620127164526957841e+01,7.450505536758267322e-02,9.967646883346914510e-01,-3.015216101241997501e-02,3.990763557921897853e+00,-1.936780688532066877e-02,3.167685496180100424e-02,9.993104947493456347e-01,4.736941962283803820e-01,0.000000000000000000e+00,0.000000000000000000e+00,0.000000000000000000e+00,1.000000000000000056e-01
9.969033374243381207e-01,-7.505693906839439045e-02,2.345616613812912324e-02,5.716782843359290922e+01,7.568062473485556718e-02,9.967681242200528979e-01,-2.693973976450367291e-02,4.064890384423823555e+00,-2.135834431687413590e-02,2.863149378779503845e-02,9.993618257125500559e-01,4.619816279207654142e-01,0.000000000000000000e+00,0.000000000000000000e+00,0.000000000000000000e+00,1.000000000000000056e-01
9.967343773217743896e-01,-7.857936685637738339e-02,1.859742373087002257e-02,5.806609957422068646e+01,7.908249976853017060e-02,9.964727701636939550e-01,-2.807092005357752010e-02,4.144368825680599500e+00,-1.632603121812196620e-02,2.944998177834368472e-02,9.994329188484438742e-01,4.654195215682877529e-01,0.000000000000000000e+00,0.000000000000000000e+00,0.000000000000000000e+00,1.000000000000000056e-01
9.964707013180379436e-01,-8.296817353698872355e-02,1.274455156817363988e-02,5.898436063582922628e+01,8.329313741100148605e-02,9.961447354247172647e-01,-2.753033501161971167e-02,4.227829697747131910e+00,-1.041127633720949353e-02,2.849470592155870993e-02,9.995397226020955594e-01,4.637581761771497058e-01,0.000000000000000000e+00,0.000000000000000000e+00,0.000000000000000000e+00,1.000000000000000056e-01
9.965298875368620024e-01,-8.285848737779322182e-02,7.915447885834314690e-03,5.993797571600423169e+01,8.305861208960430009e-02,9.961031057089035912e-01,-2.966259858517774142e-02,4.308427620082546206e+00,-5.426804171694039544e-03,3.021711214760324296e-02,9.995286268686561781e-01,4.737243323289037633e-01,0.000000000000000000e+00,0.000000000000000000e+00,0.000000000000000000e+00,1.000000000000000056e-01
9.963960692273383657e-01,-8.442472591794547565e-02,8.206027174524047410e-03,6.084983705484901861e+01,8.461654818664865463e-02,9.960523687068126852e-01,-2.682757101424196322e-02,4.396519327378227260e+00,-5.908722474935556093e-03,2.742525199934203045e-02,9.996063938128281201e-01,4.763708325638343899e-01,0.000000000000000000e+00,0.000000000000000000e+00,0.000000000000000000e+00,1.000000000000000056e-01
9.963363655892475412e-01,-8.485979567131900214e-02,1.061422079246802583e-02,6.177899856239511678e+01,8.511147941371600967e-02,9.960302533901180810e-01,-2.607240693963394987e-02,4.491257088716332113e+00,-8.359585899903772266e-03,2.688027920686954578e-02,9.996037054319790727e-01,4.969728142903641621e-01,0.000000000000000000e+00,0.000000000000000000e+00,0.000000000000000000e+00,1.000000000000000056e-01
9.961679429688334864e-01,-8.688866000413925095e-02,9.989502686720439992e-03,6.267429604667600529e+01,8.711842923586990417e-02,9.958718384199777285e-01,-2.548844305736565688e-02,4.576513102528024568e+00,-7.733607742679284372e-03,2.626103967284878007e-02,9.996252043173898816e-01,5.119646412448783934e-01,0.000000000000000000e+00,0.000000000000000000e+00,0.000000000000000000e+00,1.000000000000000056e-01
9.959713639443269484e-01,-8.912149124355948915e-02,9.919778293956618351e-03,6.348854792200506836e+01,8.933338380348591901e-02,9.957247369529370618e-01,-2.349031200779292880e-02,4.656595653844679994e+00,-7.783876996470409995e-03,2.428184545145884235e-02,9.996748487585227494e-01,5.205290459967631955e-01,0.000000000000000000e+00,0.000000000000000000e+00,0.000000000000000000e+00,1.000000000000000056e-01
9.958091235366992588e-01,-9.086177215861405976e-02,1.040806616365634249e-02,6.430878110961049288e+01,9.107684648280285622e-02,9.955898348329026426e-01,-2.249197217101285909e-02,4.738074037888408085e+00,-8.318504422004081855e-03,2.334564493839832652e-02,9.996928445010454523e-01,5.297561295044974639e-01,0.000000000000000000e+00,0.000000000000000000e+00,0.000000000000000000e+00,1.000000000000000056e-01
9.957442583904871913e-01,-9.166444728905404071e-02,9.539443671987399634e-03,6.510406737295836876e+01,9.186738848248832134e-02,9.954911904468811690e-01,-2.361509424200944687e-02,4.815696037065769097e+00,-7.331767575854985543e-03,2.439095828055244317e-02,9.996756105549289284e-01,5.328448239297373101e-01,0.000000000000000000e+00,0.000000000000000000e+00,0.000000000000000000e+00,1.000000000000000056e-01
9.957491061222661921e-01,-9.160719868624822571e-02,9.583256521976843759e-03,6.590686235523467928e+01,9.182570161000710995e-02,9.954459275646897476e-01,-2.560167609170024491e-02,4.893440317556882135e+00,-7.194315849176248154e-03,2.637283533738151234e-02,9.996262878574820876e-01,5.418206532014626653e-01,0.000000000000000000e+00,0.000000000000000000e+00,0.000000000000000000e+00,1.000000000000000056e-01
9.956188201627029777e-01,-9.285514039418377163e-02,1.100399201216035149e-02,6.666327103071800764e+01,9.311322901915969341e-02,9.953191110655437157e-01,-2.588037343860051173e-02,4.967768782033811448e+00,-8.549357838620630021e-03,2.679160409666288614e-02,9.996044809975968004e-01,5.542155298955976361e-01,0.000000000000000000e+00,0.000000000000000000e+00,0.000000000000000000e+00,1.000000000000000056e-01
9.953115102258043301e-01,-9.574216953758289683e-02,1.372714771048382139e-02,6.745989894858848857e+01,9.605848786348807067e-02,9.950714169247973917e-01,-2.460979741192658235e-02,5.059682520740400591e+00,-1.130329692650888264e-02,2.581302368016355139e-02,9.996028827925009796e-01,5.622574533488395865e-01,0.000000000000000000e+00,0.000000000000000000e+00,0.000000000000000000e+00,1.000000000000000056e-01
9.952054799195235724e-01,-9.639951127966703281e-02,1.652836843708570258e-02,6.820125271834497482e+01,9.677016756234288475e-02,9.950334999369868649e-01,-2.332099211239535563e-02,5.138432275272390548e+00,-1.419814805200953281e-02,2.480863213060476719e-02,9.995913887002536580e-01,5.697358709584284808e-01,0.000000000000000000e+00,0.000000000000000000e+00,0.000000000000000000e+00,1.000000000000000056e-01
9.949765653972253432e-01,-9.848541123928977736e-02,1.795154821649109014e-02,6.892880944025486656e+01,9.885197746927562590e-02,9.948842453349424630e-01,-2.082366285589117363e-02,5.211966655063477560e+00,-1.580888550008680352e-02,2.249360258717956682e-02,9.996219870440501420e-01,5.755364903867162818e-01,0.000000000000000000e+00,0.000000000000000000e+00,0.000000000000000000e+00,1.000000000000000056e-01
9.950931201636901147e-01,-9.780300258912104361e-02,1.497514231799523983e-02,6.959654986193886828e+01,9.808658029305204751e-02,9.949859677703946081e-01,-1.954345686990682091e-02,5.292628708670154225e+00,-1.298864770892201211e-02,2.091641997483400378e-02,9.996968532540901897e-01,5.881057656348815943e-01,0.000000000000000000e+00,0.000000000000000000e+00,0.000000000000000000e+00,1.000000000000000056e-01
9.950809822204292887e-01,-9.861685338119850763e-02,9.410369409161267393e-03,7.028733569023519578e+01,9.878097169800099941e-02,9.949287568555165162e-01,-1.894962829015857039e-02,5.367354450528134535e+00,-7.493894423089222587e-03,1.978598016595712120e-02,9.997761532139322060e-01,5.902329345135124417e-01,0.000000000000000000e+00,0.000000000000000000e+00,0.000000000000000000e+00,1.000000000000000056e-01
9.952308551439557061e-01,-9.749918910137191086e-02,3.074588428644674069e-03,7.101751700791875521e+01,9.754300669756248154e-02,9.949966726517593951e-01,-2.160979537910428724e-02,5.429397908796349093e+00,-9.522677301658103236e-04,2.180663973431939615e-02,9.997617534441231024e-01,6.080807860591921354e-01,0.000000000000000000e+00,0.000000000000000000e+00,0.000000000000000000e+00,1.000000000000000056e-01
9.950983138517269788e-01,-9.889031607722174877e-02,2.261760313452675520e-04,7.171543778983698303e+01,9.887517242143002705e-02,9.949003590293616917e-01,-1.992425360910006840e-02,5.505001105306788212e+00,1.745293122217388962e-03,1.984895436526652387e-02,9.998014667735405370e-01,6.082443064990062931e-01,0.000000000000000000e+00,0.000000000000000000e+00,0.000000000000000000e+00,1.000000000000000056e-01
9.950613876151364057e-01,-9.921901109217956538e-02,2.902191470104691431e-03,7.237423638974040330e+01,9.925653940298695410e-02,9.948775436225264501e-01,-1.915235184908611887e-02,5.579097022450108412e+00,-9.870477103442029578e-04,1.934582728905241689e-02,9.998123647481659271e-01,6.202600000787680257e-01,0.000000000000000000e+00,0.000000000000000000e+00,0.000000000000000000e+00,1.000000000000000056e-01
9.949363254462741946e-01,-1.003067970017544608e-01,6.344665689722138111e-03,7.297739849398938361e+01,1.004171813514567468e-01,9.947340428882869290e-01,-2.050789137264767345e-02,5.645385125668426873e+00,-4.254174055461702394e-03,2.104115953013261861e-02,9.997695592528976771e-01,6.356139587666629343e-01,0.000000000000000000e+00,0.000000000000000000e+00,0.000000000000000000e+00,1.000000000000000056e-01
9.949188765276059110e-01,-1.006176376963442559e-01,3.538377234491448062e-03,7.356687853856561787e+01,1.006712375218162953e-01,9.946786172061916620e-01,-2.190320544131479225e-02,5.697529169026200435e+00,-1.315699385275014618e-03,2.214812536504153634e-02,9.997538344402295829e-01,6.552004904856245648e-01,0.000000000000000000e+00,0.000000000000000000e+00,0.000000000000000000e+00,1.000000000000000056e-01
9.949034709333860471e-01,-1.008318833620678034e-01,1.217471128531803174e-04,7.420680279420818692e+01,1.007925443515463870e-01,9.944801088772119435e-01,-2.915777856267997778e-02,5.748420402443016108e+00,2.818958645083430997e-03,2.902144629798930967e-02,9.995748141719709157e-01,6.712904342162109295e-01,0.000000000000000000e+00,0.000000000000000000e+00,0.000000000000000000e+00,1.000000000000000056e-01
9.950396179406255648e-01,-9.943714676168668998e-02,-2.900443495173551847e-03,7.483004024552012368e+01,9.928833491606381401e-02,9.945122621512296757e-01,-3.297251856378841800e-02,5.818108307385656097e+00,6.163219789156735781e-03,3.252098206909830730e-02,9.994520500989989564e-01,6.973517213721123209e-01,0.000000000000000000e+00,0.000000000000000000e+00,0.000000000000000000e+00,1.000000000000000056e-01
9.954639650036883891e-01,-9.511059927383345991e-02,-2.338436423696389765e-03,7.543538314664658628e+01,9.499637232348785709e-02,9.950147272107743301e-01,-3.035427283012574404e-02,5.871080469792564038e+00,5.213791759618701879e-03,2.999444180912043748e-02,9.995364674868278954e-01,7.100848840186629873e-01,0.000000000000000000e+00,0.000000000000000000e+00,0.000000000000000000e+00,1.000000000000000056e-01
9.959292485621986657e-01,-9.013840275100579169e-02,1.441637109732729800e-05,7.600013681336926652e+01,9.010928491275954633e-02,9.956034383310625735e-01,-2.557558124221783608e-02,5.949277098439107014e+00,2.290989053969343971e-03,2.547276845699408820e-02,9.996728912180679050e-01,7.135343031373299061e-01,0.000000000000000000e+00,0.000000000000000000e+00,0.000000000000000000e+00,1.000000000000000056e-01
9.965248079338462350e-01,-8.325209875858098629e-02,2.719416242945051337e-03,7.655859009913356772e+01,8.329518257353661637e-02,9.961615452200973664e-01,-2.690889044069293135e-02,5.988150897835727626e+00,-4.687562822163699253e-04,2.704189115057398229e-02,9.996341912872670488e-01,7.274732142287226866e-01,0.000000000000000000e+00,0.000000000000000000e+00,0.000000000000000000e+00,1.000000000000000056e-01
9.970750281636070467e-01,-7.610599758640354540e-02,7.018927547746519474e-03,7.713551034146800589e+01,7.629121162010821244e-02,9.965834035796049539e-01,-3.164128219946521492e-02,6.016386717604028433e+00,-4.586855358308663047e-03,3.208421482705575700e-02,9.994746439589416998e-01,7.396472580090027726e-01,0.000000000000000000e+00,0.000000000000000000e+00,0.000000000000000000e+00,1.000000000000000056e-01
9.977454406888792704e-01,-6.645787459869099967e-02,9.348074046493204739e-03,7.768346217446359958e+01,6.674753327430298089e-02,9.971507881063295109e-01,-3.514359942751715815e-02,6.036917862275324786e+00,-6.985870479036459732e-03,3.568832698167050121e-02,9.993385517085285885e-01,7.543291569655160567e-01,0.000000000000000000e+00,0.000000000000000000e+00,0.000000000000000000e+00,1.000000000000000056e-01
9.983777124264163749e-01,-5.623808895376879863e-02,8.900600037285405497e-03,7.817986088860097027e+01,5.650420341587748113e-02,9.978509223292022501e-01,-3.317848403856825390e-02,6.075153764464707784e+00,-7.015577419776374522e-03,3.362758031123228020e-02,9.994098095955826766e-01,7.622178923860686295e-01,0.000000000000000000e+00,0.000000000000000000e+00,0.000000000000000000e+00,1.000000000000000056e-01
9.991483000255385605e-01,-4.045071057192946296e-02,8.149513500967240504e-03,7.867171833461823383e+01,4.066559824491081110e-02,9.987747946125262732e-01,-2.819962350970942402e-02,6.116002653964156544e+00,-6.998833864291931738e-03,2.850701073300819163e-02,9.995690904903012930e-01,7.593248948705100254e-01,0.000000000000000000e+00,0.000000000000000000e+00,0.000000000000000000e+00,1.000000000000000056e-01
9.996673615681472835e-01,-2.427602868149170146e-02,8.708653560362723464e-03,7.915174308693440253e+01,2.446614775350763188e-02,9.994489399152510778e-01,-2.243265736341679140e-02,6.131913322012239043e+00,-8.159278735437319394e-03,2.263826260419107839e-02,9.997104256917506149e-01,7.632217525793723034e-01,0.000000000000000000e+00,0.000000000000000000e+00,0.000000000000000000e+00,1.000000000000000056e-01
9.999582093309837827e-01,1.609383073389520627e-03,8.999415408537081093e-03,7.964581996699261879e+01,-1.399149305765978431e-03,9.997271072630592448e-01,-2.331852020724904662e-02,6.144982450914381111e+00,-9.034487965153418024e-03,2.330495418486796394e-02,9.996875797656229468e-01,7.666032571481482538e-01,0.000000000000000000e+00,0.000000000000000000e+00,0.000000000000000000e+00,1.000000000000000056e-01
9.995943299393718062e-01,2.617408928073759050e-02,1.122909628519540119e-02,8.014338136647344868e+01,-2.589378834081933894e-02,9.993663735510296409e-01,-2.442054751279638253e-02,6.136814400336976227e+00,-1.186116682367549351e-02,2.411987698533876040e-02,9.996387068615305571e-01,7.814917690752488655e-01,0.000000000000000000e+00,0.000000000000000000e+00,0.000000000000000000e+00,1.000000000000000056e-01
9.985141919214921558e-01,5.290470582323722470e-02,1.305758910083346276e-02,8.062607898396754535e+01,-5.259898056602380079e-02,9.983567488669050638e-01,-2.274091544591966621e-02,6.116249307674110902e+00,-1.423923364456552119e-02,2.202031093468359221e-02,9.996561159376534667e-01,7.854206497662653552e-01,0.000000000000000000e+00,0.000000000000000000e+00,0.000000000000000000e+00,1.000000000000000056e-01
9.964167696294962129e-01,8.342199674805705900e-02,1.394244095152359295e-02,8.111959435406730279e+01,-8.310731916862387769e-02,9.963020723036140058e-01,-2.180261966206607782e-02,6.074660882277926000e+00,-1.570970087952172980e-02,2.056577696298845376e-02,9.996650709693645220e-01,7.836323193965677447e-01,0.000000000000000000e+00,0.000000000000000000e+00,0.000000000000000000e+00,1.000000000000000056e-01
