1.000000000000000000e+00,0.000000000000000000e+00,0.000000000000000000e+00,0.000000000000000000e+00,0.000000000000000000e+00,1.000000000000000000e+00,0.000000000000000000e+00,0.000000000000000000e+00,0.000000000000000000e+00,0.000000000000000000e+00,1.000000000000000000e+00,0.000000000000000000e+00,0.000000000000000000e+00,0.000000000000000000e+00,0.000000000000000000e+00,1.000000000000000000e+00
9.999970981317140017e-01,-2.266384241724110540e-03,-8.168418579497600720e-04,6.462950321944584964e-01,2.265192701421836919e-03,9.999963734553598549e-01,-1.456701120214300019e-03,1.709474829847379418e-02,8.201403401000562088e-04,1.454846588844604894e-03,9.999986053946402498e-01,6.593487274570764001e-03,0.000000000000000000e+00,0.000000000000000000e+00,0.000000000000000000e+00,1.000000000000000000e+00
9.999758318259972523e-01,-6.895419863603140243e-03,-8.882279045572473615e-04,1.299010188207741168e+00,6.894750392435448558e-03,9.999759462196821103e-01,-7.545853680652802936e-04,1.889575647818905746e-02,8.934097222541034864e-04,7.484430214212617945e-04,9.999993208258252109e-01,1.042920437645925361e-02,0.000000000000000000e+00,0.000000000000000000e+00,0.000000000000000000e+00,1.000000000000000000e+00
9.999237830398813864e-01,-1.193607309752308179e-02,-3.155672705522943877e-03,2.001015350184446095e+00,1.193562407266338977e-02,9.999287549266795416e-01,-1.610862367878096110e-04,2.351804595371431369e-02,3.157370616486970902e-03,1.234090361748731255e-04,9.999950078780392992e-01,1.659128071428638690e-02,0.000000000000000000e+00,0.000000000000000000e+00,0.000000000000000000e+00,1.000000000000000000e+00
9.998456355388527506e-01,-1.707096681677866892e-02,-4.157786171884625577e-03,2.705494399662134342e+00,1.706748448368896470e-02,9.998539599847221515e-01,-8.715940961515420814e-04,3.301847679469481489e-02,4.172057922621671619e-03,8.004966020235076930e-04,9.999909765282286589e-01,1.898354774149623933e-02,0.000000000000000000e+00,0.000000000000000000e+00,0.000000000000000000e+00,1.000000000000000000e+00
9.997469078709161350e-01,-2.212883558619366600e-02,-4.053990397635708585e-03,3.417110371456059337e+00,2.212766818938426833e-02,9.997550978520711729e-01,-3.325947929470794923e-04,3.936929483478294328e-02,4.060357502169602457e-03,2.428052614610687690e-04,9.999917272370604238e-01,3.633513065416932308e-02,0.000000000000000000e+00,0.000000000000000000e+00,0.000000000000000000e+00,1.000000000000000000e+00
9.996154201478973933e-01,-2.738557748394018776e-02,-4.363708103955790153e-03,4.159164075641567315e+00,2.739165288178527918e-02,9.996238819976615009e-01,1.338615825791255936e-03,6.777487079338767595e-02,4.325408067362514208e-03,-1.457630198775848769e-03,9.999895830253705542e-01,4.717247173703960350e-02,0.000000000000000000e+00,0.000000000000000000e+00,0.000000000000000000e+00,1.000000000000000000e+00
9.994664884540684913e-01,-3.231893764667044533e-02,-4.714310838962423172e-03,4.927043521491428990e+00,3.233499733226841144e-02,9.994714021813705385e-01,3.371078332937801035e-03,1.001064899454362223e-01,4.602869194092354919e-03,-3.521717052126302136e-03,9.999832054110642243e-01,5.712036838005989797e-02,0.000000000000000000e+00,0.000000000000000000e+00,0.000000000000000000e+00,1.000000000000000000e+00
9.993097984219900809e-01,-3.687949817624481402e-02,-4.453020555985062051e-03,5.697602371457079151e+00,3.689688398814435638e-02,9.993115172501115806e-01,3.887343983374254124e-03,1.416052756750280084e-01,4.306591432802086943e-03,-4.048963515273692679e-03,9.999825294297309819e-01,6.517165364333687982e-02,0.000000000000000000e+00,0.000000000000000000e+00,0.000000000000000000e+00,1.000000000000000000e+00
9.991995121272692071e-01,-3.995690279731335670e-02,-1.944449401891598130e-03,6.491116840448908576e+00,3.996502933841438593e-02,9.991916656589328039e-01,4.337246558223518088e-03,1.838480248441979603e-01,1.769574697530670697e-03,-4.411484622346257232e-03,9.999887036406043261e-01,7.641457157185933824e-02,0.000000000000000000e+00,0.000000000000000000e+00,0.000000000000000000e+00,1.000000000000000000e+00
9.990593083845261679e-01,-4.336394963956267251e-02,-2.572972857631774168e-04,7.288510278619980021e+00,4.336443044824223741e-02,9.990566312659496795e-01,2.318123256414024187e-03,2.203221500322299353e-01,1.565315793990061047e-04,-2.327100167556086542e-03,9.999972800476382151e-01,8.320286860651357475e-02,0.000000000000000000e+00,0.000000000000000000e+00,0.000000000000000000e+00,1.000000000000000000e+00
9.989371993085314205e-01,-4.608939105577434386e-02,4.897649822554695160e-04,8.096949032247053424e+00,4.608791055965052313e-02,9.989337517011491752e-01,2.695220308765412884e-03,2.712267741373171059e-01,-6.134638339684452641e-04,-2.669783582060158544e-03,9.999962479518357261e-01,9.759428666781047590e-02,0.000000000000000000e+00,0.000000000000000000e+00,0.000000000000000000e+00,1.000000000000000000e+00
9.988152237563592273e-01,-4.866330389982278376e-02,-1.778934788060609201e-04,8.927478568244316293e+00,4.866354258214208167e-02,9.988136665634165245e-01,1.766100082101515955e-03,3.059489453958150751e-01,9.173817281120528187e-05,-1.772664575561314071e-03,9.999984246209639993e-01,1.009938145860071329e-01,0.000000000000000000e+00,0.000000000000000000e+00,0.000000000000000000e+00,1.000000000000000000e+00
9.987079389160173903e-01,-5.080814963476316254e-02,-9.923088302979052051e-04,9.700705057493246741e+00,5.081024339041670390e-02,9.987058734918179415e-01,2.213011421491150113e-03,3.768543405138752300e-01,8.785856416897609841e-04,-2.260571528740898135e-03,9.999970589474916904e-01,1.185648698618243235e-01,0.000000000000000000e+00,0.000000000000000000e+00,0.000000000000000000e+00,1.000000000000000000e+00
9.985771699467733686e-01,-5.331207744257224906e-02,-1.207501491756676542e-03,1.050317326511044946e+01,5.331246716584068374e-02,9.985778362597984570e-01,2.928743602096065424e-04,4.394037063159828560e-01,1.190170486346431387e-03,-3.568325334000394845e-04,9.999992280820800827e-01,1.270809805094543499e-01,0.000000000000000000e+00,0.000000000000000000e+00,0.000000000000000000e+00,1.000000000000000000e+00
9.984432052866700769e-01,-5.576758260048810673e-02,-1.068900267301333426e-03,1.131010754259629181e+01,5.576741329533000530e-02,9.984437692887340177e-01,-1.875709293044295191e-04,4.967558514130022140e-01,1.077697189171523354e-03,1.276691168952675951e-04,9.999994111345089642e-01,1.503536959209200441e-01,0.000000000000000000e+00,0.000000000000000000e+00,0.000000000000000000e+00,1.000000000000000000e+00
9.982862299772461423e-01,-5.848343219379058266e-02,-2.071520372791408725e-03,1.216418292467360374e+01,5.848401767540113011e-02,9.982883200176676519e-01,2.231431070682810003e-04,5.461557083185822892e-01,2.054924418064576087e-03,-3.439115251978536528e-04,9.999978295028936204e-01,1.549303454746976949e-01,0.000000000000000000e+00,0.000000000000000000e+00,0.000000000000000000e+00,1.000000000000000000e+00
9.981982202381873837e-01,-5.988862017747899336e-02,-3.696794091908189601e-03,1.304150668936080493e+01,5.990157586126688971e-02,9.981981546587956888e-01,3.499320664503769492e-03,6.073667152812917136e-01,3.480563554540624677e-03,-3.714459451090250039e-03,9.999870441502369811e-01,1.697401275404541166e-01,0.000000000000000000e+00,0.000000000000000000e+00,0.000000000000000000e+00,1.000000000000000000e+00
9.983670083776288173e-01,-5.697421356449503677e-02,-4.153982645213653846e-03,1.392821306141874693e+01,5.700361526092063980e-02,9.983469820518673377e-01,7.341067709464381072e-03,6.695097710236086463e-01,3.728864477874442845e-03,-7.565871835903791552e-03,9.999644259437769911e-01,1.875883999890826381e-01,0.000000000000000000e+00,0.000000000000000000e+00,0.000000000000000000e+00,1.000000000000000000e+00
9.975290835417919277e-01,-7.011762582538963451e-02,-4.387030532081221193e-03,1.488594313554034088e+01,7.013928392906888798e-02,9.975247035942458318e-01,4.994654055240914554e-03,7.611475229476994953e-01,4.025958047000577529e-03,-5.290015862427838687e-03,9.999779034528605282e-01,1.915960379778014200e-01,0.000000000000000000e+00,0.000000000000000000e+00,0.000000000000000000e+00,1.000000000000000000e+00
9.972746211389252879e-01,-7.370841515122147913e-02,-3.224836137550059472e-03,1.582627649155657323e+01,7.371183483594273556e-02,9.972791255149662248e-01,9.545769875813780612e-04,8.417129667844761576e-01,3.145701406290536684e-03,-1.189683992382178576e-03,9.999943445913381801e-01,1.890942743621123190e-01,0.000000000000000000e+00,0.000000000000000000e+00,0.000000000000000000e+00,1.000000000000000000e+00
9.970697436389737156e-01,-7.648426183379171406e-02,-1.443610562579384455e-03,1.673085275526402782e+01,7.648736062866233476e-02,9.970680582110738044e-01,2.229564814414623699e-03,9.258400356426299549e-01,1.268851361402938702e-03,-2.333449579642164155e-03,9.999964725084189432e-01,2.048321449302530906e-01,0.000000000000000000e+00,0.000000000000000000e+00,0.000000000000000000e+00,1.000000000000000000e+00
9.970264409817034545e-01,-7.705209622270021985e-02,-1.118235686842402373e-03,1.760297739267673123e+01,7.705397411685201148e-02,9.970253931906006839e-01,1.746541133145386102e-03,1.001505050294668075e+00,9.803347199057986256e-04,-1.827512193678537938e-03,9.999978495691969060e-01,2.213548587750129581e-01,0.000000000000000000e+00,0.000000000000000000e+00,0.000000000000000000e+00,1.000000000000000000e+00
9.969718663154453209e-01,-7.774020350453945960e-02,-1.886407849932716105e-03,1.850193386503728021e+01,7.774190349567491887e-02,9.969731602207908550e-01,8.451273515859785259e-04,1.074965598670576616e+00,1.814997623313190610e-03,-9.892211300078044157e-04,9.999978636103090679e-01,2.241908018723717255e-01,0.000000000000000000e+00,0.000000000000000000e+00,0.000000000000000000e+00,1.000000000000000000e+00
9.968036246139847512e-01,-7.988968889684887331e-02,-4.142033219054224889e-04,1.941986206823408523e+01,7.988969738460362235e-02,9.968037099831195125e-01,3.960642134817291490e-06,1.150952880322214433e+00,4.125629934946904308e-04,-3.703856047847783813e-05,9.999999142099565974e-01,2.341844445862291679e-01,0.000000000000000000e+00,0.000000000000000000e+00,0.000000000000000000e+00,1.000000000000000000e+00
9.966384890796176066e-01,-8.191826116324570084e-02,1.058571250552735581e-03,2.034524053479080052e+01,8.192062499638329276e-02,9.966359056107257919e-01,-2.425458243594462004e-03,1.214438392651464138e+00,-8.563207951087643518e-04,2.504023857670227993e-03,9.999964982834764760e-01,2.502035300416735053e-01,0.000000000000000000e+00,0.000000000000000000e+00,0.000000000000000000e+00,1.000000000000000000e+00
9.966630127945552697e-01,-8.152462069261330602e-02,4.071258799193402771e-03,2.127860689390632842e+01,8.153151107138353892e-02,9.966695500013686981e-01,-1.555892826031536917e-03,1.304062106412357203e+00,-3.930856102850589957e-03,1.882636713438960285e-03,9.999905019795451988e-01,2.525250345544302610e-01,0.000000000000000000e+00,0.000000000000000000e+00,0.000000000000000000e+00,1.000000000000000000e+00
9.967818077025929480e-01,-7.981580494569430473e-02,7.447490451535455913e-03,2.224177004981973838e+01,7.983026964483458388e-02,9.968070803376765099e-01,-1.665123752138639255e-03,1.394224814705712134e+00,-7.290808020226598359e-03,2.254300234628710004e-03,9.999708807004648037e-01,2.641961015901445609e-01,0.000000000000000000e+00,0.000000000000000000e+00,0.000000000000000000e+00,1.000000000000000000e+00
9.969407818011004618e-01,-7.754131903904895595e-02,9.819441099107262261e-03,2.321438863869913760e+01,7.755309896502642075e-02,9.969878824711214671e-01,-8.240428809362102458e-04,1.471407652104639530e+00,-9.725966416516273680e-03,1.583050041298517466e-03,9.999514485862952551e-01,2.669027109280424637e-01,0.000000000000000000e+00,0.000000000000000000e+00,0.000000000000000000e+00,1.000000000000000000e+00
9.970945921266992640e-01,-7.545354815763856415e-02,1.044683790044196800e-02,2.413417111100878998e+01,7.547655846866933860e-02,9.971459052328393025e-01,-1.825595548474785289e-03,1.557056290384487784e+00,-1.027927397342368043e-02,2.608782820400261208e-03,9.999437638081322133e-01,2.643579174465047199e-01,0.000000000000000000e+00,0.000000000000000000e+00,0.000000000000000000e+00,1.000000000000000000e+00
9.971771822550965503e-01,-7.462551350990044574e-02,8.288541679523128702e-03,2.507453815833450506e+01,7.464643888208082056e-02,9.972075374720030805e-01,-2.244186099118440896e-03,1.633351825547673997e+00,-8.097922697412780757e-03,2.856561290677085783e-03,9.999631311731336236e-01,2.712882638402657753e-01,0.000000000000000000e+00,0.000000000000000000e+00,0.000000000000000000e+00,1.000000000000000000e+00
9.973969379308288419e-01,-7.192717778691770647e-02,5.082253616218591896e-03,2.600546514953096988e+01,7.194756943792941783e-02,9.974005933392369183e-01,-3.950146644371272352e-03,1.708021643130842149e+00,-4.784919872342782536e-03,4.305519962427724161e-03,9.999792833052428831e-01,2.724799710422004528e-01,0.000000000000000000e+00,0.000000000000000000e+00,0.000000000000000000e+00,1.000000000000000000e+00
9.974648639667044181e-01,-7.109633256817456115e-02,3.025995248615857142e-03,2.695864429595157929e+01,7.110850486442386875e-02,9.974600553171695250e-01,-4.125358483172135958e-03,1.778877603010735831e+00,-2.725011529391291060e-03,4.330074136087136948e-03,9.999869122994259341e-01,2.798667313465295070e-01,0.000000000000000000e+00,0.000000000000000000e+00,0.000000000000000000e+00,1.000000000000000000e+00
9.973798680140805173e-01,-7.219302697190671525e-02,4.643892424880829463e-03,2.792729391674984640e+01,7.221856996244137294e-02,9.973731640695154832e-01,-5.590147273829371675e-03,1.849787166436873687e+00,-4.228124028485319777e-03,5.910875620135546543e-03,9.999735919096076620e-01,2.874606658277771842e-01,0.000000000000000000e+00,0.000000000000000000e+00,0.000000000000000000e+00,1.000000000000000000e+00
9.975235382257792160e-01,-6.987917903551352228e-02,7.980665564430881875e-03,2.892193335188745351e+01,6.995431899075547910e-02,9.975043896252369091e-01,-9.559598993934693978e-03,1.919446623216342074e+00,-7.292732003045850585e-03,1.009420703710213300e-02,9.999224585157706624e-01,2.928378622195377257e-01,0.000000000000000000e+00,0.000000000000000000e+00,0.000000000000000000e+00,1.000000000000000000e+00
9.973758789552856774e-01,-7.134980440546052904e-02,1.227035001458376060e-02,2.986653217109263991e+01,7.149640334789796048e-02,9.973692127159959897e-01,-1.195482474115136182e-02,1.973195261161980740e+00,-1.138509492681233880e-02,1.280073972782485615e-02,9.998532495701192291e-01,2.985645399591527749e-01,0.000000000000000000e+00,0.000000000000000000e+00,0.000000000000000000e+00,1.000000000000000000e+00
9.974132399267001681e-01,-7.082199283391457656e-02,1.229122247632704300e-02,3.077263062162306184e+01,7.105612230829358444e-02,9.972759788981699902e-01,-1.979013378451170008e-02,2.019334531369430419e+00,-1.085616421386527766e-02,2.061230806418896250e-02,9.997286013988136988e-01,3.131910708047760949e-01,0.000000000000000000e+00,0.000000000000000000e+00,0.000000000000000000e+00,1.000000000000000000e+00
9.973907255753661216e-01,-7.157703937290124663e-02,9.405741377538112333e-03,3.171194426966318503e+01,7.177059877926610099e-02,9.971747783396709419e-01,-2.216850455255079538e-02,2.083918803052300373e+00,-7.792412150070521411e-03,2.278571653121844176e-02,9.997100026682947949e-01,3.091631135408193787e-01,0.000000000000000000e+00,0.000000000000000000e+00,0.000000000000000000e+00,1.000000000000000000e+00
9.974374608621389138e-01,-7.118280212099062365e-02,7.177767835425422245e-03,3.269091977967346452e+01,7.133131739237155711e-02,9.971839460053348869e-01,-2.315212707937919223e-02,2.166138165729428522e+00,-5.509521573068186517e-03,2.360479848325158780e-02,9.997061861670155647e-01,3.080044117930865744e-01,0.000000000000000000e+00,0.000000000000000000e+00,0.000000000000000000e+00,1.000000000000000000e+00
9.973978300669960051e-01,-7.185243425777836090e-02,5.898836231537500294e-03,3.365759169869350131e+01,7.197004470398842002e-02,9.971413316347804701e-01,-2.301037615780950410e-02,2.244726118478618027e+00,-4.228621874885015244e-03,2.337503875611035217e-02,9.997178233482625354e-01,3.064619973935185371e-01,0.000000000000000000e+00,0.000000000000000000e+00,0.000000000000000000e+00,1.000000000000000000e+00
9.975084805744431904e-01,-7.013802068366377374e-02,7.582165696635551413e-03,3.461265183405635071e+01,7.030139328590184755e-02,9.972369098947938548e-01,-2.400540867273634818e-02,2.301396516163928041e+00,-5.877523639614933883e-03,2.447863554330835870e-02,9.996830753382803803e-01,3.190033097106464433e-01,0.000000000000000000e+00,0.000000000000000000e+00,0.000000000000000000e+00,1.000000000000000000e+00
9.973396524542809116e-01,-7.223430859432827811e-02,9.788886774399090107e-03,3.559076420474777080e+01,7.243745858452342590e-02,9.971238391192007722e-01,-2.229044759539575149e-02,2.388440360602058110e+00,-8.150597290880433332e-03,2.294022933815198159e-02,9.997036128981995340e-01,3.145622585335197119e-01,0.000000000000000000e+00,0.000000000000000000e+00,0.000000000000000000e+00,1.000000000000000000e+00
9.973414316862240225e-01,-7.196933327174200035e-02,1.142294666454439674e-02,3.657197406998631806e+01,7.219515083304199610e-02,9.971742512742666209e-01,-2.076951592601737964e-02,2.466405787214351886e+00,-9.895900073990592308e-03,2.153898010648910150e-02,9.997190322774176519e-01,3.234913392700412005e-01,0.000000000000000000e+00,0.000000000000000000e+00,0.000000000000000000e+00,1.000000000000000000e+00
9.973898265964147303e-01,-7.108303049869153789e-02,1.267819297471218035e-02,3.757159461773606068e+01,7.132710341108161600e-02,9.972530934891671306e-01,-1.996777016274483424e-02,2.544073907396218637e+00,-1.122399754841504199e-02,2.081994960151059906e-02,9.997202366550465014e-01,3.191881844942832114e-01,0.000000000000000000e+00,0.000000000000000000e+00,0.000000000000000000e+00,1.000000000000000000e+00
9.972862384336387276e-01,-7.195582406662147379e-02,1.557298987940945734e-02,3.856317942928345133e+01,7.225150669229359057e-02,9.971989440597860410e-01,-1.933871109308501340e-02,2.612640051550023657e+00,-1.413783617051152762e-02,2.041140242466933999e-02,9.996917005954747415e-01,3.361503955518702069e-01,0.000000000000000000e+00,0.000000000000000000e+00,0.000000000000000000e+00,1.000000000000000000e+00
9.974468748600900936e-01,-6.940621462342480563e-02,1.680801009920136757e-02,3.957615146886246293e+01,6.970827432691809045e-02,9.974030909902683595e-01,-1.810609216320116163e-02,2.692278975126871643e+00,-1.550768590766836257e-02,1.923152242299902906e-02,9.996947835329947907e-01,3.325409861810866285e-01,0.000000000000000000e+00,0.000000000000000000e+00,0.000000000000000000e+00,1.000000000000000000e+00
9.974083372734003916e-01,-7.024879960874878815e-02,1.554718273671703253e-02,4.058576102548644826e+01,7.055921181468993719e-02,9.972987853714385675e-01,-2.040907456855239888e-02,2.773999640021608037e+00,-1.407147346970937137e-02,2.145317809055106648e-02,9.996708232134241534e-01,3.458696137644879376e-01,0.000000000000000000e+00,0.000000000000000000e+00,0.000000000000000000e+00,1.000000000000000000e+00
9.974616056737006797e-01,-6.992955781527185333e-02,1.342393945946015327e-02,4.159355824735649776e+01,7.015404299349525807e-02,9.973904306373734263e-01,-1.705107400324910177e-02,2.846812923289562924e+00,-1.219653469299823365e-02,1.794953527972376756e-02,9.997645016326210943e-01,3.612576929112850666e-01,0.000000000000000000e+00,0.000000000000000000e+00,0.000000000000000000e+00,1.000000000000000000e+00
9.975967237827724210e-01,-6.838899267079646960e-02,1.112305620589230937e-02,4.262631894400875865e+01,6.855072316772313490e-02,9.975367486154781416e-01,-1.487392062791547363e-02,2.920214454783853331e+00,-1.007844487348444860e-02,1.560066803496333067e-02,9.998275071760095445e-01,3.696877612362455268e-01,0.000000000000000000e+00,0.000000000000000000e+00,0.000000000000000000e+00,1.000000000000000000e+00
9.975798182542984227e-01,-6.863537133060733375e-02,1.112169115009600980e-02,4.367522938823454126e+01,6.883151347909800821e-02,9.974598198115103287e-01,-1.833386521629650628e-02,2.989798870966430488e+00,-9.835088403528157580e-03,1.905501676468087172e-02,9.997700622504109846e-01,3.786439385330179208e-01,0.000000000000000000e+00,0.000000000000000000e+00,0.000000000000000000e+00,1.000000000000000000e+00
9.975842949242393898e-01,-6.829135417506294881e-02,1.272263594750438521e-02,4.468836487081448183e+01,6.854095757167408265e-02,9.974409144713888287e-01,-2.034107356164945382e-02,3.075253692831539265e+00,-1.130095817506565799e-02,2.116395717767872650e-02,9.997121462005474912e-01,3.869756285780484029e-01,0.000000000000000000e+00,0.000000000000000000e+00,0.000000000000000000e+00,1.000000000000000000e+00
9.975779911853634996e-01,-6.827294461489639976e-02,1.330250112549221687e-02,4.567511932626697302e+01,6.854120168733229823e-02,9.974298123467221222e-01,-2.087757440991341515e-02,3.140216024924099791e+00,-1.184293771996029233e-02,2.173877815325357676e-02,9.996935382158691485e-01,3.886086803068765638e-01,0.000000000000000000e+00,0.000000000000000000e+00,0.000000000000000000e+00,1.000000000000000000e+00
9.970134257728413552e-01,-7.642278271861466243e-02,1.112596558744946042e-02,4.659095418540642441e+01,7.660017584535672164e-02,9.969253287501745886e-01,-1.650157437391485890e-02,3.196535025194143120e+00,-9.830660668038362221e-03,1.730454211763131009e-02,9.998019358517603594e-01,4.011482618896680119e-01,0.000000000000000000e+00,0.000000000000000000e+00,0.000000000000000000e+00,1.000000000000000000e+00
9.970426910284762023e-01,-7.648486727213330005e-02,7.479127293073715814e-03,4.754825726789430718e+01,7.659697627234822448e-02,9.969326085422494099e-01,-1.607100653601394730e-02,3.272073582355738086e+00,-6.226997080066854796e-03,1.659635814001006460e-02,9.998428803586352220e-01,3.968255360692504730e-01,0.000000000000000000e+00,0.000000000000000000e+00,0.000000000000000000e+00,1.000000000000000000e+00
9.971371615335217209e-01,-7.527107857730772067e-02,7.193456657779796759e-03,4.849496056153463996e+01,7.537696887872750995e-02,9.970299195283197635e-01,-1.580038379307959623e-02,3.363364052840816854e+00,-5.982779582596089996e-03,1.629737080519673420e-02,9.998492896698497612e-01,4.079873010068238992e-01,0.000000000000000000e+00,0.000000000000000000e+00,0.000000000000000000e+00,1.000000000000000000e+00
9.972530587861759832e-01,-7.349786317408271707e-02,9.186993548876930954e-03,4.946608445277648514e+01,7.363932071981911520e-02,9.971542303223435155e-01,-1.614594048610123317e-02,3.450506858451660719e+00,-7.974157356542306910e-03,1.677811250114168498e-02,9.998274389890243752e-01,4.136799119599374186e-01,0.000000000000000000e+00,0.000000000000000000e+00,0.000000000000000000e+00,1.000000000000000000e+00
9.972535058123841445e-01,-7.308612638833551778e-02,1.199430174976606235e-02,5.046503559252186477e+01,7.328485719659501296e-02,9.971650903425939294e-01,-1.706201358935726525e-02,3.540396370467237652e+00,-1.071330250627047787e-02,1.789415355911058020e-02,9.997824885532908823e-01,4.296363231576781905e-01,0.000000000000000000e+00,0.000000000000000000e+00,0.000000000000000000e+00,1.000000000000000000e+00
9.973574978227212062e-01,-7.156566623487636836e-02,1.250507709552171713e-02,5.140109111458271229e+01,7.180613237153134210e-02,9.972185998365072912e-01,-1.997356988520425716e-02,3.612163563017152246e+00,-1.104087363612018223e-02,2.081873090453278952e-02,9.997223012181306601e-01,4.398144977551052270e-01,0.000000000000000000e+00,0.000000000000000000e+00,0.000000000000000000e+00,1.000000000000000000e+00
9.974130021833064186e-01,-7.090327671740880022e-02,1.183336074085069960e-02,5.233901971392867836e+01,7.116531465041206483e-02,9.971893987393574132e-01,-2.342650278098161801e-02,3.682051107022191960e+00,-1.013908607303369222e-02,2.420802330992989290e-02,9.996555259393248294e-01,4.435085598394881701e-01,0.000000000000000000e+00,0.000000000000000000e+00,0.000000000000000000e+00,1.000000000000000000e+00
9.974216895477252542e-01,-7.088694450762021704e-02,1.118098019580915717e-02,5.332326379638687541e+01,7.115975460100841532e-02,9.971193805213648398e-01,-2.625319625900129558e-02,3.759513702702094395e+00,-9.287763180107346667e-03,2.698114317561457060e-02,9.995927947759755128e-01,4.576530384513234906e-01,0.000000000000000000e+00,0.000000000000000000e+00,0.000000000000000000e+00,1.000000000000000000e+00
9.973304195561288887e-01,-7.181622225713983620e-02,1.320849910900053457e-02,5.428775794269247967e+01,7.218011656030039191e-02,9.969546808628707568e-01,-2.951940173770181003e-02,3.838270482511396686e+00,-1.104830309779850084e-02,3.039398832538333511e-02,9.994769334368525104e-01,4.486667084317023102e-01,0.000000000000000000e+00,0.000000000000000000e+00,0.000000000000000000e+00,1.000000000000000000e+00
9.971801567477807104e-01,-7.301961422957284342e-02,1.731678163628045178e-02,5.524346915943773695e+01,7.354389462336223537e-02,9.967827433034853746e-01,-3.186625512991059228e-02,3.922417885429098305e+00,-1.493420744807177555e-02,3.304994084928437881e-02,9.993421190251894348e-01,4.554868348859104077e-01,0.000000000000000000e+00,0.000000000000000000e+00,0.000000000000000000e+00,1.000000000000000000e+00
9.970329954743912815e-01,-7.386424798915519618e-02,2.166284386599579698e-02,5.620128385519637959e+01,7.449951721528721982e-02,9.967651169881913686e-01,-3.015167474958770077e-02,3.990598376635114519e+00,-1.936563631939427002e-02,3.167608600367882721e-02,9.993105611897793450e-01,4.737598056995760420e-01,0.000000000000000000e+00,0.000000000000000000e+00,0.000000000000000000e+00,1.000000000000000000e+00
9.969038113189356842e-01,-7.505139604185438740e-02,2.345376153096467506e-02,5.716784108601716952e+01,7.567500322423240111e-02,9.967685641182737477e-01,-2.693925523480060133e-02,4.064719833032540919e+00,-2.135614349069237666e-02,2.863070969714348601e-02,9.993618952098594077e-01,4.620493424232763324e-01,0.000000000000000000e+00,0.000000000000000000e+00,0.000000000000000000e+00,1.000000000000000000e+00
9.967348660725636744e-01,-7.857374585710678871e-02,1.859497828161739766e-02,5.806611267180870328e+01,7.907679970348978349e-02,9.964732371804454480e-01,-2.807039956566526398e-02,4.144193217436603405e+00,-1.632380176200327535e-02,2.944917732475391819e-02,9.994329789690399313e-01,4.654892141187280674e-01,0.000000000000000000e+00,0.000000000000000000e+00,0.000000000000000000e+00,1.000000000000000000e+00
9.964712077856757722e-01,-8.296247093649654347e-02,1.274207480240660377e-02,5.898437421963686944e+01,8.328736022881469414e-02,9.961452340304103314e-01,-2.752977196804373000e-02,4.227648841077953357e+00,-1.040901917928905088e-02,2.849387889719238662e-02,9.995397696865875314e-01,4.638299179030949126e-01,0.000000000000000000e+00,0.000000000000000000e+00,0.000000000000000000e+00,1.000000000000000000e+00
9.965303880989163643e-01,-8.285270798161396832e-02,7.912924588314208113e-03,5.993798974964286685e+01,8.305275565994670040e-02,9.961036119030914904e-01,-2.966199809358372602e-02,4.308241241872535099e+00,-5.424515896937622678e-03,3.021627266437817289e-02,9.995286646682799425e-01,4.737982354307726518e-01,0.000000000000000000e+00,0.000000000000000000e+00,0.000000000000000000e+00,1.000000000000000000e+00
9.963965872071053331e-01,-8.441885933569290290e-02,8.203486484242863974e-03,6.084985160605425136e+01,8.461061035157944887e-02,9.960528895034923558e-01,-2.682696269942837219e-02,4.396327589731508390e+00,-5.906404826105960196e-03,2.742439607728650378e-02,9.996064309926309122e-01,4.764468235161855580e-01,0.000000000000000000e+00,0.000000000000000000e+00,0.000000000000000000e+00,1.000000000000000000e+00
9.963368995893681079e-01,-8.485384717990492043e-02,1.061165092802056342e-02,6.177901363533586476e+01,8.510545862181616295e-02,9.960307836438841989e-01,-2.607180366835452553e-02,4.491059825558266994e+00,-8.357238145412554733e-03,2.687940945259590514e-02,9.996037484513849991e-01,4.970509578767388081e-01,0.000000000000000000e+00,0.000000000000000000e+00,0.000000000000000000e+00,1.000000000000000000e+00
9.961684949370835929e-01,-8.688263041380095419e-02,9.986902781512258312e-03,6.267431160495992515e+01,8.711232838920195121e-02,9.958723878771490456e-01,-2.548782663306797813e-02,4.576310438658208746e+00,-7.731231299109596333e-03,2.626015225097586350e-02,9.996252460129017026e-01,5.120448903861835044e-01,0.000000000000000000e+00,0.000000000000000000e+00,0.000000000000000000e+00,1.000000000000000000e+00
9.959719371173554325e-01,-8.911537727495671968e-02,9.917157246332857987e-03,6.348856395637234584e+01,8.932720282559275526e-02,9.957253062463323756e-01,-2.348968573659647105e-02,4.656388007815844610e+00,-7.781472229710769718e-03,2.428093972215343219e-02,9.996748894796482210e-01,5.206112333027315131e-01,0.000000000000000000e+00,0.000000000000000000e+00,0.000000000000000000e+00,1.000000000000000000e+00
9.958097165145980423e-01,-9.085557642319255778e-02,1.040541820056085399e-02,6.430879763352538703e+01,9.107058502594130023e-02,9.955904219045523806e-01,-2.249133955432542492e-02,4.737861306755924318e+00,-8.316071076651616878e-03,2.334472198859210978e-02,9.996928862991487641e-01,5.298402934945916076e-01,0.000000000000000000e+00,0.000000000000000000e+00,0.000000000000000000e+00,1.000000000000000000e+00
9.957448615479710385e-01,-9.165817471751629142e-02,9.536755646906711417e-03,6.510408438411349152e+01,9.186104719018244047e-02,9.954917909829298361e-01,-2.361444673758079926e-02,4.815478306610551762e+00,-7.329304874174985898e-03,2.439002035776715455e-02,9.996756514975286834e-01,5.329309295017801151e-01,0.000000000000000000e+00,0.000000000000000000e+00,0.000000000000000000e+00,1.000000000000000000e+00
9.957497163289449338e-01,-9.160085159135331057e-02,9.580522875495786281e-03,6.590687984585740367e+01,9.181927962488806161e-02,9.954465368327661823e-01,-2.560101944882799824e-02,4.893217479623409361e+00,-7.191823134339849974e-03,2.637188456276109635e-02,9.996263308779996803e-01,5.419087432691319650e-01,0.000000000000000000e+00,0.000000000000000000e+00,0.000000000000000000e+00,1.000000000000000000e+00
9.956194499422872379e-01,-9.284871553232833252e-02,1.100122359637359035e-02,6.666328897621062310e+01,9.310672629861008187e-02,9.953197364594976726e-01,-2.587971661654111730e-02,4.967541073044000832e+00,-8.546836524487981188e-03,2.679063713676129929e-02,9.996045284747510085e-01,5.543055118102298007e-01,0.000000000000000000e+00,0.000000000000000000e+00,0.000000000000000000e+00,1.000000000000000000e+00
9.953121744850613739e-01,-9.573566424320061052e-02,1.372435476575984553e-02,6.745991748083200434e+01,9.605190470531800584e-02,9.950720684339533495e-01,-2.460914921439436714e-02,5.059449614049308153e+00,-1.130074883818584126e-02,2.581203623290993787e-02,9.996029371011303510e-01,5.623494414972193267e-01,0.000000000000000000e+00,0.000000000000000000e+00,0.000000000000000000e+00,1.000000000000000000e+00
9.952061647274320633e-01,-9.639292421664780175e-02,1.652555141237494613e-02,6.820127175921220442e+01,9.676350266601951855e-02,9.950341630641117430e-01,-2.332035349445180442e-02,5.138194471390785445e+00,-1.419557115168922079e-02,2.480762979945123556e-02,9.995914501752253267e-01,5.698297532197794668e-01,0.000000000000000000e+00,0.000000000000000000e+00,0.000000000000000000e+00,1.000000000000000000e+00
9.949772768430864556e-01,-9.847873972899498507e-02,1.794871547798210926e-02,6.892882896562963424e+01,9.884523275450238233e-02,9.948849288213008624e-01,-2.082302489900306197e-02,5.211723985355674493e+00,-1.580628127134658598e-02,2.249258156871251912e-02,9.996220512007251147e-01,5.756322558996105343e-01,0.000000000000000000e+00,0.000000000000000000e+00,0.000000000000000000e+00,1.000000000000000000e+00
9.950938271030428384e-01,-9.779624694457036971e-02,1.497228589700288180e-02,6.959656990772228369e+01,9.807975695141571415e-02,9.949866535033853321e-01,-1.954278962908204478e-02,5.292381524616745381e+00,-1.298601315940322437e-02,2.091538748605917611e-02,9.996969090822133142e-01,5.882032694322330002e-01,0.000000000000000000e+00,0.000000000000000000e+00,0.000000000000000000e+00,1.000000000000000000e+00
9.950816870892400523e-01,-9.861001596618154674e-02,9.407484827865651711e-03,7.028735625047762881e+01,9.877407289418183023e-02,9.949294553922225504e-01,-1.894891334167922090e-02,5.367102532850450913e+00,-7.491231109234108843e-03,1.978493224868568823e-02,9.997761939116083241e-01,5.903322634883321207e-01,0.000000000000000000e+00,0.000000000000000000e+00,0.000000000000000000e+00,1.000000000000000000e+00
9.952315412476394618e-01,-9.749227790785885972e-02,3.071653331644260809e-03,7.101753795757592513e+01,9.753603239567017191e-02,9.949973730411001416e-01,-2.160902648942965992e-02,5.429140941559905897e+00,-9.495737800531702747e-04,2.180558161680086829e-02,9.997617790853922104e-01,6.081820788655913912e-01,0.000000000000000000e+00,0.000000000000000000e+00,0.000000000000000000e+00,1.000000000000000000e+00
9.950990096142671160e-01,-9.888332132981794698e-02,2.232207284707384508e-04,7.171545927775329687e+01,9.886812180352715085e-02,9.949010757129125304e-01,-1.992345442772818984e-02,5.504739242397466370e+00,1.748014803300118256e-03,1.984787918330003370e-02,9.998014833636585941e-01,6.083474841215251727e-01,0.000000000000000000e+00,0.000000000000000000e+00,0.000000000000000000e+00,1.000000000000000000e+00
9.950621017055164552e-01,-9.921193643745947199e-02,2.899209846771440106e-03,7.237425837806853224e+01,9.924940759564876425e-02,9.948782703341886302e-01,-1.915156152294730449e-02,5.578830494929102990e+00,-9.842973731990208117e-04,1.934473791975518248e-02,9.998123885377180331e-01,6.203649739578502853e-01,0.000000000000000000e+00,0.000000000000000000e+00,0.000000000000000000e+00,1.000000000000000000e+00
9.949370652614699662e-01,-1.002996497349545879e-01,6.341642685041060969e-03,7.297742092297113459e+01,1.004099686315673839e-01,9.947347869640046358e-01,-2.050711591336292633e-02,5.645114282611998213e+00,-4.251396042121677842e-03,2.104005386689685939e-02,9.997695943391010642e-01,6.357205960820376811e-01,0.000000000000000000e+00,0.000000000000000000e+00,0.000000000000000000e+00,1.000000000000000000e+00
9.949196177665804441e-01,-1.006104157125402854e-01,3.535312342287823175e-03,7.356690129850440485e+01,1.006639483423629883e-01,9.946793726605488439e-01,-2.190239958873147624e-02,5.697254065245882515e+00,-1.312892735061447222e-03,2.214700552599086977e-02,9.997538629377220598e-01,6.553087810014500691e-01,0.000000000000000000e+00,0.000000000000000000e+00,0.000000000000000000e+00,1.000000000000000000e+00
9.949042089518789211e-01,-1.008246048567764536e-01,1.185972897346990586e-04,7.420682588979892103e+01,1.007851799059345105e-01,9.944808799107842656e-01,-2.915693747979621400e-02,5.748140618910774435e+00,2.821793963183831695e-03,2.902031266797939699e-02,9.995748390848389064e-01,6.714005426911904273e-01,0.000000000000000000e+00,0.000000000000000000e+00,0.000000000000000000e+00,1.000000000000000000e+00
9.950403426755635161e-01,-9.942980057872054245e-02,-2.903653729272364682e-03,7.483006379038873490e+01,9.928089361689659831e-02,9.945130340095130750e-01,-3.297164460295111399e-02,5.817823925510087868e+00,6.166085527635602713e-03,3.251983920730211475e-02,9.994520696097417556e-01,6.974636016398537697e-01,0.000000000000000000e+00,0.000000000000000000e+00,0.000000000000000000e+00,1.000000000000000000e+00
9.954646677813963063e-01,-9.510316413983643802e-02,-2.341659554982432247e-03,7.543540706011003749e+01,9.498884846293247086e-02,9.950154723597997020e-01,-3.035339243463192060e-02,5.870791563084289955e+00,5.216691151118376356e-03,2.999329817136016374e-02,9.995364866768181589e-01,7.101985151751505354e-01,0.000000000000000000e+00,0.000000000000000000e+00,0.000000000000000000e+00,1.000000000000000000e+00
9.959299301720637709e-01,-9.013087185918827737e-02,1.119717611834350415e-05,7.600016131795112528e+01,9.010167648676307983e-02,9.956041493477313375e-01,-2.557470812845185834e-02,5.948983918170442031e+00,2.293922786157265043e-03,2.547162616488099149e-02,9.996729135966259117e-01,7.136495593397337300e-01,0.000000000000000000e+00,0.000000000000000000e+00,0.000000000000000000e+00,1.000000000000000000e+00
9.965254523936157849e-01,-8.324449070600757616e-02,2.716155150674616926e-03,7.655861486883253519e+01,8.328748870665830806e-02,9.961622118222436262e-01,-2.690802784217959445e-02,5.987853456804295149e+00,-4.657860489230607410e-04,2.704075635988635942e-02,9.996342233731504434e-01,7.275901267500979319e-01,0.000000000000000000e+00,0.000000000000000000e+00,0.000000000000000000e+00,1.000000000000000000e+00
9.970756372628224451e-01,-7.609832427579314718e-02,7.015598289421220990e-03,7.713553530234803191e+01,7.628343142500516871e-02,9.965840257859590601e-01,-3.164044307969385988e-02,6.016084827839782712e+00,-4.583848488860129203e-03,3.208308885798125815e-02,9.994746938979304218e-01,7.397659088234909142e-01,0.000000000000000000e+00,0.000000000000000000e+00,0.000000000000000000e+00,1.000000000000000000e+00
9.977459882024701798e-01,-6.645013075492765819e-02,9.344685577029306425e-03,7.768348726071043586e+01,6.673966730654642965e-02,9.971513438795074347e-01,-3.514276891630657707e-02,6.036611706700980129e+00,-6.982824191687404120e-03,3.568721790706757407e-02,9.993386126055374685e-01,7.544494804057378934e-01,0.000000000000000000e+00,0.000000000000000000e+00,0.000000000000000000e+00,1.000000000000000000e+00
9.983781839776578737e-01,-5.623025594349610051e-02,8.897194726811684384e-03,7.817988626214881265e+01,5.649625409888783117e-02,9.978514004912892865e-01,-3.317764021699734500e-02,6.074843700172285033e+00,-7.012491017589731791e-03,3.362649036256417506e-02,9.994098679298817345e-01,7.623397278810657429e-01,0.000000000000000000e+00,0.000000000000000000e+00,0.000000000000000000e+00,1.000000000000000000e+00
9.991486489044307806e-01,-4.044277676251104708e-02,8.146115650588269669e-03,7.867174405304531604e+01,4.065756451668085109e-02,9.987751459506974960e-01,-2.819876378029874398e-02,6.115688668381338289e+00,-6.995701539302144611e-03,2.850595795448588460e-02,9.995691424414163695e-01,7.594482399817430451e-01,0.000000000000000000e+00,0.000000000000000000e+00,0.000000000000000000e+00,1.000000000000000000e+00
9.996675861328179202e-01,-2.426799336024104345e-02,8.705270452871012588e-03,7.915176893175983253e+01,2.445803053715840322e-02,9.994491580059552405e-01,-2.243179224747052919e-02,6.131595477943341699e+00,-8.156100639016132872e-03,2.263724937923334776e-02,9.997104745689657790e-01,7.633466068870904397e-01,0.000000000000000000e+00,0.000000000000000000e+00,0.000000000000000000e+00,1.000000000000000000e+00
9.999582270266385020e-01,1.617495887648703499e-03,8.995994041815695216e-03,7.964584591808242919e+01,-1.407347868010322238e-03,9.997271161050464983e-01,-2.331764774303250395e-02,6.144660596382618856e+00,-9.031255379256610677e-03,2.330401320252017960e-02,9.996876309102407099e-01,7.667296822296049141e-01,0.000000000000000000e+00,0.000000000000000000e+00,0.000000000000000000e+00,1.000000000000000000e+00
9.995941544769137987e-01,2.618227371765013620e-02,1.122563488462557588e-02,8.014340721376485988e+01,-2.590206465631149022e-02,9.993661801810570511e-01,-2.441968379946908227e-02,6.136488479136777308e+00,-1.185788270009169310e-02,2.411900605953525012e-02,9.996387668375857904e-01,7.816198106269051094e-01,0.000000000000000000e+00,0.000000000000000000e+00,0.000000000000000000e+00,1.000000000000000000e+00
9.985137997258787257e-01,5.291296584515080281e-02,1.305411055807972204e-02,8.062610465975853913e+01,-5.260732811728445479e-02,9.983563285805800991e-01,-2.274005742006589281e-02,6.115919393560380612e+00,-1.423589777123423876e-02,2.201951926308754956e-02,9.996561808872426180e-01,7.855502858163383451e-01,0.000000000000000000e+00,0.000000000000000000e+00,0.000000000000000000e+00,1.000000000000000000e+00
9.964161216392488640e-01,8.343032126601911125e-02,1.393893937327028709e-02,8.111961970012744416e+01,-8.311572826876491293e-02,9.963013896354862009e-01,-2.180175967105952781e-02,6.074326841868227689e+00,-1.570631248115511927e-02,2.056507971904586798e-02,9.996651385561025061e-01,7.837636201693060078e-01,0.000000000000000000e+00,0.000000000000000000e+00,0.000000000000000000e+00,1.000000000000000000e+00
