1.000000000000000000e+00,0.000000000000000000e+00,0.000000000000000000e+00,0.000000000000000000e+00,0.000000000000000000e+00,1.000000000000000000e+00,0.000000000000000000e+00,0.000000000000000000e+00,0.000000000000000000e+00,0.000000000000000000e+00,1.000000000000000000e+00,0.000000000000000000e+00,0.000000000000000000e+00,0.000000000000000000e+00,0.000000000000000000e+00,1.000000000000000000e+00
9.999927522462684903e-01,-3.800395477230514470e-03,2.290177926169391842e-04,6.477972983474969970e-01,3.800736688115101229e-03,9.999916396196968371e-01,-1.508340590551177562e-03,1.047861804385186169e-02,-2.232835871826450188e-04,1.509200094796687465e-03,9.999988362290797017e-01,8.225192698602112884e-03,0.000000000000000000e+00,0.000000000000000000e+00,0.000000000000000000e+00,1.000000000000000000e+00
9.999795968604083818e-01,-6.122563291256231943e-03,-1.822109118524962990e-03,1.300270147506147556e+00,6.120726605327008081e-03,9.999807562222100543e-01,-1.011875031157967670e-03,3.519609967844801630e-03,1.828269323183085967e-03,1.000701753970987531e-03,9.999978280112820084e-01,1.605491925252166066e-02,0.000000000000000000e+00,0.000000000000000000e+00,0.000000000000000000e+00,1.000000000000000000e+00
9.999401557671496743e-01,-1.063016339077546384e-02,-2.585442061791745193e-03,1.973688333072163958e+00,1.062302339182842441e-02,9.999397654967756566e-01,-2.759846421200157045e-03,8.051904312512660200e-03,2.614623947364347074e-03,2.732216048807769009e-03,9.999928493429721676e-01,1.455672596028855653e-02,0.000000000000000000e+00,0.000000000000000000e+00,0.000000000000000000e+00,1.000000000000000000e+00
9.998720069440418801e-01,-1.586453832972627501e-02,-2.070302702076732247e-03,2.655668268263390974e+00,1.586347724512195828e-02,9.998740277468864956e-01,-5.279459355877894663e-04,3.231541063794980684e-02,2.078417519911883882e-03,4.950361623693071492e-04,9.999977175573007138e-01,2.007144230969500759e-02,0.000000000000000000e+00,0.000000000000000000e+00,0.000000000000000000e+00,1.000000000000000000e+00
9.998143957750300626e-01,-1.908687737873863977e-02,-2.620136053625944303e-03,3.353630144963843929e+00,1.908645376396408272e-02,9.998178196388981531e-01,-1.865884097659497784e-04,6.065340912100989496e-02,2.623220106391057748e-03,1.365446725259160865e-04,9.999965500299617949e-01,2.978154480333310150e-02,0.000000000000000000e+00,0.000000000000000000e+00,0.000000000000000000e+00,1.000000000000000000e+00
9.996999341990959742e-01,-2.417970270999722157e-02,-3.922185510416014917e-03,4.101309899102211887e+00,2.418424968335366326e-02,9.997068953128089852e-01,1.116033724953699935e-03,7.195583519574937081e-02,3.894050535775175556e-03,-1.210553955088575998e-03,9.999916854302070002e-01,4.230806590758771912e-02,0.000000000000000000e+00,0.000000000000000000e+00,0.000000000000000000e+00,1.000000000000000000e+00
9.995483278357853996e-01,-2.943978561990680601e-02,-6.036500918512509306e-03,4.885864321836084656e+00,2.946836190303361164e-02,9.995546594383433181e-01,4.700897983170923902e-03,1.173374897253824656e-01,5.895419190957422451e-03,-4.876660512099975815e-03,9.999707306790592831e-01,5.246891959493665825e-02,0.000000000000000000e+00,0.000000000000000000e+00,0.000000000000000000e+00,1.000000000000000000e+00
9.993563853268873087e-01,-3.557282740985515807e-02,-4.624830423567790130e-03,5.696920938261308187e+00,3.560044790093284950e-02,9.993478884907963655e-01,6.033728386226163386e-03,1.360899353028760528e-01,4.407177739899305856e-03,-6.194491024648250341e-03,9.999711021151129753e-01,6.296876692698218092e-02,0.000000000000000000e+00,0.000000000000000000e+00,0.000000000000000000e+00,1.000000000000000000e+00
9.992441153886626459e-01,-3.886427376265377126e-02,-8.752634065039798222e-04,6.509686067080092009e+00,3.887071971667675763e-02,9.992013670350606835e-01,9.257173649211926023e-03,1.668326053130259612e-01,5.147910613231487190e-04,-9.284198412658657695e-03,9.999567683905123960e-01,7.761058562910966296e-02,0.000000000000000000e+00,0.000000000000000000e+00,0.000000000000000000e+00,1.000000000000000000e+00
9.991190493137879214e-01,-4.196421847663748400e-02,3.600915973399263208e-04,7.323838280205233531e+00,4.195973012524435719e-02,9.990841273391168897e-01,8.383766865192302312e-03,2.252261008110334473e-01,-7.115800236786285708e-04,-8.361271833774792245e-03,9.999647907737504449e-01,9.339364891280334258e-02,0.000000000000000000e+00,0.000000000000000000e+00,0.000000000000000000e+00,1.000000000000000000e+00
9.990352864851581582e-01,-4.391443762854586874e-02,1.361076329705354995e-04,8.111966585822262488e+00,4.391123802962092898e-02,9.989915273279338370e-01,9.366509579657830709e-03,2.629865441158761308e-01,-5.472953728752828935e-04,-9.351496926610591148e-03,9.999561240239522864e-01,1.017125199121919898e-01,0.000000000000000000e+00,0.000000000000000000e+00,0.000000000000000000e+00,1.000000000000000000e+00
9.988646519203484564e-01,-4.760775736796699076e-02,-1.705456664574892889e-03,8.939018037162355768e+00,4.761935313947879278e-02,9.988368981844772954e-01,7.566242910919988678e-03,3.090617242990976732e-01,1.343261188141855285e-03,-7.638865334735531719e-03,9.999699212405228632e-01,1.001774454192599917e-01,0.000000000000000000e+00,0.000000000000000000e+00,0.000000000000000000e+00,1.000000000000000000e+00
9.988138979744188850e-01,-4.863467427628929973e-02,2.337877496109825454e-03,9.702177972300036757e+00,4.861749640527884136e-02,9.987935314822937727e-01,6.915237697089239056e-03,3.566860819671961447e-01,-2.671377253453566681e-03,-6.793373768886414726e-03,9.999733565532656909e-01,1.094566039160168869e-01,0.000000000000000000e+00,0.000000000000000000e+00,0.000000000000000000e+00,1.000000000000000000e+00
9.988666217315064211e-01,-4.752135383836020299e-02,2.681961979180251705e-03,1.048544110735131518e+01,4.749707244734156092e-02,9.988353085157494204e-01,8.488496402537949043e-03,4.128073334242844394e-01,-3.082223162002669780e-03,-8.351490382757155440e-03,9.999603754693309199e-01,1.024908833784782536e-01,0.000000000000000000e+00,0.000000000000000000e+00,0.000000000000000000e+00,1.000000000000000000e+00
9.987463784040132575e-01,-5.004672560625082756e-02,9.984392624435435137e-04,1.125462353806442195e+01,5.004090370564726054e-02,9.987336948986355045e-01,5.187931229078385394e-03,4.717778063052393001e-01,-1.256813904397892801e-03,-5.131464723463412085e-03,9.999860441469173855e-01,1.070138842327624240e-01,0.000000000000000000e+00,0.000000000000000000e+00,0.000000000000000000e+00,1.000000000000000000e+00
9.986113969464333051e-01,-5.266430447809941628e-02,1.322468348013512793e-03,1.209993969530271585e+01,5.265336605777834467e-02,9.985864213410231560e-01,7.265132903840818696e-03,5.331589742884151883e-01,-1.703212106301318831e-03,-7.185412108078364363e-03,9.999727340889635885e-01,1.183664970204263561e-01,0.000000000000000000e+00,0.000000000000000000e+00,0.000000000000000000e+00,1.000000000000000000e+00
9.984840769850314990e-01,-5.502553417143293130e-02,-1.318558492340421960e-03,1.297753066391911503e+01,5.503195874282031108e-02,9.984696191130194576e-01,5.468384151336197659e-03,5.829891352250750058e-01,1.015639836643512104e-03,-5.532657358497133741e-03,9.999841789639848377e-01,1.165968936034818132e-01,0.000000000000000000e+00,0.000000000000000000e+00,0.000000000000000000e+00,1.000000000000000000e+00
9.987130370888385178e-01,-5.063849092666788260e-02,-2.830686393506289412e-03,1.388243803392765230e+01,5.065454033647000254e-02,9.986986943386182425e-01,5.919076755461685074e-03,6.006801680397906296e-01,2.527269690701131229e-03,-6.054846241309013583e-03,9.999784756408028885e-01,1.293599303859673255e-01,0.000000000000000000e+00,0.000000000000000000e+00,0.000000000000000000e+00,1.000000000000000000e+00
9.981286798802090354e-01,-6.111428242394911781e-02,-2.045210110512626824e-03,1.480573173362977712e+01,6.112006039493555337e-02,9.981262286312497789e-01,2.893084110937009772e-03,7.449670800888743560e-01,1.864569094932431439e-03,-3.012673589907003020e-03,9.999937235702683891e-01,1.201660122061077862e-01,0.000000000000000000e+00,0.000000000000000000e+00,0.000000000000000000e+00,1.000000000000000000e+00
9.979338600158852435e-01,-6.424924245081417573e-02,-2.141921841546576266e-04,1.574032739492029620e+01,6.424835183937453731e-02,9.979297117828732633e-01,-2.905103590357564942e-03,8.117647378646418721e-01,4.003994495212151862e-04,2.885339744862565076e-03,9.999957572384177151e-01,1.172955051933670667e-01,0.000000000000000000e+00,0.000000000000000000e+00,0.000000000000000000e+00,1.000000000000000000e+00
9.980756049635352012e-01,-6.182754867696766549e-02,4.737193395769450852e-03,1.664432290735888031e+01,6.182698426285734850e-02,9.980868466490991908e-01,2.656369945039559416e-04,9.059776468686144835e-01,-4.744554102558572531e-03,2.776057753997810681e-05,9.999887441545115552e-01,1.319602760974987465e-01,0.000000000000000000e+00,0.000000000000000000e+00,0.000000000000000000e+00,1.000000000000000000e+00
9.979174433092562468e-01,-6.440027397881294136e-02,3.658011832920169109e-03,1.751640209580736851e+01,6.440237520996786036e-02,9.979239064097008560e-01,-4.594380388113872109e-04,9.693959697746856730e-01,-3.620829522424866276e-03,6.940658836357621120e-04,9.999932039099654890e-01,1.478270756871957747e-01,0.000000000000000000e+00,0.000000000000000000e+00,0.000000000000000000e+00,1.000000000000000000e+00
9.977343200521854305e-01,-6.701199823562382918e-02,5.968138945277777496e-03,1.840734767263301919e+01,6.701193651109302318e-02,9.977521516084447706e-01,2.105368040130106201e-04,1.038370758784602277e+00,-5.968831965688123180e-03,1.898767530923216947e-04,9.999821683369073400e-01,1.611280755123503106e-01,0.000000000000000000e+00,0.000000000000000000e+00,0.000000000000000000e+00,1.000000000000000000e+00
9.975078298229070883e-01,-7.042072986237607468e-02,4.364658937723529461e-03,1.932825637962097431e+01,7.041686881325982805e-02,9.975171171628324229e-01,1.032256596721565665e-03,1.103755111728562666e+00,-4.426514263903356949e-03,-7.223384217839485828e-04,9.999899420487562418e-01,1.708642971931772780e-01,0.000000000000000000e+00,0.000000000000000000e+00,0.000000000000000000e+00,1.000000000000000000e+00
9.975245079310894880e-01,-7.011322914819100027e-02,5.384345387233885165e-03,2.026176191583529373e+01,7.012509257592544620e-02,9.975361055223160855e-01,-2.046844054248415576e-03,1.146377827747508071e+00,-5.227568082162208606e-03,2.419354826766250376e-03,9.999834094894614056e-01,1.896549915706673417e-01,0.000000000000000000e+00,0.000000000000000000e+00,0.000000000000000000e+00,1.000000000000000000e+00
9.974986794103906096e-01,-7.021741634537073673e-02,8.117820908725714019e-03,2.117293669824044855e+01,7.025640383508101328e-02,9.975182610767324709e-01,-4.621313515409888537e-03,1.221176770477706564e+00,-7.773177901430404317e-03,5.180083032786942689e-03,9.999563712708099406e-01,1.935257871916370165e-01,0.000000000000000000e+00,0.000000000000000000e+00,0.000000000000000000e+00,1.000000000000000000e+00
9.972091166702139464e-01,-7.416103795003486931e-02,8.609185791048903566e-03,2.213810884174024096e+01,7.422826145144710563e-02,9.972110046465246791e-01,-7.770290455268750660e-03,1.337479774998412640e+00,-8.008922006544499234e-03,8.387649374951513040e-03,9.999327499918460038e-01,1.957625665138148507e-01,0.000000000000000000e+00,0.000000000000000000e+00,0.000000000000000000e+00,1.000000000000000000e+00
9.970561822894882242e-01,-7.590980187726863171e-02,1.080145070185931436e-02,2.313486670735979445e+01,7.599322815513319396e-02,9.970798672373303306e-01,-7.534429277905200194e-03,1.410185710850516916e+00,-1.019797199803640364e-02,8.333086399151021229e-03,9.999132767586351722e-01,1.980045426419556887e-01,0.000000000000000000e+00,0.000000000000000000e+00,0.000000000000000000e+00,1.000000000000000000e+00
9.971137859681147297e-01,-7.523061137175843238e-02,1.022022235398530390e-02,2.406573680619326439e+01,7.533408980169709057e-02,9.971067139463121176e-01,-1.014770500814327937e-02,1.480373986486671400e+00,-9.427234275400075622e-03,1.088834770816562818e-02,9.998962801901516428e-01,2.033552454320973757e-01,0.000000000000000000e+00,0.000000000000000000e+00,0.000000000000000000e+00,1.000000000000000000e+00
9.972535226625816041e-01,-7.322141610988766591e-02,1.113713427839980140e-02,2.500563258326613436e+01,7.332018399549958265e-02,9.972702054097352109e-01,-8.734301396519280822e-03,1.568876816158778054e+00,-1.046719427251188890e-02,9.526889570150257058e-03,9.998998330928848821e-01,2.085968631520838112e-01,0.000000000000000000e+00,0.000000000000000000e+00,0.000000000000000000e+00,1.000000000000000000e+00
9.975146703192444564e-01,-7.029595470546980140e-02,4.791789846869999765e-03,2.593305726163197988e+01,7.034338317248491068e-02,9.974667701212378557e-01,-1.057596084283404791e-02,1.652280111433382048e+00,-4.036203877282487466e-03,1.088674680272914107e-02,9.999325916292126637e-01,2.080223426133636089e-01,0.000000000000000000e+00,0.000000000000000000e+00,0.000000000000000000e+00,1.000000000000000000e+00
9.977530456982339757e-01,-6.691219503880237174e-02,3.408512137187737993e-03,2.686516134534388200e+01,6.695098312630069770e-02,9.976723819294943674e-01,-1.293770433830745796e-02,1.725947998828362362e+00,-2.534888226704504460e-03,1.313683714647205687e-02,9.999104949201528258e-01,2.144620972360320177e-01,0.000000000000000000e+00,0.000000000000000000e+00,0.000000000000000000e+00,1.000000000000000000e+00
9.979652102600728991e-01,-6.336670402435025384e-02,7.078130520219456240e-03,2.781610758472632483e+01,6.346271085454989469e-02,9.978820261926752977e-01,-1.428097099591911154e-02,1.756522243742472567e+00,-6.158201162894087408e-03,1.470110957325556668e-02,9.998729688994258957e-01,2.223163657994026710e-01,0.000000000000000000e+00,0.000000000000000000e+00,0.000000000000000000e+00,1.000000000000000000e+00
9.982851152490874735e-01,-5.768224784524576126e-02,9.979326412064750546e-03,2.879673848054508056e+01,5.783217708396800466e-02,9.982067414475658262e-01,-1.545123368388654807e-02,1.819248084935312759e+00,-9.070169008760054635e-03,1.600186277110022051e-02,9.998308219003888553e-01,2.329681976234836138e-01,0.000000000000000000e+00,0.000000000000000000e+00,0.000000000000000000e+00,1.000000000000000000e+00
9.982630200029309897e-01,-5.687592931999964352e-02,1.536462035380993865e-02,2.976469970258290587e+01,5.714368949922279950e-02,9.982110068581998563e-01,-1.758933021888161446e-02,1.850654679301442673e+00,-1.433672365105539449e-02,1.843676899890087789e-02,9.997272347514766233e-01,2.288175602793460772e-01,0.000000000000000000e+00,0.000000000000000000e+00,0.000000000000000000e+00,1.000000000000000000e+00
9.983036530496534056e-01,-5.638906317652322975e-02,1.449447694103774519e-02,3.071021900636553781e+01,5.677760801496219839e-02,9.979952394653825998e-01,-2.796078025605461953e-02,1.900925644409718673e+00,-1.288873678137290348e-02,2.873631080187789150e-02,9.995039294098239102e-01,2.357115137747292921e-01,0.000000000000000000e+00,0.000000000000000000e+00,0.000000000000000000e+00,1.000000000000000000e+00
9.983383381276499380e-01,-5.642928088916265850e-02,1.167471125364105689e-02,3.167379470325970914e+01,5.673983454212519484e-02,9.979894499651743578e-01,-2.824267930516428590e-02,1.964734375886195927e+00,-1.005752457894983423e-02,2.885817070664839501e-02,9.995329170081439507e-01,2.385668404397370268e-01,0.000000000000000000e+00,0.000000000000000000e+00,0.000000000000000000e+00,1.000000000000000000e+00
9.984271769497161664e-01,-5.527637714192393248e-02,9.364531930967081794e-03,3.267168533415773624e+01,5.552216284117518497e-02,9.980530918830651244e-01,-2.841329294688662785e-02,2.031838242470536127e+00,-7.775716150963329736e-03,2.888854293160767264e-02,9.995523949876903291e-01,2.391188409146619842e-01,0.000000000000000000e+00,0.000000000000000000e+00,0.000000000000000000e+00,1.000000000000000000e+00
9.984132011477169222e-01,-5.597073551241952410e-02,6.193265711143302113e-03,3.363918871236258212e+01,5.612328607801233410e-02,9.980294440612400564e-01,-2.806074743501148910e-02,2.098782514735242799e+00,-4.610480861650066535e-03,2.836380709645080697e-02,9.995870336860210870e-01,2.414606734681644939e-01,0.000000000000000000e+00,0.000000000000000000e+00,0.000000000000000000e+00,1.000000000000000000e+00
9.983285082864215010e-01,-5.704443142141513851e-02,9.280214782962391273e-03,3.463135689167781095e+01,5.728868901622196502e-02,9.979473709282354887e-01,-2.861906651553555725e-02,2.164042620962788099e+00,-7.628607567116289616e-03,2.910288132170898295e-02,9.995473108589508771e-01,2.539520192445210989e-01,0.000000000000000000e+00,0.000000000000000000e+00,0.000000000000000000e+00,1.000000000000000000e+00
9.983781870099295297e-01,-5.637613247081828954e-02,7.920062525084625368e-03,3.561446345054015694e+01,5.657004564384823103e-02,9.980368973737494542e-01,-2.687343328323732114e-02,2.224494025229341254e+00,-6.389494394820090586e-03,2.727788789859662485e-02,9.996074685561172624e-01,2.545990852271136085e-01,0.000000000000000000e+00,0.000000000000000000e+00,0.000000000000000000e+00,1.000000000000000000e+00
9.982121679163799000e-01,-5.936455821640194974e-02,6.951046788455140374e-03,3.659852681581453737e+01,5.953877522561547980e-02,9.978237354266596970e-01,-2.833597119946493909e-02,2.277613438666158618e+00,-5.253767059692882047e-03,2.869916805335415502e-02,9.995742872266806245e-01,2.594138609749033209e-01,0.000000000000000000e+00,0.000000000000000000e+00,0.000000000000000000e+00,1.000000000000000000e+00
9.979831829325185311e-01,-6.241145632296373619e-02,1.159209659769160419e-02,3.761222820525168942e+01,6.273055375044443716e-02,9.975921405893299898e-01,-2.957699546198688800e-02,2.356845854086886405e+00,-9.718241098369171174e-03,3.024452271143577772e-02,9.994952849493140556e-01,2.811836060015827643e-01,0.000000000000000000e+00,0.000000000000000000e+00,0.000000000000000000e+00,1.000000000000000000e+00
9.979302882261371632e-01,-6.305706538660035831e-02,1.260739250334166721e-02,3.858324477260964613e+01,6.338563287560651516e-02,9.976066634276083978e-01,-2.762619463101457021e-02,2.403305423204911584e+00,-1.083519200855008989e-02,2.836814392345485616e-02,9.995388171674349786e-01,2.957777934890161164e-01,0.000000000000000000e+00,0.000000000000000000e+00,0.000000000000000000e+00,1.000000000000000000e+00
9.980359707563001281e-01,-6.103545951497792166e-02,1.410226075240579753e-02,3.957498302046504790e+01,6.139130436690908021e-02,9.977658220234257858e-01,-2.635283950627817159e-02,2.468192667478382951e+00,-1.246229612322271446e-02,2.716683794094542498e-02,9.995532272428648835e-01,3.017655862775924791e-01,0.000000000000000000e+00,0.000000000000000000e+00,0.000000000000000000e+00,1.000000000000000000e+00
9.979635728449695042e-01,-6.234319217804620145e-02,1.349198516004723562e-02,4.054786242326305512e+01,6.271078453613163073e-02,9.976162750638373211e-01,-2.879453473516396800e-02,2.532379813032365590e+00,-1.166468076591113852e-02,2.958198973704883120e-02,9.994942926829674112e-01,3.153510112542971533e-01,0.000000000000000000e+00,0.000000000000000000e+00,0.000000000000000000e+00,1.000000000000000000e+00
9.973776079565909169e-01,-7.093517957847948752e-02,1.435644262909977972e-02,4.159614025409156568e+01,7.132137125262420774e-02,9.970472257039896258e-01,-2.846211022781373889e-02,2.610047715566488513e+00,-1.229508639412998407e-02,2.941139259103020542e-02,9.994917712699871171e-01,3.244903811328488374e-01,0.000000000000000000e+00,0.000000000000000000e+00,0.000000000000000000e+00,1.000000000000000000e+00
9.973919103834602007e-01,-7.116829895431120434e-02,1.201874891940031900e-02,4.264349192522075072e+01,7.142626312253054499e-02,9.971897061832577513e-01,-2.260484059882356470e-02,2.684902871694046844e+00,-1.037622465007552106e-02,2.340433947149432592e-02,9.996722317119314249e-01,3.363933004269672455e-01,0.000000000000000000e+00,0.000000000000000000e+00,0.000000000000000000e+00,1.000000000000000000e+00
9.975376607055249645e-01,-6.878994409451033576e-02,1.365866265889534650e-02,4.371059511707192513e+01,6.907057298485509700e-02,9.973851432268975303e-01,-2.126339619638405523e-02,2.763804199405476059e+00,-1.216023937672152007e-02,2.215445015645181939e-02,9.996806034512047967e-01,3.523663663205790497e-01,0.000000000000000000e+00,0.000000000000000000e+00,0.000000000000000000e+00,1.000000000000000000e+00
9.974318805420906431e-01,-7.052139607045422587e-02,1.250505396029746863e-02,4.470981696603483613e+01,7.078534119890692033e-02,9.972467969922206299e-01,-2.209663685066586697e-02,2.841145800241083652e+00,-1.091233932895073130e-02,2.292506455890505612e-02,9.996776291711937379e-01,3.596060391792246236e-01,0.000000000000000000e+00,0.000000000000000000e+00,0.000000000000000000e+00,1.000000000000000000e+00
9.973187360105970622e-01,-7.167739200618941653e-02,1.475433080230989166e-02,4.566657552969104472e+01,7.199379840601449754e-02,9.971587759019329145e-01,-2.216458059227452426e-02,2.924720519078466641e+00,-1.312371111031827679e-02,2.316737181788871419e-02,9.996454576947483295e-01,3.686334639542833136e-01,0.000000000000000000e+00,0.000000000000000000e+00,0.000000000000000000e+00,1.000000000000000000e+00
9.967444337291624379e-01,-7.976869525048045639e-02,1.172557410007196016e-02,4.655224572258502036e+01,7.997996224024801759e-02,9.966189264861803343e-01,-1.881278845842674491e-02,2.987063431804702685e+00,-1.018525748269589332e-02,1.968935315262937066e-02,9.997542647583157471e-01,3.884584023174300627e-01,0.000000000000000000e+00,0.000000000000000000e+00,0.000000000000000000e+00,1.000000000000000000e+00
9.969820799520628940e-01,-7.751237750487056932e-02,4.308548248663719542e-03,4.749656385635329059e+01,7.757304520271353365e-02,9.968521841164640351e-01,-1.637515435694470931e-02,3.054910217128237182e+00,-3.025708585835614611e-03,1.665996265837371704e-02,9.998566350891379129e-01,3.734736890483539851e-01,0.000000000000000000e+00,0.000000000000000000e+00,0.000000000000000000e+00,1.000000000000000000e+00
9.970270431481053075e-01,-7.688888591137936490e-02,5.017415137477211802e-03,4.842788474703867507e+01,7.696149505862250051e-02,9.968994429895112752e-01,-1.638379826363053557e-02,3.138114088505616461e+00,-3.742126360310872851e-03,1.672123770863188919e-02,9.998531875729523843e-01,3.711655004569973104e-01,0.000000000000000000e+00,0.000000000000000000e+00,0.000000000000000000e+00,1.000000000000000000e+00
9.976095598024560251e-01,-6.887939646404458993e-02,5.549318292218390243e-03,4.943958914239346569e+01,6.897935756623740922e-02,9.974080190202250229e-01,-2.047173231308170929e-02,3.293402813338434321e+00,-4.124853998455730794e-03,2.080558427197425064e-02,9.997750313158413338e-01,3.766816178350915756e-01,0.000000000000000000e+00,0.000000000000000000e+00,0.000000000000000000e+00,1.000000000000000000e+00
9.975678713583990831e-01,-6.904364312570403228e-02,9.556012631402039173e-03,5.049425237127513810e+01,6.925488386058233081e-02,9.973127899804044016e-01,-2.389476936396441389e-02,3.378389887831288352e+00,-7.880551689975008947e-03,2.449845475596722222e-02,9.996688064652363703e-01,3.905898388818456746e-01,0.000000000000000000e+00,0.000000000000000000e+00,0.000000000000000000e+00,1.000000000000000000e+00
9.975037557429629054e-01,-6.990401938205452470e-02,9.984255251385852278e-03,5.144924838512598342e+01,7.012111202707928259e-02,9.972648920423726748e-01,-2.336160841633012908e-02,3.441046814722892311e+00,-8.323876907865717517e-03,2.400339921647445113e-02,9.996772228570960372e-01,3.962918953920517851e-01,0.000000000000000000e+00,0.000000000000000000e+00,0.000000000000000000e+00,1.000000000000000000e+00
9.972422805483919239e-01,-7.358630228845230992e-02,9.637945951455756388e-03,5.241062505006058814e+01,7.380754390441157664e-02,9.969574201307379591e-01,-2.506688869923870758e-02,3.503811217299537706e+00,-7.764042081869675614e-03,2.570911437164122293e-02,9.996393154977326612e-01,4.113303195023422787e-01,0.000000000000000000e+00,0.000000000000000000e+00,0.000000000000000000e+00,1.000000000000000000e+00
9.975270591004097298e-01,-6.984578484315173696e-02,7.831519784789967714e-03,5.340000762550816660e+01,7.000409189974172997e-02,9.972998618690873673e-01,-2.219037253381731314e-02,3.565279885736928556e+00,-6.260469614009699264e-03,2.268373548472968348e-02,9.997230889924816344e-01,4.315513931965495598e-01,0.000000000000000000e+00,0.000000000000000000e+00,0.000000000000000000e+00,1.000000000000000000e+00
9.973404421145499743e-01,-7.211232169753838128e-02,1.057617994133878449e-02,5.438216698025738083e+01,7.237114416416605411e-02,9.970239236494160551e-01,-2.656526233804782505e-02,3.643814628756576024e+00,-8.629021678635068887e-03,2.726002072835770687e-02,9.995911320408747969e-01,4.404902953799252896e-01,0.000000000000000000e+00,0.000000000000000000e+00,0.000000000000000000e+00,1.000000000000000000e+00
9.973259602167896531e-01,-7.211155706173322244e-02,1.186812604407184828e-02,5.532988795949397343e+01,7.241387206489013906e-02,9.969983607141786885e-01,-2.739525261439545306e-02,3.722979659071000924e+00,-9.856987888565335240e-03,2.818141358003816571e-02,9.995542245012992710e-01,4.425754499834286260e-01,0.000000000000000000e+00,0.000000000000000000e+00,0.000000000000000000e+00,1.000000000000000000e+00
9.970577779589291367e-01,-7.456289143986401247e-02,1.778096262120928972e-02,5.628793014328162059e+01,7.506347162719034793e-02,9.967459246473000523e-01,-2.937749012882111960e-02,3.792050739974755835e+00,-1.553263142174538328e-02,3.062575581307333886e-02,9.994102263044902790e-01,4.569048577932516841e-01,0.000000000000000000e+00,0.000000000000000000e+00,0.000000000000000000e+00,1.000000000000000000e+00
9.971408268924374374e-01,-7.328148927725408601e-02,1.843894448123973087e-02,5.726738233110462772e+01,7.370915836349832551e-02,9.969982711408007514e-01,-2.369403544345418181e-02,3.858252537648065861e+00,-1.664726156517285990e-02,2.498540917332737338e-02,9.995491973939154562e-01,4.627095901080812701e-01,0.000000000000000000e+00,0.000000000000000000e+00,0.000000000000000000e+00,1.000000000000000000e+00
9.973016493808725125e-01,-7.200335269438842833e-02,1.431563281753015643e-02,5.815297546599487077e+01,7.233867689933676237e-02,9.970797430787167182e-01,-2.447655544657316440e-02,3.950975661032033237e+00,-1.251143343714887154e-02,2.544608305502597811e-02,9.995978996028868080e-01,4.688169232156763067e-01,0.000000000000000000e+00,0.000000000000000000e+00,0.000000000000000000e+00,1.000000000000000000e+00
9.974065834393492924e-01,-7.152392096143567191e-02,8.027206373025272401e-03,5.905533927042367282e+01,7.168324011204252333e-02,9.971910016323268788e-01,-2.171679880994997064e-02,4.017384067284453408e+00,-6.451387361808241620e-03,2.223589426613770473e-02,9.997319363745921228e-01,4.641294605020594988e-01,0.000000000000000000e+00,0.000000000000000000e+00,0.000000000000000000e+00,1.000000000000000000e+00
9.972596831517557270e-01,-7.355889216215169557e-02,7.887568950271610715e-03,5.998695681867530993e+01,7.369999358147388824e-02,9.970915983436441365e-01,-1.940761341854625038e-02,4.085906950943257065e+00,-6.437026189092487534e-03,1.993574418951892663e-02,9.997805413176681366e-01,4.851663444446396856e-01,0.000000000000000000e+00,0.000000000000000000e+00,0.000000000000000000e+00,1.000000000000000000e+00
9.974648563278346591e-01,-7.076431624650592056e-02,7.501462328384339226e-03,6.087117569279975271e+01,7.087949552509512086e-02,9.973500912792526707e-01,-1.639794314448901613e-02,4.178625920880339351e+00,-6.321194903473191691e-03,1.688807186822543355e-02,9.998374045431410728e-01,4.889146014657680950e-01,0.000000000000000000e+00,0.000000000000000000e+00,0.000000000000000000e+00,1.000000000000000000e+00
9.973414687562510705e-01,-7.234387774269648852e-02,8.738309463557662402e-03,6.178936006122842883e+01,7.246686369705793163e-02,9.972626387783262158e-01,-1.468955284538391894e-02,4.263637697528626980e+00,-7.651690338947837733e-03,1.528373809102544570e-02,9.998539188226049923e-01,5.022540076706578649e-01,0.000000000000000000e+00,0.000000000000000000e+00,0.000000000000000000e+00,1.000000000000000000e+00
9.972954093308225021e-01,-7.248409987530138321e-02,1.216231034558677877e-02,6.268618368590050949e+01,7.264800874587971913e-02,9.972645848825312243e-01,-1.362404361146378647e-02,4.337714446618254449e+00,-1.114151484016534001e-02,1.447076377859138167e-02,9.998332179132324304e-01,5.198660714284679685e-01,0.000000000000000000e+00,0.000000000000000000e+00,0.000000000000000000e+00,1.000000000000000000e+00
9.973573041093518610e-01,-7.152699720830066332e-02,1.273956867786634091e-02,6.349771766814883733e+01,7.168191222759261183e-02,9.973535496838963343e-01,-1.214909018502059734e-02,4.415893697608226809e+00,-1.183686610256444102e-02,1.303018047809698619e-02,9.998450394924088824e-01,5.361861776029926974e-01,0.000000000000000000e+00,0.000000000000000000e+00,0.000000000000000000e+00,1.000000000000000000e+00
9.971619465426881934e-01,-7.408164623470279986e-02,1.341499378912350271e-02,6.430443807734580730e+01,7.422613002220487810e-02,9.971849645142096819e-01,-1.061264192913649596e-02,4.478410167989762769e+00,-1.259102812055563382e-02,1.157826575725614919e-02,9.998536941837641301e-01,5.407684642852473855e-01,0.000000000000000000e+00,0.000000000000000000e+00,0.000000000000000000e+00,1.000000000000000000e+00
9.969416426724394542e-01,-7.649683415339436632e-02,1.598735344250045917e-02,6.509024452143820838e+01,7.668084698194428672e-02,9.969924254365456484e-01,-1.123171083500078098e-02,4.569788446918635394e+00,-1.508007996394592973e-02,1.242328405283744421e-02,9.998091083810057844e-01,5.377161376670570592e-01,0.000000000000000000e+00,0.000000000000000000e+00,0.000000000000000000e+00,1.000000000000000000e+00
9.969451300202173405e-01,-7.682021367425438674e-02,1.410895106032072736e-02,6.588321614752977951e+01,7.698336024540448908e-02,9.969671066108498625e-01,-1.140835576725131480e-02,4.613578584027875351e+00,-1.318976778820990861e-02,1.245965918586004750e-02,9.998353799094445993e-01,5.448975133352463862e-01,0.000000000000000000e+00,0.000000000000000000e+00,0.000000000000000000e+00,1.000000000000000000e+00
9.967813063851411748e-01,-7.879818680315464619e-02,1.476052159228547281e-02,6.665652377099650039e+01,7.895823026005639733e-02,9.968216484397331989e-01,-1.059240652960945911e-02,4.676667634185546873e+00,-1.387894503703719293e-02,1.172377748098815155e-02,9.998349503424218687e-01,5.383440835719044415e-01,0.000000000000000000e+00,0.000000000000000000e+00,0.000000000000000000e+00,1.000000000000000000e+00
9.965134301150286866e-01,-8.155742315048251923e-02,1.758892633001514147e-02,6.747933291800630684e+01,8.176086211165001227e-02,9.965893350120781369e-01,-1.117402196791437811e-02,4.745131008074634948e+00,-1.661761195687625967e-02,1.257314873978671727e-02,9.997828618773257903e-01,5.356217899948584327e-01,0.000000000000000000e+00,0.000000000000000000e+00,0.000000000000000000e+00,1.000000000000000000e+00
9.964100139795580846e-01,-8.193944677196060566e-02,2.128405750724115045e-02,6.826325844147872601e+01,8.214189773320659804e-02,9.965816421921163126e-01,-8.816976944993776613e-03,4.809162128042953732e+00,-2.048884277000390802e-02,1.053363699612548492e-02,9.997345896854713532e-01,5.380243814566403326e-01,0.000000000000000000e+00,0.000000000000000000e+00,0.000000000000000000e+00,1.000000000000000000e+00
9.960534227219890457e-01,-8.566684843085176082e-02,2.321142313056259385e-02,6.901828156201968056e+01,8.585924903626347693e-02,9.962796351737673861e-01,-7.421448170800269521e-03,4.875016776319847978e+00,-2.248929609279546465e-02,9.385074211131752900e-03,9.997030318766170209e-01,5.404404046819853979e-01,0.000000000000000000e+00,0.000000000000000000e+00,0.000000000000000000e+00,1.000000000000000000e+00
9.962222958956692409e-01,-8.434447423964137880e-02,2.066753070907730375e-02,6.972488744921098203e+01,8.440681839954107535e-02,9.964290326983235024e-01,-2.161435529645937530e-03,4.956029684101391553e+00,-2.041142248935791034e-02,3.897750777101693063e-03,9.997840673719694538e-01,5.495216839358054717e-01,0.000000000000000000e+00,0.000000000000000000e+00,0.000000000000000000e+00,1.000000000000000000e+00
9.962511972652816628e-01,-8.513553089695174991e-02,1.534579181397103045e-02,7.042952505583748746e+01,8.516879929800395821e-02,9.963653675965902234e-01,-1.526394525239236147e-03,5.033316525603073188e+00,-1.516006509352356077e-02,2.827655036341046590e-03,9.998810813258514063e-01,5.493591832654101115e-01,0.000000000000000000e+00,0.000000000000000000e+00,0.000000000000000000e+00,1.000000000000000000e+00
9.963059238489883063e-01,-8.489732893482335174e-02,1.292089947166537821e-02,7.114830510048227552e+01,8.490331415933928538e-02,9.963891909877449216e-01,8.560108609748319681e-05,5.106323985903967966e+00,-1.288151187497026985e-02,1.011742317896472537e-03,9.999165180300281230e-01,5.581311530056559667e-01,0.000000000000000000e+00,0.000000000000000000e+00,0.000000000000000000e+00,1.000000000000000000e+00
9.962817423800102157e-01,-8.544331497977647460e-02,1.105123185566892104e-02,7.184813585455474083e+01,8.543445512162592403e-02,9.963429808034786062e-01,1.272195625310536043e-03,5.171834125878472577e+00,-1.111951790015686115e-02,-3.233093022215391670e-04,9.999381239820599454e-01,5.568866632612483603e-01,0.000000000000000000e+00,0.000000000000000000e+00,0.000000000000000000e+00,1.000000000000000000e+00
9.965266984351479618e-01,-8.258121453502277609e-02,1.071831665306620385e-02,7.250485746941245679e+01,8.254780145509910128e-02,9.965808758384473443e-01,3.523973326093519497e-03,5.257253025142926361e+00,-1.097268339488438431e-02,-2.626960029016104422e-03,9.999363476242472126e-01,5.536577738701420337e-01,0.000000000000000000e+00,0.000000000000000000e+00,0.000000000000000000e+00,1.000000000000000000e+00
9.962889124463826240e-01,-8.490204607003969117e-02,1.414374453732918265e-02,7.309100340510011051e+01,8.486778532869934666e-02,9.963876863175455956e-01,3.006254841332177841e-03,5.307878906689123433e+00,-1.434789008245291805e-02,-1.794750091270275964e-03,9.998954529961068260e-01,5.746540573611867986e-01,0.000000000000000000e+00,0.000000000000000000e+00,0.000000000000000000e+00,1.000000000000000000e+00
9.964528575528259768e-01,-8.344923356296846118e-02,1.085947017921238926e-02,7.364009964305516576e+01,8.343423518488585211e-02,9.965116095002238827e-01,1.827711790035422374e-03,5.344628470312035695e+00,-1.097410925465910903e-02,-9.151770470489205148e-04,9.999393638501473669e-01,5.815791444833972035e-01,0.000000000000000000e+00,0.000000000000000000e+00,0.000000000000000000e+00,1.000000000000000000e+00
9.966855218338721567e-01,-8.116040929573209439e-02,5.564038973981952699e-03,7.425611331775583324e+01,8.118216721631756061e-02,9.966920265940510948e-01,-3.802610932981876756e-03,5.399942408721503995e+00,-5.237011821313189083e-03,4.241708004453377187e-03,9.999772905523337529e-01,5.942620023303060162e-01,0.000000000000000000e+00,0.000000000000000000e+00,0.000000000000000000e+00,1.000000000000000000e+00
9.967523488962015676e-01,-8.046372327182459150e-02,3.216241152781439301e-03,7.488947272443300562e+01,8.048486979540331321e-02,9.967305510002155700e-01,-7.098903917281819236e-03,5.437805853023737868e+00,-2.634521576028062400e-03,7.334707904550544916e-03,9.999696302168474826e-01,6.027178646835442688e-01,0.000000000000000000e+00,0.000000000000000000e+00,0.000000000000000000e+00,1.000000000000000000e+00
9.969691657530097562e-01,-7.773904844889037435e-02,3.020411233888548042e-03,7.548422161322501722e+01,7.775908056365209153e-02,9.969461464463591494e-01,-7.204614885825488292e-03,5.468165332393247091e+00,-2.451107434643782449e-03,7.417643292763622179e-03,9.999694848545749304e-01,6.127902630089610003e-01,0.000000000000000000e+00,0.000000000000000000e+00,0.000000000000000000e+00,1.000000000000000000e+00
9.970060564069893605e-01,-7.714320635232334300e-02,5.277234264299403982e-03,7.607597995270970159e+01,7.717358247121557102e-02,9.970007018129850573e-01,-5.817108644055208992e-03,5.538724351087897624e+00,-4.812655852635871513e-03,6.206955622615500066e-03,9.999691555470805460e-01,6.071867458456663424e-01,0.000000000000000000e+00,0.000000000000000000e+00,0.000000000000000000e+00,1.000000000000000000e+00
9.975333999145991060e-01,-6.983862325098187662e-02,7.048599665361326809e-03,7.662304090096669995e+01,6.986187100515002524e-02,9.975518347075680303e-01,-3.107418740526955540e-03,5.563755695908788823e+00,-6.814325681597676286e-03,3.592182341783428136e-03,9.999703301556136514e-01,6.120328989552883403e-01,0.000000000000000000e+00,0.000000000000000000e+00,0.000000000000000000e+00,1.000000000000000000e+00
9.979144462182573116e-01,-6.402356578698646661e-02,8.230495297548720904e-03,7.720607895074174110e+01,6.409788538566474347e-02,9.979020582615186763e-01,-9.107316098406528435e-03,5.587174434922239641e+00,-7.630145346566425367e-03,9.615879645124253416e-03,9.999246550318876547e-01,6.051262307677480745e-01,0.000000000000000000e+00,0.000000000000000000e+00,0.000000000000000000e+00,1.000000000000000000e+00
9.984470101660180008e-01,-5.486889415033043699e-02,9.642216823626356681e-03,7.775063511681746320e+01,5.496952073127719246e-02,9.984328165234644947e-01,-1.050060377320848580e-02,5.586528287769656487e+00,-9.050949183796445918e-03,1.101432447987858027e-02,9.998983773239773498e-01,6.295998063229346631e-01,0.000000000000000000e+00,0.000000000000000000e+00,0.000000000000000000e+00,1.000000000000000000e+00
9.991317411704397911e-01,-4.081325993903418825e-02,8.369085905250152682e-03,7.823615421443989248e+01,4.087889971290406543e-02,9.991334434313297042e-01,-7.828012220454727901e-03,5.589878203938087431e+00,-8.042346921325814815e-03,8.163334503134604681e-03,9.999343381571543787e-01,6.298844200391241488e-01,0.000000000000000000e+00,0.000000000000000000e+00,0.000000000000000000e+00,1.000000000000000000e+00
9.996353812837601716e-01,-2.583963367894131016e-02,7.836952023844333953e-03,7.872444471793818366e+01,2.587360143603054108e-02,9.996561270166186564e-01,-4.264324902078698958e-03,5.623055765401101525e+00,-7.724068514413540143e-03,4.465540222544336739e-03,9.999601980659554856e-01,6.291441546049832967e-01,0.000000000000000000e+00,0.000000000000000000e+00,0.000000000000000000e+00,1.000000000000000000e+00
9.999324245132448219e-01,-7.340840206611446220e-03,9.014348126180812479e-03,7.921870635766789803e+01,7.323735385547321987e-03,9.999713204077792517e-01,1.929057265225924203e-03,5.641523458762472742e+00,-9.028250499485772004e-03,-1.862908207893980601e-03,9.999575092302308565e-01,6.412669208478422034e-01,0.000000000000000000e+00,0.000000000000000000e+00,0.000000000000000000e+00,1.000000000000000000e+00
9.998481874897218180e-01,1.328042671924866552e-02,1.127972693323470166e-02,7.971389997016501638e+01,-1.329177619758114236e-02,9.999112262665156292e-01,9.318109867598083421e-04,5.640661894314610514e+00,-1.126635074223617319e-02,-1.081597132162288605e-03,9.999359476929492452e-01,6.571977401595212598e-01,0.000000000000000000e+00,0.000000000000000000e+00,0.000000000000000000e+00,1.000000000000000000e+00
9.992942369737930486e-01,3.515956764250285221e-02,1.322243374617608838e-02,8.023613177064171964e+01,-3.513759198919499255e-02,9.993806956242184958e-01,-1.890725486097314311e-03,5.565737861103864148e+00,-1.328072212572025713e-02,1.424786599878085508e-03,9.999107922224682587e-01,6.644006604836757424e-01,0.000000000000000000e+00,0.000000000000000000e+00,0.000000000000000000e+00,1.000000000000000000e+00
9.978839123219169771e-01,6.330569225659710142e-02,1.483532463523374104e-02,8.072056801937499415e+01,-6.333211346859986268e-02,9.979916370221710853e-01,1.317511827986919204e-03,5.537956018270837610e+00,-1.472212392014506620e-02,-2.254276320585215862e-03,9.998890825014293826e-01,6.707500049993885272e-01,0.000000000000000000e+00,0.000000000000000000e+00,0.000000000000000000e+00,1.000000000000000000e+00
9.953552178345339563e-01,9.493220078883964075e-02,1.599586143258200158e-02,8.122187005168144935e+01,-9.495256540017386893e-02,9.954816639549991519e-01,5.167720218580670920e-04,5.511094688106147998e+00,-1.587452844995895090e-02,-2.033219807197779276e-03,9.998719244801842487e-01,6.779366016219259272e-01,0.000000000000000000e+00,0.000000000000000000e+00,0.000000000000000000e+00,1.000000000000000000e+00
