1.000000000000000000e+00,-8.385809641891047031e-09,1.296955256347438851e-09,6.339920915514001764e-15,8.385809641741668138e-09,1.000000000000000000e+00,1.151758798794919563e-10,5.093355877796870554e-14,-1.296955257313281817e-09,-1.151758690034720485e-10,1.000000000000000000e+00,-7.207987081446648960e-15,0.000000000000000000e+00,0.000000000000000000e+00,0.000000000000000000e+00,1.000000000000000056e-01
9.999387918547529841e-01,-1.106389970317933624e-02,5.164702330605774899e-05,6.441524996912603163e-01,1.106398806719256778e-02,9.999362476390901699e-01,-2.255842526694012279e-03,3.215326785455182440e-02,-2.668531522487881900e-05,2.256275872806547816e-03,9.999974542502994002e-01,8.214154114944071175e-03,0.000000000000000000e+00,0.000000000000000000e+00,0.000000000000000000e+00,1.000000000000000056e-01
9.997475126269333989e-01,-2.246084725690038544e-02,6.491045846890599290e-04,1.292792061979234575e+00,2.246196098414752693e-02,9.997461443732309494e-01,-1.762702358727999017e-03,6.707924378250620934e-02,-6.093480173991073362e-04,1.776837460495862440e-03,9.999982357702600355e-01,1.059682463363438923e-02,0.000000000000000000e+00,0.000000000000000000e+00,0.000000000000000000e+00,1.000000000000000056e-01
9.993636020459963909e-01,-3.567058442165321058e-02,-1.768245042241226326e-05,2.000784000594746814e+00,3.567048299224399172e-02,9.993617221993467137e-01,-1.940321070258249365e-03,1.006306029868004742e-01,8.688355064860586990e-05,1.938455512351973300e-03,9.999981174189656041e-01,1.044612374639136004e-02,0.000000000000000000e+00,0.000000000000000000e+00,0.000000000000000000e+00,1.000000000000000056e-01
9.988307303596742903e-01,-4.833781354816078096e-02,7.923828259234453079e-04,2.704917361712983137e+00,4.833778755666425647e-02,9.988310445702424101e-01,5.193115747401938075e-05,1.365893345080097243e-01,-7.939668043239548863e-04,-1.356840324516126088e-05,9.999996847162563318e-01,7.364476223646872731e-03,0.000000000000000000e+00,0.000000000000000000e+00,0.000000000000000000e+00,1.000000000000000056e-01
9.982414442847286074e-01,-5.925488552494213856e-02,1.696305917300637740e-03,3.414807713382089549e+00,5.925298178291286966e-02,9.982423345079749488e-01,1.151410396841698021e-03,1.887969939554982601e-01,-1.761551070182963696e-03,-1.048874393891647367e-03,9.999978983979581626e-01,1.601922145280984186e-02,0.000000000000000000e+00,0.000000000000000000e+00,0.000000000000000000e+00,1.000000000000000056e-01
9.975758700529886447e-01,-6.956648259918121746e-02,1.699407779338488493e-03,4.151178581263544665e+00,6.956366318476911448e-02,9.975761239670861702e-01,1.665429410321940442e-03,2.451082845513166963e-01,-1.811146691645328490e-03,-1.543175162638266498e-03,9.999971691750325631e-01,2.538581997564074919e-02,0.000000000000000000e+00,0.000000000000000000e+00,0.000000000000000000e+00,1.000000000000000056e-01
9.966275897536521766e-01,-8.201610546921134226e-02,2.608790043119319033e-03,4.917599292547611967e+00,8.201026441500927633e-02,9.966288940845831057e-01,2.272445009462796105e-03,3.259075586862912877e-01,-2.786372625141962569e-03,-2.050833831389162979e-03,9.999940150861853505e-01,2.371177813705301757e-02,0.000000000000000000e+00,0.000000000000000000e+00,0.000000000000000000e+00,1.000000000000000056e-01
9.956571558725991755e-01,-9.296430327533823645e-02,4.946339678760802890e-03,5.684516976066438687e+00,9.294734681876641591e-02,9.956646802308061206e-01,3.554611123405425691e-03,4.107042770381892915e-01,-5.255347661068475625e-03,-3.079424851757744941e-03,9.999814490597030980e-01,1.517477137020358142e-02,0.000000000000000000e+00,0.000000000000000000e+00,0.000000000000000000e+00,1.000000000000000056e-01
9.947636380629525377e-01,-1.019277520055486275e-01,7.485837218015658004e-03,6.476423751929219819e+00,1.018996964844210429e-01,9.947864780374320315e-01,4.039179404865795783e-03,5.127244544474041099e-01,-7.858514117956405531e-03,-3.255224259125672013e-03,9.999638229810520196e-01,1.766440446052483515e-02,0.000000000000000000e+00,0.000000000000000000e+00,0.000000000000000000e+00,1.000000000000000056e-01
9.938202471165311636e-01,-1.104876364642487924e-01,1.066764312211669098e-02,7.295305627904135726e+00,1.104390191044735819e-01,9.938700947152618870e-01,5.045581226985378781e-03,6.011738046680186187e-01,-1.115972582452472682e-02,-3.836276739285988339e-03,9.999303693259351533e-01,2.378409634408817919e-02,0.000000000000000000e+00,0.000000000000000000e+00,0.000000000000000000e+00,1.000000000000000056e-01
9.930773862312662903e-01,-1.168377139872712883e-01,1.209353324322379533e-02,8.104153443591085804e+00,1.167786128527640160e-01,9.931428227321152935e-01,5.485365609548487932e-03,7.108508881597149776e-01,-1.265150332018399534e-02,-4.035126505420825842e-03,9.999118247214724420e-01,2.029971564763640574e-02,0.000000000000000000e+00,0.000000000000000000e+00,0.000000000000000000e+00,1.000000000000000056e-01
9.923707459457733471e-01,-1.226590361804383855e-01,1.245244692080009832e-02,8.931048840932703570e+00,1.226038765046236212e-01,9.924425656496388415e-01,5.103268834913168329e-03,8.131995192916219306e-01,-1.298430040735491092e-02,-3.537616436006442260e-03,9.999094425061118008e-01,1.822631132147279481e-02,0.000000000000000000e+00,0.000000000000000000e+00,0.000000000000000000e+00,1.000000000000000056e-01
9.917372021286611217e-01,-1.275608846750202474e-01,1.362140282574633536e-02,9.707123717587382572e+00,1.275270874234651353e-01,9.918295142088214833e-01,3.325164293850104216e-03,9.396948254086524566e-01,-1.393427024651596423e-02,-1.560591304411839764e-03,9.999016955018515951e-01,1.839903908570209370e-02,0.000000000000000000e+00,0.000000000000000000e+00,0.000000000000000000e+00,1.000000000000000056e-01
9.908524607529287653e-01,-1.341706580598291676e-01,1.447879607074047635e-02,1.050419302640412234e+01,1.341387103569795236e-01,9.909575273840369736e-01,3.159953272105990585e-03,1.067697133300502754e+00,-1.477184496371546259e-02,-1.188880443079661084e-03,9.998901835500036972e-01,1.276520498243738193e-02,0.000000000000000000e+00,0.000000000000000000e+00,0.000000000000000000e+00,1.000000000000000056e-01
9.902280809848826859e-01,-1.385936436371394687e-01,1.549676006067779964e-02,1.131002063196865493e+01,1.385428264708118140e-01,9.903470595890772055e-01,4.311240743376519233e-03,1.197346132614131031e+00,-1.594468132247114922e-02,-2.122146708031278674e-03,9.998706234462908515e-01,2.206399215596010696e-02,0.000000000000000000e+00,0.000000000000000000e+00,0.000000000000000000e+00,1.000000000000000056e-01
9.893591691488445861e-01,-1.447469493665653473e-01,1.472260405570033175e-02,1.216254694649163781e+01,1.446735879979361150e-01,9.894616227808132880e-01,5.937169339264181805e-03,1.328152181918774488e+00,-1.542683885024383021e-02,-3.744020971179272666e-03,9.998739895357093843e-01,1.980760901060469106e-02,0.000000000000000000e+00,0.000000000000000000e+00,0.000000000000000000e+00,1.000000000000000056e-01
9.889787386965747107e-01,-1.474762172895638934e-01,1.310800290255728466e-02,1.302943732668673782e+01,1.473783424404918607e-01,9.890466264742628910e-01,8.148302852313717495e-03,1.493490552705950991e+00,-1.416610693257811839e-02,-6.126662536914874273e-03,9.998808856161485181e-01,2.408676553611732718e-02,0.000000000000000000e+00,0.000000000000000000e+00,0.000000000000000000e+00,1.000000000000000056e-01
9.894949116271974932e-01,-1.440599236166850150e-01,1.210612536856988351e-02,1.390129643100580559e+01,1.439177929311871718e-01,9.895181686475089666e-01,1.189381327816502187e-02,1.658932636174427655e+00,-1.369265283648798785e-02,-1.002658087459545530e-02,9.998559790961218940e-01,1.941996594120875760e-02,0.000000000000000000e+00,0.000000000000000000e+00,0.000000000000000000e+00,1.000000000000000056e-01
9.860766935095488517e-01,-1.658279269414535684e-01,1.240375602690901857e-02,1.485812494236161463e+01,1.657164239880588308e-01,9.861272942121752649e-01,9.540777242121873183e-03,1.874208253417426473e+00,-1.381380968035502213e-02,-7.352431983622993369e-03,9.998775527063507029e-01,-3.114045484896446419e-04,0.000000000000000000e+00,0.000000000000000000e+00,0.000000000000000000e+00,1.000000000000000056e-01
9.856496248964360385e-01,-1.682232365057674817e-01,1.399141311803275660e-02,1.581405794818611987e+01,1.681124048899335088e-01,9.857289009412755210e-01,8.760888723648182705e-03,2.053673522066408186e+00,-1.526552533121275194e-02,-6.283036577142198272e-03,9.998637343096969943e-01,-1.018709346184763775e-02,0.000000000000000000e+00,0.000000000000000000e+00,0.000000000000000000e+00,1.000000000000000056e-01
9.851875978076238827e-01,-1.707175909031942995e-01,1.615243889488526124e-02,1.671535058664444762e+01,1.705786033790158973e-01,9.852969798428689030e-01,9.633357762768118143e-03,2.242676084610590426e+00,-1.755953288979529570e-02,-6.735404125268525111e-03,9.998231329269999801e-01,-1.693761287418338313e-02,0.000000000000000000e+00,0.000000000000000000e+00,0.000000000000000000e+00,1.000000000000000056e-01
9.848227208453678161e-01,-1.728089018469787241e-01,1.616452749597008937e-02,1.758758332018704351e+01,1.726872476539553780e-01,9.849387094985772029e-01,8.651764500890895757e-03,2.418805333304468785e+00,-1.741617077397267926e-02,-5.729046492974979206e-03,9.998319133843713846e-01,-2.215201593407702466e-02,0.000000000000000000e+00,0.000000000000000000e+00,0.000000000000000000e+00,1.000000000000000056e-01
9.845120726422132984e-01,-1.746380935396469047e-01,1.541152512150623273e-02,1.849230078723739013e+01,1.745345369601059848e-01,9.846198655130146138e-01,7.836826223313143880e-03,2.597768803435981155e+00,-1.654310218352883152e-02,-5.025606627119739121e-03,9.998505233524532798e-01,-3.442430873238406380e-02,0.000000000000000000e+00,0.000000000000000000e+00,0.000000000000000000e+00,1.000000000000000056e-01
9.844478160674611233e-01,-1.750237356307280667e-01,1.513900280306386750e-02,1.940884233956819571e+01,1.749419128366070664e-01,9.845567666517213157e-01,6.580301921415953291e-03,2.782430220211028704e+00,-1.605691667398018510e-02,-3.829517746795705301e-03,9.998637458277761514e-01,-3.806191346503939865e-02,0.000000000000000000e+00,0.000000000000000000e+00,0.000000000000000000e+00,1.000000000000000056e-01
9.848716965743267160e-01,-1.724151688892840151e-01,1.734216894413977139e-02,2.032292401446323993e+01,1.723253287130238898e-01,9.850182530529494329e-01,6.559133819638613902e-03,2.964189031391470497e+00,-1.821324712278607483e-02,-3.471410289109846167e-03,9.998280986948951954e-01,-4.536169239755511590e-02,0.000000000000000000e+00,0.000000000000000000e+00,0.000000000000000000e+00,1.000000000000000056e-01
9.840912534868082595e-01,-1.766020962565449937e-01,1.939341147288281206e-02,2.119462915905989320e+01,1.765220605146224919e-01,9.842797272681957921e-01,5.777598161692811159e-03,3.138776926682266488e+00,-2.010887770201190763e-02,-2.262318863482162649e-03,9.997952365114195494e-01,-5.299894148015021900e-02,0.000000000000000000e+00,0.000000000000000000e+00,0.000000000000000000e+00,1.000000000000000056e-01
9.849140331356107669e-01,-1.716695623300123485e-01,2.176944422733309917e-02,2.210309183307877845e+01,1.715897749789863647e-01,9.851531598490081976e-01,5.495522011183863811e-03,3.323752232477919843e+00,-2.238965062714883339e-02,-1.677202711834942369e-03,9.997479134941256174e-01,-6.205519168094395660e-02,0.000000000000000000e+00,0.000000000000000000e+00,0.000000000000000000e+00,1.000000000000000056e-01
9.854764613240933890e-01,-1.681328623405029254e-01,2.382193899186534763e-02,2.304185387460054457e+01,1.680476064833536787e-01,9.857632514620252584e-01,5.551037941843604828e-03,3.501276679189476493e+00,-2.441610393487408243e-02,-1.467197398228367328e-03,9.997008058416457787e-01,-6.708522757376661483e-02,0.000000000000000000e+00,0.000000000000000000e+00,0.000000000000000000e+00,1.000000000000000056e-01
9.865506535593010495e-01,-1.617589585995965473e-01,2.349142980939863609e-02,2.395447653106947783e+01,1.617306012476018573e-01,9.868300317154001799e-01,3.114662850380049176e-03,3.665505523140782707e+00,-2.368587304291528209e-02,7.265103965805657857e-04,9.997191863722725280e-01,-8.090074560006650650e-02,0.000000000000000000e+00,0.000000000000000000e+00,0.000000000000000000e+00,1.000000000000000056e-01
9.875769937145819632e-01,-1.556983849041583545e-01,2.120599971482492116e-02,2.489824510104580213e+01,1.556828983690375090e-01,9.878041942032265155e-01,2.389366010114848168e-03,3.829191971487669210e+00,-2.131939588929625609e-02,9.417285972638982441e-04,9.997722723231349251e-01,-9.631898357616587580e-02,0.000000000000000000e+00,0.000000000000000000e+00,0.000000000000000000e+00,1.000000000000000056e-01
9.884698806112726110e-01,-1.504641537498432879e-01,1.696565827429026910e-02,2.581760318108816321e+01,1.504649334359438595e-01,9.886145718374134139e-01,1.237803233453432794e-03,3.991498138480828128e+00,-1.695874200680773727e-02,1.329205428546093547e-03,9.998553066731582506e-01,-1.090612105848612901e-01,0.000000000000000000e+00,0.000000000000000000e+00,0.000000000000000000e+00,1.000000000000000056e-01
9.895348268629738930e-01,-1.435488768278841976e-01,1.464740204668090774e-02,2.675131803979313361e+01,1.435500871808591539e-01,9.896425735789841083e-01,9.741818786805576382e-04,4.144105864813740325e+00,-1.463553537223404553e-02,1.138648944120927405e-03,9.998922464860652282e-01,-1.167390687099501695e-01,0.000000000000000000e+00,0.000000000000000000e+00,0.000000000000000000e+00,1.000000000000000056e-01
9.905440427958751570e-01,-1.362711125894321140e-01,1.589601067066185799e-02,2.770014311688825615e+01,1.363188768590186950e-01,9.906630800640585655e-01,-1.955916636362258279e-03,4.290966491800971561e+00,-1.548105595555975336e-02,4.104347893517581482e-03,9.998717373917865858e-01,-1.234165166609042519e-01,0.000000000000000000e+00,0.000000000000000000e+00,0.000000000000000000e+00,1.000000000000000056e-01
9.913916365189966440e-01,-1.293669289906878850e-01,2.016979731439978371e-02,2.869380311496568225e+01,1.294420793864973496e-01,9.915839320329864481e-01,-2.460450792315705543e-03,4.423007663172970894e+00,-1.968174596638632215e-02,5.050090842748426734e-03,9.997935414165239898e-01,-1.304015129933318862e-01,0.000000000000000000e+00,0.000000000000000000e+00,0.000000000000000000e+00,1.000000000000000056e-01
9.920982859855854707e-01,-1.233457092592418619e-01,2.295271120800391682e-02,2.963431847619454729e+01,1.235160982399863411e-01,9.923234825028073303e-01,-6.154636388172129643e-03,4.558719272392993460e+00,-2.201736632827583709e-02,8.941033544011931997e-03,9.997176068766275847e-01,-1.423082150637997312e-01,0.000000000000000000e+00,0.000000000000000000e+00,0.000000000000000000e+00,1.000000000000000056e-01
9.929660963395038342e-01,-1.163673849846882796e-01,2.183948790866044667e-02,3.053207722150999359e+01,1.166899514857165782e-01,9.930679690281432048e-01,-1.412317643379058796e-02,4.674016730633817396e+00,-2.004461879279053130e-02,1.657228415590959736e-02,9.996617291140575956e-01,-1.455592747174584145e-01,0.000000000000000000e+00,0.000000000000000000e+00,0.000000000000000000e+00,1.000000000000000056e-01
9.937437703591107674e-01,-1.103163081243321852e-01,1.742501174393549374e-02,3.145569686228050799e+01,1.106098795553530634e-01,9.937203664037437267e-01,-1.689046888513318426e-02,4.780386255264175155e+00,-1.545229488487631815e-02,1.871217668329281172e-02,9.997054971473169349e-01,-1.502515046381908970e-01,0.000000000000000000e+00,0.000000000000000000e+00,0.000000000000000000e+00,1.000000000000000056e-01
9.946423126291387140e-01,-1.025901519046425042e-01,1.272519783504742069e-02,3.241795896064456883e+01,1.027993447842836666e-01,9.945560327335684070e-01,-1.704677286723708246e-02,4.909366457606899381e+00,-1.090709125664076490e-02,1.826358358722560832e-02,9.997737128344952318e-01,-1.572376154581813235e-01,0.000000000000000000e+00,0.000000000000000000e+00,0.000000000000000000e+00,1.000000000000000056e-01
9.952280546653361482e-01,-9.680605360272914739e-02,1.223548907547706774e-02,3.337438808096914755e+01,9.701262927693868332e-02,9.951275626205400293e-01,-1.759783718751917192e-02,5.028165115700073073e+00,-1.047229525108265766e-02,1.870085823615330600e-02,9.997702780806225764e-01,-1.649204679994958345e-01,0.000000000000000000e+00,0.000000000000000000e+00,0.000000000000000000e+00,1.000000000000000056e-01
9.962726874626363083e-01,-8.539829031889566158e-02,1.215994352724983178e-02,3.434867757311366177e+01,8.561290930133232113e-02,9.961588659144001712e-01,-1.838324294290861680e-02,5.138165853021577689e+00,-1.054333803584704514e-02,1.935577099331787024e-02,9.997570665678318091e-01,-1.616843859574825237e-01,0.000000000000000000e+00,0.000000000000000000e+00,0.000000000000000000e+00,1.000000000000000056e-01
9.968352677661965755e-01,-7.855980760634055649e-02,1.215753126049687327e-02,3.531748142695790449e+01,7.877126312168965250e-02,9.967298533148150064e-01,-1.801909035553363528e-02,5.250900567079071379e+00,-1.070219807837333864e-02,1.891972885329243001e-02,9.997637254953838370e-01,-1.695351452948774817e-01,0.000000000000000000e+00,0.000000000000000000e+00,0.000000000000000000e+00,1.000000000000000056e-01
9.974019873824347959e-01,-7.105863276484307434e-02,1.182988905951710273e-02,3.629209506432321319e+01,7.125455527750974849e-02,9.973123063744748773e-01,-1.705731239761395027e-02,5.344967089111941405e+00,-1.058602464448391359e-02,1.785593076870136894e-02,9.997845276951478066e-01,-1.664638370794578326e-01,0.000000000000000000e+00,0.000000000000000000e+00,0.000000000000000000e+00,1.000000000000000056e-01
9.973224274137838519e-01,-7.205799009218362416e-02,1.247484834988517484e-02,3.728683814349498959e+01,7.227302855289037542e-02,9.972270626760380008e-01,-1.774245784310858956e-02,5.424569735421401973e+00,-1.116177052581530764e-02,1.859654619536001488e-02,9.997647640061800844e-01,-1.616034626989339140e-01,0.000000000000000000e+00,0.000000000000000000e+00,0.000000000000000000e+00,1.000000000000000056e-01
9.972268837899173066e-01,-7.278632677292995456e-02,1.551427992382875543e-02,3.827445783300674265e+01,7.302660880258121656e-02,9.972090987757266101e-01,-1.552828791907890672e-02,5.496211009826209803e+00,-1.434073406229340389e-02,1.661818142298686005e-02,9.997590606704933602e-01,-1.413654762585280222e-01,0.000000000000000000e+00,0.000000000000000000e+00,0.000000000000000000e+00,1.000000000000000056e-01
9.971747314897435599e-01,-7.325929304786370222e-02,1.660213421476556400e-02,3.928615487908786719e+01,7.351484837454592969e-02,9.971760854595665968e-01,-1.534345645552673623e-02,5.574165300968563663e+00,-1.543120043371169064e-02,1.652061045065679815e-02,9.997444410865770070e-01,-1.479597798730344083e-01,0.000000000000000000e+00,0.000000000000000000e+00,0.000000000000000000e+00,1.000000000000000056e-01
9.969153296523274310e-01,-7.702699910128263383e-02,1.505546125638104228e-02,4.029330485317304067e+01,7.728705299153695862e-02,9.968547653533887942e-01,-1.752963867635118356e-02,5.653660314308916135e+00,-1.365785283544764840e-02,1.863915775165478350e-02,9.997329867790870628e-01,-1.405369141457056270e-01,0.000000000000000000e+00,0.000000000000000000e+00,0.000000000000000000e+00,1.000000000000000056e-01
9.968988088815450288e-01,-7.726743777303271554e-02,1.491669904996315368e-02,4.131255530238444607e+01,7.753701528230064199e-02,9.968191353527470211e-01,-1.842885389041177061e-02,5.741703826086640206e+00,-1.344530072809570903e-02,1.952829881460199299e-02,9.997188952069170353e-01,-1.196287322929263514e-01,0.000000000000000000e+00,0.000000000000000000e+00,0.000000000000000000e+00,1.000000000000000056e-01
9.969706575035911511e-01,-7.661792445946953578e-02,1.338662498093605956e-02,4.234168362348056291e+01,7.679512157357933078e-02,9.969586423584697599e-01,-1.326554670022793425e-02,5.830274693975388445e+00,-1.232953281176435954e-02,1.425338830874173582e-02,9.998223959995914401e-01,-1.096087643269368223e-01,0.000000000000000000e+00,0.000000000000000000e+00,0.000000000000000000e+00,1.000000000000000056e-01
9.969592151946687908e-01,-7.673650413518284807e-02,1.355847231590297415e-02,4.338592134859568716e+01,7.692213607476178217e-02,9.969423553457451570e-01,-1.374500270548468031e-02,5.902796706371821855e+00,-1.246227186855886591e-02,1.474615376255838592e-02,9.998136039928068319e-01,-1.017728796460115742e-01,0.000000000000000000e+00,0.000000000000000000e+00,0.000000000000000000e+00,1.000000000000000056e-01
9.969755207052989343e-01,-7.607715673037293569e-02,1.587694360449349792e-02,4.437410537526326948e+01,7.635183726573088747e-02,9.969277537145132539e-01,-1.747715136634421171e-02,5.974601619733199698e+00,-1.449855373978188935e-02,1.863652589827382092e-02,9.997211970554078508e-01,-9.710676753783409332e-02,0.000000000000000000e+00,0.000000000000000000e+00,0.000000000000000000e+00,1.000000000000000056e-01
9.969725884095028690e-01,-7.583902728371111346e-02,1.714934111610542933e-02,4.534360253259228557e+01,7.613396786069967503e-02,9.969483085342445428e-01,-1.725366768240261042e-02,6.061823480193762492e+00,-1.578850524406826689e-02,1.850708111424806748e-02,9.997040617356661718e-01,-9.132593465907094810e-02,0.000000000000000000e+00,0.000000000000000000e+00,0.000000000000000000e+00,1.000000000000000056e-01
9.966061774339730617e-01,-8.096925607552356297e-02,1.483599241777899466e-02,4.625207086245456622e+01,8.122245850069716167e-02,9.965451136323411063e-01,-1.734210859748401903e-02,6.132301940395435302e+00,-1.338055811790489838e-02,1.848826833645310017e-02,9.997395383790583789e-01,-8.602773888388841328e-02,0.000000000000000000e+00,0.000000000000000000e+00,0.000000000000000000e+00,1.000000000000000056e-01
9.967437503057413606e-01,-8.007094536835697440e-02,9.515247462024017250e-03,4.719837003019095079e+01,8.020383931565057412e-02,9.966727438877762690e-01,-1.451846239242822120e-02,6.220782213446331532e+00,-8.321080787690011971e-03,1.523434603219459699e-02,9.998493258063917422e-01,-8.869758368068274279e-02,0.000000000000000000e+00,0.000000000000000000e+00,0.000000000000000000e+00,1.000000000000000056e-01
9.968072583246007090e-01,-7.928940702614856173e-02,9.406364060283771422e-03,4.814551305171504225e+01,7.941621641018847821e-02,9.967435805025156581e-01,-1.397495252639915225e-02,6.305883649183468442e+00,-8.267667293920661492e-03,1.467735195690090394e-02,9.998581004407827155e-01,-8.086575689649765086e-02,0.000000000000000000e+00,0.000000000000000000e+00,0.000000000000000000e+00,1.000000000000000056e-01
9.968750093398511813e-01,-7.842063558612423491e-02,9.508925698515094393e-03,4.911093593009485403e+01,7.856583415026587025e-02,9.967804994913710415e-01,-1.600142299939892598e-02,6.405900314347188207e+00,-8.223469945496920952e-03,1.669849538135344952e-02,9.998267523896600117e-01,-8.022089064127509161e-02,0.000000000000000000e+00,0.000000000000000000e+00,0.000000000000000000e+00,1.000000000000000056e-01
9.970553686078282851e-01,-7.567478474797488530e-02,1.240640494484352742e-02,5.011181549816902248e+01,7.585931277533274064e-02,9.970034881081699663e-01,-1.514626572447290084e-02,6.502596399550547801e+00,-1.122303860645632902e-02,1.604280690807476095e-02,9.998083175043845916e-01,-6.405040980563439512e-02,0.000000000000000000e+00,0.000000000000000000e+00,0.000000000000000000e+00,1.000000000000000056e-01
9.970522923207434385e-01,-7.567166728507551676e-02,1.266985194260922265e-02,5.104909825114848587e+01,7.585820896816308778e-02,9.970064822582714870e-01,-1.495347675724352163e-02,6.591654405387343374e+00,-1.150036999810470639e-02,1.587051055523274606e-02,9.998079157441307485e-01,-6.163060774503211631e-02,0.000000000000000000e+00,0.000000000000000000e+00,0.000000000000000000e+00,1.000000000000000056e-01
9.969361455252444548e-01,-7.721666632796278518e-02,1.248631997286483823e-02,5.199595386329155389e+01,7.743090648441133816e-02,9.968406644855963838e-01,-1.769588508430722934e-02,6.671215411983102861e+00,-1.108045424479743406e-02,1.860849454176025097e-02,9.997654462245723073e-01,-5.546991539315835468e-02,0.000000000000000000e+00,0.000000000000000000e+00,0.000000000000000000e+00,1.000000000000000056e-01
9.969970106539387533e-01,-7.660270021736416413e-02,1.135724731255408765e-02,5.298251402065255888e+01,7.680379678250988384e-02,9.968750231609182499e-01,-1.847606553651694530e-02,6.757325150177191375e+00,-9.906439668256449699e-03,1.929286182315576373e-02,9.997647963074973720e-01,-3.953091541170678652e-02,0.000000000000000000e+00,0.000000000000000000e+00,0.000000000000000000e+00,1.000000000000000056e-01
9.968294406486704062e-01,-7.867815867892552495e-02,1.186649075981030532e-02,5.395168867741612928e+01,7.888233523789156543e-02,9.967241125822210446e-01,-1.784994634728216331e-02,6.850296767133055909e+00,-1.042321656091527854e-02,1.872940853518275869e-02,9.997702565151888043e-01,-3.638607326782519052e-02,0.000000000000000000e+00,0.000000000000000000e+00,0.000000000000000000e+00,1.000000000000000056e-01
9.966922767827719465e-01,-7.980156659186717072e-02,1.536929962808968562e-02,5.489441655411965115e+01,8.009465775389880415e-02,9.965964167100826998e-01,-1.950456356622546489e-02,6.932838263453272809e+00,-1.376049420842234174e-02,2.067104666210452940e-02,9.996916307687251368e-01,-2.894359222517784921e-02,0.000000000000000000e+00,0.000000000000000000e+00,0.000000000000000000e+00,1.000000000000000056e-01
9.964706524584623359e-01,-8.168477185510419902e-02,1.933486064046077355e-02,5.584773579740446081e+01,8.203249272669616010e-02,9.964683491652783776e-01,-1.793040013132662924e-02,7.012487776826150210e+00,-1.780193601974251402e-02,1.945320433256462339e-02,9.996522715000173420e-01,-1.488030410434873323e-02,0.000000000000000000e+00,0.000000000000000000e+00,0.000000000000000000e+00,1.000000000000000056e-01
9.962936013436533012e-01,-8.373975969093881699e-02,1.966500873626418622e-02,5.681393906080096912e+01,8.405063270787531404e-02,9.963401196954072558e-01,-1.555175317279003031e-02,7.102854309793481313e+00,-1.829073708463845732e-02,1.714696860221546701e-02,9.996856657993328232e-01,-1.684177039863594960e-02,0.000000000000000000e+00,0.000000000000000000e+00,0.000000000000000000e+00,1.000000000000000056e-01
9.960982554030443081e-01,-8.655702070476316290e-02,1.720894388760407442e-02,5.771024966180031157e+01,8.683051410653973290e-02,9.960972310619622405e-01,-1.583565883333710664e-02,7.188994731593579601e+00,-1.577109390643237005e-02,1.726813358203615686e-02,9.997265046799487243e-01,-1.688145383697091384e-02,0.000000000000000000e+00,0.000000000000000000e+00,0.000000000000000000e+00,1.000000000000000056e-01
9.958698071379221695e-01,-9.017423513976746685e-02,1.057991247768960696e-02,5.858562428959000812e+01,9.034193593499767472e-02,9.957721560628622903e-01,-1.661769603270671011e-02,7.280456739081755835e+00,-9.036694229330882039e-03,1.750487151842556113e-02,9.998059399856199514e-01,-1.841263681789465784e-02,0.000000000000000000e+00,0.000000000000000000e+00,0.000000000000000000e+00,1.000000000000000056e-01
9.955917229515341971e-01,-9.345246610843206680e-02,7.984846188123003591e-03,5.951977739764561193e+01,9.358318888431325921e-02,9.954493625890307174e-01,-1.796533549186724379e-02,7.356074702905098128e+00,-6.269605142158160387e-03,1.863338668478576113e-02,9.998067257985499001e-01,-1.114809262038271576e-02,0.000000000000000000e+00,0.000000000000000000e+00,0.000000000000000000e+00,1.000000000000000056e-01
9.954301245025749534e-01,-9.505734999437032151e-02,9.108646707160390765e-03,6.042106438260677947e+01,9.518697439896497969e-02,9.953456804194473762e-01,-1.504713843619722574e-02,7.456796879030710201e+00,-7.635911049695576214e-03,1.584539940787497991e-02,9.998452961233783576e-01,-9.315906401593368469e-03,0.000000000000000000e+00,0.000000000000000000e+00,0.000000000000000000e+00,1.000000000000000056e-01
9.951059109611257725e-01,-9.822436055857673709e-02,1.077965505416474644e-02,6.134271462302821476e+01,9.835822551793381441e-02,9.950702569039447942e-01,-1.268240111652817019e-02,7.554532660306166214e+00,-9.480793384065261745e-03,1.368060005906023523e-02,9.998614682738967696e-01,2.431438901007300195e-03,0.000000000000000000e+00,0.000000000000000000e+00,0.000000000000000000e+00,1.000000000000000056e-01
9.949177510706743721e-01,-9.965186263963464464e-02,1.442826659453971122e-02,6.223179127052045345e+01,9.981804243605761628e-02,9.949416040806445816e-01,-1.129437354027628196e-02,7.649781992566500932e+00,-1.322977734903818189e-02,1.267717404965632705e-02,9.998321170323594131e-01,1.179605561575718456e-02,0.000000000000000000e+00,0.000000000000000000e+00,0.000000000000000000e+00,1.000000000000000056e-01
9.946055372407556217e-01,-1.025567664966946652e-01,1.555425780197718794e-02,6.304460886853774326e+01,1.027213358495949053e-01,9.946581141034829265e-01,-1.017660107194104727e-02,7.742435932731654979e+00,-1.442748943172894593e-02,1.171945791601085654e-02,9.998272360037269157e-01,1.509429895878724136e-02,0.000000000000000000e+00,0.000000000000000000e+00,0.000000000000000000e+00,1.000000000000000056e-01
9.941245266783156342e-01,-1.071471074352024488e-01,1.535977945427804969e-02,6.385787024342442209e+01,1.072963806146135790e-01,9.941840880138171910e-01,-9.245855673686057333e-03,7.838605265767885300e+00,-1.427978163764597255e-02,1.083958063782190957e-02,9.998392827489712698e-01,1.621919391751508455e-02,0.000000000000000000e+00,0.000000000000000000e+00,0.000000000000000000e+00,1.000000000000000056e-01
9.934233735561296408e-01,-1.133242338438934516e-01,1.635906158839700586e-02,6.465290179094377265e+01,1.134860020215790744e-01,9.934958677962490992e-01,-9.321374197832691527e-03,7.934799800960171012e+00,-1.519632249975514347e-02,1.111659549828197466e-02,9.998227308313264450e-01,1.921875349099502056e-02,0.000000000000000000e+00,0.000000000000000000e+00,0.000000000000000000e+00,1.000000000000000056e-01
9.931628729751625917e-01,-1.157781323776672505e-01,1.493090107329239635e-02,6.544542803409188991e+01,1.159500047325933009e-01,9.931918119550908752e-01,-1.120808047236362438e-02,8.019145511732679310e+00,-1.353159806647662514e-02,1.286268745257960859e-02,9.998257083738467665e-01,2.341181097122527199e-02,0.000000000000000000e+00,0.000000000000000000e+00,0.000000000000000000e+00,1.000000000000000056e-01
9.929699278775914184e-01,-1.171067377580818497e-01,1.722597754644895895e-02,6.619960411638543007e+01,1.173006131649702993e-01,9.930387225249368566e-01,-1.070802116002036834e-02,8.115485773105580947e+00,-1.585208131107442714e-02,1.265336072754162135e-02,9.997942808300144257e-01,3.039533918871668156e-02,0.000000000000000000e+00,0.000000000000000000e+00,0.000000000000000000e+00,1.000000000000000056e-01
9.926030414008881753e-01,-1.197051863481301409e-01,2.024526026175353655e-02,6.699299812139136634e+01,1.199117753257222946e-01,9.927408607720702438e-01,-9.313940721441447967e-03,8.224415056304509974e+00,-1.898337008911221008e-02,1.167269098744852865e-02,9.997516591359932869e-01,3.295860046021013151e-02,0.000000000000000000e+00,0.000000000000000000e+00,0.000000000000000000e+00,1.000000000000000056e-01
9.923419295428390630e-01,-1.214726847594210513e-01,2.240271698998486799e-02,6.773495003760787370e+01,1.216762833787009279e-01,9.925379539006320417e-01,-7.955635103044781872e-03,8.323505627766403236e+00,-2.126915452812136453e-02,1.062058962982044032e-02,9.997173731318136358e-01,3.031317561113568496e-02,0.000000000000000000e+00,0.000000000000000000e+00,0.000000000000000000e+00,1.000000000000000056e-01
9.919425002399364644e-01,-1.242146711359622818e-01,2.491569168874130727e-02,6.841783016750245849e+01,1.243989558436967152e-01,9.922142490159021611e-01,-5.981959111142904142e-03,8.417356418193563172e+00,-2.397865723391682038e-02,9.033245507243050157e-03,9.996716583323067562e-01,3.189652913255705546e-02,0.000000000000000000e+00,0.000000000000000000e+00,0.000000000000000000e+00,1.000000000000000056e-01
9.918574038859938602e-01,-1.255919347472662095e-01,2.110820416271455904e-02,6.910040765345439695e+01,1.256746329436821408e-01,9.920680193999937835e-01,-2.632777667098125211e-03,8.516144103308679547e+00,-2.061011865582468641e-02,5.264105832146425377e-03,9.997737305004471553e-01,3.055583608774885621e-02,0.000000000000000000e+00,0.000000000000000000e+00,0.000000000000000000e+00,1.000000000000000056e-01
9.918750590617909646e-01,-1.263148630414779594e-01,1.511365561276810550e-02,6.979418076531919723e+01,1.263834586931556203e-01,9.919746762195347234e-01,-3.669210801344123443e-03,8.616390640596714334e+00,-1.452888777312709954e-02,5.549514750132220411e-03,9.998790498385862202e-01,2.841716873442081542e-02,0.000000000000000000e+00,0.000000000000000000e+00,0.000000000000000000e+00,1.000000000000000056e-01
9.919763133829908597e-01,-1.260932382247026140e-01,9.137229399478388053e-03,7.053010171424315899e+01,1.261355529192979275e-01,9.920040787618534806e-01,-4.210701792982831163e-03,8.711502132241426111e+00,-8.533227808589515656e-03,5.329445923811930094e-03,9.999493892339310630e-01,3.122168362168359357e-02,0.000000000000000000e+00,0.000000000000000000e+00,0.000000000000000000e+00,1.000000000000000056e-01
9.917322103635847208e-01,-1.280097208724836899e-01,8.985226180088087475e-03,7.124317874088077929e+01,1.280434949217658103e-01,9.917631042229123617e-01,-3.287629898928107978e-03,8.811666712810247049e+00,-8.490367222815325618e-03,4.410948229282407769e-03,9.999542275525117319e-01,3.612146279566075258e-02,0.000000000000000000e+00,0.000000000000000000e+00,0.000000000000000000e+00,1.000000000000000056e-01
9.913614823832856970e-01,-1.306238743389998569e-01,1.182432659746816828e-02,7.191101161168860756e+01,1.306531894613760514e-01,9.914266096157241526e-01,-1.738341002303792375e-03,8.911749728249640512e+00,-1.149588319287363561e-02,3.268210296123730263e-03,9.999285791850716087e-01,4.711335167015440889e-02,0.000000000000000000e+00,0.000000000000000000e+00,0.000000000000000000e+00,1.000000000000000056e-01
9.909662430892082208e-01,-1.334169264348665229e-01,1.363190369440993137e-02,7.252975955179262257e+01,1.334733901862427685e-01,9.910468506938521216e-01,-3.315696305256337489e-03,8.996931585702297340e+00,-1.306748521526810737e-02,5.105239511629902638e-03,9.999015838369682552e-01,5.612888789621096192e-02,0.000000000000000000e+00,0.000000000000000000e+00,0.000000000000000000e+00,1.000000000000000056e-01
9.910384958750699802e-01,-1.331137672401384031e-01,1.110966537826640031e-02,7.309987576779789720e+01,1.331935015525215205e-01,9.910669141981840458e-01,-6.772202438483840119e-03,9.066836481309366036e+00,-1.010894840511344754e-02,8.191248551204627013e-03,9.999153527220767668e-01,5.854123426966956895e-02,0.000000000000000000e+00,0.000000000000000000e+00,0.000000000000000000e+00,1.000000000000000056e-01
9.911197516034115917e-01,-1.326888857463300597e-01,8.677417875668818475e-03,7.373138360983348605e+01,1.328024760727858078e-01,9.910411384113350097e-01,-1.417618867334830175e-02,9.141040288633421440e+00,-6.718655410777363973e-03,1.520268317641913954e-02,9.998618595054562519e-01,7.389207054725593915e-02,0.000000000000000000e+00,0.000000000000000000e+00,0.000000000000000000e+00,1.000000000000000056e-01
9.914205454895219649e-01,-1.306219063717029005e-01,4.818667562801851566e-03,7.433565982713307108e+01,1.306888570549488149e-01,9.912554376943916168e-01,-1.825047623957538542e-02,9.220711208788459956e+00,-2.392618425464111860e-03,1.872364326519371583e-02,9.998218344084849329e-01,8.399204548397630476e-02,0.000000000000000000e+00,0.000000000000000000e+00,0.000000000000000000e+00,1.000000000000000056e-01
9.919705484325948008e-01,-1.263954247587025792e-01,4.315975255282471917e-03,7.491494621671638754e+01,1.264508264190120634e-01,9.918295364133796754e-01,-1.686295335844652590e-02,9.291150484827273459e+00,-2.149311584191393280e-03,1.727331172900594194e-02,9.998484951039465773e-01,9.315196327390998232e-02,0.000000000000000000e+00,0.000000000000000000e+00,0.000000000000000000e+00,1.000000000000000056e-01
9.925978711727639903e-01,-1.213060716412191209e-01,5.856887080380272607e-03,7.549073260705024779e+01,1.213885177583813313e-01,9.924637149750250575e-01,-1.675118546238894834e-02,9.381183687986821340e+00,-3.780727406207531373e-03,1.733814987095300131e-02,9.998425349320423372e-01,8.836034953615302945e-02,0.000000000000000000e+00,0.000000000000000000e+00,0.000000000000000000e+00,1.000000000000000056e-01
9.932909734400189317e-01,-1.154046404884730287e-01,7.403447595943931855e-03,7.604488645502715372e+01,1.155213783820044499e-01,9.931422374927721952e-01,-1.798074649651184437e-02,9.430840422926678457e+00,-5.277614925451921610e-03,1.871536966176084310e-02,9.998109229845022483e-01,9.631309263989337732e-02,0.000000000000000000e+00,0.000000000000000000e+00,0.000000000000000000e+00,1.000000000000000056e-01
9.942991173890802781e-01,-1.060660262042252971e-01,1.092077124293944906e-02,7.661931227488513230e+01,1.062891137479128473e-01,9.940826065133779865e-01,-2.241418582620882324e-02,9.490387737173721305e+00,-8.478765121128550852e-03,2.344716428084999207e-02,9.996891221920980453e-01,1.077693730106592113e-01,0.000000000000000000e+00,0.000000000000000000e+00,0.000000000000000000e+00,1.000000000000000056e-01
9.951452521446715327e-01,-9.738102700151896052e-02,1.424298824150057458e-02,7.717405312780967108e+01,9.773113870939564851e-02,9.948628213331609516e-01,-2.639301528033277666e-02,9.527335222638081191e+00,-1.159964053248871071e-02,2.765686730547131655e-02,9.995501718424966153e-01,1.158686014198074543e-01,0.000000000000000000e+00,0.000000000000000000e+00,0.000000000000000000e+00,1.000000000000000056e-01
9.961780054316680122e-01,-8.618679323528881386e-02,1.418513891371172425e-02,7.766493133368231838e+01,8.649215570923378393e-02,9.959974844686322326e-01,-2.254147140109451913e-02,9.572589591236548401e+00,-1.218558554002967600e-02,2.368222126351918894e-02,9.996452690335069224e-01,1.271207562075720998e-01,0.000000000000000000e+00,0.000000000000000000e+00,0.000000000000000000e+00,1.000000000000000056e-01
9.972719349999038529e-01,-7.289878122749911260e-02,1.159548865261228814e-02,7.815848467435914415e+01,7.310474429074835523e-02,9.971534312113126131e-01,-1.845889990466288016e-02,9.612729067708883690e+00,-1.021684999067385899e-02,1.925622805876818500e-02,9.997623785966427423e-01,1.225463165542760302e-01,0.000000000000000000e+00,0.000000000000000000e+00,0.000000000000000000e+00,1.000000000000000056e-01
9.982514894938954164e-01,-5.781726973866415514e-02,1.229337395452354161e-02,7.865868744085949515e+01,5.797580503238897870e-02,9.982339130823243423e-01,-1.295611065084314138e-02,9.639254643873734096e+00,-1.152257584334458705e-02,1.364617500682959415e-02,9.998404933556238605e-01,1.264053118196319936e-01,0.000000000000000000e+00,0.000000000000000000e+00,0.000000000000000000e+00,1.000000000000000056e-01
9.993051179159599950e-01,-3.455854534325229765e-02,1.396381934599435354e-02,7.915541205273238745e+01,3.475255466496503243e-02,9.992993009373166702e-01,-1.389845640525432663e-02,9.658726673953104580e+00,-1.347372447498493969e-02,1.437407701205586918e-02,9.998059034926847222e-01,1.349851810405295061e-01,0.000000000000000000e+00,0.000000000000000000e+00,0.000000000000000000e+00,1.000000000000000056e-01
9.998486102774798434e-01,-9.997861031334811729e-03,1.424076195259196646e-02,7.965695755828217273e+01,1.026084313540281436e-02,9.997759282086746691e-01,-1.851508770256723307e-02,9.682685379325008057e+00,-1.405245972571816764e-02,1.865840693310166082e-02,9.997271588920528806e-01,1.354175301172645118e-01,0.000000000000000000e+00,0.000000000000000000e+00,0.000000000000000000e+00,1.000000000000000056e-01
9.997330708414062794e-01,1.716063932026745328e-02,1.546930910323752149e-02,8.013712794856598975e+01,-1.689141913910483309e-02,9.997064501317655116e-01,-1.736932711450964520e-02,9.684168744477943847e+00,-1.576283684743642888e-02,1.710339215078247530e-02,9.997294668816447683e-01,1.433127206136959597e-01,0.000000000000000000e+00,0.000000000000000000e+00,0.000000000000000000e+00,1.000000000000000056e-01
9.986978792334380017e-01,4.859016268242233316e-02,1.554162491919430268e-02,8.062795548947059388e+01,-4.829433040997291315e-02,9.986547852033336170e-01,-1.887531829495703653e-02,9.657753850976543930e+00,-1.643787288202322797e-02,1.810016798207426600e-02,9.997010454401531465e-01,1.413550857940781835e-01,0.000000000000000000e+00,0.000000000000000000e+00,0.000000000000000000e+00,1.000000000000000056e-01
