1.000000000000000000e+00,3.659243291187241833e-09,-6.823655049294719198e-10,3.156109229398836777e-15,-3.659243291425974430e-09,1.000000000000000000e+00,-3.498602258119922209e-10,1.990840123031701224e-17,6.823655036492482080e-10,3.498602283089335766e-10,1.000000000000000000e+00,7.402296512442699745e-16,0.000000000000000000e+00,0.000000000000000000e+00,0.000000000000000000e+00,1.000000000000000056e-01
9.999995665888502527e-01,-3.269369956153709103e-04,-8.717421135703649210e-04,6.564142067276605985e-01,3.240801174724497100e-04,9.999945835605132949e-01,-3.275335358883425026e-03,7.038639854713115568e-03,8.728082201338248879e-04,3.275051425029990113e-03,9.999942561054909751e-01,2.223864733030081389e-03,0.000000000000000000e+00,0.000000000000000000e+00,0.000000000000000000e+00,1.000000000000000056e-01
9.999910315097293445e-01,-2.023706048327988862e-03,-3.720418516433789471e-03,1.327498596995655422e+00,2.015993260480923501e-03,9.999958136541956533e-01,-2.075679468740406711e-03,6.993161247153838536e-03,3.724603506570623064e-03,2.068160514373987725e-03,9.999909249792248156e-01,7.049145011480508101e-03,0.000000000000000000e+00,0.000000000000000000e+00,0.000000000000000000e+00,1.000000000000000056e-01
9.999827817072433067e-01,-3.946224813687409898e-03,-4.343224466187072148e-03,2.045689299654177784e+00,3.938580117903190368e-03,9.999906820914458150e-01,-1.767290847512924127e-03,-7.352629692990126503e-03,4.350158123414125076e-03,1.750154280251610189e-03,9.999890064817196222e-01,6.916976676322415633e-03,0.000000000000000000e+00,0.000000000000000000e+00,0.000000000000000000e+00,1.000000000000000056e-01
9.999610033979465795e-01,-5.319607597751198867e-03,-7.049358721030438840e-03,2.741391086762521301e+00,5.312171818362280799e-03,9.999853145130940257e-01,-1.073121018663504350e-03,-6.706167009126283787e-03,7.054963780489434400e-03,1.035631765854800332e-03,9.999745771532901895e-01,1.382968335522361848e-02,0.000000000000000000e+00,0.000000000000000000e+00,0.000000000000000000e+00,1.000000000000000056e-01
9.999362906397474271e-01,-6.001829759624257785e-03,-9.559952989373145943e-03,3.448054990257278352e+00,5.985535799638855292e-03,9.999805864100257402e-01,-1.732098222483277302e-03,-1.538927409069482284e-02,9.570163155023930779e-03,1.674766430752870931e-03,9.999528024534901638e-01,3.072802626814786359e-02,0.000000000000000000e+00,0.000000000000000000e+00,0.000000000000000000e+00,1.000000000000000056e-01
9.998983360297398759e-01,-8.045011898120851476e-03,-1.177265426811409214e-02,4.170215858715309309e+00,8.024080862081150664e-03,9.999661428326168666e-01,-1.824092864219879285e-03,6.131238101189081212e-03,1.178693052818391949e-02,1.729442689888507087e-03,9.999290361304177255e-01,5.172105995739825768e-02,0.000000000000000000e+00,0.000000000000000000e+00,0.000000000000000000e+00,1.000000000000000056e-01
9.998741304657162710e-01,-8.872700657580903649e-03,-1.315288593688823844e-02,4.940211210864774216e+00,8.888477247746769810e-03,9.999598451632039087e-01,1.141504882889585225e-03,1.748720142859389037e-02,1.314222955377499814e-02,-1.258270329593833047e-03,9.999128454811117006e-01,6.703110360995068184e-02,0.000000000000000000e+00,0.000000000000000000e+00,0.000000000000000000e+00,1.000000000000000056e-01
9.998912081654476314e-01,-8.236376812006365039e-03,-1.223658164897688597e-02,5.712307104559116055e+00,8.254335849218828736e-03,9.999649271743596968e-01,1.417871949696021712e-03,3.344231021079004107e-02,1.222447434983340783e-02,-1.518722551382497080e-03,9.999241249758314964e-01,7.611168860432408756e-02,0.000000000000000000e+00,0.000000000000000000e+00,0.000000000000000000e+00,1.000000000000000056e-01
9.998920002561726417e-01,-9.680498365581630127e-03,-1.105783772281373513e-02,6.507988026402897752e+00,9.693439371269877564e-03,9.999523932985576735e-01,1.117304632655148058e-03,6.445133206725196795e-02,1.104649522996439294e-02,-1.224372443584480176e-03,9.999382360202322406e-01,9.175951959381593859e-02,0.000000000000000000e+00,0.000000000000000000e+00,0.000000000000000000e+00,1.000000000000000056e-01
9.998641739668592265e-01,-1.350172911758758081e-02,-9.451821433220373644e-03,7.341016029539826349e+00,1.350000695030881791e-02,9.999088404967693133e-01,-2.459852598261621560e-04,7.116614916325932072e-02,9.454281036218986287e-03,1.183521935825559854e-04,9.999553002823908798e-01,1.173319856912840714e-01,0.000000000000000000e+00,0.000000000000000000e+00,0.000000000000000000e+00,1.000000000000000056e-01
9.998656645683120514e-01,-1.365520462238948088e-02,-9.065771014561496352e-03,8.165575557527679607e+00,1.365797857292637071e-02,9.999066956563670283e-01,2.441369840714748560e-04,8.896214897837531610e-02,9.061591398274065554e-03,-3.679242940882664851e-04,9.999588752508997702e-01,1.376576029895593967e-01,0.000000000000000000e+00,0.000000000000000000e+00,0.000000000000000000e+00,1.000000000000000056e-01
9.998348971850453681e-01,-1.518683696092658700e-02,-9.976891003309897379e-03,9.021094316092231225e+00,1.519156130481710484e-02,9.998845223984732522e-01,3.979109184659270285e-04,1.082664664588552511e-01,9.969695887622425853e-03,-5.494097735614475887e-04,9.999501504139138852e-01,1.522477322830156354e-01,0.000000000000000000e+00,0.000000000000000000e+00,0.000000000000000000e+00,1.000000000000000056e-01
9.998602295762706316e-01,-1.355326808602313332e-02,-9.789291898590502666e-03,9.711249549919749313e+00,1.357729728660702143e-02,9.999049622759045297e-01,2.392365861044754623e-03,1.640309082695005083e-01,9.755937170693364940e-03,-2.524943605387177433e-03,9.999492218856470549e-01,1.749144897820025524e-01,0.000000000000000000e+00,0.000000000000000000e+00,0.000000000000000000e+00,1.000000000000000056e-01
9.998034581905489437e-01,-1.690118954357753417e-02,-1.036314538309743814e-02,1.047467291654375821e+01,1.693045111874878078e-02,9.998529086727314663e-01,2.742415649430638390e-03,1.975930030353228728e-01,1.031527096759005981e-02,-2.917329376441651044e-03,9.999425405362922792e-01,1.870835484961354822e-01,0.000000000000000000e+00,0.000000000000000000e+00,0.000000000000000000e+00,1.000000000000000056e-01
9.997781901950162364e-01,-1.789424914751478260e-02,-1.110703641051907428e-02,1.131003291527317245e+01,1.790919399466733494e-02,9.998388392443032791e-01,1.247521168409565940e-03,2.143968078580927306e-01,1.108292293753328564e-02,-1.446162525764307493e-03,9.999375367657270530e-01,2.142844133290401631e-01,0.000000000000000000e+00,0.000000000000000000e+00,0.000000000000000000e+00,1.000000000000000056e-01
9.997285870612471204e-01,-1.975240619326512626e-02,-1.235292119697754994e-02,1.221060974248817033e+01,1.977912834219722193e-02,9.998022828959557406e-01,2.044797803728315346e-03,2.409455300400258626e-01,1.231008913636966011e-02,-2.288572832903317065e-03,9.999216089973469446e-01,2.339459660966417831e-01,0.000000000000000000e+00,0.000000000000000000e+00,0.000000000000000000e+00,1.000000000000000056e-01
9.996935651245923982e-01,-2.043336458824975693e-02,-1.397331242354320560e-02,1.311899113096259661e+01,2.049697459617329937e-02,9.997801257346994319e-01,4.424276021284233480e-03,2.791720016334004462e-01,1.387983720675831090e-02,-4.709330898582640874e-03,9.998925803913145671e-01,2.539132034128778193e-01,0.000000000000000000e+00,0.000000000000000000e+00,0.000000000000000000e+00,1.000000000000000056e-01
9.997166922699285418e-01,-1.634834111221711642e-02,-1.729933350599579395e-02,1.400312337617606495e+01,1.648264716629440144e-02,9.998348881491547768e-01,7.649756999970747443e-03,3.021767080491014057e-01,1.717141634416113893e-02,-7.932728575070871133e-03,9.998210911348538454e-01,2.665190811268185467e-01,0.000000000000000000e+00,0.000000000000000000e+00,0.000000000000000000e+00,1.000000000000000056e-01
9.994528284208082924e-01,-2.971420447138569884e-02,-1.452961851801183590e-02,1.498133851949654805e+01,2.981941038774056293e-02,9.995302383303610316e-01,7.078518727756884926e-03,3.445433416934690074e-01,1.431246050732649586e-02,-7.507910220852190286e-03,9.998693838488814656e-01,2.861351218200165469e-01,0.000000000000000000e+00,0.000000000000000000e+00,0.000000000000000000e+00,1.000000000000000056e-01
9.993491424257229250e-01,-3.320340352079453189e-02,-1.410055061362504823e-02,1.595324658707971466e+01,3.327882062762013010e-02,9.994328486110314325e-01,5.147933068107799284e-03,3.946073525580582331e-01,1.392162456780088493e-02,-5.613832191500056287e-03,9.998873302815267650e-01,3.049903130874783708e-01,0.000000000000000000e+00,0.000000000000000000e+00,0.000000000000000000e+00,1.000000000000000056e-01
9.993385647524101190e-01,-3.376734422141753483e-02,-1.349812812301513266e-02,1.687181954591114419e+01,3.383904516233444265e-02,9.994141846599418066e-01,5.119230704430702793e-03,4.428416262960901406e-01,1.331735788715323991e-02,-5.572608431963933968e-03,9.998957915773870608e-01,3.310355287329335150e-01,0.000000000000000000e+00,0.000000000000000000e+00,0.000000000000000000e+00,1.000000000000000056e-01
9.992985625286492368e-01,-3.527683679360562458e-02,-1.256692937883428438e-02,1.777379354365397646e+01,3.535124011620843082e-02,9.993584170834336478e-01,5.748393405116860276e-03,4.866519049186338042e-01,1.235608151565338250e-02,-6.188617804577050373e-03,9.999045095704126584e-01,3.610425122059623404e-01,0.000000000000000000e+00,0.000000000000000000e+00,0.000000000000000000e+00,1.000000000000000056e-01
9.993113270545467275e-01,-3.479718319014395156e-02,-1.288517219568104458e-02,1.869294233396194116e+01,3.486490092322283574e-02,9.993791812098608007e-01,5.068614004040955870e-03,5.242780797326725972e-01,1.270079934864904586e-02,-5.514363638686512956e-03,9.999041361498439695e-01,3.720913877677968773e-01,0.000000000000000000e+00,0.000000000000000000e+00,0.000000000000000000e+00,1.000000000000000056e-01
9.992631909299658499e-01,-3.597761051281136990e-02,-1.336737798713995284e-02,1.964069848208007230e+01,3.600786124724822401e-02,9.993494465139635130e-01,2.029206897703704753e-03,5.602290724863353555e-01,1.328567577737575778e-02,-2.509042451456955976e-03,9.999085935849912898e-01,3.975439305180246685e-01,0.000000000000000000e+00,0.000000000000000000e+00,0.000000000000000000e+00,1.000000000000000056e-01
9.992581900213147739e-01,-3.664829072415508315e-02,-1.183099582975992090e-02,2.058209407354958742e+01,3.664966003691870478e-02,9.993281704193437420e-01,-1.011212407998466657e-04,5.937535328201254403e-01,1.182675333742408755e-02,-3.325557470045397172e-04,9.999300062065198391e-01,4.234694096375395400e-01,0.000000000000000000e+00,0.000000000000000000e+00,0.000000000000000000e+00,1.000000000000000056e-01
9.993748826310454580e-01,-3.454667095820192907e-02,-7.508095090628805895e-03,2.151558497016538496e+01,3.454806681869116575e-02,9.994030357739197568e-01,5.625801806948698986e-05,6.392152089480522825e-01,7.501669499214684220e-03,-3.156130210773798201e-04,9.999718122742987658e-01,4.390072874019348426e-01,0.000000000000000000e+00,0.000000000000000000e+00,0.000000000000000000e+00,1.000000000000000056e-01
9.993794482453889350e-01,-3.485483903082205182e-02,-5.085137252578022724e-03,2.247494808446907300e+01,3.484471121652761572e-02,9.993906014098663526e-01,-2.066860871595323484e-03,6.799389641841964149e-01,5.154078480084225283e-03,1.888388138392430287e-03,9.999849346191470589e-01,4.567189319394892033e-01,0.000000000000000000e+00,0.000000000000000000e+00,0.000000000000000000e+00,1.000000000000000056e-01
9.994524998009848282e-01,-3.305436705735726594e-02,-1.452398017062331292e-03,2.346299044510356424e+01,3.305084822474726319e-02,9.994508295399272546e-01,-2.383435246879776759e-03,7.182618890850051008e-01,1.530383346482899407e-03,2.334127329183918916e-03,9.999961048806259578e-01,4.762966303855411532e-01,0.000000000000000000e+00,0.000000000000000000e+00,0.000000000000000000e+00,1.000000000000000056e-01
9.995483246977621139e-01,-3.005100825397940406e-02,-2.889581567392383084e-04,2.440649565555818157e+01,3.004946355897903515e-02,9.995388930541373451e-01,-4.362454805203906140e-03,7.600630008909223800e-01,4.199210814848968127e-04,4.351801354510261184e-03,9.999904426999570717e-01,4.951476439511433014e-01,0.000000000000000000e+00,0.000000000000000000e+00,0.000000000000000000e+00,1.000000000000000056e-01
9.995813907828219325e-01,-2.880741872120887170e-02,-2.678773469421160108e-03,2.537352412809432423e+01,2.879149734580222636e-02,9.995685920205756858e-01,-5.803406464364674854e-03,7.828150142573241377e-01,2.844798985199705182e-03,5.723851205692816364e-03,9.999795721144052463e-01,5.087800781939452177e-01,0.000000000000000000e+00,0.000000000000000000e+00,0.000000000000000000e+00,1.000000000000000056e-01
9.996633583226376407e-01,-2.475755289301001874e-02,-7.761030978903980804e-03,2.632813111092189473e+01,2.470560197587384418e-02,9.996721855539200119e-01,-6.719721784312403766e-03,8.272470881620705985e-01,7.924850668334048470e-03,6.525718703612295828e-03,9.999473044802340560e-01,5.195440913369352431e-01,0.000000000000000000e+00,0.000000000000000000e+00,0.000000000000000000e+00,1.000000000000000056e-01
9.996739510408269025e-01,-2.360678984491364207e-02,-9.731961962548807063e-03,2.729209194093000335e+01,2.353308253041200976e-02,9.996940184247989913e-01,-7.619944376067468855e-03,8.550138294054544508e-01,9.908866587013466162e-03,7.388436837087203335e-03,9.999236097642985044e-01,5.367771997165740050e-01,0.000000000000000000e+00,0.000000000000000000e+00,0.000000000000000000e+00,1.000000000000000056e-01
9.997395568494523710e-01,-2.179941989416801090e-02,-6.753055807431336197e-03,2.828088575559735318e+01,2.173058897402175421e-02,9.997128085617194015e-01,-1.010355880277713156e-02,8.764172262640458344e-01,6.971368108388366347e-03,9.954179520020874083e-03,9.999261544418069914e-01,5.529526160919611133e-01,0.000000000000000000e+00,0.000000000000000000e+00,0.000000000000000000e+00,1.000000000000000056e-01
9.997845952357459209e-01,-2.073051953411072026e-02,-1.004335173956504880e-03,2.929173824378674951e+01,2.071713777527512193e-02,9.997147891710039813e-01,-1.188025736991168285e-02,8.908973531265057533e-01,1.250332634166167762e-03,1.185689135570222597e-02,9.999289228718624134e-01,5.796212888842110500e-01,0.000000000000000000e+00,0.000000000000000000e+00,0.000000000000000000e+00,1.000000000000000056e-01
9.998352092334690244e-01,-1.811949955699842726e-02,1.112705203121551988e-03,3.024296900458191217e+01,1.813348690758262091e-02,9.997346466317578173e-01,-1.420608942132988578e-02,9.020474993505968042e-01,-8.550027120715762881e-04,1.422392561419754189e-02,9.998984693010006808e-01,5.929482446469542811e-01,0.000000000000000000e+00,0.000000000000000000e+00,0.000000000000000000e+00,1.000000000000000056e-01
9.998194130747186659e-01,-1.900049447042086170e-02,-3.499268561058108866e-04,3.115593979185034712e+01,1.898826428933852312e-02,9.995794758527589696e-01,-2.191614184115875386e-02,9.089184424466535406e-01,7.661972352789465359e-04,2.190553956886395759e-02,9.997597512792728569e-01,6.128892539627014413e-01,0.000000000000000000e+00,0.000000000000000000e+00,0.000000000000000000e+00,1.000000000000000056e-01
9.998248997938947724e-01,-1.852881070084721679e-02,-2.617809416358181027e-03,3.210066670476700779e+01,1.845521292062820076e-02,9.994970452247029513e-01,-2.578879026131991950e-02,9.261063896890845415e-01,3.094328389567254679e-03,2.573596240866544635e-02,9.996639862327327819e-01,6.295908776476516477e-01,0.000000000000000000e+00,0.000000000000000000e+00,0.000000000000000000e+00,1.000000000000000056e-01
9.998519028572835365e-01,-1.597410898188616687e-02,-6.403139456859229667e-03,3.307847193745163139e+01,1.579335781437543260e-02,9.995011670169197115e-01,-2.734935064608955135e-02,9.315226744076847698e-01,6.836826867507339242e-03,2.724417321282619070e-02,9.996054285688594776e-01,6.378478324137557554e-01,0.000000000000000000e+00,0.000000000000000000e+00,0.000000000000000000e+00,1.000000000000000056e-01
9.998364534904423673e-01,-1.711583408987382357e-02,-5.840761513905497020e-03,3.403422787199281174e+01,1.694651087086740740e-02,9.994669909878876046e-01,-2.790250338090439347e-02,9.478176978427796939e-01,6.315222953940690005e-03,2.779895949537898592e-02,9.995935853185614617e-01,6.486581192848561717e-01,0.000000000000000000e+00,0.000000000000000000e+00,0.000000000000000000e+00,1.000000000000000056e-01
9.998489406100640187e-01,-1.671027654458705214e-02,-4.781487084174165098e-03,3.500660260731216056e+01,1.656758689022222453e-02,9.994573647361486568e-01,-2.846912607208011356e-02,9.740767109036797544e-01,5.254619450315814455e-03,2.838560784053212674e-02,9.995832362749766942e-01,6.735750778238771552e-01,0.000000000000000000e+00,0.000000000000000000e+00,0.000000000000000000e+00,1.000000000000000056e-01
9.998481020750812354e-01,-1.690206267765863649e-02,-4.253593080954660467e-03,3.598859871378341779e+01,1.678032431813325856e-02,9.994894180743720824e-01,-2.719051071847269213e-02,9.909023193958005349e-01,4.710996989609723441e-03,2.711500386490128811e-02,9.996212197991648507e-01,6.849063660034245826e-01,0.000000000000000000e+00,0.000000000000000000e+00,0.000000000000000000e+00,1.000000000000000056e-01
9.998673561618647287e-01,-1.535703431838683977e-02,-5.425087909572614588e-03,3.695422883863633245e+01,1.521066528874924495e-02,9.995445805229857816e-01,-2.606275519974998386e-02,1.003089079491426672e+00,5.822863844908356991e-03,2.597677893951335845e-02,9.996455878022827424e-01,7.105650216465919655e-01,0.000000000000000000e+00,0.000000000000000000e+00,0.000000000000000000e+00,1.000000000000000056e-01
9.998536619770969081e-01,-1.677091483774032984e-02,-3.375062443058321655e-03,3.794925504809518912e+01,1.667784862070494437e-02,9.995244995340717420e-01,-2.593499945148011743e-02,1.031867084210484009e+00,3.808411266411725407e-03,2.587491539442564326e-02,9.996579338738612597e-01,7.313709788486154606e-01,0.000000000000000000e+00,0.000000000000000000e+00,0.000000000000000000e+00,1.000000000000000056e-01
9.999027996002946006e-01,-1.393706691678719967e-02,-3.866746050107235317e-04,3.893810524597151357e+01,1.392224335530302393e-02,9.995628881065923288e-01,-2.608071816426233563e-02,1.050661107201004807e+00,7.499942992351861385e-04,2.607279973008189145e-02,9.996597654316122794e-01,7.632043751827105593e-01,0.000000000000000000e+00,0.000000000000000000e+00,0.000000000000000000e+00,1.000000000000000056e-01
9.999201488094427992e-01,-1.255836513742054385e-02,1.408357190839263934e-03,3.993395288850986447e+01,1.258558116324258978e-02,9.996928428880103024e-01,-2.135001230143173528e-02,1.069575119752789849e+00,-1.139803353742075993e-03,2.136603247126320215e-02,9.997710705480288285e-01,7.777332607315590174e-01,0.000000000000000000e+00,0.000000000000000000e+00,0.000000000000000000e+00,1.000000000000000056e-01
9.999047505929697932e-01,-1.379517334406763288e-02,-4.277078652446238225e-04,4.093268142680735622e+01,1.378168741171740055e-02,9.996404203113534725e-01,-2.300206885969742140e-02,1.081561861690420123e+00,7.448715973753135267e-04,2.299398339017573109e-02,9.997353259208937581e-01,8.014914658465612796e-01,0.000000000000000000e+00,0.000000000000000000e+00,0.000000000000000000e+00,1.000000000000000056e-01
9.999074726174925765e-01,-1.351398944498842861e-02,-1.555086164550650244e-03,4.194151400926038775e+01,1.348201074964143140e-02,9.997284596103562793e-01,-1.900637869902565419e-02,1.089046974729096062e+00,1.811515896973684217e-03,1.898365440016659689e-02,9.998181531037382275e-01,8.364738483879791131e-01,0.000000000000000000e+00,0.000000000000000000e+00,0.000000000000000000e+00,1.000000000000000056e-01
9.998949739599112263e-01,-1.408487003078774148e-02,-3.414306067753307070e-03,4.296758228258187984e+01,1.402202441692377254e-02,9.997435919690457196e-01,-1.778013352259702473e-02,1.075809789146100481e+00,3.663861482053230693e-03,1.773039066253200707e-02,9.998360912499579811e-01,8.512361312375393840e-01,0.000000000000000000e+00,0.000000000000000000e+00,0.000000000000000000e+00,1.000000000000000056e-01
9.999195097008121147e-01,-1.256821155058425281e-02,-1.736138850230919657e-03,4.399040534045695949e+01,1.253306408312628885e-02,9.997417587093688773e-01,-1.895621790828046216e-02,1.090873960385307706e+00,1.973936264363763873e-03,1.893293297716240609e-02,9.998188073968735656e-01,8.739226210630133274e-01,0.000000000000000000e+00,0.000000000000000000e+00,0.000000000000000000e+00,1.000000000000000056e-01
9.999388387578984627e-01,-1.097813604493252937e-02,-1.341369630112847992e-03,4.498449847530869761e+01,1.094582019557320193e-02,9.996958158117915660e-01,-2.210124133714422290e-02,1.108380395957243580e+00,1.583592040841880211e-03,2.208520720698503581e-02,9.997548378772030953e-01,9.014024600911687557e-01,0.000000000000000000e+00,0.000000000000000000e+00,0.000000000000000000e+00,1.000000000000000056e-01
9.999247478434033498e-01,-1.226692194300737365e-02,-1.458641501578298802e-04,4.596944857490724701e+01,1.226107081244545705e-02,9.996999510183874893e-01,-2.120551995037856657e-02,1.131925201903277722e+00,4.059468417603006966e-04,2.120213573859646566e-02,9.997751270397177148e-01,9.219403128998110430e-01,0.000000000000000000e+00,0.000000000000000000e+00,0.000000000000000000e+00,1.000000000000000056e-01
9.998097810952890629e-01,-1.944180548357021115e-02,-1.554935924452805233e-03,4.688424809849311004e+01,1.940598850050791191e-02,9.996027092883172926e-01,-2.044091959218135440e-02,1.138065778515871429e+00,1.951726545469247660e-03,2.040685627417628684e-02,9.997898534094536993e-01,9.417895746715565508e-01,0.000000000000000000e+00,0.000000000000000000e+00,0.000000000000000000e+00,1.000000000000000056e-01
9.998363067200364274e-01,-1.691820475235746371e-02,-6.413588106088710314e-03,4.783606415762129416e+01,1.678588653843828341e-02,9.996560075804266088e-01,-2.015193592389433186e-02,1.165702637190271007e+00,6.752316458514781225e-03,2.004097942515225411e-02,9.997763576751176329e-01,9.500215807051474171e-01,0.000000000000000000e+00,0.000000000000000000e+00,0.000000000000000000e+00,1.000000000000000056e-01
9.998570390734711211e-01,-1.483073194975322549e-02,-8.121010101321528979e-03,4.878972722160281705e+01,1.464310659728684273e-02,9.996351861684583673e-01,-2.269524186106386052e-02,1.187856148713278159e+00,8.454634493086733704e-03,2.257308051166831073e-02,9.997094453849088014e-01,9.634142555584142009e-01,0.000000000000000000e+00,0.000000000000000000e+00,0.000000000000000000e+00,1.000000000000000056e-01
9.999000358230250018e-01,-1.260929380822266993e-02,-6.397192413179490084e-03,4.976741943883961738e+01,1.245917950812016825e-02,9.996581362255952952e-01,-2.298650743269937957e-02,1.222963718275650535e+00,6.684849070679328362e-03,2.290450583677855478e-02,9.997153076777783864e-01,9.848633014937985264e-01,0.000000000000000000e+00,0.000000000000000000e+00,0.000000000000000000e+00,1.000000000000000056e-01
9.999250946215947344e-01,-1.117496732554710062e-02,-4.992519531036541079e-03,5.078853211768799270e+01,1.106033548266664376e-02,9.996873060885375084e-01,-2.242674796874295079e-02,1.245906475470473618e+00,5.241576576345310413e-03,2.236984914378292028e-02,9.997360230202164688e-01,1.018837704541573297e+00,0.000000000000000000e+00,0.000000000000000000e+00,0.000000000000000000e+00,1.000000000000000056e-01
9.999392468226269148e-01,-9.653285238794670833e-03,-5.321348315622388518e-03,5.173677966156301977e+01,9.523398274257690102e-03,9.996686049516592121e-01,-2.391621122405103439e-02,1.262413125624363808e+00,5.550454855917122572e-03,2.386408091886272481e-02,9.996998039875722997e-01,1.035807130349519545e+00,0.000000000000000000e+00,0.000000000000000000e+00,0.000000000000000000e+00,1.000000000000000056e-01
9.999466662234072212e-01,-8.111012289542592069e-03,-6.393448860575476692e-03,5.269635721585213162e+01,7.944814489221393994e-03,9.996405599549023080e-01,-2.560528882440466641e-02,1.279114370373020115e+00,6.598835611360735418e-03,2.555312843250731603e-02,9.996516858365648295e-01,1.061429533325712216e+00,0.000000000000000000e+00,0.000000000000000000e+00,0.000000000000000000e+00,1.000000000000000056e-01
9.999396546960477306e-01,-8.416031343210542484e-03,-7.060976050011965981e-03,5.368349771840155427e+01,8.217184236125505206e-03,9.995815933240346229e-01,-2.773294378557372708e-02,1.294435602868066137e+00,7.291423014632693496e-03,2.767324889156167617e-02,9.995904293490446291e-01,1.093672797111762574e+00,0.000000000000000000e+00,0.000000000000000000e+00,0.000000000000000000e+00,1.000000000000000056e-01
9.999438991676303790e-01,-8.409251473584074266e-03,-6.440730322710059609e-03,5.464390197264213356e+01,8.213586397750775175e-03,9.995213604707431365e-01,-2.982594443100422890e-02,1.302590875809195969e+00,6.688461401737785979e-03,2.977136967572524898e-02,9.995343566039682770e-01,1.103491111561702320e+00,0.000000000000000000e+00,0.000000000000000000e+00,0.000000000000000000e+00,1.000000000000000056e-01
9.999573445422524909e-01,-8.941865158000036895e-03,-2.313470013424316976e-03,5.559587645609553874e+01,8.860969859990606295e-03,9.994197697622426713e-01,-3.288779441565234385e-02,1.304489415412523723e+00,2.606205891177173183e-03,3.286589198366629549e-02,9.994563726521387137e-01,1.130194030989397191e+00,0.000000000000000000e+00,0.000000000000000000e+00,0.000000000000000000e+00,1.000000000000000056e-01
9.999388377315887588e-01,-1.086746692463472393e-02,2.054010380048277348e-03,5.654882914563751228e+01,1.092839370898704247e-02,9.994140261011223991e-01,-3.243724161032365133e-02,1.321044739302061455e+00,-1.700296133250967998e-03,3.245770470916126832e-02,9.994716636293757839e-01,1.165994690924185395e+00,0.000000000000000000e+00,0.000000000000000000e+00,0.000000000000000000e+00,1.000000000000000056e-01
9.999175369836188487e-01,-1.247726894496036312e-02,3.039242058206565161e-03,5.750851298660408872e+01,1.256176611463483486e-02,9.994834209500654820e-01,-2.958197556005184164e-02,1.324041120337107191e+00,-2.668569784445604370e-03,2.961771438901759923e-02,9.995577370665869044e-01,1.173245883657581645e+00,0.000000000000000000e+00,0.000000000000000000e+00,0.000000000000000000e+00,1.000000000000000056e-01
9.999109130538190726e-01,-1.319684748869117893e-02,-2.002291746502168901e-03,5.840710425935404260e+01,1.313124810098550282e-02,9.994683589278204883e-01,-2.984241654825968079e-02,1.339006137144542308e+00,2.395053065852618783e-03,2.981346538880886091e-02,9.995526104224439212e-01,1.194565308207032661e+00,0.000000000000000000e+00,0.000000000000000000e+00,0.000000000000000000e+00,1.000000000000000056e-01
9.998540322963759275e-01,-1.563247606135481291e-02,-6.894910649804783520e-03,5.933931930646345165e+01,1.543188904336951529e-02,9.994819284287461691e-01,-2.824414178033774966e-02,1.346177265509458154e+00,7.332864462865426244e-03,2.813361755170950759e-02,9.995772749828916171e-01,1.218744461193437045e+00,0.000000000000000000e+00,0.000000000000000000e+00,0.000000000000000000e+00,1.000000000000000056e-01
9.998195617907480459e-01,-1.571858484630520025e-02,-1.066629977949808995e-02,6.029242183016795309e+01,1.541719122556815640e-02,9.994953378159656676e-01,-2.777372677303039869e-02,1.375708301022834812e+00,1.109748058213577866e-02,2.760427094813746110e-02,9.995573270954252187e-01,1.241990019079989516e+00,0.000000000000000000e+00,0.000000000000000000e+00,0.000000000000000000e+00,1.000000000000000056e-01
9.998158988625884813e-01,-1.602770645965799143e-02,-1.054898133647505856e-02,6.120161337898618825e+01,1.576930986722193881e-02,9.995842454184841186e-01,-2.413845847338447204e-02,1.398899368010031008e+00,1.093147967595414424e-02,2.396766440024574590e-02,9.996529666915870971e-01,1.260812309612170168e+00,0.000000000000000000e+00,0.000000000000000000e+00,0.000000000000000000e+00,1.000000000000000056e-01
9.997897012918048887e-01,-1.779551286141465780e-02,-1.019180616195424112e-02,6.214568799669240917e+01,1.755688655925881705e-02,9.995803000332966759e-01,-2.304299285444273010e-02,1.420473517195552926e+00,1.059759053695414309e-02,2.285921055819310765e-02,9.996825233880340944e-01,1.289031416517541828e+00,0.000000000000000000e+00,0.000000000000000000e+00,0.000000000000000000e+00,1.000000000000000056e-01
9.997796935983020994e-01,-1.931220072347376165e-02,-8.222114794951622743e-03,6.303297783680964272e+01,1.913991730740786240e-02,9.996057960944245702e-01,-2.054059346507015882e-02,1.440429821743969718e+00,8.615557669164072493e-03,2.037869764356774194e-02,9.997552104632420056e-01,1.320316540389815607e+00,0.000000000000000000e+00,0.000000000000000000e+00,0.000000000000000000e+00,1.000000000000000056e-01
9.997509921965641588e-01,-2.070664811947436554e-02,-8.317952010064431911e-03,6.386236497868051032e+01,2.054614558441200320e-02,9.996095105242668311e-01,-1.893891155953239189e-02,1.468116866412373822e+00,8.706865314773930276e-03,1.876329376980255190e-02,9.997860417625855645e-01,1.345269280722637406e+00,0.000000000000000000e+00,0.000000000000000000e+00,0.000000000000000000e+00,1.000000000000000056e-01
9.997099731102324638e-01,-2.307598069603681093e-02,-6.889758983769785419e-03,6.468400726664388856e+01,2.294957130394653308e-02,9.995764548650997172e-01,-1.789491705161860152e-02,1.491364919065310879e+00,7.299783620311904933e-03,1.773161002941844172e-02,9.998161346792024951e-01,1.366349553499349279e+00,0.000000000000000000e+00,0.000000000000000000e+00,0.000000000000000000e+00,1.000000000000000056e-01
9.997222847318629757e-01,-2.277541249869154474e-02,-6.052602417008704286e-03,6.547691682702726723e+01,2.265715584607161728e-02,9.995639294820760634e-01,-1.893684681561360467e-02,1.515835502691457615e+00,6.481257553188065484e-03,1.879445300788606249e-02,9.998023613878213034e-01,1.389651582587153156e+00,0.000000000000000000e+00,0.000000000000000000e+00,0.000000000000000000e+00,1.000000000000000056e-01
9.996982268724683429e-01,-2.376351308214123478e-02,-6.225000725920103173e-03,6.627571454848916233e+01,2.363497118445988601e-02,9.995212309802281592e-01,-1.996739734865821819e-02,1.534990346656170512e+00,6.696515896535627094e-03,1.981424401193128404e-02,9.997812522792588474e-01,1.410879549820134526e+00,0.000000000000000000e+00,0.000000000000000000e+00,0.000000000000000000e+00,1.000000000000000056e-01
9.997034997310604298e-01,-2.374513558540870470e-02,-5.392695198148572504e-03,6.702301198499243640e+01,2.362808328907081354e-02,9.995039818084044958e-01,-2.082075957378586722e-02,1.554944262797262278e+00,5.884412082299302245e-03,2.068716716167828817e-02,9.997686806503144341e-01,1.435844619550113332e+00,0.000000000000000000e+00,0.000000000000000000e+00,0.000000000000000000e+00,1.000000000000000056e-01
9.997128250109392766e-01,-2.364664210859655780e-02,-3.886364063619163114e-03,6.782731147191843490e+01,2.356476551383854950e-02,9.995239819758476862e-01,-1.991259102736409742e-02,1.585185236762916450e+00,4.355379997755392564e-03,1.981529137139304703e-02,9.997941712637365974e-01,1.446553556840595611e+00,0.000000000000000000e+00,0.000000000000000000e+00,0.000000000000000000e+00,1.000000000000000056e-01
9.996599998796686926e-01,-2.607458140180443640e-02,-2.907407022574533045e-05,6.857669644270238507e+01,2.606888160860087317e-02,9.994635820579009788e-01,-1.982325784693715273e-02,1.605358930653888017e+00,5.459416247517478223e-04,1.981576000838923893e-02,9.998034994952920140e-01,1.462807159091877196e+00,0.000000000000000000e+00,0.000000000000000000e+00,0.000000000000000000e+00,1.000000000000000056e-01
9.996129404166228527e-01,-2.764316176946160844e-02,3.134479066864768407e-03,6.930891151402589401e+01,2.769984473383529586e-02,9.994207291089919343e-01,-1.977181906078667034e-02,1.630498085148244680e+00,-2.586107761609008748e-03,1.985099077221200159e-02,9.997996050269308821e-01,1.483924171380505141e+00,0.000000000000000000e+00,0.000000000000000000e+00,0.000000000000000000e+00,1.000000000000000056e-01
9.995849608303050138e-01,-2.880313293737596370e-02,-5.344294802933949014e-04,7.000378863959859643e+01,2.879126880372340908e-02,9.994632372585582347e-01,-1.563010586383183770e-02,1.659474306763759843e+00,9.843386354816531601e-04,1.560823185484810569e-02,9.998776996092152425e-01,1.504728809288985891e+00,0.000000000000000000e+00,0.000000000000000000e+00,0.000000000000000000e+00,1.000000000000000056e-01
9.995509139205930316e-01,-2.942931651381178876e-02,-5.646752167148712080e-03,7.070742846699747020e+01,2.933189738521337769e-02,9.994315096875008297e-01,-1.662219117764539289e-02,1.685616271314262393e+00,6.132721768564619765e-03,1.644909642785172960e-02,9.998458966012795379e-01,1.513874192626451176e+00,0.000000000000000000e+00,0.000000000000000000e+00,0.000000000000000000e+00,1.000000000000000056e-01
9.995239742613882816e-01,-2.937527510280546830e-02,-9.429638877183349130e-03,7.146295609740171528e+01,2.920349032384237167e-02,9.994138147649679338e-01,-1.786569365682810773e-02,1.709060214166989056e+00,9.948921028173631290e-03,1.758181075910215246e-02,9.997959286278407243e-01,1.548553780847405248e+00,0.000000000000000000e+00,0.000000000000000000e+00,0.000000000000000000e+00,1.000000000000000056e-01
9.994561557991883394e-01,-3.159391802292037948e-02,-9.445473999200438772e-03,7.219689387110588541e+01,3.143077123435922965e-02,9.993622176890737396e-01,-1.694887828706800881e-02,1.737398527233481316e+00,9.974931314147514674e-03,1.664278220543236736e-02,9.998117415522487228e-01,1.565376516001071083e+00,0.000000000000000000e+00,0.000000000000000000e+00,0.000000000000000000e+00,1.000000000000000056e-01
9.994138026345488202e-01,-3.346350792334187862e-02,-7.228052366679911696e-03,7.288050888284470830e+01,3.334474102759468761e-02,9.993163041275008318e-01,-1.597036476587038178e-02,1.774964363351775321e+00,7.757535004991967208e-03,1.571998544581849899e-02,9.998463395483475624e-01,1.582320255625866423e+00,0.000000000000000000e+00,0.000000000000000000e+00,0.000000000000000000e+00,1.000000000000000056e-01
9.993926615293623472e-01,-3.460200098173078775e-02,-4.124270761940730320e-03,7.349416983540253057e+01,3.453422222117168150e-02,9.992832197825959328e-01,-1.550593939452847916e-02,1.787397524127518844e+00,4.657851096399484928e-03,1.535409355801766254e-02,9.998712698313595437e-01,1.603401522498419718e+00,0.000000000000000000e+00,0.000000000000000000e+00,0.000000000000000000e+00,1.000000000000000056e-01
9.993343979304786240e-01,-3.575350259866103692e-02,-7.242110524926688442e-03,7.406701745677807480e+01,3.562911145694971221e-02,9.992266597307057907e-01,-1.663276586152952902e-02,1.800947374794065858e+00,7.831189546676199653e-03,1.636366509507407307e-02,9.998354379271322534e-01,1.618379030023707976e+00,0.000000000000000000e+00,0.000000000000000000e+00,0.000000000000000000e+00,1.000000000000000056e-01
9.993536288450637350e-01,-3.452301800003591131e-02,-1.002425769680112197e-02,7.470281987954864178e+01,3.430329101265466168e-02,9.991840122362363186e-01,-2.132120815521339197e-02,1.812076175124817556e+00,1.075215047810466201e-02,2.096356171231425480e-02,9.997224216453436396e-01,1.642531434749878061e+00,0.000000000000000000e+00,0.000000000000000000e+00,0.000000000000000000e+00,1.000000000000000056e-01
9.993294509463974684e-01,-3.423064613922338628e-02,-1.299658940118717486e-02,7.532132232329456656e+01,3.388903422318527425e-02,9.990963180784767639e-01,-2.565308093486814989e-02,1.821709780389243916e+00,1.386296615416619284e-02,2.519543742272376680e-02,9.995864185264253798e-01,1.668931624659383717e+00,0.000000000000000000e+00,0.000000000000000000e+00,0.000000000000000000e+00,1.000000000000000056e-01
9.994867423492559411e-01,-2.918821667118912111e-02,-1.320226782139326260e-02,7.590861570912866796e+01,2.886126568488922572e-02,9.992877222275847737e-01,-2.431204533295265591e-02,1.833679666218140936e+00,1.390248938637660484e-02,2.391853283044398371e-02,9.996172390350721582e-01,1.686761306340057498e+00,0.000000000000000000e+00,0.000000000000000000e+00,0.000000000000000000e+00,1.000000000000000056e-01
9.995950333431454782e-01,-2.578041798435286303e-02,-1.204737997524926371e-02,7.647140470839866566e+01,2.552398953366310369e-02,9.994541412058042251e-01,-2.097487985314185066e-02,1.871536382154825651e+00,1.258154497672833369e-02,2.065888852577347362e-02,9.997074147223667939e-01,1.694792338302117285e+00,0.000000000000000000e+00,0.000000000000000000e+00,0.000000000000000000e+00,1.000000000000000056e-01
9.997681170097632020e-01,-1.949371938572126706e-02,-9.149159265374245606e-03,7.701993216707275280e+01,1.925931626692445331e-02,9.995007969429438033e-01,-2.504467303341688378e-02,1.871179914981917047e+00,9.632805805320046252e-03,2.486265904787608727e-02,9.996444654162729426e-01,1.716481261798743274e+00,0.000000000000000000e+00,0.000000000000000000e+00,0.000000000000000000e+00,1.000000000000000056e-01
9.999069390831788473e-01,-1.220709182477071331e-02,-6.090983704593506270e-03,7.757433070481378934e+01,1.203455486800329363e-02,9.995465543553250232e-01,-2.760172395931552100e-02,1.857129580798607460e+00,6.425158553454209803e-03,2.752585303998498004e-02,9.996004425529152471e-01,1.734982726312165768e+00,0.000000000000000000e+00,0.000000000000000000e+00,0.000000000000000000e+00,1.000000000000000056e-01
9.999784764061744324e-01,-4.413832371867888391e-03,-4.854359708454852873e-03,7.810425293890743603e+01,4.263541716438785933e-03,9.995242605996230711e-01,-3.054627120957757389e-02,1.851974006528142702e+00,4.986876418982627568e-03,3.052491697891957997e-02,9.995215658038658635e-01,1.752850908876929070e+00,0.000000000000000000e+00,0.000000000000000000e+00,0.000000000000000000e+00,1.000000000000000056e-01
9.999650389685907914e-01,7.452141729569812349e-03,-3.792943999999980834e-03,7.858296349594228047e+01,-7.554071240989060181e-03,9.995902595018572034e-01,-2.760885938780790680e-02,1.850464868755275827e+00,3.585644744086285019e-03,2.763654632279675602e-02,9.996116068049215597e-01,1.767678447719082557e+00,0.000000000000000000e+00,0.000000000000000000e+00,0.000000000000000000e+00,1.000000000000000056e-01
9.997644769622429095e-01,2.133267308442822821e-02,-3.988441235078264702e-03,7.906811368716837762e+01,-2.142186045611528880e-02,9.994861284904784648e-01,-2.384497535568911794e-02,1.847638077473873874e+00,3.477714624790993921e-03,2.392479914623336576e-02,9.997077120272709339e-01,1.776304548682610118e+00,0.000000000000000000e+00,0.000000000000000000e+00,0.000000000000000000e+00,1.000000000000000056e-01
9.992534834141383326e-01,3.838349386764976223e-02,-4.379872512127315314e-03,7.953211090678458106e+01,-3.845953640982260890e-02,9.990823812882921873e-01,-1.884832773635740366e-02,1.827773412211572301e+00,3.652388787071365016e-03,1.900270501343699625e-02,9.998127610999573145e-01,1.778815694159341598e+00,0.000000000000000000e+00,0.000000000000000000e+00,0.000000000000000000e+00,1.000000000000000056e-01
9.981926620408053674e-01,6.003140419308872905e-02,-2.764047484504628636e-03,8.001397136199121007e+01,-6.007312204421327156e-02,9.980142752690193131e-01,-1.894007304936088168e-02,1.813419239467852995e+00,1.621559666384233232e-03,1.907188689826149960e-02,9.998168000560844204e-01,1.796420409833219711e+00,0.000000000000000000e+00,0.000000000000000000e+00,0.000000000000000000e+00,1.000000000000000056e-01
9.964353692311462840e-01,8.434259009357945869e-02,-1.697775455033747119e-03,8.049055896053708636e+01,-8.435959226223353757e-02,9.962041974883245610e-01,-2.146290054938789285e-02,1.766928757340040512e+00,-1.189055885590152052e-04,2.152961687884017219e-02,9.997682038645314684e-01,1.813054222491003786e+00,0.000000000000000000e+00,0.000000000000000000e+00,0.000000000000000000e+00,1.000000000000000056e-01
9.936794458063389346e-01,1.122547340692533341e-01,-1.834694754421157051e-04,8.096173901030768150e+01,-1.122285224113834107e-01,9.934093477343067802e-01,-2.329434677033748180e-02,1.727783776810688954e+00,-2.432640410093096870e-03,2.316770409730609104e-02,9.997286330537377141e-01,1.822054538774252386e+00,0.000000000000000000e+00,0.000000000000000000e+00,0.000000000000000000e+00,1.000000000000000056e-01
9.896909513084227727e-01,1.431871471589441780e-01,3.043318371771896839e-03,8.145851547702383755e+01,-1.430749138810205878e-01,9.894232124298720787e-01,-2.390137491632797831e-02,1.651825663511225173e+00,-6.433499527290748900e-03,2.321955196456611595e-02,9.997096891049906953e-01,1.829762796369950983e+00,0.000000000000000000e+00,0.000000000000000000e+00,0.000000000000000000e+00,1.000000000000000056e-01
