1.000000000000000000e+00,-2.173077681533905855e-12,1.090723285119235156e-12,1.787966585347340722e-19,2.173077681534231396e-12,1.000000000000000000e+00,-2.982789289901702903e-13,4.914978488358982365e-19,-1.090723285118586902e-12,2.982789289925405585e-13,1.000000000000000000e+00,-3.414341198062800745e-19,0.000000000000000000e+00,0.000000000000000000e+00,0.000000000000000000e+00,1.000000000000000056e-01
9.999990315053417511e-01,-6.302923658359079698e-04,-1.240854508798558842e-03,6.468619806677503581e-01,6.269747814301386730e-04,9.999962331049536690e-01,-2.672204806279632108e-03,-4.490965415911860048e-03,1.242534104919204400e-03,2.671424233779110587e-03,9.999956597913619571e-01,-3.715238536201156874e-04,0.000000000000000000e+00,0.000000000000000000e+00,0.000000000000000000e+00,1.000000000000000056e-01
9.999803595034842951e-01,-5.428798454644563620e-03,-3.131893136918302394e-03,1.307175529665691061e+00,5.420046883737083057e-03,9.999814023087363335e-01,-2.796091634991315720e-03,5.314311101191435821e-03,3.147014308883756308e-03,2.779061710726349940e-03,9.999911865196351446e-01,4.362631700886463078e-03,0.000000000000000000e+00,0.000000000000000000e+00,0.000000000000000000e+00,1.000000000000000056e-01
9.999362928098420866e-01,-9.952425815676450849e-03,-5.325367789478929401e-03,2.004906961631562012e+00,9.937126444969548306e-03,9.999464443266787850e-01,-2.891711681518105773e-03,1.418681186216972159e-02,5.353862131811914712e-03,2.838608605602109536e-03,9.999816390621668605e-01,8.817168184718461241e-03,0.000000000000000000e+00,0.000000000000000000e+00,0.000000000000000000e+00,1.000000000000000056e-01
9.998570913667491622e-01,-1.610082295372108896e-02,-5.153672849263732023e-03,2.702843770487630248e+00,1.609340163985929079e-02,9.998694000673618021e-01,-1.478253223313849953e-03,2.265981914220513080e-02,5.176800873366122976e-03,1.395101841082468366e-03,9.999856271084952564e-01,1.664996520671734731e-02,0.000000000000000000e+00,0.000000000000000000e+00,0.000000000000000000e+00,1.000000000000000056e-01
9.997518153111873973e-01,-2.135420564698481405e-02,-6.348675702202339483e-03,3.410883691108270277e+00,2.134467389905773949e-02,9.997709510287178247e-01,-1.565367457197125445e-03,3.076787788964785442e-02,6.380648723157831409e-03,1.429468544407503164e-03,9.999786217422611534e-01,3.034372267885422289e-02,0.000000000000000000e+00,0.000000000000000000e+00,0.000000000000000000e+00,1.000000000000000056e-01
9.996522798585557590e-01,-2.533455789749305617e-02,-7.312971333886825014e-03,4.129948557250968655e+00,2.533200000649684161e-02,9.996789955932653404e-01,-4.422050553906531497e-04,5.368601379990445982e-02,7.321826907440682521e-03,2.567991019087131226e-04,9.999731620923427711e-01,4.089587933271948694e-02,0.000000000000000000e+00,0.000000000000000000e+00,0.000000000000000000e+00,1.000000000000000056e-01
9.994980546979463920e-01,-3.008368301098668374e-02,-9.930290605791803477e-03,4.893414218122996928e+00,3.009823399166888097e-02,9.995460751190645698e-01,1.319099941666388321e-03,8.576840921203338075e-02,9.886099615306013361e-03,-1.617322035906122724e-03,9.999498233930682600e-01,5.568860037301171656e-02,0.000000000000000000e+00,0.000000000000000000e+00,0.000000000000000000e+00,1.000000000000000056e-01
9.993433849826927062e-01,-3.477176084283310070e-02,-1.018447540241669211e-02,5.655656273720141236e+00,3.479229775113545226e-02,9.993928593748437894e-01,1.846252358149571247e-03,1.260987277762700420e-01,1.011409454820088802e-02,-2.199381381765467582e-03,9.999464324717637354e-01,6.016347543327669328e-02,0.000000000000000000e+00,0.000000000000000000e+00,0.000000000000000000e+00,1.000000000000000056e-01
9.992103534501635131e-01,-3.889661174889590817e-02,-8.106981710539435532e-03,6.438747178081868583e+00,3.891334565527478778e-02,9.992407507392934152e-01,1.916661651492250831e-03,1.623415983283724717e-01,8.026274846557057002e-03,-2.230617947755158051e-03,9.999653010258199304e-01,7.107002407715114212e-02,0.000000000000000000e+00,0.000000000000000000e+00,0.000000000000000000e+00,1.000000000000000056e-01
9.991038163049721366e-01,-4.181287937251504383e-02,-6.576272760462537753e-03,7.236617892808451025e+00,4.182261028400949265e-02,9.991241409713221833e-01,1.349146896884759238e-03,2.025538799190479411e-01,6.514101156134993395e-03,-1.622974706215745506e-03,9.999774659657240106e-01,8.611701852174707961e-02,0.000000000000000000e+00,0.000000000000000000e+00,0.000000000000000000e+00,1.000000000000000056e-01
9.991212292029723052e-01,-4.145727429781157630e-02,-6.169583757247255537e-03,8.032326713961245090e+00,4.146958887785971021e-02,9.991379948600508376e-01,1.881601801238574293e-03,2.422364062436407617e-01,6.086259462343956636e-03,-2.135798406484575983e-03,9.999791976890938239e-01,1.003693653482535669e-01,0.000000000000000000e+00,0.000000000000000000e+00,0.000000000000000000e+00,1.000000000000000056e-01
9.990402874129942212e-01,-4.333690849537168155e-02,-6.357396308677879665e-03,8.867528922965201232e+00,4.333714761712885444e-02,9.990604994671727912e-01,-1.002038637364314339e-04,2.887446667775524500e-01,6.355766057132112082e-03,-1.754037254626263607e-04,9.999797865313878598e-01,1.153649458562557573e-01,0.000000000000000000e+00,0.000000000000000000e+00,0.000000000000000000e+00,1.000000000000000056e-01
9.989012899598895823e-01,-4.645278070300887935e-02,-6.192905733724757451e-03,9.642558772866932415e+00,4.645122043353027558e-02,9.989204811219786206e-01,-3.956201085829202805e-04,3.524771164286367164e-01,6.204598029221097301e-03,1.075174074362284264e-04,9.999807455162839087e-01,1.317797382407458195e-01,0.000000000000000000e+00,0.000000000000000000e+00,0.000000000000000000e+00,1.000000000000000056e-01
9.988331172498786659e-01,-4.804009476447407279e-02,-4.955116538527233085e-03,1.042539326656356202e+01,4.804095469615293768e-02,9.988453652548449080e-01,5.459668164682233765e-05,3.588887522871749280e-01,4.946772359045417851e-03,-2.925815028623397502e-04,9.999877218442694282e-01,1.384711686067059411e-01,0.000000000000000000e+00,0.000000000000000000e+00,0.000000000000000000e+00,1.000000000000000056e-01
9.987791546943557419e-01,-4.901443525045304228e-02,-6.146973654365078636e-03,1.122784974587557727e+01,4.900624606515632808e-02,9.987973815774463526e-01,-1.475940594426946488e-03,4.108439816048788384e-01,6.211923585304442337e-03,1.172898595818981952e-03,9.999800179574861447e-01,1.643389520414016147e-01,0.000000000000000000e+00,0.000000000000000000e+00,0.000000000000000000e+00,1.000000000000000056e-01
9.986537273848298257e-01,-5.138216232284075619e-02,-7.113801755404443317e-03,1.209555175315803410e+01,5.137713878973800691e-02,9.986789285910191438e-01,-8.872418352192388072e-04,4.617131325051170299e-01,7.149992319293070261e-03,5.205605857233539229e-04,9.999743029830869823e-01,1.756818369549110748e-01,0.000000000000000000e+00,0.000000000000000000e+00,0.000000000000000000e+00,1.000000000000000056e-01
9.985033446986870675e-01,-5.418947744947273659e-02,-7.387229473076669349e-03,1.299372998760893694e+01,5.419146385417016043e-02,9.985305606264355260e-01,6.885055258858919169e-05,5.327612602727208602e-01,7.372643411760491060e-03,-4.690722860167539660e-04,9.999727116778305280e-01,1.965040286256897473e-01,0.000000000000000000e+00,0.000000000000000000e+00,0.000000000000000000e+00,1.000000000000000056e-01
9.986591128685204932e-01,-5.094619153913815257e-02,-9.190312960781148177e-03,1.388363374709382470e+01,5.097881187158749550e-02,9.986941143175513957e-01,3.350636901078582995e-03,5.834438897028095816e-01,9.007609273327988469e-03,-3.814655310644340241e-03,9.999521545454262972e-01,2.088127983392363274e-01,0.000000000000000000e+00,0.000000000000000000e+00,0.000000000000000000e+00,1.000000000000000056e-01
9.978915342067222749e-01,-6.418101806617838856e-02,-9.658306194297935562e-03,1.481592447828647074e+01,6.424296688319487691e-02,9.979147381379505077e-01,6.246327970127932283e-03,7.115702320735456388e-01,9.237270408440913586e-03,-6.853636046257362280e-03,9.999338480661341677e-01,2.280952893440651719e-01,0.000000000000000000e+00,0.000000000000000000e+00,0.000000000000000000e+00,1.000000000000000056e-01
9.976588867510676195e-01,-6.769543100803196434e-02,-9.699191061999954885e-03,1.577731840927470053e+01,6.773379804810494842e-02,9.976966313168337264e-01,3.682996201545539819e-03,7.741887177031836487e-01,9.427528233791128073e-03,-4.331336938965823363e-03,9.999461791675201550e-01,2.343791967677786026e-01,0.000000000000000000e+00,0.000000000000000000e+00,0.000000000000000000e+00,1.000000000000000056e-01
9.975612604162686914e-01,-6.943342885818945542e-02,-7.108493068158481046e-03,1.670256868114405080e+01,6.945671712636913853e-02,9.975802017060612092e-01,3.083116949090946354e-03,8.584471528396947493e-01,6.877220567413491054e-03,-3.569330621975764627e-03,9.999699814075311277e-01,2.525655568237041293e-01,0.000000000000000000e+00,0.000000000000000000e+00,0.000000000000000000e+00,1.000000000000000056e-01
9.973684609901243281e-01,-7.218825546061820309e-02,-6.708859496469591309e-03,1.758205988370189843e+01,7.221692922096999145e-02,9.973803792110921274e-01,4.134525200236985852e-03,9.377597602586383863e-01,6.392820667299706390e-03,-4.608138267295224487e-03,9.999689479706983519e-01,2.721673670952491353e-01,0.000000000000000000e+00,0.000000000000000000e+00,0.000000000000000000e+00,1.000000000000000056e-01
9.972919974447177482e-01,-7.323085806957840838e-02,-6.775932343111494213e-03,1.849136336934860125e+01,7.326759246710604079e-02,9.972980131860513797e-01,5.341609235851706855e-03,1.007419675747907917e+00,6.366453235454393178e-03,-5.823600393891476684e-03,9.999627762830239908e-01,2.859033772725996791e-01,0.000000000000000000e+00,0.000000000000000000e+00,0.000000000000000000e+00,1.000000000000000056e-01
9.973335933800628883e-01,-7.260386265232118830e-02,-7.374458866545101701e-03,1.940821536365075062e+01,7.263674092805236238e-02,9.973492253867852764e-01,4.292608499543676230e-03,1.078557322081647563e+00,7.043250880274411554e-03,-4.816819317997509363e-03,9.999635947716772888e-01,3.067231503983171570e-01,0.000000000000000000e+00,0.000000000000000000e+00,0.000000000000000000e+00,1.000000000000000056e-01
9.972770586419558159e-01,-7.350975419834372693e-02,-5.897825374499073015e-03,2.033539692104235641e+01,7.350839884492314791e-02,9.972944980790582337e-01,-4.465428255692608164e-04,1.131192186316418269e+00,5.914694049965616568e-03,1.178721569499428280e-05,9.999825079746929024e-01,3.254682573403415158e-01,0.000000000000000000e+00,0.000000000000000000e+00,0.000000000000000000e+00,1.000000000000000056e-01
9.974143912515893717e-01,-7.183189392339767165e-02,-2.170515975345352691e-03,2.125115738404020860e+01,7.183124321320366601e-02,9.974167287735823395e-01,-3.763788671273713381e-04,1.211985288024921781e+00,2.191944950738265382e-03,2.194948377126339440e-04,9.999975735967308044e-01,3.307030752271589713e-01,0.000000000000000000e+00,0.000000000000000000e+00,0.000000000000000000e+00,1.000000000000000056e-01
9.973972796836655386e-01,-7.210151701796131685e-02,-1.942249532823388659e-04,2.221316073376914346e+01,7.210117413219731264e-02,9.973963294699037530e-01,-1.408065595659456449e-03,1.293388569860667525e+00,2.952429210031144616e-04,1.390396947549474337e-03,9.999989898134626909e-01,3.487545010525772704e-01,0.000000000000000000e+00,0.000000000000000000e+00,0.000000000000000000e+00,1.000000000000000056e-01
9.975433991359259345e-01,-7.004217189078290606e-02,1.122941300671146531e-03,2.318524559113566497e+01,7.004458889859277448e-02,9.975412537753368669e-01,-2.280916998963581580e-03,1.359674355593291528e+00,-9.604198924775871754e-04,2.353969658055808222e-03,9.999967682050172613e-01,3.629211977992330973e-01,0.000000000000000000e+00,0.000000000000000000e+00,0.000000000000000000e+00,1.000000000000000056e-01
9.978427586789510029e-01,-6.560860162128219486e-02,2.310918709239604026e-03,2.411529740016198531e+01,6.561725307244677119e-02,9.978372785008479129e-01,-3.891238009647738326e-03,1.423431451094825162e+00,-2.050622151275769030e-03,4.034479807997316293e-03,9.999897589082957783e-01,3.691217269535485568e-01,0.000000000000000000e+00,0.000000000000000000e+00,0.000000000000000000e+00,1.000000000000000056e-01
9.979636765322742464e-01,-6.378366150655306877e-02,-3.805877082516608174e-04,2.507206322745173921e+01,6.378091391481446881e-02,9.979509969545800052e-01,-5.079635572653545122e-03,1.492500367027293162e+00,7.038056388211832905e-04,5.045017559672420118e-03,9.999870261435621632e-01,3.804562686262190074e-01,0.000000000000000000e+00,0.000000000000000000e+00,0.000000000000000000e+00,1.000000000000000056e-01
9.980417237468994784e-01,-6.231665226829492116e-02,-5.417795713194826536e-03,2.602739495152756177e+01,6.229715172611175605e-02,9.980507999651753170e-01,-3.696697943761512173e-03,1.565146935292236696e+00,5.637601185904300531e-03,3.351945546397382472e-03,9.999784907256369371e-01,3.891498967456284985e-01,0.000000000000000000e+00,0.000000000000000000e+00,0.000000000000000000e+00,1.000000000000000056e-01
9.981048992154982757e-01,-6.090587394683150135e-02,-8.779788197481579876e-03,2.698240661940117846e+01,6.086509406815771017e-02,9.981342684393914588e-01,-4.839678815289740269e-03,1.631081073245414403e+00,9.058172337413267217e-03,4.296124501631930562e-03,9.999497451513111868e-01,4.087948799349061524e-01,0.000000000000000000e+00,0.000000000000000000e+00,0.000000000000000000e+00,1.000000000000000056e-01
9.981577872467291002e-01,-6.022052991061044303e-02,-7.383734556352895481e-03,2.795312134103090784e+01,6.016217799992705506e-02,9.981574673891338012e-01,-7.885596592224201895e-03,1.685241398490443521e+00,7.845004590087880508e-03,7.426848092931341225e-03,9.999416472126690936e-01,4.326808620962609986e-01,0.000000000000000000e+00,0.000000000000000000e+00,0.000000000000000000e+00,1.000000000000000056e-01
9.982163602135342151e-01,-5.954793262954507366e-02,-4.259333467900292859e-03,2.896359310532654163e+01,5.949794119820919075e-02,9.981674619783105218e-01,-1.103235427967914906e-02,1.732749694795492568e+00,4.908481966764918249e-03,1.075925496143083013e-02,9.999300701736381081e-01,4.493706429267760316e-01,0.000000000000000000e+00,0.000000000000000000e+00,0.000000000000000000e+00,1.000000000000000056e-01
9.982289604927184756e-01,-5.947673628013131625e-02,-1.208418425260672545e-03,2.992150426149293807e+01,5.944942946278849311e-02,9.980998316617125665e-01,-1.620158552148260114e-02,1.780379881088185678e+00,2.169739656210803100e-03,1.610105208750938280e-02,9.998680154657911823e-01,4.573651931944829885e-01,0.000000000000000000e+00,0.000000000000000000e+00,0.000000000000000000e+00,1.000000000000000056e-01
9.982653337380613667e-01,-5.883950885501720851e-02,-2.058070586077930929e-03,3.085094628336404199e+01,5.877818789028414759e-02,9.980153115029186672e-01,-2.259563307514460967e-02,1.825789404964220264e+00,3.383501909469251775e-03,2.243546753318205467e-02,9.997425677200086902e-01,4.781792951570473793e-01,0.000000000000000000e+00,0.000000000000000000e+00,0.000000000000000000e+00,1.000000000000000056e-01
9.982811557450501638e-01,-5.838953857760933314e-02,-5.039431418396163667e-03,3.180004051795266662e+01,5.824394828525663453e-02,9.979803398826833094e-01,-2.535515126731163749e-02,1.864265020815478069e+00,6.509729062810288777e-03,2.501805332830227269e-02,9.996658043742373545e-01,4.921267793652052136e-01,0.000000000000000000e+00,0.000000000000000000e+00,0.000000000000000000e+00,1.000000000000000056e-01
9.982857453555920024e-01,-5.795831184645589690e-02,-8.148908377143410098e-03,3.278825167911157479e+01,5.772719993823931944e-02,9.979885722596225639e-01,-2.619885544237798500e-02,1.936841879780623277e+00,9.650958870529392775e-03,2.568353026959196636e-02,9.996235367706035602e-01,5.069377789532388823e-01,0.000000000000000000e+00,0.000000000000000000e+00,0.000000000000000000e+00,1.000000000000000056e-01
9.982123240310271095e-01,-5.899076655219196580e-02,-9.604458035754329798e-03,3.376155098533284615e+01,5.871650346300567175e-02,9.979177016451602489e-01,-2.669518616379840462e-02,2.000970642322260851e+00,1.115922818364328828e-02,2.608352362748946399e-02,9.995974796994636646e-01,5.232631943377643591e-01,0.000000000000000000e+00,0.000000000000000000e+00,0.000000000000000000e+00,1.000000000000000056e-01
9.982063156122243930e-01,-5.924110398867368787e-02,-8.639622102351064703e-03,3.472997427809416138e+01,5.897872499132675306e-02,9.978668421582915782e-01,-2.798705628387247735e-02,2.071774182724607893e+00,1.027917653636378770e-02,2.742730244195274586e-02,9.995709487627638667e-01,5.502224147786398678e-01,0.000000000000000000e+00,0.000000000000000000e+00,0.000000000000000000e+00,1.000000000000000056e-01
9.981740331094405283e-01,-5.975750814531450433e-02,-8.811347586850060490e-03,3.571420954267445325e+01,5.951359275382542974e-02,9.978955129056750195e-01,-2.574252513355329217e-02,2.136857741043883596e+00,1.033111337491919753e-02,2.517112518308383187e-02,9.996297727426149970e-01,5.612283770106445413e-01,0.000000000000000000e+00,0.000000000000000000e+00,0.000000000000000000e+00,1.000000000000000056e-01
9.982706176930643549e-01,-5.819515971918742120e-02,-8.312474719720996594e-03,3.670129234233267113e+01,5.797707312536803242e-02,9.980189796192500129e-01,-2.442898507033589017e-02,2.205559457928486733e+00,9.717656225832602482e-03,2.390480506110082004e-02,9.996670082844923977e-01,5.864460133883970805e-01,0.000000000000000000e+00,0.000000000000000000e+00,0.000000000000000000e+00,1.000000000000000056e-01
9.982184632802656443e-01,-5.929760219816722355e-02,-6.610139176505011246e-03,3.771241587721769406e+01,5.911918974455533660e-02,9.979495013440505824e-01,-2.452986284323925917e-02,2.270148294626620711e+00,8.051147143861953417e-03,2.409537591964026546e-02,9.996772438587161469e-01,6.045965066233721652e-01,0.000000000000000000e+00,0.000000000000000000e+00,0.000000000000000000e+00,1.000000000000000056e-01
9.983516632959941184e-01,-5.721746628647156330e-02,-4.485303320688446664e-03,3.870639201177061040e+01,5.709218998360214570e-02,9.980725573451635357e-01,-2.432390012644857283e-02,2.331689685048285554e+00,5.868410091188844789e-03,2.402773035976674479e-02,9.996940681712380705e-01,6.362799111174521904e-01,0.000000000000000000e+00,0.000000000000000000e+00,0.000000000000000000e+00,1.000000000000000056e-01
9.983799996177092906e-01,-5.681686627408398527e-02,-3.036456839079723982e-03,3.972083888626720949e+01,5.674503685797357977e-02,9.981879007687896044e-01,-2.002287568717841040e-02,2.395316354662716751e+00,4.168591528317047365e-03,1.981813476565939466e-02,9.997949111588236848e-01,6.547812177582873483e-01,0.000000000000000000e+00,0.000000000000000000e+00,0.000000000000000000e+00,1.000000000000000056e-01
9.982801916850273516e-01,-5.856400794827316264e-02,-2.629802718758237918e-03,4.073000738459309389e+01,5.848921298209971281e-02,9.980281218301760848e-01,-2.277893765885051144e-02,2.464901930901478355e+00,3.958642954292315372e-03,2.258594716114022474e-02,9.997370675016479247e-01,6.739934101194294813e-01,0.000000000000000000e+00,0.000000000000000000e+00,0.000000000000000000e+00,1.000000000000000056e-01
9.983364156660167188e-01,-5.743567861661475621e-02,-5.054104963209257381e-03,4.174544747454432070e+01,5.731292451800067828e-02,9.981187830156337260e-01,-2.177438115272748928e-02,2.528303091275335035e+00,6.295223453075426967e-03,2.144849209709716667e-02,9.997501349579487329e-01,7.096755402316119454e-01,0.000000000000000000e+00,0.000000000000000000e+00,0.000000000000000000e+00,1.000000000000000056e-01
9.983893931161119673e-01,-5.630777872951224505e-02,-6.932082500232084055e-03,4.277725946752882180e+01,5.617673909442770508e-02,9.982615427582196554e-01,-1.783441153208703209e-02,2.604240984121540592e+00,7.924247469528755000e-03,1.741626551610677212e-02,9.998169232402071005e-01,7.359196458672501162e-01,0.000000000000000000e+00,0.000000000000000000e+00,0.000000000000000000e+00,1.000000000000000056e-01
9.984097619355366549e-01,-5.589581085346111144e-02,-7.321584586626761829e-03,4.383676283684032882e+01,5.574432400307942348e-02,9.982550913486128996e-01,-1.947672811362789053e-02,2.671060650071957809e+00,8.397476601023327533e-03,1.903761869579752297e-02,9.997835022949361772e-01,7.616053760897646407e-01,0.000000000000000000e+00,0.000000000000000000e+00,0.000000000000000000e+00,1.000000000000000056e-01
9.983872047203915523e-01,-5.634199633898799575e-02,-6.969139053028813174e-03,4.484248499426602308e+01,5.617497814029495662e-02,9.981740255374664805e-01,-2.220330095428673864e-02,2.730650469317705831e+00,8.207391884172009558e-03,2.177600034135536780e-02,9.997291855935750426e-01,7.946677282324636771e-01,0.000000000000000000e+00,0.000000000000000000e+00,0.000000000000000000e+00,1.000000000000000056e-01
9.985022031099366480e-01,-5.442311548703492041e-02,-5.610248237610632530e-03,4.582435087593508172e+01,5.428280521173499407e-02,9.982676207229652654e-01,-2.269657406867203395e-02,2.791205606161769381e+00,6.835747431524154608e-03,2.235803919834518719e-02,9.997266579621940652e-01,8.153921477366026238e-01,0.000000000000000000e+00,0.000000000000000000e+00,0.000000000000000000e+00,1.000000000000000056e-01
9.983250469391840021e-01,-5.729328037161415810e-02,-8.036210433760617930e-03,4.673780751228734687e+01,5.712149103961774999e-02,9.981631286650572976e-01,-2.018672422646142911e-02,2.847593373615077805e+00,9.178012600064384616e-03,1.969387208864593203e-02,9.997639298788835172e-01,8.398718988572774213e-01,0.000000000000000000e+00,0.000000000000000000e+00,0.000000000000000000e+00,1.000000000000000056e-01
9.984151678186427015e-01,-5.483482031753012659e-02,-1.266077210978124902e-02,4.769207666792834033e+01,5.459283422579008088e-02,9.983330681066076018e-01,-1.872718815100331280e-02,2.905243750391853563e+00,1.366656946226932519e-02,1.800632126759547230e-02,9.997444659879548556e-01,8.557812885196479646e-01,0.000000000000000000e+00,0.000000000000000000e+00,0.000000000000000000e+00,1.000000000000000056e-01
9.985141407014532788e-01,-5.317505838375947286e-02,-1.191318534742623683e-02,4.865426230871079838e+01,5.292485739206703038e-02,9.983897821796499095e-01,-2.041573680523338374e-02,2.964905907741202995e+00,1.297961052064842968e-02,1.975489825726684662e-02,9.997205978199995569e-01,8.820345266783682359e-01,0.000000000000000000e+00,0.000000000000000000e+00,0.000000000000000000e+00,1.000000000000000056e-01
9.987173084922171817e-01,-4.849963300568453650e-02,-1.454384118365597243e-02,4.961868997513386148e+01,4.820371334128988050e-02,9.986362624636423435e-01,-2.005036939205599028e-02,3.031091471614424382e+00,1.549644275865412306e-02,1.932358380221069205e-02,9.996931826169800361e-01,9.027141434335581582e-01,0.000000000000000000e+00,0.000000000000000000e+00,0.000000000000000000e+00,1.000000000000000056e-01
9.988039808239173034e-01,-4.753511399734532822e-02,-1.144643296207019899e-02,5.062745330756892059e+01,4.725833223382084475e-02,9.986098523571886876e-01,-2.334550941041041786e-02,3.092880779240116507e+00,1.254025218141933788e-02,2.277664840166647789e-02,9.996619260344035141e-01,9.409704684819170106e-01,0.000000000000000000e+00,0.000000000000000000e+00,0.000000000000000000e+00,1.000000000000000056e-01
9.989148503817375513e-01,-4.545292038264894807e-02,-1.015646176182589955e-02,5.157909721974146322e+01,4.521179347763898404e-02,9.987165627071498131e-01,-2.282807711900004810e-02,3.144121948145548018e+00,1.118102935181624485e-02,2.234411338818949322e-02,9.996878138596716479e-01,9.657503609120735577e-01,0.000000000000000000e+00,0.000000000000000000e+00,0.000000000000000000e+00,1.000000000000000056e-01
9.989546546399157290e-01,-4.455913871678451876e-02,-1.020201598043275933e-02,5.253751343331632739e+01,4.427118906245926244e-02,9.986574056786182707e-01,-2.689698686187073570e-02,3.182783384111588010e+00,1.138682538035241422e-02,2.641721484316646509e-02,9.995861498478694207e-01,9.916499125450501939e-01,0.000000000000000000e+00,0.000000000000000000e+00,0.000000000000000000e+00,1.000000000000000056e-01
9.989129325660827119e-01,-4.514552510451171063e-02,-1.161183513776419679e-02,5.352169718892245243e+01,4.478169409704690906e-02,9.985496521405832215e-01,-2.988631934044064936e-02,3.237928536668665203e+00,1.294422751759355741e-02,2.933383324692130645e-02,9.994858544276725709e-01,1.033179743621825963e+00,0.000000000000000000e+00,0.000000000000000000e+00,0.000000000000000000e+00,1.000000000000000056e-01
9.989243497039100861e-01,-4.480963439538084014e-02,-1.192645102168350506e-02,5.448296044897367096e+01,4.444856810590136487e-02,9.985909793870106910e-01,-2.898932010630543218e-02,3.277586824446665048e+00,1.320864724168835554e-02,2.842802406505064508e-02,9.995085687905840288e-01,1.052017826451273397e+00,0.000000000000000000e+00,0.000000000000000000e+00,0.000000000000000000e+00,1.000000000000000056e-01
9.988958769239040247e-01,-4.639920257972785650e-02,-7.358061184175816033e-03,5.542505951497684435e+01,4.614505055641342918e-02,9.984349426122052229e-01,-3.159588074589071705e-02,3.320923609554384370e+00,8.812569067573182424e-03,3.122145689950862890e-02,9.994736411009053079e-01,1.084874018132262474e+00,0.000000000000000000e+00,0.000000000000000000e+00,0.000000000000000000e+00,1.000000000000000056e-01
9.987706316565779785e-01,-4.953745209926355142e-02,-1.807257544863573578e-03,5.636656744497223315e+01,4.945553447470163455e-02,9.982742440448560961e-01,-3.166518255896541567e-02,3.367117123655357425e+00,3.372751123622231163e-03,3.153687549812407565e-02,9.994968984612577767e-01,1.121782163160748746e+00,0.000000000000000000e+00,0.000000000000000000e+00,0.000000000000000000e+00,1.000000000000000056e-01
9.987762675511820953e-01,-4.942885122028908146e-02,-1.660133600654519447e-03,5.732358758942649501e+01,4.936098138855083556e-02,9.983686738900423574e-01,-2.869641983588465742e-02,3.428809654119856276e+00,3.075856447988648858e-03,2.857935727200216700e-02,9.995867943530619693e-01,1.133822664881121156e+00,0.000000000000000000e+00,0.000000000000000000e+00,0.000000000000000000e+00,1.000000000000000056e-01
9.987060744018642078e-01,-5.063210863605441953e-02,-4.750423968955915649e-03,5.822722188232534535e+01,5.047747990831878001e-02,9.983211583482010099e-01,-2.840578843143533316e-02,3.482415507621806405e+00,6.180693725086339185e-03,2.812924402419970243e-02,9.995851862926459219e-01,1.151751662064808057e+00,0.000000000000000000e+00,0.000000000000000000e+00,0.000000000000000000e+00,1.000000000000000056e-01
9.985000127571300732e-01,-5.372174694916497656e-02,-1.056874773760040770e-02,5.914433043586937799e+01,5.340335953573565470e-02,9.981691330242745686e-01,-2.839829339705276373e-02,3.540307744919561905e+00,1.207500369805747376e-02,2.779128968396434030e-02,9.995408138257255715e-01,1.172787309007656154e+00,0.000000000000000000e+00,0.000000000000000000e+00,0.000000000000000000e+00,1.000000000000000056e-01
9.984231014833295781e-01,-5.380115749304643924e-02,-1.602329169731744885e-02,6.008767217182068521e+01,5.336264543932159321e-02,9.982197519509826700e-01,-2.664122532159298243e-02,3.599539847183494068e+00,1.742809502286922496e-02,2.574416957928630720e-02,9.995166327963466157e-01,1.206353476217489895e+00,0.000000000000000000e+00,0.000000000000000000e+00,0.000000000000000000e+00,1.000000000000000056e-01
9.983983047478226514e-01,-5.429705900224145870e-02,-1.589510806446547964e-02,6.100051347516557598e+01,5.391452177400183482e-02,9.982671107875336070e-01,-2.357964931441435680e-02,3.668011856007579841e+00,1.714786921324649993e-02,2.268490475221771746e-02,9.995955910656210142e-01,1.223215518493396159e+00,0.000000000000000000e+00,0.000000000000000000e+00,0.000000000000000000e+00,1.000000000000000056e-01
9.983792019852539834e-01,-5.534788881412875533e-02,-1.325066968519828317e-02,6.191978576847184712e+01,5.505751938074077839e-02,9.982547271603893213e-01,-2.135811933612380767e-02,3.727563008099083586e+00,1.440967046558472645e-02,2.059395313570451178e-02,9.996840753414638625e-01,1.258495925297339557e+00,0.000000000000000000e+00,0.000000000000000000e+00,0.000000000000000000e+00,1.000000000000000056e-01
9.982344777676088743e-01,-5.810606954552195030e-02,-1.231308564089647270e-02,6.280432771800423097e+01,5.783960404496451407e-02,9.981051554457501807e-01,-2.099235281088383462e-02,3.790510830903971229e+00,1.350953736997715857e-02,2.024310634724483041e-02,9.997038106586687567e-01,1.294812089641767638e+00,0.000000000000000000e+00,0.000000000000000000e+00,0.000000000000000000e+00,1.000000000000000056e-01
9.983021003009154848e-01,-5.642597803389597794e-02,-1.445771550761404747e-02,6.363170171612071613e+01,5.612231753450715871e-02,9.982111040828401949e-01,-2.061254861178139774e-02,3.852906884979661939e+00,1.559493537456201062e-02,1.976615007115420375e-02,9.996829984060086050e-01,1.324412413197928906e+00,0.000000000000000000e+00,0.000000000000000000e+00,0.000000000000000000e+00,1.000000000000000056e-01
9.982732760492505353e-01,-5.734197340884545496e-02,-1.274222945469457961e-02,6.445242706349282003e+01,5.710409937475369874e-02,9.982003543204339691e-01,-1.830777073153059403e-02,3.900485174304911151e+00,1.376910165897106582e-02,1.754852472828683646e-02,9.997511996088654929e-01,1.350625517451244706e+00,0.000000000000000000e+00,0.000000000000000000e+00,0.000000000000000000e+00,1.000000000000000056e-01
9.981496481585561131e-01,-5.914949046817392225e-02,-1.409317772208057082e-02,6.526255966886402859e+01,5.888477470671216879e-02,9.980931389394672726e-01,-1.851132922566398400e-02,3.951455410922494416e+00,1.516123968184980922e-02,1.764720315847733215e-02,9.997293198821333160e-01,1.380666176690837910e+00,0.000000000000000000e+00,0.000000000000000000e+00,0.000000000000000000e+00,1.000000000000000056e-01
9.981152403434957465e-01,-6.005750554815587894e-02,-1.261201892556700239e-02,6.606867397444379719e+01,5.981864540334864977e-02,9.980372232691866463e-01,-1.853188148138379746e-02,3.994107604559667291e+00,1.370024292317729812e-02,1.774251945087975194e-02,9.997487216032742152e-01,1.413364143528836658e+00,0.000000000000000000e+00,0.000000000000000000e+00,0.000000000000000000e+00,1.000000000000000056e-01
9.980119966355068817e-01,-6.166150722337693929e-02,-1.303507186594943419e-02,6.681948389215372686e+01,6.142348175428074403e-02,9.979506646085603006e-01,-1.793395930948889910e-02,4.047858034071328603e+00,1.411419359335038155e-02,1.709764703911906963e-02,9.997541997935968094e-01,1.436745938165758130e+00,0.000000000000000000e+00,0.000000000000000000e+00,0.000000000000000000e+00,1.000000000000000056e-01
9.979291388182625067e-01,-6.330455160065875941e-02,-1.140033526175428073e-02,6.760787525685236687e+01,6.310082403449704391e-02,9.978550785731791217e-01,-1.742205992074537246e-02,4.102785739493740813e+00,1.247877812962099563e-02,1.666661070386336874e-02,9.997832285970982280e-01,1.456512046562265184e+00,0.000000000000000000e+00,0.000000000000000000e+00,0.000000000000000000e+00,1.000000000000000056e-01
9.978125260505888994e-01,-6.563466346347583691e-02,-7.890108274232057045e-03,6.835953683384603607e+01,6.550765306930846077e-02,9.977331899392813952e-01,-1.540224278918364206e-02,4.162375103990384240e+00,8.883143919466682942e-03,1.485168830881212348e-02,9.998502473413125591e-01,1.480809848030861797e+00,0.000000000000000000e+00,0.000000000000000000e+00,0.000000000000000000e+00,1.000000000000000056e-01
9.979210837842259485e-01,-6.405175519286951391e-02,-7.133245798968778154e-03,6.905438350029288586e+01,6.395959704314371774e-02,9.978745189878077682e-01,-1.247454612120359185e-02,4.211375948451952844e+00,7.917100794765262115e-03,1.199237305807606194e-02,9.998967459210182929e-01,1.506281594749494079e+00,0.000000000000000000e+00,0.000000000000000000e+00,0.000000000000000000e+00,1.000000000000000056e-01
9.979896737486274594e-01,-6.275188204394191449e-02,-8.877634316155838187e-03,6.971771698286104879e+01,6.265971685805268865e-02,9.979817484379213122e-01,-1.030483711944584629e-02,4.260060339410086883e+00,9.506364940231193036e-03,9.727850982248847922e-03,9.999074946918291573e-01,1.538432579398401945e+00,0.000000000000000000e+00,0.000000000000000000e+00,0.000000000000000000e+00,1.000000000000000056e-01
9.977263191366161355e-01,-6.596018892015836910e-02,-1.383638607860711821e-02,7.040509273588013173e+01,6.583071915873148217e-02,9.977844965906942365e-01,-9.613260544637373603e-03,4.320397432990331410e+00,1.443982399974048057e-02,8.680543811989739969e-03,9.998580597474746590e-01,1.561529485917787730e+00,0.000000000000000000e+00,0.000000000000000000e+00,0.000000000000000000e+00,1.000000000000000056e-01
9.977104256994766551e-01,-6.528922726896690953e-02,-1.764152071648522613e-02,7.114571697405007455e+01,6.511411038049841338e-02,9.978244018217470312e-01,-1.032549071129714412e-02,4.375264982208684650e+00,1.827728316586631208e-02,9.153137805911199312e-03,9.997910586659498611e-01,1.589054013223419881e+00,0.000000000000000000e+00,0.000000000000000000e+00,0.000000000000000000e+00,1.000000000000000056e-01
9.975782519433179507e-01,-6.729339825581467927e-02,-1.758493107460126423e-02,7.185577382552027359e+01,6.711641923221972617e-02,9.976902320096260324e-01,-1.046839156811667573e-02,4.426310755170505651e+00,1.824876760658330696e-02,9.262802155007375526e-03,9.997905695579840657e-01,1.611006428549136338e+00,0.000000000000000000e+00,0.000000000000000000e+00,0.000000000000000000e+00,1.000000000000000056e-01
9.975694337472955642e-01,-6.794357884326313046e-02,-1.545622680570697682e-02,7.253574108525468489e+01,6.780943421144303151e-02,9.976572978910279721e-01,-9.044147096145146308e-03,4.477547492523497930e+00,1.603450919186950180e-02,7.974086702690032918e-03,9.998396413706719388e-01,1.629330532370639739e+00,0.000000000000000000e+00,0.000000000000000000e+00,0.000000000000000000e+00,1.000000000000000056e-01
9.975089187479044828e-01,-6.891594861898171775e-02,-1.505154624390006579e-02,7.317166219047051356e+01,6.877844894221475658e-02,9.975870102903833248e-01,-9.470050738926724318e-03,4.525176621775718999e+00,1.566786454784274002e-02,8.411238068237127455e-03,9.998418720451098807e-01,1.649101881019386262e+00,0.000000000000000000e+00,0.000000000000000000e+00,0.000000000000000000e+00,1.000000000000000056e-01
9.974153426878210604e-01,-6.985331236846942238e-02,-1.682702950878204803e-02,7.375502813537929114e+01,6.968547972550789837e-02,9.975151871214932298e-01,-1.036269160972294254e-02,4.561955616930088553e+00,1.750908582314370313e-02,9.163307979405264231e-03,9.998047137819027208e-01,1.675471415463478886e+00,0.000000000000000000e+00,0.000000000000000000e+00,0.000000000000000000e+00,1.000000000000000056e-01
9.973869167261687485e-01,-6.934518345530713002e-02,-2.026286936779339576e-02,7.439717165703525836e+01,6.899931699501465898e-02,9.974667359937655631e-01,-1.729753855798761217e-02,4.592435418221143095e+00,2.141103915478983349e-02,1.585421450256633766e-02,9.996450426450473881e-01,1.708357150872221952e+00,0.000000000000000000e+00,0.000000000000000000e+00,0.000000000000000000e+00,1.000000000000000056e-01
9.973519298173845193e-01,-6.840882715325619090e-02,-2.468522750664669391e-02,7.502366465077635382e+01,6.791763522909774475e-02,9.974860688156033106e-01,-2.021725361370147606e-02,4.615258716325190136e+00,2.600620915139705697e-02,1.848715462988893832e-02,9.994908214682435288e-01,1.730035927646306870e+00,0.000000000000000000e+00,0.000000000000000000e+00,0.000000000000000000e+00,1.000000000000000056e-01
9.976917910746303519e-01,-6.326622117600337603e-02,-2.466729171200394977e-02,7.561194135659869175e+01,6.277141081658126065e-02,9.978205737059488989e-01,-2.034336926929672731e-02,4.655658145097699929e+00,2.590057926750021638e-02,1.874801182099060035e-02,9.994887053120550258e-01,1.759895728100369539e+00,0.000000000000000000e+00,0.000000000000000000e+00,0.000000000000000000e+00,1.000000000000000056e-01
9.980027830251517740e-01,-5.848670627872625677e-02,-2.386944202778430030e-02,7.618345118602758248e+01,5.811406034900982315e-02,9.981814299123870082e-01,-1.601839467031793487e-02,4.708294379869403024e+00,2.476289691864416026e-02,1.459925226607271080e-02,9.995867449948844241e-01,1.771465117271094680e+00,0.000000000000000000e+00,0.000000000000000000e+00,0.000000000000000000e+00,1.000000000000000056e-01
9.984753119112860231e-01,-5.138884787970615653e-02,-2.015534215180822888e-02,7.672229290685676517e+01,5.102214421972857405e-02,9.985297542194897513e-01,-1.830493751933254254e-02,4.727638507704081228e+00,2.106637849468329451e-02,1.724865942506462885e-02,9.996292770048088583e-01,1.799009579312956131e+00,0.000000000000000000e+00,0.000000000000000000e+00,0.000000000000000000e+00,1.000000000000000056e-01
9.988831901826382698e-01,-4.401841062995962700e-02,-1.716833993627692873e-02,7.728875397900887378e+01,4.362373269469518172e-02,9.987895842826597370e-01,-2.272303400194671322e-02,4.734605202721436257e+00,1.814779094923364006e-02,2.194870962230128716e-02,9.995943736484208531e-01,1.819192828683568575e+00,0.000000000000000000e+00,0.000000000000000000e+00,0.000000000000000000e+00,1.000000000000000056e-01
9.992545188464253547e-01,-3.577535513774040415e-02,-1.450967021567153674e-02,7.784341209481148383e+01,3.540235763970731725e-02,9.990554503373345607e-01,-2.519682965803281965e-02,4.739797323061424095e+00,1.539739064092521086e-02,2.466436936218351084e-02,9.995772052450058176e-01,1.851975696249893666e+00,0.000000000000000000e+00,0.000000000000000000e+00,0.000000000000000000e+00,1.000000000000000056e-01
9.996047580039452152e-01,-2.393879757017820450e-02,-1.473980144941671247e-02,7.833012536180478946e+01,2.362239588883912819e-02,9.994944820868507662e-01,-2.127822103487117533e-02,4.754226924937327681e+00,1.524172524175505805e-02,2.092162156315584970e-02,9.996649316460105572e-01,1.876700476044491861e+00,0.000000000000000000e+00,0.000000000000000000e+00,0.000000000000000000e+00,1.000000000000000056e-01
9.998486406728744891e-01,-9.618148723094587654e-03,-1.449782603515238286e-02,7.883424384539181062e+01,9.334153107914223979e-03,9.997656824783717200e-01,-1.953084033813477088e-02,4.764320068078464310e+00,1.468227946754602220e-02,1.939255923533898113e-02,9.997041358901845864e-01,1.884422199866961023e+00,0.000000000000000000e+00,0.000000000000000000e+00,0.000000000000000000e+00,1.000000000000000056e-01
9.998658578676304920e-01,9.259416899853219196e-03,-1.351034674988499211e-02,7.932722997079369520e+01,-9.428123903297100372e-03,9.998777043779508711e-01,-1.247745036227615109e-02,4.755840213402096062e+00,1.339316057887357699e-02,1.260315383361244185e-02,9.998308775803810278e-01,1.899187660693488544e+00,0.000000000000000000e+00,0.000000000000000000e+00,0.000000000000000000e+00,1.000000000000000056e-01
9.994198810037498992e-01,3.142709566467445648e-02,-1.312398996242417591e-02,7.981783745788020212e+01,-3.161566887160784101e-02,9.993961151049556291e-01,-1.441716320650594275e-02,4.726617758849371853e+00,1.266297501581906647e-02,1.482372325718411647e-02,9.998099350839354527e-01,1.918637667605376240e+00,0.000000000000000000e+00,0.000000000000000000e+00,0.000000000000000000e+00,1.000000000000000056e-01
9.983467577885993816e-01,5.603410944830954782e-02,-1.280350699326637982e-02,8.030459911648611637e+01,-5.625259672400379635e-02,9.982650409437177075e-01,-1.739406195930594257e-02,4.707271654012664897e+00,1.180663266127781295e-02,1.808553587739227669e-02,9.997667312014484331e-01,1.937447255305138505e+00,0.000000000000000000e+00,0.000000000000000000e+00,0.000000000000000000e+00,1.000000000000000056e-01
9.963663724655841269e-01,8.445212770920750012e-02,-1.104037794464460438e-02,8.077370485558668634e+01,-8.464444247404832866e-02,9.962431904701506413e-01,-1.829819117051627655e-02,4.658069141816840286e+00,9.453580169989090135e-03,1.916620899507630663e-02,9.997716170479769016e-01,1.954073287040245077e+00,0.000000000000000000e+00,0.000000000000000000e+00,0.000000000000000000e+00,1.000000000000000056e-01
9.930536745647118302e-01,1.172895858283390935e-01,-9.356948740916373741e-03,8.123910585346258983e+01,-1.174503757158534833e-01,9.928962512712448119e-01,-1.903794778104619251e-02,4.594655323302235139e+00,7.057526317932607922e-03,2.000468114531363251e-02,9.997749767095324147e-01,1.969409303641617148e+00,0.000000000000000000e+00,0.000000000000000000e+00,0.000000000000000000e+00,1.000000000000000056e-01
