1.000000000000000000e+00,-1.452067982987136374e-12,-4.193850953581656197e-13,-3.204778983966539545e-20,1.452067982987114160e-12,1.000000000000000000e+00,-5.295671306401781143e-14,3.887870714989708958e-19,4.193850953582425620e-13,5.295671306340883606e-14,1.000000000000000000e+00,1.267493287769868795e-19,0.000000000000000000e+00,0.000000000000000000e+00,0.000000000000000000e+00,1.000000000000000056e-01
9.999920414092120513e-01,-3.985416074997090441e-03,-1.832401316071055716e-04,6.556251447726516579e-01,3.984862628297251505e-03,9.999877751671980564e-01,-2.927522158902746974e-03,7.032266284191210186e-03,1.949052853991352515e-04,2.926768673199416082e-03,9.999956980092781222e-01,2.039115679711905882e-03,0.000000000000000000e+00,0.000000000000000000e+00,0.000000000000000000e+00,1.000000000000000056e-01
9.999535763493730967e-01,-9.342585147197695478e-03,-2.358230028169499941e-03,1.325919157168682139e+00,9.339304210207920176e-03,9.999554098449348061e-01,-1.398470134681701086e-03,9.435639551287136606e-03,2.371190200635941471e-03,1.376380984962034424e-03,9.999962415091452339e-01,6.225348447703664412e-03,0.000000000000000000e+00,0.000000000000000000e+00,0.000000000000000000e+00,1.000000000000000056e-01
9.998859278803059469e-01,-1.492587287768870272e-02,-2.312908510665065594e-03,2.043405573004661857e+00,1.492416343861619962e-02,9.998883437345460479e-01,-7.545922367427370693e-04,3.355886826392495974e-04,2.323913207738541147e-03,7.199879341750552945e-04,9.999970405180095279e-01,4.948465044041542096e-03,0.000000000000000000e+00,0.000000000000000000e+00,0.000000000000000000e+00,1.000000000000000056e-01
9.997912215000377412e-01,-1.996151779929976680e-02,-4.364770167005139340e-03,2.738281472038142983e+00,1.996276467862695761e-02,9.998006948009454664e-01,2.422848169422478178e-04,8.613871729656026946e-03,4.359063872932283576e-03,-3.293671128018178058e-04,9.999904449940792972e-01,1.027051394838961532e-02,0.000000000000000000e+00,0.000000000000000000e+00,0.000000000000000000e+00,1.000000000000000056e-01
9.996853743435912820e-01,-2.430275889521662375e-02,-6.207111533929061953e-03,3.444249950112383107e+00,2.430243447908082138e-02,9.997046440685340984e-01,-1.276957150018191343e-04,1.028424963735826043e-02,6.208381584893887459e-03,-2.319238270399175161e-05,9.999807275443910459e-01,2.509818516887857981e-02,0.000000000000000000e+00,0.000000000000000000e+00,0.000000000000000000e+00,1.000000000000000056e-01
9.995195842199147140e-01,-3.000513307708323890e-02,-7.764840621378421223e-03,4.165172073233739169e+00,3.000649982349046230e-02,9.995497018267653910e-01,5.955138317876639898e-05,4.503432978264743786e-02,7.759557280653953462e-03,-2.925184624893845380e-04,9.999698513974095704e-01,4.345159666228089884e-02,0.000000000000000000e+00,0.000000000000000000e+00,0.000000000000000000e+00,1.000000000000000056e-01
9.993677192896535111e-01,-3.450574377114254410e-02,-8.574105702434740850e-03,4.933997281552271019e+00,3.453519350305583879e-02,9.993979986315197905e-01,3.310700986089629844e-03,7.330633808488987158e-02,8.454705879139504110e-03,-3.604716093267638401e-03,9.999577610931295046e-01,5.546802172639123812e-02,0.000000000000000000e+00,0.000000000000000000e+00,0.000000000000000000e+00,1.000000000000000056e-01
9.992706479777876405e-01,-3.753202253733951138e-02,-7.037000377220574941e-03,5.704674703287201609e+00,3.756031567044828406e-02,9.992866246941132236e-01,3.932479393818875089e-03,1.090328880627263464e-01,6.884386449687516542e-03,-4.193923187562152884e-03,9.999675075878756703e-01,6.072621462052082975e-02,0.000000000000000000e+00,0.000000000000000000e+00,0.000000000000000000e+00,1.000000000000000056e-01
9.990771197551446825e-01,-4.263312595583997056e-02,-5.227365779976582763e-03,6.498387387834435813e+00,4.265423204505797150e-02,9.990819074179941861e-01,3.994841507344660918e-03,1.633390444320279300e-01,5.052253993074313360e-03,-4.214124019999721145e-03,9.999783577099724541e-01,7.187751186644816825e-02,0.000000000000000000e+00,0.000000000000000000e+00,0.000000000000000000e+00,1.000000000000000056e-01
9.988432009101038123e-01,-4.796356945622817780e-02,-3.428702476976642263e-03,7.323917150540032672e+00,4.797283234630866922e-02,9.988450659948509003e-01,2.672357463906836327e-03,1.979897395551984407e-01,3.296566749060478047e-03,-2.833750652318084862e-03,9.999905512078148817e-01,9.221674741253865770e-02,0.000000000000000000e+00,0.000000000000000000e+00,0.000000000000000000e+00,1.000000000000000056e-01
9.987642201937654285e-01,-4.961382290402614748e-02,-2.915653886783439470e-03,8.140519493898199954e+00,4.962299586843810228e-02,9.987630125103417189e-01,3.162771301858675627e-03,2.446625129265147525e-01,2.755130084144962865e-03,-3.303546293729750245e-03,9.999907478772513958e-01,1.072017141213309904e-01,0.000000000000000000e+00,0.000000000000000000e+00,0.000000000000000000e+00,1.000000000000000056e-01
9.986082647651949307e-01,-5.261076170994531676e-02,-3.693412371470213180e-03,8.987902430401689458e+00,5.262289743429467148e-02,9.986091040472451219e-01,3.269247555322291922e-03,2.951580193066481450e-01,3.516277615046998518e-03,-3.459055688714681581e-03,9.999878352887480171e-01,1.161316178920330788e-01,0.000000000000000000e+00,0.000000000000000000e+00,0.000000000000000000e+00,1.000000000000000056e-01
9.986189549027267853e-01,-5.242426785632759573e-02,-3.446599587085556228e-03,9.668653197449270209e+00,5.244194025988749980e-02,9.986101517338735745e-01,5.254308311129352385e-03,3.771704662781104056e-01,3.166356070323040305e-03,-5.427798244042398440e-03,9.999802564028241747e-01,1.339671947259955809e-01,0.000000000000000000e+00,0.000000000000000000e+00,0.000000000000000000e+00,1.000000000000000056e-01
9.983566416740905503e-01,-5.717311468665960128e-02,-3.905250601126957107e-03,1.042329494493732867e+01,5.719436453647515350e-02,9.983475495228120167e-01,5.565521275241772439e-03,4.407857488478210684e-01,3.580599181747144526e-03,-5.779733456003221734e-03,9.999768867282269325e-01,1.407963398946767419e-01,0.000000000000000000e+00,0.000000000000000000e+00,0.000000000000000000e+00,1.000000000000000056e-01
9.982164844135033022e-01,-5.953118481510612237e-02,-4.459627748564417779e-03,1.125049776600733509e+01,5.954920940339343549e-02,9.982172597928038460e-01,4.024165898261708625e-03,4.916606490318372602e-01,4.212114027051858459e-03,-4.282556042319957297e-03,9.999819587418402600e-01,1.621237183091148448e-01,0.000000000000000000e+00,0.000000000000000000e+00,0.000000000000000000e+00,1.000000000000000056e-01
9.980143201428014477e-01,-6.273669213458421545e-02,-5.614646018423646336e-03,1.214233503164134476e+01,6.276358480801244588e-02,9.980171243250047786e-01,4.748892091365266264e-03,5.561020829350006300e-01,5.305583092293660562e-03,-5.091857623539734583e-03,9.999729615214565381e-01,1.753279472807127704e-01,0.000000000000000000e+00,0.000000000000000000e+00,0.000000000000000000e+00,1.000000000000000056e-01
9.978758403796957888e-01,-6.474311071399431461e-02,-7.220581804211865726e-03,1.304138355655593884e+01,6.479387876027119242e-02,9.978738802650142237e-01,7.033659079271809000e-03,6.337479048233327639e-01,6.749849014246064871e-03,-7.486567966673357208e-03,9.999491941285643115e-01,1.886345956697789150e-01,0.000000000000000000e+00,0.000000000000000000e+00,0.000000000000000000e+00,1.000000000000000056e-01
9.980220116816523879e-01,-6.196850482611812594e-02,-1.058152203243884100e-02,1.391672970417018718e+01,6.207529719017851333e-02,9.980205573845638556e-01,1.008089859860680261e-02,6.962690542212733869e-01,9.935878303332283321e-03,-1.071780982382837359e-02,9.998931977340987931e-01,1.946850038638220648e-01,0.000000000000000000e+00,0.000000000000000000e+00,0.000000000000000000e+00,1.000000000000000056e-01
9.970364097135754333e-01,-7.654601869185904961e-02,-7.687959930232638600e-03,1.488514511013431552e+01,7.661842720446519761e-02,9.970141543854224020e-01,9.612105275905389809e-03,7.835645296116339198e-01,6.929236478672334484e-03,-1.017265833234299970e-02,9.999242484829918842e-01,2.069102532096344094e-01,0.000000000000000000e+00,0.000000000000000000e+00,0.000000000000000000e+00,1.000000000000000056e-01
9.966714433945158547e-01,-8.121592955519789381e-02,-7.071542149873735923e-03,1.584678650062963357e+01,8.126969164831933379e-02,9.966625637421117068e-01,7.679274339949559644e-03,8.794570766711421461e-01,6.424261924875179601e-03,-8.228415490618328290e-03,9.999455095340117339e-01,2.182909723519067813e-01,0.000000000000000000e+00,0.000000000000000000e+00,0.000000000000000000e+00,1.000000000000000056e-01
9.965338969178395567e-01,-8.294313878533086937e-02,-6.374011467049791810e-03,1.675518075070442592e+01,8.299101938395890554e-02,9.965208936069301915e-01,7.655018383825948000e-03,9.721436798754906627e-01,5.716904350791343972e-03,-8.157471010227278566e-03,9.999503851048616720e-01,2.371608095541769545e-01,0.000000000000000000e+00,0.000000000000000000e+00,0.000000000000000000e+00,1.000000000000000056e-01
9.963166143549330167e-01,-8.558170753318336543e-02,-5.382870612264513931e-03,1.764713648697404835e+01,8.562453695855501423e-02,9.962928618353643628e-01,8.304945907874269895e-03,1.060669026011731297e+00,4.652164115415888083e-03,-8.735261393017109549e-03,9.999510250894485530e-01,2.600372091767833571e-01,0.000000000000000000e+00,0.000000000000000000e+00,0.000000000000000000e+00,1.000000000000000056e-01
9.962628106952684526e-01,-8.619319270929369503e-02,-5.580820382552353735e-03,1.855631616958736529e+01,8.623422840162518754e-02,9.962460176278424839e-01,7.584867344979143687e-03,1.144831409179010606e+00,4.906106148473859431e-03,-8.037778999397145532e-03,9.999556611326407829e-01,2.637540039382841872e-01,0.000000000000000000e+00,0.000000000000000000e+00,0.000000000000000000e+00,1.000000000000000056e-01
9.960674250597828516e-01,-8.840704921333857047e-02,-5.820514080744415217e-03,1.949416682362446096e+01,8.843373377174419681e-02,9.960719041009672425e-01,4.498509960166755493e-03,1.229835580857561617e+00,5.399950551818424871e-03,-4.995549025260326119e-03,9.999729421459233603e-01,2.815744545007647370e-01,0.000000000000000000e+00,0.000000000000000000e+00,0.000000000000000000e+00,1.000000000000000056e-01
9.959257721963165055e-01,-9.008400534155516781e-02,-4.090019167852607974e-03,2.042570759850996609e+01,9.009437817493695655e-02,9.959302759826692553e-01,2.426603048653681177e-03,1.313080923473793682e+00,3.854775796617102533e-03,-2.785204248695606968e-03,9.999886916064855136e-01,2.998411213862977043e-01,0.000000000000000000e+00,0.000000000000000000e+00,0.000000000000000000e+00,1.000000000000000056e-01
9.960336048307295576e-01,-8.897735858481528592e-02,2.961539653726840901e-04,2.134855160112104144e+01,8.897619129332107191e-02,9.960298357979536776e-01,2.793489437193850695e-03,1.408748745822151260e+00,-5.435354968571584362e-04,-2.756058702309481436e-03,9.999960543470124419e-01,3.076709598646065746e-01,0.000000000000000000e+00,0.000000000000000000e+00,0.000000000000000000e+00,1.000000000000000056e-01
9.959177547887838600e-01,-9.021854955773951634e-02,2.904997790975358003e-03,2.229740909616182520e+01,9.021662996960579106e-02,9.959218557413997974e-01,7.854511656356637662e-04,1.502017444631280618e+00,-2.964013055824930767e-03,-5.201656506051573724e-04,9.999954720168990896e-01,3.174093475244137430e-01,0.000000000000000000e+00,0.000000000000000000e+00,0.000000000000000000e+00,1.000000000000000056e-01
9.959795909659771018e-01,-8.933565777669860708e-02,6.617751041668603305e-03,2.327495985474174489e+01,8.933329085356148114e-02,9.960015746710610962e-01,6.529916076905878559e-04,1.595391159175090667e+00,-6.649625893078685811e-03,-5.918083573004672988e-05,9.999778892421126164e-01,3.287213724696776418e-01,0.000000000000000000e+00,0.000000000000000000e+00,0.000000000000000000e+00,1.000000000000000056e-01
9.961586400026668509e-01,-8.720481417232987809e-02,7.955145077659089500e-03,2.420775843883131628e+01,8.721760868026963431e-02,9.961884674322025734e-01,-1.275182800545401809e-03,1.690622858050241373e+00,-7.813621703956724271e-03,1.964113094724142562e-03,9.999675442611217768e-01,3.395931602918618175e-01,0.000000000000000000e+00,0.000000000000000000e+00,0.000000000000000000e+00,1.000000000000000056e-01
9.962092997759888213e-01,-8.680106605236935502e-02,5.710163921139142264e-03,2.516500638574636994e+01,8.681845784928178544e-02,9.962200110853615120e-01,-2.871391605925276147e-03,1.768989832695781805e+00,-5.439339712368329756e-03,3.356254646821379799e-03,9.999795743605162102e-01,3.450482521451155860e-01,0.000000000000000000e+00,0.000000000000000000e+00,0.000000000000000000e+00,1.000000000000000056e-01
9.965018274302545054e-01,-8.356768947438372730e-02,7.410830427688459929e-04,2.610850455287955540e+01,8.357004080078778152e-02,9.964934404993430750e-01,-4.107471526009177747e-03,1.869083777381999933e+00,-3.952324859740411465e-04,4.155035221906845828e-03,9.999912896988587541e-01,3.476289812035001092e-01,0.000000000000000000e+00,0.000000000000000000e+00,0.000000000000000000e+00,1.000000000000000056e-01
9.965330428487406689e-01,-8.319028252001600676e-02,-1.127565904907436387e-03,2.706229282589667307e+01,8.318344439630087628e-02,9.965209409536092133e-01,-5.150613487808134230e-03,1.953879230658688515e+00,1.552124027747730107e-03,5.038961715789172513e-03,9.999860997913067040e-01,3.566015089842454189e-01,0.000000000000000000e+00,0.000000000000000000e+00,0.000000000000000000e+00,1.000000000000000056e-01
9.966210606861547472e-01,-8.211163232452402261e-02,2.035002163634699705e-03,2.804117423809322673e+01,8.212467384277007121e-02,9.965940029589211990e-01,-7.478717305289802296e-03,2.034545315923236508e+00,-1.413981266655759675e-03,7.620571062327655652e-03,9.999699633257298492e-01,3.642888189762366613e-01,0.000000000000000000e+00,0.000000000000000000e+00,0.000000000000000000e+00,1.000000000000000056e-01
9.966219097710021790e-01,-8.174395951356884515e-02,7.917957277256817972e-03,2.904251711137268543e+01,8.181372227754880877e-02,9.966076471575134876e-01,-8.928184264297580816e-03,2.110397493619649012e+00,-7.161271639350204159e-03,9.545821609958650769e-03,9.999287942040164801e-01,3.822704363698580243e-01,0.000000000000000000e+00,0.000000000000000000e+00,0.000000000000000000e+00,1.000000000000000056e-01
9.967581407852448283e-01,-7.980647635959751962e-02,1.020466116081050409e-02,2.998439215682648396e+01,7.991903050247160800e-02,9.967390738153831808e-01,-1.114303788008666994e-02,2.179958371712348519e+00,-9.282097924874839479e-03,1.192246034663294908e-02,9.998858422827058279e-01,3.873887084453840335e-01,0.000000000000000000e+00,0.000000000000000000e+00,0.000000000000000000e+00,1.000000000000000056e-01
9.966488746558760381e-01,-8.127369684167834452e-02,9.252396925271275802e-03,3.088835277839057625e+01,8.143736685131319764e-02,9.964982294343581737e-01,-1.895346972229387458e-02,2.243551290523458697e+00,-7.679578601749083994e-03,1.964344511220568815e-02,9.997775548273842849e-01,3.994315083798589683e-01,0.000000000000000000e+00,0.000000000000000000e+00,0.000000000000000000e+00,1.000000000000000056e-01
9.966552980746323787e-01,-8.139740924701974190e-02,7.258001628474197199e-03,3.182329251358111932e+01,8.154433473953862088e-02,9.964045924512877628e-01,-2.298716193594258980e-02,2.320015459169399552e+00,-5.360810727103181191e-03,2.350212564548912267e-02,9.997094136790409813e-01,4.079278567381248166e-01,0.000000000000000000e+00,0.000000000000000000e+00,0.000000000000000000e+00,1.000000000000000056e-01
9.968331548274210752e-01,-7.944002563844348996e-02,3.597744206333838846e-03,3.279186864784413302e+01,7.950507038716478347e-02,9.965255843975324712e-01,-2.481337187664025071e-02,2.387387366265382393e+00,-1.614069249673131872e-03,2.502083067605689534e-02,9.996856269911743587e-01,4.077198537709200710e-01,0.000000000000000000e+00,0.000000000000000000e+00,0.000000000000000000e+00,1.000000000000000056e-01
9.966932327906512512e-01,-8.114749647933809651e-02,4.205178290682204389e-03,3.373772753554946036e+01,8.122840682700470383e-02,9.963728375888406541e-01,-2.535970109264461259e-02,2.464805518358688552e+00,-2.132049170921574213e-03,2.561742239760819023e-02,9.996695464182328017e-01,4.102229592833872007e-01,0.000000000000000000e+00,0.000000000000000000e+00,0.000000000000000000e+00,1.000000000000000056e-01
9.966772264234543544e-01,-8.127953896538053780e-02,5.304985808222396036e-03,3.469960068538247100e+01,8.139032255702929874e-02,9.963460468458980035e-01,-2.588764818623786809e-02,2.553821774006240997e+00,-3.181465529120591600e-03,2.623340389897741223e-02,9.996507824220216554e-01,4.266751805415368026e-01,0.000000000000000000e+00,0.000000000000000000e+00,0.000000000000000000e+00,1.000000000000000056e-01
9.966161396243169435e-01,-8.199544486762898321e-02,5.746064852027929493e-03,3.567152605842783686e+01,8.211289502899425663e-02,9.963191687927123175e-01,-2.460866445291583909e-02,2.634532811524225249e+00,-3.707116167786444344e-03,2.499721818839949899e-02,9.996806471931724003e-01,4.294934212873960377e-01,0.000000000000000000e+00,0.000000000000000000e+00,0.000000000000000000e+00,1.000000000000000056e-01
9.966910029447589858e-01,-8.115297182607159043e-02,4.608667135663626485e-03,3.663457952113112981e+01,8.123899886732044440e-02,9.964208054023457883e-01,-2.336244046275900987e-02,2.710617884309401759e+00,-2.696240346486715976e-03,2.365953772027853258e-02,9.997164380777464610e-01,4.468807406807737137e-01,0.000000000000000000e+00,0.000000000000000000e+00,0.000000000000000000e+00,1.000000000000000056e-01
9.965083008717936508e-01,-8.322094506298827188e-02,6.743930340235337710e-03,3.762577600621180807e+01,8.335492456698032071e-02,9.962567267538966487e-01,-2.290176735635583716e-02,2.805853651631057488e+00,-4.812779243210523437e-03,2.338394108003855054e-02,9.997149736077385329e-01,4.590251215711780297e-01,0.000000000000000000e+00,0.000000000000000000e+00,0.000000000000000000e+00,1.000000000000000056e-01
9.966637155510732482e-01,-8.102392312531049579e-02,9.826595815091890285e-03,3.861150695198201532e+01,8.122889318401584069e-02,9.964380904661054306e-01,-2.264947638161100493e-02,2.891409631808028902e+00,-7.956444936600200191e-03,2.337211478760930009e-02,9.996951731574608147e-01,4.821751263989937364e-01,0.000000000000000000e+00,0.000000000000000000e+00,0.000000000000000000e+00,1.000000000000000056e-01
9.967058906233153825e-01,-8.029839538593992743e-02,1.138135735433339589e-02,3.960401213253529562e+01,8.049093354065810224e-02,9.965997685220049362e-01,-1.760996875748278845e-02,2.978126668812681732e+00,-9.928605870772480232e-03,1.846805567268577225e-02,9.997801526861460619e-01,4.878680381174558822e-01,0.000000000000000000e+00,0.000000000000000000e+00,0.000000000000000000e+00,1.000000000000000056e-01
9.965775625385948633e-01,-8.208740041468437498e-02,9.737583775880709683e-03,4.059988879146482077e+01,8.226239200211155067e-02,9.964259929208506561e-01,-1.918696155694952707e-02,3.058762733609144302e+00,-8.127773786465430569e-03,1.992233231467138363e-02,9.997684931865076230e-01,5.026984395969303909e-01,0.000000000000000000e+00,0.000000000000000000e+00,0.000000000000000000e+00,1.000000000000000056e-01
9.965646072561348268e-01,-8.239120201309274583e-02,8.406747008418508083e-03,4.160620471272488885e+01,8.251111767379668005e-02,9.964759890108028095e-01,-1.508372583824328303e-02,3.136218955644413331e+00,-7.134355236928630571e-03,1.572555740761358636e-02,9.998508927933070778e-01,5.285976476651932376e-01,0.000000000000000000e+00,0.000000000000000000e+00,0.000000000000000000e+00,1.000000000000000056e-01
9.964875052905027841e-01,-8.348681021852603912e-02,6.527198437763705174e-03,4.263093045955145755e+01,8.357038268029727546e-02,9.964063656869828201e-01,-1.379657773244489377e-02,3.194667258847391889e+00,-5.351909806676116710e-03,1.429359779742466613e-02,9.998835182777174868e-01,5.341204475418637188e-01,0.000000000000000000e+00,0.000000000000000000e+00,0.000000000000000000e+00,1.000000000000000056e-01
9.965604879766365443e-01,-8.244814559017478450e-02,8.336491618742034732e-03,4.365048783749062977e+01,8.256395903537323833e-02,9.964779187425627516e-01,-1.466117754123755570e-02,3.281686062354510103e+00,-7.098342917415526900e-03,1.529904399731635278e-02,9.998577662750812722e-01,5.474304126757398858e-01,0.000000000000000000e+00,0.000000000000000000e+00,0.000000000000000000e+00,1.000000000000000056e-01
9.966500743293367215e-01,-8.128748328277173030e-02,8.998577714321944268e-03,4.464121587329390195e+01,8.143588974000275094e-02,9.965235243710482971e-01,-1.758013758077277278e-02,3.369648552890319504e+00,-7.538249238496981183e-03,1.825405260915751587e-02,9.998049631611959365e-01,5.657200065150601587e-01,0.000000000000000000e+00,0.000000000000000000e+00,0.000000000000000000e+00,1.000000000000000056e-01
9.964969043694025252e-01,-8.300904254703984908e-02,1.016948561243723008e-02,4.562229735127385766e+01,8.316848728947461022e-02,9.964003460436531290e-01,-1.641198117439517795e-02,3.463415633413326589e+00,-8.770536139731820516e-03,1.720026916975218867e-02,9.998135968450867495e-01,5.770708227135246116e-01,0.000000000000000000e+00,0.000000000000000000e+00,0.000000000000000000e+00,1.000000000000000056e-01
9.958519585441319988e-01,-9.056711198951084008e-02,8.744992263909737856e-03,4.653459722107218255e+01,9.069513144248139702e-02,9.957571305356212044e-01,-1.556053084238921171e-02,3.535266737741061593e+00,-7.298616063848063946e-03,1.628911333821844373e-02,9.998406848044378847e-01,5.883937629337547826e-01,0.000000000000000000e+00,0.000000000000000000e+00,0.000000000000000000e+00,1.000000000000000056e-01
9.960746052480211610e-01,-8.843141639676016519e-02,3.907092788983999691e-03,4.748215182438502069e+01,8.848162149606111915e-02,9.959582459721100234e-01,-1.543291733878312567e-02,3.631512885660996393e+00,-2.526546541564073708e-03,1.571804295135861493e-02,9.998732718141597475e-01,5.876286910526364871e-01,0.000000000000000000e+00,0.000000000000000000e+00,0.000000000000000000e+00,1.000000000000000056e-01
9.962339444068553096e-01,-8.667249634175235029e-02,2.409645087496288182e-03,4.843195152141471027e+01,8.670183834547855184e-02,9.960733437414384106e-01,-1.790768313503129927e-02,3.722805134142697092e+00,-8.480796385222980332e-04,1.804916246364643428e-02,9.998367409208803736e-01,5.919919203613154268e-01,0.000000000000000000e+00,0.000000000000000000e+00,0.000000000000000000e+00,1.000000000000000056e-01
9.963914237000361940e-01,-8.477479585227307157e-02,4.167105136695090084e-03,4.940482248320789438e+01,8.483624524900296171e-02,9.962342950533847885e-01,-1.788968561871778426e-02,3.829123986142153768e+00,-2.634818602080625516e-03,1.817865087653532455e-02,9.998312829589015571e-01,6.040955307141684383e-01,0.000000000000000000e+00,0.000000000000000000e+00,0.000000000000000000e+00,1.000000000000000056e-01
9.964805562270713235e-01,-8.364110234854491011e-02,5.537784693063775229e-03,5.042195652125412408e+01,8.372430116780102405e-02,9.963431446121077117e-01,-1.704639488043934586e-02,3.926835887386704638e+00,-4.091754556403419396e-03,1.745004820557101433e-02,9.998393637791389565e-01,6.283501222212521942e-01,0.000000000000000000e+00,0.000000000000000000e+00,0.000000000000000000e+00,1.000000000000000056e-01
9.965874711020012988e-01,-8.237164631540201676e-02,5.322060297297285733e-03,5.136670973525428963e+01,8.245636225648224349e-02,9.964252876891043220e-01,-1.837374151101103803e-02,4.013037581355126449e+00,-3.789560125597586995e-03,1.874987831896514356e-02,9.998170239084142041e-01,6.362861005971156558e-01,0.000000000000000000e+00,0.000000000000000000e+00,0.000000000000000000e+00,1.000000000000000056e-01
9.967002941848992492e-01,-8.105178771611394606e-02,4.373931841870891749e-03,5.232280222898069866e+01,8.112342140421112402e-02,9.965042662715756228e-01,-1.995589642745718498e-02,4.100561003803741222e+00,-2.741180659882417985e-03,2.024487615597134541e-02,9.997912936798456496e-01,6.527532894138767805e-01,0.000000000000000000e+00,0.000000000000000000e+00,0.000000000000000000e+00,1.000000000000000056e-01
9.966626263511589867e-01,-8.153983466776584810e-02,3.855463287798272139e-03,5.330652164862650721e+01,8.160513616158640571e-02,9.964230550595681857e-01,-2.194759890752618833e-02,4.188993403950170169e+00,-2.052068921623837784e-03,2.218897717584365423e-02,9.997516883231709617e-01,6.755825934723250770e-01,0.000000000000000000e+00,0.000000000000000000e+00,0.000000000000000000e+00,1.000000000000000056e-01
9.966471505636209649e-01,-8.168951330828613799e-02,4.613099703064952456e-03,5.426388675158321462e+01,8.177669709470378190e-02,9.963662060852488400e-01,-2.381082072437933420e-02,4.268386123672903487e+00,-2.651242292990414317e-03,2.410823068461908844e-02,9.997058387983742689e-01,6.762732819000550899e-01,0.000000000000000000e+00,0.000000000000000000e+00,0.000000000000000000e+00,1.000000000000000056e-01
9.965644236581558957e-01,-8.233797743071634423e-02,8.933474772244872492e-03,5.521344084712507794e+01,8.254749796087433589e-02,9.962378529346386236e-01,-2.638277772678269267e-02,4.341199578024675709e+00,-6.727561169319551393e-03,2.702957367033783503e-02,9.996119957603114559e-01,6.939652886916335417e-01,0.000000000000000000e+00,0.000000000000000000e+00,0.000000000000000000e+00,1.000000000000000056e-01
9.963452963675659690e-01,-8.438629907187519819e-02,1.322886749420467203e-02,5.616295819322438376e+01,8.470167048914487018e-02,9.960816919692375704e-01,-2.543403114036777921e-02,4.428909228470863546e+00,-1.103074895804977487e-02,2.646158446981032239e-02,9.995889690891809343e-01,7.206687358302800162e-01,0.000000000000000000e+00,0.000000000000000000e+00,0.000000000000000000e+00,1.000000000000000056e-01
9.961869501126057180e-01,-8.611893714414416146e-02,1.396742963139015713e-02,5.711992709351044084e+01,8.641670160467078421e-02,9.960086509768413254e-01,-2.233653650551017250e-02,4.503523938123018766e+00,-1.198808196143895909e-02,2.345838537614313574e-02,9.996529347960871892e-01,7.188579749521540885e-01,0.000000000000000000e+00,0.000000000000000000e+00,0.000000000000000000e+00,1.000000000000000056e-01
9.961766595574039762e-01,-8.690517158429338085e-02,8.919310789324749397e-03,5.801520376654997335e+01,8.708859033558839779e-02,9.959397684557912411e-01,-2.279375005533292725e-02,4.585748593030596787e+00,-6.902201562697126910e-03,2.348337199231524675e-02,9.997004005468130838e-01,7.316253510625400081e-01,0.000000000000000000e+00,0.000000000000000000e+00,0.000000000000000000e+00,1.000000000000000056e-01
9.959887721692128881e-01,-8.939431001221782858e-02,3.875957985233699499e-03,5.894460629239207350e+01,8.945709961585972259e-02,9.957610084567891651e-01,-2.138787893729344330e-02,4.662774487695219072e+00,-1.947573151888259968e-03,2.164881924165060201e-02,9.997637398827087241e-01,7.470155462020130477e-01,0.000000000000000000e+00,0.000000000000000000e+00,0.000000000000000000e+00,1.000000000000000056e-01
9.959865369581472061e-01,-8.950317004446807501e-02,2.738810479714366263e-05,5.989316933379560481e+01,8.948395806644311723e-02,9.957663132567350361e-01,-2.102547578184152735e-02,4.763681147736837929e+00,1.854574582027067060e-03,2.094354160787492355e-02,9.997789398752300327e-01,7.611627141270345120e-01,0.000000000000000000e+00,0.000000000000000000e+00,0.000000000000000000e+00,1.000000000000000056e-01
9.959561461284107686e-01,-8.984053386131000962e-02,-1.829332079853119479e-04,6.079837309852270977e+01,8.982407839989382803e-02,9.958087853621012675e-01,-1.721911540312682370e-02,4.854999214441045652e+00,1.729141016082666026e-03,1.713305200982252752e-02,9.998517233070988164e-01,7.713642361186299201e-01,0.000000000000000000e+00,0.000000000000000000e+00,0.000000000000000000e+00,1.000000000000000056e-01
9.957980242531186965e-01,-9.157671181235986502e-02,2.733534821318698519e-05,6.173856323462639040e+01,9.156552614013326041e-02,9.956716372573999330e-01,-1.592938115085553580e-02,4.947351806204273394e+00,1.431543316090709127e-03,1.586494925313817334e-02,9.998731189850688095e-01,7.906934114849392126e-01,0.000000000000000000e+00,0.000000000000000000e+00,0.000000000000000000e+00,1.000000000000000056e-01
9.956598626923333084e-01,-9.305065139509199890e-02,1.736115904288469940e-03,6.262227458534400171e+01,9.306546081314592822e-02,9.955735687467488493e-01,-1.311827795480004395e-02,5.033881914889675180e+00,-5.077667977144420183e-04,1.322291525389371163e-02,9.999124445095517455e-01,8.136582220711313651e-01,0.000000000000000000e+00,0.000000000000000000e+00,0.000000000000000000e+00,1.000000000000000056e-01
9.955361607180660544e-01,-9.436980972005211410e-02,1.446276645085293588e-03,6.344762251733837388e+01,9.438017525966128918e-02,9.954714169571320381e-01,-1.135960119526609365e-02,5.123738863391803733e+00,-3.677236579021266874e-04,1.144539360446066543e-02,9.999344317226757095e-01,8.308017625093970793e-01,0.000000000000000000e+00,0.000000000000000000e+00,0.000000000000000000e+00,1.000000000000000056e-01
9.953166882482772371e-01,-9.662987612454188024e-02,2.712403848498331441e-03,6.426554929650238535e+01,9.665247608165905557e-02,9.952674939948934485e-01,-1.004560921045406612e-02,5.208497160577852725e+00,-1.728861407395305364e-03,1.026072303887631647e-02,9.999458628350604839e-01,8.442223265331374460e-01,0.000000000000000000e+00,0.000000000000000000e+00,0.000000000000000000e+00,1.000000000000000056e-01
9.953568051559434915e-01,-9.618895953615828887e-02,3.537582946642194807e-03,6.505475908362413406e+01,9.622212180580146101e-02,9.953006721909617438e-01,-1.085703511135134407e-02,5.292286823855444133e+00,-2.476631773715835729e-03,1.114701751909050707e-02,9.999348030224203265e-01,8.601608617261611300e-01,0.000000000000000000e+00,0.000000000000000000e+00,0.000000000000000000e+00,1.000000000000000056e-01
9.952779062139409660e-01,-9.700860447567022371e-02,3.349635812557269846e-03,6.585022522932199251e+01,9.704158622113617794e-02,9.952111725792045505e-01,-1.173254095285727189e-02,5.371088771649948690e+00,-2.195437559938082615e-03,1.200219276664278231e-02,9.999255609407695644e-01,8.740686469791406621e-01,0.000000000000000000e+00,0.000000000000000000e+00,0.000000000000000000e+00,1.000000000000000056e-01
9.952945992143782394e-01,-9.680638110336854674e-02,4.145521964668370460e-03,6.659431464376331178e+01,9.685081252095491255e-02,9.952221776620510107e-01,-1.235868939797879137e-02,5.446816098734988287e+00,-2.929315401424224634e-03,1.270203398177788268e-02,9.999150351124863612e-01,8.922136593902285640e-01,0.000000000000000000e+00,0.000000000000000000e+00,0.000000000000000000e+00,1.000000000000000056e-01
9.953161583920939748e-01,-9.651797049442796539e-02,5.479618165599882233e-03,6.739439419363969819e+01,9.657436224147007697e-02,9.952629852119895260e-01,-1.117957175263707692e-02,5.536723599158579923e+00,-4.374631556755419030e-03,1.165639903897308649e-02,9.999224924763853162e-01,8.955857103893779536e-01,0.000000000000000000e+00,0.000000000000000000e+00,0.000000000000000000e+00,1.000000000000000056e-01
9.950731045514445983e-01,-9.871488091372607188e-02,9.213516404642352331e-03,6.814050566447100721e+01,9.881110004795551349e-02,9.950492441761382700e-01,-1.064744907519080998e-02,5.612468990743140651e+00,-8.116840867151399463e-03,1.150538789805612312e-02,9.999008665581066158e-01,9.051198147777711478e-01,0.000000000000000000e+00,0.000000000000000000e+00,0.000000000000000000e+00,1.000000000000000056e-01
9.949084700133817849e-01,-1.000349173296633531e-01,1.225363662261706559e-02,6.886918520643527586e+01,1.001616650275762577e-01,9.949188251558237495e-01,-1.020647879824538619e-02,5.691795997633975368e+00,-1.117036948965110903e-02,1.138185685215054900e-02,9.998728300039270156e-01,9.196849206614939876e-01,0.000000000000000000e+00,0.000000000000000000e+00,0.000000000000000000e+00,1.000000000000000056e-01
9.948562212215986689e-01,-1.009662979004697370e-01,8.179595647414052498e-03,6.956036310303304049e+01,1.010180575609448961e-01,9.948653837688964385e-01,-6.182250802093857724e-03,5.772061609508622126e+00,-7.513397586659349356e-03,6.976737535551019546e-03,9.999474356135250597e-01,9.342822523214159292e-01,0.000000000000000000e+00,0.000000000000000000e+00,0.000000000000000000e+00,1.000000000000000056e-01
9.948512064186496584e-01,-1.013009270665090056e-01,3.033028655168676802e-03,7.026041671206390049e+01,1.013209070734594208e-01,9.948264084265523444e-01,-7.381794289864834942e-03,5.849844480147170067e+00,-2.269554398698700372e-03,7.651096169327816117e-03,9.999681544180489823e-01,9.372392332958828787e-01,0.000000000000000000e+00,0.000000000000000000e+00,0.000000000000000000e+00,1.000000000000000056e-01
9.948927632317212666e-01,-1.009345756168393143e-01,-7.753155478073713502e-04,7.101262850214007472e+01,1.009240169485618316e-01,9.948557873681945773e-01,-8.735281505248387521e-03,5.928721676741306901e+00,1.653019091398576570e-03,8.612420394876122223e-03,9.999615461320626730e-01,9.654001708917225866e-01,0.000000000000000000e+00,0.000000000000000000e+00,0.000000000000000000e+00,1.000000000000000056e-01
9.946987784652007170e-01,-1.028268840746711099e-01,-9.859164932740950571e-04,7.174284469694470090e+01,1.028164001451505605e-01,9.946708342511271228e-01,-7.662855300669512391e-03,6.010532178844956164e+00,1.768609914549813030e-03,7.520864422449378799e-03,9.999701538632587150e-01,9.759131276506634034e-01,0.000000000000000000e+00,0.000000000000000000e+00,0.000000000000000000e+00,1.000000000000000056e-01
9.945399260879997927e-01,-1.043517550380239772e-01,1.023052960614234414e-03,7.242223479393472019e+01,1.043561740211116778e-01,9.945195838030818081e-01,-6.370743741537906492e-03,6.097717294900990126e+00,-3.526479142715912012e-04,6.442720902625368416e-03,9.999791832767417343e-01,9.869383464601387823e-01,0.000000000000000000e+00,0.000000000000000000e+00,0.000000000000000000e+00,1.000000000000000056e-01
9.944509965031081977e-01,-1.051266764395167169e-01,3.949361309903572613e-03,7.303369564750133236e+01,1.051476117926087722e-01,9.944412431539961794e-01,-5.531152560306852248e-03,6.154671905478430460e+00,-3.345936085139821284e-03,5.915726085250356744e-03,9.999769041815907977e-01,1.002961132038000303e+00,0.000000000000000000e+00,0.000000000000000000e+00,0.000000000000000000e+00,1.000000000000000056e-01
9.943778572874886201e-01,-1.058870693271043162e-01,7.781295906950192820e-04,7.360434345967503589e+01,1.058899101346207627e-01,9.943551532215373356e-01,-6.719835820529233492e-03,6.209572678033312698e+00,-6.219344698662023548e-05,6.764452016973357407e-03,9.999771188986702475e-01,1.013256355657346841e+00,0.000000000000000000e+00,0.000000000000000000e+00,0.000000000000000000e+00,1.000000000000000056e-01
9.945515200233389086e-01,-1.042304241647829394e-01,-1.814579206191526285e-03,7.423804095914692880e+01,1.042031380282004566e-01,9.944902711509093773e-01,-1.143707179598974638e-02,6.266365175178824742e+00,2.996672211289299562e-03,1.118567229183178163e-02,9.999329480975400752e-01,1.032344940403371769e+00,0.000000000000000000e+00,0.000000000000000000e+00,0.000000000000000000e+00,1.000000000000000056e-01
9.946194728359478709e-01,-1.034923557017409512e-01,-4.629964022052897137e-03,7.485462086002021920e+01,1.034077159563676074e-01,9.945133771547305379e-01,-1.581097533297389987e-02,6.320230717788255070e+00,6.240876238828313265e-03,1.524712994622402958e-02,9.998642790359972832e-01,1.053905746535154675e+00,0.000000000000000000e+00,0.000000000000000000e+00,0.000000000000000000e+00,1.000000000000000056e-01
9.951680376892960700e-01,-9.805471627831592596e-02,-5.084228281133299464e-03,7.543986852191390824e+01,9.797339983702381405e-02,9.950858390193153546e-01,-1.433129120490662586e-02,6.373912671621994264e+00,6.464494257896303588e-03,1.376392381569061657e-02,9.998843756731002896e-01,1.067181876860165746e+00,0.000000000000000000e+00,0.000000000000000000e+00,0.000000000000000000e+00,1.000000000000000056e-01
9.955399765614606489e-01,-9.424165436157760922e-02,-4.320376279838694655e-03,7.599883957120252376e+01,9.419076299551040754e-02,9.954959486042751493e-01,-1.076645154161299384e-02,6.451367868729747990e+00,5.315565287910797160e-03,1.031149337716178935e-02,9.999327066708052492e-01,1.070646154463861022e+00,0.000000000000000000e+00,0.000000000000000000e+00,0.000000000000000000e+00,1.000000000000000056e-01
9.961649268131127499e-01,-8.748550565540264001e-02,-1.313349779849404134e-03,7.654632760057391749e+01,8.745747693216138208e-02,9.960630791179586607e-01,-1.447522527325996802e-02,6.489623025713687099e+00,2.574551628182702480e-03,1.430484946686529785e-02,9.998943659035408604e-01,1.088343336884137980e+00,0.000000000000000000e+00,0.000000000000000000e+00,0.000000000000000000e+00,1.000000000000000056e-01
9.968153243149606713e-01,-7.972558607165566857e-02,1.743598689744446737e-03,7.710060266111510430e+01,7.974360121313933680e-02,9.966760556187878040e-01,-1.666727997409037099e-02,6.514329558417991883e+00,-4.089944005218570889e-04,1.675324093141187382e-02,9.998595709607797088e-01,1.103039533832694152e+00,0.000000000000000000e+00,0.000000000000000000e+00,0.000000000000000000e+00,1.000000000000000056e-01
9.974404762644272227e-01,-7.143862465071580681e-02,3.003201193179029678e-03,7.762986123676319039e+01,7.148357112481153186e-02,9.972536330780022995e-01,-1.937241265225552247e-02,6.545981748724146954e+00,-1.611014784718718630e-03,1.953750804835149499e-02,9.998078267400311026e-01,1.117255087066742147e+00,0.000000000000000000e+00,0.000000000000000000e+00,0.000000000000000000e+00,1.000000000000000056e-01
9.982444315442822180e-01,-5.911375582212188839e-02,3.690360881445462794e-03,7.810777542258038864e+01,5.916613700110541496e-02,9.981163539152917430e-01,-1.622073608720011120e-02,6.577536181378747848e+00,-2.724540915306139163e-03,1.641060387209202290e-02,9.998616249048435378e-01,1.128807338405598104e+00,0.000000000000000000e+00,0.000000000000000000e+00,0.000000000000000000e+00,1.000000000000000056e-01
9.989932296517375354e-01,-4.475612479331278482e-02,3.068615889337689227e-03,7.859218189965493195e+01,4.479072825505042710e-02,9.989203140527718183e-01,-1.232869965138370764e-02,6.607891075529480851e+00,-2.513517927747929096e-03,1.245373302256051577e-02,9.999192901236727549e-01,1.134207095447172353e+00,0.000000000000000000e+00,0.000000000000000000e+00,0.000000000000000000e+00,1.000000000000000056e-01
9.996274855091609179e-01,-2.720615744573123135e-02,2.171453814942882112e-03,7.905659164125121663e+01,2.722118244676183241e-02,9.996033686163541265e-01,-7.218911070050520670e-03,6.619522380083862956e+00,-1.974193717053211467e-03,7.275331461540125028e-03,9.999715856519585389e-01,1.133895161859407086e+00,0.000000000000000000e+00,0.000000000000000000e+00,0.000000000000000000e+00,1.000000000000000056e-01
9.999810647610305470e-01,-4.983492955920555342e-03,3.610390194142334801e-03,7.953855026531502403e+01,5.008878620687006594e-03,9.999625563983212118e-01,-7.056694431351261641e-03,6.637752929987377648e+00,-3.575088021139277532e-03,7.074644817411647642e-03,9.999685835796785494e-01,1.148582021729530833e+00,0.000000000000000000e+00,0.000000000000000000e+00,0.000000000000000000e+00,1.000000000000000056e-01
9.997897225905268970e-01,1.997112347666672727e-02,4.654549326957371780e-03,8.001734224261808492e+01,-1.992691390016682745e-02,9.997576390493739806e-01,-9.358486247092538332e-03,6.623298819957186723e+00,-4.840320730353127321e-03,9.263767565165550652e-03,9.999453754609428646e-01,1.162785947403430109e+00,0.000000000000000000e+00,0.000000000000000000e+00,0.000000000000000000e+00,1.000000000000000056e-01
9.988001503305432571e-01,4.859115752188061105e-02,6.095827291516402006e-03,8.049021517963498695e+01,-4.852252072711448622e-02,9.987621401984688729e-01,-1.094313887606240300e-02,6.615463636053345198e+00,-6.620021296865720613e-03,1.063422384839762640e-02,9.999215412226957200e-01,1.169388891502912031e+00,0.000000000000000000e+00,0.000000000000000000e+00,0.000000000000000000e+00,1.000000000000000056e-01
9.967280842897850990e-01,8.030665103359507784e-02,9.163393900924205610e-03,8.099097454711228750e+01,-8.020269187295969715e-02,9.967156612399165061e-01,-1.119905600517363299e-02,6.572239596154284769e+00,-1.003265689367465255e-02,1.042748478034434718e-02,9.998953011974851535e-01,1.175085626807897521e+00,0.000000000000000000e+00,0.000000000000000000e+00,0.000000000000000000e+00,1.000000000000000056e-01
