1.000000000000000000e+00,1.673963461954666028e-09,-1.219818742351211678e-09,-1.031394203561573290e-15,-1.673963461496393493e-09,1.000000000000000000e+00,3.756888791948627654e-10,-9.077432540152651688e-15,1.219818742980100967e-09,-3.756888771529307172e-10,1.000000000000000000e+00,8.300626321767767098e-15,0.000000000000000000e+00,0.000000000000000000e+00,0.000000000000000000e+00,1.000000000000000056e-01
9.999891085351562126e-01,-4.468937598587138273e-03,-1.345885509022399541e-03,6.429641521343777422e-01,4.466663227242814900e-03,9.999885994509387643e-01,-1.688161059953620716e-03,1.173129339367263643e-02,1.353414451621920683e-03,1.682131056095556489e-03,9.999976693495001845e-01,1.462967925673006216e-02,0.000000000000000000e+00,0.000000000000000000e+00,0.000000000000000000e+00,1.000000000000000056e-01
9.999746177700146177e-01,-6.056180250706534943e-03,-3.753198167442644510e-03,1.301340076354010167e+00,6.052926837495524459e-03,9.999812957802263202e-01,-8.775912485137492324e-04,1.534715856605994508e-02,3.758442817586708697e-03,8.548511393766936766e-04,9.999925716409679977e-01,2.187198974591243045e-02,0.000000000000000000e+00,0.000000000000000000e+00,0.000000000000000000e+00,1.000000000000000056e-01
9.999425610263004138e-01,-9.179545787296818776e-03,-5.532683553431273944e-03,2.003898808175948787e+00,9.177359594607116533e-03,9.999577987766881115e-01,-4.204004660584489679e-04,1.935608632076923213e-02,5.536309152744305594e-03,3.696008921941282949e-04,9.999846062195886232e-01,2.151949043382663310e-02,0.000000000000000000e+00,0.000000000000000000e+00,0.000000000000000000e+00,1.000000000000000056e-01
9.998956008301577159e-01,-1.233280222381561049e-02,-7.529238328417089260e-03,2.693317273607298556e+00,1.233718258510914552e-02,9.999237506167045764e-01,5.356103846663887516e-04,2.092169565835308789e-02,7.522058651694750117e-03,-6.284440553713543411e-04,9.999715114400558047e-01,3.020057184820503296e-02,0.000000000000000000e+00,0.000000000000000000e+00,0.000000000000000000e+00,1.000000000000000056e-01
9.998470601030471361e-01,-1.558363646018216635e-02,-7.937674594643834639e-03,3.408528289163540226e+00,1.558861162286858011e-02,9.998783304150915541e-01,5.652910757610705864e-04,4.007142642286110057e-02,7.927899530451918905e-03,-6.889419466468087823e-04,9.999683363827223115e-01,4.377042178675261130e-02,0.000000000000000000e+00,0.000000000000000000e+00,0.000000000000000000e+00,1.000000000000000056e-01
9.997742311905017942e-01,-1.942654969320346467e-02,-8.607892567783360926e-03,4.139646819156694413e+00,1.944349747766032158e-02,9.998091717648838195e-01,1.889566260627963947e-03,5.306275680888818819e-02,8.569542185975890375e-03,-2.056507192932500658e-03,9.999611661084085723e-01,6.350893612494207252e-02,0.000000000000000000e+00,0.000000000000000000e+00,0.000000000000000000e+00,1.000000000000000056e-01
9.997008488061486231e-01,-2.229050285039528567e-02,-1.006709386776447578e-02,4.927451395006015922e+00,2.233812543055376659e-02,9.997396910078275578e-01,4.643099807503017068e-03,8.452133341715083181e-02,9.960976283211837520e-03,-4.866590824191713641e-03,9.999385457343041850e-01,7.808418675514085250e-02,0.000000000000000000e+00,0.000000000000000000e+00,0.000000000000000000e+00,1.000000000000000056e-01
9.996422311836724584e-01,-2.473051380511299968e-02,-1.018878408173793000e-02,5.712503418231502650e+00,2.478406347940787652e-02,9.996794932661920985e-01,5.163423331290805003e-03,1.188509829913881599e-01,1.005782439585428852e-02,-5.414095490897143960e-03,9.999347617412035483e-01,8.788038549349903861e-02,0.000000000000000000e+00,0.000000000000000000e+00,0.000000000000000000e+00,1.000000000000000056e-01
9.996012551468428375e-01,-2.717425565330846421e-02,-7.674017106127921546e-03,6.523467608316364519e+00,2.721424646143803805e-02,9.996163279429793880e-01,5.155744304171561501e-03,1.483931805036663443e-01,7.530969286394554978e-03,-5.362531070541534661e-03,9.999572629678354918e-01,1.020071729095731045e-01,0.000000000000000000e+00,0.000000000000000000e+00,0.000000000000000000e+00,1.000000000000000056e-01
9.995698090335798369e-01,-2.866380768480699878e-02,-6.211521358019408620e-03,7.339770489884965166e+00,2.868936865799289263e-02,9.995801065377724060e-01,4.065801266822376657e-03,1.666022096575076605e-01,6.092371835213848674e-03,-4.242256822013345217e-03,9.999724427515378489e-01,1.223344896176275648e-01,0.000000000000000000e+00,0.000000000000000000e+00,0.000000000000000000e+00,1.000000000000000056e-01
9.995169571823951937e-01,-3.044623829138112456e-02,-6.235292996349638128e-03,8.158675352220742027e+00,3.047402872379960034e-02,9.995258236546024078e-01,4.411510050959299711e-03,2.016246169956367462e-01,6.098022481667816561e-03,-4.599393600586457534e-03,9.999708294246987261e-01,1.397786171890413598e-01,0.000000000000000000e+00,0.000000000000000000e+00,0.000000000000000000e+00,1.000000000000000056e-01
9.994466369237703374e-01,-3.204368537334179035e-02,-8.923125543182473460e-03,8.991014524590333679e+00,3.207639609645328294e-02,9.994791256553818837e-01,3.547138652036222785e-03,2.350303457185607958e-01,8.804814321071755337e-03,-3.831397505821419747e-03,9.999538967562073832e-01,1.549209278923680544e-01,0.000000000000000000e+00,0.000000000000000000e+00,0.000000000000000000e+00,1.000000000000000056e-01
9.994569675693976141e-01,-3.151366664282432423e-02,-9.625943678879270160e-03,9.708853712601420938e+00,3.155178813623831652e-02,9.994947633934845310e-01,3.834398832706498953e-03,3.482432221082456536e-01,9.500244333170898559e-03,-4.136032365355836286e-03,9.999463178560551446e-01,1.792227894354289364e-01,0.000000000000000000e+00,0.000000000000000000e+00,0.000000000000000000e+00,1.000000000000000056e-01
9.993604309923851403e-01,-3.436587482969560847e-02,-9.885120834058128830e-03,1.049296353958419736e+01,3.440509061718136086e-02,9.994006507477234402e-01,3.824790798263461196e-03,3.887886275282966819e-01,9.747753912454679148e-03,-4.162443058665838726e-03,9.999438261029693908e-01,1.912804336211283707e-01,0.000000000000000000e+00,0.000000000000000000e+00,0.000000000000000000e+00,1.000000000000000056e-01
9.993356383655956909e-01,-3.526349875065756118e-02,-9.206929362694541916e-03,1.130671998279444779e+01,3.531434706776364479e-02,9.993615570322545993e-01,5.419890888690488510e-03,4.273894810194692195e-01,9.009926947806364342e-03,-5.741426820063964646e-03,9.999429269885682370e-01,2.208671663317916534e-01,0.000000000000000000e+00,0.000000000000000000e+00,0.000000000000000000e+00,1.000000000000000056e-01
9.992268790034591897e-01,-3.745995699351660491e-02,-1.193297528071953460e-02,1.217659037304791170e+01,3.751646928265318925e-02,9.992856617168298650e-01,4.547616927702904932e-03,4.589535472672442440e-01,1.175409756510965679e-02,-4.991784170141648144e-03,9.999184583160911632e-01,2.347018844699150231e-01,0.000000000000000000e+00,0.000000000000000000e+00,0.000000000000000000e+00,1.000000000000000056e-01
9.992101527434652519e-01,-3.763969684615954547e-02,-1.274063874811758555e-02,1.305548474711539342e+01,3.776067685082998282e-02,9.992426738275298481e-01,9.392022453979071220e-03,5.132269635797317431e-01,1.237747705099955138e-02,-9.865699333451315514e-03,9.998747251723657525e-01,2.654003612754612940e-01,0.000000000000000000e+00,0.000000000000000000e+00,0.000000000000000000e+00,1.000000000000000056e-01
9.993336655944075053e-01,-3.360338399196902831e-02,-1.424911905814742197e-02,1.393547577895748901e+01,3.378781518404893464e-02,9.993456906886279967e-01,1.290635685069736575e-02,5.464750139805839568e-01,1.380609846167746291e-02,-1.337920350234908691e-02,9.998151771997207948e-01,2.882271364462253294e-01,0.000000000000000000e+00,0.000000000000000000e+00,0.000000000000000000e+00,1.000000000000000056e-01
9.984161999561133038e-01,-5.509026317260677652e-02,-1.140853052620234911e-02,1.494888038602166525e+01,5.525462949006039459e-02,9.983650889179155330e-01,1.463130718148057154e-02,6.488620649337536461e-01,1.058383603002774689e-02,-1.523850824377577691e-02,9.998278703263846490e-01,3.159378093707297941e-01,0.000000000000000000e+00,0.000000000000000000e+00,0.000000000000000000e+00,1.000000000000000056e-01
9.982812890579733089e-01,-5.773558174400097998e-02,-1.005338338236546995e-02,1.588262323933426146e+01,5.785455948542188309e-02,9.982531915932443267e-01,1.197561775647707633e-02,7.071594347899552435e-01,9.344402789842823007e-03,-1.253666919812630731e-02,9.998777495583737185e-01,3.269940853117881407e-01,0.000000000000000000e+00,0.000000000000000000e+00,0.000000000000000000e+00,1.000000000000000056e-01
9.982050519337446470e-01,-5.919715085036987567e-02,-9.075881508084023691e-03,1.678868666704014601e+01,5.931792979433293811e-02,9.981455079267490538e-01,1.367216919755680909e-02,7.732527554772170575e-01,8.249696895329967222e-03,-1.418599086601235112e-02,9.998653410156213006e-01,3.462646501346191008e-01,0.000000000000000000e+00,0.000000000000000000e+00,0.000000000000000000e+00,1.000000000000000056e-01
9.980837357743562732e-01,-6.128824157686942747e-02,-8.521022656944219134e-03,1.767004333497650137e+01,6.139558900981515605e-02,9.980292987934872295e-01,1.296535382926649639e-02,8.345011870455837366e-01,7.709606529695782820e-03,-1.346366199053973013e-02,9.998796386430527372e-01,3.697839722981569599e-01,0.000000000000000000e+00,0.000000000000000000e+00,0.000000000000000000e+00,1.000000000000000056e-01
9.979123500939773850e-01,-6.391179256797227537e-02,-9.285704101665681609e-03,1.857014302378415493e+01,6.404939958752839391e-02,9.978284231189021858e-01,1.536595029675040525e-02,8.949585193452599396e-01,8.283474053338103771e-03,-1.592861534451658206e-02,9.998388186456925730e-01,3.841951987714853356e-01,0.000000000000000000e+00,0.000000000000000000e+00,0.000000000000000000e+00,1.000000000000000056e-01
9.978407501660200296e-01,-6.517416432451175745e-02,-8.134224776579672758e-03,1.949525731092044367e+01,6.528137334887834653e-02,9.977729138340615256e-01,1.369506161982249164e-02,9.522489402257734437e-01,7.223544960664492545e-03,-1.419650392483713837e-02,9.998731317894852255e-01,4.128454839013564470e-01,0.000000000000000000e+00,0.000000000000000000e+00,0.000000000000000000e+00,1.000000000000000056e-01
9.977541481064717832e-01,-6.675317427821768346e-02,-5.538380639747949793e-03,2.042695420923724114e+01,6.683117961123379025e-02,9.976461441626184312e-01,1.535462370854435814e-02,1.028335932897228577e+00,4.500374217756524312e-03,-1.569027600910448406e-02,9.998667720604872411e-01,4.339384437677641371e-01,0.000000000000000000e+00,0.000000000000000000e+00,0.000000000000000000e+00,1.000000000000000056e-01
9.977896104242123254e-01,-6.641503576966735489e-02,-2.221790541968183402e-03,2.136298068566419062e+01,6.644282741580433138e-02,9.976524568029976336e-01,1.658089623441754909e-02,1.084980314110139510e+00,1.115353976194237776e-03,-1.669186803975783104e-02,9.998600589716798437e-01,4.440506096546409931e-01,0.000000000000000000e+00,0.000000000000000000e+00,0.000000000000000000e+00,1.000000000000000056e-01
9.977709516652123467e-01,-6.669947020286698391e-02,2.075737881634359509e-03,2.233102531933144519e+01,6.666065485057828810e-02,9.976610426986624036e-01,1.512616859319455831e-02,1.152145424359653836e+00,-3.079790250725770659e-03,-1.495408158579228375e-02,9.998834383746622034e-01,4.649075649313419989e-01,0.000000000000000000e+00,0.000000000000000000e+00,0.000000000000000000e+00,1.000000000000000056e-01
9.979508496165947484e-01,-6.378283503042699032e-02,5.084457197965669591e-03,2.330628114587182154e+01,6.369608889199347701e-02,9.978457238320638245e-01,1.570731326255347254e-02,1.223097306407844975e+00,-6.075360843593886721e-03,-1.535126657791008840e-02,9.998637050143754923e-01,4.718232474835867274e-01,0.000000000000000000e+00,0.000000000000000000e+00,0.000000000000000000e+00,1.000000000000000056e-01
9.979818224562607698e-01,-6.304218466730701631e-02,7.613474847506984146e-03,2.424974820554357180e+01,6.292220610612758724e-02,9.979044099528520118e-01,1.508590651529913458e-02,1.281477868222522964e+00,-8.548568629803554239e-03,-1.457640384400435592e-02,9.998572150189035668e-01,4.825178181689810386e-01,0.000000000000000000e+00,0.000000000000000000e+00,0.000000000000000000e+00,1.000000000000000056e-01
9.980886371596745521e-01,-6.141422128699328131e-02,6.882281340934140804e-03,2.519500351944289918e+01,6.129705366819911128e-02,9.979895800266095351e-01,1.610805295215594554e-02,1.334312383370319655e+00,-7.857708593570144132e-03,-1.565540104959831438e-02,9.998465706465341496e-01,4.908275088673063613e-01,0.000000000000000000e+00,0.000000000000000000e+00,0.000000000000000000e+00,1.000000000000000056e-01
9.981286286135284680e-01,-6.097358864207674117e-02,4.632734633430831556e-03,2.613646101334998306e+01,6.088401241420849513e-02,9.979915185006655864e-01,1.749474301274999907e-02,1.398650481594611028e+00,-5.690147135486524343e-03,-1.717994437832872853e-02,9.998362224568252410e-01,5.042640393728259340e-01,0.000000000000000000e+00,0.000000000000000000e+00,0.000000000000000000e+00,1.000000000000000056e-01
9.981267938816037466e-01,-6.108571170507091919e-02,3.382182892082369850e-03,2.709894348567672040e+01,6.100800436055045517e-02,9.979441550645374859e-01,1.963381716501878121e-02,1.437239629407717656e+00,-4.574575343525284603e-03,-1.939069874994945458e-02,9.998015173335230710e-01,5.186837712838975323e-01,0.000000000000000000e+00,0.000000000000000000e+00,0.000000000000000000e+00,1.000000000000000056e-01
9.980635073405408342e-01,-6.187216654728119880e-02,6.408613098306885705e-03,2.808247552427812010e+01,6.174324566229509592e-02,9.979174711973604062e-01,1.866794831123452097e-02,1.493469499417864110e+00,-7.550293383953425932e-03,-1.823610939347928422e-02,9.998051997184277395e-01,5.295531677877638455e-01,0.000000000000000000e+00,0.000000000000000000e+00,0.000000000000000000e+00,1.000000000000000056e-01
9.979666234492247101e-01,-6.217368383171934659e-02,1.403750405686996633e-02,2.909610545550613381e+01,6.194680607692158031e-02,9.979502820605620217e-01,1.605701566646125511e-02,1.541886956744502823e+00,-1.500705494830719203e-02,-1.515478716571471741e-02,9.997725344935919356e-01,5.338454410507283976e-01,0.000000000000000000e+00,0.000000000000000000e+00,0.000000000000000000e+00,1.000000000000000056e-01
9.976809204635329609e-01,-6.546243328004354434e-02,1.864003144024741279e-02,3.006388415544792991e+01,6.520996095303684126e-02,9.977755086850641497e-01,1.384540576382414442e-02,1.591689345290548063e+00,-1.950492080324791808e-02,-1.259778144426126553e-02,9.997303906389670702e-01,5.328341165921904876e-01,0.000000000000000000e+00,0.000000000000000000e+00,0.000000000000000000e+00,1.000000000000000056e-01
9.857819033231517425e-01,-1.507863317376302581e-01,7.414527120250845316e-02,3.017739704837575232e+01,1.492205753131284618e-01,9.884553336267173362e-01,2.625401546647583573e-02,1.407427743697390987e+00,-7.724803546889182082e-02,-1.481673331083176864e-02,9.969018033037118087e-01,4.535530581975769082e-01,0.000000000000000000e+00,0.000000000000000000e+00,0.000000000000000000e+00,1.000000000000000056e-01
9.631619872672183558e-01,-2.406734518824589775e-01,1.199803143955062434e-01,3.030850636564822409e+01,2.362780791158168858e-01,9.704075253920727562e-01,4.981871126166815406e-02,1.300790721385591597e+00,-1.284198411959872888e-01,-1.963477072479805768e-02,9.915255015206527744e-01,3.088450375691099148e-01,0.000000000000000000e+00,0.000000000000000000e+00,0.000000000000000000e+00,1.000000000000000056e-01
9.311756056364226541e-01,-3.304737789888568811e-01,1.539450319707192649e-01,3.045035537144490334e+01,3.225653865346124194e-01,9.436087280269850330e-01,7.452610147506340266e-02,1.306804380365264029e+00,-1.698927981917351671e-01,-1.973954893404533326e-02,9.852648310634368745e-01,1.099835136908628441e-01,0.000000000000000000e+00,0.000000000000000000e+00,0.000000000000000000e+00,1.000000000000000056e-01
8.896359741931356702e-01,-4.187208049908211493e-01,1.822655230406155513e-01,3.052705099369634567e+01,4.069898863733369399e-01,9.080024855274583251e-01,9.945209231472285083e-02,1.371255952849132820e+00,-2.071402080988833383e-01,-1.429593451987718616e-02,9.782068086273754126e-01,-1.223813093561389870e-01,0.000000000000000000e+00,0.000000000000000000e+00,0.000000000000000000e+00,1.000000000000000056e-01
8.438238895794447636e-01,-4.968941347850882040e-01,2.026264103990285115e-01,3.058074976085097418e+01,4.813591541467618362e-01,8.677857740027581368e-01,1.234553164410024384e-01,1.526268687693077997e+00,-2.371805390290926407e-01,-6.638467791036863075e-03,9.714429075613535414e-01,-3.827804463710390293e-01,0.000000000000000000e+00,0.000000000000000000e+00,0.000000000000000000e+00,1.000000000000000056e-01
7.974711829761746973e-01,-5.650729183908088649e-01,2.115001400091139350e-01,3.060174495665002325e+01,5.460350170478608378e-01,8.250408156433348683e-01,1.454421282851811048e-01,1.773263408432836474e+00,-2.566816559088765937e-01,-4.994235426544618717e-04,9.664958758815280770e-01,-6.861798189794031666e-01,0.000000000000000000e+00,0.000000000000000000e+00,0.000000000000000000e+00,1.000000000000000056e-01
7.522387057838549884e-01,-6.244414305220177264e-01,2.102613358852431780e-01,3.058159323066310620e+01,6.034532186957698441e-01,7.810483026751975366e-01,1.606479434474918644e-01,2.070175366264430661e+00,-2.645394911281607753e-01,6.037278841443144417e-03,9.643559554945696499e-01,-9.934054791472304302e-01,0.000000000000000000e+00,0.000000000000000000e+00,0.000000000000000000e+00,1.000000000000000056e-01
7.136753068478783879e-01,-6.709318932390523349e-01,2.012907127272582641e-01,3.053945439917914584e+01,6.492900064270018534e-01,7.414534661281271255e-01,1.693199489741538111e-01,2.436078636723280511e+00,-2.628498505793955276e-01,9.856581620780943687e-03,9.647864032256789901e-01,-1.317239651743122630e+00,0.000000000000000000e+00,0.000000000000000000e+00,0.000000000000000000e+00,1.000000000000000056e-01
6.851728865864472606e-01,-7.042450881820855324e-01,1.859488404325291000e-01,3.045133048964164502e+01,6.832032853192323563e-01,7.098896000394421257e-01,1.711432928421344757e-01,2.835420174222803347e+00,-2.525299713218275843e-01,9.778114708250643106e-03,9.675396643326563684e-01,-1.616377688116082512e+00,0.000000000000000000e+00,0.000000000000000000e+00,0.000000000000000000e+00,1.000000000000000056e-01
6.673144844042924184e-01,-7.267288441335399973e-01,1.629618544585278161e-01,3.033520199802922690e+01,7.075662080672373566e-01,6.869088235511645602e-01,1.658503220645233256e-01,3.269186926801176618e+00,-2.324681485829498129e-01,4.631979262052290935e-03,9.725929799574596357e-01,-1.922695898010252424e+00,0.000000000000000000e+00,0.000000000000000000e+00,0.000000000000000000e+00,1.000000000000000056e-01
6.602796255904376244e-01,-7.387662635614231643e-01,1.351118938274700476e-01,3.020137403096698847e+01,7.232561999500988215e-01,6.739595447115491744e-01,1.505954890624021381e-01,3.737221796806559304e+00,-2.023148172129128619e-01,-1.714618236014570085e-03,9.793190362800114901e-01,-2.189571044517605980e+00,0.000000000000000000e+00,0.000000000000000000e+00,0.000000000000000000e+00,1.000000000000000056e-01
6.677485090146345614e-01,-7.375926301695416853e-01,1.003446093634839664e-01,3.007481381332711834e+01,7.265447178049151411e-01,6.751316182674201860e-01,1.277891663850689308e-01,4.210652355998682594e+00,-1.620021658451172020e-01,-1.242617942861594382e-02,9.867121608282219958e-01,-2.422344045004312996e+00,0.000000000000000000e+00,0.000000000000000000e+00,0.000000000000000000e+00,1.000000000000000056e-01
6.869131985531711226e-01,-7.242977956796101680e-01,5.952277570064525708e-02,2.995521003582979702e+01,7.174883348003198158e-01,6.889174472193821952e-01,1.029720367002316672e-01,4.698654390023880190e+00,-1.155886978857181280e-01,-2.802595387114175524e-02,9.929017065302571110e-01,-2.624326166074551825e+00,0.000000000000000000e+00,0.000000000000000000e+00,0.000000000000000000e+00,1.000000000000000056e-01
7.137112620763028659e-01,-7.001689443594047990e-01,1.948547510551628531e-02,2.989550954583488718e+01,6.974134658944430853e-01,7.129356267886530762e-01,7.305648256363671267e-02,5.161193002599307356e+00,-6.504376968281871951e-02,-3.855180164541056886e-02,9.971374361718354784e-01,-2.778558303614366842e+00,0.000000000000000000e+00,0.000000000000000000e+00,0.000000000000000000e+00,1.000000000000000056e-01
7.463607741569562304e-01,-6.650915637078025355e-01,-2.447052685454621790e-02,2.981688446690238337e+01,6.654561114269654798e-01,7.451710978430090559e-01,4.345340842726309188e-02,5.587077691870716123e+00,-1.066576599832316785e-02,-4.871598119872595084e-02,9.987557231933714696e-01,-2.879988738293199457e+00,0.000000000000000000e+00,0.000000000000000000e+00,0.000000000000000000e+00,1.000000000000000056e-01
7.841401452812859496e-01,-6.165961253842955347e-01,-7.023852731455812459e-02,2.974593251078958644e+01,6.188710343824133098e-01,7.853543346629385802e-01,1.473810803919576792e-02,5.957626833642494901e+00,4.607467157436618416e-02,-5.502533223168422361e-02,9.974213439926513658e-01,-2.930775731125714767e+00,0.000000000000000000e+00,0.000000000000000000e+00,0.000000000000000000e+00,1.000000000000000056e-01
8.199675515930755498e-01,-5.592185375286997662e-01,-1.221795466463979629e-01,2.968051011640041281e+01,5.622565660692275813e-01,8.268859557799258519e-01,-1.127696971526679845e-02,6.241838675742781284e+00,1.073348417173917435e-01,-5.944950309448211734e-02,9.924439472007079432e-01,-2.924960662554226154e+00,0.000000000000000000e+00,0.000000000000000000e+00,0.000000000000000000e+00,1.000000000000000056e-01
8.552532087815943873e-01,-4.871348931660592352e-01,-1.767527785605606250e-01,2.966883226640374005e+01,4.892122473992508991e-01,8.714758614491292521e-01,-3.465833097643512828e-02,6.491333473679208765e+00,1.709190623171114309e-01,-5.682797525506333436e-02,9.836448827524337801e-01,-2.872887460946357496e+00,0.000000000000000000e+00,0.000000000000000000e+00,0.000000000000000000e+00,1.000000000000000056e-01
8.847672196869695860e-01,-4.081179909943107309e-01,-2.250037164007685497e-01,2.968715637033345445e+01,4.076923017228390456e-01,9.117185809487321491e-01,-5.055903745883268824e-02,6.677533019620439880e+00,2.257741218194045940e-01,-4.699930403312150423e-02,9.730452771259304745e-01,-2.760247137444774346e+00,0.000000000000000000e+00,0.000000000000000000e+00,0.000000000000000000e+00,1.000000000000000056e-01
9.080274542972097684e-01,-3.228820605110494513e-01,-2.668957048037070567e-01,2.974975868157304504e+01,3.186367315476881790e-01,9.459552121883151310e-01,-6.032718990941130649e-02,6.794996384355465935e+00,2.719499504525327849e-01,-3.026403036442280176e-02,9.618353876391564361e-01,-2.591470107564975311e+00,0.000000000000000000e+00,0.000000000000000000e+00,0.000000000000000000e+00,1.000000000000000056e-01
9.237780786865364968e-01,-2.356209863911963298e-01,-3.018556146740538626e-01,2.986569445373127607e+01,2.268995960809366275e-01,9.718014165834134577e-01,-6.417616399239403635e-02,6.847642210980669830e+00,3.084649650065935944e-01,-9.206383573939817822e-03,9.511911521166345196e-01,-2.366869707995047367e+00,0.000000000000000000e+00,0.000000000000000000e+00,0.000000000000000000e+00,1.000000000000000056e-01
9.320354753243904611e-01,-1.470261410297334093e-01,-3.311996174374942092e-01,2.992747544466028131e+01,1.336367034487867811e-01,9.890272211255293211e-01,-6.297926138066678448e-02,6.794015283978984243e+00,3.368250350377456903e-01,1.443848075866272646e-02,9.414565449585037271e-01,-2.135885201965216584e+00,0.000000000000000000e+00,0.000000000000000000e+00,0.000000000000000000e+00,1.000000000000000056e-01
9.323427641224355522e-01,-6.762056472585935285e-02,-3.551963251705913538e-01,3.001645232659137008e+01,4.973838424712789114e-02,9.970033877023998237e-01,-5.924810581295554546e-02,6.643595339985056469e+00,3.581383298685322791e-01,3.757265143816686248e-02,9.329122319612302983e-01,-1.869929063614693021e+00,0.000000000000000000e+00,0.000000000000000000e+00,0.000000000000000000e+00,1.000000000000000056e-01
9.292624106047596699e-01,7.257746017174899339e-03,-3.693490183549718031e-01,3.014479704982495178e+01,-2.837492413783642906e-02,9.982556385234653273e-01,-5.177396871286307767e-02,6.414478006596048942e+00,3.683289778407383697e-01,5.859185334889722985e-02,9.278473790467579585e-01,-1.565769070358941528e+00,0.000000000000000000e+00,0.000000000000000000e+00,0.000000000000000000e+00,1.000000000000000056e-01
9.256404914362783565e-01,6.701528255082116192e-02,-3.724226530680412872e-01,3.025483466131526811e+01,-9.077956994880397035e-02,9.947790047679383463e-01,-4.662404264776152940e-02,6.126483410652880046e+00,3.673537127803600533e-01,7.696547003392939512e-02,9.268913453738475416e-01,-1.280785782494954006e+00,0.000000000000000000e+00,0.000000000000000000e+00,0.000000000000000000e+00,1.000000000000000056e-01
9.234915100784437669e-01,1.177020123857617784e-01,-3.651159638982903743e-01,3.034540482529702032e+01,-1.426706211203125907e-01,9.888754916815323259e-01,-4.207559649906322807e-02,5.768510709340310072e+00,3.561018459404274861e-01,9.094777749868188099e-02,9.300107403067291445e-01,-9.921263809340112871e-01,0.000000000000000000e+00,0.000000000000000000e+00,0.000000000000000000e+00,1.000000000000000056e-01
9.240240524575223935e-01,1.555820732481282276e-01,-3.492474322937706988e-01,3.042637750187884293e+01,-1.789907792648529061e-01,9.832075883503156311e-01,-3.556879458903468294e-02,5.375575203185538165e+00,3.378488588379995883e-01,9.537849177969996706e-02,9.363552167247700675e-01,-7.070379515584541696e-01,0.000000000000000000e+00,0.000000000000000000e+00,0.000000000000000000e+00,1.000000000000000056e-01
9.274196854918193011e-01,1.812789660859781271e-01,-3.271554117190388355e-01,3.051819592055339925e+01,-2.028755569085294586e-01,9.786539321245995016e-01,-3.283275112008962604e-02,4.936089377760485952e+00,3.142200429178715337e-01,9.682157606576394238e-02,9.443999931368235456e-01,-4.544679384014234103e-01,0.000000000000000000e+00,0.000000000000000000e+00,0.000000000000000000e+00,1.000000000000000056e-01
9.329156920826295885e-01,1.953168130105559785e-01,-3.025221545959695391e-01,3.053910955323077658e+01,-2.138871919597513105e-01,9.764225082528930066e-01,-2.917797958566727828e-02,4.501411484897518633e+00,2.896904910099064034e-01,9.192620917088131782e-02,9.526956447291604624e-01,-2.390744501739722749e-01,0.000000000000000000e+00,0.000000000000000000e+00,0.000000000000000000e+00,1.000000000000000056e-01
9.420114157738770366e-01,1.925803872810698536e-01,-2.748222825506856370e-01,3.058918060688834117e+01,-2.077016250126943464e-01,9.778268465344345239e-01,-2.673374578336620497e-02,4.066574937964410275e+00,2.635802107874979372e-01,8.226452838980294335e-02,9.611233114694603952e-01,-4.931835812234101890e-02,0.000000000000000000e+00,0.000000000000000000e+00,0.000000000000000000e+00,1.000000000000000056e-01
9.549712567629662363e-01,1.787821903802634116e-01,-2.367843473699140500e-01,3.068925747693095829e+01,-1.898230680232698975e-01,9.815128647661365280e-01,-2.448875547684815218e-02,3.625874993652556721e+00,2.280287297749867825e-01,6.833318887193140512e-02,9.712535578806386072e-01,1.414928694933627606e-01,0.000000000000000000e+00,0.000000000000000000e+00,0.000000000000000000e+00,1.000000000000000056e-01
9.700449715839815079e-01,1.499588903131716944e-01,-1.911153691377925345e-01,3.077055363015674061e+01,-1.568697887948445058e-01,9.873858721769385172e-01,-2.147111522132305259e-02,3.219126165985808363e+00,1.854848308301609849e-01,5.080817494683896596e-02,9.813327197696395388e-01,2.666180226313043522e-01,0.000000000000000000e+00,0.000000000000000000e+00,0.000000000000000000e+00,1.000000000000000056e-01
9.843801501510639484e-01,1.052051434636677996e-01,-1.411651436345311705e-01,3.089282735075976305e+01,-1.088808316502792584e-01,9.938817078997215226e-01,-1.855034235468780435e-02,2.835777177466041632e+00,1.383498626226722650e-01,3.363076703142010154e-02,9.898122483689348883e-01,3.731246791818452757e-01,0.000000000000000000e+00,0.000000000000000000e+00,0.000000000000000000e+00,1.000000000000000056e-01
9.947826049042737262e-01,4.906639578760124687e-02,-8.944304212336533222e-02,3.097391294138538598e+01,-5.044311412458574173e-02,9.986397554609121041e-01,-1.319587247527444218e-02,2.501708775807332419e+00,8.867390381212307549e-02,1.763880997641716075e-02,9.959045191007691589e-01,4.232078875158831743e-01,0.000000000000000000e+00,0.000000000000000000e+00,0.000000000000000000e+00,1.000000000000000056e-01
