1.000000000000000000e+00,-1.105732840080058925e-12,-3.234804512000503058e-13,-2.773392375965257866e-20,1.105732840080046404e-12,1.000000000000000000e+00,-3.829100053124850323e-14,2.979055838026655184e-19,3.234804512000926140e-13,3.829100053089081476e-14,1.000000000000000000e+00,9.850285040995078138e-20,0.000000000000000000e+00,0.000000000000000000e+00,0.000000000000000000e+00,1.000000000000000056e-01
9.999920428055278920e-01,-3.985070059700010839e-03,-1.831454248423752644e-04,6.556251458507279528e-01,3.984516894530554243e-03,9.999877765879765512e-01,-2.927507429923501079e-03,7.032243563560042904e-03,1.948095083889247060e-04,2.926754389138122494e-03,9.999956980697471964e-01,2.039108618044413804e-03,0.000000000000000000e+00,0.000000000000000000e+00,0.000000000000000000e+00,1.000000000000000056e-01
9.999535832548410719e-01,-9.341894045582709374e-03,-2.358039746232662177e-03,1.325919160565831811e+00,9.338613442643533755e-03,9.999554163395757422e-01,-1.398439170884274848e-03,9.435362424901380662e-03,2.370998686752942303e-03,1.376353438217203492e-03,9.999962420011589970e-01,6.225270128299137569e-03,0.000000000000000000e+00,0.000000000000000000e+00,0.000000000000000000e+00,1.000000000000000056e-01
9.998859439973990515e-01,-1.492483743956462237e-02,-2.312622717335568404e-03,2.043405570978453767e+00,1.492312831157664547e-02,9.998883592191560865e-01,-7.545458369393156150e-04,3.347931097201117443e-04,2.323626008286627537e-03,7.199482109103094935e-04,9.999970412139963516e-01,4.948242708939814237e-03,0.000000000000000000e+00,0.000000000000000000e+00,0.000000000000000000e+00,1.000000000000000056e-01
9.997912506954126366e-01,-1.996013900610714778e-02,-4.364388131169055947e-03,2.738281481245419258e+00,1.996138602854124686e-02,9.998007223114675490e-01,2.423495147945129466e-04,8.612334234367392816e-03,4.358681075987057459e-03,-3.294181607664817203e-04,9.999904466458433561e-01,1.027008504800120715e-02,0.000000000000000000e+00,0.000000000000000000e+00,0.000000000000000000e+00,1.000000000000000056e-01
9.996854191596041828e-01,-2.430103701640582564e-02,-6.206635128131112768e-03,3.444249968460688205e+00,2.430071307785167112e-02,9.997046859243844397e-01,-1.276116602713725382e-04,1.028171662763521788e-02,6.207903317095545860e-03,-2.325414333958921267e-05,9.999807305121686252e-01,2.509747962858912065e-02,0.000000000000000000e+00,0.000000000000000000e+00,0.000000000000000000e+00,1.000000000000000056e-01
9.995196506129425673e-01,-3.000306922729895770e-02,-7.764269155759728758e-03,4.165172161411903495e+00,3.000443655201402021e-02,9.995497637578735217e-01,5.965547306097195685e-05,4.503053369107760939e-02,7.758983553104144629e-03,-2.925893388478047414e-04,9.999698558285151639e-01,4.345053788238574521e-02,0.000000000000000000e+00,0.000000000000000000e+00,0.000000000000000000e+00,1.000000000000000056e-01
9.993678080353753934e-01,-3.450334082524368629e-02,-8.573431895469878217e-03,4.933997436269955905e+00,3.453278909847617983e-02,9.993980813064686775e-01,3.310824373067330038e-03,7.330093275960340715e-02,8.454036884787810568e-03,-3.604795811998803313e-03,9.999577664619163642e-01,5.546651410272902122e-02,0.000000000000000000e+00,0.000000000000000000e+00,0.000000000000000000e+00,1.000000000000000056e-01
9.992707564204752479e-01,-3.752927974422629043e-02,-7.036229439895121812e-03,5.704674948862323625e+00,3.755757054167328801e-02,9.992867273335692690e-01,3.932616174002764343e-03,1.090256057119201732e-01,6.883622437240090319e-03,-4.194012022443397401e-03,9.999675124749288768e-01,6.072418307338787319e-02,0.000000000000000000e+00,0.000000000000000000e+00,0.000000000000000000e+00,1.000000000000000056e-01
9.990772557975473589e-01,-4.263004402677006421e-02,-5.226499241146799479e-03,6.498387792575261557e+00,4.265114719845926328e-02,9.990820385230129164e-01,3.994989781750780435e-03,1.633295596201459476e-01,5.051394925901392732e-03,-4.214219616557600932e-03,9.999783616470538927e-01,7.187486350632009413e-02,0.000000000000000000e+00,0.000000000000000000e+00,0.000000000000000000e+00,1.000000000000000056e-01
9.988433684816463431e-01,-4.796014806654075313e-02,-3.427745275489292240e-03,7.323917681231536747e+00,4.796940876039149093e-02,9.988452299937004009e-01,2.672516044908939629e-03,1.979776852072427928e-01,3.295612752831883485e-03,-2.833851842864538225e-03,9.999905540655451563e-01,9.221338219295870109e-02,0.000000000000000000e+00,0.000000000000000000e+00,0.000000000000000000e+00,1.000000000000000056e-01
9.987644099839519951e-01,-4.961006404246520035e-02,-2.914600334663563184e-03,8.140520200468419176e+00,4.961923400607628348e-02,9.987631988630318869e-01,3.162943808237872120e-03,2.446476387599149649e-01,2.754081708766444210e-03,-3.303655942486952157e-03,9.999907504029000860e-01,1.071975607644653911e-01,0.000000000000000000e+00,0.000000000000000000e+00,0.000000000000000000e+00,1.000000000000000056e-01
9.986084847702672018e-01,-5.260666622863113817e-02,-3.692263958645222114e-03,8.987903338293877553e+00,5.261879864983054489e-02,9.986093194026042230e-01,3.269438929871748990e-03,2.951399318568255770e-01,3.515134916258814534e-03,-3.459171949610130147e-03,9.999878389040256499e-01,1.161265665905407557e-01,0.000000000000000000e+00,0.000000000000000000e+00,0.000000000000000000e+00,1.000000000000000056e-01
9.986191917620889091e-01,-5.241983804744798636e-02,-3.445348097300321866e-03,9.668654464175270746e+00,5.243750434989020992e-02,9.986103835904874826e-01,5.254514517502935529e-03,3.771495647599381051e-01,3.165119585022362677e-03,-5.427924496410015294e-03,9.999802596319957715e-01,1.339613491968542902e-01,0.000000000000000000e+00,0.000000000000000000e+00,0.000000000000000000e+00,1.000000000000000056e-01
9.983569197523014527e-01,-5.716835072637670850e-02,-3.903902908963091754e-03,1.042329650472522928e+01,5.718959363284253222e-02,9.983478215817764845e-01,5.565745505468263146e-03,4.407614733896073056e-01,3.579268473719698484e-03,-5.779863159910181986e-03,9.999768907425039544e-01,1.407895482645057650e-01,0.000000000000000000e+00,0.000000000000000000e+00,0.000000000000000000e+00,1.000000000000000056e-01
9.982167949836334708e-01,-5.952608440560992753e-02,-4.458193349203507308e-03,1.125049959933952515e+01,5.954410387047164022e-02,9.982175633732496278e-01,4.024408954725170601e-03,4.916324017272586389e-01,4.210689594967089583e-03,-4.282691736348813449e-03,9.999819641596673359e-01,1.621158162459426233e-01,0.000000000000000000e+00,0.000000000000000000e+00,0.000000000000000000e+00,1.000000000000000056e-01
9.980146702341756715e-01,-6.273125975176499503e-02,-5.613113870764816458e-03,1.214233721569148194e+01,6.275814601669135739e-02,9.980174650829349847e-01,4.749157607450389847e-03,5.560692536683482512e-01,5.304065037047522337e-03,-5.091997583399502335e-03,9.999729688620054846e-01,1.753187629597076913e-01,0.000000000000000000e+00,0.000000000000000000e+00,0.000000000000000000e+00,1.000000000000000056e-01
9.978762260045326293e-01,-6.473734966395658375e-02,-7.218942681407060011e-03,1.304138618647556314e+01,6.478810741582877175e-02,9.978742529392057303e-01,7.033950419007120418e-03,6.337101555141890774e-01,6.748237727425819912e-03,-7.486713531893537769e-03,9.999492039139116217e-01,1.886240317062856109e-01,0.000000000000000000e+00,0.000000000000000000e+00,0.000000000000000000e+00,1.000000000000000056e-01
9.980224082950585052e-01,-6.196241608042638710e-02,-1.057977005456940851e-02,1.391673270825687148e+01,6.206919294239632984e-02,9.980209337176395579e-01,1.008122754680731287e-02,6.962262197064202907e-01,9.934174772522551614e-03,-1.071796878363837427e-02,9.998932129566346916e-01,1.946730178687505475e-01,0.000000000000000000e+00,0.000000000000000000e+00,0.000000000000000000e+00,1.000000000000000056e-01
9.970369163631308540e-01,-7.653960433417948683e-02,-7.686115889480542480e-03,1.488514867206995085e+01,7.661199650582804777e-02,9.970146453835926348e-01,9.612433719924437861e-03,7.835157500828775490e-01,6.927438234316097947e-03,-1.017279995852671433e-02,9.999242595019451896e-01,2.068965998771964965e-01,0.000000000000000000e+00,0.000000000000000000e+00,0.000000000000000000e+00,1.000000000000000056e-01
9.966720067109602343e-01,-8.120918396414116003e-02,-7.069616582668580840e-03,1.584679070479065466e+01,8.126293246547529325e-02,9.966631122443551094e-01,7.679615778639802687e-03,8.794020735423517809e-01,6.422370735115289983e-03,-8.228555843780287204e-03,9.999455205274268010e-01,2.182755712735119646e-01,0.000000000000000000e+00,0.000000000000000000e+00,0.000000000000000000e+00,1.000000000000000056e-01
9.965344985801248834e-01,-8.293606485070528778e-02,-6.371992368064175426e-03,1.675518562248399945e+01,8.298393109046509064e-02,9.965214811850213739e-01,7.655371812265629981e-03,9.720824975866264595e-01,5.714920859644641131e-03,-8.157615085960958842e-03,9.999503952675239393e-01,2.371436721088678590e-01,0.000000000000000000e+00,0.000000000000000000e+00,0.000000000000000000e+00,1.000000000000000056e-01
9.963172613600538297e-01,-8.557430812173862089e-02,-5.380753245407652804e-03,1.764714203729171871e+01,8.561712091451766093e-02,9.962934961416898272e-01,8.305308668405928657e-03,1.060601482320728151e+00,4.650088419706618556e-03,-8.735406988479361978e-03,9.999510334723568095e-01,2.600182847682839804e-01,0.000000000000000000e+00,0.000000000000000000e+00,0.000000000000000000e+00,1.000000000000000056e-01
9.962634916110774119e-01,-8.618546475521507433e-02,-5.578615225334273252e-03,1.855632235815441788e+01,8.622648471987068297e-02,9.962466849859813456e-01,7.585248004966406790e-03,1.144757075465246299e+00,4.903938800459996077e-03,-8.037930042649115564e-03,9.999556705498853226e-01,2.637331761761995130e-01,0.000000000000000000e+00,0.000000000000000000e+00,0.000000000000000000e+00,1.000000000000000056e-01
9.960681536769714350e-01,-8.839898925856436163e-02,-5.818241023998056184e-03,1.949417371559939838e+01,8.842566457938226543e-02,9.960726186687800521e-01,4.498908980382985978e-03,1.229753939561875731e+00,5.397691566187734317e-03,-4.995701790880879845e-03,9.999729535789320112e-01,2.815515779052168988e-01,0.000000000000000000e+00,0.000000000000000000e+00,0.000000000000000000e+00,1.000000000000000056e-01
9.959265406834899581e-01,-9.007561545846592965e-02,-4.087671952995676483e-03,2.042571521047080196e+01,9.008598326117842059e-02,9.959310343952648692e-01,2.427003964656278961e-03,1.312991718029289601e+00,3.852425480578945596e-03,-2.785359609880000073e-03,9.999887002310376971e-01,2.998161246673163305e-01,0.000000000000000000e+00,0.000000000000000000e+00,0.000000000000000000e+00,1.000000000000000056e-01
9.960343826890468710e-01,-8.896864246598332193e-02,2.985950591738624482e-04,2.134856004274010388e+01,8.896746827333620877e-02,9.960306139329074826e-01,2.793867833023776052e-03,1.408651740746375447e+00,-5.459764484397790088e-04,-2.756223175926996415e-03,9.999960525639699505e-01,3.076437735264023754e-01,0.000000000000000000e+00,0.000000000000000000e+00,0.000000000000000000e+00,1.000000000000000056e-01
9.959185668035182015e-01,-9.020950434954964903e-02,2.907511140962509236e-03,2.229741838333317006e+01,9.020758232195853765e-02,9.959226749994598560e-01,7.858203022394031094e-04,1.501912111336487499e+00,-2.966544733070943570e-03,-5.203334785709867608e-04,9.999954644224231526e-01,3.173798252807976672e-01,0.000000000000000000e+00,0.000000000000000000e+00,0.000000000000000000e+00,1.000000000000000056e-01
9.959804141663616273e-01,-8.932628687900143194e-02,6.620352665314791461e-03,2.327497002397934267e+01,8.932391728168093126e-02,9.960024151321673624e-01,6.533393797169997734e-04,1.595276928494534507e+00,-6.652247624542163666e-03,-5.935739214959692830e-05,9.999778717942920947e-01,3.286893559845043833e-01,0.000000000000000000e+00,0.000000000000000000e+00,0.000000000000000000e+00,1.000000000000000056e-01
9.961594678584594353e-01,-8.719511306231080006e-02,7.957817163133880378e-03,2.420776953817641086e+01,8.720790981530089636e-02,9.961893169772506607e-01,-1.274835693400271867e-03,1.690499833251571937e+00,-7.816333001950274972e-03,1.963924247433817931e-03,9.999675234426130821e-01,3.395586762769977063e-01,0.000000000000000000e+00,0.000000000000000000e+00,0.000000000000000000e+00,1.000000000000000056e-01
9.962101577107347339e-01,-8.679103843226838866e-02,5.712908348775104332e-03,2.516501826871351000e+01,8.680843725606134098e-02,9.962208854078058451e-01,-2.871010004820951159e-03,1.768857471238662438e+00,-5.442140673802538763e-03,3.356057975636049344e-03,9.999795597809740810e-01,3.450111576566777805e-01,0.000000000000000000e+00,0.000000000000000000e+00,0.000000000000000000e+00,1.000000000000000056e-01
9.965026936021699200e-01,-8.355733512417022613e-02,7.439022563984568895e-04,2.610851745617601694e+01,8.355969807450090714e-02,9.964943096663242406e-01,-4.107025728456262584e-03,1.868941906835826838e+00,-3.981222402927919518e-04,4.154822449041674359e-03,9.999912894366124183e-01,3.475892186973640330e-01,0.000000000000000000e+00,0.000000000000000000e+00,0.000000000000000000e+00,1.000000000000000056e-01
9.965339374712341991e-01,-8.317960437108112837e-02,-1.124670951311411296e-03,2.706230664191614110e+01,8.317278170862821285e-02,9.965218334325989247e-01,-5.150133491510158409e-03,1.953727442898026689e+00,1.549145224691302709e-03,5.038740795269634754e-03,9.999861055236072271e-01,3.565589709692858489e-01,0.000000000000000000e+00,0.000000000000000000e+00,0.000000000000000000e+00,1.000000000000000056e-01
9.966219614435143370e-01,-8.210062543501381316e-02,2.037957718323820527e-03,2.804118894731393752e+01,8.211368912373787077e-02,9.965949115488281773e-01,-7.478257382140493167e-03,2.034383035215524771e+00,-1.417048683795436035e-03,7.620339766898064429e-03,9.999699607462539941e-01,3.642433479439916022e-01,0.000000000000000000e+00,0.000000000000000000e+00,0.000000000000000000e+00,1.000000000000000056e-01
9.966228151771160393e-01,-8.173262702099649835e-02,7.920981548189541185e-03,2.904253271897300337e+01,8.180241590226640380e-02,9.966085789039158538e-01,-8.927777308493299938e-03,2.110224163539804021e+00,-7.164427471383718639e-03,9.545581981424145976e-03,9.999287738852419283e-01,3.822218791053105247e-01,0.000000000000000000e+00,0.000000000000000000e+00,0.000000000000000000e+00,1.000000000000000056e-01
9.967590427525139241e-01,-7.979481595310310149e-02,1.020774402610246517e-02,2.998440857748507327e+01,7.990740343621684227e-02,9.967400103950272428e-01,-1.114264572723569491e-02,2.179774340319522885e+00,-9.285341521651745145e-03,1.192220720887724253e-02,9.998858151849614462e-01,3.873371650361729923e-01,0.000000000000000000e+00,0.000000000000000000e+00,0.000000000000000000e+00,1.000000000000000056e-01
9.966498247137121069e-01,-8.126169566811068667e-02,9.255469478655789159e-03,3.088836998779688514e+01,8.142542466519910038e-02,9.964992132067990172e-01,-1.895305506567251941e-02,2.243356703104941285e+00,-7.682910660612413990e-03,1.964318954176718507e-02,9.997775342486984185e-01,3.993770203394753637e-01,0.000000000000000000e+00,0.000000000000000000e+00,0.000000000000000000e+00,1.000000000000000056e-01
9.966562824717578595e-01,-8.138507824328240770e-02,7.261105212728907743e-03,3.182331067589702300e+01,8.153207736370678138e-02,9.964056058966831442e-01,-2.298671134421570797e-02,2.319809655389485137e+00,-5.364230637663967849e-03,2.350186326652764154e-02,9.997094015025903557e-01,4.078702353293269245e-01,0.000000000000000000e+00,0.000000000000000000e+00,0.000000000000000000e+00,1.000000000000000056e-01
9.968341518554875158e-01,-7.942737050267430210e-02,3.600903995070482526e-03,3.279188764722481153e+01,7.949249739414367133e-02,9.965266000887816888e-01,-2.481286306606854050e-02,2.387169631336503617e+00,-1.617576147472949777e-03,2.502055416101548954e-02,9.996856282436408225e-01,4.076589075987257504e-01,0.000000000000000000e+00,0.000000000000000000e+00,0.000000000000000000e+00,1.000000000000000056e-01
9.966942751988940863e-01,-8.113452456032786697e-02,4.208409452609393302e-03,3.373774752985213610e+01,8.121552075462228071e-02,9.963739011167550563e-01,-2.535918693362187309e-02,2.464575833847590047e+00,-2.135643768697160182e-03,2.561714460568186719e-02,9.996695458640043608e-01,4.101586767982430271e-01,0.000000000000000000e+00,0.000000000000000000e+00,0.000000000000000000e+00,1.000000000000000056e-01
9.966782925233301782e-01,-8.126624939975735096e-02,5.308287979707299736e-03,3.469962189929881191e+01,8.137712240301647748e-02,9.963471383811698390e-01,-2.588713559006734777e-02,2.553579642424978147e+00,-3.185147121176781435e-03,2.623311929890335958e-02,9.996507781668886317e-01,4.266074153162124905e-01,0.000000000000000000e+00,0.000000000000000000e+00,0.000000000000000000e+00,1.000000000000000056e-01
9.966172388208697219e-01,-8.198184537056872612e-02,5.749462122814878381e-03,3.567154836215582492e+01,8.209938258111466880e-02,9.963202951717837763e-01,-2.460814516799980992e-02,2.634277789401898495e+00,-3.710884647262442226e-03,2.499692898029170704e-02,9.996806404430811366e-01,4.294220574053524975e-01,0.000000000000000000e+00,0.000000000000000000e+00,0.000000000000000000e+00,1.000000000000000056e-01
9.966921192539286434e-01,-8.113906211352173159e-02,4.612159629765615748e-03,3.663460293237045562e+01,8.122517407883864116e-02,9.964219452909564012e-01,-2.336189286955863906e-02,2.710349795714153576e+00,-2.700094993650913391e-03,2.365923798275075193e-02,9.997164347679300400e-01,4.468057294312763328e-01,0.000000000000000000e+00,0.000000000000000000e+00,0.000000000000000000e+00,1.000000000000000056e-01
9.965094640402504256e-01,-8.320672583080107598e-02,6.747507297575661839e-03,3.762580079633161745e+01,8.334079001648503349e-02,9.962579214514227788e-01,-2.290123718751396406e-02,2.805571801982164715e+00,-4.816720631413416373e-03,2.338364218441014650e-02,9.997149616168352626e-01,4.589462603075230018e-01,0.000000000000000000e+00,0.000000000000000000e+00,0.000000000000000000e+00,1.000000000000000056e-01
9.966648608921749863e-01,-8.100938936767683451e-02,9.830254170554433499e-03,3.861153305791244605e+01,8.121444426392228355e-02,9.964392795381298296e-01,-2.264897870622431184e-02,2.891113796460281105e+00,-7.960471448591207796e-03,2.337179984102356542e-02,9.996951484660248077e-01,4.820923566152616746e-01,0.000000000000000000e+00,0.000000000000000000e+00,0.000000000000000000e+00,1.000000000000000056e-01
9.967070415290317786e-01,-8.028356811605645571e-02,1.138516829033928493e-02,3.960403953057927140e+01,8.047617341027644977e-02,9.966009691085776501e-01,-1.760948281701940621e-02,2.977816432120722112e+00,-9.932717638387676684e-03,1.846773029904626162e-02,9.997801178548799683e-01,4.877812470378143916e-01,0.000000000000000000e+00,0.000000000000000000e+00,0.000000000000000000e+00,1.000000000000000056e-01
9.965787717533981516e-01,-8.207225991019481692e-02,9.741449775156113891e-03,4.059991745672184749e+01,8.224732658436698096e-02,9.964272466107758630e-01,-1.918644003958652408e-02,3.058437743895353833e+00,-8.131971483775654944e-03,1.992200705003383324e-02,9.997684655333380910e-01,5.026075321396383799e-01,0.000000000000000000e+00,0.000000000000000000e+00,0.000000000000000000e+00,1.000000000000000056e-01
9.965658491995340595e-01,-8.237576957238253172e-02,8.410754815667151330e-03,4.160623466987632213e+01,8.249574568359961668e-02,9.964772701130936161e-01,-1.508317248006717237e-02,3.135878754794617418e+00,-7.138638057668043185e-03,1.572522608150157125e-02,9.998508674354227299e-01,5.285024973112082414e-01,0.000000000000000000e+00,0.000000000000000000e+00,0.000000000000000000e+00,1.000000000000000056e-01
9.964887963676893889e-01,-8.347107737445275122e-02,6.531305812918036108e-03,4.263096135568869727e+01,8.355470664358660704e-02,9.964076885730418498e-01,-1.379598311945255673e-02,3.194311239141428338e+00,-5.356277753992864238e-03,1.429326395461015878e-02,9.998834996609085035e-01,5.340209033946590189e-01,0.000000000000000000e+00,0.000000000000000000e+00,0.000000000000000000e+00,1.000000000000000056e-01
9.965617803818968001e-01,-8.243210054777976026e-02,8.340664322748804482e-03,4.365052017462366507e+01,8.254797506001400331e-02,9.964792514797005119e-01,-1.466059971307997339e-02,3.281313995588497789e+00,-7.102794911536812125e-03,1.529869830203152078e-02,9.998577399483928874e-01,5.473263903815233089e-01,0.000000000000000000e+00,0.000000000000000000e+00,0.000000000000000000e+00,1.000000000000000056e-01
9.966513709633704199e-01,-8.127111840295209166e-02,9.002781257336115589e-03,4.464124971684129406e+01,8.141959930967074266e-02,9.965248656990006726e-01,-1.757955892055661565e-02,3.369260592592929093e+00,-7.542784968880123127e-03,1.825369434174902231e-02,9.998049354938148836e-01,5.656115460350608082e-01,0.000000000000000000e+00,0.000000000000000000e+00,0.000000000000000000e+00,1.000000000000000056e-01
9.964982483889049947e-01,-8.299237935597288118e-02,1.017378625087598902e-02,4.562233279387000806e+01,8.315189468340848655e-02,9.964017402711179416e-01,-1.641141051972821660e-02,3.463011629709049632e+00,-8.775156317899318950e-03,1.719991143936476855e-02,9.998135624595589910e-01,5.769578793794343241e-01,0.000000000000000000e+00,0.000000000000000000e+00,0.000000000000000000e+00,1.000000000000000056e-01
9.958534615262288892e-01,-9.055015971892539650e-02,8.749385184387495004e-03,4.653463392785305075e+01,9.067824792177860138e-02,9.957586776376970983e-01,-1.555992490538831569e-02,3.534847536697167225e+00,-7.303322535951154229e-03,1.628878399703215935e-02,9.998406558026303736e-01,5.882765848275328668e-01,0.000000000000000000e+00,0.000000000000000000e+00,0.000000000000000000e+00,1.000000000000000056e-01
9.960761195388132538e-01,-8.841416027711448966e-02,3.911565798065223809e-03,4.748219017581822499e+01,8.846443592600997108e-02,9.959597834620470547e-01,-1.543221638408536454e-02,3.631077603634962792e+00,-2.531335772424953869e-03,1.571769667365635961e-02,9.998732651443792419e-01,5.875070190447228002e-01,0.000000000000000000e+00,0.000000000000000000e+00,0.000000000000000000e+00,1.000000000000000056e-01
9.962354620723100629e-01,-8.665492472849495309e-02,2.414151998068127074e-03,4.843199148600124460e+01,8.668435028040916146e-02,9.960748791184936834e-01,-1.790694294237486078e-02,3.722353449265184633e+00,-8.529513668604327787e-04,1.804880077393000021e-02,9.998367433059203169e-01,5.918656680759027955e-01,0.000000000000000000e+00,0.000000000000000000e+00,0.000000000000000000e+00,1.000000000000000056e-01
9.963929253393893903e-01,-8.475691916154290406e-02,4.171688849582705187e-03,4.940486439055482748e+01,8.481845279787433856e-02,9.962358230126455716e-01,-1.788896339343157629e-02,3.828655212634626270e+00,-2.639772450195822760e-03,1.817827276064628780e-02,9.998312767666606149e-01,6.039644957411592907e-01,0.000000000000000000e+00,0.000000000000000000e+00,0.000000000000000000e+00,1.000000000000000056e-01
9.964820556744992119e-01,-8.362292661645792657e-02,5.542459997405046156e-03,5.042200031089503653e+01,8.370620661866801093e-02,9.963446771114774503e-01,-1.704568464857575058e-02,3.926348951774067508e+00,-4.096790480022676449e-03,1.744965718071050595e-02,9.998393499818050145e-01,6.282140131124497318e-01,0.000000000000000000e+00,0.000000000000000000e+00,0.000000000000000000e+00,1.000000000000000056e-01
9.965889734164844471e-01,-8.235316267407837010e-02,5.326787235694922275e-03,5.136675514877157411e+01,8.243796749714270289e-02,9.964268231235446915e-01,-1.837301485494809844e-02,4.012533479408091353e+00,-3.794677801555740825e-03,1.874947352585895621e-02,9.998170120891549661e-01,6.361452030950394132e-01,0.000000000000000000e+00,0.000000000000000000e+00,0.000000000000000000e+00,1.000000000000000056e-01
9.967018012085745449e-01,-8.103299583443472620e-02,4.378704566387351706e-03,5.232284936103579298e+01,8.110472776425918517e-02,9.965058030649686094e-01,-1.995513949155650404e-02,4.100039250544821101e+00,-2.746379775017211179e-03,2.024445711641969028e-02,9.997912878967253336e-01,6.526074668443145876e-01,0.000000000000000000e+00,0.000000000000000000e+00,0.000000000000000000e+00,1.000000000000000056e-01
9.966641700790779268e-01,-8.152073585994970562e-02,3.860272715111145742e-03,5.330657057708943114e+01,8.158614705822950230e-02,9.964246272196088938e-01,-2.194681932436850016e-02,4.188453201432491113e+00,-2.057349940012766828e-03,2.218855324521712760e-02,9.997516868783510313e-01,6.754316240362550072e-01,0.000000000000000000e+00,0.000000000000000000e+00,0.000000000000000000e+00,1.000000000000000056e-01
9.966487184817935940e-01,-8.167010784580953919e-02,4.617946843824813352e-03,5.426393721725461461e+01,8.175741189358444461e-02,9.963678073169328631e-01,-2.381004290021777534e-02,4.267827662603500549e+00,-2.656604799613741883e-03,2.410780012571183892e-02,9.997058349454790438e-01,6.761172303220341906e-01,0.000000000000000000e+00,0.000000000000000000e+00,0.000000000000000000e+00,1.000000000000000056e-01
9.965660087324291760e-01,-8.231826191155372507e-02,8.938344084717476934e-03,5.521349283719870016e+01,8.252791577354631758e-02,9.962394939911174419e-01,-2.638207213993428238e-02,4.340622740167172644e+00,-6.733005063892821829e-03,2.702913924236386226e-02,9.996119708540042170e-01,6.938041238745079609e-01,0.000000000000000000e+00,0.000000000000000000e+00,0.000000000000000000e+00,1.000000000000000056e-01
9.963469246723583028e-01,-8.436629361390940440e-02,1.323382778283140049e-02,5.616301207245945903e+01,8.468179462953406844e-02,9.960833980315157987e-01,-2.543339977883833994e-02,4.428313741770969258e+00,-1.103627447354517052e-02,2.646115394007656982e-02,9.995889194953614387e-01,7.205023675453821053e-01,0.000000000000000000e+00,0.000000000000000000e+00,0.000000000000000000e+00,1.000000000000000056e-01
9.961886318413526453e-01,-8.609865463887386716e-02,1.397252516297405392e-02,5.711998247347967350e+01,8.639653476417238909e-02,9.960104145595610747e-01,-2.233590986806943332e-02,4.502909348704071668e+00,-1.199368879024175980e-02,2.345795724839001492e-02,9.996528775884834239e-01,7.186862969191101236e-01,0.000000000000000000e+00,0.000000000000000000e+00,0.000000000000000000e+00,1.000000000000000056e-01
9.961784081023093984e-01,-8.688459624206577858e-02,8.924470102027647067e-03,5.801526090452905748e+01,8.706813593706559662e-02,9.959415737925164658e-01,-2.279300980849388245e-02,4.585115880846902137e+00,-6.907889344325238851e-03,2.348294120289537781e-02,9.997003713799790248e-01,7.314486213151620841e-01,0.000000000000000000e+00,0.000000000000000000e+00,0.000000000000000000e+00,1.000000000000000056e-01
9.959906232318731512e-01,-8.937345562156706613e-02,3.881219453290637219e-03,5.894466512217351806e+01,8.943636222680201309e-02,9.957628896443080357e-01,-2.138702220632796025e-02,4.662122692246389200e+00,-1.953342218117665261e-03,2.164839572526070649e-02,9.997637377984367468e-01,7.468335050910118733e-01,0.000000000000000000e+00,0.000000000000000000e+00,0.000000000000000000e+00,1.000000000000000056e-01
9.959884365255148309e-01,-8.948202744801520003e-02,3.273000255960239850e-05,5.989323036983570603e+01,8.946293378294301046e-02,9.957682224452294451e-01,-2.102452489871696126e-02,4.763009597336604450e+00,1.848725617599066787e-03,2.094311180461657165e-02,9.997789597113604376e-01,7.609751551358908683e-01,0.000000000000000000e+00,0.000000000000000000e+00,0.000000000000000000e+00,1.000000000000000056e-01
9.959580784071819792e-01,-8.981912141428156915e-02,-1.774368624174263182e-04,6.079843614673057317e+01,8.980276496265830743e-02,9.958107244125578017e-01,-1.721814595124496194e-02,4.854308544262718961e+00,1.723212272225080159e-03,1.713261723448494811e-02,9.998517409927141220e-01,7.711713429455258062e-01,0.000000000000000000e+00,0.000000000000000000e+00,0.000000000000000000e+00,1.000000000000000056e-01
9.958000187172907358e-01,-9.155501973156143780e-02,3.293321731747149081e-05,6.173862839867105379e+01,9.154392701978156244e-02,9.956736390150885407e-01,-1.592840218754144888e-02,4.946641013220503424e+00,1.425534440241642406e-03,1.586451803253294962e-02,9.998731344121388753e-01,7.904949053491675537e-01,0.000000000000000000e+00,0.000000000000000000e+00,0.000000000000000000e+00,1.000000000000000056e-01
9.956619050340975718e-01,-9.302868818103714188e-02,1.741849358293250495e-03,6.262234178944895291e+01,9.304357482619575459e-02,9.955756269783416768e-01,-1.311732252572851004e-02,5.033151955460226645e+00,-5.138554599685327910e-04,1.322248622601784884e-02,9.999124470725269109e-01,8.134543693194820069e-01,0.000000000000000000e+00,0.000000000000000000e+00,0.000000000000000000e+00,1.000000000000000056e-01
9.955382599909200492e-01,-9.434757141258320878e-02,1.452123548058008957e-03,6.344769182697228871e+01,9.435800495547280731e-02,9.954735297940704442e-01,-1.135862580406905332e-02,5.122990759432413554e+00,-3.738917948841802893e-04,1.144496604981448500e-02,9.999344343290935688e-01,8.305928409800173995e-01,0.000000000000000000e+00,0.000000000000000000e+00,0.000000000000000000e+00,1.000000000000000056e-01
9.953188574870960315e-01,-9.660736243802531265e-02,2.718354897709582101e-03,6.426562060323261960e+01,9.663002290527783478e-02,9.952696839066467183e-01,-1.004464880864223801e-02,5.207730835841026362e+00,-1.735109191770321064e-03,1.026030307210726474e-02,9.999458563227117125e-01,8.440083210054460938e-01,0.000000000000000000e+00,0.000000000000000000e+00,0.000000000000000000e+00,1.000000000000000056e-01
9.953589874833855822e-01,-9.616615312072562816e-02,3.543589989081593738e-03,6.505483240714220017e+01,9.619938126845409276e-02,9.953028808168318253e-01,-1.085608038299126776e-02,5.291502693622108566e+00,-2.482957836164951995e-03,1.114658834247116842e-02,9.999347921183197041e-01,8.599418858139079580e-01,0.000000000000000000e+00,0.000000000000000000e+00,0.000000000000000000e+00,1.000000000000000056e-01
9.952801366230425995e-01,-9.698550893467421108e-02,3.355696693656720631e-03,6.585030046882295096e+01,9.701856283423927751e-02,9.952134287456790851e-01,-1.173156894230281688e-02,5.370286464698925677e+00,-2.201842227853187568e-03,1.200176241022397547e-02,9.999255520236755013e-01,8.738446043435408317e-01,0.000000000000000000e+00,0.000000000000000000e+00,0.000000000000000000e+00,1.000000000000000056e-01
9.952968479896016074e-01,-9.678299567716747154e-02,4.151641809858681170e-03,6.659439177913630203e+01,9.682750369594894657e-02,9.952244577025317618e-01,-1.235772303915557563e-02,5.445996580425796374e+00,-2.935798013313536785e-03,1.270159590188837256e-02,9.999150216651263579e-01,8.919848160115472213e-01,0.000000000000000000e+00,0.000000000000000000e+00,0.000000000000000000e+00,1.000000000000000056e-01
9.953184185960907149e-01,-9.649430641511455575e-02,5.485839301610905688e-03,6.739447348581396113e+01,9.655076779392615660e-02,9.952652850361787262e-01,-1.117862425601482031e-02,5.535885330551749028e+00,-4.381191821921124468e-03,1.165595261314119994e-02,9.999224689579185865e-01,8.953516338690186149e-01,0.000000000000000000e+00,0.000000000000000000e+00,0.000000000000000000e+00,1.000000000000000056e-01
9.950754209438100739e-01,-9.869093923183455686e-02,9.219823590366020213e-03,6.814058684418701262e+01,9.878722444259710467e-02,9.950516241114345517e-01,-1.064657879904142707e-02,5.611613029776696848e+00,-8.123479576331490634e-03,1.150494966241023126e-02,9.999008176878536602e-01,9.048808076832790537e-01,0.000000000000000000e+00,0.000000000000000000e+00,0.000000000000000000e+00,1.000000000000000056e-01
9.949108262936587899e-01,-1.000106966498584965e-01,1.226002770303181479e-02,6.886926841540527278e+01,1.001375078187804607e-01,9.949212651293326548e-01,-1.020567103584158267e-02,5.690922556084391459e+00,-1.117708600274727911e-02,1.138142122312122209e-02,9.998727599046935977e-01,9.194410352345088189e-01,0.000000000000000000e+00,0.000000000000000000e+00,0.000000000000000000e+00,1.000000000000000056e-01
9.948586505615931719e-01,-1.009418258105343053e-01,8.186159343770293625e-03,6.956044838836815813e+01,1.009936241364755155e-01,9.948678701276262304e-01,-6.181332502057939812e-03,5.771171391209116486e+00,-7.520191922162392309e-03,6.976302011555912674e-03,9.999473875778152054e-01,9.340336797020020176e-01,0.000000000000000000e+00,0.000000000000000000e+00,0.000000000000000000e+00,1.000000000000000056e-01
9.948537068271890993e-01,-1.012761700465511366e-01,3.039636968992617122e-03,7.026050395896578493e+01,1.012961988258268969e-01,9.948289324456128790e-01,-7.380736586600183079e-03,5.848937058918279419e+00,-2.276426067271822458e-03,7.650656823063656763e-03,9.999681421598070052e-01,9.369858628240053111e-01,0.000000000000000000e+00,0.000000000000000000e+00,0.000000000000000000e+00,1.000000000000000056e-01
9.948953089584332554e-01,-1.009095305840699147e-01,-7.686675524572696063e-04,7.101271793168358215e+01,1.008990320245961442e-01,9.948583319093042832e-01,-8.734115131833249807e-03,5.927795588411565397e+00,1.646070777050961898e-03,8.611972360572112822e-03,9.999615614527679330e-01,9.651415927390483152e-01,0.000000000000000000e+00,0.000000000000000000e+00,0.000000000000000000e+00,1.000000000000000056e-01
9.947014015185097202e-01,-1.028015712283128491e-01,-9.791680666420927645e-04,7.174293628649508037e+01,1.027911408557035666e-01,9.946734540452741857e-01,-7.661669480384491158e-03,6.009587744277880006e+00,1.761584143753260664e-03,7.520423567450431300e-03,9.999701695804082968e-01,9.756494313542103392e-01,0.000000000000000000e+00,0.000000000000000000e+00,0.000000000000000000e+00,1.000000000000000056e-01
9.945426027296982996e-01,-1.043261743063677721e-01,1.029907876928071869e-03,7.242232870784454235e+01,1.043306375663278635e-01,9.945222703991823954e-01,-6.369595360704556099e-03,6.096755600589697011e+00,-3.597508042026128041e-04,6.442284893804608829e-03,9.999791835556908204e-01,9.866698223045388128e-01,0.000000000000000000e+00,0.000000000000000000e+00,0.000000000000000000e+00,1.000000000000000056e-01
9.944537016078383029e-01,-1.051008228237036712e-01,3.956311444883237570e-03,7.303379117039469293e+01,1.051217959064515983e-01,9.944439785071631510e-01,-5.530066568051208650e-03,6.153694511274032664e+00,-3.353115546891072621e-03,5.915289732987653870e-03,9.999768827145475436e-01,1.002688239833028572e+00,0.000000000000000000e+00,0.000000000000000000e+00,0.000000000000000000e+00,1.000000000000000056e-01
9.943806345038418426e-01,-1.058609338098038810e-01,7.851220626947422697e-04,7.360444051519813513e+01,1.058638224348636414e-01,9.943579389683970815e-01,-6.718653883114835378e-03,6.208580465719308883e+00,-6.944938208835934332e-05,6.764015333938240733e-03,9.999771213749570897e-01,1.012979340540044237e+00,0.000000000000000000e+00,0.000000000000000000e+00,0.000000000000000000e+00,1.000000000000000056e-01
9.945543041638247317e-01,-1.042039755002127505e-01,-1.807639112588327324e-03,7.423813967653245527e+01,1.041767724052076322e-01,9.944930479381326460e-01,-1.143580753408421878e-02,6.265356342103379994e+00,2.989341138757007146e-03,1.118521759618969040e-02,9.999329751272741929e-01,1.032063304461371622e+00,0.000000000000000000e+00,0.000000000000000000e+00,0.000000000000000000e+00,1.000000000000000056e-01
9.946222885972709760e-01,-1.034655993482081343e-01,-4.623070088491778966e-03,7.485472119730751217e+01,1.033810760174730253e-01,9.945161682917750268e-01,-1.580962136533564655e-02,6.319205544584119316e+00,6.233469900183850367e-03,1.524666382399397953e-02,9.998643323447644615e-01,1.053619569039704995e+00,0.000000000000000000e+00,0.000000000000000000e+00,0.000000000000000000e+00,1.000000000000000056e-01
9.951707371545591707e-01,-9.802767827368608078e-02,-5.077223997625498336e-03,7.543997043060880969e+01,9.794646939994305912e-02,9.950885100420863161e-01,-1.432990978012985313e-02,6.372871816465040418e+00,6.457015048564600235e-03,1.376341071433006928e-02,9.998844310629960708e-01,1.066891340489512174e+00,0.000000000000000000e+00,0.000000000000000000e+00,0.000000000000000000e+00,1.000000000000000056e-01
9.955425916172739864e-01,-9.421435426431029603e-02,-4.313203742077685587e-03,7.599894363862635771e+01,9.416354537390073109e-02,9.954985383553771605e-01,-1.076507570456451159e-02,6.450311868541418470e+00,5.308012676979239133e-03,1.031094480960429403e-02,9.999327524481606000e-01,1.070351379502474387e+00,0.000000000000000000e+00,0.000000000000000000e+00,0.000000000000000000e+00,1.000000000000000056e-01
9.961673616350656957e-01,-8.745788376006162490e-02,-1.306208729048995761e-03,7.654643288318693806e+01,8.742996337298301890e-02,9.960655135162794771e-01,-1.447391751218006159e-02,6.488552057689122243e+00,2.566927663792598676e-03,1.430424243929375935e-02,9.998943941890097165e-01,1.088044415697974499e+00,0.000000000000000000e+00,0.000000000000000000e+00,0.000000000000000000e+00,1.000000000000000056e-01
9.968175455275770647e-01,-7.969765246511309464e-02,1.750748390538820138e-03,7.710070877436460535e+01,7.971579077668844437e-02,9.966783010081180505e-01,-1.666604333422978812e-02,6.513243280170774696e+00,-4.166884017549681799e-04,1.675256670248598950e-02,9.998595790808100237e-01,1.102736391248996917e+00,0.000000000000000000e+00,0.000000000000000000e+00,0.000000000000000000e+00,1.000000000000000056e-01
9.974424774453608533e-01,-7.141037753053887382e-02,3.010343602755232405e-03,7.762996837910593229e+01,7.145546687674135533e-02,9.972556707955008148e-01,-1.937119819842152146e-02,6.544880704829989071e+00,-1.618777652322439184e-03,1.953676142971295937e-02,9.998078287909886175e-01,1.116947863230584037e+00,0.000000000000000000e+00,0.000000000000000000e+00,0.000000000000000000e+00,1.000000000000000056e-01
9.982460931937510162e-01,-5.908523267700595272e-02,3.697661817553804693e-03,7.810788358096141337e+01,5.913773402944580426e-02,9.981180568061173153e-01,-1.621952808940339483e-02,6.576421669385895896e+00,-2.732368436989345527e-03,1.640975188979057822e-02,9.998616175279657625e-01,1.128496388661743621e+00,0.000000000000000000e+00,0.000000000000000000e+00,0.000000000000000000e+00,1.000000000000000056e-01
9.989944960762880966e-01,-4.472733424630841864e-02,3.076098259522058558e-03,7.859229100210801278e+01,4.476202987065023425e-02,9.989216157386735517e-01,-1.232746088603844763e-02,6.606762771392178379e+00,-2.521406580114561764e-03,1.245275797792591392e-02,9.999192824061354790e-01,1.133892335225964665e+00,0.000000000000000000e+00,0.000000000000000000e+00,0.000000000000000000e+00,1.000000000000000056e-01
9.996282588043635675e-01,-2.717711323232454776e-02,2.179154908136434095e-03,7.905670111432236524e+01,2.719219242974755743e-02,9.996041668788699930e-01,-7.217633217596020404e-03,6.618380717674416047e+00,-1.982137891223726897e-03,7.274206125590321204e-03,9.999715781234097545e-01,1.133576736585014011e+00,0.000000000000000000e+00,0.000000000000000000e+00,0.000000000000000000e+00,1.000000000000000056e-01
9.999811823766133756e-01,-4.954165642362140867e-03,3.618167417132399193e-03,7.953866042257683944e+01,4.979602395710285359e-03,9.999627114295623898e-01,-7.055445444366187542e-03,6.636597293207868731e+00,-3.583078655429771178e-03,7.073329712789423566e-03,9.999685642829594379e-01,1.148259749378650607e+00,0.000000000000000000e+00,0.000000000000000000e+00,0.000000000000000000e+00,1.000000000000000056e-01
9.997890943759634164e-01,2.000073620922991971e-02,4.662329673006978051e-03,8.001745212993934331e+01,-1.995645957585423860e-02,9.997570612380055621e-01,-9.357255256964290210e-03,6.622129169118675662e+00,-4.848349006445181256e-03,9.262238165556381866e-03,9.999453507347669801e-01,1.162459861867604305e+00,0.000000000000000000e+00,0.000000000000000000e+00,0.000000000000000000e+00,1.000000000000000056e-01
9.987986491772418152e-01,4.862102521956015305e-02,6.103630748649148396e-03,8.049032492881840994e+01,-4.855231226240191295e-02,9.987607055548997081e-01,-1.094193828592776759e-02,6.614280004959468329e+00,-6.628074810318369120e-03,1.063244779332258964e-02,9.999215067585210948e-01,1.169058996489567459e+00,0.000000000000000000e+00,0.000000000000000000e+00,0.000000000000000000e+00,1.000000000000000056e-01
9.967255881540378892e-01,8.033672833463513518e-02,9.171259426827780767e-03,8.099108309431180430e+01,-8.023269803050279980e-02,9.967132588697737994e-01,-1.119793552140056075e-02,6.571041023059118302e+00,-1.004072137514516912e-02,1.042543398052689363e-02,9.998952416331344795e-01,1.174751709988532067e+00,0.000000000000000000e+00,0.000000000000000000e+00,0.000000000000000000e+00,1.000000000000000056e-01
