1.000000000000000000e+00,-2.839679779836554571e-13,1.234274506297402919e-13,1.864443831924000700e-20,2.839679779836583853e-13,1.000000000000000000e+00,-2.391725371188665670e-14,6.546136389353808668e-20,-1.234274506297334761e-13,2.391725371192170737e-14,1.000000000000000000e+00,-3.773302752203913653e-20,0.000000000000000000e+00,0.000000000000000000e+00,0.000000000000000000e+00,1.000000000000000056e-01
9.999966547447740606e-01,-2.141277057393691820e-03,-1.451010621850924677e-03,6.253726555370332507e-01,2.138507422752809750e-03,9.999958938522816032e-01,-1.907633240189231293e-03,-3.159554335276655145e-03,1.455089435078109296e-03,1.904523861683843832e-03,9.999971277476731313e-01,1.251645089781113288e-02,0.000000000000000000e+00,0.000000000000000000e+00,0.000000000000000000e+00,1.000000000000000056e-01
9.999870152697657444e-01,-4.287211605338243046e-03,-2.754833663988727650e-03,1.256102165659386261e+00,4.287252044901264207e-03,9.999908096542264868e-01,8.774289767980836033e-06,-8.434372497113049386e-03,2.754770728877885266e-03,-2.058484209549371662e-05,9.999962054000482992e-01,1.951475872074736814e-02,0.000000000000000000e+00,0.000000000000000000e+00,0.000000000000000000e+00,1.000000000000000056e-01
9.999636797958403323e-01,-8.375536773614879887e-03,-1.577806362018402192e-03,1.986087812422423715e+00,8.376367694452838131e-03,9.999647820163068968e-01,5.207603356607000758e-04,-6.772961982324729457e-03,1.573389147518107446e-03,-5.339577077779036115e-04,9.999986196669257144e-01,2.649727888122532446e-02,0.000000000000000000e+00,0.000000000000000000e+00,0.000000000000000000e+00,1.000000000000000056e-01
9.999079041367185949e-01,-1.332930058542567721e-02,-2.552056194175573653e-03,2.702565057792837955e+00,1.332534693489548748e-02,9.999099967316111837e-01,-1.559988863390496033e-03,-9.023546878003562560e-03,2.572620061247034642e-03,1.525838160684673964e-03,9.999955267119587932e-01,2.484951963194628397e-02,0.000000000000000000e+00,0.000000000000000000e+00,0.000000000000000000e+00,1.000000000000000056e-01
9.997970481406345256e-01,-1.995147315108495786e-02,-2.793071494849424293e-03,3.449169383242807640e+00,1.995140906673346579e-02,9.998009495368638255e-01,-5.080784642974460268e-05,-4.966167833611424311e-03,2.793529224058709844e-03,-4.928177063532270430e-06,9.999960980774812436e-01,3.524836645094151649e-02,0.000000000000000000e+00,0.000000000000000000e+00,0.000000000000000000e+00,1.000000000000000056e-01
9.997039667635037041e-01,-2.419761006777109216e-02,-2.540571652910906912e-03,4.197349310181045290e+00,2.419922046416852698e-02,9.997069728878955619e-01,6.050522680473480099e-04,1.548928677483787236e-02,2.525186377683529861e-03,-6.663530059999966774e-04,9.999965896978996183e-01,5.164962049002440325e-02,0.000000000000000000e+00,0.000000000000000000e+00,0.000000000000000000e+00,1.000000000000000056e-01
9.995417758757670912e-01,-3.006013520843920164e-02,-3.553385761242574669e-03,4.965402348621686279e+00,3.006956396386796862e-02,9.995443471148096615e-01,2.630489279898869451e-03,3.828199530924005639e-02,3.472693787350160117e-03,-2.736132686688264905e-03,9.999902269401337307e-01,6.653583383102211479e-02,0.000000000000000000e+00,0.000000000000000000e+00,0.000000000000000000e+00,1.000000000000000056e-01
9.994200626799675247e-01,-3.387993623283154510e-02,-3.418805877664974572e-03,5.750957224066611140e+00,3.388550210174597066e-02,9.994244671393101020e-01,1.583423701538240729e-03,8.700817310836959917e-02,3.363191948500388658e-03,-1.698353368793372679e-03,9.999929022426869984e-01,6.355239313949991031e-02,0.000000000000000000e+00,0.000000000000000000e+00,0.000000000000000000e+00,1.000000000000000056e-01
9.993532880954097974e-01,-3.591017679380840988e-02,-1.861390751667967546e-03,6.539539697805818008e+00,3.591278921057826368e-02,9.993539616449692575e-01,1.389573899378089214e-03,1.235818085123725207e-01,1.810288377453961491e-03,-1.455522979098225131e-03,9.999973021507846394e-01,6.699773675933065609e-02,0.000000000000000000e+00,0.000000000000000000e+00,0.000000000000000000e+00,1.000000000000000056e-01
9.993124850064498688e-01,-3.700033263505323605e-02,2.352168176245740192e-03,7.326187348756227458e+00,3.700065794924164292e-02,9.993152367000006642e-01,-9.492389004676213466e-05,1.664320479212983428e-01,-2.347045282296476854e-03,1.818903985774690524e-04,9.999972291433240068e-01,8.163086949772961620e-02,0.000000000000000000e+00,0.000000000000000000e+00,0.000000000000000000e+00,1.000000000000000056e-01
9.990735694641794673e-01,-4.292492078065272137e-02,3.074731545680102918e-03,8.128389885794852887e+00,4.292253447406491756e-02,9.990780519336244225e-01,8.379611189024203759e-04,2.084184893638988678e-01,-3.107866217523092781e-03,-7.052095353660898288e-04,9.999949219106490927e-01,7.316963575881926807e-02,0.000000000000000000e+00,0.000000000000000000e+00,0.000000000000000000e+00,1.000000000000000056e-01
9.989546323687988894e-01,-4.557832599257890388e-02,3.501238157015764373e-03,8.962528169401236866e+00,4.556221610686530393e-02,9.989511369037777921e-01,4.550883659364398509e-03,2.615140861739889688e-01,-3.704987496502596712e-03,-4.386602143341982243e-03,9.999835152587700504e-01,7.871706995864924394e-02,0.000000000000000000e+00,0.000000000000000000e+00,0.000000000000000000e+00,1.000000000000000056e-01
9.989601256046763966e-01,-4.553274515125060179e-02,2.331645530614939385e-03,9.743209836357962672e+00,4.552859316125338479e-02,9.989614072572625680e-01,1.803888950733864268e-03,3.073179464666567773e-01,-2.411359916363128679e-03,-1.695856592042366663e-03,9.999956546974456684e-01,9.732354371600709930e-02,0.000000000000000000e+00,0.000000000000000000e+00,0.000000000000000000e+00,1.000000000000000056e-01
9.988962855375136396e-01,-4.685626169122567714e-02,3.271311614828917216e-03,1.052503476888366230e+01,4.685482728000706781e-02,9.989015773217980732e-01,5.137943019021735426e-04,3.587497990500489453e-01,-3.291792812229112509e-03,-3.599504790085312394e-04,9.999945172528367232e-01,9.738021354486479930e-02,0.000000000000000000e+00,0.000000000000000000e+00,0.000000000000000000e+00,1.000000000000000056e-01
9.987210244057428410e-01,-5.050280359410722758e-02,2.404628677898940775e-03,1.128528057713404209e+01,5.050783165342789122e-02,9.987215025797244738e-01,-2.078274901554347416e-03,4.059746704354874058e-01,-2.296595657169765020e-03,2.197069419129426757e-03,9.999949492544224494e-01,1.080427888837351552e-01,0.000000000000000000e+00,0.000000000000000000e+00,0.000000000000000000e+00,1.000000000000000056e-01
9.984740286095237227e-01,-5.520873476031749189e-02,1.268778322984710077e-03,1.211387830877384530e+01,5.520662002055620049e-02,9.984735959554794649e-01,1.645383128583233733e-03,4.688573580955586184e-01,-1.357681175345959446e-03,-1.572827358235307903e-03,9.999978414556339734e-01,1.192597276696357178e-01,0.000000000000000000e+00,0.000000000000000000e+00,0.000000000000000000e+00,1.000000000000000056e-01
9.983695413766580096e-01,-5.705461742699984018e-02,-1.740540611498366322e-03,1.295744171352224683e+01,5.705859669539119217e-02,9.983681139527424975e-01,2.329288646018354801e-03,5.344524668141632517e-01,1.604803574984145498e-03,-2.424803642042636619e-03,9.999957724574555229e-01,1.218322817954639870e-01,0.000000000000000000e+00,0.000000000000000000e+00,0.000000000000000000e+00,1.000000000000000056e-01
9.983439138349131659e-01,-5.746194954831618934e-02,-2.748465552672902084e-03,1.384465809141937775e+01,5.747331932455496811e-02,9.983379794018905073e-01,4.253992191835863010e-03,5.860932011867264757e-01,2.499454861604962202e-03,-4.404910652581885827e-03,9.999871746615240919e-01,1.322069584636801909e-01,0.000000000000000000e+00,0.000000000000000000e+00,0.000000000000000000e+00,1.000000000000000056e-01
9.977891228705323412e-01,-6.632444171254356369e-02,-4.234939524136388869e-03,1.477050891876962524e+01,6.635718766345413688e-02,9.977628359485186671e-01,8.126921026235273127e-03,6.801357658302809028e-01,3.686451769765806963e-03,-8.389972079151878509e-03,9.999580083392803909e-01,1.474605636301790368e-01,0.000000000000000000e+00,0.000000000000000000e+00,0.000000000000000000e+00,1.000000000000000056e-01
9.974655850713025629e-01,-7.107441480959207636e-02,-3.291528191903717038e-03,1.572568569118680237e+01,7.109021847008602235e-02,9.974575437727222216e-01,4.962782361082167422e-03,7.490656175438513698e-01,2.930432773413670089e-03,-5.184200069641246682e-03,9.999822681594900953e-01,1.383680427203331786e-01,0.000000000000000000e+00,0.000000000000000000e+00,0.000000000000000000e+00,1.000000000000000056e-01
9.970446713479784728e-01,-7.680507403282123280e-02,-1.704094895933740356e-03,1.665074117275375443e+01,7.680817646510605667e-02,9.970441971387371538e-01,1.836567471194893754e-03,8.457778589352570320e-01,1.558000226773080922e-03,-1.962028232206066217e-03,9.999968615353297396e-01,1.485773865880450073e-01,0.000000000000000000e+00,0.000000000000000000e+00,0.000000000000000000e+00,1.000000000000000056e-01
9.968945541556228918e-01,-7.874634650966201577e-02,5.106919247383806711e-04,1.754606911196837871e+01,7.874371410071660804e-02,9.968869831855134978e-01,3.971176766449432440e-03,9.441275836557829759e-01,-8.218177938915938174e-04,-3.918630713147631429e-03,9.999919844422991977e-01,1.770046296480301540e-01,0.000000000000000000e+00,0.000000000000000000e+00,0.000000000000000000e+00,1.000000000000000056e-01
9.967839730465775094e-01,-8.012598518015422167e-02,1.239990479610098657e-03,1.848064225485230594e+01,8.011742554666011207e-02,9.967681984532532624e-01,5.861456818166710728e-03,1.022462024944857273e+00,-1.705638078606683218e-03,-5.743261370124435813e-03,9.999820527127371017e-01,1.932553260384395621e-01,0.000000000000000000e+00,0.000000000000000000e+00,0.000000000000000000e+00,1.000000000000000056e-01
9.964794283163327382e-01,-8.382790521702744579e-02,1.277203695460036757e-03,1.941941692893823301e+01,8.382186918389535057e-02,9.964718523351360213e-01,4.212095713634535048e-03,1.107903812537437860e+00,-1.625788692471947161e-03,-4.090209127654178926e-03,9.999903134532951432e-01,2.111528882881984481e-01,0.000000000000000000e+00,0.000000000000000000e+00,0.000000000000000000e+00,1.000000000000000056e-01
9.963777327924726590e-01,-8.503175749354445478e-02,1.006882759314951152e-03,2.035590940353473144e+01,8.502568884853782538e-02,9.963660989924603140e-01,5.022849229122466896e-03,1.182733057982197300e+00,-1.430325544618780498e-03,-4.919044226870991632e-03,9.999868785002783422e-01,2.191008877286087508e-01,0.000000000000000000e+00,0.000000000000000000e+00,0.000000000000000000e+00,1.000000000000000056e-01
9.966166973859866829e-01,-8.208564124690924391e-02,4.135939135473064993e-03,2.128379613515142310e+01,8.206015717518190533e-02,9.966093476271279394e-01,5.994900050450225650e-03,1.275348610415678152e+00,-4.614010818481653967e-03,-5.635221673914882386e-03,9.999734772386980053e-01,2.326349153511083623e-01,0.000000000000000000e+00,0.000000000000000000e+00,0.000000000000000000e+00,1.000000000000000056e-01
9.967594519368262462e-01,-8.005306183476415538e-02,7.880499062697492174e-03,2.222843208071202881e+01,8.000658884604350263e-02,9.967759976226970853e-01,6.046180984491071955e-03,1.363241433622093268e+00,-8.339107615200659629e-03,-5.396096196001311934e-03,9.999506694982636112e-01,2.239708030765737434e-01,0.000000000000000000e+00,0.000000000000000000e+00,0.000000000000000000e+00,1.000000000000000056e-01
9.967955975206210795e-01,-7.911336619131222048e-02,1.181575445696925360e-02,2.318951386616935295e+01,7.904564958631367377e-02,9.968523774430940732e-01,6.092853808253124656e-03,1.450579346123609614e+00,-1.226058909619609678e-02,-5.139345865999948859e-03,9.999116286347928817e-01,2.336539437234314287e-01,0.000000000000000000e+00,0.000000000000000000e+00,0.000000000000000000e+00,1.000000000000000056e-01
9.968916423384438508e-01,-7.723608956037771034e-02,1.554477099160321042e-02,2.412015932348073122e+01,7.716102857660857295e-02,9.970041669464744238e-01,5.372779575450629258e-03,1.527274746975513464e+00,-1.591317393733475416e-02,-4.156628536193493137e-03,9.998647375192567521e-01,2.398226203647949861e-01,0.000000000000000000e+00,0.000000000000000000e+00,0.000000000000000000e+00,1.000000000000000056e-01
9.971157726851294090e-01,-7.495697252056357507e-02,1.189908118674930064e-02,2.507936328183371444e+01,7.491427842064640741e-02,9.971819759675430994e-01,3.994708272230401876e-03,1.591803200424182441e+00,-1.216498052819012764e-02,-3.091775544542682812e-03,9.999212239835351124e-01,2.425583584814307025e-01,0.000000000000000000e+00,0.000000000000000000e+00,0.000000000000000000e+00,1.000000000000000056e-01
9.971834376585850812e-01,-7.446547669310937811e-02,8.948991019927030402e-03,2.604289965059833634e+01,7.443059034544530217e-02,9.972174754071708724e-01,4.170607075358256748e-03,1.665297589597308781e+00,-9.234656476299283809e-03,-3.492781615919706654e-03,9.999512596103613538e-01,2.358745373791546751e-01,0.000000000000000000e+00,0.000000000000000000e+00,0.000000000000000000e+00,1.000000000000000056e-01
9.973397884772359223e-01,-7.246781039361104015e-02,7.858929757794438919e-03,2.698520155217525129e+01,7.243669294117442703e-02,9.973642749204075786e-01,4.174760859709267767e-03,1.741604270414335520e+00,-8.140751557953143647e-03,-3.594380231053870799e-03,9.999604035134722624e-01,2.494671798861321788e-01,0.000000000000000000e+00,0.000000000000000000e+00,0.000000000000000000e+00,1.000000000000000056e-01
9.973781737142941584e-01,-7.185466173932432421e-02,8.584065742205925290e-03,2.794056169220468888e+01,7.184976764238569513e-02,9.974150794734824022e-01,8.775697362495164583e-04,1.810563120334603981e+00,-8.624934091018799168e-03,-2.585057718430186632e-04,9.999627711503521477e-01,2.592655873983266135e-01,0.000000000000000000e+00,0.000000000000000000e+00,0.000000000000000000e+00,1.000000000000000056e-01
9.975016515494112834e-01,-6.921923192622200793e-02,1.411216098763192969e-02,2.894415061429973335e+01,6.928485491035840660e-02,9.975880129629448589e-01,-4.214887032179117504e-03,1.897429321002417568e+00,-1.378637139524169219e-02,5.182115802192565138e-03,9.998915349374476458e-01,2.643701116792360750e-01,0.000000000000000000e+00,0.000000000000000000e+00,0.000000000000000000e+00,1.000000000000000056e-01
9.974040402883883605e-01,-6.983269330462907321e-02,1.756631327913218618e-02,2.992378767512848370e+01,6.999342729512178507e-02,9.975094498440102431e-01,-8.707330669189371555e-03,1.931664439989006388e+00,-1.691450714273118675e-02,9.914253260922744823e-03,9.998077850419033741e-01,2.602514771681482264e-01,0.000000000000000000e+00,0.000000000000000000e+00,0.000000000000000000e+00,1.000000000000000056e-01
9.972293683581311408e-01,-7.159940441864726113e-02,2.017702086378792697e-02,3.083923107689020426e+01,7.189857589744858002e-02,9.973063550239832376e-01,-1.451306351861786532e-02,1.986604255125530738e+00,-1.908354442868416545e-02,1.592355223157218905e-02,9.996910816929232002e-01,2.685775424429792113e-01,0.000000000000000000e+00,0.000000000000000000e+00,0.000000000000000000e+00,1.000000000000000056e-01
9.974454606892227959e-01,-7.011003264829729353e-02,1.367977604052243550e-02,3.175429507197636170e+01,7.029674476584646392e-02,9.974322973909348633e-01,-1.368136677262924740e-02,2.052234448101364350e+00,-1.268544937278939279e-02,1.460806090815795245e-02,9.998128244480133375e-01,2.541269850313732093e-01,0.000000000000000000e+00,0.000000000000000000e+00,0.000000000000000000e+00,1.000000000000000056e-01
9.974859953559667147e-01,-6.988765561487053635e-02,1.172197344193965513e-02,3.274052056957660994e+01,7.005860945513184279e-02,9.974320551306070648e-01,-1.486898245163287280e-02,2.101445631388311419e+00,-1.065271373545699507e-02,1.565282692010969492e-02,9.998207382823580680e-01,2.584149877513201576e-01,0.000000000000000000e+00,0.000000000000000000e+00,0.000000000000000000e+00,1.000000000000000056e-01
9.973003602813554913e-01,-7.277963401488350692e-02,9.752756294407999293e-03,3.368969199316728691e+01,7.287424469096272228e-02,9.972937302065708609e-01,-9.724204408857907780e-03,2.182938662335900393e+00,-9.018638666683172905e-03,1.040867730901355072e-02,9.999051572990693693e-01,2.473412513292711223e-01,0.000000000000000000e+00,0.000000000000000000e+00,0.000000000000000000e+00,1.000000000000000056e-01
9.969801932267374767e-01,-7.682854191900434504e-02,1.130793792771417339e-02,3.464337424875016325e+01,7.696140238989263027e-02,9.969639573553819023e-01,-1.182413956604143855e-02,2.261871470575063992e+00,-1.036517514363716544e-02,1.265870771034664256e-02,9.998661511739187491e-01,2.598413101958924054e-01,0.000000000000000000e+00,0.000000000000000000e+00,0.000000000000000000e+00,1.000000000000000056e-01
9.969434942565580382e-01,-7.723403286790612998e-02,1.177172147493683700e-02,3.562120049803249344e+01,7.737076307064706671e-02,9.969344508743434030e-01,-1.163897253786345086e-02,2.338218457757249791e+00,-1.083670989692387017e-02,1.251418502462469350e-02,9.998629710574241658e-01,2.520777056982405062e-01,0.000000000000000000e+00,0.000000000000000000e+00,0.000000000000000000e+00,1.000000000000000056e-01
9.969753229943467687e-01,-7.674018529616459527e-02,1.229427919921642978e-02,3.659868913614592856e+01,7.687324239127300840e-02,9.969830059816167100e-01,-1.074199181307875645e-02,2.412018388533442970e+00,-1.143284499022651293e-02,1.165460186235417125e-02,9.998667212738202581e-01,2.541296790497723501e-01,0.000000000000000000e+00,0.000000000000000000e+00,0.000000000000000000e+00,1.000000000000000056e-01
9.969038039044343380e-01,-7.760594767371259417e-02,1.265395774191389877e-02,3.759642165730720365e+01,7.771955494719762214e-02,9.969368863126624181e-01,-8.747313188815882684e-03,2.495863965107273597e+00,-1.193635370113882779e-02,9.703689755896173497e-03,9.998816739321921832e-01,2.566597646054714077e-01,0.000000000000000000e+00,0.000000000000000000e+00,0.000000000000000000e+00,1.000000000000000056e-01
9.967884813992446968e-01,-7.858508825975500656e-02,1.539828733964176098e-02,3.858810907672686596e+01,7.874980537754679155e-02,9.968401727869804496e-01,-1.039894566874370076e-02,2.576775667761857402e+00,-1.453242934908544580e-02,1.157816139244461674e-02,9.998273624361279088e-01,2.733597819202789325e-01,0.000000000000000000e+00,0.000000000000000000e+00,0.000000000000000000e+00,1.000000000000000056e-01
9.966537361253104965e-01,-8.031606557603970797e-02,1.518749083440743691e-02,3.960841070185144019e+01,8.043120904614298183e-02,9.967346744270064729e-01,-7.128071707339811436e-03,2.632664333366500742e+00,-1.456540005751882569e-02,8.325767548677949839e-03,9.998592554534312393e-01,2.657492731869385838e-01,0.000000000000000000e+00,0.000000000000000000e+00,0.000000000000000000e+00,1.000000000000000056e-01
9.963241288412748586e-01,-8.396089459524981591e-02,1.699407153804454590e-02,4.062479584675736533e+01,8.416361348254093599e-02,9.963845868486915780e-01,-1.158625288536952944e-02,2.724917370211147993e+00,-1.595983879104920233e-02,1.297394578097313400e-02,9.997884577632590863e-01,2.769149450594480810e-01,0.000000000000000000e+00,0.000000000000000000e+00,0.000000000000000000e+00,1.000000000000000056e-01
9.964295305560423310e-01,-8.296808312983254552e-02,1.563610621690660757e-02,4.164706491779775632e+01,8.317001150803117471e-02,9.964539521465543004e-01,-1.273854141047325167e-02,2.818241894206693132e+00,-1.452376747332293806e-02,1.399351397160748800e-02,9.997966001868116015e-01,2.894436114612427557e-01,0.000000000000000000e+00,0.000000000000000000e+00,0.000000000000000000e+00,1.000000000000000056e-01
9.962904516179464931e-01,-8.471826553215654199e-02,1.510468470810076569e-02,4.270444303240712713e+01,8.491629078031297240e-02,9.963034251197567803e-01,-1.298878958003486794e-02,2.908186527621855255e+00,-1.394846138545210654e-02,1.422324083548144949e-02,9.998015502314019365e-01,2.982862228766633983e-01,0.000000000000000000e+00,0.000000000000000000e+00,0.000000000000000000e+00,1.000000000000000056e-01
9.964110838133982684e-01,-8.385700020865306803e-02,1.153063614094844078e-02,4.377773605662156342e+01,8.401124579603523601e-02,9.963717924726985808e-01,-1.361476200819841317e-02,2.988435342456290833e+00,-1.034710749954502115e-02,1.453460287547232721e-02,9.998408286750672946e-01,3.048988653039493846e-01,0.000000000000000000e+00,0.000000000000000000e+00,0.000000000000000000e+00,1.000000000000000056e-01
9.964434156087660366e-01,-8.333834858443257831e-02,1.245950019686438599e-02,4.481116490392300022e+01,8.351658892144316060e-02,9.964002556006033018e-01,-1.454338385586633267e-02,3.065148834321622218e+00,-1.120262758743404384e-02,1.553223403995699844e-02,9.998166086042306056e-01,3.125602249112172104e-01,0.000000000000000000e+00,0.000000000000000000e+00,0.000000000000000000e+00,1.000000000000000056e-01
9.964137777932936535e-01,-8.334763858482890919e-02,1.458610866645327839e-02,4.581819965637291148e+01,8.355484622255426874e-02,9.964016567664667479e-01,-1.422413673181749730e-02,3.163058677629073667e+00,-1.334807463352504983e-02,1.539186588340959658e-02,9.997924381431402274e-01,3.250816259743346537e-01,0.000000000000000000e+00,0.000000000000000000e+00,0.000000000000000000e+00,1.000000000000000056e-01
9.959979973203756387e-01,-8.851302995109935901e-02,1.238680195517921981e-02,4.676448909342912685e+01,8.865918595945496139e-02,9.959921993011566776e-01,-1.179354383769899185e-02,3.240701659879577701e+00,-1.129327582271096378e-02,1.284454982164542729e-02,9.998537290329377880e-01,3.384968219996239425e-01,0.000000000000000000e+00,0.000000000000000000e+00,0.000000000000000000e+00,1.000000000000000056e-01
9.962151308789127802e-01,-8.664969259671218005e-02,6.873411147753930896e-03,4.772094221236380207e+01,8.672959034889321517e-02,9.961555724163005943e-01,-1.233100571184955752e-02,3.343999918133428118e+00,-5.778508962003331938e-03,1.288046260224304240e-02,9.999003462932335440e-01,3.323284173786409945e-01,0.000000000000000000e+00,0.000000000000000000e+00,0.000000000000000000e+00,1.000000000000000056e-01
9.962783392829920315e-01,-8.605254011058206809e-02,4.942774123914296831e-03,4.866921732383121224e+01,8.610962298615186528e-02,9.962032778347730266e-01,-1.281257430951247486e-02,3.429550766249287896e+00,-3.821453219151184875e-03,1.319051067133698504e-02,9.999056990154236990e-01,3.398082310006458884e-01,0.000000000000000000e+00,0.000000000000000000e+00,0.000000000000000000e+00,1.000000000000000056e-01
9.963512792646220806e-01,-8.515574801288615381e-02,5.711995108271146482e-03,4.963553934466067119e+01,8.522911997437769560e-02,9.962609722373766408e-01,-1.414469176158101096e-02,3.534326783754135004e+00,-4.486135992612213380e-03,1.457991004783090044e-02,9.998836436340244882e-01,3.465828035170995247e-01,0.000000000000000000e+00,0.000000000000000000e+00,0.000000000000000000e+00,1.000000000000000056e-01
9.967570910827021624e-01,-7.994842454078920913e-02,9.140612112733150288e-03,5.064447636346124426e+01,8.009113309176804640e-02,9.966511633775226864e-01,-1.648844863252359877e-02,3.613541370966866229e+00,-7.791776204846176737e-03,1.716706007668191564e-02,9.998222743427439552e-01,3.622614591468389378e-01,0.000000000000000000e+00,0.000000000000000000e+00,0.000000000000000000e+00,1.000000000000000056e-01
9.968106710327634401e-01,-7.932656406984722741e-02,8.705305743303118696e-03,5.158881797092853816e+01,7.945656052168528771e-02,9.967135786120482344e-01,-1.577013634779492884e-02,3.698456887839241869e+00,-7.425705708936087245e-03,1.641153384777617463e-02,9.998377470627359820e-01,3.661980239569403439e-01,0.000000000000000000e+00,0.000000000000000000e+00,0.000000000000000000e+00,1.000000000000000056e-01
9.968818393815531698e-01,-7.774341195295805806e-02,1.351148434346802554e-02,5.253751181030499851e+01,7.798093864425506561e-02,9.967915398279204586e-01,-1.804437130088320032e-02,3.780646978357047328e+00,-1.206530229260963788e-02,1.904174428448894910e-02,9.997458879411268429e-01,3.927334495756829580e-01,0.000000000000000000e+00,0.000000000000000000e+00,0.000000000000000000e+00,1.000000000000000056e-01
9.970588560667862366e-01,-7.533293403278584766e-02,1.409207539021684746e-02,5.353559780024054504e+01,7.557447941264172631e-02,9.969870394942837999e-01,-1.747401333213529154e-02,3.876659428968162402e+00,-1.273324782998477844e-02,1.848762100529392424e-02,9.997480043837371211e-01,4.201301421654701773e-01,0.000000000000000000e+00,0.000000000000000000e+00,0.000000000000000000e+00,1.000000000000000056e-01
9.970656585070919453e-01,-7.496011333515348318e-02,1.552591493600376064e-02,5.450318498577667015e+01,7.526341937059122245e-02,9.969636896718534480e-01,-1.997045769457455461e-02,3.939583978718290691e+00,-1.398178566798945026e-02,2.108039099886957479e-02,9.996800121963373975e-01,4.148583198304495179e-01,0.000000000000000000e+00,0.000000000000000000e+00,0.000000000000000000e+00,1.000000000000000056e-01
9.969685435519494154e-01,-7.551375654194306120e-02,1.874555256131328618e-02,5.543916589500366854e+01,7.585402558697534880e-02,9.969536020713887225e-01,-1.815715063366730303e-02,4.014818861670058858e+00,-1.731733149637369046e-02,1.952403364592849438e-02,9.996594030668832787e-01,4.239856714076156163e-01,0.000000000000000000e+00,0.000000000000000000e+00,0.000000000000000000e+00,1.000000000000000056e-01
9.969645270217267763e-01,-7.424764759746591003e-02,2.343114778637764989e-02,5.638334539952990099e+01,7.462960695642520403e-02,9.970850337312665568e-01,-1.587001180366966538e-02,4.099478117621288220e+00,-2.218453573717615868e-02,1.757049616151002899e-02,9.995994818119726677e-01,4.350121472104891973e-01,0.000000000000000000e+00,0.000000000000000000e+00,0.000000000000000000e+00,1.000000000000000056e-01
9.968882428672419804e-01,-7.461369343608408033e-02,2.542888092088953222e-02,5.734083298752625524e+01,7.498889656219086264e-02,9.970841950549518273e-01,-1.413412055997026809e-02,4.165642488948636313e+00,-2.430013632570308946e-02,1.599702233057137199e-02,9.995767097382308730e-01,4.195914917427358559e-01,0.000000000000000000e+00,0.000000000000000000e+00,0.000000000000000000e+00,1.000000000000000056e-01
9.969096930480613183e-01,-7.533355675255812289e-02,2.226924187818990833e-02,5.822621821182064394e+01,7.558802883539333939e-02,9.970804922807610104e-01,-1.081396365515819788e-02,4.233162425477923207e+00,-2.138957230988897465e-02,1.246383328532761625e-02,9.996935225639084210e-01,4.210943153460117161e-01,0.000000000000000000e+00,0.000000000000000000e+00,0.000000000000000000e+00,1.000000000000000056e-01
9.970619485352636424e-01,-7.486806515077781832e-02,1.619393724954190303e-02,5.912724351946754098e+01,7.498240295683400447e-02,9.971632024999614874e-01,-6.571668497410440221e-03,4.312053335323748016e+00,-1.565599022362318057e-02,7.766620925458697644e-03,9.998472731220093834e-01,4.249088695809866145e-01,0.000000000000000000e+00,0.000000000000000000e+00,0.000000000000000000e+00,1.000000000000000056e-01
9.971461230271472242e-01,-7.489725027584508144e-02,9.487424995578390072e-03,6.011341037345629701e+01,7.496389264638335381e-02,9.971625521950416848e-01,-6.874539924410817682e-03,4.375317503897917959e+00,-8.945620785100092190e-03,7.566135142080737674e-03,9.999313623783289140e-01,4.285870176900382633e-01,0.000000000000000000e+00,0.000000000000000000e+00,0.000000000000000000e+00,1.000000000000000056e-01
9.972946331159983080e-01,-7.289139924821809446e-02,9.500456497622770252e-03,6.103626140266324285e+01,7.292979486753818630e-02,9.973299921441228788e-01,-3.759227365123620542e-03,4.456512410549994030e+00,-9.201074861403646388e-03,4.441923619420180477e-03,9.999478034057348586e-01,4.357286893272702688e-01,0.000000000000000000e+00,0.000000000000000000e+00,0.000000000000000000e+00,1.000000000000000056e-01
9.970864263725714993e-01,-7.547971775436194963e-02,1.102136794125414820e-02,6.197976146237188289e+01,7.551214732732071389e-02,9.971416061392108787e-01,-2.555956206951530852e-03,4.536295682681477537e+00,-1.079694167770015728e-02,3.380756400082686550e-03,9.999359962200439211e-01,4.369965709684808797e-01,0.000000000000000000e+00,0.000000000000000000e+00,0.000000000000000000e+00,1.000000000000000056e-01
9.971928870526221012e-01,-7.387300427389846547e-02,1.221168502726552828e-02,6.285390289394248242e+01,7.392068282614151775e-02,9.972579834453157988e-01,-3.499586418306126559e-03,4.605170128125071649e+00,-1.191967542232377254e-02,4.392458779634067501e-03,9.999193105664554437e-01,4.475718460937257448e-01,0.000000000000000000e+00,0.000000000000000000e+00,0.000000000000000000e+00,1.000000000000000056e-01
9.973705736992599657e-01,-7.108180182217249676e-02,1.411793782825508312e-02,6.365878255253896612e+01,7.112613757780056334e-02,9.974637746080574630e-01,-2.662873994396056446e-03,4.680289907984882092e+00,-1.389284967430612014e-02,3.660026551766940549e-03,9.998967911407494746e-01,4.488704705541592399e-01,0.000000000000000000e+00,0.000000000000000000e+00,0.000000000000000000e+00,1.000000000000000056e-01
9.972714678396513710e-01,-7.249512661291554472e-02,1.393111805723241427e-02,6.446305277319065397e+01,7.251224301531286609e-02,9.973672575062421108e-01,-7.268200365251550627e-04,4.752630475199824289e+00,-1.384175010016488495e-02,1.735013502721760364e-03,9.999026931068392132e-01,4.600808636576798616e-01,0.000000000000000000e+00,0.000000000000000000e+00,0.000000000000000000e+00,1.000000000000000056e-01
9.971769256423709260e-01,-7.334602376859590545e-02,1.607917173756463064e-02,6.524460204898339555e+01,7.335124217009268699e-02,9.973061338638383733e-01,2.657624280206960965e-04,4.816674242501889580e+00,-1.605534921868568415e-02,9.144150590916838225e-04,9.998706864422848284e-01,4.606698566226260505e-01,0.000000000000000000e+00,0.000000000000000000e+00,0.000000000000000000e+00,1.000000000000000056e-01
9.965990029526550220e-01,-8.121504728217873725e-02,1.394788187243508649e-02,6.605787238149028440e+01,8.122585312480268271e-02,9.966956993384066266e-01,-2.090561470859042190e-04,4.882932124616859326e+00,-1.388481537226596112e-02,1.341273752119445748e-03,9.999027017099213488e-01,4.655055119305168687e-01,0.000000000000000000e+00,0.000000000000000000e+00,0.000000000000000000e+00,1.000000000000000056e-01
9.965084656496131510e-01,-8.242178567496627473e-02,1.332393090659469287e-02,6.680494696957866552e+01,8.240285124504173608e-02,9.965971651571186030e-01,1.964817417070972155e-03,4.946602381750531130e+00,-1.344053553030185102e-02,-8.600272930716941619e-04,9.999093020657993103e-01,4.695705600366696375e-01,0.000000000000000000e+00,0.000000000000000000e+00,0.000000000000000000e+00,1.000000000000000056e-01
9.963622837259045184e-01,-8.360725874963539916e-02,1.649320626414397389e-02,6.758805425146577761e+01,8.355327764726008799e-02,9.964955362230728531e-01,3.936506305122613146e-03,5.032607987264652749e+00,-1.676452692144785039e-02,-2.544124969791839320e-03,9.998562286975253288e-01,4.794995020127774676e-01,0.000000000000000000e+00,0.000000000000000000e+00,0.000000000000000000e+00,1.000000000000000056e-01
9.966735801768921155e-01,-7.920332666188951987e-02,1.919915683216636901e-02,6.832529182582007365e+01,7.908325811023562968e-02,9.968438872138413176e-01,6.935619011181956908e-03,5.113632879005571397e+00,-1.968788622594995832e-02,-5.394216355360531220e-03,9.997916230724608333e-01,4.766700532176114113e-01,0.000000000000000000e+00,0.000000000000000000e+00,0.000000000000000000e+00,1.000000000000000056e-01
9.962054970101057449e-01,-8.437782086999950915e-02,2.133051973296463261e-02,6.904811921910803107e+01,8.418490045285087486e-02,9.964020797338225544e-01,9.787647207405643021e-03,5.203411747155105793e+00,-2.207963456653452838e-02,-7.954800270485914634e-03,9.997245675135051357e-01,4.845675054345385258e-01,0.000000000000000000e+00,0.000000000000000000e+00,0.000000000000000000e+00,1.000000000000000056e-01
9.963389011205656676e-01,-8.413309239001738604e-02,1.517948875148543257e-02,6.972808943536912807e+01,8.392146002542107130e-02,9.963729015748673534e-01,1.407940177995691856e-02,5.278272182392331757e+00,-1.630897486248988892e-02,-1.275397083941309968e-02,9.997856538112367408e-01,4.808849567340021669e-01,0.000000000000000000e+00,0.000000000000000000e+00,0.000000000000000000e+00,1.000000000000000056e-01
9.963098853679495104e-01,-8.529842211808873198e-02,9.528457496767762935e-03,7.041620259819184469e+01,8.516609358949277231e-02,9.962749809770850007e-01,1.352400760923941347e-02,5.353330707298039393e+00,-1.064654032111441231e-02,-1.266260096794336737e-02,9.998631454933807339e-01,4.880350924868128715e-01,0.000000000000000000e+00,0.000000000000000000e+00,0.000000000000000000e+00,1.000000000000000056e-01
9.966492608914193641e-01,-8.150062975011868049e-02,6.920846402105228917e-03,7.115576146676529845e+01,8.141541123284259940e-02,9.966102507165069957e-01,1.181266187479403963e-02,5.428510316041313288e+00,-7.860125849793458616e-03,-1.120961717076699067e-02,9.999062770602603623e-01,4.978409665810145102e-01,0.000000000000000000e+00,0.000000000000000000e+00,0.000000000000000000e+00,1.000000000000000056e-01
9.968365704677700778e-01,-7.930299977755948804e-02,5.280720058363421766e-03,7.186572175495187764e+01,7.924542410517311508e-02,9.968014907897694288e-01,1.034169800779972427e-02,5.494061019452589179e+00,-6.083957301432226482e-03,-9.890509874302745238e-03,9.999325793662193762e-01,5.006163757128253566e-01,0.000000000000000000e+00,0.000000000000000000e+00,0.000000000000000000e+00,1.000000000000000056e-01
9.968884160278694839e-01,-7.834262353804449797e-02,8.713169722990021793e-03,7.254148028276455307e+01,7.823169063362092612e-02,9.968578693087710718e-01,1.241736597601980283e-02,5.565648785633465323e+00,-9.658600832978970346e-03,-1.169708230086555223e-02,9.998849382281923548e-01,5.096534035838182763e-01,0.000000000000000000e+00,0.000000000000000000e+00,0.000000000000000000e+00,1.000000000000000056e-01
9.968542801379998153e-01,-7.835416237931458472e-02,1.192348138700334223e-02,7.312970201555661731e+01,7.818743423863150355e-02,9.968423191356692303e-01,1.386058827757147977e-02,5.602804177709325373e+00,-1.297186562256505762e-02,-1.288472033288584617e-02,9.998328433714375185e-01,5.323116151853399813e-01,0.000000000000000000e+00,0.000000000000000000e+00,0.000000000000000000e+00,1.000000000000000056e-01
9.968335979485976051e-01,-7.899893412434971784e-02,9.052425535194719500e-03,7.371458960398003057e+01,7.890810682255150477e-02,9.968318704175488376e-01,9.986630940013322202e-03,5.631606345224362542e+00,-9.812679477818038107e-03,-9.240699490183927958e-03,9.999091562709072623e-01,5.401803756238809928e-01,0.000000000000000000e+00,0.000000000000000000e+00,0.000000000000000000e+00,1.000000000000000056e-01
9.967991307174998150e-01,-7.963551700707793835e-02,7.048221892939649652e-03,7.434093604865054772e+01,7.958995710509808585e-02,9.968063336228261129e-01,6.524720486564105325e-03,5.668560861348154845e+00,-7.545311712935513435e-03,-5.942868031055482426e-03,9.999538742315667861e-01,5.523864461271981163e-01,0.000000000000000000e+00,0.000000000000000000e+00,0.000000000000000000e+00,1.000000000000000056e-01
9.969413042060369934e-01,-7.813220356831093727e-02,1.842480264753337598e-03,7.496151147441429430e+01,7.812199924499629855e-02,9.969308691540249567e-01,5.078913443356683835e-03,5.685784071559805142e+00,-2.233652150801858447e-03,-4.919440350317605404e-03,9.999854048458451938e-01,5.658622279930805021e-01,0.000000000000000000e+00,0.000000000000000000e+00,0.000000000000000000e+00,1.000000000000000056e-01
9.974232359815928817e-01,-7.169557145900914974e-02,2.575530464562914099e-03,7.557295380486733904e+01,7.168610808554842784e-02,9.974207593585627807e-01,3.595929384061629600e-03,5.741739721025568066e+00,-2.826699763831994842e-03,-3.402033767351766384e-03,9.999902179195009344e-01,5.871773705367735463e-01,0.000000000000000000e+00,0.000000000000000000e+00,0.000000000000000000e+00,1.000000000000000056e-01
9.977158023250451979e-01,-6.736454734262170563e-02,5.019517129660281893e-03,7.614422455936394840e+01,6.733222582538064827e-02,9.977103915617188123e-01,6.351845020282208265e-03,5.800168362796191524e+00,-5.435913565465910757e-03,-5.999360889746554668e-03,9.999672287193333009e-01,5.816984025657945256e-01,0.000000000000000000e+00,0.000000000000000000e+00,0.000000000000000000e+00,1.000000000000000056e-01
9.979088560559290499e-01,-6.413301903041437879e-02,8.054245786640001209e-03,7.669318900488488566e+01,6.409876941890202406e-02,9.979336772732783079e-01,4.441117293517315122e-03,5.818602389654148332e+00,-8.322425375425913929e-03,-3.915563034463067325e-03,9.999577019064324057e-01,5.917128820683744683e-01,0.000000000000000000e+00,0.000000000000000000e+00,0.000000000000000000e+00,1.000000000000000056e-01
9.983143324651372330e-01,-5.690535639052970995e-02,1.141376400467016342e-02,7.726152106987267132e+01,5.691245962826295413e-02,9.983791278823332949e-01,-2.982414676344648219e-04,5.810894422427596240e+00,-1.137829221583119138e-02,9.473241147972349084e-04,9.999348163971852887e-01,6.083034001154855597e-01,0.000000000000000000e+00,0.000000000000000000e+00,0.000000000000000000e+00,1.000000000000000056e-01
9.987983938740673251e-01,-4.682245298927129040e-02,1.447156835491152094e-02,7.781189696125606758e+01,4.691315080317627617e-02,9.988809969125854726e-01,-5.992519389853632854e-03,5.826552198486918854e+00,-1.417479016782392798e-02,6.664225610437452506e-03,9.998773241856779848e-01,6.119760014579221918e-01,0.000000000000000000e+00,0.000000000000000000e+00,0.000000000000000000e+00,1.000000000000000056e-01
9.993010053874430421e-01,-3.451557807674240225e-02,1.435881268328813819e-02,7.831547622558362320e+01,3.452324246041641592e-02,9.994038542219281229e-01,-2.861754258506973196e-04,5.862648896134194487e+00,-1.434037522747427622e-02,7.816881624786402435e-04,9.998968659826631411e-01,6.141885849966811639e-01,0.000000000000000000e+00,0.000000000000000000e+00,0.000000000000000000e+00,1.000000000000000056e-01
9.997559544236098716e-01,-1.562676282408550360e-02,1.561524505656621681e-02,7.882765546411297919e+01,1.559408236138284248e-02,9.998759571662176882e-01,2.212436721430111313e-03,5.877062457658319694e+00,-1.564788132122828246e-02,-1.968391368529933457e-03,9.998756268884531062e-01,6.155070311237028635e-01,0.000000000000000000e+00,0.000000000000000000e+00,0.000000000000000000e+00,1.000000000000000056e-01
9.999022608771045428e-01,8.262994410090402243e-04,1.395657271999886130e-02,7.932741621825684319e+01,-9.035898351741327578e-04,9.999842872331083932e-01,5.532523140656191683e-03,5.883090422865528524e+00,-1.395178190284661161e-02,-5.544593413940685118e-03,9.998872962817406673e-01,6.248983979466007366e-01,0.000000000000000000e+00,0.000000000000000000e+00,0.000000000000000000e+00,1.000000000000000056e-01
9.996456556033194163e-01,2.309174516049957923e-02,1.324139489827985162e-02,7.984965636960026814e+01,-2.315387966649163146e-02,9.997215202802230971e-01,4.558480557068387250e-03,5.871187831620234832e+00,-1.313244416699620686e-02,-4.863454949116881136e-03,9.999019380500062670e-01,6.355635450248803275e-01,0.000000000000000000e+00,0.000000000000000000e+00,0.000000000000000000e+00,1.000000000000000056e-01
9.987131659839024733e-01,4.855229522073504361e-02,1.465219161793205986e-02,8.035933870632946707e+01,-4.862792424118737161e-02,9.988051872124698027e-01,4.850049634436044872e-03,5.833201956766250973e+00,-1.439920395033525598e-02,-5.556314089550851675e-03,9.998808880558398560e-01,6.532053750216889609e-01,0.000000000000000000e+00,0.000000000000000000e+00,0.000000000000000000e+00,1.000000000000000056e-01
9.973309475402417634e-01,7.142000550446529761e-02,1.517115329254064421e-02,8.081633628364855326e+01,-7.151905623235900455e-02,9.974206466441492003e-01,6.089190717978970949e-03,5.836836149690903142e+00,-1.469713149278760456e-02,-7.157964913954165120e-03,9.998663700035992363e-01,6.475013136784795176e-01,0.000000000000000000e+00,0.000000000000000000e+00,0.000000000000000000e+00,1.000000000000000056e-01
9.944241180341995001e-01,1.043228565449232231e-01,1.540827940465237453e-02,8.130805684675345901e+01,-1.043471264801245496e-01,9.945406340369952192e-01,7.774603736006458626e-04,5.760386194766282664e+00,-1.524305308149764490e-02,-2.380935026202720805e-03,9.998809831580734997e-01,6.445889858124751459e-01,0.000000000000000000e+00,0.000000000000000000e+00,0.000000000000000000e+00,1.000000000000000056e-01
