1.000000000000000000e+00,-2.075786323257040665e-12,1.043466373540449829e-12,1.720127612957723579e-19,2.075786323257339549e-12,1.000000000000000000e+00,-2.866565646625036645e-13,4.682759455510116919e-19,-1.043466373539854889e-12,2.866565646646696620e-13,1.000000000000000000e+00,-3.262084093118758138e-19,0.000000000000000000e+00,0.000000000000000000e+00,0.000000000000000000e+00,1.000000000000000056e-01
9.999990315076446867e-01,-6.301953512919581486e-04,-1.240901926785764435e-03,6.468619789714621371e-01,6.268776550743794746e-04,9.999962331972219731e-01,-2.672193064269433749e-03,-4.490971221354534380e-03,1.242581256199796601e-03,2.671412582580837917e-03,9.999956597638988143e-01,-3.715200471621323474e-04,0.000000000000000000e+00,0.000000000000000000e+00,0.000000000000000000e+00,1.000000000000000056e-01
9.999803602591481599e-01,-5.428604591163668433e-03,-3.131987895435511902e-03,1.307175527015281835e+00,5.419852831781027044e-03,9.999814034272045404e-01,-2.796067781749062790e-03,5.314235401101767738e-03,3.147108397591827974e-03,2.779037954238245105e-03,9.999911862895506376e-01,4.362670337269083237e-03,0.000000000000000000e+00,0.000000000000000000e+00,0.000000000000000000e+00,1.000000000000000056e-01
9.999362949452560434e-01,-9.952135276524687671e-03,-5.325509796410484407e-03,2.004906958628087654e+00,9.936835694753008361e-03,9.999464473213351967e-01,-2.891675261114242876e-03,1.418659500762643744e-02,5.354002944470020488e-03,2.838572330945703277e-03,9.999816384112223400e-01,8.817276152859449684e-03,0.000000000000000000e+00,0.000000000000000000e+00,0.000000000000000000e+00,1.000000000000000056e-01
9.998570966314803687e-01,-1.610043564622742548e-02,-5.153861432764180427e-03,2.702843767229247351e+00,1.609301431557289344e-02,9.998694063731662363e-01,-1.478204725641791119e-03,2.265939368107727087e-02,5.176988111364621940e-03,1.395052319389182343e-03,9.999856262082574831e-01,1.665017519970161605e-02,0.000000000000000000e+00,0.000000000000000000e+00,0.000000000000000000e+00,1.000000000000000056e-01
9.997518241466013533e-01,-2.135372197200022595e-02,-6.348911204725560774e-03,3.410883686859460973e+00,2.134419026871648903e-02,9.997709614497281017e-01,-1.565306250936607680e-03,3.076717279895683360e-02,6.380882173790959101e-03,1.429405410969102844e-03,9.999786203428827625e-01,3.034406920112361211e-02,0.000000000000000000e+00,0.000000000000000000e+00,0.000000000000000000e+00,1.000000000000000056e-01
9.996522925022959249e-01,-2.533397769909527530e-02,-7.313252959243776545e-03,4.129948560132081781e+00,2.533142026223580284e-02,9.996790103166326436e-01,-4.421310393736865613e-04,5.368495538801967143e-02,7.322106418383573546e-03,2.567222229016849293e-04,9.999731600654579999e-01,4.089639709706880538e-02,0.000000000000000000e+00,0.000000000000000000e+00,0.000000000000000000e+00,1.000000000000000056e-01
9.994980718211410320e-01,-3.008300617045096478e-02,-9.930617582496454807e-03,4.893414234065597057e+00,3.009755851887773934e-02,9.995460953422912187e-01,1.319188076784904608e-03,8.576690284841695378e-02,9.886424885867930654e-03,-1.617413282933734871e-03,9.999498200296094153e-01,5.568933447939101999e-02,0.000000000000000000e+00,0.000000000000000000e+00,0.000000000000000000e+00,1.000000000000000056e-01
9.993434080774806771e-01,-3.477098788527366313e-02,-1.018484823490816565e-02,5.655656314189037026e+00,3.479152659638212741e-02,9.993928860346161791e-01,1.846353296071444718e-03,1.260967002015754568e-01,1.011446534321980284e-02,-2.199487413656050355e-03,9.999464284880155152e-01,6.016445992569882661e-02,0.000000000000000000e+00,0.000000000000000000e+00,0.000000000000000000e+00,1.000000000000000056e-01
9.992103838669715854e-01,-3.889574306001688381e-02,-8.107400583942121070e-03,6.438747241296951529e+00,3.891247877157479745e-02,9.992407842834936105e-01,1.916773424381405539e-03,1.623389609146581591e-01,8.026690991379769463e-03,-2.230738962277454673e-03,9.999652974155708307e-01,7.107130201178173123e-02,0.000000000000000000e+00,0.000000000000000000e+00,0.000000000000000000e+00,1.000000000000000056e-01
9.991038535826717304e-01,-4.181191542519192839e-02,-6.576738152907977454e-03,7.236617983581808744e+00,4.182164787207845458e-02,9.991241810909681220e-01,1.349269641744166217e-03,2.025505453599134864e-01,6.514562573127523522e-03,-1.623110525766488597e-03,9.999774627393869242e-01,8.611863148872475615e-02,0.000000000000000000e+00,0.000000000000000000e+00,0.000000000000000000e+00,1.000000000000000056e-01
9.991212700176987926e-01,-4.145621463974415860e-02,-6.170094485832172335e-03,8.032326835456938596e+00,4.146853111229800021e-02,9.991380385089045912e-01,1.881736423353179291e-03,2.422323004028794635e-01,6.086766432927010612e-03,-2.135947640290740586e-03,9.999791942845955850e-01,1.003713487275965655e-01,0.000000000000000000e+00,0.000000000000000000e+00,0.000000000000000000e+00,1.000000000000000056e-01
9.990403339042196462e-01,-4.333575475477133288e-02,-6.357955046993178649e-03,8.867529085341132600e+00,4.333599488634203023e-02,9.990605494842934586e-01,-1.000567463951338018e-04,2.887396721222570406e-01,6.356318097468782735e-03,-1.755675820761246129e-04,9.999797829937703275e-01,1.153673551551186172e-01,0.000000000000000000e+00,0.000000000000000000e+00,0.000000000000000000e+00,1.000000000000000056e-01
9.989013442636447415e-01,-4.645153231409644007e-02,-6.193510632584307146e-03,9.642558999138131526e+00,4.644997294360981438e-02,9.989205391942963530e-01,-3.954608883440600270e-04,3.524712232563536607e-01,6.205194744840599602e-03,1.073380116610759486e-04,9.999807418329264008e-01,1.317825751975910120e-01,0.000000000000000000e+00,0.000000000000000000e+00,0.000000000000000000e+00,1.000000000000000056e-01
9.988331786335146179e-01,-4.803875142956737926e-02,-4.955766535834039803e-03,1.042539349646943414e+01,4.803961237529476985e-02,9.988454298055622349e-01,5.476653245065238611e-05,3.588818758604511716e-01,4.947413839662117944e-03,-2.927757330943452671e-04,9.999877186139184415e-01,1.384744813283906306e-01,0.000000000000000000e+00,0.000000000000000000e+00,0.000000000000000000e+00,1.000000000000000056e-01
9.987792209119759068e-01,-4.901299838858473590e-02,-6.147671382479295149e-03,1.122785002870708659e+01,4.900480950029394156e-02,9.987974523333490451e-01,-1.475756840135102489e-03,4.108360244492920699e-01,6.212609782230442759e-03,1.172689802076850446e-03,9.999800139394395826e-01,1.643427814856396885e-01,0.000000000000000000e+00,0.000000000000000000e+00,0.000000000000000000e+00,1.000000000000000056e-01
9.986538008936031163e-01,-5.138063081270376892e-02,-7.114544120904550684e-03,1.209555210144363535e+01,5.137560826713594847e-02,9.986790075032181413e-01,-8.870442879954512985e-04,4.617039224556259702e-01,7.150722756578823877e-03,5.203361180127700613e-04,9.999742978768918489e-01,1.756862645881171192e-01,0.000000000000000000e+00,0.000000000000000000e+00,0.000000000000000000e+00,1.000000000000000056e-01
9.985034271362851488e-01,-5.418785124110947482e-02,-7.388015631059801150e-03,1.299373042983872573e+01,5.418983952174608043e-02,9.985306487650696949e-01,6.906096090164115346e-05,5.327506704651594482e-01,7.373417776092712830e-03,-4.693129875728957977e-04,9.999727058553242731e-01,1.965091120177890061e-01,0.000000000000000000e+00,0.000000000000000000e+00,0.000000000000000000e+00,1.000000000000000056e-01
9.986591931803389111e-01,-5.094446827792462051e-02,-9.191138573329333400e-03,1.388363426284251467e+01,5.097709373531504606e-02,9.986942012610192654e-01,3.350862861357725622e-03,5.834318474452639958e-01,9.008428869426370056e-03,-3.814907534168347335e-03,9.999521461999120175e-01,2.088185747982758134e-01,0.000000000000000000e+00,0.000000000000000000e+00,0.000000000000000000e+00,1.000000000000000056e-01
9.978916427895395680e-01,-6.417919960906488808e-02,-9.659171203255597499e-03,1.481592519966385879e+01,6.424115652499480522e-02,9.979148531832860991e-01,6.246567418317527931e-03,7.115565822303837606e-01,9.238130715957353079e-03,-6.853913752030555556e-03,9.999338382148863502e-01,2.281018173385438996e-01,0.000000000000000000e+00,0.000000000000000000e+00,0.000000000000000000e+00,1.000000000000000056e-01
9.976590074296689536e-01,-6.769352149904568627e-02,-9.700105231691647303e-03,1.577731924019639997e+01,6.773189480502946058e-02,9.976967595953993850e-01,3.683248425009059274e-03,7.741733172044723554e-01,9.428431500948459068e-03,-4.331632474962083743e-03,9.999461693708985299e-01,2.343865567123794291e-01,0.000000000000000000e+00,0.000000000000000000e+00,0.000000000000000000e+00,1.000000000000000056e-01
9.975613929195461527e-01,-6.943142686908362893e-02,-7.109452815646117967e-03,1.670256965789905834e+01,6.945472031176758154e-02,9.975803399298386331e-01,3.083376701221000622e-03,8.584299835011830471e-01,6.878167112606741775e-03,-3.569642613846106798e-03,9.999699737836034164e-01,2.525737526699529112e-01,0.000000000000000000e+00,0.000000000000000000e+00,0.000000000000000000e+00,1.000000000000000056e-01
9.973686059418065408e-01,-7.218615963496113896e-02,-6.709861314016779717e-03,1.758206100241426384e+01,7.221483972234013504e-02,9.973805293773041480e-01,4.134796600236342878e-03,9.377408278228729355e-01,6.393809941979594451e-03,-4.608467880381494908e-03,9.999689401267528588e-01,2.721763961545705657e-01,0.000000000000000000e+00,0.000000000000000000e+00,0.000000000000000000e+00,1.000000000000000056e-01
9.972921511615842061e-01,-7.322866811499346984e-02,-6.776975549903399045e-03,1.849136462259533431e+01,7.326541038329338618e-02,9.972981719716323967e-01,5.341893241904269521e-03,1.007398834386055819e+00,6.367485600097974770e-03,-5.823946097315456025e-03,9.999627676963718237e-01,2.859133103421316324e-01,0.000000000000000000e+00,0.000000000000000000e+00,0.000000000000000000e+00,1.000000000000000056e-01
9.973337514343106891e-01,-7.260158082232902321e-02,-7.375548255110385074e-03,1.940821675344862385e+01,7.263446640823841005e-02,9.973493897549821074e-01,4.292906352965875257e-03,1.078534472694185675e+00,7.044326763795223309e-03,-4.817179409537798197e-03,9.999635854584811856e-01,3.067340345427118642e-01,0.000000000000000000e+00,0.000000000000000000e+00,0.000000000000000000e+00,1.000000000000000056e-01
9.972772264753325677e-01,-7.350738540554851985e-02,-5.898969783646473668e-03,2.033539841352241950e+01,7.350603181283707488e-02,9.972946726823660457e-01,-4.462359269257740505e-04,1.131167219829917414e+00,5.915812775807212202e-03,1.141106697850283874e-05,9.999825013613934388e-01,3.254801488001701215e-01,0.000000000000000000e+00,0.000000000000000000e+00,0.000000000000000000e+00,1.000000000000000056e-01
9.974145659011343090e-01,-7.182943288658419356e-02,-2.171704271647431975e-03,2.125115906599162585e+01,7.182878258998948162e-02,9.974169060949104049e-01,-3.760687392679002783e-04,1.211958141922915289e+00,2.193107359847668719e-03,2.191055643479647734e-04,9.999975711334802009e-01,3.307159929176527458e-01,0.000000000000000000e+00,0.000000000000000000e+00,0.000000000000000000e+00,1.000000000000000056e-01
9.973974638874794074e-01,-7.209896550088837341e-02,-1.954597811052105009e-04,2.221316259916294200e+01,7.209862099473438035e-02,9.973965144790751802e-01,-1.407748432654064383e-03,1.293359049332471589e+00,2.964481100750349617e-04,1.389992335843119424e-03,9.999989900194021786e-01,3.487685389436728789e-01,0.000000000000000000e+00,0.000000000000000000e+00,0.000000000000000000e+00,1.000000000000000056e-01
9.975435861069518184e-01,-7.003952951722974829e-02,1.121660326306233354e-03,2.318524761323690342e+01,7.004194320310760946e-02,9.975414402896630728e-01,-2.280591405141806603e-03,1.359642345077416659e+00,-9.591711083821234619e-04,2.353552597598169809e-03,9.999967703852623568e-01,3.629364142219956291e-01,0.000000000000000000e+00,0.000000000000000000e+00,0.000000000000000000e+00,1.000000000000000056e-01
9.978429414110810969e-01,-6.560586919000413464e-02,2.309589553561302178e-03,2.411529958836081278e+01,6.561451460898434784e-02,9.978374598799917283e-01,-3.890903863286473800e-03,1.423396970158083308e+00,-2.049328843605319282e-03,4.034053553192419074e-03,9.999897632792151825e-01,3.691381107570055331e-01,0.000000000000000000e+00,0.000000000000000000e+00,0.000000000000000000e+00,1.000000000000000056e-01
9.979638564040672621e-01,-6.378083893006879224e-02,-3.819640021184744403e-04,2.507206559562227355e+01,6.377808468009289744e-02,9.979511795714832711e-01,-5.079282077631834189e-03,1.492463258807884552e+00,7.051422985417971512e-04,5.044578997485667932e-03,9.999870274143944915e-01,3.804738928857876457e-01,0.000000000000000000e+00,0.000000000000000000e+00,0.000000000000000000e+00,1.000000000000000056e-01
9.980418981393905931e-01,-6.231373607055518127e-02,-5.419211681739516569e-03,2.602739751974354832e+01,6.229423289955209053e-02,9.980509835587949574e-01,-3.696317732338495147e-03,1.565107115428961970e+00,5.638980916679288934e-03,3.351494331075145165e-03,9.999784844585257737e-01,3.891687988643589557e-01,0.000000000000000000e+00,0.000000000000000000e+00,0.000000000000000000e+00,1.000000000000000056e-01
9.981050697665956317e-01,-6.090286804830542799e-02,-8.781251033305072576e-03,2.698240935940362561e+01,6.086208544554838618e-02,9.981344538501999430e-01,-4.839276018346192615e-03,1.631038459469144275e+00,9.059594993044128505e-03,4.295660677203416364e-03,9.999497342556316060e-01,4.088151022802244405e-01,0.000000000000000000e+00,0.000000000000000000e+00,0.000000000000000000e+00,1.000000000000000056e-01
9.981579625659311450e-01,-6.021743804590911492e-02,-7.385250260916615891e-03,2.795312421684537085e+01,6.015907810552360152e-02,9.981576574735941954e-01,-7.885185370081548156e-03,1.685195858172392702e+00,7.846469761796174766e-03,7.426370716179964138e-03,9.999416392621436334e-01,4.327024721372357829e-01,0.000000000000000000e+00,0.000000000000000000e+00,0.000000000000000000e+00,1.000000000000000056e-01
9.982165430321147115e-01,-5.954475564426073980e-02,-4.260902754072351875e-03,2.896359611147668645e+01,5.949474951614915769e-02,9.981676567946107248e-01,-1.103194040805053830e-02,1.732701013543239243e+00,4.909989513741518097e-03,1.075876407499429949e-02,9.999300680540382791e-01,4.493937434968392486e-01,0.000000000000000000e+00,0.000000000000000000e+00,0.000000000000000000e+00,1.000000000000000056e-01
9.982291526428521689e-01,-5.947347809802167040e-02,-1.210048287217391390e-03,2.992150741585994211e+01,5.944614636343609204e-02,9.981000339618376627e-01,-1.620116933790417130e-02,1.780328132111488548e+00,2.171289126347326123e-03,1.610054683241068929e-02,9.998680202382848048e-01,4.573897462052058938e-01,0.000000000000000000e+00,0.000000000000000000e+00,0.000000000000000000e+00,1.000000000000000056e-01
9.982655269268366771e-01,-5.883617181763872717e-02,-2.059765843579250584e-03,3.085094956294972235e+01,5.877481511432693095e-02,9.980155198976015107e-01,-2.259520196406353612e-02,1.825734600604806079e+00,3.385093464258957276e-03,2.243494883803900594e-02,9.997425739723565519e-01,4.782052968375655189e-01,0.000000000000000000e+00,0.000000000000000000e+00,0.000000000000000000e+00,1.000000000000000056e-01
9.982813470335829553e-01,-5.838611704558415577e-02,-5.041180531826236835e-03,3.180004391423079468e+01,5.824048697810182279e-02,9.979805534095029795e-01,-2.535469765183123725e-02,1.864207008055401182e+00,6.511362481744376735e-03,2.501752091638122233e-02,9.996658070604544921e-01,4.921543033575839221e-01,0.000000000000000000e+00,0.000000000000000000e+00,0.000000000000000000e+00,1.000000000000000056e-01
9.982859344078921504e-01,-5.795480284416832523e-02,-8.150704917689443468e-03,3.278825531246965852e+01,5.772365044280266394e-02,9.979887900942644441e-01,-2.619837830369106321e-02,1.936780437942012822e+00,9.652633988647612434e-03,2.568298412334054162e-02,9.996235346287127843e-01,5.069669150215774245e-01,0.000000000000000000e+00,0.000000000000000000e+00,0.000000000000000000e+00,1.000000000000000056e-01
9.982125188256998349e-01,-5.898717017645006833e-02,-9.606300756608969829e-03,3.376155482962697363e+01,5.871286560809348132e-02,9.979179289332923419e-01,-2.669469096233461833e-02,2.000905736559969395e+00,1.116094403434851785e-02,2.608296125947197688e-02,9.995974752169990429e-01,5.232939616007699080e-01,0.000000000000000000e+00,0.000000000000000000e+00,0.000000000000000000e+00,1.000000000000000056e-01
9.982065177400362144e-01,-5.923742211372749061e-02,-8.641513908502044400e-03,3.472997834480202073e+01,5.897499766565181961e-02,9.978670766033712614e-01,-2.798655179506611204e-02,2.071705748692478810e+00,1.028093340349633608e-02,2.742672514832249567e-02,9.995709465345574696e-01,5.502548417127935965e-01,0.000000000000000000e+00,0.000000000000000000e+00,0.000000000000000000e+00,1.000000000000000056e-01
9.981742420176475949e-01,-5.975373422054924138e-02,-8.813275168444361513e-03,3.571421384478152561e+01,5.950977671280393427e-02,9.978957538463671950e-01,-2.574200712809221123e-02,2.136785625827850588e+00,1.033291092030575939e-02,2.517053241571369851e-02,9.996297690894476728e-01,5.612625342144457186e-01,0.000000000000000000e+00,0.000000000000000000e+00,0.000000000000000000e+00,1.000000000000000056e-01
9.982708265924427060e-01,-5.819129525222266341e-02,-8.314441130334367103e-03,3.670129687369209393e+01,5.797316776476529876e-02,9.980192194291377383e-01,-2.442845613977796121e-02,2.205483569865501092e+00,9.719495550671614081e-03,2.390420061251424116e-02,9.996670048567758426e-01,5.864819445252964503e-01,0.000000000000000000e+00,0.000000000000000000e+00,0.000000000000000000e+00,1.000000000000000056e-01
9.982186846810430225e-01,-5.929365084728323992e-02,-6.612149639021263313e-03,3.771242064069745226e+01,5.911519532228080159e-02,9.979497511171993018e-01,-2.452932789802003341e-02,2.270068448529798388e+00,8.053026490514671870e-03,2.409475491306068209e-02,9.996772436891931957e-01,6.046342988485103875e-01,0.000000000000000000e+00,0.000000000000000000e+00,0.000000000000000000e+00,1.000000000000000056e-01
9.983518855603806808e-01,-5.721342700897951578e-02,-4.487356451259969133e-03,3.870639697494608100e+01,5.708810566683459459e-02,9.980728041041411203e-01,-2.432336117951360011e-02,2.331605866979683306e+00,5.870331285780992954e-03,2.402709881747928933e-02,9.996940720705561612e-01,6.363195741998064481e-01,0.000000000000000000e+00,0.000000000000000000e+00,0.000000000000000000e+00,1.000000000000000056e-01
9.983802286174530138e-01,-5.681273103704748834e-02,-3.038535481834757183e-03,3.972084408829110203e+01,5.674086349667940149e-02,9.981881489488065862e-01,-2.002233022917991601e-02,2.395228386353112082e+00,4.170553370173251014e-03,1.981748950465818393e-02,9.997949157673884368e-01,6.548228307972732143e-01,0.000000000000000000e+00,0.000000000000000000e+00,0.000000000000000000e+00,1.000000000000000056e-01
9.982804333831556409e-01,-5.855979199418785003e-02,-2.631935777411414067e-03,4.073001285455027443e+01,5.848495211808429212e-02,9.980283842201268518e-01,-2.277838156472464237e-02,2.464809745477039016e+00,3.960643897695574796e-03,2.258528398228042133e-02,9.997370745587839114e-01,6.740370002474648237e-01,0.000000000000000000e+00,0.000000000000000000e+00,0.000000000000000000e+00,1.000000000000000056e-01
9.983366523560334160e-01,-5.743137322381665355e-02,-5.056276512933346144e-03,4.174545315856591543e+01,5.730857713324369329e-02,9.981190452691567350e-01,-2.177380210137983690e-02,2.528206582296353311e+00,6.297265240691762335e-03,2.144781668640586419e-02,9.997501365890753000e-01,7.097211639834740682e-01,0.000000000000000000e+00,0.000000000000000000e+00,0.000000000000000000e+00,1.000000000000000056e-01
9.983896260656311972e-01,-5.630337765707810194e-02,-6.934279265619895660e-03,4.277726544473065928e+01,5.617230508117282417e-02,9.982618029905514501e-01,-1.783381148047424869e-02,2.604139986236199356e+00,7.926329944987991691e-03,1.741557792488919454e-02,9.998169187101932920e-01,7.359673708188850805e-01,0.000000000000000000e+00,0.000000000000000000e+00,0.000000000000000000e+00,1.000000000000000056e-01
9.984099964861827825e-01,-5.589132686565638497e-02,-7.323830804772600046e-03,4.383676907424806046e+01,5.573980310813922423e-02,9.982553557840262437e-01,-1.947611352331687223e-02,2.670954949793935551e+00,8.399599152724616588e-03,1.903691754732394353e-02,9.997834978155870633e-01,7.616553069797985520e-01,0.000000000000000000e+00,0.000000000000000000e+00,0.000000000000000000e+00,1.000000000000000056e-01
9.983874461929188593e-01,-5.633743259453940361e-02,-6.971439810922704268e-03,4.484249144874787874e+01,5.617037040489906291e-02,9.981742987591172289e-01,-2.220267518388412478e-02,2.730540222485311919e+00,8.209553761199687993e-03,2.177528381905398033e-02,9.997291834500189323e-01,7.947197951562543494e-01,0.000000000000000000e+00,0.000000000000000000e+00,0.000000000000000000e+00,1.000000000000000056e-01
9.985024432954194840e-01,-5.441846679031434042e-02,-5.612593453040659597e-03,4.582435758369696543e+01,5.427810949489829395e-02,9.982678904242476836e-01,-2.269594187475272931e-02,2.791090828447842842e+00,6.837950185361978128e-03,2.235731245283693533e-02,9.997266591509644806e-01,8.154463373876645882e-01,0.000000000000000000e+00,0.000000000000000000e+00,0.000000000000000000e+00,1.000000000000000056e-01
9.983252998224971808e-01,-5.728854050853465774e-02,-8.038585741471178728e-03,4.673781445045183602e+01,5.711671119172921640e-02,9.981634154660610214e-01,-2.018606766480807863e-02,2.847474304218909236e+00,9.180252554347028207e-03,1.969312447352117995e-02,9.997639240398249472e-01,8.399280991985833555e-01,0.000000000000000000e+00,0.000000000000000000e+00,0.000000000000000000e+00,1.000000000000000056e-01
9.984154025227821583e-01,-5.482999023252185800e-02,-1.266318192131554374e-02,4.769208386674795008e+01,5.458797060060747997e-02,9.983333470387657504e-01,-1.872649609731114745e-02,2.905120109482811408e+00,1.366885038977266181e-02,1.800556473640730487e-02,9.997444484304701673e-01,8.558396275508716178e-01,0.000000000000000000e+00,0.000000000000000000e+00,0.000000000000000000e+00,1.000000000000000056e-01
9.985143729044456684e-01,-5.317014679619000428e-02,-1.191564488029297174e-02,4.865426975914107288e+01,5.291990693249874755e-02,9.983900589403069681e-01,-2.041503513163779593e-02,2.964777580874406571e+00,1.298193180914602486e-02,1.975413118418373193e-02,9.997205828368548319e-01,8.820950587315070646e-01,0.000000000000000000e+00,0.000000000000000000e+00,0.000000000000000000e+00,1.000000000000000056e-01
9.987175148425213589e-01,-4.849463407326141950e-02,-1.454634018846423862e-02,4.961869772760807962e+01,4.819867780420311609e-02,9.986365201351490306e-01,-2.004964115106873737e-02,3.030958361398554235e+00,1.549880655743127861e-02,1.932281341990560106e-02,9.996931608632895205e-01,9.027769069873796681e-01,0.000000000000000000e+00,0.000000000000000000e+00,0.000000000000000000e+00,1.000000000000000056e-01
9.988041930453401829e-01,-4.753003874158048120e-02,-1.144899001094535490e-02,5.062746130342586781e+01,4.725320882216973301e-02,9.986101117734113020e-01,-2.334478356942857810e-02,3.092742590455468843e+00,1.254265566199156204e-02,2.277586619909109308e-02,9.996619137027407120e-01,9.410356099951669995e-01,0.000000000000000000e+00,0.000000000000000000e+00,0.000000000000000000e+00,1.000000000000000056e-01
9.989150588289555932e-01,-4.544775897255248082e-02,-1.015905749156438900e-02,5.157910544222923477e+01,4.520658327957288031e-02,9.987168152991451331e-01,-2.282734471900585427e-02,3.143978879171944296e+00,1.118347320518885482e-02,2.234332211436020760e-02,9.996878042088753746e-01,9.658177870729327541e-01,0.000000000000000000e+00,0.000000000000000000e+00,0.000000000000000000e+00,1.000000000000000056e-01
9.989548609945946289e-01,-4.455390353468435122e-02,-1.020467417863496831e-02,5.253752181817527145e+01,4.426589370488476921e-02,9.986576604966131976e-01,-2.689624111170779708e-02,3.182635319159520915e+00,1.138930857330243407e-02,2.641641177853872730e-02,9.995861427805853294e-01,9.917196853174370386e-01,0.000000000000000000e+00,0.000000000000000000e+00,0.000000000000000000e+00,1.000000000000000056e-01
9.989131410167485514e-01,-4.514021400564206116e-02,-1.161455051124515858e-02,5.352170578745518270e+01,4.477631519391809395e-02,9.985499162925716155e-01,-2.988555286008682393e-02,3.237775268229083014e+00,1.294674869256094360e-02,2.933301470396420391e-02,9.994858457960615894e-01,1.033251953350374786e+00,0.000000000000000000e+00,0.000000000000000000e+00,0.000000000000000000e+00,1.000000000000000056e-01
9.989245589404615044e-01,-4.480423710705071921e-02,-1.192920294318423197e-02,5.448296923954372772e+01,4.444310470495763804e-02,9.985912452430827368e-01,-2.898853856360444556e-02,3.277428376855718639e+00,1.321120697698240781e-02,2.842719228352650132e-02,9.995085586172269831e-01,1.052092463033829528e+00,0.000000000000000000e+00,0.000000000000000000e+00,0.000000000000000000e+00,1.000000000000000056e-01
9.988961104248735845e-01,-4.639373007387998654e-02,-7.360868691307218513e-03,5.542506848483047577e+01,4.613949970223076708e-02,9.984352234923283831e-01,-3.159511128405904229e-02,3.320760016417571237e+00,8.815165641469840593e-03,3.122060697129688117e-02,9.994736447526053613e-01,1.084951065933998704e+00,0.000000000000000000e+00,0.000000000000000000e+00,0.000000000000000000e+00,1.000000000000000056e-01
9.987709019444309666e-01,-4.953189823404864633e-02,-1.810106748164897568e-03,5.636657660256382485e+01,4.944989605097160901e-02,9.982745471872506160e-01,-3.166443144346511168e-02,3.366948311781693626e+00,3.375382890281623284e-03,3.153600316180932978e-02,9.994969171012596520e-01,1.121861654331022029e+00,0.000000000000000000e+00,0.000000000000000000e+00,0.000000000000000000e+00,1.000000000000000056e-01
9.987765421370279340e-01,-4.942320592698019877e-02,-1.663007125958581873e-03,5.732359709206824050e+01,4.935525862477264936e-02,9.983689787434970597e-01,-2.869565696666446716e-02,3.428635438354382448e+00,3.078526089459869466e-03,2.857847089271892474e-02,9.995868114768974300e-01,1.133904664950033059e+00,0.000000000000000000e+00,0.000000000000000000e+00,0.000000000000000000e+00,1.000000000000000056e-01
9.987063509769458225e-01,-5.062637959007315613e-02,-4.753336503477119737e-03,5.822723167325916904e+01,5.047167604848581957e-02,9.983214743620761888e-01,-2.840499506050125911e-02,3.482236117891539529e+00,6.183399968477443220e-03,2.812834010623844333e-02,9.995851949922516244e-01,1.151836068294445292e+00,0.000000000000000000e+00,0.000000000000000000e+00,0.000000000000000000e+00,1.000000000000000056e-01
9.985002941637503016e-01,-5.371593525722010570e-02,-1.057170063642550416e-02,5.914434053614362341e+01,5.339747784992594087e-02,9.981694715960089948e-01,-2.839745293174793933e-02,3.540123029467481253e+00,1.207774458128376381e-02,2.779036295528199141e-02,9.995408064769757406e-01,1.172874188914509341e+00,0.000000000000000000e+00,0.000000000000000000e+00,0.000000000000000000e+00,1.000000000000000056e-01
9.984233715305911305e-01,-5.379525732444703778e-02,-1.602627439187974054e-02,6.008768255934115388e+01,5.335668512183733281e-02,9.982200942147954059e-01,-2.664033893579489248e-02,3.599349584310099548e+00,1.743087302163593214e-02,2.574322814259032144e-02,9.995166086016290530e-01,1.206442935954082252e+00,0.000000000000000000e+00,0.000000000000000000e+00,0.000000000000000000e+00,1.000000000000000056e-01
9.983985827347892084e-01,-5.429106751827621202e-02,-1.589811249457577166e-02,6.100052425693107239e+01,5.390847833572745551e-02,9.982674584087553038e-01,-2.357874987463045094e-02,3.667816136499125523e+00,1.715068385489674010e-02,2.268394740449633865e-02,9.995955645026939340e-01,1.223307499533272447e+00,0.000000000000000000e+00,0.000000000000000000e+00,0.000000000000000000e+00,1.000000000000000056e-01
9.983794987804869292e-01,-5.534180915645425802e-02,-1.325370039326133169e-02,6.191979684357096403e+01,5.505139098727937497e-02,9.982550843373219074e-01,-2.135722231593052689e-02,3.727361731745594486e+00,1.441252112537687834e-02,2.059297826874446208e-02,9.996840543295835158e-01,1.258590486749976645e+00,0.000000000000000000e+00,0.000000000000000000e+00,0.000000000000000000e+00,1.000000000000000056e-01
9.982347985748769581e-01,-5.809990772316367402e-02,-1.231615348778349918e-02,6.280433910878288373e+01,5.783339313694084438e-02,9.981055343734963614e-01,-2.099144805070228895e-02,3.790304136046628969e+00,1.351242215307153598e-02,2.024210897009390622e-02,9.997037918663708167e-01,1.294909161767804129e+00,0.000000000000000000e+00,0.000000000000000000e+00,0.000000000000000000e+00,1.000000000000000056e-01
9.983024083393511328e-01,-5.641973224061455627e-02,-1.446082009254259781e-02,6.363171344351999181e+01,5.611602546953736725e-02,9.982114770616283828e-01,-2.061161682024013550e-02,3.852695049378582759e+00,1.559785848614351697e-02,1.976514296279008667e-02,9.996829727140033039e-01,1.324511860792769946e+00,0.000000000000000000e+00,0.000000000000000000e+00,0.000000000000000000e+00,1.000000000000000056e-01
9.982735999236136415e-01,-5.733563927782422964e-02,-1.274535853368747619e-02,6.445243904885313668e+01,5.709772366016394041e-02,9.982007361760284470e-01,-1.830683616746486483e-02,3.900268168897846000e+00,1.377206042597025649e-02,1.754750028460076369e-02,9.997511768362092877e-01,1.350727363236893241e+00,0.000000000000000000e+00,0.000000000000000000e+00,0.000000000000000000e+00,1.000000000000000056e-01
9.981499835213122340e-01,-5.914307570695449129e-02,-1.409634677232125821e-02,6.526257192609769220e+01,5.887831888583968526e-02,9.980935375405203258e-01,-1.851037236327853636e-02,3.951233239209046566e+00,1.516423297042931995e-02,1.764615866899371666e-02,9.997292929201621048e-01,1.380770415736581436e+00,0.000000000000000000e+00,0.000000000000000000e+00,0.000000000000000000e+00,1.000000000000000056e-01
9.981155906253857957e-01,-6.005101001573862063e-02,-1.261522677667096734e-02,6.606868644541189894e+01,5.981210662347717644e-02,9.980376329986375694e-01,-1.853092063926194827e-02,3.993880228402025612e+00,1.370327157283890082e-02,1.774145750964350315e-02,9.997486989407060598e-01,1.413470800119093429e+00,0.000000000000000000e+00,0.000000000000000000e+00,0.000000000000000000e+00,1.000000000000000056e-01
9.980123606910634715e-01,-6.165492899494218887e-02,-1.303831424990616571e-02,6.681949668149535171e+01,6.141686228201933412e-02,9.979510895736416476e-01,-1.793298207808563874e-02,4.047625742312273900e+00,1.411725664858933839e-02,1.709656542730460596e-02,9.997541750426990337e-01,1.436854861021448215e+00,0.000000000000000000e+00,0.000000000000000000e+00,0.000000000000000000e+00,1.000000000000000056e-01
9.979295238362636544e-01,-6.329789155562144665e-02,-1.140361260921211005e-02,6.760788838802091050e+01,6.309412208713634229e-02,9.978555194657252603e-01,-1.742108004232426066e-02,4.102548217783365203e+00,1.248187541925208609e-02,1.666550918515005003e-02,9.997832082954873911e-01,1.456623378941803049e+00,0.000000000000000000e+00,0.000000000000000000e+00,0.000000000000000000e+00,1.000000000000000056e-01
9.978129436514980855e-01,-6.562791750725711915e-02,-7.893410238486839661e-03,6.835955032840496415e+01,6.550086722331339983e-02,9.977336504173666132e-01,-1.540127325353353623e-02,4.162132539135650511e+00,8.886274502076916063e-03,1.485056458511911474e-02,9.998502362138926847e-01,1.480923497811478251e+00,0.000000000000000000e+00,0.000000000000000000e+00,0.000000000000000000e+00,1.000000000000000056e-01
9.979214988599579561e-01,-6.404491817628880923e-02,-7.136565622725745198e-03,6.905439728707659697e+01,6.395272827451804754e-02,9.978749714439365537e-01,-1.247356853544609456e-02,4.211128667189401931e+00,7.920268893204207919e-03,1.199123936694133225e-02,9.998967344276628033e-01,1.506397416659655653e+00,0.000000000000000000e+00,0.000000000000000000e+00,0.000000000000000000e+00,1.000000000000000056e-01
9.979900794812862630e-01,-6.274495606645912049e-02,-8.880976587854878118e-03,6.971773104182894087e+01,6.265276795819409161e-02,9.979821950657273844e-01,-1.030383418777902106e-02,4.259808508663937232e+00,9.509570132903016892e-03,9.726706534622554454e-03,9.999074753475326593e-01,1.538550496488177544e+00,0.000000000000000000e+00,0.000000000000000000e+00,0.000000000000000000e+00,1.000000000000000056e-01
9.977267356640544538e-01,-6.595318012556213028e-02,-1.383976056422833029e-02,7.040510718138489210e+01,6.582369584181661792e-02,9.977849700697095647e-01,-9.612209356477918396e-03,4.320140822968695282e+00,1.444306085544291157e-02,8.679374073854861579e-03,9.998580231506931648e-01,1.561649589298386820e+00,0.000000000000000000e+00,0.000000000000000000e+00,0.000000000000000000e+00,1.000000000000000056e-01
9.977108290977017013e-01,-6.528213916918873538e-02,-1.764493713990840720e-02,7.114573175770242131e+01,6.510701015664915881e-02,9.978248764287173111e-01,-1.032439869808991252e-02,4.375003165934577609e+00,1.828055605386848595e-02,9.151955283425066215e-03,9.997910096539434077e-01,1.589176508301512580e+00,0.000000000000000000e+00,0.000000000000000000e+00,0.000000000000000000e+00,1.000000000000000056e-01
9.975786744926088412e-01,-6.728623106734006598e-02,-1.758838555189434771e-02,7.185578894288154572e+01,6.710923941567274731e-02,9.976907265835772698e-01,-1.046728590340688207e-02,4.426043885557828794e+00,1.825207337864610813e-02,9.261598020118571098e-03,9.997905203688891573e-01,1.611131242833991450e+00,0.000000000000000000e+00,0.000000000000000000e+00,0.000000000000000000e+00,1.000000000000000056e-01
9.975698736785225673e-01,-6.793632723305552401e-02,-1.545970798882200306e-02,7.253575655402292455e+01,6.780217190900859892e-02,9.976578014832782060e-01,-9.043042849233033989e-03,4.477275725873633760e+00,1.603784940188967070e-02,7.972865334057681677e-03,9.998395975379887890e-01,1.629457588863388651e+00,0.000000000000000000e+00,0.000000000000000000e+00,0.000000000000000000e+00,1.000000000000000056e-01
9.975093719828219685e-01,-6.890861887490576376e-02,-1.505506729274210670e-02,7.317167798353844432e+01,6.877110647980189118e-02,9.975875270735211631e-01,-9.468935572726823804e-03,4.524900226129494385e+00,1.567123862302411894e-02,8.409998340646788681e-03,9.998418295950267654e-01,1.649231056573930099e+00,0.000000000000000000e+00,0.000000000000000000e+00,0.000000000000000000e+00,1.000000000000000056e-01
9.974158012387898120e-01,-6.984590577434733605e-02,-1.683059374305807820e-02,7.375504415369108813e+01,6.967805972766814848e-02,9.975157173134637789e-01,-1.036154936258492504e-02,4.561674935499350880e+00,1.751249359087343055e-02,9.162049943476996416e-03,9.998046656267727261e-01,1.675602561706873939e+00,0.000000000000000000e+00,0.000000000000000000e+00,0.000000000000000000e+00,1.000000000000000056e-01
9.973873613291545093e-01,-6.933772097075541208e-02,-2.026652193762651724e-02,7.439718783359693077e+01,6.899182130049708039e-02,9.974672749738880961e-01,-1.729635654715222515e-02,4.592149972611606401e+00,2.141448235439998363e-02,1.585294315726907405e-02,9.996449890529864879e-01,1.708490499525497031e+00,0.000000000000000000e+00,0.000000000000000000e+00,0.000000000000000000e+00,1.000000000000000056e-01
9.973523545951932245e-01,-6.840129444666964709e-02,-2.468893884807316433e-02,7.502368096932164576e+01,6.791006485712278162e-02,9.974866091703668003e-01,-2.021602376594682643e-02,4.614968561695345528e+00,2.600968808973444166e-02,1.848587146509326345e-02,9.994907546754251415e-01,1.730171453897967559e+00,0.000000000000000000e+00,0.000000000000000000e+00,0.000000000000000000e+00,1.000000000000000056e-01
9.976921811299526155e-01,-6.325860761022079892e-02,-2.467104123003075605e-02,7.561195792360143741e+01,6.276375817775729782e-02,9.978210804620011309e-01,-2.034212489020566575e-02,4.655363531048861248e+00,2.590409951265949112e-02,1.874673168477205762e-02,9.994886380942893389e-01,1.760033299536372109e+00,0.000000000000000000e+00,0.000000000000000000e+00,0.000000000000000000e+00,1.000000000000000056e-01
9.980031450850856967e-01,-5.847899573223439701e-02,-2.387319539623412520e-02,7.618346816423995449e+01,5.810632463729813874e-02,9.981819003610656882e-01,-1.601714171493626507e-02,4.707995369400233443e+00,2.476645791029437674e-02,1.459797416495668340e-02,9.995866754378316399e-01,1.771604680981412772e+00,0.000000000000000000e+00,0.000000000000000000e+00,0.000000000000000000e+00,1.000000000000000056e-01
9.984756355576508424e-01,-5.138106514099329697e-02,-2.015915034722958951e-02,7.672230998374789124e+01,5.101432144579310518e-02,9.985301766132943513e-01,-1.830369908101639118e-02,4.727335326328740983e+00,2.106998351139595729e-02,1.724739219708619140e-02,9.996292228907823763e-01,1.799151071747852715e+00,0.000000000000000000e+00,0.000000000000000000e+00,0.000000000000000000e+00,1.000000000000000056e-01
9.988834692290351480e-01,-4.401056425182023335e-02,-1.717221986825020683e-02,7.728877108551279207e+01,4.361582418310339104e-02,9.987899576283013614e-01,-2.272180498297826645e-02,4.734297582708733465e+00,1.815144021271419481e-02,2.194745486593571715e-02,9.995943349394853517e-01,1.819336383174741778e+00,0.000000000000000000e+00,0.000000000000000000e+00,0.000000000000000000e+00,1.000000000000000056e-01
9.992547450906689166e-01,-3.576743807380081824e-02,-1.451360697480684470e-02,7.784342917067976941e+01,3.539436385811210034e-02,9.990557643849293790e-01,-2.519560787764689447e-02,4.739485326876325288e+00,1.540108505469359873e-02,2.466313084102254860e-02,9.995771788892825471e-01,1.852121290858410374e+00,0.000000000000000000e+00,0.000000000000000000e+00,0.000000000000000000e+00,1.000000000000000056e-01
9.996048917322410965e-01,-2.393078431910861809e-02,-1.474374399014559758e-02,7.833014251101434411e+01,2.361431989319742741e-02,9.994946992721717161e-01,-2.127698340490884535e-02,4.753911044572268096e+00,1.524546886640059176e-02,2.092041320584589123e-02,9.996648998491145521e-01,1.876847866059175640e+00,0.000000000000000000e+00,0.000000000000000000e+00,0.000000000000000000e+00,1.000000000000000056e-01
9.998486610542576258e-01,-9.610048865197061072e-03,-1.450179122787216557e-02,7.883426109782061530e+01,9.325995367295116314e-03,9.997657830193036332e-01,-1.952959073324309069e-02,4.764000105161382947e+00,1.468607498337985012e-02,1.939139150776212489e-02,9.997041027909084887e-01,1.884571472596303643e+00,0.000000000000000000e+00,0.000000000000000000e+00,0.000000000000000000e+00,1.000000000000000056e-01
9.998657285464604971e-01,9.267622296119963285e-03,-1.351429077799686310e-02,7.932724714888774997e+01,-9.436362290843497078e-03,9.998776423283929349e-01,-1.247619487384549718e-02,4.755516226917393396e+00,1.339701253906025805e-02,1.260204542091012715e-02,9.998308399455567708e-01,1.899338812229657947e+00,0.000000000000000000e+00,0.000000000000000000e+00,0.000000000000000000e+00,1.000000000000000056e-01
9.994195683887356907e-01,3.143536710207733842e-02,-1.312798601579778270e-02,7.981785437180279530e+01,-3.162398331921606465e-02,9.993958703078442696e-01,-1.441589715045382344e-02,4.726289734797142650e+00,1.266688599061712751e-02,1.482268891882145348e-02,9.998099008774200547e-01,1.918790729820212926e+00,0.000000000000000000e+00,0.000000000000000000e+00,0.000000000000000000e+00,1.000000000000000056e-01
9.983462383141019636e-01,5.604243704585515351e-02,-1.280756393869233664e-02,8.030461584861164681e+01,-5.626098193724625440e-02,9.982645906501625976e-01,-1.739278486960103842e-02,4.706939585022498207e+00,1.181060352137777020e-02,1.808458747178751796e-02,9.997667014561127941e-01,1.937602219279084048e+00,0.000000000000000000e+00,0.000000000000000000e+00,0.000000000000000000e+00,1.000000000000000056e-01
9.963656163289859036e-01,8.446051199357663963e-02,-1.104447876284414889e-02,8.077372116165211935e+01,-8.465289225887305535e-02,9.962424959430188354e-01,-1.829691529826280375e-02,4.657733135515492506e+00,9.457612255091136372e-03,1.916536435883932701e-02,9.997715951053146588e-01,1.954230135772035082e+00,0.000000000000000000e+00,0.000000000000000000e+00,0.000000000000000000e+00,1.000000000000000056e-01
9.930526398032918367e-01,1.172980159025343722e-01,-9.361092085985334849e-03,8.123912161397905152e+01,-1.174588783408856835e-01,9.928952699002290272e-01,-1.903667273061030243e-02,4.594315372670300768e+00,7.061620112588837782e-03,2.000396148466948229e-02,9.997749622021474547e-01,1.969568056193119032e+00,0.000000000000000000e+00,0.000000000000000000e+00,0.000000000000000000e+00,1.000000000000000056e-01
