9.999901095930948669e-01,-4.397577485840711148e-03,-6.648520483233178510e-04,6.429384747279783818e-01,4.396050134679084162e-03,9.999877345663310546e-01,-2.281547744499835134e-03,2.011308798314017862e-02,6.748771766187026781e-04,2.278602456127694874e-03,9.999971762518349294e-01,9.648354165100587326e-03,0.000000000000000000e+00,0.000000000000000000e+00,0.000000000000000000e+00,1.000000000000000056e-01
9.999551728405278173e-01,-9.439523611979423745e-03,-7.400698947073108347e-04,1.290496659653636247e+00,9.438169953910089532e-03,9.999538182160971900e-01,-1.811734795565110492e-03,3.868376905650905417e-02,7.571376303407421253e-04,1.804668675196488287e-03,9.999980849549570117e-01,1.391967876441130986e-02,0.000000000000000000e+00,0.000000000000000000e+00,0.000000000000000000e+00,1.000000000000000056e-01
9.998594920284757936e-01,-1.663768777147107275e-02,-2.045371892180236628e-03,1.997487375812789567e+00,1.663362447922803189e-02,9.998596757601946328e-01,-1.987794104636197903e-03,5.099221070330714478e-02,2.078157174591255263e-03,1.953492855743854065e-03,9.999959325559381051e-01,1.616905512328002323e-02,0.000000000000000000e+00,0.000000000000000000e+00,0.000000000000000000e+00,1.000000000000000056e-01
9.997191834520531284e-01,-2.363003003248850473e-02,-1.782110721558371590e-03,2.700729556597870840e+00,2.363003632768069864e-02,9.997207715537314021e-01,-1.752610855096567568e-05,6.152860813965202458e-02,1.782027248021924009e-03,-2.459015416071012384e-05,9.999984118858447069e-01,1.592138019160789855e-02,0.000000000000000000e+00,0.000000000000000000e+00,0.000000000000000000e+00,1.000000000000000056e-01
9.995721500274618032e-01,-2.921620861649702749e-02,-1.389260074577910922e-03,3.410145145559922319e+00,2.921769215653260282e-02,9.995725102375682125e-01,1.059831313328658819e-03,8.417322727535839211e-02,1.357701927370167424e-03,-1.099968837714735033e-03,9.999984733558509031e-01,2.783774999961062188e-02,0.000000000000000000e+00,0.000000000000000000e+00,0.000000000000000000e+00,1.000000000000000056e-01
9.994010810360911545e-01,-3.455437493076295857e-02,-1.863973453827328253e-03,4.146253070601471968e+00,3.455734559273295620e-02,9.994014584670021240e-01,1.585774136926186616e-03,1.063360141391121588e-01,1.808062354215952613e-03,-1.649238361542696525e-03,9.999970054571913902e-01,4.093473258678520521e-02,0.000000000000000000e+00,0.000000000000000000e+00,0.000000000000000000e+00,1.000000000000000056e-01
9.990994892043063569e-01,-4.240639621224355504e-02,-1.381387702436721399e-03,4.913384054788099142e+00,4.240933892372143743e-02,9.990979505817989548e-01,2.175572407947936899e-03,1.482476129077487104e-01,1.287883436943563229e-03,-2.232197020765466170e-03,9.999966793208432403e-01,4.347215354660973613e-02,0.000000000000000000e+00,0.000000000000000000e+00,0.000000000000000000e+00,1.000000000000000056e-01
9.987924901874550843e-01,-4.912428341478078386e-02,6.052471617316349754e-04,5.681381707555362759e+00,4.912197433322600115e-02,9.987870934463005668e-01,3.372477234441419430e-03,1.905874994591590932e-01,-7.701835809571591380e-04,-3.338673999544408081e-03,9.999941300193598837e-01,3.949983912498879202e-02,0.000000000000000000e+00,0.000000000000000000e+00,0.000000000000000000e+00,1.000000000000000056e-01
9.985240968891712088e-01,-5.423776731531114448e-02,2.809364396992217270e-03,6.475225551785831257e+00,5.422706942488028647e-02,9.985215747427013122e-01,3.753626905432558714e-03,2.457669360167812067e-01,-3.008799304396090734e-03,-3.595743317610456801e-03,9.999890088179668179e-01,4.698668608228313837e-02,0.000000000000000000e+00,0.000000000000000000e+00,0.000000000000000000e+00,1.000000000000000056e-01
9.982214002418063892e-01,-5.933969203337033371e-02,5.730362001844633082e-03,7.295552275632817718e+00,5.931363222795472956e-02,9.982287266209286525e-01,4.615450214894368033e-03,2.830202882669644038e-01,-5.994091358525507895e-03,-4.267352591947742857e-03,9.999729299189261678e-01,5.852425572924998404e-02,0.000000000000000000e+00,0.000000000000000000e+00,0.000000000000000000e+00,1.000000000000000056e-01
9.980139575392577012e-01,-6.261224660220139626e-02,6.917162153219780750e-03,8.107118441601523173e+00,6.257848418506904709e-02,9.980275498441962823e-01,4.994303664108755252e-03,3.391225519132483601e-01,-7.216222968276398732e-03,-4.551519242559171931e-03,9.999636042370025901e-01,6.067163565108955881e-02,0.000000000000000000e+00,0.000000000000000000e+00,0.000000000000000000e+00,1.000000000000000056e-01
9.978111013758150794e-01,-6.575298613154646754e-02,7.039231916028760618e-03,8.936469199008692854e+00,6.572150525688268130e-02,9.978273368283605560e-01,4.614068138976952158e-03,3.844029194760142931e-01,-7.327326794440337625e-03,-4.141339494201949287e-03,9.999645791673029693e-01,6.454922398818123408e-02,0.000000000000000000e+00,0.000000000000000000e+00,0.000000000000000000e+00,1.000000000000000056e-01
9.976300844642115306e-01,-6.834736354386040935e-02,7.927954877112395812e-03,9.716569229559917531e+00,6.832708575186009770e-02,9.976590409018607497e-01,2.801331725675476527e-03,4.544414821692606132e-01,-8.100859496874874763e-03,-2.252998753372565267e-03,9.999646494111825712e-01,7.057354664307181891e-02,0.000000000000000000e+00,0.000000000000000000e+00,0.000000000000000000e+00,1.000000000000000056e-01
9.972922701176037963e-01,-7.303050431904056783e-02,8.641377354504797478e-03,1.051791210847271607e+01,7.301038837382001212e-02,9.973277355223699736e-01,2.621287341274119997e-03,5.229023503581986532e-01,-8.809719245260924994e-03,-1.983279286472676428e-03,9.999592268938226614e-01,7.105463539285090946e-02,0.000000000000000000e+00,0.000000000000000000e+00,0.000000000000000000e+00,1.000000000000000056e-01
9.970696889281301933e-01,-7.588831403250381746e-02,9.643610012117094163e-03,1.132814274971954660e+01,7.585517429176116821e-02,9.971117659465159599e-01,3.757491741442952997e-03,5.908940270939770922e-01,-9.900906722530739348e-03,-3.014963403519628146e-03,9.999464395865146349e-01,8.662781398484642459e-02,0.000000000000000000e+00,0.000000000000000000e+00,0.000000000000000000e+00,1.000000000000000056e-01
9.966830223818685663e-01,-8.088916442306928745e-02,8.938454826275865628e-03,1.218522920246113017e+01,8.084226571162259067e-02,9.967117890827908999e-01,5.489770304267038367e-03,6.558045112930488418e-01,-9.353126234319865395e-03,-4.748955918921972386e-03,9.999449817101564442e-01,9.100048524591983212e-02,0.000000000000000000e+00,0.000000000000000000e+00,0.000000000000000000e+00,1.000000000000000056e-01
9.965342436657649294e-01,-8.284615333289006844e-02,7.484389049563223463e-03,1.305890538146945445e+01,8.278715053043968208e-02,9.965361217251242909e-01,7.876915900191391873e-03,7.532394972362179697e-01,-8.111036219391258920e-03,-7.230005186141501804e-03,9.999409673157991785e-01,1.020242260934872552e-01,0.000000000000000000e+00,0.000000000000000000e+00,0.000000000000000000e+00,1.000000000000000056e-01
9.968503894807271282e-01,-7.901373722059316929e-02,6.791930694410895815e-03,1.393767940985055809e+01,7.893041848494385115e-02,9.968106807366083899e-01,1.176672457445453179e-02,8.497698060318001900e-01,-7.700001942484636062e-03,-1.119357404292685779e-02,9.999077026757176023e-01,1.041169838555532495e-01,0.000000000000000000e+00,0.000000000000000000e+00,0.000000000000000000e+00,1.000000000000000056e-01
9.948562302474686092e-01,-1.010515185890368539e-01,7.047817296522044389e-03,1.490462668704514471e+01,1.009829201946900457e-01,9.948428798503611281e-01,9.491798564703279872e-03,9.901396563327922173e-01,-7.970631515035683096e-03,-8.731265766747597912e-03,9.999301145736945173e-01,9.158855626030194819e-02,0.000000000000000000e+00,0.000000000000000000e+00,0.000000000000000000e+00,1.000000000000000056e-01
9.945387476864305798e-01,-1.040009750421772017e-01,8.745086653819409209e-03,1.586827460301714687e+01,1.039252344428953090e-01,9.945469615029202126e-01,8.711315130228294151e-03,1.094918165980528491e+00,-9.603384627079247435e-03,-7.754905259597485306e-03,9.999238153220069147e-01,8.880186141593489346e-02,0.000000000000000000e+00,0.000000000000000000e+00,0.000000000000000000e+00,1.000000000000000056e-01
9.941462701336903907e-01,-1.074636246802431333e-01,1.116973365194587169e-02,1.677794444856965228e+01,1.073592934445987551e-01,9.941743622496976851e-01,9.556126646474486647e-03,1.213265632596978394e+00,-1.213159883725587786e-02,-8.301012949680514758e-03,9.998919529097437531e-01,8.864490012419348752e-02,0.000000000000000000e+00,0.000000000000000000e+00,0.000000000000000000e+00,1.000000000000000056e-01
9.937625667685213715e-01,-1.109346336848042597e-01,1.137839790385415835e-02,1.765767440269359412e+01,1.108392118880008465e-01,9.938002589859639135e-01,8.701399167825193265e-03,1.321489393321995554e+00,-1.227314131292356163e-02,-7.385952115284164475e-03,9.998974035938206217e-01,8.965627517938493107e-02,0.000000000000000000e+00,0.000000000000000000e+00,0.000000000000000000e+00,1.000000000000000056e-01
9.933565093934810797e-01,-1.145616483138241493e-01,1.088457538071823522e-02,1.856989540874268130e+01,1.144774628951506779e-01,9.933930837106548228e-01,8.067944281249345498e-03,1.431706044972533842e+00,-1.173693889769678034e-02,-6.768306394927306111e-03,9.999082129344953884e-01,8.353160818785086705e-02,0.000000000000000000e+00,0.000000000000000000e+00,0.000000000000000000e+00,1.000000000000000056e-01
9.930531089574764492e-01,-1.171613025103543232e-01,1.089733838914862425e-02,1.949402490173693892e+01,1.170899144641281003e-01,9.930968208155899202e-01,6.975415166950001133e-03,1.548534694830659753e+00,-1.163936083612552262e-02,-5.650989297936762426e-03,9.999162922961506439e-01,8.578933403856724149e-02,0.000000000000000000e+00,0.000000000000000000e+00,0.000000000000000000e+00,1.000000000000000056e-01
9.930207658357264044e-01,-1.171636741190064529e-01,1.350674224092131455e-02,2.041528973447353579e+01,1.170777613797347599e-01,9.930981669243714727e-01,6.987749406154137796e-03,1.664656409617661037e+00,-1.423223135482685857e-02,-5.357641121667153575e-03,9.998843629501733554e-01,8.401484007259199527e-02,0.000000000000000000e+00,0.000000000000000000e+00,0.000000000000000000e+00,1.000000000000000056e-01
9.921003378218674618e-01,-1.244258966506909120e-01,1.597234911990160280e-02,2.129353873250196116e+01,1.243398905194074561e-01,9.922198540051018201e-01,6.273192466060784935e-03,1.778422847982099597e+00,-1.662862950931925585e-02,-4.237636223894179592e-03,9.998527547193515330e-01,8.132142131162077570e-02,0.000000000000000000e+00,0.000000000000000000e+00,0.000000000000000000e+00,1.000000000000000056e-01
9.922382106399663115e-01,-1.229158427776590595e-01,1.884221166040845122e-02,2.220869868210565556e+01,1.228219186745760777e-01,9.924101758308013776e-01,6.067882709287646115e-03,1.903307182629118133e+00,-1.944504150403520218e-02,-3.706548493632928851e-03,9.998040567327033390e-01,7.689787324028621307e-02,0.000000000000000000e+00,0.000000000000000000e+00,0.000000000000000000e+00,1.000000000000000056e-01
9.921434302584539733e-01,-1.232515684774016379e-01,2.145844036384656622e-02,2.315330343100341892e+01,1.231444550770199181e-01,9.923690839941382569e-01,6.248545144182960157e-03,2.022452158664472144e+00,-2.206483579753566043e-02,-3.556965068065872856e-03,9.997502143139216368e-01,7.610602960387385929e-02,0.000000000000000000e+00,0.000000000000000000e+00,0.000000000000000000e+00,1.000000000000000056e-01
9.923964332208924377e-01,-1.211651739431768710e-01,2.164070132344223310e-02,2.407074562482695157e+01,1.211051648079190385e-01,9.926313500577066407e-01,4.067178316905003393e-03,2.133193044000488481e+00,-2.197403893910977388e-02,-1.415452554635454954e-03,9.997575396598757935e-01,6.590956600713736291e-02,0.000000000000000000e+00,0.000000000000000000e+00,0.000000000000000000e+00,1.000000000000000056e-01
9.925921785734728164e-01,-1.198355827011112207e-01,2.000500321050068669e-02,2.501879674340052162e+01,1.197857422655101978e-01,9.927929619227685576e-01,3.675691297825536396e-03,2.246105971152575709e+00,-2.030130499913179731e-02,-1.252148274478465367e-03,9.997931231710043276e-01,5.357195299564444790e-02,0.000000000000000000e+00,0.000000000000000000e+00,0.000000000000000000e+00,1.000000000000000056e-01
9.926651402186271733e-01,-1.197706774044923067e-01,1.645916853313685035e-02,2.594184468454416148e+01,1.197388486918491840e-01,9.928011600800380476e-01,2.909408476138537064e-03,2.363076292813057755e+00,-1.668914343768460734e-02,-9.172664823364046725e-04,9.998603057995235632e-01,4.320575513537588952e-02,0.000000000000000000e+00,0.000000000000000000e+00,0.000000000000000000e+00,1.000000000000000056e-01
9.928467999442691649e-01,-1.184593152251294246e-01,1.492053875762205765e-02,2.687831342561750247e+01,1.184282729074230822e-01,9.929582267190298905e-01,2.950282556721189366e-03,2.474745963382718905e+00,-1.516496015785079136e-02,-1.162164959458581630e-03,9.998843299882330671e-01,3.722666866144604125e-02,0.000000000000000000e+00,0.000000000000000000e+00,0.000000000000000000e+00,1.000000000000000056e-01
9.929598097327382300e-01,-1.172324054431746476e-01,1.695226738614392242e-02,2.782909585883365366e+01,1.172451388084441992e-01,9.931029744140081883e-01,2.442045013906976592e-04,2.585599261937393756e+00,-1.686397584535919564e-02,1.745085687569519501e-03,9.998562701681827924e-01,3.149075226581059955e-02,0.000000000000000000e+00,0.000000000000000000e+00,0.000000000000000000e+00,1.000000000000000056e-01
9.929027490673179024e-01,-1.168513726597745633e-01,2.213340466555376723e-02,2.882372634148535084e+01,1.168809640860340310e-01,9.931459300283765890e-01,-4.361639756803622862e-05,2.686589392416458555e+00,-2.197660412533950641e-02,2.630280516865963689e-03,9.997550252414442173e-01,2.460524277645106603e-02,0.000000000000000000e+00,0.000000000000000000e+00,0.000000000000000000e+00,1.000000000000000056e-01
9.927015903042010203e-01,-1.177900080524207083e-01,2.586632193646706129e-02,2.976456689755231722e+01,1.179170738291144827e-01,9.930174942810113814e-01,-3.437986538762444026e-03,2.798455517948578830e+00,-2.528074973353153926e-02,6.462975697943944102e-03,9.996594988485020261e-01,1.196559677556328916e-02,0.000000000000000000e+00,0.000000000000000000e+00,0.000000000000000000e+00,1.000000000000000056e-01
9.926572714855825819e-01,-1.181737400101024460e-01,2.581682666059490622e-02,3.066174874261732342e+01,1.184893412835877902e-01,9.928938143524397297e-01,-1.105212300168632346e-02,2.896781380785962590e+00,-2.432729678735288253e-02,1.402998904802345119e-02,9.996055932408203226e-01,7.234406498880732381e-03,0.000000000000000000e+00,0.000000000000000000e+00,0.000000000000000000e+00,1.000000000000000056e-01
9.925248482912918391e-01,-1.199329020985172994e-01,2.259478963335522644e-02,3.158404720173250269e+01,1.202553243346795170e-01,9.926513122406568357e-01,-1.349182256268667036e-02,2.992908320313245163e+00,-2.081063414481038737e-02,1.610811289783660449e-02,9.996536631280662499e-01,5.237747089677406514e-05,0.000000000000000000e+00,0.000000000000000000e+00,0.000000000000000000e+00,1.000000000000000056e-01
9.925304853028970031e-01,-1.204850885168624597e-01,1.914625784532323141e-02,3.254396610506588416e+01,1.207506514796415631e-01,9.925927651583673628e-01,-1.337470457648787941e-02,3.119288339826632672e+00,-1.739298455233944177e-02,1.558672513230437151e-02,9.997272318427722348e-01,-1.070034227769961488e-02,0.000000000000000000e+00,0.000000000000000000e+00,0.000000000000000000e+00,1.000000000000000056e-01
9.921532070571010831e-01,-1.234212023341800524e-01,1.998050401502715276e-02,3.349714127133792374e+01,1.237041083856560975e-01,9.922259687735875966e-01,-1.359854623941486769e-02,3.243384517991476645e+00,-1.814682602602934666e-02,1.596351169702469805e-02,9.997078868346893632e-01,-2.319039510511531829e-02,0.000000000000000000e+00,0.000000000000000000e+00,0.000000000000000000e+00,1.000000000000000056e-01
9.923981200293778837e-01,-1.212102312405355653e-01,2.130847729830695134e-02,3.446735127430326173e+01,1.215224965347307950e-01,9.924896216726843967e-01,-1.402261416349295277e-02,3.367583425902676453e+00,-1.944875826686385742e-02,1.650547529239163036e-02,9.996746046025423160e-01,-2.601962280520078372e-02,0.000000000000000000e+00,0.000000000000000000e+00,0.000000000000000000e+00,1.000000000000000056e-01
9.920191438632239844e-01,-1.240212096118390311e-01,2.273230686253501290e-02,3.543070025492955466e+01,1.243417735596309276e-01,9.921506899142570335e-01,-1.327146754165823249e-02,3.503247235592809261e+00,-2.090793047916600020e-02,1.599212522087373883e-02,9.996534951541949932e-01,-4.113183724447114914e-02,0.000000000000000000e+00,0.000000000000000000e+00,0.000000000000000000e+00,1.000000000000000056e-01
9.916617850645136345e-01,-1.266412907657967490e-01,2.385136297646796300e-02,3.639944169355776182e+01,1.269502371507799932e-01,9.918375619302354229e-01,-1.191167627360595685e-02,3.629922549726940506e+00,-2.214816764481929157e-02,1.484029034282663764e-02,9.996445490535711409e-01,-4.659391482369688170e-02,0.000000000000000000e+00,0.000000000000000000e+00,0.000000000000000000e+00,1.000000000000000056e-01
9.915589600857726005e-01,-1.273282281163693463e-01,2.446121416379378605e-02,3.739141730869472724e+01,1.276591146159605783e-01,9.917396823048740817e-01,-1.247208873029830543e-02,3.767990299997423076e+00,-2.267110780465331210e-02,1.548950827409338073e-02,9.996229769289702860e-01,-5.409622706492762945e-02,0.000000000000000000e+00,0.000000000000000000e+00,0.000000000000000000e+00,1.000000000000000056e-01
9.914401135032037127e-01,-1.276832072529547890e-01,2.726719498506535028e-02,3.837693531446395667e+01,1.279951858529360664e-01,9.917242407729548459e-01,-1.001312447634191902e-02,3.897488271873189802e+00,-2.576303039680965384e-02,1.341748295714782421e-02,9.995780296784577690e-01,-4.605477396560012093e-02,0.000000000000000000e+00,0.000000000000000000e+00,0.000000000000000000e+00,1.000000000000000056e-01
9.914162020700084677e-01,-1.276646493346932365e-01,2.820729663278576105e-02,3.938589933827145728e+01,1.279807974759837874e-01,9.917292592284376873e-01,-9.694940310563043145e-03,4.034111098501556469e+00,-2.673630023940061495e-02,1.322171321969939362e-02,9.995550792973064702e-01,-6.504882987790269744e-02,0.000000000000000000e+00,0.000000000000000000e+00,0.000000000000000000e+00,1.000000000000000056e-01
9.910514979416223946e-01,-1.308000321611386685e-01,2.661353066226659209e-02,4.039045906092159299e+01,1.311510686833281536e-01,9.912910316658293253e-01,-1.189486116425070815e-02,4.171592795457071290e+00,-2.482590604363215520e-02,1.527881296243108027e-02,9.995750258302634750e-01,-6.986171123789204629e-02,0.000000000000000000e+00,0.000000000000000000e+00,0.000000000000000000e+00,1.000000000000000056e-01
9.911191609293867888e-01,-1.303461370116252294e-01,2.631906922318639347e-02,4.140686123602871049e+01,1.307132924610516223e-01,9.913383417053227564e-01,-1.274077858423089404e-02,4.317739720040691509e+00,-2.443039116796625471e-02,1.606788197266304993e-02,9.995723981564780258e-01,-6.120513295504276946e-02,0.000000000000000000e+00,0.000000000000000000e+00,0.000000000000000000e+00,1.000000000000000056e-01
9.913501067413785783e-01,-1.289781651746859936e-01,2.428165505126552923e-02,4.243308245293945902e+01,1.291958138925789201e-01,9.915898818998082342e-01,-7.612344353640687969e-03,4.464191958920025627e+00,-2.309561725720581452e-02,1.068358657454092885e-02,9.996761742891610014e-01,-6.335504766579777569e-02,0.000000000000000000e+00,0.000000000000000000e+00,0.000000000000000000e+00,1.000000000000000056e-01
9.914519281963002362e-01,-1.282065373296380206e-01,2.421069725931892722e-02,4.347533054882917014e+01,1.284329566058478311e-01,9.916856474544694100e-01,-8.034443993844219215e-03,4.594597190148190791e+00,-2.297933274311216370e-02,1.107521642018545992e-02,9.996745919787735080e-01,-6.755199739640989354e-02,0.000000000000000000e+00,0.000000000000000000e+00,0.000000000000000000e+00,1.000000000000000056e-01
9.916111233186322149e-01,-1.265289016102257580e-01,2.641622925532896224e-02,4.446172470122692744e+01,1.268686731968095838e-01,9.918516670558022996e-01,-1.160216875877537017e-02,4.720437692676780372e+00,-2.473297135488196005e-02,1.485623155230791741e-02,9.995836996030010857e-01,-7.407939094067325647e-02,0.000000000000000000e+00,0.000000000000000000e+00,0.000000000000000000e+00,1.000000000000000056e-01
9.917520449221527423e-01,-1.252209069739005642e-01,2.734238192553795077e-02,4.542880799606548692e+01,1.255659313643866237e-01,9.920211222191440692e-01,-1.128228486008845538e-02,4.859756741569389860e+00,-2.571144245899841668e-02,1.462250073358791272e-02,9.995624563772760318e-01,-7.909683716294917122e-02,0.000000000000000000e+00,0.000000000000000000e+00,0.000000000000000000e+00,1.000000000000000056e-01
9.913161729178889825e-01,-1.291642806011810973e-01,2.467456034480629973e-02,4.633592096380268543e+01,1.294755282970414256e-01,9.915164354373577904e-01,-1.145625723340147270e-02,4.978268986210157898e+00,-2.298549289513194399e-02,1.455152481271945394e-02,9.996298916308938853e-01,-8.363047393177576450e-02,0.000000000000000000e+00,0.000000000000000000e+00,0.000000000000000000e+00,1.000000000000000056e-01
9.917174092753542336e-01,-1.270503188993714616e-01,1.883604543813497539e-02,4.728000981289917348e+01,1.272334841261106853e-01,9.918331987606822109e-01,-8.862638054433864473e-03,5.115497183391229719e+00,-1.755621420780144326e-02,1.118580813893996391e-02,9.997833050411316647e-01,-9.625558738074133092e-02,0.000000000000000000e+00,0.000000000000000000e+00,0.000000000000000000e+00,1.000000000000000056e-01
9.919775259367937803e-01,-1.250814553781902927e-01,1.830894745176198449e-02,4.822163447651299606e+01,1.252528905908354695e-01,9.920881557971681364e-01,-8.532556804037408002e-03,5.242595964253498053e+00,-1.709682528885972733e-02,1.075735318039308490e-02,9.997959681442981639e-01,-9.618676417797825118e-02,0.000000000000000000e+00,0.000000000000000000e+00,0.000000000000000000e+00,1.000000000000000056e-01
9.922276965038381302e-01,-1.231046202307079090e-01,1.815077873096485744e-02,4.918092268215443852e+01,1.233115037336653813e-01,9.923097539235423703e-01,-1.075292123755451634e-02,5.384266454780203048e+00,-1.668746049072454551e-02,1.290754608947822582e-02,9.997774371910572722e-01,-1.031435065918775151e-01,0.000000000000000000e+00,0.000000000000000000e+00,0.000000000000000000e+00,1.000000000000000056e-01
9.926319528650572321e-01,-1.193878032022471364e-01,2.069682579151443588e-02,5.017606042196120342e+01,1.196122225763501384e-01,9.927706964514176891e-01,-9.962955270039009284e-03,5.523234436893281973e+00,-1.935774681228323926e-02,1.236514107920460258e-02,9.997361556553023831e-01,-9.449410285731243975e-02,0.000000000000000000e+00,0.000000000000000000e+00,0.000000000000000000e+00,1.000000000000000056e-01
9.927391505109821601e-01,-1.184956948665434606e-01,2.068210194415722944e-02,5.110803088902195412e+01,1.187194907759051565e-01,9.928780125681606616e-01,-9.946590803345178519e-03,5.650717610588191775e+00,-1.935617608525136077e-02,1.232973871557894487e-02,9.997366233116411482e-01,-9.873993060523159060e-02,0.000000000000000000e+00,0.000000000000000000e+00,0.000000000000000000e+00,1.000000000000000056e-01
9.926583178778912719e-01,-1.192219821418405851e-01,2.038585102481781444e-02,5.205011667046222357e+01,1.194975293155046553e-01,9.927510100849589181e-01,-1.287526554226928015e-02,5.768308697749043645e+00,-1.870305951777749900e-02,1.521679826587987554e-02,9.997092800485598563e-01,-9.901236510572047900e-02,0.000000000000000000e+00,0.000000000000000000e+00,0.000000000000000000e+00,1.000000000000000056e-01
9.928394748699720385e-01,-1.179189435320931872e-01,1.910235315852816876e-02,5.303175576694481208e+01,1.181923336922597462e-01,9.928937920237638215e-01,-1.387407716024068732e-02,5.893416461350251545e+00,-1.733059134292983319e-02,1.603248318089899038e-02,9.997212661971128789e-01,-8.959537419742512332e-02,0.000000000000000000e+00,0.000000000000000000e+00,0.000000000000000000e+00,1.000000000000000056e-01
9.926552560205389453e-01,-1.194054587677149115e-01,1.943911292394464446e-02,5.399573361839496499e+01,1.196758267090833605e-01,9.927226951786721765e-01,-1.339204908483074621e-02,6.023925726086082122e+00,-1.769856480892691847e-02,1.562007982260658900e-02,9.997213481315879724e-01,-9.267689599792625077e-02,0.000000000000000000e+00,0.000000000000000000e+00,0.000000000000000000e+00,1.000000000000000056e-01
9.925068846989338889e-01,-1.200235137706766736e-01,2.290065429976676989e-02,5.493382184923414968e+01,1.203838826890337305e-01,9.926131563440268035e-01,-1.506129614148922317e-02,6.142380675114937461e+00,-2.092378106199263219e-02,1.770530979364277890e-02,9.996242881158805549e-01,-9.108242149369766283e-02,0.000000000000000000e+00,0.000000000000000000e+00,0.000000000000000000e+00,1.000000000000000056e-01
9.922286155579949085e-01,-1.215219159952752453e-01,2.673571395534491899e-02,5.588271168040038361e+01,1.219121893570543763e-01,9.924493372798798285e-01,-1.348076477419069170e-02,6.257944052652211653e+00,-2.489563323224523381e-02,1.663540999087826516e-02,9.995516347745126984e-01,-8.281874961482073305e-02,0.000000000000000000e+00,0.000000000000000000e+00,0.000000000000000000e+00,1.000000000000000056e-01
9.920034525188753394e-01,-1.232998346725580618e-01,2.694997143507439283e-02,5.684398078326416481e+01,1.236374643749547086e-01,9.922638345153749206e-01,-1.123655266425188995e-02,6.384307395990401979e+00,-2.535601691045498776e-02,1.447872517055810021e-02,9.995736285656360298e-01,-9.063067495120631645e-02,0.000000000000000000e+00,0.000000000000000000e+00,0.000000000000000000e+00,1.000000000000000056e-01
9.917382124978739721e-01,-1.259118343698232556e-01,2.452606444474846048e-02,5.773563174749721583e+01,1.262271418743902973e-01,9.919316980767506342e-01,-1.175648777469190907e-02,6.503396793367047124e+00,-2.284789981036129680e-02,1.475521318721376325e-02,9.996300601512819739e-01,-9.599489756404676333e-02,0.000000000000000000e+00,0.000000000000000000e+00,0.000000000000000000e+00,1.000000000000000056e-01
9.914279832443351204e-01,-1.294097996829613739e-01,1.799049154654172242e-02,5.860616490278631119e+01,1.296506499753678765e-01,9.914754047736008546e-01,-1.293177056666830471e-02,6.626800086555491021e+00,-1.616363204960493891e-02,1.515339813507590380e-02,9.997545256331300534e-01,-1.027248144541273167e-01,0.000000000000000000e+00,0.000000000000000000e+00,0.000000000000000000e+00,1.000000000000000056e-01
9.913163174490166041e-01,-1.306519973897379561e-01,1.490014554937280598e-02,5.953591395312685108e+01,1.308633955109959335e-01,9.912984005888704209e-01,-1.422155776559190857e-02,6.737406441655839906e+00,-1.291241552356651827e-02,1.604794591277401358e-02,9.997878439735738976e-01,-1.016838217669590871e-01,0.000000000000000000e+00,0.000000000000000000e+00,0.000000000000000000e+00,1.000000000000000056e-01
9.913526965805196101e-01,-1.303192667251366899e-01,1.538569799375387459e-02,6.043206491305220140e+01,1.304960367057604598e-01,9.913866687068728645e-01,-1.110214008098645184e-02,6.869955767732341734e+00,-1.380635312532376910e-02,1.301390911723723613e-02,9.998199951905678562e-01,-1.054796461694115506e-01,0.000000000000000000e+00,0.000000000000000000e+00,0.000000000000000000e+00,1.000000000000000056e-01
9.911658562668956840e-01,-1.316021777975278917e-01,1.646548419146163719e-02,6.134898887607045737e+01,1.317542851573925977e-01,9.912458143495747054e-01,-8.517269346044171671e-03,6.998515590920768581e+00,-1.520045109119789843e-02,1.061142466384403134e-02,9.998281572116418658e-01,-9.903961172432017290e-02,0.000000000000000000e+00,0.000000000000000000e+00,0.000000000000000000e+00,1.000000000000000056e-01
9.911615051021677170e-01,-1.312080631950023057e-01,1.957843089274174941e-02,6.223366766067071154e+01,1.313630761593188867e-01,9.913106720919908632e-01,-6.847891535819956160e-03,7.121742561601601018e+00,-1.850980890140603574e-02,9.359249389862898949e-03,9.997848725727409569e-01,-9.437125718822034215e-02,0.000000000000000000e+00,0.000000000000000000e+00,0.000000000000000000e+00,1.000000000000000056e-01
9.909981728035236470e-01,-1.323428641622202973e-01,2.019870801357376983e-02,6.304240179196589366e+01,1.324786587070769794e-01,9.911704095786502133e-01,-5.533910268924942602e-03,7.238300967831705179e+00,-1.928798815976722619e-02,8.159992710217415721e-03,9.997806699630263916e-01,-9.498632226603918871e-02,0.000000000000000000e+00,0.000000000000000000e+00,0.000000000000000000e+00,1.000000000000000056e-01
9.906240090853706270e-01,-1.352142977875469831e-01,1.952348066939285642e-02,6.385166948564098277e+01,1.353247328867697996e-01,9.907913310160850751e-01,-4.444665622860289808e-03,7.356939088442191910e+00,-1.874271305739905191e-02,7.045002284967388090e-03,9.997995192287565391e-01,-9.743990425073710548e-02,0.000000000000000000e+00,0.000000000000000000e+00,0.000000000000000000e+00,1.000000000000000056e-01
9.899874292979580215e-01,-1.397191280566178750e-01,2.008619145380482335e-02,6.464292422378565561e+01,1.398320619430096501e-01,9.901657862800520293e-01,-4.325521144636162128e-03,7.473702127985792920e+00,-1.928430151150928307e-02,7.090905125919901887e-03,9.997888951072163577e-01,-9.760647959455771849e-02,0.000000000000000000e+00,0.000000000000000000e+00,0.000000000000000000e+00,1.000000000000000056e-01
9.899025430505391521e-01,-1.405656847894853623e-01,1.828232812686926903e-02,6.543218656497066377e+01,1.406966131748719484e-01,9.900341030802062292e-01,-6.077645867613144966e-03,7.577243241098707394e+00,-1.724581987601401731e-02,8.588538748513060289e-03,9.998143921243429766e-01,-9.619773987601275278e-02,0.000000000000000000e+00,0.000000000000000000e+00,0.000000000000000000e+00,1.000000000000000056e-01
9.898967111000421815e-01,-1.403508629276093433e-01,2.015283178104597395e-02,6.618298288151947872e+01,1.404841081501910227e-01,9.900684862265709540e-01,-5.348638917679613032e-03,7.690561044381503564e+00,-1.920199756705438798e-02,8.125752672933805876e-03,9.997826040859748575e-01,-9.162189771689387141e-02,0.000000000000000000e+00,0.000000000000000000e+00,0.000000000000000000e+00,1.000000000000000056e-01
9.896827686022794390e-01,-1.414592092653716437e-01,2.274444208466871314e-02,6.697285107631672929e+01,1.415784696747594551e-01,9.899200709554449862e-01,-3.713494866021924655e-03,7.816197357951471858e+00,-2.198987167493878653e-02,6.895305184148521095e-03,9.997344148873426040e-01,-9.135577334411251749e-02,0.000000000000000000e+00,0.000000000000000000e+00,0.000000000000000000e+00,1.000000000000000056e-01
9.895936563779199613e-01,-1.417902238071289678e-01,2.449342134744653815e-02,6.771168018861907001e+01,1.418842949376098450e-01,9.898809410016244925e-01,-2.137636965372859826e-03,7.929658179154770892e+00,-2.394247494802104886e-02,5.590623799064182303e-03,9.996977057185340021e-01,-9.584063544917061084e-02,0.000000000000000000e+00,0.000000000000000000e+00,0.000000000000000000e+00,1.000000000000000056e-01
9.893447326882136572e-01,-1.431407608877644788e-01,2.660305385775968423e-02,6.839172976498761614e+01,1.431899321400781078e-01,9.896952258439233319e-01,5.723168197896855852e-05,8.035622975919650912e+00,-2.633710758239888455e-02,3.752667613502673038e-03,9.996460744933557407e-01,-9.569240958935708308e-02,0.000000000000000000e+00,0.000000000000000000e+00,0.000000000000000000e+00,1.000000000000000056e-01
9.894435615927065220e-01,-1.431790553871663263e-01,2.238741881456476901e-02,6.907152431375290291e+01,1.431362259782261448e-01,9.896967640641758379e-01,3.512266164341794512e-03,8.145551545151022310e+00,-2.265963890820296700e-02,-2.707385043971644121e-04,9.997432007596811498e-01,-9.826833746893730293e-02,0.000000000000000000e+00,0.000000000000000000e+00,0.000000000000000000e+00,1.000000000000000056e-01
9.896490120191487883e-01,-1.426054251316468402e-01,1.607873541498339859e-02,6.976263376482803835e+01,1.425826554554472103e-01,9.897795890297922394e-01,2.559590453352857901e-03,8.256214646632844989e+00,-1.627941561592432390e-02,-2.405473715004252840e-04,9.998674525976760652e-01,-1.014485675969759998e-01,0.000000000000000000e+00,0.000000000000000000e+00,0.000000000000000000e+00,1.000000000000000056e-01
9.899411772213979610e-01,-1.411403193032922943e-01,9.791624404429160808e-03,7.049611814385454522e+01,1.411262163827596283e-01,9.899893415223308679e-01,2.120075863782744895e-03,8.361565446860996786e+00,-9.992831980936310241e-03,-7.168954919535830677e-04,9.999498134255810911e-01,-9.948563559814178892e-02,0.000000000000000000e+00,0.000000000000000000e+00,0.000000000000000000e+00,1.000000000000000056e-01
9.898431777909298956e-01,-1.418577490273993102e-01,9.320001160560104775e-03,7.120681563810134662e+01,1.418332401658009279e-01,9.898852521059295917e-01,3.243400568900307521e-03,8.470717505834008065e+00,-9.685833202346980780e-03,-1.888571963017926167e-03,9.999513077800922245e-01,-9.522620784224494761e-02,0.000000000000000000e+00,0.000000000000000000e+00,0.000000000000000000e+00,1.000000000000000056e-01
9.896059741393065101e-01,-1.433166997393787723e-01,1.184649836901062805e-02,7.187240503333578090e+01,1.432659111278932751e-01,9.896714265686817891e-01,5.034495228419008477e-03,8.578341506418210471e+00,-1.244566818169297318e-02,-3.284967172307873880e-03,9.999171537353422901e-01,-8.465830819334686785e-02,0.000000000000000000e+00,0.000000000000000000e+00,0.000000000000000000e+00,1.000000000000000056e-01
9.893414487045886219e-01,-1.449969043843390426e-01,1.339386404533025529e-02,7.248922472469304523e+01,1.449601095914484494e-01,9.894306437679404320e-01,3.683449496619868157e-03,8.669656886149438080e+00,-1.378638829937731819e-02,-1.702613261352053670e-03,9.999035136480625141e-01,-7.578760375096413315e-02,0.000000000000000000e+00,0.000000000000000000e+00,0.000000000000000000e+00,1.000000000000000056e-01
9.895747612092608003e-01,-1.436265899392534795e-01,1.063929697188428433e-02,7.305769461664039000e+01,1.436304360421166160e-01,9.896313117850120689e-01,4.056809433274637285e-04,8.744398342465554919e+00,-1.058724798924961380e-02,1.126675240632887907e-03,9.999433187850780280e-01,-7.326727464164026205e-02,0.000000000000000000e+00,0.000000000000000000e+00,0.000000000000000000e+00,1.000000000000000056e-01
9.898081027487899419e-01,-1.421816804369632203e-01,8.018072147479559167e-03,7.368757864973295568e+01,1.422370086256930510e-01,9.898091977121423746e-01,-6.810690248387554768e-03,8.823571892290614116e+00,-6.968006175043436889e-03,7.881742990368648810e-03,9.999446609774854666e-01,-5.766937538073481362e-02,0.000000000000000000e+00,0.000000000000000000e+00,0.000000000000000000e+00,1.000000000000000056e-01
9.902652681443661065e-01,-1.391372718617021609e-01,3.939325557677947690e-03,7.429026075228648551e+01,1.391721330527629363e-01,9.902103694610316920e-01,-1.070241063457947825e-02,8.907267646101342251e+00,-2.411656797856508595e-03,1.114646987749426735e-02,9.999349679457957274e-01,-4.723304731271214807e-02,0.000000000000000000e+00,0.000000000000000000e+00,0.000000000000000000e+00,1.000000000000000056e-01
9.909802803397816939e-01,-1.339700607115499043e-01,3.179121046982200278e-03,7.486811348417191425e+01,1.339938540244108578e-01,9.909404078468631027e-01,-9.096987412181838095e-03,8.980917274528534833e+00,-1.931595550988882484e-03,9.440917817466688150e-03,9.999535679267269606e-01,-3.755845970049658672e-02,0.000000000000000000e+00,0.000000000000000000e+00,0.000000000000000000e+00,1.000000000000000056e-01
9.917667425126096559e-01,-1.279789420363899310e-01,4.485403122722170753e-03,7.544240153450611786e+01,1.280142597142404082e-01,9.917337151255666283e-01,-8.751433771470909159e-03,9.073479008760017450e+00,-3.328326267358695887e-03,9.253576524121768024e-03,9.999516456138117793e-01,-4.186852903740340831e-02,0.000000000000000000e+00,0.000000000000000000e+00,0.000000000000000000e+00,1.000000000000000056e-01
9.926092488975682970e-01,-1.212148472915556829e-01,5.817198560322275544e-03,7.599539383590244768e+01,1.212674298196482203e-01,9.925720011511972585e-01,-9.748486838697606807e-03,9.125099075206913213e+00,-4.592327072636475174e-03,1.038187491700830016e-02,9.999355615264743369e-01,-3.303305419955376854e-02,0.000000000000000000e+00,0.000000000000000000e+00,0.000000000000000000e+00,1.000000000000000056e-01
9.937716782399168558e-01,-1.110594396760051505e-01,9.146167889932152462e-03,7.656863659385130916e+01,1.111800123762506642e-01,9.937025007570556845e-01,-1.394076171486200756e-02,9.186276238385930881e+00,-7.540316719860183647e-03,1.487080522451912114e-02,9.998609917262192281e-01,-2.063308688719920486e-02,0.000000000000000000e+00,0.000000000000000000e+00,0.000000000000000000e+00,1.000000000000000056e-01
9.947500936854613007e-01,-1.015941780734032629e-01,1.228308163107022684e-02,7.712236131656136706e+01,1.018020559230791711e-01,9.946474890949079661e-01,-1.768371700263200036e-02,9.224253694404820791e+00,-1.042077360852672503e-02,1.884132210818932618e-02,9.997681791588564071e-01,-1.133173412220508242e-02,0.000000000000000000e+00,0.000000000000000000e+00,0.000000000000000000e+00,1.000000000000000056e-01
9.959020883749999387e-01,-8.963597088889918574e-02,1.201761594985895944e-02,7.761221047823315189e+01,8.979704791082612769e-02,9.958670956160294852e-01,-1.360948403851887020e-02,9.269859639974697529e+00,-1.074804897712529871e-02,1.463286001089056376e-02,9.998351658403934472e-01,1.019619026488236989e-03,0.000000000000000000e+00,0.000000000000000000e+00,0.000000000000000000e+00,1.000000000000000056e-01
9.970944290791285969e-01,-7.561346703351444487e-02,9.235967872298956466e-03,7.810481954304471230e+01,7.569915936670305878e-02,9.970872382855370253e-01,-9.310022518512034786e-03,9.309850453537647397e+00,-8.505102617899728407e-03,9.982126591680495417e-03,9.999140064916416382e-01,-2.323575390267478523e-03,0.000000000000000000e+00,0.000000000000000000e+00,0.000000000000000000e+00,1.000000000000000056e-01
9.981611633743124878e-01,-5.982571985408650928e-02,9.755776503148162748e-03,7.860412311195437951e+01,5.986304340069323326e-02,9.982001820101957801e-01,-3.579478959107818860e-03,9.335964757641150413e+00,-9.524072975662104673e-03,4.156907354312355113e-03,9.999460046198503926e-01,2.983234283324952014e-03,0.000000000000000000e+00,0.000000000000000000e+00,0.000000000000000000e+00,1.000000000000000056e-01
9.992914446818018659e-01,-3.590932070958028494e-02,1.127516172539674670e-02,7.909996694417482388e+01,3.595965193370866814e-02,9.993440203673361610e-01,-4.293295803415393165e-03,9.354719420334198787e+00,-1.111359611304395777e-02,4.695704656982826845e-03,9.999272165208878960e-01,1.314384036640717061e-02,0.000000000000000000e+00,0.000000000000000000e+00,0.000000000000000000e+00,1.000000000000000056e-01
9.998772508810273019e-01,-1.073420724995160537e-02,1.141314879051105041e-02,7.960065796220435175e+01,1.083361513381921569e-02,9.999036050518156360e-01,-8.684088179828727827e-03,9.377566008316854607e+00,-1.131883181832563090e-02,8.806667877116983872e-03,9.998971580353505084e-01,1.519916872137588339e-02,0.000000000000000000e+00,0.000000000000000000e+00,0.000000000000000000e+00,1.000000000000000056e-01
9.997768932998146729e-01,1.702168613849154577e-02,1.250703101353989842e-02,8.007998146208052503e+01,-1.693112473489578190e-02,9.998299257634294390e-01,-7.311399531323377332e-03,9.377685880410602692e+00,-1.262935623784380672e-02,7.098010206946753220e-03,9.998950532991548457e-01,2.494358946949817857e-02,0.000000000000000000e+00,0.000000000000000000e+00,0.000000000000000000e+00,1.000000000000000056e-01
9.987208667238118842e-01,4.900502495270658843e-02,1.245543655688928671e-02,8.056999188069727325e+01,-4.890012147540694076e-02,9.987667179419034147e-01,-8.591929425271340598e-03,9.349531979286236805e+00,-1.286112320633523050e-02,7.971866841775705759e-03,9.998855138709273893e-01,2.521167745751725850e-02,0.000000000000000000e+00,0.000000000000000000e+00,0.000000000000000000e+00,1.000000000000000056e-01
9.959699363604052058e-01,8.888445152388366188e-02,1.197664993012932839e-02,8.104650857617062343e+01,-8.877692212982507547e-02,9.960087654145393099e-01,-9.230239138843835192e-03,9.302041956398888090e+00,-1.274927305400065831e-02,8.129790569482349752e-03,9.998856747358124686e-01,2.521805723214389991e-02,0.000000000000000000e+00,0.000000000000000000e+00,0.000000000000000000e+00,1.000000000000000056e-01
