1.000000000000000000e+00,-1.410592751943561800e-09,5.584700724844207751e-10,1.696410186000681748e-15,1.410592751898916381e-09,1.000000000000000000e+00,7.994232438240453219e-11,2.751246191040958548e-15,-5.584700725971867925e-10,-7.994232359463070062e-11,1.000000000000000000e+00,-1.463414271930207217e-15,0.000000000000000000e+00,0.000000000000000000e+00,0.000000000000000000e+00,1.000000000000000056e-01
9.999901023464573546e-01,-4.399227884031084793e-03,-6.648331715998378371e-04,6.429397560471581397e-01,4.397700436406731112e-03,9.999877268517660678e-01,-2.281748607806407311e-03,2.011385305590726591e-02,6.748629441035829948e-04,2.278802286720333584e-03,9.999971758060842708e-01,9.648737518048355194e-03,0.000000000000000000e+00,0.000000000000000000e+00,0.000000000000000000e+00,1.000000000000000056e-01
9.999551418905546774e-01,-9.442805284483152609e-03,-7.400236483046090247e-04,1.290499192833900688e+00,9.441451400551035059e-03,9.999537865087496646e-01,-1.812137485128562228e-03,3.868636636159993730e-02,7.571011106489949991e-04,1.805069298756197807e-03,9.999980842595324049e-01,1.392043926399278916e-02,0.000000000000000000e+00,0.000000000000000000e+00,0.000000000000000000e+00,1.000000000000000056e-01
9.998594108002959446e-01,-1.664257915443989599e-02,-2.045285596981678486e-03,1.997491152249096791e+00,1.663851476096529086e-02,9.998595931778574419e-01,-1.988405581979176603e-03,5.099789096782213899e-02,2.078090622219850615e-03,1.954095519033949378e-03,9.999959315167579188e-01,1.617017515866849345e-02,0.000000000000000000e+00,0.000000000000000000e+00,0.000000000000000000e+00,1.000000000000000056e-01
9.997190304946218520e-01,-2.363650969488897621e-02,-1.781986626426431070e-03,2.700734566130102987e+00,2.363651454531718807e-02,9.997206183948383895e-01,-1.834096450861604180e-05,6.153849184572525444e-02,1.781922288527784800e-03,-2.378414155819913410e-05,9.999984120923753883e-01,1.592283570998305475e-02,0.000000000000000000e+00,0.000000000000000000e+00,0.000000000000000000e+00,1.000000000000000056e-01
9.995719150366024763e-01,-2.922425548130564224e-02,-1.389086614452354979e-03,3.410151295548367045e+00,2.922573745270951387e-02,9.995722761175268589e-01,1.058814229228727082e-03,8.418846165380397539e-02,1.357549411390307883e-03,-1.098958047471220670e-03,9.999984746742394126e-01,2.783951865394863889e-02,0.000000000000000000e+00,0.000000000000000000e+00,0.000000000000000000e+00,1.000000000000000056e-01
9.994007497859523914e-01,-3.456396691544014188e-02,-1.863737734940881449e-03,4.146260331383835762e+00,3.456693497379496882e-02,9.994011287853059589e-01,1.584546993248874252e-03,1.063579226185025622e-01,1.807853366209072072e-03,-1.648021154215910822e-03,9.999970078417642627e-01,4.093677239175141924e-02,0.000000000000000000e+00,0.000000000000000000e+00,0.000000000000000000e+00,1.000000000000000056e-01
9.990990178424469237e-01,-4.241751011182726128e-02,-1.381080074039417417e-03,4.913392201851670471e+00,4.242045028074022117e-02,9.990974819777911353e-01,2.174144341263189832e-03,1.482776416130480723e-01,1.287611834802379921e-03,-2.230771514618277128e-03,9.999966828516044792e-01,4.347443429575865298e-02,0.000000000000000000e+00,0.000000000000000000e+00,0.000000000000000000e+00,1.000000000000000056e-01
9.987918694797427444e-01,-4.913689727670195184e-02,6.056295728164771920e-04,5.681390671278003346e+00,4.913458808959762780e-02,9.987864784307932675e-01,3.370868890978562151e-03,1.906268366599303266e-01,-7.705286666961588165e-04,-3.337039081796368701e-03,9.999941352106722636e-01,3.950230757308514223e-02,0.000000000000000000e+00,0.000000000000000000e+00,0.000000000000000000e+00,1.000000000000000056e-01
9.985233300003263368e-01,-5.425185927536513991e-02,2.809841672653791162e-03,6.475235111864153126e+00,5.424116498848407381e-02,9.985208158382543608e-01,3.751847331520283442e-03,2.458170453220535623e-01,-3.009230092806881428e-03,-3.593898005364539426e-03,9.999890141553433587e-01,4.698928903195217360e-02,0.000000000000000000e+00,0.000000000000000000e+00,0.000000000000000000e+00,1.000000000000000056e-01
9.982204726675609763e-01,-5.935523817150187981e-02,5.730937877479426977e-03,7.295562607136922395e+00,5.932918761372345945e-02,9.982278111536557752e-01,4.613516714724555379e-03,2.830827113563071373e-01,-5.994617956704547009e-03,-4.265294947096468295e-03,9.999729355410412746e-01,5.852687420177154348e-02,0.000000000000000000e+00,0.000000000000000000e+00,0.000000000000000000e+00,1.000000000000000056e-01
9.980128873745487406e-01,-6.262922573182730379e-02,6.917855053999236170e-03,8.107129192929443562e+00,6.259547560798947585e-02,9.980264948480352949e-01,4.992195384220046023e-03,3.391983662477865424e-01,-7.216859963025326966e-03,-4.549248902451126508e-03,9.999636099712316817e-01,6.067422467196296326e-02,0.000000000000000000e+00,0.000000000000000000e+00,0.000000000000000000e+00,1.000000000000000056e-01
9.978098835797647448e-01,-6.577137430544102714e-02,7.040067649530632084e-03,8.936480476168117804e+00,6.573990711937383047e-02,9.978261352562554087e-01,4.611768803956475642e-03,3.844935900147260499e-01,-7.328085866888918963e-03,-4.138855099978349696e-03,9.999645838908440831e-01,6.455165150357308756e-02,0.000000000000000000e+00,0.000000000000000000e+00,0.000000000000000000e+00,1.000000000000000056e-01
9.976287213445000912e-01,-6.836713907630104226e-02,7.928974905971334503e-03,9.716580515841032550e+00,6.834687960896260184e-02,9.976576920196490450e-01,2.798857221288868821e-03,4.545472688389227689e-01,-8.101752665675639870e-03,-2.250299657579326370e-03,9.999646482527246860e-01,7.057580892069489908e-02,0.000000000000000000e+00,0.000000000000000000e+00,0.000000000000000000e+00,1.000000000000000056e-01
9.972907115760654140e-01,-7.305164392483322333e-02,8.642564664759124632e-03,1.051792333337919771e+01,7.303154973001409200e-02,9.973261931207124675e-01,2.618636931636257863e-03,5.230247755332652071e-01,-8.810751848602114272e-03,-1.980362397801669911e-03,9.999592235769595439e-01,7.105659898217374371e-02,0.000000000000000000e+00,0.000000000000000000e+00,0.000000000000000000e+00,1.000000000000000056e-01
9.970679642910037499e-01,-7.591080012514804520e-02,9.644947327673880286e-03,1.132815384891849320e+01,7.587768520505284997e-02,9.971100637900218722e-01,3.754673964721015351e-03,5.910343372421114072e-01,-9.902094350019338340e-03,-3.011828849432260456e-03,9.999464372727496775e-01,8.662934640406667886e-02,0.000000000000000000e+00,0.000000000000000000e+00,0.000000000000000000e+00,1.000000000000000056e-01
9.966810766919550479e-01,-8.091297096543891010e-02,8.939938126818260458e-03,1.218524014123126697e+01,8.086609417644145814e-02,9.967098727391208168e-01,5.486747398278092082e-03,6.559648898466294842e-01,-9.354473625608214840e-03,-4.745599425957747024e-03,9.999449850413152374e-01,9.100137922267859114e-02,0.000000000000000000e+00,0.000000000000000000e+00,0.000000000000000000e+00,1.000000000000000056e-01
9.965321434770011422e-01,-8.287126561512174472e-02,7.486010451598466495e-03,1.305891530937332234e+01,8.281227748895102214e-02,9.965340596545452234e-01,7.873667857122233424e-03,7.534214580347410317e-01,-8.112565206300598533e-03,-7.226429531881026561e-03,9.999409807593617749e-01,1.020244085210995078e-01,0.000000000000000000e+00,0.000000000000000000e+00,0.000000000000000000e+00,1.000000000000000056e-01
9.968482838492276343e-01,-7.904014928290542530e-02,6.793657938526431739e-03,1.393768820908337780e+01,7.895683677813586376e-02,9.968086292916985558e-01,1.176326891624451115e-02,8.499746494504256678e-01,-7.701747388774125846e-03,-1.118978869063658524e-02,9.999077316013804673e-01,1.041162826348305814e-01,0.000000000000000000e+00,0.000000000000000000e+00,0.000000000000000000e+00,1.000000000000000056e-01
9.948534105789489379e-01,-1.010791343005136012e-01,7.049827550509545765e-03,1.490463304429588121e+01,1.010105469798515954e-01,9.948401098589029212e-01,9.488161821830621082e-03,9.903709005519565345e-01,-7.972506397889059238e-03,-8.727223211582571874e-03,9.999301349178105758e-01,9.158677803139976537e-02,0.000000000000000000e+00,0.000000000000000000e+00,0.000000000000000000e+00,1.000000000000000056e-01
9.945357112345176720e-01,-1.040298169445700444e-01,8.747357642821146015e-03,1.586827934807889839e+01,1.039540952256533118e-01,9.945439783198580797e-01,8.707541187125817511e-03,1.095176908047949427e+00,-9.605475785611961373e-03,-7.750637018267354968e-03,9.999238283293098162e-01,8.879867821040245135e-02,0.000000000000000000e+00,0.000000000000000000e+00,0.000000000000000000e+00,1.000000000000000056e-01
9.941429935608613322e-01,-1.074936722516283416e-01,1.117223253019493379e-02,1.677794706500692712e+01,1.073893682468599065e-01,9.941711513799742495e-01,9.552243263061564044e-03,1.213551494541408315e+00,-1.213391698461606383e-02,-8.296516719436940884e-03,9.998919620983731660e-01,8.864028277921974508e-02,0.000000000000000000e+00,0.000000000000000000e+00,0.000000000000000000e+00,1.000000000000000056e-01
9.937590483685365683e-01,-1.109658609676324459e-01,1.138118998052159089e-02,1.765767505599993825e+01,1.108704695205942059e-01,9.937968078030813279e-01,8.697343772008789969e-03,1.321802575983769712e+00,-1.227569851143520130e-02,-7.381226193361963006e-03,9.998974071003178254e-01,8.965004744340815401e-02,0.000000000000000000e+00,0.000000000000000000e+00,0.000000000000000000e+00,1.000000000000000056e-01
9.933527401877020324e-01,-1.145940321217351621e-01,1.088767025889994175e-02,1.856989388588102941e+01,1.145098768266199774e-01,9.933893823248655108e-01,8.063696012039421948e-03,1.432048654794432885e+00,-1.173974747326897439e-02,-6.763348749324519724e-03,9.999082135090995305e-01,8.352345605143493557e-02,0.000000000000000000e+00,0.000000000000000000e+00,0.000000000000000000e+00,1.000000000000000056e-01
9.930491161213993445e-01,-1.171948217192350788e-01,1.090076752821819359e-02,1.949402088483629925e+01,1.171234672788091374e-01,9.930928952979990454e-01,6.970991409203318098e-03,1.548908156281364912e+00,-1.164243888097652238e-02,-5.645801168494054417e-03,9.999162857689980477e-01,8.577900265053106654e-02,0.000000000000000000e+00,0.000000000000000000e+00,0.000000000000000000e+00,1.000000000000000056e-01
9.930166266302469236e-01,-1.171983193344189184e-01,1.351048411687355566e-02,2.041528309924767726e+01,1.171124534140760703e-01,9.930941081184826436e-01,6.983242491235070598e-03,1.665061712721448650e+00,-1.423560645777292161e-02,-5.352229959848282467e-03,9.998843438834494890e-01,8.400207562005224116e-02,0.000000000000000000e+00,0.000000000000000000e+00,0.000000000000000000e+00,1.000000000000000056e-01
9.920957919442908723e-01,-1.244616119433315238e-01,1.597644387521654843e-02,2.129352942616879218e+01,1.243756690799608933e-01,9.922153987601606273e-01,6.268604639582266158e-03,1.778859542254942694e+00,-1.663227426849516952e-02,-4.231975387793523655e-03,9.998527180725041985e-01,8.130610981031576034e-02,0.000000000000000000e+00,0.000000000000000000e+00,0.000000000000000000e+00,1.000000000000000056e-01
9.922335663491325120e-01,-1.229526467603444667e-01,1.884665659228904749e-02,2.220868617060951777e+01,1.228588029474006332e-01,9.924056386905445448e-01,6.063236226985094408e-03,1.903777582899329968e+00,-1.944901921469299744e-02,-3.700668836629309073e-03,9.998040011430980867e-01,7.687963989742353788e-02,0.000000000000000000e+00,0.000000000000000000e+00,0.000000000000000000e+00,1.000000000000000056e-01
9.921386220929672151e-01,-1.232894320154997447e-01,2.146323612049085700e-02,2.315328780710789047e+01,1.231824140747952712e-01,9.923644024999632718e-01,6.243838050153722140e-03,2.022958336915873012e+00,-2.206915073522675713e-02,-3.550859640471745911e-03,9.997501407760038816e-01,7.608440963021416426e-02,0.000000000000000000e+00,0.000000000000000000e+00,0.000000000000000000e+00,1.000000000000000056e-01
9.923915681637286434e-01,-1.212040760477929024e-01,2.164595544060004748e-02,2.407072703497221156e+01,1.211441754490809042e-01,9.926266097049690762e-01,4.062322043022804224e-03,2.133735026560330095e+00,-2.197872135266082036e-02,-1.409132719002442660e-03,9.997574456600372139e-01,6.588432757617546098e-02,0.000000000000000000e+00,0.000000000000000000e+00,0.000000000000000000e+00,1.000000000000000056e-01
9.925872436011607958e-01,-1.198755069425283676e-01,2.001066404499695153e-02,2.501877497198161748e+01,1.198257706095569725e-01,9.927881502545872205e-01,3.670614648937295388e-03,2.246685932275772846e+00,-2.030636693443052879e-02,-1.245612037109998342e-03,9.997930285376955828e-01,5.354261510479078889e-02,0.000000000000000000e+00,0.000000000000000000e+00,0.000000000000000000e+00,1.000000000000000056e-01
9.926601013029033860e-01,-1.198115947681007293e-01,1.646526770004417758e-02,2.594181946033401687e+01,1.197798558617064885e-01,9.927962292100771524e-01,2.904030991695585179e-03,2.363694188998038737e+00,-1.669459226990937725e-02,-9.105083065676074314e-04,9.998602210126998902e-01,4.317213307410871365e-02,0.000000000000000000e+00,0.000000000000000000e+00,0.000000000000000000e+00,1.000000000000000056e-01
9.928417020987935215e-01,-1.185012130498048488e-01,1.492705862838679051e-02,2.687828487380098608e+01,1.184702528119473408e-01,9.929532355736359062e-01,2.944683772642711552e-03,2.475403248328513328e+00,-1.517081976176026109e-02,-1.155192439529542734e-03,9.998842491799657672e-01,3.718828947204579072e-02,0.000000000000000000e+00,0.000000000000000000e+00,0.000000000000000000e+00,1.000000000000000056e-01
9.929546309929778714e-01,-1.172752383425561679e-01,1.695934141692216970e-02,2.782906390448571088e+01,1.172880858599820303e-01,9.930979045467678290e-01,2.385374611356142144e-04,2.586297456689214069e+00,-1.687026096124692384e-02,1.752271815536800975e-03,9.998561515731070326e-01,3.144713763793367811e-02,0.000000000000000000e+00,0.000000000000000000e+00,0.000000000000000000e+00,1.000000000000000056e-01
9.928974309730740355e-01,-1.168951240989031248e-01,2.214094688516543563e-02,2.882369129436419541e+01,1.169248690333740404e-01,9.931407617151709610e-01,-4.920709723011057815e-05,2.687331306755052829e+00,-2.198332478489108122e-02,2.637684915248278590e-03,9.997548579775393796e-01,2.455561983090823186e-02,0.000000000000000000e+00,0.000000000000000000e+00,0.000000000000000000e+00,1.000000000000000056e-01
9.926960826218153011e-01,-1.178346231444425407e-01,2.587448812458512798e-02,2.976452813873494918e+01,1.179618968033935289e-01,9.930121514025359586e-01,-3.443554769803494099e-03,2.799239746832023368e+00,-2.528791114045660093e-02,6.470607028270535833e-03,9.996592683483898067e-01,1.191000639819140075e-02,0.000000000000000000e+00,0.000000000000000000e+00,0.000000000000000000e+00,1.000000000000000056e-01
9.926516289252980130e-01,-1.182191610474477017e-01,2.582583112292857058e-02,3.066170683797599850e+01,1.185350386189643057e-01,9.928882962922336297e-01,-1.105783457582343483e-02,2.897606764451761130e+00,-2.433491753742018926e-02,1.403784339360080423e-02,9.996052974756104437e-01,7.172682685046045600e-03,0.000000000000000000e+00,0.000000000000000000e+00,0.000000000000000000e+00,1.000000000000000056e-01
9.925190404815642520e-01,-1.199791419341013216e-01,2.260441953052063496e-02,3.158400214280860041e+01,1.203018502836387532e-01,9.926455931154252177e-01,-1.349782526404509631e-02,2.993776824080729870e+00,-2.081871993874698928e-02,1.611620207376711009e-02,9.996533643872907993e-01,-1.612794126576647786e-05,0.000000000000000000e+00,0.000000000000000000e+00,0.000000000000000000e+00,1.000000000000000056e-01
9.925245747439233046e-01,-1.205321551545547876e-01,1.915641154268304946e-02,3.254391636042596048e+01,1.207979892085238316e-01,9.925869202726314011e-01,-1.338101292392373382e-02,3.120202544482133078e+00,-1.740156121075538131e-02,1.559504015676741254e-02,9.997269529176139313e-01,-1.077620041953809664e-02,0.000000000000000000e+00,0.000000000000000000e+00,0.000000000000000000e+00,1.000000000000000056e-01
9.921470381310586450e-01,-1.234690493596016791e-01,1.999121251959981929e-02,3.349708682237034196e+01,1.237522463558591856e-01,9.922198781991953265e-01,-1.360495601803589534e-02,3.244344924085238446e+00,-1.815588746512547882e-02,1.597207427387548756e-02,9.997075855437645986e-01,-2.327403381451794914e-02,0.000000000000000000e+00,0.000000000000000000e+00,0.000000000000000000e+00,1.000000000000000056e-01
9.923919364935758214e-01,-1.212588634304082591e-01,2.131976599534182032e-02,3.446729210608120297e+01,1.215714458368468975e-01,9.924835353640789615e-01,-1.402909791674498627e-02,3.368591568067630160e+00,-1.945836425985331825e-02,1.651423842581349610e-02,9.996742729457162024e-01,-2.611170040522844266e-02,0.000000000000000000e+00,0.000000000000000000e+00,0.000000000000000000e+00,1.000000000000000056e-01
9.920126985800576946e-01,-1.240705857019756275e-01,2.274413373774039626e-02,3.543063557429828592e+01,1.243914824811304942e-01,9.921443712341299070e-01,-1.327801621401260290e-02,3.504303640422055555e+00,-2.091805301786253679e-02,1.600113720963902697e-02,9.996531391767548014e-01,-4.123270694705403333e-02,0.000000000000000000e+00,0.000000000000000000e+00,0.000000000000000000e+00,1.000000000000000056e-01
9.916550879164643950e-01,-1.266913962088830059e-01,2.386371169858311769e-02,3.639937194509862906e+01,1.270006817160384271e-01,9.918310243857555442e-01,-1.191830145466558216e-02,3.631028158567096042e+00,-2.215882336792208973e-02,1.484955193083637923e-02,9.996441753716182044e-01,-4.670422872733132752e-02,0.000000000000000000e+00,0.000000000000000000e+00,0.000000000000000000e+00,1.000000000000000056e-01
9.915521149300605686e-01,-1.273790290423107707e-01,2.447419739158020885e-02,3.739134179400164726e+01,1.277102786217436392e-01,9.917330104238862853e-01,-1.247881284146823422e-02,3.769147032974335509e+00,-2.268233039351332664e-02,1.549899983269648757e-02,9.996225752213210303e-01,-5.421671167561547405e-02,0.000000000000000000e+00,0.000000000000000000e+00,0.000000000000000000e+00,1.000000000000000056e-01
9.914331075310407471e-01,-1.277347183829380395e-01,2.728067101402081168e-02,3.837685456264732409e+01,1.280470656430550691e-01,9.917174758842445259e-01,-1.001983063659515893e-02,3.898696393563831020e+00,-2.577483795384297172e-02,1.342720169709317804e-02,9.995775947784337756e-01,-4.618598917596437176e-02,0.000000000000000000e+00,0.000000000000000000e+00,0.000000000000000000e+00,1.000000000000000056e-01
9.914090809333250265e-01,-1.277168244663884622e-01,2.822139243838781009e-02,3.938581254286224009e+01,1.280333570884100436e-01,9.917224087821642220e-01,-9.701721083073081356e-03,4.035372740983100392e+00,-2.674871427959600589e-02,1.323165399803720617e-02,9.995546156248115155e-01,-6.519160567399828743e-02,0.000000000000000000e+00,0.000000000000000000e+00,0.000000000000000000e+00,1.000000000000000056e-01
9.910441339307283215e-01,-1.308527915572531841e-01,2.662839730750965125e-02,4.039036626600073987e+01,1.312042418152443435e-01,9.912839113561876525e-01,-1.190184927079461670e-02,4.172908295108969767e+00,-2.483891163435760982e-02,1.528901658223561812e-02,9.995745467151355701e-01,-7.001659594204026615e-02,0.000000000000000000e+00,0.000000000000000000e+00,0.000000000000000000e+00,1.000000000000000056e-01
9.911117277842464990e-01,-1.303994983250566231e-01,2.633465179377171561e-02,4.140676207855141655e+01,1.307670904060395378e-01,9.913311550680576900e-01,-1.274790406966190039e-02,4.319110253417664858e+00,-2.444404048565495396e-02,1.607830302003815034e-02,9.995718968922303604e-01,-6.137285158275617575e-02,0.000000000000000000e+00,0.000000000000000000e+00,0.000000000000000000e+00,1.000000000000000056e-01
9.913426819964522574e-01,-1.290322100976135367e-01,2.429764617007562633e-02,4.243297667041252907e+01,1.292502129541638067e-01,9.915827361315466826e-01,-7.619701908785293104e-03,4.465618787705047943e+00,-2.310993949330421293e-02,1.069421166803589604e-02,9.996757296910908641e-01,-6.353639632526572600e-02,0.000000000000000000e+00,0.000000000000000000e+00,0.000000000000000000e+00,1.000000000000000056e-01
9.914444569205520530e-01,-1.282611449283645177e-01,2.422741305167917802e-02,4.347521889789926774e+01,1.284879344262232770e-01,9.916784651050187804e-01,-8.041924759442369008e-03,4.596081829240897143e+00,-2.299433731148066429e-02,1.108605198522245872e-02,9.996741268548400283e-01,-6.774804175027723807e-02,0.000000000000000000e+00,0.000000000000000000e+00,0.000000000000000000e+00,1.000000000000000056e-01
9.916036222658470844e-01,-1.265839931660882600e-01,2.643386054625613754e-02,4.446160731908947383e+01,1.269242253319255442e-01,9.918444722876699204e-01,-1.160964324534098299e-02,4.721977680608957506e+00,-2.474868346279831058e-02,1.486726156766005405e-02,9.995831467168386775e-01,-7.428997005416834720e-02,0.000000000000000000e+00,0.000000000000000000e+00,0.000000000000000000e+00,1.000000000000000056e-01
9.917445148221460949e-01,-1.252765250954156473e-01,2.736073062262349420e-02,4.542868408316437012e+01,1.256220271071419314e-01,9.920139344971017348e-01,-1.128982148098720689e-02,4.861351534984047262e+00,-2.572787643157840864e-02,1.463372897103671494e-02,9.995618691960611590e-01,-7.932218843504286465e-02,0.000000000000000000e+00,0.000000000000000000e+00,0.000000000000000000e+00,1.000000000000000056e-01
9.913083883099649274e-01,-1.292203617466088916e-01,2.469367077563089027e-02,4.633579162446303457e+01,1.295320785868346314e-01,9.915089591011645442e-01,-1.146405857884991511e-02,4.979915717132786135e+00,-2.300260601048932999e-02,1.456303993679717787e-02,9.996293302942473868e-01,-8.387041023742500268e-02,0.000000000000000000e+00,0.000000000000000000e+00,0.000000000000000000e+00,1.000000000000000056e-01
9.917097775631927847e-01,-1.271069500859254020e-01,1.885577697727787785e-02,4.727987377159097093e+01,1.272904877626182818e-01,9.918258108588633437e-01,-8.870887177337074755e-03,5.117198489845350196e+00,-1.757409487619486163e-02,1.119750659800597924e-02,9.997828599427328600e-01,-9.651127873200930629e-02,0.000000000000000000e+00,0.000000000000000000e+00,0.000000000000000000e+00,1.000000000000000056e-01
9.919699457809632026e-01,-1.251385562045772004e-01,1.832944129936426442e-02,4.822149248295814772e+01,1.253103620374850236e-01,9.920808260166427139e-01,-8.540949371724643191e-03,5.244352046792975841e+00,-1.711548519170285471e-02,1.076923401035581249e-02,9.997955209769059381e-01,-9.645895824297709420e-02,0.000000000000000000e+00,0.000000000000000000e+00,0.000000000000000000e+00,1.000000000000000056e-01
9.922201697349344318e-01,-1.231621125543589518e-01,1.817219861011030654e-02,4.918077369653826736e+01,1.233694196780976277e-01,9.923024628765514388e-01,-1.076143379943946508e-02,5.386078835658866915e+00,-1.670691651584145856e-02,1.291960526787552625e-02,9.997769564959251287e-01,-1.034331338578655946e-01,0.000000000000000000e+00,0.000000000000000000e+00,0.000000000000000000e+00,1.000000000000000056e-01
9.926245210826096788e-01,-1.194457310456249061e-01,2.071901253669957907e-02,5.017590485978892190e+01,1.196705972498057075e-01,9.927635764794621176e-01,-9.971427660164820100e-03,5.525105475431137947e+00,-1.937803652061973261e-02,1.237734021037404167e-02,9.997356116243545365e-01,-9.480267770967176766e-02,0.000000000000000000e+00,0.000000000000000000e+00,0.000000000000000000e+00,1.000000000000000056e-01
9.927317091500114099e-01,-1.185540036167698902e-01,2.070511710983907738e-02,5.110786909583038806e+01,1.187782579294186375e-01,9.928708979613519725e-01,-9.955170750471102961e-03,5.652644139939239309e+00,-1.937728286808396844e-02,1.234213141452666397e-02,9.997360615186374755e-01,-9.906698748173976832e-02,0.000000000000000000e+00,0.000000000000000000e+00,0.000000000000000000e+00,1.000000000000000056e-01
9.926507861961653134e-01,-1.192805653924177284e-01,2.040988446317460250e-02,5.204994926709611036e+01,1.195566469565809836e-01,9.927437793988046488e-01,-1.288396807962868471e-02,5.770291640571197256e+00,-1.872497884202892551e-02,1.522941839475808537e-02,9.997086775569785644e-01,-9.935898125473391351e-02,0.000000000000000000e+00,0.000000000000000000e+00,0.000000000000000000e+00,1.000000000000000056e-01
9.928319979337584256e-01,-1.179778367003374295e-01,1.912730839323987381e-02,5.303158249061955587e+01,1.182517845785606703e-01,9.928865891167109048e-01,-1.388296064135704187e-02,5.895458414906606492e+00,-1.735336632608414087e-02,1.604528590247934067e-02,9.997206657249115835e-01,-8.996317371906445426e-02,0.000000000000000000e+00,0.000000000000000000e+00,0.000000000000000000e+00,1.000000000000000056e-01
9.926476288186859565e-01,-1.194646474119786250e-01,1.946491765643679206e-02,5.399555381181011171e+01,1.197355816024044950e-01,9.927153687177148189e-01,-1.340101525950601787e-02,6.026026094584944204e+00,-1.772217534543017725e-02,1.563312925754804794e-02,9.997207258883066272e-01,-9.306622499036293350e-02,0.000000000000000000e+00,0.000000000000000000e+00,0.000000000000000000e+00,1.000000000000000056e-01
9.924990811479167396e-01,-1.200829126453425016e-01,2.292745103913871110e-02,5.493363631027386873e+01,1.204439483059541321e-01,9.926057353117867521e-01,-1.507015403437527920e-02,6.144538162299835626e+00,-2.094825140706753006e-02,1.771858675962035071e-02,9.996235403621845927e-01,-9.149358168747687148e-02,0.000000000000000000e+00,0.000000000000000000e+00,0.000000000000000000e+00,1.000000000000000056e-01
9.922205625241790061e-01,-1.215815769849138694e-01,2.676332270222022899e-02,5.588252072436660001e+01,1.219725408193277072e-01,9.924418033156231500e-01,-1.348948915679982347e-02,6.260159514767281053e+00,-2.492096688090477893e-02,1.664893899008113021e-02,9.995507782200089286e-01,-8.325287114803985034e-02,0.000000000000000000e+00,0.000000000000000000e+00,0.000000000000000000e+00,1.000000000000000056e-01
9.919952300516462484e-01,-1.233597628829249254e-01,2.697837015555197906e-02,5.684378330319890438e+01,1.236980435497263969e-01,9.922561845982780238e-01,-1.124536119642556391e-02,6.386582000622379240e+00,-2.538222954650415711e-02,1.449251627346414238e-02,9.995727634321135424e-01,-9.108882371766827135e-02,0.000000000000000000e+00,0.000000000000000000e+00,0.000000000000000000e+00,1.000000000000000056e-01
9.917298538547557607e-01,-1.259719313011214148e-01,2.455543722865117379e-02,5.773542821742178432e+01,1.262878914308425971e-01,9.919238582366636248e-01,-1.176554031240922664e-02,6.505726514167239571e+00,-2.287499620057648758e-02,1.476929196531661000e-02,9.996292325475815144e-01,-9.647609181732856587e-02,0.000000000000000000e+00,0.000000000000000000e+00,0.000000000000000000e+00,1.000000000000000056e-01
9.914195673376224871e-01,-1.294700305345296010e-01,1.802089602293463141e-02,5.860595499083063942e+01,1.297114993108715586e-01,9.914673213028574184e-01,-1.294131890737018099e-02,6.629183843834180578e+00,-1.619161655324201018e-02,1.516779423398331196e-02,9.997538544919285508e-01,-1.032292265089534422e-01,0.000000000000000000e+00,0.000000000000000000e+00,0.000000000000000000e+00,1.000000000000000056e-01
9.913078896593737754e-01,-1.307123374013455241e-01,1.493160239745662185e-02,5.953569864345735141e+01,1.309243667218379925e-01,9.912902086257404655e-01,-1.423139069878754173e-02,6.739847946996368577e+00,-1.294133291298109334e-02,1.606260046856240395e-02,9.997872347497854806e-01,-1.022141585530830510e-01,0.000000000000000000e+00,0.000000000000000000e+00,0.000000000000000000e+00,1.000000000000000056e-01
9.913442320781920003e-01,-1.303798308115573790e-01,1.541795196676472128e-02,6.043184269485924176e+01,1.305571597677645801e-01,9.913785102930759985e-01,-1.111203682750324523e-02,6.872453168136734014e+00,-1.383624077103974385e-02,1.302877763380241513e-02,9.998193883870699628e-01,-1.060355335634858981e-01,0.000000000000000000e+00,0.000000000000000000e+00,0.000000000000000000e+00,1.000000000000000056e-01
9.911572399107633213e-01,-1.316629126152595586e-01,1.649858218587471267e-02,6.134876029626104099e+01,1.318155274445909908e-01,9.912375869224909763e-01,-8.527191599897256807e-03,7.001070183807423852e+00,-1.523129991109800109e-02,1.062655700326341907e-02,9.998275270211730570e-01,-9.962261824313192737e-02,0.000000000000000000e+00,0.000000000000000000e+00,0.000000000000000000e+00,1.000000000000000056e-01
9.911527741977580463e-01,-1.312689236167803863e-01,1.961244229003171816e-02,6.223343298247849731e+01,1.314244464223154885e-01,9.913024698201051699e-01,-6.857711801137409725e-03,7.124352489578143377e+00,-1.854165803470332261e-02,9.374594447303076505e-03,9.997841386500752048e-01,-9.498129550035827595e-02,0.000000000000000000e+00,0.000000000000000000e+00,0.000000000000000000e+00,1.000000000000000056e-01
9.909893178058550856e-01,-1.324038163888796582e-01,2.023366996730552661e-02,6.304216124370744723e+01,1.325400978148482678e-01,9.911621406010959756e-01,-5.543781226173434377e-03,7.240961688012411912e+00,-1.932082984544026757e-02,8.175600572010549918e-03,9.997799083245124674e-01,-9.562180131276014350e-02,0.000000000000000000e+00,0.000000000000000000e+00,0.000000000000000000e+00,1.000000000000000056e-01
9.906149711021094983e-01,-1.352753045987376557e-01,1.955942213066311913e-02,6.385142286701696435e+01,1.353861912541821644e-01,9.907828900250211790e-01,-4.454666244838471033e-03,7.359650715693826228e+00,-1.877653445268152171e-02,7.060934738803444251e-03,9.997987722309732428e-01,-9.810164127544386548e-02,0.000000000000000000e+00,0.000000000000000000e+00,0.000000000000000000e+00,1.000000000000000056e-01
9.899780692533840520e-01,-1.397801123524075873e-01,2.012318533657807273e-02,6.464267172470708545e+01,1.398935140366000252e-01,9.901570620532623712e-01,-4.335573381171686780e-03,7.476463566953141182e+00,-1.931908713768714508e-02,7.107225675342400059e-03,9.997881076585009019e-01,-9.829468725064560708e-02,0.000000000000000000e+00,0.000000000000000000e+00,0.000000000000000000e+00,1.000000000000000056e-01
9.898931854018467869e-01,-1.406265998064287481e-01,1.832050550251254975e-02,6.543192905844173879e+01,1.407580415964751197e-01,9.900253083899075435e-01,-6.087895645749955530e-03,7.580054376724550735e+00,-1.728164404534580575e-02,8.605124888756570528e-03,9.998136309356553397e-01,-9.691332126610732733e-02,0.000000000000000000e+00,0.000000000000000000e+00,0.000000000000000000e+00,1.000000000000000056e-01
9.898872741773340200e-01,-1.404117713450980243e-01,2.019205015592634087e-02,6.618271988425253483e+01,1.405455427371293808e-01,9.900597118680746211e-01,-5.358857381082752884e-03,7.693419469388400600e+00,-1.923888870213856170e-02,8.142567373805097847e-03,9.997817580642636148e-01,-9.236412438563970650e-02,0.000000000000000000e+00,0.000000000000000000e+00,0.000000000000000000e+00,1.000000000000000056e-01
9.896731368435200960e-01,-1.415201099768915727e-01,2.278465892735010226e-02,6.697258166616582287e+01,1.416398860618106603e-01,9.899112471381268374e-01,-3.723636104093095041e-03,7.819105530302626228e+00,-2.202782074342481480e-02,6.912399118028682808e-03,9.997334614044528500e-01,-9.212682882759846981e-02,0.000000000000000000e+00,0.000000000000000000e+00,0.000000000000000000e+00,1.000000000000000056e-01
9.895839093498041139e-01,-1.418511088707664070e-01,2.453465443189952605e-02,6.771140493368663726e+01,1.419456711737179244e-01,9.898721198192236281e-01,-2.147752229518442180e-03,7.932612974640425918e+00,-2.398150935619964425e-02,5.607969037952829222e-03,9.996966729424819897e-01,-9.663947701740749352e-02,0.000000000000000000e+00,0.000000000000000000e+00,0.000000000000000000e+00,1.000000000000000056e-01
9.893347881324936477e-01,-1.432016278223771089e-01,2.664527687705991674e-02,6.839144932078902173e+01,1.432512450178194396e-01,9.896863536374895798e-01,4.716539695716077257e-05,8.038620674008262412e+00,-2.637722107573989630e-02,3.770306718477551070e-03,9.996449504676998554e-01,-9.651752094415907979e-02,0.000000000000000000e+00,0.000000000000000000e+00,0.000000000000000000e+00,1.000000000000000056e-01
9.894337637959578213e-01,-1.432399959222709074e-01,2.243057352705574159e-02,6.907123832955842602e+01,1.431974069494364177e-01,9.896879506347463495e-01,3.501858271462894318e-03,8.148592114760797145e+00,-2.270087451007850310e-02,-2.528568443504819810e-04,9.997422699675621027e-01,-9.912041809987136298e-02,0.000000000000000000e+00,0.000000000000000000e+00,0.000000000000000000e+00,1.000000000000000056e-01
9.896395229890935230e-01,-1.426662536578080509e-01,1.612310780108529296e-02,6.976234217715722252e+01,1.426436590722688913e-01,9.897708273048395622e-01,2.548713943903579190e-03,8.259298731701932184e+00,-1.632179721702744363e-02,-2.224489593169397782e-04,9.998667658503640476e-01,-1.023288645132697655e-01,0.000000000000000000e+00,0.000000000000000000e+00,0.000000000000000000e+00,1.000000000000000056e-01
9.899320655477914510e-01,-1.412010453280313216e-01,9.837194648596734106e-03,7.049582151748681724e+01,1.411870267009006363e-01,9.899806951290743839e-01,2.108734955813995355e-03,8.364695515989280850e+00,-1.003638837641850252e-02,-6.986200869883956019e-04,9.999493901384868266e-01,-1.003968857607975274e-01,0.000000000000000000e+00,0.000000000000000000e+00,0.000000000000000000e+00,1.000000000000000056e-01
9.898340479538069170e-01,-1.419183665404044337e-01,9.366682971254544979e-03,7.120651386198304067e+01,1.418938836578874374e-01,9.898765984959566611e-01,3.231954603093913341e-03,8.473892039363754236e+00,-9.730533996779278452e-03,-1.870023683799880172e-03,9.999509086547997416e-01,-9.616817048221520947e-02,0.000000000000000000e+00,0.000000000000000000e+00,0.000000000000000000e+00,1.000000000000000056e-01
9.895966380417642316e-01,-1.433771966430465172e-01,1.189426160880241792e-02,7.187209851921994641e+01,1.433263973208890596e-01,9.896627263941593089e-01,5.023128217958663239e-03,8.581557563490212814e+00,-1.249150941448227622e-02,-3.266109131762798701e-03,9.999166438877229446e-01,-8.562971545044543997e-02,0.000000000000000000e+00,0.000000000000000000e+00,0.000000000000000000e+00,1.000000000000000056e-01
9.893319568145142462e-01,-1.450571174756135617e-01,1.344291245341774042e-02,7.248891441721285389e+01,1.450204018125351157e-01,9.894218507450900368e-01,3.672101073190123764e-03,8.672911401142537002e+00,-1.383337571582086457e-02,-1.683430374834490135e-03,9.999028971747596639e-01,-7.678709171156546109e-02,0.000000000000000000e+00,0.000000000000000000e+00,0.000000000000000000e+00,1.000000000000000056e-01
9.895655257292312879e-01,-1.436864618524619774e-01,1.068975998566256726e-02,7.305738123877959822e+01,1.436904917507976220e-01,9.896225984049999980e-01,3.940895202649141857e-04,8.747688339231588728e+00,-1.063545338215718568e-02,1.146039465732523466e-03,9.999427852256842497e-01,-7.429339582999563985e-02,0.000000000000000000e+00,0.000000000000000000e+00,0.000000000000000000e+00,1.000000000000000056e-01
9.897991591970248804e-01,-1.422409800458142026e-01,8.070195070058872391e-03,7.368726261210414918e+01,1.422968023529294634e-01,9.898005219878791561e-01,-6.822515126639632291e-03,8.826900814930413119e+00,-7.017442054897668480e-03,7.901282688790645103e-03,9.999441610604453690e-01,-5.872585886298162944e-02,0.000000000000000000e+00,0.000000000000000000e+00,0.000000000000000000e+00,1.000000000000000056e-01
9.902567773631072434e-01,-1.391961619926682936e-01,3.992915343983229580e-03,7.428994155265945665e+01,1.392316473853912051e-01,9.902018716793999920e-01,-1.071455500537673786e-02,8.910633775713115767e+00,-2.462367312861813741e-03,1.116610089171730935e-02,9.999346253321226285e-01,-4.831919439317625825e-02,0.000000000000000000e+00,0.000000000000000000e+00,0.000000000000000000e+00,1.000000000000000056e-01
9.909721600325450686e-01,-1.340288036133031047e-01,3.233858750564344662e-03,7.486779171951205569e+01,1.340531358848903731e-01,9.909322773553029817e-01,-9.109251059231165612e-03,8.984318983125204383e+00,-1.983632995060133613e-03,9.460523104967000566e-03,9.999532807600169937e-01,-3.867381679109267723e-02,0.000000000000000000e+00,0.000000000000000000e+00,0.000000000000000000e+00,1.000000000000000056e-01
9.917589369109505171e-01,-1.280374436404253247e-01,4.541374603161143358e-03,7.544207534769489598e+01,1.280733189918989712e-01,9.917259816413375173e-01,-8.763692140000346395e-03,9.076916107146628221e+00,-3.381718447863692450e-03,9.273098918393960291e-03,9.999512856218492063e-01,-4.301338019613350216e-02,0.000000000000000000e+00,0.000000000000000000e+00,0.000000000000000000e+00,1.000000000000000056e-01
9.926018062531838382e-01,-1.212730166128657694e-01,5.874492704276048326e-03,7.599506641317967137e+01,1.213262489615032913e-01,9.925646927418119159e-01,-9.760739484471980809e-03,9.128569973414236927e+00,-4.647099724379546819e-03,1.040125780701518787e-02,9.999351070445440248e-01,-3.420744514737937558e-02,0.000000000000000000e+00,0.000000000000000000e+00,0.000000000000000000e+00,1.000000000000000056e-01
9.937646923517247100e-01,-1.111170760846137556e-01,9.204978950982359645e-03,7.656830759811954579e+01,1.112386117862217555e-01,9.936957723883695914e-01,-1.395289164853380677e-02,9.189781926992933947e+00,-7.596544145604597169e-03,1.488984015655081712e-02,9.998602828281341059e-01,-2.183874126161466922e-02,0.000000000000000000e+00,0.000000000000000000e+00,0.000000000000000000e+00,1.000000000000000056e-01
9.947435148154475382e-01,-1.016512689359703597e-01,1.234338917463895756e-02,7.712203196920829384e+01,1.018604035409557268e-01,9.946413016929418482e-01,-1.769573838650970177e-02,9.227792882794632945e+00,-1.047845041421779054e-02,1.886002360224308533e-02,9.997672237009170848e-01,-1.256854037633374672e-02,0.000000000000000000e+00,0.000000000000000000e+00,0.000000000000000000e+00,1.000000000000000056e-01
9.958962115074695420e-01,-8.969299933442345663e-02,1.207898072954018825e-02,7.761188053835682865e+01,8.985510358672882392e-02,9.958616933958867046e-01,-1.362159998293619757e-02,9.273428365840331367e+00,-1.080723204561289535e-02,1.465105788235130692e-02,9.998342613845757620e-01,-2.451638557134150679e-04,0.000000000000000000e+00,0.000000000000000000e+00,0.000000000000000000e+00,1.000000000000000056e-01
9.970895258455240162e-01,-7.567045251922219218e-02,9.298390435140340554e-03,7.810448841825723321e+01,7.575687363544286734e-02,9.970827394707714175e-01,-9.322378797560763181e-03,9.313448906939605365e+00,-8.565835985571524508e-03,9.999663244220163838e-03,9.999133128371031631e-01,-3.617204503067078612e-03,0.000000000000000000e+00,0.000000000000000000e+00,0.000000000000000000e+00,1.000000000000000056e-01
9.981571234786940083e-01,-5.988272255102815994e-02,9.819184722560107131e-03,7.860379214934685876e+01,5.992043102255798642e-02,9.981966942001728738e-01,-3.591884452126584484e-03,9.339593033709780556e+00,-9.586385909718293102e-03,4.173634833468434745e-03,9.999453394948479845e-01,1.659526339286683961e-03,0.000000000000000000e+00,0.000000000000000000e+00,0.000000000000000000e+00,1.000000000000000056e-01
9.992886760256712853e-01,-3.596592665047421145e-02,1.133993329053246436e-02,7.909963688931043180e+01,3.601670375980936534e-02,9.993419124816596000e-01,-4.305694807701977017e-03,9.358377064908474097e+00,-1.117761231834201417e-02,4.711059081740224044e-03,9.999264307463771040e-01,1.178952288401958343e-02,0.000000000000000000e+00,0.000000000000000000e+00,0.000000000000000000e+00,1.000000000000000056e-01
9.998758894313012346e-01,-1.079012598036069304e-02,1.147949978405981425e-02,7.960032807935110100e+01,1.089026182416005448e-02,9.999028812959589452e-01,-8.696561012297956278e-03,9.381253201856825541e+00,-1.138454792099916069e-02,8.820496435423794829e-03,9.998962900777595975e-01,1.381332774922052094e-02,0.000000000000000000e+00,0.000000000000000000e+00,0.000000000000000000e+00,1.000000000000000056e-01
9.997769894873964613e-01,1.696613073907426300e-02,1.257464509491458549e-02,8.007965355366630433e+01,-1.687492771001471159e-02,9.998307843711388143e-01,-7.323895041236551905e-03,9.381401102287764360e+00,-1.269677542922601973e-02,7.110065508693376966e-03,9.998941138251399297e-01,2.352666850742950178e-02,0.000000000000000000e+00,0.000000000000000000e+00,0.000000000000000000e+00,1.000000000000000056e-01
9.987226977609416911e-01,4.895008263944779919e-02,1.252447151371523758e-02,8.056966690624950900e+01,-4.884446354022036613e-02,9.987693330866784791e-01,-8.604514341880017958e-03,9.353275740435154972e+00,-1.293024974912381116e-02,7.981772684232932291e-03,9.998845433079973644e-01,2.376194171915415806e-02,0.000000000000000000e+00,0.000000000000000000e+00,0.000000000000000000e+00,1.000000000000000056e-01
