1.000000000000000000e+00,-4.022024436357667460e-14,-4.325609331009515312e-13,-9.196638097371162259e-21,4.022024436352904002e-14,1.000000000000000000e+00,-1.101291186881076041e-13,1.101549854958644047e-20,4.325609331009559741e-13,1.101291186880902113e-13,1.000000000000000000e+00,1.484381344606112243e-19,0.000000000000000000e+00,0.000000000000000000e+00,0.000000000000000000e+00,1.000000000000000056e-01
9.999990309484141360e-01,-6.281666919685703230e-04,-1.242380312039017849e-03,6.468619336653625984e-01,6.248452747609523376e-04,9.999962349475935985e-01,-2.672014038083902684e-03,-4.491085536350109854e-03,1.244054104631231276e-03,2.671235153297027952e-03,9.999956584066455045e-01,-3.714013846258579546e-04,0.000000000000000000e+00,0.000000000000000000e+00,0.000000000000000000e+00,1.000000000000000056e-01
9.999803730018507197e-01,-5.424550645052733655e-03,-3.134942005632757652e-03,1.307175449576384541e+00,5.415791824051155098e-03,9.999814264521774687e-01,-2.795701984635160127e-03,5.312665435188091562e-03,3.150049205641623339e-03,2.778668920114501714e-03,9.999911780556038909e-01,4.363878510753757718e-03,0.000000000000000000e+00,0.000000000000000000e+00,0.000000000000000000e+00,1.000000000000000056e-01
9.999363318113595467e-01,-9.946059495540513287e-03,-5.329936599426817606e-03,2.004906859490138249e+00,9.930750298042934424e-03,9.999465094010625554e-01,-2.891113133141295574e-03,1.418207791720053033e-02,5.358406681156377416e-03,2.837998791731645952e-03,9.999816164513712913e-01,8.820653014261860270e-03,0.000000000000000000e+00,0.000000000000000000e+00,0.000000000000000000e+00,1.000000000000000056e-01
9.998571967241631775e-01,-1.609233302740982821e-02,-5.159745791508502273e-03,2.702843641195755708e+00,1.608490726580065130e-02,9.998695379300879260e-01,-1.477456504609593515e-03,2.265051682879358486e-02,5.182848362498011958e-03,1.394251486409309529e-03,9.999855969690983892e-01,1.665674341187168422e-02,0.000000000000000000e+00,0.000000000000000000e+00,0.000000000000000000e+00,1.000000000000000056e-01
9.997519935393007762e-01,-2.134360287793352420e-02,-6.356259150077779585e-03,3.410883503156112884e+00,2.133406653066165573e-02,9.997711790140276777e-01,-1.564358707685096789e-03,3.075244756436127866e-02,6.388193755607431135e-03,1.428365881024853783e-03,9.999785751462132444e-01,3.035490791119107440e-02,0.000000000000000000e+00,0.000000000000000000e+00,0.000000000000000000e+00,1.000000000000000056e-01
9.996525357819331381e-01,-2.532183518070339062e-02,-7.322046696936920090e-03,4.129948489401614964e+00,2.531928358540598556e-02,9.996793182884109452e-01,-4.409820174255371151e-04,5.366283936227844720e-02,7.330865124432714777e-03,2.554398152083397892e-04,9.999730962216074603e-01,4.091260602137724439e-02,0.000000000000000000e+00,0.000000000000000000e+00,0.000000000000000000e+00,1.000000000000000056e-01
9.994983966606326709e-01,-3.006883401319616553e-02,-9.940839698509682312e-03,4.893414382700068010e+00,3.008341585377164243e-02,9.995465192755624839e-01,1.320566044024986578e-03,8.573541267967724200e-02,9.896623838140434018e-03,-1.618958058273397378e-03,9.999497166414978988e-01,5.571233702858385817e-02,0.000000000000000000e+00,0.000000000000000000e+00,0.000000000000000000e+00,1.000000000000000056e-01
9.993438522831848969e-01,-3.475480003409725516e-02,-1.019650814710099627e-02,5.655656949484577645e+00,3.477537958696950982e-02,9.993934451052023382e-01,1.847932719853577618e-03,1.260543058495156021e-01,1.012609887301955079e-02,-2.201307644295681914e-03,9.999463067416515250e-01,6.019533646216003453e-02,0.000000000000000000e+00,0.000000000000000000e+00,0.000000000000000000e+00,1.000000000000000056e-01
9.992109855444346600e-01,-3.887754918083551059e-02,-8.120501032038271796e-03,6.438748298543413462e+00,3.889432755344893189e-02,9.992414876252000422e-01,1.918513159267974623e-03,1.622838029112410596e-01,8.039754441812372796e-03,-2.232840851690336137e-03,9.999651877791778665e-01,7.111139909248889723e-02,0.000000000000000000e+00,0.000000000000000000e+00,0.000000000000000000e+00,1.000000000000000056e-01
9.991046023199698922e-01,-4.179172821447072611e-02,-6.591287878908253829e-03,7.236619539789568734e+00,4.180149629496016789e-02,9.991250218266272132e-01,1.351172618151484086e-03,2.024807921958610146e-01,6.529052807051170283e-03,-1.625488477173070391e-03,9.999773643721407979e-01,8.616926193086348051e-02,0.000000000000000000e+00,0.000000000000000000e+00,0.000000000000000000e+00,1.000000000000000056e-01
9.991220919564770542e-01,-4.143401904496607502e-02,-6.186067433716112458e-03,8.032328952894987495e+00,4.144638199269515266e-02,9.991389536173991281e-01,1.883821659384522828e-03,2.421463987906046222e-01,6.102686640217528692e-03,-2.138557951087555632e-03,9.999790916742515856e-01,1.004336245080360429e-01,0.000000000000000000e+00,0.000000000000000000e+00,0.000000000000000000e+00,1.000000000000000056e-01
9.990412702428314029e-01,-4.331159834862988861e-02,-6.375405875455561130e-03,8.867531965241964187e+00,4.331185559481793429e-02,9.990615965018077027e-01,-9.777623862957038879e-05,2.886351590317461913e-01,6.373658017455201275e-03,-1.784481609960328265e-04,9.999796721132536703e-01,1.154430318847022158e-01,0.000000000000000000e+00,0.000000000000000000e+00,0.000000000000000000e+00,1.000000000000000056e-01
9.989024421070091808e-01,-4.642539441038769782e-02,-6.212399415138215863e-03,9.642563107404814815e+00,4.642384787433679466e-02,9.989217546459114860e-01,-3.929932237961512712e-04,3.523478922897716470e-01,6.223945789746446883e-03,1.041584055984865202e-04,9.999806256372334445e-01,1.318717549121496690e-01,0.000000000000000000e+00,0.000000000000000000e+00,0.000000000000000000e+00,1.000000000000000056e-01
9.988344302110578887e-01,-4.801062126019867843e-02,-4.976069850902345611e-03,1.042539762338492437e+01,4.801150084766764997e-02,9.988467812896436593e-01,5.739053124363532258e-05,3.587379590390952222e-01,4.967575998986784903e-03,-2.962322204388977186e-04,9.999876176409214779e-01,1.385785399100122051e-01,0.000000000000000000e+00,0.000000000000000000e+00,0.000000000000000000e+00,1.000000000000000056e-01
9.987805623250348708e-01,-4.898291839920349000e-02,-6.169442988162280976e-03,1.122785507394530313e+01,4.897472119853518713e-02,9.987989323311758927e-01,-1.472907881995299574e-03,4.106694611687262131e-01,6.234180396247865873e-03,1.168965012336735908e-03,9.999798840554678936e-01,1.644631189960223672e-01,0.000000000000000000e+00,0.000000000000000000e+00,0.000000000000000000e+00,1.000000000000000056e-01
9.986552849287870792e-01,-5.134856246393734031e-02,-7.137717890909010647e-03,1.209555841820369970e+01,5.134354909478632684e-02,9.986806589489902741e-01,-8.839726024145963014e-04,4.615111189421425286e-01,7.173691529076503363e-03,5.163081421769685937e-04,9.999741354533866478e-01,1.758254329425000262e-01,0.000000000000000000e+00,0.000000000000000000e+00,0.000000000000000000e+00,1.000000000000000056e-01
9.985050930331715868e-01,-5.415378985751510832e-02,-7.412572487702301371e-03,1.299373853602474860e+01,5.415581297392241256e-02,9.985324945582098044e-01,7.233596820563570557e-05,5.325289574838582007e-01,7.397777230417585531e-03,-4.736617219624614434e-04,9.999725238908427905e-01,1.966689799312119069e-01,0.000000000000000000e+00,0.000000000000000000e+00,0.000000000000000000e+00,1.000000000000000056e-01
9.986607971481726853e-01,-5.090834319256596491e-02,-9.216986099817909076e-03,1.388364378878650740e+01,5.094109794214869008e-02,9.986960261044602882e-01,3.354397651991750801e-03,5.831797090533186179e-01,9.034200563676259357e-03,-3.819428824732287384e-03,9.999518964348375061e-01,2.090002569823110057e-01,0.000000000000000000e+00,0.000000000000000000e+00,0.000000000000000000e+00,1.000000000000000056e-01
9.978938326745774301e-01,-6.414104904366438320e-02,-9.686306706933007354e-03,1.481593884561633878e+01,6.420322584905932550e-02,9.979172707711688739e-01,6.250318967571201478e-03,7.112707579949620884e-01,9.265230737397524285e-03,-6.859046887136711901e-03,9.999335522799416287e-01,2.283074108270677360e-01,0.000000000000000000e+00,0.000000000000000000e+00,0.000000000000000000e+00,1.000000000000000056e-01
9.976614446611489218e-01,-6.765348187825932780e-02,-9.728732002538693566e-03,1.577733510068724954e+01,6.769201508797910438e-02,9.976994515562577215e-01,3.687201875601548058e-03,7.738508234070375913e-01,9.456898537998173829e-03,-4.337136623472692860e-03,9.999458766933094767e-01,2.346183657383136278e-01,0.000000000000000000e+00,0.000000000000000000e+00,0.000000000000000000e+00,1.000000000000000056e-01
9.975640989214725751e-01,-6.938945281124606068e-02,-7.139494488150750426e-03,1.670258837606314373e+01,6.941288067077688861e-02,9.975832395448408496e-01,3.087422258973473131e-03,8.580704204771706367e-01,6.908005499054530388e-03,-3.575474482718647533e-03,9.999697472635101780e-01,2.528319941869049958e-01,0.000000000000000000e+00,0.000000000000000000e+00,0.000000000000000000e+00,1.000000000000000056e-01
9.973715746836894214e-01,-7.214220442066719696e-02,-6.741242786342741510e-03,1.758208247342760799e+01,7.217105577737557842e-02,9.973836810453654556e-01,4.139020702489414061e-03,9.373443101394467458e-01,6.425007467442675653e-03,-4.614664204832230263e-03,9.999687115871775944e-01,2.724609835211534437e-01,0.000000000000000000e+00,0.000000000000000000e+00,0.000000000000000000e+00,1.000000000000000056e-01
9.972953009896123877e-01,-7.318272246747364873e-02,-6.809681070883063896e-03,1.849138874151211098e+01,7.321968327954034295e-02,9.973015065088524089e-01,5.346316079065865229e-03,1.006962311688979650e+00,6.400047224998824981e-03,-5.830458594502334682e-03,9.999625218717427266e-01,2.862264311628594515e-01,0.000000000000000000e+00,0.000000000000000000e+00,0.000000000000000000e+00,1.000000000000000056e-01
9.973369816812918121e-01,-7.255371568405569183e-02,-7.409676867968959316e-03,1.940824347791232540e+01,7.258679786189106697e-02,9.973528401751602379e-01,4.297554036685447519e-03,1.078055854206101172e+00,7.078258755334486396e-03,-4.823954288597308467e-03,9.999633131860459212e-01,3.070771793874123579e-01,0.000000000000000000e+00,0.000000000000000000e+00,0.000000000000000000e+00,1.000000000000000056e-01
9.972806717985546188e-01,-7.345774927137063703e-02,-5.934705469359951267e-03,2.033542704630226083e+01,7.345642283871570144e-02,9.972983300163053011e-01,-4.414639605683207514e-04,1.130644219185961807e+00,5.951100802659086732e-03,4.321240789882202461e-06,9.999822920334956455e-01,3.258550058332459476e-01,0.000000000000000000e+00,0.000000000000000000e+00,0.000000000000000000e+00,1.000000000000000056e-01
9.974181969292371663e-01,-7.177786276179148883e-02,-2.208812300536065320e-03,2.125119157439049644e+01,7.177721490563415685e-02,9.974206201803581529e-01,-3.712942500942332863e-04,1.211389467123022090e+00,2.229765642390191694e-03,2.117932462773980482e-04,9.999974916412545101e-01,3.311232956375917413e-01,0.000000000000000000e+00,0.000000000000000000e+00,0.000000000000000000e+00,1.000000000000000056e-01
9.974013182651509934e-01,-7.204551040690804209e-02,-2.339939040593526289e-04,2.221319869626127641e+01,7.204511406765301551e-02,9.974003877251688133e-01,-1.402891535968210429e-03,1.292740592276951039e+00,3.344576473884851861e-04,1.382387749848624061e-03,9.999989885705841131e-01,3.492112420065703882e-01,0.000000000000000000e+00,0.000000000000000000e+00,0.000000000000000000e+00,1.000000000000000056e-01
9.975475149134565012e-01,-6.998417959820452117e-02,1.081709736313500115e-03,2.318528677800830451e+01,6.998649486590718949e-02,9.975453433691425786e-01,-2.275622755149364629e-03,1.358971686137092627e+00,-9.197969187424609753e-04,2.345746897186667956e-03,9.999968257175232411e-01,3.634162799679013789e-01,0.000000000000000000e+00,0.000000000000000000e+00,0.000000000000000000e+00,1.000000000000000056e-01
9.978467966796465971e-01,-6.554865146972246870e-02,2.268181357151781430e-03,2.411534211396337213e+01,6.555712001146379864e-02,9.978412521100017418e-01,-3.885820807297346493e-03,1.422674529480626449e+00,-2.008574611661567699e-03,4.026149282471339422e-03,9.999898778237631403e-01,3.696547914134315493e-01,0.000000000000000000e+00,0.000000000000000000e+00,0.000000000000000000e+00,1.000000000000000056e-01
9.979676141840430059e-01,-6.372174337888208973e-02,-4.248065029972081328e-04,2.507211169858152999e+01,6.371877786780907882e-02,9.979549956334569094e-01,-5.073858222282597377e-03,1.491685734483720882e+00,7.472528634247656114e-04,5.036478033598173337e-03,9.999870376670765282e-01,3.810297132492879157e-01,0.000000000000000000e+00,0.000000000000000000e+00,0.000000000000000000e+00,1.000000000000000056e-01
9.980454696142628812e-01,-6.225265137151347883e-02,-5.463330455163489113e-03,2.602744765083979672e+01,6.223303345904569739e-02,9.980548233967532212e-01,-3.690398482685237382e-03,1.564272739537105661e+00,5.682440402750866051e-03,3.343185859701338150e-03,9.999782662535104949e-01,3.897649617964795699e-01,0.000000000000000000e+00,0.000000000000000000e+00,0.000000000000000000e+00,1.000000000000000056e-01
9.981085074161382131e-01,-6.083991381055699893e-02,-8.826795061216696769e-03,2.698246276235284569e+01,6.079899135311569308e-02,9.981383297249820652e-01,-4.832947782335493894e-03,1.630145480158195381e+00,9.104398605755768120e-03,4.287146060844376771e-03,9.999493638703313980e-01,4.094529073960401222e-01,0.000000000000000000e+00,0.000000000000000000e+00,0.000000000000000000e+00,1.000000000000000056e-01
9.981615148589069175e-01,-6.015272657753142210e-02,-7.432344169970077526e-03,2.795318006356712814e+01,6.009406777835433339e-02,9.981616243854091186e-01,-7.878744959194538058e-03,1.684241480345846975e+00,7.892608720993289986e-03,7.417620209354359138e-03,9.999413410985701356e-01,4.333839703753997186e-01,0.000000000000000000e+00,0.000000000000000000e+00,0.000000000000000000e+00,1.000000000000000056e-01
9.982202954756472790e-01,-5.947831028256996694e-02,-4.309559889559958813e-03,2.896365438445563356e+01,5.942781584898042951e-02,9.981717151161499935e-01,-1.102550885460907605e-02,1.731680751789796746e+00,4.957459423035492051e-03,1.074977897511031517e-02,9.999299304691580126e-01,4.501221177947246632e-01,0.000000000000000000e+00,0.000000000000000000e+00,0.000000000000000000e+00,1.000000000000000056e-01
9.982331430473128098e-01,-5.940541625880398774e-02,-1.260413028063032959e-03,2.992156861764931364e+01,5.937729674035576583e-02,9.981042363347000235e-01,-1.619475354962600366e-02,1.779243534980702313e+00,2.220079658665436231e-03,1.609129981833708201e-02,9.998680619544088044e-01,4.581638181177388747e-01,0.000000000000000000e+00,0.000000000000000000e+00,0.000000000000000000e+00,1.000000000000000056e-01
9.982695180868840223e-01,-5.876656346732722636e-02,-2.111936746435520620e-03,3.085101299818178688e+01,5.870407670674838985e-02,9.980198341546452356e-01,-2.258853718023124194e-02,1.824585891909384694e+00,3.435205465258819087e-03,2.242546882843455061e-02,9.997426157322875095e-01,4.790249445412813056e-01,0.000000000000000000e+00,0.000000000000000000e+00,0.000000000000000000e+00,1.000000000000000056e-01
9.982852436451510325e-01,-5.831478511195786751e-02,-5.094914885226178684e-03,3.180010950681162640e+01,5.816787868523569383e-02,9.979849677202982106e-01,-2.534762500857082324e-02,1.862990989033288081e+00,6.562789772743411222e-03,2.500779961655160560e-02,9.996657140008039510e-01,4.930217907141325462e-01,0.000000000000000000e+00,0.000000000000000000e+00,0.000000000000000000e+00,1.000000000000000056e-01
9.982897264634286172e-01,-5.788165327427090973e-02,-8.205866913983990082e-03,3.278832556382105423e+01,5.764917869657708999e-02,9.979932916561378153e-01,-2.619087636863604365e-02,1.935492472190103008e+00,9.705371357297763388e-03,2.567302131779855903e-02,9.996232799126042456e-01,5.078852912627170868e-01,0.000000000000000000e+00,0.000000000000000000e+00,0.000000000000000000e+00,1.000000000000000056e-01
9.982164002437287076e-01,-5.891220046003396715e-02,-9.662863002693892686e-03,3.376162915627765670e+01,5.863653029563947738e-02,9.979226262900984246e-01,-2.668687417366620920e-02,1.999545082997920886e+00,1.121497210610044280e-02,2.607267871219434360e-02,9.995971387641273687e-01,5.242637793824255210e-01,0.000000000000000000e+00,0.000000000000000000e+00,0.000000000000000000e+00,1.000000000000000056e-01
9.982105644443580728e-01,-5.916068887475545157e-02,-8.699535823272229462e-03,3.473005678759760428e+01,5.889678126677812264e-02,9.978719190701488273e-01,-2.797860410513064791e-02,2.070271023603569294e+00,1.033625599960175459e-02,2.741616353764193478e-02,9.995706657304365139e-01,5.512770532579645000e-01,0.000000000000000000e+00,0.000000000000000000e+00,0.000000000000000000e+00,1.000000000000000056e-01
9.981784257073766931e-01,-5.967503325303018941e-02,-8.872477590435096789e-03,3.571429695470030197e+01,5.942969235243431708e-02,9.979007371216706002e-01,-2.573383995678511435e-02,2.135273656097004924e+00,1.038951968273999632e-02,2.515967524186592599e-02,9.996294556596888592e-01,5.623393173993761485e-01,0.000000000000000000e+00,0.000000000000000000e+00,0.000000000000000000e+00,1.000000000000000056e-01
9.982750175893553291e-01,-5.811067490606638963e-02,-8.374886204223332478e-03,3.670138424780392228e+01,5.789120428733186829e-02,9.980241810821950388e-01,-2.442012369699323934e-02,2.203892387398295849e+00,9.777408814948465934e-03,2.389316716501830792e-02,9.996667038766919866e-01,5.876147053533242737e-01,0.000000000000000000e+00,0.000000000000000000e+00,0.000000000000000000e+00,1.000000000000000056e-01
9.982231666705682072e-01,-5.921121500154919587e-02,-6.673944877150929378e-03,3.771251246136388602e+01,5.903136086174704672e-02,9.979549199625563638e-01,-2.452093304378880068e-02,2.268394179768844499e+00,8.112210364206038499e-03,2.408339138427333104e-02,9.996770389993153705e-01,6.058257426358250042e-01,0.000000000000000000e+00,0.000000000000000000e+00,0.000000000000000000e+00,1.000000000000000056e-01
9.983564261371670190e-01,-5.712914843172682555e-02,-4.550471413939509782e-03,3.870649228613457637e+01,5.700238414727497316e-02,9.980779085810145279e-01,-2.431494610469928791e-02,2.329848173516644749e+00,5.930817157007241963e-03,2.401559497521683906e-02,9.996939914823117501e-01,6.375699958328855388e-01,0.000000000000000000e+00,0.000000000000000000e+00,0.000000000000000000e+00,1.000000000000000056e-01
9.983849429684564791e-01,-5.672635598385758482e-02,-3.102610298519174227e-03,3.972094395948034418e+01,5.665327126859372175e-02,9.981932943894654686e-01,-2.001384247147486306e-02,2.393383556973156967e+00,4.232317147727268983e-03,1.980574595158036272e-02,9.997948889241545789e-01,6.561347322868711363e-01,0.000000000000000000e+00,0.000000000000000000e+00,0.000000000000000000e+00,1.000000000000000056e-01
9.982854170042292363e-01,-5.847178209126430853e-02,-2.697572198068552089e-03,4.073011787107090953e+01,5.839551691259080995e-02,9.980338184748596131e-01,-2.276973396863173071e-02,2.462876366576621567e+00,4.023655204339870659e-03,2.257316724703564703e-02,9.997370966005182380e-01,6.754112937216693036e-01,0.000000000000000000e+00,0.000000000000000000e+00,0.000000000000000000e+00,1.000000000000000056e-01
9.983414796113584400e-01,-5.734146424669701175e-02,-5.123140194100231533e-03,4.174556183521972486e+01,5.721731140770907470e-02,9.981244789770686854e-01,-2.176473620396806100e-02,2.526182361972727275e+00,6.361553479841399079e-03,2.143550663734919079e-02,9.997499935946603244e-01,7.111595776339645347e-01,0.000000000000000000e+00,0.000000000000000000e+00,0.000000000000000000e+00,1.000000000000000056e-01
9.983943369743940588e-01,-5.621137444961667173e-02,-7.002091112315231985e-03,4.277737962510958170e+01,5.607920816910964834e-02,9.982672058634735057e-01,-1.782436839439621029e-02,2.602021473486330283e+00,7.991890176037706739e-03,1.740307674000395044e-02,9.998166144905753505e-01,7.374721405251021267e-01,0.000000000000000000e+00,0.000000000000000000e+00,0.000000000000000000e+00,1.000000000000000056e-01
9.984147273979322446e-01,-5.579761867773713746e-02,-7.393095752561184945e-03,4.383688806431134566e+01,5.564487285937953776e-02,9.982608408071301787e-01,-1.946642842190076522e-02,2.668737655988511204e+00,8.466418332222034465e-03,1.902418095307492618e-02,9.997831766436603429e-01,7.632296395824130775e-01,0.000000000000000000e+00,0.000000000000000000e+00,0.000000000000000000e+00,1.000000000000000056e-01
9.983923233817930676e-01,-5.624211188659366395e-02,-7.042262622268479454e-03,4.484261416681589907e+01,5.607360947242431143e-02,9.981799582900956480e-01,-2.219281840409147513e-02,2.728227385674905303e+00,8.277616386325618858e-03,2.176225444476776946e-02,9.997289059282231660e-01,7.963614555579067167e-01,0.000000000000000000e+00,0.000000000000000000e+00,0.000000000000000000e+00,1.000000000000000056e-01
9.985073216987816469e-01,-5.432137694872622713e-02,-5.684762116414000289e-03,4.582448505148539653e+01,5.417949759421451794e-02,9.982734729710669441e-01,-2.268601337218691810e-02,2.788682808268379443e+00,6.907282704821366033e-03,2.234415289687517042e-02,9.997264767309890221e-01,8.171549327433095256e-01,0.000000000000000000e+00,0.000000000000000000e+00,0.000000000000000000e+00,1.000000000000000056e-01
9.983303875151035012e-01,-5.718947538945154396e-02,-8.111798112784606232e-03,4.673794609086480989e+01,5.701631635615209137e-02,9.981693649736788077e-01,-2.017569074946379618e-02,2.844976101156026171e+00,9.250785540614541932e-03,1.967950031688131887e-02,9.997635421609248896e-01,8.417001034729159059e-01,0.000000000000000000e+00,0.000000000000000000e+00,0.000000000000000000e+00,1.000000000000000056e-01
9.984199982962970177e-01,-5.472899037957741630e-02,-1.273752778424689161e-02,4.769222050188680129e+01,5.448579222839612657e-02,9.983391362001906577e-01,-1.871543684505571140e-02,2.902525868187211699e+00,1.374064944849361092e-02,1.799185213059907931e-02,9.997437110628124568e-01,8.576790649655826604e-01,0.000000000000000000e+00,0.000000000000000000e+00,0.000000000000000000e+00,1.000000000000000056e-01
9.985189273331663840e-01,-5.306747658398217743e-02,-1.199144221648848832e-02,4.865441094400954825e+01,5.281589825062397298e-02,9.983957954344356844e-01,-2.040383666912337982e-02,2.962084853337077384e+00,1.305498561479919925e-02,1.974027831234991329e-02,9.997199051548130155e-01,8.840036600774366926e-01,0.000000000000000000e+00,0.000000000000000000e+00,0.000000000000000000e+00,1.000000000000000056e-01
9.987214593824501607e-01,-4.839011837585192877e-02,-1.462337213368025343e-02,4.961884464236271697e+01,4.809286395775039247e-02,9.986418562720262848e-01,-2.003794744735162142e-02,3.028165112281931304e+00,1.557315014152151414e-02,1.930904827101920934e-02,9.996922714763464279e-01,9.047559544151910771e-01,0.000000000000000000e+00,0.000000000000000000e+00,0.000000000000000000e+00,1.000000000000000056e-01
9.988083285230010544e-01,-4.742400524535501233e-02,-1.152764501436558640e-02,5.062761227268455855e+01,4.714555045784198789e-02,9.986154708973085103e-01,-2.333320287859907624e-02,3.089842546638434939e+00,1.261823859006331629e-02,2.276192019657675633e-02,9.996612801563582451e-01,9.430896488384911125e-01,0.000000000000000000e+00,0.000000000000000000e+00,0.000000000000000000e+00,1.000000000000000056e-01
9.989191445464540298e-01,-4.533990511177437427e-02,-1.023892880313513436e-02,5.157926043260572868e+01,4.509709736762104043e-02,9.987220314691344081e-01,-2.281568905776584083e-02,3.140976245691998070e+00,1.126030495127380675e-02,2.232928262664621993e-02,9.996872554303088965e-01,9.679438058352430874e-01,0.000000000000000000e+00,0.000000000000000000e+00,0.000000000000000000e+00,1.000000000000000056e-01
9.989588930632485875e-01,-4.444460475650287290e-02,-1.028625674807366608e-02,5.253767943840410481e+01,4.415460834117808375e-02,9.986629067702375018e-01,-2.688436726904797069e-02,3.179527649699656511e+00,1.146736814121771669e-02,2.640219212978599933e-02,9.995856260064245324e-01,9.939194976539195148e-01,0.000000000000000000e+00,0.000000000000000000e+00,0.000000000000000000e+00,1.000000000000000056e-01
9.989171719415471662e-01,-4.502939790081907090e-02,-1.169773161733358817e-02,5.352186669892098791e+01,4.466325871586093732e-02,9.985553459508788032e-01,-2.987330570594429538e-02,3.234558133867516450e+00,1.302600941123284971e-02,2.931849923871348088e-02,9.994852418526288806e-01,1.035528571243915064e+00,0.000000000000000000e+00,0.000000000000000000e+00,0.000000000000000000e+00,1.000000000000000056e-01
9.989285943060277617e-01,-4.469158837325008099e-02,-1.201355095129305606e-02,5.448313356157637344e+01,4.432826167943012402e-02,9.985967126232476732e-01,-2.897603759182666716e-02,3.274102364873986204e+00,1.329167763163487462e-02,2.841245266989394364e-02,9.995079108436399906e-01,1.054445412755490086e+00,0.000000000000000000e+00,0.000000000000000000e+00,0.000000000000000000e+00,1.000000000000000056e-01
9.989007689133796442e-01,-4.627957780516237657e-02,-7.446780675895959059e-03,5.542523556698456133e+01,4.602282625350023054e-02,9.984409938578631127e-01,-3.158292652308759829e-02,3.317325767728872776e+00,8.896815604423050430e-03,3.120548769525229027e-02,9.994733934476707216e-01,1.087379910738494937e+00,0.000000000000000000e+00,0.000000000000000000e+00,0.000000000000000000e+00,1.000000000000000056e-01
9.987764787660584620e-01,-4.941604750031331622e-02,-1.897290995067529070e-03,5.636674649722337449e+01,4.933139419586491520e-02,9.982807823737874786e-01,-3.165269482794483974e-02,3.363404261268517548e+00,3.458180210077398554e-03,3.152037107372943764e-02,9.994971271579569105e-01,1.124367442395858507e+00,0.000000000000000000e+00,0.000000000000000000e+00,0.000000000000000000e+00,1.000000000000000056e-01
9.987822163444549650e-01,-4.930535434355546448e-02,-1.751098830662828430e-03,5.732377376661391111e+01,4.923497547054393048e-02,9.983752603438732498e-01,-2.868373622313402996e-02,3.424977784222882793e+00,3.162515529329554004e-03,2.856259033000735012e-02,9.995870031813973711e-01,1.136489635972002699e+00,0.000000000000000000e+00,0.000000000000000000e+00,0.000000000000000000e+00,1.000000000000000056e-01
9.987119787038398755e-01,-5.050675625791013063e-02,-4.842640371216520682e-03,5.822741376467214280e+01,5.034966529665895613e-02,9.983279908896185439e-01,-2.839249567776946578e-02,3.478469657937707460e+00,6.268556291148415054e-03,2.811210021684252755e-02,9.995851214496056514e-01,1.154496931501827861e+00,0.000000000000000000e+00,0.000000000000000000e+00,0.000000000000000000e+00,1.000000000000000056e-01
9.985058533077009191e-01,-5.359456591542716142e-02,-1.066224247506386384e-02,5.914452838934651169e+01,5.327379570083623506e-02,9.981764622403477283e-01,-2.838402580623995350e-02,3.536244550883237636e+00,1.216402901532572835e-02,2.777359778063809639e-02,9.995402261362139607e-01,1.175613118417508263e+00,0.000000000000000000e+00,0.000000000000000000e+00,0.000000000000000000e+00,1.000000000000000056e-01
9.984285328514828084e-01,-5.367196948063045203e-02,-1.611783112288385847e-02,6.008787534138878073e+01,5.323131594963646795e-02,9.982271698699027862e-01,-2.662600863430962875e-02,3.595354363261470620e+00,1.751832726904905754e-02,2.572619337551956473e-02,9.995155182307575714e-01,1.209263278670023922e+00,0.000000000000000000e+00,0.000000000000000000e+00,0.000000000000000000e+00,1.000000000000000056e-01
9.984039126300828793e-01,-5.416576994529515715e-02,-1.599051628857739091e-02,6.100072468369454981e+01,5.378135140009974308e-02,9.982746587799479210e-01,-2.356420759027543985e-02,3.663706141365984159e+00,1.723930063897282858e-02,2.266660548057349359e-02,9.995944335126457636e-01,1.226207556064805360e+00,0.000000000000000000e+00,0.000000000000000000e+00,0.000000000000000000e+00,1.000000000000000056e-01
9.983852988673089790e-01,-5.521459388847310690e-02,-1.334704564183055060e-02,6.192000224526191232e+01,5.492247834094085568e-02,9.982624938088443534e-01,-2.134279333723259828e-02,3.723134764778022188e+00,1.450228873395514005e-02,2.057527827947719032e-02,9.996831205663118114e-01,1.261572007637129067e+00,0.000000000000000000e+00,0.000000000000000000e+00,0.000000000000000000e+00,1.000000000000000056e-01
9.982411252736391738e-01,-5.797095137733181136e-02,-1.241066512422145211e-02,6.280454990847890429e+01,5.770273786485945189e-02,9.981134018422429532e-01,-2.097691840582293840e-02,3.785963089211537902e+00,1.360330310321177481e-02,2.022389327781050003e-02,9.997029280168033827e-01,1.297970026000745403e+00,0.000000000000000000e+00,0.000000000000000000e+00,0.000000000000000000e+00,1.000000000000000056e-01
9.983083982450910998e-01,-5.628899248920996717e-02,-1.455648714045953973e-02,6.363193026726113999e+01,5.598364238600642834e-02,9.982192207392379668e-01,-2.059658058863668428e-02,3.848245781365084106e+00,1.568992602010743989e-02,1.974681420629983281e-02,9.996818941794362035e-01,1.327647851996014650e+00,0.000000000000000000e+00,0.000000000000000000e+00,0.000000000000000000e+00,1.000000000000000056e-01
9.982799733453929791e-01,-5.720297002699518268e-02,-1.284192499636570284e-02,6.445266033160947927e+01,5.696357786966566722e-02,9.982086759336552539e-01,-1.829180382207868175e-02,3.895710073268172646e+00,1.386526645283556181e-02,1.752881943741698215e-02,9.997502162416982419e-01,1.353939011160038008e+00,0.000000000000000000e+00,0.000000000000000000e+00,0.000000000000000000e+00,1.000000000000000056e-01
9.981565502446114735e-01,-5.900870920456184610e-02,-1.419413406262957401e-02,6.526279783005189472e+01,5.874246978056488211e-02,9.981018283251706924e-01,-1.849493276632411740e-02,3.946566361122537447e+00,1.525855326876910355e-02,1.762703979580480459e-02,9.997281950711309761e-01,1.384057623626935740e+00,0.000000000000000000e+00,0.000000000000000000e+00,0.000000000000000000e+00,1.000000000000000056e-01
9.981225117496189680e-01,-5.991494299116904149e-02,-1.271421035679142809e-02,6.606891565092567475e+01,5.967450732577059963e-02,9.980461567212839391e-01,-1.851545919768085580e-02,3.989103742474762182e+00,1.379872146462599210e-02,1.772198240150905935e-02,9.997477314931513259e-01,1.416834226719296153e+00,0.000000000000000000e+00,0.000000000000000000e+00,0.000000000000000000e+00,1.000000000000000056e-01
9.980195534824217729e-01,-6.151709714109523247e-02,-1.313840272181100895e-02,6.681973166893685345e+01,6.127755136850048662e-02,9.979599362165703091e-01,-1.791723764701967994e-02,4.042745756896723108e+00,1.421381599107792749e-02,1.707666436843119709e-02,9.997531470163121270e-01,1.440289943201050527e+00,0.000000000000000000e+00,0.000000000000000000e+00,0.000000000000000000e+00,1.000000000000000056e-01
9.979372053988271318e-01,-6.315831949847711124e-02,-1.150481459682715923e-02,6.760812975399429092e+01,6.295307173440786719e-02,9.978647026717550883e-01,-1.740534173787691014e-02,4.097558127778692771e+00,1.257954053141761147e-02,1.664517467430332714e-02,9.997823229683950874e-01,1.460134622477538446e+00,0.000000000000000000e+00,0.000000000000000000e+00,0.000000000000000000e+00,1.000000000000000056e-01
9.978214237325916391e-01,-6.548647333052644293e-02,-7.995508176099761638e-03,6.835979837094271261e+01,6.535805710601276519e-02,9.977432540904003222e-01,-1.538581451942141499e-02,4.157036241882138938e+00,8.985027077922695671e-03,1.482972446908953530e-02,9.998496629796801427e-01,1.484508103606294149e+00,0.000000000000000000e+00,0.000000000000000000e+00,0.000000000000000000e+00,1.000000000000000056e-01
9.979299547508744261e-01,-6.390145752299986048e-02,-7.239415539533344997e-03,6.905465046015001462e+01,6.380816602731684273e-02,9.978844202245300554e-01,-1.245800230309483669e-02,4.205933020837719027e+00,8.020184483424334931e-03,1.197027984592643687e-02,9.998961891322828421e-01,1.510050708389239604e+00,0.000000000000000000e+00,0.000000000000000000e+00,0.000000000000000000e+00,1.000000000000000056e-01
9.979982831523649400e-01,-6.259954057940561589e-02,-8.984672736358037884e-03,6.971798869207619020e+01,6.250649926200793627e-02,9.979915324278409994e-01,-1.028779628191713730e-02,4.254516982209775477e+00,9.610638633343130885e-03,9.705602587010038473e-03,9.999067141006116044e-01,1.542270077227911873e+00,0.000000000000000000e+00,0.000000000000000000e+00,0.000000000000000000e+00,1.000000000000000056e-01
9.977349968870855568e-01,-6.580597814500346865e-02,-1.394450526575921785e-02,7.040537200243555560e+01,6.567582330515581157e-02,9.977948777379938017e-01,-9.595217194615566353e-03,4.314748616943224313e+00,1.454517857977046490e-02,8.657667133888855698e-03,9.998567310269413921e-01,1.565438489218486717e+00,0.000000000000000000e+00,0.000000000000000000e+00,0.000000000000000000e+00,1.000000000000000056e-01
9.977186781830446050e-01,-6.513327546789576816e-02,-1.775093325719845003e-02,7.114600256992287086e+01,6.495748626283034954e-02,9.978348053673115059e-01,-1.030660836520807047e-02,4.369501262785915330e+00,1.838380219357556647e-02,9.130039671478819979e-03,9.997893169025685589e-01,1.593041078691487922e+00,0.000000000000000000e+00,0.000000000000000000e+00,0.000000000000000000e+00,1.000000000000000056e-01
9.975869212795192009e-01,-6.713569774317976191e-02,-1.769555256517229072e-02,7.185606583077476728e+01,6.695802721224575205e-02,9.977010751515900111e-01,-1.044926950583347815e-02,4.420435521779617183e+00,1.835639081885452953e-02,9.239195305749852913e-03,9.997888177941418597e-01,1.615069174587426826e+00,0.000000000000000000e+00,0.000000000000000000e+00,0.000000000000000000e+00,1.000000000000000056e-01
9.975785571553609232e-01,-6.778396319024737604e-02,-1.556780774712457696e-02,7.253604000520307693e+01,6.764922191512900973e-02,9.976683467080929013e-01,-9.025117784169464641e-03,4.471564200233446584e+00,1.614326726861300618e-02,7.950113896271669700e-03,9.998380821967777221e-01,1.633466491684986144e+00,0.000000000000000000e+00,0.000000000000000000e+00,0.000000000000000000e+00,1.000000000000000056e-01
9.975183429542922031e-01,-6.875461603411353595e-02,-1.516437416198764855e-02,7.317196736888062958e+01,6.861645776559599508e-02,9.975983476891385759e-01,-9.450841846251835723e-03,4.519091163469395767e+00,1.577774361007691986e-02,8.386862458768495551e-03,9.998403489281038059e-01,1.653307039406404888e+00,0.000000000000000000e+00,0.000000000000000000e+00,0.000000000000000000e+00,1.000000000000000056e-01
9.974248133673494499e-01,-6.969030247723241589e-02,-1.694117527623388922e-02,7.375533714748797820e+01,6.952175537447773113e-02,9.975268161748701568e-01,-1.034294646984564373e-02,4.555775516227014599e+00,1.762007970355138411e-02,9.138531209043794512e-03,9.998029906129416444e-01,1.679740830249534911e+00,0.000000000000000000e+00,0.000000000000000000e+00,0.000000000000000000e+00,1.000000000000000056e-01
9.973959337209059584e-01,-6.918117214149345495e-02,-2.037932329914743032e-02,7.439748278062275233e+01,6.883388825496956909e-02,9.974785220277333497e-01,-1.727697661835256998e-02,4.586150081219804164e+00,2.152317877787773490e-02,1.582919816345060987e-02,9.996430309169357376e-01,1.712698204298705784e+00,0.000000000000000000e+00,0.000000000000000000e+00,0.000000000000000000e+00,1.000000000000000056e-01
9.973603355213864763e-01,-6.824335580837613546e-02,-2.480333680533320512e-02,7.502397791541980610e+01,6.775052004029201436e-02,9.974978701064203257e-01,-2.019569675512468063e-02,4.608869411350781320e+00,2.611949775431009896e-02,1.846194792448348568e-02,9.994883332565199785e-01,1.734447705480074653e+00,0.000000000000000000e+00,0.000000000000000000e+00,0.000000000000000000e+00,1.000000000000000056e-01
9.976994257285375367e-01,-6.309897006898790295e-02,-2.478660681052266557e-02,7.561225880441874381e+01,6.260246755930171103e-02,9.978316318629041337e-01,-2.032155282699605117e-02,4.649170322271291234e+00,2.601512937567398293e-02,1.872309883664518768e-02,9.994861973101580865e-01,1.764374252222456807e+00,0.000000000000000000e+00,0.000000000000000000e+00,0.000000000000000000e+00,1.000000000000000056e-01
9.980098331744818863e-01,-5.831715664883802691e-02,-2.398920856213871203e-02,7.618377706428361762e+01,5.794327692575162309e-02,9.981917101582958862e-01,-1.599645055511864783e-02,4.701709522340471459e+00,2.487869663283351698e-02,1.457460159495219294e-02,9.995842292884576930e-01,1.776008892779077586e+00,0.000000000000000000e+00,0.000000000000000000e+00,0.000000000000000000e+00,1.000000000000000056e-01
9.984816440052511899e-01,-5.121779728614443000e-02,-2.027668182238352018e-02,7.672261972519794426e+01,5.084944735592700910e-02,9.985389586342877655e-01,-1.828337477461362826e-02,4.720961491634221296e+00,2.118349093439440139e-02,1.722455603804018409e-02,9.996272177072434983e-01,1.803616016621477858e+00,0.000000000000000000e+00,0.000000000000000000e+00,0.000000000000000000e+00,1.000000000000000056e-01
9.988886409258874721e-01,-4.384612679197465168e-02,-1.729162209208764608e-02,7.728908047576602769e+01,4.344914735099419945e-02,9.987976785145702419e-01,-2.270173976542008004e-02,4.727830155944573676e+00,1.826621536348141742e-02,2.192520374471681327e-02,9.995927324751053833e-01,1.823866025847451500e+00,0.000000000000000000e+00,0.000000000000000000e+00,0.000000000000000000e+00,1.000000000000000056e-01
9.992589028020387731e-01,-3.560161028574976294e-02,-1.463456579223644180e-02,7.784373645628627969e+01,3.522589333077023876e-02,9.990622191576596922e-01,-2.517575601290870588e-02,4.732925541998723951e+00,1.551713923102121181e-02,2.464158267713152314e-02,9.995759154727824614e-01,1.856714919187280044e+00,0.000000000000000000e+00,0.000000000000000000e+00,0.000000000000000000e+00,1.000000000000000056e-01
9.996071009938282126e-01,-2.376278282485893775e-02,-1.486518735613730734e-02,7.833045017623987860e+01,2.344410483634226314e-02,9.994991345074601963e-01,-2.125685929907289787e-02,4.747269303055380973e+00,1.536286402781293116e-02,2.090000648939080788e-02,9.996635294625919599e-01,1.881497994943024166e+00,0.000000000000000000e+00,0.000000000000000000e+00,0.000000000000000000e+00,1.000000000000000056e-01
9.998484984884911109e-01,-9.440158480149490189e-03,-1.462407187412259613e-02,7.883457041360463791e+01,9.154047983390253135e-03,9.997677688183852496e-01,-1.950927567660009493e-02,4.757272321728854614e+00,1.480484636285128025e-02,1.937245053619837676e-02,9.997027181539495100e-01,1.889280760187004082e+00,0.000000000000000000e+00,0.000000000000000000e+00,0.000000000000000000e+00,1.000000000000000056e-01
9.998624567666285490e-01,9.440007312230686010e-03,-1.363648820433428603e-02,7.932755409694621562e+01,-9.610014445667756228e-03,9.998762424541208782e-01,-1.245581784476756937e-02,4.748703595291591917e+00,1.351721757448528898e-02,1.258515147993874428e-02,9.998294348494002337e-01,1.904106814317737317e+00,0.000000000000000000e+00,0.000000000000000000e+00,0.000000000000000000e+00,1.000000000000000056e-01
9.994124580124342794e-01,3.160906391505207552e-02,-1.325163567105399481e-02,7.981815476162873324e+01,-3.179924695133182905e-02,9.993906050925169815e-01,-1.439535849296763939e-02,4.719391924828020279e+00,1.278853638507593260e-02,1.480829265063988293e-02,9.998085655793815807e-01,1.923618074506411979e+00,0.000000000000000000e+00,0.000000000000000000e+00,0.000000000000000000e+00,1.000000000000000056e-01
9.983347977549478225e-01,5.621719447892998406e-02,-1.293285105866045712e-02,8.030491143158319289e+01,-5.643774469453704395e-02,9.982549734393048046e-01,-1.737207464545041657e-02,4.699956437826526390e+00,1.193367359121180402e-02,1.807304757397075468e-02,9.997654486858442713e-01,1.942488801350447103e+00,0.000000000000000000e+00,0.000000000000000000e+00,0.000000000000000000e+00,1.000000000000000056e-01
9.963492776406996931e-01,8.463642641650098719e-02,-1.117104598057126578e-02,8.077400686880994840e+01,-8.483101415592728123e-02,9.962277230556609853e-01,-1.827629209139677163e-02,4.650666925815833963e+00,9.582065650614623661e-03,1.915722158292796490e-02,9.997705661195922522e-01,1.959174880630966786e+00,0.000000000000000000e+00,0.000000000000000000e+00,0.000000000000000000e+00,1.000000000000000056e-01
9.930305213265320230e-01,1.174748666549573217e-01,-9.488910282849120567e-03,8.123939497037042656e+01,-1.176381115608327865e-01,9.928744440116104020e-01,-1.901612833981975587e-02,4.587165954088807673e+00,7.187379380345993232e-03,1.999985332534798960e-02,9.997741482177899819e-01,1.974571291276945306e+00,0.000000000000000000e+00,0.000000000000000000e+00,0.000000000000000000e+00,1.000000000000000056e-01
