1.000000000000000000e+00,2.197243672890969981e-13,3.304708773924482199e-13,-1.580029672352249872e-20,-2.197243672890379282e-13,1.000000000000000000e+00,-1.787653440500540547e-13,-3.140248651892296768e-20,-3.304708773924874989e-13,1.787653440499814543e-13,1.000000000000000000e+00,-1.254686398944873088e-19,0.000000000000000000e+00,0.000000000000000000e+00,0.000000000000000000e+00,1.000000000000000056e-01
9.999921171978842782e-01,-2.573348432372709292e-03,-3.023808846221505853e-03,6.404689950375523910e-01,2.562282433484476540e-03,9.999900274984125925e-01,-3.657815257110078044e-03,1.839811815465233411e-02,3.033191524440779618e-03,3.650038570987342024e-03,9.999887384203915985e-01,1.252892641743560010e-04,0.000000000000000000e+00,0.000000000000000000e+00,0.000000000000000000e+00,1.000000000000000056e-01
9.999682935053108013e-01,-6.617139047508000319e-03,-4.430062629650584512e-03,1.293088260523119315e+00,6.603430038983374231e-03,9.999733856491460626e-01,-3.102048533546719004e-03,2.833645965467515571e-02,4.450471412888050253e-03,3.072696569818152059e-03,9.999853758130630155e-01,8.882294768400293694e-03,0.000000000000000000e+00,0.000000000000000000e+00,0.000000000000000000e+00,1.000000000000000056e-01
9.999376946918542286e-01,-1.002159742260144530e-02,-4.916738699523991174e-03,1.980492474211310361e+00,9.999478608370774776e-03,9.999398657082462227e-01,-4.502820775396637783e-03,5.461372593405256631e-02,4.961568492001708006e-03,4.453375402311862512e-03,9.999777748958349477e-01,9.314362921928097741e-03,0.000000000000000000e+00,0.000000000000000000e+00,0.000000000000000000e+00,1.000000000000000056e-01
9.998014285971569270e-01,-1.947558476257154822e-02,-4.219593966242728839e-03,2.698722236925966911e+00,1.947155939072682182e-02,9.998099181316609796e-01,-9.929654851482513835e-04,4.803583164109232612e-02,4.238130481410307127e-03,9.106062360804428489e-04,9.999906044790147774e-01,1.319232889234106011e-02,0.000000000000000000e+00,0.000000000000000000e+00,0.000000000000000000e+00,1.000000000000000056e-01
9.996637744177465645e-01,-2.561038676806329586e-02,-4.055392268932687429e-03,3.415441736409622564e+00,2.560636684035938818e-02,9.996715621465041002e-01,-1.040102305075795786e-03,7.800609930936558412e-02,4.080697746912140093e-03,9.359087339528206640e-04,9.999912359519657068e-01,1.808437924245222261e-02,0.000000000000000000e+00,0.000000000000000000e+00,0.000000000000000000e+00,1.000000000000000056e-01
9.995334614895390324e-01,-3.000490462611826378e-02,-5.706580510055848411e-03,4.138816406974237694e+00,3.000456192561689814e-02,9.995497511590992756e-01,-1.456757857820415705e-04,8.432329403494487341e-02,5.708382116854413858e-03,-2.561562587955656034e-05,9.999837067259884638e-01,2.506102865282887338e-02,0.000000000000000000e+00,0.000000000000000000e+00,0.000000000000000000e+00,1.000000000000000056e-01
9.994527666770612884e-01,-3.258740813026247962e-02,-5.676972161237457161e-03,4.881638822771710906e+00,3.258468779241549540e-02,9.994688149343712302e-01,-5.710474186121454725e-04,1.105149133313624438e-01,5.692565593699463848e-03,3.857525569555460840e-04,9.999837228134896838e-01,3.970509698626920742e-02,0.000000000000000000e+00,0.000000000000000000e+00,0.000000000000000000e+00,1.000000000000000056e-01
9.992979870390037433e-01,-3.714092018470011719e-02,-4.907662134750182502e-03,5.640315455527231236e+00,3.714980677661908898e-02,9.993082064717535573e-01,1.732147414952455279e-03,1.511775722202671202e-01,4.839933496959657709e-03,-1.913250125047701597e-03,9.999864571671478464e-01,3.880819393204754109e-02,0.000000000000000000e+00,0.000000000000000000e+00,0.000000000000000000e+00,1.000000000000000056e-01
9.991602276953970296e-01,-4.093119853064328822e-02,-1.864504901434909908e-03,6.422885138929982141e+00,4.093410668492099974e-02,9.991606471443634785e-01,1.549228183391126003e-03,2.029488873280727579e-01,1.799528157577892249e-03,-1.624249027019098466e-03,9.999970617524375216e-01,4.890007673089364487e-02,0.000000000000000000e+00,0.000000000000000000e+00,0.000000000000000000e+00,1.000000000000000056e-01
9.990317654341425158e-01,-4.398091258065480597e-02,-1.100446324529631616e-03,7.215415369491468667e+00,4.398013094523196137e-02,9.990321430762753030e-01,-7.246947390916686285e-04,2.266549173121145677e-01,1.131253985902899283e-03,6.755952911445726149e-04,9.999991319173342497e-01,6.019530273359453842e-02,0.000000000000000000e+00,0.000000000000000000e+00,0.000000000000000000e+00,1.000000000000000056e-01
9.989377713352386445e-01,-4.607621045031014967e-02,5.584176978718337434e-04,8.018800291953182224e+00,4.607662531635926123e-02,9.989376234605650273e-01,-7.543436977239341684e-04,2.662951743911450841e-01,-5.230671490422163922e-04,7.792724152599940501e-04,9.999995595675331694e-01,6.175453450275983358e-02,0.000000000000000000e+00,0.000000000000000000e+00,0.000000000000000000e+00,1.000000000000000056e-01
9.988850978784838963e-01,-4.719055750672748739e-02,1.269849792627255908e-03,8.858581894781190513e+00,4.719330403077004465e-02,9.988832914209739844e-01,-2.227593917414634646e-03,3.148804272919252800e-01,-1.163310341608362990e-03,2.285038775567101513e-03,9.999967126480182600e-01,7.649058494935545571e-02,0.000000000000000000e+00,0.000000000000000000e+00,0.000000000000000000e+00,1.000000000000000056e-01
9.986776634051878210e-01,-5.137267370719963283e-02,1.942424188497540597e-03,9.666679560915190095e+00,5.138155414918705449e-02,9.986673777491203996e-01,-4.837821091122674472e-03,3.519911418123611302e-01,-1.691303866435248321e-03,4.931228636876705193e-03,9.999864111453525828e-01,8.253345566166035707e-02,0.000000000000000000e+00,0.000000000000000000e+00,0.000000000000000000e+00,1.000000000000000056e-01
9.986435056235525298e-01,-5.203968250389455485e-02,1.737849474330283462e-03,1.047789528508634049e+01,5.204937906351252142e-02,9.986258834583323640e-01,-6.099756238413740587e-03,4.148534404262516628e-01,-1.418032088622476605e-03,6.181935939423374542e-03,9.999798862242362807e-01,9.278435507422835848e-02,0.000000000000000000e+00,0.000000000000000000e+00,0.000000000000000000e+00,1.000000000000000056e-01
9.985293690267609268e-01,-5.420683404677161671e-02,8.475456592405777130e-04,1.126637527695465835e+01,5.421104557987854039e-02,9.985104108211482199e-01,-6.174303111946847535e-03,4.657597977673033074e-01,-5.115937402542218180e-04,6.211169326916370602e-03,9.999805796351434184e-01,1.078300388598173870e-01,0.000000000000000000e+00,0.000000000000000000e+00,0.000000000000000000e+00,1.000000000000000056e-01
9.984333974516715893e-01,-5.590856099154943581e-02,-2.232411468910883764e-03,1.212547096382686718e+01,5.589566941099265163e-02,9.984216261440448381e-01,-5.470885575313946640e-03,5.138666202795155735e-01,2.534757228877847993e-03,5.337532738574494832e-03,9.999825427226494146e-01,1.015335238584984395e-01,0.000000000000000000e+00,0.000000000000000000e+00,0.000000000000000000e+00,1.000000000000000056e-01
9.982079387717799346e-01,-5.973516796187721550e-02,-3.552559860257418958e-03,1.300892636692619497e+01,5.971914082275644325e-02,9.982052630894939771e-01,-4.458358422773625943e-03,5.886020036059944616e-01,3.812504739168065277e-03,4.238212948926680171e-03,9.999837510472924240e-01,1.327203354976717320e-01,0.000000000000000000e+00,0.000000000000000000e+00,0.000000000000000000e+00,1.000000000000000056e-01
9.984465045900186020e-01,-5.559310137121295514e-02,-3.739592478341641820e-03,1.390609333837564421e+01,5.559251338720297420e-02,9.984535063258999088e-01,-2.610762530408782412e-04,6.502451332608314427e-01,3.748323260831091987e-03,5.277732736523282181e-05,9.999929736189580032e-01,1.361542848013407858e-01,0.000000000000000000e+00,0.000000000000000000e+00,0.000000000000000000e+00,1.000000000000000056e-01
9.977806134809868999e-01,-6.642527233844917889e-02,-4.640103045017624633e-03,1.484788902874024608e+01,6.643823064791300192e-02,9.977868961778851853e-01,2.696539277812140013e-03,7.725079310857494441e-01,4.450715659333692731e-03,-2.998834851225938396e-03,9.999855989561323710e-01,1.556396106669240276e-01,0.000000000000000000e+00,0.000000000000000000e+00,0.000000000000000000e+00,1.000000000000000056e-01
9.974619731731689809e-01,-7.111479318745721201e-02,-3.506887992725046029e-03,1.582848831055768279e+01,7.112268046487742190e-02,9.974651977441878481e-01,2.177983617742778894e-03,8.580629459985668062e-01,3.343111870588758808e-03,-2.421875111025248006e-03,9.999914790256801966e-01,1.660020313216339360e-01,0.000000000000000000e+00,0.000000000000000000e+00,0.000000000000000000e+00,1.000000000000000056e-01
9.973753460653124181e-01,-7.239137572928783237e-02,-1.381224499975506432e-03,1.676986630243096599e+01,7.239414307237387880e-02,9.973739505563722352e-01,2.071424725094436411e-03,9.347180676029529511e-01,1.227644050576572618e-03,-2.165980516105603208e-03,9.999969007044416935e-01,1.821362272416492678e-01,0.000000000000000000e+00,0.000000000000000000e+00,0.000000000000000000e+00,1.000000000000000056e-01
9.974025631924110513e-01,-7.202827437632446095e-02,2.337254317640025374e-04,1.768325483904830975e+01,7.202798965359973049e-02,9.974020508975828259e-01,1.057152664673518270e-03,1.026466126222051800e+00,-3.092631071771058913e-04,-1.037572004450174014e-03,9.999994139001613380e-01,1.879388662824923728e-01,0.000000000000000000e+00,0.000000000000000000e+00,0.000000000000000000e+00,1.000000000000000056e-01
9.971074237951693675e-01,-7.599452929087079089e-02,-1.271585789313868162e-03,1.861685229434390720e+01,7.599698894460739373e-02,9.971060153863967601e-01,2.012896325178854459e-03,1.088120867022086102e+00,1.114936730861426899e-03,-2.103710560338457013e-03,9.999971656549655474e-01,1.872947472626731724e-01,0.000000000000000000e+00,0.000000000000000000e+00,0.000000000000000000e+00,1.000000000000000056e-01
9.970614817191891799e-01,-7.656028857908225849e-02,-2.631327539984814820e-03,1.955348505031211914e+01,7.656114734331986860e-02,9.970648620657537320e-01,2.270490562755577823e-04,1.166833184404961532e+00,2.606221289434713755e-03,-4.278393239703639443e-04,9.999965122759695291e-01,1.965307913205557588e-01,0.000000000000000000e+00,0.000000000000000000e+00,0.000000000000000000e+00,1.000000000000000056e-01
9.968644123756258413e-01,-7.905864149410359032e-02,-3.327843762104257773e-03,2.048080404005970934e+01,7.904886517960775516e-02,9.968663074663516310e-01,-2.973542032251340079e-03,1.237313155148775268e+00,3.552499516449210415e-03,2.701155957765077973e-03,9.999900417022549171e-01,2.116735266408067417e-01,0.000000000000000000e+00,0.000000000000000000e+00,0.000000000000000000e+00,1.000000000000000056e-01
9.969236466575969180e-01,-7.837678261479071040e-02,-5.680509419363291308e-04,2.139953362856078201e+01,7.836839710302408168e-02,9.968829374354913897e-01,-9.099636558063601763e-03,1.312802727269540171e+00,1.279480527995438544e-03,9.027125618931137671e-03,9.999584361025404267e-01,2.278849779155057986e-01,0.000000000000000000e+00,0.000000000000000000e+00,0.000000000000000000e+00,1.000000000000000056e-01
9.970966474398366142e-01,-7.610643113241030711e-02,2.467145015163112968e-03,2.235718803458549786e+01,7.612363860637302859e-02,9.970674430277091105e-01,-7.855297544480260158e-03,1.398650266726988223e+00,-1.862071310253665072e-03,8.020298901767440591e-03,9.999661031734834449e-01,2.535780561639386921e-01,0.000000000000000000e+00,0.000000000000000000e+00,0.000000000000000000e+00,1.000000000000000056e-01
9.973073734056022710e-01,-7.326998109128465830e-02,3.084286254774430171e-03,2.330480124413123022e+01,7.328731659487397465e-02,9.972931610100056465e-01,-5.943082448844615694e-03,1.482163688273674174e+00,-2.640488049832911965e-03,6.153119010213029504e-03,9.999775832233964712e-01,2.629684122372558108e-01,0.000000000000000000e+00,0.000000000000000000e+00,0.000000000000000000e+00,1.000000000000000056e-01
9.973952410881622432e-01,-7.209440083951784706e-02,2.265043548749100851e-03,2.422487325484199516e+01,7.210928531854202128e-02,9.973694748561485746e-01,-7.374387840322259302e-03,1.554315793580421268e+00,-1.727433221835938514e-03,7.518510009391504018e-03,9.999702435481281348e-01,2.753381271055886370e-01,0.000000000000000000e+00,0.000000000000000000e+00,0.000000000000000000e+00,1.000000000000000056e-01
9.974332643944240351e-01,-7.158853063086099977e-02,1.401913548412709633e-03,2.517195167723624039e+01,7.159757128647374624e-02,9.974007856978274189e-01,-8.090764811486282973e-03,1.624423166092325621e+00,-8.190637101330878328e-04,8.170371562588251216e-03,9.999662865132844525e-01,2.793328388464301204e-01,0.000000000000000000e+00,0.000000000000000000e+00,0.000000000000000000e+00,1.000000000000000056e-01
9.972735265448483544e-01,-7.378891144803292890e-02,-8.424963595974348154e-04,2.615309325562965981e+01,7.377672469484980455e-02,9.972238731703907400e-01,-1.007678879131287952e-02,1.746249249006817328e+00,1.583712758652425093e-03,9.987158072181763491e-03,9.999488729567823642e-01,2.882619351076409209e-01,0.000000000000000000e+00,0.000000000000000000e+00,0.000000000000000000e+00,1.000000000000000056e-01
9.976656792855089773e-01,-6.827443152519917235e-02,-1.339543091778762005e-03,2.712440053540492002e+01,6.825792596710815452e-02,9.976186345909890951e-01,-9.895224074232293263e-03,1.827875651665726631e+00,2.011943948678795221e-03,9.780691014512897172e-03,9.999501438395946851e-01,2.972959368179433071e-01,0.000000000000000000e+00,0.000000000000000000e+00,0.000000000000000000e+00,1.000000000000000056e-01
9.977758573448396451e-01,-6.665788033632956411e-02,-2.559078696500065092e-04,2.808143382200461957e+01,6.664956560902489391e-02,9.976990942396515294e-01,-1.242387852110666754e-02,1.878895362281209236e+00,1.083468457531633865e-03,1.237918989459723881e-02,9.999227878959729976e-01,3.124601305468107104e-01,0.000000000000000000e+00,0.000000000000000000e+00,0.000000000000000000e+00,1.000000000000000056e-01
9.978525349546126799e-01,-6.544922092559299354e-02,2.591903718561009307e-03,2.909467560089382232e+01,6.547791962464596938e-02,9.977663902498100645e-01,-1.322393774532253270e-02,1.927846571260666275e+00,-1.720617994143775354e-03,1.336525226461083259e-02,9.999092006305480007e-01,3.184995981099035811e-01,0.000000000000000000e+00,0.000000000000000000e+00,0.000000000000000000e+00,1.000000000000000056e-01
9.981092860861208171e-01,-6.115050236688874402e-02,6.202345437932355911e-03,3.005093564856476718e+01,6.124694305579701098e-02,9.979816108124867080e-01,-1.677845184855271399e-02,1.988568237777121439e+00,-5.163815931485560111e-03,1.712660329403872805e-02,9.998399944314262378e-01,3.305356015870615227e-01,0.000000000000000000e+00,0.000000000000000000e+00,0.000000000000000000e+00,1.000000000000000056e-01
9.982287390287222228e-01,-5.913649443571329656e-02,6.500738648958035576e-03,3.096591875393307802e+01,5.928493139469409590e-02,9.979105241886806477e-01,-2.568818060896882818e-02,2.046185485092745893e+00,-4.968046563149445746e-03,2.602807598205133729e-02,9.996488672399018727e-01,3.557721438546010417e-01,0.000000000000000000e+00,0.000000000000000000e+00,0.000000000000000000e+00,1.000000000000000056e-01
9.984050903362171603e-01,-5.635980936738248237e-02,3.293551093015679391e-03,3.190059522316369112e+01,5.642627080173312493e-02,9.980722631410895440e-01,-2.584247495564676728e-02,2.092186951676441975e+00,-1.830725031095360288e-03,2.598710134847778686e-02,9.996606019091501816e-01,3.553611428076997036e-01,0.000000000000000000e+00,0.000000000000000000e+00,0.000000000000000000e+00,1.000000000000000056e-01
9.983495375239277436e-01,-5.741669752903685864e-02,1.234411041244381536e-03,3.287664836446074190e+01,5.742853766805487703e-02,9.979425172349113415e-01,-2.850781219521299550e-02,2.159821090929262777e+00,4.049531682251467546e-04,2.853165154188984712e-02,9.995928075337595642e-01,3.625152659302864899e-01,0.000000000000000000e+00,0.000000000000000000e+00,0.000000000000000000e+00,1.000000000000000056e-01
9.983223395465506966e-01,-5.789878292623454326e-02,-4.871323868209282999e-04,3.384863814478086397e+01,5.786402797443625234e-02,9.979523807454481199e-01,-2.725435801969579644e-02,2.231253282510942348e+00,2.064129083942403860e-03,2.718044701900374296e-02,9.996284122967753483e-01,3.666205432388859320e-01,0.000000000000000000e+00,0.000000000000000000e+00,0.000000000000000000e+00,1.000000000000000056e-01
9.982126709834752143e-01,-5.968212327067648482e-02,3.083447735917498392e-03,3.484049876110288579e+01,5.974693391406632470e-02,9.977841870013444137e-01,-2.927490491759683969e-02,2.285428538741599347e+00,-1.329426908314229258e-03,2.940680757868695608e-02,9.995666422465915302e-01,3.820883620431586025e-01,0.000000000000000000e+00,0.000000000000000000e+00,0.000000000000000000e+00,1.000000000000000056e-01
9.980586519745449081e-01,-6.226368813876828612e-02,1.469815672947962946e-03,3.581885582279264923e+01,6.227979231104173452e-02,9.976117524584513507e-01,-2.986668422291003863e-02,2.352609338122506166e+00,3.933045229138254408e-04,2.990024240931371188e-02,9.995528104184473461e-01,3.915601820633183849e-01,0.000000000000000000e+00,0.000000000000000000e+00,0.000000000000000000e+00,1.000000000000000056e-01
9.978610465102212279e-01,-6.533699205381413022e-02,2.099839728624407383e-03,3.680865245796749008e+01,6.537033430015301572e-02,9.974513668842868164e-01,-2.859178368262501463e-02,2.405791686328234924e+00,-2.263868642783022165e-04,2.866789441217498791e-02,9.995889658149293977e-01,4.094928200870049939e-01,0.000000000000000000e+00,0.000000000000000000e+00,0.000000000000000000e+00,1.000000000000000056e-01
9.979510689284479819e-01,-6.387151393666365418e-02,3.754161957967013658e-03,3.780234807418955256e+01,6.394979316420137949e-02,9.975883523214088555e-01,-2.697968248353928636e-02,2.477687611449731708e+00,-2.021875076241888038e-03,2.716448085451505720e-02,9.996289326550531484e-01,4.249556001334285904e-01,0.000000000000000000e+00,0.000000000000000000e+00,0.000000000000000000e+00,1.000000000000000056e-01
9.978925138853076415e-01,-6.452498123563552013e-02,6.859848992643325163e-03,3.880919007655727171e+01,6.468287799274249905e-02,9.975660700691080240e-01,-2.603960716776173787e-02,2.534463116468358646e+00,-5.162947436975585253e-03,2.642844383266342370e-02,9.996373749166979072e-01,4.433155842157672222e-01,0.000000000000000000e+00,0.000000000000000000e+00,0.000000000000000000e+00,1.000000000000000056e-01
9.981063988396089437e-01,-6.069382899825397776e-02,9.993783915928915185e-03,3.981587944786777200e+01,6.091632710886629026e-02,9.978612193095843796e-01,-2.371050588990386218e-02,2.606421236737815228e+00,-8.533328013921422789e-03,2.427439225851532947e-02,9.996689132875377082e-01,4.510424944079284848e-01,0.000000000000000000e+00,0.000000000000000000e+00,0.000000000000000000e+00,1.000000000000000056e-01
9.980611282445573940e-01,-6.190235832515553899e-02,6.487088791222258947e-03,4.080757689793489362e+01,6.204317783060141894e-02,9.977753481288952342e-01,-2.439259623210108391e-02,2.662951837732479454e+00,-4.962698044564482942e-03,2.474778171970145463e-02,9.996814087138324867e-01,4.857508125271054467e-01,0.000000000000000000e+00,0.000000000000000000e+00,0.000000000000000000e+00,1.000000000000000056e-01
9.979438922736456608e-01,-6.385382311480067297e-02,5.538695455618226904e-03,4.180321132056381117e+01,6.395864667323847286e-02,9.977221459291947259e-01,-2.144320494167114774e-02,2.719467555125598679e+00,-4.156848500267807528e-03,2.175336286798933497e-02,9.997547258275298887e-01,5.148186283365759897e-01,0.000000000000000000e+00,0.000000000000000000e+00,0.000000000000000000e+00,1.000000000000000056e-01
9.978658548844066001e-01,-6.520053516589614795e-02,3.553290009700427275e-03,4.280561937150801555e+01,6.525984225191301669e-02,9.976585485924067687e-01,-2.045906668808917389e-02,2.775753409356757295e+00,-2.211028056747455558e-03,2.064729121635553583e-02,9.997843771135650481e-01,5.349772429079191483e-01,0.000000000000000000e+00,0.000000000000000000e+00,0.000000000000000000e+00,1.000000000000000056e-01
9.978609250810291931e-01,-6.517115599001441217e-02,5.127828327643193899e-03,4.386148078678900930e+01,6.526737123617293301e-02,9.976337910793179331e-01,-2.160993171269419075e-02,2.861961987010843256e+00,-3.707350583929046491e-03,2.189838632486254891e-02,9.997533276903932675e-01,5.652465983240184677e-01,0.000000000000000000e+00,0.000000000000000000e+00,0.000000000000000000e+00,1.000000000000000056e-01
9.979858432648838207e-01,-6.322562931433166333e-02,5.174595702614839289e-03,4.484474775857882634e+01,6.331395927428297432e-02,9.978090289934223867e-01,-1.919594280617475598e-02,2.926880933792359585e+00,-3.949582749257332485e-03,1.948490331026102654e-02,9.998023501368140664e-01,5.786947248031076851e-01,0.000000000000000000e+00,0.000000000000000000e+00,0.000000000000000000e+00,1.000000000000000056e-01
9.978136242502332331e-01,-6.540232949655930272e-02,9.513493419234152204e-03,4.582051506981127176e+01,6.558011860411583349e-02,9.976516184085811867e-01,-1.976098000122590223e-02,3.020683349779025750e+00,-8.198737981203244735e-03,2.034167110053244562e-02,9.997594696287469551e-01,5.865491398136783996e-01,0.000000000000000000e+00,0.000000000000000000e+00,0.000000000000000000e+00,1.000000000000000056e-01
9.977642208011013869e-01,-6.623387119719056915e-02,8.923788175713740639e-03,4.675642201116738050e+01,6.639252564031669634e-02,9.976156700227364338e-01,-1.884164175931712926e-02,3.094629340828531028e+00,-7.654556046625418664e-03,1.939198884386338084e-02,9.997826556509212814e-01,6.013917302854108193e-01,0.000000000000000000e+00,0.000000000000000000e+00,0.000000000000000000e+00,1.000000000000000056e-01
9.978324082723390998e-01,-6.575171533645937649e-02,2.682709775052092953e-03,4.772651264511610947e+01,6.579014184762577155e-02,9.976629855477314734e-01,-1.844517562009586123e-02,3.129808793775531228e+00,-1.463638306833011000e-03,1.858168986664317582e-02,9.998262741919751173e-01,6.022355335905560381e-01,0.000000000000000000e+00,0.000000000000000000e+00,0.000000000000000000e+00,1.000000000000000056e-01
9.977810948438765593e-01,-6.642740242518831162e-02,4.504106925576147752e-03,4.869081182479069270e+01,6.650518627955880058e-02,9.975823464030172394e-01,-2.016239923649206303e-02,3.196827512937942206e+00,-3.153881747326565954e-03,2.041720725497488467e-02,9.997865725632802958e-01,6.205651160657343901e-01,0.000000000000000000e+00,0.000000000000000000e+00,0.000000000000000000e+00,1.000000000000000056e-01
9.980295651663483314e-01,-6.260776967605222176e-02,4.153821139642700430e-03,4.968342928502075750e+01,6.268120953715833332e-02,9.978152557126336308e-01,-2.087537875321885186e-02,3.264542737877142997e+00,-2.837785197755244258e-03,2.109461171299166146e-02,9.997734565049472000e-01,6.290846077785297030e-01,0.000000000000000000e+00,0.000000000000000000e+00,0.000000000000000000e+00,1.000000000000000056e-01
9.981461911230022910e-01,-6.066010275832898341e-02,4.953087924921543116e-03,5.069575345083849527e+01,6.074457923688570543e-02,9.979687190145645204e-01,-1.919718629806999380e-02,3.358342318024972073e+00,-3.778523518088748763e-03,1.946247162561990859e-02,9.998034481628101933e-01,6.570451379229025335e-01,0.000000000000000000e+00,0.000000000000000000e+00,0.000000000000000000e+00,1.000000000000000056e-01
9.982386842301123053e-01,-5.915791221784044707e-02,4.457659538425845676e-03,5.163353370482698779e+01,5.923102935917722023e-02,9.980710263997742970e-01,-1.859869410343740689e-02,3.431665366779622417e+00,-3.348800917719811036e-03,1.882996769320742156e-02,9.998170921969109504e-01,6.711837811007271837e-01,0.000000000000000000e+00,0.000000000000000000e+00,0.000000000000000000e+00,1.000000000000000056e-01
9.983930898029375056e-01,-5.659676086206993917e-02,2.836352175819184616e-03,5.256503191904455008e+01,5.664091878251192869e-02,9.982100651220486842e-01,-1.919562993257099143e-02,3.518170677537769020e+00,-1.744864813243020719e-03,1.932543787232247900e-02,9.998117237249354305e-01,7.002671957396255920e-01,0.000000000000000000e+00,0.000000000000000000e+00,0.000000000000000000e+00,1.000000000000000056e-01
9.982362707476990504e-01,-5.927834906017700328e-02,3.228791790498538976e-03,5.352229483078774308e+01,5.933581022662095389e-02,9.979887556908244584e-01,-2.230930611718454429e-02,3.589647164391735590e+00,-1.899839066079578830e-03,2.246154151832941911e-02,9.997459025993271631e-01,7.203871899531885115e-01,0.000000000000000000e+00,0.000000000000000000e+00,0.000000000000000000e+00,1.000000000000000056e-01
9.983860532244457353e-01,-5.661611215602516817e-02,4.461453939080693189e-03,5.446928269459264982e+01,5.671290341968446974e-02,9.980557973604848865e-01,-2.585095628475353804e-02,3.641089022509276685e+00,-2.989199328198148022e-03,2.606225622357121949e-02,9.996558525252143834e-01,7.458322097166515396e-01,0.000000000000000000e+00,0.000000000000000000e+00,0.000000000000000000e+00,1.000000000000000056e-01
9.982411289069934579e-01,-5.872444295967261391e-02,8.129474618168017891e-03,5.541219737288326996e+01,5.894475743473519963e-02,9.978040043216199750e-01,-3.021066915347705994e-02,3.686516852424332580e+00,-6.337517609562116905e-03,3.063672239024237826e-02,9.995104937476803064e-01,7.515240049039239034e-01,0.000000000000000000e+00,0.000000000000000000e+00,0.000000000000000000e+00,1.000000000000000056e-01
9.979495577122816652e-01,-6.280763790351107101e-02,1.232399622050103782e-02,5.637101790431369608e+01,6.311873077952256939e-02,9.976480642743015270e-01,-2.672762006840817897e-02,3.738876043641831348e+00,-1.061631229022747328e-02,2.745069162553950490e-02,9.995667828827826673e-01,7.748617333666415474e-01,0.000000000000000000e+00,0.000000000000000000e+00,0.000000000000000000e+00,1.000000000000000056e-01
9.977273149363214966e-01,-6.611819410790417684e-02,1.298419954667374109e-02,5.733679661637157210e+01,6.642164722035928670e-02,9.974901865621492725e-01,-2.452534388633155482e-02,3.833776080192352165e+00,-1.133004018053219465e-02,2.533203742532742081e-02,9.996148848778659834e-01,7.795833245287056013e-01,0.000000000000000000e+00,0.000000000000000000e+00,0.000000000000000000e+00,1.000000000000000056e-01
9.977585733793004064e-01,-6.650521254383094660e-02,7.408505423029025129e-03,5.821187176929875307e+01,6.668616837662415253e-02,9.973899992637919043e-01,-2.767931205463063787e-02,3.897829319814876126e+00,-5.548350687160486135e-03,2.811131574780798698e-02,9.995894005698436890e-01,7.924760083736962502e-01,0.000000000000000000e+00,0.000000000000000000e+00,0.000000000000000000e+00,1.000000000000000056e-01
9.975813472229861922e-01,-6.945684355079191630e-02,2.683757949697627987e-03,5.909958493707505056e+01,6.950314219911400693e-02,9.972452466496344314e-01,-2.590813113984753377e-02,3.958207020897913875e+00,-8.768678472203374295e-04,2.603199797692474018e-02,9.996607255384738489e-01,7.975294675348536533e-01,0.000000000000000000e+00,0.000000000000000000e+00,0.000000000000000000e+00,1.000000000000000056e-01
9.976871241376452648e-01,-6.783630175078679547e-02,-4.317232299878906270e-03,6.006971231740186568e+01,6.770658900608313158e-02,9.973858956951987542e-01,-2.524267960117397569e-02,4.029514346690877602e+00,6.018316634762633198e-03,2.489199134385157441e-02,9.996720305339253931e-01,8.197194559152829463e-01,0.000000000000000000e+00,0.000000000000000000e+00,0.000000000000000000e+00,1.000000000000000056e-01
9.979340206331387408e-01,-6.412194521219673204e-02,-4.008317001210248004e-03,6.096009108197108617e+01,6.401413876779189771e-02,9.976866178477830083e-01,-2.288236450346827627e-02,4.116987867780572685e+00,5.466305955216127846e-03,2.257850104979833988e-02,9.997301289795902379e-01,8.365831915894166304e-01,0.000000000000000000e+00,0.000000000000000000e+00,0.000000000000000000e+00,1.000000000000000056e-01
9.977902044516719915e-01,-6.642605928612048405e-02,-1.512133594456274059e-03,6.184875002086762663e+01,6.638191352291021585e-02,9.975884429758435923e-01,-2.026672144351518087e-02,4.180846120361227491e+00,2.854725438207328728e-03,2.012155781118781309e-02,9.997934653986909614e-01,8.565324264450715486e-01,0.000000000000000000e+00,0.000000000000000000e+00,0.000000000000000000e+00,1.000000000000000056e-01
9.978201542369280475e-01,-6.597680827882948518e-02,-1.414414342284038258e-03,6.272016566006426785e+01,6.594164107027714050e-02,9.976670542217821458e-01,-1.766773594409789747e-02,4.243870589348470723e+00,2.576775417420287470e-03,1.753595420187353468e-02,9.998429129311653396e-01,8.811987464592390129e-01,0.000000000000000000e+00,0.000000000000000000e+00,0.000000000000000000e+00,1.000000000000000056e-01
9.977495913263449978e-01,-6.704531062488272575e-02,-8.242155813793426667e-04,6.352591418426603553e+01,6.702352516314025177e-02,9.976225221737773374e-01,-1.603590740610014512e-02,4.306313015445422110e+00,1.897388420304427399e-03,1.594457822722509729e-02,9.998710768605812982e-01,9.017250148509722285e-01,0.000000000000000000e+00,0.000000000000000000e+00,0.000000000000000000e+00,1.000000000000000056e-01
9.975007616306793556e-01,-7.065549463565985733e-02,-1.778313942744445125e-04,6.434718140950209886e+01,7.064465065454268722e-02,9.973858972353850660e-01,-1.518898712434378975e-02,4.364475573841649414e+00,1.250551923020215518e-03,1.513846338820758544e-02,9.998846248673552983e-01,9.236071344194607402e-01,0.000000000000000000e+00,0.000000000000000000e+00,0.000000000000000000e+00,1.000000000000000056e-01
9.974724422818008751e-01,-7.105214840477165616e-02,5.648853386368271265e-04,6.513842533683079239e+01,7.105190544899904481e-02,9.973394538059963121e-01,-1.629848502233943730e-02,4.423675386442420532e+00,5.946599414811412979e-04,1.629742584039661768e-02,9.998670113022685157e-01,9.360073011388643227e-01,0.000000000000000000e+00,0.000000000000000000e+00,0.000000000000000000e+00,1.000000000000000056e-01
9.971907364637314641e-01,-7.486497853781504119e-02,2.422828812242238013e-03,6.594612647681137219e+01,7.489569752530911284e-02,9.970427442351631475e-01,-1.721629054739663017e-02,4.487823847908579467e+00,-1.126766665438385349e-03,1.734938490400932121e-02,9.998488531974891735e-01,9.564639527644165362e-01,0.000000000000000000e+00,0.000000000000000000e+00,0.000000000000000000e+00,1.000000000000000056e-01
9.970276263020063645e-01,-7.703663580273448219e-02,1.126558823803774272e-03,6.668027185349207286e+01,7.704476464833640015e-02,9.968951636455054555e-01,-1.625229031500834836e-02,4.561387692166205987e+00,1.289607269454550158e-04,1.629077789418632849e-02,9.998672881561498915e-01,9.764360493332454594e-01,0.000000000000000000e+00,0.000000000000000000e+00,0.000000000000000000e+00,1.000000000000000056e-01
9.969597938473029330e-01,-7.769438295419198170e-02,5.895108931191429986e-03,6.745196911647137483e+01,7.779419486843053289e-02,9.967848114191976139e-01,-1.918600971456425885e-02,4.633206648861112775e+00,-4.385509858147074343e-03,1.958628554274806366e-02,9.997985520703268625e-01,9.833799416496278312e-01,0.000000000000000000e+00,0.000000000000000000e+00,0.000000000000000000e+00,1.000000000000000056e-01
9.967016446658331086e-01,-8.070779189755898642e-02,8.490220694634634246e-03,6.817886902322742060e+01,8.083702481050934752e-02,9.965960851519238828e-01,-1.617462455961374279e-02,4.688449603465617344e+00,-7.155902473370272243e-03,1.680759908135827374e-02,9.998331349144775615e-01,1.006033111460934659e+00,0.000000000000000000e+00,0.000000000000000000e+00,0.000000000000000000e+00,1.000000000000000056e-01
9.965497556182810746e-01,-8.231540459689119793e-02,1.061879198376463641e-02,6.886560064886846533e+01,8.247287435462639926e-02,9.964749664349784597e-01,-1.535793814594375861e-02,4.762800367894175047e+00,-9.317165493344494245e-03,1.618071180321586228e-02,9.998256723012821645e-01,1.022969240196889507e+00,0.000000000000000000e+00,0.000000000000000000e+00,0.000000000000000000e+00,1.000000000000000056e-01
9.965441675103484664e-01,-8.284380702054294776e-02,6.051928572751007901e-03,6.951719605596134954e+01,8.290325449208107988e-02,9.965039635408986518e-01,-1.033929600604749192e-02,4.815969056875865739e+00,-5.174224166759524429e-03,1.080528970562434112e-02,9.999282339841443212e-01,1.045923116246291418e+00,0.000000000000000000e+00,0.000000000000000000e+00,0.000000000000000000e+00,1.000000000000000056e-01
9.966992722774580260e-01,-8.117894551127828595e-02,7.344707362472418632e-04,7.019256862573547551e+01,8.118222389590963595e-02,9.966485058617586823e-01,-1.005993473330386856e-02,4.883587812088771685e+00,8.464573168189118207e-05,1.008635559559770828e-02,9.999491278389612825e-01,1.055105511510580518e+00,0.000000000000000000e+00,0.000000000000000000e+00,0.000000000000000000e+00,1.000000000000000056e-01
9.965101324041060193e-01,-8.335738227437165804e-02,-4.370679159496286548e-03,7.092488944531440609e+01,8.331230962387299599e-02,9.964768428134214151e-01,-9.641618211258589852e-03,4.945410870898582445e+00,5.158980624784703650e-03,9.243838864888572968e-03,9.999439666111061831e-01,1.082984927947907350e+00,0.000000000000000000e+00,0.000000000000000000e+00,0.000000000000000000e+00,1.000000000000000056e-01
9.965047784677621978e-01,-8.344403889498616667e-02,-3.913932013739731750e-03,7.162144912946816078e+01,8.340208536017149066e-02,9.964670298589716202e-01,-9.876768784071234333e-03,5.000614276605330311e+00,4.724261687376000302e-03,9.515817197244385087e-03,9.999435636947606731e-01,1.085673666819042094e+00,0.000000000000000000e+00,0.000000000000000000e+00,0.000000000000000000e+00,1.000000000000000056e-01
9.964655742561480123e-01,-8.399918344462098396e-02,-7.046296914907197381e-04,7.229404240750677957e+01,8.398674485601123618e-02,9.964084958109474810e-01,-1.078592435799010339e-02,5.066102455491273027e+00,1.608107849768616263e-03,1.068862275515078224e-02,9.999415819600371291e-01,1.100240362732389787e+00,0.000000000000000000e+00,0.000000000000000000e+00,0.000000000000000000e+00,1.000000000000000056e-01
9.954979448306957579e-01,-9.475624001657342865e-02,2.257612850445825294e-03,7.289336314961190055e+01,9.477388031672662194e-02,9.954511513756970631e-01,-9.742527111063020717e-03,5.154600784358778220e+00,-1.324178074033005061e-03,9.912628446610231153e-03,9.999499919244499990e-01,1.108551768756204314e+00,0.000000000000000000e+00,0.000000000000000000e+00,0.000000000000000000e+00,1.000000000000000056e-01
9.956701512925680841e-01,-9.294202781422955528e-02,-1.652056540669590966e-03,7.345488122083909843e+01,9.291725863553040865e-02,9.956081264434519795e-01,-1.143860163732299609e-02,5.215109414070505878e+00,2.707927748766667756e-03,1.123556965793888821e-02,9.999332123205875167e-01,1.121166581034946930e+00,0.000000000000000000e+00,0.000000000000000000e+00,0.000000000000000000e+00,1.000000000000000056e-01
9.956277960802623062e-01,-9.327340641482440020e-02,-5.036201756743664826e-03,7.407907672032995094e+01,9.317471519299708183e-02,9.955016415971400523e-01,-1.717422563328950547e-02,5.268625322332060712e+00,6.615445643606426146e-03,1.662988975231811245e-02,9.998398284954256310e-01,1.159781332643711638e+00,0.000000000000000000e+00,0.000000000000000000e+00,0.000000000000000000e+00,1.000000000000000056e-01
9.957895227208534150e-01,-9.130546974419023742e-02,-8.157060387641258334e-03,7.470875176520405603e+01,9.112797231842093004e-02,9.956387270965548764e-01,-1.998043459699973962e-02,5.317419599230779781e+00,9.945808187773004169e-03,1.915297105789694199e-02,9.997670951772454906e-01,1.172962710599610769e+00,0.000000000000000000e+00,0.000000000000000000e+00,0.000000000000000000e+00,1.000000000000000056e-01
9.960400172137415797e-01,-8.826846437426197345e-02,-1.062837268159999224e-02,7.529015230187648910e+01,8.803920781022095410e-02,9.959082856237058134e-01,-2.039079483982776317e-02,5.363394740568393715e+00,1.238474856418429748e-02,1.937433413206406455e-02,9.997355916340785464e-01,1.189058680450997274e+00,0.000000000000000000e+00,0.000000000000000000e+00,0.000000000000000000e+00,1.000000000000000056e-01
9.963359583019176791e-01,-8.501910811194267337e-02,-9.295668370217927481e-03,7.584789574613233754e+01,8.481091707976674832e-02,9.961784010361210973e-01,-2.087346768522089363e-02,5.438023038214214289e+00,1.103478765940667759e-02,2.000861226989111147e-02,9.997389103642735364e-01,1.193818519190708027e+00,0.000000000000000000e+00,0.000000000000000000e+00,0.000000000000000000e+00,1.000000000000000056e-01
9.969306076011477113e-01,-7.819905081852694673e-02,-3.777840532348162705e-03,7.639248295003260125e+01,7.810348881611366145e-02,9.967249028511441233e-01,-2.095979654310706208e-02,5.466910022149157555e+00,5.404503932612251919e-03,2.060040017714884208e-02,9.997731817016216604e-01,1.214960848123596726e+00,0.000000000000000000e+00,0.000000000000000000e+00,0.000000000000000000e+00,1.000000000000000056e-01
9.976069513010741296e-01,-6.912729726175007028e-02,1.336970105146507212e-03,7.698272167364012830e+01,6.913781416512113087e-02,9.972241595161476235e-01,-2.763943432456755084e-02,5.480745691808346365e+00,5.773805032980582367e-04,2.766572700289203490e-02,9.996170637704999695e-01,1.229427094273553900e+00,0.000000000000000000e+00,0.000000000000000000e+00,0.000000000000000000e+00,1.000000000000000056e-01
9.983336212063129711e-01,-5.770108763862304840e-02,7.518340309088166829e-04,7.753794704159555806e+01,5.769829997636318625e-02,9.979033011279844212e-01,-2.932418417806206823e-02,5.517845489557023697e+00,9.417796598452150445e-04,2.931869852485338712e-02,9.995696708923701435e-01,1.234817967206186751e+00,0.000000000000000000e+00,0.000000000000000000e+00,0.000000000000000000e+00,1.000000000000000056e-01
9.989518259269896117e-01,-4.577311566526345160e-02,2.671318546430451776e-04,7.805526601600028869e+01,4.576580379575976437e-02,9.986485102821854865e-01,-2.463014644900845748e-02,5.550610890386819207e+00,8.606277135746473808e-04,2.461655527213335234e-02,9.996965962363144609e-01,1.247993555821607314e+00,0.000000000000000000e+00,0.000000000000000000e+00,0.000000000000000000e+00,1.000000000000000056e-01
9.995775441976739728e-01,-2.905697606617679146e-02,6.521331434789273598e-04,7.857499610524581612e+01,2.906427444450047914e-02,9.993507027438468526e-01,-2.129415122502622063e-02,5.573996889394022602e+00,-3.296607272308406085e-05,2.130410916394202478e-02,9.997730411678287243e-01,1.261356233082106426e+00,0.000000000000000000e+00,0.000000000000000000e+00,0.000000000000000000e+00,1.000000000000000056e-01
9.998686594874097722e-01,-1.615105364760320919e-02,-1.344336610531000550e-03,7.905581676347338771e+01,1.612813132763002769e-02,9.997482046289738467e-01,-1.560162558909055502e-02,5.599068544114005341e+00,1.595980804674588562e-03,1.557789482618525748e-02,9.998773835016249167e-01,1.249689606540678399e+00,0.000000000000000000e+00,0.000000000000000000e+00,0.000000000000000000e+00,1.000000000000000056e-01
9.999411095235251068e-01,1.083806045798865920e-02,5.602948961092590885e-04,7.955270785495268626e+01,-1.082738788918258081e-02,9.998062540681761368e-01,-1.643843051081270504e-02,5.606954617693645559e+00,-7.383470449631498317e-04,1.643139591363492261e-02,9.998647228860365610e-01,1.269832267205826648e+00,0.000000000000000000e+00,0.000000000000000000e+00,0.000000000000000000e+00,1.000000000000000056e-01
9.993729440869263403e-01,3.512289541993202091e-02,4.483396519361220432e-03,8.006716464505359454e+01,-3.505201535279367508e-02,9.992727000312262575e-01,-1.501423298109231044e-02,5.599618491416187283e+00,-5.007479080018087218e-03,1.484766613389193815e-02,9.998772284453925074e-01,1.290695072804234123e+00,0.000000000000000000e+00,0.000000000000000000e+00,0.000000000000000000e+00,1.000000000000000056e-01
9.979990019156599335e-01,6.304971531971356735e-02,4.767134721154231945e-03,8.054222534864317140e+01,-6.297103676147780549e-02,9.979001475510707042e-01,-1.516390605140994878e-02,5.565264499960661304e+00,-5.713204401311919832e-03,1.483337168867724341e-02,9.998736572086567298e-01,1.298377588139122185e+00,0.000000000000000000e+00,0.000000000000000000e+00,0.000000000000000000e+00,1.000000000000000056e-01
9.952550058801503674e-01,9.714585709469901464e-02,5.491422387514635108e-03,8.101268149683515674e+01,-9.705694383447931173e-02,9.951712556952131417e-01,-1.463289074391974261e-02,5.492991504828561133e+00,-6.886430426026916678e-03,1.403047708914703130e-02,9.998778539344885807e-01,1.307023193073529876e+00,0.000000000000000000e+00,0.000000000000000000e+00,0.000000000000000000e+00,1.000000000000000056e-01
