1.000000000000000000e+00,-2.366095193768388247e-12,3.430804269019631115e-13,6.145152431587349103e-20,2.366095193768455294e-12,1.000000000000000000e+00,-1.945633824693431231e-13,5.452171648102680181e-19,-3.430804269015027702e-13,1.945633824701549052e-13,1.000000000000000000e+00,-1.098009521468624815e-19,0.000000000000000000e+00,0.000000000000000000e+00,0.000000000000000000e+00,1.000000000000000056e-01
9.999966506153147305e-01,-2.143355758685564025e-03,-1.450787456474192036e-03,6.253726662420906468e-01,2.140586294745795790e-03,9.999958890730081817e-01,-1.907806960508722210e-03,-3.159434395434582675e-03,1.454870601428144734e-03,1.904695034783388495e-03,9.999971277400538927e-01,1.251643288032480011e-02,0.000000000000000000e+00,0.000000000000000000e+00,0.000000000000000000e+00,1.000000000000000056e-01
9.999869986529899002e-01,-4.291366799702801826e-03,-2.754395755067631443e-03,1.256102199415176646e+00,4.291406274052294093e-03,9.999907918382403560e-01,8.421406757411308410e-06,-8.432822441658221688e-03,2.754334252800603143e-03,-2.024152849229998317e-05,9.999962066093572854e-01,1.951458355705098721e-02,0.000000000000000000e+00,0.000000000000000000e+00,0.000000000000000000e+00,1.000000000000000056e-01
9.999636286421529352e-01,-8.381764722193906988e-03,-1.577153435833784836e-03,1.986087852517923968e+00,8.382594480238930376e-03,9.999647301089603646e-01,5.202383048636843345e-04,-6.768261106502764315e-03,1.572737294733109713e-03,-5.334400207758424606e-04,9.999986209686221317e-01,2.649676666446817638e-02,0.000000000000000000e+00,0.000000000000000000e+00,0.000000000000000000e+00,1.000000000000000056e-01
9.999077957900467384e-01,-1.333759547766176154e-02,-2.551169371944653295e-03,2.702565120470915794e+00,1.333364138676705613e-02,9.999098850620167234e-01,-1.560692997901739782e-03,-9.014263103879215783e-03,2.571755365345748234e-03,1.526532717914474979e-03,9.999955278761010202e-01,2.484851830141436221e-02,0.000000000000000000e+00,0.000000000000000000e+00,0.000000000000000000e+00,1.000000000000000056e-01
9.997968443868422428e-01,-1.996183363994039409e-02,-2.791979914635600319e-03,3.449169430247055690e+00,1.996176712567718572e-02,9.998007427389250523e-01,-5.169056032755354958e-05,-4.950576627006221184e-03,2.792455430730847368e-03,-4.052793775448163807e-06,9.999961010805202832e-01,3.524669774992894578e-02,0.000000000000000000e+00,0.000000000000000000e+00,0.000000000000000000e+00,1.000000000000000056e-01
9.997036693234607752e-01,-2.421003183687080521e-02,-2.539271483388009804e-03,4.197349171083684105e+00,2.421163873837991684e-02,9.997066728487911114e-01,6.039960284131252414e-04,1.551273700422904807e-02,2.523903883040416480e-03,-6.652969696758590391e-04,9.999965936387640308e-01,5.164713541812628039e-02,0.000000000000000000e+00,0.000000000000000000e+00,0.000000000000000000e+00,1.000000000000000056e-01
9.995413455681421144e-01,-3.007461563318638426e-02,-3.551900103312496774e-03,4.965401952634020510e+00,3.008403603178236296e-02,9.995439149240551435e-01,2.629242159202881731e-03,3.831509296134692766e-02,3.471206687339533498e-03,-2.734891736323480631e-03,9.999902354979893770e-01,6.653235041925803506e-02,0.000000000000000000e+00,0.000000000000000000e+00,0.000000000000000000e+00,1.000000000000000056e-01
9.994195080123317032e-01,-3.389646709123329826e-02,-3.417092787995368655e-03,5.750956123306963264e+00,3.390202533936999274e-02,9.994239090357662780e-01,1.582000492103221309e-03,8.705277132013726493e-02,3.361500004097364713e-03,-1.696928519778665529e-03,9.999929103505290628e-01,6.354775392090999953e-02,0.000000000000000000e+00,0.000000000000000000e+00,0.000000000000000000e+00,1.000000000000000056e-01
9.993526239034737912e-01,-3.592875585131790478e-02,-1.859462346578391731e-03,6.539538002116745297e+00,3.593136263041197404e-02,9.993532962026832056e-01,1.388001568402320689e-03,1.236395630184002753e-01,1.808390655745518430e-03,-1.453916025237501301e-03,9.999973079220902950e-01,6.699175918028368870e-02,0.000000000000000000e+00,0.000000000000000000e+00,0.000000000000000000e+00,1.000000000000000056e-01
9.993117161828026784e-01,-3.702095337540168424e-02,2.354338751749997412e-03,7.326184887330188467e+00,3.702128304183812529e-02,9.993144726628455654e-01,-9.658423752959524502e-05,1.665045221365822892e-01,-2.349149147620369082e-03,1.836784014668117792e-04,9.999972238764101018e-01,8.162340406520790514e-02,0.000000000000000000e+00,0.000000000000000000e+00,0.000000000000000000e+00,1.000000000000000056e-01
9.990725883819914221e-01,-4.294758002822613580e-02,3.077094965542905448e-03,8.128386539821233825e+00,4.294519778728177889e-02,9.990770795283064887e-01,8.361508244057654646e-04,2.085076514717414398e-01,-3.110165706052694847e-03,-7.032289165113150527e-04,9.999949161562632360e-01,7.316048632422085529e-02,0.000000000000000000e+00,0.000000000000000000e+00,0.000000000000000000e+00,1.000000000000000056e-01
9.989534962492476744e-01,-4.560302916063729145e-02,3.503721275778272186e-03,8.962523630474397152e+00,4.558691558044942332e-02,9.989500190018858472e-01,4.548918991675466456e-03,2.616222745191413290e-01,-3.707486920442770034e-03,-4.384434684872481197e-03,9.999835155007450460e-01,7.870601741339439128e-02,0.000000000000000000e+00,0.000000000000000000e+00,0.000000000000000000e+00,1.000000000000000056e-01
9.989589004344998635e-01,-4.555947534159261042e-02,2.334405554714055406e-03,9.743204209261945081e+00,4.555532392056580587e-02,9.989601925181741393e-01,1.801728765586879753e-03,3.074455129169084699e-01,-2.414064039620641457e-03,-1.693508385344911181e-03,9.999956521526287556e-01,9.731054352669059326e-02,0.000000000000000000e+00,0.000000000000000000e+00,0.000000000000000000e+00,1.000000000000000056e-01
9.988949264600002209e-01,-4.688501615014513402e-02,3.274317191610182694e-03,1.052502775921597511e+01,4.688358838707275267e-02,9.989002290085271518e-01,5.114945390160366987e-04,3.588984012088550224e-01,-3.294697622268447351e-03,-3.574175604749478758e-04,9.999945085950548984e-01,9.736511731918078005e-02,0.000000000000000000e+00,0.000000000000000000e+00,0.000000000000000000e+00,1.000000000000000056e-01
9.987194601980133868e-01,-5.053357023609399146e-02,2.407924621440903599e-03,1.128527223098301668e+01,5.053861128148461057e-02,9.987199403145099463e-01,-2.080766185965630000e-03,4.061452501497449519e-01,-2.299693790003914939e-03,2.199794848483990675e-03,9.999949361427270533e-01,1.080254952154485609e-01,0.000000000000000000e+00,0.000000000000000000e+00,0.000000000000000000e+00,1.000000000000000056e-01
9.984722105510318579e-01,-5.524152738732391460e-02,1.272167147593534012e-03,1.211386804892760871e+01,5.523941097216752277e-02,9.984717868082518821e-01,1.642687853729797023e-03,4.690535599885194418e-01,-1.360967591037111867e-03,-1.569904408667711438e-03,9.999978415813525201e-01,1.192399036787195055e-01,0.000000000000000000e+00,0.000000000000000000e+00,0.000000000000000000e+00,1.000000000000000056e-01
9.983675577032525839e-01,-5.708942691644739581e-02,-1.736968622093974617e-03,1.295742929298778634e+01,5.709339271939881805e-02,9.983661316098839666e-01,2.326319433003185260e-03,5.346764811277657792e-01,1.601322400712965055e-03,-2.421691282447489563e-03,9.999957855800700735e-01,1.218097200144757780e-01,0.000000000000000000e+00,0.000000000000000000e+00,0.000000000000000000e+00,1.000000000000000056e-01
9.983418035614449737e-01,-5.749877873996834393e-02,-2.744759569302758408e-03,1.384464388952207514e+01,5.751012403242671683e-02,9.983358734627987285e-01,4.250810633939712188e-03,5.863482304667642087e-01,2.495775521958840722e-03,-4.401613418155333676e-03,9.999871983699897271e-01,1.321812933539608104e-01,0.000000000000000000e+00,0.000000000000000000e+00,0.000000000000000000e+00,1.000000000000000056e-01
9.977865568163386545e-01,-6.636327388166168850e-02,-4.231183794516953436e-03,1.477049128494934926e+01,6.639597471623531755e-02,9.977602834437824253e-01,8.123504395510964399e-03,6.804250061074346156e-01,3.682604795041797500e-03,-8.386457052319769984e-03,9.999580520001992712e-01,1.474316001776150298e-01,0.000000000000000000e+00,0.000000000000000000e+00,0.000000000000000000e+00,1.000000000000000056e-01
9.974626897468036324e-01,-7.111522501776448846e-02,-3.287450949370016549e-03,1.572566531250961219e+01,7.113099679864254288e-02,9.974546543040474500e-01,4.959223893387579643e-03,7.493921479136276265e-01,2.926406927153650181e-03,-5.180480466710324361e-03,9.999822992256566234e-01,1.383354033215220269e-01,0.000000000000000000e+00,0.000000000000000000e+00,0.000000000000000000e+00,1.000000000000000056e-01
9.970413827534505558e-01,-7.684785062316995541e-02,-1.699685761033745829e-03,1.665071685119459843e+01,7.685093868433029440e-02,9.970409087426825856e-01,1.832898497743401739e-03,8.461422998142856811e-01,1.553801925796066599e-03,-1.958098098840637194e-03,9.999968757708249667e-01,1.485411090109423904e-01,0.000000000000000000e+00,0.000000000000000000e+00,0.000000000000000000e+00,1.000000000000000056e-01
9.968910142408230479e-01,-7.879111806575148091e-02,5.152085519939021566e-04,1.754604066313348554e+01,7.878847071354025400e-02,9.968834617790550690e-01,3.967431666556098073e-03,9.445304447731774911e-01,-8.262012617072780679e-04,-3.914504484094129440e-03,9.999919969910354700e-01,1.769646786020476759e-01,0.000000000000000000e+00,0.000000000000000000e+00,0.000000000000000000e+00,1.000000000000000056e-01
9.967802071223638150e-01,-8.017274859951935284e-02,1.244616846973081769e-03,1.848061032464233477e+01,8.016416829671778321e-02,9.967644631206949990e-01,5.857574669443177916e-03,1.022906898041865409e+00,-1.710207704640276513e-03,-5.738940817856602421e-03,9.999820697132004721e-01,1.932112743935615606e-01,0.000000000000000000e+00,0.000000000000000000e+00,0.000000000000000000e+00,1.000000000000000056e-01
9.964753219059289124e-01,-8.387662987974892070e-02,1.282104711389261574e-03,1.941938103433751550e+01,8.387058003631858716e-02,9.964677707575365639e-01,4.208045374867227205e-03,1.108392748432704522e+00,-1.630532688060720237e-03,-4.085682503704062170e-03,9.999903242340058007e-01,2.111045651251796940e-01,0.000000000000000000e+00,0.000000000000000000e+00,0.000000000000000000e+00,1.000000000000000056e-01
9.963733993758292495e-01,-8.508245997521494963e-02,1.011939138565437447e-03,2.035586984093967189e+01,8.507637194488813781e-02,9.963617939476754337e-01,5.018615154095174696e-03,1.183267850322129888e+00,-1.435253618446234595e-03,-4.914322530706677003e-03,9.999868946546823789e-01,2.190480837631556543e-01,0.000000000000000000e+00,0.000000000000000000e+00,0.000000000000000000e+00,1.000000000000000056e-01
9.966123343172490490e-01,-8.213833489451691228e-02,4.141138428014182193e-03,2.128375187737440655e+01,8.211284072026445169e-02,9.966050337887856214e-01,5.990660706624200207e-03,1.275930654683879784e+00,-4.619142298335234681e-03,-5.630325710791269853e-03,9.999734811267837475e-01,2.325775745548984419e-01,0.000000000000000000e+00,0.000000000000000000e+00,0.000000000000000000e+00,1.000000000000000056e-01
9.967550169302745733e-01,-8.010773375638635674e-02,7.885887188134715550e-03,2.222838306852897361e+01,8.006126763853368966e-02,9.967716327582490932e-01,6.041982502886480283e-03,1.363873548849151796e+00,-8.344438173966373454e-03,-5.391022247220499802e-03,9.999506523977524930e-01,2.239086395706729460e-01,0.000000000000000000e+00,0.000000000000000000e+00,0.000000000000000000e+00,1.000000000000000056e-01
9.967910343235425463e-01,-7.917000715343956718e-02,1.182133070032545356e-02,2.318946005355825690e+01,7.910231580722444644e-02,9.968479077078346018e-01,6.088721741602994356e-03,1.451264216651707351e+00,-1.226611291877983088e-02,-5.134088608201909168e-03,9.999115878956633674e-01,2.335866849008102764e-01,0.000000000000000000e+00,0.000000000000000000e+00,0.000000000000000000e+00,1.000000000000000056e-01
9.968870094205846133e-01,-7.729469532478290550e-02,1.555057951113999505e-02,2.412010111791611777e+01,7.721968149075807142e-02,9.969996477761907672e-01,5.368717222715107054e-03,1.528012554001623835e+00,-1.591889565733690254e-02,-4.151193659730311250e-03,9.998646690188879305e-01,2.397502166193314910e-01,0.000000000000000000e+00,0.000000000000000000e+00,0.000000000000000000e+00,1.000000000000000056e-01
9.971111451472762788e-01,-7.501753978536131184e-02,1.190516474640988288e-02,2.507930122121872429e+01,7.497488477947679419e-02,9.971774387254259686e-01,3.990281857667430168e-03,1.592597468366594882e+00,-1.217090281744161347e-02,-3.086166157416402392e-03,9.999211692443845667e-01,2.424804006422961178e-01,0.000000000000000000e+00,0.000000000000000000e+00,0.000000000000000000e+00,1.000000000000000056e-01
9.971787103244637018e-01,-7.452800179293729566e-02,8.955256802084150813e-03,2.604283299832452769e+01,7.449313969730404772e-02,9.972128247598762707e-01,4.165845948457637567e-03,1.666150511627086273e+00,-9.240769106372184738e-03,-3.486987694310492332e-03,9.999512233619910484e-01,2.357908633485893690e-01,0.000000000000000000e+00,0.000000000000000000e+00,0.000000000000000000e+00,1.000000000000000056e-01
9.973350500008365538e-01,-7.253229433316445152e-02,7.865387377361860236e-03,2.698513011260347483e+01,7.250119588996485620e-02,9.973596089587267732e-01,4.169773641413508994e-03,1.742516295014498118e+00,-8.147062928056206590e-03,-3.588411412154743178e-03,9.999603735494638768e-01,2.493777637320849783e-01,0.000000000000000000e+00,0.000000000000000000e+00,0.000000000000000000e+00,1.000000000000000056e-01
9.973733280389669442e-01,-7.192107038242141759e-02,8.590934263624273176e-03,2.794048576152846763e+01,7.191622096801693342e-02,9.974102946895280208e-01,8.724729383819298904e-04,1.811536950379149635e+00,-8.631435463147974635e-03,-2.523537113534108831e-04,9.999627166246999321e-01,2.591701268487069942e-01,0.000000000000000000e+00,0.000000000000000000e+00,0.000000000000000000e+00,1.000000000000000056e-01
9.974968033207597395e-01,-6.928755275268495828e-02,1.411957500810312460e-02,2.894406882786372748e+01,6.935328732586389100e-02,9.975832372052000352e-01,-4.219761165025151355e-03,1.898470053818358538e+00,-1.379307442021973987e-02,5.188437215345735772e-03,9.998914097127250544e-01,2.642681970440282635e-01,0.000000000000000000e+00,0.000000000000000000e+00,0.000000000000000000e+00,1.000000000000000056e-01
9.973989819839369497e-01,-6.990290761777295803e-02,1.757424945729781432e-02,2.992370339848185878e+01,7.006380857949207064e-02,9.975044671192659917e-01,-8.712106774229216172e-03,1.932772438449405827e+00,-1.692139074492778408e-02,9.920765277455938225e-03,9.998076039676668803e-01,2.601427886756985663e-01,0.000000000000000000e+00,0.000000000000000000e+00,0.000000000000000000e+00,1.000000000000000056e-01
9.972240168936485905e-01,-7.167148706723104612e-02,2.018559070395963342e-02,3.083914286817817185e+01,7.197089088425497050e-02,9.973010702201473565e-01,-1.451778919379108704e-02,1.987776821476665567e+00,-1.909059967163721436e-02,1.593026300223646108e-02,9.996908400724980881e-01,2.684624881133428342e-01,0.000000000000000000e+00,0.000000000000000000e+00,0.000000000000000000e+00,1.000000000000000056e-01
9.974401349577358689e-01,-7.018405713956855918e-02,1.368850974077793700e-02,3.175420187402826144e+01,7.037096373481656342e-02,9.974269905209810494e-01,-1.368671046277585533e-02,2.053473465435755596e+00,-1.269270020628908077e-02,1.461494795367057099e-02,9.998126317754666426e-01,2.540054641814455949e-01,0.000000000000000000e+00,0.000000000000000000e+00,0.000000000000000000e+00,1.000000000000000056e-01
9.974805658490917271e-01,-6.996358995918680601e-02,1.173102013460690027e-02,3.274042360973098909e+01,7.013474146235551543e-02,9.974266206825768144e-01,-1.487462247398218217e-02,2.102758038889984249e+00,-1.066014978245283240e-02,1.565989890636970694e-02,9.998205482849699122e-01,2.582861796669896903e-01,0.000000000000000000e+00,0.000000000000000000e+00,0.000000000000000000e+00,1.000000000000000056e-01
9.972945870683448399e-01,-7.285751350389135794e-02,9.761625387704917986e-03,3.368958858654868038e+01,7.295226966545251268e-02,9.972879677083776873e-01,-9.730149780604289977e-03,2.184323632989937369e+00,-9.026237025399478850e-03,1.041595843521787856e-02,9.999050129162455613e-01,2.472054770693605796e-01,0.000000000000000000e+00,0.000000000000000000e+00,0.000000000000000000e+00,1.000000000000000056e-01
9.969739398801827912e-01,-7.690828597384882781e-02,1.131718818215482827e-02,3.464326461991817041e+01,7.704132425789750327e-02,9.969577136159766262e-01,-1.183011488506158920e-02,2.263331024151504778e+00,-1.037292419595902543e-02,1.266620741062408559e-02,9.998659758354896399e-01,2.596983463906401557e-01,0.000000000000000000e+00,0.000000000000000000e+00,0.000000000000000000e+00,1.000000000000000056e-01
9.969370539974974355e-01,-7.731567970141699220e-02,1.178117307821306692e-02,3.562108452845870943e+01,7.745259351403564752e-02,9.969280256351407132e-01,-1.164506166448838961e-02,2.339756492994282677e+00,-1.084463575877399333e-02,1.252187587895958742e-02,9.998627888364139960e-01,2.519271638755336551e-01,0.000000000000000000e+00,0.000000000000000000e+00,0.000000000000000000e+00,1.000000000000000056e-01
9.969687694565062541e-01,-7.682374298665529955e-02,1.230387101281200934e-02,3.659856696206163917e+01,7.695698344614519681e-02,9.969764787340940071e-01,-1.074818821180359950e-02,2.413636679292120668e+00,-1.144095394839601126e-02,1.166247677326523978e-02,9.998665366979053726e-01,2.539713694950049283e-01,0.000000000000000000e+00,0.000000000000000000e+00,0.000000000000000000e+00,1.000000000000000056e-01
9.968970246255062229e-01,-7.769141357757539113e-02,1.266359147837011617e-02,3.759629229056120892e+01,7.780519264859930839e-02,9.969301510011240319e-01,-8.753629064020732042e-03,2.497566070407679639e+00,-1.194463434883054689e-02,9.711759943195369393e-03,9.998814966930223980e-01,2.564934098038782473e-01,0.000000000000000000e+00,0.000000000000000000e+00,0.000000000000000000e+00,1.000000000000000056e-01
9.967814382154284170e-01,-7.867241909408026479e-02,1.540827385100178651e-02,3.858797272695667857e+01,7.883734693473287702e-02,9.968331882328279603e-01,-1.040517015084515759e-02,2.578562861584110522e+00,-1.454087884120611879e-02,1.158642789909248433e-02,9.998271438259037636e-01,2.731852382368553656e-01,0.000000000000000000e+00,0.000000000000000000e+00,0.000000000000000000e+00,1.000000000000000056e-01
9.966463899323824149e-01,-8.040530213155984429e-02,1.519739529926706842e-02,3.960826918332848834e+01,8.052062846248479733e-02,9.967274090108199092e-01,-7.134459936403042025e-03,2.634541189048759335e+00,-1.457401203361968420e-02,8.334237560223101832e-03,9.998590593966399931e-01,2.655659171643966476e-01,0.000000000000000000e+00,0.000000000000000000e+00,0.000000000000000000e+00,1.000000000000000056e-01
9.963162731330056365e-01,-8.405193579418947236e-02,1.700458701667232481e-02,4.062464595819648139e+01,8.425489839362483580e-02,9.963767978270596792e-01,-1.159262043605987710e-02,2.726885323572565856e+00,-1.596859377146545023e-02,1.298263614001597330e-02,9.997882051573812046e-01,2.767229116753867624e-01,0.000000000000000000e+00,0.000000000000000000e+00,0.000000000000000000e+00,1.000000000000000056e-01
9.964216197542379305e-01,-8.306099524304257076e-02,1.564694077371261288e-02,4.164690639218218138e+01,8.326317403148460194e-02,9.964460869976417001e-01,-1.274517780539069153e-02,2.820303389608163958e+00,-1.453270575438449751e-02,1.400238466560512277e-02,9.997963461061122326e-01,2.892426782765907256e-01,0.000000000000000000e+00,0.000000000000000000e+00,0.000000000000000000e+00,1.000000000000000056e-01
9.962822209721193811e-01,-8.481303024162502313e-02,1.511575588894667997e-02,4.270427596596378095e+01,8.501130962006685221e-02,9.962952328813996505e-01,-1.299562135793452117e-02,2.910346796118241652e+00,-1.395755750631731164e-02,1.423231671341231019e-02,9.998012941327026892e-01,2.980758485048498607e-01,0.000000000000000000e+00,0.000000000000000000e+00,0.000000000000000000e+00,1.000000000000000056e-01
9.964028152868182886e-01,-8.395363223542844089e-02,1.154198089502746216e-02,4.377756117305854389e+01,8.410811481598638728e-02,9.963635198880889110e-01,-1.362208714986895379e-02,2.990697902852632595e+00,-1.035638501619158200e-02,1.454386024053470720e-02,9.998405980048520325e-01,3.046786313060762530e-01,0.000000000000000000e+00,0.000000000000000000e+00,0.000000000000000000e+00,1.000000000000000056e-01
9.964350282200120645e-01,-8.343683221397224514e-02,1.247114935686692572e-02,4.481098239787868209e+01,8.361533209242413833e-02,9.963918663579207635e-01,-1.455076956222274044e-02,3.067511814867859066e+00,-1.121208166476966514e-02,1.554167577440495641e-02,9.998163559068564687e-01,3.123303153979960500e-01,0.000000000000000000e+00,0.000000000000000000e+00,0.000000000000000000e+00,1.000000000000000056e-01
9.964052063101853651e-01,-8.344797789292893175e-02,1.459793901680176212e-02,4.581800732705686130e+01,8.365546428763506737e-02,9.963931096068350257e-01,-1.423145891473949314e-02,3.165521352261399191e+00,-1.335769938190074432e-02,1.540149712212906565e-02,9.997921612783428058e-01,3.248423152828959215e-01,0.000000000000000000e+00,0.000000000000000000e+00,0.000000000000000000e+00,1.000000000000000056e-01
9.959887652427735771e-01,-8.861520376081524764e-02,1.239859558999972106e-02,4.676428880472288796e+01,8.876159770281025208e-02,9.959829865565260620e-01,-1.180123990042399387e-02,3.243259768033925905e+00,-1.130302098642816180e-02,1.285442151059643795e-02,9.998534920498144407e-01,3.382483947907407584e-01,0.000000000000000000e+00,0.000000000000000000e+00,0.000000000000000000e+00,1.000000000000000056e-01
9.962059932619098390e-01,-8.675372794067835736e-02,6.885468571308122829e-03,4.772073096969686645e+01,8.683382357125281337e-02,9.961463876068398227e-01,-1.233943036935547521e-02,3.346656435559852483e+00,-5.788443059083006603e-03,1.289050605051631979e-02,9.999001594062846277e-01,3.320708361616421245e-01,0.000000000000000000e+00,0.000000000000000000e+00,0.000000000000000000e+00,1.000000000000000056e-01
9.962691273583529350e-01,-8.615841777748134422e-02,4.955090181513173084e-03,4.866899692740540928e+01,8.621568883952174245e-02,9.961939909276712468e-01,-1.282136644533390241e-02,3.432306487379875204e+00,-3.831562416652867318e-03,1.320073807329558493e-02,9.999055253591548897e-01,3.395412646960780934e-01,0.000000000000000000e+00,0.000000000000000000e+00,0.000000000000000000e+00,1.000000000000000056e-01
9.963419954487384711e-01,-8.526345256579014042e-02,5.724662591567366426e-03,4.963530757328936005e+01,8.533703938381410892e-02,9.962516079169475569e-01,-1.415356605601134250e-02,3.537185388046198753e+00,-4.496422403577489055e-03,1.459031800399750341e-02,9.998834456105926138e-01,3.463062760061375034e-01,0.000000000000000000e+00,0.000000000000000000e+00,0.000000000000000000e+00,1.000000000000000056e-01
9.967481776929251192e-01,-8.005797398784526842e-02,9.153746052546114093e-03,5.064423588056386905e+01,8.020096398834587748e-02,9.966421879310987109e-01,-1.649710917865966978e-02,3.616509169784769551e+00,-7.802284356075438708e-03,1.717760276854897114e-02,9.998220113209914661e-01,3.619744963257299220e-01,0.000000000000000000e+00,0.000000000000000000e+00,0.000000000000000000e+00,1.000000000000000056e-01
9.968016841985726240e-01,-7.943795616485245514e-02,8.718572087218755609e-03,5.158856786284646745e+01,7.956822547606633156e-02,9.967045302034835963e-01,-1.577900397499449117e-02,3.701528735729740394e+00,-7.436388470145930372e-03,1.642225904691564306e-02,9.998374915626624393e-01,3.659012436625443399e-01,0.000000000000000000e+00,0.000000000000000000e+00,0.000000000000000000e+00,1.000000000000000056e-01
9.968728191313113163e-01,-7.785660492793508580e-02,1.352521889979417698e-02,5.253725247630711692e+01,7.809448538670293871e-02,9.967824968096753446e-01,-1.805285035820418035e-02,3.783824872928519767e+00,-1.207616782667241505e-02,1.905264083966063879e-02,9.997455491512112769e-01,3.924266199722892257e-01,0.000000000000000000e+00,0.000000000000000000e+00,0.000000000000000000e+00,1.000000000000000056e-01
9.970499612298285852e-01,-7.544797388294720297e-02,1.410595790988187700e-02,5.353532752038451292e+01,7.568987685870666449e-02,9.969781352061500845e-01,-1.748257595382436344e-02,3.879950713818806296e+00,-1.274430667831969594e-02,1.849867989413117239e-02,9.997476589067180175e-01,4.198126693387521646e-01,0.000000000000000000e+00,0.000000000000000000e+00,0.000000000000000000e+00,1.000000000000000056e-01
9.970566449226677674e-01,-7.507693276965574092e-02,1.554030184564386512e-02,5.450290701630363088e+01,7.538064982137260284e-02,9.969546615345872276e-01,-1.997900090004986473e-02,3.942987279547952362e+00,-1.399301425929126534e-02,2.109163365785558797e-02,9.996796179484616074e-01,4.145300670245489760e-01,0.000000000000000000e+00,0.000000000000000000e+00,0.000000000000000000e+00,1.000000000000000056e-01
9.969592792092970557e-01,-7.563240241528074170e-02,1.875993878913153126e-02,5.543887883751536805e+01,7.597309467504290148e-02,9.969443841360344782e-01,-1.816545692020543612e-02,4.018332081283277901e+00,-1.732871847471401452e-02,1.953547144340024577e-02,9.996589822892145705e-01,4.236469861044856455e-01,0.000000000000000000e+00,0.000000000000000000e+00,0.000000000000000000e+00,1.000000000000000056e-01
9.969552096606812963e-01,-7.436813804072624212e-02,2.344546810755599245e-02,5.638304800716872478e+01,7.475053873083135902e-02,9.970758494277632833e-01,-1.587789177929081752e-02,4.103103912928428798e+00,-2.219610078093491382e-02,1.758210829962882082e-02,9.995990208968107416e-01,4.346628762917643662e-01,0.000000000000000000e+00,0.000000000000000000e+00,0.000000000000000000e+00,1.000000000000000056e-01
9.968787155688696444e-01,-7.473600404047391066e-02,2.544319448934930991e-02,5.734052700822421400e+01,7.511164929518034106e-02,9.970748453074004258e-01,-1.414188797089165062e-02,4.169384464595853323e+00,-2.431186101306158018e-02,1.600882741757438804e-02,9.995762356412820626e-01,4.192311204197419205e-01,0.000000000000000000e+00,0.000000000000000000e+00,0.000000000000000000e+00,1.000000000000000056e-01
9.968999883208504720e-01,-7.545770852803447559e-02,2.228334601415129027e-02,5.822590355945182949e+01,7.571255532570229929e-02,9.970709542160420824e-01,-1.082225599234141328e-02,4.237013272017809307e+00,-2.140145443517019533e-02,1.247583594030860638e-02,9.996931185447111012e-01,4.207236089787486089e-01,0.000000000000000000e+00,0.000000000000000000e+00,0.000000000000000000e+00,1.000000000000000056e-01
9.970522544789608421e-01,-7.499408106921794104e-02,1.620770319956325173e-02,5.912691867324034689e+01,7.510868278880196425e-02,9.971536380945620337e-01,-6.580866547075799912e-03,4.316016573984875038e+00,-1.566804417126426568e-02,7.778807065538147388e-03,9.998469895701463939e-01,4.245276117613466238e-01,0.000000000000000000e+00,0.000000000000000000e+00,0.000000000000000000e+00,1.000000000000000056e-01
9.971075290062925145e-01,-7.537798483174661113e-02,9.733190724037594707e-03,6.011320850860628440e+01,7.544733812933489270e-02,9.971254554843218543e-01,-6.966002754910147199e-03,4.379468568768511538e+00,-9.180128984024241504e-03,7.680197125633253519e-03,9.999283673363548175e-01,4.281845423245762006e-01,0.000000000000000000e+00,0.000000000000000000e+00,0.000000000000000000e+00,1.000000000000000056e-01
9.972286061938501200e-01,-7.372653606677638527e-02,9.975212692737336906e-03,6.103615277775516290e+01,7.376875294314026721e-02,9.972676219552137900e-01,-3.932084562509882177e-03,4.461172557518819026e+00,-9.658057666268128616e-03,4.657046208393901716e-03,9.999425152691168162e-01,4.351011433369514347e-01,0.000000000000000000e+00,0.000000000000000000e+00,0.000000000000000000e+00,1.000000000000000056e-01
9.969878170697160646e-01,-7.666694679645610910e-02,1.172484044546727271e-02,6.197971695239179724e+01,7.670474770077084781e-02,9.970498958206716056e-01,-2.808366811682685982e-03,4.541810864397222147e+00,-1.147494203573093223e-02,3.699258425311920638e-03,9.999273179548497925e-01,4.359294764930345401e-01,0.000000000000000000e+00,0.000000000000000000e+00,0.000000000000000000e+00,1.000000000000000056e-01
9.970660017850588863e-01,-7.540935851838080628e-02,1.314597779563242419e-02,6.285391371074584299e+01,7.546554469841650070e-02,9.971410507959048708e-01,-3.830976508659105113e-03,4.611788669227218307e+00,-1.281950263185957853e-02,4.811804805361907626e-03,9.999062490487730104e-01,4.459018903713757864e-01,0.000000000000000000e+00,0.000000000000000000e+00,0.000000000000000000e+00,1.000000000000000056e-01
9.972172651217312556e-01,-7.296743415864964666e-02,1.528004238992754053e-02,6.365880814784944874e+01,7.302241532045805616e-02,9.973255715637572294e-01,-3.071020317668044473e-03,4.688214667155021331e+00,-1.501509253722360486e-02,4.178260083829691066e-03,9.998785371927785270e-01,4.464704877149145434e-01,0.000000000000000000e+00,0.000000000000000000e+00,0.000000000000000000e+00,1.000000000000000056e-01
9.970861669031082508e-01,-7.472980813043571258e-02,1.531768739905840782e-02,6.446308320446375717e+01,7.475708415397198936e-02,9.972010338414787345e-01,-1.215102580846230294e-03,4.762137730170355354e+00,-1.518400932767620046e-02,2.356667620665687905e-03,9.998819390200338608e-01,4.567732836032374344e-01,0.000000000000000000e+00,0.000000000000000000e+00,0.000000000000000000e+00,1.000000000000000056e-01
9.969564118180683776e-01,-7.592721778083652562e-02,1.769097326049215782e-02,6.524461783013285299e+01,7.594433303446565531e-02,9.971120148999046418e-01,-2.966853596027602038e-04,4.827997920791730735e+00,-1.761735549939872844e-02,1.639311536547164187e-03,9.998434584688214999e-01,4.563049611749950274e-01,0.000000000000000000e+00,0.000000000000000000e+00,0.000000000000000000e+00,1.000000000000000056e-01
9.963290740312590321e-01,-8.413740986511027142e-02,1.578836600805486740e-02,6.605785148068964929e+01,8.416134818678351615e-02,9.964517717475227521e-01,-8.567687002491016987e-04,4.896422930346391311e+00,-1.566025898243218056e-02,2.182393734682435468e-03,9.998749889092085619e-01,4.598614130445282666e-01,0.000000000000000000e+00,0.000000000000000000e+00,0.000000000000000000e+00,1.000000000000000056e-01
9.962030398083121518e-01,-8.569027197589762501e-02,1.538443256591163523e-02,6.680487310108561871e+01,8.568141171404955458e-02,9.963218203121101402e-01,1.235336654830858014e-03,4.962346851395027514e+00,-1.543370219247224180e-02,8.751376993777412738e-05,9.998808894953309379e-01,4.625882884850534560e-01,0.000000000000000000e+00,0.000000000000000000e+00,0.000000000000000000e+00,1.000000000000000056e-01
9.960121761196978341e-01,-8.722005742322533339e-02,1.877249595533947088e-02,6.758784396244701043e+01,8.717629476404162303e-02,9.961879555230588323e-01,3.138614662721674921e-03,5.050976077233456429e+00,-1.897468451692648286e-02,-1.489581779359154057e-03,9.998188548400183118e-01,4.709582645566778858e-01,0.000000000000000000e+00,0.000000000000000000e+00,0.000000000000000000e+00,1.000000000000000056e-01
9.962997288949621000e-01,-8.316445885462427079e-02,2.169154183645259290e-02,6.832490583067514933e+01,8.305126283452730906e-02,9.965267917732459901e-01,6.069680363237186030e-03,5.134736522690038996e+00,-2.212098427772440576e-02,-4.245710958026914505e-03,9.997462858110779393e-01,4.665008988686105695e-01,0.000000000000000000e+00,0.000000000000000000e+00,0.000000000000000000e+00,1.000000000000000056e-01
9.957698794717529944e-01,-8.868314414704206450e-02,2.403428969213633470e-02,6.904752045446113584e+01,8.849329188699014970e-02,9.960374295716586390e-01,8.853032434549143459e-03,5.227435104894833096e+00,-2.472416687806764518e-02,-6.688709627287820793e-03,9.996719345543852997e-01,4.726554086381269393e-01,0.000000000000000000e+00,0.000000000000000000e+00,0.000000000000000000e+00,1.000000000000000056e-01
9.958860811574959948e-01,-8.879075670460433167e-02,1.808631749663678484e-02,6.972728069357953018e+01,8.856279681067695531e-02,9.959852488078333455e-01,1.303898685745987808e-02,5.305287535057344961e+00,-1.917144694164051033e-02,-1.138357066223177720e-02,9.997514040706028116e-01,4.671766715924555169e-01,0.000000000000000000e+00,0.000000000000000000e+00,0.000000000000000000e+00,1.000000000000000056e-01
9.958347631462547422e-01,-9.029320855847286498e-02,1.265942327512662759e-02,7.041518745216492903e+01,9.013748027804074914e-02,9.958524315670705951e-01,1.237615413118653418e-02,5.383594026874120253e+00,-1.372440011689065285e-02,-1.118351600209858965e-02,9.998432726238959400e-01,4.723598510937627171e-01,0.000000000000000000e+00,0.000000000000000000e+00,0.000000000000000000e+00,1.000000000000000056e-01
9.961701961973979946e-01,-8.682867693340842741e-02,1.028207518118011594e-02,7.115452167473469558e+01,8.672014125176419341e-02,9.961766392010336091e-01,1.056979713181294134e-02,5.462505678495568340e+00,-1.116052459841022047e-02,-9.637653870491594971e-03,9.998912732485272237e-01,4.798862686070418659e-01,0.000000000000000000e+00,0.000000000000000000e+00,0.000000000000000000e+00,1.000000000000000056e-01
9.963446883580421298e-01,-8.496207652229907648e-02,8.871726649020070243e-03,7.186426015327461414e+01,8.488234602499876436e-02,9.963502650563244023e-01,9.007588771947233966e-03,5.531887476776380375e+00,-9.604650644781987517e-03,-8.221610256581841567e-03,9.999200747113643484e-01,4.803112467658635643e-01,0.000000000000000000e+00,0.000000000000000000e+00,0.000000000000000000e+00,1.000000000000000056e-01
9.963582760249334314e-01,-8.434220812103584985e-02,1.251310216894003201e-02,7.253976332708343477e+01,8.420625799980366311e-02,9.963873929249019712e-01,1.102131271616814574e-02,5.607341390063831810e+00,-1.339745909838716519e-02,-9.927494627797303975e-03,9.998609668049464050e-01,4.869770739606227306e-01,0.000000000000000000e+00,0.000000000000000000e+00,0.000000000000000000e+00,1.000000000000000056e-01
9.962798594986718159e-01,-8.469078827518794483e-02,1.593461448024386523e-02,7.312796681234961227e+01,8.449806553097974349e-02,9.963464410847309161e-01,1.240347771042363094e-02,5.648044339165898542e+00,-1.692685673209769898e-02,-1.101089093207321783e-02,9.997961001134446635e-01,5.074065045333021606e-01,0.000000000000000000e+00,0.000000000000000000e+00,0.000000000000000000e+00,1.000000000000000056e-01
9.962363056340769463e-01,-8.565090883904492858e-02,1.330958870933251527e-02,7.371281936477845420e+01,8.554365267571072129e-02,9.962987585587163020e-01,8.430135304849451297e-03,5.680588913500288051e+00,-1.398237545853156689e-02,-7.259856018290918554e-03,9.998758861314389623e-01,5.129188439786984688e-01,0.000000000000000000e+00,0.000000000000000000e+00,0.000000000000000000e+00,1.000000000000000056e-01
9.961760893669955319e-01,-8.660126810138096820e-02,1.155072883901332725e-02,7.433908460375937466e+01,8.654993781760508820e-02,9.962355954428498972e-01,4.873052062009624978e-03,5.721746486434439838e+00,-1.192925971082742231e-02,-3.854703083649900931e-03,9.999214139255586664e-01,5.224748319854867207e-01,0.000000000000000000e+00,0.000000000000000000e+00,0.000000000000000000e+00,1.000000000000000056e-01
9.963232527384695558e-01,-8.542077844607003090e-02,6.577739908451530129e-03,7.495971078721966308e+01,8.540048315196084594e-02,9.963412159955005176e-01,3.307383560912267265e-03,5.743335790723682166e+00,-6.836192657281591617e-03,-2.733480981232156663e-03,9.999728969085500685e-01,5.331559486606362031e-01,0.000000000000000000e+00,0.000000000000000000e+00,0.000000000000000000e+00,1.000000000000000056e-01
9.968217821327535200e-01,-7.930586680291219770e-02,7.544147156571549308e-03,7.557095455428765263e+01,7.929486828303901336e-02,9.968496745844980245e-01,1.746466362627612304e-03,5.803777855782211503e+00,-7.658885666776227806e-03,-1.142703556941159545e-03,9.999700173999839237e-01,5.516534671760530140e-01,0.000000000000000000e+00,0.000000000000000000e+00,0.000000000000000000e+00,1.000000000000000056e-01
9.971077481991436064e-01,-7.531490115125423490e-02,1.018843196031993595e-02,7.614186011259191389e+01,7.527297314151611130e-02,9.971530871227423098e-01,4.438508310378275895e-03,5.866634171354217386e+00,-1.049371219682819836e-02,-3.658757461421141208e-03,9.999382458422962916e-01,5.434309231629785852e-01,0.000000000000000000e+00,0.000000000000000000e+00,0.000000000000000000e+00,1.000000000000000056e-01
9.972850337828668144e-01,-7.239743515362936921e-02,1.346004368054768037e-02,7.669083653637996179e+01,7.237060392383537488e-02,9.973747500844206693e-01,2.470542802441086719e-03,5.889475691209292485e+00,-1.360356866434562183e-02,-1.489723872192038300e-03,9.999063574367247353e-01,5.506160293882906842e-01,0.000000000000000000e+00,0.000000000000000000e+00,0.000000000000000000e+00,1.000000000000000056e-01
9.977084567827351202e-01,-6.546796634575578755e-02,1.708158794621131293e-02,7.725942563380726824e+01,6.551691242637268375e-02,9.978487593515031895e-01,-2.321130496319032989e-03,5.886499977569402020e+00,-1.689288164666342962e-02,3.434944427049115359e-03,9.998514048129626408e-01,5.640972612602929148e-01,0.000000000000000000e+00,0.000000000000000000e+00,0.000000000000000000e+00,1.000000000000000056e-01
9.982402203186888645e-01,-5.567575867696578779e-02,2.041255578901764525e-02,7.780978965283735249e+01,5.585001685381502795e-02,9.984065714781402701e-01,-8.068063379387301406e-03,5.906944053177943132e+00,-1.993083429071814197e-02,9.193906950230800249e-03,9.997590879404230080e-01,5.646862182665602914e-01,0.000000000000000000e+00,0.000000000000000000e+00,0.000000000000000000e+00,1.000000000000000056e-01
9.988337202322560282e-01,-4.372757843108279752e-02,2.047188832386362053e-02,7.831316265236058882e+01,4.378657535611815699e-02,9.990379226567550619e-01,-2.442316985676290086e-03,5.947588520118491040e+00,-2.034539617638906131e-02,3.335862441564368171e-03,9.997874458484646842e-01,5.640154632568522564e-01,0.000000000000000000e+00,0.000000000000000000e+00,0.000000000000000000e+00,1.000000000000000056e-01
9.994424492144509120e-01,-2.517940455896180638e-02,2.192688519320350540e-02,7.882531648645111488e+01,2.518570161669467580e-02,9.996827898450358907e-01,-1.103270399759574564e-05,5.966793290253479043e+00,-2.191965196563615617e-02,5.632705405643591637e-04,9.997595768903659863e-01,5.622390987405454510e-01,0.000000000000000000e+00,0.000000000000000000e+00,0.000000000000000000e+00,1.000000000000000056e-01
9.997495937746930794e-01,-9.069106412790756827e-03,2.045729836047941244e-02,7.932517727780306416e+01,9.005204725230447904e-03,9.999542884066260351e-01,3.213624908852436447e-03,5.977638276015177610e+00,-2.048550793104440479e-02,-3.028598037308219849e-03,9.997855627877088036e-01,5.684814901711473523e-01,0.000000000000000000e+00,0.000000000000000000e+00,0.000000000000000000e+00,1.000000000000000056e-01
9.997174923500928845e-01,1.288534483128655692e-02,1.997256562940517843e-02,7.984769894757283737e+01,-1.293089061301387968e-02,9.999140747512111904e-01,2.152947371272213601e-03,5.970930544524109429e+00,-1.994310801245206821e-02,-2.410602208585060652e-03,9.997982103603685333e-01,5.756957394022796937e-01,0.000000000000000000e+00,0.000000000000000000e+00,0.000000000000000000e+00,1.000000000000000056e-01
9.990429730697549804e-01,3.803361847509606486e-02,2.160050521713721000e-02,8.035798012104706345e+01,-3.809376650145672449e-02,9.992713352612382360e-01,2.379806495166311969e-03,5.938159702548138519e+00,-2.149425303836433043e-02,-3.200373558316788481e-03,9.997638494641671869e-01,5.897869819754298915e-01,0.000000000000000000e+00,0.000000000000000000e+00,0.000000000000000000e+00,1.000000000000000056e-01
9.979130850532768049e-01,6.058890707180742546e-02,2.232619580885474367e-02,8.081499415130059560e+01,-6.068266305379892839e-02,9.981508123030911062e-01,3.545462364551615550e-03,5.946673435712348521e+00,-2.207009479251382036e-02,-4.892876303691858983e-03,9.997444526864484038e-01,5.808969987963765735e-01,0.000000000000000000e+00,0.000000000000000000e+00,0.000000000000000000e+00,1.000000000000000056e-01
9.953812199952895012e-01,9.324409582990854373e-02,2.284218626909260280e-02,8.130760876068012522e+01,-9.322636658977241642e-02,9.956432348301307300e-01,-1.842148056642236957e-03,5.875620137438789747e+00,-2.291443765747817884e-02,-2.958544508017906622e-04,9.997373860254429312e-01,5.742255322996575595e-01,0.000000000000000000e+00,0.000000000000000000e+00,0.000000000000000000e+00,1.000000000000000056e-01
