1.000000000000000000e+00,-2.369109294288348150e-09,-1.115707334066394418e-09,9.305097018014914580e-15,2.369109294038418010e-09,1.000000000000000000e+00,-2.240105467467585484e-10,4.941486776777206141e-15,1.115707334597099850e-09,2.240105441035259587e-10,1.000000000000000000e+00,2.090759976352404678e-15,0.000000000000000000e+00,0.000000000000000000e+00,0.000000000000000000e+00,1.000000000000000056e-01
9.999466055722303626e-01,-1.028997111619504509e-02,-9.499994748228486651e-04,6.558594259289066697e-01,1.028671756758875455e-02,9.999414169256114482e-01,-3.368405926414794801e-03,1.740681609278833461e-02,9.846046206233745584e-04,3.358453696020998174e-03,9.999938756525025285e-01,1.039102973588473811e-02,0.000000000000000000e+00,0.000000000000000000e+00,0.000000000000000000e+00,1.000000000000000056e-01
9.997992539286135738e-01,-1.961388864687126435e-02,-4.092336244230823303e-03,1.338679506441828204e+00,1.959869923492317881e-02,9.998010089542989087e-01,-3.719338955377971597e-03,1.559577186261364504e-02,4.164472606072977187e-03,3.638387845475669815e-03,9.999847095340004266e-01,1.715581483020026804e-02,0.000000000000000000e+00,0.000000000000000000e+00,0.000000000000000000e+00,1.000000000000000056e-01
9.996376665356063729e-01,-2.597024048195046772e-02,-7.076881555993339186e-03,2.079815012471871949e+00,2.594882609520813774e-02,9.996584622236902584e-01,-3.101181846873637352e-03,2.801642310145288639e-02,7.155002971945065814e-03,2.916421416118487962e-03,9.999701497637791814e-01,1.759674126938095065e-02,0.000000000000000000e+00,0.000000000000000000e+00,0.000000000000000000e+00,1.000000000000000056e-01
9.993303826755908226e-01,-3.559760073373862549e-02,-8.461505980524535939e-03,2.820511352717236964e+00,3.558273709991838923e-02,9.993649262934615196e-01,-1.900766935271740177e-03,6.378094820531055031e-02,8.523795043008283376e-03,1.598410606027826208e-03,9.999623942937050369e-01,3.403705679459377575e-02,0.000000000000000000e+00,0.000000000000000000e+00,0.000000000000000000e+00,1.000000000000000056e-01
9.990930782004625588e-01,-4.158102262767828655e-02,-9.167314173788389253e-03,3.524483023809041882e+00,4.154508787913119977e-02,9.991283154155552459e-01,-4.076151124526070091e-03,9.597614355144791498e-02,9.328813699485089678e-03,3.691597501247384332e-03,9.999496714049408430e-01,4.506883628874269743e-02,0.000000000000000000e+00,0.000000000000000000e+00,0.000000000000000000e+00,1.000000000000000056e-01
9.988153034249088735e-01,-4.696092145677709107e-02,-1.275388176743057905e-02,4.249173285442066295e+00,4.691402637969246947e-02,9.988911142371672547e-01,-3.951711891838245727e-03,1.404484662658341543e-01,1.292531520129025155e-02,3.348694366613521375e-03,9.999108572632794401e-01,6.754643198581468388e-02,0.000000000000000000e+00,0.000000000000000000e+00,0.000000000000000000e+00,1.000000000000000056e-01
9.982223044066828033e-01,-5.758001813745807634e-02,-1.538741356764887318e-02,5.026401790616376708e+00,5.753674240378422317e-02,9.983381292385477002e-01,-3.240830454910898547e-03,1.748039513649020105e-01,1.554844875132061800e-02,2.349727594190208126e-03,9.998763546167399596e-01,8.457960218513579931e-02,0.000000000000000000e+00,0.000000000000000000e+00,0.000000000000000000e+00,1.000000000000000056e-01
9.977093137775265852e-01,-6.562182003114243323e-02,-1.642869250358667058e-02,5.798144874766742340e+00,6.557007064753613002e-02,9.978412197643848902e-01,-3.669601395469732682e-03,2.509417688137915992e-01,1.663403248927247322e-02,2.583964962004335359e-03,9.998583060055163951e-01,9.644899988959527992e-02,0.000000000000000000e+00,0.000000000000000000e+00,0.000000000000000000e+00,1.000000000000000056e-01
9.973735036515382069e-01,-7.098797988893505717e-02,-1.438057457625410533e-02,6.590982996512501302e+00,7.094780994850487243e-02,9.974746192340754325e-01,-3.285155604695994339e-03,3.208238584429422557e-01,1.457746470981447114e-02,2.256256883509754826e-03,9.998911974947622960e-01,1.259117923049475618e-01,0.000000000000000000e+00,0.000000000000000000e+00,0.000000000000000000e+00,1.000000000000000056e-01
9.969675431239564123e-01,-7.628822932717813088e-02,-1.535656288060711569e-02,7.387075302412290156e+00,7.622159495670605134e-02,9.970789632432459637e-01,-4.879499977420836791e-03,3.827711157623336913e-01,1.568395420925489808e-02,3.694201388349829980e-03,9.998701748009409807e-01,1.452224945177145454e-01,0.000000000000000000e+00,0.000000000000000000e+00,0.000000000000000000e+00,1.000000000000000056e-01
9.966265318121407812e-01,-8.050843693215771479e-02,-1.593573565433455824e-02,8.200794377894213838e+00,8.045038099573938173e-02,9.967495443128711052e-01,-4.252306400563506811e-03,4.607317137658589745e-01,1.622628379341432142e-02,2.955925375357571720e-03,9.998639758584318971e-01,1.698168516088444102e-01,0.000000000000000000e+00,0.000000000000000000e+00,0.000000000000000000e+00,1.000000000000000056e-01
9.959023635310002565e-01,-8.864431623424538775e-02,-1.790719164834267754e-02,9.043606439557350996e+00,8.857507671796786830e-02,9.960587661145959837e-01,-4.624957370035102239e-03,5.299009230437722318e-01,1.824659140150510298e-02,3.019875101992771857e-03,9.998289565003580792e-01,1.957435102417739159e-01,0.000000000000000000e+00,0.000000000000000000e+00,0.000000000000000000e+00,1.000000000000000056e-01
9.957862754773038061e-01,-8.946459510175694407e-02,-2.014397662622773727e-02,9.793264322423985035e+00,8.934159365473787195e-02,9.959769540542612321e-01,-6.927238701510462192e-03,6.125839099295268264e-01,2.068267908833439084e-02,5.098354251588361509e-03,9.997730910409893257e-01,2.293948513946564294e-01,0.000000000000000000e+00,0.000000000000000000e+00,0.000000000000000000e+00,1.000000000000000056e-01
9.956361084577575182e-01,-9.139681307091754303e-02,-1.885105025117447472e-02,1.055071679212761993e+01,9.134233538152286558e-02,9.958125547587811655e-01,-3.732767316453054849e-03,6.953923170800990761e-01,1.911327554716730701e-02,1.994578970394906680e-03,9.998153351257366150e-01,2.499585284808836239e-01,0.000000000000000000e+00,0.000000000000000000e+00,0.000000000000000000e+00,1.000000000000000056e-01
9.950731074070799931e-01,-9.713183134453626244e-02,-1.987255028612344709e-02,1.133923817893639807e+01,9.696939703524845577e-02,9.952468278611337205e-01,-8.982631628383988542e-03,8.126524501136082046e-01,2.065059209413351582e-02,7.011345948351128954e-03,9.997621687552266101e-01,2.665229575605467804e-01,0.000000000000000000e+00,0.000000000000000000e+00,0.000000000000000000e+00,1.000000000000000056e-01
9.945959406822425519e-01,-1.016137065379749682e-01,-2.129716934287966684e-02,1.217590454956058110e+01,1.014557144846545689e-01,9.948048044893316177e-01,-8.374900796480969078e-03,9.145099168744884599e-01,2.203753109613786759e-02,6.168922803613914423e-03,9.997381115145255182e-01,2.978294174212351431e-01,0.000000000000000000e+00,0.000000000000000000e+00,0.000000000000000000e+00,1.000000000000000056e-01
9.940815111347285349e-01,-1.054931874999546909e-01,-2.594487639581241969e-02,1.305025162155068053e+01,1.053864875554488406e-01,9.944164050468710103e-01,-5.449918750101139832e-03,1.024113792646504040e+00,2.637494001547313963e-02,2.683424073247088308e-03,9.996485191178063889e-01,3.396315982871052630e-01,0.000000000000000000e+00,0.000000000000000000e+00,0.000000000000000000e+00,1.000000000000000056e-01
9.940645498198124042e-01,-1.047751004546549070e-01,-2.928906137537861873e-02,1.394975810976444386e+01,1.048141286055468413e-01,9.944918083644667117e-01,-2.038151927460957625e-04,1.136412370107911407e+00,2.914908636979229514e-02,-2.867301987911103668e-03,9.995709626350279819e-01,3.734326195476221355e-01,0.000000000000000000e+00,0.000000000000000000e+00,0.000000000000000000e+00,1.000000000000000056e-01
9.916912406825890702e-01,-1.249121432680544014e-01,-3.074800184740725598e-02,1.483771114217176113e+01,1.248296158041866527e-01,9.921675452125663375e-01,-4.596655854990116738e-03,1.350132377362180724e+00,3.108134764784597701e-02,7.202020904677670400e-04,9.995165987302775390e-01,3.944901756151541483e-01,0.000000000000000000e+00,0.000000000000000000e+00,0.000000000000000000e+00,1.000000000000000056e-01
9.910706982799394327e-01,-1.301872297185782401e-01,-2.881243185007652599e-02,1.577384159704117117e+01,1.300875642734829196e-01,9.914882635370645403e-01,-5.314968452287467671e-03,1.495236355527824301e+00,2.925912904215733149e-02,1.519370415172214021e-03,9.995707052936454451e-01,4.341529165594052997e-01,0.000000000000000000e+00,0.000000000000000000e+00,0.000000000000000000e+00,1.000000000000000056e-01
9.905558424548751573e-01,-1.340811579167667800e-01,-2.865948482111115025e-02,1.667797584845636649e+01,1.339659758581490112e-01,9.909683046967150410e-01,-5.910702064255911672e-03,1.624716320499544064e+00,2.919315486353420835e-02,2.015484611106820641e-03,9.995717570694442333e-01,4.688393047453351947e-01,0.000000000000000000e+00,0.000000000000000000e+00,0.000000000000000000e+00,1.000000000000000056e-01
9.899098924425094870e-01,-1.386198241318704893e-01,-2.937599704024633496e-02,1.752770289782160162e+01,1.384815038671699250e-01,9.903423445606004405e-01,-6.701765207760191148e-03,1.775986577983972303e+00,3.002129129711562233e-02,2.566111428257999202e-03,9.995459654968307239e-01,5.139838001243735022e-01,0.000000000000000000e+00,0.000000000000000000e+00,0.000000000000000000e+00,1.000000000000000056e-01
9.896649341124355015e-01,-1.399662709711766151e-01,-3.118911955557248164e-02,1.841613606343354448e+01,1.397865383324349564e-01,9.901502964204360602e-01,-7.881256216960796229e-03,1.895224961876941006e+00,3.198502601629891334e-02,3.439983858371799610e-03,9.994824283706996715e-01,5.337034939436373637e-01,0.000000000000000000e+00,0.000000000000000000e+00,0.000000000000000000e+00,1.000000000000000056e-01
9.892436782634156378e-01,-1.430340701393200686e-01,-3.063004726160117874e-02,1.932227451568427767e+01,1.428079405671479063e-01,9.897052233486125505e-01,-9.458487587495513840e-03,2.024733813311443420e+00,3.166760374322327709e-02,4.982535082959250322e-03,9.994860365294301330e-01,5.809875454497506198e-01,0.000000000000000000e+00,0.000000000000000000e+00,0.000000000000000000e+00,1.000000000000000056e-01
9.871360840151246485e-01,-1.571836774245787827e-01,-2.925137922510303093e-02,2.022834310145549352e+01,1.569604370156758577e-01,9.875563474943820363e-01,-9.791921946350614497e-03,2.197284817445761096e+00,3.042651552729762690e-02,5.074650218618869529e-03,9.995241243101767870e-01,6.108185930928552443e-01,0.000000000000000000e+00,0.000000000000000000e+00,0.000000000000000000e+00,1.000000000000000056e-01
9.871087184226282618e-01,-1.575828153255021680e-01,-2.800061299552396299e-02,2.113026429312559529e+01,1.573571112508580505e-01,9.874900850828280952e-01,-1.010303924044435309e-02,2.342662572792010511e+00,2.924239307617454431e-02,5.566702542579664986e-03,9.995568489435610049e-01,6.429291529071409217e-01,0.000000000000000000e+00,0.000000000000000000e+00,0.000000000000000000e+00,1.000000000000000056e-01
9.869668456910266618e-01,-1.590438887849245919e-01,-2.452523082202757998e-02,2.206812955030630619e+01,1.588544702460747970e-01,9.872563040245779797e-01,-9.499865607948831600e-03,2.516544186872798239e+00,2.572358430592695117e-02,5.480109843670030040e-03,9.996540729705237771e-01,6.763729495619797971e-01,0.000000000000000000e+00,0.000000000000000000e+00,0.000000000000000000e+00,1.000000000000000056e-01
9.867656734496134119e-01,-1.603527482748378363e-01,-2.409360542213377296e-02,2.301633284692075776e+01,1.601750586661348785e-01,9.870462619642208502e-01,-9.144797633567718770e-03,2.682270824139235454e+00,2.524789660211784401e-02,5.164577733478900069e-03,9.996678802752460014e-01,7.149122511160110882e-01,0.000000000000000000e+00,0.000000000000000000e+00,0.000000000000000000e+00,1.000000000000000056e-01
9.869304538052489084e-01,-1.593737591533048725e-01,-2.383871315968493637e-02,2.394257446411199552e+01,1.591548007266164744e-01,9.871942521072386567e-01,-1.082857387197212751e-02,2.830533381827216033e+00,2.525923113311961260e-02,6.893003683020488236e-03,9.996571701052263670e-01,7.509880662446420940e-01,0.000000000000000000e+00,0.000000000000000000e+00,0.000000000000000000e+00,1.000000000000000056e-01
9.868513180281136554e-01,-1.594233916090211922e-01,-2.662063699560239180e-02,2.488005468465253500e+01,1.591613549359015556e-01,9.871832321492930440e-01,-1.170167758241902160e-02,2.993678190777464110e+00,2.814496759889631092e-02,7.310839291873377430e-03,9.995771167987518302e-01,7.868690919210122869e-01,0.000000000000000000e+00,0.000000000000000000e+00,0.000000000000000000e+00,1.000000000000000056e-01
9.872206169301142031e-01,-1.564990982920123064e-01,-3.005803955536457892e-02,2.581909806367579208e+01,1.561874391704323184e-01,9.876487736849131061e-01,-1.246529919696287569e-02,3.150216409884376567e+00,3.163759399049326931e-02,7.611312138808195259e-03,9.994704250622018504e-01,8.201017734875685194e-01,0.000000000000000000e+00,0.000000000000000000e+00,0.000000000000000000e+00,1.000000000000000056e-01
9.868691347161873129e-01,-1.573743401431595967e-01,-3.636795304975121157e-02,2.677190826963834169e+01,1.570461558417928227e-01,9.875216131304932476e-01,-1.172896139749167628e-02,3.309546123693743791e+00,3.775997722243920607e-02,5.863502763163939632e-03,9.992696350112452164e-01,8.703994649837230035e-01,0.000000000000000000e+00,0.000000000000000000e+00,0.000000000000000000e+00,1.000000000000000056e-01
9.865172023131985046e-01,-1.601393353472402581e-01,-3.375207867204579881e-02,2.771569759233744179e+01,1.596890186420053259e-01,9.870431890627304750e-01,-1.565759400508991497e-02,3.438594390809500467e+00,3.582215606706429245e-02,1.005664951259046050e-02,9.993075787440460767e-01,9.257098376161795317e-01,0.000000000000000000e+00,0.000000000000000000e+00,0.000000000000000000e+00,1.000000000000000056e-01
9.864850052035351036e-01,-1.613099364270899339e-01,-2.874785067564986085e-02,2.870219280217298419e+01,1.609531744197932046e-01,9.868579360897756780e-01,-1.433490916678307331e-02,3.598822098881921061e+00,3.068240787117076929e-02,9.514115119994160513e-03,9.994839025520674269e-01,9.852201585604851708e-01,0.000000000000000000e+00,0.000000000000000000e+00,0.000000000000000000e+00,1.000000000000000056e-01
9.867148974797778083e-01,-1.601172993952980628e-01,-2.749839133164010477e-02,2.963496745444826885e+01,1.596526045932367688e-01,9.870026921874723858e-01,-1.835024417486524548e-02,3.732666946408204289e+00,3.007917781567715984e-02,1.371626950151062438e-02,9.994534041229209409e-01,1.020586712749535163e+00,0.000000000000000000e+00,0.000000000000000000e+00,0.000000000000000000e+00,1.000000000000000056e-01
9.861053014929694882e-01,-1.635191983182799069e-01,-2.928832785952045770e-02,3.055145261235888299e+01,1.627802587165786685e-01,9.863179615510295761e-01,-2.606657043006340921e-02,3.871859277021805212e+00,3.314998853127139322e-02,2.093682170647668053e-02,9.992310682505862740e-01,1.069719523685082940e+00,0.000000000000000000e+00,0.000000000000000000e+00,0.000000000000000000e+00,1.000000000000000056e-01
9.857301024462303829e-01,-1.651942349030118551e-01,-3.235784118498444273e-02,3.150045613786187815e+01,1.643546207709492279e-01,9.860288990027665790e-01,-2.710293273115460186e-02,4.029240791884227235e+00,3.638301475388747153e-02,2.139801594074959915e-02,9.991088034599724388e-01,1.105975370959077386e+00,0.000000000000000000e+00,0.000000000000000000e+00,0.000000000000000000e+00,1.000000000000000056e-01
9.854269464156408809e-01,-1.662500949009407814e-01,-3.598109536094899752e-02,3.246307823054208086e+01,1.653341777284125236e-01,9.858649716853180589e-01,-2.710843556490613246e-02,4.191050065887369946e+00,3.997928154451040050e-02,2.076447806556050782e-02,9.989847313637228998e-01,1.141612492340553731e+00,0.000000000000000000e+00,0.000000000000000000e+00,0.000000000000000000e+00,1.000000000000000056e-01
9.854617324522413346e-01,-1.655818616099070106e-01,-3.805024281164076649e-02,3.341190789500196701e+01,1.645747761355956795e-01,9.859599621421213378e-01,-2.825059490745596841e-02,4.356887220193501165e+00,4.219380205842777898e-02,2.157777000767718834e-02,9.988764102276868062e-01,1.185488267032342558e+00,0.000000000000000000e+00,0.000000000000000000e+00,0.000000000000000000e+00,1.000000000000000056e-01
9.847725340314590348e-01,-1.699513713014782490e-01,-3.660037718392868122e-02,3.435497829664707581e+01,1.689414458405187891e-01,9.851953399945048151e-01,-2.913640215309784565e-02,4.512833206079963411e+00,4.101029254435806237e-02,2.250940794110457832e-02,9.989051418726240250e-01,1.244445516266093898e+00,0.000000000000000000e+00,0.000000000000000000e+00,0.000000000000000000e+00,1.000000000000000056e-01
9.842627857853706308e-01,-1.725603116493699962e-01,-3.807502280359006952e-02,3.532596064990631390e+01,1.714843377929846924e-01,9.847317944889500962e-01,-2.994018727853440046e-02,4.706631420876905558e+00,4.266017357821133560e-02,2.293974206577955102e-02,9.988262500676643452e-01,1.289918338171919254e+00,0.000000000000000000e+00,0.000000000000000000e+00,0.000000000000000000e+00,1.000000000000000056e-01
9.838957416348670382e-01,-1.747522581608972891e-01,-3.756085542745409012e-02,3.629016566811208122e+01,1.736338580523528741e-01,9.843145146486348418e-01,-3.124451295632190567e-02,4.870451087802211809e+00,4.243174437411667554e-02,2.421950700756504010e-02,9.988057681800200927e-01,1.353032398130411762e+00,0.000000000000000000e+00,0.000000000000000000e+00,0.000000000000000000e+00,1.000000000000000056e-01
9.836736207397585030e-01,-1.760510677876351571e-01,-3.731259025539880592e-02,3.727712198030487656e+01,1.749379159359268077e-01,9.840825952433092105e-01,-3.127573032221508953e-02,5.049607706925338668e+00,4.222479637284715093e-02,2.423772410988293130e-02,9.988140964670276789e-01,1.405212824603517818e+00,0.000000000000000000e+00,0.000000000000000000e+00,0.000000000000000000e+00,1.000000000000000056e-01
9.837796576321530262e-01,-1.760374043960321322e-01,-3.447343154766546042e-02,3.823997908238711574e+01,1.750411391391441251e-01,9.841016662191827136e-01,-3.007507528667406269e-02,5.222435162952607790e+00,3.921969961683186706e-02,2.355297854064676913e-02,9.989529880649185012e-01,1.468101489029898676e+00,0.000000000000000000e+00,0.000000000000000000e+00,0.000000000000000000e+00,1.000000000000000056e-01
9.835355962796922258e-01,-1.773710955622772312e-01,-3.460094377019026085e-02,3.922545134437446990e+01,1.765189067585925808e-01,9.839452020397069232e-01,-2.632327752753296432e-02,5.418629946290148602e+00,3.871442118257279602e-02,1.978215969194843313e-02,9.990544828738924243e-01,1.511487313722059911e+00,0.000000000000000000e+00,0.000000000000000000e+00,0.000000000000000000e+00,1.000000000000000056e-01
9.826400967630505301e-01,-1.812692259419374508e-01,-3.949567014134101883e-02,4.021114318313596669e+01,1.801205117570088277e-01,9.831573938242876842e-01,-3.095384003686500740e-02,5.617984313647514050e+00,4.444143874691763862e-02,2.330250405096866151e-02,9.987401823432651149e-01,1.581061314059365452e+00,0.000000000000000000e+00,0.000000000000000000e+00,0.000000000000000000e+00,1.000000000000000056e-01
9.825303708853772022e-01,-1.816729889779845342e-01,-4.036081470496206275e-02,4.121688687281923791e+01,1.806560228221337494e-01,9.831593516746355288e-01,-2.758787111756014904e-02,5.800882866897517864e+00,4.469308342385715921e-02,1.981449697861482201e-02,9.988042420832785595e-01,1.656127529514070051e+00,0.000000000000000000e+00,0.000000000000000000e+00,0.000000000000000000e+00,1.000000000000000056e-01
9.818630197382238745e-01,-1.844674286121373297e-01,-4.378102616159383620e-02,4.222101394463207669e+01,1.833129993092915688e-01,9.826239194964605517e-01,-2.909599830982055255e-02,5.988796829465059979e+00,4.838754751759810624e-02,2.054265354425833731e-02,9.986173664775677139e-01,1.719734987927262315e+00,0.000000000000000000e+00,0.000000000000000000e+00,0.000000000000000000e+00,1.000000000000000056e-01
9.827305391950982294e-01,-1.792348269481083556e-01,-4.599526217115427335e-02,4.321541851090418618e+01,1.780036969368035960e-01,9.835836646036110187e-01,-2.962867870428763373e-02,6.120455164919357927e+00,5.055067962097185147e-02,2.092968069065993808e-02,9.985021668759886948e-01,1.787406547166802806e+00,0.000000000000000000e+00,0.000000000000000000e+00,0.000000000000000000e+00,1.000000000000000056e-01
9.824316712471776736e-01,-1.815357458805659518e-01,-4.327567790415170340e-02,4.419590458337901140e+01,1.802511552902809899e-01,9.831009350281565418e-01,-3.196986961630333968e-02,6.311974997002281818e+00,4.834803353804894427e-02,2.360772149850582508e-02,9.985515225258297933e-01,1.866120800587051987e+00,0.000000000000000000e+00,0.000000000000000000e+00,0.000000000000000000e+00,1.000000000000000056e-01
9.824972949498924635e-01,-1.813779814692959569e-01,-4.243928904055457169e-02,4.516347137326418704e+01,1.801416984172782287e-01,9.831403511216092461e-01,-3.136906896637665226e-02,6.478816412812946623e+00,4.741343593837481912e-02,2.317493979717439451e-02,9.986064731704451525e-01,1.925411413519504400e+00,0.000000000000000000e+00,0.000000000000000000e+00,0.000000000000000000e+00,1.000000000000000056e-01
9.816123650658564737e-01,-1.851781545639525906e-01,-4.632726866657096293e-02,4.606866561554836892e+01,1.839308025930450619e-01,9.824839161482737948e-01,-2.991344793616906861e-02,6.661017791823224954e+00,5.105511342945052294e-02,2.084239866811125885e-02,9.984783271611183952e-01,1.996310199529191864e+00,0.000000000000000000e+00,0.000000000000000000e+00,0.000000000000000000e+00,1.000000000000000056e-01
9.816210436995215227e-01,-1.836458254287111624e-01,-5.190700693422302392e-02,4.701788584406752847e+01,1.822373332341233887e-01,9.827746355763310460e-01,-3.071758524892271788e-02,6.827871138577261689e+00,5.665404612185433175e-02,2.069363357211858809e-02,9.981793889815626653e-01,2.041880865694397862e+00,0.000000000000000000e+00,0.000000000000000000e+00,0.000000000000000000e+00,1.000000000000000056e-01
9.816407909831239564e-01,-1.835985437981605406e-01,-5.170040805662606126e-02,4.795743026611035020e+01,1.820056274886140413e-01,9.827082605918465719e-01,-3.403565963843283720e-02,7.008272465451713451e+00,5.705531562004178409e-02,2.400102663933997155e-02,9.980824824030101183e-01,2.113156858445804698e+00,0.000000000000000000e+00,0.000000000000000000e+00,0.000000000000000000e+00,1.000000000000000056e-01
9.822492577392136770e-01,-1.808591605028726235e-01,-4.976303580932352894e-02,4.891581754097018120e+01,1.793078400968833030e-01,9.832023815188585258e-01,-3.408482734935635444e-02,7.214747730100513401e+00,5.509168857962507687e-02,2.455689389644086923e-02,9.981792748858315800e-01,2.185970449802031368e+00,0.000000000000000000e+00,0.000000000000000000e+00,0.000000000000000000e+00,1.000000000000000056e-01
9.832420437966646887e-01,-1.756836959405063681e-01,-4.868595579057039685e-02,4.990163919173727436e+01,1.741539370128229458e-01,9.841281191075068602e-01,-3.409180847145820009e-02,7.404284494235258585e+00,5.390259301268691267e-02,2.504164856004092998e-02,9.982321505060353095e-01,2.270058359764999700e+00,0.000000000000000000e+00,0.000000000000000000e+00,0.000000000000000000e+00,1.000000000000000056e-01
9.832572778516294187e-01,-1.757709941399457909e-01,-4.805916323510769916e-02,5.082354226012711962e+01,1.739720668690105110e-01,9.839626829712737610e-01,-3.938474919682851544e-02,7.586523455797125060e+00,5.421111971844995436e-02,3.036438932413591113e-02,9.980677123120675898e-01,2.335263741133295046e+00,0.000000000000000000e+00,0.000000000000000000e+00,0.000000000000000000e+00,1.000000000000000056e-01
9.838702082698920215e-01,-1.721837503725876239e-01,-4.849916892679524694e-02,5.174909381259736563e+01,1.703695510760336596e-01,9.845933914602952308e-01,-3.937092275861145407e-02,7.755523958981944688e+00,5.453099435284627927e-02,3.047309633667405482e-02,9.980469733707655333e-01,2.398415567237269563e+00,0.000000000000000000e+00,0.000000000000000000e+00,0.000000000000000000e+00,1.000000000000000056e-01
9.841893428057726378e-01,-1.708170514571941967e-01,-4.682811590285810427e-02,5.271963573938003123e+01,1.689685756702317410e-01,9.847697010637663784e-01,-4.096652661323978151e-02,7.927585296862358355e+00,5.311269098355327761e-02,3.240633885909319223e-02,9.980625587898962481e-01,2.478970470401109516e+00,0.000000000000000000e+00,0.000000000000000000e+00,0.000000000000000000e+00,1.000000000000000056e-01
9.829153126626083425e-01,-1.782138114868584422e-01,-4.601440566489435613e-02,5.367436932335952804e+01,1.762802139577120397e-01,9.833935430368901942e-01,-4.315583020143614473e-02,8.104507172769174872e+00,5.294123440561482319e-02,3.430709705991450559e-02,9.980081406436178693e-01,2.540402686846438662e+00,0.000000000000000000e+00,0.000000000000000000e+00,0.000000000000000000e+00,1.000000000000000056e-01
9.832197329209542147e-01,-1.776365163492263088e-01,-4.152378660669669291e-02,5.458187529166621488e+01,1.758288393686649742e-01,9.834469760541668659e-01,-4.377515889386441456e-02,8.266530503480153058e+00,4.861250910121430596e-02,3.573952083095010418e-02,9.981780956370753799e-01,2.605566613196940828e+00,0.000000000000000000e+00,0.000000000000000000e+00,0.000000000000000000e+00,1.000000000000000056e-01
9.833100707290644005e-01,-1.781630582048752132e-01,-3.686772970890024592e-02,5.548883672145831980e+01,1.765347940886858313e-01,9.833313487260721963e-01,-4.353073728561315109e-02,8.453049666857221922e+00,4.400876365983898142e-02,3.629577528652656176e-02,9.983715968603485980e-01,2.677220907414465501e+00,0.000000000000000000e+00,0.000000000000000000e+00,0.000000000000000000e+00,1.000000000000000056e-01
9.834588221702184052e-01,-1.779771247493077690e-01,-3.365840402538664011e-02,5.638822290930112047e+01,1.767785923494651357e-01,9.836004891203193878e-01,-3.576880050001817607e-02,8.629752001373566017e+00,3.947245093110446357e-02,2.922705712585197541e-02,9.987931240999077254e-01,2.747302611862391331e+00,0.000000000000000000e+00,0.000000000000000000e+00,0.000000000000000000e+00,1.000000000000000056e-01
9.828917590723349473e-01,-1.806261021178937332e-01,-3.602778346481035759e-02,5.723603226799453836e+01,1.794053756433541535e-01,9.831641647371469617e-01,-3.466895393540390252e-02,8.799573600657227601e+00,4.168334365136789482e-02,2.761225109266516459e-02,9.987492490368328202e-01,2.818595347623753522e+00,0.000000000000000000e+00,0.000000000000000000e+00,0.000000000000000000e+00,1.000000000000000056e-01
9.826426988142070718e-01,-1.808036475231082074e-01,-4.151346178616378141e-02,5.813269097127175655e+01,1.794617666714142523e-01,9.831744966651357887e-01,-3.407907584474316465e-02,8.993654974231057864e+00,4.697659811338513597e-02,2.603747586838128097e-02,9.985565828134612687e-01,2.870720753448515516e+00,0.000000000000000000e+00,0.000000000000000000e+00,0.000000000000000000e+00,1.000000000000000056e-01
9.822843780073791109e-01,-1.811936913377060199e-01,-4.781471470240549609e-02,5.909288982314014760e+01,1.797233237584616727e-01,9.831474032369904581e-01,-3.347701309217557958e-02,9.169742894465056082e+00,5.307473617331951582e-02,2.429052753191367209e-02,9.982950679294944063e-01,2.930895408091025445e+00,0.000000000000000000e+00,0.000000000000000000e+00,0.000000000000000000e+00,1.000000000000000056e-01
9.829982573019191427e-01,-1.773998118094344822e-01,-4.736805792268877768e-02,5.999199146915524494e+01,1.761001656835900486e-01,9.839038855544984807e-01,-3.036240499322307232e-02,9.371869780371248737e+00,5.199190117318364113e-02,2.150466834753798559e-02,9.984159411045380184e-01,2.992929389505387672e+00,0.000000000000000000e+00,0.000000000000000000e+00,0.000000000000000000e+00,1.000000000000000056e-01
9.828000340867880658e-01,-1.793050699472385767e-01,-4.420163899929666768e-02,6.091831841046043650e+01,1.781472159611087458e-01,9.835792132206321314e-01,-2.890503010876135578e-02,9.565444818234967173e+00,4.865863175546911862e-02,2.053346564752762601e-02,9.986043832991058355e-01,3.057730950342448129e+00,0.000000000000000000e+00,0.000000000000000000e+00,0.000000000000000000e+00,1.000000000000000056e-01
9.823621606781309801e-01,-1.818795248123055985e-01,-4.340994957200400295e-02,6.179643304267222703e+01,1.806653018383709008e-01,9.830729805920290776e-01,-3.045592785574390005e-02,9.750230632641818218e+00,4.821445819922021148e-02,2.207607945161129542e-02,9.985930165671106362e-01,3.124667287645512381e+00,0.000000000000000000e+00,0.000000000000000000e+00,0.000000000000000000e+00,1.000000000000000056e-01
9.819587172053111379e-01,-1.843051736718540612e-01,-4.229279681325710111e-02,6.261377530403245117e+01,1.831766082879771607e-01,9.826462850737848198e-01,-2.919946244030868082e-02,9.910774462484177150e+00,4.694047167011337202e-02,2.092561560570517509e-02,9.986784821607550544e-01,3.179340844822732937e+00,0.000000000000000000e+00,0.000000000000000000e+00,0.000000000000000000e+00,1.000000000000000056e-01
9.814022045154187079e-01,-1.872703027427339295e-01,-4.218467355475200714e-02,6.343121226416076297e+01,1.861428754966568122e-01,9.820866773543704964e-01,-2.926752577326593302e-02,1.005729139123779170e+01,4.690994429875545296e-02,2.087083787722570499e-02,9.986810628284639169e-01,3.228256039069444139e+00,0.000000000000000000e+00,0.000000000000000000e+00,0.000000000000000000e+00,1.000000000000000056e-01
9.810711939626527434e-01,-1.890243558455279305e-01,-4.206073315906631166e-02,6.422922637666427192e+01,1.879784652127733102e-01,9.817851636033889662e-01,-2.760415085665441498e-02,1.020846191992130692e+01,4.651246062019428334e-02,1.917512517429784125e-02,9.987336509708706345e-01,3.279758652974134936e+00,0.000000000000000000e+00,0.000000000000000000e+00,0.000000000000000000e+00,1.000000000000000056e-01
9.806930030059197723e-01,-1.905412997635160532e-01,-4.399144166381726423e-02,6.501798082198995132e+01,1.893617360219575774e-01,9.814605320127618437e-01,-2.962021323314618579e-02,1.036410989234256341e+01,4.881973766809464405e-02,2.071804010172070484e-02,9.985927077784826356e-01,3.339828423604640939e+00,0.000000000000000000e+00,0.000000000000000000e+00,0.000000000000000000e+00,1.000000000000000056e-01
9.801263291058444072e-01,-1.936420535908752183e-01,-4.307126739034498192e-02,6.576597472513067544e+01,1.925212037850998481e-01,9.808688029105606665e-01,-2.884402138987902930e-02,1.050786430358250634e+01,4.783267802076365122e-02,1.997865255497345560e-02,9.986555403919059604e-01,3.395443007634523003e+00,0.000000000000000000e+00,0.000000000000000000e+00,0.000000000000000000e+00,1.000000000000000056e-01
9.796201345646616820e-01,-1.968191647319481319e-01,-4.008251925381423747e-02,6.654612567329959916e+01,1.957591810931755549e-01,9.802265409785255734e-01,-2.888375631742129412e-02,1.066612963732618269e+01,4.497482599458747093e-02,2.044858810512702879e-02,9.987788144886050601e-01,3.454610033647571132e+00,0.000000000000000000e+00,0.000000000000000000e+00,0.000000000000000000e+00,1.000000000000000056e-01
9.761532668816617075e-01,-2.135099375305616609e-01,-3.922124592558279971e-02,6.734539657494023857e+01,2.126564606896981513e-01,9.768116113003062484e-01,-2.482550615456254051e-02,1.086116165481310247e+01,4.361226069799933186e-02,1.589284759239234512e-02,9.989221131360616068e-01,3.508260835355183627e+00,0.000000000000000000e+00,0.000000000000000000e+00,0.000000000000000000e+00,1.000000000000000056e-01
9.755977745596801087e-01,-2.163850590229612625e-01,-3.723558118022692043e-02,6.807415094150779566e+01,2.156070694405166355e-01,9.761895624178352771e-01,-2.382288466469902749e-02,1.101034704175964585e+01,4.150390200296759369e-02,1.521329872528912573e-02,9.990225130898818806e-01,3.565798850106810747e+00,0.000000000000000000e+00,0.000000000000000000e+00,0.000000000000000000e+00,1.000000000000000056e-01
9.757179765983212683e-01,-2.151961235951303786e-01,-4.080512875248805404e-02,6.874121715047509440e+01,2.145004555770469168e-01,9.765029364654166377e-01,-2.077425405779565609e-02,1.116981500821245277e+01,4.431686699347202330e-02,1.151709442732309907e-02,9.989511358599253432e-01,3.611276921607410095e+00,0.000000000000000000e+00,0.000000000000000000e+00,0.000000000000000000e+00,1.000000000000000056e-01
9.751592002636132461e-01,-2.169612628033913970e-01,-4.463568733634453584e-02,6.939849802426419956e+01,2.161380242102926008e-01,9.761019649694681055e-01,-2.256786372730314183e-02,1.133817809938225452e+01,4.846533432981924711e-02,1.235979067382925178e-02,9.987483902078631015e-01,3.653934369435786422e+00,0.000000000000000000e+00,0.000000000000000000e+00,0.000000000000000000e+00,1.000000000000000056e-01
9.744217152012084604e-01,-2.190393896143661978e-01,-5.024009098022125946e-02,7.011184761529180776e+01,2.179806265101643103e-01,9.756138028523025918e-01,-2.573235609703787910e-02,1.150803742338085200e+01,5.465132578969402605e-02,1.412280005644763956e-02,9.984056185278578077e-01,3.703514121550067983e+00,0.000000000000000000e+00,0.000000000000000000e+00,0.000000000000000000e+00,1.000000000000000056e-01
9.733383357678646597e-01,-2.232784253252849682e-01,-5.252836289953022320e-02,7.082087052388023096e+01,2.221938962451496802e-01,9.746630205692665694e-01,-2.572681103815966167e-02,1.167711367626368357e+01,5.694169470645617237e-02,1.336940982447086881e-02,9.982879856458767298e-01,3.751392986992317713e+00,0.000000000000000000e+00,0.000000000000000000e+00,0.000000000000000000e+00,1.000000000000000056e-01
9.733928268670885009e-01,-2.236761424210264582e-01,-4.975327039850794414e-02,7.148334119717603130e+01,2.226894777171950501e-01,9.745781834085019968e-01,-2.463251790270451838e-02,1.182554496559625612e+01,5.399815846620368426e-02,1.289758643440160404e-02,9.984577362845289406e-01,3.813969514350086243e+00,0.000000000000000000e+00,0.000000000000000000e+00,0.000000000000000000e+00,1.000000000000000056e-01
9.722635235856047498e-01,-2.291529828132477520e-01,-4.682468550556945219e-02,7.204354794800445916e+01,2.281350731915317565e-01,9.732794023830263486e-01,-2.610734143557123799e-02,1.197066942691319191e+01,5.155607708891883634e-02,1.470086272061741327e-02,9.985618937003709616e-01,3.853500874622137307e+00,0.000000000000000000e+00,0.000000000000000000e+00,0.000000000000000000e+00,1.000000000000000056e-01
9.729200794686664322e-01,-2.256066032434314861e-01,-5.028100575410852230e-02,7.256767406636488715e+01,2.243741443079987630e-01,9.740711129454266981e-01,-2.901224381724373802e-02,1.207838539469833172e+01,5.552262901499849940e-02,1.694483691921343932e-02,9.983136331679759445e-01,3.896139738544753151e+00,0.000000000000000000e+00,0.000000000000000000e+00,0.000000000000000000e+00,1.000000000000000056e-01
9.724520898031372429e-01,-2.275066055186327207e-01,-5.077083299395867416e-02,7.318287820200905003e+01,2.258076585878443510e-01,9.734658161740042948e-01,-3.708377089449177433e-02,1.221318418087628999e+01,5.786047321433453877e-02,2.459774758120899726e-02,9.980216011957578903e-01,3.951579944671899991e+00,0.000000000000000000e+00,0.000000000000000000e+00,0.000000000000000000e+00,1.000000000000000056e-01
9.725127667972172096e-01,-2.258124124397184462e-01,-5.681261131629090216e-02,7.376160321798587916e+01,2.236369568945286157e-01,9.737588702568436005e-01,-4.219210953567433670e-02,1.234034802313748358e+01,6.484928625186406337e-02,2.832696567354294620e-02,9.974929338538462975e-01,3.999717657127284998e+00,0.000000000000000000e+00,0.000000000000000000e+00,0.000000000000000000e+00,1.000000000000000056e-01
9.736431572081435393e-01,-2.208687379682261198e-01,-5.688587707051213915e-02,7.433053743921547607e+01,2.189042090498579396e-01,9.749748270022451369e-01,-3.879476733011993916e-02,1.245264450186539307e+01,6.403084945566811514e-02,2.531970182022540497e-02,9.976266651497044391e-01,4.054818153559726746e+00,0.000000000000000000e+00,0.000000000000000000e+00,0.000000000000000000e+00,1.000000000000000056e-01
9.741296576137721264e-01,-2.194131285854356017e-01,-5.412290791916314625e-02,7.489387996464127184e+01,2.174978093949183067e-01,9.752764617241180822e-01,-3.912193905338236244e-02,1.259922844836067135e+01,6.136866517765304785e-02,2.633822718475735750e-02,9.977676005579040330e-01,4.087542292358640417e+00,0.000000000000000000e+00,0.000000000000000000e+00,0.000000000000000000e+00,1.000000000000000056e-01
9.750278403565473262e-01,-2.157748925867544465e-01,-5.255384152297340461e-02,7.547035298087487831e+01,2.137360604912444673e-01,9.759965881075421956e-01,-4.180378509321520247e-02,1.270369524225091773e+01,6.031257725657479529e-02,2.952720324736533147e-02,9.977427209922699047e-01,4.132687709475269422e+00,0.000000000000000000e+00,0.000000000000000000e+00,0.000000000000000000e+00,1.000000000000000056e-01
9.759434751894631166e-01,-2.126741890206647057e-01,-4.800023499438801911e-02,7.605636540833660320e+01,2.105217135646428317e-01,9.764962504674827848e-01,-4.621342814327577403e-02,1.281482025274242531e+01,5.670045284581388956e-02,3.499660194004299701e-02,9.977776788943165664e-01,4.185494952922504730e+00,0.000000000000000000e+00,0.000000000000000000e+00,0.000000000000000000e+00,1.000000000000000056e-01
9.777616019312466156e-01,-2.048926599769541057e-01,-4.473530682146602266e-02,7.662227036691741944e+01,2.028028557545019650e-01,9.780837153490403724e-01,-4.715132518642628501e-02,1.290647160089634582e+01,5.341583554210398155e-02,3.703030727101414010e-02,9.978855169090055099e-01,4.248463361645035796e+00,0.000000000000000000e+00,0.000000000000000000e+00,0.000000000000000000e+00,1.000000000000000056e-01
9.799127858469545149e-01,-1.947124314369804432e-01,-4.310453778385491680e-02,7.711546189961242703e+01,1.928359134269551356e-01,9.802381829715686168e-01,-4.412952682036543062e-02,1.303158577373956639e+01,5.084528126043206392e-02,3.493098464825582228e-02,9.980954782409601211e-01,4.295363778852687275e+00,0.000000000000000000e+00,0.000000000000000000e+00,0.000000000000000000e+00,1.000000000000000056e-01
9.827371152986313918e-01,-1.796484280833084979e-01,-4.420638530484870959e-02,7.761222304665042770e+01,1.778120657684075789e-01,9.831467873985446637e-01,-4.248839482837901693e-02,1.312005947468266598e+01,5.109433903766550517e-02,3.389449387610116160e-02,9.981184958727029599e-01,4.331701288106452274e+00,0.000000000000000000e+00,0.000000000000000000e+00,0.000000000000000000e+00,1.000000000000000056e-01
9.862004760967141292e-01,-1.596910597849644786e-01,-4.367363473961441422e-02,7.807379364240630082e+01,1.583293676813144202e-01,9.868327236824342430e-01,-3.306035086237731763e-02,1.321062106859011287e+01,4.837801438928127085e-02,2.568931478773308491e-02,9.984986864435462239e-01,4.366701865395212323e+00,0.000000000000000000e+00,0.000000000000000000e+00,0.000000000000000000e+00,1.000000000000000056e-01
9.898637575974195135e-01,-1.357992780406828692e-01,-4.157279734088584200e-02,7.854886652455888907e+01,1.343608656171951798e-01,9.902911561574597732e-01,-3.564524971044028684e-02,1.326378898280182206e+01,4.600977271966326387e-02,2.969818378202510392e-02,9.984994334972524532e-01,4.409198398158646448e+00,0.000000000000000000e+00,0.000000000000000000e+00,0.000000000000000000e+00,1.000000000000000056e-01
9.927506353993428290e-01,-1.128675573433536306e-01,-4.131695068063427623e-02,7.909821185776674213e+01,1.114145736413709731e-01,9.931241929743895858e-01,-3.593229897013303781e-02,1.338260760981149211e+01,4.508845411535758463e-02,3.106850218971430461e-02,9.984997643851374338e-01,4.456591659133150252e+00,0.000000000000000000e+00,0.000000000000000000e+00,0.000000000000000000e+00,1.000000000000000056e-01
9.957095283687291687e-01,-8.348510835818653830e-02,-3.990954520092584307e-02,7.958721780945649016e+01,8.212108091336545179e-02,9.960188442009431098e-01,-3.467838038660404215e-02,1.346826521387645492e+01,4.264578742787349802e-02,3.125217878867605353e-02,9.986013409442314748e-01,4.489250382017750063e+00,0.000000000000000000e+00,0.000000000000000000e+00,0.000000000000000000e+00,1.000000000000000056e-01
9.978373744649059462e-01,-5.137469317822863230e-02,-4.100262213354164548e-02,8.005665124991206483e+01,4.986840805559775852e-02,9.980720287153352910e-01,-3.695087785229538013e-02,1.347886157909941574e+01,4.282191026780009929e-02,3.482623144840292506e-02,9.984755468233154074e-01,4.510543307538656954e+00,0.000000000000000000e+00,0.000000000000000000e+00,0.000000000000000000e+00,1.000000000000000056e-01
