9.999999999999998890e-01,-4.869844528987711591e-09,1.142476047304212708e-08,7.391549110572223269e-15,4.869844548077466831e-09,1.000000000000000000e+00,-1.670910762727899640e-09,6.571499059975542711e-15,-1.142476046490505213e-08,1.670910818364707051e-09,9.999999999999998890e-01,-2.178410690108111992e-14,0.000000000000000000e+00,0.000000000000000000e+00,0.000000000000000000e+00,1.000000000000000056e-01
9.998550645430479555e-01,-1.263543211322388886e-02,1.141033579389729054e-02,6.525639159396020572e-01,1.266842101879180928e-02,9.999157659174913171e-01,-2.823504653306638072e-03,4.415649987085840805e-03,-1.137369845336234746e-02,2.967646365172386252e-03,9.999309136428092826e-01,2.990891058961581573e-03,0.000000000000000000e+00,0.000000000000000000e+00,0.000000000000000000e+00,1.000000000000000056e-01
9.995363211044853147e-01,-1.948830561089991836e-02,2.339548540482721747e-02,1.337045152475943688e+00,1.957322315451472811e-02,9.998026240830356626e-01,-3.406143276448159000e-03,-1.064131129975438243e-03,-2.332448773831668001e-02,3.862488976332646533e-03,9.997204856611936474e-01,-1.273116092915128374e-02,0.000000000000000000e+00,0.000000000000000000e+00,0.000000000000000000e+00,1.000000000000000056e-01
9.990716397263599280e-01,-2.754409225486744578e-02,3.312373282614516218e-02,2.068763050971035966e+00,2.776682219382713840e-02,9.995946815993446144e-01,-6.283001158785257376e-03,2.123954806320836955e-02,-3.293724760417731517e-02,7.196909069889614527e-03,9.994315095193371246e-01,-3.672201734322408373e-02,0.000000000000000000e+00,0.000000000000000000e+00,0.000000000000000000e+00,1.000000000000000056e-01
9.983391374814910568e-01,-3.670300295884010300e-02,4.440558688403822840e-02,2.800697907823330279e+00,3.709836848529307618e-02,9.992786919647269617e-01,-8.112141578749447468e-03,7.156779707287495851e-02,-4.407581682104039222e-02,9.746043251886212649e-03,9.989806489679819990e-01,-7.851105709006862832e-02,0.000000000000000000e+00,0.000000000000000000e+00,0.000000000000000000e+00,1.000000000000000056e-01
9.975168908117996169e-01,-4.607762702441002556e-02,5.326260257403540171e-02,3.551512562438946752e+00,4.661688260040398879e-02,9.988729595836383091e-01,-8.926190074345889333e-03,9.972384443543765020e-02,-5.279127581125914875e-02,1.138696186094244160e-02,9.985406442893534074e-01,-1.147058471921527795e-01,0.000000000000000000e+00,0.000000000000000000e+00,0.000000000000000000e+00,1.000000000000000056e-01
9.964121404894638045e-01,-5.559633357888612432e-02,6.381139379288271185e-02,4.309941565744859204e+00,5.632515627246750117e-02,9.983655651118790164e-01,-9.678593375100146348e-03,1.569725713298777414e-01,-6.316900391875153453e-02,1.323805466915876049e-02,9.979150419011074691e-01,-1.482682841285921371e-01,0.000000000000000000e+00,0.000000000000000000e+00,0.000000000000000000e+00,1.000000000000000056e-01
9.949987937878093103e-01,-6.567558057390915360e-02,7.526033800804038387e-02,5.113653323453915434e+00,6.647374702446887107e-02,9.977549113993239294e-01,-8.147253221439384324e-03,2.273983978997120570e-01,-7.455629629569482386e-02,1.310934379773852701e-02,9.971306352669450090e-01,-2.014729675945507448e-01,0.000000000000000000e+00,0.000000000000000000e+00,0.000000000000000000e+00,1.000000000000000056e-01
9.936638825294731303e-01,-7.072054012809243784e-02,8.735384227636681931e-02,5.888232168496281282e+00,7.154721299996215367e-02,9.974169044756395763e-01,-6.365137718147169214e-03,2.976806976783045733e-01,-8.667805297992998981e-02,1.257473141756122043e-02,9.961570113498096068e-01,-2.535179833836352370e-01,0.000000000000000000e+00,0.000000000000000000e+00,0.000000000000000000e+00,1.000000000000000056e-01
9.918755293407931495e-01,-7.964373993123075035e-02,9.919581132632544762e-02,6.691596962815041572e+00,8.086355892992452832e-02,9.966903596526652809e-01,-8.331375194249337340e-03,3.608152277551221476e-01,-9.820396698763293741e-02,1.628501351572080730e-02,9.950330543266815431e-01,-3.219397410054489761e-01,0.000000000000000000e+00,0.000000000000000000e+00,0.000000000000000000e+00,1.000000000000000056e-01
9.899955989491862063e-01,-8.779072145160717044e-02,1.104604150284088510e-01,7.523222256281409059e+00,8.959247858038059398e-02,9.959127427052005821e-01,-1.144537894649856613e-02,4.321845663960959261e-01,-1.090041368162972674e-01,2.122729715275192136e-02,9.938146205467711658e-01,-3.977271032199610201e-01,0.000000000000000000e+00,0.000000000000000000e+00,0.000000000000000000e+00,1.000000000000000056e-01
9.880909446715753219e-01,-9.476170428858970984e-02,1.212291403019745556e-01,8.361303151133828493e+00,9.693641125838345363e-02,9.952163471136747930e-01,-1.215543541215663437e-02,5.271937940203120787e-01,-1.194973523990364578e-01,2.376219346010464278e-02,9.925501201106093907e-01,-4.922440746758063312e-01,0.000000000000000000e+00,0.000000000000000000e+00,0.000000000000000000e+00,1.000000000000000056e-01
9.862430784847932008e-01,-1.019088339378038666e-01,1.301506039412616833e-01,9.209229452354255940e+00,1.044302624441585670e-01,9.944513818763844881e-01,-1.267948618806670133e-02,6.434745856737665859e-01,-1.281362962890773283e-01,2.609671721857601337e-02,9.914131585387252477e-01,-5.910541321653043356e-01,0.000000000000000000e+00,0.000000000000000000e+00,0.000000000000000000e+00,1.000000000000000056e-01
9.843304167294666396e-01,-1.074127162337057406e-01,1.398432661678495059e-01,9.989401139583716116e+00,1.107201976139729482e-01,9.937217310382476798e-01,-1.606733029072581267e-02,7.489458117999746589e-01,-1.372394569412068999e-01,3.129903598588783253e-02,9.900432827936548330e-01,-6.845792559003612832e-01,0.000000000000000000e+00,0.000000000000000000e+00,0.000000000000000000e+00,1.000000000000000056e-01
9.819318781698157528e-01,-1.152031978936163131e-01,1.501266459659389430e-01,1.081722166234598959e+01,1.190037471265531638e-01,9.927558273354215590e-01,-1.655220412519308251e-02,8.602132743217896227e-01,-1.471322357735974640e-01,3.411877029798918159e-02,9.885282063298019839e-01,-8.061720722436425124e-01,0.000000000000000000e+00,0.000000000000000000e+00,0.000000000000000000e+00,1.000000000000000056e-01
9.798736091613398091e-01,-1.205656059601503682e-01,1.590963378855456689e-01,1.162301335842149896e+01,1.249395758424938219e-01,9.920056463952479087e-01,-1.774541935948693860e-02,9.753832844938411517e-01,-1.556849782651739678e-01,3.726569708737613451e-02,9.871035687115937707e-01,-9.050604189201673089e-01,0.000000000000000000e+00,0.000000000000000000e+00,0.000000000000000000e+00,1.000000000000000056e-01
9.778585265553061401e-01,-1.264440270906395380e-01,1.667471440720570408e-01,1.248470852173980639e+01,1.308609394109191137e-01,9.912759716669385934e-01,-1.572776310409750716e-02,1.115538353472031563e+00,-1.633037555587056877e-01,3.720021517234095576e-02,9.858742452318927096e-01,-1.038906457722790888e+00,0.000000000000000000e+00,0.000000000000000000e+00,0.000000000000000000e+00,1.000000000000000056e-01
9.757449616507595236e-01,-1.342094569034641416e-01,1.729438969459029252e-01,1.338708362206449820e+01,1.388790444035452043e-01,9.901937195280087201e-01,-1.513303779302965432e-02,1.250437160096456779e+00,-1.692169638030301682e-01,3.878426852429141258e-02,9.848154140123517308e-01,-1.188399425761605288e+00,0.000000000000000000e+00,0.000000000000000000e+00,0.000000000000000000e+00,1.000000000000000056e-01
9.747161557590161562e-01,-1.329688366242115782e-01,1.795764577809940699e-01,1.425450399310774330e+01,1.374184173502654704e-01,9.904340445626704792e-01,-1.251327072264945585e-02,1.389243787966988775e+00,-1.761947623379130912e-01,3.687399975638368937e-02,9.836644315347854439e-01,-1.329601187096550952e+00,0.000000000000000000e+00,0.000000000000000000e+00,0.000000000000000000e+00,1.000000000000000056e-01
9.698715161092437143e-01,-1.546297768074358647e-01,1.882521563341028603e-01,1.522413050316231242e+01,1.595389759194383028e-01,9.871290348192709452e-01,-1.111682415761625076e-02,1.633095215799154953e+00,-1.841101773464297597e-01,4.081544733623590493e-02,9.820578098341304907e-01,-1.501701301595655291e+00,0.000000000000000000e+00,0.000000000000000000e+00,0.000000000000000000e+00,1.000000000000000056e-01
9.680337966883386658e-01,-1.568569073692275828e-01,1.957204104832243885e-01,1.614498523994663159e+01,1.622547705151572983e-01,9.866788779175814650e-01,-1.175505492866588120e-02,1.806314684955660388e+00,-1.912693334390903888e-01,4.313586074096435741e-02,9.805892818116574983e-01,-1.672637749651651573e+00,0.000000000000000000e+00,0.000000000000000000e+00,0.000000000000000000e+00,1.000000000000000056e-01
9.645874011445224605e-01,-1.647440367546407491e-01,2.059867663395922588e-01,1.702510165664260455e+01,1.714577883074612508e-01,9.850764736983317338e-01,-1.505216910527270788e-02,1.975731907341553351e+00,-2.004329623140116701e-01,4.983716805603516375e-02,9.784390038720781613e-01,-1.841161262897169637e+00,0.000000000000000000e+00,0.000000000000000000e+00,0.000000000000000000e+00,1.000000000000000056e-01
9.616862381348456612e-01,-1.718612616274549088e-01,2.135960817380986032e-01,1.785032201137406815e+01,1.794541946495621376e-01,9.836274107972962089e-01,-1.653205222844544853e-02,2.123651400905501418e+00,-2.072577414832219855e-01,5.422935994483502053e-02,9.767821687127828945e-01,-2.004005819437365332e+00,0.000000000000000000e+00,0.000000000000000000e+00,0.000000000000000000e+00,1.000000000000000056e-01
9.589940392084875809e-01,-1.768079616519926955e-01,2.215160884880764403e-01,1.872050635231825666e+01,1.859269308915993402e-01,9.823424995574785434e-01,-2.084202323182206620e-02,2.278329846652618063e+00,-2.139196324132506544e-01,6.117318252006216650e-02,9.749339632039427661e-01,-2.189639011935731627e+00,0.000000000000000000e+00,0.000000000000000000e+00,0.000000000000000000e+00,1.000000000000000056e-01
9.554689184891588249e-01,-1.829969857696883417e-01,2.314978380036531724e-01,1.961814298190433092e+01,1.931011773574001500e-01,9.809417856920821244e-01,-2.156729900601903407e-02,2.461526335566174506e+00,-2.231391518858648337e-01,6.530938893021144553e-02,9.725963204810201823e-01,-2.383898681036587419e+00,0.000000000000000000e+00,0.000000000000000000e+00,0.000000000000000000e+00,1.000000000000000056e-01
9.524474504151902998e-01,-1.867862529801668781e-01,2.407379278286506663e-01,2.051101957638568152e+01,1.980151613821946044e-01,9.799266101862922351e-01,-2.310485904709013577e-02,2.630198639270705741e+00,-2.315898315133610441e-01,6.967592372140871126e-02,9.703151114937773603e-01,-2.590499902499885820e+00,0.000000000000000000e+00,0.000000000000000000e+00,0.000000000000000000e+00,1.000000000000000056e-01
9.502317578498576944e-01,-1.863048827189488499e-01,2.497000141142330654e-01,2.138638522859151792e+01,1.994581816772272864e-01,9.794999824928354304e-01,-2.821733613488877981e-02,2.830864063887011284e+00,-2.393241319541004331e-01,7.661771969729858078e-02,9.679120233227824777e-01,-2.795479703390816528e+00,0.000000000000000000e+00,0.000000000000000000e+00,0.000000000000000000e+00,1.000000000000000056e-01
9.470511894684177090e-01,-1.888751353318139647e-01,2.596540540408412423e-01,2.228498382661771160e+01,2.034408426422117111e-01,9.786225721430549251e-01,-3.016098203205649225e-02,3.050551979205434083e+00,-2.484066586697747936e-01,8.138823345852980173e-02,9.652305876747886426e-01,-3.014770957779949079e+00,0.000000000000000000e+00,0.000000000000000000e+00,0.000000000000000000e+00,1.000000000000000056e-01
9.452175821983720416e-01,-1.860533939805330272e-01,2.682309767558331837e-01,2.319628572078675077e+01,2.013402963014775671e-01,9.790494199237581574e-01,-3.040260568085864645e-02,3.262689476245627329e+00,-2.569548742256059226e-01,8.274278177144589463e-02,9.628747710249894176e-01,-3.239957149298813732e+00,0.000000000000000000e+00,0.000000000000000000e+00,0.000000000000000000e+00,1.000000000000000056e-01
9.448547175726381697e-01,-1.797013377188590444e-01,2.737827458091227073e-01,2.407036559625318972e+01,1.957216736335725127e-01,9.801329106205014519e-01,-3.213260009176622384e-02,3.457373985601627897e+00,-2.625692083066927807e-01,8.394585600633674982e-02,9.612546510205086658e-01,-3.470225558306423430e+00,0.000000000000000000e+00,0.000000000000000000e+00,0.000000000000000000e+00,1.000000000000000056e-01
9.431850116765226888e-01,-1.826921034631215357e-01,2.775349150665153419e-01,2.496510947462156338e+01,1.999546512376093044e-01,9.791808724120052432e-01,-3.497079568597633720e-02,3.642094157127888643e+00,-2.653679920359722222e-01,8.847832748579947948e-02,9.600788584111785706e-01,-3.698909952513162125e+00,0.000000000000000000e+00,0.000000000000000000e+00,0.000000000000000000e+00,1.000000000000000056e-01
9.434601484264781845e-01,-1.820890608623303708e-01,2.769955274825974256e-01,2.583142368303917991e+01,1.998128850725391648e-01,9.791384719091615896e-01,-3.691427618659494370e-02,3.837138159431075390e+00,-2.644952916217528371e-01,9.017442398854848273e-02,9.601618686285440241e-01,-3.940606048705605602e+00,0.000000000000000000e+00,0.000000000000000000e+00,0.000000000000000000e+00,1.000000000000000056e-01
9.411676173105953946e-01,-1.826971125457413914e-01,2.842978740570272778e-01,2.671830184953088150e+01,2.023912038647179834e-01,9.784356990658855668e-01,-4.124782893246721482e-02,4.030883633609176897e+00,-2.706313299011901541e-01,9.636050986218695769e-02,9.578482841322066843e-01,-4.179066587039132585e+00,0.000000000000000000e+00,0.000000000000000000e+00,0.000000000000000000e+00,1.000000000000000056e-01
9.391695556990455884e-01,-1.835941712324389574e-01,2.902649237119966918e-01,2.762508788018104511e+01,2.050662896075955699e-01,9.777085292521359161e-01,-4.509821165189447506e-02,4.207514160117308499e+00,-2.755147228636450341e-01,1.018784183087821926e-01,9.558830605091135357e-01,-4.432586838349624081e+00,0.000000000000000000e+00,0.000000000000000000e+00,0.000000000000000000e+00,1.000000000000000056e-01
9.355103927119009510e-01,-1.842187486799265472e-01,3.014693313802033203e-01,2.856206828252166119e+01,2.080876699401266738e-01,9.768929676250325267e-01,-4.878167098046175959e-02,4.409743450458220693e+00,-2.855167713934046447e-01,1.083678109013889446e-01,9.522271739524802436e-01,-4.700466545871580415e+00,0.000000000000000000e+00,0.000000000000000000e+00,0.000000000000000000e+00,1.000000000000000056e-01
9.320761530760528490e-01,-1.854180364338449405e-01,3.112140688207456485e-01,2.946448973275764871e+01,2.120467100929266657e-01,9.757823410875116066e-01,-5.371234085888812460e-02,4.602355065225132158e+00,-2.937179558789567713e-01,1.160559114685349169e-01,9.488207353380799791e-01,-4.968895009938566254e+00,0.000000000000000000e+00,0.000000000000000000e+00,0.000000000000000000e+00,1.000000000000000056e-01
9.287753021543116994e-01,-1.846780590147544254e-01,3.213572040995967827e-01,3.033956937920480001e+01,2.144494658922806440e-01,9.749195233356765522e-01,-5.952604133866815778e-02,4.789982244130317035e+00,-3.023042584660073917e-01,1.242011978101667247e-01,9.450852859799676597e-01,-5.224803421057511166e+00,0.000000000000000000e+00,0.000000000000000000e+00,0.000000000000000000e+00,1.000000000000000056e-01
9.279836299135921784e-01,-1.880056896980670522e-01,3.217145369011902845e-01,3.124822830003192564e+01,2.194852086303502314e-01,9.735010292728184522e-01,-6.420271954718657914e-02,4.982810581261605698e+00,-3.011189562363764671e-01,1.301906549868968033e-01,9.446574868962813731e-01,-5.507209007889375840e+00,0.000000000000000000e+00,0.000000000000000000e+00,0.000000000000000000e+00,1.000000000000000056e-01
9.267656098407591747e-01,-1.927156824258728918e-01,3.224378547311340104e-01,3.218748809269656164e+01,2.249058351907727293e-01,9.721848228795234581e-01,-6.537610771413746025e-02,5.198111887237176099e+00,-3.008701874789637132e-01,1.331064833501345024e-01,9.443303417642227027e-01,-5.809816393996878325e+00,0.000000000000000000e+00,0.000000000000000000e+00,0.000000000000000000e+00,1.000000000000000056e-01
9.237673359626994429e-01,-1.945806081226572337e-01,3.298367716780439829e-01,3.310298539873468826e+01,2.285598197629340189e-01,9.712093493798049648e-01,-6.717744016551245589e-02,5.438092357234148189e+00,-3.072691292634395777e-01,1.374437580244108337e-01,9.416447820605257091e-01,-6.114208077500945748e+00,0.000000000000000000e+00,0.000000000000000000e+00,0.000000000000000000e+00,1.000000000000000056e-01
9.218050093634043707e-01,-1.981097970316822998e-01,3.332086929127143216e-01,3.402172568624524729e+01,2.332215512704375882e-01,9.700097557786222513e-01,-6.847467938813858734e-02,5.666950148628168371e+00,-3.096501780001822968e-01,1.408317507324373108e-01,9.403633261937069943e-01,-6.396634679221938846e+00,0.000000000000000000e+00,0.000000000000000000e+00,0.000000000000000000e+00,1.000000000000000056e-01
9.200972679853726133e-01,-2.012130143052882902e-01,3.360570492044964719e-01,3.491661930239587264e+01,2.370794057788862819e-01,9.690444790120816831e-01,-6.889232941143254296e-02,5.909030146554175467e+00,-3.117921949013215399e-01,1.430598496098153816e-01,9.393186395618013940e-01,-6.687192368006721566e+00,0.000000000000000000e+00,0.000000000000000000e+00,0.000000000000000000e+00,1.000000000000000056e-01
9.174520837938646700e-01,-2.032046840182520908e-01,3.420373230151027566e-01,3.582713727694045502e+01,2.403021994914691373e-01,9.682178528587794819e-01,-6.934725895878679491e-02,6.136934202309022091e+00,-3.170749546429954546e-01,1.458151082658349917e-01,9.371240191882637127e-01,-6.991400478085731507e+00,0.000000000000000000e+00,0.000000000000000000e+00,0.000000000000000000e+00,1.000000000000000056e-01
9.150599123942030344e-01,-2.059786501816048276e-01,3.467537345126618931e-01,3.676115478715247775e+01,2.452938403136316059e-01,9.666903058314199049e-01,-7.308067128691694836e-02,6.383078270126901543e+00,-3.201504156381873578e-01,1.519297478472200480e-01,9.351048406920884348e-01,-7.313472658365409274e+00,0.000000000000000000e+00,0.000000000000000000e+00,0.000000000000000000e+00,1.000000000000000056e-01
9.117585342070514409e-01,-2.105271748876278437e-01,3.526679513854967807e-01,3.769160609340613632e+01,2.502032624001105932e-01,9.656292218705070374e-01,-7.041685419060220164e-02,6.629064944222990974e+00,-3.257218180978215250e-01,1.524418397409100234e-01,9.330952699009122941e-01,-7.606108252441088347e+00,0.000000000000000000e+00,0.000000000000000000e+00,0.000000000000000000e+00,1.000000000000000056e-01
9.093843027273662560e-01,-2.144561010884684649e-01,3.564109575461933965e-01,3.861917824653659892e+01,2.544006979466351126e-01,9.646585524586378524e-01,-6.865975569917534549e-02,6.881035239096189748e+00,-3.290903748779760440e-01,1.531093004175059780e-01,9.318031268934093836e-01,-7.930693888218010912e+00,0.000000000000000000e+00,0.000000000000000000e+00,0.000000000000000000e+00,1.000000000000000056e-01
9.065638720091789837e-01,-2.193356688058568371e-01,3.606020110276873525e-01,3.955003630261744263e+01,2.616843050232376955e-01,9.624276671533753547e-01,-7.248661947019564844e-02,7.152013601985986568e+00,-3.311544510832218902e-01,1.600776370615187849e-01,9.298988545215929324e-01,-8.241398890612618544e+00,0.000000000000000000e+00,0.000000000000000000e+00,0.000000000000000000e+00,1.000000000000000056e-01
9.044336628299917136e-01,-2.255501077499888762e-01,3.621144824967558185e-01,4.047044970924952167e+01,2.683912893265298361e-01,9.606148480534884015e-01,-7.200853777724164351e-02,7.419739192020437635e+00,-3.316110151270126316e-01,1.623153184180158859e-01,9.293480898206496477e-01,-8.548430567055106621e+00,0.000000000000000000e+00,0.000000000000000000e+00,0.000000000000000000e+00,1.000000000000000056e-01
9.038838136941872436e-01,-2.271069413684994043e-01,3.625141218268561616e-01,4.141216007852486314e+01,2.709178969244199209e-01,9.597347314057670387e-01,-7.424781787735951211e-02,7.700838583289967509e+00,-3.310551985208828318e-01,1.653229642721939785e-01,9.290160240903025946e-01,-8.881170737519555658e+00,0.000000000000000000e+00,0.000000000000000000e+00,0.000000000000000000e+00,1.000000000000000056e-01
9.023559440861727010e-01,-2.306489520702766916e-01,3.640807754897740223e-01,4.237841199863181174e+01,2.752547953249374624e-01,9.584394710959810437e-01,-7.502384884743545923e-02,7.970085177837377799e+00,-3.316452137796938038e-01,1.679131952948881845e-01,9.283407838842813176e-01,-9.216682815880167468e+00,0.000000000000000000e+00,0.000000000000000000e+00,0.000000000000000000e+00,1.000000000000000056e-01
8.995582957645547051e-01,-2.331151113045463186e-01,3.693943927601485155e-01,4.332261129681457135e+01,2.804867474789425330e-01,9.565697356471176693e-01,-7.938214744315906513e-02,8.270684446797041289e+00,-3.348463184952968907e-01,1.750191010303518424e-01,9.258759405366756567e-01,-9.540941667214193345e+00,0.000000000000000000e+00,0.000000000000000000e+00,0.000000000000000000e+00,1.000000000000000056e-01
8.983245546626544842e-01,-2.312334676491281105e-01,3.735559903536592175e-01,4.423362128003022775e+01,2.799660355903618170e-01,9.565752818925967738e-01,-8.113414193738263669e-02,8.548489135221645441e+00,-3.385734977903021581e-01,1.774677816141812248e-01,9.240525813410087608e-01,-9.867542447239848968e+00,0.000000000000000000e+00,0.000000000000000000e+00,0.000000000000000000e+00,1.000000000000000056e-01
8.946437462234307914e-01,-2.446329499652584172e-01,3.738546336941684922e-01,4.503713084236458997e+01,2.950349016400587443e-01,9.518595046866076270e-01,-8.317385497863377664e-02,8.812461297910926916e+00,-3.355100209495185393e-01,1.847111342855684568e-01,9.237504114821234458e-01,-1.015300225455905370e+01,0.000000000000000000e+00,0.000000000000000000e+00,0.000000000000000000e+00,1.000000000000000056e-01
8.950474549883518094e-01,-2.466910029474032873e-01,3.715287369554051700e-01,4.588707383431143683e+01,2.981137587108463882e-01,9.505549354155049535e-01,-8.702586755968885757e-02,9.084174366913897458e+00,-3.316899760109817685e-01,1.886501095203220457e-01,9.243337578990636905e-01,-1.046580758607706052e+01,0.000000000000000000e+00,0.000000000000000000e+00,0.000000000000000000e+00,1.000000000000000056e-01
8.943644077996759645e-01,-2.474220926155676070e-01,3.726856774104265191e-01,4.671976666626103736e+01,3.000880511466531564e-01,9.496887268706535323e-01,-8.965759094355038594e-02,9.364265955053625134e+00,-3.317521177327112381e-01,1.920250768533391661e-01,9.236162093853326205e-01,-1.076980516251466646e+01,0.000000000000000000e+00,0.000000000000000000e+00,0.000000000000000000e+00,1.000000000000000056e-01
8.914840448820268159e-01,-2.501666778837344784e-01,3.777205726425239551e-01,4.755239979530725947e+01,3.045023739622630954e-01,9.481845495667732271e-01,-9.068828046777308027e-02,9.670727901754451850e+00,-3.354616251855440656e-01,1.958639661588400804e-01,9.214677448442796237e-01,-1.107457327884300824e+01,0.000000000000000000e+00,0.000000000000000000e+00,0.000000000000000000e+00,1.000000000000000056e-01
8.905344555529813855e-01,-2.474978216201491610e-01,3.816978016261501905e-01,4.843067460216141740e+01,3.047677101097432950e-01,9.475077222850075698e-01,-9.667346629112065493e-02,9.984447647080667565e+00,-3.377351423044669954e-01,2.024202176255074370e-01,9.192176179496472921e-01,-1.138935306573192285e+01,0.000000000000000000e+00,0.000000000000000000e+00,0.000000000000000000e+00,1.000000000000000056e-01
8.876119515035783003e-01,-2.481773189699279514e-01,3.880116517540524446e-01,4.924374126624903880e+01,3.087068617904204504e-01,9.457495311571044727e-01,-1.012812805982793579e-01,1.026136871875518075e+01,-3.418261210491668201e-01,2.096803344737312447e-01,9.160726282907183382e-01,-1.169597852863512522e+01,0.000000000000000000e+00,0.000000000000000000e+00,0.000000000000000000e+00,1.000000000000000056e-01
8.863324936647154484e-01,-2.518706771308135139e-01,3.885561383838283533e-01,5.009066462362355310e+01,3.144743525304100618e-01,9.433463100153882674e-01,-1.058471585869475151e-01,1.058236730473816678e+01,-3.398832038725459470e-01,2.160067160576646106e-01,9.153253554574553030e-01,-1.200356603804870659e+01,0.000000000000000000e+00,0.000000000000000000e+00,0.000000000000000000e+00,1.000000000000000056e-01
8.858271577880394432e-01,-2.530497984139636891e-01,3.889422142784403902e-01,5.099550356963558784e+01,3.168945677159984431e-01,9.422082852257833707e-01,-1.087261707408999495e-01,1.090406644684445148e+01,-3.389514411789015802e-01,2.195662696648580381e-01,9.148237938249117462e-01,-1.230595631445259563e+01,0.000000000000000000e+00,0.000000000000000000e+00,0.000000000000000000e+00,1.000000000000000056e-01
8.831135659091746692e-01,-2.581712539932707884e-01,3.917371993042325085e-01,5.185948679395838923e+01,3.240462890899176163e-01,9.394631424578538947e-01,-1.113687859782431927e-01,1.123751726075445667e+01,-3.392704411442816759e-01,2.252922714492360257e-01,9.133120825824041500e-01,-1.262758824816654268e+01,0.000000000000000000e+00,0.000000000000000000e+00,0.000000000000000000e+00,1.000000000000000056e-01
8.809368780785908903e-01,-2.601369552053783840e-01,3.953213646865304520e-01,5.269459928346220323e+01,3.277695750125393381e-01,9.379520493676780646e-01,-1.131947824905024519e-01,1.155102020309448640e+01,-3.413463381043441158e-01,2.292917739986495285e-01,9.115415294101015808e-01,-1.293344705129074690e+01,0.000000000000000000e+00,0.000000000000000000e+00,0.000000000000000000e+00,1.000000000000000056e-01
8.774182410648774244e-01,-2.623245756125326400e-01,4.016504043024498039e-01,5.353841249184093698e+01,3.320764106153050177e-01,9.363522948019732395e-01,-1.138843164440734024e-01,1.185042457846950725e+01,-3.462116227966243187e-01,2.333028012021783615e-01,9.086843870078019636e-01,-1.323458261823632398e+01,0.000000000000000000e+00,0.000000000000000000e+00,0.000000000000000000e+00,1.000000000000000056e-01
8.762704420852225340e-01,-2.678321328748668462e-01,4.005197384992011944e-01,5.436577240517184606e+01,3.357866585311500840e-01,9.356111371535015264e-01,-1.089913757451324849e-01,1.219994247581770530e+01,-3.455393353588758210e-01,2.299951056740805744e-01,9.097828417186789585e-01,-1.354186161007034173e+01,0.000000000000000000e+00,0.000000000000000000e+00,0.000000000000000000e+00,1.000000000000000056e-01
8.762236257905842152e-01,-2.721334647108160643e-01,3.977128800917684170e-01,5.518263860310952396e+01,3.411883828880247216e-01,9.331559825156593435e-01,-1.131830361736648333e-01,1.250978624038810949e+01,-3.403272616007377849e-01,2.348686647463247845e-01,9.105020951824446263e-01,-1.384585799846459331e+01,0.000000000000000000e+00,0.000000000000000000e+00,0.000000000000000000e+00,1.000000000000000056e-01
8.762945810189177731e-01,-2.779924766601324926e-01,3.934818803925349551e-01,5.599527799803135508e+01,3.461412874048723776e-01,9.313694305436843734e-01,-1.128591733198088531e-01,1.284141503068415169e+01,-3.351029937654645963e-01,2.350982066479853916e-01,9.123786586721130965e-01,-1.413179225816431384e+01,0.000000000000000000e+00,0.000000000000000000e+00,0.000000000000000000e+00,1.000000000000000056e-01
8.771951436195702945e-01,-2.800252260373976565e-01,3.900186569805934034e-01,5.683071832663279110e+01,3.497621798512055014e-01,9.291832100530251770e-01,-1.195197879068090885e-01,1.317933790122158833e+01,-3.289302320492514808e-01,2.412559531664658918e-01,9.130172328635235424e-01,-1.444717278093354373e+01,0.000000000000000000e+00,0.000000000000000000e+00,0.000000000000000000e+00,1.000000000000000056e-01
8.771956850154305485e-01,-2.839417412872357604e-01,3.871754353585490360e-01,5.765641484206692979e+01,3.529631653335695840e-01,9.280260165178673137e-01,-1.190996078233938077e-01,1.351193087278359428e+01,-3.254915269373639397e-01,2.411323292732673873e-01,9.142813930466001660e-01,-1.475399259518045270e+01,0.000000000000000000e+00,0.000000000000000000e+00,0.000000000000000000e+00,1.000000000000000056e-01
8.741024457877848430e-01,-2.879342079754325101e-01,3.912017460919277045e-01,5.851713972125612173e+01,3.582904275630687807e-01,9.259937238483539890e-01,-1.190108940817252020e-01,1.386282641883984112e+01,-3.279830541117727538e-01,2.441915544629228441e-01,9.125774492855361908e-01,-1.503997007640458428e+01,0.000000000000000000e+00,0.000000000000000000e+00,0.000000000000000000e+00,1.000000000000000056e-01
8.731399624520528313e-01,-2.912339231312270904e-01,3.909084393906358534e-01,5.933289663259086666e+01,3.629354257276981022e-01,9.237321140453483848e-01,-1.224616602580824304e-01,1.420642288861133551e+01,-3.254296893663551349e-01,2.488006903103486267e-01,9.122465312512904045e-01,-1.531764685142747418e+01,0.000000000000000000e+00,0.000000000000000000e+00,0.000000000000000000e+00,1.000000000000000056e-01
8.724715909149519666e-01,-2.959657005068292990e-01,3.888413907621391941e-01,6.006773949541491930e+01,3.680801463802780282e-01,9.214134239127090842e-01,-1.245564453335567950e-01,1.451357957745094041e+01,-3.214192416253356388e-01,2.517967560493186152e-01,9.128461342176095172e-01,-1.558489760027786453e+01,0.000000000000000000e+00,0.000000000000000000e+00,0.000000000000000000e+00,1.000000000000000056e-01
8.708009804375076435e-01,-3.023356777113800353e-01,3.876838795357319678e-01,6.079456562758866056e+01,3.748281472196970388e-01,9.185476973020448854e-01,-1.255945374328043540e-01,1.482435794983308242e+01,-3.181344252370757464e-01,2.546826766074039017e-01,9.131961573042037816e-01,-1.584471029562475586e+01,0.000000000000000000e+00,0.000000000000000000e+00,0.000000000000000000e+00,1.000000000000000056e-01
8.711435790907657850e-01,-3.038484803712617754e-01,3.857265424948168597e-01,6.150137154659454097e+01,3.772130186855515710e-01,9.170206078244539372e-01,-1.295513155448556331e-01,1.513445047974119007e+01,-3.143552180942198460e-01,2.583588701812732369e-01,9.134722169040454531e-01,-1.609805606968151892e+01,0.000000000000000000e+00,0.000000000000000000e+00,0.000000000000000000e+00,1.000000000000000056e-01
8.710958593474926737e-01,-3.088643063242544340e-01,3.818309103601885690e-01,6.221492861319033807e+01,3.829202437245586843e-01,9.139719441335887318e-01,-1.342660503723587806e-01,1.544445354791097280e+01,-3.075127489610435250e-01,2.631693857869971120e-01,9.144275715500472801e-01,-1.634916768112741536e+01,0.000000000000000000e+00,0.000000000000000000e+00,0.000000000000000000e+00,1.000000000000000056e-01
8.694451338744237923e-01,-3.121108264090640683e-01,3.829516826184948819e-01,6.288656040661970081e+01,3.872050084921566659e-01,9.119276691433177984e-01,-1.358683467531138778e-01,1.574701878877482564e+01,-3.068182533368480902e-01,2.664108824524377139e-01,9.137219495723188922e-01,-1.657780572327013502e+01,0.000000000000000000e+00,0.000000000000000000e+00,0.000000000000000000e+00,1.000000000000000056e-01
8.677581575258885849e-01,-3.174448466536585189e-01,3.823931868905489639e-01,6.356700396888579263e+01,3.931273865240037524e-01,9.091644064338282316e-01,-1.373715401334327235e-01,1.606595025280509148e+01,-3.040503872914514516e-01,2.695345087495477077e-01,9.137310931456028573e-01,-1.680307866300754327e+01,0.000000000000000000e+00,0.000000000000000000e+00,0.000000000000000000e+00,1.000000000000000056e-01
8.640433091892372186e-01,-3.234738568955004001e-01,3.857380247661119088e-01,6.423051233508694224e+01,4.014089663803596664e-01,9.051156983859374172e-01,-1.401299905258973078e-01,1.636168326278457030e+01,-3.038091531780495180e-01,2.759170825456192522e-01,9.119044697800040566e-01,-1.702357952356048187e+01,0.000000000000000000e+00,0.000000000000000000e+00,0.000000000000000000e+00,1.000000000000000056e-01
8.637408649690483387e-01,-3.264477893704260669e-01,3.839056641906734568e-01,6.484628194539232027e+01,4.044885248851843862e-01,9.034853293040300271e-01,-1.417860817167749810e-01,1.665391054776102919e+01,-3.005673824930572002e-01,2.777518686661718528e-01,9.124215845943813852e-01,-1.721935310217334703e+01,0.000000000000000000e+00,0.000000000000000000e+00,0.000000000000000000e+00,1.000000000000000056e-01
8.644371631242926401e-01,-3.326638337052078565e-01,3.769392056475140418e-01,6.543180194908850922e+01,4.087207961624221286e-01,9.016047140528290482e-01,-1.416200917316193242e-01,1.693676960883854221e+01,-2.927382820780037864e-01,2.764845625749659530e-01,9.153472482417527312e-01,-1.740216083131052471e+01,0.000000000000000000e+00,0.000000000000000000e+00,0.000000000000000000e+00,1.000000000000000056e-01
8.666342963357537288e-01,-3.330285569733061890e-01,3.715332779912323691e-01,6.601929282199056104e+01,4.092720371110231681e-01,9.003979611253111193e-01,-1.475801857986906163e-01,1.720397388682830098e+01,-2.853793896791186890e-01,2.799562320107558122e-01,9.166150293905908075e-01,-1.759104798796290936e+01,0.000000000000000000e+00,0.000000000000000000e+00,0.000000000000000000e+00,1.000000000000000056e-01
8.680568999987890999e-01,-3.339986877606863080e-01,3.673174307579643028e-01,6.665939924569957498e+01,4.101848639260332607e-01,8.993093353789510802e-01,-1.516281527495829118e-01,1.751144476813047390e+01,-2.796883904821112488e-01,2.822899145814615207e-01,9.176528800996144319e-01,-1.778935819323049472e+01,0.000000000000000000e+00,0.000000000000000000e+00,0.000000000000000000e+00,1.000000000000000056e-01
8.682744114451454998e-01,-3.380018095456638894e-01,3.631175060134705923e-01,6.726524357678277966e+01,4.134986700120885650e-01,8.975034070766518823e-01,-1.533182447852691199e-01,1.779978431669866623e+01,-2.740773546424805085e-01,2.832709145494089475e-01,9.190425412583040909e-01,-1.798077841512545660e+01,0.000000000000000000e+00,0.000000000000000000e+00,0.000000000000000000e+00,1.000000000000000056e-01
8.667815128339220188e-01,-3.410820245853050658e-01,3.638033280690640137e-01,6.785702609111727668e+01,4.170877430346561776e-01,8.957338648194965725e-01,-1.539436845920760799e-01,1.808920442532356887e+01,-2.733635374727110268e-01,2.851734488347702490e-01,9.186666862687948854e-01,-1.815496768085422374e+01,0.000000000000000000e+00,0.000000000000000000e+00,0.000000000000000000e+00,1.000000000000000056e-01
8.650358328566052357e-01,-3.481444517771132841e-01,3.612595307682451296e-01,6.840147783861822006e+01,4.246445534797784749e-01,8.915290815962121362e-01,-1.576480252593544518e-01,1.833611452010392284e+01,-2.671890923560297226e-01,2.897780829618205600e-01,9.190422468858182592e-01,-1.832461930371743719e+01,0.000000000000000000e+00,0.000000000000000000e+00,0.000000000000000000e+00,1.000000000000000056e-01
8.642249103226155027e-01,-3.547649846833044740e-01,3.567311452908505931e-01,6.890240314949117817e+01,4.312908501275462547e-01,8.875055308999186821e-01,-1.622409788503264005e-01,1.856857595424688512e+01,-2.590434461130519672e-01,2.940675743170408363e-01,9.200112796923557434e-01,-1.845581418737749502e+01,0.000000000000000000e+00,0.000000000000000000e+00,0.000000000000000000e+00,1.000000000000000056e-01
8.655456507726371207e-01,-3.543560258109908490e-01,3.539244741466922028e-01,6.944369575454372523e+01,4.328082578551766813e-01,8.848149768575955809e-01,-1.725672873428202303e-01,1.881688684384687349e+01,-2.520074172736571083e-01,3.025463000929493607e-01,9.192159691493223539e-01,-1.860993048603522837e+01,0.000000000000000000e+00,0.000000000000000000e+00,0.000000000000000000e+00,1.000000000000000056e-01
8.678471614863593198e-01,-3.528290972530142566e-01,3.497898403780362320e-01,6.998607202598802246e+01,4.321921000809811897e-01,8.833823326792650255e-01,-1.812336694373633261e-01,1.906598425120071028e+01,-2.450536531612213520e-01,3.084595312869475858e-01,9.191307984343558557e-01,-1.875390208441033124e+01,0.000000000000000000e+00,0.000000000000000000e+00,0.000000000000000000e+00,1.000000000000000056e-01
8.696424571806521397e-01,-3.545362089130025818e-01,3.435492297159075670e-01,7.049347085212501440e+01,4.323413823398294942e-01,8.828859324923998830e-01,-1.832849129729744730e-01,1.931634213928020571e+01,-2.383336438383867883e-01,3.079228909591185670e-01,9.210757663938922146e-01,-1.888663916301083034e+01,0.000000000000000000e+00,0.000000000000000000e+00,0.000000000000000000e+00,1.000000000000000056e-01
8.716337362613256756e-01,-3.533069023793835584e-01,3.397482340531095546e-01,7.099105920752633381e+01,4.290069418384258038e-01,8.851548171685958977e-01,-1.801499195050367819e-01,1.958592655292780549e+01,-2.370815759724136940e-01,3.027790983114825307e-01,9.231019141785603566e-01,-1.902032693429172028e+01,0.000000000000000000e+00,0.000000000000000000e+00,0.000000000000000000e+00,1.000000000000000056e-01
8.721789791110557966e-01,-3.505662738356291608e-01,3.411848707750670950e-01,7.148266823601419162e+01,4.280296918084340319e-01,8.845658026063600854e-01,-1.852941547641022424e-01,1.980510797850364568e+01,-2.368425876551207843e-01,3.076469218249530124e-01,9.215524728220622075e-01,-1.915463682431919068e+01,0.000000000000000000e+00,0.000000000000000000e+00,0.000000000000000000e+00,1.000000000000000056e-01
8.736344875148811528e-01,-3.477691018945189283e-01,3.403225440550343706e-01,7.200881610001006550e+01,4.261296199345325775e-01,8.844657093484866728e-01,-1.900893368948641249e-01,2.003823249425352060e+01,-2.348964223632660220e-01,3.110901167735132256e-01,9.208944619264359810e-01,-1.928101862877242922e+01,0.000000000000000000e+00,0.000000000000000000e+00,0.000000000000000000e+00,1.000000000000000056e-01
8.750568083155705335e-01,-3.437271048957153963e-01,3.407744996043229335e-01,7.250778504357292320e+01,4.227688017980666957e-01,8.855908971371849736e-01,-1.923416313073766093e-01,2.024682426428407567e+01,-2.356737627458640183e-01,3.123786808790985359e-01,9.202594402044678157e-01,-1.941084847571512029e+01,0.000000000000000000e+00,0.000000000000000000e+00,0.000000000000000000e+00,1.000000000000000056e-01
8.793584257222557543e-01,-3.384158115769094199e-01,3.349679053073859047e-01,7.296124450494411917e+01,4.160913873989574019e-01,8.881645048699691181e-01,-1.950173572313332326e-01,2.046942587335940544e+01,-2.315096465456393804e-01,3.108674166969326857e-01,9.218268453416230690e-01,-1.951479657787740152e+01,0.000000000000000000e+00,0.000000000000000000e+00,0.000000000000000000e+00,1.000000000000000056e-01
8.848026411149629844e-01,-3.311520086167187293e-01,3.278149378309334061e-01,7.341532361903198023e+01,4.067174868832608703e-01,8.921664767287622588e-01,-1.965193722378316410e-01,2.069678727472739155e+01,-2.273877132550275182e-01,3.072089272636775448e-01,9.240765676447757482e-01,-1.962799813495943368e+01,0.000000000000000000e+00,0.000000000000000000e+00,0.000000000000000000e+00,1.000000000000000056e-01
8.927951039665098509e-01,-3.157174751918747635e-01,3.213088517173107728e-01,7.386943391933600367e+01,3.888034203518659915e-01,9.002942461340917024e-01,-1.957094037100357564e-01,2.088262022100666471e+01,-2.274836316224071731e-01,2.996543779695459708e-01,9.265303292971933669e-01,-1.974628954798846081e+01,0.000000000000000000e+00,0.000000000000000000e+00,0.000000000000000000e+00,1.000000000000000056e-01
8.980193823228678207e-01,-3.028672105874162801e-01,3.191122713457639759e-01,7.434145748610799842e+01,3.763728646184156812e-01,9.044590962546585899e-01,-2.007416498416159378e-01,2.105906991709374054e+01,-2.278259330089150159e-01,3.003750920985357453e-01,9.262127986026826854e-01,-1.985038410616007098e+01,0.000000000000000000e+00,0.000000000000000000e+00,0.000000000000000000e+00,1.000000000000000056e-01
9.050014130973192961e-01,-2.822727066319243305e-01,3.182680652885909178e-01,7.480669856389523886e+01,3.570474847115194250e-01,9.107395869092060892e-01,-2.075343308891950400e-01,2.123549172296181098e+01,-2.312780490081851048e-01,3.014556748962211596e-01,9.250053730221415860e-01,-1.997043569060621948e+01,0.000000000000000000e+00,0.000000000000000000e+00,0.000000000000000000e+00,1.000000000000000056e-01
9.123975772855414945e-01,-2.592374382471899219e-01,3.167437632764196764e-01,7.525393914723470346e+01,3.344599795164030498e-01,9.182868762047110556e-01,-2.118625381989013290e-01,2.142998158314462032e+01,-2.359389392731972568e-01,2.992409791476228209e-01,9.245472693883263204e-01,-2.006755822835313197e+01,0.000000000000000000e+00,0.000000000000000000e+00,0.000000000000000000e+00,1.000000000000000056e-01
9.210227872580309949e-01,-2.322843525091604078e-01,3.126675629656008870e-01,7.568542350125947848e+01,3.078148006741434073e-01,9.259372196101324226e-01,-2.188385565356222862e-01,2.153302338680880723e+01,-2.386777615057281976e-01,2.977990008714896386e-01,9.243098404986053174e-01,-2.019535048919620479e+01,0.000000000000000000e+00,0.000000000000000000e+00,0.000000000000000000e+00,1.000000000000000056e-01
