9.999913854597960450e-01,-3.956298437216633143e-03,-1.255670686608206668e-03,6.510230430744117225e-01,3.952629544977865825e-03,9.999879512881403310e-01,-2.911013264843915083e-03,1.373378580580646158e-02,1.267172394624332130e-03,2.906024986748460392e-03,9.999949746338221424e-01,1.078382410263769263e-02,0.000000000000000000e+00,0.000000000000000000e+00,0.000000000000000000e+00,1.000000000000000056e-01
9.999676696938711862e-01,-7.421660750562766515e-03,-3.094918207708353009e-03,1.329177427947962009e+00,7.416064959707594634e-03,9.999708523070430788e-01,-1.815631250870197071e-03,1.256340004516428958e-02,3.108302997174787041e-03,1.792620436482692632e-03,9.999935624615032825e-01,1.499866816323959864e-02,0.000000000000000000e+00,0.000000000000000000e+00,0.000000000000000000e+00,1.000000000000000056e-01
9.999264994059208211e-01,-1.182298633466911594e-02,-2.685661920522230701e-03,2.045640825870526314e+00,1.181954015902889413e-02,9.999293076491514443e-01,-1.295443830446446707e-03,1.384530878291540153e-02,2.700788079472184449e-03,1.263605325632125541e-03,9.999955545127842127e-01,1.184534922338764153e-02,0.000000000000000000e+00,0.000000000000000000e+00,0.000000000000000000e+00,1.000000000000000056e-01
9.998225358128199902e-01,-1.866571027996172943e-02,-2.547182868728467033e-03,2.754639497310053198e+00,1.866941798039061656e-02,9.998246747129907464e-01,1.439676121788820975e-03,2.217300356566423089e-02,2.519863705774652921e-03,-1.486975052484847603e-03,9.999957195868878213e-01,1.905001631140227497e-02,0.000000000000000000e+00,0.000000000000000000e+00,0.000000000000000000e+00,1.000000000000000056e-01
9.997105633711147465e-01,-2.385740082927507999e-02,-3.100630561627567856e-03,3.467061924970671338e+00,2.385756602819550515e-02,9.997153676310006620e-01,1.629795972718133597e-05,3.839273534060527043e-02,3.099359194847509536e-03,-9.026674085373081319e-05,9.999951929006942741e-01,3.147567019349147011e-02,0.000000000000000000e+00,0.000000000000000000e+00,0.000000000000000000e+00,1.000000000000000056e-01
9.995819553784521805e-01,-2.875874713202016333e-02,-2.974717665016286382e-03,4.208764402854732189e+00,2.876528674732621235e-02,9.995838174743655324e-01,2.179477395715834209e-03,6.066546247361066097e-02,2.910800600202064544e-03,-2.264134883539299994e-03,9.999932004434305410e-01,4.050286324689404693e-02,0.000000000000000000e+00,0.000000000000000000e+00,0.000000000000000000e+00,1.000000000000000056e-01
9.994809304952236850e-01,-3.199968419615440568e-02,-3.726900555180491428e-03,4.973753188410850790e+00,3.201441189168425377e-02,9.994795566535662479e-01,3.961472304612113915e-03,8.997116195534418659e-02,3.598195051884328210e-03,-4.078730554597669034e-03,9.999852083653195667e-01,5.088026427543038133e-02,0.000000000000000000e+00,0.000000000000000000e+00,0.000000000000000000e+00,1.000000000000000056e-01
9.993412983754607071e-01,-3.616576374437279612e-02,-3.001148785810113951e-03,5.746056408684479422e+00,3.617754314654859221e-02,9.993375001241388000e-01,3.968150389845024467e-03,1.227079056131553519e-01,2.855649335610798301e-03,-4.074110752424675228e-03,9.999876233676340265e-01,5.193747142901593977e-02,0.000000000000000000e+00,0.000000000000000000e+00,0.000000000000000000e+00,1.000000000000000056e-01
9.991759575299975493e-01,-4.056977987621456644e-02,-1.224277259445577179e-03,6.538299693949711333e+00,4.057453189289856460e-02,9.991679182654480407e-01,4.144691877941778999e-03,1.661592818353654077e-01,1.055109323557132731e-03,-4.190950952518405007e-03,9.999906612936086958e-01,5.723997788693986621e-02,0.000000000000000000e+00,0.000000000000000000e+00,0.000000000000000000e+00,1.000000000000000056e-01
9.990759454386377580e-01,-4.297905462414761818e-02,2.368744535221725981e-04,7.347307948018244161e+00,4.297825451035735406e-02,9.990723158711255492e-01,2.716118397439762529e-03,1.997721721716981258e-01,-3.533909098203200788e-04,-2.703428105294930668e-03,9.999962832887652198e-01,7.041311228244770404e-02,0.000000000000000000e+00,0.000000000000000000e+00,0.000000000000000000e+00,1.000000000000000056e-01
9.989458024781254775e-01,-4.590075105370362146e-02,-6.362106882031274158e-04,8.164940678338716396e+00,4.590214666792646198e-02,9.989430887947462478e-01,2.387107137904971154e-03,2.431044465058124493e-01,5.259682595223683609e-04,-2.413794091797344821e-03,9.999969484730802938e-01,8.151932230785871591e-02,0.000000000000000000e+00,0.000000000000000000e+00,0.000000000000000000e+00,1.000000000000000056e-01
9.988959942217463528e-01,-4.695475512400783952e-02,-1.429580005937876883e-03,8.992312824991643083e+00,4.695703193707461559e-02,9.988956238665553933e-01,1.603050811969441080e-03,2.962083098189806085e-01,1.352730353571102205e-03,-1.668409868605620844e-03,9.999976932618899195e-01,9.216929138133234112e-02,0.000000000000000000e+00,0.000000000000000000e+00,0.000000000000000000e+00,1.000000000000000056e-01
9.988800655544564089e-01,-4.731221271188979643e-02,-4.112982247295241521e-04,9.734031676304359948e+00,4.731292728758692417e-02,9.988782167206545770e-01,1.948094567674202391e-03,3.922133161421030856e-01,3.186681726895192386e-04,-1.965372552464829479e-03,9.999980178786984641e-01,1.046863229547029955e-01,0.000000000000000000e+00,0.000000000000000000e+00,0.000000000000000000e+00,1.000000000000000056e-01
9.987981954729768796e-01,-4.900771872567694087e-02,-6.389250582175275183e-04,1.051845155091475270e+01,4.900836119690671344e-02,9.987978351773444396e-01,1.031977637243311615e-03,4.639837729996355020e-01,5.875820952110163845e-04,-1.062050071877965315e-03,9.999992633981917844e-01,1.089357815355110198e-01,0.000000000000000000e+00,0.000000000000000000e+00,0.000000000000000000e+00,1.000000000000000056e-01
9.987718485566851045e-01,-4.954249322278416606e-02,-5.795652960329947603e-04,1.134690418438997384e+01,4.954240422119909198e-02,9.987720071748998896e-01,-1.669365300744426615e-04,5.056746909331845119e-01,5.871240459176373799e-04,1.380184485654442075e-04,9.999998181181147805e-01,1.184831787948484316e-01,0.000000000000000000e+00,0.000000000000000000e+00,0.000000000000000000e+00,1.000000000000000056e-01
9.985741813845535608e-01,-5.333450505519156393e-02,-2.243845513071959005e-03,1.223571469451581883e+01,5.333869401876456529e-02,9.985747643133302542e-01,1.850350493730170635e-03,5.742345453048942616e-01,2.141959976609626639e-03,-1.967396018798232664e-03,9.999957706712383487e-01,1.251727132323958158e-01,0.000000000000000000e+00,0.000000000000000000e+00,0.000000000000000000e+00,1.000000000000000056e-01
9.985115616598562172e-01,-5.447215856543303342e-02,-2.728584398076782953e-03,1.313772715248122047e+01,5.448530058493843836e-02,9.985020593199993577e-01,4.998955279794038871e-03,6.423980832526237084e-01,2.452193255845639460e-03,-5.140182384195516631e-03,9.999837825051429707e-01,1.331394825237154078e-01,0.000000000000000000e+00,0.000000000000000000e+00,0.000000000000000000e+00,1.000000000000000056e-01
9.985241867027082607e-01,-5.401466055991212961e-02,-5.644910476928961980e-03,1.400064467176594007e+01,5.405040950865048349e-02,9.985177955634212399e-01,6.384761163338899780e-03,7.059552320172289841e-01,5.291672858582108056e-03,-6.680448170831693698e-03,9.999636842458803354e-01,1.425871299423101257e-01,0.000000000000000000e+00,0.000000000000000000e+00,0.000000000000000000e+00,1.000000000000000056e-01
9.973932255532758084e-01,-7.203458209858856764e-02,-4.215756434376042271e-03,1.500377396650048212e+01,7.205540542852728603e-02,9.973880206047681662e-01,5.015466342530022249e-03,7.862252308404653611e-01,3.843457943420449611e-03,-5.306160192096798407e-03,9.999785360171752346e-01,1.489496769259978370e-01,0.000000000000000000e+00,0.000000000000000000e+00,0.000000000000000000e+00,1.000000000000000056e-01
9.969643529810456872e-01,-7.779467663509651021e-02,-3.172880761344415348e-03,1.598989425500305295e+01,7.779999471963969238e-02,9.969677215052119568e-01,1.588426369133094304e-03,8.935967447364377980e-01,3.039688587499894245e-03,-1.830454573839449071e-03,9.999937048448576116e-01,1.502198578880290236e-01,0.000000000000000000e+00,0.000000000000000000e+00,0.000000000000000000e+00,1.000000000000000056e-01
9.966821032357464638e-01,-8.137785033810868152e-02,-1.559026592851576239e-03,1.691905347397941028e+01,8.138029498338875123e-02,9.966818792296404661e-01,1.574548725484878169e-03,9.808085694428468893e-01,1.425720163799724331e-03,-1.696198579376641171e-03,9.999975451131837278e-01,1.644154134400661327e-01,0.000000000000000000e+00,0.000000000000000000e+00,0.000000000000000000e+00,1.000000000000000056e-01
9.965257303374522868e-01,-8.327392018943918783e-02,-1.386719759121758742e-03,1.780214217913268371e+01,8.327498653503795367e-02,9.965263388769862729e-01,7.297547664944940620e-04,1.061523192636762758e+00,1.321133224423057338e-03,-8.426984709168980478e-04,9.999987722323915307e-01,1.790999844687036491e-01,0.000000000000000000e+00,0.000000000000000000e+00,0.000000000000000000e+00,1.000000000000000056e-01
9.962327273122104643e-01,-8.670908446143632542e-02,-1.373937383692041018e-03,1.872697867922414261e+01,8.670758332741126950e-02,9.962331792040154399e-01,-1.116981011471637406e-03,1.145751915974424051e+00,1.465614408648283898e-03,9.936422492312180048e-04,9.999984323235140415e-01,1.880948836818353287e-01,0.000000000000000000e+00,0.000000000000000000e+00,0.000000000000000000e+00,1.000000000000000056e-01
9.960382640025102763e-01,-8.889769851237368237e-02,-2.230659559138091583e-03,1.966202981645646730e+01,8.888794244017979296e-02,9.960330012970264324e-01,-4.146566771314365643e-03,1.224733159866657539e+00,2.590430778257946706e-03,3.931860429974150598e-03,9.999889150095325752e-01,2.093204722721048461e-01,0.000000000000000000e+00,0.000000000000000000e+00,0.000000000000000000e+00,1.000000000000000056e-01
9.958764653610775452e-01,-9.071620462901280879e-02,-7.974695189556472042e-04,2.058841597207787544e+01,9.070998819466918883e-02,9.958599597437438611e-01,-5.885458428359061425e-03,1.303302028158187520e+00,1.328074414166602107e-03,5.788851086013709416e-03,9.999823625551874651e-01,2.199406283573061838e-01,0.000000000000000000e+00,0.000000000000000000e+00,0.000000000000000000e+00,1.000000000000000056e-01
9.965168595177564814e-01,-8.335568720931917086e-02,2.445016713650378752e-03,2.150339452850124289e+01,8.336852289979944375e-02,9.965023297241922817e-01,-5.726800482196457015e-03,1.368799617261041712e+00,-1.959103461663044832e-03,5.910690663485540508e-03,9.999806126368185888e-01,2.247178417805315298e-01,0.000000000000000000e+00,0.000000000000000000e+00,0.000000000000000000e+00,1.000000000000000056e-01
9.966381551816364537e-01,-8.182032732654659357e-02,4.221572256997301736e-03,2.245787411849494575e+01,8.184442463563024184e-02,9.966277039643122171e-01,-5.891506334205998292e-03,1.456782294329702632e+00,-3.725290888899503074e-03,6.217212156595674534e-03,9.999737338954423072e-01,2.377287030423051450e-01,0.000000000000000000e+00,0.000000000000000000e+00,0.000000000000000000e+00,1.000000000000000056e-01
9.967258158260076106e-01,-8.048246001404676941e-02,7.760263917355830939e-03,2.342601279604409825e+01,8.053695866383792090e-02,9.967271409185574083e-01,-6.986046485491949690e-03,1.540796289008797615e+00,-7.172611460194644288e-03,7.588160936982935728e-03,9.999454852432884122e-01,2.474247843507792755e-01,0.000000000000000000e+00,0.000000000000000000e+00,0.000000000000000000e+00,1.000000000000000056e-01
9.967996504371925415e-01,-7.949241131569451113e-02,8.450646809986261249e-03,2.434853537348198671e+01,7.956898841927029231e-02,9.967873839855050377e-01,-9.148071341405787996e-03,1.607062507189912282e+00,-7.696295876895312138e-03,9.791203733446928251e-03,9.999224466723534155e-01,2.527540447097201826e-01,0.000000000000000000e+00,0.000000000000000000e+00,0.000000000000000000e+00,1.000000000000000056e-01
9.969879984485711111e-01,-7.725377845804329291e-02,6.839931539677195776e-03,2.529272017843599230e+01,7.732482324075207192e-02,9.969472915430031001e-01,-1.081524830305463473e-02,1.687386444118630591e+00,-5.983532426447831648e-03,1.131156925567112885e-02,9.999181195181312543e-01,2.657809120071000786e-01,0.000000000000000000e+00,0.000000000000000000e+00,0.000000000000000000e+00,1.000000000000000056e-01
9.973789217529314133e-01,-7.234810101653194048e-02,1.019177247392068436e-03,2.623675520345384982e+01,7.235485093159282899e-02,9.973225381558865621e-01,-1.060803624461732243e-02,1.779595098739545023e+00,-2.489771613871818285e-04,1.065397416938036572e-02,9.999432138100499134e-01,2.628744436718417621e-01,0.000000000000000000e+00,0.000000000000000000e+00,0.000000000000000000e+00,1.000000000000000056e-01
9.974935310653069154e-01,-7.075350022586529564e-02,-7.731032621959394672e-04,2.718366886505947022e+01,7.073923434470683058e-02,9.974231146350331922e-01,-1.196206989086685823e-02,1.841704996405852279e+00,1.617469378439243119e-03,1.187739860145363771e-02,9.999281530166415077e-01,2.752587702829639160e-01,0.000000000000000000e+00,0.000000000000000000e+00,0.000000000000000000e+00,1.000000000000000056e-01
9.975461639535543323e-01,-6.995211418057314945e-02,2.890069759798863033e-03,2.813571913742340058e+01,6.998267510805741831e-02,9.974717638048967716e-01,-1.234931563562389860e-02,1.914664157760111118e+00,-2.018902243430665752e-03,1.252126725280789353e-02,9.999195677153813744e-01,2.854827860515545823e-01,0.000000000000000000e+00,0.000000000000000000e+00,0.000000000000000000e+00,1.000000000000000056e-01
9.975119868488795394e-01,-7.001444164477343968e-02,8.234928898983277443e-03,2.913223802605976687e+01,7.013468084461416119e-02,9.974193906400562470e-01,-1.535205908153402382e-02,1.983207156199312315e+00,-7.138811919696912492e-03,1.589141706675067239e-02,9.998482385982313536e-01,2.929780339652510168e-01,0.000000000000000000e+00,0.000000000000000000e+00,0.000000000000000000e+00,1.000000000000000056e-01
9.975376737341586919e-01,-6.931150895779462917e-02,1.070066385963135483e-02,3.008281689850127094e+01,6.949894890911488543e-02,9.974147095345211600e-01,-1.827001107539199046e-02,2.044432057548402071e+00,-9.406677499069718285e-03,1.896870923811797352e-02,9.997758261171691974e-01,2.933090471215252237e-01,0.000000000000000000e+00,0.000000000000000000e+00,0.000000000000000000e+00,1.000000000000000056e-01
9.976008760159084110e-01,-6.839552448013758168e-02,1.070254191204096129e-02,3.100515955170582316e+01,6.865063337266141819e-02,9.973115289841498754e-01,-2.562820112356028676e-02,2.099806841148330161e+00,-8.920914180986160361e-03,2.630145217253469433e-02,9.996142510507697310e-01,3.064587080513213602e-01,0.000000000000000000e+00,0.000000000000000000e+00,0.000000000000000000e+00,1.000000000000000056e-01
9.977156472168430268e-01,-6.710720098781468301e-02,7.753120291674719597e-03,3.194945183671422129e+01,6.729093161977574289e-02,9.973801515142065588e-01,-2.654738946188704707e-02,2.165167864243333629e+00,-5.951287290897753351e-03,2.700846054627121379e-02,9.996174894620950546e-01,3.121386169437225244e-01,0.000000000000000000e+00,0.000000000000000000e+00,0.000000000000000000e+00,1.000000000000000056e-01
9.976955803404249368e-01,-6.768770040325745863e-02,4.680190519789408435e-03,3.291774759122569094e+01,6.779049665694029947e-02,9.973278791535803434e-01,-2.723141615904134047e-02,2.234564993683008982e+00,-2.824452546606648698e-03,2.748593598807200569e-02,9.996182000097194598e-01,3.149153114545089616e-01,0.000000000000000000e+00,0.000000000000000000e+00,0.000000000000000000e+00,1.000000000000000056e-01
9.977112610696884376e-01,-6.757332924151732145e-02,2.466720484669207916e-03,3.388483314224541942e+01,6.761676970753360827e-02,9.972724496208444922e-01,-2.959110815022897994e-02,2.295118581520866563e+00,-4.604226866192085831e-04,2.969017349995922705e-02,9.995590435829651010e-01,3.181324615431340708e-01,0.000000000000000000e+00,0.000000000000000000e+00,0.000000000000000000e+00,1.000000000000000056e-01
9.977563350781495366e-01,-6.663721145735754248e-02,6.463579550584856032e-03,3.485372422431391470e+01,6.680208463573900080e-02,9.973151627072011083e-01,-2.999912869782300068e-02,2.362921199676408790e+00,-4.447167608589160104e-03,3.036360129326561713e-02,9.995290263002694076e-01,3.319973196931491066e-01,0.000000000000000000e+00,0.000000000000000000e+00,0.000000000000000000e+00,1.000000000000000056e-01
9.977121364485260768e-01,-6.712356593779246483e-02,8.057274918513350134e-03,3.583120995612505055e+01,6.731489322980625800e-02,9.973811495004991645e-01,-2.644896539607487218e-02,2.438753977318651511e+00,-6.260825247318562575e-03,2.693082837303392013e-02,9.996176931959361855e-01,3.370143724981230493e-01,0.000000000000000000e+00,0.000000000000000000e+00,0.000000000000000000e+00,1.000000000000000056e-01
9.975895766844974366e-01,-6.892162840970800231e-02,8.052678299751885385e-03,3.682352133683939854e+01,6.911614668302606956e-02,9.972409806500077689e-01,-2.708107789400639523e-02,2.519275170437776712e+00,-6.163988816958541200e-03,2.757237112699861478e-02,9.996008051178727483e-01,3.520863005237162002e-01,0.000000000000000000e+00,0.000000000000000000e+00,0.000000000000000000e+00,1.000000000000000056e-01
9.975280109982423982e-01,-6.964843970777950810e-02,9.325348259565179043e-03,3.782996802960850147e+01,6.987264138271673253e-02,9.972070584745588162e-01,-2.637985054393001544e-02,2.598359545078222865e+00,-7.461987677062694758e-03,2.696622655822695364e-02,9.996084940441021249e-01,3.566526398758297911e-01,0.000000000000000000e+00,0.000000000000000000e+00,0.000000000000000000e+00,1.000000000000000056e-01
9.974674773828590135e-01,-7.003189911336413220e-02,1.241630661876823652e-02,3.882570459742364477e+01,7.033713170802097236e-02,9.971807707780322438e-01,-2.613806216263830570e-02,2.675488919075761363e+00,-1.055080407192696829e-02,2.694519432301465886e-02,9.995812308343583474e-01,3.794728627245381181e-01,0.000000000000000000e+00,0.000000000000000000e+00,0.000000000000000000e+00,1.000000000000000056e-01
9.974776183866901347e-01,-6.971446742347260639e-02,1.335267199769949592e-02,3.983459757423115377e+01,7.002305950665636824e-02,9.972509090569380286e-01,-2.423624398371277550e-02,2.746724406890780568e+00,-1.162634744637506407e-02,2.511010587338034089e-02,9.996170820009449010e-01,3.806152333973544244e-01,0.000000000000000000e+00,0.000000000000000000e+00,0.000000000000000000e+00,1.000000000000000056e-01
9.973719119379718112e-01,-7.151258089459386347e-02,1.162841566976335721e-02,4.084202790872605959e+01,7.180593998586451421e-02,9.970491333010126356e-01,-2.714650560285640502e-02,2.826518018660724607e+00,-9.652785087271657447e-03,2.791015151326946969e-02,9.995638284684802422e-01,3.947078652444875324e-01,0.000000000000000000e+00,0.000000000000000000e+00,0.000000000000000000e+00,1.000000000000000056e-01
9.974430542776826503e-01,-7.079514696452406108e-02,9.767325093355642973e-03,4.185455999995203058e+01,7.101351421756936511e-02,9.971819337063299038e-01,-2.419239318826926430e-02,2.894872937143790459e+00,-8.027096092543664629e-03,2.482414663137853458e-02,9.996596058020674747e-01,4.220214087920314827e-01,0.000000000000000000e+00,0.000000000000000000e+00,0.000000000000000000e+00,1.000000000000000056e-01
9.975877433519128035e-01,-6.890843325446550927e-02,8.385829741473536242e-03,4.288299971454071624e+01,6.908650242036369626e-02,9.973405294467843074e-01,-2.321472606190136054e-02,2.960621511473153777e+00,-6.763837472854574914e-03,2.373807383135608309e-02,9.996953307650375820e-01,4.344017148844601661e-01,0.000000000000000000e+00,0.000000000000000000e+00,0.000000000000000000e+00,1.000000000000000056e-01
9.974659274316646229e-01,-7.060273139101083673e-02,8.773706914298603013e-03,4.391296358310510328e+01,7.079317352265490637e-02,9.972089806885391372e-01,-2.371867232195171496e-02,3.035213557074549318e+00,-7.074616277969536862e-03,2.427968604108417597e-02,9.996801721802157648e-01,4.431372979476780327e-01,0.000000000000000000e+00,0.000000000000000000e+00,0.000000000000000000e+00,1.000000000000000056e-01
9.975515482086478869e-01,-6.922303080280668708e-02,9.953927516480741422e-03,4.490877030691816429e+01,6.946473965454245947e-02,9.972342257596653603e-01,-2.643007601667926240e-02,3.108564301080289471e+00,-8.096827233942390650e-03,2.705681023318317127e-02,9.996011056460217814e-01,4.524586554328016708e-01,0.000000000000000000e+00,0.000000000000000000e+00,0.000000000000000000e+00,1.000000000000000056e-01
9.975870064151579619e-01,-6.881010950576472995e-02,9.237611241451853042e-03,4.589076494160192965e+01,6.904121230126801512e-02,9.972318729896141321e-01,-2.760258135749782751e-02,3.193234996621557187e+00,-7.312703714411740094e-03,2.817375238463476136e-02,9.995762922563512509e-01,4.604466547494018291e-01,0.000000000000000000e+00,0.000000000000000000e+00,0.000000000000000000e+00,1.000000000000000056e-01
9.971258514970003928e-01,-7.548681198981099794e-02,6.463551036144610414e-03,4.680655029363323649e+01,7.564344663836120031e-02,9.967138393605944335e-01,-2.897570374870221677e-02,3.258375065424035544e+00,-4.255027267988097626e-03,2.938134855104645310e-02,9.995592184059284291e-01,4.747125645938739535e-01,0.000000000000000000e+00,0.000000000000000000e+00,0.000000000000000000e+00,1.000000000000000056e-01
9.972273764357374448e-01,-7.438827175657068691e-02,1.986129947057085204e-03,4.776000717319907807e+01,7.441473014862319546e-02,9.969027536669421430e-01,-2.544302788930003639e-02,3.331377285800074528e+00,-8.731554042232855112e-05,2.552028127467832752e-02,9.996743007698345451e-01,4.810823472754274244e-01,0.000000000000000000e+00,0.000000000000000000e+00,0.000000000000000000e+00,1.000000000000000056e-01
9.974929725950421044e-01,-7.076352220548445815e-02,5.418012369783658166e-04,4.870897203902854500e+01,7.075185708659922912e-02,9.971192145933047701e-01,-2.733946977592173824e-02,3.414279225145107954e+00,1.394396752693059793e-03,2.730926241964452481e-02,9.996260600063361368e-01,4.962597720524978273e-01,0.000000000000000000e+00,0.000000000000000000e+00,0.000000000000000000e+00,1.000000000000000056e-01
9.977649090077987948e-01,-6.672950594612768460e-02,3.515592246639871396e-03,4.966794317407621406e+01,6.680257036535176829e-02,9.973628704204688944e-01,-2.836761003724389690e-02,3.484256807910237619e+00,-1.613364571678989681e-03,2.853905644601142239e-02,9.995913761692475363e-01,5.041731842597436675e-01,0.000000000000000000e+00,0.000000000000000000e+00,0.000000000000000000e+00,1.000000000000000056e-01
9.978183489030242326e-01,-6.571758431237763320e-02,6.304102203183536632e-03,5.066847926000644264e+01,6.588222316286433677e-02,9.973463928971288972e-01,-3.097910983557162698e-02,3.559223698011589221e+00,-4.251501330258358399e-03,3.132685249480716277e-02,9.995001516003924058e-01,5.259337361396051458e-01,0.000000000000000000e+00,0.000000000000000000e+00,0.000000000000000000e+00,1.000000000000000056e-01
9.979206045886224175e-01,-6.419008075519373746e-02,5.839560781422181886e-03,5.160983797112385929e+01,6.434112246711952421e-02,9.974451864396328693e-01,-3.103739692817450435e-02,3.634998093329105284e+00,-3.832348777100693001e-03,3.134858180281262924e-02,9.995011653428939047e-01,5.385816147000040965e-01,0.000000000000000000e+00,0.000000000000000000e+00,0.000000000000000000e+00,1.000000000000000056e-01
9.981557352964813834e-01,-6.057137364796520707e-02,4.029489935364101091e-03,5.255819738398663787e+01,6.067309525907442491e-02,9.975870966344591029e-01,-3.374552029697756167e-02,3.693482382810090670e+00,-1.975754646684426200e-03,3.392776625168580223e-02,9.994223346867664448e-01,5.491458667955320117e-01,0.000000000000000000e+00,0.000000000000000000e+00,0.000000000000000000e+00,1.000000000000000056e-01
9.981614326800809511e-01,-6.046646552035281341e-02,4.190567685195444730e-03,5.353406561204278091e+01,6.058125475628256540e-02,9.974599799829197977e-01,-3.746331411698154701e-02,3.760333505654610331e+00,-1.914649368059508690e-03,3.764830514046046961e-02,9.992892170126965734e-01,5.689615920719399700e-01,0.000000000000000000e+00,0.000000000000000000e+00,0.000000000000000000e+00,1.000000000000000056e-01
9.981508209524906361e-01,-6.068919882183745201e-02,3.429253305374520104e-03,5.449468313776328898e+01,6.077212922266942569e-02,9.975390744016575661e-01,-3.496488741047918541e-02,3.833194231441577227e+00,-1.298823164294390974e-03,3.510863409829268617e-02,9.993826578794231530e-01,5.826366680665551190e-01,0.000000000000000000e+00,0.000000000000000000e+00,0.000000000000000000e+00,1.000000000000000056e-01
9.980212497451734777e-01,-6.244446086684841968e-02,7.367113690634597041e-03,5.542814579676085884e+01,6.267834339237611518e-02,9.973261783062432606e-01,-3.757551509495028058e-02,3.900297934416328438e+00,-5.001032560329912550e-03,3.796292101659317492e-02,9.992666342379387112e-01,5.991926483107009593e-01,0.000000000000000000e+00,0.000000000000000000e+00,0.000000000000000000e+00,1.000000000000000056e-01
9.979409977476862981e-01,-6.297730824879596567e-02,1.215004774017693426e-02,5.640006930222297399e+01,6.339105635715516773e-02,9.972891625460446052e-01,-3.736174838163897061e-02,3.958966209481193932e+00,-9.764168591151086568e-03,3.805502481861047781e-02,9.992279400105755771e-01,6.256885210736287117e-01,0.000000000000000000e+00,0.000000000000000000e+00,0.000000000000000000e+00,1.000000000000000056e-01
9.978586421018285080e-01,-6.396290434732640473e-02,1.367030541537623232e-02,5.737141797013247668e+01,6.441506947556502327e-02,9.972847440776743122e-01,-3.569086794105496424e-02,4.056219537468707337e+00,-1.135029546545037425e-02,3.649501469218043720e-02,9.992693754416095420e-01,6.230879954459672687e-01,0.000000000000000000e+00,0.000000000000000000e+00,0.000000000000000000e+00,1.000000000000000056e-01
9.978348790438316129e-01,-6.498574624387376542e-02,1.011963184650197661e-02,5.828499955733162352e+01,6.530152830151178533e-02,9.972568580235112723e-01,-3.484923997106747356e-02,4.124112328957554752e+00,-7.827168394045572880e-03,3.543461457672480303e-02,9.993413448490612305e-01,6.335375922149024674e-01,0.000000000000000000e+00,0.000000000000000000e+00,0.000000000000000000e+00,1.000000000000000056e-01
9.977522575869089971e-01,-6.692058789444299549e-02,3.473815782191553604e-03,5.920149533763500926e+01,6.700039725314788086e-02,9.971661916130565295e-01,-3.421305411438019944e-02,4.188140382129911465e+00,-1.174413958894567718e-03,3.436889901895701788e-02,9.994085248446091807e-01,6.452173307388530121e-01,0.000000000000000000e+00,0.000000000000000000e+00,0.000000000000000000e+00,1.000000000000000056e-01
9.977835744353816816e-01,-6.654256966682535468e-02,1.581426216992890595e-04,6.014482427907599060e+01,6.650710340157790779e-02,9.971683496545022951e-01,-3.510110602884169290e-02,4.255872799059700284e+00,2.178022976216905868e-03,3.503382464778654476e-02,9.993837537935381654e-01,6.635945757419878799e-01,0.000000000000000000e+00,0.000000000000000000e+00,0.000000000000000000e+00,1.000000000000000056e-01
9.977904924066726133e-01,-6.643887262930564530e-02,-9.729643773282586894e-05,6.105397303588991065e+01,6.640030565790780437e-02,9.972590854126942572e-01,-3.263917845738564111e-02,4.333631166854496897e+00,2.265539976762771801e-03,3.256060143153919478e-02,9.994671953411128351e-01,6.691706500478915576e-01,0.000000000000000000e+00,0.000000000000000000e+00,0.000000000000000000e+00,1.000000000000000056e-01
9.977366414131298988e-01,-6.715982775464561516e-02,3.339448699086282855e-03,6.196943919638069076e+01,6.723083867548097781e-02,9.972649496579033546e-01,-3.070235357119864214e-02,4.395090376239590313e+00,-1.268350361275503340e-03,3.085737707235946051e-02,9.995229930159562626e-01,6.894322779288504233e-01,0.000000000000000000e+00,0.000000000000000000e+00,0.000000000000000000e+00,1.000000000000000056e-01
9.975737828473625335e-01,-6.947727787039020830e-02,4.410854262362607844e-03,6.286127384388008466e+01,6.957879812963627120e-02,9.971238319955115781e-01,-3.004753762660257455e-02,4.466121930919564775e+00,-2.310546783456267003e-03,3.028153771371856762e-02,9.995387385425610338e-01,7.038248457908629074e-01,0.000000000000000000e+00,0.000000000000000000e+00,0.000000000000000000e+00,1.000000000000000056e-01
9.975918034753367136e-01,-6.924954781881449695e-02,3.885069589467468002e-03,6.369365532719466927e+01,6.933095739567653182e-02,9.972076330006300893e-01,-2.775166719098983575e-02,4.525708497570973599e+00,-1.952430645161307415e-03,2.795419131669348717e-02,9.996072984939663453e-01,7.234152539494034251e-01,0.000000000000000000e+00,0.000000000000000000e+00,0.000000000000000000e+00,1.000000000000000056e-01
9.975411390428768899e-01,-6.996619813712678937e-02,4.050559871916391969e-03,6.452822863101827977e+01,7.004887466121320627e-02,9.971963806263061114e-01,-2.631603360107230213e-02,4.592205962674622555e+00,-2.197970822669269991e-03,2.653506329427990015e-02,9.996454668232288565e-01,7.342237835300187143e-01,0.000000000000000000e+00,0.000000000000000000e+00,0.000000000000000000e+00,1.000000000000000056e-01
9.973656650360827047e-01,-7.238127778317690608e-02,4.762439879615058130e-03,6.534230256570732820e+01,7.248450466967401584e-02,9.969987001900265655e-01,-2.719537464697868723e-02,4.660261323435039849e+00,-2.779710402968828785e-03,2.746893601638232540e-02,9.996187927226075631e-01,7.464535613445464346e-01,0.000000000000000000e+00,0.000000000000000000e+00,0.000000000000000000e+00,1.000000000000000056e-01
9.973189367891635015e-01,-7.303210858046908782e-02,4.609711273285759317e-03,6.615996442838233804e+01,7.313479019744871523e-02,9.969085233824668268e-01,-2.871756379230006387e-02,4.724259069174167713e+00,-2.498156221625010952e-03,2.897770045535424596e-02,9.995769365545665863e-01,7.605286397916558583e-01,0.000000000000000000e+00,0.000000000000000000e+00,0.000000000000000000e+00,1.000000000000000056e-01
9.973574971794167965e-01,-7.233161065364714093e-02,6.794182824945770721e-03,6.692943622444083474e+01,7.250064784668201756e-02,9.969387033915819707e-01,-2.927247413053154709e-02,4.790009351938485871e+00,-4.656058614428226425e-03,2.968770419147353720e-02,9.995483786881046440e-01,7.727878478468035439e-01,0.000000000000000000e+00,0.000000000000000000e+00,0.000000000000000000e+00,1.000000000000000056e-01
9.971389496066868086e-01,-7.510019309325663417e-02,8.595125050211023174e-03,6.773808807726882719e+01,7.531770126077363958e-02,9.967479149577807007e-01,-2.865026883136901140e-02,4.865020544699417471e+00,-6.415532251189701683e-03,2.921566402929128350e-02,9.995525428516809363e-01,7.811100312310904625e-01,0.000000000000000000e+00,0.000000000000000000e+00,0.000000000000000000e+00,1.000000000000000056e-01
9.970237486710006314e-01,-7.600895521965339574e-02,1.289508869462187290e-02,6.848620594502450842e+01,7.633128502644342950e-02,9.967254964265175321e-01,-2.667994939133351909e-02,4.926614139735987941e+00,-1.082494860206247023e-02,2.758484184709037931e-02,9.995608520685640430e-01,7.930910309377675604e-01,0.000000000000000000e+00,0.000000000000000000e+00,0.000000000000000000e+00,1.000000000000000056e-01
9.969119353019367802e-01,-7.726461122777479595e-02,1.402758369669505727e-02,6.921855256043491522e+01,7.758464650492229164e-02,9.966988251786053077e-01,-2.391807923505408912e-02,4.994526864067095673e+00,-1.213325509717895316e-02,2.493254378134913962e-02,9.996155022714172667e-01,8.045454137722055643e-01,0.000000000000000000e+00,0.000000000000000000e+00,0.000000000000000000e+00,1.000000000000000056e-01
9.969588453662925343e-01,-7.730136209654554780e-02,9.877249815991641715e-03,6.992352284679057561e+01,7.750122959521361932e-02,9.967544814174857937e-01,-2.177299210923848774e-02,5.061232154726909016e+00,-8.162111071208231691e-03,2.247227607915424849e-02,9.997141475195214788e-01,8.159203706860327365e-01,0.000000000000000000e+00,0.000000000000000000e+00,0.000000000000000000e+00,1.000000000000000056e-01
9.969913670313796938e-01,-7.734390383313624606e-02,5.112201556210576106e-03,7.063643914104189037e+01,7.743701001338909595e-02,9.967629397716385453e-01,-2.161368497010974707e-02,5.120424262852012909e+00,-3.423966280065729364e-03,2.194453092803404573e-02,9.997533265847439177e-01,8.258931552518519181e-01,0.000000000000000000e+00,0.000000000000000000e+00,0.000000000000000000e+00,1.000000000000000056e-01
9.970490053412417453e-01,-7.675715398584417870e-02,-1.272894353007980595e-03,7.138090292243894908e+01,7.670664878686775379e-02,9.967802106392656958e-01,-2.335169608035531086e-02,5.187390577133143665e+00,3.061205633183293126e-03,2.318514588987026503e-02,9.997265016143849214e-01,8.472374438178249534e-01,0.000000000000000000e+00,0.000000000000000000e+00,0.000000000000000000e+00,1.000000000000000056e-01
9.968572369627271001e-01,-7.919599173646324486e-02,-1.908928473067311293e-03,7.208601706741092130e+01,7.913335769362991878e-02,9.966106170344732895e-01,-2.247642574562007736e-02,5.244850537181614314e+00,3.682501211033645337e-03,2.225472774590594657e-02,9.997455507666870300e-01,8.564370542259031049e-01,0.000000000000000000e+00,0.000000000000000000e+00,0.000000000000000000e+00,1.000000000000000056e-01
9.967920320476869600e-01,-8.000659057831198406e-02,2.142500939889913168e-03,7.275492023773581707e+01,8.003340059707021725e-02,9.965945959819418887e-01,-1.984605876386973805e-02,5.312039130522231645e+00,-5.473893604664722230e-04,1.995386487937732961e-02,9.998007519707432511e-01,8.677514130675064719e-01,0.000000000000000000e+00,0.000000000000000000e+00,0.000000000000000000e+00,1.000000000000000056e-01
9.966792550773467818e-01,-8.127248305530722361e-02,5.024539430630796388e-03,7.336811499625601130e+01,8.136080838174740426e-02,9.964631041809500767e-01,-2.101668064975194261e-02,5.357179578937943276e+00,-3.298690336140178148e-03,2.135569020401534290e-02,9.997664993077015616e-01,8.843044380054209119e-01,0.000000000000000000e+00,0.000000000000000000e+00,0.000000000000000000e+00,1.000000000000000056e-01
9.968003189638273698e-01,-7.992805482489642732e-02,7.938296545313823461e-04,7.393431176256284232e+01,7.992446718208665035e-02,9.965209525543999858e-01,-2.362351933414825328e-02,5.397728490077756902e+00,1.097114064997258605e-03,2.361137801949888398e-02,9.997206105551433852e-01,8.917299191071362818e-01,0.000000000000000000e+00,0.000000000000000000e+00,0.000000000000000000e+00,1.000000000000000056e-01
9.969593058459573776e-01,-7.790757437151549225e-02,-1.597605299693674380e-03,7.456857876782827077e+01,7.783377966439022910e-02,9.965823504425613821e-01,-2.766805973563858656e-02,5.437916800068705925e+00,3.747696666218010460e-03,2.745958196925971095e-02,9.996158892933683093e-01,9.162954479772940086e-01,0.000000000000000000e+00,0.000000000000000000e+00,0.000000000000000000e+00,1.000000000000000056e-01
9.971670703410586700e-01,-7.501822185887163652e-02,-5.486366426261837792e-03,7.516576999259297054e+01,7.481779720122597177e-02,9.967315228873427913e-01,-3.047242203427193846e-02,5.479334052438936453e+00,7.754421279910130721e-03,2.997561795545960334e-02,9.995205507035871406e-01,9.291853298969605657e-01,0.000000000000000000e+00,0.000000000000000000e+00,0.000000000000000000e+00,1.000000000000000056e-01
9.973439711361349325e-01,-7.254031704029292871e-02,-6.550239850438302480e-03,7.574860341988126322e+01,7.232141902558572588e-02,9.969580596520163374e-01,-2.905580226069088071e-02,5.527558930915250635e+00,8.638031519398859867e-03,2.850490657028209238e-02,9.995563289344374658e-01,9.405620179405970172e-01,0.000000000000000000e+00,0.000000000000000000e+00,0.000000000000000000e+00,1.000000000000000056e-01
9.977309595132245468e-01,-6.718263021925283129e-02,-4.407564593227478525e-03,7.631634829092881489e+01,6.703954139493184528e-02,9.973826987686846834e-01,-2.708232055146884629e-02,5.577835420105736297e+00,6.215490196079125756e-03,2.672538856066322341e-02,9.996234897639730832e-01,9.402929214823401161e-01,0.000000000000000000e+00,0.000000000000000000e+00,0.000000000000000000e+00,1.000000000000000056e-01
9.983034611866180574e-01,-5.822031364087622979e-02,-7.710138627382161257e-04,7.686180059851363922e+01,5.817467080388311756e-02,9.978986532622446948e-01,-2.853043102124604852e-02,5.600625710570743543e+00,2.430444337639316599e-03,2.843717456000596083e-02,9.995926270453205920e-01,9.580217560347040751e-01,0.000000000000000000e+00,0.000000000000000000e+00,0.000000000000000000e+00,1.000000000000000056e-01
9.986529437351530092e-01,-5.184265006099483125e-02,2.153509639280314081e-03,7.742078338003912563e+01,5.188528239099800959e-02,9.981238055759432681e-01,-3.250824839641486275e-02,5.613891775241814486e+00,-4.641554907917125588e-04,3.257619341251906386e-02,9.994691471888617063e-01,9.698266236211574576e-01,0.000000000000000000e+00,0.000000000000000000e+00,0.000000000000000000e+00,1.000000000000000056e-01
9.990803868153446121e-01,-4.244288652280459734e-02,6.081288063709896531e-03,7.795806687159050341e+01,4.263241340110803662e-02,9.984614744682522858e-01,-3.545647092253690486e-02,5.631840030790310259e+00,-4.567056874893611444e-03,3.568312467113849556e-02,9.993527188161372976e-01,9.856714888843677302e-01,0.000000000000000000e+00,0.000000000000000000e+00,0.000000000000000000e+00,1.000000000000000056e-01
9.995251123418976702e-01,-3.022753295660993850e-02,5.987157027672855222e-03,7.843541101688785488e+01,3.039591386159157943e-02,9.990762515706198554e-01,-3.037650355320974799e-02,5.657102757421890615e+00,-5.063419638510863532e-03,3.054406323586499050e-02,9.995205960772433063e-01,9.996959110711652885e-01,0.000000000000000000e+00,0.000000000000000000e+00,0.000000000000000000e+00,1.000000000000000056e-01
9.998977051270430128e-01,-1.341131094762740804e-02,4.971520928141978310e-03,7.891897074208587526e+01,1.353741539862710237e-02,9.995633560780823323e-01,-2.626472101976164847e-02,5.670177724450717882e+00,-4.617105803197308830e-03,2.632933581742890466e-02,9.996426603588980386e-01,1.006869482135612337e+00,0.000000000000000000e+00,0.000000000000000000e+00,0.000000000000000000e+00,1.000000000000000056e-01
9.999739420731992290e-01,4.811029263724886200e-03,5.382301739000909871e-03,7.937935317479873731e+01,-4.692833896345042881e-03,9.997521828229134488e-01,-2.176120977430116843e-02,5.677359990063767015e+00,-5.485661729215942153e-03,2.173538447424862990e-02,9.997487087149196094e-01,1.008116700655052211e+00,0.000000000000000000e+00,0.000000000000000000e+00,0.000000000000000000e+00,1.000000000000000056e-01
9.995888887402408773e-01,2.810030955603853159e-02,5.694392847797455880e-03,7.985251125431140906e+01,-2.796311660310507596e-02,9.993468776416986055e-01,-2.288847434035392800e-02,5.663216190318997256e+00,-6.333846926740997925e-03,2.271983165964705162e-02,9.997218071205938861e-01,1.018012157293780584e+00,0.000000000000000000e+00,0.000000000000000000e+00,0.000000000000000000e+00,1.000000000000000056e-01
9.985018229634374798e-01,5.424466474372736935e-02,7.185115554581078708e-03,8.033829572156358267e+01,-5.404958724621632127e-02,9.982247930538431513e-01,-2.501808648009720693e-02,5.643233103058586053e+00,-8.529458201182098936e-03,2.459225242739251222e-02,9.996611773312704674e-01,1.033535421421704292e+00,0.000000000000000000e+00,0.000000000000000000e+00,0.000000000000000000e+00,1.000000000000000056e-01
9.964023592114878980e-01,8.445853823994915743e-02,7.006702230877286976e-03,8.080727262862551186e+01,-8.425289963777761459e-02,9.961118530579988750e-01,-2.574150539471500160e-02,5.601290986856517939e+00,-9.153549060758183614e-03,2.505856172509936947e-02,9.996440771714009133e-01,1.037960491643954430e+00,0.000000000000000000e+00,0.000000000000000000e+00,0.000000000000000000e+00,1.000000000000000056e-01
9.928848736248853113e-01,1.187970568674888844e-01,8.178447683891240660e-03,8.125320875027371414e+01,-1.185259316469651908e-01,9.925532988125345124e-01,-2.809897762507611654e-02,5.533529179042810497e+00,-1.145562107065644861e-02,2.692969171710300411e-02,9.995716884995829998e-01,1.039763909407701137e+00,0.000000000000000000e+00,0.000000000000000000e+00,0.000000000000000000e+00,1.000000000000000056e-01
9.874128054230854046e-01,1.579866592754247123e-01,7.494476466240006587e-03,8.170934685876703440e+01,-1.577180229906769982e-01,9.870777297652968407e-01,-2.832985395832212164e-02,5.453933707888346305e+00,-1.187336980071160807e-02,2.679124656260761447e-02,9.995705338780236371e-01,1.034891625081856947e+00,0.000000000000000000e+00,0.000000000000000000e+00,0.000000000000000000e+00,1.000000000000000056e-01
