1.000000000000000000e+00,-2.012534823434378197e-12,-5.437949030101167615e-13,-3.942968213074055263e-20,2.012534823434330537e-12,1.000000000000000000e+00,-8.783504939940994091e-14,5.332353326014733443e-19,5.437949030102934663e-13,8.783504939831553209e-14,1.000000000000000000e+00,1.625140012875683353e-19,0.000000000000000000e+00,0.000000000000000000e+00,0.000000000000000000e+00,1.000000000000000056e-01
9.999920391552354904e-01,-3.985975951493241076e-03,-1.833626680586487488e-04,6.556251429279003062e-01,3.985422136946544999e-03,9.999877728350382577e-01,-2.927557140394902203e-03,7.032302396687459614e-03,1.950295984112949824e-04,2.926803056930597779e-03,9.999956978844067867e-01,2.039124620919168743e-03,0.000000000000000000e+00,0.000000000000000000e+00,0.000000000000000000e+00,1.000000000000000056e-01
9.999535653183982964e-01,-9.343703509796080428e-03,-2.358476572864105520e-03,1.325919151599918910e+00,9.340422063822731089e-03,9.999553993026124576e-01,-1.398542535100981551e-03,9.436086672182998278e-03,2.371438949958005939e-03,1.376448427605468780e-03,9.999962408264506664e-01,6.225449649293724776e-03,0.000000000000000000e+00,0.000000000000000000e+00,0.000000000000000000e+00,1.000000000000000056e-01
9.998859020081084514e-01,-1.492754854467873322e-02,-2.313279031509013397e-03,2.043405576035444149e+00,1.492583859063890787e-02,9.998883186482001584e-01,-7.547007628595913276e-04,3.368742042193241504e-04,2.324286513653976618e-03,7.200870235786569363e-04,9.999970395790583888e-01,4.948752572417972236e-03,0.000000000000000000e+00,0.000000000000000000e+00,0.000000000000000000e+00,1.000000000000000056e-01
9.997911747799153037e-01,-1.996374928891245584e-02,-4.365265917009488426e-03,2.738281457280409725e+00,1.996499570185676989e-02,9.998006502883506341e-01,2.421355324430574021e-04,8.616357127498790874e-03,4.359561769444029837e-03,-3.292374837077609306e-04,9.999904428662594880e-01,1.027106964034370934e-02,0.000000000000000000e+00,0.000000000000000000e+00,0.000000000000000000e+00,1.000000000000000056e-01
9.996853027551300119e-01,-2.430554564653261349e-02,-6.207729553419450395e-03,3.444249922280679499e+00,2.430522010782357537e-02,9.997045763225778092e-01,-1.278874714900083624e-04,1.028834486253656262e-02,6.209004017902257540e-03,-2.303300751062400058e-05,9.999807236835048796e-01,2.509909965846767940e-02,0.000000000000000000e+00,0.000000000000000000e+00,0.000000000000000000e+00,1.000000000000000056e-01
9.995194781790656124e-01,-3.000847339187053681e-02,-7.765582099096458510e-03,4.165171935099475142e+00,3.000983862958215426e-02,9.995496016041586218e-01,5.931605369041761673e-05,4.504046753923685031e-02,7.760304509157371633e-03,-2.923314166909442313e-04,9.999698456534916735e-01,4.345297199062897464e-02,0.000000000000000000e+00,0.000000000000000000e+00,0.000000000000000000e+00,1.000000000000000056e-01
9.993675774499342079e-01,-3.450963368341217197e-02,-8.574982500654118947e-03,4.933997037835776034e+00,3.453908434576098696e-02,9.993978650919235207e-01,3.310423275322592254e-03,7.331507885845051087e-02,8.455577709785907711e-03,-3.604501732846532563e-03,9.999577544940844165e-01,5.546998188355973386e-02,0.000000000000000000e+00,0.000000000000000000e+00,0.000000000000000000e+00,1.000000000000000056e-01
9.992704741244268218e-01,-3.753646281883385449e-02,-7.038004134233386173e-03,5.704674313549894293e+00,3.756475809459962345e-02,9.992864589282776100e-01,3.932168851666105469e-03,1.090446657078259912e-01,6.885382519322716562e-03,-4.193681155512961334e-03,9.999675017448959036e-01,6.072885831482920105e-02,0.000000000000000000e+00,0.000000000000000000e+00,0.000000000000000000e+00,1.000000000000000056e-01
9.990769009282529645e-01,-4.263811535529211938e-02,-5.228494099316106751e-03,6.498386743114446418e+00,4.265922450375186914e-02,9.990816956209777056e-01,3.994501201720336743e-03,1.633543851388321588e-01,5.053374747263208143e-03,-4.213857384968203688e-03,9.999783531705088713e-01,7.188096256825454722e-02,0.000000000000000000e+00,0.000000000000000000e+00,0.000000000000000000e+00,1.000000000000000056e-01
9.988429306597975676e-01,-4.796910809538320469e-02,-3.429947445702013088e-03,7.323916307450745400e+00,4.797837330973778874e-02,9.988448008412813550e-01,2.671989313671486403e-03,1.980092364672851879e-01,3.297812229081072914e-03,-2.833460935741961232e-03,9.999905479221428140e-01,9.222113301865558777e-02,0.000000000000000000e+00,0.000000000000000000e+00,0.000000000000000000e+00,1.000000000000000056e-01
9.987639138877735245e-01,-4.961990812081403662e-02,-2.917024795603533407e-03,8.140518370609214571e+00,4.962908449911434400e-02,9.987627112539112506e-01,3.162369446490792199e-03,2.446865715883939640e-01,2.756499112272928730e-03,-3.303229755603274802e-03,9.999907451500867905e-01,1.072071296074618985e-01,0.000000000000000000e+00,0.000000000000000000e+00,0.000000000000000000e+00,1.000000000000000056e-01
9.986079099004669946e-01,-5.261739206065327301e-02,-3.694906894134160780e-03,8.987900984152435768e+00,5.262953139999673735e-02,9.986087558924637841e-01,3.268803989606716264e-03,2.951872772392258870e-01,3.517770435599237595e-03,-3.458714738340369198e-03,9.999878312177209461e-01,1.161382071872436028e-01,0.000000000000000000e+00,0.000000000000000000e+00,0.000000000000000000e+00,1.000000000000000056e-01
9.986185727107256271e-01,-5.243144037240413807e-02,-3.448231092621101713e-03,9.668651176799199831e+00,5.244912005173126696e-02,9.986097771806278223e-01,5.253829560982405285e-03,3.772042761011576428e-01,3.167971431716248582e-03,-5.427428463996664641e-03,9.999802532936717947e-01,1.339748300829065319e-01,0.000000000000000000e+00,0.000000000000000000e+00,0.000000000000000000e+00,1.000000000000000056e-01
9.983561930174942312e-01,-5.718082853390405590e-02,-3.907008035843679596e-03,1.042329245253236181e+01,5.720208661159415647e-02,9.983471099963993067e-01,5.565002166846550781e-03,4.408250182844883347e-01,3.582338746623989212e-03,-5.779343389485553338e-03,9.999768827523418668e-01,1.408052159385688173e-01,0.000000000000000000e+00,0.000000000000000000e+00,0.000000000000000000e+00,1.000000000000000056e-01
9.982159835387720559e-01,-5.953944291611006773e-02,-4.461495821052392091e-03,1.125049483978385290e+01,5.955747314814380938e-02,9.982167690406698046e-01,4.023605126534555813e-03,4.917063436679326438e-01,4.213976735831096929e-03,-4.282142366318220615e-03,9.999819526655591151e-01,1.621340465170649503e-01,0.000000000000000000e+00,0.000000000000000000e+00,0.000000000000000000e+00,1.000000000000000056e-01
9.980137559290759297e-01,-6.274548829327761257e-02,-5.616642696229405540e-03,1.214233154361635947e+01,6.277238792995976091e-02,9.980165735671960858e-01,4.748283770392837042e-03,5.561551916165449194e-01,5.307569114913745015e-03,-5.091422594098516871e-03,9.999729531972645358e-01,1.753399547234873457e-01,0.000000000000000000e+00,0.000000000000000000e+00,0.000000000000000000e+00,1.000000000000000056e-01
9.978752195235843780e-01,-6.475244046301106837e-02,-7.222722121364899897e-03,1.304137935313610619e+01,6.480322005023050891e-02,9.978732783343061685e-01,7.032997758117900955e-03,6.338089747904656068e-01,6.751957633135087164e-03,-7.486109832783255022e-03,9.999491833226785698e-01,1.886484131649859286e-01,0.000000000000000000e+00,0.000000000000000000e+00,0.000000000000000000e+00,1.000000000000000056e-01
9.980213749439189597e-01,-6.197836721063133825e-02,-1.058381561412204998e-02,1.391672489808834001e+01,6.208517685610710768e-02,9.980199502436282177e-01,1.008016519963081392e-02,6.963383542168863904e-01,9.938106952307278544e-03,-1.071731839641258330e-02,9.998931808531321686e-01,1.947006836410360986e-01,0.000000000000000000e+00,0.000000000000000000e+00,0.000000000000000000e+00,1.000000000000000056e-01
9.970355933940938664e-01,-7.655640839154956301e-02,-7.690373168672174665e-03,1.488513940755721876e+01,7.662883606687284632e-02,9.970133616023993950e-01,9.611361470656148293e-03,7.836434503556233278e-01,6.931593490928383665e-03,-1.017217383205604175e-02,9.999242370755930809e-01,2.069281217761979319e-01,0.000000000000000000e+00,0.000000000000000000e+00,0.000000000000000000e+00,1.000000000000000056e-01
9.966705352110808436e-01,-8.122685482175341642e-02,-7.074058087364770188e-03,1.584677976482781858e+01,8.128063253323337956e-02,9.966616775211833978e-01,7.678498268418668116e-03,8.795460693822175768e-01,6.426742336137338495e-03,-8.227916894720035956e-03,9.999454976980087784e-01,2.183111381277411944e-01,0.000000000000000000e+00,0.000000000000000000e+00,0.000000000000000000e+00,1.000000000000000056e-01
9.965329263685578365e-01,-8.295459603128133019e-02,-6.376649637971992801e-03,1.675517294539493918e+01,8.300249338823506573e-02,9.965199441732665031e-01,7.654211667168601789e-03,9.722426710112822557e-01,5.719506504456437629e-03,-8.156951771142745972e-03,9.999503744602272759e-01,2.371832583598977029e-01,0.000000000000000000e+00,0.000000000000000000e+00,0.000000000000000000e+00,1.000000000000000056e-01
9.963155698312996522e-01,-8.559369256383779490e-02,-5.385638775482563465e-03,1.764712759754149474e+01,8.563654200720709209e-02,9.962918369548995345e-01,8.304112841225445851e-03,1.060778309656843943e+00,4.654888267253789666e-03,-8.734724398581198562e-03,9.999510171027879979e-01,2.600620068545289598e-01,0.000000000000000000e+00,0.000000000000000000e+00,0.000000000000000000e+00,1.000000000000000056e-01
9.962617115480366659e-01,-8.620570966654830802e-02,-5.583701663172097041e-03,1.855630624926298822e+01,8.624676402103387263e-02,9.962449391239925900e-01,7.583994048810305776e-03,1.144951683909485096e+00,4.908950934428850735e-03,-8.037219091145337765e-03,9.999556516716150423e-01,2.637813015340285117e-01,0.000000000000000000e+00,0.000000000000000000e+00,0.000000000000000000e+00,1.000000000000000056e-01
9.960662491451638401e-01,-8.842010199599413534e-02,-5.823476358883934029e-03,1.949415577672101563e+01,8.844679647246937726e-02,9.960707484043919147e-01,4.497595676812828937e-03,1.229967681150308634e+00,5.402916586628270929e-03,-4.994971084250903089e-03,9.999729290116935454e-01,2.816044425927678452e-01,0.000000000000000000e+00,0.000000000000000000e+00,0.000000000000000000e+00,1.000000000000000056e-01
9.959245306952779764e-01,-9.009759106393688821e-02,-4.093072668052218262e-03,2.042569539900625131e+01,9.010796888159403051e-02,9.959290487015680648e-01,2.425674426493620861e-03,1.313225264639053425e+00,3.857862546027163251e-03,-2.784607129428149329e-03,9.999886813657996587e-01,2.998738932979145289e-01,0.000000000000000000e+00,0.000000000000000000e+00,0.000000000000000000e+00,1.000000000000000056e-01
9.960323448177000882e-01,-8.899147285726174972e-02,2.929772165436306123e-04,2.134853806416738209e+01,8.899031475628291221e-02,9.960285765694707472e-01,2.792586000759384422e-03,1.408905712082620054e+00,-5.403300212493858216e-04,-2.755433847724816400e-03,9.999960578061189986e-01,3.077066121722478176e-01,0.000000000000000000e+00,0.000000000000000000e+00,0.000000000000000000e+00,1.000000000000000056e-01
9.959164374698169508e-01,-9.023319524847238371e-02,2.901732702915632567e-03,2.229739419770258735e+01,9.023128008324231286e-02,9.959205292459724079e-01,7.845514397520009578e-04,1.502187891437299916e+00,-2.960687752463695560e-03,-5.195206186461443897e-04,9.999954822029744061e-01,3.174480707727099782e-01,0.000000000000000000e+00,0.000000000000000000e+00,0.000000000000000000e+00,1.000000000000000056e-01
9.959782523387156195e-01,-8.935083075755226312e-02,6.614371569006390582e-03,2.327494353717288789e+01,8.934847019449049244e-02,9.960002136644765525e-01,6.521151902423050770e-04,1.595576007775831862e+00,-6.646182529984373706e-03,-5.850856651240727343e-05,9.999779121733268772e-01,3.287633738586890342e-01,0.000000000000000000e+00,0.000000000000000000e+00,0.000000000000000000e+00,1.000000000000000056e-01
9.961572926016059037e-01,-8.722052041939021283e-02,7.951679974016266639e-03,2.420774062430633933e+01,8.723331551635638004e-02,9.961870910179579930e-01,-1.276069434843112808e-03,1.690821941556859276e+00,-7.810061501822722352e-03,1.964817281443429972e-03,9.999675706903641270e-01,3.396384075829330662e-01,0.000000000000000000e+00,0.000000000000000000e+00,0.000000000000000000e+00,1.000000000000000056e-01
9.962079055170998121e-01,-8.681730004305433790e-02,5.706610067927233264e-03,2.516498730706465992e+01,8.683468527139358295e-02,9.962185940172535448e-01,-2.872345401350663747e-03,1.769204031529113541e+00,-5.435661785938823189e-03,3.356984885416245019e-03,9.999795919084688567e-01,3.450969247927967443e-01,0.000000000000000000e+00,0.000000000000000000e+00,0.000000000000000000e+00,1.000000000000000056e-01
9.965004242657783395e-01,-8.358445205714321036e-02,7.374363911009446581e-04,2.610848382433547954e+01,8.358678850955300610e-02,9.964920314186539452e-01,-4.108540590491270399e-03,1.869313371972686877e+00,-3.914393733994769647e-04,4.155802381199925032e-03,9.999912880029432349e-01,3.476811656585035437e-01,0.000000000000000000e+00,0.000000000000000000e+00,0.000000000000000000e+00,1.000000000000000056e-01
9.965315954002162968e-01,-8.320756884772738393e-02,-1.131307009781910324e-03,2.706227062764330782e+01,8.320070989619431090e-02,9.965194937142022313e-01,-5.151749252369091508e-03,1.954124879958840877e+00,1.556034019225926383e-03,5.039755355240847084e-03,9.999860897152971217e-01,3.566573390060522319e-01,0.000000000000000000e+00,0.000000000000000000e+00,0.000000000000000000e+00,1.000000000000000056e-01
9.966196004071649073e-01,-8.212944872174197941e-02,2.031191011598854589e-03,2.804115060074604671e+01,8.214246228515524606e-02,9.965925285715425685e-01,-7.479831890551138195e-03,2.034807952927684571e+00,-1.409955316558821970e-03,7.621394100938050538e-03,9.999699627378632050e-01,3.643484984716912622e-01,0.000000000000000000e+00,0.000000000000000000e+00,0.000000000000000000e+00,1.000000000000000056e-01
9.966204361104407106e-01,-8.176230144047227921e-02,7.914062812001793415e-03,2.904249203676690172e+01,8.183203420901394298e-02,9.966061344025911595e-01,-8.929224397400412419e-03,2.110678015849335232e+00,-7.157129609678535877e-03,9.546671371829200739e-03,9.999288157471353244e-01,3.823341631965722631e-01,0.000000000000000000e+00,0.000000000000000000e+00,0.000000000000000000e+00,1.000000000000000056e-01
9.967566702563303016e-01,-7.982534701202373406e-02,1.020069967812488668e-02,2.998436577072126141e+01,7.993786309269715340e-02,9.967375521426463658e-01,-1.114406536496259995e-02,2.180256220629967601e+00,-9.277841542433665906e-03,1.192334362061868436e-02,9.998858712539236970e-01,3.874563506124399925e-01,0.000000000000000000e+00,0.000000000000000000e+00,0.000000000000000000e+00,1.000000000000000056e-01
9.966473276344490762e-01,-8.129311126690398626e-02,9.248479856601203586e-03,3.088832512742429159e+01,8.145670964628969057e-02,9.964966280320942671e-01,-1.895454495011699922e-02,2.243866228463659240e+00,-7.675205059882451476e-03,1.964434730940986876e-02,9.997775706856381062e-01,3.995030099276442037e-01,0.000000000000000000e+00,0.000000000000000000e+00,0.000000000000000000e+00,1.000000000000000056e-01
9.966536976950762794e-01,-8.141735352883087973e-02,7.254061971946610884e-03,3.182326332845040184e+01,8.156418754415038774e-02,9.964029411167755201e-01,-2.298830668192550566e-02,2.320348557184867655e+00,-5.356321591739446331e-03,2.350305252942622505e-02,9.997094159508576050e-01,4.080034712956703835e-01,0.000000000000000000e+00,0.000000000000000000e+00,0.000000000000000000e+00,1.000000000000000056e-01
9.968315379647638697e-01,-7.946049297212853801e-02,3.593741146737693300e-03,3.279183810689362133e+01,7.952543325887076464e-02,9.965239284569474831e-01,-2.481462225627477022e-02,2.387739785870746978e+00,-1.609466928003675792e-03,2.502179188945158686e-02,9.996856103529992987e-01,4.077998259283341920e-01,0.000000000000000000e+00,0.000000000000000000e+00,0.000000000000000000e+00,1.000000000000000056e-01
9.966915417404692557e-01,-8.116847595926968140e-02,4.201087175459631250e-03,3.373769538612446439e+01,8.124927746213697621e-02,9.963711035737520261e-01,-2.536097149369887990e-02,2.465177288687461665e+00,-2.127330460232228389e-03,2.561840107565237570e-02,9.996695313909692571e-01,4.103073113631897084e-01,0.000000000000000000e+00,0.000000000000000000e+00,0.000000000000000000e+00,1.000000000000000056e-01
9.966754956582037916e-01,-8.130103196314249214e-02,5.300807127402560118e-03,3.469956657954855217e+01,8.141170285568112563e-02,9.963442668450986917e-01,-2.588892742160511795e-02,2.554213695068837886e+00,-3.176632275243783474e-03,2.623440730473891591e-02,9.996507714600919581e-01,4.267641113185930424e-01,0.000000000000000000e+00,0.000000000000000000e+00,0.000000000000000000e+00,1.000000000000000056e-01
9.966143544785341923e-01,-8.201744110002258392e-02,5.741759550772362539e-03,3.567149019087144524e+01,8.213478190433727566e-02,9.963173325698495564e-01,-2.460996591681180803e-02,2.634945607964840786e+00,-3.702168129827303460e-03,2.499824346437196435e-02,9.996806398919779735e-01,4.295870776361980226e-01,0.000000000000000000e+00,0.000000000000000000e+00,0.000000000000000000e+00,1.000000000000000056e-01
9.966891911576682972e-01,-8.117547197410523996e-02,4.604234926040937960e-03,3.663454188067650108e+01,8.126139170851948146e-02,9.964189475844880128e-01,-2.336379918198123323e-02,2.711051834812680639e+00,-2.691179493731914001e-03,2.366059264690212327e-02,9.997164267473701571e-01,4.469791843346848648e-01,0.000000000000000000e+00,0.000000000000000000e+00,0.000000000000000000e+00,1.000000000000000056e-01
9.965064104001812861e-01,-8.324394677048169155e-02,6.739388504811455460e-03,3.762573614733752692e+01,8.337782071161622954e-02,9.962547799634636769e-01,-2.290310925032163630e-02,2.806309883946412675e+00,-4.807602804636932833e-03,2.338501071250129876e-02,9.997149734945701693e-01,4.591286299450632047e-01,0.000000000000000000e+00,0.000000000000000000e+00,0.000000000000000000e+00,1.000000000000000056e-01
9.966618497375007157e-01,-8.104743420866145076e-02,9.821949196373696775e-03,3.861146499091165651e+01,8.125230067999120176e-02,9.964361524622394883e-01,-2.265077703870121278e-02,2.891888504859778219e+00,-7.951157905094994108e-03,2.337322131075101478e-02,9.996951893519978594e-01,4.822837705972184974e-01,0.000000000000000000e+00,0.000000000000000000e+00,0.000000000000000000e+00,1.000000000000000056e-01
9.967040129389903580e-01,-8.032238822955120594e-02,1.137649068976315583e-02,3.960396808590056850e+01,8.051484677602857576e-02,9.965978140174004407e-01,-1.761126186198919488e-02,2.978628864742074445e+00,-9.923207140116283020e-03,1.846919177549921978e-02,9.997801852983555504e-01,4.879819670248262131e-01,0.000000000000000000e+00,0.000000000000000000e+00,0.000000000000000000e+00,1.000000000000000056e-01
9.965755924713503022e-01,-8.211189877805351311e-02,9.732654799169560694e-03,4.059984271164697844e+01,8.228679950129445808e-02,9.964239513687939143e-01,-1.918832370045078090e-02,3.059288817919826098e+00,-8.122260658885049889e-03,1.992348407438336577e-02,9.997685150394199916e-01,5.028177739787837996e-01,0.000000000000000000e+00,0.000000000000000000e+00,0.000000000000000000e+00,1.000000000000000056e-01
9.965625852371524651e-01,-8.241617903604002426e-02,8.401615234139495417e-03,4.160615657485899987e+01,8.253602193236340978e-02,9.964739049779396396e-01,-1.508515102995703835e-02,3.136769665069944590e+00,-7.128729832414487481e-03,1.572673300833909646e-02,9.998509144266763959e-01,5.287225510653448257e-01,0.000000000000000000e+00,0.000000000000000000e+00,0.000000000000000000e+00,1.000000000000000056e-01
9.964854058905758816e-01,-8.351227603484226436e-02,6.521932119739577011e-03,4.263088080822331705e+01,8.359577918502750227e-02,9.964042144920713939e-01,-1.379808120306383508e-02,3.195243588888048158e+00,-5.346171484558287848e-03,1.429479254548767821e-02,9.998835318958599894e-01,5.342511032506699342e-01,0.000000000000000000e+00,0.000000000000000000e+00,0.000000000000000000e+00,1.000000000000000056e-01
9.965583837393635624e-01,-8.247411596680599699e-02,8.331146036480130759e-03,4.365043587041670037e+01,8.258985602639136447e-02,9.964757507984662865e-01,-1.466266524793292253e-02,3.282288379006260470e+00,-7.092494647672728351e-03,1.530027013247910184e-02,9.998577890147908320e-01,5.475669532840082843e-01,0.000000000000000000e+00,0.000000000000000000e+00,0.000000000000000000e+00,1.000000000000000056e-01
9.966479623447418446e-01,-8.131396776129780346e-02,8.993208603647493901e-03,4.464116149186335747e+01,8.146228414528040862e-02,9.965213405970072547e-01,-1.758163805159056181e-02,3.370276605171425910e+00,-7.532291544257498431e-03,1.825531105344862376e-02,9.998049850858087284e-01,5.658623824869276620e-01,0.000000000000000000e+00,0.000000000000000000e+00,0.000000000000000000e+00,1.000000000000000056e-01
9.964947135363899644e-01,-8.303601200772761648e-02,1.016398562969225879e-02,4.562224039586232038e+01,8.319537266727311531e-02,9.963980768932430010e-01,-1.641348013678193760e-02,3.464069668437234739e+00,-8.764465801269499465e-03,1.720154275928479845e-02,9.998136281657291624e-01,5.772190983615036464e-01,0.000000000000000000e+00,0.000000000000000000e+00,0.000000000000000000e+00,1.000000000000000056e-01
9.958495120720802785e-01,-9.059455134143093447e-02,8.739369144533680467e-03,4.653453823441103054e+01,9.072248801383339667e-02,9.957546139791041417e-01,-1.556209844156955686e-02,3.535945385390202311e+00,-7.292425822690853758e-03,1.629036545231814584e-02,9.998407095728051308e-01,5.885475998982059309e-01,0.000000000000000000e+00,0.000000000000000000e+00,0.000000000000000000e+00,1.000000000000000056e-01
9.960721474335808567e-01,-8.845934913164614499e-02,3.901366204325312607e-03,4.748209017226695039e+01,8.850946532568280956e-02,9.959557450588883976e-01,-1.543465036714995742e-02,3.632217585028441054e+00,-2.520248959223776036e-03,1.571933317287808884e-02,9.998732674243189233e-01,5.877884476099807243e-01,0.000000000000000000e+00,0.000000000000000000e+00,0.000000000000000000e+00,1.000000000000000056e-01
9.962314835700273319e-01,-8.670093689424120120e-02,2.403889665340461744e-03,4.843188726258604504e+01,8.673017195583491989e-02,9.960708445676335065e-01,-1.790949119412933027e-02,3.723536404271443612e+00,-8.416747433729045115e-04,1.805048874634963829e-02,9.998367223900331835e-01,5.921577063633065574e-01,0.000000000000000000e+00,0.000000000000000000e+00,0.000000000000000000e+00,1.000000000000000056e-01
9.963889859106358493e-01,-8.480373071637770099e-02,4.161251321270065598e-03,4.940475509567010448e+01,8.486507384223732076e-02,9.962318075258473904e-01,-1.789147605801644919e-02,3.829882933966371361e+00,-2.628307007615652332e-03,1.818001458654712466e-02,9.998312753019414911e-01,6.042676238173556591e-01,0.000000000000000000e+00,0.000000000000000000e+00,0.000000000000000000e+00,1.000000000000000056e-01
9.964781195053579177e-01,-8.367052313936128305e-02,5.531808443112285617e-03,5.042188612230104638e+01,8.375362089721057057e-02,9.963406498954676671e-01,-1.704817739476714375e-02,3.927624245138399139e+00,-4.085135698114928868e-03,1.745144473855172670e-02,9.998393664698671524e-01,6.285288955927020860e-01,0.000000000000000000e+00,0.000000000000000000e+00,0.000000000000000000e+00,1.000000000000000056e-01
9.965850300338491286e-01,-8.240156417054697591e-02,5.316026211311403876e-03,5.136663671810100595e+01,8.248616899143634829e-02,9.964227870946771315e-01,-1.837556212995941976e-02,4.013853746430462444e+00,-3.782834591721542100e-03,1.875130877360360257e-02,9.998170225504907638e-01,6.364711745067257453e-01,0.000000000000000000e+00,0.000000000000000000e+00,0.000000000000000000e+00,1.000000000000000056e-01
9.966978470327994000e-01,-8.108220281115610661e-02,4.367849296050082056e-03,5.232272645425273083e+01,8.115371252141212466e-02,9.965017621946180570e-01,-1.995777760706198001e-02,4.101405757100090810e+00,-2.734348948918679037e-03,2.024634115862659206e-02,9.997912827213057962e-01,6.529448443367534827e-01,0.000000000000000000e+00,0.000000000000000000e+00,0.000000000000000000e+00,1.000000000000000056e-01
9.966601207233523052e-01,-8.157074407108312608e-02,3.849346880018380233e-03,5.330644300099720567e+01,8.163590636523844479e-02,9.964204920615682415e-01,-2.194952827985686625e-02,4.189868034736397462e+00,-2.045128758506371651e-03,2.219046442668727928e-02,9.997516695344345061e-01,6.757809201898441476e-01,0.000000000000000000e+00,0.000000000000000000e+00,0.000000000000000000e+00,1.000000000000000056e-01
9.966446045762633599e-01,-8.172091655143388922e-02,4.606947689875867495e-03,5.426380561446298145e+01,8.180794829677968949e-02,9.963635943351187851e-01,-2.381275874556062350e-02,4.269290338177670563e+00,-2.644194488893205318e-03,2.410974246225856127e-02,9.997058210063141104e-01,6.764782895177691158e-01,0.000000000000000000e+00,0.000000000000000000e+00,0.000000000000000000e+00,1.000000000000000056e-01
9.965618426665315832e-01,-8.236987822449645669e-02,8.927312158133226747e-03,5.521335727018032458e+01,8.257923403775238591e-02,9.962351742697607149e-01,-2.638461016270025536e-02,4.342133557047261228e+00,-6.720405257515977768e-03,2.703110632181321762e-02,9.996120024510477542e-01,6.941770129102281528e-01,0.000000000000000000e+00,0.000000000000000000e+00,0.000000000000000000e+00,1.000000000000000056e-01
9.963426375105950417e-01,-8.441867081510248672e-02,1.322258281283722470e-02,5.616287160136218404e+01,8.473388634890305360e-02,9.960789079590530726e-01,-2.543575482094781459e-02,4.429873407172595812e+00,-1.102348323544579886e-02,2.646312787467788863e-02,9.995890083831685535e-01,7.208873098675583346e-01,0.000000000000000000e+00,0.000000000000000000e+00,0.000000000000000000e+00,1.000000000000000056e-01
9.961842026027150077e-01,-8.615176333749538506e-02,1.396095120802794826e-02,5.711983806675429065e+01,8.644939062831205612e-02,9.960057754933013818e-01,-2.233826412192259012e-02,4.504519072442239924e+00,-1.198070719057368200e-02,2.345994155635191050e-02,9.996529866895743632e-01,7.190835257343485276e-01,0.000000000000000000e+00,0.000000000000000000e+00,0.000000000000000000e+00,1.000000000000000056e-01
9.961738125471828464e-01,-8.693847252917040469e-02,8.912754316424012155e-03,5.801511191387621835e+01,8.712174264895793108e-02,9.959368249209377133e-01,-2.279567336601809671e-02,4.586773085349593160e+00,-6.894719212484206987e-03,2.348494753445539915e-02,9.997004151676065486e-01,7.318575523305099750e-01,0.000000000000000000e+00,0.000000000000000000e+00,0.000000000000000000e+00,1.000000000000000056e-01
9.959857678137613579e-01,-8.942806679164599926e-02,3.869261213881189810e-03,5.894451172605311484e+01,8.949070782008355929e-02,9.957579429767552393e-01,-2.139000263117216832e-02,4.663829893251030256e+00,-1.939981003200128441e-03,2.165040111891741031e-02,9.997637203885212376e-01,7.472547317937878741e-01,0.000000000000000000e+00,0.000000000000000000e+00,0.000000000000000000e+00,1.000000000000000056e-01
9.959834608961241065e-01,-8.953739552607636876e-02,2.058606054772672660e-05,5.989307121809819279e+01,8.951802926268923044e-02,9.957632025701727008e-01,-2.102776364993546102e-02,4.764768556553536705e+00,1.862272349373814920e-03,2.094514763853895165e-02,9.997788919216571424e-01,7.614091787904102571e-01,0.000000000000000000e+00,0.000000000000000000e+00,0.000000000000000000e+00,1.000000000000000056e-01
9.959530167558544589e-01,-8.987520419967093277e-02,-1.899604696823223087e-04,6.079827174100795872e+01,8.985861916586904141e-02,9.958056288218543051e-01,-1.722144501238661793e-02,4.856117600737656304e+00,1.736944592064952001e-03,1.713468052747976408e-02,9.998516818742194667e-01,7.716177329069278112e-01,0.000000000000000000e+00,0.000000000000000000e+00,0.000000000000000000e+00,1.000000000000000056e-01
9.957947934633126774e-01,-9.161183823388786840e-02,2.016844935120055016e-05,6.173845848459046692e+01,9.160053101118346974e-02,9.956683797577529083e-01,-1.593173779097181719e-02,4.948502789303646843e+00,1.439454698003491979e-03,1.586658898374267851e-02,9.998730816079575145e-01,7.909543057174911462e-01,0.000000000000000000e+00,0.000000000000000000e+00,0.000000000000000000e+00,1.000000000000000056e-01
9.956565504841892178e-01,-9.308622286441572968e-02,1.728754106691676208e-03,6.262216657298787936e+01,9.310093302218647171e-02,9.955702214880320922e-01,-1.312060809067582857e-02,5.035063942613652088e+00,-4.997482600520709688e-04,1.322456801211617343e-02,9.999124266917426285e-01,8.139261629752191363e-01,0.000000000000000000e+00,0.000000000000000000e+00,0.000000000000000000e+00,1.000000000000000056e-01
9.955327563835432159e-01,-9.440583111965672458e-02,1.438755709508799264e-03,6.344751112586752839e+01,9.441610909314712696e-02,9.954679823382532877e-01,-1.136197531761069801e-02,5.124950284531964328e+00,-3.595985202023027107e-04,1.144706032193013381e-02,9.999344155987883731e-01,8.310763942189151043e-01,0.000000000000000000e+00,0.000000000000000000e+00,0.000000000000000000e+00,1.000000000000000056e-01
9.953131676886233237e-01,-9.666634685323530207e-02,2.704738746792949462e-03,6.426543469473453740e+01,9.668887042392348974e-02,9.952639351556874514e-01,-1.004797066880884840e-02,5.209738102221902700e+00,-1.720628310859002690e-03,1.026239564943373997e-02,9.999458598712983592e-01,8.445036648948525126e-01,0.000000000000000000e+00,0.000000000000000000e+00,0.000000000000000000e+00,1.000000000000000056e-01
9.953532617192071275e-01,-9.622590364651938122e-02,3.529851604000908399e-03,6.505464124491591349e+01,9.625898348808063776e-02,9.952970820571079846e-01,-1.085939899109740654e-02,5.293556611465731088e+00,-2.468295520580257845e-03,1.114871813336396934e-02,9.999348046753877561e-01,8.604487595810534906e-01,0.000000000000000000e+00,0.000000000000000000e+00,0.000000000000000000e+00,1.000000000000000056e-01
9.952742852300709986e-01,-9.704601616847570444e-02,3.341841647822747612e-03,6.585010431330155711e+01,9.707890711715523591e-02,9.952075044287052030e-01,-1.173494447057107926e-02,5.372388009140908416e+00,-2.186996275698383473e-03,1.200391080509143060e-02,9.999255588155917529e-01,8.743632255152429256e-01,0.000000000000000000e+00,0.000000000000000000e+00,0.000000000000000000e+00,1.000000000000000056e-01
9.952909467753544570e-01,-9.684426191023601249e-02,4.137656592821387438e-03,6.659419069195941177e+01,9.688859769432706104e-02,9.952184699641125620e-01,-1.236109538502440028e-02,5.448143218408961097e+00,-2.920771104579911528e-03,1.270377807396055186e-02,9.999150379501261510e-01,8.925145707263824058e-01,0.000000000000000000e+00,0.000000000000000000e+00,0.000000000000000000e+00,1.000000000000000056e-01
9.953124842263965100e-01,-9.655630582722500577e-02,5.471612932084094633e-03,6.739426675304193282e+01,9.661261263650440523e-02,9.952592460643154837e-01,-1.118195881941023637e-02,5.538081108463003055e+00,-4.365984726027364801e-03,1.165817003176879488e-02,9.999225096220618614e-01,8.958935350590867541e-01,0.000000000000000000e+00,0.000000000000000000e+00,0.000000000000000000e+00,1.000000000000000056e-01
9.950693311976402944e-01,-9.875366725676676394e-02,9.205395875275914144e-03,6.814037518442852104e+01,9.884981046073065825e-02,9.950453750359513627e-01,-1.064972259922552893e-02,5.613855170248597481e+00,-8.108087429127533788e-03,1.150716398173875880e-02,9.999009171389627859e-01,9.054341441201234630e-01,0.000000000000000000e+00,0.000000000000000000e+00,0.000000000000000000e+00,1.000000000000000056e-01
9.949046251744494418e-01,-1.000741569157143490e-01,1.224540420309419564e-02,6.886905146799115585e+01,1.002008356866326416e-01,9.949148585358061903e-01,-1.020866261452131607e-02,5.693210500303554689e+00,-1.116151128605003678e-02,1.138364538650338958e-02,9.998729085656464788e-01,9.200056925873841829e-01,0.000000000000000000e+00,0.000000000000000000e+00,0.000000000000000000e+00,1.000000000000000056e-01
9.948522654161081613e-01,-1.010059552497548779e-01,8.171107667994696386e-03,6.956022603020818451e+01,1.010576738768036303e-01,9.948613455941807127e-01,-6.184625546124247406e-03,5.773503294875323100e+00,-7.504435158427814542e-03,6.978541869236500050e-03,9.999474903245331170e-01,9.346092209584450083e-01,0.000000000000000000e+00,0.000000000000000000e+00,0.000000000000000000e+00,1.000000000000000056e-01
9.948471465018798865e-01,-1.013410456951490540e-01,3.024492433576578872e-03,7.026027646616397249e+01,1.013609652989842375e-01,9.948223083802690825e-01,-7.384406720307184167e-03,5.851314049928565630e+00,-2.260489045575093687e-03,7.652921426913703203e-03,9.999681609845927355e-01,9.375725410492748990e-01,0.000000000000000000e+00,0.000000000000000000e+00,0.000000000000000000e+00,1.000000000000000056e-01
9.948886382907574655e-01,-1.009751598813825868e-01,-7.838921428460301523e-04,7.101248477955971339e+01,1.009645211893465122e-01,9.948516529551706400e-01,-8.738081790119556561e-03,5.930221482640778419e+00,1.662185599862863426e-03,8.614272998578769228e-03,9.999615149793203983e-01,9.657403537215881739e-01,0.000000000000000000e+00,0.000000000000000000e+00,0.000000000000000000e+00,1.000000000000000056e-01
9.946945283202009991e-01,-1.028679057677792524e-01,-9.946319943029404906e-04,7.174269749615744729e+01,1.028573500869872787e-01,9.946665786054612601e-01,-7.665698819326755183e-03,6.012061717141706119e+00,1.777881586535513554e-03,7.522723460089212645e-03,9.999701234380992121e-01,9.762600744165433886e-01,0.000000000000000000e+00,0.000000000000000000e+00,0.000000000000000000e+00,1.000000000000000056e-01
9.945355841928406049e-01,-1.043932143176412447e-01,1.014188659090221271e-03,7.242208384986376757e+01,1.043975763061591316e-01,9.945152206332804612e-01,-6.373538274551158490e-03,6.099274804248518755e+00,-3.432719110019740805e-04,6.444589449182378492e-03,9.999791744987625020e-01,9.872916881345411566e-01,0.000000000000000000e+00,0.000000000000000000e+00,0.000000000000000000e+00,1.000000000000000056e-01
9.944466015054307384e-01,-1.051685802271790371e-01,3.940366391395302287e-03,7.303354213149754059e+01,1.051894709860765054e-01,9.944368012162519976e-01,-5.533857647047801288e-03,6.156254852842051761e+00,-3.336457397959835362e-03,5.917610986523712778e-03,9.999769246998871930e-01,1.003320232623817976e+00,0.000000000000000000e+00,0.000000000000000000e+00,0.000000000000000000e+00,1.000000000000000056e-01
9.943733526932734268e-01,-1.059294291237886376e-01,7.690897522873382536e-04,7.360418748289441737e+01,1.059322079704332620e-01,9.943506285557739410e-01,-6.722708177973657495e-03,6.211179639596676516e+00,-5.261223914414448659e-05,6.766353245697385305e-03,9.999771065857991914e-01,1.013620894718546994e+00,0.000000000000000000e+00,0.000000000000000000e+00,0.000000000000000000e+00,1.000000000000000056e-01
9.945470111579783890e-01,-1.042732823209479853e-01,-1.823510556036740064e-03,7.423788233235124778e+01,1.042458845747818441e-01,9.944857565123601528e-01,-1.144008930297652979e-02,6.267999065771196143e+00,3.006350936494600699e-03,1.118761315271016646e-02,9.999328973316119473e-01,1.032715569339136108e+00,0.000000000000000000e+00,0.000000000000000000e+00,0.000000000000000000e+00,1.000000000000000056e-01
9.946149202354396257e-01,-1.035357040190968275e-01,-4.638797076826834016e-03,7.485445965740444763e+01,1.034509051280650266e-01,9.945088349983371989e-01,-1.581414994345923045e-02,6.321891080431781162e+00,6.250653824528358028e-03,1.524910172830182785e-02,9.998641878891582069e-01,1.054282359429561389e+00,0.000000000000000000e+00,0.000000000000000000e+00,0.000000000000000000e+00,1.000000000000000056e-01
9.951636741949694276e-01,-9.809852550753801748e-02,-5.093216666871468006e-03,7.543970480317996419e+01,9.801706081491705358e-02,9.950814927761785222e-01,-1.433452208959049533e-02,6.375598447617907283e+00,6.474361124747032674e-03,1.376597354272553718e-02,9.998842836150828584e-01,1.067564236927852184e+00,0.000000000000000000e+00,0.000000000000000000e+00,0.000000000000000000e+00,1.000000000000000056e-01
9.955357472035255562e-01,-9.428589758571206958e-02,-4.329613882855238086e-03,7.599867236106240398e+01,9.423489179217339751e-02,9.954917373090093058e-01,-1.076968515824534497e-02,6.453078197606806121e+00,5.325524277981450241e-03,1.031360586540774546e-02,9.999326318933778879e-01,1.071034139345078184e+00,0.000000000000000000e+00,0.000000000000000000e+00,0.000000000000000000e+00,1.000000000000000056e-01
9.961609830818040079e-01,-8.753026188076881708e-02,-1.322512978344625879e-03,7.654615846308918492e+01,8.750208940485595943e-02,9.960591154323191754e-01,-1.447836019618615154e-02,6.491357606481084730e+00,2.584595766933982328e-03,1.430705487757506257e-02,9.998943084373725920e-01,1.088736772813463372e+00,0.000000000000000000e+00,0.000000000000000000e+00,0.000000000000000000e+00,1.000000000000000056e-01
9.968117196246286671e-01,-7.977084254498212346e-02,1.734444768340155305e-03,7.710043221297691218e+01,7.978869921832668077e-02,9.966723956242312665e-01,-1.667031126593541621e-02,6.516088949716956513e+00,-3.988684471687222203e-04,1.675555073160679351e-02,9.998595363468022468e-01,1.103438500222748031e+00,0.000000000000000000e+00,0.000000000000000000e+00,0.000000000000000000e+00,1.000000000000000056e-01
9.974372252954327722e-01,-7.148438337189505498e-02,2.994082311489451760e-03,7.762968915533920722e+01,7.152914793037315477e-02,9.972503066481893663e-01,-1.937541964570479655e-02,6.547765068362929597e+00,-1.600809577317867036e-03,1.953992896692064926e-02,9.998077958211092353e-01,1.117659412185047829e+00,0.000000000000000000e+00,0.000000000000000000e+00,0.000000000000000000e+00,1.000000000000000056e-01
9.982417282685881466e-01,-5.915997059534254532e-02,3.681008353755818412e-03,7.810760172286647673e+01,5.921220053081141521e-02,9.981135734101511670e-01,-1.622374441113258112e-02,6.579341328350524876e+00,-2.714268159410880912e-03,1.641317926475501995e-02,9.998616105715739666e-01,1.129216560463370156e+00,0.000000000000000000e+00,0.000000000000000000e+00,0.000000000000000000e+00,1.000000000000000056e-01
9.989911676891083392e-01,-4.480278388540246542e-02,3.058992525268778087e-03,7.859200668327598294e+01,4.483727178039709910e-02,9.989181880994224549e-01,-1.233176968069174366e-02,6.609718582169683998e+00,-2.503185658822573538e-03,1.245648587221706745e-02,9.999192817529186650e-01,1.134621323452763564e+00,0.000000000000000000e+00,0.000000000000000000e+00,0.000000000000000000e+00,1.000000000000000056e-01
9.996262245102249810e-01,-2.725324188386845509e-02,2.161499075326727380e-03,7.905641582397961997e+01,2.726819950196845976e-02,9.996020644230143581e-01,-7.222056297801954239e-03,6.621371549320246075e+00,-1.963814490762121404e-03,7.278297058181389806e-03,9.999715845085692667e-01,1.134314179457778682e+00,0.000000000000000000e+00,0.000000000000000000e+00,0.000000000000000000e+00,1.000000000000000056e-01
9.999808629386257586e-01,-5.031038008297910799e-03,3.600335134452048967e-03,7.953837337657500939e+01,5.056362741782154807e-03,9.999622954666859131e-01,-7.059804587936347429e-03,6.639624745385575011e+00,-3.564681240282966367e-03,7.077874084454430052e-03,9.999685978800033626e-01,1.149006076106882546e+00,0.000000000000000000e+00,0.000000000000000000e+00,0.000000000000000000e+00,1.000000000000000056e-01
9.997907269963760557e-01,1.992312018717063565e-02,4.644512252691146599e-03,8.001716582891525320e+01,-1.987899019963977609e-02,9.997585641486738117e-01,-9.361578927969207292e-03,6.625193346816305784e+00,-4.829902763045038246e-03,9.267291588674935604e-03,9.999453931820027064e-01,1.163214945355848462e+00,0.000000000000000000e+00,0.000000000000000000e+00,0.000000000000000000e+00,1.000000000000000056e-01
9.988025657773140775e-01,4.854274333319544971e-02,6.085775738690167927e-03,8.049003900793971411e+01,-4.847419508710096997e-02,9.987644533364267163e-01,-1.094619396166482059e-02,6.617380828222709788e+00,-6.609614762737442417e-03,1.063808353399335258e-02,9.999215690099958476e-01,1.169822838341924909e+00,0.000000000000000000e+00,0.000000000000000000e+00,0.000000000000000000e+00,1.000000000000000056e-01
9.967321044143478970e-01,8.025789541491694379e-02,9.153264626006855226e-03,8.099080034060051503e+01,-8.015401306695306427e-02,9.967195440769968107e-01,-1.120199286762738229e-02,6.574181014975327031e+00,-1.002228611685834075e-02,1.043171503214652442e-02,9.998953610765878297e-01,1.175524744120449050e+00,0.000000000000000000e+00,0.000000000000000000e+00,0.000000000000000000e+00,1.000000000000000056e-01
