1.000000000000000000e+00,4.637125831797443386e-13,-9.200433820741828084e-13,4.013774701633155813e-20,-4.637125831800197962e-13,1.000000000000000000e+00,-2.994177813090477226e-13,-1.373287665010369447e-19,9.200433820740438679e-13,2.994177813094743386e-13,1.000000000000000000e+00,3.226413226727189000e-19,0.000000000000000000e+00,0.000000000000000000e+00,0.000000000000000000e+00,1.000000000000000056e-01
9.999920489302922544e-01,-3.983505231912843995e-03,-1.837451040414778494e-04,6.556251628190565839e-01,3.982950267341364183e-03,9.999877820654983207e-01,-2.927768244461384593e-03,7.032134754219748936e-03,1.954056391754718585e-04,2.927013117960719762e-03,9.999956971961646568e-01,2.039164653088556753e-03,0.000000000000000000e+00,0.000000000000000000e+00,0.000000000000000000e+00,1.000000000000000056e-01
9.999536096631063131e-01,-9.338765564560817106e-03,-2.359232810490190322e-03,1.325919195750169255e+00,9.335482092593067743e-03,9.999554448583650723e-01,-1.398953969269185402e-03,9.434093627946452815e-03,2.372192197692785717e-03,1.376864495668663011e-03,9.999962384670942894e-01,6.225781705926057737e-03,0.000000000000000000e+00,0.000000000000000000e+00,0.000000000000000000e+00,1.000000000000000056e-01
9.998860098487114545e-01,-1.492014843714400268e-02,-2.314406929661217121e-03,2.043405596080255737e+00,1.491843621704783129e-02,9.998884286534891475e-01,-7.553182734901808543e-04,3.311702182377963669e-04,2.325418168921461557e-03,7.207048424854702387e-04,9.999970365030437236e-01,4.949658411522472358e-03,0.000000000000000000e+00,0.000000000000000000e+00,0.000000000000000000e+00,1.000000000000000056e-01
9.997913650634789873e-01,-1.995389114046589377e-02,-4.366757705623875059e-03,2.738281552503425420e+00,1.995513444874601541e-02,9.998008473530035634e-01,2.413324440436164105e-04,8.605338764413581615e-03,4.361072532950898382e-03,-3.284213307852950074e-04,9.999904365471661283e-01,1.027280056553379201e-02,0.000000000000000000e+00,0.000000000000000000e+00,0.000000000000000000e+00,1.000000000000000056e-01
9.996855903626108431e-01,-2.429323647411190876e-02,-6.209596039294019813e-03,3.444250031684934044e+00,2.429290464748002851e-02,9.997048755391185759e-01,-1.288685529094504834e-04,1.027018562160598308e-02,6.210894069840536789e-03,-2.202108908747991094e-05,9.999807119689483326e-01,2.510192676110672982e-02,0.000000000000000000e+00,0.000000000000000000e+00,0.000000000000000000e+00,1.000000000000000056e-01
9.995199037034194767e-01,-2.999371833618024244e-02,-7.767815721100966228e-03,4.165172457996564326e+00,2.999507482305057218e-02,9.995500448219417633e-01,5.816196250481193715e-05,4.501324454624687499e-02,7.762576058673805596e-03,-2.911302529281034959e-04,9.999698283728910564e-01,4.345722018193669961e-02,0.000000000000000000e+00,0.000000000000000000e+00,0.000000000000000000e+00,1.000000000000000056e-01
9.993681495047584962e-01,-3.449243050279297840e-02,-8.577528399528773842e-03,4.933997971037289432e+00,3.452187855180890996e-02,9.993984639861857033e-01,3.309091009162548874e-03,7.327632409170754813e-02,8.458230115625986825e-03,-3.603112552052834764e-03,9.999577370685465150e-01,5.547602372065535414e-02,0.000000000000000000e+00,0.000000000000000000e+00,0.000000000000000000e+00,1.000000000000000056e-01
9.992711913260363676e-01,-3.751682231000666445e-02,-7.040896931738585204e-03,5.704675867520374588e+00,3.754511870841921450e-02,9.992872031186808002e-01,3.930616289480474805e-03,1.089924763692198401e-01,6.888413969462695366e-03,-4.192102933350548392e-03,9.999674874844589612e-01,6.073699877343813336e-02,0.000000000000000000e+00,0.000000000000000000e+00,0.000000000000000000e+00,1.000000000000000056e-01
9.990778255065422275e-01,-4.261604695357001926e-02,-5.231741886823231859e-03,6.498389350431208022e+00,4.263716064927479399e-02,9.990826446090546042e-01,3.992714959200697675e-03,1.632864187701406899e-01,5.056788792025801275e-03,-4.212099598609696932e-03,9.999783433175362113e-01,7.189159190061709948e-02,0.000000000000000000e+00,0.000000000000000000e+00,0.000000000000000000e+00,1.000000000000000056e-01
9.988440936953461025e-01,-4.794462431367826905e-02,-3.433582581353113346e-03,7.323919631565531496e+00,4.795389308574853071e-02,9.988459818440799109e-01,2.669961021554965487e-03,1.979228400575559210e-01,3.301609886603763117e-03,-2.831528448784265649e-03,9.999905408646625471e-01,9.223462174532474911e-02,0.000000000000000000e+00,0.000000000000000000e+00,0.000000000000000000e+00,1.000000000000000056e-01
9.987652384818042073e-01,-4.959300493590940856e-02,-2.921003562403818535e-03,8.140522802546598768e+00,4.960218829395458134e-02,9.987640544820004518e-01,3.160125175803132208e-03,2.445799672461563823e-01,2.760673257701108229e-03,-3.301111343553034781e-03,9.999907406306628443e-01,1.072237782566672210e-01,0.000000000000000000e+00,0.000000000000000000e+00,0.000000000000000000e+00,1.000000000000000056e-01
9.986094379789126618e-01,-5.258807874649500114e-02,-3.699236839211800156e-03,8.987906758972101784e+00,5.260022449666014455e-02,9.986103079527171023e-01,3.266379261590907166e-03,2.950576696658400166e-01,3.522323429370870836e-03,-3.456417846852127742e-03,9.999878231325254330e-01,1.161584560978511232e-01,0.000000000000000000e+00,0.000000000000000000e+00,0.000000000000000000e+00,1.000000000000000056e-01
9.986202222867788247e-01,-5.239970858757479755e-02,-3.452850972976820570e-03,9.668659298502486621e+00,5.241740526433454062e-02,9.986114562569006203e-01,5.251195847301692518e-03,3.770544824976347908e-01,3.172895406227547923e-03,-5.424939853071703705e-03,9.999802511861580756e-01,1.339983388462757385e-01,0.000000000000000000e+00,0.000000000000000000e+00,0.000000000000000000e+00,1.000000000000000056e-01
9.983581277756469197e-01,-5.714669928883112093e-02,-3.911964301604502203e-03,1.042330258094452766e+01,5.716797620548767778e-02,9.983490795420466579e-01,5.562182495838669319e-03,4.406510775763665677e-01,3.587645589228907403e-03,-5.776689185002811464e-03,9.999768790633041249e-01,1.408325505569058000e-01,0.000000000000000000e+00,0.000000000000000000e+00,0.000000000000000000e+00,1.000000000000000056e-01
9.982181368628448848e-01,-5.950292814786631301e-02,-4.466853467549262123e-03,1.125050661566851851e+01,5.952096863595095211e-02,9.982189584580193342e-01,4.020605380451345787e-03,4.915039174012643119e-01,4.219660022897695102e-03,-4.279312657078260251e-03,9.999819408131699339e-01,1.621658274063401406e-01,0.000000000000000000e+00,0.000000000000000000e+00,0.000000000000000000e+00,1.000000000000000056e-01
9.980161690734692392e-01,-6.270658492331507294e-02,-5.622319376505391722e-03,1.214234562204073420e+01,6.273349659623789210e-02,9.980190339588098647e-01,4.745130212520758117e-03,5.559199524045412844e-01,5.313630842104188207e-03,-5.088424429923707124e-03,9.999729362658245080e-01,1.753768875267649463e-01,0.000000000000000000e+00,0.000000000000000000e+00,0.000000000000000000e+00,1.000000000000000056e-01
9.978778555749405754e-01,-6.471114274797397370e-02,-7.228648380536133698e-03,1.304139639734854050e+01,6.476194459338634191e-02,9.978759810930780683e-01,7.029714788667052947e-03,6.335385030547735496e-01,6.758393717537406788e-03,-7.482938044523877383e-03,9.999491635841196713e-01,1.886909163484523921e-01,0.000000000000000000e+00,0.000000000000000000e+00,0.000000000000000000e+00,1.000000000000000056e-01
9.980240231123247430e-01,-6.193466188019246949e-02,-1.058994563140216658e-02,1.391674450863658130e+01,6.204150419330917848e-02,9.980226996940582129e-01,1.007683744114821686e-02,6.960315056128485445e-01,9.944900608926110497e-03,-1.071394199956120230e-02,9.998931494908386286e-01,1.947488913587281933e-01,0.000000000000000000e+00,0.000000000000000000e+00,0.000000000000000000e+00,1.000000000000000056e-01
9.970390766933607818e-01,-7.651037832123470939e-02,-7.696853616399184327e-03,1.488516277373039998e+01,7.658284765252289239e-02,9.970169302626924468e-01,9.607716429412688219e-03,7.832940454610288761e-01,6.938803346486110100e-03,-1.016871568582172758e-02,9.999242222435756888e-01,2.069830623846126150e-01,0.000000000000000000e+00,0.000000000000000000e+00,0.000000000000000000e+00,1.000000000000000056e-01
9.966744266487455040e-01,-8.117849013728753449e-02,-7.080960628667817315e-03,1.584680749180130022e+01,8.123230020190563838e-02,9.966656477552859883e-01,7.674632788845925022e-03,8.791521202895912213e-01,6.434335109544255839e-03,-8.224312954068493595e-03,9.999454785177698257e-01,2.183731585872790981e-01,0.000000000000000000e+00,0.000000000000000000e+00,0.000000000000000000e+00,1.000000000000000056e-01
9.965371004307594927e-01,-8.290388096200251855e-02,-6.383884905946610525e-03,1.675520504647323605e+01,8.295181455845271334e-02,9.965241954617535258e-01,7.650119003318965258e-03,9.718044459238951438e-01,5.727471214622569320e-03,-8.153182246398322022e-03,9.999503596142873540e-01,2.372523151900858829e-01,0.000000000000000000e+00,0.000000000000000000e+00,0.000000000000000000e+00,1.000000000000000056e-01
9.963200860054303165e-01,-8.554063328871717997e-02,-5.393169633637013259e-03,1.764716404303849373e+01,8.558352954659824430e-02,9.962964283866249104e-01,8.299774358462732801e-03,1.060294475655034763e+00,4.663227688899400890e-03,-8.730798395339444892e-03,9.999510125335647759e-01,2.601382930122002612e-01,0.000000000000000000e+00,0.000000000000000000e+00,0.000000000000000000e+00,1.000000000000000056e-01
9.962664590790052399e-01,-8.615031355829531889e-02,-5.591599770026162673e-03,1.855634716050830946e+01,8.619141008464607789e-02,9.962497640870555671e-01,7.579471228683690859e-03,1.144419306108475309e+00,4.917656128800621494e-03,-8.033120831499434775e-03,9.999556418301290828e-01,2.638652629381383341e-01,0.000000000000000000e+00,0.000000000000000000e+00,0.000000000000000000e+00,1.000000000000000056e-01
9.960713201196247368e-01,-8.836240378263432449e-02,-5.831880734622200968e-03,1.949420127960664573e+01,8.838911452401640445e-02,9.960758898572620312e-01,4.492892022291543677e-03,1.229382960640237332e+00,5.411993053254729111e-03,-4.990715661941794515e-03,9.999729011770134290e-01,2.816966543339077256e-01,0.000000000000000000e+00,0.000000000000000000e+00,0.000000000000000000e+00,1.000000000000000056e-01
9.959299204382962012e-01,-9.003759050067103309e-02,-4.101935226504941669e-03,2.042574558094468173e+01,9.004797338416903330e-02,9.959344872196175258e-01,2.420672634079045794e-03,1.312586361595238671e+00,3.867307225053895174e-03,-2.780191257965407281e-03,9.999886571713682004e-01,2.999746330193888699e-01,0.000000000000000000e+00,0.000000000000000000e+00,0.000000000000000000e+00,1.000000000000000056e-01
9.960379144405990814e-01,-8.892914288289774372e-02,2.838008718754630620e-04,2.134859395557923989e+01,8.892801321202389864e-02,9.960341562779753133e-01,2.787112086727864483e-03,1.408211022762785092e+00,-5.305308509607042228e-04,-2.750831462492883423e-03,9.999960757239405584e-01,3.078162039945521178e-01,0.000000000000000000e+00,0.000000000000000000e+00,0.000000000000000000e+00,1.000000000000000056e-01
9.959223180470464509e-01,-9.016857668282807214e-02,2.892091767320546791e-03,2.229745585099036376e+01,9.016668353169016159e-02,9.959263842304583170e-01,7.787005467536931100e-04,1.501433624254894461e+00,-2.950524816653149127e-03,-5.147549304588424322e-04,9.999955147052750348e-01,3.175670802993980635e-01,0.000000000000000000e+00,0.000000000000000000e+00,0.000000000000000000e+00,1.000000000000000056e-01
9.959843206514135128e-01,-8.928390180947520793e-02,6.604384469292048400e-03,2.327501115737880966e+01,8.928158226305574208e-02,9.960062158486772121e-01,6.458013653267177627e-04,1.594758083318191355e+00,-6.635667648959603544e-03,-5.355813882874054096e-05,9.999779822807991492e-01,3.288924221423924488e-01,0.000000000000000000e+00,0.000000000000000000e+00,0.000000000000000000e+00,1.000000000000000056e-01
9.961634346694038245e-01,-8.715129608745610101e-02,7.941222697610706566e-03,2.420781455337339594e+01,8.716412027764160186e-02,9.961931393168464988e-01,-1.282698043546051832e-03,1.689941100117970274e+00,-7.799202772163123243e-03,1.969966579068636869e-03,9.999676453104850982e-01,3.397774072723889760e-01,0.000000000000000000e+00,0.000000000000000000e+00,0.000000000000000000e+00,1.000000000000000056e-01
9.962141971688683872e-01,-8.674579167716776895e-02,5.695698858643073216e-03,2.516506664536920113e+01,8.676317582207097867e-02,9.962248051838692442e-01,-2.879037622215076427e-03,1.768256446803560644e+00,-5.424452088030285064e-03,3.362315074935977831e-03,9.999796348710715543e-01,3.452463613157363276e-01,0.000000000000000000e+00,0.000000000000000000e+00,0.000000000000000000e+00,1.000000000000000056e-01
9.965066208535126036e-01,-8.351064234786993723e-02,7.260921152620147898e-04,2.610857034182753367e+01,8.351293477065734050e-02,9.964981965913828343e-01,-4.115083974061693566e-03,1.868297840464113957e+00,-3.798961774285028892e-04,4.161346508980027191e-03,9.999912693989515544e-01,3.478413660700498400e-01,0.000000000000000000e+00,0.000000000000000000e+00,0.000000000000000000e+00,1.000000000000000056e-01
9.965379319794019919e-01,-8.313148326026653656e-02,-1.143073560568888276e-03,2.706236334915227104e+01,8.312455557676812212e-02,9.965258148223681278e-01,-5.158357566134474936e-03,1.953038426906631875e+00,1.567924227007394273e-03,5.045481499652108848e-03,9.999860422676183358e-01,3.568286537298108740e-01,0.000000000000000000e+00,0.000000000000000000e+00,0.000000000000000000e+00,1.000000000000000056e-01
9.966260779751652255e-01,-8.205111059991594680e-02,2.018898006405454165e-03,2.804124941673995508e+01,8.206404247947303443e-02,9.965989360702129929e-01,-7.486892255580752074e-03,2.033646480106790388e+00,-1.397723780705639263e-03,7.627310996661464289e-03,9.999699347956382267e-01,3.645315201352067880e-01,0.000000000000000000e+00,0.000000000000000000e+00,0.000000000000000000e+00,1.000000000000000056e-01
9.966271452600296010e-01,-8.168171580754786387e-02,7.901305814787066770e-03,2.904259662972824074e+01,8.175138330566776579e-02,9.966126839826880968e-01,-8.936971099448565853e-03,2.109437444314012922e+00,-7.144554461517533400e-03,9.552770674394771289e-03,9.999288474256500248e-01,3.825294622906413866e-01,0.000000000000000000e+00,0.000000000000000000e+00,0.000000000000000000e+00,1.000000000000000056e-01
9.967634361425184997e-01,-7.974251718563400704e-02,1.018740998773893895e-02,2.998447595307833780e+01,7.985495201447746771e-02,9.967441068315331387e-01,-1.115222557944427033e-02,2.178939170208716636e+00,-9.264934329228586077e-03,1.192964582492606236e-02,9.998859157635769934e-01,3.876635124662661802e-01,0.000000000000000000e+00,0.000000000000000000e+00,0.000000000000000000e+00,1.000000000000000056e-01
9.966543871573074753e-01,-8.120814393253523999e-02,9.234171274376038602e-03,3.088844047323389930e+01,8.137153773368648035e-02,9.965034285525690150e-01,-1.896285131065992072e-02,2.242473662090895381e+00,-7.661945376150033730e-03,1.965080766807312043e-02,9.997775454325052991e-01,3.997218455037754858e-01,0.000000000000000000e+00,0.000000000000000000e+00,0.000000000000000000e+00,1.000000000000000056e-01
9.966609229461023123e-01,-8.133019790223570966e-02,7.239031800357531923e-03,3.182338512355503113e+01,8.147674525633651077e-02,9.964099023260062360e-01,-2.299666343435141647e-02,2.318875799794582360e+00,-5.342719780922194212e-03,2.350968855306181937e-02,9.997093327010009300e-01,4.082347788267520761e-01,0.000000000000000000e+00,0.000000000000000000e+00,0.000000000000000000e+00,1.000000000000000056e-01
9.968387150973784250e-01,-7.937110793470966708e-02,3.578171072512570383e-03,3.279196583651486918e+01,7.943569939002684266e-02,9.965308799822573116e-01,-2.482287058752727371e-02,2.386181836050734084e+00,-1.595539226966051841e-03,2.502863294318139614e-02,9.996854614265282546e-01,4.080442926718697572e-01,0.000000000000000000e+00,0.000000000000000000e+00,0.000000000000000000e+00,1.000000000000000056e-01
9.966990641158987030e-01,-8.107688094302212267e-02,4.185088654085553951e-03,3.373783007054213101e+01,8.115732005278988859e-02,9.963783811626122366e-01,-2.536948863539229340e-02,2.463533986148407351e+00,-2.113052848502727094e-03,2.562539615934334922e-02,9.996693823856646066e-01,4.105650412011699890e-01,0.000000000000000000e+00,0.000000000000000000e+00,0.000000000000000000e+00,1.000000000000000056e-01
9.966832306557894539e-01,-8.120722286263457046e-02,5.284381182004012009e-03,3.469970927159288721e+01,8.131752196323663306e-02,9.963517283208886965e-01,-2.589776233068379410e-02,2.552481321251836910e+00,-3.162016966564696469e-03,2.624157820933145993e-02,9.996506295810485554e-01,4.270357378712265062e-01,0.000000000000000000e+00,0.000000000000000000e+00,0.000000000000000000e+00,1.000000000000000056e-01
9.966223497078313676e-01,-8.192139845832456524e-02,5.725079691454759874e-03,3.567164049037482698e+01,8.203838447292897962e-02,9.963250500501064089e-01,-2.461906000896076432e-02,2.633121166451778183e+00,-3.687212485466033300e-03,2.500558172259430625e-02,9.996805116369937849e-01,4.298729987674782538e-01,0.000000000000000000e+00,0.000000000000000000e+00,0.000000000000000000e+00,1.000000000000000056e-01
9.966972691435224130e-01,-8.107718737594009351e-02,4.587305205831408196e-03,3.663469931113501588e+01,8.116275782821409657e-02,9.964267708706381343e-01,-2.337299796841224228e-02,2.709133886313495942e+00,-2.675896777422232149e-03,2.366812158831857818e-02,9.997162895526495729e-01,4.472795601429615520e-01,0.000000000000000000e+00,0.000000000000000000e+00,0.000000000000000000e+00,1.000000000000000056e-01
9.965149153658170444e-01,-8.314346832181590541e-02,6.722137225439983078e-03,3.762590284494046955e+01,8.327701037969992282e-02,9.962629903624460326e-01,-2.291273829763841238e-02,2.804293538370369543e+00,-4.791972003027796141e-03,2.339268495696699215e-02,9.997148689975688951e-01,4.594443606604277641e-01,0.000000000000000000e+00,0.000000000000000000e+00,0.000000000000000000e+00,1.000000000000000056e-01
9.966703687965726699e-01,-8.094473738689898779e-02,9.804358840318693966e-03,3.861164001932895928e+01,8.114929666479285542e-02,9.964443152026896122e-01,-2.266094329573294791e-02,2.889772011747765212e+00,-7.935213526630282774e-03,2.338110753597748281e-02,9.996951316259762299e-01,4.826150204194727400e-01,0.000000000000000000e+00,0.000000000000000000e+00,0.000000000000000000e+00,1.000000000000000056e-01
9.967126664872160147e-01,-8.021740480905849291e-02,1.135906816791145552e-02,3.960415201365570681e+01,8.040965736415904563e-02,9.966061200503587569e-01,-1.762181831561186740e-02,2.976409494565238845e+00,-9.906940320914655457e-03,1.847726830106465046e-02,9.997801973882101123e-01,4.883291771425455896e-01,0.000000000000000000e+00,0.000000000000000000e+00,0.000000000000000000e+00,1.000000000000000056e-01
9.965845886154746092e-01,-8.200476878618317977e-02,9.714712062123162864e-03,4.060003494386195655e+01,8.217941433254660755e-02,9.964326093143592855e-01,-1.919893108840051155e-02,3.056963935586544334e+00,-8.105651983952915848e-03,1.993170818826507651e-02,9.997684859079190023e-01,5.031812679325726734e-01,0.000000000000000000e+00,0.000000000000000000e+00,0.000000000000000000e+00,1.000000000000000056e-01
9.965717755995652238e-01,-8.230679479884792094e-02,8.383770528232506805e-03,4.160635676575340369e+01,8.242644281274524865e-02,9.964828133122799469e-01,-1.509583712422223403e-02,3.134335843015968237e+00,-7.111793273637518828e-03,1.573512958904852224e-02,9.998509029316565710e-01,5.291027903338959559e-01,0.000000000000000000e+00,0.000000000000000000e+00,0.000000000000000000e+00,1.000000000000000056e-01
9.964948683009644537e-01,-8.340070062975414589e-02,6.503889936779163466e-03,4.263108735818742190e+01,8.348401198966955150e-02,9.964134369798556268e-01,-1.380877793651927136e-02,3.192696785981871344e+00,-5.328901570898424492e-03,1.430334717671059679e-02,9.998835017478736598e-01,5.346485273335124244e-01,0.000000000000000000e+00,0.000000000000000000e+00,0.000000000000000000e+00,1.000000000000000056e-01
9.965679441305712594e-01,-8.236038048435645464e-02,8.312668514896943278e-03,4.365065198319153694e+01,8.247592596645278440e-02,9.964850232964387322e-01,-1.467378553312512907e-02,3.279626853836667966e+00,-7.074911119068621849e-03,1.530901931437773228e-02,9.998577796668330908e-01,5.479820890119925236e-01,0.000000000000000000e+00,0.000000000000000000e+00,0.000000000000000000e+00,1.000000000000000056e-01
9.966575803027093450e-01,-8.119811554585637525e-02,8.974054654967054956e-03,4.464138737752947605e+01,8.134618281087352409e-02,9.965306231838030326e-01,-1.759305541971144596e-02,3.367501378160461023e+00,-7.514397331025443084e-03,1.826425713525879277e-02,9.998049563510118531e-01,5.662950849135138798e-01,0.000000000000000000e+00,0.000000000000000000e+00,0.000000000000000000e+00,1.000000000000000056e-01
9.965047373402281528e-01,-8.291800148856447172e-02,1.014462851095228671e-02,4.562247703546994160e+01,8.307714366382663862e-02,9.964077474069376050e-01,-1.642525823517738612e-02,3.461179777647094280e+00,-8.746236856083670214e-03,1.721063440361139327e-02,9.998136313355017180e-01,5.776695823048322298e-01,0.000000000000000000e+00,0.000000000000000000e+00,0.000000000000000000e+00,1.000000000000000056e-01
9.958606020328680808e-01,-9.047445391011371685e-02,8.719776854952803261e-03,4.653478322629370467e+01,9.060216894439418467e-02,9.957653838799032098e-01,-1.557392850504972157e-02,3.532946868679850194e+00,-7.273809270589645312e-03,1.629949251282551345e-02,9.998406964324464408e-01,5.890147523781086303e-01,0.000000000000000000e+00,0.000000000000000000e+00,0.000000000000000000e+00,1.000000000000000056e-01
9.960830765413855037e-01,-8.833707565892894020e-02,3.881454866026286601e-03,4.748234683162112191e+01,8.838692183320846774e-02,9.959664501658312963e-01,-1.544610607638401134e-02,3.629104335539476089e+00,-2.501334983289717033e-03,1.572867470899176612e-02,9.998731680144237188e-01,5.882734456786451460e-01,0.000000000000000000e+00,0.000000000000000000e+00,0.000000000000000000e+00,1.000000000000000056e-01
9.962423498194669103e-01,-8.657655647825521217e-02,2.383336852894042505e-03,4.843215509508141992e+01,8.660545007413891772e-02,9.960814900839932706e-01,-1.792096898907416525e-02,3.720306047036212593e+00,-8.224619399751539450e-04,1.806003821754021549e-02,9.998365659326219346e-01,5.926608398568299352e-01,0.000000000000000000e+00,0.000000000000000000e+00,0.000000000000000000e+00,1.000000000000000056e-01
9.963998336522505994e-01,-8.467720399167524836e-02,4.140364950032421332e-03,4.940503603566398283e+01,8.473821845995926916e-02,9.962423917754027469e-01,-1.790338408952748400e-02,3.826530451651850573e+00,-2.608798573953113181e-03,1.818977607825734283e-02,9.998311488527567015e-01,6.047897852199174418e-01,0.000000000000000000e+00,0.000000000000000000e+00,0.000000000000000000e+00,1.000000000000000056e-01
9.964890325758363199e-01,-8.354184685188918713e-02,5.510696929548673101e-03,5.042217907154410739e+01,8.362464395522185845e-02,9.963512729893384545e-01,-1.706047290924793750e-02,3.924141775947977084e+00,-4.065326485809064166e-03,1.746140421330137985e-02,9.998392733251997289e-01,6.290711209654693548e-01,0.000000000000000000e+00,0.000000000000000000e+00,0.000000000000000000e+00,1.000000000000000056e-01
9.965959496994668543e-01,-8.227078624128404682e-02,5.294409679904485064e-03,5.136694069661945861e+01,8.235505400724753289e-02,9.964334021929266427e-01,-1.838804159481248826e-02,4.010248674079912590e+00,-3.762728010507731743e-03,1.876146917142048134e-02,9.998169078148502198e-01,6.370322822277759700e-01,0.000000000000000000e+00,0.000000000000000000e+00,0.000000000000000000e+00,1.000000000000000056e-01
9.967087439446334907e-01,-8.094933430808554098e-02,4.345689748343071340e-03,5.232304165331706258e+01,8.102045564238730124e-02,9.965123537693669764e-01,-1.997034182321474546e-02,4.097674475450966192e+00,-2.713947643378608610e-03,2.025670407825256106e-02,9.997911284003649923e-01,6.535253626069161825e-01,0.000000000000000000e+00,0.000000000000000000e+00,0.000000000000000000e+00,1.000000000000000056e-01
9.966712416958855014e-01,-8.143582277862715380e-02,3.826583953046052387e-03,5.330676959895097156e+01,8.150053814363167337e-02,9.964312935109150837e-01,-2.196223109028322060e-02,4.186004740039638961e+00,-2.024415639170229660e-03,2.220099278258959655e-02,9.997514779487887138e-01,6.763816954365563516e-01,0.000000000000000000e+00,0.000000000000000000e+00,0.000000000000000000e+00,1.000000000000000056e-01
9.966559337867053614e-01,-8.158394650577915908e-02,4.583592509433752175e-03,5.426414300197586726e+01,8.167048796379761111e-02,9.963745600429374516e-01,-2.382577375444316914e-02,4.265296793950859033e+00,-2.623174318561870277e-03,2.412044302629799686e-02,9.997056182620509546e-01,6.770989939438030181e-01,0.000000000000000000e+00,0.000000000000000000e+00,0.000000000000000000e+00,1.000000000000000056e-01
9.965735353922232642e-01,-8.223089755483643792e-02,8.903260255159129583e-03,5.521370436563380224e+01,8.243974146276610016e-02,9.962463608284591876e-01,-2.639843865844826790e-02,4.338008610437738000e+00,-6.699073323780448466e-03,2.704196781629556942e-02,9.996118518671259778e-01,6.948177009425046124e-01,0.000000000000000000e+00,0.000000000000000000e+00,0.000000000000000000e+00,1.000000000000000056e-01
9.963549001277376416e-01,-8.427761999289649919e-02,1.319832412766664374e-02,5.616323045561202321e+01,8.459239219744750515e-02,9.960905599976001001e-01,-2.545041190198287645e-02,4.425614949143278132e+00,-1.100182592841930131e-02,2.647412041976654473e-02,9.995889559084976117e-01,7.215484559294136346e-01,0.000000000000000000e+00,0.000000000000000000e+00,0.000000000000000000e+00,1.000000000000000056e-01
9.961969126287799625e-01,-8.600858612247468116e-02,1.393679956445619504e-02,5.712020758341193982e+01,8.630585178184561890e-02,9.960178873442847580e-01,-2.235325565634270137e-02,4.500124411813954062e+00,-1.195872974429416057e-02,2.347107162957365670e-02,9.996529885812688310e-01,7.197654055331075273e-01,0.000000000000000000e+00,0.000000000000000000e+00,0.000000000000000000e+00,1.000000000000000056e-01
9.961866962584585705e-01,-8.679323718026241141e-02,8.888204398427359057e-03,5.801549304227840764e+01,8.697606487511472251e-02,9.959492260953765053e-01,-2.281015516958215597e-02,4.582248931485437105e+00,-6.872433084239118126e-03,2.349623416190974382e-02,9.997003034128334464e-01,7.325592604515763773e-01,0.000000000000000000e+00,0.000000000000000000e+00,0.000000000000000000e+00,1.000000000000000056e-01
9.959990791754708139e-01,-8.928075614655321679e-02,3.844588861493761223e-03,5.894490381740096296e+01,8.934292349996479643e-02,9.957709137939572130e-01,-2.140395436424774242e-02,4.659169349374203684e+00,-1.917368533605356973e-03,2.166180564604580291e-02,9.997635169749190531e-01,7.479771936912662511e-01,0.000000000000000000e+00,0.000000000000000000e+00,0.000000000000000000e+00,1.000000000000000056e-01
9.959968791049804704e-01,-8.938801258643808145e-02,-4.357259359184925337e-06,5.989347799875888967e+01,8.936813134043286588e-02,9.957763800043318847e-01,-2.104134326005511688e-02,4.759966861198220656e+00,1.885182712116799993e-03,2.095672281906481652e-02,9.997786064198547207e-01,7.621534032320842478e-01,0.000000000000000000e+00,0.000000000000000000e+00,0.000000000000000000e+00,1.000000000000000056e-01
9.959666736862832215e-01,-8.972368044539759391e-02,-2.146476480884999599e-04,6.079869205944542898e+01,8.970667065666289297e-02,9.958190906939590192e-01,-1.723519217048744001e-02,4.851179364188531018e+00,1.760155100458920489e-03,1.714642169050994286e-02,9.998514400035805050e-01,7.723829311011881638e-01,0.000000000000000000e+00,0.000000000000000000e+00,0.000000000000000000e+00,1.000000000000000056e-01
9.958089105071277203e-01,-9.145826224644847124e-02,-4.633256814679854486e-06,6.173889248278309339e+01,9.144656058095522455e-02,9.956823091275940341e-01,-1.594571567086352365e-02,4.943420677186033174e+00,1.462980697377160803e-03,1.587846205405905181e-02,9.998728589827192703e-01,7.917415342143407919e-01,0.000000000000000000e+00,0.000000000000000000e+00,0.000000000000000000e+00,1.000000000000000056e-01
9.956711337168154818e-01,-9.293056324853950223e-02,1.704082562705145493e-03,6.262261345475498331e+01,9.294496754646656977e-02,9.955846038430639089e-01,-1.313505228142869061e-02,5.029844695969430290e+00,-4.759105562944933960e-04,1.323657829496687616e-02,9.999122794046403362e-01,8.147343576589266556e-01,0.000000000000000000e+00,0.000000000000000000e+00,0.000000000000000000e+00,1.000000000000000056e-01
9.955477355018097496e-01,-9.424811281840177191e-02,1.414060602848480740e-03,6.344797171576598060e+01,9.425812330512652049e-02,9.954827872591096583e-01,-1.137657513621156795e-02,5.119601309695352320e+00,-3.354522533522103856e-04,1.145921031328583396e-02,9.999342848261487671e-01,8.319045432548507479e-01,0.000000000000000000e+00,0.000000000000000000e+00,0.000000000000000000e+00,1.000000000000000056e-01
9.953287361666048882e-01,-9.650660490080104070e-02,2.679957370876829420e-03,6.426590844820226778e+01,9.652890755314172400e-02,9.952793108206872130e-01,-1.006297465439206888e-02,5.204258937113833028e+00,-1.696162606016921081e-03,1.027466120213236557e-02,9.999457757146611447e-01,8.453517694848172725e-01,0.000000000000000000e+00,0.000000000000000000e+00,0.000000000000000000e+00,1.000000000000000056e-01
9.953689747385735531e-01,-9.606415351242042489e-02,3.504645177898736350e-03,6.505512811756182145e+01,9.609699900185228461e-02,9.953125673949207997e-01,-1.087473993111137162e-02,5.287950162530486331e+00,-2.443544703672689312e-03,1.116116461994133384e-02,9.999347266164965164e-01,8.613163806140835543e-01,0.000000000000000000e+00,0.000000000000000000e+00,0.000000000000000000e+00,1.000000000000000056e-01
9.952903225038437496e-01,-9.688228302254314750e-02,3.316197601864028996e-03,6.585060370715278566e+01,9.691491072157998321e-02,9.952233049944542165e-01,-1.175045853334127401e-02,5.366651677483934790e+00,-2.161945888069975383e-03,1.201650665773705030e-02,9.999254620009041528e-01,8.752506671270232630e-01,0.000000000000000000e+00,0.000000000000000000e+00,0.000000000000000000e+00,1.000000000000000056e-01
9.953071667845002635e-01,-9.667853110052262999e-02,4.111614239724717922e-03,6.659470215655419167e+01,9.672259406707592322e-02,9.952344201307716798e-01,-1.237694566128129565e-02,5.442283789357026613e+00,-2.895435087630191320e-03,1.271654871464490168e-02,9.999149493054103610e-01,8.934207996481861036e-01,0.000000000000000000e+00,0.000000000000000000e+00,0.000000000000000000e+00,1.000000000000000056e-01
9.953288888502858089e-01,-9.638853571332449410e-02,5.445475470209710546e-03,6.739479315653714764e+01,9.644461750787790277e-02,9.952753564646249496e-01,-1.119823950328493675e-02,5.532087953556311000e+00,-4.340365631443600207e-03,1.167111808075687804e-02,9.999224701090232426e-01,8.968203244534783680e-01,0.000000000000000000e+00,0.000000000000000000e+00,0.000000000000000000e+00,1.000000000000000056e-01
9.950864053429014922e-01,-9.858392754136043046e-02,9.179059443236109103e-03,6.814091416735388407e+01,9.867991026266535737e-02,9.950620551777697997e-01,-1.066684845422622568e-02,5.607735690134466822e+00,-8.082153939079328095e-03,1.152022464680767244e-02,9.999009767030894169e-01,9.063802000949587878e-01,0.000000000000000000e+00,0.000000000000000000e+00,0.000000000000000000e+00,1.000000000000000056e-01
9.949222090759587411e-01,-9.990243956796134028e-02,1.221885656614541890e-02,6.886960366929849897e+01,1.000290133879633142e-01,9.949319648089134382e-01,-1.022652835059956189e-02,5.686966089404392299e+00,-1.113527584053753891e-02,1.139684034479700181e-02,9.998730507730020367e-01,9.209708576273596403e-01,0.000000000000000000e+00,0.000000000000000000e+00,0.000000000000000000e+00,1.000000000000000056e-01
9.948701111050618495e-01,-1.008321446638408420e-01,8.144975892673796472e-03,6.956079176735329384e+01,1.008838093505221439e-01,9.948788831810264632e-01,-6.202000596663568427e-03,5.767138967800778282e+00,-7.477903498271681881e-03,6.991881217797446882e-03,9.999475959050587726e-01,9.355927897792293280e-01,0.000000000000000000e+00,0.000000000000000000e+00,0.000000000000000000e+00,1.000000000000000056e-01
9.948651168935820355e-01,-1.011652705083406767e-01,2.997871126925266781e-03,7.026085575370782976e+01,1.011850280814560188e-01,9.948400947127254978e-01,-7.401083983466218326e-03,5.844827050594467721e+00,-2.233669732604570083e-03,7.666419956512856605e-03,9.999681178540523740e-01,9.385748951671539775e-01,0.000000000000000000e+00,0.000000000000000000e+00,0.000000000000000000e+00,1.000000000000000056e-01
9.949066399350081635e-01,-1.007974207905692199e-01,-8.110334154662217137e-04,7.101307732748769297e+01,1.007865275825811091e-01,9.948695585108870976e-01,-8.754279307759465709e-03,5.923600776604265761e+00,1.689281231084860391e-03,8.627949369437256169e-03,9.999613516624533682e-01,9.667630308190239274e-01,0.000000000000000000e+00,0.000000000000000000e+00,0.000000000000000000e+00,1.000000000000000056e-01
9.947130695145799395e-01,-1.026881937756923546e-01,-1.021859074613480287e-03,7.174330443092669896e+01,1.026774088422020281e-01,9.946850435124439116e-01,-7.682052206203280990e-03,6.005310020099519974e+00,1.805284003641082543e-03,7.536515888220514207e-03,9.999699704880805617e-01,9.773027727555190225e-01,0.000000000000000000e+00,0.000000000000000000e+00,0.000000000000000000e+00,1.000000000000000056e-01
9.945546658389945449e-01,-1.042115283654773406e-01,9.869212822177302839e-04,7.242270629102398516e+01,1.042157237399007064e-01,9.945341849549611535e-01,-6.390452357988538577e-03,6.092399844481726667e+00,-3.155681458523615043e-04,6.458506925159936650e-03,9.999790938339876423e-01,9.883533901774607111e-01,0.000000000000000000e+00,0.000000000000000000e+00,0.000000000000000000e+00,1.000000000000000056e-01
9.944661150529615634e-01,-1.049849255247105040e-01,3.912981477198420807e-03,7.303417459182776383e+01,1.050057145124319025e-01,9.944561230448110134e-01,-5.551509562027179615e-03,6.149267616397721348e+00,-3.308463571441757397e-03,5.931673562715667619e-03,9.999769343927598086e-01,1.004398853377593381e+00,0.000000000000000000e+00,0.000000000000000000e+00,0.000000000000000000e+00,1.000000000000000056e-01
9.943931261300720248e-01,-1.057438476181668668e-01,7.412126338646903272e-04,7.360482984299061116e+01,1.057464425564353522e-01,9.943702844955452091e-01,-6.739970245267735451e-03,6.204086551798473792e+00,-2.432943104115428429e-05,6.780560681424528495e-03,9.999770114382251496e-01,1.014715493209219499e+00,0.000000000000000000e+00,0.000000000000000000e+00,0.000000000000000000e+00,1.000000000000000056e-01
9.945665927233251491e-01,-1.040858333430971921e-01,-1.852548511752271938e-03,7.423853481695195455e+01,1.040580708185027820e-01,9.945052306238686413e-01,-1.145705718312170496e-02,6.260787066165431902e+00,3.034886529486838149e-03,1.120203370102302101e-02,9.999326496843246037e-01,1.033828014279354779e+00,0.000000000000000000e+00,0.000000000000000000e+00,0.000000000000000000e+00,1.000000000000000056e-01
9.946344662714051710e-01,-1.033464050482047064e-01,-4.668947269929190659e-03,7.485512175494793041e+01,1.032610622168183140e-01,9.945283001215261542e-01,-1.583077026685401553e-02,6.314562102939283328e+00,6.279453387943089056e-03,1.526370928051037044e-02,9.998637845447492234e-01,1.055412314097677884e+00,0.000000000000000000e+00,0.000000000000000000e+00,0.000000000000000000e+00,1.000000000000000056e-01
9.951823682155143125e-01,-9.790712474961302259e-02,-5.123369616190961984e-03,7.544037680447702598e+01,9.782515204960121058e-02,9.951001364331184540e-01,-1.435124026910073597e-02,6.368157395132326926e+00,6.503354475407435026e-03,1.378090686612333873e-02,9.998838897524624514e-01,1.068711016429781280e+00,0.000000000000000000e+00,0.000000000000000000e+00,0.000000000000000000e+00,1.000000000000000056e-01
9.955539268934840980e-01,-9.409237295084645070e-02,-4.359357686875017270e-03,7.599935921908121372e+01,9.404097765078918425e-02,9.955098898695462495e-01,-1.078673696757184372e-02,6.445529154366006708e+00,5.354733368438360959e-03,1.032882008763005149e-02,9.999323188627069481e-01,1.072197604880723798e+00,0.000000000000000000e+00,0.000000000000000000e+00,0.000000000000000000e+00,1.000000000000000056e-01
9.961780980511296679e-01,-8.733479059745176409e-02,-1.353260704049651488e-03,7.654685230394090922e+01,8.730615163329895345e-02,9.960760495172999995e-01,-1.449618794693019810e-02,6.483701456069765889e+00,2.613972114863230035e-03,1.432263695373749146e-02,9.998940089931903641e-01,1.089916062415173137e+00,0.000000000000000000e+00,0.000000000000000000e+00,0.000000000000000000e+00,1.000000000000000056e-01
9.968275566831781287e-01,-7.957337553395822660e-02,1.702980674264448300e-03,7.710113052664203792e+01,7.959073954388425076e-02,9.966879118234952539e-01,-1.668893656822165172e-02,6.508323335936633924e+00,-3.693452353028914108e-04,1.677153335423458430e-02,9.998592797254246545e-01,1.104633704233456193e+00,0.000000000000000000e+00,0.000000000000000000e+00,0.000000000000000000e+00,1.000000000000000056e-01
9.974515953995062301e-01,-7.128493967372345752e-02,2.961791804513289397e-03,7.763039337973464171e+01,7.132914068359375026e-02,9.972642615232167884e-01,-1.939449349411052209e-02,6.539893881583938473e+00,-1.571153817983370754e-03,1.955633054196552478e-02,9.998075221818515379e-01,1.118870098090854803e+00,0.000000000000000000e+00,0.000000000000000000e+00,0.000000000000000000e+00,1.000000000000000056e-01
9.982537754436840993e-01,-5.895832544506450501e-02,3.649064694500457184e-03,7.810831197293097716e+01,5.901010914635863858e-02,9.981252260349215977e-01,-1.624315767551030854e-02,6.571373879210920421e+00,-2.684554146526087291e-03,1.643012518060981558e-02,9.998614124745408560e-01,1.130441407314069613e+00,0.000000000000000000e+00,0.000000000000000000e+00,0.000000000000000000e+00,1.000000000000000056e-01
9.990003853302364956e-01,-4.459892364457162389e-02,3.027560038179038376e-03,7.859272295107642492e+01,4.463308314281241168e-02,9.989270915981005583e-01,-1.235125744719633815e-02,6.601652737392447179e+00,-2.473458955774865062e-03,1.247404028796599527e-02,9.999191368904228883e-01,1.135860620969079582e+00,0.000000000000000000e+00,0.000000000000000000e+00,0.000000000000000000e+00,1.000000000000000056e-01
9.996318877286246574e-01,-2.704715392044880831e-02,2.130845116354719831e-03,7.905713450487934324e+01,2.706193116245926220e-02,9.996075288341137455e-01,-7.241559218483379669e-03,6.613210561603485971e+00,-1.934145254281216270e-03,7.296558295527818226e-03,9.999715092537263539e-01,1.135567123289291658e+00,0.000000000000000000e+00,0.000000000000000000e+00,0.000000000000000000e+00,1.000000000000000056e-01
9.999819989995646363e-01,-4.822934267726150352e-03,3.569451202076108411e-03,7.953909541770453018e+01,4.848115001281446367e-03,9.999631853962041017e-01,-7.079804602609079262e-03,6.631363805132597378e+00,-3.535174361917606863e-03,7.096982268962472029e-03,9.999685671984419599e-01,1.150273421785276140e+00,0.000000000000000000e+00,0.000000000000000000e+00,0.000000000000000000e+00,1.000000000000000056e-01
9.997866680829591290e-01,2.013304846676183812e-02,4.612882288753132089e-03,8.001788446752159700e+01,-2.008910680931957210e-02,9.997541727341401341e-01,-9.381998096297384029e-03,6.616832185950440426e+00,-4.800636538900177573e-03,9.287327931660248684e-03,9.999453482209471611e-01,1.164496093577495950e+00,0.000000000000000000e+00,0.000000000000000000e+00,0.000000000000000000e+00,1.000000000000000056e-01
9.987924550065642171e-01,4.875434779828856369e-02,6.053543815313588983e-03,8.049075582992809075e+01,-4.868599664758897771e-02,9.987539216432946843e-01,-1.096712052321108244e-02,6.608919909267795489e+00,-6.580695433718340009e-03,1.065915441783248097e-02,9.999215353590027444e-01,1.171117858058501771e+00,0.000000000000000000e+00,0.000000000000000000e+00,0.000000000000000000e+00,1.000000000000000056e-01
9.967152212646842591e-01,8.047099072323664337e-02,9.120710022377825910e-03,8.099150784718821683e+01,-8.036722755062226942e-02,9.967021297687751469e-01,-1.122378056691146313e-02,6.565613523601664170e+00,-9.993819846186968725e-03,1.045390675338374147e-02,9.998954142301451631e-01,1.176833889315622939e+00,0.000000000000000000e+00,0.000000000000000000e+00,0.000000000000000000e+00,1.000000000000000056e-01
