1.000000000000000000e+00,-9.805073627542638259e-14,4.018163018778565213e-14,6.186815069098702401e-21,9.805073627542676124e-14,1.000000000000000000e+00,-9.395568858771485568e-15,2.282298354315282831e-20,-4.018163018778473074e-14,9.395568858775426717e-15,1.000000000000000000e+00,-1.262684576162316258e-20,0.000000000000000000e+00,0.000000000000000000e+00,0.000000000000000000e+00,1.000000000000000056e-01
9.999970979428229878e-01,-2.266482087416882112e-03,-8.168016157279371983e-04,6.462950337411814683e-01,2.265290597816097505e-03,9.999963732197917343e-01,-1.456710599408513008e-03,1.709475400427748135e-02,8.201002618481128929e-04,1.454856078930673877e-03,9.999986054137026681e-01,6.593484117833588523e-03,0.000000000000000000e+00,0.000000000000000000e+00,0.000000000000000000e+00,1.000000000000000056e-01
9.999758305485257903e-01,-6.895615458749330094e-03,-8.881476403355435334e-04,1.299010191275548731e+00,6.894946030727817747e-03,9.999759448564357056e-01,-7.546043413920831963e-04,1.889583175749834018e-02,8.933297371782916068e-04,7.484623729716398778e-04,9.999993208827978597e-01,1.042917190661332011e-02,0.000000000000000000e+00,0.000000000000000000e+00,0.000000000000000000e+00,1.000000000000000056e-01
9.999237799186705411e-01,-1.193636631712501409e-02,-3.155552614289985468e-03,2.001015354378420597e+00,1.193591721658167348e-02,9.999287514228393237e-01,-1.611153639025629004e-04,2.351826417755705986e-02,3.157250917658919239e-03,1.234386688996896722e-04,9.999950082523102468e-01,1.659118893338302342e-02,0.000000000000000000e+00,0.000000000000000000e+00,0.000000000000000000e+00,1.000000000000000056e-01
9.998456295376992875e-01,-1.707135732234307465e-02,-4.157625949347230898e-03,2.705494402884017102e+00,1.706787495709964977e-02,9.998539532850754252e-01,-8.716333260759801492e-04,3.301890724984039155e-02,4.171898705698949203e-03,8.005369318146258063e-04,9.999909771601992459e-01,1.898336850507234552e-02,0.000000000000000000e+00,0.000000000000000000e+00,0.000000000000000000e+00,1.000000000000000056e-01
9.997468978838475184e-01,-2.212932338210359118e-02,-4.053790605596282147e-03,3.417110376484217671e+00,2.212815583888298049e-02,9.997550870424627423e-01,-3.326437853771739193e-04,3.937000836629257067e-02,4.060158961647487678e-03,2.428566822723356405e-04,9.999917280307062395e-01,3.633483472782849527e-02,0.000000000000000000e+00,0.000000000000000000e+00,0.000000000000000000e+00,1.000000000000000056e-01
9.996154051566789045e-01,-2.738616268223565201e-02,-4.363469604660009590e-03,4.159164070467975094e+00,2.739223748227494551e-02,9.996238660572737134e-01,1.338556843884413164e-03,6.777595161836037774e-02,4.325170420147603917e-03,-1.457567237482298474e-03,9.999895841450474610e-01,4.717202585791835379e-02,0.000000000000000000e+00,0.000000000000000000e+00,0.000000000000000000e+00,1.000000000000000056e-01
9.994664676847317963e-01,-3.231962027015168604e-02,-4.714034301753203780e-03,4.927043501255891300e+00,3.233567866731752727e-02,9.994713803714626588e-01,3.371009268316027280e-03,1.001080251798836807e-01,4.602592631212563089e-03,-3.521642224344516663e-03,9.999832069475541596e-01,5.711973743496184114e-02,0.000000000000000000e+00,0.000000000000000000e+00,0.000000000000000000e+00,1.000000000000000056e-01
9.993097710585607807e-01,-3.688027768998047157e-02,-4.452705289676461148e-03,5.697602326612871693e+00,3.689766188759060345e-02,9.993114888342862212e-01,3.887265238099543545e-03,1.416073416100585569e-01,4.306276130931166457e-03,-4.048876549392724754e-03,9.999825311397054772e-01,6.517080742234494795e-02,0.000000000000000000e+00,0.000000000000000000e+00,0.000000000000000000e+00,1.000000000000000056e-01
9.991994777766608493e-01,-3.995777900930230081e-02,-1.944095546009396184e-03,6.491116767705127799e+00,3.996590382959904625e-02,9.991916310563170311e-01,4.337160142303125507e-03,1.838507135994463804e-01,1.769220713052347587e-03,-4.411385684850393715e-03,9.999887047034121679e-01,7.641347281433226446e-02,0.000000000000000000e+00,0.000000000000000000e+00,0.000000000000000000e+00,1.000000000000000056e-01
9.990592663070345658e-01,-4.336492138918379008e-02,-2.569026267605674244e-04,7.288510177762071329e+00,4.336540126211124030e-02,9.990565893459831814e-01,2.318028849625355069e-03,2.203255419129895587e-01,1.561391232435728894e-04,-2.326988887280009334e-03,9.999972803679481048e-01,8.320148460856921502e-02,0.000000000000000000e+00,0.000000000000000000e+00,0.000000000000000000e+00,1.000000000000000056e-01
9.989371498202053168e-01,-4.609045904350146661e-02,4.901981681579548576e-04,8.096948888982870685e+00,4.608897745046749983e-02,9.989337027554545667e-01,2.695117223301017346e-03,2.712309559663497183e-01,-6.138946611999576610e-04,-2.669659985157171993e-03,9.999962480174156010e-01,9.759258345075715047e-02,0.000000000000000000e+00,0.000000000000000000e+00,0.000000000000000000e+00,1.000000000000000056e-01
9.988151671550618005e-01,-4.866446735555730180e-02,-1.774204212057943020e-04,8.927478390686017562e+00,4.866470518715767385e-02,9.988136101193437755e-01,1.765986809291000955e-03,3.059540195563705267e-01,9.126912398236725651e-05,-1.772528522607786467e-03,9.999984249050513085e-01,1.009917496735376341e-01,0.000000000000000000e+00,0.000000000000000000e+00,0.000000000000000000e+00,1.000000000000000056e-01
9.987078753532246944e-01,-5.080940902091730937e-02,-9.917975563853600844e-04,9.700704807012540343e+00,5.081150150950669575e-02,9.987058097571379633e-01,2.212887635811224604e-03,3.768603184277348195e-01,8.780784686597286649e-04,-2.260423032189848563e-03,9.999970597286366170e-01,1.185624424742287852e-01,0.000000000000000000e+00,0.000000000000000000e+00,0.000000000000000000e+00,1.000000000000000056e-01
9.985770983368259524e-01,-5.331343124738064515e-02,-1.206948978133307645e-03,1.050317294141940749e+01,5.331382061540871492e-02,9.985777640395694377e-01,2.927407078612847169e-04,4.394106998875954018e-01,1.189625400292329375e-03,-3.566712279333401447e-04,9.999992287882236708e-01,1.270781451520305028e-01,0.000000000000000000e+00,0.000000000000000000e+00,0.000000000000000000e+00,1.000000000000000056e-01
9.984431250025667115e-01,-5.576903130232025579e-02,-1.068308340213743263e-03,1.131010715519354370e+01,5.576886191946999610e-02,9.984436883488551073e-01,-1.877139881591293618e-04,4.967639414483193128e-01,1.077114346778383245e-03,1.278434006314975023e-04,9.999994117402014604e-01,1.503504188640381600e-01,0.000000000000000000e+00,0.000000000000000000e+00,0.000000000000000000e+00,1.000000000000000056e-01
9.982861408346468401e-01,-5.848497610757399240e-02,-2.070890427874641244e-03,1.216418246940269299e+01,5.848556105898521790e-02,9.982882296328889904e-01,2.229888966507345097e-04,5.461650427083822867e-01,2.054304038713798946e-03,-3.437239136523679976e-04,9.999978308420411910e-01,1.549265669897800790e-01,0.000000000000000000e+00,0.000000000000000000e+00,0.000000000000000000e+00,1.000000000000000056e-01
9.981981242386783748e-01,-5.989026115990463833e-02,-3.696131028844544444e-03,1.304150614981249490e+01,5.990321380093781983e-02,9.981980569491412103e-01,3.499154080382533075e-03,6.073774097872114419e-01,3.479905559509198238e-03,-3.714259166717116811e-03,9.999870471841819652e-01,1.697358022375183573e-01,0.000000000000000000e+00,0.000000000000000000e+00,0.000000000000000000e+00,1.000000000000000056e-01
9.983669120336970959e-01,-5.697595241423706464e-02,-4.153288190185846010e-03,1.392821243277600374e+01,5.700534816072234251e-02,9.983468844085698901e-01,7.340890462090188251e-03,6.695219238621239466e-01,3.728168099076769812e-03,-7.565661781507962078e-03,9.999644301296085613e-01,1.875834885354445980e-01,0.000000000000000000e+00,0.000000000000000000e+00,0.000000000000000000e+00,1.000000000000000056e-01
9.975289581113330195e-01,-7.011945630644154936e-02,-4.386294177041466340e-03,1.488594235151088085e+01,7.014110975153219074e-02,9.975245761522348875e-01,4.994466450739835570e-03,7.611613437837941865e-01,4.025226967765665152e-03,-5.289784456202886731e-03,9.999779076200958627e-01,1.915904617025542267e-01,0.000000000000000000e+00,0.000000000000000000e+00,0.000000000000000000e+00,1.000000000000000056e-01
9.972744816654012245e-01,-7.371033640494856209e-02,-3.224054291524699415e-03,1.582627555895712845e+01,7.371375455390888343e-02,9.972789838080490243e-01,9.543816590320516099e-04,8.417285155900614546e-01,3.144933794447766617e-03,-1.189437621036083239e-03,9.999943472988105375e-01,1.890880084602431233e-01,0.000000000000000000e+00,0.000000000000000000e+00,0.000000000000000000e+00,1.000000000000000056e-01
9.970695901862427490e-01,-7.648627767947707712e-02,-1.442793324051527305e-03,1.673085167374220816e+01,7.648937430834545914e-02,9.970679041858425684e-01,2.229363220564735577e-03,9.258573289909710624e-01,1.268047221448854057e-03,-2.333188631317721987e-03,9.999964741373116306e-01,2.048251829844541239e-01,0.000000000000000000e+00,0.000000000000000000e+00,0.000000000000000000e+00,1.000000000000000056e-01
9.970262789339627840e-01,-7.705420545124297416e-02,-1.117379690875044181e-03,1.760297617255529090e+01,7.705608157256613189e-02,9.970252306849611834e-01,1.746330519079083900e-03,1.001524107623073867e+00,9.794936334544860311e-04,-1.827238319833830553e-03,9.999978508938629496e-01,2.213471921619162841e-01,0.000000000000000000e+00,0.000000000000000000e+00,0.000000000000000000e+00,1.000000000000000056e-01
9.969716962998820264e-01,-7.774240554994882313e-02,-1.885512196457397220e-03,1.850193249262993689e+01,7.774410425523972656e-02,9.969729887958309611e-01,8.449053547102218769e-04,1.074986561453775469e+00,1.814119755175917998e-03,-9.889341814742133845e-04,9.999978654870712580e-01,2.241823747098010133e-01,0.000000000000000000e+00,0.000000000000000000e+00,0.000000000000000000e+00,1.000000000000000056e-01
9.968034411281710971e-01,-7.989198310542995618e-02,-4.132680949692340839e-04,1.941986053750352426e+01,7.989199146476592961e-02,9.968035261203002095e-01,3.732262742487303545e-06,1.150975873266522509e+00,4.116489164263837535e-04,-3.673714346084793489e-05,9.999999145977722659e-01,2.341752071054778450e-01,0.000000000000000000e+00,0.000000000000000000e+00,0.000000000000000000e+00,1.000000000000000056e-01
9.966382920422423020e-01,-8.192064568321122398e-02,1.059549889249242725e-03,2.034523887330619729e+01,8.192301216177491630e-02,9.966357088189637947e-01,-2.425692738857825742e-03,1.214463517438622686e+00,-8.572709395046633398e-04,2.504339786737505395e-03,9.999964966782477482e-01,2.501934385545502848e-01,0.000000000000000000e+00,0.000000000000000000e+00,0.000000000000000000e+00,1.000000000000000056e-01
9.966628059456397182e-01,-8.152709879172856389e-02,4.072272973137837718e-03,2.127860502030696210e+01,8.153399202611016916e-02,9.966693466771003873e-01,-1.556129341687863829e-03,1.304089471770479181e+00,-3.931842933055608100e-03,1.882964908220931830e-03,9.999904974820031933e-01,2.525140533193803716e-01,0.000000000000000000e+00,0.000000000000000000e+00,0.000000000000000000e+00,1.000000000000000056e-01
9.967815939905326772e-01,-7.981837569124576592e-02,7.448542387879374289e-03,2.224176796382950272e+01,7.983284455570206772e-02,9.968068737240690647e-01,-1.665360799636447396e-03,1.394254579507234082e+00,-7.291831857496396292e-03,2.254639319049098027e-03,9.999708724706449781e-01,2.641841665325495581e-01,0.000000000000000000e+00,0.000000000000000000e+00,0.000000000000000000e+00,1.000000000000000056e-01
9.969405638532261582e-01,-7.754398345985978602e-02,9.820528152214595338e-03,2.321438635636414816e+01,7.755576756400402172e-02,9.969876746860359962e-01,-8.242825298605947109e-04,1.471439932574104104e+00,-9.727027375803420570e-03,1.583399288822498127e-03,9.999514377134134380e-01,2.668897737195858877e-01,0.000000000000000000e+00,0.000000000000000000e+00,0.000000000000000000e+00,1.000000000000000056e-01
9.970943717576802312e-01,-7.545630416628820725e-02,1.044796490813084885e-02,2.413416859681732873e+01,7.547932009548807830e-02,9.971456957426936274e-01,-1.825842200802338562e-03,1.557091036897133352e+00,-1.028037193294999846e-02,2.609142269784902810e-03,9.999437515828258904e-01,2.643440022073303419e-01,0.000000000000000000e+00,0.000000000000000000e+00,0.000000000000000000e+00,1.000000000000000056e-01
9.971769594309576323e-01,-7.462836147670975917e-02,8.289707071526307772e-03,2.507453544065123552e+01,7.464929238309223059e-02,9.972073232791481834e-01,-2.244447624685860006e-03,1.633389177677910364e+00,-8.099057150914376266e-03,2.856932224938835748e-03,9.999631209257311415e-01,2.712733116002079004e-01,0.000000000000000000e+00,0.000000000000000000e+00,0.000000000000000000e+00,1.000000000000000056e-01
9.973967198513893351e-01,-7.193011644948368866e-02,5.083461148957048141e-03,2.600546221943912784e+01,7.195051465018165171e-02,9.974003797731789689e-01,-3.950426545627712220e-03,1.708061662373214995e+00,-4.786091439079828182e-03,4.305900124494597449e-03,9.999792760616864618e-01,2.724639582414226102e-01,0.000000000000000000e+00,0.000000000000000000e+00,0.000000000000000000e+00,1.000000000000000056e-01
9.974646441841117372e-01,-7.109936299251987113e-02,3.027240446545806027e-03,2.695864116514943021e+01,7.111154147134524095e-02,9.974598376124202970e-01,-4.125653860083797544e-03,1.778920439054843206e+00,-2.726219402845742219e-03,4.330465594133567353e-03,9.999869073120435381e-01,2.798495966560414772e-01,0.000000000000000000e+00,0.000000000000000000e+00,0.000000000000000000e+00,1.000000000000000056e-01
9.973796362158759976e-01,-7.219614651738784361e-02,4.645179213635160058e-03,2.792729057895167699e+01,7.222169836087422023e-02,9.973729358611685969e-01,-5.590446989650371852e-03,1.849832953932709412e+00,-4.229367299942085427e-03,5.911280716820988511e-03,9.999735842573688194e-01,2.874423558603548257e-01,0.000000000000000000e+00,0.000000000000000000e+00,0.000000000000000000e+00,1.000000000000000056e-01
9.975233029644843263e-01,-6.988238465469343019e-02,7.982002117207443598e-03,2.892192980183112994e+01,6.995754021604019823e-02,9.975041608596787457e-01,-9.559897203911876459e-03,1.919495533186654113e+00,-7.294011910242091321e-03,1.009462146896617125e-02,9.999224449964364547e-01,2.928183088123154643e-01,0.000000000000000000e+00,0.000000000000000000e+00,0.000000000000000000e+00,1.000000000000000056e-01
9.973756264277122696e-01,-7.135309670504380586e-02,1.227173168420517442e-02,2.986652845426091218e+01,7.149971665043181046e-02,9.973689716851379394e-01,-1.195511767564528920e-02,1.973247223047709831e+00,-1.138640974304114435e-02,1.280116831899453210e-02,9.998532291105691749e-01,2.985437676797454976e-01,0.000000000000000000e+00,0.000000000000000000e+00,0.000000000000000000e+00,1.000000000000000056e-01
9.974129826988406000e-01,-7.082536449651904986e-02,1.229266804796878831e-02,3.077262677037812821e+01,7.105952658115891052e-02,9.972757303556671893e-01,-1.979043520573017106e-02,2.019389500691408657e+00,-1.085751471856726338e-02,2.061274817936347564e-02,9.997285776582712780e-01,3.131690949535959612e-01,0.000000000000000000e+00,0.000000000000000000e+00,0.000000000000000000e+00,1.000000000000000056e-01
9.973904633257624219e-01,-7.158049755643096368e-02,9.407233195509474150e-03,3.171194019159002764e+01,7.177409270451078072e-02,9.971745197451595821e-01,-2.216882467463213158e-02,2.083976981910755644e+00,-7.793797743411431250e-03,2.278616994108638438e-02,9.997099815327197270e-01,3.091398622654122907e-01,0.000000000000000000e+00,0.000000000000000000e+00,0.000000000000000000e+00,1.000000000000000056e-01
9.974371967092033886e-01,-7.118634879631995094e-02,7.179301214923258789e-03,3.269091541093520448e+01,7.133490122067363826e-02,9.971836818133084090e-01,-2.315246408249737112e-02,2.166199777400661386e+00,-5.510942634673006435e-03,2.360526361435670920e-02,9.997061673516743907e-01,3.079798019020834055e-01,0.000000000000000000e+00,0.000000000000000000e+00,0.000000000000000000e+00,1.000000000000000056e-01
9.973975588123671354e-01,-7.185607052395980021e-02,5.900407103445561019e-03,3.365758704412348834e+01,7.197371823964272830e-02,9.971410583900051083e-01,-2.301072696854773031e-02,2.244791207746024586e+00,-4.230077764202061497e-03,2.337551714328998248e-02,9.997178060034704883e-01,3.064360109645585251e-01,0.000000000000000000e+00,0.000000000000000000e+00,0.000000000000000000e+00,1.000000000000000056e-01
9.975082064532286852e-01,-7.014174482990689907e-02,7.583778126964301272e-03,3.461264698796262707e+01,7.030515797012981682e-02,9.972366359782082190e-01,-2.400576234285887664e-02,2.301465122539953168e+00,-5.879015330638800649e-03,2.447912365839425772e-02,9.996830546146409091e-01,3.189759219105612886e-01,0.000000000000000000e+00,0.000000000000000000e+00,0.000000000000000000e+00,1.000000000000000056e-01
9.973393599997001369e-01,-7.223812365536361191e-02,9.790530432051997023e-03,3.559075902188738638e+01,7.244131341771595234e-02,9.971235511530042173e-01,-2.229080183255885417e-02,2.388512663640924849e+00,-8.152122772921651522e-03,2.294073291711835189e-02,9.997035889039913581e-01,3.145334122786395681e-01,0.000000000000000000e+00,0.000000000000000000e+00,0.000000000000000000e+00,1.000000000000000056e-01
9.973411306087572870e-01,-7.197323954870479823e-02,1.142462187166475539e-02,3.657196859809045009e+01,7.219909607296695619e-02,9.971739582029177651e-01,-2.076987260847006078e-02,2.466481881782979446e+00,-9.897460396094072757e-03,2.153949560204103386e-02,9.997190057245672890e-01,3.234609921622035311e-01,0.000000000000000000e+00,0.000000000000000000e+00,0.000000000000000000e+00,1.000000000000000056e-01
9.973895200415556772e-01,-7.108702688370917289e-02,1.267990221216145838e-02,3.757158883003705796e+01,7.133113888624321997e-02,9.972527976336662547e-01,-1.996813053386289200e-02,2.544153959648474572e+00,-1.122559292272120104e-02,2.082047599505631313e-02,9.997202077795930286e-01,3.191562729883979377e-01,0.000000000000000000e+00,0.000000000000000000e+00,0.000000000000000000e+00,1.000000000000000056e-01
9.972859164367392504e-01,-7.195990933978252402e-02,1.557473353683796850e-02,3.856317338992458588e+01,7.225563225669659473e-02,9.971986382110428204e-01,-1.933906815818314459e-02,2.612724109898862945e+00,-1.413946548205594587e-02,2.041194253010004608e-02,9.996916665242486788e-01,3.361168943723794600e-01,0.000000000000000000e+00,0.000000000000000000e+00,0.000000000000000000e+00,1.000000000000000056e-01
9.974465543262563960e-01,-6.941039098178033995e-02,1.680978543690752128e-02,3.957614509215913046e+01,6.971249024284051354e-02,9.974027897917423502e-01,-1.810645243528642701e-02,2.692367225082738180e+00,-1.550935094774592501e-02,1.923207059590335832e-02,9.996947471572379396e-01,3.325058301068774536e-01,0.000000000000000000e+00,0.000000000000000000e+00,0.000000000000000000e+00,1.000000000000000056e-01
9.974080088189505311e-01,-7.025305972020777501e-02,1.554900459081543819e-02,4.058575432403181082e+01,7.056351581696208852e-02,9.972984731984264606e-01,-2.040944858727718192e-02,2.774092150466960671e+00,-1.407317232771706887e-02,2.145373990791089869e-02,9.996707872417789353e-01,3.458327745977297640e-01,0.000000000000000000e+00,0.000000000000000000e+00,0.000000000000000000e+00,1.000000000000000056e-01
9.974612755658306407e-01,-6.993391227588292847e-02,1.342578341755440094e-02,4.159355125612098902e+01,7.015843502826239753e-02,9.973901150034589769e-01,-1.705146585405644538e-02,2.846909775192744796e+00,-1.219826794963331865e-02,1.795010883465836260e-02,9.997644701887804519e-01,3.612191353248869752e-01,0.000000000000000000e+00,0.000000000000000000e+00,0.000000000000000000e+00,1.000000000000000056e-01
9.975963980555740962e-01,-6.839343967469974084e-02,1.112492678662897402e-02,4.262631164198194966e+01,6.855520323232308644e-02,9.975364346090926926e-01,-1.487433148595655903e-02,2.920315850341728581e+00,-1.008021310883479987e-02,1.560125113067694323e-02,9.998274802518872795e-01,3.696474068920472256e-01,0.000000000000000000e+00,0.000000000000000000e+00,0.000000000000000000e+00,1.000000000000000056e-01
9.975794852895923936e-01,-6.863989914212982602e-02,1.112361340168556770e-02,4.367522178709288738e+01,6.883608150834168160e-02,9.974594968612962020e-01,-1.833428492706235674e-02,2.989904973710480807e+00,-9.836890358688225866e-03,1.905561247947730463e-02,9.997700331681796948e-01,3.786017213728773423e-01,0.000000000000000000e+00,0.000000000000000000e+00,0.000000000000000000e+00,1.000000000000000056e-01
9.975839541681308376e-01,-6.829596510985283531e-02,1.272460356908551582e-02,4.468835689078972706e+01,6.854561425370023220e-02,9.974405858803022662e-01,-2.034149466834649089e-02,3.075364431901318696e+00,-1.130279402889159193e-02,2.116456445271683307e-02,9.997121125897531213e-01,3.869315862352296631e-01,0.000000000000000000e+00,0.000000000000000000e+00,0.000000000000000000e+00,1.000000000000000056e-01
9.975776429856224592e-01,-6.827764127014546158e-02,1.330450742550750610e-02,4.567511104293329538e+01,6.854594632708163604e-02,9.974294773541814152e-01,-2.087800151090712583e-02,3.140331369656485627e+00,-1.184480719027950456e-02,2.173939758939808994e-02,9.996935025972086830e-01,3.885628182586510770e-01,0.000000000000000000e+00,0.000000000000000000e+00,0.000000000000000000e+00,1.000000000000000056e-01
9.970130360802303970e-01,-7.642757219095006049e-02,1.112798701824947376e-02,4.659094565480440764e+01,7.660500426869129575e-02,9.969249503504334919e-01,-1.650202077866459033e-02,3.196654719994452165e+00,-9.832558521310680311e-03,1.730518933103037532e-02,9.998019059869520664e-01,4.011006779257633159e-01,0.000000000000000000e+00,0.000000000000000000e+00,0.000000000000000000e+00,1.000000000000000056e-01
9.970423014416160967e-01,-7.648974472324612806e-02,7.481182271410940013e-03,4.754824835960155838e+01,7.660189024060407026e-02,9.969322233467701189e-01,-1.607147984574361713e-02,3.272197916399662621e+00,-6.228928284374423210e-03,1.659701795619733869e-02,9.998428573767929040e-01,3.967761284748667627e-01,0.000000000000000000e+00,0.000000000000000000e+00,0.000000000000000000e+00,1.000000000000000056e-01
9.971367716617997035e-01,-7.527604347783600769e-02,7.195545719882174944e-03,4.849495122162954175e+01,7.538197019026920964e-02,9.970295337386760881e-01,-1.580086779488449125e-02,3.363493049731452356e+00,-5.984744782974188264e-03,1.629804071540489827e-02,9.998492669891405615e-01,4.079360668511843313e-01,0.000000000000000000e+00,0.000000000000000000e+00,0.000000000000000000e+00,1.000000000000000056e-01
9.972526669456942550e-01,-7.350291389166968559e-02,9.189119606036863855e-03,4.946607468328010526e+01,7.364441046508654609e-02,9.971538466114411303e-01,-1.614642360575088698e-02,3.450640725876645387e+00,-7.976156778180339482e-03,1.677879129854973478e-02,9.998274116494354491e-01,4.136267687157764716e-01,0.000000000000000000e+00,0.000000000000000000e+00,0.000000000000000000e+00,1.000000000000000056e-01
9.972531034602744038e-01,-7.309126078402730653e-02,1.199646764062411997e-02,5.046502539281760136e+01,7.329003501871159121e-02,9.971647016209606029e-01,-1.706249126407470215e-02,3.540535329299685952e+00,-1.071533507676078814e-02,1.789484389934449873e-02,9.997824544149646053e-01,4.295811833691945969e-01,0.000000000000000000e+00,0.000000000000000000e+00,0.000000000000000000e+00,1.000000000000000056e-01
9.973570958723757540e-01,-7.157088043506872055e-02,1.250729334307452631e-02,5.140108055920067187e+01,7.181139733641199452e-02,9.972182110198830607e-01,-1.997405374219340252e-02,3.612307376689139815e+00,-1.104294008009551117e-02,2.081943044497535505e-02,9.997222638264761096e-01,4.397574495025279306e-01,0.000000000000000000e+00,0.000000000000000000e+00,0.000000000000000000e+00,1.000000000000000056e-01
9.974125990312795453e-01,-7.090856888811943037e-02,1.183563060875040228e-02,5.233900879302446185e+01,7.117066562540320940e-02,9.971890051884405581e-01,-2.342699907639460982e-02,3.682199869887115451e+00,-1.014118573466723204e-02,2.420873374481129908e-02,9.996554874367308274e-01,4.434495673699745955e-01,0.000000000000000000e+00,0.000000000000000000e+00,0.000000000000000000e+00,1.000000000000000056e-01
9.974212818127207170e-01,-7.089231532084351584e-02,1.118330074348784266e-02,5.332325248566330345e+01,7.116519113251475182e-02,9.971189791312783379e-01,-2.625370501986444560e-02,3.759667738062113074e+00,-9.289895486056019488e-03,2.698186584814896150e-02,9.995927554545454008e-01,4.575919759252496388e-01,0.000000000000000000e+00,0.000000000000000000e+00,0.000000000000000000e+00,1.000000000000000056e-01
9.973299958609151972e-01,-7.182166936593900597e-02,1.321087300509308192e-02,5.428774617830845273e+01,7.218563937993754953e-02,9.969542659948460450e-01,-2.951990823135239306e-02,3.838429780621179788e+00,-1.105046711123864635e-02,3.039472526882908143e-02,9.994768871026762369e-01,4.486035875265868000e-01,0.000000000000000000e+00,0.000000000000000000e+00,0.000000000000000000e+00,1.000000000000000056e-01
9.971797101166736121e-01,-7.302513882890059038e-02,1.731920409968411637e-02,5.524345693926665035e+01,7.354950446082685056e-02,9.967823136516080762e-01,-3.186674732246905228e-02,3.922582471482773503e+00,-1.493640268583875177e-02,3.305069273656865980e-02,9.993420613505864525e-01,4.554216468594630141e-01,0.000000000000000000e+00,0.000000000000000000e+00,0.000000000000000000e+00,1.000000000000000056e-01
9.970325265189076136e-01,-7.386985972402572431e-02,2.166529223611982774e-02,5.620127128744060485e+01,7.450521425403254516e-02,9.967646767716435985e-01,-3.015215065764787969e-02,3.990768337520897102e+00,-1.936786287344104129e-02,3.167685219010174524e-02,9.993104937520880249e-01,4.736925055792386985e-01,0.000000000000000000e+00,0.000000000000000000e+00,0.000000000000000000e+00,1.000000000000000056e-01
9.969033239702715932e-01,-7.505709877332344959e-02,2.345622690790793996e-02,5.716782806305946707e+01,7.568078592813584637e-02,9.967681122731374410e-01,-2.693972896570574066e-02,4.064895318273875624e+00,-2.135840111814023279e-02,2.863149104006942197e-02,9.993618245773144837e-01,4.619798829159113551e-01,0.000000000000000000e+00,0.000000000000000000e+00,0.000000000000000000e+00,1.000000000000000056e-01
9.967343634026850641e-01,-7.857952877938494118e-02,1.859748555730126457e-02,5.806609919078189819e+01,7.908266330442768888e-02,9.964727574712609615e-01,-2.807090989441057144e-02,4.144373905106695233e+00,-1.632608884340458477e-02,2.944997919237646311e-02,9.994329179833161270e-01,4.654177252373939977e-01,0.000000000000000000e+00,0.000000000000000000e+00,0.000000000000000000e+00,1.000000000000000056e-01
9.964706868432090525e-01,-8.296833776623757650e-02,1.274461417739723886e-02,5.898436023834931774e+01,8.329330327360245922e-02,9.961447218139034554e-01,-2.753032568046721862e-02,4.227834928100635103e+00,-1.041133478449737283e-02,2.849470355361540669e-02,9.995397220608076561e-01,4.637563266172340382e-01,0.000000000000000000e+00,0.000000000000000000e+00,0.000000000000000000e+00,1.000000000000000056e-01
9.965298731925639197e-01,-8.285865379713446000e-02,7.915511716821466842e-03,5.993797530543182006e+01,8.305878031959433583e-02,9.961030919387848792e-01,-2.966258993773272096e-02,4.308433009480341802e+00,-5.426863425026583025e-03,3.021710973801645939e-02,9.995286266197915825e-01,4.737224267640819941e-01,0.000000000000000000e+00,0.000000000000000000e+00,0.000000000000000000e+00,1.000000000000000056e-01
9.963960543903036537e-01,-8.442489478552185622e-02,8.206091389241098114e-03,6.084983662930161330e+01,8.461671870504201831e-02,9.960523544584375388e-01,-2.682756219627365629e-02,4.396524870939138907e+00,-5.908782533382259811e-03,2.742524964802882381e-02,9.996063935223286068e-01,4.763688726270733365e-01,0.000000000000000000e+00,0.000000000000000000e+00,0.000000000000000000e+00,1.000000000000000056e-01
9.963363503175037827e-01,-8.485996685375007953e-02,1.061428573088578353e-02,6.177899812159675008e+01,8.511165221102676148e-02,9.960302388693620390e-01,-2.607239758347697570e-02,4.491262791653499065e+00,-8.359646757230179692e-03,2.688027684794397007e-02,9.996037049864672230e-01,4.969707981661877216e-01,0.000000000000000000e+00,0.000000000000000000e+00,0.000000000000000000e+00,1.000000000000000056e-01
9.961679271793655310e-01,-8.688883347626673304e-02,9.989568374051743457e-03,6.267429559172301623e+01,8.711860430907826525e-02,9.958718233445038592e-01,-2.548843368533289591e-02,4.576518961078249959e+00,-7.733669401035743116e-03,2.626103740576428078e-02,9.996252038999259293e-01,5.119625703051392529e-01,0.000000000000000000e+00,0.000000000000000000e+00,0.000000000000000000e+00,1.000000000000000056e-01
9.959713475504179403e-01,-8.912166708607011101e-02,9.919844474805390028e-03,6.348854745322238813e+01,8.933356113572685220e-02,9.957247212669461112e-01,-2.349030252405747907e-02,4.656601655780008286e+00,-7.783939453386928831e-03,2.428184329209944273e-02,9.996748483246560291e-01,5.205269245273517198e-01,0.000000000000000000e+00,0.000000000000000000e+00,0.000000000000000000e+00,1.000000000000000056e-01
9.958091065832781474e-01,-9.086195030468056932e-02,1.040813300467658027e-02,6.430878062660676164e+01,9.107702606954749813e-02,9.955898186232684521e-01,-2.249196247583441430e-02,4.738080186155818829e+00,-8.318567673598805876e-03,2.334564285936753178e-02,9.996928440232742963e-01,5.297539564744161433e-01,0.000000000000000000e+00,0.000000000000000000e+00,0.000000000000000000e+00,1.000000000000000056e-01
9.957442411401024041e-01,-9.166462761437130236e-02,9.539511551451015578e-03,6.510406687585791019e+01,9.186757034688664003e-02,9.954911738929489440e-01,-2.361508458164487262e-02,4.815702329002061965e+00,-7.331831618460960855e-03,2.439095622473717168e-02,9.996756101353886370e-01,5.328426002837831632e-01,0.000000000000000000e+00,0.000000000000000000e+00,0.000000000000000000e+00,1.000000000000000056e-01
9.957490886726884094e-01,-9.160738113248764747e-02,9.583325600105212227e-03,6.590686184420796678e+01,9.182588575215172577e-02,9.954459108301144665e-01,-2.560166630195370718e-02,4.893446756403354136e+00,-7.194380678228448449e-03,2.637283325035361115e-02,9.996262874459663772e-01,5.418183778310372567e-01,0.000000000000000000e+00,0.000000000000000000e+00,0.000000000000000000e+00,1.000000000000000056e-01
9.956188021687197853e-01,-9.285532503911266000e-02,1.100406197749092402e-02,6.666327050644052576e+01,9.311341539612412455e-02,9.953190938943741184e-01,-2.588036326157298547e-02,4.967775361072957807e+00,-8.549423453810132273e-03,2.679160206413344278e-02,9.996044804908812420e-01,5.542132051796840875e-01,0.000000000000000000e+00,0.000000000000000000e+00,0.000000000000000000e+00,1.000000000000000056e-01
9.953114912735864239e-01,-9.574235644339540441e-02,1.372721826938285393e-02,6.745989840731758136e+01,9.605867642351564872e-02,9.950713989898084533e-01,-2.460978659451981340e-02,5.059689249194444294e+00,-1.130336332742484275e-02,2.581302181324985137e-02,9.996028820898611444e-01,5.622550759288313937e-01,0.000000000000000000e+00,0.000000000000000000e+00,0.000000000000000000e+00,1.000000000000000056e-01
9.952054604109972225e-01,-9.639970048333221242e-02,1.652843957725467355e-02,6.820125216233006427e+01,9.677035833549041399e-02,9.950334816528451087e-01,-2.332098062770912930e-02,5.138439144472477516e+00,-1.419821523135564312e-02,2.480863028345264495e-02,9.995913877918831680e-01,5.697334439593003674e-01,0.000000000000000000e+00,0.000000000000000000e+00,0.000000000000000000e+00,1.000000000000000056e-01
9.949765451459670063e-01,-9.848560280371976283e-02,1.795161969805097665e-02,6.892880887020589853e+01,9.885217043611435606e-02,9.948842264107019551e-01,-2.082365095866864010e-02,5.211973664031940068e+00,-1.580895345887583028e-02,2.249360085817766683e-02,9.996219860081950737e-01,5.755340141909729423e-01,0.000000000000000000e+00,0.000000000000000000e+00,0.000000000000000000e+00,1.000000000000000056e-01
9.950931000196716614e-01,-9.780319651128607794e-02,1.497521436956755075e-02,6.959654927676197644e+01,9.808677555289474492e-02,9.949859487464371988e-01,-1.954344541753736883e-02,5.292635847502412894e+00,-1.298871644450644985e-02,2.091641817632676134e-02,9.996968523986645705e-01,5.881032436498494498e-01,0.000000000000000000e+00,0.000000000000000000e+00,0.000000000000000000e+00,1.000000000000000056e-01
9.950809620866183369e-01,-9.861704959656984737e-02,9.410442159517808450e-03,7.028733509020530335e+01,9.878116924434239554e-02,9.949287374418139818e-01,-1.894961781035429602e-02,5.367361725169118358e+00,-7.493963937098517894e-03,1.978597840152449341e-02,9.997761527278012927e-01,5.902303646958021455e-01,0.000000000000000000e+00,0.000000000000000000e+00,0.000000000000000000e+00,1.000000000000000056e-01
9.952308354873212748e-01,-9.749938741139453635e-02,3.074662519914408976e-03,7.101751639646660408e+01,9.754320656772470788e-02,9.949966532603174985e-01,-2.160978605293436411e-02,5.429405328761849781e+00,-9.523380149673735338e-04,2.180663786947018012e-02,9.997617534178505627e-01,6.080781652624744904e-01,0.000000000000000000e+00,0.000000000000000000e+00,0.000000000000000000e+00,1.000000000000000056e-01
9.950982938952643853e-01,-9.889051672128418291e-02,2.262505945361353811e-04,7.171543716287405346e+01,9.887537452103209445e-02,9.949003391215652803e-01,-1.992424475657931029e-02,5.505008665606831109e+00,1.745222066029007615e-03,1.984895257669410176e-02,9.998014669330849147e-01,6.082416362914392360e-01,0.000000000000000000e+00,0.000000000000000000e+00,0.000000000000000000e+00,1.000000000000000056e-01
9.950613671655705872e-01,-9.921921397943475607e-02,2.902266681174128955e-03,7.237423574823395711e+01,9.925674369840306599e-02,9.948775234233235842e-01,-1.915234234927494159e-02,5.579104716809509590e+00,-9.871195343204460220e-04,1.934582550261029418e-02,9.998123647118231094e-01,6.202572826933130390e-01,0.000000000000000000e+00,0.000000000000000000e+00,0.000000000000000000e+00,1.000000000000000056e-01
9.949363042979156857e-01,-1.003070019450268691e-01,6.344741981017373335e-03,7.297739783961887383e+01,1.004173878144603016e-01,9.947340222587854885e-01,-2.050788105530219202e-02,5.645392944169315363e+00,-4.254246646069009645e-03,2.104115780223411031e-02,9.997695589803762273e-01,6.356111977309574224e-01,0.000000000000000000e+00,0.000000000000000000e+00,0.000000000000000000e+00,1.000000000000000056e-01
9.949188553127710222e-01,-1.006178447494499167e-01,3.538454620448083440e-03,7.356687787443041771e+01,1.006714462259342274e-01,9.946785962999293851e-01,-2.190319560203562999e-02,5.697537110215737499e+00,-1.315772740335844270e-03,2.214812364011435608e-02,9.997538343819032391e-01,6.551976864486446228e-01,0.000000000000000000e+00,0.000000000000000000e+00,0.000000000000000000e+00,1.000000000000000056e-01
9.949034497720075088e-01,-1.008320920638985652e-01,1.218268278232383529e-04,7.420680212020980093e+01,1.007927553040054713e-01,9.944800877669907058e-01,-2.915776934515639657e-02,5.748428478187755708e+00,2.818884528562701219e-03,2.902144457079883916e-02,9.995748144311353833e-01,6.712875830652247355e-01,0.000000000000000000e+00,0.000000000000000000e+00,0.000000000000000000e+00,1.000000000000000056e-01
9.950395971283517715e-01,-9.943735739662085127e-02,-2.900362153950024682e-03,7.483003955830081111e+01,9.928854813814289026e-02,9.945122411512112848e-01,-3.297250989862153536e-02,5.818116515664653932e+00,6.163144916927841555e-03,3.252098021849444964e-02,9.994520506209195743e-01,6.973488236737174217e-01,0.000000000000000000e+00,0.000000000000000000e+00,0.000000000000000000e+00,1.000000000000000056e-01
9.954639448337224694e-01,-9.511081238653934511e-02,-2.338354818274978979e-03,7.543538244865662534e+01,9.499658783406139673e-02,9.950147069062552641e-01,-3.035426395326437307e-02,5.871088808034593320e+00,5.213716138139129659e-03,2.999443960855915567e-02,9.995364679473177638e-01,7.100819407818914630e-01,0.000000000000000000e+00,0.000000000000000000e+00,0.000000000000000000e+00,1.000000000000000056e-01
9.959292290330094000e-01,-9.013861851354557087e-02,1.449775897507292813e-05,7.600013609833951023e+01,9.010950269962067494e-02,9.956034188633595683e-01,-2.557557175933552682e-02,5.949285559113899780e+00,2.290912687679115458e-03,2.547276585020493908e-02,9.996728914595004456e-01,7.135313167125649780e-01,0.000000000000000000e+00,0.000000000000000000e+00,0.000000000000000000e+00,1.000000000000000056e-01
9.965247895011101198e-01,-8.325231670314922616e-02,2.719498727081861612e-03,7.655858937628234173e+01,8.329540266441559648e-02,9.961615270917817400e-01,-2.690888026548440837e-02,5.988159480914466037e+00,-4.688333829047945569e-04,2.704188798379007774e-02,9.996341913367765564e-01,7.274701850356152244e-01,0.000000000000000000e+00,0.000000000000000000e+00,0.000000000000000000e+00,1.000000000000000056e-01
9.970750107909419624e-01,-7.610621740999524987e-02,7.019011880991550024e-03,7.713550961292941111e+01,7.629143398961020506e-02,9.965833869132505463e-01,-3.164127096567741215e-02,6.016395428382642407e+00,-4.586933185900488215e-03,3.208421107113287873e-02,9.994746437223362978e-01,7.396441843139033301e-01,0.000000000000000000e+00,0.000000000000000000e+00,0.000000000000000000e+00,1.000000000000000056e-01
9.977454251075967839e-01,-6.645809643671239664e-02,9.348159972403343593e-03,7.768346144209235149e+01,6.674775796390271243e-02,9.971507734842307569e-01,-3.514358756007384538e-02,6.036926695588574532e+00,-6.985949015936885470e-03,3.568832242917775038e-02,9.993385513220921501e-01,7.543260406492878767e-01,0.000000000000000000e+00,0.000000000000000000e+00,0.000000000000000000e+00,1.000000000000000056e-01
9.983776990210010416e-01,-5.623831327636238248e-02,8.900686342138617452e-03,7.817986014783996040e+01,5.650443043910721025e-02,9.978509098688439494e-01,-3.317847215699332858e-02,6.075162709839466935e+00,-7.015656653764155114e-03,3.362757490141102951e-02,9.994098092214056539e-01,7.622147368900158426e-01,0.000000000000000000e+00,0.000000000000000000e+00,0.000000000000000000e+00,1.000000000000000056e-01
9.991482901297769059e-01,-4.045093767644064586e-02,8.149599489533041266e-03,7.867171758394108849e+01,4.066582763314591231e-02,9.987747856067102914e-01,-2.819961168493414008e-02,6.116011711351588609e+00,-6.998913748171822075e-03,2.850700400544614946e-02,9.995690901228284631e-01,7.593217001541899824e-01,0.000000000000000000e+00,0.000000000000000000e+00,0.000000000000000000e+00,1.000000000000000056e-01
9.996673552407474572e-01,-2.427625857823423328e-02,8.708739025366016642e-03,7.915174233251248381e+01,2.446637943643874963e-02,9.994489345145809445e-01,-2.243264529521991901e-02,6.131922489840456514e+00,-8.159359242087048034e-03,2.263825450673381812e-02,9.997104252180463169e-01,7.632185194635762171e-01,0.000000000000000000e+00,0.000000000000000000e+00,0.000000000000000000e+00,1.000000000000000056e-01
9.999582089263575613e-01,1.609150998608722570e-03,8.999501867035875416e-03,7.964581920940702275e+01,-1.398915380248721757e-03,9.997271078761365004e-01,-2.331850795772634488e-02,6.144991733487028540e+00,-9.034568974223907908e-03,2.330494391066667559e-02,9.996875792730299803e-01,7.665999841762752842e-01,0.000000000000000000e+00,0.000000000000000000e+00,0.000000000000000000e+00,1.000000000000000056e-01
9.995943350858443877e-01,2.617385519436440239e-02,1.122918378837102146e-02,8.014338061159611470e+01,-2.589355234992540833e-02,9.993663799805478920e-01,-2.442053462307753817e-02,6.136823799666363932e+00,-1.186124828971399717e-02,2.411986461072491636e-02,9.996387061934777218e-01,7.814884558139957305e-01,0.000000000000000000e+00,0.000000000000000000e+00,0.000000000000000000e+00,1.000000000000000056e-01
9.985142032855661709e-01,5.290446964581739520e-02,1.305767699423897310e-02,8.062607823385512518e+01,-5.259874268155177723e-02,9.983567617061995803e-01,-2.274090200125327560e-02,6.116258821224064945e+00,-1.423931547901777575e-02,2.202029625153775760e-02,9.996561150954279551e-01,7.854172971915965862e-01,0.000000000000000000e+00,0.000000000000000000e+00,0.000000000000000000e+00,1.000000000000000056e-01
9.964167883141423765e-01,8.342175878959787183e-02,1.394252940394198614e-02,8.111959361330302443e+01,-8.310707963462574122e-02,9.963020925860691657e-01,-2.180260588149007112e-02,6.074670513620145762e+00,-1.570978294992053312e-02,2.056575962783185191e-02,9.996650700362580411e-01,7.836289264797251519e-01,0.000000000000000000e+00,0.000000000000000000e+00,0.000000000000000000e+00,1.000000000000000056e-01
