1.000000000000000000e+00,-9.742628663810732146e-14,7.596057519644460657e-14,6.167318578391444242e-21,9.742628663810911375e-14,1.000000000000000000e+00,-2.348661698508863520e-14,2.251629313536557896e-20,-7.596057519644230941e-14,2.348661698509603787e-14,1.000000000000000000e+00,-2.382373273320121280e-20,0.000000000000000000e+00,0.000000000000000000e+00,0.000000000000000000e+00,1.000000000000000056e-01
9.999986407463562488e-01,-1.625810234852699673e-03,-2.743109916145927869e-04,6.752053769764384539e-01,1.625841932495610724e-03,9.999986716629725159e-01,1.153702776859716307e-04,-3.145049291929433860e-02,2.741230570588859680e-04,-1.158161071812127750e-04,9.999999557215885071e-01,9.748705411091603337e-03,0.000000000000000000e+00,0.000000000000000000e+00,0.000000000000000000e+00,1.000000000000000056e-01
9.999844576863304857e-01,-5.487809426450135364e-03,-9.840393663418294055e-04,1.344792642884373279e+00,5.489091185048993252e-03,9.999840838048877911e-01,1.304612916292510316e-03,-5.718655564474892615e-03,9.768642371193777662e-04,-1.309994121400875986e-03,9.999986648249407084e-01,1.987148915425485107e-02,0.000000000000000000e+00,0.000000000000000000e+00,0.000000000000000000e+00,1.000000000000000056e-01
9.999489605187306118e-01,-9.926396040655609612e-03,-1.882290932405862810e-03,2.062133844239361746e+00,9.925590376092101666e-03,9.999506446764563350e-01,-4.368830796710942098e-04,1.945100560586736924e-03,1.886534705800167267e-03,4.181779326216394119e-04,9.999981330552675240e-01,1.628833552589391276e-02,0.000000000000000000e+00,0.000000000000000000e+00,0.000000000000000000e+00,1.000000000000000056e-01
9.998899760462957031e-01,-1.441314434240264716e-02,-3.506718167068627844e-03,2.749144815790035778e+00,1.441073337422147174e-02,9.998959066143644492e-01,-7.118282484099353784e-04,1.567826460278685594e-02,3.516612824193480515e-03,6.612155497275222287e-04,9.999935980936285329e-01,2.062624760059472706e-02,0.000000000000000000e+00,0.000000000000000000e+00,0.000000000000000000e+00,1.000000000000000056e-01
9.998136511772258705e-01,-1.915497661963784862e-02,-2.397872049473830525e-03,3.450641268374615933e+00,1.915211444355749068e-02,9.998158480894683287e-01,-1.210958908542026377e-03,2.691456614506630360e-02,2.420626366335173942e-03,1.164808927862461376e-03,9.999963918875688362e-01,2.396363831773251629e-02,0.000000000000000000e+00,0.000000000000000000e+00,0.000000000000000000e+00,1.000000000000000056e-01
9.996251721486409947e-01,-2.706514464785679877e-02,-4.122275098842630159e-03,4.189395111826125451e+00,2.705972676130516050e-02,9.996328873360564859e-01,-1.364457321596457273e-03,2.273873170310943687e-02,4.157690994224421885e-03,1.252398247180718221e-03,9.999905725076746466e-01,2.538221109690483313e-02,0.000000000000000000e+00,0.000000000000000000e+00,0.000000000000000000e+00,1.000000000000000056e-01
9.996206639489307877e-01,-2.737890589668184882e-02,-2.987259312399394035e-03,4.961195010997172083e+00,2.738490728758002229e-02,9.996229884135341415e-01,1.986929300706077785e-03,6.206683292953386888e-02,2.931733130679450069e-03,-2.067981406105411871e-03,9.999935641761673599e-01,2.765988482697137249e-02,0.000000000000000000e+00,0.000000000000000000e+00,0.000000000000000000e+00,1.000000000000000056e-01
9.995870216965884181e-01,-2.855446753744214985e-02,-3.229309430381320945e-03,5.713117772997480692e+00,2.856330106728499976e-02,9.995882762458928594e-01,2.723201040000683502e-03,1.011941378329237751e-01,3.150220291284842617e-03,-2.814316154554739966e-03,9.999910778285466817e-01,4.193204338922536939e-02,0.000000000000000000e+00,0.000000000000000000e+00,0.000000000000000000e+00,1.000000000000000056e-01
9.994818386172807934e-01,-3.216712441255292765e-02,-1.153421539242009079e-03,6.476647259989912975e+00,3.216911234025976452e-02,9.994809107736959408e-01,1.748487981957010020e-03,1.495711078025967478e-01,1.096578980098136726e-03,-1.784686530078162959e-03,9.999978062018585190e-01,4.529399333782782588e-02,0.000000000000000000e+00,0.000000000000000000e+00,0.000000000000000000e+00,1.000000000000000056e-01
9.993688776720178746e-01,-3.550473185987353120e-02,1.122655837625078637e-03,7.268196695875556834e+00,3.550234454603520828e-02,9.993674298311907567e-01,2.079356711719590467e-03,1.743304226961966130e-01,-1.195772681522990063e-03,-2.038187468917001914e-03,9.999972079558701044e-01,5.639362620965991668e-02,0.000000000000000000e+00,0.000000000000000000e+00,0.000000000000000000e+00,1.000000000000000056e-01
9.993312582459621396e-01,-3.655523714661262219e-02,8.665619983594010766e-04,8.054304407746933236e+00,3.655293414771004085e-02,9.993284923424384791e-01,2.539172656989031884e-03,1.967281633711571442e-01,-9.588001539741794303e-04,-2.505799222551652848e-03,9.999964008297834717e-01,6.383826281595829377e-02,0.000000000000000000e+00,0.000000000000000000e+00,0.000000000000000000e+00,1.000000000000000056e-01
9.992887730297048687e-01,-3.770718343208300655e-02,-3.411955541557885061e-04,8.883600304137047488e+00,3.770777307790671579e-02,9.992869478451283927e-01,1.928656494236534241e-03,2.474634347781405619e-01,2.682280597250100065e-04,-1.940150506252695658e-03,9.999980819330210879e-01,8.406036255957745340e-02,0.000000000000000000e+00,0.000000000000000000e+00,0.000000000000000000e+00,1.000000000000000056e-01
9.992138139214881143e-01,-3.964482877846789433e-02,2.040088223704454118e-04,9.645626179461784133e+00,3.964434595369380199e-02,9.992118758675145873e-01,1.988205026246483119e-03,3.106496422579713701e-01,-2.826700859363264168e-04,-1.978554130801960832e-03,9.999980027085924039e-01,9.474668317184395394e-02,0.000000000000000000e+00,0.000000000000000000e+00,0.000000000000000000e+00,1.000000000000000056e-01
9.990623361825127224e-01,-4.329479641010785390e-02,-9.500182732282970400e-05,1.042248622286106574e+01,4.329490047726321927e-02,9.990601181960592214e-01,2.105189478427043574e-03,3.610747862149315535e-01,3.768786960787878228e-06,-2.107328613083268073e-03,9.999977795734912300e-01,1.017571950278570031e-01,0.000000000000000000e+00,0.000000000000000000e+00,0.000000000000000000e+00,1.000000000000000056e-01
9.990091080343093122e-01,-4.449914711039609783e-02,7.924461754710737963e-04,1.119494534614580949e+01,4.449987116459519498e-02,9.990089657407018597e-01,-9.207801190411457051e-04,3.539333172929587934e-01,-7.506869041889922085e-04,9.551314781323590230e-04,9.999992620962434575e-01,1.214195468218949581e-01,0.000000000000000000e+00,0.000000000000000000e+00,0.000000000000000000e+00,1.000000000000000056e-01
9.989753932710891959e-01,-4.523865630178334346e-02,-1.275780107133303327e-03,1.205918073074948005e+01,4.523785158710617177e-02,9.989760311049784569e-01,-6.527338877100451880e-04,4.026968593584985268e-01,1.304002551989352950e-03,5.943515410322306423e-04,9.999989731612678456e-01,1.260746926475012630e-01,0.000000000000000000e+00,0.000000000000000000e+00,0.000000000000000000e+00,1.000000000000000056e-01
9.987765796161069964e-01,-4.932700117902254211e-02,-3.491556248287272946e-03,1.294947630563287611e+01,4.933050801231773919e-02,9.987820806143209440e-01,9.254312371643401381e-04,4.919567944044054841e-01,3.441655066519585474e-03,-1.096539289206495448e-03,9.999934762847156877e-01,1.465801314035986014e-01,0.000000000000000000e+00,0.000000000000000000e+00,0.000000000000000000e+00,1.000000000000000056e-01
9.988465391745631194e-01,-4.799488057966192628e-02,-1.443127555699763327e-03,1.381427526432540631e+01,4.799890120023065504e-02,9.988431959687306128e-01,2.894019789580545756e-03,5.508276135510722371e-01,1.302560005729597268e-03,-2.959950188090588932e-03,9.999947710024865710e-01,1.439685871625231706e-01,0.000000000000000000e+00,0.000000000000000000e+00,0.000000000000000000e+00,1.000000000000000056e-01
9.982057304710001411e-01,-5.986298024201418960e-02,-1.320322461109551659e-03,1.476683277377301273e+01,5.986171317544412146e-02,9.982061993689633761e-01,-9.792022621177560830e-04,6.593401024117360176e-01,1.376572031515732250e-03,8.984085448700739268e-04,9.999986489548515767e-01,1.499725689401345541e-01,0.000000000000000000e+00,0.000000000000000000e+00,0.000000000000000000e+00,1.000000000000000056e-01
9.974526495767210843e-01,-7.128353162427129852e-02,2.621063057307568278e-03,1.575392076439497124e+01,7.129277330997350892e-02,9.974488642689196549e-01,-3.619895359692525474e-03,7.331951729892880465e-01,-2.356337444339461074e-03,3.797537072091562022e-03,9.999900131431486150e-01,1.487332860107055399e-01,0.000000000000000000e+00,0.000000000000000000e+00,0.000000000000000000e+00,1.000000000000000056e-01
9.973050387731281496e-01,-7.332419845987492302e-02,2.494305102857258781e-03,1.669257712629306667e+01,7.333281867792168507e-02,9.973011687403032788e-01,-3.560412051476300431e-03,7.958028832243424500e-01,-2.226509034413067661e-03,3.733731302881130448e-03,9.999905509093961475e-01,1.658886894059979911e-01,0.000000000000000000e+00,0.000000000000000000e+00,0.000000000000000000e+00,1.000000000000000056e-01
9.972747241714096100e-01,-7.366955431377432417e-02,3.990149877985528157e-03,1.760613203594031262e+01,7.368979777893337746e-02,9.972677112265360133e-01,-5.189012264992540722e-03,8.669958412126207437e-01,-3.596975415378760553e-03,5.468904112908886360e-03,9.999785761983428500e-01,1.695295637026020541e-01,0.000000000000000000e+00,0.000000000000000000e+00,0.000000000000000000e+00,1.000000000000000056e-01
9.971094584580439957e-01,-7.595742523627836695e-02,1.788128905146903549e-03,1.854130773414565070e+01,7.596724460615587871e-02,9.970905432060647167e-01,-6.279044193452439949e-03,9.273500901810027841e-01,-1.305986391475940506e-03,6.396733581292121142e-03,9.999786878724142847e-01,1.625815228896031472e-01,0.000000000000000000e+00,0.000000000000000000e+00,0.000000000000000000e+00,1.000000000000000056e-01
9.969661233342042017e-01,-7.778546634296140683e-02,2.823145369327469210e-03,1.948588901625440073e+01,7.780931176308095165e-02,9.969215725496716196e-01,-9.648273837614913806e-03,1.012031783872441970e+00,-2.063959041262794589e-03,9.838669162948263797e-03,9.999494690544007414e-01,1.717965798982892256e-01,0.000000000000000000e+00,0.000000000000000000e+00,0.000000000000000000e+00,1.000000000000000056e-01
9.966699069676836498e-01,-8.150030477555696151e-02,2.607080075499862773e-03,2.043171928571228690e+01,8.151852818705214443e-02,9.966406696300065260e-01,-7.880685355289053506e-03,1.088920017551988861e+00,-1.956043773928904661e-03,8.066967270518064087e-03,9.999655483724481098e-01,1.864187690825518384e-01,0.000000000000000000e+00,0.000000000000000000e+00,0.000000000000000000e+00,1.000000000000000056e-01
9.966197871852272572e-01,-8.189292569778185149e-02,6.522922008567220292e-03,2.135415806623876733e+01,8.193583076236198026e-02,9.966157099346257819e-01,-6.606538335885146426e-03,1.157125196038154780e+00,-5.959817795356226258e-03,7.118667864110949858e-03,9.999569016411090638e-01,1.887964471978743064e-01,0.000000000000000000e+00,0.000000000000000000e+00,0.000000000000000000e+00,1.000000000000000056e-01
9.968440992611885543e-01,-7.894319491664984756e-02,8.355461956199196003e-03,2.232385641564298595e+01,7.900527265787911368e-02,9.968468811283924813e-01,-7.379869704176353351e-03,1.256050961601108185e+00,-7.746525698907833282e-03,8.016705117956664239e-03,9.999378599586316030e-01,1.915990509360753768e-01,0.000000000000000000e+00,0.000000000000000000e+00,0.000000000000000000e+00,1.000000000000000056e-01
9.968740742748063433e-01,-7.815704608205509274e-02,1.155665117910076312e-02,2.330431804533579410e+01,7.822971602051653761e-02,9.969174536940413889e-01,-5.975119374380322840e-03,1.333464962255261010e+00,-1.105402958641015301e-02,6.860515134906064807e-03,9.999153672996462516e-01,1.990143181288734353e-01,0.000000000000000000e+00,0.000000000000000000e+00,0.000000000000000000e+00,1.000000000000000056e-01
9.969400467482618655e-01,-7.706588172182510244e-02,1.309171738203209791e-02,2.424582945856579741e+01,7.714866398122843805e-02,9.970019071858911008e-01,-5.939757032689583181e-03,1.397395168604328441e+00,-1.259471458528704964e-02,6.931590159086471921e-03,9.998966577713827020e-01,2.111338289414528835e-01,0.000000000000000000e+00,0.000000000000000000e+00,0.000000000000000000e+00,1.000000000000000056e-01
9.969563972693760157e-01,-7.694266970333900335e-02,1.256055423096593890e-02,2.519225701158592301e+01,7.704360999319694037e-02,9.969975256963748977e-01,-7.759891398886095693e-03,1.483230017967144043e+00,-1.192577472880989795e-02,8.703983813704040118e-03,9.998910023411994308e-01,1.993046762795153415e-01,0.000000000000000000e+00,0.000000000000000000e+00,0.000000000000000000e+00,1.000000000000000056e-01
9.976603508384531693e-01,-6.785952272053895340e-02,8.301177087326853943e-03,2.613834122384231406e+01,6.791406857343969261e-02,9.976701608785696340e-01,-6.475290134892966454e-03,1.582667482171200124e+00,-7.842426582164028354e-03,7.023906937707073347e-03,9.999445790025733860e-01,2.013022727326287953e-01,0.000000000000000000e+00,0.000000000000000000e+00,0.000000000000000000e+00,1.000000000000000056e-01
9.978978253032114720e-01,-6.466651893097161152e-02,4.262814149301969412e-03,2.708736737248187865e+01,6.470646842892785466e-02,9.978540782183713542e-01,-1.001556420879395372e-02,1.643945287113472542e+00,-3.605994811055611947e-03,1.027034139231036182e-02,9.999407566896690858e-01,2.027536566828813946e-01,0.000000000000000000e+00,0.000000000000000000e+00,0.000000000000000000e+00,1.000000000000000056e-01
9.977512122120781868e-01,-6.660229092050019839e-02,7.526843526313669805e-03,2.807406577487197197e+01,6.668248487017473802e-02,9.977140583701589183e-01,-1.095919440862474885e-02,1.702532533652587610e+00,-6.779730147098025905e-03,1.143645813563675707e-02,9.999116174364833798e-01,2.136450560866014758e-01,0.000000000000000000e+00,0.000000000000000000e+00,0.000000000000000000e+00,1.000000000000000056e-01
9.974932707681204436e-01,-6.966459861259781394e-02,1.241041790040910836e-02,2.910088674557543342e+01,6.982172034624574419e-02,9.974784910351410794e-01,-1.271169894815976642e-02,1.753479093360394758e+00,-1.149356951550785030e-02,1.354635088884196745e-02,9.998421846658543943e-01,2.098781220772138745e-01,0.000000000000000000e+00,0.000000000000000000e+00,0.000000000000000000e+00,1.000000000000000056e-01
9.975108918522618273e-01,-6.808561090864397036e-02,1.834039866802000818e-02,3.006822530977189345e+01,6.839765238528293378e-02,9.975139675622733959e-01,-1.696011988028917755e-02,1.821471007713995505e+00,-1.714006371887714930e-02,1.817234452041126963e-02,9.996879433655005975e-01,2.121169226031402733e-01,0.000000000000000000e+00,0.000000000000000000e+00,0.000000000000000000e+00,1.000000000000000056e-01
9.977533765115315090e-01,-6.518154786518445820e-02,1.547790288562442274e-02,3.100875586911670823e+01,6.554828440685125934e-02,9.975484879184489673e-01,-2.450380915152954725e-02,1.870862816219575064e+00,-1.384276241061347182e-02,2.546330829870130374e-02,9.995799106921510191e-01,2.159533308310887523e-01,0.000000000000000000e+00,0.000000000000000000e+00,0.000000000000000000e+00,1.000000000000000056e-01
9.978451184105134875e-01,-6.394699791779703824e-02,1.469357416047955070e-02,3.194760887799166937e+01,6.430402549754291042e-02,9.976104241373973114e-01,-2.526725068569034977e-02,1.951463798623180645e+00,-1.304269792334401129e-02,2.615765871983632973e-02,9.995727411855411804e-01,2.134784348555210931e-01,0.000000000000000000e+00,0.000000000000000000e+00,0.000000000000000000e+00,1.000000000000000056e-01
9.979812219147417007e-01,-6.250359467054154849e-02,1.125972285715039906e-02,3.292244311167967652e+01,6.278193186658924396e-02,9.976795007007306371e-01,-2.634469420281183513e-02,2.026288769232155840e+00,-9.586956589978497256e-03,2.699841726474666234e-02,9.995895036106273723e-01,2.118286203381561927e-01,0.000000000000000000e+00,0.000000000000000000e+00,0.000000000000000000e+00,1.000000000000000056e-01
9.978263714801921536e-01,-6.482316909651017478e-02,1.185281093069121341e-02,3.386599652491250367e+01,6.512847119470718815e-02,9.974979415255641468e-01,-2.749797978220404684e-02,2.082092470712393339e+00,-1.004064831142196038e-02,2.821016484438818375e-02,9.995515854526663135e-01,2.017096157403696077e-01,0.000000000000000000e+00,0.000000000000000000e+00,0.000000000000000000e+00,1.000000000000000056e-01
9.979266420975761998e-01,-6.298835786085532629e-02,1.322436258762556965e-02,3.480481438065099553e+01,6.336922256713595214e-02,9.975182908827926465e-01,-3.068551752063403137e-02,2.140115282376314987e+00,-1.125871320768736042e-02,3.145991303651640703e-02,9.994416017200014046e-01,2.027624675374812835e-01,0.000000000000000000e+00,0.000000000000000000e+00,0.000000000000000000e+00,1.000000000000000056e-01
9.978667545166777231e-01,-6.326712915924589953e-02,1.610001858072610675e-02,3.578694841700562534e+01,6.372289730998209611e-02,9.975293299995735552e-01,-2.957411281887245558e-02,2.219273687089670322e+00,-1.418917153233068343e-02,3.053696380698674856e-02,9.994329198363824940e-01,1.987211573639679207e-01,0.000000000000000000e+00,0.000000000000000000e+00,0.000000000000000000e+00,1.000000000000000056e-01
9.977741480070824176e-01,-6.495555784594168880e-02,1.508393428994611422e-02,3.676715166030205495e+01,6.537467607803286451e-02,9.974337645256139417e-01,-2.918967474903442355e-02,2.295163689318261646e+00,-1.314919375601281658e-02,3.011081017150922523e-02,9.994600731466876109e-01,1.979780782598516975e-01,0.000000000000000000e+00,0.000000000000000000e+00,0.000000000000000000e+00,1.000000000000000056e-01
9.974871413031364265e-01,-6.890256147252661612e-02,1.648756978518966035e-02,3.776465614106071200e+01,6.936645739800655075e-02,9.971565419495171945e-01,-2.944699365523196360e-02,2.372866511333978412e+00,-1.441171478164034354e-02,3.051668182822994679e-02,9.994303550559424654e-01,2.007852659478958079e-01,0.000000000000000000e+00,0.000000000000000000e+00,0.000000000000000000e+00,1.000000000000000056e-01
9.975174270843745195e-01,-6.733837801780609422e-02,2.060401681470307514e-02,3.873839338221876716e+01,6.794821032700820718e-02,9.972229451822711699e-01,-3.048669079046707406e-02,2.433383152688611606e+00,-1.849387402158280194e-02,3.181101142573027063e-02,9.993227887803549647e-01,2.120233054222142866e-01,0.000000000000000000e+00,0.000000000000000000e+00,0.000000000000000000e+00,1.000000000000000056e-01
9.973230808652300272e-01,-7.010165963440730119e-02,2.079494385632187775e-02,3.974978920014101647e+01,7.069479562183748900e-02,9.970673156106579782e-01,-2.930894083625811691e-02,2.512706501970503936e+00,-1.867935345434885291e-02,3.070057747760395611e-02,9.993540695354520276e-01,1.998694013220419508e-01,0.000000000000000000e+00,0.000000000000000000e+00,0.000000000000000000e+00,1.000000000000000056e-01
9.973172081090376784e-01,-7.008117704769784018e-02,2.114273003194364758e-02,4.076841962213238446e+01,7.077174604189340190e-02,9.969161890641079493e-01,-3.390386326184010451e-02,2.603187376103036854e+00,-1.870150720600256833e-02,3.530921417286197322e-02,9.992014376604543280e-01,2.039729145274687960e-01,0.000000000000000000e+00,0.000000000000000000e+00,0.000000000000000000e+00,1.000000000000000056e-01
9.973506336868307454e-01,-7.051497529856709523e-02,1.787041530350150578e-02,4.178768274884961897e+01,7.106048465875930420e-02,9.969588735723445838e-01,-3.199081001512825428e-02,2.685194412740547154e+00,-1.556023793325092899e-02,3.317593501326329686e-02,9.993283926375035042e-01,2.263024356122472214e-01,0.000000000000000000e+00,0.000000000000000000e+00,0.000000000000000000e+00,1.000000000000000056e-01
9.974895478828585960e-01,-6.882875039889134461e-02,1.664947395497678659e-02,4.280495746579487104e+01,6.931485538872446395e-02,9.971244133245291685e-01,-3.063258354520283569e-02,2.775713864129158104e+00,-1.449319450261230512e-02,3.170973779047581848e-02,9.993920351105309852e-01,2.282837063642658981e-01,0.000000000000000000e+00,0.000000000000000000e+00,0.000000000000000000e+00,1.000000000000000056e-01
9.974711438610242009e-01,-6.921571389726038914e-02,1.614007788929486958e-02,4.383486893364757009e+01,6.961517472465608702e-02,9.972437962810016820e-01,-2.566199967094566145e-02,2.818426650676134848e+00,-1.431937891933570892e-02,2.672069850787221409e-02,9.995403742013705406e-01,2.490243106210070223e-01,0.000000000000000000e+00,0.000000000000000000e+00,0.000000000000000000e+00,1.000000000000000056e-01
9.974873477570848079e-01,-6.874482271732530736e-02,1.712134381700308391e-02,4.483088178881125430e+01,6.919311643728794092e-02,9.972342062110086669e-01,-2.713393816598175246e-02,2.863134250348288390e+00,-1.520867194177154789e-02,2.825043915168261310e-02,9.994851719688014891e-01,2.490512525505884367e-01,0.000000000000000000e+00,0.000000000000000000e+00,0.000000000000000000e+00,1.000000000000000056e-01
9.977870009733786905e-01,-6.416790209309246318e-02,1.742357682917433995e-02,4.577511365730944704e+01,6.460475660128721376e-02,9.975776667836160350e-01,-2.578806233599694256e-02,2.941902458618034455e+00,-1.572660526112599697e-02,2.685663931932156731e-02,9.995155800743841246e-01,2.497648098172812470e-01,0.000000000000000000e+00,0.000000000000000000e+00,0.000000000000000000e+00,1.000000000000000056e-01
9.976580661701391906e-01,-6.684034438297238589e-02,1.451727827189961545e-02,4.667508155039795525e+01,6.713691160622818621e-02,9.975226616806739388e-01,-2.100415514800060141e-02,2.992701577172503402e+00,-1.307738909857857415e-02,2.192961003459539815e-02,9.996739839058006449e-01,2.493823766390374785e-01,0.000000000000000000e+00,0.000000000000000000e+00,0.000000000000000000e+00,1.000000000000000056e-01
9.980680387975873202e-01,-6.118038972283332266e-02,1.082357815604278843e-02,4.760807922815401128e+01,6.143273098668430854e-02,9.978040387969218106e-01,-2.476125449303283668e-02,3.079687939013049380e+00,-9.284906798423626581e-03,2.537833867520275857e-02,9.996347985298587036e-01,2.445013426056888983e-01,0.000000000000000000e+00,0.000000000000000000e+00,0.000000000000000000e+00,1.000000000000000056e-01
9.980849729264349435e-01,-6.099197068241155040e-02,1.031340538878332096e-02,4.852841888917295421e+01,6.124198935186611625e-02,9.977850523217765000e-01,-2.596936856097430482e-02,3.140413373141558662e+00,-8.706638769551173704e-03,2.655124998009799828e-02,9.996095365520633047e-01,2.477912497013584070e-01,0.000000000000000000e+00,0.000000000000000000e+00,0.000000000000000000e+00,1.000000000000000056e-01
9.982161973417174039e-01,-5.804436893910752682e-02,1.397406880984525430e-02,4.948776923598713751e+01,5.836209432021298438e-02,9.980184285012992929e-01,-2.351770223375397248e-02,3.192991280114779507e+00,-1.258130800831469380e-02,2.429130721591004141e-02,9.996257515103050828e-01,2.448627676418272392e-01,0.000000000000000000e+00,0.000000000000000000e+00,0.000000000000000000e+00,1.000000000000000056e-01
9.983527684197176510e-01,-5.490176095084041419e-02,1.665972488315619476e-02,5.046922839291905660e+01,5.535450870988745109e-02,9.980725430496569794e-01,-2.805489575595647087e-02,3.272404780767776078e+00,-1.508735080034508298e-02,2.893087373183472408e-02,9.994675464420743616e-01,2.615399787009246024e-01,0.000000000000000000e+00,0.000000000000000000e+00,0.000000000000000000e+00,1.000000000000000056e-01
9.985490524320966843e-01,-5.090114505074889301e-02,1.757450765979944735e-02,5.141708302054865243e+01,5.142746324547036590e-02,9.981979191096029824e-01,-3.092135684917975483e-02,3.327028781777716659e+00,-1.596890450524152127e-02,3.178030392839473889e-02,9.993673030328344975e-01,2.554429382622103728e-01,0.000000000000000000e+00,0.000000000000000000e+00,0.000000000000000000e+00,1.000000000000000056e-01
9.984739077431580290e-01,-5.262258638980069070e-02,1.675466972982689665e-02,5.235234396456219486e+01,5.314484019425322336e-02,9.980603388761977168e-01,-3.242199751799028362e-02,3.395062834830687937e+00,-1.501604198298945800e-02,3.326294280392587399e-02,9.993338256654719087e-01,2.610503438323825698e-01,0.000000000000000000e+00,0.000000000000000000e+00,0.000000000000000000e+00,1.000000000000000056e-01
9.985267838971907395e-01,-5.198137543652249504e-02,1.556272622840094641e-02,5.333101982209696956e+01,5.249667695012071034e-02,9.980156086472348198e-01,-3.476986922155691356e-02,3.438780827284604769e+00,-1.372445806316331673e-02,3.553563710160268646e-02,9.992741654554347930e-01,2.740732969122003371e-01,0.000000000000000000e+00,0.000000000000000000e+00,0.000000000000000000e+00,1.000000000000000056e-01
9.985554065615973585e-01,-5.121421299331670174e-02,1.625436600049767408e-02,5.428011087083595498e+01,5.179273798545569463e-02,9.979562225769136319e-01,-3.742846659946926641e-02,3.482852625256456225e+00,-1.430427623380081496e-02,3.821625580159367791e-02,9.991671058806601557e-01,2.739667352934649913e-01,0.000000000000000000e+00,0.000000000000000000e+00,0.000000000000000000e+00,1.000000000000000056e-01
9.987953940285174692e-01,-4.534989150762609028e-02,1.873894894771761105e-02,5.520528500445094267e+01,4.608339918695814746e-02,9.981054277392454877e-01,-4.076610647134754767e-02,3.536771394438007032e+00,-1.685470814918162835e-02,4.158055384075976663e-02,9.989929811342528332e-01,2.716790449654329365e-01,0.000000000000000000e+00,0.000000000000000000e+00,0.000000000000000000e+00,1.000000000000000056e-01
9.987911550861175991e-01,-4.306795950534863388e-02,2.369344605127541442e-02,5.614016240489928578e+01,4.396296334799149746e-02,9.982853201879898775e-01,-3.864812221603514120e-02,3.584571405450670323e+00,-2.198832361509637373e-02,3.964303673040300846e-02,9.989719431812835726e-01,2.824111448177730743e-01,0.000000000000000000e+00,0.000000000000000000e+00,0.000000000000000000e+00,1.000000000000000056e-01
9.986635892244434265e-01,-4.668388544868191936e-02,2.217319094687188533e-02,5.705955600759279633e+01,4.744462096559055875e-02,9.982562570577563354e-01,-3.512055219483581348e-02,3.637644417783052919e+00,-2.049496276609308679e-02,3.612561535051113382e-02,9.991370758893712845e-01,2.744871221271303896e-01,0.000000000000000000e+00,0.000000000000000000e+00,0.000000000000000000e+00,1.000000000000000056e-01
9.986362214477957355e-01,-4.860069447557927025e-02,1.907012608664448994e-02,5.789515092785439521e+01,4.923851715843657884e-02,9.981896897359889831e-01,-3.453855429528440713e-02,3.680037864344087861e+00,-1.735700551672052921e-02,3.543043608624314722e-02,9.992214061749433718e-01,2.794733357346782521e-01,0.000000000000000000e+00,0.000000000000000000e+00,0.000000000000000000e+00,1.000000000000000056e-01
9.986817457203399639e-01,-4.939764374563188065e-02,1.395147151212985069e-02,5.876478908774490861e+01,4.985992790768502270e-02,9.981427765331953861e-01,-3.499978919427988028e-02,3.730715391017855875e+00,-1.219665339404981362e-02,3.564926993618824230e-02,9.992899335022855656e-01,2.921632559484844682e-01,0.000000000000000000e+00,0.000000000000000000e+00,0.000000000000000000e+00,1.000000000000000056e-01
9.987072687504110480e-01,-4.971673080560141261e-02,1.058480151432371688e-02,5.970653284875336908e+01,5.005085021903484671e-02,9.981653766532410099e-01,-3.407041595057485467e-02,3.782262633337178492e+00,-8.871512692095132740e-03,3.455615037438067999e-02,9.993633817255148655e-01,3.100350441226173981e-01,0.000000000000000000e+00,0.000000000000000000e+00,0.000000000000000000e+00,1.000000000000000056e-01
9.991746693144202274e-01,-3.914794002483438368e-02,1.083600444033950248e-02,6.059365144689117955e+01,3.943912169726718903e-02,9.988265863549614654e-01,-2.810704662967795919e-02,3.836797419999810721e+00,-9.722956349137652429e-03,2.851121151944813886e-02,9.995461844945064955e-01,3.019778799225766863e-01,0.000000000000000000e+00,0.000000000000000000e+00,0.000000000000000000e+00,1.000000000000000056e-01
9.991009703561785082e-01,-4.102016370234640164e-02,1.070500832205239714e-02,6.151641692128441719e+01,4.129470266281425050e-02,9.987868037831971746e-01,-2.682663080848965431e-02,3.887443727373987468e+00,-9.591588259108583397e-03,2.724457300781107233e-02,9.995827803020066460e-01,3.146672356129889825e-01,0.000000000000000000e+00,0.000000000000000000e+00,0.000000000000000000e+00,1.000000000000000056e-01
9.989259225182532953e-01,-4.472801815400467840e-02,1.209982285290320259e-02,6.242227396781866844e+01,4.503927037474445005e-02,9.986254892211551271e-01,-2.680664846487232009e-02,3.944277777475087454e+00,-1.088418325678494267e-02,2.732282324035352136e-02,9.995674053734491249e-01,3.254797654436266119e-01,0.000000000000000000e+00,0.000000000000000000e+00,0.000000000000000000e+00,1.000000000000000056e-01
9.988818997760038343e-01,-4.605321294035396446e-02,1.067950737402936084e-02,6.325578850288221133e+01,4.631373487452061094e-02,9.985992074020446641e-01,-2.558634280198572933e-02,3.990215024305735714e+00,-9.486214305725271245e-03,2.605234257947887030e-02,9.996155696988053840e-01,3.365902305441993980e-01,0.000000000000000000e+00,0.000000000000000000e+00,0.000000000000000000e+00,1.000000000000000056e-01
9.987877718109618996e-01,-4.779895140935906672e-02,1.175785376076648840e-02,6.408442771821330552e+01,4.805723108144370481e-02,9.985851593259650327e-01,-2.276361383264274493e-02,4.030791002147720903e+00,-1.065314139953849569e-02,2.330106903347341565e-02,9.996717315000053228e-01,3.397447954434741901e-01,0.000000000000000000e+00,0.000000000000000000e+00,0.000000000000000000e+00,1.000000000000000056e-01
9.987030463417989612e-01,-4.965560508152422337e-02,1.124927160301149656e-02,6.489332154774200490e+01,4.989739015446216508e-02,9.985044178468034382e-01,-2.234229165035366005e-02,4.076534337679059483e+00,-1.012302738235937305e-02,2.287462402759411761e-02,9.996870889894557966e-01,3.521895637320409111e-01,0.000000000000000000e+00,0.000000000000000000e+00,0.000000000000000000e+00,1.000000000000000056e-01
9.985257254871494625e-01,-5.272031901095557138e-02,1.292066189268162822e-02,6.572584620968491720e+01,5.300778356168600602e-02,9.983287449684211667e-01,-2.301937991463924929e-02,4.113741812355071303e+00,-1.168547911894799070e-02,2.367033867861046206e-02,9.996515216037039631e-01,3.648122267825725240e-01,0.000000000000000000e+00,0.000000000000000000e+00,0.000000000000000000e+00,1.000000000000000056e-01
9.984254173656716969e-01,-5.454223359462898740e-02,1.310842144170289852e-02,6.650653911221512260e+01,5.483687601202092560e-02,9.982238911711653895e-01,-2.328046658337601035e-02,4.157413065817863185e+00,-1.181537081206575704e-02,2.396263444628674369e-02,9.996430308680028798e-01,3.708157680857361860e-01,0.000000000000000000e+00,0.000000000000000000e+00,0.000000000000000000e+00,1.000000000000000056e-01
9.983031669173688671e-01,-5.624526862096588392e-02,1.507503500849210684e-02,6.732879102208593736e+01,5.656622775026021871e-02,9.981611584556504546e-01,-2.178448137045049457e-02,4.212465191841766377e+00,-1.382204040138655318e-02,2.260025460540666595e-02,9.996490282548736728e-01,3.705698365771193381e-01,0.000000000000000000e+00,0.000000000000000000e+00,0.000000000000000000e+00,1.000000000000000056e-01
9.982489050413864140e-01,-5.600539326998095480e-02,1.903994507207858178e-02,6.805776296434223127e+01,5.643741450262466930e-02,9.981419869529498667e-01,-2.296501961410639045e-02,4.259935787515227723e+00,-1.771840365077868851e-02,2.399937095617577301e-02,9.995549451459764256e-01,3.671824451279577239e-01,0.000000000000000000e+00,0.000000000000000000e+00,0.000000000000000000e+00,1.000000000000000056e-01
9.982585801292911398e-01,-5.528290956676301660e-02,2.058171781180626048e-02,6.878819806044663210e+01,5.574776245969319255e-02,9.981858548014416188e-01,-2.274172937691811350e-02,4.325369531606995110e+00,-1.928715061872392916e-02,2.384951119307187825e-02,9.995294926298383675e-01,3.764912277084871972e-01,0.000000000000000000e+00,0.000000000000000000e+00,0.000000000000000000e+00,1.000000000000000056e-01
9.983773172609468061e-01,-5.376651622135571185e-02,1.875884090911278043e-02,6.947170688532322913e+01,5.410982363974295439e-02,9.983672826059261096e-01,-1.830016414502598499e-02,4.372693387367918127e+00,-1.774427695091079435e-02,1.928550635782409761e-02,9.996565459596669090e-01,3.935770177831945382e-01,0.000000000000000000e+00,0.000000000000000000e+00,0.000000000000000000e+00,1.000000000000000056e-01
9.983002970451038127e-01,-5.678423819674159601e-02,1.311743923459026545e-02,7.016274179773283493e+01,5.698707794828147821e-02,9.982523305976364059e-01,-1.564472445598236866e-02,4.420453272918111409e+00,-1.220614052737171648e-02,1.636565760373943912e-02,9.997915659699391222e-01,4.035666837241977389e-01,0.000000000000000000e+00,0.000000000000000000e+00,0.000000000000000000e+00,1.000000000000000056e-01
9.982842586440104915e-01,-5.774537687958592597e-02,9.695895658115273597e-03,7.088380583969143345e+01,5.790222690141343803e-02,9.981815488137734116e-01,-1.676089877046438997e-02,4.465967302191965693e+00,-8.710399728813190967e-03,1.729355535368896912e-02,9.998125133642773443e-01,4.175992040580848164e-01,0.000000000000000000e+00,0.000000000000000000e+00,0.000000000000000000e+00,1.000000000000000056e-01
9.984742432268393086e-01,-5.353179005452955025e-02,1.354743762297231507e-02,7.158905055432390441e+01,5.371861538071730918e-02,9.984604179330428542e-01,-1.382404363968536484e-02,4.504796980504808701e+00,-1.278655442913047627e-02,1.453070110253235417e-02,9.998126638282291978e-01,4.217067805558488702e-01,0.000000000000000000e+00,0.000000000000000000e+00,0.000000000000000000e+00,1.000000000000000056e-01
9.983443365194654140e-01,-5.541783811048444502e-02,1.540937891897416721e-02,7.224188846386176976e+01,5.562845126623746500e-02,9.983590140800273627e-01,-1.359243962192003240e-02,4.543021442604045390e+00,-1.463082872663851002e-02,1.442713500026378791e-02,9.997888760265618568e-01,4.358810867878841755e-01,0.000000000000000000e+00,0.000000000000000000e+00,0.000000000000000000e+00,1.000000000000000056e-01
9.984146465066852105e-01,-5.383591591453912306e-02,1.642826218969632365e-02,7.286303678287627861e+01,5.403128533029544212e-02,9.984708206016238430e-01,-1.168933756361103908e-02,4.575203307468715508e+00,-1.577383423543348914e-02,1.255844595332242068e-02,9.997967151320065193e-01,4.433250455367514498e-01,0.000000000000000000e+00,0.000000000000000000e+00,0.000000000000000000e+00,1.000000000000000056e-01
9.984378607970552100e-01,-5.415423191788508450e-02,1.375344656383166095e-02,7.343960633329821519e+01,5.431572720994438941e-02,9.984558106972032387e-01,-1.165314818602935891e-02,4.600444494712288446e+00,-1.310114134933149099e-02,1.238197279816786490e-02,9.998375102210209642e-01,4.501312786723010162e-01,0.000000000000000000e+00,0.000000000000000000e+00,0.000000000000000000e+00,1.000000000000000056e-01
9.986282456783019956e-01,-5.112225606575120790e-02,1.131997651166332178e-02,7.408087995097938006e+01,5.132876812329194988e-02,9.985053461062494140e-01,-1.877315530710003608e-02,4.621146616127351336e+00,-1.034333101192131538e-02,1.932844359970389489e-02,9.997596845100280571e-01,4.622974876444780334e-01,0.000000000000000000e+00,0.000000000000000000e+00,0.000000000000000000e+00,1.000000000000000056e-01
9.987346262046674639e-01,-4.973765877958952891e-02,7.437184880600068021e-03,7.469589705984235195e+01,4.989960552172848646e-02,9.984786865022933222e-01,-2.345936847894702221e-02,4.677296818567645786e+00,-6.259056526265745213e-03,2.380079620055281647e-02,9.996971272898711458e-01,4.664384539896179183e-01,0.000000000000000000e+00,0.000000000000000000e+00,0.000000000000000000e+00,1.000000000000000056e-01
9.988977049858071000e-01,-4.658211296533670831e-02,5.786339583193609443e-03,7.528450703990851878e+01,4.670885767006235922e-02,9.986167775038830019e-01,-2.414154723537787275e-02,4.679169245155263113e+00,-4.653771507635580396e-03,2.438520944024745105e-02,9.996918044934198777e-01,4.728097592895936230e-01,0.000000000000000000e+00,0.000000000000000000e+00,0.000000000000000000e+00,1.000000000000000056e-01
9.990574500597390051e-01,-4.268233261125235073e-02,7.901263379646658244e-03,7.584500321548404145e+01,4.285631492435625772e-02,9.988084954003726423e-01,-2.334364554109141093e-02,4.729433587155706498e+00,-6.895487744642899916e-03,2.366026202107960469e-02,9.996962760007948035e-01,4.696959582048431114e-01,0.000000000000000000e+00,0.000000000000000000e+00,0.000000000000000000e+00,1.000000000000000056e-01
9.992580246704143576e-01,-3.679337868303106385e-02,1.138628195982813868e-02,7.639380683590812282e+01,3.707155819593831170e-02,9.989930785184428785e-01,-2.526912434512692054e-02,4.728315645353653451e+00,-1.044508040690886666e-02,2.567248249257173334e-02,9.996158381788284863e-01,4.886810187575820197e-01,0.000000000000000000e+00,0.000000000000000000e+00,0.000000000000000000e+00,1.000000000000000056e-01
9.993332673208038530e-01,-3.261540544926119778e-02,1.640902658011733281e-02,7.696339635730407736e+01,3.304560962075092645e-02,9.990980047001785103e-01,-2.666767123156789723e-02,4.741322601175077089e+00,-1.552444880566223630e-02,2.719213731030283368e-02,9.995096693668240606e-01,4.914128888210883561e-01,0.000000000000000000e+00,0.000000000000000000e+00,0.000000000000000000e+00,1.000000000000000056e-01
9.995412282738722620e-01,-2.309775538961170160e-02,1.959149500983716624e-02,7.750459967444061249e+01,2.368348066494261467e-02,9.992629126365789594e-01,-3.021132523829453756e-02,4.754392735379960655e+00,-1.887924056608476092e-02,3.066145992972915332e-02,9.993515143084666930e-01,5.091591071071986940e-01,0.000000000000000000e+00,0.000000000000000000e+00,0.000000000000000000e+00,1.000000000000000056e-01
9.997557069754569037e-01,-1.311805018889174168e-02,1.778884845194161554e-02,7.800267338479915225e+01,1.357041062307540180e-02,9.995813877556720684e-01,-2.555177504530508487e-02,4.757036889132088220e+00,-1.744621235470755413e-02,2.578693490290132756e-02,9.995152143228175357e-01,4.948642942045044513e-01,0.000000000000000000e+00,0.000000000000000000e+00,0.000000000000000000e+00,1.000000000000000056e-01
9.998509614811492696e-01,2.473500035909331502e-03,1.708615295476787269e-02,7.850404764878030051e+01,-2.079883273316476041e-03,9.997329181316856328e-01,-2.301665678315762548e-02,4.756982933361761035e+00,-1.713852125449406502e-02,2.297768921098582162e-02,9.995890640096721791e-01,4.976948082204099566e-01,0.000000000000000000e+00,0.000000000000000000e+00,0.000000000000000000e+00,1.000000000000000056e-01
9.996463010101787061e-01,1.990558539101501545e-02,1.763634165319200378e-02,7.899226012793081964e+01,-1.960989254227677586e-02,9.996668301262560119e-01,-1.678335067272029510e-02,4.774003902262892396e+00,-1.796454817543328628e-02,1.643156765388356297e-02,9.997035953687914978e-01,4.953327644603921498e-01,0.000000000000000000e+00,0.000000000000000000e+00,0.000000000000000000e+00,1.000000000000000056e-01
9.989550218935894232e-01,4.040721919625767100e-02,2.135698645417830402e-02,7.949803879767385695e+01,-4.004449135223522860e-02,9.990507519970356354e-01,-1.714740932323045863e-02,4.751293799935296214e+00,-2.202959250460906002e-02,1.627426099653187658e-02,9.996248523736780411e-01,5.050498021405546156e-01,0.000000000000000000e+00,0.000000000000000000e+00,0.000000000000000000e+00,1.000000000000000056e-01
9.975590726169268896e-01,6.648059812247884837e-02,2.135946424736233709e-02,7.999953099767161291e+01,-6.602100322360386631e-02,9.975855605691935635e-01,-2.154707583865394030e-02,4.721084941543375990e+00,-2.274035560420673355e-02,2.008430773328465438e-02,9.995396424403931723e-01,5.050753411333231968e-01,0.000000000000000000e+00,0.000000000000000000e+00,0.000000000000000000e+00,1.000000000000000056e-01
9.951744380627850495e-01,9.495816379195994028e-02,2.471406392480494235e-02,8.047769719972339431e+01,-9.442828289278977494e-02,9.952931058935083897e-01,-2.179295186001208723e-02,4.681098658801157164e+00,-2.666715613520314471e-02,1.935408200129488249e-02,9.994569937188632069e-01,4.994717904536752906e-01,0.000000000000000000e+00,0.000000000000000000e+00,0.000000000000000000e+00,1.000000000000000056e-01
9.913041020861823593e-01,1.289764242075969181e-01,2.610094223835209004e-02,8.093367088450480651e+01,-1.284279510653907885e-01,9.914812656162378390e-01,-2.170625064742427723e-02,4.647551604349955845e+00,-2.867818983571626679e-02,1.816540477515486696e-02,9.994236236436986331e-01,5.063842041528385796e-01,0.000000000000000000e+00,0.000000000000000000e+00,0.000000000000000000e+00,1.000000000000000056e-01
