1.000000000000000000e+00,-1.547249076603763954e-09,-5.733331271885260305e-11,2.767171104737359368e-16,1.547249076603677100e-09,1.000000000000000000e+00,-1.516072786306494713e-12,3.158228520864142608e-15,5.733331272119834510e-11,1.516072697597579487e-12,1.000000000000000000e+00,1.108014528809519438e-16,0.000000000000000000e+00,0.000000000000000000e+00,0.000000000000000000e+00,1.000000000000000056e-01
9.999821601245594271e-01,-5.897452374074931697e-03,-9.484134728122259501e-04,6.406463304965376304e-01,5.895920609600070750e-03,9.999813230817424792e-01,-1.609847152104687323e-03,6.989133465792322052e-03,9.578897562803974277e-04,1.604226662091239519e-03,9.999982544504922855e-01,8.288222917828737962e-03,0.000000000000000000e+00,0.000000000000000000e+00,0.000000000000000000e+00,1.000000000000000056e-01
9.999355644673764143e-01,-1.126393553532915003e-02,-1.410910899121038068e-03,1.303404555671462406e+00,1.126460010267943922e-02,9.999364447422175450e-01,4.639620899382447864e-04,1.591347043210322373e-02,1.405595189243235166e-03,-4.798255413529728332e-04,9.999988970341986416e-01,1.337062322467782484e-02,0.000000000000000000e+00,0.000000000000000000e+00,0.000000000000000000e+00,1.000000000000000056e-01
9.998144816287763970e-01,-1.914419342255596623e-02,-2.121834956080538917e-03,2.028985814023340328e+00,1.914844011247507360e-02,9.998146524215961728e-01,1.999511025670776525e-03,2.282394842827332668e-02,2.083162653283681873e-03,-2.039769909227114476e-03,9.999957498770069009e-01,1.894390078972867444e-02,0.000000000000000000e+00,0.000000000000000000e+00,0.000000000000000000e+00,1.000000000000000056e-01
9.996318433671079751e-01,-2.708291114658689311e-02,-1.641234384179332756e-03,2.746199609184238444e+00,2.708934540389823856e-02,9.996248772060789545e-01,4.033886007284831141e-03,4.233302674014853550e-02,1.531369343440905145e-03,-4.076860870516707189e-03,9.999905170117247000e-01,2.502379829406944922e-02,0.000000000000000000e+00,0.000000000000000000e+00,0.000000000000000000e+00,1.000000000000000056e-01
9.994390260077801180e-01,-3.343638901770446675e-02,-1.908188165902053278e-03,3.443923280261843356e+00,3.344034723106773660e-02,9.994385475469003133e-01,2.081550962111557677e-03,5.921098402802252303e-02,1.837517261245992604e-03,-2.144193741008311969e-03,9.999960129738095782e-01,3.097921671378110406e-02,0.000000000000000000e+00,0.000000000000000000e+00,0.000000000000000000e+00,1.000000000000000056e-01
9.991248398023526711e-01,-4.178416793793490736e-02,-1.907301669235047289e-03,4.182194641910770727e+00,4.179183590592154551e-02,9.991176164014109462e-01,4.175050655459104990e-03,9.683943719528988192e-02,1.731167679787464202e-03,-4.251106455686047211e-03,9.999894655206957861e-01,4.496956839045564147e-02,0.000000000000000000e+00,0.000000000000000000e+00,0.000000000000000000e+00,1.000000000000000056e-01
9.988828244792792299e-01,-4.716868424397705623e-02,-2.866738039896718927e-03,4.952504158813150426e+00,4.718591692090739337e-02,9.988664175021598757e-01,6.274490476049992584e-03,1.367934067256100228e-01,2.567528895772156015e-03,-6.402750431869725332e-03,9.999762060080612525e-01,5.324140418103547046e-02,0.000000000000000000e+00,0.000000000000000000e+00,0.000000000000000000e+00,1.000000000000000056e-01
9.985287780762257537e-01,-5.419859732876095709e-02,-1.670748692754294796e-03,5.738085257429003327e+00,5.420762383691176550e-02,9.985120295668181711e-01,5.938040780390932763e-03,1.894557353117517218e-01,1.346429186920029700e-03,-6.019871921273392198e-03,9.999809739542527831e-01,5.609701820401472028e-02,0.000000000000000000e+00,0.000000000000000000e+00,0.000000000000000000e+00,1.000000000000000056e-01
9.980681193628974102e-01,-6.209713953391068214e-02,1.993582984286818970e-03,6.546544991664318580e+00,6.208712612881326504e-02,9.980594614568343292e-01,4.743433941632059676e-03,2.389105011743875018e-01,-2.284268039010225061e-03,-4.610494355253172936e-03,9.999867626430493095e-01,5.847672931700566984e-02,0.000000000000000000e+00,0.000000000000000000e+00,0.000000000000000000e+00,1.000000000000000056e-01
9.978703257755771050e-01,-6.512010539570783907e-02,3.766272666126136651e-03,7.370822577199983350e+00,6.509789642120233921e-02,9.978623380971929357e-01,5.746136853382220570e-03,3.065749697765485782e-01,-4.132410686042586878e-03,-5.488723025922080494e-03,9.999763982722125188e-01,6.863577915120569473e-02,0.000000000000000000e+00,0.000000000000000000e+00,0.000000000000000000e+00,1.000000000000000056e-01
9.975383824027433954e-01,-7.004675700834135654e-02,3.259979437413202969e-03,8.187675093559242612e+00,7.002761423824128972e-02,9.975290165658030617e-01,5.656355130455833699e-03,3.671897506836430125e-01,-3.648133415603457049e-03,-5.414142764662600860e-03,9.999786888632706816e-01,7.386530794842259551e-02,0.000000000000000000e+00,0.000000000000000000e+00,0.000000000000000000e+00,1.000000000000000056e-01
9.972542251774444422e-01,-7.396829944754451658e-02,3.563852209811623102e-03,9.020592713163637200e+00,7.394572058642095991e-02,9.972436231195763723e-01,6.098077918096747423e-03,4.413114992350543053e-01,-4.005093343475490605e-03,-5.817802349565225246e-03,9.999750558904614284e-01,7.800010147692480744e-02,0.000000000000000000e+00,0.000000000000000000e+00,0.000000000000000000e+00,1.000000000000000056e-01
9.970552191516866003e-01,-7.655945935427452276e-02,4.420310595812762186e-03,9.801647589813487826e+00,7.653910120093160296e-02,9.970559478614866578e-01,4.604652146037026966e-03,5.245964470965398530e-01,-4.759826649765361295e-03,-4.252765854551768254e-03,9.999796288089325413e-01,8.892090187581701277e-02,0.000000000000000000e+00,0.000000000000000000e+00,0.000000000000000000e+00,1.000000000000000056e-01
9.968067216259646202e-01,-7.970584153926978110e-02,4.830998428216202491e-03,1.057734443508816291e+01,7.967894562690357174e-02,9.968052638907612950e-01,5.525531961233793275e-03,5.606600741306692059e-01,-5.255981838016176265e-03,-5.122958538431448237e-03,9.999730646126084865e-01,9.238864970129564980e-02,0.000000000000000000e+00,0.000000000000000000e+00,0.000000000000000000e+00,1.000000000000000056e-01
9.965785970528905358e-01,-8.245919071290755409e-02,5.619765392328408132e-03,1.137828283088363435e+01,8.243612216195386755e-02,9.965874148212315875e-01,4.220234926379133784e-03,6.420153652258039356e-01,-5.948584620889962524e-03,-3.742524135761020592e-03,9.999753036220951907e-01,1.068130436373761066e-01,0.000000000000000000e+00,0.000000000000000000e+00,0.000000000000000000e+00,1.000000000000000056e-01
9.962925761023231352e-01,-8.590338502417245448e-02,4.659532678874414233e-03,1.223693660059132959e+01,8.587076388955360018e-02,9.962830788900933765e-01,6.799898991933655407e-03,7.228771325724699937e-01,-5.226347904727564678e-03,-6.374571253405887303e-03,9.999660244872892179e-01,1.004936938140556513e-01,0.000000000000000000e+00,0.000000000000000000e+00,0.000000000000000000e+00,1.000000000000000056e-01
9.960382929969734400e-01,-8.889475045285465116e-02,2.332857818228186841e-03,1.311286612148349739e+01,8.887994446142134797e-02,9.960253038931904390e-01,5.826617973774330349e-03,8.248728511533915952e-01,-2.841541168103121646e-03,-5.596190347223154761e-03,9.999803039547267014e-01,1.007450764670853732e-01,0.000000000000000000e+00,0.000000000000000000e+00,0.000000000000000000e+00,1.000000000000000056e-01
9.963230556158586548e-01,-8.567556288453848090e-02,-2.584041332746830118e-04,1.398671175207716111e+01,8.567410878858697232e-02,9.962772959478610746e-01,9.565388758404035074e-03,9.164208559553242983e-01,-5.620778949250504258e-04,-9.552355899752288521e-03,9.999542172345714519e-01,1.094679760316038808e-01,0.000000000000000000e+00,0.000000000000000000e+00,0.000000000000000000e+00,1.000000000000000056e-01
9.948233959254455527e-01,-1.016179127383665254e-01,4.590534412688904164e-04,1.494133019249044736e+01,1.016081406509823509e-01,9.947733159281251236e-01,1.009136615195028140e-02,1.036961832595828525e+00,-1.482117678999060129e-03,-9.992483578183506202e-03,9.999489754978128087e-01,1.112710525570600184e-01,0.000000000000000000e+00,0.000000000000000000e+00,0.000000000000000000e+00,1.000000000000000056e-01
9.940873917584587272e-01,-1.085642808197044562e-01,2.013573183396037344e-03,1.591662501647785533e+01,1.085394038731715693e-01,9.940429792377257767e-01,9.887023568441555971e-03,1.164559011247415787e+00,-3.074955889291513568e-03,-9.610013438425664412e-03,9.999490948483288344e-01,1.189945216308324061e-01,0.000000000000000000e+00,0.000000000000000000e+00,0.000000000000000000e+00,1.000000000000000056e-01
9.937992042436106788e-01,-1.111501524438825994e-01,2.963993331258026921e-03,1.684053135562103876e+01,1.111168346762601566e-01,9.937600009625956465e-01,9.701007079195092531e-03,1.279092161235147129e+00,-4.023766431435822633e-03,-9.311503558694780164e-03,9.999485512791054242e-01,1.261654050833160845e-01,0.000000000000000000e+00,0.000000000000000000e+00,0.000000000000000000e+00,1.000000000000000056e-01
9.934286139568642149e-01,-1.144166240498501325e-01,2.902604481996163936e-03,1.772952985068431531e+01,1.143873849939330972e-01,9.933974373194081053e-01,8.778250479583899965e-03,1.376188360053047344e+00,-3.887817638904784989e-03,-8.388543870532000693e-03,9.999572576894167897e-01,1.360507145336290746e-01,0.000000000000000000e+00,0.000000000000000000e+00,0.000000000000000000e+00,1.000000000000000056e-01
9.930874400356629605e-01,-1.173396252673772483e-01,2.957834600699943677e-03,1.863991096910146084e+01,1.173093767061064302e-01,9.930556014612158533e-01,8.892836629982438928e-03,1.485069529869370131e+00,-3.980776336147023517e-03,-8.484382630116766438e-03,9.999560833712385355e-01,1.420474996625857023e-01,0.000000000000000000e+00,0.000000000000000000e+00,0.000000000000000000e+00,1.000000000000000056e-01
9.925945893972593082e-01,-1.214513507818497789e-01,2.355948333511251672e-03,1.956509652805702615e+01,1.214344351641410552e-01,9.925792367894173962e-01,6.335349311888193759e-03,1.593963319031486581e+00,-3.107902130395581546e-03,-6.002340193766033706e-03,9.999771561673527209e-01,1.528891214502881291e-01,0.000000000000000000e+00,0.000000000000000000e+00,0.000000000000000000e+00,1.000000000000000056e-01
9.923609424749080254e-01,-1.232946926600859971e-01,4.263638371992669457e-03,2.048892800495472244e+01,1.232750195032048524e-01,9.923618591825332791e-01,4.605432256624662074e-03,1.711778773479110338e+00,-4.798897456360019104e-03,-4.044650991226384287e-03,9.999803054968445792e-01,1.665136288566504419e-01,0.000000000000000000e+00,0.000000000000000000e+00,0.000000000000000000e+00,1.000000000000000056e-01
9.925205649573016764e-01,-1.219544830672798646e-01,5.480163923759663082e-03,2.141048311856867414e+01,1.219296137887860426e-01,9.925277873097150261e-01,4.664836481448917521e-03,1.832628690979452468e+00,-6.008112695032195340e-03,-3.961751869277857496e-03,9.999741032166633570e-01,1.681960890362156624e-01,0.000000000000000000e+00,0.000000000000000000e+00,0.000000000000000000e+00,1.000000000000000056e-01
9.924387289707489179e-01,-1.223442175498902773e-01,9.862133188589165475e-03,2.236352768957100068e+01,1.223248195813913808e-01,9.924868469075375232e-01,2.548966440369403869e-03,1.955591437324342152e+00,-1.009988877683296558e-02,-1.323309351287483421e-03,9.999481192037197319e-01,1.730483736801502193e-01,0.000000000000000000e+00,0.000000000000000000e+00,0.000000000000000000e+00,1.000000000000000056e-01
9.926859182895838574e-01,-1.200525115227819156e-01,1.273036160672339802e-02,2.332625336576216313e+01,1.200228325196386753e-01,9.927663753646719380e-01,3.073047226138200805e-03,2.083316009141326752e+00,-1.300720198691437783e-02,-1.522636648588058216e-03,9.999142434599619378e-01,1.726639099593516025e-01,0.000000000000000000e+00,0.000000000000000000e+00,0.000000000000000000e+00,1.000000000000000056e-01
9.929702767030489374e-01,-1.176414548097613477e-01,1.305824239755461191e-02,2.424441757009279286e+01,1.176382888089299028e-01,9.930559938361892547e-01,1.012971927131843183e-03,2.186563683002728631e+00,-1.308673337304669740e-02,5.302982757240155701e-04,9.999142244179555217e-01,1.694189101059791758e-01,0.000000000000000000e+00,0.000000000000000000e+00,0.000000000000000000e+00,1.000000000000000056e-01
9.929972312191062134e-01,-1.175548409492393614e-01,1.171998978616712629e-02,2.519548541495783311e+01,1.175587090318142985e-01,9.930658688166974501e-01,3.607244253679226724e-04,2.296711689828970560e+00,-1.168112674197350868e-02,1.019588513504405972e-03,9.999312534956096288e-01,1.664476656853032810e-01,0.000000000000000000e+00,0.000000000000000000e+00,0.000000000000000000e+00,1.000000000000000056e-01
9.931831096056361607e-01,-1.163234110826154299e-01,7.494986870155571218e-03,2.613512069098237234e+01,1.163260772820808864e-01,9.932110738564511321e-01,8.070364601432434030e-05,2.417054305122731339e+00,-7.453491681238407288e-03,7.917089237808791740e-04,9.999719089348149126e-01,1.626921585580822782e-01,0.000000000000000000e+00,0.000000000000000000e+00,0.000000000000000000e+00,1.000000000000000056e-01
9.930956976068451292e-01,-1.171255434030044479e-01,6.522459453658792372e-03,2.707454508992633535e+01,1.171361957685942840e-01,9.931150422872844219e-01,-1.274528770511410784e-03,2.530659041623613881e+00,-6.328272721308536575e-03,2.029745125927518747e-03,9.999779163056994324e-01,1.644617720194838928e-01,0.000000000000000000e+00,0.000000000000000000e+00,0.000000000000000000e+00,1.000000000000000056e-01
9.931735315176448697e-01,-1.164103121399512886e-01,7.414547878920291213e-03,2.802736674822061858e+01,1.164322092780524232e-01,9.931952588874622956e-01,-2.591981114621396722e-03,2.643273513437388367e+00,-7.062360469523788070e-03,3.437579227576160676e-03,9.999691525810446846e-01,1.668332463097474683e-01,0.000000000000000000e+00,0.000000000000000000e+00,0.000000000000000000e+00,1.000000000000000056e-01
9.931051898588665328e-01,-1.167702638937851978e-01,1.033379628018977862e-02,2.903312229827406554e+01,1.168321378820909306e-01,9.931358915381356400e-01,-5.599330018182871460e-03,2.762078260339658531e+00,-9.609028737848140586e-03,6.768043212642521275e-03,9.999309276934017499e-01,1.716913834414722229e-01,0.000000000000000000e+00,0.000000000000000000e+00,0.000000000000000000e+00,1.000000000000000056e-01
9.931729806644757907e-01,-1.157223309111655579e-01,1.468920033655784531e-02,2.998664730318709815e+01,1.158526432658166100e-01,9.932313030209489746e-01,-8.351272216334955020e-03,2.869680854455772145e+00,-1.362334490366717311e-02,9.996040605889157729e-03,9.998572316315170738e-01,1.706554195469590640e-01,0.000000000000000000e+00,0.000000000000000000e+00,0.000000000000000000e+00,1.000000000000000056e-01
9.930069657169652286e-01,-1.170403307943575361e-01,1.545079302603178002e-02,3.091405033578184458e+01,1.172773353822865322e-01,9.929791247011783284e-01,-1.544294380331990603e-02,2.957210178732255113e+00,-1.353486768374887080e-02,1.714697860350853156e-02,9.997613657676286403e-01,1.745940593716903688e-01,0.000000000000000000e+00,0.000000000000000000e+00,0.000000000000000000e+00,1.000000000000000056e-01
9.931093699093568317e-01,-1.165969682126866552e-01,1.178670445247200806e-02,3.186467360987780495e+01,1.168032016377604926e-01,9.929797980933701140e-01,-1.865831357916829247e-02,3.059027966245013719e+00,-9.528456612109255028e-03,1.990647085898579471e-02,9.997564408057252328e-01,1.761913834051156702e-01,0.000000000000000000e+00,0.000000000000000000e+00,0.000000000000000000e+00,1.000000000000000056e-01
9.928654229099239670e-01,-1.189585093649720010e-01,8.192987218445637113e-03,3.286281790826881632e+01,1.190909863164126975e-01,9.927161204699118668e-01,-1.822199597605550503e-02,3.175425655778727041e+00,-5.965649007588847037e-03,1.906770066975173317e-02,9.998003969908628719e-01,1.713624919332918939e-01,0.000000000000000000e+00,0.000000000000000000e+00,0.000000000000000000e+00,1.000000000000000056e-01
9.927304415865054743e-01,-1.201828515604018988e-01,6.507882779541882858e-03,3.383144844106278271e+01,1.202827785696697904e-01,9.925740998247178926e-01,-1.813034849943067489e-02,3.296432568803314922e+00,-4.280598909223135191e-03,1.878133509528605305e-02,9.998144517484316429e-01,1.729392467751656448e-01,0.000000000000000000e+00,0.000000000000000000e+00,0.000000000000000000e+00,1.000000000000000056e-01
9.925232197029156822e-01,-1.218108651097349893e-01,7.731202479285763374e-03,3.479598652699584704e+01,1.219352767099238510e-01,9.923668172297890333e-01,-1.843606126299147593e-02,3.416180140230982598e+00,-5.426476226066801953e-03,1.924092519699665757e-02,9.998001501066757779e-01,1.837683348206311795e-01,0.000000000000000000e+00,0.000000000000000000e+00,0.000000000000000000e+00,1.000000000000000056e-01
9.924298341078593433e-01,-1.224615725490323659e-01,9.283728855633225502e-03,3.577209939063519073e+01,1.226107931503894743e-01,9.922968877881087613e-01,-1.770536328533817844e-02,3.550766973332795118e+00,-7.043988620039094879e-03,1.870961610646990070e-02,9.998001462739787293e-01,1.804207175345009240e-01,0.000000000000000000e+00,0.000000000000000000e+00,0.000000000000000000e+00,1.000000000000000056e-01
9.924076901378915405e-01,-1.225079588684505061e-01,1.089846636277896907e-02,3.674314444653521861e+01,1.226891201921835040e-01,9.922839398170926195e-01,-1.788749752023452433e-02,3.666680138268990419e+00,-8.623012329953973210e-03,1.908881334589666856e-02,9.997806063649179453e-01,1.925875784242794264e-01,0.000000000000000000e+00,0.000000000000000000e+00,0.000000000000000000e+00,1.000000000000000056e-01
9.921662679215697001e-01,-1.242058068122283004e-01,1.337962453536614693e-02,3.773100895408564526e+01,1.244215929776989332e-01,9.920884987088586238e-01,-1.672357409451950827e-02,3.806071001555678013e+00,-1.119660660538573591e-02,1.825728029380302431e-02,9.997706275525390929e-01,1.950295571810343742e-01,0.000000000000000000e+00,0.000000000000000000e+00,0.000000000000000000e+00,1.000000000000000056e-01
9.922752376719082834e-01,-1.232754166267796547e-01,1.389332064885206650e-02,3.873363761861122612e+01,1.234898858792646548e-01,9.922199032216809655e-01,-1.580859691067527245e-02,3.946306443069263370e+00,-1.183641789918346218e-02,1.740216383821047152e-02,9.997785074230511881e-01,2.060132874197200814e-01,0.000000000000000000e+00,0.000000000000000000e+00,0.000000000000000000e+00,1.000000000000000056e-01
9.923890009201172813e-01,-1.222087370928748862e-01,1.513589874887358647e-02,3.976046742427995184e+01,1.223918862796472551e-01,9.924113735990420793e-01,-1.182758319236942510e-02,4.089306112691880379e+00,-1.357560406322527724e-02,1.359007466598745675e-02,9.998154894003650206e-01,2.062536593417801101e-01,0.000000000000000000e+00,0.000000000000000000e+00,0.000000000000000000e+00,1.000000000000000056e-01
9.919619254907777739e-01,-1.257155294176288129e-01,1.439249943108742054e-02,4.076097771955814864e+01,1.259252707519030179e-01,9.919303419328072691e-01,-1.473169844668047006e-02,4.209763688990405761e+00,-1.242435361250098479e-02,1.642566334457495197e-02,9.997878940160268568e-01,2.203014394386482167e-01,0.000000000000000000e+00,0.000000000000000000e+00,0.000000000000000000e+00,1.000000000000000056e-01
9.921612227563008091e-01,-1.242190664329379662e-01,1.362833787559569569e-02,4.176804269978635631e+01,1.243968166383052493e-01,9.921463901172931088e-01,-1.307564864470909388e-02,4.329867889709177575e+00,-1.189706135892017354e-02,1.466847339546168902e-02,9.998216320020629766e-01,2.425945522440098312e-01,0.000000000000000000e+00,0.000000000000000000e+00,0.000000000000000000e+00,1.000000000000000056e-01
9.923808520869458194e-01,-1.228255190673125663e-01,9.702385120815729819e-03,4.277781305909489618e+01,1.229341660087804877e-01,9.923478409512327403e-01,-1.153054149432991213e-02,4.437293304956794415e+00,-8.211896182550595946e-03,1.263544321629048520e-02,9.998864487209609964e-01,2.502821109600549265e-01,0.000000000000000000e+00,0.000000000000000000e+00,0.000000000000000000e+00,1.000000000000000056e-01
9.926519210031821139e-01,-1.206979719825964220e-01,8.611810958246387745e-03,4.381329556406242887e+01,1.207948598098563947e-01,9.926074621033584844e-01,-1.179101438583147685e-02,4.569650342792606956e+00,-7.124996295391360437e-03,1.274463557808212799e-02,9.998933986639638727e-01,2.590104381978043935e-01,0.000000000000000000e+00,0.000000000000000000e+00,0.000000000000000000e+00,1.000000000000000056e-01
9.926158997012473062e-01,-1.207878780558217791e-01,1.113392002195668674e-02,4.479947691274028898e+01,1.209360863396770069e-01,9.925648219775674574e-01,-1.376725075975672279e-02,4.691603503756819116e+00,-9.388220338572497367e-03,1.501208471238301041e-02,9.998432370284167092e-01,2.703546514296730763e-01,0.000000000000000000e+00,0.000000000000000000e+00,0.000000000000000000e+00,1.000000000000000056e-01
9.924289658798857161e-01,-1.224034704705907334e-01,1.010633956167843357e-02,4.575835563647054016e+01,1.225261850558784366e-01,9.923856049272680169e-01,-1.257557588314930051e-02,4.812366830976739784e+00,-8.490091768252895285e-03,1.371865700042964632e-02,9.998698499264148110e-01,2.733987012597559607e-01,0.000000000000000000e+00,0.000000000000000000e+00,0.000000000000000000e+00,1.000000000000000056e-01
9.919508737901702178e-01,-1.264755474173183125e-01,6.115545143937017696e-03,4.666359857075087803e+01,1.265472645830536536e-01,9.918718581460862493e-01,-1.326675711607015230e-02,4.932498631702912029e+00,-4.387916756785508778e-03,1.393387682304715429e-02,9.998932909381959000e-01,2.878120969902402959e-01,0.000000000000000000e+00,0.000000000000000000e+00,0.000000000000000000e+00,1.000000000000000056e-01
9.922445707445024521e-01,-1.242091940004199924e-01,4.773672990905739044e-03,4.761825065882505470e+01,1.242606046720977075e-01,9.921689198245721153e-01,-1.265451147482392173e-02,5.054157876561488294e+00,-3.164483304225735802e-03,1.314954979867485017e-02,9.999085335096953298e-01,2.901094773678977168e-01,0.000000000000000000e+00,0.000000000000000000e+00,0.000000000000000000e+00,1.000000000000000056e-01
9.922804607812614197e-01,-1.239329575150525664e-01,4.484327519221970731e-03,4.855791045528532379e+01,1.239773910593300055e-01,9.922175920586626674e-01,-1.156963765341057285e-02,5.180524121772933199e+00,-3.015569241360135499e-03,1.203628060828717400e-02,9.999230141822265105e-01,3.023209559527537116e-01,0.000000000000000000e+00,0.000000000000000000e+00,0.000000000000000000e+00,1.000000000000000056e-01
9.926878280385129649e-01,-1.204783007345245627e-01,7.473628054778233554e-03,4.951713281730367555e+01,1.205724302437535811e-01,9.926089687802074346e-01,-1.377403942960573821e-02,5.310945662184427540e+00,-5.758917371771010360e-03,1.457443478199466763e-02,9.998772028211716512e-01,3.041204210774930417e-01,0.000000000000000000e+00,0.000000000000000000e+00,0.000000000000000000e+00,1.000000000000000056e-01
9.929815960013227416e-01,-1.178681814741341372e-01,9.728401649112695254e-03,5.050281818945652645e+01,1.180170334428979895e-01,9.928746613976693336e-01,-1.648898334650747768e-02,5.437605859680622267e+00,-7.715557011893175304e-03,1.752137410262350273e-02,9.998167190188170794e-01,3.262138984043089773e-01,0.000000000000000000e+00,0.000000000000000000e+00,0.000000000000000000e+00,1.000000000000000056e-01
9.931351690477315808e-01,-1.165876214636267783e-01,9.479584483914508392e-03,5.141948857147446716e+01,1.167294254683627353e-01,9.930330511878465716e-01,-1.611212209429777401e-02,5.563567476265274259e+00,-7.535066712348867379e-03,1.710806155032425571e-02,9.998252532315988761e-01,3.301143368883695528e-01,0.000000000000000000e+00,0.000000000000000000e+00,0.000000000000000000e+00,1.000000000000000056e-01
9.930990308708100844e-01,-1.168865788349883611e-01,9.583453016003990257e-03,5.235456681551386993e+01,1.170534080717745423e-01,9.929393120519043325e-01,-1.923596217176248499e-02,5.683231317760466972e+00,-7.267361435936181210e-03,2.022499122726388252e-02,9.997690409227606434e-01,3.429944323566780362e-01,0.000000000000000000e+00,0.000000000000000000e+00,0.000000000000000000e+00,1.000000000000000056e-01
9.932468347911898032e-01,-1.158380434952216986e-01,6.501757953201233592e-03,5.331969865425896415e+01,1.159556531716075811e-01,9.930042987416347611e-01,-2.228787065154493388e-02,5.803331831766249671e+00,-3.874490266956900561e-03,2.289127256910960043e-02,9.997304526547833303e-01,3.668771778490826918e-01,0.000000000000000000e+00,0.000000000000000000e+00,0.000000000000000000e+00,1.000000000000000056e-01
9.930187165152182249e-01,-1.176735785272549906e-01,8.170530402531460054e-03,5.425352553834962777e+01,1.178487697655713762e-01,9.926906944878467476e-01,-2.601638987211315340e-02,5.923315619943199550e+00,-5.049367803011232947e-03,2.679764903543585541e-02,9.996281258002714942e-01,3.674161093178628379e-01,0.000000000000000000e+00,0.000000000000000000e+00,0.000000000000000000e+00,1.000000000000000056e-01
9.930171074585977253e-01,-1.173231958572194533e-01,1.234066482845563514e-02,5.519039177711475475e+01,1.176235396158654689e-01,9.926812676774260380e-01,-2.736062372412695690e-02,6.033097590134048893e+00,-9.040310989932132113e-03,2.862112010713160556e-02,9.995494506331432660e-01,3.801053819531554634e-01,0.000000000000000000e+00,0.000000000000000000e+00,0.000000000000000000e+00,1.000000000000000056e-01
9.927631927014979318e-01,-1.187990995486161439e-01,1.755041776045160665e-02,5.612957527650615930e+01,1.192229354891865545e-01,9.925404400231653268e-01,-2.548267199417209375e-02,6.153603470040135193e+00,-1.439218087954863105e-02,2.739067113196192935e-02,9.995211935044053808e-01,4.016877398395035104e-01,0.000000000000000000e+00,0.000000000000000000e+00,0.000000000000000000e+00,1.000000000000000056e-01
9.927649484838926286e-01,-1.186377553375189686e-01,1.851594097660125976e-02,5.708072203437867387e+01,1.190419595972808109e-01,9.926340010062277841e-01,-2.251115060603460852e-02,6.277946740189038977e+00,-1.570888019603409319e-02,2.455245516935529795e-02,9.995751137499089278e-01,3.980129826135804794e-01,0.000000000000000000e+00,0.000000000000000000e+00,0.000000000000000000e+00,1.000000000000000056e-01
9.928438932391971949e-01,-1.187053843294577915e-01,1.303976183943855727e-02,5.796108203625180266e+01,1.189974031379844865e-01,9.925914482219484469e-01,-2.453232486070283658e-02,6.382840594303763382e+00,-1.003103703759277224e-02,2.590846672133993028e-02,9.996139903223142387e-01,4.092163088652300273e-01,0.000000000000000000e+00,0.000000000000000000e+00,0.000000000000000000e+00,1.000000000000000056e-01
9.928715235894367552e-01,-1.189533844825034353e-01,7.498664237592425272e-03,5.887237608023920643e+01,1.191022686293702476e-01,9.925859839112523009e-01,-2.424281646732665690e-02,6.487921508854864960e+00,-4.559303952114124314e-03,2.496311004440088938e-02,9.996779760924932035e-01,4.165292792191628846e-01,0.000000000000000000e+00,0.000000000000000000e+00,0.000000000000000000e+00,1.000000000000000056e-01
9.930429979255355200e-01,-1.176795850619126865e-01,4.137575464083611924e-03,5.982469805968035814e+01,1.177456391057868229e-01,9.927473739461805113e-01,-2.426140957430535441e-02,6.614398662211952384e+00,-1.252494564751785748e-03,2.457980436493442319e-02,9.996970863590364242e-01,4.274201042418950824e-01,0.000000000000000000e+00,0.000000000000000000e+00,0.000000000000000000e+00,1.000000000000000056e-01
9.928338499525761751e-01,-1.194971879804418158e-01,1.169809006775390315e-03,6.073665573587769018e+01,1.194947308012424825e-01,9.926037459337764268e-01,-2.141991757625720180e-02,6.731508097698679194e+00,1.398463114983253567e-03,2.140620524525578897e-02,9.997698828620084077e-01,4.320940882731545418e-01,0.000000000000000000e+00,0.000000000000000000e+00,0.000000000000000000e+00,1.000000000000000056e-01
9.925893991367643610e-01,-1.214790763206097385e-01,3.019724757092807389e-03,6.166372890780967708e+01,1.215144534722500808e-01,9.924131176681608713e-01,-1.872008219804139478e-02,6.860555499319484163e+00,-7.227161666222446310e-04,1.894829534423950190e-02,9.998202037290955246e-01,4.533786582957832767e-01,0.000000000000000000e+00,0.000000000000000000e+00,0.000000000000000000e+00,1.000000000000000056e-01
9.923347182846214976e-01,-1.235064180375134157e-01,4.239291276136102765e-03,6.253266879805413936e+01,1.235615326995705421e-01,9.921885235984251317e-01,-1.716045676869810618e-02,6.985536160079779400e+00,-2.086749604983657944e-03,1.755273036084075908e-02,9.998437613612267683e-01,4.670181743664613139e-01,0.000000000000000000e+00,0.000000000000000000e+00,0.000000000000000000e+00,1.000000000000000056e-01
9.922802235454145636e-01,-1.239382661659226836e-01,4.389093351362419355e-03,6.333728034085560665e+01,1.239941543969996507e-01,9.921478650842220359e-01,-1.637264438608881240e-02,7.095627588336266278e+00,-2.325432440446502727e-03,1.679047315012945768e-02,9.998563258665514875e-01,4.806334270339110426e-01,0.000000000000000000e+00,0.000000000000000000e+00,0.000000000000000000e+00,1.000000000000000056e-01
9.920990262247061375e-01,-1.253240515001285416e-01,5.779643551558509909e-03,6.414324499998488704e+01,1.254015048256643117e-01,9.919785260083124889e-01,-1.590806480482867200e-02,7.203918211571464170e+00,-3.739619158260728757e-03,1.650715160071142620e-02,9.998567543376312150e-01,4.901074223358437565e-01,0.000000000000000000e+00,0.000000000000000000e+00,0.000000000000000000e+00,1.000000000000000056e-01
9.922059425496880802e-01,-1.243939626923317165e-01,7.315026642723850350e-03,6.493613567474021409e+01,1.245017611987087602e-01,9.920768672468082139e-01,-1.681668612356786510e-02,7.317401292169132709e+00,-5.165174489276660660e-03,1.759634960603151041e-02,9.998318305860429689e-01,5.109291486440910024e-01,0.000000000000000000e+00,0.000000000000000000e+00,0.000000000000000000e+00,1.000000000000000056e-01
9.922231263047451844e-01,-1.241944665940619419e-01,8.306749873096054212e-03,6.573409888837305459e+01,1.243268762299706565e-01,9.920784007792335935e-01,-1.797983743574648602e-02,7.427312319126358808e+00,-6.007950809993754110e-03,1.887276277429320720e-02,9.998038424372702737e-01,5.218599408208537405e-01,0.000000000000000000e+00,0.000000000000000000e+00,0.000000000000000000e+00,1.000000000000000056e-01
9.921898163265406856e-01,-1.244199557035551573e-01,8.890613062714318449e-03,6.647474172833329931e+01,1.245687795580740775e-01,9.920327140248369480e-01,-1.880727157053817614e-02,7.523523914344115937e+00,-6.479779110238061482e-03,1.976787614392103501e-02,9.997835983528841064e-01,5.319724880730476446e-01,0.000000000000000000e+00,0.000000000000000000e+00,0.000000000000000000e+00,1.000000000000000056e-01
9.919544810042993932e-01,-1.261385542214971400e-01,1.074117099768147690e-02,6.725233278536401826e+01,1.263142380544431120e-01,9.918332874145097122e-01,-1.764775456685831884e-02,7.638337723202578644e+00,-8.427388694992477697e-03,1.886253205264381422e-02,9.997865692258255388e-01,5.371782037126775489e-01,0.000000000000000000e+00,0.000000000000000000e+00,0.000000000000000000e+00,1.000000000000000056e-01
9.921854055252796734e-01,-1.240796706329228144e-01,1.312845757359623090e-02,6.799327190143543476e+01,1.242904184579077115e-01,9.921056574433841924e-01,-1.668101760650455775e-02,7.746787569672272333e+00,-1.095504186183319552e-02,1.818240370401321901e-02,9.997746682394736961e-01,5.481925959887632427e-01,0.000000000000000000e+00,0.000000000000000000e+00,0.000000000000000000e+00,1.000000000000000056e-01
9.919827156250508038e-01,-1.255403621168552641e-01,1.448824974654993637e-02,6.870466620565333926e+01,1.257449900130737652e-01,9.919609829839690640e-01,-1.419879305046001239e-02,7.845202716240107677e+00,-1.258925683912787662e-02,1.590678210848026422e-02,9.997942212751540492e-01,5.649801236363888313e-01,0.000000000000000000e+00,0.000000000000000000e+00,0.000000000000000000e+00,1.000000000000000056e-01
9.916569483636090698e-01,-1.283583663861205815e-01,1.185860619384963670e-02,6.936913954418220385e+01,1.285098952323454613e-01,9.916224249928637935e-01,-1.304504038490308070e-02,7.942931216000915562e+00,-1.008481975773344204e-02,1.446015317894628997e-02,9.998445881138204872e-01,5.729565232653586193e-01,0.000000000000000000e+00,0.000000000000000000e+00,0.000000000000000000e+00,1.000000000000000056e-01
9.919444902135531317e-01,-1.265324866155048966e-01,5.971445877779243093e-03,7.006525359026625210e+01,1.266041808131669610e-01,9.918581731371600707e-01,-1.373847814142016566e-02,8.046731530344029437e+00,-4.184463597774892331e-03,1.438381770992747458e-02,9.998877917308953700e-01,5.781023700553820088e-01,0.000000000000000000e+00,0.000000000000000000e+00,0.000000000000000000e+00,1.000000000000000056e-01
9.921989587007107314e-01,-1.246623048262429090e-01,7.321943963938512588e-04,7.081826370491225475e+01,1.246580398493476183e-01,9.920712040849496427e-01,-1.597182288771731989e-02,8.146907358061234561e+00,1.264695277004678885e-03,1.593849995598843605e-02,9.998721742127887335e-01,5.927276761713367037e-01,0.000000000000000000e+00,0.000000000000000000e+00,0.000000000000000000e+00,1.000000000000000056e-01
9.921257454439691426e-01,-1.252391093680957079e-01,1.292560224796543466e-03,7.153781014806227745e+01,1.252447932130451858e-01,9.920241477389506457e-01,-1.420676162361720132e-02,8.253672857232610127e+00,4.969912173416019766e-04,1.425678040424603957e-02,9.998982434289176435e-01,6.051523315997237029e-01,0.000000000000000000e+00,0.000000000000000000e+00,0.000000000000000000e+00,1.000000000000000056e-01
9.923622098097286681e-01,-1.232859122176820921e-01,4.222367843514775697e-03,7.220921814258362303e+01,1.233287570365887431e-01,9.922917802306883139e-01,-1.212602879847547027e-02,8.355479066711477998e+00,-2.694852382232157569e-03,1.255415211256346447e-02,9.999175621196841890e-01,6.161452835716439980e-01,0.000000000000000000e+00,0.000000000000000000e+00,0.000000000000000000e+00,1.000000000000000056e-01
9.923072996646418176e-01,-1.236295600973908587e-01,6.477260407947165941e-03,7.283198693923320377e+01,1.237034179841211418e-01,9.922390024453290325e-01,-1.261849457519080737e-02,8.440789518176105233e+00,-4.866971472337968535e-03,1.332268352937680984e-02,9.998994042863829090e-01,6.298730633008590152e-01,0.000000000000000000e+00,0.000000000000000000e+00,0.000000000000000000e+00,1.000000000000000056e-01
9.923690629202097657e-01,-1.232524000738526998e-01,3.533954569548697876e-03,7.341075581441447184e+01,1.232930675028196393e-01,9.922458123873022506e-01,-1.571837477628413443e-02,8.494397076038319838e+00,-1.569224206364340469e-03,1.603414094666501255e-02,9.998702135074795105e-01,6.403151966068453271e-01,0.000000000000000000e+00,0.000000000000000000e+00,0.000000000000000000e+00,1.000000000000000056e-01
9.924379104914395899e-01,-1.227476818998223390e-01,-2.018923917721676155e-05,7.405621559425217981e+01,1.227151458768591524e-01,9.921786106964183283e-01,-2.286039039356703093e-02,8.556676877276672144e+00,2.826091259413189040e-03,2.268504054977946507e-02,9.997386669242359636e-01,6.613966707582624727e-01,0.000000000000000000e+00,0.000000000000000000e+00,0.000000000000000000e+00,1.000000000000000056e-01
9.927369004255680585e-01,-1.202259992381576187e-01,-4.376715734684031266e-03,7.467730744612805438e+01,1.200737373582162065e-01,9.924251599300404347e-01,-2.597305401110589981e-02,8.628183748263138497e+00,7.466199184713968699e-03,2.525888051795311881e-02,9.996530622294486079e-01,6.708162564734021505e-01,0.000000000000000000e+00,0.000000000000000000e+00,0.000000000000000000e+00,1.000000000000000056e-01
9.932361689281814510e-01,-1.159934389221745216e-01,-5.237829691464965416e-03,7.526920828714814604e+01,1.158428688575027649e-01,9.929958586304236112e-01,-2.323046443124332852e-02,8.694460860193709451e+00,7.895724648975350687e-03,2.246657227606419990e-02,9.997164151210241601e-01,6.829825375074902727e-01,0.000000000000000000e+00,0.000000000000000000e+00,0.000000000000000000e+00,1.000000000000000056e-01
9.939011343503448837e-01,-1.102404507799972094e-01,-2.752843787903962169e-03,7.584667645606640463e+01,1.101659233329252002e-01,9.937193676578843782e-01,-1.962874621106450862e-02,8.776850215434194524e+00,4.899436018730773945e-03,1.920576354736630575e-02,9.998035477898951084e-01,6.897204348083153524e-01,0.000000000000000000e+00,0.000000000000000000e+00,0.000000000000000000e+00,1.000000000000000056e-01
9.947270102200788111e-01,-1.025526402317190888e-01,1.063541314141431497e-03,7.639877413639807457e+01,1.025527452978645115e-01,9.945145464405654723e-01,-2.058522164047857719e-02,8.814189564509531394e+00,1.053361521332028816e-03,2.058574505865382390e-02,9.997875361945084416e-01,7.035197228090823707e-01,0.000000000000000000e+00,0.000000000000000000e+00,0.000000000000000000e+00,1.000000000000000056e-01
9.956249547792183074e-01,-9.326768457354131514e-02,5.664665494973084373e-03,7.697721927191241775e+01,9.337670388148655576e-02,9.953483716888342769e-01,-2.371518814210263337e-02,8.867226400672784337e+00,-3.426454889343568625e-03,2.414038091407336162e-02,9.997027065163996973e-01,7.163899725456268630e-01,0.000000000000000000e+00,0.000000000000000000e+00,0.000000000000000000e+00,1.000000000000000056e-01
9.965585736787168081e-01,-8.238480011193416441e-02,9.151717759967873539e-03,7.751052533839322223e+01,8.260022220901039325e-02,9.962334237682926030e-01,-2.638500820404722849e-02,8.909376218987805629e+00,-6.943523490531709925e-03,2.705014006289404097e-02,9.996099626374850278e-01,7.327421297598654126e-01,0.000000000000000000e+00,0.000000000000000000e+00,0.000000000000000000e+00,1.000000000000000056e-01
9.975246562486130841e-01,-6.974474661622674654e-02,8.957147733771321854e-03,7.799437622339040388e+01,6.994011977211116171e-02,9.972683368596350073e-01,-2.375381955560726052e-02,8.948390704423557551e+00,-7.275975697390774967e-03,2.432148467211517687e-02,9.996777108453479554e-01,7.437078281312435868e-01,0.000000000000000000e+00,0.000000000000000000e+00,0.000000000000000000e+00,1.000000000000000056e-01
9.985943592523793821e-01,-5.234684631372087116e-02,8.313443951666535728e-03,7.848761761467932274e+01,5.250747161599236823e-02,9.984111711449769055e-01,-2.044746334906722210e-02,8.989207145306535196e+00,-7.229875090592448664e-03,2.085523948372157085e-02,9.997563642669403672e-01,7.458738220891059090e-01,0.000000000000000000e+00,0.000000000000000000e+00,0.000000000000000000e+00,1.000000000000000056e-01
9.994356127354556696e-01,-3.219355593703068785e-02,9.593276407643973672e-03,7.897342259858677949e+01,3.233927558242667699e-02,9.993576382635185329e-01,-1.544286563971633379e-02,9.002712121590443317e+00,-9.089953295151954535e-03,1.574438949250640124e-02,9.998347298171834652e-01,7.506616788095504811e-01,0.000000000000000000e+00,0.000000000000000000e+00,0.000000000000000000e+00,1.000000000000000056e-01
9.998972667408920767e-01,-1.011072699321675580e-02,1.016017538047121749e-02,7.945023299353428570e+01,1.026858813703286286e-02,9.998254721120768407e-01,-1.560709497422997291e-02,9.009156295288301308e+00,-1.000060307007949109e-02,1.570982226288014302e-02,9.998265796740469780e-01,7.572541396912686462e-01,0.000000000000000000e+00,0.000000000000000000e+00,0.000000000000000000e+00,1.000000000000000056e-01
9.997937600713129314e-01,1.664362605563926914e-02,1.163731215470180380e-02,7.993889996057571068e+01,-1.643363752641461770e-02,9.997044860151762524e-01,-1.791301757892000551e-02,9.014216044763529112e+00,-1.193201073232596707e-02,1.771807982971985301e-02,9.997718223509959312e-01,7.673039696566033019e-01,0.000000000000000000e+00,0.000000000000000000e+00,0.000000000000000000e+00,1.000000000000000056e-01
9.988535425390896449e-01,4.584103400565873315e-02,1.379130734931109312e-02,8.041823932196609803e+01,-4.557885219827263051e-02,9.987845833097331871e-01,-1.875964752042890912e-02,8.994748556323438393e+00,-1.463450680409629501e-02,1.810954842326986322e-02,9.997289009859153808e-01,7.673702306399943218e-01,0.000000000000000000e+00,0.000000000000000000e+00,0.000000000000000000e+00,1.000000000000000056e-01
9.967727553631222648e-01,7.871182803315547594e-02,1.576458986108193738e-02,8.089241728345434979e+01,-7.839156368480944270e-02,9.967220728223435966e-01,-1.999680703965702952e-02,8.944542398929266724e+00,-1.728689992044936397e-02,1.869646160132371407e-02,9.996757501383789490e-01,7.655628041178886845e-01,0.000000000000000000e+00,0.000000000000000000e+00,0.000000000000000000e+00,1.000000000000000056e-01
