1.000000000000000000e+00,-1.650178573681869851e-09,-9.038580573211597263e-10,5.385618095510730327e-15,1.650178573443438762e-09,1.000000000000000000e+00,-2.637926224411508810e-10,3.174771436824773573e-15,9.038580577564645577e-10,2.637926209496236750e-10,1.000000000000000000e+00,1.541980346348677623e-15,0.000000000000000000e+00,0.000000000000000000e+00,0.000000000000000000e+00,1.000000000000000056e-01
9.999538214913282763e-01,-9.581331241717288769e-03,-7.436239139129544344e-04,6.548786452294537153e-01,9.578744367627645487e-03,9.999483164576657979e-01,-3.407648723004218227e-03,1.696675337483444582e-02,7.762352919654372978e-04,3.400368379491086092e-03,9.999939174583289958e-01,1.025455052529962094e-02,0.000000000000000000e+00,0.000000000000000000e+00,0.000000000000000000e+00,1.000000000000000056e-01
9.998274200323636896e-01,-1.820888429031414582e-02,-3.683298023430695966e-03,1.336716923433207915e+00,1.819490556768017450e-02,9.998272616059347140e-01,-3.793726526897112615e-03,1.423360806888946360e-02,3.751741303802629598e-03,3.726054545981935355e-03,9.999860203796400171e-01,1.674064852135173295e-02,0.000000000000000000e+00,0.000000000000000000e+00,0.000000000000000000e+00,1.000000000000000056e-01
9.996938595970096264e-01,-2.388220193923652410e-02,-6.467419467440520611e-03,2.076886562110130008e+00,2.386184151843779785e-02,9.997101210600952692e-01,-3.207237028765563651e-03,2.517706696286110130e-02,6.542140581129354815e-03,3.051930625563767027e-03,9.999739427185457830e-01,1.673982995679164365e-02,0.000000000000000000e+00,0.000000000000000000e+00,0.000000000000000000e+00,1.000000000000000056e-01
9.994313409376527346e-01,-3.283955936146821381e-02,-7.652325954246913878e-03,2.816682293886096033e+00,3.282485555760285972e-02,9.994590388328062902e-01,-2.039253055792997378e-03,5.895862700962271191e-02,7.715154514845726924e-03,1.786906921934551052e-03,9.999686411855446266e-01,3.259280201288006912e-02,0.000000000000000000e+00,0.000000000000000000e+00,0.000000000000000000e+00,1.000000000000000056e-01
9.992381776141233685e-01,-3.816137226496149615e-02,-8.171539956502269983e-03,3.519764317236520057e+00,3.812761358052764449e-02,9.992638488742274783e-01,-4.247989609112553556e-03,8.877658243103848934e-02,8.327633581015026973e-03,3.933192077713999583e-03,9.999575893601788668e-01,4.292128004738263863e-02,0.000000000000000000e+00,0.000000000000000000e+00,0.000000000000000000e+00,1.000000000000000056e-01
9.990126980563788228e-01,-4.289305983349680357e-02,-1.156782348735579252e-02,4.243639288664446063e+00,4.284765861974829809e-02,9.990730206441845729e-01,-4.144583418168442876e-03,1.303346936780094278e-01,1.173487421833171659e-02,3.644837311144457585e-03,9.999245010939852296e-01,6.454114013451844878e-02,0.000000000000000000e+00,0.000000000000000000e+00,0.000000000000000000e+00,1.000000000000000056e-01
9.985026262869096669e-01,-5.287896082554938842e-02,-1.401145246410931064e-02,5.020034745033074230e+00,5.283548976789492063e-02,9.985972531079019276e-01,-3.455011771246447802e-03,1.610936948896536935e-01,1.417449537481505623e-02,2.709536374140972780e-03,9.998958656247691756e-01,8.051346384010543700e-02,0.000000000000000000e+00,0.000000000000000000e+00,0.000000000000000000e+00,1.000000000000000056e-01
9.980697005819871848e-01,-6.029686299697107482e-02,-1.487148590110842945e-02,5.791156133515263704e+00,6.024500824029770801e-02,9.981759581559852545e-01,-3.910951483614353609e-03,2.331675426858010880e-01,1.508017779433742760e-02,3.007469385583908146e-03,9.998817646929990532e-01,9.119591662489284767e-02,0.000000000000000000e+00,0.000000000000000000e+00,0.000000000000000000e+00,1.000000000000000056e-01
9.978018788473385081e-01,-6.505093184294545583e-02,-1.264068174924108841e-02,6.583413047054015088e+00,6.501066486955263402e-02,9.978781790823225695e-01,-3.571157314764395688e-03,2.983848743900375244e-01,1.284616759737502133e-02,2.741528353408748033e-03,9.999137262785963154e-01,1.192964144626506157e-01,0.000000000000000000e+00,0.000000000000000000e+00,0.000000000000000000e+00,1.000000000000000056e-01
9.974739837835618905e-01,-6.974778715033766452e-02,-1.344982760416691021e-02,7.378903605825900769e+00,6.968347120004253492e-02,9.975556344879810133e-01,-5.193259361374452480e-03,3.551641355909258557e-01,1.377916965798232744e-02,4.242910429510949287e-03,9.998960606956223129e-01,1.370943243772821951e-01,0.000000000000000000e+00,0.000000000000000000e+00,0.000000000000000000e+00,1.000000000000000056e-01
9.972078799359401780e-01,-7.337972616824986472e-02,-1.385135304366082870e-02,8.192172465993776242e+00,7.332249597345205649e-02,9.972976929403434276e-01,-4.596002620930040097e-03,4.273584870132453584e-01,1.415117584833755493e-02,3.567554252026985343e-03,9.998935027185487101e-01,1.600079002538441486e-01,0.000000000000000000e+00,0.000000000000000000e+00,0.000000000000000000e+00,1.000000000000000056e-01
9.965959667455098758e-01,-8.094063288928009248e-02,-1.565544678587649924e-02,9.034519690339287479e+00,8.087171153461837625e-02,9.967120401367061122e-01,-4.987516414669652780e-03,4.900710637849953200e-01,1.600766504035163601e-02,3.704455966523829448e-03,9.998650067213813442e-01,1.840481570037810211e-01,0.000000000000000000e+00,0.000000000000000000e+00,0.000000000000000000e+00,1.000000000000000056e-01
9.965409645460060473e-01,-8.118659379551954047e-02,-1.774381496739614941e-02,9.783877742675191058e+00,8.106800979632536319e-02,9.966818064107214603e-01,-7.304420409866852100e-03,5.665231354073825276e-01,1.827795856704955355e-02,5.840698395097190278e-03,9.998158842871415208e-01,2.158901975822447306e-01,0.000000000000000000e+00,0.000000000000000000e+00,0.000000000000000000e+00,1.000000000000000056e-01
9.964527924120536451e-01,-8.256795950912823590e-02,-1.625929139660206926e-02,1.054104743548139034e+01,8.251084218621917987e-02,9.965815091798050362e-01,-4.154092274265285684e-03,6.426146185509367115e-01,1.654670408091862485e-02,2.797789020144198120e-03,9.998591795651311509e-01,2.345012007243982011e-01,0.000000000000000000e+00,0.000000000000000000e+00,0.000000000000000000e+00,1.000000000000000056e-01
9.959951654197111148e-01,-8.774320091515566689e-02,-1.716860954547049303e-02,1.132962456858180822e+01,8.759096680183439676e-02,9.961119078666414994e-01,-9.428124999148336516e-03,7.524587612001345516e-01,1.792911027580951569e-02,7.886551809393498730e-03,9.998081562506256903e-01,2.489274442705701473e-01,0.000000000000000000e+00,0.000000000000000000e+00,0.000000000000000000e+00,1.000000000000000056e-01
9.956169457226845543e-01,-9.169068600469937325e-02,-1.843137243453520438e-02,1.216630297353557033e+01,9.154040289148901444e-02,9.957621235060529763e-01,-8.840137395986952945e-03,8.460033528134662806e-01,1.916382081675754509e-02,7.114175335460978800e-03,9.997910464096982919e-01,2.778273938602061066e-01,0.000000000000000000e+00,0.000000000000000000e+00,0.000000000000000000e+00,1.000000000000000056e-01
9.952087233189920168e-01,-9.505479595552135397e-02,-2.289503866859001965e-02,1.304082283286808241e+01,9.494355899700646084e-02,9.954651729660789483e-01,-5.900001406485105328e-03,9.464581490206952497e-01,2.335203705812375838e-02,3.697996412758278346e-03,9.997204645238424447e-01,3.169862575177792019e-01,0.000000000000000000e+00,0.000000000000000000e+00,0.000000000000000000e+00,1.000000000000000056e-01
9.952473664164165346e-01,-9.383564433574699548e-02,-2.602981930944624558e-02,1.394056296351717705e+01,9.385060836612350854e-02,9.955860797800469841e-01,-6.488894408909918338e-04,1.048884193176257362e+00,2.597581472246322451e-02,-1.797108870709618073e-03,9.996609562492730916e-01,3.479337827887644119e-01,0.000000000000000000e+00,0.000000000000000000e+00,0.000000000000000000e+00,1.000000000000000056e-01
9.931632849790272832e-01,-1.134748786273894194e-01,-2.738870734749233524e-02,1.482988223174119824e+01,1.133783897374535943e-01,9.935390188284296542e-01,-5.055571776097399044e-03,1.252393805675822369e+00,2.778542981869124365e-02,1.915720736547103786e-03,9.996120747089093372e-01,3.661152224464019334e-01,0.000000000000000000e+00,0.000000000000000000e+00,0.000000000000000000e+00,1.000000000000000056e-01
9.926605210152184000e-01,-1.182546695430533173e-01,-2.531646004200543976e-02,1.576675541513730217e+01,1.181440198880406717e-01,9.929793682264926868e-01,-5.827936273641092998e-03,1.386265513412582751e+00,2.582790317639920702e-02,2.794173899138580053e-03,9.996624990514207942e-01,4.025586196738947797e-01,0.000000000000000000e+00,0.000000000000000000e+00,0.000000000000000000e+00,1.000000000000000056e-01
9.922558242011031426e-01,-1.216631182764958269e-01,-2.502928265509816314e-02,1.667150160912470014e+01,1.215382207970354261e-01,9.925657442595166025e-01,-6.457879531465476365e-03,1.504430844097201625e+00,2.562889432809136586e-02,3.365854095358979982e-03,9.996658595759526644e-01,4.339947419096190084e-01,0.000000000000000000e+00,0.000000000000000000e+00,0.000000000000000000e+00,1.000000000000000056e-01
9.917341891973262547e-01,-1.257261155741947189e-01,-2.561721764255767836e-02,1.752221886252503680e+01,1.255791809373278944e-01,9.920569446254403623e-01,-7.272409198176372526e-03,1.644609290833364490e+00,2.632807042363345673e-02,3.995307630218962978e-03,9.996453722319270652e-01,4.759843602180013344e-01,0.000000000000000000e+00,0.000000000000000000e+00,0.000000000000000000e+00,1.000000000000000056e-01
9.915777015418335560e-01,-1.266007273562859137e-01,-2.731149278003399891e-02,1.841119797182255624e+01,1.264141384799775669e-01,9.919414721766505183e-01,-8.460577307978348061e-03,1.751866705392373991e+00,2.816251759661303131e-02,4.936760970372038038e-03,9.995911669246291265e-01,4.922567728809641441e-01,0.000000000000000000e+00,0.000000000000000000e+00,0.000000000000000000e+00,1.000000000000000056e-01
9.912596140018310464e-01,-1.292073344904407506e-01,-2.664286701570032362e-02,1.931818134890642824e+01,1.289802941141561798e-01,9.915959427361475953e-01,-1.007819822371304117e-02,1.868706266949444750e+00,2.772113596457943113e-02,6.553706057342351642e-03,9.995942114466985773e-01,5.359143759172196875e-01,0.000000000000000000e+00,0.000000000000000000e+00,0.000000000000000000e+00,1.000000000000000056e-01
9.894129095315945532e-01,-1.429335449767206168e-01,-2.514152287775167985e-02,2.022568239166055548e+01,1.427104135553249886e-01,9.897091572620492217e-01,-1.046527087621313898e-02,2.028181173051766706e+00,2.637863368510292086e-02,6.766516979375695323e-03,9.996291221912629865e-01,5.620445738239460143e-01,0.000000000000000000e+00,0.000000000000000000e+00,0.000000000000000000e+00,1.000000000000000056e-01
9.894531608427389324e-01,-1.428893533845250752e-01,-2.377131017982097444e-02,2.112873075930988520e+01,1.426664832047002118e-01,9.897115669979061892e-01,-1.082999171523534379e-02,2.160129190930629939e+00,2.507423116101363536e-02,7.324400310017138704e-03,9.996587598234623062e-01,5.903314311905125678e-01,0.000000000000000000e+00,0.000000000000000000e+00,0.000000000000000000e+00,1.000000000000000056e-01
9.893837027441656495e-01,-1.439208609786244153e-01,-2.016617265164418263e-02,2.206820961716601559e+01,1.437365537963981310e-01,9.895622139583150068e-01,-1.031638544516405402e-02,2.319640139889621366e+00,2.144042553168199958e-02,7.308247470461921511e-03,9.997434159182699842e-01,6.197142699601976279e-01,0.000000000000000000e+00,0.000000000000000000e+00,0.000000000000000000e+00,1.000000000000000056e-01
9.892650614310721791e-01,-1.448103289096282775e-01,-1.961139650463968737e-02,2.301799652360381288e+01,1.446367194983040616e-01,9.894342263130910808e-01,-1.000655649980523865e-02,2.470422046941683103e+00,2.085323966547700247e-02,7.062608675281734777e-03,9.997576015985845110e-01,6.540265175783507301e-01,0.000000000000000000e+00,0.000000000000000000e+00,0.000000000000000000e+00,1.000000000000000056e-01
9.894762478239957915e-01,-1.434065977686853899e-01,-1.926921660465334349e-02,2.394560732385341950e+01,1.431995563392925164e-01,9.896242806176213103e-01,-1.173329775831297855e-02,2.603682828008774930e+00,2.075191693257179629e-02,8.850476171705139172e-03,9.997454811176481604e-01,6.858481998716516870e-01,0.000000000000000000e+00,0.000000000000000000e+00,0.000000000000000000e+00,1.000000000000000056e-01
9.894720688606322145e-01,-1.430489531437721951e-01,-2.195499827217450850e-02,2.488475314012584860e+01,1.427982264256327793e-01,9.896716160133750551e-01,-1.259995980821006223e-02,2.751254686196781929e+00,2.353064967981185335e-02,9.332173484546072567e-03,9.996795581903734629e-01,7.173359329985434796e-01,0.000000000000000000e+00,0.000000000000000000e+00,0.000000000000000000e+00,1.000000000000000056e-01
9.898678704114369786e-01,-1.397196698185395880e-01,-2.529847807527086170e-02,2.582540336204595377e+01,1.394175646277303893e-01,9.901437627583564716e-01,-1.334435251318799760e-02,2.891814035954165973e+00,2.691359880059330037e-02,9.682093602206615426e-03,9.995908739394726572e-01,7.460581934501183676e-01,0.000000000000000000e+00,0.000000000000000000e+00,0.000000000000000000e+00,1.000000000000000056e-01
9.896195638322931032e-01,-1.402190581048527174e-01,-3.149181837509283655e-02,2.678000923217746276e+01,1.398865081693379253e-01,9.900881748055214704e-01,-1.253678357717637887e-02,3.034531703031113636e+00,3.293757296115870647e-02,8.001365787110414907e-03,9.994253821236326329e-01,7.916817432840270730e-01,0.000000000000000000e+00,0.000000000000000000e+00,0.000000000000000000e+00,1.000000000000000056e-01
9.893608533830116070e-01,-1.425942559652150221e-01,-2.884406280269408498e-02,2.772515698014534280e+01,1.421614645877841143e-01,9.897051650020283198e-01,-1.654703461542699622e-02,3.146748042833236170e+00,3.090663002488668390e-02,1.227047407538406874e-02,9.994469549138013109e-01,8.422258196057063051e-01,0.000000000000000000e+00,0.000000000000000000e+00,0.000000000000000000e+00,1.000000000000000056e-01
9.893799086819093924e-01,-1.434044653436047645e-01,-2.371825491243887904e-02,2.871362438729447675e+01,1.430674378956493797e-01,9.895938633976009147e-01,-1.535232033879082442e-02,3.289017398188122776e+00,2.567303080181756667e-02,1.179596733316975662e-02,9.996007956400013716e-01,8.966957745849502004e-01,0.000000000000000000e+00,0.000000000000000000e+00,0.000000000000000000e+00,1.000000000000000056e-01
9.896363843385931336e-01,-1.418305428341659347e-01,-2.244824965564524988e-02,2.964783433327526296e+01,1.414076463961496388e-01,9.897607678530778719e-01,-1.942935818773003365e-02,3.405548803665381374e+00,2.497407323481422997e-02,1.605364563740661887e-02,9.995591909075773884e-01,9.271739180317712936e-01,0.000000000000000000e+00,0.000000000000000000e+00,0.000000000000000000e+00,1.000000000000000056e-01
9.891541948565737430e-01,-1.448579644720076887e-01,-2.429298101653810243e-02,3.056597498187541717e+01,1.441944826787015799e-01,9.891768320657429170e-01,-2.715043405551077760e-02,3.527368935533351735e+00,2.796301061518515624e-02,2.335305190778203671e-02,9.993361321416971421e-01,9.714260603618972700e-01,0.000000000000000000e+00,0.000000000000000000e+00,0.000000000000000000e+00,1.000000000000000056e-01
9.888787418764074522e-01,-1.461974409313163137e-01,-2.729729162513735638e-02,3.151694515202789049e+01,1.454329493744982438e-01,9.889670570885863432e-01,-2.816766283835979087e-02,3.666464025795622472e+00,3.111416238898534123e-02,2.388447735821655135e-02,9.992304241966197820e-01,1.002566238366265683e+00,0.000000000000000000e+00,0.000000000000000000e+00,0.000000000000000000e+00,1.000000000000000056e-01
9.886658635122449468e-01,-1.469311400822465863e-01,-3.083910504081333048e-02,3.248166223668412300e+01,1.460839293076081347e-01,9.888718399886279320e-01,-2.814195578767078598e-02,3.809403128432954588e+00,3.463085219333829345e-02,2.331789337904888182e-02,9.991281098661605187e-01,1.032935317553770327e+00,0.000000000000000000e+00,0.000000000000000000e+00,0.000000000000000000e+00,1.000000000000000056e-01
9.887482770066986504e-01,-1.459368662025711805e-01,-3.285233323917294973e-02,3.343276438569512976e+01,1.450008345980428048e-01,9.889981551451872965e-01,-2.928151439538400486e-02,3.956303682214761253e+00,3.676414941428477606e-02,2.418843116840967838e-02,9.990311892606031918e-01,1.071547352008558773e+00,0.000000000000000000e+00,0.000000000000000000e+00,0.000000000000000000e+00,1.000000000000000056e-01
9.881882804317801972e-01,-1.500048627924975009e-01,-3.134427469068814393e-02,3.437805008463847400e+01,1.490725196644493711e-01,9.883639300239446257e-01,-3.023451187824011122e-02,4.093095112202958852e+00,3.551487432293213425e-02,2.520482029745681890e-02,9.990512553095558523e-01,1.125180989999899461e+00,0.000000000000000000e+00,0.000000000000000000e+00,0.000000000000000000e+00,1.000000000000000056e-01
9.877883647766109165e-01,-1.523179734396177543e-01,-3.276249958713300242e-02,3.535196974561445415e+01,1.513203979131686749e-01,9.879970699019037239e-01,-3.104717443912036537e-02,4.266899138248015255e+00,3.709829628634284809e-02,2.571040319599790860e-02,9.989808264326948128e-01,1.165157624577119577e+00,0.000000000000000000e+00,0.000000000000000000e+00,0.000000000000000000e+00,1.000000000000000056e-01
9.875119203873349294e-01,-1.542175320361885982e-01,-3.220496709492143284e-02,3.631866292032125187e+01,1.531849674382825266e-01,9.876662174107427861e-01,-3.240075209756126257e-02,4.410538580833669897e+00,3.680452205708074909e-02,2.706281209007019642e-02,9.989559706803535777e-01,1.222690866504150042e+00,0.000000000000000000e+00,0.000000000000000000e+00,0.000000000000000000e+00,1.000000000000000056e-01
9.873624109092993262e-01,-1.552369352288661131e-01,-3.188986459872033413e-02,3.730840019590937828e+01,1.542102878756654305e-01,9.875041533567157082e-01,-3.247667188214437006e-02,4.568776150499848754e+00,3.653295275063720565e-02,2.714849984777966199e-02,9.989636141118127810e-01,1.269110954526136981e+00,0.000000000000000000e+00,0.000000000000000000e+00,0.000000000000000000e+00,1.000000000000000056e-01
9.874974367759191685e-01,-1.549520842765973461e-01,-2.895969508347467913e-02,3.827402489435915101e+01,1.540426633605043727e-01,9.875658802745959086e-01,-3.137658334275357508e-02,4.720885443724862185e+00,3.346147375403359103e-02,2.652326706498861139e-02,9.990880071737461288e-01,1.326306272841690337e+00,0.000000000000000000e+00,0.000000000000000000e+00,0.000000000000000000e+00,1.000000000000000056e-01
9.873257198212799235e-01,-1.560455398205385091e-01,-2.894326314547625290e-02,3.926268156415940780e+01,1.552599352188182291e-01,9.874862237122709052e-01,-2.766424577549761801e-02,4.895647541320338192e+00,3.289795579120246422e-02,2.281989221261813625e-02,9.991981670440376329e-01,1.363839219219923127e+00,0.000000000000000000e+00,0.000000000000000000e+00,0.000000000000000000e+00,1.000000000000000056e-01
9.865874555340962138e-01,-1.596792985196303638e-01,-3.387793097337102322e-02,4.025183793566095147e+01,1.586095156801773931e-01,9.868152755224290917e-01,-3.222783783147470382e-02,5.073242620372972134e+00,3.857737832535124145e-02,2.642221829958725163e-02,9.989062279622005214e-01,1.427502738627185908e+00,0.000000000000000000e+00,0.000000000000000000e+00,0.000000000000000000e+00,1.000000000000000056e-01
9.865334929189701896e-01,-1.598556361905587309e-01,-3.460986748324768741e-02,4.126076778615986029e+01,1.588972614873420952e-01,9.868725272546268190e-01,-2.888382318684688116e-02,5.233678178990521346e+00,3.877276932228939516e-02,2.299544581384613262e-02,9.989834242022752608e-01,1.496438798352685895e+00,0.000000000000000000e+00,0.000000000000000000e+00,0.000000000000000000e+00,1.000000000000000056e-01
9.859901017715015925e-01,-1.624160964389512185e-01,-3.800698391292398060e-02,4.226816370532861811e+01,1.613193326259493854e-01,9.864353179272659089e-01,-3.035517199509946834e-02,5.398932651637438518e+00,4.242159980177867551e-02,2.379863784478147143e-02,9.988163157993519281e-01,1.553877401007576209e+00,0.000000000000000000e+00,0.000000000000000000e+00,0.000000000000000000e+00,1.000000000000000056e-01
9.867919009663409513e-01,-1.569312067956523393e-01,-4.017885663997233098e-02,4.326465727236334402e+01,1.557568284363982369e-01,9.873127283080577188e-01,-3.087696416964856930e-02,5.507906540040137244e+00,4.451465581883847639e-02,2.421100688859429903e-02,9.987153110685601520e-01,1.615268102370878589e+00,0.000000000000000000e+00,0.000000000000000000e+00,0.000000000000000000e+00,1.000000000000000056e-01
9.865671289904864860e-01,-1.590032521649050179e-01,-3.746018948767304568e-02,4.424868270664807568e+01,1.577933948451799018e-01,9.869098953244068717e-01,-3.331820904552616064e-02,5.676781284702387964e+00,4.226753528066067023e-02,2.695967937034594863e-02,9.987425249530262894e-01,1.687864300348847379e+00,0.000000000000000000e+00,0.000000000000000000e+00,0.000000000000000000e+00,1.000000000000000056e-01
9.866602266354553841e-01,-1.586346630258440027e-01,-3.656009932082579517e-02,4.521914683096181875e+01,1.574714731802646650e-01,9.869794498904916891e-01,-3.277652556784638876e-02,5.821100370609971542e+00,4.128355980422365734e-02,2.658212144542688310e-02,9.987938017976241145e-01,1.741017488939892610e+00,0.000000000000000000e+00,0.000000000000000000e+00,0.000000000000000000e+00,1.000000000000000056e-01
9.859222307854794698e-01,-1.622589121890448960e-01,-4.036583032976684415e-02,4.612771863800620054e+01,1.610651755830536380e-01,9.864482407290776633e-01,-3.127103415155594451e-02,5.981966835363722090e+00,4.489280629882488882e-02,2.432927820005130470e-02,9.986955102356677161e-01,1.806178961676483841e+00,0.000000000000000000e+00,0.000000000000000000e+00,0.000000000000000000e+00,1.000000000000000056e-01
9.859631424372459207e-01,-1.605245559313655257e-01,-4.591893616264444006e-02,4.707981693285668712e+01,1.591605725538405569e-01,9.867344905492108076e-01,-3.198370373992110577e-02,6.126343148047181053e+00,5.044396792089988341e-02,2.422626887548476327e-02,9.984330192841019969e-01,1.845639946781980845e+00,0.000000000000000000e+00,0.000000000000000000e+00,0.000000000000000000e+00,1.000000000000000056e-01
9.860129152306795763e-01,-1.602676375150733912e-01,-4.574729897637472287e-02,4.802276115533098988e+01,1.587375326393147823e-01,9.866879912285485554e-01,-3.534407583958228127e-02,6.284235393701017358e+00,5.080282206609444684e-02,2.758790189029798265e-02,9.983275919954391897e-01,1.910859639812601873e+00,0.000000000000000000e+00,0.000000000000000000e+00,0.000000000000000000e+00,1.000000000000000056e-01
9.865753686106556453e-01,-1.573316663323433562e-01,-4.376972492302227957e-02,4.898519942278278450e+01,1.558482906169920690e-01,9.871436601539629319e-01,-3.547822613376991341e-02,6.467565650706404767e+00,4.878885490058605667e-02,2.818050721554727842e-02,9.984114916458864952e-01,1.977510663438261318e+00,0.000000000000000000e+00,0.000000000000000000e+00,0.000000000000000000e+00,1.000000000000000056e-01
9.874661138267827321e-01,-1.519585248121821386e-01,-4.265302780268592775e-02,4.997477551318332445e+01,1.505005742402127367e-01,9.879705239563212338e-01,-3.555025944825590534e-02,6.633104481293002230e+00,4.754209920899045427e-02,2.868537136551513322e-02,9.984572591114879714e-01,2.055168768564601844e+00,0.000000000000000000e+00,0.000000000000000000e+00,0.000000000000000000e+00,1.000000000000000056e-01
9.875063416397048544e-01,-1.518465564251144650e-01,-4.211708113344398569e-02,5.090018166856241777e+01,1.501501221627684068e-01,9.878170212936485672e-01,-4.089588313081354842e-02,6.792746475904158920e+00,4.781386865619952770e-02,3.406105906130876826e-02,9.982753519043479074e-01,2.114330030102303137e+00,0.000000000000000000e+00,0.000000000000000000e+00,0.000000000000000000e+00,1.000000000000000056e-01
9.880599731529944307e-01,-1.480856965916495516e-01,-4.252194630858206065e-02,5.182893191010474254e+01,1.463734720640749720e-01,9.883830621062974497e-01,-4.091123583181518336e-02,6.938914693562697522e+00,4.808634035577551841e-02,3.419866965752980242e-02,9.982575593827694993e-01,2.171345696850214058e+00,0.000000000000000000e+00,0.000000000000000000e+00,0.000000000000000000e+00,1.000000000000000056e-01
9.883589359021682785e-01,-1.465514342014881677e-01,-4.085695725112885313e-02,5.280287849470480666e+01,1.448180269509335705e-01,9.885414000688877989e-01,-4.258684562023558329e-02,7.086857137858524780e+00,4.662995702734849812e-02,3.617426548431883215e-02,9.982570158152146433e-01,2.245425169324009484e+00,0.000000000000000000e+00,0.000000000000000000e+00,0.000000000000000000e+00,1.000000000000000056e-01
9.872855831781783831e-01,-1.538240067365760910e-01,-4.006684664445066962e-02,5.376103210282160205e+01,1.520161359393398803e-01,9.873605577925286259e-01,-4.483551415673607543e-02,7.239946931761775950e+00,4.645720248353613774e-02,3.817464953516315485e-02,9.981905752261294174e-01,2.300474322596917087e+00,0.000000000000000000e+00,0.000000000000000000e+00,0.000000000000000000e+00,1.000000000000000056e-01
9.875703630825599655e-01,-1.531013700417526158e-01,-3.556330204465137784e-02,5.467165835809996821e+01,1.514349007032770866e-01,9.874145789643757887e-01,-4.560614100746738370e-02,7.379149753330777273e+00,4.209808558556297348e-02,3.965374811972655761e-02,9.983262650306701236e-01,2.359520843808097901e+00,0.000000000000000000e+00,0.000000000000000000e+00,0.000000000000000000e+00,1.000000000000000056e-01
9.876662782981653343e-01,-1.534994310011088825e-01,-3.087470477570503080e-02,5.558241005832950776e+01,1.520239458185386472e-01,9.873280957737943231e-01,-4.551869059469247636e-02,7.542711005423822002e+00,3.747055657997573619e-02,4.026358128668046377e-02,9.984862549938069431e-01,2.425101952427857643e+00,0.000000000000000000e+00,0.000000000000000000e+00,0.000000000000000000e+00,1.000000000000000056e-01
9.878082651672858150e-01,-1.532370128419962008e-01,-2.744538508491026554e-02,5.648535779545792224e+01,1.521568596908481341e-01,9.876301162572965753e-01,-3.788196814605217233e-02,7.696531870925909402e+00,3.291080850141288316e-02,3.324411762794819702e-02,9.989052544295291547e-01,2.489115045546157035e+00,0.000000000000000000e+00,0.000000000000000000e+00,0.000000000000000000e+00,1.000000000000000056e-01
9.873410467481662511e-01,-1.557942770739171867e-01,-2.976240308259433393e-02,5.733660379791933082e+01,1.546765277646238168e-01,9.872808555806874553e-01,-3.676525482769411879e-02,7.844641779028168393e+00,3.511166707683997107e-02,3.169630001879175651e-02,9.988806312068544413e-01,2.554668839061450036e+00,0.000000000000000000e+00,0.000000000000000000e+00,0.000000000000000000e+00,1.000000000000000056e-01
9.871488502224226025e-01,-1.558760509926709337e-01,-3.521085388739415845e-02,5.823717106629143814e+01,1.546154698176783193e-01,9.873157158977255987e-01,-3.607954592868518190e-02,8.015742353388466412e+00,4.038816655417493129e-02,3.017173956356759140e-02,9.987284226125240361e-01,2.600754512316922895e+00,0.000000000000000000e+00,0.000000000000000000e+00,0.000000000000000000e+00,1.000000000000000056e-01
9.868572626958999061e-01,-1.561806108533664861e-01,-4.147722095108255513e-02,5.920088227498753497e+01,1.547673538811174532e-01,9.873179518869064086e-01,-3.535997814593824090e-02,8.167138843034264184e+00,4.647374782597783749e-02,2.847593150914596444e-02,9.985135512789468093e-01,2.654362027255860568e+00,0.000000000000000000e+00,0.000000000000000000e+00,0.000000000000000000e+00,1.000000000000000056e-01
9.874868053496853593e-01,-1.522965206436100449e-01,-4.093383759340367412e-02,6.010420304392740576e+01,1.510368217154525183e-01,9.880003147406622999e-01,-3.229948232474980779e-02,8.346001132615821660e+00,4.536174320247515768e-02,2.571279588459161880e-02,9.986396569240728605e-01,2.710332129130776035e+00,0.000000000000000000e+00,0.000000000000000000e+00,0.000000000000000000e+00,1.000000000000000056e-01
9.873303865273819202e-01,-1.541307500871291480e-01,-3.771498001152153584e-02,6.103456108004509417e+01,1.530117189075615725e-01,9.877391204992524987e-01,-3.096520163532851672e-02,8.515531563126845782e+00,4.202525094087954799e-02,2.480205057937998753e-02,9.988086586380866549e-01,2.768835305577040717e+00,0.000000000000000000e+00,0.000000000000000000e+00,0.000000000000000000e+00,1.000000000000000056e-01
9.869664305112250124e-01,-1.566268625534664449e-01,-3.694984398598588626e-02,6.191653158113707889e+01,1.554609045296776737e-01,9.873047112959431049e-01,-3.257781784664102315e-02,8.677409105411827639e+00,4.158331644717164211e-02,2.640895642565234055e-02,9.987859604608798625e-01,2.829788751192264140e+00,0.000000000000000000e+00,0.000000000000000000e+00,0.000000000000000000e+00,1.000000000000000056e-01
9.866299797241784297e-01,-1.589981175363443244e-01,-3.578940806113168477e-02,6.273705900154467230e+01,1.579115932353463425e-01,9.869541095014117138e-01,-3.139290461473757260e-02,8.816565713150620098e+00,4.031391610029815692e-02,2.532161839563834560e-02,9.988661591076573032e-01,2.878842846373737441e+00,0.000000000000000000e+00,0.000000000000000000e+00,0.000000000000000000e+00,1.000000000000000056e-01
9.861602925399394204e-01,-1.619111273311192589e-01,-3.567442030232862576e-02,6.355729208710683764e+01,1.608238927330692125e-01,9.864801188934227971e-01,-3.150635736166094991e-02,8.941654719447438282e+00,4.029333621981871089e-02,2.533301944862731414e-02,9.988667004069622379e-01,2.922089316783505808e+00,0.000000000000000000e+00,0.000000000000000000e+00,0.000000000000000000e+00,1.000000000000000056e-01
9.858835845486306759e-01,-1.636252709600879984e-01,-3.550110450085722930e-02,6.435825588251580598e+01,1.626077752351642314e-01,9.862379617550437461e-01,-2.988970100765654669e-02,9.071828065245325590e+00,3.990324736927206711e-02,2.369500994923978698e-02,9.989225582360686806e-01,2.968076553240155846e+00,0.000000000000000000e+00,0.000000000000000000e+00,0.000000000000000000e+00,1.000000000000000056e-01
9.855668649589006680e-01,-1.650855709783410341e-01,-3.747944703219672352e-02,6.515014860778367733e+01,1.639375408936328271e-01,9.859548713499359796e-01,-3.189787370781287795e-02,9.206636268444183813e+00,4.221892207094556787e-02,2.529319900855258804e-02,9.987881740905231176e-01,3.022711679524520800e+00,0.000000000000000000e+00,0.000000000000000000e+00,0.000000000000000000e+00,1.000000000000000056e-01
9.850826338248058756e-01,-1.681585022831189047e-01,-3.653659325500533545e-02,6.590096474575311447e+01,1.670648544204736408e-01,9.854524859457085562e-01,-3.118865756791943875e-02,9.330572734349443564e+00,4.124971459597461670e-02,2.461942430929852169e-02,9.988455060680953013e-01,3.073153664954653586e+00,0.000000000000000000e+00,0.000000000000000000e+00,0.000000000000000000e+00,1.000000000000000056e-01
9.846464939427830299e-01,-1.713061190427122571e-01,-3.354840599356532366e-02,6.668433222845240493e+01,1.702815427373707280e-01,9.848966693784315662e-01,-3.134879344174797827e-02,9.468137603438259831e+00,3.841195346719537135e-02,2.515480522278969872e-02,9.989453226303417477e-01,3.126960860270721732e+00,0.000000000000000000e+00,0.000000000000000000e+00,0.000000000000000000e+00,1.000000000000000056e-01
9.816139651127332444e-01,-1.880754001271478792e-01,-3.258323744919977560e-02,6.748772730110509599e+01,1.872288539153281473e-01,9.819352802835091820e-01,-2.735802617330200179e-02,9.641948383305388504e+00,3.714000211645686333e-02,2.075449834516824091e-02,9.990945255786510826e-01,3.175237533256609179e+00,0.000000000000000000e+00,0.000000000000000000e+00,0.000000000000000000e+00,1.000000000000000056e-01
9.811255992478064014e-01,-1.909390720157266297e-01,-3.057497797883102636e-02,6.821948129607281430e+01,1.901672696489986047e-01,9.813953138990519909e-01,-2.645084896985849462e-02,9.771703024915574076e+00,3.505664066732439715e-02,2.013724496435308556e-02,9.991824274427406616e-01,3.227773765913257265e+00,0.000000000000000000e+00,0.000000000000000000e+00,0.000000000000000000e+00,1.000000000000000056e-01
9.812427177020632829e-01,-1.897418146470172262e-01,-3.407011492680923903e-02,6.888975182973766209e+01,1.890185253882726291e-01,9.816957640206573910e-01,-2.335431360457020447e-02,9.913349403031817886e+00,3.787777734651227857e-02,1.647636726814027605e-02,9.991465374533073929e-01,3.268746784603904665e+00,0.000000000000000000e+00,0.000000000000000000e+00,0.000000000000000000e+00,1.000000000000000056e-01
9.807611184762541345e-01,-1.914864935041655225e-01,-3.795459511951213699e-02,6.955045428580436351e+01,1.906287964437095028e-01,9.813414763801127094e-01,-2.509120767367475219e-02,1.006413122619415823e+01,4.205104578520824782e-02,1.737324211481233033e-02,9.989644037736231663e-01,3.307010977465731028e+00,0.000000000000000000e+00,0.000000000000000000e+00,0.000000000000000000e+00,1.000000000000000056e-01
9.801200725093254240e-01,-1.935438636175062788e-01,-4.365107467546290587e-02,7.026729765755933954e+01,1.924448510923312539e-01,9.809038899405094769e-01,-2.815205121527303983e-02,1.021491358092021606e+01,4.826616571020708735e-02,1.919196591245996009e-02,9.986501117468769007e-01,3.351801053863415980e+00,0.000000000000000000e+00,0.000000000000000000e+00,0.000000000000000000e+00,1.000000000000000056e-01
9.791656314859844557e-01,-1.977957849116411537e-01,-4.595099115189089922e-02,7.097978596571560672e+01,1.966580253258757016e-01,9.800685062787707347e-01,-2.813083851267862007e-02,1.036501552046127195e+01,5.059928054410060827e-02,1.850811907479956581e-02,9.985475263284829817e-01,3.394932139464879040e+00,0.000000000000000000e+00,0.000000000000000000e+00,0.000000000000000000e+00,1.000000000000000056e-01
9.792134104647098880e-01,-1.981874858213440171e-01,-4.316036642437282717e-02,7.164531131533948383e+01,1.971493148176685917e-01,9.799973614815328249e-01,-2.715362141883911201e-02,1.049561839387511775e+01,4.767855317640582596e-02,1.808015356816443375e-02,9.986990856178632470e-01,3.453042129430206941e+00,0.000000000000000000e+00,0.000000000000000000e+00,0.000000000000000000e+00,1.000000000000000056e-01
9.782095094493165055e-01,-2.036743825943343467e-01,-4.028525161575116642e-02,7.220835833931690217e+01,2.026207148185945051e-01,9.788352064974872313e-01,-2.874864253183575385e-02,1.062564721014999769e+01,4.528798460220388733e-02,1.995956902937037064e-02,9.987745561711273146e-01,3.488858594002590241e+00,0.000000000000000000e+00,0.000000000000000000e+00,0.000000000000000000e+00,1.000000000000000056e-01
9.787969872520596581e-01,-2.000876134156083230e-01,-4.383383058708622410e-02,7.273438893523211846e+01,1.988212093998089069e-01,9.795259968699943087e-01,-3.160614099571933816e-02,1.071919867942829541e+01,4.926037392355677585e-02,2.222090037532307993e-02,9.985387559566335502e-01,3.527922205126220678e+00,0.000000000000000000e+00,0.000000000000000000e+00,0.000000000000000000e+00,1.000000000000000056e-01
9.783826031062967665e-01,-2.019468054568853699e-01,-4.455299882954495000e-02,7.335226027475783894e+01,2.002536205372881239e-01,9.789392118334923065e-01,-3.970525149811755805e-02,1.083740495504357959e+01,5.163302625892029346e-02,2.992502799630851473e-02,9.982176733051593143e-01,3.579235760063109062e+00,0.000000000000000000e+00,0.000000000000000000e+00,0.000000000000000000e+00,1.000000000000000056e-01
9.784353911778529422e-01,-2.002218812005235327e-01,-5.074823720254081905e-02,7.393341417509533642e+01,1.980542081590596637e-01,9.791714345173051504e-01,-4.469711909967701013e-02,1.094895233498237452e+01,5.864056549121754447e-02,3.368234127619820772e-02,9.977107716994058073e-01,3.623499733917126431e+00,0.000000000000000000e+00,0.000000000000000000e+00,0.000000000000000000e+00,1.000000000000000056e-01
9.794340455902635911e-01,-1.952770811525979255e-01,-5.075245723323195540e-02,7.450444319377443492e+01,1.933010047908406415e-01,9.802680340146413540e-01,-4.134371821596886931e-02,1.104586374035473639e+01,5.782449209064233903e-02,3.068294421322236010e-02,9.978551423171939661e-01,3.674756608691632565e+00,0.000000000000000000e+00,0.000000000000000000e+00,0.000000000000000000e+00,1.000000000000000056e-01
9.798617727887197759e-01,-1.938168194092431129e-01,-4.802027427485389827e-02,7.507061195582753044e+01,1.919000092094468313e-01,9.805244476405352572e-01,-4.178748669921830000e-02,1.117728855376043029e+01,5.518417067204666598e-02,3.173086972189646110e-02,9.979718729573145986e-01,3.703826721437557090e+00,0.000000000000000000e+00,0.000000000000000000e+00,0.000000000000000000e+00,1.000000000000000056e-01
9.806504581707441437e-01,-1.901531019177860882e-01,-4.654542641929137331e-02,7.564889908617422520e+01,1.881319349679706765e-01,9.811326967884337336e-01,-4.455340994651970504e-02,1.126622381144747997e+01,5.413920884827242569e-02,3.493464074095294775e-02,9.979220996358301177e-01,3.745077080582127849e+00,0.000000000000000000e+00,0.000000000000000000e+00,0.000000000000000000e+00,1.000000000000000056e-01
9.814519819603955142e-01,-1.870209590716906678e-01,-4.213274230235242862e-02,7.623694707070917786e+01,1.849258317874444557e-01,9.815239544643326042e-01,-4.912396106199579809e-02,1.136154274651233642e+01,5.054150614824646365e-02,4.042137653029250627e-02,9.979036368686422520e-01,3.793964846951477732e+00,0.000000000000000000e+00,0.000000000000000000e+00,0.000000000000000000e+00,1.000000000000000056e-01
9.830406032046254960e-01,-1.792108645915986564e-01,-3.891835638124754165e-02,7.680445847263750636e+01,1.771972472508538121e-01,9.828947362056922321e-01,-5.019036865637194894e-02,1.143788246819046606e+01,4.724730698998490935e-02,4.244294466073764843e-02,9.979811062493716411e-01,3.853099471793613340e+00,0.000000000000000000e+00,0.000000000000000000e+00,0.000000000000000000e+00,1.000000000000000056e-01
9.849090331844932988e-01,-1.690198907793123428e-01,-3.723537125551430044e-02,7.730003338341894903e+01,1.672124975591111617e-01,9.847876990627809635e-01,-4.725641157216488308e-02,1.154963484414105679e+01,4.465620910501588020e-02,4.031704720813412968e-02,9.981885386502823421e-01,3.896840204800161356e+00,0.000000000000000000e+00,0.000000000000000000e+00,0.000000000000000000e+00,1.000000000000000056e-01
9.873392470111803654e-01,-1.539239478761950108e-01,-3.832270321365484345e-02,7.779814983432687825e+01,1.521473059771237812e-01,9.873039034340085340e-01,-4.563112477107458820e-02,1.162472351901321588e+01,4.485987734377948344e-02,3.922270432002755713e-02,9.982230065824594378e-01,3.929862567237722537e+00,0.000000000000000000e+00,0.000000000000000000e+00,0.000000000000000000e+00,1.000000000000000056e-01
9.902728660533052230e-01,-1.339695891023599261e-01,-3.757392652248905257e-02,7.826112975733909138e+01,1.326246616899857400e-01,9.905026627254031046e-01,-3.626533117873337320e-02,1.170282804018108536e+01,4.207552578624996348e-02,3.092934415132709766e-02,9.986355820819621254e-01,3.961824683850310169e+00,0.000000000000000000e+00,0.000000000000000000e+00,0.000000000000000000e+00,1.000000000000000056e-01
9.932939165258652947e-01,-1.100083537444639381e-01,-3.557186386936087713e-02,7.873668986052223318e+01,1.086165339451977963e-01,9.933204905720283140e-01,-3.894677860204387443e-02,1.174318526495300219e+01,3.961873226693591460e-02,3.482190569422953519e-02,9.986079265344247613e-01,4.001049757991573586e+00,0.000000000000000000e+00,0.000000000000000000e+00,0.000000000000000000e+00,1.000000000000000056e-01
9.955767592132132027e-01,-8.704514390363148058e-02,-3.535617961985915852e-02,7.928821989803289227e+01,8.564778467801927031e-02,9.955507353417504257e-01,-3.928346140868501507e-02,1.184725322910307099e+01,3.861830517077752961e-02,3.608152274081689176e-02,9.986023984661966946e-01,4.044943940192412768e+00,0.000000000000000000e+00,0.000000000000000000e+00,0.000000000000000000e+00,1.000000000000000056e-01
9.977597348005500244e-01,-5.764428906466999986e-02,-3.395066345397233093e-02,7.977847093116562860e+01,5.634315335483842252e-02,9.976838698857252163e-01,-3.810964234778937282e-02,1.191981009978940520e+01,3.606883253959413532e-02,3.611137920478846991e-02,9.986966544507689392e-01,4.074409042679777215e+00,0.000000000000000000e+00,0.000000000000000000e+00,0.000000000000000000e+00,1.000000000000000056e-01
9.990565068721258823e-01,-2.552183218294296757e-02,-3.513875579031925517e-02,8.024714508732031959e+01,2.409686681339405501e-02,9.988931548310043818e-01,-4.039562156398552456e-02,1.191790610672434525e+01,3.613083290270992926e-02,3.951077465437600328e-02,9.985657021948869394e-01,4.092344044621855303e+00,0.000000000000000000e+00,0.000000000000000000e+00,0.000000000000000000e+00,1.000000000000000056e-01
