1.000000000000000000e+00,-6.836211127238361493e-12,4.361924445511668116e-12,4.490866872316474999e-19,6.836211127243376276e-12,1.000000000000000000e+00,-1.149638853006216158e-12,1.596257684790372455e-18,-4.361924445503808285e-12,1.149638853036035050e-12,1.000000000000000000e+00,-1.386609876817280143e-18,0.000000000000000000e+00,0.000000000000000000e+00,0.000000000000000000e+00,1.000000000000000056e-01
9.999920208897101759e-01,-3.990778299530618571e-03,-1.784530115709896030e-04,6.556252650892194778e-01,3.990238632062032172e-03,9.999877505154672885e-01,-2.928619926663571758e-03,7.032568145633712881e-03,1.901382984644864576e-04,2.927884488781402027e-03,9.999956956606602665e-01,2.038737336035899295e-03,0.000000000000000000e+00,0.000000000000000000e+00,0.000000000000000000e+00,1.000000000000000056e-01
9.999534985047566771e-01,-9.353315948771829397e-03,-2.348682366787746383e-03,1.325919403691824483e+00,9.350042932524171846e-03,9.999553063848840573e-01,-1.400689070627921364e-03,9.439842493979992699e-03,2.361678483105590122e-03,1.378663655527438128e-03,9.999962608736431280e-01,6.221396370884624792e-03,0.000000000000000000e+00,0.000000000000000000e+00,0.000000000000000000e+00,1.000000000000000056e-01
9.998857205053308661e-01,-1.494196461472527444e-02,-2.298613274930287002e-03,2.043406021739533340e+00,1.494025782267803006e-02,9.998881008662583447e-01,-7.579196916946027637e-04,3.478057320605149852e-04,2.309680871310119694e-03,7.234912020531473684e-04,9.999970709630869869e-01,4.937275764382576849e-03,0.000000000000000000e+00,0.000000000000000000e+00,0.000000000000000000e+00,1.000000000000000056e-01
9.997908757132465407e-01,-1.998297465348783039e-02,-4.345752470827724499e-03,2.738281976402205053e+00,1.998419602779219831e-02,9.998002677326418564e-01,2.378042483439685606e-04,8.637564222130677052e-03,4.340132447566198530e-03,-3.246008869654302227e-04,9.999905288974499928e-01,1.024904991434183454e-02,0.000000000000000000e+00,0.000000000000000000e+00,0.000000000000000000e+00,1.000000000000000056e-01
9.996848699242197878e-01,-2.432954890502727827e-02,-6.183356262883660248e-03,3.444250808644562234e+00,2.432918951245332043e-02,9.997039925680818451e-01,-1.333458048563515878e-04,1.032332702956129632e-02,6.184770186756182592e-03,-1.713226275994947096e-05,9.999808739792089840e-01,2.506292265793790691e-02,0.000000000000000000e+00,0.000000000000000000e+00,0.000000000000000000e+00,1.000000000000000056e-01
9.995188400684568153e-01,-3.003725826053040351e-02,-7.736372819151431622e-03,4.165172538110764044e+00,3.003856484073506514e-02,9.995487391032231717e-01,5.272063680652291538e-05,4.509292952013771449e-02,7.731298113231844203e-03,-2.850848063087067698e-04,9.999700724302390542e-01,4.339902631690594620e-02,0.000000000000000000e+00,0.000000000000000000e+00,0.000000000000000000e+00,1.000000000000000056e-01
9.993667049863853569e-01,-3.454329692503489702e-02,-8.541053928173468479e-03,4.933997273632797942e+00,3.457256127274531410e-02,9.993967331224348216e-01,3.302700599070447756e-03,7.338986721013505965e-02,8.421815225790923315e-03,-3.595895125515193285e-03,9.999580704042290158e-01,5.539337532520297036e-02,0.000000000000000000e+00,0.000000000000000000e+00,0.000000000000000000e+00,1.000000000000000056e-01
9.992693005509795112e-01,-3.757492259994881650e-02,-6.999297676488536873e-03,5.704673615719713098e+00,3.760299614205365321e-02,9.992850552318943702e-01,3.923400480503800442e-03,1.091455494557720257e-01,6.846872095850786016e-03,-4.183728217460493462e-03,9.999678078621858646e-01,6.062590240342874415e-02,0.000000000000000000e+00,0.000000000000000000e+00,0.000000000000000000e+00,1.000000000000000056e-01
9.990752819593455847e-01,-4.268133918066927684e-02,-5.185003722152669789e-03,6.498384472855903482e+00,4.270221625906327895e-02,9.990798981021530301e-01,3.984712631513238901e-03,1.634858634888015083e-01,5.010160119024460040e-03,-4.202439046103467052e-03,9.999786186722421366e-01,7.174724790262416996e-02,0.000000000000000000e+00,0.000000000000000000e+00,0.000000000000000000e+00,1.000000000000000056e-01
9.988407935231677914e-01,-4.801701614076420155e-02,-3.381620165851138924e-03,7.323913495289762210e+00,4.802610948501076504e-02,9.988425355584166221e-01,2.661196529175953278e-03,1.981763561722162947e-01,3.249923344059037818e-03,-2.820517713245096481e-03,9.999907412961817066e-01,9.205132892620870866e-02,0.000000000000000000e+00,0.000000000000000000e+00,0.000000000000000000e+00,1.000000000000000056e-01
9.987614491177412290e-01,-4.967258307235544040e-02,-2.863956555103308772e-03,8.140514101266203895e+00,4.968155211819971079e-02,9.987601401713043225e-01,3.150521246271523450e-03,2.448928608518697314e-01,2.703911122092863412e-03,-3.288904972259003388e-03,9.999909359432850309e-01,1.069978802780045674e-01,0.000000000000000000e+00,0.000000000000000000e+00,0.000000000000000000e+00,1.000000000000000056e-01
9.986050952770960665e-01,-5.267480646912973963e-02,-3.637093628393855277e-03,8.987894568950014929e+00,5.268670108021718257e-02,9.986057836288043665e-01,3.255830521599123190e-03,2.954382796483244755e-01,3.460522490292057551e-03,-3.442915413027519255e-03,9.999880854877986058e-01,1.158840690313628907e-01,0.000000000000000000e+00,0.000000000000000000e+00,0.000000000000000000e+00,1.000000000000000056e-01
9.986155149386800600e-01,-5.249371080297159792e-02,-3.385801218146809559e-03,9.668641117173594424e+00,5.251100757020945448e-02,9.986065985811147794e-01,5.239785703416943025e-03,3.774943298450370577e-01,3.106027642540666427e-03,-5.410323131783375747e-03,9.999805403086069466e-01,1.336818885131511314e-01,0.000000000000000000e+00,0.000000000000000000e+00,0.000000000000000000e+00,1.000000000000000056e-01
9.983526131740708687e-01,-5.724783917196630406e-02,-3.839880030002023378e-03,1.042327887946929721e+01,5.726865549746513323e-02,9.983433779765161775e-01,5.549842155552569233e-03,4.411620553122608257e-01,3.515802329025913883e-03,-5.760604185289308100e-03,9.999772270273976638e-01,1.404654333466264782e-01,0.000000000000000000e+00,0.000000000000000000e+00,0.000000000000000000e+00,1.000000000000000056e-01
9.982120281419291086e-01,-5.961106190356717932e-02,-4.389552540472173650e-03,1.125047929492241749e+01,5.962871677424261968e-02,9.982125813413984528e-01,4.007316758032807881e-03,4.920985429463438088e-01,4.142826165028125340e-03,-4.261895173644542241e-03,9.999823364644473411e-01,1.617388272681140049e-01,0.000000000000000000e+00,0.000000000000000000e+00,0.000000000000000000e+00,1.000000000000000056e-01
9.980093793507620603e-01,-6.282186320125199286e-02,-5.540057024073591352e-03,1.214231230994413480e+01,6.284828187996613358e-02,9.980118801153967656e-01,4.730815285671264615e-03,5.566111725798863485e-01,5.231844095835363334e-03,-5.069581092555939562e-03,9.999734632253511890e-01,1.748809928226669475e-01,0.000000000000000000e+00,0.000000000000000000e+00,0.000000000000000000e+00,1.000000000000000056e-01
9.978705266970416821e-01,-6.483370185829591403e-02,-7.141642158366569987e-03,1.304135516900505110e+01,6.488374971939268876e-02,9.978681769677582025e-01,7.014300919829355267e-03,6.343334616683152793e-01,6.671654346544748579e-03,-7.462740675670583544e-03,9.999498970097892014e-01,1.881212463886819952e-01,0.000000000000000000e+00,0.000000000000000000e+00,0.000000000000000000e+00,1.000000000000000056e-01
9.980169172841366620e-01,-6.206462421170427096e-02,-1.049834444703902706e-02,1.391669606759397304e+01,6.217031980686595766e-02,9.980148527115655366e-01,1.006007466294817770e-02,6.969337655216950589e-01,9.853128933529371053e-03,-1.069281013447884177e-02,9.998942842429129341e-01,1.941028336903690699e-01,0.000000000000000000e+00,0.000000000000000000e+00,0.000000000000000000e+00,1.000000000000000056e-01
9.970293064433336516e-01,-7.664723478102836163e-02,-7.600229835135778253e-03,1.488510405224583799e+01,7.671860030974855804e-02,9.970066601898205372e-01,9.590406855439126757e-03,7.843217168005304218e-01,6.842401598709326599e-03,-1.014499569057187266e-02,9.999251274984544136e-01,2.062479973151589985e-01,0.000000000000000000e+00,0.000000000000000000e+00,0.000000000000000000e+00,1.000000000000000056e-01
9.966634332282321429e-01,-8.132215455590177666e-02,-6.979114850697258968e-03,1.584673665251829000e+01,8.137501113522069285e-02,9.966541454959514379e-01,7.656489304993699396e-03,8.803111080012550049e-01,6.333121541223474607e-03,-8.198868465879735612e-03,9.999463336236716904e-01,2.175451040659046875e-01,0.000000000000000000e+00,0.000000000000000000e+00,0.000000000000000000e+00,1.000000000000000056e-01
9.965252331302241195e-01,-8.305454729870619113e-02,-6.277093894422759897e-03,1.675512267400196720e+01,8.310150204605777635e-02,9.965118693422521101e-01,7.631160966682645937e-03,9.730937432581335811e-01,5.621395951316676860e-03,-8.126280392488360871e-03,9.999511805456010594e-01,2.363319700226176046e-01,0.000000000000000000e+00,0.000000000000000000e+00,0.000000000000000000e+00,1.000000000000000056e-01
9.963071309227615746e-01,-8.569834334415198096e-02,-5.281554744880069888e-03,1.764707060969901420e+01,8.574017204516627688e-02,9.962831242019113409e-01,8.280056047165295155e-03,1.061717896848716869e+00,4.552336775833751986e-03,-8.702320296722897489e-03,9.999517717626849045e-01,2.591229071839871168e-01,0.000000000000000000e+00,0.000000000000000000e+00,0.000000000000000000e+00,1.000000000000000056e-01
9.962528579679120755e-01,-8.631493384405672376e-02,-5.474959932572527610e-03,1.855624065114938759e+01,8.635499189599599168e-02,9.962357551154147339e-01,7.558809711971442406e-03,1.145986147268593713e+00,4.801912682424403639e-03,-8.003275898995363194e-03,9.999564436561598768e-01,2.627484526220104089e-01,0.000000000000000000e+00,0.000000000000000000e+00,0.000000000000000000e+00,1.000000000000000056e-01
9.960568254478904260e-01,-8.853360091512224583e-02,-5.709815029624716771e-03,1.949408261474831860e+01,8.855958940845856664e-02,9.960608449381697094e-01,4.471275529946340532e-03,1.231104002476545167e+00,5.291465059498834216e-03,-4.959303384682997237e-03,9.999737025079523667e-01,2.804706246626256783e-01,0.000000000000000000e+00,0.000000000000000000e+00,0.000000000000000000e+00,1.000000000000000056e-01
9.959143432434299781e-01,-9.021542826554405925e-02,-3.974597447800510934e-03,2.042561457725838281e+01,9.022537543353732759e-02,9.959184851573742447e-01,2.398447355744309176e-03,1.314467036177764170e+00,3.741998113953016146e-03,-2.747257670025015416e-03,9.999892249546540324e-01,2.986355652323647303e-01,0.000000000000000000e+00,0.000000000000000000e+00,0.000000000000000000e+00,1.000000000000000056e-01
9.960213536508853993e-01,-8.911391608166822909e-02,4.159712096394139612e-04,2.134844654095208227e+01,8.911243769549577476e-02,9.960177354705125330e-01,2.764792245087678308e-03,1.410256466819469923e+00,-6.606961663579693968e-04,-2.716723906013587386e-03,9.999960914382587385e-01,3.063609643860906173e-01,0.000000000000000000e+00,0.000000000000000000e+00,0.000000000000000000e+00,1.000000000000000056e-01
9.959045665001000636e-01,-9.035992685502222677e-02,3.029528511650155919e-03,2.229729205877790577e+01,9.035803472210601761e-02,9.959090591108468171e-01,7.560040386910590448e-04,1.503655008474719779e+00,-3.085447359225216690e-03,-4.791656319776489616e-04,9.999951251955634390e-01,3.159877204428159780e-01,0.000000000000000000e+00,0.000000000000000000e+00,0.000000000000000000e+00,1.000000000000000056e-01
9.959655813346298681e-01,-8.948207935325912243e-02,6.746723011196906726e-03,2.327483054465847090e+01,8.947991226803574116e-02,9.959884322587710948e-01,6.229825197556269987e-04,1.597167443055500735e+00,-6.775403846074649732e-03,-1.677296431108852171e-05,9.999770465472646030e-01,3.271804397940888953e-01,0.000000000000000000e+00,0.000000000000000000e+00,0.000000000000000000e+00,1.000000000000000056e-01
9.961443105138084730e-01,-8.735607380382409692e-02,8.088819478142383890e-03,2.420761605868058197e+01,8.736938183106149336e-02,9.961751278144383992e-01,-1.306078996693277837e-03,1.692536283299066024e+00,-7.943786844277645615e-03,2.007758319185941245e-03,9.999664320151474550e-01,3.379345421223963197e-01,0.000000000000000000e+00,0.000000000000000000e+00,0.000000000000000000e+00,1.000000000000000056e-01
9.961948808225191687e-01,-8.695719929132898762e-02,5.848496765396369451e-03,2.516485229589853390e+01,8.697523828939597579e-02,9.962062418482450221e-01,-2.903726415953216886e-03,1.771049041404958668e+00,-5.573809066477593277e-03,3.401351790686826283e-03,9.999786815020040853e-01,3.432641435621847648e-01,0.000000000000000000e+00,0.000000000000000000e+00,0.000000000000000000e+00,1.000000000000000056e-01
9.964881870887919435e-01,-8.372879734465915602e-02,8.840179352183087907e-04,2.610833452306230740e+01,8.373176041690322258e-02,9.964797230873638778e-01,-4.141711387460166559e-03,1.871291571774452933e+00,-5.341254338698843418e-04,4.201186849891131413e-03,9.999910323293270675e-01,3.457178888067184430e-01,0.000000000000000000e+00,0.000000000000000000e+00,0.000000000000000000e+00,1.000000000000000056e-01
9.965193261396320112e-01,-8.335629611194536603e-02,-9.800656668325588051e-04,2.706210970490384682e+01,8.335014987481648152e-02,9.965068263209262422e-01,-5.186290740103406162e-03,1.956241853415649157e+00,1.408952113896115403e-03,5.086550333274404180e-03,9.999860708328131009e-01,3.545574295843042512e-01,0.000000000000000000e+00,0.000000000000000000e+00,0.000000000000000000e+00,1.000000000000000056e-01
9.966066633633714478e-01,-8.228228443837691530e-02,2.187283093176504642e-03,2.804097808905648037e+01,8.229653947064301256e-02,9.965795525708167624e-01,-7.514984291911361997e-03,2.037071839055185851e+00,-1.561451531286567850e-03,7.669489249801000885e-03,9.999693699327808494e-01,3.621038652622072807e-01,0.000000000000000000e+00,0.000000000000000000e+00,0.000000000000000000e+00,1.000000000000000056e-01
9.966062529662003122e-01,-8.191930828873260351e-02,8.074867067973811804e-03,2.904230989300998900e+01,8.199083351425394406e-02,9.965927656174381477e-01,-8.964526681526264681e-03,2.113096357953989646e+00,-7.312986278378676500e-03,9.596168427111388330e-03,9.999272142427221288e-01,3.799368797649614882e-01,0.000000000000000000e+00,0.000000000000000000e+00,0.000000000000000000e+00,1.000000000000000056e-01
9.967420467748678847e-01,-7.998644387432347902e-02,1.036633915067175157e-02,2.998417263533861998e+01,8.010127313114133452e-02,9.967240302329060109e-01,-1.118005362435032547e-02,2.182824546099775720e+00,-9.438126605282683157e-03,1.197398649626572366e-02,9.998837659516079945e-01,3.849112998815205633e-01,0.000000000000000000e+00,0.000000000000000000e+00,0.000000000000000000e+00,1.000000000000000056e-01
9.966323157380004849e-01,-8.145730725670484451e-02,9.419889659505759766e-03,3.088812277337355283e+01,8.162454143305859777e-02,9.964821864907970062e-01,-1.899174142524313880e-02,2.246582327133573198e+00,-7.839736127790430942e-03,1.969667741034455272e-02,9.997752644651893839e-01,3.968120842422160344e-01,0.000000000000000000e+00,0.000000000000000000e+00,0.000000000000000000e+00,1.000000000000000056e-01
9.966386659852525254e-01,-8.158526138538517436e-02,7.430651910468348206e-03,3.182304871106698130e+01,8.173641852709741251e-02,9.963879363211926021e-01,-2.302690252635627294e-02,2.323221839470707817e+00,-5.525156061084121953e-03,2.355685629012337773e-02,9.997072307291906546e-01,4.051580391764026401e-01,0.000000000000000000e+00,0.000000000000000000e+00,0.000000000000000000e+00,1.000000000000000056e-01
9.968171396473117785e-01,-7.963252073097716599e-02,3.775148656959814546e-03,3.279161093166106866e+01,7.970202041197603504e-02,9.965088159375854460e-01,-2.485493313047738850e-02,2.390780605186060281e+00,-1.782707940355598856e-03,2.507671032456293414e-02,9.996839403289908832e-01,4.047896898330620719e-01,0.000000000000000000e+00,0.000000000000000000e+00,0.000000000000000000e+00,1.000000000000000056e-01
9.966763717965095859e-01,-8.134471962256521749e-02,4.387082409986207791e-03,3.373745399859861749e+01,8.143032613907900952e-02,9.963552716435402079e-01,-2.540225684876203441e-02,2.468385862564694833e+00,-2.304753225181470355e-03,2.567507074291137600e-02,9.996676842105668426e-01,4.071327348660578882e-01,0.000000000000000000e+00,0.000000000000000000e+00,0.000000000000000000e+00,1.000000000000000056e-01
9.966597266299404012e-01,-8.148149548969793599e-02,5.491375665051946402e-03,3.469931101408381124e+01,8.159724926068917528e-02,9.963279918790215461e-01,-2.593109159687053897e-02,2.557596581903475386e+00,-3.358307166021181657e-03,2.629255581107826575e-02,9.996486499175097906e-01,4.234186317127784926e-01,0.000000000000000000e+00,0.000000000000000000e+00,0.000000000000000000e+00,1.000000000000000056e-01
9.965979694009873269e-01,-8.220246159458605151e-02,5.936555703374902203e-03,3.567121907601531206e+01,8.232478656706676556e-02,9.963005835575847735e-01,-2.465312798618066181e-02,2.638509551409208065e+00,-3.888046105124093495e-03,2.505798297163414068e-02,9.996784385925694405e-01,4.260643811229105626e-01,0.000000000000000000e+00,0.000000000000000000e+00,0.000000000000000000e+00,1.000000000000000056e-01
9.966727899070753072e-01,-8.136509537348012022e-02,4.803239918167175049e-03,3.663425846383209716e+01,8.145580228112868360e-02,9.964020300175773226e-01,-2.340826460010601504e-02,2.714798836020607453e+00,-2.881342323407950438e-03,2.372163214695373681e-02,9.997144502480195261e-01,4.432766267917488956e-01,0.000000000000000000e+00,0.000000000000000000e+00,0.000000000000000000e+00,1.000000000000000056e-01
9.964887924444221223e-01,-8.343791166148234462e-02,6.942724985780449401e-03,3.762543535175703369e+01,8.357671958983012295e-02,9.962370754132066075e-01,-2.294823554750694342e-02,2.810249936742780896e+00,-5.001847184832337173e-03,2.344790970879123346e-02,9.997125472129615442e-01,4.552375310601877723e-01,0.000000000000000000e+00,0.000000000000000000e+00,0.000000000000000000e+00,1.000000000000000056e-01
9.966436347487828140e-01,-8.124574889560078061e-02,1.002963614134938682e-02,3.861115050417178907e+01,8.145579887103797379e-02,9.964185006291851332e-01,-2.269635288251417929e-02,2.896024400464612736e+00,-8.149732818680950966e-03,2.343714765664939650e-02,9.996920935791702156e-01,4.782006042487739195e-01,0.000000000000000000e+00,0.000000000000000000e+00,0.000000000000000000e+00,1.000000000000000056e-01
9.966851475977189789e-01,-8.052605533724800646e-02,1.158753511043537389e-02,3.960363578361774017e+01,8.072286193199755544e-02,9.965801670024303505e-01,-1.765758474185351659e-02,2.982967160079056601e+00,-1.012601202945956867e-02,1.853443145150535445e-02,9.997769444886938084e-01,4.837012797564130828e-01,0.000000000000000000e+00,0.000000000000000000e+00,0.000000000000000000e+00,1.000000000000000056e-01
9.965563325345587753e-01,-8.231953441508745029e-02,9.948383735719702053e-03,4.059949533307017333e+01,8.249910200660910686e-02,9.964054758447664639e-01,-1.923605662987140988e-02,3.063834155801270054e+00,-8.329120804322853733e-03,1.999054677210576961e-02,9.997654743920592058e-01,4.983344242440918004e-01,0.000000000000000000e+00,0.000000000000000000e+00,0.000000000000000000e+00,1.000000000000000056e-01
9.965430874956294760e-01,-8.262902836097449355e-02,8.620814161059473998e-03,4.160579678187706065e+01,8.275266263703201508e-02,9.964551928683500481e-01,-1.513424699748428838e-02,3.141528095010203359e+00,-7.339726913163599833e-03,1.579532455572115607e-02,9.998483065600599629e-01,5.240300190255612334e-01,0.000000000000000000e+00,0.000000000000000000e+00,0.000000000000000000e+00,1.000000000000000056e-01
9.964656718503972499e-01,-8.372972955185074839e-02,6.745162185627977258e-03,4.263050802656340466e+01,8.381668996154979789e-02,9.963849541071120308e-01,-1.384867188063876320e-02,3.200224549689955289e+00,-5.561232563553756766e-03,1.436508329742955739e-02,9.998813514983825312e-01,5.293402618153387751e-01,0.000000000000000000e+00,0.000000000000000000e+00,0.000000000000000000e+00,1.000000000000000056e-01
9.965380945286060888e-01,-8.269566006179178419e-02,8.558852740849526297e-03,4.365004518864461147e+01,8.281524345793893349e-02,9.964562888751605785e-01,-1.471393258598126252e-02,3.287494817086546117e+00,-7.311744271873487494e-03,1.537179781571023501e-02,9.998551126176310477e-01,5.424361635623480282e-01,0.000000000000000000e+00,0.000000000000000000e+00,0.000000000000000000e+00,1.000000000000000056e-01
9.966274396486394238e-01,-8.153913308665183823e-02,9.225850360534148392e-03,4.464075342458749418e+01,8.169207569064945718e-02,9.965016070236696333e-01,-1.763383023047315409e-02,3.375706201391583949e+00,-7.755727480442206438e-03,1.832803793975859921e-02,9.998019462456191331e-01,5.605139691649899669e-01,0.000000000000000000e+00,0.000000000000000000e+00,0.000000000000000000e+00,1.000000000000000056e-01
9.964731090758536247e-01,-8.326565816038175583e-02,1.040062785702371845e-02,4.562181164698490932e+01,8.342954709221439558e-02,9.963776220917445192e-01,-1.646647706064546107e-02,3.469724891730057603e+00,-8.991860802404976621e-03,1.727612126373376245e-02,9.998103230480224202e-01,5.716515262529635599e-01,0.000000000000000000e+00,0.000000000000000000e+00,0.000000000000000000e+00,1.000000000000000056e-01
9.958260583966438428e-01,-9.082851867463329065e-02,8.980067570788683243e-03,4.653409351634203972e+01,9.096076699161481649e-02,9.957320238980877924e-01,-1.561651216229700129e-02,3.541814377020317650e+00,-7.523316190437169884e-03,1.636816358635893864e-02,9.998377283011022909e-01,5.827716721301786640e-01,0.000000000000000000e+00,0.000000000000000000e+00,0.000000000000000000e+00,1.000000000000000056e-01
9.960499569680586474e-01,-8.869775428910610382e-02,4.146276401542178802e-03,4.748162045925590036e+01,8.875185161916852861e-02,9.959332947927198587e-01,-1.549132523337974458e-02,3.638313408025018347e+00,-2.755368958546258653e-03,1.579812354004782662e-02,9.998714053489656806e-01,5.817934728302442959e-01,0.000000000000000000e+00,0.000000000000000000e+00,0.000000000000000000e+00,1.000000000000000056e-01
9.962097497191461093e-01,-8.694304371369250550e-02,2.653622866035150723e-03,4.843139450754581077e+01,8.697681332997299342e-02,9.960482909326379142e-01,-1.796763960942393892e-02,3.729863427492015049e+00,-1.080975244500062202e-03,1.813034141901532711e-02,9.998350475016120065e-01,5.859390348989108599e-01,0.000000000000000000e+00,0.000000000000000000e+00,0.000000000000000000e+00,1.000000000000000056e-01
9.963668959182062634e-01,-8.505007224226728002e-02,4.415193076564434896e-03,4.940423702970517184e+01,8.511616522549196595e-02,9.962093280696225905e-01,-1.795029482704148249e-02,3.836450525842211245e+00,-2.871782656292030944e-03,1.826088384104326140e-02,9.998291318949048545e-01,5.978166574648898779e-01,0.000000000000000000e+00,0.000000000000000000e+00,0.000000000000000000e+00,1.000000000000000056e-01
9.964555661905443174e-01,-8.392129397186880169e-02,5.789734533549613718e-03,5.042134745816684926e+01,8.400911979667537166e-02,9.963181181620465177e-01,-1.710775300926824921e-02,3.934447022311105435e+00,-4.332712645635040938e-03,1.753350621311829810e-02,9.998368885778344817e-01,6.218301905467689128e-01,0.000000000000000000e+00,0.000000000000000000e+00,0.000000000000000000e+00,1.000000000000000056e-01
9.965625057728363378e-01,-8.265623228736282413e-02,5.578472176419080851e-03,5.136607587956620335e+01,8.274596528644931337e-02,9.964001245687439390e-01,-1.843629540350636212e-02,4.020918526887171218e+00,-4.034515656096583115e-03,1.883451680954792082e-02,9.998144746201524935e-01,6.295383199401177743e-01,0.000000000000000000e+00,0.000000000000000000e+00,0.000000000000000000e+00,1.000000000000000056e-01
9.966755785721501670e-01,-8.134069697797940979e-02,4.634877884726912312e-03,5.232214488536599362e+01,8.141775119116176351e-02,9.964789785920812326e-01,-2.001986551045410040e-02,4.108719024828868527e+00,-2.990128566445951659e-03,2.033067237498858981e-02,9.997888391515165063e-01,6.457712369352484050e-01,0.000000000000000000e+00,0.000000000000000000e+00,0.000000000000000000e+00,1.000000000000000056e-01
9.966375452055264983e-01,-8.183288050705325722e-02,4.121062316985262680e-03,5.330584174237733919e+01,8.190415866525510569e-02,9.963970807937269081e-01,-2.201286394533711124e-02,4.197440792635577900e+00,-2.304838397556355917e-03,2.227637882730378396e-02,9.997491938812972379e-01,6.683555918234095339e-01,0.000000000000000000e+00,0.000000000000000000e+00,0.000000000000000000e+00,1.000000000000000056e-01
9.966214612811542528e-01,-8.198668276730008975e-02,4.883314717562515193e-03,5.426318085474033381e+01,8.208049315355434028e-02,9.963396416804197742e-01,-2.387699855095190907e-02,4.277121114549622405e+00,-2.907844130276778655e-03,2.419715406709923786e-02,9.997029769774455898e-01,6.688037747583038817e-01,0.000000000000000000e+00,0.000000000000000000e+00,0.000000000000000000e+00,1.000000000000000056e-01
9.965370070745693809e-01,-8.263895444400884416e-02,9.208514498041624544e-03,5.521271498757825213e+01,8.285627611471582665e-02,9.962104701193936762e-01,-2.644875673634781293e-02,4.350223200001359203e+00,-6.987920954159581102e-03,2.712014809873950633e-02,9.996077563363745533e-01,6.862512088685696066e-01,0.000000000000000000e+00,0.000000000000000000e+00,0.000000000000000000e+00,1.000000000000000056e-01
9.963156181161944014e-01,-8.469198533048119537e-02,1.350765407193693646e-02,5.616220981818410962e+01,8.501540150582881372e-02,9.960532829522740217e-01,-2.549978483830609571e-02,4.438225339461413732e+00,-1.129471577988019199e-02,2.655419252733446506e-02,9.995835654184561658e-01,7.127074805463754492e-01,0.000000000000000000e+00,0.000000000000000000e+00,0.000000000000000000e+00,1.000000000000000056e-01
9.961560166912403202e-01,-8.643002069695682188e-02,1.424927830329884675e-02,5.711915220372723212e+01,8.673516388222046736e-02,9.959794724342542205e-01,-2.240316575640532645e-02,4.513141342083484275e+00,-1.225568260708498509e-02,2.355296185001432355e-02,9.996474659758439740e-01,7.106430040350433242e-01,0.000000000000000000e+00,0.000000000000000000e+00,0.000000000000000000e+00,1.000000000000000056e-01
9.961464702014479755e-01,-8.722082261701914752e-02,9.205324937570289606e-03,5.801440351616513169e+01,8.741138549514311518e-02,9.959098992449475496e-01,-2.286312034123866993e-02,4.595651109372899334e+00,-7.173534067337890979e-03,2.357966683244183681e-02,9.996962237205139212e-01,7.231705215659067765e-01,0.000000000000000000e+00,0.000000000000000000e+00,0.000000000000000000e+00,1.000000000000000056e-01
9.959587672342586906e-01,-8.971500657586621574e-02,4.165520892762444513e-03,5.894378267815411476e+01,8.978415617481706745e-02,9.957300196487511856e-01,-2.146003891594145882e-02,4.672977177638563795e+00,-2.222446667935599942e-03,2.174731168190551997e-02,9.997610290291466528e-01,7.383075968500414366e-01,0.000000000000000000e+00,0.000000000000000000e+00,0.000000000000000000e+00,1.000000000000000056e-01
9.959571829846393110e-01,-8.982865213777289914e-02,3.208058799054014322e-04,5.989231378468437583e+01,8.981539974745338106e-02,9.957348948795415877e-01,-2.110007316180168013e-02,4.774194746317739657e+00,1.575953523028697772e-03,2.104358273534283341e-02,9.997773172042632162e-01,7.521944886660795193e-01,0.000000000000000000e+00,0.000000000000000000e+00,0.000000000000000000e+00,1.000000000000000056e-01
9.959262270511177739e-01,-9.017171099036183635e-02,1.131759522076106932e-04,6.079748718699720200e+01,9.016017406833773395e-02,9.957770971622365019e-01,-1.729496398137064447e-02,4.865814018363062488e+00,1.446818472559004403e-03,1.723471218850283412e-02,9.998504245196313533e-01,7.621439073578787360e-01,0.000000000000000000e+00,0.000000000000000000e+00,0.000000000000000000e+00,1.000000000000000056e-01
9.957670066239144857e-01,-9.191279363827467574e-02,3.269324961596559425e-04,6.173764879190714794e+01,9.190623447709422855e-02,9.956390115168861632e-01,-1.600633655522549700e-02,4.958483164870948201e+00,1.145680361396065250e-03,1.596862897326206329e-02,9.998718369397269212e-01,7.812075389749668641e-01,0.000000000000000000e+00,0.000000000000000000e+00,0.000000000000000000e+00,1.000000000000000056e-01
9.956273234103889536e-01,-9.339205947426837406e-02,2.038652942396695141e-03,6.262133424823394279e+01,9.341090615708114164e-02,9.955401915080831499e-01,-1.319582142051544879e-02,5.045314590776562191e+00,-7.971760017755199698e-04,1.332855277979834788e-02,9.999108531220262108e-01,8.039194876491457808e-01,0.000000000000000000e+00,0.000000000000000000e+00,0.000000000000000000e+00,1.000000000000000056e-01
9.955027645852374540e-01,-9.471629172954133813e-02,1.752079950747875746e-03,6.344665301788362655e+01,9.473019161693750634e-02,9.954372674119560394e-01,-1.143841963018546286e-02,5.135457158448722303e+00,-6.606809878421818303e-04,1.155295323379821638e-02,9.999330441445617446e-01,8.208245571283658837e-01,0.000000000000000000e+00,0.000000000000000000e+00,0.000000000000000000e+00,1.000000000000000056e-01
9.952816251244104295e-01,-9.698121789846030072e-02,3.021599682940923678e-03,6.426455088186638420e+01,9.700713931267791745e-02,9.952321820695416710e-01,-1.012515162698418396e-02,5.220502583503754401e+00,-2.025243709602427954e-03,1.037049410732608125e-02,9.999441740616755725e-01,8.340054618630043937e-01,0.000000000000000000e+00,0.000000000000000000e+00,0.000000000000000000e+00,1.000000000000000056e-01
9.953212094049109782e-01,-9.654460432270196846e-02,3.850907025396583909e-03,6.505373246124167963e+01,9.658146782661546081e-02,9.952649859691959922e-01,-1.093744834010788869e-02,5.304572727131371401e+00,-2.776721304304299864e-03,1.125820056265654581e-02,9.999327691094482828e-01,8.497100446090146697e-01,0.000000000000000000e+00,0.000000000000000000e+00,0.000000000000000000e+00,1.000000000000000056e-01
9.952416426205592526e-01,-9.736850166812281715e-02,3.667107420821022305e-03,6.584917117286387622e+01,9.740547921276250520e-02,9.951746568099411050e-01,-1.181418903471359583e-02,5.383661220293393335e+00,-2.499082484266720167e-03,1.211516925678790893e-02,9.999234857030893098e-01,8.633786606692326338e-01,0.000000000000000000e+00,0.000000000000000000e+00,0.000000000000000000e+00,1.000000000000000056e-01
9.952577152161624641e-01,-9.717060158834694983e-02,4.467044846741279399e-03,6.659323523283998725e+01,9.721936336473144258e-02,9.951852147469391063e-01,-1.244121119686347580e-02,5.459659631574202088e+00,-3.236617008601526402e-03,1.281649468643397162e-02,9.999126270701317321e-01,8.812974444355584636e-01,0.000000000000000000e+00,0.000000000000000000e+00,0.000000000000000000e+00,1.000000000000000056e-01
9.952784550292803623e-01,-9.688707116262380847e-02,5.804515144051072828e-03,6.739327914003607134e+01,9.694762621518825119e-02,9.952257572929287255e-01,-1.126276129360580421e-02,5.549863592114309796e+00,-4.685587025015270843e-03,1.177231762420942636e-02,9.999197256840099968e-01,8.844240230776004852e-01,0.000000000000000000e+00,0.000000000000000000e+00,0.000000000000000000e+00,1.000000000000000056e-01
9.950328760644376880e-01,-9.908847445942413346e-02,9.542000850842441775e-03,6.813936178854039838e+01,9.918917025458272307e-02,9.950107373249377218e-01,-1.073038267217429724e-02,5.625888384764176742e+00,-8.431136052800330613e-03,1.162354667852918098e-02,9.998968992388521659e-01,8.937258749440100125e-01,0.000000000000000000e+00,0.000000000000000000e+00,0.000000000000000000e+00,1.000000000000000056e-01
9.948662349160266594e-01,-1.004130178037790505e-01,1.258572522929240524e-02,6.886801240665322155e+01,1.005445096566863622e-01,9.948793545184039244e-01,-1.028938924040139445e-02,5.705491169019226483e+00,-1.148808956727798321e-02,1.150199150503660069e-02,9.998678552636404149e-01,9.080620096381700757e-01,0.000000000000000000e+00,0.000000000000000000e+00,0.000000000000000000e+00,1.000000000000000056e-01
9.948143646358292846e-01,-1.013503484636875951e-01,8.513916871833674543e-03,6.955916066235680262e+01,1.014051222294183596e-01,9.948254695241053325e-01,-6.267884154973971632e-03,5.786021490856109395e+00,-7.834609106274498941e-03,7.098735974280813259e-03,9.999441118621177349e-01,9.224401528555328245e-01,0.000000000000000000e+00,0.000000000000000000e+00,0.000000000000000000e+00,1.000000000000000056e-01
9.948104987154011702e-01,-1.016892529195735223e-01,3.371570297910735526e-03,7.025918135230571693e+01,1.017120504209452631e-01,9.947858306460948263e-01,-7.470605392217519701e-03,5.864076704960732300e+00,-2.594310078197295272e-03,7.774766004076733537e-03,9.999664107202801411e-01,9.251723216159263297e-01,0.000000000000000000e+00,0.000000000000000000e+00,0.000000000000000000e+00,1.000000000000000056e-01
9.948530711655709791e-01,-1.013270927948093925e-01,-4.325022351024918640e-04,7.101136783263325469e+01,1.013193569336927335e-01,9.948147947172986116e-01,-8.826784359093309620e-03,5.943247676387086287e+00,1.324652020061878321e-03,8.737532679827237150e-03,9.999609496473823578e-01,9.530885534460473707e-01,0.000000000000000000e+00,0.000000000000000000e+00,0.000000000000000000e+00,1.000000000000000056e-01
9.946579091146730001e-01,-1.032241952754946873e-01,-6.398010264466870260e-04,7.174155124223284474e+01,1.032161763269800608e-01,9.946287101119096752e-01,-7.755640886249672017e-03,6.025348222215654914e+00,1.436934258991791075e-03,7.648171732201464873e-03,9.999697198861023928e-01,9.633618683241853553e-01,0.000000000000000000e+00,0.000000000000000000e+00,0.000000000000000000e+00,1.000000000000000056e-01
9.944972316388502875e-01,-1.047538681290193924e-01,1.372360984233485280e-03,7.242090617861245505e+01,1.047606003479496645e-01,9.944764624890846116e-01,-6.463912896491921974e-03,6.112806215064912507e+00,-6.876608177019724166e-04,6.572112841718280758e-03,9.999781669893575975e-01,9.741628001846363016e-01,0.000000000000000000e+00,0.000000000000000000e+00,0.000000000000000000e+00,1.000000000000000056e-01
9.944064501897316166e-01,-1.055334279797640884e-01,4.302022768036568336e-03,7.303234549189166103e+01,1.055567963593627145e-01,9.943973702106537749e-01,-5.624309778460142781e-03,6.170008697051315494e+00,-3.684367436180914328e-03,6.046957662824923793e-03,9.999749295555460105e-01,9.899796369812010610e-01,0.000000000000000000e+00,0.000000000000000000e+00,0.000000000000000000e+00,1.000000000000000056e-01
9.943336735364711743e-01,-1.062979656807265805e-01,1.134972953639451845e-03,7.360297035298694368e+01,1.063032568691655855e-01,9.943103975480760415e-01,-6.815490209460395646e-03,6.225143865050331016e+00,-4.040426643570082816e-04,6.897522738354897737e-03,9.999761301799154900e-01,1.000080856915384508e+00,0.000000000000000000e+00,0.000000000000000000e+00,0.000000000000000000e+00,1.000000000000000056e-01
9.945086570403662840e-01,-1.046442665282347473e-01,-1.452086269777423059e-03,7.423664694734853242e+01,1.046207569279293537e-01,9.944452930512696076e-01,-1.153500533167266077e-02,6.282198703705025977e+00,2.651092528416696976e-03,1.131974429668647537e-02,9.999324152648835229e-01,1.018951292894282767e+00,0.000000000000000000e+00,0.000000000000000000e+00,0.000000000000000000e+00,1.000000000000000056e-01
9.945776573059829095e-01,-1.039091883642816738e-01,-4.261943361783500535e-03,7.485320781307041216e+01,1.038295309753528850e-01,9.944678269739954946e-01,-1.591130450521529086e-02,6.336322006676936347e+00,5.891696290632942277e-03,1.538251237918165579e-02,9.998643239098609081e-01,1.040297559232621794e+00,0.000000000000000000e+00,0.000000000000000000e+00,0.000000000000000000e+00,1.000000000000000056e-01
9.951281894489960589e-01,-9.847676358903757754e-02,-4.713130275286237653e-03,7.543843330697441729e+01,9.839990462968987994e-02,9.950422836150131234e-01,-1.443303804082234944e-02,6.390251994415952375e+00,6.111082787113522249e-03,1.389895144421656077e-02,9.998847302644041646e-01,1.053368289107798006e+00,0.000000000000000000e+00,0.000000000000000000e+00,0.000000000000000000e+00,1.000000000000000056e-01
9.955009244799603030e-01,-9.466958132610442389e-02,-3.947116806544192190e-03,7.599736815898100417e+01,9.462201726082247744e-02,9.954539349469476717e-01,-1.086909601257928654e-02,6.467947549059488210e+00,4.958145725673758671e-03,1.044671097418482450e-02,9.999331392752141001e-01,1.056637084118535963e+00,0.000000000000000000e+00,0.000000000000000000e+00,0.000000000000000000e+00,1.000000000000000056e-01
9.961273974027067268e-01,-8.791663247486669608e-02,-9.348144143105751713e-04,7.654484184981696160e+01,8.789375399347693074e-02,9.960231807883345168e-01,-1.457776873266132360e-02,6.506439173787451402e+00,2.212725162361392148e-03,1.443915047944350875e-02,9.998933016981300659e-01,1.074137140988733474e+00,0.000000000000000000e+00,0.000000000000000000e+00,0.000000000000000000e+00,1.000000000000000056e-01
9.967797016962002266e-01,-8.016048378112652917e-02,2.126764305210119936e-03,7.709910722690892726e+01,8.018494320889696381e-02,9.966389280527243599e-01,-1.676967419189884234e-02,6.531387906154332512e+00,-7.753509012909280207e-04,1.688620531357537535e-02,9.998571172428026843e-01,1.088630383848066430e+00,0.000000000000000000e+00,0.000000000000000000e+00,0.000000000000000000e+00,1.000000000000000056e-01
9.974077287914250300e-01,-7.187713193783450139e-02,3.391231564229144069e-03,7.762835275655007194e+01,7.192978774660195584e-02,9.972195411030196910e-01,-1.947543265274565699e-02,6.563273749502557486e+00,-1.981964141926853204e-03,1.966887761601998630e-02,9.998045844421129535e-01,1.102651146909003899e+00,0.000000000000000000e+00,0.000000000000000000e+00,0.000000000000000000e+00,1.000000000000000056e-01
9.982164912812488966e-01,-5.955824614783296334e-02,4.080667830946507410e-03,7.810625279881409710e+01,5.961730308627878616e-02,9.980878133999590007e-01,-1.632464135003898822e-02,6.595041515582479974e+00,-3.100597824800238600e-03,1.653880462073267429e-02,9.998584170945634675e-01,1.114026224673695609e+00,0.000000000000000000e+00,0.000000000000000000e+00,0.000000000000000000e+00,1.000000000000000056e-01
9.989716498947478485e-01,-4.520691733341333091e-02,3.460828192105528528e-03,7.859064316671633321e+01,4.524668171263785538e-02,9.988984590006325659e-01,-1.243408220002081843e-02,6.625615459277414132e+00,-2.894909421826950303e-03,1.257788660195203675e-02,9.999167046649775070e-01,1.119244530798984893e+00,0.000000000000000000e+00,0.000000000000000000e+00,0.000000000000000000e+00,1.000000000000000056e-01
9.996139957139211774e-01,-2.766370395637992100e-02,2.564967107496091917e-03,7.905504296947083276e+01,2.768183617131487681e-02,9.995899394697116414e-01,-7.325903160893519790e-03,6.637459472452071019e+00,-2.361253699467753906e-03,7.394078330128534861e-03,9.999698755895672919e-01,1.118755187031124754e+00,0.000000000000000000e+00,0.000000000000000000e+00,0.000000000000000000e+00,1.000000000000000056e-01
9.999771420496094132e-01,-5.445721235246712456e-03,4.007430414012485079e-03,7.953699436132731648e+01,5.474335089133450065e-03,9.999593520379367328e-01,-7.164211554775420238e-03,6.655911278055455682e+00,-3.968253221135404837e-03,7.185985812515803539e-03,9.999663067195190269e-01,1.133256868469984413e+00,0.000000000000000000e+00,0.000000000000000000e+00,0.000000000000000000e+00,1.000000000000000056e-01
9.997969656574879904e-01,1.950542827619289321e-02,5.056256504768297765e-03,8.001579403674212188e+01,-1.945694598069330067e-02,9.997658770312295440e-01,-9.466698319947361093e-03,6.641679152173285416e+00,-5.239724724076625338e-03,9.366396945400404586e-03,9.999424062880206687e-01,1.147271599813757703e+00,0.000000000000000000e+00,0.000000000000000000e+00,0.000000000000000000e+00,1.000000000000000056e-01
9.988203004453740652e-01,4.812206405388620711e-02,6.501874299493948239e-03,8.048866860978763782e+01,-4.804836608807316889e-02,9.987838660924370782e-01,-1.105184824864878686e-02,6.634066139056682410e+00,-7.025804899030929640e-03,1.072640595159134354e-02,9.999177877610151421e-01,1.153686722211520133e+00,0.000000000000000000e+00,0.000000000000000000e+00,0.000000000000000000e+00,1.000000000000000056e-01
9.967621981019085808e-01,7.983404808172470113e-02,9.573150052961120621e-03,8.098944602071212273e+01,-7.972469440514026728e-02,9.967527848975610283e-01,-1.130747102421642350e-02,6.591079704080012647e+00,-1.044478516096123202e-02,1.050764321060472517e-02,9.998902419251325391e-01,1.159178820972974977e+00,0.000000000000000000e+00,0.000000000000000000e+00,0.000000000000000000e+00,1.000000000000000056e-01
