1.000000000000000000e+00,-2.466223284163907228e-13,1.096107955038092245e-13,1.776559805214250855e-20,2.466223284163934491e-13,1.000000000000000000e+00,-2.444453473701417289e-14,5.610797279628477397e-20,-1.096107955038031913e-13,2.444453473704120242e-14,1.000000000000000000e+00,-3.369245991468913459e-20,0.000000000000000000e+00,0.000000000000000000e+00,0.000000000000000000e+00,1.000000000000000056e-01
9.999966548044445513e-01,-2.141239796649233203e-03,-1.451024484238071276e-03,6.253726553172972435e-01,2.138470134948383151e-03,9.999958939311208717e-01,-1.907633712330546486e-03,-3.159556673643855104e-03,1.455103227453865547e-03,1.904524358398108604e-03,9.999971277266578307e-01,1.251645190796131513e-02,0.000000000000000000e+00,0.000000000000000000e+00,0.000000000000000000e+00,1.000000000000000056e-01
9.999870155133149252e-01,-4.287137090211425895e-03,-2.754861220275138783e-03,1.256102164928726506e+00,4.287177527726208741e-03,9.999908099737079281e-01,8.773442980100513365e-06,-8.434400695666744580e-03,2.754798290075284681e-03,-2.058390817701493054e-05,9.999962053241421289e-01,1.951476943677297321e-02,0.000000000000000000e+00,0.000000000000000000e+00,0.000000000000000000e+00,1.000000000000000056e-01
9.999636806662941524e-01,-8.375425080441336462e-03,-1.577847597053346710e-03,1.986087811410093718e+00,8.376256020969644750e-03,9.999647829524813680e-01,5.207589346760468094e-04,-6.773046921739501146e-03,1.573430452477194395e-03,-5.339564764935085311e-04,9.999986196025935081e-01,2.649731072514317429e-02,0.000000000000000000e+00,0.000000000000000000e+00,0.000000000000000000e+00,1.000000000000000056e-01
9.999079059775934919e-01,-1.332915191490464425e-02,-2.552111426533050335e-03,2.702565056391029064e+00,1.332519817535464911e-02,9.999099987113631016e-01,-1.559990586288135909e-03,-9.023714166015562796e-03,2.572675084726373448e-03,1.525839529955988570e-03,9.999955265683128092e-01,2.484958206762642383e-02,0.000000000000000000e+00,0.000000000000000000e+00,0.000000000000000000e+00,1.000000000000000056e-01
9.997970516555504394e-01,-1.995128739692126479e-02,-2.793140181580365707e-03,3.449169381675986745e+00,1.995122330629479218e-02,9.998009532436598068e-01,-5.080995432779809536e-05,-4.966448552887022666e-03,2.793597940088637238e-03,-4.926920956808955848e-06,9.999960978855240157e-01,3.524847096805962948e-02,0.000000000000000000e+00,0.000000000000000000e+00,0.000000000000000000e+00,1.000000000000000056e-01
9.997039719458221674e-01,-2.419738733420585125e-02,-2.540653842084795045e-03,4.197349311103447889e+00,2.419899777817850067e-02,9.997069782798407855e-01,6.050496851970545587e-04,1.548886466884757777e-02,2.525268753736505719e-03,-6.663518501957954154e-04,9.999965894906507335e-01,5.164977745278472726e-02,0.000000000000000000e+00,0.000000000000000000e+00,0.000000000000000000e+00,1.000000000000000056e-01
9.995417833493852600e-01,-3.005987543872587139e-02,-3.553481017101263809e-03,4.965402353225279342e+00,3.006930444458665377e-02,9.995443549291910257e-01,2.630486534097289855e-03,3.828139973856298922e-02,3.472789793433398407e-03,-2.736131903909426195e-03,9.999902266088679381e-01,6.653605510298137016e-02,0.000000000000000000e+00,0.000000000000000000e+00,0.000000000000000000e+00,1.000000000000000056e-01
9.994200723563834154e-01,-3.387963978344016996e-02,-3.418914931052144130e-03,5.750957241454066171e+00,3.388520582559016031e-02,9.994244771895407498e-01,1.583420528672210489e-03,8.700737126061010296e-02,3.363301550385184874e-03,-1.698352895475048908e-03,9.999929018748701104e-01,6.355269096311408350e-02,0.000000000000000000e+00,0.000000000000000000e+00,0.000000000000000000e+00,1.000000000000000056e-01
9.993532998375737053e-01,-3.590984366087889706e-02,-1.861513363840212269e-03,6.539539725524461389e+00,3.591245624849908474e-02,9.993539736159171571e-01,1.389569817023170693e-03,1.235807705500513026e-01,1.810411542207670740e-03,-1.455522699231707150e-03,9.999973019282201170e-01,6.699812211028648157e-02,0.000000000000000000e+00,0.000000000000000000e+00,0.000000000000000000e+00,1.000000000000000056e-01
9.993124990109533146e-01,-3.699996308227643249e-02,2.352031546035038018e-03,7.326187388839239922e+00,3.700028838487803839e-02,9.993152503828487410e-01,-9.492997556215541704e-05,1.664307454665723829e-01,-2.346908587743161845e-03,1.818905566036931845e-04,9.999972294641151782e-01,8.163135287185312172e-02,0.000000000000000000e+00,0.000000000000000000e+00,0.000000000000000000e+00,1.000000000000000056e-01
9.990735873750163920e-01,-4.292451463146648716e-02,3.074581803835986765e-03,8.128389942475470420e+00,4.292212845034150404e-02,9.990780693830433323e-01,8.379541414632739500e-04,2.084168879379088846e-01,-3.107716027542430526e-03,-7.052102550521343119e-04,9.999949223769030171e-01,7.317022993230955230e-02,0.000000000000000000e+00,0.000000000000000000e+00,0.000000000000000000e+00,1.000000000000000056e-01
9.989546531553560316e-01,-4.557788281211474363e-02,3.501076638315944907e-03,8.962528246770673945e+00,4.556177366533426670e-02,9.989511571189421124e-01,4.550875871255541903e-03,2.615121433722609190e-01,-3.704823846160374724e-03,-4.386603366143218379e-03,9.999835158597251139e-01,7.871779062775885460e-02,0.000000000000000000e+00,0.000000000000000000e+00,0.000000000000000000e+00,1.000000000000000056e-01
9.989601478560571346e-01,-4.553226598435276135e-02,2.331469436759818058e-03,9.743209930943628194e+00,4.552811431132793712e-02,9.989614290953725551e-01,1.803881089633032134e-03,3.073156554289716569e-01,-2.411182834015086155e-03,-1.695857912984391046e-03,9.999956551222010104e-01,9.732439334094900030e-02,0.000000000000000000e+00,0.000000000000000000e+00,0.000000000000000000e+00,1.000000000000000056e-01
9.988963103283480249e-01,-4.685574646020485012e-02,3.271121530853864871e-03,1.052503488811643706e+01,4.685431214408823652e-02,9.989016014894062101e-01,5.137853674656016768e-04,3.587471308995778818e-01,-3.291602332749334840e-03,-3.599521585942093514e-04,9.999945178792364331e-01,9.738120286557758187e-02,0.000000000000000000e+00,0.000000000000000000e+00,0.000000000000000000e+00,1.000000000000000056e-01
9.987210527548746608e-01,-5.050225272480324268e-02,2.404423821830368665e-03,1.128528071872753280e+01,5.050728035461768406e-02,9.987215304412384587e-01,-2.078283977352351174e-03,4.059716077947895796e-01,-2.296391816509639472e-03,2.197066869845436254e-03,9.999949497281446220e-01,1.080439242552310997e-01,0.000000000000000000e+00,0.000000000000000000e+00,0.000000000000000000e+00,1.000000000000000056e-01
9.984740613786972085e-01,-5.520814707753109868e-02,1.268562255219635778e-03,1.211387848286796221e+01,5.520603269007048203e-02,9.984736284442240484e-01,1.645374136331269419e-03,4.688538356327169865e-01,-1.357464015192680080e-03,-1.572831107059103999e-03,9.999978417445489765e-01,1.192610333151229718e-01,0.000000000000000000e+00,0.000000000000000000e+00,0.000000000000000000e+00,1.000000000000000056e-01
9.983695766329189203e-01,-5.705399350972974876e-02,-1.740769484446895009e-03,1.295744192575757303e+01,5.705797332170333552e-02,9.983681495973711906e-01,2.329280992255573692e-03,5.344484457843785563e-01,1.605034026448330046e-03,-2.424808056900108841e-03,9.999957720768929414e-01,1.218337720559956872e-01,0.000000000000000000e+00,0.000000000000000000e+00,0.000000000000000000e+00,1.000000000000000056e-01
9.983439511831431190e-01,-5.746128913948260475e-02,-2.748706324576479475e-03,1.384465833366792431e+01,5.747265996169419189e-02,9.983380173921364564e-01,4.253984774979620992e-03,5.860886237808535792e-01,2.499698573320848112e-03,-4.404915432453030549e-03,9.999871740312850088e-01,1.322086545142945879e-01,0.000000000000000000e+00,0.000000000000000000e+00,0.000000000000000000e+00,1.000000000000000056e-01
9.977891681349476682e-01,-6.632374471234790680e-02,-4.235190656925454794e-03,1.477050921962103835e+01,6.635649276369649796e-02,9.977628822183934876e-01,8.126914257317048584e-03,6.801305744964900590e-01,3.686708650096916316e-03,-8.389979414491571807e-03,9.999580073306847394e-01,1.474624870558097767e-01,0.000000000000000000e+00,0.000000000000000000e+00,0.000000000000000000e+00,1.000000000000000056e-01
9.974656363381251278e-01,-7.107368298681243646e-02,-3.291794536306726256e-03,1.572568604264007597e+01,7.108948801116612981e-02,9.974575958720711677e-01,4.962774568555297985e-03,7.490597587882845687e-01,2.930702797868812125e-03,-5.184209081250673243e-03,9.999822673214322499e-01,1.383702130884532644e-01,0.000000000000000000e+00,0.000000000000000000e+00,0.000000000000000000e+00,1.000000000000000056e-01
9.970447299014029152e-01,-7.680430766700600820e-02,-1.704376610476093790e-03,1.665074159259052067e+01,7.680741063778433186e-02,9.970442561518889635e-01,1.836558097410278482e-03,8.457713203533896440e-01,1.558283336632984659e-03,-1.962039326382938095e-03,9.999968610724357942e-01,1.485798086683407515e-01,0.000000000000000000e+00,0.000000000000000000e+00,0.000000000000000000e+00,1.000000000000000056e-01
9.968946176923825231e-01,-7.874554405764780385e-02,5.103988867860118246e-04,1.754606959967172131e+01,7.874291281261017184e-02,9.968870465246991719e-01,3.971165200294254731e-03,9.441203547717694766e-01,-8.215216030375705868e-04,-3.918642919098790957e-03,9.999919846378411137e-01,1.770073072411227633e-01,0.000000000000000000e+00,0.000000000000000000e+00,0.000000000000000000e+00,1.000000000000000056e-01
9.967840408258600293e-01,-8.012514669710089910e-02,1.239686104689125250e-03,1.848064280114149582e+01,8.011658884658683089e-02,9.967682657789743716e-01,5.861444153351724924e-03,1.022454042364168592e+00,-1.705328841325442785e-03,-5.743274566304838562e-03,9.999820531643550670e-01,1.932582823234131053e-01,0.000000000000000000e+00,0.000000000000000000e+00,0.000000000000000000e+00,1.000000000000000056e-01
9.964795021805982200e-01,-8.382703202707574019e-02,1.276885053032416955e-03,1.941941754191159575e+01,8.382099732536811565e-02,9.964719257301329902e-01,4.212082508799843208e-03,1.107895039414522387e+00,-1.625466483097085446e-03,-4.090224102897440511e-03,9.999903139158400345e-01,2.111561368926092863e-01,0.000000000000000000e+00,0.000000000000000000e+00,0.000000000000000000e+00,1.000000000000000056e-01
9.963778106799138223e-01,-8.503084874177418984e-02,1.006552013258453981e-03,2.035591007998267443e+01,8.502478175359312607e-02,9.963661764675805221e-01,5.022835765594515535e-03,1.182723463065689096e+00,-1.429990369105112050e-03,-4.919060238276891546e-03,9.999868789008765635e-01,2.191044400559995775e-01,0.000000000000000000e+00,0.000000000000000000e+00,0.000000000000000000e+00,1.000000000000000056e-01
9.966167766030272768e-01,-8.208469671430167203e-02,4.135596536498700564e-03,2.128379689201057445e+01,8.205921465823710903e-02,9.966094253346396981e-01,5.994883137516865412e-03,1.275338168269985362e+00,-4.613662651836649038e-03,-5.635237304695492333e-03,9.999734787570392358e-01,2.326387809353408498e-01,0.000000000000000000e+00,0.000000000000000000e+00,0.000000000000000000e+00,1.000000000000000056e-01
9.967595334392115314e-01,-8.005208199329597041e-02,7.880143817462182190e-03,2.222843292441795882e+01,8.000561108203921301e-02,9.967760762312951606e-01,6.046159800469043215e-03,1.363230095877351111e+00,-8.338746514599969586e-03,-5.396111700284024655e-03,9.999506724259368262e-01,2.239749997466949638e-01,0.000000000000000000e+00,0.000000000000000000e+00,0.000000000000000000e+00,1.000000000000000056e-01
9.967956824361116075e-01,-7.911235122277508747e-02,1.181538660944854088e-02,2.318951479283791173e+01,7.904463676840052522e-02,9.968524579125651597e-01,6.092827900827785075e-03,1.450567063081189323e+00,-1.226021512364619884e-02,-5.139361602549331019e-03,9.999116331393690382e-01,2.336584896477494344e-01,0.000000000000000000e+00,0.000000000000000000e+00,0.000000000000000000e+00,1.000000000000000056e-01
9.968917296179047316e-01,-7.723503975389449383e-02,1.554438978013486169e-02,2.412016032663436249e+01,7.715998072495051929e-02,9.970042482075460732e-01,5.372748889643193422e-03,1.527261515794263502e+00,-1.591278712066770615e-02,-4.156644117582756169e-03,9.998647436107206410e-01,2.398275164201800758e-01,0.000000000000000000e+00,0.000000000000000000e+00,0.000000000000000000e+00,1.000000000000000056e-01
9.971158589309807585e-01,-7.495588798428913513e-02,1.189868584420815910e-02,2.507936435270110209e+01,7.491319537198669332e-02,9.971820574430603212e-01,3.994680560901235633e-03,1.591788958459949166e+00,-1.216458085965204002e-02,-3.091790761320870138e-03,9.999212287987475634e-01,2.425636275212247894e-01,0.000000000000000000e+00,0.000000000000000000e+00,0.000000000000000000e+00,1.000000000000000056e-01
9.971835249249477728e-01,-7.446435708610127380e-02,8.948583240361488930e-03,2.604290080499104576e+01,7.442947235788510696e-02,9.972175589568369469e-01,4.170581817242150283e-03,1.665282298699882535e+00,-9.234244028771267446e-03,-3.492797148574702630e-03,9.999512633650181614e-01,2.358801935692104446e-01,0.000000000000000000e+00,0.000000000000000000e+00,0.000000000000000000e+00,1.000000000000000056e-01
9.973398756836775458e-01,-7.246665578914890382e-02,7.858509400869998288e-03,2.698520278761733238e+01,7.243554002082785992e-02,9.973643587577492031e-01,4.174736115589712353e-03,1.741587920440305748e+00,-8.140326354489418534e-03,-3.594395426323632008e-03,9.999604069203748002e-01,2.494732268339120707e-01,0.000000000000000000e+00,0.000000000000000000e+00,0.000000000000000000e+00,1.000000000000000056e-01
9.973782630540740657e-01,-7.185347383279364064e-02,8.583628917791658042e-03,2.794056300438532858e+01,7.184858003177216346e-02,9.974151650466096530e-01,8.775434247803156826e-04,1.810545663416608164e+00,-8.624496197247609464e-03,-2.585211874989268126e-04,9.999627749232165019e-01,2.592720425583823762e-01,0.000000000000000000e+00,0.000000000000000000e+00,0.000000000000000000e+00,1.000000000000000056e-01
9.975017426701892065e-01,-6.921801169003914678e-02,1.411170534036445233e-02,2.894415202896371753e+01,6.928363267301106132e-02,9.975880977066291511e-01,-4.214920841515442003e-03,1.897410666584936845e+00,-1.378592084581004885e-02,5.182101093820132807e-03,9.998915412256903501e-01,2.643770086003139896e-01,0.000000000000000000e+00,0.000000000000000000e+00,0.000000000000000000e+00,1.000000000000000056e-01
9.974041363192704956e-01,-6.983144094387484790e-02,1.756583926011217461e-02,2.992378913496841619e+01,6.999217076211215749e-02,9.975095376707749928e-01,-8.707369743162801656e-03,1.931644582797095389e+00,-1.691404402315748595e-02,9.914237819365429027e-03,9.998077930298622240e-01,2.602588169120163553e-01,0.000000000000000000e+00,0.000000000000000000e+00,0.000000000000000000e+00,1.000000000000000056e-01
9.972294705130028136e-01,-7.159812091118528121e-02,2.017652651828992505e-02,3.083923260355576090e+01,7.189728524613325789e-02,9.973064474370353372e-01,-1.451310699871184023e-02,1.986583241982052606e+00,-1.908306879388411981e-02,1.592353549018562728e-02,9.996910910390772731e-01,2.685853079875067939e-01,0.000000000000000000e+00,0.000000000000000000e+00,0.000000000000000000e+00,1.000000000000000056e-01
9.974455603034956264e-01,-7.010871422963205202e-02,1.367926971418285780e-02,3.175429669202183902e+01,7.029541942314013192e-02,9.974323903038786465e-01,-1.368140273568497524e-02,2.052212248330172351e+00,-1.268496113397221854e-02,1.460804441939382060e-02,9.998128308834962619e-01,2.541351879038858397e-01,0.000000000000000000e+00,0.000000000000000000e+00,0.000000000000000000e+00,1.000000000000000056e-01
9.974860961974757467e-01,-6.988630368827987438e-02,1.172145253412374202e-02,3.274052225457061382e+01,7.005724981114964944e-02,9.974321501201122153e-01,-1.486901663420248793e-02,2.101422118620451585e+00,-1.065221299159792301e-02,1.565281008507861046e-02,9.998207438810329251e-01,2.584236738918826437e-01,0.000000000000000000e+00,0.000000000000000000e+00,0.000000000000000000e+00,1.000000000000000056e-01
9.973004667486663477e-01,-7.277824565928349421e-02,9.752229573238669486e-03,3.368969379654286200e+01,7.287285115251872225e-02,9.972938317197704849e-01,-9.724236659035765881e-03,2.182913853539667048e+00,-9.018125514485740568e-03,1.040865853292667446e-02,9.999051621227634801e-01,2.473504151040227250e-01,0.000000000000000000e+00,0.000000000000000000e+00,0.000000000000000000e+00,1.000000000000000056e-01
9.969803088517465994e-01,-7.682712131426411295e-02,1.130739547550229686e-02,3.464337615785810698e+01,7.695997530586010105e-02,9.969640671014778910e-01,-1.182417478732949827e-02,2.261845326541635171e+00,-1.036464967075439135e-02,1.265868630795704934e-02,9.998661568920909071e-01,2.598509657187677568e-01,0.000000000000000000e+00,0.000000000000000000e+00,0.000000000000000000e+00,1.000000000000000056e-01
9.969436134827823759e-01,-7.723257845400040289e-02,1.177116651989890996e-02,3.562120252246467089e+01,7.736930212195637646e-02,9.969345638271412957e-01,-1.163900923398900923e-02,2.338190911762588531e+00,-1.083617206646117666e-02,1.251416286189839001e-02,9.998629771637771446e-01,2.520878774742006390e-01,0.000000000000000000e+00,0.000000000000000000e+00,0.000000000000000000e+00,1.000000000000000056e-01
9.969754445624389172e-01,-7.673869665095453541e-02,1.229371285820517364e-02,3.659869126969009301e+01,7.687174757096487676e-02,9.969831208273910450e-01,-1.074203009964057494e-02,2.411989407608946756e+00,-1.143229482269748042e-02,1.165457942563813583e-02,9.998667278260130464e-01,2.541403789718539863e-01,0.000000000000000000e+00,0.000000000000000000e+00,0.000000000000000000e+00,1.000000000000000056e-01
9.969039297963383506e-01,-7.760442439574058437e-02,1.265338179393271298e-02,3.759642391735526701e+01,7.771802650243903043e-02,9.969370051185463266e-01,-8.747352846987766287e-03,2.495833485710643007e+00,-1.193579126758789050e-02,9.703666290083635612e-03,9.998816808739658946e-01,2.566710160928211137e-01,0.000000000000000000e+00,0.000000000000000000e+00,0.000000000000000000e+00,1.000000000000000056e-01
9.967886131680996353e-01,-7.858353267392817476e-02,1.539769628555891917e-02,3.858811145372734330e+01,7.874824351712747528e-02,9.968402957046491597e-01,-1.039899045267859631e-02,2.576743665104556325e+00,-1.453185471245299620e-02,1.157813680837176812e-02,9.998273710729581598e-01,2.733715938052607153e-01,0.000000000000000000e+00,0.000000000000000000e+00,0.000000000000000000e+00,1.000000000000000056e-01
9.966538734337101468e-01,-8.031447483312337265e-02,1.518689243596922991e-02,3.960841317320785748e+01,8.042961385163216459e-02,9.967348028250602177e-01,-7.128117070146328636e-03,2.632630729624238608e+00,-1.456481325865336546e-02,8.325741382481566602e-03,9.998592642193062652e-01,2.657616735792611706e-01,0.000000000000000000e+00,0.000000000000000000e+00,0.000000000000000000e+00,1.000000000000000056e-01
9.963242759629549194e-01,-8.395927385072111948e-02,1.699345348518985221e-02,4.062479846175439491e+01,8.416198540455109567e-02,9.963847237971737991e-01,-1.158630210178859463e-02,2.724882136919283049e+00,-1.595923994611975899e-02,1.297391683684604932e-02,9.997884676981689811e-01,2.769279448999336091e-01,0.000000000000000000e+00,0.000000000000000000e+00,0.000000000000000000e+00,1.000000000000000056e-01
9.964296781534726088e-01,-8.296642969598273798e-02,1.563547372063410143e-02,4.164706768045252971e+01,8.316834987674524837e-02,9.964540902223997243e-01,-1.273858931863697946e-02,2.818204987600394951e+00,-1.452315646636000157e-02,1.399348500378506249e-02,9.997966094679969773e-01,2.894572266972896823e-01,0.000000000000000000e+00,0.000000000000000000e+00,0.000000000000000000e+00,1.000000000000000056e-01
9.962906047791028064e-01,-8.471657940783368368e-02,1.510403927185611540e-02,4.270444594243562619e+01,8.491459612029346460e-02,9.963035689318808785e-01,-1.298883748933271978e-02,2.908147855002999105e+00,-1.394783834925703188e-02,1.422321015217949125e-02,9.998015593598311712e-01,2.983004873267107171e-01,0.000000000000000000e+00,0.000000000000000000e+00,0.000000000000000000e+00,1.000000000000000056e-01
9.964112361097724468e-01,-8.385528118030201317e-02,1.152997711913585945e-02,4.377773910194558482e+01,8.400951769648883072e-02,9.963719375976415327e-01,-1.361480460105590762e-02,2.988394841507526767e+00,-1.034647237461345549e-02,1.453457209876128989e-02,9.998408356950156950e-01,3.049138014815209741e-01,0.000000000000000000e+00,0.000000000000000000e+00,0.000000000000000000e+00,1.000000000000000056e-01
9.964435704964403895e-01,-8.333659726490465214e-02,1.245882709618305675e-02,4.481116808046327549e+01,8.351482772568023794e-02,9.964004025627852812e-01,-1.454342884842989292e-02,3.065106538451192630e+00,-1.120198046130453651e-02,1.553220296759218189e-02,9.998166163375752369e-01,3.125758203510067279e-01,0.000000000000000000e+00,0.000000000000000000e+00,0.000000000000000000e+00,1.000000000000000056e-01
9.964139370620986869e-01,-8.334585438672846569e-02,1.458542371528069419e-02,4.581820300103272103e+01,8.355305216368615062e-02,9.964018065003705793e-01,-1.422418633631970623e-02,3.163014599096024781e+00,-1.334741557532243515e-02,1.539183417738954236e-02,9.997924474300230457e-01,3.250978764952526801e-01,0.000000000000000000e+00,0.000000000000000000e+00,0.000000000000000000e+00,1.000000000000000056e-01
9.959981674865358015e-01,-8.851121209528979572e-02,1.238610902928345518e-02,4.676449257233286971e+01,8.865735973697554118e-02,9.959923613127226183e-01,-1.179359025808293486e-02,3.240655874733706199e+00,-1.129260501085473968e-02,1.284451400908824710e-02,9.998537370695471660e-01,3.385136991419169794e-01,0.000000000000000000e+00,0.000000000000000000e+00,0.000000000000000000e+00,1.000000000000000056e-01
9.962152967269883863e-01,-8.664784183296321551e-02,6.872704914974851406e-03,4.772094588823363637e+01,8.672773081207517387e-02,9.961557338570600217e-01,-1.233104261165647413e-02,3.343952376976079943e+00,-5.777826178309457272e-03,1.288042737614125514e-02,9.999003506926383844e-01,3.323459398749831206e-01,0.000000000000000000e+00,0.000000000000000000e+00,0.000000000000000000e+00,1.000000000000000056e-01
9.962785055082062913e-01,-8.605065692636079677e-02,4.942054722148283424e-03,4.866922115780939606e+01,8.610773058360196575e-02,9.962034409731496121e-01,-1.281260812630054952e-02,3.429501452547395690e+00,-3.820758573473531303e-03,1.319047519227717347e-02,9.999057021380192145e-01,3.398264042307558852e-01,0.000000000000000000e+00,0.000000000000000000e+00,0.000000000000000000e+00,1.000000000000000056e-01
9.963514471221562863e-01,-8.515383324470217341e-02,5.711260921947104718e-03,4.963554337660499982e+01,8.522719483580602773e-02,9.962611364206240827e-01,-1.414472757977890648e-02,3.534275632122720445e+00,-4.485429522873491878e-03,1.457987454061429773e-02,9.998836473212147080e-01,3.466016517486427695e-01,0.000000000000000000e+00,0.000000000000000000e+00,0.000000000000000000e+00,1.000000000000000056e-01
9.967572540548571558e-01,-7.994647851781613856e-02,9.139861137969452695e-03,5.064448054117035269e+01,8.008917471845791725e-02,9.966513200380842097e-01,-1.648849172182056261e-02,3.613488267210043237e+00,-7.791057818892324280e-03,1.716702766772938704e-02,9.998222804974482569e-01,3.622810233089114873e-01,0.000000000000000000e+00,0.000000000000000000e+00,0.000000000000000000e+00,1.000000000000000056e-01
9.968108351685377455e-01,-7.932458512715280519e-02,8.704543928737431061e-03,5.158882231657360506e+01,7.945456958673301207e-02,9.967137366463062476e-01,-1.577017921092328454e-02,3.698401926246082105e+00,-7.424975581726464199e-03,1.641150130130459087e-02,9.998377530192826823e-01,3.662182696566507745e-01,0.000000000000000000e+00,0.000000000000000000e+00,0.000000000000000000e+00,1.000000000000000056e-01
9.968820066313579531e-01,-7.774140263691689534e-02,1.351070578030864194e-02,5.253751630478394219e+01,7.797891532511150303e-02,9.967916971502771561e-01,-1.804442454026271639e-02,3.780590118919594733e+00,-1.206456047091588463e-02,1.904171232623039570e-02,9.997458975021246141e-01,3.927543910170931407e-01,0.000000000000000000e+00,0.000000000000000000e+00,0.000000000000000000e+00,1.000000000000000056e-01
9.970590215221125652e-01,-7.533089184846543385e-02,1.409128577108347512e-02,5.353560247347022027e+01,7.557242347775915137e-02,9.969871943703048078e-01,-1.747406853958836243e-02,3.876600540597026523e+00,-1.273249429867430969e-02,1.848759029573074364e-02,9.997480145486619119e-01,4.201518274666705688e-01,0.000000000000000000e+00,0.000000000000000000e+00,0.000000000000000000e+00,1.000000000000000056e-01
9.970658268540228963e-01,-7.495804121292320987e-02,1.552510796823245408e-02,5.450318979706914035e+01,7.526133127049791649e-02,9.969638461240895033e-01,-1.997051668974101149e-02,3.939523092850101715e+00,-1.398102053842779739e-02,2.108036002976607440e-02,9.996800235503956467e-01,4.148807367857392792e-01,0.000000000000000000e+00,0.000000000000000000e+00,0.000000000000000000e+00,1.000000000000000056e-01
9.969687183314914769e-01,-7.551165137730650456e-02,1.874473725437025146e-02,5.543917086134966610e+01,7.585190568555663648e-02,9.969537621493171908e-01,-1.815721730310427759e-02,4.014756012896095960e+00,-1.731655486327087629e-02,1.952400170546128230e-02,9.996594171441953725e-01,4.240088073961403858e-01,0.000000000000000000e+00,0.000000000000000000e+00,0.000000000000000000e+00,1.000000000000000056e-01
9.969647056308282851e-01,-7.424550882292575704e-02,2.343032535115194964e-02,5.638335054195050589e+01,7.462745518985210158e-02,9.970851935470518290e-01,-1.587008951218676911e-02,4.099413258321331632e+00,-2.218374761672605583e-02,1.757046467407892554e-02,9.995994998562245382e-01,4.350360196994105255e-01,0.000000000000000000e+00,0.000000000000000000e+00,0.000000000000000000e+00,1.000000000000000056e-01
9.968884266005514361e-01,-7.461152168006195129e-02,2.542805030792820442e-02,5.734083828967644081e+01,7.498671310528766398e-02,9.970843580875977663e-01,-1.413420371681670118e-02,4.165575560794096077e+00,-2.429933677165205252e-02,1.599699001777650162e-02,9.995767296925378576e-01,4.196161216300740016e-01,0.000000000000000000e+00,0.000000000000000000e+00,0.000000000000000000e+00,1.000000000000000056e-01
9.969098784247772960e-01,-7.533135047652275706e-02,2.226840664437121364e-02,5.822622366555819440e+01,7.558581341940148746e-02,9.970806593895231718e-01,-1.081404092284766680e-02,4.233093555326955304e+00,-2.138876127369718910e-02,1.246379985144543609e-02,9.996935403334563652e-01,4.211196560058032001e-01,0.000000000000000000e+00,0.000000000000000000e+00,0.000000000000000000e+00,1.000000000000000056e-01
9.970621304805282747e-01,-7.486582320428493420e-02,1.619309969013599249e-02,5.912724915046602803e+01,7.498015528751898751e-02,9.971633710867909839e-01,-6.571733096097774444e-03,4.311982460074183621e+00,-1.565516766724227293e-02,7.766587331097317241e-03,9.998472862625267243e-01,4.249349441764233570e-01,0.000000000000000000e+00,0.000000000000000000e+00,0.000000000000000000e+00,1.000000000000000056e-01
9.971463018917224863e-01,-7.489497657957540355e-02,9.486575083067740749e-03,6.011341614921099819e+01,7.496161292970431045e-02,9.971627232297944898e-01,-6.874590018130331305e-03,4.375244402882684902e+00,-8.944786785553687780e-03,7.566100983005911128e-03,9.999313700976062425e-01,4.286139061486311519e-01,0.000000000000000000e+00,0.000000000000000000e+00,0.000000000000000000e+00,1.000000000000000056e-01
9.972948099572377378e-01,-7.288909102073727608e-02,9.499602229969117753e-03,6.103626736339073489e+01,7.292748323012653022e-02,9.973301609887744723e-01,-3.759278098895322499e-03,4.456437197123492844e+00,-9.200229457821776022e-03,4.441890619533162173e-03,9.999478113309951954e-01,4.357563505706076867e-01,0.000000000000000000e+00,0.000000000000000000e+00,0.000000000000000000e+00,1.000000000000000056e-01
9.970866130570074093e-01,-7.547737760532359508e-02,1.102050508502155218e-02,6.197976761240173005e+01,7.550980472425332379e-02,9.971417833977576084e-01,-2.556011119827016325e-03,4.536218279914848495e+00,-1.079608507796785827e-02,3.380720657336986745e-03,9.999360055897709154e-01,4.370250329001185152e-01,0.000000000000000000e+00,0.000000000000000000e+00,0.000000000000000000e+00,1.000000000000000056e-01
9.971930734229697002e-01,-7.387063334589454022e-02,1.221080858616932323e-02,6.285390920230688749e+01,7.391830858919033742e-02,9.972581592253267901e-01,-3.499644814248415760e-03,4.605090668923577546e+00,-1.191880751438183055e-02,4.392423885405134960e-03,9.999193210653777308e-01,4.476010596454613188e-01,0.000000000000000000e+00,0.000000000000000000e+00,0.000000000000000000e+00,1.000000000000000056e-01
9.973707575199366460e-01,-7.107939845533821355e-02,1.411705207665655409e-02,6.365878904433991892e+01,7.112373162861680698e-02,9.974639459961338606e-01,-2.662937671472637678e-03,4.680208530011564783e+00,-1.389197046240242886e-02,3.659993585912369243e-03,9.998968034770502333e-01,4.489003856407093318e-01,0.000000000000000000e+00,0.000000000000000000e+00,0.000000000000000000e+00,1.000000000000000056e-01
9.972716573886241109e-01,-7.249269052882814646e-02,1.393022574254659113e-02,6.446305943547909578e+01,7.250980603413936798e-02,9.973674346340719588e-01,-7.268839947007935207e-04,4.752547154335653445e+00,-1.384085973623900082e-02,1.734978772728352310e-03,9.999027054920993640e-01,4.601114887187403579e-01,0.000000000000000000e+00,0.000000000000000000e+00,0.000000000000000000e+00,1.000000000000000056e-01
9.971771216876615940e-01,-7.334355591081591352e-02,1.607827071135154579e-02,6.524460887320793745e+01,7.334877429247903258e-02,9.973063153902747002e-01,2.656924255665640204e-04,4.816589009376050612e+00,-1.605444774825499910e-02,9.143790412396211962e-04,9.998707009501115461e-01,4.607011801984508548e-01,0.000000000000000000e+00,0.000000000000000000e+00,0.000000000000000000e+00,1.000000000000000056e-01
9.965992192227722812e-01,-8.121255022713143312e-02,1.394696849377801903e-02,6.605787937142905264e+01,8.122335551103231077e-02,9.966959028649035046e-01,-2.091215992681761445e-04,4.882844876132493184e+00,-1.388390305675030190e-02,1.341230002824580526e-03,9.999027144367547137e-01,4.655375714358829242e-01,0.000000000000000000e+00,0.000000000000000000e+00,0.000000000000000000e+00,1.000000000000000056e-01
9.965086871798081170e-01,-8.241925581162208581e-02,1.332301192050204357e-02,6.680495412158394686e+01,8.240032281521279811e-02,9.965973743424551001e-01,1.964752827498870806e-03,4.946513258474781516e+00,-1.343961216420180328e-02,-8.600727776434194134e-04,9.999093144379108677e-01,4.696033040302879935e-01,0.000000000000000000e+00,0.000000000000000000e+00,0.000000000000000000e+00,1.000000000000000056e-01
9.963625140287357684e-01,-8.360469659909462725e-02,1.649228137374381467e-02,6.758806161886430175e+01,8.355071873886814326e-02,9.964957510669065766e-01,3.936432880204755562e-03,5.032516874317320976e+00,-1.676359259096781365e-02,-2.544172198406244485e-03,9.998562442427756380e-01,4.795329727858543278e-01,0.000000000000000000e+00,0.000000000000000000e+00,0.000000000000000000e+00,1.000000000000000056e-01
9.966738044001675068e-01,-7.920072998814707554e-02,1.919822887251169605e-02,6.832529941043168265e+01,7.908066760023903241e-02,9.968440932903377405e-01,6.935537763209708405e-03,5.113539870285988442e+00,-1.968694070690587758e-02,-5.394260052038839064e-03,9.997916414554053333e-01,4.767042164104701718e-01,0.000000000000000000e+00,0.000000000000000000e+00,0.000000000000000000e+00,1.000000000000000056e-01
9.962057396070383986e-01,-8.437519201104490274e-02,2.132958853547881409e-02,6.904812703620417835e+01,8.418228042352907114e-02,9.964023019553904792e-01,9.787559486065839850e-03,5.203316856944096180e+00,-2.207867832746872663e-02,-7.954849533351937216e-03,9.997245882402882033e-01,4.846023558438651846e-01,0.000000000000000000e+00,0.000000000000000000e+00,0.000000000000000000e+00,1.000000000000000056e-01
9.963391402707452160e-01,-8.413042811403780019e-02,1.517855822866797343e-02,6.972809745959214922e+01,8.391880870844241336e-02,9.963731259050753186e-01,1.407932949769917855e-02,5.278175501445574014e+00,-1.630800752723014432e-02,-1.275402052286460017e-02,9.997856689565990385e-01,4.809204608447300577e-01,0.000000000000000000e+00,0.000000000000000000e+00,0.000000000000000000e+00,1.000000000000000056e-01
9.963101250888956040e-01,-8.529572735901447267e-02,9.527514872504359508e-03,7.041621082204798654e+01,8.516341147764225350e-02,9.962752110371945191e-01,1.352394980333797465e-02,5.353232192612622065e+00,-1.064556202550680404e-02,-1.266265245081315931e-02,9.998631552577937898e-01,4.880712656737666300e-01,0.000000000000000000e+00,0.000000000000000000e+00,0.000000000000000000e+00,1.000000000000000056e-01
9.966494903742396660e-01,-8.149790475309072468e-02,6.919888555783337662e-03,7.115576989033930033e+01,8.141269748313599564e-02,9.966104730129373701e-01,1.181261061106247089e-02,5.428409807824580824e+00,-7.859136421241762899e-03,-1.120966555189574325e-02,9.999062842951468300e-01,4.978778667762115417e-01,0.000000000000000000e+00,0.000000000000000000e+00,0.000000000000000000e+00,1.000000000000000056e-01
9.968367947798673079e-01,-7.930024488221434908e-02,5.279747590698184376e-03,7.186573036130910452e+01,7.924267921260841341e-02,9.968017094940342382e-01,1.034165078595752560e-02,5.493958575802095901e+00,-6.082956863917734699e-03,-9.890556677553358905e-03,9.999325849898080820e-01,5.006539813948974738e-01,0.000000000000000000e+00,0.000000000000000000e+00,0.000000000000000000e+00,1.000000000000000056e-01
9.968886436263801887e-01,-7.833983603664516904e-02,8.712192520111202917e-03,7.254148908435880116e+01,7.822891520153842093e-02,9.968580878284938329e-01,1.241730877885717163e-02,5.565544478757431079e+00,-9.657589510143825898e-03,-1.169712873616961246e-02,9.998849474535472792e-01,5.096916884631461642e-01,0.000000000000000000e+00,0.000000000000000000e+00,0.000000000000000000e+00,1.000000000000000056e-01
9.968545134958328724e-01,-7.835134311938828089e-02,1.192249782445698250e-02,7.312971090492608539e+01,7.818462855348855267e-02,9.968425401240745831e-01,1.386052152466883507e-02,5.602698230209600005e+00,-1.297084349374844764e-02,-1.288476737743732801e-02,9.998328560257909725e-01,5.323504969124247532e-01,0.000000000000000000e+00,0.000000000000000000e+00,0.000000000000000000e+00,1.000000000000000056e-01
9.968338326171171104e-01,-7.899608811503568140e-02,9.051420462603890216e-03,7.371459857372821034e+01,7.890527068756182649e-02,9.968320955118995519e-01,9.986571737975147647e-03,5.631498748997297632e+00,-9.811646528076933133e-03,-9.240747798562853541e-03,9.999091659608543292e-01,5.402198568991367633e-01,0.000000000000000000e+00,0.000000000000000000e+00,0.000000000000000000e+00,1.000000000000000056e-01
9.967993674871773457e-01,-7.963264406796609352e-02,7.047196315403664486e-03,7.434094511839521147e+01,7.958709064763340446e-02,9.968065628440797576e-01,6.524666521514674473e-03,5.668451480436624834e+00,-7.544267983614942434e-03,-5.942917609744889813e-03,9.999538818119939609e-01,5.524265764088589492e-01,0.000000000000000000e+00,0.000000000000000000e+00,0.000000000000000000e+00,1.000000000000000056e-01
9.969415336043577769e-01,-7.812930099393211592e-02,1.841439868881679549e-03,7.496152058718710975e+01,7.811910190697424206e-02,9.969310963926600877e-01,5.078874144585827401e-03,5.685672903443538928e+00,-2.232597554178014469e-03,-4.919488949914182542e-03,9.999854069618380192e-01,5.659030073601153399e-01,0.000000000000000000e+00,0.000000000000000000e+00,0.000000000000000000e+00,1.000000000000000056e-01
9.974234495055429583e-01,-7.169263877409673413e-02,2.574475105800979637e-03,7.557296306545205766e+01,7.168317911633401152e-02,9.974209700141198898e-01,3.595887632797522583e-03,5.741626773124500538e+00,-2.825634130435611575e-03,-3.402076086599551720e-03,9.999902207872144455e-01,5.872187973520557325e-01,0.000000000000000000e+00,0.000000000000000000e+00,0.000000000000000000e+00,1.000000000000000056e-01
9.977160079413225358e-01,-6.736158076686596385e-02,5.018459347236979909e-03,7.614423400515467222e+01,6.732926588002322021e-02,9.977105916283830478e-01,6.351795698780683848e-03,5.800053735451419890e+00,-5.434837043372843166e-03,-5.999399064148120721e-03,9.999672343417963516e-01,5.817404406743337253e-01,0.000000000000000000e+00,0.000000000000000000e+00,0.000000000000000000e+00,1.000000000000000056e-01
9.979090572130990822e-01,-6.413002383073107548e-02,8.053171768538569184e-03,7.669319850246768056e+01,6.409577883983813562e-02,9.979338696198505332e-01,4.441058484837585342e-03,5.818486131216287660e+00,-8.321338052157333312e-03,-3.915598168997033550e-03,9.999577108178128171e-01,5.917555122159594561e-01,0.000000000000000000e+00,0.000000000000000000e+00,0.000000000000000000e+00,1.000000000000000056e-01
9.983145172455361038e-01,-5.690233503026777967e-02,1.141266511009996279e-02,7.726153053429952422e+01,5.690943782114233490e-02,9.983793001146767931e-01,-2.983109279134461486e-04,5.810776458018941604e+00,-1.137719401670147026e-02,9.472964854457342071e-04,9.999348289192026007e-01,6.083466483354977861e-01,0.000000000000000000e+00,0.000000000000000000e+00,0.000000000000000000e+00,1.000000000000000056e-01
9.987985530183790539e-01,-4.681940637100543562e-02,1.447044143967114033e-02,7.781190647713863484e+01,4.691009754684160454e-02,9.988811398299694000e-01,-5.992598779069525060e-03,5.826432565763229654e+00,-1.417368112164588481e-02,6.664208808835178112e-03,9.998773400194717054e-01,6.120198549151423251e-01,0.000000000000000000e+00,0.000000000000000000e+00,0.000000000000000000e+00,1.000000000000000056e-01
9.993011280249114447e-01,-3.451249328974074354e-02,1.435769253972080453e-02,7.831548585755757586e+01,3.452015762336500121e-02,9.994039607564366712e-01,-2.862551394093203129e-04,5.862527721647235346e+00,-1.433925541294209585e-02,7.816848932936360482e-04,9.998968820448086436e-01,6.142329983907998114e-01,0.000000000000000000e+00,0.000000000000000000e+00,0.000000000000000000e+00,1.000000000000000056e-01
9.997560207152315082e-01,-1.562364345743602785e-02,1.561412209380991060e-02,7.882766514739034847e+01,1.559096615047989541e-02,9.998760059483594587e-01,2.212352424629520243e-03,5.876939699740233003e+00,-1.564675104103329523e-02,-1.968373407433253192e-03,9.998756446118631791e-01,6.155520186771564761e-01,0.000000000000000000e+00,0.000000000000000000e+00,0.000000000000000000e+00,1.000000000000000056e-01
9.999022739409225702e-01,8.294532246463441312e-04,1.395544965668928279e-02,7.932742591808592181e+01,-9.067365362383602483e-04,9.999842848261712991e-01,5.532443361171677371e-03,5.882966104560530596e+00,-1.395064144138597438e-02,-5.544556613368275405e-03,9.998873123984197697e-01,6.249439507676040062e-01,0.000000000000000000e+00,0.000000000000000000e+00,0.000000000000000000e+00,1.000000000000000056e-01
9.996455971454767386e-01,2.309492731418192474e-02,1.324025830623708037e-02,7.984966602827164195e+01,-2.315705550647632199e-02,9.997214470780613205e-01,4.558402397440084776e-03,5.871061867136127432e+00,-1.313129422156098479e-02,-4.863392283135981910e-03,9.999019534572213264e-01,6.356096934076704841e-01,0.000000000000000000e+00,0.000000000000000000e+00,0.000000000000000000e+00,1.000000000000000056e-01
9.987130267409400908e-01,4.855550516630721680e-02,1.465104555978717117e-02,8.035934823256178561e+01,-4.863112691360052531e-02,9.988050316862649991e-01,4.849966320746384139e-03,5.833074370106598572e+00,-1.439804545983672072e-02,-5.556221399819196057e-03,9.998809052535669872e-01,6.532521090910928807e-01,0.000000000000000000e+00,0.000000000000000000e+00,0.000000000000000000e+00,1.000000000000000056e-01
9.973307332448646534e-01,7.142324270881628134e-02,1.517000086414273252e-02,8.081634583681990591e+01,-7.152228421786890888e-02,9.974204157023819350e-01,6.089105052953373495e-03,5.836707095442784876e+00,-1.469596494004217144e-02,-7.157844720657531926e-03,9.998663880106360979e-01,6.475485791094992560e-01,0.000000000000000000e+00,0.000000000000000000e+00,0.000000000000000000e+00,1.000000000000000056e-01
9.944237951604292247e-01,1.043261084820209655e-01,1.540709926385662627e-02,8.130806616460931480e+01,-1.043503746595740717e-01,9.945402933010040192e-01,7.773732433165648527e-04,5.760255546770378210e+00,-1.524188069548038614e-02,-2.380775031475716903e-03,9.998810014112250455e-01,6.446368252040841629e-01,0.000000000000000000e+00,0.000000000000000000e+00,0.000000000000000000e+00,1.000000000000000056e-01
