1.000000000000000000e+00,-1.433256066395487383e-12,5.064855552179720823e-13,-7.253448323711985929e-18,1.433256066395525753e-12,1.000000000000000000e+00,-7.588842665877246443e-14,4.586820037854977728e-18,-5.064855552178632321e-13,7.588842665949839317e-14,1.000000000000000000e+00,-8.171753477986152244e-19,0.000000000000000000e+00,0.000000000000000000e+00,0.000000000000000000e+00,1.000000000000000056e-01
9.999925619849137082e-01,-3.656051368261136435e-03,-1.228520753206854615e-03,6.504778305900970059e-01,3.652574294958903234e-03,9.999893510743400604e-01,-2.820716033219367383e-03,1.340687439068221146e-02,1.238820353493409960e-03,2.816207789366971352e-03,9.999952671377094759e-01,1.077797537408179372e-02,0.000000000000000000e+00,0.000000000000000000e+00,0.000000000000000000e+00,1.000000000000000056e-01
9.999720534775686787e-01,-6.830137700869711240e-03,-3.039980730470472157e-03,1.328086659574269746e+00,6.825193165090618491e-03,9.999753732257994354e-01,-1.633915598304153073e-03,1.170658403181431412e-02,3.051065734079464690e-03,1.613121480341619908e-03,9.999940444007534568e-01,1.496814069904317708e-02,0.000000000000000000e+00,0.000000000000000000e+00,0.000000000000000000e+00,1.000000000000000056e-01
9.999366635923470081e-01,-1.094957580618694665e-02,-2.602997016886042601e-03,2.044005163439730932e+00,1.094694366811079303e-02,9.999395568124365141e-01,-1.023301556396719828e-03,1.223766731952122440e-02,2.614044401413478675e-03,9.947418824400801503e-04,9.999960886225779388e-01,1.176879399573838546e-02,0.000000000000000000e+00,0.000000000000000000e+00,0.000000000000000000e+00,1.000000000000000056e-01
9.998435527973635883e-01,-1.751987286011057188e-02,-2.433923686381534238e-03,2.752466056367277591e+00,1.752428249100747293e-02,9.998448134337202253e-01,1.802379778106415892e-03,1.962180300566790728e-02,2.401968509563998620e-03,-1.844750567073746936e-03,9.999954137107951446e-01,1.890628123172865063e-02,0.000000000000000000e+00,0.000000000000000000e+00,0.000000000000000000e+00,1.000000000000000056e-01
9.997436329235916963e-01,-2.244773168497833649e-02,-2.961042204709394502e-03,3.464362599870193016e+00,2.244922069018218808e-02,9.997478737354882350e-01,4.705866272848074276e-04,3.470337451375411775e-02,2.949732045855431046e-03,-5.369390742934383211e-04,9.999955053785433146e-01,3.124124497335321188e-02,0.000000000000000000e+00,0.000000000000000000e+00,0.000000000000000000e+00,1.000000000000000056e-01
9.996289301238210356e-01,-2.709506263334598639e-02,-2.803505020515793030e-03,4.205551630700112398e+00,2.710270411342075372e-02,9.996289412338111857e-01,2.724569233843465894e-03,5.560849725706652064e-02,2.728642381362000446e-03,-2.799540795326751173e-03,9.999923585118487557e-01,4.014978821532703274e-02,0.000000000000000000e+00,0.000000000000000000e+00,0.000000000000000000e+00,1.000000000000000056e-01
9.995409404338435611e-01,-3.009139981573716316e-02,-3.523642115348937440e-03,4.970044553255290154e+00,3.010746658265185671e-02,9.995360869464504638e-01,4.599059442132157234e-03,8.332072530929635068e-02,3.383615315326050400e-03,-4.703036137137016869e-03,9.999832161583966927e-01,5.037831161872732139e-02,0.000000000000000000e+00,0.000000000000000000e+00,0.000000000000000000e+00,1.000000000000000056e-01
9.994172461720552958e-01,-3.402206581516679235e-02,-2.768951341924389374e-03,5.741863849963844579e+00,3.403481501499367595e-02,9.994096180865170709e-01,4.695385293793088652e-03,1.142576727313655838e-01,2.607569895639808531e-03,-4.786889786747371145e-03,9.999851430223395399e-01,5.125918653790176305e-02,0.000000000000000000e+00,0.000000000000000000e+00,0.000000000000000000e+00,1.000000000000000056e-01
9.992696417396953468e-01,-3.820021079601350344e-02,-9.628045289821474118e-04,6.533654600945296487e+00,3.820452967246171228e-02,9.992576367638646984e-01,4.958758070551239072e-03,1.556876210662124782e-01,7.726641747147560638e-04,-4.991919894829837875e-03,9.999872417815323100e-01,5.634893609664773373e-02,0.000000000000000000e+00,0.000000000000000000e+00,0.000000000000000000e+00,1.000000000000000056e-01
9.991837377873262760e-01,-4.039286992203439813e-02,5.236418712133168035e-04,7.342198638834497082e+00,4.039071864240887516e-02,9.991774145765920379e-01,3.617187800885457351e-03,1.870669617953196751e-01,-6.693197273677066808e-04,-3.593084955677888683e-03,9.999933208534964590e-01,6.928737131307276254e-02,0.000000000000000000e+00,0.000000000000000000e+00,0.000000000000000000e+00,1.000000000000000056e-01
9.990703632436506165e-01,-4.310807181207271938e-02,-3.216097715058531710e-04,8.159399102902852974e+00,4.310891404007704403e-02,9.990646570752892419e-01,3.381199982252041086e-03,2.279675554585202102e-01,1.755519444356573382e-04,-3.391920942462266306e-03,9.999942320102825910e-01,8.012231484567393369e-02,0.000000000000000000e+00,0.000000000000000000e+00,0.000000000000000000e+00,1.000000000000000056e-01
9.990324859614974073e-01,-4.396483789998474612e-02,-1.088587166298939915e-03,8.986375158323275159e+00,4.396763072678942785e-02,9.990293335368780614e-01,2.690386800048499578e-03,2.784439849350784923e-01,9.692480916920376711e-04,-2.735646411592204761e-03,9.999957883895549404e-01,9.046176049521845175e-02,0.000000000000000000e+00,0.000000000000000000e+00,0.000000000000000000e+00,1.000000000000000056e-01
9.990256688634269189e-01,-4.413288242412166662e-02,-4.050828456843522807e-05,9.727837906397789780e+00,4.413279359599883711e-02,9.990207912786659428e-01,3.123319125719614241e-03,3.719176748492633577e-01,-9.737245724549469742e-05,-3.122063722407757754e-03,9.999951216064595361e-01,1.026224926076579058e-01,0.000000000000000000e+00,0.000000000000000000e+00,0.000000000000000000e+00,1.000000000000000056e-01
9.989575861399762058e-01,-4.564736878901057976e-02,-2.425201682721798567e-04,1.051193970511168274e+01,4.564780646232557276e-02,9.989549502730969976e-01,2.298932372311185413e-03,4.408718313573027903e-01,1.373265088166748891e-04,-2.307606447047530311e-03,9.999973280433880340e-01,1.064993325808594876e-01,0.000000000000000000e+00,0.000000000000000000e+00,0.000000000000000000e+00,1.000000000000000056e-01
9.989409368686682500e-01,-4.601064463734715060e-02,-1.588332559357911035e-04,1.133998784052759490e+01,4.601080154557843360e-02,9.989402323863376676e-01,1.190907663532778148e-03,4.794636408208299283e-01,1.038705002924777808e-04,-1.196954462551209864e-03,9.999992782552064030e-01,1.156667589769822396e-01,0.000000000000000000e+00,0.000000000000000000e+00,0.000000000000000000e+00,1.000000000000000056e-01
9.987654146764841645e-01,-4.964324681513942322e-02,-1.787314119490734281e-03,1.222849451663313225e+01,4.964895551815728253e-02,9.987612603478971396e-01,3.305456736379832131e-03,5.445660299369042834e-01,1.621006498019288708e-03,-3.390114147221150696e-03,9.999929397070772552e-01,1.218878846912985758e-01,0.000000000000000000e+00,0.000000000000000000e+00,0.000000000000000000e+00,1.000000000000000056e-01
9.987148881139642498e-01,-5.063194170678048806e-02,-2.231308699649381388e-03,1.313021323499572013e+01,5.064557290323899036e-02,9.986952280113101654e-01,6.547327144711815802e-03,6.090826111340795768e-01,1.896893464233689007e-03,-6.651919004194106061e-03,9.999760765982088628e-01,1.293500286273905342e-01,0.000000000000000000e+00,0.000000000000000000e+00,0.000000000000000000e+00,1.000000000000000056e-01
9.987344107223957712e-01,-5.003432836074098167e-02,-5.113005425225225151e-03,1.399283067261024804e+01,5.007440538011218023e-02,9.987131578845722668e-01,8.036304751164922988e-03,6.690102751894547728e-01,4.704334683780866250e-03,-8.282164796413728214e-03,9.999546364618087102e-01,1.382873587942806959e-01,0.000000000000000000e+00,0.000000000000000000e+00,0.000000000000000000e+00,1.000000000000000056e-01
9.976834787532287141e-01,-6.792847731239626263e-02,-3.660354200781850125e-03,1.499573302547509890e+01,6.795204533632712152e-02,9.976657329340709035e-01,6.753137325196142786e-03,7.449653629884641637e-01,3.193079620939247212e-03,-6.986222093698504949e-03,9.999704980365130558e-01,1.440124840973828479e-01,0.000000000000000000e+00,0.000000000000000000e+00,0.000000000000000000e+00,1.000000000000000056e-01
9.972867065089349170e-01,-7.356934137856525890e-02,-2.603272879591234275e-03,1.598174592876741862e+01,7.357802419419924578e-02,9.972836219446121753e-01,3.413466963903613160e-03,8.479534162520365737e-01,2.345074889917047115e-03,-3.595748901127154406e-03,9.999907855643473953e-01,1.445724338704385825e-01,0.000000000000000000e+00,0.000000000000000000e+00,0.000000000000000000e+00,1.000000000000000056e-01
9.970271752560525558e-01,-7.704471519406441704e-02,-9.610731512698980888e-04,1.691073291814439372e+01,7.704762181535901311e-02,9.970213255561723997e-01,3.484301767969898590e-03,9.309293378117469153e-01,6.897633898721455565e-04,-3.547991950154636299e-03,9.999934679684601146e-01,1.580889969160304831e-01,0.000000000000000000e+00,0.000000000000000000e+00,0.000000000000000000e+00,1.000000000000000056e-01
9.968868564807448207e-01,-7.884168753951252551e-02,-7.639907464608510120e-04,1.779363182976075919e+01,7.884349619372503504e-02,9.968832668795065688e-01,2.730443845353647259e-03,1.007509284932011306e+00,5.463367906980486164e-04,-2.782179283302421528e-03,9.999959804891951354e-01,1.721001699256244077e-01,0.000000000000000000e+00,0.000000000000000000e+00,0.000000000000000000e+00,1.000000000000000056e-01
9.966165898655287014e-01,-8.218782286839913798e-02,-7.311476986468153387e-04,1.871829875842755797e+01,8.218851649876658672e-02,9.966163235261433773e-01,9.754163036799973815e-04,1.087319729632970633e+00,6.485063889901894257e-04,-1.032208014966066968e-03,9.999992569927625974e-01,1.803572792225809907e-01,0.000000000000000000e+00,0.000000000000000000e+00,0.000000000000000000e+00,1.000000000000000056e-01
9.964394701014116507e-01,-8.429654278107194532e-02,-1.573308354018537400e-03,1.965317223269905256e+01,8.429341556134638258e-02,9.964390525558445288e-01,-1.958222309432066689e-03,1.161780120023290452e+00,1.732777256338316040e-03,1.818630465459828566e-03,9.999968450281281340e-01,2.008161079703620622e-01,0.000000000000000000e+00,0.000000000000000000e+00,0.000000000000000000e+00,1.000000000000000056e-01
9.962911668207059535e-01,-8.604589784721410062e-02,-1.199112294711728553e-04,2.057937874639515385e+01,8.604490578115649158e-02,9.962847132441441378e-01,-3.611695605315008890e-03,1.235773169374628555e+00,4.302373159786075174e-04,3.587982678378556431e-03,9.999934706167593612e-01,2.106427544986891609e-01,0.000000000000000000e+00,0.000000000000000000e+00,0.000000000000000000e+00,1.000000000000000056e-01
9.968993582665078845e-01,-7.862402620286119970e-02,3.151506223469529872e-03,2.149411834621744077e+01,7.863457626541243972e-02,9.968977899057621661e-01,-3.376373285932679231e-03,1.296672658713973636e+00,-2.876265527347217788e-03,3.613721718494805179e-03,9.999893339990969521e-01,2.146309020834243908e-01,0.000000000000000000e+00,0.000000000000000000e+00,0.000000000000000000e+00,1.000000000000000056e-01
9.970156943877525046e-01,-7.703990633457812043e-02,4.955600515278757272e-03,2.244847542514761329e+01,7.705747547751178039e-02,9.970206570632559329e-01,-3.457580394751012288e-03,1.379836066233445235e+00,-4.674464412130344311e-03,3.829127983356597417e-03,9.999817434140219063e-01,2.267393392183442158e-01,0.000000000000000000e+00,0.000000000000000000e+00,0.000000000000000000e+00,1.000000000000000056e-01
9.970970549104543057e-01,-7.566318755956841224e-02,8.517343319601808696e-03,2.341647477198094052e+01,7.570319956426466157e-02,9.971203439831857196e-01,-4.477185565335124046e-03,1.458912752396660961e+00,-8.154058169495300226e-03,5.108978682564421780e-03,9.999537037644240511e-01,2.354976316234609901e-01,0.000000000000000000e+00,0.000000000000000000e+00,0.000000000000000000e+00,1.000000000000000056e-01
9.971675586297479299e-01,-7.464415191512094316e-02,9.225540702884870922e-03,2.433877316802297130e+01,7.470599295783300620e-02,9.971840879912420297e-01,-6.550517022268526057e-03,1.520416018759337184e+00,-8.710604604299536022e-03,7.221166245640031969e-03,9.999359880139729873e-01,2.399349858604055974e-01,0.000000000000000000e+00,0.000000000000000000e+00,0.000000000000000000e+00,1.000000000000000056e-01
9.973474002277417094e-01,-7.238692966607254697e-02,7.635160278857773888e-03,2.528281040632673893e+01,7.244847245168131722e-02,9.973391219987755019e-01,-8.117547051271406522e-03,1.595867730559971331e+00,-7.027239741374520163e-03,8.649170146938906650e-03,9.999379029506715311e-01,2.519833711584487657e-01,0.000000000000000000e+00,0.000000000000000000e+00,0.000000000000000000e+00,1.000000000000000056e-01
9.977193544923986801e-01,-6.747362627491845788e-02,1.843753938007387533e-03,2.622674436825575484e+01,6.748602317525970173e-02,9.976898113090635345e-01,-7.789549799154178375e-03,1.683147011796702452e+00,-1.313905346512938329e-03,7.896212218388343543e-03,9.999679612294298803e-01,2.480321792319028218e-01,0.000000000000000000e+00,0.000000000000000000e+00,0.000000000000000000e+00,1.000000000000000056e-01
9.978274269727454016e-01,-6.588186859326661260e-02,7.329126776157594619e-05,2.717342449686430683e+01,6.587983660613655479e-02,9.977865917766242099e-01,-9.042366921165102128e-03,1.740351097101697553e+00,5.225989850054890522e-04,9.027550135434429801e-03,9.999591142786053988e-01,2.594195725932160745e-01,0.000000000000000000e+00,0.000000000000000000e+00,0.000000000000000000e+00,1.000000000000000056e-01
9.978719948859240407e-01,-6.509470904408704017e-02,3.763067479069919299e-03,2.812529266864655142e+01,6.512744999308403560e-02,9.978331033557765739e-01,-9.354843920578509095e-03,1.808378566692153022e+00,-3.145962457614632363e-03,9.580015753937862547e-03,9.999491618169243923e-01,2.685782584687149144e-01,0.000000000000000000e+00,0.000000000000000000e+00,0.000000000000000000e+00,1.000000000000000056e-01
9.978318018222710473e-01,-6.518041319872981687e-02,9.121897136167591430e-03,2.912160465390538988e+01,6.529008312551325133e-02,9.977906295014555837e-01,-1.229083904998226270e-02,1.871781250251076889e+00,-8.300621517907256358e-03,1.285975949743409577e-02,9.998828562727158920e-01,2.749473227178421686e-01,0.000000000000000000e+00,0.000000000000000000e+00,0.000000000000000000e+00,1.000000000000000056e-01
9.978495074503820339e-01,-6.451162572436576481e-02,1.160218201155459143e-02,3.007193394238840511e+01,6.468374645904099995e-02,9.977911412564226534e-01,-1.512783441964302145e-02,1.928093143105475304e+00,-1.060063323827360564e-02,1.584577472403876988e-02,9.998182524830913076e-01,2.741842652757510157e-01,0.000000000000000000e+00,0.000000000000000000e+00,0.000000000000000000e+00,1.000000000000000056e-01
9.979057549590752974e-01,-6.363639657948765016e-02,1.159798473598787523e-02,3.099401035512858016e+01,6.388392255531245845e-02,9.977060650937646935e-01,-2.239312649148165330e-02,1.978767213713654716e+00,-1.014636183589344952e-02,2.308715455604761629e-02,9.996819667454246439e-01,2.862540075302900111e-01,0.000000000000000000e+00,0.000000000000000000e+00,0.000000000000000000e+00,1.000000000000000056e-01
9.980132016620247848e-01,-6.240524251484347307e-02,8.673812021149191268e-03,3.193807429962943445e+01,6.259167523855987958e-02,9.977694175533649013e-01,-2.320499054189781654e-02,2.039344402159385616e+00,-7.206351305987622122e-03,2.370179533036452860e-02,9.996930996055600760e-01,2.907684077756900187e-01,0.000000000000000000e+00,0.000000000000000000e+00,0.000000000000000000e+00,1.000000000000000056e-01
9.979942135480510679e-01,-6.305459196403066791e-02,5.627446744004024545e-03,3.290615433675704793e+01,6.317132102664914373e-02,9.977193135195696616e-01,-2.378141353634391150e-02,2.103891568168399395e+00,-4.115084975433593029e-03,2.408920634409036574e-02,9.997013435088285549e-01,2.923089835262263625e-01,0.000000000000000000e+00,0.000000000000000000e+00,0.000000000000000000e+00,1.000000000000000056e-01
9.980064698346171603e-01,-6.301825104515285103e-02,3.433104055443166741e-03,3.387297982685807085e+01,6.308646991097627277e-02,9.976683422793789502e-01,-2.603797472322952680e-02,2.159670494894431414e+00,-1.784231604050774515e-03,2.620264965086826006e-02,9.996550593423998432e-01,2.942888759055959924e-01,0.000000000000000000e+00,0.000000000000000000e+00,0.000000000000000000e+00,1.000000000000000056e-01
9.980375633621428877e-01,-6.217228258231324856e-02,7.458511692124850621e-03,3.484165139254581334e+01,6.234869924888071513e-02,9.977059840647983791e-01,-2.637060983870092093e-02,2.222806835021668093e+00,-5.801880740690584966e-03,2.678388769012737466e-02,9.996244102362014106e-01,3.068563610035940914e-01,0.000000000000000000e+00,0.000000000000000000e+00,0.000000000000000000e+00,1.000000000000000056e-01
9.979869062152967318e-01,-6.276427969045805799e-02,9.098363465950162071e-03,3.581893816180490120e+01,6.295709214194414316e-02,9.977572846558735442e-01,-2.273335578327154508e-02,2.293993120423102994e+00,-7.651115725914689469e-03,2.326039791310551344e-02,9.997001622071853832e-01,3.105040814341697430e-01,0.000000000000000000e+00,0.000000000000000000e+00,0.000000000000000000e+00,1.000000000000000056e-01
9.978646768575915038e-01,-6.467519217428550904e-02,9.121743096241776566e-03,3.681107557389618989e+01,6.487220535287642476e-02,9.976221940550826783e-01,-2.327133217882242089e-02,2.369942201808397542e+00,-7.594975480462551158e-03,2.381338795598188229e-02,9.996875706447034826e-01,3.241381333445649271e-01,0.000000000000000000e+00,0.000000000000000000e+00,0.000000000000000000e+00,1.000000000000000056e-01
9.977963013410666715e-01,-6.552704990859890832e-02,1.042817147745318113e-02,3.781732176026864778e+01,6.574799443038946423e-02,9.975829817080613671e-01,-2.248101053856598266e-02,2.444468804722694788e+00,-8.929852096684353507e-03,2.311710052600941465e-02,9.996928815415271341e-01,3.272207617210718955e-01,0.000000000000000000e+00,0.000000000000000000e+00,0.000000000000000000e+00,1.000000000000000056e-01
9.977245615472682960e-01,-6.604589434893994027e-02,1.355135140714672400e-02,3.881286313420669387e+01,6.633536727825965762e-02,9.975513504203363802e-01,-2.215676697132821366e-02,2.517282669350274560e+00,-1.205480540571731395e-02,2.300528448448327379e-02,9.996626623778734899e-01,3.485425217242821283e-01,0.000000000000000000e+00,0.000000000000000000e+00,0.000000000000000000e+00,1.000000000000000056e-01
9.977219988275497498e-01,-6.587714085383700180e-02,1.452636804168809699e-02,3.982150159193919592e+01,6.616298565736666859e-02,9.976050882689866395e-01,-2.016301536800432781e-02,2.584200931275228097e+00,-1.316329686901993902e-02,2.107819187575171727e-02,9.996911710337282875e-01,3.481593655543592236e-01,0.000000000000000000e+00,0.000000000000000000e+00,0.000000000000000000e+00,1.000000000000000056e-01
9.976144754552188632e-01,-6.783018557463621478e-02,1.282280340327391494e-02,4.082871688868881677e+01,6.811176168292357169e-02,9.974132079972997111e-01,-2.297129584903456756e-02,2.659885232059567173e+00,-1.123148621764824204e-02,2.378988098847203969e-02,9.996538877431013770e-01,3.606582334388409028e-01,0.000000000000000000e+00,0.000000000000000000e+00,0.000000000000000000e+00,1.000000000000000056e-01
9.976730699506523026e-01,-6.728553818887923754e-02,1.100462838416773996e-02,4.184099779532368757e+01,6.749493283656761433e-02,9.975208545886495859e-01,-1.991428387157134772e-02,2.724329407840511141e+00,-9.637403002260716903e-03,2.061070137970013455e-02,9.997411262181870040e-01,3.863841848264717438e-01,0.000000000000000000e+00,0.000000000000000000e+00,0.000000000000000000e+00,1.000000000000000056e-01
9.978005185230675034e-01,-6.558075350986178331e-02,9.658675073543100675e-03,4.286914738739478281e+01,6.575372309860402775e-02,9.976580858067213287e-01,-1.883591577653565691e-02,2.786222281627528830e+00,-8.400781735626600827e-03,1.942958037496925194e-02,9.997759340335627964e-01,3.971325229416612368e-01,0.000000000000000000e+00,0.000000000000000000e+00,0.000000000000000000e+00,1.000000000000000056e-01
9.976705954672241417e-01,-6.746727001923505385e-02,1.007722264446439184e-02,4.389883467362353997e+01,6.765170474653567356e-02,9.975233677203232396e-01,-1.924519931807465445e-02,2.857125701980517629e+00,-8.753844010607081394e-03,1.988211075455736249e-02,9.997640080974017351e-01,4.041598488977587444e-01,0.000000000000000000e+00,0.000000000000000000e+00,0.000000000000000000e+00,1.000000000000000056e-01
9.977367979498645845e-01,-6.628724150599620002e-02,1.128200471001652994e-02,4.489434861130031607e+01,6.652175616191978447e-02,9.975453948225556644e-01,-2.186415389274235649e-02,2.927097075904395496e+00,-9.804997393430894825e-03,2.256516966116517420e-02,9.996972917559983074e-01,4.117889628925473500e-01,0.000000000000000000e+00,0.000000000000000000e+00,0.000000000000000000e+00,1.000000000000000056e-01
9.977576049570762162e-01,-6.608699346888570469e-02,1.059580315797253695e-02,4.587606758427391895e+01,6.631584297997723809e-02,9.975349860381027556e-01,-2.293819085754380746e-02,3.008627008606245212e+00,-9.053768285860070222e-03,2.358942399054206676e-02,9.996807332121693257e-01,4.180167873368953457e-01,0.000000000000000000e+00,0.000000000000000000e+00,0.000000000000000000e+00,1.000000000000000056e-01
9.973019313014496179e-01,-7.298767172307377149e-02,7.852235276878345716e-03,4.679151676626725020e+01,7.315811482157213996e-02,9.970265161349246563e-01,-2.420777477605982192e-02,3.071046840195237770e+00,-6.062017663476612465e-03,2.471691526666684041e-02,9.996761105685921800e-01,4.306724109563176417e-01,0.000000000000000000e+00,0.000000000000000000e+00,0.000000000000000000e+00,1.000000000000000056e-01
9.973894308427684319e-01,-7.212936737654587760e-02,3.417251087892345801e-03,4.774463150878813877e+01,7.218463372816968926e-02,9.971791828200291530e-01,-2.056832525775725146e-02,3.141405833594357766e+00,-1.924031358478284909e-03,2.076130324036014330e-02,9.997826095662463164e-01,4.353075699208046045e-01,0.000000000000000000e+00,0.000000000000000000e+00,0.000000000000000000e+00,1.000000000000000056e-01
9.976321270870893709e-01,-6.874683357923670746e-02,2.002966928914913427e-03,4.869327295907572051e+01,6.877446712099706538e-02,9.973814734266815973e-01,-2.236669706157897938e-02,3.221943263290860227e+00,-4.600825061764989400e-04,2.245148854865269480e-02,9.997478276975835243e-01,4.486745592556645734e-01,0.000000000000000000e+00,0.000000000000000000e+00,0.000000000000000000e+00,1.000000000000000056e-01
9.978748686237581822e-01,-6.496654452097556931e-02,5.009457268152625251e-03,4.965186456014549066e+01,6.506621443954950512e-02,9.976087734136046548e-01,-2.330499832031175320e-02,3.289735880358545472e+00,-3.483433309811812678e-03,2.358141855799337702e-02,9.997158508252076414e-01,4.547919454034788367e-01,0.000000000000000000e+00,0.000000000000000000e+00,0.000000000000000000e+00,1.000000000000000056e-01
9.979052177921616806e-01,-6.421742835472722677e-02,7.829316616658733852e-03,5.065203366594946743e+01,6.439975648741248782e-02,9.975899715384104471e-01,-2.582479526260184066e-02,3.362763424309270999e+00,-6.152045801226157552e-03,2.627490402454035062e-02,9.996358245636062234e-01,4.746331491084790355e-01,0.000000000000000000e+00,0.000000000000000000e+00,0.000000000000000000e+00,1.000000000000000056e-01
9.979881554783917030e-01,-6.296718390666386500e-02,7.401032070050649406e-03,5.159299328708436150e+01,6.313843507363059437e-02,9.976716160875650496e-01,-2.578535378231537264e-02,3.436908519930537587e+00,-5.760168512333884924e-03,2.620076724240344088e-02,9.996401053652353985e-01,4.854141578578393124e-01,0.000000000000000000e+00,0.000000000000000000e+00,0.000000000000000000e+00,1.000000000000000056e-01
9.982045574661063680e-01,-5.963237428082762692e-02,5.625068135227495429e-03,5.254090946884607405e+01,5.976871375810875742e-02,9.978083105521396989e-01,-2.839500394058783878e-02,3.494008069407615658e+00,-3.919478230061313427e-03,2.868022543000710300e-02,9.995809533798091229e-01,4.941569385998740849e-01,0.000000000000000000e+00,0.000000000000000000e+00,0.000000000000000000e+00,1.000000000000000056e-01
9.981921734059084894e-01,-5.982050673910317001e-02,5.821677135132511879e-03,5.351634044770086263e+01,5.997691070197633950e-02,9.976861779095766991e-01,-3.201656744293050749e-02,3.559774828235293676e+00,-3.892959521491154169e-03,3.230785325052523693e-02,9.994703834954322685e-01,5.120284955866799548e-01,0.000000000000000000e+00,0.000000000000000000e+00,0.000000000000000000e+00,1.000000000000000056e-01
9.981638169492599300e-01,-6.035708571276152817e-02,5.100660501023557628e-03,5.447649467574382243e+01,6.048153402451431765e-02,9.977356543139216383e-01,-2.942019974120215625e-02,3.631821771497372175e+00,-3.313393324955611879e-03,2.967467464072812838e-02,9.995541181495082306e-01,5.237169286689680181e-01,0.000000000000000000e+00,0.000000000000000000e+00,0.000000000000000000e+00,1.000000000000000056e-01
9.980082168907614681e-01,-6.242753227840849850e-02,9.077567523911141828e-03,5.540947504442571869e+01,6.268759098865497870e-02,9.975221720245737167e-01,-3.193402973969681341e-02,3.698435585094361322e+00,-7.061512200796993440e-03,3.243947491876220807e-02,9.994487558211441192e-01,5.383285577571194080e-01,0.000000000000000000e+00,0.000000000000000000e+00,0.000000000000000000e+00,1.000000000000000056e-01
9.978982865341928798e-01,-6.329116744648793924e-02,1.390100195606515897e-02,5.638091235430142234e+01,6.370433439148018295e-02,9.974677675130682042e-01,-3.161978102761442422e-02,3.756973373740970956e+00,-1.186454853167107949e-02,3.243887938502861001e-02,9.994032977694156106e-01,5.628276598498876959e-01,0.000000000000000000e+00,0.000000000000000000e+00,0.000000000000000000e+00,1.000000000000000056e-01
9.977901240317084142e-01,-6.462069030879184772e-02,1.546074929630495559e-02,5.735169051093750880e+01,6.506016208505351062e-02,9.974348760514304413e-01,-2.984699894016254115e-02,3.854254074590533818e+00,-1.349235688286309215e-02,3.078691962965303050e-02,9.994349012744465632e-01,5.579755467290693494e-01,0.000000000000000000e+00,0.000000000000000000e+00,0.000000000000000000e+00,1.000000000000000056e-01
9.977482839581850449e-01,-6.599672091117535222e-02,1.194967311140555238e-02,5.826471215899149314e+01,6.631855194475667903e-02,9.973796743252592023e-01,-2.890735046299528974e-02,3.922542358772129312e+00,-1.001057073535914152e-02,2.963474433519300635e-02,9.995106654767321741e-01,5.664086385705370263e-01,0.000000000000000000e+00,0.000000000000000000e+00,0.000000000000000000e+00,1.000000000000000056e-01
9.976508665736891768e-01,-6.829491639386120472e-02,5.343483837585512666e-03,5.918063013827302399e+01,6.841899745759996709e-02,9.972586101333469344e-01,-2.817987405582495636e-02,3.987299773137155334e+00,-3.404293122508427957e-03,2.847927157882967908e-02,9.995885863087249357e-01,5.760556950963073852e-01,0.000000000000000000e+00,0.000000000000000000e+00,0.000000000000000000e+00,1.000000000000000056e-01
9.976635246081094754e-01,-6.828767556446976861e-02,2.070032010840415666e-03,6.012336442654505930e+01,6.831898954929441214e-02,9.972426585486887651e-01,-2.897577674035199322e-02,4.056174161162674707e+00,-8.563578449771801042e-05,2.904949804635255720e-02,9.995779706104809259e-01,5.922950315023980394e-01,0.000000000000000000e+00,0.000000000000000000e+00,0.000000000000000000e+00,1.000000000000000056e-01
9.976445485880102160e-01,-6.857062277628013514e-02,1.850503903945034147e-03,6.103185107834067225e+01,6.859557938603093319e-02,9.972947391196279598e-01,-2.641684714359470235e-02,4.135288380173407496e+00,-3.407814770263071971e-05,2.648155993113722115e-02,9.996493014163984059e-01,5.957005800338879276e-01,0.000000000000000000e+00,0.000000000000000000e+00,0.000000000000000000e+00,1.000000000000000056e-01
9.975547065016624471e-01,-6.968696383763754720e-02,5.323026157537562655e-03,6.194668780067659952e+01,6.979667529031947926e-02,9.972634318827716671e-01,-2.437358299089806279e-02,4.198558129232371705e+00,-3.609938337387302160e-03,2.468551195515875790e-02,9.996887484836027848e-01,6.138458604539769325e-01,0.000000000000000000e+00,0.000000000000000000e+00,0.000000000000000000e+00,1.000000000000000056e-01
9.973544241101715002e-01,-7.240698988628931076e-02,6.432769502715203307e-03,6.283783225964388208e+01,7.253981644940278584e-02,9.970858683124944610e-01,-2.361665177381876840e-02,4.271664242803459466e+00,-4.704012899134009905e-03,2.402080404827575122e-02,9.997003917352034197e-01,6.260732617044606485e-01,0.000000000000000000e+00,0.000000000000000000e+00,0.000000000000000000e+00,1.000000000000000056e-01
9.973438026279651814e-01,-7.259517131838942594e-02,5.939735755411346130e-03,6.366953862180893964e+01,7.270582719979286346e-02,9.971276061366535215e-01,-2.122262404559473528e-02,4.333542706824919932e+00,-4.382014466461883057e-03,2.159810596882251119e-02,9.997571303910641749e-01,6.436536114932639441e-01,0.000000000000000000e+00,0.000000000000000000e+00,0.000000000000000000e+00,1.000000000000000056e-01
9.972589833757810052e-01,-7.373483881486869729e-02,6.139513111720330124e-03,6.450337044502944650e+01,7.384247742694757810e-02,9.970755865022642439e-01,-1.968662816778315658e-02,4.402627444314599181e+00,-4.669968281947144487e-03,2.008602365106510260e-02,9.997873489148252357e-01,6.523713798925204754e-01,0.000000000000000000e+00,0.000000000000000000e+00,0.000000000000000000e+00,1.000000000000000056e-01
9.970398929472423788e-01,-7.657622880854186853e-02,6.894421891160623130e-03,6.531667049044526152e+01,7.670268473167077272e-02,9.968439953452775670e-01,-2.046331104729264688e-02,4.473554110712372633e+00,-5.305659874642655073e-03,2.093155812466360871e-02,9.997668327403987920e-01,6.625089654952962537e-01,0.000000000000000000e+00,0.000000000000000000e+00,0.000000000000000000e+00,1.000000000000000056e-01
9.969566792729875893e-01,-7.766139509474345726e-02,6.788767554985338307e-03,6.613354861258430617e+01,7.779271575866172905e-02,9.967292965081212541e-01,-2.188613390523109006e-02,4.540802550334730014e+00,-5.066855816927081854e-03,2.234764404503973220e-02,9.997374204148640198e-01,6.744796445827700992e-01,0.000000000000000000e+00,0.000000000000000000e+00,0.000000000000000000e+00,1.000000000000000056e-01
9.969589085822067043e-01,-7.740561864522857438e-02,9.016917473543398232e-03,6.690219553029231747e+01,7.759021096536630746e-02,9.967352458726788100e-01,-2.232954987187063881e-02,4.609925738075315138e+00,-7.259046833104302460e-03,2.296126819842163672e-02,9.997100011512313200e-01,6.846907557602004424e-01,0.000000000000000000e+00,0.000000000000000000e+00,0.000000000000000000e+00,1.000000000000000056e-01
9.966850939651484831e-01,-8.062864250713897007e-02,1.085566557789147818e-02,6.770993474203372386e+01,8.084827256230098236e-02,9.964924403895701888e-01,-2.159567248619068472e-02,4.688829236801637990e+00,-9.076358927175808000e-03,2.240174667062609301e-02,9.997078480509844489e-01,6.907877549667547079e-01,0.000000000000000000e+00,0.000000000000000000e+00,0.000000000000000000e+00,1.000000000000000056e-01
9.965163739264357723e-01,-8.200327226437979788e-02,1.518485543039495983e-02,6.845718751391436285e+01,8.229222662387976339e-02,9.964175172971698746e-01,-1.949668332379282665e-02,4.754372356150392775e+00,-1.353166411761721685e-02,2.067835973374695241e-02,9.996946031188373993e-01,7.007340252214795395e-01,0.000000000000000000e+00,0.000000000000000000e+00,0.000000000000000000e+00,1.000000000000000056e-01
9.963541032866700675e-01,-8.373475155105179757e-02,1.633989738337819977e-02,6.918859904247123893e+01,8.400504683980634935e-02,9.963266795261093156e-01,-1.662226729178185522e-02,4.826483527064155510e+00,-1.488801428188603684e-02,1.793429806714296956e-02,9.997283170859877499e-01,7.101133408772800637e-01,0.000000000000000000e+00,0.000000000000000000e+00,0.000000000000000000e+00,1.000000000000000056e-01
9.963693603692255207e-01,-8.425503241895306028e-02,1.221422242721674663e-02,6.989260817090915623e+01,8.442785240839552341e-02,9.963255380443816200e-01,-1.439999924582054808e-02,4.897554698562878173e+00,-1.095606932830096684e-02,1.537893860624391790e-02,9.998217105025369866e-01,7.194522461234164057e-01,0.000000000000000000e+00,0.000000000000000000e+00,0.000000000000000000e+00,1.000000000000000056e-01
9.963711999896911475e-01,-8.478431830013169468e-02,7.486735035039278341e-03,7.060457832332116368e+01,8.488390361200831569e-02,9.962900532081403471e-01,-1.417225409411527852e-02,4.961497590689207371e+00,-6.257374744268717412e-03,1.475632911339537327e-02,9.998715397551862782e-01,7.273968907048843358e-01,0.000000000000000000e+00,0.000000000000000000e+00,0.000000000000000000e+00,1.000000000000000056e-01
9.964068195923246885e-01,-8.468835135877544884e-02,1.154562272506925481e-03,7.134803009568558707e+01,8.469600155456216695e-02,9.962806145595908269e-01,-1.585951996226920777e-02,5.033883241085462146e+00,1.928485885456502247e-04,1.590032065389273067e-02,9.998735633131446976e-01,7.465549743547258421e-01,0.000000000000000000e+00,0.000000000000000000e+00,0.000000000000000000e+00,1.000000000000000056e-01
9.961530520520114340e-01,-8.762872410948020774e-02,5.509976470888056175e-04,7.205214655580276428e+01,8.762719494581720781e-02,9.960420378531005259e-01,-1.489071977341826364e-02,5.096727965614880063e+00,7.560379555578530981e-04,1.488171832777797701e-02,9.998889752698658651e-01,7.536996391914317917e-01,0.000000000000000000e+00,0.000000000000000000e+00,0.000000000000000000e+00,1.000000000000000056e-01
9.960251864197262606e-01,-8.895223491477295685e-02,4.618216237523652297e-03,7.271994328322310253e+01,8.900241871088791779e-02,9.959576069883172567e-01,-1.212495549337666741e-02,5.169364315351396399e+00,-3.521005703100638703e-03,1.248779347089088061e-02,9.999158252238370403e-01,7.629410542449895916e-01,0.000000000000000000e+00,0.000000000000000000e+00,0.000000000000000000e+00,1.000000000000000056e-01
9.958470843577920117e-01,-9.072809256788970378e-02,7.549688409271840088e-03,7.333220755411591085e+01,9.082181431547990680e-02,9.957801057488990804e-01,-1.316734746088772320e-02,5.219834438086368600e+00,-6.323181203250962702e-03,1.379834097649763197e-02,9.998848049479335254e-01,7.776936014121200724e-01,0.000000000000000000e+00,0.000000000000000000e+00,0.000000000000000000e+00,1.000000000000000056e-01
9.959450798684016393e-01,-8.989962823631704458e-02,3.384483549240768947e-03,7.389747234583028046e+01,8.994201202448999510e-02,9.958230248048762778e-01,-1.571425281244225730e-02,5.265512685593184194e+00,-1.957641159557228089e-03,1.595494003244256331e-02,9.998707954179137936e-01,7.834426611039464472e-01,0.000000000000000000e+00,0.000000000000000000e+00,0.000000000000000000e+00,1.000000000000000056e-01
9.960846184149951821e-01,-8.839837936582198297e-02,1.076792714303488781e-03,7.453082326256067347e+01,8.840241623886344047e-02,9.958903348057628335e-01,-1.968384727628845476e-02,5.311946230177521322e+00,6.676527421441405454e-04,1.970196858087366193e-02,9.998056744557185516e-01,8.061456325674394296e-01,0.000000000000000000e+00,0.000000000000000000e+00,0.000000000000000000e+00,1.000000000000000056e-01
9.962880160466340840e-01,-8.603892180838711157e-02,-2.737337376375229871e-03,7.512703511587427840e+01,8.595641617312881066e-02,9.960463275673770989e-01,-2.243229498320001986e-02,5.359461304514715252e+00,4.656565315093687783e-03,2.211373495345524132e-02,9.997446169526869042e-01,8.172296827739047309e-01,0.000000000000000000e+00,0.000000000000000000e+00,0.000000000000000000e+00,1.000000000000000056e-01
9.964495215923431237e-01,-8.410778460409470969e-02,-3.772464364538202254e-03,7.570878475275485187e+01,8.401127860190113483e-02,9.962449650440535764e-01,-2.093023392239398012e-02,5.413932908730412663e+00,5.518694235437327823e-03,2.053899202404035201e-02,9.997738213318910772e-01,8.267572002425898070e-01,0.000000000000000000e+00,0.000000000000000000e+00,0.000000000000000000e+00,1.000000000000000056e-01
9.968489692654997070e-01,-7.930663056663543597e-02,-1.609603205167528181e-03,7.627536450261501955e+01,7.926244894143393005e-02,9.966758629895073884e-01,-1.883317078792540178e-02,5.470501610480868138e+00,3.097847981657373372e-03,1.864624579607899318e-02,9.998213444688980323e-01,8.246362139791494350e-01,0.000000000000000000e+00,0.000000000000000000e+00,0.000000000000000000e+00,1.000000000000000056e-01
9.974812027767518963e-01,-7.090054808052351221e-02,2.088633267432843995e-03,7.682000199547402985e+01,7.092827885234873064e-02,9.972781463235417254e-01,-2.013648739288992004e-02,5.499775573711100485e+00,-6.552603207226614934e-04,2.023391082717150916e-02,9.997950587428156011e-01,8.407728624396643147e-01,0.000000000000000000e+00,0.000000000000000000e+00,0.000000000000000000e+00,1.000000000000000056e-01
9.978672151409039293e-01,-6.507615944974860789e-02,5.110226825468853692e-03,7.737825926467419890e+01,6.518056318867150589e-02,9.975854265334858084e-01,-2.397521533606590538e-02,5.519953667059471769e+00,-3.537672871316325032e-03,2.425716882230949389e-02,9.996994921632107456e-01,8.510092938214446345e-01,0.000000000000000000e+00,0.000000000000000000e+00,0.000000000000000000e+00,1.000000000000000056e-01
9.983755415095578734e-01,-5.624059325336376591e-02,9.125447167498711154e-03,7.791475515470453672e+01,5.646666510275986928e-02,9.980456147310392545e-01,-2.676689463338544420e-02,5.544873704856327912e+00,-7.602226494249995220e-03,2.723869649325555073e-02,9.996000498027590719e-01,8.652825173002056669e-01,0.000000000000000000e+00,0.000000000000000000e+00,0.000000000000000000e+00,1.000000000000000056e-01
9.989633896940475211e-01,-4.462080672847729135e-02,9.007200335199470539e-03,7.839119677095457916e+01,4.480643407017299851e-02,9.987625244147808612e-01,-2.158247646887256552e-02,5.576565554856513174e+00,-8.033026633454011869e-03,2.196368437931290815e-02,9.997264961236108638e-01,8.778123749366364414e-01,0.000000000000000000e+00,0.000000000000000000e+00,0.000000000000000000e+00,1.000000000000000056e-01
9.995647204121427265e-01,-2.840331679814369140e-02,7.976296274534919878e-03,7.887399360570802287e+01,2.853850912105141899e-02,9.994415821340291162e-01,-1.738037394811461564e-02,5.596376570458770239e+00,-7.478181900872440425e-03,1.760044023008869654e-02,9.998171339295823801e-01,8.835612248403778013e-01,0.000000000000000000e+00,0.000000000000000000e+00,0.000000000000000000e+00,1.000000000000000056e-01
9.999069096205848162e-01,-1.078292533330132280e-02,8.360658722139526974e-03,7.933367705665142466e+01,1.088914996255701401e-02,9.998592228444818097e-01,-1.276561420072427726e-02,5.610175554391642727e+00,-8.221831067626224690e-03,1.285546631146599998e-02,9.998835624610548090e-01,8.834808894926456935e-01,0.000000000000000000e+00,0.000000000000000000e+00,0.000000000000000000e+00,1.000000000000000056e-01
9.998908098780484588e-01,1.192120381731805179e-02,8.732309028336672149e-03,7.980648228629992502e+01,-1.180017372869567732e-02,9.998353809418404348e-01,-1.378284864813700966e-02,5.603197955214072046e+00,-8.895179671766556898e-03,1.367830093362524743e-02,9.998668810707633803e-01,8.921851291185047828e-01,0.000000000000000000e+00,0.000000000000000000e+00,0.000000000000000000e+00,1.000000000000000056e-01
9.992439844285123662e-01,3.748803348553716303e-02,1.030082175451036558e-02,8.029202562176347158e+01,-3.732289027087089955e-02,9.991786268205079535e-01,-1.578206472273616448e-02,5.590918410498698421e+00,-1.088399950659132975e-02,1.538567679601216161e-02,9.998223939801854643e-01,9.065184276962311438e-01,0.000000000000000000e+00,0.000000000000000000e+00,0.000000000000000000e+00,1.000000000000000056e-01
9.976922264639537241e-01,6.713134018326524788e-02,1.017862557508087198e-02,8.076111075249703219e+01,-6.695920347517744786e-02,9.976208886256029418e-01,-1.640206230424148814e-02,5.556592075863646230e+00,-1.125550191545261411e-02,1.568265739793969077e-02,9.998136666067183320e-01,9.099856693490198101e-01,0.000000000000000000e+00,0.000000000000000000e+00,0.000000000000000000e+00,1.000000000000000056e-01
9.948284560806350818e-01,1.009234688190191465e-01,1.143662597781501186e-02,8.120762207190912818e+01,-1.007005337078196727e-01,9.947423035833452554e-01,-1.863201472358840330e-02,5.496309752240743585e+00,-1.325690322738441382e-02,1.738398410135642488e-02,9.997609972456334981e-01,9.111219480075676280e-01,0.000000000000000000e+00,0.000000000000000000e+00,0.000000000000000000e+00,1.000000000000000056e-01
