9.999990309481597839e-01,-6.281871836584259185e-04,-1.242370155654663657e-03,6.468619332359679674e-01,6.248657979011543835e-04,9.999962349441717802e-01,-2.672010519325870772e-03,-4.491084006626161647e-03,1.244044000824509437e-03,2.671231615390557996e-03,9.999956584286658900e-01,-3.714022477988026963e-04,0.000000000000000000e+00,0.000000000000000000e+00,0.000000000000000000e+00,1.000000000000000056e-01
9.999803728433884764e-01,-5.424591585124410170e-03,-3.134921710724786030e-03,1.307175448564402265e+00,5.415832842481642373e-03,9.999814262494818307e-01,-2.795695025301609283e-03,5.312682060312434729e-03,3.150028987179862190e-03,2.778661941797957741e-03,9.999911781386839893e-01,4.363870079594063707e-03,0.000000000000000000e+00,0.000000000000000000e+00,0.000000000000000000e+00,1.000000000000000056e-01
9.999363313633022887e-01,-9.946120838665467936e-03,-5.329906187055089006e-03,2.004906857775502704e+00,9.930811783315432809e-03,9.999465088202229568e-01,-2.891102829753639490e-03,1.418212470876384183e-02,5.358376342186780411e-03,2.837988462011543228e-03,9.999816166432585751e-01,8.820629576993470333e-03,0.000000000000000000e+00,0.000000000000000000e+00,0.000000000000000000e+00,1.000000000000000056e-01
9.998571956167102703e-01,-1.609241478527158667e-02,-5.159705404996169087e-03,2.702843638769270029e+00,1.608498915225158379e-02,9.998695366330957457e-01,-1.477442753654347081e-03,2.265060810979381903e-02,5.182807874070098630e-03,1.394237962884888136e-03,9.999855971978013347e-01,1.665669792002539770e-02,0.000000000000000000e+00,0.000000000000000000e+00,0.000000000000000000e+00,1.000000000000000056e-01
9.997519916806670848e-01,-2.134370495641992743e-02,-6.356208718456898485e-03,3.410883500190307949e+00,2.133416879215925543e-02,9.997711768585709757e-01,-1.564341642911418022e-03,3.075259850536431541e-02,6.388143117287704495e-03,1.428349243491943386e-03,9.999785754934711335e-01,3.035483293290140716e-02,0.000000000000000000e+00,0.000000000000000000e+00,0.000000000000000000e+00,1.000000000000000056e-01
9.996525331225819544e-01,-2.532195760431335541e-02,-7.321986389676691902e-03,4.129948484198534331e+00,2.531940617693920204e-02,9.996793151924577847e-01,-4.409616603707019371e-04,5.366306549104169626e-02,7.330804352349525217e-03,2.554200933772669824e-04,9.999730966721671610e-01,4.091249362701993714e-02,0.000000000000000000e+00,0.000000000000000000e+00,0.000000000000000000e+00,1.000000000000000056e-01
9.994983930614946832e-01,-3.006897679775294430e-02,-9.940769679765931385e-03,4.893414374034314562e+00,3.008355876314918603e-02,9.995465149435208696e-01,1.320589416112316313e-03,8.573573416282426196e-02,9.896552916753816390e-03,-1.618980728110447917e-03,9.999497173067093403e-01,5.571217709018872616e-02,0.000000000000000000e+00,0.000000000000000000e+00,0.000000000000000000e+00,1.000000000000000056e-01
9.993438474281822748e-01,-3.475496305729811747e-02,-1.019642831210388137e-02,5.655656934953514181e+00,3.477554271252999291e-02,9.993934393796866100e-01,1.847959385280491034e-03,1.260547377755762144e-01,1.012601780005509960e-02,-2.201333170260042806e-03,9.999463075064513040e-01,6.019512114773447470e-02,0.000000000000000000e+00,0.000000000000000000e+00,0.000000000000000000e+00,1.000000000000000056e-01
9.992109791465118018e-01,-3.887773235009047562e-02,-8.120411343265668616e-03,6.438748278559909721e+00,3.889451077223216729e-02,9.992414804352834912e-01,1.918543533938246249e-03,1.622843642813159015e-01,8.039663230373807548e-03,-2.232869189547246995e-03,9.999651884492402054e-01,7.111111913692864939e-02,0.000000000000000000e+00,0.000000000000000000e+00,0.000000000000000000e+00,1.000000000000000056e-01
9.991045944774581411e-01,-4.179193141812684309e-02,-6.591188237063817790e-03,7.236619513379247692e+00,4.180169956314037927e-02,9.991250132761970715e-01,1.351206672559464046e-03,2.024815016760261599e-01,6.528951498270979883e-03,-1.625519665092605304e-03,9.999773649829037936e-01,8.616890799551669977e-02,0.000000000000000000e+00,0.000000000000000000e+00,0.000000000000000000e+00,1.000000000000000056e-01
9.991220833721029537e-01,-4.143424236909728359e-02,-6.185958089691888546e-03,8.032328919428467273e+00,4.144660531585810798e-02,9.991389442826754674e-01,1.883859201777011863e-03,2.421472720144495216e-01,6.102575356355946327e-03,-2.138592293903054161e-03,9.999790922799438597e-01,1.004331888079506713e-01,0.000000000000000000e+00,0.000000000000000000e+00,0.000000000000000000e+00,1.000000000000000056e-01
9.990412604675562580e-01,-4.331184143399920139e-02,-6.375286267493335615e-03,8.867531922624122487e+00,4.331209892446977183e-02,9.990615859568220403e-01,-9.773533888911305938e-05,2.886362208620248948e-01,6.373536706831103155e-03,-1.784853933334817075e-04,9.999796728798096002e-01,1.154425018446111062e-01,0.000000000000000000e+00,0.000000000000000000e+00,0.000000000000000000e+00,1.000000000000000056e-01
9.989024306909314310e-01,-4.642565736757080924e-02,-6.212269934406205486e-03,9.642563050833995675e+00,4.642411112605675932e-02,9.989217424289701386e-01,-3.929488843787858673e-04,3.523491449144707799e-01,6.223814417585289520e-03,1.041184859633239928e-04,9.999806264590511695e-01,1.318711286327992616e-01,0.000000000000000000e+00,0.000000000000000000e+00,0.000000000000000000e+00,1.000000000000000056e-01
9.988344173068731680e-01,-4.801090414354521052e-02,-4.975930722844140383e-03,1.042539756558478636e+01,4.801178393218173690e-02,9.988467676798350459e-01,5.743862075675012179e-05,3.587394195962350096e-01,4.967434638596364763e-03,-2.962749820211766868e-04,9.999876183304702293e-01,1.385778112050697064e-01,0.000000000000000000e+00,0.000000000000000000e+00,0.000000000000000000e+00,1.000000000000000056e-01
9.987805484122038724e-01,-4.898322089406179081e-02,-6.169293659806777096e-03,1.122785500462903308e+01,4.897502419239244120e-02,9.987989175496725380e-01,-1.472856733332205108e-03,4.106711517786356680e-01,6.234029096175185310e-03,1.168919349611136516e-03,9.999798850520854598e-01,1.644622752150332323e-01,0.000000000000000000e+00,0.000000000000000000e+00,0.000000000000000000e+00,1.000000000000000056e-01
9.986552694905187488e-01,-5.134888479919449966e-02,-7.137559015412600801e-03,1.209555833476253461e+01,5.134387190930514433e-02,9.986806424005992833e-01,-8.839183713229611244e-04,4.615130746395518790e-01,7.173530245305399268e-03,5.162598234887015233e-04,9.999741366353503969e-01,1.758244564336195748e-01,0.000000000000000000e+00,0.000000000000000000e+00,0.000000000000000000e+00,1.000000000000000056e-01
9.985050757243171260e-01,-5.415413203158159217e-02,-7.412404244355911415e-03,1.299373843255470007e+01,5.415615550313020166e-02,9.985324759767731928e-01,7.239347787519641439e-05,5.325312058751444644e-01,7.397605957098372584e-03,-4.737125720171206215e-04,9.999725251338171805e-01,1.966678561192240493e-01,0.000000000000000000e+00,0.000000000000000000e+00,0.000000000000000000e+00,1.000000000000000056e-01
9.986607802997143901e-01,-5.090870569555155239e-02,-9.216809402897483891e-03,1.388364366963474161e+01,5.094146032703910504e-02,9.986960074177397839e-01,3.354457871941562714e-03,5.831822646103417274e-01,9.034019643233198379e-03,-3.819483246415263013e-03,9.999518978615001830e-01,2.089989795429314789e-01,0.000000000000000000e+00,0.000000000000000000e+00,0.000000000000000000e+00,1.000000000000000056e-01
9.978938098905785203e-01,-6.414143146986117650e-02,-9.686121569704563700e-03,1.481593868309245998e+01,6.420360760136997746e-02,9.979172458133374057e-01,6.250382331701444596e-03,7.112736540939945673e-01,9.265039289463480182e-03,-6.859101786694790301e-03,9.999335536772653299e-01,2.283059585342805398e-01,0.000000000000000000e+00,0.000000000000000000e+00,0.000000000000000000e+00,1.000000000000000056e-01
9.976614193458371860e-01,-6.765388332442462405e-02,-9.728536373721934777e-03,1.577733491504852559e+01,6.769241633132214164e-02,9.976994240862140373e-01,3.687268536991424473e-03,7.738540886712649280e-01,9.456697101876718886e-03,-4.337193696628508822e-03,9.999458783508041737e-01,2.346167281173386909e-01,0.000000000000000000e+00,0.000000000000000000e+00,0.000000000000000000e+00,1.000000000000000056e-01
9.975640711236947178e-01,-6.938987356912244830e-02,-7.139289122969910348e-03,1.670258815980612965e+01,6.941330119331333426e-02,9.975832100644217437e-01,3.087493321485421799e-03,8.580740600827674314e-01,6.907794189646949273e-03,-3.575534033547072242e-03,9.999697485103279382e-01,2.528301674057094606e-01,0.000000000000000000e+00,0.000000000000000000e+00,0.000000000000000000e+00,1.000000000000000056e-01
9.973715442810533460e-01,-7.214264476866942555e-02,-6.741028423649916834e-03,1.758208222746069183e+01,7.217149562073578439e-02,9.973836489084786372e-01,4.139095296638799215e-03,9.373483230532954069e-01,6.424786244926641507e-03,-4.614725971291788395e-03,9.999687127235116213e-01,2.724589682739726459e-01,0.000000000000000000e+00,0.000000000000000000e+00,0.000000000000000000e+00,1.000000000000000056e-01
9.972952687592229193e-01,-7.318318245462192284e-02,-6.809457855286768155e-03,1.849138846746868481e+01,7.322014246675988269e-02,9.973014723784970892e-01,5.346394002420944494e-03,1.006966727780366000e+00,6.399816217423349302e-03,-5.830522917822588205e-03,9.999625229751802902e-01,2.862242131058055916e-01,0.000000000000000000e+00,0.000000000000000000e+00,0.000000000000000000e+00,1.000000000000000056e-01
9.973369485572596282e-01,-7.255419481429237205e-02,-7.409443794498139085e-03,1.940824317549628830e+01,7.258727644863932627e-02,9.973528049947650853e-01,4.297635029053632934e-03,1.078060695220840692e+00,7.078018102755091051e-03,-4.824021550931032083e-03,9.999633145649959864e-01,3.070747478283403775e-01,0.000000000000000000e+00,0.000000000000000000e+00,0.000000000000000000e+00,1.000000000000000056e-01
9.972806366314777016e-01,-7.345824648258841849e-02,-5.934460684667098099e-03,2.033542672272066909e+01,7.345692056605515607e-02,9.972982933935206074e-01,-4.413788888027033396e-04,1.130649507717797375e+00,5.950850432235321036e-03,4.251412104885844354e-06,9.999822935237696608e-01,3.258523509917572447e-01,0.000000000000000000e+00,0.000000000000000000e+00,0.000000000000000000e+00,1.000000000000000056e-01
9.974181603293675868e-01,-7.177837916882068292e-02,-2.208558144368503919e-03,2.125119121146815360e+01,7.177773156923125675e-02,9.974205830332835143e-01,-3.712038795533356716e-04,1.211395214247788399e+00,2.229505764834456300e-03,2.117201970096902852e-04,9.999974922361569707e-01,3.311204089072386503e-01,0.000000000000000000e+00,0.000000000000000000e+00,0.000000000000000000e+00,1.000000000000000056e-01
9.974012796667368619e-01,-7.204604562031959036e-02,-2.337298237581973811e-04,2.221319829544113844e+01,7.204564967733294301e-02,9.974003491698191226e-01,-1.402796668775702560e-03,1.292746840750256920e+00,3.341881606224729700e-04,1.382311975547493481e-03,9.999989887654264775e-01,3.492081027066344934e-01,0.000000000000000000e+00,0.000000000000000000e+00,0.000000000000000000e+00,1.000000000000000056e-01
9.975474757437069462e-01,-6.998473368330569711e-02,1.081983657516545237e-03,2.318528634500109931e+01,6.998704950120405999e-02,9.975453046824850345e-01,-2.275523685694493588e-03,1.358978459517982795e+00,-9.200757981654282981e-04,2.345667752457662649e-03,9.999968256466220673e-01,3.634128775947262358e-01,0.000000000000000000e+00,0.000000000000000000e+00,0.000000000000000000e+00,1.000000000000000056e-01
9.978467584080660258e-01,-6.554922424097923972e-02,2.268465543182605123e-03,2.411534164687407511e+01,6.555769371631582632e-02,9.978412148200833665e-01,-3.885717562820552654e-03,1.422681822246365968e+00,-2.008862641524394952e-03,4.026066043435760217e-03,9.999898775803189865e-01,3.696511283817998095e-01,0.000000000000000000e+00,0.000000000000000000e+00,0.000000000000000000e+00,1.000000000000000056e-01
9.979675765431369472e-01,-6.372233484381663315e-02,-4.245122737045319027e-04,2.507211119465426563e+01,6.371937088569633312e-02,9.979549583041121830e-01,-5.073753065421292806e-03,1.491693580273192321e+00,7.469555201540067739e-04,5.036391395663091138e-03,9.999870383255777817e-01,3.810257726223229002e-01,0.000000000000000000e+00,0.000000000000000000e+00,0.000000000000000000e+00,1.000000000000000056e-01
9.980454331671403390e-01,-6.225326226012650732e-02,-5.463027749074115744e-03,2.602744710598074107e+01,6.223364596504278590e-02,9.980547855943515678e-01,-3.690292957294526166e-03,1.564281155440859328e+00,5.682133764085313052e-03,3.343095898243579264e-03,9.999782682967176539e-01,3.897607345160641334e-01,0.000000000000000000e+00,0.000000000000000000e+00,0.000000000000000000e+00,1.000000000000000056e-01
9.981084718122221755e-01,-6.084054327156888237e-02,-8.826482373569836601e-03,2.698246218268041474e+01,6.079962314555124175e-02,9.981382917576991920e-01,-4.832841025855178288e-03,1.630154485299026623e+00,9.104082712142592612e-03,4.287052768813826367e-03,9.999493671464210198e-01,4.094483852238716692e-01,0.000000000000000000e+00,0.000000000000000000e+00,0.000000000000000000e+00,1.000000000000000056e-01
9.981614782666600183e-01,-6.015337380042268950e-02,-7.432020246379876689e-03,2.795317945678069904e+01,6.009471827995396115e-02,9.981615860977147703e-01,-7.878634002623346663e-03,1.684251103225748114e+00,7.892283533233389672e-03,7.417523799823379053e-03,9.999413443804141544e-01,4.333791407648994176e-01,0.000000000000000000e+00,0.000000000000000000e+00,0.000000000000000000e+00,1.000000000000000056e-01
9.982202573118136302e-01,-5.947897507370401154e-02,-4.309224584350346277e-03,2.896365375180118207e+01,5.942848478916708949e-02,9.981716765747677966e-01,-1.102539249101319556e-02,1.731691035804226564e+00,4.957124973248969516e-03,1.074967944167875937e-02,9.999299331972719695e-01,4.501169597634342989e-01,0.000000000000000000e+00,0.000000000000000000e+00,0.000000000000000000e+00,1.000000000000000056e-01
9.982331029295927749e-01,-5.940609776823872062e-02,-1.260064882253276704e-03,2.992156795546078740e+01,5.937798403438503819e-02,9.981041974240152381e-01,-1.619463172087094033e-02,1.779254462916685542e+00,2.219735923334272346e-03,1.609119736106628257e-02,9.998680643664532575e-01,4.581583395030199846e-01,0.000000000000000000e+00,0.000000000000000000e+00,0.000000000000000000e+00,1.000000000000000056e-01
9.982694777789694607e-01,-5.876726118297751628e-02,-2.111574757236188427e-03,3.085101231149756984e+01,5.870478279395593274e-02,9.980197954429526064e-01,-2.258841254098090112e-02,1.824597463688011345e+00,3.434852546784032505e-03,2.242536325366417671e-02,9.997426193130525274e-01,4.790191463378108971e-01,0.000000000000000000e+00,0.000000000000000000e+00,0.000000000000000000e+00,1.000000000000000056e-01
9.982852037772240728e-01,-5.831550022654966026e-02,-5.094541470377215650e-03,3.180010879750941655e+01,5.816860374964906433e-02,9.979849286564888011e-01,-2.534749913342937769e-02,1.863003235081020836e+00,6.562427697309898209e-03,2.500769097358203005e-02,9.996657190955822170e-01,4.930156584187037616e-01,0.000000000000000000e+00,0.000000000000000000e+00,0.000000000000000000e+00,1.000000000000000056e-01
9.982896871075939149e-01,-5.788238640946233304e-02,-8.205483420734738242e-03,3.278832480689224838e+01,5.764992269237551037e-02,9.979932520093283133e-01,-2.619074946252040667e-02,1.935505438686648816e+00,9.705000164110712951e-03,2.567290960119395296e-02,9.996232863856381323e-01,5.078787978623806598e-01,0.000000000000000000e+00,0.000000000000000000e+00,0.000000000000000000e+00,1.000000000000000056e-01
9.982163597212486694e-01,-5.891295158338931415e-02,-9.662469694225619618e-03,3.376162835735706125e+01,5.863729290184963028e-02,9.979225849321036179e-01,-2.668674509135874826e-02,1.999558777407023369e+00,1.121459165557521336e-02,2.607256447228948129e-02,9.995971460122508034e-01,5.242569222942701224e-01,0.000000000000000000e+00,0.000000000000000000e+00,0.000000000000000000e+00,1.000000000000000056e-01
9.982105224043378300e-01,-5.916145757205470979e-02,-8.699132095159177458e-03,3.473005594453620404e+01,5.889756214917153676e-02,9.978718767119315602e-01,-2.797847101419582982e-02,2.070285461685678285e+00,1.033586639539879615e-02,2.741604649393655085e-02,9.995706729693998316e-01,5.512698244489655508e-01,0.000000000000000000e+00,0.000000000000000000e+00,0.000000000000000000e+00,1.000000000000000056e-01
9.981783822742977819e-01,-5.967582090914465287e-02,-8.872066224139545099e-03,3.571429606481962082e+01,5.943049155612978307e-02,9.979006930382577911e-01,-2.573370372025138644e-02,2.135288865881941334e+00,1.038912092828888148e-02,2.515955549258746052e-02,9.996294628179748232e-01,5.623317027412096936e-01,0.000000000000000000e+00,0.000000000000000000e+00,0.000000000000000000e+00,1.000000000000000056e-01
9.982749741751911765e-01,-5.811148118311513372e-02,-8.374466563658280321e-03,3.670138331268390885e+01,5.789202175758726560e-02,9.980241370873967899e-01,-2.441998377919482946e-02,2.203908391289682189e+00,9.777001193638969884e-03,2.389304387602281601e-02,9.996667108101570109e-01,5.876066942384808867e-01,0.000000000000000000e+00,0.000000000000000000e+00,0.000000000000000000e+00,1.000000000000000056e-01
9.982231206551603897e-01,-5.921203910813726407e-02,-6.673515874678149010e-03,3.771251148052250102e+01,5.903219625275173826e-02,9.979548741002602918e-01,-2.452078842758338359e-02,2.268411014512813129e+00,8.111793577856947143e-03,2.408326564629737279e-02,9.996770454105465831e-01,6.058173170770644322e-01,0.000000000000000000e+00,0.000000000000000000e+00,0.000000000000000000e+00,1.000000000000000056e-01
9.983563799434246322e-01,-5.712999057293295657e-02,-4.550033340196930724e-03,3.870649126664212503e+01,5.700323746269082836e-02,9.980778634937534921e-01,-2.431479637003887764e-02,2.329865845298344507e+00,5.930391642412204296e-03,2.401546545209913217e-02,9.996939971181614260e-01,6.375611541524327519e-01,0.000000000000000000e+00,0.000000000000000000e+00,0.000000000000000000e+00,1.000000000000000056e-01
9.983848953761363942e-01,-5.672721786188771043e-02,-3.102166731660978283e-03,3.972094289322904359e+01,5.665414241980208654e-02,9.981932480409310138e-01,-2.001368812021478080e-02,2.393402099401625627e+00,4.231882732056488523e-03,1.980561332416576684e-02,9.997948933903372248e-01,6.561254566716266945e-01,0.000000000000000000e+00,0.000000000000000000e+00,0.000000000000000000e+00,1.000000000000000056e-01
9.982853667864863834e-01,-5.847266044256377998e-02,-2.697117116302366353e-03,4.073011675219063221e+01,5.839640595136450646e-02,9.980337700624586361e-01,-2.276957590467827350e-02,2.462895793579636727e+00,4.023211644178671838e-03,2.257303248755252248e-02,9.997371014283615853e-01,6.754015763858380872e-01,0.000000000000000000e+00,0.000000000000000000e+00,0.000000000000000000e+00,1.000000000000000056e-01
9.983414304865544375e-01,-5.734236091452511036e-02,-5.122676918236567997e-03,4.174556067530351555e+01,5.721821882463878212e-02,9.981244304312005822e-01,-2.176457697560926774e-02,2.526202700034545501e+00,6.361101209385282632e-03,2.143536846288889713e-02,9.997499994349907659e-01,7.111494078059017454e-01,0.000000000000000000e+00,0.000000000000000000e+00,0.000000000000000000e+00,1.000000000000000056e-01
9.983942886716608012e-01,-5.621229075090920096e-02,-7.001622407955802700e-03,4.277737840777434286e+01,5.608013379647657642e-02,9.982671567359148179e-01,-1.782420757738655340e-02,2.602042754291790327e+00,7.991429232473120162e-03,1.740293512393030831e-02,9.998166206399524691e-01,7.374614998502515562e-01,0.000000000000000000e+00,0.000000000000000000e+00,0.000000000000000000e+00,1.000000000000000056e-01
9.984146787927116184e-01,-5.579855187564563418e-02,-7.392616575165612477e-03,4.383688679663025312e+01,5.564581641635287651e-02,9.982607914037349151e-01,-1.946626469938211521e-02,2.668759923641899956e+00,8.465948653522714293e-03,1.902403623234933880e-02,9.997831833746886332e-01,7.632185078792709243e-01,0.000000000000000000e+00,0.000000000000000000e+00,0.000000000000000000e+00,1.000000000000000056e-01
9.983922733597352384e-01,-5.624306129517825381e-02,-7.041771916680122922e-03,4.484261285804690544e+01,5.607457074385498175e-02,9.981799080094450050e-01,-2.219265108427546929e-02,2.728250609670884064e+00,8.277137879250667449e-03,2.176210703040520889e-02,9.997289130990085759e-01,7.963498494950366213e-01,0.000000000000000000e+00,0.000000000000000000e+00,0.000000000000000000e+00,1.000000000000000056e-01
9.985072719540136754e-01,-5.432234365946205651e-02,-5.684261983458657741e-03,4.582448369414223777e+01,5.418047644178797945e-02,9.982734237523283038e-01,-2.268584145111597616e-02,2.788706981513119132e+00,6.906795747244067266e-03,2.234400163685136553e-02,9.997264834760346552e-01,8.171428545211093519e-01,0.000000000000000000e+00,0.000000000000000000e+00,0.000000000000000000e+00,1.000000000000000056e-01
9.983303351856442909e-01,-5.719046072239834799e-02,-8.111291541973162170e-03,4.673794468993053641e+01,5.701731309883426024e-02,9.981693115311386366e-01,-2.017551794730986642e-02,2.845001174798842403e+00,9.250289460799367494e-03,1.967934754539723413e-02,9.997635497581810471e-01,8.416875779368040433e-01,0.000000000000000000e+00,0.000000000000000000e+00,0.000000000000000000e+00,1.000000000000000056e-01
9.984199498319467070e-01,-5.472999411195043212e-02,-1.273701386035918336e-02,4.769221905116380356e+01,5.448680748258493550e-02,9.983390840030178515e-01,-1.871526549026153105e-02,2.902551897570598172e+00,1.374014512037033224e-02,1.799169520976607109e-02,9.997437208182655688e-01,8.576660640608223529e-01,0.000000000000000000e+00,0.000000000000000000e+00,0.000000000000000000e+00,1.000000000000000056e-01
9.985188794076568231e-01,-5.306849684432365932e-02,-1.199091777810291914e-02,4.865440944571246717e+01,5.281693102821974350e-02,9.983957443813782362e-01,-2.040366138500622484e-02,2.962111865244041908e+00,1.305447292070781654e-02,1.974011762471857695e-02,9.997199150226651065e-01,8.839901712257267619e-01,0.000000000000000000e+00,0.000000000000000000e+00,0.000000000000000000e+00,1.000000000000000056e-01
9.987214168893423505e-01,-4.839115639190141177e-02,-1.462283931386124981e-02,4.961884308614288841e+01,4.809391491847004457e-02,9.986418091842854672e-01,-2.003777175616631295e-02,3.028193124944834391e+00,1.557262965460336386e-02,1.930888220979636027e-02,9.996922827917842369e-01,9.047419669314128443e-01,0.000000000000000000e+00,0.000000000000000000e+00,0.000000000000000000e+00,1.000000000000000056e-01
9.988082847962973521e-01,-4.742505865927162945e-02,-1.152709995806404722e-02,5.062761067119129876e+01,4.714661837530755018e-02,9.986154247345050416e-01,-2.333302076665562733e-02,3.089871626863499365e+00,1.261770969913586851e-02,2.276175066836282415e-02,9.996612906922321962e-01,9.430751325279348452e-01,0.000000000000000000e+00,0.000000000000000000e+00,0.000000000000000000e+00,1.000000000000000056e-01
9.989191016100119613e-01,-4.534097600497333930e-02,-1.023837553340134487e-02,5.157925878932801567e+01,4.509818250778962340e-02,9.987219867341418089e-01,-2.281550236796711997e-02,3.141006347623178208e+00,1.125976789905622916e-02,2.232910899980219618e-02,9.996872653575888945e-01,9.679287838066232830e-01,0.000000000000000000e+00,0.000000000000000000e+00,0.000000000000000000e+00,1.000000000000000056e-01
9.989588505900373061e-01,-4.444569047937130257e-02,-1.028569033382788732e-02,5.253767776690338565e+01,4.415571087615188794e-02,9.986628631322649330e-01,-2.688417745605766254e-02,3.179558797499751233e+00,1.146682278807685008e-02,2.640201504201982255e-02,9.995856369400611952e-01,9.939039607002925214e-01,0.000000000000000000e+00,0.000000000000000000e+00,0.000000000000000000e+00,1.000000000000000056e-01
9.989171290836508232e-01,-4.503049890002169819e-02,-1.169715316186019718e-02,5.352186498900105960e+01,4.466437877270929002e-02,9.985553015786217124e-01,-2.987311430158902381e-02,3.234590375727384615e+00,1.302545554385056356e-02,2.931831949554734168e-02,9.994852543433705439e-01,1.035512494111804571e+00,0.000000000000000000e+00,0.000000000000000000e+00,0.000000000000000000e+00,1.000000000000000056e-01
9.989285513164029018e-01,-4.469270682356050323e-02,-1.201296473381836469e-02,5.448313181759029078e+01,4.432939899928942801e-02,9.985966677718004503e-01,-2.897584337716674341e-02,3.274135687615728152e+00,1.329111542627229442e-02,2.841226974107433079e-02,9.995079235198117695e-01,1.054428802775980722e+00,0.000000000000000000e+00,0.000000000000000000e+00,0.000000000000000000e+00,1.000000000000000056e-01
9.989007208518800862e-01,-4.628071136021590093e-02,-7.446182752714308392e-03,5.542523379199859335e+01,4.602397975010782960e-02,9.984409470967008371e-01,-3.158272389463404745e-02,3.317360169075021403e+00,8.896244688412146065e-03,3.120530270058931993e-02,9.994734043053914441e-01,1.087362769693509312e+00,0.000000000000000000e+00,0.000000000000000000e+00,0.000000000000000000e+00,1.000000000000000056e-01
9.987764230217743844e-01,-4.941719745896838711e-02,-1.896684246476963015e-03,5.636674468976224261e+01,4.933256344348001254e-02,9.982807313263694082e-01,-3.165248247111248497e-02,3.363439757631398574e+00,3.457600313009727422e-03,3.152018492633556351e-02,9.994971350345558392e-01,1.124349762128195263e+00,0.000000000000000000e+00,0.000000000000000000e+00,0.000000000000000000e+00,1.000000000000000056e-01
9.987821597335699852e-01,-4.930652283124938029e-02,-1.750486857137616625e-03,5.732377189390128081e+01,4.923616164464472700e-02,9.983752080489602942e-01,-2.868352035050289114e-02,3.425014404604431295e+00,3.161927331224415223e-03,2.856240115058223186e-02,9.995870104478475904e-01,1.136471396449306948e+00,0.000000000000000000e+00,0.000000000000000000e+00,0.000000000000000000e+00,1.000000000000000056e-01
9.987119217638756874e-01,-5.050794163021425642e-02,-4.842020134719666677e-03,5.822741183876312476e+01,5.035086900103133423e-02,9.983279363093151559e-01,-2.839228020474743666e-02,3.478507356564633834e+00,6.267959599992907818e-03,2.811190880503813480e-02,9.995851305745749871e-01,1.154478157343898914e+00,0.000000000000000000e+00,0.000000000000000000e+00,0.000000000000000000e+00,1.000000000000000056e-01
9.985057955032254906e-01,-5.359576792815705371e-02,-1.066161369878017989e-02,5.914452640615582624e+01,5.327501735797239568e-02,9.981764030561348644e-01,-2.838381418034456247e-02,3.536283360037713486e+00,1.216342353034809490e-02,2.777340530269416588e-02,9.995402388528006332e-01,1.175593793258076003e+00,0.000000000000000000e+00,0.000000000000000000e+00,0.000000000000000000e+00,1.000000000000000056e-01
9.984284775273556400e-01,-5.367318935633475646e-02,-1.611719599451547080e-02,6.008787330594098108e+01,5.323255556941865890e-02,9.982271093142776053e-01,-2.662580060035817792e-02,3.595394333341652260e+00,1.751771360524386617e-02,2.572599802496131072e-02,9.995155340141864686e-01,1.209243379004425467e+00,0.000000000000000000e+00,0.000000000000000000e+00,0.000000000000000000e+00,1.000000000000000056e-01
9.984038556940613152e-01,-5.416700827651613898e-02,-1.598987647243858487e-02,6.100072257377232177e+01,5.378260772118650251e-02,9.982745960830298193e-01,-2.356399630734748105e-02,3.663747246806563496e+00,1.723867865994905754e-02,2.266640751498895726e-02,9.995944487282947266e-01,1.226187090359037946e+00,0.000000000000000000e+00,0.000000000000000000e+00,0.000000000000000000e+00,1.000000000000000056e-01
9.983852380274469418e-01,-5.521584999480103756e-02,-1.334640019742283114e-02,6.192000008230190389e+01,5.492375073404024560e-02,9.982624284585278618e-01,-2.134257560341636453e-02,3.723177033271568348e+00,1.450165832527962849e-02,2.057507806629562883e-02,9.996831338321071625e-01,1.261550966477047453e+00,0.000000000000000000e+00,0.000000000000000000e+00,0.000000000000000000e+00,1.000000000000000056e-01
9.982410594915207547e-01,-5.797222397099904140e-02,-1.241001180912235970e-02,6.280454768809741495e+01,5.770402653195275816e-02,9.981133320080509685e-01,-2.097669635061568186e-02,3.786006492340225460e+00,1.360266397607191001e-02,2.022369193897506981e-02,9.997029407864675976e-01,1.297948422520843303e+00,0.000000000000000000e+00,0.000000000000000000e+00,0.000000000000000000e+00,1.000000000000000056e-01
9.983083351792078064e-01,-5.629028193213092557e-02,-1.455582604044296062e-02,6.363192798520220350e+01,5.598494826135731739e-02,9.982191520886039005e-01,-2.059635821405801301e-02,3.848290258771660977e+00,1.568927913868467874e-02,1.974660891165534379e-02,9.996819083871621991e-01,1.327625714885313224e+00,0.000000000000000000e+00,0.000000000000000000e+00,0.000000000000000000e+00,1.000000000000000056e-01
9.982799070108181461e-01,-5.720427724452997048e-02,-1.284125863780996232e-02,6.445265800426118119e+01,5.696489983473269209e-02,9.982086046670248791e-01,-1.829157608108411895e-02,3.895755629301022704e+00,1.386461125639841183e-02,1.752861185725121743e-02,9.997502289677491216e-01,1.353916341441856241e+00,0.000000000000000000e+00,0.000000000000000000e+00,0.000000000000000000e+00,1.000000000000000056e-01
9.981564816065882084e-01,-5.901003254673441861e-02,-1.419345925382719219e-02,6.526279545482252331e+01,5.874380844323667111e-02,9.981017537824385943e-01,-1.849470372848792399e-02,3.946612996403472629e+00,1.525788964244478678e-02,1.762683055043004487e-02,9.997282088889987151e-01,1.384034420626827799e+00,0.000000000000000000e+00,0.000000000000000000e+00,0.000000000000000000e+00,1.000000000000000056e-01
9.981224400427883836e-01,-5.991628247495765086e-02,-1.271352733946467563e-02,6.606891324007465016e+01,5.967586204501963004e-02,9.980460800634120000e-01,-1.851522506590855613e-02,3.989151465760130133e+00,1.379804958006813041e-02,1.772177091711056932e-02,9.997477445152589404e-01,1.416810488562096015e+00,0.000000000000000000e+00,0.000000000000000000e+00,0.000000000000000000e+00,1.000000000000000056e-01
9.980194789848872983e-01,-6.151845316806772712e-02,-1.313771237858371056e-02,6.681972920086154488e+01,6.127892246993819902e-02,9.979598562750527924e-01,-1.791700098786824791e-02,4.042794504350658791e+00,1.421313574329877670e-02,1.707645113260439912e-02,9.997531603296176961e-01,1.440265697017215629e+00,0.000000000000000000e+00,0.000000000000000000e+00,0.000000000000000000e+00,1.000000000000000056e-01
9.979371265859049434e-01,-6.315969187081126035e-02,-1.150411683928005344e-02,6.760812722399732877e+01,6.295445866813841052e-02,9.978646193938056630e-01,-1.740509970833181014e-02,4.097607962375571233e+00,1.257885190584904708e-02,1.664495974280192497e-02,9.997823352109653783e-01,1.460109836886029688e+00,0.000000000000000000e+00,0.000000000000000000e+00,0.000000000000000000e+00,1.000000000000000056e-01
9.978213381673445292e-01,-6.548786291191595332e-02,-7.994805135836804272e-03,6.835979577487185566e+01,6.535945925244075749e-02,9.977431660971034511e-01,-1.538556442761468759e-02,4.157087126827901713e+00,8.984329922617276948e-03,1.482950834511545177e-02,9.998496724498556754e-01,1.484482795817820167e+00,0.000000000000000000e+00,0.000000000000000000e+00,0.000000000000000000e+00,1.000000000000000056e-01
9.979298697268148555e-01,-6.390286538723294330e-02,-7.238708608821847919e-03,6.905464781287255960e+01,6.380958432996397534e-02,9.978843327077820957e-01,-1.245774794983769453e-02,4.205984889075633504e+00,8.019479700046822090e-03,1.197005980125637366e-02,9.998961974193595337e-01,1.510024913851191419e+00,0.000000000000000000e+00,0.000000000000000000e+00,0.000000000000000000e+00,1.000000000000000056e-01
9.979982001322600382e-01,-6.260096627094963173e-02,-8.983960970134763357e-03,6.971798599804795060e+01,6.250793430374276816e-02,9.979914451758584715e-01,-1.028754124562635160e-02,4.254569802174596127e+00,9.609926214516759796e-03,9.705378804812913110e-03,9.999067231199151307e-01,1.542243812198326625e+00,0.000000000000000000e+00,0.000000000000000000e+00,0.000000000000000000e+00,1.000000000000000056e-01
9.977349118072917911e-01,-6.580742036117988303e-02,-1.394378665580432719e-02,7.040536923809683856e+01,6.567727548149586425e-02,9.977947845667546334e-01,-9.594966217312582771e-03,4.314802431594842780e+00,1.454445757748707574e-02,8.657442855175846372e-03,9.998567434572744883e-01,1.565411728527594581e+00,0.000000000000000000e+00,0.000000000000000000e+00,0.000000000000000000e+00,1.000000000000000056e-01
9.977185959447895103e-01,-6.513473343670206361e-02,-1.775020580409492760e-02,7.114599974556291784e+01,6.495895561328635104e-02,9.978347122799350322e-01,-1.030635992241372978e-02,4.369556161819810214e+00,1.838307350768782211e-02,9.129812120137376780e-03,9.997893323791077203e-01,1.593013780803035351e+00,0.000000000000000000e+00,0.000000000000000000e+00,0.000000000000000000e+00,1.000000000000000056e-01
9.975868351491306019e-01,-6.713717141864063154e-02,-1.769481706730198500e-02,7.185606294736162170e+01,6.695951247195934541e-02,9.977009781056080939e-01,-1.044901797445661577e-02,4.420491470848360471e+00,1.835565380635454519e-02,9.238966447447509098e-03,9.997888334405041766e-01,1.615041356459157251e+00,0.000000000000000000e+00,0.000000000000000000e+00,0.000000000000000000e+00,1.000000000000000056e-01
9.975784674435403954e-01,-6.778545369342686699e-02,-1.556706653719415814e-02,7.253603705918946787e+01,6.765072260793067449e-02,9.976682472805468160e-01,-9.024860042489179709e-03,4.471621165186049573e+00,1.614252221996195433e-02,7.949882749951878505e-03,9.998380960638777459e-01,1.633438169326859812e+00,0.000000000000000000e+00,0.000000000000000000e+00,0.000000000000000000e+00,1.000000000000000056e-01
9.975182505477555583e-01,-6.875612201857898842e-02,-1.516362453740826947e-02,7.317196436604507426e+01,6.861797428398234977e-02,9.975982458556277299e-01,-9.450580455050230227e-03,4.519149089627591209e+00,1.577699050224567329e-02,8.386629283622673570e-03,9.998403627679526284e-01,1.653278240528997634e+00,0.000000000000000000e+00,0.000000000000000000e+00,0.000000000000000000e+00,1.000000000000000056e-01
9.974247199671376629e-01,-6.969182366176812637e-02,-1.694041655845388364e-02,7.375533410851059557e+01,6.952328826211226498e-02,9.975267120538582333e-01,-1.034268476954748259e-02,4.555834336048354416e+00,1.761931859352579635e-02,9.138295996300629942e-03,9.998030061760085907e-01,1.679711591592113917e+00,0.000000000000000000e+00,0.000000000000000000e+00,0.000000000000000000e+00,1.000000000000000056e-01
9.973958433410488045e-01,-6.918270405111166810e-02,-2.037854622327730375e-02,7.439747971963707585e+01,6.883543818101549305e-02,9.974784195613558557e-01,-1.727671727520611183e-02,4.586209896020108090e+00,2.152241009797799254e-02,1.582895983809769896e-02,9.996430512408007729e-01,1.712668479458219206e+00,0.000000000000000000e+00,0.000000000000000000e+00,0.000000000000000000e+00,1.000000000000000056e-01
9.973602493890618703e-01,-6.824490148436336556e-02,-2.480254744936217712e-02,7.502397483563294145e+01,6.775208718435567212e-02,9.974977688335848747e-01,-2.019544142086575692e-02,4.608930203989960006e+00,2.611872165232810919e-02,1.846170613485355674e-02,9.994883580041532545e-01,1.734417503472457822e+00,0.000000000000000000e+00,0.000000000000000000e+00,0.000000000000000000e+00,1.000000000000000056e-01
9.976993467700966400e-01,-6.310053174861469938e-02,-2.478580939901792873e-02,7.561225568434926458e+01,6.260405110694784725e-02,9.978315377714529477e-01,-2.032129458612477041e-02,4.649232045436257010e+00,2.601434680173691366e-02,1.872285025575620016e-02,9.994862223356455466e-01,1.764343592043563058e+00,0.000000000000000000e+00,0.000000000000000000e+00,0.000000000000000000e+00,1.000000000000000056e-01
9.980097599752619786e-01,-5.831873775506684482e-02,-2.398841013439100001e-02,7.618377387018786351e+01,5.794487649506004784e-02,9.981916215102075718e-01,-1.599618813326587549e-02,4.701772153543680943e+00,2.487790751032429443e-02,1.457434641684967822e-02,9.995842526492848545e-01,1.775977779061094219e+00,0.000000000000000000e+00,0.000000000000000000e+00,0.000000000000000000e+00,1.000000000000000056e-01
9.984815786214994437e-01,-5.121939253135654457e-02,-2.027587192298307625e-02,7.672261652178977442e+01,5.085106239801386041e-02,9.985388813564439747e-01,-1.828310346781720011e-02,4.721024992637993911e+00,2.118269592171158691e-02,1.722429238431657725e-02,9.996272390973286459e-01,1.803584480181553040e+00,0.000000000000000000e+00,0.000000000000000000e+00,0.000000000000000000e+00,1.000000000000000056e-01
9.988885846390418433e-01,-4.384773435269356118e-02,-1.729079726176175474e-02,7.728907727715998988e+01,4.345077795558283801e-02,9.987976139232411787e-01,-2.270146066434424251e-02,4.727894577607786530e+00,1.826541466450644358e-02,2.192493131974989143e-02,9.995927530818528028e-01,1.823834044792574938e+00,0.000000000000000000e+00,0.000000000000000000e+00,0.000000000000000000e+00,1.000000000000000056e-01
9.992588572880481967e-01,-3.560323165477934787e-02,-1.463372909139168225e-02,7.784373327534653697e+01,3.522753944958443434e-02,9.990621683342966186e-01,-2.517546955871010142e-02,4.732990877983126232e+00,1.551633319157905318e-02,2.464130067406516619e-02,9.995759349371002855e-01,1.856682499115610341e+00,0.000000000000000000e+00,0.000000000000000000e+00,0.000000000000000000e+00,1.000000000000000056e-01
9.996070744554990117e-01,-2.376442341294491764e-02,-1.486434924134553102e-02,7.833044699152797818e+01,2.344576721100542424e-02,9.994991016627694513e-01,-2.125657016557932003e-02,4.747335448088615628e+00,1.536205384724832583e-02,2.089971184411711438e-02,9.996635480732640744e-01,1.881465182893434784e+00,0.000000000000000000e+00,0.000000000000000000e+00,0.000000000000000000e+00,1.000000000000000056e-01
9.998484951645152385e-01,-9.441816249842673037e-03,-1.462322888963199508e-02,7.883456721862900451e+01,9.155726286080117376e-03,9.997677591594520408e-01,-1.950898309657026625e-02,4.757339307060214573e+00,1.480403301228224583e-02,1.937214111016357515e-02,9.997027361948046531e-01,1.889247539878256221e+00,0.000000000000000000e+00,0.000000000000000000e+00,0.000000000000000000e+00,1.000000000000000056e-01
9.998624840577627904e-01,9.438328327611831062e-03,-1.363564931421588564e-02,7.932755092840805844e+01,-9.608320858988684057e-03,9.998762624339132543e-01,-1.245552052139761896e-02,4.748771412437472250e+00,1.351640277998547579e-02,1.258482338248870062e-02,9.998294499945081792e-01,1.904073196897494213e+00,0.000000000000000000e+00,0.000000000000000000e+00,0.000000000000000000e+00,1.000000000000000056e-01
9.994125227865514605e-01,3.160737209084481247e-02,-1.325078589864511075e-02,7.981815165865356221e+01,-3.179753872819918170e-02,9.993906637803199322e-01,-1.439505746984921612e-02,4.719460579021068192e+00,1.278772177713921945e-02,1.480794307939063865e-02,9.998085811761709962e-01,1.923584064954239947e+00,0.000000000000000000e+00,0.000000000000000000e+00,0.000000000000000000e+00,1.000000000000000056e-01
9.983349048009376725e-01,5.621549187804453229e-02,-1.293198859465283582e-02,8.030490837740849486e+01,-5.643602300429972907e-02,9.982550760769619558e-01,-1.737177003178061452e-02,4.700025930026057175e+00,1.193286066125275047e-02,1.807267438672065241e-02,9.997654651351739474e-01,1.942454396119201565e+00,0.000000000000000000e+00,0.000000000000000000e+00,0.000000000000000000e+00,1.000000000000000056e-01
9.963494329722182297e-01,8.463471286586207731e-02,-1.117017430715688646e-02,8.077400391343061870e+01,-8.482928113583065866e-02,9.962278763252320202e-01,-1.827598135522382969e-02,4.650737232563846746e+00,9.581256593860358259e-03,1.915682151692614174e-02,9.997705815393105322e-01,1.959140100671678431e+00,0.000000000000000000e+00,0.000000000000000000e+00,0.000000000000000000e+00,1.000000000000000056e-01
9.930307334834514998e-01,1.174731443784410440e-01,-9.488029677454127772e-03,8.123939213826933781e+01,-1.176363696648437679e-01,9.928746564610274605e-01,-1.901581156492772665e-02,4.587237075873104253e+00,7.186577029054316661e-03,1.999942267263128334e-02,9.997741626004179594e-01,1.974536141116065124e+00,0.000000000000000000e+00,0.000000000000000000e+00,0.000000000000000000e+00,1.000000000000000056e-01
9.879504574801888372e-01,1.545160941255273035e-01,-8.869623491260766532e-03,8.172462016328458390e+01,-1.546600071102309792e-01,9.877875822392067073e-01,-1.886728848260096555e-02,4.511983513266632606e+00,5.846004220733496716e-03,2.001172232001978760e-02,9.997826539825731551e-01,1.979856028169096671e+00,0.000000000000000000e+00,0.000000000000000000e+00,0.000000000000000000e+00,1.000000000000000056e-01
