1.000000000000000000e+00,-2.273866748674067451e-09,-9.523640793419618842e-10,9.154398294334744255e-15,2.273866748456552037e-09,1.000000000000000000e+00,-2.283956601648779660e-10,4.776685916235965835e-15,9.523640798613030959e-10,2.283956579993289452e-10,1.000000000000000000e+00,1.825108370517967734e-15,0.000000000000000000e+00,0.000000000000000000e+00,0.000000000000000000e+00,1.000000000000000056e-01
9.999477159188949749e-01,-1.019526421653218357e-02,-7.886799985512199301e-04,6.558215730367953356e-01,1.019254964076354159e-02,9.999423670940564834e-01,-3.372598724390227145e-03,1.736576220102854437e-02,8.230190797225417484e-04,3.364383731129075555e-03,9.999940017628626832e-01,1.032482483571819931e-02,0.000000000000000000e+00,0.000000000000000000e+00,0.000000000000000000e+00,1.000000000000000056e-01
9.998041921275384603e-01,-1.942557700801680540e-02,-3.771519866813425811e-03,1.338604512667937785e+00,1.941152687233302018e-02,9.998046324734207735e-01,-3.726863181376481073e-03,1.544955622977007420e-02,3.843179502033773447e-03,3.652922472981793775e-03,9.999859429655606480e-01,1.691339691582207511e-02,0.000000000000000000e+00,0.000000000000000000e+00,0.000000000000000000e+00,1.000000000000000056e-01
9.996481820651764716e-01,-2.568997590772353554e-02,-6.598274899420215715e-03,2.079704185098581792e+00,2.566988802327523425e-02,9.996656324745318845e-01,-3.111285613153845931e-03,2.769086958228531362e-02,6.675997503013707431e-03,2.940814029259875267e-03,9.999733909810726296e-01,1.705066702840845813e-02,0.000000000000000000e+00,0.000000000000000000e+00,0.000000000000000000e+00,1.000000000000000056e-01
9.993486797705850577e-01,-3.522725841156851972e-02,-7.826653537320864273e-03,2.820379826681119528e+00,3.521330681636408028e-02,9.993779876524662154e-01,-1.913326622338981046e-03,6.320818477343218000e-02,7.889186513531650652e-03,1.636478081649312549e-03,9.999675408110220154e-01,3.307114531716824624e-02,0.000000000000000000e+00,0.000000000000000000e+00,0.000000000000000000e+00,1.000000000000000056e-01
9.991191000235531972e-01,-4.111946932960107437e-02,-8.379332322869416719e-03,3.524331578650890862e+00,4.108631623592053084e-02,9.991472252941550058e-01,-4.091064061207326692e-03,9.510288771264831242e-02,8.540409023402853114e-03,3.743184345308883144e-03,9.999565240472557681e-01,4.359123952842822169e-02,0.000000000000000000e+00,0.000000000000000000e+00,0.000000000000000000e+00,1.000000000000000056e-01
9.988525696788005392e-01,-4.641098932130460070e-02,-1.181372575755270347e-02,4.249020875895820559e+00,4.636704367767694596e-02,9.989165926829728370e-01,-3.967130352307692703e-03,1.392021911253801536e-01,1.198504512504279355e-02,3.414810808456760632e-03,9.999223458651642638e-01,6.543283776503802662e-02,0.000000000000000000e+00,0.000000000000000000e+00,0.000000000000000000e+00,1.000000000000000056e-01
9.982750061619041215e-01,-5.694399388803365186e-02,-1.429663011097317450e-02,5.026244755166889178e+00,5.690302494405686390e-02,9.983743989358300208e-01,-3.256578225108119201e-03,1.730921607723368560e-01,1.445883206439719203e-02,2.437439147915869235e-03,9.998924947541779629e-01,8.167024345730690416e-02,0.000000000000000000e+00,0.000000000000000000e+00,0.000000000000000000e+00,1.000000000000000056e-01
9.977761773054287797e-01,-6.489967083823496019e-02,-1.518988896780595552e-02,5.798009292697853034e+00,6.485083477848639644e-02,9.978881601267278745e-01,-3.686340655359400184e-03,2.487005386790403227e-01,1.539705264974359361e-02,2.693065907595354469e-03,9.998778316203026373e-01,9.263432884772268561e-02,0.000000000000000000e+00,0.000000000000000000e+00,0.000000000000000000e+00,1.000000000000000056e-01
9.974495852289291253e-01,-7.018157748320191791e-02,-1.299504169314136780e-02,6.590894126473595627e+00,7.014427261333777697e-02,9.975313815244790661e-01,-3.305131375581730861e-03,3.179713418005084002e-01,1.319492122685506606e-02,2.385174172555719167e-03,9.999100984578481732e-01,1.210512696563644658e-01,0.000000000000000000e+00,0.000000000000000000e+00,0.000000000000000000e+00,1.000000000000000056e-01
9.970577683869105146e-01,-7.539623706936730840e-02,-1.382801269501812008e-02,7.387022513790446610e+00,7.533496605060581441e-02,9.971462430145963118e-01,-4.900299177564600497e-03,3.792379411451792803e-01,1.415801502569794673e-02,3.844148495484237330e-03,9.998923807754896975e-01,1.391955775858167155e-01,0.000000000000000000e+00,0.000000000000000000e+00,0.000000000000000000e+00,1.000000000000000056e-01
9.967299894054735265e-01,-7.953527511988298104e-02,-1.426422908428986135e-02,8.200807540500404613e+00,7.948186101362636480e-02,9.968271493265983274e-01,-4.274123912360349060e-03,4.564356602534228591e-01,1.455891443670026715e-02,3.126400008340557944e-03,9.998891256701478714e-01,1.624822925819065511e-01,0.000000000000000000e+00,0.000000000000000000e+00,0.000000000000000000e+00,1.000000000000000056e-01
9.960265303349175037e-01,-8.759039504563888301e-02,-1.609576232225691517e-02,9.043688697691159462e+00,8.752629161987758588e-02,9.961513746652362888e-01,-4.646184222789236963e-03,5.247468035796323260e-01,1.644077687513006980e-02,3.218920363859502105e-03,9.998596598560386406e-01,1.869365777184376909e-01,0.000000000000000000e+00,0.000000000000000000e+00,0.000000000000000000e+00,1.000000000000000056e-01
9.959253576308122469e-01,-8.832645267828223568e-02,-1.819669709617493733e-02,9.793452941094727748e+00,8.821300375988092024e-02,9.960774075972711472e-01,-6.947232683528961096e-03,6.066011941083554460e-01,1.873894328925745575e-02,5.313739885525753902e-03,9.998102900914908053e-01,2.191671426934440059e-01,0.000000000000000000e+00,0.000000000000000000e+00,0.000000000000000000e+00,1.000000000000000056e-01
9.957838607118784102e-01,-9.018589741048832487e-02,-1.676325308558012511e-02,1.055099715771955182e+01,9.013522930742509653e-02,9.959224552870065139e-01,-3.755461729057954501e-03,6.885128366689550194e-01,1.703358985781427970e-02,2.228668518509870078e-03,9.998524340387386911e-01,2.381911688052499587e-01,0.000000000000000000e+00,0.000000000000000000e+00,0.000000000000000000e+00,1.000000000000000056e-01
9.952408644998080867e-01,-9.583247104735695410e-02,-1.765670191831427566e-02,1.133965247775846841e+01,9.568522804708712304e-02,9.953709063025030224e-01,-9.005332870623605768e-03,8.047790442041761194e-01,1.843797069234147379e-02,7.272989721654633290e-03,9.998035531329427794e-01,2.530490430246389866e-01,0.000000000000000000e+00,0.000000000000000000e+00,0.000000000000000000e+00,1.000000000000000056e-01
9.947829041261260219e-01,-1.002394509349428947e-01,-1.894798497603474713e-02,1.217647650450643404e+01,1.000955821622212666e-01,9.949423931358445383e-01,-8.396950203763830708e-03,9.055185078996558223e-01,1.969385919511138644e-02,6.456532922525428514e-03,9.997852094788277633e-01,2.824348821473117166e-01,0.000000000000000000e+00,0.000000000000000000e+00,0.000000000000000000e+00,1.000000000000000056e-01
9.942951048152322002e-01,-1.040520114486871567e-01,-2.346110513059094030e-02,1.305102794267274291e+01,1.039515148234954750e-01,9.945673430657816505e-01,-5.466504639384803417e-03,1.013888216532718545e+00,2.390244979844037901e-02,2.996501385631855814e-03,9.997098048299211115e-01,3.221168373555668429e-01,0.000000000000000000e+00,0.000000000000000000e+00,0.000000000000000000e+00,1.000000000000000056e-01
9.942953671891694434e-01,-1.032738889305246516e-01,-2.666883295759918046e-02,1.395073587194503162e+01,1.033048919613415023e-01,9.946497134719665123e-01,-2.163030062729261269e-04,1.124850741741342475e+00,2.654848551255293079e-02,-2.539951830373586225e-03,9.996443000196065798e-01,3.536208797355512856e-01,0.000000000000000000e+00,0.000000000000000000e+00,0.000000000000000000e+00,1.000000000000000056e-01
9.919701620373273521e-01,-1.233318871024930430e-01,-2.800791408471000124e-02,1.483902296735478998e+01,1.232508566210354650e-01,9.923648490924753540e-01,-4.607887569114333531e-03,1.337185986736406651e+00,2.836236890352324472e-02,1.118887575475259509e-03,9.995970808884817593e-01,3.723015488741571732e-01,0.000000000000000000e+00,0.000000000000000000e+00,0.000000000000000000e+00,1.000000000000000056e-01
9.913655734468205249e-01,-1.285338664938563136e-01,-2.594889108606027173e-02,1.577544707918225342e+01,1.284381142493654926e-01,9.917031995719276516e-01,-5.330550334466459608e-03,1.480762504365715548e+00,2.641875456041854059e-02,1.951697451159731820e-03,9.996490585623214464e-01,4.093391297907815196e-01,0.000000000000000000e+00,0.000000000000000000e+00,0.000000000000000000e+00,1.000000000000000056e-01
9.908696237265539608e-01,-1.323563522328072284e-01,-2.567459443929767660e-02,1.667984972773803776e+01,1.322467619019219720e-01,9.911990987266946496e-01,-5.927954946229803748e-03,1.608700970323782675e+00,2.623323736128866518e-02,2.478448509296481139e-03,9.996527769933583052e-01,4.413751602788273387e-01,0.000000000000000000e+00,0.000000000000000000e+00,0.000000000000000000e+00,1.000000000000000056e-01
9.902468456921662554e-01,-1.368245466312179859e-01,-2.627219130329212435e-02,1.752992748184988514e+01,1.366937690681691853e-01,9.905905634133274074e-01,-6.719313536714201923e-03,1.758459108390592940e+00,2.694435181356479372e-02,3.062534184020935645e-03,9.996322437725378984e-01,4.839232138767383673e-01,0.000000000000000000e+00,0.000000000000000000e+00,0.000000000000000000e+00,1.000000000000000056e-01
9.900233204487223215e-01,-1.380997379229324251e-01,-2.796940030289816331e-02,1.841858955276101995e+01,1.379306308688451332e-01,9.904104084404704578e-01,-7.897083062930356293e-03,1.876057903324751308e+00,2.879177027917469850e-02,3.960459367019665902e-03,9.995775851457421313e-01,5.008218363234248072e-01,0.000000000000000000e+00,0.000000000000000000e+00,0.000000000000000000e+00,1.000000000000000056e-01
9.896195943138555995e-01,-1.410954367023441181e-01,-2.729718468734025974e-02,1.932507517979727751e+01,1.408854870846199814e-01,9.899805374004108094e-01,-9.477082743286742439e-03,2.003830806927506814e+00,2.836085469461966865e-02,5.532929618975505198e-03,9.995824371260342289e-01,5.451231139938794712e-01,0.000000000000000000e+00,0.000000000000000000e+00,0.000000000000000000e+00,1.000000000000000056e-01
9.875488040030935277e-01,-1.551820231506129133e-01,-2.580502669911899707e-02,2.023152965343331644e+01,1.549759377769393542e-01,9.878694849052649385e-01,-9.815268878882409814e-03,2.174585819595718839e+00,2.701515171561751430e-02,5.693898830254185903e-03,9.996188078932353172e-01,5.718696059414647426e-01,0.000000000000000000e+00,0.000000000000000000e+00,0.000000000000000000e+00,1.000000000000000056e-01
9.875312688785764514e-01,-1.555138003101786681e-01,-2.444280876156815913e-02,2.113380444457200369e+01,1.553075939066427547e-01,9.878142077715095226e-01,-1.013124867301050391e-02,2.318115305073892074e+00,2.572050275554627757e-02,6.208771040303102083e-03,9.996498921623365730e-01,6.008047923163080117e-01,0.000000000000000000e+00,0.000000000000000000e+00,0.000000000000000000e+00,1.000000000000000056e-01
9.873925207536343729e-01,-1.569109291498098635e-01,-2.085594095520793348e-02,2.207209942729873120e+01,1.567414196137616456e-01,9.875936165946034295e-01,-9.538125552440051766e-03,2.490014692061222501e+00,2.209383029821822622e-02,6.148884039788350860e-03,9.997369923573993233e-01,6.308458510341882208e-01,0.000000000000000000e+00,0.000000000000000000e+00,0.000000000000000000e+00,1.000000000000000056e-01
9.872048402660960065e-01,-1.581577579399486289e-01,-2.031568257776498326e-02,2.302074802721394775e+01,1.579993975654085392e-01,9.873964694856680602e-01,-9.187078763472222506e-03,2.653675891039623647e+00,2.151264103172512154e-02,5.859663014788704313e-03,9.997514044127135957e-01,6.658406973342037016e-01,0.000000000000000000e+00,0.000000000000000000e+00,0.000000000000000000e+00,1.000000000000000056e-01
9.873795499982995771e-01,-1.571090934313372489e-01,-1.995888289305698671e-02,2.394740141248074750e+01,1.569167064094695585e-01,9.875519670743644340e-01,-1.087472193473066825e-02,2.799861287183992964e+00,2.141895176612872154e-02,7.605595883080198960e-03,9.997416583380446253e-01,6.983519993087864419e-01,0.000000000000000000e+00,0.000000000000000000e+00,0.000000000000000000e+00,1.000000000000000056e-01
9.873239178284219930e-01,-1.570952959970394469e-01,-2.263955078039408403e-02,2.488533870843211915e+01,1.568620641547936734e-01,9.875506824418462948e-01,-1.174488985648433625e-02,2.960845476602241622e+00,2.420277077181204328e-02,8.044724000617523019e-03,9.996747012417194211e-01,7.305282225295688381e-01,0.000000000000000000e+00,0.000000000000000000e+00,0.000000000000000000e+00,1.000000000000000056e-01
9.877124675314410407e-01,-1.541078793532630609e-01,-2.597774055209823435e-02,2.582482629067319024e+01,1.538267967531530556e-01,9.880187089093938058e-01,-1.250389721961673965e-02,3.115161989996285907e+00,2.759344276483359504e-02,8.354182560533418220e-03,9.995843183794597131e-01,7.599523138640130737e-01,0.000000000000000000e+00,0.000000000000000000e+00,0.000000000000000000e+00,1.000000000000000056e-01
9.874008218844764206e-01,-1.549309307145622649e-01,-3.218732125822037354e-02,2.677816960025686654e+01,1.546265215187005437e-01,9.879030529259626991e-01,-1.175571616658368894e-02,3.272178361119628676e+00,3.361927698340968357e-02,6.630590281561822910e-03,9.994127172933265912e-01,8.062898239865771144e-01,0.000000000000000000e+00,0.000000000000000000e+00,0.000000000000000000e+00,1.000000000000000056e-01
9.870595300876608968e-01,-1.576203826662457286e-01,-2.948387748028102190e-02,2.772245299587955714e+01,1.572123606229954840e-01,9.874401059742908826e-01,-1.569429134514770119e-02,3.398878022266113241e+00,3.158730331115942869e-02,1.085596986120618106e-02,9.994420394339540437e-01,8.575802634092162258e-01,0.000000000000000000e+00,0.000000000000000000e+00,0.000000000000000000e+00,1.000000000000000056e-01
9.870200183773700786e-01,-1.587358455817602654e-01,-2.438062037314913527e-02,2.870955029712407125e+01,1.584201510452809269e-01,9.872669519930376003e-01,-1.438823287160265196e-02,3.556594159247798093e+00,2.635410907479943110e-02,1.033909231125518940e-02,9.995992017329009549e-01,9.127981702813516840e-01,0.000000000000000000e+00,0.000000000000000000e+00,0.000000000000000000e+00,1.000000000000000056e-01
9.872552318310346964e-01,-1.574670027437785058e-01,-2.304886698171728851e-02,2.964276796047143492e+01,1.570629660941089134e-01,9.874169620385406798e-01,-1.841107710862703931e-02,3.688011407101640327e+00,2.565797934309780801e-02,1.455630878587955458e-02,9.995647962841425205e-01,9.440124761948853749e-01,0.000000000000000000e+00,0.000000000000000000e+00,0.000000000000000000e+00,1.000000000000000056e-01
9.866792200597137574e-01,-1.607811529992665411e-01,-2.476968999768398849e-02,3.055978253268229139e+01,1.601366312253378887e-01,9.867490236719370644e-01,-2.612706685181478972e-02,3.824764239205472816e+00,2.864220735479491853e-02,2.181249923107155680e-02,9.993517092771390109e-01,9.889800869637280778e-01,0.000000000000000000e+00,0.000000000000000000e+00,0.000000000000000000e+00,1.000000000000000056e-01
9.863348022334281762e-01,-1.623987552386895183e-01,-2.775431858411312250e-02,3.150931616824644976e+01,1.616572915748306638e-01,9.864731479020157900e-01,-2.715968609866203573e-02,3.979569948704002602e+00,3.178958923664174097e-02,2.230185564503308834e-02,9.992457401715324483e-01,1.020840480210887025e+00,0.000000000000000000e+00,0.000000000000000000e+00,0.000000000000000000e+00,1.000000000000000056e-01
9.860630185690524296e-01,-1.634029719639079614e-01,-3.129204633530651564e-02,3.247248856092075187e+01,1.625838012550592238e-01,9.863208659743125661e-01,-2.715984007937898709e-02,4.138714428623849528e+00,3.530199682658282517e-02,2.169373405028159757e-02,9.991412066985384532e-01,1.051934733066712591e+00,0.000000000000000000e+00,0.000000000000000000e+00,0.000000000000000000e+00,1.000000000000000056e-01
9.861180285553245994e-01,-1.626764109564617922e-01,-3.328091159335160032e-02,3.342193039213597672e+01,1.617714729841812082e-01,9.864223472950243155e-01,-2.830094142431784088e-02,4.301872193520097198e+00,3.743293051162915885e-02,2.252416647289522816e-02,9.990452630576919235e-01,1.091250501513929771e+00,0.000000000000000000e+00,0.000000000000000000e+00,0.000000000000000000e+00,1.000000000000000056e-01
9.854471667955269076e-01,-1.669901806645537057e-01,-3.175155139971250901e-02,3.436567005327466262e+01,1.660886803136763790e-01,9.856785225076810653e-01,-2.919589934796087971e-02,4.455102575040143620e+00,3.617225077777543735e-02,2.349744302460530371e-02,9.990692861083134702e-01,1.145593936170102634e+00,0.000000000000000000e+00,0.000000000000000000e+00,0.000000000000000000e+00,1.000000000000000056e-01
9.849646413651969024e-01,-1.695458334695725544e-01,-3.314914197135421237e-02,3.533737639567779354e+01,1.685819993097524561e-01,9.852309714205361724e-01,-3.000070769954199870e-02,4.646057443349337568e+00,3.774605633779044844e-02,2.396128767104776722e-02,9.990000460080518119e-01,1.186243199932554893e+00,0.000000000000000000e+00,0.000000000000000000e+00,0.000000000000000000e+00,1.000000000000000056e-01
9.846143550714042680e-01,-1.716809059076318533e-01,-3.256130117267377888e-02,3.630231883870360576e+01,1.706827306288709600e-01,9.848283894615893486e-01,-3.131211866936560451e-02,4.807001039963832767e+00,3.744298669170204041e-02,2.527270973257567457e-02,9.989791353628852955e-01,1.244484990887133380e+00,0.000000000000000000e+00,0.000000000000000000e+00,0.000000000000000000e+00,1.000000000000000056e-01
9.844064749554594096e-01,-1.729295500111603379e-01,-3.223759914609161670e-02,3.729001490448287370e+01,1.719384230899531074e-01,9.846087330855145536e-01,-3.134998240953557058e-02,4.983166759904375631e+00,3.716276000389071021e-02,2.531824371230156218e-02,9.989884462816462918e-01,1.291604411076754166e+00,0.000000000000000000e+00,0.000000000000000000e+00,0.000000000000000000e+00,1.000000000000000056e-01
9.845082151757437172e-01,-1.728695332962785491e-01,-2.932061918511271251e-02,3.825366058907950872e+01,1.719936396988744065e-01,9.846361266520198274e-01,-3.016431658170376159e-02,5.153025679139172865e+00,3.408463223514861251e-02,2.465405746797708422e-02,9.991148158724103556e-01,1.349480639905046297e+00,0.000000000000000000e+00,0.000000000000000000e+00,0.000000000000000000e+00,1.000000000000000056e-01
9.842768339538304767e-01,-1.741747466317728199e-01,-2.936446453762548564e-02,3.923990330046422770e+01,1.734247792613679839e-01,9.844927072637306154e-01,-2.641884332585670014e-02,5.346138739667111395e+00,3.351059653258232213e-02,2.091092968493055149e-02,9.992195819436998638e-01,1.387668650896609179e+00,0.000000000000000000e+00,0.000000000000000000e+00,0.000000000000000000e+00,1.000000000000000056e-01
9.834342680830376882e-01,-1.780083764787887546e-01,-3.420611441490713917e-02,4.022652681531652519e+01,1.769812610509129414e-01,9.837246083016872866e-01,-3.104075157789431411e-02,5.542358101483888966e+00,3.917491029738958547e-02,2.447269754395181574e-02,9.989326371072845268e-01,1.451973473464482245e+00,0.000000000000000000e+00,0.000000000000000000e+00,0.000000000000000000e+00,1.000000000000000056e-01
9.833385437899098136e-01,-1.783838554444430180e-01,-3.499297663697355926e-02,4.123319266892054458e+01,1.774710959619609785e-01,9.837366907718720910e-01,-2.767911355637370577e-02,5.722009993827708030e+00,3.936138202858429497e-02,2.100769730318507653e-02,9.990041833039627894e-01,1.521590760961526012e+00,0.000000000000000000e+00,0.000000000000000000e+00,0.000000000000000000e+00,1.000000000000000056e-01
9.827110480126135528e-01,-1.811296809051834711e-01,-3.835407161093950384e-02,4.223820852112524449e+01,1.800841636970249848e-01,9.832181978988412396e-01,-2.918337379567608608e-02,5.906638109961194871e+00,4.299639635473854332e-02,2.177186293686084184e-02,9.988379727887625181e-01,1.579691715122281792e+00,0.000000000000000000e+00,0.000000000000000000e+00,0.000000000000000000e+00,1.000000000000000056e-01
9.835838321280556684e-01,-1.758464007330183820e-01,-4.050788226421481869e-02,4.323335231740210105e+01,1.747270797055663349e-01,9.841683800913380020e-01,-2.971611088208437820e-02,6.034995821631508939e+00,4.509204801130075463e-02,2.215046224425961177e-02,9.987372348263141575e-01,1.641833279779109533e+00,0.000000000000000000e+00,0.000000000000000000e+00,0.000000000000000000e+00,1.000000000000000056e-01
9.832905777701906880e-01,-1.780889845261230953e-01,-3.773530520373406111e-02,4.421484814783640616e+01,1.769322908632431912e-01,9.837002666830442221e-01,-3.207412941285093383e-02,6.223213514115697009e+00,4.283227892897333716e-02,2.486159524571773458e-02,9.987728955891768123e-01,1.715045642383214775e+00,0.000000000000000000e+00,0.000000000000000000e+00,0.000000000000000000e+00,1.000000000000000056e-01
9.833607222429046057e-01,-1.778894076467079921e-01,-3.683814052061260697e-02,4.518324476500318099e+01,1.767797895893060411e-01,9.837467382456557274e-01,-3.148429741623713640e-02,6.386757699059538496e+00,4.184012359773497253e-02,2.444818271644617902e-02,9.988251550793009192e-01,1.768842715053465575e+00,0.000000000000000000e+00,0.000000000000000000e+00,0.000000000000000000e+00,1.000000000000000056e-01
9.825198977081258667e-01,-1.816617405931693352e-01,-4.066525067270595345e-02,4.608939911268514322e+01,1.805284653869679012e-01,9.831114132117494409e-01,-3.002369727104103186e-02,6.565829186905942194e+00,4.543262916275369462e-02,2.215764467304300739e-02,9.987216403933094622e-01,1.834551353845875532e+00,0.000000000000000000e+00,0.000000000000000000e+00,0.000000000000000000e+00,1.000000000000000056e-01
9.825654248947726099e-01,-1.800866715649679373e-01,-4.619498377536595396e-02,4.703939057573217752e+01,1.787915659403342961e-01,9.834042383671119936e-01,-3.081687703521487909e-02,6.729368657143828258e+00,5.097805164929359450e-02,2.202032439024985411e-02,9.984569813285848472e-01,1.874623322193761599e+00,0.000000000000000000e+00,0.000000000000000000e+00,0.000000000000000000e+00,1.000000000000000056e-01
9.825968649201511917e-01,-1.799781869572839310e-01,-4.594837612646568425e-02,4.797991261887661807e+01,1.785183659445951088e-01,9.833439664016420112e-01,-3.414435183098413207e-02,6.906442588872327093e+00,5.132829696728542779e-02,2.534750403995133378e-02,9.983601103656850606e-01,1.940408576312880440e+00,0.000000000000000000e+00,0.000000000000000000e+00,0.000000000000000000e+00,1.000000000000000056e-01
9.831939641605063063e-01,-1.771922539422169374e-01,-4.396059577878689423e-02,4.893938906090637886e+01,1.757782387623329501e-01,9.838352067433983050e-01,-3.420960025763172818e-02,7.109483939080146975e+00,4.931165801269777466e-02,2.590735638870921009e-02,9.984473793190040691e-01,2.007578740514034177e+00,0.000000000000000000e+00,0.000000000000000000e+00,0.000000000000000000e+00,1.000000000000000056e-01
9.841704865528201340e-01,-1.719697207529695127e-01,-4.283536555850775418e-02,4.992631717541170389e+01,1.705809541198844426e-01,9.847489231991386482e-01,-3.423005038977959547e-02,7.295445804209729879e+00,4.806861231547245039e-02,2.638130781979265010e-02,9.984955859230335573e-01,2.085807913588364926e+00,0.000000000000000000e+00,0.000000000000000000e+00,0.000000000000000000e+00,1.000000000000000056e-01
9.841959705770154665e-01,-1.719851041587828477e-01,-4.218311803860860798e-02,5.084920012036248949e+01,1.703592189210653973e-01,9.845885986011638780e-01,-3.953514933828719546e-02,7.474306699708805013e+00,4.833247385113947914e-02,3.172405163419035612e-02,9.983273794298842541e-01,2.145488372621056961e+00,0.000000000000000000e+00,0.000000000000000000e+00,0.000000000000000000e+00,1.000000000000000056e-01
9.848063753962843503e-01,-1.683549049949403242e-01,-4.257967758188388463e-02,5.177568046652358902e+01,1.667151695917314380e-01,9.852123788849393993e-01,-3.952999772171555959e-02,7.639879579795917586e+00,4.860509445349117663e-02,3.183071560652106502e-02,9.983107483830593321e-01,2.203047425769642853e+00,0.000000000000000000e+00,0.000000000000000000e+00,0.000000000000000000e+00,1.000000000000000056e-01
9.851201208593213243e-01,-1.669363016573643110e-01,-4.087320231004240578e-02,5.274727606199691365e+01,1.652748450971129601e-01,9.853890219022283237e-01,-4.114244879312629888e-02,7.808304560195348465e+00,4.714417308895658965e-02,3.377494194711780362e-02,9.983169237472774293e-01,2.277696628472041240e+00,0.000000000000000000e+00,0.000000000000000000e+00,0.000000000000000000e+00,1.000000000000000056e-01
9.838808751294334520e-01,-1.742874062601635909e-01,-4.002903413330111820e-02,5.370297445770842160e+01,1.725531413251579216e-01,9.840460117533952333e-01,-4.334582068731551024e-02,7.981617739208810569e+00,4.694504205302584693e-02,3.573998840712640929e-02,9.982578906551643483e-01,2.333281850641139243e+00,0.000000000000000000e+00,0.000000000000000000e+00,0.000000000000000000e+00,1.000000000000000056e-01
9.841650428396058192e-01,-1.736626326752754301e-01,-3.550293600266457572e-02,5.461142198260571945e+01,1.720646137243071472e-01,9.841028012683591397e-01,-4.399369545370623857e-02,8.140172509405418921e+00,4.257859974707840778e-02,3.718825820149208872e-02,9.984007693784682225e-01,2.392847488440845716e+00,0.000000000000000000e+00,0.000000000000000000e+00,0.000000000000000000e+00,1.000000000000000056e-01
9.842373467300081780e-01,-1.741481712277139493e-01,-3.081005939488741519e-02,5.551946669399025325e+01,1.727348408223794152e-01,9.839949480352710998e-01,-4.377918463301240515e-02,8.323188042516866503e+00,3.794100773491540513e-02,3.776713781989533836e-02,9.985660334864950860e-01,2.458882018325694752e+00,0.000000000000000000e+00,0.000000000000000000e+00,0.000000000000000000e+00,1.000000000000000056e-01
9.843662597333148190e-01,-1.739680254226944056e-01,-2.753530150866358162e-02,5.641989787557891134e+01,1.729431873495363980e-01,9.842721167753022415e-01,-3.604239292900676683e-02,8.496382359157516717e+00,3.337245343134667003e-02,3.071687271182608689e-02,9.989708469634026589e-01,2.523356523979703780e+00,0.000000000000000000e+00,0.000000000000000000e+00,0.000000000000000000e+00,1.000000000000000056e-01
9.838308170147740395e-01,-1.765919998459791751e-01,-2.986953435257874018e-02,5.726874294689098122e+01,1.755349566929355065e-01,9.838527553988382079e-01,-3.494616821517221306e-02,8.662862202518359922e+00,3.555843740733610064e-02,2.913796980765054681e-02,9.989427292115584667e-01,2.589333814071352435e+00,0.000000000000000000e+00,0.000000000000000000e+00,0.000000000000000000e+00,1.000000000000000056e-01
9.836228993594621217e-01,-1.767431332351580286e-01,-3.532501535604264109e-02,5.816641843272259393e+01,1.755540717501732628e-01,9.838704177911141713e-01,-3.434776393702253933e-02,8.853386892384769169e+00,4.082596903467812510e-02,2.758379686985780455e-02,9.987854496350164757e-01,2.635820261490576577e+00,0.000000000000000000e+00,0.000000000000000000e+00,0.000000000000000000e+00,1.000000000000000056e-01
9.833118022303239947e-01,-1.771085719460807062e-01,-4.159871798231514622e-02,5.912762019234575206e+01,1.757786876296325573e-01,9.838515535128722345e-01,-3.373386466908119552e-02,9.025630953618797747e+00,4.690151990880792737e-02,2.585873920994152808e-02,9.985647565564869099e-01,2.689921229982950912e+00,0.000000000000000000e+00,0.000000000000000000e+00,0.000000000000000000e+00,1.000000000000000056e-01
9.840115641790281309e-01,-1.732941346964998464e-01,-4.111428512979155986e-02,6.002784977074336581e+01,1.721177571586274824e-01,9.845999130485204587e-01,-3.063476612493792536e-02,9.224122155834646009e+00,4.578994685109561563e-02,2.306846558913884168e-02,9.986846983221163709e-01,2.746256442232389627e+00,0.000000000000000000e+00,0.000000000000000000e+00,0.000000000000000000e+00,1.000000000000000056e-01
9.838073976928685127e-01,-1.751718906471659565e-01,-3.791850434660459096e-02,6.095529541201526769e+01,1.741320544936361958e-01,9.842891493688089577e-01,-2.920441803309540424e-02,9.413918538776259837e+00,4.243856551076442135e-02,2.212869544107413933e-02,9.988539878257806093e-01,2.805160985502081594e+00,0.000000000000000000e+00,0.000000000000000000e+00,0.000000000000000000e+00,1.000000000000000056e-01
9.833839445459906514e-01,-1.777037984781767443e-01,-3.711303835036359328e-02,6.183451598349511613e+01,1.766173160670604370e-01,9.837984238979555762e-01,-3.077311815800617620e-02,9.595087610134086731e+00,4.198024862284752828e-02,2.370698509566486131e-02,9.988371426730374703e-01,2.866486105638685444e+00,0.000000000000000000e+00,0.000000000000000000e+00,0.000000000000000000e+00,1.000000000000000056e-01
9.829895623313696928e-01,-1.801042286242145185e-01,-3.597203329336459698e-02,6.265279521846024835e+01,1.790963777365696397e-01,9.833880699124971647e-01,-2.953627321470216061e-02,9.752238827568596946e+00,4.069407609495788447e-02,2.259138741755895019e-02,9.989162234068117430e-01,2.915911920657977774e+00,0.000000000000000000e+00,0.000000000000000000e+00,0.000000000000000000e+00,1.000000000000000056e-01
9.824520412140865799e-01,-1.830379844606461193e-01,-3.584805376668257632e-02,6.347108027200997071e+01,1.820307082010170774e-01,9.828466162677382822e-01,-2.962009728028120251e-02,9.895337333342684616e+00,4.065474125007886158e-02,2.257487841919471674e-02,9.989181982916557345e-01,2.959558452276194629e+00,0.000000000000000000e+00,0.000000000000000000e+00,0.000000000000000000e+00,1.000000000000000056e-01
9.821329614325966517e-01,-1.847705718316721701e-01,-3.570268691057321142e-02,6.426998466409763466e+01,1.838338870387373758e-01,9.825592181844440276e-01,-2.797292864543863763e-02,1.004314071157081401e+01,4.024857815956105200e-02,2.090977153798964303e-02,9.989708871685715197e-01,3.005908206254202852e+00,0.000000000000000000e+00,0.000000000000000000e+00,0.000000000000000000e+00,1.000000000000000056e-01
9.817823450236855543e-01,-1.862454372285807236e-01,-3.763062730446783272e-02,6.505970956324556198e+01,1.851836533174476829e-01,9.822460037680154077e-01,-2.999671024907877778e-02,1.019542829749690327e+01,4.254928370485582673e-02,2.248166349046793258e-02,9.988413954491999203e-01,3.060877266717929590e+00,0.000000000000000000e+00,0.000000000000000000e+00,0.000000000000000000e+00,1.000000000000000056e-01
9.812294322773628119e-01,-1.893202635632813546e-01,-3.669658072592086456e-02,6.580860156014686879e+01,1.883124355740182776e-01,9.816737784319384819e-01,-2.924071386513402843e-02,1.033597031843637737e+01,4.155993071247305465e-02,2.178142657153354228e-02,9.988985642274611498e-01,3.111641480750365396e+00,0.000000000000000000e+00,0.000000000000000000e+00,0.000000000000000000e+00,1.000000000000000056e-01
9.807252233962650001e-01,-1.924640410612683539e-01,-3.369909631893116403e-02,6.658973979324552772e+01,1.915208058910383149e-01,9.810508173879565197e-01,-2.930997463781900847e-02,1.049085846409492717e+01,3.870164215112082556e-02,2.229095333961249314e-02,9.990021502949920640e-01,3.165750474304797724e+00,0.000000000000000000e+00,0.000000000000000000e+00,0.000000000000000000e+00,1.000000000000000056e-01
9.773294574489467257e-01,-2.091660201201355762e-01,-3.281322339622290418e-02,6.739012510363050978e+01,2.084004458128941861e-01,9.777170053835452235e-01,-2.527274359501930495e-02,1.068240758331385187e+01,3.736824571122317196e-02,1.786150640163561981e-02,9.991419222520542265e-01,3.214234940396622164e+00,0.000000000000000000e+00,0.000000000000000000e+00,0.000000000000000000e+00,1.000000000000000056e-01
9.767802093809183628e-01,-2.120157016221526358e-01,-3.081825477595605614e-02,6.811982924070396450e+01,2.113216983787379599e-01,9.771145406642646192e-01,-2.429638279227612149e-02,1.082838646278744932e+01,3.526417950406739860e-02,1.721965993071472231e-02,9.992296637689332961e-01,3.267036974625772139e+00,0.000000000000000000e+00,0.000000000000000000e+00,0.000000000000000000e+00,1.000000000000000056e-01
9.769210214219302690e-01,-2.108171549463334071e-01,-3.437215565346530416e-02,6.878781827301351370e+01,2.101797162745652203e-01,9.774318004249019642e-01,-2.124999729124614836e-02,1.098490000734342509e+01,3.807630195640936827e-02,1.353523913598691022e-02,9.991831626538029143e-01,3.308186901178497230e+00,0.000000000000000000e+00,0.000000000000000000e+00,0.000000000000000000e+00,1.000000000000000056e-01
9.764036365835951914e-01,-2.125461395203380732e-01,-3.821095446768472959e-02,6.944604815663579700e+01,2.117838682935485606e-01,9.770447964933055562e-01,-2.304471253836799793e-02,1.115033107941659374e+01,4.223187891808004302e-02,1.440847737813116640e-02,9.990039360196197871e-01,3.346586080272346830e+00,0.000000000000000000e+00,0.000000000000000000e+00,0.000000000000000000e+00,1.000000000000000056e-01
9.757218000620941911e-01,-2.145825478230508621e-01,-4.383262544446570042e-02,7.016040223039560431e+01,2.135923019273276435e-01,9.765714320658828163e-01,-2.620241649497515382e-02,1.131698333637331189e+01,4.842827109212181902e-02,1.620395762025208727e-02,9.986952159274965490e-01,3.391543754842612390e+00,0.000000000000000000e+00,0.000000000000000000e+00,0.000000000000000000e+00,1.000000000000000056e-01
9.746793249227427847e-01,-2.187983729863588189e-01,-4.612467394647388336e-02,7.087042048186184218e+01,2.177754986262493142e-01,9.756470263617060823e-01,-2.620519318091355659e-02,1.148284901754648146e+01,5.073505460955760743e-02,1.549683613137636980e-02,9.985919097928254162e-01,3.434831474266318185e+00,0.000000000000000000e+00,0.000000000000000000e+00,0.000000000000000000e+00,1.000000000000000056e-01
9.747238546334817677e-01,-2.191673231297651681e-01,-4.334849109923233357e-02,7.153389624424971771e+01,2.182397084662693887e-01,9.755712592620501278e-01,-2.514254860620887544e-02,1.162824484209862952e+01,4.779996712347066301e-02,1.504667983280445244e-02,9.987435910027179231e-01,3.493111032806342831e+00,0.000000000000000000e+00,0.000000000000000000e+00,0.000000000000000000e+00,1.000000000000000056e-01
9.736104958075579852e-01,-2.246059176011745984e-01,-4.043246507319939870e-02,7.209495035428346910e+01,2.236589485450350412e-01,9.743030551811580064e-01,-2.665016698616798699e-02,1.177079129114225431e+01,4.537925945947642731e-02,1.690379966740159987e-02,9.988268039894173667e-01,3.529016501725871446e+00,0.000000000000000000e+00,0.000000000000000000e+00,0.000000000000000000e+00,1.000000000000000056e-01
9.742826586487228768e-01,-2.210092193431960894e-01,-4.391157047621097043e-02,7.261977877180517282e+01,2.198587248357264656e-01,9.750838047450796076e-01,-2.955866772146225480e-02,1.187607304151549670e+01,4.935019929022080309e-02,1.914415548334655326e-02,9.985980468340827088e-01,3.568243303211241724e+00,0.000000000000000000e+00,0.000000000000000000e+00,0.000000000000000000e+00,1.000000000000000056e-01
9.738433928884246971e-01,-2.228300008090901840e-01,-4.445038657854564340e-02,7.323589326551437750e+01,2.212591277345090368e-01,9.744881041262885013e-01,-3.764748743961806449e-02,1.200799121837448702e+01,5.170536260123786282e-02,2.682770314009127327e-02,9.983019732638525046e-01,3.619703631325602800e+00,0.000000000000000000e+00,0.000000000000000000e+00,0.000000000000000000e+00,1.000000000000000056e-01
9.739461375679783206e-01,-2.210781649233856394e-01,-5.053084316063712056e-02,7.381545068447439917e+01,2.190489269407913386e-01,9.747770178266248475e-01,-4.274731714528843401e-02,1.213242815337890335e+01,5.870680303426910329e-02,3.056485745329610287e-02,9.978072462987804814e-01,3.664101045776221532e+00,0.000000000000000000e+00,0.000000000000000000e+00,0.000000000000000000e+00,1.000000000000000056e-01
9.750555368386559785e-01,-2.161163473002085111e-01,-5.060063744554996190e-02,7.438519695249597419e+01,2.142779167325493672e-01,9.759789862793348814e-01,-3.936994719224901074e-02,1.224201808706639838e+01,5.789364801978695574e-02,2.754528581767642925e-02,9.979426750811809521e-01,3.715521380775360871e+00,0.000000000000000000e+00,0.000000000000000000e+00,0.000000000000000000e+00,1.000000000000000056e-01
9.755245203949768351e-01,-2.146205345670933462e-01,-4.785327836507787674e-02,7.494937062745344747e+01,2.128376750176938503e-01,9.762794617659498186e-01,-3.973080199353883762e-02,1.238592067388996654e+01,5.524521880862704598e-02,2.857339105045707955e-02,9.980638892990090216e-01,3.744639006428029493e+00,0.000000000000000000e+00,0.000000000000000000e+00,0.000000000000000000e+00,1.000000000000000056e-01
9.764042123287786090e-01,-2.109261724931860704e-01,-4.631375501934725109e-02,7.552655961270079388e+01,2.090387472523913548e-01,9.769859639292457487e-01,-4.244088161659066716e-02,1.248761477969382838e+01,5.419978130738380834e-02,3.175808625558765308e-02,9.980249534273251122e-01,3.786068117974233260e+00,0.000000000000000000e+00,0.000000000000000000e+00,0.000000000000000000e+00,1.000000000000000056e-01
9.772872402920294022e-01,-2.077557403284719939e-01,-4.179954931524640371e-02,7.611337143738936106e+01,2.057893636632254775e-01,9.774721190662158943e-01,-4.689343505530587514e-02,1.259589506670862846e+01,5.060027436164689363e-02,3.722645307801921571e-02,9.980249513042026566e-01,3.835113948015879792e+00,0.000000000000000000e+00,0.000000000000000000e+00,0.000000000000000000e+00,1.000000000000000056e-01
9.790529050525575983e-01,-1.999215864101884510e-01,-3.855863580809253816e-02,7.668005096740877491e+01,1.980309006147203676e-01,9.790262296123284358e-01,-4.786861323238025129e-02,1.268476874515963537e+01,4.731988493086495412e-02,3.923010347044762064e-02,9.981091260337356941e-01,3.894445305158130921e+00,0.000000000000000000e+00,0.000000000000000000e+00,0.000000000000000000e+00,1.000000000000000056e-01
9.811448128011051040e-01,-1.897123597389107907e-01,-3.693341137477822167e-02,7.717407970605283651e+01,1.880219388914385059e-01,9.811390439407964292e-01,-4.487679746198610514e-02,1.280745096400157479e+01,4.475049506976058744e-02,3.708634542839255727e-02,9.983095693089280021e-01,3.938218633994736706e+00,0.000000000000000000e+00,0.000000000000000000e+00,0.000000000000000000e+00,1.000000000000000056e-01
9.839024227747481532e-01,-1.746087732223831623e-01,-3.804995100857597179e-02,7.767143511546153434e+01,1.729499459738992884e-01,9.839804616850544861e-01,-4.325236652129518800e-02,1.289346874926688713e+01,4.499265101776050990e-02,3.597537123980101836e-02,9.983393381103203845e-01,3.971385074334504495e+00,0.000000000000000000e+00,0.000000000000000000e+00,0.000000000000000000e+00,1.000000000000000056e-01
9.872571323921356390e-01,-1.546533709893183617e-01,-3.749252435482762491e-02,7.813360479935705882e+01,1.534186694700389042e-01,9.875813453257888952e-01,-3.384964139467071254e-02,1.298173082500073861e+01,4.226187879046597318e-02,2.766624669421405627e-02,9.987234413965433433e-01,4.003453765648705698e+00,0.000000000000000000e+00,0.000000000000000000e+00,0.000000000000000000e+00,1.000000000000000056e-01
9.907904223893618800e-01,-1.306868735337948784e-01,-3.542993067269287200e-02,7.860914148028646764e+01,1.294001437560314272e-01,9.909216641941530623e-01,-3.646722126250527551e-02,1.303250963960488384e+01,3.987407299773022828e-02,3.154673543573123518e-02,9.987065944439936782e-01,4.042908600907557215e+00,0.000000000000000000e+00,0.000000000000000000e+00,0.000000000000000000e+00,1.000000000000000056e-01
9.935600085246275581e-01,-1.076999915161505339e-01,-3.520257501892718605e-02,7.915930591055682441e+01,1.064058419777405007e-01,9.936423722937385294e-01,-3.677815622729876249e-02,1.314854811427484194e+01,3.893977726631484698e-02,3.279554558004151715e-02,9.987032321648694477e-01,4.086868041598841650e+00,0.000000000000000000e+00,0.000000000000000000e+00,0.000000000000000000e+00,1.000000000000000056e-01
9.963585235793536166e-01,-7.826951165286274992e-02,-3.381680109639267212e-02,7.964887676382224413e+01,7.706540934689243283e-02,9.963919008381045828e-01,-3.555422093682533008e-02,1.323172358092916134e+01,3.647759823462210643e-02,3.281864546033349400e-02,9.987954351803889352e-01,4.116457016941721392e+00,0.000000000000000000e+00,0.000000000000000000e+00,0.000000000000000000e+00,1.000000000000000056e-01
9.983254400312447929e-01,-4.609410742017850532e-02,-3.495209646871547809e-02,8.011842816027011338e+01,4.476708938308938263e-02,9.982803991751050265e-01,-3.784378853866805087e-02,1.323993243919721152e+01,3.663636846888395499e-02,3.621571321857381537e-02,9.986722178079663337e-01,4.134740299092931615e+00,0.000000000000000000e+00,0.000000000000000000e+00,0.000000000000000000e+00,1.000000000000000056e-01
