1.000000000000000000e+00,-1.409910773580870933e-09,5.577444345925633866e-10,1.687452879697669365e-15,1.409910773536307818e-09,1.000000000000000000e+00,7.989884775364269550e-11,2.749932879678149062e-15,-5.577444347052135987e-10,-7.989884696727279623e-11,1.000000000000000000e+00,-1.462568279705304969e-15,0.000000000000000000e+00,0.000000000000000000e+00,0.000000000000000000e+00,1.000000000000000056e-01
9.999901048301554907e-01,-4.398554265960450543e-03,-6.655540127941557676e-04,6.429375160717819560e-01,4.397025148199487990e-03,9.999877297230637119e-01,-2.281791655459724719e-03,2.011352641191122004e-02,6.755824306822581782e-04,2.278842619012003655e-03,9.999971752283588478e-01,9.648948221375521286e-03,0.000000000000000000e+00,0.000000000000000000e+00,0.000000000000000000e+00,1.000000000000000056e-01
9.999551534895479987e-01,-9.441464322290281375e-03,-7.414587955073169900e-04,1.290494721632441832e+00,9.440107784094660393e-03,9.999537990375183538e-01,-1.812223898678598727e-03,3.868527585942715258e-02,7.585345866806999507e-04,1.805143175813530990e-03,9.999980830398604859e-01,1.392132694408204988e-02,0.000000000000000000e+00,0.000000000000000000e+00,0.000000000000000000e+00,1.000000000000000056e-01
9.998594396877156232e-01,-1.664057991215760895e-02,-2.047429499276797772e-03,1.997484452959934043e+00,1.663651106328284390e-02,9.998596262651111566e-01,-1.988533287027172657e-03,5.099552418406717857e-02,2.080232441021823662e-03,1.954191694651350418e-03,9.999959268756107855e-01,1.617228688740408177e-02,0.000000000000000000e+00,0.000000000000000000e+00,0.000000000000000000e+00,1.000000000000000056e-01
9.997190881898487813e-01,-2.363385491880763689e-02,-1.784827872420072931e-03,2.700725646380632838e+00,2.363385952571641496e-02,9.997206811610876986e-01,-1.851295411889650839e-05,6.153439006229047270e-02,1.784766868842854997e-03,-2.367461760291557696e-05,9.999984070220994115e-01,1.592666344912857523e-02,0.000000000000000000e+00,0.000000000000000000e+00,0.000000000000000000e+00,1.000000000000000056e-01
9.995720066662798775e-01,-2.922095314668380142e-02,-1.392618521326191398e-03,3.410140159281532579e+00,2.922243870271208979e-02,9.995723727918964796e-01,1.058596922375884195e-03,8.418214821444700013e-02,1.361089788685994340e-03,-1.098839559325726686e-03,9.999984699919345355e-01,2.784557540241623316e-02,0.000000000000000000e+00,0.000000000000000000e+00,0.000000000000000000e+00,1.000000000000000056e-01
9.994008782107263178e-01,-3.456002576084789973e-02,-1.867953703545242785e-03,4.146246978475608636e+00,3.456300029496144760e-02,9.994012652809570740e-01,1.584287042329788741e-03,1.063488516822884977e-01,1.812082293813870384e-03,-1.647899945848873594e-03,9.999970003872655777e-01,4.094564559530697312e-02,0.000000000000000000e+00,0.000000000000000000e+00,0.000000000000000000e+00,1.000000000000000056e-01
9.990992052378612209e-01,-4.241293639208471022e-02,-1.385972465487038093e-03,4.913376759074002287e+00,4.241588708609012048e-02,9.990976763820599293e-01,2.173837774254269717e-03,1.482652247885052899e-01,1.292523026551457279e-03,-2.230666844174010281e-03,9.999966767493060349e-01,4.348676647762644842e-02,0.000000000000000000e+00,0.000000000000000000e+00,0.000000000000000000e+00,1.000000000000000056e-01
9.987921288027262756e-01,-4.913169401522401308e-02,6.000707563062258366e-04,5.681373196530187464e+00,4.912940368379211525e-02,9.987867346816613479e-01,3.370507027086179237e-03,1.906105885095452368e-01,-7.649414312000106953e-04,-3.336954770302546624e-03,9.999941397815628186e-01,3.951862645232093879e-02,0.000000000000000000e+00,0.000000000000000000e+00,0.000000000000000000e+00,1.000000000000000056e-01
9.985236638656301844e-01,-5.424603591347407910e-02,2.803620522107504957e-03,6.475215636340891479e+00,5.423536526469414226e-02,9.985211324524800869e-01,3.751426451612218955e-03,2.457963486278445520e-01,-3.002974352722712851e-03,-3.593832702106179982e-03,9.999890331956376999e-01,4.701026261004501161e-02,0.000000000000000000e+00,0.000000000000000000e+00,0.000000000000000000e+00,1.000000000000000056e-01
9.982208949288583488e-01,-5.934879945532309242e-02,5.724065918640898129e-03,7.295541029904420327e+00,5.932278108146157858e-02,9.982281941540214198e-01,4.613029456040898015e-03,2.830569193587463284e-01,-5.987701745251552965e-03,-4.265254882554941028e-03,9.999729771491810970e-01,5.855319201353623160e-02,0.000000000000000000e+00,0.000000000000000000e+00,0.000000000000000000e+00,1.000000000000000056e-01
9.980133816412192216e-01,-6.262217905289448050e-02,6.910336874959030137e-03,8.107105714347778047e+00,6.258846696816082467e-02,9.980269371259820055e-01,4.991650379040092969e-03,3.391670376635868567e-01,-7.209290369629788725e-03,-4.549226483519240236e-03,9.999636646752561031e-01,6.070637654295427815e-02,0.000000000000000000e+00,0.000000000000000000e+00,0.000000000000000000e+00,1.000000000000000056e-01
9.978104448527281845e-01,-6.576373205312173453e-02,7.031905093634215585e-03,8.936455039075870133e+00,6.573230289418464933e-02,9.978266389722020291e-01,4.611172699647734900e-03,3.844561075791523286e-01,-7.319870151022840089e-03,-4.138852967190337524e-03,9.999646440735232567e-01,6.459029762595838720e-02,0.000000000000000000e+00,0.000000000000000000e+00,0.000000000000000000e+00,1.000000000000000056e-01
9.976293546432503101e-01,-6.835891877071331724e-02,7.920162788151415348e-03,9.716553315402297386e+00,6.833868418767957698e-02,9.976582552654053027e-01,2.798203760268886883e-03,4.545035102517261949e-01,-8.092897972197253195e-03,-2.250316708022875173e-03,9.999647199162204902e-01,7.062109525387462450e-02,0.000000000000000000e+00,0.000000000000000000e+00,0.000000000000000000e+00,1.000000000000000056e-01
9.972914383116776582e-01,-7.304283862951739537e-02,8.633121982660451818e-03,1.051789444280646713e+01,7.302276907770556547e-02,9.973268379302001607e-01,2.617926731648588523e-03,5.229741052119785127e-01,-8.801265048236155478e-03,-1.980421442640933026e-03,9.999593070042701592e-01,7.110921246669887896e-02,0.000000000000000000e+00,0.000000000000000000e+00,0.000000000000000000e+00,1.000000000000000056e-01
9.970687770440436193e-01,-7.590140086222957327e-02,9.634894449157377708e-03,1.132812316072402581e+01,7.586832344925922844e-02,9.971107790527447001e-01,3.753903811653730611e-03,5.909761941601844315e-01,-9.891983668296860585e-03,-3.011916994158415212e-03,9.999465370784211826e-01,8.668987913522686883e-02,0.000000000000000000e+00,0.000000000000000000e+00,0.000000000000000000e+00,1.000000000000000056e-01
9.966819834786947441e-01,-8.090297642387299371e-02,8.929289710448339024e-03,1.218520776901041636e+01,8.085615749587322931e-02,9.967106833632392027e-01,5.485933337845006440e-03,6.558983658883906775e-01,-9.343746784743919148e-03,-4.745742865240965523e-03,9.999450846524920999e-01,9.107080905605234589e-02,0.000000000000000000e+00,0.000000000000000000e+00,0.000000000000000000e+00,1.000000000000000056e-01
9.965331091512662498e-01,-8.286066602685980553e-02,7.474783668817066434e-03,1.305888154081736019e+01,8.280176589706551848e-02,9.965349398205219922e-01,7.872819141589477640e-03,7.533458850531619122e-01,-8.101230131157150308e-03,-7.226599649477165842e-03,9.999410714276457668e-01,1.021034664265310921e-01,0.000000000000000000e+00,0.000000000000000000e+00,0.000000000000000000e+00,1.000000000000000056e-01
9.968492541913629434e-01,-7.902892205364850375e-02,6.781880061007662143e-03,1.393765318468546432e+01,7.894574864338585463e-02,9.968095180158627056e-01,1.176237918615077524e-02,8.498894750725001224e-01,-7.689810742722204100e-03,-1.118991832060450831e-02,9.999078220209697276e-01,1.042055598417847839e-01,0.000000000000000000e+00,0.000000000000000000e+00,0.000000000000000000e+00,1.000000000000000056e-01
9.948546923852454871e-01,-1.010673810785151921e-01,7.037437103717222864e-03,1.490459747978955996e+01,1.009989095512621587e-01,9.948413003596821014e-01,9.487221306200513404e-03,9.902746498292620547e-01,-7.959981690591491632e-03,-8.727633160659827721e-03,9.999302311216009542e-01,9.168789109290784167e-02,0.000000000000000000e+00,0.000000000000000000e+00,0.000000000000000000e+00,1.000000000000000056e-01
9.945371129573615798e-01,-1.040175061451427546e-01,8.734378385512579432e-03,1.586824279265381676e+01,1.039418946179221509e-01,9.945452623371709988e-01,8.706532370845267155e-03,1.095069055614448228e+00,-9.592366427159005823e-03,-7.751101730270259886e-03,9.999239505723893640e-01,8.891213416167513539e-02,0.000000000000000000e+00,0.000000000000000000e+00,0.000000000000000000e+00,1.000000000000000056e-01
9.941445388107102987e-01,-1.074807868384428655e-01,1.115869228132345715e-02,1.677790971178556845e+01,1.073766080185087901e-01,9.941725400952007297e-01,9.551155484866898776e-03,1.213432149570460306e+00,-1.212023115619385340e-02,-8.297046537521560877e-03,9.998921236890880859e-01,8.876595527628303173e-02,0.000000000000000000e+00,0.000000000000000000e+00,0.000000000000000000e+00,1.000000000000000056e-01
9.937607103215393423e-01,-1.109524233902626916e-01,1.136707372446433238e-02,1.765763682600127282e+01,1.108571496263911355e-01,9.937983036832684913e-01,8.696204515194242216e-03,1.321671602755734476e+00,-1.226144355047345015e-02,-7.381824983433647389e-03,9.998975775858107706e-01,8.978804781990125383e-02,0.000000000000000000e+00,0.000000000000000000e+00,0.000000000000000000e+00,1.000000000000000056e-01
9.933545148314473217e-01,-1.145800419726684394e-01,1.087298696410135372e-02,1.856985496784380985e+01,1.144959993418472877e-01,9.933909914937781860e-01,8.062515346962893445e-03,1.431905123777538869e+00,-1.172493064762786079e-02,-6.764022512517760613e-03,9.999083828035238986e-01,8.367475455359682512e-02,0.000000000000000000e+00,0.000000000000000000e+00,0.000000000000000000e+00,1.000000000000000056e-01
9.930509985126048100e-01,-1.171802878452694319e-01,1.088551760911227011e-02,1.949398131253310495e+01,1.171090331712176524e-01,9.930946061432371907e-01,6.969763189032648389e-03,1.548751375297279242e+00,-1.162706767939083140e-02,-5.646537851493865952e-03,9.999164604643082654e-01,8.594430030694534539e-02,0.000000000000000000e+00,0.000000000000000000e+00,0.000000000000000000e+00,1.000000000000000056e-01
9.930186224530563877e-01,-1.171832273616511821e-01,1.349469105025539670e-02,2.041524298851767227e+01,1.170974635183955614e-01,9.930958849563431556e-01,6.981928124496953637e-03,1.664891205047632106e+00,-1.421968702160146189e-02,-5.352990555304915944e-03,9.998845663340956147e-01,8.418184542891291033e-02,0.000000000000000000e+00,0.000000000000000000e+00,0.000000000000000000e+00,1.000000000000000056e-01
9.920980145413391682e-01,-1.244459908841612367e-01,1.596010325756350157e-02,2.129348882187636249e+01,1.243601386056350649e-01,9.922173542523214929e-01,6.267204042510405096e-03,1.778675439469513675e+00,-1.661581984495694164e-02,-4.232880034029183614e-03,9.998529878224585721e-01,8.150017443032762932e-02,0.000000000000000000e+00,0.000000000000000000e+00,0.000000000000000000e+00,1.000000000000000056e-01
9.922358908295756397e-01,-1.229364722549325800e-01,1.882978330068397349e-02,2.220864534034098270e+01,1.228427171911324195e-01,9.924076390939484682e-01,6.061740762746386374e-03,1.903578814379510042e+00,-1.943202981517840044e-02,-3.701575000925382952e-03,9.998043281361481682e-01,7.708909840419786441e-02,0.000000000000000000e+00,0.000000000000000000e+00,0.000000000000000000e+00,1.000000000000000056e-01
9.921410768538390101e-01,-1.232727033295537011e-01,2.144584419249028276e-02,2.315324666798368725e+01,1.231657784323287874e-01,9.923664773381930537e-01,6.242249477882026547e-03,2.022743906189069296e+00,-2.205163582284134019e-02,-3.551798024869685412e-03,9.997505239250076281e-01,7.631024830140896442e-02,0.000000000000000000e+00,0.000000000000000000e+00,0.000000000000000000e+00,1.000000000000000056e-01
9.923940660714184459e-01,-1.211868261265002383e-01,2.162800960843384163e-02,2.407068567699942463e+01,1.211269828350294703e-01,9.926287145282871593e-01,4.060680140391920850e-03,2.133504872129340146e+00,-2.196068431355413519e-02,-1.410059326942379818e-03,9.997578407180285343e-01,6.612656218798960983e-02,0.000000000000000000e+00,0.000000000000000000e+00,0.000000000000000000e+00,1.000000000000000056e-01
9.925897654376653056e-01,-1.198577051622992939e-01,1.999220001970576990e-02,2.501873353796481680e+01,1.198080219947030567e-01,9.927902984290736255e-01,3.668952279278455460e-03,2.246439013930573658e+00,-2.028781442436172408e-02,-1.246538542607577519e-03,9.997934040228233510e-01,5.380228078815034454e-02,0.000000000000000000e+00,0.000000000000000000e+00,0.000000000000000000e+00,1.000000000000000056e-01
9.926626301357284188e-01,-1.197932488579910582e-01,1.644628408077319567e-02,2.594177805487933952e+01,1.197615521913512060e-01,9.927984421691310457e-01,2.902385788432397008e-03,2.363430425305019345e+00,-1.667553143789818684e-02,-9.114574011205558903e-04,9.998605382235412620e-01,4.344926216897676552e-02,0.000000000000000000e+00,0.000000000000000000e+00,0.000000000000000000e+00,1.000000000000000056e-01
9.928442506200135798e-01,-1.184823114873580080e-01,1.490757778434325699e-02,2.687824338500787391e+01,1.184513968418226953e-01,9.929554900430712649e-01,2.943022178839013476e-03,2.475121874293920943e+00,-1.515125727471517032e-02,-1.156139237623917109e-03,9.998845447075670467e-01,3.748360204135284951e-02,0.000000000000000000e+00,0.000000000000000000e+00,0.000000000000000000e+00,1.000000000000000056e-01
9.929572628902585407e-01,-1.172558466870990551e-01,1.693931790767900375e-02,2.782902237611475016e+01,1.172686857550157974e-01,9.931001959877068241e-01,2.367920388585328115e-04,2.585997683023203209e+00,-1.685020518501921527e-02,1.751327173840748225e-03,9.998564914218204258e-01,3.176138377819610892e-02,0.000000000000000000e+00,0.000000000000000000e+00,0.000000000000000000e+00,1.000000000000000056e-01
9.929002325043423394e-01,-1.168752096510185107e-01,2.212043539022937391e-02,2.882364961965713590e+01,1.169049372193821240e-01,9.931431080375074938e-01,-5.110119499530441957e-05,2.687011755043565042e+00,-2.196278549171678043e-02,2.636726498952250870e-03,9.997553119272808431e-01,2.489013566133727387e-02,0.000000000000000000e+00,0.000000000000000000e+00,0.000000000000000000e+00,1.000000000000000056e-01
9.926990488329742179e-01,-1.178142545185168755e-01,2.585343068829558388e-02,2.976448671220143538e+01,1.179414363890218809e-01,9.930145747225533892e-01,-3.445572678189141175e-03,2.798900964658345814e+00,-2.526689590358662668e-02,6.469607471284843231e-03,9.996598062093747794e-01,1.226418962269367093e-02,0.000000000000000000e+00,0.000000000000000000e+00,0.000000000000000000e+00,1.000000000000000056e-01
9.926546623189264063e-01,-1.181984251007253822e-01,2.580414075698871101e-02,3.066166528014866444e+01,1.185140433170270707e-01,9.928907795709495110e-01,-1.105989962169580919e-02,2.897249131005195544e+00,-2.431343071530847610e-02,1.403681397968809842e-02,9.996058347869681837e-01,7.546050287195999080e-03,0.000000000000000000e+00,0.000000000000000000e+00,0.000000000000000000e+00,1.000000000000000056e-01
9.925221099047192297e-01,-1.199579316244217542e-01,2.258220517741864330e-02,3.158396051443784458e+01,1.202803216261503494e-01,9.926481742253168150e-01,-1.349986802361462582e-02,2.993399326475202571e+00,-2.079676849403062910e-02,1.611511239600087186e-02,9.996538388725718649e-01,3.773858933954828566e-04,0.000000000000000000e+00,0.000000000000000000e+00,0.000000000000000000e+00,1.000000000000000056e-01
9.925276524638995124e-01,-1.205104116953568255e-01,1.913373375785056354e-02,3.254387545132311743e+01,1.207759256075873339e-01,9.925895780517188793e-01,-1.338302420012457521e-02,3.119803876456995972e+00,-1.737915096117288380e-02,1.559391599715074204e-02,9.997273602816633131e-01,-1.036123696703027640e-02,0.000000000000000000e+00,0.000000000000000000e+00,0.000000000000000000e+00,1.000000000000000056e-01
9.921502725492974406e-01,-1.234468013589124780e-01,1.996807238087773897e-02,3.349704669248181688e+01,1.237296646316091708e-01,9.922226659653385905e-01,-1.360702887428934943e-02,3.243924725215224125e+00,-1.813302982141396999e-02,1.597086030523803962e-02,9.997080197990843020e-01,-2.283733201929790194e-02,0.000000000000000000e+00,0.000000000000000000e+00,0.000000000000000000e+00,1.000000000000000056e-01
9.923952240644237088e-01,-1.212361024665405962e-01,2.129616662323622137e-02,3.446725260832542403e+01,1.215483346484761140e-01,9.924863356942538184e-01,-1.403124386414307187e-02,3.368148926338357274e+00,-1.943506105738372278e-02,1.651305298590965628e-02,9.996747458462579283e-01,-2.565243732349306235e-02,0.000000000000000000e+00,0.000000000000000000e+00,0.000000000000000000e+00,1.000000000000000056e-01
9.920161609192298391e-01,-1.240473019614262012e-01,2.272010896020268400e-02,3.543059732862123212e+01,1.243678575325956465e-01,9.921473032199401576e-01,-1.328023818130302271e-02,3.503838220302469164e+00,-2.089431711793253432e-02,1.599986217099673771e-02,9.996536559842535974e-01,-4.075058947247475749e-02,0.000000000000000000e+00,0.000000000000000000e+00,0.000000000000000000e+00,1.000000000000000056e-01
9.916587184811173072e-01,-1.266675751079142653e-01,2.383928431536892420e-02,3.639933458622350315e+01,1.269765442441803116e-01,9.918340872758552029e-01,-1.192059266467034202e-02,3.630539304102414988e+00,-2.213466223356056264e-02,1.484818958500243487e-02,9.996447308888563033e-01,-4.619871915591756278e-02,0.000000000000000000e+00,0.000000000000000000e+00,0.000000000000000000e+00,1.000000000000000056e-01
9.915558523045324701e-01,-1.273547097010699070e-01,2.444932877582382466e-02,3.739130571768112077e+01,1.276856224634445314e-01,9.917361556584773918e-01,-1.248116083811565136e-02,3.768633668536498060e+00,-2.265774871329512621e-02,1.549759583614218963e-02,9.996231544669944569e-01,-5.368680981320961970e-02,0.000000000000000000e+00,0.000000000000000000e+00,0.000000000000000000e+00,1.000000000000000056e-01
9.914370071701991138e-01,-1.277098329573394531e-01,2.725544678421112574e-02,3.837681924901015407e+01,1.280218975807662640e-01,9.917207003121907283e-01,-1.002229076198052002e-02,3.898158128951283441e+00,-2.574984569309709051e-02,1.342576397477380362e-02,9.995782582211736322e-01,-4.563144600697433689e-02,0.000000000000000000e+00,0.000000000000000000e+00,0.000000000000000000e+00,1.000000000000000056e-01
9.914130824869045178e-01,-1.276914197320942190e-01,2.819576565047219804e-02,3.938577891269145681e+01,1.280076725755952827e-01,9.917256996519669965e-01,-9.704247090611970231e-03,4.034808508342945466e+00,-2.672331632850615327e-02,1.323019185872204885e-02,9.995553143212175806e-01,-6.461141212456104899e-02,0.000000000000000000e+00,0.000000000000000000e+00,0.000000000000000000e+00,1.000000000000000056e-01
9.910482477509852117e-01,-1.308269384341965713e-01,2.660230835166134053e-02,4.039033406037482621e+01,1.311780460346068100e-01,9.912873479043913250e-01,-1.190437412133660972e-02,4.172317653759114009e+00,-2.481311887378346084e-02,1.528744794310385804e-02,9.995752113108560266e-01,-6.941044827784374760e-02,0.000000000000000000e+00,0.000000000000000000e+00,0.000000000000000000e+00,1.000000000000000056e-01
9.911158975818321615e-01,-1.303731532385396241e-01,2.630814465520825776e-02,4.140673125287586487e+01,1.307403755179612215e-01,9.913346458095489977e-01,-1.275045987713974323e-02,4.318492338954586174e+00,-2.441785760425306887e-02,1.607672019711526776e-02,9.995725622973662405e-01,-6.074002439097263978e-02,0.000000000000000000e+00,0.000000000000000000e+00,0.000000000000000000e+00,1.000000000000000056e-01
9.913468520273144291e-01,-1.290052048663618278e-01,2.427088982550779095e-02,4.243294758818825585e+01,1.292229735414144598e-01,9.915862668344477271e-01,-7.622239463461689436e-03,4.464972822857663282e+00,-2.308337247130110709e-02,1.069263965124929092e-02,9.996763603149969590e-01,-6.287623224599797611e-02,0.000000000000000000e+00,0.000000000000000000e+00,0.000000000000000000e+00,1.000000000000000056e-01
9.914486780341674743e-01,-1.282336377218075973e-01,2.420026819962583023e-02,4.347519124848965077e+01,1.284601787651553362e-01,9.916820400499901655e-01,-8.044495876933456871e-03,4.595406840701686590e+00,-2.296739636802458753e-02,1.108447558172562415e-02,9.996747636632387080e-01,-6.705975015480675205e-02,0.000000000000000000e+00,0.000000000000000000e+00,0.000000000000000000e+00,1.000000000000000056e-01
9.916079212600746873e-01,-1.265560769629254234e-01,2.640624695081885201e-02,4.446158110583790091e+01,1.268959576034025538e-01,9.918480580007759118e-01,-1.161231174249728257e-02,4.721274697266315101e+00,-2.472137613865761988e-02,1.486570630153777328e-02,9.995838455767317443e-01,-7.357467153808838756e-02,0.000000000000000000e+00,0.000000000000000000e+00,0.000000000000000000e+00,1.000000000000000056e-01
9.917488772133802311e-01,-1.252480921818590609e-01,2.733276332177718773e-02,4.542865971650770263e+01,1.255932471764267810e-01,9.920175474980547081e-01,-1.129255151087283846e-02,4.860620595057559612e+00,-2.570021030421199351e-02,1.463218578166913114e-02,9.995626035069389292e-01,-7.858002065232927436e-02,0.000000000000000000e+00,0.000000000000000000e+00,0.000000000000000000e+00,1.000000000000000056e-01
9.913128634710085541e-01,-1.291914382294755692e-01,2.466534015798722487e-02,4.633576855913604930e+01,1.295027981926410721e-01,9.915127528387427391e-01,-1.146674401974057469e-02,4.979158063437033377e+00,-2.297459416803037877e-02,1.456136141773075807e-02,9.996299989378452100e-01,-8.310272226714286725e-02,0.000000000000000000e+00,0.000000000000000000e+00,0.000000000000000000e+00,1.000000000000000056e-01
9.917141055752913825e-01,-1.270774191516621243e-01,1.882717038624324990e-02,4.727985284975166991e+01,1.272606776207601265e-01,9.918296134858467505e-01,-8.873429101576572192e-03,5.116412577523438365e+00,-1.754573265796621762e-02,1.119586326589059461e-02,9.997833764927414046e-01,-9.571667758529581183e-02,0.000000000000000000e+00,0.000000000000000000e+00,0.000000000000000000e+00,1.000000000000000056e-01
9.919742708305278045e-01,-1.251085031722251883e-01,1.830050393426241317e-02,4.822147311404368253e+01,1.252800376247979186e-01,9.920846338537077092e-01,-8.543503033532486718e-03,5.243537440058449128e+00,-1.708678386858844545e-02,1.076762301346394918e-02,9.997960292538013993e-01,-9.563720584896748256e-02,0.000000000000000000e+00,0.000000000000000000e+00,0.000000000000000000e+00,1.000000000000000056e-01
9.922244919314573419e-01,-1.231316135327166633e-01,1.814285975779646523e-02,4.918075659234481378e+01,1.233385819918755427e-01,9.923062683981256349e-01,-1.076400901247000566e-02,5.385234525839753594e+00,-1.667788366654339785e-02,1.291802796934775691e-02,9.997774616132274472e-01,-1.025833751941658822e-01,0.000000000000000000e+00,0.000000000000000000e+00,0.000000000000000000e+00,1.000000000000000056e-01
9.926288725645499023e-01,-1.194147022545667819e-01,2.068937497083225135e-02,5.017588955747355328e+01,1.196392490834223138e-01,9.927673278466677687e-01,-9.974108428411419813e-03,5.524229825527881665e+00,-1.934868031637734798e-02,1.237584928964632555e-02,9.997361986666155609e-01,-9.392355983442809975e-02,0.000000000000000000e+00,0.000000000000000000e+00,0.000000000000000000e+00,1.000000000000000056e-01
9.927360984438776681e-01,-1.185224724663355572e-01,2.067516304396238569e-02,5.110785567763761605e+01,1.187464049464194288e-01,9.928746809185026168e-01,-9.957876444431808249e-03,5.651738666381150189e+00,-1.934761377350383005e-02,1.234064469338302938e-02,9.997366544894825680e-01,-9.816006550628846028e-02,0.000000000000000000e+00,0.000000000000000000e+00,0.000000000000000000e+00,1.000000000000000056e-01
9.926552468873459656e-01,-1.192486298527408728e-01,2.037952662026561168e-02,5.204993736276633598e+01,1.195242968602754641e-01,9.927476394944106941e-01,-1.288668841604953888e-02,5.769355537169603032e+00,-1.869500700932909959e-02,1.522788746082646971e-02,9.997092618138543330e-01,-9.842368208437217436e-02,0.000000000000000000e+00,0.000000000000000000e+00,0.000000000000000000e+00,1.000000000000000056e-01
9.928364391110096054e-01,-1.179454299149401558e-01,1.909661581407809047e-02,5.303157211400971249e+01,1.182189302485588261e-01,9.928904637153201929e-01,-1.388566145572054517e-02,5.894489895730792739e+00,-1.732309742098503760e-02,1.604377216730660735e-02,9.997212149746481646e-01,-8.899800854683537210e-02,0.000000000000000000e+00,0.000000000000000000e+00,0.000000000000000000e+00,1.000000000000000056e-01
9.926521948663112882e-01,-1.194317449990705826e-01,1.943394745212000813e-02,5.399554557904821905e+01,1.197022410622179400e-01,9.927193525902602289e-01,-1.340374863451198467e-02,6.025025278011151286e+00,-1.769162264399303658e-02,1.563154756418878855e-02,9.997212917653455211e-01,-9.207142485038104229e-02,0.000000000000000000e+00,0.000000000000000000e+00,0.000000000000000000e+00,1.000000000000000056e-01
9.925038347890262624e-01,-1.200495923943520754e-01,2.289614148775135499e-02,5.493362973855494147e+01,1.204101296156414175e-01,9.926097947250771547e-01,-1.507302563471008168e-02,6.143505427725951762e+00,-2.091742371855662835e-02,1.771696310856125944e-02,9.996242146942960760e-01,-9.046968297828636429e-02,0.000000000000000000e+00,0.000000000000000000e+00,0.000000000000000000e+00,1.000000000000000056e-01
9.922255571879154967e-01,-1.215477474623522652e-01,2.673179286839569291e-02,5.588251556721848345e+01,1.219382538766918128e-01,9.924459755083581136e-01,-1.349251417516050648e-02,6.259094014028842246e+00,-2.488987554476771585e-02,1.664724554068005430e-02,9.995515811158893760e-01,-8.219928343522778236e-02,0.000000000000000000e+00,0.000000000000000000e+00,0.000000000000000000e+00,1.000000000000000056e-01
9.920003656605227427e-01,-1.233253931987258883e-01,2.694664954625802453e-02,5.684378048799108285e+01,1.236632823477856052e-01,9.922604828110629382e-01,-1.124841546744130213e-02,6.385482871404971839e+00,-2.535088022852566639e-02,1.449074338796898717e-02,9.995735846988469397e-01,-9.000488146513246912e-02,0.000000000000000000e+00,0.000000000000000000e+00,0.000000000000000000e+00,1.000000000000000056e-01
9.917350687763527572e-01,-1.259371051543149989e-01,2.452343582196028077e-02,5.773542747523817553e+01,1.262526539592428998e-01,9.919283084414867169e-01,-1.176852924789196370e-02,6.504595723759050152e+00,-2.284339570664702113e-02,1.476741201977630966e-02,9.996299829511056112e-01,-9.536373789601682027e-02,0.000000000000000000e+00,0.000000000000000000e+00,0.000000000000000000e+00,1.000000000000000056e-01
9.914247594850817968e-01,-1.294347586611863388e-01,1.798859444948899822e-02,5.860595657693903604e+01,1.296757805454622214e-01,9.914719574690082915e-01,-1.294409102633699814e-02,6.628021711869351407e+00,-1.615977165286863748e-02,1.516577735869241959e-02,9.997544003290176340e-01,-1.020888896040242771e-01,0.000000000000000000e+00,0.000000000000000000e+00,0.000000000000000000e+00,1.000000000000000056e-01
9.913130877408613539e-01,-1.306766301974212618e-01,1.489900647445466762e-02,5.953570190986850719e+01,1.308881710852463076e-01,9.912949500937071612e-01,-1.423406437648796867e-02,6.738651898778639904e+00,-1.290925031280775424e-02,1.606051801658709907e-02,9.997876829694393175e-01,-1.010437623109178840e-01,0.000000000000000000e+00,0.000000000000000000e+00,0.000000000000000000e+00,1.000000000000000056e-01
9.913495108472611950e-01,-1.303435537438156211e-01,1.538523124067741124e-02,6.043184865077058987e+01,1.305204924559072999e-01,9.913833081083608390e-01,-1.111474035641089528e-02,6.871223994202490637e+00,-1.380392668640047227e-02,1.302668037360348030e-02,9.998198623784588790e-01,-1.048358843988674433e-01,0.000000000000000000e+00,0.000000000000000000e+00,0.000000000000000000e+00,1.000000000000000056e-01
9.911626761898040261e-01,-1.316260957997098524e-01,1.646572903916697014e-02,6.134876852694704041e+01,1.317784004074097903e-01,9.912424996943508537e-01,-8.529946410103916160e-03,6.999806663463024492e+00,-1.519876686873100104e-02,1.062439194591746974e-02,9.998280451064820440e-01,-9.839284333483931666e-02,0.000000000000000000e+00,0.000000000000000000e+00,0.000000000000000000e+00,1.000000000000000056e-01
9.911583694309630266e-01,-1.312315985441411259e-01,1.957943437650596849e-02,6.223344340473754244e+01,1.313868596309256676e-01,9.913074323111836783e-01,-6.860594794283431802e-03,7.123055397958076185e+00,-1.850891199606202395e-02,9.372416345707429430e-03,9.997847658314087393e-01,-9.372224868598634517e-02,0.000000000000000000e+00,0.000000000000000000e+00,0.000000000000000000e+00,1.000000000000000056e-01
9.909950470823696289e-01,-1.323659941771384574e-01,2.020050107571188039e-02,6.304217383402740893e+01,1.325020541042109534e-01,9.911672108142016713e-01,-5.546698564063958815e-03,7.239633499447078790e+00,-1.928788003842939539e-02,8.173358691112421123e-03,9.997805628693375857e-01,-9.433579226471734691e-02,0.000000000000000000e+00,0.000000000000000000e+00,0.000000000000000000e+00,1.000000000000000056e-01
9.906208587933543752e-01,-1.352369989813690110e-01,1.952609100742702664e-02,6.385143782042874250e+01,1.353476981907298649e-01,9.907881361269127440e-01,-4.457567119996081600e-03,7.358291031095427037e+00,-1.874339131502680139e-02,7.058570441057496203e-03,9.997994108146596171e-01,-9.678847807522371338e-02,0.000000000000000000e+00,0.000000000000000000e+00,0.000000000000000000e+00,1.000000000000000056e-01
9.899842190310809142e-01,-1.397413736662712069e-01,2.008966289623715165e-02,6.464268894799972998e+01,1.398545866518096092e-01,9.901625482560175717e-01,-4.338504765614053897e-03,7.475072700916984836e+00,-1.928576319133797415e-02,7.104682752476494494e-03,9.997887691013108702e-01,-9.695480706985705466e-02,0.000000000000000000e+00,0.000000000000000000e+00,0.000000000000000000e+00,1.000000000000000056e-01
9.898993694201262405e-01,-1.405874609239952944e-01,1.828672339651379528e-02,6.543194803266661097e+01,1.407186562657949114e-01,9.900308896121126079e-01,-6.090762891286799138e-03,7.578632033064661933e+00,-1.724813614236508572e-02,8.602525489234002024e-03,9.998142319225215013e-01,-9.554666395490042652e-02,0.000000000000000000e+00,0.000000000000000000e+00,0.000000000000000000e+00,1.000000000000000056e-01
9.898935834266635592e-01,-1.403721619622523842e-01,2.015811590308891343e-02,6.618274093971292871e+01,1.405057067753205935e-01,9.900653500674705398e-01,-5.361805604883192883e-03,7.691966805494125481e+00,-1.920520383351359550e-02,8.139947286077330035e-03,9.997824270329485064e-01,-9.097181070676896297e-02,0.000000000000000000e+00,0.000000000000000000e+00,0.000000000000000000e+00,1.000000000000000056e-01
9.896796528998156317e-01,-1.414800127921479189e-01,2.275061793521342135e-02,6.697260549559163678e+01,1.415996112187178635e-01,9.899169974525655613e-01,-3.726695212295352659e-03,7.817620632794740843e+00,-2.199397051030897027e-02,6.909713078779679447e-03,9.997342252450701627e-01,-9.070737878547727173e-02,0.000000000000000000e+00,0.000000000000000000e+00,0.000000000000000000e+00,1.000000000000000056e-01
9.895905728080202080e-01,-1.418105184136199681e-01,2.450051176515969167e-02,6.771143125927216033e+01,1.419049525658779842e-01,9.898779511202953074e-01,-2.150888923717206996e-03,7.931097567607930721e+00,-2.394749771417251441e-02,5.605243361942458848e-03,9.996975035479898075e-01,-9.519450956527469865e-02,0.000000000000000000e+00,0.000000000000000000e+00,0.000000000000000000e+00,1.000000000000000056e-01
9.893416562874464137e-01,-1.431605332129509689e-01,2.661106658132701697e-02,6.839147772808020420e+01,1.432100919674920703e-01,9.896923095731988695e-01,4.393552045016033657e-05,8.037076828410025797e+00,-2.634305777761433709e-02,3.767506051892883547e-03,9.996458618956386433e-01,-9.504893073527713454e-02,0.000000000000000000e+00,0.000000000000000000e+00,0.000000000000000000e+00,1.000000000000000056e-01
9.894405722312326068e-01,-1.431983151317735847e-01,2.239635162593061821e-02,6.907126912488624271e+01,1.431557935578506024e-01,9.896939815757884729e-01,3.498800292224482286e-03,8.147019534119616324e+00,-2.266655672026776300e-02,-2.556874734506399058e-04,9.997430479029912886e-01,-9.762809597812208140e-02,0.000000000000000000e+00,0.000000000000000000e+00,0.000000000000000000e+00,1.000000000000000056e-01
9.896461555801917553e-01,-1.426241236163432735e-01,1.608869503772195411e-02,6.976237546234257536e+01,1.426015766920442351e-01,9.897768984007713211e-01,2.545921658714437631e-03,8.257696628967508445e+00,-1.628732851912232868e-02,-2.252883026584700382e-04,9.998673272864210260e-01,-1.008123147372331080e-01,0.000000000000000000e+00,0.000000000000000000e+00,0.000000000000000000e+00,1.000000000000000056e-01
9.899384838341327431e-01,-1.411584459076951070e-01,9.802620726251385155e-03,7.049585693933370578e+01,1.411444746571394737e-01,9.899867681617703363e-01,2.106214227798781057e-03,8.363061760956782109e+00,-1.000177473944194491e-02,-7.014367666270661340e-04,9.999497349809758351e-01,-9.885455388816956346e-02,0.000000000000000000e+00,0.000000000000000000e+00,0.000000000000000000e+00,1.000000000000000056e-01
9.898405506017106115e-01,-1.418752892078249117e-01,9.332025326714146057e-03,7.120655155121001201e+01,1.418508935825360251e-01,9.898827680995634370e-01,3.229459611459819038e-03,8.472227274204854552e+00,-9.695791578743881423e-03,-1.872893948424114241e-03,9.999512407582279439e-01,-9.460073485745813804e-02,0.000000000000000000e+00,0.000000000000000000e+00,0.000000000000000000e+00,1.000000000000000056e-01
9.896033642378658790e-01,-1.433336399692338725e-01,1.185955910933781179e-02,7.187213823787446643e+01,1.432829835832410970e-01,9.896690259393962075e-01,5.020529021069853465e-03,8.579863413881978929e+00,-1.245664901097016247e-02,-3.269059396336839590e-03,9.999170691342761375e-01,-8.403865377224745137e-02,0.000000000000000000e+00,0.000000000000000000e+00,0.000000000000000000e+00,1.000000000000000056e-01
9.893388699178069512e-01,-1.450131894376785746e-01,1.340803337065444786e-02,7.248895555505205834e+01,1.449765653458165715e-01,9.894282847746559417e-01,3.669439795472487394e-03,8.671189711522758969e+00,-1.379840462831898734e-02,-1.686468794364606207e-03,9.999033752581890644e-01,-7.517405690345833891e-02,0.000000000000000000e+00,0.000000000000000000e+00,0.000000000000000000e+00,1.000000000000000056e-01
9.895723319723248590e-01,-1.436421903658416377e-01,1.065462067641458239e-02,7.305742332269885253e+01,1.436462043771077890e-01,9.896290288033907645e-01,3.915580515368784101e-04,8.745940989691355583e+00,-1.060036616844682762e-02,1.143020805082918751e-03,9.999431612549455339e-01,-7.266004246910977293e-02,0.000000000000000000e+00,0.000000000000000000e+00,0.000000000000000000e+00,1.000000000000000056e-01
9.898058383490561107e-01,-1.421965090829373224e-01,8.034623497605052067e-03,7.368730541348966767e+01,1.422520671409252813e-01,9.898069356548563347e-01,-6.824919316499922228e-03,8.825124775034266733e+00,-6.982246361725966133e-03,7.898286786966241327e-03,9.999444311068365066e-01,-5.706995334550198085e-02,0.000000000000000000e+00,0.000000000000000000e+00,0.000000000000000000e+00,1.000000000000000056e-01
9.902632175300287720e-01,-1.391513623703879987e-01,3.957064257741801580e-03,7.428998549075433289e+01,1.391864553772405033e-01,9.902082011621342605e-01,-1.071676214020821430e-02,8.908830007878313140e+00,-2.427065428532116428e-03,1.116318510620163684e-02,9.999347441966852656e-01,-4.664161942320746435e-02,0.000000000000000000e+00,0.000000000000000000e+00,0.000000000000000000e+00,1.000000000000000056e-01
9.909784043303311307e-01,-1.339834879801735656e-01,3.197983673734572201e-03,7.486783639785585365e+01,1.340074869719283801e-01,9.909384318150904480e-01,-9.111409732731638386e-03,8.982488357827035586e+00,-1.948226470212913045e-03,9.457764033636672021e-03,9.999533764696756366e-01,-3.697541054739481720e-02,0.000000000000000000e+00,0.000000000000000000e+00,0.000000000000000000e+00,1.000000000000000056e-01
9.917650099928084773e-01,-1.279916642017981665e-01,4.505424377197082657e-03,7.544212216413441752e+01,1.280272151662311397e-01,9.917319149985797111e-01,-8.765896989431833791e-03,9.075058565308053105e+00,-3.346211401580033960e-03,9.270526851474385210e-03,9.999514289210011952e-01,-4.129417700347734477e-02,0.000000000000000000e+00,0.000000000000000000e+00,0.000000000000000000e+00,1.000000000000000056e-01
9.926076618429366949e-01,-1.212268229465763847e-01,5.838411511494870712e-03,7.599511303682660923e+01,1.212796921982873255e-01,9.925703603494147043e-01,-9.762992170521570673e-03,9.126686229822357888e+00,-4.611497694548005039e-03,1.039890158201334930e-02,9.999352963741707789e-01,-3.246823316473608501e-02,0.000000000000000000e+00,0.000000000000000000e+00,0.000000000000000000e+00,1.000000000000000056e-01
9.937702263760889165e-01,-1.110705789417775757e-01,9.168623776522890137e-03,7.656835437158645163e+01,1.111915947067182997e-01,9.937010009222515539e-01,-1.395528690827868047e-02,9.187870787855521471e+00,-7.560848827609227898e-03,1.488782252896088919e-02,9.998605834341867116e-01,-2.007873447867218261e-02,0.000000000000000000e+00,0.000000000000000000e+00,0.000000000000000000e+00,1.000000000000000056e-01
9.947487500207614630e-01,-1.016044653025148792e-01,1.230678523102854936e-02,7.712207792981307364e+01,1.018129407972065137e-01,9.946461161401327633e-01,-1.769826922537882583e-02,9.225855035611516541e+00,-1.044267295078872386e-02,1.885832118560714157e-02,9.997676301539789590e-01,-1.078843784962485453e-02,0.000000000000000000e+00,0.000000000000000000e+00,0.000000000000000000e+00,1.000000000000000056e-01
9.959009221490791042e-01,-8.964558781222715933e-02,1.204250175064224687e-02,7.761192595610404510e+01,8.980718624574195175e-02,9.958659814789910802e-01,-1.362410479658670431e-02,9.271466623301000354e+00,-1.077137694246041097e-02,1.464976172796099083e-02,9.998346672925866319e-01,1.552803151597043465e-03,0.000000000000000000e+00,0.000000000000000000e+00,0.000000000000000000e+00,1.000000000000000056e-01
9.970935079979528215e-01,-7.562242158140980441e-02,9.262054982563225694e-03,7.810453360313545090e+01,7.570849981814406493e-02,9.970863916295988894e-01,-9.324734974907497934e-03,9.311462964548997689e+00,-8.529909942231543238e-03,9.998848995244747143e-03,9.999136280975210456e-01,-1.801253817147326422e-03,0.000000000000000000e+00,0.000000000000000000e+00,0.000000000000000000e+00,1.000000000000000056e-01
9.981603974276049840e-01,-5.983404113710692057e-02,9.783073564515579884e-03,7.860383613394769498e+01,5.987161960750577577e-02,9.981996145692004774e-01,-3.594250891874190175e-03,9.337582349600241471e+00,-9.550401705680101189e-03,4.173367357734587488e-03,9.999456849410159887e-01,3.493703616936121026e-03,0.000000000000000000e+00,0.000000000000000000e+00,0.000000000000000000e+00,1.000000000000000056e-01
9.992908519740515416e-01,-3.591682890992950461e-02,1.130374106343337744e-02,7.909967914947675638e+01,3.596745995250377748e-02,9.993436755792682868e-01,-4.308120736853944532e-03,9.356341599822831867e+00,-1.114158810669891621e-02,4.711632495550368421e-03,9.999268300899258888e-01,1.364181548801339343e-02,0.000000000000000000e+00,0.000000000000000000e+00,0.000000000000000000e+00,1.000000000000000056e-01
9.998768385857267349e-01,-1.074077676013571528e-02,1.144304917412689374e-02,7.960036911563497597e+01,1.084061718482585979e-02,9.999033997286091990e-01,-8.698978688399958137e-03,9.379192538047458783e+00,-1.134850998433785396e-02,8.821957025405807729e-03,9.998966868608862857e-01,1.568394163314516115e-02,0.000000000000000000e+00,0.000000000000000000e+00,0.000000000000000000e+00,1.000000000000000056e-01
9.997766010607574971e-01,1.701590002108560942e-02,1.253822626496519342e-02,8.007969196908895526e+01,-1.692492752653470753e-02,9.998299212321358764e-01,-7.326352241231761514e-03,9.379316094796710246e+00,-1.266075825614690169e-02,7.112506971066722902e-03,9.998945531629652717e-01,2.541481335522675911e-02,0.000000000000000000e+00,0.000000000000000000e+00,0.000000000000000000e+00,1.000000000000000056e-01
9.987207014550874007e-01,4.900011639210501840e-02,1.248795734371388640e-02,8.056970162816088532e+01,-4.889475966721931049e-02,9.987668510785976395e-01,-8.606954375803454321e-03,9.351165692475198910e+00,-1.289429959878087527e-02,7.985347838538981585e-03,9.998849790139635596e-01,2.566796929950149186e-02,0.000000000000000000e+00,0.000000000000000000e+00,0.000000000000000000e+00,1.000000000000000056e-01
