1.000000000000000000e+00,-2.421184343583935689e-12,1.193688713905798096e-12,1.803701375266762660e-19,2.421184343584271731e-12,1.000000000000000000e+00,-2.814320579076087258e-13,5.559758778794963768e-19,-1.193688713905116722e-12,2.814320579104989102e-13,1.000000000000000000e+00,-3.708141133498585429e-19,0.000000000000000000e+00,0.000000000000000000e+00,0.000000000000000000e+00,1.000000000000000056e-01
9.999990314777131850e-01,-6.305397799577073083e-04,-1.240751071556892579e-03,6.468619810618655430e-01,6.272224917361802913e-04,9.999962329938159034e-01,-2.672188265030676912e-03,-4.490949296314392450e-03,1.242431318640571181e-03,2.671407449978061531e-03,9.999956599639093779e-01,-3.715311986862831150e-04,0.000000000000000000e+00,0.000000000000000000e+00,0.000000000000000000e+00,1.000000000000000056e-01
9.999803574669365869e-01,-5.429292827826712187e-03,-3.131686396712737592e-03,1.307175528488700778e+00,5.420541933127742684e-03,9.999813997152444678e-01,-2.796059493596077250e-03,5.314506972369770731e-03,3.146808772208751440e-03,2.779029134470240199e-03,9.999911872569782201e-01,4.362548981705634266e-03,0.000000000000000000e+00,0.000000000000000000e+00,0.000000000000000000e+00,1.000000000000000056e-01
9.999362870860674102e-01,-9.953166668949684978e-03,-5.325057914231327155e-03,2.004906957299374959e+00,9.937868434769922196e-03,9.999464370874607821e-01,-2.891665102663295694e-03,1.418736934604005948e-02,5.353553913337593534e-03,2.838561141294326361e-03,9.999816408470427742e-01,8.816934537888627965e-03,0.000000000000000000e+00,0.000000000000000000e+00,0.000000000000000000e+00,1.000000000000000056e-01
9.998570775858249826e-01,-1.610181038263424139e-02,-5.153261485233624241e-03,2.702843762528014615e+00,1.609438997716312533e-02,9.998693842511436891e-01,-1.478190955782775510e-03,2.266091084545936163e-02,5.176389938605017484e-03,1.395041089165118724e-03,9.999856293205232616e-01,1.664950900860082822e-02,0.000000000000000000e+00,0.000000000000000000e+00,0.000000000000000000e+00,1.000000000000000056e-01
9.997517922362832987e-01,-2.135543866905548205e-02,-6.348161906531905700e-03,3.410883680896703574e+00,2.134590816631402183e-02,9.997709247964201573e-01,-1.565291112227058063e-03,3.076968626736518303e-02,6.380135178397192304e-03,1.429395313738803788e-03,9.999786251236285617e-01,3.034296836078747076e-02,0.000000000000000000e+00,0.000000000000000000e+00,0.000000000000000000e+00,1.000000000000000056e-01
9.996522468719890586e-01,-2.533603674448547602e-02,-7.312357066364436747e-03,4.129948524178370661e+00,2.533347971090604486e-02,9.996789581361418264e-01,-4.421148890476296394e-04,5.368872653158286018e-02,7.321210932696850179e-03,2.567136928323792431e-04,9.999731666242643868e-01,4.089474767509601594e-02,0.000000000000000000e+00,0.000000000000000000e+00,0.000000000000000000e+00,1.000000000000000056e-01
9.994980098640394717e-01,-3.008540781538910150e-02,-9.929577755683115237e-03,4.893414146520075114e+00,3.009995872089777855e-02,9.995460230498678378e-01,1.319200588764692355e-03,8.577226907770621467e-02,9.885381268554201822e-03,-1.617418243643785943e-03,9.999498303392028165e-01,5.568698965508526999e-02,0.000000000000000000e+00,0.000000000000000000e+00,0.000000000000000000e+00,1.000000000000000056e-01
9.993433247360337113e-01,-3.477373033360594418e-02,-1.018366261301971443e-02,5.655656135440600529e+00,3.479426670954157558e-02,9.993927906151811591e-01,1.846366850303625363e-03,1.261039187022287011e-01,1.011327393455989376e-02,-2.199487459902218708e-03,9.999464405383111654e-01,6.016130751045606351e-02,0.000000000000000000e+00,0.000000000000000000e+00,0.000000000000000000e+00,1.000000000000000056e-01
9.992102747025369824e-01,-3.889882496124514449e-02,-8.106068437599462870e-03,6.438746976799292199e+00,3.891555796798664563e-02,9.992406643271226629e-01,1.916795015362597696e-03,1.623483486337599369e-01,8.025352136878832407e-03,-2.230733450024783866e-03,9.999653081739156013e-01,7.106720458551607500e-02,0.000000000000000000e+00,0.000000000000000000e+00,0.000000000000000000e+00,1.000000000000000056e-01
9.991037202069938949e-01,-4.181533516098153574e-02,-6.575257707470169403e-03,7.236617615548251337e+00,4.182506546424213240e-02,9.991240379911303648e-01,1.349298784583663957e-03,2.025624141482378626e-01,6.513076650610227607e-03,-1.623100019407516326e-03,9.999774724356895739e-01,8.611345354604815761e-02,0.000000000000000000e+00,0.000000000000000000e+00,0.000000000000000000e+00,1.000000000000000056e-01
9.991211240738641086e-01,-4.145997357662652844e-02,-6.168469859192711111e-03,8.032326352666826708e+00,4.147228684578006114e-02,9.991378825596630708e-01,1.881769904734563242e-03,2.422469134289235160e-01,6.085133783219322245e-03,-2.135936613866753608e-03,9.999792042445792006e-01,1.003649760535905572e-01,0.000000000000000000e+00,0.000000000000000000e+00,0.000000000000000000e+00,1.000000000000000056e-01
9.990401676771011319e-01,-4.333984755176218534e-02,-6.356176673092780137e-03,8.867528451519802957e+00,4.334008768035742948e-02,9.990603719473790667e-01,-1.000211155813257840e-04,2.887574471826290234e-01,6.354539131084579150e-03,-1.755521422420652561e-04,9.999797943028033709e-01,1.153596060781785643e-01,0.000000000000000000e+00,0.000000000000000000e+00,0.000000000000000000e+00,1.000000000000000056e-01
9.989011502635768425e-01,-4.645596062225099826e-02,-6.191584996334277211e-03,9.642558132245826030e+00,4.645440178662787328e-02,9.989203332580217642e-01,-3.954217107584807921e-04,3.524921960114501540e-01,6.203269843357782018e-03,1.073608246000684868e-04,9.999807537732432472e-01,1.317734332928770236e-01,0.000000000000000000e+00,0.000000000000000000e+00,0.000000000000000000e+00,1.000000000000000056e-01
9.988329597297854745e-01,-4.804351610974198078e-02,-4.953697331262121861e-03,1.042539261229551428e+01,4.804437674527353014e-02,9.988452006484942469e-01,5.481448338088991520e-05,3.589063415175161587e-01,4.945343324281066891e-03,-2.927478135366067815e-04,9.999877288637709638e-01,1.384638220259302999e-01,0.000000000000000000e+00,0.000000000000000000e+00,0.000000000000000000e+00,1.000000000000000056e-01
9.987789844780484705e-01,-4.901809481459385581e-02,-6.145449189899009589e-03,1.122784894793493571e+01,4.900990890557754137e-02,9.987972021906923459e-01,-1.475711730712776738e-03,4.108643412482980706e-01,6.210394034611275808e-03,1.172721958802844895e-03,9.999800276651240605e-01,1.643304469775845322e-01,0.000000000000000000e+00,0.000000000000000000e+00,0.000000000000000000e+00,1.000000000000000056e-01
9.986535382656961390e-01,-5.138606238551131355e-02,-7.112179828862196483e-03,1.209555078308200748e+01,5.138104151237934958e-02,9.986787280207911621e-01,-8.870016221476006903e-04,4.617366917814914040e-01,7.148362225634952681e-03,5.203761013748381230e-04,9.999743147332356141e-01,1.756719937352184957e-01,0.000000000000000000e+00,0.000000000000000000e+00,0.000000000000000000e+00,1.000000000000000056e-01
9.985031326854012512e-01,-5.419361796138488785e-02,-7.385512148486407524e-03,1.299372877033569829e+01,5.419560554522705187e-02,9.985303358256847339e-01,6.910449685021974732e-05,5.327883494428620192e-01,7.370912903171092032e-03,-4.692633597364444459e-04,9.999727243454559211e-01,1.964927054255392602e-01,0.000000000000000000e+00,0.000000000000000000e+00,0.000000000000000000e+00,1.000000000000000056e-01
9.986589056800720954e-01,-5.095057770029187000e-02,-9.188511189920027522e-03,1.388363233695378263e+01,5.098319366171562977e-02,9.986938897623039990e-01,3.350897714192270678e-03,5.834746876853171837e-01,9.005779807033004875e-03,-3.814863489759642498e-03,9.999521702294673631e-01,2.087999249475561703e-01,0.000000000000000000e+00,0.000000000000000000e+00,0.000000000000000000e+00,1.000000000000000056e-01
9.978912548565892493e-01,-6.418564506897043997e-02,-9.656420031351104633e-03,1.481592253689295724e+01,6.424758358633007871e-02,9.979144392082270887e-01,6.246600919466296226e-03,7.116051398056209010e-01,9.235338870840461428e-03,-6.853830083223488856e-03,9.999338645776184586e-01,2.280806766345565006e-01,0.000000000000000000e+00,0.000000000000000000e+00,0.000000000000000000e+00,1.000000000000000056e-01
9.976585764344726437e-01,-6.770028999093338773e-02,-9.697195568046556441e-03,1.577731618533613478e+01,6.773865127556188970e-02,9.976963007592648536e-01,3.683283134169287529e-03,7.742280883094795341e-01,9.425496809677212651e-03,-4.331533957175264654e-03,9.999461974643778506e-01,2.343627157757508517e-01,0.000000000000000000e+00,0.000000000000000000e+00,0.000000000000000000e+00,1.000000000000000056e-01
9.975609207764721820e-01,-6.943852286238405558e-02,-7.106397279015038045e-03,1.670256607852924091e+01,6.946180590726486193e-02,9.975798464142627830e-01,3.083431237665491646e-03,8.584910434023840242e-01,6.875089795667332394e-03,-3.569533693091382631e-03,9.999699953346177228e-01,2.525471775501968441e-01,0.000000000000000000e+00,0.000000000000000000e+00,0.000000000000000000e+00,1.000000000000000056e-01
9.973680897779907406e-01,-7.219358724983730713e-02,-6.706672244999207014e-03,1.758205691179356123e+01,7.222225311067463627e-02,9.973799923392504541e-01,4.134856342658855405e-03,9.378081578200626600e-01,6.390590600199887866e-03,-4.608344752392740454e-03,9.999689612735106481e-01,2.721470958045126842e-01,0.000000000000000000e+00,0.000000000000000000e+00,0.000000000000000000e+00,1.000000000000000056e-01
9.972916038824887197e-01,-7.323642822918850770e-02,-6.773655270537116968e-03,1.849136004916989151e+01,7.327315159835014191e-02,9.972976029119021701e-01,5.341954793814176171e-03,1.007472945750869986e+00,6.364124475397497926e-03,-5.823813733703719041e-03,9.999627898643312918e-01,2.858810643447175504e-01,0.000000000000000000e+00,0.000000000000000000e+00,0.000000000000000000e+00,1.000000000000000056e-01
9.973331884641114531e-01,-7.260966622316894492e-02,-7.372079690916559340e-03,1.940821168750728276e+01,7.264253564177705624e-02,9.973488018061822391e-01,4.292965327816413920e-03,1.078615724259165631e+00,7.040824066994934120e-03,-4.817043360058450088e-03,9.999636107827749587e-01,3.066986880461091691e-01,0.000000000000000000e+00,0.000000000000000000e+00,0.000000000000000000e+00,1.000000000000000056e-01
9.972766292477588390e-01,-7.351578021279775443e-02,-5.895321529122285291e-03,2.033539297594067108e+01,7.351442724309351084e-02,9.972940538909058628e-01,-4.461624847797049874e-04,1.131255996153292864e+00,5.912169089938958295e-03,1.155623329060576901e-05,9.999825229088283862e-01,3.254415378018354343e-01,0.000000000000000000e+00,0.000000000000000000e+00,0.000000000000000000e+00,1.000000000000000056e-01
9.974139460519139133e-01,-7.183815394813471145e-02,-2.167915698056319205e-03,2.125115295475412225e+01,7.183750474013565757e-02,9.974162779735578077e-01,-3.759602178823318042e-04,1.212054649037390686e+00,2.189322694526386111e-03,2.192503102412186097e-04,9.999975793947907254e-01,3.306740245963173397e-01,0.000000000000000000e+00,0.000000000000000000e+00,0.000000000000000000e+00,1.000000000000000056e-01
9.973968110317483760e-01,-7.210800692880468821e-02,-1.915214198199264065e-04,2.221315583052710707e+01,7.210766792694327243e-02,9.973958606475005206e-01,-1.407618332309968842e-03,1.293463992552303266e+00,2.925232238130464832e-04,1.390143872854519066e-03,9.999989909645791153e-01,3.487229090680104560e-01,0.000000000000000000e+00,0.000000000000000000e+00,0.000000000000000000e+00,1.000000000000000056e-01
9.975429240637305739e-01,-7.004889252238864772e-02,1.125747204753732491e-03,2.318524028376468848e+01,7.005131566610410532e-02,9.975407824974074078e-01,-2.280444673284487585e-03,1.359756129024794591e+00,-9.632361237021488031e-04,2.353701520354204747e-03,9.999967661274326014e-01,3.628869500040406981e-01,0.000000000000000000e+00,0.000000000000000000e+00,0.000000000000000000e+00,1.000000000000000056e-01
9.978422949621086335e-01,-6.561555124424267582e-02,2.313832246784810510e-03,2.411529166856458417e+01,6.562421339146137789e-02,9.978368227078667774e-01,-3.890740934721431503e-03,1.423519514951162357e+00,-2.053533906230473223e-03,4.034189284520504036e-03,9.999897541051671057e-01,3.690848472969647798e-01,0.000000000000000000e+00,0.000000000000000000e+00,0.000000000000000000e+00,1.000000000000000056e-01
9.979632188476674770e-01,-6.379084000681864430e-02,-3.775691023127061212e-04,2.507205703427808174e+01,6.378810789954958427e-02,9.979505396638601589e-01,-5.079141187818220736e-03,1.492595126502450187e+00,7.007979722975191551e-04,5.044711670138978497e-03,9.999870297990705037e-01,3.804165872661222636e-01,0.000000000000000000e+00,0.000000000000000000e+00,0.000000000000000000e+00,1.000000000000000056e-01
9.980412775938347636e-01,-6.232406710980339937e-02,-5.414690919977309391e-03,2.602738824727512679e+01,6.230457970763474129e-02,9.980503380433161098e-01,-3.696224976584987047e-03,1.565248600795652090e+00,5.634497876577042319e-03,3.351625055889190415e-03,9.999785092906564588e-01,3.891073236264355750e-01,0.000000000000000000e+00,0.000000000000000000e+00,0.000000000000000000e+00,1.000000000000000056e-01
9.981044610583635901e-01,-6.091351639363537518e-02,-8.776578829813076049e-03,2.698239947080654488e+01,6.087275471278176531e-02,9.981338035126380293e-01,-4.839216782903093400e-03,1.631189869122591007e+00,9.054973720067548137e-03,4.295789328719474762e-03,9.999497755612389849e-01,4.087493272794514576e-01,0.000000000000000000e+00,0.000000000000000000e+00,0.000000000000000000e+00,1.000000000000000056e-01
9.981573375303531837e-01,-6.022839157924515796e-02,-7.380405279772023729e-03,2.795311383754657086e+01,6.017006821375524284e-02,9.981569956373746999e-01,-7.885109467977737679e-03,1.685357668066139070e+00,7.841710621326037495e-03,7.426500383562995543e-03,9.999416756324261968e-01,4.326321945184668505e-01,0.000000000000000000e+00,0.000000000000000000e+00,0.000000000000000000e+00,1.000000000000000056e-01
9.982158929604089126e-01,-5.955601150545526690e-02,-4.255882378007505400e-03,2.896358526476520368e+01,5.950605939514347353e-02,9.981669838657503124e-01,-1.103182739225715310e-02,1.732873971961097048e+00,4.905092916042612210e-03,1.075889464178261638e-02,9.999300906811295908e-01,4.493186413350447883e-01,0.000000000000000000e+00,0.000000000000000000e+00,0.000000000000000000e+00,1.000000000000000056e-01
9.982284710253379600e-01,-5.948502353345757471e-02,-1.204827639113976480e-03,2.992149604331090629e+01,5.945777468935297544e-02,9.980993437737319951e-01,-1.620101809873866761e-02,1.780511965732380686e+00,2.166255618829556352e-03,1.610068115545178202e-02,9.998680289932888599e-01,4.573099380249591173e-01,0.000000000000000000e+00,0.000000000000000000e+00,0.000000000000000000e+00,1.000000000000000056e-01
9.982648409761027963e-01,-5.884799918843329480e-02,-2.054327742706479974e-03,3.085093773928678473e+01,5.878676201721901029e-02,9.980148195282259049e-01,-2.259505728192732696e-02,1.825929285826665360e+00,3.379923443978498452e-03,2.243508398827325986e-02,9.997425884316182287e-01,4.781207951228001463e-01,0.000000000000000000e+00,0.000000000000000000e+00,0.000000000000000000e+00,1.000000000000000056e-01
9.982806660172591773e-01,-5.839824426664956547e-02,-5.035565778565327319e-03,3.180003167369964245e+01,5.825275174227487196e-02,9.979798404122788291e-01,-2.535458627419184124e-02,1.864413075012930188e+00,6.506056454598252783e-03,2.501765770921162563e-02,9.996658381840175522e-01,4.920648808391464013e-01,0.000000000000000000e+00,0.000000000000000000e+00,0.000000000000000000e+00,1.000000000000000056e-01
9.982852594223821097e-01,-5.796723931914059269e-02,-8.144936200159382314e-03,3.278824222868107086e+01,5.773623210514017279e-02,9.979880642481716579e-01,-2.619830377120925535e-02,1.936998668841728000e+00,9.647192456283150766e-03,2.568312254973404568e-02,9.996235836022511201e-01,5.068722291957800108e-01,0.000000000000000000e+00,0.000000000000000000e+00,0.000000000000000000e+00,1.000000000000000056e-01
9.982118225336207296e-01,-5.899991535377784035e-02,-9.600382406666083807e-03,3.376154099456769586e+01,5.872576204566562486e-02,9.979171716092201105e-01,-2.669463391039664235e-02,2.001136256865563290e+00,1.115536759874062589e-02,2.608310939480356500e-02,9.995975335994160549e-01,5.231939609977949157e-01,0.000000000000000000e+00,0.000000000000000000e+00,0.000000000000000000e+00,1.000000000000000056e-01
9.982057959514598622e-01,-5.925046988620914085e-02,-8.635435552183946470e-03,3.472996371173413621e+01,5.898820845185844680e-02,9.978662977252454880e-01,-2.798648116058744667e-02,2.071948804906052821e+00,1.027522226292910089e-02,2.742687883035991453e-02,9.995710010424833092e-01,5.501494207011983217e-01,0.000000000000000000e+00,0.000000000000000000e+00,0.000000000000000000e+00,1.000000000000000056e-01
9.981734961305501752e-01,-5.976710546940755542e-02,-8.807083871707017605e-03,3.571419837779629347e+01,5.952330080096712717e-02,9.978949490324235949e-01,-2.574193771521996604e-02,2.137041729473418972e+00,1.032706561769382476e-02,2.517069326390102002e-02,9.996298254435701525e-01,5.611514730123096095e-01,0.000000000000000000e+00,0.000000000000000000e+00,0.000000000000000000e+00,1.000000000000000056e-01
9.982700810634748123e-01,-5.820498514984091126e-02,-8.308125975826505943e-03,3.670128058600678855e+01,5.798700593461048741e-02,9.980184173909213419e-01,-2.442837880949452409e-02,2.205753071527184694e+00,9.713516163720091467e-03,2.390435634413762625e-02,9.996670592509836473e-01,5.863650935909296980e-01,0.000000000000000000e+00,0.000000000000000000e+00,0.000000000000000000e+00,1.000000000000000056e-01
9.982178959547379771e-01,-5.930764730183728933e-02,-6.605692031637864885e-03,3.771240352697203946e+01,5.912934443496282305e-02,9.979489153918370548e-01,-2.452922532302369979e-02,2.270351989485019040e+00,8.046913842430692201e-03,2.409492145197839053e-02,9.996772888976899196e-01,6.045113830798264365e-01,0.000000000000000000e+00,0.000000000000000000e+00,0.000000000000000000e+00,1.000000000000000056e-01
9.983510952067466970e-01,-5.722773347421702961e-02,-4.480761195758284354e-03,3.870637914138424662e+01,5.710256739417224336e-02,9.980719801011426195e-01,-2.432322622470734289e-02,2.331903522918336691e+00,5.864085306631473468e-03,2.402725657224006120e-02,9.996941049366692145e-01,6.361905640875603618e-01,0.000000000000000000e+00,0.000000000000000000e+00,0.000000000000000000e+00,1.000000000000000056e-01
9.983794155926498659e-01,-5.682737303660131967e-02,-3.031863228745757671e-03,3.972082540538855966e+01,5.675563556979534852e-02,9.981873123195105224e-01,-2.002217159601911781e-02,2.395540761021420550e+00,4.164174821911902774e-03,1.981764865242116244e-02,9.997949392000050617e-01,6.546874659343894232e-01,0.000000000000000000e+00,0.000000000000000000e+00,0.000000000000000000e+00,1.000000000000000056e-01
9.982795756093645334e-01,-5.857472027071650850e-02,-2.625084073767001806e-03,4.072999321932250893e+01,5.850003203779820943e-02,9.980275042355764015e-01,-2.277821417238879570e-02,2.465137076224840129e+00,3.954133629964383910e-03,2.258545847473421297e-02,9.997370963872064253e-01,6.738951786728644144e-01,0.000000000000000000e+00,0.000000000000000000e+00,0.000000000000000000e+00,1.000000000000000056e-01
9.983358106758938311e-01,-5.744661587122600749e-02,-5.049301639800287365e-03,4.174543275053396485e+01,5.732396689465289047e-02,9.981181644180904255e-01,-2.177366937662309626e-02,2.528549280070278904e+00,6.290623305096661004e-03,2.144798786845887595e-02,9.997501747310814091e-01,7.095727128758468893e-01,0.000000000000000000e+00,0.000000000000000000e+00,0.000000000000000000e+00,1.000000000000000056e-01
9.983887964451978458e-01,-5.631895456626841157e-02,-6.927228108838280954e-03,4.277724399093512631e+01,5.618800363591185121e-02,9.982609213850494045e-01,-1.783370636976473397e-02,2.604498615279562834e+00,7.919556813360267497e-03,1.741574552050027466e-02,9.998169694638340266e-01,7.358120452172832726e-01,0.000000000000000000e+00,0.000000000000000000e+00,0.000000000000000000e+00,1.000000000000000056e-01
9.984091608399231488e-01,-5.590719685036707465e-02,-7.316617473590232221e-03,4.383674669207542252e+01,5.575580880392939920e-02,9.982544638954050642e-01,-1.947601338870975918e-02,2.671330263347680756e+00,8.392695368009550280e-03,1.903708625897983231e-02,9.997835525808713708e-01,7.614927859980608060e-01,0.000000000000000000e+00,0.000000000000000000e+00,0.000000000000000000e+00,1.000000000000000056e-01
9.983865861907886829e-01,-5.635358528690121577e-02,-6.964046209979343587e-03,4.484246828569051502e+01,5.618668153415149608e-02,9.981733831272193713e-01,-2.220256819697311382e-02,2.730931685634206296e+00,8.202519886145735045e-03,2.177545962025493817e-02,9.997292373567174817e-01,7.945503131814799502e-01,0.000000000000000000e+00,0.000000000000000000e+00,0.000000000000000000e+00,1.000000000000000056e-01
9.985015888604372725e-01,-5.443491893630243023e-02,-5.605055180862118097e-03,4.582433352113972802e+01,5.429472721243861627e-02,9.982669897154287098e-01,-2.269581109859242565e-02,2.791498356922834656e+00,6.830786199933606279e-03,2.235747850036530829e-02,9.997267044122590818e-01,8.152699310780103792e-01,0.000000000000000000e+00,0.000000000000000000e+00,0.000000000000000000e+00,1.000000000000000056e-01
9.983243987073744385e-01,-5.730531154297754254e-02,-8.030953525046980249e-03,4.673778956683198516e+01,5.713363065745193786e-02,9.981624490047038556e-01,-2.018597643984271911e-02,2.847897060437230010e+00,9.172959907088244422e-03,1.969331525910001518e-02,9.997639872193080368e-01,8.397451320912264761e-01,0.000000000000000000e+00,0.000000000000000000e+00,0.000000000000000000e+00,1.000000000000000056e-01
9.984145621601696607e-01,-5.484707744523110301e-02,-1.265544002528401490e-02,4.769205806203329701e+01,5.460519599731624568e-02,9.983324052498681045e-01,-1.872648386931830000e-02,2.905559061457803072e+00,1.366142879099461332e-02,1.800574141017199925e-02,9.997445466916329293e-01,8.556496836578862952e-01,0.000000000000000000e+00,0.000000000000000000e+00,0.000000000000000000e+00,1.000000000000000056e-01
9.985135418454901268e-01,-5.318752196804604065e-02,-1.190773941910043543e-02,4.865424305775263747e+01,5.293743645108179435e-02,9.983891301342805447e-01,-2.041501045070296186e-02,2.965233157531450114e+00,1.297438141732602107e-02,1.975429919316943825e-02,9.997206775345923724e-01,8.818979558730986046e-01,0.000000000000000000e+00,0.000000000000000000e+00,0.000000000000000000e+00,1.000000000000000056e-01
9.987167730688870648e-01,-4.851231608444230708e-02,-1.453830729460261692e-02,4.961866995605905117e+01,4.821651328110885398e-02,9.986356586982592098e-01,-2.004966392003900907e-02,3.031430892383572662e+00,1.549112771497896182e-02,1.932294916458200326e-02,9.996932772594308014e-01,9.025725031477398463e-01,0.000000000000000000e+00,0.000000000000000000e+00,0.000000000000000000e+00,1.000000000000000056e-01
9.988034328157203712e-01,-4.754799171048033901e-02,-1.144076395320366320e-02,5.062743265546762217e+01,4.727134608793055748e-02,9.986092541229207864e-01,-2.334475142508213655e-02,3.093233163014631248e+00,1.253484880514813861e-02,2.277599754925950862e-02,9.996620086314514930e-01,9.408234423870235341e-01,0.000000000000000000e+00,0.000000000000000000e+00,0.000000000000000000e+00,1.000000000000000056e-01
9.989143129835102997e-01,-4.546601446247805489e-02,-1.015070665418277979e-02,5.157907598823639006e+01,4.522502237401188063e-02,9.987159817586280797e-01,-2.282728917698630122e-02,3.144486757056375481e+00,1.117553882153602199e-02,2.234343994995774407e-02,9.996878903053947329e-01,9.655981753693136937e-01,0.000000000000000000e+00,0.000000000000000000e+00,0.000000000000000000e+00,1.000000000000000056e-01
9.989541223183439067e-01,-4.457242147279220912e-02,-1.019611432060805317e-02,5.253749178469304582e+01,4.428463290230222338e-02,9.986568311687539223e-01,-2.689618650833884225e-02,3.183160913667562486e+00,1.138124737871329742e-02,2.641652520743007979e-02,9.995862315998904624e-01,9.914924579091765056e-01,0.000000000000000000e+00,0.000000000000000000e+00,0.000000000000000000e+00,1.000000000000000056e-01
9.989123935698133172e-01,-4.515900102086106011e-02,-1.160580024920126671e-02,5.352167498061989903e+01,4.479535244480962325e-02,9.985490632806661715e-01,-2.988552526976023110e-02,3.238319353756963448e+00,1.293856143362851624e-02,2.933313566774030379e-02,9.994859482653701832e-01,1.033016777193480173e+00,0.000000000000000000e+00,0.000000000000000000e+00,0.000000000000000000e+00,1.000000000000000056e-01
9.989238084236075066e-01,-4.482332622733999766e-02,-1.192033516279671773e-02,5.448293775516795279e+01,4.446243985774479129e-02,9.985903851368512774e-01,-2.898851762562975470e-02,3.277990805191784318e+00,1.320289386355812458e-02,2.842731324188893516e-02,9.995086650227076319e-01,1.051849405365879342e+00,0.000000000000000000e+00,0.000000000000000000e+00,0.000000000000000000e+00,1.000000000000000056e-01
9.988952779351701894e-01,-4.641308565665293318e-02,-7.351816010167377090e-03,5.542503635648494509e+01,4.615912997256982342e-02,9.984343196294022116e-01,-3.159500128735751034e-02,3.321340706682064159e+00,8.806726917224194998e-03,3.122074416154930684e-02,9.994737148594776688e-01,1.084700164232373920e+00,0.000000000000000000e+00,0.000000000000000000e+00,0.000000000000000000e+00,1.000000000000000056e-01
9.987699442799066185e-01,-4.955153980244636491e-02,-1.800918187681737649e-03,5.636654379722200758e+01,4.946981837746941557e-02,9.982735671486017148e-01,-3.166421011341184755e-02,3.367547533414067651e+00,3.366819391107595157e-03,3.153617027498231695e-02,9.994969407114635551e-01,1.121602794795887315e+00,0.000000000000000000e+00,0.000000000000000000e+00,0.000000000000000000e+00,1.000000000000000056e-01
9.987755696144083872e-01,-4.944316608154015330e-02,-1.653744008977852276e-03,5.732356307622629288e+01,4.937547605873302686e-02,9.983679855831003591e-01,-2.869543041523970814e-02,3.429253773380523729e+00,3.069838006715314583e-03,2.857864046058910049e-02,9.995868333486775947e-01,1.133637593227306395e+00,0.000000000000000000e+00,0.000000000000000000e+00,0.000000000000000000e+00,1.000000000000000056e-01
9.987053687148649272e-01,-5.064663334240546849e-02,-4.743946794149542755e-03,5.822719664275265217e+01,5.049218714248079193e-02,9.983204418846282069e-01,-2.840482974512064870e-02,3.482872770011835595e+00,6.174588057067115741e-03,2.812852371455950781e-02,9.995852442968358176e-01,1.151561131042000197e+00,0.000000000000000000e+00,0.000000000000000000e+00,0.000000000000000000e+00,1.000000000000000056e-01
9.984992895440316651e-01,-5.373647872611971715e-02,-1.056217942383901737e-02,5.914430441441512443e+01,5.341827969227185696e-02,9.981683598668963375e-01,-2.839740754625925262e-02,3.540778542507934556e+00,1.206880999859978251e-02,2.779057780520959725e-02,9.995409084226969387e-01,1.172591154199506880e+00,0.000000000000000000e+00,0.000000000000000000e+00,0.000000000000000000e+00,1.000000000000000056e-01
9.984224020925317467e-01,-5.381610945695983889e-02,-1.601665891175266948e-02,6.008764541359709455e+01,5.337777938508354164e-02,9.982189645878429829e-01,-2.664040925158550621e-02,3.600024777596515513e+00,1.742181585530792887e-02,2.574344771181844016e-02,9.995167608560712180e-01,1.206151455663578176e+00,0.000000000000000000e+00,0.000000000000000000e+00,0.000000000000000000e+00,1.000000000000000056e-01
9.983975854511852877e-01,-5.431223728786847144e-02,-1.588843120102002154e-02,6.100048572512924494e+01,5.392986379947730530e-02,9.982663016750619178e-01,-2.357881953287988344e-02,3.668510637775571848e+00,1.714150389589851747e-02,2.268417555875814132e-02,9.995957167892459694e-01,1.223007731207893745e+00,0.000000000000000000e+00,0.000000000000000000e+00,0.000000000000000000e+00,1.000000000000000056e-01
9.983784375998390193e-01,-5.536328624751024607e-02,-1.324393716311927406e-02,6.191975726549824799e+01,5.507306628733064924e-02,9.982538884531464429e-01,-2.135723666311567862e-02,3.728075950544589734e+00,1.440321857834884166e-02,2.059322034188172321e-02,9.996841834152099260e-01,1.258282261642600153e+00,0.000000000000000000e+00,0.000000000000000000e+00,0.000000000000000000e+00,1.000000000000000056e-01
9.982336534664608685e-01,-5.812167246216012190e-02,-1.230626983302396046e-02,6.280429840498868543e+01,5.785535522294534688e-02,9.981042616811472978e-01,-2.099144316045737854e-02,3.791037586776984547e+00,1.350299814961950992e-02,2.024238138493790126e-02,9.997039136848659968e-01,1.294592689522722218e+00,0.000000000000000000e+00,0.000000000000000000e+00,0.000000000000000000e+00,1.000000000000000056e-01
9.983013062842068797e-01,-5.644179081496369238e-02,-1.445081730719705720e-02,6.363167154679567261e+01,5.613827909793491638e-02,9.982102248800062139e-01,-2.061166089692512832e-02,3.853446729839711704e+00,1.558831264661027574e-02,1.976540398290276696e-02,9.996831164495197930e-01,1.324187572437980798e+00,0.000000000000000000e+00,0.000000000000000000e+00,0.000000000000000000e+00,1.000000000000000056e-01
9.982724437095457093e-01,-5.735800535196185213e-02,-1.273527982481397446e-02,6.445239624042258697e+01,5.712026489051033606e-02,9.981994464167562864e-01,-1.830684331388516758e-02,3.901038169957581125e+00,1.376239328786714629e-02,1.754777465451175592e-02,9.997513051432663778e-01,1.350395225727246684e+00,0.000000000000000000e+00,0.000000000000000000e+00,0.000000000000000000e+00,1.000000000000000056e-01
9.981487854072743637e-01,-5.916572423491244653e-02,-1.408613736058328576e-02,6.526252815362052218e+01,5.890114573081493138e-02,9.980921899743816494e-01,-1.851041176582133088e-02,3.952021560256381960e+00,1.515444560451578888e-02,1.764645539198308674e-02,9.997294360928453694e-01,1.380430431045560180e+00,0.000000000000000000e+00,0.000000000000000000e+00,0.000000000000000000e+00,1.000000000000000056e-01
9.981143412901898326e-01,-6.007394143828116012e-02,-1.260489075400156138e-02,6.606864191182499724e+01,5.983521956843083217e-02,9.980362474499868686e-01,-1.853092753065063367e-02,3.994687012169413354e+00,1.369336372291409150e-02,1.774176811984983296e-02,9.997488291835772145e-01,1.413122912015732924e+00,0.000000000000000000e+00,0.000000000000000000e+00,0.000000000000000000e+00,1.000000000000000056e-01
9.980110623580801255e-01,-6.167814931668301470e-02,-1.302786658533286804e-02,6.681945102713926588e+01,6.144025957343934863e-02,9.979496490327035563e-01,-1.793300028026985349e-02,4.048449937787183650e+00,1.410722915546042469e-02,1.709689715628887746e-02,9.997543109150280882e-01,1.436499517269072879e+00,0.000000000000000000e+00,0.000000000000000000e+00,0.000000000000000000e+00,1.000000000000000056e-01
9.979281532006871736e-01,-6.332139781884298102e-02,-1.139305173049544838e-02,6.760784153422291354e+01,6.311780287271502587e-02,9.978540221867050475e-01,-1.742106099914517495e-02,4.103390920488614313e+00,1.247172842820928364e-02,1.666586283642940494e-02,9.997833290298104858e-01,1.456260112075660418e+00,0.000000000000000000e+00,0.000000000000000000e+00,0.000000000000000000e+00,1.000000000000000056e-01
9.978114617518861751e-01,-6.565172269419118634e-02,-7.882772599104638858e-03,6.835950219509768999e+01,6.552482941358396540e-02,9.977320785969715500e-01,-1.540117102324429880e-02,4.162993104811892664e+00,8.876008499595770471e-03,1.485094764153178058e-02,9.998503217118368536e-01,1.480552584843602082e+00,0.000000000000000000e+00,0.000000000000000000e+00,0.000000000000000000e+00,1.000000000000000056e-01
9.979200269107343368e-01,-6.406903929844462442e-02,-7.125874953549086836e-03,6.905434812449504989e+01,6.397697742837024637e-02,9.978734185520183875e-01,-1.247344805729563161e-02,4.212005946840863935e+00,7.909883033842214986e-03,1.199161167994550539e-02,9.998968121759906902e-01,1.506019354321231463e+00,0.000000000000000000e+00,0.000000000000000000e+00,0.000000000000000000e+00,1.000000000000000056e-01
9.979886389185086415e-01,-6.276938622566022308e-02,-8.870216594676998828e-03,6.971768091423679437e+01,6.267730333103721518e-02,9.979806552472194614e-01,-1.030375657125304038e-02,4.260701936822907321e+00,9.499065045136676627e-03,9.727070740175891919e-03,9.999075716575427375e-01,1.538165529473269677e+00,0.000000000000000000e+00,0.000000000000000000e+00,0.000000000000000000e+00,1.000000000000000056e-01
9.977252520026398397e-01,-6.597789882197702127e-02,-1.382889667709559164e-02,7.040505569519599760e+01,6.584850962442911904e-02,9.977833323537209642e-01,-9.612255580537064706e-03,4.321051176821597117e+00,1.443243903539139644e-02,8.679777885468158496e-03,9.998581730222284580e-01,1.561257382742517352e+00,0.000000000000000000e+00,0.000000000000000000e+00,0.000000000000000000e+00,1.000000000000000056e-01
9.977093877403863109e-01,-6.530713553363332036e-02,-1.763393498613513230e-02,7.114567907943106206e+01,6.513210747137646028e-02,9.978232370496697978e-01,-1.032454260756920580e-02,4.375931966182070809e+00,1.826981639318407333e-02,9.152357735037183750e-03,9.997912022801807019e-01,1.588776416542542425e+00,0.000000000000000000e+00,0.000000000000000000e+00,0.000000000000000000e+00,1.000000000000000056e-01
9.975771656434400114e-01,-6.731150391233871322e-02,-1.757725882667208681e-02,7.185573509442129136e+01,6.713461552737935711e-02,9.976890178190863656e-01,-1.046743145082696703e-02,4.426990571733798063e+00,1.824121664778881671e-02,9.262028084929102220e-03,9.997907145252762362e-01,1.610723507934971988e+00,0.000000000000000000e+00,0.000000000000000000e+00,0.000000000000000000e+00,1.000000000000000056e-01
9.975683059007425246e-01,-6.796189382837737603e-02,-1.544849667712070405e-02,7.253570147727248241e+01,6.782782866111601583e-02,9.976560566333283475e-01,-9.043136732099641556e-03,4.478239732472088619e+00,1.602687497427177435e-02,7.973308604181852249e-03,9.998397699774006497e-01,1.629042453952987746e+00,0.000000000000000000e+00,0.000000000000000000e+00,0.000000000000000000e+00,1.000000000000000056e-01
9.975077577276307839e-01,-6.893445883112184203e-02,-1.504372489959394758e-02,7.317162177298605741e+01,6.879704252742452342e-02,9.975857379555058690e-01,-9.469021451480801738e-03,4.525880612890683885e+00,1.566014727497916023e-02,8.410458574253210084e-03,9.998419995048701825e-01,1.648808926473069869e+00,0.000000000000000000e+00,0.000000000000000000e+00,0.000000000000000000e+00,1.000000000000000056e-01
9.974141662959287169e-01,-6.987201487281406720e-02,-1.681910847252600025e-02,7.375498715180707165e+01,6.970427433795468863e-02,9.975138844330128096e-01,-1.036168434093272424e-02,4.562670517387264368e+00,1.750128598750666162e-02,9.162526997244223662e-03,9.998048575036071473e-01,1.675173948407587154e+00,0.000000000000000000e+00,0.000000000000000000e+00,0.000000000000000000e+00,1.000000000000000056e-01
9.973857713180264151e-01,-6.936403176110327029e-02,-2.025473451295224311e-02,7.439713026980500388e+01,6.901831623568295548e-02,9.974654380699687906e-01,-1.729658578669417482e-02,4.593162460260268531e+00,2.140315855981972729e-02,1.585342088414564213e-02,9.996452239919587646e-01,1.708054677537741428e+00,0.000000000000000000e+00,0.000000000000000000e+00,0.000000000000000000e+00,1.000000000000000056e-01
9.973508293945999581e-01,-6.842785307597130939e-02,-2.467695340427488240e-02,7.502362291336660860e+01,6.793683960835926461e-02,9.974847788202990673e-01,-2.021637568524632667e-02,4.615997716301178500e+00,2.599824859354063142e-02,1.848634483158407421e-02,9.994910435440811369e-01,1.729728528016788225e+00,0.000000000000000000e+00,0.000000000000000000e+00,0.000000000000000000e+00,1.000000000000000056e-01
9.976907782978430284e-01,-6.328544895104563917e-02,-2.465893044129691472e-02,7.561189899179865392e+01,6.279082092664502179e-02,9.978193705537037328e-01,-2.034248153909693282e-02,4.656408505017741284e+00,2.589254152844255516e-02,1.874715175366905087e-02,9.994889297007359952e-01,1.759583628943001354e+00,0.000000000000000000e+00,0.000000000000000000e+00,0.000000000000000000e+00,1.000000000000000056e-01
9.980018420467866580e-01,-5.850617165199315656e-02,-2.386108023221494151e-02,7.618340780366401077e+01,5.813367396258698611e-02,9.981803024661417556e-01,-1.601748170635624094e-02,4.709055866796154177e+00,2.475478181750592060e-02,1.459834398927952262e-02,9.995869592636442702e-01,1.771148387484261955e+00,0.000000000000000000e+00,0.000000000000000000e+00,0.000000000000000000e+00,1.000000000000000056e-01
9.984744718568679955e-01,-5.140849579310168699e-02,-2.014685112962025584e-02,7.672224927808751715e+01,5.104196071022933795e-02,9.985287597158810646e-01,-1.830394130016176762e-02,4.728410616753165208e+00,2.105818835996675978e-02,1.724768333878522186e-02,9.996294664136512464e-01,1.798688481134586237e+00,0.000000000000000000e+00,0.000000000000000000e+00,0.000000000000000000e+00,1.000000000000000056e-01
9.988824658119885846e-01,-4.403822182444789429e-02,-1.715967691718411903e-02,7.728871028650637243e+01,4.364375158235995339e-02,9.987887339826696520e-01,-2.272196772097957035e-02,4.735388578450131725e+00,1.813952703845041203e-02,2.194766246862534659e-02,9.995945466392784917e-01,1.818867111230656031e+00,0.000000000000000000e+00,0.000000000000000000e+00,0.000000000000000000e+00,1.000000000000000056e-01
9.992539306661128995e-01,-3.579534518540284510e-02,-1.450087277997982003e-02,7.784336847668984660e+01,3.542257814628315543e-02,9.990547621234020514e-01,-2.519569876036235195e-02,4.740591859680311160e+00,1.538905474009905246e-02,2.466324272293324293e-02,9.995773614146110653e-01,1.851645413412835506e+00,0.000000000000000000e+00,0.000000000000000000e+00,0.000000000000000000e+00,1.000000000000000056e-01
9.996044031931159424e-01,-2.395902343444363675e-02,-1.473099837086101586e-02,7.833008156516019937e+01,2.364282107344613248e-02,9.994940233628124560e-01,-2.127708329886335986e-02,4.755031347847713974e+00,1.523332296721698932e-02,2.092038379393502956e-02,9.996650856228254112e-01,1.876366133576296003e+00,0.000000000000000000e+00,0.000000000000000000e+00,0.000000000000000000e+00,1.000000000000000056e-01
9.998485721454197783e-01,-9.638588687023471116e-03,-1.448897466654060912e-02,7.883419981449287661e+01,9.354780001607354914e-03,9.997655122318560572e-01,-1.952968619553203944e-02,4.765134804643803790e+00,1.467381579163373057e-02,1.939118768659647829e-02,9.997042867619486683e-01,1.884083619213904326e+00,0.000000000000000000e+00,0.000000000000000000e+00,0.000000000000000000e+00,1.000000000000000056e-01
9.998661680310125810e-01,9.238721235058111950e-03,-1.350155757383933279e-02,7.932718614555531644e+01,-9.407301324050107785e-03,9.998779153058598990e-01,-1.247626408049056293e-02,4.756665144082670160e+00,1.338464451441789653e-02,1.260160757794418288e-02,9.998310111102146625e-01,1.898844922569988380e+00,0.000000000000000000e+00,0.000000000000000000e+00,0.000000000000000000e+00,1.000000000000000056e-01
9.994206537873954188e-01,3.140623353610475649e-02,-1.311507827848547476e-02,7.981779431167041139e+01,-3.159465985265951654e-02,9.993967968959143189e-01,-1.441595723430486205e-02,4.727452938467939347e+00,1.265441630301048816e-02,1.482197184122984769e-02,9.998100694125698906e-01,1.918290783586332537e+00,0.000000000000000000e+00,0.000000000000000000e+00,0.000000000000000000e+00,1.000000000000000056e-01
9.983480526151482515e-01,5.601310452568165205e-02,-1.279445039602015999e-02,8.030455644265168758e+01,-5.623141525833649096e-02,9.982662556347735583e-01,-1.739283757681146791e-02,4.708117097702922749e+00,1.179804126055174554e-02,1.808355557748209802e-02,9.997668684448842713e-01,1.937096205281815697e+00,0.000000000000000000e+00,0.000000000000000000e+00,0.000000000000000000e+00,1.000000000000000056e-01
9.963682660623561782e-01,8.443098118432194876e-02,-1.103121934087223678e-02,8.077366327239400334e+01,-8.462311098050943892e-02,9.962450260377804234e-01,-1.829691730763857715e-02,4.658924568025034851e+00,9.444970718543400576e-03,1.916396387063113577e-02,9.997717414574643913e-01,1.953718230718318516e+00,0.000000000000000000e+00,0.000000000000000000e+00,0.000000000000000000e+00,1.000000000000000056e-01
9.930562725825122783e-01,1.172683254273022418e-01,-9.347691479897097741e-03,8.123906566364033210e+01,-1.174289241676946122e-01,9.928988139080512365e-01,-1.903662545733642020e-02,4.595520743196845892e+00,7.048918593999630236e-03,2.000212967314771162e-02,9.997750884850020725e-01,1.969050258460347314e+00,0.000000000000000000e+00,0.000000000000000000e+00,0.000000000000000000e+00,1.000000000000000056e-01
