1.000000000000000000e+00,-1.020543779442535210e-13,7.997999326578349429e-14,6.226766111751488082e-21,1.020543779442554142e-13,1.000000000000000000e+00,-2.363680842507512193e-14,2.362469894200487916e-20,-7.997999326578107091e-14,2.363680842508328191e-14,1.000000000000000000e+00,-2.498721301081311328e-20,0.000000000000000000e+00,0.000000000000000000e+00,0.000000000000000000e+00,1.000000000000000056e-01
9.999986407399436006e-01,-1.625814855904000400e-03,-2.743069805868123098e-04,6.752053769913026748e-01,1.625846553041065653e-03,9.999986716554777333e-01,1.153701264854425506e-04,-3.145049264219010321e-02,2.741190457470696752e-04,-1.158159507263000968e-04,9.999999557227061686e-01,9.748705120218784451e-03,0.000000000000000000e+00,0.000000000000000000e+00,0.000000000000000000e+00,1.000000000000000056e-01
9.999844576434752108e-01,-5.487818670577097532e-03,-9.840313630763263941e-04,1.344792642835579866e+00,5.489100418386056932e-03,9.999840837546078998e-01,1.304612606930372629e-03,-5.718651917881411445e-03,9.768562235694955038e-04,-1.309993777142876492e-03,9.999986648332198635e-01,1.987148589030083429e-02,0.000000000000000000e+00,0.000000000000000000e+00,0.000000000000000000e+00,1.000000000000000056e-01
9.999489604040288082e-01,-9.926409873957793908e-03,-1.882278915640733623e-03,2.062133844105210834e+00,9.925604213543414919e-03,9.999506445388963716e-01,-4.368835563864840836e-04,1.945111109176146874e-03,1.886522700144810903e-03,4.181785024901320301e-04,9.999981330776782640e-01,1.628832622371354996e-02,0.000000000000000000e+00,0.000000000000000000e+00,0.000000000000000000e+00,1.000000000000000056e-01
9.998899758368693380e-01,-1.441316276653981446e-02,-3.506702155881730697e-03,2.749144815531342267e+00,1.441075180671312975e-02,9.998959063482368848e-01,-7.118289143227290354e-04,1.567828493417845401e-02,3.516596836452742444e-03,6.612163815136608931e-04,9.999935981493014436e-01,2.062622976234671293e-02,0.000000000000000000e+00,0.000000000000000000e+00,0.000000000000000000e+00,1.000000000000000056e-01
9.998136507845772902e-01,-1.915499961861959546e-02,-2.397852044234846484e-03,3.450641267974586590e+00,1.915213746393817570e-02,9.998158476475200729e-01,-1.210959715781927386e-03,2.691459968496612287e-02,2.420606407033968656e-03,1.164810062419612078e-03,9.999963919345612462e-01,2.396360897291998845e-02,0.000000000000000000e+00,0.000000000000000000e+00,0.000000000000000000e+00,1.000000000000000056e-01
9.996251715011398309e-01,-2.706517221588711566e-02,-4.122251113305095728e-03,4.189395111561736940e+00,2.705975435536167248e-02,9.996328865877067704e-01,-1.364458338153302051e-03,2.273878253024415319e-02,4.157667079536082021e-03,1.252399797765502924e-03,9.999905726051632193e-01,2.538216669998143507e-02,0.000000000000000000e+00,0.000000000000000000e+00,0.000000000000000000e+00,1.000000000000000056e-01
9.996206631494721773e-01,-2.737893812355889772e-02,-2.987231466741910660e-03,4.961195009711103943e+00,2.738493945357545201e-02,9.996229875346246407e-01,1.986928150612154911e-03,6.206690534006956139e-02,2.931705260350419770e-03,-2.067979588395818785e-03,9.999935642616348819e-01,2.765982169201007881e-02,0.000000000000000000e+00,0.000000000000000000e+00,0.000000000000000000e+00,1.000000000000000056e-01
9.995870207473714908e-01,-2.855450435810103979e-02,-3.229277668023993776e-03,5.713117770858324285e+00,2.856333779442761164e-02,9.995882752000198046e-01,2.723199715558567626e-03,1.011942347038650020e-01,3.150188476176149673e-03,-2.814314039439048867e-03,9.999910779347244150e-01,4.193195901927245645e-02,0.000000000000000000e+00,0.000000000000000000e+00,0.000000000000000000e+00,1.000000000000000056e-01
9.994818373278793189e-01,-3.216716575752281287e-02,-1.153385804784137596e-03,6.476647256185870560e+00,3.216915361987483096e-02,9.994809094475362032e-01,1.748486576112891384e-03,1.495712330039377647e-01,1.096543235590901558e-03,-1.784684020773529521e-03,9.999978062455329164e-01,4.529388440808472527e-02,0.000000000000000000e+00,0.000000000000000000e+00,0.000000000000000000e+00,1.000000000000000056e-01
9.993688759967068735e-01,-3.550477776200720859e-02,1.122695483757812397e-03,7.268196691449567481e+00,3.550239036904141721e-02,9.993674282063726988e-01,2.079355252161200519e-03,1.743305808533291146e-01,-1.195812344378200526e-03,-2.038184547820258083e-03,9.999972079143951698e-01,5.639348868093831124e-02,0.000000000000000000e+00,0.000000000000000000e+00,0.000000000000000000e+00,1.000000000000000056e-01
9.993312563622235301e-01,-3.655528761126445453e-02,8.666055375171906978e-04,8.054304402590428680e+00,3.655298450467561050e-02,9.993284905046231348e-01,2.539171036454140277e-03,1.967283578382770792e-01,-9.588437312017752566e-04,-2.505795963193753386e-03,9.999964007961678059e-01,6.383809379036176068e-02,0.000000000000000000e+00,0.000000000000000000e+00,0.000000000000000000e+00,1.000000000000000056e-01
9.992887709715984057e-01,-3.770723840407833038e-02,-3.411480768866574620e-04,8.883600297304571569e+00,3.770782795719600233e-02,9.992869457778197351e-01,1.928654657314085672e-03,2.474636712773441993e-01,2.681805788475665289e-04,-1.940146895127212168e-03,9.999980819527617415e-01,8.406015711608574859e-02,0.000000000000000000e+00,0.000000000000000000e+00,0.000000000000000000e+00,1.000000000000000056e-01
9.992138115504625162e-01,-3.964488827369618690e-02,2.040601945144828572e-04,9.645626169662110172e+00,3.964440534771856289e-02,9.992118735149201347e-01,1.988203065355821468e-03,3.106499208657589883e-01,-2.827214576620872563e-04,-1.978550118003837531e-03,9.999980027020093365e-01,9.474644129465331632e-02,0.000000000000000000e+00,0.000000000000000000e+00,0.000000000000000000e+00,1.000000000000000056e-01
9.990623334138800660e-01,-4.329486041970059124e-02,-9.494657354922178332e-05,1.042248621041613177e+01,4.329496437026813388e-02,9.990601154317114707e-01,2.105187343840135734e-03,3.610751112642306415e-01,3.713542521052120139e-06,-2.107324088529186415e-03,9.999977795832326599e-01,1.017569129607769629e-01,0.000000000000000000e+00,0.000000000000000000e+00,0.000000000000000000e+00,1.000000000000000056e-01
9.990091049434699499e-01,-4.449921544312921556e-02,7.925055160959192449e-04,1.119494533523409530e+01,4.449993955567087961e-02,9.990089626922310506e-01,-9.207823489342661189e-04,3.539336919804773607e-01,-7.507460214413990557e-04,9.551363978203712473e-04,9.999992620471641613e-01,1.214192216659412266e-01,0.000000000000000000e+00,0.000000000000000000e+00,0.000000000000000000e+00,1.000000000000000056e-01
9.989753900532556408e-01,-4.523872914140617679e-02,-1.275716902898678005e-03,1.205918071675863423e+01,4.523792446103771375e-02,9.989760278032810970e-01,-6.527364211652519855e-04,4.026972934777792723e-01,1.303939570417051103e-03,5.943568360485244504e-04,9.999989732402470022e-01,1.260743160852628164e-01,0.000000000000000000e+00,0.000000000000000000e+00,0.000000000000000000e+00,1.000000000000000056e-01
9.987765760267874882e-01,-4.932707859491989449e-02,-3.491489295030091033e-03,1.294947628640385950e+01,4.933058534535241652e-02,9.987820767974457947e-01,9.254283689127938174e-04,4.919572937018428238e-01,3.441588251318874331e-03,-1.096533388311641318e-03,9.999934765211404564e-01,1.465796985438107547e-01,0.000000000000000000e+00,0.000000000000000000e+00,0.000000000000000000e+00,1.000000000000000056e-01
9.988465353352010689e-01,-4.799496260673529607e-02,-1.443056909153695973e-03,1.381427524033621346e+01,4.799898301417523244e-02,9.988431920455276281e-01,2.894016915331807435e-03,5.508281801022041346e-01,1.302489335807820994e-03,-2.959944033151598163e-03,9.999947711127546990e-01,1.439680962055200353e-01,0.000000000000000000e+00,0.000000000000000000e+00,0.000000000000000000e+00,1.000000000000000056e-01
9.982057254032019600e-01,-5.986306639676017283e-02,-1.320247645130917524e-03,1.476683274128898127e+01,5.986179939327596067e-02,9.982061941955658879e-01,-9.792052916984181603e-04,6.593407472521198853e-01,1.376497608634792702e-03,8.984159288362015931e-04,9.999986490506636017e-01,1.499720104752139960e-01,0.000000000000000000e+00,0.000000000000000000e+00,0.000000000000000000e+00,1.000000000000000056e-01
9.974526429160065488e-01,-7.128362192493135907e-02,2.621141952862769599e-03,1.575392072540092236e+01,7.129286391658880284e-02,9.974488577824984770e-01,-3.619898197455935582e-03,7.331959033750047317e-01,-2.356415592454567335e-03,3.797545740690818402e-03,9.999900129260806958e-01,1.487326537093608680e-01,0.000000000000000000e+00,0.000000000000000000e+00,0.000000000000000000e+00,1.000000000000000056e-01
9.973050316029395956e-01,-7.332429316941013742e-02,2.494387833947201913e-03,1.669257708291607756e+01,7.333291370266561970e-02,9.973011617423006570e-01,-3.560415050912951740e-03,7.958036990967265467e-01,-2.226590967633484269e-03,3.733740572638152323e-03,9.999905506923548737e-01,1.658879832647736363e-01,0.000000000000000000e+00,0.000000000000000000e+00,0.000000000000000000e+00,1.000000000000000056e-01
9.972747165138707848e-01,-7.366965327765205573e-02,3.990236600654738057e-03,1.760613198603020280e+01,7.368989722719636315e-02,9.972677038625142876e-01,-5.189015266289648265e-03,8.669967443924139205e-01,-3.597061137083113445e-03,5.468913853689602242e-03,9.999785758367211175e-01,1.695287822378434284e-01,0.000000000000000000e+00,0.000000000000000000e+00,0.000000000000000000e+00,1.000000000000000056e-01
9.971094504299434780e-01,-7.595752848844852800e-02,1.788219567803765557e-03,1.854130767756195297e+01,7.596734844072286497e-02,9.970905352737585714e-01,-6.279047569126078136e-03,9.273510869099355070e-01,-1.306075871436248106e-03,6.396743969870642872e-03,9.999786876890937037e-01,1.625806607281942151e-01,0.000000000000000000e+00,0.000000000000000000e+00,0.000000000000000000e+00,1.000000000000000056e-01
9.969661146948820551e-01,-7.778557362955267063e-02,2.823240215183228305e-03,1.948588895161845613e+01,7.780941998509842417e-02,9.969215640698917413e-01,-9.648277256755113940e-03,1.012032879210237324e+00,-2.064052270111818577e-03,9.838680173788152961e-03,9.999494687536286675e-01,1.717956327339346945e-01,0.000000000000000000e+00,0.000000000000000000e+00,0.000000000000000000e+00,1.000000000000000056e-01
9.966698975696065554e-01,-8.150041655484532854e-02,2.607178547155935503e-03,2.043171921403134661e+01,8.151864076446815877e-02,9.966406603934870878e-01,-7.880688951325681701e-03,1.088921215781150309e+00,-1.956140716729013688e-03,8.066979101290130960e-03,9.999655480873707036e-01,1.864177332013601529e-01,0.000000000000000000e+00,0.000000000000000000e+00,0.000000000000000000e+00,1.000000000000000056e-01
9.966197769669639106e-01,-8.189304191719254389e-02,6.523024135178516481e-03,2.135415798700822165e+01,8.193594772794496328e-02,9.966157002965881917e-01,-6.606541626636151451e-03,1.157126498726155361e+00,-5.959918476174693239e-03,7.118680207029194629e-03,9.999569009531698027e-01,1.887953212855361662e-01,0.000000000000000000e+00,0.000000000000000000e+00,0.000000000000000000e+00,1.000000000000000056e-01
9.968440888304178626e-01,-7.894331540963325788e-02,8.355567963291265707e-03,2.232385632500275818e+01,7.900539402591849614e-02,9.968468714856061341e-01,-7.379872910065222828e-03,1.256052378342945586e+00,-7.746630148869970180e-03,8.016717625968419053e-03,9.999378590491722063e-01,1.915978268611715496e-01,0.000000000000000000e+00,0.000000000000000000e+00,0.000000000000000000e+00,1.000000000000000056e-01
9.968740632074222230e-01,-7.815717103658005593e-02,1.155676078679594709e-02,2.330431794595802586e+01,7.822984176497084496e-02,9.969174438090818713e-01,-5.975122307843081133e-03,1.333466498590211380e+00,-1.105413776610707222e-02,6.860528020847508034e-03,9.999153660153058398e-01,1.990129910410415592e-01,0.000000000000000000e+00,0.000000000000000000e+00,0.000000000000000000e+00,1.000000000000000056e-01
9.969400352660090503e-01,-7.706601100049476072e-02,1.309183074593612758e-02,2.424582935234408154e+01,7.714879408975974795e-02,9.970018971010109476e-01,-5.939759884127174434e-03,1.397396823885002748e+00,-1.259482648965322069e-02,6.931603382829582861e-03,9.998966562701561145e-01,2.111323993607504557e-01,0.000000000000000000e+00,0.000000000000000000e+00,0.000000000000000000e+00,1.000000000000000056e-01
9.969563854965894922e-01,-7.694280308614614983e-02,1.256067159120378973e-02,2.519225689272427005e+01,7.704374443936898298e-02,9.969975152833262522e-01,-7.759894434511175124e-03,1.483231797047536826e+00,-1.192589033727616682e-02,8.703997479324909400e-03,9.998910008433634644e-01,1.993031402456166279e-01,0.000000000000000000e+00,0.000000000000000000e+00,0.000000000000000000e+00,1.000000000000000056e-01
9.976603404474925219e-01,-6.785966069260171429e-02,8.301298023700569642e-03,2.613834109168941211e+01,6.791420742573114899e-02,9.976701514022091599e-01,-6.475293879656151760e-03,1.582669389058745768e+00,-7.842546010581858892e-03,7.023919972359732658e-03,9.999445779743464380e-01,2.013006268390210851e-01,0.000000000000000000e+00,0.000000000000000000e+00,0.000000000000000000e+00,1.000000000000000056e-01
9.978978155736402122e-01,-6.466666082045577357e-02,4.262939325075943905e-03,2.708736723184865980e+01,6.470661161389298921e-02,9.978540688886810006e-01,-1.001556866844668589e-02,1.643947326325807090e+00,-3.606117968946172259e-03,1.027035445521201976e-02,9.999407561113600185e-01,2.027518968926057541e-01,0.000000000000000000e+00,0.000000000000000000e+00,0.000000000000000000e+00,1.000000000000000056e-01
9.977512014933040962e-01,-6.660243691146601475e-02,7.526972573500146507e-03,2.807406562704317921e+01,6.668263235963305113e-02,9.977140484672748499e-01,-1.095919853960300970e-02,1.702534714655263848e+00,-6.779856949674834335e-03,1.143647185519231814e-02,9.999116164197950907e-01,2.136431742204846218e-01,0.000000000000000000e+00,0.000000000000000000e+00,0.000000000000000000e+00,1.000000000000000056e-01
9.974932586416828117e-01,-6.966474854577515974e-02,1.241055093260273398e-02,2.910088658958925123e+01,6.982187212011979616e-02,9.974784803662649635e-01,-1.271170247639447602e-02,1.753481426419220224e+00,-1.149369992815398034e-02,1.354636542621869867e-02,9.998421829697429208e-01,2.098761093497548136e-01,0.000000000000000000e+00,0.000000000000000000e+00,0.000000000000000000e+00,1.000000000000000056e-01
9.975108788453207476e-01,-6.808576445924598153e-02,1.834053606729645763e-02,3.006822514358021081e+01,6.839780848065417362e-02,9.975139568128444933e-01,-1.696012260056800267e-02,1.821473488172992150e+00,-1.714019778997536575e-02,1.817235927398045195e-02,9.996879407985963528e-01,2.121147831365814140e-01,0.000000000000000000e+00,0.000000000000000000e+00,0.000000000000000000e+00,1.000000000000000056e-01
9.977533640630837919e-01,-6.518170462033778811e-02,1.547804521205434387e-02,3.100875569555006095e+01,6.554844480005322938e-02,9.975484772986479287e-01,-2.450381242670549020e-02,1.870865444033314784e+00,-1.384290016917476100e-02,2.546332307331126976e-02,9.995799084080123631e-01,2.159510645982034016e-01,0.000000000000000000e+00,0.000000000000000000e+00,0.000000000000000000e+00,1.000000000000000056e-01
9.978451059502652098e-01,-6.394715875634679469e-02,1.469372036261307017e-02,3.194760869095415146e+01,6.430419016914903918e-02,9.976104134339857099e-01,-2.526725419910244574e-02,1.951466577589062057e+00,-1.304283933022282356e-02,2.615767373186542871e-02,9.995727389475681512e-01,2.134760388375103735e-01,0.000000000000000000e+00,0.000000000000000000e+00,0.000000000000000000e+00,1.000000000000000056e-01
9.979812098940138432e-01,-6.250375955739766176e-02,1.125987298646572744e-02,3.292244291187708427e+01,6.278210079764577622e-02,9.976794899591183707e-01,-2.634469841064299156e-02,2.026291709295213295e+00,-9.587101643070595688e-03,2.699843247495137266e-02,9.995895018086078387e-01,2.118260859789348749e-01,0.000000000000000000e+00,0.000000000000000000e+00,0.000000000000000000e+00,1.000000000000000056e-01
9.978263586828205467e-01,-6.482333791716834992e-02,1.185296499023350339e-02,3.386599631399369770e+01,6.512864434888795961e-02,9.974979301032964596e-01,-2.749798401547104768e-02,2.082095570789362693e+00,-1.004079693346898727e-02,2.821018080260461955e-02,9.995515835093380375e-01,2.017069439519746654e-01,0.000000000000000000e+00,0.000000000000000000e+00,0.000000000000000000e+00,1.000000000000000056e-01
9.979266291138406686e-01,-6.298853031909455724e-02,1.322452092620114011e-02,3.480481415961491365e+01,6.336939998323125323e-02,9.975182794854812185e-01,-3.068552163627932816e-02,2.140118545591866539e+00,-1.125886545137989164e-02,3.145992912525110569e-02,9.994415994985309526e-01,2.027596556316959009e-01,0.000000000000000000e+00,0.000000000000000000e+00,0.000000000000000000e+00,1.000000000000000056e-01
9.978667407009641499e-01,-6.326730587297797748e-02,1.610018044649908983e-02,3.578694818106322373e+01,6.372307896071639777e-02,9.975293182854546581e-01,-2.957411653325435832e-02,2.219277125159042185e+00,-1.418932734843654508e-02,3.053698034402306874e-02,9.994329171189367811e-01,1.987181954700465436e-01,0.000000000000000000e+00,0.000000000000000000e+00,0.000000000000000000e+00,1.000000000000000056e-01
9.977741337304306679e-01,-6.495573871204539385e-02,1.508409980281372534e-02,3.676715141020326172e+01,6.537486191997236851e-02,9.974337522274951962e-01,-2.918967876363579364e-02,2.295167306026867582e+00,-1.314935311843524676e-02,3.011082738405227929e-02,9.994600705314917732e-01,1.979749631354824901e-01,0.000000000000000000e+00,0.000000000000000000e+00,0.000000000000000000e+00,1.000000000000000056e-01
9.974871257374402500e-01,-6.890274631180209886e-02,1.648773904304297322e-02,3.776465587670168134e+01,6.936664739815207037e-02,9.971565286181884868e-01,-2.944699751866720200e-02,2.372870314017827553e+00,-1.441187762925030987e-02,3.051670009708438991e-02,9.994303521498554277e-01,2.007819913291681857e-01,0.000000000000000000e+00,0.000000000000000000e+00,0.000000000000000000e+00,1.000000000000000056e-01
9.975174107688499214e-01,-6.733856673285650019e-02,2.060418994705350004e-02,3.873839310792283896e+01,6.794840455469129681e-02,9.972229318510719143e-01,-3.048669396350624228e-02,2.433387140964816009e+00,-1.849404043149133203e-02,3.181102985942316913e-02,9.993227851138996032e-01,2.120198715249401178e-01,0.000000000000000000e+00,0.000000000000000000e+00,0.000000000000000000e+00,1.000000000000000056e-01
9.973230636216602329e-01,-7.010185257258523539e-02,2.079512044200006182e-02,3.974978890810842813e+01,7.069499399431371234e-02,9.970673014505306853e-01,-2.930894406662604840e-02,2.512710687423336253e+00,-1.867952334642700163e-02,3.070059680280159964e-02,9.993540657662338678e-01,1.998657985184676689e-01,0.000000000000000000e+00,0.000000000000000000e+00,0.000000000000000000e+00,1.000000000000000056e-01
9.973171904844153612e-01,-7.008137320817463267e-02,2.114291118859513638e-02,4.076841931253497364e+01,7.077194858344125483e-02,9.969161745748558179e-01,-3.390386651605278856e-02,2.603191764290532895e+00,-1.870168061899854864e-02,3.530923392389193061e-02,9.992014337168121374e-01,2.039691380825083000e-01,0.000000000000000000e+00,0.000000000000000000e+00,0.000000000000000000e+00,1.000000000000000056e-01
9.973506162004368569e-01,-7.051517587652765540e-02,1.787059975801670586e-02,4.178768242620954254e+01,7.106069134181940139e-02,9.969588587112566680e-01,-3.199081404358645325e-02,2.685199007909447211e+00,-1.556041486052120448e-02,3.317595527262216099e-02,9.993283892100320864e-01,2.262984817587797570e-01,0.000000000000000000e+00,0.000000000000000000e+00,0.000000000000000000e+00,1.000000000000000056e-01
9.974895306088162883e-01,-6.882895530385224614e-02,1.664966178586651038e-02,4.280495712445220846e+01,6.931506623996233629e-02,9.971243985321442960e-01,-3.063258794256538270e-02,2.775718670268631172e+00,-1.449337496765561867e-02,3.170975817772313243e-02,9.993920318465407959e-01,2.282795719378157839e-01,0.000000000000000000e+00,0.000000000000000000e+00,0.000000000000000000e+00,1.000000000000000056e-01
9.974711262163380443e-01,-6.921592377164137444e-02,1.614026831092052819e-02,4.383486858672377906e+01,6.961538970683661676e-02,9.972437811545846742e-01,-2.566200429569053670e-02,2.818431674535522458e+00,-1.431956286607386115e-02,2.672071939422858422e-02,9.995403710077844783e-01,2.490199893859257885e-01,0.000000000000000000e+00,0.000000000000000000e+00,0.000000000000000000e+00,1.000000000000000056e-01
9.974873296996419336e-01,-6.874503632945358489e-02,1.712153815344786070e-02,4.483088143192750863e+01,6.919333555563494942e-02,9.972341908842463631e-01,-2.713394269411824669e-02,2.863139489058637022e+00,-1.520885937087886226e-02,2.825046037685923980e-02,9.994851685168381072e-01,2.490467471889033502e-01,0.000000000000000000e+00,0.000000000000000000e+00,0.000000000000000000e+00,1.000000000000000056e-01
9.977869835044892444e-01,-6.416812006230940280e-02,1.742377446712136888e-02,4.577511328291988946e+01,6.460497990614402775e-02,9.975776522036828853e-01,-2.578806691310196741e-02,2.941907904922836714e+00,-1.572679625158261360e-02,2.685666009497349876e-02,9.995155765110438351e-01,2.497601268973549393e-01,0.000000000000000000e+00,0.000000000000000000e+00,0.000000000000000000e+00,1.000000000000000056e-01
9.976580483218704387e-01,-6.684056731194665257e-02,1.451747843165616947e-02,4.667508116421333852e+01,6.713713896527914726e-02,9.975226462657710291e-01,-2.100416050429600515e-02,2.992707225074256350e+00,-1.307758349823359006e-02,2.192963174224680720e-02,9.996739808865169330e-01,2.493775211448988061e-01,0.000000000000000000e+00,0.000000000000000000e+00,0.000000000000000000e+00,1.000000000000000056e-01
9.980680227056140108e-01,-6.118061604732076553e-02,1.082378272954074953e-02,4.760807882082922760e+01,6.143296250246826906e-02,9.978040243855813562e-01,-2.476126083438806927e-02,3.079693799776340501e+00,-9.285104774654653545e-03,2.537835967923440447e-02,9.996347961577343177e-01,2.444963052786891522e-01,0.000000000000000000e+00,0.000000000000000000e+00,0.000000000000000000e+00,1.000000000000000056e-01
9.980849567130153366e-01,-6.099220076064346824e-02,1.031361379690276872e-02,4.852841846803590897e+01,6.124222495249973669e-02,9.977850376891221895e-01,-2.596937516738608703e-02,3.140419447588355784e+00,-8.706840187216000060e-03,2.655127134602772165e-02,9.996095342301732911e-01,2.477860296117032346e-01,0.000000000000000000e+00,0.000000000000000000e+00,0.000000000000000000e+00,1.000000000000000056e-01
9.982161807422658129e-01,-5.804460351963375286e-02,1.397428018083906980e-02,4.948776880145122448e+01,5.836233406359779552e-02,9.980184143431115595e-01,-2.351770810921547175e-02,3.192997581273576024e+00,-1.258151290477749033e-02,2.429132837680492499e-02,9.996257484172349495e-01,2.448573536555342656e-01,0.000000000000000000e+00,0.000000000000000000e+00,0.000000000000000000e+00,1.000000000000000056e-01
9.983527517493843151e-01,-5.490199855320063854e-02,1.665994085513496439e-02,5.046922794233832832e+01,5.535475257618593242e-02,9.980725293740103643e-01,-2.805490110826366554e-02,3.272411317682306198e+00,-1.508755916844988984e-02,2.893089462546176785e-02,9.994675426918619987e-01,2.615343632241936556e-01,0.000000000000000000e+00,0.000000000000000000e+00,0.000000000000000000e+00,1.000000000000000056e-01
9.985490362725627511e-01,-5.090138603182992744e-02,1.757472785492941031e-02,5.141708255492978452e+01,5.142771122551009072e-02,9.981979061709943535e-01,-3.092136209723407234e-02,3.327035550452142942e+00,-1.596911635757428116e-02,3.178032435141826817e-02,9.993672989981595700e-01,2.554371247412934309e-01,0.000000000000000000e+00,0.000000000000000000e+00,0.000000000000000000e+00,1.000000000000000056e-01
9.984738910935796463e-01,-5.262283095019054668e-02,1.675489382938694788e-02,5.235234348280953753e+01,5.314509219321832123e-02,9.980603252765717359e-01,-3.242200309355114385e-02,3.395069835877779330e+00,-1.501625719747386352e-02,3.326296396311644032e-02,9.993338217273384227e-01,2.610443318441292293e-01,0.000000000000000000e+00,0.000000000000000000e+00,0.000000000000000000e+00,1.000000000000000056e-01
9.985267674314775022e-01,-5.198162340500644268e-02,1.556295444394049411e-02,5.333101933167510111e+01,5.249693298566997929e-02,9.980155949702315121e-01,-3.476987522716928902e-02,3.438788075370702302e+00,-1.372467667896610198e-02,3.553565849108374086e-02,9.992741616922069525e-01,2.740670736631479754e-01,0.000000000000000000e+00,0.000000000000000000e+00,0.000000000000000000e+00,1.000000000000000056e-01
9.985553898919189431e-01,-5.121446424931663799e-02,1.625459840947303738e-02,5.428011036862604755e+01,5.179299805981839311e-02,9.979562088559822408e-01,-3.742847255460519940e-02,3.482860116882906976e+00,-1.430449823563983633e-02,3.821627738870773949e-02,9.991671018767460666e-01,2.739603039639910143e-01,0.000000000000000000e+00,0.000000000000000000e+00,0.000000000000000000e+00,1.000000000000000056e-01
9.987953780345327770e-01,-4.535014592321681692e-02,1.873918572397451077e-02,5.520528448721165660e+01,4.608366336673917762e-02,9.981054153202152390e-01,-4.076611189654686523e-02,3.536779127226231445e+00,-1.685493362655964000e-02,4.158057446938003693e-02,9.989929764714267080e-01,2.716724077811087934e-01,0.000000000000000000e+00,0.000000000000000000e+00,0.000000000000000000e+00,1.000000000000000056e-01
9.987911382410161742e-01,-4.306821827469235753e-02,2.369368578036680495e-02,5.614016187695455784e+01,4.396323158761294980e-02,9.982853082119090837e-01,-3.864812643101274425e-02,3.584579385549905961e+00,-2.198855246689083998e-02,3.964305718404032008e-02,9.989719373323324714e-01,2.824042964079432338e-01,0.000000000000000000e+00,0.000000000000000000e+00,0.000000000000000000e+00,1.000000000000000056e-01
9.986635715295182347e-01,-4.668414888766559551e-02,2.217343326012056332e-02,5.705955546307456672e+01,4.744489315187704753e-02,9.982562439549367284e-01,-3.512055692595041773e-02,3.637652644982241501e+00,-2.049519489328461425e-02,3.612563698561210151e-02,9.991370703455407787e-01,2.744800629671073633e-01,0.000000000000000000e+00,0.000000000000000000e+00,0.000000000000000000e+00,1.000000000000000056e-01
9.986362037408529346e-01,-4.860096192143320559e-02,1.907037174176160962e-02,5.789515037242651374e+01,4.923879329021765838e-02,9.981896759178613410e-01,-3.453855999196048243e-02,3.680046319361835128e+00,-1.735724094955175614e-02,3.543045852520733396e-02,9.992214012896805109e-01,2.794660821574611598e-01,0.000000000000000000e+00,0.000000000000000000e+00,0.000000000000000000e+00,1.000000000000000056e-01
9.986817288219718147e-01,-4.939791497972952777e-02,1.395172078321786115e-02,5.876478852077244852e+01,4.986020797177589253e-02,9.981427622888832119e-01,-3.499979644696909337e-02,3.730724086509807247e+00,-1.219689215204907730e-02,3.564929292389159426e-02,9.992899297680617465e-01,2.921557972152808991e-01,0.000000000000000000e+00,0.000000000000000000e+00,0.000000000000000000e+00,1.000000000000000056e-01
9.987072523671969293e-01,-4.971700615463138517e-02,1.058505400007044711e-02,5.970653227105984229e+01,5.005113421856817457e-02,9.981653621275644594e-01,-3.407042430294771052e-02,3.782271592916016889e+00,-8.871754764359588569e-03,3.455617380104979153e-02,9.993633787665189283e-01,3.100273600756551229e-01,0.000000000000000000e+00,0.000000000000000000e+00,0.000000000000000000e+00,1.000000000000000056e-01
9.991746555525329310e-01,-3.914822089036198299e-02,1.083625869922455985e-02,6.059365085116820637e+01,3.943940979702594690e-02,9.988265747417263141e-01,-2.810705506759775610e-02,3.836806632167513609e+00,-9.723201959197817421e-03,2.851123271326836892e-02,9.995461815008001016e-01,3.019699807487348786e-01,0.000000000000000000e+00,0.000000000000000000e+00,0.000000000000000000e+00,1.000000000000000056e-01
9.991009558970653792e-01,-4.102044872238656825e-02,1.070526562884780396e-02,6.151641631350430117e+01,4.129499468700116582e-02,9.987867914775968581e-01,-2.682663944082258264e-02,3.887453205680189150e+00,-9.591837121776082900e-03,2.724459499609796845e-02,9.995827773146793715e-01,3.146591095612599198e-01,0.000000000000000000e+00,0.000000000000000000e+00,0.000000000000000000e+00,1.000000000000000056e-01
9.989259064292339563e-01,-4.472830695083800795e-02,1.210008354702684329e-02,6.242227334553213325e+01,4.503956629977168974e-02,9.986254756496708573e-01,-2.680665684111186234e-02,3.944287520644459200e+00,-1.088443531203540406e-02,2.732284649849418476e-02,9.995674019930611554e-01,3.254714137705204124e-01,0.000000000000000000e+00,0.000000000000000000e+00,0.000000000000000000e+00,1.000000000000000056e-01
9.988818834499548771e-01,-4.605350588926399036e-02,1.067977110140113858e-02,6.325578786918918439e+01,4.631403469692621511e-02,9.985991932671692828e-01,-2.558635175734336187e-02,3.990225014480476506e+00,-9.486469604795613741e-03,2.605236652333372399e-02,9.996155666519860317e-01,3.365816684425831928e-01,0.000000000000000000e+00,0.000000000000000000e+00,0.000000000000000000e+00,1.000000000000000056e-01
9.987877544396004392e-01,-4.779924889745146288e-02,1.175812001724431573e-02,6.408442707252653747e+01,4.805753480767004093e-02,9.985851445086930678e-01,-2.276362261948269156e-02,4.030801241236413368e+00,-1.065339991317416045e-02,2.330109378102509371e-02,9.996717281682511169e-01,3.397360213714181731e-01,0.000000000000000000e+00,0.000000000000000000e+00,0.000000000000000000e+00,1.000000000000000056e-01
9.987030283203999215e-01,-4.965590648674461649e-02,1.124954108584671000e-02,6.489332089073847953e+01,4.989769775689931186e-02,9.985044022716167422e-01,-2.234230074908219107e-02,4.076544822814451408e+00,-1.012328910105821447e-02,2.287464961875892641e-02,9.996870857536349630e-01,3.521805801732331154e-01,0.000000000000000000e+00,0.000000000000000000e+00,0.000000000000000000e+00,1.000000000000000056e-01
9.985257058528183016e-01,-5.272062397187275012e-02,1.292093491769945313e-02,6.572584554388684808e+01,5.300809502812823398e-02,9.983287282291780640e-01,-2.301938864958950545e-02,4.113752553973395898e+00,-1.168574399086147117e-02,2.367036544560138442e-02,9.996515178736297136e-01,3.648030247929457959e-01,0.000000000000000000e+00,0.000000000000000000e+00,0.000000000000000000e+00,1.000000000000000056e-01
9.984253968746613639e-01,-5.454254225418212615e-02,1.310869788063593645e-02,6.650653843372940344e+01,5.483719133884887992e-02,9.982238736429369652e-01,-2.328047541087144984e-02,4.157424051091331840e+00,-1.181563886302845930e-02,2.396266207541371956e-02,9.996430270374110361e-01,3.708063588319884252e-01,0.000000000000000000e+00,0.000000000000000000e+00,0.000000000000000000e+00,1.000000000000000056e-01
9.983031450758180769e-01,-5.624558143184937853e-02,1.507531429600448593e-02,6.732879032547292297e+01,5.656654694540831640e-02,9.981611401844121545e-01,-2.178448972152441029e-02,4.212476437010310271e+00,-1.382231161575492133e-02,2.260028307671137562e-02,9.996490238610996615e-01,3.705602064971222909e-01,0.000000000000000000e+00,0.000000000000000000e+00,0.000000000000000000e+00,1.000000000000000056e-01
9.982488819035739702e-01,-5.600570948556227863e-02,1.904022802603064224e-02,6.805776225094143683e+01,5.643773760520471444e-02,9.981419685179385715e-01,-2.296502682647457577e-02,4.259947266007509725e+00,-1.771867806216096547e-02,2.399939974569020862e-02,9.995549395904039791e-01,3.671726168858284178e-01,0.000000000000000000e+00,0.000000000000000000e+00,0.000000000000000000e+00,1.000000000000000056e-01
9.982585565043635700e-01,-5.528322962263966522e-02,2.058200399171236997e-02,6.878819732774012152e+01,5.574808945217196721e-02,9.981858363833689962e-01,-2.274173621486914182e-02,4.325381246554202086e+00,-1.928742824372913986e-02,2.384954016589321824e-02,9.995294865813706409e-01,3.764811988003093912e-01,0.000000000000000000e+00,0.000000000000000000e+00,0.000000000000000000e+00,1.000000000000000056e-01
9.983772943364800367e-01,-5.376684140218569719e-02,1.875912895103891420e-02,6.947170614117187881e+01,5.411015450854743392e-02,9.983672645346021168e-01,-1.830017171386499886e-02,4.372705326130609471e+00,-1.774455782572843809e-02,1.928553528756800362e-02,9.996565404158777035e-01,3.935667987132323020e-01,0.000000000000000000e+00,0.000000000000000000e+00,0.000000000000000000e+00,1.000000000000000056e-01
9.983002744712999865e-01,-5.678456795740303292e-02,1.311772969755399705e-02,7.016274103985037414e+01,5.698741256461516830e-02,9.982523113450302299e-01,-1.564473405000035844e-02,4.420465440723292616e+00,-1.220642452634487958e-02,1.636568777033146210e-02,9.997915620088452249e-01,4.035562701924199080e-01,0.000000000000000000e+00,0.000000000000000000e+00,0.000000000000000000e+00,1.000000000000000056e-01
9.982842365104001026e-01,-5.774571013505560430e-02,9.696189759157038471e-03,7.088380506981859241e+01,5.790256530413020325e-02,9.981815290005605634e-01,-1.676090968008927054e-02,4.465979711705509558e+00,-8.710686887288666622e-03,1.729358618393852035e-02,9.998125103292367921e-01,4.175885852647662766e-01,0.000000000000000000e+00,0.000000000000000000e+00,0.000000000000000000e+00,1.000000000000000056e-01
9.984742210881221158e-01,-5.353212798699117508e-02,1.354773396743115879e-02,7.158904977171962969e+01,5.371895774015770370e-02,9.984603993784293419e-01,-1.382405339900710274e-02,4.504809629278386574e+00,-1.278684487193938041e-02,1.453073109832555589e-02,9.998126596777864306e-01,4.216959586774599589e-01,0.000000000000000000e+00,0.000000000000000000e+00,0.000000000000000000e+00,1.000000000000000056e-01
9.983443129287571383e-01,-5.541817981673780036e-02,1.540967840701578176e-02,7.224188767152170954e+01,5.562879743489752837e-02,9.983589946652893232e-01,-1.359244889120025425e-02,4.543034315239974141e+00,-1.463112226574133853e-02,1.442716592794535992e-02,9.997888712845990344e-01,4.358700748634347089e-01,0.000000000000000000e+00,0.000000000000000000e+00,0.000000000000000000e+00,1.000000000000000056e-01
9.984146228758162822e-01,-5.383626198845026939e-02,1.642856423588480788e-02,7.286303598079717858e+01,5.403163536086171698e-02,9.984708015539122128e-01,-1.168934662498015420e-02,4.575216395583038498e+00,-1.577413097360759811e-02,1.255847679454007854e-02,9.997967100629149284e-01,4.433138507557581875e-01,0.000000000000000000e+00,0.000000000000000000e+00,0.000000000000000000e+00,1.000000000000000056e-01
9.984378376142257761e-01,-5.415458181130505116e-02,1.375375181801846529e-02,7.343960552361154726e+01,5.431608102305451186e-02,9.984557913312835931e-01,-1.165315834086333262e-02,4.600457785070946493e+00,-1.310144123850333180e-02,1.238200411334623892e-02,9.998375059036398449e-01,4.501199122551596266e-01,0.000000000000000000e+00,0.000000000000000000e+00,0.000000000000000000e+00,1.000000000000000056e-01
9.986282241557201678e-01,-5.112260762805728720e-02,1.132028749195213013e-02,7.408087913682020087e+01,5.132912576948508998e-02,9.985053275109508908e-01,-1.877316648807915780e-02,4.621160133767067357e+00,-1.034363414536351722e-02,1.932847437219130729e-02,9.997596807788912132e-01,4.622859282177958495e-01,0.000000000000000000e+00,0.000000000000000000e+00,0.000000000000000000e+00,1.000000000000000056e-01
9.987346062271705849e-01,-4.973801269390570184e-02,7.437500757612713551e-03,7.469589622602659063e+01,4.989996694366437974e-02,9.984786681403519104e-01,-2.345938122991065439e-02,4.677310556653261564e+00,-6.259362849349530897e-03,2.380082691693624630e-02,9.996971246406534117e-01,4.664267080659350029e-01,0.000000000000000000e+00,0.000000000000000000e+00,0.000000000000000000e+00,1.000000000000000056e-01
9.988976864642890030e-01,-4.658247046489837062e-02,5.786658939133880117e-03,7.528450620654700742e+01,4.670922291987092412e-02,9.986167600925629495e-01,-2.414156077088595864e-02,4.679183196438566839e+00,-4.654081059972198231e-03,2.438523954402428695e-02,9.996918023180283441e-01,4.727978322259446253e-01,0.000000000000000000e+00,0.000000000000000000e+00,0.000000000000000000e+00,1.000000000000000056e-01
9.990574320662116703e-01,-4.268269411806829838e-02,7.901585669363808337e-03,7.584500236194155320e+01,4.285668405624161459e-02,9.988084792593183714e-01,-2.334365848343779651e-02,4.729447743741791221e+00,-6.895800531509263358e-03,2.366029126006925429e-02,9.996962731512598621e-01,4.696838576439115176e-01,0.000000000000000000e+00,0.000000000000000000e+00,0.000000000000000000e+00,1.000000000000000056e-01
9.992580075268776563e-01,-3.679374332712876533e-02,1.138660816010578399e-02,7.639380598788666532e+01,3.707193124224466424e-02,9.989930643760240869e-01,-2.526913616590801756e-02,4.728330004700077360e+00,-1.044539646852643382e-02,2.567251021186443480e-02,9.996158341643238687e-01,4.886687458063503908e-01,0.000000000000000000e+00,0.000000000000000000e+00,0.000000000000000000e+00,1.000000000000000056e-01
9.993332498966056576e-01,-3.261577334093553743e-02,1.640935649137667540e-02,7.696339550443488520e+01,3.304598655586910710e-02,9.990979919634104256e-01,-2.666768132459982135e-02,4.741337173373953107e+00,-1.552476807033474453e-02,2.719216401932385632e-02,9.995096636813015634e-01,4.914004354030202526e-01,0.000000000000000000e+00,0.000000000000000000e+00,0.000000000000000000e+00,1.000000000000000056e-01
9.995412131567915637e-01,-2.309812590719898667e-02,1.959182943536803487e-02,7.750459882145352708e+01,2.368386150768314602e-02,9.992629033372375513e-01,-3.021133426579401815e-02,4.754407511640134310e+00,-1.887956316057802855e-02,3.066148387814650322e-02,9.993515074793533071e-01,5.091464805321664899e-01,0.000000000000000000e+00,0.000000000000000000e+00,0.000000000000000000e+00,1.000000000000000056e-01
9.997556960661387881e-01,-1.311842608787502570e-02,1.778918436262274735e-02,7.800267252530601070e+01,1.357079529342091612e-02,9.995813822812338323e-01,-2.555178490520600837e-02,4.757051855601469370e+00,-1.744653829315393270e-02,2.578695588305856407e-02,9.995152080923385141e-01,4.948515065540857183e-01,0.000000000000000000e+00,0.000000000000000000e+00,0.000000000000000000e+00,1.000000000000000056e-01
9.998509566439210960e-01,2.473119473238393970e-03,1.708649110575054947e-02,7.850404678934103231e+01,-2.079494807151217699e-03,9.997329187031732678e-01,-2.301666706066430104e-02,4.756998092903814701e+00,-1.713885059106458331e-02,2.297770530983298323e-02,9.995890579928892183e-01,4.976818568246544894e-01,0.000000000000000000e+00,0.000000000000000000e+00,0.000000000000000000e+00,1.000000000000000056e-01
9.996463027246067501e-01,1.990519899432414280e-02,1.763668058394915819e-02,7.899225926020541522e+01,-1.960950038323964334e-02,9.996668376475190687e-01,-1.678336088298316986e-02,4.774019251741978387e+00,-1.796488084412519240e-02,1.643157815929689042e-02,9.997035892180498040e-01,4.953196523872722690e-01,0.000000000000000000e+00,0.000000000000000000e+00,0.000000000000000000e+00,1.000000000000000056e-01
9.989550303487650940e-01,4.040682929239478027e-02,2.135732865864002974e-02,7.949803794117066502e+01,-4.004409564354069473e-02,9.990507677055383562e-01,-1.714741820407572268e-02,4.751309347866295774e+00,-2.202992839273120937e-02,1.627426476095831728e-02,9.996248449100799682e-01,5.050365213605564341e-01,0.000000000000000000e+00,0.000000000000000000e+00,0.000000000000000000e+00,1.000000000000000056e-01
9.975590912905618612e-01,6.648020640324162067e-02,2.135981133182009509e-02,7.999953015221122143e+01,-6.602060431466533208e-02,9.975855867746463712e-01,-2.154708484716246972e-02,4.721100688294565195e+00,-2.274069456887701027e-02,2.008430272792203000e-02,9.995396348291838429e-01,5.050618913857801706e-01,0.000000000000000000e+00,0.000000000000000000e+00,0.000000000000000000e+00,1.000000000000000056e-01
9.951744670258553249e-01,9.495776907911129827e-02,2.471441424195692377e-02,8.047769636740886767e+01,-9.442788114062203308e-02,9.952931438391622310e-01,-2.179295964409933700e-02,4.681114597032656199e+00,-2.666749787845544561e-02,1.935406722823292819e-02,9.994569848866071693e-01,4.994581779114889986e-01,0.000000000000000000e+00,0.000000000000000000e+00,0.000000000000000000e+00,1.000000000000000056e-01
9.913041444628832854e-01,1.289760269789692049e-01,2.610129566575838597e-02,8.093367006713937428e+01,-1.284275471302647187e-01,9.914813177778284414e-01,-2.170625798345745053e-02,4.647567726681981704e+00,-2.867853393768171957e-02,1.816537812050675674e-02,9.994236142541981227e-01,5.063704350320189507e-01,0.000000000000000000e+00,0.000000000000000000e+00,0.000000000000000000e+00,1.000000000000000056e-01
