1.000000000000000000e+00,3.620014746084215961e-09,-7.542260836503961246e-10,3.795898731018200366e-15,-3.620014746296094967e-09,1.000000000000000000e+00,-2.809221548292665427e-10,1.089973907693651671e-15,7.542260826334538689e-10,2.809221575595761254e-10,1.000000000000000000e+00,1.060701719848851238e-15,0.000000000000000000e+00,0.000000000000000000e+00,0.000000000000000000e+00,1.000000000000000056e-01
9.999994924012336472e-01,-3.593865857701715764e-04,-9.412962110686247039e-04,6.565737335895966975e-01,3.563668180110877905e-04,9.999947963063562373e-01,-3.206300500585942959e-03,7.306411965654058087e-03,9.424436142413730993e-04,3.205963426336219842e-03,9.999944167836852804e-01,2.303870089505150216e-03,0.000000000000000000e+00,0.000000000000000000e+00,0.000000000000000000e+00,1.000000000000000056e-01
9.999903949971242767e-01,-2.081189121420560454e-03,-3.857274340287149099e-03,1.327817325842008289e+00,2.073726905041282497e-03,9.999959727244840391e-01,-1.937573620862751344e-03,7.550626446435536494e-03,3.861291263122331417e-03,1.929556076882972234e-03,9.999906835781658954e-01,7.255861015872712601e-03,0.000000000000000000e+00,0.000000000000000000e+00,0.000000000000000000e+00,1.000000000000000056e-01
9.999815880915463584e-01,-4.020918666545135120e-03,-4.544853241401703055e-03,2.046168410335706067e+00,4.013865993054170286e-03,9.999907278293692636e-01,-1.559850979482822753e-03,-6.486387823598896256e-03,4.551083134667388390e-03,1.541579827780303023e-03,9.999884555203304437e-01,7.303967914291465205e-03,0.000000000000000000e+00,0.000000000000000000e+00,0.000000000000000000e+00,1.000000000000000056e-01
9.999586553926613774e-01,-5.403863743768643965e-03,-7.313396060621915259e-03,2.742028303013082979e+00,5.398182375775230010e-03,9.999851126071845897e-01,-7.963611205424596818e-04,-5.519066343987465671e-03,7.317590610208191820e-03,7.568491495831177873e-04,9.999729396573819873e-01,1.443678266852410456e-02,0.000000000000000000e+00,0.000000000000000000e+00,0.000000000000000000e+00,1.000000000000000056e-01
9.999326180911946027e-01,-6.088322534457897388e-03,-9.883906414249169284e-03,3.448848023770755056e+00,6.074914755476835439e-03,9.999805870425261256e-01,-1.385982971967192941e-03,-1.387043334739253460e-02,9.892152849754877117e-03,1.325845692871295469e-03,9.999501924822035148e-01,3.160402766452059808e-02,0.000000000000000000e+00,0.000000000000000000e+00,0.000000000000000000e+00,1.000000000000000056e-01
9.998931169206904945e-01,-8.125942747592313289e-03,-1.215416756051722162e-02,4.171159791363657554e+00,8.109415366175024356e-03,9.999661262115872029e-01,-1.408478544705086492e-03,7.987149392221058394e-03,1.216520106883242809e-02,1.309764809002762938e-03,9.999251433977945913e-01,5.290346775597586787e-02,0.000000000000000000e+00,0.000000000000000000e+00,0.000000000000000000e+00,1.000000000000000056e-01
9.998677044059605112e-01,-8.938522541627193577e-03,-1.358957323566716176e-02,4.941307939231958102e+00,8.961445830887494399e-03,9.999585220296371979e-01,1.626870899499098782e-03,1.967904666785690038e-02,1.357446774554376019e-02,-1.748437896063333597e-03,9.999063340085154739e-01,6.858246237235761378e-02,0.000000000000000000e+00,0.000000000000000000e+00,0.000000000000000000e+00,1.000000000000000056e-01
9.998847450544965376e-01,-8.279893791604415673e-03,-1.272556348867100173e-02,5.713558359797539232e+00,8.305661822349872866e-03,9.999635601959536713e-01,1.973388437722249471e-03,3.595759652217889180e-02,1.270876032495717525e-02,-2.078855221781146512e-03,9.999170794480758406e-01,7.807219612996117719e-02,0.000000000000000000e+00,0.000000000000000000e+00,0.000000000000000000e+00,1.000000000000000056e-01
9.998857722412339832e-01,-9.693617810967744206e-03,-1.159638923484886640e-02,6.509389805981009580e+00,9.714469276658707977e-03,9.999512941172473690e-01,1.743123608656831167e-03,6.727836069614606673e-02,1.157892724841484526e-02,-1.855577262495877212e-03,9.999312402744494621e-01,9.417160249014475126e-02,0.000000000000000000e+00,0.000000000000000000e+00,0.000000000000000000e+00,1.000000000000000056e-01
9.998519515235714250e-01,-1.388181005430988435e-02,-1.016712270615061260e-02,7.335274953355368943e+00,1.388452228428426263e-02,9.999035861204651487e-01,1.962253062358062031e-04,7.410075837140188415e-02,1.016341849197779056e-02,-3.373618971587819416e-04,9.999482942190097701e-01,1.200660954537711295e-01,0.000000000000000000e+00,0.000000000000000000e+00,0.000000000000000000e+00,1.000000000000000056e-01
9.998468411361828290e-01,-1.439308269638137246e-02,-9.956577750003107671e-03,8.152683867019010933e+00,1.439880387734463786e-02,9.998962052491908725e-01,5.031651515934741810e-04,9.229687894403883208e-02,9.948302211859811825e-03,-6.464508977023718760e-04,9.999503054573953831e-01,1.408500541525880556e-01,0.000000000000000000e+00,0.000000000000000000e+00,0.000000000000000000e+00,1.000000000000000056e-01
9.998065807611400402e-01,-1.627409357006703514e-02,-1.104332129346111829e-02,9.001045604013572898e+00,1.628030506453336315e-02,9.998673552679518961e-01,4.727964436167932474e-04,1.123120022724058559e-01,1.103416212150420961e-02,-6.524936352717373165e-04,9.999389088931044389e-01,1.560722785911218546e-01,0.000000000000000000e+00,0.000000000000000000e+00,0.000000000000000000e+00,1.000000000000000056e-01
9.998271024759435299e-01,-1.496928795314637385e-02,-1.103111838097062952e-02,9.683985846434909561e+00,1.499535496825520238e-02,9.998849544225738573e-01,2.284129756250472595e-03,1.689021654744077006e-01,1.099565750354317140e-02,-2.449150371690491951e-03,9.999365465760923222e-01,1.793442164978200637e-01,0.000000000000000000e+00,0.000000000000000000e+00,0.000000000000000000e+00,1.000000000000000056e-01
9.997569628257551022e-01,-1.863509562254077323e-02,-1.177915500197036780e-02,1.044021565386285921e+01,1.866518862264641976e-02,9.998227883959703854e-01,2.450007711736112894e-03,2.036172505131782773e-01,1.173141147103419143e-02,-2.669272418712140358e-03,9.999276218655288595e-01,1.923352743436216594e-01,0.000000000000000000e+00,0.000000000000000000e+00,0.000000000000000000e+00,1.000000000000000056e-01
9.997206175156412300e-01,-1.994113369996433974e-02,-1.269007883762415800e-02,1.126837632434666148e+01,1.995250855563772754e-02,9.998006320899670563e-01,7.703731819530396357e-04,2.219340285375192012e-01,1.267218672850795383e-02,-1.023356859758995556e-03,9.999191809462679714e-01,2.205922976852540962e-01,0.000000000000000000e+00,0.000000000000000000e+00,0.000000000000000000e+00,1.000000000000000056e-01
9.996562889589605261e-01,-2.209787106369977966e-02,-1.410631203579829768e-02,1.216173488143427939e+01,2.211953288215191132e-02,9.997543788016787225e-01,1.381423883114558807e-03,2.503855571473695418e-01,1.407232069967878987e-02,-1.692974105395312354e-03,9.998995467689760774e-01,2.415613021827414109e-01,0.000000000000000000e+00,0.000000000000000000e+00,0.000000000000000000e+00,1.000000000000000056e-01
9.996076295047039428e-01,-2.305998278777404362e-02,-1.590044747213198439e-02,1.306285773809509188e+01,2.311955716683035053e-02,9.997263220515616444e-01,3.573104206010036411e-03,2.907976894316881000e-01,1.581370014879904251e-02,-3.939313529653118082e-03,9.998671955297457892e-01,2.630126626063499784e-01,0.000000000000000000e+00,0.000000000000000000e+00,0.000000000000000000e+00,1.000000000000000056e-01
9.996264913500398919e-01,-1.924414455687954717e-02,-1.940465643814770491e-02,1.393977049531902779e+01,1.937551949017607411e-02,9.997904587383863451e-01,6.605138921533680943e-03,3.161844169040013419e-01,1.927348011373221370e-02,-6.978647144029801255e-03,9.997898936518335722e-01,2.772019280056730040e-01,0.000000000000000000e+00,0.000000000000000000e+00,0.000000000000000000e+00,1.000000000000000056e-01
9.993184077604591042e-01,-3.286952632097605437e-02,-1.680220671624896647e-02,1.491068498589406666e+01,3.297199253882372033e-02,9.994391078810909157e-01,5.858100875614100957e-03,3.614399131800382636e-01,1.660022948999960793e-02,-6.408110274002769106e-03,9.998416717178753021e-01,2.987688374563901017e-01,0.000000000000000000e+00,0.000000000000000000e+00,0.000000000000000000e+00,1.000000000000000056e-01
9.991930205230241668e-01,-3.660480994452890852e-02,-1.653467952517957348e-02,1.587525417266616223e+01,3.667145218632156950e-02,9.993203577102721669e-01,3.745298434048317457e-03,4.146231869187755326e-01,1.638634592036328566e-02,-4.348626764700663436e-03,9.998562782283458850e-01,3.197403815249001413e-01,0.000000000000000000e+00,0.000000000000000000e+00,0.000000000000000000e+00,1.000000000000000056e-01
9.991709499789879212e-01,-3.739392151427742977e-02,-1.609681185424539918e-02,1.678646103894095987e+01,3.745540816153070801e-02,9.992920463518275564e-01,3.535321404060741152e-03,4.660157522987610768e-01,1.595321652645805000e-02,-4.135303103876547016e-03,9.998641878528798932e-01,3.479408448602657189e-01,0.000000000000000000e+00,0.000000000000000000e+00,0.000000000000000000e+00,1.000000000000000056e-01
9.991172962554222270e-01,-3.911093877991358991e-02,-1.532849604522888362e-02,1.768105865556118061e+01,3.917626544067973060e-02,9.992243699305909388e-01,3.984816549736633351e-03,5.131188637602877023e-01,1.516075688665145110e-02,-4.581812367121022161e-03,9.998745713568558680e-01,3.802120838683216153e-01,0.000000000000000000e+00,0.000000000000000000e+00,0.000000000000000000e+00,1.000000000000000056e-01
9.991208701265518188e-01,-3.882863828058966821e-02,-1.580581307105354341e-02,1.859289148834925953e+01,3.888259653825006795e-02,9.992389123974584342e-01,3.120839180089939741e-03,5.543189636377146012e-01,1.567260552702147078e-02,-3.732666609737269291e-03,9.998702098952517714e-01,3.937134579131587042e-01,0.000000000000000000e+00,0.000000000000000000e+00,0.000000000000000000e+00,1.000000000000000056e-01
9.990564976569994426e-01,-4.019991174180739119e-02,-1.643415909867962724e-02,1.953328598038284980e+01,4.020364189781713143e-02,9.991915014006881313e-01,-1.034736229628246398e-04,5.941088900468851630e-01,1.642503173457818613e-02,-5.573370519379483882e-04,9.998649447340018925e-01,4.218529231162778115e-01,0.000000000000000000e+00,0.000000000000000000e+00,0.000000000000000000e+00,1.000000000000000056e-01
9.990439594250465349e-01,-4.104682855076310921e-02,-1.504410190906467666e-02,2.046731702372883532e+01,4.101512585671142352e-02,9.991556192850005180e-01,-2.409958955112179255e-03,6.316111279256119149e-01,1.513032013158304052e-02,1.790619203365639237e-03,9.998839268112995615e-01,4.505971595445160127e-01,0.000000000000000000e+00,0.000000000000000000e+00,0.000000000000000000e+00,1.000000000000000056e-01
9.991761340315017392e-01,-3.909901810668817840e-02,-1.087749810182837146e-02,2.139341340926496926e+01,3.907496037828995378e-02,9.992333623529621178e-01,-2.415581136906709905e-03,6.811924458224014600e-01,1.096360585288801495e-02,1.988553214469998727e-03,9.999379205744803878e-01,4.691074763893666733e-01,0.000000000000000000e+00,0.000000000000000000e+00,0.000000000000000000e+00,1.000000000000000056e-01
9.991804575556018087e-01,-3.955324242257307610e-02,-8.599665856265432951e-03,2.234538532203173133e+01,3.951379859795910165e-02,9.992079276242824548e-01,-4.709256113936200958e-03,7.262869515079521943e-01,8.779120647204787659e-03,4.365591214015069818e-03,9.999519331717969806e-01,4.900208784256677719e-01,0.000000000000000000e+00,0.000000000000000000e+00,0.000000000000000000e+00,1.000000000000000056e-01
9.992692205321378474e-01,-3.787896713756329359e-02,-5.119447791024383208e-03,2.332603115444381459e+01,3.785240215201719771e-02,9.992698632424765748e-01,-5.189996790371954188e-03,7.692379981346929574e-01,5.312301611880491763e-03,4.992420650697168907e-03,9.999734272407596603e-01,5.130516901420911768e-01,0.000000000000000000e+00,0.000000000000000000e+00,0.000000000000000000e+00,1.000000000000000056e-01
9.993791551289150643e-01,-3.499284741218540440e-02,-4.099380904909388432e-03,2.426211765638964124e+01,3.496210782383588067e-02,9.993616507904579116e-01,-7.344518083942886896e-03,8.155722223623872447e-01,4.353769668976577648e-03,7.196635280351464103e-03,9.999646259394934233e-01,5.353605299086283686e-01,0.000000000000000000e+00,0.000000000000000000e+00,0.000000000000000000e+00,1.000000000000000056e-01
9.994047507252665774e-01,-3.385429445406782506e-02,-6.635583982213798596e-03,2.522183235652509126e+01,3.379412989926348226e-02,9.993884840695815841e-01,-8.978568563834629299e-03,8.430863060963039723e-01,6.935489320837139385e-03,8.748980290356455844e-03,9.999376752236909249e-01,5.526373150105400311e-01,0.000000000000000000e+00,0.000000000000000000e+00,0.000000000000000000e+00,1.000000000000000056e-01
9.994826773987873780e-01,-2.989189879239616265e-02,-1.186810710841227669e-02,2.616902287946113859e+01,2.977263025812980357e-02,9.995056463163893845e-01,-1.010215170988105170e-02,8.923181888882508739e-01,1.216421256244294528e-02,9.743580873678011831e-03,9.998785399059696433e-01,5.672174789119527327e-01,0.000000000000000000e+00,0.000000000000000000e+00,0.000000000000000000e+00,1.000000000000000056e-01
9.994868027045694658e-01,-2.881728277717528208e-02,-1.398911836883543272e-02,2.712561907260040073e+01,2.866174748227522801e-02,9.995264833696245743e-01,-1.119434116033422334e-02,9.249863765094686885e-01,1.430508478336502132e-02,1.078764367653939522e-02,9.998394827637328008e-01,5.884069545481264152e-01,0.000000000000000000e+00,0.000000000000000000e+00,0.000000000000000000e+00,1.000000000000000056e-01
9.995709421738901979e-01,-2.708427849473265051e-02,-1.115228317526435579e-02,2.810707958477224722e+01,2.692901806939372936e-02,9.995414763088711352e-01,-1.384431739381640492e-02,9.514873053810151138e-01,1.152213293708191470e-02,1.353805734594975066e-02,9.998419682409205311e-01,6.087785692634820611e-01,0.000000000000000000e+00,0.000000000000000000e+00,0.000000000000000000e+00,1.000000000000000056e-01
9.996444821069603304e-01,-2.607961256704680042e-02,-5.546458461020279881e-03,2.911058302869475511e+01,2.598931680478299561e-02,9.995377862635491661e-01,-1.577242034007545271e-02,9.711978580458625609e-01,5.955233423444719273e-03,1.562266429633998692e-02,9.998602240089142779e-01,6.398742077070684875e-01,0.000000000000000000e+00,0.000000000000000000e+00,0.000000000000000000e+00,1.000000000000000056e-01
9.997167770710569945e-01,-2.352918105097516130e-02,-3.569773344192064216e-03,3.005453949282990678e+01,2.346020842079184557e-02,9.995578466652270677e-01,-1.826827279266921011e-02,9.873636073486579123e-01,3.998032455030864005e-03,1.817935117227240799e-02,9.998267484556730977e-01,6.574968729025557623e-01,0.000000000000000000e+00,0.000000000000000000e+00,0.000000000000000000e+00,1.000000000000000056e-01
9.996868205371620686e-01,-2.449130853457249721e-02,-5.141658347685060769e-03,3.096022490104983760e+01,2.434874390130551888e-02,9.993610152767139487e-01,-2.616676929856081094e-02,9.990605895075531651e-01,5.779231326792565356e-03,2.603338148147188794e-02,9.996443685300845372e-01,6.816813637941724346e-01,0.000000000000000000e+00,0.000000000000000000e+00,0.000000000000000000e+00,1.000000000000000056e-01
9.996817103104704838e-01,-2.407572705727097778e-02,-7.539060776799959632e-03,3.189762177818233368e+01,2.383753950753383227e-02,9.992586067628610458e-01,-3.023257383308014523e-02,1.021291718220603162e+00,8.261342563969690037e-03,3.004323845742446625e-02,9.995144591460550787e-01,7.029669777569104161e-01,0.000000000000000000e+00,0.000000000000000000e+00,0.000000000000000000e+00,1.000000000000000056e-01
9.997017348110899260e-01,-2.156173403561477062e-02,-1.146878551001550769e-02,3.286819866498058218e+01,2.118523078251867767e-02,9.992634878995151348e-01,-3.199480813486604847e-02,1.031994711738274617e+00,1.215020215423402369e-02,3.174229632954866931e-02,9.994222326981416771e-01,7.160711564922358496e-01,0.000000000000000000e+00,0.000000000000000000e+00,0.000000000000000000e+00,1.000000000000000056e-01
9.996804533223223599e-01,-2.273117955594245593e-02,-1.105824223245035348e-02,3.381665198575801412e+01,2.235856681153026299e-02,9.992142315356304927e-01,-3.272635003775630630e-02,1.053469720473760196e+00,1.179346155335159879e-02,3.246864599355690079e-02,9.994031725444615377e-01,7.318146767821945842e-01,0.000000000000000000e+00,0.000000000000000000e+00,0.000000000000000000e+00,1.000000000000000056e-01
9.996988571194295181e-01,-2.234284456917582165e-02,-1.014851568772879263e-02,3.478159048148411614e+01,2.199188592340793960e-02,9.991977802609166570e-01,-3.346868499341922043e-02,1.084947451932370299e+00,1.088815997486437294e-02,3.323542113791494446e-02,9.993882402520790631e-01,7.619533597199625863e-01,0.000000000000000000e+00,0.000000000000000000e+00,0.000000000000000000e+00,1.000000000000000056e-01
9.996982312739848275e-01,-2.253343835904595902e-02,-9.782154332525824086e-03,3.575627194722333257e+01,2.220613404045491610e-02,9.992292716348609716e-01,-3.236897154749402566e-02,1.107115372035048395e+00,1.050399917382074944e-02,3.214197977387523580e-02,9.994281160431560673e-01,7.786670566063588206e-01,0.000000000000000000e+00,0.000000000000000000e+00,0.000000000000000000e+00,1.000000000000000056e-01
9.997153105363518755e-01,-2.118093236296446011e-02,-1.098480693690741597e-02,3.672162597675975348e+01,2.082915279396774580e-02,9.992959062796568093e-01,-3.120637894093054171e-02,1.124586395518290205e+00,1.163805280496484421e-02,3.096869059154636755e-02,9.994525981405790738e-01,8.099222790242004422e-01,0.000000000000000000e+00,0.000000000000000000e+00,0.000000000000000000e+00,1.000000000000000056e-01
9.997002029795405420e-01,-2.278653429506164244e-02,-8.959800080667022076e-03,3.771630410306151049e+01,2.249855813747303132e-02,9.992653509987955429e-01,-3.102536341428995328e-02,1.159031294713097626e+00,9.660178279943237162e-03,3.081447951976465024e-02,9.994784383905066516e-01,8.366072066862173529e-01,0.000000000000000000e+00,0.000000000000000000e+00,0.000000000000000000e+00,1.000000000000000056e-01
9.997791912169960993e-01,-2.014051293115831295e-02,-5.994042739177321555e-03,3.870479424730856977e+01,1.994467574763988602e-02,9.993169104462457097e-01,-3.111145135624062905e-02,1.183592197799625767e+00,6.616548859544898673e-03,3.098503243567878387e-02,9.994979484952178916e-01,8.742617679991430135e-01,0.000000000000000000e+00,0.000000000000000000e+00,0.000000000000000000e+00,1.000000000000000056e-01
9.998120428610430821e-01,-1.891561981808532675e-02,-4.251855703746004744e-03,3.970037491689500087e+01,1.879730905030526159e-02,9.994766074593544047e-01,-2.632816579267959270e-02,1.208587296762565488e+00,4.747643888828608980e-03,2.624329378026260193e-02,9.996443114473606562e-01,8.946812546042249847e-01,0.000000000000000000e+00,0.000000000000000000e+00,0.000000000000000000e+00,1.000000000000000056e-01
9.997746049165684434e-01,-2.033549305716938344e-02,-6.099761146245030394e-03,4.069882094517014792e+01,2.015747439521931028e-02,9.994060785957945559e-01,-2.794935226051919672e-02,1.226806633124448265e+00,6.664502226385904046e-03,2.782009683481219062e-02,9.995907295599415487e-01,9.243392818884359485e-01,0.000000000000000000e+00,0.000000000000000000e+00,0.000000000000000000e+00,1.000000000000000056e-01
9.997695021738305377e-01,-2.019925645261759495e-02,-7.275476743998273051e-03,4.170733010481398395e+01,2.002001476269614499e-02,9.995134045273728063e-01,-2.391972363974810903e-02,1.240707677259052621e+00,7.755097162028449544e-03,2.376855504362607521e-02,9.996874082727787991e-01,9.652846331746612885e-01,0.000000000000000000e+00,0.000000000000000000e+00,0.000000000000000000e+00,1.000000000000000056e-01
9.997390589275874095e-01,-2.092430573332525537e-02,-9.164468569438312742e-03,4.273332530795136108e+01,2.071213781304919246e-02,9.995285533181260673e-01,-2.266447548449573857e-02,1.234269384179465412e+00,9.634386425463157752e-03,2.246874565596358037e-02,9.997011223695072557e-01,9.860368716173623094e-01,0.000000000000000000e+00,0.000000000000000000e+00,0.000000000000000000e+00,1.000000000000000056e-01
9.997803673224658905e-01,-1.956992394525298995e-02,-7.499012823850741312e-03,4.375583865384468396e+01,1.938658108019294252e-02,9.995290422630188631e-01,-2.378768897546390190e-02,1.256237048982655757e+00,7.961004369824789539e-03,2.363708420151088355e-02,9.996889069404912842e-01,1.014856688927554540e+00,0.000000000000000000e+00,0.000000000000000000e+00,0.000000000000000000e+00,1.000000000000000056e-01
9.998101031305115516e-01,-1.814731011364420846e-02,-7.101606423551530545e-03,4.474957400045389022e+01,1.795028358051222253e-02,9.994772705653225398e-01,-2.688815617836525299e-02,1.280585837897641133e+00,7.585841913393339547e-03,2.675557435250073071e-02,9.996132223232807590e-01,1.048335048675374415e+00,0.000000000000000000e+00,0.000000000000000000e+00,0.000000000000000000e+00,1.000000000000000056e-01
9.997908188588856548e-01,-1.957390333628352894e-02,-5.931343326832350625e-03,4.573416079323195049e+01,1.941381134224169983e-02,9.994749033704072305e-01,-2.594265718624252579e-02,1.311090794464116582e+00,6.436027862492325370e-03,2.582208049125557861e-02,9.996458361362069445e-01,1.074868036363577861e+00,0.000000000000000000e+00,0.000000000000000000e+00,0.000000000000000000e+00,1.000000000000000056e-01
9.996115296253085258e-01,-2.688047759664982661e-02,-7.364086116202670472e-03,4.664872416841419067e+01,2.668758241970652090e-02,9.993274744208507920e-01,-2.514700404094369346e-02,1.323834810580696297e+00,8.035097058667915737e-03,2.494070551968956273e-02,9.996566402637647730e-01,1.100232549069549037e+00,0.000000000000000000e+00,0.000000000000000000e+00,0.000000000000000000e+00,1.000000000000000056e-01
9.996251951280393788e-01,-2.448678179970534274e-02,-1.224200891695256116e-02,4.760021194903965380e+01,2.417687190796101449e-02,9.993987276764596528e-01,-2.485280634897662350e-02,1.358525041799133026e+00,1.284321338198398527e-02,2.454751791459385685e-02,9.996161619513049823e-01,1.114321253669231515e+00,0.000000000000000000e+00,0.000000000000000000e+00,0.000000000000000000e+00,1.000000000000000056e-01
9.996486575500763694e-01,-2.254018056360948541e-02,-1.394638729169526623e-02,4.855355175565148329e+01,2.215230253529252430e-02,9.993799415699582411e-01,-2.736800833111172060e-02,1.387847088085147895e+00,1.455461956613604904e-02,2.704944819745514623e-02,9.995281338719277375e-01,1.133574543556801206e+00,0.000000000000000000e+00,0.000000000000000000e+00,0.000000000000000000e+00,1.000000000000000056e-01
9.997161856714759098e-01,-2.044080576552499001e-02,-1.223607641897893165e-02,4.953076899412631917e+01,2.009680363179019991e-02,9.994168509637325615e-01,-2.760573298287071625e-02,1.430387102310507252e+00,1.279322438872531643e-02,2.735199205528496963e-02,9.995439970008059838e-01,1.161105798150968704e+00,0.000000000000000000e+00,0.000000000000000000e+00,0.000000000000000000e+00,1.000000000000000056e-01
9.997583694935090470e-01,-1.911710204135469091e-02,-1.085076205714164202e-02,5.055141723483652072e+01,1.881838228821514428e-02,9.994584293840843570e-01,-2.699474802908803650e-02,1.461156192801591480e+00,1.136094695590393611e-02,2.678403148593942046e-02,9.995766826720325904e-01,1.201386476107250134e+00,0.000000000000000000e+00,0.000000000000000000e+00,0.000000000000000000e+00,1.000000000000000056e-01
9.997806007101748271e-01,-1.771214914676419797e-02,-1.118169111560432180e-02,5.149935254106812010e+01,1.738804255133587565e-02,9.994440842986000995e-01,-2.844606012729432656e-02,1.485116418035626218e+00,1.167931589755741295e-02,2.824539136099004852e-02,9.995327865793245392e-01,1.224208468449734521e+00,0.000000000000000000e+00,0.000000000000000000e+00,0.000000000000000000e+00,1.000000000000000056e-01
9.997923586277707164e-01,-1.628190730952781828e-02,-1.225312710629252073e-02,5.245856038970776325e+01,1.590691402591287718e-02,9.994202206396426424e-01,-3.010303411253050995e-02,1.509424373716229173e+00,1.273615780725223350e-02,2.990187403779074118e-02,9.994716945533459462e-01,1.255768149116154753e+00,0.000000000000000000e+00,0.000000000000000000e+00,0.000000000000000000e+00,1.000000000000000056e-01
9.997772070446050430e-01,-1.669526734554570638e-02,-1.291527476865279682e-02,5.344529767709889967e+01,1.627221122043583448e-02,9.993491179439287775e-01,-3.219558365194043897e-02,1.532641781730069708e+00,1.344438232447167821e-02,3.197825062370247134e-02,9.993981389170989438e-01,1.294125075181604245e+00,0.000000000000000000e+00,0.000000000000000000e+00,0.000000000000000000e+00,1.000000000000000056e-01
9.997835002218312672e-01,-1.679091062003137610e-02,-1.228893830782868714e-02,5.440549180334206625e+01,1.636154528921262077e-02,9.992795954499433808e-01,-3.424310081091572200e-02,1.548671887328717967e+00,1.285505814582517219e-02,3.403462116650647629e-02,9.993379768837566957e-01,1.309876874494275034e+00,0.000000000000000000e+00,0.000000000000000000e+00,0.000000000000000000e+00,1.000000000000000056e-01
9.998149682232737590e-01,-1.742593362650350641e-02,-8.146542453012757187e-03,5.535720331270147199e+01,1.711116672231586394e-02,9.991602013648901437e-01,-3.723036370858281985e-02,1.558389522931024507e+00,8.788474844656201865e-03,3.708407806211373725e-02,9.992735030331725277e-01,1.342447133893049482e+00,0.000000000000000000e+00,0.000000000000000000e+00,0.000000000000000000e+00,1.000000000000000056e-01
9.998040747378029725e-01,-1.942749338891988295e-02,-3.792708571607318439e-03,5.630971463842859492e+01,1.927536313436072415e-02,9.991402949969707681e-01,-3.670328717437760374e-02,1.582813156954107292e+00,4.502500830005124084e-03,3.662299023823393368e-02,9.993190101625636368e-01,1.384195883835958929e+00,0.000000000000000000e+00,0.000000000000000000e+00,0.000000000000000000e+00,1.000000000000000056e-01
9.997734776994590122e-01,-2.109316403628294645e-02,-2.841077202031000448e-03,5.726924250722845500e+01,2.098519020780816730e-02,9.992082860512395692e-01,-3.379974672222188503e-02,1.593933052349764123e+00,3.551771483577290632e-03,3.373246978035697452e-02,9.994245871509493950e-01,1.397390829532324075e+00,0.000000000000000000e+00,0.000000000000000000e+00,0.000000000000000000e+00,1.000000000000000056e-01
9.997294578253034247e-01,-2.188108223166428806e-02,-7.888561129632020927e-03,5.816749287727139972e+01,2.160041641226249920e-02,9.991862534984522481e-01,-3.406248420981099201e-02,1.616517225141459235e+00,8.627465858620177522e-03,3.388287266596366754e-02,9.993885719642587873e-01,1.424337635414179903e+00,0.000000000000000000e+00,0.000000000000000000e+00,0.000000000000000000e+00,1.000000000000000056e-01
9.996210756865958613e-01,-2.436802009357768098e-02,-1.280252474678562902e-02,5.909941208580951866e+01,2.394160806736390576e-02,9.991860409015435041e-01,-3.246621429498238592e-02,1.631642128622892596e+00,1.358324137758729760e-02,3.214739902726155424e-02,9.993908346034899859e-01,1.454328165050389865e+00,0.000000000000000000e+00,0.000000000000000000e+00,0.000000000000000000e+00,1.000000000000000056e-01
9.995620838582858214e-01,-2.450683436788323594e-02,-1.658479973187506132e-02,6.005203054515619243e+01,2.396722089541771655e-02,9.992008324973238320e-01,-3.198857075902682839e-02,1.669366534801582480e+00,1.735548430414773566e-02,3.157707088886096275e-02,9.993506270367014110e-01,1.483614908717100445e+00,0.000000000000000000e+00,0.000000000000000000e+00,0.000000000000000000e+00,1.000000000000000056e-01
9.995550474211651881e-01,-2.484461456190302509e-02,-1.650612922955023085e-02,6.096082005433261486e+01,2.437076977172295683e-02,9.993019622634768950e-01,-2.831349143249963646e-02,1.700445997849676871e+00,1.719804511000627353e-02,2.789862619619525724e-02,9.994628026598885162e-01,1.508187582704488383e+00,0.000000000000000000e+00,0.000000000000000000e+00,0.000000000000000000e+00,1.000000000000000056e-01
9.995141210487750172e-01,-2.665004265967233638e-02,-1.616468528404946606e-02,6.190444494926397567e+01,2.620448880296405436e-02,9.992871458814008845e-01,-2.717581356241618312e-02,1.730218319486392931e+00,1.687739881231856490e-02,2.673902209209447906e-02,9.994999640354612636e-01,1.542372832368503088e+00,0.000000000000000000e+00,0.000000000000000000e+00,0.000000000000000000e+00,1.000000000000000056e-01
9.995013720569012605e-01,-2.819076264423498249e-02,-1.422280415066370408e-02,6.279128190548262012e+01,2.783504325127983056e-02,9.993093575848265298e-01,-2.461743712494745412e-02,1.757910000302278952e+00,1.490696560575332195e-02,2.420926981422127228e-02,9.995957651128235533e-01,1.579270457786420945e+00,0.000000000000000000e+00,0.000000000000000000e+00,0.000000000000000000e+00,1.000000000000000056e-01
9.994587116334922028e-01,-2.960936441886093812e-02,-1.433768735295250403e-02,6.362018962633010943e+01,2.927525326620507296e-02,9.993072545967778275e-01,-2.297760771817185244e-02,1.792887818448458459e+00,1.500810734634689010e-02,2.254543077791447414e-02,9.996331628477111986e-01,1.609510968591538971e+00,0.000000000000000000e+00,0.000000000000000000e+00,0.000000000000000000e+00,1.000000000000000056e-01
9.994042831011799022e-01,-3.200110795303415245e-02,-1.292315784918492833e-02,6.444141457195051714e+01,3.171345167148691135e-02,9.992574397492809402e-01,-2.188209516459610135e-02,1.823403649400344051e+00,1.361381291545316063e-02,2.145922168883183587e-02,9.996770307966531544e-01,1.635816793277645731e+00,0.000000000000000000e+00,0.000000000000000000e+00,0.000000000000000000e+00,1.000000000000000056e-01
9.994234234412000539e-01,-3.173147120814529681e-02,-1.208033161955792550e-02,6.523388290845409188e+01,3.144923194512735248e-02,9.992434978164139725e-01,-2.287745356633821142e-02,1.854905339324939506e+00,1.279712808146522829e-02,2.248434581180928926e-02,9.996652878370247963e-01,1.664172877049332699e+00,0.000000000000000000e+00,0.000000000000000000e+00,0.000000000000000000e+00,1.000000000000000056e-01
9.993887057105150795e-01,-3.274509209644461266e-02,-1.224638076562996510e-02,6.603229805884006964e+01,3.244602464879938614e-02,9.991884011195436566e-01,-2.387036976377824096e-02,1.881171849046851863e+00,1.301807907300204202e-02,2.345843157087354122e-02,9.996400510211082002e-01,1.690473251277689659e+00,0.000000000000000000e+00,0.000000000000000000e+00,0.000000000000000000e+00,1.000000000000000056e-01
9.993985521597782418e-01,-3.274711546493437597e-02,-1.140878475847870339e-02,6.677918509497962418e+01,3.245786652802985783e-02,9.991684119523711605e-01,-2.467734704187691738e-02,1.907784254430026527e+00,1.220740928238418267e-02,2.429220009185845477e-02,9.996303657719234348e-01,1.720194241980055549e+00,0.000000000000000000e+00,0.000000000000000000e+00,0.000000000000000000e+00,1.000000000000000056e-01
9.994175702309635589e-01,-3.265368713848498805e-02,-9.912468405955172923e-03,6.758306745649979064e+01,3.241112457935164948e-02,9.991931853226393434e-01,-2.371702781335443405e-02,1.945254684393474598e+00,1.067891928702839610e-02,2.338194006192857027e-02,9.996695681883096540e-01,1.736054516284438964e+00,0.000000000000000000e+00,0.000000000000000000e+00,0.000000000000000000e+00,1.000000000000000056e-01
9.993659134871821781e-01,-3.508673632421735467e-02,-6.057383432208831610e-03,6.833209322555187271e+01,3.493505064404454907e-02,9.991119668531355247e-01,-2.355461583972685846e-02,1.972159236797893511e+00,6.878458870124492912e-03,2.332806517853366901e-02,9.997042003405798294e-01,1.757079414139720575e+00,0.000000000000000000e+00,0.000000000000000000e+00,0.000000000000000000e+00,1.000000000000000056e-01
9.993237332946042217e-01,-3.665644588331873344e-02,-2.895004203466349305e-03,6.906387559307081858e+01,3.657872825877013512e-02,9.990559232777678211e-01,-2.343627108944386361e-02,2.003863545229181309e+00,3.751361500284078852e-03,2.331452634754085235e-02,9.997211411929248781e-01,1.782878598788860902e+00,0.000000000000000000e+00,0.000000000000000000e+00,0.000000000000000000e+00,1.000000000000000056e-01
9.992639910748007948e-01,-3.778759776554922734e-02,-6.601029947623106298e-03,6.975828997763370865e+01,3.765415213101010183e-02,9.991046514865257189e-01,-1.928886220809331031e-02,2.039076448192330915e+00,7.323999491746635906e-03,1.902610924748206200e-02,9.997921615007530072e-01,1.808145589848636492e+00,0.000000000000000000e+00,0.000000000000000000e+00,0.000000000000000000e+00,1.000000000000000056e-01
9.991934610869281919e-01,-3.841166066146724234e-02,-1.170348864029517079e-02,7.046156424453322131e+01,3.816911014821555703e-02,9.990653335212263952e-01,-2.028739477148427256e-02,2.071574499146747517e+00,1.247182230544585831e-02,1.982432045112640651e-02,9.997256873598039384e-01,1.821796657026125921e+00,0.000000000000000000e+00,0.000000000000000000e+00,0.000000000000000000e+00,1.000000000000000056e-01
9.991444428773932351e-01,-3.835294762443160199e-02,-1.547364455262989491e-02,7.121658905030685105e+01,3.801577670715514112e-02,9.990452697365971302e-01,-2.152556011539887709e-02,2.101737759979159126e+00,1.628444007558280809e-02,2.091890115296538011e-02,9.996485465332189957e-01,1.861293543808974160e+00,0.000000000000000000e+00,0.000000000000000000e+00,0.000000000000000000e+00,1.000000000000000056e-01
9.990573729083340737e-01,-4.054923221226785363e-02,-1.549598026888186243e-02,7.195009304962901808e+01,4.022698441496056626e-02,9.989788033094435526e-01,-2.057037343634150056e-02,2.136660615199585944e+00,1.631426867427763008e-02,1.992762668828387124e-02,9.996683121576855902e-01,1.882814395618877201e+00,0.000000000000000000e+00,0.000000000000000000e+00,0.000000000000000000e+00,1.000000000000000056e-01
9.990126998315864704e-01,-4.239253303148187574e-02,-1.328528202106131831e-02,7.263319536041950641e+01,4.212888113534567908e-02,9.989212105240906636e-01,-1.953388183053128557e-02,2.180354443011160992e+00,1.409904072936637304e-02,1.895490195859539373e-02,9.997209254298179415e-01,1.904171827437557862e+00,0.000000000000000000e+00,0.000000000000000000e+00,0.000000000000000000e+00,1.000000000000000056e-01
9.990013237875715602e-01,-4.350469609278547617e-02,-1.018314728136464516e-02,7.324654516623172640e+01,4.330574898746295670e-02,9.988811079354539268e-01,-1.900379736460574773e-02,2.198272418110716053e+00,1.099850786763547326e-02,1.854382990416275981e-02,9.997675525826845710e-01,1.929140683658348010e+00,0.000000000000000000e+00,0.000000000000000000e+00,0.000000000000000000e+00,1.000000000000000056e-01
9.989150019951636983e-01,-4.463477201201661998e-02,-1.328743453182242538e-02,7.381911253004089701e+01,4.436258272748882375e-02,9.988128800260120954e-01,-2.011944203724141261e-02,2.216955558632569545e+00,1.416968746122789467e-02,1.950814756911851966e-02,9.997092838098846634e-01,1.947752890161193351e+00,0.000000000000000000e+00,0.000000000000000000e+00,0.000000000000000000e+00,1.000000000000000056e-01
9.989291958441443020e-01,-4.340155691607292671e-02,-1.602393670207492155e-02,7.445459612921568748e+01,4.299682091228861774e-02,9.987675240563577139e-01,-2.479327089694836894e-02,2.233723401777422346e+00,1.708025414353668558e-02,2.407774382274569663e-02,9.995641686108993618e-01,1.975920455936540865e+00,0.000000000000000000e+00,0.000000000000000000e+00,0.000000000000000000e+00,1.000000000000000056e-01
9.988909633467258908e-01,-4.310001872840326514e-02,-1.895340945216090686e-02,7.507278060802070740e+01,4.253812582943296977e-02,9.986706144223999049e-01,-2.911205489321508008e-02,2.248818708101270936e+00,2.018294317410872576e-02,2.827352604111358844e-02,9.993964461263773469e-01,2.006219761082145059e+00,0.000000000000000000e+00,0.000000000000000000e+00,0.000000000000000000e+00,1.000000000000000056e-01
9.990933951214578945e-01,-3.801355266234310304e-02,-1.916657608092164899e-02,7.565979114406620454e+01,3.747461544997256200e-02,9.989126316460934518e-01,-2.773459094258933291e-02,2.265986984842374596e+00,2.020002528600317593e-02,2.699118655901123001e-02,9.994315558489142992e-01,2.027758922553998477e+00,0.000000000000000000e+00,0.000000000000000000e+00,0.000000000000000000e+00,1.000000000000000056e-01
9.992403504987338314e-01,-3.454578762418066690e-02,-1.803636583662524343e-02,7.622213520335648695e+01,3.410217515748446143e-02,9.991216865104816103e-01,-2.434948036363940999e-02,2.308839485201615194e+00,1.886169623061048975e-02,2.371590398606001487e-02,9.995407907201326880e-01,2.039427999506628897e+00,0.000000000000000000e+00,0.000000000000000000e+00,0.000000000000000000e+00,1.000000000000000056e-01
9.994871214222719180e-01,-2.824106053462013821e-02,-1.509756970179894006e-02,7.677046642220091144e+01,2.780493935314974630e-02,9.992111078286360915e-01,-2.835572851184534060e-02,2.313289814199828598e+00,1.588645519266084633e-02,2.792139845619726751e-02,9.994838748322365518e-01,2.064538196324101627e+00,0.000000000000000000e+00,0.000000000000000000e+00,0.000000000000000000e+00,1.000000000000000056e-01
9.997089159895010679e-01,-2.092364282233840148e-02,-1.201184674143887868e-02,7.732480621341760241e+01,2.054470106853369463e-02,9.993129113920871109e-01,-3.084834490009375277e-02,2.304083918890450278e+00,1.264905328873270826e-02,3.059258563955908131e-02,9.994518973691455255e-01,2.086450071698679132e+00,0.000000000000000000e+00,0.000000000000000000e+00,0.000000000000000000e+00,1.000000000000000056e-01
9.998564956192934616e-01,-1.309793906075360122e-02,-1.074393597647209202e-02,7.785459865773376009e+01,1.272869962340882934e-02,9.993494442391606114e-01,-3.374416252891496854e-02,2.303539804380525968e+00,1.117892543148840158e-02,3.360256375995115258e-02,9.993727529480457283e-01,2.107601678811530821e+00,0.000000000000000000e+00,0.000000000000000000e+00,0.000000000000000000e+00,1.000000000000000056e-01
9.999522607487306702e-01,-1.161439302162804114e-03,-9.701921575132584422e-03,7.833317013470113466e+01,8.624948680600874606e-04,9.995264129724481528e-01,-3.076045957123398414e-02,2.306190937557047071e+00,9.733053277630897629e-03,3.075062323235647557e-02,9.994796980653065654e-01,2.125403659369824894e+00,0.000000000000000000e+00,0.000000000000000000e+00,0.000000000000000000e+00,1.000000000000000056e-01
9.998688529520650681e-01,1.279881873688751281e-02,-9.923060780925332253e-03,7.881823046509941832e+01,-1.306232248157939910e-02,9.995511396381182578e-01,-2.696098995820152625e-02,2.307572935327060204e+00,9.573537888830165737e-03,2.708707232388386441e-02,9.995872337546192199e-01,2.137036153692182694e+00,0.000000000000000000e+00,0.000000000000000000e+00,0.000000000000000000e+00,1.000000000000000056e-01
9.994980616419658626e-01,2.994175596239076823e-02,-1.034968713738350712e-02,7.928231967124477819e+01,-3.016304100269913760e-02,9.993043816598438100e-01,-2.193042983862175319e-02,2.291732393750900432e+00,9.685852126817520030e-03,2.223160015216757782e-02,9.997059268721235625e-01,2.142367713333614088e+00,0.000000000000000000e+00,0.000000000000000000e+00,0.000000000000000000e+00,1.000000000000000056e-01
9.986266540745508680e-01,5.165918650212949353e-02,-8.725492639706948494e-03,7.976413191564905958e+01,-5.184014241166532561e-02,9.984136742458629143e-01,-2.197122467260534395e-02,2.281477200834637120e+00,7.576635572972740401e-03,2.239338136177843747e-02,9.997205264795658852e-01,2.162915449899518450e+00,0.000000000000000000e+00,0.000000000000000000e+00,0.000000000000000000e+00,1.000000000000000056e-01
9.970760404385536901e-01,7.603387145691771487e-02,-7.630201481517412399e-03,8.024094285725865916e+01,-7.619936324280492113e-02,9.967928414161382200e-01,-2.444766538818570617e-02,2.239017094374717409e+00,5.746879567792319982e-03,2.495759789752481639e-02,9.996719920466006215e-01,2.182360782657477571e+00,0.000000000000000000e+00,0.000000000000000000e+00,0.000000000000000000e+00,1.000000000000000056e-01
9.945560336623987530e-01,1.040248839610120740e-01,-6.092571100566190542e-03,8.071233040232667122e+01,-1.041499631833267409e-01,9.942156740254372016e-01,-2.622934789615080642e-02,2.203850339401155267e+00,3.328824812027210856e-03,2.672109726496269683e-02,9.996373851984164949e-01,2.194158082992593517e+00,0.000000000000000000e+00,0.000000000000000000e+00,0.000000000000000000e+00,1.000000000000000056e-01
9.908336208924402033e-01,1.350577627030550287e-01,-2.852445060164742873e-03,8.120961824855855582e+01,-1.350855675371325226e-01,9.904721517312272683e-01,-2.677323454653082052e-02,2.132051919729661016e+00,-7.906657617421110860e-04,2.691314508856254561e-02,9.996374630180159260e-01,2.204710462993038078e+00,0.000000000000000000e+00,0.000000000000000000e+00,0.000000000000000000e+00,1.000000000000000056e-01
