1.000000000000000000e+00,-1.879669110298347829e-12,1.236630684068514885e-12,1.317539877048353708e-19,1.879669110298740416e-12,1.000000000000000000e+00,-3.175622650081939821e-13,4.264980162042817232e-19,-1.236630684067917926e-12,3.175622650105184081e-13,1.000000000000000000e+00,-3.868506257878404219e-19,0.000000000000000000e+00,0.000000000000000000e+00,0.000000000000000000e+00,1.000000000000000056e-01
9.999920400268748066e-01,-3.985838597700876867e-03,-1.815862393459168034e-04,6.556251857260928517e-01,3.985289938606416046e-03,9.999877726893044994e-01,-2.927786875627975006e-03,7.032275710899355166e-03,1.932537049692703525e-04,2.927039896710473873e-03,9.999956975359687306e-01,2.038987278668803228e-03,0.000000000000000000e+00,0.000000000000000000e+00,0.000000000000000000e+00,1.000000000000000056e-01
9.999535761926314770e-01,-9.343435043060137682e-03,-2.354926997442592738e-03,1.325919244754558246e+00,9.340157395863206771e-03,9.999554011328743997e-01,-1.399001434126600748e-03,9.435943785103160023e-03,2.367893449391253197e-03,1.376941098341633246e-03,9.999962485498753439e-01,6.223984559494960891e-03,0.000000000000000000e+00,0.000000000000000000e+00,0.000000000000000000e+00,1.000000000000000056e-01
9.998859202420933290e-01,-1.492715047760611105e-02,-2.307960190544284303e-03,2.043405704432670333e+00,1.492544275668144377e-02,9.998883240371689851e-01,-7.553890774345316337e-04,3.365161894801422713e-04,2.318978253295834579e-03,7.208555751227843124e-04,9.999970513492030255e-01,4.944599021450120369e-03,0.000000000000000000e+00,0.000000000000000000e+00,0.000000000000000000e+00,1.000000000000000056e-01
9.997912161060661385e-01,-1.996322751056774092e-02,-4.358181331083327455e-03,2.738281658809388119e+00,1.996446759669324306e-02,9.998006610555132401e-01,2.412188619491777977e-04,8.615694968674520934e-03,4.352497068795975303e-03,-3.281772693008162649e-04,9.999904739891005701e-01,1.026308852215785349e-02,0.000000000000000000e+00,0.000000000000000000e+00,0.000000000000000000e+00,1.000000000000000056e-01
9.996853735215196490e-01,-2.430489264836174432e-02,-6.198883810117405968e-03,3.444250270460479602e+00,2.430455979735228825e-02,9.997045922290133113e-01,-1.290320858868827640e-04,1.028727263475814023e-02,6.200188722664128765e-03,-2.166965326374825683e-05,9.999807784103800223e-01,2.508598164380640774e-02,0.000000000000000000e+00,0.000000000000000000e+00,0.000000000000000000e+00,1.000000000000000056e-01
9.995195838688339940e-01,-3.000769509672743598e-02,-7.754978894543412479e-03,4.165172508017624509e+00,3.000904657631535757e-02,9.995496254644496981e-01,5.794358437137832438e-05,4.503887696541723773e-02,7.749747496112952341e-03,-2.906352701834446529e-04,9.999699280202811735e-01,4.343337985032913462e-02,0.000000000000000000e+00,0.000000000000000000e+00,0.000000000000000000e+00,1.000000000000000056e-01
9.993677132603088209e-01,-3.450876953959907539e-02,-8.562623296865218281e-03,4.933997798605398444e+00,3.453816211045151324e-02,9.993979022648928900e-01,3.308822534349886279e-03,7.331284466551561685e-02,8.443284366486288051e-03,-3.602467681255285079e-03,9.999578657002065052e-01,5.544213999545034161e-02,0.000000000000000000e+00,0.000000000000000000e+00,0.000000000000000000e+00,1.000000000000000056e-01
9.992706100583481632e-01,-3.753548688045508369e-02,-7.023894807287743743e-03,5.704675208545953780e+00,3.756371038658491007e-02,9.992865055178122846e-01,3.930337389095692191e-03,1.090416965093848889e-01,6.871356169595113465e-03,-4.191314190863581687e-03,9.999676081502560931e-01,6.069141467948114405e-02,0.000000000000000000e+00,0.000000000000000000e+00,0.000000000000000000e+00,1.000000000000000056e-01
9.990770304479550390e-01,-4.263702171852983697e-02,-5.212639472436355476e-03,6.498387886599957142e+00,4.265805366262503256e-02,9.990817538601948211e-01,3.992438021268362135e-03,1.633505476818836177e-01,5.037627319739891932e-03,-4.211114176875412930e-03,9.999784441818617697e-01,7.183228713843517466e-02,0.000000000000000000e+00,0.000000000000000000e+00,0.000000000000000000e+00,1.000000000000000056e-01
9.988430502244310949e-01,-4.796787320622059037e-02,-3.412353795622389500e-03,7.323917846370953555e+00,4.797708104424878994e-02,9.988448690509821315e-01,2.669693802666434079e-03,1.980043727886903193e-01,3.280352546318330686e-03,-2.830319875624826530e-03,9.999906142442405166e-01,9.215930902380864431e-02,0.000000000000000000e+00,0.000000000000000000e+00,0.000000000000000000e+00,1.000000000000000056e-01
9.987640369480507152e-01,-4.961856371614063732e-02,-2.897694597448643213e-03,8.140520263624955177e+00,4.962766933654512436e-02,9.987627895701541858e-01,3.159842759757717189e-03,2.446805981445276112e-01,2.737322680162147890e-03,-3.299743140177161492e-03,9.999908093376426166e-01,1.071309137611386325e-01,0.000000000000000000e+00,0.000000000000000000e+00,0.000000000000000000e+00,1.000000000000000056e-01
9.986080644190463707e-01,-5.261593425540490865e-02,-3.673845352841578239e-03,8.987903148759782468e+00,5.262799112022246983e-02,9.986088460868487449e-01,3.266047725022474136e-03,2.951800617638207225e-01,3.496888316127862682e-03,-3.454848697591340109e-03,9.999879178233010979e-01,1.160456084122474529e-01,0.000000000000000000e+00,0.000000000000000000e+00,0.000000000000000000e+00,1.000000000000000056e-01
9.986187314146192096e-01,-5.242991165135955228e-02,-3.425438962720852958e-03,9.668653868223643144e+00,5.244745825631096786e-02,9.986098801748459763e-01,5.250841802254348038e-03,3.771959435208803724e-01,3.145376020321458133e-03,-5.423244546432933431e-03,9.999803473210262528e-01,1.338679897138741470e-01,0.000000000000000000e+00,0.000000000000000000e+00,0.000000000000000000e+00,1.000000000000000056e-01
9.983563820793971422e-01,-5.717919742395436572e-02,-3.882491891724913161e-03,1.042329542758909966e+01,5.720030239338610295e-02,9.983472301596864051e-01,5.561783759481991884e-03,4.408153924754665276e-01,3.558056694608244166e-03,-5.774722022270924182e-03,9.999769961444729960e-01,1.406812393035249686e-01,0.000000000000000000e+00,0.000000000000000000e+00,0.000000000000000000e+00,1.000000000000000056e-01
9.982162066082925778e-01,-5.953766289041718951e-02,-4.435263475558568272e-03,1.125049844735496585e+01,5.955556636448440522e-02,9.982168967013503869e-01,4.020156082926857645e-03,4.916951565885793740e-01,4.188004244992760833e-03,-4.277129583335102618e-03,9.999820832309803675e-01,1.619898295231084751e-01,0.000000000000000000e+00,0.000000000000000000e+00,0.000000000000000000e+00,1.000000000000000056e-01
9.980140302879239034e-01,-6.274361986539822578e-02,-5.588695253931420456e-03,1.214233563538913074e+01,6.277035780220333039e-02,9.980167187494328740e-01,4.744605146764925563e-03,5.561422450652743210e-01,5.279917597679133906e-03,-5.085986905384439968e-03,9.999731272426074513e-01,1.751724404602044705e-01,0.000000000000000000e+00,0.000000000000000000e+00,0.000000000000000000e+00,1.000000000000000056e-01
9.978755574525189909e-01,-6.475053439782535447e-02,-7.193061519312198004e-03,1.304138398487040895e+01,6.480106569604685007e-02,9.978734457696589732e-01,7.029090442155556083e-03,6.337941451675336291e-01,6.722627721448982269e-03,-7.480275595418805178e-03,9.999494245978320928e-01,1.884559367107900563e-01,0.000000000000000000e+00,0.000000000000000000e+00,0.000000000000000000e+00,1.000000000000000056e-01
9.980218256686950173e-01,-6.197645829275181401e-02,-1.055244551806784094e-02,1.391672985017123487e+01,6.208289079484161782e-02,9.980201341771557377e-01,1.007603332506589941e-02,6.963216119698028006e-01,9.907076232711869643e-03,-1.071122749729760265e-02,9.998935540576409098e-01,1.944823714028522110e-01,0.000000000000000000e+00,0.000000000000000000e+00,0.000000000000000000e+00,1.000000000000000056e-01
9.970360031549345692e-01,-7.655438661831014124e-02,-7.657303854983961953e-03,1.488514494208733829e+01,7.662644781753767675e-02,9.970135872866129345e-01,9.606990202220397693e-03,7.836244573680744008e-01,6.898978743222073350e-03,-1.016526710783739913e-02,9.999245328708196157e-01,2.066796833896413221e-01,0.000000000000000000e+00,0.000000000000000000e+00,0.000000000000000000e+00,1.000000000000000056e-01
9.966709594138970507e-01,-8.122466948403650466e-02,-7.039298842289210857e-03,1.584678590009506216e+01,8.127813180976198315e-02,9.966619169354834495e-01,7.673892102612297865e-03,8.795247310862884804e-01,6.392491728346852593e-03,-8.220486463501213911e-03,9.999457783559098090e-01,2.180312121884184218e-01,0.000000000000000000e+00,0.000000000000000000e+00,0.000000000000000000e+00,1.000000000000000056e-01
9.965333492694878892e-01,-8.295230942259758378e-02,-6.340201510559263440e-03,1.675517995897613943e+01,8.299988202907106205e-02,9.965201988541323441e-01,7.649369835539205145e-03,9.722189726420360500e-01,5.683605976592254541e-03,-8.149088119427832719e-03,9.999506432749191154e-01,2.368720755741136608e-01,0.000000000000000000e+00,0.000000000000000000e+00,0.000000000000000000e+00,1.000000000000000056e-01
9.963159781583039720e-01,-8.559133049727499221e-02,-5.347505041431929729e-03,1.764713566191638350e+01,8.563382351256737524e-02,9.962921129398125686e-01,8.299033952350678284e-03,1.060752167620585329e+00,4.617351738860764679e-03,-8.726387432955787921e-03,9.999512639250422996e-01,2.597186354971622313e-01,0.000000000000000000e+00,0.000000000000000000e+00,0.000000000000000000e+00,1.000000000000000056e-01
9.962621489619984949e-01,-8.620322395060665832e-02,-5.543890884771155748e-03,1.855631466542471131e+01,8.624393256465016921e-02,9.962452246780516552e-01,7.578680753429488902e-03,1.144923044353820529e+00,4.869768105851408381e-03,-8.028479725320582933e-03,9.999559134641363700e-01,2.634035839025112846e-01,0.000000000000000000e+00,0.000000000000000000e+00,0.000000000000000000e+00,1.000000000000000056e-01
9.960667311042799010e-01,-8.841739455610780896e-02,-5.782000271860356089e-03,1.949416511803295649e+01,8.844385216999481325e-02,9.960710348772705558e-01,4.492047623908246995e-03,1.229936287024658625e+00,5.362107847324682278e-03,-4.985761570002321397e-03,9.999731946312364617e-01,2.811897379117875850e-01,0.000000000000000000e+00,0.000000000000000000e+00,0.000000000000000000e+00,1.000000000000000056e-01
9.959249696177904232e-01,-9.009468866765996120e-02,-4.049934034107640149e-03,2.042570571202604057e+01,9.010492434354080982e-02,9.959293382386076310e-01,2.419885256319506510e-03,1.313191025365683773e+00,3.815429313719270136e-03,-2.774943150118143811e-03,9.999888710329059016e-01,2.994209060377243659e-01,0.000000000000000000e+00,0.000000000000000000e+00,0.000000000000000000e+00,1.000000000000000056e-01
9.960325992545204787e-01,-8.898846625726720971e-02,3.377801994044713233e-04,2.134854896984362327e+01,8.898718833638742665e-02,9.960288728096409194e-01,2.786546525785393510e-03,1.408868609611166223e+00,-5.844093327544099990e-04,-2.745433068800971245e-03,9.999960605237385725e-01,3.072142572614212641e-01,0.000000000000000000e+00,0.000000000000000000e+00,0.000000000000000000e+00,1.000000000000000056e-01
9.959165920121887394e-01,-9.022998364904866175e-02,2.948186819044635709e-03,2.229740579077193630e+01,9.022806333161711989e-02,9.959208256128501136e-01,7.782660500418062078e-04,1.502147732066348329e+00,-3.006383583853737985e-03,-5.090788852142249946e-04,9.999953512374122333e-01,3.169136584622365693e-01,0.000000000000000000e+00,0.000000000000000000e+00,0.000000000000000000e+00,1.000000000000000056e-01
9.959782311624113538e-01,-8.934749273413951365e-02,6.662476470284915686e-03,2.327495591018920607e+01,8.934517313635213787e-02,9.960005136869458653e-01,6.455792556107170206e-04,1.595532585912717627e+00,-6.693510874680955874e-03,-4.772277132383015257e-05,9.999775970664080971e-01,3.281840232399588220e-01,0.000000000000000000e+00,0.000000000000000000e+00,0.000000000000000000e+00,1.000000000000000056e-01
9.961572044817341709e-01,-8.721697749760991270e-02,8.001424580526144553e-03,2.420775378406244016e+01,8.722992362501054420e-02,9.961873793231817986e-01,-1.282849011379356193e-03,1.690775305371176040e+00,-7.859031970368125092e-03,1.975882939998393779e-03,9.999671652124864085e-01,3.390146925866242000e-01,0.000000000000000000e+00,0.000000000000000000e+00,0.000000000000000000e+00,1.000000000000000056e-01
9.962079340789007365e-01,-8.681357968507316669e-02,5.757991013540258822e-03,2.516500094630912443e+01,8.683117594621841961e-02,9.962188796588890005e-01,-2.879356696379331820e-03,1.769154034275933762e+00,-5.486252094592151442e-03,3.368411116769761803e-03,9.999792772075344338e-01,3.444260034949543914e-01,0.000000000000000000e+00,0.000000000000000000e+00,0.000000000000000000e+00,1.000000000000000056e-01
9.965007082739117950e-01,-8.358058147182308162e-02,7.904495076025860835e-04,2.610849788243764635e+01,8.358314159769543450e-02,9.964923074703129213e-01,-4.115773700169638935e-03,1.869259983674594006e+00,-4.436780947030583054e-04,4.167439660433959470e-03,9.999912177596486096e-01,3.469623458888633771e-01,0.000000000000000000e+00,0.000000000000000000e+00,0.000000000000000000e+00,1.000000000000000056e-01
9.965319920849610158e-01,-8.320354282429617832e-02,-1.076667388177277550e-03,2.706228539429386259e+01,8.319694820396464352e-02,9.965197691508457245e-01,-5.159215162399263289e-03,1.954067921058076474e+00,1.502185316823109913e-03,5.051747522453590468e-03,9.999861115466770478e-01,3.558884464283889604e-01,0.000000000000000000e+00,0.000000000000000000e+00,0.000000000000000000e+00,1.000000000000000056e-01
9.966198367709501182e-01,-8.212516985733242514e-02,2.087445939195347201e-03,2.804116600525418690e+01,8.213862372188751593e-02,9.965927869938123740e-01,-7.487549998490103560e-03,2.034747241562755438e+00,-1.465417250800338288e-03,7.633700793848883538e-03,9.999697891258870763e-01,3.635265972529651557e-01,0.000000000000000000e+00,0.000000000000000000e+00,0.000000000000000000e+00,1.000000000000000056e-01
9.966203441389931417e-01,-8.175780082505568203e-02,7.971929034136935460e-03,2.904250865202476817e+01,8.182814384431208454e-02,9.966063822888753254e-01,-8.937206279066375533e-03,2.110613287958843287e+00,-7.214189023678513335e-03,9.559329753206306443e-03,9.999282847741632896e-01,3.814563819705412140e-01,0.000000000000000000e+00,0.000000000000000000e+00,0.000000000000000000e+00,1.000000000000000056e-01
9.967564406603002247e-01,-7.982059224729776137e-02,1.026016839530604491e-02,2.998438285546694360e+01,7.993389456629698686e-02,9.967377783304184335e-01,-1.115229789800100194e-02,2.180187712494238816e+00,-9.336514428496589524e-03,1.193625997673767106e-02,9.998851710051980257e-01,3.865244807786702985e-01,0.000000000000000000e+00,0.000000000000000000e+00,0.000000000000000000e+00,1.000000000000000056e-01
9.966471949563234789e-01,-8.128777063542795556e-02,9.309518291201950707e-03,3.088834307667144685e+01,8.145263465393552671e-02,9.964967999824049238e-01,-1.896301486471659373e-02,2.243793945721114902e+00,-7.735443983681117297e-03,1.965772036501226352e-02,9.997768435688167976e-01,3.985177568299044237e-01,0.000000000000000000e+00,0.000000000000000000e+00,0.000000000000000000e+00,1.000000000000000056e-01
9.966537062589790885e-01,-8.141164516712061372e-02,7.316681722170849389e-03,3.182328199586987694e+01,8.155999976281581854e-02,9.964030830779726511e-01,-2.299701005348691804e-02,2.320272312552635441e+00,-5.418139803492103349e-03,2.351680386220758937e-02,9.997087594380557052e-01,4.069616118164812724e-01,0.000000000000000000e+00,0.000000000000000000e+00,0.000000000000000000e+00,1.000000000000000056e-01
9.968317777017684511e-01,-7.945455542365836843e-02,3.657948381383072101e-03,3.279185691963292726e+01,7.952111924227256434e-02,9.965240503125021299e-01,-2.482355218783129785e-02,2.387659422473283666e+00,-1.672889233729802977e-03,2.503578980568654105e-02,9.996851557717645331e-01,4.066976912623123108e-01,0.000000000000000000e+00,0.000000000000000000e+00,0.000000000000000000e+00,1.000000000000000056e-01
9.966917596703868121e-01,-8.116236762828467344e-02,4.266882482451528000e-03,3.373771455930958751e+01,8.124487698087824727e-02,9.963712288203808720e-01,-2.537014669500624667e-02,2.465092791494109647e+00,-2.192297769428779106e-03,2.563287849492026579e-02,9.996690199113679176e-01,4.091449219499849743e-01,0.000000000000000000e+00,0.000000000000000000e+00,0.000000000000000000e+00,1.000000000000000056e-01
9.966756474120453957e-01,-8.129475042025788301e-02,5.368184971493009973e-03,3.469958708617233611e+01,8.140722180735776581e-02,9.963443880862821178e-01,-2.589835065365735794e-02,2.554124778437197207e+00,-3.243161017870781725e-03,2.624926442931536930e-02,9.996501678204890995e-01,4.255390307353622004e-01,0.000000000000000000e+00,0.000000000000000000e+00,0.000000000000000000e+00,1.000000000000000056e-01
9.966144754571046871e-01,-8.201111370294615621e-02,5.810726164822262174e-03,3.567151109748773052e+01,8.213021713942529611e-02,9.963174699834770331e-01,-2.461963521976420766e-02,2.634852264019098111e+00,-3.770244287969368256e-03,2.501352104214515926e-02,9.996800033126016505e-01,4.282970447804679837e-01,0.000000000000000000e+00,0.000000000000000000e+00,0.000000000000000000e+00,1.000000000000000056e-01
9.966893808402039756e-01,-8.116911050329295163e-02,4.674785607379071395e-03,3.663456417481243932e+01,8.125672882301598898e-02,9.964190954669436273e-01,-2.337370766097627076e-02,2.710953877101706322e+00,-2.760822586401093931e-03,2.367618400296291406e-02,9.997158677192756748e-01,4.456232504821990847e-01,0.000000000000000000e+00,0.000000000000000000e+00,0.000000000000000000e+00,1.000000000000000056e-01
9.965064600966767605e-01,-8.323748130619880448e-02,6.811511681747479778e-03,3.762575957261449133e+01,8.337309335399754884e-02,9.962549418933692724e-01,-2.291327252107221504e-02,2.806207143321651110e+00,-4.878759081568754229e-03,2.340112088852830743e-02,9.997142517994751509e-01,4.577034965889970053e-01,0.000000000000000000e+00,0.000000000000000000e+00,0.000000000000000000e+00,1.000000000000000056e-01
9.966616565681719608e-01,-8.104084582702170136e-02,9.895637141089146105e-03,3.861149031339866156e+01,8.124752013313552013e-02,9.964363052758918871e-01,-2.266120032887534996e-02,2.891780807568808509e+00,-8.023889269110118933e-03,2.338954543745095510e-02,9.996942264338763984e-01,4.807882013820794498e-01,0.000000000000000000e+00,0.000000000000000000e+00,0.000000000000000000e+00,1.000000000000000056e-01
9.967036618478120058e-01,-8.031604716217467799e-02,1.145176961896388242e-02,3.960399405575517306e+01,8.051000388666305907e-02,9.965980165125000179e-01,-1.762193966395998734e-02,2.978516269372360359e+00,-9.997486350677904990e-03,1.848583380846207519e-02,9.997791377174630734e-01,4.864139526494957733e-01,0.000000000000000000e+00,0.000000000000000000e+00,0.000000000000000000e+00,1.000000000000000056e-01
9.965753801029750836e-01,-8.210533407931902561e-02,9.809479513926990663e-03,4.059986999308419797e+01,8.228185629272521950e-02,9.964241493093564106e-01,-1.919923952006340542e-02,3.059171126173367838e+00,-8.198042304968591182e-03,1.994063160606662430e-02,9.997675546413361536e-01,5.011754694519109377e-01,0.000000000000000000e+00,0.000000000000000000e+00,0.000000000000000000e+00,1.000000000000000056e-01
9.965624462368937175e-01,-8.240982994692169772e-02,8.480016418479098539e-03,4.160618602233970620e+01,8.253098713957274235e-02,9.964741530307270612e-01,-1.509630761023094889e-02,3.136646618291603517e+00,-7.206033035305067606e-03,1.574427736717325457e-02,9.998500841716619902e-01,5.270035911532672257e-01,0.000000000000000000e+00,0.000000000000000000e+00,0.000000000000000000e+00,1.000000000000000056e-01
9.964854106913642040e-01,-8.350593616649285011e-02,6.601886413816620246e-03,4.263091075996980805e+01,8.359064489329709469e-02,9.964044873846042982e-01,-1.380947523067690801e-02,3.195115231127797717e+00,-5.424976090824662651e-03,1.431279653951652610e-02,9.998828498827412314e-01,5.324522929195154575e-01,0.000000000000000000e+00,0.000000000000000000e+00,0.000000000000000000e+00,1.000000000000000056e-01
9.965582391289862230e-01,-8.246759149762256103e-02,8.412631973139747879e-03,4.365046710052014589e+01,8.258466278465653732e-02,9.964760097115782367e-01,-1.467431572630285321e-02,3.282154565364917786e+00,-7.172830464942454159e-03,1.531856461526032685e-02,9.998569358069430146e-01,5.456874648368561509e-01,0.000000000000000000e+00,0.000000000000000000e+00,0.000000000000000000e+00,1.000000000000000056e-01
9.966477706617808963e-01,-8.130709500050725680e-02,9.076207218920363806e-03,4.464119442782420322e+01,8.145701844435271344e-02,9.965215609931219465e-01,-1.759353921154041545e-02,3.370137346871136419e+00,-7.614156621627696762e-03,1.827388241206874542e-02,9.998040257173058665e-01,5.639030334190771043e-01,0.000000000000000000e+00,0.000000000000000000e+00,0.000000000000000000e+00,1.000000000000000056e-01
9.964944217280469196e-01,-8.302912341852868028e-02,1.024851839224074843e-02,4.562227451591431304e+01,8.319004684277582495e-02,9.963983212483926710e-01,-1.642563605105014715e-02,3.463925018177024473e+00,-8.847800358401481519e-03,1.722062942332613575e-02,9.998125656097158753e-01,5.751792642435203939e-01,0.000000000000000000e+00,0.000000000000000000e+00,0.000000000000000000e+00,1.000000000000000056e-01
9.958493816326087211e-01,-9.058764191655634124e-02,8.825431091379240880e-03,4.653457343085255360e+01,9.071707312662739831e-02,9.957549134863432627e-01,-1.557449553414913188e-02,3.535795640769708204e+00,-7.377109548397512914e-03,1.631046902461289957e-02,9.998397605891196083e-01,5.864313632633968432e-01,0.000000000000000000e+00,0.000000000000000000e+00,0.000000000000000000e+00,1.000000000000000056e-01
9.960724186818591397e-01,-8.845238848551581490e-02,3.988948793656321191e-03,4.748212554984569067e+01,8.850391548838512645e-02,9.959560426025103608e-01,-1.544726988083589513e-02,3.632062628973975471e+00,-2.606469738133702745e-03,1.573963705915689890e-02,9.998727269711631394e-01,5.855917032993793736e-01,0.000000000000000000e+00,0.000000000000000000e+00,0.000000000000000000e+00,1.000000000000000056e-01
9.962318970824635134e-01,-8.669366961762066393e-02,2.492966848270021171e-03,4.843192323784796116e+01,8.672452604598783477e-02,9.960711048502463028e-01,-1.792235097604293753e-02,3.723376089645164200e+00,-9.294178686232485061e-04,1.807101908140557739e-02,9.998362738227619673e-01,5.898787834557720489e-01,0.000000000000000000e+00,0.000000000000000000e+00,0.000000000000000000e+00,1.000000000000000056e-01
9.963892315985810599e-01,-8.479635050195410972e-02,4.251834420442507541e-03,4.940479244583737994e+01,8.485937762553788510e-02,9.962320570465611480e-01,-1.790459554929282882e-02,3.829716960081886334e+00,-2.717569391105249723e-03,1.820075422412884697e-02,9.998306593430096312e-01,6.019032465414757560e-01,0.000000000000000000e+00,0.000000000000000000e+00,0.000000000000000000e+00,1.000000000000000056e-01
9.964782264243577936e-01,-8.366311035758546011e-02,5.623897888551230087e-03,5.042192591334299578e+01,8.374787250254449311e-02,9.963409041001933808e-01,-1.706155526635171407e-02,3.927452125915740222e+00,-4.175896725725474629e-03,1.747245781519303140e-02,9.998386245311952081e-01,6.260734995531268554e-01,0.000000000000000000e+00,0.000000000000000000e+00,0.000000000000000000e+00,1.000000000000000056e-01
9.965851574890499665e-01,-8.239393233802445871e-02,5.409601316403953378e-03,5.136667741023135392e+01,8.248034627539944930e-02,9.964230176971058395e-01,-1.838918926117661529e-02,4.013676043644145430e+00,-3.875093652492951624e-03,1.877257886573449608e-02,9.998162700876167541e-01,6.339297796864381551e-01,0.000000000000000000e+00,0.000000000000000000e+00,0.000000000000000000e+00,1.000000000000000056e-01
9.966980663134423768e-01,-8.107433074967294873e-02,4.462902703101309307e-03,5.232276886050676978e+01,8.114780612913848057e-02,9.965019652551508900e-01,-1.997164998315894072e-02,4.101222220879466640e+00,-2.828103158031651347e-03,2.026785968262788742e-02,9.997905859210781676e-01,6.503150168883760074e-01,0.000000000000000000e+00,0.000000000000000000e+00,0.000000000000000000e+00,1.000000000000000056e-01
9.966604108988986743e-01,-8.156258617920132681e-02,3.945869054937491474e-03,5.330648775042265441e+01,8.162992294068212307e-02,9.964206711129349747e-01,-2.196364859367727976e-02,4.189678343528911775e+00,-2.140333510613080803e-03,2.221240001910198755e-02,9.997509831242251677e-01,6.730586420756597965e-01,0.000000000000000000e+00,0.000000000000000000e+00,0.000000000000000000e+00,1.000000000000000056e-01
9.966448393208394707e-01,-8.171247064551064032e-02,4.704933171105499246e-03,5.426385053982603779e+01,8.180190702047508700e-02,9.963637466531503062e-01,-2.382713501683397100e-02,4.269094891951729309e+00,-2.740850771485698646e-03,2.413206365612876464e-02,9.997050221143960469e-01,6.736645449228501059e-01,0.000000000000000000e+00,0.000000000000000000e+00,0.000000000000000000e+00,1.000000000000000056e-01
9.965616773990484401e-01,-8.236104050572169710e-02,9.026746169570014702e-03,5.521340399414646782e+01,8.257318755906757624e-02,9.962352872446865737e-01,-2.639926409640696442e-02,4.341932096994535861e+00,-6.818492203561040202e-03,2.705386211452379813e-02,9.996107225859266476e-01,6.912710795735500513e-01,0.000000000000000000e+00,0.000000000000000000e+00,0.000000000000000000e+00,1.000000000000000056e-01
9.963420459437741794e-01,-8.440978696768425271e-02,1.332348860637780699e-02,5.616292113207873626e+01,8.472784213361736483e-02,9.960790406561667032e-01,-2.545068825928808315e-02,4.429665736789269559e+00,-1.112296057508672248e-02,2.648646125024651382e-02,9.995872883938071718e-01,7.178880296134027006e-01,0.000000000000000000e+00,0.000000000000000000e+00,0.000000000000000000e+00,1.000000000000000056e-01
9.961835127623500652e-01,-8.614308560528322056e-02,1.406334607643795406e-02,5.711988747173106162e+01,8.644330110421874491e-02,9.960059631640112432e-01,-2.235345691242425145e-02,4.504305502540209005e+00,-1.208158080179043067e-02,2.348382728881898487e-02,9.996512118039965200e-01,7.159885802777360420e-01,0.000000000000000000e+00,0.000000000000000000e+00,0.000000000000000000e+00,1.000000000000000056e-01
9.961736438620145684e-01,-8.692969587877638626e-02,9.016609623332600895e-03,5.801516272661122287e+01,8.711551564522207469e-02,9.959370166594301299e-01,-2.281108900033279249e-02,4.586553725353835098e+00,-6.997014259181947790e-03,2.350929224663052611e-02,9.996991322240503797e-01,7.286720046609728163e-01,0.000000000000000000e+00,0.000000000000000000e+00,0.000000000000000000e+00,1.000000000000000056e-01
9.959861321789840183e-01,-8.941938926605168259e-02,3.974585567548658341e-03,5.894456419731938013e+01,8.948434508452492164e-02,9.957581787317107969e-01,-2.140564116535791789e-02,4.663604428734924312e+00,-2.043646726101035292e-03,2.167538493759056661e-02,9.997629725069168138e-01,7.439736689593103858e-01,0.000000000000000000e+00,0.000000000000000000e+00,0.000000000000000000e+00,1.000000000000000056e-01
9.959842344762817046e-01,-8.952870184159568423e-02,1.273626855804159018e-04,5.989312538412819720e+01,8.951154658612998916e-02,9.957634501125957049e-01,-2.104363199685642394e-02,4.764536824853916386e+00,1.757185947501660548e-03,2.097052613595330045e-02,9.997785501455446200e-01,7.580296237808387128e-01,0.000000000000000000e+00,0.000000000000000000e+00,0.000000000000000000e+00,1.000000000000000056e-01
9.959537868204827449e-01,-8.986683393661230868e-02,-8.170770917747399720e-05,6.079832713195695248e+01,8.985207926662804045e-02,9.958059399822639657e-01,-1.723756791149470488e-02,4.855879886549528734e+00,1.630450675114643744e-03,1.716047942946668028e-02,9.998514187499795147e-01,7.681428243716671433e-01,0.000000000000000000e+00,0.000000000000000000e+00,0.000000000000000000e+00,1.000000000000000056e-01
9.957955499144531819e-01,-9.160352561014126205e-02,1.298705660470540930e-04,6.173851610332768303e+01,9.159393879153568396e-02,9.956687239839500103e-01,-1.594811765774216059e-02,4.948258662686260578e+00,1.331595743515386066e-03,1.589295994976909140e-02,9.998728122500435411e-01,7.873789877269075088e-01,0.000000000000000000e+00,0.000000000000000000e+00,0.000000000000000000e+00,1.000000000000000056e-01
9.956571082994876143e-01,-9.307812531838685621e-02,1.839913018867651894e-03,6.262222680137283248e+01,9.309431693471462155e-02,9.955706206332594066e-01,-1.313725566340401447e-02,5.034813659242211692e+00,-6.089722171272761702e-04,1.325148743052668131e-02,9.999120097457162570e-01,8.102552163680906139e-01,0.000000000000000000e+00,0.000000000000000000e+00,0.000000000000000000e+00,1.000000000000000056e-01
9.955333431509068021e-01,-9.439785994530469626e-02,1.551358284076683478e-03,6.344757336482089016e+01,9.440943596612125233e-02,9.954684221741636474e-01,-1.137887756502956559e-02,5.124694275310664793e+00,-4.701864925582032503e-04,1.147451488419978273e-02,9.999340550420484641e-01,8.273151254835202639e-01,0.000000000000000000e+00,0.000000000000000000e+00,0.000000000000000000e+00,1.000000000000000056e-01
9.953136190338859324e-01,-9.665844124887300326e-02,2.818776508836784607e-03,6.426549850832948607e+01,9.668216762066277059e-02,9.952644128341978647e-01,-1.006513834825472839e-02,5.209476431259222551e+00,-1.832547363281714081e-03,1.029049469839070710e-02,9.999453722524164201e-01,8.406516703937890744e-01,0.000000000000000000e+00,0.000000000000000000e+00,0.000000000000000000e+00,1.000000000000000056e-01
9.953536263545333940e-01,-9.621782717819181430e-02,3.645303277857759282e-03,6.505470692642836639e+01,9.625224028054941983e-02,9.952975438661185725e-01,-1.087682927361003672e-02,5.293289383428734673e+00,-2.581616519804030667e-03,1.117716006772273389e-02,9.999342010097290734e-01,8.565081588231966414e-01,0.000000000000000000e+00,0.000000000000000000e+00,0.000000000000000000e+00,1.000000000000000056e-01
9.952746898290993904e-01,-9.703777183436748666e-02,3.458702504008390709e-03,6.585017160958160787e+01,9.707210752173892065e-02,9.952079589754143640e-01,-1.175263090877713516e-02,5.372115172120113691e+00,-2.301679143137894817e-03,1.203283962376385831e-02,9.999249537058823023e-01,8.703321122577561963e-01,0.000000000000000000e+00,0.000000000000000000e+00,0.000000000000000000e+00,1.000000000000000056e-01
9.952912649931434652e-01,-9.683586597701800136e-02,4.255923968916488706e-03,6.659426009060685203e+01,9.688176003928246349e-02,9.952189125079897725e-01,-1.237904512089629643e-02,5.447865006864220483e+00,-3.036840469811182865e-03,1.273307688248607496e-02,9.999143195059593259e-01,8.883977956720657820e-01,0.000000000000000000e+00,0.000000000000000000e+00,0.000000000000000000e+00,1.000000000000000056e-01
9.953126280778488155e-01,-9.654796624317919795e-02,5.591297083115058519e-03,6.739433662099057187e+01,9.660575121877489069e-02,9.952597072514661747e-01,-1.120017647994848813e-02,5.537797358073460963e+00,-4.483438437393353487e-03,1.168782854219491650e-02,9.999216436520145246e-01,8.916836975340078908e-01,0.000000000000000000e+00,0.000000000000000000e+00,0.000000000000000000e+00,1.000000000000000056e-01
9.950690358470749564e-01,-9.874528130829976491e-02,9.326484746006554610e-03,6.814044615933875093e+01,9.884297117487769735e-02,9.950458562418543762e-01,-1.066822502748890865e-02,5.613566105638609471e+00,-8.226843118417048045e-03,1.153747785521548434e-02,9.998995977882205732e-01,9.011363502912664858e-01,0.000000000000000000e+00,0.000000000000000000e+00,0.000000000000000000e+00,1.000000000000000056e-01
9.949039584337772135e-01,-1.000657220631170768e-01,1.236789233410418715e-02,6.886912419091764548e+01,1.001940079887296692e-01,9.949153532441366021e-01,-1.022744553881086219e-02,5.692916113280937829e+00,-1.128158924776840114e-02,1.141451475455578651e-02,9.998712090049211021e-01,9.156210961742236032e-01,0.000000000000000000e+00,0.000000000000000000e+00,0.000000000000000000e+00,1.000000000000000056e-01
9.948520472258016722e-01,-1.009980030309986232e-01,8.295029498535734166e-03,6.956030052572393174e+01,1.010507322364729565e-01,9.948619323070025944e-01,-6.203640934938894382e-03,5.773203812335652607e+00,-7.625853729506660954e-03,7.009923689127925232e-03,9.999463522233423829e-01,9.301414399658363141e-01,0.000000000000000000e+00,0.000000000000000000e+00,0.000000000000000000e+00,1.000000000000000056e-01
9.948475820491676780e-01,-1.013329524277858801e-01,3.149800500464408539e-03,7.026035128688420173e+01,1.013538778790441935e-01,9.948228874861221316e-01,-7.403645902808218306e-03,5.851009593993621749e+00,-2.383260330815798692e-03,7.684743720024404638e-03,9.999676318682285681e-01,9.330194873625248242e-01,0.000000000000000000e+00,0.000000000000000000e+00,0.000000000000000000e+00,1.000000000000000056e-01
9.948895695730159972e-01,-1.009668878109505896e-01,-6.572066569837697100e-04,7.101256308887334967e+01,1.009573116120767444e-01,9.948522133882322649e-01,-8.757553802130267975e-03,5.929911163454278267e+00,1.538046449591834409e-03,8.646449115451268833e-03,9.999614359218123028e-01,9.610945584216549209e-01,0.000000000000000000e+00,0.000000000000000000e+00,0.000000000000000000e+00,1.000000000000000056e-01
9.946954948839240584e-01,-1.028597177824410874e-01,-8.665537155547425700e-04,7.174277710976210187e+01,1.028500940901299759e-01,9.946671766520984725e-01,-7.685430150255845999e-03,6.011745996902710942e+00,1.652453713960201631e-03,7.555537615525612441e-03,9.999700911767629430e-01,9.715233627233524905e-01,0.000000000000000000e+00,0.000000000000000000e+00,0.000000000000000000e+00,1.000000000000000056e-01
9.945362941390804012e-01,-1.043851123823099775e-01,1.143657744735613203e-03,7.242216488034978283e+01,1.043903192111566430e-01,9.945158539861831404e-01,-6.393545583297451616e-03,6.098954007654068477e+00,-4.699947844397244401e-04,6.477999927863195041e-03,9.999789070884631537e-01,9.824696930088024915e-01,0.000000000000000000e+00,0.000000000000000000e+00,0.000000000000000000e+00,1.000000000000000056e-01
9.944469293945386035e-01,-1.051604954341533865e-01,4.071218222702725764e-03,7.303362501510402183e+01,1.051822318293387098e-01,9.944374538141740327e-01,-5.554147907802117930e-03,6.155929344884886412e+00,-3.464494937607327969e-03,5.951525151245063393e-03,9.999762880304718937e-01,9.984202351522110108e-01,0.000000000000000000e+00,0.000000000000000000e+00,0.000000000000000000e+00,1.000000000000000056e-01
9.943741201897470239e-01,-1.059211817496569230e-01,9.013066196618727509e-04,7.360427147049776408e+01,1.059248600945769392e-01,9.943512723228160599e-01,-6.743236903830406893e-03,6.210849806991134869e+00,-1.819637623421454034e-04,6.800771041067394003e-03,9.999768579334404883e-01,1.008647371235236401e+00,0.000000000000000000e+00,0.000000000000000000e+00,0.000000000000000000e+00,1.000000000000000056e-01
9.945481791366925783e-01,-1.042643917935559827e-01,-1.689964440186296230e-03,7.423796860687143351e+01,1.042384298886150085e-01,9.944862987619346173e-01,-1.146085987805902859e-02,6.267664236892739993e+00,2.875606065777147353e-03,1.122221808325177261e-02,9.999328941039226093e-01,1.027659452528664419e+00,0.000000000000000000e+00,0.000000000000000000e+00,0.000000000000000000e+00,1.000000000000000056e-01
9.946165285258512512e-01,-1.035262084222539486e-01,-4.503926386678927703e-03,7.485454854613612952e+01,1.034433396613371331e-01,9.945092876292834783e-01,-1.583516020772459537e-02,6.321551301462460692e+00,6.118550718415472454e-03,1.528401088743084821e-02,9.998644719902287648e-01,1.049145025452810742e+00,0.000000000000000000e+00,0.000000000000000000e+00,0.000000000000000000e+00,1.000000000000000056e-01
9.951652846945423514e-01,-9.808916655944094343e-02,-4.956969084506148045e-03,7.543979520859562626e+01,9.800944434075770095e-02,9.950819363576115517e-01,-1.435579168148508854e-02,6.375254097784278429e+00,6.340738036413023047e-03,1.380055573013388819e-02,9.998846632000578660e-01,1.062349086270548693e+00,0.000000000000000000e+00,0.000000000000000000e+00,0.000000000000000000e+00,1.000000000000000056e-01
9.955371834301671718e-01,-9.427695250218944001e-02,-4.191972665649564521e-03,7.599876313509747661e+01,9.422725582937617472e-02,9.954922268594063040e-01,-1.079122427556974614e-02,6.452729657521118156e+00,5.190439942329609126e-03,1.034806694026803656e-02,9.999329861764760796e-01,1.065744481419864442e+00,0.000000000000000000e+00,0.000000000000000000e+00,0.000000000000000000e+00,1.000000000000000056e-01
9.961619976700449852e-01,-8.752070390464360139e-02,-1.183548081370843635e-03,7.654625126856298323e+01,8.749446803007875084e-02,9.960594674621058298e-01,-1.450018424847648521e-02,6.491004634609677026e+00,2.447950603819727244e-03,1.434097859777849412e-02,9.998941663349673048e-01,1.083372605620258389e+00,0.000000000000000000e+00,0.000000000000000000e+00,0.000000000000000000e+00,1.000000000000000056e-01
9.968122629977972382e-01,-7.976087812812673872e-02,1.874741966363002504e-03,7.710052654567360264e+01,7.978109963399235283e-02,9.966726339281122282e-01,-1.669242103441580943e-02,6.515731536064753193e+00,-5.371018537611638773e-04,1.678877896183448432e-02,9.998589142586914447e-01,1.097997853158858339e+00,0.000000000000000000e+00,0.000000000000000000e+00,0.000000000000000000e+00,1.000000000000000056e-01
9.974375371578890759e-01,-7.147395917053593617e-02,3.135702296649238788e-03,7.762978501287678057e+01,7.152153263995443544e-02,9.972504177349859056e-01,-1.939780132458472986e-02,6.547403391221448210e+00,-1.740642765354471350e-03,1.957236541363080798e-02,9.998069276989826060e-01,1.112145210430421249e+00,0.000000000000000000e+00,0.000000000000000000e+00,0.000000000000000000e+00,1.000000000000000056e-01
9.982417860870594906e-01,-5.914992366257299655e-02,3.824008424291033999e-03,7.810769873951605291e+01,5.920456731331841943e-02,9.981136577665186138e-01,-1.624639619065460991e-02,6.578975819053813012e+00,-2.855821941229968672e-03,1.644423031499969365e-02,9.998607060837960692e-01,1.123635377580372241e+00,0.000000000000000000e+00,0.000000000000000000e+00,0.000000000000000000e+00,1.000000000000000056e-01
9.989911429561676437e-01,-4.479324360683561990e-02,3.203376704126094203e-03,7.859210397742042176e+01,4.482959185018009496e-02,9.989182496749718920e-01,-1.235468173757761461e-02,6.609349310698023672e+00,-2.646505181578980535e-03,1.248582370007070112e-02,9.999185467911146930e-01,1.128971569084673998e+00,0.000000000000000000e+00,0.000000000000000000e+00,0.000000000000000000e+00,1.000000000000000056e-01
9.996261397324150977e-01,-2.724439851704260271e-02,2.307273957450211438e-03,7.905651242564253778e+01,2.726046650735569274e-02,9.996021076709508124e-01,-7.245226400475895945e-03,6.620998783864784798e+00,-2.108964075440763510e-03,7.305415062635465390e-03,9.999710911727853757e-01,1.128597672305542865e+00,0.000000000000000000e+00,0.000000000000000000e+00,0.000000000000000000e+00,1.000000000000000056e-01
9.999803669844447018e-01,-5.022175961055472433e-03,3.747451703694911970e-03,7.953847151589224040e+01,5.048629221935242543e-03,9.999621687424669059e-01,-7.083249737337664678e-03,6.639247987387891570e+00,-3.711736606327406887e-03,7.102030165964454481e-03,9.999678915739679264e-01,1.143219790890456000e+00,0.000000000000000000e+00,0.000000000000000000e+00,0.000000000000000000e+00,1.000000000000000056e-01
9.997898424584189536e-01,1.993235034715015036e-02,4.792945504405430462e-03,8.001726519103648627e+01,-1.988672659976653545e-02,9.997581879298675922e-01,-9.385295537894454768e-03,6.624812613727571353e+00,-4.978857511103836064e-03,9.288007150403508258e-03,9.999444704087613323e-01,1.157357942771713999e+00,0.000000000000000000e+00,0.000000000000000000e+00,0.000000000000000000e+00,1.000000000000000056e-01
9.988011815753726763e-01,4.855221796321191469e-02,6.235528405204688977e-03,8.049013852605807529e+01,-4.848191457152400269e-02,9.987638154225154663e-01,-1.097018514606817527e-02,6.616996328188589516e+00,-6.760446961466400236e-03,1.065472353054405102e-02,9.999203834422862869e-01,1.163895511582081710e+00,0.000000000000000000e+00,0.000000000000000000e+00,0.000000000000000000e+00,1.000000000000000056e-01
9.967299425472616603e-01,8.026737079131521235e-02,9.304343930769717885e-03,8.099089959879943024e+01,-8.016166605633395781e-02,9.967186554530894638e-01,-1.122627128027187116e-02,6.573792534465908943e+00,-1.017491645200738204e-02,1.044370901715371489e-02,9.998936943581351322e-01,1.169521434608511656e+00,0.000000000000000000e+00,0.000000000000000000e+00,0.000000000000000000e+00,1.000000000000000056e-01
