1.000000000000000000e+00,-9.837465366601418693e-14,4.019817623592992761e-14,6.158947371385761739e-21,9.837465366601456558e-14,1.000000000000000000e+00,-9.307686138202184706e-15,2.291812195090054984e-20,-4.019817623592900622e-14,9.307686138206138476e-15,1.000000000000000000e+00,-1.262498852569887238e-20,0.000000000000000000e+00,0.000000000000000000e+00,0.000000000000000000e+00,1.000000000000000056e-01
9.999970979421042294e-01,-2.266482410689692108e-03,-8.168015986971022312e-04,6.462950337342147078e-01,2.265290921185301749e-03,9.999963732191868848e-01,-1.456710511795854344e-03,1.709475402806232003e-02,8.201002450891880244e-04,1.454855991091673698e-03,9.999986054138441105e-01,6.593484118297885527e-03,0.000000000000000000e+00,0.000000000000000000e+00,0.000000000000000000e+00,1.000000000000000056e-01
9.999758305441014405e-01,-6.895616104683327356e-03,-8.881476067151159110e-04,1.299010191261091185e+00,6.894946676843542906e-03,9.999759448521128302e-01,-7.546041662159328096e-04,1.889583201642486970e-02,8.933297028343103888e-04,7.484621974543496144e-04,9.999993208829599523e-01,1.042917189657220980e-02,0.000000000000000000e+00,0.000000000000000000e+00,0.000000000000000000e+00,1.000000000000000056e-01
9.999237799072737687e-01,-1.193636728503131954e-02,-3.155552564413424254e-03,2.001015354354197751e+00,1.193591818532161071e-02,9.999287514113176512e-01,-1.611151033410554716e-04,2.351826491482353343e-02,3.157250864795342008e-03,1.234384058946187712e-04,9.999950082525095318e-01,1.659118889972631405e-02,0.000000000000000000e+00,0.000000000000000000e+00,0.000000000000000000e+00,1.000000000000000056e-01
9.998456295159701135e-01,-1.707135861141726232e-02,-4.157625881901539505e-03,2.705494402843717339e+00,1.706787624768254727e-02,9.998539532633463622e-01,-8.716329799570731764e-04,3.301890869343445528e-02,4.171898633387646424e-03,8.005365815156033783e-04,9.999909771607813358e-01,1.898336843433187995e-02,0.000000000000000000e+00,0.000000000000000000e+00,0.000000000000000000e+00,1.000000000000000056e-01
9.997468978485586355e-01,-2.212932499166008968e-02,-4.053790522119239161e-03,3.417110376429857155e+00,2.212815745023019240e-02,9.997550870069418227e-01,-3.326433525759068177e-04,3.937001075725026639e-02,4.060158869004703609e-03,2.428562448840018099e-04,9.999917280311886314e-01,3.633483460809683319e-02,0.000000000000000000e+00,0.000000000000000000e+00,0.000000000000000000e+00,1.000000000000000056e-01
9.996154051042449584e-01,-2.738616461156726314e-02,-4.363469507665629181e-03,4.159164070361728527e+00,2.739223941372518831e-02,9.996238660036524948e-01,1.338557362628197203e-03,6.777595523252125109e-02,4.325170306166809496e-03,-1.457567761727321734e-03,9.999895841447763445e-01,4.717202566458243013e-02,0.000000000000000000e+00,0.000000000000000000e+00,0.000000000000000000e+00,1.000000000000000056e-01
9.994664676125402103e-01,-3.231962251848630174e-02,-4.714034193104618860e-03,4.927043501081149302e+00,3.233568091806235389e-02,9.994713802966063154e-01,3.371009872703787606e-03,1.001080303049731168e-01,4.602592495155794806e-03,-3.521642835263320056e-03,9.999832069460288242e-01,5.711973714852206646e-02,0.000000000000000000e+00,0.000000000000000000e+00,0.000000000000000000e+00,1.000000000000000056e-01
9.993097709643957716e-01,-3.688028025632206913e-02,-4.452705166757085949e-03,5.697602326338595979e+00,3.689766445641624176e-02,9.993114887367477994e-01,3.887265929478279924e-03,1.416073484969030405e-01,4.306275972187820732e-03,-4.048877246830992482e-03,9.999825311375651893e-01,6.517080702120345292e-02,0.000000000000000000e+00,0.000000000000000000e+00,0.000000000000000000e+00,1.000000000000000056e-01
9.991994776616134333e-01,-3.995778189289149462e-02,-1.944095408934274965e-03,6.491116767316698954e+00,3.996590671394978367e-02,9.991916309375405980e-01,4.337160927321824858e-03,1.838507225553079605e-01,1.769220531982926845e-03,-4.411386468870811747e-03,9.999887047002737894e-01,7.641347227840074308e-02,0.000000000000000000e+00,0.000000000000000000e+00,0.000000000000000000e+00,1.000000000000000056e-01
9.990592661681966247e-01,-4.336492458873291572e-02,-2.569024678882332992e-04,7.288510177262180534e+00,4.336540446141912836e-02,9.990565892050765617e-01,2.318029727244531185e-03,2.203255531985971183e-01,1.561389190103848294e-04,-2.326989757684095814e-03,9.999972803659545884e-01,8.320148392484869038e-02,0.000000000000000000e+00,0.000000000000000000e+00,0.000000000000000000e+00,1.000000000000000056e-01
9.989371496579371179e-01,-4.609046255855966945e-02,4.901983416944926449e-04,8.096948888315059989e+00,4.608898096445605830e-02,9.989337025907140122e-01,2.695118191260827741e-03,2.712309698770344890e-01,-6.138948885579078359e-04,-2.669660941930180904e-03,9.999962480147217558e-01,9.759258258818019616e-02,0.000000000000000000e+00,0.000000000000000000e+00,0.000000000000000000e+00,1.000000000000000056e-01
9.988151669685161327e-01,-4.866447118502252589e-02,-1.774202282163669388e-04,8.927478389889289545e+00,4.866470901637098834e-02,9.988136099309125049e-01,1.765987862639821016e-03,3.059540364160509007e-01,9.126887316502068238e-05,-1.772529565666733408e-03,9.999984249032253247e-01,1.009917486256722563e-01,0.000000000000000000e+00,0.000000000000000000e+00,0.000000000000000000e+00,1.000000000000000056e-01
9.987078751426364809e-01,-5.080941316428010113e-02,-9.917973490459071860e-04,9.700704805940045361e+00,5.081150565339122294e-02,9.987058095437872929e-01,2.212888773500706289e-03,3.768603382938338076e-01,8.780781944028804220e-04,-2.260424161517950083e-03,9.999970597263246885e-01,1.185624411973963677e-01,0.000000000000000000e+00,0.000000000000000000e+00,0.000000000000000000e+00,1.000000000000000056e-01
9.985770980992149104e-01,-5.331343570316147973e-02,-1.206948746142918289e-03,1.050317294008175395e+01,5.331382507256610115e-02,9.985777638012439672e-01,2.927419320513139039e-04,4.394107231158295157e-01,1.189625101774073471e-03,-3.566724433231751429e-04,9.999992287881452890e-01,1.270781436302170775e-01,0.000000000000000000e+00,0.000000000000000000e+00,0.000000000000000000e+00,1.000000000000000056e-01
9.984431247365362916e-01,-5.576903606991839152e-02,-1.068308089222091539e-03,1.131010715359779262e+01,5.576886668851632062e-02,9.984436880827229910e-01,-1.877126759364966156e-04,4.967639683292900399e-01,1.077114023606595087e-03,1.278420993046020849e-04,9.999994117407158267e-01,1.503504170835962828e-01,0.000000000000000000e+00,0.000000000000000000e+00,0.000000000000000000e+00,1.000000000000000056e-01
9.982861405376642905e-01,-5.848498118621058006e-02,-2.070890162098264643e-03,1.216418246756447985e+01,5.848556614040587021e-02,9.982882293348781522e-01,2.229902911818598785e-04,5.461650736971527254e-01,2.054303690083616931e-03,-3.437253007062226920e-04,9.999978308422806661e-01,1.549265649307580150e-01,0.000000000000000000e+00,0.000000000000000000e+00,0.000000000000000000e+00,1.000000000000000056e-01
9.981981239162727171e-01,-5.989026654982321923e-02,-3.696130763990938817e-03,1.304150614765901217e+01,5.990321919499764364e-02,9.981980566202733884e-01,3.499155553210211034e-03,6.073774452834247439e-01,3.479905186849107518e-03,-3.714260639834363487e-03,9.999870471800071936e-01,1.697357998583648719e-01,0.000000000000000000e+00,0.000000000000000000e+00,0.000000000000000000e+00,1.000000000000000056e-01
9.983669117093701972e-01,-5.697595811614472594e-02,-4.153287931500430907e-03,1.392821243028415523e+01,5.700535386636249036e-02,9.983468840713324299e-01,7.340892018839124608e-03,6.695219641953683576e-01,3.728167708864006235e-03,-7.565663342284454501e-03,9.999644301192547324e-01,1.875834858119072301e-01,0.000000000000000000e+00,0.000000000000000000e+00,0.000000000000000000e+00,1.000000000000000056e-01
9.975289576904586841e-01,-7.011946231183506517e-02,-4.386293889625438730e-03,1.488594234848899411e+01,7.014111576198768516e-02,9.975245757213885289e-01,4.994468092533546101e-03,7.611613896144872049e-01,4.025226534055865307e-03,-5.289786098041559560e-03,9.999779076131565247e-01,1.915904585461998544e-01,0.000000000000000000e+00,0.000000000000000000e+00,0.000000000000000000e+00,1.000000000000000056e-01
9.972744812000483572e-01,-7.371034271536690274e-02,-3.224053963188445830e-03,1.582627555544134168e+01,7.371376086942336980e-02,9.972789833395776515e-01,9.543833945698767173e-04,8.417285670993931435e-01,3.144933331544908645e-03,-1.189439347558204690e-03,9.999943472982127934e-01,1.890880048707948013e-01,0.000000000000000000e+00,0.000000000000000000e+00,0.000000000000000000e+00,1.000000000000000056e-01
9.970695896791829105e-01,-7.648628429581963428e-02,-1.442792987552534356e-03,1.673085166969104520e+01,7.648938092621740403e-02,9.970679036740562884e-01,2.229365054636012807e-03,9.258573862746587446e-01,1.268046730166578562e-03,-2.333190442693619786e-03,9.999964741337082907e-01,2.048251789445920956e-01,0.000000000000000000e+00,0.000000000000000000e+00,0.000000000000000000e+00,1.000000000000000056e-01
9.970262783994103817e-01,-7.705421237313189731e-02,-1.117379334770422913e-03,1.760297616799940812e+01,7.705608849568121310e-02,9.970252301465322153e-01,1.746332442658018493e-03,1.001524170746946885e+00,9.794931174997988533e-04,-1.827240217054791182e-03,9.999978508909016517e-01,2.213471876758924262e-01,0.000000000000000000e+00,0.000000000000000000e+00,0.000000000000000000e+00,1.000000000000000056e-01
9.969716957371008714e-01,-7.774241277627010061e-02,-1.885511817399942308e-03,1.850193248755651254e+01,7.774411148483346967e-02,9.969729882303666191e-01,8.449073600673450736e-04,1.074986630846697322e+00,1.814119214192825690e-03,-9.889361644450102816e-04,9.999978654860915972e-01,2.241823697505106461e-01,0.000000000000000000e+00,0.000000000000000000e+00,0.000000000000000000e+00,1.000000000000000056e-01
9.968034405249125429e-01,-7.989199063430015013e-02,-4.132676928415711013e-04,1.941986053187441286e+01,7.989199899448791442e-02,9.968035255167987385e-01,3.734366327636460257e-06,1.150975949355725669e+00,4.116483472469990314e-04,-3.673921130452154364e-05,9.999999145979305837e-01,2.341752016387485813e-01,0.000000000000000000e+00,0.000000000000000000e+00,0.000000000000000000e+00,1.000000000000000056e-01
9.966382913981959302e-01,-8.192065351294623710e-02,1.059550327458511076e-03,2.034523886719506436e+01,8.192301999069877272e-02,9.966357081807907248e-01,-2.425690536168553010e-03,1.214463600573960855e+00,-8.572715370167051374e-04,2.504337634085335596e-03,9.999964966831265123e-01,2.501934325813957583e-01,0.000000000000000000e+00,0.000000000000000000e+00,0.000000000000000000e+00,1.000000000000000056e-01
9.966628052785645453e-01,-8.152710692425314820e-02,4.072273421997881469e-03,2.127860501348348166e+01,8.153400015043006654e-02,9.966693460160933604e-01,-1.556127026441446503e-03,1.304089562267507274e+00,-3.931843553828935807e-03,1.882962669344690745e-03,9.999904974837781069e-01,2.525140467577125514e-01,0.000000000000000000e+00,0.000000000000000000e+00,0.000000000000000000e+00,1.000000000000000056e-01
9.967815933116113136e-01,-7.981838412609204569e-02,7.448542855160441428e-03,2.224176795626603109e+01,7.983285297407682890e-02,9.968068730539175748e-01,-1.665358366978320591e-03,1.394254677913667306e+00,-7.291832498417501543e-03,2.254636993098607656e-03,9.999708724712157437e-01,2.641841593443092218e-01,0.000000000000000000e+00,0.000000000000000000e+00,0.000000000000000000e+00,1.000000000000000056e-01
9.969405631689292058e-01,-7.754399219702366730e-02,9.820528629670690832e-03,2.321438634813921453e+01,7.755577627759695225e-02,9.969876740103074120e-01,-8.242799865654534906e-04,1.471440039240891506e+00,-9.727028035200620606e-03,1.583396875345916563e-03,9.999514377108208452e-01,2.668897659068346084e-01,0.000000000000000000e+00,0.000000000000000000e+00,0.000000000000000000e+00,1.000000000000000056e-01
9.970943710684632144e-01,-7.545631320397146180e-02,1.044796541197979753e-02,2.413416858783086383e+01,7.547932910781403326e-02,9.971456950653354578e-01,-1.825839561234966595e-03,1.557091151641620597e+00,-1.028037261095443231e-02,2.609139768819378723e-03,9.999437515823811351e-01,2.643439937506591453e-01,0.000000000000000000e+00,0.000000000000000000e+00,0.000000000000000000e+00,1.000000000000000056e-01
9.971769587278241920e-01,-7.462837081354833924e-02,8.289707596941444517e-03,2.507453543096666237e+01,7.464930169976555230e-02,9.972073225878173020e-01,-2.244444914501254190e-03,1.633389300986914261e+00,-8.099057850431884420e-03,2.856929637281411909e-03,9.999631209274585375e-01,2.712733024900756962e-01,0.000000000000000000e+00,0.000000000000000000e+00,0.000000000000000000e+00,1.000000000000000056e-01
9.973967191536261545e-01,-7.193012608524529394e-02,5.083461708643667240e-03,2.600546220904584160e+01,7.195052427513390358e-02,9.974003790898223754e-01,-3.950423776256833767e-03,1.708061794425488555e+00,-4.786092154973484170e-03,4.305897448774524856e-03,9.999792760697817640e-01,2.724639484640051235e-01,0.000000000000000000e+00,0.000000000000000000e+00,0.000000000000000000e+00,1.000000000000000056e-01
9.974646434743085210e-01,-7.109937292578195900e-02,3.027241026286085247e-03,2.695864115406502393e+01,7.111155139933274250e-02,9.974598369163665268e-01,-4.125651022015541444e-03,1.778920580360346726e+00,-2.726220139809936750e-03,4.330462831613059865e-03,9.999869073219975757e-01,2.798495861875248680e-01,0.000000000000000000e+00,0.000000000000000000e+00,0.000000000000000000e+00,1.000000000000000056e-01
9.973796354726949254e-01,-7.219615674487932233e-02,4.645179826766368189e-03,2.792729056715454306e+01,7.222170857947339540e-02,9.973729351377170760e-01,-5.590444046487187332e-03,1.849833104930509009e+00,-4.229368063410818973e-03,5.911277868963858706e-03,9.999735842709747136e-01,2.874423446696006135e-01,0.000000000000000000e+00,0.000000000000000000e+00,0.000000000000000000e+00,1.000000000000000056e-01
9.975233022220020285e-01,-6.988239517615582597e-02,7.982002791023552410e-03,2.892192978931170444e+01,6.995755072172882283e-02,9.975041601522833812e-01,-9.559894136678155976e-03,1.919495694425019883e+00,-7.294012690491573532e-03,1.009461853322596130e-02,9.999224450203824111e-01,2.928182968655482776e-01,0.000000000000000000e+00,0.000000000000000000e+00,0.000000000000000000e+00,1.000000000000000056e-01
9.973756256453253366e-01,-7.135310751748036306e-02,1.227173240397150603e-02,2.986652844116657235e+01,7.149972743552923671e-02,9.973689709503719136e-01,-1.195511447210843847e-02,1.973247394294235013e+00,-1.138641055121525705e-02,1.280116529832635297e-02,9.998532291400393790e-01,2.985437550298002396e-01,0.000000000000000000e+00,0.000000000000000000e+00,0.000000000000000000e+00,1.000000000000000056e-01
9.974129819004576847e-01,-7.082537559625069756e-02,1.229266887568765398e-02,3.077262675678070991e+01,7.105953766064619648e-02,9.972757296315927222e-01,-1.979043191114021258e-02,2.019389681834774741e+00,-1.085751554880244607e-02,2.061274507251011426e-02,9.997285777133128049e-01,3.131690816254970589e-01,0.000000000000000000e+00,0.000000000000000000e+00,0.000000000000000000e+00,1.000000000000000056e-01
9.973904625001026591e-01,-7.158050894565445854e-02,9.407234073438337438e-03,3.171194017725913028e+01,7.177410408513640316e-02,9.971745190005477655e-01,-2.216882132189735774e-02,2.083977173529790061e+00,-7.793798599359748683e-03,2.278616674886954976e-02,9.997099815988061966e-01,3.091398481609619608e-01,0.000000000000000000e+00,0.000000000000000000e+00,0.000000000000000000e+00,1.000000000000000056e-01
9.974371958690524398e-01,-7.118636047611252848e-02,7.179302128102580879e-03,3.269091539565169313e+01,7.133491290021819198e-02,9.971836810571300669e-01,-2.315246066555627646e-02,2.166199980233149525e+00,-5.510943512675314446e-03,2.360526033571353627e-02,9.997061674242503360e-01,3.079797869172864466e-01,0.000000000000000000e+00,0.000000000000000000e+00,0.000000000000000000e+00,1.000000000000000056e-01
9.973975579445097939e-01,-7.185608249342771703e-02,5.900408038929136172e-03,3.365758702790542145e+01,7.197373021312776509e-02,9.971410576063256537e-01,-2.301072347724547260e-02,2.244791421932245790e+00,-4.230078667832260809e-03,2.337551377908228881e-02,9.997178060783091791e-01,3.064359950951917044e-01,0.000000000000000000e+00,0.000000000000000000e+00,0.000000000000000000e+00,1.000000000000000056e-01
9.975082055838254691e-01,-7.014175708890994787e-02,7.583779098632114322e-03,3.461264697105956145e+01,7.030517022840372665e-02,9.972366352006893919e-01,-2.400575874165240126e-02,2.301465348269846167e+00,-5.879016252033248367e-03,2.447912020656786009e-02,9.996830546937467421e-01,3.189759052155540231e-01,0.000000000000000000e+00,0.000000000000000000e+00,0.000000000000000000e+00,1.000000000000000056e-01
9.973393590813598442e-01,-7.223813620216980314e-02,9.790531406369198594e-03,3.559075900389743907e+01,7.244132595383485917e-02,9.971235503253872423e-01,-2.229079811368717481e-02,2.388512901416934842e+00,-8.152123725299458348e-03,2.294072938098680112e-02,9.997035889773706607e-01,3.145333946141989356e-01,0.000000000000000000e+00,0.000000000000000000e+00,0.000000000000000000e+00,1.000000000000000056e-01
9.973411296712623164e-01,-7.197325238435818562e-02,1.142462285013773338e-02,3.657196857911174703e+01,7.219910888962517703e-02,9.971739573547264701e-01,-2.076986877807017809e-02,2.466482131974764069e+00,-9.897461371203029878e-03,2.153949197942438623e-02,9.997190057929646878e-01,3.234609735341318904e-01,0.000000000000000000e+00,0.000000000000000000e+00,0.000000000000000000e+00,1.000000000000000056e-01
9.973895190936029609e-01,-7.108704000719436034e-02,1.267990320337716165e-02,3.757158881004141904e+01,7.133115198435320548e-02,9.972527967756368295e-01,-1.996812659604135787e-02,2.544154222728217452e+00,-1.122559391821071825e-02,2.082047228537285688e-02,9.997202078456739471e-01,3.191562533607138485e-01,0.000000000000000000e+00,0.000000000000000000e+00,0.000000000000000000e+00,1.000000000000000056e-01
9.972859154535379522e-01,-7.195992274818709122e-02,1.557473454264279508e-02,3.856317336902473158e+01,7.225564562692711468e-02,9.971986373211445542e-01,-1.933906409029095483e-02,2.612724386127755594e+00,-1.413946650460237708e-02,2.041193873514711779e-02,9.996916665872722652e-01,3.361168737609709356e-01,0.000000000000000000e+00,0.000000000000000000e+00,0.000000000000000000e+00,1.000000000000000056e-01
9.974465533560947783e-01,-6.941040467824310944e-02,1.680978644866689548e-02,3.957614507017105154e+01,6.971250389336469677e-02,9.974027889134782221e-01,-1.810644825837546060e-02,2.692367514954725038e+00,-1.550935198404084468e-02,1.923206671208638543e-02,9.996947472158773662e-01,3.325058084296691474e-01,0.000000000000000000e+00,0.000000000000000000e+00,0.000000000000000000e+00,1.000000000000000056e-01
9.974080078178640951e-01,-7.025307369692139481e-02,1.554900565742013165e-02,4.058575430091669745e+01,7.056352975517697634e-02,9.972984722992380702e-01,-2.040944433579997691e-02,2.774092454291434251e+00,-1.407317339088113607e-02,2.145373593901062775e-02,9.996707873119877741e-01,3.458327518243187182e-01,0.000000000000000000e+00,0.000000000000000000e+00,0.000000000000000000e+00,1.000000000000000056e-01
9.974612745517859036e-01,-6.993392653910682211e-02,1.342578445937263679e-02,4.159355123198212567e+01,7.015844925654374231e-02,9.973901140763555828e-01,-1.705146154062310918e-02,2.846910093240878847e+00,-1.219826903473189561e-02,1.795010477900287407e-02,9.997644702483575729e-01,3.612191114677245629e-01,0.000000000000000000e+00,0.000000000000000000e+00,0.000000000000000000e+00,1.000000000000000056e-01
9.975963970466240616e-01,-6.839345422346328196e-02,1.112492781898023406e-02,4.262631161678466185e+01,6.855521775224705794e-02,9.975364336764011020e-01,-1.487432711449526712e-02,2.920316183229155538e+00,-1.008021421084287494e-02,1.560124698702160598e-02,9.998274803054342241e-01,3.696473819046692255e-01,0.000000000000000000e+00,0.000000000000000000e+00,0.000000000000000000e+00,1.000000000000000056e-01
9.975794842571900078e-01,-6.863991396742695483e-02,1.112361450712489978e-02,4.367522176087244645e+01,6.883609630902164100e-02,9.974594959218940904e-01,-1.833428046518166196e-02,2.989905321967556429e+00,-9.836891485321524672e-03,1.905560825019947738e-02,9.997700332377046362e-01,3.786016952335483077e-01,0.000000000000000000e+00,0.000000000000000000e+00,0.000000000000000000e+00,1.000000000000000056e-01
9.975839531194024001e-01,-6.829598021255713081e-02,1.272460472753567627e-02,4.468835686328970525e+01,6.854562932701284417e-02,9.974405849377743216e-01,-2.034149009178688045e-02,3.075364795288995978e+00,-1.130279517773255006e-02,2.116456013709032413e-02,9.997121126681289827e-01,3.869315588809411066e-01,0.000000000000000000e+00,0.000000000000000000e+00,0.000000000000000000e+00,1.000000000000000056e-01
9.975776419170567788e-01,-6.827765665066903855e-02,1.330450861541819345e-02,4.567511101443454180e+01,6.854596167578336230e-02,9.974294763972666455e-01,-2.087799683438375936e-02,3.140331748030281922e+00,-1.184480836258768217e-02,2.173939318766391487e-02,9.996935026790390033e-01,3.885627897763045402e-01,0.000000000000000000e+00,0.000000000000000000e+00,0.000000000000000000e+00,1.000000000000000056e-01
9.970130348674653975e-01,-7.642758784506031855e-02,1.112798816282093914e-02,4.659094562543141649e+01,7.660501989467077832e-02,9.969249492280750635e-01,-1.650201604462568292e-02,3.196655112584106284e+00,-9.832559753359660509e-03,1.730518485268442083e-02,9.998019060523494206e-01,4.011006483924246524e-01,0.000000000000000000e+00,0.000000000000000000e+00,0.000000000000000000e+00,1.000000000000000056e-01
9.970423002107046129e-01,-7.648976065471041474e-02,7.481183431261998092e-03,4.754824832902153275e+01,7.660190615986539608e-02,9.969322222004127765e-01,-1.607147507921802276e-02,3.272198324036256878e+00,-6.228929540639403274e-03,1.659701339192882347e-02,9.998428574447315587e-01,3.967760977450042192e-01,0.000000000000000000e+00,0.000000000000000000e+00,0.000000000000000000e+00,1.000000000000000056e-01
9.971367704296488776e-01,-7.527605968684748794e-02,7.195546897352227828e-03,4.849495118958313356e+01,7.538198638768932314e-02,9.970295325909313000e-01,-1.580086294337321867e-02,3.363493472582772981e+00,-5.984746057774157843e-03,1.629803606362487112e-02,9.998492670573363439e-01,4.079360348375613010e-01,0.000000000000000000e+00,0.000000000000000000e+00,0.000000000000000000e+00,1.000000000000000056e-01
9.972526657195270872e-01,-7.350293037706183419e-02,9.189120811151509083e-03,4.946607464980439062e+01,7.364442692938742707e-02,9.971538454760164871e-01,-1.614641863184115497e-02,3.450641164577076925e+00,-7.976158068848306082e-03,1.677878655854919340e-02,9.998274117186842780e-01,4.136267353907322475e-01,0.000000000000000000e+00,0.000000000000000000e+00,0.000000000000000000e+00,1.000000000000000056e-01
9.972531022170654236e-01,-7.309127754236219299e-02,1.199646888315621107e-02,5.046502535785248256e+01,7.329005174302116732e-02,9.971647004792036917e-01,-1.706248615311845018e-02,3.540535784627472538e+00,-1.071533638970025709e-02,1.789483907291315734e-02,9.997824544872799812e-01,4.295811486684648628e-01,0.000000000000000000e+00,0.000000000000000000e+00,0.000000000000000000e+00,1.000000000000000056e-01
9.973570946338584653e-01,-7.157089746437306221e-02,1.250729465763270910e-02,5.140108052302074526e+01,7.181141433316545752e-02,9.972182099002760980e-01,-1.997404853201733069e-02,3.612307847833676977e+00,-1.104294140974635373e-02,2.081942553081473843e-02,9.997222639141272182e-01,4.397574135495530556e-01,0.000000000000000000e+00,0.000000000000000000e+00,0.000000000000000000e+00,1.000000000000000056e-01
9.974125977849802593e-01,-7.090858618551176829e-02,1.183563200632336936e-02,5.233900875563575994e+01,7.117068289909947443e-02,9.971890040798508936e-01,-2.342699378731741972e-02,3.682200357105238631e+00,-1.014118708500576053e-02,2.420872874413333015e-02,9.996554875441338028e-01,4.434495301493396879e-01,0.000000000000000000e+00,0.000000000000000000e+00,0.000000000000000000e+00,1.000000000000000056e-01
9.974212805478301913e-01,-7.089233288513313580e-02,1.118330221491164490e-02,5.332325244692525956e+01,7.116520868129888600e-02,9.971189780201425990e-01,-2.625369965192583463e-02,3.759668242467770760e+00,-9.289896860232465733e-03,2.698186076181221041e-02,9.995927555790690144e-01,4.575919373296522541e-01,0.000000000000000000e+00,0.000000000000000000e+00,0.000000000000000000e+00,1.000000000000000056e-01
9.973299945564747526e-01,-7.182168719369919074e-02,1.321087455971077691e-02,5.428774613815373584e+01,7.218565718749567206e-02,9.969542648681513075e-01,-2.951990273719177355e-02,3.838430302015199302e+00,-1.105046851456280808e-02,3.039472009830542637e-02,9.994768872443996477e-01,4.486035475448660326e-01,0.000000000000000000e+00,0.000000000000000000e+00,0.000000000000000000e+00,1.000000000000000056e-01
9.971797087636721235e-01,-7.302515691964886480e-02,1.731920572251516993e-02,5.524345689759307731e+01,7.354952251343180314e-02,9.967823125004833251e-01,-3.186674166329197394e-02,3.922583010051574615e+00,-1.493640412028046649e-02,3.305068748225154646e-02,9.993420615029201537e-01,4.554216054481109444e-01,0.000000000000000000e+00,0.000000000000000000e+00,0.000000000000000000e+00,1.000000000000000056e-01
9.970325251234918307e-01,-7.386987808377301623e-02,2.166529385358291482e-02,5.620127124452751133e+01,7.450523254708746324e-02,9.967646755806887082e-01,-3.015214482634535550e-02,3.990768893622697266e+00,-1.936786433704046351e-02,3.167684685086252089e-02,9.993104938929686654e-01,4.736924627969447688e-01,0.000000000000000000e+00,0.000000000000000000e+00,0.000000000000000000e+00,1.000000000000000056e-01
9.969033225303591816e-01,-7.505711740336969140e-02,2.345622849111471744e-02,5.716782801874701647e+01,7.568080447366502816e-02,9.967681110260836475e-01,-2.693972300733312938e-02,4.064895892166425106e+00,-2.135840261230896250e-02,2.863148561618361967e-02,9.993618247007741706e-01,4.619798386979259708e-01,0.000000000000000000e+00,0.000000000000000000e+00,0.000000000000000000e+00,1.000000000000000056e-01
9.967343618830724061e-01,-7.857954766905154986e-02,1.859748718702863846e-02,5.806609914496585390e+01,7.908268213978410233e-02,9.964727561443392778e-01,-2.807090393418158400e-02,4.144374495853477391e+00,-1.632609038080807401e-02,2.944997368812799984e-02,9.994329181203940315e-01,4.654176796040285224e-01,0.000000000000000000e+00,0.000000000000000000e+00,0.000000000000000000e+00,1.000000000000000056e-01
9.964706852277397386e-01,-8.296835691579153294e-02,1.274461582209267946e-02,5.898436019092692817e+01,8.329332240188604131e-02,9.961447203786573112e-01,-2.753031973991759349e-02,4.227835536293055085e+00,-1.041133637024458172e-02,2.849469797033219939e-02,9.995397222034575480e-01,4.637562795010807815e-01,0.000000000000000000e+00,0.000000000000000000e+00,0.000000000000000000e+00,1.000000000000000056e-01
9.965298715650054984e-01,-8.285867320806523939e-02,7.915513428239996305e-03,5.993797525644853863e+01,8.305879974169359803e-02,9.961030904960952448e-01,-2.966258400067630155e-02,4.308433636109906040e+00,-5.426865034514379536e-03,3.021710406916901584e-02,9.995286267824299298e-01,4.737223781181713611e-01,0.000000000000000000e+00,0.000000000000000000e+00,0.000000000000000000e+00,1.000000000000000056e-01
9.963960527092763364e-01,-8.442491446187072590e-02,8.206093070324263147e-03,6.084983657858130357e+01,8.461673838504943368e-02,9.960523529490667993e-01,-2.682755616346246125e-02,4.396525515402467832e+00,-5.908784176894162771e-03,2.742524389560541120e-02,9.996063936704373543e-01,4.763688224311032893e-01,0.000000000000000000e+00,0.000000000000000000e+00,0.000000000000000000e+00,1.000000000000000056e-01
9.963363486012558612e-01,-8.485998679262990452e-02,1.061428742174349432e-02,6.177899806900497737e+01,8.511167213763018435e-02,9.960302373281418875e-01,-2.607239141279123901e-02,4.491263454639838670e+00,-8.359648428806543130e-03,2.688027101053716561e-02,9.996037051294611731e-01,4.969707463370365286e-01,0.000000000000000000e+00,0.000000000000000000e+00,0.000000000000000000e+00,1.000000000000000056e-01
9.961679254005603168e-01,-8.688885367413154426e-02,9.989570077790589642e-03,6.267429553741835946e+01,8.711862449734406044e-02,9.958718217383601967e-01,-2.548842743698769009e-02,4.576519642121996689e+00,-7.733671109796183551e-03,2.626103148612368710e-02,9.996252040422202167e-01,5.119625169138051213e-01,0.000000000000000000e+00,0.000000000000000000e+00,0.000000000000000000e+00,1.000000000000000056e-01
9.959713457029988337e-01,-8.912168754393474945e-02,9.919846162054234140e-03,6.348854739727984509e+01,8.933358158015343442e-02,9.957247195822339636e-01,-2.349029618680054457e-02,4.656602353432631070e+00,-7.783941200935833027e-03,2.428183729051020326e-02,9.996748484568257487e-01,5.205268696776215176e-01,0.000000000000000000e+00,0.000000000000000000e+00,0.000000000000000000e+00,1.000000000000000056e-01
9.958091046753876352e-01,-9.086197102071746912e-02,1.040813469518365834e-02,6.430878056897728356e+01,9.107704676692421342e-02,9.955898168752971289e-01,-2.249195603827921011e-02,4.738080900758532721e+00,-8.318569457441948520e-03,2.334563677526669059e-02,9.996928441505116281e-01,5.297539001287477900e-01,0.000000000000000000e+00,0.000000000000000000e+00,0.000000000000000000e+00,1.000000000000000056e-01
9.957442391928724712e-01,-9.166464858607543953e-02,9.539513289407216406e-03,6.510406681659287642e+01,9.186759130791398442e-02,9.954911721130011992e-01,-2.361507807239257919e-02,4.815703060211911080e+00,-7.331833433020940559e-03,2.439095005682251002e-02,9.996756102725703474e-01,5.328425424746493499e-01,0.000000000000000000e+00,0.000000000000000000e+00,0.000000000000000000e+00,1.000000000000000056e-01
9.957490867025206027e-01,-9.160740235894899997e-02,9.583327404494032878e-03,6.590686178329164591e+01,9.182590697224139731e-02,9.954459090423840584e-01,-2.560165970219298315e-02,4.893447504623272160e+00,-7.194382518421671077e-03,2.637282699725698731e-02,9.996262875976958950e-01,5.418183185271074898e-01,0.000000000000000000e+00,0.000000000000000000e+00,0.000000000000000000e+00,1.000000000000000056e-01
9.956188001450716474e-01,-9.285534651973034737e-02,1.100406381245775528e-02,6.666327044392983225e+01,9.311343686196527081e-02,9.953190920609553682e-01,-2.588035654136574409e-02,4.967776125543367449e+00,-8.549425328093582938e-03,2.679159572806753820e-02,9.996044806446713338e-01,5.542131444397736528e-01,0.000000000000000000e+00,0.000000000000000000e+00,0.000000000000000000e+00,1.000000000000000056e-01
9.953114891577442558e-01,-9.574237817647186788e-02,1.372722010120503225e-02,6.745989834280749164e+01,9.605869812095695071e-02,9.950713970651638984e-01,-2.460977972452756471e-02,5.059690030953381878e+00,-1.130336524670170345e-02,2.581301539720517665e-02,9.996028822338415276e-01,5.622550135672881311e-01,0.000000000000000000e+00,0.000000000000000000e+00,0.000000000000000000e+00,1.000000000000000056e-01
9.952054582506606462e-01,-9.639972247272676764e-02,1.652844140485847102e-02,6.820125209608394812e+01,9.677038026668369208e-02,9.950334796845591301e-01,-2.332097360488163268e-02,5.138439942513474357e+00,-1.419821718153429189e-02,2.480862378326154083e-02,9.995913879255096113e-01,5.697333801116148955e-01,0.000000000000000000e+00,0.000000000000000000e+00,0.000000000000000000e+00,1.000000000000000056e-01
9.949765429117669591e-01,-9.848562504798939743e-02,1.795162149377042132e-02,6.892880880231652441e+01,9.885219260570211885e-02,9.948842243575026778e-01,-2.082364381215186938e-02,5.211974478229921104e+00,-1.580895544917278878e-02,2.249359427652772997e-02,9.996219861248195615e-01,5.755339488895621081e-01,0.000000000000000000e+00,0.000000000000000000e+00,0.000000000000000000e+00,1.000000000000000056e-01
9.950930977809947509e-01,-9.780321901447111554e-02,1.497521615974626262e-02,6.959654920705970937e+01,9.808679799793004750e-02,9.949859466746453496e-01,-1.954343824594425086e-02,5.292636676751073743e+00,-1.298871845629870521e-02,2.091641150788460177e-02,9.996968525120482063e-01,5.881031769064686276e-01,0.000000000000000000e+00,0.000000000000000000e+00,0.000000000000000000e+00,1.000000000000000056e-01
9.950809598142479340e-01,-9.861707235385372416e-02,9.410443959228213459e-03,7.028733501878980405e+01,9.878119198026827363e-02,9.949287353203968287e-01,-1.894961067445018188e-02,5.367362570090978835e+00,-7.493965980198782385e-03,1.978597164939428082e-02,9.997761528461143188e-01,5.902302965006799296e-01,0.000000000000000000e+00,0.000000000000000000e+00,0.000000000000000000e+00,1.000000000000000056e-01
9.952308332273647196e-01,-9.749941042061534280e-02,3.074664404079016297e-03,7.101751632363041722e+01,9.754322960587567815e-02,9.949966511555438098e-01,-2.160977897407793946e-02,5.429406190544443511e+00,-9.523400761933681086e-04,2.180663103015886839e-02,9.997617535650650256e-01,6.080780956303902807e-01,0.000000000000000000e+00,0.000000000000000000e+00,0.000000000000000000e+00,1.000000000000000056e-01
9.950982915830997033e-01,-9.889053998345478935e-02,2.262524628522501538e-04,7.171543708826295926e+01,9.887539782805382371e-02,9.949003369474613834e-01,-1.992423765597779728e-02,5.505009543566661279e+00,1.745219969031431163e-03,1.984894565483326379e-02,9.998014670741642851e-01,6.082415651531950518e-01,0.000000000000000000e+00,0.000000000000000000e+00,0.000000000000000000e+00,1.000000000000000056e-01
9.950613648154700286e-01,-9.921923749360540834e-02,2.902268554368889284e-03,7.237423567188038476e+01,9.925676723730857132e-02,9.948775212144950197e-01,-1.915233509786120128e-02,5.579105610292087292e+00,-9.871216606374914188e-04,1.934581849624214880e-02,9.998123648452931223e-01,6.202572100950575207e-01,0.000000000000000000e+00,0.000000000000000000e+00,0.000000000000000000e+00,1.000000000000000056e-01
9.949363018902398492e-01,-1.003070257045656083e-01,6.344743909506731123e-03,7.297739776169353831e+01,1.004174115781669846e-01,9.947340200128682586e-01,-2.050787363379488748e-02,5.645393852050008654e+00,-4.254248807324744787e-03,2.104115071335924819e-02,9.997695591203720200e-01,6.356111237892420052e-01,0.000000000000000000e+00,0.000000000000000000e+00,0.000000000000000000e+00,1.000000000000000056e-01
9.949188528778216689e-01,-1.006178687566351843e-01,3.538456605920821049e-03,7.356687779526089344e+01,1.006714702615017359e-01,9.946785940311749785e-01,-2.190318815954601234e-02,5.697538032351844528e+00,-1.315774930228560220e-03,2.214811646703717524e-02,9.997538345379304303e-01,6.551976112691219045e-01,0.000000000000000000e+00,0.000000000000000000e+00,0.000000000000000000e+00,1.000000000000000056e-01
9.949034473148314905e-01,-1.008321163060445363e-01,1.218290138257029000e-04,7.420680203980823819e+01,1.007927796202746779e-01,9.944800855207941437e-01,-2.915776189923885431e-02,5.748429415922985619e+00,2.818882310959707621e-03,2.902143731447967556e-02,9.995748146480676333e-01,6.712875065682232245e-01,0.000000000000000000e+00,0.000000000000000000e+00,0.000000000000000000e+00,1.000000000000000056e-01
9.950395946880228326e-01,-9.943738188349508789e-02,-2.900359848555395144e-03,7.483003947621010354e+01,9.928857273300274733e-02,9.945122389430048893e-01,-3.297250244089420385e-02,5.818117468828083005e+00,6.163142683596891692e-03,3.252097287486204608e-02,9.994520508736445263e-01,6.973487457276541512e-01,0.000000000000000000e+00,0.000000000000000000e+00,0.000000000000000000e+00,1.000000000000000056e-01
9.954639424741622555e-01,-9.511083713826809505e-02,-2.338352551589134749e-03,7.543538236525198215e+01,9.499661268203704600e-02,9.950147047645495624e-01,-3.035425639437267994e-02,5.871089776242955693e+00,5.213713910133307289e-03,2.999443216955641547e-02,9.995364681821714559e-01,7.100818615218271734e-01,0.000000000000000000e+00,0.000000000000000000e+00,0.000000000000000000e+00,1.000000000000000056e-01
9.959292267683470534e-01,-9.013864353513657834e-02,1.449993133818177141e-05,7.600013601296501520e+01,9.010952778602131230e-02,9.956034167908049959e-01,-2.557556405350588230e-02,5.949286541437504461e+00,2.290910470245493321e-03,2.547275831393825546e-02,9.996728916566143264e-01,7.135312359918036806e-01,0.000000000000000000e+00,0.000000000000000000e+00,0.000000000000000000e+00,1.000000000000000056e-01
9.965247873829664593e-01,-8.325234198431802346e-02,2.719500957841431733e-03,7.655858928992411450e+01,8.329542799300557188e-02,9.961615251862572240e-01,-2.690887240394448585e-02,5.988160477416898608e+00,-4.688355741232442999e-04,2.704188034726694514e-02,9.996341915423304636e-01,7.274701031496304537e-01,0.000000000000000000e+00,0.000000000000000000e+00,0.000000000000000000e+00,1.000000000000000056e-01
9.970750088254048960e-01,-7.610624294147254332e-02,7.019014257872966539e-03,7.713550952584546394e+01,7.629145954777812044e-02,9.965833852125531855e-01,-3.164126290712175604e-02,6.016396439659946971e+00,-4.586935348181806621e-03,3.208420333468517405e-02,9.994746439607611332e-01,7.396441013033178136e-01,0.000000000000000000e+00,0.000000000000000000e+00,0.000000000000000000e+00,1.000000000000000056e-01
9.977454233665843386e-01,-6.645812222404744174e-02,9.348162465907531443e-03,7.768346135447733047e+01,6.674778376749330999e-02,9.971507720462171598e-01,-3.514357935329102955e-02,6.036927721061416285e+00,-6.985951128041637849e-03,3.568831458736430873e-02,9.993385515873737246e-01,7.543259566070483757e-01,0.000000000000000000e+00,0.000000000000000000e+00,0.000000000000000000e+00,1.000000000000000056e-01
9.983776975312947943e-01,-5.623833933177101868e-02,8.900688811266731226e-03,7.817986005921923720e+01,5.650445650564372285e-02,9.978509086682771922e-01,-3.317846387184441442e-02,6.075163748254785112e+00,-7.015658708364385515e-03,3.362756695180376537e-02,9.994098094744666705e-01,7.622146517447310199e-01,0.000000000000000000e+00,0.000000000000000000e+00,0.000000000000000000e+00,1.000000000000000056e-01
9.991482890443370568e-01,-4.045096401073268455e-02,8.149601853848328220e-03,7.867171749421945037e+01,4.066585396648882134e-02,9.987747847704542270e-01,-2.819960332893178476e-02,6.116012762627275556e+00,-6.998915698166701185e-03,2.850699593670480772e-02,9.995690903392895343e-01,7.593216138795357839e-01,0.000000000000000000e+00,0.000000000000000000e+00,0.000000000000000000e+00,1.000000000000000056e-01
9.996673545751120216e-01,-2.427628518615998487e-02,8.708741261370828504e-03,7.915174224234924338e+01,2.446640602011499604e-02,9.994489340537293653e-01,-2.243263683393253993e-02,6.131923553840572971e+00,-8.159361081368702098e-03,2.263824631954638317e-02,9.997104253884319114e-01,7.632184322691357714e-01,0.000000000000000000e+00,0.000000000000000000e+00,0.000000000000000000e+00,1.000000000000000056e-01
9.999582089490289816e-01,1.609124138458017158e-03,8.999504150620098175e-03,7.964581911887303534e+01,-1.398888550427090233e-03,9.997271081132997894e-01,-2.331849939944768621e-02,6.144992810700697028e+00,-9.034570619209338765e-03,2.330493559153489283e-02,9.996875794521010716e-01,7.665998960521046568e-01,0.000000000000000000e+00,0.000000000000000000e+00,0.000000000000000000e+00,1.000000000000000056e-01
9.995943357690392217e-01,2.617382809994367454e-02,1.122918612579818648e-02,8.014338052127850176e+01,-2.589352530862048390e-02,9.993663808939712290e-01,-2.442052591526056721e-02,6.136824890405002009e+00,-1.186124974633997672e-02,2.411985616625193091e-02,9.996387063799472283e-01,7.814883669206690309e-01,0.000000000000000000e+00,0.000000000000000000e+00,0.000000000000000000e+00,1.000000000000000056e-01
9.985142047025287182e-01,5.290444233063067159e-02,1.305767930994970044e-02,8.062607814407419937e+01,-5.259871544570274282e-02,9.983567633426712051e-01,-2.274089315324903660e-02,6.116259925115540064e+00,-1.423931672302104420e-02,2.202028768273636000e-02,9.996561152664604766e-01,7.854172076496789279e-01,0.000000000000000000e+00,0.000000000000000000e+00,0.000000000000000000e+00,1.000000000000000056e-01
9.964167905845416895e-01,8.342173128451323139e-02,1.394253171758945246e-02,8.111959352463001949e+01,-8.310705222596763420e-02,9.963020950685174126e-01,-2.180259691856119286e-02,6.074671631031034913e+00,-1.570978394223839295e-02,2.056575093638524782e-02,9.996650701994697075e-01,7.836288364422564490e-01,0.000000000000000000e+00,0.000000000000000000e+00,0.000000000000000000e+00,1.000000000000000056e-01
