1.000000000000000000e+00,-2.204089999351499071e-09,-1.906970305499220556e-09,5.710327521506769269e-14,2.204089998664338629e-09,1.000000000000000000e+00,-3.603413024779117238e-10,9.980932086154941940e-15,1.906970306293445466e-09,3.603412982747775922e-10,1.000000000000000000e+00,6.574470132448496941e-15,0.000000000000000000e+00,0.000000000000000000e+00,0.000000000000000000e+00,1.000000000000000056e-01
9.999474954488710710e-01,-1.010236539723346691e-02,-1.717136835194185262e-03,6.678114029846630162e-01,1.009629952241142964e-02,9.999428873288094266e-01,-3.505255550972986509e-03,1.865429163441297694e-02,1.752450137309337526e-03,3.487734781294604680e-03,9.999923822832910147e-01,1.149957520363951990e-02,0.000000000000000000e+00,0.000000000000000000e+00,0.000000000000000000e+00,1.000000000000000056e-01
9.997999204949471475e-01,-1.920330499422728127e-02,-5.599290633280356796e-03,1.362577718057434328e+00,1.918109325088041689e-02,9.998080485204177137e-01,-3.993967387840413608e-03,1.796083311138206920e-02,5.674913215044383522e-03,3.885767761046525753e-03,9.999763478047413168e-01,1.989433562752931581e-02,0.000000000000000000e+00,0.000000000000000000e+00,0.000000000000000000e+00,1.000000000000000056e-01
9.996366619586436464e-01,-2.530281884321854829e-02,-9.290394327889068757e-03,2.115668673147992784e+00,2.527112385511599835e-02,9.996744605456318045e-01,-3.513293597103535251e-03,3.132213705094159806e-02,9.376266169419252353e-03,3.277238378166301685e-03,9.999506714540137287e-01,2.255963098084215815e-02,0.000000000000000000e+00,0.000000000000000000e+00,0.000000000000000000e+00,1.000000000000000056e-01
9.993349962777546835e-01,-3.464981338573028258e-02,-1.135586398624886459e-02,2.868302398794168706e+00,3.462412398028480442e-02,9.993973994619927970e-01,-2.451119581695552704e-03,6.783036767800226796e-02,1.143395177259307408e-02,2.056302735486925139e-03,9.999325159059095913e-01,4.175642487210795561e-02,0.000000000000000000e+00,0.000000000000000000e+00,0.000000000000000000e+00,1.000000000000000056e-01
9.991049400361293742e-01,-4.034239015028000946e-02,-1.272046981698567517e-02,3.584220847564210999e+00,4.028462225165187899e-02,9.991768811951609042e-01,-4.765427069323648415e-03,1.005990367284553266e-01,1.290224807713628505e-02,4.248722404902344207e-03,9.999077359199107784e-01,5.594441330327892120e-02,0.000000000000000000e+00,0.000000000000000000e+00,0.000000000000000000e+00,1.000000000000000056e-01
9.988248460068477330e-01,-4.540782379417968723e-02,-1.694274292060383644e-02,4.320832763526484044e+00,4.533298447616204013e-02,9.989605167845054812e-01,-4.775607198863563926e-03,1.453987197947515242e-01,1.714198115390963909e-02,4.001930023190753902e-03,9.998450565153624847e-01,8.212468298000939748e-02,0.000000000000000000e+00,0.000000000000000000e+00,0.000000000000000000e+00,1.000000000000000056e-01
9.982442860219766789e-01,-5.568562632618771074e-02,-2.018555040453913485e-02,5.109986426769659751e+00,5.561182924199577909e-02,9.984436333767134908e-01,-4.199454472423193481e-03,1.797719063812084905e-01,2.038798354014204062e-02,3.069526049252958855e-03,9.997874314758111725e-01,1.035364141261502502e-01,0.000000000000000000e+00,0.000000000000000000e+00,0.000000000000000000e+00,1.000000000000000056e-01
9.977505924549957550e-01,-6.338797221152202288e-02,-2.181101177424481924e-02,5.893757274085067444e+00,6.329862107427454421e-02,9.979832627902855968e-01,-4.763586941696842242e-03,2.556766005414274345e-01,2.206897881190562904e-02,3.372264723744442666e-03,9.997507629428610265e-01,1.202768071229513153e-01,0.000000000000000000e+00,0.000000000000000000e+00,0.000000000000000000e+00,1.000000000000000056e-01
9.974506489381241847e-01,-6.840357441526968840e-02,-2.032618852932567555e-02,6.698529818955364590e+00,6.832529518706297045e-02,9.976528491394618392e-01,-4.521796270832470835e-03,3.249913916795432733e-01,2.058778692613018324e-02,3.121475793413768570e-03,9.997831762028982494e-01,1.551751284116897056e-01,0.000000000000000000e+00,0.000000000000000000e+00,0.000000000000000000e+00,1.000000000000000056e-01
9.970667673394192354e-01,-7.335249396180588966e-02,-2.184658089732966629e-02,7.506600048810621928e+00,7.323234694116888266e-02,9.972953175700306483e-01,-6.250833094874795430e-03,3.860929952668149534e-01,2.224600703066981211e-02,4.632621555333510908e-03,9.997417936591009857e-01,1.803851462648594639e-01,0.000000000000000000e+00,0.000000000000000000e+00,0.000000000000000000e+00,1.000000000000000056e-01
9.967514760357099046e-01,-7.720208864377657576e-02,-2.294193822831900459e-02,8.332317608065507031e+00,7.708938621180376483e-02,9.970075569661038806e-01,-5.758288458247629374e-03,4.628556487174923517e-01,2.331783768107366372e-02,3.971002583667488858e-03,9.997202156525392125e-01,2.114517367223498479e-01,0.000000000000000000e+00,0.000000000000000000e+00,0.000000000000000000e+00,1.000000000000000056e-01
9.960600836750670428e-01,-8.496252387742507517e-02,-2.541021931421512739e-02,9.187099906783819492e+00,8.482976846971897189e-02,9.963757968783490959e-01,-6.259534839644519469e-03,5.304235487413649919e-01,2.584995339632958564e-02,4.079329774953666804e-03,9.996575108395848730e-01,2.444696944535798278e-01,0.000000000000000000e+00,0.000000000000000000e+00,0.000000000000000000e+00,1.000000000000000056e-01
9.959475357772430426e-01,-8.542135928720639981e-02,-2.813711706559675688e-02,9.948731922453372789e+00,8.520832614049533849e-02,9.963252836018592351e-01,-8.687370834132492059e-03,6.115145542688660285e-01,2.877580816540303496e-02,6.254648927058683097e-03,9.995663220773433055e-01,2.849629910136238231e-01,0.000000000000000000e+00,0.000000000000000000e+00,0.000000000000000000e+00,1.000000000000000056e-01
9.958387953737407594e-01,-8.694984860173600449e-02,-2.729134398874537640e-02,1.071827327271211416e+01,8.682769380084283395e-02,9.962074255152452151e-01,-5.631779249413962525e-03,6.924325239145396882e-01,2.767752188697393881e-02,3.238699804278975282e-03,9.996116573978985897e-01,3.128007710017322585e-01,0.000000000000000000e+00,0.000000000000000000e+00,0.000000000000000000e+00,1.000000000000000056e-01
9.953093128501518949e-01,-9.236585344239642281e-02,-2.877361415631029401e-02,1.151908694620432705e+01,9.208300711911290848e-02,9.956904907320089926e-01,-1.100756402445673965e-02,8.073776521868530898e-01,2.966633704487084411e-02,8.306370068137960971e-03,9.995253436820055182e-01,3.373278511329519391e-01,0.000000000000000000e+00,0.000000000000000000e+00,0.000000000000000000e+00,1.000000000000000056e-01
9.948638222061656489e-01,-9.648193944509114717e-02,-3.061389596658185136e-02,1.236786816700220193e+01,9.620107504958466671e-02,9.953063069541199237e-01,-1.052181052174230511e-02,9.063619281348479495e-01,3.148536842158767418e-02,7.522678928748281063e-03,9.994759030997655280e-01,3.773463379373406257e-01,0.000000000000000000e+00,0.000000000000000000e+00,0.000000000000000000e+00,1.000000000000000056e-01
9.943512070014927096e-01,-9.997442160850052162e-02,-3.564817188468885623e-02,1.325428892142041626e+01,9.976179600934149960e-02,9.949815647791893092e-01,-7.698688625115445057e-03,1.012562042621404590e+00,3.623894578578508441e-02,4.098874675045933828e-03,9.993347477370799758e-01,4.285871421054285313e-01,0.000000000000000000e+00,0.000000000000000000e+00,0.000000000000000000e+00,1.000000000000000056e-01
9.943244210937380867e-01,-9.884844985762525349e-02,-3.934373618947824280e-02,1.416597603216282053e+01,9.882451436207118078e-02,9.951015900680898474e-01,-2.557499767381412291e-03,1.121014940660519876e+00,3.940381932888613326e-02,-1.345141146465738844e-03,9.992224625265350157e-01,4.724406279356031524e-01,0.000000000000000000e+00,0.000000000000000000e+00,0.000000000000000000e+00,1.000000000000000056e-01
9.920713558680571698e-01,-1.187355650717005495e-01,-4.118604682679035539e-02,1.506685954794771476e+01,1.185444698896205573e-01,9.929236445189650873e-01,-7.060085960145045733e-03,1.330663820045988155e+00,4.173288301451804488e-02,2.121730963095178318e-03,9.991265509098518072e-01,5.040543761894653585e-01,0.000000000000000000e+00,0.000000000000000000e+00,0.000000000000000000e+00,1.000000000000000056e-01
9.915240002293681520e-01,-1.237428680622652821e-01,-3.959620654654743416e-02,1.601534632096645439e+01,1.235251561622580374e-01,9.923099324384168085e-01,-7.907830243152870475e-03,1.471077046594856608e+00,4.027024663745933791e-02,2.949675878730415382e-03,9.991844707800300318e-01,5.549294760853266117e-01,0.000000000000000000e+00,0.000000000000000000e+00,0.000000000000000000e+00,1.000000000000000056e-01
9.910566726115854763e-01,-1.273776915512916108e-01,-3.976927667328966631e-02,1.693181208471196797e+01,1.271335175064628176e-01,9.918481566338869237e-01,-8.619913479514740295e-03,1.595819396040643268e+00,4.054306843945784666e-02,3.486814739044598495e-03,9.991717078282836839e-01,6.007744239008696585e-01,0.000000000000000000e+00,0.000000000000000000e+00,0.000000000000000000e+00,1.000000000000000056e-01
9.904516450282869755e-01,-1.316843282558784745e-01,-4.080167340389791869e-02,1.779392436598570271e+01,1.314027575226751898e-01,9.912833586261552421e-01,-9.519360602805492302e-03,1.742442071152135119e+00,4.169957045578932125e-02,4.067013971854381224e-03,9.991219170957843509e-01,6.568442558599973946e-01,0.000000000000000000e+00,0.000000000000000000e+00,0.000000000000000000e+00,1.000000000000000056e-01
9.902125429352053310e-01,-1.328080387621093650e-01,-4.290856154610912104e-02,1.869482075426077827e+01,1.324631379644071461e-01,9.911291318963446617e-01,-1.079634137199362437e-02,1.856623670597385534e+00,4.396176627953670563e-02,5.006869936421860789e-03,9.990206676335695590e-01,6.881110511293545562e-01,0.000000000000000000e+00,0.000000000000000000e+00,0.000000000000000000e+00,1.000000000000000056e-01
9.898356038849256411e-01,-1.356749091029546828e-01,-4.263562268420210272e-02,1.961318988915083850e+01,1.352598464472914153e-01,9.907314717057797981e-01,-1.248698965943464967e-02,1.980646281512971951e+00,4.393462439602521113e-02,6.593179172801486021e-03,9.990126519557074314e-01,7.474448386764679375e-01,0.000000000000000000e+00,0.000000000000000000e+00,0.000000000000000000e+00,1.000000000000000056e-01
9.878670547285727244e-01,-1.496504358991982697e-01,-4.151420500352814152e-02,2.053202953873362091e+01,1.492355166879737738e-01,9.887170396003089889e-01,-1.293739397538878032e-02,2.147556737035917429e+00,4.298188852026527812e-02,6.585031448738508028e-03,9.990541499939082914e-01,7.897306941304009786e-01,0.000000000000000000e+00,0.000000000000000000e+00,0.000000000000000000e+00,1.000000000000000056e-01
9.878735005465048014e-01,-1.498851807390500224e-01,-4.050159889210588199e-02,2.144650556225639093e+01,1.494593329598130904e-01,9.886775769744823306e-01,-1.336250646676628503e-02,2.287140205466109411e+00,4.204586435313761167e-02,7.147124085179669233e-03,9.990901180114377667e-01,8.343978010899296693e-01,0.000000000000000000e+00,0.000000000000000000e+00,0.000000000000000000e+00,1.000000000000000056e-01
9.878005763953778828e-01,-1.512061790514236392e-01,-3.723859140230721676e-02,2.239714079323889351e+01,1.508237815193256282e-01,9.884766400930027341e-01,-1.288871283950034086e-02,2.454777125256274228e+00,3.875833073250069261e-02,7.115012798103923647e-03,9.992232825508585714e-01,8.811708932585049503e-01,0.000000000000000000e+00,0.000000000000000000e+00,0.000000000000000000e+00,1.000000000000000056e-01
9.876263564304732512e-01,-1.523975085731202883e-01,-3.700242511746472396e-02,2.335799534286119794e+01,1.520273437957623819e-01,9.882955117849798743e-01,-1.263598528290393007e-02,2.614019447665691942e+00,3.849502334423136884e-02,6.854251700253726973e-03,9.992352838102529500e-01,9.333571379430157799e-01,0.000000000000000000e+00,0.000000000000000000e+00,0.000000000000000000e+00,1.000000000000000056e-01
9.877907127891408789e-01,-1.513433663730035794e-01,-3.694175391623646942e-02,2.429678714332311174e+01,1.509041335596002231e-01,9.884432521238399882e-01,-1.441803750422741143e-02,2.755870972914519434e+00,3.869690171250536603e-02,8.667340176419728592e-03,9.992134041395356325e-01,9.829347418112521773e-01,0.000000000000000000e+00,0.000000000000000000e+00,0.000000000000000000e+00,1.000000000000000056e-01
9.876784544157893864e-01,-1.513270874107569275e-01,-3.989214582614586391e-02,2.524694384697460237e+01,1.508235474769455131e-01,9.884413478699417555e-01,-1.536096831330256707e-02,2.912416925052141448e+00,4.175557698448088828e-02,9.155022492045652993e-03,9.990859108974879943e-01,1.032701129872133361e+00,0.000000000000000000e+00,0.000000000000000000e+00,0.000000000000000000e+00,1.000000000000000056e-01
9.879782425703191873e-01,-1.483532879596932141e-01,-4.347751325929243710e-02,2.619864500775240046e+01,1.477776490806915199e-01,9.888881605116351947e-01,-1.618556245851068484e-02,3.062281398062852933e+00,4.539557951879896053e-02,9.565978855438691392e-03,9.989232870489553884e-01,1.079979537140161927e+00,0.000000000000000000e+00,0.000000000000000000e+00,0.000000000000000000e+00,1.000000000000000056e-01
9.875499767249747984e-01,-1.491779543261626262e-01,-4.990973265369283429e-02,2.716390588833624520e+01,1.485810964726025640e-01,9.887790061011586529e-01,-1.548337381206277459e-02,3.214702430253955079e+00,5.165947387944375135e-02,7.874962645386540325e-03,9.986337084846639289e-01,1.144662883253135366e+00,0.000000000000000000e+00,0.000000000000000000e+00,0.000000000000000000e+00,1.000000000000000056e-01
9.872433453184040753e-01,-1.519834779269763070e-01,-4.745102276818474046e-02,2.811982007072743528e+01,1.512092804470967500e-01,9.883090053919402207e-01,-1.952084444549418568e-02,3.336866616209896996e+00,4.986311894775267289e-02,1.209678876455384799e-02,9.986828010286289414e-01,1.214249080207250975e+00,0.000000000000000000e+00,0.000000000000000000e+00,0.000000000000000000e+00,1.000000000000000056e-01
9.872864770412962399e-01,-1.531488309107848778e-01,-4.255405787989988142e-02,2.911863059898800188e+01,1.524905451210249174e-01,9.881349975371965799e-01,-1.832649150429908197e-02,3.489806576843523800e+00,4.485583462693241985e-02,1.160440575058910989e-02,9.989260692699419852e-01,1.288872502469041947e+00,0.000000000000000000e+00,0.000000000000000000e+00,0.000000000000000000e+00,1.000000000000000056e-01
9.875077747446873166e-01,-1.520245720415434598e-01,-4.143578543217767141e-02,3.006382610837570724e+01,1.511973023238816771e-01,9.882489775848775082e-01,-2.243510803238778217e-02,3.616915349044449890e+00,4.435956028610549273e-02,1.588986463220345979e-02,9.988892539281787331e-01,1.338632145186413380e+00,0.000000000000000000e+00,0.000000000000000000e+00,0.000000000000000000e+00,1.000000000000000056e-01
9.868740506995767880e-01,-1.555579792156301933e-01,-4.337422227727873864e-02,3.099258036393151983e+01,1.543374322661338338e-01,9.875560359171852154e-01,-3.021643468432046523e-02,3.749456699150430783e+00,4.753488253173421968e-02,2.312554920179878473e-02,9.986018445390582032e-01,1.402057480583450921e+00,0.000000000000000000e+00,0.000000000000000000e+00,0.000000000000000000e+00,1.000000000000000056e-01
9.864563668176573596e-01,-1.572887984175175002e-01,-4.651956854143142472e-02,3.195416780421995284e+01,1.559422304722840880e-01,9.872699772549805575e-01,-3.130515558624683004e-02,3.899989279555339472e+00,5.085132368224470900e-02,2.362680476331142226e-02,9.984267208846325792e-01,1.453230274266407607e+00,0.000000000000000000e+00,0.000000000000000000e+00,0.000000000000000000e+00,1.000000000000000056e-01
9.860975524328464692e-01,-1.584059675706628034e-01,-5.019129928535133456e-02,3.292940418801024549e+01,1.569718509592076539e-01,9.871051843666789338e-01,-3.135590857980407459e-02,4.054880049826325994e+00,5.451105477231101004e-02,2.304136355398373609e-02,9.982472842303069527e-01,1.504072360252352247e+00,0.000000000000000000e+00,0.000000000000000000e+00,0.000000000000000000e+00,1.000000000000000056e-01
9.860781888552668795e-01,-1.578418823361474599e-01,-5.230435588455815965e-02,3.389075171662967989e+01,1.562906010617758079e-01,9.871744890202857059e-01,-3.255420475586408985e-02,4.213939675301247689e+00,5.677194275049582406e-02,2.392631204593934774e-02,9.981004348802853254e-01,1.563039833937891254e+00,0.000000000000000000e+00,0.000000000000000000e+00,0.000000000000000000e+00,1.000000000000000056e-01
9.854209877880847346e-01,-1.623437785996532934e-01,-5.089179085807567227e-02,3.484602848820889420e+01,1.607772114754616732e-01,9.864212149849134192e-01,-3.352424343459343287e-02,4.363172943760797118e+00,5.564319452484763062e-02,2.485325285901147235e-02,9.981413480691980755e-01,1.637007248974617024e+00,0.000000000000000000e+00,0.000000000000000000e+00,0.000000000000000000e+00,1.000000000000000056e-01
9.848825821533087055e-01,-1.651119756519954240e-01,-5.238639964080430561e-02,3.582968468888358160e+01,1.634619932679993171e-01,9.859502181709918212e-01,-3.438523004759758833e-02,4.550199130073347753e+00,5.732779542145096524e-02,2.530222885179357270e-02,9.980347293993570013e-01,1.698106137871958188e+00,0.000000000000000000e+00,0.000000000000000000e+00,0.000000000000000000e+00,1.000000000000000056e-01
9.845059135834504094e-01,-1.674974382450073462e-01,-5.189137019366122511e-02,3.680604748828601203e+01,1.657839392433354542e-01,9.855134706147516965e-01,-3.576149781299664543e-02,4.707363347387614638e+00,5.712960360599132065e-02,2.660465031205746372e-02,9.980122248617977476e-01,1.776633440166056177e+00,0.000000000000000000e+00,0.000000000000000000e+00,0.000000000000000000e+00,1.000000000000000056e-01
9.842624421266662482e-01,-1.689990000356802746e-01,-5.164090438587462528e-02,3.780539947327904571e+01,1.672880708283474294e-01,9.852556725371738322e-01,-3.586029966203749253e-02,4.879905626691676268e+00,5.693984876499696979e-02,2.665703885020697869e-02,9.980216710584784989e-01,1.844647438515607307e+00,0.000000000000000000e+00,0.000000000000000000e+00,0.000000000000000000e+00,1.000000000000000056e-01
9.843729167622251586e-01,-1.692033639414042001e-01,-4.878711280596675914e-02,3.878041842260271466e+01,1.676299542231645401e-01,9.852375208985643118e-01,-3.474515593274717096e-02,5.046448459271933196e+00,5.394589133723874663e-02,2.602400900253208985e-02,9.982046843024064975e-01,1.923011106007771476e+00,0.000000000000000000e+00,0.000000000000000000e+00,0.000000000000000000e+00,1.000000000000000056e-01
9.841020693910397243e-01,-1.707490557860710523e-01,-4.886590803861620702e-02,3.977845319136866920e+01,1.693737521555818970e-01,9.850625530302634658e-01,-3.105315923120985366e-02,5.236508657020764623e+00,5.343827374656495710e-02,2.228287606357304967e-02,9.983225051722126597e-01,1.982318143211508454e+00,0.000000000000000000e+00,0.000000000000000000e+00,0.000000000000000000e+00,1.000000000000000056e-01
9.830988977801426998e-01,-1.750039700762703321e-01,-5.376027939857074694e-02,4.077630729920812769e+01,1.732526826222378635e-01,9.842299098135862678e-01,-3.570703841734907541e-02,5.429860379700889084e+00,5.916134842671048194e-02,2.578943748676567824e-02,9.979152467852415720e-01,2.067823359152954676e+00,0.000000000000000000e+00,0.000000000000000000e+00,0.000000000000000000e+00,1.000000000000000056e-01
9.829315580203574765e-01,-1.756901671727146841e-01,-5.457579506059592050e-02,4.179396257958868688e+01,1.741168184050666534e-01,9.841920247513291642e-01,-3.239431994001682608e-02,5.606895227292571171e+00,5.940442572880944710e-02,2.233883557177275547e-02,9.979840132132015151e-01,2.159008585954294013e+00,0.000000000000000000e+00,0.000000000000000000e+00,0.000000000000000000e+00,1.000000000000000056e-01
9.821652041115374043e-01,-1.788611047464518378e-01,-5.796737911464328735e-02,4.281013328969781639e+01,1.771201217462113342e-01,9.836039395809060837e-01,-3.393747948107822543e-02,5.789351434505635829e+00,6.308703753663875979e-02,2.306502221546989639e-02,9.977414647317462970e-01,2.238728790893353082e+00,0.000000000000000000e+00,0.000000000000000000e+00,0.000000000000000000e+00,1.000000000000000056e-01
9.829075378579824607e-01,-1.739985198112563025e-01,-6.014388685020859854e-02,4.381612067425682255e+01,1.721620999524888229e-01,9.844638035611790183e-01,-3.451421182361896073e-02,5.915962513592731398e+00,6.521490137927139774e-02,2.356978110522539235e-02,9.975928438279535460e-01,2.322067151874578350e+00,0.000000000000000000e+00,0.000000000000000000e+00,0.000000000000000000e+00,1.000000000000000056e-01
9.825817386503973294e-01,-1.767439192954181337e-01,-5.739959810710401622e-02,4.480832326502643781e+01,1.748250968168334196e-01,9.839067950676863017e-01,-3.692701101658268925e-02,6.102828470523497195e+00,6.300247926666985299e-02,2.624891639151441178e-02,9.976681221701554358e-01,2.416543404118868477e+00,0.000000000000000000e+00,0.000000000000000000e+00,0.000000000000000000e+00,1.000000000000000056e-01
9.825853614328192709e-01,-1.770086083016151612e-01,-5.651513146991065523e-02,4.578767378364594265e+01,1.751472375945621607e-01,9.838697005749703628e-01,-3.638485197870225396e-02,6.265588340543448709e+00,6.204395748926643667e-02,2.585275377292442153e-02,9.977385341167427368e-01,2.491269978535318952e+00,0.000000000000000000e+00,0.000000000000000000e+00,0.000000000000000000e+00,1.000000000000000056e-01
9.815850411953668253e-01,-1.812423908067923861e-01,-6.034900725055866721e-02,4.670449772005462563e+01,1.793831296422011556e-01,9.831577614428438361e-01,-3.496439495351686549e-02,6.444370368186522313e+00,6.566962540824555772e-02,2.349493326941382715e-02,9.975647790541757320e-01,2.576791081115878068e+00,0.000000000000000000e+00,0.000000000000000000e+00,0.000000000000000000e+00,1.000000000000000056e-01
9.814228307900341175e-01,-1.801957171405378921e-01,-6.586904226025507014e-02,4.766554477271763091e+01,1.781474166403660409e-01,9.833524426535364960e-01,-3.579764617523167186e-02,6.608173421357873778e+00,7.122306612635993794e-02,2.339822752967637282e-02,9.971859394315734093e-01,2.637495102382242163e+00,0.000000000000000000e+00,0.000000000000000000e+00,0.000000000000000000e+00,1.000000000000000056e-01
9.813443964614686488e-01,-1.807156358369708948e-01,-6.561276169858465401e-02,4.861652933351049199e+01,1.784332983001974127e-01,9.831720489898173598e-01,-3.916988821629457246e-02,6.785899047268265427e+00,7.158724461374882386e-02,2.673164883061946578e-02,9.970760679905057433e-01,2.723804119763661991e+00,0.000000000000000000e+00,0.000000000000000000e+00,0.000000000000000000e+00,1.000000000000000056e-01
9.818726529952994664e-01,-1.785475612181317839e-01,-6.361494858152152987e-02,4.958632434076008622e+01,1.763080003131236861e-01,9.835510946315912939e-01,-3.927764344491677106e-02,6.990126399972131921e+00,6.958147975977313493e-02,2.734981959823361633e-02,9.972012861215053814e-01,2.812015476915608936e+00,0.000000000000000000e+00,0.000000000000000000e+00,0.000000000000000000e+00,1.000000000000000056e-01
9.827656387656881209e-01,-1.739768326674828447e-01,-6.248008447865335824e-02,5.058323300962519653e+01,1.717569876511998717e-01,9.843536142148235912e-01,-3.933826858416364369e-02,7.177831972319124176e+00,6.834644434390546586e-02,2.792890755480580134e-02,9.972706451452085785e-01,2.911750954068696107e+00,0.000000000000000000e+00,0.000000000000000000e+00,0.000000000000000000e+00,1.000000000000000056e-01
9.826677486464139299e-01,-1.747719844842877124e-01,-6.179683818458869826e-02,5.151635958196580845e+01,1.722074743157829824e-01,9.840468816531080520e-01,-4.468020253504887546e-02,7.359080246930464142e+00,6.861983357577661202e-02,3.326391660971311087e-02,9.970881757857801286e-01,2.991655510850626865e+00,0.000000000000000000e+00,0.000000000000000000e+00,0.000000000000000000e+00,1.000000000000000056e-01
9.831598250892115143e-01,-1.718487810605880961e-01,-6.216715192560372943e-02,5.245302631671716398e+01,1.692654677201362312e-01,9.845557041065400306e-01,-4.471316303683567361e-02,7.527692318161719243e+00,6.889092660165457849e-02,3.343743350296467243e-02,9.970636781433271922e-01,3.069452383278901131e+00,0.000000000000000000e+00,0.000000000000000000e+00,0.000000000000000000e+00,1.000000000000000056e-01
9.833814135963337977e-01,-1.711994345453169419e-01,-6.042970299976709037e-02,5.343432966728529721e+01,1.685630034119321996e-01,9.846002408247328530e-01,-4.635600984367645866e-02,7.699860261326406885e+00,6.743522279955231624e-02,3.539942625582833541e-02,9.970954675188995475e-01,3.165245470079620649e+00,0.000000000000000000e+00,0.000000000000000000e+00,0.000000000000000000e+00,1.000000000000000056e-01
9.819834095968549281e-01,-1.793421382617650106e-01,-5.953974067993093172e-02,5.439996613627826605e+01,1.765969719991396236e-01,9.830832395569498727e-01,-4.858861577517810393e-02,7.877677304441601969e+00,6.724650739830698165e-02,3.719867666881113144e-02,9.970427100665341102e-01,3.241694011392253660e+00,0.000000000000000000e+00,0.000000000000000000e+00,0.000000000000000000e+00,1.000000000000000056e-01
9.822150326820296984e-01,-1.795317010972454219e-01,-5.497270117584393545e-02,5.531820812242935403e+01,1.769177330067067677e-01,9.829929019248372368e-01,-4.924500495639158593e-02,8.041249536821036159e+00,6.287881456585299456e-02,3.864353848338344943e-02,9.972727468512695426e-01,3.321112242850858376e+00,0.000000000000000000e+00,0.000000000000000000e+00,0.000000000000000000e+00,1.000000000000000056e-01
9.822263763954106608e-01,-1.808511367324713015e-01,-5.024153516478146314e-02,5.623565757046534230e+01,1.784358605075860582e-01,9.827292586219674719e-01,-4.902905193082413710e-02,8.229974159560461189e+00,5.824078637912010609e-02,3.919273645576588222e-02,9.975329268806371052e-01,3.407106231989275980e+00,0.000000000000000000e+00,0.000000000000000000e+00,0.000000000000000000e+00,1.000000000000000056e-01
9.822880878604285382e-01,-1.813909429887939351e-01,-4.698338269153404939e-02,5.714542477190322955e+01,1.795263550414480935e-01,9.828861767454406539e-01,-4.129226814141236102e-02,8.409602149107954006e+00,5.366936084056673356e-02,3.212614767391946957e-02,9.980418379720353839e-01,3.491334632087719658e+00,0.000000000000000000e+00,0.000000000000000000e+00,0.000000000000000000e+00,1.000000000000000056e-01
9.815261371486627695e-01,-1.848710080159217672e-01,-4.928643311502120539e-02,5.800347474063406850e+01,1.829948517456115864e-01,9.822904054764346471e-01,-4.022988371277241848e-02,8.582941026164540688e+00,5.585092952338491235e-02,3.046751883758411217e-02,9.979741499494139134e-01,3.576005302276870079e+00,0.000000000000000000e+00,0.000000000000000000e+00,0.000000000000000000e+00,1.000000000000000056e-01
9.810405176079336487e-01,-1.859247951042723446e-01,-5.469436330182531059e-02,5.891037903403673681e+01,1.839201141052425048e-01,9.821394256064395201e-01,-3.969307618423666140e-02,8.781572998580744027e+00,6.109741761377711355e-02,2.888112246584938203e-02,9.977138799906716260e-01,3.642265632200168746e+00,0.000000000000000000e+00,0.000000000000000000e+00,0.000000000000000000e+00,1.000000000000000056e-01
9.804276483454529290e-01,-1.872202585726868707e-01,-6.091142043805258116e-02,5.988061476576663722e+01,1.850770413577247364e-01,9.819436059396713379e-01,-3.915665354018928179e-02,8.963295431842087879e+00,6.714249862848410688e-02,2.711696026791421410e-02,9.973748319181472421e-01,3.717288296740037801e+00,0.000000000000000000e+00,0.000000000000000000e+00,0.000000000000000000e+00,1.000000000000000056e-01
9.809990225746993975e-01,-1.843710553163663834e-01,-6.040059328362500785e-02,6.078941138149821199e+01,1.824422633221295387e-01,9.825545445346134388e-01,-3.607474973270063945e-02,9.171606052488742833e+00,6.599801710190442150e-02,2.436967328274226505e-02,9.975221204377922035e-01,3.793444490002136238e+00,0.000000000000000000e+00,0.000000000000000000e+00,0.000000000000000000e+00,1.000000000000000056e-01
9.806420783645020123e-01,-1.872797855522888577e-01,-5.716114121007988269e-02,6.172524479374278172e+01,1.855262883211102887e-01,9.820290176078020350e-01,-3.462665040178707770e-02,9.372430530194931109e+00,6.261877100951634967e-02,2.335145605190451501e-02,9.977643003322547166e-01,3.872635139762922840e+00,0.000000000000000000e+00,0.000000000000000000e+00,0.000000000000000000e+00,1.000000000000000056e-01
9.799896901722399134e-01,-1.909292755120869101e-01,-5.626916481117128638e-02,6.261270444198556362e+01,1.891040885584040210e-01,9.812896174463028309e-01,-3.619848591562802032e-02,9.565043250845866041e+00,6.212769790208257786e-02,2.483341387160132446e-02,9.977592147952677459e-01,3.953221797044428332e+00,0.000000000000000000e+00,0.000000000000000000e+00,0.000000000000000000e+00,1.000000000000000056e-01
9.793696991435788535e-01,-1.944270130424178566e-01,-5.507385040851301566e-02,6.343956980550458979e+01,1.927119395981932437e-01,9.806325091816298078e-01,-3.495697745004607004e-02,9.733892913022978988e+00,6.080378882699746107e-02,2.362241595485519915e-02,9.978701722813132502e-01,4.020566836060368132e+00,0.000000000000000000e+00,0.000000000000000000e+00,0.000000000000000000e+00,1.000000000000000056e-01
9.785633391806756176e-01,-1.985026614075838525e-01,-5.486788337153238743e-02,6.426655822747990499e+01,1.967922557758346180e-01,9.798186363330880777e-01,-3.504636872810212161e-02,9.889660638467972831e+00,6.071737212877757056e-02,2.349751707039955673e-02,9.978783830774679009e-01,4.082032702561520843e+00,0.000000000000000000e+00,0.000000000000000000e+00,0.000000000000000000e+00,1.000000000000000056e-01
9.779871247878315632e-01,-2.013780143025172831e-01,-5.466332504344651594e-02,6.507386319186628043e+01,1.997756227737452761e-01,9.792721621773219365e-01,-3.340258867086692840e-02,1.005078669057089868e+01,6.025681948620056211e-02,2.174690185125354933e-02,9.979459844927877077e-01,4.145801478386186290e+00,0.000000000000000000e+00,0.000000000000000000e+00,0.000000000000000000e+00,1.000000000000000056e-01
9.773223569163804747e-01,-2.040901715203073674e-01,-5.646425913994187334e-02,6.587155509771143613e+01,2.023240574587983620e-01,9.786763247210984451e-01,-3.546303996856255136e-02,1.021716788064590808e+01,6.249789152299344702e-02,2.323474379489728209e-02,9.977746039241355280e-01,4.217982349833592437e+00,0.000000000000000000e+00,0.000000000000000000e+00,0.000000000000000000e+00,1.000000000000000056e-01
9.764743869242890062e-01,-2.083812620855412245e-01,-5.545287451945854484e-02,6.662851262563268051e+01,2.066919390783645005e-01,9.777907558070952909e-01,-3.469409428440366899e-02,1.037208310897408481e+01,6.145090724195617637e-02,2.241623228436043919e-02,9.978583559450279195e-01,4.285063273362836433e+00,0.000000000000000000e+00,0.000000000000000000e+00,0.000000000000000000e+00,1.000000000000000056e-01
9.756923735291037625e-01,-2.127970113339112956e-01,-5.236243123174322278e-02,6.741716960233398481e+01,2.111827077165090161e-01,9.768303124591741771e-01,-3.470453316838577329e-02,1.054288956991637072e+01,5.853423099919684292e-02,2.280290832914279309e-02,9.980249351459438145e-01,4.356131127091281030e+00,0.000000000000000000e+00,0.000000000000000000e+00,0.000000000000000000e+00,1.000000000000000056e-01
9.716721751685624131e-01,-2.306608048671983935e-01,-5.146627149124694683e-02,6.822420515929843532e+01,2.293215871550118579e-01,9.728681961818768098e-01,-3.064445337296198626e-02,1.075178663077567620e+01,5.713837298961891437e-02,1.797403560243407764e-02,9.982044582029583335e-01,4.422056180489753352e+00,0.000000000000000000e+00,0.000000000000000000e+00,0.000000000000000000e+00,1.000000000000000056e-01
9.707783291687477334e-01,-2.348384555902974791e-01,-4.939975093356662600e-02,6.896121253047786581e+01,2.335984567715422844e-01,9.718820544485488044e-01,-2.961474691470156531e-02,1.091466197327622289e+01,5.496541285470740029e-02,1.720964894562959299e-02,9.983399377831579935e-01,4.490678326003487264e+00,0.000000000000000000e+00,0.000000000000000000e+00,0.000000000000000000e+00,1.000000000000000056e-01
9.705596485307235177e-01,-2.349740796575577328e-01,-5.292589661972864346e-02,6.963628588243025774e+01,2.338476854923356996e-01,9.719081351461501539e-01,-2.664276311891029814e-02,1.108771890189751907e+01,5.769946822801866326e-02,1.348179238144672776e-02,9.982429627302099595e-01,4.546452288476562131e+00,0.000000000000000000e+00,0.000000000000000000e+00,0.000000000000000000e+00,1.000000000000000056e-01
9.695765714195979657e-01,-2.381521279255090495e-01,-5.661127201158119848e-02,7.030118966119263746e+01,2.368665488862555790e-01,9.711233509576394640e-01,-2.852499331324279824e-02,1.127042323994293582e+01,6.176981603447084801e-02,1.424784858697659973e-02,9.979887216986523812e-01,4.599271655418676552e+00,0.000000000000000000e+00,0.000000000000000000e+00,0.000000000000000000e+00,1.000000000000000056e-01
9.683674344674242374e-01,-2.416960972710383848e-01,-6.202828731254503986e-02,7.102176037382891138e+01,2.401201184803415101e-01,9.702212885121389574e-01,-3.182734702785559866e-02,1.145675154525997996e+01,6.787371040370229758e-02,1.592632668864794876e-02,9.975667955351364968e-01,4.659670575463898956e+00,0.000000000000000000e+00,0.000000000000000000e+00,0.000000000000000000e+00,1.000000000000000056e-01
9.667840351095629003e-01,-2.474009900692124286e-01,-6.419797169728182207e-02,7.173776615554051261e+01,2.457979309003530954e-01,9.687961907947424400e-01,-3.189542077951224713e-02,1.164327440777357836e+01,7.008570911660076674e-02,1.505625499154294999e-02,9.974273419970263177e-01,4.718249773241576683e+00,0.000000000000000000e+00,0.000000000000000000e+00,0.000000000000000000e+00,1.000000000000000056e-01
9.664744214396340238e-01,-2.493274004472081085e-01,-6.134362305213351269e-02,7.240727716838233619e+01,2.478492581065160627e-01,9.683104557098221044e-01,-3.075071737514738918e-02,1.180903649980547243e+01,6.706666801753524698e-02,1.451581032096220698e-02,9.976428986825655043e-01,4.790787416302768165e+00,0.000000000000000000e+00,0.000000000000000000e+00,0.000000000000000000e+00,1.000000000000000056e-01
9.648221935337679689e-01,-2.563655762593675669e-01,-5.826513686494490252e-02,7.297467493987605280e+01,2.548545566189709954e-01,9.664444818234967371e-01,-3.215926808030030587e-02,1.196997596186393409e+01,6.455454929930246055e-02,1.617883994961664268e-02,9.977830201514999997e-01,4.838944546804618163e+00,0.000000000000000000e+00,0.000000000000000000e+00,0.000000000000000000e+00,1.000000000000000056e-01
9.651211503822526572e-01,-2.544733218067943836e-01,-6.151823773039073739e-02,7.350675131321904132e+01,2.527015951294533380e-01,9.669047211454785407e-01,-3.517334282683642899e-02,1.209341381747830724e+01,6.843295188625896086e-02,1.840078028780306810e-02,9.974860111204231217e-01,4.889549485103875881e+00,0.000000000000000000e+00,0.000000000000000000e+00,0.000000000000000000e+00,1.000000000000000056e-01
9.641542717314836031e-01,-2.580838769226796447e-01,-6.163807893252022663e-02,7.412869892646696712e+01,2.557511869478470423e-01,9.657738219671822000e-01,-4.326956410306020268e-02,1.224741571802027451e+01,7.069561992584709464e-02,2.595452321774762566e-02,9.971602138311774777e-01,4.954147315804566354e+00,0.000000000000000000e+00,0.000000000000000000e+00,0.000000000000000000e+00,1.000000000000000056e-01
9.637620178229615586e-01,-2.581151100423133005e-01,-6.737479476523862421e-02,7.471425377706187021e+01,2.552267965444929287e-01,9.656597144126997101e-01,-4.858598857715282909e-02,1.239372343466806647e+01,7.760190285972097535e-02,2.962947735326564719e-02,9.965440475685571897e-01,5.010916969499110252e+00,0.000000000000000000e+00,0.000000000000000000e+00,0.000000000000000000e+00,1.000000000000000056e-01
9.646186169364477925e-01,-2.548788321643106758e-01,-6.743667232427595637e-02,7.529017686345358129e+01,2.522429397731429934e-01,9.666068405307833844e-01,-4.521852688554953148e-02,1.252581660908409411e+01,7.670999409605745722e-02,2.660820838864884699e-02,9.966983395451850525e-01,5.074423522965836320e+00,0.000000000000000000e+00,0.000000000000000000e+00,0.000000000000000000e+00,1.000000000000000056e-01
9.647345112093905772e-01,-2.551913298473443281e-01,-6.453454929200394541e-02,7.585935641065503887e+01,2.526161419003475905e-01,9.664976338351745078e-01,-4.546876556925995294e-02,1.269308164391677529e+01,7.397572394347784464e-02,2.756281846533052693e-02,9.968790715554648463e-01,5.115588112647285080e+00,0.000000000000000000e+00,0.000000000000000000e+00,0.000000000000000000e+00,1.000000000000000056e-01
9.653279265943366383e-01,-2.533902983344608062e-01,-6.273237479206361655e-02,7.644274423792234074e+01,2.506705592292195472e-01,9.668764445772335403e-01,-4.810625382835580915e-02,1.281969281685233852e+01,7.284411350815730990e-02,3.071315079344400650e-02,9.968703213034029176e-01,5.169118995065337785e+00,0.000000000000000000e+00,0.000000000000000000e+00,0.000000000000000000e+00,1.000000000000000056e-01
9.659495784346641134e-01,-2.521747905736690387e-01,-5.787302412195936135e-02,7.703508506028182978e+01,2.493147183819632295e-01,9.670068642250645441e-01,-5.234401340869700159e-02,1.295434197085202221e+01,6.916345219852093607e-02,3.613308097483040882e-02,9.969507597365324658e-01,5.230410144273311523e+00,0.000000000000000000e+00,0.000000000000000000e+00,0.000000000000000000e+00,1.000000000000000056e-01
9.676607831904485701e-01,-2.463102961610617869e-01,-5.444122225205557525e-02,7.760774830006187130e+01,2.435180961498518426e-01,9.684389382309277483e-01,-5.315035056991510021e-02,1.306976905022469282e+01,6.581447806371469589e-02,3.817408706443942146e-02,9.971013958239138830e-01,5.301507572926808187e+00,0.000000000000000000e+00,0.000000000000000000e+00,0.000000000000000000e+00,1.000000000000000056e-01
9.698104486977221494e-01,-2.380714473586282853e-01,-5.281741710165950565e-02,7.810632970924480389e+01,2.355330956951685595e-01,9.705762118452768705e-01,-5.005974263140711145e-02,1.321670090212113458e+01,6.318112399264014245e-02,3.610821170648062517e-02,9.973486564980105218e-01,5.355762365438976325e+00,0.000000000000000000e+00,0.000000000000000000e+00,0.000000000000000000e+00,1.000000000000000056e-01
9.728608302262820029e-01,-2.250333451484834157e-01,-5.386834490415266796e-02,7.860992986523541504e+01,2.225476077521310880e-01,9.737163729569787707e-01,-4.846635244486086763e-02,1.332816936654952400e+01,6.335903483507950018e-02,3.516274458556106070e-02,9.973711516271051014e-01,5.399336577081428779e+00,0.000000000000000000e+00,0.000000000000000000e+00,0.000000000000000000e+00,1.000000000000000056e-01
9.768465018397869404e-01,-2.071001426349675378e-01,-5.366975651097495581e-02,7.907808003954703224e+01,2.051889220031369587e-01,9.779441687468934941e-01,-3.902190540117218137e-02,1.344107401307696392e+01,6.056746759244455158e-02,2.710597230360033832e-02,9.977959952489861006e-01,5.441137036507203817e+00,0.000000000000000000e+00,0.000000000000000000e+00,0.000000000000000000e+00,1.000000000000000056e-01
9.813220036799724655e-01,-1.853945929002508985e-01,-5.134169861695520726e-02,7.956119675702151994e+01,1.833829300199442125e-01,9.821653780702435110e-01,-4.149543465775444584e-02,1.351814941661681502e+01,5.811906804848365055e-02,3.130519195734081384e-02,9.978187004088917567e-01,5.490441315656592991e+00,0.000000000000000000e+00,0.000000000000000000e+00,0.000000000000000000e+00,1.000000000000000056e-01
9.850362281962142808e-01,-1.646388433920395467e-01,-5.096744438862075427e-02,8.011500015674519659e+01,1.626069001707193817e-01,9.858068205894413571e-01,-4.176013046204207768e-02,1.366541667187868647e+01,5.711939388548666757e-02,3.284758325765461950e-02,9.978268442551974093e-01,5.545710298352482859e+00,0.000000000000000000e+00,0.000000000000000000e+00,0.000000000000000000e+00,1.000000000000000056e-01
9.892669369582040018e-01,-1.374709810807165089e-01,-4.952430516461749088e-02,8.061014334501544454e+01,1.355418381457617338e-01,9.899466914104975146e-01,-4.042224978248185052e-02,1.377759062258762057e+01,5.458330837720445916e-02,3.327577987237134716e-02,9.979546006309527595e-01,5.585403244613080354e+00,0.000000000000000000e+00,0.000000000000000000e+00,0.000000000000000000e+00,1.000000000000000056e-01
9.929193802160531934e-01,-1.075790366403909515e-01,-5.037713039559005984e-02,8.108969489212046255e+01,1.054738980419286376e-01,9.935032344068890353e-01,-4.273850786926041562e-02,1.381478941557185180e+01,5.464760949217913749e-02,3.712242042991555774e-02,9.978153960919899923e-01,5.613250646724933901e+00,0.000000000000000000e+00,0.000000000000000000e+00,0.000000000000000000e+00,1.000000000000000056e-01
