9.999999999999998890e-01,-4.858103628532071889e-09,1.140396500514228359e-08,6.953743672578082828e-15,4.858103647165521216e-09,1.000000000000000000e+00,-1.633944791438333167e-09,6.139525604492433282e-15,-1.140396499720441028e-08,1.633944846839976852e-09,9.999999999999998890e-01,-2.184514555922805819e-14,0.000000000000000000e+00,0.000000000000000000e+00,0.000000000000000000e+00,1.000000000000000056e-01
9.998554165965394258e-01,-1.262674209350653221e-02,1.138908629630600369e-02,6.524541773693425251e-01,1.265924847437239001e-02,9.999159855993999813e-01,-2.786605613392370041e-03,4.308010556395427265e-03,-1.135294369865081504e-02,2.930379989789690630e-03,9.999312594086109396e-01,2.975104932989564195e-03,0.000000000000000000e+00,0.000000000000000000e+00,0.000000000000000000e+00,1.000000000000000056e-01
9.995376015250904134e-01,-1.947431513537172670e-02,2.335239147234705742e-02,1.336825791235467076e+00,1.955734857901435947e-02,9.998031827415008177e-01,-3.332551053482774202e-03,-1.285774134950256643e-03,-2.328289616925783428e-02,3.787720947136379371e-03,9.997217412440314588e-01,-1.274802976745391739e-02,0.000000000000000000e+00,0.000000000000000000e+00,0.000000000000000000e+00,1.000000000000000056e-01
9.990742446479318195e-01,-2.752842714484762809e-02,3.305812124267459851e-02,2.068434931229974794e+00,2.774705343498241883e-02,9.995959167843736504e-01,-6.172857821443001637e-03,2.089854575657112967e-02,-3.287483394392719249e-02,7.084408721857862919e-03,9.994343682534740925e-01,-3.672493802674216268e-02,0.000000000000000000e+00,0.000000000000000000e+00,0.000000000000000000e+00,1.000000000000000056e-01
9.983435962325667434e-01,-3.668904215644496619e-02,4.431679193114375359e-02,2.800263003397981176e+00,3.707707852646317109e-02,9.992806603238788554e-01,-7.965685822025416613e-03,7.110333238825684854e-02,-4.399265972145999237e-02,9.595628604491569791e-03,9.989857705704904278e-01,-7.848765978120945952e-02,0.000000000000000000e+00,0.000000000000000000e+00,0.000000000000000000e+00,1.000000000000000056e-01
9.975233030907044718e-01,-4.606885120733216626e-02,5.314998343788208263e-02,3.550970691250506572e+00,4.659716914222585687e-02,9.988754954895161520e-01,-8.743474052363564217e-03,9.913610172343148563e-02,-5.268741423662053752e-02,1.119845788536306432e-02,9.985482616889623797e-01,-1.146363075675311261e-01,0.000000000000000000e+00,0.000000000000000000e+00,0.000000000000000000e+00,1.000000000000000056e-01
9.964209157631414016e-01,-5.559620356240839445e-02,6.367433375536747653e-02,4.309293163015594175e+00,5.630937789715931285e-02,9.983685531369140831e-01,-9.459707613862273004e-03,1.562644423737717947e-01,-6.304452863316205302e-02,1.301131264523704319e-02,9.979258956218494125e-01,-1.481405186067366597e-01,0.000000000000000000e+00,0.000000000000000000e+00,0.000000000000000000e+00,1.000000000000000056e-01
9.950102763736500266e-01,-6.568733688196019826e-02,7.509809374537061710e-02,5.112901147452514117e+00,6.646437239577997202e-02,9.977575853763337443e-01,-7.892276352438845621e-03,2.265706690865667283e-01,-7.441127006621835183e-02,1.284424374356290394e-02,9.971449183994210985e-01,-2.012675250822290041e-01,0.000000000000000000e+00,0.000000000000000000e+00,0.000000000000000000e+00,1.000000000000000056e-01
9.936784939316978260e-01,-7.074743142812532637e-02,8.716565633295907112e-02,5.887376206759046049e+00,7.154654784094312270e-02,9.974187672176972885e-01,-6.074067333569654371e-03,2.967410652297794993e-01,-8.651093682116996197e-02,1.227207188097447985e-02,9.961753129153883002e-01,-2.532222439684692072e-01,0.000000000000000000e+00,0.000000000000000000e+00,0.000000000000000000e+00,1.000000000000000056e-01
9.918932679263696706e-01,-7.969010785466232316e-02,9.898096661711909550e-02,6.690640403306582051e+00,8.087439483615696534e-02,9.966921617483032181e-01,-8.004184491843504418e-03,3.597696699202753701e-01,-9.801569926410945433e-02,1.594432248815758416e-02,9.950571346802963291e-01,-3.215290760901158840e-01,0.000000000000000000e+00,0.000000000000000000e+00,0.000000000000000000e+00,1.000000000000000056e-01
9.900163992894139842e-01,-8.786058806876170801e-02,1.102181754622850451e-01,7.522166593525018818e+00,8.961778713134771479e-02,9.959145753195884909e-01,-1.108200774608074542e-02,4.310446445857855080e-01,-1.087942156904682656e-01,2.084887839225684630e-02,9.938456333365260909e-01,-3.971793245140028961e-01,0.000000000000000000e+00,0.000000000000000000e+00,0.000000000000000000e+00,1.000000000000000056e-01
9.881148693807715322e-01,-9.485811937086305323e-02,1.209584312813452439e-01,8.360151512913811089e+00,9.697899169400453490e-02,9.952169988694111735e-01,-1.175586370185362564e-02,5.259692445962528273e-01,-1.192647478454342963e-01,2.334657042876864610e-02,9.925879596139475236e-01,-4.915461200100588179e-01,0.000000000000000000e+00,0.000000000000000000e+00,0.000000000000000000e+00,1.000000000000000056e-01
9.862695914310841694e-01,-1.020352210788175867e-01,1.298503241342086334e-01,9.207980915312687031e+00,1.044935441850291108e-01,9.944501942805137329e-01,-1.224378695909961873e-02,6.421831521205864091e-01,-1.278803825534377825e-01,2.564419534407869766e-02,9.914580086938332704e-01,-5.901914445274550891e-01,0.000000000000000000e+00,0.000000000000000000e+00,0.000000000000000000e+00,1.000000000000000056e-01
9.843597621872590686e-01,-1.075732630898803277e-01,1.395129085598822427e-01,9.988054468448513745e+00,1.108064672990163591e-01,9.937196331276043626e-01,-1.559543335247017340e-02,7.476032811991728533e-01,-1.369590646556652080e-01,3.081044960617604009e-02,9.900974350051163775e-01,-6.835471603467837554e-01,0.000000000000000000e+00,0.000000000000000000e+00,0.000000000000000000e+00,1.000000000000000056e-01
9.819639742567202179e-01,-1.154005446147178954e-01,1.497647073397932460e-01,1.081578437297697448e+01,1.191151752778635969e-01,9.927508069094701515e-01,-1.604401443279700884e-02,8.588364603265286057e-01,-1.468275460547892042e-01,3.359389354067894573e-02,9.885914838983321795e-01,-8.049373633262351113e-01,0.000000000000000000e+00,0.000000000000000000e+00,0.000000000000000000e+00,1.000000000000000056e-01
9.799083249199419532e-01,-1.208031890233310368e-01,1.587018092977732220e-01,1.162147575582056191e+01,1.250793529694616824e-01,9.919976222466238003e-01,-1.720095688575017101e-02,9.740050058525533405e-01,-1.553538870235767200e-01,3.670568047098397152e-02,9.871767130599403695e-01,-9.036108796512724028e-01,0.000000000000000000e+00,0.000000000000000000e+00,0.000000000000000000e+00,1.000000000000000056e-01
9.778954359291187615e-01,-1.267238324781247150e-01,1.663177280720700424e-01,1.248307734550917303e+01,1.310322323553520796e-01,9.912623847281618605e-01,-1.514723430236449356e-02,1.114181611902449021e+00,-1.629449921690503678e-01,3.660539448078496683e-02,9.859558684961179376e-01,-1.037209983647995104e+00,0.000000000000000000e+00,0.000000000000000000e+00,0.000000000000000000e+00,1.000000000000000056e-01
9.757825088964663385e-01,-1.345354827862786651e-01,1.724781122437873682e-01,1.338536533349854984e+01,1.390856722434507808e-01,9.901739429007916371e-01,-1.451683770272168411e-02,1.249136812037767941e+00,-1.688303026956505526e-01,3.815451050351310186e-02,9.849063723115676350e-01,-1.186410280797886463e+00,0.000000000000000000e+00,0.000000000000000000e+00,0.000000000000000000e+00,1.000000000000000056e-01
9.747578762745469083e-01,-1.333429587219438217e-01,1.790718794227979527e-01,1.425269214447716593e+01,1.376629006337155847e-01,9.904081140060712052e-01,-1.186142908965505914e-02,1.388030765796675281e+00,-1.757726043211707556e-01,3.621357577228662833e-02,9.837644883303818810e-01,-1.327310045804154015e+00,0.000000000000000000e+00,0.000000000000000000e+00,0.000000000000000000e+00,1.000000000000000056e-01
9.699089693154711034e-01,-1.550567462331813029e-01,1.877072100079786310e-01,1.522220138956152446e+01,1.598219136172949473e-01,9.870907703986359083e-01,-1.042913810117819529e-02,1.632026413883492122e+00,-1.836669463161689775e-01,4.011504008980104619e-02,9.821696576404135293e-01,-1.499089602059092252e+00,0.000000000000000000e+00,0.000000000000000000e+00,0.000000000000000000e+00,1.000000000000000056e-01
9.680737987741396822e-01,-1.573402132776691442e-01,1.951337423736453636e-01,1.614296087658034651e+01,1.625804345856074196e-01,9.866336185854907015e-01,-1.103199741005252837e-02,1.805416928578364777e+00,-1.907897335208622869e-01,4.240471627823923229e-02,9.807145953948072092e-01,-1.669656718359659786e+00,0.000000000000000000e+00,0.000000000000000000e+00,0.000000000000000000e+00,1.000000000000000056e-01
9.646281973936122744e-01,-1.652890416726097156e-01,2.053581590687367509e-01,1.702297941882321908e+01,1.718265617054410277e-01,9.850235262924176283e-01,-1.429284236732478522e-02,1.975034659410051630e+00,-1.999201677811335010e-01,4.907326515936362432e-02,9.785825162759460571e-01,-1.837799022323272080e+00,0.000000000000000000e+00,0.000000000000000000e+00,0.000000000000000000e+00,1.000000000000000056e-01
9.617266870227330067e-01,-1.724696887775926946e-01,2.129224880590081803e-01,1.784810639211356786e+01,1.798701303160130938e-01,9.835644719552272264e-01,-1.573739900795523977e-02,2.123177403504676430e+00,-2.067087702260807236e-01,5.343347228465917392e-02,9.769423464827522441e-01,-2.000249264534206262e+00,0.000000000000000000e+00,0.000000000000000000e+00,0.000000000000000000e+00,1.000000000000000056e-01
9.590347434191585085e-01,-1.774849956784720351e-01,2.207972763055777443e-01,1.871820719057414806e+01,1.863926810592221872e-01,9.822714932490391737e-01,-2.001204631860108163e-02,2.278136664166773517e+00,-2.133310323476262649e-01,6.034724400762241092e-02,9.751143936883408525e-01,-2.185426955707501673e+00,0.000000000000000000e+00,0.000000000000000000e+00,0.000000000000000000e+00,1.000000000000000056e-01
9.555114268650559683e-01,-1.837436775766529418e-01,2.307296558332104230e-01,1.961574694648807693e+01,1.936166726907598834e-01,9.808588342881575661e-01,-2.070099647446423802e-02,2.461677688393481223e+00,-2.225095440345511988e-01,6.445314693235421055e-02,9.727976637842282726e-01,-2.379191737019346942e+00,0.000000000000000000e+00,0.000000000000000000e+00,0.000000000000000000e+00,1.000000000000000056e-01
9.524930895280342424e-01,-1.876061997544936910e-01,2.399183782352181105e-01,2.050854405938581948e+01,1.985835395781823942e-01,9.798324464732001138e-01,-2.220258198822832110e-02,2.630738824410564725e+00,-2.309144694685472121e-01,6.879164667327385130e-02,9.705391373551294221e-01,-2.585248799084571836e+00,0.000000000000000000e+00,0.000000000000000000e+00,0.000000000000000000e+00,1.000000000000000056e-01
9.502833776069729010e-01,-1.872038754408502093e-01,2.488296832450059837e-01,2.138380292479628508e+01,2.000826830999151706e-01,9.793991800946632020e-01,-2.727940529851174620e-02,2.831839578790071865e+00,-2.385967773617705401e-01,7.570967606474209022e-02,9.681630145707640356e-01,-2.789677583677167227e+00,0.000000000000000000e+00,0.000000000000000000e+00,0.000000000000000000e+00,1.000000000000000056e-01
9.471089130203763640e-01,-1.898538969502727436e-01,2.587280516104823458e-01,2.228228857321468226e+01,2.041216637837855730e-01,9.785103353772308665e-01,-2.918681096108998244e-02,3.052032034571796615e+00,-2.476268427523567184e-01,8.045508916615794204e-02,9.655091534396580411e-01,-3.008363478376466116e+00,0.000000000000000000e+00,0.000000000000000000e+00,0.000000000000000000e+00,1.000000000000000056e-01
9.452879370454116970e-01,-1.871126170615941831e-01,2.672444285907398798e-01,2.319348669262974028e+01,2.020811620905846595e-01,9.789275975570446153e-01,-2.939324189863665865e-02,3.264745579589786839e+00,-2.561131000252597212e-01,8.179014168928996908e-02,9.631803843091372164e-01,-3.232874148090950861e+00,0.000000000000000000e+00,0.000000000000000000e+00,0.000000000000000000e+00,1.000000000000000056e-01
9.449401943972586260e-01,-1.808441849810108470e-01,2.727332208789844947e-01,2.406748314937324551e+01,1.965285316662118698e-01,9.800050501518670076e-01,-3.109080117911815211e-02,3.460033040415348538e+00,-2.616573432059451920e-01,8.297880714610589292e-02,9.615872047354913077e-01,-3.462436272309258989e+00,0.000000000000000000e+00,0.000000000000000000e+00,0.000000000000000000e+00,1.000000000000000056e-01
9.432732176279957637e-01,-1.839229922799908712e-01,2.764199157378177119e-01,2.496215211611837859e+01,2.008306036507768733e-01,9.790392957320316336e-01,-3.389876177373021826e-02,3.645446917112664664e+00,-2.643911979302495108e-01,8.748937263063419345e-02,9.604389122342480434e-01,-3.690325434287467843e+00,0.000000000000000000e+00,0.000000000000000000e+00,0.000000000000000000e+00,1.000000000000000056e-01
9.435522072996868070e-01,-1.834082156390059171e-01,2.758090979935304277e-01,2.582839599607461523e+01,2.007652415819232983e-01,9.789843956762172006e-01,-3.581718574963316248e-02,3.841213201670377497e+00,-2.634436369936478672e-01,8.916826486249272710e-02,9.605448821731191744e-01,-3.931205128343250976e+00,0.000000000000000000e+00,0.000000000000000000e+00,0.000000000000000000e+00,1.000000000000000056e-01
9.412701746671902070e-01,-1.841122428903454178e-01,2.830426474930655689e-01,2.671520273810320845e+01,2.034133836219108871e-01,9.782706541982303383e-01,-4.011885464531180640e-02,4.035780207780708118e+00,-2.695059436181002632e-01,9.533734395530849004e-02,9.582678838414989686e-01,-4.168756594339418697e+00,0.000000000000000000e+00,0.000000000000000000e+00,0.000000000000000000e+00,1.000000000000000056e-01
9.392821269675573070e-01,-1.851074813608090119e-01,2.889365091219165960e-01,2.762196228726066849e+01,2.061616244238000939e-01,9.775309361716050249e-01,-4.393920165871878503e-02,4.213321861846524463e+00,-2.743109013040524458e-01,1.008389268671742445e-01,9.563393959541952594e-01,-4.421255751202111561e+00,0.000000000000000000e+00,0.000000000000000000e+00,0.000000000000000000e+00,1.000000000000000056e-01
9.356418153043511987e-01,-1.858346341083644826e-01,3.000664630040963399e-01,2.855890669312126207e+01,2.092515473154687999e-01,9.767032746343904392e-01,-4.758679716623724631e-02,4.416572426734635570e+00,-2.842326219842834512e-01,1.073135689662251951e-01,9.527306096246045408e-01,-4.688012972499947750e+00,0.000000000000000000e+00,0.000000000000000000e+00,0.000000000000000000e+00,1.000000000000000056e-01
9.322244633908677303e-01,-1.871411019077135751e-01,3.097349799947939353e-01,2.946131277465070042e+01,2.132823591374473915e-01,9.755798946777693992e-01,-5.248337242667766578e-02,4.610237775395868098e+00,-2.923494230135806893e-01,1.149872909380823816e-01,9.493733395173614698e-01,-4.955279189860153366e+00,0.000000000000000000e+00,0.000000000000000000e+00,0.000000000000000000e+00,1.000000000000000056e-01
9.289458574592468487e-01,-1.865127150443179616e-01,3.198008771659353044e-01,3.033637166496663440e+01,2.157581563753517562e-01,9.747070871242221601e-01,-5.826244302570311728e-02,4.798968735397497021e+00,-3.008454950083412349e-01,1.231223027587248359e-01,9.456917503587387586e-01,-5.209978927286140760e+00,0.000000000000000000e+00,0.000000000000000000e+00,0.000000000000000000e+00,1.000000000000000056e-01
9.281563590523586038e-01,-1.899503638345617362e-01,3.200697305741154186e-01,3.124505500834603566e+01,2.208801476851058598e-01,9.732693181323843756e-01,-6.291895374789155393e-02,4.993018754076723908e+00,-2.995625702741833707e-01,1.290956763847694311e-01,9.453023711117432004e-01,-5.491031282033467242e+00,0.000000000000000000e+00,0.000000000000000000e+00,0.000000000000000000e+00,1.000000000000000056e-01
9.269419270212014839e-01,-1.947672892189541427e-01,3.206935717792327445e-01,3.218434840040846723e+01,2.263870167710827497e-01,9.719277414553424421e-01,-6.407327076875812821e-02,5.209667539746344112e+00,-2.992116016596133576e-01,1.319930620897074858e-01,9.450133591608488315e-01,-5.792146854907033848e+00,0.000000000000000000e+00,0.000000000000000000e+00,0.000000000000000000e+00,1.000000000000000056e-01
9.239650638942245031e-01,-1.967446072089278908e-01,3.279940856740353183e-01,3.309985016765734400e+01,2.301200082678015457e-01,9.709320490843399432e-01,-6.584631998609979942e-02,5.451042735249786553e+00,-3.055050613292170647e-01,1.363177009602552503e-01,9.423821634067263142e-01,-6.095003552784820755e+00,0.000000000000000000e+00,0.000000000000000000e+00,0.000000000000000000e+00,1.000000000000000056e-01
9.220156660544001070e-01,-2.003858080314828427e-01,3.312591726878376663e-01,3.401858264439370316e+01,2.348665991909778261e-01,9.697072668423858399e-01,-6.712300065949354522e-02,5.681409426037898669e+00,-3.077739302389426168e-01,1.396901735006421674e-01,9.411492247739647876e-01,-6.375767805643696384e+00,0.000000000000000000e+00,0.000000000000000000e+00,0.000000000000000000e+00,1.000000000000000056e-01
9.203234131137306706e-01,-2.036004810981166258e-01,3.339935019896477231e-01,3.491347190528997402e+01,2.388106938990802175e-01,9.687157276797114802e-01,-6.752252531864379181e-02,5.925037085822450145e+00,-3.097971396803611555e-01,1.419037809312441722e-01,9.401537370043711039e-01,-6.664606776418781742e+00,0.000000000000000000e+00,0.000000000000000000e+00,0.000000000000000000e+00,1.000000000000000056e-01
9.177045521477164014e-01,-2.057066605821343264e-01,3.398575065516515892e-01,3.582406105245424754e+01,2.421161826677873941e-01,9.678646127211085748e-01,-6.795473149529082657e-02,6.154604310966441894e+00,-3.149573130723239966e-01,1.446473685704826040e-01,9.380186723663325177e-01,-6.966927288167044985e+00,0.000000000000000000e+00,0.000000000000000000e+00,0.000000000000000000e+00,1.000000000000000056e-01
9.153316203765227144e-01,-2.086037938294926231e-01,3.444596956667527188e-01,3.675817209894658788e+01,2.471929778784281440e-01,9.663121385554818144e-01,-7.166925817898670004e-02,6.402545971107377554e+00,-3.179051060088282643e-01,1.507491561511169476e-01,9.360614485669419560e-01,-7.286935527382225608e+00,0.000000000000000000e+00,0.000000000000000000e+00,0.000000000000000000e+00,1.000000000000000056e-01
9.120585191531380698e-01,-2.132631575015234426e-01,3.502400366786544983e-01,3.768866103192983275e+01,2.521839981933118313e-01,9.652172339409708091e-01,-6.898494298451542106e-02,6.650439247431244816e+00,-3.233457726574147650e-01,1.512432377193160260e-01,9.341161567753540895e-01,-7.577375756366177662e+00,0.000000000000000000e+00,0.000000000000000000e+00,0.000000000000000000e+00,1.000000000000000056e-01
9.097107246349503962e-01,-2.173040050606042661e-01,3.538437040117774490e-01,3.861636411289340032e+01,2.564666433097804177e-01,9.642132618990364445e-01,-6.721343948522584544e-02,6.904386595318805497e+00,-3.265750424535949215e-01,1.518938937635122000e-01,9.328863739404663624e-01,-7.899630749084797898e+00,0.000000000000000000e+00,0.000000000000000000e+00,0.000000000000000000e+00,1.000000000000000056e-01
9.069071643428960883e-01,-2.223119028765773997e-01,3.579061512504674858e-01,3.954729021431324298e+01,2.638348019477453343e-01,9.619492724548945883e-01,-7.102671683734951280e-02,7.177456826184890559e+00,-3.284974772273316357e-01,1.588427368905933335e-01,9.310523037898486010e-01,-8.207853510100909133e+00,0.000000000000000000e+00,0.000000000000000000e+00,0.000000000000000000e+00,1.000000000000000056e-01
9.047916253022837418e-01,-2.286421741111753225e-01,3.592699138538695269e-01,4.046779218813900769e+01,2.706284614557064039e-01,9.600957874581638185e-01,-7.054299933519642130e-02,7.447347719191724558e+00,-3.288044261152350822e-01,1.610553790557871789e-01,9.305637077837430882e-01,-8.512271971952381833e+00,0.000000000000000000e+00,0.000000000000000000e+00,0.000000000000000000e+00,1.000000000000000056e-01
9.042657158374652893e-01,-2.303202794533192044e-01,3.595220216252426049e-01,4.140966443522096085e+01,2.732458365146395174e-01,9.591869101124769204e-01,-7.278175799122982292e-02,7.730752496391373185e+00,-3.280857022004636248e-01,1.640519440342723401e-01,9.302938953202932737e-01,-8.842170251905720590e+00,0.000000000000000000e+00,0.000000000000000000e+00,0.000000000000000000e+00,1.000000000000000056e-01
9.027624354372946192e-01,-2.339814159774294133e-01,3.609330715527762634e-01,4.237615103195932420e+01,2.776694644054823469e-01,9.578565264675532598e-01,-7.355639496526486520e-02,8.002470227904288080e+00,-3.285112687566394407e-01,1.666240429251150956e-01,9.296863850886450953e-01,-9.174572711092615407e+00,0.000000000000000000e+00,0.000000000000000000e+00,0.000000000000000000e+00,1.000000000000000056e-01
8.999984730522545551e-01,-2.365821177137777953e-01,3.661033325192142862e-01,4.332049012957262590e+01,2.829821075157036292e-01,9.559560142013042716e-01,-7.790523562846426997e-02,8.305583948674419403e+00,-3.315476969149098729e-01,1.737152857132036321e-01,9.273074593574663904e-01,-9.495628318282832936e+00,0.000000000000000000e+00,0.000000000000000000e+00,0.000000000000000000e+00,1.000000000000000056e-01
8.988204350440459622e-01,-2.348236147297632637e-01,3.701076809693089054e-01,4.423174859430280748e+01,2.825453110719992611e-01,9.559412436304088878e-01,-7.965228130803476969e-02,8.585902462448359529e+00,-3.350969602047431106e-01,1.761652879871482003e-01,9.255678357473027251e-01,-9.818949825408894938e+00,0.000000000000000000e+00,0.000000000000000000e+00,0.000000000000000000e+00,1.000000000000000056e-01
8.951222521034204460e-01,-2.483512862007190847e-01,3.702401820869112847e-01,4.503542289496823514e+01,2.976915563313320412e-01,9.511597456501255099e-01,-8.169991152882498386e-02,8.852173692856903031e+00,-3.318672793125740372e-01,1.833487848261803888e-01,9.253363345424370223e-01,-1.010136277193668874e+01,0.000000000000000000e+00,0.000000000000000000e+00,0.000000000000000000e+00,1.000000000000000056e-01
8.955418429891244259e-01,-2.505348191901355936e-01,3.677459881888699433e-01,4.588565333439320426e+01,3.008586760107922475e-01,9.498219934986028568e-01,-8.557007499922619775e-02,9.126402222882154192e+00,-3.278549443346486791e-01,1.872711537843084750e-01,9.259809125654904216e-01,-1.041075415616072952e+01,0.000000000000000000e+00,0.000000000000000000e+00,0.000000000000000000e+00,1.000000000000000056e-01
8.948961964970568728e-01,-2.513900653536687013e-01,3.687327386286431419e-01,4.671860833505243704e+01,3.029146567093252695e-01,9.489264629811032803e-01,-8.821155595977483999e-02,9.409042358562723862e+00,-3.277247446345373239e-01,1.906347368546745524e-01,9.253404178239359457e-01,-1.071122628357245077e+01,0.000000000000000000e+00,0.000000000000000000e+00,0.000000000000000000e+00,1.000000000000000056e-01
8.920645001298876942e-01,-2.542581956029525414e-01,3.735956337763388646e-01,4.755146083340388685e+01,3.074003526173806899e-01,9.473864059839097740e-01,-8.924136354628700585e-02,9.718134199317596256e+00,-3.312490767062206132e-01,1.944524819219884681e-01,9.232888396680938303e-01,-1.101228472928219837e+01,0.000000000000000000e+00,0.000000000000000000e+00,0.000000000000000000e+00,1.000000000000000056e-01
8.911735191155588653e-01,-2.517286204172928255e-01,3.774155011257448455e-01,4.843001797335004710e+01,3.077414249271978042e-01,9.466923333123252737e-01,-9.523046482845221039e-02,1.003471356636198131e+01,-3.333241278560081788e-01,2.010132525742313603e-01,9.211344625398399932e-01,-1.132294020551819358e+01,0.000000000000000000e+00,0.000000000000000000e+00,0.000000000000000000e+00,1.000000000000000056e-01
8.883093117592395505e-01,-2.525478164969628403e-01,3.835702895486596820e-01,4.924349614174635548e+01,3.117469718773982490e-01,9.449056717793258287e-01,-9.983534927335963038e-02,1.031435524557263150e+01,-3.372245426523682310e-01,2.082615466711928986e-01,9.180995240228717602e-01,-1.162555005832638955e+01,0.000000000000000000e+00,0.000000000000000000e+00,0.000000000000000000e+00,1.000000000000000056e-01
8.870520765267868590e-01,-2.563737177588779614e-01,3.839415715600572598e-01,5.009072920719516020e+01,3.175841960010427067e-01,9.424631978253884546e-01,-1.044193430122692667e-01,1.063826549710143787e+01,-3.350804261366018277e-01,2.145591703638739245e-01,9.174341777113382834e-01,-1.192875091919457198e+01,0.000000000000000000e+00,0.000000000000000000e+00,0.000000000000000000e+00,1.000000000000000056e-01
8.865870258440241569e-01,-2.576738849912961760e-01,3.841453040172950195e-01,5.099589196648837941e+01,3.200735263237237671e-01,9.412946555818191285e-01,-1.073187267898808583e-01,1.096315475659417693e+01,-3.339406883740648202e-01,2.181021328795224035e-01,9.170142181458578179e-01,-1.222622689439247701e+01,0.000000000000000000e+00,0.000000000000000000e+00,0.000000000000000000e+00,1.000000000000000056e-01
8.839050037431417373e-01,-2.629214620857143192e-01,3.867612301311328382e-01,5.186031353764165175e+01,3.272828489332686441e-01,9.385049590394297647e-01,-1.099744454522119108e-01,1.129972226478943043e+01,-3.340626904518970708e-01,2.237872798733399615e-01,9.155989144898171173e-01,-1.254294733026520348e+01,0.000000000000000000e+00,0.000000000000000000e+00,0.000000000000000000e+00,1.000000000000000056e-01
8.817843337571950046e-01,-2.650063956609466365e-01,3.901640667708565768e-01,5.269589779338119939e+01,3.310622838660401968e-01,9.369610054716331904e-01,-1.118116202681435079e-01,1.161630472106131862e+01,-3.359377218202520554e-01,2.277623421120794078e-01,9.139311585528961945e-01,-1.284384233312339596e+01,0.000000000000000000e+00,0.000000000000000000e+00,0.000000000000000000e+00,1.000000000000000056e-01
8.783392690394015156e-01,-2.673112249318501110e-01,3.963140642076228293e-01,5.354025818361666467e+01,3.354171536678400845e-01,9.353280105903908348e-01,-1.125026472150162382e-01,1.191888348705609779e+01,-3.406104248091864628e-01,2.317460282948894390e-01,9.111960913441463639e-01,-1.313974457410432706e+01,0.000000000000000000e+00,0.000000000000000000e+00,0.000000000000000000e+00,1.000000000000000056e-01
8.772342046153612793e-01,-2.728889461754147039e-01,3.949579386569234130e-01,5.436806997702502287e+01,3.391796274981617731e-01,9.345430342656014799e-01,-1.076405936245756340e-01,1.227157420148089351e+01,-3.397312622398219739e-01,2.283876970436770626e-01,9.123714864549543613e-01,-1.344166832290240698e+01,0.000000000000000000e+00,0.000000000000000000e+00,0.000000000000000000e+00,1.000000000000000056e-01
8.771934193267704183e-01,-2.773039497692131317e-01,3.919620192470213982e-01,5.518557197544584625e+01,3.446327389533864194e-01,9.320478808901148104e-01,-1.118705634639129975e-01,1.258460583974345681e+01,-3.343052203171462122e-01,2.332150663457232542e-01,9.131542873458264875e-01,-1.374016511847309374e+01,0.000000000000000000e+00,0.000000000000000000e+00,0.000000000000000000e+00,1.000000000000000056e-01
8.772703792616657337e-01,-2.832444288363539231e-01,3.875168063494288107e-01,5.599869796182203174e+01,3.496328884521461289e-01,9.302172304807573289e-01,-1.115918788681267704e-01,1.291945266873087661e+01,-3.288670323743355106e-01,2.333848702248652041e-01,9.150835903716231234e-01,-1.402040848951796015e+01,0.000000000000000000e+00,0.000000000000000000e+00,0.000000000000000000e+00,1.000000000000000056e-01
8.781735573828111097e-01,-2.853955572911947014e-01,3.838757337890310040e-01,5.683485926579272984e+01,3.532991685231282597e-01,9.280010634881026288e-01,-1.182950704206090775e-01,1.326073611558222431e+01,-3.224762016560057121e-01,2.395065803759867940e-01,9.157760082695528547e-01,-1.432972069357653488e+01,0.000000000000000000e+00,0.000000000000000000e+00,0.000000000000000000e+00,1.000000000000000056e-01
8.781965577791944755e-01,-2.893856352416708799e-01,3.808237913005810271e-01,5.766129695534905153e+01,3.565381316574943171e-01,9.268098207606323413e-01,-1.179157191210220834e-01,1.359669235535533183e+01,-3.188281144738605577e-01,2.393313816811726558e-01,9.170982080255221103e-01,-1.463032478312191920e+01,0.000000000000000000e+00,0.000000000000000000e+00,0.000000000000000000e+00,1.000000000000000056e-01
8.751617219050142893e-01,-2.934674161712613749e-01,3.846671758260823970e-01,5.852259462765385223e+01,3.618886005558362706e-01,9.247434796241424948e-01,-1.178394572304689997e-01,1.395111965262964127e+01,-3.211364216341537348e-01,2.423352482376362471e-01,9.155026084952540000e-01,-1.490960453556872700e+01,0.000000000000000000e+00,0.000000000000000000e+00,0.000000000000000000e+00,1.000000000000000056e-01
8.742217065996229497e-01,-2.968639110785203927e-01,3.841981598201728021e-01,5.933894731912819509e+01,3.665584211174859330e-01,9.224513237421159140e-01,-1.213197396727914990e-01,1.429809988323422232e+01,-3.183886486951106320e-01,2.468914207208958433e-01,9.152449370286180885e-01,-1.518071044712598017e+01,0.000000000000000000e+00,0.000000000000000000e+00,0.000000000000000000e+00,1.000000000000000056e-01
8.735609359835606602e-01,-3.016761885917812469e-01,3.819460280723724344e-01,6.007450742407427668e+01,3.717238464743541915e-01,9.200984881929541448e-01,-1.234510185755914591e-01,1.460834119327516412e+01,-3.141857302390358431e-01,2.498204340356815212e-01,9.159023297559557575e-01,-1.544183611192568506e+01,0.000000000000000000e+00,0.000000000000000000e+00,0.000000000000000000e+00,1.000000000000000056e-01
8.718957255103105819e-01,-3.081196845854725086e-01,3.806049182653818974e-01,6.080203073767306421e+01,3.784841932665786168e-01,9.171936663310760185e-01,-1.245210580163294417e-01,1.492219005738289894e+01,-3.107210312872243918e-01,2.526223236634241864e-01,9.163156673890804349e-01,-1.569540173467784250e+01,0.000000000000000000e+00,0.000000000000000000e+00,0.000000000000000000e+00,1.000000000000000056e-01
8.722553447926799652e-01,-3.097143590699359406e-01,3.784806854603045001e-01,6.150953677164415012e+01,3.808846054857097929e-01,9.156482037863084011e-01,-1.285118057102239975e-01,1.523528660917861366e+01,-3.067532082710763830e-01,2.562525759652103385e-01,9.166444711700364456e-01,-1.594248704952315521e+01,0.000000000000000000e+00,0.000000000000000000e+00,0.000000000000000000e+00,1.000000000000000056e-01
8.721827765677302446e-01,-3.148118208718561628e-01,3.744205145260489087e-01,6.222382683914869972e+01,3.865993195345682198e-01,9.125682456605783699e-01,-1.332672620990732748e-01,1.554833238344995650e+01,-2.997301626363513827e-01,2.609841268187025332e-01,9.176323420382836993e-01,-1.618710968832834141e+01,0.000000000000000000e+00,0.000000000000000000e+00,0.000000000000000000e+00,1.000000000000000056e-01
8.705643256464746793e-01,-3.181268312477425475e-01,3.753839023612614567e-01,6.289607975649320792e+01,3.908842382347391675e-01,9.105025444138752366e-01,-1.348874675998731343e-01,1.585376744262572757e+01,-2.988766755893580984e-01,2.641598679893096269e-01,9.170017976713699115e-01,-1.640946005609718483e+01,0.000000000000000000e+00,0.000000000000000000e+00,0.000000000000000000e+00,1.000000000000000056e-01
8.688832817514802187e-01,-3.235210766117332937e-01,3.746677937597023833e-01,6.357709524571841087e+01,3.968008447360408808e-01,9.077116430418836757e-01,-1.364135722828503650e-01,1.617560626994493944e+01,-2.959576528990968125e-01,2.671959694198043911e-01,9.170689077797091748e-01,-1.662820400571358093e+01,0.000000000000000000e+00,0.000000000000000000e+00,0.000000000000000000e+00,1.000000000000000056e-01
8.651863792598448732e-01,-3.296309069012433590e-01,3.778835724911889238e-01,6.424127254820062660e+01,4.050658622509323847e-01,9.036325228923638431e-01,-1.391758269603242115e-01,1.647417622448456243e+01,-2.955912319101303143e-01,2.734807649299038079e-01,9.153327781911921868e-01,-1.684219331174741896e+01,0.000000000000000000e+00,0.000000000000000000e+00,0.000000000000000000e+00,1.000000000000000056e-01
8.648933977278363550e-01,-3.326498417420609144e-01,3.759035692245826232e-01,6.485754450372436963e+01,4.081365454250120983e-01,9.019890753467549871e-01,-1.408554870910006529e-01,1.676902987949260293e+01,-2.922053573351039435e-01,2.752449649749980076e-01,9.158909533348259524e-01,-1.703175845747128392e+01,0.000000000000000000e+00,0.000000000000000000e+00,0.000000000000000000e+00,1.000000000000000056e-01
8.655486530114999688e-01,-3.388756738013823933e-01,3.687666023050856778e-01,6.544352449600432919e+01,4.123568626549192206e-01,9.000867766464676345e-01,-1.407324139193382728e-01,1.705437940423114540e+01,-2.842311508110436091e-01,2.738741904813795092e-01,9.188066067986226937e-01,-1.720852235511946304e+01,0.000000000000000000e+00,0.000000000000000000e+00,0.000000000000000000e+00,1.000000000000000056e-01
8.677202153332365109e-01,-3.392935631976671806e-01,3.632375336810230726e-01,6.603163305093346480e+01,4.128986186802531821e-01,8.988806866371630289e-01,-1.467250554017316411e-01,1.732407691662401206e+01,-2.767243368299590056e-01,2.772965725776879720e-01,9.200707865391044571e-01,-1.739124244370967531e+01,0.000000000000000000e+00,0.000000000000000000e+00,0.000000000000000000e+00,1.000000000000000056e-01
8.691284306242913482e-01,-3.403015897746523022e-01,3.589019351820224024e-01,6.667232284587043978e+01,4.137959667065157499e-01,8.977935246477425357e-01,-1.507968336471405268e-01,1.763424358823538185e+01,-2.709034311668578887e-01,2.795739885923357870e-01,9.211133024143099979e-01,-1.758274301474708068e+01,0.000000000000000000e+00,0.000000000000000000e+00,0.000000000000000000e+00,1.000000000000000056e-01
8.693197208859297920e-01,-3.443214716715843893e-01,3.545785484553790612e-01,6.727879892534478756e+01,4.170859116153878277e-01,8.959804491422105333e-01,-1.525069738958966248e-01,1.792512290775302830e+01,-2.651840214092285875e-01,2.804670371021113495e-01,9.225051088684510514e-01,-1.776759528276494393e+01,0.000000000000000000e+00,0.000000000000000000e+00,0.000000000000000000e+00,1.000000000000000056e-01
8.678456440375947878e-01,-3.474228924294549548e-01,3.551637255420710959e-01,6.787107474568118448e+01,4.206442330319119516e-01,8.942092972992657929e-01,-1.531279263901519638e-01,1.821699744661195552e+01,-2.643905583449734920e-01,2.822889768296038548e-01,9.221770796428029326e-01,-1.793526250779451203e+01,0.000000000000000000e+00,0.000000000000000000e+00,0.000000000000000000e+00,1.000000000000000056e-01
8.660460658694038028e-01,-3.545197755425321118e-01,3.525336020032714401e-01,6.841617590352757361e+01,4.281627999599241230e-01,8.899880598118798947e-01,-1.568370814659715839e-01,1.846615376189362934e+01,-2.581488495473228673e-01,2.867699114997220855e-01,9.225628376082765092e-01,-1.809881024053332865e+01,0.000000000000000000e+00,0.000000000000000000e+00,0.000000000000000000e+00,1.000000000000000056e-01
8.651617826030235658e-01,-3.611686566758317007e-01,3.479256980421735479e-01,6.891744954729590233e+01,4.347707556701221887e-01,8.859525107565737745e-01,-1.614389627634980062e-01,1.870064616188862772e+01,-2.499389524207650259e-01,2.909387394609015964e-01,9.235178232950960187e-01,-1.822428213343185632e+01,0.000000000000000000e+00,0.000000000000000000e+00,0.000000000000000000e+00,1.000000000000000056e-01
8.664367795487263324e-01,-3.608327002220696467e-01,3.450899440662997253e-01,6.945928652759955924e+01,4.362563399681564369e-01,8.832769914841562819e-01,-1.717619345265010145e-01,1.895113505579675817e+01,-2.428326849557533307e-01,2.993685333583804287e-01,9.227192250907272353e-01,-1.837219213903222226e+01,0.000000000000000000e+00,0.000000000000000000e+00,0.000000000000000000e+00,1.000000000000000056e-01
8.686980422458928652e-01,-3.593533349863922699e-01,3.409235867937427944e-01,7.000212578403146324e+01,4.356098979600160903e-01,8.818676668494087600e-01,-1.804257048339971969e-01,1.920238258902164219e+01,-2.358129093103625007e-01,3.052451454155136745e-01,9.226145852970484285e-01,-1.850989154773006362e+01,0.000000000000000000e+00,0.000000000000000000e+00,0.000000000000000000e+00,1.000000000000000056e-01
8.704493916519973062e-01,-3.610400418007816414e-01,3.346161155550606559e-01,7.050989253932269207e+01,4.357250719580977316e-01,8.813883170537464284e-01,-1.824782075434628337e-01,1.945472425122844129e+01,-2.290447952689133870e-01,3.046386757745220275e-01,9.245181225820114923e-01,-1.863667322871485510e+01,0.000000000000000000e+00,0.000000000000000000e+00,0.000000000000000000e+00,1.000000000000000056e-01
8.724637712066567463e-01,-3.597478511111385502e-01,3.307392500940531943e-01,7.100780928295525030e+01,4.323580427720333241e-01,8.836897129109498872e-01,-1.793293454672146847e-01,1.972622802561505750e+01,-2.277575262909992682e-01,2.994561318729023758e-01,9.265271363006718497e-01,-1.876446335353126926e+01,0.000000000000000000e+00,0.000000000000000000e+00,0.000000000000000000e+00,1.000000000000000056e-01
8.730311305931399701e-01,-3.570339047587079429e-01,3.321798245950734474e-01,7.149996268254403731e+01,4.313414742073363173e-01,8.831357625408841061e-01,-1.844336128528989427e-01,1.994727784926601899e+01,-2.275108297288409853e-01,3.042992207911172087e-01,9.250085440589255192e-01,-1.889293535715804140e+01,0.000000000000000000e+00,0.000000000000000000e+00,0.000000000000000000e+00,1.000000000000000056e-01
8.744909439323131917e-01,-3.542457716050416150e-01,3.313238933133565989e-01,7.202653645250980219e+01,4.294030984765858094e-01,8.830737118997348256e-01,-1.891924902588146273e-01,2.018236382516219507e+01,-2.255627806156844106e-01,3.077186257794168323e-01,9.243541958304445361e-01,-1.901309331979162209e+01,0.000000000000000000e+00,0.000000000000000000e+00,0.000000000000000000e+00,1.000000000000000056e-01
8.759481508804852767e-01,-3.501902746595967897e-01,3.317854856724367085e-01,7.252607565211529561e+01,4.260035241614129053e-01,8.842440278882478522e-01,-1.913987893013539554e-01,2.039278659562429752e+01,-2.263533396508985440e-01,3.089972017313486474e-01,9.237342122878643424e-01,-1.913698405780556655e+01,0.000000000000000000e+00,0.000000000000000000e+00,0.000000000000000000e+00,1.000000000000000056e-01
8.802412161747296127e-01,-3.448372098992125157e-01,3.259796006135343704e-01,7.297979991557485846e+01,4.192949810002144506e-01,8.868696911204768663e-01,-1.940460509258042365e-01,2.061701330533966470e+01,-2.221871289144867756e-01,3.074889423065428340e-01,9.252477668732526084e-01,-1.923546790521851690e+01,0.000000000000000000e+00,0.000000000000000000e+00,0.000000000000000000e+00,1.000000000000000056e-01
8.856833111357054200e-01,-3.375103243494829153e-01,3.188288778219440789e-01,7.343423712317037655e+01,4.098932565545641005e-01,8.909322181734508073e-01,-1.955180320370195346e-01,2.084597339115351744e+01,-2.180655649266696749e-01,3.038528650153582977e-01,9.274270029577372787e-01,-1.934320574198819287e+01,0.000000000000000000e+00,0.000000000000000000e+00,0.000000000000000000e+00,1.000000000000000056e-01
8.937437454847414475e-01,-3.219833547364974180e-01,3.123280914031537070e-01,7.388891782743056069e+01,3.919604526326700977e-01,8.991499441407060367e-01,-1.946699296855000372e-01,2.103337388037032341e+01,-2.181493089122636397e-01,2.964052921666481266e-01,9.298143802914137224e-01,-1.945605625019133100e+01,0.000000000000000000e+00,0.000000000000000000e+00,0.000000000000000000e+00,1.000000000000000056e-01
8.990147707155030643e-01,-3.091090252952136685e-01,3.102000201747163732e-01,7.436140412893716700e+01,3.795006882815634697e-01,9.033946345884706908e-01,-1.996430860074623337e-01,2.121141927535612837e+01,-2.185215541523789495e-01,2.972032043531939172e-01,9.294722081337465358e-01,-1.955454788966908808e+01,0.000000000000000000e+00,0.000000000000000000e+00,0.000000000000000000e+00,1.000000000000000056e-01
9.060945823940299571e-01,-2.884981538958973912e-01,3.094534261481808879e-01,7.482728050578639056e+01,3.601515748347533519e-01,9.097821622039623524e-01,-2.063668105086916560e-01,2.138938005239518958e+01,-2.219987632853742121e-01,2.984379877531382341e-01,9.282517527942633073e-01,-1.966909839766533707e+01,0.000000000000000000e+00,0.000000000000000000e+00,0.000000000000000000e+00,1.000000000000000056e-01
9.136063848838315016e-01,-2.654137325829670213e-01,3.080242264106407557e-01,7.527486305061627547e+01,3.375405913819981563e-01,9.174445337081420515e-01,-2.106225931341194346e-01,2.158531351483886240e+01,-2.266930141600912441e-01,2.963968254307511319e-01,9.277710920294863772e-01,-1.976094945143725212e+01,0.000000000000000000e+00,0.000000000000000000e+00,0.000000000000000000e+00,1.000000000000000056e-01
9.223354268145934620e-01,-2.384168908120353203e-01,3.040637213122667215e-01,7.570731983814221167e+01,3.108760474781672167e-01,9.252222500979304654e-01,-2.175313104545526788e-01,2.168970796757893993e+01,-2.294633817128434727e-01,2.951629619366981094e-01,9.274833596101125233e-01,-1.988366143384266138e+01,0.000000000000000000e+00,0.000000000000000000e+00,0.000000000000000000e+00,1.000000000000000056e-01
