1.000000000000000000e+00,-9.652134664926039306e-14,3.937290715614467974e-14,6.207423018388979344e-21,9.652134664926077172e-14,1.000000000000000000e+00,-9.516711252221058931e-15,2.239892664406071506e-20,-3.937290715614375835e-14,9.516711252224858085e-15,1.000000000000000000e+00,-1.238676174412868433e-20,0.000000000000000000e+00,0.000000000000000000e+00,0.000000000000000000e+00,1.000000000000000056e-01
9.999970979456193065e-01,-2.266480561949813042e-03,-8.168024251243403977e-04,6.462950337463329031e-01,2.265289071074307655e-03,9.999963732230756630e-01,-1.456710719235045819e-03,1.709475389826228819e-02,8.201010692936833678e-04,1.454856198174460597e-03,9.999986054128670032e-01,6.593484177855105793e-03,0.000000000000000000e+00,0.000000000000000000e+00,0.000000000000000000e+00,1.000000000000000056e-01
9.999758305681182291e-01,-6.895612409505836107e-03,-8.881492554167909857e-04,1.299010191285560722e+00,6.894942980061267643e-03,9.999759448772896908e-01,-7.546045808095506015e-04,1.889583054853891456e-02,8.933313515891670980e-04,7.484626039716543505e-04,9.999993208811827072e-01,1.042917255372988877e-02,0.000000000000000000e+00,0.000000000000000000e+00,0.000000000000000000e+00,1.000000000000000056e-01
9.999237799656045533e-01,-1.193636174632594152e-02,-3.155555031717672751e-03,2.001015354397922330e+00,1.193591264436047808e-02,9.999287514773607111e-01,-1.611157126187099233e-04,2.351826071960785858e-02,3.157253338512389616e-03,1.234390031704981608e-04,9.999950082446256161e-01,1.659119077382466279e-02,0.000000000000000000e+00,0.000000000000000000e+00,0.000000000000000000e+00,1.000000000000000056e-01
9.998456296282021150e-01,-1.707135123647650007e-02,-4.157629173561240392e-03,2.705494402946676757e+00,1.706786886668715600e-02,9.998539533886409147e-01,-8.716337848815311007e-04,3.301890046453788419e-02,4.171901932400446343e-03,8.005373609194312056e-04,9.999909771463941777e-01,1.898337211151058038e-02,0.000000000000000000e+00,0.000000000000000000e+00,0.000000000000000000e+00,1.000000000000000056e-01
9.997468980357953061e-01,-2.212931578071870506e-02,-4.053794627555366500e-03,3.417110376535448246e+00,2.212814823412772788e-02,9.997550872105920305e-01,-3.326443595686044328e-04,3.936999713330923550e-02,4.060162993481013574e-03,2.428571981985602345e-04,9.999917280142109899e-01,3.633484068802405459e-02,0.000000000000000000e+00,0.000000000000000000e+00,0.000000000000000000e+00,1.000000000000000056e-01
9.996154053855458299e-01,-2.738615356268022868e-02,-4.363474410618732591e-03,4.159164070697715765e+00,2.739222836668029140e-02,9.996238663079828335e-01,1.338556157865350860e-03,6.777593463007081098e-02,4.325175256387071843e-03,-1.457566643903725461e-03,9.999895841249948347e-01,4.717203487799850881e-02,0.000000000000000000e+00,0.000000000000000000e+00,0.000000000000000000e+00,1.000000000000000056e-01
9.994664680024359926e-01,-3.231960963155715988e-02,-4.714039880961941147e-03,4.927043501738893383e+00,3.233566804465368844e-02,9.994713807178212672e-01,3.371008471948322861e-03,1.001080010784168028e-01,4.602598270705862520e-03,-3.521641559804523317e-03,9.999832069239377175e-01,5.711975023835976634e-02,0.000000000000000000e+00,0.000000000000000000e+00,0.000000000000000000e+00,1.000000000000000056e-01
9.993097714785118546e-01,-3.688026554274270036e-02,-4.452711652590274176e-03,5.697602327498478836e+00,3.689764976216353826e-02,9.993114892855456954e-01,3.887264325131612689e-03,1.416073092090409380e-01,4.306282572363405621e-03,-4.048875819473023684e-03,9.999825311149217466e-01,6.517082464769813344e-02,0.000000000000000000e+00,0.000000000000000000e+00,0.000000000000000000e+00,1.000000000000000056e-01
9.991994783087100318e-01,-3.995776535708465971e-02,-1.944102690139266334e-03,6.491116769038501211e+00,3.996589020712730533e-02,9.991916316057967151e-01,4.337159081441830863e-03,1.838506714565507350e-01,1.769227954076870628e-03,-4.411384886184048851e-03,9.999887046941242641e-01,7.641349522715513987e-02,0.000000000000000000e+00,0.000000000000000000e+00,0.000000000000000000e+00,1.000000000000000056e-01
9.990592669619001720e-01,-4.336490625495790369e-02,-2.569105862436471110e-04,7.288510179551789925e+00,4.336538614625957272e-02,9.990565900048999914e-01,2.318027645877147186e-03,2.203254887871275713e-01,1.561471626688746347e-04,-2.326988027464959446e-03,9.999972803686936196e-01,8.320151286500272747e-02,0.000000000000000000e+00,0.000000000000000000e+00,0.000000000000000000e+00,1.000000000000000056e-01
9.989371505918218652e-01,-4.609044241288490218e-02,4.901894291151384208e-04,8.096948891436436924e+00,4.608896084405868232e-02,9.989337035252480179e-01,2.695115887436975565e-03,2.712308904855907365e-01,-6.138858254608773810e-04,-2.669659063706382191e-03,9.999962480252997388e-01,9.759261829185213177e-02,0.000000000000000000e+00,0.000000000000000000e+00,0.000000000000000000e+00,1.000000000000000056e-01
9.988151680358154927e-01,-4.866444924372327618e-02,-1.774299603916161940e-04,8.927478393696453907e+00,4.866468709212851129e-02,9.988136110035328308e-01,1.765985364804196264e-03,3.059539401577303086e-01,9.127875428829203947e-05,-1.772527542398920786e-03,9.999984249059097330e-01,1.009917919160773780e-01,0.000000000000000000e+00,0.000000000000000000e+00,0.000000000000000000e+00,1.000000000000000056e-01
9.987078763402664761e-01,-5.080938941834231559e-02,-9.918078696260640165e-04,9.700704811149593709e+00,5.081148192892527560e-02,9.987058107567757803e-01,2.212886087816825706e-03,3.768602248897471307e-01,8.780888915755316777e-04,-2.260421992990932841e-03,9.999970597218333923e-01,1.185624922801832848e-01,0.000000000000000000e+00,0.000000000000000000e+00,0.000000000000000000e+00,1.000000000000000056e-01
9.985770994479239437e-01,-5.331341018410576393e-02,-1.206960112139703533e-03,1.050317294670561452e+01,5.331379955411434668e-02,9.985777651645135755e-01,2.927390463199628159e-04,4.394105904984264566e-01,1.189636614569815820e-03,-3.566701372577674471e-04,9.999992287752718090e-01,1.270782034269737071e-01,0.000000000000000000e+00,0.000000000000000000e+00,0.000000000000000000e+00,1.000000000000000056e-01
9.984431262484630976e-01,-5.576900876835061416e-02,-1.068320266234655189e-03,1.131010716144203165e+01,5.576883938204332813e-02,9.984436896073656253e-01,-1.877157703596570341e-04,4.967638148964330091e-01,1.077126350744797654e-03,1.278445392678122944e-04,9.999994117271261418e-01,1.503504862851980095e-01,0.000000000000000000e+00,0.000000000000000000e+00,0.000000000000000000e+00,1.000000000000000056e-01
9.982861422150330899e-01,-5.848495209605954204e-02,-2.070903123828671515e-03,1.216418247672467601e+01,5.848553704793117702e-02,9.982882310400156278e-01,2.229870209622637561e-04,5.461648967654763043e-01,2.054316830903145808e-03,-3.437227342917992126e-04,9.999978308161674434e-01,1.549266447423479076e-01,0.000000000000000000e+00,0.000000000000000000e+00,0.000000000000000000e+00,1.000000000000000056e-01
9.981981257206392621e-01,-5.989023563355638097e-02,-3.696144418157454141e-03,1.304150615843260042e+01,5.990318831753699974e-02,9.981980584852702121e-01,3.499152130277799998e-03,6.073772426119378176e-01,3.479919136485941193e-03,-3.714257933184381653e-03,9.999870471415164275e-01,1.697358913112080592e-01,0.000000000000000000e+00,0.000000000000000000e+00,0.000000000000000000e+00,1.000000000000000056e-01
9.983669135192695387e-01,-5.697592535855525858e-02,-4.153302245648650068e-03,1.392821244275699044e+01,5.700532120427693333e-02,9.983468859628568115e-01,7.340888411063302595e-03,6.695217339139512003e-01,3.728182453231644513e-03,-7.565660434014290746e-03,9.999644300862868818e-01,1.875835897479874725e-01,0.000000000000000000e+00,0.000000000000000000e+00,0.000000000000000000e+00,1.000000000000000056e-01
9.975289600469603446e-01,-7.011942783882928187e-02,-4.386309061718787761e-03,1.488594236392507675e+01,7.014108135410111744e-02,9.975245781598036654e-01,4.994464293896664492e-03,7.611611278699071947e-01,4.025242117820061055e-03,-5.289783233824663783e-03,9.999779075655782501e-01,1.915905768249796248e-01,0.000000000000000000e+00,0.000000000000000000e+00,0.000000000000000000e+00,1.000000000000000056e-01
9.972744838212822538e-01,-7.371030654690052808e-02,-3.224070060792437378e-03,1.582627557371992211e+01,7.371372470723816517e-02,9.972789860163661091e-01,9.543793554626163640e-04,8.417282728158758109e-01,3.144949726219623248e-03,-1.189436391986771046e-03,9.999943472501676700e-01,1.890881379570605592e-01,0.000000000000000000e+00,0.000000000000000000e+00,0.000000000000000000e+00,1.000000000000000056e-01
9.970695925653890734e-01,-7.648624635390818827e-02,-1.442809820550456333e-03,1.673085169079316969e+01,7.648934301818333115e-02,9.970679065917742445e-01,2.229360747738588604e-03,9.258570590081008911e-01,1.268063932023030197e-03,-2.333187387703073226e-03,9.999964741190231488e-01,2.048253270336229115e-01,0.000000000000000000e+00,0.000000000000000000e+00,0.000000000000000000e+00,1.000000000000000056e-01
9.970262814470021162e-01,-7.705417268378507434e-02,-1.117396966521204101e-03,1.760297619172791528e+01,7.705604883416346251e-02,9.970252332197331313e-01,1.746327919855614197e-03,1.001523810126959013e+00,9.795111180457562964e-04,-1.827237027340125174e-03,9.999978508790984266e-01,2.213473509096980096e-01,0.000000000000000000e+00,0.000000000000000000e+00,0.000000000000000000e+00,1.000000000000000056e-01
9.969716989324424183e-01,-7.774237135166285617e-02,-1.885530264824866959e-03,1.850193251418802021e+01,7.774407006989990376e-02,9.969729914638870705e-01,8.449026658223401020e-04,1.074986234329113444e+00,1.814138011815772398e-03,-9.889328432049094165e-04,9.999978654552746926e-01,2.241825492928564978e-01,0.000000000000000000e+00,0.000000000000000000e+00,0.000000000000000000e+00,1.000000000000000056e-01
9.968034439750250719e-01,-7.989194748798188195e-02,-4.132869543569900957e-04,1.941986056151020534e+01,7.989195584683185525e-02,9.968035289750228900e-01,3.729406576078388196e-06,1.150975514538801647e+00,4.116679450280495765e-04,-3.673578842857830394e-05,9.999999145899888253e-01,2.341753985698527829e-01,0.000000000000000000e+00,0.000000000000000000e+00,0.000000000000000000e+00,1.000000000000000056e-01
9.966382951044530092e-01,-8.192060868357638193e-02,1.059530179691600942e-03,2.034523889930518337e+01,8.192297511547184941e-02,9.966357118567841233e-01,-2.425695766344380163e-03,1.214463125495171658e+00,-8.572511412105793174e-04,2.504341157556518819e-03,9.999964966917871401e-01,2.501936477133848147e-01,0.000000000000000000e+00,0.000000000000000000e+00,0.000000000000000000e+00,1.000000000000000056e-01
9.966628091740077355e-01,-8.152706034598380946e-02,4.072252536100055137e-03,2.127860504961987687e+01,8.153395355445711146e-02,9.966693498192359391e-01,-1.556132603961328867e-03,1.304089045018336002e+00,-3.931822370745068074e-03,1.882966341651763978e-03,9.999904975601523471e-01,2.525142811181337321e-01,0.000000000000000000e+00,0.000000000000000000e+00,0.000000000000000000e+00,1.000000000000000056e-01
9.967815973417326614e-01,-7.981833581926424392e-02,7.448521189275465575e-03,2.224176799641576352e+01,7.983280466057911251e-02,9.968068769133311413e-01,-1.665364319586171453e-03,1.394254115423665619e+00,-7.291810535782298867e-03,2.254640843746644197e-03,9.999708726226859135e-01,2.641844142977338161e-01,0.000000000000000000e+00,0.000000000000000000e+00,0.000000000000000000e+00,1.000000000000000056e-01
9.969405672829763088e-01,-7.754394214131003771e-02,9.820506233515461855e-03,2.321438639201593546e+01,7.755572624522581726e-02,9.969876778971302755e-01,-8.242862752742814800e-04,1.471439429426135703e+00,-9.727005298289128146e-03,1.583400919911572479e-03,9.999514379255893815e-01,2.668900423472653216e-01,0.000000000000000000e+00,0.000000000000000000e+00,0.000000000000000000e+00,1.000000000000000056e-01
9.970943752288206063e-01,-7.545626144293773874e-02,1.044794219465679415e-02,2.413416863611104901e+01,7.547927735079187905e-02,9.971456989711227070e-01,-1.825846103411346653e-03,1.557090495502182259e+00,-1.028034910156735808e-02,2.609144006400454258e-03,9.999437518130226410e-01,2.643442913108082215e-01,0.000000000000000000e+00,0.000000000000000000e+00,0.000000000000000000e+00,1.000000000000000056e-01
9.971769629293767423e-01,-7.462831733971271586e-02,8.289683587906685955e-03,2.507453548309726798e+01,7.464924820955039231e-02,9.972073265770423633e-01,-2.244451562635964466e-03,1.633388595808186627e+00,-8.099033565396001125e-03,2.856934040403707499e-03,9.999631211115714846e-01,2.712736223136916758e-01,0.000000000000000000e+00,0.000000000000000000e+00,0.000000000000000000e+00,1.000000000000000056e-01
9.973967232583568210e-01,-7.193007092595452012e-02,5.083436837401937060e-03,2.600546226520505755e+01,7.195046904055674153e-02,9.974003830478450627e-01,-3.950430464620737284e-03,1.708061039129088909e+00,-4.786067105315997862e-03,4.305902065661825276e-03,9.999792761697936516e-01,2.724642910511363980e-01,0.000000000000000000e+00,0.000000000000000000e+00,0.000000000000000000e+00,1.000000000000000056e-01
9.974646476056220346e-01,-7.109931605897513995e-02,3.027215376904105783e-03,2.695864121401854518e+01,7.111149444021740151e-02,9.974598409490753603e-01,-4.125657805021307016e-03,1.778919772074720074e+00,-2.726194320134977048e-03,4.330467618071019882e-03,9.999869073716604051e-01,2.798499527883438476e-01,0.000000000000000000e+00,0.000000000000000000e+00,0.000000000000000000e+00,1.000000000000000056e-01
9.973796398321455037e-01,-7.219609822477320027e-02,4.645153325641928309e-03,2.792729063101839060e+01,7.222164993307346459e-02,9.973729393446943980e-01,-5.590451132888358925e-03,1.849832241136978084e+00,-4.229341466991469976e-03,5.911282774789364085e-03,9.999735843544628189e-01,2.874427364177002953e-01,0.000000000000000000e+00,0.000000000000000000e+00,0.000000000000000000e+00,1.000000000000000056e-01
9.975233066530648784e-01,-6.988233506749368107e-02,7.981975284985615496e-03,2.892192985718831366e+01,6.995749039124192492e-02,9.975041643115470924e-01,-9.559901635549759510e-03,1.919494771954497914e+00,-7.293985336897229957e-03,1.009462365007414951e-02,9.999224451682582337e-01,2.928187151822616574e-01,0.000000000000000000e+00,0.000000000000000000e+00,0.000000000000000000e+00,1.000000000000000056e-01
9.973756304098879699e-01,-7.135304580672720276e-02,1.227170398036034858e-02,2.986652851220048532e+01,7.149966545217682767e-02,9.973689752981805823e-01,-1.195512245374434797e-02,1.973246414479290722e+00,-1.138638242398755211e-02,1.280117052305458809e-02,9.998532293934617732e-01,2.985441992226616215e-01,0.000000000000000000e+00,0.000000000000000000e+00,0.000000000000000000e+00,1.000000000000000056e-01
9.974129867514242020e-01,-7.082531243511343277e-02,1.229263918253323609e-02,3.077262683034144075e+01,7.105947398517527269e-02,9.972757340058686637e-01,-1.979044011653170038e-02,2.019388645402718119e+00,-1.085748665914837430e-02,2.061275045995545480e-02,9.997285779159871266e-01,3.131695512972662576e-01,0.000000000000000000e+00,0.000000000000000000e+00,0.000000000000000000e+00,1.000000000000000056e-01
9.973904674365994261e-01,-7.158044418699917311e-02,9.407203441707444325e-03,3.171194025512593129e+01,7.177403870670319430e-02,9.971745235231515014e-01,-2.216882956099620536e-02,2.083976076959535462e+00,-7.793768942587985492e-03,2.278617226231124601e-02,9.997099817043449965e-01,3.091403450839990130e-01,0.000000000000000000e+00,0.000000000000000000e+00,0.000000000000000000e+00,1.000000000000000056e-01
9.974372008342496931e-01,-7.118629408062335240e-02,7.179270645665330845e-03,3.269091547901272321e+01,7.133484582421764642e-02,9.971836856626269396e-01,-2.315246897275311661e-02,2.166198819316488944e+00,-5.510913097827150990e-03,2.360526600922355223e-02,9.997061674579496016e-01,3.079803131011677464e-01,0.000000000000000000e+00,0.000000000000000000e+00,0.000000000000000000e+00,1.000000000000000056e-01
9.973975630382394542e-01,-7.185601443867986604e-02,5.900375782048050688e-03,3.365758711666985903e+01,7.197366145752431832e-02,9.971410623744990653e-01,-2.301073191041623500e-02,2.244790195853442860e+00,-4.230047491320698336e-03,2.337551958018470322e-02,9.997178060745830486e-01,3.064365508917929470e-01,0.000000000000000000e+00,0.000000000000000000e+00,0.000000000000000000e+00,1.000000000000000056e-01
9.975082107350148330e-01,-7.014168741175641486e-02,7.583745991301954828e-03,3.461264706341957265e+01,7.030509981128210684e-02,9.972366399541352511e-01,-2.400576750516566701e-02,2.301464056095610555e+00,-5.878984330204974768e-03,2.447912621026046218e-02,9.996830547344629503e-01,3.189764908291249923e-01,0.000000000000000000e+00,0.000000000000000000e+00,0.000000000000000000e+00,1.000000000000000056e-01
9.973393645816983621e-01,-7.223806483909393783e-02,9.790497641951150659e-03,3.559075910262073705e+01,7.244125390607077108e-02,9.971235553554054221e-01,-2.229080725123979562e-02,2.388511540059035987e+00,-8.152091037910237648e-03,2.294073546551197995e-02,9.997035891042960198e-01,3.145340117402035118e-01,0.000000000000000000e+00,0.000000000000000000e+00,0.000000000000000000e+00,1.000000000000000056e-01
9.973411353375386534e-01,-7.197317933094399267e-02,1.142458842257389195e-02,3.657196868326337835e+01,7.219903520063677971e-02,9.971739624927024037e-01,-2.076987825433167928e-02,2.466480699466761628e+00,-9.897427934905372177e-03,2.153949822067181136e-02,9.997190059895205705e-01,3.234616229377731966e-01,0.000000000000000000e+00,0.000000000000000000e+00,0.000000000000000000e+00,1.000000000000000056e-01
9.973895248658284363e-01,-7.108696528716744456e-02,1.267986806627148695e-02,3.757158892016092722e+01,7.133107665283817955e-02,9.972528019678658096e-01,-1.996813638744561123e-02,2.544152716189976626e+00,-1.122555973944833370e-02,2.082047870491352329e-02,9.997202080957623416e-01,3.191569363854341312e-01,0.000000000000000000e+00,0.000000000000000000e+00,0.000000000000000000e+00,1.000000000000000056e-01
9.972859215234185504e-01,-7.195984638629779329e-02,1.557469868878057391e-02,3.856317348384355626e+01,7.225556868449972692e-02,9.971986426977575979e-01,-1.933907432711101312e-02,2.612722804323837078e+00,-1.413943157504642979e-02,2.041194527257036637e-02,9.996916669478265183e-01,3.361175908075133001e-01,0.000000000000000000e+00,0.000000000000000000e+00,0.000000000000000000e+00,1.000000000000000056e-01
9.974465594026470372e-01,-6.941032663184315554e-02,1.680974992920744940e-02,3.957614519135609044e+01,6.971242531170188106e-02,9.974027942141476810e-01,-1.810645881918663061e-02,2.692365854777174050e+00,-1.550931632864682198e-02,1.923207348861167773e-02,9.996947476386712772e-01,3.325065610745003841e-01,0.000000000000000000e+00,0.000000000000000000e+00,0.000000000000000000e+00,1.000000000000000056e-01
9.974080140072407730e-01,-7.025299411556794327e-02,1.554896819501771360e-02,4.058575442817488010e+01,7.056344952912997626e-02,9.972984777568926207e-01,-2.040945502297325520e-02,2.774090714182299688e+00,-1.407313698795061366e-02,2.145374283389303582e-02,9.996707876764907574e-01,3.458335407254402583e-01,0.000000000000000000e+00,0.000000000000000000e+00,0.000000000000000000e+00,1.000000000000000056e-01
9.974612807649860802e-01,-6.993384520617289268e-02,1.342574651006726502e-02,4.159355136464984071e+01,7.015836737913773435e-02,9.973901196521754997e-01,-1.705147227992043907e-02,2.846908271667296653e+00,-1.219823189513446343e-02,1.795011183525057480e-02,9.997644705748122140e-01,3.612199372284716770e-01,0.000000000000000000e+00,0.000000000000000000e+00,0.000000000000000000e+00,1.000000000000000056e-01
9.975964031696858969e-01,-6.839337117737404048e-02,1.112488929830041280e-02,4.262631175527616278e+01,6.855513421868394963e-02,9.975364392566241634e-01,-1.487433788353436336e-02,2.920314276554555111e+00,-1.008017634586447740e-02,1.560125425115746305e-02,9.998274805738373017e-01,3.696482461900841288e-01,0.000000000000000000e+00,0.000000000000000000e+00,0.000000000000000000e+00,1.000000000000000056e-01
9.975794905136894375e-01,-6.863982944934908514e-02,1.112357494747860144e-02,4.367522190496535472e+01,6.883601115528979741e-02,9.974595015965305178e-01,-1.833429145153249451e-02,2.989903327147435341e+00,-9.836852884775810005e-03,1.905561565432061649e-02,9.997700334763780505e-01,3.786025993706589876e-01,0.000000000000000000e+00,0.000000000000000000e+00,0.000000000000000000e+00,1.000000000000000056e-01
9.975839595259415882e-01,-6.829589417581033439e-02,1.272456424680642323e-02,4.468835701447424924e+01,6.854554257399297912e-02,9.974405906682469736e-01,-2.034150143463933288e-02,3.075362713680869220e+00,-1.130275584897343435e-02,2.116456770418510477e-02,9.997121129525806671e-01,3.869325024403247326e-01,0.000000000000000000e+00,0.000000000000000000e+00,0.000000000000000000e+00,1.000000000000000056e-01
9.975776484637773889e-01,-6.827756904224065171e-02,1.330446733854253813e-02,4.567511117132158915e+01,6.854587332049992543e-02,9.974294822261641214e-01,-2.087800844851105467e-02,3.140329580357482886e+00,-1.184476830546970019e-02,2.173940090545699658e-02,9.996935029858209365e-01,3.885637722723860321e-01,0.000000000000000000e+00,0.000000000000000000e+00,0.000000000000000000e+00,1.000000000000000056e-01
9.970130421799645593e-01,-7.642749851396747618e-02,1.112794652888572135e-02,4.659094578693126465e+01,7.660492996537605903e-02,9.969249559456890841e-01,-1.650202768406387396e-02,3.196652863429553904e+00,-9.832518906774142045e-03,1.730519238793025785e-02,9.998019063236299742e-01,4.011016676584364671e-01,0.000000000000000000e+00,0.000000000000000000e+00,0.000000000000000000e+00,1.000000000000000056e-01
9.970423075056012996e-01,-7.648966970642236129e-02,7.481141096681501526e-03,4.754824849763208761e+01,7.660181459073688026e-02,9.969322290506221762e-01,-1.607148660093827772e-02,3.272195988358034491e+00,-6.228887967559944283e-03,1.659702106885999409e-02,9.998428575762929871e-01,3.967771563161379134e-01,0.000000000000000000e+00,0.000000000000000000e+00,0.000000000000000000e+00,1.000000000000000056e-01
9.971367777272976962e-01,-7.527596713383324922e-02,7.195503852258448504e-03,4.849495136624722846e+01,7.538189321311519753e-02,9.970295394500221509e-01,-1.580087464930897412e-02,3.363491049652171938e+00,-5.984703771140900339e-03,1.629804393609039781e-02,9.998492671821233024e-01,4.079371331483345187e-01,0.000000000000000000e+00,0.000000000000000000e+00,0.000000000000000000e+00,1.000000000000000056e-01
9.972526730605827394e-01,-7.350283625401810017e-02,9.189077001385912574e-03,4.946607483450336673e+01,7.364433217711274793e-02,9.971538522778891078e-01,-1.614643073725182190e-02,3.450638650654408668e+00,-7.976115076243052437e-03,1.677879465220306551e-02,9.998274119258332426e-01,4.136278751010697974e-01,0.000000000000000000e+00,0.000000000000000000e+00,0.000000000000000000e+00,1.000000000000000056e-01
9.972531097642924891e-01,-7.309118189302774016e-02,1.199642425593396358e-02,5.046502555055236883e+01,7.328995543839320059e-02,9.971647073420234486e-01,-1.706249874242113385e-02,3.540533175401422206e+00,-1.071529268318728231e-02,1.789484733036626751e-02,9.997824548079129459e-01,4.295823316904930356e-01,0.000000000000000000e+00,0.000000000000000000e+00,0.000000000000000000e+00,1.000000000000000056e-01
9.973571021737562825e-01,-7.157080036994868666e-02,1.250724901697055497e-02,5.140108072235288006e+01,7.181131644392406421e-02,9.972182166919439927e-01,-1.997406138795005878e-02,3.612305147861046173e+00,-1.104289700025137475e-02,2.081943400152721710e-02,9.997222642282694860e-01,4.397586376949674247e-01,0.000000000000000000e+00,0.000000000000000000e+00,0.000000000000000000e+00,1.000000000000000056e-01
9.974126053420516724e-01,-7.090848768366601884e-02,1.183558529165324412e-02,5.233900896180892914e+01,7.117058342023506456e-02,9.971890108742378356e-01,-2.342700679306854161e-02,3.682197564792276889e+00,-1.014114196744991640e-02,2.420873739116734952e-02,9.996554877924301863e-01,4.434507961506147233e-01,0.000000000000000000e+00,0.000000000000000000e+00,0.000000000000000000e+00,1.000000000000000056e-01
9.974212881851131085e-01,-7.089223296213506553e-02,1.118325448123065613e-02,5.332325266034372646e+01,7.116510762276714863e-02,9.971189848864002725e-01,-2.625371280704156748e-02,3.759665351583789228e+00,-9.289851031613220733e-03,2.698186955637097220e-02,9.995927557675943209e-01,4.575932480037051553e-01,0.000000000000000000e+00,0.000000000000000000e+00,0.000000000000000000e+00,1.000000000000000056e-01
9.973300024976403666e-01,-7.182158589764857382e-02,1.321082575781573100e-02,5.428774636010764709e+01,7.218555459618648806e-02,9.969542718943578130e-01,-2.951991631478364034e-02,3.838427313289371590e+00,-1.105042196921277899e-02,3.039472899595481795e-02,9.994768874884325527e-01,4.486049027197199779e-01,0.000000000000000000e+00,0.000000000000000000e+00,0.000000000000000000e+00,1.000000000000000056e-01
9.971797171486744826e-01,-7.302505422630166387e-02,1.731915594176530043e-02,5.524345712804769448e+01,7.354941842788094430e-02,9.967823197259155776e-01,-3.186675588670877940e-02,3.922579922683608000e+00,-1.493635685868446340e-02,3.305069646873273065e-02,9.993420619120970683e-01,4.554230054747214207e-01,0.000000000000000000e+00,0.000000000000000000e+00,0.000000000000000000e+00,1.000000000000000056e-01
9.970325339439911616e-01,-7.386977379579481862e-02,2.166524351541514876e-02,5.620127148141176576e+01,7.450512698083894270e-02,9.967646830204762720e-01,-3.015215973456068788e-02,3.990765705754007353e+00,-1.936781636615753782e-02,3.167685594321982545e-02,9.993104945344861711e-01,4.736939082547576008e-01,0.000000000000000000e+00,0.000000000000000000e+00,0.000000000000000000e+00,1.000000000000000056e-01
9.969033317018818341e-01,-7.505701144161487648e-02,2.345617776068891283e-02,5.716782826420340058e+01,7.568069740074472029e-02,9.967681187413311994e-01,-2.693973833956730263e-02,4.064892601750500489e+00,-2.135835393059712720e-02,2.863149479717633922e-02,9.993618254781670984e-01,4.619813307503831123e-01,0.000000000000000000e+00,0.000000000000000000e+00,0.000000000000000000e+00,1.000000000000000056e-01
9.967343713138450134e-01,-7.857944025415936062e-02,1.859743560109919369e-02,5.806609939897253980e+01,7.908257347902553080e-02,9.964727643443829219e-01,-2.807091896961140531e-02,4.144371108549282035e+00,-1.632604096309202280e-02,2.944998283882288570e-02,9.994329186580079849e-01,4.654192157325907631e-01,0.000000000000000000e+00,0.000000000000000000e+00,0.000000000000000000e+00,1.000000000000000056e-01
9.964706949671154890e-01,-8.296824797081936431e-02,1.274456356281438926e-02,5.898436045429110663e+01,8.329321215545865131e-02,9.961447291931050385e-01,-2.753033435360213027e-02,4.227832048590967062e+00,-1.041128621159482723e-02,2.849470704267719617e-02,9.995397224672826209e-01,4.637578613611101352e-01,0.000000000000000000e+00,0.000000000000000000e+00,0.000000000000000000e+00,1.000000000000000056e-01
9.965298811646222665e-01,-8.285856283911353926e-02,7.915460205221653070e-03,5.993797552841472509e+01,8.305868788926419610e-02,9.961030993973145620e-01,-2.966259828769871043e-02,4.308430042521944614e+00,-5.426814179384727849e-03,3.021711328535971880e-02,9.995286267799248225e-01,4.737240080580218948e-01,0.000000000000000000e+00,0.000000000000000000e+00,0.000000000000000000e+00,1.000000000000000056e-01
9.963960626418562061e-01,-8.442480244874327189e-02,8.206039440366005855e-03,6.084983686047769424e+01,8.461662502555770959e-02,9.960523621878557554e-01,-2.682757069279211731e-02,4.396521819246145490e+00,-5.908732612864600955e-03,2.742525317081450503e-02,9.996063937207616545e-01,4.763704991341376482e-01,0.000000000000000000e+00,0.000000000000000000e+00,0.000000000000000000e+00,1.000000000000000056e-01
9.963363588501101820e-01,-8.485987324838265011e-02,1.061423315991354144e-02,6.177899836081716956e+01,8.511155729513797397e-02,9.960302467484806188e-01,-2.607240642819902421e-02,4.491259652301240912e+00,-8.359596168537302557e-03,2.688028040086595793e-02,9.996037053139957829e-01,4.969724714069740923e-01,0.000000000000000000e+00,0.000000000000000000e+00,0.000000000000000000e+00,1.000000000000000056e-01
9.961679359870265760e-01,-8.688873861478356442e-02,9.989515167376276927e-03,6.267429583847487606e+01,8.711850814732223502e-02,9.958718315287646838e-01,-2.548844259127426917e-02,4.576515736160115644e+00,-7.733618139808239901e-03,2.626104090617037770e-02,9.996252042045519204e-01,5.119642891325154599e-01,0.000000000000000000e+00,0.000000000000000000e+00,0.000000000000000000e+00,1.000000000000000056e-01
9.959713566921810646e-01,-8.912157090042341356e-02,9.919790772844667981e-03,6.348854770743326270e+01,8.933346374004688673e-02,9.957247297922128260e-01,-2.349031154391938506e-02,4.656598352043593181e+00,-7.783887521151597322e-03,2.428184672683416159e-02,9.996748486455946381e-01,5.205286853846383677e-01,0.000000000000000000e+00,0.000000000000000000e+00,0.000000000000000000e+00,1.000000000000000056e-01
9.958091160429464184e-01,-9.086185284918150973e-02,1.040807871700008026e-02,6.430878088847769902e+01,9.107692744447574984e-02,9.955898274379511026e-01,-2.249197166422928912e-02,4.738076801984431263e+00,-8.318515074175558341e-03,2.334564625116377495e-02,9.996928443817512111e-01,5.297557602234748142e-01,0.000000000000000000e+00,0.000000000000000000e+00,0.000000000000000000e+00,1.000000000000000056e-01
9.957442507465700254e-01,-9.166452899230331797e-02,9.539456471469693125e-03,6.510406714542581597e+01,9.186747047396728871e-02,9.954911828908309390e-01,-2.361509380309601697e-02,4.815698865887429569e+00,-7.331778356349099267e-03,2.439095962100425175e-02,9.996756104431576695e-01,5.328444461395582810e-01,0.000000000000000000e+00,0.000000000000000000e+00,0.000000000000000000e+00,1.000000000000000056e-01
9.957490983870891377e-01,-9.160728139338404630e-02,9.583269641015057169e-03,6.590686212127315002e+01,9.182578463476674668e-02,9.954459199174520156e-01,-2.560167564647200175e-02,4.893443212547094134e+00,-7.194326758528715553e-03,2.637283669632594155e-02,9.996262877431147942e-01,5.418202667176913456e-01,0.000000000000000000e+00,0.000000000000000000e+00,0.000000000000000000e+00,1.000000000000000056e-01
9.956188122078128977e-01,-9.285522411276007915e-02,1.100400531047395457e-02,6.666327079056777904e+01,9.311331306399540930e-02,9.953191032178132502e-01,-2.588037287085344362e-02,4.967771740156293525e+00,-8.549368874380099473e-03,2.679160548860643615e-02,9.996044808659035885e-01,5.542151351232093015e-01,0.000000000000000000e+00,0.000000000000000000e+00,0.000000000000000000e+00,1.000000000000000056e-01
9.953115018910466683e-01,-9.574225427016615220e-02,1.372716105594284225e-02,6.745989870063864657e+01,9.605857291107645912e-02,9.950714087346808068e-01,-2.460979660755392012e-02,5.059685546174164550e+00,-1.130330808552739222e-02,2.581302512385205000e-02,9.996028826290364044e-01,5.622570497498885489e-01,0.000000000000000000e+00,0.000000000000000000e+00,0.000000000000000000e+00,1.000000000000000056e-01
9.952054713898846883e-01,-9.639959704214902392e-02,1.652838182486960836e-02,6.820125246361752147e+01,9.677025362725479030e-02,9.950334915915829415e-01,-2.332099105912793444e-02,5.138435364116998194e+00,-1.419815933683537396e-02,2.480863360151944544e-02,9.995913885034581892e-01,5.697354590478885816e-01,0.000000000000000000e+00,0.000000000000000000e+00,0.000000000000000000e+00,1.000000000000000056e-01
9.949765565656057964e-01,-9.848549803494298371e-02,1.795156153818294048e-02,6.892880917909896255e+01,9.885206453783786096e-02,9.948842367086314642e-01,-2.082366166866074508e-02,5.211969806889908519e+00,-1.580889690829395677e-02,2.249360410189869125e-02,9.996219868295465050e-01,5.755360702251012261e-01,0.000000000000000000e+00,0.000000000000000000e+00,0.000000000000000000e+00,1.000000000000000056e-01
9.950931113292106334e-01,-9.780309042981376322e-02,1.497515567628422348e-02,6.959654959373145289e+01,9.808666839160683215e-02,9.949859591039138529e-01,-1.954345593541916698e-02,5.292631918989323836e+00,-1.298865924513519648e-02,2.091642150183396776e-02,9.996968530722557533e-01,5.881053378206320126e-01,0.000000000000000000e+00,0.000000000000000000e+00,0.000000000000000000e+00,1.000000000000000056e-01
9.950809732863173940e-01,-9.861694224592663927e-02,9.410382862498092166e-03,7.028733541529668116e+01,9.878106081201483424e-02,9.949287480163271358e-01,-1.894962784639214401e-02,5.367357722068940795e+00,-7.493906084830071618e-03,1.978598172260616697e-02,9.997761530957139930e-01,5.902324986918338068e-01,0.000000000000000000e+00,0.000000000000000000e+00,0.000000000000000000e+00,1.000000000000000056e-01
9.952308462978787240e-01,-9.749927896192839283e-02,3.074602268951092364e-03,7.101751672749082900e+01,9.754309683890799443e-02,9.949966638120983919e-01,-2.160979550734913601e-02,5.429401245787401464e+00,-9.522795196741850807e-04,2.180664129796459905e-02,9.997617533987877003e-01,6.080803416746647372e-01,0.000000000000000000e+00,0.000000000000000000e+00,0.000000000000000000e+00,1.000000000000000056e-01
9.950983048165003009e-01,-9.889040696382990492e-02,2.261898661917947353e-04,7.171543750241762893e+01,9.887526356387775495e-02,9.949003499635528103e-01,-1.992425400294378299e-02,5.505004505578776630e+00,1.745281209769401938e-03,1.984895596569792239e-02,9.998014667625620966e-01,6.082438538487123791e-01,0.000000000000000000e+00,0.000000000000000000e+00,0.000000000000000000e+00,1.000000000000000056e-01
9.950613784110728943e-01,-9.921910299225900065e-02,2.902205379884499441e-03,7.237423609553059123e+01,9.925663155533598347e-02,9.948775344257451136e-01,-1.915235200278654973e-02,5.579100483125945864e+00,-9.870597468281477015e-04,1.934582891379596839e-02,9.998123647048451357e-01,6.202595395446420801e-01,0.000000000000000000e+00,0.000000000000000000e+00,0.000000000000000000e+00,1.000000000000000056e-01
9.949363159925794786e-01,-1.003068898752657589e-01,6.344679870982508109e-03,7.297739819367660630e+01,1.004172745037879844e-01,9.947340334880412360e-01,-2.050789120907671459e-02,5.645388642264067336e+00,-4.254186214170026410e-03,2.104116118857850271e-02,9.997695591662567605e-01,6.356134909385435794e-01,0.000000000000000000e+00,0.000000000000000000e+00,0.000000000000000000e+00,1.000000000000000056e-01
9.949188669839723609e-01,-1.006177315563753089e-01,3.538391693667589186e-03,7.356687823345843924e+01,1.006713316795630059e-01,9.946786076742165639e-01,-2.190320554497445296e-02,5.697532740870975942e+00,-1.315711667514940248e-03,2.214812704792846684e-02,9.997538343867837796e-01,6.552000154501845808e-01,0.000000000000000000e+00,0.000000000000000000e+00,0.000000000000000000e+00,1.000000000000000056e-01
9.949034613279027495e-01,-1.008319781204044668e-01,1.217624107190181260e-04,7.420680248432904591e+01,1.007926395122998170e-01,9.944800992197219136e-01,-2.915777899764603054e-02,5.748424034909527691e+00,2.818946239637150526e-03,2.902144800416181503e-02,9.995748141574195555e-01,6.712899512747363406e-01,0.000000000000000000e+00,0.000000000000000000e+00,0.000000000000000000e+00,1.000000000000000056e-01
9.950396084214039316e-01,-9.943724247923416137e-02,-2.900427676226910965e-03,7.483003992914403568e+01,9.928843109280574564e-02,9.945122525249284751e-01,-3.297251929898593892e-02,5.818111999520295896e+00,6.163207258254561373e-03,3.252098377845943911e-02,9.994520501206513030e-01,6.973512306625824220e-01,0.000000000000000000e+00,0.000000000000000000e+00,0.000000000000000000e+00,1.000000000000000056e-01
9.954639557922498883e-01,-9.511069607076590160e-02,-2.338420702083699246e-03,7.543538282515136473e+01,9.499646954469644078e-02,9.950147179077353243e-01,-3.035427352175417565e-02,5.871084220500534911e+00,5.213779098609878059e-03,2.999444348415717526e-02,9.995364675026052748e-01,7.100843856828540357e-01,0.000000000000000000e+00,0.000000000000000000e+00,0.000000000000000000e+00,1.000000000000000056e-01
9.959292397004062547e-01,-9.013850066145163986e-02,1.443177722069109714e-05,7.600013648411886891e+01,9.010938318253360058e-02,9.956034294248536920e-01,-2.557558171251759702e-02,5.949280904370088940e+00,2.290976262217162170e-03,2.547277008838684867e-02,9.996728912058134853e-01,7.135337976305264895e-01,0.000000000000000000e+00,0.000000000000000000e+00,0.000000000000000000e+00,1.000000000000000056e-01
9.965247996251566098e-01,-8.325219770082054049e-02,2.719431930563397624e-03,7.655858976606283761e+01,8.329528190403029386e-02,9.961615369088109295e-01,-2.690889064981866891e-02,5.988154758931057309e+00,-4.687692071804630631e-04,2.704189271222089824e-02,9.996341912389606899e-01,7.274727015445228151e-01,0.000000000000000000e+00,0.000000000000000000e+00,0.000000000000000000e+00,1.000000000000000056e-01
9.970750204224388957e-01,-7.610609750004750096e-02,7.018943859750539568e-03,7.713551000557480108e+01,7.629131200686230241e-02,9.965833959016383581e-01,-3.164128198145529924e-02,6.016390636265884773e+00,-4.586868415886012282e-03,3.208421631381457029e-02,9.994746438512903675e-01,7.396467378336373244e-01,0.000000000000000000e+00,0.000000000000000000e+00,0.000000000000000000e+00,1.000000000000000056e-01
9.977454338094059461e-01,-6.645797551550490512e-02,9.348090867166682083e-03,7.768346183652754178e+01,6.674763472814286558e-02,9.971507813311586421e-01,-3.514359897418461998e-02,6.036921836164121480e+00,-6.985883671996841009e-03,3.568832835872876030e-02,9.993385515671258101e-01,7.543286296050900619e-01,0.000000000000000000e+00,0.000000000000000000e+00,0.000000000000000000e+00,1.000000000000000056e-01
9.983777065307766208e-01,-5.623819096188738959e-02,8.900616814624544987e-03,7.817986054671108320e+01,5.650430593152414721e-02,9.978509165377241752e-01,-3.317848363051957572e-02,6.075157788889983479e+00,-7.015590747985165493e-03,3.362758156867985682e-02,9.994098094597123616e-01,7.622173584658950007e-01,0.000000000000000000e+00,0.000000000000000000e+00,0.000000000000000000e+00,1.000000000000000056e-01
9.991482957149894206e-01,-4.045081373624002941e-02,8.149529919451911283e-03,7.867171798832274021e+01,4.066570183641192437e-02,9.987747904040692459e-01,-2.819962317939046434e-02,6.116006728960812211e+00,-6.998847332530594087e-03,2.850701179330424398e-02,9.995690903657596937e-01,7.593243543924149686e-01,0.000000000000000000e+00,0.000000000000000000e+00,0.000000000000000000e+00,1.000000000000000056e-01
9.996673588960656165e-01,-2.427613298764228975e-02,8.708669527033209221e-03,7.915174273886742640e+01,2.446625239518287684e-02,9.994489373623686168e-01,-2.243265697520733029e-02,6.131917446840667196e+00,-8.159292340637088262e-03,2.263826345810154503e-02,9.997104255613730173e-01,7.632212056307094983e-01,0.000000000000000000e+00,0.000000000000000000e+00,0.000000000000000000e+00,1.000000000000000056e-01
9.999582093546507400e-01,1.609277755837564949e-03,8.999431612338161524e-03,7.964581961742717908e+01,-1.399043638680381573e-03,9.997271074207090269e-01,-2.331851978834105499e-02,6.144986627523804756e+00,-9.034501709427752991e-03,2.330495469480153153e-02,9.996875796295238148e-01,7.666027034778198912e-01,0.000000000000000000e+00,0.000000000000000000e+00,0.000000000000000000e+00,1.000000000000000056e-01
9.995943325367276922e-01,2.617398302315634973e-02,1.122911275023242075e-02,8.014338101779713952e+01,-2.589368171807739788e-02,9.993663763296942726e-01,-2.442054685584841081e-02,6.136818629580900186e+00,-1.186118069741851425e-02,2.411987716302274945e-02,9.996387066926250009e-01,7.814912085642674588e-01,0.000000000000000000e+00,0.000000000000000000e+00,0.000000000000000000e+00,1.000000000000000056e-01
9.985141973846628494e-01,5.290459865715080312e-02,1.305760553042797055e-02,8.062607863735856029e+01,-5.259887306717829503e-02,9.983567545500379170e-01,-2.274091458974749833e-02,6.116253588467155389e+00,-1.423924763901983186e-02,2.202031074351862641e-02,9.996561157425255528e-01,7.854200825537455133e-01,0.000000000000000000e+00,0.000000000000000000e+00,0.000000000000000000e+00,1.000000000000000056e-01
9.964167784367167213e-01,8.342188879915427013e-02,1.394245742243756421e-02,8.111959401172771322e+01,-8.310721090836706293e-02,9.963020813551544119e-01,-2.180261870554943762e-02,6.074665216266521561e+00,-1.570971498236486963e-02,2.056577634248022216e-02,9.996650707605042596e-01,7.836317452611887280e-01,0.000000000000000000e+00,0.000000000000000000e+00,0.000000000000000000e+00,1.000000000000000056e-01
