9.999999999999998890e-01,-4.719735113874604164e-09,1.151772458883467724e-08,6.407429430260866217e-15,4.719735134748111529e-09,1.000000000000000000e+00,-1.812294289012577584e-09,6.059329116093518153e-15,-1.151772458028112678e-08,1.812294343373186757e-09,9.999999999999998890e-01,-2.278545320308774173e-14,0.000000000000000000e+00,0.000000000000000000e+00,0.000000000000000000e+00,1.000000000000000056e-01
9.998559295708160377e-01,-1.248765347559879953e-02,1.149689578767709199e-02,6.523191023706826908e-01,1.252251765834690340e-02,9.999171927308784236e-01,-2.965507156566216194e-03,4.287702482544877326e-03,-1.145891153538293288e-02,3.109049995194782066e-03,9.999295110929328212e-01,2.739244762305837865e-03,0.000000000000000000e+00,0.000000000000000000e+00,0.000000000000000000e+00,1.000000000000000056e-01
9.995380808804613659e-01,-1.919479493005816356e-02,2.356235806105187736e-02,1.336553515221975186e+00,1.928698342779151115e-02,9.998071739136008551e-01,-3.691512041793602959e-03,-1.419288419326242452e-03,-2.348695680713656225e-02,4.144253671244688825e-03,9.997155535558341910e-01,-1.329484927563463932e-02,0.000000000000000000e+00,0.000000000000000000e+00,0.000000000000000000e+00,1.000000000000000056e-01
9.990756471706242481e-01,-2.710638717593204586e-02,3.336307846807403527e-02,2.068029359894804742e+00,2.734486269083715934e-02,9.996035224964704424e-01,-6.712398756591566804e-03,2.054784797801473620e-02,-3.316790187843753762e-02,7.618502931462123665e-03,9.994207565875673493e-01,-3.765424277841079859e-02,0.000000000000000000e+00,0.000000000000000000e+00,0.000000000000000000e+00,1.000000000000000056e-01
9.983466933973387247e-01,-3.612298534044999093e-02,4.471028643046095347e-02,2.799731501088490671e+00,3.654634478145515203e-02,9.992941945398750025e-01,-8.687775435486969414e-03,7.044489170453649418e-02,-4.436490128147736051e-02,1.030740942216228258e-02,9.989622179268285995e-01,-7.985176375252624192e-02,0.000000000000000000e+00,0.000000000000000000e+00,0.000000000000000000e+00,1.000000000000000056e-01
9.975304182025884758e-01,-4.535782879755128477e-02,5.362585316189353440e-02,3.550306597414490728e+00,4.593865394126265406e-02,9.988976718054549675e-01,-9.647866899299419388e-03,9.805760269387432670e-02,-5.312913357691665533e-02,1.208754021353025156e-02,9.985144898983451256e-01,-1.165159222000712452e-01,0.000000000000000000e+00,0.000000000000000000e+00,0.000000000000000000e+00,1.000000000000000056e-01
9.964329867403246555e-01,-5.473885598020795246e-02,6.422585602180844178e-02,4.308519445608564702e+00,5.552692295661614680e-02,9.984014644932350802e-01,-1.054876887288155526e-02,1.546558481919456940e-01,-6.354576117040405814e-02,1.407740543358441607e-02,9.978796334696546921e-01,-1.505725885773067096e-01,0.000000000000000000e+00,0.000000000000000000e+00,0.000000000000000000e+00,1.000000000000000056e-01
9.950288737100072556e-01,-6.468375573046207527e-02,7.572022337524070279e-02,5.112023783002849875e+00,6.556202043240717814e-02,9.978063742019185334e-01,-9.168482908393751213e-03,2.243089112372830818e-01,-7.496106963094281705e-02,1.408727605404245034e-02,9.970869504176465004e-01,-2.043131972453424428e-01,0.000000000000000000e+00,0.000000000000000000e+00,0.000000000000000000e+00,1.000000000000000056e-01
9.936992928772486744e-01,-6.959667225107298016e-02,8.785225407940670805e-02,5.886402389617838793e+00,7.052815836778279779e-02,9.974812919899572750e-01,-7.539960695826459017e-03,2.937446120439681785e-01,-8.710622373002317731e-02,1.368851130044408844e-02,9.961049796310993409e-01,-2.569083793522663473e-01,0.000000000000000000e+00,0.000000000000000000e+00,0.000000000000000000e+00,1.000000000000000056e-01
9.919229030967618987e-01,-7.838863815491399489e-02,9.972048796666503623e-02,6.689557569360632172e+00,7.974286923391100956e-02,9.967686450386454844e-01,-9.661421953633616416e-03,3.559219315360053204e-01,-9.864090996353992724e-02,1.753538354415861214e-02,9.949685830243707452e-01,-3.259234466113404283e-01,0.000000000000000000e+00,0.000000000000000000e+00,0.000000000000000000e+00,1.000000000000000056e-01
9.900569375208827516e-01,-8.640637813689805435e-02,1.110008931677315958e-01,7.520985265443555612e+00,8.837520623482281179e-02,9.960033082398679349e-01,-1.293185594534419260e-02,4.262118135398461627e-01,-1.094398619778155224e-01,2.261300051965650648e-02,9.937361666044839392e-01,-4.023258936974835609e-01,0.000000000000000000e+00,0.000000000000000000e+00,0.000000000000000000e+00,1.000000000000000056e-01
9.881668888803857298e-01,-9.325189323733200364e-02,1.217796539989857985e-01,8.358897578819533436e+00,9.562772860109676476e-02,9.953215067704483943e-01,-1.379984357879173937e-02,5.200613087542395041e-01,-1.199230471721530467e-01,2.528206019804108209e-02,9.924612235191297982e-01,-4.974392569959110166e-01,0.000000000000000000e+00,0.000000000000000000e+00,0.000000000000000000e+00,1.000000000000000056e-01
9.863374074953837889e-01,-1.002762920947679604e-01,1.307026542156280724e-01,9.206694859077632742e+00,1.030325051392338709e-01,9.945725666342657423e-01,-1.448145653112325321e-02,6.350809466421004634e-01,-1.285411275040755641e-01,2.775022418384841261e-02,9.913158445206690095e-01,-5.968193234370646749e-01,0.000000000000000000e+00,0.000000000000000000e+00,0.000000000000000000e+00,1.000000000000000056e-01
9.844434019996063379e-01,-1.056580688978808052e-01,1.403836198999448559e-01,9.986736307902720711e+00,1.092389447543681696e-01,9.938519922302567755e-01,-1.802971128170533996e-02,7.393010176374403830e-01,-1.376155558372439969e-01,3.308458880990097772e-02,9.899330122664291576e-01,-6.908816301853732966e-01,0.000000000000000000e+00,0.000000000000000000e+00,0.000000000000000000e+00,1.000000000000000056e-01
9.820694192828540725e-01,-1.133309027849706413e-01,1.506511273883511803e-01,1.081443291306930199e+01,1.174464098337831414e-01,9.929035556391228035e-01,-1.867806243544884587e-02,8.492003306509700034e-01,-1.474652383668528244e-01,3.603658797848390688e-02,9.884105259457106607e-01,-8.130129583844659669e-01,0.000000000000000000e+00,0.000000000000000000e+00,0.000000000000000000e+00,1.000000000000000056e-01
9.800350475769662451e-01,-1.185776732568367409e-01,1.595952409246854942e-01,1.162013473340002179e+01,1.233080246162286675e-01,9.921661885277746062e-01,-2.003460524971887105e-02,9.629181888270960110e-01,-1.559693450202862264e-01,3.931398920566803179e-02,9.869792164309639793e-01,-9.123957223353647006e-01,0.000000000000000000e+00,0.000000000000000000e+00,0.000000000000000000e+00,1.000000000000000056e-01
9.780473106068932054e-01,-1.243447993774759175e-01,1.672179089762778348e-01,1.248178520591615914e+01,1.291580144333433766e-01,9.914573523524783383e-01,-1.818036781393246593e-02,1.101498728887780221e+00,-1.635287911111059922e-01,3.937879294733236113e-02,9.857523244424795106e-01,-1.046685137103800400e+00,0.000000000000000000e+00,0.000000000000000000e+00,0.000000000000000000e+00,1.000000000000000056e-01
9.759697215284914851e-01,-1.320017961022824649e-01,1.733742440080711933e-01,1.338411569185089789e+01,1.371060433925056499e-01,9.903973580681684208e-01,-1.774840829045024049e-02,1.234689752619196002e+00,-1.693665714503636288e-01,4.109256571891815868e-02,9.846960777406322807e-01,-1.196609417353502458e+00,0.000000000000000000e+00,0.000000000000000000e+00,0.000000000000000000e+00,1.000000000000000056e-01
9.749580649643808661e-01,-1.306540313354331295e-01,1.799619283534982794e-01,1.425152425109336818e+01,1.355797514621681632e-01,9.906483834074687467e-01,-1.529416377660244332e-02,1.371765393897792062e+00,-1.762807492449663394e-01,3.931036183970446768e-02,9.835546720430261569e-01,-1.338163091345776712e+00,0.000000000000000000e+00,0.000000000000000000e+00,0.000000000000000000e+00,1.000000000000000056e-01
9.701896790052267905e-01,-1.522160034898702163e-01,1.885796251807356216e-01,1.522139070861036458e+01,1.576502784031276472e-01,9.873947609145289350e-01,-1.407038869245042303e-02,1.613645607733042331e+00,-1.840607955843700516e-01,4.338057629990767217e-02,9.819571014706990342e-01,-1.510344771361874949e+00,0.000000000000000000e+00,0.000000000000000000e+00,0.000000000000000000e+00,1.000000000000000056e-01
9.683865841470082891e-01,-1.543411317057810650e-01,1.959750971625424110e-01,1.614235010850219254e+01,1.603120400145616187e-01,9.869541991305964546e-01,-1.488148664792813235e-02,1.784927872397707560e+00,-1.911216195788921768e-01,4.582819964019553549e-02,9.804959472875345305e-01,-1.681432226422775678e+00,0.000000000000000000e+00,0.000000000000000000e+00,0.000000000000000000e+00,1.000000000000000056e-01
9.649947839382277959e-01,-1.621310755346189458e-01,2.061518404429142359e-01,1.702259176979039879e+01,1.694754128441878505e-01,9.853633897726180590e-01,-1.835958978593059052e-02,1.952430210935773847e+00,-2.001578162683265161e-01,5.265457664632061663e-02,9.783477623753690233e-01,-1.850015416176560290e+00,0.000000000000000000e+00,0.000000000000000000e+00,0.000000000000000000e+00,1.000000000000000056e-01
9.621502210633023910e-01,-1.691546587530635970e-01,2.136671559458141467e-01,1.784791210474027068e+01,1.774290743076686605e-01,9.839299890885604416e-01,-2.001749640962201954e-02,2.098495338308498770e+00,-2.068474696440883442e-01,5.717060428506976627e-02,9.767014110297568275e-01,-2.012873211261526851e+00,0.000000000000000000e+00,0.000000000000000000e+00,0.000000000000000000e+00,1.000000000000000056e-01
9.595149397542824810e-01,-1.740107805270380281e-01,2.214753454646965769e-01,1.871824070983573307e+01,1.838627461592637624e-01,9.826463409644761171e-01,-2.450834886116797298e-02,2.251201757678143789e+00,-2.133672209199665992e-01,6.423719210471127983e-02,9.748579446193135212e-01,-2.198409372590984567e+00,0.000000000000000000e+00,0.000000000000000000e+00,0.000000000000000000e+00,1.000000000000000056e-01
9.560536159623854724e-01,-1.801134012775374160e-01,2.313452962251111300e-01,1.961613535696352884e+01,1.910133493365067381e-01,9.812581839522644955e-01,-2.542197478469147842e-02,2.432313505656849006e+00,-2.224306268940886566e-01,6.849481080301365876e-02,9.725394989986586580e-01,-2.392373880060566282e+00,0.000000000000000000e+00,0.000000000000000000e+00,0.000000000000000000e+00,1.000000000000000056e-01
9.530944033210140276e-01,-1.838189019842531580e-01,2.404613682724603685e-01,2.050926660691510506e+01,1.959052389946249750e-01,9.802469447640783651e-01,-2.714893395971188644e-02,2.598894752930537511e+00,-2.307210343523519447e-01,7.298313883352408604e-02,9.702789628521208964e-01,-2.598600737635249125e+00,0.000000000000000000e+00,0.000000000000000000e+00,0.000000000000000000e+00,1.000000000000000056e-01
9.509349745578973279e-01,-1.832562264051045553e-01,2.492786185101568963e-01,2.138502397894800211e+01,1.973261731080287740e-01,9.798005889643450761e-01,-3.245284689611740991e-02,2.797460234149172109e+00,-2.382961509741849115e-01,8.004974296575621817e-02,9.678878979933599469e-01,-2.802966317266232021e+00,0.000000000000000000e+00,0.000000000000000000e+00,0.000000000000000000e+00,1.000000000000000056e-01
9.478241708703196711e-01,-1.857496473602205656e-01,2.590876485275684371e-01,2.228412347024919882e+01,2.012995685920156153e-01,9.789186686972226603e-01,-3.459369538984728709e-02,3.014972987775716540e+00,-2.471999692529502357e-01,8.494297252634168405e-02,9.652340993871536545e-01,-3.021421071056033192e+00,0.000000000000000000e+00,0.000000000000000000e+00,0.000000000000000000e+00,1.000000000000000056e-01
9.460455141515582422e-01,-1.828484391518114816e-01,2.675151088321182091e-01,2.319595500566777702e+01,1.991887590246960715e-01,9.793347443046506173e-01,-3.503279714704655989e-02,3.224864894660171011e+00,-2.555811484282737855e-01,8.642862313777104066e-02,9.629165953864300409e-01,-3.245629823615465703e+00,0.000000000000000000e+00,0.000000000000000000e+00,0.000000000000000000e+00,1.000000000000000056e-01
9.457278824795997130e-01,-1.764171388742327706e-01,2.729024833380636617e-01,2.407056248040508351e+01,1.935480835909945130e-01,9.803945032843700558e-01,-3.695615331777366008e-02,3.417397945123080927e+00,-2.610323957651728977e-01,8.777021727911504811e-02,9.613316167274803536e-01,-3.474837438447781146e+00,0.000000000000000000e+00,0.000000000000000000e+00,0.000000000000000000e+00,1.000000000000000056e-01
9.441385203557819406e-01,-1.793416144348408681e-01,2.764761105634621075e-01,2.496585231474314170e+01,1.977556445040287714e-01,9.794354606942962116e-01,-3.998604008085876460e-02,3.599846104221399834e+00,-2.636193457377341565e-01,9.242707215127354825e-02,9.601885631928512854e-01,-3.702309306211910567e+00,0.000000000000000000e+00,0.000000000000000000e+00,0.000000000000000000e+00,1.000000000000000056e-01
9.444781988577938270e-01,-1.786697016182423881e-01,2.757500128848334731e-01,2.583281625938893455e+01,1.975685868801763945e-01,9.793840172301885305e-01,-4.211413387721348739e-02,3.792728795620958326e+00,-2.625406356366720706e-01,9.425542168865358450e-02,9.603063730506979923e-01,-3.942588710820927211e+00,0.000000000000000000e+00,0.000000000000000000e+00,0.000000000000000000e+00,1.000000000000000056e-01
9.422717926471609884e-01,-1.792202963601345622e-01,2.828497024111765734e-01,2.672039572868418134e+01,2.001445570397640539e-01,9.786550333181701644e-01,-4.665278178595383407e-02,3.984187456536057770e+00,-2.684511595595412414e-01,1.005704287233415428e-01,9.580289994554136435e-01,-4.179420334322830222e+00,0.000000000000000000e+00,0.000000000000000000e+00,0.000000000000000000e+00,1.000000000000000056e-01
9.403636656628263646e-01,-1.800641486136214109e-01,2.886054030769758527e-01,2.762790177651822887e+01,2.028149947609554915e-01,9.779032678684198565e-01,-5.070775672793124966e-02,4.158488645854832022e+00,-2.730975177501356321e-01,1.062172353072565884e-01,9.561044109941116975e-01,-4.431154676274364768e+00,0.000000000000000000e+00,0.000000000000000000e+00,0.000000000000000000e+00,1.000000000000000056e-01
9.368100231519149723e-01,-1.806425862577768493e-01,2.995917831854040814e-01,2.856578621270879026e+01,2.058674443076506377e-01,9.770548857454114389e-01,-5.461085620329880763e-02,4.358306979133362624e+00,-2.828525691881636495e-01,1.128361922041091758e-01,9.525032377018634033e-01,-4.696861147719338270e+00,0.000000000000000000e+00,0.000000000000000000e+00,0.000000000000000000e+00,1.000000000000000056e-01
9.334889873106001490e-01,-1.818047573709642428e-01,3.091040937404663236e-01,2.946914903761005533e+01,2.098537601814033926e-01,9.759047848851531981e-01,-5.975993788474769086e-02,4.548611175229680725e+00,-2.907915231012695445e-01,1.206519002566793369e-01,9.491487813071752822e-01,-4.962982399635508024e+00,0.000000000000000000e+00,0.000000000000000000e+00,0.000000000000000000e+00,1.000000000000000056e-01
9.303030028265493190e-01,-1.810338107827056120e-01,3.190032637535185067e-01,3.034520070579737805e+01,2.122908070019297877e-01,9.749890473583212591e-01,-6.579491464986150784e-02,4.733947579989461474e+00,-2.991135841020510222e-01,1.289306669679665673e-01,9.454670522661382526e-01,-5.216420045249801518e+00,0.000000000000000000e+00,0.000000000000000000e+00,0.000000000000000000e+00,1.000000000000000056e-01
9.296200624868748985e-01,-1.843340167593878753e-01,3.191042301306089568e-01,3.125498551069966879e+01,2.173030113862210455e-01,9.735423105027095625e-01,-7.067369315046240219e-02,4.924463084763807785e+00,-2.976339037548961786e-01,1.350419931961740760e-01,9.450808004658785011e-01,-5.496006795713563875e+00,0.000000000000000000e+00,0.000000000000000000e+00,0.000000000000000000e+00,1.000000000000000056e-01
9.285180406038651135e-01,-1.890135355539608597e-01,3.195749233756471352e-01,3.219559657270727371e+01,2.227088884405471758e-01,9.722185587974667698e-01,-7.205431936638242996e-02,5.137413278699847652e+00,-2.970774297767083127e-01,1.380759113935819682e-01,9.448174656567778218e-01,-5.795331599557091096e+00,0.000000000000000000e+00,0.000000000000000000e+00,0.000000000000000000e+00,1.000000000000000056e-01
9.256518185563868961e-01,-1.908547091842668908e-01,3.267157645193183302e-01,3.311264671539786519e+01,2.263963701485999791e-01,9.712140259297136202e-01,-7.408103280149141989e-02,5.375133139753455858e+00,-3.031722190221127211e-01,1.425405058907343037e-01,9.422148426943940391e-01,-6.096077036814225636e+00,0.000000000000000000e+00,0.000000000000000000e+00,0.000000000000000000e+00,1.000000000000000056e-01
9.238195169508727211e-01,-1.943627065975842005e-01,3.298190994844258928e-01,3.403292502489303928e+01,2.310675512701441114e-01,9.699962639288640665e-01,-7.559784860738252843e-02,5.601573854083659043e+00,-3.052298918039901832e-01,1.460492596629876516e-01,9.410123946586557153e-01,-6.374615001471238607e+00,0.000000000000000000e+00,0.000000000000000000e+00,0.000000000000000000e+00,1.000000000000000056e-01
9.222421871594679299e-01,-1.974435621373309968e-01,3.323934235117217417e-01,3.492953551146765534e+01,2.349350192552749350e-01,9.690167000768139527e-01,-7.623760030172485602e-02,5.841371766018427003e+00,-3.070421550061888105e-01,1.484003865991051496e-01,9.400544879454549863e-01,-6.660974167502066834e+00,0.000000000000000000e+00,0.000000000000000000e+00,0.000000000000000000e+00,1.000000000000000056e-01
9.197412563125473284e-01,-1.994178757069872965e-01,3.380954484833087470e-01,3.584185669301025001e+01,2.381947141014232050e-01,9.681662501593685244e-01,-7.692457491912690903e-02,6.066997269477214516e+00,-3.119924672339996485e-01,1.512832538679006189e-01,9.379627271317245718e-01,-6.960703115653175566e+00,0.000000000000000000e+00,0.000000000000000000e+00,0.000000000000000000e+00,1.000000000000000056e-01
9.174986458024343428e-01,-2.021955391180468298e-01,3.425101442460670165e-01,3.677793394865001630e+01,2.432116014917320435e-01,9.665946082137591988e-01,-8.088869063049747288e-02,6.310861644564234041e+00,-3.147131262761789228e-01,1.575177048234635835e-01,9.360255449594429011e-01,-7.277762305516203512e+00,0.000000000000000000e+00,0.000000000000000000e+00,0.000000000000000000e+00,1.000000000000000056e-01
9.143629241015897025e-01,-2.067264087752360702e-01,3.481445604103049485e-01,3.771043704818847431e+01,2.481708507555766552e-01,9.655332976874184681e-01,-7.846451358488254479e-02,6.554383178429941559e+00,-3.199244783751998833e-01,1.581443738226337437e-01,9.341513181303141566e-01,-7.565054939821777680e+00,0.000000000000000000e+00,0.000000000000000000e+00,0.000000000000000000e+00,1.000000000000000056e-01
9.121473139163160937e-01,-2.106403676593034402e-01,3.515933918997951602e-01,3.864034127097178839e+01,2.524025441625904476e-01,9.645581332023226429e-01,-7.694519720880554914e-02,6.804110261172128027e+00,-3.229245011074586835e-01,1.589284215790362220e-01,9.329852750171865328e-01,-7.883912777510711400e+00,0.000000000000000000e+00,0.000000000000000000e+00,0.000000000000000000e+00,1.000000000000000056e-01
9.094989675781347538e-01,-2.155455838990903150e-01,3.554598841443394330e-01,3.957367643625536857e+01,2.597160645431476067e-01,9.622810552512577331e-01,-8.101071856702347918e-02,7.072728798289248608e+00,-3.245908097782908563e-01,1.659978071124016963e-01,9.311742770509434663e-01,-8.188373977250716251e+00,0.000000000000000000e+00,0.000000000000000000e+00,0.000000000000000000e+00,1.000000000000000056e-01
9.075340683565674693e-01,-2.217641981661803152e-01,3.566546721744833226e-01,4.049665448913640375e+01,2.664400841145522780e-01,9.604611581845698964e-01,-8.077156180107564198e-02,7.338114128201584485e+00,-3.246407188711967207e-01,1.683300449428614953e-01,9.307380939986967805e-01,-8.488858639006945594e+00,0.000000000000000000e+00,0.000000000000000000e+00,0.000000000000000000e+00,1.000000000000000056e-01
9.071266316528248108e-01,-2.233285342656374239e-01,3.567150682673251305e-01,4.144125771462009311e+01,2.689699344816789406e-01,9.595440336436450446e-01,-8.324915521376036187e-02,7.616958636121078818e+00,-3.236919036539557260e-01,1.714631542974917044e-01,9.304966083910423125e-01,-8.814448286030469148e+00,0.000000000000000000e+00,0.000000000000000000e+00,0.000000000000000000e+00,1.000000000000000056e-01
9.057595324345725230e-01,-2.268814511474533946e-01,3.579447953653333014e-01,4.241049439467254700e+01,2.733253197767748777e-01,9.582232916657381638e-01,-8.426976253794360439e-02,7.883852327142361283e+00,-3.238717940371287352e-01,1.741635163704022271e-01,9.299323258133724845e-01,-9.142354723321533427e+00,0.000000000000000000e+00,0.000000000000000000e+00,0.000000000000000000e+00,1.000000000000000056e-01
9.031474905312640855e-01,-2.293943018836513414e-01,3.629088929888498183e-01,4.335790387051867611e+01,2.786051612314170423e-01,9.562842041872450238e-01,-8.888017190118122079e-02,8.182121400120953680e+00,-3.266554369397459134e-01,1.813801948540127718e-01,9.275761157082603736e-01,-9.458473312464237281e+00,0.000000000000000000e+00,0.000000000000000000e+00,0.000000000000000000e+00,1.000000000000000056e-01
9.020782654659200706e-01,-2.275242732442501192e-01,3.667253850753624533e-01,4.427216262474455988e+01,2.781318406851123748e-01,9.562334065826485485e-01,-9.088647496990075181e-02,8.457788903148246717e+00,-3.299961850856890644e-01,1.839847200721270171e-01,9.258791177086092006e-01,-9.776910477793313348e+00,0.000000000000000000e+00,0.000000000000000000e+00,0.000000000000000000e+00,1.000000000000000056e-01
8.985982379543463461e-01,-2.409968761581784413e-01,3.666629411698755225e-01,4.507870800068010908e+01,2.932037216994762829e-01,9.514987344769593181e-01,-9.317583308090672534e-02,8.719843486794552234e+00,-3.264242397968019072e-01,1.912345783867147042e-01,9.256762672243117329e-01,-1.005464887071188862e+01,0.000000000000000000e+00,0.000000000000000000e+00,0.000000000000000000e+00,1.000000000000000056e-01
8.991345607471161738e-01,-2.430919603364003201e-01,3.639551352706766885e-01,4.593204977777686793e+01,2.962572685757839386e-01,9.501417939674926538e-01,-9.727385143115563348e-02,8.989635930955087062e+00,-3.221624939158908019e-01,1.952866359381529859e-01,9.263230847484331676e-01,-1.035894695936666388e+01,0.000000000000000000e+00,0.000000000000000000e+00,0.000000000000000000e+00,1.000000000000000056e-01
8.986083108422959764e-01,-2.438569688732206142e-01,3.647422136483802202e-01,4.676825592147113042e+01,2.982464061117882093e-01,9.492190555452134637e-01,-1.001611992303174659e-01,9.267829118256475596e+00,-3.217952531137739935e-01,1.987887404301816874e-01,9.257055966945559877e-01,-1.065408974198294523e+01,0.000000000000000000e+00,0.000000000000000000e+00,0.000000000000000000e+00,1.000000000000000056e-01
8.959304071263699543e-01,-2.466456989742361883e-01,3.694246943070907951e-01,4.760468588724828010e+01,3.027222974118302101e-01,9.476631782549774785e-01,-1.014579283712126467e-01,9.572406887600337200e+00,-3.250660182733354775e-01,2.027323352531242295e-01,9.237054097528791807e-01,-1.094935530206230112e+01,0.000000000000000000e+00,0.000000000000000000e+00,0.000000000000000000e+00,1.000000000000000056e-01
8.951520300783897266e-01,-2.440442309795747000e-01,3.730217907470362859e-01,4.848701842795799166e+01,3.030273874682727908e-01,9.468760466203220982e-01,-1.077040146922246533e-01,9.884092831491630093e+00,-3.269208550868099583e-01,2.094472861181487511e-01,9.215501011052255054e-01,-1.125376395443633015e+01,0.000000000000000000e+00,0.000000000000000000e+00,0.000000000000000000e+00,1.000000000000000056e-01
8.924406255690516820e-01,-2.448089938607865279e-01,3.789700335894502503e-01,4.930401565970009869e+01,3.070369922414559194e-01,9.450155022366172330e-01,-1.125787987491171788e-01,1.015927653411855047e+01,-3.305722541733346898e-01,2.168277128444228152e-01,9.185356431371711761e-01,-1.155051024024331063e+01,0.000000000000000000e+00,0.000000000000000000e+00,0.000000000000000000e+00,1.000000000000000056e-01
8.913287680404663460e-01,-2.485880054800539973e-01,3.791266685356137756e-01,5.015526253527033873e+01,3.128065054304233206e-01,9.425329440651939450e-01,-1.174041716132969981e-01,1.047836313450073220e+01,-3.281541062121135499e-01,2.232390039469952792e-01,9.178666731573177362e-01,-1.184706002831855365e+01,0.000000000000000000e+00,0.000000000000000000e+00,0.000000000000000000e+00,1.000000000000000056e-01
8.909812865277646488e-01,-2.498234030386087268e-01,3.791313945738842284e-01,5.106451906275827213e+01,3.152345561840476096e-01,9.413266756723983608e-01,-1.205456936393746736e-01,1.079777200780083923e+01,-3.267713598906366590e-01,2.269192741081292319e-01,9.174574221147615560e-01,-1.213741718926146973e+01,0.000000000000000000e+00,0.000000000000000000e+00,0.000000000000000000e+00,1.000000000000000056e-01
8.884658462699307480e-01,-2.550354899139655185e-01,3.815564688171325103e-01,5.193332443756047212e+01,3.224198915133983379e-01,9.385116563420718983e-01,-1.234555971454888851e-01,1.112937419790602256e+01,-3.266096348369781910e-01,2.327074768768816471e-01,9.160640679762804828e-01,-1.244683766136565772e+01,0.000000000000000000e+00,0.000000000000000000e+00,0.000000000000000000e+00,1.000000000000000056e-01
8.864870664851156601e-01,-2.570707373162518516e-01,3.847795693254681959e-01,5.277313153049762917e+01,3.261937622091786171e-01,9.369281699535972896e-01,-1.255517178027643621e-01,1.144104318665633535e+01,-3.282351450567656537e-01,2.368126693466415800e-01,9.144295758485080361e-01,-1.274055203881568943e+01,0.000000000000000000e+00,0.000000000000000000e+00,0.000000000000000000e+00,1.000000000000000056e-01
8.832026385698960036e-01,-2.593316759051790266e-01,3.907687053685144352e-01,5.362164753890427704e+01,3.305923148325157213e-01,9.352551977636347491e-01,-1.265165460711890066e-01,1.173851990472865303e+01,-3.326587148968931928e-01,2.409248781847064258e-01,9.117529174479409582e-01,-1.302917384552282876e+01,0.000000000000000000e+00,0.000000000000000000e+00,0.000000000000000000e+00,1.000000000000000056e-01
8.822248019614605807e-01,-2.648248518516183037e-01,3.892906326201931444e-01,5.445421864789674515e+01,3.343189287773657981e-01,9.345434731844843856e-01,-1.218989359651490856e-01,1.208628268177839438e+01,-3.315271522292199124e-01,2.376894919218124069e-01,9.130133913392148859e-01,-1.332312443578068262e+01,0.000000000000000000e+00,0.000000000000000000e+00,0.000000000000000000e+00,1.000000000000000056e-01
8.823027089451451754e-01,-2.692172118800499891e-01,3.860881021419729775e-01,5.527616463703396477e+01,3.396765921905815500e-01,9.320167556143036380e-01,-1.263510188798677991e-01,1.239441167269960431e+01,-3.258247113186040211e-01,2.426249370566011254e-01,9.137676933512306476e-01,-1.361393497745747183e+01,0.000000000000000000e+00,0.000000000000000000e+00,0.000000000000000000e+00,1.000000000000000056e-01
8.824907939332702345e-01,-2.751087552633564304e-01,3.814776158576974607e-01,5.609394136073692749e+01,3.445816721709316077e-01,9.302223517985496182e-01,-1.262927053248126819e-01,1.272414814942086814e+01,-3.201147760208999937e-01,2.429023445581001694e-01,9.157100966906868145e-01,-1.388605810127214113e+01,0.000000000000000000e+00,0.000000000000000000e+00,0.000000000000000000e+00,1.000000000000000056e-01
8.834830088507472645e-01,-2.772518442147683393e-01,3.776098356128191336e-01,5.693505327212657363e+01,3.481351069948832588e-01,9.279318915462652084e-01,-1.332079274256285084e-01,1.306039254890399093e+01,-3.134640654838950491e-01,2.491461810481553074e-01,9.163331600020967471e-01,-1.418684524583754047e+01,0.000000000000000000e+00,0.000000000000000000e+00,0.000000000000000000e+00,1.000000000000000056e-01
8.836023153345693437e-01,-2.811935833052835454e-01,3.744023464714437144e-01,5.776642399456888199e+01,3.513053808504306152e-01,9.267584172625573657e-01,-1.330539943727117036e-01,1.339127613267455175e+01,-3.095665965845189604e-01,2.490963764106862155e-01,9.176707021247564322e-01,-1.447883314688666090e+01,0.000000000000000000e+00,0.000000000000000000e+00,0.000000000000000000e+00,1.000000000000000056e-01
8.807170625600230229e-01,-2.852585695008151290e-01,3.781071332863124579e-01,5.863280090237929443e+01,3.566960586874410866e-01,9.246705644041374184e-01,-1.332376412331727489e-01,1.373998141093693448e+01,-3.116173573992472856e-01,2.522139882141407052e-01,9.161237507654886869e-01,-1.474887589471839000e+01,0.000000000000000000e+00,0.000000000000000000e+00,0.000000000000000000e+00,1.000000000000000056e-01
8.798880725817450621e-01,-2.886548879906608023e-01,3.774590512459341518e-01,5.945418629676775879e+01,3.613261951014442031e-01,9.223278696182507508e-01,-1.369477333108227168e-01,1.408157923779462450e+01,-3.086103699843781856e-01,2.568845199005930779e-01,9.158438638619287309e-01,-1.501088421141173512e+01,0.000000000000000000e+00,0.000000000000000000e+00,0.000000000000000000e+00,1.000000000000000056e-01
8.793319830590293762e-01,-2.934627561297291631e-01,3.750398303303505432e-01,6.019441137737719316e+01,3.664333590900030746e-01,9.199575666174215627e-01,-1.393006423867789445e-01,1.438714658217376652e+01,-3.041411792498540101e-01,2.599186149318581940e-01,9.164826548802833539e-01,-1.526365220804552258e+01,0.000000000000000000e+00,0.000000000000000000e+00,0.000000000000000000e+00,1.000000000000000056e-01
8.777899900779597697e-01,-2.999114441025246824e-01,3.735476663228852190e-01,6.092665550380483808e+01,3.731581842322293507e-01,9.170524633475753973e-01,-1.405978271832440951e-01,1.469629674744124870e+01,-3.003959101909360885e-01,2.628077342173970599e-01,9.168938826146005860e-01,-1.550868580018271459e+01,0.000000000000000000e+00,0.000000000000000000e+00,0.000000000000000000e+00,1.000000000000000056e-01
8.782200750690803970e-01,-3.015069814222084976e-01,3.712452557263552499e-01,6.163889550943783036e+01,3.754980750946387835e-01,9.154413389969464632e-01,-1.448045249835054060e-01,1.500481502992955996e+01,-2.961936787743449928e-01,2.665721197146199706e-01,9.171742526068721313e-01,-1.574719806560826818e+01,0.000000000000000000e+00,0.000000000000000000e+00,0.000000000000000000e+00,1.000000000000000056e-01
8.782303378243443426e-01,-3.066334025024009535e-01,3.669978612945021812e-01,6.235795944091636045e+01,3.811175719477687962e-01,9.123160997735842992e-01,-1.497622463992602238e-01,1.531317124371207861e+01,-2.888959502616390562e-01,2.713950820551396803e-01,9.180870543465410316e-01,-1.598303835731460332e+01,0.000000000000000000e+00,0.000000000000000000e+00,0.000000000000000000e+00,1.000000000000000056e-01
8.767163227365477596e-01,-3.099611254408774497e-01,3.678214106910174253e-01,6.303481666646116111e+01,3.854104265442672150e-01,9.102039685371278166e-01,-1.516164198569179555e-01,1.561407084713626681e+01,-2.877973115897219381e-01,2.746867968699767126e-01,9.174529258043928603e-01,-1.619681282424211233e+01,0.000000000000000000e+00,0.000000000000000000e+00,0.000000000000000000e+00,1.000000000000000056e-01
8.751410795229924711e-01,-3.153792614965820751e-01,3.669659552999459673e-01,6.372063809186632000e+01,3.913104569024842827e-01,9.073890839847458256e-01,-1.533661520156678060e-01,1.593122555300846699e+01,-2.846123982719312440e-01,2.778146354733573853e-01,9.175046654195853080e-01,-1.640654050433102285e+01,0.000000000000000000e+00,0.000000000000000000e+00,0.000000000000000000e+00,1.000000000000000056e-01
8.715905601188771445e-01,-3.215537209045190581e-01,3.700447271400048588e-01,6.438938276101643510e+01,3.996202410127165372e-01,9.032456128223240732e-01,-1.563682381117164621e-01,1.622523571211901583e+01,-2.839604875411371743e-01,2.841664432857666234e-01,9.157597250511276821e-01,-1.661179353933007263e+01,0.000000000000000000e+00,0.000000000000000000e+00,0.000000000000000000e+00,1.000000000000000056e-01
8.713633471866266689e-01,-3.245840760923466295e-01,3.679281108137784084e-01,6.501005966927350244e+01,4.026590566081339473e-01,9.015647801347114187e-01,-1.582612755922847558e-01,1.651571888560255630e+01,-2.803419364118858725e-01,2.860526608300074103e-01,9.162872223931243232e-01,-1.679285029464988455e+01,0.000000000000000000e+00,0.000000000000000000e+00,0.000000000000000000e+00,1.000000000000000056e-01
8.720613678712930694e-01,-3.308051501500789415e-01,3.606617851958162091e-01,6.560028975370374837e+01,4.067714929634071996e-01,8.997051904691503177e-01,-1.583272647246540266e-01,1.679685807782112761e+01,-2.721138055644551357e-01,2.847780238660519436e-01,9.191602438879611370e-01,-1.696131132826483068e+01,0.000000000000000000e+00,0.000000000000000000e+00,0.000000000000000000e+00,1.000000000000000056e-01
8.742338663345252670e-01,-3.312483508324776116e-01,3.549502458437676644e-01,6.619254971311745805e+01,4.071960279516947390e-01,8.984046898537685344e-01,-1.645004804525404540e-01,1.706241962870215545e+01,-2.643984526697347182e-01,2.883462212679712144e-01,9.202988182684644913e-01,-1.713581105298694496e+01,0.000000000000000000e+00,0.000000000000000000e+00,0.000000000000000000e+00,1.000000000000000056e-01
8.756548989764652013e-01,-3.322758819815342379e-01,3.504586083290152643e-01,6.683793102197135738e+01,4.080106178624979263e-01,8.972440427829507792e-01,-1.687615578322538556e-01,1.736799538319527159e+01,-2.583715030919225275e-01,2.907677181942657785e-01,9.212482295484321071e-01,-1.731798619274447759e+01,0.000000000000000000e+00,0.000000000000000000e+00,0.000000000000000000e+00,1.000000000000000056e-01
8.758828047454119137e-01,-3.363163952878126528e-01,3.460066395488998192e-01,6.744886884364615298e+01,4.112337903187429644e-01,8.954105789108177671e-01,-1.706653593283489201e-01,1.765458788553086578e+01,-2.524204469756574087e-01,2.917724754585429570e-01,9.225793952356639016e-01,-1.749391136750042364e+01,0.000000000000000000e+00,0.000000000000000000e+00,0.000000000000000000e+00,1.000000000000000056e-01
8.744818512654047860e-01,-3.394481506410693683e-01,3.464916230355193916e-01,6.804551943734803388e+01,4.148220390889454379e-01,8.935926290635068936e-01,-1.715076941990046344e-01,1.794209071862535509e+01,-2.514043907602251382e-01,2.937127275242388258e-01,9.222411105544754406e-01,-1.765261132415205481e+01,0.000000000000000000e+00,0.000000000000000000e+00,0.000000000000000000e+00,1.000000000000000056e-01
8.727562382784739281e-01,-3.466259688910036108e-01,3.437251609009450148e-01,6.859451232225285366e+01,4.222905864120550801e-01,8.893265773631179316e-01,-1.754106593778292922e-01,1.818737336499816948e+01,-2.448820311369745428e-01,2.982426469939790659e-01,9.225422019291337206e-01,-1.780808065663694606e+01,0.000000000000000000e+00,0.000000000000000000e+00,0.000000000000000000e+00,1.000000000000000056e-01
8.719172704438811206e-01,-3.533548004528760389e-01,3.389699964577989055e-01,6.909924786787657069e+01,4.288071119568575007e-01,8.852432632954320146e-01,-1.801910805930016513e-01,1.841791428165187128e+01,-2.363995224972147424e-01,3.024644603700782919e-01,9.233799412896763759e-01,-1.792592742796255934e+01,0.000000000000000000e+00,0.000000000000000000e+00,0.000000000000000000e+00,1.000000000000000056e-01
8.731842594546985747e-01,-3.531205844864315768e-01,3.359391341485992166e-01,6.964491162864283069e+01,4.301951415308447046e-01,8.823676199826587796e-01,-1.906817332871577619e-01,1.866436182166793145e+01,-2.290881691484876193e-01,3.110196714326912693e-01,9.223802766419578747e-01,-1.806554498723842528e+01,0.000000000000000000e+00,0.000000000000000000e+00,0.000000000000000000e+00,1.000000000000000056e-01
8.754102573064191928e-01,-3.517125709670959055e-01,3.315948564535108889e-01,7.019152298811225421e+01,4.294416905052002575e-01,8.807818376946888739e-01,-1.995073653858486229e-01,1.891141381395191701e+01,-2.218934786305012952e-01,3.170514497851764646e-01,9.220854962151682210e-01,-1.819482656416699129e+01,0.000000000000000000e+00,0.000000000000000000e+00,0.000000000000000000e+00,1.000000000000000056e-01
8.771335730519260743e-01,-3.534114424983976765e-01,3.251723348262627877e-01,7.070300558795366896e+01,4.294595062417640441e-01,8.802667467151470415e-01,-2.017299856890677201e-01,1.915980589954298807e+01,-2.149447080617283012e-01,3.165924934971343085e-01,9.238874203806031193e-01,-1.831333766170666522e+01,0.000000000000000000e+00,0.000000000000000000e+00,0.000000000000000000e+00,1.000000000000000056e-01
8.791210056471316925e-01,-3.520652672071521994e-01,3.212418171040820614e-01,7.120487629049398492e+01,4.260852611448363025e-01,8.825743736300049047e-01,-1.987808472834874385e-01,1.942751047426698463e+01,-2.135359633998746842e-01,3.116288218986829062e-01,9.258994922219832002e-01,-1.843251040097574034e+01,0.000000000000000000e+00,0.000000000000000000e+00,0.000000000000000000e+00,1.000000000000000056e-01
8.796943044333940254e-01,-3.494122670751241833e-01,3.225662697258797618e-01,7.170042640733251460e+01,4.250977439330428931e-01,8.818401343390241953e-01,-2.040830359730296251e-01,1.964487622487155960e+01,-2.131427663573973452e-01,3.166528779063185195e-01,9.242841100349837857e-01,-1.855316559834215440e+01,0.000000000000000000e+00,0.000000000000000000e+00,0.000000000000000000e+00,1.000000000000000056e-01
8.811333141938264557e-01,-3.466705213782668715e-01,3.215954480789866565e-01,7.223049468767372616e+01,4.231515110667957713e-01,8.816183711231794229e-01,-2.090259466669134314e-01,1.987576547277693351e+01,-2.110613211834205805e-01,3.202633249459458931e-01,9.235174721654574315e-01,-1.866490474180090686e+01,0.000000000000000000e+00,0.000000000000000000e+00,0.000000000000000000e+00,1.000000000000000056e-01
8.825732366285834463e-01,-3.426321962542955846e-01,3.219746264488930754e-01,7.273328764725418694e+01,4.197944595856360483e-01,8.826492456815214771e-01,-2.114306524585422287e-01,2.008240256085260000e+01,-2.117477123563561436e-01,3.217661995732289393e-01,9.228376992321297712e-01,-1.878092823511777354e+01,0.000000000000000000e+00,0.000000000000000000e+00,0.000000000000000000e+00,1.000000000000000056e-01
8.867682263575081825e-01,-3.372584466391186919e-01,3.160677979379230562e-01,7.319022420082656311e+01,4.130108388995931690e-01,8.851685271476377181e-01,-2.142398784044090565e-01,2.030295425497319073e+01,-2.075190585806838683e-01,3.205205433632147827e-01,9.242307188185947542e-01,-1.887158832611199699e+01,0.000000000000000000e+00,0.000000000000000000e+00,0.000000000000000000e+00,1.000000000000000056e-01
8.920796231234274787e-01,-3.298781684941521353e-01,3.088273627107988029e-01,7.364800744029746227e+01,4.035225658959164519e-01,8.891399943648593540e-01,-2.158694263522132895e-01,2.052842368207303281e+01,-2.033801485414426236e-01,3.171915263240833172e-01,9.262969560607758890e-01,-1.897132659972318436e+01,0.000000000000000000e+00,0.000000000000000000e+00,0.000000000000000000e+00,1.000000000000000056e-01
8.999453455855020989e-01,-3.142203747369534117e-01,3.022646705441437431e-01,7.410560681319583409e+01,3.855522986614262626e-01,8.972416741253275152e-01,-2.151901559311437673e-01,2.071246487754759613e+01,-2.035873275915806302e-01,3.101982177784845529e-01,9.286168562605194854e-01,-1.907684447430052899e+01,0.000000000000000000e+00,0.000000000000000000e+00,0.000000000000000000e+00,1.000000000000000056e-01
9.050851408775351103e-01,-3.013305313399290419e-01,3.000346624060102885e-01,7.458078529746572372e+01,3.730936799230861745e-01,9.012522851371008725e-01,-2.203302624166812440e-01,2.088672143164788508e+01,-2.040146900694708165e-01,3.113586829005254297e-01,9.281345682703062705e-01,-1.916795894849229143e+01,0.000000000000000000e+00,0.000000000000000000e+00,0.000000000000000000e+00,1.000000000000000056e-01
9.119805079124905234e-01,-2.806856976203653264e-01,2.991773593356368277e-01,7.504949028744469786e+01,3.537869211919550949e-01,9.073073630419712376e-01,-2.272183165225509505e-01,2.106130018995138897e+01,-2.076688892954197119e-01,3.130637125589512126e-01,9.267495585634843991e-01,-1.927511453411737463e+01,0.000000000000000000e+00,0.000000000000000000e+00,0.000000000000000000e+00,1.000000000000000056e-01
9.192806778187131433e-01,-2.575262580321792671e-01,2.976630004100456195e-01,7.549991486237676952e+01,3.312405739609022848e-01,9.146700321532725830e-01,-2.316428596844361532e-01,2.125367295692742431e+01,-2.126093073014900248e-01,3.115428681653213405e-01,9.261416326589070325e-01,-1.935932081471911204e+01,0.000000000000000000e+00,0.000000000000000000e+00,0.000000000000000000e+00,1.000000000000000056e-01
9.277352290534001122e-01,-2.304616589796220083e-01,2.935894557261817805e-01,7.593444069271612307e+01,3.045953446697621247e-01,9.220885431323407877e-01,-2.386930971552931047e-01,2.135532156654242897e+01,-2.157058663521788378e-01,3.108699766211555637e-01,9.256515742204612929e-01,-1.947617555051085603e+01,0.000000000000000000e+00,0.000000000000000000e+00,0.000000000000000000e+00,1.000000000000000056e-01
