1.000000000000000000e+00,-1.510506535458784932e-09,-6.680870497847218060e-11,2.501349909753736288e-16,1.510506535459135657e-09,1.000000000000000000e+00,5.251496770798104389e-12,3.099354461748141551e-15,6.680870497053975117e-11,-5.251496871713090604e-12,1.000000000000000000e+00,1.231895270419954662e-16,0.000000000000000000e+00,0.000000000000000000e+00,0.000000000000000000e+00,1.000000000000000056e-01
9.999823648348828975e-01,-5.861100804826139057e-03,-9.578708633733192240e-04,6.406396598762552630e-01,5.859560476004789173e-03,9.999815477246288831e-01,-1.603047498930262361e-03,6.974421057559241841e-03,9.672488114625329980e-04,1.597406526670789011e-03,9.999982563595425367e-01,8.291322471728916621e-03,0.000000000000000000e+00,0.000000000000000000e+00,0.000000000000000000e+00,1.000000000000000056e-01
9.999363503183285040e-01,-1.119158397720680480e-02,-1.429601392719034771e-03,1.303391462600176132e+00,1.119227684800742743e-02,9.999372504581700571e-01,4.775825712428142232e-04,1.585997958907248498e-02,1.424166780434527914e-03,-4.935526678337911642e-04,9.999988640767276671e-01,1.338299597601406640e-02,0.000000000000000000e+00,0.000000000000000000e+00,0.000000000000000000e+00,1.000000000000000056e-01
9.998164833122753503e-01,-1.903625422421797650e-02,-2.149586515002843094e-03,2.028966387942434224e+00,1.904060075494541301e-02,9.998166707565748768e-01,2.020000032040169223e-03,2.270333149410656143e-02,2.110739198790525638e-03,-2.060558746945469547e-03,9.999956494293787967e-01,1.897287559549632949e-02,0.000000000000000000e+00,0.000000000000000000e+00,0.000000000000000000e+00,1.000000000000000056e-01
9.996356504625066863e-01,-2.693977276728975329e-02,-1.677786532270212402e-03,2.746175359611918054e+00,2.694639974627250495e-02,9.996286304929816735e-01,4.061113078933632076e-03,4.212043880221289643e-02,1.567757989984100691e-03,-4.104843720849080460e-03,9.999903461498577117e-01,2.507555168190320205e-02,0.000000000000000000e+00,0.000000000000000000e+00,0.000000000000000000e+00,1.000000000000000056e-01
9.994448690218211695e-01,-3.325861619418890580e-02,-1.954030399553593166e-03,3.443894434949205774e+00,3.326273693806826304e-02,9.994444029277738117e-01,2.115605760662758478e-03,5.888405126845269039e-02,1.882582625972462282e-03,-2.179427721516740291e-03,9.999958529801326046e-01,3.105954169023075057e-02,0.000000000000000000e+00,0.000000000000000000e+00,0.000000000000000000e+00,1.000000000000000056e-01
9.991335835184020908e-01,-4.157203766275492651e-02,-1.961624388775524280e-03,4.182165018881493168e+00,4.158001106067026054e-02,9.991262827770445165e-01,4.215891877146308968e-03,9.636703070141579286e-02,1.784647267863252729e-03,-4.293803522721482101e-03,9.999891890842808051e-01,4.508586966582660976e-02,0.000000000000000000e+00,0.000000000000000000e+00,0.000000000000000000e+00,1.000000000000000056e-01
9.988942328981713636e-01,-4.692260257253715733e-02,-2.929308893478518860e-03,4.952475699580369373e+00,4.694036586491032864e-02,9.988776851848277794e-01,6.322348635469936425e-03,1.361432678452608180e-01,2.629360234361974129e-03,-6.452860421533759654e-03,9.999757232338883917e-01,5.340175229410981661e-02,0.000000000000000000e+00,0.000000000000000000e+00,0.000000000000000000e+00,1.000000000000000056e-01
9.985437821177725048e-01,-5.391920397978283014e-02,-1.742020700500992005e-03,5.738062681290855060e+00,5.392874136691758885e-02,9.985268060140378710e-01,5.992372316885596906e-03,1.885978224002027026e-01,1.416350420804634224e-03,-6.077591100973918706e-03,9.999805282293724451e-01,5.630839323756892112e-02,0.000000000000000000e+00,0.000000000000000000e+00,0.000000000000000000e+00,1.000000000000000056e-01
9.980876452658746789e-01,-6.178504051257010382e-02,1.913409648159875411e-03,6.546529137916470731e+00,6.177526754436968998e-02,9.980785258885610522e-01,4.803382135381209853e-03,2.378121652029268063e-01,-2.206510240888242148e-03,-4.675994971877745973e-03,9.999866331024529487e-01,5.874755327902746183e-02,0.000000000000000000e+00,0.000000000000000000e+00,0.000000000000000000e+00,1.000000000000000056e-01
9.978930823418427076e-01,-6.477552561595281699e-02,3.677974370937599734e-03,7.370820072476290896e+00,6.475353757262602983e-02,9.978843613798916712e-01,5.812115387393445090e-03,3.052051142334798461e-01,-4.046675935473652980e-03,-5.561707887232834879e-03,9.999763456298605968e-01,6.897297031300816950e-02,0.000000000000000000e+00,0.000000000000000000e+00,0.000000000000000000e+00,1.000000000000000056e-01
9.975650567877857311e-01,-6.967030214378344688e-02,3.163301309654069620e-03,8.187686028996239429e+00,6.965142836255208691e-02,9.975549387557809400e-01,5.729109093610203381e-03,3.655238927118337200e-01,-3.554715605784566999e-03,-5.494830583752145607e-03,9.999785851876118459e-01,7.427533457897132763e-02,0.000000000000000000e+00,0.000000000000000000e+00,0.000000000000000000e+00,1.000000000000000056e-01
9.972847656275954931e-01,-7.356038924219412967e-02,3.459101277624715767e-03,9.020624147796347359e+00,7.353811562163020676e-02,9.972732756883504468e-01,6.177309175291828547e-03,4.393173777161162308e-01,-3.904074529478402528e-03,-5.906160543389210940e-03,9.999749374207855812e-01,7.849012275774039371e-02,0.000000000000000000e+00,0.000000000000000000e+00,0.000000000000000000e+00,1.000000000000000056e-01
9.970893075176985310e-01,-7.612072454479730521e-02,4.306753841523396943e-03,9.801704811842816056e+00,7.610045254468979226e-02,9.970891254176706964e-01,4.690106216056446481e-03,5.222695327113824337e-01,-4.651231704592031883e-03,-4.348708842813664086e-03,9.999797271820217714e-01,8.949115078737221451e-02,0.000000000000000000e+00,0.000000000000000000e+00,0.000000000000000000e+00,1.000000000000000056e-01
9.968447202907945170e-01,-7.923649224726193874e-02,4.709769072610670015e-03,1.057741001744560805e+01,7.920974729351777655e-02,9.968421445672561720e-01,5.617361324563225657e-03,5.579778409775585368e-01,-5.139996309801581065e-03,-5.226577360304238314e-03,9.999731313025524981e-01,9.304859514116725627e-02,0.000000000000000000e+00,0.000000000000000000e+00,0.000000000000000000e+00,1.000000000000000056e-01
9.966205028746852879e-01,-8.195995518361381960e-02,5.489899462592521054e-03,1.137837775288056186e+01,8.193679883054635904e-02,9.966281723058565412e-01,4.318236178177927743e-03,6.389431995545794551e-01,-5.825310911182211490e-03,-3.853817923560977528e-03,9.999756066225816697e-01,1.075677180754021633e-01,0.000000000000000000e+00,0.000000000000000000e+00,0.000000000000000000e+00,1.000000000000000056e-01
9.963386857534287655e-01,-8.537426274755154088e-02,4.523110814741310333e-03,1.223706565133421442e+01,8.534198260412105552e-02,9.963277912853508722e-01,6.904948779833746351e-03,7.193599469264622126e-01,-5.096005919178006084e-03,-6.493656348026131779e-03,9.999659309951042241e-01,1.013567592769269859e-01,0.000000000000000000e+00,0.000000000000000000e+00,0.000000000000000000e+00,1.000000000000000056e-01
9.960882706590404867e-01,-8.833668032219259281e-02,2.188141937072888253e-03,1.311304200270915565e+01,8.832238780378286191e-02,9.960742329834540998e-01,5.939545358172056318e-03,8.208766054938941847e-01,-2.704231521192814250e-03,-5.723049543586663547e-03,9.999799667172345474e-01,1.017230633434692416e-01,0.000000000000000000e+00,0.000000000000000000e+00,0.000000000000000000e+00,1.000000000000000056e-01
9.963733545514483758e-01,-8.508802145296029407e-02,-4.085891755540391884e-04,1.398693031086558847e+01,8.508798008110499134e-02,9.963263559802549851e-01,9.686486712101000790e-03,9.119220564362894299e-01,-4.171158247903320815e-04,-9.686123286784999870e-03,9.999530014105972864e-01,1.105680562776320125e-01,0.000000000000000000e+00,0.000000000000000000e+00,0.000000000000000000e+00,1.000000000000000056e-01
9.948860750322687796e-01,-1.010030032276475337e-01,3.017381026278875963e-04,1.494161207505987754e+01,1.009946665552497042e-01,9.948344859484302694e-01,1.021875213107557336e-02,1.031887040536948463e+00,-1.332304124696425361e-03,-1.013602026035149116e-02,9.999477416640336624e-01,1.125085621140792802e-01,0.000000000000000000e+00,0.000000000000000000e+00,0.000000000000000000e+00,1.000000000000000056e-01
9.941576172467878614e-01,-1.079222591040774476e-01,1.848799627219204671e-03,1.591697695264309154e+01,1.078986084772411841e-01,9.941114058638514939e-01,1.002013074125347562e-02,1.158869281105824323e+00,-2.919307942689737360e-03,-9.762106395095651937e-03,9.999480881125112353e-01,1.203785208395438816e-01,0.000000000000000000e+00,0.000000000000000000e+00,0.000000000000000000e+00,1.000000000000000056e-01
9.938742864132525945e-01,-1.104812575177554629e-01,2.791871029150341885e-03,1.684094847357083680e+01,1.104490346156155184e-01,9.938330754586744975e-01,9.840166504242960771e-03,1.272793549142384073e+00,-3.861807740757317118e-03,-9.471529002651100926e-03,9.999476869213336228e-01,1.276954211436060194e-01,0.000000000000000000e+00,0.000000000000000000e+00,0.000000000000000000e+00,1.000000000000000056e-01
9.935089322249767152e-01,-1.137215389657022929e-01,2.722712702236142895e-03,1.773000299029121507e+01,1.136932916467752325e-01,9.934758151760267886e-01,8.924129921197471865e-03,1.369279605659466936e+00,-3.719815009912623253e-03,-8.556648619720153698e-03,9.999564724230203261e-01,1.377291307167830825e-01,0.000000000000000000e+00,0.000000000000000000e+00,0.000000000000000000e+00,1.000000000000000056e-01
9.931728989088588477e-01,-1.166186713811789843e-01,2.770985070728526449e-03,1.864045155783447072e+01,1.165894545212813049e-01,9.931390036071957583e-01,9.045363925040184050e-03,1.477511452119643964e+00,-3.806831675251176259e-03,-8.660542673234919442e-03,9.999552505153425086e-01,1.438824750712999756e-01,0.000000000000000000e+00,0.000000000000000000e+00,0.000000000000000000e+00,1.000000000000000056e-01
9.926859898307730523e-01,-1.207056706008317881e-01,2.160249638760887436e-03,1.956570640595822397e+01,1.206894778578144478e-01,9.926690609079996674e-01,6.495032751117714442e-03,1.585722129026779781e+00,-2.928400264033645048e-03,-6.186808614581993174e-03,9.999765736611333500e-01,1.548894139886039800e-01,0.000000000000000000e+00,0.000000000000000000e+00,0.000000000000000000e+00,1.000000000000000056e-01
9.924571806338630120e-01,-1.225245416211265259e-01,4.059717824759419627e-03,2.048961598789733429e+01,1.225049365621569686e-01,9.924564393855345168e-01,4.770371064041659809e-03,1.702832236021442958e+00,-4.613580625255110645e-03,-4.237053542213736756e-03,9.999803809330934934e-01,1.686834241232826326e-01,0.000000000000000000e+00,0.000000000000000000e+00,0.000000000000000000e+00,1.000000000000000056e-01
9.926190412859774437e-01,-1.211596940553318208e-01,5.269479378960910051e-03,2.141125687069346384e+01,1.211346665013825624e-01,9.926243048269648428e-01,4.835497738969324333e-03,1.822953386090208960e+00,-5.816480731999872783e-03,-4.161490502589900581e-03,9.999744249473039304e-01,1.705401218927057871e-01,0.000000000000000000e+00,0.000000000000000000e+00,0.000000000000000000e+00,1.000000000000000056e-01
9.925414017387569343e-01,-1.215260388143215020e-01,9.643014288261081771e-03,2.236439114341509438e+01,1.215051773420163794e-01,9.925870635945156506e-01,2.722694235897020129e-03,1.945140000631484511e+00,-9.902409481976176889e-03,-1.530710592196501268e-03,9.999497983456641093e-01,1.755786062908709921e-01,0.000000000000000000e+00,0.000000000000000000e+00,0.000000000000000000e+00,1.000000000000000056e-01
9.927902393298643213e-01,-1.192105869775912236e-01,1.250506472629319375e-02,2.332721449919343826e+01,1.191789125852961567e-01,9.928674726597432887e-01,3.250927443091881572e-03,2.072056520634651733e+00,-1.280341697895377197e-02,-1.737149018382846142e-03,9.999165239293482665e-01,1.753872859598101241e-01,0.000000000000000000e+00,0.000000000000000000e+00,0.000000000000000000e+00,1.000000000000000056e-01
9.930753793333038093e-01,-1.167767931529718473e-01,1.282464591802867995e-02,2.424545928636347725e+01,1.167710652737469768e-01,9.931581370875358639e-01,1.197101353120632672e-03,2.174510632883400518e+00,-1.287669510585314619e-02,3.087356852561362630e-04,9.999170442618865451e-01,1.723354638802482575e-01,0.000000000000000000e+00,0.000000000000000000e+00,0.000000000000000000e+00,1.000000000000000056e-01
9.931046454798340140e-01,-1.166678498345995879e-01,1.147937025034217323e-02,2.519661601659761985e+01,1.166692192770739239e-01,9.931706741111216985e-01,5.525929226547088985e-04,2.283815228624786364e+00,-1.146544371802343462e-02,7.905065663522199606e-04,9.999339571690308848e-01,1.695691194987241912e-01,0.000000000000000000e+00,0.000000000000000000e+00,0.000000000000000000e+00,1.000000000000000056e-01
9.932909983801605502e-01,-1.154143076761871417e-01,7.247766591872716740e-03,2.613635195006215639e+01,1.154152968385417505e-01,9.933172852358401750e-01,2.830324570302375584e-04,2.403302974085829380e+00,-7.231997830140059549e-03,5.553695407999011732e-04,9.999736945400403698e-01,1.660191016184017765e-01,0.000000000000000000e+00,0.000000000000000000e+00,0.000000000000000000e+00,1.000000000000000056e-01
9.932065936328838829e-01,-1.161954291709102888e-01,6.267743130616160348e-03,2.707587211598223575e+01,1.162042732715209831e-01,9.932247648500189818e-01,-1.064594787733512838e-03,2.516033421091395272e+00,-6.101576648792748740e-03,1.785701098269944047e-03,9.999797908127876500e-01,1.680007136098285447e-01,0.000000000000000000e+00,0.000000000000000000e+00,0.000000000000000000e+00,1.000000000000000056e-01
9.932864251944349965e-01,-1.154596040380244659e-01,7.152437335811480390e-03,2.802879085650895519e+01,1.154791136856972433e-01,9.933070663657419530e-01,-2.376175551040904648e-03,2.627740938360901168e+00,-6.830214259151687339e-03,3.186180042959836037e-03,9.999715978116118231e-01,1.705928863558453801e-01,0.000000000000000000e+00,0.000000000000000000e+00,0.000000000000000000e+00,1.000000000000000056e-01
9.932215571939142507e-01,-1.158001727402946657e-01,1.006271924551084204e-02,2.903465106601142054e+01,1.158581326377680909e-01,9.932512030405684644e-01,-5.379661713599772146e-03,2.745568544480672557e+00,-9.371842240743923080e-03,6.509043845401064204e-03,9.999348983415036196e-01,1.756891601690850069e-01,0.000000000000000000e+00,0.000000000000000000e+00,0.000000000000000000e+00,1.000000000000000056e-01
9.932918263412110482e-01,-1.147332396564181289e-01,1.440942197606370247e-02,2.998827372833039817e+01,1.148577370049417290e-01,9.933486874876821249e-01,-8.129287582737907206e-03,2.852223190593996982e+00,-1.338088090691282907e-02,9.729788509630616852e-03,9.998631322544665467e-01,1.748852334170061806e-01,0.000000000000000000e+00,0.000000000000000000e+00,0.000000000000000000e+00,1.000000000000000056e-01
9.931295463636651277e-01,-1.160342261814039239e-01,1.515791852410561247e-02,3.091575515661983431e+01,1.162632202371812334e-01,9.931018895569680982e-01,-1.521514306407398265e-02,2.938812802792322376e+00,-1.328788017636067451e-02,1.687291654878739916e-02,9.997693418621899086e-01,1.790584208006303357e-01,0.000000000000000000e+00,0.000000000000000000e+00,0.000000000000000000e+00,1.000000000000000056e-01
9.932325988240326975e-01,-1.155729591111821775e-01,1.148458773936456706e-02,3.186647365179016589e+01,1.157711124966226135e-01,9.931051049353224469e-01,-1.842009942146382792e-02,3.039648667744462962e+00,-9.276537314779814691e-03,1.962502671812888996e-02,9.997643743311521725e-01,1.808979961385322188e-01,0.000000000000000000e+00,0.000000000000000000e+00,0.000000000000000000e+00,1.000000000000000056e-01
9.929922151471555214e-01,-1.179164102563156208e-01,7.885483460727971822e-03,3.286473196083758097e+01,1.180417709523006869e-01,9.928459606121310399e-01,-1.797328035221347139e-02,3.154995584013251531e+00,-5.709725701794153736e-03,1.877814390292470784e-02,9.998073716191391291e-01,1.763258182207408375e-01,0.000000000000000000e+00,0.000000000000000000e+00,0.000000000000000000e+00,1.000000000000000056e-01
9.928601528129789022e-01,-1.191232205463436389e-01,6.194778676869037992e-03,3.383348166784821132e+01,1.192164102183504992e-01,9.927074100792266931e-01,-1.787303859012247947e-02,3.274966153177236716e+00,-4.020508778524211138e-03,1.848394710177478362e-02,9.998210735970214369e-01,1.781542812423062561e-01,0.000000000000000000e+00,0.000000000000000000e+00,0.000000000000000000e+00,1.000000000000000056e-01
9.926571586086907484e-01,-1.207345211529140122e-01,7.412210527033785343e-03,3.479813697748140555e+01,1.208516195253934028e-01,9.925042160655630497e-01,-1.817325370349789915e-02,3.393666961414187444e+00,-5.162511114764341963e-03,1.893558803044429611e-02,9.998073774407404413e-01,1.892385880725211966e-01,0.000000000000000000e+00,0.000000000000000000e+00,0.000000000000000000e+00,1.000000000000000056e-01
9.925670653796485610e-01,-1.213685999551986222e-01,8.960115431590625484e-03,3.577438945760090405e+01,1.215101092733213012e-01,9.924370150726846695e-01,-1.743744413626770878e-02,3.527173947772314744e+00,-6.775992032018700838e-03,1.839657735925095267e-02,9.998078074677387850e-01,1.861498781323797647e-01,0.000000000000000000e+00,0.000000000000000000e+00,0.000000000000000000e+00,1.000000000000000056e-01
9.925475035684544478e-01,-1.213991000560708106e-01,1.056937394574411666e-02,3.674555098395316577e+01,1.215718515573091379e-01,9.924263256764279673e-01,-1.761456821247941312e-02,3.642000816199482571e+00,-8.350932220803729614e-03,1.876823406611839024e-02,9.997889853969601504e-01,1.985833717496733597e-01,0.000000000000000000e+00,0.000000000000000000e+00,0.000000000000000000e+00,1.000000000000000056e-01
9.923108114738630192e-01,-1.230814229173162189e-01,1.304671471030923423e-02,3.773356311937796193e+01,1.232882089245488089e-01,9.922346120263115798e-01,-1.644664820477738723e-02,3.780268024388712789e+00,-1.092112504553713163e-02,1.792869291509139110e-02,9.997796212156437878e-01,2.012945560428615333e-01,0.000000000000000000e+00,0.000000000000000000e+00,0.000000000000000000e+00,1.000000000000000056e-01
9.924208291385031577e-01,-1.221356612458402296e-01,1.355647978227633374e-02,3.873633982741315407e+01,1.223410746076637606e-01,9.923666772020304228e-01,-1.552544501272640556e-02,3.919350003242330072e+00,-1.155678830332879797e-02,1.706628931673493180e-02,9.997875686429940068e-01,2.125557325065937919e-01,0.000000000000000000e+00,0.000000000000000000e+00,0.000000000000000000e+00,1.000000000000000056e-01
9.925357094694127191e-01,-1.210531242231994015e-01,1.479886968157077126e-02,3.976332631578168275e+01,1.212278473704392207e-01,9.925576353829383969e-01,-1.153904090292213677e-02,4.061149950446652390e+00,-1.329189414564213231e-02,1.324694526419087706e-02,9.998239064911323970e-01,2.130842235721445987e-01,0.000000000000000000e+00,0.000000000000000000e+00,0.000000000000000000e+00,1.000000000000000056e-01
9.921141980874121913e-01,-1.245475333912108157e-01,1.404741540413417637e-02,4.076396455892992066e+01,1.247480636384153269e-01,9.920834333816767048e-01,-1.443543653964623856e-02,4.180427827834360954e+00,-1.213831008983379083e-02,1.607398941736304029e-02,9.997971235667632017e-01,2.274222338692749312e-01,0.000000000000000000e+00,0.000000000000000000e+00,0.000000000000000000e+00,1.000000000000000056e-01
9.923132267715834010e-01,-1.230369170894580894e-01,1.328070055719551487e-02,4.177115596254828489e+01,1.232060727425782903e-01,9.922989220098362706e-01,-1.277157067347153840e-02,4.299333211895876694e+00,-1.160705016438646694e-02,1.430966146485609589e-02,9.998302405784906810e-01,2.500114710966427900e-01,0.000000000000000000e+00,0.000000000000000000e+00,0.000000000000000000e+00,1.000000000000000056e-01
9.925314898026895705e-01,-1.216296731909454337e-01,9.352237674345752205e-03,4.278104392118374477e+01,1.217314516473344127e-01,9.924997141784391852e-01,-1.121476863556214974e-02,4.405538479064968982e+00,-7.918044574661501495e-03,1.226947248989597623e-02,9.998933766231944409e-01,2.580036361014882429e-01,0.000000000000000000e+00,0.000000000000000000e+00,0.000000000000000000e+00,1.000000000000000056e-01
9.928011123270292781e-01,-1.194896265556692483e-01,8.257148890506096559e-03,4.381667513415755622e+01,1.195798519984761221e-01,9.927583639429631290e-01,-1.146690094636132126e-02,4.536631600347721616e+00,-6.827177911540720755e-03,1.237174065674748538e-02,9.999001598534157376e-01,2.670405564834493206e-01,0.000000000000000000e+00,0.000000000000000000e+00,0.000000000000000000e+00,1.000000000000000056e-01
9.927674847977456807e-01,-1.195686765122657147e-01,1.077277705435564052e-02,4.480299320592750689e+01,1.197085623513030050e-01,9.927181108100064932e-01,-1.343921759612127197e-02,4.657369210995894626e+00,-9.087421424248743815e-03,1.463161190425893952e-02,9.998516563495513099e-01,2.786833153473716740e-01,0.000000000000000000e+00,0.000000000000000000e+00,0.000000000000000000e+00,1.000000000000000056e-01
9.925836047897235170e-01,-1.211728798946886398e-01,9.742724499102049102e-03,4.576201143776346214e+01,1.212879240241857282e-01,9.925419089648256366e-01,-1.223921706495575967e-02,4.776936247339984121e+00,-8.187001193440214541e-03,1.333012102297334925e-02,9.998776329556390285e-01,2.820199203021034884e-01,0.000000000000000000e+00,0.000000000000000000e+00,0.000000000000000000e+00,1.000000000000000056e-01
9.921104596634595651e-01,-1.252349986850264107e-01,5.747254189646033504e-03,4.666739051240205782e+01,1.253002777651691657e-01,9.920347564001387175e-01,-1.291830043345119222e-02,4.895931670741012987e+00,-4.083652572199144085e-03,1.353651352745161018e-02,9.999000382954241761e-01,2.967101898500481560e-01,0.000000000000000000e+00,0.000000000000000000e+00,0.000000000000000000e+00,1.000000000000000056e-01
9.924021301454107880e-01,-1.229578394577113265e-01,4.402476432976153847e-03,4.762218610141782449e+01,1.230034613800985166e-01,9.923300494965039409e-01,-1.229720922732318276e-02,5.016378516207201876e+00,-2.856671378691329026e-03,1.274529647193970404e-02,9.999146947847483702e-01,2.993037733772279663e-01,0.000000000000000000e+00,0.000000000000000000e+00,0.000000000000000000e+00,1.000000000000000056e-01
9.924388170934337339e-01,-1.226714889842294154e-01,4.110975137119048106e-03,4.856199307046019698e+01,1.227105396742577959e-01,9.923792502654639192e-01,-1.120478002497533529e-02,5.141545137432321333e+00,-2.705139375029687928e-03,1.162451861144199114e-02,9.999287738574252904e-01,3.118069340298494918e-01,0.000000000000000000e+00,0.000000000000000000e+00,0.000000000000000000e+00,1.000000000000000056e-01
9.928439457897271225e-01,-1.192081100901323382e-01,7.094067762873731975e-03,4.952137266813097227e+01,1.192948227931803912e-01,9.927683661930927217e-01,-1.340583235167259503e-02,5.270729148015808718e+00,-5.444682123783198269e-03,1.415618504528503262e-02,9.998849723150831093e-01,3.139059157313826010e-01,0.000000000000000000e+00,0.000000000000000000e+00,0.000000000000000000e+00,1.000000000000000056e-01
9.931361784653985891e-01,-1.165901215996203166e-01,9.342085876810344788e-03,5.050720425659520174e+01,1.167296063615526625e-01,9.930329588383760564e-01,-1.611650270304204949e-02,5.396116631535393893e+00,-7.397974170062898529e-03,1.709637991172234181e-02,9.998264768309014228e-01,3.363121374381608519e-01,0.000000000000000000e+00,0.000000000000000000e+00,0.000000000000000000e+00,1.000000000000000056e-01
9.932889897864449757e-01,-1.153011002796081735e-01,9.090601923706389392e-03,5.142402767043844847e+01,1.154336598868020564e-01,9.931906016425789963e-01,-1.573210011378510867e-02,5.520879369899773792e+00,-7.214771941070762147e-03,1.667588327986825950e-02,9.998349173651991384e-01,3.405025587324037595e-01,0.000000000000000000e+00,0.000000000000000000e+00,0.000000000000000000e+00,1.000000000000000056e-01
9.932540865234816829e-01,-1.155937347666540910e-01,9.187387392525879840e-03,5.235924843227289927e+01,1.157500931639589975e-01,9.930995099944475157e-01,-1.884885092845580562e-02,5.639316403626731145e+00,-6.945180842766493327e-03,1.978513915757890151e-02,9.997801321948623920e-01,3.536837545677919969e-01,0.000000000000000000e+00,0.000000000000000000e+00,0.000000000000000000e+00,1.000000000000000056e-01
9.934000265056351919e-01,-1.145390411665061781e-01,6.098802116860745429e-03,5.332452012004342379e+01,1.146463492075711910e-01,9.931651761837352321e-01,-2.188943647757693456e-02,5.758148050989720268e+00,-3.549922813084933210e-03,2.244417217425583727e-02,9.997417952568720123e-01,3.778804317841210070e-01,0.000000000000000000e+00,0.000000000000000000e+00,0.000000000000000000e+00,1.000000000000000056e-01
9.931756291240965151e-01,-1.163698998629891790e-01,7.759904627823140458e-03,5.425849623334861604e+01,1.165326325499196625e-01,9.928565484542178909e-01,-2.561288235561716073e-02,5.876887936302376048e+00,-4.723903570188703327e-03,2.634237266183808365e-02,9.996418179216015609e-01,3.787234208575158134e-01,0.000000000000000000e+00,0.000000000000000000e+00,0.000000000000000000e+00,1.000000000000000056e-01
9.931759608775699855e-01,-1.160141810458198003e-01,1.192562498082300540e-02,5.519549441008522450e+01,1.162995788617634113e-01,9.928483351962231751e-01,-2.695535669703795489e-02,5.985420810001552461e+00,-8.713133276379802367e-03,2.815835745131135132e-02,9.995654997118258445e-01,3.917237020618355436e-01,0.000000000000000000e+00,0.000000000000000000e+00,0.000000000000000000e+00,1.000000000000000056e-01
9.929268978783752919e-01,-1.174842724095252061e-01,1.713537878282940519e-02,5.613482136425181324e+01,1.178913520044285596e-01,9.927098124308677551e-01,-2.507702984883420153e-02,6.104672588426947044e+00,-1.406430205145221823e-02,2.691977042762212433e-02,9.995386542640207761e-01,4.136149697372034084e-01,0.000000000000000000e+00,0.000000000000000000e+00,0.000000000000000000e+00,1.000000000000000056e-01
9.929295507082060990e-01,-1.173166940247074852e-01,1.810250351507228933e-02,5.708612693296126395e+01,1.177046125577536628e-01,9.928027189595179935e-01,-2.209944364044963763e-02,6.227729809310883269e+00,-1.537958104205510400e-02,2.407393880737994027e-02,9.995918736950942796e-01,4.102533865192040663e-01,0.000000000000000000e+00,0.000000000000000000e+00,0.000000000000000000e+00,1.000000000000000056e-01
9.930068245198675481e-01,-1.173803520036577480e-01,1.262138742240082739e-02,5.796661467715411220e+01,1.176577548785010946e-01,9.927615824945497103e-01,-2.410587148119604922e-02,6.331434095770349657e+00,-9.700472870921725277e-03,2.542229899939795618e-02,9.996297352218298515e-01,4.217523992065369542e-01,0.000000000000000000e+00,0.000000000000000000e+00,0.000000000000000000e+00,1.000000000000000056e-01
9.930329816158530720e-01,-1.176239392863576566e-01,7.078582477303878642e-03,5.887803863792542813e+01,1.177608766007630509e-01,9.927567008561901662e-01,-2.380144632901342455e-02,6.435278122624018771e+00,-4.227690308975259534e-03,2.446920129248800896e-02,9.996916448699364466e-01,4.293740052487780012e-01,0.000000000000000000e+00,0.000000000000000000e+00,0.000000000000000000e+00,1.000000000000000056e-01
9.932017668542253430e-01,-1.163462295159896631e-01,3.715534289654639621e-03,5.983051838243358134e+01,1.164019128271497616e-01,9.929168005823881815e-01,-2.380801989697146556e-02,6.560460932241494625e+00,-9.192430720837510040e-04,2.407866272546327693e-02,9.997096443435602442e-01,4.405807700658815884e-01,0.000000000000000000e+00,0.000000000000000000e+00,0.000000000000000000e+00,1.000000000000000056e-01
9.929943182007405778e-01,-1.181597300890237373e-01,7.498041981114883341e-04,6.074262404279142658e+01,1.181494198780587840e-01,9.927746993033084166e-01,-2.095497567891247206e-02,6.676324410305185530e+00,1.731647632925863416e-03,2.089676071822379674e-02,9.997801392246000729e-01,4.455600737889203744e-01,0.000000000000000000e+00,0.000000000000000000e+00,0.000000000000000000e+00,1.000000000000000056e-01
9.927537501544878573e-01,-1.201383475624430985e-01,2.601730033322631128e-03,6.166985522369065365e+01,1.201658833793043668e-01,9.925860640647939936e-01,-1.825009304173874983e-02,6.804110297063812318e+00,-3.899049526395420660e-04,1.843048749562315250e-02,9.998300681139778989e-01,4.671510167224106058e-01,0.000000000000000000e+00,0.000000000000000000e+00,0.000000000000000000e+00,1.000000000000000056e-01
9.925026504192282495e-01,-1.221633410165910705e-01,3.821913456802722951e-03,6.253895095705668439e+01,1.222105178884718979e-01,9.923639528443224389e-01,-1.668455611105027284e-02,6.927902515475343748e+00,-1.754488027516976556e-03,1.702654418416650953e-02,9.998534985511157158e-01,4.810764774386576126e-01,0.000000000000000000e+00,0.000000000000000000e+00,0.000000000000000000e+00,1.000000000000000056e-01
9.924490504487422093e-01,-1.225932710674059872e-01,3.971416923891976994e-03,6.334369840425340215e+01,1.226413886157885075e-01,9.923238473723071662e-01,-1.588935916307664120e-02,7.036891253281015501e+00,-1.993003206469554263e-03,1.625643949995279197e-02,9.998658690609473210e-01,4.949597786474848604e-01,0.000000000000000000e+00,0.000000000000000000e+00,0.000000000000000000e+00,1.000000000000000056e-01
9.922704911968618369e-01,-1.239779341257414985e-01,5.361357090500050784e-03,6.414979831748952677e+01,1.240470072592893963e-01,9.921565361711824904e-01,-1.541907010214595662e-02,7.144074050043566437e+00,-3.407681022683297159e-03,1.596494856598011658e-02,9.998667451852437660e-01,5.047034934968454012e-01,0.000000000000000000e+00,0.000000000000000000e+00,0.000000000000000000e+00,1.000000000000000056e-01
9.923768548281284296e-01,-1.230473297181483294e-01,6.894392697329282046e-03,6.494282696177056380e+01,1.231455401093353719e-01,9.922543841821844790e-01,-1.632216353348787952e-02,7.256471812501366081e+00,-4.832592742179996417e-03,1.704675102379154400e-02,9.998430148412905671e-01,5.257873384249376336e-01,0.000000000000000000e+00,0.000000000000000000e+00,0.000000000000000000e+00,1.000000000000000056e-01
9.923941907745844615e-01,-1.228479541143563808e-01,7.883545317599218241e-03,6.574092727135048619e+01,1.229697597241850154e-01,9.922564799037938421e-01,-1.747902406624115418e-02,7.365285110047492090e+00,-5.675236579549713077e-03,1.831551961722677896e-02,9.998161498150133220e-01,5.369840933933905935e-01,0.000000000000000000e+00,0.000000000000000000e+00,0.000000000000000000e+00,1.000000000000000056e-01
9.923614048136553123e-01,-1.230738765609811491e-01,8.465408703718995190e-03,6.648168892871287028e+01,1.232114167828361195e-01,9.922117072186095177e-01,-1.829958558816631095e-02,7.460476547341799325e+00,-6.147276684425209345e-03,1.920283746181141241e-02,9.997967103480488449e-01,5.473466758583874769e-01,0.000000000000000000e+00,0.000000000000000000e+00,0.000000000000000000e+00,1.000000000000000056e-01
9.921291841552190016e-01,-1.247928116481246963e-01,1.031678770040050930e-02,6.725942610500956675e+01,1.249565335988914172e-01,9.920142439551199454e-01,-1.713489133612642462e-02,7.574217288481776222e+00,-8.096089083537982845e-03,1.828917579081716649e-02,9.997999596871586236e-01,5.528074813282567446e-01,0.000000000000000000e+00,0.000000000000000000e+00,0.000000000000000000e+00,1.000000000000000056e-01
9.923582658065465134e-01,-1.227341091030233200e-01,1.270475297322781055e-02,6.800050031825496433e+01,1.229317969183817971e-01,9.922834819108383719e-01,-1.616368872877386662e-02,7.681647502114715920e+00,-1.062288058114692693e-02,1.760198822832590229e-02,9.997886398727325874e-01,5.640653391290427754e-01,0.000000000000000000e+00,0.000000000000000000e+00,0.000000000000000000e+00,1.000000000000000056e-01
9.921580717715734465e-01,-1.241952865141892487e-01,1.406738874744956416e-02,6.871201365766158631e+01,1.243868678360738750e-01,9.921395498741455432e-01,-1.367555064554723185e-02,7.779087087692411195e+00,-1.225837380913618810e-02,1.531810638382831782e-02,9.998075254209528584e-01,5.810894880401270557e-01,0.000000000000000000e+00,0.000000000000000000e+00,0.000000000000000000e+00,1.000000000000000056e-01
9.918348713611890854e-01,-1.270147244045471135e-01,1.143886954075462072e-02,6.937660855621510336e+01,1.271550481785782838e-01,9.918039540823823108e-01,-1.251041123445588085e-02,7.875900140054407750e+00,-9.756109605620994982e-03,1.386277212496524885e-02,9.998563106138673717e-01,5.892836455359089509e-01,0.000000000000000000e+00,0.000000000000000000e+00,0.000000000000000000e+00,1.000000000000000056e-01
9.921172061566558842e-01,-1.251904227247511436e-01,5.550432947958939753e-03,7.007285337695425653e+01,1.252540878466692209e-01,9.920370403652235547e-01,-1.318802567129259001e-02,7.978741496084292173e+00,-3.855220565744820263e-03,1.377928159977575770e-02,9.998976290965908564e-01,5.946562052742753179e-01,0.000000000000000000e+00,0.000000000000000000e+00,0.000000000000000000e+00,1.000000000000000056e-01
9.923665473817816496e-01,-1.233229127021542443e-01,3.079613918257743423e-04,7.082598527031318270e+01,1.233129901587432659e-01,9.922482287826492886e-01,-1.540645760079231187e-02,8.077887759116038069e+00,1.594395080179386755e-03,1.532682877676156026e-02,9.998812660631142268e-01,6.095326274797027155e-01,0.000000000000000000e+00,0.000000000000000000e+00,0.000000000000000000e+00,1.000000000000000056e-01
9.922940999869125367e-01,-1.239018205937671285e-01,8.706231752215073906e-04,7.154566311585188032e+01,1.239021295518210747e-01,9.922007698289622146e-01,-1.363431858724413470e-02,8.183669708370670648e+00,8.254839108292724758e-04,1.363712595691136259e-02,9.999066693306671860e-01,6.221905778904460727e-01,0.000000000000000000e+00,0.000000000000000000e+00,0.000000000000000000e+00,1.000000000000000056e-01
9.925288779352827717e-01,-1.219506529483899288e-01,3.803249924723215835e-03,7.221719613512070168e+01,1.219869994800766994e-01,9.924644964280417980e-01,-1.154968777418300362e-02,8.284558773652364039e+00,-2.366098555918760751e-03,1.192734569360252329e-02,9.999260672681400397e-01,6.333995112722233811e-01,0.000000000000000000e+00,0.000000000000000000e+00,0.000000000000000000e+00,1.000000000000000056e-01
9.924749278205798886e-01,-1.222980914053172080e-01,6.057597390994239224e-03,7.284006631366787587e+01,1.223638453856178560e-01,9.924123095431545138e-01,-1.203732568582863323e-02,8.369021540091216238e+00,-4.539492260078137852e-03,1.268797485175552665e-02,9.999092000297736815e-01,6.473324636414402589e-01,0.000000000000000000e+00,0.000000000000000000e+00,0.000000000000000000e+00,1.000000000000000056e-01
9.925343514987190474e-01,-1.219257430491855199e-01,3.110349967628375529e-03,7.341889494167493524e+01,1.219590793547394303e-01,9.924198739346370424e-01,-1.512536883859609549e-02,8.421841023856536879e+00,-1.242601288227529379e-03,1.539178356991791063e-02,9.998807673620766501e-01,6.579799961297969624e-01,0.000000000000000000e+00,0.000000000000000000e+00,0.000000000000000000e+00,1.000000000000000056e-01
9.926001542606064376e-01,-1.214278739630267334e-01,-4.529753190183939422e-04,7.406442158246825613e+01,1.213878062774019773e-01,9.923556443332202104e-01,-2.225478930835400604e-02,8.483251784742092738e+00,3.151864365780069309e-03,2.203512162023603393e-02,9.997522288878385455e-01,6.792880794385399712e-01,0.000000000000000000e+00,0.000000000000000000e+00,0.000000000000000000e+00,1.000000000000000056e-01
9.928932128569054605e-01,-1.189113172471340657e-01,-4.813158343873106745e-03,7.468559712402327477e+01,1.187533009186465399e-01,9.926000399472248992e-01,-2.535378113206888245e-02,8.553917997979423760e+00,7.792392676010609018e-03,2.460201876511160929e-02,9.996669541847744700e-01,6.889182186146289855e-01,0.000000000000000000e+00,0.000000000000000000e+00,0.000000000000000000e+00,1.000000000000000056e-01
9.933861163151379570e-01,-1.146816208577169094e-01,-5.670074935495234870e-03,7.527757328999862807e+01,1.145268542396826739e-01,9.931629998691023919e-01,-2.260210939199769689e-02,8.619397947436175045e+00,8.223355172296775706e-03,2.180324582378095552e-02,9.997284605838017146e-01,7.012857228415292354e-01,0.000000000000000000e+00,0.000000000000000000e+00,0.000000000000000000e+00,1.000000000000000056e-01
9.940441811960110119e-01,-1.089314250182478044e-01,-3.179697131144409560e-03,7.585514010286526343e+01,1.088522788400962810e-01,9.938764228642447129e-01,-1.899572230506148263e-02,8.701008872520084481e+00,5.229457110434768824e-03,1.853646994621525879e-02,9.998145088266439107e-01,7.082082490200698466e-01,0.000000000000000000e+00,0.000000000000000000e+00,0.000000000000000000e+00,1.000000000000000056e-01
9.948609642924697294e-01,-1.012484914747337761e-01,6.361612594327841711e-04,7.640727352311537857e+01,1.012409885301292778e-01,9.946618960107482810e-01,-1.994930740014830631e-02,8.737610892795112605e+00,1.387071915754760571e-03,1.991119279184799459e-02,9.998007903743156843e-01,7.222093473098738503e-01,0.000000000000000000e+00,0.000000000000000000e+00,0.000000000000000000e+00,1.000000000000000056e-01
9.957480630990418469e-01,-9.196955841496166906e-02,5.234038542422879935e-03,7.698577527349539196e+01,9.206660169872314670e-02,9.954853964046471715e-01,-2.307740012937134835e-02,8.789878130354990660e+00,-3.087990633937379679e-03,2.346115662194410770e-02,9.997199800163070194e-01,7.352813431659511734e-01,0.000000000000000000e+00,0.000000000000000000e+00,0.000000000000000000e+00,1.000000000000000056e-01
9.966684326010492034e-01,-8.109267426672271684e-02,8.718579978353353799e-03,7.751912201675079928e+01,8.129259598123843300e-02,9.963577516225511355e-01,-2.574382683840558544e-02,8.831323321622809530e+00,-6.599188980387799344e-03,2.636681554389691540e-02,9.996305526257565077e-01,7.518233604157051886e-01,0.000000000000000000e+00,0.000000000000000000e+00,0.000000000000000000e+00,1.000000000000000056e-01
9.976176515754279217e-01,-6.845645850087871132e-02,8.528455583835733989e-03,7.800301144021975119e+01,6.863726131625762228e-02,9.973741112084991700e-01,-2.310429938475077466e-02,8.869697676193759150e+00,-6.924422295885258524e-03,2.363462672804250014e-02,9.996966823968629345e-01,7.629604446205697776e-01,0.000000000000000000e+00,0.000000000000000000e+00,0.000000000000000000e+00,1.000000000000000056e-01
9.986643037907579901e-01,-5.106225988243417307e-02,7.890117224698796339e-03,7.849629698035963088e+01,5.120978810437847722e-02,9.984918390712695935e-01,-1.978900983825622809e-02,8.909859085098066345e+00,-6.867746095000315867e-03,2.016662896402614605e-02,9.997730448155730532e-01,7.652996481701194176e-01,0.000000000000000000e+00,0.000000000000000000e+00,0.000000000000000000e+00,1.000000000000000056e-01
9.994799574897295091e-01,-3.091257602698469290e-02,9.177538869669068372e-03,7.898210945703475261e+01,3.104606805707474729e-02,9.994087019646212822e-01,-1.477795979106189331e-02,8.922723705389630666e+00,-8.715287403400898136e-03,1.505520112009966702e-02,9.998486808936187797e-01,7.702752290474315089e-01,0.000000000000000000e+00,0.000000000000000000e+00,0.000000000000000000e+00,1.000000000000000056e-01
9.999134694862692463e-01,-8.836272451709795486e-03,9.745451713025583482e-03,7.945891746594024596e+01,8.981254544274031373e-03,9.998481320882599555e-01,-1.493485274210985987e-02,8.928543708601615947e+00,-9.612003263769515818e-03,1.502108680411320431e-02,9.998409755278488964e-01,7.770560182575946273e-01,0.000000000000000000e+00,0.000000000000000000e+00,0.000000000000000000e+00,1.000000000000000056e-01
9.997766410725558162e-01,1.790970714971494571e-02,1.122097836596401034e-02,7.994757886925147261e+01,-1.771480382594411984e-02,9.996945302788133869e-01,-1.723461215203039507e-02,8.932969932929559320e+00,-1.152621755331290250e-02,1.703198521705698645e-02,9.997885065294958018e-01,7.872992385436405893e-01,0.000000000000000000e+00,0.000000000000000000e+00,0.000000000000000000e+00,1.000000000000000056e-01
9.988007164884085132e-01,4.709808443463979477e-02,1.337531998979351461e-02,8.042688535536036909e+01,-4.685307651578460297e-02,9.987382293441204872e-01,-1.807590848552637769e-02,8.912877607960089321e+00,-1.420978406760153856e-02,1.742755545561774921e-02,9.997471492070350019e-01,7.875715900477309184e-01,0.000000000000000000e+00,0.000000000000000000e+00,0.000000000000000000e+00,1.000000000000000056e-01
9.966800545914786813e-01,7.995805563706043229e-02,1.534855427288822106e-02,8.090099243503968296e+01,-7.965713771541660382e-02,9.966353201442813559e-01,-1.930748693882446479e-02,8.862055561171370499e+00,-1.684070041637817511e-02,1.802076523476382405e-02,9.996957751385364688e-01,7.859893227202811028e-01,0.000000000000000000e+00,0.000000000000000000e+00,0.000000000000000000e+00,1.000000000000000056e-01
