1.000000000000000000e+00,0.000000000000000000e+00,0.000000000000000000e+00,0.000000000000000000e+00,0.000000000000000000e+00,1.000000000000000000e+00,0.000000000000000000e+00,0.000000000000000000e+00,0.000000000000000000e+00,0.000000000000000000e+00,1.000000000000000000e+00,0.000000000000000000e+00,0.000000000000000000e+00,0.000000000000000000e+00,0.000000000000000000e+00,1.000000000000000000e+00
9.999900501667392527e-01,-4.370346995886999382e-03,-8.942229346565523131e-04,6.405765472935729399e-01,4.368906394313279602e-03,9.999891655753307962e-01,-1.606670118685104209e-03,6.199628414072622107e-03,9.012349521921054346e-04,1.602747356288114532e-03,9.999983094868074573e-01,8.260525171779331544e-03,0.000000000000000000e+00,0.000000000000000000e+00,0.000000000000000000e+00,1.000000000000000000e+00
9.999652839624765255e-01,-8.230970235580049171e-03,-1.296918973081037391e-03,1.303276931665341198e+00,8.231588055836878276e-03,9.999660086227077915e-01,4.717597355740808470e-04,1.332251059646342474e-02,1.292991848677047537e-03,-4.824190606736487126e-04,9.999990477215112694e-01,1.327767494885480348e-02,0.000000000000000000e+00,0.000000000000000000e+00,0.000000000000000000e+00,1.000000000000000000e+00
9.998911015987687056e-01,-1.462879645493817687e-02,-1.945059864887614502e-03,2.028804270351340477e+00,1.463271230749235534e-02,9.998909068593698768e-01,2.014475234353984949e-03,1.724288174770723103e-02,1.915378324031360253e-03,-2.042717362645322943e-03,9.999960793081404953e-01,1.874156238716058465e-02,0.000000000000000000e+00,0.000000000000000000e+00,0.000000000000000000e+00,1.000000000000000000e+00
9.997762158551338763e-01,-2.110858072698551871e-02,-1.395001820461342626e-03,2.746026540233175606e+00,2.111407796145855012e-02,9.997688658432695163e-01,4.051000160014948254e-03,3.272340014972113104e-02,1.309168523989224066e-03,-4.079547787601793887e-03,9.999908216416915074e-01,2.467338339944367270e-02,0.000000000000000000e+00,0.000000000000000000e+00,0.000000000000000000e+00,1.000000000000000000e+00
9.996599944825530493e-01,-2.602461879796804517e-02,-1.616987186352617000e-03,3.443765454572701223e+00,2.602799791551883499e-02,9.996589978151956268e-01,2.105091833130487249e-03,4.464173437436910752e-02,1.561651577697332084e-03,-2.146463029408189355e-03,9.999964769642012419e-01,3.044605173321414740e-02,0.000000000000000000e+00,0.000000000000000000e+00,0.000000000000000000e+00,1.000000000000000000e+00
9.994554580282538625e-01,-3.296073825201611268e-02,-1.541801353480820548e-03,4.182223774390514848e+00,3.296696378889649170e-02,9.994476020326638066e-01,4.203580580627233956e-03,7.600558907645310613e-02,1.402396546307808217e-03,-4.252120063959219723e-03,9.999899763292077193e-01,4.420480617538269374e-02,0.000000000000000000e+00,0.000000000000000000e+00,0.000000000000000000e+00,1.000000000000000000e+00
9.993138810718555920e-01,-3.695810606929096631e-02,-2.421877964472695082e-03,4.952782041298280369e+00,3.697276754402253202e-02,9.992963018990725921e-01,6.317869179648966972e-03,1.083666456435996156e-01,2.186677214275047944e-03,-6.403077901019601018e-03,9.999771092560842956e-01,5.219538563889457999e-02,0.000000000000000000e+00,0.000000000000000000e+00,0.000000000000000000e+00,1.000000000000000000e+00
9.990904054175032689e-01,-4.262619730770767640e-02,-1.170087933288121692e-03,5.738783631184175782e+00,4.263244953535946791e-02,9.990729635074423465e-01,5.973929616928893606e-03,1.522071971077249841e-01,9.143573165208919353e-04,-6.018379477680847918e-03,9.999814713579250336e-01,5.472353154554944477e-02,0.000000000000000000e+00,0.000000000000000000e+00,0.000000000000000000e+00,1.000000000000000000e+00
9.987862369443544219e-01,-4.918961001808050404e-02,2.536761085279586568e-03,6.547684250844865161e+00,4.917721516857199299e-02,9.987788370959785889e-01,4.736673671004892547e-03,1.915011254841862409e-01,-2.766658417405528508e-03,-4.606173625774057437e-03,9.999855642786704690e-01,5.672563919090539003e-02,0.000000000000000000e+00,0.000000000000000000e+00,0.000000000000000000e+00,1.000000000000000000e+00
9.986940502808551168e-01,-5.090203317043894005e-02,4.379149773089513129e-03,7.372692667855792692e+00,5.087670000939637643e-02,9.986885959381225364e-01,5.713995037817678167e-03,2.477139866999782947e-01,-4.664260903240247287e-03,-5.483736158300868413e-03,9.999740863182269290e-01,6.645822507814169722e-02,0.000000000000000000e+00,0.000000000000000000e+00,0.000000000000000000e+00,1.000000000000000000e+00
9.985035641025284958e-01,-5.454546915003829349e-02,3.927374408903742432e-03,8.190247435115457719e+00,5.452294759666551777e-02,9.984966464566046307e-01,5.629849046059284129e-03,2.958983913053396253e-01,-4.228552934131089326e-03,-5.407292308759926655e-03,9.999764399874481180e-01,7.122452045750381211e-02,0.000000000000000000e+00,0.000000000000000000e+00,0.000000000000000000e+00,1.000000000000000000e+00
9.983529324551841944e-01,-5.721004954839661871e-02,4.293307443223445471e-03,9.024136246667207928e+00,5.718352852535293213e-02,9.983452614441671313e-01,6.064900441292016622e-03,3.562841544444085295e-01,-4.633176396617524548e-03,-5.809404671964618280e-03,9.999723918658126598e-01,7.484650833487867250e-02,0.000000000000000000e+00,0.000000000000000000e+00,0.000000000000000000e+00,1.000000000000000000e+00
9.982700996445724728e-01,-5.856626457551945136e-02,5.176949804980105277e-03,9.806403631362412554e+00,5.854290280207227748e-02,9.982745031241879730e-01,4.554661750150110211e-03,4.256494887862738441e-01,-5.434766519376682016e-03,-4.243708969925178050e-03,9.999762268409474464e-01,8.524678489499547263e-02,0.000000000000000000e+00,0.000000000000000000e+00,0.000000000000000000e+00,1.000000000000000000e+00
9.981518635684339946e-01,-6.050503180385435886e-02,5.656711171241078639e-03,1.058254295366881337e+01,6.047423873803962208e-02,9.981547979450280383e-01,5.464960052098112760e-03,4.469282647684396093e-01,-5.976930977922525166e-03,-5.112774758486675862e-03,9.999690674367650578e-01,8.816280387486728765e-02,0.000000000000000000e+00,0.000000000000000000e+00,0.000000000000000000e+00,1.000000000000000000e+00
9.980505822229068791e-01,-6.207392348480837013e-02,6.470189156195106650e-03,1.138482436197645598e+01,6.204794707301546086e-02,9.980645782959747248e-01,4.141233499641646006e-03,5.120619560319163988e-01,-6.714729223062553681e-03,-3.731698551122045876e-03,9.999704929833600486e-01,1.019794563602773735e-01,0.000000000000000000e+00,0.000000000000000000e+00,0.000000000000000000e+00,1.000000000000000000e+00
9.979105874109365226e-01,-6.436562425309266811e-02,5.614797206300396401e-03,1.224486064600058732e+01,6.432742675842005597e-02,9.979061027324266364e-01,6.737380500953809963e-03,5.745673092646272906e-01,-6.036696099546668033e-03,-6.362117877265815145e-03,9.999615401385780755e-01,9.497185149153906936e-02,0.000000000000000000e+00,0.000000000000000000e+00,0.000000000000000000e+00,1.000000000000000000e+00
9.977989591059199803e-01,-6.622863654675073541e-02,3.317364661937198794e-03,1.312270231043847346e+01,6.620863430362478042e-02,9.977888587715812996e-01,5.814641429179136407e-03,6.568286601857917795e-01,-3.695125274026282193e-03,-5.582204981854816533e-03,9.999775922673216355e-01,9.448163978815096731e-02,0.000000000000000000e+00,0.000000000000000000e+00,0.000000000000000000e+00,1.000000000000000000e+00
9.980818269079955174e-01,-6.190249821701870880e-02,8.645868894117619916e-04,1.399832309445055678e+01,6.189136370776260332e-02,9.980365837051911049e-01,9.614399849203805401e-03,7.276960216056997943e-01,-1.458044714947859949e-03,-9.542447304487439511e-03,9.999534068170627954e-01,1.024271996943818541e-01,0.000000000000000000e+00,0.000000000000000000e+00,0.000000000000000000e+00,1.000000000000000000e+00
9.970450029337468711e-01,-7.680202767637293870e-02,1.646411140187873648e-03,1.495545718183906025e+01,7.678157362267586106e-02,9.969965241046651050e-01,1.012525926770173335e-02,8.246514712028217842e-01,-2.419106626522991334e-03,-9.968925118096789301e-03,9.999473828432769995e-01,1.033416120829062507e-01,0.000000000000000000e+00,0.000000000000000000e+00,0.000000000000000000e+00,1.000000000000000000e+00
9.965675124254378403e-01,-8.272036118260633897e-02,3.245770169654132575e-03,1.593354665009916182e+01,8.268478937867536349e-02,9.965267456792524792e-01,9.882851376003221402e-03,9.271138448726513603e-01,-4.052009819725234385e-03,-9.580552788604103018e-03,9.999458956487025096e-01,1.101168430669614423e-01,0.000000000000000000e+00,0.000000000000000000e+00,0.000000000000000000e+00,1.000000000000000000e+00
9.964316049978337864e-01,-8.429756437412092018e-02,4.239953069671273389e-03,1.686003225216992973e+01,8.425351571508657433e-02,9.963974093345554506e-01,9.672009151807148958e-03,1.016826373499267300e+00,-5.040005068422109304e-03,-9.280264650101861107e-03,9.999442359636533384e-01,1.163509651679586199e-01,0.000000000000000000e+00,0.000000000000000000e+00,0.000000000000000000e+00,1.000000000000000000e+00
9.962356391568409908e-01,-8.658468283665372855e-02,4.200472811248750701e-03,1.775124604790687144e+01,8.654550861930160321e-02,9.962094598556200387e-01,8.751401716214982085e-03,1.089106604932112976e+00,-4.942288092406966170e-03,-8.354926226380333248e-03,9.999528833880940715e-01,1.252997483809351331e-01,0.000000000000000000e+00,0.000000000000000000e+00,0.000000000000000000e+00,1.000000000000000000e+00
9.960617483062420563e-01,-8.855769028449222979e-02,4.304538603525327918e-03,1.866423127551011873e+01,8.851702244542468401e-02,9.960352176904511134e-01,8.864640868603610932e-03,1.171685403256407243e+00,-5.072504165544360587e-03,-8.448704741502527371e-03,9.999514433659673074e-01,1.303022128616613540e-01,0.000000000000000000e+00,0.000000000000000000e+00,0.000000000000000000e+00,1.000000000000000000e+00
9.957753799885756818e-01,-9.174920585938560469e-02,3.670944398924941027e-03,1.959209963645868413e+01,9.172486008744205888e-02,9.957642900383965046e-01,6.326825923357591239e-03,1.252969737294144403e+00,-4.235876597244562364e-03,-5.963380626572511653e-03,9.999732473626257168e-01,1.400991335828948858e-01,0.000000000000000000e+00,0.000000000000000000e+00,0.000000000000000000e+00,1.000000000000000000e+00
9.956789816019271377e-01,-9.269515803775972562e-02,5.565363645175161814e-03,2.051896004773169224e+01,9.267047659828696327e-02,9.956864798349956969e-01,4.540555124364006011e-03,1.342346025917783070e+00,-5.962244811698205402e-03,-4.005190400692719074e-03,9.999742047106311427e-01,1.526456715285863797e-01,0.000000000000000000e+00,0.000000000000000000e+00,0.000000000000000000e+00,1.000000000000000000e+00
9.958750961963908077e-01,-9.047797049694965288e-02,6.821263122133986237e-03,2.144370563705003363e+01,9.044814706936672721e-02,9.958907203767368710e-01,4.561333052888541517e-03,1.433985917659363007e+00,-7.205932801967302424e-03,-3.925547382759258901e-03,9.999663317383236105e-01,1.532194581644658327e-01,0.000000000000000000e+00,0.000000000000000000e+00,0.000000000000000000e+00,1.000000000000000000e+00
9.958770812753201529e-01,-9.002272535036778822e-02,1.116906043678419190e-02,2.240007550606266662e+01,9.000248052953338518e-02,9.959388780516427175e-01,2.303189910336822174e-03,1.525930738487257132e+00,-1.133104095302984310e-02,-1.288450901033874477e-03,9.999349715882508427e-01,1.568932347150372719e-01,0.000000000000000000e+00,0.000000000000000000e+00,0.000000000000000000e+00,1.000000000000000000e+00
9.961165500488750046e-01,-8.691015483123727681e-02,1.408700486038866155e-02,2.336634728842103925e+01,8.688018324052686203e-02,9.962150357653751787e-01,2.726953443149197302e-03,1.621510349003859819e+00,-1.427068599678080196e-02,-1.492481892352669551e-03,9.998970547106247331e-01,1.552857342871978297e-01,0.000000000000000000e+00,0.000000000000000000e+00,0.000000000000000000e+00,1.000000000000000000e+00
9.963869981037739576e-01,-8.370326100267019842e-02,1.437755567778532112e-02,2.428734088185116846e+01,8.370257889402434037e-02,9.964905696838659566e-01,6.502442693678129031e-04,1.693322312627606463e+00,-1.438152621381220964e-02,5.555435528338217204e-04,9.998964261737921522e-01,1.508453398533741163e-01,0.000000000000000000e+00,0.000000000000000000e+00,0.000000000000000000e+00,1.000000000000000000e+00
9.964757506406918264e-01,-8.286032488769899673e-02,1.304779462490367886e-02,2.524151077581549885e+01,8.286687980778977003e-02,9.965606247275164975e-01,3.838775099051916490e-05,1.770182960743209133e+00,-1.300609918422914943e-02,1.042977565955281174e-03,9.999148731676144042e-01,1.466065395591298615e-01,0.000000000000000000e+00,0.000000000000000000e+00,0.000000000000000000e+00,1.000000000000000000e+00
9.966830967239924677e-01,-8.089858354725280865e-02,8.844426760395230139e-03,2.618466729184071440e+01,8.090259903807779651e-02,9.967220074513308825e-01,-9.659745361169128314e-05,1.856907304556732585e+00,-8.807620198205969378e-03,8.118141611196781496e-04,9.999608826270212081e-01,1.415683156573035173e-01,0.000000000000000000e+00,0.000000000000000000e+00,0.000000000000000000e+00,1.000000000000000000e+00
9.966827850705538561e-01,-8.100485309458575756e-02,7.851096683126225842e-03,2.712744350796645421e+01,8.101836422131274140e-02,9.967116003115997769e-01,-1.417908032097357383e-03,1.936218812099770759e+00,-7.710421707398171579e-03,2.049287537015375207e-03,9.999681744024077057e-01,1.420288433627163172e-01,0.000000000000000000e+00,0.000000000000000000e+00,0.000000000000000000e+00,1.000000000000000000e+00
9.967873354784544393e-01,-7.961768230821483772e-02,8.719661325483085007e-03,2.808362827739067313e+01,7.964447142541825064e-02,9.968194880870296926e-01,-2.768815861161873573e-03,2.013395296508595056e+00,-8.471481637156408687e-03,3.454393401955203110e-03,9.999581497068239511e-01,1.430464045801206896e-01,0.000000000000000000e+00,0.000000000000000000e+00,0.000000000000000000e+00,1.000000000000000000e+00
9.967808423208885937e-01,-7.933855081414865895e-02,1.154758575504123870e-02,2.909299448682756761e+01,7.941021990209230774e-02,9.968246477040325626e-01,-5.885465557381765189e-03,2.094161442136456053e+00,-1.104397379391186193e-02,6.783515639884086200e-03,9.999160037515160138e-01,1.464496257118487743e-01,0.000000000000000000e+00,0.000000000000000000e+00,0.000000000000000000e+00,1.000000000000000000e+00
9.968531756666302313e-01,-7.767634743867095348e-02,1.581553704245977632e-02,3.004978893877144941e+01,7.782190522582865810e-02,9.969283934144134163e-01,-8.805082121888588298e-03,2.165052419016745056e+00,-1.508301131659976063e-02,1.000816930002443837e-02,9.998361562360528199e-01,1.440087684255260403e-01,0.000000000000000000e+00,0.000000000000000000e+00,0.000000000000000000e+00,1.000000000000000000e+00
9.967872427766893972e-01,-7.841464673644184258e-02,1.631979824765761658e-02,3.097976373798838523e+01,7.867429041885272423e-02,9.967731474396428482e-01,-1.592634830562099368e-02,2.216301220959069784e+00,-1.501827768871089562e-02,1.715912936197492786e-02,9.997399740006414071e-01,1.465597716724257038e-01,0.000000000000000000e+00,0.000000000000000000e+00,0.000000000000000000e+00,1.000000000000000000e+00
9.969196999355254274e-01,-7.741908807580574758e-02,1.254578343400459053e-02,3.193352157374873812e+01,7.764887980500591314e-02,9.967996980184746780e-01,-1.900035513613222010e-02,2.280388153500891857e+00,-1.103464297066518787e-02,1.991599437090841446e-02,9.997407613090143474e-01,1.467107886515242321e-01,0.000000000000000000e+00,0.000000000000000000e+00,0.000000000000000000e+00,1.000000000000000000e+00
9.968124477600036615e-01,-7.927316283459545643e-02,8.983854679926801812e-03,3.293536250992950443e+01,7.942791083166707289e-02,9.966703341994671561e-01,-1.842422067912060854e-02,2.356649611946689760e+00,-7.493395200245668922e-03,1.907906132166691665e-02,9.997898971521252953e-01,1.403403163412958732e-01,0.000000000000000000e+00,0.000000000000000000e+00,0.000000000000000000e+00,1.000000000000000000e+00
9.967667771115908959e-01,-8.001550801554585535e-02,7.315088761354704948e-03,3.390794587357838452e+01,8.013748900850428680e-02,9.966164495133449375e-01,-1.826568955228310628e-02,2.438174059993285070e+00,-5.828799360436138360e-03,1.879284535195974160e-02,9.998064082919216888e-01,1.403978299744277625e-01,0.000000000000000000e+00,0.000000000000000000e+00,0.000000000000000000e+00,1.000000000000000000e+00
9.966618677836938112e-01,-8.119275056688804448e-02,8.535722658433650412e-03,3.487644329988496139e+01,8.134005280015738082e-02,9.965124486868078835e-01,-1.862083302872603527e-02,2.518131430902643242e+00,-6.994077236218186090e-03,1.925297035782320282e-02,9.997901809959998110e-01,1.496941694053992022e-01,0.000000000000000000e+00,0.000000000000000000e+00,0.000000000000000000e+00,1.000000000000000000e+00
9.966284433865983949e-01,-8.141981555745259058e-02,1.012716482511961426e-02,3.585712580887591372e+01,8.159210334808926490e-02,9.965040610060480475e-01,-1.795508478628040847e-02,2.611998110026107156e+00,-8.629861183091953880e-03,1.872084488045965694e-02,9.997875051544311553e-01,1.447742055723767463e-01,0.000000000000000000e+00,0.000000000000000000e+00,0.000000000000000000e+00,1.000000000000000000e+00
9.966392757498595545e-01,-8.106948316136065869e-02,1.174278215517254691e-02,3.683203950799775583e+01,8.127472056721371518e-02,9.965254678845828495e-01,-1.820471516195628497e-02,2.686998185853644916e+00,-1.022613463217050302e-02,1.909792547258824108e-02,9.997653201692522362e-01,1.553620033059087413e-01,0.000000000000000000e+00,0.000000000000000000e+00,0.000000000000000000e+00,1.000000000000000000e+00
9.964962502416779833e-01,-8.240940003048360940e-02,1.427984736925444649e-02,3.782474963668131807e+01,8.264972976064663412e-02,9.964311363327209570e-01,-1.714679903560907201e-02,2.784366841346890720e+00,-1.281582711983625042e-02,1.826694646872452713e-02,9.997510056218712471e-01,1.561768203125670773e-01,0.000000000000000000e+00,0.000000000000000000e+00,0.000000000000000000e+00,1.000000000000000000e+00
9.965921492620863908e-01,-8.114084026416526485e-02,1.484089183298579334e-02,3.883229579723312952e+01,8.137952940167074434e-02,9.965506167916383662e-01,-1.625547189599230863e-02,2.881596326377736439e+00,-1.347071726136868201e-02,1.740782046736622304e-02,9.997577244327948698e-01,1.654932669138861057e-01,0.000000000000000000e+00,0.000000000000000000e+00,0.000000000000000000e+00,1.000000000000000000e+00
9.966806401210334121e-01,-7.977021508468824795e-02,1.626082388035443235e-02,3.986415358155232269e+01,7.997461066104130656e-02,9.967206146362302954e-01,-1.233199127411397159e-02,2.980223779314586707e+00,-1.522377277615983258e-02,1.359151001591034184e-02,9.997917321112168576e-01,1.640111945577434338e-01,0.000000000000000000e+00,0.000000000000000000e+00,0.000000000000000000e+00,1.000000000000000000e+00
9.964290273571831946e-01,-8.301777284137289159e-02,1.540268913127511470e-02,4.086880745181930052e+01,8.325139796262343017e-02,9.964126156928225786e-01,-1.520210595450084516e-02,3.057140047872032973e+00,-1.408538878715604251e-02,1.643011505258703750e-02,9.997657991460168203e-01,1.763695712854376485e-01,0.000000000000000000e+00,0.000000000000000000e+00,0.000000000000000000e+00,1.000000000000000000e+00
9.965829747716629106e-01,-8.127568815465330276e-02,1.471859063390348714e-02,4.188002953052504296e+01,8.147533783475097158e-02,9.965837364864076342e-01,-1.351390008469671201e-02,3.133149453084885572e+00,-1.356995652071245340e-02,1.466692489152331309e-02,9.998003488668388838e-01,1.969495335478814724e-01,0.000000000000000000e+00,0.000000000000000000e+00,0.000000000000000000e+00,1.000000000000000000e+00
9.967621045967931526e-01,-7.966886816068544097e-02,1.087098366123136726e-02,4.289340165869034394e+01,7.979589150617531768e-02,9.967413956278298182e-01,-1.179855671747464044e-02,3.196129417244742754e+00,-9.895581766732247653e-03,1.262781405771227355e-02,9.998712996049150536e-01,2.029100681680980900e-01,0.000000000000000000e+00,0.000000000000000000e+00,0.000000000000000000e+00,1.000000000000000000e+00
9.969556940619679342e-01,-7.735469734171936118e-02,9.777263246260351967e-03,4.393355753302145672e+01,7.746988088286559104e-02,9.969223703929953606e-01,-1.200853721319714885e-02,3.282690629180077035e+00,-8.818255689774555720e-03,1.272942297110081500e-02,9.998800928898488038e-01,2.098521871298822949e-01,0.000000000000000000e+00,0.000000000000000000e+00,0.000000000000000000e+00,1.000000000000000000e+00
9.969333395717835389e-01,-7.729594146803386856e-02,1.221695063496742138e-02,4.492402599983739009e+01,7.746566532797716231e-02,9.968954584387252904e-01,-1.408955781891584047e-02,3.360819730961327689e+00,-1.108995696748775114e-02,1.499274413871897610e-02,9.998261001182405794e-01,2.194851543696701990e-01,0.000000000000000000e+00,0.000000000000000000e+00,0.000000000000000000e+00,1.000000000000000000e+00
9.968267374800121594e-01,-7.880316005247771372e-02,1.124799585237866613e-02,4.588716342815347105e+01,7.894573989256710445e-02,9.967960841734280208e-01,-1.285055365852987887e-02,3.438806065234730980e+00,-1.019929398373395010e-02,1.369775683311934625e-02,9.998541622956689245e-01,2.208557543592425398e-01,0.000000000000000000e+00,0.000000000000000000e+00,0.000000000000000000e+00,1.000000000000000000e+00
9.965395275575761325e-01,-8.280467902563720672e-02,7.235685646895532314e-03,4.679671741891490910e+01,8.289580571323755531e-02,9.964686396861742734e-01,-1.336171834512929479e-02,3.518399534184261324e+00,-6.103721034959368186e-03,1.391528847860021463e-02,9.998845480034603828e-01,2.336794134509072030e-01,0.000000000000000000e+00,0.000000000000000000e+00,0.000000000000000000e+00,1.000000000000000000e+00
9.967394459515046545e-01,-8.046960202158776054e-02,5.926215889664213261e-03,4.775568636680058887e+01,8.053947856294169094e-02,9.966706821723894105e-01,-1.268635845421446640e-02,3.597268182563154948e+00,-4.885619417538640714e-03,1.312228823440149579e-02,9.999019633316058586e-01,2.342967070274181718e-01,0.000000000000000000e+00,0.000000000000000000e+00,0.000000000000000000e+00,1.000000000000000000e+00
9.967655146478505701e-01,-8.016327519143981450e-02,5.688419761376265968e-03,4.869990600747322418e+01,8.022487957266739855e-02,9.967094694349182271e-01,-1.158456888749745742e-02,3.681443026783548955e+00,-4.741044858581791414e-03,1.200345155943564369e-02,9.999167163540717551e-01,2.448472346167868408e-01,0.000000000000000000e+00,0.000000000000000000e+00,0.000000000000000000e+00,1.000000000000000000e+00
9.970180670449532156e-01,-7.668994045430994888e-02,8.580618803696793070e-03,4.966383226379531379e+01,7.680437475566424810e-02,9.969491048558755120e-01,-1.391295602861815188e-02,3.768779061968434707e+00,-7.487456466076867177e-03,1.453049758876952778e-02,9.998663923922492813e-01,2.449470869874321721e-01,0.000000000000000000e+00,0.000000000000000000e+00,0.000000000000000000e+00,1.000000000000000000e+00
9.971935626876469172e-01,-7.409565755722750946e-02,1.071597244650264458e-02,5.065406543140099416e+01,7.426822451771851463e-02,9.970981557532985207e-01,-1.671821223552409988e-02,3.851197181305669126e+00,-9.446129434738523983e-03,1.746714986849363591e-02,9.998028152161674287e-01,2.652933184864810778e-01,0.000000000000000000e+00,0.000000000000000000e+00,0.000000000000000000e+00,1.000000000000000000e+00
9.972864344162852834e-01,-7.286851012496300961e-02,1.048560734602040426e-02,5.157528588052757357e+01,7.303352926754766439e-02,9.971958792204704825e-01,-1.632427849656799962e-02,3.935976971093205545e+00,-9.266678583665583294e-03,1.704578240725498905e-02,9.998117672692952151e-01,2.675625591028399919e-01,0.000000000000000000e+00,0.000000000000000000e+00,0.000000000000000000e+00,1.000000000000000000e+00
9.972585825304458584e-01,-7.325328205801509562e-02,1.045352749503769725e-02,5.251463054987421231e+01,7.344614451465628080e-02,9.971096475866150222e-01,-1.944259616467147386e-02,4.013713195868732875e+00,-8.999079135823291956e-03,2.015706718298132527e-02,9.997563249198716528e-01,2.787803368882262878e-01,0.000000000000000000e+00,0.000000000000000000e+00,0.000000000000000000e+00,1.000000000000000000e+00
9.973555084538110460e-01,-7.231555275154805118e-02,7.242277754496229472e-03,5.348403117164071574e+01,7.246082362511957475e-02,9.971208312747861235e-01,-2.234897933782220569e-02,4.090654216168100099e+00,-5.605247220638641739e-03,2.281465906191079349e-02,9.997239981792397367e-01,3.009489285695659544e-01,0.000000000000000000e+00,0.000000000000000000e+00,0.000000000000000000e+00,1.000000000000000000e+00
9.971973874750160727e-01,-7.430240708921179160e-02,8.747726204407453576e-03,5.442210239649535453e+01,7.450789211157031466e-02,9.968777922157200377e-01,-2.613888674363892134e-02,4.168955627117975737e+00,-6.778231781872649971e-03,2.671740421252236097e-02,9.996200457604159650e-01,2.998280376399294900e-01,0.000000000000000000e+00,0.000000000000000000e+00,0.000000000000000000e+00,1.000000000000000000e+00
9.971661018294382117e-01,-7.412472966096708693e-02,1.285650866166231608e-02,5.536277537131149273e+01,7.445708760462443898e-02,9.968407038375214357e-01,-2.765417288849431054e-02,4.237072798694438092e+00,-1.076603305382739691e-02,2.853306197024895255e-02,9.995348702806150509e-01,3.108568867611635755e-01,0.000000000000000000e+00,0.000000000000000000e+00,0.000000000000000000e+00,1.000000000000000000e+00
9.969570824142796051e-01,-7.581155861424973552e-02,1.814341215102215424e-02,5.630623159198836447e+01,7.626872784449502396e-02,9.967484456013669947e-01,-2.599264019363352329e-02,4.315970736151369280e+00,-1.611387529385759076e-02,2.729732169520654797e-02,9.994974733591287519e-01,3.307745233494273074e-01,0.000000000000000000e+00,0.000000000000000000e+00,0.000000000000000000e+00,1.000000000000000000e+00
9.969310391204144750e-01,-7.588465887693131295e-02,1.923595033831812171e-02,5.726174604273158053e+01,7.632078659729051029e-02,9.968167643717986692e-01,-2.305375892350116501e-02,4.398374100800944042e+00,-1.742529114411804289e-02,2.445111070000510409e-02,9.995491495739864396e-01,3.254172610011920597e-01,0.000000000000000000e+00,0.000000000000000000e+00,0.000000000000000000e+00,1.000000000000000000e+00
9.969977853599397699e-01,-7.621242286428095425e-02,1.367781373345534728e-02,5.814571038662433011e+01,7.653467691736813572e-02,9.967577772944047343e-01,-2.482693360577921393e-02,4.464611386980369190e+00,-1.174134645281879955e-02,2.579922487726679994e-02,9.995981896638306274e-01,3.350685800857715058e-01,0.000000000000000000e+00,0.000000000000000000e+00,0.000000000000000000e+00,1.000000000000000000e+00
9.970169642842914293e-01,-7.675086775039238751e-02,8.153356909543248501e-03,5.906056452656446965e+01,7.692824719757000718e-02,9.967406773458231672e-01,-2.429129282875530996e-02,4.529946467389157405e+00,-6.262404685274541166e-03,2.484605449049449855e-02,9.996716740329364415e-01,3.407827401151986013e-01,0.000000000000000000e+00,0.000000000000000000e+00,0.000000000000000000e+00,1.000000000000000000e+00
9.971122619264979337e-01,-7.579025136118022754e-02,4.793215458230484782e-03,6.001730323543677059e+01,7.588446506064545904e-02,9.968239240925664824e-01,-2.415806944169270748e-02,4.615186460088091636e+00,-2.947045686707717299e-03,2.445203785575259317e-02,9.996966603757470038e-01,3.500056966580124551e-01,0.000000000000000000e+00,0.000000000000000000e+00,0.000000000000000000e+00,1.000000000000000000e+00
9.969542851220491997e-01,-7.796390654995982716e-02,1.944904174898541950e-03,6.093328171410720984e+01,7.798763433955142876e-02,9.967291982208325019e-01,-2.118570990478858829e-02,4.693068316620441216e+00,-2.868220716514552761e-04,2.127286274854978815e-02,9.997736659082299138e-01,3.530900029887018565e-01,0.000000000000000000e+00,0.000000000000000000e+00,0.000000000000000000e+00,1.000000000000000000e+00
9.967606164686634296e-01,-8.033088149748165985e-02,3.901657960973051349e-03,6.186486094866319974e+01,8.038982590678117601e-02,9.965907739567351209e-01,-1.855546159453054858e-02,4.782570169088345757e+00,-2.397779740559272382e-03,1.880900694205599882e-02,9.998202197946238767e-01,3.727643399555755077e-01,0.000000000000000000e+00,0.000000000000000000e+00,0.000000000000000000e+00,1.000000000000000000e+00
9.965552603130800602e-01,-8.276948655711909020e-02,5.179308582903873262e-03,6.273814196580524083e+01,8.284652040517906380e-02,9.964166815320846249e-01,-1.703674914222354925e-02,4.870759729133759208e+00,-3.750626491703435306e-03,1.740714967051616713e-02,9.998414494014880027e-01,3.849002031797318923e-01,0.000000000000000000e+00,0.000000000000000000e+00,0.000000000000000000e+00,1.000000000000000000e+00
9.964824863476097194e-01,-8.363000812288994001e-02,5.355011096860209756e-03,6.354650350517663782e+01,8.370685726645474278e-02,9.963580089137484830e-01,-1.624438733826850598e-02,4.947057173814144448e+00,-3.976989949127899757e-03,1.663549863357725173e-02,9.998537111678672540e-01,3.971318057111731803e-01,0.000000000000000000e+00,0.000000000000000000e+00,0.000000000000000000e+00,1.000000000000000000e+00
9.963175964777455373e-01,-8.547280420359142095e-02,6.756233446142305768e-03,6.435610449909825093e+01,8.557057541383117361e-02,9.962064400095985706e-01,-1.582420635417338198e-02,5.021845256243552491e+00,-5.378063977867724929e-03,1.634407002457514968e-02,9.998519629439559520e-01,4.052303975414595083e-01,0.000000000000000000e+00,0.000000000000000000e+00,0.000000000000000000e+00,1.000000000000000000e+00
9.963457155306394419e-01,-8.501296470107701231e-02,8.246876770414074756e-03,6.515283427476634870e+01,8.514177068119584135e-02,9.962275415209921325e-01,-1.677988081905253809e-02,5.102715218441266742e+00,-6.789258354457820138e-03,1.742071605200120124e-02,9.998251970335775285e-01,4.247063754407466307e-01,0.000000000000000000e+00,0.000000000000000000e+00,0.000000000000000000e+00,1.000000000000000000e+00
9.963120175980170190e-01,-8.531122309118414904e-02,9.184704919049721875e-03,6.595443646208542532e+01,8.546547402288934281e-02,9.961791247576271546e-01,-1.796675115769796535e-02,5.180192466702225218e+00,-7.616845791177883317e-03,1.868546525527525065e-02,9.997963977972651461e-01,4.342957551212949241e-01,0.000000000000000000e+00,0.000000000000000000e+00,0.000000000000000000e+00,1.000000000000000000e+00
9.962425128621260617e-01,-8.605933366226975467e-02,9.728651281538635773e-03,6.669818649727525894e+01,8.623043159174791084e-02,9.960978034781188262e-01,-1.880102586453581345e-02,5.246622183769344971e+00,-8.072684414276200260e-03,1.956928705048438522e-02,9.997759122776880281e-01,4.431742603949469506e-01,0.000000000000000000e+00,0.000000000000000000e+00,0.000000000000000000e+00,1.000000000000000000e+00
9.960233843580356128e-01,-8.833191060177686404e-02,1.161427489769259296e-02,6.747953146906530719e+01,8.852878129494476389e-02,9.959163970432979296e-01,-1.769703316148265801e-02,5.330604754459405292e+00,-1.000363405924370279e-02,1.865485646491423996e-02,9.997759367157634802e-01,4.470928550796117729e-01,0.000000000000000000e+00,0.000000000000000000e+00,0.000000000000000000e+00,1.000000000000000000e+00
9.961240223465103183e-01,-8.683414027165238525e-02,1.402726585928887326e-02,6.822397199433574144e+01,8.706525631716893754e-02,9.960608892262803327e-01,-1.680315732738853207e-02,5.410051234551664479e+00,-1.251292318484367207e-02,1.795931616254827987e-02,9.997604161579634052e-01,4.568920231443819313e-01,0.000000000000000000e+00,0.000000000000000000e+00,0.000000000000000000e+00,1.000000000000000000e+00
9.959210453307220101e-01,-8.889329927404358844e-02,1.546779918193916248e-02,6.893847606669439187e+01,8.911593746583536257e-02,9.959178326238153911e-01,-1.435340905353991482e-02,5.481003269115019449e+00,-1.412873515013825416e-02,1.567328957329340577e-02,9.997773386294616094e-01,4.725263621479265930e-01,0.000000000000000000e+00,0.000000000000000000e+00,0.000000000000000000e+00,1.000000000000000000e+00
9.956448443585496078e-01,-9.233476241813198815e-02,1.286994760756941629e-02,6.960600995218911180e+01,9.250219545016558076e-02,9.956265058283844116e-01,-1.308452249226057552e-02,5.553418180046681307e+00,-1.160550469104118694e-02,1.421803576934222574e-02,9.998315656748029134e-01,4.794333045559770468e-01,0.000000000000000000e+00,0.000000000000000000e+00,0.000000000000000000e+00,1.000000000000000000e+00
9.958144206474973670e-01,-9.113372151449458669e-02,6.948700123273626912e-03,7.030533478127209435e+01,9.122131205886171990e-02,9.957384732604911415e-01,-1.354861967563851868e-02,5.631163457222257307e+00,-5.684351919468038847e-03,1.412578039521853249e-02,9.998840685156860086e-01,4.834730666004423139e-01,0.000000000000000000e+00,0.000000000000000000e+00,0.000000000000000000e+00,1.000000000000000000e+00
9.959485696566119373e-01,-8.991005920124249540e-02,1.621065505708977825e-03,7.106135497162560455e+01,8.992441866190419020e-02,9.958267004514339549e-01,-1.558145039201875789e-02,5.703709570626347869e+00,-2.133711865781519768e-04,1.566409660432094633e-02,9.998772877460048170e-01,4.969250716784898714e-01,0.000000000000000000e+00,0.000000000000000000e+00,0.000000000000000000e+00,1.000000000000000000e+00
9.958330625985467588e-01,-9.116766910090377818e-02,2.228799296165531827e-03,7.178411076364150745e+01,9.118986618991965776e-02,9.957375735802576067e-01,-1.382363428171708847e-02,5.784507007626027431e+00,-9.590306871937405355e-04,1.396927597258675914e-02,9.999019649890396044e-01,5.082372953443793362e-01,0.000000000000000000e+00,0.000000000000000000e+00,0.000000000000000000e+00,1.000000000000000000e+00
9.959365711233154617e-01,-8.990650206560502067e-02,5.212215023961906321e-03,7.245852915503701297e+01,8.996283786606223964e-02,9.958748767853112804e-01,-1.182867663412932521e-02,5.862487982902014672e+00,-4.127239054526893845e-03,1.224951730304561434e-02,9.999164541218575897e-01,5.182036886496313999e-01,0.000000000000000000e+00,0.000000000000000000e+00,0.000000000000000000e+00,1.000000000000000000e+00
9.958261440048167268e-01,-9.096724282851734178e-02,7.433145274415751784e-03,7.308373114623755384e+01,9.105441913852063696e-02,9.957689797594471148e-01,-1.237867941924828893e-02,5.926088311065029757e+00,-6.275641149681622337e-03,1.300383331927661666e-02,9.998957528898521074e-01,5.309953390852051314e-01,0.000000000000000000e+00,0.000000000000000000e+00,0.000000000000000000e+00,1.000000000000000000e+00
9.958119250291219693e-01,-9.132068870829300467e-02,4.375132413103163982e-03,7.366386536237048688e+01,9.137772353617530652e-02,9.956977714318436812e-01,-1.536423141564969425e-02,5.959896251223410601e+00,-2.953237399095320643e-03,1.569967450269040346e-02,9.998723911626791194e-01,5.405913532533155319e-01,0.000000000000000000e+00,0.000000000000000000e+00,0.000000000000000000e+00,1.000000000000000000e+00
9.957990584217537577e-01,-9.156360902153384829e-02,5.837373511742927415e-04,7.431092341647581634e+01,9.155370823560642080e-02,9.955487392085436982e-01,-2.237468141839287286e-02,6.000664468376640137e+00,1.467567597384645140e-03,2.233413000805881468e-02,9.997494850621978513e-01,5.607478538481339703e-01,0.000000000000000000e+00,0.000000000000000000e+00,0.000000000000000000e+00,1.000000000000000000e+00
9.959517929677174086e-01,-8.980535602906516979e-02,-3.876095055088788106e-03,7.493386771701955240e+01,8.967937684668024489e-02,9.956483124788555461e-01,-2.533865083985327796e-02,6.051903814335561016e+00,6.134774060576070158e-03,2.488846894619672553e-02,9.996714103447889022e-01,5.692860372608621322e-01,0.000000000000000000e+00,0.000000000000000000e+00,0.000000000000000000e+00,1.000000000000000000e+00
9.962537271849053466e-01,-8.635256436059710050e-02,-4.663228337267861373e-03,7.552743820034329758e+01,8.622671005715151771e-02,9.960200654930749797e-01,-2.256066505834922881e-02,6.099293278808628926e+00,6.592840275363762159e-03,2.207405181438351280e-02,9.997346001282535477e-01,5.806271991293119328e-01,0.000000000000000000e+00,0.000000000000000000e+00,0.000000000000000000e+00,1.000000000000000000e+00
9.966798032543698893e-01,-8.139422584366592939e-02,-2.085613610935556968e-03,7.610701707304414754e+01,8.134013482346610924e-02,9.965048654159421870e-01,-1.902197858374393702e-02,6.163686697005245740e+00,3.626603331513674963e-03,1.878917778005225261e-02,9.998168905087698732e-01,5.865652294444231307e-01,0.000000000000000000e+00,0.000000000000000000e+00,0.000000000000000000e+00,1.000000000000000000e+00
9.972187010184977440e-01,-7.451182425998288672e-02,1.688308153819577644e-03,7.665988764241353692e+01,7.453071269079129813e-02,9.970166827857206426e-01,-2.007254624466957987e-02,6.184258333271052344e+00,-1.876293568080742184e-04,2.014254930218959544e-02,9.997971006673469496e-01,5.996363231921546522e-01,0.000000000000000000e+00,0.000000000000000000e+00,0.000000000000000000e+00,1.000000000000000000e+00
9.977972570642457129e-01,-6.604797189194512586e-02,6.188635069151960690e-03,7.723951804662554821e+01,6.617523656418014544e-02,9.975356932039997071e-01,-2.331048797588101962e-02,6.220238376991626517e+00,-4.633773919074617512e-03,2.366867535287428201e-02,9.997091186671785978e-01,6.117541593830381208e-01,0.000000000000000000e+00,0.000000000000000000e+00,0.000000000000000000e+00,1.000000000000000000e+00
9.983844816341238548e-01,-5.600364256114764155e-02,9.592645726597825648e-03,7.777370223926455139e+01,5.623672477067016839e-02,9.980775482331086801e-01,-2.605069097045397200e-02,6.247060199285348503e+00,-8.115270742291437467e-03,2.654806457829731250e-02,9.996145970562483329e-01,6.274295626515999924e-01,0.000000000000000000e+00,0.000000000000000000e+00,0.000000000000000000e+00,1.000000000000000000e+00
9.989770103004014246e-01,-4.422115704419186943e-02,9.456329146975230027e-03,7.825833573513332908e+01,4.443202037134725418e-02,9.987385316444121752e-01,-2.339104474937173800e-02,6.272512998793231098e+00,-8.410021223706709570e-03,2.378727976082739906e-02,9.996816677645921079e-01,6.377922646580546084e-01,0.000000000000000000e+00,0.000000000000000000e+00,0.000000000000000000e+00,1.000000000000000000e+00
9.995769102181976118e-01,-2.769656594649128750e-02,8.882611857104295849e-03,7.875237008822624318e+01,2.787008684769002112e-02,9.994105471279322028e-01,-2.004536226994120887e-02,6.299948095625698130e+00,-8.322188278003029779e-03,2.028444044588460088e-02,9.997596124359403591e-01,6.393588718940155236e-01,0.000000000000000000e+00,0.000000000000000000e+00,0.000000000000000000e+00,1.000000000000000000e+00
9.999116882808302131e-01,-8.439729594627175605e-03,1.026579776448765212e-02,7.923827513299092118e+01,8.593703713624405507e-03,9.998498375981280661e-01,-1.504827270702403796e-02,6.300706451235378758e+00,-1.013725287512483655e-02,1.513516499256314062e-02,9.998340676756283241e-01,6.435879767972990662e-01,0.000000000000000000e+00,0.000000000000000000e+00,0.000000000000000000e+00,1.000000000000000000e+00
9.998606129179793411e-01,1.272513659901769977e-02,1.080859074118524499e-02,7.971502134685650276e+01,-1.256012850462648323e-02,9.998055906351781541e-01,-1.519947718102184799e-02,6.295062268952595019e+00,-1.099990487328691285e-02,1.506160128158643731e-02,9.998260600022447209e-01,6.496515961226785318e-01,0.000000000000000000e+00,0.000000000000000000e+00,0.000000000000000000e+00,1.000000000000000000e+00
9.991826169946638192e-01,3.853450618823133639e-02,1.221432472608832351e-02,8.020359774234181316e+01,-3.831773894770869326e-02,9.991121771638989957e-01,-1.751023485667371066e-02,6.288205942631756251e+00,-1.287822882311096678e-02,1.702789698200595642e-02,9.997720749984713162e-01,6.591780064434273889e-01,0.000000000000000000e+00,0.000000000000000000e+00,0.000000000000000000e+00,1.000000000000000000e+00
9.976665038831619148e-01,6.675449128174476554e-02,1.433125686233620646e-02,8.068230821086582694e+01,-6.648732512330476907e-02,9.976180937152632211e-01,-1.837320575891888616e-02,6.257484511500647884e+00,-1.552361515519925551e-02,1.737748502019520469e-02,9.997284833327924058e-01,6.587633977638014393e-01,0.000000000000000000e+00,0.000000000000000000e+00,0.000000000000000000e+00,1.000000000000000000e+00
9.949930319373069265e-01,9.861261743482764575e-02,1.626093720691446087e-02,8.115524231463375315e+01,-9.828916667224536774e-02,9.949644964101281852e-01,-1.961862885635711970e-02,6.196594274073147446e+00,-1.811369954124237430e-02,1.792212504086253960e-02,9.996752929441383717e-01,6.565185929898840200e-01,0.000000000000000000e+00,0.000000000000000000e+00,0.000000000000000000e+00,1.000000000000000000e+00
