1.000000000000000000e+00,1.707547866311157990e-13,-5.134846259868976508e-13,1.245037922748348053e-20,-1.707547866312022329e-13,1.000000000000000000e+00,-1.683348602150236000e-13,-5.176437571212602685e-20,5.134846259868689741e-13,1.683348602151112961e-13,1.000000000000000000e+00,1.814007717844136129e-19,0.000000000000000000e+00,0.000000000000000000e+00,0.000000000000000000e+00,1.000000000000000056e-01
9.999970980974288715e-01,-2.266214569448888553e-03,-8.173544190583710740e-04,6.462950353074333742e-01,2.265022145569380117e-03,9.999963735967131173e-01,-1.456869281387811665e-03,1.709473535739039485e-02,8.206530333928828240e-04,1.455013727835151966e-03,9.999986047308518922e-01,6.593532625108472836e-03,0.000000000000000000e+00,0.000000000000000000e+00,0.000000000000000000e+00,1.000000000000000056e-01
9.999758332587106446e-01,-6.895080139657906379e-03,-8.892516038704658668e-04,1.299010192755956083e+00,6.894409601481105154e-03,9.999759483155244988e-01,-7.549216612140181946e-04,1.889561871028543061e-02,8.944354612247044358e-04,7.487725524216808613e-04,9.999993196622037894e-01,1.042962977294497814e-02,0.000000000000000000e+00,0.000000000000000000e+00,0.000000000000000000e+00,1.000000000000000056e-01
9.999237842871016024e-01,-1.193556310908028620e-02,-3.157206079932983050e-03,2.001015353050928702e+00,1.193511230268112094e-02,9.999287609540765676e-01,-1.615895036528181689e-04,2.351765412102488698e-02,3.158909825302678304e-03,1.238955788668926036e-04,9.999950029568153154e-01,1.659247147211394616e-02,0.000000000000000000e+00,0.000000000000000000e+00,0.000000000000000000e+00,1.000000000000000056e-01
9.998456386161466147e-01,-1.707028898649259538e-02,-4.159828624782969247e-03,2.705494406694774145e+00,1.706680221480172052e-02,9.998539710462529539e-01,-8.722644092177701119e-04,3.301771134080469516e-02,4.174110974899104126e-03,8.011347928898356063e-04,9.999909674495129908e-01,1.898586880994348677e-02,0.000000000000000000e+00,0.000000000000000000e+00,0.000000000000000000e+00,1.000000000000000056e-01
9.997469162930864295e-01,-2.212798786801222981e-02,-4.056539828183459810e-03,3.417110350275670783e+00,2.212681644077906309e-02,9.997551164244207200e-01,-3.334327352846704865e-04,3.936802110874573074e-02,4.062924643727031625e-03,2.435900367290934712e-04,9.999917166193095230e-01,3.633895435672469115e-02,0.000000000000000000e+00,0.000000000000000000e+00,0.000000000000000000e+00,1.000000000000000056e-01
9.996154347891879066e-01,-2.738455627504665993e-02,-4.366761825601505817e-03,4.159164053726888355e+00,2.739063176492547227e-02,9.996239113232230356e-01,1.337610697981625549e-03,6.777294524584571989e-02,4.328489660491733823e-03,-1.456704664611756326e-03,9.999895710400079629e-01,4.717825627355685253e-02,0.000000000000000000e+00,0.000000000000000000e+00,0.000000000000000000e+00,1.000000000000000056e-01
9.994665103899800229e-01,-3.231774040701056866e-02,-4.717866452231678567e-03,4.927043504719835099e+00,3.233380720977039463e-02,9.994714446362406024e-01,3.369906240185571722e-03,1.001037602359541728e-01,4.606465043546567953e-03,-3.520655014527593676e-03,9.999831925927911147e-01,5.712857681635785667e-02,0.000000000000000000e+00,0.000000000000000000e+00,0.000000000000000000e+00,1.000000000000000056e-01
9.993098308417196485e-01,-3.687812953963402751e-02,-4.457078050882586073e-03,5.697602377702096099e+00,3.689552600332744736e-02,9.993115725996647436e-01,3.886004287531541306e-03,1.416016099880723078e-01,4.310701106719765086e-03,-4.047768526348540473e-03,9.999825165601274879e-01,6.518269916950837628e-02,0.000000000000000000e+00,0.000000000000000000e+00,0.000000000000000000e+00,1.000000000000000056e-01
9.991995648048079826e-01,-3.995536339998922298e-02,-1.949007300446854024e-03,6.491116860471568550e+00,3.996350738042895451e-02,9.991917330886542770e-01,4.335735825199131532e-03,1.838432571213928779e-01,1.774196081833748131e-03,-4.410154517283505424e-03,9.999887013188683005e-01,7.642894311973308374e-02,0.000000000000000000e+00,0.000000000000000000e+00,0.000000000000000000e+00,1.000000000000000056e-01
9.990593807525405268e-01,-4.336225200028848842e-02,-2.623581783838332287e-04,7.288510325198458872e+00,4.336274431955220582e-02,9.990567083509780399e-01,2.316442096401188401e-03,2.203161463525303565e-01,1.616645521768862487e-04,-2.325639776989089393e-03,9.999972826284080352e-01,8.322098034463562555e-02,0.000000000000000000e+00,0.000000000000000000e+00,0.000000000000000000e+00,1.000000000000000056e-01
9.989372881502341928e-01,-4.608752420388619736e-02,4.842063734529694413e-04,8.096949093676427012e+00,4.608605967994004043e-02,9.989338420842146515e-01,2.693370016617213300e-03,2.712193687345612614e-01,-6.078208888259060147e-04,-2.668192576560389495e-03,9.999962556440606942e-01,9.761662381820807033e-02,0.000000000000000000e+00,0.000000000000000000e+00,0.000000000000000000e+00,1.000000000000000056e-01
9.988153214837274252e-01,-4.866127548112771789e-02,-1.839508303300479357e-04,8.927478676707552907e+00,4.866152470783192269e-02,9.988137684389056803e-01,1.764083326038790424e-03,3.059399805148043661e-01,9.789007734938329989e-05,-1.770944782296649542e-03,9.999984270848183421e-01,1.010208818967795602e-01,0.000000000000000000e+00,0.000000000000000000e+00,0.000000000000000000e+00,1.000000000000000056e-01
9.987080441902814743e-01,-5.080595188279148078e-02,-9.988608042711133190e-04,9.700705203992601611e+00,5.080805852332583028e-02,9.987059894807460703e-01,2.210828888483637976e-03,3.768437647220355124e-01,8.852450017537309484e-04,-2.258722773456930781e-03,9.999970572520299195e-01,1.185968118300861907e-01,0.000000000000000000e+00,0.000000000000000000e+00,0.000000000000000000e+00,1.000000000000000056e-01
9.985772868657097900e-01,-5.330972724723822415e-02,-1.214552075071724697e-03,1.050317349348113183e+01,5.331011667331837095e-02,9.985779624323228854e-01,2.905250206357232472e-04,4.393913443252200901e-01,1.197337126784483660e-03,-3.548595997009194153e-04,9.999992202289306187e-01,1.271183659115350806e-01,0.000000000000000000e+00,0.000000000000000000e+00,0.000000000000000000e+00,1.000000000000000056e-01
9.984433374277073003e-01,-5.576507161644745497e-02,-1.076444998058746728e-03,1.131010774236315797e+01,5.576489861667349029e-02,9.984439092652677150e-01,-1.900877746353060390e-04,4.967415238659560472e-01,1.085370210336767316e-03,1.297640259279095722e-04,9.999994025662235497e-01,1.503969512389189689e-01,0.000000000000000000e+00,0.000000000000000000e+00,0.000000000000000000e+00,1.000000000000000056e-01
9.982863701805863021e-01,-5.848075376367811024e-02,-2.079555457677055835e-03,1.216418321448798956e+01,5.848133647341372671e-02,9.982884776861091769e-01,2.204618653519489541e-04,5.461392066928533184e-01,2.063103476046339226e-03,-3.416992577609740192e-04,9.999978134204415836e-01,1.549802136877820036e-01,0.000000000000000000e+00,0.000000000000000000e+00,0.000000000000000000e+00,1.000000000000000056e-01
9.981983608951549014e-01,-5.988574944983540010e-02,-3.705309576495318443e-03,1.304150702411616081e+01,5.989872684554734678e-02,9.981983355871593133e-01,3.496477271108576999e-03,6.073478084746551930e-01,3.489244690278137020e-03,-3.712121207128429509e-03,9.999870225796108070e-01,1.697972551452202883e-01,0.000000000000000000e+00,0.000000000000000000e+00,0.000000000000000000e+00,1.000000000000000056e-01
9.983671461680405645e-01,-5.697114269061775288e-02,-4.162974033972684750e-03,1.392821342020932818e+01,5.700060123407203055e-02,9.983471762588574938e-01,7.338059342915154680e-03,6.694882772469880061e-01,3.738035745758135162e-03,-7.563369387456203748e-03,9.999644106328345883e-01,1.876533095773067761e-01,0.000000000000000000e+00,0.000000000000000000e+00,0.000000000000000000e+00,1.000000000000000056e-01
9.975292676277766057e-01,-7.011441281070868170e-02,-4.396514778902666128e-03,1.488594373278051464e+01,7.013610829575975258e-02,9.975249427650466627e-01,4.991480212899145757e-03,7.611231223113682498e-01,4.035658449006870006e-03,-5.287502037808849281e-03,9.999778776468423169e-01,1.916699021107729217e-01,0.000000000000000000e+00,0.000000000000000000e+00,0.000000000000000000e+00,1.000000000000000056e-01
9.972748353597484794e-01,-7.370507927379968405e-02,-3.234817990151202857e-03,1.582627736646048433e+01,7.370850027013645112e-02,9.972793751719136734e-01,9.512332231273452725e-04,8.416855782946495168e-01,3.155906543894383947e-03,-1.187074538683948344e-03,9.999943155378063775e-01,1.891773736592975708e-01,0.000000000000000000e+00,0.000000000000000000e+00,0.000000000000000000e+00,1.000000000000000056e-01
9.970699976223782457e-01,-7.648075260408623843e-02,-1.454070982878786188e-03,1.673085375137140574e+01,7.648387131943573669e-02,9.970683337338371865e-01,2.226048791341448101e-03,9.258095647807706996e-01,1.279558245134463593e-03,-2.330739441033941647e-03,9.999964651859302167e-01,2.049246035543557110e-01,0.000000000000000000e+00,0.000000000000000000e+00,0.000000000000000000e+00,1.000000000000000056e-01
9.970267119337723472e-01,-7.704843051664679587e-02,-1.129179105355858489e-03,1.760297847770904767e+01,7.705032476678176645e-02,9.970256816653274567e-01,1.742857745966883967e-03,1.001471458406496984e+00,9.915361132991401451e-04,-1.824679344617201370e-03,9.999978436983878449e-01,2.214567582324426798e-01,0.000000000000000000e+00,0.000000000000000000e+00,0.000000000000000000e+00,1.000000000000000056e-01
9.969721422866515415e-01,-7.773638613318041568e-02,-1.897834375735924731e-03,1.850193518451672148e+01,7.773809040186745178e-02,9.969734608038827162e-01,8.412808091989425760e-04,1.074928694315404609e+00,1.826692375779697709e-03,-9.862675508804485524e-04,9.999978452333196932e-01,2.243028603783117636e-01,0.000000000000000000e+00,0.000000000000000000e+00,0.000000000000000000e+00,1.000000000000000056e-01
9.968039374380274209e-01,-7.988572298695685581e-02,-4.261113660662421113e-04,1.941986355988269608e+01,7.988573021495874726e-02,9.968040279352905486e-01,-5.758714351217428793e-08,1.150912418051216690e+00,4.247541264344334585e-04,-3.398281453969659782e-05,9.999999092145460677e-01,2.343073323315944534e-01,0.000000000000000000e+00,0.000000000000000000e+00,0.000000000000000000e+00,1.000000000000000056e-01
9.966388386083419038e-01,-8.191416783415271519e-02,1.046176588231170160e-03,2.034524208393819933e+01,8.191650418344732787e-02,9.966362341148273796e-01,-2.429648488620693349e-03,1.214394169361126874e+00,-8.436348610389408920e-04,2.507181176791904286e-03,9.999965011552630623e-01,2.503377370771904253e-01,0.000000000000000000e+00,0.000000000000000000e+00,0.000000000000000000e+00,1.000000000000000056e-01
9.966634136613747863e-01,-8.152036137030536922e-02,4.058392651051504450e-03,2.127860878025070335e+01,8.152724462341508216e-02,9.966698921742380701e-01,-1.560261999300460809e-03,1.304013995378011881e+00,-3.917684643908895224e-03,1.885925620869065029e-03,9.999905474711165976e-01,2.526712207495174778e-01,0.000000000000000000e+00,0.000000000000000000e+00,0.000000000000000000e+00,1.000000000000000056e-01
9.967822606071657932e-01,-7.981139231175669868e-02,7.434150666147917690e-03,2.224177216796620016e+01,7.982585994913961314e-02,9.968074258709405111e-01,-1.669674198691077378e-03,1.394172497616964268e+00,-7.277157566555091280e-03,2.257739092165477000e-03,9.999709723746701417e-01,2.643551105323614925e-01,0.000000000000000000e+00,0.000000000000000000e+00,0.000000000000000000e+00,1.000000000000000056e-01
9.969412738985954370e-01,-7.753673931145692311e-02,9.805633808833922813e-03,2.321439105843655781e+01,7.754854309008714364e-02,9.969882329312726998e-01,-8.287708870073992205e-04,1.471350971930928564e+00,-9.711841331625661530e-03,1.586648519813198092e-03,9.999515801699719875e-01,2.670750806618298889e-01,0.000000000000000000e+00,0.000000000000000000e+00,0.000000000000000000e+00,1.000000000000000056e-01
9.970950990301301609e-01,-7.544882546073675145e-02,1.043255609571283951e-02,2.413417395418462519e+01,7.547184855386415703e-02,9.971462527481459448e-01,-1.830493428878561231e-03,1.556995360682291940e+00,-1.026467563820240153e-02,2.612540320427003508e-03,9.999439039601755175e-01,2.645434294785385387e-01,0.000000000000000000e+00,0.000000000000000000e+00,0.000000000000000000e+00,1.000000000000000056e-01
9.971776696048584299e-01,-7.462063825205300649e-02,8.273789233483392486e-03,2.507454125906799902e+01,7.464156219523526703e-02,9.972078911195616513e-01,-2.249240300927033299e-03,1.633286356898881797e+00,-8.082848166252293298e-03,2.860460755321067843e-03,9.999632419893186297e-01,2.714876127943984807e-01,0.000000000000000000e+00,0.000000000000000000e+00,0.000000000000000000e+00,1.000000000000000056e-01
9.973973766579287137e-01,-7.192216826390154805e-02,5.067025567414627611e-03,2.600546859245472575e+01,7.194251916205476882e-02,9.974009370032902444e-01,-3.955351005403422680e-03,1.707951561279352770e+00,-4.769378628205560820e-03,4.309591300529022444e-03,9.999793400117440445e-01,2.726934622655859952e-01,0.000000000000000000e+00,0.000000000000000000e+00,0.000000000000000000e+00,1.000000000000000056e-01
9.974652794896831098e-01,-7.109116893696930395e-02,3.010300939061932857e-03,2.695864797784998856e+01,7.110328782874596187e-02,9.974604050437044789e-01,-4.130717854252892278e-03,1.778802615953004151e+00,-2.708998433172511537e-03,4.334289933106649957e-03,9.999869375438185104e-01,2.800951298859812866e-01,0.000000000000000000e+00,0.000000000000000000e+00,0.000000000000000000e+00,1.000000000000000056e-01
9.973803261378771934e-01,-7.218773563854630204e-02,4.627726923777449909e-03,2.792729784152186312e+01,7.221320642639961207e-02,9.973735213931345100e-01,-5.595680608905059632e-03,1.849707041177352407e+00,-4.211632785500354741e-03,5.915204750304871480e-03,9.999736359034882005e-01,2.877046689052148443e-01,0.000000000000000000e+00,0.000000000000000000e+00,0.000000000000000000e+00,1.000000000000000056e-01
9.975240478060777294e-01,-6.987380398036155404e-02,7.964016944473923526e-03,2.892193755526344745e+01,6.994881758475299249e-02,9.975047206145755130e-01,-9.565315997533317682e-03,1.919361078870217563e+00,-7.275779482145347532e-03,1.009870630089455476e-02,9.999225365816971633e-01,2.930983422648399950e-01,0.000000000000000000e+00,0.000000000000000000e+00,0.000000000000000000e+00,1.000000000000000056e-01
9.973764813315791899e-01,-7.134432624676266543e-02,1.225322810664500328e-02,2.986653656642077692e+01,7.149077319265594033e-02,9.973695454776732028e-01,-1.196073166557489083e-02,1.973104417912543207e+00,-1.136766620526001581e-02,1.280534521421231899e-02,9.998533889020883025e-01,2.988410461650102268e-01,0.000000000000000000e+00,0.000000000000000000e+00,0.000000000000000000e+00,1.000000000000000056e-01
9.974138467112708684e-01,-7.081650371007086608e-02,1.227359730914328109e-02,3.077263501856366545e+01,7.105033644451544395e-02,9.972762705994643317e-01,-1.979620646349080498e-02,2.019238409476403540e+00,-1.083826922283490785e-02,2.061705365724001565e-02,9.997286977069067548e-01,3.134833447276610396e-01,0.000000000000000000e+00,0.000000000000000000e+00,0.000000000000000000e+00,1.000000000000000056e-01
9.973912974968488498e-01,-7.157144563788320202e-02,9.387643306808388793e-03,3.171194910272028267e+01,7.176464224128334402e-02,9.971750687072794550e-01,-2.217472598733048403e-02,2.083817176861709974e+00,-7.774046663928908113e-03,2.279057958754252336e-02,9.997100348003569170e-01,3.094722698541808037e-01,0.000000000000000000e+00,0.000000000000000000e+00,0.000000000000000000e+00,1.000000000000000056e-01
9.974380025642062275e-01,-7.117708062491116816e-02,7.159206271744445078e-03,3.269092511433804304e+01,7.132519420962525614e-02,9.971842360022118434e-01,-2.315850037555026303e-02,2.166030634371851615e+00,-5.490693188089150641e-03,2.360980013469021754e-02,9.997061716454060942e-01,3.083317108209279733e-01,0.000000000000000000e+00,0.000000000000000000e+00,0.000000000000000000e+00,1.000000000000000056e-01
9.973983650333946294e-01,-7.184656673572825669e-02,5.879819469999427069e-03,3.365759753186910785e+01,7.196376167376308808e-02,9.971416343813817029e-01,-2.301690659034703879e-02,2.244612609863369190e+00,-4.209327080789305488e-03,2.338015892836229487e-02,9.997177850443651481e-01,3.068076475554250560e-01,0.000000000000000000e+00,0.000000000000000000e+00,0.000000000000000000e+00,1.000000000000000056e-01
9.975090494744719427e-01,-7.013203227474076873e-02,7.562689042282821385e-03,3.461265777304929969e+01,7.029496903418266940e-02,9.972372013115068379e-01,-2.401211462734074639e-02,2.301276864254331311e+00,-5.857776456885884463e-03,2.448392062983315368e-02,9.996830618178809136e-01,3.193673996363189937e-01,0.000000000000000000e+00,0.000000000000000000e+00,0.000000000000000000e+00,1.000000000000000056e-01
9.973402937908463217e-01,-7.222814986758135936e-02,9.768968619800639033e-03,3.559077077662322353e+01,7.243090024370105184e-02,9.971241615863518648e-01,-2.229733326211663993e-02,2.388314381001799269e+00,-8.130379516078525479e-03,2.294560409797644432e-02,9.997036541803293597e-01,3.149458757103164031e-01,0.000000000000000000e+00,0.000000000000000000e+00,0.000000000000000000e+00,1.000000000000000056e-01
9.973421212868784913e-01,-7.196300502241922969e-02,1.140258808922762004e-02,3.657198096439414314e+01,7.218845486824701507e-02,9.971745889231626858e-01,-2.077657791014906469e-02,2.466273219818858831e+00,-9.875226110038961419e-03,2.154449150165058807e-02,9.997191179502424863e-01,3.238949363035493190e-01,0.000000000000000000e+00,0.000000000000000000e+00,0.000000000000000000e+00,1.000000000000000056e-01
9.973905529275127746e-01,-7.107654584980509227e-02,1.265739155635866448e-02,3.757160210708124026e+01,7.132026760966407586e-02,9.972534374770382071e-01,-1.997500609053859746e-02,2.543934569255879463e+00,-1.120287280282721357e-02,2.082561092241252618e-02,9.997203556848645034e-01,3.196125830842950766e-01,0.000000000000000000e+00,0.000000000000000000e+00,0.000000000000000000e+00,1.000000000000000056e-01
9.972870485338797275e-01,-7.194919033372017270e-02,1.555174706922298616e-02,3.856318702356792016e+01,7.224454466535366881e-02,9.971993045121193555e-01,-1.934613260166573659e-02,2.612493695730223386e+00,-1.411625278459891289e-02,2.041717636862705118e-02,9.996918876916295327e-01,3.365958223067917476e-01,0.000000000000000000e+00,0.000000000000000000e+00,0.000000000000000000e+00,1.000000000000000056e-01
9.974477131564669641e-01,-6.939941346192088356e-02,1.678633164439892467e-02,3.957615968259464978e+01,6.970117413153786856e-02,9.974034492745742497e-01,-1.811368819061746557e-02,2.692125448176503788e+00,-1.548566574672944653e-02,1.923748388753668617e-02,9.996950101756322260e-01,3.330084245655128838e-01,0.000000000000000000e+00,0.000000000000000000e+00,0.000000000000000000e+00,1.000000000000000056e-01
9.974091674924221440e-01,-7.024190750209349798e-02,1.552504533136011416e-02,4.058576952112652947e+01,7.055195441015446600e-02,9.972991401365067787e-01,-2.041682668515792248e-02,2.773838687929513380e+00,-1.404899750804059280e-02,2.145925239731413109e-02,9.996710089602316440e-01,3.463594672131255492e-01,0.000000000000000000e+00,0.000000000000000000e+00,0.000000000000000000e+00,1.000000000000000056e-01
9.974624074415405772e-01,-6.992244732812956387e-02,1.340138427816260809e-02,4.159356691912234538e+01,7.014662433402964192e-02,9.973908172973193764e-01,-1.705897609840005200e-02,2.846644390281269477e+00,-1.217361226039985304e-02,1.795574923611405541e-02,9.997646694267122713e-01,3.617703108467614226e-01,0.000000000000000000e+00,0.000000000000000000e+00,0.000000000000000000e+00,1.000000000000000056e-01
9.975974805151308633e-01,-6.838168720806221679e-02,1.110007767728579502e-02,4.262632795540474717e+01,6.854314060016795940e-02,9.975371496015835726e-01,-1.488197034715369946e-02,2.920038054130444483e+00,-1.005508560523711743e-02,1.560705030832840526e-02,9.998276427635638397e-01,3.702241614676345938e-01,0.000000000000000000e+00,0.000000000000000000e+00,0.000000000000000000e+00,1.000000000000000056e-01
9.975805860121194080e-01,-6.862800630011342551e-02,1.109825044716740775e-02,4.367523870398563446e+01,6.882378324977483919e-02,9.974602022161189741e-01,-1.834207878532746402e-02,2.989614319419025890e+00,-9.811282836840105187e-03,1.906152528657499914e-02,9.997701720809861747e-01,3.792049222875119585e-01,0.000000000000000000e+00,0.000000000000000000e+00,0.000000000000000000e+00,1.000000000000000056e-01
9.975851095357776144e-01,-6.828390069498944948e-02,1.269874554306041695e-02,4.468837463501431273e+01,6.853309413757709134e-02,9.974412836554480410e-01,-2.034946357283353921e-02,3.075061118644525138e+00,-1.127671230548041303e-02,2.117060617103115952e-02,9.997122792053374507e-01,3.875609579627345980e-01,0.000000000000000000e+00,0.000000000000000000e+00,0.000000000000000000e+00,1.000000000000000056e-01
9.975788338103370734e-01,-6.826536785270334584e-02,1.327817327583055880e-02,4.567512954235719747e+01,6.853319831569371079e-02,9.974301831042684530e-01,-2.088613322775066672e-02,3.140015543090697747e+00,-1.181825123398890821e-02,2.174556011052947851e-02,9.996936828615301529e-01,3.892180111867877268e-01,0.000000000000000000e+00,0.000000000000000000e+00,0.000000000000000000e+00,1.000000000000000056e-01
9.970143006430687294e-01,-7.641496449496849863e-02,1.110123932024519207e-02,4.659096452744492467e+01,7.659201580033185575e-02,9.969258115619624716e-01,-1.651028034783982509e-02,3.196326974150420774e+00,-9.805479532096849846e-03,1.731125191184200787e-02,9.998020669754540402e-01,4.017802427779418872e-01,0.000000000000000000e+00,0.000000000000000000e+00,0.000000000000000000e+00,1.000000000000000056e-01
9.970434910556961183e-01,-7.647689333838993131e-02,7.453974025884514513e-03,4.754826831129652476e+01,7.658864060061494616e-02,9.969331064243283080e-01,-1.607984595972998532e-02,3.271857628046230371e+00,-6.201376816471295718e-03,1.660319548904180126e-02,9.998429260764576387e-01,3.974817544048428464e-01,0.000000000000000000e+00,0.000000000000000000e+00,0.000000000000000000e+00,1.000000000000000056e-01
9.971379586676722973e-01,-7.526295844012520497e-02,7.167877712917204887e-03,4.849497206317113296e+01,7.536848637568258069e-02,9.970304181126560250e-01,-1.580938390769675433e-02,3.363140009281910370e+00,-5.956731109081263818e-03,1.630436889126284788e-02,9.998493311042178089e-01,4.086680509996614696e-01,0.000000000000000000e+00,0.000000000000000000e+00,0.000000000000000000e+00,1.000000000000000056e-01
9.972539057484444136e-01,-7.348961697084582800e-02,9.160986134203517525e-03,4.946609652369460264e+01,7.363071194970124966e-02,9.971547173509313078e-01,-1.615512062983002692e-02,3.450274425714253024e+00,-7.947686912103490639e-03,1.678528707715800858e-02,9.998275293321766677e-01,4.143861955290695787e-01,0.000000000000000000e+00,0.000000000000000000e+00,0.000000000000000000e+00,1.000000000000000056e-01
9.972544356330250714e-01,-7.307777269208617921e-02,1.196786316016162574e-02,5.046504800011354774e+01,7.327613124235943243e-02,9.971655712749224465e-01,-1.707138114243161864e-02,3.540155070940614657e+00,-1.068640259437608070e-02,1.790146927828651507e-02,9.997826454771404636e-01,4.303693107599411705e-01,0.000000000000000000e+00,0.000000000000000000e+00,0.000000000000000000e+00,1.000000000000000056e-01
9.973584381200776283e-01,-7.155725437200900763e-02,1.247819127193040660e-02,5.140110385556018002e+01,7.179726694718548130e-02,9.972190471432755832e-01,-1.998310470302503208e-02,3.611913859735409460e+00,-1.101355390388912732e-02,2.082621812516785229e-02,9.997224466165641754e-01,4.405728037402368291e-01,0.000000000000000000e+00,0.000000000000000000e+00,0.000000000000000000e+00,1.000000000000000056e-01
9.974139270536337420e-01,-7.089482294576078536e-02,1.180602384114974937e-02,5.233903294952659024e+01,7.115629897935764336e-02,9.971898143918666024e-01,-2.343619398867817505e-02,3.681792907623166133e+00,-1.011134189951222798e-02,2.421565924363654199e-02,9.996556220080929922e-01,4.442926214223947290e-01,0.000000000000000000e+00,0.000000000000000000e+00,0.000000000000000000e+00,1.000000000000000056e-01
9.974226052841743684e-01,-7.087843554318595807e-02,1.115319878243958493e-02,5.332327731953499494e+01,7.115058981699559637e-02,9.971197752045134477e-01,-2.626304370773020064e-02,3.759246348429071460e+00,-9.259591612151181483e-03,2.698891014937317145e-02,9.995928464590596585e-01,4.584645886366742196e-01,0.000000000000000000e+00,0.000000000000000000e+00,0.000000000000000000e+00,1.000000000000000056e-01
9.973314081002412346e-01,-7.180767966620819898e-02,1.318027153534427447e-02,5.428777240663539061e+01,7.217082971296222282e-02,9.969550562158079332e-01,-2.952942979940278295e-02,3.837994238867896257e+00,-1.101969851369746616e-02,3.040185893478353218e-02,9.994770098496397193e-01,4.495056383833929137e-01,0.000000000000000000e+00,0.000000000000000000e+00,0.000000000000000000e+00,1.000000000000000056e-01
9.971812833885301819e-01,-7.301101992567129995e-02,1.728811814562629390e-02,5.524348418671530681e+01,7.353450877196598956e-02,9.967831087024895398e-01,-3.187648388807168276e-02,3.922132542349366258e+00,-1.490516954850095582e-02,3.305790638885146293e-02,9.993422890811317627e-01,4.563533652947013852e-01,0.000000000000000000e+00,0.000000000000000000e+00,0.000000000000000000e+00,1.000000000000000056e-01
9.970342754845642474e-01,-7.385548714378011026e-02,2.163378209479519670e-02,5.620129897604746105e+01,7.449003970273325448e-02,9.967655096326145658e-01,-3.016210854564705876e-02,3.990303661672280455e+00,-1.933617061507712787e-02,3.168415732805757168e-02,9.993108758941611214e-01,4.746542438799252750e-01,0.000000000000000000e+00,0.000000000000000000e+00,0.000000000000000000e+00,1.000000000000000056e-01
9.969051794285727075e-01,-7.504241896757543606e-02,2.342431608350924524e-02,5.716785722220019750e+01,7.566541047892458294e-02,9.967690053960401864e-01,-2.694987085024209625e-02,4.064415829404894431e+00,-2.132624874517606225e-02,2.863887632718426293e-02,9.993622996076924059e-01,4.629724059435695871e-01,0.000000000000000000e+00,0.000000000000000000e+00,0.000000000000000000e+00,1.000000000000000056e-01
9.967361384734695351e-01,-7.856466786574649308e-02,1.856510770616593906e-02,5.806612944777955221e+01,7.906701916187618140e-02,9.964737109191592612e-01,-2.808113117121924240e-02,4.143880305414468168e+00,-1.629345702581575309e-02,2.945736597431376086e-02,9.994332328114786668e-01,4.664393726573329846e-01,0.000000000000000000e+00,0.000000000000000000e+00,0.000000000000000000e+00,1.000000000000000056e-01
9.964723629679880235e-01,-8.295324030381294456e-02,1.271179625750314818e-02,5.898439183470721758e+01,8.327738230838761802e-02,9.961457686933816724e-01,-2.754060838351944304e-02,4.227326747861681611e+00,-1.037821934905283280e-02,2.850206023026402233e-02,9.995398566969569965e-01,4.648081846556620933e-01,0.000000000000000000e+00,0.000000000000000000e+00,0.000000000000000000e+00,1.000000000000000056e-01
9.965314050504120447e-01,-8.284340298841789962e-02,7.882216030423432052e-03,5.993800783695107270e+01,8.304258583689318185e-02,9.961041336960783088e-01,-2.967294678840778910e-02,4.307909356383892607e+00,-5.393300081944327369e-03,3.022458295632949460e-02,9.995285823323623031e-01,4.748060273776813500e-01,0.000000000000000000e+00,0.000000000000000000e+00,0.000000000000000000e+00,1.000000000000000056e-01
9.963976489158590244e-01,-8.440934277114560402e-02,8.172397927884038349e-03,6.084987047121805404e+01,8.460030980742870577e-02,9.960534650486302377e-01,-2.683807640469450598e-02,4.395986285258971726e+00,-5.874760883263089109e-03,2.743278362763037700e-02,9.996063873180303094e-01,4.774833509009165922e-01,0.000000000000000000e+00,0.000000000000000000e+00,0.000000000000000000e+00,1.000000000000000056e-01
9.963380570943626280e-01,-8.484418710804848829e-02,1.058016537701653159e-02,6.177903280402114206e+01,8.509504929221418934e-02,9.960313771593908294e-01,-2.608310372488129025e-02,4.490708596574837230e+00,-8.325176958251415821e-03,2.688790858251595417e-02,9.996037874081270536e-01,4.981172088168264178e-01,0.000000000000000000e+00,0.000000000000000000e+00,0.000000000000000000e+00,1.000000000000000056e-01
9.961696691331231035e-01,-8.687282593648334994e-02,9.955019488351387821e-03,6.267433115607493477e+01,8.710177777431954427e-02,9.958730174854047990e-01,-2.549928142257585836e-02,4.575949572678555732e+00,-7.698740660461671388e-03,2.626871063307318829e-02,9.996252719063873915e-01,5.131400894723469053e-01,0.000000000000000000e+00,0.000000000000000000e+00,0.000000000000000000e+00,1.000000000000000056e-01
9.959731519122576593e-01,-8.910538466038654681e-02,9.884892234492058741e-03,6.348858404267092936e+01,8.931651928799978768e-02,9.957259905320399174e-01,-2.350130126746992690e-02,4.656018317102055271e+00,-7.748551622034536082e-03,2.428954926532336453e-02,9.996749360388346162e-01,5.217331304123029589e-01,0.000000000000000000e+00,0.000000000000000000e+00,0.000000000000000000e+00,1.000000000000000056e-01
9.958109830432059217e-01,-9.084542821125023149e-02,1.037276354875706769e-02,6.430881825539336205e+01,9.105977434248212210e-02,9.955911445083992506e-01,-2.250312140908221695e-02,4.737482605303283023e+00,-8.282725832724227577e-03,2.335339695997651691e-02,9.996929605149821318e-01,5.309894332694505836e-01,0.000000000000000000e+00,0.000000000000000000e+00,0.000000000000000000e+00,1.000000000000000056e-01
9.957461201709779663e-01,-9.164793520655845072e-02,9.503690694602691738e-03,6.510410570477098702e+01,9.185009091340176623e-02,9.954925188034371430e-01,-2.362637944307716814e-02,4.815090825080662995e+00,-7.295544095134119493e-03,2.439879051844354857e-02,9.996756844385048524e-01,5.341067966325719896e-01,0.000000000000000000e+00,0.000000000000000000e+00,0.000000000000000000e+00,1.000000000000000056e-01
9.957509852934151029e-01,-9.159055252192094265e-02,9.547040165529818712e-03,6.590690168178576869e+01,9.180818727891129627e-02,9.954472488374712658e-01,-2.561311247134701041e-02,4.892820955574616271e+00,-7.157655744260717906e-03,2.638077843125109095e-02,9.996263414364429112e-01,5.431119123297485363e-01,0.000000000000000000e+00,0.000000000000000000e+00,0.000000000000000000e+00,1.000000000000000056e-01
9.956207943325480203e-01,-9.283830724131077183e-02,1.096734248549316275e-02,6.666331118159300217e+01,9.309551790185215114e-02,9.953204657890947216e-01,-2.589198578644508544e-02,4.967135875111741150e+00,-8.512252299599941743e-03,2.679960988424147025e-02,9.996045830581412606e-01,5.555347300214935613e-01,0.000000000000000000e+00,0.000000000000000000e+00,0.000000000000000000e+00,1.000000000000000056e-01
9.953136622699448877e-01,-9.572510136473269537e-02,1.369009377257029980e-02,6.745994040583741480e+01,9.604060039460668441e-02,9.950728513023241462e-01,-2.462160995763944607e-02,5.059035233064918202e+00,-1.126573453590977089e-02,2.582102960329637695e-02,9.996031000630161145e-01,5.636065825834543075e-01,0.000000000000000000e+00,0.000000000000000000e+00,0.000000000000000000e+00,1.000000000000000056e-01
9.952077776647659801e-01,-9.638220308264160152e-02,1.649091278535234212e-02,6.820129527997714547e+01,9.675210320283549048e-02,9.950349749138550637e-01,-2.333300717892265730e-02,5.137771440319169436e+00,-1.416014835323198273e-02,2.481672071648902134e-02,9.995917269423022500e-01,5.711131024324523908e-01,0.000000000000000000e+00,0.000000000000000000e+00,0.000000000000000000e+00,1.000000000000000056e-01
9.949789887948039535e-01,-9.846781565510019651e-02,1.791371365693335965e-02,6.892885308590345517e+01,9.883372469945732319e-02,9.948858034709516796e-01,-2.083585644965916736e-02,5.211292383989324151e+00,-1.577043813282553303e-02,2.250171842486983417e-02,9.996224116880466637e-01,5.769415752612895298e-01,0.000000000000000000e+00,0.000000000000000000e+00,0.000000000000000000e+00,1.000000000000000056e-01
9.950954501596483981e-01,-9.778514145601004126e-02,1.493690670770972742e-02,6.959659448279015237e+01,9.806808047209987500e-02,9.949875498380874594e-01,-1.955574748551109493e-02,5.291941872166820993e+00,-1.294977467311548072e-02,2.092466911631900295e-02,9.996971849306609537e-01,5.895368633651103529e-01,0.000000000000000000e+00,0.000000000000000000e+00,0.000000000000000000e+00,1.000000000000000056e-01
9.950831413186035368e-01,-9.859874594297361738e-02,9.371721398599035247e-03,7.028738158179109519e+01,9.876219436291873432e-02,9.949303859211405809e-01,-1.896196549494093275e-02,5.366654596558245061e+00,-7.454584369438437517e-03,1.979430396056435643e-02,9.997762823264991772e-01,5.916911376253203292e-01,0.000000000000000000e+00,0.000000000000000000e+00,0.000000000000000000e+00,1.000000000000000056e-01
9.952327614273484002e-01,-9.748095454159995399e-02,3.035470861863775842e-03,7.101756334188262088e+01,9.752393477265434985e-02,9.949982735217657304e-01,-2.162216074227010440e-02,5.428683950674997760e+00,-9.125393984716842228e-04,2.181511380589217300e-02,9.997616056248020966e-01,6.095677476677828777e-01,0.000000000000000000e+00,0.000000000000000000e+00,0.000000000000000000e+00,1.000000000000000056e-01
9.951001615502577113e-01,-9.887180405193546351e-02,1.866712799949829440e-04,7.171548551587326870e+01,9.885585778517266831e-02,9.949020287815354413e-01,-1.993671256608183298e-02,5.504273720468746411e+00,1.785459103091147472e-03,1.985747944479684599e-02,9.998012265675065846e-01,6.097592568417451453e-01,0.000000000000000000e+00,0.000000000000000000e+00,0.000000000000000000e+00,1.000000000000000056e-01
9.950633710759245742e-01,-9.920027655782548415e-02,2.862284728639982213e-03,7.237428503019393133e+01,9.923704837008370805e-02,9.948792442228914235e-01,-1.916501096483124930e-02,5.578356672792163629e+00,-9.464532796350522961e-04,1.935444510543703547e-02,9.998122372129929492e-01,6.218016894981470699e-01,0.000000000000000000e+00,0.000000000000000000e+00,0.000000000000000000e+00,1.000000000000000056e-01
9.949384838401086339e-01,-1.002879301952888796e-01,6.304318447766558801e-03,7.297744777396663096e+01,1.003975237542962945e-01,9.947357615873921866e-01,-2.052076614447784220e-02,5.644632717578360825e+00,-4.213145849777273459e-03,2.104983791613850713e-02,9.997695503093464442e-01,6.371803716189973210e-01,0.000000000000000000e+00,0.000000000000000000e+00,0.000000000000000000e+00,1.000000000000000056e-01
9.949209443681029663e-01,-1.005986149722587208e-01,3.497588218377097914e-03,7.356692801581739616e+01,1.006513326074721104e-01,9.946803459557705951e-01,-2.191617242240313443e-02,5.696764789178711652e+00,-1.274245667879192077e-03,2.215689587852335066e-02,9.997536937981305050e-01,6.567911575298982507e-01,0.000000000000000000e+00,0.000000000000000000e+00,0.000000000000000000e+00,1.000000000000000056e-01
9.949053944174383046e-01,-1.008129440801236731e-01,8.040509506208166034e-05,7.420685258697297115e+01,1.007723760856136519e-01,9.944817702520911684e-01,-2.917082196864833124e-02,5.747642957938568387e+00,2.860835042621960589e-03,2.903031074867773800e-02,9.995744377887492149e-01,6.729076245638292431e-01,0.000000000000000000e+00,0.000000000000000000e+00,0.000000000000000000e+00,1.000000000000000056e-01
9.950413930120275419e-01,-9.941815340764738329e-02,-2.942272199716426239e-03,7.483009033104006846e+01,9.926790987919166531e-02,9.945138657934949888e-01,-3.298564555522372904e-02,5.817317868016566251e+00,6.205502469616226008e-03,3.253000949110931156e-02,9.994514946817618650e-01,6.989952689972001032e-01,0.000000000000000000e+00,0.000000000000000000e+00,0.000000000000000000e+00,1.000000000000000056e-01
9.954657092362804161e-01,-9.509129479396093154e-02,-2.380627882969954708e-03,7.543543373534218688e+01,9.497574124970074860e-02,9.950162912974704899e-01,-3.036755878725237723e-02,5.870277441847702171e+00,5.256454011883667475e-03,3.000376154810185242e-02,9.995359643275401051e-01,7.117540957781605115e-01,0.000000000000000000e+00,0.000000000000000000e+00,0.000000000000000000e+00,1.000000000000000056e-01
9.959310313350471233e-01,-9.011869969491916044e-02,-2.809281746399489368e-05,7.600018881761086220e+01,9.008847408313989946e-02,9.956049751902299461e-01,-2.558906434070987515e-02,5.948462314741871815e+00,2.334022553628661411e-03,2.548241240068403399e-02,9.996725458853816804e-01,7.152280815337909159e-01,0.000000000000000000e+00,0.000000000000000000e+00,0.000000000000000000e+00,1.000000000000000056e-01
9.965265820106684602e-01,-8.323225245963021546e-02,2.676470928453698710e-03,7.655864227237826469e+01,8.327418809409777023e-02,9.961629306813564178e-01,-2.692257665231759939e-02,5.987324229114652674e+00,-4.253744271824435631e-04,2.705194423377871998e-02,9.996339386844412811e-01,7.291910046593024219e-01,0.000000000000000000e+00,0.000000000000000000e+00,0.000000000000000000e+00,1.000000000000000056e-01
9.970768469817832269e-01,-7.608616101558834943e-02,6.975479537317213000e-03,7.713556253615827529e+01,7.627005415905022123e-02,9.965845808784077331e-01,-3.165520484823976244e-02,6.015547679479886334e+00,-4.543132338058581202e-03,3.209469204274188747e-02,9.994745072743178582e-01,7.413899297088999418e-01,0.000000000000000000e+00,0.000000000000000000e+00,0.000000000000000000e+00,1.000000000000000056e-01
9.977471757644589267e-01,-6.643798675631276685e-02,9.304147989683281966e-03,7.768351411967555009e+01,6.672618768752192064e-02,9.971517190119453256e-01,-3.515771818835915913e-02,6.036066914109786907e+00,-6.941839146473837395e-03,3.569934435379019250e-02,9.993384650267265190e-01,7.560956006583708922e-01,0.000000000000000000e+00,0.000000000000000000e+00,0.000000000000000000e+00,1.000000000000000056e-01
9.983792431965519132e-01,-5.621790296039184953e-02,8.856305156007316520e-03,7.817991325612241837e+01,5.648263797608465975e-02,9.978516690658040256e-01,-3.319274242740063302e-02,6.074291992125559148e+00,-6.971252508905095846e-03,3.363917254221881342e-02,9.994097296450199508e-01,7.640063509263417263e-01,0.000000000000000000e+00,0.000000000000000000e+00,0.000000000000000000e+00,1.000000000000000056e-01
9.991494976119641436e-01,-4.043008528596214041e-02,8.104913665770041575e-03,7.867177165544445927e+01,4.064380937193538129e-02,9.987752750581629924e-01,-2.821401588268774088e-02,6.115130202968430240e+00,-6.954292307455582633e-03,2.851943436081098501e-02,9.995690469808685696e-01,7.611354117446696987e-01,0.000000000000000000e+00,0.000000000000000000e+00,0.000000000000000000e+00,1.000000000000000056e-01
9.996682636519697018e-01,-2.425493225464090893e-02,8.663769871063951855e-03,7.915179652508798824e+01,2.444415794989525728e-02,9.994491511875096545e-01,-2.244721213618669151e-02,6.131030252982680118e+00,-8.114541834050026381e-03,2.265154413917900081e-02,9.997104889711492248e-01,7.650536552535146528e-01,0.000000000000000000e+00,0.000000000000000000e+00,0.000000000000000000e+00,1.000000000000000056e-01
9.999585815839993064e-01,1.630653629417603244e-03,8.954109964542775538e-03,7.964587348366100628e+01,-1.421338594307467677e-03,9.997267327672817450e-01,-2.333322924621334185e-02,6.144088360068129973e+00,-8.989711514647681298e-03,2.331953599874750718e-02,9.996876433805144124e-01,7.684573226384371347e-01,0.000000000000000000e+00,0.000000000000000000e+00,0.000000000000000000e+00,1.000000000000000056e-01
9.995942814310113667e-01,2.619551211669591054e-02,1.118336601225832123e-02,8.014343397289874815e+01,-2.591613325786881403e-02,9.993654299671761443e-01,-2.443545423112603032e-02,6.135908939810819973e+00,-1.181636862070927114e-02,2.413571070975758376e-02,9.996388552378075998e-01,7.833680438547018232e-01,0.000000000000000000e+00,0.000000000000000000e+00,0.000000000000000000e+00,1.000000000000000056e-01
9.985136440759964094e-01,5.292639793817838223e-02,1.301149473980026637e-02,8.062613088807211170e+01,-5.262147013832092768e-02,9.983552197334467637e-01,-2.275601264420198944e-02,6.115332867662680805e+00,-1.419448747070713342e-02,2.203750512809626166e-02,9.996563734069687790e-01,7.873184767510580384e-01,0.000000000000000000e+00,0.000000000000000000e+00,0.000000000000000000e+00,1.000000000000000056e-01
9.964155843505406729e-01,8.344390540864014827e-02,1.389596752746730633e-02,8.111964533221218687e+01,-8.312994212708925412e-02,9.962998507251216163e-01,-2.181788640192268425e-02,6.073733201011942029e+00,-1.566512002243530821e-02,2.058451105210724191e-02,9.996653849761071298e-01,7.855520687725151552e-01,0.000000000000000000e+00,0.000000000000000000e+00,0.000000000000000000e+00,1.000000000000000056e-01
