9.999970979671298776e-01,-2.266258318554652436e-03,-8.173925324523064308e-04,6.462950341156237233e-01,2.265065831692097270e-03,9.999963734844553587e-01,-1.456878414901654909e-03,1.709473852231970653e-02,8.206912309924749510e-04,1.455022739096269039e-03,9.999986046863925671e-01,6.593535966215193118e-03,0.000000000000000000e+00,0.000000000000000000e+00,0.000000000000000000e+00,1.000000000000000056e-01
9.999758325885741428e-01,-6.895167499328114236e-03,-8.893278046771997420e-04,1.299010190145074795e+00,6.894496887758446574e-03,9.999759476999232621e-01,-7.549399346615288811e-04,1.889565352388321989e-02,8.945118515993981650e-04,7.487902219359821162e-04,9.999993195806439195e-01,1.042966139068239421e-02,0.000000000000000000e+00,0.000000000000000000e+00,0.000000000000000000e+00,1.000000000000000056e-01
9.999237823647130208e-01,-1.193569394042502847e-02,-3.157320320553706327e-03,2.001015348367968905e+00,1.193524303299598084e-02,9.999287593891980075e-01,-1.616172105227694047e-04,2.351775327291524484e-02,3.159024404685877117e-03,1.239215070823364154e-04,9.999950025916483076e-01,1.659256005589906241e-02,0.000000000000000000e+00,0.000000000000000000e+00,0.000000000000000000e+00,1.000000000000000056e-01
9.998456350069331311e-01,-1.707046334164976156e-02,-4.159980635057525418e-03,2.705494399290011120e+00,1.706697629469748276e-02,9.998539680424366471e-01,-8.723015248686319780e-04,3.301790575116733684e-02,4.174263736145098110e-03,8.011685811648660118e-04,9.999909667847833861e-01,1.898604149197642005e-02,0.000000000000000000e+00,0.000000000000000000e+00,0.000000000000000000e+00,1.000000000000000056e-01
9.997469107064087535e-01,-2.212820546148272852e-02,-4.056729723105908722e-03,3.417110337909082585e+00,2.212703380136181106e-02,9.997551115982545866e-01,-3.334791071522564382e-04,3.936834204819784910e-02,4.063115571247881419e-03,2.436313114544462846e-04,9.999917158335056566e-01,3.633923889686677816e-02,0.000000000000000000e+00,0.000000000000000000e+00,0.000000000000000000e+00,1.000000000000000056e-01
9.996154266588773707e-01,-2.738481669223813073e-02,-4.366989846921743613e-03,4.159164031893350710e+00,2.739089227527613871e-02,9.996239042595249646e-01,1.337554973966940865e-03,6.777343031383152583e-02,4.328718742863742371e-03,-1.456656334445925131e-03,9.999895701187930808e-01,4.717868641982780886e-02,0.000000000000000000e+00,0.000000000000000000e+00,0.000000000000000000e+00,1.000000000000000056e-01
9.994664993386033203e-01,-3.231804330701793654e-02,-4.718132749642728850e-03,4.927043470945505099e+00,3.233411074887988096e-02,9.994714350359629185e-01,3.369841128628241460e-03,1.001044482040627515e-01,4.606732238442813772e-03,-3.520599943012181921e-03,9.999831915558003992e-01,5.712918690325578114e-02,0.000000000000000000e+00,0.000000000000000000e+00,0.000000000000000000e+00,1.000000000000000056e-01
9.993098167321080583e-01,-3.687847511791741278e-02,-4.457382170942861613e-03,5.697602327916468035e+00,3.689587249288037857e-02,9.993115600958574207e-01,3.885929975249834221e-03,1.416025348262799632e-01,4.311006359286150350e-03,-4.047706975631863366e-03,9.999825154933508209e-01,6.518351966248372986e-02,0.000000000000000000e+00,0.000000000000000000e+00,0.000000000000000000e+00,1.000000000000000056e-01
9.991995486158423700e-01,-3.995575157297150126e-02,-1.949349156978271921e-03,6.491116791340966863e+00,3.996389691142042400e-02,9.991917178674225575e-01,4.335653215193041414e-03,1.838444596535965259e-01,1.774539250111723324e-03,-4.410086324329555961e-03,9.999887010106972562e-01,7.643001029889347209e-02,0.000000000000000000e+00,0.000000000000000000e+00,0.000000000000000000e+00,1.000000000000000056e-01
9.990593619226011413e-01,-4.336268354548131893e-02,-2.627366353503923736e-04,7.288510238230069049e+00,4.336317672899526326e-02,9.990566897938139013e-01,2.316351052211547499e-03,2.203176624225036406e-01,1.620455955434353245e-04,-2.325565299363094567e-03,9.999972827399399300e-01,8.322232511640344221e-02,0.000000000000000000e+00,0.000000000000000000e+00,0.000000000000000000e+00,1.000000000000000056e-01
9.989372664849375250e-01,-4.608799815993554899e-02,4.837904615891482529e-04,8.096948977912445500e+00,4.608653480469567659e-02,9.989338204331168480e-01,2.693270241355132707e-03,2.712212365221175481e-01,-6.074020880121334389e-04,-2.668111786858315838e-03,9.999962561140898210e-01,9.761828173007222609e-02,0.000000000000000000e+00,0.000000000000000000e+00,0.000000000000000000e+00,1.000000000000000056e-01
9.988152962228401543e-01,-4.866179226714315020e-02,-1.844034423364152475e-04,8.927478541661564293e+00,4.866204228386331043e-02,9.988137434156314498e-01,1.763974154182406176e-03,3.059422460334867977e-01,9.834654868332968374e-05,-1.770857815447398655e-03,9.999984271940400848e-01,1.010228910123201207e-01,0.000000000000000000e+00,0.000000000000000000e+00,0.000000000000000000e+00,1.000000000000000056e-01
9.987080152677870748e-01,-5.080651078405344634e-02,-9.993507029633355229e-04,9.700705022876954686e+00,5.080861842485344393e-02,9.987059612589783697e-01,2.210710188518880907e-03,3.768464320954055813e-01,8.857390334044325112e-04,-2.258629613247440087e-03,9.999970570249868684e-01,1.185991813150905905e-01,0.000000000000000000e+00,0.000000000000000000e+00,0.000000000000000000e+00,1.000000000000000056e-01
9.985772540818579346e-01,-5.331032935897633135e-02,-1.215077764601525060e-03,1.050317327170751724e+01,5.331071881877613022e-02,9.985779303231944182e-01,2.903970917403495477e-04,4.393944637325191138e-01,1.197868674751957803e-03,-3.547605995150545418e-04,9.999992196274730683e-01,1.271211382953247315e-01,0.000000000000000000e+00,0.000000000000000000e+00,0.000000000000000000e+00,1.000000000000000056e-01
9.984433008221583750e-01,-5.576571616131217879e-02,-1.077007135064745463e-03,1.131010747230819469e+01,5.576554294026038472e-02,9.984438732523400750e-01,-1.902247172717163465e-04,4.967451300769487599e-01,1.085939193044691085e-03,1.298687069733144418e-04,9.999994019349150998e-01,1.504001583523296437e-01,0.000000000000000000e+00,0.000000000000000000e+00,0.000000000000000000e+00,1.000000000000000056e-01
9.982863287277887743e-01,-5.848144006822534463e-02,-2.080154499015499786e-03,1.216418290847399675e+01,5.848202268132014076e-02,9.982884375191067861e-01,2.203151422657344651e-04,5.461433666060558911e-01,2.063709837831987325e-03,-3.415892371276751330e-04,9.999978122068559072e-01,1.549839111296313632e-01,0.000000000000000000e+00,0.000000000000000000e+00,0.000000000000000000e+00,1.000000000000000056e-01
9.981983149645934361e-01,-5.988647555830439034e-02,-3.705947524030056561e-03,1.304150666559540461e+01,5.989945477414180403e-02,9.981982924562451398e-01,3.496320236621186864e-03,6.073525725817794374e-01,3.489888194024832677e-03,-3.712005204882858934e-03,9.999870207646457398e-01,1.698014902933093484e-01,0.000000000000000000e+00,0.000000000000000000e+00,0.000000000000000000e+00,1.000000000000000056e-01
9.983670996653841723e-01,-5.697190809649432114e-02,-4.163651471170814154e-03,1.392821300340658830e+01,5.700137112565267089e-02,9.983471335259520574e-01,7.337892770443678846e-03,6.694936887047410190e-01,3.738715758704848173e-03,-7.563244565629523471e-03,9.999644090346996306e-01,1.876581211305299590e-01,0.000000000000000000e+00,0.000000000000000000e+00,0.000000000000000000e+00,1.000000000000000056e-01
9.975292077057356099e-01,-7.011522067043604589e-02,-4.397226887861998938e-03,1.488594324091834054e+01,7.013691920709372307e-02,9.975248866298989103e-01,4.991304252895147758e-03,7.611292752363537639e-01,4.036376853675453617e-03,-5.287379723778002846e-03,9.999778753940267162e-01,1.916753754408995480e-01,0.000000000000000000e+00,0.000000000000000000e+00,0.000000000000000000e+00,1.000000000000000056e-01
9.972747699639559205e-01,-7.370593141255138425e-02,-3.235563003111991895e-03,1.582627680912050216e+01,7.370935271584297399e-02,9.972793123432854845e-01,9.510490603432165697e-04,8.416924996824608485e-01,3.156662089975273942e-03,-1.186948487508931614e-03,9.999943133026996112e-01,1.891835301079549392e-01,0.000000000000000000e+00,0.000000000000000000e+00,0.000000000000000000e+00,1.000000000000000056e-01
9.970699280201607007e-01,-7.648164511856052339e-02,-1.454853198837669946e-03,1.673085310860610164e+01,7.648476541014538610e-02,9.970682655768210445e-01,2.225857089935577571e-03,9.258172599798636382e-01,1.280350743596880879e-03,-2.330609274064529730e-03,9.999964644749425036e-01,2.049314518736458091e-01,0.000000000000000000e+00,0.000000000000000000e+00,0.000000000000000000e+00,1.000000000000000056e-01
9.970266388149960912e-01,-7.704936469798029375e-02,-1.129996862408132186e-03,1.760297775237308215e+01,7.705126024040409582e-02,9.970256097216932956e-01,1.742657295993799886e-03,1.001479935637447749e+00,9.923651731834457097e-04,-1.824543428747376879e-03,9.999978431239937571e-01,2.214643048376228607e-01,0.000000000000000000e+00,0.000000000000000000e+00,0.000000000000000000e+00,1.000000000000000056e-01
9.969720645584677632e-01,-7.773736217105475799e-02,-1.898687102365690825e-03,1.850193438605583296e+01,7.773906689786941326e-02,9.969733848394022324e-01,8.410705759463226122e-04,1.074938017507612420e+00,1.827557899222682697e-03,-9.861260322095129812e-04,9.999978437914621709e-01,2.243111587282394792e-01,0.000000000000000000e+00,0.000000000000000000e+00,0.000000000000000000e+00,1.000000000000000056e-01
9.968038554883521529e-01,-7.988674079890752122e-02,-4.269989278944222614e-04,1.941986267651865816e+01,7.988674796449642124e-02,9.968039463703889380e-01,-2.753708581013389149e-07,1.150922641451360029e+00,4.256562149014499934e-04,-3.383706500076733654e-05,9.999999088359157184e-01,2.343164319495148751e-01,0.000000000000000000e+00,0.000000000000000000e+00,0.000000000000000000e+00,1.000000000000000056e-01
9.966387523705272367e-01,-8.191522882256140059e-02,1.045256076945769467e-03,2.034524111953146175e+01,8.191756305100843238e-02,9.966361465337383319e-01,-2.429873693203409100e-03,1.214405337024827558e+00,-8.426963290795246812e-04,2.507331116599865409e-03,9.999965015706648863e-01,2.503476752812047734e-01,0.000000000000000000e+00,0.000000000000000000e+00,0.000000000000000000e+00,1.000000000000000056e-01
9.966633274691555355e-01,-8.152146277031081800e-02,4.057435877462635399e-03,2.127860771642952642e+01,8.152834513014166340e-02,9.966698017912375418e-01,-1.560492792614999588e-03,1.304026156790594859e+00,-3.916710156674838364e-03,1.886081971740493366e-03,9.999905509935304027e-01,2.526820442908801478e-01,0.000000000000000000e+00,0.000000000000000000e+00,0.000000000000000000e+00,1.000000000000000056e-01
9.967821765044437843e-01,-7.981253506180438495e-02,7.433158821933389011e-03,2.224177099134202962e+01,7.982700220370436694e-02,9.968073340019526496e-01,-1.669909904552375080e-03,1.394185721687052348e+00,-7.276147485697375718e-03,2.257903214885005529e-03,9.999709793543203329e-01,2.643668819604675368e-01,0.000000000000000000e+00,0.000000000000000000e+00,0.000000000000000000e+00,1.000000000000000056e-01
9.969411920009789707e-01,-7.753792230036624100e-02,9.804605907913297586e-03,2.321438978859410085e+01,7.754972684917507686e-02,9.969881406536598156e-01,-8.290124104110489604e-04,1.471365310916655122e+00,-9.710795914107873961e-03,1.586821130641280324e-03,9.999515900489452935e-01,2.670878410025973038e-01,0.000000000000000000e+00,0.000000000000000000e+00,0.000000000000000000e+00,1.000000000000000056e-01
9.970950174539451316e-01,-7.545005031328154421e-02,1.043149443943911479e-02,2.413417258318002467e+01,7.547307325399398026e-02,9.971461595948399870e-01,-1.830742706974741339e-03,1.557010792901599050e+00,-1.026359498976972366e-02,2.612721375341081707e-03,9.999439145796632511e-01,2.645571613996305915e-01,0.000000000000000000e+00,0.000000000000000000e+00,0.000000000000000000e+00,1.000000000000000056e-01
9.971775839822161203e-01,-7.462190395312284785e-02,8.272693261638066481e-03,2.507453978481287038e+01,7.464282690493936889e-02,9.972077958669145481e-01,-2.249500808915523738e-03,1.633302942470698849e+00,-8.081732180015805539e-03,2.860648992966531405e-03,9.999632504708908520e-01,2.715023687392237317e-01,0.000000000000000000e+00,0.000000000000000000e+00,0.000000000000000000e+00,1.000000000000000056e-01
9.973972880707066002e-01,-7.192347624765010883e-02,5.065897122280882230e-03,2.600546701990062459e+01,7.194382359031056828e-02,9.974008418302939827e-01,-3.955624277794065995e-03,1.707969327817798977e+00,-4.768227805600066573e-03,4.309788936190487273e-03,9.999793446481378689e-01,2.727092649336207431e-01,0.000000000000000000e+00,0.000000000000000000e+00,0.000000000000000000e+00,1.000000000000000056e-01
9.974651868931432297e-01,-7.109251735114831272e-02,3.009138232721671538e-03,2.695864630181556976e+01,7.110463196785803131e-02,9.974603080475482608e-01,-4.131002590851555988e-03,1.778821628360172546e+00,-2.707812575200460592e-03,4.334494937917891290e-03,9.999869398670618859e-01,2.801120364883291081e-01,0.000000000000000000e+00,0.000000000000000000e+00,0.000000000000000000e+00,1.000000000000000056e-01
9.973802310479081834e-01,-7.218912603212224166e-02,4.626531912740355218e-03,2.792729605849680041e+01,7.221459096800494915e-02,9.973734195125756319e-01,-5.595971865152524205e-03,1.849727358516387143e+00,-4.210411636048199194e-03,5.915414821482384636e-03,9.999736398032423867e-01,2.877227312024505657e-01,0.000000000000000000e+00,0.000000000000000000e+00,0.000000000000000000e+00,1.000000000000000056e-01
9.975239569928419092e-01,-6.987523985658182502e-02,7.962793500279013656e-03,2.892193566644796476e+01,6.995024322468836042e-02,9.975046178117314977e-01,-9.565611171187182390e-03,1.919382776631682441e+00,-7.274523912248054627e-03,1.009892564863005583e-02,9.999225435015421937e-01,2.931176252282818306e-01,0.000000000000000000e+00,0.000000000000000000e+00,0.000000000000000000e+00,1.000000000000000056e-01
9.973763909174286901e-01,-7.134580551155457473e-02,1.225197438913269536e-02,2.986653459102726060e+01,7.149223977169248678e-02,9.973694367864752719e-01,-1.196102908013693678e-02,1.973127464304302192e+00,-1.136637554154209910e-02,1.280556910630990114e-02,9.998534007077798380e-01,2.988615178433193798e-01,0.000000000000000000e+00,0.000000000000000000e+00,0.000000000000000000e+00,1.000000000000000056e-01
9.974137538134303371e-01,-7.081803314773851832e-02,1.227232190286578831e-02,3.077263295401323617e+01,7.105184268663927716e-02,9.972761572182894385e-01,-1.979651218661036133e-02,2.019262782815650858e+00,-1.083694397119485883e-02,2.061728461770257620e-02,9.997287073103171551e-01,3.135049866220801507e-01,0.000000000000000000e+00,0.000000000000000000e+00,0.000000000000000000e+00,1.000000000000000056e-01
9.973911969403380651e-01,-7.157301808385883868e-02,9.386338385513913474e-03,3.171194694315173379e+01,7.176618708102504296e-02,9.971749504433204958e-01,-2.217504453687841465e-02,2.083842969118129940e+00,-7.772686650770699486e-03,2.279081592942306528e-02,9.997100399873455334e-01,3.094951626713902115e-01,0.000000000000000000e+00,0.000000000000000000e+00,0.000000000000000000e+00,1.000000000000000056e-01
9.974378969947309548e-01,-7.117869440307406093e-02,7.157869920749782705e-03,3.269092282611652678e+01,7.132677784010288402e-02,9.971841150523824693e-01,-2.315883093218384925e-02,2.166057943164427790e+00,-5.489298832928566491e-03,2.361004341949965446e-02,9.997061735570368368e-01,3.083559461054120043e-01,0.000000000000000000e+00,0.000000000000000000e+00,0.000000000000000000e+00,1.000000000000000056e-01
9.973982539975199124e-01,-7.184822021314180018e-02,5.878450042545385092e-03,3.365759511797199366e+01,7.196538414351680291e-02,9.971415094105577914e-01,-2.301724778314150760e-02,2.244641454480500897e+00,-4.207898260994662361e-03,2.338040766621387462e-02,9.997177852422086675e-01,3.068332410815062250e-01,0.000000000000000000e+00,0.000000000000000000e+00,0.000000000000000000e+00,1.000000000000000056e-01
9.975089409060323709e-01,-7.013372745741876246e-02,7.561288610681630475e-03,3.461265524613740752e+01,7.029663149800928490e-02,9.972370757687070153e-01,-2.401246160457705045e-02,2.301307258943511957e+00,-5.856313905402238569e-03,2.448417826284359985e-02,9.996830640769276410e-01,3.193943607127757711e-01,0.000000000000000000e+00,0.000000000000000000e+00,0.000000000000000000e+00,1.000000000000000056e-01
9.973401823778897946e-01,-7.222988245541357710e-02,9.767532693298141763e-03,3.559076810785769140e+01,7.243260236545369379e-02,9.971240300774136811e-01,-2.229768500865429368e-02,2.388346407603499699e+00,-8.128882395851399004e-03,2.294586504480124536e-02,9.997036603655806708e-01,3.149742811108059981e-01,0.000000000000000000e+00,0.000000000000000000e+00,0.000000000000000000e+00,1.000000000000000056e-01
9.973420103716132967e-01,-7.196477526474745479e-02,1.140111700682093672e-02,3.657197814616629472e+01,7.219019664514314538e-02,9.971744553839565484e-01,-2.077693524187630356e-02,2.466306916971634511e+00,-9.873695166673595106e-03,2.154475924219042063e-02,9.997191273017395075e-01,3.239248207957300396e-01,0.000000000000000000e+00,0.000000000000000000e+00,0.000000000000000000e+00,1.000000000000000056e-01
9.973904431250438796e-01,-7.107835462628314671e-02,1.265588663226975032e-02,3.757159915641094017e+01,7.132204886436949165e-02,9.972533028060184268e-01,-1.997536954041618379e-02,2.543970012202219078e+00,-1.120130834398479040e-02,2.082588644231086333e-02,9.997203674754631120e-01,3.196440077585045447e-01,0.000000000000000000e+00,0.000000000000000000e+00,0.000000000000000000e+00,1.000000000000000056e-01
9.972869392404912769e-01,-7.195103771800111236e-02,1.555020873285906102e-02,3.856318392091769454e+01,7.224636564592300247e-02,9.971991654753156187e-01,-1.934649907062261850e-02,2.612530900810090984e+00,-1.411465448703238049e-02,2.041745690914479813e-02,9.996919045296279727e-01,3.366288051837597606e-01,0.000000000000000000e+00,0.000000000000000000e+00,0.000000000000000000e+00,1.000000000000000056e-01
9.974476084658393527e-01,-6.940129852900467355e-02,1.678475880868094544e-02,3.957615643685632278e+01,6.970303461700477765e-02,9.974033124949067686e-01,-1.811406054334381219e-02,2.692164500686601958e+00,-1.548403471186537289e-02,1.923777499284326856e-02,9.996950298377833555e-01,3.330430371259733291e-01,0.000000000000000000e+00,0.000000000000000000e+00,0.000000000000000000e+00,1.000000000000000056e-01
9.974090566561022442e-01,-7.024383504850696680e-02,1.552344478723616771e-02,4.058576609814033986e+01,7.055385276991056609e-02,9.972989980009765443e-01,-2.041720954415753714e-02,2.773879613895198659e+00,-1.404733283246350876e-02,2.145954854898863423e-02,9.996710259962362510e-01,3.463957390007057491e-01,0.000000000000000000e+00,0.000000000000000000e+00,0.000000000000000000e+00,1.000000000000000056e-01
9.974622920052403918e-01,-6.992440816146551497e-02,1.339974518120988327e-02,4.159356332871543316e+01,7.014856040183369001e-02,9.973906743725365898e-01,-1.705937127349621552e-02,2.846687224115218573e+00,-1.217191444280114367e-02,1.795605240484317300e-02,9.997646846537597831e-01,3.618082690934356083e-01,0.000000000000000000e+00,0.000000000000000000e+00,0.000000000000000000e+00,1.000000000000000056e-01
9.975973623459811757e-01,-6.838368304715408685e-02,1.109840228355487082e-02,4.262632420466010785e+01,6.854511427008341817e-02,9.975370078973746502e-01,-1.488237833325845028e-02,2.920082885568414444e+00,-1.005335516344933733e-02,1.560736262343523362e-02,9.998276552895994929e-01,3.702638817790718240e-01,0.000000000000000000e+00,0.000000000000000000e+00,0.000000000000000000e+00,1.000000000000000056e-01
9.975804645688945982e-01,-6.863004649902323950e-02,1.109655027702046923e-02,4.367523479633938166e+01,6.882579487569742693e-02,9.974600557587428584e-01,-1.834249507275676969e-02,2.989661219472769638e+00,-9.809519368295129688e-03,1.906184364922743416e-02,9.997701833153734841e-01,3.792464648434879515e-01,0.000000000000000000e+00,0.000000000000000000e+00,0.000000000000000000e+00,1.000000000000000056e-01
9.975849889853823926e-01,-6.828598307455294170e-02,1.269701801906226654e-02,4.468837053655749969e+01,6.853514439042135420e-02,9.974411341875257797e-01,-2.034988486665868096e-02,3.075110055431847567e+00,-1.127491616015916312e-02,2.117093163382371274e-02,9.997122925718865405e-01,3.876043021954907464e-01,0.000000000000000000e+00,0.000000000000000000e+00,0.000000000000000000e+00,1.000000000000000056e-01
9.975787120045742640e-01,-6.826748966870359314e-02,1.327641554140760079e-02,4.567512530332889753e+01,6.853528664942555582e-02,9.974300306440306851e-01,-2.088656154873323734e-02,3.140066503861533853e+00,-1.181642243556618212e-02,2.174589211279683021e-02,9.996936972578365221e-01,3.892631347101339068e-01,0.000000000000000000e+00,0.000000000000000000e+00,0.000000000000000000e+00,1.000000000000000056e-01
9.970141558084039124e-01,-7.641711542715375061e-02,1.109944086198571926e-02,4.659096014362328475e+01,7.659413973113064766e-02,9.969256410747109332e-01,-1.651072156583740375e-02,3.196379843119473652e+00,-9.803615481223762126e-03,1.731157524807134390e-02,9.998020796567321788e-01,4.018270461652088676e-01,0.000000000000000000e+00,0.000000000000000000e+00,0.000000000000000000e+00,1.000000000000000056e-01
9.970433369367782683e-01,-7.647908099800954096e-02,7.452143293979279770e-03,4.754826377010641636e+01,7.659080045695138006e-02,9.969329331146429274e-01,-1.608030338017278627e-02,3.271912535584841741e+00,-6.199480247372579286e-03,1.660352496112900422e-02,9.998429323666431223e-01,3.975303524840780312e-01,0.000000000000000000e+00,0.000000000000000000e+00,0.000000000000000000e+00,1.000000000000000056e-01
9.971378040967529000e-01,-7.526518363125755950e-02,7.166015214790853911e-03,4.849496729882692847e+01,7.537068373696462209e-02,9.970302446084268189e-01,-1.580985038142638036e-02,3.363196961097893123e+00,-5.954802610329869468e-03,1.630470695884199059e-02,9.998493370787712164e-01,4.087184626639896456e-01,0.000000000000000000e+00,0.000000000000000000e+00,0.000000000000000000e+00,1.000000000000000056e-01
9.972537562815686485e-01,-7.349188111755525221e-02,9.159093410643585204e-03,4.946609155180608752e+01,7.363294783759474771e-02,9.971545446270915214e-01,-1.615559105337442333e-02,3.450333513509482586e+00,-7.945726842008865587e-03,1.678563491027212570e-02,9.998275390714196353e-01,4.144384960093775438e-01,0.000000000000000000e+00,0.000000000000000000e+00,0.000000000000000000e+00,1.000000000000000056e-01
9.972542898529348498e-01,-7.308007668867724793e-02,1.196594171369580288e-02,5.046504279117252167e+01,7.327840568051779968e-02,9.971653960498075842e-01,-1.707185349491437826e-02,3.540216388110880352e+00,-1.068441064542018266e-02,1.790182426478981181e-02,9.997826604103277059e-01,4.304235865915836956e-01,0.000000000000000000e+00,0.000000000000000000e+00,0.000000000000000000e+00,1.000000000000000056e-01
9.973582940287065712e-01,-7.155960186690808744e-02,1.247624594169432360e-02,5.140109845816834166e+01,7.179957887467829092e-02,9.972188710815148571e-01,-1.998358407113113092e-02,3.611977303036909337e+00,-1.101153057330771581e-02,2.082658252231314386e-02,9.997224613135760052e-01,4.406289548205382101e-01,0.000000000000000000e+00,0.000000000000000000e+00,0.000000000000000000e+00,1.000000000000000056e-01
9.974137803324040208e-01,-7.089721474753085673e-02,1.180405625475468463e-02,5.233902737784775638e+01,7.115864753797762621e-02,9.971896353080437203e-01,-2.343668310099749144e-02,3.681858519255942763e+00,-1.010928699705321114e-02,2.421603136876902471e-02,9.996556337765311051e-01,4.443506805460126219e-01,0.000000000000000000e+00,0.000000000000000000e+00,0.000000000000000000e+00,1.000000000000000056e-01
9.974224545197130087e-01,-7.088087036647665318e-02,1.115120782523992653e-02,5.332327153180177248e+01,7.115297478184158531e-02,9.971195918804347524e-01,-2.626354256169228379e-02,3.759314266381415415e+00,-9.257505039997391758e-03,2.698928869544243991e-02,9.995928555647787261e-01,4.585246833733142569e-01,0.000000000000000000e+00,0.000000000000000000e+00,0.000000000000000000e+00,1.000000000000000056e-01
9.973312562089134969e-01,-7.181015865367752771e-02,1.317825871973647006e-02,5.428776644386297789e+01,7.217325209775089789e-02,9.969548659809129854e-01,-2.952993191008670276e-02,3.838064464249583807e+00,-1.101758006030104792e-02,3.040224187643937592e-02,9.994770215560242477e-01,4.495677601686663971e-01,0.000000000000000000e+00,0.000000000000000000e+00,0.000000000000000000e+00,1.000000000000000056e-01
9.971811340652776412e-01,-7.301354152808811615e-02,1.728608162114500524e-02,5.524347800014245990e+01,7.353696948455598625e-02,9.967829111758087501e-01,-3.187698396817398999e-02,3.922205080859578530e+00,-1.490301926839709273e-02,3.305829308064609645e-02,9.993423083584922484e-01,4.564175292887020507e-01,0.000000000000000000e+00,0.000000000000000000e+00,0.000000000000000000e+00,1.000000000000000056e-01
9.970341310663737300e-01,-7.385804311675263356e-02,2.163171180663026050e-02,5.620129257729549721e+01,7.449253898349729452e-02,9.967653078082466811e-01,-3.016260575154767684e-02,3.990378547109818541e+00,-1.933398884124367528e-02,3.168454855122712632e-02,9.993109057038213061e-01,4.747204761113570370e-01,0.000000000000000000e+00,0.000000000000000000e+00,0.000000000000000000e+00,1.000000000000000056e-01
9.969050342523699815e-01,-7.504500550925409519e-02,2.342220805981004225e-02,5.716785065764059226e+01,7.566794694563237778e-02,9.967687993150030623e-01,-2.695037137332478155e-02,4.064493134836909327e+00,-2.132403543689543809e-02,2.863927129385770293e-02,9.993623355182257306e-01,4.630407585205855159e-01,0.000000000000000000e+00,0.000000000000000000e+00,0.000000000000000000e+00,1.000000000000000056e-01
9.967359713560997037e-01,-7.856729243394555695e-02,1.856297294107923934e-02,5.806612266841642622e+01,7.906958862470700455e-02,9.964734923607099226e-01,-2.808165196653757481e-02,4.143959884594123011e+00,-1.629121111311134656e-02,2.945775928425345760e-02,9.994332578308663395e-01,4.665097301215220815e-01,0.000000000000000000e+00,0.000000000000000000e+00,0.000000000000000000e+00,1.000000000000000056e-01
9.964721692828005795e-01,-8.295589874775613493e-02,1.270963051318740183e-02,5.898438483846449998e+01,8.327998379215037494e-02,9.961455361661801788e-01,-2.754115240458486491e-02,4.227408687480191496e+00,-1.037594065176184605e-02,2.850244970428736369e-02,9.995398692480683689e-01,4.648806215098174599e-01,0.000000000000000000e+00,0.000000000000000000e+00,0.000000000000000000e+00,1.000000000000000056e-01
9.965311979933280107e-01,-8.284610193009749046e-02,7.880026711275515960e-03,5.993800060216734948e+01,8.304522049423086749e-02,9.961038972204260267e-01,-2.967351167865928813e-02,4.307993774909272489e+00,-5.390990544148453745e-03,3.022497869754165595e-02,9.995285828247664206e-01,4.748806497336730548e-01,0.000000000000000000e+00,0.000000000000000000e+00,0.000000000000000000e+00,1.000000000000000056e-01
9.963974359809196768e-01,-8.441207178658806376e-02,8.170171806325622968e-03,6.084986299138858357e+01,8.460298017168997597e-02,9.960532228118933462e-01,-2.683864885029512912e-02,4.396073110883575552e+00,-5.872420005211364050e-03,2.743318178295619039e-02,9.996063901459142365e-01,4.775600979746965069e-01,0.000000000000000000e+00,0.000000000000000000e+00,0.000000000000000000e+00,1.000000000000000056e-01
9.963378456770687341e-01,-8.484695121090329861e-02,1.057790819548733857e-02,6.177902501671633217e+01,8.509775662886670533e-02,9.960311308205470615e-01,-2.608367790547301904e-02,4.490797897532694982e+00,-8.322805315020598976e-03,2.688831170893562009e-02,9.996037963138852955e-01,4.981961525667689683e-01,0.000000000000000000e+00,0.000000000000000000e+00,0.000000000000000000e+00,1.000000000000000056e-01
9.961694479416818293e-01,-8.687562442250899852e-02,9.952731723699974331e-03,6.267432309595372431e+01,8.710451982291346484e-02,9.958727626989054560e-01,-2.549986550688597073e-02,4.576041293468174231e+00,-7.696337699481414774e-03,2.626911486230089701e-02,9.996252797875645468e-01,5.132211740161352065e-01,0.000000000000000000e+00,0.000000000000000000e+00,0.000000000000000000e+00,1.000000000000000056e-01
9.959729218112828297e-01,-8.910821415528472067e-02,9.882569946738041164e-03,6.348857573551737943e+01,8.931929626031587244e-02,9.957257274496048582e-01,-2.350189376448555412e-02,4.656112270655049734e+00,-7.746117366666810042e-03,2.428995399359903939e-02,9.996749450700115336e-01,5.218161889170020995e-01,0.000000000000000000e+00,0.000000000000000000e+00,0.000000000000000000e+00,1.000000000000000056e-01
9.958107463876485488e-01,-9.084829103346066248e-02,1.037040959528304392e-02,6.430880969252798707e+01,9.106258651934669157e-02,9.955908737478545989e-01,-2.250372072324983638e-02,4.737578836637500679e+00,-8.280260580489457942e-03,2.335380325093014062e-02,9.996929714459514837e-01,5.310745058267398733e-01,0.000000000000000000e+00,0.000000000000000000e+00,0.000000000000000000e+00,1.000000000000000056e-01
9.957458758738205740e-01,-9.165083613820294850e-02,9.501311248782059321e-03,6.510409690864041465e+01,9.185293749656082973e-02,9.954922416804717900e-01,-2.362698938168033072e-02,4.815189296637550243e+00,-7.293048301694491330e-03,2.439920058439248515e-02,9.996756926410242938e-01,5.341938455337429392e-01,0.000000000000000000e+00,0.000000000000000000e+00,0.000000000000000000e+00,1.000000000000000056e-01
9.957507377579194463e-01,-9.159349398434547818e-02,9.544637986785188197e-03,6.590689263468870251e+01,9.181106889185884634e-02,9.954469671672032671e-01,-2.561373043020867546e-02,4.892921713017279295e+00,-7.155129872578229813e-03,2.638119438836535047e-02,9.996263485418688255e-01,5.432009802123078934e-01,0.000000000000000000e+00,0.000000000000000000e+00,0.000000000000000000e+00,1.000000000000000056e-01
9.956205434156173428e-01,-9.284128508986821959e-02,1.096491275171198633e-02,6.666330188182601546e+01,9.309843502512604729e-02,9.953201767572089631e-01,-2.589260774566091647e-02,4.967238810328291621e+00,-8.509695920726314047e-03,2.680002841155377721e-02,9.996045936031290324e-01,5.556257240905686512e-01,0.000000000000000000e+00,0.000000000000000000e+00,0.000000000000000000e+00,1.000000000000000056e-01
9.953134066108311195e-01,-9.572811160643782125e-02,1.368763197224701252e-02,6.745993080979810941e+01,9.604355334070943662e-02,9.950725509000276636e-01,-2.462223196629527780e-02,5.059140492898700714e+00,-1.126314709273549576e-02,2.582144638816996282e-02,9.996031184545145498e-01,5.636996379972889493e-01,0.000000000000000000e+00,0.000000000000000000e+00,0.000000000000000000e+00,1.000000000000000056e-01
9.952075242759533813e-01,-9.638524610536826354e-02,1.648841889737632377e-02,6.820128542449837994e+01,9.675509259693827746e-02,9.950346696591370055e-01,-2.333362879815339616e-02,5.137878889316078279e+00,-1.415753089651099889e-02,2.481714144577707934e-02,9.995917535721143832e-01,5.712080943964865654e-01,0.000000000000000000e+00,0.000000000000000000e+00,0.000000000000000000e+00,1.000000000000000056e-01
9.949787303219933543e-01,-9.847088756333789716e-02,1.791118391738549809e-02,6.892884298783671682e+01,9.883674924276454610e-02,9.948854899084373926e-01,-2.083648167929243525e-02,5.211402007710111306e+00,-1.576779014183103678e-02,2.250213927912353071e-02,9.996224439866814304e-01,5.770384871742858524e-01,0.000000000000000000e+00,0.000000000000000000e+00,0.000000000000000000e+00,1.000000000000000056e-01
9.950951836607386802e-01,-9.778824471944859431e-02,1.493434464213071362e-02,6.959658410016872665e+01,9.807113809619573408e-02,9.949872358443982989e-01,-1.955638972920850649e-02,5.292053510039798070e+00,-1.294709726995248687e-02,2.092509740510230254e-02,9.996972106447378215e-01,5.896355666823989150e-01,0.000000000000000000e+00,0.000000000000000000e+00,0.000000000000000000e+00,1.000000000000000056e-01
9.950828550767067959e-01,-9.860188107705743221e-02,9.369129119374163678e-03,7.028737095692555670e+01,9.876528267514485260e-02,9.949300666322050679e-01,-1.896263297473774201e-02,5.366768349389482218e+00,-7.451876977541690462e-03,1.979473564616866105e-02,9.997762939629094570e-01,5.917917087366997286e-01,0.000000000000000000e+00,0.000000000000000000e+00,0.000000000000000000e+00,1.000000000000000056e-01
9.952324583345611986e-01,-9.748413021845317439e-02,3.032858865420282567e-03,7.101755246962930812e+01,9.752705335334324599e-02,9.949979527388275180e-01,-2.162285618867212586e-02,5.428799953402515754e+00,-9.098030336475854130e-04,2.181555410924784430e-02,9.997615985110382963e-01,6.096703027800199903e-01,0.000000000000000000e+00,0.000000000000000000e+00,0.000000000000000000e+00,1.000000000000000056e-01
9.950998435983675616e-01,-9.887500900106820090e-02,1.840259305456095219e-04,7.171547439839609694e+01,9.885900829164538661e-02,9.949017014499748068e-01,-1.993742539891964552e-02,5.504391909496888502e+00,1.788225404365564311e-03,1.985792151721274892e-02,9.998012128432928192e-01,6.098637405913540643e-01,0.000000000000000000e+00,0.000000000000000000e+00,0.000000000000000000e+00,1.000000000000000056e-01
9.950630559365376548e-01,-9.920351478962390057e-02,2.859608998430475044e-03,7.237427363745804598e+01,9.924023488830711892e-02,9.948789126399900651e-01,-1.916572366451572973e-02,5.578476939723925554e+00,-9.436575399274113552e-04,1.935489182754119436e-02,9.998122312078361329e-01,6.219080154843078523e-01,0.000000000000000000e+00,0.000000000000000000e+00,0.000000000000000000e+00,1.000000000000000056e-01
9.949381706083337829e-01,-1.002912072892493262e-01,6.301619395598326290e-03,7.297743611885866244e+01,1.004007463541784079e-01,9.947354216846987507e-01,-2.052147600170417183e-02,5.644754904347935032e+00,-4.210320423208709431e-03,2.105028708187641276e-02,9.997695527548858818e-01,6.372884013573919537e-01,0.000000000000000000e+00,0.000000000000000000e+00,0.000000000000000000e+00,1.000000000000000056e-01
9.949206187811271418e-01,-1.006019295804857910e-01,3.494866072120776049e-03,7.356691612960628390e+01,1.006545870247644164e-01,9.946800006135514405e-01,-2.191689965071380239e-02,5.696888868903787539e+00,-1.271390991477689292e-03,2.215734966344822324e-02,9.997536873754647724e-01,6.569008606012456397e-01,0.000000000000000000e+00,0.000000000000000000e+00,0.000000000000000000e+00,1.000000000000000056e-01
9.949050533615628744e-01,-1.008163119810755182e-01,7.767985640075194924e-05,7.420684048109237096e+01,1.007756612992614098e-01,9.944814154483730961e-01,-2.917156864991770834e-02,5.747769118087516560e+00,2.863718792442218955e-03,2.903076930318529078e-02,9.995744162133918254e-01,6.730191582152681429e-01,0.000000000000000000e+00,0.000000000000000000e+00,0.000000000000000000e+00,1.000000000000000056e-01
9.950410439334483881e-01,-9.942156604368977690e-02,-2.945011587993658520e-03,7.483007791295263189e+01,9.927122683993773455e-02,9.945135093274786175e-01,-3.298641063887763208e-02,5.817446067633501805e+00,6.208414413263108403e-03,3.253047756432824594e-02,9.994514613626366284e-01,6.991086187387315354e-01,0.000000000000000000e+00,0.000000000000000000e+00,0.000000000000000000e+00,1.000000000000000056e-01
9.954653738200694990e-01,-9.509473651924303661e-02,-2.383403365991158471e-03,7.543542109565349563e+01,9.497909408478112658e-02,9.950159477048025058e-01,-3.036833054265726181e-02,5.870407652198631254e+00,5.259392750457781741e-03,3.000424802339728483e-02,9.995359342657206270e-01,7.118692161666896334e-01,0.000000000000000000e+00,0.000000000000000000e+00,0.000000000000000000e+00,1.000000000000000056e-01
9.959307176972741482e-01,-9.012216481776169630e-02,-3.091201427093330338e-05,7.600017589574876808e+01,9.009186442651351268e-02,9.956046485547312974e-01,-2.558983666154826531e-02,5.948594426442812555e+00,2.336987622375984522e-03,2.548291947109293520e-02,9.996725260324416107e-01,7.153448924891596672e-01,0.000000000000000000e+00,0.000000000000000000e+00,0.000000000000000000e+00,1.000000000000000056e-01
9.965262968026115109e-01,-8.323575846502657971e-02,2.673629298405836782e-03,7.655862916895627279e+01,8.327761627467532290e-02,9.961626232490515820e-01,-2.692334803058692855e-02,5.987458231644016138e+00,-4.223842817516977512e-04,2.705247778522204549e-02,9.996339255133344093e-01,7.293094740206851334e-01,0.000000000000000000e+00,0.000000000000000000e+00,0.000000000000000000e+00,1.000000000000000056e-01
9.970765955085696408e-01,-7.608971777127365721e-02,6.972627806509170550e-03,7.713554929116077119e+01,7.627352110396123930e-02,9.965842912547004939e-01,-3.165596946501393616e-02,6.015683656436088711e+00,-4.540117558363790731e-03,3.209525313584918327e-02,9.994745029557792204e-01,7.415101193646018718e-01,0.000000000000000000e+00,0.000000000000000000e+00,0.000000000000000000e+00,1.000000000000000056e-01
9.977469624980539464e-01,-6.644159070825811364e-02,9.301282173080276799e-03,7.768350075106445729e+01,6.672969248261251263e-02,9.971514575212824250e-01,-3.515848267997423449e-02,6.036204782187192031e+00,-6.938801559557491137e-03,3.569994099908838092e-02,9.993384648083845079e-01,7.562174350580904703e-01,0.000000000000000000e+00,0.000000000000000000e+00,0.000000000000000000e+00,1.000000000000000056e-01
9.983790642406641380e-01,-5.622153764921328234e-02,8.853405576043835851e-03,7.817989972095158180e+01,5.648617859687697640e-02,9.978514428918177082e-01,-3.319351662959304367e-02,6.074431594208441254e+00,-6.968192983661354416e-03,3.363980712006902490e-02,9.994097296221740034e-01,7.641297054493949581e-01,0.000000000000000000e+00,0.000000000000000000e+00,0.000000000000000000e+00,1.000000000000000056e-01
9.991493735164252987e-01,-4.043374205611764693e-02,8.101969209657514104e-03,7.867175797543259819e+01,4.064738625335291566e-02,9.987751073172239646e-01,-2.821480097818420893e-02,6.115271548228750298e+00,-6.951215181939931174e-03,2.852012459312109824e-02,9.995690486908281880e-01,7.612602889267916506e-01,0.000000000000000000e+00,0.000000000000000000e+00,0.000000000000000000e+00,1.000000000000000056e-01
9.996682003994806776e-01,-2.425860762012920988e-02,8.660777470662447963e-03,7.915178276732736151e+01,2.444777114300789381e-02,9.994490450382716995e-01,-2.244800343518192631e-02,6.131173310057784320e+00,-8.111448465153169723e-03,2.265229190213294969e-02,9.997104971317335442e-01,7.651800127338537205e-01,0.000000000000000000e+00,0.000000000000000000e+00,0.000000000000000000e+00,1.000000000000000056e-01
9.999586146327051894e-01,1.626941181856834300e-03,8.951094024289965589e-03,7.964585965927375355e+01,-1.417690167282792098e-03,9.997267193151810893e-01,-2.333402755408497953e-02,6.144233196054635471e+00,-8.986610953551452119e-03,2.332037198879952783e-02,9.996876517562240938e-01,7.685852147135131540e-01,0.000000000000000000e+00,0.000000000000000000e+00,0.000000000000000000e+00,1.000000000000000056e-01
9.995944136246845968e-01,2.619176447978202593e-02,1.118032753359815903e-02,8.014342012291909612e+01,-2.591245039254463228e-02,9.993655059506540983e-01,-2.443625238548184295e-02,6.136055574244179134e+00,-1.181326224955740745e-02,2.413663169186376287e-02,9.996388697152559510e-01,7.834974774444967149e-01,0.000000000000000000e+00,0.000000000000000000e+00,0.000000000000000000e+00,1.000000000000000056e-01
9.985138839791662946e-01,5.292262675904884500e-02,1.300842333883847797e-02,8.062611709214418454e+01,-5.261775590802036245e-02,9.983553972753560490e-01,-2.275681204321103324e-02,6.115481271534825680e+00,-1.419137992036078634e-02,2.203851873625931740e-02,9.996563951817981630e-01,7.874494085899171880e-01,0.000000000000000000e+00,0.000000000000000000e+00,0.000000000000000000e+00,1.000000000000000056e-01
9.964159452024294872e-01,8.344011278681057187e-02,1.389286595607448598e-02,8.111963168684040681e+01,-8.312620120738370422e-02,9.963001452472697306e-01,-2.181869045334291352e-02,6.073883435248044194e+00,-1.566201836222529814e-02,2.058562990033504375e-02,9.996654105361592046e-01,7.856845283005314817e-01,0.000000000000000000e+00,0.000000000000000000e+00,0.000000000000000000e+00,1.000000000000000056e-01
9.924482727653292091e-01,1.217917423582569464e-01,1.460128002795033769e-02,8.160409159612605379e+01,-1.214261578911026013e-01,9.923163351839567881e-01,-2.374824429060437558e-02,6.003965097946830198e+00,-1.738142873643261366e-02,2.179592669333330068e-02,9.996113362275655945e-01,7.819591597334130118e-01,0.000000000000000000e+00,0.000000000000000000e+00,0.000000000000000000e+00,1.000000000000000056e-01
