1.000000000000000000e+00,-9.773215280273419072e-11,1.468509267127830269e-10,8.698061590412315988e-16,9.773215277904456516e-11,1.000000000000000000e+00,1.613175865633018618e-10,4.137321914052503601e-16,-1.468509267285489343e-10,-1.613175865489498129e-10,1.000000000000000000e+00,-6.410390007138716319e-17,0.000000000000000000e+00,0.000000000000000000e+00,0.000000000000000000e+00,1.000000000000000056e-01
9.999933959319348142e-01,-3.558205919819425536e-03,-7.397723627907721190e-04,6.452276794102171920e-01,3.557256611797308087e-03,9.999928529392295706e-01,-1.280623230354927889e-03,1.928320195735507697e-02,7.443237967520461434e-04,1.277983212903186514e-03,9.999989063698985214e-01,1.099585473630658797e-02,0.000000000000000000e+00,0.000000000000000000e+00,0.000000000000000000e+00,1.000000000000000056e-01
9.999540938498325815e-01,-9.489896042452946809e-03,-1.323656323876106150e-03,1.325747341164965842e+00,9.491216724578583133e-03,9.999544622877878375e-01,9.950657406709079080e-04,2.653789484763632162e-02,1.314152977160988047e-03,-1.007583170072357285e-03,9.999986288881140828e-01,1.629219194691854458e-02,0.000000000000000000e+00,0.000000000000000000e+00,0.000000000000000000e+00,1.000000000000000056e-01
9.998855803280265464e-01,-1.504184724108444116e-02,-1.602836130551527332e-03,2.045374005433753251e+00,1.504415218898380938e-02,9.998857994281621364e-01,1.435822697871630936e-03,3.375342623262468644e-02,1.581055660062189415e-03,-1.459771722191547348e-03,9.999976846620790560e-01,1.664512123661082352e-02,0.000000000000000000e+00,0.000000000000000000e+00,0.000000000000000000e+00,1.000000000000000056e-01
9.997935007954177333e-01,-2.021714149045323455e-02,-2.054983503111870984e-03,2.750939527485649627e+00,2.022340544216415931e-02,9.997907586970328220e-01,3.074523757168221797e-03,3.808093498447160524e-02,1.992395433871673501e-03,-3.115447635018287007e-03,9.999931621498562295e-01,1.802955975575424794e-02,0.000000000000000000e+00,0.000000000000000000e+00,0.000000000000000000e+00,1.000000000000000056e-01
9.996778765700440328e-01,-2.530169732328252374e-02,-1.991785372179893931e-03,3.459575945539046682e+00,2.531071226701542970e-02,9.996688687996064804e-01,4.639029796349474453e-03,5.895597969064341609e-02,1.873750502117754475e-03,-4.687948962612701297e-03,9.999872560155853574e-01,2.776133726932167312e-02,0.000000000000000000e+00,0.000000000000000000e+00,0.000000000000000000e+00,1.000000000000000056e-01
9.995668578043579444e-01,-2.937463950680662197e-02,-1.796477934048905161e-03,4.191894249855748988e+00,2.938405115642149859e-02,9.995532913601867797e-01,5.458504250657830736e-03,8.480559229193909698e-02,1.635333837225086450e-03,-5.508927741657254976e-03,9.999834885628752223e-01,3.489412516374397477e-02,0.000000000000000000e+00,0.000000000000000000e+00,0.000000000000000000e+00,1.000000000000000056e-01
9.994085523612667998e-01,-3.430551259969807920e-02,-2.382702757181197513e-03,4.958793006432220984e+00,3.432457023907430071e-02,9.993747601864966246e-01,8.480128541785540014e-03,1.210656992644518759e-01,2.090297840016380748e-03,-8.556898237931050144e-03,9.999612043211905110e-01,4.891082707082362174e-02,0.000000000000000000e+00,0.000000000000000000e+00,0.000000000000000000e+00,1.000000000000000056e-01
9.992941638844140551e-01,-3.751928199282865417e-02,-1.864807038912476116e-03,5.718956351949008976e+00,3.753468819819989755e-02,9.992542681122040804e-01,9.058412742163172993e-03,1.587832879751796544e-01,1.523551250758320517e-03,-9.122013938055260202e-03,9.999572329121382275e-01,4.868294013373355988e-02,0.000000000000000000e+00,0.000000000000000000e+00,0.000000000000000000e+00,1.000000000000000056e-01
9.991476888143933088e-01,-4.127756884864541842e-02,2.413437413760166313e-04,6.512996854107023559e+00,4.127416329784926174e-02,9.991136186552499465e-01,8.271666196984037156e-03,2.039000271181347634e-01,-5.825640897250102326e-04,-8.254654902368274011e-03,9.999657600595752704e-01,5.334999581656407752e-02,0.000000000000000000e+00,0.000000000000000000e+00,0.000000000000000000e+00,1.000000000000000056e-01
9.990462581877875836e-01,-4.360151655611233662e-02,2.341314798913709215e-03,7.327542350930821513e+00,4.358833190653053219e-02,9.990349045719399967e-01,5.414496148381821132e-03,2.382743788016757902e-01,-2.575135450162305099e-03,-5.307278110460324390e-03,9.999826005868659440e-01,6.173054008705666090e-02,0.000000000000000000e+00,0.000000000000000000e+00,0.000000000000000000e+00,1.000000000000000056e-01
9.989285406893193553e-01,-4.609292268979753998e-02,4.148864208322080444e-03,8.141707447456287383e+00,4.606312933163545648e-02,9.989139269516575936e-01,7.011038310794141977e-03,2.878500019817186173e-01,-4.467517485558833434e-03,-6.812416599911170177e-03,9.999668155831900052e-01,6.010376253244811146e-02,0.000000000000000000e+00,0.000000000000000000e+00,0.000000000000000000e+00,1.000000000000000056e-01
9.988910327791832300e-01,-4.700683770812378454e-02,2.657412654970372698e-03,8.954113293586226874e+00,4.699027223866277664e-02,9.988774119596808276e-01,5.985832579227154046e-03,3.247667285835824091e-01,-2.935804535905440875e-03,-5.854321942999968914e-03,9.999785537531865609e-01,5.764665526042581783e-02,0.000000000000000000e+00,0.000000000000000000e+00,0.000000000000000000e+00,1.000000000000000056e-01
9.987734073496117304e-01,-4.943959850681080986e-02,2.721556674385840115e-03,9.730526962822635184e+00,4.942014965647358732e-02,9.987549184780248890e-01,6.801589805738830069e-03,3.803086766160511112e-01,-3.054435983663299128e-03,-6.658747287525431865e-03,9.999731653926432484e-01,7.057580192102716476e-02,0.000000000000000000e+00,0.000000000000000000e+00,0.000000000000000000e+00,1.000000000000000056e-01
9.986125066271999140e-01,-5.250770013259531410e-02,4.000379297770969428e-03,1.055771231333269533e+01,5.248275663403627334e-02,9.986031743107880443e-01,6.104138965524781059e-03,4.298128297195302205e-01,-4.315305763570717254e-03,-5.885718580034713689e-03,9.999733678718466523e-01,7.118962811436128912e-02,0.000000000000000000e+00,0.000000000000000000e+00,0.000000000000000000e+00,1.000000000000000056e-01
9.985479366843159621e-01,-5.364674075616771010e-02,4.903605789197892049e-03,1.137412550280986778e+01,5.361476769465027548e-02,9.985409622530981855e-01,6.434546425766127405e-03,4.902246011256716773e-01,-5.241643687242127612e-03,-6.162297371694218547e-03,9.999672750958197298e-01,8.301068737918010365e-02,0.000000000000000000e+00,0.000000000000000000e+00,0.000000000000000000e+00,1.000000000000000056e-01
9.984322847198591200e-01,-5.587447110192281935e-02,3.319082427799131731e-03,1.223817143486083481e+01,5.584662089452818029e-02,9.984076097473111311e-01,7.962394948986454765e-03,5.477322626939474803e-01,-3.758691759772473436e-03,-7.764552642695423876e-03,9.999627912870127089e-01,8.528512989379906373e-02,0.000000000000000000e+00,0.000000000000000000e+00,0.000000000000000000e+00,1.000000000000000056e-01
9.982722608418060917e-01,-5.872964908491308533e-02,1.822512593079734285e-03,1.312592025513626304e+01,5.871012352313376148e-02,9.982311080637086276e-01,9.368900138165256464e-03,6.198892291896154205e-01,-2.369520982676084995e-03,-9.245713183065162877e-03,9.999544500416251980e-01,8.383948335498793425e-02,0.000000000000000000e+00,0.000000000000000000e+00,0.000000000000000000e+00,1.000000000000000056e-01
9.985043099018952040e-01,-5.464140397530983795e-02,1.860128744715637637e-03,1.399664598824987394e+01,5.461426934481829198e-02,9.984305440122789310e-01,1.239880507453877852e-02,6.687970203053285045e-01,-2.534697471408306740e-03,-1.227867073228052115e-02,9.999214016880410005e-01,8.724658371825289027e-02,0.000000000000000000e+00,0.000000000000000000e+00,0.000000000000000000e+00,1.000000000000000056e-01
9.973845894217807651e-01,-7.225800506920471156e-02,1.661772356399963090e-03,1.498933804994017827e+01,7.223187277245307625e-02,9.973101753778345069e-01,1.244872056145657560e-02,7.828592196152458493e-01,-2.556822193634126356e-03,-1.229612911659058727e-02,9.999211308243356466e-01,8.696877233306626875e-02,0.000000000000000000e+00,0.000000000000000000e+00,0.000000000000000000e+00,1.000000000000000056e-01
9.971692142693091565e-01,-7.510896832816711666e-02,3.492991584166836843e-03,1.596084174484171569e+01,7.506500138186560089e-02,9.971139070827442774e-01,1.136230037117570875e-02,8.530746398685694620e-01,-4.336321144609496872e-03,-1.106793471532483385e-02,9.999293460740454886e-01,9.929671953078603175e-02,0.000000000000000000e+00,0.000000000000000000e+00,0.000000000000000000e+00,1.000000000000000056e-01
9.970396038284790041e-01,-7.673017202805430814e-02,4.950666429353430681e-03,1.687922700911513374e+01,7.667139192964007866e-02,9.969942384850847272e-01,1.113490400127303132e-02,9.410916030755335226e-01,-5.790169006260446546e-03,-1.072236578797954032e-02,9.999257496508366927e-01,1.046924696445167974e-01,0.000000000000000000e+00,0.000000000000000000e+00,0.000000000000000000e+00,1.000000000000000056e-01
9.968378794357721784e-01,-7.921544249341253008e-02,6.257458954390554898e-03,1.775566759402320827e+01,7.914332803873647126e-02,9.968021580904081747e-01,1.103590745058535480e-02,1.017481800902500400e+00,-7.111662881913121889e-03,-1.050577445397468321e-02,9.999195232388335963e-01,1.126055040134525120e-01,0.000000000000000000e+00,0.000000000000000000e+00,0.000000000000000000e+00,1.000000000000000056e-01
9.969195000857502542e-01,-7.821659549165023428e-02,5.802976690755118523e-03,1.865767490081671554e+01,7.815470933480105076e-02,9.968888688669378384e-01,1.021883251599758555e-02,1.106473063840433646e+00,-6.584205158608782450e-03,-9.733823446765731136e-03,9.999309480776842340e-01,1.109579318489673644e-01,0.000000000000000000e+00,0.000000000000000000e+00,0.000000000000000000e+00,1.000000000000000056e-01
9.966362509756498955e-01,-8.172087488871512817e-02,6.154823200087065210e-03,1.958605452712869166e+01,8.166719398341087954e-02,9.966232409583868357e-01,8.519683590199994896e-03,1.195173991203573927e+00,-6.830275841962813940e-03,-7.988378372620579329e-03,9.999447650459991621e-01,1.209144066330522516e-01,0.000000000000000000e+00,0.000000000000000000e+00,0.000000000000000000e+00,1.000000000000000056e-01
9.965858729893422030e-01,-8.213295204203570343e-02,8.412844164209697106e-03,2.051563510306941041e+01,8.206464634118708357e-02,9.965935495771378605e-01,8.166441216147126217e-03,1.276009586796094775e+00,-9.054920152408968415e-03,-7.448162867550741674e-03,9.999312642831665876e-01,1.207214021434903362e-01,0.000000000000000000e+00,0.000000000000000000e+00,0.000000000000000000e+00,1.000000000000000056e-01
9.966005580853964929e-01,-8.155735536737347691e-02,1.165012486440060967e-02,2.143235693030605660e+01,8.146177046183929182e-02,9.966405870711658732e-01,8.456959008085018770e-03,1.364349763084913070e+00,-1.230071449545831232e-02,-7.479170269607281207e-03,9.998963718480927687e-01,1.160892135436039502e-01,0.000000000000000000e+00,0.000000000000000000e+00,0.000000000000000000e+00,1.000000000000000056e-01
9.966759158991267409e-01,-8.012588444720572523e-02,1.472960651849797298e-02,2.237921111728267576e+01,7.998774528370605763e-02,9.967482531611331353e-01,9.740658327778548356e-03,1.460617501099973792e+00,-1.546218843067499044e-02,-8.530091545968310554e-03,9.998440669760219057e-01,1.174664609157134304e-01,0.000000000000000000e+00,0.000000000000000000e+00,0.000000000000000000e+00,1.000000000000000056e-01
9.967271344599084593e-01,-7.885047701583153268e-02,1.782194449871543976e-02,2.333914908997387982e+01,7.866564585500024354e-02,9.968420592251694412e-01,1.084551160340323055e-02,1.538322304513132011e+00,-1.862083761690526071e-02,-9.408040927828370883e-03,9.997823529010427812e-01,1.149782081588097832e-01,0.000000000000000000e+00,0.000000000000000000e+00,0.000000000000000000e+00,1.000000000000000056e-01
9.969031584642564781e-01,-7.656913065742687596e-02,1.792375168192571894e-02,2.426167320105056291e+01,7.639443649700131123e-02,9.970251185138168104e-01,1.023733973330475180e-02,1.614641226949828035e+00,-1.865429484850809200e-02,-8.836361404750241177e-03,9.997869453042630417e-01,1.078280159476744243e-01,0.000000000000000000e+00,0.000000000000000000e+00,0.000000000000000000e+00,1.000000000000000056e-01
9.971255078120877524e-01,-7.398389240794474297e-02,1.634335750865445816e-02,2.522003918124615041e+01,7.384658275836265828e-02,9.972303274162681586e-01,8.851909181351095418e-03,1.687837525326815191e+00,-1.695299045591458845e-02,-7.619563334748834758e-03,9.998272542640500582e-01,9.612424958257777263e-02,0.000000000000000000e+00,0.000000000000000000e+00,0.000000000000000000e+00,1.000000000000000056e-01
9.973911750411087462e-01,-7.104004770922844880e-02,1.281232108506954320e-02,2.616401353814292108e+01,7.094056962390321575e-02,9.974479876423444358e-01,8.059003019832909967e-03,1.768091677931032724e+00,-1.335213584234794248e-02,-7.129065135631810872e-03,9.998854418875890993e-01,9.783953275948273354e-02,0.000000000000000000e+00,0.000000000000000000e+00,0.000000000000000000e+00,1.000000000000000056e-01
9.975173681134171799e-01,-6.958923585960433145e-02,1.079067025525459744e-02,2.712002899372828324e+01,6.951763279076006441e-02,9.975570327148807204e-01,6.874969981849478329e-03,1.836391358300174970e+00,-1.124273290843112380e-02,-6.107760109782273822e-03,9.999181447614554630e-01,9.153075969724797090e-02,0.000000000000000000e+00,0.000000000000000000e+00,0.000000000000000000e+00,1.000000000000000056e-01
9.976469448315310462e-01,-6.756573964302405033e-02,1.163805373776360085e-02,2.807959564491293136e+01,6.750202821304986112e-02,9.977023751028102350e-01,5.783329606373672008e-03,1.901624175316763754e+00,-1.200206879819491930e-02,-4.984128881000925854e-03,9.999155508360998423e-01,9.881371174726859274e-02,0.000000000000000000e+00,0.000000000000000000e+00,0.000000000000000000e+00,1.000000000000000056e-01
9.975356964091117717e-01,-6.840408944384669676e-02,1.560176070020694548e-02,2.907273111814071243e+01,6.833089021057418833e-02,9.976492752007755094e-01,5.178140051970043199e-03,1.954702785595201719e+00,-1.591929120968512551e-02,-4.099297345348360162e-03,9.998648768351929839e-01,9.265683099949315049e-02,0.000000000000000000e+00,0.000000000000000000e+00,0.000000000000000000e+00,1.000000000000000056e-01
9.974515181584575618e-01,-6.865038036026917256e-02,1.943178323722421358e-02,3.002189620995161690e+01,6.864139166741374531e-02,9.976407582563389109e-01,1.129962688745967574e-03,2.009857465285029843e+00,-1.946351133143250228e-02,2.067416446305142021e-04,9.998105465459661279e-01,9.238003431203650750e-02,0.000000000000000000e+00,0.000000000000000000e+00,0.000000000000000000e+00,1.000000000000000056e-01
9.974435158661774103e-01,-6.872941253222879243e-02,1.956273266937412492e-02,3.096875603957017731e+01,6.881672516232155423e-02,9.976219872183347270e-01,-3.824781885854333652e-03,2.062379746343082854e+00,-1.925333722896337141e-02,5.161247089180103290e-03,9.998013155292566623e-01,9.326400276367946551e-02,0.000000000000000000e+00,0.000000000000000000e+00,0.000000000000000000e+00,1.000000000000000056e-01
9.974797218810409483e-01,-6.848568995071931120e-02,1.854493753279350468e-02,3.193329872237086420e+01,6.860474909364767948e-02,9.976267018973992151e-01,-5.861063309278389047e-03,2.105813334243783697e+00,-1.809952590315329693e-02,7.118562586060847575e-03,9.998108487252923560e-01,8.527263887747481286e-02,0.000000000000000000e+00,0.000000000000000000e+00,0.000000000000000000e+00,1.000000000000000056e-01
9.974626652023009798e-01,-6.909001185081255214e-02,1.716979295090528823e-02,3.292480842293969800e+01,6.919058500678680612e-02,9.975892022553153327e-01,-5.333525102802418039e-03,2.185942659364330964e+00,-1.675990674022331817e-02,6.507980182683217527e-03,9.998383627967076803e-01,8.350242441693751794e-02,0.000000000000000000e+00,0.000000000000000000e+00,0.000000000000000000e+00,1.000000000000000056e-01
9.974558406794009624e-01,-6.953624222685982070e-02,1.570213079543676324e-02,3.388396648346702733e+01,6.966227586854799314e-02,9.975414768896103679e-01,-7.626873914606714308e-03,2.257110929840351776e+00,-1.513318259203401059e-02,8.701316099445572175e-03,9.998476253323671514e-01,6.987797231955036881e-02,0.000000000000000000e+00,0.000000000000000000e+00,0.000000000000000000e+00,1.000000000000000056e-01
9.974607501922685415e-01,-6.914493626958394257e-02,1.705959009331511206e-02,3.486308944657501740e+01,6.929985962244554487e-02,9.975582596680804270e-01,-8.663026278389522258e-03,2.330163518510335763e+00,-1.641893060421727168e-02,9.823255889260950821e-03,9.998169444261024719e-01,6.929180918779115350e-02,0.000000000000000000e+00,0.000000000000000000e+00,0.000000000000000000e+00,1.000000000000000056e-01
9.974199337403047982e-01,-6.922507479546927134e-02,1.900959749831017398e-02,3.585856013061751213e+01,6.935804487442251420e-02,9.975711328262812927e-01,-6.426240182839884456e-03,2.406110608700598341e+00,-1.851856875365018307e-02,7.728128573699948566e-03,9.997986490489295663e-01,5.554543458687264540e-02,0.000000000000000000e+00,0.000000000000000000e+00,0.000000000000000000e+00,1.000000000000000056e-01
9.972216687453022699e-01,-7.173434593144421834e-02,2.007802277672011970e-02,3.684457148701250162e+01,7.186380855391961975e-02,9.973975811346550424e-01,-5.801565897646745844e-03,2.482730180133930098e+00,-1.960959981642129701e-02,7.228330410754576878e-03,9.997815835643867333e-01,5.297916233023038102e-02,0.000000000000000000e+00,0.000000000000000000e+00,0.000000000000000000e+00,1.000000000000000056e-01
9.971564373154663263e-01,-7.211583840744180407e-02,2.187110813649599181e-02,3.784243249570901213e+01,7.226118196551283013e-02,9.973681234468543266e-01,-5.928567537564564081e-03,2.551690049805114491e+00,-2.138600246127362117e-02,7.492141408980751947e-03,9.997432203900330494e-01,4.562198329126374019e-02,0.000000000000000000e+00,0.000000000000000000e+00,0.000000000000000000e+00,1.000000000000000056e-01
9.971710595392463405e-01,-7.113757909391434098e-02,2.427597285453004031e-02,3.883144005619588057e+01,7.130681554649372089e-02,9.974353006040335146e-01,-6.177310544203101078e-03,2.621519298838125067e+00,-2.377427336418761264e-02,7.890877619015627953e-03,9.996862097560447191e-01,4.653818826082912335e-02,0.000000000000000000e+00,0.000000000000000000e+00,0.000000000000000000e+00,1.000000000000000056e-01
9.972997502937132053e-01,-6.909284344452107374e-02,2.488748779704964831e-02,3.983444937409306874e+01,6.923316845235918948e-02,9.975888586573691263e-01,-4.820525773700764030e-03,2.694880455811641262e+00,-2.449441671370537754e-02,6.530548785405352469e-03,9.996786361038315638e-01,2.648454851963316301e-02,0.000000000000000000e+00,0.000000000000000000e+00,0.000000000000000000e+00,1.000000000000000056e-01
9.973267706489458151e-01,-6.897983790282706529e-02,2.410590197119166084e-02,4.083176702198347385e+01,6.914663066137051450e-02,9.975875226533064133e-01,-6.154519852833063506e-03,2.773628297182842317e+00,-2.362320924694638613e-02,7.804909310082017854e-03,9.996904657820521178e-01,2.402094543474965135e-02,0.000000000000000000e+00,0.000000000000000000e+00,0.000000000000000000e+00,1.000000000000000056e-01
9.973370633548870323e-01,-6.962164089390028565e-02,2.171656459688700927e-02,4.183096322536708556e+01,6.974452093317699830e-02,9.975525932878628321e-01,-4.952315060783691984e-03,2.847407040821469781e+00,-2.131862703017269392e-02,6.453738753654463152e-03,9.997519019224959669e-01,2.997708520512884153e-02,0.000000000000000000e+00,0.000000000000000000e+00,0.000000000000000000e+00,1.000000000000000056e-01
9.974661421332038369e-01,-6.857625943887392383e-02,1.893652394911447129e-02,4.284396070939001078e+01,6.860172082423614259e-02,9.976438830593545859e-01,-6.974913664989493061e-04,2.912083848705724787e+00,-1.884407593533561631e-02,1.994802151851536066e-03,9.998204446631996367e-01,3.252739742916958138e-02,0.000000000000000000e+00,0.000000000000000000e+00,0.000000000000000000e+00,1.000000000000000056e-01
9.975370073520934966e-01,-6.733479955405251294e-02,1.964545067044650914e-02,4.386503031593679225e+01,6.737616262521632648e-02,9.977265901877405696e-01,-1.450497240530303385e-03,2.990319457515588475e+00,-1.950311956918124659e-02,2.770559755708737470e-03,9.998059573365775110e-01,3.208309987242975031e-02,0.000000000000000000e+00,0.000000000000000000e+00,0.000000000000000000e+00,1.000000000000000056e-01
9.975349696121743603e-01,-6.697666459478246459e-02,2.093109649770709749e-02,4.484561226572689918e+01,6.707119398892655293e-02,9.977407775366938791e-01,-3.846527963420315940e-03,3.063962561797520134e+00,-2.062618088105739808e-02,5.240919788701517423e-03,9.997735210646611081e-01,3.065298074319154978e-02,0.000000000000000000e+00,0.000000000000000000e+00,0.000000000000000000e+00,1.000000000000000056e-01
9.975057681703967116e-01,-6.678136624091289553e-02,2.285807493608796662e-02,4.581912002414060225e+01,6.688611366484110976e-02,9.977531954819277571e-01,-3.848207948655456030e-03,3.133843962052826893e+00,-2.254972872565677924e-02,5.367497424237623049e-03,9.997313137567513941e-01,2.390475580693860944e-02,0.000000000000000000e+00,0.000000000000000000e+00,0.000000000000000000e+00,1.000000000000000056e-01
9.972823601839152508e-01,-7.088305201567782210e-02,2.008698590984244262e-02,4.672203602704805547e+01,7.093460180803487503e-02,9.974792255134677932e-01,-1.864654227477824215e-03,3.201545721428041169e+00,-1.990417876565201208e-02,3.284449115944280267e-03,9.997964973241653119e-01,2.534515175810535259e-02,0.000000000000000000e+00,0.000000000000000000e+00,0.000000000000000000e+00,1.000000000000000056e-01
9.975298169955387761e-01,-6.875538098049499558e-02,1.438616665668394912e-02,4.766318968285649760e+01,6.876609517273821193e-02,9.976327787500696154e-01,-2.508348231010630201e-04,3.270747974944869352e+00,-1.433486517344371991e-02,1.239495720668513327e-03,9.998964822874504277e-01,1.195275573098059443e-02,0.000000000000000000e+00,0.000000000000000000e+00,0.000000000000000000e+00,1.000000000000000056e-01
9.977195373477071305e-01,-6.596112332793312161e-02,1.431275668745883058e-02,4.860585720080604943e+01,6.597863887839931774e-02,9.978207503795859523e-01,-7.545354025919093254e-04,3.347458518107795822e+00,-1.423179561513495013e-02,1.697150917622706687e-03,9.998972825607297388e-01,8.957053421023234915e-03,0.000000000000000000e+00,0.000000000000000000e+00,0.000000000000000000e+00,1.000000000000000056e-01
9.978215270860474329e-01,-6.360700212331420189e-02,1.750283875698451994e-02,4.956917272042675648e+01,6.361997500682385620e-02,9.979741803389178267e-01,-1.848161146750710616e-04,3.427815396757837973e+00,-1.745562556310730970e-02,1.297943662043012612e-03,9.998467965035696681e-01,5.341052638155381616e-03,0.000000000000000000e+00,0.000000000000000000e+00,0.000000000000000000e+00,1.000000000000000056e-01
9.978986672166529903e-01,-6.146960411773698396e-02,2.048750196672072255e-02,5.056748329249015939e+01,6.154049315216077176e-02,9.981005265998723619e-01,-2.847192239081714187e-03,3.511248689696221614e+00,-2.027357072191642712e-02,4.102020315177097587e-03,9.997860549935257968e-01,1.157566521192105249e-02,0.000000000000000000e+00,0.000000000000000000e+00,0.000000000000000000e+00,1.000000000000000056e-01
9.980734763609803162e-01,-5.817262423940140065e-02,2.157038650115400066e-02,5.150107757804423159e+01,5.829390493931883160e-02,9.982867594294018154e-01,-5.036526071535915583e-03,3.565673653860503389e+00,-2.124044330124533544e-02,6.284245145203199226e-03,9.997546458163231176e-01,-4.987047872432909430e-04,0.000000000000000000e+00,0.000000000000000000e+00,0.000000000000000000e+00,1.000000000000000056e-01
9.981755312214438680e-01,-5.679490619092929238e-02,2.049262066090756437e-02,5.244312663925398255e+01,5.695304745606896701e-02,9.983507709895161897e-01,-7.217232856526537704e-03,3.610486643016468822e+00,-2.004892157336823563e-02,8.371182437512123334e-03,9.997639541653533524e-01,5.514719134559494364e-04,0.000000000000000000e+00,0.000000000000000000e+00,0.000000000000000000e+00,1.000000000000000056e-01
9.981657953261038330e-01,-5.724201212529657357e-02,1.970779259211667689e-02,5.341892066295218200e+01,5.742736570383322192e-02,9.983093822352729907e-01,-8.970786439654744593e-03,3.679774597824854609e+00,-1.916096838170472383e-02,1.008609879364138692e-02,9.997655364643253106e-01,1.215708861755908539e-02,0.000000000000000000e+00,0.000000000000000000e+00,0.000000000000000000e+00,1.000000000000000056e-01
9.982158701892340780e-01,-5.594498870414039288e-02,2.086228034620675464e-02,5.438364521375685001e+01,5.609369608003784285e-02,9.984036160160367768e-01,-6.611867072354061549e-03,3.722901855690993855e+00,-2.045907530731699148e-02,7.770313056482121110e-03,9.997604955550973838e-01,8.332925476125430456e-03,0.000000000000000000e+00,0.000000000000000000e+00,0.000000000000000000e+00,1.000000000000000056e-01
9.981260838972964011e-01,-5.593747965700757857e-02,2.480562463372134804e-02,5.533365089679563198e+01,5.615407128125956410e-02,9.983890781038972095e-01,-8.122130347972073006e-03,3.781167372040829644e+00,-2.431133320874112949e-02,9.499846970982907951e-03,9.996592979536285117e-01,8.457502190604503089e-03,0.000000000000000000e+00,0.000000000000000000e+00,0.000000000000000000e+00,1.000000000000000056e-01
9.979266696449932139e-01,-5.713625764236866800e-02,2.962785975863506394e-02,5.629654100410163409e+01,5.745426567953183794e-02,9.982981068926435331e-01,-9.994855166025159304e-03,3.833439132284859774e+00,-2.900636768846194535e-02,1.167637945550407258e-02,9.995110268507960694e-01,1.516467927768723120e-02,0.000000000000000000e+00,0.000000000000000000e+00,0.000000000000000000e+00,1.000000000000000056e-01
9.979328073501835261e-01,-5.582468808771866992e-02,3.183891037850376110e-02,5.726028092973246686e+01,5.606111810643652632e-02,9.984056470128204186e-01,-6.581416987820037229e-03,3.896986935420610365e+00,-3.142074236611298171e-02,8.352736846106984317e-03,9.994713446299208215e-01,2.733603853809539810e-03,0.000000000000000000e+00,0.000000000000000000e+00,0.000000000000000000e+00,1.000000000000000056e-01
9.978345525156445683e-01,-5.849940022839906356e-02,3.006702477500872855e-02,5.815379926047071990e+01,5.869590115813421577e-02,9.982596695125373065e-01,-5.694155947493603764e-03,3.954118717123131344e+00,-2.968159350739013602e-02,7.446636666134660854e-03,9.995316656360740959e-01,-8.595191582154833310e-03,0.000000000000000000e+00,0.000000000000000000e+00,0.000000000000000000e+00,1.000000000000000056e-01
9.977125451512404153e-01,-6.240912230910931197e-02,2.597650285239934756e-02,5.906648871765649034e+01,6.256596890534371624e-02,9.980269225553901613e-01,-5.268907814043633474e-03,4.006738726095104397e+00,-2.559642128832936500e-02,6.882100495049521711e-03,9.996486682379996935e-01,-1.672528553088003730e-02,0.000000000000000000e+00,0.000000000000000000e+00,0.000000000000000000e+00,1.000000000000000056e-01
9.977075262293932933e-01,-6.434339855088817839e-02,2.096709727516146010e-02,6.001268490860861959e+01,6.448537286632123611e-02,9.978996006681259967e-01,-6.166333812414846738e-03,4.077279328771652445e+00,-2.052629512396334649e-02,7.504268739602295776e-03,9.997611500549357100e-01,-2.461211861542745780e-02,0.000000000000000000e+00,0.000000000000000000e+00,0.000000000000000000e+00,1.000000000000000056e-01
9.977664443078159140e-01,-6.307122983710487796e-02,2.200324021986727746e-02,6.092253890408198203e+01,6.315061635547040975e-02,9.979997030813599901e-01,-2.931263113675926669e-03,4.145930212242246782e+00,-2.177434883669969456e-02,4.314234155965180999e-03,9.997536022022552871e-01,-4.573185437175203427e-02,0.000000000000000000e+00,0.000000000000000000e+00,0.000000000000000000e+00,1.000000000000000056e-01
9.975784427971408075e-01,-6.534666705227654138e-02,2.381309664009449711e-02,6.184888663739939574e+01,6.542383901855777784e-02,9.978544953465044998e-01,-2.475359538876377875e-03,4.204132608887363176e+00,-2.360024903481740266e-02,4.027309515270247227e-03,9.997133634315201745e-01,-4.532724845640435235e-02,0.000000000000000000e+00,0.000000000000000000e+00,0.000000000000000000e+00,1.000000000000000056e-01
9.975267904672284747e-01,-6.601922279589278464e-02,2.411979522252168454e-02,6.273641594703259727e+01,6.604110030756987770e-02,9.978168974361947274e-01,-1.107292729141757994e-04,4.277055930892547764e+00,-2.405982897519439237e-02,1.703353231909446623e-03,9.997090692883864316e-01,-4.322443802568014248e-02,0.000000000000000000e+00,0.000000000000000000e+00,0.000000000000000000e+00,1.000000000000000056e-01
9.974244787071261387e-01,-6.764844645166101511e-02,2.383478484262849251e-02,6.356858145897464851e+01,6.764653663762545954e-02,9.977089549213036257e-01,8.873278844366063465e-04,4.340207348270293863e+00,-2.384020462898837900e-02,7.272980935303087436e-04,9.997155173751836044e-01,-4.738340676676634083e-02,0.000000000000000000e+00,0.000000000000000000e+00,0.000000000000000000e+00,1.000000000000000056e-01
9.972242613577551040e-01,-7.013075092052430126e-02,2.500900507423553520e-02,6.438310707722996540e+01,7.010219368219129665e-02,9.975377740481140565e-01,2.017867210279940607e-03,4.397645668559765575e+00,-2.508894179562574239e-02,-2.590800207764836893e-04,9.996851893856978366e-01,-5.132650124912504358e-02,0.000000000000000000e+00,0.000000000000000000e+00,0.000000000000000000e+00,1.000000000000000056e-01
9.971328589438491763e-01,-7.115439115339192155e-02,2.575100452518015379e-02,6.518462214837484225e+01,7.113151564582090303e-02,9.974653134648684416e-01,1.804415794652669373e-03,4.445740244806158259e+00,-2.581412590800014409e-02,3.246570123300273041e-05,9.996667594001433788e-01,-5.834071560144055146e-02,0.000000000000000000e+00,0.000000000000000000e+00,0.000000000000000000e+00,1.000000000000000056e-01
9.970683829652629004e-01,-7.178762884132547373e-02,2.647972878214332679e-02,6.597908675965591385e+01,7.176228427055000858e-02,9.974199398161575081e-01,1.907410130376467226e-03,4.504917598504166953e+00,-2.654833793872122052e-02,-1.572510074791463874e-06,9.996475307578259750e-01,-6.468174211941593588e-02,0.000000000000000000e+00,0.000000000000000000e+00,0.000000000000000000e+00,1.000000000000000056e-01
9.968262522189391683e-01,-7.483433427477079181e-02,2.715226143060144731e-02,6.672593709091117375e+01,7.481313583824775182e-02,9.971959510914344404e-01,1.797173585787298442e-03,4.564562737558036432e+00,-2.721061545044047708e-02,2.398760126159764925e-04,9.996296938698383538e-01,-7.314757285087489236e-02,0.000000000000000000e+00,0.000000000000000000e+00,0.000000000000000000e+00,1.000000000000000056e-01
9.968579271347076665e-01,-7.377435801780388158e-02,2.883777397364046396e-02,6.751114578059797111e+01,7.372053864007979684e-02,9.972746451480251073e-01,2.926487228237874098e-03,4.638029262467956215e+00,-2.897508052293180231e-02,-7.913557616097538754e-04,9.995798209571600257e-01,-8.523766215239299282e-02,0.000000000000000000e+00,0.000000000000000000e+00,0.000000000000000000e+00,1.000000000000000056e-01
9.966180538983532289e-01,-7.537679437882427447e-02,3.272298142027456336e-02,6.824492048346706952e+01,7.532980221460908177e-02,9.971551038513151166e-01,2.668288136792011309e-03,4.706598323097550107e+00,-3.283101494268896026e-02,-1.942484118681072746e-04,9.994608980472359239e-01,-9.089676228999249430e-02,0.000000000000000000e+00,0.000000000000000000e+00,0.000000000000000000e+00,1.000000000000000056e-01
9.963566443717847276e-01,-7.879776589951952015e-02,3.262436674391498703e-02,6.895924946833440572e+01,7.860787104034648587e-02,9.968805794998367720e-01,7.064901030726189989e-03,4.772737929887263419e+00,-3.307929604301161619e-02,-4.474629070014471584e-03,9.994427136499542952e-01,-9.483783978098871137e-02,0.000000000000000000e+00,0.000000000000000000e+00,0.000000000000000000e+00,1.000000000000000056e-01
9.964117631487254823e-01,-7.922246618805851848e-02,2.978924487008704700e-02,6.961785498181116338e+01,7.896952780123221716e-02,9.968310405677870412e-01,9.575502043928520168e-03,4.829568740908313451e+00,-3.045343884848629792e-02,-7.188700273678988450e-03,9.995103354396475126e-01,-9.828723982819910499e-02,0.000000000000000000e+00,0.000000000000000000e+00,0.000000000000000000e+00,1.000000000000000056e-01
9.965602067941746744e-01,-7.939809008393057532e-02,2.374231508037452990e-02,7.029270268993175819e+01,7.920526990616107155e-02,9.968180966307517155e-01,8.955861127633463550e-03,4.891443808839649243e+00,-2.437784759661754466e-02,-7.044538343236131719e-03,9.996779956696489888e-01,-1.053569499661598519e-01,0.000000000000000000e+00,0.000000000000000000e+00,0.000000000000000000e+00,1.000000000000000056e-01
9.965887245691021912e-01,-8.033658771218220307e-02,1.889303407325299000e-02,7.102861781334873115e+01,8.020125148016644945e-02,9.967480446787276849e-01,7.816309240816094947e-03,4.953531657894193252e+00,-1.945953038347385949e-02,-6.274400680210281619e-03,9.997909574372828567e-01,-1.079766149212425669e-01,0.000000000000000000e+00,0.000000000000000000e+00,0.000000000000000000e+00,1.000000000000000056e-01
9.963566167775166349e-01,-8.357941074368691048e-02,1.696980563822176463e-02,7.174085260610254977e+01,8.343441696342271396e-02,9.964718943065101753e-01,9.080854759821104655e-03,5.018062600817007279e+00,-1.766890686020699403e-02,-7.631903886535726551e-03,9.998147647306635522e-01,-1.171413085574732338e-01,0.000000000000000000e+00,0.000000000000000000e+00,0.000000000000000000e+00,1.000000000000000056e-01
9.963560969687610402e-01,-8.296758578314383792e-02,1.977138696433621348e-02,7.242961774195261171e+01,8.273203028217873678e-02,9.964940646869919760e-01,1.244950637518386222e-02,5.092955983236120865e+00,-2.073497524873166645e-02,-1.076841459611176458e-02,9.997270137635176912e-01,-1.143150694671488388e-01,0.000000000000000000e+00,0.000000000000000000e+00,0.000000000000000000e+00,1.000000000000000056e-01
9.962178205819038901e-01,-8.456157487528667693e-02,1.998484449908887600e-02,7.303839346041017677e+01,8.435271909189023809e-02,9.963744223637606146e-01,1.107380878862036268e-02,5.144513151683472785e+00,-2.084880660484278447e-02,-9.346149682813361184e-03,9.997389543022019431e-01,-1.164568323613827672e-01,0.000000000000000000e+00,0.000000000000000000e+00,0.000000000000000000e+00,1.000000000000000056e-01
9.964234070584737646e-01,-8.246979044473297382e-02,1.841541555287161402e-02,7.363905367495068788e+01,8.233555146439493211e-02,9.965730846552751654e-01,7.933719539019171846e-03,5.192177125721597619e+00,-1.900659967056418653e-02,-6.389100458724187095e-03,9.997989440704021513e-01,-1.132580324256545756e-01,0.000000000000000000e+00,0.000000000000000000e+00,0.000000000000000000e+00,1.000000000000000056e-01
9.965278793661487278e-01,-8.190757755589596345e-02,1.494437636475662301e-02,7.427973843304768309e+01,8.190561940244166228e-02,9.966398125118025586e-01,7.440609796365497790e-04,5.227889243683477183e+00,-1.495510469067275194e-02,4.825508925822904072e-04,9.998880497277318202e-01,-1.020592579499610408e-01,0.000000000000000000e+00,0.000000000000000000e+00,0.000000000000000000e+00,1.000000000000000056e-01
9.967419478015454581e-01,-8.009721541787755139e-02,9.482909631722788099e-03,7.488466448129436515e+01,8.012177562059781544e-02,9.967825693973927370e-01,-2.238396062910913593e-03,5.272611614882767306e+00,-9.273109736430419983e-03,2.990890809440433472e-03,9.999525308773322685e-01,-9.970924993082291854e-02,0.000000000000000000e+00,0.000000000000000000e+00,0.000000000000000000e+00,1.000000000000000056e-01
9.969259247490243059e-01,-7.787011260859495743e-02,8.657143040712807214e-03,7.546467911106365989e+01,7.787658548132002367e-02,9.969629216711658470e-01,-4.126095776739584524e-04,5.314031689753948129e+00,-8.598720664917385709e-03,1.085529924817001200e-03,9.999624411085193953e-01,-9.058060867345876788e-02,0.000000000000000000e+00,0.000000000000000000e+00,0.000000000000000000e+00,1.000000000000000056e-01
9.973547176439945261e-01,-7.187016043476221472e-02,1.087415432801019759e-02,7.604475559339184088e+01,7.184097462033764425e-02,9.974114304254905194e-01,3.051691691000260089e-03,5.374504003891417803e+00,-1.106533139439780898e-02,-2.262409259717873891e-03,9.999362179386611649e-01,-9.653972813580972978e-02,0.000000000000000000e+00,0.000000000000000000e+00,0.000000000000000000e+00,1.000000000000000056e-01
9.977206311843985764e-01,-6.581241905055899843e-02,1.490864204811556334e-02,7.659340763413260333e+01,6.578695197519408844e-02,9.978312826805812996e-01,2.192773093441348266e-03,5.400867559406473006e+00,-1.502062111960515353e-02,-1.206980836397730447e-03,9.998864556230581124e-01,-8.895592459125710449e-02,0.000000000000000000e+00,0.000000000000000000e+00,0.000000000000000000e+00,1.000000000000000056e-01
9.981253578849854646e-01,-5.822215247065648525e-02,1.886666130117562942e-02,7.717962978759645409e+01,5.825859473666619714e-02,9.983005617618071481e-01,-1.387272636928983238e-03,5.414612005036190112e+00,-1.875382857654772986e-02,2.483817171997923425e-03,9.998210462707701751e-01,-8.512129799060648427e-02,0.000000000000000000e+00,0.000000000000000000e+00,0.000000000000000000e+00,1.000000000000000056e-01
9.986114082067768516e-01,-4.772114774091752720e-02,2.231473633202108939e-02,7.772770263475375430e+01,4.781431830689789053e-02,9.988495349836076231e-01,-3.660249701523762226e-03,5.427473924874306910e+00,-2.211439269174601471e-02,4.722131014740834493e-03,9.997442948647193850e-01,-7.704532361568716681e-02,0.000000000000000000e+00,0.000000000000000000e+00,0.000000000000000000e+00,1.000000000000000056e-01
9.990992685152192410e-01,-3.704156729031984896e-02,2.070202755844507969e-02,7.822682835503341892e+01,3.704490593670616005e-02,9.993135771685239810e-01,2.223303600042408218e-04,5.436605558667785054e+00,-2.069605267906189650e-02,5.447745635527343573e-04,9.997856653424175288e-01,-6.977061070678715338e-02,0.000000000000000000e+00,0.000000000000000000e+00,0.000000000000000000e+00,1.000000000000000056e-01
9.995646559107050910e-01,-2.134716755594314244e-02,2.036656798413183714e-02,7.871801263849724251e+01,2.126430445087340929e-02,9.997647426345191990e-01,4.276533777981641679e-03,5.452751317037627388e+00,-2.045306848212122622e-02,-3.841591112044736439e-03,9.997834336332011018e-01,-7.055592532599232192e-02,0.000000000000000000e+00,0.000000000000000000e+00,0.000000000000000000e+00,1.000000000000000056e-01
9.997812743445834149e-01,-2.568873982383835467e-03,2.075582704648352983e-02,7.919510515223704772e+01,2.386038805164728775e-03,9.999581784313494870e-01,8.828828182592373883e-03,5.454202719411987310e+00,-2.077763915225100400e-02,-8.777372882595379025e-03,9.997455913563904062e-01,-6.765452691367629390e-02,0.000000000000000000e+00,0.000000000000000000e+00,0.000000000000000000e+00,1.000000000000000056e-01
9.995402961826208577e-01,2.056314510075814977e-02,2.227898944574692106e-02,7.968373637895689399e+01,-2.075129641963531502e-02,9.997506526248007841e-01,8.247197899242329419e-03,5.453915228976972784e+00,-2.210384591112974847e-02,-8.705724544803986401e-03,9.997177753526677035e-01,-7.432031103031354335e-02,0.000000000000000000e+00,0.000000000000000000e+00,0.000000000000000000e+00,1.000000000000000056e-01
9.986712688995293963e-01,4.620868139972906380e-02,2.281347053611306602e-02,8.017678489642362649e+01,-4.634231389302880671e-02,9.989112169889470261e-01,5.363815498382441295e-03,5.427571180471494117e+00,-2.254077677551850900e-02,-6.413917442486470090e-03,9.997253498063342070e-01,-6.846355200630167837e-02,0.000000000000000000e+00,0.000000000000000000e+00,0.000000000000000000e+00,1.000000000000000056e-01
9.969979309813414847e-01,7.361877922327499102e-02,2.398751684937298206e-02,8.064777963911765823e+01,-7.376592032653829512e-02,9.972614633142982132e-01,5.306862218255404065e-03,5.395860975756760602e+00,-2.353114143646799911e-02,-7.060391908346031267e-03,9.996981725745013314e-01,-7.197155769848935514e-02,0.000000000000000000e+00,0.000000000000000000e+00,0.000000000000000000e+00,1.000000000000000056e-01
9.940664070472911007e-01,1.056110459557821069e-01,2.604391199906347029e-02,8.111297482345443655e+01,-1.057777507301129738e-01,9.943766940527439813e-01,5.104681695635558507e-03,5.340281392440740404e+00,-2.535834834068191948e-02,-7.829259023774447560e-03,9.996477664020319009e-01,-8.021844403010390534e-02,0.000000000000000000e+00,0.000000000000000000e+00,0.000000000000000000e+00,1.000000000000000056e-01
