1.000000000000000000e+00,-1.513285103475237984e-09,-6.530603648070717693e-11,2.184079033758875878e-16,1.513285103475520052e-09,1.000000000000000000e+00,4.319659943835810660e-12,3.109541866025612358e-15,6.530603647417030459e-11,-4.319660042662463097e-12,1.000000000000000000e+00,1.207059003493389579e-16,0.000000000000000000e+00,0.000000000000000000e+00,0.000000000000000000e+00,1.000000000000000056e-01
9.999823503839311289e-01,-5.863809746477694103e-03,-9.563764352523906540e-04,6.406317310195366321e-01,5.862270900414659654e-03,9.999815303406920375e-01,-1.603981726139185006e-03,6.976973764153561637e-03,9.657642149843684472e-04,1.598346878731314981e-03,9.999982562918479090e-01,8.290701510330509769e-03,0.000000000000000000e+00,0.000000000000000000e+00,0.000000000000000000e+00,1.000000000000000056e-01
9.999362946156181708e-01,-1.119693781848365814e-02,-1.426637261795027627e-03,1.303375590387249705e+00,1.119762657456455958e-02,9.999371914555120755e-01,4.757133162579552663e-04,1.586687700600365042e-02,1.421221124363537119e-03,-4.916579620732274523e-04,9.999988692008426883e-01,1.338077414539644641e-02,0.000000000000000000e+00,0.000000000000000000e+00,0.000000000000000000e+00,1.000000000000000056e-01
9.998163418495160659e-01,-1.904418017401506014e-02,-2.145174154067911333e-03,2.028942570777814147e+00,1.904851170187452786e-02,9.998165257356843583e-01,2.017193042134096583e-03,2.271665457111239281e-02,2.106364782077993405e-03,-2.057684943167130496e-03,9.999956645706418179e-01,1.896789172888608058e-02,0.000000000000000000e+00,0.000000000000000000e+00,0.000000000000000000e+00,1.000000000000000056e-01
9.996353792269639937e-01,-2.695019795224387268e-02,-1.671953378144348410e-03,2.746143492706254463e+00,2.695679508085796136e-02,9.996283653833174521e-01,4.057378469587808248e-03,4.214197597910413623e-02,1.561984869468986811e-03,-4.100969569713112939e-03,9.999903710795698952e-01,2.506682307312393249e-02,0.000000000000000000e+00,0.000000000000000000e+00,0.000000000000000000e+00,1.000000000000000056e-01
9.994444563927312730e-01,-3.327144050841680106e-02,-1.946749170452499343e-03,3.443854507594335423e+00,3.327553662342464663e-02,9.994439867272033595e-01,2.110937530314437559e-03,5.891537779565421407e-02,1.875432819618080881e-03,-2.174543935782141148e-03,9.999958770467058944e-01,3.104615249917008768e-02,0.000000000000000000e+00,0.000000000000000000e+00,0.000000000000000000e+00,1.000000000000000056e-01
9.991329694503919834e-01,-4.158720122307192624e-02,-1.952959721496354620e-03,4.182116794253667891e+00,4.159512736270880306e-02,9.991256771869041486e-01,4.210292803380533133e-03,9.641030510046590118e-02,1.776157910236555396e-03,-4.287875959247088031e-03,9.999892296334176311e-01,4.506663486800583512e-02,0.000000000000000000e+00,0.000000000000000000e+00,0.000000000000000000e+00,1.000000000000000056e-01
9.988934438755773249e-01,-4.694002081893266370e-02,-2.919285513099635458e-03,4.952419027629467507e+00,4.695770199736865741e-02,9.988769117674090037e-01,6.315802492964483171e-03,1.362007094095730453e-01,2.619542997384280078e-03,-6.445896642204618048e-03,9.999757939125141215e-01,5.337539059033807182e-02,0.000000000000000000e+00,0.000000000000000000e+00,0.000000000000000000e+00,1.000000000000000056e-01
9.985427460785641918e-01,-5.393875433074600545e-02,-1.730616978868628874e-03,5.737997211436121070e+00,5.394821160682701511e-02,9.985257989790706779e-01,5.984917512670568512e-03,1.886714439157641532e-01,1.405246706145826027e-03,-6.069559659142131913e-03,9.999805926752973750e-01,5.627378620000037662e-02,0.000000000000000000e+00,0.000000000000000000e+00,0.000000000000000000e+00,1.000000000000000056e-01
9.980862853644584254e-01,-6.180660754704766363e-02,1.926195966688790118e-03,6.546454821486877407e+00,6.179679302776144162e-02,9.980772332859719764e-01,4.795077445000846955e-03,2.379040922232253108e-01,-2.218859811000213275e-03,-4.666868301631417124e-03,9.999866484115647047e-01,5.870337128162121665e-02,0.000000000000000000e+00,0.000000000000000000e+00,0.000000000000000000e+00,1.000000000000000056e-01
9.978915037673776744e-01,-6.479903742112388954e-02,3.692080467351157268e-03,7.370736522581379013e+00,6.477700802373059785e-02,9.978828915431197100e-01,5.802930038867996909e-03,3.053172688863589057e-01,-4.060288213311016858e-03,-5.551532656685008102e-03,9.999763469926609138e-01,6.891809909646286203e-02,0.000000000000000000e+00,0.000000000000000000e+00,0.000000000000000000e+00,1.000000000000000056e-01
9.975632377857885924e-01,-6.969564023373633899e-02,3.178734141736489632e-03,8.187593226529664037e+00,6.967671752359994031e-02,9.975532307467583903e-01,5.718991330732910335e-03,3.656577309404372977e-01,-3.569545275060877210e-03,-5.483571747878381204e-03,9.999785941646026632e-01,7.420876087160488410e-02,0.000000000000000000e+00,0.000000000000000000e+00,0.000000000000000000e+00,1.000000000000000056e-01
9.972827107896834464e-01,-7.358745391483008380e-02,3.475828867110758880e-03,9.020521632599804107e+00,7.356512444515385385e-02,9.972713519787191894e-01,6.166278286499508009e-03,4.394748090098928861e-01,-3.920105272784006438e-03,-5.893822941884732484e-03,9.999749474990761167e-01,7.841069809394191070e-02,0.000000000000000000e+00,0.000000000000000000e+00,0.000000000000000000e+00,1.000000000000000056e-01
9.970870414651517022e-01,-7.614937760428448776e-02,4.324815921060521338e-03,9.801592330522412411e+00,7.612908276285577924e-02,9.970869959122005133e-01,4.678177045579381792e-03,5.224505115518678355e-01,-4.668457984947011093e-03,-4.335305440638397532e-03,9.999797051074482690e-01,8.939882406797843017e-02,0.000000000000000000e+00,0.000000000000000000e+00,0.000000000000000000e+00,1.000000000000000056e-01
9.968422284779850928e-01,-7.926668481765755669e-02,4.729080361193189162e-03,1.057728866966915682e+01,7.923990510134187870e-02,9.968398200105244022e-01,5.604523254988599823e-03,5.581835570835613769e-01,-5.158387594473537625e-03,-5.212093572021958554e-03,9.999731121975338199e-01,9.294195425945142586e-02,0.000000000000000000e+00,0.000000000000000000e+00,0.000000000000000000e+00,1.000000000000000056e-01
9.966177914229320534e-01,-8.199153649157331358e-02,5.510513862427231929e-03,1.137824633714185119e+01,8.196838125302149947e-02,9.966256347076671851e-01,4.304499773364432215e-03,6.391754556238952167e-01,-5.844851925952717145e-03,-3.838253156135476747e-03,9.999755524604954093e-01,1.074458944422579110e-01,0.000000000000000000e+00,0.000000000000000000e+00,0.000000000000000000e+00,1.000000000000000056e-01
9.963357636447152110e-01,-8.540720188317478534e-02,4.544881625401882806e-03,1.223692365910749480e+01,8.537485520569872144e-02,9.963250766885468623e-01,6.890258352710013773e-03,7.196219809856632121e-01,-5.116657220126034737e-03,-6.476992206860982329e-03,9.999659336151627276e-01,1.012176048907979520e-01,0.000000000000000000e+00,0.000000000000000000e+00,0.000000000000000000e+00,1.000000000000000056e-01
9.960851947282354235e-01,-8.837078474200614486e-02,2.211164239772097414e-03,1.311288877203586445e+01,8.835640280738361885e-02,9.960713097397206894e-01,5.923849790191023854e-03,8.211700189145371143e-01,-2.725972515012376179e-03,-5.705288553560656714e-03,9.999800091783674905e-01,1.015655139365043563e-01,0.000000000000000000e+00,0.000000000000000000e+00,0.000000000000000000e+00,1.000000000000000056e-01
9.963703503734590017e-01,-8.512330502471573968e-02,-3.844975158657817612e-04,1.398676627648019277e+01,8.512303602705012517e-02,9.963235239034901047e-01,9.669770114589104973e-03,9.122476847074801887e-01,-4.400388710435151115e-04,-9.667401832999302294e-03,9.999531727574003659e-01,1.103910146392075020e-01,0.000000000000000000e+00,0.000000000000000000e+00,0.000000000000000000e+00,1.000000000000000056e-01
9.948823927960832592e-01,-1.010391883572558241e-01,3.269869215266461458e-04,1.494143596488052061e+01,1.010306178367044311e-01,9.948310164428750824e-01,1.020112654415004753e-02,1.032248768340802147e+00,-1.356010277856458703e-03,-1.011588549475327982e-02,9.999479136918999478e-01,1.123095656831697847e-01,0.000000000000000000e+00,0.000000000000000000e+00,0.000000000000000000e+00,1.000000000000000056e-01
9.941535556168087373e-01,-1.079592119024207070e-01,1.875211952010963443e-03,1.591678855584914132e+01,1.079353562568605290e-01,9.941076030084644577e-01,1.000162539139748397e-02,1.159268642308209696e+00,-2.943930053744955085e-03,-9.740749774707738867e-03,9.999482241944656069e-01,1.201561430224368371e-01,0.000000000000000000e+00,0.000000000000000000e+00,0.000000000000000000e+00,1.000000000000000056e-01
9.938700272764829924e-01,-1.105188658546284869e-01,2.819427539339402784e-03,1.684074816593484769e+01,1.104864559062738588e-01,9.938291079293369856e-01,9.820758303172298642e-03,1.273229426713202717e+00,-3.887408225792112187e-03,-9.449048766143441913e-03,9.999478004049516811e-01,1.274497784676589807e-01,0.000000000000000000e+00,0.000000000000000000e+00,0.000000000000000000e+00,1.000000000000000056e-01
9.935044888181937539e-01,-1.137596605154190116e-01,2.751424633905377119e-03,1.772979143587703632e+01,1.137312425665328169e-01,9.934716539445729300e-01,8.903778574694027823e-03,1.369751243733274615e+00,-3.746353209711469987e-03,-8.533021038959550872e-03,9.999565752519340434e-01,1.374599071453080357e-01,0.000000000000000000e+00,0.000000000000000000e+00,0.000000000000000000e+00,1.000000000000000056e-01
9.931682894030277042e-01,-1.166572092844200687e-01,2.800793857979254689e-03,1.864022815512816322e+01,1.166278146740542948e-01,9.931346932711265785e-01,9.024071454710701212e-03,1.478020221616370256e+00,-3.834288541349629119e-03,-8.635771143117084575e-03,9.999553598477011196e-01,1.435883787094797137e-01,0.000000000000000000e+00,0.000000000000000000e+00,0.000000000000000000e+00,1.000000000000000056e-01
9.926812104098495793e-01,-1.207444117115012011e-01,2.191241583980933511e-03,1.956547126386658064e+01,1.207280924833059182e-01,9.926645107664134882e-01,6.472769903161794229e-03,1.586268872722444323e+00,-2.956718549034635570e-03,-6.160852645570979134e-03,9.999766505824529972e-01,1.545690929431952909e-01,0.000000000000000000e+00,0.000000000000000000e+00,0.000000000000000000e+00,1.000000000000000056e-01
9.924522534278892305e-01,-1.225633774003062892e-01,4.091843855129822377e-03,2.048936882858649255e+01,1.225437437233790061e-01,9.924517593623758405e-01,4.747232118162769167e-03,1.703417098394161888e+00,-4.642794434764957109e-03,-4.209971348476779403e-03,9.999803601076781012e-01,1.683362160920176265e-01,0.000000000000000000e+00,0.000000000000000000e+00,0.000000000000000000e+00,1.000000000000000056e-01
9.926141190108522805e-01,-1.211985670820561467e-01,5.302648165387432132e-03,2.141099718711383915e+01,1.211735423895638764e-01,9.926196766838469854e-01,4.811453503842808878e-03,1.823576691849459142e+00,-5.846654177742753415e-03,-4.133376018633091835e-03,9.999743655902457729e-01,1.701652943600089618e-01,0.000000000000000000e+00,0.000000000000000000e+00,0.000000000000000000e+00,1.000000000000000056e-01
9.925363314642631218e-01,-1.215647186015505893e-01,9.677288607259040831e-03,2.236411895958839935e+01,1.215440532171805782e-01,9.925823717220403353e-01,2.697864746158168143e-03,1.945802926386553722e+00,-9.933471246323620496e-03,-1.501511896459885569e-03,9.999495345321298689e-01,1.751743087654968334e-01,0.000000000000000000e+00,0.000000000000000000e+00,0.000000000000000000e+00,1.000000000000000056e-01
9.927851761247409312e-01,-1.192490440077634134e-01,1.254031778711030623e-02,2.332692946935736344e+01,1.192176411066845493e-01,9.928629068588953333e-01,3.225249240328023018e-03,2.072759468888115020e+00,-1.283542425964052935e-02,-1.706952529797754140e-03,9.999161655844633900e-01,1.749524448236127461e-01,0.000000000000000000e+00,0.000000000000000000e+00,0.000000000000000000e+00,1.000000000000000056e-01
9.930704372492511478e-01,-1.168148214236963828e-01,1.286095475970363937e-02,2.424516228606614376e+01,1.168094518741953497e-01,9.931536547532465731e-01,1.170471323525283137e-03,2.175251719374349690e+00,-1.290963262185499359e-02,3.399206070188431341e-04,9.999166094427822671e-01,1.718701745033678063e-01,0.000000000000000000e+00,0.000000000000000000e+00,0.000000000000000000e+00,1.000000000000000056e-01
9.930998061281225420e-01,-1.167053627840650143e-01,1.151665601314811813e-02,2.519630682850527492e+01,1.167070823044423777e-01,9.931662405528538518e-01,5.249438968497372078e-04,2.284595369334751602e+00,-1.149921772424186348e-02,8.227536390088133807e-04,9.999335433258451644e-01,1.690715724344142856e-01,0.000000000000000000e+00,0.000000000000000000e+00,0.000000000000000000e+00,1.000000000000000056e-01
9.932864308462954206e-01,-1.154512045483998828e-01,7.285991006799383447e-03,2.613603021186407815e+01,1.154524251842269644e-01,9.933129783073284536e-01,2.542544107154082796e-04,2.404121285239143813e+00,-7.266623404863143711e-03,5.886378754590204177e-04,9.999734244917428683e-01,1.654892082728080804e-01,0.000000000000000000e+00,0.000000000000000000e+00,0.000000000000000000e+00,1.000000000000000056e-01
9.932021233860474085e-01,-1.162315140116244733e-01,6.306920961307475176e-03,2.707553836244221657e+01,1.162406116793816419e-01,9.932204803207900223e-01,-1.094380072126528540e-03,2.516889141267693919e+00,-6.136961613847653069e-03,1.820060961783338382e-03,9.999795123302505084e-01,1.674375292281040650e-01,0.000000000000000000e+00,0.000000000000000000e+00,0.000000000000000000e+00,1.000000000000000056e-01
9.932820504096753211e-01,-1.154947431022408794e-01,7.192541254561430307e-03,2.802844523632940010e+01,1.155145924159216436e-01,9.933028670833139451e-01,-2.406903207811410175e-03,2.628633815954691588e+00,-6.866387182112745728e-03,3.221577224847907862e-03,9.999712366699602395e-01,1.699951145888394244e-01,0.000000000000000000e+00,0.000000000000000000e+00,0.000000000000000000e+00,1.000000000000000056e-01
9.932171792922669384e-01,-1.158341417411004881e-01,1.010377977864932060e-02,2.903429356399824712e+01,1.158926674944615043e-01,9.932470024184889557e-01,-5.411266737498020632e-03,2.746499523894275541e+00,-9.408739539969733154e-03,6.545517075740121468e-03,9.999343137558988071e-01,1.750541398873935173e-01,0.000000000000000000e+00,0.000000000000000000e+00,0.000000000000000000e+00,1.000000000000000056e-01
9.932874419432744517e-01,-1.147659130053921978e-01,1.445139750421811295e-02,2.998790461434416343e+01,1.148912562975847734e-01,9.933445451484459454e-01,-8.161730832968769334e-03,2.853189611933282244e+00,-1.341852838983700544e-02,9.767283955424498065e-03,9.998622621441342062e-01,1.742139943505540134e-01,0.000000000000000000e+00,0.000000000000000000e+00,0.000000000000000000e+00,1.000000000000000056e-01
9.931252580842490074e-01,-1.160653000652047406e-01,1.520091694168046979e-02,3.091537542956266549e+01,1.162954644382432345e-01,9.930976017328403405e-01,-1.524855349120722049e-02,2.939812519173213179e+00,-1.332616622240568628e-02,1.691152131698653652e-02,9.997681800000227659e-01,1.783507013440760458e-01,0.000000000000000000e+00,0.000000000000000000e+00,0.000000000000000000e+00,1.000000000000000056e-01
9.932286536064023341e-01,-1.156024935309590274e-01,1.152844935964364263e-02,3.186608287050238530e+01,1.158018258639001152e-01,9.931008831271113113e-01,-1.845462160919513622e-02,3.040681302645452000e+00,-9.315512964955004541e-03,1.966467445894274496e-02,9.997632328689746162e-01,1.801526229936910861e-01,0.000000000000000000e+00,0.000000000000000000e+00,0.000000000000000000e+00,1.000000000000000056e-01
9.929885341150943567e-01,-1.179444156301243662e-01,7.930065423726630203e-03,3.286432954702952713e+01,1.180708144698274786e-01,9.928418615520517854e-01,-1.800890669330285423e-02,3.156061466380271963e+00,-5.749250941443267982e-03,1.881894714177673525e-02,9.998063779262899020e-01,1.755405881591719508e-01,0.000000000000000000e+00,0.000000000000000000e+00,0.000000000000000000e+00,1.000000000000000056e-01
9.928567107436249151e-01,-1.191495427251991340e-01,6.240064080262312449e-03,3.383306794422355068e+01,1.192437145568385343e-01,9.927034697675632957e-01,-1.790970826472913779e-02,3.276062648559677548e+00,-4.060599713964139351e-03,1.852586245810006887e-02,9.998201357995079031e-01,1.773300136506916758e-01,0.000000000000000000e+00,0.000000000000000000e+00,0.000000000000000000e+00,1.000000000000000056e-01
9.926538376806907094e-01,-1.207589914349332383e-01,7.458185128751847713e-03,3.479771259661133342e+01,1.208771527119723577e-01,9.925004168397848492e-01,-1.821089028849861430e-02,3.394791976471465578e+00,-5.203123104783179999e-03,1.897863431522246735e-02,9.998063507247219039e-01,1.883748234857551551e-01,0.000000000000000000e+00,0.000000000000000000e+00,0.000000000000000000e+00,1.000000000000000056e-01
9.925638886193879351e-01,-1.213911277655932569e-01,9.006725740061718652e-03,3.577395361995572642e+01,1.215337551098055330e-01,9.924334406307897538e-01,-1.747604894255343558e-02,3.528326541531183747e+00,-6.817138525004083106e-03,1.844071629655742381e-02,9.998067146227819224e-01,1.852460753940855520e-01,0.000000000000000000e+00,0.000000000000000000e+00,0.000000000000000000e+00,1.000000000000000056e-01
9.925445025982467806e-01,-1.214195115248906248e-01,1.061661824950719743e-02,3.674510510612671510e+01,1.215934798157029401e-01,9.924229726429316667e-01,-1.765415069821118371e-02,3.643178347823408991e+00,-8.392617488427522171e-03,1.881344178038298759e-02,9.997877866727864493e-01,1.976384994469258249e-01,0.000000000000000000e+00,0.000000000000000000e+00,0.000000000000000000e+00,1.000000000000000056e-01
9.923079231235820696e-01,-1.230996293129138913e-01,1.309453967065077329e-02,3.773310649107589398e+01,1.233077164612035453e-01,9.922315148980901389e-01,-1.648720425555920757e-02,3.781469187846040469e+00,-1.096324620203732031e-02,1.797504119784682983e-02,9.997783279940855028e-01,2.003082221863776158e-01,0.000000000000000000e+00,0.000000000000000000e+00,0.000000000000000000e+00,1.000000000000000056e-01
9.924182142379756044e-01,-1.221515269377215218e-01,1.360487102072838878e-02,3.873587315013944732e+01,1.223582481060425664e-01,9.923639084572610791e-01,-1.556702642924800636e-02,3.920572510498760987e+00,-1.159944693197444143e-02,1.711366875371466909e-02,9.997862647449505813e-01,2.115267701211759055e-01,0.000000000000000000e+00,0.000000000000000000e+00,0.000000000000000000e+00,1.000000000000000056e-01
9.925333298917389246e-01,-1.210666471801022520e-01,1.484776059159081431e-02,3.976284936524218239e+01,1.212425869249911942e-01,9.925553387984139553e-01,-1.158164662306524102e-02,4.062392246927066353e+00,-1.333507291890489825e-02,1.329535119258776384e-02,9.998226890138637302e-01,2.120110966442387279e-01,0.000000000000000000e+00,0.000000000000000000e+00,0.000000000000000000e+00,1.000000000000000056e-01
9.921121518551573315e-01,-1.245582438180685286e-01,1.409688044525234628e-02,4.076347868863213364e+01,1.247601012552860961e-01,9.920812833623872118e-01,-1.447909999998635462e-02,4.181686335267926324e+00,-1.218175997546759072e-02,1.612361928964581650e-02,9.997957959628068769e-01,2.263047930485884152e-01,0.000000000000000000e+00,0.000000000000000000e+00,0.000000000000000000e+00,1.000000000000000056e-01
9.923115655856564743e-01,-1.230449111479538504e-01,1.333066560737076328e-02,4.177066190979417826e+01,1.232153032669012493e-01,9.922971992057787460e-01,-1.281629779665779956e-02,4.300604947552858270e+00,-1.165100192210733257e-02,1.436030253717534080e-02,9.998290033126924214e-01,2.488489230659399476e-01,0.000000000000000000e+00,0.000000000000000000e+00,0.000000000000000000e+00,1.000000000000000056e-01
9.925303810781682667e-01,-1.216348308595213007e-01,9.402688902741054844e-03,4.278054141553587897e+01,1.217375933044825692e-01,9.924984421702576221e-01,-1.126058018239991729e-02,4.406821257542686610e+00,-7.962475322315774873e-03,1.232112865720912109e-02,9.998923885975700143e-01,2.567948387006463440e-01,0.000000000000000000e+00,0.000000000000000000e+00,0.000000000000000000e+00,1.000000000000000056e-01
9.928004385555145861e-01,-1.194916948805110207e-01,8.308071891886242150e-03,4.381616439958537512e+01,1.195828726751057419e-01,9.927574576379399884e-01,-1.151376858475197662e-02,4.537922529692242968e+00,-6.872100606608219295e-03,1.242437760359152432e-02,9.998991994568332542e-01,2.657849260761157573e-01,0.000000000000000000e+00,0.000000000000000000e+00,0.000000000000000000e+00,1.000000000000000056e-01
9.927670790741227602e-01,-1.195674062707074992e-01,1.082414266027404912e-02,4.480247481244507668e+01,1.197084818215109203e-01,9.927174706124324288e-01,-1.348713909038617466e-02,4.658664812171915415e+00,-9.132693284205635476e-03,1.468532936470996232e-02,9.998504563257580857e-01,2.773824855908699205e-01,0.000000000000000000e+00,0.000000000000000000e+00,0.000000000000000000e+00,1.000000000000000056e-01
9.925836516923395303e-01,-1.211683208219934693e-01,9.794509802893289901e-03,4.576148535270814222e+01,1.212844591427197916e-01,9.925417270924346003e-01,-1.228820372654076086e-02,4.778233723909138142e+00,-8.232518664323982410e-03,1.338499195164122128e-02,9.998765261905572244e-01,2.806748839824473318e-01,0.000000000000000000e+00,0.000000000000000000e+00,0.000000000000000000e+00,1.000000000000000056e-01
9.921111721409916484e-01,-1.252269487590136621e-01,5.799432518357565403e-03,4.666685772501753604e+01,1.252931417101401934e-01,9.920350049687716165e-01,-1.296832899844492341e-02,4.897227434663850687e+00,-4.129255796186609775e-03,1.359265320371817569e-02,9.998990894212540503e-01,2.953233814053557449e-01,0.000000000000000000e+00,0.000000000000000000e+00,0.000000000000000000e+00,1.000000000000000056e-01
9.924033361066006975e-01,-1.229462125740207051e-01,4.455030661288238159e-03,4.762164641108780216e+01,1.229926537650605917e-01,9.923307548366737674e-01,-1.234828429804262113e-02,5.017669617647430691e+00,-2.902689152705093326e-03,1.280241457620680430e-02,9.999138325759383550e-01,2.978724057771807154e-01,0.000000000000000000e+00,0.000000000000000000e+00,0.000000000000000000e+00,1.000000000000000056e-01
9.924404897017596872e-01,-1.226561714144613069e-01,4.163894148227885277e-03,4.856144748842955750e+01,1.226959819745731539e-01,9.923804602721103540e-01,-1.125691242791343645e-02,5.142827757885889639e+00,-2.751437410987005085e-03,1.168270876384323344e-02,9.999279693598497332e-01,3.103317653271243093e-01,0.000000000000000000e+00,0.000000000000000000e+00,0.000000000000000000e+00,1.000000000000000056e-01
9.928458868514480340e-01,-1.191887642014460569e-01,7.147268729637570872e-03,4.952082117624861723e+01,1.192765243137310083e-01,9.927698443497880998e-01,-1.345908233623257372e-02,5.271999978757681227e+00,-5.491421473307327161e-03,1.421529591073087545e-02,9.998838780840367813e-01,3.123858749106465660e-01,0.000000000000000000e+00,0.000000000000000000e+00,0.000000000000000000e+00,1.000000000000000056e-01
9.931384371928098087e-01,-1.165665853360211834e-01,9.395517725140996659e-03,5.050664837273699703e+01,1.167073913660912621e-01,9.930346858711636138e-01,-1.617088300871006093e-02,5.397370342614923544e+00,-7.445090378588722566e-03,1.715645184353315270e-02,9.998250980993601544e-01,3.347453883524966201e-01,0.000000000000000000e+00,0.000000000000000000e+00,0.000000000000000000e+00,1.000000000000000056e-01
9.932917091816463317e-01,-1.152734235456545353e-01,9.144303968476517191e-03,5.142346691333121100e+01,1.154072847180777628e-01,9.931927865488486828e-01,-1.578757046963276053e-02,5.522114501468871950e+00,-7.262169441998042076e-03,1.673698214724582758e-02,9.998335533095488170e-01,3.388925664896277890e-01,0.000000000000000000e+00,0.000000000000000000e+00,0.000000000000000000e+00,1.000000000000000056e-01
9.932573261684548571e-01,-1.155616014839688371e-01,9.241226928932096130e-03,5.235868363844888762e+01,1.157194261905569316e-01,9.931020085626206528e-01,-1.890542226496982545e-02,5.640528122579287817e+00,-6.992740151034848584e-03,1.984733864650225013e-02,9.997785678508172014e-01,3.520290046951872198e-01,0.000000000000000000e+00,0.000000000000000000e+00,0.000000000000000000e+00,1.000000000000000056e-01
9.934039253943347525e-01,-1.145023356482390564e-01,6.152734532303524156e-03,5.332395241356526583e+01,1.146110703753285553e-01,9.931679775249104836e-01,-2.194700358819851038e-02,5.759330747001344619e+00,-3.597715740366554116e-03,2.250741100564250530e-02,9.997402026983183143e-01,3.761791487477685880e-01,0.000000000000000000e+00,0.000000000000000000e+00,0.000000000000000000e+00,1.000000000000000056e-01
9.931800635639828068e-01,-1.163284367066465680e-01,7.813843640021687562e-03,5.425792486553951477e+01,1.164928843369933548e-01,9.928596962216216237e-01,-2.567160917350305022e-02,5.878039744467165484e+00,-4.771712259857566890e-03,2.640678761411387881e-02,9.996398913258774943e-01,3.769771602187072523e-01,0.000000000000000000e+00,0.000000000000000000e+00,0.000000000000000000e+00,1.000000000000000056e-01
9.931807119929749739e-01,-1.159679353692976700e-01,1.197961983160597023e-02,5.519492017916068249e+01,1.162553954425269709e-01,9.928518783741006049e-01,-2.701537783415027677e-02,5.986536616816767520e+00,-8.761070461369717746e-03,2.822384763285509801e-02,9.995632336521628192e-01,3.899315817321967748e-01,0.000000000000000000e+00,0.000000000000000000e+00,0.000000000000000000e+00,1.000000000000000056e-01
9.929319925685973214e-01,-1.174332884565303936e-01,1.718955776162472623e-02,5.613424575482178369e+01,1.178427055291734749e-01,9.927140349748790893e-01,-2.513844699775874547e-02,6.105747330977672860e+00,-1.411222474733922830e-02,2.698643226104452397e-02,9.995361812293243053e-01,4.117773881611035969e-01,0.000000000000000000e+00,0.000000000000000000e+00,0.000000000000000000e+00,1.000000000000000056e-01
9.929351456768265027e-01,-1.172609174352551714e-01,1.815691939679028519e-02,5.708554931327810067e+01,1.176511206329763776e-01,9.928076630338504849e-01,-2.216208553067907164e-02,6.228759846529571931e+00,-1.542758223261533369e-02,2.414169553918211683e-02,9.995894998662947506e-01,4.083698283498125581e-01,0.000000000000000000e+00,0.000000000000000000e+00,0.000000000000000000e+00,1.000000000000000056e-01
9.930133308151846139e-01,-1.173194367824611228e-01,1.267574756686535783e-02,5.796603542161350475e+01,1.175988564261671032e-01,9.927670173201982307e-01,-2.416936673590896340e-02,6.332417661054038582e+00,-9.748527611415092053e-03,2.549115678432882504e-02,9.996275141947655873e-01,4.198255579691400063e-01,0.000000000000000000e+00,0.000000000000000000e+00,0.000000000000000000e+00,1.000000000000000056e-01
9.930404136673155469e-01,-1.175578888948458356e-01,7.132992502026818879e-03,5.887745806551878047e+01,1.176964513925788935e-01,9.927627973136025075e-01,-2.386574112960605440e-02,6.436209101883723527e+00,-4.275763445421715270e-03,2.453917334911949119e-02,9.996897252739475048e-01,4.274021197276371975e-01,0.000000000000000000e+00,0.000000000000000000e+00,0.000000000000000000e+00,1.000000000000000056e-01
9.932099187651105554e-01,-1.162748672967854058e-01,3.769947177008547631e-03,5.982993862380859440e+01,1.163319447791310579e-01,9.929234353016949122e-01,-2.387321202909573406e-02,6.561331651125740017e+00,-9.674143412701258649e-04,2.414967626689643390e-02,9.997078859575413423e-01,4.385628771615237009e-01,0.000000000000000000e+00,0.000000000000000000e+00,0.000000000000000000e+00,1.000000000000000056e-01
9.930033900450944140e-01,-1.180831075042782230e-01,8.044135026438832461e-04,6.074204475998795516e+01,1.180738445404357628e-01,9.927822933550767281e-01,-2.102106648282815737e-02,6.677133001990576133e+00,1.683625371385792787e-03,2.096897047466907138e-02,9.997787093566462557e-01,4.434978457206805724e-01,0.000000000000000000e+00,0.000000000000000000e+00,0.000000000000000000e+00,1.000000000000000056e-01
9.927635308079001408e-01,-1.200562981787410832e-01,2.656532598859675902e-03,6.166927888880215392e+01,1.200848878328878711e-01,9.925946256357237596e-01,-1.831744723590343973e-02,6.804849503001757505e+00,-4.377350732272368514e-04,1.850390301246138472e-02,9.998286923074928279e-01,4.650444194337253201e-01,0.000000000000000000e+00,0.000000000000000000e+00,0.000000000000000000e+00,1.000000000000000056e-01
9.925132227488865366e-01,-1.220756853705047829e-01,3.876816985710872243e-03,6.253837752883833190e+01,1.221239333966821217e-01,9.923734564642969769e-01,-1.675314289400189199e-02,6.928572357922913483e+00,-1.802098871294112621e-03,1.710116798425250634e-02,9.998521403153730613e-01,4.789285747929810100e-01,0.000000000000000000e+00,0.000000000000000000e+00,0.000000000000000000e+00,1.000000000000000056e-01
9.924603651730029563e-01,-1.224998452606635563e-01,4.026347201020512301e-03,6.334312729557615995e+01,1.225490103643214340e-01,9.923341409448567241e-01,-1.595909690297831612e-02,7.037492344718989656e+00,-2.040494889755639727e-03,1.633219600502942154e-02,9.998645387022474518e-01,4.927732648268243199e-01,0.000000000000000000e+00,0.000000000000000000e+00,0.000000000000000000e+00,1.000000000000000056e-01
9.922825977472373715e-01,-1.238786108823982934e-01,5.416269365682168171e-03,6.414922976176036684e+01,1.239488179844728810e-01,9.921677014103211789e-01,-1.549008710148891584e-02,7.144601816783419324e+00,-3.454957054188214065e-03,1.604188405415821195e-02,9.998653515487706533e-01,5.024782468543159686e-01,0.000000000000000000e+00,0.000000000000000000e+00,0.000000000000000000e+00,1.000000000000000056e-01
9.923895408677393393e-01,-1.229418918745734807e-01,6.949129342449903574e-03,6.494226275305895513e+01,1.230414018918070257e-01,9.922661104442104252e-01,-1.639449555237645559e-02,7.256921921075011994e+00,-4.879815244068058319e-03,1.712475653020359076e-02,9.998414524898260325e-01,5.235245584132715013e-01,0.000000000000000000e+00,0.000000000000000000e+00,0.000000000000000000e+00,1.000000000000000056e-01
9.924075730947706786e-01,-1.227362875834225875e-01,7.938046005582378994e-03,6.574036715446035828e+01,1.228595287195000940e-01,9.922688351700067466e-01,-1.755263379611068930e-02,7.365652878113565727e+00,-5.722330554039208907e-03,1.839463129821902049e-02,9.998144290179217242e-01,5.346833500239136505e-01,0.000000000000000000e+00,0.000000000000000000e+00,0.000000000000000000e+00,1.000000000000000056e-01
9.923755641754011814e-01,-1.229559054625671277e-01,8.519679538247011685e-03,6.648113200887341634e+01,1.230949699462267344e-01,9.922247770773582332e-01,-1.837444224253337657e-02,7.460763460912672507e+00,-6.194190947307339802e-03,1.928307718355437919e-02,9.997948764285808920e-01,5.450103405875229567e-01,0.000000000000000000e+00,0.000000000000000000e+00,0.000000000000000000e+00,1.000000000000000056e-01
9.921442412216242568e-01,-1.246685447977460420e-01,1.037104376521036549e-02,6.725887488622070975e+01,1.248338952249750805e-01,9.920283636882344380e-01,-1.721116617211153332e-02,7.574414665809031888e+00,-8.142678535191365599e-03,1.837061719312878261e-02,9.997980882209247522e-01,5.504349595581520260e-01,0.000000000000000000e+00,0.000000000000000000e+00,0.000000000000000000e+00,1.000000000000000056e-01
9.923737314475832294e-01,-1.226033685218326508e-01,1.275896390384703358e-02,6.799995506945214174e+01,1.228028511782534304e-01,9.922981780073572011e-01,-1.624147979006409712e-02,7.681754458610020819e+00,-1.066943650300792440e-02,1.768445504896925050e-02,9.997866888363383664e-01,5.616583857790701240e-01,0.000000000000000000e+00,0.000000000000000000e+00,0.000000000000000000e+00,1.000000000000000056e-01
9.921744605135062178e-01,-1.240581144977344757e-01,1.412176093835315789e-02,6.871147409379861415e+01,1.242515066664876960e-01,9.921554161372478919e-01,-1.375475629127224236e-02,7.779102194214323696e+00,-1.230459246951142414e-02,1.540176797616212359e-02,9.998056723920742961e-01,5.786491730158771496e-01,0.000000000000000000e+00,0.000000000000000000e+00,0.000000000000000000e+00,1.000000000000000056e-01
9.918526367618969442e-01,-1.268710078135765196e-01,1.149322952176447948e-02,6.937607473507620170e+01,1.270128752005779127e-01,9.918211579257497634e-01,-1.259048148830486068e-02,7.875825783611348108e+00,-9.801861137303441440e-03,1.394769038917649702e-02,9.998546821668899964e-01,5.868127235267472930e-01,0.000000000000000000e+00,0.000000000000000000e+00,0.000000000000000000e+00,1.000000000000000056e-01
9.921358840365658294e-01,-1.250399024484802335e-01,5.604498430416118837e-03,7.007232665427112295e+01,1.251046389938009207e-01,9.920548260515215100e-01,-1.326843661160242299e-02,7.978568852265720324e+00,-3.900885695933877569e-03,1.386524084031383677e-02,9.998962637130051068e-01,5.921535408144771306e-01,0.000000000000000000e+00,0.000000000000000000e+00,0.000000000000000000e+00,1.000000000000000056e-01
9.923860918982602142e-01,-1.231653926831765972e-01,3.614582919252855341e-04,7.082546631725702468e+01,1.231561843320010535e-01,9.922664460541696929e-01,-1.548723008835892027e-02,8.077602719753516070e+00,1.548827840681920361e-03,1.541382756574433653e-02,9.998800003260858160e-01,6.069949293402684409e-01,0.000000000000000000e+00,0.000000000000000000e+00,0.000000000000000000e+00,1.000000000000000056e-01
9.923145657395107122e-01,-1.237374177228111605e-01,9.241625921581310887e-04,7.154515353717387427e+01,1.237384088612469291e-01,9.922200703861926430e-01,-1.371634409402777525e-02,8.183272489520600601e+00,7.802523265531016673e-04,1.372528244188160780e-02,9.999054994489217085e-01,6.196204612127457212e-01,0.000000000000000000e+00,0.000000000000000000e+00,0.000000000000000000e+00,1.000000000000000056e-01
9.925497199443318319e-01,-1.217792174940761640e-01,3.856893174415292665e-03,7.221669578156367209e+01,1.218164173797287309e-01,9.924844708121786097e-01,-1.163338529567133767e-02,8.284052348524193476e+00,-2.411202023074718228e-03,1.201654622594669486e-02,9.999248915401613980e-01,6.307994858791945436e-01,0.000000000000000000e+00,0.000000000000000000e+00,0.000000000000000000e+00,1.000000000000000056e-01
9.924965977836356368e-01,-1.221194510781106607e-01,6.110896520894122316e-03,7.283957322445714055e+01,1.221862842093620199e-01,9.924331484400796821e-01,-1.212261640157445870e-02,8.368409244562942106e+00,-4.584249013431709180e-03,1.277832327387472093e-02,9.999078453114023102e-01,6.447040956996646921e-01,0.000000000000000000e+00,0.000000000000000000e+00,0.000000000000000000e+00,1.000000000000000056e-01
9.925570212250159896e-01,-1.217397072762290838e-01,3.162797688958535365e-03,7.341840386471277213e+01,1.217739835442575996e-01,9.924412893386027612e-01,-1.521131643529724173e-02,8.421126509409964100e+00,-1.287069806227982872e-03,1.548324540365881088e-02,9.998792989971759804e-01,6.553232688074747125e-01,0.000000000000000000e+00,0.000000000000000000e+00,0.000000000000000000e+00,1.000000000000000056e-01
9.926238547660662936e-01,-1.212341583991229516e-01,-4.022270647762284448e-04,7.406393508725993513e+01,1.211949886339331178e-01,9.923772691665971868e-01,-2.234122582733637924e-02,8.482417453068627822e+00,3.107680706909404528e-03,2.212768579638602073e-02,9.997503227515959212e-01,6.766002060948387298e-01,0.000000000000000000e+00,0.000000000000000000e+00,0.000000000000000000e+00,1.000000000000000056e-01
9.929175417285071026e-01,-1.187100045333313314e-01,-4.763418049556028717e-03,7.468511680704580158e+01,1.185525999351669801e-01,9.926218121983823028e-01,-2.544049914234569262e-02,8.552964787305045391e+00,7.748314425126857398e-03,2.469560227441111241e-02,9.996649893098554784e-01,6.862015401133240156e-01,0.000000000000000000e+00,0.000000000000000000e+00,0.000000000000000000e+00,1.000000000000000056e-01
9.934104784226842622e-01,-1.144728570716190691e-01,-5.620173829542357558e-03,7.527709877746110578e+01,1.143185087080047652e-01,9.931850038946747894e-01,-2.268979077718823525e-02,8.618326845554870275e+00,8.179237543404785371e-03,2.189778602040413566e-02,9.997267561892164700e-01,6.985416007140108352e-01,0.000000000000000000e+00,0.000000000000000000e+00,0.000000000000000000e+00,1.000000000000000056e-01
9.940680214394824743e-01,-1.087151114527472873e-01,-3.129423782306567717e-03,7.585467495474708244e+01,1.086364708768181309e-01,9.938983231603095714e-01,-1.908508356164619404e-02,8.699818888236945824e+00,5.185166036181852386e-03,1.863190169954505662e-02,9.998129656551948408e-01,7.054391143466841596e-01,0.000000000000000000e+00,0.000000000000000000e+00,0.000000000000000000e+00,1.000000000000000056e-01
9.948837237862265814e-01,-1.010242831965499355e-01,6.858205848141487844e-04,7.640680899024684436e+01,1.010176917717184597e-01,9.946827621040978951e-01,-2.004067668709644950e-02,8.736302480339986687e+00,1.342421083476942265e-03,2.000742306210179233e-02,9.997989302495020603e-01,7.194127650094735982e-01,0.000000000000000000e+00,0.000000000000000000e+00,0.000000000000000000e+00,1.000000000000000056e-01
9.957692365630602671e-01,-9.173724553673796855e-02,5.282546351183888336e-03,7.698531509138938134e+01,9.183578203127727713e-02,9.955045420555379554e-01,-2.317101390740805220e-02,8.788441189667496545e+00,-3.133153894063407576e-03,2.355810960424921038e-02,9.997175595229635947e-01,7.324574960231856613e-01,0.000000000000000000e+00,0.000000000000000000e+00,0.000000000000000000e+00,1.000000000000000056e-01
9.966875531394326915e-01,-8.085220412085844521e-02,8.765985724921024694e-03,7.751866425866265331e+01,8.105408711494244134e-02,9.963747064490225958e-01,-2.583949129892785038e-02,8.829763498612557271e+00,-6.645026628524447823e-03,2.646441832769215116e-02,9.996276697769440611e-01,7.489738967811280235e-01,0.000000000000000000e+00,0.000000000000000000e+00,0.000000000000000000e+00,1.000000000000000056e-01
9.976342601575280966e-01,-6.820802518929708347e-02,8.576028201777424059e-03,7.800255539542115457e+01,6.839068893285282780e-02,9.973888003797197754e-01,-2.320117549593663994e-02,8.868023141062348458e+00,-6.971128117545281715e-03,2.373280802770085310e-02,9.996940317896716444e-01,7.600879248749948802e-01,0.000000000000000000e+00,0.000000000000000000e+00,0.000000000000000000e+00,1.000000000000000056e-01
9.986770038783706616e-01,-5.080579873598006085e-02,7.938056394357267953e-03,7.849584291624982768e+01,5.095501599851044033e-02,9.985029265235059182e-01,-1.988698239014007052e-02,8.908064506519078662e+00,-6.915798515894925648e-03,2.026515578013855789e-02,9.997707213116886482e-01,7.624039243259216336e-01,0.000000000000000000e+00,0.000000000000000000e+00,0.000000000000000000e+00,1.000000000000000056e-01
9.994876514268421497e-01,-3.064815605200025758e-02,9.226330574369390192e-03,7.898165084461169272e+01,3.078327447312074680e-02,9.994153536902872226e-01,-1.487752737623392746e-02,8.920806812256321550e+00,-8.764967653552172694e-03,1.515392156276115440e-02,9.998467552596757013e-01,7.673542735357973266e-01,0.000000000000000000e+00,0.000000000000000000e+00,0.000000000000000000e+00,1.000000000000000056e-01
9.999153691974348446e-01,-8.563691999923003784e-03,9.793754238694432276e-03,7.945845263788893931e+01,8.710393430058648717e-03,9.998490149902213853e-01,-1.503583284615699588e-02,8.926502801966492484e+00,-9.663513287158120510e-03,1.511986780413232360e-02,9.998389900921720308e-01,7.741097888388362991e-01,0.000000000000000000e+00,0.000000000000000000e+00,0.000000000000000000e+00,1.000000000000000056e-01
9.997710417882295086e-01,1.819044364086162477e-02,1.126817473359337067e-02,7.994710766622543474e+01,-1.799352461477625800e-02,9.996877774267992622e-01,-1.733726435755236425e-02,8.930797598305517226e+00,-1.158002908526554846e-02,1.713054066907555503e-02,9.997862008963563918e-01,7.843271391499851974e-01,0.000000000000000000e+00,0.000000000000000000e+00,0.000000000000000000e+00,1.000000000000000056e-01
9.987864420223208084e-01,4.738669746444237885e-02,1.342177841445217970e-02,8.042640042159956693e+01,-4.713937036659038293e-02,9.987228599096618087e-01,-1.818045256058151843e-02,8.910573482351987096e+00,-1.426614852841037034e-02,1.752569534368163956e-02,9.997446308977536722e-01,7.845718376790262738e-01,0.000000000000000000e+00,0.000000000000000000e+00,0.000000000000000000e+00,1.000000000000000056e-01
9.966555471325202475e-01,8.025422822695668645e-02,1.539412945483390263e-02,8.090048465257252985e+01,-7.995067732415292450e-02,9.966097479111060142e-01,-1.941390130733290989e-02,8.859617424012743214e+00,-1.689998714158725754e-02,1.811820135270697171e-02,9.996930134868188267e-01,7.829592364267258242e-01,0.000000000000000000e+00,0.000000000000000000e+00,0.000000000000000000e+00,1.000000000000000056e-01
