1.000000000000000000e+00,-2.212148971317329141e-12,1.113449489684326689e-12,1.796284039620617097e-19,2.212148971317661952e-12,1.000000000000000000e+00,-2.990631973558596363e-13,5.023605753898271594e-19,-1.113449489683665106e-12,2.990631973583228008e-13,1.000000000000000000e+00,-3.487564416713755274e-19,0.000000000000000000e+00,0.000000000000000000e+00,0.000000000000000000e+00,1.000000000000000056e-01
9.999990315090674375e-01,-6.303313061045251161e-04,-1.240831725760841581e-03,6.468619808758168110e-01,6.270137814189605122e-04,9.999962330782767861e-01,-2.672205638523225159e-03,-4.490962700224401284e-03,1.242511426515169066e-03,2.671425031923820199e-03,9.999956598174083444e-01,-3.715256842162720642e-04,0.000000000000000000e+00,0.000000000000000000e+00,0.000000000000000000e+00,1.000000000000000056e-01
9.999803592236843341e-01,-5.428876257546033125e-03,-3.131847609891279076e-03,1.307175529803097147e+00,5.420124807538167534e-03,9.999814018813056871e-01,-2.796093447887397672e-03,5.314342281887567652e-03,3.146969008750813770e-03,2.779063525517629432e-03,9.999911866571520314e-01,4.362613072471332315e-03,0.000000000000000000e+00,0.000000000000000000e+00,0.000000000000000000e+00,1.000000000000000056e-01
9.999362920128067600e-01,-9.952542400484432061e-03,-5.325299563910568766e-03,2.004906961475870997e+00,9.937243208695163699e-03,9.999464431577055334e-01,-2.891714658257571371e-03,1.418690012649560794e-02,5.353794270428064751e-03,2.838611636011418877e-03,9.999816394168894451e-01,8.817116126607116994e-03,0.000000000000000000e+00,0.000000000000000000e+00,0.000000000000000000e+00,1.000000000000000056e-01
9.998570893312934693e-01,-1.610097836875230143e-02,-5.153582202980201525e-03,2.702843770058859452e+00,1.609355716285100490e-02,9.998693975582978455e-01,-1.478257167247934434e-03,2.265999161262861536e-02,5.176710519234291145e-03,1.395106438750529088e-03,9.999856275698288943e-01,1.664986395735360350e-02,0.000000000000000000e+00,0.000000000000000000e+00,0.000000000000000000e+00,1.000000000000000056e-01
9.997518118850350355e-01,-2.135439970342945318e-02,-6.348562506246242278e-03,3.410883690825043502e+00,2.134486808807795413e-02,9.997709468747612016e-01,-1.565372622071687769e-03,3.076816317856437971e-02,6.380535940819936393e-03,1.429474885946654603e-03,9.999786224528294243e-01,3.034355560787197273e-02,0.000000000000000000e+00,0.000000000000000000e+00,0.000000000000000000e+00,1.000000000000000056e-01
9.996522749498489846e-01,-2.533479067317652086e-02,-7.312835916247311698e-03,4.129948553855365745e+00,2.533223277612253396e-02,9.996789896919817675e-01,-4.422114821071348924e-04,5.368644145317310462e-02,7.321691755869810282e-03,2.568072524133756382e-04,9.999731630798234239e-01,4.089562934733681487e-02,0.000000000000000000e+00,0.000000000000000000e+00,0.000000000000000000e+00,1.000000000000000056e-01
9.994980480873761897e-01,-3.008395456816878588e-02,-9.930133285375198141e-03,4.893414209380433810e+00,3.009850522622005420e-02,9.995460669624803840e-01,1.319091726882544490e-03,8.576901731487535097e-02,9.885942174227212512e-03,-1.617311774854236729e-03,9.999498249662083227e-01,5.568824540425444669e-02,0.000000000000000000e+00,0.000000000000000000e+00,0.000000000000000000e+00,1.000000000000000056e-01
9.993433760216094974e-01,-3.477207093360583368e-02,-1.018429598549600718e-02,5.655656254829604102e+00,3.479260736678153887e-02,9.993928486135150724e-01,1.846242883456580787e-03,1.260995454665619908e-01,1.011391488756382268e-02,-2.199368807639822364e-03,9.999464343166063474e-01,6.016299867066993851e-02,0.000000000000000000e+00,0.000000000000000000e+00,0.000000000000000000e+00,1.000000000000000056e-01
9.992103415216233575e-01,-3.889696019153859180e-02,-8.106780131383523047e-03,6.438747149981724149e+00,3.891369357901925535e-02,9.992407372091445250e-01,1.916651706354254719e-03,1.623426613378089189e-01,8.026073029753010707e-03,-2.230602964029377092e-03,9.999653026791168742e-01,7.106940477000192602e-02,0.000000000000000000e+00,0.000000000000000000e+00,0.000000000000000000e+00,1.000000000000000056e-01
9.991038016007505185e-01,-4.181326594065185032e-02,-6.576048836843619710e-03,7.236617853766057706e+00,4.182299642836156961e-02,9.991241248216653492e-01,1.349136425450998128e-03,2.025552234073035862e-01,6.513877238748308832e-03,-1.622957398562181915e-03,9.999774674524426477e-01,8.611623631400394663e-02,0.000000000000000000e+00,0.000000000000000000e+00,0.000000000000000000e+00,1.000000000000000056e-01
9.991212130897434429e-01,-4.145769920114084073e-02,-6.169337973175819875e-03,8.032326662753659363e+00,4.147001319420527687e-02,9.991379772699516826e-01,1.881590439454716365e-03,2.422380599183525107e-01,6.086013453154936678e-03,-2.135779449553172442e-03,9.999791992268594054e-01,1.003684030473675631e-01,0.000000000000000000e+00,0.000000000000000000e+00,0.000000000000000000e+00,1.000000000000000056e-01
9.990402690617046222e-01,-4.333737096046177961e-02,-6.357127602311754902e-03,8.867528855625884887e+00,4.333760996499272378e-02,9.990604794101318742e-01,-1.002163643678446163e-04,2.887466777930629558e-01,6.355498063795881128e-03,-1.753825329042388260e-04,9.999797882384064973e-01,1.153637762045589682e-01,0.000000000000000000e+00,0.000000000000000000e+00,0.000000000000000000e+00,1.000000000000000056e-01
9.989012684968610056e-01,-4.645328101020314293e-02,-6.192614855536036043e-03,9.642558680313008779e+00,4.645172069795816538e-02,9.989204578535069157e-01,-3.956335917197644934e-04,3.524794887384319897e-01,6.204308145215720917e-03,1.075412809694554714e-04,9.999807473123230039e-01,1.317783591736188253e-01,0.000000000000000000e+00,0.000000000000000000e+00,0.000000000000000000e+00,1.000000000000000056e-01
9.988330929108349965e-01,-4.804063305429706610e-02,-4.954803923237846228e-03,1.042539317256200881e+01,4.804149283247514945e-02,9.988453393729904706e-01,5.458280618011715675e-05,3.588915193626781575e-01,4.946460613670359066e-03,-2.925552902811897715e-04,9.999877233940422938e-01,1.384695602504984191e-01,0.000000000000000000e+00,0.000000000000000000e+00,0.000000000000000000e+00,1.000000000000000056e-01
9.987791285116677242e-01,-4.901501083960749933e-02,-6.146638257348542057e-03,1.122784963172525607e+01,4.900682196143333474e-02,9.987973532977590940e-01,-1.475956175434772885e-03,4.108471835021147434e-01,6.211590031056194415e-03,1.172927015882941704e-03,9.999800199961504932e-01,1.643370915892895245e-01,0.000000000000000000e+00,0.000000000000000000e+00,0.000000000000000000e+00,1.000000000000000056e-01
9.986536983648307553e-01,-5.138277576141155045e-02,-7.113444826386394228e-03,1.209555161315594063e+01,5.137775230632123102e-02,9.986788970130884291e-01,-8.872590779113502741e-04,4.617168373814223847e-01,7.149637067421619856e-03,5.205917532291772084e-04,9.999743055069117981e-01,1.756796850386553588e-01,0.000000000000000000e+00,0.000000000000000000e+00,0.000000000000000000e+00,1.000000000000000056e-01
9.985033121482673746e-01,-5.419012876820753638e-02,-7.386851360687591607e-03,1.299372981098509428e+01,5.419211487666269339e-02,9.985305252957205058e-01,6.883202074294155186e-05,5.327655194887324086e-01,7.372266553401352236e-03,-4.690380982088994182e-04,9.999727144723139505e-01,1.965015557430097870e-01,0.000000000000000000e+00,0.000000000000000000e+00,0.000000000000000000e+00,1.000000000000000056e-01
9.986590813117298682e-01,-5.094688183098195627e-02,-9.189915413744611378e-03,1.388363354160625995e+01,5.097950048273191398e-02,9.986940792369540798e-01,3.350616000605803873e-03,5.834487317930767691e-01,9.007210674951304785e-03,-3.814620394264632997e-03,9.999521582691367483e-01,2.088099878501313567e-01,0.000000000000000000e+00,0.000000000000000000e+00,0.000000000000000000e+00,1.000000000000000056e-01
9.978914913867735770e-01,-6.418174657323408305e-02,-9.657889246099728500e-03,1.481592419158856622e+01,6.424369234200055789e-02,9.979146915751572200e-01,6.246305526080466256e-03,7.115757195883841701e-01,9.236850769994751562e-03,-6.853593602477428895e-03,9.999338522335289303e-01,2.280921061624749113e-01,0.000000000000000000e+00,0.000000000000000000e+00,0.000000000000000000e+00,1.000000000000000056e-01
9.976588391455674110e-01,-6.769619566407593381e-02,-9.698750812865943732e-03,1.577731807904130612e+01,6.773456060259859524e-02,9.976965796340745429e-01,3.682972500808993736e-03,7.741949069208867718e-01,9.427087285679376649e-03,-4.331290694465718231e-03,9.999461835250076369e-01,2.343756075602143607e-01,0.000000000000000000e+00,0.000000000000000000e+00,0.000000000000000000e+00,1.000000000000000056e-01
9.975612079232202278e-01,-6.943423033778121922e-02,-7.108030962634362404e-03,1.670256829380505437e+01,6.945751681450303139e-02,9.975801460979402124e-01,3.083094091232676560e-03,8.584540518511363238e-01,6.876758300889768138e-03,-3.569281245896196303e-03,9.999699847628722438e-01,2.525615572846586776e-01,0.000000000000000000e+00,0.000000000000000000e+00,0.000000000000000000e+00,1.000000000000000056e-01
9.973684035117933444e-01,-7.218909443279294957e-02,-6.708376950484914135e-03,1.758205944103616147e+01,7.221776582814934398e-02,9.973803187329608466e-01,4.134501533193939149e-03,9.377673668151598196e-01,6.392337219443228018e-03,-4.608085189175775351e-03,9.999689513058703794e-01,2.721629585879747903e-01,0.000000000000000000e+00,0.000000000000000000e+00,0.000000000000000000e+00,1.000000000000000056e-01
9.972919364920859175e-01,-7.323173465826808559e-02,-6.775429639982474481e-03,1.849136287397249134e+01,7.326846597515056236e-02,9.972979491455979950e-01,5.341584374735591431e-03,1.007428047640014368e+00,6.365948594949431480e-03,-5.823544361060008223e-03,9.999627798221097930e-01,2.858985263595510418e-01,0.000000000000000000e+00,0.000000000000000000e+00,0.000000000000000000e+00,1.000000000000000056e-01
9.973335307879777067e-01,-7.260477575123076843e-02,-7.373934099202316891e-03,1.940821481546757710e+01,7.263765132643278111e-02,9.973491591965196745e-01,4.292581947374102952e-03,1.078566499486401264e+00,7.042725024127097569e-03,-4.816761163773298007e-03,9.999635987555375305e-01,3.067178339174059798e-01,0.000000000000000000e+00,0.000000000000000000e+00,0.000000000000000000e+00,1.000000000000000056e-01
9.972769920726056725e-01,-7.351070146569246844e-02,-5.897275017997004494e-03,2.033539633354807918e+01,7.350934597965882999e-02,9.972944282555876727e-01,-4.465691473213762486e-04,1.131202212588507061e+00,5.914147128611812847e-03,1.184830635794987186e-05,9.999825112087504797e-01,3.254624500052849534e-01,0.000000000000000000e+00,0.000000000000000000e+00,0.000000000000000000e+00,1.000000000000000056e-01
9.974143216329157680e-01,-7.183287786552156051e-02,-2.169944494116725874e-03,2.125115672140078615e+01,7.183222723099752516e-02,9.974166578978369557e-01,-3.764026349024950178e-04,1.211996186766371331e+00,2.191376869646928342e-03,2.195574327720695900e-04,9.999975748280337529e-01,3.306967642735434976e-01,0.000000000000000000e+00,0.000000000000000000e+00,0.000000000000000000e+00,1.000000000000000056e-01
9.973972060777658299e-01,-7.210253681518531688e-02,-1.936313030135884943e-04,2.221315999971666955e+01,7.210219474717170784e-02,9.973962556576410066e-01,-1.408088334806421784e-03,1.293400420090493608e+00,2.946538776032762638e-04,1.390462129127584354e-03,9.999989898965697677e-01,3.487476407852800886e-01,0.000000000000000000e+00,0.000000000000000000e+00,0.000000000000000000e+00,1.000000000000000056e-01
9.975433243095447322e-01,-7.004322769000932702e-02,1.123556953613239102e-03,2.318524479610403333e+01,7.004564616619508854e-02,9.975411794854431857e-01,-2.280939269495624224e-03,1.359687202977788667e+00,-9.610299801260562338e-04,2.354036014261210157e-03,9.999967674626857317e-01,3.629137616985094739e-01,0.000000000000000000e+00,0.000000000000000000e+00,0.000000000000000000e+00,1.000000000000000056e-01
9.978426854406710067e-01,-6.560969300355083689e-02,2.311557165622919133e-03,2.411529653969118669e+01,6.561834706941356565e-02,9.978372064743640246e-01,-3.891259862222006677e-03,1.423445286805187671e+00,-2.051253379793547150e-03,4.034545751031737293e-03,9.999897573476214108e-01,3.691137203710668779e-01,0.000000000000000000e+00,0.000000000000000000e+00,0.000000000000000000e+00,1.000000000000000056e-01
9.979636047496214246e-01,-6.378478855267559477e-02,-3.799268770672437501e-04,2.507206229664283725e+01,6.378204426243104519e-02,9.979509245802444806e-01,-5.079661321441926100e-03,1.492515254135415859e+00,7.031535015495186947e-04,5.045084610363820277e-03,9.999870262640548901e-01,3.804476553304860231e-01,0.000000000000000000e+00,0.000000000000000000e+00,0.000000000000000000e+00,1.000000000000000056e-01
9.980416547355418500e-01,-6.231781665293301131e-02,-5.417115501169083788e-03,2.602739394218343350e+01,6.229831821775004552e-02,9.980507270327559910e-01,-3.696730532117372368e-03,1.565162907020786198e+00,5.636928239878005731e-03,3.352013872071684004e-03,9.999784942902621987e-01,3.891406578610020484e-01,0.000000000000000000e+00,0.000000000000000000e+00,0.000000000000000000e+00,1.000000000000000056e-01
9.981048321774923515e-01,-6.090707378794038562e-02,-8.779085745695596257e-03,2.698240554417349202e+01,6.086629662043492595e-02,9.981341949252086065e-01,-4.839716594899349383e-03,1.631098163566374826e+00,9.057478658717503170e-03,4.296194082684900301e-03,9.999497511359012325e-01,4.087849956958684583e-01,0.000000000000000000e+00,0.000000000000000000e+00,0.000000000000000000e+00,1.000000000000000056e-01
9.981577182040263230e-01,-6.022176342737031035e-02,-7.383007478628731725e-03,2.795312021493642973e+01,6.016341662378858063e-02,9.981573924377081797e-01,-7.885633906511268360e-03,1.685259660727060016e+00,7.844290272808925046e-03,7.426919391842303105e-03,9.999416522870037127e-01,4.326703015046027834e-01,0.000000000000000000e+00,0.000000000000000000e+00,0.000000000000000000e+00,1.000000000000000056e-01
9.982162878515262738e-01,-5.954919942012031064e-02,-4.258581494053509039e-03,2.896359192984060371e+01,5.949921584803755104e-02,9.981673856174019255e-01,-1.103238882516248409e-02,1.732769213471688330e+00,4.907747078587947412e-03,1.075932795966720937e-02,9.999300729953414235e-01,4.493593572711756523e-01,0.000000000000000000e+00,0.000000000000000000e+00,0.000000000000000000e+00,1.000000000000000056e-01
9.982288840857199697e-01,-5.947803447950453931e-02,-1.207638784192016472e-03,2.992150302852449073e+01,5.945073997865974597e-02,9.980997530893298553e-01,-1.620161717263514378e-02,1.780400625639444678e+00,2.168984317140876163e-03,1.610112721127647528e-02,9.998680158948771712e-01,4.573532005067580397e-01,0.000000000000000000e+00,0.000000000000000000e+00,0.000000000000000000e+00,1.000000000000000056e-01
9.982652571016712439e-01,-5.884083734412666467e-02,-2.057261377727677594e-03,3.085094500385516270e+01,5.877953408740162200e-02,9.980152314523245138e-01,-2.259566687732671858e-02,1.825811371955061491e+00,3.382726149461667831e-03,2.243554433939943388e-02,9.997425686215389851e-01,4.781665973550336957e-01,0.000000000000000000e+00,0.000000000000000000e+00,0.000000000000000000e+00,1.000000000000000056e-01
9.982810803216154438e-01,-5.839090005816809786e-02,-5.038597255717682834e-03,3.180003919454841110e+01,5.824532997164250797e-02,9.979802582539009093e-01,-2.535519023734152111e-02,1.864288270164696781e+00,6.508932969602977160e-03,2.501813194213988595e-02,9.996658075905782148e-01,4.921133419640231210e-01,0.000000000000000000e+00,0.000000000000000000e+00,0.000000000000000000e+00,1.000000000000000056e-01
9.982856713036289964e-01,-5.795970773887466204e-02,-8.148051833851314291e-03,3.278825026403953302e+01,5.772861698595192076e-02,9.979884891223175236e-01,-2.619889998154654315e-02,1.936866499418948173e+00,9.650142524966050239e-03,2.568361069199674024e-02,9.996235425854423928e-01,5.069235524764875711e-01,0.000000000000000000e+00,0.000000000000000000e+00,0.000000000000000000e+00,1.000000000000000056e-01
9.982122479568599216e-01,-5.899219683483688387e-02,-9.603579619718603799e-03,3.376154948938016531e+01,5.871795570314277540e-02,9.979176149135889906e-01,-2.669523409183072182e-02,2.000996646126434797e+00,1.115839177283966741e-02,2.608360706983870597e-02,9.995974868592207851e-01,5.232481707357036216e-01,0.000000000000000000e+00,0.000000000000000000e+00,0.000000000000000000e+00,1.000000000000000056e-01
9.982062365417763150e-01,-5.924256775598753938e-02,-8.638720668044927442e-03,3.472997269836445611e+01,5.898021249524911663e-02,9.978667528973722556e-01,-2.798710410296089551e-02,2.071801597702963793e+00,1.027832005332294726e-02,2.742738827763110954e-02,9.995709552148609456e-01,5.502065787449236245e-01,0.000000000000000000e+00,0.000000000000000000e+00,0.000000000000000000e+00,1.000000000000000056e-01
9.981739513986314094e-01,-5.975900852548447773e-02,-8.810428439850671867e-03,3.571420787183583911e+01,5.951511534309197882e-02,9.978954208246973989e-01,-2.574257451768409768e-02,2.136886625502593784e+00,1.033023692570087318e-02,2.517121366067068614e-02,9.996297795723713131e-01,5.612116952929611102e-01,0.000000000000000000e+00,0.000000000000000000e+00,0.000000000000000000e+00,1.000000000000000056e-01
9.982705359460786187e-01,-5.819669595714458549e-02,-8.311536656994430658e-03,3.670129058512004860e+01,5.797863091688525844e-02,9.980188879006335334e-01,-2.442903499089259939e-02,2.205589850352126291e+00,9.716759693050353378e-03,2.390489433681582121e-02,9.996670148643562737e-01,5.864284639045294067e-01,0.000000000000000000e+00,0.000000000000000000e+00,0.000000000000000000e+00,1.000000000000000056e-01
9.982183763421835776e-01,-5.929917259745324382e-02,-6.609180133129824962e-03,3.771241403159076810e+01,5.912078243985612741e-02,9.979494057981541655e-01,-2.452991134941577556e-02,2.270180267432389432e+00,8.050230833579107015e-03,2.409546837827492710e-02,9.996772490094778529e-01,6.045780478924119850e-01,0.000000000000000000e+00,0.000000000000000000e+00,0.000000000000000000e+00,1.000000000000000056e-01
9.983515757090277720e-01,-5.721907128596526865e-02,-4.484323859057209177e-03,3.870639009295665289e+01,5.709381779757451841e-02,9.980724631007347192e-01,-2.432394641767656948e-02,2.331723245732095773e+00,5.867473783379654334e-03,2.402782306419503841e-02,9.996940714389562777e-01,6.362605387047459704e-01,0.000000000000000000e+00,0.000000000000000000e+00,0.000000000000000000e+00,1.000000000000000056e-01
9.983799091079778032e-01,-5.681850974046683683e-02,-3.035463789665784114e-03,3.972083687675833374e+01,5.674669950094705234e-02,9.981878053454464883e-01,-2.002292075073753425e-02,2.395351571773243204e+00,4.167635456120436822e-03,1.981822924767941141e-02,9.997949132718125798e-01,6.547608928171656517e-01,0.000000000000000000e+00,0.000000000000000000e+00,0.000000000000000000e+00,1.000000000000000056e-01
9.982800961191808931e-01,-5.856568264568391691e-02,-2.628784609656438075e-03,4.073000527310082930e+01,5.849091007171311474e-02,9.980280213325105620e-01,-2.277898316643004947e-02,2.464938830887242638e+00,3.957667401601289332e-03,2.258604550067967384e-02,9.997370691423718148e-01,6.739721179432128784e-01,0.000000000000000000e+00,0.000000000000000000e+00,0.000000000000000000e+00,1.000000000000000056e-01
9.983363225321444379e-01,-5.743738865415372319e-02,-5.053068135868374680e-03,4.174544528548063482e+01,5.731465610175887071e-02,9.981186824757353193e-01,-2.177443199809005192e-02,2.528341719099973073e+00,6.294228223630800312e-03,2.144859150373342599e-02,9.997501390915506381e-01,7.096532545956183435e-01,0.000000000000000000e+00,0.000000000000000000e+00,0.000000000000000000e+00,1.000000000000000056e-01
9.983893018011366083e-01,-5.630952709021917052e-02,-6.931032240207420959e-03,4.277725716801472089e+01,5.617850508489664191e-02,9.982614423866579267e-01,-1.783446692602725162e-02,2.604281403646392157e+00,7.923232639848638154e-03,1.741636595232173498e-02,9.998169295333769746e-01,7.358963310606676522e-01,0.000000000000000000e+00,0.000000000000000000e+00,0.000000000000000000e+00,1.000000000000000056e-01
9.984096701176686794e-01,-5.589759145213545749e-02,-7.320511278471886207e-03,4.383676044011794204e+01,5.574612427844185397e-02,9.982549896967167768e-01,-1.947678550327039404e-02,2.671102945837947384e+00,8.396442309728333747e-03,1.903772085776135603e-02,9.997835090363720312e-01,7.615809833965957454e-01,0.000000000000000000e+00,0.000000000000000000e+00,0.000000000000000000e+00,1.000000000000000056e-01
9.983871101653638558e-01,-5.634380768622161695e-02,-6.968040691026003777e-03,4.484248251903119353e+01,5.617681254353874831e-02,9.981739210083447889e-01,-2.220335900882341659e-02,2.730694580363793644e+00,8.206338288288405822e-03,2.177610512108778609e-02,9.997291919603296106e-01,7.946422926010026089e-01,0.000000000000000000e+00,0.000000000000000000e+00,0.000000000000000000e+00,1.000000000000000056e-01
9.985021088615158025e-01,-5.442496001652328413e-02,-5.609128836582657866e-03,4.582434830575729023e+01,5.428467394802474061e-02,9.982675178130770988e-01,-2.269663088818310581e-02,2.791251523599378004e+00,6.834674349388275040e-03,2.235814407587589925e-02,9.997266629534395932e-01,8.153656749853234187e-01,0.000000000000000000e+00,0.000000000000000000e+00,0.000000000000000000e+00,1.000000000000000056e-01
9.983249481340665810e-01,-5.729516115219998595e-02,-8.035075709454960954e-03,4.673780485715199973e+01,5.712339328829277307e-02,9.981630185356890061e-01,-2.018678693979750541e-02,2.847641002705133761e+00,9.176920635173181282e-03,1.969398223481439239e-02,9.997639377329983201e-01,8.398444435571527089e-01,0.000000000000000000e+00,0.000000000000000000e+00,0.000000000000000000e+00,1.000000000000000056e-01
9.984150771656978840e-01,-5.483673678595842038e-02,-1.265962032926472476e-02,4.769207391437810628e+01,5.459477028119064101e-02,9.983329608633892960e-01,-1.872726119010560686e-02,2.905293200382878638e+00,1.366545813932492325e-02,1.800643086249816699e-02,9.997444792052799789e-01,8.557527884360580650e-01,0.000000000000000000e+00,0.000000000000000000e+00,0.000000000000000000e+00,1.000000000000000056e-01
9.985140509766327055e-01,-5.317700639074372099e-02,-1.191201047486513398e-02,4.865425946252336331e+01,5.292682742078332753e-02,9.983896762516411005e-01,-2.041580988631089277e-02,2.964957225847116629e+00,1.297847993430331984e-02,1.975500811091132625e-02,9.997206103272717748e-01,8.820049548140913576e-01,0.000000000000000000e+00,0.000000000000000000e+00,0.000000000000000000e+00,1.000000000000000056e-01
9.987172296122469595e-01,-4.850161528214274459e-02,-1.454264730581459122e-02,4.961868701538034543e+01,4.820571729426825075e-02,9.986361641283406643e-01,-2.005044925129882694e-02,3.031144695051268378e+00,1.549529269757065481e-02,1.932369038400376382e-02,9.996931983834639324e-01,9.026834792256457352e-01,0.000000000000000000e+00,0.000000000000000000e+00,0.000000000000000000e+00,1.000000000000000056e-01
9.988038990807143191e-01,-4.753712535562980290e-02,-1.144521271472472360e-02,5.062745026129436354e+01,4.726037005593258788e-02,9.986097541605587491e-01,-2.334558454107851441e-02,3.092936028612948807e+00,1.253908303419625989e-02,2.277675587768091328e-02,9.996619382513021179e-01,9.409386422355839885e-01,0.000000000000000000e+00,0.000000000000000000e+00,0.000000000000000000e+00,1.000000000000000056e-01
9.989147699182505669e-01,-4.545496549638282369e-02,-1.015522283808520214e-02,5.157909409110111909e+01,4.521386504419208641e-02,9.987164672350498096e-01,-2.282815107071307567e-02,3.144179141440991199e+00,1.117984109610262698e-02,2.234422039956553488e-02,9.996878247572096310e-01,9.657174199957425653e-01,0.000000000000000000e+00,0.000000000000000000e+00,0.000000000000000000e+00,1.000000000000000056e-01
9.989545751093907855e-01,-4.456121170239056573e-02,-1.020074897403145005e-02,5.253751024827309379e+01,4.427329404594805562e-02,9.986573103275574459e-01,-2.689706236096564562e-02,3.182842567183803428e+00,1.138561822377222831e-02,2.641732274367302596e-02,9.995861607468958798e-01,9.916158302748223630e-01,0.000000000000000000e+00,0.000000000000000000e+00,0.000000000000000000e+00,1.000000000000000056e-01
9.989128525978727691e-01,-4.514762701831830094e-02,-1.161054216629741134e-02,5.352169393062729341e+01,4.478383214427650305e-02,9.985495538601331100e-01,-2.988639931812454159e-02,3.237989794977235380e+00,1.294300170956575249e-02,2.933394382526739730e-02,9.994858670568594894e-01,1.033144471669911413e+00,0.000000000000000000e+00,0.000000000000000000e+00,0.000000000000000000e+00,1.000000000000000056e-01
9.989242695464686239e-01,-4.481177011486705414e-02,-1.192514026024070473e-02,5.448295712140329528e+01,4.445073929496912851e-02,9.985908803565506364e-01,-2.898940228531418639e-02,3.277650142896560759e+00,1.320740274182601384e-02,2.842813620168230249e-02,9.995085820466544924e-01,1.051981373731608826e+00,0.000000000000000000e+00,0.000000000000000000e+00,0.000000000000000000e+00,1.000000000000000056e-01
9.988957862278691202e-01,-4.640136691915164313e-02,-7.356725103021096585e-03,5.542505612644720969e+01,4.614725496516955405e-02,9.984348383978728370e-01,-3.159595437066717999e-02,3.320988977580797474e+00,8.811306111286543868e-03,3.122157301366969631e-02,9.994736486086890359e-01,1.084836390841076970e+00,0.000000000000000000e+00,0.000000000000000000e+00,0.000000000000000000e+00,1.000000000000000056e-01
9.987705251924771099e-01,-4.953964802010309143e-02,-1.805901655084738572e-03,5.636656399326678724e+01,4.945777185391046771e-02,9.982741312153113888e-01,-3.166524513661168189e-02,3.367184570865438875e+00,3.371470004328034134e-03,3.153699764339439743e-02,9.994968989294816808e-01,1.121743344705985024e+00,0.000000000000000000e+00,0.000000000000000000e+00,0.000000000000000000e+00,1.000000000000000056e-01
9.987761593513176939e-01,-4.943108344760823586e-02,-1.658764789499796773e-03,5.732358400678523935e+01,4.936325162970715136e-02,9.983685598190159549e-01,-2.869648329405804013e-02,3.428879247740938219e+00,3.074556874332883428e-03,2.857948134762995987e-02,9.995867948036963879e-01,1.133782618807439135e+00,0.000000000000000000e+00,0.000000000000000000e+00,0.000000000000000000e+00,1.000000000000000056e-01
9.987059661724460025e-01,-5.063437354633487653e-02,-4.749036442415035912e-03,5.822721819278628175e+01,5.047978253308901819e-02,9.983210398765657301e-01,-2.840586022609576169e-02,3.482487157406448208e+00,6.179375937196594608e-03,2.812937175520759461e-02,9.995851908455247736e-01,1.151710439884690684e+00,0.000000000000000000e+00,0.000000000000000000e+00,0.000000000000000000e+00,1.000000000000000056e-01
9.984999040530783132e-01,-5.372404406412344124e-02,-1.056734098008693494e-02,5.914432663200668827e+01,5.340569394263364189e-02,9.981690056605768691e-01,-2.839838011367812332e-02,3.540381511361379463e+00,1.207366806314661388e-02,2.779142364060048498e-02,9.995408262354917861e-01,1.172744876576195638e+00,0.000000000000000000e+00,0.000000000000000000e+00,0.000000000000000000e+00,1.000000000000000056e-01
9.984229986335052542e-01,-5.380348951922021838e-02,-1.602186990443806372e-02,6.008766826556668406e+01,5.336501183984208863e-02,9.982196227456378024e-01,-2.664132648518140883e-02,3.599615820816717715e+00,1.742674126201143245e-02,2.574430579976230010e-02,9.995166528917240889e-01,1.206309781673946757e+00,0.000000000000000000e+00,0.000000000000000000e+00,0.000000000000000000e+00,1.000000000000000056e-01
9.983981987702401639e-01,-5.429942730767171877e-02,-1.589367441464802425e-02,6.100050942036374124e+01,5.391692054009761259e-02,9.982669788093354590e-01,-2.357975187220121699e-02,3.668089996266603592e+00,1.714649736280744394e-02,2.268504381615013554e-02,9.995956114425705863e-01,1.223170586701420426e+00,0.000000000000000000e+00,0.000000000000000000e+00,0.000000000000000000e+00,1.000000000000000056e-01
9.983790879674458996e-01,-5.535029191882998717e-02,-1.324922238439640160e-02,6.191978160979171975e+01,5.505995058730620700e-02,9.982545909742608359e-01,-2.135821715721313019e-02,3.727643358899995985e+00,1.440828062658015829e-02,2.059409583622400647e-02,9.996840924342420553e-01,1.258449730274045164e+00,0.000000000000000000e+00,0.000000000000000000e+00,0.000000000000000000e+00,1.000000000000000056e-01
9.982343540933921178e-01,-5.810850463185705111e-02,-1.231162041316235904e-02,6.280432344710806092e+01,5.784206716912678597e-02,9.981050106632620711e-01,-2.099244994019733301e-02,3.790593337310452782e+00,1.350812989834543516e-02,2.024325513199182192e-02,9.997038266648330396e-01,1.294764663468537913e+00,0.000000000000000000e+00,0.000000000000000000e+00,0.000000000000000000e+00,1.000000000000000056e-01
9.983019822886504135e-01,-5.642844583665410085e-02,-1.445623253170773108e-02,6.363169732329206596e+01,5.612481280805900474e-02,9.982109616388357143e-01,-2.061265270001172781e-02,3.852991434853254127e+00,1.559350973358296887e-02,1.976629870589733870e-02,9.996830177059415901e-01,1.324363820741800257e+00,0.000000000000000000e+00,0.000000000000000000e+00,0.000000000000000000e+00,1.000000000000000056e-01
9.982731513818585700e-01,-5.734447609297089327e-02,-1.274073356426518380e-02,6.445242257925065132e+01,5.710662673470327105e-02,9.982002078742926443e-01,-1.830787215113368824e-02,3.900571777866805423e+00,1.376765822920433813e-02,1.754867691142759575e-02,9.997512168162348001e-01,1.350575752387516371e+00,0.000000000000000000e+00,0.000000000000000000e+00,0.000000000000000000e+00,1.000000000000000056e-01
9.981495193861201765e-01,-5.915202437911368932e-02,-1.409166282274834127e-02,6.526255508890315582e+01,5.888733359863803501e-02,9.980929859932047288e-01,-1.851143573068150111e-02,3.951544067413365280e+00,1.515977872199999153e-02,1.764736022812408295e-02,9.997293392644225341e-01,1.380615239927045934e+00,0.000000000000000000e+00,0.000000000000000000e+00,0.000000000000000000e+00,1.000000000000000056e-01
9.981151053661713179e-01,-6.006007072787576673e-02,-1.261048547992417793e-02,6.606866932269610970e+01,5.982123616491402673e-02,9.980370660479240819e-01,-1.853198581245814325e-02,3.994198329406728032e+00,1.369876430844770010e-02,1.774268014179728598e-02,9.997487390128618756e-01,1.413312025934482241e+00,0.000000000000000000e+00,0.000000000000000000e+00,0.000000000000000000e+00,1.000000000000000056e-01
9.980118564010542759e-01,-6.166410461742205529e-02,-1.303352157527279745e-02,6.681947912498728215e+01,6.142610398848383224e-02,9.979505012834118949e-01,-1.793406638169067063e-02,4.047950710049003753e+00,1.411269753510801736e-02,1.709781243079198931e-02,9.997542180848071336e-01,1.436692708369371907e+00,0.000000000000000000e+00,0.000000000000000000e+00,0.000000000000000000e+00,1.000000000000000056e-01
9.979289899331666991e-01,-6.330718079328657988e-02,-1.139876795867661267e-02,6.760787036423383256e+01,6.310347785481580651e-02,9.978549089291288698e-01,-1.742216429341485531e-02,4.102880489545311704e+00,1.247726466804307925e-02,1.666678091432463940e-02,9.997832446487375790e-01,1.456457634859230854e+00,0.000000000000000000e+00,0.000000000000000000e+00,0.000000000000000000e+00,1.000000000000000056e-01
9.978123633743255505e-01,-6.563732644299465069e-02,-7.888528047661883674e-03,6.835953180867618073e+01,6.551033845035290903e-02,9.977330121328200629e-01,-1.540233931876113654e-02,4.162471855100645435e+00,8.881613224139221080e-03,1.485186445486891618e-02,9.998502583230906016e-01,1.480754296734538178e+00,0.000000000000000000e+00,0.000000000000000000e+00,0.000000000000000000e+00,1.000000000000000056e-01
9.979209219064213432e-01,-6.405445428441661204e-02,-7.131655331244289575e-03,6.905437837123966460e+01,6.396231432364157810e-02,9.978743436180347315e-01,-1.247464208865566547e-02,4.211474571388957422e+00,7.915552273957706525e-03,1.199254915361898551e-02,9.998967560688434286e-01,1.506224977289055245e+00,0.000000000000000000e+00,0.000000000000000000e+00,0.000000000000000000e+00,1.000000000000000056e-01
9.979895160761338424e-01,-6.275461625620387673e-02,-8.876031808236668069e-03,6.971771175990710390e+01,6.266246566693856046e-02,9.979815747903773016e-01,-1.030493937188553359e-02,4.260160769780260814e+00,9.504798717699634164e-03,9.728027418499657006e-03,9.999075078645428549e-01,1.538374932621183078e+00,0.000000000000000000e+00,0.000000000000000000e+00,0.000000000000000000e+00,1.000000000000000056e-01
9.977261586763951362e-01,-6.596295548009563359e-02,-1.383476769503762076e-02,7.040508737151306207e+01,6.583349823301147541e-02,9.977843120990339543e-01,-9.613378150349766171e-03,4.320499758626739073e+00,1.443824100258789440e-02,8.680727699246677115e-03,9.998580810111816763e-01,1.561470761290563614e+00,0.000000000000000000e+00,0.000000000000000000e+00,0.000000000000000000e+00,1.000000000000000056e-01
9.977102716209015343e-01,-6.529202434402206490e-02,-1.763988263017795058e-02,7.114571148886474816e+01,6.511692039679103927e-02,9.978242171016236117e-01,-1.032562073532944553e-02,4.375369372753186603e+00,1.827568275564011094e-02,9.153323035461921262e-03,9.997910862261293330e-01,1.588994113587691936e+00,0.000000000000000000e+00,0.000000000000000000e+00,0.000000000000000000e+00,1.000000000000000056e-01
9.975780903935441701e-01,-6.729622585047374816e-02,-1.758327481022679134e-02,7.185576821988460949e+01,6.711926008744410754e-02,9.976900395143546429e-01,-1.046852325591263524e-02,4.426417148155725734e+00,1.824715024555775833e-02,9.262993043697115986e-03,9.997905973091507636e-01,1.610945389924841376e+00,0.000000000000000000e+00,0.000000000000000000e+00,0.000000000000000000e+00,1.000000000000000056e-01
9.975692647817429037e-01,-6.794643946346308472e-02,-1.545455683773903216e-02,7.253573535132011330e+01,6.781230636067860085e-02,9.976571015158992584e-01,-9.044274483906477105e-03,4.477655824726778810e+00,1.603287462866313795e-02,7.974281104445582122e-03,9.998396660325138408e-01,1.629268391423820850e+00,0.000000000000000000e+00,0.000000000000000000e+00,0.000000000000000000e+00,1.000000000000000056e-01
9.975087445165252698e-01,-6.891883926310463093e-02,-1.504985739772886875e-02,7.317165633955083592e+01,6.878135201609994476e-02,9.975868089193835608e-01,-9.470178714182049540e-03,4.525286787429571689e+00,1.566621294068770709e-02,8.411436540065563017e-03,9.998418962553177192e-01,1.649038698130069092e+00,0.000000000000000000e+00,0.000000000000000000e+00,0.000000000000000000e+00,1.000000000000000056e-01
9.974151670102924250e-01,-6.985623242134458843e-02,-1.682532049399235174e-02,7.375502220872586179e+01,6.968841337239692346e-02,9.975149807733421081e-01,-1.036282656406660799e-02,4.562067482264603235e+00,1.750741727007162213e-02,9.163510498388791753e-03,9.998047411449285660e-01,1.675407266088028591e+00,0.000000000000000000e+00,0.000000000000000000e+00,0.000000000000000000e+00,1.000000000000000056e-01
9.973867478468438907e-01,-6.934812281429147962e-02,-2.026112241782511425e-02,7.439716568325674473e+01,6.900228115004106155e-02,9.974665283964625484e-01,-1.729768553303165715e-02,4.592549173775688054e+00,2.140935346027143110e-02,1.585441865357767668e-02,9.996450755110887210e-01,1.708291925765035746e+00,0.000000000000000000e+00,0.000000000000000000e+00,0.000000000000000000e+00,1.000000000000000056e-01
9.973517702931924411e-01,-6.841179267410431308e-02,-2.468345429939841629e-02,7.502365863307782945e+01,6.792062973198849385e-02,9.974858616319393079e-01,-2.021741578930947789e-02,4.615374336433609059e+00,2.600450633727242888e-02,1.848735966824545038e-02,9.994908619805644712e-01,1.729969641663549940e+00,0.000000000000000000e+00,0.000000000000000000e+00,0.000000000000000000e+00,1.000000000000000056e-01
9.976916453374896632e-01,-6.326921776857712121e-02,-2.466550033397275909e-02,7.561193525568494067e+01,6.277443714774989802e-02,9.978203799718881051e-01,-2.034353345758849879e-02,4.655775533595166493e+00,2.589885836395193486e-02,1.874821046684695819e-02,9.994887461796330141e-01,1.759828437533147660e+00,0.000000000000000000e+00,0.000000000000000000e+00,0.000000000000000000e+00,1.000000000000000056e-01
9.980026480891744933e-01,-5.848974168138224711e-02,-2.386764598866868495e-02,7.618344493220132563e+01,5.811711847327009212e-02,9.981812492349422250e-01,-1.601855849114220548e-02,4.708413505639699181e+00,2.476115803752168207e-02,1.459944498312972481e-02,9.995867852562004829e-01,1.771396842204365107e+00,0.000000000000000000e+00,0.000000000000000000e+00,0.000000000000000000e+00,1.000000000000000056e-01
9.984751910517966067e-01,-5.139191016335612622e-02,-2.015352137567563706e-02,7.672228662854652725e+01,5.102523483668030407e-02,9.985295934627042014e-01,-1.830509188909853341e-02,4.727759286750525369e+00,2.106462114399184488e-02,1.724884196020844140e-02,9.996293108883371747e-01,1.798940364116499824e+00,0.000000000000000000e+00,0.000000000000000000e+00,0.000000000000000000e+00,1.000000000000000056e-01
9.988830860566796366e-01,-4.402149573439079200e-02,-1.716648779427548330e-02,7.728874770127075067e+01,4.362685550700422243e-02,9.987894445405367527e-01,-2.272318096079289224e-02,4.734727737836406547e+00,1.814601522249364648e-02,2.194888124057758211e-02,9.995944021170947158e-01,1.819122614311148523e+00,0.000000000000000000e+00,0.000000000000000000e+00,0.000000000000000000e+00,1.000000000000000056e-01
9.992544347125955628e-01,-3.577846644827375328e-02,-1.450779258953389592e-02,7.784340584561434184e+01,3.540551248866189576e-02,9.990553349965183294e-01,-2.519697006407155271e-02,4.739921593548013234e+00,1.539559653363233374e-02,2.466452824613235562e-02,9.995772289592081972e-01,1.851904493933154594e+00,0.000000000000000000e+00,0.000000000000000000e+00,0.000000000000000000e+00,1.000000000000000056e-01
9.996047103345511164e-01,-2.394194723840363873e-02,-1.473791842193988844e-02,7.833011909773162529e+01,2.362558243562879259e-02,9.994944037272716075e-01,-2.127836395127703437e-02,4.754352733923185248e+00,1.523991245235900571e-02,2.092176092730231932e-02,9.996649563669546268e-01,1.876628399465367858e+00,0.000000000000000000e+00,0.000000000000000000e+00,0.000000000000000000e+00,1.000000000000000056e-01
9.998486375200763554e-01,-9.621332251604053365e-03,-1.449593097911078265e-02,7.883423754922726800e+01,9.337371016635495624e-03,9.997656496182127928e-01,-1.953098425503847074e-02,4.764447487584780205e+00,1.468044794087004085e-02,1.939267411104278471e-02,9.997041605590517577e-01,1.884349208780968787e+00,0.000000000000000000e+00,0.000000000000000000e+00,0.000000000000000000e+00,1.000000000000000056e-01
9.998659132772903524e-01,9.256190283317054790e-03,-1.350845689222708416e-02,7.932722371492361901e+01,-9.424875334580504888e-03,9.998777332262088757e-01,-1.247759285062487872e-02,4.755969222312812050e+00,1.339131028308083483e-02,1.260323529326402847e-02,9.998309013373435361e-01,1.899113765184938130e+00,0.000000000000000000e+00,0.000000000000000000e+00,0.000000000000000000e+00,1.000000000000000056e-01
9.994200083556450398e-01,3.142384454144025313e-02,-1.312207653680523729e-02,7.981783131874944104e+01,-3.161239126734229771e-02,9.993962167235600491e-01,-1.441730616292648780e-02,4.726748364014538240e+00,1.266110645886999765e-02,1.482376446353938192e-02,9.998099581372285050e-01,1.918562861694534716e+00,0.000000000000000000e+00,0.000000000000000000e+00,0.000000000000000000e+00,1.000000000000000056e-01
9.983469662786584875e-01,5.603083808641178692e-02,-1.280156652654135425e-02,8.030459306156743082e+01,-5.624929222611276675e-02,9.982652246454568612e-01,-1.739420557590853553e-02,4.707403857814705717e+00,1.180474676816607206e-02,1.808553142403905925e-02,9.997667535514719317e-01,1.937371538855355180e+00,0.000000000000000000e+00,0.000000000000000000e+00,0.000000000000000000e+00,1.000000000000000056e-01
9.963666732613006838e-01,8.444883516973906989e-02,-1.103841712759599802e-02,8.077369898038803342e+01,-8.464111407473133564e-02,9.962434706963425590e-01,-1.829833060948093948e-02,4.658202900815249237e+00,9.451678284668741520e-03,1.916615071890527544e-02,9.997716361470869728e-01,1.953996682067346002e+00,0.000000000000000000e+00,0.000000000000000000e+00,0.000000000000000000e+00,1.000000000000000056e-01
9.930540841050393697e-01,1.172862763239911066e-01,-9.354968110785526550e-03,8.123910020464812476e+01,-1.174470280675921907e-01,9.928966446645617339e-01,-1.903808320039985028e-02,4.594790639495330176e+00,7.055610561221692736e-03,2.000455947796746584e-02,9.997749926657001351e-01,1.969331807785418498e+00,0.000000000000000000e+00,0.000000000000000000e+00,0.000000000000000000e+00,1.000000000000000056e-01
