9.997417482626335117e-01,-1.940592307416800014e-02,1.182568942652805453e-02,6.773113709638947100e-01,1.944809772434765924e-02,9.998048745158585326e-01,-3.461847661675912947e-03,2.608163368249081376e-02,-1.175620158373642636e-02,3.690940797127689136e-03,9.999240814583648662e-01,4.767198384508453124e-03,0.000000000000000000e+00,0.000000000000000000e+00,0.000000000000000000e+00,1.000000000000000056e-01
9.991793024109137944e-01,-3.242008531173605490e-02,2.428290966955025040e-02,1.386562868096420820e+00,3.254082198599297926e-02,9.994598517143372662e-01,-4.593442677430907041e-03,4.690538076313007648e-02,-2.412087349404446260e-02,5.379858690958715974e-03,9.996945736485467471e-01,-9.449556997830245095e-03,0.000000000000000000e+00,0.000000000000000000e+00,0.000000000000000000e+00,1.000000000000000056e-01
9.983416875774555610e-01,-4.601313805888456593e-02,3.459286011552412110e-02,2.142673123285885328e+00,4.631501145212466725e-02,9.988950414266628552e-01,-7.975959341368467695e-03,1.003584351391766383e-01,-3.418763751983677768e-02,9.564901421323211347e-03,9.993696603867923134e-01,-3.223233520067293745e-02,0.000000000000000000e+00,0.000000000000000000e+00,0.000000000000000000e+00,1.000000000000000056e-01
9.971058972934703224e-01,-6.011697468255659815e-02,4.653793009578715417e-02,2.898265593759734138e+00,6.065369661931406531e-02,9.981066825981277368e-01,-1.020682317729194703e-02,1.859475434598190369e-01,-4.583621569235109966e-02,1.299998107603019502e-02,9.988643760906819047e-01,-7.308515665924673887e-02,0.000000000000000000e+00,0.000000000000000000e+00,0.000000000000000000e+00,1.000000000000000056e-01
9.956920525390111631e-01,-7.381066198992822236e-02,5.611882649574648219e-02,3.672919587156987298e+00,7.456285057864359134e-02,9.971508428103604826e-01,-1.142707294868829278e-02,2.534550544179328679e-01,-5.511549531881210218e-02,1.556222539344362561e-02,9.983587027299184458e-01,-1.088164518285568982e-01,0.000000000000000000e+00,0.000000000000000000e+00,0.000000000000000000e+00,1.000000000000000056e-01
9.939172418075560289e-01,-8.704643969117312197e-02,6.746431482458903339e-02,4.454159133600320786e+00,8.808027205223831202e-02,9.960349656999791801e-01,-1.249851104112326486e-02,3.535331579240669209e-01,-6.610886561471152056e-02,1.836476082426217668e-02,9.976433999415841303e-01,-1.422651928061196558e-01,0.000000000000000000e+00,0.000000000000000000e+00,0.000000000000000000e+00,1.000000000000000056e-01
9.917651383006490518e-01,-1.002280649844693450e-01,7.972606500363221826e-02,5.279857162946147930e+00,1.014333108329087407e-01,9.947792528781495003e-01,-1.120363765324076943e-02,4.711769851334133286e-01,-7.818691645645658994e-02,1.919825597963480471e-02,9.967538477790650608e-01,-1.959171396626647188e-01,0.000000000000000000e+00,0.000000000000000000e+00,0.000000000000000000e+00,1.000000000000000056e-01
9.898406483801358569e-01,-1.078040028908288372e-01,9.270268483224375355e-02,6.076104916980206383e+00,1.091526261374051454e-01,9.939787612664839900e-01,-9.587823447158794893e-03,5.902234839742206418e-01,-9.111089408901665299e-02,1.960915887691752971e-02,9.956476715517592613e-01,-2.488703033153474020e-01,0.000000000000000000e+00,0.000000000000000000e+00,0.000000000000000000e+00,1.000000000000000056e-01
9.873024064084283680e-01,-1.186028421685529216e-01,1.056755607019328747e-01,6.901003404457946466e+00,1.204949026008506202e-01,9.926452237034963932e-01,-1.168068088114472547e-02,7.053305047714764076e-01,-1.035129786419949349e-01,2.426573073651278750e-02,9.943320559875784559e-01,-3.190177695253441081e-01,0.000000000000000000e+00,0.000000000000000000e+00,0.000000000000000000e+00,1.000000000000000056e-01
9.847026377790218943e-01,-1.279823573866119002e-01,1.182422570352995861e-01,7.753517945265604894e+00,1.306323417338003945e-01,9.913187974284491943e-01,-1.490748664788683203e-02,8.314498542322057428e-01,-1.153078767655527637e-01,3.012570435324082863e-02,9.928728697537471115e-01,-3.973917124050974081e-01,0.000000000000000000e+00,0.000000000000000000e+00,0.000000000000000000e+00,1.000000000000000056e-01
9.821508971842747293e-01,-1.355976626678218611e-01,1.303567759617726973e-01,8.611156140866478736e+00,1.387940475597527756e-01,9.901965966184020917e-01,-1.571344670384782621e-02,9.827631905694631520e-01,-1.269481292579976994e-01,3.352572034061574585e-02,9.913426241988879672e-01,-4.952290852156166490e-01,0.000000000000000000e+00,0.000000000000000000e+00,0.000000000000000000e+00,1.000000000000000056e-01
9.796911691957643775e-01,-1.427976059315254342e-01,1.407624123836361540e-01,9.477493719292787944e+00,1.465184808764085911e-01,9.890723060568883396e-01,-1.638011455938501865e-02,1.156450017530200824e+00,-1.368851626784493847e-01,3.667174841119340972e-02,9.899078922338989672e-01,-5.982566855217925639e-01,0.000000000000000000e+00,0.000000000000000000e+00,0.000000000000000000e+00,1.000000000000000056e-01
9.772409454755029978e-01,-1.477802306591819992e-01,1.521878375970428521e-01,1.027647067050370211e+01,1.525145582199760041e-01,9.881017769600024536e-01,-1.985416579590017910e-02,1.316657332454610474e+00,-1.474430195604745641e-01,4.261316457157932752e-02,9.881521513350487451e-01,-6.965798458800476212e-01,0.000000000000000000e+00,0.000000000000000000e+00,0.000000000000000000e+00,1.000000000000000056e-01
9.742472521155954857e-01,-1.544861707540535478e-01,1.642446796427836919e-01,1.112237777471592004e+01,1.599301724295173754e-01,9.869180488690405539e-01,-2.037411993660119547e-02,1.484639320179770738e+00,-1.589485189986873659e-01,4.611711029840852294e-02,9.862091971006193836e-01,-8.246363766595024014e-01,0.000000000000000000e+00,0.000000000000000000e+00,0.000000000000000000e+00,1.000000000000000056e-01
9.717441715165204830e-01,-1.582177125210771640e-01,1.751582729084444623e-01,1.194634297497453446e+01,1.644657511359341184e-01,9.861450633402892851e-01,-2.165480900099895495e-02,1.654669953069923372e+00,-1.693052917866547380e-01,4.985047135358448150e-02,9.843021125035043006e-01,-9.310751265359830109e-01,0.000000000000000000e+00,0.000000000000000000e+00,0.000000000000000000e+00,1.000000000000000056e-01
9.693373870171368978e-01,-1.619490526509313466e-01,1.848175707995729777e-01,1.282466369040776577e+01,1.684193811261638363e-01,9.855173972345715461e-01,-1.975782905776042250e-02,1.851025079900488146e+00,-1.789411696392679552e-01,5.027886328728578547e-02,9.825742179167277213e-01,-1.074570000667978587e+00,0.000000000000000000e+00,0.000000000000000000e+00,0.000000000000000000e+00,1.000000000000000056e-01
9.668381084238595324e-01,-1.669227970797263205e-01,1.932895545922070080e-01,1.374359172480383151e+01,1.738474196764561441e-01,9.845832100544631427e-01,-1.931261636047836017e-02,2.042045566101009957e+00,-1.870859341885738603e-01,5.227506378694726785e-02,9.809516659524357696e-01,-1.236296212511350134e+00,0.000000000000000000e+00,0.000000000000000000e+00,0.000000000000000000e+00,1.000000000000000056e-01
9.657493772271912302e-01,-1.624476808656522553e-01,2.023336140305499742e-01,1.462768940592738609e+01,1.692790662082234721e-01,9.854247965442320956e-01,-1.680976202778160233e-02,2.233308118200687087e+00,-1.966538535827972722e-01,5.048486245529397454e-02,9.791723752914528456e-01,-1.391130450983441014e+00,0.000000000000000000e+00,0.000000000000000000e+00,0.000000000000000000e+00,1.000000000000000056e-01
9.601594305573913912e-01,-1.800728593155770108e-01,2.136998672194682092e-01,1.561012497689495682e+01,1.876236618590050031e-01,9.821199272494786081e-01,-1.542108978303792163e-02,2.530228681824501891e+00,-2.071019783158135064e-01,5.490185641115585824e-02,9.767776393531361068e-01,-1.580297491415800337e+00,0.000000000000000000e+00,0.000000000000000000e+00,0.000000000000000000e+00,1.000000000000000056e-01
9.581939732061270920e-01,-1.778135056382529056e-01,2.241576831698855465e-01,1.654623911824133842e+01,1.860699492481361073e-01,9.824047779358308086e-01,-1.608807868103006439e-02,2.751521627673467751e+00,-2.173529012878637201e-01,5.712450876362935165e-02,9.744200874367595633e-01,-1.770649268495387396e+00,0.000000000000000000e+00,0.000000000000000000e+00,0.000000000000000000e+00,1.000000000000000056e-01
9.544317853619956882e-01,-1.804856274712004771e-01,2.376655325600251778e-01,1.744205783026023582e+01,1.904245952698290500e-01,9.815111218579177788e-01,-1.934919082374206636e-02,2.963982580777771325e+00,-2.297791126430666908e-01,6.372484559054525377e-02,9.711543149507322337e-01,-1.960427008168524665e+00,0.000000000000000000e+00,0.000000000000000000e+00,0.000000000000000000e+00,1.000000000000000056e-01
9.513447853041895330e-01,-1.819108721754641445e-01,2.486996864873123880e-01,1.828385781423006406e+01,1.930311289839490851e-01,9.809706927239310037e-01,-2.086823566842567479e-02,3.149497321998920185e+00,-2.401709447824768584e-01,6.785966844225574390e-02,9.683558140896348920e-01,-2.146055836008311957e+00,0.000000000000000000e+00,0.000000000000000000e+00,0.000000000000000000e+00,1.000000000000000056e-01
9.485117855921402219e-01,-1.804829898477643968e-01,2.602907661989216082e-01,1.916988361830373933e+01,1.935423114992679827e-01,9.807676479951903392e-01,-2.522289248882467194e-02,3.337883306827293506e+00,-2.507324595107905396e-01,7.430148734442848513e-02,9.652007680923567756e-01,-2.359146105925080672e+00,0.000000000000000000e+00,0.000000000000000000e+00,0.000000000000000000e+00,1.000000000000000056e-01
9.447327041741533371e-01,-1.798120046692196217e-01,2.741309187972569839e-01,2.008294966953363669e+01,1.941885350763954687e-01,9.806194413417498312e-01,-2.600623208921139934e-02,3.549604928732329689e+00,-2.641418757196126177e-01,7.780201950740697758e-02,9.613406863604045949e-01,-2.585352782293188767e+00,0.000000000000000000e+00,0.000000000000000000e+00,0.000000000000000000e+00,1.000000000000000056e-01
9.414499693346584097e-01,-1.761288033297093436e-01,2.874901735319232987e-01,2.099096528048627519e+01,1.919741600013355753e-01,9.810103197259060215e-01,-2.765274820080778836e-02,3.740718532049926548e+00,-2.771603816052222724e-01,8.122436351809868282e-02,9.573843144941990291e-01,-2.827790225324540163e+00,0.000000000000000000e+00,0.000000000000000000e+00,0.000000000000000000e+00,1.000000000000000056e-01
9.388807283161275663e-01,-1.674658464265102453e-01,3.007626444178705394e-01,2.188185888617411123e+01,1.857118782855032291e-01,9.820526407748223496e-01,-3.291973588697354181e-02,3.957245095614780883e+00,-2.898518177625394876e-01,8.676290121849393466e-02,9.531306955039804407e-01,-3.071994652193362541e+00,0.000000000000000000e+00,0.000000000000000000e+00,0.000000000000000000e+00,1.000000000000000056e-01
9.351743068499765998e-01,-1.613740231760811550e-01,3.152894550276482133e-01,2.279570784437919073e+01,1.814196723418476653e-01,9.827794759532928470e-01,-3.509136834533040789e-02,4.185366014013855107e+00,-3.041971700970316772e-01,9.001625569271720639e-02,9.483465376200943542e-01,-3.336363468744346861e+00,0.000000000000000000e+00,0.000000000000000000e+00,0.000000000000000000e+00,1.000000000000000056e-01
9.325044110473623693e-01,-1.494697711170268062e-01,3.287769926552578381e-01,2.372195294960707201e+01,1.703954113857104047e-01,9.847322189047554852e-01,-3.560703342896134188e-02,4.397777331915489363e+00,-3.184351223654613428e-01,8.922580665446666615e-02,9.437361009683551405e-01,-3.612499567768619357e+00,0.000000000000000000e+00,0.000000000000000000e+00,0.000000000000000000e+00,1.000000000000000056e-01
9.310786015358935019e-01,-1.334485737042049314e-01,3.395351468379648185e-01,2.461023599625236358e+01,1.551858819589576055e-01,9.871709171360517621e-01,-3.756224702260032439e-02,4.585334231390027604e+00,-3.301665940136666588e-01,8.766446564646221407e-02,9.398430516103924992e-01,-3.896788764926244042e+00,0.000000000000000000e+00,0.000000000000000000e+00,0.000000000000000000e+00,1.000000000000000056e-01
9.287088054614466293e-01,-1.259554895004887931e-01,3.487623393129842264e-01,2.551857515957152955e+01,1.492307403196336257e-01,9.879694806551794217e-01,-4.057698162245523821e-02,4.753275419748888453e+00,-3.394556536604257935e-01,8.973026222310537259e-02,9.363323871571173074e-01,-4.186536085837271770e+00,0.000000000000000000e+00,0.000000000000000000e+00,0.000000000000000000e+00,1.000000000000000056e-01
9.281539426785970770e-01,-1.144574126782842427e-01,3.541606406324232514e-01,2.639761602574990107e+01,1.382084713370811402e-01,9.894942609856417493e-01,-4.242081950111213640e-02,4.923241687684172696e+00,-3.455845441289913111e-01,8.832105162118290831e-02,9.342219836311311809e-01,-4.493334796147623322e+00,0.000000000000000000e+00,0.000000000000000000e+00,0.000000000000000000e+00,1.000000000000000056e-01
9.243659316667549586e-01,-1.031849214814952037e-01,3.672880291443076928e-01,2.729665459474262335e+01,1.293102425739368622e-01,9.904813323206715925e-01,-4.717617502232314408e-02,5.080724522575734703e+00,-3.589240665368118588e-01,9.110215312013723865e-02,9.289100667758711793e-01,-4.804953503694162187e+00,0.000000000000000000e+00,0.000000000000000000e+00,0.000000000000000000e+00,1.000000000000000056e-01
9.206915066775764878e-01,-9.155373266515165476e-02,3.794009272087406348e-01,2.821198937667121953e+01,1.197964854677181501e-01,9.914639839544567845e-01,-5.145843556443872174e-02,5.208675844738532845e+00,-3.714511429533592368e-01,9.282824223389476992e-02,9.238002846083175346e-01,-5.139854714113767820e+00,0.000000000000000000e+00,0.000000000000000000e+00,0.000000000000000000e+00,1.000000000000000056e-01
9.145133331524771814e-01,-7.883564029484312063e-02,3.968000822903749447e-01,2.915646073509095260e+01,1.099398245999440998e-01,9.923468410457937372e-01,-5.622261140651151068e-02,5.347585039025280373e+00,-3.893309626182840932e-01,9.504045920415253590e-02,9.161815937143596988e-01,-5.499988065642751778e+00,0.000000000000000000e+00,0.000000000000000000e+00,0.000000000000000000e+00,1.000000000000000056e-01
9.084095228756495777e-01,-6.585377176359213935e-02,4.128624704345787988e-01,3.006409231218855638e+01,1.003146749374844160e-01,9.930014488795310124e-01,-6.233047822164521079e-02,5.467374298029978874e+00,-4.058683342427955587e-01,9.803776449746733068e-02,9.086580720993555627e-01,-5.864786313335337731e+00,0.000000000000000000e+00,0.000000000000000000e+00,0.000000000000000000e+00,1.000000000000000056e-01
9.017560974251970229e-01,-5.014451496783923351e-02,4.293267617737319131e-01,3.094358531184990113e+01,8.840946252618056556e-02,9.936469167439203609e-01,-6.963886688575920969e-02,5.572410846822646313e+00,-4.231072059092239601e-01,1.007538210885361996e-01,9.004604154785199599e-01,-6.222014217089796517e+00,0.000000000000000000e+00,0.000000000000000000e+00,0.000000000000000000e+00,1.000000000000000056e-01
8.986939264953859308e-01,-3.802034984697212627e-02,4.369252561683973912e-01,3.185105971867769625e+01,7.835064736595971635e-02,9.941270788066470798e-01,-7.464936195773901051e-02,5.664243982204513195e+00,-4.315210337140483743e-01,1.013203048795074807e-01,8.963948869117241980e-01,-6.618147949237269678e+00,0.000000000000000000e+00,0.000000000000000000e+00,0.000000000000000000e+00,1.000000000000000056e-01
8.947669276005730810e-01,-2.692153831260626559e-02,4.457211864463183071e-01,3.278569591239961056e+01,6.791223252214478867e-02,9.947735238542469993e-01,-7.624673706108384130e-02,5.758670650300122595e+00,-4.413389558446987326e-01,9.849297951370336590e-02,8.919187513671995582e-01,-7.048482194798642020e+00,0.000000000000000000e+00,0.000000000000000000e+00,0.000000000000000000e+00,1.000000000000000056e-01
8.873415562617773533e-01,-1.209360606696897530e-02,4.609541270270003377e-01,3.369680822593432623e+01,5.497481873974015276e-02,9.953006524348286810e-01,-7.971436863788795846e-02,5.864952870860059342e+00,-4.578239092003165700e-01,9.607474150421300985e-02,8.838364736813246747e-01,-7.488610651099640414e+00,0.000000000000000000e+00,0.000000000000000000e+00,0.000000000000000000e+00,1.000000000000000056e-01
8.811317593131920978e-01,1.633898382419899514e-03,4.728680081224725384e-01,3.460902069228942679e+01,4.225371102686512059e-02,9.957217835363901814e-01,-8.217514037449759334e-02,5.944161650819242304e+00,-4.709792422539416101e-01,9.238755417904585820e-02,8.772930486437908737e-01,-7.917036666129734002e+00,0.000000000000000000e+00,0.000000000000000000e+00,0.000000000000000000e+00,1.000000000000000056e-01
8.744598802140978178e-01,1.627167365471298213e-02,4.848248658355098772e-01,3.549471298136139552e+01,2.794193527263391999e-02,9.960883675878737797e-01,-8.382846896696126426e-02,6.023117894907208836e+00,-4.842924386661076053e-01,8.685157795111940471e-02,8.705846525515109624e-01,-8.361341088540756417e+00,0.000000000000000000e+00,0.000000000000000000e+00,0.000000000000000000e+00,1.000000000000000056e-01
8.654463480933862751e-01,3.278009564639955409e-02,4.999280787285649286e-01,3.638548644304539437e+01,1.222042576578110697e-02,9.961791220004307945e-01,-8.647437819697705030e-02,6.066601350138492776e+00,-5.008525529194438608e-01,8.094826878855214403e-02,8.617389964567068183e-01,-8.831306839065492298e+00,0.000000000000000000e+00,0.000000000000000000e+00,0.000000000000000000e+00,1.000000000000000056e-01
8.566662450517323890e-01,4.979143673185512653e-02,5.134625180255545374e-01,3.729297214314655662e+01,-2.535281287271203693e-03,9.957254665418261430e-01,-9.232750201785583366e-02,6.102798086081896223e+00,-5.158648242880683465e-01,7.779208255497746527e-02,8.531306318225831964e-01,-9.336095754429736715e+00,0.000000000000000000e+00,0.000000000000000000e+00,0.000000000000000000e+00,1.000000000000000056e-01
8.456261985787035806e-01,6.472498912959070982e-02,5.298367749217728351e-01,3.819634900551054102e+01,-1.814452682080006790e-02,9.955328763351889432e-01,-9.265564355307535915e-02,6.121411304550879784e+00,-5.334670640478006431e-01,6.873840206143617959e-02,8.430230860766864120e-01,-9.823504701819640417e+00,0.000000000000000000e+00,0.000000000000000000e+00,0.000000000000000000e+00,1.000000000000000056e-01
8.348420910083229618e-01,8.092290223443246444e-02,5.445091064204595765e-01,3.908370349348407302e+01,-3.536066856524412022e-02,9.949765958929737142e-01,-9.365466749633538646e-02,6.123421483411362942e+00,-5.493526246405581182e-01,5.893265240243875103e-02,8.335098297448827465e-01,-1.035451229152327990e+01,0.000000000000000000e+00,0.000000000000000000e+00,0.000000000000000000e+00,1.000000000000000056e-01
8.238022680887109317e-01,9.814991934147421215e-02,5.583156960225619247e-01,3.997354688932043132e+01,-5.023683650078697438e-02,9.936621746005898093e-01,-1.005571629791739835e-01,6.121932232551700714e+00,-5.646468660590342470e-01,5.479120459790116915e-02,8.235118946004496010e-01,-1.088811722779494495e+01,0.000000000000000000e+00,0.000000000000000000e+00,0.000000000000000000e+00,1.000000000000000056e-01
8.127429180679605070e-01,1.137244109922357638e-01,5.714155296059475475e-01,4.084442733071877996e+01,-6.657670775686730380e-02,9.924684968048693712e-01,-1.028291049953250214e-01,6.097973368399249416e+00,-5.788060911174253143e-01,4.553066213390644101e-02,8.141931390591639062e-01,-1.142860537790777542e+01,0.000000000000000000e+00,0.000000000000000000e+00,0.000000000000000000e+00,1.000000000000000056e-01
8.011323652289468189e-01,1.346783605437574527e-01,5.831369243873338881e-01,4.172103855482711765e+01,-8.814586867571011508e-02,9.902777310304744507e-01,-1.076119011101460965e-01,6.054136752265749877e+00,-5.919605047788898400e-01,3.481026610615144817e-02,8.052148819759487042e-01,-1.201440188223448580e+01,0.000000000000000000e+00,0.000000000000000000e+00,0.000000000000000000e+00,1.000000000000000056e-01
7.876075491865653921e-01,1.542131415427433483e-01,5.965673938792245279e-01,4.260326046410435197e+01,-1.086853347984426121e-01,9.877639162150539942e-01,-1.118478601639303904e-01,5.965554179618459685e+00,-6.065161551550647401e-01,2.325409209187698917e-02,7.947310241439553558e-01,-1.262066929348350541e+01,0.000000000000000000e+00,0.000000000000000000e+00,0.000000000000000000e+00,1.000000000000000056e-01
7.710842674666618102e-01,1.765900607892532670e-01,6.117556725489756708e-01,4.346525831728995826e+01,-1.290240142738724449e-01,9.841742810568790967e-01,-1.214651729790507811e-01,5.888807561030843019e+00,-6.235237414935033140e-01,1.472871130218127156e-02,7.816656630921687832e-01,-1.323103521297504592e+01,0.000000000000000000e+00,0.000000000000000000e+00,0.000000000000000000e+00,1.000000000000000056e-01
7.522661238778804993e-01,2.023428292691930308e-01,6.270191849609449974e-01,4.427499964305578573e+01,-1.560521612274861358e-01,9.793142886260856050e-01,-1.288070148284422567e-01,5.776957659777417931e+00,-6.401120228850416538e-01,-9.505451709793943937e-04,7.682809997793110801e-01,-1.384392244799167138e+01,0.000000000000000000e+00,0.000000000000000000e+00,0.000000000000000000e+00,1.000000000000000056e-01
7.380371447693612197e-01,2.154489194407617769e-01,6.394395483957001636e-01,4.498574379485750541e+01,-1.679308783712357145e-01,9.764854658388228970e-01,-1.351863717058869874e-01,5.674887228978554354e+00,-6.535291829980923728e-01,-7.609081241853832278e-03,7.568630714022852590e-01,-1.439807879790150125e+01,0.000000000000000000e+00,0.000000000000000000e+00,0.000000000000000000e+00,1.000000000000000056e-01
7.219429163529516025e-01,2.387196669715822284e-01,6.494700502169226120e-01,4.571295066992496459e+01,-1.929794003775987254e-01,9.708258630028719915e-01,-1.423239078813930414e-01,5.531903822945647420e+00,-6.644978378879027314e-01,-2.258460373142891220e-02,7.469488329976805563e-01,-1.500558005095058611e+01,0.000000000000000000e+00,0.000000000000000000e+00,0.000000000000000000e+00,1.000000000000000056e-01
7.280054373845941118e-01,2.284619884445268090e-01,6.463847174666483841e-01,4.639224440640113301e+01,-1.801795882789181125e-01,9.734561531901603226e-01,-1.411326814875091262e-01,5.358858524383858679e+00,-6.614706335931366254e-01,-1.371997274735080319e-02,7.498455595932448370e-01,-1.561922492698229803e+01,0.000000000000000000e+00,0.000000000000000000e+00,0.000000000000000000e+00,1.000000000000000056e-01
7.314068662567216883e-01,2.165037073778953713e-01,6.466607616704052042e-01,4.708653292292540726e+01,-1.647655043737550340e-01,9.762744622065228084e-01,-1.405009003950749014e-01,5.219086273180756130e+00,-6.617373531553014665e-01,-3.784063291131373186e-03,7.497261875538459019e-01,-1.623761356818018697e+01,0.000000000000000000e+00,0.000000000000000000e+00,0.000000000000000000e+00,1.000000000000000056e-01
7.352020911217986843e-01,2.105276101714886328e-01,6.443260126408184574e-01,4.782297017370713377e+01,-1.538664918309169405e-01,9.775655427358197480e-01,-1.438426652536325401e-01,5.074398292524698206e+00,-6.601537608025730419e-01,6.613245126557767972e-03,7.511013760386245908e-01,-1.687763264735756508e+01,0.000000000000000000e+00,0.000000000000000000e+00,0.000000000000000000e+00,1.000000000000000056e-01
7.377036025223939752e-01,2.016311916511493718e-01,6.443122359375298425e-01,4.849897321554365703e+01,-1.391802920728766046e-01,9.792802644530013145e-01,-1.471020392495242524e-01,4.936556049372813781e+00,-6.606226162674045943e-01,1.884213910885106091e-02,7.504816671110708937e-01,-1.747702103394230022e+01,0.000000000000000000e+00,0.000000000000000000e+00,0.000000000000000000e+00,1.000000000000000056e-01
7.442341842269932783e-01,1.895980517801685861e-01,6.404436413839601494e-01,4.922377633769674787e+01,-1.229555523217135127e-01,9.813679978273229798e-01,-1.476441160143330544e-01,4.833351251375796132e+00,-6.565039308193397760e-01,3.113569658054849559e-02,7.536797444652467703e-01,-1.809579799683704238e+01,0.000000000000000000e+00,0.000000000000000000e+00,0.000000000000000000e+00,1.000000000000000056e-01
7.495786289680121950e-01,1.791843809019104117e-01,6.372007820422336266e-01,5.000492149568058409e+01,-1.103070728665981187e-01,9.830161180125176479e-01,-1.466685426504368284e-01,4.717390051939326590e+00,-6.526593511703009387e-01,3.965185201726491304e-02,7.566131785539840227e-01,-1.872365004430143642e+01,0.000000000000000000e+00,0.000000000000000000e+00,0.000000000000000000e+00,1.000000000000000056e-01
7.538282212441596020e-01,1.656590122034215240e-01,6.358459754780657613e-01,5.075193064549528543e+01,-9.274741820120005475e-02,9.848344773269021024e-01,-1.466252661899010434e-01,4.636679392112959874e+00,-6.504928356814377866e-01,5.155719100217035639e-02,7.577604679468886717e-01,-1.935651532292682120e+01,0.000000000000000000e+00,0.000000000000000000e+00,0.000000000000000000e+00,1.000000000000000056e-01
7.564746257321284251e-01,1.547124404235508122e-01,6.354606214405621456e-01,5.147687650408705196e+01,-7.886863917999301088e-02,9.861069355105915868e-01,-1.461945604042982627e-01,4.560927690634446918e+00,-6.492502432632060172e-01,6.047456090042475224e-02,7.581668346126521074e-01,-1.995793662445544214e+01,0.000000000000000000e+00,0.000000000000000000e+00,0.000000000000000000e+00,1.000000000000000056e-01
7.568813660389352993e-01,1.436180330804065763e-01,6.375770214783077483e-01,5.221028688722519462e+01,-6.443585609736920961e-02,9.872016415756983410e-01,-1.458798797615539766e-01,4.478893921741851969e+00,-6.503680636316903074e-01,6.933094146455509588e-02,7.564486779442503028e-01,-2.055071181332385066e+01,0.000000000000000000e+00,0.000000000000000000e+00,0.000000000000000000e+00,1.000000000000000056e-01
7.608762619201610011e-01,1.273790712277428905e-01,6.362718650542079635e-01,5.294633203827871881e+01,-5.092453867556697572e-02,9.892411283002885414e-01,-1.371447463078802054e-01,4.457660039539239172e+00,-6.468956681004157661e-01,7.194833071260053892e-02,7.591768122780009342e-01,-2.115308807246007916e+01,0.000000000000000000e+00,0.000000000000000000e+00,0.000000000000000000e+00,1.000000000000000056e-01
7.676336153862739486e-01,1.145937292709454935e-01,6.305607898853013982e-01,5.366506905722831533e+01,-3.581947906826732364e-02,9.900180477425857273e-01,-1.363129856735490475e-01,4.413211842230537307e+00,-6.398871755616577506e-01,8.205207100211715787e-02,7.640758209732771977e-01,-2.173678479863413671e+01,0.000000000000000000e+00,0.000000000000000000e+00,0.000000000000000000e+00,1.000000000000000056e-01
7.740476291710423062e-01,9.911031448930732179e-02,6.253218478004100023e-01,5.439570545280525948e+01,-2.126889344824973299e-02,9.911845358899800118e-01,-1.307702182610853969e-01,4.401458463635263385e+00,-6.327700229516056707e-01,8.792247365944334814e-02,7.693320067951345820e-01,-2.230423366575464428e+01,0.000000000000000000e+00,0.000000000000000000e+00,0.000000000000000000e+00,1.000000000000000056e-01
7.808343005314259955e-01,8.900532083454468224e-02,6.183654647348432176e-01,5.514136257554073239e+01,-8.234710781236630195e-03,9.911797070886059213e-01,-1.322685820370609333e-01,4.392854778821845940e+00,-6.246839077901303883e-01,9.818778497799562910e-02,7.746800463605389986e-01,-2.290364212378366560e+01,0.000000000000000000e+00,0.000000000000000000e+00,0.000000000000000000e+00,1.000000000000000056e-01
7.855202639466341008e-01,7.551305409232053623e-02,6.142114404591146881e-01,5.588219399542511212e+01,4.265724298003370496e-03,9.918428005863252350e-01,-1.273956927108941817e-01,4.392405797573109894e+00,-6.188212330919357074e-01,1.026919548296039847e-01,7.787905006404809427e-01,-2.348794146530837779e+01,0.000000000000000000e+00,0.000000000000000000e+00,0.000000000000000000e+00,1.000000000000000056e-01
7.858149573066890436e-01,6.284731146518457434e-02,6.152601631136902505e-01,5.666894520534751223e+01,1.889833893869912601e-02,9.919187724107630943e-01,-1.254591635731834298e-01,4.408747394380264417e+00,-6.181728768382228623e-01,1.102150823649958727e-01,7.782768980002121584e-01,-2.406293816307758959e+01,0.000000000000000000e+00,0.000000000000000000e+00,0.000000000000000000e+00,1.000000000000000056e-01
7.892245858875133191e-01,5.133114294841435721e-02,6.119556085160857695e-01,5.741767290671151613e+01,3.267169994181767789e-02,9.915795171038825906e-01,-1.253101004825344644e-01,4.442346599888976399e+00,-6.132349574621420718e-01,1.188914421800009447e-01,7.809018580607709481e-01,-2.461322821849367415e+01,0.000000000000000000e+00,0.000000000000000000e+00,0.000000000000000000e+00,1.000000000000000056e-01
7.932319993103251754e-01,3.806199409036021414e-02,6.077287880921965479e-01,5.808819533249085509e+01,4.688287729251699315e-02,9.912643312150202224e-01,-1.232761999642005557e-01,4.476105761053609911e+00,-6.071120086828453166e-01,1.262787007642387493e-01,7.845181314962559327e-01,-2.512155667603546050e+01,0.000000000000000000e+00,0.000000000000000000e+00,0.000000000000000000e+00,1.000000000000000056e-01
7.962262418474750358e-01,2.319841829624750065e-02,6.045540548056876906e-01,5.875622479369031481e+01,6.270235995620287994e-02,9.907191268666863948e-01,-1.205986140734351952e-01,4.523900536749771106e+00,-6.017409624160291459e-01,1.339307472131135435e-01,7.873819715370476979e-01,-2.561877280273736091e+01,0.000000000000000000e+00,0.000000000000000000e+00,0.000000000000000000e+00,1.000000000000000056e-01
7.999218572075119660e-01,1.345519542043653247e-02,5.999533149153213341e-01,5.940906403605914932e+01,7.373764293580901963e-02,9.899688941047717350e-01,-1.205170059337951766e-01,4.584795030310762520e+00,-5.955566995475376491e-01,1.406433305250311405e-01,7.909056019544120630e-01,-2.610185465493858459e+01,0.000000000000000000e+00,0.000000000000000000e+00,0.000000000000000000e+00,1.000000000000000056e-01
8.047254076858429972e-01,5.377801412916743962e-04,5.936469733919086389e-01,6.007002747170994184e+01,8.831006806783328611e-02,9.887647059965555263e-01,-1.206055059000198243e-01,4.650802162487191360e+00,-5.870420343575989408e-01,1.494793195330534619e-01,7.956365897375679008e-01,-2.658192985320016888e+01,0.000000000000000000e+00,0.000000000000000000e+00,0.000000000000000000e+00,1.000000000000000056e-01
8.056669222687312670e-01,-1.089481760554231182e-02,5.922686158419776525e-01,6.069818956743149840e+01,1.010951671697513377e-01,9.876917134207230387e-01,-1.193517759187367328e-01,4.730765501290599140e+00,-5.836784881567507188e-01,1.560332726996978558e-01,7.968519563091198687e-01,-2.702604093932209040e+01,0.000000000000000000e+00,0.000000000000000000e+00,0.000000000000000000e+00,1.000000000000000056e-01
8.073249078163428072e-01,-2.437913795928606242e-02,5.896033843624844950e-01,6.134002751097366968e+01,1.155777289225148885e-01,9.863273734642520330e-01,-1.174738308399937980e-01,4.830755868949712983e+00,-5.786780467552291585e-01,1.629845697833752216e-01,7.991043412571858795e-01,-2.746987630005627778e+01,0.000000000000000000e+00,0.000000000000000000e+00,0.000000000000000000e+00,1.000000000000000056e-01
8.066284811474713212e-01,-3.777501872091794388e-02,5.898504398255186576e-01,6.196312453118865449e+01,1.323916828809947321e-01,9.841460638157516483e-01,-1.180210463430174661e-01,4.919788090136798075e+00,-5.760407413592041337e-01,1.732904297316988362e-01,7.988413429822855960e-01,-2.789811567948548543e+01,0.000000000000000000e+00,0.000000000000000000e+00,0.000000000000000000e+00,1.000000000000000056e-01
8.086894617782581784e-01,-4.901691021908301943e-02,5.861899836412811649e-01,6.254845108720993352e+01,1.436017367569041581e-01,9.828223890117558925e-01,-1.159253762453481829e-01,5.026450808535030568e+00,-5.704383363775544780e-01,1.779255298426819232e-01,8.018370222314563645e-01,-2.828812897770171375e+01,0.000000000000000000e+00,0.000000000000000000e+00,0.000000000000000000e+00,1.000000000000000056e-01
8.130023626029730943e-01,-6.412855483793636346e-02,5.787181411156744337e-01,6.310749119058175438e+01,1.561563418195401620e-01,9.815195427485593482e-01,-1.106100542997694447e-01,5.138553212029260742e+00,-5.609299023153632158e-01,1.802967433345838422e-01,8.079917877252345004e-01,-2.865454097405083900e+01,0.000000000000000000e+00,0.000000000000000000e+00,0.000000000000000000e+00,1.000000000000000056e-01
8.177116779178824624e-01,-7.220932842297009269e-02,5.710809265641997312e-01,6.366397276568568486e+01,1.646746751351587379e-01,9.799821995031865463e-01,-1.118800251431265602e-01,5.239548811686825402e+00,-5.515703610291721182e-01,1.855281691431259206e-01,8.132339363851882608e-01,-2.902232947882220415e+01,0.000000000000000000e+00,0.000000000000000000e+00,0.000000000000000000e+00,1.000000000000000056e-01
8.211611046242326406e-01,-8.105775581874091751e-02,5.649106836252429931e-01,6.427543726094218357e+01,1.734218705050890597e-01,9.784942721809828381e-01,-1.116862307517130504e-01,5.371538714441640217e+00,-5.437088330005556136e-01,1.896802560379918512e-01,8.175586250456512438e-01,-2.941682822824078514e+01,0.000000000000000000e+00,0.000000000000000000e+00,0.000000000000000000e+00,1.000000000000000056e-01
8.237196278192073784e-01,-9.317649677539836806e-02,5.592889371282528943e-01,6.485303335486086951e+01,1.846519146092734376e-01,9.767144578436743885e-01,-1.092361582547963922e-01,5.498827050011960260e+00,-5.360873484578013715e-01,1.932537406825583504e-01,8.217440882267923463e-01,-2.979114247042138075e+01,0.000000000000000000e+00,0.000000000000000000e+00,0.000000000000000000e+00,1.000000000000000056e-01
8.232619525506199576e-01,-1.040811087897033499e-01,5.580384218632680193e-01,6.542210443276053411e+01,1.957808034907483896e-01,9.747904726827761879e-01,-1.070206118063560530e-01,5.637398429868801131e+00,-5.328317130830876325e-01,1.973592084499624366e-01,8.228849909756201786e-01,-3.014388053606232276e+01,0.000000000000000000e+00,0.000000000000000000e+00,0.000000000000000000e+00,1.000000000000000056e-01
8.244382017111027139e-01,-1.183988675817238267e-01,5.534287304746009495e-01,6.594027130602418652e+01,2.113901967427152806e-01,9.715204027658120856e-01,-1.070620928752583217e-01,5.749743740277392767e+00,-5.249912725754964926e-01,2.052554875396020995e-01,8.259868936941076045e-01,-3.047212172263700936e+01,0.000000000000000000e+00,0.000000000000000000e+00,0.000000000000000000e+00,1.000000000000000056e-01
8.266378942503724847e-01,-1.322719466390506471e-01,5.469679368314253054e-01,6.642449165985193815e+01,2.260901098441738533e-01,9.681490619775932061e-01,-1.075669838870449146e-01,5.865793637486635070e+00,-5.153184006223330282e-01,2.125829859707086544e-01,8.302140808585567466e-01,-3.074941739361649340e+01,0.000000000000000000e+00,0.000000000000000000e+00,0.000000000000000000e+00,1.000000000000000056e-01
8.296481557167847409e-01,-1.381011323287358317e-01,5.409362392789549556e-01,6.694388187565516546e+01,2.351711068054169740e-01,9.652135345879487849e-01,-1.142689072852007409e-01,5.990891972880705296e+00,-5.063383140150989892e-01,2.220155622873307699e-01,8.332650249846007551e-01,-3.105884955045804929e+01,0.000000000000000000e+00,0.000000000000000000e+00,0.000000000000000000e+00,1.000000000000000056e-01
8.331575197747499439e-01,-1.432451050888353672e-01,5.341623228110305988e-01,6.746685811949588185e+01,2.419145842366060006e-01,9.629615194979529447e-01,-1.190900747326313763e-01,6.122159430126369983e+00,-4.973186917625530001e-01,2.284424475317189396e-01,8.369517112649335067e-01,-3.135722310702149329e+01,0.000000000000000000e+00,0.000000000000000000e+00,0.000000000000000000e+00,1.000000000000000056e-01
8.361294313100617881e-01,-1.528583230889182243e-01,5.268034805879291405e-01,6.795899276648870568e+01,2.494001925042971801e-01,9.613183903444689760e-01,-1.169037910605927877e-01,6.266346131878271386e+00,-4.885561565223922043e-01,2.291315898080470426e-01,8.419094942308850138e-01,-3.163565507367927765e+01,0.000000000000000000e+00,0.000000000000000000e+00,0.000000000000000000e+00,1.000000000000000056e-01
8.374724276590715943e-01,-1.603012251454482007e-01,5.224399009720538389e-01,6.844365998351790381e+01,2.526731122553577125e-01,9.612684196526497526e-01,-1.100878000583563610e-01,6.434760760997821016e+00,-4.845577687479713513e-01,2.242020129155079256e-01,8.455396064943510037e-01,-3.191444490671387513e+01,0.000000000000000000e+00,0.000000000000000000e+00,0.000000000000000000e+00,1.000000000000000056e-01
8.374482532230734799e-01,-1.642082412738970487e-01,5.212639222806012551e-01,6.891572848843058807e+01,2.582665004418746579e-01,9.594812075429407505e-01,-1.126686607777313553e-01,6.558511253979370181e+00,-4.816418149653642899e-01,2.289791821753103251e-01,8.459253490747252746e-01,-3.218285421688276671e+01,0.000000000000000000e+00,0.000000000000000000e+00,0.000000000000000000e+00,1.000000000000000056e-01
8.385540526413155504e-01,-1.682659358861625654e-01,5.181830522307532272e-01,6.942444122121852956e+01,2.629533283709515890e-01,9.579970768403047732e-01,-1.144427711306817003e-01,6.695468747356850159e+00,-4.771610293155385540e-01,2.322244078166309511e-01,8.475784190956909825e-01,-3.245173433890972348e+01,0.000000000000000000e+00,0.000000000000000000e+00,0.000000000000000000e+00,1.000000000000000056e-01
8.388330742313743205e-01,-1.714078396739130983e-01,5.166995510679913695e-01,6.990310565883724792e+01,2.657741542080956365e-01,9.572825378124303342e-01,-1.139045291213848232e-01,6.815658959918406090e+00,-4.751033282671393576e-01,2.328722724965664459e-01,8.485560277151837916e-01,-3.271282876626791136e+01,0.000000000000000000e+00,0.000000000000000000e+00,0.000000000000000000e+00,1.000000000000000056e-01
8.426836076961443656e-01,-1.737355688560139333e-01,5.096079762273034719e-01,7.034475578817529140e+01,2.655437143401025435e-01,9.574922520977631191e-01,-1.126726361953769712e-01,6.962778280353472127e+00,-4.683704443009536478e-01,2.302705784224962637e-01,8.529974136058657841e-01,-3.294033812749636070e+01,0.000000000000000000e+00,0.000000000000000000e+00,0.000000000000000000e+00,1.000000000000000056e-01
8.474162056264354925e-01,-1.744390946147614252e-01,5.014546606740006851e-01,7.078497925358040277e+01,2.624836185519384135e-01,9.586347758745588088e-01,-1.100986670028969855e-01,7.116542136265594287e+00,-4.615063644561961387e-01,2.249230285095694670e-01,8.581500491245735995e-01,-3.317635828927146235e+01,0.000000000000000000e+00,0.000000000000000000e+00,0.000000000000000000e+00,1.000000000000000056e-01
8.530744861419893299e-01,-1.676075706502497265e-01,4.941372515347353667e-01,7.121990393542418474e+01,2.501393221277492529e-01,9.624579757577000905e-01,-1.053800950173248707e-01,7.231999637292651606e+00,-4.579238371378486216e-01,2.135002275434662589e-01,8.629735872086916615e-01,-3.340955719538331437e+01,0.000000000000000000e+00,0.000000000000000000e+00,0.000000000000000000e+00,1.000000000000000056e-01
8.566190079359097265e-01,-1.617988945433949943e-01,4.899234562331479248e-01,7.167430400374837518e+01,2.434558717175744069e-01,9.639554769280607172e-01,-1.073269631855436057e-01,7.341214813865084565e+00,-4.548990149133473881e-01,2.112130588409022180e-01,8.651334752545041251e-01,-3.362990665460988282e+01,0.000000000000000000e+00,0.000000000000000000e+00,0.000000000000000000e+00,1.000000000000000056e-01
8.608766551021524993e-01,-1.481600580235574449e-01,4.867648116971743377e-01,7.211854927485433109e+01,2.293439595608578740e-01,9.669622843579369631e-01,-1.112892126049413455e-01,7.452207973324634693e+00,-4.541945980668166127e-01,2.074428543858195528e-01,8.664148713238863930e-01,-3.386311691135875179e+01,0.000000000000000000e+00,0.000000000000000000e+00,0.000000000000000000e+00,1.000000000000000056e-01
8.653248985468702248e-01,-1.326923350114395661e-01,4.833275950988736303e-01,7.255108875383920974e+01,2.117934097482191413e-01,9.707990994884996283e-01,-1.126617060919154478e-01,7.589051213228212411e+00,-4.542646492322199303e-01,1.998545787855011135e-01,8.681599943538046427e-01,-3.407217156156899307e+01,0.000000000000000000e+00,0.000000000000000000e+00,0.000000000000000000e+00,1.000000000000000056e-01
8.714117883531624642e-01,-1.131877434021176798e-01,4.773154406288149243e-01,7.295564874564558977e+01,1.903780866017585338e-01,9.747846010209537670e-01,-1.164094745038967427e-01,7.635996222164896707e+00,-4.521036156247776328e-01,1.923109886510815658e-01,8.709872584504592119e-01,-3.429283832383442387e+01,0.000000000000000000e+00,0.000000000000000000e+00,0.000000000000000000e+00,1.000000000000000056e-01
8.768934458814414690e-01,-9.004725826344610329e-02,4.721751537823731248e-01,7.337500212996398830e+01,1.635712559226455420e-01,9.795735216130930789e-01,-1.169622160802860911e-01,7.716501764572554656e+00,-4.519981513303565346e-01,1.797976836162228642e-01,8.737107439880665849e-01,-3.450689741185131254e+01,0.000000000000000000e+00,0.000000000000000000e+00,0.000000000000000000e+00,1.000000000000000056e-01
