1.000000000000000000e+00,-2.203900651925445337e-12,1.106770442778202117e-12,1.807465600347266866e-19,2.203900651925778956e-12,1.000000000000000000e+00,-3.010734028428295222e-13,4.991486836904272959e-19,-1.106770442777538514e-12,3.010734028452687558e-13,1.000000000000000000e+00,-3.465893626789592224e-19,0.000000000000000000e+00,0.000000000000000000e+00,0.000000000000000000e+00,1.000000000000000056e-01
9.999990315059448243e-01,-6.303230963484941947e-04,-1.240838412765205012e-03,6.468619811553306675e-01,6.270055513368567347e-04,9.999962330780924891e-01,-2.672207638637571440e-03,-4.490963503212106259e-03,1.242518092816676401e-03,2.671427038047243397e-03,9.999956598037660349e-01,-3.715251424402205255e-04,0.000000000000000000e+00,0.000000000000000000e+00,0.000000000000000000e+00,1.000000000000000056e-01
9.999803592708529365e-01,-5.428859861018124275e-03,-3.131860971588565010e-03,1.307175530410736197e+00,5.420108361369860989e-03,9.999814019593500358e-01,-2.796097416711431846e-03,5.314335233685356548e-03,3.146982346143986295e-03,2.779067473480645832e-03,9.999911866042074937e-01,4.362618577033420576e-03,0.000000000000000000e+00,0.000000000000000000e+00,0.000000000000000000e+00,1.000000000000000056e-01
9.999362921506199653e-01,-9.952517840880538078e-03,-5.325319586374043304e-03,2.004906962447959629e+00,9.937218560422610494e-03,9.999464433855956846e-01,-2.891720557068230488e-03,1.418688079124547606e-02,5.353814280721439292e-03,2.838617467136633071e-03,9.999816392932036058e-01,8.817131500379759082e-03,0.000000000000000000e+00,0.000000000000000000e+00,0.000000000000000000e+00,1.000000000000000056e-01
9.998570897212614161e-01,-1.610094563136068094e-02,-5.153608823471057462e-03,2.702843771359652258e+00,1.609352434717414501e-02,9.998693980748514232e-01,-1.478265037504374697e-03,2.265995424618249057e-02,5.176737217234848865e-03,1.395114049159472533e-03,9.999856274210012774e-01,1.664989385073148073e-02,0.000000000000000000e+00,0.000000000000000000e+00,0.000000000000000000e+00,1.000000000000000056e-01
9.997518125467096395e-01,-2.135435884315058097e-02,-6.348595747621948136e-03,3.410883692302037584e+00,2.134482711704294849e-02,9.997709477341566453e-01,-1.565382410086832259e-03,3.076810169127803044e-02,6.380569325092782552e-03,1.429484223144062652e-03,9.999786222264671620e-01,3.034360492548642679e-02,0.000000000000000000e+00,0.000000000000000000e+00,0.000000000000000000e+00,1.000000000000000056e-01
9.996522759007673287e-01,-2.533474166708909320e-02,-7.312875705083089935e-03,4.129948556191661346e+00,2.533218367286231565e-02,9.996789909311009081e-01,-4.422231791005082390e-04,5.368634963613034411e-02,7.321731815663736799e-03,2.568182969059183826e-04,9.999731627836728753e-01,4.089570329862872444e-02,0.000000000000000000e+00,0.000000000000000000e+00,0.000000000000000000e+00,1.000000000000000056e-01
9.994980493485283723e-01,-3.008389739704869434e-02,-9.930179549761644978e-03,4.893414212969818600e+00,3.009844799376958438e-02,9.995460687036809011e-01,1.319078232197508187e-03,8.576888708398372474e-02,9.885988916289832271e-03,-1.617299112766809772e-03,9.999498245245742600e-01,5.568835065216856672e-02,0.000000000000000000e+00,0.000000000000000000e+00,0.000000000000000000e+00,1.000000000000000056e-01
9.993433777546181229e-01,-3.477200566963355860e-02,-1.018434876177829428e-02,5.655656260779740485e+00,3.479254205986476861e-02,9.993928509155471929e-01,1.846227479835062290e-03,1.260993708311237971e-01,1.011396831135557596e-02,-2.199354588448270299e-03,9.999464338075271241e-01,6.016314036001650656e-02,0.000000000000000000e+00,0.000000000000000000e+00,0.000000000000000000e+00,1.000000000000000056e-01
9.992103438940712623e-01,-3.889688688781872683e-02,-8.106839429030999328e-03,6.438747157977258162e+00,3.891362026505608418e-02,9.992407400977526555e-01,1.916634227611360925e-03,1.623424346794791195e-01,8.026133126161856535e-03,-2.230587216781791757e-03,9.999653022318871765e-01,7.106958901985141464e-02,0.000000000000000000e+00,0.000000000000000000e+00,0.000000000000000000e+00,1.000000000000000056e-01
9.991038045687732350e-01,-4.181318466459443134e-02,-6.576114689318691628e-03,7.236617864066334782e+00,4.182291513023544266e-02,9.991241282511612587e-01,1.349116883837282472e-03,2.025549372521170399e-01,6.513943982847183317e-03,-1.622940097987866752e-03,9.999774670457463044e-01,8.611646927215822755e-02,0.000000000000000000e+00,0.000000000000000000e+00,0.000000000000000000e+00,1.000000000000000056e-01
9.991212163489513465e-01,-4.145760989571713878e-02,-6.169410273800509346e-03,8.032326675586311637e+00,4.146992391068699685e-02,9.991379810162712705e-01,1.881568912077800351e-03,2.422377080348441791e-01,6.086086775077252480e-03,-2.135760394707862751e-03,9.999791988213068139e-01,1.003686898493932611e-01,0.000000000000000000e+00,0.000000000000000000e+00,0.000000000000000000e+00,1.000000000000000056e-01
9.990402727717536679e-01,-4.333727385033107893e-02,-6.357206569037774160e-03,8.867528871763592946e+00,4.333751271763933155e-02,9.990604836262046984e-01,-1.002398248943540905e-04,2.887462502575867673e-01,6.355577990116718923e-03,-1.753618985292865011e-04,9.999797877340401708e-01,1.153641251237830928e-01,0.000000000000000000e+00,0.000000000000000000e+00,0.000000000000000000e+00,1.000000000000000056e-01
9.989012728499119254e-01,-4.645317601087827625e-02,-6.192700326046999063e-03,9.642558701583821446e+00,4.645161552966833168e-02,9.989204627339584031e-01,-3.956590177313383983e-04,3.524789846871809185e-01,6.204394693258568835e-03,1.075633617903928104e-04,9.999807467729633359e-01,1.317787713898664059e-01,0.000000000000000000e+00,0.000000000000000000e+00,0.000000000000000000e+00,1.000000000000000056e-01
9.988330978865009868e-01,-4.804052012676977151e-02,-4.954895801636612952e-03,1.042539319416281174e+01,4.804137979433547451e-02,9.988453448112859512e-01,5.455529076629607259e-05,3.588909320480282439e-01,4.946553740945634943e-03,-2.925316611299811189e-04,9.999877229402944767e-01,1.384700400833137335e-01,0.000000000000000000e+00,0.000000000000000000e+00,0.000000000000000000e+00,1.000000000000000056e-01
9.987791338265166186e-01,-4.901489018641003170e-02,-6.146736757610147227e-03,1.122784965704120985e+01,4.900670100831412690e-02,9.987973591890770830e-01,-1.475985503797063499e-03,4.108465039638007910e-01,6.211689708516790649e-03,1.172952232565911516e-03,9.999800193473993293e-01,1.643376471911404402e-01,0.000000000000000000e+00,0.000000000000000000e+00,0.000000000000000000e+00,1.000000000000000056e-01
9.986537042317649160e-01,-5.138264721779736005e-02,-7.113549681134624658e-03,1.209555164371730562e+01,5.137762348215216962e-02,9.986789036128564945e-01,-8.872902281991446906e-04,4.617160517911054196e-01,7.149743317126467518e-03,5.206183959808054727e-04,9.999743047333691237e-01,1.756803280674743561e-01,0.000000000000000000e+00,0.000000000000000000e+00,0.000000000000000000e+00,1.000000000000000056e-01
9.985033187311314062e-01,-5.418999232388961584e-02,-7.386962491674145363e-03,1.299372984871361680e+01,5.419197823709083484e-02,9.985305327136733133e-01,6.879897084152047145e-05,5.327646167812516431e-01,7.372379376245514863e-03,-4.690101112975560886e-04,9.999727136536517014e-01,1.965022957156867256e-01,0.000000000000000000e+00,0.000000000000000000e+00,0.000000000000000000e+00,1.000000000000000056e-01
9.986590876139915807e-01,-5.094673718285159386e-02,-9.190032448876249427e-03,1.388363358507787382e+01,5.097935596324291302e-02,9.986940867306020042e-01,3.350581278181533843e-03,5.834477063206444658e-01,9.007329879765765129e-03,-3.814590377770307305e-03,9.999521573098819616e-01,2.088108290497726061e-01,0.000000000000000000e+00,0.000000000000000000e+00,0.000000000000000000e+00,1.000000000000000056e-01
9.978915000172754457e-01,-6.418159388900925022e-02,-9.658012173231466171e-03,1.481592425147000469e+01,6.424354015900395065e-02,9.979147016012582805e-01,6.246268959145729986e-03,7.115745580178377550e-01,9.236976838254183989e-03,-6.853563594060423265e-03,9.999338512746489549e-01,2.280930621490734611e-01,0.000000000000000000e+00,0.000000000000000000e+00,0.000000000000000000e+00,1.000000000000000056e-01
9.976588487476265588e-01,-6.769603558340331340e-02,-9.698880443171428375e-03,1.577731814783429876e+01,6.773440071468148083e-02,9.976965906310221177e-01,3.682934028417465984e-03,7.741935980434410114e-01,9.427219918050953537e-03,-4.331259577225988859e-03,9.999461824093791584e-01,2.343766856401104381e-01,0.000000000000000000e+00,0.000000000000000000e+00,0.000000000000000000e+00,1.000000000000000056e-01
9.975612186243519863e-01,-6.943406266926378800e-02,-7.108166988655577508e-03,1.670256837385024795e+01,6.945734934764154211e-02,9.975801578841200223e-01,3.083053274570988437e-03,8.584525935239186722e-01,6.876897432530479186e-03,-3.569248819417257263e-03,9.999699839218012531e-01,2.525627598448837441e-01,0.000000000000000000e+00,0.000000000000000000e+00,0.000000000000000000e+00,1.000000000000000056e-01
9.973684152554651572e-01,-7.218891897437114402e-02,-6.708519070083345838e-03,1.758205953183183823e+01,7.221759074886553720e-02,9.973803315874669728e-01,4.134458719567898899e-03,9.377657594863235690e-01,6.392482869070803715e-03,-4.608051625808814653e-03,9.999689505294564462e-01,2.721642851955056175e-01,0.000000000000000000e+00,0.000000000000000000e+00,0.000000000000000000e+00,1.000000000000000056e-01
9.972919489436380402e-01,-7.323155138212765480e-02,-6.775577788415573788e-03,1.849136297513506122e+01,7.326828327592992129e-02,9.972979628075127057e-01,5.341539645369352760e-03,1.007426279557432025e+00,6.366100690231146081e-03,-5.823509436049841351e-03,9.999627790572257480e-01,2.858999865562414366e-01,0.000000000000000000e+00,0.000000000000000000e+00,0.000000000000000000e+00,1.000000000000000056e-01
9.973335435320562770e-01,-7.260458499356053919e-02,-7.374088669447467076e-03,1.940821492664144898e+01,7.263746098254500461e-02,9.973491732596941883e-01,4.292535406229723571e-03,1.078564561968795577e+00,7.042883486277635996e-03,-4.816724625440723176e-03,9.999635978154811644e-01,3.067194347560549539e-01,0.000000000000000000e+00,0.000000000000000000e+00,0.000000000000000000e+00,1.000000000000000056e-01
9.972770056785463799e-01,-7.351050390745361707e-02,-5.897436740220730889e-03,2.033539645192524503e+01,7.350914812769737683e-02,9.972944428171602871e-01,-4.466179016236611040e-04,1.131200096749114925e+00,5.914311994890328328e-03,1.188621270306990715e-05,9.999825102332265958e-01,3.254641980956815006e-01,0.000000000000000000e+00,0.000000000000000000e+00,0.000000000000000000e+00,1.000000000000000056e-01
9.974143360371680034e-01,-7.183267278594675231e-02,-2.170112430844278305e-03,2.125115685500802343e+01,7.183202200131429127e-02,9.974166726586858323e-01,-3.764540856931556669e-04,1.211993888476816439e+00,2.191548023224481560e-03,2.195971380523861782e-04,9.999975744442377579e-01,3.306986650770677993e-01,0.000000000000000000e+00,0.000000000000000000e+00,0.000000000000000000e+00,1.000000000000000056e-01
9.973972213962783995e-01,-7.210232444482814196e-02,-1.938056652617075302e-04,2.221316014708706632e+01,7.210198211870399998e-02,9.973962709526267290e-01,-1.408142162050395269e-03,1.293397922251911414e+00,2.948313708541195049e-04,1.390503307148809172e-03,9.999989897869975275e-01,3.487497079645806020e-01,0.000000000000000000e+00,0.000000000000000000e+00,0.000000000000000000e+00,1.000000000000000056e-01
9.975433399386564037e-01,-7.004300800171169017e-02,1.123376206957780489e-03,2.318524495517182160e+01,7.004542610677653991e-02,9.975411948093717562e-01,-2.280995355329364527e-03,1.359684496383150032e+00,-9.608462677838827508e-04,2.354079090234388345e-03,9.999967675378188536e-01,3.629160023321224005e-01,0.000000000000000000e+00,0.000000000000000000e+00,0.000000000000000000e+00,1.000000000000000056e-01
9.978427007913421853e-01,-6.560946613670941285e-02,2.311369874322895517e-03,2.411529671172348088e+01,6.561811956782563626e-02,9.978372212074914094e-01,-3.891318194960400635e-03,1.423442373869827637e+00,-2.051063583237650988e-03,4.034591202076566983e-03,9.999897575535510175e-01,3.691161328918792228e-01,0.000000000000000000e+00,0.000000000000000000e+00,0.000000000000000000e+00,1.000000000000000056e-01
9.979636196372700940e-01,-6.378455446888540992e-02,-3.801206176502266586e-04,2.507206248231081247e+01,6.378180916220076158e-02,9.979509393023914265e-01,-5.079721003292017416e-03,1.492512121523451807e+00,7.033494684534698400e-04,5.045131978499181429e-03,9.999870258872586293e-01,3.804502508926226878e-01,0.000000000000000000e+00,0.000000000000000000e+00,0.000000000000000000e+00,1.000000000000000056e-01
9.980416687498678829e-01,-6.231757486052486722e-02,-5.417315062079386574e-03,2.602739414326004308e+01,6.229807541359647788e-02,9.980507419647687284e-01,-3.696790951131884335e-03,1.565159548103399079e+00,5.637130364006121865e-03,3.352063107610443737e-03,9.999784929858150928e-01,3.891434424252100399e-01,0.000000000000000000e+00,0.000000000000000000e+00,0.000000000000000000e+00,1.000000000000000056e-01
9.981048455572635314e-01,-6.090682484017950760e-02,-8.779291713957190074e-03,2.698240575731423618e+01,6.086604622334421122e-02,9.981342098962192599e-01,-4.839778092828019018e-03,1.631094570667079191e+00,9.057686914924298338e-03,4.296245190603596026e-03,9.999497490299267266e-01,4.087879747860215796e-01,0.000000000000000000e+00,0.000000000000000000e+00,0.000000000000000000e+00,1.000000000000000056e-01
9.981577320496449746e-01,-6.022150784275539376e-02,-7.383220344403918813e-03,2.795312043666842072e+01,6.016315895809102449e-02,9.981574074646789585e-01,-7.885697659322810429e-03,1.685255822578714202e+00,7.844504681147196345e-03,7.426972232055866277e-03,9.999416502125370032e-01,4.326734835538148527e-01,0.000000000000000000e+00,0.000000000000000000e+00,0.000000000000000000e+00,1.000000000000000056e-01
9.982163025496677555e-01,-5.954893731635788751e-02,-4.258801305835617675e-03,2.896359216019420657e+01,5.949895106571411602e-02,9.981674006658013409e-01,-1.103245530956120136e-02,1.732765113145321667e+00,4.907967619072638697e-03,1.075938253666011875e-02,9.999300713256302764e-01,4.493627562462657599e-01,0.000000000000000000e+00,0.000000000000000000e+00,0.000000000000000000e+00,1.000000000000000056e-01
9.982288997839642297e-01,-5.947776639691770145e-02,-1.207866105944370829e-03,2.992150326963901463e+01,5.945046812039860712e-02,9.980997681583524406e-01,-1.620168640940425689e-02,1.780396270244344548e+00,2.169210999804070672e-03,1.610118339367926435e-02,9.998680144983943530e-01,4.573568112426369403e-01,0.000000000000000000e+00,0.000000000000000000e+00,0.000000000000000000e+00,1.000000000000000056e-01
9.982652727515988200e-01,-5.884056361009661756e-02,-2.057496591046455939e-03,3.085094525254159592e+01,5.877925490471797715e-02,9.980152462890882203e-01,-2.259573781439326579e-02,1.825806761375837972e+00,3.382958915237060330e-03,2.243560225571820249e-02,9.997425665342059009e-01,4.781704192395608843e-01,0.000000000000000000e+00,0.000000000000000000e+00,0.000000000000000000e+00,1.000000000000000056e-01
9.982810954871260689e-01,-5.839061988473894654e-02,-5.038839400045211185e-03,3.180003945061900339e+01,5.824504335552357220e-02,9.979802731520199810e-01,-2.535526225328202377e-02,1.864283392639288328e+00,6.509171801135540079e-03,2.501819155925259774e-02,9.996658045434823059e-01,4.921173846959084885e-01,0.000000000000000000e+00,0.000000000000000000e+00,0.000000000000000000e+00,1.000000000000000056e-01
9.982856859393776094e-01,-5.795942071488022207e-02,-8.148300371359796027e-03,3.278825053723188887e+01,5.772832295867440233e-02,9.979885042135105966e-01,-2.619897299626013434e-02,1.936861336809545531e+00,9.650387397683783328e-03,2.568367201307663120e-02,9.996235386459241257e-01,5.069278335338717190e-01,0.000000000000000000e+00,0.000000000000000000e+00,0.000000000000000000e+00,1.000000000000000056e-01
9.982122628727188030e-01,-5.899190295777975712e-02,-9.603834439746571083e-03,3.376154977725149564e+01,5.871765443421285424e-02,9.979176306483110714e-01,-2.669530855797310961e-02,2.000991195586746763e+00,1.115864276113048489e-02,2.608366973186336188e-02,9.995974824223241573e-01,5.232526919503079910e-01,0.000000000000000000e+00,0.000000000000000000e+00,0.000000000000000000e+00,1.000000000000000056e-01
9.982062521121017884e-01,-5.924226729540803954e-02,-8.638982000817535187e-03,3.472997300063054382e+01,5.897990418045227085e-02,9.978667689711462341e-01,-2.798718074314799492e-02,2.071795852899302126e+00,1.027857709878615168e-02,2.742745246617687982e-02,9.995709508104164698e-01,5.502113453655260722e-01,0.000000000000000000e+00,0.000000000000000000e+00,0.000000000000000000e+00,1.000000000000000056e-01
9.981739674806597851e-01,-5.975870057326843066e-02,-8.810695188987546431e-03,3.571420819108143974e+01,5.951479995080928564e-02,9.978954376104286483e-01,-2.574265299277291030e-02,2.136880575897035506e+00,1.033050002342349345e-02,2.517127930967386074e-02,9.996297752003890924e-01,5.612167167637827081e-01,0.000000000000000000e+00,0.000000000000000000e+00,0.000000000000000000e+00,1.000000000000000056e-01
9.982705520537694666e-01,-5.819638074956830220e-02,-8.311809063832274400e-03,3.670129091917331721e+01,5.797830849370967654e-02,9.980189046604092118e-01,-2.442911551090742525e-02,2.205583486910087654e+00,9.717028685280302072e-03,2.390496199721517737e-02,9.996670106317608884e-01,5.864337472190567224e-01,0.000000000000000000e+00,0.000000000000000000e+00,0.000000000000000000e+00,1.000000000000000056e-01
9.982183936260458079e-01,-5.929885060814320263e-02,-6.609458615477138352e-03,3.771241438129999324e+01,5.912045315866804041e-02,9.979494232661724196e-01,-2.452999431364544236e-02,2.270173575999497650e+00,8.050505881640508329e-03,2.409553733094272482e-02,9.996772451325391939e-01,6.045836050364347125e-01,0.000000000000000000e+00,0.000000000000000000e+00,0.000000000000000000e+00,1.000000000000000056e-01
9.983515932801352299e-01,-5.721874241412756856e-02,-4.484608295185566265e-03,3.870639045397219746e+01,5.709348168084797670e-02,9.980724802424359998e-01,-2.432403199041682437e-02,2.331716223681332689e+00,5.867754645024319746e-03,2.402789419108266114e-02,9.996940680809144331e-01,6.362663708584789246e-01,0.000000000000000000e+00,0.000000000000000000e+00,0.000000000000000000e+00,1.000000000000000056e-01
9.983799274019179437e-01,-5.681817285026013326e-02,-3.035752773047344956e-03,3.972083725363425089e+01,5.674635658156575863e-02,9.981878230753481462e-01,-2.002300873533419470e-02,2.395344206378972718e+00,4.167922223229567763e-03,1.981830209819810187e-02,9.997949106323185120e-01,6.547670117702228954e-01,0.000000000000000000e+00,0.000000000000000000e+00,0.000000000000000000e+00,1.000000000000000056e-01
9.982801154520710707e-01,-5.856533982492041768e-02,-2.629080483994948505e-03,4.073000566798062749e+01,5.849056029836517678e-02,9.980280397764571543e-01,-2.277907320208271899e-02,2.464931116821126533e+00,3.957960204832729721e-03,2.258611943548794951e-02,9.997370663128695156e-01,6.739785287897166466e-01,0.000000000000000000e+00,0.000000000000000000e+00,0.000000000000000000e+00,1.000000000000000056e-01
9.983363411382373265e-01,-5.743703873333481924e-02,-5.053369594879624990e-03,4.174544569179092690e+01,5.731429921766285907e-02,9.981187009818293099e-01,-2.177452308396035652e-02,2.528333645661732909e+00,6.294526821395647620e-03,2.144866736865269630e-02,9.997501355839886195e-01,7.096599645912528009e-01,0.000000000000000000e+00,0.000000000000000000e+00,0.000000000000000000e+00,1.000000000000000056e-01
9.983893198620177323e-01,-5.630916920246611945e-02,-6.931338195878468389e-03,4.277725759319525167e+01,5.617814118253887379e-02,9.982614612166159640e-01,-1.783455923036652430e-02,2.604272958821600703e+00,7.923537008958295505e-03,1.741644376429252183e-02,9.998169257658487963e-01,7.359033521950285595e-01,0.000000000000000000e+00,0.000000000000000000e+00,0.000000000000000000e+00,1.000000000000000056e-01
9.984096882109132487e-01,-5.589722736461313901e-02,-7.320823692441398231e-03,4.383676088134922821e+01,5.574575350953406283e-02,9.982550085669591455e-01,-1.947687954048785836e-02,2.671094112500500106e+00,8.396752481843116137e-03,1.903780039629440063e-02,9.997835049168541932e-01,7.615883292113427849e-01,0.000000000000000000e+00,0.000000000000000000e+00,0.000000000000000000e+00,1.000000000000000056e-01
9.983871288099475105e-01,-5.634343782567763359e-02,-6.968359965822598472e-03,4.484248297165266450e+01,5.617643502063063288e-02,9.981739401187795790e-01,-2.220345504924763069e-02,2.730685370470151252e+00,8.206654312333619763e-03,2.177618611545867333e-02,9.997291876019539503e-01,7.946499522085049838e-01,0.000000000000000000e+00,0.000000000000000000e+00,0.000000000000000000e+00,1.000000000000000056e-01
9.985021275458489942e-01,-5.442458369710895250e-02,-5.609454145408700534e-03,4.582434877414733876e+01,5.428428977043700532e-02,9.982675364660548167e-01,-2.269672932633791732e-02,2.791241940495745588e+00,6.834996015528347138e-03,2.235822728639732734e-02,9.997266588933584330e-01,8.153736469470378445e-01,0.000000000000000000e+00,0.000000000000000000e+00,0.000000000000000000e+00,1.000000000000000056e-01
9.983249674983094568e-01,-5.729477743978433901e-02,-8.035405878047786193e-03,4.673780533877567223e+01,5.712300222307739594e-02,9.981630389058900876e-01,-2.018688631713201273e-02,2.847631065631140768e+00,9.177248308816735034e-03,1.969406611860783154e-02,9.997639330728000928e-01,8.398527115187663927e-01,0.000000000000000000e+00,0.000000000000000000e+00,0.000000000000000000e+00,1.000000000000000056e-01
9.984150943824037228e-01,-5.483634589388877711e-02,-1.265995570219689316e-02,4.769207441269313108e+01,5.459437202259029287e-02,9.983329807777968634e-01,-1.872736059294389382e-02,2.905282888094537608e+00,1.366579133584334450e-02,1.800651716254213913e-02,9.997444730964208937e-01,8.557613709974366545e-01,0.000000000000000000e+00,0.000000000000000000e+00,0.000000000000000000e+00,1.000000000000000056e-01
9.985140680345704345e-01,-5.317660952111574052e-02,-1.191235228206579365e-02,4.865425997519284351e+01,5.292642252896433835e-02,9.983896956394880950e-01,-2.041591142163173486e-02,2.964946527715780267e+00,1.297881871892782486e-02,1.975509657605246591e-02,9.997206041809542088e-01,8.820138603114006104e-01,0.000000000000000000e+00,0.000000000000000000e+00,0.000000000000000000e+00,1.000000000000000056e-01
9.987172441546331436e-01,-4.850121166767878966e-02,-1.454299470335509298e-02,4.961868754710909002e+01,4.820530541254554324e-02,9.986361819567000087e-01,-2.005055153924466607e-02,3.031133604319681485e+00,1.549563674903365121e-02,1.932378207576660942e-02,9.996931912782192065e-01,9.026927146593795026e-01,0.000000000000000000e+00,0.000000000000000000e+00,0.000000000000000000e+00,1.000000000000000056e-01
9.988039144788458668e-01,-4.753671647438250519e-02,-1.144556720169265934e-02,5.062745080459342972e+01,4.725995185691749673e-02,9.986097714883205301e-01,-2.334568993467510747e-02,3.092924518750813423e+00,1.253943269116002124e-02,2.277684953803578091e-02,9.996619317313756303e-01,9.409482277361894687e-01,0.000000000000000000e+00,0.000000000000000000e+00,0.000000000000000000e+00,1.000000000000000056e-01
9.989147851651214438e-01,-4.545454999987341010e-02,-1.015558284040451661e-02,5.157909464636820474e+01,4.521344037992066495e-02,9.987164839967964669e-01,-2.282825884924194818e-02,3.144167231060116308e+00,1.118019622057991880e-02,2.234431644480633014e-02,9.996878186389407395e-01,9.657273404852859677e-01,0.000000000000000000e+00,0.000000000000000000e+00,0.000000000000000000e+00,1.000000000000000056e-01
9.989545901110349346e-01,-4.456079129053290566e-02,-1.020111639261710168e-02,5.253751080993966127e+01,4.427286280354938985e-02,9.986573264940454830e-01,-2.689717195066484642e-02,3.182830247010479674e+00,1.138597888950472828e-02,2.641742075462905417e-02,9.995861540484645147e-01,9.916260921402434425e-01,0.000000000000000000e+00,0.000000000000000000e+00,0.000000000000000000e+00,1.000000000000000056e-01
9.989128674839068411e-01,-4.514720137186902654e-02,-1.161091656015075281e-02,5.352169450028872433e+01,4.478339423364644661e-02,9.985495701835571669e-01,-2.988651011990254430e-02,3.237977045844335766e+00,1.294336803126132189e-02,2.933404326923144678e-02,9.994858593944619951e-01,1.033155091382970125e+00,0.000000000000000000e+00,0.000000000000000000e+00,0.000000000000000000e+00,1.000000000000000056e-01
9.989242844057139026e-01,-4.481133782910174529e-02,-1.192551996763691231e-02,5.448295770058174270e+01,4.445029487087581027e-02,9.985908968735619506e-01,-2.898951477943830651e-02,3.277636970988528908e+00,1.320777462044926513e-02,2.842823742726929837e-02,9.995085742535450013e-01,1.051992346783422461e+00,0.000000000000000000e+00,0.000000000000000000e+00,0.000000000000000000e+00,1.000000000000000056e-01
9.988958037010483570e-01,-4.640092948059977573e-02,-7.357111646098970711e-03,5.542505671173756809e+01,4.614680463325541993e-02,9.984348555293327543e-01,-3.159607074084839345e-02,3.320975383504164657e+00,8.811683753796146004e-03,3.122167528267735456e-02,9.994736420846555003e-01,1.084847716027797393e+00,0.000000000000000000e+00,0.000000000000000000e+00,0.000000000000000000e+00,1.000000000000000056e-01
9.987705464791053478e-01,-4.953920455697631564e-02,-1.806293910561967021e-03,5.636656458449889584e+01,4.945731583317215796e-02,9.982741499775213967e-01,-3.166536589453766704e-02,3.367170548289099230e+00,3.371853556596823061e-03,3.153710035052600946e-02,9.994968943949119611e-01,1.121755027428865681e+00,0.000000000000000000e+00,0.000000000000000000e+00,0.000000000000000000e+00,1.000000000000000056e-01
9.987761810045656663e-01,-4.943063262315679218e-02,-1.659161357317256221e-03,5.732358462047696435e+01,4.936278927795513527e-02,9.983685791518882580e-01,-2.869660601778687217e-02,3.428864786526224062e+00,3.074945956485240339e-03,2.857958573377842801e-02,9.995867906223302457e-01,1.133794672078879184e+00,0.000000000000000000e+00,0.000000000000000000e+00,0.000000000000000000e+00,1.000000000000000056e-01
9.987059874378848567e-01,-5.063391639789441984e-02,-4.749438485793166902e-03,5.822721882322242237e+01,5.047931348986815087e-02,9.983210600891010422e-01,-2.840598338669265976e-02,3.482472275409681739e+00,6.179770651966782873e-03,2.812947729312584993e-02,9.995851854353907662e-01,1.151722847591717613e+00,0.000000000000000000e+00,0.000000000000000000e+00,0.000000000000000000e+00,1.000000000000000056e-01
9.984999246696455444e-01,-5.372358071085866354e-02,-1.056774859258239121e-02,5.914432728018596919e+01,5.340521793655391564e-02,9.981690276503156767e-01,-2.839850236847997478e-02,3.540366196121502274e+00,1.207406857117150276e-02,2.779152955897243316e-02,9.995408184526090034e-01,1.172757649530170809e+00,0.000000000000000000e+00,0.000000000000000000e+00,0.000000000000000000e+00,1.000000000000000056e-01
9.984230173609373038e-01,-5.380301920908838603e-02,-1.602228223031757284e-02,6.008766892738933763e+01,5.336452888992588434e-02,9.982196453227135668e-01,-2.664144793648240417e-02,3.599600052455814492e+00,1.742714722029251387e-02,2.574441329264474942e-02,9.995166430450168615e-01,1.206322935487206260e+00,0.000000000000000000e+00,0.000000000000000000e+00,0.000000000000000000e+00,1.000000000000000056e-01
9.983982181199974049e-01,-5.429894963918665413e-02,-1.589409081687522679e-02,6.100051010709889709e+01,5.391643137040188355e-02,9.982670023167555806e-01,-2.357987518625813753e-02,3.668073785650340035e+00,1.714690884954924582e-02,2.268515271272908071e-02,9.995956019127462122e-01,1.223184115600300492e+00,0.000000000000000000e+00,0.000000000000000000e+00,0.000000000000000000e+00,1.000000000000000056e-01
9.983791092488824015e-01,-5.534980731526160935e-02,-1.324964322430963182e-02,6.191978230991789189e+01,5.505945555355980237e-02,9.982546155734762783e-01,-2.135834357802018912e-02,3.727626694750806102e+00,1.440869770498549862e-02,2.059420589424598713e-02,9.996840841556055013e-01,1.258463640752430335e+00,0.000000000000000000e+00,0.000000000000000000e+00,0.000000000000000000e+00,1.000000000000000056e-01
9.982343774041442241e-01,-5.810801389181139559e-02,-1.231204654432476071e-02,6.280432416201298196e+01,5.784156612594430064e-02,9.981050369927592092e-01,-2.099257863581368774e-02,3.790576230870721819e+00,1.350855272257464428e-02,2.024336561028975204e-02,9.997038187143778565e-01,1.294778946781828699e+00,0.000000000000000000e+00,0.000000000000000000e+00,0.000000000000000000e+00,1.000000000000000056e-01
9.983020041363164232e-01,-5.642794880268955232e-02,-1.445666390752288477e-02,6.363169805564362491e+01,5.612430527206942882e-02,9.982109875027640467e-01,-2.061278211411878350e-02,3.852973910084236842e+00,1.559393776894047595e-02,1.976641147698847759e-02,9.996830087993797687e-01,1.324378457907849915e+00,0.000000000000000000e+00,0.000000000000000000e+00,0.000000000000000000e+00,1.000000000000000056e-01
9.982731747725850369e-01,-5.734397210289910590e-02,-1.274116921345427346e-02,6.445242332315606859e+01,5.710611331590325496e-02,9.982002348238950828e-01,-1.830800424600930246e-02,3.900553833453274333e+00,1.376809178554395420e-02,1.754879086953305481e-02,9.997512088452817913e-01,1.350590743119546078e+00,0.000000000000000000e+00,0.000000000000000000e+00,0.000000000000000000e+00,1.000000000000000056e-01
9.981495433751240709e-01,-5.915151448576117660e-02,-1.409210396187026391e-02,6.526255584457706505e+01,5.888681392778594842e-02,9.980930141832653479e-01,-1.851156892319722955e-02,3.951525703177029225e+00,1.516021785680169397e-02,1.764747496399278123e-02,9.997293305799973551e-01,1.380630584640755609e+00,0.000000000000000000e+00,0.000000000000000000e+00,0.000000000000000000e+00,1.000000000000000056e-01
9.981151307615525603e-01,-6.005955493128233014e-02,-1.261093201572319709e-02,6.606867008478651826e+01,5.982071062421885632e-02,9.980370950271874042e-01,-1.853212157596458715e-02,3.994179542062493926e+00,1.369920892834257907e-02,1.774279603526860566e-02,9.997487308637048598e-01,1.413327726124550709e+00,0.000000000000000000e+00,0.000000000000000000e+00,0.000000000000000000e+00,1.000000000000000056e-01
9.980118827552275640e-01,-6.166358263267455314e-02,-1.303397315745245810e-02,6.681947990343117283e+01,6.142557237458495106e-02,9.979505315371995922e-01,-1.793420372013923222e-02,4.047931524979394347e+00,1.411314769356929871e-02,1.709792915894046625e-02,9.997542097339001677e-01,1.436708745798811915e+00,0.000000000000000000e+00,0.000000000000000000e+00,0.000000000000000000e+00,1.000000000000000056e-01
9.979290182156370648e-01,-6.330665274083782657e-02,-1.139922461949410305e-02,6.760787116141217723e+01,6.310294048197917505e-02,9.978549404673650036e-01,-1.742230430795958795e-02,4.102860882747170201e+00,1.247772037282861117e-02,1.666689844039152824e-02,9.997832370022390336e-01,1.456474030380587648e+00,0.000000000000000000e+00,0.000000000000000000e+00,0.000000000000000000e+00,1.000000000000000056e-01
9.978123949041070029e-01,-6.563679173192502048e-02,-7.888988963764696077e-03,6.835953262524716934e+01,6.550979565903827795e-02,9.977330455530593056e-01,-1.540248305072677328e-02,4.162451840839127115e+00,8.882074557306482432e-03,1.485198244534296531e-02,9.998502524723398288e-01,1.480771038846516952e+00,0.000000000000000000e+00,0.000000000000000000e+00,0.000000000000000000e+00,1.000000000000000056e-01
9.979209533747294136e-01,-6.405391229734795633e-02,-7.132119956559773363e-03,6.905437920111607752e+01,6.396176563384857461e-02,9.978743769632206773e-01,-1.247478806492278297e-02,4.211454175769577368e+00,7.916018738717603073e-03,1.199266941376147047e-02,9.998967509336453841e-01,1.506242042761799738e+00,0.000000000000000000e+00,0.000000000000000000e+00,0.000000000000000000e+00,1.000000000000000056e-01
9.979895464277231953e-01,-6.275406727773347182e-02,-8.876500497890026792e-03,6.971771259997865400e+01,6.266191073719315496e-02,9.979816081176190457e-01,-1.030508620706615912e-02,4.260140004893761656e+00,9.505270314482207328e-03,9.728149827831105920e-03,9.999075021906655980e-01,1.538392310705881449e+00,0.000000000000000000e+00,0.000000000000000000e+00,0.000000000000000000e+00,1.000000000000000056e-01
9.977261888184184579e-01,-6.596240024866784069e-02,-1.383524120888950278e-02,7.040508823251636272e+01,6.583293675162057990e-02,9.977843477399063188e-01,-9.613524010830230837e-03,4.320478608505871954e+00,1.443871824403864836e-02,8.680850112991765621e-03,9.998580730567638852e-01,1.561488468441084354e+00,0.000000000000000000e+00,0.000000000000000000e+00,0.000000000000000000e+00,1.000000000000000056e-01
9.977102998552245250e-01,-6.529146346051901972e-02,-1.764036173046845332e-02,7.114571236585443614e+01,6.511635240316200612e-02,9.978242526626922571e-01,-1.032576621113263926e-02,4.375347802753090320e+00,1.827616514768027126e-02,9.153447291783654849e-03,9.997910762705232157e-01,1.589012177585693353e+00,0.000000000000000000e+00,0.000000000000000000e+00,0.000000000000000000e+00,1.000000000000000056e-01
9.975781200769079371e-01,-6.729565926851120705e-02,-1.758375919530875270e-02,7.185576911347163787e+01,6.711868626579871322e-02,9.976900765726165465e-01,-1.046867052111980292e-02,4.426395172034691683e+00,1.824763814238562765e-02,9.263117841359955196e-03,9.997905872481904765e-01,1.610963799651297990e+00,0.000000000000000000e+00,0.000000000000000000e+00,0.000000000000000000e+00,1.000000000000000056e-01
9.975692962367699312e-01,-6.794586647319833528e-02,-1.545504561241264549e-02,7.253573626349462700e+01,6.781172701181220619e-02,9.976571395327800129e-01,-9.044424743821707913e-03,4.477633456061459682e+00,1.603336787299884311e-02,7.974407092536616587e-03,9.998396571181659143e-01,1.629287136279150783e+00,0.000000000000000000e+00,0.000000000000000000e+00,0.000000000000000000e+00,1.000000000000000056e-01
9.975087770310033797e-01,-6.891826073788696883e-02,-1.505035158980206483e-02,7.317165726769293599e+01,6.878076690191224640e-02,9.975868478160437869e-01,-9.470330978078995293e-03,4.525264047440373361e+00,1.566671154061516011e-02,8.411563547532405205e-03,9.998418873742932478e-01,1.649057759840707682e+00,0.000000000000000000e+00,0.000000000000000000e+00,0.000000000000000000e+00,1.000000000000000056e-01
9.974151994712497915e-01,-6.985564854193500317e-02,-1.682582035184521443e-02,7.375502314341358101e+01,6.968782217389223044e-02,9.975150204862353043e-01,-1.036297954285069454e-02,4.562044396835901239e+00,1.750792118976123371e-02,9.163638531239659893e-03,9.998047311472785248e-01,1.675426620580329651e+00,0.000000000000000000e+00,0.000000000000000000e+00,0.000000000000000000e+00,1.000000000000000056e-01
9.973867782676444360e-01,-6.934753655918204918e-02,-2.026163147581189899e-02,7.439716661759489114e+01,6.900168350407220874e-02,9.974665670925382255e-01,-1.729783819529854411e-02,4.592525703734951392e+00,2.140986245851549813e-02,1.585454842623369720e-02,9.996450625515577171e-01,1.708311604105028358e+00,0.000000000000000000e+00,0.000000000000000000e+00,0.000000000000000000e+00,1.000000000000000056e-01
9.973517980378174830e-01,-6.841120204603071131e-02,-2.468397021043655659e-02,7.502365956806544034e+01,6.792002553324838487e-02,9.974858996977800096e-01,-2.021756750139021633e-02,4.615350489170180204e+00,2.600502032868737962e-02,1.848749141250768599e-02,9.994908461706775160e-01,1.729989638125714269e+00,0.000000000000000000e+00,0.000000000000000000e+00,0.000000000000000000e+00,1.000000000000000056e-01
9.976916702708215068e-01,-6.326862141418518326e-02,-2.466602149854799780e-02,7.561193619775301045e+01,6.277382696345462643e-02,9.978204152311940245e-01,-2.034368688831417193e-02,4.655751327073539336e+00,2.589937683768819138e-02,1.874834638564207290e-02,9.994887301952050107e-01,1.759848739026755871e+00,0.000000000000000000e+00,0.000000000000000000e+00,0.000000000000000000e+00,1.000000000000000056e-01
9.980026709824435516e-01,-5.848913733494306294e-02,-2.386816971874054435e-02,7.618344589813409584e+01,5.811650251239013770e-02,9.981812826001079664e-01,-1.601871413474478464e-02,4.708388949681152624e+00,2.476168103412577579e-02,1.459958494675418078e-02,9.995867702564629198e-01,1.771417445328288931e+00,0.000000000000000000e+00,0.000000000000000000e+00,0.000000000000000000e+00,1.000000000000000056e-01
9.984752116845160286e-01,-5.139130133334821743e-02,-2.015405167270123768e-02,7.672228758993138342e+01,5.102461345809639753e-02,9.985296222882842354e-01,-1.830525154889295694e-02,4.727734395360553954e+00,2.106514830265282870e-02,1.724898721900513035e-02,9.996292972731970483e-01,1.798961249406405782e+00,0.000000000000000000e+00,0.000000000000000000e+00,0.000000000000000000e+00,1.000000000000000056e-01
9.988831037851169103e-01,-4.402088359178789323e-02,-1.716702596286278498e-02,7.728874865420462470e+01,4.362622864226661790e-02,9.987894682075395547e-01,-2.272334421147120809e-02,4.734702492066284130e+00,1.814654642250204675e-02,2.194903199456835208e-02,9.995943891636434042e-01,1.819143796745148700e+00,0.000000000000000000e+00,0.000000000000000000e+00,0.000000000000000000e+00,1.000000000000000056e-01
9.992544488736010422e-01,-3.577785000101472990e-02,-1.450833745198497685e-02,7.784340678228485899e+01,3.540488015527770704e-02,9.990553532019902372e-01,-2.519713673489569136e-02,4.739895995312357613e+00,1.539613157602267093e-02,2.466468503248111024e-02,9.995772168495750121e-01,1.851925969895126256e+00,0.000000000000000000e+00,0.000000000000000000e+00,0.000000000000000000e+00,1.000000000000000056e-01
9.996047172132460634e-01,-2.394132296597166129e-02,-1.473846598752273640e-02,7.833012002805463680e+01,2.362494420761128769e-02,9.994944152301820095e-01,-2.127853225351089908e-02,4.754326824240804328e+00,1.524045065651211464e-02,2.092192577932269412e-02,9.996649447117124110e-01,1.876650137431585819e+00,0.000000000000000000e+00,0.000000000000000000e+00,0.000000000000000000e+00,1.000000000000000056e-01
9.998486355931136549e-01,-9.620701428998275004e-03,-1.449648255967708743e-02,7.883423847945100249e+01,9.336727047671153010e-03,9.997656523069322621e-01,-1.953115448025470949e-02,4.764421255611740236e+00,1.468098874824980138e-02,1.939284845782996911e-02,9.997041492351952385e-01,1.884371219759381155e+00,0.000000000000000000e+00,0.000000000000000000e+00,0.000000000000000000e+00,1.000000000000000056e-01
9.998658998908294127e-01,9.256830418519011727e-03,-1.350900907190376310e-02,7.932722462931982932e+01,-9.425524750350265657e-03,9.998777249500613307e-01,-1.247776549987787524e-02,4.755942671067240113e+00,1.339185269791045782e-02,1.260342172952206956e-02,9.998308917222078485e-01,1.899136042391442292e+00,0.000000000000000000e+00,0.000000000000000000e+00,0.000000000000000000e+00,1.000000000000000056e-01
9.994199807687130788e-01,3.142448870729802612e-02,-1.312263501550091187e-02,7.981783220119014288e+01,-3.161304590998446906e-02,9.993961934962780624e-01,-1.441748082859996109e-02,4.726721491388093277e+00,1.266164951964655720e-02,1.482396487565766120e-02,9.998099482885769440e-01,1.918585402530283757e+00,0.000000000000000000e+00,0.000000000000000000e+00,0.000000000000000000e+00,1.000000000000000056e-01
9.983469227071884999e-01,5.603148523558094257e-02,-1.280213198579711713e-02,8.030459391855396234e+01,-5.624995163624847000e-02,9.982651844115801865e-01,-1.739438221477100643e-02,4.707376663648815907e+00,1.180528957741415301e-02,1.808574726155124518e-02,9.997667432376337038e-01,1.937394345421916908e+00,0.000000000000000000e+00,0.000000000000000000e+00,0.000000000000000000e+00,1.000000000000000056e-01
9.963666117824097057e-01,8.444948587088949021e-02,-1.103898824092177863e-02,8.077369979323920290e+01,-8.464177734047584334e-02,9.962434110464082337e-01,-1.829851019243377772e-02,4.658175394384268309e+00,9.452219521682840575e-03,1.916638418585336553e-02,9.997716265544618341e-01,1.954019741451201941e+00,0.000000000000000000e+00,0.000000000000000000e+00,0.000000000000000000e+00,1.000000000000000056e-01
9.930540014949160721e-01,1.172869297792471649e-01,-9.355544767309272036e-03,8.123910096425800020e+01,-1.174476942437954613e-01,9.928965623649624872e-01,-1.903826569454391063e-02,4.594762820858618646e+00,7.056148506878266724e-03,2.000481309080530054e-02,9.997749837945790752e-01,1.969355117507870956e+00,0.000000000000000000e+00,0.000000000000000000e+00,0.000000000000000000e+00,1.000000000000000056e-01
