1.000000000000000000e+00,-2.204402245312589000e-09,-1.907388222716920939e-09,5.711503811119415794e-14,2.204402244624785839e-09,1.000000000000000000e+00,-3.605995140240104081e-10,9.982654644317530955e-15,1.907388223511827445e-09,3.605995098193595375e-10,1.000000000000000000e+00,6.576847806263146928e-15,0.000000000000000000e+00,0.000000000000000000e+00,0.000000000000000000e+00,1.000000000000000056e-01
9.999474916821121662e-01,-1.010266985282489913e-02,-1.717539081669510696e-03,6.678143454052409833e-01,1.009660212025619008e-02,9.999428833666869076e-01,-3.505514219278733131e-03,1.865471729218241490e-02,1.752856034441338355e-03,3.487988841890139659e-03,9.999923806857536901e-01,1.150016359435193300e-02,0.000000000000000000e+00,0.000000000000000000e+00,0.000000000000000000e+00,1.000000000000000056e-01
9.997999046026945225e-01,-1.920390244927256199e-02,-5.600079210314521001e-03,1.362583601041241765e+00,1.918168469447465233e-02,9.998080350957431195e-01,-3.994487485392704020e-03,1.796188914628323724e-02,5.675713939649403190e-03,3.886269253155946648e-03,9.999763413114168831e-01,1.989578620782360419e-02,0.000000000000000000e+00,0.000000000000000000e+00,0.000000000000000000e+00,1.000000000000000056e-01
9.996366289564394547e-01,-2.530369743834086707e-02,-9.291552322124552524e-03,2.115677491049283709e+00,2.527199134023437946e-02,9.996744358618055992e-01,-3.514077130605292205e-03,3.132405791859926153e-02,9.377446470388140984e-03,3.277984186909125609e-03,9.999506579413632856e-01,2.256226031709995458e-02,0.000000000000000000e+00,0.000000000000000000e+00,0.000000000000000000e+00,1.000000000000000056e-01
9.993349392062553793e-01,-3.465096346989643417e-02,-1.135737699637552785e-02,2.868314108580308552e+00,3.462525905304672524e-02,9.993973575687808975e-01,-2.452166398848255185e-03,6.783334745503401264e-02,1.143550248739875867e-02,2.057283438454026586e-03,9.999324961554727498e-01,4.176052683870938587e-02,0.000000000000000000e+00,0.000000000000000000e+00,0.000000000000000000e+00,1.000000000000000056e-01
9.991048591860249850e-01,-4.034380940689241690e-02,-1.272231871214967759e-02,3.584235445432581990e+00,4.028601684977968500e-02,9.991768187190437356e-01,-4.766736920630614861e-03,1.006032355141858875e-01,1.290415426335419537e-02,4.249938473857547798e-03,9.999077061537809952e-01,5.595019930306196349e-02,0.000000000000000000e+00,0.000000000000000000e+00,0.000000000000000000e+00,1.000000000000000056e-01
9.988247328555626137e-01,-4.540950167350472216e-02,-1.694491645827668133e-02,4.320850197727883035e+00,4.533462682725327569e-02,9.989604347086474823e-01,-4.777185064841314374e-03,1.454043343314754544e-01,1.714423070445834571e-02,4.003379131936754542e-03,9.998450121439214078e-01,8.213245339826470703e-02,0.000000000000000000e+00,0.000000000000000000e+00,0.000000000000000000e+00,1.000000000000000056e-01
9.982441283847072189e-01,-5.568755170717901853e-02,-2.018803433513342502e-02,5.110006705938240579e+00,5.561370973602442619e-02,9.984435208692181707e-01,-4.201300236400356582e-03,1.797792126680579639e-01,2.039057220515120769e-02,3.071191810912933615e-03,9.997873735680037344e-01,1.035465140492620312e-01,0.000000000000000000e+00,0.000000000000000000e+00,0.000000000000000000e+00,1.000000000000000056e-01
9.977503937543813484e-01,-6.339014436601744795e-02,-2.181378830538971761e-02,5.893780315701080852e+00,6.330073777413652847e-02,9.979831184570729929e-01,-4.765697424913109201e-03,2.556857857595261074e-01,2.207189072614526223e-02,3.374147588841296119e-03,9.997506923067479567e-01,1.202895473293749407e-01,0.000000000000000000e+00,0.000000000000000000e+00,0.000000000000000000e+00,1.000000000000000056e-01
9.974504211505976770e-01,-6.840598741598663546e-02,-2.032924573463549059e-02,6.698555563812363722e+00,6.832765036562876704e-02,9.976526771053173537e-01,-4.524164022860262084e-03,3.250026503404908063e-01,2.059100633790659010e-02,3.123579715203226963e-03,9.997831033317952087e-01,1.551907998490682505e-01,0.000000000000000000e+00,0.000000000000000000e+00,0.000000000000000000e+00,1.000000000000000056e-01
9.970664993909441609e-01,-7.335514789626142174e-02,-2.184989861317202658e-02,7.506628520529756265e+00,7.323492754963940865e-02,9.972951115748878159e-01,-6.253464290386418281e-03,3.861065414553547792e-01,2.224952087320866689e-02,4.634944007179241793e-03,9.997417046992502776e-01,1.804039795691051995e-01,0.000000000000000000e+00,0.000000000000000000e+00,0.000000000000000000e+00,1.000000000000000056e-01
9.967511704838264430e-01,-7.720497273475328270e-02,-2.294550771170443190e-02,8.332348725123415178e+00,7.709218937334423594e-02,9.970073235063565686e-01,-5.761181503449242999e-03,4.628716968858257452e-01,2.332163109103466483e-02,3.973544981154555900e-03,9.997201170645394486e-01,2.114740576104787162e-01,0.000000000000000000e+00,0.000000000000000000e+00,0.000000000000000000e+00,1.000000000000000056e-01
9.960597213168984609e-01,-8.496563428198730672e-02,-2.541402292361749984e-02,9.187133663474922329e+00,8.483278264484783726e-02,9.963755204036979229e-01,-6.262693429512320407e-03,5.304423597664732482e-01,2.585402403562304594e-02,4.082074389282788936e-03,9.996573943656125172e-01,2.444958046675433094e-01,0.000000000000000000e+00,0.000000000000000000e+00,0.000000000000000000e+00,1.000000000000000056e-01
9.959471353419993012e-01,-8.542470396028736812e-02,-2.814113639074817402e-02,9.948768225427819800e+00,8.521154831076965808e-02,9.963249781588591203e-01,-8.690795776581092258e-03,6.115360006055606812e-01,2.878012575627140329e-02,6.257623354448089287e-03,9.995661791554409925e-01,2.849927920557578931e-01,0.000000000000000000e+00,0.000000000000000000e+00,0.000000000000000000e+00,1.000000000000000056e-01
9.958383687156059372e-01,-8.695340386067353100e-02,-2.729558482398839608e-02,1.071831214675021826e+01,8.683113475029079209e-02,9.962071047971025051e-01,-5.635458255690437013e-03,6.924568345095489796e-01,2.768207780889622716e-02,3.241898952371930886e-03,9.996115208716658262e-01,3.128344829840793984e-01,0.000000000000000000e+00,0.000000000000000000e+00,0.000000000000000000e+00,1.000000000000000056e-01
9.953088324500953821e-01,-9.236965389055286357e-02,-2.877803132542922082e-02,1.151912826076433660e+01,9.208665537026235193e-02,9.956901097741714945e-01,-1.101150310433731370e-02,8.074051140322306974e-01,2.967112990006355588e-02,8.309773645399158928e-03,9.995251731259277017e-01,3.373659096620049147e-01,0.000000000000000000e+00,0.000000000000000000e+00,0.000000000000000000e+00,1.000000000000000056e-01
9.948632907890134769e-01,-9.648595882355452680e-02,-3.061849751954086665e-02,1.236791188281655529e+01,9.620492924173200400e-02,9.953058900124521768e-01,-1.052601045571786159e-02,9.063928363710684888e-01,3.149038313593737620e-02,7.526291013499459420e-03,9.994757179209167175e-01,3.773890800588869943e-01,0.000000000000000000e+00,0.000000000000000000e+00,0.000000000000000000e+00,1.000000000000000056e-01
9.943506107758451895e-01,-9.997864597829798916e-02,-3.565295496939590442e-02,1.325433492804912028e+01,9.976584119056806921e-02,9.949811245586651642e-01,-7.703161916537096254e-03,1.012596681592818904e+00,3.624416892745595947e-02,4.102696713162665501e-03,9.993345426324649061e-01,4.286349507943874038e-01,0.000000000000000000e+00,0.000000000000000000e+00,0.000000000000000000e+00,1.000000000000000056e-01
9.943237854175400736e-01,-9.885286876733061223e-02,-3.934869870024333693e-02,1.416602432322615712e+01,9.882875641316611615e-02,9.951011565795171432e-01,-2.562241193657837420e-03,1.121053633742840949e+00,3.940922047897799096e-02,-1.341085596190797358e-03,9.992222549716669455e-01,4.724938110944421621e-01,0.000000000000000000e+00,0.000000000000000000e+00,0.000000000000000000e+00,1.000000000000000056e-01
9.920705873043070833e-01,-1.187402228597727177e-01,-4.119113109516205767e-02,1.506690970327821866e+01,1.185489120342993336e-01,9.929230786051947977e-01,-7.065085184627731101e-03,1.330706766496980054e+00,4.173853448758445966e-02,2.125899431674933317e-03,9.991263059745925101e-01,5.041135113314608729e-01,0.000000000000000000e+00,0.000000000000000000e+00,0.000000000000000000e+00,1.000000000000000056e-01
9.915231815860723330e-01,-1.237477605930997343e-01,-3.960141570228777053e-02,1.601539851245083312e+01,1.235298259765491985e-01,9.923093093473662751e-01,-7.913069995677163987e-03,1.471124578920725456e+00,4.027607815609661468e-02,2.954036348098519355e-03,9.991842228526319758e-01,5.549946517982391470e-01,0.000000000000000000e+00,0.000000000000000000e+00,0.000000000000000000e+00,1.000000000000000056e-01
9.910558000989283522e-01,-1.273828187003124002e-01,-3.977459729822826334e-02,1.693186637592008736e+01,1.271384075177431072e-01,9.918474821311231704e-01,-8.625399932961571453e-03,1.595871593578778391e+00,4.054906193890520788e-02,3.491373671578204812e-03,9.991714486942470108e-01,6.008455480219323519e-01,0.000000000000000000e+00,0.000000000000000000e+00,0.000000000000000000e+00,1.000000000000000056e-01
9.904507083800279110e-01,-1.316896937299813775e-01,-4.080709294723893626e-02,1.779398055421577141e+01,1.314078660066250459e-01,9.912826263442768848e-01,-9.525096302801721454e-03,1.742498806016822721e+00,4.170571928507856713e-02,4.071765378367281710e-03,9.991216410956264005e-01,6.569212871377849705e-01,0.000000000000000000e+00,0.000000000000000000e+00,0.000000000000000000e+00,1.000000000000000056e-01
9.902115524331107643e-01,-1.328136463716445004e-01,-4.291406256085063958e-02,1.869487910861103686e+01,1.324684595792577357e-01,9.911283553954464143e-01,-1.080233066593325880e-02,1.856685483751893351e+00,4.396804117432803055e-02,5.011832856885789673e-03,9.990203666025568863e-01,6.881941470551724560e-01,0.000000000000000000e+00,0.000000000000000000e+00,0.000000000000000000e+00,1.000000000000000056e-01
9.898345618074128049e-01,-1.356807616288184526e-01,-4.264119106393161884e-02,1.961325016719226610e+01,1.352653935208563973e-01,9.907306358475912456e-01,-1.249321850747315762e-02,1.980713320119522836e+00,4.394102373835680198e-02,6.598341977448220208e-03,9.990123364183115529e-01,7.475342606789711075e-01,0.000000000000000000e+00,0.000000000000000000e+00,0.000000000000000000e+00,1.000000000000000056e-01
9.878658964973746626e-01,-1.496565197576897321e-01,-4.151983419348391491e-02,2.053209154982778628e+01,1.492412906467489586e-01,9.887160835081864052e-01,-1.294385484797818016e-02,2.147629314718325411e+00,4.298846012048780640e-02,6.590319131055297555e-03,9.990538323785260744e-01,7.898268023386361136e-01,0.000000000000000000e+00,0.000000000000000000e+00,0.000000000000000000e+00,1.000000000000000056e-01
9.878723070133784701e-01,-1.498915129507714383e-01,-4.050727565998470808e-02,2.144656941533629890e+01,1.494653480626943198e-01,9.886765771924257429e-01,-1.336919741671025244e-02,2.287218499207964051e+00,4.205252387863198799e-02,7.152625839371738042e-03,9.990897983560032003e-01,8.345004988655128075e-01,0.000000000000000000e+00,0.000000000000000000e+00,0.000000000000000000e+00,1.000000000000000056e-01
9.877993534835560752e-01,-1.512127598663055017e-01,-3.724430843878858560e-02,2.239720625979459001e+01,1.508300582749068641e-01,9.884755923097728880e-01,-1.289561664411199848e-02,2.454861570953902561e+00,3.876507162713346138e-02,7.120720571594530042e-03,9.992229804004131299e-01,8.812806492281104465e-01,0.000000000000000000e+00,0.000000000000000000e+00,0.000000000000000000e+00,1.000000000000000056e-01
9.876250870911417179e-01,-1.524043401606861858e-01,-3.700816732021047079e-02,2.335806240176564685e+01,1.520338657714552510e-01,9.882944172794198012e-01,-1.264311800622142795e-02,2.614110309897593520e+00,3.850183121361854671e-02,6.860165779189582314e-03,9.992349809322530474e-01,9.334740301261802431e-01,0.000000000000000000e+00,0.000000000000000000e+00,0.000000000000000000e+00,1.000000000000000056e-01
9.877894105112046130e-01,-1.513504647713552476e-01,-3.694749376374137362e-02,2.429685588596513313e+01,1.509109017319839319e-01,9.884421114216654924e-01,-1.442539797438360458e-02,2.755968356467120906e+00,3.870374943550607127e-02,8.673475760882842778e-03,9.992130856818574047e-01,9.830585821795929657e-01,0.000000000000000000e+00,0.000000000000000000e+00,0.000000000000000000e+00,1.000000000000000056e-01
9.876770953969665756e-01,-1.513344468812673482e-01,-3.989787482250518880e-02,2.524701412893702113e+01,1.508305421103907640e-01,9.884401623004799298e-01,-1.536857566876672666e-02,2.912521145182561888e+00,4.176245676318697531e-02,9.161372088385045034e-03,9.990855651377218427e-01,1.032832132975950001e+00,0.000000000000000000e+00,0.000000000000000000e+00,0.000000000000000000e+00,1.000000000000000056e-01
9.879768464295295427e-01,-1.483609135113077293e-01,-4.348321815657196776e-02,2.619871685066563316e+01,1.477848698211448875e-01,9.888869527822546912e-01,-1.619342054583008603e-02,3.062392726435994916e+00,4.540245776507059738e-02,9.572562829102928411e-03,9.989229113749338307e-01,1.080117697588474535e+00,0.000000000000000000e+00,0.000000000000000000e+00,0.000000000000000000e+00,1.000000000000000056e-01
9.875484997003716181e-01,-1.491858314800707241e-01,-4.991541270134025599e-02,2.716397913070068171e+01,1.485885179587353166e-01,9.887777635210563965e-01,-1.549150403041739225e-02,3.214821085176483351e+00,5.166636304571643745e-02,7.881754366750174864e-03,9.986332985023733677e-01,1.144808319523243245e+00,0.000000000000000000e+00,0.000000000000000000e+00,0.000000000000000000e+00,1.000000000000000056e-01
9.872418197703454190e-01,-1.519916362924877418e-01,-4.745663066072958181e-02,2.811989488318581820e+01,1.512169634589045075e-01,9.883076652277081875e-01,-1.952917853942317053e-02,3.336992733801194877e+00,4.987002364953438405e-02,1.210377417537383642e-02,9.986823716236842285e-01,1.214401512724090360e+00,0.000000000000000000e+00,0.000000000000000000e+00,0.000000000000000000e+00,1.000000000000000056e-01
9.872849316026086619e-01,-1.531572463126270600e-01,-4.255962561355167151e-02,2.911870666904895799e+01,1.524985205763496054e-01,9.881336087434753335e-01,-1.833500732536288286e-02,3.489940711797620665e+00,4.486273567736448475e-02,1.161159651080427742e-02,9.989256758007640791e-01,1.289032416328378838e+00,0.000000000000000000e+00,0.000000000000000000e+00,0.000000000000000000e+00,1.000000000000000056e-01
9.875062058441764767e-01,-1.520332726258098455e-01,-4.144125280351845103e-02,3.006390375779523083e+01,1.512055349386315917e-01,9.882475199151453671e-01,-2.244383179153365201e-02,3.617057507113938364e+00,4.436642450278372590e-02,1.589727637837922911e-02,9.988888311421788568e-01,1.338799008562430393e+00,0.000000000000000000e+00,0.000000000000000000e+00,0.000000000000000000e+00,1.000000000000000056e-01
9.868723991917172089e-01,-1.555669729774694088e-01,-4.337954163210214209e-02,3.099265943534626899e+01,1.543458826665776162e-01,9.875544412041108444e-01,-3.022538935913537950e-02,3.749606868817556116e+00,4.754173132584720018e-02,2.313314887047537849e-02,9.986013424815116668e-01,1.402231216701542937e+00,0.000000000000000000e+00,0.000000000000000000e+00,0.000000000000000000e+00,1.000000000000000056e-01
9.864546454851689239e-01,-1.572980507875797185e-01,-4.652478499851014915e-02,3.195424817221881852e+01,1.559508984915236873e-01,9.872683164262964217e-01,-3.131435198870787667e-02,3.900148099653157452e+00,5.085813268707445323e-02,2.363460596697600224e-02,9.984261894303302354e-01,1.453411183956474284e+00,0.000000000000000000e+00,0.000000000000000000e+00,0.000000000000000000e+00,1.000000000000000056e-01
9.860957652478101743e-01,-1.584154737822146830e-01,-5.019640850391599018e-02,3.292948577648368058e+01,1.569807331648350457e-01,9.871034718687023979e-01,-3.136535094311308780e-02,4.055047900793533167e+00,5.451780603955383442e-02,2.304937073132892755e-02,9.982467306901251503e-01,1.504260508229661841e+00,0.000000000000000000e+00,0.000000000000000000e+00,0.000000000000000000e+00,1.000000000000000056e-01
9.860763607018145915e-01,-1.578516531557818958e-01,-5.230933435871196191e-02,3.389083440357662624e+01,1.562997130130980017e-01,9.871727273251692525e-01,-3.256387780056747838e-02,4.214116608446753176e+00,5.677861020743631137e-02,2.393453616374932591e-02,9.980998584317795075e-01,1.563235119871941414e+00,0.000000000000000000e+00,0.000000000000000000e+00,0.000000000000000000e+00,1.000000000000000056e-01
9.854190859500913113e-01,-1.623538051175952568e-01,-5.089663062644203539e-02,3.484611225179462224e+01,1.607865773011059318e-01,9.864193529315858910e-01,-3.353411280810588563e-02,4.363359014675407543e+00,5.564981226457156593e-02,2.486165975692668922e-02,9.981407697659928635e-01,1.637209477937570767e+00,0.000000000000000000e+00,0.000000000000000000e+00,0.000000000000000000e+00,1.000000000000000056e-01
9.848806085315091607e-01,-1.651222603775519271e-01,-5.239108766204632339e-02,3.582976918337924843e+01,1.634715904827299393e-01,9.859482750143951924e-01,-3.439532091993321300e-02,4.550394992379748871e+00,5.733433564323320297e-02,2.531083017102552651e-02,9.980341356047911505e-01,1.698315727362127214e+00,0.000000000000000000e+00,0.000000000000000000e+00,0.000000000000000000e+00,1.000000000000000056e-01
9.845038810229219672e-01,-1.675079843387233258e-01,-5.189589033422937342e-02,3.680613288851728271e+01,1.657937863618180740e-01,9.855114405853014903e-01,-3.577178887469237289e-02,4.707569021151114974e+00,5.713605389433330101e-02,2.661344882313766008e-02,9.980116210180731695e-01,1.776849974594856718e+00,0.000000000000000000e+00,0.000000000000000000e+00,0.000000000000000000e+00,1.000000000000000056e-01
9.842603588431406703e-01,-1.690098026611645821e-01,-5.164525742414395604e-02,3.780548563470446055e+01,1.672981693400632242e-01,9.852535759228077117e-01,-3.587079127624335367e-02,4.880121714149959544e+00,5.694618991148947540e-02,2.666604087138709639e-02,9.980210687750084020e-01,1.844871072518361466e+00,0.000000000000000000e+00,0.000000000000000000e+00,0.000000000000000000e+00,1.000000000000000056e-01
9.843708083585540614e-01,-1.692144216417730274e-01,-4.879130209337672469e-02,3.878050532250117044e+01,1.676403360158688627e-01,9.852353783737636261e-01,-3.475581881057350497e-02,5.046674859457704443e+00,5.395210275803407479e-02,2.603322318014223563e-02,9.982041083359852740e-01,1.923241542875722798e+00,0.000000000000000000e+00,0.000000000000000000e+00,0.000000000000000000e+00,1.000000000000000056e-01
9.840999082918571172e-01,-1.707603541420599225e-01,-4.886994938852126658e-02,3.977854062144050573e+01,1.693843897432634193e-01,9.850603814297860250e-01,-3.106402177289233763e-02,5.236746076118692805e+00,5.344435434412685149e-02,2.229229442392075683e-02,9.983219694056906235e-01,1.982555597433853123e+00,0.000000000000000000e+00,0.000000000000000000e+00,0.000000000000000000e+00,1.000000000000000056e-01
9.830966321767549143e-01,-1.750155340544926608e-01,-5.376406460027806367e-02,4.077639506312420536e+01,1.732635032316286461e-01,9.842276018710867103e-01,-3.571814893010297892e-02,5.430108814299853925e+00,5.916730727881373830e-02,2.579904174015622970e-02,9.979146452451052030e-01,2.068067720969868351e+00,0.000000000000000000e+00,0.000000000000000000e+00,0.000000000000000000e+00,1.000000000000000056e-01
9.829292468959919260e-01,-1.757019744446995380e-01,-5.457940795494424513e-02,4.179405080418131035e+01,1.741278862434525454e-01,9.841896941258723164e-01,-3.240563544831701753e-02,5.607155114312831756e+00,5.941022495215221577e-02,2.234864990678678970e-02,9.979834482687969244e-01,2.159259613947817957e+00,0.000000000000000000e+00,0.000000000000000000e+00,0.000000000000000000e+00,1.000000000000000056e-01
9.821628090573831793e-01,-1.788731638650037092e-01,-5.797074911913593226e-02,4.281022192380160618e+01,1.771313903706773496e-01,9.836015118804628532e-01,-3.394902608055843513e-02,5.789623148173243194e+00,6.309268618359012426e-02,2.307503142774137289e-02,9.977408761170145635e-01,2.238986365944902523e+00,0.000000000000000000e+00,0.000000000000000000e+00,0.000000000000000000e+00,1.000000000000000056e-01
9.829051656776480739e-01,-1.740108386139462004e-01,-6.014701429885248307e-02,4.381621034863164965e+01,1.721735951732741576e-01,9.844613807196248567e-01,-3.452597568091721192e-02,5.916246160841549973e+00,6.522030672501245852e-02,2.358003215606261846e-02,9.975922482027486105e-01,2.322330446226917200e+00,0.000000000000000000e+00,0.000000000000000000e+00,0.000000000000000000e+00,1.000000000000000056e-01
9.825793116557781648e-01,-1.767564851048991637e-01,-5.740245011686117421e-02,4.480841317342239449e+01,1.748368516269585005e-01,9.839042588948633261e-01,-3.693893124770392805e-02,6.103124015938561797e+00,6.300771079185532586e-02,2.625936598456349996e-02,9.976675168004913719e-01,2.416812832242973386e+00,0.000000000000000000e+00,0.000000000000000000e+00,0.000000000000000000e+00,1.000000000000000056e-01
9.825829052827582677e-01,-1.770214114814921136e-01,-5.651773282072032611e-02,4.578776426802112098e+01,1.751592377204490847e-01,9.838671168107213649e-01,-3.639694904452393798e-02,6.265896095030468516e+00,6.204897813248234917e-02,2.586341693703146649e-02,9.977379455433456057e-01,2.491545028980080900e+00,0.000000000000000000e+00,0.000000000000000000e+00,0.000000000000000000e+00,1.000000000000000056e-01
9.815824917523201520e-01,-1.812554146131749588e-01,-6.035135921180532353e-02,4.670458851353726715e+01,1.793953070545725170e-01,9.831551009193070234e-01,-3.497672573501984378e-02,6.444689648525586456e+00,6.567446758141214092e-02,2.350579098335566289e-02,9.975642044992115709e-01,2.577071532191582470e+00,0.000000000000000000e+00,0.000000000000000000e+00,0.000000000000000000e+00,1.000000000000000056e-01
9.814202584033763221e-01,-1.802089743323206927e-01,-6.587110114111448256e-02,4.766563611602293804e+01,1.781597526553187483e-01,9.833497495567031788e-01,-3.581023011047014537e-02,6.608505326967772042e+00,7.122765564895140733e-02,2.340930620206754104e-02,9.971853516041500054e-01,2.637780703000553562e+00,0.000000000000000000e+00,0.000000000000000000e+00,0.000000000000000000e+00,1.000000000000000056e-01
9.813417973917787362e-01,-1.807291243291804517e-01,-6.561448247971396475e-02,4.861662094682462509e+01,1.784458493961843806e-01,9.831692625253035667e-01,-3.918264997068118122e-02,6.786243382665078983e+00,7.159158836865783804e-02,2.674294009001757996e-02,9.970754533284802434e-01,2.724094777443717419e+00,0.000000000000000000e+00,0.000000000000000000e+00,0.000000000000000000e+00,1.000000000000000056e-01
9.818700668093928163e-01,-1.785612782525685671e-01,-6.361636434540512974e-02,4.958641583531007058e+01,1.763208006610271772e-01,9.835482841381750774e-01,-3.929055895639511214e-02,6.990483628976956076e+00,6.958553842554401903e-02,2.736133545096860326e-02,9.972006870055629690e-01,2.812311313929660272e+00,0.000000000000000000e+00,0.000000000000000000e+00,0.000000000000000000e+00,1.000000000000000056e-01
9.827631000859160526e-01,-1.739907773898025090e-01,-6.248118511049417095e-02,5.058332456541813116e+01,1.717700277290717947e-01,9.843508160754561587e-01,-3.935134642597858112e-02,7.178202564307495592e+00,6.835017690886802111e-02,2.794065630717469662e-02,9.972700602352658761e-01,2.912051576516712537e+00,0.000000000000000000e+00,0.000000000000000000e+00,0.000000000000000000e+00,1.000000000000000056e-01
9.826651868495185349e-01,-1.747861410664698079e-01,-6.179753591441169980e-02,5.151645130563660757e+01,1.722207162046260065e-01,9.840439629659162302e-01,-4.469344314661959083e-02,7.359463774573795192e+00,6.862328660131752911e-02,3.327587476576018832e-02,9.970875391331529558e-01,2.991960464288334176e+00,0.000000000000000000e+00,0.000000000000000000e+00,0.000000000000000000e+00,1.000000000000000056e-01
9.831572918362785352e-01,-1.718631438505594800e-01,-6.216750996265338336e-02,5.245311837209161610e+01,1.692789117501204699e-01,9.845527832392688694e-01,-4.472658105091725789e-02,7.528089072991342334e+00,6.889404579388286320e-02,3.344961586642289375e-02,9.970630540003672104e-01,3.069761253544514901e+00,0.000000000000000000e+00,0.000000000000000000e+00,0.000000000000000000e+00,1.000000000000000056e-01
9.833788809375834106e-01,-1.712139874985198207e-01,-6.042968650260294172e-02,5.343442196852144122e+01,1.685766576624030122e-01,9.845972644610113678e-01,-4.636957307616896423e-02,7.700270875856846331e+00,6.743802352767425123e-02,3.541182430700089839e-02,9.970948378574281401e-01,3.165558069687772313e+00,0.000000000000000000e+00,0.000000000000000000e+00,0.000000000000000000e+00,1.000000000000000056e-01
9.819807484051716884e-01,-1.793568462835833099e-01,-5.953932694300461542e-02,5.440005860497662127e+01,1.766107867901653139e-01,9.830800797820576920e-01,-4.860233250639089259e-02,7.878101999504576902e+00,6.724908736167134471e-02,3.721126747250180083e-02,9.970420662249472876e-01,3.242010098757996950e+00,0.000000000000000000e+00,0.000000000000000000e+00,0.000000000000000000e+00,1.000000000000000056e-01
9.822123590714174624e-01,-1.795465726570219245e-01,-5.497190131765208876e-02,5.531830095749606357e+01,1.769317762570170871e-01,9.829896821116110850e-01,-4.925882065834229218e-02,8.041687763004150113e+00,6.288106422364195258e-02,3.865634629954861623e-02,9.972721086307746452e-01,3.321431309829608214e+00,0.000000000000000000e+00,0.000000000000000000e+00,0.000000000000000000e+00,1.000000000000000056e-01
9.822236708874655386e-01,-1.808661591259234369e-01,-5.024035062962869946e-02,5.623575038498550782e+01,1.784501250944849071e-01,9.827259744588358048e-01,-4.904296053149970885e-02,8.230425997676931615e+00,5.824270943315205951e-02,3.920575986979071142e-02,9.975323028307994111e-01,3.407428299173713260e+00,0.000000000000000000e+00,0.000000000000000000e+00,0.000000000000000000e+00,1.000000000000000056e-01
9.822853556544677289e-01,-1.814061175037856577e-01,-4.698191778736245106e-02,5.714551769801836656e+01,1.795408318471085618e-01,9.828829431545869078e-01,-4.130629195927997682e-02,8.410067674705294039e+00,5.367093968270046644e-02,3.213939308667309452e-02,9.980413266220974355e-01,3.491659269107672880e+00,0.000000000000000000e+00,0.000000000000000000e+00,0.000000000000000000e+00,1.000000000000000056e-01
9.815233479292212460e-01,-1.848863112209037929e-01,-4.928457560880535743e-02,5.800356787335100250e+01,1.830094280741664525e-01,9.822871075901246085e-01,-4.024409892386137527e-02,8.583419593397342950e+00,5.585218622202208633e-02,3.048098071509770107e-02,9.979736685448501454e-01,3.576332144522641698e+00,0.000000000000000000e+00,0.000000000000000000e+00,0.000000000000000000e+00,1.000000000000000056e-01
9.810377200142001985e-01,-1.859402244077195676e-01,-5.469209135283261553e-02,5.891047195681186821e+01,1.839347416420597514e-01,9.821361021583198125e-01,-3.970752641919641363e-02,8.782065761662689596e+00,6.109830379321860155e-02,2.889480549284487512e-02,9.977134295423322197e-01,3.642594646359374799e+00,0.000000000000000000e+00,0.000000000000000000e+00,0.000000000000000000e+00,1.000000000000000056e-01
9.804248484308023537e-01,-1.872357990460824795e-01,-6.090871969606039688e-02,5.988070775223059172e+01,1.850916901256210167e-01,9.819402587039008923e-01,-3.917134900609488268e-02,8.963803414298594063e+00,6.714300280654207642e-02,2.713086604019911488e-02,9.973744198053353660e-01,3.717618804488745266e+00,0.000000000000000000e+00,0.000000000000000000e+00,0.000000000000000000e+00,1.000000000000000056e-01
9.809962709173850604e-01,-1.843867122361471933e-01,-6.039748998864725299e-02,6.078950401430424222e+01,1.824570393185244443e-01,9.825512559002140822e-01,-3.608958758465476840e-02,9.172128400949723925e+00,6.599807004225893836e-02,2.438380363389388433e-02,9.975217716275874835e-01,3.793776597595726940e+00,0.000000000000000000e+00,0.000000000000000000e+00,0.000000000000000000e+00,1.000000000000000056e-01
9.806392793458817980e-01,-1.872955235181563982e-01,-5.715759506880285085e-02,6.172533720335148644e+01,1.855411944134675861e-01,9.820256747059064040e-01,-3.464158475060113290e-02,9.372967755767311004e+00,6.261843961337053288e-02,2.336581024636177895e-02,9.977639850846079517e-01,3.872968304179047028e+00,0.000000000000000000e+00,0.000000000000000000e+00,0.000000000000000000e+00,1.000000000000000056e-01
9.799868456314647647e-01,-1.909450686949472342e-01,-5.626511468373238123e-02,6.261279677387370413e+01,1.891190657968721267e-01,9.812861753371486806e-01,-3.621354780063789497e-02,9.565594666061462803e+00,6.212697756538634875e-02,2.484799455233005841e-02,9.977588966405247506e-01,3.953555650078157679e+00,0.000000000000000000e+00,0.000000000000000000e+00,0.000000000000000000e+00,1.000000000000000056e-01
9.793668080849526891e-01,-1.944428562150768980e-01,-5.506932801854750453e-02,6.343966241249967197e+01,1.927269852706709474e-01,9.806290109586498493e-01,-3.497216056721236255e-02,9.734457818989250555e+00,6.080266745768676123e-02,2.363722769664886730e-02,9.978698898638272974e-01,4.020900862189291658e+00,0.000000000000000000e+00,0.000000000000000000e+00,0.000000000000000000e+00,1.000000000000000056e-01
9.785604020733013053e-01,-1.985185301567263805e-01,-5.486285335773095212e-02,6.426665131223236926e+01,1.968073316000024664e-01,9.798150603535126235e-01,-3.506168468469684357e-02,9.890239199799724545e+00,6.071584408229568214e-02,2.351256448912699207e-02,9.978781216103091989e-01,4.082366339105393926e+00,0.000000000000000000e+00,0.000000000000000000e+00,0.000000000000000000e+00,1.000000000000000056e-01
9.779841616084686828e-01,-2.013939034669616213e-01,-5.465780172418974875e-02,6.507395669223753032e+01,1.997907207012050712e-01,9.792685550096533742e-01,-3.341803541500612540e-02,1.005137861814211497e+01,6.025485511287668322e-02,2.176218774952744239e-02,9.979457698791455167e-01,4.146134501649743953e+00,0.000000000000000000e+00,0.000000000000000000e+00,0.000000000000000000e+00,1.000000000000000056e-01
9.773193934186071852e-01,-2.041060465454711814e-01,-5.645817045799225720e-02,6.587164898921571421e+01,2.023391191169325032e-01,9.786726453144033444e-01,-3.547864411574615934e-02,1.021777294496647848e+01,6.249547281899348050e-02,2.325027046909190070e-02,9.977743937385066264e-01,4.218314494279132632e+00,0.000000000000000000e+00,0.000000000000000000e+00,0.000000000000000000e+00,1.000000000000000056e-01
9.764713802925002462e-01,-2.083971125419514792e-01,-5.544625283855237480e-02,6.662860709495008393e+01,2.067069920454154275e-01,9.777870158992191252e-01,-3.470981098244144136e-02,1.037270075442316219e+01,6.144805049141944392e-02,2.243200889526963948e-02,9.978581773316920200e-01,4.285394199913424629e+00,0.000000000000000000e+00,0.000000000000000000e+00,0.000000000000000000e+00,1.000000000000000056e-01
9.756893130935548886e-01,-2.128128100384418242e-01,-5.235524996186163155e-02,6.741726444215717606e+01,2.111977628928255468e-01,9.768264962888264513e-01,-3.472032685849991973e-02,1.054352027805096803e+01,5.853092570678156831e-02,2.281894019531362228e-02,9.980247625706838432e-01,4.356460494199282607e+00,0.000000000000000000e+00,0.000000000000000000e+00,0.000000000000000000e+00,1.000000000000000056e-01
9.716688509763299342e-01,-2.306765232521399145e-01,-5.145858201159194539e-02,6.822429974818994936e+01,2.293365533078521590e-01,9.728641672276743257e-01,-3.066035618316157937e-02,1.075243078627876514e+01,5.713483490142835103e-02,1.799037922636968420e-02,9.982043662978428156e-01,4.422384025076524061e+00,0.000000000000000000e+00,0.000000000000000000e+00,0.000000000000000000e+00,1.000000000000000056e-01
9.707749655116840737e-01,-2.348540971361069152e-01,-4.939149111104793738e-02,6.896130767442706144e+01,2.336133784037833505e-01,9.718779804488121288e-01,-2.963073656710477413e-02,1.091531838981779146e+01,5.496140251630594192e-02,1.722626416616459058e-02,9.983398720156969608e-01,4.491004028225555444e+00,0.000000000000000000e+00,0.000000000000000000e+00,0.000000000000000000e+00,1.000000000000000056e-01
9.705563541505852765e-01,-2.349896707213383895e-01,-5.291708676978243431e-02,6.963638135663194362e+01,2.338624834003951436e-01,9.719041314195876469e-01,-2.665892322163121789e-02,1.108838675344058800e+01,5.769490684387691692e-02,1.349866600127125685e-02,9.982429983428195985e-01,4.546776080810917442e+00,0.000000000000000000e+00,0.000000000000000000e+00,0.000000000000000000e+00,1.000000000000000056e-01
9.695733216401274390e-01,-2.381676042159228401e-01,-5.660182210651433510e-02,7.030128532191716317e+01,2.368811746178962896e-01,9.711193037923521176e-01,-2.854131940718539207e-02,1.127110238620553595e+01,6.176473974182754290e-02,1.426499575551225252e-02,9.979887909293969628e-01,4.599593394634504229e+00,0.000000000000000000e+00,0.000000000000000000e+00,0.000000000000000000e+00,1.000000000000000056e-01
9.683642562890119043e-01,-2.417114283666751684e-01,-6.201816297481285711e-02,7.102185627039018812e+01,2.401345175116515185e-01,9.702171829643582157e-01,-3.184385937903013580e-02,1.145744273386733703e+01,6.786811210926030347e-02,1.594375356203073940e-02,9.975668980479845960e-01,4.659989437396085954e+00,0.000000000000000000e+00,0.000000000000000000e+00,0.000000000000000000e+00,1.000000000000000056e-01
9.667808645348258123e-01,-2.474161721955748516e-01,-6.418720826912832633e-02,7.173786231584551842e+01,2.458121379225830239e-01,9.687920379756076450e-01,-3.191206676161599531e-02,1.164397754537699647e+01,7.007961771602227996e-02,1.507398060097165510e-02,9.974275022725299644e-01,4.718565381589423069e+00,0.000000000000000000e+00,0.000000000000000000e+00,0.000000000000000000e+00,1.000000000000000056e-01
9.664712685262486502e-01,-2.493424259709100810e-01,-6.133222419091848704e-02,7.240737411654522759e+01,2.478633556431922014e-01,9.683063166069517669e-01,-3.076742024242825474e-02,1.180975056985073834e+01,6.706000329973360596e-02,1.453381677395818722e-02,9.976430845384639534e-01,4.791099492373485980e+00,0.000000000000000000e+00,0.000000000000000000e+00,0.000000000000000000e+00,1.000000000000000056e-01
9.648189887675320264e-01,-2.563803832136810068e-01,-5.825305156644627891e-02,7.297477254714755190e+01,2.548685010953227192e-01,9.664402469234946169e-01,-3.217602019949501041e-02,1.197069967716565486e+01,6.454739392896108319e-02,1.619716733447174734e-02,9.977831857208853128e-01,4.839253719629931894e+00,0.000000000000000000e+00,0.000000000000000000e+00,0.000000000000000000e+00,1.000000000000000056e-01
9.651181173107357125e-01,-2.544879189690373855e-01,-6.150543664904521007e-02,7.350685023854596523e+01,2.527152972906348549e-01,9.669005254114535486e-01,-3.519023265568258646e-02,1.209414652992001216e+01,6.842512808820361281e-02,1.841936638062538489e-02,9.974862048109984780e-01,4.889855216344409783e+00,0.000000000000000000e+00,0.000000000000000000e+00,0.000000000000000000e+00,1.000000000000000056e-01
9.641513216535588793e-01,-2.580981460391724158e-01,-6.162447537170254175e-02,7.412879892010187177e+01,2.557646314018787170e-01,9.657695008810294190e-01,-4.328653938429849468e-02,1.224815851659782773e+01,7.068721438532352130e-02,2.597341292840256444e-02,9.971603178743596585e-01,4.954448650285803168e+00,0.000000000000000000e+00,0.000000000000000000e+00,0.000000000000000000e+00,1.000000000000000056e-01
9.637592784840972593e-01,-2.581290880113661923e-01,-6.736042649978289665e-02,7.471435491979853794e+01,2.552398958637117077e-01,9.656553897813057175e-01,-4.860312485628966173e-02,1.239447579856779136e+01,7.759283920113944910e-02,2.964864429843043145e-02,9.965441832633269437e-01,5.011213850996846020e+00,0.000000000000000000e+00,0.000000000000000000e+00,0.000000000000000000e+00,1.000000000000000056e-01
9.646160284820689546e-01,-2.548926027717622889e-01,-6.742164821269810981e-02,7.529027952205204599e+01,2.522558154853140611e-01,9.666026746544942316e-01,-4.523574808287357529e-02,1.252657818566669334e+01,7.670020305917979453e-02,2.662762480985874161e-02,9.966985745187287860e-01,5.074715465149459703e+00,0.000000000000000000e+00,0.000000000000000000e+00,0.000000000000000000e+00,1.000000000000000056e-01
9.647320008716296913e-01,-2.552048015166585859e-01,-6.451880173302000643e-02,7.585945981617469158e+01,2.526287938933180488e-01,9.664935147624492684e-01,-4.548602442657230516e-02,1.269385258669882077e+01,7.396525529077337124e-02,2.758251629148796014e-02,9.968793035291687588e-01,5.115875396076674519e+00,0.000000000000000000e+00,0.000000000000000000e+00,0.000000000000000000e+00,1.000000000000000056e-01
9.653255563592337829e-01,-2.534034156382522496e-01,-6.271586069410940711e-02,7.644284922648974145e+01,2.506829427429004276e-01,9.668723726966620413e-01,-4.812356110770228679e-02,1.282047300878834228e+01,7.283290779239480484e-02,3.073310688482714173e-02,9.968705250350771152e-01,5.169400348872041917e+00,0.000000000000000000e+00,0.000000000000000000e+00,0.000000000000000000e+00,1.000000000000000056e-01
9.659473026896272518e-01,-2.521874804411532445e-01,-5.785570961777708465e-02,7.703519170866228194e+01,2.493268495248017746e-01,9.670027991551153335e-01,-5.236132668495383641e-02,1.295513127146221599e+01,6.915150419673060656e-02,3.615330047055943102e-02,9.969508555251933579e-01,5.230685146672748864e+00,0.000000000000000000e+00,0.000000000000000000e+00,0.000000000000000000e+00,1.000000000000000056e-01
9.676586686712542740e-01,-2.463225980367691192e-01,-5.442314435781813592e-02,7.760785711482631655e+01,2.435299562462636958e-01,9.684350039895641693e-01,-5.316769186663663355e-02,1.307056686894839892e+01,6.580168201549656259e-02,3.819451196374953200e-02,9.971014581775429209e-01,5.301775807077172331e+00,0.000000000000000000e+00,0.000000000000000000e+00,0.000000000000000000e+00,1.000000000000000056e-01
9.698085333849383316e-01,-2.380834199390421124e-01,-5.279861479134346364e-02,7.810644005961664504e+01,2.355446574203296228e-01,9.705725087718901634e-01,-5.007713626974671928e-02,1.321750635935405604e+01,6.316741988156959753e-02,3.612880244858582279e-02,9.973487788628091488e-01,5.356025227000476896e+00,0.000000000000000000e+00,0.000000000000000000e+00,0.000000000000000000e+00,1.000000000000000056e-01
9.728592271717541040e-01,-2.250449555501165821e-01,-5.384878910638039862e-02,7.861004210448878382e+01,2.225588086818704181e-01,9.737129429389979052e-01,-4.848382649072270623e-02,1.332898255610474614e+01,6.334430349197936461e-02,3.518341561761660630e-02,9.973713583618661893e-01,5.399593015298309595e+00,0.000000000000000000e+00,0.000000000000000000e+00,0.000000000000000000e+00,1.000000000000000056e-01
9.768452011721737716e-01,-2.071115198994981088e-01,-5.364952256838061151e-02,7.907819418370389997e+01,2.051997978676055601e-01,9.779411866324367875e-01,-3.903944726856874159e-02,1.344189435378599029e+01,6.055159702261540822e-02,2.712662553399025622e-02,9.977963972099466172e-01,5.441387369799653762e+00,0.000000000000000000e+00,0.000000000000000000e+00,0.000000000000000000e+00,1.000000000000000056e-01
9.813210515950775426e-01,-1.854054640946566912e-01,-5.132063503286123790e-02,7.956131346123150649e+01,1.833934485675944859e-01,9.821626713211961679e-01,-4.151301104108309770e-02,1.351897680349450503e+01,5.810195107581377777e-02,3.132572340835840241e-02,9.978190529019411725e-01,5.490684284629333334e+00,0.000000000000000000e+00,0.000000000000000000e+00,0.000000000000000000e+00,1.000000000000000056e-01
9.850356258164878476e-01,-1.646492187439581589e-01,-5.094556545298434963e-02,8.011511878454005853e+01,1.626169955408651169e-01,9.858044082866881386e-01,-4.177776159387739524e-02,1.366625165098677819e+01,5.710103881351322880e-02,3.286796874674224184e-02,9.978272235196236073e-01,5.545945261866641829e+00,0.000000000000000000e+00,0.000000000000000000e+00,0.000000000000000000e+00,1.000000000000000056e-01
9.892667005030544303e-01,-1.374808554142405159e-01,-4.950161280573257827e-02,8.061026406218935847e+01,1.355515101939425426e-01,9.899446452785890527e-01,-4.043992295232451406e-02,1.377843257100232499e+01,5.456357173006054495e-02,3.329585077479095545e-02,9.979550104895718032e-01,5.585630423777048215e+00,0.000000000000000000e+00,0.000000000000000000e+00,0.000000000000000000e+00,1.000000000000000056e-01
9.929195729796114200e-01,-1.075882833911013803e-01,-5.035357853164211528e-02,8.108981831764708659e+01,1.054830561679228895e-01,9.935014990944482927e-01,-4.275624116499059796e-02,1.381563815573976939e+01,5.462642634715375589e-02,3.714205936724662011e-02,9.978158251754173369e-01,5.613468702783236175e+00,0.000000000000000000e+00,0.000000000000000000e+00,0.000000000000000000e+00,1.000000000000000056e-01
