1.000000000000000000e+00,-8.122012193153746007e-14,5.133720132424434088e-14,5.570694007545925822e-21,8.122012193153799019e-14,1.000000000000000000e+00,-1.040172303242591372e-14,1.863634928479695286e-20,-5.133720132424349522e-14,1.040172303243008206e-14,1.000000000000000000e+00,-1.588506543178828550e-20,0.000000000000000000e+00,0.000000000000000000e+00,0.000000000000000000e+00,1.000000000000000056e-01
9.999920469526945022e-01,-3.984046296912804007e-03,-1.827743531178547490e-04,6.556251541762241342e-01,3.983494227605788134e-03,9.999877807445248790e-01,-2.927479355802114526e-03,7.032173745504131587e-03,1.944353330381118090e-04,2.926727992839712848e-03,9.999956982198259237e-01,2.039080020835281823e-03,0.000000000000000000e+00,0.000000000000000000e+00,0.000000000000000000e+00,1.000000000000000056e-01
9.999536041078148640e-01,-9.339849620733952848e-03,-2.357295241059107274e-03,1.325919181258544466e+00,9.336570182401754056e-03,9.999554355043053233e-01,-1.398378569698268846e-03,9.434537410349354974e-03,2.370250834939325105e-03,1.376304638218125336e-03,9.999962438412067778e-01,6.224962130975818415e-03,0.000000000000000000e+00,0.000000000000000000e+00,0.000000000000000000e+00,1.000000000000000056e-01
9.998859922931799815e-01,-1.492177468164373674e-02,-2.311505187767537352e-03,2.043405580502706265e+00,1.492006656165043021e-02,9.998884049789473760e-01,-7.544550698359470424e-04,3.324320338950217902e-04,2.322505043856960914e-03,7.198812448844443346e-04,9.999970438662878491e-01,4.947370393842845902e-03,0.000000000000000000e+00,0.000000000000000000e+00,0.000000000000000000e+00,1.000000000000000056e-01
9.997913386126777713e-01,-1.995606115371705361e-02,-4.362895632364193442e-03,2.738281530517291618e+00,1.995730820970800443e-02,9.998008036869148185e-01,2.424789101921561200e-04,8.607775877202667944e-03,4.357187635679569092e-03,-3.294999670282401693e-04,9.999904531272681973e-01,1.026840528391374623e-02,0.000000000000000000e+00,0.000000000000000000e+00,0.000000000000000000e+00,1.000000000000000056e-01
9.996855544954350581e-01,-2.429594451639287625e-02,-6.204773421398164859e-03,3.444250055174022052e+00,2.429562149871505525e-02,9.997048096987974919e-01,-1.274405051092081351e-04,1.027421036032898083e-02,6.206038119904283210e-03,-2.334839451629990551e-05,9.999807420874198272e-01,2.509471810032785216e-02,0.000000000000000000e+00,0.000000000000000000e+00,0.000000000000000000e+00,1.000000000000000056e-01
9.995198511476937053e-01,-2.999696571603652218e-02,-7.762036428873337821e-03,4.165172467931927969e+00,2.999833387079484104e-02,9.995499469163676709e-01,5.987038369788007643e-05,4.501928777317656255e-02,7.756747170596066387e-03,-2.926897973124748344e-04,9.999698731491933890e-01,4.344640025216035817e-02,0.000000000000000000e+00,0.000000000000000000e+00,0.000000000000000000e+00,1.000000000000000056e-01
9.993680757919316537e-01,-3.449623686368627484e-02,-8.570806856794711825e-03,4.933997950997637716e+00,3.452567762625144421e-02,9.993983261583292421e-01,3.311080847381725652e-03,7.328492391528906857e-02,8.451430197320870807e-03,-3.604901409773953250e-03,9.999577881158012715e-01,5.546062677009580555e-02,0.000000000000000000e+00,0.000000000000000000e+00,0.000000000000000000e+00,1.000000000000000056e-01
9.992710820255668036e-01,-3.752117182612615259e-02,-7.033227726101771125e-03,5.704675740426302433e+00,3.754945183501891964e-02,9.992870313329069720e-01,3.932896738448154149e-03,1.090040427259009459e-01,6.880646360806806118e-03,-4.194123825069887533e-03,9.999675324884290673e-01,6.071625515116834543e-02,0.000000000000000000e+00,0.000000000000000000e+00,0.000000000000000000e+00,1.000000000000000056e-01
9.990776621186114870e-01,-4.262093399242624508e-02,-5.223125618126042875e-03,6.498389067591275214e+00,4.264202441285355055e-02,9.990824267403282111e-01,3.995288804371473559e-03,1.633014795217271053e-01,5.048050077315148314e-03,-4.214328448279645867e-03,9.999783780793197741e-01,7.186453761096914250e-02,0.000000000000000000e+00,0.000000000000000000e+00,0.000000000000000000e+00,1.000000000000000056e-01
9.988438668697983136e-01,-4.795003379130368532e-02,-3.424014602979923768e-03,7.323919349794893563e+00,4.795928492800722448e-02,9.988457152978925668e-01,2.672830004975528407e-03,1.979420013445029602e-01,3.291900026246924720e-03,-2.833953149597350733e-03,9.999905660073814540e-01,9.220026398326157391e-02,0.000000000000000000e+00,0.000000000000000000e+00,0.000000000000000000e+00,1.000000000000000056e-01
9.987649737878419032e-01,-4.959895308640815959e-02,-2.910496058035437397e-03,8.140522407063821575e+00,4.960811043868444681e-02,9.987637503518372872e-01,3.163283394859446162e-03,2.446036118923101965e-01,2.750002413607064485e-03,-3.303760866828687592e-03,9.999907612827529935e-01,1.071813764912806360e-01,0.000000000000000000e+00,0.000000000000000000e+00,0.000000000000000000e+00,1.000000000000000056e-01
9.986091389314443179e-01,-5.259456095436797207e-02,-3.687790750120905747e-03,8.987906153326630232e+00,5.260667922579247147e-02,9.986099566829006458e-01,3.269818742655979538e-03,2.950863997386327098e-01,3.510689880063484324e-03,-3.459273304109041023e-03,9.999878541686261224e-01,1.161068900772336682e-01,0.000000000000000000e+00,0.000000000000000000e+00,0.000000000000000000e+00,1.000000000000000056e-01
9.986198956083551792e-01,-5.240674746209739165e-02,-3.440481885109773676e-03,9.668658363610598272e+00,5.242438875679565624e-02,9.986110700627954806e-01,5.254922598367411588e-03,3.770877063487780290e-01,3.160309895275625804e-03,-5.428035416467358321e-03,9.999802742418889556e-01,1.339385983820141346e-01,0.000000000000000000e+00,0.000000000000000000e+00,0.000000000000000000e+00,1.000000000000000056e-01
9.983577462052148910e-01,-5.715427376068164117e-02,-3.898664249823684778e-03,1.042330128264318390e+01,5.717548811057455299e-02,9.983486270206669566e-01,5.566191271127407698e-03,4.406896357018933452e-01,3.574094481311702182e-03,-5.779958203852815675e-03,9.999769086992961187e-01,1.407631254627171036e-01,0.000000000000000000e+00,0.000000000000000000e+00,0.000000000000000000e+00,1.000000000000000056e-01
9.982177185948566400e-01,-5.951101194277475664e-02,-4.452610563086422182e-03,1.125050521660346448e+01,5.952900953044528570e-02,9.982184616838593039e-01,4.024894760558703904e-03,4.915488142895363954e-01,4.205152506597410050e-03,-4.282780762114633474e-03,9.999819870784373288e-01,1.620850764141344991e-01,0.000000000000000000e+00,0.000000000000000000e+00,0.000000000000000000e+00,1.000000000000000056e-01
9.980157125426146747e-01,-6.271520816509887353e-02,-5.607154614020705419e-03,1.214234389117227764e+01,6.274206688418740296e-02,9.980184735005293017e-01,4.749694176823828634e-03,5.559721148858554063e-01,5.298165829546329711e-03,-5.092073888065207221e-03,9.999729997466737519e-01,1.752830427257843215e-01,0.000000000000000000e+00,0.000000000000000000e+00,0.000000000000000000e+00,1.000000000000000056e-01
9.978773759313256386e-01,-6.472033138335449298e-02,-7.212579985034597505e-03,1.304139420249380343e+01,6.477104555980132961e-02,9.978753563427190665e-01,7.034547674263817892e-03,6.335984663527649552e-01,6.741977566106402767e-03,-7.486782320872575024e-03,9.999492456264857942e-01,1.885829591225302027e-01,0.000000000000000000e+00,0.000000000000000000e+00,0.000000000000000000e+00,1.000000000000000056e-01
9.980235963226860019e-01,-6.194443584207240394e-02,-1.057298686935923167e-02,1.391674184273275650e+01,6.205114690179680537e-02,9.980220488802115097e-01,1.008192030896729388e-02,6.960994943307480254e-01,9.927555152397760443e-03,-1.071806032601564304e-02,9.998932777209496026e-01,1.946264223998619702e-01,0.000000000000000000e+00,0.000000000000000000e+00,0.000000000000000000e+00,1.000000000000000056e-01
9.970384253170068156e-01,-7.652066258277334665e-02,-7.678973842687375137e-03,1.488515947804378214e+01,7.659298719749360607e-02,9.970160993896148849e-01,9.613109282754462095e-03,7.833714459041764000e-01,6.920459056154067840e-03,-1.017279488690065424e-02,9.999243078806721030e-01,2.068435388552271603e-01,0.000000000000000000e+00,0.000000000000000000e+00,0.000000000000000000e+00,1.000000000000000056e-01
9.966736827443771762e-01,-8.118926162201124674e-02,-7.062147126272533618e-03,1.584680343093830501e+01,8.124295331819696153e-02,9.966647356622718723e-01,7.680314016433142758e-03,8.792393680442168735e-01,6.415033974795097613e-03,-8.228516544697677543e-03,9.999455679458636448e-01,2.182157384539097078e-01,0.000000000000000000e+00,0.000000000000000000e+00,0.000000000000000000e+00,1.000000000000000056e-01
9.965362870606757628e-01,-8.291517372964818389e-02,-6.364160329896043425e-03,1.675520035781304529e+01,8.296298045024724788e-02,9.965232200831156684e-01,7.656089732368324442e-03,9.719015205163101800e-01,5.707227534824133378e-03,-8.157560944329097022e-03,9.999504396485384694e-01,2.370771132438940221e-01,0.000000000000000000e+00,0.000000000000000000e+00,0.000000000000000000e+00,1.000000000000000056e-01
9.963191821306285334e-01,-8.555245805739977727e-02,-5.372544917664569264e-03,1.764715882280610870e+01,8.559520305779738658e-02,9.962953733405111034e-01,8.306038393001440381e-03,1.060401694392087091e+00,4.642039643292879617e-03,-8.735329451625429772e-03,9.999510715466640720e-01,2.599448028449803938e-01,0.000000000000000000e+00,0.000000000000000000e+00,0.000000000000000000e+00,1.000000000000000056e-01
9.962655133738619329e-01,-8.616264430108616645e-02,-5.570061845251867046e-03,1.855634103897890341e+01,8.620359965565216331e-02,9.962486596153958818e-01,7.586014825664338414e-03,1.144537217154464770e+00,4.895535550220548281e-03,-8.037844336117525024e-03,9.999557124143573228e-01,2.636523169511392761e-01,0.000000000000000000e+00,0.000000000000000000e+00,0.000000000000000000e+00,1.000000000000000056e-01
9.960703177208575232e-01,-8.837518321419181311e-02,-5.809401632522542651e-03,1.949419451290967231e+01,8.840181861210556769e-02,9.960747316531690654e-01,4.499714228659772684e-03,1.229512477356678124e+00,5.388935102811060092e-03,-4.995593450757331196e-03,9.999730013478026480e-01,2.814627768844107925e-01,0.000000000000000000e+00,0.000000000000000000e+00,0.000000000000000000e+00,1.000000000000000056e-01
9.959288194315005782e-01,-9.005083138056385605e-02,-4.078528343252179819e-03,2.042573817529717317e+01,9.006117666294838342e-02,9.959332760030995546e-01,2.427798965944912707e-03,1.312727894469585932e+00,3.843316778858425070e-03,-2.785232019617011473e-03,9.999887356359241641e-01,2.997191052685273527e-01,0.000000000000000000e+00,0.000000000000000000e+00,0.000000000000000000e+00,1.000000000000000056e-01
9.960366792057597785e-01,-8.894289600988686262e-02,3.081008548624917295e-04,2.134858547721130151e+01,8.894169532266565925e-02,9.960329136897949631e-01,2.794580424225511124e-03,1.408364864981118902e+00,-5.554366682421593877e-04,-2.756101593157168732e-03,9.999960476892475469e-01,3.075382765558287712e-01,0.000000000000000000e+00,0.000000000000000000e+00,0.000000000000000000e+00,1.000000000000000056e-01
9.959209582659195314e-01,-9.018278195042003786e-02,2.917314925682667516e-03,2.229744633895539607e+01,9.018085272266551655e-02,9.959250951935307850e-01,7.864896499555813509e-04,1.501600621920579082e+00,-2.976354969678225368e-03,-5.201955781913678196e-04,9.999954353434094001e-01,3.172652811939397632e-01,0.000000000000000000e+00,0.000000000000000000e+00,0.000000000000000000e+00,1.000000000000000056e-01
9.959828291726821048e-01,-8.929860269977488163e-02,6.630501417518321582e-03,2.327500061267326004e+01,8.929622795813590974e-02,9.960048976026103507e-01,6.539297074959703714e-04,1.594939144358706429e+00,-6.662406894552560556e-03,-5.922399409644173249e-05,9.999778041671174567e-01,3.285651501216811932e-01,0.000000000000000000e+00,0.000000000000000000e+00,0.000000000000000000e+00,1.000000000000000056e-01
9.961618929134158362e-01,-8.716644980581463031e-02,7.968257990964981372e-03,2.420780290125238565e+01,8.717926172809363494e-02,9.961918251911635602e-01,-1.274263254900464539e-03,1.690136060919825933e+00,-7.826840467565801887e-03,1.964039344982966562e-03,9.999674410288300619e-01,3.394249177741611723e-01,0.000000000000000000e+00,0.000000000000000000e+00,0.000000000000000000e+00,1.000000000000000056e-01
9.962126770269466025e-01,-8.676140847570137926e-02,5.723646575134164020e-03,2.516505395999681838e+01,8.677883943273589917e-02,9.962234659494032529e-01,-2.870351627510483832e-03,1.768466111703158372e+00,-5.452995278926256635e-03,3.356172085964168224e-03,9.999795002655891274e-01,3.448672775852285044e-01,0.000000000000000000e+00,0.000000000000000000e+00,0.000000000000000000e+00,1.000000000000000056e-01
9.965052503005851214e-01,-8.352673932156383374e-02,7.549448163527071277e-04,2.610855616726400186e+01,8.352914807361815075e-02,9.964968743529817319e-01,-4.106193716004900504e-03,1.868522453516599624e+00,-4.093231776838736477e-04,4.154903494102689041e-03,9.999912845777662040e-01,3.474350146391408378e-01,0.000000000000000000e+00,0.000000000000000000e+00,0.000000000000000000e+00,1.000000000000000056e-01
9.965365834269899192e-01,-8.314805113003229109e-02,-1.113321579559219208e-03,2.706234807194470449e+01,8.314128745343599136e-02,9.965244662777859030e-01,-5.149216480103590426e-03,1.953278688720588185e+00,1.537599508033050694e-03,5.038819608934135691e-03,9.999861229460644818e-01,3.563940130387176497e-01,0.000000000000000000e+00,0.000000000000000000e+00,0.000000000000000000e+00,1.000000000000000056e-01
9.966246168996445443e-01,-8.206809524504878051e-02,2.049568853752369024e-03,2.804123303516979249e+01,8.208124709999671531e-02,9.965975903689414661e-01,-7.477415685165909529e-03,2.033903281843260746e+00,-1.428938118307826683e-03,7.620407710161173839e-03,9.999699433093901524e-01,3.640670207671597436e-01,0.000000000000000000e+00,0.000000000000000000e+00,0.000000000000000000e+00,1.000000000000000056e-01
9.966254670003836802e-01,-8.169913079360315022e-02,7.932878029877889203e-03,2.904257950963657819e+01,8.176902891831643039e-02,9.966113247657262253e-01,-8.927108068106197336e-03,2.109711763928289852e+00,-7.176659112896689556e-03,9.545646980369793672e-03,9.999286855509763594e-01,3.820335832255015163e-01,0.000000000000000000e+00,0.000000000000000000e+00,0.000000000000000000e+00,1.000000000000000056e-01
9.967616771583253099e-01,-7.976034529178474553e-02,1.021989566765166974e-02,2.998445778178473731e+01,7.987307265556717328e-02,9.967427688692216403e-01,-1.114203623561767394e-02,2.179230330822301553e+00,-9.297914447923244508e-03,1.192224919436776602e-02,9.998856978480422653e-01,3.871372876644029182e-01,0.000000000000000000e+00,0.000000000000000000e+00,0.000000000000000000e+00,1.000000000000000056e-01
9.966526051721708024e-01,-8.122619560962265894e-02,9.267672324392373442e-03,3.088842155493226826e+01,8.139016461405221281e-02,9.965021062813332886e-01,-1.895239512472928281e-02,2.242781510713288462e+00,-7.695824037910100821e-03,1.964325135138518183e-02,9.997774337164866409e-01,3.991657200665035266e-01,0.000000000000000000e+00,0.000000000000000000e+00,0.000000000000000000e+00,1.000000000000000056e-01
9.966591709275713917e-01,-8.134859234989849641e-02,7.273481192383811182e-03,3.182336507989618823e+01,8.149588748657368709e-02,9.964085838168529330e-01,-2.298596134316111678e-02,2.319201333775217311e+00,-5.377483495246329799e-03,2.350192798013838597e-02,9.997093287813586526e-01,4.076467920849802251e-01,0.000000000000000000e+00,0.000000000000000000e+00,0.000000000000000000e+00,1.000000000000000056e-01
9.968370892865050514e-01,-7.938992280709586402e-02,3.613527292235864906e-03,3.279194451808031374e+01,7.945537562355076133e-02,9.965295831339779919e-01,-2.481195726540879817e-02,2.386526076755020931e+00,-1.631167474181293179e-03,2.502059342828181002e-02,9.996856051765313778e-01,4.074225678105746762e-01,0.000000000000000000e+00,0.000000000000000000e+00,0.000000000000000000e+00,1.000000000000000056e-01
9.966973445016064082e-01,-8.109613974894878952e-02,4.221324586567207389e-03,3.373780734195871389e+01,8.117747719204630730e-02,9.963770244026638467e-01,-2.535828147229578222e-02,2.463896992293865384e+00,-2.149572092531162187e-03,2.561720828490777341e-02,9.996695143793805638e-01,4.099094094909015995e-01,0.000000000000000000e+00,0.000000000000000000e+00,0.000000000000000000e+00,1.000000000000000056e-01
9.966814277284246071e-01,-8.122692489210434075e-02,5.321493568681618345e-03,3.469968536264941150e+01,8.133815456478618588e-02,9.963503433164059286e-01,-2.588625089260562090e-02,2.552864038567779215e+00,-3.199411387120131185e-03,2.623318596458331514e-02,9.996507308659977609e-01,4.263446657697786968e-01,0.000000000000000000e+00,0.000000000000000000e+00,0.000000000000000000e+00,1.000000000000000056e-01
9.966204693658603508e-01,-8.194161052809086077e-02,5.763029154444123531e-03,3.567161504699819830e+01,8.205949556333626271e-02,9.963236031001143633e-01,-2.460725692751333793e-02,2.633524124487011342e+00,-3.725483708607811237e-03,2.499700721423514516e-02,9.996805841875034959e-01,4.291453671688928440e-01,0.000000000000000000e+00,0.000000000000000000e+00,0.000000000000000000e+00,1.000000000000000056e-01
9.966954034205307567e-01,-8.109791679453345892e-02,4.626088193329580198e-03,3.663467294204540536e+01,8.118436686758792598e-02,9.964252933286698033e-01,-2.336093729248006970e-02,2.709557543189481610e+00,-2.715027936214861343e-03,2.365930486005922775e-02,9.997163927418837304e-01,4.465149061954733489e-01,0.000000000000000000e+00,0.000000000000000000e+00,0.000000000000000000e+00,1.000000000000000056e-01
9.965128782128122031e-01,-8.316466850542859890e-02,6.761765183671265139e-03,3.762587491353391300e+01,8.329907243343022405e-02,9.962614308177339950e-01,-2.290034927095195572e-02,2.804738916978910979e+00,-4.831985900960619057e-03,2.338374173188748767e-02,9.997148856223304625e-01,4.586405406393564421e-01,0.000000000000000000e+00,0.000000000000000000e+00,0.000000000000000000e+00,1.000000000000000056e-01
9.966682099048531640e-01,-8.096640444591796104e-02,9.844831951618757820e-03,3.861161113739898099e+01,8.117180362087506040e-02,9.964427716638448729e-01,-2.264820292669626409e-02,2.890239610676840876e+00,-7.976068078299661246e-03,2.337186663436953762e-02,9.996950225884070340e-01,4.817715038380505632e-01,0.000000000000000000e+00,0.000000000000000000e+00,0.000000000000000000e+00,1.000000000000000056e-01
9.967103984446183951e-01,-8.023973664087091784e-02,1.140027614463015766e-02,3.960412143744674296e+01,8.043261842911422765e-02,9.966044980504412676e-01,-1.760875799891920696e-02,2.976899732978482760e+00,-9.948644380349451130e-03,1.846778626234519410e-02,9.997799584636419823e-01,4.874448263972360196e-01,0.000000000000000000e+00,0.000000000000000000e+00,0.000000000000000000e+00,1.000000000000000056e-01
9.965823067818970760e-01,-8.202749952497775943e-02,9.756799216579247619e-03,4.060000315240530000e+01,8.220287219424993186e-02,9.964309306414117495e-01,-1.918562649761510960e-02,3.057477489476096100e+00,-8.148227555037933223e-03,1.992209283107457610e-02,9.997683314673161403e-01,5.022551683760192454e-01,0.000000000000000000e+00,0.000000000000000000e+00,0.000000000000000000e+00,1.000000000000000056e-01
9.965694838732305216e-01,-8.233016575453663832e-02,8.426601893609513352e-03,4.160632427118601129e+01,8.245038876100971303e-02,9.964810375428970746e-01,-1.508228134566032101e-02,3.134873587512183146e+00,-7.155222274760179163e-03,1.572531793833792380e-02,9.998507474468061318e-01,5.281336962178566630e-01,0.000000000000000000e+00,0.000000000000000000e+00,0.000000000000000000e+00,1.000000000000000056e-01
9.964925824755153094e-01,-8.342459459286240275e-02,6.547525356560892143e-03,4.263105374046011775e+01,8.350845413554013053e-02,9.964115798366691701e-01,-1.379498659968463221e-02,3.193259383113657535e+00,-5.373188920058828699e-03,1.429337554287451843e-02,9.998834073312846682e-01,5.336350536333901440e-01,0.000000000000000000e+00,0.000000000000000000e+00,0.000000000000000000e+00,1.000000000000000056e-01
9.965655623841519484e-01,-8.238469417711286047e-02,8.357154737261994829e-03,4.365061685575683725e+01,8.250081829038324877e-02,9.964831704975394278e-01,-1.465966904772921138e-02,3.280214774263196631e+00,-7.120031697690505819e-03,1.529879343331927259e-02,9.998576158974379346e-01,5.469232064665129345e-01,0.000000000000000000e+00,0.000000000000000000e+00,0.000000000000000000e+00,1.000000000000000056e-01
9.966551627050207474e-01,-8.122275758051600292e-02,9.019440362090963212e-03,4.464135090839192799e+01,8.137154180903080625e-02,9.965288071725743047e-01,-1.757864212125794662e-02,3.368114457814165519e+00,-7.560346357789097735e-03,1.825377019201361584e-02,9.998048014671301331e-01,5.651911888673217810e-01,0.000000000000000000e+00,0.000000000000000000e+00,0.000000000000000000e+00,1.000000000000000056e-01
9.965021736850462331e-01,-8.294314464129984299e-02,1.019080948650817262e-02,4.562243874016579781e+01,8.310294985487484687e-02,9.964058380539012605e-01,-1.641053373662484938e-02,3.461818147364166265e+00,-8.793040793494015517e-03,1.720001886961632087e-02,9.998134034831143158e-01,5.765201871768198538e-01,0.000000000000000000e+00,0.000000000000000000e+00,0.000000000000000000e+00,1.000000000000000056e-01
9.958578612611376224e-01,-9.050007798873029030e-02,8.766758148055008720e-03,4.653474364098756411e+01,9.062844690581604856e-02,9.957632265557160300e-01,-1.555896046622327368e-02,3.533609205693784450e+00,-7.321528244324092098e-03,1.628903076869683483e-02,9.998405186332388617e-01,5.878224955557075360e-01,0.000000000000000000e+00,0.000000000000000000e+00,0.000000000000000000e+00,1.000000000000000056e-01
9.960805731512185623e-01,-8.836318672061080348e-02,3.929252259445736861e-03,4.748230472479432507e+01,8.841374319537154136e-02,9.959643038883339017e-01,-1.543098812161468325e-02,3.629791829714529072e+00,-2.549863706706770664e-03,1.571790739268406900e-02,9.998732147538867965e-01,5.870355634061872330e-01,0.000000000000000000e+00,0.000000000000000000e+00,0.000000000000000000e+00,1.000000000000000056e-01
9.962399327587364573e-01,-8.660301195325063872e-02,2.432015109592512627e-03,4.843211079994885182e+01,8.663276713688049246e-02,9.960793907093697941e-01,-1.790561538338358849e-02,3.721019281643139998e+00,-8.717999054814138402e-04,1.804898126420857035e-02,9.998367237905642080e-01,5.913765056906304940e-01,0.000000000000000000e+00,0.000000000000000000e+00,0.000000000000000000e+00,1.000000000000000056e-01
9.963973400304415584e-01,-8.470410790162881398e-02,4.189854991513013854e-03,4.940498947642185357e+01,8.476597676326162734e-02,9.962403119635487858e-01,-1.788770533470101370e-02,3.827270624804825161e+00,-2.658940321043900927e-03,1.817841916559645443e-02,9.998312233137195415e-01,6.034568656467699244e-01,0.000000000000000000e+00,0.000000000000000000e+00,0.000000000000000000e+00,1.000000000000000056e-01
9.964864564573310268e-01,-8.356923884786786327e-02,5.560972531835400336e-03,5.042213104661064449e+01,8.365284434097157440e-02,9.963491794478031016e-01,-1.704447850051688321e-02,3.924910769953963374e+00,-4.116276324178929670e-03,1.744978315273327737e-02,9.998392677511448445e-01,6.276867699254540245e-01,0.000000000000000000e+00,0.000000000000000000e+00,0.000000000000000000e+00,1.000000000000000056e-01
9.965933834325486629e-01,-8.229856274624788859e-02,5.345527884775350298e-03,5.136689069611957592e+01,8.238372312454497748e-02,9.964313322961484420e-01,-1.837177679651291057e-02,4.011044657928177770e+00,-3.814480646605036308e-03,1.874957568651825640e-02,9.998169348180556693e-01,6.355994455177380598e-01,0.000000000000000000e+00,0.000000000000000000e+00,0.000000000000000000e+00,1.000000000000000056e-01
9.967062295744222311e-01,-8.097748175386562663e-02,4.397655777972922508e-03,5.232299003976468299e+01,8.104960464649021978e-02,9.965103142002172953e-01,-1.995382868603768484e-02,4.098498354535475841e+00,-2.766498542708821073e-03,2.024453361741062468e-02,9.997912308799405956e-01,6.520426683734605877e-01,0.000000000000000000e+00,0.000000000000000000e+00,0.000000000000000000e+00,1.000000000000000056e-01
9.966687095159028065e-01,-8.146430918281974409e-02,3.879407334994907329e-03,5.330671664805488774e+01,8.153015569989724431e-02,9.964292401228479479e-01,-2.194545829446999108e-02,4.186857875026026576e+00,-2.077783303276598860e-03,2.218864028212993306e-02,9.997516426888104490e-01,6.748469259353564453e-01,0.000000000000000000e+00,0.000000000000000000e+00,0.000000000000000000e+00,1.000000000000000056e-01
9.966533257011283009e-01,-8.161276933622672869e-02,4.637267530837790863e-03,5.426408780726265491e+01,8.170055175565220373e-02,9.963725033712710344e-01,-2.380870362889172739e-02,4.266178492044862658e+00,-2.677351621043838874e-03,2.410789096827547703e-02,9.997057774072124481e-01,6.755128730193951103e-01,0.000000000000000000e+00,0.000000000000000000e+00,0.000000000000000000e+00,1.000000000000000056e-01
9.965706451395649479e-01,-8.225999626260085962e-02,8.957804473658039640e-03,5.521364799311805172e+01,8.247018775349868047e-02,9.962443038510150339e-01,-2.638096238405836583e-02,4.338919364085448649e+00,-6.754063814776506934e-03,2.702924451928534824e-02,9.996118259418015350e-01,6.931799782741409066e-01,0.000000000000000000e+00,0.000000000000000000e+00,0.000000000000000000e+00,1.000000000000000056e-01
9.963516653390539490e-01,-8.430717790879882489e-02,1.325363079114746934e-02,5.616317291609665574e+01,8.462320897877498305e-02,9.960883992651485830e-01,-2.543252546501130126e-02,4.426555352485535444e+00,-1.105764343015660373e-02,2.646130386900870726e-02,9.995886793673303128e-01,7.198581125739386133e-01,0.000000000000000000e+00,0.000000000000000000e+00,0.000000000000000000e+00,1.000000000000000056e-01
9.961935237414807354e-01,-8.603873989776167353e-02,1.399280144707369146e-02,5.712014771289553039e+01,8.633709632414007795e-02,9.960155875368906786e-01,-2.233506619328793491e-02,4.501094639446537649e+00,-1.201536740379056771e-02,2.345814614047129348e-02,9.996526128239771047e-01,7.180214985914787906e-01,0.000000000000000000e+00,0.000000000000000000e+00,0.000000000000000000e+00,1.000000000000000056e-01
9.961835227711121066e-01,-8.682382034697357087e-02,8.945008646933743507e-03,5.801543137386958904e+01,8.700784878182980797e-02,9.959468690232871069e-01,-2.279184795205562233e-02,4.583247729479522192e+00,-6.929878043335078140e-03,2.348314934304689475e-02,9.997002143078876912e-01,7.307643025647150292e-01,0.000000000000000000e+00,0.000000000000000000e+00,0.000000000000000000e+00,1.000000000000000056e-01
9.959960659275599593e-01,-8.931186938756961735e-02,3.902133175767667685e-03,5.894484064010279667e+01,8.937523990220326564e-02,9.957684095397963953e-01,-2.138553377888872259e-02,4.660198268074601913e+00,-1.975638946603077654e-03,2.164866160024869063e-02,9.997636882292088023e-01,7.461286485864750961e-01,0.000000000000000000e+00,0.000000000000000000e+00,0.000000000000000000e+00,1.000000000000000056e-01
9.959940424337831999e-01,-8.941959810547163434e-02,5.395430590933013998e-05,5.989341244607141590e+01,8.940096596412959451e-02,9.957738248141008164e-01,-2.102277573911062736e-02,4.761026925170645185e+00,1.826121872092207905e-03,2.094338295864187766e-02,9.997789955730995715e-01,7.602490062401834336e-01,0.000000000000000000e+00,0.000000000000000000e+00,0.000000000000000000e+00,1.000000000000000056e-01
9.959637797081886124e-01,-8.975592053970728179e-02,-1.556838091913232075e-04,6.079862418766238363e+01,8.973994918828344380e-02,9.958164180733162230e-01,-1.721635894475557343e-02,4.852269503921712968e+00,1.700302638649472606e-03,1.713289887030537695e-02,9.998517753883506831e-01,7.704246028477321762e-01,0.000000000000000000e+00,0.000000000000000000e+00,0.000000000000000000e+00,1.000000000000000056e-01
9.958059012665120280e-01,-9.149100486581593361e-02,5.505844960716841773e-05,6.173882276008365011e+01,9.148027383098969456e-02,9.956795181106263826e-01,-1.592660399451284112e-02,4.944542642384887721e+00,1.402320432985114211e-03,1.586484300691746660e-02,9.998731620829559574e-01,7.897264946597937207e-01,0.000000000000000000e+00,0.000000000000000000e+00,0.000000000000000000e+00,1.000000000000000056e-01
9.956679172371254438e-01,-9.296389251553931199e-02,1.764446951334830167e-03,6.262254226901071519e+01,9.297908267517186742e-02,9.955816746727647049e-01,-1.311561057125737971e-02,5.030997072106154100e+00,-5.373728392591422620e-04,1.322284931974117457e-02,9.999124299088890666e-01,8.126653177516688364e-01,0.000000000000000000e+00,0.000000000000000000e+00,0.000000000000000000e+00,1.000000000000000056e-01
9.955444402307672691e-01,-9.428197878316747771e-02,1.475127905851827482e-03,6.344789858524093518e+01,9.429267920205681996e-02,9.954797396779142549e-01,-1.135687191483913429e-02,5.120782384628525641e+00,-3.977115867909899582e-04,1.144536445563953779e-02,9.999344205786554474e-01,8.297842411978769706e-01,0.000000000000000000e+00,0.000000000000000000e+00,0.000000000000000000e+00,1.000000000000000056e-01
9.953252353852882761e-01,-9.654096890153524013e-02,2.741738275845866189e-03,6.426583329943471767e+01,9.656386961618007581e-02,9.952761215461493061e-01,-1.004295597938917317e-02,5.205468752330736137e+00,-1.759229936592803054e-03,1.026076038154008843e-02,9.999458094849054124e-01,8.431801072616949000e-01,0.000000000000000000e+00,0.000000000000000000e+00,0.000000000000000000e+00,1.000000000000000056e-01
9.953653988759519899e-01,-9.609889558363708673e-02,3.567210131481582912e-03,6.505505111409217989e+01,9.613238667120384273e-02,9.953093718911818488e-01,-1.085442114896669440e-02,5.289188125409951091e+00,-2.507379790753422495e-03,1.114703966020582672e-02,9.999347261463613634e-01,8.590945023204890063e-01,0.000000000000000000e+00,0.000000000000000000e+00,0.000000000000000000e+00,1.000000000000000056e-01
9.952866906536522729e-01,-9.691739817813026237e-02,3.379547023332587705e-03,6.585052487762533246e+01,9.695073914452172203e-02,9.952200581758440245e-01,-1.172987569416394753e-02,5.367918323643145584e+00,-2.226563951937799400e-03,1.200223874330891109e-02,9.999254915633046803e-01,8.729776692981806585e-01,0.000000000000000000e+00,0.000000000000000000e+00,0.000000000000000000e+00,1.000000000000000056e-01
9.953034509859630674e-01,-9.671403039056754303e-02,4.175737185809834211e-03,6.659462185617176999e+01,9.675884458762019913e-02,9.952311559092138493e-01,-1.235606335686383062e-02,5.443577708766720313e+00,-2.960819059203102874e-03,1.270207200508829612e-02,9.999149418411928947e-01,8.910993618910572067e-01,0.000000000000000000e+00,0.000000000000000000e+00,0.000000000000000000e+00,1.000000000000000056e-01
9.953250456413229585e-01,-9.642453041638492095e-02,5.510304263645522671e-03,6.739470991017641666e+01,9.648127371640567718e-02,9.952720420386280686e-01,-1.117703709930837827e-02,5.533411215433253538e+00,-4.406511222985314349e-03,1.165642613492533231e-02,9.999223521797093728e-01,8.944460122561896931e-01,0.000000000000000000e+00,0.000000000000000000e+00,0.000000000000000000e+00,1.000000000000000056e-01
9.950821893896031334e-01,-9.862035030105478772e-02,9.244612814571425211e-03,6.814082886000626615e+01,9.871691149266176302e-02,9.950586165323465071e-01,-1.064523602756674812e-02,5.609086783612923455e+00,-8.149094731568601660e-03,1.150548439788017484e-02,9.999006031020413188e-01,9.039561688860611177e-01,0.000000000000000000e+00,0.000000000000000000e+00,0.000000000000000000e+00,1.000000000000000056e-01
9.949176919006688102e-01,-9.993929063044276750e-02,1.228513456701589741e-02,6.886951647112258001e+01,1.000663740602152629e-01,9.949284337900423658e-01,-1.020452931469140352e-02,5.688344799721407163e+00,-1.120299627273321948e-02,1.138199562366857924e-02,9.998724633922747573e-01,9.184975942495597900e-01,0.000000000000000000e+00,0.000000000000000000e+00,0.000000000000000000e+00,1.000000000000000056e-01
9.948657532241099721e-01,-1.008697112810787305e-01,8.211845584036234907e-03,6.956070262316264063e+01,1.009216772199469786e-01,9.948751801715971510e-01,-6.179882332604772106e-03,5.768544200620721263e+00,-7.546398408318500707e-03,6.976906521075369218e-03,9.999471859285664621e-01,9.330721862314729220e-01,0.000000000000000000e+00,0.000000000000000000e+00,0.000000000000000000e+00,1.000000000000000056e-01
9.948610513800779653e-01,-1.012032163667173912e-01,3.065525070417453053e-03,7.026076396079325548e+01,1.012234408088931448e-01,9.948363518537780559e-01,-7.378892943692481540e-03,5.846259196581512718e+00,-2.302928078443040785e-03,7.651276187496518569e-03,9.999680767379367508e-01,9.360058841854744793e-01,0.000000000000000000e+00,0.000000000000000000e+00,0.000000000000000000e+00,1.000000000000000056e-01
9.949028117118451364e-01,-1.008357268243568333e-01,-7.425925319384134912e-04,7.101298451257740396e+01,1.008254590793185718e-01,9.948658098089099289e-01,-8.731968547039505382e-03,5.925062713837289330e+00,1.619274315693110299e-03,8.612587826287433981e-03,9.999615999035288416e-01,9.641415403898905279e-01,0.000000000000000000e+00,0.000000000000000000e+00,0.000000000000000000e+00,1.000000000000000056e-01
9.947091322451410145e-01,-1.027269903124011091e-01,-9.527273872748142150e-04,7.174320926616051963e+01,1.027167647133351430e-01,9.946811542252058658e-01,-7.659482752611095416e-03,6.006800828078612042e+00,1.734495587761960157e-03,7.521096367421748960e-03,9.999702118735777079e-01,9.746296644175669321e-01,0.000000000000000000e+00,0.000000000000000000e+00,0.000000000000000000e+00,1.000000000000000056e-01
9.945504766690956844e-01,-1.042508161844762637e-01,1.056731822718211256e-03,7.242260857353058157e+01,1.042554530323398232e-01,9.945301679678915097e-01,-6.367536005331092368e-03,6.093917844452484189e+00,-3.871308515051528074e-04,6.443006024220844334e-03,9.999791686845659333e-01,9.856314869300349946e-01,0.000000000000000000e+00,0.000000000000000000e+00,0.000000000000000000e+00,1.000000000000000056e-01
9.944616386170742617e-01,-1.050246693152949579e-01,3.983485189684964067e-03,7.303407584918203099e+01,1.050457976337638294e-01,9.944520196146320323e-01,-5.528208015793037618e-03,6.150810504332147488e+00,-3.380786673222361746e-03,5.916039181114330671e-03,9.999767851114733652e-01,1.001633055328775335e+00,0.000000000000000000e+00,0.000000000000000000e+00,0.000000000000000000e+00,1.000000000000000056e-01
9.943888052237708219e-01,-1.057839491888353106e-01,8.124897878793106275e-04,7.360472974436461868e+01,1.057870245194991038e-01,9.943661265690501017e-01,-6.716530009962732965e-03,6.205652814333351586e+00,-9.741125395127406489e-05,6.764793128968674997e-03,9.999771137805953947e-01,1.011908258379308867e+00,0.000000000000000000e+00,0.000000000000000000e+00,0.000000000000000000e+00,1.000000000000000056e-01
9.945625156015713841e-01,-1.041260432853356316e-01,-1.780356709891817504e-03,7.423843389577196206e+01,1.040991571534748278e-01,9.945012023667018086e-01,-1.143345840594538892e-02,6.262379730268068379e+00,2.961087673507591979e-03,1.118595552131070731e-02,9.999330509383440591e-01,1.030974395241439412e+00,0.000000000000000000e+00,0.000000000000000000e+00,0.000000000000000000e+00,1.000000000000000056e-01
9.946306151589061617e-01,-1.033867375690700752e-01,-4.595855028198557457e-03,7.485502030061657308e+01,1.033026537663581101e-01,9.945243585137598652e-01,-1.580702526164705357e-02,6.316180797793083279e+00,6.204926546214973790e-03,1.524738723908600560e-02,9.998644988541884882e-01,1.052513136671328065e+00,0.000000000000000000e+00,0.000000000000000000e+00,0.000000000000000000e+00,1.000000000000000056e-01
9.951787227989579154e-01,-9.794800189312932726e-02,-5.049615171320283834e-03,7.544027421872281991e+01,9.786719675780519712e-02,9.950963479498824427e-01,-1.432725010515091893e-02,6.369800886220311043e+00,6.428179135955793509e-03,1.376398277934252554e-02,9.998846089879801502e-01,1.065768097867689335e+00,0.000000000000000000e+00,0.000000000000000000e+00,0.000000000000000000e+00,1.000000000000000056e-01
9.955503205690772184e-01,-9.413393504194475514e-02,-4.285030726431159585e-03,7.599925377181504871e+01,9.408343411990127692e-02,9.955061411657413206e-01,-1.076244979088354474e-02,6.447196351507688661e+00,5.278886152753340354e-03,1.031140993337077184e-02,9.999329018420046733e-01,1.069211858557455486e+00,0.000000000000000000e+00,0.000000000000000000e+00,0.000000000000000000e+00,1.000000000000000056e-01
9.961745404077662069e-01,-8.737649343831001281e-02,-1.278060170986762209e-03,7.654674668450266495e+01,8.734899017053927850e-02,9.960726526415946136e-01,-1.447150910320860184e-02,6.485392458023151896e+00,2.537510504949303924e-03,1.430451166458275233e-02,9.998944654244642516e-01,1.086888876764749545e+00,0.000000000000000000e+00,0.000000000000000000e+00,0.000000000000000000e+00,1.000000000000000056e-01
9.968240738463746142e-01,-7.961533139525660274e-02,1.778990483643493568e-03,7.710102509118570424e+01,7.963395339082189606e-02,9.966848795839906572e-01,-1.666386137707425580e-02,6.510038597123717352e+00,-4.463940701108969284e-04,1.675260622916360104e-02,9.998595655975216490e-01,1.101564508485477045e+00,0.000000000000000000e+00,0.000000000000000000e+00,0.000000000000000000e+00,1.000000000000000056e-01
9.974483490355542381e-01,-7.132711771446405280e-02,3.038632059675199990e-03,7.763028779248382705e+01,7.137277188395703409e-02,9.972616333997434968e-01,-1.936909864903801209e-02,6.541632544154235340e+00,-1.648769191769515865e-03,1.953655106262422447e-02,9.998077838928489669e-01,1.115760202006282009e+00,0.000000000000000000e+00,0.000000000000000000e+00,0.000000000000000000e+00,1.000000000000000056e-01
9.982509570129568521e-01,-5.900118753848158232e-02,3.726485175706516044e-03,7.810820603373662152e+01,5.905416697666816123e-02,9.981230381053953771e-01,-1.621746484341337474e-02,6.573133855509792234e+00,-2.762641020405941401e-03,1.640916427806363154e-02,9.998615439861100462e-01,1.127294332429514601e+00,0.000000000000000000e+00,0.000000000000000000e+00,0.000000000000000000e+00,1.000000000000000056e-01
9.989981980552224972e-01,-4.464253582067503889e-02,3.105523775175235424e-03,7.859261623749418391e+01,4.467759862353473665e-02,9.989254219203175245e-01,-1.232532443994358712e-02,6.603434362289739568e+00,-2.551952909588877001e-03,1.245172425069276251e-02,9.999192177868829745e-01,1.132675553830737147e+00,0.000000000000000000e+00,0.000000000000000000e+00,0.000000000000000000e+00,1.000000000000000056e-01
9.996305135421230670e-01,-2.709161169193244345e-02,2.209292068723098246e-03,7.905702740268031903e+01,2.710690768483417501e-02,9.996064993643766217e-01,-7.215399106247657318e-03,6.615013000969011792e+00,-2.012945920101000090e-03,7.272620190145434593e-03,9.999715281168222170e-01,1.132345745652283409e+00,0.000000000000000000e+00,0.000000000000000000e+00,0.000000000000000000e+00,1.000000000000000056e-01
9.999814957804570303e-01,-4.867837617403944668e-03,3.648596115007946353e-03,7.953898879800158284e+01,4.893483487689967958e-03,9.999631516152807098e-01,-7.053313476012938558e-03,6.633188435847061193e+00,-3.614127285468737155e-03,7.071037304793913701e-03,9.999684687605897571e-01,1.147013860986730194e+00,0.000000000000000000e+00,0.000000000000000000e+00,0.000000000000000000e+00,1.000000000000000056e-01
9.997872038320485544e-01,2.008791564133871610e-02,4.692834844776813501e-03,8.001777978239921651e+01,-2.004336374621675659e-02,9.997553420343756603e-01,-9.355193395402656292e-03,6.618679057514598618e+00,-4.879613041085937263e-03,9.259142450302886712e-03,9.999452273288044202e-01,1.161199117156531679e+00,0.000000000000000000e+00,0.000000000000000000e+00,0.000000000000000000e+00,1.000000000000000056e-01
9.987941769430093153e-01,4.870896040149123862e-02,6.134271052263438537e-03,8.049065218872699745e+01,-4.863993137239330800e-02,9.987564637327819295e-01,-1.093998300168068719e-02,6.610788752622444697e+00,-6.659518062558855353e-03,1.062842079493242151e-02,9.999213406516436198e-01,1.167783429306886278e+00,0.000000000000000000e+00,0.000000000000000000e+00,0.000000000000000000e+00,1.000000000000000056e-01
9.967181626689237683e-01,8.042527373047710093e-02,9.202149274087396622e-03,8.099140682531836433e+01,-8.032093747778727699e-02,9.967061710301577948e-01,-1.119623298663986397e-02,6.567505805075875003e+00,-1.007229907092430272e-02,1.042036351475164255e-02,9.998949768928966364e-01,1.173460393890038977e+00,0.000000000000000000e+00,0.000000000000000000e+00,0.000000000000000000e+00,1.000000000000000056e-01
