1.000000000000000000e+00,-1.648506643566247655e-12,8.171510760734379165e-13,1.394586661963774900e-19,1.648506643566435467e-12,1.000000000000000000e+00,-2.299229027269913283e-13,3.667135848205872059e-19,-8.171510760730588594e-13,2.299229027283384251e-13,1.000000000000000000e+00,-2.537685802467832536e-19,0.000000000000000000e+00,0.000000000000000000e+00,0.000000000000000000e+00,1.000000000000000056e-01
9.999990314943337788e-01,-6.297693347333059273e-04,-1.241128913313819518e-03,6.468619708316382111e-01,6.264511044942953607e-04,9.999962336175329813e-01,-2.672135805312423912e-03,-4.490996611804334328e-03,1.242807067936069600e-03,2.671355710755190637e-03,9.999956596352098659e-01,-3.715019370710339339e-04,0.000000000000000000e+00,0.000000000000000000e+00,0.000000000000000000e+00,1.000000000000000056e-01
9.999803634594880419e-01,-5.427753286161136025e-03,-3.132441491048469813e-03,1.307175513907136377e+00,5.419000630879124321e-03,9.999814083704657852e-01,-2.795951641607302522e-03,5.313903181068063350e-03,3.147558989567412341e-03,2.778922036373438625e-03,9.999911851935110452e-01,4.362855122191735581e-03,0.000000000000000000e+00,0.000000000000000000e+00,0.000000000000000000e+00,1.000000000000000056e-01
9.999363040219959586e-01,-9.950859441977651793e-03,-5.326189556945701634e-03,2.004906943114747264e+00,9.935558865570841280e-03,9.999464605207495360e-01,-2.891498236871650925e-03,1.418564302144839639e-02,5.354677288062268878e-03,2.838395390191333738e-03,9.999816353027437543e-01,8.817792840406535673e-03,0.000000000000000000e+00,0.000000000000000000e+00,0.000000000000000000e+00,1.000000000000000056e-01
9.998571193642484811e-01,-1.609873476168661305e-02,-5.154764368991790295e-03,2.702843749471304680e+00,1.609131337115748267e-02,9.998694340971330252e-01,-1.477968967957365813e-03,2.265752577131731338e-02,5.177884762929035704e-03,1.394810865995679480e-03,9.999856219026501680e-01,1.665118035854177420e-02,0.000000000000000000e+00,0.000000000000000000e+00,0.000000000000000000e+00,1.000000000000000056e-01
9.997518623516135072e-01,-2.135159787875189411e-02,-6.350038779772010540e-03,3.410883663045714442e+00,2.134206642016099262e-02,9.997710072550557436e-01,-1.565008986806050613e-03,3.076407721792885283e-02,6.382000109524243493e-03,1.429097699747868423e-03,9.999786136484952737e-01,3.034572807851186604e-02,0.000000000000000000e+00,0.000000000000000000e+00,0.000000000000000000e+00,1.000000000000000056e-01
9.996523472080708350e-01,-2.533142957483568158e-02,-7.314601635758756840e-03,4.129948565967962004e+00,2.532887435438958140e-02,9.996790749843651458e-01,-4.417718230440928766e-04,5.368030847540589817e-02,7.323444908938025674e-03,2.563476140518699295e-04,9.999731503598316973e-01,4.089887586093184091e-02,0.000000000000000000e+00,0.000000000000000000e+00,0.000000000000000000e+00,1.000000000000000056e-01
9.994981457290602611e-01,-3.008003335469722553e-02,-9.932183926537340585e-03,4.893414294936241582e+00,3.009459231554672057e-02,9.995461840903704376e-01,1.319614996987635448e-03,8.576028919597987465e-02,9.887982480329363111e-03,-1.617857768637568413e-03,9.999498039095308100e-01,5.569284905272795655e-02,0.000000000000000000e+00,0.000000000000000000e+00,0.000000000000000000e+00,1.000000000000000056e-01
9.993435079940541366e-01,-3.476759280286218640e-02,-1.018663442124766519e-02,5.655656481522726153e+00,3.478814022052701543e-02,9.993930030143789445e-01,1.846842142260721447e-03,1.260877977247821524e-01,1.011624090928705741e-02,-2.200003771779694261e-03,9.999464093906580420e-01,6.016917327290017409e-02,0.000000000000000000e+00,0.000000000000000000e+00,0.000000000000000000e+00,1.000000000000000056e-01
9.992105161023049353e-01,-3.889192747122483668e-02,-8.109407385149874567e-03,6.438747506242463281e+00,3.890867189642408658e-02,9.992409314836487866e-01,1.917315557289493363e-03,1.623273806730063107e-01,8.028683691723987118e-03,-2.231328138753448272e-03,9.999652801037220984e-01,7.107742035083078336e-02,0.000000000000000000e+00,0.000000000000000000e+00,0.000000000000000000e+00,1.000000000000000056e-01
9.991040160818869253e-01,-4.180768151973756480e-02,-6.578967623337668609e-03,7.236618366387574497e+00,4.181742138360097089e-02,9.991243571905912280e-01,1.349865665251538107e-03,2.025359041683015282e-01,6.516772043817695668e-03,-1.623771668698038547e-03,9.999774472695356353e-01,8.612635395194753740e-02,0.000000000000000000e+00,0.000000000000000000e+00,0.000000000000000000e+00,1.000000000000000056e-01
9.991214480172785350e-01,-4.145156022061927820e-02,-6.172541383665560398e-03,8.032327349898395141e+00,4.146388582351994562e-02,9.991382300658478988e-01,1.882390315217603166e-03,2.422142726807069157e-01,6.089194057573855436e-03,-2.136674088647173668e-03,9.999791779530052827e-01,1.003808447482208710e-01,0.000000000000000000e+00,0.000000000000000000e+00,0.000000000000000000e+00,1.000000000000000056e-01
9.990405366617128857e-01,-4.333068749861446189e-02,-6.360631067293922442e-03,8.867529775627373212e+00,4.333093254099457114e-02,9.990607691308078797e-01,-9.934226935337499775e-05,2.887177417750763087e-01,6.358961535076730967e-03,-1.763651216070790577e-04,9.999797660470631788e-01,1.153788904835559154e-01,0.000000000000000000e+00,0.000000000000000000e+00,0.000000000000000000e+00,1.000000000000000056e-01
9.989015812520901649e-01,-4.644604939930735421e-02,-6.196407610144276379e-03,9.642559965772059982e+00,4.644449441364820186e-02,9.989207942376622240e-01,-3.946875455285083368e-04,3.524453478281965868e-01,6.208052088582523623e-03,1.064649946949002750e-04,9.999807241914567824e-01,1.317961579178226761e-01,0.000000000000000000e+00,0.000000000000000000e+00,0.000000000000000000e+00,1.000000000000000056e-01
9.988334469269143367e-01,-4.803285137891756540e-02,-4.958879763589285790e-03,1.042539447683350673e+01,4.803371725181539154e-02,9.988457132693074891e-01,5.559227550309735145e-05,3.588516825323865289e-01,4.950485538972018186e-03,-2.937208526132663116e-04,9.999877031348881617e-01,1.384903426005198446e-01,0.000000000000000000e+00,0.000000000000000000e+00,0.000000000000000000e+00,1.000000000000000056e-01
9.987795099944877242e-01,-4.900668793098493514e-02,-6.151012372455617536e-03,1.122785123422112896e+01,4.899850055749387090e-02,9.987977631724823668e-01,-1.474864320207037527e-03,4.108010866485745094e-01,6.215895614335865960e-03,1.171673879883819913e-03,9.999799947109095921e-01,1.643611168260005473e-01,0.000000000000000000e+00,0.000000000000000000e+00,0.000000000000000000e+00,1.000000000000000056e-01
9.986541216082243100e-01,-5.137390444711620319e-02,-7.118099238169228390e-03,1.209555359069207725e+01,5.136888674174348857e-02,9.986793541109415528e-01,-8.860854736622635975e-04,4.616634828982876249e-01,7.154220420128332494e-03,5.192440767879895726e-04,9.999742734269562172e-01,1.757074641854222685e-01,0.000000000000000000e+00,0.000000000000000000e+00,0.000000000000000000e+00,1.000000000000000056e-01
9.985037868661907901e-01,-5.418070861315926051e-02,-7.391781115039846618e-03,1.299373232496762220e+01,5.418270599897328371e-02,9.985310358016643573e-01,7.008198134548604234e-05,5.327041728445365276e-01,7.377125761809607586e-03,-4.704838267295204015e-04,9.999726779569846347e-01,1.965334512557563862e-01,0.000000000000000000e+00,0.000000000000000000e+00,0.000000000000000000e+00,1.000000000000000056e-01
9.986595428979937461e-01,-5.093689822635089071e-02,-9.195095314815042442e-03,1.388363647644367660e+01,5.096954838380186870e-02,9.986945827007061016e-01,3.351957907521633823e-03,5.833789717437409816e-01,9.012353539527985513e-03,-3.816134607281005970e-03,9.999521061532585797e-01,2.088462327054732282e-01,0.000000000000000000e+00,0.000000000000000000e+00,0.000000000000000000e+00,1.000000000000000056e-01
9.978921164337570815e-01,-6.417121026838586151e-02,-9.663318894025822725e-03,1.481592830946821238e+01,6.423320615107962206e-02,9.979153576979806761e-01,6.247727431968042727e-03,7.114966478093690538e-01,9.242250099945049230e-03,-6.855263904611415618e-03,9.999337908931211771e-01,2.281330724859750303e-01,0.000000000000000000e+00,0.000000000000000000e+00,0.000000000000000000e+00,1.000000000000000056e-01
9.976595339639717785e-01,-6.768513299381900827e-02,-9.704486714898461625e-03,1.577732282838994138e+01,6.772353648955622973e-02,9.976973224801592988e-01,3.684470283328213774e-03,7.741056943309063687e-01,9.432756550359629871e-03,-4.333069065918168650e-03,9.999461223567656099e-01,2.344217954996714037e-01,0.000000000000000000e+00,0.000000000000000000e+00,0.000000000000000000e+00,1.000000000000000056e-01
9.975619722000211853e-01,-6.942263233393282384e-02,-7.114052307348273617e-03,1.670257387941757443e+01,6.944595070647581470e-02,9.975809465616273242e-01,3.084637366282831205e-03,8.583545936411487443e-01,6.882699388890456231e-03,-3.571159060490378730e-03,9.999699371841569429e-01,2.526129935593618980e-01,0.000000000000000000e+00,0.000000000000000000e+00,0.000000000000000000e+00,1.000000000000000056e-01
9.973692399693174782e-01,-7.217695240962769543e-02,-6.714663348547748010e-03,1.758206583938816081e+01,7.220566294928799922e-02,9.973811883115004662e-01,4.136114165870504594e-03,9.376576964130424185e-01,6.398546794375409817e-03,-4.610069760603768829e-03,9.999689024443323415e-01,2.722196263475873401e-01,0.000000000000000000e+00,0.000000000000000000e+00,0.000000000000000000e+00,1.000000000000000056e-01
9.972928235842901667e-01,-7.321904679872225097e-02,-6.781977083441497432e-03,1.849137004444884269e+01,7.325582692539207852e-02,9.972988685778533258e-01,5.343271919957740326e-03,1.007307320227470271e+00,6.372428795271451417e-03,-5.825626079669871810e-03,9.999627264213547528e-01,2.859608691497887989e-01,0.000000000000000000e+00,0.000000000000000000e+00,0.000000000000000000e+00,1.000000000000000056e-01
9.973344424981870349e-01,-7.259155623607597974e-02,-7.380770288737473206e-03,1.940822276584572492e+01,7.262447701089209950e-02,9.973501109857177971e-01,4.294351600736706978e-03,1.078434141457552897e+00,7.049478400910046128e-03,-4.818929341769031052e-03,9.999635407224976014e-01,3.067861473576207754e-01,0.000000000000000000e+00,0.000000000000000000e+00,0.000000000000000000e+00,1.000000000000000056e-01
9.972779608798045814e-01,-7.349698089491280006e-02,-5.904451096567789152e-03,2.033540486826167992e+01,7.349563588550933613e-02,9.972954395300799302e-01,-4.447451960632735520e-04,1.131057592198948081e+00,5.921169580713601770e-03,9.583194343927797874e-06,9.999824696758232712e-01,3.255370854727263619e-01,0.000000000000000000e+00,0.000000000000000000e+00,0.000000000000000000e+00,1.000000000000000056e-01
9.974153318971542559e-01,-7.181862323617128896e-02,-2.177395910353186002e-03,2.125116635011514532e+01,7.181797498973073457e-02,9.974176849117066812e-01,-3.745580674570904650e-04,1.211838941408704295e+00,2.198673432767462004e-03,2.172137941349835304e-04,9.999975593236734017e-01,3.307778433324291556e-01,0.000000000000000000e+00,0.000000000000000000e+00,0.000000000000000000e+00,1.000000000000000056e-01
9.973982727382493252e-01,-7.208775893000717028e-02,-2.013733002155190549e-04,2.221317068006664641e+01,7.208740668373463112e-02,9.973973272453052763e-01,-1.406201100574618881e-03,1.293229422112969873e+00,3.022190773588590658e-04,1.388026069847868261e-03,9.999989910231202872e-01,3.488357531988992011e-01,0.000000000000000000e+00,0.000000000000000000e+00,0.000000000000000000e+00,1.000000000000000056e-01
9.975444077423492040e-01,-7.002792430313251049e-02,1.115526674069450361e-03,2.318525637510294501e+01,7.003032206386114455e-02,9.975422598290258902e-01,-2.279001279539543106e-03,1.359501782983159934e+00,-9.531912702604593453e-04,2.351525673898240739e-03,9.999967808715222173e-01,3.630092721541033352e-01,0.000000000000000000e+00,0.000000000000000000e+00,0.000000000000000000e+00,1.000000000000000056e-01
9.978437450139137077e-01,-6.559386924494964299e-02,2.303226885066823014e-03,2.411530907625683895e+01,6.560248572654767130e-02,9.978382571550366009e-01,-3.889270406803460936e-03,1.423245557852925280e+00,-2.043135606305584474e-03,4.031981556949150447e-03,9.999897843086291704e-01,3.692165590407158748e-01,0.000000000000000000e+00,0.000000000000000000e+00,0.000000000000000000e+00,1.000000000000000056e-01
9.979646459841184924e-01,-6.376844355848904078e-02,-3.885510531988621997e-04,2.507207586771332686e+01,6.376565746534809676e-02,9.979519824791905913e-01,-5.077557864286846856e-03,1.492300308082018301e+00,7.115432559179199132e-04,5.042447023130820424e-03,9.999870336330436427e-01,3.805582814276056713e-01,0.000000000000000000e+00,0.000000000000000000e+00,0.000000000000000000e+00,1.000000000000000056e-01
9.980426608792588583e-01,-6.230092852105218598e-02,-5.425990274922305734e-03,2.602740866546538712e+01,6.228141294491882501e-02,9.980517904848811295e-01,-3.694470396065529811e-03,1.564932255244640302e+00,5.645588245108182010e-03,3.349300723681340481e-03,9.999784545269108094e-01,3.892593067432330578e-01,0.000000000000000000e+00,0.000000000000000000e+00,0.000000000000000000e+00,1.000000000000000056e-01
9.981058135626756922e-01,-6.088966699638718311e-02,-8.788252696549446463e-03,2.698242124838609968e+01,6.084887162797384536e-02,9.981352689495516239e-01,-4.837323703106017128e-03,1.630851330351298145e+00,9.066407998302859067e-03,4.293405649988113817e-03,9.999496821910255351e-01,4.089119326848706382e-01,0.000000000000000000e+00,0.000000000000000000e+00,0.000000000000000000e+00,1.000000000000000056e-01
9.981587278677622743e-01,-6.020386121954159064e-02,-7.392501313401768186e-03,2.795313668831550658e+01,6.014546310152385500e-02,9.981584937170520089e-01,-7.883190268486300889e-03,1.684995878332039565e+00,7.853486468677627758e-03,7.424049754958637545e-03,9.999416014125636076e-01,4.328059486894831331e-01,0.000000000000000000e+00,0.000000000000000000e+00,0.000000000000000000e+00,1.000000000000000056e-01
9.982173429308919266e-01,-5.953080698188240039e-02,-4.268406268862597747e-03,2.896360914526377428e+01,5.948073070460241363e-02,9.981685145132641601e-01,-1.102992788871019064e-02,1.732487239919689337e+00,4.917209252896570515e-03,1.075637738597157514e-02,9.999300582534229598e-01,4.495043590858473492e-01,0.000000000000000000e+00,0.000000000000000000e+00,0.000000000000000000e+00,1.000000000000000056e-01
9.982299951631276036e-01,-5.945917620328435710e-02,-1.217834902167336383e-03,2.992152109556723261e+01,5.943172537118970172e-02,9.981009256852676481e-01,-1.619914089127599127e-02,1.780100884575238185e+00,2.178709715781253740e-03,1.609809030409219827e-02,9.998680436500286817e-01,4.575073184256890357e-01,0.000000000000000000e+00,0.000000000000000000e+00,0.000000000000000000e+00,1.000000000000000056e-01
9.982663731876484370e-01,-5.882152779139511456e-02,-2.067856635418593037e-03,3.085096377941023249e+01,5.876000036522147085e-02,9.980164397897928197e-01,-2.259310218597936765e-02,1.825493935869924256e+00,3.392715705402578937e-03,2.243242692160313245e-02,9.997426047251108949e-01,4.783298077632113787e-01,0.000000000000000000e+00,0.000000000000000000e+00,0.000000000000000000e+00,1.000000000000000056e-01
9.982821828198215064e-01,-5.837110384364296162e-02,-5.049524786271152900e-03,3.180005863408904432e+01,5.822528391745836890e-02,9.979814965212593370e-01,-2.535249324857543826e-02,1.863952252559860190e+00,6.519185319031930471e-03,2.501493228578379260e-02,9.996658208549064062e-01,4.922861060941975397e-01,0.000000000000000000e+00,0.000000000000000000e+00,0.000000000000000000e+00,1.000000000000000056e-01
9.982867581281311686e-01,-5.793940617517792657e-02,-8.159274360747193616e-03,3.278827106376783007e+01,5.770806060997628328e-02,9.979897524174353718e-01,-2.619606478884670825e-02,1.936510622456547592e+00,9.660656637180284334e-03,2.568032869442884308e-02,9.996235253491609907e-01,5.071064383699105393e-01,0.000000000000000000e+00,0.000000000000000000e+00,0.000000000000000000e+00,1.000000000000000056e-01
9.982133665571867320e-01,-5.897139029575436397e-02,-9.615089867153578385e-03,3.376157149628301113e+01,5.869688791622296176e-02,9.979189330200786134e-01,-2.669229231479045353e-02,2.000620708308638029e+00,1.116916180910594233e-02,2.608022712043877797e-02,9.995974547675821054e-01,5.234412975313463834e-01,0.000000000000000000e+00,0.000000000000000000e+00,0.000000000000000000e+00,1.000000000000000056e-01
9.982073981202378432e-01,-5.922126793180000626e-02,-8.650535392390473408e-03,3.472999596960723778e+01,5.895862669694773572e-02,9.978681125870720869e-01,-2.798410655933745994e-02,2.071405227357779211e+00,1.028934769725491603e-02,2.742391851038704365e-02,9.995709369612046924e-01,5.504101264403923333e-01,0.000000000000000000e+00,0.000000000000000000e+00,0.000000000000000000e+00,1.000000000000000056e-01
9.981751519700970965e-01,-5.973717437756068116e-02,-8.822470564330537821e-03,3.571423249571039804e+01,5.949301598820377901e-02,9.978968179917724335e-01,-2.573949670297957446e-02,2.136468936059206847e+00,1.034152010590805824e-02,2.516765065079127825e-02,9.996297526197480687e-01,5.614261062519005918e-01,0.000000000000000000e+00,0.000000000000000000e+00,0.000000000000000000e+00,1.000000000000000056e-01
9.982717367877809167e-01,-5.817433702545776741e-02,-8.323823782125674281e-03,3.670131651324636124e+01,5.795601446437277648e-02,9.980202784471878807e-01,-2.442589191007934687e-02,2.205150312267482260e+00,9.728304996906748242e-03,2.390126188814975169e-02,9.996669894330018069e-01,5.866540129717231489e-01,0.000000000000000000e+00,0.000000000000000000e+00,0.000000000000000000e+00,1.000000000000000056e-01
9.982196508976737270e-01,-5.927631136572037579e-02,-6.621742414247434004e-03,3.771244128635242987e+01,5.909765030539091551e-02,9.979508540872108480e-01,-2.452673143711083664e-02,2.269717807906578955e+00,8.062027667293320682e-03,2.409173587520421073e-02,9.996772439004556476e-01,6.048152814988232429e-01,0.000000000000000000e+00,0.000000000000000000e+00,0.000000000000000000e+00,1.000000000000000056e-01
9.983528571321285128e-01,-5.719570149082981586e-02,-4.497153220380934249e-03,3.870641847370266220e+01,5.707016511971473721e-02,9.980738939550479749e-01,-2.432074132538254718e-02,2.331237785394634443e+00,5.879533087260351010e-03,2.402402831291130386e-02,9.996940917872307875e-01,6.365095180693656207e-01,0.000000000000000000e+00,0.000000000000000000e+00,0.000000000000000000e+00,1.000000000000000056e-01
9.983812310271420465e-01,-5.679458089402952825e-02,-3.048460890333286929e-03,3.972086662190688600e+01,5.672253124575507566e-02,9.981892440938021638e-01,-2.001967593439349033e-02,2.394842077389609969e+00,4.179949976099469992e-03,1.981435228604083373e-02,9.997949387057737392e-01,6.550221148414239192e-01,0.000000000000000000e+00,0.000000000000000000e+00,0.000000000000000000e+00,1.000000000000000056e-01
9.982814916748825596e-01,-5.854128969507067098e-02,-2.642116615374019879e-03,4.073003654996537648e+01,5.846623530299294852e-02,9.980295426336144304e-01,-2.277567474375618434e-02,2.464404915491882786e+00,3.970227810401342171e-03,2.258205994536646721e-02,9.997371093741380665e-01,6.742457542752867683e-01,0.000000000000000000e+00,0.000000000000000000e+00,0.000000000000000000e+00,1.000000000000000056e-01
9.983376866470425881e-01,-5.741247730892595075e-02,-5.066642821782263439e-03,4.174547776550994627e+01,5.728948074665384665e-02,9.981202029068781956e-01,-2.177098860665591107e-02,2.527782767998764779e+00,6.307044950706507808e-03,2.144453306519931296e-02,9.997501453791368675e-01,7.099396592336706391e-01,0.000000000000000000e+00,0.000000000000000000e+00,0.000000000000000000e+00,1.000000000000000056e-01
9.983906424450369466e-01,-5.628405822383836243e-02,-6.944772713477903592e-03,4.277729131801773832e+01,5.615282847509663056e-02,9.982629507616537223e-01,-1.783089988986817642e-02,2.603696458723500751e+00,7.936304708910241201e-03,1.741223496544017091e-02,9.998168978073312951e-01,7.361959305589893532e-01,0.000000000000000000e+00,0.000000000000000000e+00,0.000000000000000000e+00,1.000000000000000056e-01
9.984110193606221539e-01,-5.587164470725252546e-02,-7.334557722852493369e-03,4.383679606910095572e+01,5.571994485717917528e-02,9.982565225760807737e-01,-1.947313224480684210e-02,2.670490771036522659e+00,8.409766013167457518e-03,1.903350866281265999e-02,9.997834772507426804e-01,7.618944335702440007e-01,0.000000000000000000e+00,0.000000000000000000e+00,0.000000000000000000e+00,1.000000000000000056e-01
9.983884995028976528e-01,-5.631740261039726997e-02,-6.982422471527390331e-03,4.484251936898862567e+01,5.615013049870015011e-02,9.981755050462639556e-01,-2.219963897487364085e-02,2.730056079133414748e+00,8.219909082916660586e-03,2.177180031265681798e-02,9.997291742296082750e-01,7.949691541356993518e-01,0.000000000000000000e+00,0.000000000000000000e+00,0.000000000000000000e+00,1.000000000000000056e-01
9.985034920381329338e-01,-5.439806431483101834e-02,-5.623787554098888183e-03,4.582438659869704622e+01,5.425748256694902516e-02,9.982690815423445052e-01,-2.269287161425681196e-02,2.790586785822864346e+00,6.848501525980110055e-03,2.235377899603170279e-02,9.997266659399683952e-01,8.157058650662881716e-01,0.000000000000000000e+00,0.000000000000000000e+00,0.000000000000000000e+00,1.000000000000000056e-01
9.983264021098204877e-01,-5.726773530637561255e-02,-8.049928157434809578e-03,4.673784445608779237e+01,5.709571524419410765e-02,9.981646810390185642e-01,-2.018288450713269858e-02,2.846951414199401231e+00,9.190982059326554404e-03,1.968949006839071023e-02,9.997638970425126725e-01,8.401972590933309837e-01,0.000000000000000000e+00,0.000000000000000000e+00,0.000000000000000000e+00,1.000000000000000056e-01
9.984164206498356009e-01,-5.480878726382819310e-02,-1.267469192678871703e-02,4.769211500333656062e+01,5.456660786438201349e-02,9.983345776421475026e-01,-1.872315118375435586e-02,2.904577140135511826e+00,1.367977642161383525e-02,1.800188664399882468e-02,9.997443652225859179e-01,8.561190330037001806e-01,0.000000000000000000e+00,0.000000000000000000e+00,0.000000000000000000e+00,1.000000000000000056e-01
9.985153804665939381e-01,-5.314858753350762410e-02,-1.192738927201962736e-02,4.865430197718144001e+01,5.289816241629612115e-02,9.983912806504902093e-01,-2.041164212044970297e-02,2.964214032480878558e+00,1.299305139804994395e-02,1.975040162293510357e-02,9.997205120687983060e-01,8.823849700824436537e-01,0.000000000000000000e+00,0.000000000000000000e+00,0.000000000000000000e+00,1.000000000000000056e-01
9.987184062119858208e-01,-4.847269081712347188e-02,-1.455827387908794311e-02,4.961873125352501290e+01,4.817656022640010721e-02,9.986376579589540947e-01,-2.004612558593483335e-02,3.030373804329347553e+00,1.551013017814564972e-02,1.931906703758183574e-02,9.996930576485236752e-01,9.030775083769657652e-01,0.000000000000000000e+00,0.000000000000000000e+00,0.000000000000000000e+00,1.000000000000000056e-01
9.988051128281797419e-01,-4.750776366173808940e-02,-1.146119453406394852e-02,5.062749586241702104e+01,4.723070415338662120e-02,9.986112584852522289e-01,-2.334127270900164530e-02,3.092135733218712712e+00,1.255416956482932091e-02,2.277206223338491126e-02,9.996618558333494331e-01,9.413476035528277608e-01,0.000000000000000000e+00,0.000000000000000000e+00,0.000000000000000000e+00,1.000000000000000056e-01
9.989159631682924534e-01,-4.542510514697802038e-02,-1.017144778036363148e-02,5.157914097324345448e+01,4.518369678407570256e-02,9.987179320187044018e-01,-2.282379918434176980e-02,3.143350588993320649e+00,1.119518077064324268e-02,2.233947373302343220e-02,9.996877591732551416e-01,9.661407264096921743e-01,0.000000000000000000e+00,0.000000000000000000e+00,0.000000000000000000e+00,1.000000000000000056e-01
9.989557557528335741e-01,-4.453092985882602800e-02,-1.021735455944529532e-02,5.253755803744297737e+01,4.424263303082270199e-02,9.986587884831874540e-01,-2.689263110579073746e-02,3.181985087657012823e+00,1.140120479533006208e-02,2.641250596214800295e-02,9.995861103766970901e-01,9.920538681984333307e-01,0.000000000000000000e+00,0.000000000000000000e+00,0.000000000000000000e+00,1.000000000000000056e-01
9.989140432139310688e-01,-4.511690999921597056e-02,-1.162749767229918733e-02,5.352174290432596138e+01,4.475268788683881005e-02,9.985510864292685973e-01,-2.988184595754626860e-02,3.237102188898944188e+00,1.295882698780519669e-02,2.932903378991505439e-02,9.994858060923377252e-01,1.033597811885944795e+00,0.000000000000000000e+00,0.000000000000000000e+00,0.000000000000000000e+00,1.000000000000000056e-01
9.989254641091561693e-01,-4.478055377168998347e-02,-1.194232633149125422e-02,5.448300718146259669e+01,4.441910614746027303e-02,9.985924227224309835e-01,-2.898475962305692780e-02,3.276732548950341606e+00,1.322347017116554113e-02,2.842314699758835203e-02,9.995085114952176886e-01,1.052449949875381652e+00,0.000000000000000000e+00,0.000000000000000000e+00,0.000000000000000000e+00,1.000000000000000056e-01
9.988971265987136583e-01,-4.636971945864195449e-02,-7.374251837326293441e-03,5.542510718103365264e+01,4.611511526935094946e-02,9.984364681241695294e-01,-3.159137957463507146e-02,3.320041592324016300e+00,8.827605367705531475e-03,3.121647380888873877e-02,9.994736640584438447e-01,1.085320106103061510e+00,0.000000000000000000e+00,0.000000000000000000e+00,0.000000000000000000e+00,1.000000000000000056e-01
9.987720853899862972e-01,-4.950753079573804588e-02,-1.823688637643224204e-03,5.636661608547708369e+01,4.942512480110371892e-02,9.982758899213241000e-01,-3.166077447226810226e-02,3.366206971344190002e+00,3.387991164885426412e-03,3.153176170621538321e-02,9.994970082594389904e-01,1.122242401870443329e+00,0.000000000000000000e+00,0.000000000000000000e+00,0.000000000000000000e+00,1.000000000000000056e-01
9.987777447296366518e-01,-4.939843389746718938e-02,-1.676711441571433064e-03,5.732363807877951700e+01,4.933011654478464125e-02,9.983703281044332689e-01,-2.869194246342135490e-02,3.427870359213572637e+00,3.091315975227380483e-03,2.857416121470378323e-02,9.995868952104250971e-01,1.134297433090978080e+00,0.000000000000000000e+00,0.000000000000000000e+00,0.000000000000000000e+00,1.000000000000000056e-01
9.987075588570378804e-01,-5.060123933855253248e-02,-4.767227623968410544e-03,5.822727390792692859e+01,5.044617863586259993e-02,9.983228727565660598e-01,-2.840114068335908987e-02,3.481448312235849940e+00,6.196365293851155767e-03,2.812394546431633280e-02,9.995852383607239933e-01,1.152240365368468522e+00,0.000000000000000000e+00,0.000000000000000000e+00,0.000000000000000000e+00,1.000000000000000056e-01
9.985015166272862563e-01,-5.369043174838496191e-02,-1.058578441501861929e-02,5.914438410760643450e+01,5.337164054683157799e-02,9.981709691373921167e-01,-2.839338579069350388e-02,3.539311831581450463e+00,1.209087583051943020e-02,2.778585809348647906e-02,9.995407729610931158e-01,1.173290338348847106e+00,0.000000000000000000e+00,0.000000000000000000e+00,0.000000000000000000e+00,1.000000000000000056e-01
9.984245378707288232e-01,-5.376936300000276919e-02,-1.604050436225760642e-02,6.008772735632341977e+01,5.333050424678766749e-02,9.982216073607942386e-01,-2.663606417652101058e-02,3.598514024733468375e+00,1.744418225096934852e-02,2.573865188012606706e-02,9.995164942635957894e-01,1.206871446516310842e+00,0.000000000000000000e+00,0.000000000000000000e+00,0.000000000000000000e+00,1.000000000000000056e-01
9.983997840092160292e-01,-5.426476868076855753e-02,-1.591245331095715587e-02,6.100057076790027821e+01,5.388193204520147495e-02,9.982689940615601110e-01,-2.357441185686715360e-02,3.666956607727508644e+00,1.716416876597880864e-02,2.267929397806703676e-02,9.995954386326647567e-01,1.223748090319911386e+00,0.000000000000000000e+00,0.000000000000000000e+00,0.000000000000000000e+00,1.000000000000000056e-01
9.983807855935294961e-01,-5.531512062788516287e-02,-1.326817197542244468e-02,6.191984460393275214e+01,5.502447024797100378e-02,9.982566612873267076e-01,-2.135288901787627674e-02,3.726477800484314429e+00,1.442617868934895249e-02,2.058823997825216801e-02,9.996839549292670934e-01,1.259043441765709037e+00,0.000000000000000000e+00,0.000000000000000000e+00,0.000000000000000000e+00,1.000000000000000056e-01
9.982361917229212178e-01,-5.807285787170147345e-02,-1.233080342607036604e-02,6.280438821505180158e+01,5.780610936498937341e-02,9.981072068716014822e-01,-2.098707485699012956e-02,3.789396410511332913e+00,1.352624318139061636e-02,2.023726190924008891e-02,9.997037030919785350e-01,1.295374146738904164e+00,0.000000000000000000e+00,0.000000000000000000e+00,0.000000000000000000e+00,1.000000000000000056e-01
9.983037427035461597e-01,-5.639231296580223679e-02,-1.447564652990870893e-02,6.363176399509811176e+01,5.608838582169544534e-02,9.982131233475021181e-01,-2.060711898207005094e-02,3.851764747295629121e+00,1.561186343805502294e-02,1.976024835854981593e-02,9.996828508606117047e-01,1.324988227963007636e+00,0.000000000000000000e+00,0.000000000000000000e+00,0.000000000000000000e+00,1.000000000000000056e-01
9.982750058224051370e-01,-5.730782928010308419e-02,-1.276030773451772467e-02,6.445249070374765665e+01,5.706971559953090412e-02,9.982024206719863901e-01,-1.830232023475112865e-02,3.899315161177353328e+00,1.378623631255795727e-02,1.754252170553828247e-02,9.997510688269080070e-01,1.351215222658144199e+00,0.000000000000000000e+00,0.000000000000000000e+00,0.000000000000000000e+00,1.000000000000000056e-01
9.981514379960024774e-01,-5.911491159489153796e-02,-1.411148658506950621e-02,6.526262474049514140e+01,5.884995929143225363e-02,9.980952957573679951e-01,-1.850575257612634139e-02,3.950257542737284577e+00,1.517857430423572365e-02,1.764108313398580347e-02,9.997291648581382306e-01,1.381269743705256348e+00,0.000000000000000000e+00,0.000000000000000000e+00,0.000000000000000000e+00,1.000000000000000056e-01
9.981171122213474689e-01,-6.002249116326789646e-02,-1.263055206526707622e-02,6.606874016022347007e+01,5.978338177015780908e-02,9.980394402564091161e-01,-1.852627746734534023e-02,3.992881676681630854e+00,1.371778243892057131e-02,1.773629744983243675e-02,9.997485914957467967e-01,1.413981713758829750e+00,0.000000000000000000e+00,0.000000000000000000e+00,0.000000000000000000e+00,1.000000000000000056e-01
9.980139420848377352e-01,-6.162604601913889563e-02,-1.305380620084220337e-02,6.681955176754448189e+01,6.138778290757710560e-02,9.979529636046249319e-01,-1.792826099872052437e-02,4.046605600533479397e+00,1.413193242180119276e-02,1.709131021288403524e-02,9.997540575567736010e-01,1.437376634693525501e+00,0.000000000000000000e+00,0.000000000000000000e+00,0.000000000000000000e+00,1.000000000000000056e-01
9.979311991869133092e-01,-6.326864856469500975e-02,-1.141927310148376125e-02,6.760794495253534819e+01,6.306467947025383436e-02,9.978574633957952855e-01,-1.741634142474589655e-02,4.101505103111493966e+00,1.249671527575540834e-02,1.666015768551702345e-02,9.997831121064260085e-01,1.457156699300984792e+00,0.000000000000000000e+00,0.000000000000000000e+00,0.000000000000000000e+00,1.000000000000000056e-01
9.978147665685346279e-01,-6.559829472591176269e-02,-7.909193816888581210e-03,6.835960846019662540e+01,6.547105422343497960e-02,9.977356797083751783e-01,-1.539657415591687804e-02,4.161067274255796811e+00,8.901273878087796396e-03,1.484510579009216437e-02,9.998501838562756650e-01,1.481467923158073852e+00,0.000000000000000000e+00,0.000000000000000000e+00,0.000000000000000000e+00,1.000000000000000056e-01
9.979233117942626352e-01,-6.401489157562340049e-02,-7.152442529092538186e-03,6.905445667166866031e+01,6.392255030525825776e-02,9.978769643032698866e-01,-1.246882814711646435e-02,4.210042688236652175e+00,7.935448320197206751e-03,1.198573191139259454e-02,9.998966801077527888e-01,1.506952251658142394e+00,0.000000000000000000e+00,0.000000000000000000e+00,0.000000000000000000e+00,1.000000000000000056e-01
9.979918491700242589e-01,-6.271453555764641696e-02,-8.896966898011704136e-03,6.971779158223310446e+01,6.262223842081668379e-02,9.979841613661722954e-01,-1.029897652314024949e-02,4.258702552036306876e+00,9.524927577782652324e-03,9.721146642578002914e-03,9.999073832423638342e-01,1.539115372494597178e+00,0.000000000000000000e+00,0.000000000000000000e+00,0.000000000000000000e+00,1.000000000000000056e-01
9.977285461374886255e-01,-6.592239423484014260e-02,-1.385590706953388450e-02,7.040516939143184061e+01,6.579284138303431728e-02,9.977870539366248126e-01,-9.607133767037819017e-03,4.319013874865560432e+00,1.445856995418738113e-02,8.673692109891110308e-03,9.998578483064793909e-01,1.562224942268850558e+00,0.000000000000000000e+00,0.000000000000000000e+00,0.000000000000000000e+00,1.000000000000000056e-01
9.977125765494198051e-01,-6.525100532177147139e-02,-1.766128250202194869e-02,7.114579541859301060e+01,6.507581938431358792e-02,9.978269655234208724e-01,-1.031913784102399950e-02,4.373853352150527840e+00,1.829623804442520249e-02,9.146211172939754108e-03,9.997907753598258562e-01,1.589763323293161390e+00,0.000000000000000000e+00,0.000000000000000000e+00,0.000000000000000000e+00,1.000000000000000056e-01
9.975805058667713832e-01,-6.725474973174717930e-02,-1.760491275515161866e-02,7.185585404220503847e+01,6.707769875613782407e-02,9.976929035230999165e-01,-1.046195914861930074e-02,4.424871875392860865e+00,1.826791296720222876e-02,9.255749465418992156e-03,9.997902852386875150e-01,1.611729172846331437e+00,0.000000000000000000e+00,0.000000000000000000e+00,0.000000000000000000e+00,1.000000000000000056e-01
9.975717841817592912e-01,-6.790447306879596190e-02,-1.547636719875235094e-02,7.253582317418172920e+01,6.777026760823845475e-02,9.976600174963344836e-01,-9.037716388630106720e-03,4.476082204367247463e+00,1.605385413940211767e-02,7.966933316071652185e-03,9.998393879722923261e-01,1.630066264973896839e+00,0.000000000000000000e+00,0.000000000000000000e+00,0.000000000000000000e+00,1.000000000000000056e-01
9.975113412160602211e-01,-6.887642184600939466e-02,-1.507191623607159400e-02,7.317174600325371614e+01,6.873884961467321975e-02,9.975898013093204009e-01,-9.463555213657798282e-03,4.523686371703739439e+00,1.568740574435227922e-02,8.403977470291753432e-03,9.998416266907929062e-01,1.649849888953962340e+00,0.000000000000000000e+00,0.000000000000000000e+00,0.000000000000000000e+00,1.000000000000000056e-01
9.974177910422762361e-01,-6.981337196892187236e-02,-1.684764691804813141e-02,7.375511312839554989e+01,6.964546289602388529e-02,9.975180508885636010e-01,-1.035604410378307590e-02,4.560442259408888255e+00,1.752882227489405836e-02,9.155940465615472826e-03,9.998044354491758545e-01,1.676230840167839631e+00,0.000000000000000000e+00,0.000000000000000000e+00,0.000000000000000000e+00,1.000000000000000056e-01
9.973892841021833044e-01,-6.930495085807565625e-02,-2.028397753631963965e-02,7.439725745944261348e+01,6.895889361490271929e-02,9.974696505146255499e-01,-1.729067071108721793e-02,4.590896375827042242e+00,2.143098106813433670e-02,1.584676903316372537e-02,9.996447333736455665e-01,1.709129335401161187e+00,0.000000000000000000e+00,0.000000000000000000e+00,0.000000000000000000e+00,1.000000000000000056e-01
9.973541834147934271e-01,-6.836821947634423580e-02,-2.470666692706712311e-02,7.502375119015586336e+01,6.787681118418061044e-02,9.974889921584374486e-01,-2.021012187523625603e-02,4.613694281097628469e+00,2.602635834068419904e-02,1.847963983359073720e-02,9.994904359638180358e-01,1.730820729033025085e+00,0.000000000000000000e+00,0.000000000000000000e+00,0.000000000000000000e+00,1.000000000000000056e-01
9.976938571418099144e-01,-6.322517771154288757e-02,-2.468895147310955912e-02,7.561202919543920586e+01,6.273014285271948098e-02,9.978233160483552799e-01,-2.033615322378892060e-02,4.654069667467317650e+00,2.592096833019832958e-02,1.874051369647680015e-02,9.994883173640485285e-01,1.760692377955850763e+00,0.000000000000000000e+00,0.000000000000000000e+00,0.000000000000000000e+00,1.000000000000000056e-01
9.980046993471035632e-01,-5.844513367577342661e-02,-2.389113707462192648e-02,7.618354122812630180e+01,5.807234358637213684e-02,9.981839743965457146e-01,-1.601112639080813638e-02,4.706682190453348014e+00,2.478352258020926485e-02,1.459176505900039097e-02,9.995863431444925729e-01,1.772273308205159825e+00,0.000000000000000000e+00,0.000000000000000000e+00,0.000000000000000000e+00,1.000000000000000056e-01
9.984770260618813786e-01,-5.134688968119403146e-02,-2.017734736501338236e-02,7.672238344306043700e+01,5.097995580437270774e-02,9.985320409272910869e-01,-1.829774160279878242e-02,4.726003831072923766e+00,2.108725996437961839e-02,1.724123434229343083e-02,9.996289648192216992e-01,1.799828946023669607e+00,0.000000000000000000e+00,0.000000000000000000e+00,0.000000000000000000e+00,1.000000000000000056e-01
9.988846677437515087e-01,-4.397611607488835506e-02,-1.719074638935541924e-02,7.728884464712564295e+01,4.358108013089921629e-02,9.987916089528726671e-01,-2.271588298869609349e-02,4.732946590839091527e+00,1.816892955237956256e-02,2.194135593576516594e-02,9.995941510926426021e-01,1.820024144808470190e+00,0.000000000000000000e+00,0.000000000000000000e+00,0.000000000000000000e+00,1.000000000000000056e-01
9.992557154009901188e-01,-3.573268338727190324e-02,-1.453239747600260784e-02,7.784350255097463389e+01,3.535924350205318228e-02,9.990571566829987704e-01,-2.518971177771775483e-02,4.738115119410025500e+00,1.541879169773217526e-02,2.465710888216550434e-02,9.995770544806212854e-01,1.852818834990503039e+00,0.000000000000000000e+00,0.000000000000000000e+00,0.000000000000000000e+00,1.000000000000000056e-01
9.996054554841939943e-01,-2.389560141305066554e-02,-1.476257427908878386e-02,7.833021617855172281e+01,2.357883801345892621e-02,9.994956640524734759e-01,-2.127101168821625768e-02,4.752523779329777653e+00,1.526341259915576717e-02,2.091453497962074068e-02,9.996647490346022291e-01,1.877554019005408081e+00,0.000000000000000000e+00,0.000000000000000000e+00,0.000000000000000000e+00,1.000000000000000056e-01
9.998487273175734602e-01,-9.574483096785589911e-03,-1.452073534150522850e-02,7.883433520915288284e+01,9.290153805147935082e-03,9.997662344916630195e-01,-1.952356044982103342e-02,4.762594901334505693e+00,1.470426889394257745e-02,1.938570720377484277e-02,9.997039455921458151e-01,1.885286653395682244e+00,0.000000000000000000e+00,0.000000000000000000e+00,0.000000000000000000e+00,1.000000000000000056e-01
9.998651386814707553e-01,9.303662230578980258e-03,-1.353315626830995863e-02,7.932732091297107502e+01,-9.472559112398783177e-03,9.998773756881741415e-01,-1.247013274957314670e-02,4.754093347421302518e+00,1.341547887126321587e-02,1.259664463375720182e-02,9.998306603973622364e-01,1.900063003893778468e+00,0.000000000000000000e+00,0.000000000000000000e+00,0.000000000000000000e+00,1.000000000000000056e-01
9.994181739376871709e-01,3.147169387551256720e-02,-1.314709426698049306e-02,7.981792694701643143e+01,-3.166051494841246733e-02,9.993948018458229665e-01,-1.440978267530654798e-02,4.724849120617771625e+00,1.268563740062741453e-02,1.481764246276171502e-02,9.998097379379666805e-01,1.919524087095915155e+00,0.000000000000000000e+00,0.000000000000000000e+00,0.000000000000000000e+00,1.000000000000000056e-01
9.983439359218337916e-01,5.607900554483909866e-02,-1.282695385519524479e-02,8.030468759769550502e+01,-5.629782518483771730e-02,9.982626209887004443e-01,-1.738661600852059452e-02,4.705481203377130939e+00,1.182964443924050708e-02,1.807995226410177847e-02,9.997665601722078854e-01,1.938344698706149671e+00,0.000000000000000000e+00,0.000000000000000000e+00,0.000000000000000000e+00,1.000000000000000056e-01
9.963622773938378696e-01,8.449732787280681001e-02,-1.106407560170582192e-02,8.077379101433919573e+01,-8.469002075264614460e-02,9.962394536458006877e-01,-1.829074586868919064e-02,4.656257458161352503e+00,9.476949481834423192e-03,1.916122600127640255e-02,9.997714913152139227e-01,1.954981658654076249e+00,0.000000000000000000e+00,0.000000000000000000e+00,0.000000000000000000e+00,1.000000000000000056e-01
9.930480800338655767e-01,1.173350316216620753e-01,-9.380889904311113733e-03,8.123918904696930099e+01,-1.174962405722259212e-01,9.928909675705154259e-01,-1.903050099916624507e-02,4.592822368007477785e+00,7.081256417250698584e-03,2.000042177628310811e-02,9.997748941318360671e-01,1.970328715358143690e+00,0.000000000000000000e+00,0.000000000000000000e+00,0.000000000000000000e+00,1.000000000000000056e-01
