1.000000000000000000e+00,1.781238843549577561e-13,2.649667584362233910e-13,-1.242733686418113248e-20,-1.781238843549220112e-13,1.000000000000000000e+00,-1.348890420848724488e-13,-2.733253668241165964e-20,-2.649667584362474228e-13,1.348890420848252434e-13,1.000000000000000000e+00,-9.903481762686794426e-20,0.000000000000000000e+00,0.000000000000000000e+00,0.000000000000000000e+00,1.000000000000000056e-01
9.999921168931811266e-01,-2.573390245487966379e-03,-3.023874028274422046e-03,6.404689958807273653e-01,2.562324141315013449e-03,9.999900275515919423e-01,-3.657771502048486750e-03,1.839811917220479653e-02,3.033256746350278255e-03,3.649994522022074160e-03,9.999887383833379051e-01,1.252958726735281796e-04,0.000000000000000000e+00,0.000000000000000000e+00,0.000000000000000000e+00,1.000000000000000056e-01
9.999682923756217923e-01,-6.617222570063269020e-03,-4.430192867280119580e-03,1.293088261227861135e+00,6.603513550743162104e-03,9.999733853687718943e-01,-3.101961138168311729e-03,2.833648920502136390e-02,4.450601326585634614e-03,3.072607943718216623e-03,9.999853755071901329e-01,8.882350188881126679e-03,0.000000000000000000e+00,0.000000000000000000e+00,0.000000000000000000e+00,1.000000000000000056e-01
9.999376924755603024e-01,-1.002172293101252429e-02,-4.916933612102619526e-03,1.980492473530058639e+00,9.999603899217696101e-03,9.999398650453956705e-01,-4.502689735561538585e-03,5.461381367426133143e-02,4.961762641497175462e-03,4.453241795591019424e-03,9.999777745275139074e-01,9.314512351666489817e-03,0.000000000000000000e+00,0.000000000000000000e+00,0.000000000000000000e+00,1.000000000000000056e-01
9.998014242590997913e-01,-1.947575110541995003e-02,-4.219854068020105486e-03,2.698722237173658112e+00,1.947172623918885098e-02,9.998099150558593662e-01,-9.927906432673108510e-04,4.803601042238751784e-02,4.238387280763368861e-03,9.104256559479502247e-04,9.999906035550449879e-01,1.319262619991687889e-02,0.000000000000000000e+00,0.000000000000000000e+00,0.000000000000000000e+00,1.000000000000000056e-01
9.996637677760588092e-01,-2.561059460517074726e-02,-4.055716921023504867e-03,3.415441731288092697e+00,2.560657526734659573e-02,9.996715570350857005e-01,-1.039883707515278479e-03,7.800639902253214686e-02,4.081016889402806422e-03,9.356810445024209017e-04,9.999912348626518455e-01,1.808486444621843284e-02,0.000000000000000000e+00,0.000000000000000000e+00,0.000000000000000000e+00,1.000000000000000056e-01
9.995334517950561493e-01,-3.000515353976234215e-02,-5.706969748943815923e-03,4.138816399178544714e+00,3.000481234852358722e-02,9.995497436799910540e-01,-1.454138714628095742e-04,8.432374644219822746e-02,5.708763315286307857e-03,-2.589052751365532724e-05,9.999837045427742988e-01,2.506175409551978858e-02,0.000000000000000000e+00,0.000000000000000000e+00,0.000000000000000000e+00,1.000000000000000056e-01
9.994527546314363464e-01,-3.258769859172000460e-02,-5.677425484245064019e-03,4.881638803681518368e+00,3.258497982342574428e-02,9.994688055880848188e-01,-5.707418278354163630e-04,1.105155555625896291e-01,5.693008830212956811e-03,3.854306971603593639e-04,9.999837204143059433e-01,3.970611132661917841e-02,0.000000000000000000e+00,0.000000000000000000e+00,0.000000000000000000e+00,1.000000000000000056e-01
9.992979722071899662e-01,-3.714125078125980056e-02,-4.908180212854432699e-03,5.640315425991792253e+00,3.715014005969182603e-02,9.993081934758119012e-01,1.732496942154654459e-03,1.511784354913037476e-01,4.840437598354957981e-03,-1.913620263496053743e-03,9.999864540189249418e-01,3.880954647071685470e-02,0.000000000000000000e+00,0.000000000000000000e+00,0.000000000000000000e+00,1.000000000000000056e-01
9.991602113740298829e-01,-4.093157043466806588e-02,-1.865086795745189317e-03,6.422885087985701347e+00,4.093448024420244524e-02,9.991606312285370439e-01,1.549622576110061198e-03,2.029500147614456407e-01,1.800092814511572220e-03,-1.624667579290251830e-03,9.999970600562363421e-01,4.890182272084424991e-02,0.000000000000000000e+00,0.000000000000000000e+00,0.000000000000000000e+00,1.000000000000000056e-01
9.990317464756165444e-01,-4.398132709027264414e-02,-1.101090939896607040e-03,7.215415304166831412e+00,4.398054551592724820e-02,9.990321251436915517e-01,-7.242561707186658199e-04,2.266563458806640785e-01,1.131878969202898284e-03,6.751283269295131834e-04,9.999991315254934676e-01,6.019750672239917999e-02,0.000000000000000000e+00,0.000000000000000000e+00,0.000000000000000000e+00,1.000000000000000056e-01
9.989377507056199645e-01,-4.607666627527394476e-02,5.577097396519939323e-04,8.018800210268828721e+00,4.607708033715179896e-02,9.989376028371298455e-01,-7.538604727584668911e-04,2.662969375376132430e-01,-5.223818529854703813e-04,7.787573214819751939e-04,9.999995603270203093e-01,6.175724586772442931e-02,0.000000000000000000e+00,0.000000000000000000e+00,0.000000000000000000e+00,1.000000000000000056e-01
9.988850753201335975e-01,-4.719105572115973174e-02,1.269079435457937718e-03,8.858581781642032027e+00,4.719379987070018018e-02,9.988832691707256739e-01,-2.227066359106100527e-03,3.148825811793058982e-01,-1.162564602680267282e-03,2.284476028755655537e-03,9.999967148010130424e-01,7.649387434446984491e-02,0.000000000000000000e+00,0.000000000000000000e+00,0.000000000000000000e+00,1.000000000000000056e-01
9.986776371611507663e-01,-5.137321532888981801e-02,1.941592385776746933e-03,9.666679425848268892e+00,5.138209069663293715e-02,9.986673529139924455e-01,-4.837249156510716776e-03,3.519937013764857792e-01,-1.690499885824711364e-03,4.930615634045763980e-03,9.999864155275337563e-01,8.253735561152550360e-02,0.000000000000000000e+00,0.000000000000000000e+00,0.000000000000000000e+00,1.000000000000000056e-01
9.986434767372042165e-01,-5.204026666465427775e-02,1.736955871816940351e-03,1.047789510886627617e+01,5.204995681696968080e-02,9.986258571067491152e-01,-6.099140362558304850e-03,4.148564432953487091e-01,-1.417168155357102517e-03,6.181275214894491922e-03,9.999798915333933946e-01,9.278890273291820479e-02,0.000000000000000000e+00,0.000000000000000000e+00,0.000000000000000000e+00,1.000000000000000056e-01
9.985293358755013005e-01,-5.420745964991810495e-02,8.465898256470353548e-04,1.126637505903381786e+01,5.421166489759764173e-02,9.985103812741499274e-01,-6.173643720067768792e-03,4.657632675510688380e-01,-5.106711867410933768e-04,6.210459407664920689e-03,9.999805845159618345e-01,1.078352693253244315e-01,0.000000000000000000e+00,0.000000000000000000e+00,0.000000000000000000e+00,1.000000000000000056e-01
9.984333578748820770e-01,-5.590922709126340540e-02,-2.233429816476877310e-03,1.212547072345657639e+01,5.589633184600123483e-02,9.984215929011394097e-01,-5.470184175433199548e-03,5.138706198177404039e-01,2.535738324295073055e-03,5.336773820295267860e-03,9.999825442858198965e-01,1.015395538232689021e-01,0.000000000000000000e+00,0.000000000000000000e+00,0.000000000000000000e+00,1.000000000000000056e-01
9.982078926686815956e-01,-5.973587407304319086e-02,-3.553640763963777493e-03,1.300892604666726093e+01,5.971984518980619216e-02,9.982052242739550829e-01,-4.457614012960737018e-03,5.886066103811584682e-01,3.813542245125987277e-03,4.237402613923820990e-03,9.999837505252933134e-01,1.327272225679997364e-01,0.000000000000000000e+00,0.000000000000000000e+00,0.000000000000000000e+00,1.000000000000000056e-01
9.984464589424324465e-01,-5.559384411349618804e-02,-3.740738162705578140e-03,1.390609297258762211e+01,5.559325902951513243e-02,9.984534650150675983e-01,-2.602880759479268336e-04,6.502503738153674329e-01,3.749423394986333129e-03,5.192388209426275622e-05,9.999929695393441342e-01,1.361621051854084996e-01,0.000000000000000000e+00,0.000000000000000000e+00,0.000000000000000000e+00,1.000000000000000056e-01
9.977805559616776954e-01,-6.642605183225301635e-02,-4.641312614360521525e-03,1.484788855128170759e+01,6.643901747535453650e-02,9.977868415390139800e-01,2.697370665697594420e-03,7.725138882564595022e-01,4.451864970427541097e-03,-2.999748252348548305e-03,9.999855911005456344e-01,1.556484203412761280e-01,0.000000000000000000e+00,0.000000000000000000e+00,0.000000000000000000e+00,1.000000000000000056e-01
9.974619101947614919e-01,-7.111561385536069313e-02,-3.508158575768078116e-03,1.582848775513451933e+01,7.112350714319248812e-02,9.974651368851853439e-01,2.178859855709090829e-03,8.580696820683521020e-01,3.344314917849888248e-03,-2.422842255245364913e-03,9.999914726602104897e-01,1.660119604297442542e-01,0.000000000000000000e+00,0.000000000000000000e+00,0.000000000000000000e+00,1.000000000000000056e-01
9.973752816816148226e-01,-7.239223735301605900e-02,-1.382556163057412036e-03,1.676986566502424836e+01,7.239500871248194525e-02,9.973738858082845660e-01,2.072346786287174777e-03,9.347255958543078114e-01,1.228903592266102204e-03,-2.166997625185196948e-03,9.999968969538122199e-01,1.821472902334425326e-01,0.000000000000000000e+00,0.000000000000000000e+00,0.000000000000000000e+00,1.000000000000000056e-01
9.974024982418668861e-01,-7.202917826758738207e-02,2.323337660138246772e-04,1.768325411628744703e+01,7.202889469048139037e-02,9.974019845133342832e-01,1.058120281495801129e-03,1.026474452067228871e+00,-3.079456936760561645e-04,-1.038637067839046687e-03,9.999994132010733283e-01,1.879510661422602036e-01,0.000000000000000000e+00,0.000000000000000000e+00,0.000000000000000000e+00,1.000000000000000056e-01
9.971073500872410511e-01,-7.599547206070909888e-02,-1.273038989994141994e-03,1.861685151850729625e+01,7.599793589822402551e-02,9.971059411712910325e-01,2.013906681896380276e-03,1.088130040141515487e+00,1.116306951288927041e-03,-2.104829490466202709e-03,9.999971617717755556e-01,1.873081927505882704e-01,0.000000000000000000e+00,0.000000000000000000e+00,0.000000000000000000e+00,1.000000000000000056e-01
9.970614020276789002e-01,-7.656127443632750051e-02,-2.632839395913751535e-03,1.955348418850698167e+01,7.656213659710443820e-02,9.970647858635237615e-01,2.281021961263306089e-04,1.166843255753029496e+00,2.607647653662636868e-03,-4.290077049434982905e-04,9.999965080569548359e-01,1.965455234597226764e-01,0.000000000000000000e+00,0.000000000000000000e+00,0.000000000000000000e+00,1.000000000000000056e-01
9.968643253531612736e-01,-7.905967272351907549e-02,-3.329412416128059004e-03,2.048080308784171777e+01,7.904989607090737169e-02,9.968662289890148909e-01,-2.972445525107722270e-03,1.237324160352392788e+00,3.553979370418288136e-03,2.699935197563421447e-03,9.999900397406784602e-01,2.116895931152462940e-01,0.000000000000000000e+00,0.000000000000000000e+00,0.000000000000000000e+00,1.000000000000000056e-01
9.969235606370091540e-01,-7.837786498638736610e-02,-5.696727158129719559e-04,2.139953257541710840e+01,7.836946625552825008e-02,9.968828638225610828e-01,-9.098493048448662648e-03,1.312814697107841155e+00,1.281017428112104974e-03,9.025857139611915755e-03,9.999584455852373877e-01,2.279024123614945274e-01,0.000000000000000000e+00,0.000000000000000000e+00,0.000000000000000000e+00,1.000000000000000056e-01
9.970965659591816133e-01,-7.610755315010116206e-02,2.465462616212417326e-03,2.235718685002717265e+01,7.612474488185004551e-02,9.970673679490134056e-01,-7.854106435488840757e-03,1.398663291849888468e+00,-1.860475498538084835e-03,8.018985268178740675e-03,9.999661166790543287e-01,2.535969619290185384e-01,0.000000000000000000e+00,0.000000000000000000e+00,0.000000000000000000e+00,1.000000000000000056e-01
9.973072935686062568e-01,-7.327114115371910485e-02,3.082542602067452064e-03,2.330479995342051680e+01,7.328846264976068836e-02,9.972930841560792015e-01,-5.941846252661858209e-03,1.482177778226829279e+00,-2.638832563165870518e-03,6.151761413400879015e-03,9.999775959461372210e-01,2.629888284301236112e-01,0.000000000000000000e+00,0.000000000000000000e+00,0.000000000000000000e+00,1.000000000000000056e-01
9.973951581803097710e-01,-7.209560437866240068e-02,2.263242751063175573e-03,2.422487186202567955e+01,7.211047307907424153e-02,9.973693984414293556e-01,-7.373108224726191394e-03,1.554330959215467267e+00,-1.725720367543883598e-03,7.517105949553273304e-03,9.999702570613568930e-01,2.753600721015384556e-01,0.000000000000000000e+00,0.000000000000000000e+00,0.000000000000000000e+00,1.000000000000000056e-01
9.974331775926829069e-01,-7.158977638688100720e-02,1.400055084580869528e-03,2.517195019637746611e+01,7.159880073649056709e-02,9.974007081726231627e-01,-8.089441874822831530e-03,1.624439466827225731e+00,-8.172945979284030639e-04,8.168919979176864771e-03,9.999662998201059860e-01,2.793564153553136920e-01,0.000000000000000000e+00,0.000000000000000000e+00,0.000000000000000000e+00,1.000000000000000056e-01
9.972734294776458563e-01,-7.379020144134729176e-02,-8.444105283551689434e-04,2.615309161075796496e+01,7.377799767049050828e-02,9.972237927786777867e-01,-1.007542435046327248e-02,1.746266771967889930e+00,1.585533862176329543e-03,9.985654077435165976e-03,9.999488850911418814e-01,2.882871911248773289e-01,0.000000000000000000e+00,0.000000000000000000e+00,0.000000000000000000e+00,1.000000000000000056e-01
9.976655855400939910e-01,-6.827576264886003887e-02,-1.341515433340754711e-03,2.712439877221923723e+01,6.825924057311730242e-02,9.976185586094432622e-01,-9.893815967469779885e-03,1.827894424610771340e+00,2.013828523648194310e-03,9.779148875714712211e-03,9.999501551287163226e-01,2.973229604239673862e-01,0.000000000000000000e+00,0.000000000000000000e+00,0.000000000000000000e+00,1.000000000000000056e-01
9.977757647942810948e-01,-6.665925786434315214e-02,-2.579344150002469771e-04,2.808143196488666860e+01,6.665091952241516959e-02,9.976990218958919909e-01,-1.242242467463672111e-02,1.878915414798481898e+00,1.085410523246023960e-03,1.237760271439875860e-02,9.999228054380200348e-01,3.124889896459965288e-01,0.000000000000000000e+00,0.000000000000000000e+00,0.000000000000000000e+00,1.000000000000000056e-01
9.978524471715106703e-01,-6.545064171573332368e-02,2.589821002751633953e-03,2.909467366850555692e+01,6.547930987430498895e-02,9.977663189223110463e-01,-1.322243557767564283e-02,1.927868005624754799e+00,-1.718619274979372178e-03,1.336361939070944589e-02,9.999092258923146792e-01,3.185304639499782486e-01,0.000000000000000000e+00,0.000000000000000000e+00,0.000000000000000000e+00,1.000000000000000056e-01
9.981092092646417502e-01,-6.115197270192231777e-02,6.200210946005832099e-03,3.005093360969881999e+01,6.124836863417586902e-02,9.979815494098632778e-01,-1.677690010522452091e-02,1.988591024636532367e+00,-5.161755589305327269e-03,1.712493130356814580e-02,9.998400337089350387e-01,3.305683932497630595e-01,0.000000000000000000e+00,0.000000000000000000e+00,0.000000000000000000e+00,1.000000000000000056e-01
9.982286624920432283e-01,-5.913802569452112495e-02,6.498561094629000737e-03,3.096591658155155713e+01,5.928639755512280646e-02,9.979104781810496094e-01,-2.568658407427522328e-02,2.046209624657276738e+00,-4.965928340441025726e-03,2.602636074104560521e-02,9.996489224234148541e-01,3.558068294198905579e-01,0.000000000000000000e+00,0.000000000000000000e+00,0.000000000000000000e+00,1.000000000000000056e-01
9.984050088944229628e-01,-5.636138254328341285e-02,3.291317720430478062e-03,3.190059298764356654e+01,5.642778242100699587e-02,9.980722200480478534e-01,-2.584083859724105661e-02,2.092212470314057438e+00,-1.828547394695181297e-03,2.598534444972466426e-02,9.996606515654472558e-01,3.553978343013663443e-01,0.000000000000000000e+00,0.000000000000000000e+00,0.000000000000000000e+00,1.000000000000000056e-01
9.983494471401573866e-01,-5.741831815661823518e-02,1.232126214091546412e-03,3.287664601411940168e+01,5.743009312865775956e-02,9.979424756435056887e-01,-2.850613459844694719e-02,2.159848101375943852e+00,4.071832213932321241e-04,2.852984483968395990e-02,9.995928581953993364e-01,3.625540734725719028e-01,0.000000000000000000e+00,0.000000000000000000e+00,0.000000000000000000e+00,1.000000000000000056e-01
9.983222421702243610e-01,-5.790044216356111245e-02,-4.894746979736279468e-04,3.384863567784226035e+01,5.786562648631426303e-02,9.979523350138407300e-01,-2.725263862031340398e-02,2.231281812916005691e+00,2.066412244012864712e-03,2.717859153243868189e-02,9.996284580296574962e-01,3.666615035030290626e-01,0.000000000000000000e+00,0.000000000000000000e+00,0.000000000000000000e+00,1.000000000000000056e-01
9.982125763683981079e-01,-5.968382936846161613e-02,3.081053696600897888e-03,3.484049617508513563e+01,5.974856652901183729e-02,9.977841411573125097e-01,-2.927313534100177417e-02,2.285458679652139224e+00,-1.327093701750255888e-03,2.940490038889300578e-02,9.995667014538980322e-01,3.821316040129024705e-01,0.000000000000000000e+00,0.000000000000000000e+00,0.000000000000000000e+00,1.000000000000000056e-01
9.980585464756571712e-01,-6.226543695016595326e-02,1.467367814650439575e-03,3.581885310816800683e+01,6.228146786523508505e-02,9.976117020836472449e-01,-2.986487278258574338e-02,2.352641097351133581e+00,3.956860501126331382e-04,2.989828134146257574e-02,9.995528681392378267e-01,3.916057032829222684e-01,0.000000000000000000e+00,0.000000000000000000e+00,0.000000000000000000e+00,1.000000000000000056e-01
9.978609347601568036e-01,-6.533877918494404580e-02,2.097335025029050531e-03,3.680864961403377578e+01,6.537204847717448253e-02,9.974513077729049160e-01,-2.858992654799327390e-02,2.405825138047452239e+00,-2.239586659200428626e-04,2.866587791683386857e-02,9.995890241923293118e-01,4.095407263819092480e-01,0.000000000000000000e+00,0.000000000000000000e+00,0.000000000000000000e+00,1.000000000000000056e-01
9.979509617520574416e-01,-6.387333900680612631e-02,3.751599960702152372e-03,3.780234507215090645e+01,6.395154412768085106e-02,9.975882915863009126e-01,-2.697777777376901553e-02,2.477722798239385682e+00,-2.019391450117865878e-03,2.716241988570231719e-02,9.996289936792169817e-01,4.250059196747486556e-01,0.000000000000000000e+00,0.000000000000000000e+00,0.000000000000000000e+00,1.000000000000000056e-01
9.978924113110568817e-01,-6.452684580160027161e-02,6.857231124952244822e-03,3.880918693188761637e+01,6.468466266825316502e-02,9.975660053772318347e-01,-2.603765218307709309e-02,2.534500107410537773e+00,-5.160413093813917551e-03,2.642633320400518751e-02,9.996374438015475095e-01,4.433684320662305001e-01,0.000000000000000000e+00,0.000000000000000000e+00,0.000000000000000000e+00,1.000000000000000056e-01
9.981063100528776433e-01,-6.069572965674337878e-02,9.991107749612360839e-03,3.981587615850860828e+01,6.091814521777812880e-02,9.978611559723418178e-01,-2.370850026398408153e-02,2.606460051973388037e+00,-8.530733605882807880e-03,2.427224346815018072e-02,9.996689876059816626e-01,4.510978938250789771e-01,0.000000000000000000e+00,0.000000000000000000e+00,0.000000000000000000e+00,1.000000000000000056e-01
9.980610254603025089e-01,-6.190430139454568270e-02,6.484360105876435000e-03,4.080757341573312402e+01,6.204504267118450545e-02,9.977752821365942770e-01,-2.439055221126863737e-02,2.662992543895372766e+00,-4.960054138850359361e-03,2.474558195098625762e-02,9.996814762897463513e-01,4.858088056133543775e-01,0.000000000000000000e+00,0.000000000000000000e+00,0.000000000000000000e+00,1.000000000000000056e-01
9.979437813238870580e-01,-6.385579884355942204e-02,5.535907426309006826e-03,4.180320765724066945e+01,6.396055264031606791e-02,9.977220686019128149e-01,-2.144111775690297345e-02,2.719510189268525835e+00,-4.154157306499846672e-03,2.175110982848684621e-02,9.997547860342064219e-01,5.148792778742935505e-01,0.000000000000000000e+00,0.000000000000000000e+00,0.000000000000000000e+00,1.000000000000000056e-01
9.978657334452063488e-01,-6.520254860495187932e-02,3.550446630968390888e-03,4.280561554907795596e+01,6.526179186391863063e-02,9.976584647008116535e-01,-2.045693851801688376e-02,2.775798006954894426e+00,-2.208288606824585464e-03,2.064498646737862250e-02,9.997844307625473048e-01,5.350406203222862755e-01,0.000000000000000000e+00,0.000000000000000000e+00,0.000000000000000000e+00,1.000000000000000056e-01
9.978608055383739739e-01,-6.517321397127720517e-02,5.124934239717467491e-03,4.386147671436376783e+01,6.526935730921293310e-02,9.976337082765770470e-01,-2.160775570872275689e-02,2.862008715017143601e+00,-3.704560263999262526e-03,2.189603368146083098e-02,9.997533895627814804e-01,5.653128461942991123e-01,0.000000000000000000e+00,0.000000000000000000e+00,0.000000000000000000e+00,1.000000000000000056e-01
9.979857260257463114e-01,-6.322772137084865796e-02,5.171643753623198642e-03,4.484474352325685231e+01,6.331598467334169367e-02,9.978089431998635739e-01,-1.919372176563251264e-02,2.926929654056350749e+00,-3.946737096541934678e-03,1.948250806805132407e-02,9.998024080515455214e-01,5.787637291280111063e-01,0.000000000000000000e+00,0.000000000000000000e+00,0.000000000000000000e+00,1.000000000000000056e-01
9.978135129304390727e-01,-6.540446460858499733e-02,9.510490138833520984e-03,4.582051062634852201e+01,6.558217362480024681e-02,9.976515283766589359e-01,-1.975870517931631667e-02,3.020734074324150420e+00,-8.195847489006344994e-03,2.033922164147240405e-02,9.997595431637329444e-01,5.866208642393114792e-01,0.000000000000000000e+00,0.000000000000000000e+00,0.000000000000000000e+00,1.000000000000000056e-01
9.977641039013488422e-01,-6.623604406276456524e-02,8.920730511217091208e-03,4.675641737559085698e+01,6.639462113907815266e-02,9.976155743519786734e-01,-1.883932308152368520e-02,3.094682041679180706e+00,-7.651617458846599051e-03,1.938948883512054897e-02,9.997827266326300144e-01,6.014661462175675544e-01,0.000000000000000000e+00,0.000000000000000000e+00,0.000000000000000000e+00,1.000000000000000056e-01
9.978322709297305915e-01,-6.575392642705989166e-02,2.679598970261855284e-03,4.772650793937953750e+01,6.579229132542137315e-02,9.976628872511542623e-01,-1.844282526733543801e-02,3.129863548899685988e+00,-1.460648269611166880e-03,1.857914317495230547e-02,9.998263258914105167e-01,6.023128826291316296e-01,0.000000000000000000e+00,0.000000000000000000e+00,0.000000000000000000e+00,1.000000000000000056e-01
9.977809588097709126e-01,-6.642965981226291172e-02,4.500948109156897338e-03,4.869080692386582854e+01,6.650737116164963381e-02,9.975822492278199061e-01,-2.016000016692258423e-02,3.196884389317176556e+00,-3.150843985486610245e-03,2.041461052263218029e-02,9.997866351674182805e-01,6.206453551245811884e-01,0.000000000000000000e+00,0.000000000000000000e+00,0.000000000000000000e+00,1.000000000000000056e-01
9.980294341838454875e-01,-6.261007043233386693e-02,4.150612380282135347e-03,4.968342421539914255e+01,6.268343518440709639e-02,9.978151670088339920e-01,-2.087293560127374131e-02,3.264601813274081277e+00,-2.834688017294834540e-03,2.109197875001009304e-02,9.997735208417223296e-01,6.291678737701266177e-01,0.000000000000000000e+00,0.000000000000000000e+00,0.000000000000000000e+00,1.000000000000000056e-01
9.981460653252777204e-01,-6.066243910717936810e-02,4.949823959921858911e-03,5.069574808795788812e+01,6.074684224244831371e-02,9.979686291611575832e-01,-1.919469634484915338e-02,3.358403723479551406e+00,-3.775371933672060261e-03,1.945979680694593511e-02,9.998035121337566222e-01,6.571314805759768118e-01,0.000000000000000000e+00,0.000000000000000000e+00,0.000000000000000000e+00,1.000000000000000056e-01
9.982385582847551619e-01,-5.916028720103167632e-02,4.454343034052326428e-03,5.163352813606751823e+01,5.923333301474682094e-02,9.980709368987334962e-01,-1.859616030390441946e-02,3.431728939565803049e+00,-3.345596140849542259e-03,1.882724983569968383e-02,9.998171541087332859e-01,6.712730532098176717e-01,0.000000000000000000e+00,0.000000000000000000e+00,0.000000000000000000e+00,1.000000000000000056e-01
9.983929623164340406e-01,-5.659917831697312135e-02,2.832986208764178698e-03,5.256502606023036606e+01,5.664326626028388240e-02,9.982099814302520802e-01,-1.919305500389227939e-02,3.518236478466882922e+00,-1.741603968229878639e-03,1.932268063337301209e-02,9.998117827015035042e-01,7.003593883728511660e-01,0.000000000000000000e+00,0.000000000000000000e+00,0.000000000000000000e+00,1.000000000000000056e-01
9.982361351938499050e-01,-5.928081728864181832e-02,3.225382897646075255e-03,5.352228874320081076e+01,5.933819630280408319e-02,9.979886724013193877e-01,-2.230668550417030591e-02,3.589715269155828725e+00,-1.896537048319812784e-03,2.245872793019986977e-02,9.997459720783983261e-01,7.204824739211516116e-01,0.000000000000000000e+00,0.000000000000000000e+00,0.000000000000000000e+00,1.000000000000000056e-01
9.983859256391861559e-01,-5.661863375392325870e-02,4.458003748830964563e-03,5.446927640414376981e+01,5.671532629312155127e-02,9.980557287910244435e-01,-2.584828796810100318e-02,3.641159459015865796e+00,-2.985841430860755423e-03,2.605940404645166672e-02,9.996559369161439612e-01,7.459306478577487631e-01,0.000000000000000000e+00,0.000000000000000000e+00,0.000000000000000000e+00,1.000000000000000056e-01
9.982410056519638308e-01,-5.872702093838468029e-02,8.125985888391888332e-03,5.541219096052596171e+01,5.894721014642452517e-02,9.978039418365619584e-01,-3.020794715587352824e-02,3.686589596639567201e+00,-6.334118005617101962e-03,3.063381574537048929e-02,9.995106043869517176e-01,7.516256450801246380e-01,0.000000000000000000e+00,0.000000000000000000e+00,0.000000000000000000e+00,1.000000000000000056e-01
9.979494374347868124e-01,-6.281024484200921354e-02,1.232044911841487927e-02,5.637101128813483086e+01,6.312121005409375429e-02,9.976479818299919256e-01,-2.672484222312819513e-02,3.738951219931883951e+00,-1.061287731482695937e-02,2.744772291886846127e-02,9.995669008834123792e-01,7.749666595720560158e-01,0.000000000000000000e+00,0.000000000000000000e+00,0.000000000000000000e+00,1.000000000000000056e-01
9.977271868927741760e-01,-6.612083353658564089e-02,1.298059734597338533e-02,5.733678975373534570e+01,6.642416274781677565e-02,9.974900885076937174e-01,-2.452251887887745702e-02,3.833853693582379041e+00,-1.132656780682969253e-02,2.532900908722016814e-02,9.996150009680611070e-01,7.796914912980822399e-01,0.000000000000000000e+00,0.000000000000000000e+00,0.000000000000000000e+00,1.000000000000000056e-01
9.977584211182004559e-01,-6.650790254947765157e-02,7.404862333965825383e-03,5.821186470523616663e+01,6.668873913117905061e-02,9.973899066293231419e-01,-2.767645618650537223e-02,3.897909199669407077e+00,-5.544831900910179856e-03,2.810823815928678929e-02,9.995895066409867802e-01,7.925872137903178238e-01,0.000000000000000000e+00,0.000000000000000000e+00,0.000000000000000000e+00,1.000000000000000056e-01
9.975811676103897296e-01,-6.945956594615328161e-02,2.680061130552696333e-03,5.909957770729694460e+01,6.950576491850281313e-02,9.972451389019486578e-01,-2.590524231747254671e-02,3.958289212599745532e+00,-8.733110473021724746e-04,2.602886157720175550e-02,9.996608103215858243e-01,7.976438100771624518e-01,0.000000000000000000e+00,0.000000000000000000e+00,0.000000000000000000e+00,1.000000000000000056e-01
9.976869203261572450e-01,-6.783906061969688372e-02,-4.320979558502768304e-03,6.006970482621689911e+01,6.770927132440682228e-02,9.973857873804009566e-01,-2.523976442630649492e-02,4.029599151492396558e+00,6.021925508154976452e-03,2.488881246292554833e-02,9.996720879505236468e-01,8.198372561544260417e-01,0.000000000000000000e+00,0.000000000000000000e+00,0.000000000000000000e+00,1.000000000000000056e-01
9.979338260084396062e-01,-6.412473631084521231e-02,-4.012119293086931215e-03,6.096008330284215049e+01,6.401685952404619073e-02,9.976865111796331398e-01,-2.287940355189271163e-02,4.117075096044172433e+00,5.469973019670931053e-03,2.257528744615211469e-02,9.997301814949309806e-01,8.367041429344247438e-01,0.000000000000000000e+00,0.000000000000000000e+00,0.000000000000000000e+00,1.000000000000000056e-01
9.977900107622154069e-01,-6.642888071169074371e-02,-1.515991599623258551e-03,6.184874200182458281e+01,6.638466536305105692e-02,9.975883210607442431e-01,-2.026370863986219975e-02,4.180935812148284469e+00,2.858430998624220988e-03,2.011828746681631683e-02,9.997935206239479955e-01,8.566566326026434641e-01,0.000000000000000000e+00,0.000000000000000000e+00,0.000000000000000000e+00,1.000000000000000056e-01
9.978199601371831040e-01,-6.597965972692051984e-02,-1.418327941682617777e-03,6.272015738166976462e+01,6.594443134561231434e-02,9.976669239443960446e-01,-1.766467780149000993e-02,4.243962747078472653e+00,2.580528305250881331e-03,1.753263727014309215e-02,9.998429614214521255e-01,8.813261833698179393e-01,0.000000000000000000e+00,0.000000000000000000e+00,0.000000000000000000e+00,1.000000000000000056e-01
9.977493941871898864e-01,-6.704819545484197452e-02,-8.281819515766578477e-04,6.352590566108095516e+01,6.702635228799647127e-02,9.976223821370088229e-01,-1.603280256989878319e-02,4.306407478436939051e+00,1.901183331770248510e-03,1.594120903599439629e-02,9.998711233736125026e-01,9.018554639334689371e-01,0.000000000000000000e+00,0.000000000000000000e+00,0.000000000000000000e+00,1.000000000000000056e-01
9.975005540247684488e-01,-7.065841529169671065e-02,-1.818481404993791371e-04,6.434717264495427003e+01,7.064751412171134393e-02,9.973857424041832065e-01,-1.518583541590306368e-02,4.364572422509213290e+00,1.254379807985027970e-03,1.513503212161831923e-02,9.998846720167156032e-01,9.237407077867373362e-01,0.000000000000000000e+00,0.000000000000000000e+00,0.000000000000000000e+00,1.000000000000000056e-01
9.974722333670703600e-01,-7.105511338362112406e-02,5.608241699321780526e-04,6.513841636331802931e+01,7.105480576177840291e-02,9.973392994492947805e-01,-1.629528619404243400e-02,4.423774537791023143e+00,5.985314233818499977e-04,1.629394476578813200e-02,9.998670657262918038e-01,9.361439109182906337e-01,0.000000000000000000e+00,0.000000000000000000e+00,0.000000000000000000e+00,1.000000000000000056e-01
9.971905205837584552e-01,-7.486798673090237777e-02,2.418722959357376412e-03,6.594611724414616560e+01,7.489863038967177478e-02,9.970425800219797630e-01,-1.721304124393365637e-02,4.487925406857711685e+00,-1.122864036306776706e-03,1.734584059581582849e-02,9.998489190824684236e-01,9.566036864064483281e-01,0.000000000000000000e+00,0.000000000000000000e+00,0.000000000000000000e+00,1.000000000000000056e-01
9.970273958614760401e-01,-7.703967882639249642e-02,1.122402784163130038e-03,6.668026233266438396e+01,7.704774000106666410e-02,9.968949873334730372e-01,-1.624899966528899065e-02,4.561491472868925534e+00,1.329000061626644863e-04,1.628717641952775325e-02,9.998673463124333471e-01,9.765786065690472695e-01,0.000000000000000000e+00,0.000000000000000000e+00,0.000000000000000000e+00,1.000000000000000056e-01
9.969595773311252795e-01,-7.769747929245125750e-02,5.890914983524312039e-03,6.745195936384527613e+01,7.779719383741616479e-02,9.967846418337704684e-01,-1.918265975680748248e-02,4.633312749938643726e+00,-4.381529272696786485e-03,1.958263301808655515e-02,9.997986410699463145e-01,9.835255180644282280e-01,0.000000000000000000e+00,0.000000000000000000e+00,0.000000000000000000e+00,1.000000000000000056e-01
9.967014279250588915e-01,-8.071091546261238703e-02,8.485970618355587886e-03,6.817885901916272928e+01,8.084005226355228668e-02,9.965958948110709148e-01,-1.617122122002418588e-02,4.688557972130332985e+00,-7.151889412923967404e-03,1.680388558958495482e-02,9.998332260466830101e-01,1.006181605445036986e+00,0.000000000000000000e+00,0.000000000000000000e+00,0.000000000000000000e+00,1.000000000000000056e-01
9.965495403938019470e-01,-8.231856464629855319e-02,1.061449270927128027e-02,6.886559035639987769e+01,8.247593241004860798e-02,9.964747665803307397e-01,-1.535448279065025276e-02,4.762910891068278474e+00,-9.313115160627098710e-03,1.617694295126386253e-02,9.998257710235101126e-01,1.023120446597387767e+00,0.000000000000000000e+00,0.000000000000000000e+00,0.000000000000000000e+00,1.000000000000000056e-01
9.965439299583832566e-01,-8.284698305994629697e-02,6.047566532566327722e-03,6.951718551108373845e+01,8.290636524090601311e-02,9.965037409126341617e-01,-1.033580909591918888e-02,4.816081673594915458e+00,-5.170132072039936542e-03,1.080146957551453811e-02,9.999282964239820659e-01,1.046076984039091995e+00,0.000000000000000000e+00,0.000000000000000000e+00,0.000000000000000000e+00,1.000000000000000056e-01
9.966990138570073210e-01,-8.118215805957069986e-02,7.300611343707384421e-04,7.019255784063412307e+01,8.118539211720050830e-02,9.966482832666001546e-01,-1.005641926906541105e-02,4.883702575503757082e+00,8.878764236431750190e-05,1.008249346787351737e-02,9.999491664290864890e-01,1.055262123485289028e+00,0.000000000000000000e+00,0.000000000000000000e+00,0.000000000000000000e+00,1.000000000000000056e-01
9.965098411963961844e-01,-8.336062967297271087e-02,-4.375136484586290321e-03,7.092487835250086903e+01,8.331553401204257192e-02,9.964766075136390899e-01,-9.638073998313942403e-03,4.945528054242140925e+00,5.163157078903851151e-03,9.239918756910065617e-03,9.999439812861239396e-01,1.083144586187733127e+00,0.000000000000000000e+00,0.000000000000000000e+00,0.000000000000000000e+00,1.000000000000000056e-01
9.965044854646857297e-01,-8.344732660454863560e-02,-3.918434804313435452e-03,7.162143785979435506e+01,8.340534707766351918e-02,9.964667924389202236e-01,-9.873178077213709200e-03,5.000733704761532117e+00,4.728480476469358942e-03,9.511847824880103816e-03,9.999435815201475064e-01,1.085836265915088861e+00,0.000000000000000000e+00,0.000000000000000000e+00,0.000000000000000000e+00,1.000000000000000056e-01
9.964652901489777781e-01,-8.400251542893887036e-02,-7.091755243894597377e-04,7.229403087153158936e+01,8.399003394171618286e-02,9.964082580341830919e-01,-1.078227804103228799e-02,5.066224120265728992e+00,1.612366826398303581e-03,1.068460214026008617e-02,9.999416180709359558e-01,1.100405786982205258e+00,0.000000000000000000e+00,0.000000000000000000e+00,0.000000000000000000e+00,1.000000000000000056e-01
9.954976350030476651e-01,-9.475960434079040706e-02,2.253017646562909069e-03,7.289335129712340233e+01,9.477719404792873947e-02,9.954508720988913817e-01,-9.738825697065352921e-03,5.154724448146572158e+00,-1.319921111327404702e-03,9.908512639817165790e-03,9.999500383446797702e-01,1.108719626837119110e+00,0.000000000000000000e+00,0.000000000000000000e+00,0.000000000000000000e+00,1.000000000000000056e-01
9.956698252685272088e-01,-9.294543787822218128e-02,-1.656691693146431161e-03,7.345486912156790993e+01,9.292062653674110217e-02,9.956078550084042078e-01,-1.143486814895434446e-02,5.215234990256863767e+00,2.712234090208057169e-03,1.123141234173263663e-02,9.999332473535670340e-01,1.121336825197529086e+00,0.000000000000000000e+00,0.000000000000000000e+00,0.000000000000000000e+00,1.000000000000000056e-01
9.956274470118002817e-01,-9.327688064477644703e-02,-5.040862420752891850e-03,7.407906427358342683e+01,9.317813641484824771e-02,9.955013863560518983e-01,-1.717045885917629564e-02,5.268753141725235345e+00,6.619792369913058729e-03,1.662568195169344606e-02,9.998398697034542870e-01,1.159954305241680084e+00,0.000000000000000000e+00,0.000000000000000000e+00,0.000000000000000000e+00,1.000000000000000056e-01
9.957891609324609483e-01,-9.130899575607960561e-02,-8.161756149365224228e-03,7.470873910346520574e+01,9.113144568050930705e-02,9.956384854503701476e-01,-1.997663380736378058e-02,5.317549610065362309e+00,9.950204902706573373e-03,1.914872278010636836e-02,9.997671328055772744e-01,1.173138481711501369e+00,0.000000000000000000e+00,0.000000000000000000e+00,0.000000000000000000e+00,1.000000000000000056e-01
9.960396504869090117e-01,-8.827203177137799006e-02,-1.063311172089179482e-02,7.529013941865555637e+01,8.804273045937469067e-02,9.959080527654570192e-01,-2.038695784499182026e-02,5.363526812321626203e+00,1.238919977940576567e-02,1.937005017723010883e-02,9.997356194939528429e-01,1.189237057509945128e+00,0.000000000000000000e+00,0.000000000000000000e+00,0.000000000000000000e+00,1.000000000000000056e-01
9.963356055514532850e-01,-8.502271891915598456e-02,-9.300450419909542937e-03,7.584788259365910790e+01,8.481447454205152947e-02,9.961781795907032055e-01,-2.086958110524624738e-02,5.438157067539466816e+00,1.103929429695095846e-02,2.000429391273165353e-02,9.997389470289123059e-01,1.193999301866007112e+00,0.000000000000000000e+00,0.000000000000000000e+00,0.000000000000000000e+00,1.000000000000000056e-01
9.969303025917131134e-01,-7.820270586706072613e-02,-3.782666977836834140e-03,7.639246960713290946e+01,7.810706506120913828e-02,9.967247056928899562e-01,-2.095584522146474657e-02,5.467046048535958214e+00,5.409081430268488852e-03,2.059606410195716567e-02,9.997732462821701249e-01,1.215144173906796299e+00,0.000000000000000000e+00,0.000000000000000000e+00,0.000000000000000000e+00,1.000000000000000056e-01
9.976066992291741098e-01,-6.913102847764850123e-02,1.332124128861255502e-03,7.698270822481340758e+01,6.914141222070301074e-02,9.972240213086960292e-01,-2.763542004457550036e-02,5.480883873438227027e+00,5.820388294279618593e-04,2.766138511600346392e-02,9.996171812270261414e-01,1.229613270112291268e+00,0.000000000000000000e+00,0.000000000000000000e+00,0.000000000000000000e+00,1.000000000000000056e-01
9.983334062944017040e-01,-5.770486930603411363e-02,7.469504606241945174e-04,7.753793344686609146e+01,5.770194067710144453e-02,9.979032098366357184e-01,-2.932012687277673474e-02,5.517985687157368702e+00,9.465298269840831998e-04,2.931436262505088958e-02,9.995697935738022677e-01,1.235006752679256969e+00,0.000000000000000000e+00,0.000000000000000000e+00,0.000000000000000000e+00,1.000000000000000056e-01
9.989516530855153675e-01,-4.577691619040912679e-02,2.621865985561285710e-04,7.805525225077302309e+01,4.576948498345854294e-02,9.986484427206228087e-01,-2.462604507475435467e-02,5.550753019006389621e+00,8.654721631379725831e-04,2.461222858196975699e-02,9.996966985852077103e-01,1.248184802661946646e+00,0.000000000000000000e+00,0.000000000000000000e+00,0.000000000000000000e+00,1.000000000000000056e-01
9.995774362251099721e-01,-2.906080196332467419e-02,6.471312730618136201e-04,7.857498220141091849e+01,2.906799279741711234e-02,9.993506829819762682e-01,-2.129000277564407212e-02,5.574140979116078753e+00,-2.800652525169426005e-05,2.129981719888811992e-02,9.997731327670935642e-01,1.261550013724273445e+00,0.000000000000000000e+00,0.000000000000000000e+00,0.000000000000000000e+00,1.000000000000000056e-01
9.998685906661547440e-01,-1.615489113226078674e-02,-1.349404232393871519e-03,7.905580284060975771e+01,1.613189611126126730e-02,9.997482092152167876e-01,-1.559743885458480736e-02,5.599214366930964637e+00,1.601039391481119288e-03,1.557362075664615875e-02,9.998774419944651548e-01,1.249885738514051159e+00,0.000000000000000000e+00,0.000000000000000000e+00,0.000000000000000000e+00,1.000000000000000056e-01
9.999411544335845559e-01,1.083417915056869574e-02,5.551866025850138355e-04,7.955269381428179543e+01,-1.082359415019094537e-02,9.998063648354299504e-01,-1.643419131673322028e-02,5.607102385249848275e+00,-7.331300718560634401e-04,1.642721512297260281e-02,9.998647954216616229e-01,1.270030925347155337e+00,0.000000000000000000e+00,0.000000000000000000e+00,0.000000000000000000e+00,1.000000000000000056e-01
9.993731046277926078e-01,3.511898521461144507e-02,4.478238951073163637e-03,8.006715053961602280e+01,-3.504820363012811635e-02,9.992728983233712947e-01,-1.500993333464075222e-02,5.599768293393675656e+00,-5.002116442875046559e-03,1.484356944623454327e-02,9.998773161129252962e-01,1.290896434290336847e+00,0.000000000000000000e+00,0.000000000000000000e+00,0.000000000000000000e+00,1.000000000000000056e-01
9.979992758967725086e-01,6.304577141562225928e-02,4.761934074187042579e-03,8.054221135032821621e+01,-6.296719520483726185e-02,9.979004559944234520e-01,-1.515955982730673481e-02,5.565416149432768300e+00,-5.707682327680463005e-03,1.482938409816402132e-02,9.998737478950606716e-01,1.298581586425973544e+00,0.000000000000000000e+00,0.000000000000000000e+00,0.000000000000000000e+00,1.000000000000000056e-01
9.952554221161874493e-01,9.714188911178310570e-02,5.486176093014611364e-03,8.101266774862189379e+01,-9.705308004016512113e-02,9.951716971227440034e-01,-1.462849618227174409e-02,5.493145006626649618e+00,-6.880726927209960923e-03,1.402663985534211358e-02,9.998779470371980116e-01,1.307229990696808564e+00,0.000000000000000000e+00,0.000000000000000000e+00,0.000000000000000000e+00,1.000000000000000056e-01
