1.000000000000000000e+00,-6.975796296230495648e-12,4.438102131256922044e-12,4.549800524993095642e-19,6.975796296235659064e-12,1.000000000000000000e+00,-1.163402991530364610e-12,1.630513426243962335e-18,-4.438102131248806949e-12,1.163402991561324106e-12,1.000000000000000000e+00,-1.410392948628447408e-18,0.000000000000000000e+00,0.000000000000000000e+00,0.000000000000000000e+00,1.000000000000000056e-01
9.999920203480694436e-01,-3.990917436065061739e-03,-1.783765814867015913e-04,6.556252665636006505e-01,3.990377989159596926e-03,9.999877499189930852e-01,-2.928633717787859896e-03,7.032576709429782733e-03,1.900623317272962778e-04,2.927898558325613566e-03,9.999956956339073333e-01,2.038731390173022587e-03,0.000000000000000000e+00,0.000000000000000000e+00,0.000000000000000000e+00,1.000000000000000056e-01
9.999534962595051368e-01,-9.353594218365228474e-03,-2.348530091350019278e-03,1.325919406599730621e+00,9.350321345991067373e-03,9.999553037420660928e-01,-1.400717258809066083e-03,9.439952978732591218e-03,2.361526861696851103e-03,1.378692609172303468e-03,9.999962611917960764e-01,6.221333559046511238e-03,0.000000000000000000e+00,0.000000000000000000e+00,0.000000000000000000e+00,1.000000000000000056e-01
9.998857147951628610e-01,-1.494238177852211941e-02,-2.298385379152200966e-03,2.043406028384352702e+00,1.494067505475573168e-02,9.998880945998860348e-01,-7.579619500037458385e-04,3.481246370954814624e-04,2.309453934247279738e-03,7.235358970665164242e-04,9.999970714548774842e-01,4.937097792598946211e-03,0.000000000000000000e+00,0.000000000000000000e+00,0.000000000000000000e+00,1.000000000000000056e-01
9.997908659169548740e-01,-1.998353066157659494e-02,-4.345449496128370517e-03,2.738281982121674840e+00,1.998475169328750231e-02,9.998002566394115220e-01,2.377467652848543099e-04,8.638181509416666820e-03,4.339830501668985249e-03,-3.245397735089462299e-04,9.999905302277377617e-01,1.024870822424351485e-02,0.000000000000000000e+00,0.000000000000000000e+00,0.000000000000000000e+00,1.000000000000000056e-01
9.996848553698929329e-01,-2.433024313002919714e-02,-6.182977705756066526e-03,3.444250819142367970e+00,2.432988329195704541e-02,9.997039756739926064e-01,-1.334189379027163498e-04,1.032434462251179304e-02,6.184393509145323826e-03,-1.705423433693568951e-05,9.999808763101808440e-01,2.506236117032716385e-02,0.000000000000000000e+00,0.000000000000000000e+00,0.000000000000000000e+00,1.000000000000000056e-01
9.995188185658376856e-01,-3.003809059611674964e-02,-7.735919214386262170e-03,4.165172532501671299e+00,3.003939638331586115e-02,9.995487141179482116e-01,5.263157028282403407e-05,4.509445507334352427e-02,7.730847151383745709e-03,-2.849885886186114426e-04,9.999700759441886300e-01,4.339818849354958041e-02,0.000000000000000000e+00,0.000000000000000000e+00,0.000000000000000000e+00,1.000000000000000056e-01
9.993666758862381760e-01,-3.454426871828651657e-02,-8.540528485374320952e-03,4.933997250840989501e+00,3.457353032379026359e-02,9.993966999451949773e-01,3.302595888657423873e-03,7.339204049141159758e-02,8.421290224225339363e-03,-3.595780495613409497e-03,9.999580752379505499e-01,5.539218520210796581e-02,0.000000000000000000e+00,0.000000000000000000e+00,0.000000000000000000e+00,1.000000000000000056e-01
9.992692630139454746e-01,-3.757603244357402006e-02,-6.998698547991191732e-03,5.704673561739615373e+00,3.760410268868095984e-02,9.992850140552713700e-01,3.923282494946954239e-03,1.091484787785929195e-01,6.846273186582553169e-03,-4.183595386206938847e-03,9.999678125185326172e-01,6.062430247940106542e-02,0.000000000000000000e+00,0.000000000000000000e+00,0.000000000000000000e+00,1.000000000000000056e-01
9.990752321713388673e-01,-4.268258635972856097e-02,-5.184330567159896319e-03,6.498384365895903514e+00,4.270345996111192532e-02,9.990798454641566240e-01,3.984582119454408572e-03,1.634896797388401546e-01,5.009487911452168915e-03,-4.202286158899559698e-03,9.999786226824569635e-01,7.174516919677338678e-02,0.000000000000000000e+00,0.000000000000000000e+00,0.000000000000000000e+00,1.000000000000000056e-01
9.988407295688362941e-01,-4.801839922140994921e-02,-3.380871279454960611e-03,7.323913359156992264e+00,4.802748999257080986e-02,9.988424695600588432e-01,2.661053959719545184e-03,1.981812067330631644e-01,3.249178266647941710e-03,-2.820343840088504299e-03,9.999907442077727859e-01,9.204868898262046073e-02,0.000000000000000000e+00,0.000000000000000000e+00,0.000000000000000000e+00,1.000000000000000056e-01
9.987613758675283337e-01,-4.967410327183705010e-02,-2.863134530665561225e-03,8.140513911774704070e+00,4.968306919016587941e-02,9.987600651984883671e-01,3.150365146539924749e-03,2.448988470214454594e-01,2.703092866886358959e-03,-3.288712339231132827e-03,9.999909387889985846e-01,1.069946265565511895e-01,0.000000000000000000e+00,0.000000000000000000e+00,0.000000000000000000e+00,1.000000000000000056e-01
9.986050111498165904e-01,-5.267646314405478175e-02,-3.636198166737685932e-03,8.987894309667609605e+00,5.268835407944797572e-02,9.986056969743563050e-01,3.255658882429095322e-03,2.954455606396955702e-01,3.459631609502072849e-03,-3.442702571100221109e-03,9.999880893031344309e-01,1.158801167451160574e-01,0.000000000000000000e+00,0.000000000000000000e+00,0.000000000000000000e+00,1.000000000000000056e-01
9.986154238554639795e-01,-5.249550575077317760e-02,-3.384835881179155785e-03,9.668640737429550214e+00,5.251279670292505197e-02,9.986065054729775792e-01,5.239600126470825639e-03,3.775027438207060326e-01,3.105063672332962661e-03,-5.410092699629933874e-03,9.999805445490288491e-01,1.336773310142937154e-01,0.000000000000000000e+00,0.000000000000000000e+00,0.000000000000000000e+00,1.000000000000000056e-01
9.983525064320620812e-01,-5.724977022293655654e-02,-3.838842304718226642e-03,1.042327839127801958e+01,5.727057984672939001e-02,9.983432687032554043e-01,5.549641332456696843e-03,4.411718292198254510e-01,3.514766683425875685e-03,-5.760351058788479653e-03,9.999772321262322405e-01,1.404601462243270649e-01,0.000000000000000000e+00,0.000000000000000000e+00,0.000000000000000000e+00,1.000000000000000056e-01
9.982119097160007115e-01,-5.961312695525139427e-02,-4.388438874128692754e-03,1.125047872946832861e+01,5.963077618436170291e-02,9.982124591881462727e-01,4.007100348625183828e-03,4.921099164873706244e-01,4.141718578735837861e-03,-4.261621307726717531e-03,9.999823422196234546e-01,1.617326773248118910e-01,0.000000000000000000e+00,0.000000000000000000e+00,0.000000000000000000e+00,1.000000000000000056e-01
9.980092473717997459e-01,-6.282406429884272725e-02,-5.538872209088179302e-03,1.214231162427813615e+01,6.285047575511941431e-02,9.980117430637513998e-01,4.730581804374219337e-03,5.566243928628562543e-01,5.230665132550523302e-03,-5.069285139702246062e-03,9.999734708933250005e-01,1.748738503562265456e-01,0.000000000000000000e+00,0.000000000000000000e+00,0.000000000000000000e+00,1.000000000000000056e-01
9.978703836804411198e-01,-6.483604090562869460e-02,-7.140390264740394469e-03,1.304135432593023225e+01,6.488607773765708853e-02,9.978680273626651109e-01,7.014048985159575603e-03,6.343486651666804255e-01,6.670403981160186180e-03,-7.462423669769749357e-03,9.999499077172321337e-01,1.881130413413093505e-01,0.000000000000000000e+00,0.000000000000000000e+00,0.000000000000000000e+00,1.000000000000000056e-01
9.980167769711957293e-01,-6.206710306155015927e-02,-1.049702822581459645e-02,1.391669508316948445e+01,6.217278186493382236e-02,9.980147021107153016e-01,1.005979950275022808e-02,6.969510199545093654e-01,9.851805885318394920e-03,-1.069247812282484236e-02,9.998943008300381630e-01,1.940935280535126817e-01,0.000000000000000000e+00,0.000000000000000000e+00,0.000000000000000000e+00,1.000000000000000056e-01
9.970291163427403847e-01,-7.664984526580717605e-02,-7.598841065718672100e-03,1.488510286493850998e+01,7.672119470903226990e-02,9.970064632727901888e-01,9.590123810523499756e-03,7.843413684332483093e-01,6.841012149747653995e-03,-1.014462483338971106e-02,9.999251407679260462e-01,2.062374096584625449e-01,0.000000000000000000e+00,0.000000000000000000e+00,0.000000000000000000e+00,1.000000000000000056e-01
9.966632198201103021e-01,-8.132489571717632648e-02,-6.977649633003753411e-03,1.584673522725086059e+01,8.137773838050382791e-02,9.966539250945580797e-01,7.656192897595984551e-03,8.803332695393248919e-01,6.331662805680214438e-03,-8.198471211227272362e-03,9.999463461185874591e-01,2.175331772449340673e-01,0.000000000000000000e+00,0.000000000000000000e+00,0.000000000000000000e+00,1.000000000000000056e-01
9.965250032153661897e-01,-8.305742197769544477e-02,-6.275557428107708322e-03,1.675512101802376819e+01,8.310436246154515039e-02,9.965116331704886310e-01,7.630851574079436893e-03,9.731183957433040543e-01,5.619867122501327403e-03,-8.125860588549197600e-03,9.999511925505268906e-01,2.363187141314063155e-01,0.000000000000000000e+00,0.000000000000000000e+00,0.000000000000000000e+00,1.000000000000000056e-01
9.963068806361864427e-01,-8.570135198895904860e-02,-5.279949266447070064e-03,1.764706872951233763e+01,8.574316518347276095e-02,9.962828692782906836e-01,8.279734714111346844e-03,1.061745113293381948e+00,4.550738545710433791e-03,-8.701876227624749660e-03,9.999517829019595183e-01,2.591082824862626088e-01,0.000000000000000000e+00,0.000000000000000000e+00,0.000000000000000000e+00,1.000000000000000056e-01
9.962525950742882053e-01,-8.631807456808684997e-02,-5.473281520677828089e-03,1.855623851774328514e+01,8.635811751646024770e-02,9.962354867327555263e-01,7.558472951790115579e-03,1.146016104153444237e+00,4.800244447904384974e-03,-8.002810581783084340e-03,9.999564553899497055e-01,2.627323668965322323e-01,0.000000000000000000e+00,0.000000000000000000e+00,0.000000000000000000e+00,1.000000000000000056e-01
9.960565450695773038e-01,-8.853686871213624354e-02,-5.708055948142242743e-03,1.949408023777756682e+01,8.856284663052464701e-02,9.960605569156367745e-01,4.470923127251031672e-03,1.231136906458594860e+00,5.289727852672696483e-03,-4.958813926895107825e-03,9.999737141263679296e-01,2.804529654687671347e-01,0.000000000000000000e+00,0.000000000000000000e+00,0.000000000000000000e+00,1.000000000000000056e-01
9.959140429636352820e-01,-9.021882398600511443e-02,-3.972760552632090790e-03,2.042561195247596473e+01,9.022876476994654005e-02,9.959181789644936389e-01,2.398085931854348780e-03,1.314502990955095596e+00,3.740191962450044490e-03,-2.746744733158044873e-03,9.999892331207645979e-01,2.986162774413956278e-01,0.000000000000000000e+00,0.000000000000000000e+00,0.000000000000000000e+00,1.000000000000000056e-01
9.960210371953864827e-01,-8.911744409783990684e-02,4.178776076391652050e-04,2.134844359628348798e+01,8.911596075879930912e-02,9.960174212611923039e-01,2.764431630676191746e-03,1.410295569746288447e+00,-6.625724584726434743e-04,-2.716192495557480987e-03,9.999960916403944911e-01,3.063400032858373256e-01,0.000000000000000000e+00,0.000000000000000000e+00,0.000000000000000000e+00,1.000000000000000056e-01
9.959042288436303902e-01,-9.036358172170742831e-02,3.031512790366473319e-03,2.229728879340362369e+01,9.036168978215623759e-02,9.959087277605502830e-01,7.556388525846533671e-04,1.503697472925125123e+00,-3.087392279451340541e-03,-4.786113104338709265e-04,9.999951194581533365e-01,3.159649712438947766e-01,0.000000000000000000e+00,0.000000000000000000e+00,0.000000000000000000e+00,1.000000000000000056e-01
9.959652273040070503e-01,-8.948586476470969664e-02,6.748778303496376883e-03,2.327482694878169767e+01,8.948370020520400592e-02,9.959880921702211065e-01,6.226176260423066508e-04,1.597213498885374339e+00,-6.777418303663284953e-03,-1.619985098325212557e-05,9.999770329056072438e-01,3.271557797916476718e-01,0.000000000000000000e+00,0.000000000000000000e+00,0.000000000000000000e+00,1.000000000000000056e-01
9.961439500611484199e-01,-8.735998650081394645e-02,8.090952672576543284e-03,2.420761211199135232e+01,8.737330189643413569e-02,9.961747835088550218e-01,-1.306451989285202075e-03,1.692585889202862681e+00,-7.945871398836413732e-03,2.008347495662597508e-03,9.999664142700243064e-01,3.379079965950236297e-01,0.000000000000000000e+00,0.000000000000000000e+00,0.000000000000000000e+00,1.000000000000000056e-01
9.961945151721113278e-01,-8.696123947164510759e-02,5.850706842539775583e-03,2.516484804048069890e+01,8.697928823792622222e-02,9.962058871009186189e-01,-2.904121742529081583e-03,1.771102418165367176e+00,-5.575962573932869391e-03,3.401960468152420355e-03,9.999786674256342378e-01,3.432355895193561213e-01,0.000000000000000000e+00,0.000000000000000000e+00,0.000000000000000000e+00,1.000000000000000056e-01
9.964878347100959433e-01,-8.373296686935945143e-02,8.863035819182766553e-04,2.610832985350018731e+01,8.373593973932359769e-02,9.964793701142040661e-01,-4.142141085413996414e-03,1.871348790122064232e+00,-5.363494727667043492e-04,4.201808664594175284e-03,9.999910285263509113e-01,3.456872997304501482e-01,0.000000000000000000e+00,0.000000000000000000e+00,0.000000000000000000e+00,1.000000000000000056e-01
9.965189689954845331e-01,-8.336059335596408826e-02,-9.777052306829277749e-04,2.706210468595755003e+01,8.335445843587009629e-02,9.965064635810827465e-01,-5.186742714554070689e-03,1.956303077115709277e+00,1.406659532122522035e-03,5.087191412338771222e-03,9.999860707992361819e-01,3.545247111278258534e-01,0.000000000000000000e+00,0.000000000000000000e+00,0.000000000000000000e+00,1.000000000000000056e-01
9.966062930147953081e-01,-8.228670507381691257e-02,2.189724047153056730e-03,2.804097272408326091e+01,8.230097941442976461e-02,9.965791825036566243e-01,-7.515436631962433243e-03,2.037137301516950050e+00,-1.563812883185138882e-03,7.670147875895704480e-03,9.999693611910458468e-01,3.620688918293525349e-01,0.000000000000000000e+00,0.000000000000000000e+00,0.000000000000000000e+00,1.000000000000000056e-01
9.966058589860733452e-01,-8.192385299347078320e-02,8.077384807916386522e-03,2.904230421716988531e+01,8.199540553473309845e-02,9.965923855086966654e-01,-8.964966105899745130e-03,2.113166281786588385e+00,-7.315415629041918839e-03,9.596846189736444460e-03,9.999271899680420850e-01,3.798995283970361125e-01,0.000000000000000000e+00,0.000000000000000000e+00,0.000000000000000000e+00,1.000000000000000056e-01
9.967416451724658844e-01,-7.999111147823143031e-02,1.036893742691570759e-02,2.998416663603285315e+01,8.010597593863372223e-02,9.967236473253763274e-01,-1.118049557567922341e-02,2.182898794550700572e+00,-9.440624863067998904e-03,1.197467940597569426e-02,9.998837340687760644e-01,3.848716468224748222e-01,0.000000000000000000e+00,0.000000000000000000e+00,0.000000000000000000e+00,1.000000000000000056e-01
9.966318999441493576e-01,-8.146208138170014934e-02,9.422595750449718616e-03,3.088811648672961852e+01,8.162937174902183679e-02,9.964817820561725492e-01,-1.899220097867870480e-02,2.246660840007796089e+00,-7.842300783260324620e-03,1.969739391685590077e-02,9.997752302349308673e-01,3.967701592660398124e-01,0.000000000000000000e+00,0.000000000000000000e+00,0.000000000000000000e+00,1.000000000000000056e-01
9.966382447926477317e-01,-8.159015169592084837e-02,7.433448921389688123e-03,3.182304205697150223e+01,8.174137616788598737e-02,9.963875184662167594e-01,-2.302738515148027021e-02,2.323304885186068258e+00,-5.527787876759177564e-03,2.355759306404365400e-02,9.997071988188434011e-01,4.051137067318463791e-01,0.000000000000000000e+00,0.000000000000000000e+00,0.000000000000000000e+00,1.000000000000000056e-01
9.968167282472538693e-01,-7.963753389026959062e-02,3.778026246144177390e-03,3.279160392148974523e+01,7.970710510130329940e-02,9.965083964057821486e-01,-2.485544787660124225e-02,2.390868475876612997e+00,-1.785408303493429870e-03,2.507746176655070366e-02,9.996839166599296167e-01,4.047427921503594095e-01,0.000000000000000000e+00,0.000000000000000000e+00,0.000000000000000000e+00,1.000000000000000056e-01
9.966759395507418517e-01,-8.134985630559776748e-02,4.390034134788577125e-03,3.373744657878967956e+01,8.143553816717882810e-02,9.963548322618180908e-01,-2.540278236623559269e-02,2.468478565430490601e+00,-2.307519028735289818e-03,2.567584677440966703e-02,9.996676578985382866e-01,4.070832748256805189e-01,0.000000000000000000e+00,0.000000000000000000e+00,0.000000000000000000e+00,1.000000000000000056e-01
9.966592798796738428e-01,-8.148675588020491689e-02,5.494401318593924131e-03,3.469930315237480301e+01,8.160258924823517168e-02,9.963275406445202265e-01,-2.593162511732879927e-02,2.557694314274486125e+00,-3.361139347555931918e-03,2.629335218951276559e-02,9.996486194523176438e-01,4.233665074477094836e-01,0.000000000000000000e+00,0.000000000000000000e+00,0.000000000000000000e+00,1.000000000000000056e-01
9.965975064621938051e-01,-8.220785075452502477e-02,5.939645415293331315e-03,3.567121076600474794e+01,8.233025366396143352e-02,9.963001183100533842e-01,-2.465367289069344062e-02,2.638612497599313045e+00,-3.890943968427506162e-03,2.505880144171475019e-02,9.996784068015770464e-01,4.260094951657383278e-01,0.000000000000000000e+00,0.000000000000000000e+00,0.000000000000000000e+00,1.000000000000000056e-01
9.966723241526351806e-01,-8.137061417555291332e-02,4.806393333648646855e-03,3.663424976262294308e+01,8.146139601988736101e-02,9.964015594389505903e-01,-2.340882966144191071e-02,2.714907062961835038e+00,-2.884306966242060431e-03,2.372246817514215081e-02,9.997144218610651834e-01,4.432189383331852084e-01,0.000000000000000000e+00,0.000000000000000000e+00,0.000000000000000000e+00,1.000000000000000056e-01
9.964882974401613192e-01,-8.344355517279540557e-02,6.945945935089121830e-03,3.762542612620203641e+01,8.358244004051589016e-02,9.962365824394969760e-01,-2.294880228126976174e-02,2.810363727721614691e+00,-5.004875790875998147e-03,2.344877202319764486e-02,9.997125118297369717e-01,4.551769028236642978e-01,0.000000000000000000e+00,0.000000000000000000e+00,0.000000000000000000e+00,1.000000000000000056e-01
9.966431313324686236e-01,-8.125151798706042872e-02,1.003292542631806922e-02,3.861114083125340102e+01,8.146164834365651752e-02,9.964180096170153211e-01,-2.269691520890137343e-02,2.896143843117471306e+00,-8.152828769580962309e-03,2.343802328832384624e-02,9.996920478064181825e-01,4.781369822868661856e-01,0.000000000000000000e+00,0.000000000000000000e+00,0.000000000000000000e+00,1.000000000000000056e-01
9.966846313762057763e-01,-8.053196538162477047e-02,1.159086408554415096e-02,3.960362559077294264e+01,8.072883880079501084e-02,9.965796728232489965e-01,-1.765815113145444495e-02,2.983092429415600488e+00,-1.012917392248854909e-02,1.853532484956282519e-02,9.997768958964641239e-01,4.836345789430697706e-01,0.000000000000000000e+00,0.000000000000000000e+00,0.000000000000000000e+00,1.000000000000000056e-01
9.965558005275806375e-01,-8.232556279585971637e-02,9.951791053769627401e-03,4.059948467424300134e+01,8.250520250903979613e-02,9.964049593420895023e-01,-1.923664621058917765e-02,3.063965391480695022e+00,-8.332346234720700365e-03,1.999146590007845961e-02,9.997654291369504342e-01,4.982645651594863612e-01,0.000000000000000000e+00,0.000000000000000000e+00,0.000000000000000000e+00,1.000000000000000056e-01
9.965425463187931321e-01,-8.263519487822877652e-02,8.624264832039258213e-03,4.160578570234892481e+01,8.275888760869325178e-02,9.964546665981036666e-01,-1.513485832882688863e-02,3.141665478926560340e+00,-7.343016970406435716e-03,1.579626482112568564e-02,9.998482675483681970e-01,5.239569004972692845e-01,0.000000000000000000e+00,0.000000000000000000e+00,0.000000000000000000e+00,1.000000000000000056e-01
9.964651191423036236e-01,-8.373602420381143219e-02,6.748672703091694938e-03,4.263049656705888424e+01,8.382303807950267083e-02,9.963844112257466135e-01,-1.384930877135924845e-02,3.200368336363091259e+00,-5.564586223340691265e-03,1.436604736386839706e-02,9.998813189890598530e-01,5.292637441683880617e-01,0.000000000000000000e+00,0.000000000000000000e+00,0.000000000000000000e+00,1.000000000000000056e-01
9.965375313850787231e-01,-8.270207509865026840e-02,8.562436295266992806e-03,4.365003318550942168e+01,8.282171773277857696e-02,9.964557413433603461e-01,-1.471457154137354242e-02,3.287645096559014934e+00,-7.315163205646430834e-03,1.537277848118102225e-02,9.998550725325362487e-01,5.423562174685097048e-01,0.000000000000000000e+00,0.000000000000000000e+00,0.000000000000000000e+00,1.000000000000000056e-01
9.966268715676150913e-01,-8.154566096460005853e-02,9.229520420635017874e-03,4.464074087770050880e+01,8.169867504521766133e-02,9.965010545240881035e-01,-1.763447839422273636e-02,3.375862910221710589e+00,-7.759211635491549373e-03,1.832903462342956938e-02,9.998019009406656776e-01,5.604306303911992249e-01,0.000000000000000000e+00,0.000000000000000000e+00,0.000000000000000000e+00,1.000000000000000056e-01
9.964725141584677148e-01,-8.327231154559612547e-02,1.040435757533739701e-02,4.562179848209459720e+01,8.343627016461159507e-02,9.963770483207772255e-01,-1.646713091565928794e-02,3.469888094147674185e+00,-8.995407034717696135e-03,1.727714413404871779e-02,9.998102734733480546e-01,5.715647699161011674e-01,0.000000000000000000e+00,0.000000000000000000e+00,0.000000000000000000e+00,1.000000000000000056e-01
9.958254062743684409e-01,-9.083529325992978354e-02,8.983858684978801926e-03,4.653407986896090165e+01,9.096760809321072228e-02,9.957313883157019596e-01,-1.561718926967089680e-02,3.541983731208607988e+00,-7.526918113619634164e-03,1.636923398535366711e-02,9.998376836679260249e-01,5.826816689014011619e-01,0.000000000000000000e+00,0.000000000000000000e+00,0.000000000000000000e+00,1.000000000000000056e-01
9.960493264313543538e-01,-8.870465437087676763e-02,4.150133562747100081e-03,4.748160610769051715e+01,8.875881382956612997e-02,9.959326630650164880e-01,-1.549204982540459963e-02,3.638489277747613215e+00,-2.759036645963307451e-03,1.579920672589893438e-02,9.998713781200152528e-01,5.817000529134578324e-01,0.000000000000000000e+00,0.000000000000000000e+00,0.000000000000000000e+00,1.000000000000000056e-01
9.962091270753595795e-01,-8.695005741848729763e-02,2.657564048494715468e-03,4.843137949222521854e+01,8.698389816705640043e-02,9.960476587257965919e-01,-1.796838909090933342e-02,3.730045941740899984e+00,-1.084707985244723122e-03,1.813143849177189723e-02,9.998350235647908146e-01,5.858421264505080384e-01,0.000000000000000000e+00,0.000000000000000000e+00,0.000000000000000000e+00,1.000000000000000056e-01
9.963662690285346457e-01,-8.505720784918950617e-02,4.419200726095178638e-03,4.940422126075154807e+01,8.512337504956386802e-02,9.962086984989220184e-01,-1.795104607690834256e-02,3.836639959757832674e+00,-2.875580346474798047e-03,1.826199408563518659e-02,9.998291007015585041e-01,5.977161243884999697e-01,0.000000000000000000e+00,0.000000000000000000e+00,0.000000000000000000e+00,1.000000000000000056e-01
9.964549310679294836e-01,-8.392855416605027319e-02,5.793802378777666157e-03,5.042133103094897706e+01,8.401645359235102029e-02,9.963174867797821577e-01,-1.710850848504796504e-02,3.934643806100843300e+00,-4.336574243834809272e-03,1.753463237182338250e-02,9.998368520870856146e-01,6.217257937229654363e-01,0.000000000000000000e+00,0.000000000000000000e+00,0.000000000000000000e+00,1.000000000000000056e-01
9.965618707443054669e-01,-8.266360854906797118e-02,5.582615897293641272e-03,5.136605880269199531e+01,8.275342150898080951e-02,9.963994910690727735e-01,-1.843706662811659194e-02,4.021122265481964497e+00,-4.038441180357784516e-03,1.883565817642475146e-02,9.998144372701834870e-01,6.294302720985515132e-01,0.000000000000000000e+00,0.000000000000000000e+00,0.000000000000000000e+00,1.000000000000000056e-01
9.966749475433760441e-01,-8.134818802713335295e-02,4.639099493510879559e-03,5.232212717152120973e+01,8.142532896653102703e-02,9.964783434931807626e-01,-2.002065812551014762e-02,4.108929911578451666e+00,-2.994117916972820724e-03,2.033182858939428655e-02,9.997888037001168016e-01,6.456594349690407686e-01,0.000000000000000000e+00,0.000000000000000000e+00,0.000000000000000000e+00,1.000000000000000056e-01
9.966369031631747699e-01,-8.184048274820192315e-02,4.125365057522011221e-03,5.330582339923132196e+01,8.191185679624383986e-02,9.963964300591074963e-01,-2.201367487853068614e-02,4.197659148701119669e+00,-2.308889236884600210e-03,2.227755707000377353e-02,9.997491582799580279e-01,6.682398648202448888e-01,0.000000000000000000e+00,0.000000000000000000e+00,0.000000000000000000e+00,1.000000000000000056e-01
9.966208052458398470e-01,-8.199439591456073040e-02,4.887697795491215309e-03,5.426316184976033696e+01,8.208831256687437739e-02,9.963389778337391478e-01,-2.387781793093929003e-02,4.277346874424466705e+00,-2.911956568514704330e-03,2.419835299821497185e-02,9.997029359870445164e-01,6.686841633184484879e-01,0.000000000000000000e+00,0.000000000000000000e+00,0.000000000000000000e+00,1.000000000000000056e-01
9.965363173675136910e-01,-8.264677308691686930e-02,9.212983551146962380e-03,5.521269543258120649e+01,8.286421899657420154e-02,9.962097882466642851e-01,-2.644955598160477622e-02,4.350456404096633811e+00,-6.992093941146721760e-03,2.712136980050839502e-02,9.996076940092358809e-01,6.861276811193783853e-01,0.000000000000000000e+00,0.000000000000000000e+00,0.000000000000000000e+00,1.000000000000000056e-01
9.963148819002070056e-01,-8.469992361436176620e-02,1.351218131531460066e-02,5.616218962363544165e+01,8.502346673493646478e-02,9.960525746066343222e-01,-2.550056320688635567e-02,4.438466094297194964e+00,-1.129894723192428722e-02,2.655544311843682434e-02,9.995834843734832109e-01,7.125799913035982813e-01,0.000000000000000000e+00,0.000000000000000000e+00,0.000000000000000000e+00,1.000000000000000056e-01
9.961552512141755855e-01,-8.643808970394264990e-02,1.425384603382135254e-02,5.711913134164156958e+01,8.674334869962485595e-02,9.959787419485706117e-01,-2.240395150231161425e-02,4.513389847451204417e+00,-1.225997287101442124e-02,2.355424027379796059e-02,9.996473832458754316e-01,7.105114515787078755e-01,0.000000000000000000e+00,0.000000000000000000e+00,0.000000000000000000e+00,1.000000000000000056e-01
9.961457105250810518e-01,-8.722900897759440497e-02,9.209961740858290530e-03,5.801438197763796012e+01,8.741968529368478180e-02,9.959091514235335341e-01,-2.286396146800547674e-02,4.595906961163460203e+00,-7.177884481825366758e-03,2.358096909891710391e-02,9.996961617765277586e-01,7.230351249302199301e-01,0.000000000000000000e+00,0.000000000000000000e+00,0.000000000000000000e+00,1.000000000000000056e-01
9.959579989397175925e-01,-8.972331741666829397e-02,4.170210994812743183e-03,5.894376050730740957e+01,8.979256910556661364e-02,9.957292416776659660e-01,-2.146093663944653729e-02,4.673240764951410497e+00,-2.226854601340689382e-03,2.174864546973175744e-02,9.997609902065675014e-01,7.381681452964428125e-01,0.000000000000000000e+00,0.000000000000000000e+00,0.000000000000000000e+00,1.000000000000000056e-01
9.959564209315946437e-01,-8.983708375435536797e-02,3.255574314189391746e-04,5.989229076423922038e+01,8.982392798697008685e-02,9.957341055632904503e-01,-2.110101843669157443e-02,4.774466343163945581e+00,1.571485322815838366e-03,2.104493764749433213e-02,9.997772957180480757e-01,7.520508619665728922e-01,0.000000000000000000e+00,0.000000000000000000e+00,0.000000000000000000e+00,1.000000000000000056e-01
9.959254508075371382e-01,-9.018027788535315503e-02,1.179589941881433075e-04,6.079746336842845267e+01,9.016882072783699575e-02,9.957762975210281420e-01,-1.729592622162794135e-02,4.866093370264700013e+00,1.442290662458999917e-03,1.723608934280889543e-02,9.998504073219212085e-01,7.619962378583596818e-01,0.000000000000000000e+00,0.000000000000000000e+00,0.000000000000000000e+00,1.000000000000000056e-01
9.957662029780437463e-01,-9.192148245546162555e-02,3.317678097775718848e-04,6.173762419645752431e+01,9.191499827848760573e-02,9.956381868186023887e-01,-1.600731208015335888e-02,4.958770674610927465e+00,1.141095155963195006e-03,1.597003480760344346e-02,9.998718197299536481e-01,7.810556115434589275e-01,0.000000000000000000e+00,0.000000000000000000e+00,0.000000000000000000e+00,1.000000000000000056e-01
9.956264862829150575e-01,-9.340087693013128523e-02,2.043526515311490897e-03,6.262130893309529256e+01,9.341978858245279793e-02,9.955393451058504040e-01,-1.319679686227999763e-02,5.045609869148711901e+00,-8.018186491538857423e-04,1.332998630520427011e-02,9.999108303003607645e-01,8.037635057544891826e-01,0.000000000000000000e+00,0.000000000000000000e+00,0.000000000000000000e+00,1.000000000000000056e-01
9.955019051010006725e-01,-9.472523364983487237e-02,1.757000359260615929e-03,6.344662691560215961e+01,9.473919045623799273e-02,9.954363995905320950e-01,-1.143941265691171376e-02,5.135759794984513071e+00,-6.653810749588186029e-04,1.155441388485978042e-02,9.999330241510190342e-01,8.206647492551961687e-01,0.000000000000000000e+00,0.000000000000000000e+00,0.000000000000000000e+00,1.000000000000000056e-01
9.952807269231229714e-01,-9.699028037604967567e-02,3.026570328803795951e-03,6.426452400954593713e+01,9.701625491266896439e-02,9.952312833748551135e-01,-1.012614807115457156e-02,5.220812612264372099e+00,-2.029999532008983087e-03,1.037198653172025260e-02,9.999441489389724325e-01,8.338418099939287620e-01,0.000000000000000000e+00,0.000000000000000000e+00,0.000000000000000000e+00,1.000000000000000056e-01
9.953202999034137521e-01,-9.655377917423711709e-02,3.855947010942958105e-03,6.505370482953178168e+01,9.659070169493487457e-02,9.952640788324471632e-01,-1.093845198739336333e-02,5.304889978918216009e+00,-2.781536672174097450e-03,1.125971194005691983e-02,9.999327387083434271e-01,8.495426397345546832e-01,0.000000000000000000e+00,0.000000000000000000e+00,0.000000000000000000e+00,1.000000000000000056e-01
9.952407152623242714e-01,-9.737778752781039993e-02,3.672217358195371990e-03,6.584914280758053451e+01,9.741482891194244709e-02,9.951737295261050553e-01,-1.181520923046898604e-02,5.383985847963593585e+00,-2.503955309944555681e-03,1.211670571118203706e-02,9.999234548956806856e-01,8.632074205014483859e-01,0.000000000000000000e+00,0.000000000000000000e+00,0.000000000000000000e+00,1.000000000000000056e-01
9.952567743349233220e-01,-9.717999983257032126e-02,4.472222376533978132e-03,6.659320617448773305e+01,9.722883061542718364e-02,9.951842770032489627e-01,-1.244223865215426418e-02,5.459991241408403084e+00,-3.241548642255567651e-03,1.281805125837090324e-02,9.999125911420145840e-01,8.811225760251765182e-01,0.000000000000000000e+00,0.000000000000000000e+00,0.000000000000000000e+00,1.000000000000000056e-01
9.952774977881381213e-01,-9.689659067101046019e-02,5.809742930395625678e-03,6.739324916944133292e+01,9.695721159483787488e-02,9.952248118586408676e-01,-1.126379068905172462e-02,5.550202819206697669e+00,-4.690577399049072026e-03,1.177389388722271252e-02,9.999196837278462313e-01,8.842452151000558258e-01,0.000000000000000000e+00,0.000000000000000000e+00,0.000000000000000000e+00,1.000000000000000056e-01
9.950318659970285307e-01,-9.909810799237937784e-02,9.547284577419806045e-03,6.813933106211398183e+01,9.919887349710264368e-02,9.950097591275559594e-01,-1.073139030270425787e-02,5.626234796541214500e+00,-8.436180852574953065e-03,1.162515519267854139e-02,9.998968379884840552e-01,8.935433419533456156e-01,0.000000000000000000e+00,0.000000000000000000e+00,0.000000000000000000e+00,1.000000000000000056e-01
9.948651834221253765e-01,-1.004227657706538990e-01,1.259106546060461025e-02,6.886798090599008049e+01,1.005543305874672666e-01,9.948783516878227928e-01,-1.029038109241796513e-02,5.705844677064838777e+00,-1.149318992130513549e-02,1.150362803176604477e-02,9.998677778224176471e-01,9.078758027002310493e-01,0.000000000000000000e+00,0.000000000000000000e+00,0.000000000000000000e+00,1.000000000000000056e-01
9.948133115544828264e-01,-1.013602340829063836e-01,8.519278177287058218e-03,6.955912836887095807e+01,1.014150542266319538e-01,9.948244504860233040e-01,-6.268930641743259910e-03,5.786381810053893737e+00,-7.839765953960568801e-03,7.100398709939309549e-03,9.999440596393115444e-01,9.222504275507845684e-01,0.000000000000000000e+00,0.000000000000000000e+00,0.000000000000000000e+00,1.000000000000000056e-01
9.948094583968678517e-01,-1.016992493975779205e-01,3.377004012398005222e-03,7.025914821918713926e+01,1.017220917919301332e-01,9.947847955554441901e-01,-7.471718221882351491e-03,5.864444017117192764e+00,-2.599524111187623537e-03,7.776451869735656955e-03,9.999663840703411077e-01,9.249789885634818187e-01,0.000000000000000000e+00,0.000000000000000000e+00,0.000000000000000000e+00,1.000000000000000056e-01
9.948520441686690141e-01,-1.013371989401437440e-01,-4.269945976497351329e-04,7.101133397329785168e+01,1.013295092755382015e-01,9.948137503221698985e-01,-8.827951060010150175e-03,5.943622560226321738e+00,1.319379929857340296e-03,8.739238004828911444e-03,9.999609417150729929e-01,9.528912943991461049e-01,0.000000000000000000e+00,0.000000000000000000e+00,0.000000000000000000e+00,1.000000000000000056e-01
9.946568515378295672e-01,-1.032344197591637813e-01,-6.342443068481969787e-04,7.174151652233189225e+01,1.032264413152726712e-01,9.946276355880191433e-01,-7.756825250774518517e-03,6.025730560326856278e+00,1.431608269242521953e-03,7.649908599144107126e-03,9.999697142394804450e-01,9.631607629609773014e-01,0.000000000000000000e+00,0.000000000000000000e+00,0.000000000000000000e+00,1.000000000000000056e-01
9.944961343761948847e-01,-1.047642110924480591e-01,1.377964071462306527e-03,7.242087053559767185e+01,1.047709807383568753e-01,9.944753612748468141e-01,-6.465091831200870352e-03,6.113195566365942746e+00,-6.930410724552465897e-04,6.573879481705705193e-03,9.999781516626410349e-01,9.739580917246676295e-01,0.000000000000000000e+00,0.000000000000000000e+00,0.000000000000000000e+00,1.000000000000000056e-01
9.944053156735941368e-01,-1.055438870016100900e-01,4.307676484024402022e-03,7.303230925871712031e+01,1.055672937687051754e-01,9.943962492579432322e-01,-5.625473143333946900e-03,6.170404424914297969e+00,-3.689803036959879781e-03,6.048750145759865422e-03,9.999748986725729427e-01,9.897716269489221785e-01,0.000000000000000000e+00,0.000000000000000000e+00,0.000000000000000000e+00,1.000000000000000056e-01
9.943325372682305652e-01,-1.063085327539672470e-01,1.140698654964973635e-03,7.360293351275610974e+01,1.063138636865025716e-01,9.943092551900726273e-01,-6.816702385382634663e-03,6.225545615863143922e+00,-4.095336012040442955e-04,6.899341059971237852e-03,9.999761154023468768e-01,9.998697364232758122e-01,0.000000000000000000e+00,0.000000000000000000e+00,0.000000000000000000e+00,1.000000000000000056e-01
9.945075441568174135e-01,-1.046549233153753339e-01,-1.446250679789613108e-03,7.423660952220009790e+01,1.046314757739247175e-01,9.944441507521440959e-01,-1.153626075544031751e-02,6.282607204755735530e+00,2.645542013744873154e-03,1.132157500968019107e-02,9.999324092391214114e-01,1.018736675604797304e+00,0.000000000000000000e+00,0.000000000000000000e+00,0.000000000000000000e+00,1.000000000000000056e-01
9.945765599294923431e-01,-1.039199350253782184e-01,-4.256000838580993942e-03,7.485316984212704483e+01,1.038403602016611249e-01,9.944666754384648977e-01,-1.591260618365912538e-02,6.336737142801968758e+00,5.886088005297246406e-03,1.538436045755963745e-02,9.998643285072759124e-01,1.040079503442570497e+00,0.000000000000000000e+00,0.000000000000000000e+00,0.000000000000000000e+00,1.000000000000000056e-01
9.951271416176107332e-01,-9.848763786461670056e-02,-4.707143912380787679e-03,7.543839473850788124e+01,9.841085309780389645e-02,9.950411816711991486e-01,-1.443436077372474598e-02,6.390673504875413080e+00,6.105408137561602402e-03,1.390079012976254240e-02,9.998847393701146835e-01,1.053146940590953484e+00,0.000000000000000000e+00,0.000000000000000000e+00,0.000000000000000000e+00,1.000000000000000056e-01
9.954999010239756752e-01,-9.468059311362889141e-02,-3.941110110880058012e-03,7.599732866771455519e+01,9.463308469233080999e-02,9.954528683524468402e-01,-1.087042641759495762e-02,6.468375223515053563e+00,4.952407784984333428e-03,1.044854901589947760e-02,9.999331485057356694e-01,1.056412593450681170e+00,0.000000000000000000e+00,0.000000000000000000e+00,0.000000000000000000e+00,1.000000000000000056e-01
9.961264227551187567e-01,-8.792773960571179104e-02,-9.287071230951215225e-04,7.654480194586717801e+01,8.790494525109812662e-02,9.960221739444775624e-01,-1.457908129198443557e-02,6.506872930232061591e+00,2.206918551235036337e-03,1.444097014563054844e-02,9.998932882521820442e-01,1.073909494256117148e+00,0.000000000000000000e+00,0.000000000000000000e+00,0.000000000000000000e+00,1.000000000000000056e-01
9.967787867596470397e-01,-8.017169554118422359e-02,2.132955699916813056e-03,7.709906704011577006e+01,8.019625894717638537e-02,9.966379958109826687e-01,-1.677096767468042732e-02,6.531827887015184686e+00,-7.812277795731830321e-04,1.688799987918659928e-02,9.998570823588924794e-01,1.088399492228609322e+00,0.000000000000000000e+00,0.000000000000000000e+00,0.000000000000000000e+00,1.000000000000000056e-01
9.974068920441334640e-01,-7.188844557224248477e-02,3.397513218358160555e-03,7.762831220227148776e+01,7.194122537539181239e-02,9.972186907587325955e-01,-1.947672695619856800e-02,6.563719734278734563e+00,-1.987912057730503636e-03,1.967064296473198734e-02,9.998045379027866719e-01,1.102417138363674720e+00,0.000000000000000000e+00,0.000000000000000000e+00,0.000000000000000000e+00,1.000000000000000056e-01
9.982157819813166633e-01,-5.956970080911514615e-02,4.086973078080242613e-03,7.810621185859770321e+01,5.962886459930149402e-02,9.980871014554801857e-01,-1.632594299868312879e-02,6.595492979076374773e+00,-3.106623573369468854e-03,1.654051552130672217e-02,9.998583700886154446e-01,1.113789380427714582e+00,0.000000000000000000e+00,0.000000000000000000e+00,0.000000000000000000e+00,1.000000000000000056e-01
9.989711029498978823e-01,-4.521851787356648278e-02,3.467147585916687414e-03,7.859060181278401558e+01,4.525836473116690017e-02,9.988979132476384359e-01,-1.243540636143908307e-02,6.626072539014307594e+00,-2.901015843673970373e-03,1.257952903853717941e-02,9.999166663058693949e-01,1.119004782813764365e+00,0.000000000000000000e+00,0.000000000000000000e+00,0.000000000000000000e+00,1.000000000000000056e-01
9.996136541524408559e-01,-2.767545707165527252e-02,2.571285258254479844e-03,7.905500138143069933e+01,2.769363891799504068e-02,9.995896026487933739e-01,-7.327253230717450071e-03,6.637921997360715309e+00,-2.367444927355427491e-03,7.395630622355010668e-03,9.999698494715796304e-01,1.118512606086906391e+00,0.000000000000000000e+00,0.000000000000000000e+00,0.000000000000000000e+00,1.000000000000000056e-01
9.999770517655061086e-01,-5.457592383026446323e-03,4.013804647341362095e-03,7.953695255223406946e+01,5.486257190846591594e-03,9.999592770382078610e-01,-7.165559800917899874e-03,6.656379487238787362e+00,-3.974534488738457744e-03,7.187416128580438254e-03,9.999662714936901065e-01,1.133011328138607832e+00,0.000000000000000000e+00,0.000000000000000000e+00,0.000000000000000000e+00,1.000000000000000056e-01
9.997971663692332145e-01,1.949346108096035660e-02,5.062716181745450378e-03,8.001575239076269952e+01,-1.944491156523580830e-02,9.997660983750100705e-01,-9.468049124813129533e-03,6.642153063103326538e+00,-5.246097051330842267e-03,9.367684617598936656e-03,9.999423608141787545e-01,1.147023047229500436e+00,0.000000000000000000e+00,0.000000000000000000e+00,0.000000000000000000e+00,1.000000000000000056e-01
9.988208387631306584e-01,4.811000558490097917e-02,6.508411106936797495e-03,8.048862700046774421e+01,-4.803622845736218311e-02,9.987844350015987471e-01,-1.105319655707547727e-02,6.634545745085540069e+00,-7.032269058291907605e-03,1.072752353332462674e-02,9.999177303312176690e-01,1.153435176998875322e+00,0.000000000000000000e+00,0.000000000000000000e+00,0.000000000000000000e+00,1.000000000000000056e-01
9.967631074954730330e-01,7.982190154282878258e-02,9.579747911876275446e-03,8.098940487178261094e+01,-7.971246479169372123e-02,9.967537479622573526e-01,-1.130879657725387087e-02,6.591565398676139331e+00,-1.045133928265372381e-02,1.050856590023899716e-02,9.998901637429579159e-01,1.158924027120032507e+00,0.000000000000000000e+00,0.000000000000000000e+00,0.000000000000000000e+00,1.000000000000000056e-01
