1.000000000000000000e+00,-2.203841590801903588e-09,-1.907462044926547869e-09,5.712457842880188883e-14,2.203841590113961461e-09,1.000000000000000000e+00,-3.606582765277626196e-10,9.981905023026518341e-15,1.907462045721381584e-09,3.606582723240184423e-10,1.000000000000000000e+00,6.577612183574730693e-15,0.000000000000000000e+00,0.000000000000000000e+00,0.000000000000000000e+00,1.000000000000000056e-01
9.999474971551881586e-01,-1.010211595712557676e-02,-1.717610626326340458e-03,6.678167298254843454e-01,1.009604787553052517e-02,9.999428887587867854e-01,-3.505572425085324347e-03,1.865453136936986653e-02,1.752926230585863691e-03,3.488047293445403155e-03,9.999923803588249838e-01,1.150035192315121586e-02,0.000000000000000000e+00,0.000000000000000000e+00,0.000000000000000000e+00,1.000000000000000056e-01
9.997999250098238422e-01,-1.920279951118532280e-02,-5.600217967535446074e-03,1.362588367649213650e+00,1.918058056522613936e-02,9.998080558257045336e-01,-3.994600756736396696e-03,1.796113984795362495e-02,5.675850555780630365e-03,3.886386105120093973e-03,9.999763400818593162e-01,1.989621012309561454e-02,0.000000000000000000e+00,0.000000000000000000e+00,0.000000000000000000e+00,1.000000000000000056e-01
9.996366687649353988e-01,-2.530205162763753818e-02,-9.291751394386874724e-03,2.115684653934392312e+00,2.527034326292727090e-02,9.996744769425479626e-01,-3.514242595058911754e-03,3.132230726149528438e-02,9.377644262636111727e-03,3.278160013706592733e-03,9.999506555100646787e-01,2.256297330054228903e-02,0.000000000000000000e+00,0.000000000000000000e+00,0.000000000000000000e+00,1.000000000000000056e-01
9.993350119239801099e-01,-3.464878317073152164e-02,-1.135763037284589702e-02,2.868323708506073988e+00,3.462307560328339168e-02,9.993974326795953544e-01,-2.452384391340440683e-03,6.783019175053726924e-02,1.143575877097282797e-02,2.057517489889190438e-03,9.999324927429406040e-01,4.176157727586934237e-02,0.000000000000000000e+00,0.000000000000000000e+00,0.000000000000000000e+00,1.000000000000000056e-01
9.991049645031632176e-01,-4.034110298819088003e-02,-1.272263002798979838e-02,3.584247492706095439e+00,4.028330541518336527e-02,9.991769267452769165e-01,-4.767007939002049915e-03,1.005983599007724827e-01,1.290446472969682991e-02,4.250231706581043822e-03,9.999077009006783756e-01,5.595161978997654356e-02,0.000000000000000000e+00,0.000000000000000000e+00,0.000000000000000000e+00,1.000000000000000056e-01
9.988248733270688184e-01,-4.540627710596801397e-02,-1.694527729312807901e-02,4.320864736698024622e+00,4.533139499249189824e-02,9.989605798682827942e-01,-4.777499059017178452e-03,1.453973079707930605e-01,1.714459247691930976e-02,4.003731834210930325e-03,9.998450045283019394e-01,8.213429110159151114e-02,0.000000000000000000e+00,0.000000000000000000e+00,0.000000000000000000e+00,1.000000000000000056e-01
9.982443285217619255e-01,-5.568381751418769593e-02,-2.018843830471256026e-02,5.110023725369559067e+00,5.560996627501835904e-02,9.984437278722522180e-01,-4.201657226772100365e-03,1.797694909564895582e-01,2.039098391514892680e-02,3.071602123747370090e-03,9.997873639106295007e-01,1.035488200053778091e-01,0.000000000000000000e+00,0.000000000000000000e+00,0.000000000000000000e+00,1.000000000000000056e-01
9.977506528453849999e-01,-6.338591242768179534e-02,-2.181423508441850123e-02,5.893799988220244757e+00,6.329649441963594581e-02,9.979833856687220228e-01,-4.766101486511797013e-03,2.556729929215220132e-01,2.207234787676688043e-02,3.374616260404983588e-03,9.997506806320773931e-01,1.202923727571341417e-01,0.000000000000000000e+00,0.000000000000000000e+00,0.000000000000000000e+00,1.000000000000000056e-01
9.974507349669609058e-01,-6.840126773808347105e-02,-2.032972911016110371e-02,6.698577889854145262e+00,6.832291864939868398e-02,9.976529990543921977e-01,-4.524628714547607004e-03,3.249863020041621753e-01,2.059150555683480002e-02,3.124107808620276740e-03,9.997830913999811164e-01,1.551941847067175861e-01,0.000000000000000000e+00,0.000000000000000000e+00,0.000000000000000000e+00,1.000000000000000056e-01
9.970668701748922613e-01,-7.334995119582518597e-02,-2.185042469185757494e-02,7.506653497235055816e+00,7.322971583393511619e-02,9.972954910684757035e-01,-6.253975804950277599e-03,3.860862377647104049e-01,2.225005884319381996e-02,4.635531690955746638e-03,9.997416900016806718e-01,1.804079531309683848e-01,0.000000000000000000e+00,0.000000000000000000e+00,0.000000000000000000e+00,1.000000000000000056e-01
9.967515964278931273e-01,-7.719930864256938086e-02,-2.294606204898467713e-02,8.332376458622016813e+00,7.708650856581436561e-02,9.970077595164751338e-01,-5.761741149256859387e-03,4.628469589755752622e-01,2.332220434648430221e-02,3.974192880035292558e-03,9.997201011159939643e-01,2.114786672822561997e-01,0.000000000000000000e+00,0.000000000000000000e+00,0.000000000000000000e+00,1.000000000000000056e-01
9.960602283360721065e-01,-8.495951532087496483e-02,-2.541460768011175042e-02,9.187164134508089219e+00,8.482664387217435376e-02,9.963760392852921699e-01,-6.263292068655425260e-03,5.304126378097088201e-01,2.585463239876535646e-02,4.082780253208564622e-03,9.996573757487755563e-01,2.445010869799796871e-01,0.000000000000000000e+00,0.000000000000000000e+00,0.000000000000000000e+00,1.000000000000000056e-01
9.959476807602585247e-01,-8.541813849381015011e-02,-2.814176264050378962e-02,9.948801542089523053e+00,8.520495817965421936e-02,9.963255362340023291e-01,-8.691429665539696786e-03,6.115014723531601026e-01,2.878076249625022981e-02,6.258391508999289199e-03,9.995661560126245515e-01,2.849987313765268149e-01,0.000000000000000000e+00,0.000000000000000000e+00,0.000000000000000000e+00,1.000000000000000056e-01
9.958389630572956897e-01,-8.694639968155427889e-02,-2.729621291288327617e-02,1.071834834948620774e+01,8.682410676936737348e-02,9.962077134269313738e-01,-5.636150493606443407e-03,6.924171195599339024e-01,2.768274084464061868e-02,3.242728958840344206e-03,9.996114998179181921e-01,3.128411058304412240e-01,0.000000000000000000e+00,0.000000000000000000e+00,0.000000000000000000e+00,1.000000000000000056e-01
9.953095013478888697e-01,-9.236223222023640100e-02,-2.877871758629948692e-02,1.151916762469191369e+01,9.207920336161759534e-02,9.956907908299743593e-01,-1.101223704204654617e-02,8.073596617639712258e-01,2.967181886751681444e-02,8.310662769928667606e-03,9.995251452812069504e-01,3.373732844336336800e-01,0.000000000000000000e+00,0.000000000000000000e+00,0.000000000000000000e+00,1.000000000000000056e-01
9.948640287382479741e-01,-9.647812737336465549e-02,-3.061919759287196063e-02,1.236795432697241992e+01,9.619706471841356354e-02,9.953066419936703602e-01,-1.052678216954123364e-02,9.063409377596854943e-01,3.149109496768673355e-02,7.527239986372349922e-03,9.994756883466069386e-01,3.773972403078532656e-01,0.000000000000000000e+00,0.000000000000000000e+00,0.000000000000000000e+00,1.000000000000000056e-01
9.943514134949982264e-01,-9.997041526268582445e-02,-3.565364711646063639e-02,1.325438054166710344e+01,9.975757406806570748e-02,9.949819474100326522e-01,-7.703943418368237178e-03,1.012537680870090551e+00,3.624490166290061238e-02,4.103705684522946165e-03,9.993345119143546285e-01,4.286439442940310207e-01,0.000000000000000000e+00,0.000000000000000000e+00,0.000000000000000000e+00,1.000000000000000056e-01
9.943246165192648478e-01,-9.884424627035942601e-02,-3.934935784814722753e-02,1.416607317057697202e+01,9.882009654638651552e-02,9.951020145409352757e-01,-2.563040213304079197e-03,1.120986976308659733e+00,3.940996704362812603e-02,-1.340013364375187933e-03,9.992222269654550404e-01,4.725036727375178658e-01,0.000000000000000000e+00,0.000000000000000000e+00,0.000000000000000000e+00,1.000000000000000056e-01
9.920716311292185896e-01,-1.187312566284419446e-01,-4.119183666750819012e-02,1.506696270969273499e+01,1.185399019102290896e-01,9.929241484090748360e-01,-7.065915455672842210e-03,1.330632207878405193e+00,4.173931436577364013e-02,2.127017993461913573e-03,9.991262710141949333e-01,5.041243642674694270e-01,0.000000000000000000e+00,0.000000000000000000e+00,0.000000000000000000e+00,1.000000000000000056e-01
9.915243147374648292e-01,-1.237384509202535676e-01,-3.960213439016629922e-02,1.601545511608079764e+01,1.235204708169963250e-01,9.923104667823464675e-01,-7.913962556720589847e-03,1.471041338468399573e+00,4.027687392969263314e-02,2.955212015679035790e-03,9.991841872990154805e-01,5.550064606672070466e-01,0.000000000000000000e+00,0.000000000000000000e+00,0.000000000000000000e+00,1.000000000000000056e-01
9.910570100001434568e-01,-1.273731776788691872e-01,-3.977532573798485405e-02,1.693192648125453914e+01,1.271287181512020803e-01,9.918487159355006133e-01,-8.626338639933086444e-03,1.595779646161743948e+00,4.054986992343884156e-02,3.492607204624259814e-03,9.991714115926788597e-01,6.008582834467698364e-01,0.000000000000000000e+00,0.000000000000000000e+00,0.000000000000000000e+00,1.000000000000000056e-01
9.904520016020629258e-01,-1.316797378180880329e-01,-4.080783222160654089e-02,1.779404440863874015e+01,1.313978579789898682e-01,9.912839436138439764e-01,-9.526072218837073474e-03,1.742398358283297588e+00,4.170653954717885858e-02,4.073055553867882018e-03,9.991216015968500397e-01,6.569349508069854959e-01,0.000000000000000000e+00,0.000000000000000000e+00,0.000000000000000000e+00,1.000000000000000056e-01
9.902128963236599413e-01,-1.328033838252289656e-01,-4.291481328023773190e-02,1.869494644870322375e+01,1.324581396936305444e-01,9.911297237234493185e-01,-1.080333192963069122e-02,1.856575903033381048e+00,4.396886606692752830e-02,5.013182267585680751e-03,9.990203235271746252e-01,6.882087270038538263e-01,0.000000000000000000e+00,0.000000000000000000e+00,0.000000000000000000e+00,1.000000000000000056e-01
9.898359753456810184e-01,-1.356702082356360806e-01,-4.264195714039673013e-02,1.961332111168055192e+01,1.352547792919018277e-01,9.907320717098565543e-01,-1.249426925412300271e-02,1.980594107040110963e+00,4.394185465092713405e-02,6.599748691787300087e-03,9.990122905785704388e-01,7.475497849812843265e-01,0.000000000000000000e+00,0.000000000000000000e+00,0.000000000000000000e+00,1.000000000000000056e-01
9.878675020310693222e-01,-1.496457089302073717e-01,-4.152060006395617842e-02,2.053216660298799923e+01,1.492304177150574340e-01,9.887177101304718274e-01,-1.294496438565439361e-02,2.147500216628245084e+00,4.298931099104541520e-02,6.591773140213540855e-03,9.990537861733886915e-01,7.898433379494653739e-01,0.000000000000000000e+00,0.000000000000000000e+00,0.000000000000000000e+00,1.000000000000000056e-01
9.878739561209924913e-01,-1.498804377819109301e-01,-4.050803856226849881e-02,2.144664832327930881e+01,1.494542092664404020e-01,9.886782452714983904e-01,-1.337036496936181741e-02,2.287079302862626839e+00,4.205337264004568171e-02,7.154138464806678380e-03,9.990897518003194477e-01,8.345180021894393896e-01,0.000000000000000000e+00,0.000000000000000000e+00,0.000000000000000000e+00,1.000000000000000056e-01
9.878010583883056750e-01,-1.512014381063046808e-01,-3.724505553128489715e-02,2.239728937262198727e+01,1.508186748736994043e-01,9.884773128884486448e-01,-1.289686838629218804e-02,2.454711624137133619e+00,3.876591745702066133e-02,7.122290321048367449e-03,9.992229363982284562e-01,8.812991859406350548e-01,0.000000000000000000e+00,0.000000000000000000e+00,0.000000000000000000e+00,1.000000000000000056e-01
9.876268424577833160e-01,-1.523927868612459102e-01,-3.700889851821747428e-02,2.335814966198980258e+01,1.520222494661694346e-01,9.882961875473917912e-01,-1.264441958084443034e-02,2.613949248520036850e+00,3.850267164905043366e-02,6.861792182336149890e-03,9.992349373815608837e-01,9.334935888315852859e-01,0.000000000000000000e+00,0.000000000000000000e+00,0.000000000000000000e+00,1.000000000000000056e-01
9.877911868950418617e-01,-1.513386908121086283e-01,-3.694823075279107805e-02,2.429694712930875156e+01,1.508990613358078547e-01,9.884438993986222055e-01,-1.442674702137039869e-02,2.755796217063022358e+00,3.870457828806059264e-02,8.675160224658973185e-03,9.992130389534655821e-01,9.830791135822778415e-01,0.000000000000000000e+00,0.000000000000000000e+00,0.000000000000000000e+00,1.000000000000000056e-01
9.876789012402286128e-01,-1.513224679811247253e-01,-3.989860560215396923e-02,2.524710956201007050e+01,1.508184904221631373e-01,9.884419801087479529e-01,-1.536993511623909250e-02,2.912337584065360030e+00,4.176327323947011394e-02,9.163113160874508667e-03,9.990855150413934238e-01,1.032853660776499316e+00,0.000000000000000000e+00,0.000000000000000000e+00,0.000000000000000000e+00,1.000000000000000056e-01
9.879786429734904729e-01,-1.483487380826190027e-01,-4.348393884590818353e-02,2.619881642649230002e+01,1.477726144299690847e-01,9.888887619414798991e-01,-1.619478096112158053e-02,3.062197533097147151e+00,4.540325376877598490e-02,9.574362388249074707e-03,9.989228579485337489e-01,1.080140199555132519e+00,0.000000000000000000e+00,0.000000000000000000e+00,0.000000000000000000e+00,1.000000000000000056e-01
9.875503307146120680e-01,-1.491734793676348647e-01,-4.991610320141409707e-02,2.716408290094066302e+01,1.485760765193057664e-01,9.887796123350508504e-01,-1.549282791087137207e-02,3.214613876376619217e+00,5.166714421747931052e-02,7.883608558286733098e-03,9.986332434505221789e-01,1.144831793882783444e+00,0.000000000000000000e+00,0.000000000000000000e+00,0.000000000000000000e+00,1.000000000000000056e-01
9.872437111043754765e-01,-1.519791261791942349e-01,-4.745735022806288339e-02,2.812000249535729068e+01,1.512043612883465782e-01,9.883095657233372799e-01,-1.953057672296276345e-02,3.336773443776436032e+00,4.987079317840874271e-02,1.210568071431487348e-02,9.986823100877473269e-01,1.214425880804521185e+00,0.000000000000000000e+00,0.000000000000000000e+00,0.000000000000000000e+00,1.000000000000000056e-01
9.872868660725730994e-01,-1.531445861589053326e-01,-4.256030792668968193e-02,2.911881853194184799e+01,1.524857740259811523e-01,9.881355479127860164e-01,-1.833651195826697944e-02,3.489708626359867338e+00,4.486349072792301246e-02,1.161355592899429058e-02,9.989256191120486905e-01,1.289057743082082430e+00,0.000000000000000000e+00,0.000000000000000000e+00,0.000000000000000000e+00,1.000000000000000056e-01
9.875081466464359359e-01,-1.520204721831527606e-01,-4.144196356511600093e-02,3.006401957605632447e+01,1.511926441570845270e-01,9.882494566754154164e-01,-2.244539448384499231e-02,3.616813210190560568e+00,4.436715744455949767e-02,1.589928985701846015e-02,9.988887665412662376e-01,1.338825200078574529e+00,0.000000000000000000e+00,0.000000000000000000e+00,0.000000000000000000e+00,1.000000000000000056e-01
9.868744007691186981e-01,-1.555540555100713707e-01,-4.338032873276188167e-02,3.099277929230411388e+01,1.543328627955187493e-01,9.875564276410202513e-01,-3.022696951806486815e-02,3.749350410762207542e+00,4.754245016753372993e-02,2.313521210786884108e-02,9.986012604602456655e-01,1.402258258360218779e+00,0.000000000000000000e+00,0.000000000000000000e+00,0.000000000000000000e+00,1.000000000000000056e-01
9.864566864936592516e-01,-1.572850215532751450e-01,-4.652555928665662310e-02,3.195437232647984160e+01,1.559377596298926749e-01,9.872703416292454293e-01,-3.131593301951762776e-02,3.899878955731310715e+00,5.085883201136494336e-02,2.363672004020175507e-02,9.984261037614055034e-01,1.453439107983399037e+00,0.000000000000000000e+00,0.000000000000000000e+00,0.000000000000000000e+00,1.000000000000000056e-01
9.860978364504082716e-01,-1.584023444533764757e-01,-5.019715349995153286e-02,3.292961430411648394e+01,1.569674872476468641e-01,9.871055282894245497e-01,-3.136692473953748422e-02,4.054765779409868820e+00,5.451848214123035385e-02,2.305153556988888755e-02,9.982466437774216717e-01,1.504289307392892461e+00,0.000000000000000000e+00,0.000000000000000000e+00,0.000000000000000000e+00,1.000000000000000056e-01
9.860784379017026868e-01,-1.578384350324899266e-01,-5.231006338967958413e-02,3.389096737428631911e+01,1.562863724428491252e-01,9.871747871209110015e-01,-3.256546424418325231e-02,4.213821575935516428e+00,5.677925760339669337e-02,2.393675206201947153e-02,9.980997684634179690e-01,1.563264774470739082e+00,0.000000000000000000e+00,0.000000000000000000e+00,0.000000000000000000e+00,1.000000000000000056e-01
9.854212376488057368e-01,-1.623405221967717249e-01,-5.089734024067952417e-02,3.484624954498865179e+01,1.607731714125791023e-01,9.864214820302303899e-01,-3.353575917174490828e-02,4.363051032298554510e+00,5.565044244781423149e-02,2.486392250155402758e-02,9.981406782679479450e-01,1.637239938094032343e+00,0.000000000000000000e+00,0.000000000000000000e+00,0.000000000000000000e+00,1.000000000000000056e-01
9.848828076687188293e-01,-1.651089250939516417e-01,-5.239177428663027714e-02,3.582991132472070461e+01,1.634581275827700630e-01,9.859504489548802653e-01,-3.439698726349366131e-02,4.550073634461712757e+00,5.733494297299165932e-02,2.531314006578309905e-02,9.980340421319775501e-01,1.698347062581534894e+00,0.000000000000000000e+00,0.000000000000000000e+00,0.000000000000000000e+00,1.000000000000000056e-01
9.845061211784182920e-01,-1.674946099330185401e-01,-5.189656063374084582e-02,3.680627948267097338e+01,1.657802823038276585e-01,9.855136501138552774e-01,-3.577350190474681835e-02,4.707234286179200922e+00,5.713663764598661543e-02,2.661580512875178287e-02,9.980115247610418239e-01,1.776882084923894878e+00,0.000000000000000000e+00,0.000000000000000000e+00,0.000000000000000000e+00,1.000000000000000056e-01
9.842626266141953906e-01,-1.689964012767552204e-01,-5.164589244103551247e-02,3.780563690172978397e+01,1.672846372462325204e-01,9.852558096691310663e-01,-3.587254736733196808e-02,4.879773269748129749e+00,5.694674698278634484e-02,2.666844331285573438e-02,9.980209727953353038e-01,1.844903971052115565e+00,0.000000000000000000e+00,0.000000000000000000e+00,0.000000000000000000e+00,1.000000000000000056e-01
9.843730858546760887e-01,-1.692010042082691679e-01,-4.879188477457846451e-02,3.878066118638707138e+01,1.676267924253956321e-01,9.852376180325281840e-01,-3.475765347032743618e-02,5.046312979854325143e+00,5.395263020572570178e-02,2.603567146250162709e-02,9.982040159733784890e-01,1.923275181307749770e+00,0.000000000000000000e+00,0.000000000000000000e+00,0.000000000000000000e+00,1.000000000000000056e-01
9.841022115319418839e-01,-1.707469389299929030e-01,-4.887044202765455231e-02,3.977870140958258105e+01,1.693708501760749774e-01,9.850626504519297555e-01,-3.106589440613052519e-02,5.236370478483822311e+00,5.344485352748794965e-02,2.229478707358639386e-02,9.983218870187955396e-01,1.982590007723847636e+00,0.000000000000000000e+00,0.000000000000000000e+00,0.000000000000000000e+00,1.000000000000000056e-01
9.830989870617248272e-01,-1.750021471399862971e-01,-5.376458066985429635e-02,4.077656082012409655e+01,1.732499782719363335e-01,9.842299158170173534e-01,-3.571999215566060842e-02,5.429719434311985893e+00,5.916778402969200684e-02,2.580157567323067280e-02,9.979145514651013293e-01,2.068102879856638765e+00,0.000000000000000000e+00,0.000000000000000000e+00,0.000000000000000000e+00,1.000000000000000056e-01
9.829316100291412006e-01,-1.756886198315776026e-01,-5.457983938411430785e-02,4.179422130728745088e+01,1.741143934964110296e-01,9.841920196557730760e-01,-3.240750566253494669e-02,5.606751683556670862e+00,5.941067229797396959e-02,2.235122608640739347e-02,9.979833639442778903e-01,2.159295448619364954e+00,0.000000000000000000e+00,0.000000000000000000e+00,0.000000000000000000e+00,1.000000000000000056e-01
9.821652067463689795e-01,-1.788598645472628812e-01,-5.797116102854116271e-02,4.281039724361363596e+01,1.771179443378184115e-01,9.836038689673599622e-01,-3.395088726360676740e-02,5.789205747981853278e+00,6.309310937343101666e-02,2.307764733623114684e-02,9.977407888540072989e-01,2.239022858487734080e+00,0.000000000000000000e+00,0.000000000000000000e+00,0.000000000000000000e+00,1.000000000000000056e-01
9.829074887209615641e-01,-1.739975853315615939e-01,-6.014739325223350530e-02,4.381638972397326626e+01,1.721601897544766391e-01,9.844636595711437899e-01,-3.452784452429318029e-02,5.915814966859530344e+00,6.522068444868911463e-02,2.358269031677916877e-02,9.975921606736228853e-01,2.322367416688776220e+00,0.000000000000000000e+00,0.000000000000000000e+00,0.000000000000000000e+00,1.000000000000000056e-01
9.825816594991864106e-01,-1.767433125451564890e-01,-5.740282124068488839e-02,4.480859741154210241e+01,1.748235288187173497e-01,9.839065532804380787e-01,-3.694087415289028231e-02,6.102679241203732730e+00,6.300806446159096241e-02,2.626206165505097848e-02,9.976674235086712139e-01,2.416850409613473083e+00,0.000000000000000000e+00,0.000000000000000000e+00,0.000000000000000000e+00,1.000000000000000056e-01
9.825852440083391315e-01,-1.770083265761546454e-01,-5.651805534324501334e-02,4.578795303280215023e+01,1.751460034970981627e-01,9.838693991548602691e-01,-3.639894044678658458e-02,6.265438037408688210e+00,6.204930068959041423e-02,2.586615026175362667e-02,9.977378546264390469e-01,2.491583118913501593e+00,0.000000000000000000e+00,0.000000000000000000e+00,0.000000000000000000e+00,1.000000000000000056e-01
9.815848709987836651e-01,-1.812424418979320107e-01,-6.035162202605668519e-02,4.670478200759921350e+01,1.793821772365969125e-01,9.831574262989504209e-01,-3.497870213547076002e-02,6.444219194999001310e+00,6.567477077355807213e-02,2.350855946455674209e-02,9.975641193004798346e-01,2.577110157364212117e+00,0.000000000000000000e+00,0.000000000000000000e+00,0.000000000000000000e+00,1.000000000000000056e-01
9.814226040449679500e-01,-1.801961151511709269e-01,-6.587133180694025592e-02,4.766583412087830141e+01,1.781467242479180257e-01,9.833520392842517444e-01,-3.581216937354692736e-02,6.608022056732434812e+00,7.122792225897318918e-02,2.341211053983177637e-02,9.971852667236617007e-01,2.637819785015357965e+00,0.000000000000000000e+00,0.000000000000000000e+00,0.000000000000000000e+00,1.000000000000000056e-01
9.813441256489252584e-01,-1.807163977121397092e-01,-6.561471368751149724e-02,4.861682363305629906e+01,1.784329507923501090e-01,9.831715246827672505e-01,-3.918462867627500734e-02,6.785747467628848284e+00,7.159182303783813428e-02,2.674577818853902597e-02,9.970753603530719822e-01,2.724134325802124668e+00,0.000000000000000000e+00,0.000000000000000000e+00,0.000000000000000000e+00,1.000000000000000056e-01
9.818723428386282315e-01,-1.785486950859634658e-01,-6.361655328358274686e-02,4.958662352539671048e+01,1.763080483948250843e-01,9.835504886309480721e-01,-3.929259962170041087e-02,6.989974945207039880e+00,6.958573445607439678e-02,2.736420649174530276e-02,9.972005945461954735e-01,2.812351367780145939e+00,0.000000000000000000e+00,0.000000000000000000e+00,0.000000000000000000e+00,1.000000000000000056e-01
9.827652911225182031e-01,-1.739783484088938403e-01,-6.248133201033473361e-02,5.058353702370648364e+01,1.717574312621600596e-01,9.843529305084390835e-01,-3.935343702489490364e-02,7.177680876653013797e+00,6.835032824424835951e-02,2.794355890650925683e-02,9.972699685363748401e-01,2.912092049573776098e+00,0.000000000000000000e+00,0.000000000000000000e+00,0.000000000000000000e+00,1.000000000000000056e-01
9.826673544657936743e-01,-1.747738939330314711e-01,-6.179770599855383822e-02,5.151666841543519837e+01,1.722082993737855949e-01,9.840460390971337290e-01,-4.469557656000274631e-02,7.358930109418879262e+00,6.862340777013968551e-02,3.327880611932908933e-02,9.970874329612650078e-01,2.992001329569366597e+00,0.000000000000000000e+00,0.000000000000000000e+00,0.000000000000000000e+00,1.000000000000000056e-01
9.831593918774527152e-01,-1.718510845849251234e-01,-6.216763539127375532e-02,5.245333994474938777e+01,1.692666816860310675e-01,9.845547876639827445e-01,-4.472874421364524122e-02,7.527543561250071846e+00,6.889412626746406476e-02,3.345257560958161958e-02,9.970629491415915480e-01,3.069802444226980231e+00,0.000000000000000000e+00,0.000000000000000000e+00,0.000000000000000000e+00,1.000000000000000056e-01
9.833809381664516680e-01,-1.712021357470958627e-01,-6.042978707973751390e-02,5.343464802424809079e+01,1.685646376236517585e-01,9.845992179136032751e-01,-4.637179128228471198e-02,7.699713101744815269e+00,6.743807080334082715e-02,3.541481045486163243e-02,9.970947286024381961e-01,3.165599547858082730e+00,0.000000000000000000e+00,0.000000000000000000e+00,0.000000000000000000e+00,1.000000000000000056e-01
9.819828641025906135e-01,-1.793452356307608520e-01,-5.953940766769380555e-02,5.440028916920624624e+01,1.765990075673869730e-01,9.830820840282041839e-01,-4.860459431964102989e-02,7.877532414570496577e+00,6.724912739275482054e-02,3.721427843328081048e-02,9.970419511462911277e-01,3.242051858207203541e+00,0.000000000000000000e+00,0.000000000000000000e+00,0.000000000000000000e+00,1.000000000000000056e-01
9.822144356240266605e-01,-1.795351999636429496e-01,-5.497194216861499283e-02,5.531853582553512183e+01,1.769202449365533669e-01,9.829916399458018539e-01,-4.926116856361623803e-02,8.041107135324857325e+00,6.288107333184418668e-02,3.865938140578296239e-02,9.972719904048029660e-01,3.321473301444860304e+00,0.000000000000000000e+00,0.000000000000000000e+00,0.000000000000000000e+00,1.000000000000000056e-01
9.822257182045222024e-01,-1.808550430857056579e-01,-5.024034124165618204e-02,5.623598981366559002e+01,1.784388616779388759e-01,9.827278982533933505e-01,-4.904539364251857270e-02,8.229834536858037453e+00,5.824269173631915070e-02,3.920881769367397240e-02,9.975321836784878382e-01,3.407470569704972085e+00,0.000000000000000000e+00,0.000000000000000000e+00,0.000000000000000000e+00,1.000000000000000056e-01
9.822873650712254934e-01,-1.813952734657042209e-01,-4.698177503810742339e-02,5.714576153747334786e+01,1.795298513867247259e-01,9.828848438097357310e-01,-4.130879168133410467e-02,8.409465707801624390e+00,5.367089418380777133e-02,3.214247304445787962e-02,9.980412298818605032e-01,3.491701767456134586e+00,0.000000000000000000e+00,0.000000000000000000e+00,0.000000000000000000e+00,1.000000000000000056e-01
9.815253454720945792e-01,-1.848757595451560598e-01,-4.928437610934131158e-02,5.800381600783162384e+01,1.829987342335131495e-01,9.822889973646629080e-01,-4.024660141250863132e-02,8.582807936072203603e+00,5.585212139943650927e-02,3.048408090999236986e-02,9.979735774790110536e-01,3.576374854915429502e+00,0.000000000000000000e+00,0.000000000000000000e+00,0.000000000000000000e+00,1.000000000000000056e-01
9.810396761244951636e-01,-1.859299775877349681e-01,-5.469183946230090493e-02,5.891072459816901130e+01,1.839243392110506969e-01,9.821379502856808497e-01,-3.970999942608756383e-02,8.781444192270775773e+00,6.109821041015914972e-02,2.889792454253227449e-02,9.977133449251894826e-01,3.642637589298208134e+00,0.000000000000000000e+00,0.000000000000000000e+00,0.000000000000000000e+00,1.000000000000000056e-01
9.804267628571293747e-01,-1.872258735906679183e-01,-6.090841429311284749e-02,5.988096467110489840e+01,1.850815935262257461e-01,9.819420645592893404e-01,-3.917378698611476140e-02,8.963171523406165520e+00,6.714288057034183133e-02,2.713400278712636837e-02,9.973743427026108277e-01,3.717661858107480732e+00,0.000000000000000000e+00,0.000000000000000000e+00,0.000000000000000000e+00,1.000000000000000056e-01
9.809980975961363203e-01,-1.843771194914019251e-01,-6.039710523538870113e-02,6.078976542327300336e+01,1.824472771291269224e-01,9.825529778009040038e-01,-3.609206121495072556e-02,9.171487116801419148e+00,6.599790588290570248e-02,2.438695599351195856e-02,9.975217054262236482e-01,3.793819854830366101e+00,0.000000000000000000e+00,0.000000000000000000e+00,0.000000000000000000e+00,1.000000000000000056e-01
9.806410686762845330e-01,-1.872862913339828073e-01,-5.715714744279218329e-02,6.172560296278689407e+01,1.855318006269669751e-01,9.820273600933457914e-01,-3.464411904219125149e-02,9.372317114524838289e+00,6.261825118565635118e-02,2.336897743712057496e-02,9.977639227352297357e-01,3.873011692340973866e+00,0.000000000000000000e+00,0.000000000000000000e+00,0.000000000000000000e+00,1.000000000000000056e-01
9.799885985944801758e-01,-1.909362139152816773e-01,-5.626463223486489335e-02,6.261306673795887434e+01,1.891100512786417498e-01,9.812878177732898832e-01,-3.621611789140471993e-02,9.564935452498298574e+00,6.212676661646158310e-02,2.485117513182097393e-02,9.977588305619505826e-01,3.953599149974951210e+00,0.000000000000000000e+00,0.000000000000000000e+00,0.000000000000000000e+00,1.000000000000000056e-01
9.793685185358097511e-01,-1.944343948950471024e-01,-5.506878410470054941e-02,6.343993628636249582e+01,1.927183670575264851e-01,9.806306116916978510e-01,-3.497476821720191253e-02,9.733790952687552789e+00,6.080243333661672356e-02,2.364042078651300283e-02,9.978698284873548374e-01,4.020944419846009588e+00,0.000000000000000000e+00,0.000000000000000000e+00,0.000000000000000000e+00,1.000000000000000056e-01
9.785620692819237965e-01,-1.985104762271311385e-01,-5.486225834539663893e-02,6.426692891408244179e+01,1.967991210379043121e-01,9.798166151996466899e-01,-3.506432000503953428e-02,9.889565020878215762e+00,6.071558713697601528e-02,2.351576932156655697e-02,9.978780617248919071e-01,4.082409885578516473e+00,0.000000000000000000e+00,0.000000000000000000e+00,0.000000000000000000e+00,1.000000000000000056e-01
9.779857703961681858e-01,-2.013862703162400680e-01,-5.465714071123454337e-02,6.507423800664848557e+01,1.997829312043559180e-01,9.792700533317066913e-01,-3.342069788487404131e-02,1.005069761573767728e+01,6.025457079764987706e-02,2.176540318557675796e-02,9.979457169215970591e-01,4.146178041285494942e+00,0.000000000000000000e+00,0.000000000000000000e+00,0.000000000000000000e+00,1.000000000000000056e-01
9.773209374652609416e-01,-2.040988463215563375e-01,-5.645747180164324697e-02,6.587193399896885637e+01,2.023317577769052633e-01,9.786740703109217954e-01,-3.548131756235355788e-02,1.021708550658807191e+01,6.249515970802342613e-02,2.325349503327546474e-02,9.977743382056917243e-01,4.218358022494476778e+00,0.000000000000000000e+00,0.000000000000000000e+00,0.000000000000000000e+00,1.000000000000000056e-01
9.764728637766514341e-01,-2.083903631681217339e-01,-5.544549437495754213e-02,6.662889564073806525e+01,2.067000840375219639e-01,9.777883801956311904e-01,-3.471251666596722463e-02,1.037200754165779770e+01,6.144771408853610256e-02,2.243524221090608534e-02,9.978581253566217724e-01,4.285437690861993332e+00,0.000000000000000000e+00,0.000000000000000000e+00,0.000000000000000000e+00,1.000000000000000056e-01
9.756907273923012269e-01,-2.128065258298796614e-01,-5.235443672602031751e-02,6.741755656960989995e+01,2.111913286987972260e-01,9.768277896413348760e-01,-3.472307686338715893e-02,1.054282140055960504e+01,5.853056605841684690e-02,2.282218106669166649e-02,9.980247095579549699e-01,4.356503937132157667e+00,0.000000000000000000e+00,0.000000000000000000e+00,0.000000000000000000e+00,1.000000000000000056e-01
9.716702697958958801e-01,-2.306707460609729865e-01,-5.145768850662764404e-02,6.822459561860804911e+01,2.293306261486710573e-01,9.728654768945379505e-01,-3.066313384215079568e-02,1.075172650931258644e+01,5.713449662882728874e-02,1.799363160780213799e-02,9.982043270375726696e-01,4.422427488972537013e+00,0.000000000000000000e+00,0.000000000000000000e+00,0.000000000000000000e+00,1.000000000000000056e-01
9.707762911670332340e-01,-2.348488179983589386e-01,-4.939053748192307608e-02,6.896160691863626369e+01,2.336079550447889286e-01,9.718791983868930728e-01,-2.963354657549344129e-02,1.091460951127413281e+01,5.496103936218315472e-02,1.722952197896800847e-02,9.983398357896998698e-01,4.491047414969422391e+00,0.000000000000000000e+00,0.000000000000000000e+00,0.000000000000000000e+00,1.000000000000000056e-01
9.705575641779008444e-01,-2.349849033655685426e-01,-5.291606379290098028e-02,6.963668393585139427e+01,2.338575607847850346e-01,9.719052387788227332e-01,-2.666173471607303017e-02,1.108767401698871957e+01,5.769450477168969194e-02,1.350192669784931396e-02,9.982429774832354274e-01,4.546819462270823564e+00,0.000000000000000000e+00,0.000000000000000000e+00,0.000000000000000000e+00,1.000000000000000056e-01
9.695744255379498133e-01,-2.381633643135835643e-01,-5.660075301257033731e-02,7.030159119187396755e+01,2.368767690511879020e-01,9.711202956793257846e-01,-2.854413431108131227e-02,1.127038619923643559e+01,6.176430706018570804e-02,1.426825912766279542e-02,9.979887710564888659e-01,4.599636785345207812e+00,0.000000000000000000e+00,0.000000000000000000e+00,0.000000000000000000e+00,1.000000000000000056e-01
9.683652501830186665e-01,-2.417077320226721504e-01,-6.201705022359332159e-02,7.102216535955861332e+01,2.401306404229912039e-01,9.702180501727855066e-01,-3.184667406437421966e-02,1.145672318595634565e+01,6.786764890596756750e-02,1.594701851050852812e-02,9.975668773734429617e-01,4.660032754579928493e+00,0.000000000000000000e+00,0.000000000000000000e+00,0.000000000000000000e+00,1.000000000000000056e-01
9.667817436731845904e-01,-2.474130410285371451e-01,-6.418603609234754814e-02,7.173817452137747352e+01,2.458088190605942358e-01,9.687927867953759486e-01,-3.191489817131408502e-02,1.164325505746208833e+01,7.007913078993488476e-02,1.507724717117453136e-02,9.974274871114523489e-01,4.718608601175372286e+00,0.000000000000000000e+00,0.000000000000000000e+00,0.000000000000000000e+00,1.000000000000000056e-01
9.664720059177253075e-01,-2.493398715145809519e-01,-6.133098931584716335e-02,7.240768928471614174e+01,2.478606218193637745e-01,9.683069253758640471e-01,-3.077028469902783406e-02,1.180902565734895404e+01,6.705948052801061210e-02,1.453708162710629428e-02,9.976430721100008059e-01,4.791142579591187278e+00,0.000000000000000000e+00,0.000000000000000000e+00,0.000000000000000000e+00,1.000000000000000056e-01
9.648195883970553943e-01,-2.563784201966300969e-01,-5.825175965425209018e-02,7.297509053809686463e+01,2.548663685857057160e-01,9.664407129544736463e-01,-3.217891402741763357e-02,1.196997307423107415e+01,6.454685127310054449e-02,1.620043214019075556e-02,9.977831678221472655e-01,4.839296766109666414e+00,0.000000000000000000e+00,0.000000000000000000e+00,0.000000000000000000e+00,1.000000000000000056e-01
9.651185633933737629e-01,-2.544865530735646586e-01,-6.150408846772767446e-02,7.350717088454533155e+01,2.527137542722256991e-01,9.669008228291945395e-01,-3.519314157422807204e-02,1.209341864101124919e+01,6.842453503786072311e-02,1.842262513764805765e-02,9.974861853118018873e-01,4.889898132283707177e+00,0.000000000000000000e+00,0.000000000000000000e+00,0.000000000000000000e+00,1.000000000000000056e-01
9.641516147595307062e-01,-2.580973864180772237e-01,-6.162307101035417733e-02,7.412912220882174097e+01,2.557636994540163355e-01,9.657696163632557562e-01,-4.328946928717684189e-02,1.224742950110759310e+01,7.068658853124139274e-02,2.597666710198893308e-02,9.971602774720257356e-01,4.954491378804650736e+00,0.000000000000000000e+00,0.000000000000000000e+00,0.000000000000000000e+00,1.000000000000000056e-01
9.637594175283933362e-01,-2.581289528139948386e-01,-6.735895519143982046e-02,7.471468073903507445e+01,2.552395746313272928e-01,9.656553262446520014e-01,-4.860607407880064568e-02,1.239374609888906775e+01,7.759216885324897450e-02,2.965189057185312060e-02,9.965441388710104542e-01,5.011256394773629275e+00,0.000000000000000000e+00,0.000000000000000000e+00,0.000000000000000000e+00,1.000000000000000056e-01
9.646160006534465481e-01,-2.548931157589577889e-01,-6.742010695660864694e-02,7.529060778767849627e+01,2.522561418683504364e-01,9.666024502555286002e-01,-4.523872290088500753e-02,1.252584815992815770e+01,7.669947961391042346e-02,2.663085989409554738e-02,9.966985437574674700e-01,5.074757770970921733e+00,0.000000000000000000e+00,0.000000000000000000e+00,0.000000000000000000e+00,1.000000000000000056e-01
9.647317987689765229e-01,-2.552059733473733272e-01,-6.451718849883979201e-02,7.585979038902694072e+01,2.526297902563217623e-01,9.664931132979984740e-01,-4.548902090163350204e-02,1.269312267573639019e+01,7.396448822929786726e-02,2.758574116028298523e-02,9.968792712087135577e-01,5.115917553477372870e+00,0.000000000000000000e+00,0.000000000000000000e+00,0.000000000000000000e+00,1.000000000000000056e-01
9.653251829039709575e-01,-2.534052567326348648e-01,-6.271416994334284845e-02,7.644318206476235389e+01,2.506846186920240194e-01,9.668717880812849330e-01,-4.812657648050064352e-02,1.281974357797436603e+01,7.283208909985751378e-02,3.073631846474754459e-02,9.968704858328307772e-01,5.169442191072549875e+00,0.000000000000000000e+00,0.000000000000000000e+00,0.000000000000000000e+00,1.000000000000000056e-01
9.659467510796779788e-01,-2.521900008356320333e-01,-5.785393294442970485e-02,7.703552672349628949e+01,2.493292274639851147e-01,9.670020223202903109e-01,-5.236435009317962075e-02,1.295440271731036219e+01,6.915063565020229674e-02,3.615649743811782946e-02,9.969507998302525875e-01,5.230726656968863963e+00,0.000000000000000000e+00,0.000000000000000000e+00,0.000000000000000000e+00,1.000000000000000056e-01
9.676579528714420730e-01,-2.463258201141516057e-01,-5.442128801986077097e-02,7.760819428077479643e+01,2.435330521837791307e-01,9.684340591566140688e-01,-5.317072088562027621e-02,1.306983952727877352e+01,6.580075028981603735e-02,3.819768854962891924e-02,9.971013979785420256e-01,5.301816936275203673e+00,0.000000000000000000e+00,0.000000000000000000e+00,0.000000000000000000e+00,1.000000000000000056e-01
9.698076680605147715e-01,-2.380873708279236112e-01,-5.279669329866323868e-02,7.810677916116941333e+01,2.355484887536405669e-01,9.705714222651012912e-01,-5.008017300463760146e-02,1.321678043682512360e+01,6.316641842705963961e-02,3.613195448000515453e-02,9.973487281029401741e-01,5.356066165268821067e+00,0.000000000000000000e+00,0.000000000000000000e+00,0.000000000000000000e+00,1.000000000000000056e-01
9.728582505237426403e-01,-2.250496536784302171e-01,-5.384679904229538322e-02,7.861038316379692503e+01,2.225633872359847887e-01,9.737117443476039913e-01,-4.848688051000425714e-02,1.332825846722608709e+01,6.334321628973221818e-02,3.518653575964784952e-02,9.973713173393885523e-01,5.399633631743096629e+00,0.000000000000000000e+00,0.000000000000000000e+00,0.000000000000000000e+00,1.000000000000000056e-01
9.768441495596299484e-01,-2.071170013287961797e-01,-5.364750909120403338e-02,7.907853710904831246e+01,2.052051541595811268e-01,9.779399402947348552e-01,-3.904251378526872596e-02,1.344117230342253855e+01,6.055041021715636823e-02,2.712970580190290568e-02,9.977963854843513447e-01,5.441427709094259768e+00,0.000000000000000000e+00,0.000000000000000000e+00,0.000000000000000000e+00,1.000000000000000056e-01
9.813199788429416426e-01,-1.854117227199276741e-01,-5.131853662875931338e-02,7.956165838458186101e+01,1.833996001113937790e-01,9.821613931675058362e-01,-4.151607460062730487e-02,1.351825720778256823e+01,5.810065234289126662e-02,3.132875435271319925e-02,9.978190333662901867e-01,5.490724200057156779e+00,0.000000000000000000e+00,0.000000000000000000e+00,0.000000000000000000e+00,1.000000000000000056e-01
9.850345581580723930e-01,-1.646562779778210361e-01,-5.094339365238243628e-02,8.011546520836327545e+01,1.626239561809574019e-01,9.858031299191026831e-01,-4.178083194186952426e-02,1.366553531653880604e+01,5.709963318958464346e-02,3.287094711430182253e-02,9.978272058454928928e-01,5.545984795866622186e+00,0.000000000000000000e+00,0.000000000000000000e+00,0.000000000000000000e+00,1.000000000000000056e-01
9.892657165280053233e-01,-1.374887400270190796e-01,-4.949937846190494845e-02,8.061061209705869146e+01,1.355593070785458820e-01,9.899434523051471313e-01,-4.044299077159576455e-02,1.377771954879253613e+01,5.456204144564829467e-02,3.329876279908366293e-02,9.979549969960237465e-01,5.585669566146996168e+00,0.000000000000000000e+00,0.000000000000000000e+00,0.000000000000000000e+00,1.000000000000000056e-01
9.929187471559799416e-01,-1.075969942538362173e-01,-5.035124997196308017e-02,8.109016845493181336e+01,1.054916901147266023e-01,9.935004497018767866e-01,-4.275932364884985071e-02,1.381492874430722395e+01,5.462476419114015158e-02,3.714489560772159249e-02,9.978158105919918697e-01,5.613507260497049067e+00,0.000000000000000000e+00,0.000000000000000000e+00,0.000000000000000000e+00,1.000000000000000056e-01
