1.000000000000000000e+00,-2.403095643608418565e-13,1.064931879351162690e-13,1.738261379781033465e-20,2.403095643608443809e-13,1.000000000000000000e+00,-2.389193035235666913e-14,5.459771021992260600e-20,-1.064931879351105387e-13,2.389193035238225978e-14,1.000000000000000000e+00,-3.271549519548480510e-20,0.000000000000000000e+00,0.000000000000000000e+00,0.000000000000000000e+00,1.000000000000000056e-01
9.999966548133965016e-01,-2.141233499287889443e-03,-1.451027607707863331e-03,6.253726552215465029e-01,2.138463832460729425e-03,9.999958939456704554e-01,-1.907633150424370818e-03,-3.159557051212260031e-03,1.455106337715713315e-03,1.904523798976526195e-03,9.999971277231975986e-01,1.251645215220436626e-02,0.000000000000000000e+00,0.000000000000000000e+00,0.000000000000000000e+00,1.000000000000000056e-01
9.999870155501948688e-01,-4.287124493126040665e-03,-2.754867436860104334e-03,1.256102164682591837e+00,4.287164933862225823e-03,9.999908100276905243e-01,8.774583252376911495e-06,-8.434405422642760053e-03,2.754804501973865272e-03,-2.058504039198666118e-05,9.999962053070061696e-01,1.951477189061931461e-02,0.000000000000000000e+00,0.000000000000000000e+00,0.000000000000000000e+00,1.000000000000000056e-01
9.999636808097799312e-01,-8.375406196318161550e-03,-1.577856902036265871e-03,1.986087811047024365e+00,8.376237144450546929e-03,9.999647831097220330e-01,5.207606229664816719e-04,-6.773061214322472455e-03,1.573439753074480640e-03,-5.339582129538207687e-04,9.999986195870324002e-01,2.649731795937409345e-02,0.000000000000000000e+00,0.000000000000000000e+00,0.000000000000000000e+00,1.000000000000000056e-01
9.999079062808283735e-01,-1.332912678437211777e-02,-2.552123871658870408e-03,2.702565055907694358e+00,1.332517303163447374e-02,9.999099990499882296e-01,-1.559988310725290333e-03,-9.023742366011394331e-03,2.572687460061669467e-03,1.525837153411871904e-03,9.999955265401011539e-01,2.484959622341612745e-02,0.000000000000000000e+00,0.000000000000000000e+00,0.000000000000000000e+00,1.000000000000000056e-01
9.997970522389931780e-01,-1.995125599072092304e-02,-2.793155672846134568e-03,3.449169381074412399e+00,1.995119190801614845e-02,9.998009538703630517e-01,-5.080710214432398108e-05,-4.966495886106910528e-03,2.793613371521009182e-03,-4.929993901216668512e-06,9.999960978423994007e-01,3.524849462097724706e-02,0.000000000000000000e+00,0.000000000000000000e+00,0.000000000000000000e+00,1.000000000000000056e-01
9.997039728103147560e-01,-2.419734967106386067e-02,-2.540672385379057555e-03,4.197349310801388178e+00,2.419896013590015424e-02,9.997069791889464652e-01,6.050530988423609815e-04,1.548879350091980807e-02,2.525287234093823510e-03,-6.663556164460704987e-04,9.999965894414729606e-01,5.164981288176553192e-02,0.000000000000000000e+00,0.000000000000000000e+00,0.000000000000000000e+00,1.000000000000000056e-01
9.995417845942843327e-01,-3.005983149980895330e-02,-3.553502536412611428e-03,4.965402353419083425e+00,3.006926057842533584e-02,9.995443562382162472e-01,2.630490561986544625e-03,3.828129931570051908e-02,3.472811302094258590e-03,-2.736136424419938987e-03,9.999902265218030273e-01,6.653610495929979107e-02,0.000000000000000000e+00,0.000000000000000000e+00,0.000000000000000000e+00,1.000000000000000056e-01
9.994200739718496207e-01,-3.387958964438236853e-02,-3.418939547700548722e-03,5.750957243768659133e+00,3.388515574358316740e-02,9.994244788802715274e-01,1.583425126333358772e-03,8.700723596246341673e-02,3.363326082270994086e-03,-1.698358155940699879e-03,9.999929017834269240e-01,6.355275786897350565e-02,0.000000000000000000e+00,0.000000000000000000e+00,0.000000000000000000e+00,1.000000000000000056e-01
9.993533018106567356e-01,-3.590978731645150940e-02,-1.861541035148133729e-03,6.539539729508262234e+00,3.591239995351794972e-02,9.993539756318415845e-01,1.389574902995103578e-03,1.235805953605124546e-01,1.810439095050268279e-03,-1.455528673605505563e-03,9.999973018696417526e-01,6.699820857148335029e-02,0.000000000000000000e+00,0.000000000000000000e+00,0.000000000000000000e+00,1.000000000000000056e-01
9.993125013973409576e-01,-3.699990058751449762e-02,2.352000744774250876e-03,7.326187394756452420e+00,3.700022587169322918e-02,9.993152526979495187e-01,-9.492458614848581504e-05,1.664305256515594134e-01,-2.346878018359041009e-03,1.818838844351887212e-04,9.999972295370720410e-01,8.163146119051414851e-02,0.000000000000000000e+00,0.000000000000000000e+00,0.000000000000000000e+00,1.000000000000000056e-01
9.990735904303670312e-01,-4.292444593698375999e-02,3.074548028261579139e-03,8.128389951209324948e+00,4.292205976109375598e-02,9.990780723291178278e-01,8.379600223398641235e-04,2.084166175253811537e-01,-3.107682487035150123e-03,-7.052177939488022719e-04,9.999949224758207800e-01,7.317036296371146054e-02,0.000000000000000000e+00,0.000000000000000000e+00,0.000000000000000000e+00,1.000000000000000056e-01
9.989546567050656689e-01,-4.557780781658318098e-02,3.501040116735274627e-03,8.962528258901921063e+00,4.556169880661325305e-02,9.989511605041232478e-01,4.550882257408294350e-03,2.615118152814394081e-01,-3.704787324508246847e-03,-4.386611687845915104e-03,9.999835159585283018e-01,7.871795179767783479e-02,0.000000000000000000e+00,0.000000000000000000e+00,0.000000000000000000e+00,1.000000000000000056e-01
9.989601516436062978e-01,-4.553218492172632359e-02,2.331429698019769469e-03,9.743209945761442725e+00,4.552803329907136043e-02,9.989614327748690403e-01,1.803888106128351352e-03,3.073152686005425904e-01,-2.411143318374048185e-03,-1.695866927120187780e-03,9.999956552021932454e-01,9.732458322426822128e-02,0.000000000000000000e+00,0.000000000000000000e+00,0.000000000000000000e+00,1.000000000000000056e-01
9.988963145568584556e-01,-4.685565930620295971e-02,3.271078676311062021e-03,1.052503490704927103e+01,4.685422498043710637e-02,9.989016055740399525e-01,5.137928451509782843e-04,3.587466803031873486e-01,-3.291559844232483725e-03,-3.599619232384059777e-04,9.999945180155767055e-01,9.738142380026527933e-02,0.000000000000000000e+00,0.000000000000000000e+00,0.000000000000000000e+00,1.000000000000000056e-01
9.987210575765708143e-01,-5.050215956678067580e-02,2.404377721438901751e-03,1.128528074127609315e+01,5.050718707667160162e-02,9.987215351753289116e-01,-2.078275880694256759e-03,4.059710905828492478e-01,-2.296346388946206296e-03,2.197056240882542828e-03,9.999949498558161620e-01,1.080441776754471062e-01,0.000000000000000000e+00,0.000000000000000000e+00,0.000000000000000000e+00,1.000000000000000056e-01
9.984740669386238388e-01,-5.520804764262251391e-02,1.268513513678922507e-03,1.211387851073429367e+01,5.520593331998473879e-02,9.984736339240080083e-01,1.645382890215355562e-03,4.688532407622841847e-01,-1.357415674678071060e-03,-1.572842673612895358e-03,9.999978417919761498e-01,1.192613244870190242e-01,0.000000000000000000e+00,0.000000000000000000e+00,0.000000000000000000e+00,1.000000000000000056e-01
9.983695825765941390e-01,-5.705388792725768488e-02,-1.740821134133831464e-03,1.295744195999419013e+01,5.705786788006989019e-02,9.983681556010325364e-01,2.329290615819456112e-03,5.344477666150655448e-01,1.605085299171514620e-03,-2.424820442089489856e-03,9.999957719645649057e-01,1.218341041359165267e-01,0.000000000000000000e+00,0.000000000000000000e+00,0.000000000000000000e+00,1.000000000000000056e-01
9.983439574676611361e-01,-5.746117734851881320e-02,-2.748760726360276012e-03,1.384465837279844003e+01,5.747254843679702740e-02,9.983380237685143266e-01,4.253995081951005008e-03,5.860878506146612876e-01,2.499752785523310511e-03,-4.404928569149840767e-03,9.999871738379008113e-01,1.322090323842254889e-01,0.000000000000000000e+00,0.000000000000000000e+00,0.000000000000000000e+00,1.000000000000000056e-01
9.977891757402633788e-01,-6.632362666333435630e-02,-4.235247547485488512e-03,1.477050926840950140e+01,6.635637523588813758e-02,9.977628899445206700e-01,8.126925317254781594e-03,6.801296976540174288e-01,3.686765671947158773e-03,-8.389993789084150555e-03,9.999580069998436072e-01,1.474629150270581057e-01,0.000000000000000000e+00,0.000000000000000000e+00,0.000000000000000000e+00,1.000000000000000056e-01
9.974656449682586246e-01,-7.107355908116558263e-02,-3.291854734331793163e-03,1.572568610007405709e+01,7.108936445239544266e-02,9.974576046208104563e-01,4.962786099505960176e-03,7.490587689249733616e-01,2.930762667015840515e-03,-5.184224498516476660e-03,9.999822670660408752e-01,1.383706958207674143e-01,0.000000000000000000e+00,0.000000000000000000e+00,0.000000000000000000e+00,1.000000000000000056e-01
9.970447397846781135e-01,-7.680417795610282317e-02,-1.704440139974541064e-03,1.665074166139512002e+01,7.680728107014712924e-02,9.970442661112031146e-01,1.836570005176296067e-03,8.457702156054592857e-01,1.558346018984991697e-03,-1.962055875805610635e-03,9.999968609422857924e-01,1.485803468111260295e-01,0.000000000000000000e+00,0.000000000000000000e+00,0.000000000000000000e+00,1.000000000000000056e-01
9.968946284578957817e-01,-7.874540819829112248e-02,5.103327135688707182e-04,1.754606967946510565e+01,7.874277720358843768e-02,9.968870571877593845e-01,3.971177381446633174e-03,9.441191336115997146e-01,-8.214560609461512598e-04,-3.918660385053385035e-03,9.999919846232401266e-01,1.770079015564188230e-01,0.000000000000000000e+00,0.000000000000000000e+00,0.000000000000000000e+00,1.000000000000000056e-01
9.967840523259032803e-01,-8.012500469721912932e-02,1.239617288370704635e-03,1.848064289053660758e+01,8.011644722262999119e-02,9.967682770878527609e-01,5.861456793082658705e-03,1.022452693902371035e+00,-1.705260441855878384e-03,-5.743292921682113979e-03,9.999820531755763131e-01,1.932589382546034129e-01,0.000000000000000000e+00,0.000000000000000000e+00,0.000000000000000000e+00,1.000000000000000056e-01
9.964795147109972717e-01,-8.382688416995200120e-02,1.276813100152063198e-03,1.941941764224084110e+01,8.382084974222821228e-02,9.964719380887184785e-01,4.212095702145867392e-03,1.107893557441919530e+00,-1.625395283022125666e-03,-4.090243522173836639e-03,9.999903139521418849e-01,2.111568573393283743e-01,0.000000000000000000e+00,0.000000000000000000e+00,0.000000000000000000e+00,1.000000000000000056e-01
9.963778238895474315e-01,-8.503069483773882664e-02,1.006477293012441546e-03,2.035591019087158315e+01,8.502462819918361892e-02,9.963661895015738512e-01,5.022849560203268560e-03,1.182721842142187452e+00,-1.429916333428180291e-03,-4.919080556890598893e-03,9.999868789067956065e-01,2.191052276922264841e-01,0.000000000000000000e+00,0.000000000000000000e+00,0.000000000000000000e+00,1.000000000000000056e-01
9.966167901015073882e-01,-8.208453672640649013e-02,4.135519094295362144e-03,2.128379701621768660e+01,8.205905504400891337e-02,9.966094383936582313e-01,5.994896993397522654e-03,1.275336404175948957e+00,-4.613585704457513065e-03,-5.635258209554684129e-03,9.999734789942477109e-01,2.326396375513739567e-01,0.000000000000000000e+00,0.000000000000000000e+00,0.000000000000000000e+00,1.000000000000000056e-01
9.967595474037910241e-01,-8.005191601878750007e-02,7.880063521989029776e-03,2.222843306345733794e+01,8.000544542319198982e-02,9.967760894442114772e-01,6.046173578542663601e-03,1.363228180053136507e+00,-8.338666681564714175e-03,-5.396133247633166583e-03,9.999506729753960821e-01,2.239759293684995822e-01,0.000000000000000000e+00,0.000000000000000000e+00,0.000000000000000000e+00,1.000000000000000056e-01
9.967956970671131289e-01,-7.911217929224022283e-02,1.181530347136831513e-02,2.318951494569102323e+01,7.904446508837097152e-02,9.968524714425160971e-01,6.092841524360220924e-03,1.450564987416380403e+00,-1.226013243735123506e-02,-5.139383871643018152e-03,9.999116340387477209e-01,2.336594963076048803e-01,0.000000000000000000e+00,0.000000000000000000e+00,0.000000000000000000e+00,1.000000000000000056e-01
9.968917447374794349e-01,-7.723486193145545631e-02,1.554430367347117356e-02,2.412016049227382553e+01,7.715980302623720588e-02,9.970042618874258578e-01,5.372762349249832724e-03,1.527259279739632936e+00,-1.591270156875796218e-02,-4.156667022778452909e-03,9.998647448770485724e-01,2.398286004478650535e-01,0.000000000000000000e+00,0.000000000000000000e+00,0.000000000000000000e+00,1.000000000000000056e-01
9.971158738041948633e-01,-7.495570429062624329e-02,1.189859663964834557e-02,2.507936452971440033e+01,7.491301176422925090e-02,9.971820711780277069e-01,3.994695171252672997e-03,1.591786551338384648e+00,-1.216449243122406584e-02,-3.091814256221211803e-03,9.999212298018758105e-01,2.425647942361061904e-01,0.000000000000000000e+00,0.000000000000000000e+00,0.000000000000000000e+00,1.000000000000000056e-01
9.971835399131060429e-01,-7.446416743043822450e-02,8.948491228054102770e-03,2.604290099626585686e+01,7.442928287242560337e-02,9.972175730339259969e-01,4.170597489914278262e-03,1.665279713859900701e+00,-9.234152774529429120e-03,-3.492821383651176920e-03,9.999512641230664522e-01,2.358814459255335061e-01,0.000000000000000000e+00,0.000000000000000000e+00,0.000000000000000000e+00,1.000000000000000056e-01
9.973398906432020539e-01,-7.246646018955288371e-02,7.858414560304734231e-03,2.698520299227628882e+01,7.243534462378903305e-02,9.973643728801486752e-01,4.174752522089628798e-03,1.741585156551900271e+00,-8.140232247213805700e-03,-3.594420256971027870e-03,9.999604075972097217e-01,2.494745655255062589e-01,0.000000000000000000e+00,0.000000000000000000e+00,0.000000000000000000e+00,1.000000000000000056e-01
9.973782783932768625e-01,-7.185327265907490157e-02,8.583530593167647618e-03,2.794056322178176899e+01,7.184837873124033658e-02,9.974151795324579517e-01,8.775602127204749090e-04,1.810542712291899559e+00,-8.624399280846016189e-03,-2.585467372404878566e-04,9.999627757524922611e-01,2.592734716084665325e-01,0.000000000000000000e+00,0.000000000000000000e+00,0.000000000000000000e+00,1.000000000000000056e-01
9.975017584472071208e-01,-6.921780516326524191e-02,1.411160313748606801e-02,2.894415226356802506e+01,6.928342537577673876e-02,9.975881121719301081e-01,-4.214904677903500915e-03,1.897407512781739136e+00,-1.378582108286735206e-02,5.182075030804693394e-03,9.998915427362341513e-01,2.643785351023429930e-01,0.000000000000000000e+00,0.000000000000000000e+00,0.000000000000000000e+00,1.000000000000000056e-01
9.974041530188528792e-01,-6.983122908724548328e-02,1.756573325851766218e-02,2.992378937730600086e+01,6.999195756258497214e-02,9.975095527692477981e-01,-8.707353826077735004e-03,1.931641225208643453e+00,-1.691394150699531904e-02,9.914210924720386758e-03,9.998077950308439377e-01,2.602604422352886027e-01,0.000000000000000000e+00,0.000000000000000000e+00,0.000000000000000000e+00,1.000000000000000056e-01
9.972294883197693194e-01,-7.159790392972932571e-02,2.017641639043617902e-02,3.083923285697877148e+01,7.189706619173415192e-02,9.973064634591107813e-01,-1.451309118357155779e-02,1.986579688801698440e+00,-1.908296356733958643e-02,1.592350763966639965e-02,9.996910934913529889e-01,2.685870277826988284e-01,0.000000000000000000e+00,0.000000000000000000e+00,0.000000000000000000e+00,1.000000000000000056e-01
9.974455775207553554e-01,-7.010849129466896479e-02,1.367915686992698769e-02,3.175429696162673565e+01,7.029519461734791419e-02,9.974324063906629956e-01,-1.368138499715670052e-02,2.052208493824964730e+00,-1.268485309319447064e-02,1.460801595414551284e-02,9.998128326701390955e-01,2.541370044568195818e-01,0.000000000000000000e+00,0.000000000000000000e+00,0.000000000000000000e+00,1.000000000000000056e-01
9.974861135759294228e-01,-6.988607510035212134e-02,1.172133653880993304e-02,3.274052253504712695e+01,7.005701922060507403e-02,9.974321665947986082e-01,-1.486899794639109408e-02,2.101418141806875362e+00,-1.065210219214349913e-02,1.565278087350471456e-02,9.998207455188226067e-01,2.584255978843317259e-01,0.000000000000000000e+00,0.000000000000000000e+00,0.000000000000000000e+00,1.000000000000000056e-01
9.973004850421010037e-01,-7.277801074520702518e-02,9.752111912845798022e-03,3.368969409736939724e+01,7.287261483785452409e-02,9.972938491791412119e-01,-9.724216993981592283e-03,2.182909656902662032e+00,-9.018012058311026743e-03,1.040862822003294635e-02,9.999051634615621076e-01,2.473524444003166178e-01,0.000000000000000000e+00,0.000000000000000000e+00,0.000000000000000000e+00,1.000000000000000056e-01
9.969803287432109640e-01,-7.682688099226704648e-02,1.130727447614959455e-02,3.464337647623273142e+01,7.695973325057055281e-02,9.969640860216794076e-01,-1.182415497862290658e-02,2.261840904007634379e+00,-1.036453361613396199e-02,1.265865474517359653e-02,9.998661584947069469e-01,2.598531034912702209e-01,0.000000000000000000e+00,0.000000000000000000e+00,0.000000000000000000e+00,1.000000000000000056e-01
9.969436340067335811e-01,-7.723233239057981925e-02,1.177104273032494181e-02,3.562120286059752772e+01,7.736905429245567734e-02,9.969345832963762977e-01,-1.163898902704350695e-02,2.338186251495611767e+00,-1.083605331009340061e-02,1.251413046086657412e-02,9.998629788563376808e-01,2.520901292343142308e-01,0.000000000000000000e+00,0.000000000000000000e+00,0.000000000000000000e+00,1.000000000000000056e-01
9.969754655099536400e-01,-7.673844475168918600e-02,1.229358647031717801e-02,3.659869162624551819e+01,7.687149396118199418e-02,9.969831406035831733e-01,-1.074200951367849238e-02,2.411984504259452766e+00,-1.143217334487100188e-02,1.165454629352622243e-02,9.998667296011528594e-01,2.541427473974106066e-01,0.000000000000000000e+00,0.000000000000000000e+00,0.000000000000000000e+00,1.000000000000000056e-01
9.969039515012227959e-01,-7.760416655654708840e-02,1.265325311180120690e-02,3.759642429526837759e+01,7.771776715510481104e-02,9.969370255206839726e-01,-8.747331844402822520e-03,2.495828328507304406e+00,-1.193566712306100980e-02,9.703632259875225735e-03,9.998816826861529616e-01,2.566735060999127405e-01,0.000000000000000000e+00,0.000000000000000000e+00,0.000000000000000000e+00,1.000000000000000056e-01
9.967886359607268654e-01,-7.858326940668380889e-02,1.539756438239458375e-02,3.858811185094155149e+01,7.874797840665925808e-02,9.968403168645599832e-01,-1.039896967146169623e-02,2.576738250221946913e+00,-1.453172792264427124e-02,1.157810186171322545e-02,9.998273733204458003e-01,2.733742073918083437e-01,0.000000000000000000e+00,0.000000000000000000e+00,0.000000000000000000e+00,1.000000000000000056e-01
9.966538971773687416e-01,-8.031420549039668122e-02,1.518675862747333356e-02,3.960841358665850009e+01,8.042934306198189220e-02,9.967348248284393364e-01,-7.128095737174626988e-03,2.632625043174373403e+00,-1.456468385447576112e-02,8.325705415557048059e-03,9.998592664038037370e-01,2.657644177298383870e-01,0.000000000000000000e+00,0.000000000000000000e+00,0.000000000000000000e+00,1.000000000000000056e-01
9.963243014271728759e-01,-8.395899956212479753e-02,1.699331569126682345e-02,4.062479889919537612e+01,8.416170897067090650e-02,9.963847473947710087e-01,-1.158628077488825514e-02,2.724876174597089751e+00,-1.595910801993699613e-02,1.297387958883475939e-02,9.997884702874015872e-01,2.769308209208785065e-01,0.000000000000000000e+00,0.000000000000000000e+00,0.000000000000000000e+00,1.000000000000000056e-01
9.964297036620758385e-01,-8.296614988875164465e-02,1.563533282488150170e-02,4.164706814251709943e+01,8.316806776813640001e-02,9.964541140521401275e-01,-1.273856712033418458e-02,2.818198742014181413e+00,-1.452302184885407264e-02,1.399344708075116704e-02,9.997966119542394114e-01,2.894602380591753676e-01,0.000000000000000000e+00,0.000000000000000000e+00,0.000000000000000000e+00,1.000000000000000056e-01
9.962906312223096528e-01,-8.471629405492861475e-02,1.510389553229745177e-02,4.270444642919657952e+01,8.491430840006702896e-02,9.963035937519997276e-01,-1.298881464140175593e-02,2.908141310313586470e+00,-1.394770115789676843e-02,1.422317118118363380e-02,9.998015618281262951e-01,2.983036416520425949e-01,0.000000000000000000e+00,0.000000000000000000e+00,0.000000000000000000e+00,1.000000000000000056e-01
9.964112622912618678e-01,-8.385499024763033715e-02,1.152983042824177323e-02,4.377773961143118697e+01,8.400922439045326040e-02,9.963719626612356217e-01,-1.361478020064284776e-02,2.988387987063806595e+00,-1.034633251198995366e-02,1.453453243717065836e-02,9.998408377188762186e-01,3.049171040598263605e-01,0.000000000000000000e+00,0.000000000000000000e+00,0.000000000000000000e+00,1.000000000000000056e-01
9.964435971562353167e-01,-8.333630088019838844e-02,1.245867737552081023e-02,4.481116861194579570e+01,8.351452875190071290e-02,9.964004279813736265e-01,-1.454340420545745943e-02,3.065099379930261048e+00,-1.120183796036244850e-02,1.553216257127173691e-02,9.998166185617087809e-01,3.125792684261824994e-01,0.000000000000000000e+00,0.000000000000000000e+00,0.000000000000000000e+00,1.000000000000000056e-01
9.964139645515550647e-01,-8.334555240938938681e-02,1.458527134564766188e-02,4.581820356059589727e+01,8.355274751710099757e-02,9.964018323962975376e-01,-1.422416182571578300e-02,3.163007138714241329e+00,-1.334727046987571088e-02,1.539179297139565625e-02,9.997924500015639149e-01,3.251014683470858646e-01,0.000000000000000000e+00,0.000000000000000000e+00,0.000000000000000000e+00,1.000000000000000056e-01
9.959981967585972429e-01,-8.851090430333910519e-02,1.238595466759838913e-02,4.676449315419734631e+01,8.865704967354667843e-02,9.959923892170422510e-01,-1.179356455488186906e-02,3.240648125399940849e+00,-1.129245751840289406e-02,1.284447122823801843e-02,9.998537392849325967e-01,3.385174289896996092e-01,0.000000000000000000e+00,0.000000000000000000e+00,0.000000000000000000e+00,1.000000000000000056e-01
9.962153250692475925e-01,-8.664752844617179539e-02,6.872547660315356764e-03,4.772094650375371572e+01,8.672741525681451624e-02,9.961557616762491962e-01,-1.233101464129517273e-02,3.343944329641575841e+00,-5.777676007315984442e-03,1.288038405411994110e-02,9.999003521184363086e-01,3.323498109585593108e-01,0.000000000000000000e+00,0.000000000000000000e+00,0.000000000000000000e+00,1.000000000000000056e-01
9.962785338455665274e-01,-8.605033803692767325e-02,4.941894602165028405e-03,4.866922179989290953e+01,8.610740949473684458e-02,9.962034691015428933e-01,-1.281257898148958907e-02,3.429493104847650464e+00,-3.820605794128977342e-03,1.319043114464742150e-02,9.999057033028585506e-01,3.398304183004486334e-01,0.000000000000000000e+00,0.000000000000000000e+00,0.000000000000000000e+00,1.000000000000000056e-01
9.963514757666362964e-01,-8.515350903568148777e-02,5.711097666471000832e-03,4.963554405203918662e+01,8.522686814373307829e-02,9.962611647863254261e-01,-1.414469812349871888e-02,3.534266972924406058e+00,-4.485274133940528839e-03,1.457982981739782552e-02,9.998836486704035798e-01,3.466058134779339550e-01,0.000000000000000000e+00,0.000000000000000000e+00,0.000000000000000000e+00,1.000000000000000056e-01
9.967572820056432858e-01,-7.994614909291014593e-02,9.139694411562570772e-03,5.064448124075774871e+01,8.008884224117962525e-02,9.966513472329913137e-01,-1.648846284924137054e-02,3.613479277439346049e+00,-7.790899639323318679e-03,1.716698295792107656e-02,9.998222824977108791e-01,3.622853427352226152e-01,0.000000000000000000e+00,0.000000000000000000e+00,0.000000000000000000e+00,1.000000000000000056e-01
9.968108633089857173e-01,-7.932425007258016303e-02,8.704374740174717490e-03,5.158882304453237566e+01,7.945423156844159951e-02,9.967137640596558379e-01,-1.577014964739307384e-02,3.698392621455607543e+00,-7.424814816753511244e-03,1.641145589079412437e-02,9.998377549585140134e-01,3.662227387747353791e-01,0.000000000000000000e+00,0.000000000000000000e+00,0.000000000000000000e+00,1.000000000000000056e-01
9.968820354950067575e-01,-7.774106252012809304e-02,1.351053313432425303e-02,5.253751705697336405e+01,7.797857160778061403e-02,9.967917245542413651e-01,-1.804439608830452069e-02,3.780580493131751485e+00,-1.206439709817145635e-02,1.904166637726134592e-02,9.997459003488009532e-01,3.927590130406981017e-01,0.000000000000000000e+00,0.000000000000000000e+00,0.000000000000000000e+00,1.000000000000000056e-01
9.970590501183066445e-01,-7.533054611722631022e-02,1.409111063261594965e-02,5.353560325491984884e+01,7.557207416655020715e-02,9.969872213525664550e-01,-1.747403976915819224e-02,3.876590571595142087e+00,-1.273232827669856446e-02,1.848754395178349441e-02,9.997480175200574859e-01,4.201566125760842207e-01,0.000000000000000000e+00,0.000000000000000000e+00,0.000000000000000000e+00,1.000000000000000056e-01
9.970658560028814454e-01,-7.495769049429555630e-02,1.552492927528951322e-02,5.450319060220972744e+01,7.526097641754865564e-02,9.969638734885165610e-01,-1.997048791217608324e-02,3.939512784711453719e+00,-1.398085197398693524e-02,2.108031296102071475e-02,9.996800269003811579e-01,4.148856834661428516e-01,0.000000000000000000e+00,0.000000000000000000e+00,0.000000000000000000e+00,1.000000000000000056e-01
9.969687487238885204e-01,-7.551129497085055930e-02,1.874455653647616460e-02,5.543917169247078647e+01,7.585154526773914274e-02,9.969537900834329891e-01,-1.815718917603834429e-02,4.014745372017581637e+00,-1.731638381475972960e-02,1.952395375182809992e-02,9.996594210437255157e-01,4.240139122575785624e-01,0.000000000000000000e+00,0.000000000000000000e+00,0.000000000000000000e+00,1.000000000000000056e-01
9.969647368949494659e-01,-7.424514661238412749e-02,2.343014281838062818e-02,5.638335140253858668e+01,7.462708912961474317e-02,9.970852213732042113e-01,-1.587006260822186252e-02,4.099402276675539802e+00,-2.218357401377569343e-02,1.757041614913917513e-02,9.995995045618627506e-01,4.350412862010362702e-01,0.000000000000000000e+00,0.000000000000000000e+00,0.000000000000000000e+00,1.000000000000000056e-01
9.968884588420707793e-01,-7.461115378532631737e-02,2.542786578349217480e-02,5.734083917809331865e+01,7.498634153719507811e-02,9.970843864091825104e-01,-1.413417708573964406e-02,4.165564227400582631e+00,-2.429916069225519087e-02,1.599694064020680540e-02,9.995767347631724364e-01,4.196215551475659389e-01,0.000000000000000000e+00,0.000000000000000000e+00,0.000000000000000000e+00,1.000000000000000056e-01
9.969099108334928960e-01,-7.533097654711988500e-02,2.226822072853187548e-02,5.822622457969900722e+01,7.558543650238506995e-02,9.970806882692517803e-01,-1.081401263450045870e-02,4.233081892366993060e+00,-2.138858271838637096e-02,1.246374955510965755e-02,9.996935447807624442e-01,4.211252459619397870e-01,0.000000000000000000e+00,0.000000000000000000e+00,0.000000000000000000e+00,1.000000000000000056e-01
9.970621620652181383e-01,-7.486544298767749961e-02,1.619291277353748087e-02,5.912725009459060743e+01,7.497977309331199658e-02,9.971634000301711209e-01,-6.571701997530779438e-03,4.311970456906657923e+00,-1.565498657642447333e-02,7.766536327585985347e-03,9.998472894941328182e-01,4.249406952085038047e-01,0.000000000000000000e+00,0.000000000000000000e+00,0.000000000000000000e+00,1.000000000000000056e-01
9.971463326607871158e-01,-7.489459093863978789e-02,9.486385469537122681e-03,6.011341711781145847e+01,7.496122554157338969e-02,9.971627525874896536e-01,-6.874555799923315162e-03,4.375232022018405331e+00,-8.944603202389491206e-03,7.566049185321753641e-03,9.999313721317464321e-01,4.286198367768268014e-01,0.000000000000000000e+00,0.000000000000000000e+00,0.000000000000000000e+00,1.000000000000000056e-01
9.972948404021030333e-01,-7.288869934783871740e-02,9.499411283036208326e-03,6.103626836314033710e+01,7.292709037525595128e-02,9.973301898463474702e-01,-3.759243334485165480e-03,4.456424457924706317e+00,-9.200043301156379111e-03,4.441838406447760033e-03,9.999478132756868254e-01,4.357624507283949788e-01,0.000000000000000000e+00,0.000000000000000000e+00,0.000000000000000000e+00,1.000000000000000056e-01
9.970866452550036785e-01,-7.547698043482105323e-02,1.102031209013586317e-02,6.197976864430694377e+01,7.550940650450162217e-02,9.971418136423343404e-01,-2.555976411107449033e-03,4.536205169041085838e+00,-1.079589660288959689e-02,3.380667170522592968e-03,9.999360078055105072e-01,4.370313088254239586e-01,0.000000000000000000e+00,0.000000000000000000e+00,0.000000000000000000e+00,1.000000000000000056e-01
9.971931056291873929e-01,-7.387023096728168037e-02,1.221061269784646901e-02,6.285391026068199949e+01,7.391790490931046675e-02,9.972581892686386285e-01,-3.499610043183427541e-03,4.605077209320270981e+00,-1.191861650672963562e-02,4.392369915737010660e-03,9.999193235792019907e-01,4.476075007644906290e-01,0.000000000000000000e+00,0.000000000000000000e+00,0.000000000000000000e+00,1.000000000000000056e-01
9.973707893965090276e-01,-7.107899050400570684e-02,1.411685402332635286e-02,6.365879013388297381e+01,7.112332243445027014e-02,9.974639752656400127e-01,-2.662903143561243940e-03,4.680194744617405256e+00,-1.389177686509757148e-02,3.659939370841230194e-03,9.998968063652029503e-01,4.489069803753764076e-01,0.000000000000000000e+00,0.000000000000000000e+00,0.000000000000000000e+00,1.000000000000000056e-01
9.972716902459254351e-01,-7.249227689830629873e-02,1.393002599187342927e-02,6.446306055352353326e+01,7.250939153092285372e-02,9.973674647944712479e-01,-7.268488594607720732e-04,4.752533039478064936e+00,-1.384066377925264463e-02,1.734923499308449815e-03,9.999027083004632388e-01,4.601182390182326221e-01,0.000000000000000000e+00,0.000000000000000000e+00,0.000000000000000000e+00,1.000000000000000056e-01
9.971771557666684327e-01,-7.334313681223413040e-02,1.607806890268522609e-02,6.524461001881245181e+01,7.334835439687197034e-02,9.973063462629386811e-01,2.657271877315999040e-04,4.816574569748085288e+00,-1.605424941778530595e-02,9.143228146194098700e-04,9.998707041860073197e-01,4.607080838212139207e-01,0.000000000000000000e+00,0.000000000000000000e+00,0.000000000000000000e+00,1.000000000000000056e-01
9.965992566416129739e-01,-8.121212615791432998e-02,1.394676400801867118e-02,6.605788054503300089e+01,8.122293062383915963e-02,9.966959374975736807e-01,-2.090854076327153645e-04,4.882830094395606224e+00,-1.388370275752714121e-02,1.341171407271730606e-03,9.999027172965362364e-01,4.655446365892957905e-01,0.000000000000000000e+00,0.000000000000000000e+00,0.000000000000000000e+00,1.000000000000000056e-01
9.965087254806669348e-01,-8.241882602698741289e-02,1.332280590679125326e-02,6.680495532260806613e+01,8.239989267232966652e-02,9.965974098343556298e-01,1.964789821317265272e-03,4.946498158443352722e+00,-1.343940952889675911e-02,-8.601324238643764291e-04,9.999093171101707256e-01,4.696105192562350927e-01,0.000000000000000000e+00,0.000000000000000000e+00,0.000000000000000000e+00,1.000000000000000056e-01
9.963625539981296741e-01,-8.360426121033001645e-02,1.649207378709979105e-02,6.758806285607721520e+01,8.355028321415350345e-02,9.964957874403892468e-01,3.936469026081566326e-03,5.032501436734511557e+00,-1.676338763970390555e-02,-2.544232896860254903e-03,9.998562475245166281e-01,4.795403463805175681e-01,0.000000000000000000e+00,0.000000000000000000e+00,0.000000000000000000e+00,1.000000000000000056e-01
9.966738434982571615e-01,-7.920028855318191063e-02,1.919802019751805366e-02,6.832530068478666863e+01,7.908022651750944154e-02,9.968441280350083256e-01,6.935573232492364334e-03,5.113524110461838745e+00,-1.968673310508848445e-02,-5.394320644584347027e-03,9.997916452163583267e-01,4.767117408532441925e-01,0.000000000000000000e+00,0.000000000000000000e+00,0.000000000000000000e+00,1.000000000000000056e-01
9.962057819642262668e-01,-8.437474493800349584e-02,2.132937874602556377e-02,6.904812834975557223e+01,8.418183415847006745e-02,9.964023393145283736e-01,9.787594507916405270e-03,5.203300777805117683e+00,-2.207846866882750420e-02,-7.954912016006508366e-03,9.997245923733482087e-01,4.846100294486960225e-01,0.000000000000000000e+00,0.000000000000000000e+00,0.000000000000000000e+00,1.000000000000000056e-01
9.963391817567882613e-01,-8.412997473347742783e-02,1.517834798514458051e-02,6.972809880863023579e+01,8.391835736974538607e-02,9.963731633773871277e-01,1.407936780194067421e-02,5.278159117812506018e+00,-1.630779545424190097e-02,-1.275408376493872460e-02,9.997856716090401941e-01,4.809282768005668229e-01,0.000000000000000000e+00,0.000000000000000000e+00,0.000000000000000000e+00,1.000000000000000056e-01
9.963101663856995804e-01,-8.529526876094092880e-02,9.527302005210035174e-03,7.041621220474203824e+01,8.516295515034219554e-02,9.962752494824550498e-01,1.352399122791733861e-02,5.353215497699058467e+00,-1.064534764864114025e-02,-1.266271675711159832e-02,9.998631567258434716e-01,4.880792273408672277e-01,0.000000000000000000e+00,0.000000000000000000e+00,0.000000000000000000e+00,1.000000000000000056e-01
9.966495297917403740e-01,-8.149744105102879610e-02,6.919672538264157180e-03,7.115577130656534166e+01,8.141223588134510747e-02,9.966105102089020118e-01,1.181265380649991828e-02,5.428392774591500824e+00,-7.858919436089408309e-03,-1.120972984893392824e-02,9.999062852797810930e-01,4.978859870396961651e-01,0.000000000000000000e+00,0.000000000000000000e+00,0.000000000000000000e+00,1.000000000000000056e-01
9.968368332303123580e-01,-7.929977612759034344e-02,5.279528527866074114e-03,7.186573180856353815e+01,7.924221237026002340e-02,9.968017461443541283e-01,1.034169532683766081e-02,5.493941213736803775e+00,-6.082737379593807295e-03,-9.890621299017564663e-03,9.999325856858002348e-01,5.006622558845887916e-01,0.000000000000000000e+00,0.000000000000000000e+00,0.000000000000000000e+00,1.000000000000000056e-01
9.968886828358713981e-01,-7.833936160016422012e-02,8.711972098215987545e-03,7.254149056442510357e+01,7.822844293797792670e-02,9.968581243476315468e-01,1.241735227903149885e-02,5.565526800436638055e+00,-9.657367615500159555e-03,-1.169719394559017023e-02,9.998849488338837910e-01,5.097001109054024592e-01,0.000000000000000000e+00,0.000000000000000000e+00,0.000000000000000000e+00,1.000000000000000056e-01
9.968545538743189827e-01,-7.835086317652473209e-02,1.192227576958024803e-02,7.312971239879857421e+01,7.818415092622563178e-02,9.968425769939919245e-01,1.386056405498930361e-02,5.602680274174924868e+00,-1.297061925960332589e-02,-1.288483338932984099e-02,9.998328580840657454e-01,5.323590507143083350e-01,0.000000000000000000e+00,0.000000000000000000e+00,0.000000000000000000e+00,1.000000000000000056e-01
9.968338730533713443e-01,-7.899560378323737531e-02,9.051194193969772789e-03,7.371460008095235139e+01,7.890478801128240904e-02,9.968321332729509487e-01,9.986616213324845878e-03,5.631480513066532190e+00,-9.811419994565698938e-03,-9.240814759502063644e-03,9.999091675648698052e-01,5.402285430869554483e-01,0.000000000000000000e+00,0.000000000000000000e+00,0.000000000000000000e+00,1.000000000000000056e-01
9.967994081620777935e-01,-7.963215530064145231e-02,7.046966007146550706e-03,7.434094664206497782e+01,7.958660289832440726e-02,9.968066014856048485e-01,6.524712547156851297e-03,5.668432941716170959e+00,-7.544039159215573664e-03,-5.942985520184868725e-03,9.999538831347528633e-01,5.524354055456128787e-01,0.000000000000000000e+00,0.000000000000000000e+00,0.000000000000000000e+00,1.000000000000000056e-01
9.969415727329626886e-01,-7.812880720571245552e-02,1.841206490151066832e-03,7.496152211754343853e+01,7.811860916224912244e-02,9.969311347532648915e-01,5.078923323231480588e-03,5.685654061558635064e+00,-2.232366296674727704e-03,-4.919557315461410216e-03,9.999854071417929591e-01,5.659119805444395856e-01,0.000000000000000000e+00,0.000000000000000000e+00,0.000000000000000000e+00,1.000000000000000056e-01
9.974234859728176028e-01,-7.169213991283486520e-02,2.574238635223056841e-03,7.557296461986378233e+01,7.168268092117920098e-02,9.974210056403793878e-01,3.595937052660339635e-03,5.741607629759238662e+00,-2.825400110599570781e-03,-3.402143743699629058e-03,9.999902212182688599e-01,5.872279119534296044e-01,0.000000000000000000e+00,0.000000000000000000e+00,0.000000000000000000e+00,1.000000000000000056e-01
9.977160432182535788e-01,-6.736107595392937242e-02,5.018221920245497653e-03,7.614423559150098697e+01,6.732876222912875797e-02,9.977106253059011554e-01,6.351844488110786752e-03,5.800034306143360574e+00,-5.434600408983093420e-03,-5.999466479334357102e-03,9.999672352234136863e-01,5.817496884103061650e-01,0.000000000000000000e+00,0.000000000000000000e+00,0.000000000000000000e+00,1.000000000000000056e-01
9.979090919048103636e-01,-6.412951423038663890e-02,8.052931037286967936e-03,7.669320009717738174e+01,6.409526977145256488e-02,9.979339021035384949e-01,4.441106318242083947e-03,5.818466425047176038e+00,-8.321098884244846478e-03,-3.915665585803862481e-03,9.999577125440749503e-01,5.917648910866198930e-01,0.000000000000000000e+00,0.000000000000000000e+00,0.000000000000000000e+00,1.000000000000000056e-01
9.983145493379584900e-01,-5.690182122616811722e-02,1.141241960734146708e-02,7.726153212254186542e+01,5.690892322001755987e-02,9.983793294616909453e-01,-2.982642495366436973e-04,5.810756462619801610e+00,-1.137695205610773745e-02,9.472300510486174503e-04,9.999348317351203219e-01,6.083561656895564163e-01,0.000000000000000000e+00,0.000000000000000000e+00,0.000000000000000000e+00,1.000000000000000056e-01
9.987985809240559343e-01,-4.681888857191731507e-02,1.447019063393821352e-02,7.781190807405438647e+01,4.690957738616575307e-02,9.988811645317846599e-01,-5.992553135100326181e-03,5.826412286771025961e+00,-1.417343619393157152e-02,6.664144094785504416e-03,9.998773439227135462e-01,6.120295064615383085e-01,0.000000000000000000e+00,0.000000000000000000e+00,0.000000000000000000e+00,1.000000000000000056e-01
9.993011497400258181e-01,-3.451196861310931729e-02,1.435744234570827602e-02,7.831548747422772294e+01,3.451963203391741897e-02,9.994039789237949556e-01,-2.862088917213209509e-04,5.862507180481091318e+00,-1.433900737518195578e-02,7.816225012849682251e-04,9.998968856505954239e-01,6.142427727330754816e-01,0.000000000000000000e+00,0.000000000000000000e+00,0.000000000000000000e+00,1.000000000000000056e-01
9.997560329328900597e-01,-1.562311269552658227e-02,1.561387088434102420e-02,7.882766677285032131e+01,1.559043509769185779e-02,9.998760141268138169e-01,2.212398549143782065e-03,5.876918889240193344e+00,-1.564649953678630412e-02,-1.968431756112409749e-03,9.998756484326772886e-01,6.155619202901585485e-01,0.000000000000000000e+00,0.000000000000000000e+00,0.000000000000000000e+00,1.000000000000000056e-01
9.999022770091975376e-01,8.299900977253328854e-04,1.395519789395980453e-02,7.932742754594023893e+01,-9.072727206006503137e-04,9.999842840767609875e-01,5.532490912627570021e-03,5.882945029115122182e+00,-1.395038666246768005e-02,-5.544611431428774287e-03,9.998873156491395742e-01,6.249539781621419321e-01,0.000000000000000000e+00,0.000000000000000000e+00,0.000000000000000000e+00,1.000000000000000056e-01
9.996455880025153506e-01,2.309546901317073575e-02,1.324000370721626491e-02,7.984966764862281252e+01,-2.315759664486619768e-02,9.997214343221714206e-01,4.558450883147237113e-03,5.871040512213715701e+00,-1.313103593548932413e-02,-4.863441978892552552e-03,9.999019566074359711e-01,6.356198544601282530e-01,0.000000000000000000e+00,0.000000000000000000e+00,0.000000000000000000e+00,1.000000000000000056e-01
9.987130039368101730e-01,4.855605167724881543e-02,1.465078881935816257e-02,8.035934982944856131e+01,-4.863167274307340915e-02,9.988050048756903498e-01,4.850014585841074151e-03,5.833052740207913978e+00,-1.439778363928622892e-02,-5.556265003453588446e-03,9.998809087813846919e-01,6.532624032490320642e-01,0.000000000000000000e+00,0.000000000000000000e+00,0.000000000000000000e+00,1.000000000000000056e-01
9.973306976941098689e-01,7.142379399863087175e-02,1.516974251004854501e-02,8.081634743879325811e+01,-7.152283442074057473e-02,9.974203759524706836e-01,6.089153574630285122e-03,5.836685215403814020e+00,-1.469569982693437471e-02,-7.157882764704076063e-03,9.998663916348641267e-01,6.475589915718439338e-01,0.000000000000000000e+00,0.000000000000000000e+00,0.000000000000000000e+00,1.000000000000000056e-01
9.944237411719868414e-01,1.043266620204688772e-01,1.540683566395734637e-02,8.130806772687566308e+01,-1.043509283810213767e-01,9.945402351643609640e-01,7.774221739410739447e-04,5.760233395277472468e+00,-1.524161210398283263e-02,-2.380804671628320487e-03,9.998810054349404064e-01,6.446473706739022091e-01,0.000000000000000000e+00,0.000000000000000000e+00,0.000000000000000000e+00,1.000000000000000056e-01
