1.000000000000000000e+00,-1.079260358567399646e-10,1.416897806144557438e-10,8.371977456095335809e-16,1.079260358335599857e-10,1.000000000000000000e+00,1.635966686344151647e-10,4.388689155648603192e-16,-1.416897806321120691e-10,-1.635966686191231284e-10,1.000000000000000000e+00,-6.065492339970310826e-17,0.000000000000000000e+00,0.000000000000000000e+00,0.000000000000000000e+00,1.000000000000000056e-01
9.999933563813099280e-01,-3.568238494664496482e-03,-7.448941453442124282e-04,6.452195280554301471e-01,3.567284335907091632e-03,9.999928201201249145e-01,-1.278354671581190824e-03,1.928948543605318172e-02,7.494502714426992934e-04,1.275688929463606640e-03,9.999989054704239155e-01,1.099671648227550265e-02,0.000000000000000000e+00,0.000000000000000000e+00,0.000000000000000000e+00,1.000000000000000056e-01
9.999538914535615053e-01,-9.509764849683752588e-03,-1.333918806614108315e-03,1.325730939421970511e+00,9.511101869801327421e-03,9.999542688365463672e-01,9.995883103727642039e-04,2.655729467984180650e-02,1.324351955176991408e-03,-1.012229258464486482e-03,9.999986107409485347e-01,1.629739224841248238e-02,0.000000000000000000e+00,0.000000000000000000e+00,0.000000000000000000e+00,1.000000000000000056e-01
9.998851109585387142e-01,-1.507137359818543597e-02,-1.618203106767951600e-03,2.045349306961860236e+00,1.507371179877805938e-02,9.998853444926878442e-01,1.442595350871564734e-03,3.379341317462249833e-02,1.596275677385820043e-03,-1.466821939737793972e-03,9.999976501659185724e-01,1.665851958329321938e-02,0.000000000000000000e+00,0.000000000000000000e+00,0.000000000000000000e+00,1.000000000000000056e-01
9.997926695595749091e-01,-2.025611665133365130e-02,-2.075483834271551510e-03,2.750906530941176875e+00,2.026246250193181053e-02,9.997899401575637279e-01,3.083532567204901476e-03,3.814805964744824585e-02,2.012587463084856629e-03,-3.124947670404971001e-03,9.999930920730205619e-01,1.805460009330284513e-02,0.000000000000000000e+00,0.000000000000000000e+00,0.000000000000000000e+00,1.000000000000000056e-01
9.996766034925178568e-01,-2.534992029477786332e-02,-2.017416841319866379e-03,3.459533787181794828e+00,2.535907635372184818e-02,9.996675907861355403e-01,4.650287983517470067e-03,5.905713825324560712e-02,1.898861803643674996e-03,-4.699943924341129509e-03,9.999871523429482156e-01,2.780148822975823594e-02,0.000000000000000000e+00,0.000000000000000000e+00,0.000000000000000000e+00,1.000000000000000056e-01
9.995651170175214872e-01,-2.943192472519806299e-02,-1.827196956746305993e-03,4.191842512336618753e+00,2.944152735180774125e-02,9.995515261770777649e-01,5.472018299264228350e-03,8.494851902218397699e-02,1.665325476063031062e-03,-5.523434080805253790e-03,9.999833590450462051e-01,3.495344602955030577e-02,0.000000000000000000e+00,0.000000000000000000e+00,0.000000000000000000e+00,1.000000000000000056e-01
9.994061965872415021e-01,-3.437156413143224731e-02,-2.418636430493880610e-03,4.958730610984086518e+00,3.439096045404191337e-02,9.993723442426247772e-01,8.495846164401958667e-03,1.212591689621722313e-01,2.125102838122759370e-03,-8.573980531789086867e-03,9.999609846367846222e-01,4.899382836549366627e-02,0.000000000000000000e+00,0.000000000000000000e+00,0.000000000000000000e+00,1.000000000000000056e-01
9.992912795520354496e-01,-3.759396959572985225e-02,-1.905796760168182056e-03,5.718883313017400383e+00,3.760977490038624332e-02,9.992512815446058516e-01,9.076406965593442414e-03,1.590334960691350275e-01,1.563151687458623268e-03,-9.141650917538690288e-03,9.999569924628277651e-01,4.879308617485668409e-02,0.000000000000000000e+00,0.000000000000000000e+00,0.000000000000000000e+00,1.000000000000000056e-01
9.991442595225991097e-01,-4.136073583505509021e-02,1.954334157197552347e-04,6.512912091088730371e+00,4.135769548561672726e-02,9.991099951774993215e-01,8.292078179586392234e-03,2.042162302900533688e-01,-5.382259341467841548e-04,-8.276899636951294548e-03,9.999656010309773135e-01,5.349218627550571953e-02,0.000000000000000000e+00,0.000000000000000000e+00,0.000000000000000000e+00,1.000000000000000056e-01
9.990423758027812129e-01,-4.369306524578218248e-02,2.290720358803965268e-03,7.327446187579784720e+00,4.368009037872753325e-02,9.990307727180997022e-01,5.437358437963054486e-03,2.386651283651307631e-01,-2.526074987131632192e-03,-5.332092619648960696e-03,9.999825937152380106e-01,6.190971650280299721e-02,0.000000000000000000e+00,0.000000000000000000e+00,0.000000000000000000e+00,1.000000000000000056e-01
9.989241745732829747e-01,-4.619241297591515638e-02,4.093218360615142812e-03,8.141598662259008634e+00,4.616288556577116675e-02,9.989091438658340705e-01,7.036355410865427831e-03,2.883218057167813431e-01,-4.413779483241996385e-03,-6.839830750026211145e-03,9.999668670840970996e-01,6.032345591179073124e-02,0.000000000000000000e+00,0.000000000000000000e+00,0.000000000000000000e+00,1.000000000000000056e-01
9.988861337354142389e-01,-4.711419550743186496e-02,2.597000732312467527e-03,8.953992805459888515e+00,4.709790336013074813e-02,9.988721780031751818e-01,6.013277830999446370e-03,3.253259555940890557e-01,-2.877382525131008933e-03,-5.884266554167272810e-03,9.999785478083634827e-01,5.791091935489928177e-02,0.000000000000000000e+00,0.000000000000000000e+00,0.000000000000000000e+00,1.000000000000000056e-01
9.987678890842461854e-01,-4.955449778578469716e-02,2.656215992276695671e-03,9.730391565782630536e+00,4.953539307804315922e-02,9.987490064845832016e-01,6.831316027068268237e-03,3.809582391511757149e-01,-2.991415518232161050e-03,-6.691322384744742557e-03,9.999731384581991289e-01,7.088581202264344905e-02,0.000000000000000000e+00,0.000000000000000000e+00,0.000000000000000000e+00,1.000000000000000056e-01
9.986063459150540389e-01,-5.263001547630003635e-02,3.930314128405089369e-03,1.055756301249110862e+01,5.260534674535053551e-02,9.985965268127046102e-01,6.136296228571318408e-03,4.305641919762223102e-01,-4.247751403385093688e-03,-5.920988816723030644e-03,9.999734488972431556e-01,7.155243170035553713e-02,0.000000000000000000e+00,0.000000000000000000e+00,0.000000000000000000e+00,1.000000000000000056e-01
9.985413386096331223e-01,-5.377618880344364749e-02,4.828727105406889486e-03,1.137395981026056724e+01,5.374449776784487320e-02,9.985337649210930255e-01,6.469101343267762844e-03,4.910829343863848395e-01,-5.169530671562651281e-03,-6.200147601769893935e-03,9.999674165303347184e-01,8.342901700010262045e-02,0.000000000000000000e+00,0.000000000000000000e+00,0.000000000000000000e+00,1.000000000000000056e-01
9.984249138633140008e-01,-5.601070085586816460e-02,3.239254029638764104e-03,1.223798994357881220e+01,5.598333243990494257e-02,9.983996605531957336e-01,7.999018451446052516e-03,5.487093438720835881e-01,-3.682100753261427842e-03,-7.805075073177515990e-03,9.999627607751925273e-01,8.576633316452438038e-02,0.000000000000000000e+00,0.000000000000000000e+00,0.000000000000000000e+00,1.000000000000000056e-01
9.982640032902281302e-01,-5.887240364707770762e-02,1.737764018185473458e-03,1.312572083817376090e+01,5.885356745873671774e-02,9.982222973675799471e-01,9.407583939076273952e-03,6.209941957200103557e-01,-2.288521869520884072e-03,-9.288978792439490581e-03,9.999542377232302215e-01,8.438882366189691397e-02,0.000000000000000000e+00,0.000000000000000000e+00,0.000000000000000000e+00,1.000000000000000056e-01
9.984963110864808478e-01,-5.479035517276991535e-02,1.770233524539644322e-03,1.399643110509131461e+01,5.476421326759259994e-02,9.984218213559947763e-01,1.243975825166091127e-02,6.700335743996769233e-01,-2.449018552668210096e-03,-1.232410727881969904e-02,9.999210562278948444e-01,8.786751302416641318e-02,0.000000000000000000e+00,0.000000000000000000e+00,0.000000000000000000e+00,1.000000000000000056e-01
9.973735074977304604e-01,-7.241291629030076338e-02,1.567193672919286410e-03,1.498909789874958953e+01,7.238782916520654365e-02,9.972983276646019135e-01,1.249191042784034318e-02,7.842511960215815536e-01,-2.467535293246087436e-03,-1.234565477089852488e-02,9.999207448982415647e-01,8.767330017150348764e-02,0.000000000000000000e+00,0.000000000000000000e+00,0.000000000000000000e+00,1.000000000000000056e-01
9.971574265145627392e-01,-7.526983343324122888e-02,3.393953710130290409e-03,1.596058131185136730e+01,7.522675997372613166e-02,9.971011939223787257e-01,1.140805252539854250e-02,8.546254229628421628e-01,-4.242797509872615024e-03,-1.112030815665546180e-02,9.999291661991819291e-01,1.000890734635238727e-01,0.000000000000000000e+00,0.000000000000000000e+00,0.000000000000000000e+00,1.000000000000000056e-01
9.970272857412527667e-01,-7.689666668477859734e-02,4.847075427548488968e-03,1.687894360383975112e+01,7.683871538001402213e-02,9.969808164584422761e-01,1.118317632012875810e-02,9.427980500591887081e-01,-5.692390199158995148e-03,-1.077748888322096858e-02,9.999257184547223343e-01,1.055709544418837742e-01,0.000000000000000000e+00,0.000000000000000000e+00,0.000000000000000000e+00,1.000000000000000056e-01
9.968248804607100499e-01,-7.938730011773381667e-02,6.149331224451842597e-03,1.775536239026038743e+01,7.931595996521997871e-02,9.967878730370288709e-01,1.108668846462780751e-02,1.019342211267840304e+00,-7.009721056274765237e-03,-1.056374679424624922e-02,9.999196323027067512e-01,1.135703635754259505e-01,0.000000000000000000e+00,0.000000000000000000e+00,0.000000000000000000e+00,1.000000000000000056e-01
9.969062394567057561e-01,-7.839367477445138843e-02,5.690473411474691705e-03,1.865734627511598731e+01,7.833253548516663778e-02,9.968743669734642099e-01,1.027182338828836611e-02,1.108496184108578975e+00,-6.477933061885244280e-03,-9.794295615950254080e-03,9.999310517013826338e-01,1.120150212985302207e-01,0.000000000000000000e+00,0.000000000000000000e+00,0.000000000000000000e+00,1.000000000000000056e-01
9.966220165839776435e-01,-8.190297171610434745e-02,6.038152379398707519e-03,1.958570079150522503e+01,8.184984909738586556e-02,9.966077819911491886e-01,8.575026379969921328e-03,1.197369811576687759e+00,-6.719989793220650619e-03,-8.051838221985624724e-03,9.999450033068948418e-01,1.220704842210500185e-01,0.000000000000000000e+00,0.000000000000000000e+00,0.000000000000000000e+00,1.000000000000000056e-01
9.965714772103418939e-01,-8.231972279714916407e-02,8.291806160147983940e-03,2.051525838837975968e+01,8.225180156618155936e-02,9.965776431276575087e-01,8.224497385298196878e-03,1.278382373295075869e+00,-8.940466985255295096e-03,-7.514283513669485493e-03,9.999317994710248403e-01,1.219809427175539002e-01,0.000000000000000000e+00,0.000000000000000000e+00,0.000000000000000000e+00,1.000000000000000056e-01
9.965863569274409084e-01,-8.174849232963854462e-02,1.152463396045359800e-02,2.143195597691163812e+01,8.165311137828476507e-02,9.966244097630858612e-01,8.517937932748088567e-03,1.366901182382364022e+00,-1.218206010233227610e-02,-7.547838512564594357e-03,9.998973084999536187e-01,1.174541595413294837e-01,0.000000000000000000e+00,0.000000000000000000e+00,0.000000000000000000e+00,1.000000000000000056e-01
9.966621248285479906e-01,-8.032100255269243594e-02,1.459950277146888735e-02,2.237878328198383215e+01,8.018300777265487123e-02,9.967319378703346500e-01,9.804554746533265808e-03,1.463357746410966165e+00,-1.533930235617381697e-02,-8.601196322476085954e-03,9.998453506543140135e-01,1.189438801628644737e-01,0.000000000000000000e+00,0.000000000000000000e+00,0.000000000000000000e+00,1.000000000000000056e-01
9.967137824207900065e-01,-7.904932445902160265e-02,1.768729021117482550e-02,2.333869811647376835e+01,7.886454749568855283e-02,9.968256135078599200e-01,1.091235093730599272e-02,1.541257642787056126e+00,-1.849375788589971772e-02,-9.481590438896085951e-03,9.997840168566443086e-01,1.165747942573744367e-01,0.000000000000000000e+00,0.000000000000000000e+00,0.000000000000000000e+00,1.000000000000000056e-01
9.968900684762520559e-01,-7.677166312466042475e-02,1.778491255213727334e-02,2.426119969472969018e+01,7.659693936172774775e-02,9.970088686477078799e-01,1.030653764527566033e-02,1.617767570960381152e+00,-1.852296557868953614e-02,-8.912215150642232436e-03,9.997887137627026188e-01,1.095428504885288812e-01,0.000000000000000000e+00,0.000000000000000000e+00,0.000000000000000000e+00,1.000000000000000056e-01
9.971125284279822587e-01,-7.418994946417380165e-02,1.620052624020333620e-02,2.521954415503578417e+01,7.405255275026713380e-02,9.972144189506253475e-01,8.923119865588531596e-03,1.691165228721835279e+00,-1.681740417320950337e-02,-7.697664286658193605e-03,9.998289458109346217e-01,9.796620484763238212e-02,0.000000000000000000e+00,0.000000000000000000e+00,0.000000000000000000e+00,1.000000000000000056e-01
9.973781267861461242e-01,-7.124927710059608676e-02,1.266541437145897279e-02,2.616349343690799500e+01,7.114989698622736780e-02,9.974324868971521374e-01,8.131804290055754877e-03,1.771621856157944874e+00,-1.321228093129725271e-02,-7.209340802390165441e-03,9.998867241031793585e-01,9.980999776721892480e-02,0.000000000000000000e+00,0.000000000000000000e+00,0.000000000000000000e+00,1.000000000000000056e-01
9.975041621692017912e-01,-6.980143866561666632e-02,1.063981274877254593e-02,2.711948724560534885e+01,6.972993711817335183e-02,9.975416974064108544e-01,6.949662224330665702e-03,1.840128917593778946e+00,-1.109875329099530364e-02,-6.190403520518862959e-03,9.999192450291367606e-01,9.363611032082060082e-02,0.000000000000000000e+00,0.000000000000000000e+00,0.000000000000000000e+00,1.000000000000000056e-01
9.976341577625171819e-01,-6.778068808784525057e-02,1.148327426352423186e-02,2.807903070595344985e+01,6.771684570845983020e-02,9.976873674378049506e-01,5.860517239881912060e-03,1.905573557952234154e+00,-1.185394756061166482e-02,-5.069041069131304672e-03,9.999168909213753675e-01,1.010585373696279710e-01,0.000000000000000000e+00,0.000000000000000000e+00,0.000000000000000000e+00,1.000000000000000056e-01
9.975232381967674700e-01,-6.862144722635077354e-02,1.544299964373176647e-02,2.907214747943572419e+01,6.854765694414433064e-02,9.976339844127886103e-01,5.258504742968487730e-03,1.958872736859235797e+00,-1.576730747157052345e-02,-4.186899237511918989e-03,9.998669220900708865e-01,9.505101829751490261e-02,0.000000000000000000e+00,0.000000000000000000e+00,0.000000000000000000e+00,1.000000000000000056e-01
9.974394882525953188e-01,-6.887046266840241016e-02,1.926983773260645960e-02,3.002129239405206462e+01,6.885986967223262090e-02,9.976256040174745765e-01,1.213489798940788848e-03,2.014241110841687110e+00,-1.930765711120668165e-02,1.165358708171062175e-04,9.998135830224886833e-01,9.492045150873477943e-02,0.000000000000000000e+00,0.000000000000000000e+00,0.000000000000000000e+00,1.000000000000000056e-01
9.974313664018346071e-01,-6.895210566446145772e-02,1.939784632906672163e-02,3.096813232628094426e+01,6.903696717002695549e-02,9.976070959001938077e-01,-3.738900044960556841e-03,2.066978621417649098e+00,-1.909362411208950783e-02,5.068464660873896362e-03,9.998048530509580090e-01,9.595422869840687652e-02,0.000000000000000000e+00,0.000000000000000000e+00,0.000000000000000000e+00,1.000000000000000056e-01
9.974673941649737641e-01,-6.871027448117329739e-02,1.837650016893273633e-02,3.193265850419108531e+01,6.882658954407420981e-02,9.976119346114721287e-01,-5.773083447125963892e-03,2.110632356656334085e+00,-1.793594573666228500e-02,7.023254336685423073e-03,9.998144706639595647e-01,8.812005442740294958e-02,0.000000000000000000e+00,0.000000000000000000e+00,0.000000000000000000e+00,1.000000000000000056e-01
9.974499569872353755e-01,-6.931577304448507948e-02,1.699726193855217657e-02,3.292414238999193543e+01,6.941375887454334648e-02,9.975741754197480216e-01,-5.243530730020036328e-03,2.190989861894064639e+00,-1.659257017671080317e-02,6.410003342849845791e-03,9.998417867203168719e-01,8.651230025592167305e-02,0.000000000000000000e+00,0.000000000000000000e+00,0.000000000000000000e+00,1.000000000000000056e-01
9.974427326562518292e-01,-6.976340739063212337e-02,1.552617340099247435e-02,3.388327861907487915e+01,6.988655338675582585e-02,9.975264884229261275e-01,-7.534888874164315589e-03,2.262379263385583261e+00,-1.496210970916599624e-02,8.600690895188131332e-03,9.998510706046057628e-01,7.304922131152492837e-02,0.000000000000000000e+00,0.000000000000000000e+00,0.000000000000000000e+00,1.000000000000000056e-01
9.974479653448919958e-01,-6.937307295477330993e-02,1.687996380763012727e-02,3.486237698806885987e+01,6.952471724125068586e-02,9.975434305955336312e-01,-8.568416902661593615e-03,2.335659587815279270e+00,-1.624407959409655128e-02,9.720124716554617850e-03,9.998208084720158206e-01,7.263143700576998874e-02,0.000000000000000000e+00,0.000000000000000000e+00,0.000000000000000000e+00,1.000000000000000056e-01
9.974075565281305122e-01,-6.945331906447255177e-02,1.882558502444505941e-02,3.585782475841796924e+01,6.958311572901626496e-02,9.975560813520241155e-01,-6.328867437079672108e-03,2.411837650683132939e+00,-1.834001597672051467e-02,7.622403067430483757e-03,9.998027519393268836e-01,5.905981395205723433e-02,0.000000000000000000e+00,0.000000000000000000e+00,0.000000000000000000e+00,1.000000000000000056e-01
9.972089858490877923e-01,-7.196266810261003899e-02,1.989002115100593424e-02,3.684381099220069444e+01,7.208887039528635854e-02,9.973819159049831518e-01,-5.701630541930970651e-03,2.488687513729447964e+00,-1.942764285664825771e-02,7.119566367319539284e-03,9.997859163179764197e-01,5.667016924826792645e-02,0.000000000000000000e+00,0.000000000000000000e+00,0.000000000000000000e+00,1.000000000000000056e-01
9.971440879672914814e-01,-7.234414126787015731e-02,2.167932323881330975e-02,3.784164952266898041e+01,7.248591953021675527e-02,9.973524202964729746e-01,-5.825907536729785577e-03,2.557880096405553250e+00,-2.120045522476929345e-02,7.380714937052371485e-03,9.997480011209227690e-01,4.949621447469221280e-02,0.000000000000000000e+00,0.000000000000000000e+00,0.000000000000000000e+00,1.000000000000000056e-01
9.971595039190357390e-01,-7.136564116636207045e-02,2.408046936537277041e-02,3.883063284257125503e+01,7.153090577162413144e-02,9.974199029740573597e-01,-6.071793039383452904e-03,2.627940752139730218e+00,-2.358502201469481543e-02,7.777043920161618752e-03,9.996915846021863228e-01,5.059750137225300926e-02,0.000000000000000000e+00,0.000000000000000000e+00,0.000000000000000000e+00,1.000000000000000056e-01
9.972889432452829439e-01,-6.932005715212935515e-02,2.468791925481794713e-02,3.983362126837005945e+01,6.945651990526569008e-02,9.975738487381052844e-01,-4.712553075917218226e-03,2.701534048047844472e+00,-2.430134817980929285e-02,6.414514032210645242e-03,9.996840993465757608e-01,3.073493085590011872e-02,0.000000000000000000e+00,0.000000000000000000e+00,0.000000000000000000e+00,1.000000000000000056e-01
9.973159592994985667e-01,-6.920641877657492114e-02,2.390290623840922446e-02,4.083091339513838847e+01,6.936910594226826376e-02,9.975727503662291662e-01,-6.044407955078613323e-03,2.780513857878233352e+00,-2.342657608980035222e-02,7.686307753297061743e-03,9.996960118985322996e-01,2.846430100589485493e-02,0.000000000000000000e+00,0.000000000000000000e+00,0.000000000000000000e+00,1.000000000000000056e-01
9.973258075537176914e-01,-6.984676742166243124e-02,2.150959479090655546e-02,4.183008355711241677e+01,6.996599712803769355e-02,9.975376331519586470e-01,-4.840422653839936661e-03,2.854524961091806645e+00,-2.111854240245331776e-02,6.332418679508047300e-03,9.997569242773280962e-01,3.461784866528417465e-02,0.000000000000000000e+00,0.000000000000000000e+00,0.000000000000000000e+00,1.000000000000000056e-01
9.974547971855812767e-01,-6.879901410058708588e-02,1.872493605484495255e-02,4.284305781509704047e+01,6.882197632705319701e-02,9.976287859885892839e-01,-5.839018514761884450e-04,2.919435687521365175e+00,-1.864036335239586256e-02,1.871102808732590800e-03,9.998245025145011677e-01,3.737292781722993673e-02,0.000000000000000000e+00,0.000000000000000000e+00,0.000000000000000000e+00,1.000000000000000056e-01
9.975262637803776755e-01,-6.755599089331568163e-02,1.943041849221669934e-02,4.386410189272559279e+01,6.759456127361462840e-02,9.977119797588696049e-01,-1.334440656068644395e-03,2.997905206917366616e+00,-1.929581184060382912e-02,2.644530215228907150e-03,9.998103210636268834e-01,3.713717012400272188e-02,0.000000000000000000e+00,0.000000000000000000e+00,0.000000000000000000e+00,1.000000000000000056e-01
9.975247452624450561e-01,-6.719638089990324914e-02,2.071301482279103157e-02,4.484465968151639714e+01,6.728739057017175951e-02,9.977266709621460672e-01,-3.727884259294602168e-03,3.071771370245476085e+00,-2.041542699409457096e-02,5.112381514387623685e-03,9.997785124195759376e-01,3.591089284056579733e-02,0.000000000000000000e+00,0.000000000000000000e+00,0.000000000000000000e+00,1.000000000000000056e-01
9.974962394117284914e-01,-6.699883272171083815e-02,2.263644789687357245e-02,4.581814542170156557e+01,6.709973353501416660e-02,9.977393128375138254e-01,-3.726845590559089809e-03,3.141871685339553188e+00,-2.233557966540730688e-02,5.236414083510322788e-03,9.997368162914459511e-01,2.936872967862766068e-02,0.000000000000000000e+00,0.000000000000000000e+00,0.000000000000000000e+00,1.000000000000000056e-01
9.972716162768393566e-01,-7.109745649006024570e-02,1.986139595357071241e-02,4.672103824407525963e+01,7.114588527444853927e-02,9.974644003220993760e-01,-1.741579337737855955e-03,3.209775760386964993e+00,-1.968721354319937639e-02,3.149884238923317259e-03,9.998012261705753190e-01,3.100302605943195886e-02,0.000000000000000000e+00,0.000000000000000000e+00,0.000000000000000000e+00,1.000000000000000056e-01
9.975185224124585304e-01,-6.896654726516518452e-02,1.415672286891387667e-02,4.766217191584886592e+01,6.897524743839722472e-02,9.976183635046370624e-01,-1.266457329869297697e-04,3.279184464242382191e+00,-1.411427238214455794e-02,1.102794927239116258e-03,9.998997805572672481e-01,1.781601139794802141e-02,0.000000000000000000e+00,0.000000000000000000e+00,0.000000000000000000e+00,1.000000000000000056e-01
9.977090609407917032e-01,-6.616936089162882284e-02,1.407996434075508424e-02,4.860481571712440996e+01,6.618473193002695487e-02,9.978071892047929436e-01,-6.280370857133368368e-04,3.356100362190655773e+00,-1.400753283037465408e-02,1.558476956500258817e-03,9.999006751540785443e-01,1.502824737629688927e-02,0.000000000000000000e+00,0.000000000000000000e+00,0.000000000000000000e+00,1.000000000000000056e-01
9.978125663537062984e-01,-6.381183062321814370e-02,1.726651960136213124e-02,4.956810715013908464e+01,6.382229865321152606e-02,9.979612773708150808e-01,-5.534465884698546324e-05,3.436663914995855773e+00,-1.722778631312732803e-02,1.157212566777745307e-03,9.998509210066390818e-01,1.162762071081656530e-02,0.000000000000000000e+00,0.000000000000000000e+00,0.000000000000000000e+00,1.000000000000000056e-01
9.978910914769705265e-01,-6.167149929759010302e-02,2.024835117454769351e-02,5.056639095611139822e+01,6.173879540875166355e-02,9.980886488282723068e-01,-2.714815211038886650e-03,3.520309061654105953e+00,-2.004222274042399832e-02,3.959198724631832547e-03,9.997912952477042703e-01,1.808859817049377969e-02,0.000000000000000000e+00,0.000000000000000000e+00,0.000000000000000000e+00,1.000000000000000056e-01
9.980670845377854761e-01,-5.837120722937827466e-02,2.132831284537145544e-02,5.149996898992226591e+01,5.848817556261730333e-02,9.982760676660459298e-01,-4.901636927867538893e-03,3.574926892069578699e+00,-2.100542981234890250e-02,6.139616584214012754e-03,9.997605098355292208e-01,6.231982197329326116e-03,0.000000000000000000e+00,0.000000000000000000e+00,0.000000000000000000e+00,1.000000000000000056e-01
9.981694177233898513e-01,-5.698988574960804632e-02,2.024762810788939549e-02,5.244200075720726062e+01,5.714329660621302043e-02,9.983408804778994838e-01,-7.080255615923539310e-03,3.619932473029146003e+00,-1.981053191418986198e-02,8.224310844020579422e-03,9.997699253010253750e-01,7.506227972692655452e-03,0.000000000000000000e+00,0.000000000000000000e+00,0.000000000000000000e+00,1.000000000000000056e-01
9.981596887544298413e-01,-5.743301422655029687e-02,1.945982072149056788e-02,5.341777033637280425e+01,5.761326193379880112e-02,9.982999117445323645e-01,-8.831662369356604869e-03,3.689417042607359587e+00,-1.891950831832510740e-02,9.936553110193199062e-03,9.997716324827791157e-01,1.934399400524376353e-02,0.000000000000000000e+00,0.000000000000000000e+00,0.000000000000000000e+00,1.000000000000000056e-01
9.982106694623794629e-01,-5.613076690104765870e-02,2.061058899130270572e-02,5.438247950372861084e+01,5.627469037828563420e-02,9.983943586038374063e-01,-6.470234219891464467e-03,3.732732450593499784e+00,-2.021431656762706641e-02,7.618511346215916732e-03,9.997666426174516285e-01,1.575579942145264103e-02,0.000000000000000000e+00,0.000000000000000000e+00,0.000000000000000000e+00,1.000000000000000056e-01
9.981222032856257309e-01,-5.611876992460867325e-02,2.455098715728066747e-02,5.533246623199575254e+01,5.632950903830481054e-02,9.983803612132473582e-01,-7.977515603821479923e-03,3.791179423452225805e+00,-2.406353506348683433e-02,9.345480504207099443e-03,9.996667486089521049e-01,1.611356628669233237e-02,0.000000000000000000e+00,0.000000000000000000e+00,0.000000000000000000e+00,1.000000000000000056e-01
9.979241514083281306e-01,-5.731290686114937777e-02,2.937037185827531816e-02,5.629533705902496621e+01,5.762372358226889452e-02,9.982898076005033428e-01,-9.847158039978593305e-03,3.843631171960251169e+00,-2.875577361996059511e-02,1.151914702029903891e-02,9.995200922119786835e-01,2.306098936645040870e-02,0.000000000000000000e+00,0.000000000000000000e+00,0.000000000000000000e+00,1.000000000000000056e-01
9.979315647260283972e-01,-5.599502953411248513e-02,3.157766284788129235e-02,5.725906095775455640e+01,5.622467022866695779e-02,9.983974294916055925e-01,-6.431115162398682444e-03,3.907351376534604626e+00,-3.116694693322146631e-02,8.193256497159956755e-03,9.994806111010025029e-01,1.087170735221168472e-02,0.000000000000000000e+00,0.000000000000000000e+00,0.000000000000000000e+00,1.000000000000000056e-01
9.978328396981113180e-01,-5.866376138253929368e-02,2.980246836179583497e-02,5.815256444378371015e+01,5.885388002311526395e-02,9.982512249174119168e-01,-5.541909157637531745e-03,3.964638573651189102e+00,-2.942524131129774928e-02,7.283889849472246873e-03,9.995404444655716647e-01,-2.299149319111004066e-04,0.000000000000000000e+00,0.000000000000000000e+00,0.000000000000000000e+00,1.000000000000000056e-01
9.977095725499004475e-01,-6.256732223629478395e-02,2.570873451717414077e-02,5.906523930245252529e+01,6.271847685601870948e-02,9.980181505893015448e-01,-5.115051824880869139e-03,4.017412436701472522e+00,-2.533774858103880756e-02,6.715748840585395243e-03,9.996563895731144234e-01,-8.124430499809610559e-03,0.000000000000000000e+00,0.000000000000000000e+00,0.000000000000000000e+00,1.000000000000000056e-01
9.977033581315956079e-01,-6.449550488579869345e-02,2.069635287829607942e-02,6.001141836046973310e+01,6.463232874340699152e-02,9.978910413827476455e-01,-6.010957432848580695e-03,4.088106692364180894e+00,-2.026502539206908801e-02,7.334805899358693218e-03,9.997677377112533792e-01,-1.576667854622418666e-02,0.000000000000000000e+00,0.000000000000000000e+00,0.000000000000000000e+00,1.000000000000000056e-01
9.977632948610530850e-01,-6.321597295328963695e-02,2.172897125001882826e-02,6.092125957055034746e+01,6.329081633257317707e-02,9.979912727898975211e-01,-2.773446079673998026e-03,4.156897803067432839e+00,-2.150999758186130165e-02,4.142487027055703416e-03,9.997600511148957425e-01,-3.664869597912989024e-02,0.000000000000000000e+00,0.000000000000000000e+00,0.000000000000000000e+00,1.000000000000000056e-01
9.975759835304289780e-01,-6.548453710454843479e-02,2.353577029757710631e-02,6.184759061824895099e+01,6.555688977980769772e-02,9.978461479105756871e-01,-2.315016722115694967e-03,4.215240144686720924e+00,-2.333347993110842372e-02,3.852336982735088226e-03,9.997203149951870982e-01,-3.599763658187894039e-02,0.000000000000000000e+00,0.000000000000000000e+00,0.000000000000000000e+00,1.000000000000000056e-01
9.975249114759522362e-01,-6.614940547845458985e-02,2.383919335339853771e-02,6.273510114841965191e+01,6.616697457535732074e-02,9.978085631921793652e-01,5.192208227876022979e-05,4.288292072877029071e+00,-2.379038588248908945e-02,1.525573729982580796e-03,9.997158046986936997e-01,-3.365883604198776496e-02,0.000000000000000000e+00,0.000000000000000000e+00,0.000000000000000000e+00,1.000000000000000056e-01
9.974228927791356503e-01,-6.777106277967377690e-02,2.355113606207761071e-02,6.356725141874395035e+01,6.776509722648048351e-02,9.977007489462329515e-01,1.052211961317986964e-03,4.351557654520305185e+00,-2.356829561055747216e-02,5.464447267661657909e-04,9.997220798002682818e-01,-3.759334517670896020e-02,0.000000000000000000e+00,0.000000000000000000e+00,0.000000000000000000e+00,1.000000000000000056e-01
9.972233289061240846e-01,-7.024555316692697449e-02,2.472234911291189968e-02,6.438176290774813992e+01,7.021295701995446115e-02,9.975296315333002095e-01,2.185149778007365075e-03,4.409101941206465369e+00,-2.481477285614933082e-02,-4.432531000857902479e-04,9.996919678454894154e-01,-4.131377295533013305e-02,0.000000000000000000e+00,0.000000000000000000e+00,0.000000000000000000e+00,1.000000000000000056e-01
9.971326416230441581e-01,-7.126152945669597671e-02,2.546152841724524246e-02,6.518326624897865429e+01,7.123435044115075665e-02,9.974576534903354386e-01,1.974034138815817727e-03,4.457294351071632299e+00,-2.553746908127468157e-02,-1.546384374501218271e-04,9.996738536942318953e-01,-4.810528875792266512e-02,0.000000000000000000e+00,0.000000000000000000e+00,0.000000000000000000e+00,1.000000000000000056e-01
9.970689589747560033e-01,-7.188678411173343719e-02,2.618742673630657103e-02,6.597771813751937486e+01,7.185696003027108869e-02,9.974127799436900421e-01,2.079350910312608054e-03,4.516562671929036377e+00,-2.626915195061342578e-02,-1.915073712021695285e-04,9.996548879391938813e-01,-5.422532230901441069e-02,0.000000000000000000e+00,0.000000000000000000e+00,0.000000000000000000e+00,1.000000000000000056e-01
9.968274088842014047e-01,-7.492535453235288356e-02,2.685718051863022690e-02,6.672455681213322976e+01,7.489942861697299059e-02,9.971891440911626603e-01,1.971420702286895074e-03,4.576287335001208767e+00,-2.692939824912598742e-02,4.642128462698327275e-05,9.996373369152455890e-01,-6.248203729039342180e-02,0.000000000000000000e+00,0.000000000000000000e+00,0.000000000000000000e+00,1.000000000000000056e-01
9.968604068047657307e-01,-7.385666205018297237e-02,2.853984610754142087e-02,6.750975416390386386e+01,7.379804719374184752e-02,9.972683785935282375e-01,3.103109380184926672e-03,4.649830126578817335e+00,-2.869107135377372414e-02,-9.871819691443595515e-04,9.995878390098252853e-01,-7.435211104319175424e-02,0.000000000000000000e+00,0.000000000000000000e+00,0.000000000000000000e+00,1.000000000000000056e-01
9.966222913410114348e-01,-7.545063209631926171e-02,3.242237681691486489e-02,6.824351667378101638e+01,7.539790959104324120e-02,9.971494609647110208e-01,2.847407081376291706e-03,4.718465673515481740e+00,-3.254479423030678248e-02,-3.932099338533787906e-04,9.994702005334901163e-01,-7.980364747428794758e-02,0.000000000000000000e+00,0.000000000000000000e+00,0.000000000000000000e+00,1.000000000000000056e-01
9.963615009866134686e-01,-7.886144107411664772e-02,3.232077448664066877e-02,6.895783373810343164e+01,7.866699548217299942e-02,9.968746141518372017e-01,7.246204622654066341e-03,4.784664276495302460e+00,-3.279120573431888730e-02,-4.677261093762850180e-03,9.994512794804708555e-01,-8.354071569806441333e-02,0.000000000000000000e+00,0.000000000000000000e+00,0.000000000000000000e+00,1.000000000000000056e-01
9.964165978476602348e-01,-7.927625819940502250e-02,2.948284958404475548e-02,6.961642838788489485e+01,7.902001851376481978e-02,9.968252612525843048e-01,9.758852535077834622e-03,4.841544202673114583e+00,-3.016289455238680556e-02,-7.394147321929511046e-03,9.995176468565241112e-01,-8.679954387930209625e-02,0.000000000000000000e+00,0.000000000000000000e+00,0.000000000000000000e+00,1.000000000000000056e-01
9.965639681680278361e-01,-7.944266855490668411e-02,2.343330454864042331e-02,7.029126657903982789e+01,7.924757805681974243e-02,9.968130517909640220e-01,9.141178879834640711e-03,4.903462677064144515e+00,-2.408482346462915633e-02,-7.252736866874166279e-03,9.996836094918319926e-01,-9.367298046734873207e-02,0.000000000000000000e+00,0.000000000000000000e+00,0.000000000000000000e+00,1.000000000000000056e-01
9.965917330195845913e-01,-8.037192876494111959e-02,1.858146236506491231e-02,7.102717138965998345e+01,8.023496614904429558e-02,9.967438438743654316e-01,8.003743225287738780e-03,4.965591364440660627e+00,-1.916423450291736622e-02,-6.485581327672543424e-03,9.997953137271444746e-01,-9.607589780241578004e-02,0.000000000000000000e+00,0.000000000000000000e+00,0.000000000000000000e+00,1.000000000000000056e-01
9.963598019664039462e-01,-8.360463345338819963e-02,1.665563840244380436e-02,7.173939841136119355e+01,8.345875024008037046e-02,9.964681096818732708e-01,9.270566077547037417e-03,5.030154064284046989e+00,-1.737187479324672421e-02,-7.846760615622580190e-03,9.998183066507678740e-01,-1.050298665222900302e-01,0.000000000000000000e+00,0.000000000000000000e+00,0.000000000000000000e+00,1.000000000000000056e-01
9.963611375151569804e-01,-8.298192094236039873e-02,1.945467671841965424e-02,7.242815237352704116e+01,8.274585836272799200e-02,9.964904981770915660e-01,1.264159667871372211e-02,5.105073905852373528e+00,-2.043542447119049699e-02,-1.098580172257601975e-02,9.997308165637360799e-01,-1.020005150594112536e-01,0.000000000000000000e+00,0.000000000000000000e+00,0.000000000000000000e+00,1.000000000000000056e-01
9.962237726385372305e-01,-8.456627859795039226e-02,1.966568976501895799e-02,7.303691964377929935e+01,8.435641783144058603e-02,9.963719295224975347e-01,1.126822214294203282e-02,5.156648348986996311e+00,-2.054725286960640274e-02,-9.566743631409390866e-03,9.997431109118998238e-01,-1.039584008158893208e-01,0.000000000000000000e+00,0.000000000000000000e+00,0.000000000000000000e+00,1.000000000000000056e-01
9.964296800970012802e-01,-8.246518774604751079e-02,1.809379539502145237e-02,7.363757026018674878e+01,8.232932922223655525e-02,9.965720129949229289e-01,8.130465242766423198e-03,5.204324439294896187e+00,-1.870225044224224295e-02,-6.611786842933025168e-03,9.998032356934735132e-01,-1.005761107859292625e-01,0.000000000000000000e+00,0.000000000000000000e+00,0.000000000000000000e+00,1.000000000000000056e-01
9.965337412271149109e-01,-8.189476487349241218e-02,1.462019432856439746e-02,7.427824329350366384e+01,8.188973744464107807e-02,9.966409490262531090e-01,9.431995002996949352e-04,5.240044003818996821e+00,-1.464832745187450228e-02,2.573137481985685385e-04,9.998926743868552514e-01,-8.917719754186741177e-02,0.000000000000000000e+00,0.000000000000000000e+00,0.000000000000000000e+00,1.000000000000000056e-01
9.967468185584354989e-01,-8.007461940778883014e-02,9.156146587679922511e-03,7.488316094833160719e+01,8.009639969613795152e-02,9.967850412257265313e-01,-2.036748473237307965e-03,5.284765865220839132e+00,-8.963618095045453732e-03,2.763496937666278224e-03,9.999560073499842439e-01,-8.663890611518389184e-02,0.000000000000000000e+00,0.000000000000000000e+00,0.000000000000000000e+00,1.000000000000000056e-01
9.969313839356424012e-01,-7.783611674343061948e-02,8.327944192166092385e-03,7.546316536105540251e+01,7.784054556108892242e-02,9.969657998105317942e-01,-2.085063518080441350e-04,5.326180974136939028e+00,-8.286446217579263029e-03,8.561182451878759751e-04,9.999653003332832357e-01,-7.732804865396418481e-02,0.000000000000000000e+00,0.000000000000000000e+00,0.000000000000000000e+00,1.000000000000000056e-01
9.973615960646241563e-01,-7.182408274158676165e-02,1.054266729794775710e-02,7.604323767274112811e+01,7.179343079555906837e-02,9.974142007697525125e-01,3.258127904035778080e-03,5.386639005909363398e+00,-1.074941812512610582e-02,-2.492637391495996016e-03,9.999391165310044238e-01,-8.310748796143327399e-02,0.000000000000000000e+00,0.000000000000000000e+00,0.000000000000000000e+00,1.000000000000000056e-01
9.977293145983517908e-01,-6.575554710254588597e-02,1.457473211925556025e-02,7.659188018019200683e+01,6.572741505903823001e-02,9.978347259238292688e-01,2.401385053140871716e-03,5.412986135897663864e+00,-1.470107821760375730e-02,-1.437972795780362214e-03,9.998908993152595404e-01,-7.534609344951131993e-02,0.000000000000000000e+00,0.000000000000000000e+00,0.000000000000000000e+00,1.000000000000000056e-01
9.981355649708167910e-01,-5.815519985552230348e-02,1.853015569693359371e-02,7.717809361002750279e+01,5.818691536846950368e-02,9.983050127852661770e-01,-1.176574567213422825e-03,5.426705167436621124e+00,-1.843032339083904014e-02,2.252593521677902048e-03,9.998276096418498016e-01,-7.131740931187859067e-02,0.000000000000000000e+00,0.000000000000000000e+00,0.000000000000000000e+00,1.000000000000000056e-01
9.986226360226783116e-01,-4.764346784023917869e-02,2.197568645738918330e-02,7.772615639289526257e+01,4.773038675186813684e-02,9.988543060845076482e-01,-3.447520406596539348e-03,5.439538554498670742e+00,-2.178625721950593064e-02,4.491679929926388655e-03,9.997525612909289316e-01,-6.305864741978833843e-02,0.000000000000000000e+00,0.000000000000000000e+00,0.000000000000000000e+00,1.000000000000000056e-01
9.991096378840335079e-01,-3.695083584770638557e-02,2.036092378531282471e-02,7.822527215342857687e+01,3.694959045355886845e-02,9.993170349615637660e-01,4.374939347930663662e-04,5.448639116548243955e+00,-2.036318375278609732e-02,3.152233883558730682e-04,9.997925991832834480e-01,-5.561565624661518603e-02,0.000000000000000000e+00,0.000000000000000000e+00,0.000000000000000000e+00,1.000000000000000056e-01
9.995738022743106965e-01,-2.124314273909986769e-02,2.002355346693989943e-02,7.871644995256129107e+01,2.115720385698958636e-02,9.997660608500379409e-01,4.494029077792848631e-03,5.464747015564116239e+00,-2.011433647503584402e-02,-4.068471330179334114e-03,9.997894083301765988e-01,-5.623576568910131773e-02,0.000000000000000000e+00,0.000000000000000000e+00,0.000000000000000000e+00,1.000000000000000056e-01
9.997886671375871837e-01,-2.451231703917304550e-03,2.041108831935483509e-02,7.919353339621859789e+01,2.266912945274910697e-03,9.999564912877457745e-01,9.048571003142019675e-03,5.466157058015711279e+00,-2.043238040330440375e-02,-9.000388582392885445e-03,9.997507243490352247e-01,-5.316966456935574847e-02,0.000000000000000000e+00,0.000000000000000000e+00,0.000000000000000000e+00,1.000000000000000056e-01
9.995452948421592598e-01,2.069277356864210327e-02,2.193200129805439672e-02,7.968215866979517159e+01,-2.088275733090082936e-02,9.997460606699365426e-01,8.469038977490952677e-03,5.465819114782199506e+00,-2.175118399443259562e-02,-8.923188722674205500e-03,9.997235931485561888e-01,-5.966526131783662923e-02,0.000000000000000000e+00,0.000000000000000000e+00,0.000000000000000000e+00,1.000000000000000056e-01
9.986726648856729671e-01,4.634955351539871843e-02,2.246391103684950916e-02,8.017519358430033094e+01,-4.648595026277028280e-02,9.989033147665723478e-01,5.587859744250288710e-03,5.439420995819395088e+00,-2.218028039307768859e-02,-6.624699032964092779e-03,9.997320383604834104e-01,-5.362979464162051513e-02,0.000000000000000000e+00,0.000000000000000000e+00,0.000000000000000000e+00,1.000000000000000056e-01
9.969950135992685647e-01,7.377189872085536393e-02,2.363577410016743166e-02,8.064617692657604664e+01,-7.392183993100630290e-02,9.972486889391600773e-01,5.532991084482091586e-03,5.407651693007686333e+00,-2.316256547554631715e-02,-7.263564431195856062e-03,9.997053246794002090e-01,-5.696440652074057087e-02,0.000000000000000000e+00,0.000000000000000000e+00,0.000000000000000000e+00,1.000000000000000056e-01
9.940580430914467414e-01,1.057763278954743091e-01,2.568998680717049163e-02,8.111135839307287654e+01,-1.059460178516884732e-01,9.943575832875122256e-01,5.332716004797130073e-03,5.352007027513873361e+00,-2.498095807956925499e-02,-8.022781036973198471e-03,9.996557340994246532e-01,-6.503331042933754857e-02,0.000000000000000000e+00,0.000000000000000000e+00,0.000000000000000000e+00,1.000000000000000056e-01
