1.000000000000000000e+00,1.841366637268634933e-13,2.759308132737254600e-13,-1.247247725815576328e-20,-1.841366637268253756e-13,1.000000000000000000e+00,-1.381795727855217887e-13,-2.890628490744136498e-20,-2.759308132737509055e-13,1.381795727854709987e-13,1.000000000000000000e+00,-1.026938395136691349e-19,0.000000000000000000e+00,0.000000000000000000e+00,0.000000000000000000e+00,1.000000000000000056e-01
9.999921169417476108e-01,-2.573384202899231012e-03,-3.023863109727412384e-03,6.404689958694526064e-01,2.562318128663903377e-03,9.999900275550263062e-01,-3.657774775073949387e-03,1.839811877876008570e-02,3.033245814242881404e-03,3.649997841357671344e-03,9.999887384043825156e-01,1.252949579117136516e-04,0.000000000000000000e+00,0.000000000000000000e+00,0.000000000000000000e+00,1.000000000000000056e-01
9.999682925521100607e-01,-6.617210508063590436e-03,-4.430171047449360522e-03,1.293088261360188174e+00,6.603501526666982931e-03,9.999733854279204692e-01,-3.101967667599524886e-03,2.833648447202689533e-02,4.450579513388406086e-03,3.072614670846120395e-03,9.999853755836030089e-01,8.882341251914706304e-03,0.000000000000000000e+00,0.000000000000000000e+00,0.000000000000000000e+00,1.000000000000000056e-01
9.999376928178128621e-01,-1.002170480945641096e-02,-4.916900944843255808e-03,1.980492473973936018e+00,9.999585874541996183e-03,9.999398651815777361e-01,-4.502699522046900264e-03,5.461380030008095021e-02,4.961729993353371573e-03,4.453251998292869461e-03,9.999777746440731141e-01,9.314487647788492752e-03,0.000000000000000000e+00,0.000000000000000000e+00,0.000000000000000000e+00,1.000000000000000056e-01
9.998014249102443740e-01,-1.947572712313457716e-02,-4.219810477987113485e-03,2.698722237611233421e+00,1.947170224100704117e-02,9.998099155102595503e-01,-9.928037093297175774e-04,4.803598370630818987e-02,4.238343931595345455e-03,9.104396701031810353e-04,9.999906037260173353e-01,1.319257699449610972e-02,0.000000000000000000e+00,0.000000000000000000e+00,0.000000000000000000e+00,1.000000000000000056e-01
9.996637687640768100e-01,-2.561056465784878125e-02,-4.055662499326326623e-03,3.415441732639129313e+00,2.560654530403414300e-02,9.996715577855987966e-01,-1.039900046501827414e-03,7.800635468740588219e-02,4.080962875932818076e-03,9.356988940970836950e-04,9.999912350663804350e-01,1.808478346050722274e-02,0.000000000000000000e+00,0.000000000000000000e+00,0.000000000000000000e+00,1.000000000000000056e-01
9.995334532434294594e-01,-3.000511770372233517e-02,-5.706904489363860689e-03,4.138816401077558993e+00,3.000477639860983647e-02,9.995497447563026494e-01,-1.454334202686010768e-04,8.432367996872336402e-02,5.708698672585459447e-03,-2.586882435350748382e-05,9.999837049123698751e-01,2.506163290740689997e-02,0.000000000000000000e+00,0.000000000000000000e+00,0.000000000000000000e+00,1.000000000000000056e-01
9.994527564261150854e-01,-3.258765679473581145e-02,-5.677349458073696099e-03,4.881638807450567441e+00,3.258493792521523214e-02,9.994688069410360143e-01,-5.707646380160750566e-04,1.105154617779995074e-01,5.692933571582492989e-03,3.854562110646343612e-04,9.999837208329238614e-01,3.970594125797340113e-02,0.000000000000000000e+00,0.000000000000000000e+00,0.000000000000000000e+00,1.000000000000000056e-01
9.992979743999576003e-01,-3.714120326644779202e-02,-4.908093322468685092e-03,5.640315431362485477e+00,3.715009225173704355e-02,9.993081952983770000e-01,1.732470833293523003e-03,1.511783096352244116e-01,4.840351829059649606e-03,-1.913590714127070148e-03,9.999864544906345021e-01,3.880931872319320214e-02,0.000000000000000000e+00,0.000000000000000000e+00,0.000000000000000000e+00,1.000000000000000056e-01
9.991602137447415100e-01,-4.093151701243634422e-02,-1.864989175033906479e-03,6.422885096667821259e+00,4.093442661017353268e-02,9.991606334716759408e-01,1.549593035459670507e-03,2.029498509147228402e-01,1.799996571851426126e-03,-1.624633971041440725e-03,9.999970602840797529e-01,4.890152748437618518e-02,0.000000000000000000e+00,0.000000000000000000e+00,0.000000000000000000e+00,1.000000000000000056e-01
9.990317492160635249e-01,-4.398126754980051512e-02,-1.100982745202062517e-03,7.215415315180834455e+00,4.398048601127318991e-02,9.990321277394401678e-01,-7.242890439594768231e-04,2.266561388160140689e-01,1.131772284769397155e-03,6.751659943008540311e-04,9.999991316208107772e-01,6.019713396701156793e-02,0.000000000000000000e+00,0.000000000000000000e+00,0.000000000000000000e+00,1.000000000000000056e-01
9.989377536574741701e-01,-4.607660084049076260e-02,5.578285987892515939e-04,8.018800223763189905e+00,4.607701501389465520e-02,9.989376058228578437e-01,-7.538967475397071035e-04,2.662966822194174354e-01,-5.224989654227231396e-04,7.787990001985829530e-04,9.999995602333775491e-01,6.175678654030815340e-02,0.000000000000000000e+00,0.000000000000000000e+00,0.000000000000000000e+00,1.000000000000000056e-01
9.988850785337306526e-01,-4.719098421968125762e-02,1.269208824651449309e-03,8.858581800010782104e+00,4.719372871101567418e-02,9.988832724444161038e-01,-2.227105988831011487e-03,3.148822700176271971e-01,-1.162692140608688864e-03,2.284521637504634013e-03,9.999967145485398889e-01,7.649331599798343817e-02,0.000000000000000000e+00,0.000000000000000000e+00,0.000000000000000000e+00,1.000000000000000056e-01
9.986776408881162803e-01,-5.137313759474854136e-02,1.941732169379375809e-03,9.666679447581133289e+00,5.138201372519726751e-02,9.986673566659840517e-01,-4.837292147459149039e-03,3.519933319955053652e-01,-1.690637657869992466e-03,4.930665619088820881e-03,9.999864150481557745e-01,8.253669312062042462e-02,0.000000000000000000e+00,0.000000000000000000e+00,0.000000000000000000e+00,1.000000000000000056e-01
9.986434808433940491e-01,-5.204018285306397096e-02,1.737106101897715723e-03,1.047789513681244244e+01,5.204987400108267159e-02,9.986258611405248731e-01,-6.099186652048676702e-03,4.148560105213214277e-01,-1.417316288272486456e-03,6.181329142245745728e-03,9.999798909901009836e-01,9.278812831046001630e-02,0.000000000000000000e+00,0.000000000000000000e+00,0.000000000000000000e+00,1.000000000000000056e-01
9.985293406087109025e-01,-5.420736995108057371e-02,8.467505651921403316e-04,1.126637509339058951e+01,5.421157622403061788e-02,9.985103857822418272e-01,-6.173693246736420420e-03,4.657627682750437037e-01,-5.108295597210064931e-04,6.210517529591823988e-03,9.999805840740987328e-01,1.078343774694769525e-01,0.000000000000000000e+00,0.000000000000000000e+00,0.000000000000000000e+00,1.000000000000000056e-01
9.984333636012058255e-01,-5.590913167219799251e-02,-2.233258525824697704e-03,1.212547076097806809e+01,5.589623720896393089e-02,9.984215979114570150e-01,-5.470236723588751265e-03,5.138700441753075721e-01,2.535569731160495967e-03,5.336836103319118202e-03,9.999825443809230441e-01,1.015385248525254303e-01,0.000000000000000000e+00,0.000000000000000000e+00,0.000000000000000000e+00,1.000000000000000056e-01
9.982078993633062280e-01,-5.973577302113657755e-02,-3.553458915303911447e-03,1.300892609651615217e+01,5.971974469629038468e-02,9.982052300374032461e-01,-4.457669725840618553e-03,5.886059491121137244e-01,3.813363620925409349e-03,4.237469473876063174e-03,9.999837509231600530e-01,1.327260448205469789e-01,0.000000000000000000e+00,0.000000000000000000e+00,0.000000000000000000e+00,1.000000000000000056e-01
9.984464655721223547e-01,-5.559373801400482873e-02,-3.740545437092323341e-03,1.390609302913799539e+01,5.559315271813589088e-02,9.984534709190336921e-01,-2.603470613917953673e-04,6.502496218683885276e-01,3.749234241118915793e-03,5.199388953532650345e-05,9.999929702449116276e-01,1.361607664068731072e-01,0.000000000000000000e+00,0.000000000000000000e+00,0.000000000000000000e+00,1.000000000000000056e-01
9.977805643095284394e-01,-6.642594065658531666e-02,-4.641109139728137947e-03,1.484788862444814406e+01,6.643890541179782450e-02,9.977868491690049524e-01,2.697308486520576688e-03,7.725130347314713708e-01,4.451666411720690483e-03,-2.999672194937609126e-03,9.999855922126487107e-01,1.556469063500215411e-01,0.000000000000000000e+00,0.000000000000000000e+00,0.000000000000000000e+00,1.000000000000000056e-01
9.974619192870766149e-01,-7.111549687443266543e-02,-3.507944760696856887e-03,1.582848783984564989e+01,7.112338942444637602e-02,9.974651454223329994e-01,2.178794249736490125e-03,8.580687176879489009e-01,3.344106595204834539e-03,-2.422761215368294651e-03,9.999914735532364762e-01,1.660102516284567842e-01,0.000000000000000000e+00,0.000000000000000000e+00,0.000000000000000000e+00,1.000000000000000056e-01
9.973752909008606338e-01,-7.239211461667365011e-02,-1.382331997067034286e-03,1.676986576204995316e+01,7.239488540555562290e-02,9.973738949023088773e-01,2.072277615224362313e-03,9.347245191766039296e-01,1.228685289323945854e-03,-2.166912255831840526e-03,9.999968974070546635e-01,1.821453845080875655e-01,0.000000000000000000e+00,0.000000000000000000e+00,0.000000000000000000e+00,1.000000000000000056e-01
9.974025074816469383e-01,-7.202904956604619380e-02,2.325681303335525984e-04,1.768325422577159500e+01,7.202876576799271957e-02,9.974019939007792157e-01,1.058047583822179947e-03,1.026473261806523984e+00,-3.081740787708248585e-04,-1.038547717754245052e-03,9.999994132235153765e-01,1.879489613143595916e-01,0.000000000000000000e+00,0.000000000000000000e+00,0.000000000000000000e+00,1.000000000000000056e-01
9.971073606199243322e-01,-7.599533796537420727e-02,-1.272794208299513107e-03,1.861685163561912759e+01,7.599780120323219867e-02,9.971059515906760540e-01,2.013830858408085372e-03,1.088128728902481468e+00,1.116068923555765076e-03,-2.104735133177213988e-03,9.999971622360620538e-01,1.873058727784369659e-01,0.000000000000000000e+00,0.000000000000000000e+00,0.000000000000000000e+00,1.000000000000000056e-01
9.970614134647062254e-01,-7.656113425267661865e-02,-2.632584605617451466e-03,1.955348431829425238e+01,7.656199609780366122e-02,9.970647966701671194e-01,2.280232406478890895e-04,1.166841817043290597e+00,2.607399716577002424e-03,-4.289091069256083916e-04,9.999965087457535207e-01,1.965429794990636581e-01,0.000000000000000000e+00,0.000000000000000000e+00,0.000000000000000000e+00,1.000000000000000056e-01
9.968643378674634237e-01,-7.905952607026958678e-02,-3.329147880174848986e-03,2.048080323117721591e+01,7.904974983960366686e-02,9.968662403398923511e-01,-2.972527696095183646e-03,1.237322589645864612e+00,3.553721761729460027e-03,2.700038546453753432e-03,9.999900403771468937e-01,2.116868175450912493e-01,0.000000000000000000e+00,0.000000000000000000e+00,0.000000000000000000e+00,1.000000000000000056e-01
9.969235729073031571e-01,-7.837771090409435815e-02,-5.693989560820111265e-04,2.139953273385537713e+01,7.836931454041971834e-02,9.968828749655098687e-01,-9.098578953016810827e-03,1.312812990252738343e+00,1.280749859159024603e-03,9.025964432332531789e-03,9.999584449595215752e-01,2.278993986306593611e-01,0.000000000000000000e+00,0.000000000000000000e+00,0.000000000000000000e+00,1.000000000000000056e-01
9.970965774357900546e-01,-7.610739359090114287e-02,2.465746668507673694e-03,2.235718702832674509e+01,7.612458777209780980e-02,9.970673792373792033e-01,-7.854196154435206731e-03,1.398661436849528927e+00,-1.860753170566502909e-03,8.019096052787258802e-03,9.999661152739798275e-01,2.535936911115841963e-01,0.000000000000000000e+00,0.000000000000000000e+00,0.000000000000000000e+00,1.000000000000000056e-01
9.973073047628876475e-01,-7.327097639849612654e-02,3.082837036847697366e-03,2.330480014728926008e+01,7.328829995410364451e-02,9.972930955570006306e-01,-5.941939428547138129e-03,1.482175772621635357e+00,-2.639120387945240176e-03,6.151875482014792888e-03,9.999775944848122711e-01,2.629852937483045938e-01,0.000000000000000000e+00,0.000000000000000000e+00,0.000000000000000000e+00,1.000000000000000056e-01
9.973951698405874033e-01,-7.209543351495517616e-02,2.263546985712378869e-03,2.422487207103446494e+01,7.211030467314569203e-02,9.973694099046459538e-01,-7.373204622443243171e-03,1.554328801854678366e+00,-1.726018137781878741e-03,7.517223739452883434e-03,9.999702556619567417e-01,2.753562713315672039e-01,0.000000000000000000e+00,0.000000000000000000e+00,0.000000000000000000e+00,1.000000000000000056e-01
9.974331898379422690e-01,-7.158959963449566810e-02,1.400369194228357405e-03,2.517195041813256751e+01,7.159862663724279874e-02,9.974007198625333137e-01,-8.089541480276156091e-03,1.624437148735683234e+00,-8.176022065970640646e-04,8.169041674090047819e-03,9.999662985744863786e-01,2.793523310154333306e-01,0.000000000000000000e+00,0.000000000000000000e+00,0.000000000000000000e+00,1.000000000000000056e-01
9.972734432907487401e-01,-7.379001846085074534e-02,-8.440868207985569114e-04,2.615309185626024302e+01,7.377781776895754595e-02,9.972238050521948782e-01,-1.007552690793811316e-02,1.746264281382238215e+00,1.585216787770698686e-03,9.985780528801979292e-03,9.999488843310774255e-01,2.882828083239412642e-01,0.000000000000000000e+00,0.000000000000000000e+00,0.000000000000000000e+00,1.000000000000000056e-01
9.976655988993571311e-01,-6.827557399413577977e-02,-1.341181776774009364e-03,2.712439903500714777e+01,6.825905497710918479e-02,9.976185702589028814e-01,-9.893921781296728668e-03,1.827891757775708559e+00,2.013501035273698898e-03,9.779277598765682283e-03,9.999501545293281168e-01,2.973182688191542966e-01,0.000000000000000000e+00,0.000000000000000000e+00,0.000000000000000000e+00,1.000000000000000056e-01
9.977757779252909298e-01,-6.665906264167074935e-02,-2.575913708156583925e-04,2.808143224185302955e+01,6.665072844214937897e-02,9.976990332991945154e-01,-1.242253404034790801e-02,1.878912568269013317e+00,1.085073136412835221e-03,1.237773491340626517e-02,9.999228041677528100e-01,3.124839813633385477e-01,0.000000000000000000e+00,0.000000000000000000e+00,0.000000000000000000e+00,1.000000000000000056e-01
9.978524594563640271e-01,-6.545044046463635579e-02,2.590173714339720490e-03,2.909467395651265065e+01,6.547911354885008195e-02,9.977663303051261812e-01,-1.322254885786861359e-02,1.927864964269170089e+00,-1.718966474996866216e-03,1.336375517685862990e-02,9.999092234807271939e-01,3.185251100025094928e-01,0.000000000000000000e+00,0.000000000000000000e+00,0.000000000000000000e+00,1.000000000000000056e-01
9.981092197811237687e-01,-6.115176437414297089e-02,6.200572703038011169e-03,3.005093391350356669e+01,6.124816713431501664e-02,9.979815598031439583e-01,-1.677701748138914206e-02,1.988587793361293654e+00,-5.162112997927884375e-03,1.712506954184773306e-02,9.998400294960106960e-01,3.305627053418080941e-01,0.000000000000000000e+00,0.000000000000000000e+00,0.000000000000000000e+00,1.000000000000000056e-01
9.982286729615442722e-01,-5.913780836034440019e-02,6.498930663542628813e-03,3.096591690577824707e+01,5.928619050925790918e-02,9.979104873720386903e-01,-2.568670488404994554e-02,2.046206204958264774e+00,-4.966295635011244020e-03,2.602650217058524382e-02,9.996489169165493349e-01,3.558008130311557937e-01,0.000000000000000000e+00,0.000000000000000000e+00,0.000000000000000000e+00,1.000000000000000056e-01
9.984050202390085671e-01,-5.636115943607732104e-02,3.291696912848655811e-03,3.190059332079932020e+01,5.642756946766819270e-02,9.980722288895976790e-01,-2.584096212067087811e-02,2.092208856029203368e+00,-1.828924688571099879e-03,2.598548876530013679e-02,9.996606471238687064e-01,3.553914718513471738e-01,0.000000000000000000e+00,0.000000000000000000e+00,0.000000000000000000e+00,1.000000000000000056e-01
9.983494598787274743e-01,-5.741808833527627109e-02,1.232514411919207820e-03,3.287664636395842876e+01,5.742987442476561732e-02,9.979424846176475628e-01,-2.850626104405575359e-02,2.159844277602179563e+00,4.067965201783247439e-04,2.852999346439830455e-02,9.995928541108687337e-01,3.625473426877939831e-01,0.000000000000000000e+00,0.000000000000000000e+00,0.000000000000000000e+00,1.000000000000000056e-01
9.983222559961193454e-01,-5.790020714004513736e-02,-4.890766388641112081e-04,3.384863604440885609e+01,5.786540210106620730e-02,9.979523444899183193e-01,-2.725276805679250139e-02,2.231277775550973619e+00,2.066016094017580126e-03,2.717874427222995506e-02,9.996284546956853978e-01,3.666543971607004182e-01,0.000000000000000000e+00,0.000000000000000000e+00,0.000000000000000000e+00,1.000000000000000056e-01
9.982125895585450825e-01,-5.968358774526660859e-02,3.081460802374111439e-03,3.484049655950359892e+01,5.974833715793129163e-02,9.977841509723022195e-01,-2.927326895555368985e-02,2.285454417433264496e+00,-1.327499034151704681e-03,2.940505776792621401e-02,9.995666962859353077e-01,3.821241026234790117e-01,0.000000000000000000e+00,0.000000000000000000e+00,0.000000000000000000e+00,1.000000000000000056e-01
9.980585613047155968e-01,-6.226518943769594056e-02,1.467784265169233982e-03,3.581885351136536144e+01,6.228123286070730985e-02,9.976117126651820044e-01,-2.986500940218565076e-02,2.352636608720183986e+00,3.952716933871743823e-04,2.989844373090549956e-02,9.995528634458300532e-01,3.915978047322034583e-01,0.000000000000000000e+00,0.000000000000000000e+00,0.000000000000000000e+00,1.000000000000000056e-01
9.978609504072721847e-01,-6.533852653708384361e-02,2.097761249103427192e-03,3.680865003672867175e+01,6.537180818258851722e-02,9.974513195042649105e-01,-2.859006670400906364e-02,2.405820413806688762e+00,-2.243818938862349481e-04,2.866604557945905130e-02,9.995890192892287196e-01,4.095324146901675455e-01,0.000000000000000000e+00,0.000000000000000000e+00,0.000000000000000000e+00,1.000000000000000056e-01
9.979509766062392151e-01,-6.387308131243638054e-02,3.752036021709485164e-03,3.780234551821313715e+01,6.395129866240081840e-02,9.975883034291278539e-01,-2.697792172845683845e-02,2.477717832368344197e+00,-2.019824261099871683e-03,2.716259091193661684e-02,9.996289881575589620e-01,4.249971864203798133e-01,0.000000000000000000e+00,0.000000000000000000e+00,0.000000000000000000e+00,1.000000000000000056e-01
9.978924252548765361e-01,-6.452658279774951822e-02,6.857676821338146850e-03,3.880918739938493189e+01,6.468441229375034018e-02,9.975660177456247002e-01,-2.603780031700451275e-02,2.534494890833963066e+00,-5.160855079622309396e-03,2.642650850152655773e-02,9.996374368856270065e-01,4.433592599787258282e-01,0.000000000000000000e+00,0.000000000000000000e+00,0.000000000000000000e+00,1.000000000000000056e-01
9.981063217710304247e-01,-6.069546194789556676e-02,9.991563422999092531e-03,3.981587664690356831e+01,6.091788993609179720e-02,9.978611679369504550e-01,-2.370865262386970956e-02,2.606454580798984733e+00,-8.531185523622031308e-03,2.427242102544942270e-02,9.996689794382562777e-01,4.510882757724485326e-01,0.000000000000000000e+00,0.000000000000000000e+00,0.000000000000000000e+00,1.000000000000000056e-01
9.980610394037119359e-01,-6.190402789633825398e-02,6.484824946865666746e-03,4.080757393395445121e+01,6.204478152292533522e-02,9.977752945897053749e-01,-2.439070708690306219e-02,2.662986812498350897e+00,-4.960515109802499968e-03,2.474576401398865047e-02,9.996814694957636416e-01,4.857987368735177669e-01,0.000000000000000000e+00,0.000000000000000000e+00,0.000000000000000000e+00,1.000000000000000056e-01
9.979437964531397975e-01,-6.385552122320850565e-02,5.536382393464274465e-03,4.180320820322743458e+01,6.396028606975204256e-02,9.977220822942876044e-01,-2.144127580686923731e-02,2.719504192049916114e+00,-4.154627127646401408e-03,2.175129678118345802e-02,9.997547800144629404e-01,5.148687473800594994e-01,0.000000000000000000e+00,0.000000000000000000e+00,0.000000000000000000e+00,1.000000000000000056e-01
9.978657501861817325e-01,-6.520226601312294201e-02,3.550931162763735008e-03,4.280561611903066677e+01,6.526151968955164195e-02,9.976584792052549666e-01,-2.045709944415605164e-02,2.775791738080063631e+00,-2.208767343790643892e-03,2.064517804747104807e-02,9.997844257489757469e-01,5.350296155707794377e-01,0.000000000000000000e+00,0.000000000000000000e+00,0.000000000000000000e+00,1.000000000000000056e-01
9.978608218606034308e-01,-6.517292525838788708e-02,5.125427684173588551e-03,4.386147732186838510e+01,6.526908007733439598e-02,9.976337228455376405e-01,-2.160792047401659949e-02,2.862002152864055571e+00,-3.705048115695406662e-03,2.189622923284967326e-02,9.997533834720655488e-01,5.653013365297662185e-01,0.000000000000000000e+00,0.000000000000000000e+00,0.000000000000000000e+00,1.000000000000000056e-01
9.979857419822982800e-01,-6.322742833823855046e-02,5.172147114546579889e-03,4.484474415469302500e+01,6.331570216364920678e-02,9.978089578909370427e-01,-1.919388996858728547e-02,2.926922815877712303e+00,-3.947234419903452272e-03,1.948270664807838504e-02,9.998024022186080551e-01,5.787517377412351172e-01,0.000000000000000000e+00,0.000000000000000000e+00,0.000000000000000000e+00,1.000000000000000056e-01
9.978135276384798580e-01,-6.540416571689024183e-02,9.511002498696765478e-03,4.582051128750406832e+01,6.558188662069226738e-02,9.976515438195429075e-01,-1.975887804894941105e-02,3.020726957931138212e+00,-8.196353391803044841e-03,2.033942529571938426e-02,9.997595348731196374e-01,5.866083908084062104e-01,0.000000000000000000e+00,0.000000000000000000e+00,0.000000000000000000e+00,1.000000000000000056e-01
9.977641194057499385e-01,-6.623574023025438628e-02,8.921252301028501780e-03,4.675641806488705043e+01,6.639432881791523799e-02,9.976155904804744345e-01,-1.883949922670291599e-02,3.094674652227384914e+00,-7.652132205267867665e-03,1.938969691471861129e-02,9.997827186575433123e-01,6.014531992668915583e-01,0.000000000000000000e+00,0.000000000000000000e+00,0.000000000000000000e+00,1.000000000000000056e-01
9.978322898549568665e-01,-6.575361758788042521e-02,2.680130019270611768e-03,4.772650863851909975e+01,6.579199266488630626e-02,9.976629036612284507e-01,-1.844300299381898892e-02,3.129855873784300524e+00,-1.461172131187435646e-03,1.857935500369302037e-02,9.998263211896603053e-01,6.022994289837702020e-01,0.000000000000000000e+00,0.000000000000000000e+00,0.000000000000000000e+00,1.000000000000000056e-01
9.977809773620953671e-01,-6.642934459145269366e-02,4.501487697614904408e-03,4.869080765193187688e+01,6.650706759195817996e-02,9.975822657946196159e-01,-2.016018185412900635e-02,3.196876422086807779e+00,-3.151376629418994792e-03,2.041482670078005948e-02,9.997866290744824580e-01,6.206313946955488436e-01,0.000000000000000000e+00,0.000000000000000000e+00,0.000000000000000000e+00,1.000000000000000056e-01
9.980294520450716522e-01,-6.260974935899335514e-02,4.151160779606374342e-03,4.968342496773606598e+01,6.268312627160937955e-02,9.978151825449221857e-01,-2.087312060189034160e-02,3.264593541960555179e+00,-2.835230401851861030e-03,2.109219685209713299e-02,9.997735147024654490e-01,6.291533825899884302e-01,0.000000000000000000e+00,0.000000000000000000e+00,0.000000000000000000e+00,1.000000000000000056e-01
9.981460823463520482e-01,-6.066211351111049782e-02,4.950381903914516379e-03,5.069574888384109812e+01,6.074652827454449927e-02,9.979686446433726488e-01,-1.919488502856566553e-02,3.358395133195294147e+00,-3.775923624681083376e-03,1.946001780664739778e-02,9.998035057488774413e-01,6.571164436423410082e-01,0.000000000000000000e+00,0.000000000000000000e+00,0.000000000000000000e+00,1.000000000000000056e-01
9.982385753487370561e-01,-5.915995656917925893e-02,4.454910151365811671e-03,5.163352896195657138e+01,5.923301375828690651e-02,9.980709522692243763e-01,-1.859635226366223096e-02,3.431720051039426789e+00,-3.346157024784094259e-03,1.882747394464922772e-02,9.998171480115897181e-01,6.712574998299287721e-01,0.000000000000000000e+00,0.000000000000000000e+00,0.000000000000000000e+00,1.000000000000000056e-01
9.983929797477172352e-01,-5.659884200635198481e-02,2.833562071734341964e-03,5.256502692939356791e+01,5.664294147813100921e-02,9.982099961131666310e-01,-1.919324986699707039e-02,3.518227285954012906e+00,-1.742174267801750373e-03,1.932290721635758143e-02,9.998117773288773824e-01,7.003433163894133839e-01,0.000000000000000000e+00,0.000000000000000000e+00,0.000000000000000000e+00,1.000000000000000056e-01
9.982361537021871012e-01,-5.928047386263524815e-02,3.225966596990441707e-03,5.352228964620397278e+01,5.933786644766394364e-02,9.979886875789975020e-01,-2.230688391033784981e-02,3.589705761091804170e+00,-1.897115521700553850e-03,2.245895997083370219e-02,9.997459657681674328e-01,7.204658572820611395e-01,0.000000000000000000e+00,0.000000000000000000e+00,0.000000000000000000e+00,1.000000000000000056e-01
9.983859429013733910e-01,-5.661828279839313527e-02,4.458595058616388745e-03,5.446927733802493776e+01,5.671499146721842299e-02,9.980557425801740434e-01,-2.584849019983019233e-02,3.641149632747061382e+00,-2.986429274046195539e-03,2.605963844143958583e-02,9.996559290498369110e-01,7.459134802967553046e-01,0.000000000000000000e+00,0.000000000000000000e+00,0.000000000000000000e+00,1.000000000000000056e-01
9.982410219007188390e-01,-5.872666191954537679e-02,8.126584423733432955e-03,5.541219191186880977e+01,5.894687093238647896e-02,9.978039556127250576e-01,-3.020815404621208372e-02,3.686579452548939706e+00,-6.334714033736533502e-03,3.063405528797204236e-02,9.995105932678873817e-01,7.516079195056081241e-01,0.000000000000000000e+00,0.000000000000000000e+00,0.000000000000000000e+00,1.000000000000000056e-01
9.979494527299652695e-01,-6.280988246015202503e-02,1.232105763742481763e-02,5.637101227030271389e+01,6.312086673539292481e-02,9.976479978777252899e-01,-2.672505403434956989e-02,3.738940744140871519e+00,-1.061348098107421992e-02,2.744796888492889025e-02,9.995668877196545177e-01,7.749483594295519806e-01,0.000000000000000000e+00,0.000000000000000000e+00,0.000000000000000000e+00,1.000000000000000056e-01
9.977272031294063259e-01,-6.612046719763578495e-02,1.298121539527965704e-02,5.733679077039388972e+01,6.642381459516516484e-02,9.974901063927824607e-01,-2.452273441406119941e-02,3.833842882570625665e+00,-1.132717926932386501e-02,2.532926106466248245e-02,9.996149876546063240e-01,7.796726127540607454e-01,0.000000000000000000e+00,0.000000000000000000e+00,0.000000000000000000e+00,1.000000000000000056e-01
9.977584413632227811e-01,-6.650752917275697118e-02,7.405487949294920977e-03,5.821186575116534101e+01,6.668838468206635117e-02,9.973899243065265097e-01,-2.767667321623060867e-02,3.897898078645123832e+00,-5.545451913866837959e-03,2.810849435946649599e-02,9.995894959971892701e-01,7.925677989494918085e-01,0.000000000000000000e+00,0.000000000000000000e+00,0.000000000000000000e+00,1.000000000000000056e-01
9.975811921748896083e-01,-6.945918864626722533e-02,2.680696090225907248e-03,5.909957877661119596e+01,6.950540446432056096e-02,9.972451583410365528e-01,-2.590546111560576917e-02,3.958277774252591197e+00,-8.739388863641311738e-04,2.602912364954332661e-02,9.996608029491101943e-01,7.976238425962552947e-01,0.000000000000000000e+00,0.000000000000000000e+00,0.000000000000000000e+00,1.000000000000000056e-01
9.976869490812896313e-01,-6.783867873255637615e-02,-4.320335714874616768e-03,6.006970593422899185e+01,6.770890425431803916e-02,9.973858067404582917e-01,-2.523998409992906505e-02,4.029587357783214863e+00,6.021288694939753820e-03,2.488907753425353281e-02,9.996720851869107527e-01,8.198166776781096177e-01,0.000000000000000000e+00,0.000000000000000000e+00,0.000000000000000000e+00,1.000000000000000056e-01
9.979338534205864919e-01,-6.412435058722074088e-02,-4.011465929880949667e-03,6.096008445252198271e+01,6.401648742508772583e-02,9.976865299366614037e-01,-2.287962676043267182e-02,4.117062972411795307e+00,5.469326731232809595e-03,2.257555413960695215e-02,9.997301790085145745e-01,8.366830008708936450e-01,0.000000000000000000e+00,0.000000000000000000e+00,0.000000000000000000e+00,1.000000000000000056e-01
9.977900376846926545e-01,-6.642849145012665046e-02,-1.515328624468672766e-03,6.184874318699507256e+01,6.638428886768006632e-02,9.975883414919430869e-01,-2.026393621404105894e-02,4.180923353998708514e+00,2.857776882839308842e-03,2.011855966551204244e-02,9.997935170165253016e-01,8.566349152962139391e-01,0.000000000000000000e+00,0.000000000000000000e+00,0.000000000000000000e+00,1.000000000000000056e-01
9.978199870611281774e-01,-6.597926700539341605e-02,-1.417655374527787993e-03,6.272015860564372502e+01,6.594404988008562007e-02,9.976669450677062567e-01,-1.766490885012609105e-02,4.243949955301164145e+00,2.579865644312359738e-03,1.753291318353819225e-02,9.998429582932291115e-01,8.813038946724686129e-01,0.000000000000000000e+00,0.000000000000000000e+00,0.000000000000000000e+00,1.000000000000000056e-01
9.977494214148782126e-01,-6.704779869408283854e-02,-8.275001833562755857e-04,6.352590692132366712e+01,6.702596599985882753e-02,9.976224043180400569e-01,-1.603303728177662285e-02,4.306394374608352393e+00,1.900512578616790800e-03,1.594148967226128449e-02,9.998711201744791000e-01,9.018326409777261965e-01,0.000000000000000000e+00,0.000000000000000000e+00,0.000000000000000000e+00,1.000000000000000056e-01
9.975005825717013774e-01,-7.065801406122231010e-02,-1.811575018362965176e-04,6.434717394120299616e+01,7.064712309135927348e-02,9.973857664719927296e-01,-1.518607381748151089e-02,4.364558996216605813e+00,1.253701731151514627e-03,1.513531922358351753e-02,9.998846685213097496e-01,9.237173321318395969e-01,0.000000000000000000e+00,0.000000000000000000e+00,0.000000000000000000e+00,1.000000000000000056e-01
9.974722619760544307e-01,-7.105470625124087058e-02,5.615228609201812363e-04,6.513841768982250358e+01,7.105440992332935635e-02,9.973393236943337570e-01,-1.629552832455924416e-02,4.423760798891480661e+00,5.978451479612909578e-04,1.629423617353411430e-02,9.998670613880128455e-01,9.361199968473925548e-01,0.000000000000000000e+00,0.000000000000000000e+00,0.000000000000000000e+00,1.000000000000000056e-01
9.971905498664516143e-01,-7.486757386735433395e-02,2.419429738621424290e-03,6.594611860892231903e+01,7.489823012390227353e-02,9.970426058377169776e-01,-1.721328756054186712e-02,4.487911342901607981e+00,-1.123557453297491845e-03,1.734613869283797502e-02,9.998489131319281409e-01,9.565792169143412238e-01,0.000000000000000000e+00,0.000000000000000000e+00,0.000000000000000000e+00,1.000000000000000056e-01
9.970274272871870735e-01,-7.703926169256908318e-02,1.123118407264863099e-03,6.668026373961414777e+01,7.704733454518516989e-02,9.968950146074430085e-01,-1.624924891520400025e-02,4.561477109447485745e+00,1.321989984699013061e-04,1.628748012093335015e-02,9.998673414582232022e-01,9.765536297743258043e-01,0.000000000000000000e+00,0.000000000000000000e+00,0.000000000000000000e+00,1.000000000000000056e-01
9.969596061485231919e-01,-7.769705472303491123e-02,5.891637764423266789e-03,6.745196080335455235e+01,7.779678461298934755e-02,9.967846688722933335e-01,-1.918291440404034168e-02,4.633298071328132650e+00,-4.382238247928126919e-03,1.958294126320948500e-02,9.997986319251592757e-01,9.835000003937894864e-01,0.000000000000000000e+00,0.000000000000000000e+00,0.000000000000000000e+00,1.000000000000000056e-01
9.967014563088048007e-01,-8.071048793803246857e-02,8.486703053150178658e-03,6.817886049627607292e+01,8.083963894712663245e-02,9.965959241314759076e-01,-1.617148043401265764e-02,4.688542988976878156e+00,-7.152605595574114579e-03,1.680420010991789601e-02,9.998332156374182267e-01,1.006155569137035410e+00,0.000000000000000000e+00,0.000000000000000000e+00,0.000000000000000000e+00,1.000000000000000056e-01
9.965495681888609791e-01,-8.231813258917619613e-02,1.061523384695334596e-02,6.886559187528762038e+01,8.247551483146822737e-02,9.964747970804470611e-01,-1.535474639211673910e-02,4.762895617911244273e+00,-9.313838944224887145e-03,1.617726276329731205e-02,9.998257591068596684e-01,1.023093920258838496e+00,0.000000000000000000e+00,0.000000000000000000e+00,0.000000000000000000e+00,1.000000000000000056e-01
9.965439613968133381e-01,-8.284655001935581353e-02,6.048318232117827140e-03,6.951718706780221169e+01,8.290594170885534631e-02,9.965037733986841229e-01,-1.033607428146559454e-02,4.816066120254137495e+00,-5.170863846058255942e-03,1.080179392853201220e-02,9.999282891362815118e-01,1.046049982901160247e+00,0.000000000000000000e+00,0.000000000000000000e+00,0.000000000000000000e+00,1.000000000000000056e-01
9.966990489373180884e-01,-8.118172052654322457e-02,7.308213159021597792e-04,7.019255943135939901e+01,8.118496224753864177e-02,9.966483155951122441e-01,-1.005668565140984891e-02,4.883686732189542745e+00,8.804721048116066415e-05,1.008282072516298450e-02,9.999491631947661219e-01,1.055234628051181733e+00,0.000000000000000000e+00,0.000000000000000000e+00,0.000000000000000000e+00,1.000000000000000056e-01
9.965098815260294840e-01,-8.336018790341494233e-02,-4.374367804159486929e-03,7.092487998940850957e+01,8.331509797833937248e-02,9.964766413819304836e-01,-9.638341612915910656e-03,4.945511888089748176e+00,5.162409305588069354e-03,9.240251776597391969e-03,9.999439820696290893e-01,1.083116545927812702e+00,0.000000000000000000e+00,0.000000000000000000e+00,0.000000000000000000e+00,1.000000000000000056e-01
9.965045259442901759e-01,-8.344687968332092920e-02,-3.917657930807894907e-03,7.162143952103473055e+01,8.340490628052707467e-02,9.964668266463533319e-01,-9.873449330551162251e-03,5.000717234493182062e+00,4.727724704543930130e-03,9.512185052017660403e-03,9.999435818858253278e-01,1.085807700761501682e+00,0.000000000000000000e+00,0.000000000000000000e+00,0.000000000000000000e+00,1.000000000000000056e-01
9.964653288746153637e-01,-8.400206267288044815e-02,-7.083907863640733979e-04,7.229403257118595150e+01,8.398958915119268676e-02,9.964082925386831269e-01,-1.078255416679444779e-02,5.066207349812873240e+00,1.611603244783956640e-03,1.068494393281797274e-02,9.999416156497007435e-01,1.100376712836378834e+00,0.000000000000000000e+00,0.000000000000000000e+00,0.000000000000000000e+00,1.000000000000000056e-01
9.954976766735880167e-01,-9.475914770080390293e-02,2.253811106891618482e-03,7.289335304093002321e+01,9.477674566249280619e-02,9.954509120412963208e-01,-9.739106621166832359e-03,5.154707408597495544e+00,-1.320688879135040140e-03,9.908866896297109997e-03,9.999500338205484784e-01,1.108690102537891464e+00,0.000000000000000000e+00,0.000000000000000000e+00,0.000000000000000000e+00,1.000000000000000056e-01
9.956698697929124986e-01,-9.294497518563790694e-02,-1.655890789210429353e-03,7.345487090081995518e+01,9.292017210196218402e-02,9.956078941749838540e-01,-1.143515076401608287e-02,5.215217694516683267e+00,2.711457745635050248e-03,1.123176941515473086e-02,9.999332454482641186e-01,1.121306868397733858e+00,0.000000000000000000e+00,0.000000000000000000e+00,0.000000000000000000e+00,1.000000000000000056e-01
9.956274953097293823e-01,-9.327640869178766003e-02,-5.040056035146307095e-03,7.407906610642807266e+01,9.317767604547266824e-02,9.955014245392226346e-01,-1.717074334859417309e-02,5.268735551111493720e+00,6.619008236870919590e-03,1.662604348427311821e-02,9.998398688830223424e-01,1.159923858983144429e+00,0.000000000000000000e+00,0.000000000000000000e+00,0.000000000000000000e+00,1.000000000000000056e-01
9.957892115227878760e-01,-9.130851671378109602e-02,-8.160942981889214923e-03,7.470874096756689653e+01,9.113097943234463316e-02,9.956385223786350380e-01,-1.997692026789743558e-02,5.317531726207058718e+00,9.949412169875654702e-03,1.914908695519210169e-02,9.997671337197759911e-01,1.173107535201425300e+00,0.000000000000000000e+00,0.000000000000000000e+00,0.000000000000000000e+00,1.000000000000000056e-01
9.960397021730216238e-01,-8.827154745666414282e-02,-1.063229066026049295e-02,7.529014131542045618e+01,8.804225853705237304e-02,9.959080885750412060e-01,-2.038724656501376270e-02,5.363508653759092581e+00,1.238839807130861538e-02,1.937041611359252569e-02,9.997356223386326679e-01,1.189205644620787039e+00,0.000000000000000000e+00,0.000000000000000000e+00,0.000000000000000000e+00,1.000000000000000056e-01
9.963356550971674830e-01,-8.502222898825387287e-02,-9.299621495900819643e-03,7.584788452747095278e+01,8.481399803970690598e-02,9.961782140263498730e-01,-2.086987388060725784e-02,5.438138645877030442e+00,1.103848352894049901e-02,2.000466138530675175e-02,9.997389486282108884e-01,1.193967446049709169e+00,0.000000000000000000e+00,0.000000000000000000e+00,0.000000000000000000e+00,1.000000000000000056e-01
9.969303446473432029e-01,-7.820221021936095418e-02,-3.781829998355915740e-03,7.639247157038764158e+01,7.810658513790884327e-02,9.967247370178311527e-01,-2.095614408306005830e-02,5.467027362462110851e+00,5.408260295528124345e-03,2.059643011646076008e-02,9.997732431841900302e-01,1.215111868287936048e+00,0.000000000000000000e+00,0.000000000000000000e+00,0.000000000000000000e+00,1.000000000000000056e-01
9.976067332302932522e-01,-6.913052159357759019e-02,1.332965784433236874e-03,7.698271020492023808e+01,6.914092863525005128e-02,9.972240463920990505e-01,-2.763572479281154945e-02,5.480864900381114069e+00,5.812065362888951467e-04,2.766174762318287725e-02,9.996171716799354678e-01,1.229580467130297450e+00,0.000000000000000000e+00,0.000000000000000000e+00,0.000000000000000000e+00,1.000000000000000056e-01
9.983334353481688739e-01,-5.770435566068313205e-02,7.477992437828587550e-04,7.753793544749578359e+01,5.770145184330273402e-02,9.979032290549288975e-01,-2.932043480102466612e-02,5.517966443975376833e+00,9.456855178284492109e-04,2.931471950286254971e-02,9.995697839067414492e-01,1.234973484591966653e+00,0.000000000000000000e+00,0.000000000000000000e+00,0.000000000000000000e+00,1.000000000000000056e-01
9.989516764559125406e-01,-4.577640126572411067e-02,2.630457776825035720e-04,7.805525427672591832e+01,4.576899109223934309e-02,9.986484576820177095e-01,-2.462635628195376791e-02,5.550733519188544740e+00,8.646157066930018620e-04,2.461257923271391312e-02,9.996966906933287822e-01,1.248151096476373123e+00,0.000000000000000000e+00,0.000000000000000000e+00,0.000000000000000000e+00,1.000000000000000056e-01
9.995774507023840183e-01,-2.906028463595896130e-02,6.480001543377558217e-04,7.857498424845638851e+01,2.906749410352710630e-02,9.993506907786497973e-01,-2.129031767675016937e-02,5.574121218906228137e+00,-2.887671018575964626e-05,2.130015720863513359e-02,9.997731254984918436e-01,1.261515860331622996e+00,0.000000000000000000e+00,0.000000000000000000e+00,0.000000000000000000e+00,1.000000000000000056e-01
9.998686002123073902e-01,-1.615437375341971168e-02,-1.348524421641504947e-03,7.905580488776931247e+01,1.613139198861998982e-02,9.997482123975162116e-01,-1.559775626429462346e-02,5.599194371102293566e+00,1.600156864318648051e-03,1.557395314638128879e-02,9.998774382300081864e-01,1.249851168544159563e+00,0.000000000000000000e+00,0.000000000000000000e+00,0.000000000000000000e+00,1.000000000000000056e-01
9.999411482731686007e-01,1.083470220598475170e-02,5.560739561557006497e-04,7.955269588114229862e+01,-1.082410232207536849e-02,9.998063540436359364e-01,-1.643451316263655482e-02,5.607082133350309583e+00,-7.340293307001553857e-04,1.642752696175722726e-02,9.998647896385103317e-01,1.269995915264360953e+00,0.000000000000000000e+00,0.000000000000000000e+00,0.000000000000000000e+00,1.000000000000000056e-01
9.993730821196965541e-01,3.511951144587381612e-02,4.479135003710910459e-03,8.006715261925958771e+01,-3.504871486981515905e-02,9.992728754751357689e-01,-1.501026067822244618e-02,5.599747773839704124e+00,-5.003031136493916661e-03,1.484386255180677842e-02,9.998773071852318228e-01,1.290860959481069603e+00,0.000000000000000000e+00,0.000000000000000000e+00,0.000000000000000000e+00,1.000000000000000056e-01
9.979992380788601514e-01,6.304630178108489025e-02,4.762837992529788192e-03,8.054221341708681337e+01,-6.296771022318337074e-02,9.979004184685703605e-01,-1.515989081429569042e-02,5.565395384223629449e+00,-5.708613077089863541e-03,1.482965447947222522e-02,9.998737385714036030e-01,1.298545669550694059e+00,0.000000000000000000e+00,0.000000000000000000e+00,0.000000000000000000e+00,1.000000000000000056e-01
9.952553650598799928e-01,9.714242215621073095e-02,5.487088221419194820e-03,8.101266978361014992e+01,-9.705359794051766908e-02,9.951716416925503461e-01,-1.462883104538714035e-02,5.493123995564684670e+00,-6.881674674484476034e-03,1.402688092837031664e-02,9.998779371328762045e-01,1.307193619562220910e+00,0.000000000000000000e+00,0.000000000000000000e+00,0.000000000000000000e+00,1.000000000000000056e-01
