1.000000000000000000e+00,-1.788566469710603366e-09,3.663699225818188265e-10,3.919539620147467937e-15,1.788566469703119035e-09,1.000000000000000000e+00,2.042801745716450711e-11,3.438520126450243947e-15,-3.663699226183557044e-10,-2.042801680188754841e-11,1.000000000000000000e+00,-5.285108230644611703e-16,0.000000000000000000e+00,0.000000000000000000e+00,0.000000000000000000e+00,1.000000000000000056e-01
9.999810315565431651e-01,-6.136526759592219639e-03,-5.287404283357124762e-04,6.415572148028438892e-01,6.135680355030035012e-03,9.999799159319751052e-01,-1.587815877507926365e-03,7.058394572411533056e-03,5.384734836986151572e-04,1.584541576853184652e-03,9.999985996361687723e-01,8.128583602597647118e-03,0.000000000000000000e+00,0.000000000000000000e+00,0.000000000000000000e+00,1.000000000000000056e-01
9.999308908303947696e-01,-1.174225810793610991e-02,-5.770075041377715000e-04,1.305226413258316676e+00,1.174255192343424611e-02,9.999309245735650276e-01,5.084838059677955447e-04,1.621098946031258869e-02,5.709968990049874710e-04,-5.152242056517562568e-04,9.999997042532359215e-01,1.277330152526664694e-02,0.000000000000000000e+00,0.000000000000000000e+00,0.000000000000000000e+00,1.000000000000000056e-01
9.998023652552868734e-01,-1.986095435979821563e-02,-8.791597420148854246e-04,2.031719913928170751e+00,1.986273630483770605e-02,9.998005801388601954e-01,2.066799574954624949e-03,2.353773522997761047e-02,8.379358080721890705e-04,-2.083853621673726481e-03,9.999974777056515052e-01,1.758147644871453988e-02,0.000000000000000000e+00,0.000000000000000000e+00,0.000000000000000000e+00,1.000000000000000056e-01
9.996068376958340274e-01,-2.803872347467003048e-02,4.200669158649139373e-06,2.749838000278977290e+00,2.803846756761451189e-02,9.995983324091749500e-01,4.125309837633310550e-03,4.362876432850069930e-02,-1.198674036707246234e-04,-4.123570140986181076e-03,9.999914908643462441e-01,2.260821339493144025e-02,0.000000000000000000e+00,0.000000000000000000e+00,0.000000000000000000e+00,1.000000000000000056e-01
9.994004239968302672e-01,-3.462330370493636039e-02,1.391240870005842185e-04,3.448465774834400754e+00,3.462291500202580724e-02,9.993980322352660206e-01,2.197025498421856758e-03,6.123887521147886731e-02,-2.151086198642609276e-04,-2.190891333215694986e-03,9.999975768587880953e-01,2.725181840412365178e-02,0.000000000000000000e+00,0.000000000000000000e+00,0.000000000000000000e+00,1.000000000000000056e-01
9.990658908117531212e-01,-4.320952402278021437e-02,5.318366694848910767e-04,4.187630957659692399e+00,4.320683497411354629e-02,9.990568293375433617e-01,4.315224853283556108e-03,9.981157174587955427e-02,-7.177938687026683834e-04,-4.288214982887136525e-03,9.999905479474406889e-01,3.956499017675416813e-02,0.000000000000000000e+00,0.000000000000000000e+00,0.000000000000000000e+00,1.000000000000000056e-01
9.988069313430320006e-01,-4.883351451818054162e-02,-4.196329842025590473e-05,4.958812936293647944e+00,4.883277232253053352e-02,9.987862185886785538e-01,6.438160034078150087e-03,1.409266746190533659e-01,-2.724856173458494531e-04,-6.432528051330606289e-03,9.999792739524440144e-01,4.578824240082571273e-02,0.000000000000000000e+00,0.000000000000000000e+00,0.000000000000000000e+00,1.000000000000000056e-01
9.984242071761438853e-01,-5.609577852555889393e-02,1.538231549517922415e-03,5.745223141673222678e+00,5.608537806383435270e-02,9.984071635889093521e-01,6.129115905703411658e-03,1.949535031103632743e-01,-1.879598926700980612e-03,-6.033185390838190741e-03,9.999800336916305765e-01,4.624841879292995034e-02,0.000000000000000000e+00,0.000000000000000000e+00,0.000000000000000000e+00,1.000000000000000056e-01
9.979200279763019710e-01,-6.422181802054338640e-02,5.583534177634280789e-03,6.554504122029183755e+00,6.419434448124100578e-02,9.979250499223020210e-01,4.967984922966185192e-03,2.459980152089942529e-01,-5.891001646610106481e-03,-4.599220336890423762e-03,9.999720712459385652e-01,4.585583099345491576e-02,0.000000000000000000e+00,0.000000000000000000e+00,0.000000000000000000e+00,1.000000000000000056e-01
9.976906448978730690e-01,-6.748089208745541856e-02,7.726984298379953667e-03,7.379580532773508672e+00,6.743542161658452883e-02,9.977055904059233260e-01,6.001565142645336019e-03,3.154745591385016423e-01,-8.114246401219155427e-03,-5.466632953576439947e-03,9.999521363192795942e-01,5.287336507878526853e-02,0.000000000000000000e+00,0.000000000000000000e+00,0.000000000000000000e+00,1.000000000000000056e-01
9.973293832565590655e-01,-7.263962542336249717e-02,7.588551340342607199e-03,8.197215564602364779e+00,7.259549478594373717e-02,9.973437905905153666e-01,5.937803240777898665e-03,3.780740753849843871e-01,-7.999714362115765975e-03,-5.371051004763110863e-03,9.999535771130722006e-01,5.468236739620493947e-02,0.000000000000000000e+00,0.000000000000000000e+00,0.000000000000000000e+00,1.000000000000000056e-01
9.970126799183837152e-01,-7.679581367269446013e-02,8.253428639749399442e-03,9.030862249286956356e+00,7.674412186035652061e-02,9.970302310024304893e-01,6.407669398680255861e-03,4.544109638490122505e-01,-8.721000048468693921e-03,-5.755125505914534915e-03,9.999454098542408520e-01,5.502037652418108327e-02,0.000000000000000000e+00,0.000000000000000000e+00,0.000000000000000000e+00,1.000000000000000056e-01
9.967808522227133983e-01,-7.961298140719948180e-02,9.471316361416732069e-03,9.812635719932202960e+00,7.956889761909398395e-02,9.968171072212103079e-01,4.944217108935416126e-03,5.399608390597208096e-01,-9.834794041731180145e-03,-4.174678741539146302e-03,9.999429228128782210e-01,6.208110553800386816e-02,0.000000000000000000e+00,0.000000000000000000e+00,0.000000000000000000e+00,1.000000000000000056e-01
9.964973321590645527e-01,-8.299632107763313393e-02,1.023121143586169096e-02,1.058913990433146424e+01,8.293912264059891126e-02,9.965371841339911718e-01,5.894283154336600085e-03,5.784531238875901815e-01,-1.068498645177290429e-02,-5.025069738245706817e-03,9.999302874394050411e-01,6.144870864802291777e-02,0.000000000000000000e+00,0.000000000000000000e+00,0.000000000000000000e+00,1.000000000000000056e-01
9.962323997889089844e-01,-8.597501903790272237e-02,1.137109107622005615e-02,1.139078717480808045e+01,8.592732077314282901e-02,9.962906976243147694e-01,4.619672283362363102e-03,6.625035006049063702e-01,-1.172608867358784952e-02,-3.625179814645412835e-03,9.999246756209843046e-01,7.134574047233183114e-02,0.000000000000000000e+00,0.000000000000000000e+00,0.000000000000000000e+00,1.000000000000000056e-01
9.959137460300035993e-01,-8.966827817914706233e-02,1.074292124482554428e-02,1.225001462171689148e+01,8.959381604470474658e-02,9.959521898102235982e-01,7.223831308104449941e-03,7.464417715338209636e-01,-1.134718445399711742e-02,-6.231813588951473637e-03,9.999161994409129228e-01,5.988595646820229351e-02,0.000000000000000000e+00,0.000000000000000000e+00,0.000000000000000000e+00,1.000000000000000056e-01
9.956378874000446633e-01,-9.288988024593285153e-02,8.755987749663548050e-03,1.312645503159170168e+01,9.283695925995215370e-02,9.956615881161183790e-01,6.269046614516299298e-03,8.517814953889975005e-01,-9.300331657633874663e-03,-5.428821049293255582e-03,9.999420141853589961e-01,5.458673306509599643e-02,0.000000000000000000e+00,0.000000000000000000e+00,0.000000000000000000e+00,1.000000000000000056e-01
9.959265010108158123e-01,-8.993567499428509193e-02,6.479116272750527934e-03,1.400088136612152390e+01,8.986835977396534503e-02,9.959032076683212997e-01,1.002391477844697017e-02,9.468747354573356922e-01,-7.354080220573087391e-03,-9.400814819512401041e-03,9.999287685554599792e-01,5.747849274030104177e-02,0.000000000000000000e+00,0.000000000000000000e+00,0.000000000000000000e+00,1.000000000000000056e-01
9.943255443880877342e-01,-1.061140795180118696e-01,7.517573104265761440e-03,1.495588751591549048e+01,1.060320561968062375e-01,9.943064334013900218e-01,1.057920390598912283e-02,1.071503992862629095e+00,-8.597373785654095768e-03,-9.722068949160111995e-03,9.999157797231412736e-01,5.259833068921059007e-02,0.000000000000000000e+00,0.000000000000000000e+00,0.000000000000000000e+00,1.000000000000000056e-01
9.935169260322964657e-01,-1.132958335479496287e-01,9.389983387183793023e-03,1.593154885262651632e+01,1.131975845904829997e-01,9.935179812350071193e-01,1.040806445005714072e-02,1.203511233931540803e+00,-1.050830767615510211e-02,-9.277664759592825841e-03,9.999017453762103491e-01,5.317439837134795011e-02,0.000000000000000000e+00,0.000000000000000000e+00,0.000000000000000000e+00,1.000000000000000056e-01
9.931779305234683664e-01,-1.161211658096845539e-01,1.065237870714372086e-02,1.685584951453633451e+01,1.160131673551873938e-01,9.931947578642371655e-01,1.025270458057691431e-02,1.322447435590411002e+00,-1.177044269931864888e-02,-8.946943723923166808e-03,9.998906984649187368e-01,5.327108034891773342e-02,0.000000000000000000e+00,0.000000000000000000e+00,0.000000000000000000e+00,1.000000000000000056e-01
9.927596067722184170e-01,-1.196224369264455162e-01,1.090118091074231479e-02,1.774532225678149899e+01,1.195230482535709765e-01,9.927873455225810773e-01,9.355613630419350873e-03,1.423999585526179112e+00,-1.194169576085032936e-02,-7.984932936832361827e-03,9.998968130504014562e-01,5.606856738690600694e-02,0.000000000000000000e+00,0.000000000000000000e+00,0.000000000000000000e+00,1.000000000000000056e-01
9.923688910180049616e-01,-1.227896428321082478e-01,1.125556541708394934e-02,1.865606067224306486e+01,1.226858017587682814e-01,9.924001296645887926e-01,9.496140716916987717e-03,1.537661032343272005e+00,-1.233605230627604979e-02,-8.042776564754623020e-03,9.998915618999023591e-01,5.452354577003120512e-02,0.000000000000000000e+00,0.000000000000000000e+00,0.000000000000000000e+00,1.000000000000000056e-01
9.918262754481219634e-01,-1.271238423899778425e-01,1.096211780242119238e-02,1.958161503786759283e+01,1.270527124694489640e-01,9.918715431140378014e-01,6.960618846980353054e-03,1.651640730757032882e+00,-1.175787331372561348e-02,-5.510957864607277622e-03,9.999156873249628319e-01,5.742212768394178851e-02,0.000000000000000000e+00,0.000000000000000000e+00,0.000000000000000000e+00,1.000000000000000056e-01
9.915316205943298655e-01,-1.291961434802367525e-01,1.316821443536934574e-02,2.050576180787167146e+01,1.291367753673339502e-01,9.916128046397303386e-01,5.266775318430070955e-03,1.774763741677984008e+00,-1.373821710807204138e-02,-3.521673517260011203e-03,9.998994245454536633e-01,6.283385098153032589e-02,0.000000000000000000e+00,0.000000000000000000e+00,0.000000000000000000e+00,1.000000000000000056e-01
9.916520838349190958e-01,-1.281054872804944234e-01,1.466726813314539121e-02,2.142747888497774156e+01,1.280394740758506456e-01,9.917545964371872191e-01,5.358500171820304060e-03,1.901129339853011357e+00,-1.523278386382727681e-02,-3.435778563717957305e-03,9.998780714274211334e-01,5.605215168725392189e-02,0.000000000000000000e+00,0.000000000000000000e+00,0.000000000000000000e+00,1.000000000000000056e-01
9.914922390674564268e-01,-1.287211301517262041e-01,1.933935162988413212e-02,2.238066627090668348e+01,1.286812957012080094e-01,9.916805252274786264e-01,3.295454628779480918e-03,2.030034113474437962e+00,-1.960265302606262541e-02,-7.788048628790222687e-04,9.998075462094319077e-01,5.188397887213529874e-02,0.000000000000000000e+00,0.000000000000000000e+00,0.000000000000000000e+00,1.000000000000000056e-01
9.916882040066341553e-01,-1.266860905571121909e-01,2.247533077512927496e-02,2.334342030230093101e+01,1.266309877871076572e-01,9.919423686417985220e-01,3.863964979084867114e-03,2.163999276575958142e+00,-2.278374346233950215e-02,-9.857751535566037799e-04,9.997399308226059267e-01,4.211653236596452771e-02,0.000000000000000000e+00,0.000000000000000000e+00,0.000000000000000000e+00,1.000000000000000056e-01
9.919496888661292200e-01,-1.245108760747605653e-01,2.308368466005695022e-02,2.426171482841612104e+01,1.245018832620013033e-01,9.922176802531249562e-01,1.831954508852081786e-03,2.273433479649313416e+00,-2.313213830592263445e-02,1.056755507730535500e-03,9.997318577724692013e-01,2.967484145231361406e-02,0.000000000000000000e+00,0.000000000000000000e+00,0.000000000000000000e+00,1.000000000000000056e-01
9.919534802664367046e-01,-1.246747160175786934e-01,2.201154636185479602e-02,2.521283428782219715e+01,1.246787232680897778e-01,9.921964455422180862e-01,1.195582547304119931e-03,2.390230435368271955e+00,-2.198883697568078388e-02,1.558409228808288255e-03,9.997570016804746551e-01,1.692466225455193166e-02,0.000000000000000000e+00,0.000000000000000000e+00,0.000000000000000000e+00,1.000000000000000056e-01
9.921550482385017578e-01,-1.237042014612863422e-01,1.804524302085500423e-02,2.615240744587507393e+01,1.237080194977010911e-01,9.923182452913457130e-01,9.088310409947410488e-04,2.517383531961343124e+00,-1.801905010850022096e-02,1.330639970145900460e-03,9.998367582913009199e-01,3.250217264872227573e-03,0.000000000000000000e+00,0.000000000000000000e+00,0.000000000000000000e+00,1.000000000000000056e-01
9.920366119045816999e-01,-1.247513846559665796e-01,1.733357052938929929e-02,2.709184187749961481e+01,1.247775268021829032e-01,9.921846518123593750e-01,-4.307123375472002389e-04,2.638045071580939815e+00,-1.714437067986967697e-02,2.590122469354228484e-03,9.998496696101794035e-01,-5.135392014820006241e-03,0.000000000000000000e+00,0.000000000000000000e+00,0.000000000000000000e+00,1.000000000000000056e-01
9.920748217683186265e-01,-1.242819653205635838e-01,1.848083086381984222e-02,2.804465303603809545e+01,1.243345308746041517e-01,9.922388678521630867e-01,-1.718591181676020797e-03,2.758065264028457086e+00,-1.812380880364262634e-02,4.002776475879787389e-03,9.998277378303390694e-01,-1.330059889031582135e-02,0.000000000000000000e+00,0.000000000000000000e+00,0.000000000000000000e+00,1.000000000000000056e-01
9.919370854480004107e-01,-1.248660308450898621e-01,2.166316814132721383e-02,2.905033784512185591e+01,1.249945788093733551e-01,9.921463883281919083e-01,-4.679679005226952508e-03,2.884949637225610708e+00,-2.090870108815235870e-02,7.349725730778851156e-03,9.997543737091069138e-01,-1.980397587205320886e-02,0.000000000000000000e+00,0.000000000000000000e+00,0.000000000000000000e+00,1.000000000000000056e-01
9.919286759907480766e-01,-1.240448836371251112e-01,2.627486614035436444e-02,3.000378796654575098e+01,1.242766191928883351e-01,9.922202248451887918e-01,-7.372064171511368696e-03,3.000463644943713870e+00,-2.515598674723909869e-02,1.057791338663503777e-02,9.996275726885276436e-01,-3.184492626035940327e-02,0.000000000000000000e+00,0.000000000000000000e+00,0.000000000000000000e+00,1.000000000000000056e-01
9.917121518217297815e-01,-1.255398685765386491e-01,2.732671452809250917e-02,3.093131340220998737e+01,1.259651207265510275e-01,9.919296655720920564e-01,-1.443353450763453991e-02,3.095941216715335731e+00,-2.529419477785145587e-02,1.775612445955060750e-02,9.995223478015471397e-01,-3.881921997816750736e-02,0.000000000000000000e+00,0.000000000000000000e+00,0.000000000000000000e+00,1.000000000000000056e-01
9.918271891684539154e-01,-1.253266929088950876e-01,2.391750134783070941e-02,3.188187672634517256e+01,1.257621370655586657e-01,9.919032480404850194e-01,-1.765874875068115107e-02,3.206156074365087427e+00,-2.151073469009400635e-02,2.052234322039159925e-02,9.995579631626356765e-01,-4.863076072903899788e-02,0.000000000000000000e+00,0.000000000000000000e+00,0.000000000000000000e+00,1.000000000000000056e-01
9.915665545343602671e-01,-1.279602374900135064e-01,2.054131325784487941e-02,3.287971529041541885e+01,1.283194012760251468e-01,9.915831349407504547e-01,-1.723420312157910445e-02,3.331629207315123686e+00,-1.816312707162543241e-02,1.972470842807944047e-02,9.996404537094361054e-01,-6.566071928980217465e-02,0.000000000000000000e+00,0.000000000000000000e+00,0.000000000000000000e+00,1.000000000000000056e-01
9.914020965871339630e-01,-1.294534593867001926e-01,1.907052006241995515e-02,3.384804113371550471e+01,1.297821312225632406e-01,9.913944056838766006e-01,-1.713857619647895028e-02,3.461712436378439506e+00,-1.668775892576852479e-02,1.946623311093109363e-02,9.996712381930903391e-01,-7.614657723844373005e-02,0.000000000000000000e+00,0.000000000000000000e+00,0.000000000000000000e+00,1.000000000000000056e-01
9.911249574607348123e-01,-1.313425009576691393e-01,2.050527104530108433e-02,3.481236419057116649e+01,1.317042371977253934e-01,9.911361032669790960e-01,-1.741317618682514112e-02,3.590769821895274383e+00,-1.803642433027878925e-02,1.995926458897732958e-02,9.996380920885544752e-01,-7.753424116451984593e-02,0.000000000000000000e+00,0.000000000000000000e+00,0.000000000000000000e+00,1.000000000000000056e-01
9.909637757430708183e-01,-1.322708575227963257e-01,2.225343603178882301e-02,3.578789994772155580e+01,1.326525864461561843e-01,9.910227717286111959e-01,-1.664803965895203866e-02,3.735031509380330128e+00,-1.985161137494560052e-02,1.944958008608637171e-02,9.996137390813979451e-01,-9.345395990861686542e-02,0.000000000000000000e+00,0.000000000000000000e+00,0.000000000000000000e+00,1.000000000000000056e-01
9.908792833919648491e-01,-1.325860030138789336e-01,2.406652341801518782e-02,3.675871338302951585e+01,1.330064376382471270e-01,9.909728667877434338e-01,-1.679478601424522211e-02,3.860854691922379622e+00,-2.162251815606270819e-02,1.984260807668435100e-02,9.995692760450902714e-01,-9.397535407558009479e-02,0.000000000000000000e+00,0.000000000000000000e+00,0.000000000000000000e+00,1.000000000000000056e-01
9.905437263329996966e-01,-1.345691430686248857e-01,2.672586679813063887e-02,3.774593778218162043e+01,1.350137717577078456e-01,9.907211292232283029e-01,-1.558606898512198378e-02,4.010591323470334757e+00,-2.438047698657723472e-02,1.904704293131563586e-02,9.995212866655115436e-01,-1.046472627012241252e-01,0.000000000000000000e+00,0.000000000000000000e+00,0.000000000000000000e+00,1.000000000000000056e-01
9.906113410677430675e-01,-1.339314684097123176e-01,2.741409705946778325e-02,3.874798351640669836e+01,1.343655087994364283e-01,9.908235815165555849e-01,-1.464719617449778549e-02,4.161617579676570422e+00,-2.520081334076873514e-02,1.819318774497408892e-02,9.995168467447859140e-01,-1.071591232401681998e-01,0.000000000000000000e+00,0.000000000000000000e+00,0.000000000000000000e+00,1.000000000000000056e-01
9.906707061171540207e-01,-1.332015937134405636e-01,2.879040592869364784e-02,3.977400951631162940e+01,1.335528626438718669e-01,9.909846297988051944e-01,-1.063467828155683845e-02,4.315948659737358639e+00,-2.711429366527071810e-02,1.438050537097481166e-02,9.995288971031847103e-01,-1.209211314724490949e-01,0.000000000000000000e+00,0.000000000000000000e+00,0.000000000000000000e+00,1.000000000000000056e-01
9.901751130371232446e-01,-1.369493153852438250e-01,2.825120417669414047e-02,4.077411438290604195e+01,1.373702296924552424e-01,9.904273645509235058e-01,-1.352980202937605590e-02,4.447752233717682024e+00,-2.612786857289228770e-02,1.727774766064826134e-02,9.995092865599661813e-01,-1.206811858209766025e-01,0.000000000000000000e+00,0.000000000000000000e+00,0.000000000000000000e+00,1.000000000000000056e-01
9.903552871024267068e-01,-1.357675278399667618e-01,2.763301815752165422e-02,4.178085176789229394e+01,1.361348113617711908e-01,9.906192521203895929e-01,-1.186635849512822360e-02,4.579577202997713314e+00,-2.576273362368690020e-02,1.551372658853364048e-02,9.995477006344275495e-01,-1.124550711557648075e-01,0.000000000000000000e+00,0.000000000000000000e+00,0.000000000000000000e+00,1.000000000000000056e-01
9.906001033062101779e-01,-1.346948228079422882e-01,2.384827118393840692e-02,4.279020505624595927e+01,1.349706427491104976e-01,9.907955063958686637e-01,-1.035326526493783074e-02,4.699035687930389393e+00,-2.223422869401183236e-02,1.347476213115527018e-02,9.996619778004418588e-01,-1.190225677802123905e-01,0.000000000000000000e+00,0.000000000000000000e+00,0.000000000000000000e+00,1.000000000000000056e-01
9.908696537839790652e-01,-1.328620633629153391e-01,2.291290747517891677e-02,4.382494142369878176e+01,1.331305557000245776e-01,9.910416790203836479e-01,-1.061346236916144332e-02,4.844034386152847205e+00,-2.129751978564856443e-02,1.356696588805410449e-02,9.996811257033776377e-01,-1.250892190768215506e-01,0.000000000000000000e+00,0.000000000000000000e+00,0.000000000000000000e+00,1.000000000000000056e-01
9.907564679504937688e-01,-1.332141931571615423e-01,2.560468620679845833e-02,4.481050821367356463e+01,1.335658312025874705e-01,9.909605443847272488e-01,-1.254464857566316496e-02,4.978326514549977766e+00,-2.370210854384201607e-02,1.584860291039669189e-02,9.995934332699292213e-01,-1.279870001827862203e-01,0.000000000000000000e+00,0.000000000000000000e+00,0.000000000000000000e+00,1.000000000000000056e-01
9.905181015653032883e-01,-1.351431383123991026e-01,2.470268484483675864e-02,4.576863341120184003e+01,1.354536460016356192e-01,9.907186314016885875e-01,-1.135355355951124176e-02,5.111366929889500810e+00,-2.293905526239364834e-02,1.459196904604955283e-02,9.996303687778937963e-01,-1.389333451015434262e-01,0.000000000000000000e+00,0.000000000000000000e+00,0.000000000000000000e+00,1.000000000000000056e-01
9.900017751181060532e-01,-1.395044182112380182e-01,2.085671504678869928e-02,4.667326385876454964e+01,1.397742379403283663e-01,9.901096354063534388e-01,-1.208603672418146098e-02,5.243377473750868489e+00,-1.896437900906357624e-02,1.488042926268573658e-02,9.997094203586154304e-01,-1.378676138179005528e-01,0.000000000000000000e+00,0.000000000000000000e+00,0.000000000000000000e+00,1.000000000000000056e-01
9.902992740321222565e-01,-1.375564314321939818e-01,1.963608981166501885e-02,4.762705702300116428e+01,1.377972489933275702e-01,9.903939003514222739e-01,-1.148217386072336067e-02,5.377836767971489351e+00,-1.786801671486061907e-02,1.407658759561830099e-02,9.997412583565511435e-01,-1.497573420778886277e-01,0.000000000000000000e+00,0.000000000000000000e+00,0.000000000000000000e+00,1.000000000000000056e-01
9.902964199586110627e-01,-1.376027097963898049e-01,1.945494471461453601e-02,4.856589962333858779e+01,1.378216243301662869e-01,9.904025411179039340e-01,-1.039261344384217155e-02,5.517101227919230411e+00,-1.783817491092349466e-02,1.297307996927239172e-02,9.997567197633423497e-01,-1.516378151447222433e-01,0.000000000000000000e+00,0.000000000000000000e+00,0.000000000000000000e+00,1.000000000000000056e-01
9.906662327458009010e-01,-1.344248258859409295e-01,2.259162417306750936e-02,4.952404664044122029e+01,1.347294913024546237e-01,9.908029861832667873e-01,-1.254618442806832226e-02,5.660972621105264224e+00,-2.069733003612937716e-02,1.547283929522209889e-02,9.996660501255005826e-01,-1.643353238545910977e-01,0.000000000000000000e+00,0.000000000000000000e+00,0.000000000000000000e+00,1.000000000000000056e-01
9.909230756182557665e-01,-1.320857891833535636e-01,2.499604974925324213e-02,5.050896142922103849e+01,1.324889776875611824e-01,9.910676194785202897e-01,-1.521986900350433790e-02,5.801782755349797149e+00,-2.276244711276394217e-02,1.839342048096545904e-02,9.995716848152758072e-01,-1.572423269070482577e-01,0.000000000000000000e+00,0.000000000000000000e+00,0.000000000000000000e+00,1.000000000000000056e-01
9.910540167797932121e-01,-1.311277283110228731e-01,2.484863562910529303e-02,5.142456968351113034e+01,1.315194263277969511e-01,9.912025300557085750e-01,-1.483862896528389749e-02,5.941176692503468360e+00,-2.268427479653377030e-02,1.797396114251797669e-02,9.995810924571365552e-01,-1.674070713066836413e-01,0.000000000000000000e+00,0.000000000000000000e+00,0.000000000000000000e+00,1.000000000000000056e-01
9.909725812849531357e-01,-1.316940565317906431e-01,2.510017162567609525e-02,5.235876636776481519e+01,1.321611589968896550e-01,9.910656427509638711e-01,-1.795326742455544133e-02,6.074849051049507231e+00,-2.251157911022043032e-02,2.110846353528096631e-02,9.995237173639973660e-01,-1.689596498553593007e-01,0.000000000000000000e+00,0.000000000000000000e+00,0.000000000000000000e+00,1.000000000000000056e-01
9.911445943349566079e-01,-1.309246097252771690e-01,2.216167161741715297e-02,5.332312774652793053e+01,1.313902676191852359e-01,9.911072876431631373e-01,-2.104618624765778809e-02,6.209727500128924937e+00,-1.920913052569669932e-02,2.377164169543366165e-02,9.995328500632436608e-01,-1.600590303744661991e-01,0.000000000000000000e+00,0.000000000000000000e+00,0.000000000000000000e+00,1.000000000000000056e-01
9.908238111236412626e-01,-1.330157348222432145e-01,2.397894076312848122e-02,5.425579326182158013e+01,1.336014373570364455e-01,9.907262203051356853e-01,-2.474292496924410459e-02,6.344286869659126360e+00,-2.046536700273939025e-02,2.771950016862594415e-02,9.994062227462088277e-01,-1.741055272510111385e-01,0.000000000000000000e+00,0.000000000000000000e+00,0.000000000000000000e+00,1.000000000000000056e-01
9.907185372588315220e-01,-1.329602264247259358e-01,2.825523174222405870e-02,5.519180190276917131e+01,1.336970902145718787e-01,9.906807383348085194e-01,-2.601466433678066223e-02,6.469011351050179215e+00,-2.453299818362604523e-02,2.955085246628859699e-02,9.992621673608171884e-01,-1.761190855206425654e-01,0.000000000000000000e+00,0.000000000000000000e+00,0.000000000000000000e+00,1.000000000000000056e-01
9.903088674593877316e-01,-1.347784293765924846e-01,3.351301248893704537e-02,5.613004997245411687e+01,1.356140663849294825e-01,9.904699107174609329e-01,-2.404539377695781577e-02,6.604812749622829493e+00,-2.995283008079056147e-02,2.835720257930778726e-02,9.991489864039433400e-01,-1.693590692812630971e-01,0.000000000000000000e+00,0.000000000000000000e+00,0.000000000000000000e+00,1.000000000000000056e-01
9.902457583934088925e-01,-1.349919120324444000e-01,3.450393701720530504e-02,5.707975761002074222e+01,1.357625026388144251e-01,9.905177317576039364e-01,-2.105150709610183191e-02,6.744929957059411230e+00,-3.133497823692206474e-02,2.553050645005140729e-02,9.991828222999510345e-01,-1.881099516961787788e-01,0.000000000000000000e+00,0.000000000000000000e+00,0.000000000000000000e+00,1.000000000000000056e-01
9.903668416298233579e-01,-1.353690143332639817e-01,2.913329639105506977e-02,5.795921036426466344e+01,1.360589497019725758e-01,9.904299842432079393e-01,-2.316049477008361862e-02,6.864739374555516527e+00,-2.571927693704844156e-02,2.690123176435497282e-02,9.993071812627966066e-01,-1.909234501148860674e-01,0.000000000000000000e+00,0.000000000000000000e+00,0.000000000000000000e+00,1.000000000000000056e-01
9.904311646070572683e-01,-1.359654978242554602e-01,2.365357428615602609e-02,5.886948431828579942e+01,1.365059603797929844e-01,9.903730361889002687e-01,-2.296458078802417896e-02,6.985558869036584184e+00,-2.030347152333100008e-02,2.597369036894214139e-02,9.994564204870163282e-01,-1.981659327087264000e-01,0.000000000000000000e+00,0.000000000000000000e+00,0.000000000000000000e+00,1.000000000000000056e-01
9.906313847826544450e-01,-1.350379526906710093e-01,2.035216982811907660e-02,5.982041413326850687e+01,1.354948124807822951e-01,9.905100743536893182e-01,-2.304231747560409743e-02,7.128802971464005545e+00,-1.704744187255508719e-02,2.558405630389727625e-02,9.995273086757764380e-01,-2.025460598255523770e-01,0.000000000000000000e+00,0.000000000000000000e+00,0.000000000000000000e+00,1.000000000000000056e-01
9.903848562252564047e-01,-1.372425441680029390e-01,1.738736984054599366e-02,6.073101187813734470e+01,1.375840442633022020e-01,9.902829471376046744e-01,-2.025624280595409235e-02,7.262275540443426713e+00,-1.443839755069344609e-02,2.245370078080281481e-02,9.996436184948185311e-01,-2.125429152846597114e-01,0.000000000000000000e+00,0.000000000000000000e+00,0.000000000000000000e+00,1.000000000000000056e-01
9.900208091890252415e-01,-1.396025873597561973e-01,1.923317381945170712e-02,6.165671958021423649e+01,1.399407886193090034e-01,9.900047688968408588e-01,-1.752521732015154335e-02,7.408291522461641243e+00,-1.659436812034388586e-02,2.004183534445627343e-02,9.996614185726646618e-01,-2.062206503201675367e-01,0.000000000000000000e+00,0.000000000000000000e+00,0.000000000000000000e+00,1.000000000000000056e-01
9.896560200573235599e-01,-1.419938008676139840e-01,2.046270948498095724e-02,6.252421545327391783e+01,1.423285259749345610e-01,9.896910252106637662e-01,-1.594569883284091896e-02,7.549473193955296146e+00,-1.798756954401342298e-02,1.869318412239270519e-02,9.996634494715036512e-01,-2.066499621317076651e-01,0.000000000000000000e+00,0.000000000000000000e+00,0.000000000000000000e+00,1.000000000000000056e-01
9.895385015116341387e-01,-1.427862021179522045e-01,2.063139624070163200e-02,6.332763518786160972e+01,1.431097829647194064e-01,9.895907306449790442e-01,-1.515835879399503490e-02,7.674853569286324451e+00,-1.825223399752618977e-02,1.795233428465148676e-02,9.996722311076924328e-01,-2.060944550294926403e-01,0.000000000000000000e+00,0.000000000000000000e+00,0.000000000000000000e+00,1.000000000000000056e-01
9.892556584861303959e-01,-1.445248413920478259e-01,2.204115182507554796e-02,6.413233236116246871e+01,1.448644296101467555e-01,9.893427495520888959e-01,-1.467041043868753079e-02,7.798738096249931750e+00,-1.968601500810772745e-02,1.770576542587584679e-02,9.996494218893864359e-01,-2.097210403016779856e-01,0.000000000000000000e+00,0.000000000000000000e+00,0.000000000000000000e+00,1.000000000000000056e-01
9.893053282324176800e-01,-1.439346902445017007e-01,2.361720718390871582e-02,6.492399471825896740e+01,1.443210013999407793e-01,9.894087001051072860e-01,-1.555225743229136232e-02,7.927855804149871233e+00,-2.112856090382451285e-02,1.879439013485964538e-02,9.996000974457696087e-01,-2.018139714475576663e-01,0.000000000000000000e+00,0.000000000000000000e+00,0.000000000000000000e+00,1.000000000000000056e-01
9.892600013739063503e-01,-1.440728764356191960e-01,2.465067863701911333e-02,6.572059552859067821e+01,1.445040352733542866e-01,9.893632901374962429e-01,-1.669921908430250720e-02,8.053776053401184853e+00,-2.198257199273927209e-02,2.008199202955619420e-02,9.995566417790984204e-01,-2.038874449830998525e-01,0.000000000000000000e+00,0.000000000000000000e+00,0.000000000000000000e+00,1.000000000000000056e-01
9.891612054794621800e-01,-1.446435070103052611e-01,2.526589507967268167e-02,6.646011600289945420e+01,1.451055889167030544e-01,9.892610667895942456e-01,-1.751884127020916782e-02,8.165118891364324227e+00,-2.246057967983103310e-02,2.099518073448698730e-02,9.995272506272013802e-01,-2.058597817585148260e-01,0.000000000000000000e+00,0.000000000000000000e+00,0.000000000000000000e+00,1.000000000000000056e-01
9.888044358078941221e-01,-1.467353999158810540e-01,2.710184750452543020e-02,6.723606726012582158e+01,1.472075600149735652e-01,9.889708863280181061e-01,-1.632544853939221080e-02,8.296089294984128060e+00,-2.440741692744344618e-02,2.013227277534361537e-02,9.994993594754471022e-01,-2.133488793560967822e-01,0.000000000000000000e+00,0.000000000000000000e+00,0.000000000000000000e+00,1.000000000000000056e-01
9.889837170712457715e-01,-1.450605404527834374e-01,2.947281750169953099e-02,6.797555881367159714e+01,1.455532764501164533e-01,9.892319082733125324e-01,-1.531258856550623756e-02,8.420214619846531079e+00,-2.693419912635386729e-02,1.943376591108571597e-02,9.994482866361495965e-01,-2.144393542369663619e-01,0.000000000000000000e+00,0.000000000000000000e+00,0.000000000000000000e+00,1.000000000000000056e-01
9.886689113701893072e-01,-1.469232975882225622e-01,3.077869906099576017e-02,6.868577836830235128e+01,1.473709257341462020e-01,9.889983924684420113e-01,-1.280585581280043773e-02,8.533952632982087394e+00,-2.855860532913880381e-02,1.719663689911666085e-02,9.994441864061316405e-01,-2.092744290105767735e-01,0.000000000000000000e+00,0.000000000000000000e+00,0.000000000000000000e+00,1.000000000000000056e-01
9.882665835634715235e-01,-1.501278821135926811e-01,2.812078988704202684e-02,6.934892609408601061e+01,1.505028014777103906e-01,9.885401633004819999e-01,-1.171547221486936123e-02,8.646233847427897246e+00,-2.603971119549608818e-02,1.581026735838761410e-02,9.995358767382547249e-01,-2.121622117367447935e-01,0.000000000000000000e+00,0.000000000000000000e+00,0.000000000000000000e+00,1.000000000000000056e-01
9.886345504733908829e-01,-1.486840875312493704e-01,2.224337486255431942e-02,7.004348052022794491e+01,1.489852438856368033e-01,9.887598008099560687e-01,-1.254804393494813805e-02,8.765533911103496223e+00,-2.012766043567059890e-02,1.571936440368510920e-02,9.996738362426669244e-01,-2.183825370202656935e-01,0.000000000000000000e+00,0.000000000000000000e+00,0.000000000000000000e+00,1.000000000000000056e-01
9.889639862973412798e-01,-1.471724720680339937e-01,1.704398052849941461e-02,7.079509767668668019e+01,1.474288863203052358e-01,9.889602641049264342e-01,-1.491038228445934824e-02,8.882768595120554167e+00,-1.466142166458070037e-02,1.725860616903781078e-02,9.997435587328760143e-01,-2.160201024182305252e-01,0.000000000000000000e+00,0.000000000000000000e+00,0.000000000000000000e+00,1.000000000000000056e-01
9.888083825839226737e-01,-1.481556804984949793e-01,1.754642036982887593e-02,7.151303313091052871e+01,1.483938149530853456e-01,9.888409872237163833e-01,-1.314449200598913868e-02,9.006105759766452223e+00,-1.540318848278956348e-02,1.560116413777885326e-02,9.997596438455144119e-01,-2.153122849766024860e-01,0.000000000000000000e+00,0.000000000000000000e+00,0.000000000000000000e+00,1.000000000000000056e-01
9.889823402960212784e-01,-1.466205925671316690e-01,2.040422549051873827e-02,7.218289536441915288e+01,1.468644426510986034e-01,9.890953857784451353e-01,-1.100696672889384803e-02,9.123633941472537146e+00,-1.856787729889789948e-02,1.388235091949425321e-02,9.997312210117083042e-01,-2.152465299130695842e-01,0.000000000000000000e+00,0.000000000000000000e+00,0.000000000000000000e+00,1.000000000000000056e-01
9.888271213281432104e-01,-1.473370409999309183e-01,2.264333180612464885e-02,7.280452855064935136e+01,1.476217966817882365e-01,9.889775293794558220e-01,-1.145650587868308513e-02,9.223777148439889828e+00,-2.070577867017692891e-02,1.467115305257914691e-02,9.996779621446946207e-01,-2.116412310050003742e-01,0.000000000000000000e+00,0.000000000000000000e+00,0.000000000000000000e+00,1.000000000000000056e-01
9.888939658398913091e-01,-1.473050544273126483e-01,1.974703181793271978e-02,7.338285505802019770e+01,1.476039636824245382e-01,9.889382061628445575e-01,-1.463879423492951172e-02,9.291402532384537949e+00,-1.737222584154047428e-02,1.739095545338340335e-02,9.996978345668899868e-01,-2.105812963279636574e-01,0.000000000000000000e+00,0.000000000000000000e+00,0.000000000000000000e+00,1.000000000000000056e-01
9.889891636554737353e-01,-1.470833793691197766e-01,1.633749324119924268e-02,7.402777333132728188e+01,1.474214094605791614e-01,9.888317327765994147e-01,-2.187995170662178357e-02,9.369569846561089932e+00,-1.293685451347795917e-02,2.404753141982431119e-02,9.996271074895426434e-01,-1.999241524086990685e-01,0.000000000000000000e+00,0.000000000000000000e+00,0.000000000000000000e+00,1.000000000000000056e-01
9.893702301708419133e-01,-1.449203604600069473e-01,1.202650305936414296e-02,7.464788914631955663e+01,1.451840096276867387e-01,9.890858245848933583e-01,-2.511642796357357529e-02,9.456594811743039841e+00,-8.255361901395044666e-03,2.659550205134828330e-02,9.996121889365463531e-01,-2.005206652638371057e-01,0.000000000000000000e+00,0.000000000000000000e+00,0.000000000000000000e+00,1.000000000000000056e-01
9.899275456282521368e-01,-1.411422474302468644e-01,1.105985518728201319e-02,7.523896864915037952e+01,1.413608390963702888e-01,9.897043776716175634e-01,-2.241334396305872528e-02,9.537899073807759365e+00,-7.782517355893889960e-03,2.375101698823105928e-02,9.996876120146882538e-01,-1.978791450483953218e-01,0.000000000000000000e+00,0.000000000000000000e+00,0.000000000000000000e+00,1.000000000000000056e-01
9.906374831704805040e-01,-1.358585512678324447e-01,1.341010757084542052e-02,7.581509006686897578e+01,1.360961725697546754e-01,9.905178937157921304e-01,-1.876523489579588408e-02,9.635167433133732473e+00,-1.073353387843260093e-02,2.041460938241486042e-02,9.997339821043615959e-01,-2.004177753478064983e-01,0.000000000000000000e+00,0.000000000000000000e+00,0.000000000000000000e+00,1.000000000000000056e-01
9.915509722753026445e-01,-1.285717415138193931e-01,1.720397233215448934e-02,7.636710220314455455e+01,1.289010467919896596e-01,9.914630175012486557e-01,-1.963682925647875291e-02,9.686974165663317038e+00,-1.453236098613089160e-02,2.168852718426075507e-02,9.996591510473689102e-01,-1.954438439851889642e-01,0.000000000000000000e+00,0.000000000000000000e+00,0.000000000000000000e+00,1.000000000000000056e-01
9.925749629424089893e-01,-1.196582660620013200e-01,2.183671914255244303e-02,7.694499760280277201e+01,1.201473876783754474e-01,9.924974821129092240e-01,-2.265729978610900308e-02,9.755390678970126572e+00,-1.896175556053731129e-02,2.511269325601624136e-02,9.995047796101285131e-01,-1.917872709704046552e-01,0.000000000000000000e+00,0.000000000000000000e+00,0.000000000000000000e+00,1.000000000000000056e-01
9.937009322249230614e-01,-1.091614984393626669e-01,2.534214974685223068e-02,7.747809573839440134e+01,1.097978796350268932e-01,9.936332971605572606e-01,-2.524473017268907479e-02,9.811942935948344768e+00,-2.242505123675323300e-02,2.786822621396548363e-02,9.993600347445940058e-01,-1.839069172485637838e-01,0.000000000000000000e+00,0.000000000000000000e+00,0.000000000000000000e+00,1.000000000000000056e-01
9.949696013515779702e-01,-9.700195152263318965e-02,2.502226582631381438e-02,7.796174249153627045e+01,9.757128326120689810e-02,9.949711628239352734e-01,-2.263249503584262995e-02,9.864218301206376438e+00,-2.270103673939402947e-02,2.496009915018038844e-02,9.994306661201515229e-01,-1.806106278624056427e-01,0.000000000000000000e+00,0.000000000000000000e+00,0.000000000000000000e+00,1.000000000000000056e-01
9.964920374346326604e-01,-8.010330239067312008e-02,2.422973948442344941e-02,7.845456836588829219e+01,8.057948092174177512e-02,9.965601832993070675e-01,-1.935841720890531942e-02,9.918741982839145876e+00,-2.259572047440173634e-02,2.124292843653558666e-02,9.995189700089153195e-01,-1.862264366151412109e-01,0.000000000000000000e+00,0.000000000000000000e+00,0.000000000000000000e+00,1.000000000000000056e-01
9.978491109402599646e-01,-6.047125181328005111e-02,2.530572069449374406e-02,7.894074926853443230e+01,6.084655349415474951e-02,9.980442248509010517e-01,-1.433255628445580590e-02,9.945956694837672529e+00,-2.438952077462407803e-02,1.584149443389111164e-02,9.995770097048476410e-01,-1.890607848181883321e-01,0.000000000000000000e+00,0.000000000000000000e+00,0.000000000000000000e+00,1.000000000000000056e-01
9.989128177965886923e-01,-3.882006704091520849e-02,2.581055668942517853e-02,7.941815897321538387e+01,3.920284217415234002e-02,9.991261606754431313e-01,-1.449317837525768496e-02,9.966054247278862022e+00,-2.522537625383780915e-02,1.548926882997978677e-02,9.995617854559891713e-01,-1.899157457660032022e-01,0.000000000000000000e+00,0.000000000000000000e+00,0.000000000000000000e+00,1.000000000000000056e-01
9.995501478150663477e-01,-1.245248349205973354e-02,2.728438487045139332e-02,7.990750381433386451e+01,1.291299311163990327e-02,9.997760284567061007e-01,-1.676745455441357863e-02,9.985306369007187044e+00,-2.706947749362143690e-02,1.711223475223397350e-02,9.994870758594164295e-01,-1.874584926854806766e-01,0.000000000000000000e+00,0.000000000000000000e+00,0.000000000000000000e+00,1.000000000000000056e-01
9.994341692333286176e-01,1.635640895865581382e-02,2.939063209363642834e-02,8.038808763169078020e+01,-1.584465271880884304e-02,9.997202300099777839e-01,-1.756156852383892325e-02,9.979957118399251925e+00,-2.966965367352021252e-02,1.708594728934718227e-02,9.994137191654510755e-01,-1.947961675346677191e-01,0.000000000000000000e+00,0.000000000000000000e+00,0.000000000000000000e+00,1.000000000000000056e-01
9.983134817245555848e-01,4.887612347057569695e-02,3.132597582653051660e-02,8.086440280270061010e+01,-4.830458741384882626e-02,9.986566598688265683e-01,-1.874946757688798760e-02,9.943920996305756432e+00,-3.220029567835010209e-02,1.720465791952795892e-02,9.993333481396979856e-01,-2.038817419227218763e-01,0.000000000000000000e+00,0.000000000000000000e+00,0.000000000000000000e+00,1.000000000000000056e-01
