9.999999999999998890e-01,-4.833346384531616411e-09,1.145395761095319736e-08,7.417233136723495670e-15,4.833346403649676117e-09,1.000000000000000000e+00,-1.669122581955531934e-09,6.453253059707725391e-15,-1.145395760288575117e-08,1.669122637316476679e-09,9.999999999999998890e-01,-2.186303084897848788e-14,0.000000000000000000e+00,0.000000000000000000e+00,0.000000000000000000e+00,1.000000000000000056e-01
9.998551891601960007e-01,-1.259965763695003460e-02,1.143893949894050389e-02,6.525704263238755187e-01,1.263271033335622295e-02,9.999162224014037648e-01,-2.821844811467292234e-03,4.386094201274193596e-03,-1.140242689352970358e-02,2.965940986961249082e-03,9.999305915187312044e-01,2.971252231717834338e-03,0.000000000000000000e+00,0.000000000000000000e+00,0.000000000000000000e+00,1.000000000000000056e-01
9.995363692637759812e-01,-1.941759319857735977e-02,2.345215540974799479e-02,1.337057621348990200e+00,1.950264044447079514e-02,9.998040136451724624e-01,-3.403133070796382238e-03,-1.147627084289262875e-03,-2.338147845372703926e-02,3.858934228309466880e-03,9.997191681126952334e-01,-1.279001915935720768e-02,0.000000000000000000e+00,0.000000000000000000e+00,0.000000000000000000e+00,1.000000000000000056e-01
9.990717417021692803e-01,-2.743914865422363708e-02,3.320765052402044337e-02,2.068782423318197061e+00,2.766228704632872626e-02,9.995976067330751835e-01,-6.278733062887072169e-03,2.107495306619239575e-02,-3.302200489916642945e-02,7.191504337751205081e-03,9.994287515665133403e-01,-3.684215749307899468e-02,0.000000000000000000e+00,0.000000000000000000e+00,0.000000000000000000e+00,1.000000000000000056e-01
9.983392876690585505e-01,-3.656471846693811617e-02,4.451615504365093179e-02,2.800725781343399223e+00,3.696080741875019254e-02,9.992838308675436876e-01,-8.107039018066567251e-03,7.129716794329250817e-02,-4.418784234821694634e-02,9.738928591993446446e-03,9.989757694050888093e-01,-7.871298994699883755e-02,0.000000000000000000e+00,0.000000000000000000e+00,0.000000000000000000e+00,1.000000000000000056e-01
9.975174483417549309e-01,-4.590700128008993325e-02,5.339932103710735845e-02,3.551547123418533847e+00,4.644726349897119327e-02,9.988809154189245421e-01,-8.920119130838760624e-03,9.932049814422555523e-02,-5.293006675993686128e-02,1.137822680917543322e-02,9.985333965308659243e-01,-1.150114410100087220e-01,0.000000000000000000e+00,0.000000000000000000e+00,0.000000000000000000e+00,1.000000000000000056e-01
9.964129904435857776e-01,-5.539428504055258357e-02,6.397363253807450412e-02,4.309988118042289429e+00,5.612445009353032171e-02,9.983769318051093355e-01,-9.672028800358105360e-03,1.564112192037012683e-01,-6.333402384950284625e-02,1.322782008730631620e-02,9.979047179960461866e-01,-1.486990816595864795e-01,0.000000000000000000e+00,0.000000000000000000e+00,0.000000000000000000e+00,1.000000000000000056e-01
9.949998774064636731e-01,-6.544349559538772954e-02,7.544794792026369989e-02,5.113712245681862889e+00,6.624299655920870555e-02,9.977703117368357244e-01,-8.140664802975278863e-03,2.266460607594600607e-01,-7.474696895512901451e-02,1.309785863544890225e-02,9.971165111115083413e-01,-2.020566450668636049e-01,0.000000000000000000e+00,0.000000000000000000e+00,0.000000000000000000e+00,1.000000000000000056e-01
9.936637226757961683e-01,-7.045949381029897873e-02,8.756635181435218351e-02,5.888304471749511215e+00,7.128733473437898205e-02,9.974355513195736211e-01,-6.358999157638766352e-03,2.967199144982112236e-01,-8.689374053720477775e-02,1.256107860872970536e-02,9.961383925738622747e-01,-2.542697674971554633e-01,0.000000000000000000e+00,0.000000000000000000e+00,0.000000000000000000e+00,1.000000000000000056e-01
9.918751499659255177e-01,-7.935391853813755780e-02,9.943159705403190052e-02,6.691678075931899450e+00,8.057566750908454201e-02,9.967137203288350955e-01,-8.325954222675466601e-03,3.596155244315836219e-01,-9.844413992482331510e-02,1.627007439734860089e-02,9.950095657799308269e-01,-3.228852252516450361e-01,0.000000000000000000e+00,0.000000000000000000e+00,0.000000000000000000e+00,1.000000000000000056e-01
9.899949312560079040e-01,-8.747275805065703180e-02,1.107183484632221354e-01,7.523312933732812624e+00,8.927764911897202726e-02,9.959410670953534606e-01,-1.144081468944981722e-02,4.307149482714263677e-01,-1.092681905002639980e-01,2.121102241712621850e-02,9.937859704548148709e-01,-3.988931832047699078e-01,0.000000000000000000e+00,0.000000000000000000e+00,0.000000000000000000e+00,1.000000000000000056e-01
9.880895238847566819e-01,-9.441716342240603910e-02,1.215092261536613177e-01,8.361406050020628200e+00,9.659570141436647772e-02,9.952495177271225568e-01,-1.215186949389090998e-02,5.254289133945342360e-01,-1.197846536809348411e-01,2.374440387115816370e-02,9.925159142438683135e-01,-4.936534872030676202e-01,0.000000000000000000e+00,0.000000000000000000e+00,0.000000000000000000e+00,1.000000000000000056e-01
9.862413852160760719e-01,-1.015388306019404524e-01,1.304522746718734250e-01,9.209350869919557425e+00,1.040647932892709987e-01,9.944897307159658029e-01,-1.267652547613237410e-02,6.413889470152446259e-01,-1.284462879367744281e-01,2.607760304315137959e-02,9.913735470219018353e-01,-5.927305605120073428e-01,0.000000000000000000e+00,0.000000000000000000e+00,0.000000000000000000e+00,1.000000000000000056e-01
9.843277696995573756e-01,-1.070172454099411752e-01,1.401647280280009789e-01,9.989539466379632415e+00,1.103309420989329048e-01,9.937650547668794854e-01,-1.606546419319570401e-02,7.465430312724499196e-01,-1.375715269009433472e-01,3.127818903084647606e-02,9.899978534709525935e-01,-6.865209768859251716e-01,0.000000000000000000e+00,0.000000000000000000e+00,0.000000000000000000e+00,1.000000000000000056e-01
9.819286705715402075e-01,-1.147840828503248617e-01,1.504682698571941646e-01,1.081737032773076912e+01,1.185918760887924445e-01,9.928051173079183167e-01,-1.655191750073223278e-02,8.574544647460098368e-01,-1.474857716369553928e-01,3.409711676110316336e-02,9.884762687051377172e-01,-8.084129345969915947e-01,0.000000000000000000e+00,0.000000000000000000e+00,0.000000000000000000e+00,1.000000000000000056e-01
9.798692322191175919e-01,-1.201236067652212136e-01,1.594572257629976175e-01,1.162318191363306497e+01,1.245060302500633209e-01,9.920601367229013867e-01,-1.774636742289941241e-02,9.722596594533312597e-01,-1.560593995300744441e-01,3.724250559579375675e-02,9.870453179035194591e-01,-9.076112708930067496e-01,0.000000000000000000e+00,0.000000000000000000e+00,0.000000000000000000e+00,1.000000000000000056e-01
9.778531914286395788e-01,-1.259814199368757826e-01,1.671281479688953853e-01,1.248489514019921032e+01,1.304068339586128555e-01,9.913357853045815515e-01,-1.572954008988668162e-02,1.112005613584511554e+00,-1.636984840177672929e-01,3.717583361859063545e-02,9.858096995490801540e-01,-1.041807356842886945e+00,0.000000000000000000e+00,0.000000000000000000e+00,0.000000000000000000e+00,1.000000000000000056e-01
9.757402421164170780e-01,-1.337269138896521325e-01,1.733438560092205871e-01,1.338727994102836760e+01,1.384056720038240873e-01,9.902599653726056328e-01,-1.513508960712659467e-02,1.246457525117164788e+00,-1.696315120246403296e-01,3.875968887640166699e-02,9.847450617527557792e-01,-1.191684269406292129e+00,0.000000000000000000e+00,0.000000000000000000e+00,0.000000000000000000e+00,1.000000000000000056e-01
9.747069716556264751e-01,-1.324683145342183954e-01,1.799957362005585315e-01,1.425471497778657692e+01,1.369262415318278914e-01,9.905021739595153418e-01,-1.251590034481958429e-02,1.384816282946927268e+00,-1.766282077865401479e-01,3.684547497233955221e-02,9.835877628296203490e-01,-1.333274352284831377e+00,0.000000000000000000e+00,0.000000000000000000e+00,0.000000000000000000e+00,1.000000000000000056e-01
9.698690128960170131e-01,-1.541117400986091179e-01,1.886893462490250306e-01,1.522439401562754924e+01,1.590310263394915102e-01,9.872109448763596307e-01,-1.112128489578709592e-02,1.628150718165497279e+00,-1.845622672311804380e-01,4.079364999732253139e-02,9.819738528262258459e-01,-1.505833433489575546e+00,0.000000000000000000e+00,0.000000000000000000e+00,0.000000000000000000e+00,1.000000000000000056e-01
9.680285664925917244e-01,-1.563217598430071964e-01,1.961739071688259062e-01,1.614526704519351696e+01,1.617307623743956813e-01,9.867648360461440671e-01,-1.176090322310300446e-02,1.800860766375504518e+00,-1.917390282547992431e-01,4.311224585209664367e-02,9.804985870981628437e-01,-1.677219537612956834e+00,0.000000000000000000e+00,0.000000000000000000e+00,0.000000000000000000e+00,1.000000000000000056e-01
9.645817159079326242e-01,-1.641913091712939865e-01,2.064541773099419775e-01,1.702540062108188224e+01,1.709194399257010222e-01,9.851698876041251607e-01,-1.506112922592769618e-02,1.969774755660305798e+00,-2.009195321306345705e-01,4.981472222839310182e-02,9.783403472502373299e-01,-1.846190560951656678e+00,0.000000000000000000e+00,0.000000000000000000e+00,0.000000000000000000e+00,1.000000000000000056e-01
9.616804927135528258e-01,-1.712928859122806458e-01,2.140779698382362095e-01,1.785062897993130093e+01,1.789024706238269702e-01,9.837277270081993263e-01,-1.654282684344972332e-02,2.117207402414593709e+00,-2.077607661203363099e-01,5.420799157987728212e-02,9.766764856952208085e-01,-2.009469748638984754e+00,0.000000000000000000e+00,0.000000000000000000e+00,0.000000000000000000e+00,1.000000000000000056e-01
9.589873727530462411e-01,-1.762234973786820924e-01,2.220101301108475811e-01,1.872081289666059689e+01,1.853627951402794238e-01,9.824488307733506565e-01,-2.085495360481584917e-02,2.271359822323867128e+00,-2.144384598853308344e-01,6.115205543317284165e-02,9.748213031311458998e-01,-2.195575408724135258e+00,0.000000000000000000e+00,0.000000000000000000e+00,0.000000000000000000e+00,1.000000000000000056e-01
9.554602329122797721e-01,-1.823989243036794050e-01,2.320051200643486744e-01,1.961845963394824466e+01,1.925258928793897872e-01,9.810544941721094370e-01,-2.158379104096681822e-02,2.454002122932107621e+00,-2.236728054418013756e-01,6.528944690811087914e-02,9.724750712631285987e-01,-2.390339824423609816e+00,0.000000000000000000e+00,0.000000000000000000e+00,0.000000000000000000e+00,1.000000000000000056e-01
9.524356426558229227e-01,-1.861752426682424244e-01,2.412573845837898134e-01,2.051133050406181724e+01,1.974295930948041233e-01,9.800442873801139543e-01,-2.312467392256070675e-02,2.622110414962922853e+00,-2.321376797704536310e-01,6.965611093813474375e-02,9.701856130863643068e-01,-2.597456298258838281e+00,0.000000000000000000e+00,0.000000000000000000e+00,0.000000000000000000e+00,1.000000000000000056e-01
9.502149393822429957e-01,-1.856800931460741433e-01,2.502288392333415490e-01,2.138670870072520103e+01,1.988629903525436782e-01,9.796203267019617522e-01,-2.824051310415233440e-02,2.822212183369816163e+00,-2.398855561363467948e-01,7.659581268977375124e-02,9.677747679266848202e-01,-2.802959824163309133e+00,0.000000000000000000e+00,0.000000000000000000e+00,0.000000000000000000e+00,1.000000000000000056e-01
9.470298385431326071e-01,-1.882390040750863691e-01,2.601933170813345297e-01,2.228532199180208551e+01,2.028374931329189335e-01,9.787469618563685581e-01,-3.018834272498737217e-02,3.041311893662313803e+00,-2.489807950194579123e-01,8.136622150344613447e-02,9.650845049578460344e-01,-3.022803809980487255e+00,0.000000000000000000e+00,0.000000000000000000e+00,0.000000000000000000e+00,1.000000000000000056e-01
9.451880470201536877e-01,-1.854081347804943658e-01,2.687812852998620050e-01,2.319662941062710360e+01,2.007291122225236257e-01,9.791739522205585855e-01,-3.043344868937535377e-02,3.252844609769713013e+00,-2.575410244535524251e-01,8.271756071106886599e-02,9.627203258856776857e-01,-3.248562352824259758e+00,0.000000000000000000e+00,0.000000000000000000e+00,0.000000000000000000e+00,1.000000000000000056e-01
9.448162874799704847e-01,-1.790476466019141899e-01,2.743430756532443393e-01,2.407069973029399534e+01,1.951031686921584907e-01,9.802551502518718207e-01,-3.216510486473357633e-02,3.446939101810722494e+00,-2.631671265162973672e-01,8.391531833340204471e-02,9.610937950430015198e-01,-3.479391566314519402e+00,0.000000000000000000e+00,0.000000000000000000e+00,0.000000000000000000e+00,1.000000000000000056e-01
9.431452726638713813e-01,-1.820302046755545022e-01,2.781042956114980758e-01,2.496542714131244267e+01,1.993310585702691429e-01,9.793068257279460287e-01,-3.500385938593363055e-02,3.631050771512144060e+00,-2.659776752681467515e-01,8.844854814201315307e-02,9.599128765625151161e-01,-3.708659578927401945e+00,0.000000000000000000e+00,0.000000000000000000e+00,0.000000000000000000e+00,1.000000000000000056e-01
9.434185853434950975e-01,-1.814210881499290773e-01,2.775747856037615313e-01,2.583172144698520256e+01,1.991845558594690369e-01,9.792653222709506444e-01,-3.694511205338683879e-02,3.825496902136976018e+00,-2.651167394480110073e-01,9.014331573703569800e-02,9.599933838794871832e-01,-3.950934718100584497e+00,0.000000000000000000e+00,0.000000000000000000e+00,0.000000000000000000e+00,1.000000000000000056e-01
9.411214239959373451e-01,-1.820216048389540764e-01,2.848834861267158236e-01,2.671857890914827038e+01,2.017597280612601351e-01,9.785646780249457333e-01,-4.128175207740951425e-02,4.018628070598571966e+00,-2.712627461125198258e-01,9.632915599020884512e-02,9.576728127485444331e-01,-4.189997608702619836e+00,0.000000000000000000e+00,0.000000000000000000e+00,0.000000000000000000e+00,1.000000000000000056e-01
9.391194307127893603e-01,-1.829124823520421050e-01,2.908568697100006317e-01,2.762532182370769007e+01,2.044326905266183880e-01,9.778395367026193608e-01,-4.513441597334034300e-02,4.194626359102086255e+00,-2.761556986588077911e-01,1.018472594674031395e-01,9.557013999347522271e-01,-4.444140626593090282e+00,0.000000000000000000e+00,0.000000000000000000e+00,0.000000000000000000e+00,1.000000000000000056e-01
9.354530319153520068e-01,-1.835312467105379985e-01,3.020660632398997625e-01,2.856226357988367326e+01,2.074532548260378806e-01,9.770257840334144461e-01,-4.882380972409673670e-02,4.396199922201361687e+00,-2.861656375990284107e-01,1.083369688276695358e-01,9.520358864259130804e-01,-4.712676545853226706e+00,0.000000000000000000e+00,0.000000000000000000e+00,0.000000000000000000e+00,1.000000000000000056e-01
9.320131079121103390e-01,-1.847249947157053596e-01,3.118144368166612668e-01,2.946463749917683472e+01,2.114126096292075485e-01,9.759173224193384844e-01,-5.375954140091992323e-02,4.588176224975777373e+00,-2.943743792686063787e-01,1.160261010684731364e-01,9.486209299299015463e-01,-4.981746652236153317e+00,0.000000000000000000e+00,0.000000000000000000e+00,0.000000000000000000e+00,1.000000000000000056e-01
9.287051287511689512e-01,-1.839798451027484516e-01,3.219599360591987591e-01,3.033967231590037628e+01,2.138164892714969345e-01,9.750553276657293322e-01,-5.957866150132105909e-02,4.775187036211712588e+00,-3.029674780349971841e-01,1.241713517146601914e-01,9.448768081958979215e-01,-5.238286435012603270e+00,0.000000000000000000e+00,0.000000000000000000e+00,0.000000000000000000e+00,1.000000000000000056e-01
9.279144807064397815e-01,-1.873049857809862828e-01,3.223221351332899443e-01,3.124826924736096601e+01,2.188543197753838043e-01,9.736396628808049458e-01,-6.425413279320230098e-02,4.967374328727622412e+00,-3.017904955609972961e-01,1.301639318971924142e-01,9.444468474308709283e-01,-5.521354970088193426e+00,0.000000000000000000e+00,0.000000000000000000e+00,0.000000000000000000e+00,1.000000000000000056e-01
9.266970173599127225e-01,-1.920154777320797479e-01,3.230521541911812733e-01,3.218746454010707225e+01,2.242781910075661578e-01,9.723264115255667583e-01,-6.542661911017488841e-02,5.182013802816837433e+00,-3.015492182954803146e-01,1.330842055284376102e-01,9.441168694522141802e-01,-5.824657649628423250e+00,0.000000000000000000e+00,0.000000000000000000e+00,0.000000000000000000e+00,1.000000000000000056e-01
9.236934496410427187e-01,-1.938806375841032881e-01,3.304553062975567612e-01,3.310290853062121386e+01,2.279364758866695984e-01,9.713520796421317716e-01,-6.723169145032216465e-02,5.421349762296392427e+00,-3.079535257966632966e-01,1.374242909564653559e-01,9.414240225342226376e-01,-6.129739554108836863e+00,0.000000000000000000e+00,0.000000000000000000e+00,0.000000000000000000e+00,1.000000000000000056e-01
9.217291191729650723e-01,-1.974117837002863918e-01,3.338323209710248318e-01,3.402160081983020490e+01,2.326034857349952301e-01,9.701542447979024653e-01,-6.852999142376617336e-02,5.649568250453205209e+00,-3.103402153968445876e-01,1.408166501408229798e-01,9.401380865333333059e-01,-6.412863576086367701e+00,0.000000000000000000e+00,0.000000000000000000e+00,0.000000000000000000e+00,1.000000000000000056e-01
9.200189171241931474e-01,-2.005185373166403495e-01,3.366860679119677013e-01,3.491644580134055786e+01,2.364674582450048412e-01,9.691899999735025251e-01,-6.894842378553060758e-02,5.891027059827860235e+00,-3.124873330629161505e-01,1.430491528942319235e-01,9.390892431134906237e-01,-6.704110069055225551e+00,0.000000000000000000e+00,0.000000000000000000e+00,0.000000000000000000e+00,1.000000000000000056e-01
9.173684957888164071e-01,-2.025141878816867080e-01,3.426704636247268065e-01,3.582689347851612638e+01,2.396973961171419421e-01,9.683635293795878063e-01,-6.940629122903865800e-02,6.118303756363332901e+00,-3.177738208676515463e-01,1.458083628401645182e-01,9.368883178357197972e-01,-7.009021319808759642e+00,0.000000000000000000e+00,0.000000000000000000e+00,0.000000000000000000e+00,1.000000000000000056e-01
9.149735832673452363e-01,-2.052910323389769698e-01,3.473887360927402912e-01,3.676083553384913927e+01,2.446973436173658090e-01,9.668368385158012668e-01,-7.314190122887936907e-02,6.363810042335257044e+00,-3.208528509293929187e-01,1.519280083788616398e-01,9.348643368534887976e-01,-7.331821440559008529e+00,0.000000000000000000e+00,0.000000000000000000e+00,0.000000000000000000e+00,1.000000000000000056e-01
9.116674269636592109e-01,-2.098471129081304065e-01,3.533082107984238385e-01,3.769122906872854628e+01,2.496161635330333972e-01,9.657764739544670851e-01,-7.048101346551699509e-02,6.609173452171642538e+00,-3.264265208534856133e-01,1.524466843201217059e-01,9.328481842847152761e-01,-7.625186888309464450e+00,0.000000000000000000e+00,0.000000000000000000e+00,0.000000000000000000e+00,1.000000000000000056e-01
9.092894289175017519e-01,-2.137843332365373383e-01,3.570560086617962647e-01,3.861872012026964995e+01,2.538237223500552919e-01,9.648058476347844969e-01,-6.872549994061258327e-02,6.860525953211133121e+00,-3.297972899088857379e-01,1.531206557990601180e-01,9.315512934543218604e-01,-7.950505102872679863e+00,0.000000000000000000e+00,0.000000000000000000e+00,0.000000000000000000e+00,1.000000000000000056e-01
9.064677886466971923e-01,-2.186691543527045645e-01,3.612477668867167813e-01,3.954951451846374511e+01,2.611188277249343326e-01,9.625761395924435915e-01,-7.255434718102425629e-02,7.130896426433042556e+00,-3.318630831435197548e-01,1.600967720535976246e-01,9.296428979046178487e-01,-8.261951292681375847e+00,0.000000000000000000e+00,0.000000000000000000e+00,0.000000000000000000e+00,1.000000000000000056e-01
9.043370155891816697e-01,-2.248929264985710386e-01,3.627640195032585391e-01,4.046986115861714950e+01,2.678380400738891165e-01,9.607641488834322008e-01,-7.207658780541702226e-02,7.398031297137086071e+00,-3.323211496799894915e-01,1.623435303028812893e-01,9.290894637461817318e-01,-8.569718634069834806e+00,0.000000000000000000e+00,0.000000000000000000e+00,0.000000000000000000e+00,1.000000000000000056e-01
9.037848520418774179e-01,-2.264588626705155705e-01,3.631656987349140553e-01,4.141148912991722852e+01,2.703770515431396793e-01,9.598819886142906377e-01,-7.431566411405653161e-02,7.678535846476928661e+00,-3.317667723242943567e-01,1.653570423412666357e-01,9.287560806420964710e-01,-8.903214275558802626e+00,0.000000000000000000e+00,0.000000000000000000e+00,0.000000000000000000e+00,1.000000000000000056e-01
9.022546586308956007e-01,-2.300113819296950302e-01,3.647345543839218274e-01,4.237764577558549917e+01,2.747276417328938236e-01,9.585853485502709992e-01,-7.509229263138943178e-02,7.947186585910053225e+00,-3.323571179420245492e-01,1.679550348383383462e-01,9.280785809540719189e-01,-9.239499926422899634e+00,0.000000000000000000e+00,0.000000000000000000e+00,0.000000000000000000e+00,1.000000000000000056e-01
8.994530185079141482e-01,-2.324858070351881745e-01,3.700467768055804574e-01,4.332177071778188804e+01,2.799744914101828241e-01,9.567138695433941020e-01,-7.945348313897254711e-02,8.247217399903291835e+00,-3.355570766004068450e-01,1.750683333744363357e-01,9.256092733939552675e-01,-9.564521117046792753e+00,0.000000000000000000e+00,0.000000000000000000e+00,0.000000000000000000e+00,1.000000000000000056e-01
8.982117630916315321e-01,-2.306157420219088205e-01,3.742085089565804212e-01,4.423268802263592647e+01,2.794686468102739463e-01,9.567144752019980380e-01,-8.120768676055084567e-02,8.524485333821637312e+00,-3.392829263223499092e-01,1.775212451247731305e-01,9.237820649024818254e-01,-9.891856538430596757e+00,0.000000000000000000e+00,0.000000000000000000e+00,0.000000000000000000e+00,1.000000000000000056e-01
8.945361675102428967e-01,-2.440262405827145764e-01,3.745079958067034642e-01,4.503612435815072956e+01,2.945551620697882678e-01,9.520016306175018705e-01,-8.324753329473709440e-02,8.787995501622972938e+00,-3.362176400995752212e-01,1.847811927894305595e-01,9.234790789602046468e-01,-1.017796820832239391e+01,0.000000000000000000e+00,0.000000000000000000e+00,0.000000000000000000e+00,1.000000000000000056e-01
8.949394372136861842e-01,-2.460967828348805397e-01,3.721824514911635240e-01,4.588597306663533715e+01,2.976504511576220646e-01,9.506934650771323714e-01,-8.709847521799291004e-02,9.059234572139763131e+00,-3.323967699080643823e-01,1.887281349930553520e-01,9.240638930380995486e-01,-1.049146034395506888e+01,0.000000000000000000e+00,0.000000000000000000e+00,0.000000000000000000e+00,1.000000000000000056e-01
8.942523702045723777e-01,-2.468412786656552227e-01,3.733390972429874721e-01,4.671857774880601255e+01,2.996419919095433260e-01,9.498226172999864048e-01,-8.973111138219991290e-02,9.338877049811713960e+00,-3.324565762140759273e-01,1.921103297902221896e-01,9.233451392192988383e-01,-1.079613131749434807e+01,0.000000000000000000e+00,0.000000000000000000e+00,0.000000000000000000e+00,1.000000000000000056e-01
8.913662035800919980e-01,-2.495999083402670182e-01,3.783730657324123059e-01,4.755112958870431328e+01,3.040749183833989511e-01,9.483144066202394695e-01,-9.076469691808795870e-02,9.644905903095898125e+00,-3.361617692798266055e-01,1.959583423920334133e-01,9.211924841864610469e-01,-1.110157364845636963e+01,0.000000000000000000e+00,0.000000000000000000e+00,0.000000000000000000e+00,1.000000000000000056e-01
8.904099230587897429e-01,-2.469434188726269963e-01,3.823468540395467130e-01,4.842931358888746018e+01,3.043589102400904856e-01,9.476310707562394242e-01,-9.675229968764365029e-02,9.958188167443637440e+00,-3.384314150251195308e-01,2.025198795498391324e-01,9.189395386592166259e-01,-1.141706004786146877e+01,0.000000000000000000e+00,0.000000000000000000e+00,0.000000000000000000e+00,1.000000000000000056e-01
8.874808097594871770e-01,-2.476358715949359135e-01,3.886570305655892565e-01,4.924227458877795982e+01,3.083180831339236150e-01,9.458675347479140738e-01,-1.013635354677729361e-01,1.023471860510220033e+01,-3.425168199100124267e-01,2.097881831975288436e-01,9.157899029086378206e-01,-1.172433656132546531e+01,0.000000000000000000e+00,0.000000000000000000e+00,0.000000000000000000e+00,1.000000000000000056e-01
8.861997834536954333e-01,-2.513438056526637876e-01,3.891994799157101892e-01,5.008910467227664043e+01,3.141061022126715452e-01,9.434596586756011094e-01,-1.059303025790114816e-01,1.055533056227651656e+01,-3.405690830938505331e-01,2.161253428262270848e-01,9.150423683244726103e-01,-1.203260075650549510e+01,0.000000000000000000e+00,0.000000000000000000e+00,0.000000000000000000e+00,1.000000000000000056e-01
8.856906209324535428e-01,-2.525397849607167178e-01,3.895841128745882176e-01,5.099384881691614879e+01,3.165471691733655613e-01,9.423153507551201846e-01,-1.088102450120553982e-01,1.087664020544647947e+01,-3.396321740951726009e-01,2.196939615539075796e-01,9.145406221574504668e-01,-1.233570675243871939e+01,0.000000000000000000e+00,0.000000000000000000e+00,0.000000000000000000e+00,1.000000000000000056e-01
8.829737732201433653e-01,-2.576777284862773465e-01,3.923767373934587965e-01,5.185772146824486839e+01,3.237211298121115410e-01,9.395650323846986840e-01,-1.114548340499867951e-01,1.120973628687960222e+01,-3.399440335092719367e-01,2.254323361057423702e-01,9.130270072234197842e-01,-1.265801967339980472e+01,0.000000000000000000e+00,0.000000000000000000e+00,0.000000000000000000e+00,1.000000000000000056e-01
8.807910815061216203e-01,-2.596613870218206777e-01,3.959583751219071246e-01,5.269272216950050591e+01,3.274669782803267259e-01,9.380470773709593812e-01,-1.132830912879469742e-01,1.152291645546140941e+01,-3.420123519337111562e-01,2.294420291178265459e-01,9.112540295653379641e-01,-1.296453132355841653e+01,0.000000000000000000e+00,0.000000000000000000e+00,0.000000000000000000e+00,1.000000000000000056e-01
8.772643923593770321e-01,-2.618676121677377400e-01,4.022841528023447522e-01,5.353641677434904267e+01,3.317973056585895031e-01,9.364401120066505602e-01,-1.139757192680630332e-01,1.182201640644091256e+01,-3.468684676589002258e-01,2.334636381163865404e-01,9.083925339969651791e-01,-1.326631968460824673e+01,0.000000000000000000e+00,0.000000000000000000e+00,0.000000000000000000e+00,1.000000000000000056e-01
8.761122441804995997e-01,-2.673995012710310148e-01,4.011543871341963219e-01,5.436366336834197455e+01,3.355311199303692704e-01,9.356920728926739761e-01,-1.090835105966207058e-01,1.217125642369945560e+01,-3.461881037171567477e-01,2.301691800520104803e-01,9.094921359741954259e-01,-1.357423481521057163e+01,0.000000000000000000e+00,0.000000000000000000e+00,0.000000000000000000e+00,1.000000000000000056e-01
8.760646241091367692e-01,-2.717202253692684866e-01,3.983451939082369719e-01,5.518040085533041150e+01,3.409567376008991180e-01,9.332294025555977202e-01,-1.132757047661758498e-01,1.248084743064242197e+01,-3.409681472939497526e-01,2.350553154706273851e-01,9.102141073395507709e-01,-1.387885146407044523e+01,0.000000000000000000e+00,0.000000000000000000e+00,0.000000000000000000e+00,1.000000000000000056e-01
8.761343586334566780e-01,-2.776023746900583289e-01,3.941135714338976914e-01,5.599292457039305049e+01,3.459339980756478417e-01,9.314351488946386315e-01,-1.129523456109703949e-01,1.281224716909190775e+01,-3.357353937215127315e-01,2.352987143400127601e-01,9.120944361372883558e-01,-1.416539586590204536e+01,0.000000000000000000e+00,0.000000000000000000e+00,0.000000000000000000e+00,1.000000000000000056e-01
8.770337858348722371e-01,-2.796546401719311459e-01,3.906469259247527526e-01,5.682822306207894769e+01,3.495795522619501994e-01,9.292398074878113201e-01,-1.196140327066593789e-01,1.314995825754631298e+01,-3.295540549659281004e-01,2.414677254009799934e-01,9.127362502087834617e-01,-1.448139491611495089e+01,0.000000000000000000e+00,0.000000000000000000e+00,0.000000000000000000e+00,1.000000000000000056e-01
8.770309075025567447e-01,-2.835955058058703959e-01,3.878019808767797505e-01,5.765377632339070857e+01,3.528059172492152284e-01,9.280735089910830959e-01,-1.191954137662933622e-01,1.348236555094059064e+01,-3.261054615292139358e-01,2.413568954798898936e-01,9.140033243731271462e-01,-1.478881753590641779e+01,0.000000000000000000e+00,0.000000000000000000e+00,0.000000000000000000e+00,1.000000000000000056e-01
8.739302130413342251e-01,-2.876107856912587524e-01,3.918239639016291020e-01,5.851436982086742233e+01,3.581597954932385086e-01,9.260315660707207908e-01,-1.191096114209511114e-01,1.383309266117172776e+01,-3.285841499917029340e-01,2.444290788647398571e-01,9.122975840040161710e-01,-1.507541300422813357e+01,0.000000000000000000e+00,0.000000000000000000e+00,0.000000000000000000e+00,1.000000000000000056e-01
8.729634532273029546e-01,-2.909327820766023365e-01,3.915264047834202121e-01,5.932999302565811917e+01,3.628313175307414928e-01,9.237596140351962415e-01,-1.225626798681042351e-01,1.417655327718515679e+01,-3.260187791345287578e-01,2.490507815500954958e-01,9.119679072538232623e-01,-1.535366613346250730e+01,0.000000000000000000e+00,0.000000000000000000e+00,0.000000000000000000e+00,1.000000000000000056e-01
8.722915901967773777e-01,-2.956884169010644547e-01,3.894556993837935965e-01,6.006469752854700062e+01,3.680027979761920087e-01,9.214303429791124156e-01,-1.246597919101799790e-01,1.448360960530968811e+01,-3.219958421372418056e-01,2.520604751799410126e-01,9.125701038815543509e-01,-1.562142833978679413e+01,0.000000000000000000e+00,0.000000000000000000e+00,0.000000000000000000e+00,1.000000000000000056e-01
8.706168077591110999e-01,-3.020827922523533493e-01,3.882941677032459293e-01,6.079138477924851003e+01,3.747780191708189879e-01,9.185536497740512951e-01,-1.257005522389094687e-01,1.479431109751059026e+01,-3.186970511218015223e-01,2.549611325512010640e-01,9.129222368276921351e-01,-1.588173690758182310e+01,0.000000000000000000e+00,0.000000000000000000e+00,0.000000000000000000e+00,1.000000000000000056e-01
8.709549013629047653e-01,-3.036197489411925909e-01,3.863322505885574132e-01,6.149804994873109365e+01,3.771901984483788661e-01,9.170146092613948863e-01,-1.296601735138583344e-01,1.510435112011464120e+01,-3.149049284885921396e-01,2.586489018999663658e-01,9.132007619135762422e-01,-1.613555471183016010e+01,0.000000000000000000e+00,0.000000000000000000e+00,0.000000000000000000e+00,1.000000000000000056e-01
8.709046360597568759e-01,-3.086594721461614066e-01,3.824322752384733404e-01,6.221146150508740647e+01,3.829247413411008827e-01,9.139536024005211479e-01,-1.343780306745160358e-01,1.541432397553740330e+01,-3.080483036123935481e-01,2.634732299751973428e-01,9.141597780081791580e-01,-1.638713234817047137e+01,0.000000000000000000e+00,0.000000000000000000e+00,0.000000000000000000e+00,1.000000000000000056e-01
8.692469220930979512e-01,-3.119312604339983808e-01,3.835474901439623330e-01,6.288295616920783004e+01,3.872377700883426477e-01,9.118965687332962755e-01,-1.359836657450025910e-01,1.571688137358471771e+01,-3.073380839542728116e-01,2.667274577101086397e-01,9.134548513499824995e-01,-1.661619838713296460e+01,0.000000000000000000e+00,0.000000000000000000e+00,0.000000000000000000e+00,1.000000000000000056e-01
8.675540296110308969e-01,-3.172909833591439632e-01,3.829835996288224464e-01,6.356325861756142359e+01,3.931883860979270562e-01,9.091200584720208200e-01,-1.374904081073911599e-01,1.603582679950855905e+01,-3.045536056975358674e-01,2.698650610264636263e-01,9.134658997980236173e-01,-1.684189206874572875e+01,0.000000000000000000e+00,0.000000000000000000e+00,0.000000000000000000e+00,1.000000000000000056e-01
8.638311951974730896e-01,-3.233438813451380844e-01,3.863216284397837930e-01,6.422662267953465687e+01,4.014986584264447766e-01,9.050570001462368008e-01,-1.402521078916807995e-01,1.633159551630347295e+01,-3.042934331947867443e-01,2.762617615287282780e-01,9.116386047286358929e-01,-1.706279425473221067e+01,0.000000000000000000e+00,0.000000000000000000e+00,0.000000000000000000e+00,1.000000000000000056e-01
8.635225969430859738e-01,-3.263449910714882884e-01,3.844836425275057756e-01,6.484225764700315153e+01,4.046067532624780805e-01,9.034125956632543808e-01,-1.419121461023593322e-01,1.662387483947847855e+01,-3.010350474331265902e-01,2.781090232256613337e-01,9.121585779991348009e-01,-1.725892787027314057e+01,0.000000000000000000e+00,0.000000000000000000e+00,0.000000000000000000e+00,1.000000000000000056e-01
8.642152103080003034e-01,-3.325903643613482563e-01,3.775125425814144786e-01,6.542764547734694247e+01,4.088669650328466965e-01,9.015178083222255001e-01,-1.417513533717405516e-01,1.690680241871049816e+01,-2.931891457355261799e-01,2.768560832126986671e-01,9.150906151911928355e-01,-1.744206697899263148e+01,0.000000000000000000e+00,0.000000000000000000e+00,0.000000000000000000e+00,1.000000000000000056e-01
8.664084914701543072e-01,-3.329818587518902362e-01,3.721013405653731398e-01,6.601499592894626289e+01,4.094464839720121097e-01,9.002962551181872275e-01,-1.477167214066327505e-01,1.717409674799433006e+01,-2.858144549727469341e-01,2.803386073346020302e-01,9.163625715656044113e-01,-1.763127831752630570e+01,0.000000000000000000e+00,0.000000000000000000e+00,0.000000000000000000e+00,1.000000000000000056e-01
8.678260469802223653e-01,-3.339797971938431309e-01,3.678796640873757129e-01,6.665494521928835070e+01,4.103879740909987528e-01,8.991926994666182837e-01,-1.517702208848021872e-01,1.748168720360778394e+01,-2.801065206384291129e-01,2.826835408938683791e-01,9.174041382092943397e-01,-1.782992454052642017e+01,0.000000000000000000e+00,0.000000000000000000e+00,0.000000000000000000e+00,1.000000000000000056e-01
8.680378624321060110e-01,-3.380116651108135417e-01,3.636734574220607530e-01,6.726063289927063238e+01,4.137303510457704392e-01,8.973713149134319167e-01,-1.534663474318773702e-01,1.777016164033855716e+01,-2.744767130520252008e-01,2.836773473852879923e-01,9.187979628692060086e-01,-1.802165177747252756e+01,0.000000000000000000e+00,0.000000000000000000e+00,0.000000000000000000e+00,1.000000000000000056e-01
8.665361871999741616e-01,-3.411203248625632733e-01,3.643514240929909276e-01,6.785226224442887144e+01,4.173488886159019140e-01,8.955858999765897721e-01,-1.540967259035477821e-01,1.805973135972035237e+01,-2.737424728535978735e-01,2.855920512352906893e-01,9.184237795414578187e-01,-1.819612696727861945e+01,0.000000000000000000e+00,0.000000000000000000e+00,0.000000000000000000e+00,1.000000000000000056e-01
8.647835552165787920e-01,-3.482093104057973898e-01,3.618006063755193624e-01,6.839656635092661929e+01,4.249336738772312438e-01,8.913631675577687874e-01,-1.578070857933190352e-01,1.830680042493102633e+01,-2.675458380019642979e-01,2.902102335688735435e-01,9.188020705787109943e-01,-1.836603584931826560e+01,0.000000000000000000e+00,0.000000000000000000e+00,0.000000000000000000e+00,1.000000000000000056e-01
8.639664347849179693e-01,-3.548567253945336120e-01,3.572655930918995359e-01,6.889736343387956197e+01,4.316074580041403541e-01,8.873212213471458609e-01,-1.624070575505066338e-01,1.853941914934672397e+01,-2.593781057842824422e-01,2.945127409625565296e-01,9.197745613195005276e-01,-1.849745622208821771e+01,0.000000000000000000e+00,0.000000000000000000e+00,0.000000000000000000e+00,1.000000000000000056e-01
8.652814375565772709e-01,-3.544730042951659832e-01,3.544529913062977045e-01,6.943850589667135864e+01,4.331531463303677776e-01,8.846125351582726504e-01,-1.727397304182130555e-01,1.878792307116154703e+01,-2.523219880314161445e-01,3.030009106699403376e-01,9.189799032019474456e-01,-1.865180350897688655e+01,0.000000000000000000e+00,0.000000000000000000e+00,0.000000000000000000e+00,1.000000000000000056e-01
8.675776739438259000e-01,-3.529733291214690039e-01,3.503124442595889620e-01,6.998073163643806538e+01,4.325655631862425632e-01,8.831626163828878440e-01,-1.814134134211163873e-01,1.903723025925664913e+01,-2.453487583412423401e-01,3.089233269804000925e-01,9.188962753367604375e-01,-1.879599387334065241e+01,0.000000000000000000e+00,0.000000000000000000e+00,0.000000000000000000e+00,1.000000000000000056e-01
8.693672066387836406e-01,-3.547114566833619587e-01,3.440645906202003390e-01,7.048797962385137339e+01,4.327432846006387668e-01,8.826497707829121797e-01,-1.834737904168419753e-01,1.928780191122728738e+01,-2.386082765834604269e-01,3.083977377258791397e-01,9.208457665165381556e-01,-1.892891886503320364e+01,0.000000000000000000e+00,0.000000000000000000e+00,0.000000000000000000e+00,1.000000000000000056e-01
8.713514046173124195e-01,-3.535165521018602264e-01,3.402539890456090510e-01,7.098540390435140068e+01,4.294392625750200199e-01,8.849048975916071758e-01,-1.803475588340754943e-01,1.955761512531336521e+01,-2.373365741525307604e-01,3.032645208533303882e-01,9.228770129118724075e-01,-1.906277050762052738e+01,0.000000000000000000e+00,0.000000000000000000e+00,0.000000000000000000e+00,1.000000000000000056e-01
8.718883532790253632e-01,-3.508046704902166857e-01,3.416822830915292597e-01,7.147686240534950741e+01,4.284923060455515520e-01,8.842991984074266565e-01,-1.854973621261174488e-01,1.977704133053748947e+01,-2.370760280504017325e-01,3.081412190185419120e-01,9.213272741353162321e-01,-1.919724646936428769e+01,0.000000000000000000e+00,0.000000000000000000e+00,0.000000000000000000e+00,1.000000000000000056e-01
8.733368970494799211e-01,-3.480373478753599481e-01,3.408117790450791440e-01,7.200285271303373236e+01,4.266223051323453919e-01,8.841829644295609025e-01,-1.902994854856887019e-01,2.001044041085871683e+01,-2.351086408781059289e-01,3.115934689566511318e-01,9.206701022016574587e-01,-1.932379229357086459e+01,0.000000000000000000e+00,0.000000000000000000e+00,0.000000000000000000e+00,1.000000000000000056e-01
8.747519832701244891e-01,-3.440269202825876893e-01,3.412542247150383012e-01,7.250166865930609106e+01,4.232926805785222624e-01,8.852935337958117712e-01,-1.925582135043141796e-01,2.021931464120792299e+01,-2.358649493537201269e-01,3.128910946962248363e-01,9.200363517416934034e-01,-1.945377046749068128e+01,0.000000000000000000e+00,0.000000000000000000e+00,0.000000000000000000e+00,1.000000000000000056e-01
8.790504071633951089e-01,-3.387492654729699626e-01,3.354389911852714290e-01,7.295497486570369006e+01,4.166458913946157749e-01,8.878545726214562839e-01,-1.952446133934485628e-01,2.044218403806242534e+01,-2.316820727847869188e-01,3.113891343908686826e-01,9.216074132370302152e-01,-1.955782904658963872e+01,0.000000000000000000e+00,0.000000000000000000e+00,0.000000000000000000e+00,1.000000000000000056e-01
8.844932536527367883e-01,-3.315208643830516722e-01,3.282767136449213918e-01,7.340888942059285682e+01,4.073033119898869514e-01,8.918463808937399095e-01,-1.967588496835835365e-01,2.066983400822497075e+01,-2.275427350737972143e-01,3.077400678583346871e-01,9.238616532520891322e-01,-1.967112660192494999e+01,0.000000000000000000e+00,0.000000000000000000e+00,0.000000000000000000e+00,1.000000000000000056e-01
8.924882485711426172e-01,-3.161256715363869318e-01,3.217596711181853197e-01,7.386285081963205812e+01,3.894241169049442730e-01,8.999711007608667268e-01,-1.959614119363253248e-01,2.085597450566495681e+01,-2.276259724530982909e-01,3.001942331074038406e-01,9.263205919517492060e-01,-1.978951982992211001e+01,0.000000000000000000e+00,0.000000000000000000e+00,0.000000000000000000e+00,1.000000000000000056e-01
8.977128555683812072e-01,-3.033096914201686145e-01,3.195541582233984990e-01,7.433473238867647126e+01,3.770272487552860374e-01,9.041284962357265531e-01,-2.010027760767088001e-01,2.103275211668402633e+01,-2.279519305539708940e-01,3.009234011922734542e-01,9.260037926334814262e-01,-1.989371469251516089e+01,0.000000000000000000e+00,0.000000000000000000e+00,0.000000000000000000e+00,1.000000000000000056e-01
9.046994508871826213e-01,-2.827509543273047377e-01,3.187017436278449245e-01,7.479982236163110088e+01,3.577384449149238477e-01,9.104070133264745568e-01,-2.078034530892601262e-01,2.120952256212343556e+01,-2.313916778846684674e-01,3.020115360594140541e-01,9.247956117395621511e-01,-2.001385136200359938e+01,0.000000000000000000e+00,0.000000000000000000e+00,0.000000000000000000e+00,1.000000000000000056e-01
9.121033754036729224e-01,-2.597536728468562983e-01,3.171678767148320421e-01,7.524690466812674572e+01,3.351888164416050864e-01,9.179568765238457217e-01,-2.121405905880837384e-01,2.140435506180831382e+01,-2.360421358776914058e-01,2.998052739448612836e-01,9.243380917203100067e-01,-2.011103091325368553e+01,0.000000000000000000e+00,0.000000000000000000e+00,0.000000000000000000e+00,1.000000000000000056e-01
9.207413380226848743e-01,-2.328387219964835331e-01,3.130838833208126615e-01,7.567827776727357048e+01,3.085817474471211352e-01,9.256135441377606465e-01,-2.191275246316968794e-01,2.150776138356026124e+01,-2.387733100634932826e-01,2.983717420396543862e-01,9.241004328283506375e-01,-2.023891041220209885e+01,0.000000000000000000e+00,0.000000000000000000e+00,0.000000000000000000e+00,1.000000000000000056e-01
