1.000000000000000000e+00,3.587352044691322349e-14,-4.215154962232671326e-13,-2.009866403634016117e-21,-3.587352044696027746e-14,1.000000000000000000e+00,-1.116173541815988397e-13,-1.148940530932111116e-20,4.215154962232630936e-13,1.116173541816139605e-13,1.000000000000000000e+00,1.449192477557524856e-19,0.000000000000000000e+00,0.000000000000000000e+00,0.000000000000000000e+00,1.000000000000000056e-01
9.999990310095802082e-01,-6.280907142241122379e-04,-1.242369492302993839e-03,6.468619354620436246e-01,6.247693243970421683e-04,9.999962349913238402e-01,-2.672015431912957463e-03,-4.491091162627513893e-03,1.244043082852124482e-03,2.671236648407245007e-03,9.999956584163633977e-01,-3.714022643568803050e-04,0.000000000000000000e+00,0.000000000000000000e+00,0.000000000000000000e+00,1.000000000000000056e-01
9.999803738930433950e-01,-5.424398838894945243e-03,-3.134920408200335320e-03,1.307175453967122092e+00,5.415640069871104773e-03,9.999814272670609627e-01,-2.795704484610144966e-03,5.312604025807086787e-03,3.150027200321021178e-03,2.778672015236404412e-03,9.999911781163216551e-01,4.363869486880917782e-03,0.000000000000000000e+00,0.000000000000000000e+00,0.000000000000000000e+00,1.000000000000000056e-01
9.999363342462864734e-01,-9.945832024742475366e-03,-5.329904261279331396e-03,2.004906867123485092e+00,9.930522899289874125e-03,9.999465116499994810e-01,-2.891116383706036994e-03,1.418190498928599379e-02,5.358373731411056329e-03,2.838003582284737755e-03,9.999816166143362661e-01,8.820627769966546405e-03,0.000000000000000000e+00,0.000000000000000000e+00,0.000000000000000000e+00,1.000000000000000056e-01
9.998572018235653003e-01,-1.609203013248387132e-02,-5.159702294270201474e-03,2.702843652813736508e+00,1.608460440505554701e-02,9.998695427956847404e-01,-1.477460889879015412e-03,2.265017953665472011e-02,5.182804519093290978e-03,1.394258140906993321e-03,9.999855971870561522e-01,1.665669429289582532e-02,0.000000000000000000e+00,0.000000000000000000e+00,0.000000000000000000e+00,1.000000000000000056e-01
9.997520019582212258e-01,-2.134322468901238973e-02,-6.356204874223248327e-03,3.410883519632890160e+00,2.133368837989969152e-02,9.997711870754305563e-01,-1.564363734453860831e-03,3.075189011891640845e-02,6.388139059076605730e-03,1.428374481245608301e-03,9.999785754833466767e-01,3.035482683973046714e-02,0.000000000000000000e+00,0.000000000000000000e+00,0.000000000000000000e+00,1.000000000000000056e-01
9.996525477426373429e-01,-2.532138195175640330e-02,-7.321981132689320444e-03,4.129948516928505953e+00,2.531883032006771936e-02,9.996793297658762567e-01,-4.409876097540011948e-04,5.366200426490546488e-02,7.330799606987824409e-03,2.554503897082250567e-04,9.999730966992165238e-01,4.091248477762750996e-02,0.000000000000000000e+00,0.000000000000000000e+00,0.000000000000000000e+00,1.000000000000000056e-01
9.994984133133085757e-01,-3.006830603301220706e-02,-9.940762369341967289e-03,4.893414427550863977e+00,3.008288767210721276e-02,9.995465351789289965e-01,1.320560905579466369e-03,8.573422570272994092e-02,9.896547553868649191e-03,-1.618945367542287293e-03,9.999497174170364211e-01,5.571216496885462999e-02,0.000000000000000000e+00,0.000000000000000000e+00,0.000000000000000000e+00,1.000000000000000056e-01
9.993438741437744577e-01,-3.475419743679034057e-02,-1.019641955964952287e-02,5.655657017796190011e+00,3.477477670680720334e-02,9.993934660937076053e-01,1.847926999887210091e-03,1.260527104755112537e-01,1.012601186566095685e-02,-2.201292740597900373e-03,9.999463076555493712e-01,6.019510551114991975e-02,0.000000000000000000e+00,0.000000000000000000e+00,0.000000000000000000e+00,1.000000000000000056e-01
9.992110126965769723e-01,-3.887687212566795503e-02,-8.120401443620941379e-03,6.438748391482515210e+00,3.889365019216418917e-02,9.992415140055417311e-01,1.918505314627838359e-03,1.622817294579245451e-01,8.039656747067375903e-03,-2.232823691461185284e-03,9.999651886029594650e-01,7.111109916854854718e-02,0.000000000000000000e+00,0.000000000000000000e+00,0.000000000000000000e+00,1.000000000000000056e-01
9.991046344765749376e-01,-4.179097681064401076e-02,-6.591177788673951814e-03,7.236619663280624337e+00,4.180074463239650401e-02,9.991250532878239721e-01,1.351162751148291073e-03,2.024781721304778348e-01,6.528944448137739658e-03,-1.625469106175460397e-03,9.999773651111198980e-01,8.616888321441776299e-02,0.000000000000000000e+00,0.000000000000000000e+00,0.000000000000000000e+00,1.000000000000000056e-01
9.991221269431905805e-01,-4.143319350493090969e-02,-6.185946047118727649e-03,8.032329109613730367e+00,4.144555611085516678e-02,9.991389878974629157e-01,1.883810472287607762e-03,2.421431743277810134e-01,6.102567588881608988e-03,-2.138536699824433122e-03,9.999790924462403918e-01,1.004331586758491213e-01,0.000000000000000000e+00,0.000000000000000000e+00,0.000000000000000000e+00,1.000000000000000056e-01
9.990413100805661806e-01,-4.331069863174034917e-02,-6.375275408680852740e-03,8.867532164024343189e+00,4.331095575965805689e-02,9.990616355103618673e-01,-9.778826995082936960e-05,2.886312384012454935e-01,6.373528354915242861e-03,-1.784247498588237139e-04,9.999796729438642506e-01,1.154424658090752870e-01,0.000000000000000000e+00,0.000000000000000000e+00,0.000000000000000000e+00,1.000000000000000056e-01
9.989024882249636361e-01,-4.642442096277631797e-02,-6.212258546404048759e-03,9.642563367560549992e+00,4.642287434048211064e-02,9.989217998842181423e-01,-3.930064144178102873e-04,3.523432677656023193e-01,6.223805583744053752e-03,1.041841873800207106e-04,9.999806265071893296e-01,1.318710878601742631e-01,0.000000000000000000e+00,0.000000000000000000e+00,0.000000000000000000e+00,1.000000000000000056e-01
9.988344812910979753e-01,-4.800957430869363246e-02,-4.975917869228448608e-03,1.042539789257352467e+01,4.801045376120367109e-02,9.988468316202184782e-01,5.737503221453920819e-05,3.587325659072347905e-01,4.967425247208696361e-03,-2.962042353212088609e-04,9.999876183980801470e-01,1.385777614708871563e-01,0.000000000000000000e+00,0.000000000000000000e+00,0.000000000000000000e+00,1.000000000000000056e-01
9.987806182748691919e-01,-4.898179781378663583e-02,-6.169282081357387731e-03,1.122785540336916199e+01,4.897360068547438466e-02,9.987989872508459266e-01,-1.472923142643391787e-03,4.106632207429734005e-01,6.234019118492755904e-03,1.168995129912281166e-03,9.999798850257021199e-01,1.644622187821054571e-01,0.000000000000000000e+00,0.000000000000000000e+00,0.000000000000000000e+00,1.000000000000000056e-01
9.986553475300293803e-01,-5.134736887014923479e-02,-7.137545781918245777e-03,1.209555880838485109e+01,5.134235545109776255e-02,9.986807203017618040e-01,-8.839877189363556844e-04,4.615038993081109209e-01,7.173519806153822245e-03,5.163406500829342133e-04,9.999741366685059862e-01,1.758243918531422478e-01,0.000000000000000000e+00,0.000000000000000000e+00,0.000000000000000000e+00,1.000000000000000056e-01
9.985051630727164174e-01,-5.415252359337843074e-02,-7.412388656600037151e-03,1.299373901657842545e+01,5.415454647174543917e-02,9.985325632477990432e-01,7.232025881857324793e-05,5.325206583441720598e-01,7.397595120541791691e-03,-4.736266977955859024e-04,9.999725252546610710e-01,1.966677840274838884e-01,0.000000000000000000e+00,0.000000000000000000e+00,0.000000000000000000e+00,1.000000000000000056e-01
9.986608672215994131e-01,-5.090700454390722357e-02,-9.216787323665846451e-03,1.388364433774557938e+01,5.093975835860958118e-02,9.986960944802457663e-01,3.354383441192221055e-03,5.831702754019062462e-01,9.034007890717338576e-03,-3.819392395485030154e-03,9.999518983146937767e-01,2.089988978690237587e-01,0.000000000000000000e+00,0.000000000000000000e+00,0.000000000000000000e+00,1.000000000000000056e-01
9.978939253446165170e-01,-6.413963954523699273e-02,-9.686093088551971098e-03,1.481593957203213030e+01,6.420181471931768469e-02,9.979173616481475939e-01,6.250304628308219618e-03,7.112600678810911958e-01,9.265028173698525854e-03,-6.859005773967389794e-03,9.999335544388603392e-01,2.283058730117221713e-01,0.000000000000000000e+00,0.000000000000000000e+00,0.000000000000000000e+00,1.000000000000000056e-01
9.976615473088181751e-01,-6.765199989612415143e-02,-9.728511264810829964e-03,1.577733591880704367e+01,6.769053194971684506e-02,9.976995522388432125e-01,3.687186837713993508e-03,7.738387682378494725e-01,9.456685769290288854e-03,-4.337092628324308238e-03,9.999458788963502265e-01,2.346166318030199482e-01,0.000000000000000000e+00,0.000000000000000000e+00,0.000000000000000000e+00,1.000000000000000056e-01
9.975642086669191944e-01,-6.938789877677402351e-02,-7.139263973791449246e-03,1.670258932523038453e+01,6.941132564524289672e-02,9.975833478053014458e-01,3.087402425497912020e-03,8.580569839256705356e-01,6.907782488857038515e-03,-3.575427933980340495e-03,9.999697489705253739e-01,2.528300625619884223e-01,0.000000000000000000e+00,0.000000000000000000e+00,0.000000000000000000e+00,1.000000000000000056e-01
9.973716938871158844e-01,-7.214057909889642906e-02,-6.740999927383811360e-03,1.758208355254534538e+01,7.216942917743804364e-02,9.973837988343393635e-01,4.138999273361406404e-03,9.373294965869393147e-01,6.424774311045867298e-03,-4.614614833114449345e-03,9.999687133130686911e-01,2.724588548347116057e-01,0.000000000000000000e+00,0.000000000000000000e+00,0.000000000000000000e+00,1.000000000000000056e-01
9.972954272249497931e-01,-7.318102596134952453e-02,-6.809425485983987454e-03,1.849138993938395004e+01,7.321798512997763908e-02,9.973016313012866840e-01,5.346293790909167377e-03,1.006946009299971578e+00,6.399803880686861894e-03,-5.830406764251320866e-03,9.999625237313907178e-01,2.862240890125585246e-01,0.000000000000000000e+00,0.000000000000000000e+00,0.000000000000000000e+00,1.000000000000000056e-01
9.973371122800879229e-01,-7.255194743361371990e-02,-7.409412419711772051e-03,1.940824480395932383e+01,7.258502815049140688e-02,9.973529690678478721e-01,4.297531842905100152e-03,1.078037984528644744e+00,7.078005171486990467e-03,-4.823900407198076362e-03,9.999633152409411752e-01,3.070746126175776802e-01,0.000000000000000000e+00,0.000000000000000000e+00,0.000000000000000000e+00,1.000000000000000056e-01
9.972808089593709902e-01,-7.345590863459705577e-02,-5.934439148580398539e-03,2.033542847248743968e+01,7.345458201671711818e-02,9.972984655896662831e-01,-4.414898036108886497e-04,1.130624698248875903e+00,5.950837091691624399e-03,4.377561329765129131e-06,9.999822936026142584e-01,3.258522017444335783e-01,0.000000000000000000e+00,0.000000000000000000e+00,0.000000000000000000e+00,1.000000000000000056e-01
9.974183351317885693e-01,-7.177595080139140271e-02,-2.208535597950520447e-03,2.125119315304056400e+01,7.177530292334885487e-02,9.974207577575158190e-01,-3.713282703408839897e-04,1.211368250238307187e+00,2.229491689305409304e-03,2.118513136308732133e-04,9.999974922397696364e-01,3.311202488228430774e-01,0.000000000000000000e+00,0.000000000000000000e+00,0.000000000000000000e+00,1.000000000000000056e-01
9.974014615740453005e-01,-7.204352732927253589e-02,-2.337090384722732947e-04,2.221320043791871512e+01,7.204313137255079214e-02,9.974005308837871064e-01,-1.402930781265927318e-03,1.292717525084568386e+00,3.341736011257942702e-04,1.382448080760242557e-03,9.999989885821426450e-01,3.492079303545470026e-01,0.000000000000000000e+00,0.000000000000000000e+00,0.000000000000000000e+00,1.000000000000000056e-01
9.975476587133210726e-01,-6.998212532693351418e-02,1.082002909779288891e-03,2.318528865748170986e+01,6.998444132674724871e-02,9.975454873416887969e-01,-2.275666147671106653e-03,1.358946680423591236e+00,-9.200911663923268344e-04,2.345808806777293417e-03,9.999968253016043862e-01,3.634126902294740891e-01,0.000000000000000000e+00,0.000000000000000000e+00,0.000000000000000000e+00,1.000000000000000056e-01
9.978469356421945102e-01,-6.554652563585797176e-02,2.268481110791384023e-03,2.411534412852834208e+01,6.555499549159590766e-02,9.978413915016636215e-01,-3.885868258256672345e-03,1.422647603281885997e+00,-2.008879184779926476e-03,4.026212002801391431e-03,9.999898769594267600e-01,3.696509261643776689e-01,0.000000000000000000e+00,0.000000000000000000e+00,0.000000000000000000e+00,1.000000000000000056e-01
9.979677545709438879e-01,-6.371954674040691824e-02,-4.244994999055528824e-04,2.507211386570281064e+01,6.371658277110148205e-02,9.979551355671795188e-01,-5.073901365402460478e-03,1.491656765065375811e+00,7.469381511854225218e-04,5.036542295023116803e-03,9.999870375785422372e-01,3.810255551025267806e-01,0.000000000000000000e+00,0.000000000000000000e+00,0.000000000000000000e+00,1.000000000000000056e-01
9.980456127246996045e-01,-6.225038503102894166e-02,-5.463010568140837242e-03,2.602744998253461262e+01,6.223076797852871572e-02,9.980549645341614262e-01,-3.690431616543646525e-03,1.564241662851090453e+00,5.682115607896076961e-03,3.343251740821685022e-03,9.999782678788654566e-01,3.897605017498992352e-01,0.000000000000000000e+00,0.000000000000000000e+00,0.000000000000000000e+00,1.000000000000000056e-01
9.981086527367156735e-01,-6.083757715348344502e-02,-8.826468047424438149e-03,2.698246525217828662e+01,6.079665578852715829e-02,9.981384718595421868e-01,-4.832974118420743127e-03,1.630112229432461479e+00,9.104063764583515336e-03,4.287213546340646990e-03,9.999493666296200844e-01,4.094481356848722609e-01,0.000000000000000000e+00,0.000000000000000000e+00,0.000000000000000000e+00,1.000000000000000056e-01
9.981616623867511917e-01,-6.015031917866593691e-02,-7.432014802324098460e-03,2.795318269023255908e+01,6.009166258152764950e-02,9.981617689457754627e-01,-7.878775490398783402e-03,1.684205951860193284e+00,7.892263902403547776e-03,7.417689515266261829e-03,9.999413433060710954e-01,4.333788715938766134e-01,0.000000000000000000e+00,0.000000000000000000e+00,0.000000000000000000e+00,1.000000000000000056e-01
9.982204445525107994e-01,-5.947583226708069715e-02,-4.309228878330805673e-03,2.896365713345198145e+01,5.942534131811907927e-02,9.981718620053549040e-01,-1.102554805838127337e-02,1.731642782435235173e+00,4.957104660263628865e-03,1.074985008735972365e-02,9.999299314634433333e-01,4.501166680872170089e-01,0.000000000000000000e+00,0.000000000000000000e+00,0.000000000000000000e+00,1.000000000000000056e-01
9.982332951507210117e-01,-5.940286723528000190e-02,-1.260086013385653802e-03,2.992157148965279490e+01,5.937475320128403344e-02,9.981043868660076646e-01,-1.619480166959797601e-02,1.779203185270846754e+00,2.219715031269538751e-03,1.609137293889802145e-02,9.998680615871882171e-01,4.581580262721874353e-01,0.000000000000000000e+00,0.000000000000000000e+00,0.000000000000000000e+00,1.000000000000000056e-01
9.982696730081918046e-01,-5.876394322024529326e-02,-2.111617703462443339e-03,3.085101599565350838e+01,5.870146410746528154e-02,9.980199867564635285e-01,-2.258858442373557276e-02,1.824543167398688492e+00,3.434830964946416001e-03,2.242554373557195321e-02,9.997426153387711789e-01,4.790188114345861337e-01,0.000000000000000000e+00,0.000000000000000000e+00,0.000000000000000000e+00,1.000000000000000056e-01
9.982854024131546655e-01,-5.831209506730700848e-02,-5.094594946337364406e-03,3.180011261236227327e+01,5.816519718493542296e-02,9.979851229794871603e-01,-2.534766553463173658e-02,1.862945774478330874e+00,6.562405446440914940e-03,2.500787636884280532e-02,9.996657146037755126e-01,4.930152993610950052e-01,0.000000000000000000e+00,0.000000000000000000e+00,0.000000000000000000e+00,1.000000000000000056e-01
9.982898891069217351e-01,-5.787889425791449549e-02,-8.205541199160101828e-03,3.278832887216873360e+01,5.764642854139905015e-02,9.979934496480074024e-01,-2.619090941703907868e-02,1.935444597160207225e+00,9.704977244246057455e-03,2.567309991316448284e-02,9.996232817204375731e-01,5.078784189720718656e-01,0.000000000000000000e+00,0.000000000000000000e+00,0.000000000000000000e+00,1.000000000000000056e-01
9.982165703254181066e-01,-5.890937301307839352e-02,-9.662530670879227943e-03,3.376163264989944679e+01,5.863371201204264221e-02,9.979227910871721896e-01,-2.668690398822728960e-02,1.999494520696664779e+00,1.121456835765589737e-02,2.607275973106810280e-02,9.995971411806645612e-01,5.242565219593947612e-01,0.000000000000000000e+00,0.000000000000000000e+00,0.000000000000000000e+00,1.000000000000000056e-01
9.982107390158216909e-01,-5.915779277064023289e-02,-8.699199273096178825e-03,3.473006049423297270e+01,5.889389502780621732e-02,9.978720884828358173e-01,-2.797863748214542839e-02,2.070217720640340264e+00,1.033584258494647801e-02,2.741624666889246054e-02,9.995706677252237382e-01,5.512694035823750838e-01,0.000000000000000000e+00,0.000000000000000000e+00,0.000000000000000000e+00,1.000000000000000056e-01
9.981786059781757592e-01,-5.967207000222674029e-02,-8.872126527224449138e-03,3.571430085625384265e+01,5.942673840905857152e-02,9.979009121690809447e-01,-2.573387367221692534e-02,2.135217501680512164e+00,1.038909666559376457e-02,2.515976060628653116e-02,9.996294579076325792e-01,5.623312591325776433e-01,0.000000000000000000e+00,0.000000000000000000e+00,0.000000000000000000e+00,1.000000000000000056e-01
9.982751970592316226e-01,-5.810764405701098617e-02,-8.374523180219705515e-03,3.670138836559866036e+01,5.788818252170962325e-02,9.980243554753108759e-01,-2.442015975426057792e-02,2.203833305407839838e+00,9.776976050167741211e-03,2.389325386451355074e-02,9.996667060371072777e-01,5.876062279674222344e-01,0.000000000000000000e+00,0.000000000000000000e+00,0.000000000000000000e+00,1.000000000000000056e-01
9.982233529227700908e-01,-5.920811674007761538e-02,-6.673574133559730809e-03,3.771251678477158009e+01,5.902827201978663729e-02,9.979551016333598756e-01,-2.452097523159567360e-02,2.268332031046702113e+00,8.111768116807230658e-03,2.408348056331965914e-02,9.996770404395488585e-01,6.058168258532227179e-01,0.000000000000000000e+00,0.000000000000000000e+00,0.000000000000000000e+00,1.000000000000000056e-01
9.983566090259321513e-01,-5.712598250205819239e-02,-4.550092022872572264e-03,3.870649681632742301e+01,5.699922791648810716e-02,9.980780876199953910e-01,-2.431499598472026610e-02,2.329782942051529471e+00,5.930365179844397996e-03,2.401568520753177491e-02,9.996939919959739740e-01,6.375606374037312563e-01,0.000000000000000000e+00,0.000000000000000000e+00,0.000000000000000000e+00,1.000000000000000056e-01
9.983851278137014784e-01,-5.672312455875785225e-02,-3.102209004989377270e-03,3.972094870148985990e+01,5.665004817614429505e-02,9.981934761970663317e-01,-2.001389815246701342e-02,2.393315112047413873e+00,4.231855628388868362e-03,1.980583797541606711e-02,9.997948890547661005e-01,6.561249134791212745e-01,0.000000000000000000e+00,0.000000000000000000e+00,0.000000000000000000e+00,1.000000000000000056e-01
9.982856113124723985e-01,-5.846848305584924355e-02,-2.697171783774478856e-03,4.073012284892446644e+01,5.839222751303725645e-02,9.980340096055755339e-01,-2.276979219675848848e-02,2.462804657206881132e+00,4.023184379196847495e-03,2.257326205415910447e-02,9.997370963546792222e-01,6.754010077069044771e-01,0.000000000000000000e+00,0.000000000000000000e+00,0.000000000000000000e+00,1.000000000000000056e-01
9.983416750158422559e-01,-5.733809885635142434e-02,-5.122728384522678459e-03,4.174556704122031192e+01,5.721395525002290205e-02,9.981246702436205043e-01,-2.176478751819654889e-02,2.526107299010578622e+00,6.361073117855171009e-03,2.143560287473014053e-02,9.997499945877400540e-01,7.111488114308275321e-01,0.000000000000000000e+00,0.000000000000000000e+00,0.000000000000000000e+00,1.000000000000000056e-01
9.983945331367855003e-01,-5.620794420513641754e-02,-7.001657718881500875e-03,4.277738510139116812e+01,5.607578553694092527e-02,9.982673973087410335e-01,-1.782441434794317450e-02,2.601942934950632225e+00,7.991400315032915619e-03,1.740317438470427927e-02,9.998166167064540533e-01,7.374608774355674301e-01,0.000000000000000000e+00,0.000000000000000000e+00,0.000000000000000000e+00,1.000000000000000056e-01
9.984149260607002585e-01,-5.579412155135972384e-02,-7.392659840586152976e-03,4.383689378463945729e+01,5.564138417985585450e-02,9.982610343784243945e-01,-1.946647395569781752e-02,2.668655478585291174e+00,8.465919073331953926e-03,1.902428032883953651e-02,9.997831789804294544e-01,7.632178555563600142e-01,0.000000000000000000e+00,0.000000000000000000e+00,0.000000000000000000e+00,1.000000000000000056e-01
9.983925272149271057e-01,-5.623854777117651138e-02,-7.041828312318133137e-03,4.484262011434217499e+01,5.607005517234833758e-02,9.981801568891045529e-01,-2.219286610179778060e-02,2.728141686775762853e+00,8.277107850021130434e-03,2.176235597153048859e-02,9.997289079286482139e-01,7.963491672369963359e-01,0.000000000000000000e+00,0.000000000000000000e+00,0.000000000000000000e+00,1.000000000000000056e-01
9.985075217040765283e-01,-5.431774652417593191e-02,-5.684321676208099923e-03,4.582449122757077475e+01,5.417587749154641891e-02,9.982736682218897872e-01,-2.268606693178287434e-02,2.788593607456789858e+00,6.906764684292532493e-03,2.234425535451452574e-02,9.997264780199872636e-01,8.171421430314171896e-01,0.000000000000000000e+00,0.000000000000000000e+00,0.000000000000000000e+00,1.000000000000000056e-01
9.983306028425424916e-01,-5.718578129953598432e-02,-8.111340530841365526e-03,4.673795248657290102e+01,5.701263144552509710e-02,9.981695745298294620e-01,-2.017573638299377872e-02,2.844883581723076205e+00,9.250258574891458141e-03,1.967960619781239026e-02,9.997635449526036666e-01,8.416868386754852160e-01,0.000000000000000000e+00,0.000000000000000000e+00,0.000000000000000000e+00,1.000000000000000056e-01
9.984202103520684046e-01,-5.472523134913423459e-02,-1.273705673674946880e-02,4.769222712123670505e+01,5.448204157858932417e-02,9.983393403441491731e-01,-1.871546597437572304e-02,2.902429820418946260e+00,1.374011302574702602e-02,1.799195862025275081e-02,9.997437165189120289e-01,8.576652949702477935e-01,0.000000000000000000e+00,0.000000000000000000e+00,0.000000000000000000e+00,1.000000000000000056e-01
9.985191362965997186e-01,-5.306365138302751583e-02,-1.199096957685693438e-02,4.865441780407900296e+01,5.281208242793231089e-02,9.983959966219462245e-01,-2.040386921385263508e-02,2.961985184517720526e+00,1.305443982397827898e-02,1.974038579084111400e-02,9.997199101596960791e-01,8.839893719177619458e-01,0.000000000000000000e+00,0.000000000000000000e+00,0.000000000000000000e+00,1.000000000000000056e-01
9.987216549443185265e-01,-4.838622767145289716e-02,-1.462289017287373392e-02,4.961885176914108797e+01,4.808898251459366169e-02,9.986420427279045775e-01,-2.003797037998376884e-02,3.028061751768898358e+00,1.557259470970414998e-02,1.930915502978647336e-02,9.996922780666273045e-01,9.047411384953644164e-01,0.000000000000000000e+00,0.000000000000000000e+00,0.000000000000000000e+00,1.000000000000000056e-01
9.988085219054235742e-01,-4.742004811072533799e-02,-1.152716818127544167e-02,5.062761966341258102e+01,4.714160449320360657e-02,9.986156563503006955e-01,-2.333323847785518518e-02,3.089735258354453062e+00,1.261767391040359738e-02,2.276202823200496744e-02,9.996612848239427862e-01,9.430742711291293379e-01,0.000000000000000000e+00,0.000000000000000000e+00,0.000000000000000000e+00,1.000000000000000056e-01
9.989193320662312914e-01,-4.533588341869360105e-02,-1.023844221554097780e-02,5.157926804232961615e+01,4.509308686809905542e-02,9.987222116082726808e-01,-2.281573047234288984e-02,3.140865191240980181e+00,1.125973094973506047e-02,2.232939127981651770e-02,9.996872594686863067e-01,9.679278887624511718e-01,0.000000000000000000e+00,0.000000000000000000e+00,0.000000000000000000e+00,1.000000000000000056e-01
9.989590798519324411e-01,-4.444051674681951530e-02,-1.028577914677353787e-02,5.253768722081502318e+01,4.415053367294418524e-02,9.986630857892964119e-01,-2.688440920300597115e-02,3.179412740629092404e+00,1.146678497987859389e-02,2.640230204122557406e-02,9.995856297932403933e-01,9.939030275747777754e-01,0.000000000000000000e+00,0.000000000000000000e+00,0.000000000000000000e+00,1.000000000000000056e-01
9.989173646886159164e-01,-4.502524462449413595e-02,-1.169725908301793085e-02,5.352187473314347699e+01,4.465912032059530384e-02,9.985555299432231635e-01,-2.987334249794010299e-02,3.234439202376565792e+00,1.302541729624720132e-02,2.931861126167308734e-02,9.994852462832782836e-01,1.035511525670374189e+00,0.000000000000000000e+00,0.000000000000000000e+00,0.000000000000000000e+00,1.000000000000000056e-01
9.989287887634294982e-01,-4.468737169945190268e-02,-1.201306747765057935e-02,5.448314177385691437e+01,4.432405966559077592e-02,9.985968980969589515e-01,-2.897607367972577369e-02,3.273979444968565300e+00,1.329107649472793633e-02,2.841256626436220595e-02,9.995079156084180072e-01,1.054427795128766165e+00,0.000000000000000000e+00,0.000000000000000000e+00,0.000000000000000000e+00,1.000000000000000056e-01
9.989009708324830816e-01,-4.627529652838169305e-02,-7.446301171266994298e-03,5.542524398400426833e+01,4.601856141147088464e-02,9.984411886582640339e-01,-3.158298270099758193e-02,3.317198877635873622e+00,8.896205682286653302e-03,3.120560401407374701e-02,9.994733952450036707e-01,1.087361724294737542e+00,0.000000000000000000e+00,0.000000000000000000e+00,0.000000000000000000e+00,1.000000000000000056e-01
9.987766946127578649e-01,-4.941170337071268404e-02,-1.896804791887017963e-03,5.636675513673085192e+01,4.932706726713141643e-02,9.982809936138695717e-01,-3.165277593085769753e-02,3.363273343403890614e+00,3.457561747491695765e-03,3.152049110197827769e-02,9.994971255123510367e-01,1.124348679272042073e+00,0.000000000000000000e+00,0.000000000000000000e+00,0.000000000000000000e+00,1.000000000000000056e-01
9.987824347164041550e-01,-4.930094854698623130e-02,-1.750592568037476898e-03,5.732378268350352357e+01,4.923058566688853777e-02,9.983754744335517906e-01,-2.868381921006066260e-02,3.424842714072892758e+00,3.161888180660521117e-03,2.856271209020096874e-02,9.995870016867892671e-01,1.136470279441521569e+00,0.000000000000000000e+00,0.000000000000000000e+00,0.000000000000000000e+00,1.000000000000000056e-01
9.987122071541914003e-01,-5.050228806641866852e-02,-4.842125696415082794e-03,5.822742293116695578e+01,5.034521285042599381e-02,9.983282134307904787e-01,-2.839256612445216141e-02,3.478330609343156077e+00,6.267920249071315397e-03,2.811222453208840968e-02,9.995851219419028544e-01,1.154477006084180912e+00,0.000000000000000000e+00,0.000000000000000000e+00,0.000000000000000000e+00,1.000000000000000056e-01
9.985061020137296905e-01,-5.359003595234627937e-02,-1.066172068539592704e-02,5.914453783008319476e+01,5.326928117619540715e-02,9.981767018905504107e-01,-2.838407098840322121e-02,3.536101406778263012e+00,1.216338457496924166e-02,2.777372588489908020e-02,9.995402304190421638e-01,1.175592607839937465e+00,0.000000000000000000e+00,0.000000000000000000e+00,0.000000000000000000e+00,1.000000000000000056e-01
9.984287883197199287e-01,-5.366737818771558782e-02,-1.611729421685329997e-02,6.008788507438757875e+01,5.322673903364869702e-02,9.982274133709873043e-01,-2.662602949205515948e-02,3.595206946532143455e+00,1.751767411101603708e-02,2.572632335030877390e-02,9.995155263329407180e-01,1.209242157888153590e+00,0.000000000000000000e+00,0.000000000000000000e+00,0.000000000000000000e+00,1.000000000000000056e-01
9.984041739266655835e-01,-5.416111825419027415e-02,-1.598995795079579535e-02,6.100073474430890741e+01,5.377671259448529861e-02,9.982749081670521107e-01,-2.356422938680009446e-02,3.663554534523989492e+00,1.723863881931304159e-02,2.266673760202875601e-02,9.995944419303951500e-01,1.226185837755674024e+00,0.000000000000000000e+00,0.000000000000000000e+00,0.000000000000000000e+00,1.000000000000000056e-01
9.983855671618767635e-01,-5.520988168392723661e-02,-1.334646946965205999e-02,6.192001260878124214e+01,5.491777807146980273e-02,9.982627516579394289e-01,-2.134282792911781565e-02,3.722978879490038917e+00,1.450161834246055728e-02,2.057541291847863815e-02,9.996831275202576750e-01,1.261549678655672801e+00,0.000000000000000000e+00,0.000000000000000000e+00,0.000000000000000000e+00,1.000000000000000056e-01
9.982414097233230921e-01,-5.796617836123892781e-02,-1.241007976548305809e-02,6.280456059562491333e+01,5.769797676141349280e-02,9.981136762473277191e-01,-2.097695797021410444e-02,3.785803031895027981e+00,1.360262442442651369e-02,2.022403160197729435e-02,9.997029344532956108e-01,1.297947102156558508e+00,0.000000000000000000e+00,0.000000000000000000e+00,0.000000000000000000e+00,1.000000000000000056e-01
9.983086795078883746e-01,-5.628415773303097752e-02,-1.455589253531044264e-02,6.363194127505062170e+01,5.597881933895045709e-02,9.982194906069301599e-01,-2.059661034874601254e-02,3.848081770656338829e+00,1.568923849756140645e-02,1.974695320104381813e-02,9.996819022242237063e-01,1.327624364741227803e+00,0.000000000000000000e+00,0.000000000000000000e+00,0.000000000000000000e+00,1.000000000000000056e-01
9.982802616867575418e-01,-5.719807550717456723e-02,-1.284131165007585881e-02,6.445267159024342618e+01,5.695869391758341671e-02,9.982089539213285789e-01,-1.829184240282807211e-02,3.895542090708338456e+00,1.386457045212229067e-02,1.752896088085116599e-02,9.997502234141364408e-01,1.353914956463516450e+00,0.000000000000000000e+00,0.000000000000000000e+00,0.000000000000000000e+00,1.000000000000000056e-01
9.981568519883990964e-01,-5.900375397541363087e-02,-1.419351420254841463e-02,6.526280936198007510e+01,5.873752525712672146e-02,9.981021187181687848e-01,-1.849496517896095579e-02,3.946394407783214930e+00,1.525784897282324477e-02,1.762718432170715457e-02,9.997282032720749001e-01,1.384033002178104432e+00,0.000000000000000000e+00,0.000000000000000000e+00,0.000000000000000000e+00,1.000000000000000056e-01
9.981228208254477874e-01,-5.990992699433013435e-02,-1.271358308995028732e-02,6.606892742024331255e+01,5.966950227517701932e-02,9.980464552200961625e-01,-1.851549947566333287e-02,3.988927788436543498e+00,1.379800875792159057e-02,1.772212939052974362e-02,9.997477387242151847e-01,1.416809033542357321e+00,0.000000000000000000e+00,0.000000000000000000e+00,0.000000000000000000e+00,1.000000000000000056e-01
9.980198747390166547e-01,-6.151202124903040053e-02,-1.313776494599787695e-02,6.681974372750272551e+01,6.127248612322084426e-02,9.979602465299048930e-01,-1.791727630671533650e-02,4.042566031195271137e+00,1.421309502526340793e-02,1.707681433494859929e-02,9.997531547046863976e-01,1.440264212354406936e+00,0.000000000000000000e+00,0.000000000000000000e+00,0.000000000000000000e+00,1.000000000000000056e-01
9.979375378871893076e-01,-6.315318380259017650e-02,-1.150416669084685858e-02,6.760814210860621642e+01,6.294794659942319626e-02,9.978650251624140433e-01,-1.740538929558921658e-02,4.097374394458842772e+00,1.257881133377448599e-02,1.664532766908205161e-02,9.997823295959067380e-01,1.460108320273054039e+00,0.000000000000000000e+00,0.000000000000000000e+00,0.000000000000000000e+00,1.000000000000000056e-01
9.978217699433863386e-01,-6.548127919160684485e-02,-7.994842242264019877e-03,6.835981105241670264e+01,6.535287265372949350e-02,9.977435926650864984e-01,-1.538588091957905288e-02,4.156848641256748245e+00,8.984289785690869473e-03,1.482988102436720926e-02,9.998496672829619847e-01,1.484481250911987127e+00,0.000000000000000000e+00,0.000000000000000000e+00,0.000000000000000000e+00,1.000000000000000056e-01
9.979302961032937569e-01,-6.389620455405405075e-02,-7.238726599260869241e-03,6.905466341821944809e+01,6.380292097440549981e-02,9.978847547086295844e-01,-1.245807349601107429e-02,4.205741802493947468e+00,8.019438529356827730e-03,1.197043707158296048e-02,9.998961932330721059e-01,1.510023340073953335e+00,0.000000000000000000e+00,0.000000000000000000e+00,0.000000000000000000e+00,1.000000000000000056e-01
9.979986227024969514e-01,-6.259422869182687532e-02,-8.983964514316787608e-03,6.971800193332423135e+01,6.250119368142975640e-02,9.979918640672662544e-01,-1.028785905519500991e-02,4.254322269131534107e+00,9.609884094807341626e-03,9.705760661505623624e-03,9.999067198182368665e-01,1.542242211152996312e+00,0.000000000000000000e+00,0.000000000000000000e+00,0.000000000000000000e+00,1.000000000000000056e-01
9.977353611072359296e-01,-6.580060821712398200e-02,-1.394378551434858823e-02,7.040538558508602307e+01,6.567045875156048151e-02,9.977952304691802832e-01,-9.595254051616838517e-03,4.314550242423442761e+00,1.454441623349647661e-02,8.657829474644959319e-03,9.998567407109953953e-01,1.565410102729127839e+00,0.000000000000000000e+00,0.000000000000000000e+00,0.000000000000000000e+00,1.000000000000000056e-01
9.977190455407932701e-01,-6.512784523981299256e-02,-1.775020956460911931e-02,7.114601647178129440e+01,6.495206170687048419e-02,9.978351583110391942e-01,-1.030662497669302194e-02,4.369298898892349570e+00,1.838303144738271527e-02,9.130203327542687347e-03,9.997893295799882285e-01,1.593012124325382750e+00,0.000000000000000000e+00,0.000000000000000000e+00,0.000000000000000000e+00,1.000000000000000056e-01
9.975873036339896194e-01,-6.713020860570494130e-02,-1.769482186462605772e-02,7.185608003027563484e+01,6.695254388539369217e-02,9.977014429557183872e-01,-1.044928664320693250e-02,4.420229290972796932e+00,1.835561209932110027e-02,9.239362349859866000e-03,9.997888305476447801e-01,1.615039669541800560e+00,0.000000000000000000e+00,0.000000000000000000e+00,0.000000000000000000e+00,1.000000000000000056e-01
9.975789457200391341e-01,-6.777841586678043373e-02,-1.556706133748135545e-02,7.253605450380190689e+01,6.764367955677857980e-02,9.976687222411004807e-01,-9.025146969976836214e-03,4.471354225902613777e+00,1.614248035820376598e-02,7.950283290524592927e-03,9.998380935548941695e-01,1.633436453764167462e+00,0.000000000000000000e+00,0.000000000000000000e+00,0.000000000000000000e+00,1.000000000000000056e-01
9.975187408007785139e-01,-6.874900951613209521e-02,-1.516362231724087406e-02,7.317198215094381908e+01,6.861085660335140834e-02,9.975987326292264923e-01,-9.450873648257120119e-03,4.518877649635850702e+00,1.577694860812754382e-02,8.387034464681111107e-03,9.998403600302924188e-01,1.653276497619725394e+00,0.000000000000000000e+00,0.000000000000000000e+00,0.000000000000000000e+00,1.000000000000000056e-01
9.974252220390578128e-01,-6.968463665185721523e-02,-1.694042074550712595e-02,7.375535216046948506e+01,6.951609547783287046e-02,9.975272103912037336e-01,-1.034296856129856071e-02,4.555558719405000012e+00,1.761927665521467040e-02,9.138705807816876331e-03,9.998030031692769493e-01,1.679709820355181682e+00,0.000000000000000000e+00,0.000000000000000000e+00,0.000000000000000000e+00,1.000000000000000056e-01
9.973963459070285253e-01,-6.917544213790803587e-02,-2.037860094148119527e-02,7.439749799645232997e+01,6.882816915977453542e-02,9.974789166283957176e-01,-1.727697924856795228e-02,4.585929632691887470e+00,2.152236746783822013e-02,1.582937417799342231e-02,9.996430455976335061e-01,1.712666672893943920e+00,0.000000000000000000e+00,0.000000000000000000e+00,0.000000000000000000e+00,1.000000000000000056e-01
9.973607494805684093e-01,-6.823756463983526865e-02,-2.480262420759693498e-02,7.502399328310528404e+01,6.774474183740508693e-02,9.974982630124087368e-01,-2.019567380927606362e-02,4.608645364216738649e+00,2.611867816223296945e-02,1.846212499285082922e-02,9.994883514037600225e-01,1.734415659175101654e+00,0.000000000000000000e+00,0.000000000000000000e+00,0.000000000000000000e+00,1.000000000000000056e-01
9.976998136847553544e-01,-6.309311797373770569e-02,-2.478588787508797034e-02,7.561227443409217130e+01,6.259662875810670379e-02,9.978319986328935132e-01,-2.032152977521644796e-02,4.648942859906155967e+00,2.601430071180438688e-02,1.872327344876572111e-02,9.994862156077184423e-01,1.764341719663127250e+00,0.000000000000000000e+00,0.000000000000000000e+00,0.000000000000000000e+00,1.000000000000000056e-01
9.980101965274144060e-01,-5.831124729280577623e-02,-2.398845694222584424e-02,7.618379301483446397e+01,5.793737791519952551e-02,9.981920528649493862e-01,-1.599643202621749485e-02,4.701478710426043151e+00,2.487785898390618838e-02,1.457477397475851616e-02,9.995842476229612750e-01,1.775975884670777383e+00,0.000000000000000000e+00,0.000000000000000000e+00,0.000000000000000000e+00,1.000000000000000056e-01
9.984819654703976921e-01,-5.121182508394979405e-02,-2.027593652442227432e-02,7.672263581669335508e+01,5.084348758044691940e-02,9.985392620476234438e-01,-1.828337824486080468e-02,4.720727487732226280e+00,2.118264386304057403e-02,1.722472411850593452e-02,9.996272327612993891e-01,1.803582551843410764e+00,0.000000000000000000e+00,0.000000000000000000e+00,0.000000000000000000e+00,1.000000000000000056e-01
9.988889184315148384e-01,-4.384009055120827170e-02,-1.729089630934307203e-02,7.728909662941282477e+01,4.344312718494423853e-02,9.987979398934627717e-01,-2.270176127456693949e-02,4.727592764648273160e+00,1.826535888263226826e-02,2.192536715853414531e-02,9.995927445414217738e-01,1.823832074808632520e+00,0.000000000000000000e+00,0.000000000000000000e+00,0.000000000000000000e+00,1.000000000000000056e-01
9.992591305722106076e-01,-3.559551171756775850e-02,-1.463384821686672041e-02,7.784375267286220890e+01,3.521981306097678871e-02,9.990624325681063400e-01,-2.517579391097469338e-02,4.732684799763810624e+00,1.551627326453247982e-02,2.464174053638497341e-02,9.995759250238662741e-01,1.856680487176950445e+00,0.000000000000000000e+00,0.000000000000000000e+00,0.000000000000000000e+00,1.000000000000000056e-01
9.996072584511723758e-01,-2.375662658443847969e-02,-1.486443894193939172e-02,7.833046650556165957e+01,2.343796433973497489e-02,9.994992777349733792e-01,-2.125689617220643049e-02,4.747025591847387815e+00,1.536198813111131975e-02,2.090015551602915009e-02,9.996635398073020484e-01,1.881463137757550586e+00,0.000000000000000000e+00,0.000000000000000000e+00,0.000000000000000000e+00,1.000000000000000056e-01
9.998485683521454170e-01,-9.433943770512128249e-03,-1.462330568305556140e-02,7.883458681512632893e+01,9.147848048158628217e-03,9.997678248108845533e-01,-1.950931441645973458e-02,4.757025508513955003e+00,1.480396028949922636e-02,1.937258831047877078e-02,9.997027286058088880e-01,1.889245457976865827e+00,0.000000000000000000e+00,0.000000000000000000e+00,0.000000000000000000e+00,1.000000000000000056e-01
9.998624087229953661e-01,9.446274674562171042e-03,-1.363567077273807916e-02,7.932757046245743027e+01,-9.616272217536494388e-03,9.998761817253132289e-01,-1.245586315943325063e-02,4.748453718940997881e+00,1.351632092279603757e-02,1.258527366333430340e-02,9.998294454333354064e-01,1.904071070431408774e+00,0.000000000000000000e+00,0.000000000000000000e+00,0.000000000000000000e+00,1.000000000000000056e-01
9.994122687465049060e-01,3.161538811454260578e-02,-1.325082311898670429e-02,7.981817096518420840e+01,-3.180555959408458422e-02,9.993904035189594692e-01,-1.439540666735402048e-02,4.719138971080962364e+00,1.278762909498740857e-02,1.480839588133044983e-02,9.998085756551354786e-01,1.923581884309406353e+00,0.000000000000000000e+00,0.000000000000000000e+00,0.000000000000000000e+00,1.000000000000000056e-01
9.983344489727833393e-01,5.622357219499797554e-02,-1.293205025674138038e-02,8.030492753345357926e+01,-5.644410802999015597e-02,9.982546127774135636e-01,-1.737212529642818623e-02,4.699700402666705301e+00,1.193275588067713687e-02,1.807312917703655583e-02,9.997654581644848104e-01,1.942452165565781819e+00,0.000000000000000000e+00,0.000000000000000000e+00,0.000000000000000000e+00,1.000000000000000056e-01
9.963487409739411049e-01,8.464284973023429581e-02,-1.117024391798654079e-02,8.077402267581453543e+01,-8.483742191748065709e-02,9.962271762541176079e-01,-1.827635453647014074e-02,4.650407893979756402e+00,9.581137825838532962e-03,1.915727752819679913e-02,9.997705739396763880e-01,1.959137807380188612e+00,0.000000000000000000e+00,0.000000000000000000e+00,0.000000000000000000e+00,1.000000000000000056e-01
9.930297648036277014e-01,1.174813264238993571e-01,-9.488106014012474831e-03,8.123941038726000841e+01,-1.176445547594522634e-01,9.928736791692356345e-01,-1.901620226007314993e-02,4.586903922558768443e+00,7.186442061421770798e-03,1.999987886530763329e-02,9.997741544448279782e-01,1.974533778165520115e+00,0.000000000000000000e+00,0.000000000000000000e+00,0.000000000000000000e+00,1.000000000000000056e-01
