9.999999999999997780e-01,-1.882550769636728037e-08,-4.174112036440613867e-09,4.716675713334957696e-14,1.882550768898485883e-08,9.999999999999997780e-01,-1.768621192004919713e-09,1.368390198188423217e-13,4.174112069735804810e-09,1.768621113425141319e-09,1.000000000000000000e+00,2.209998883988486163e-14,0.000000000000000000e+00,0.000000000000000000e+00,0.000000000000000000e+00,1.000000000000000056e-01
9.996572599299238249e-01,-2.589977608889515448e-02,-3.816316017015989031e-03,6.656406202383571280e-01,2.588074429553246375e-02,9.996527587366462742e-01,-4.954697258342188014e-03,5.028114747384524602e-02,3.943316384200208635e-03,4.854229986069322385e-03,9.999804431623332546e-01,1.534019336671781260e-02,0.000000000000000000e+00,0.000000000000000000e+00,0.000000000000000000e+00,1.000000000000000056e-01
9.987059417917042436e-01,-4.993123690844531587e-02,-9.659886683487587181e-03,1.358169519559149663e+00,4.986455512842815491e-02,9.987312828661851771e-01,-7.025010057499522440e-03,9.195459972937189419e-02,9.998398461206757168e-03,6.534233333508119093e-03,9.999286653671621838e-01,2.905296118738985578e-02,0.000000000000000000e+00,0.000000000000000000e+00,0.000000000000000000e+00,1.000000000000000056e-01
9.974299530527326318e-01,-7.001473106085155662e-02,-1.521269823864876067e-02,2.108363192357364468e+00,6.989560480009214538e-02,9.975203878348685160e-01,-8.226802744857458771e-03,1.596376203624079726e-01,1.575097402870360291e-02,7.142358731545616311e-03,9.998504355796905552e-01,3.874593945223026720e-02,0.000000000000000000e+00,0.000000000000000000e+00,0.000000000000000000e+00,1.000000000000000056e-01
9.955409704283744166e-01,-9.238437558159459662e-02,-1.906051801314447361e-02,2.856395433740207324e+00,9.222930556075048525e-02,9.956983560433749769e-01,-8.862221409006776351e-03,2.606878071843096167e-01,1.979725724216001639e-02,7.064766161693231822e-03,9.997790544339125729e-01,6.655504627131257622e-02,0.000000000000000000e+00,0.000000000000000000e+00,0.000000000000000000e+00,1.000000000000000056e-01
9.936639642998744693e-01,-1.102414643571023173e-01,-2.188025567171539634e-02,3.567033994624623450e+00,1.099788050940949807e-01,9.938506209461146490e-01,-1.286878685414310011e-02,3.655126706835321038e-01,2.316437959309425657e-02,1.038088538728938748e-02,9.996777724530254705e-01,9.048933674808765093e-02,0.000000000000000000e+00,0.000000000000000000e+00,0.000000000000000000e+00,1.000000000000000056e-01
9.915783547022751776e-01,-1.265409549016220658e-01,-2.756362128811281134e-02,4.296393192167810682e+00,1.261690102280576264e-01,9.918976603068418996e-01,-1.484629030718372100e-02,4.922094612632389454e-01,2.921895521748068061e-02,1.124358530000735962e-02,9.995097970733455295e-01,1.280176300454909932e-01,0.000000000000000000e+00,0.000000000000000000e+00,0.000000000000000000e+00,1.000000000000000056e-01
9.886085857744085770e-01,-1.470246143347202494e-01,-3.219979678275312895e-02,5.077853212611064038e+00,1.465640696055129366e-01,9.890679101786015170e-01,-1.623707349260435084e-02,6.209058947171706144e-01,3.423503518026795034e-02,1.133277700568792457e-02,9.993495537255946415e-01,1.626166290783992163e-01,0.000000000000000000e+00,0.000000000000000000e+00,0.000000000000000000e+00,1.000000000000000056e-01
9.858394774706102925e-01,-1.639976194170891521e-01,-3.500436381369614880e-02,5.849120286508703970e+00,1.634254582651950838e-01,9.863795012697024189e-01,-1.864400884316502402e-02,7.984589531563683895e-01,3.758515998748704345e-02,1.265939573836833906e-02,9.992132382270835222e-01,1.941521063950304715e-01,0.000000000000000000e+00,0.000000000000000000e+00,0.000000000000000000e+00,1.000000000000000056e-01
9.835404470553277267e-01,-1.773285578214590097e-01,-3.468099749383613678e-02,6.640253318186604581e+00,1.767190800613086532e-01,9.840593716716873329e-01,-1.993789776803719244e-02,9.784973836714783157e-01,3.766371925992947206e-02,1.348093491139944894e-02,9.991995339497631301e-01,2.453582316762999427e-01,0.000000000000000000e+00,0.000000000000000000e+00,0.000000000000000000e+00,1.000000000000000056e-01
9.811537587129947058e-01,-1.896516826805464406e-01,-3.700731035619565790e-02,7.434366500723598392e+00,1.888745493122736541e-01,9.817198806561295843e-01,-2.350490473497538965e-02,1.157411053070371620e+00,4.078855704052276876e-02,1.607218656412607791e-02,9.990385270016366448e-01,2.880524204854186809e-01,0.000000000000000000e+00,0.000000000000000000e+00,0.000000000000000000e+00,1.000000000000000056e-01
9.790414141737362463e-01,-1.998817495553513179e-01,-3.905375177089217414e-02,8.242903084079809872e+00,1.990219663952849105e-01,9.796805451210981452e-01,-2.482511638204360632e-02,1.359692372992215237e+00,4.322228851928978238e-02,1.653226257714725950e-02,9.989286851768927056e-01,3.382428582223687696e-01,0.000000000000000000e+00,0.000000000000000000e+00,0.000000000000000000e+00,1.000000000000000056e-01
9.761484246480778282e-01,-2.129574568784673716e-01,-4.223002032833670510e-02,9.080195706573464420e+00,2.119400199516623673e-01,9.769009347533154086e-01,-2.731284717834455561e-02,1.561566909040779105e+00,4.707102080861411825e-02,1.771116139484794905e-02,9.987345161563611073e-01,3.918929255234087083e-01,0.000000000000000000e+00,0.000000000000000000e+00,0.000000000000000000e+00,1.000000000000000056e-01
9.748910403250576895e-01,-2.180253880245425768e-01,-4.530330750259078249e-02,9.822248428693571398e+00,2.167331004515142823e-01,9.757138445360117318e-01,-3.176880151074790160e-02,1.769238234940457843e+00,5.112946961000548046e-02,2.115239365894844292e-02,9.984680032829776897e-01,4.523838034317047008e-01,0.000000000000000000e+00,0.000000000000000000e+00,0.000000000000000000e+00,1.000000000000000056e-01
9.737181002995398682e-01,-2.231685392339838037e-01,-4.548476937640945350e-02,1.057151773325434085e+01,2.219516715584142486e-01,9.745864364144803949e-01,-3.031061611630261540e-02,1.981370291315086352e+00,5.109321521964667323e-02,1.941857495013174853e-02,9.985050837654383393e-01,5.012560267591572583e-01,0.000000000000000000e+00,0.000000000000000000e+00,0.000000000000000000e+00,1.000000000000000056e-01
9.717477244947225756e-01,-2.313523413553243979e-01,-4.671674313068360784e-02,1.134641697560888929e+01,2.297361523193439115e-01,9.725304494368033348e-01,-3.749433604896373895e-02,2.234281369491467828e+00,5.410785762559852663e-02,2.570251092128657266e-02,9.982042479750871111e-01,5.489286364403797025e-01,0.000000000000000000e+00,0.000000000000000000e+00,0.000000000000000000e+00,1.000000000000000056e-01
9.702253045694945177e-01,-2.371908172903989809e-01,-4.902422427886171663e-02,1.217006445709663431e+01,2.354400437054444128e-01,9.711090732839436912e-01,-3.892497406008860183e-02,2.479869801047511313e+00,5.684051541822961184e-02,2.622372930596843232e-02,9.980388127864954217e-01,6.136682659272362228e-01,0.000000000000000000e+00,0.000000000000000000e+00,0.000000000000000000e+00,1.000000000000000056e-01
9.688893034700533091e-01,-2.413656338253490075e-01,-5.473708458990538678e-02,1.302926533527852726e+01,2.395000965768030177e-01,9.701325544661315581e-01,-3.850364274611443177e-02,2.739092785533840502e+00,6.239568383323434303e-02,2.419623055572760889e-02,9.977581475818060319e-01,6.913923082099358020e-01,0.000000000000000000e+00,0.000000000000000000e+00,0.000000000000000000e+00,1.000000000000000056e-01
9.689644285577636573e-01,-2.399649970925995524e-01,-5.936949014498262012e-02,1.391306294397028864e+01,2.381815660727921169e-01,9.705683339311533819e-01,-3.559003727473888240e-02,3.004942424788195954e+00,6.616251032751603589e-02,2.034476199059171569e-02,9.976014298740291109e-01,7.630680343971952828e-01,0.000000000000000000e+00,0.000000000000000000e+00,0.000000000000000000e+00,1.000000000000000056e-01
9.641777168461004299e-01,-2.582166236866724196e-01,-6.070836506855004089e-02,1.477198292184568729e+01,2.560032243189793721e-01,9.657668792438945937e-01,-4.191281538855427813e-02,3.369433595182637298e+00,6.945271395508792467e-02,2.486986544724586676e-02,9.972751928715105629e-01,8.252925431958954006e-01,0.000000000000000000e+00,0.000000000000000000e+00,0.000000000000000000e+00,1.000000000000000056e-01
9.635671948545758703e-01,-2.608568355845312658e-01,-5.909291267917552576e-02,1.568780431707589251e+01,2.585364802400272333e-01,9.649929882277933357e-01,-4.412959388315132458e-02,3.670423514151616384e+00,6.853575260535099689e-02,2.724415533685445659e-02,9.972765948395657665e-01,9.068103979799435610e-01,0.000000000000000000e+00,0.000000000000000000e+00,0.000000000000000000e+00,1.000000000000000056e-01
9.634883432746950138e-01,-2.611315933346424201e-01,-5.916505164617352069e-02,1.657481903889324215e+01,2.586494961832656037e-01,9.648539130822118004e-01,-4.644743840177335825e-02,3.949379373588961961e+00,6.921452519468941633e-02,2.944855467513839142e-02,9.971670532712254564e-01,9.825088718500779583e-01,0.000000000000000000e+00,0.000000000000000000e+00,0.000000000000000000e+00,1.000000000000000056e-01
9.634456316418974486e-01,-2.610991790870348939e-01,-5.999777954409477726e-02,1.740562849338735418e+01,2.584077283333696129e-01,9.647890898458949538e-01,-4.906585423608920277e-02,4.239225131808859182e+00,7.069625738136885162e-02,3.176839300950238393e-02,9.969918798053778453e-01,1.068002339753763685e+00,0.000000000000000000e+00,0.000000000000000000e+00,0.000000000000000000e+00,1.000000000000000056e-01
9.644451076168034653e-01,-2.569588126176403642e-01,-6.178837279087914802e-02,1.828078353734574435e+01,2.539788032418698882e-01,9.658023677358742454e-01,-5.215893000826032910e-02,4.499116242699256141e+00,7.307805346230714094e-02,3.461148788930394626e-02,9.967254601986691442e-01,1.128919321857978941e+00,0.000000000000000000e+00,0.000000000000000000e+00,0.000000000000000000e+00,1.000000000000000056e-01
9.654059025072626588e-01,-2.534874178911763476e-01,-6.111932898029682343e-02,1.917266701611965374e+01,2.502919741899338746e-01,9.665859347472571805e-01,-5.536748508715776118e-02,4.765146865883083116e+00,7.311204456341716118e-02,3.815441939848240871e-02,9.965936329417931505e-01,1.218716655363505819e+00,0.000000000000000000e+00,0.000000000000000000e+00,0.000000000000000000e+00,1.000000000000000056e-01
9.638167426566244256e-01,-2.597924698075595451e-01,-5.970895415314622645e-02,2.006174550711928362e+01,2.565223492592623167e-01,9.648415858851531191e-01,-5.724507382414507906e-02,5.068540216840956347e+00,7.248152112975622674e-02,3.985707939514684939e-02,9.965730491623810972e-01,1.292982318083866877e+00,0.000000000000000000e+00,0.000000000000000000e+00,0.000000000000000000e+00,1.000000000000000056e-01
9.660583048215697355e-01,-2.516465014711891657e-01,-5.835571936482235322e-02,2.095155416264497461e+01,2.482891273662118925e-01,9.668799932811870113e-01,-5.912349638085270115e-02,5.337425604010519464e+00,7.130119856636436826e-02,4.262765405089147946e-02,9.965435375301560095e-01,1.368449117042363605e+00,0.000000000000000000e+00,0.000000000000000000e+00,0.000000000000000000e+00,1.000000000000000056e-01
9.683666067248649645e-01,-2.434408518072820327e-01,-5.479659342984376930e-02,2.187641036531045202e+01,2.401786513588000105e-01,9.688776103249771010e-01,-5.991987685593107987e-02,5.630069618454699665e+00,6.767813835825167712e-02,4.486343591731340591e-02,9.966980193148045064e-01,1.447757004249053292e+00,0.000000000000000000e+00,0.000000000000000000e+00,0.000000000000000000e+00,1.000000000000000056e-01
9.707345892848624480e-01,-2.339680974435659200e-01,-5.415982408194635472e-02,2.281466069107661454e+01,2.306406107968105579e-01,9.711088835935148822e-01,-6.125720249106537951e-02,5.905982056729415675e+00,6.692731742138990914e-02,4.697303039399609859e-02,9.966515281673836713e-01,1.532036868232869109e+00,0.000000000000000000e+00,0.000000000000000000e+00,0.000000000000000000e+00,1.000000000000000056e-01
9.737622764448718993e-01,-2.211907331769587259e-01,-5.349475235516322480e-02,2.373507258765519268e+01,2.176657485490108013e-01,9.738797992535918047e-01,-6.465105192015548063e-02,6.152584481283083662e+00,6.639767225964778030e-02,5.131078017749565734e-02,9.964730568139196221e-01,1.611974303157568400e+00,0.000000000000000000e+00,0.000000000000000000e+00,0.000000000000000000e+00,1.000000000000000056e-01
9.764785095010953819e-01,-2.082479562882924295e-01,-5.587941646320830624e-02,2.466834120582274892e+01,2.044093667208590481e-01,9.765628649457992472e-01,-6.739274149068230635e-02,6.403485434464349701e+00,6.860416371690995774e-02,5.438528763003852573e-02,9.961604836621965609e-01,1.692376026362937713e+00,0.000000000000000000e+00,0.000000000000000000e+00,0.000000000000000000e+00,1.000000000000000056e-01
9.797853635699306230e-01,-1.911871482362156316e-01,-5.889070965306992395e-02,2.560644408884021672e+01,1.869970243103426522e-01,9.798653066471207929e-01,-6.997209249708800927e-02,6.635583257832698756e+00,7.108272809351087740e-02,5.754524462235974941e-02,9.958091135293635210e-01,1.769228611026515852e+00,0.000000000000000000e+00,0.000000000000000000e+00,0.000000000000000000e+00,1.000000000000000056e-01
9.821413180666407339e-01,-1.766423150250927554e-01,-6.477595147041537160e-02,2.656053579102724527e+01,1.720279161848933258e-01,9.825286318816039977e-01,-7.102030404008920217e-02,6.856413049898137047e+00,7.618941789648370211e-02,5.860870306907743632e-02,9.953693749182539463e-01,1.862898679831485937e+00,0.000000000000000000e+00,0.000000000000000000e+00,0.000000000000000000e+00,1.000000000000000056e-01
9.847055567387049679e-01,-1.629478323481185487e-01,-6.166822894300240387e-02,2.750896438536909372e+01,1.581110604362828687e-01,9.844491861085610251e-01,-7.655516009979916603e-02,7.031637523440846138e+00,7.318373518502056807e-02,6.563386247388784678e-02,9.951564384563502674e-01,1.958557362043694461e+00,0.000000000000000000e+00,0.000000000000000000e+00,0.000000000000000000e+00,1.000000000000000056e-01
9.876479721809667822e-01,-1.462657824360821812e-01,-5.619434077542750233e-02,2.850224446509504617e+01,1.417721781702144246e-01,9.868980173222458019e-01,-7.702566391984702610e-02,7.221816830545285448e+00,6.672430249689516313e-02,6.810744668375792732e-02,9.954442441254667262e-01,2.060277324409734767e+00,0.000000000000000000e+00,0.000000000000000000e+00,0.000000000000000000e+00,1.000000000000000056e-01
9.905136258186424403e-01,-1.261163321576026786e-01,-5.456581192211562570e-02,2.944488422397196459e+01,1.213760371217196959e-01,9.891407659916521267e-01,-8.287582678968971606e-02,7.370177537255375277e+00,6.442526430084233313e-02,7.546665367273786007e-02,9.950649071810369062e-01,2.133411976890453143e+00,0.000000000000000000e+00,0.000000000000000000e+00,0.000000000000000000e+00,1.000000000000000056e-01
9.923963263578047256e-01,-1.094480960088843047e-01,-5.630848702960796620e-02,3.037320345327171722e+01,1.039778583625628749e-01,9.902867029248690889e-01,-9.230845562854420039e-02,7.505511546564186176e+00,6.586453068130296296e-02,8.575173636855490389e-02,9.941370646484867235e-01,2.218662599381814093e+00,0.000000000000000000e+00,0.000000000000000000e+00,0.000000000000000000e+00,1.000000000000000056e-01
9.942214994223405045e-01,-8.960112171570312756e-02,-5.912063153993438874e-02,3.133733091220517508e+01,8.375227399209457524e-02,9.919551148870348056e-01,-9.492421530148538455e-02,7.639110060650361689e+00,6.715032902038567397e-02,8.942420833721363704e-02,9.937273993785803450e-01,2.291318645742119742e+00,0.000000000000000000e+00,0.000000000000000000e+00,0.000000000000000000e+00,1.000000000000000056e-01
9.957448055286635125e-01,-6.780941450637975598e-02,-6.240324965084865366e-02,3.231744277905634988e+01,6.161528075906601981e-02,9.934402216281941200e-01,-9.633318861278315770e-02,7.755348412300457461e+00,6.852619528082408429e-02,9.207827841367670352e-02,9.933910364024369777e-01,2.361977207005339974e+00,0.000000000000000000e+00,0.000000000000000000e+00,0.000000000000000000e+00,1.000000000000000056e-01
9.970050662655018936e-01,-4.302812807532572364e-02,-6.426101489437915926e-02,3.328579760999227233e+01,3.654137564225449358e-02,9.944248498194289132e-01,-9.891383082146711081e-02,7.854083963846045791e+00,6.815882706659426304e-02,9.626940456832343285e-02,9.930189202814649896e-01,2.438707860941802252e+00,0.000000000000000000e+00,0.000000000000000000e+00,0.000000000000000000e+00,1.000000000000000056e-01
9.977912811703315565e-01,-2.207450796874583371e-02,-6.265201767226771801e-02,3.424831251285773703e+01,1.561935362881113759e-02,9.946912559038634249e-01,-1.017120505181815932e-01,7.919380881874852562e+00,6.456465761302010442e-02,1.005088131774162091e-01,9.928390521433878568e-01,2.527221836024890145e+00,0.000000000000000000e+00,0.000000000000000000e+00,0.000000000000000000e+00,1.000000000000000056e-01
9.979501166357442887e-01,1.986731002808255625e-03,-6.396575338903458252e-02,3.524504192240262057e+01,-8.645717372907733150e-03,9.945402540728172092e-01,-1.039948777579165484e-01,7.994545353910758045e+00,6.340990677971471146e-02,1.043347302133794952e-01,9.925187392656570351e-01,2.602999358079276959e+00,0.000000000000000000e+00,0.000000000000000000e+00,0.000000000000000000e+00,1.000000000000000056e-01
9.975970368113731279e-01,2.775542304920114098e-02,-6.348061622674888715e-02,3.623040664958200097e+01,-3.446288868127747596e-02,9.936470446112920518e-01,-1.071347751152112587e-01,8.013644151338599642e+00,6.010375569720893818e-02,1.090650596048289150e-01,9.922158793954495293e-01,2.690910334509552637e+00,0.000000000000000000e+00,0.000000000000000000e+00,0.000000000000000000e+00,1.000000000000000056e-01
9.977763671758310693e-01,2.282822493555488816e-02,-6.261943190170929374e-02,3.723051467440760121e+01,-2.945465952414493341e-02,9.938196293235355139e-01,-1.070278814307150800e-01,7.983176260233857846e+00,5.978916404933083684e-02,1.086343247667247019e-01,9.922821369674856840e-01,2.759456508610607095e+00,0.000000000000000000e+00,0.000000000000000000e+00,0.000000000000000000e+00,1.000000000000000056e-01
9.980699410236224534e-01,1.924268153231590422e-02,-5.904330641612791364e-02,3.820566713661320080e+01,-2.544871179805232447e-02,9.940160708102584453e-01,-1.062281226359340774e-01,7.954120403875761802e+00,5.664588151774650748e-02,1.075256721828849876e-01,9.925872626266650789e-01,2.837837128552965105e+00,0.000000000000000000e+00,0.000000000000000000e+00,0.000000000000000000e+00,1.000000000000000056e-01
9.982157505900173255e-01,1.435191679466987086e-02,-5.795979432612960447e-02,3.920806001007236574e+01,-2.024084340653199005e-02,9.945444090490023203e-01,-1.023314550251441662e-01,7.948670905231802308e+00,5.617493686868391123e-02,1.033220253077228729e-01,9.930603886743795128e-01,2.898696281866161684e+00,0.000000000000000000e+00,0.000000000000000000e+00,0.000000000000000000e+00,1.000000000000000056e-01
9.979772231712631392e-01,6.677395628671554950e-03,-6.322083848695107811e-02,4.021080515932820987e+01,-1.334824719786742442e-02,9.943094685711182379e-01,-1.056906098315503056e-01,7.947763285719149806e+00,6.215534030250000758e-02,1.063207086951482444e-01,9.923873339449883479e-01,2.985814273415266840e+00,0.000000000000000000e+00,0.000000000000000000e+00,0.000000000000000000e+00,1.000000000000000056e-01
9.980039838602359215e-01,2.704287772562338852e-03,-6.309306639196704536e-02,4.123004730349911995e+01,-9.146060529626650823e-03,9.947386921213990929e-01,-1.020356995046186738e-01,7.930196494923818840e+00,6.248518045013870537e-02,1.024090876057960203e-01,9.927779112167343101e-01,3.077017337416083187e+00,0.000000000000000000e+00,0.000000000000000000e+00,0.000000000000000000e+00,1.000000000000000056e-01
9.977825818685656101e-01,-3.804806580988884593e-03,-6.644879808228615348e-02,4.224890038138813253e+01,-3.044235911643533403e-03,9.947110152946618822e-01,-1.026680509173965306e-01,7.922542659785510644e+00,6.648798348132864411e-02,1.026426787371809146e-01,9.924937423249793333e-01,3.157256070602181275e+00,0.000000000000000000e+00,0.000000000000000000e+00,0.000000000000000000e+00,1.000000000000000056e-01
9.976483792700248099e-01,-2.156057659851949408e-03,-6.850593226327321428e-02,4.324795296006249856e+01,-4.894495117074470353e-03,9.947122590773974649e-01,-1.025844313660183860e-01,7.864953238704430305e+00,6.836486859083192036e-02,1.026784936415985616e-01,9.923625202949023505e-01,3.236878733956713994e+00,0.000000000000000000e+00,0.000000000000000000e+00,0.000000000000000000e+00,1.000000000000000056e-01
9.977799402379758931e-01,-8.226298160830040201e-03,-6.608720660816569392e-02,4.424393573900545107e+01,1.233350091430765547e-03,9.944540183561689783e-01,-1.051650332706656893e-01,7.871325354080387804e+00,6.658580709320285895e-02,1.048500519496169819e-01,9.922564169104221010e-01,3.332659371578759799e+00,0.000000000000000000e+00,0.000000000000000000e+00,0.000000000000000000e+00,1.000000000000000056e-01
9.978117558461673253e-01,-1.173982322718080534e-02,-6.506824452667478442e-02,4.522321151881492796e+01,4.885476173751767022e-03,9.945113203442609295e-01,-1.045149072126577011e-01,7.861006750293856093e+00,6.593809231198838328e-02,1.039683137196583257e-01,9.923924413882576623e-01,3.407201838954186712e+00,0.000000000000000000e+00,0.000000000000000000e+00,0.000000000000000000e+00,1.000000000000000056e-01
9.974568151470760702e-01,-1.924656712746427439e-02,-6.862558976402058364e-02,4.614345931032861614e+01,1.216102200095017793e-02,9.946884728131675235e-01,-1.022103301848741319e-01,7.879121729009081143e+00,7.022828105930004061e-02,1.011158331143871825e-01,9.923928540820109445e-01,3.494636052019743921e+00,0.000000000000000000e+00,0.000000000000000000e+00,0.000000000000000000e+00,1.000000000000000056e-01
9.970066926419951514e-01,-2.138904601464480457e-02,-7.429780304728769713e-02,4.710491304608131458e+01,1.374887248463824499e-02,9.947036331736853754e-01,-1.018609378342431593e-01,7.880235163947707733e+00,7.608300291439148988e-02,1.005345257195447151e-01,9.920202547356958833e-01,3.556060539005629906e+00,0.000000000000000000e+00,0.000000000000000000e+00,0.000000000000000000e+00,1.000000000000000056e-01
9.968873567578682149e-01,-2.512865472594378105e-02,-7.472716138041765599e-02,4.805853491366479346e+01,1.719555743604790979e-02,9.943267828171222789e-01,-1.049693373181654898e-01,7.897745320118981560e+00,7.694095619872590164e-02,1.033576300241812740e-01,9.916638995017466041e-01,3.644568480992073312e+00,0.000000000000000000e+00,0.000000000000000000e+00,0.000000000000000000e+00,1.000000000000000056e-01
9.969920714525627448e-01,-2.608271297300352246e-02,-7.298288528618181170e-02,4.903477448100113634e+01,1.831465293481734577e-02,9.942877008634256608e-01,-1.051500898696724889e-01,7.941308756840029126e+00,7.530858482673304100e-02,1.034971496983898981e-01,9.917746503393317647e-01,3.737289144589359235e+00,0.000000000000000000e+00,0.000000000000000000e+00,0.000000000000000000e+00,1.000000000000000056e-01
9.970912697769511723e-01,-2.457591215228890902e-02,-7.214585418768144909e-02,5.003505318485728282e+01,1.689988503080843557e-02,9.943137837910728249e-01,-1.051403502420697883e-01,7.966636685994451739e+00,7.431953727340255556e-02,1.036152686864374589e-01,9.918369233268665708e-01,3.840538618167128604e+00,0.000000000000000000e+00,0.000000000000000000e+00,0.000000000000000000e+00,1.000000000000000056e-01
9.969529864374726547e-01,-2.854116565554066370e-02,-7.259576224840826042e-02,5.097125768232544374e+01,2.041974586355665977e-02,9.936941348957223363e-01,-1.102497176990028804e-01,7.999779288962884038e+00,7.528463862085142677e-02,1.084313982980255331e-01,9.912491387390269804e-01,3.924554168789624153e+00,0.000000000000000000e+00,0.000000000000000000e+00,0.000000000000000000e+00,1.000000000000000056e-01
9.968932665778789115e-01,-2.867010782053288839e-02,-7.336102486501355768e-02,5.190896781591665388e+01,2.048523757384909313e-02,9.937222478547018678e-01,-1.099838586345353864e-01,8.022983073226859219e+00,7.605373161935632953e-02,1.081393500820007902e-01,9.912223317049577709e-01,4.006095580991223315e+00,0.000000000000000000e+00,0.000000000000000000e+00,0.000000000000000000e+00,1.000000000000000056e-01
9.968952476229967496e-01,-3.111380392319771857e-02,-7.233115837668238624e-02,5.289113983976325528e+01,2.290922628356973842e-02,9.934876719088676644e-01,-1.116127820466196185e-01,8.044794421684294150e+00,7.533281235804289988e-02,1.096092011216522888e-01,9.911159318726043832e-01,4.106275963719151711e+00,0.000000000000000000e+00,0.000000000000000000e+00,0.000000000000000000e+00,1.000000000000000056e-01
9.964797007170776988e-01,-4.246533153977810615e-02,-7.228348134961339044e-02,5.385857309913154722e+01,3.406677215558752414e-02,9.929313996380539908e-01,-1.136956052260355010e-01,8.078822924928926952e+00,7.660065987772211871e-02,1.108328977787369496e-01,9.908826407179942564e-01,4.188423013161512998e+00,0.000000000000000000e+00,0.000000000000000000e+00,0.000000000000000000e+00,1.000000000000000056e-01
9.966070237866248016e-01,-4.572946287330308807e-02,-6.843432153886754021e-02,5.477691619659658073e+01,3.767058314891649079e-02,9.926812826169121307e-01,-1.147379549550316125e-01,8.108010964253802300e+00,7.318037513149604212e-02,1.117706910033282874e-01,9.910357941710541407e-01,4.273459954485175238e+00,0.000000000000000000e+00,0.000000000000000000e+00,0.000000000000000000e+00,1.000000000000000056e-01
9.966677230556396649e-01,-5.010613019424520892e-02,-6.436478490637571881e-02,5.569765520211407761e+01,4.247328192696932930e-02,9.924661690879311715e-01,-1.149213798136716619e-01,8.164427438142817905e+00,6.963813711924553285e-02,1.118046462938072499e-01,9.912871687486315420e-01,4.367751027227103400e+00,0.000000000000000000e+00,0.000000000000000000e+00,0.000000000000000000e+00,1.000000000000000056e-01
9.967083655958907107e-01,-5.356756693546781828e-02,-6.085186705255923173e-02,5.660934211799659010e+01,4.681238912030060567e-02,9.931053047259424948e-01,-1.074730382470058254e-01,8.215729760860750019e+00,6.618938114242894910e-02,1.042706550176366320e-01,9.923439909256140945e-01,4.460501506186796306e+00,0.000000000000000000e+00,0.000000000000000000e+00,0.000000000000000000e+00,1.000000000000000056e-01
9.961541570946621516e-01,-6.006187502583666682e-02,-6.379237000930360058e-02,5.746869008987749083e+01,5.308995135617071426e-02,9.929622335076047079e-01,-1.058652912553902647e-01,8.270140468440732917e+00,6.970188209813668601e-02,1.020714161554054367e-01,9.923321387700830831e-01,4.554185575400640396e+00,0.000000000000000000e+00,0.000000000000000000e+00,0.000000000000000000e+00,1.000000000000000056e-01
9.954908004623396200e-01,-6.406122244826220613e-02,-6.995874479494801346e-02,5.837961224993754428e+01,5.655924215967306212e-02,9.929256268228062732e-01,-1.044018760600628898e-01,8.347249137926565865e+00,7.615194233356006870e-02,9.997429358075775319e-02,9.920715812389016008e-01,4.632306497944263413e+00,0.000000000000000000e+00,0.000000000000000000e+00,0.000000000000000000e+00,1.000000000000000056e-01
9.948947812568980087e-01,-6.634393088034393204e-02,-7.604509887647786792e-02,5.933358267868965896e+01,5.836184769759637792e-02,9.929916636330297086e-01,-1.027689188842156182e-01,8.403626778570671974e+00,8.233024329559407439e-02,9.780612859454192176e-02,9.917941783698047686e-01,4.718742232151056371e+00,0.000000000000000000e+00,0.000000000000000000e+00,0.000000000000000000e+00,1.000000000000000056e-01
9.950981718904798878e-01,-6.424006758129412187e-02,-7.518538433349807037e-02,6.022975596195375658e+01,5.661557536518876943e-02,9.934271645809940043e-01,-9.948439726226007696e-02,8.494746426121725591e+00,8.108208757977118653e-02,9.474007805420742168e-02,9.921945437685035785e-01,4.808167871939582838e+00,0.000000000000000000e+00,0.000000000000000000e+00,0.000000000000000000e+00,1.000000000000000056e-01
9.951045587192086650e-01,-6.785522829324529270e-02,-7.185113227723449736e-02,6.115175353488130128e+01,6.064625149920772895e-02,9.933213257981265976e-01,-9.815689427516938181e-02,8.575722744861465685e+00,7.803172044331671553e-02,9.331887112435244269e-02,9.925737448153323372e-01,4.900190961886591978e+00,0.000000000000000000e+00,0.000000000000000000e+00,0.000000000000000000e+00,1.000000000000000056e-01
9.948497360083577989e-01,-7.211141399979256739e-02,-7.123164138956374070e-02,6.202467511702120362e+01,6.484586597940533714e-02,9.929203008313592926e-01,-9.952029874525117337e-02,8.654967763267647385e+00,7.790389226143897006e-02,9.438866546314531036e-02,9.924826262472328242e-01,4.992980878684229573e+00,0.000000000000000000e+00,0.000000000000000000e+00,0.000000000000000000e+00,1.000000000000000056e-01
9.946432070722707186e-01,-7.605322845436945922e-02,-7.000569310174312165e-02,6.283469871075696034e+01,6.900278513817642567e-02,9.927769557521690658e-01,-9.814546230280028760e-02,8.719396146225212973e+00,7.696431814914372893e-02,9.278912958489922425e-02,9.927067397588847930e-01,5.070794476033669618e+00,0.000000000000000000e+00,0.000000000000000000e+00,0.000000000000000000e+00,1.000000000000000056e-01
9.942972176606758028e-01,-8.049164019527017822e-02,-6.995812183666604012e-02,6.364332143521842511e+01,7.345142506707687258e-02,9.924755761934079823e-01,-9.796488562326013949e-02,8.771606478244335037e+00,7.731708160461202295e-02,9.226768945973459757e-02,9.927279296836105660e-01,5.141905658078581354e+00,0.000000000000000000e+00,0.000000000000000000e+00,0.000000000000000000e+00,1.000000000000000056e-01
9.940584458536927404e-01,-8.357183342311395868e-02,-6.973919188835091265e-02,6.443299998573357357e+01,7.669340549205792834e-02,9.924150571410569333e-01,-9.607536580072632837e-02,8.831562741112190196e+00,7.723941856961195895e-02,9.015599269051331743e-02,9.929279778518764754e-01,5.215755331674024831e+00,0.000000000000000000e+00,0.000000000000000000e+00,0.000000000000000000e+00,1.000000000000000056e-01
9.936565628573654774e-01,-8.641014706909964926e-02,-7.197167202436657862e-02,6.521365070743479464e+01,7.920261205221691692e-02,9.920688869346458993e-01,-9.760261174967954645e-02,8.897429545283060293e+00,7.983471259165678124e-02,9.128313129899320866e-02,9.926196696649015605e-01,5.298467558606008154e+00,0.000000000000000000e+00,0.000000000000000000e+00,0.000000000000000000e+00,1.000000000000000056e-01
9.933358870557832399e-01,-9.071109634151289236e-02,-7.110072072504688978e-02,6.595254622000469169e+01,8.364971887340627577e-02,9.917936317732282125e-01,-9.668565822535568621e-02,8.957207549559882409e+00,7.928770408771113054e-02,9.009377877850921479e-02,9.927721647014025041e-01,5.375285880850021236e+00,0.000000000000000000e+00,0.000000000000000000e+00,0.000000000000000000e+00,1.000000000000000056e-01
9.931297307972044575e-01,-9.503091360280575828e-02,-6.828223243632504380e-02,6.672475708098298242e+01,8.820870899226022910e-02,9.913873541133091383e-01,-9.680050496836771490e-02,9.028609343759375960e+00,7.689318217235517616e-02,9.011237186995081638e-02,9.929588103095620122e-01,5.457446466221115955e+00,0.000000000000000000e+00,0.000000000000000000e+00,0.000000000000000000e+00,1.000000000000000056e-01
9.913406785229581519e-01,-1.128242513910778094e-01,-6.718889345482474684e-02,6.751982658523206737e+01,1.063936099121783191e-01,9.900000503288010067e-01,-9.262990941821537538e-02,9.135735793639286229e+00,7.696790808834642894e-02,8.467932833351025923e-02,9.934311010218521698e-01,5.537357655544337121e+00,0.000000000000000000e+00,0.000000000000000000e+00,0.000000000000000000e+00,1.000000000000000056e-01
9.910288605595138911e-01,-1.166022375826162583e-01,-6.531244696716419218e-02,6.823986872762161227e+01,1.104036405842440394e-01,9.896562883309903969e-01,-9.160495135456749038e-02,9.205216041633736523e+00,7.531821614892765526e-02,8.357241864188642844e-02,9.936512552996089598e-01,5.616630064631121577e+00,0.000000000000000000e+00,0.000000000000000000e+00,0.000000000000000000e+00,1.000000000000000056e-01
9.908573499972401777e-01,-1.160673889361602956e-01,-6.877552749335237581e-02,6.889984223904200178e+01,1.098662571892009138e-01,9.900457327030514065e-01,-8.797074904600045431e-02,9.292769150657921529e+00,7.830145265372238927e-02,7.961035348508464782e-02,9.937459806863606637e-01,5.683678391403522490e+00,0.000000000000000000e+00,0.000000000000000000e+00,0.000000000000000000e+00,1.000000000000000056e-01
9.902596384803159513e-01,-1.185564508756599134e-01,-7.300833070685353032e-02,6.955097350242287746e+01,1.119209229005120876e-01,9.897132300546260808e-01,-8.911469728353654807e-02,9.390876950441422011e+00,8.282243303557126901e-02,8.007552816314084110e-02,9.933420127908928476e-01,5.748549784964763099e+00,0.000000000000000000e+00,0.000000000000000000e+00,0.000000000000000000e+00,1.000000000000000056e-01
9.890261852278585675e-01,-1.250380454382969408e-01,-7.869366001527706989e-02,7.027566731786217247e+01,1.177319283312056736e-01,9.888211774664563691e-01,-9.149793465027854233e-02,9.489521191200747552e+00,8.925468046576311154e-02,8.122909692235401324e-02,9.926910072263842588e-01,5.824676817166685616e+00,0.000000000000000000e+00,0.000000000000000000e+00,0.000000000000000000e+00,1.000000000000000056e-01
9.877565411926350070e-01,-1.334653486408418632e-01,-8.077138133857084124e-02,7.099561074538063110e+01,1.260257278568455153e-01,9.878344139178403260e-01,-9.110810390821021121e-02,9.591105699161124321e+00,9.194852499803682355e-02,7.981335346779670770e-02,9.925599716686694940e-01,5.899054850798011174e+00,0.000000000000000000e+00,0.000000000000000000e+00,0.000000000000000000e+00,1.000000000000000056e-01
9.874020624221558906e-01,-1.378284482337369943e-01,-7.772056344335800948e-02,7.166653142748648975e+01,1.307217341482354300e-01,9.873136786619877148e-01,-9.013061715206122093e-02,9.678510077276120782e+00,8.915713850136183782e-02,7.883539043103326982e-02,9.928927363365267489e-01,5.985753019266855546e+00,0.000000000000000000e+00,0.000000000000000000e+00,0.000000000000000000e+00,1.000000000000000056e-01
9.862686347581436364e-01,-1.472704261111937307e-01,-7.473688303197317806e-02,7.223559014546398771e+01,1.402611411480324533e-01,9.858596760312963170e-01,-9.169248311240719984e-02,9.776075667929639224e+00,8.718367035264759646e-02,7.995073963694641905e-02,9.929787947662055414e-01,6.047275029102071819e+00,0.000000000000000000e+00,0.000000000000000000e+00,0.000000000000000000e+00,1.000000000000000056e-01
9.859758257704163142e-01,-1.474283903492461523e-01,-7.820831615228580891e-02,7.276514004876946728e+01,1.399191624739550277e-01,9.856802519604987989e-01,-9.411200171962437466e-02,9.841535352707543538e+00,9.096317369646113316e-02,8.184931651588737977e-02,9.924849572748947191e-01,6.108525644190868853e+00,0.000000000000000000e+00,0.000000000000000000e+00,0.000000000000000000e+00,1.000000000000000056e-01
9.850382578072773843e-01,-1.531115268646034422e-01,-7.909798352166538815e-02,7.338705423523512650e+01,1.447960010943502018e-01,9.841974451688342285e-01,-1.019289310756493205e-01,9.927602906513387282e+00,9.345452756869920830e-02,8.895082497835168911e-02,9.916420735389266383e-01,6.186345978113672928e+00,0.000000000000000000e+00,0.000000000000000000e+00,0.000000000000000000e+00,1.000000000000000056e-01
9.842457468931989917e-01,-1.548974618699084094e-01,-8.524720540234208277e-02,7.397192102979784067e+01,1.455838095234785190e-01,9.836101672699283371e-01,-1.063785375339177525e-01,1.001167681251525110e+01,1.003277834265282747e-01,9.229201021477366484e-02,9.906646863208740106e-01,6.255636556722853570e+00,0.000000000000000000e+00,0.000000000000000000e+00,0.000000000000000000e+00,1.000000000000000056e-01
9.845670086587081649e-01,-1.530678919175452735e-01,-8.484118059505105225e-02,7.454549331541159063e+01,1.441445208973816672e-01,9.841939955355185621e-01,-1.028811753776944782e-01,1.008324185281716900e+01,9.924798514885674328e-02,8.906401975966671269e-02,9.910688360694942522e-01,6.330647191040958965e+00,0.000000000000000000e+00,0.000000000000000000e+00,0.000000000000000000e+00,1.000000000000000056e-01
9.845552172450866557e-01,-1.547478108485856318e-01,-8.187880820487494771e-02,7.511622632104219122e+01,1.460511094963212186e-01,9.838710099254023289e-01,-1.032807302610824624e-01,1.019277197666952617e+01,9.654065263076441750e-02,8.972709103687274979e-02,9.912764253848099782e-01,6.385652808949311421e+00,0.000000000000000000e+00,0.000000000000000000e+00,0.000000000000000000e+00,1.000000000000000056e-01
9.847845041387620624e-01,-1.541394649557387142e-01,-8.025276164301853310e-02,7.569661726049407946e+01,1.453374147226368929e-01,9.836961059890223513e-01,-1.059198137449946509e-01,1.026045864522486362e+01,9.527075254196748499e-02,9.264446235578627231e-02,9.911309133030280494e-01,6.450383493022665782e+00,0.000000000000000000e+00,0.000000000000000000e+00,0.000000000000000000e+00,1.000000000000000056e-01
9.851637777571955468e-01,-1.539982678880598699e-01,-7.574209188191467768e-02,7.628656822167256735e+01,1.452010965396817177e-01,9.832163561290376830e-01,-1.104637433912661476e-01,1.033540497514723633e+01,9.148208873241302219e-02,9.782704394907786039e-02,9.909898571193047623e-01,6.523429318597066207e+00,0.000000000000000000e+00,0.000000000000000000e+00,0.000000000000000000e+00,1.000000000000000056e-01
9.862056615651614289e-01,-1.489011971348184193e-01,-7.229679514778075688e-02,7.685482328286960296e+01,1.403678407916351678e-01,9.838055417258628754e-01,-1.114608691020112369e-01,1.039324015709867055e+01,8.772264455838293951e-02,9.977519512032771709e-02,9.911355346623307305e-01,6.604851409835753806e+00,0.000000000000000000e+00,0.000000000000000000e+00,0.000000000000000000e+00,1.000000000000000056e-01
9.874898365233382158e-01,-1.411617032907929725e-01,-7.026518545590619558e-02,7.735270277678520756e+01,1.331134453801277040e-01,9.851533618491554734e-01,-1.084143177644848466e-01,1.049137996122950867e+01,8.452593342958432399e-02,9.770479599973105889e-02,9.916194529236043165e-01,6.671022709146638086e+00,0.000000000000000000e+00,0.000000000000000000e+00,0.000000000000000000e+00,1.000000000000000056e-01
9.891711898930615199e-01,-1.284227003438250803e-01,-7.104904729793984353e-02,7.785214798122086677e+01,1.204830167898687382e-01,9.869780184906052911e-01,-1.065750143399973177e-01,1.055484760103206554e+01,8.381049904849030563e-02,9.686073018906336818e-02,9.917629753103734958e-01,6.724213548507695926e+00,0.000000000000000000e+00,0.000000000000000000e+00,0.000000000000000000e+00,1.000000000000000056e-01
9.914218665323246693e-01,-1.104823061814936003e-01,-6.983081398909866955e-02,7.831646535424329159e+01,1.034720760412107532e-01,9.898821866470389752e-01,-9.709163732576839290e-02,1.062365303777957770e+01,7.985118684955970492e-02,8.903323300709317656e-02,9.928226787191262170e-01,6.775460883259215805e+00,0.000000000000000000e+00,0.000000000000000000e+00,0.000000000000000000e+00,1.000000000000000056e-01
9.937465350384313556e-01,-8.882477126645937915e-02,-6.766080186173399624e-02,7.879205461435010704e+01,8.185401748472179162e-02,9.916519497877540612e-01,-9.963097060531189708e-02,1.065512068150823310e+01,7.594566426546357774e-02,9.346962336292383156e-02,9.927213534460063160e-01,6.831925454197757652e+00,0.000000000000000000e+00,0.000000000000000000e+00,0.000000000000000000e+00,1.000000000000000056e-01
9.954204263888780657e-01,-6.796775511019174931e-02,-6.722022755886172818e-02,7.934478492549507678e+01,6.107289245461432203e-02,9.931326211588485942e-01,-9.978826883648181378e-02,1.074910862445069881e+01,7.354098540957459962e-02,9.522594738534165271e-02,9.927354846128715327e-01,6.899267448618053855e+00,0.000000000000000000e+00,0.000000000000000000e+00,0.000000000000000000e+00,1.000000000000000056e-01
9.970248143513162908e-01,-4.052703347019873115e-02,-6.556736326731969766e-02,7.983591214327748276e+01,3.395126260802504292e-02,9.945607992495874017e-01,-9.846892079911753748e-02,1.081507625373432724e+01,6.920138246483369115e-02,9.594986271031008540e-02,9.929777401889875454e-01,6.948377855836618266e+00,0.000000000000000000e+00,0.000000000000000000e+00,0.000000000000000000e+00,1.000000000000000056e-01
9.977282902968841460e-01,-1.037457352861744821e-02,-6.656295490252607527e-02,8.030436402342502333e+01,3.638282178657203242e-03,9.949268427549916582e-01,-1.005352697732119494e-01,1.080886320406563783e+01,6.726828111409473288e-02,1.000647080127821664e-01,9.927044034183951648e-01,6.980696018951215720e+00,0.000000000000000000e+00,0.000000000000000000e+00,0.000000000000000000e+00,1.000000000000000056e-01
