1.000000000000000000e+00,-8.329786728829363044e-14,6.772438386997018295e-14,5.738117883989125727e-21,8.329786728829517030e-14,1.000000000000000000e+00,-2.273677444198502614e-14,1.898227645666349805e-20,-6.772438386996828969e-14,2.273677444199066807e-14,1.000000000000000000e+00,-2.133135844430341701e-20,0.000000000000000000e+00,0.000000000000000000e+00,0.000000000000000000e+00,1.000000000000000056e-01
9.999986407670345967e-01,-1.625796129483485881e-03,-2.743192093176225616e-04,6.752053768691319569e-01,1.625827828284198652e-03,9.999986716858167979e-01,1.153710309567750297e-04,-3.145049380280692808e-02,2.741312751599420811e-04,-1.158168699450080159e-04,9.999999557192473798e-01,9.748706034190944558e-03,0.000000000000000000e+00,0.000000000000000000e+00,0.000000000000000000e+00,1.000000000000000056e-01
9.999844578249996729e-01,-5.487781220082077298e-03,-9.840557514727958383e-04,1.344792642950128458e+00,5.489063001648144917e-03,9.999840839575983020e-01,1.304614443823525838e-03,-5.718666768089230960e-03,9.768806505554672014e-04,-1.309995711294500509e-03,9.999986648068240891e-01,1.987149588464506150e-02,0.000000000000000000e+00,0.000000000000000000e+00,0.000000000000000000e+00,1.000000000000000056e-01
9.999489608915734795e-01,-9.926353812177202834e-03,-1.882315557470449216e-03,2.062133844474668631e+00,9.925548141640115618e-03,9.999506450966959559e-01,-4.368807499126611078e-04,1.945068249495096775e-03,1.886559288865485027e-03,4.181754382252657679e-04,9.999981330099334542e-01,1.628835464776819814e-02,0.000000000000000000e+00,0.000000000000000000e+00,0.000000000000000000e+00,1.000000000000000056e-01
9.998899767419626716e-01,-1.441308809774947790e-02,-3.506750981164475506e-03,2.749144816395369340e+00,1.441067711878534809e-02,9.998959074274064163e-01,-7.118250498991383381e-04,1.567820239778026925e-02,3.516645551587782061e-03,6.612120764624509518e-04,9.999935979808343145e-01,2.062628421923432334e-02,0.000000000000000000e+00,0.000000000000000000e+00,0.000000000000000000e+00,1.000000000000000056e-01
9.998136524241469925e-01,-1.915490640148204485e-02,-2.397913058777692997e-03,3.450641269402193956e+00,1.915204418697069935e-02,9.998158494400248841e-01,-1.210954987497487841e-03,2.691446359141968017e-02,2.420667211187069612e-03,1.164804392112875992e-03,9.999963917939808100e-01,2.396369851598606840e-02,0.000000000000000000e+00,0.000000000000000000e+00,0.000000000000000000e+00,1.000000000000000056e-01
9.996251742247079797e-01,-2.706506048100090073e-02,-4.122324269375822123e-03,4.189395112405014387e+00,2.705964255238739458e-02,9.996328896221816640e-01,-1.364452470480547039e-03,2.273857635188150303e-02,4.157739909992809110e-03,1.252392417311108804e-03,9.999905723115962708e-01,2.538230216579030057e-02,0.000000000000000000e+00,0.000000000000000000e+00,0.000000000000000000e+00,1.000000000000000056e-01
9.996206664708640055e-01,-2.737880760290667403e-02,-2.987316285353791654e-03,4.961195014685278792e+00,2.738480912766644293e-02,9.996229910916126782e-01,1.986934850212563643e-03,6.206661167292391867e-02,2.931790133518563050e-03,-2.067988225482052071e-03,9.999935639949451005e-01,2.766001420152549781e-02,0.000000000000000000e+00,0.000000000000000000e+00,0.000000000000000000e+00,1.000000000000000056e-01
9.995870246940651294e-01,-2.855435526041689986e-02,-3.229374386519577329e-03,5.713117779624584003e+00,2.856318899300177433e-02,9.995882794310571029e-01,2.723207412043226420e-03,1.011938419184349042e-01,3.150285354768546636e-03,-2.814324025560431802e-03,9.999910776014266922e-01,4.193221616510838662e-02,0.000000000000000000e+00,0.000000000000000000e+00,0.000000000000000000e+00,1.000000000000000056e-01
9.994818425914360205e-01,-3.216699830739445931e-02,-1.153494655392791170e-03,6.476647271740395340e+00,3.216898637328638455e-02,9.994809148159491397e-01,1.748494892409656548e-03,1.495707254016546972e-01,1.096652061162665471e-03,-1.784695650678307663e-03,9.999978061054389800e-01,4.529421627242132681e-02,0.000000000000000000e+00,0.000000000000000000e+00,0.000000000000000000e+00,1.000000000000000056e-01
9.993688827365349026e-01,-3.550459187047762255e-02,1.122574737272626728e-03,7.268196709857127402e+00,3.550220471333492833e-02,9.993674347833896299e-01,2.079364075846890612e-03,1.743299397184585042e-01,-1.195691608403859222e-03,-2.038197875152923493e-03,9.999972080316020806e-01,5.639390764548042612e-02,0.000000000000000000e+00,0.000000000000000000e+00,0.000000000000000000e+00,1.000000000000000056e-01
9.993312639519447149e-01,-3.655508326914334860e-02,8.664729623974635553e-04,8.054304424188012845e+00,3.655278048596462270e-02,9.993284979422933922e-01,2.539180801886551340e-03,1.967275695778206990e-01,-9.587110896686394873e-04,-2.505810764160261786e-03,9.999964008862535225e-01,6.383860868403018474e-02,0.000000000000000000e+00,0.000000000000000000e+00,0.000000000000000000e+00,1.000000000000000056e-01
9.992887793223229620e-01,-3.770701579035134338e-02,-3.412926719132535359e-04,8.883600326510723733e+00,3.770760562734472993e-02,9.992869541462554572e-01,1.928665588478970178e-03,2.474627127563780726e-01,2.683250907895485442e-04,-1.940163211108127681e-03,9.999980818823404061e-01,8.406078278594289466e-02,0.000000000000000000e+00,0.000000000000000000e+00,0.000000000000000000e+00,1.000000000000000056e-01
9.992138211412100457e-01,-3.964464735174254295e-02,2.039037466345966943e-04,9.645626211330894151e+00,3.964416473246050454e-02,9.992118830381400141e-01,1.988214787176079395e-03,3.106487917521305597e-01,-2.825651207304026471e-04,-1.978568101022519770e-03,9.999980027106164515e-01,9.474717769570416281e-02,0.000000000000000000e+00,0.000000000000000000e+00,0.000000000000000000e+00,1.000000000000000056e-01
9.990623446298774191e-01,-4.329460123181003844e-02,-9.511482883275791732e-05,1.042248626309385173e+01,4.329470553757137213e-02,9.990601266215832776e-01,2.105200057249970169e-03,3.610737939989483447e-01,3.881635945424242887e-06,-2.107344073617677636e-03,9.999977795404789704e-01,1.017577715816217060e-01,0.000000000000000000e+00,0.000000000000000000e+00,0.000000000000000000e+00,1.000000000000000056e-01
9.990091174195003809e-01,-4.449893857629508287e-02,7.923246140519418475e-04,1.119494538272271988e+01,4.449966250604245332e-02,9.990089750454538287e-01,-9.207689613774384637e-04,3.539321736726794843e-01,-7.505661591320215075e-04,9.551147653734866653e-04,9.999992622028407441e-01,1.214202116711786267e-01,0.000000000000000000e+00,0.000000000000000000e+00,0.000000000000000000e+00,1.000000000000000056e-01
9.989754031706241655e-01,-4.523843404553536812e-02,-1.275909556574447538e-03,1.205918077692528456e+01,4.523762926991190675e-02,9.989760411804979867e-01,-6.527215163610629442e-04,4.026955344011708404e-01,1.304131176999108119e-03,5.943336164626814152e-04,9.999989730041853875e-01,1.260754624481009167e-01,0.000000000000000000e+00,0.000000000000000000e+00,0.000000000000000000e+00,1.000000000000000056e-01
9.987765907973542578e-01,-4.932676508236515101e-02,-3.491693245897096228e-03,1.294947636901505916e+01,4.933027211166718384e-02,9.987820922529074830e-01,9.254449165102880031e-04,4.919552706614266357e-01,3.441791481649075692e-03,-1.096558896633461786e-03,9.999934757937088969e-01,1.465810158542419639e-01,0.000000000000000000e+00,0.000000000000000000e+00,0.000000000000000000e+00,1.000000000000000056e-01
9.988465509793069685e-01,-4.799463056269340222e-02,-1.443271940193973334e-03,1.381427534197844764e+01,4.799865162968783294e-02,9.988432079211686521e-01,2.894033773268701523e-03,5.508258845908204915e-01,1.302704292861968632e-03,-2.959970759911346658e-03,9.999947707536404051e-01,1.439695901295797165e-01,0.000000000000000000e+00,0.000000000000000000e+00,0.000000000000000000e+00,1.000000000000000056e-01
9.982057460330903131e-01,-5.986271736616270711e-02,-1.320475694814910676e-03,1.476683287768999975e+01,5.986145018209944324e-02,9.982062151549134787e-01,-9.791875196376654319e-04,6.593381346225604123e-01,1.376723871261789980e-03,8.983850185243710817e-04,9.999986487669574320e-01,1.499737092583612874e-01,0.000000000000000000e+00,0.000000000000000000e+00,0.000000000000000000e+00,1.000000000000000056e-01
9.974526697080444704e-01,-7.128325588102540911e-02,2.620901237171679998e-03,1.575392088799839030e+01,7.129249691922623366e-02,9.974488840763522379e-01,-3.619880918179916446e-03,7.331929442090142635e-01,-2.356178116541762790e-03,3.797510479240422988e-03,9.999900136195577494e-01,1.487345768693014991e-01,0.000000000000000000e+00,0.000000000000000000e+00,0.000000000000000000e+00,1.000000000000000056e-01
9.973050604592639257e-01,-7.332390927107643175e-02,2.494135431542639919e-03,1.669257726453732005e+01,7.333252882285457019e-02,9.973011901080010011e-01,-3.560396833219423539e-03,7.958003937491920921e-01,-2.226342019799998524e-03,3.733703037434572478e-03,9.999905513867813900e-01,1.658901308690028664e-01,0.000000000000000000e+00,0.000000000000000000e+00,0.000000000000000000e+00,1.000000000000000056e-01
9.972747472159841919e-01,-7.366925199688598158e-02,3.989971868835810731e-03,1.760613219432986298e+01,7.368949443486749740e-02,9.972677337217806803e-01,-5.188996758251767337e-03,8.669930854232078543e-01,-3.596800693452873073e-03,5.468874440213946329e-03,9.999785769890916498e-01,1.695311586886911470e-01,0.000000000000000000e+00,0.000000000000000000e+00,0.000000000000000000e+00,1.000000000000000056e-01
9.971094828249805753e-01,-7.595710974870877041e-02,1.787942706667054130e-03,1.854130791220397612e+01,7.596692791139882106e-02,9.970905674412628983e-01,-6.279027262619325117e-03,9.273470489852038146e-01,-1.305804045041210164e-03,6.396702141181397072e-03,9.999786883116624780e-01,1.625832824592608472e-01,0.000000000000000000e+00,0.000000000000000000e+00,0.000000000000000000e+00,1.000000000000000056e-01
9.969661494878598873e-01,-7.778513821653604277e-02,2.822950227103376321e-03,1.948588921961650300e+01,7.780898169557193267e-02,9.969215984791095497e-01,-9.648256493029026479e-03,1.012028441956499103e+00,-2.063769087972009038e-03,9.838636007674586223e-03,9.999494697726780679e-01,1.717985125778569988e-01,0.000000000000000000e+00,0.000000000000000000e+00,0.000000000000000000e+00,1.000000000000000056e-01
9.966699354368607766e-01,-8.149996309830780106e-02,2.606877683770074047e-03,2.043171951184692148e+01,8.151818485160332306e-02,9.966406978561194174e-01,-7.880667190483969797e-03,1.088916361908637054e+00,-1.955846308763662007e-03,8.066931996850133096e-03,9.999655490432531879e-01,1.864208825053881857e-01,0.000000000000000000e+00,0.000000000000000000e+00,0.000000000000000000e+00,1.000000000000000056e-01
9.966198177397384006e-01,-8.189257056108398269e-02,6.522712266259897765e-03,2.135415831553811117e+01,8.193547402959577841e-02,9.966157393791107433e-01,-6.606520822176378469e-03,1.157121221817181800e+00,-5.959612735402453759e-03,7.118631099185873320e-03,9.999569031249885276e-01,1.887987441029003177e-01,0.000000000000000000e+00,0.000000000000000000e+00,0.000000000000000000e+00,1.000000000000000056e-01
9.968441302514171598e-01,-7.894282664214949397e-02,8.355244164183353930e-03,2.232385669992714838e+01,7.900490250043529228e-02,9.968469105950219511e-01,-7.379852170407352405e-03,1.256046639560707279e+00,-7.746312941800104039e-03,8.016667568752387091e-03,9.999378619078787001e-01,1.916015475630108988e-01,0.000000000000000000e+00,0.000000000000000000e+00,0.000000000000000000e+00,1.000000000000000056e-01
9.968741068143993633e-01,-7.815666431559206706e-02,1.155642617997897602e-02,2.330431835694932019e+01,7.822933250591401766e-02,9.969174838907527425e-01,-5.975102393254426783e-03,1.333460275556432428e+00,-1.105380923811298717e-02,6.860476367613711074e-03,9.999153700015500634e-01,1.990170246012490651e-01,0.000000000000000000e+00,0.000000000000000000e+00,0.000000000000000000e+00,1.000000000000000056e-01
9.969400803358114960e-01,-7.706548675375825275e-02,1.309148469166318898e-02,2.424582979227261958e+01,7.714826716124019435e-02,9.970019379933336978e-01,-5.939740024169100525e-03,1.397390119277654774e+00,-1.259448665264488801e-02,6.931550255398695980e-03,9.998966609190237387e-01,2.111367443135618582e-01,0.000000000000000000e+00,0.000000000000000000e+00,0.000000000000000000e+00,1.000000000000000056e-01
9.969564317721765212e-01,-7.694226200667372839e-02,1.256031310859323860e-02,2.519225738239479639e+01,7.704319996781902602e-02,9.969975575201650564e-01,-7.759873552047583459e-03,1.483224591033186490e+00,-1.192553926697566616e-02,8.703942561936411568e-03,9.998910055086356330e-01,1.993078083271539735e-01,0.000000000000000000e+00,0.000000000000000000e+00,0.000000000000000000e+00,1.000000000000000056e-01
9.976603815740470171e-01,-6.785910122008106948e-02,8.300928811260530060e-03,2.613834163530421151e+01,6.791364516576989252e-02,9.976701898326272300e-01,-6.475269849773867235e-03,1.582661665544402130e+00,-7.842183230754272427e-03,7.023866522954581686e-03,9.999445811949995155e-01,2.013056281886612120e-01,0.000000000000000000e+00,0.000000000000000000e+00,0.000000000000000000e+00,1.000000000000000056e-01
9.978978545178505133e-01,-6.466608507722461374e-02,4.262556680679457921e-03,2.708736780986609816e+01,6.470603186787364514e-02,9.978541067555886102e-01,-1.001554146914403025e-02,1.643939067034023260e+00,-3.605743832356328189e-03,1.027030047231205188e-02,9.999407580150054820e-01,2.027572442701439936e-01,0.000000000000000000e+00,0.000000000000000000e+00,0.000000000000000000e+00,1.000000000000000056e-01
9.977512440218291312e-01,-6.660184439564437175e-02,7.526577973476160366e-03,2.807406623543500146e+01,6.668203517556864357e-02,9.977140886673001585e-01,-1.095917239680353761e-02,1.702525881368387672e+00,-6.779471788913192173e-03,1.143641542953941631e-02,9.999116196766524300e-01,2.136488925282405416e-01,0.000000000000000000e+00,0.000000000000000000e+00,0.000000000000000000e+00,1.000000000000000056e-01
9.974933062223231284e-01,-6.966413977090891996e-02,1.241014390077586210e-02,2.910088723041124581e+01,6.982125756408470718e-02,9.974785236895433727e-01,-1.271167850045203628e-02,1.753471977460719478e+00,-1.149330386914234822e-02,1.354630606875454994e-02,9.998421883267695209e-01,2.098822254090612072e-01,0.000000000000000000e+00,0.000000000000000000e+00,0.000000000000000000e+00,1.000000000000000056e-01
9.975109291828170299e-01,-6.808514038571164551e-02,1.834011503483461841e-02,3.006822582589592940e+01,6.839717639198680810e-02,9.975140005105291863e-01,-1.696010162361506757e-02,1.821463442471432437e+00,-1.713979061822141353e-02,1.817229881269417924e-02,9.996879488787616674e-01,2.121212840946603284e-01,0.000000000000000000e+00,0.000000000000000000e+00,0.000000000000000000e+00,1.000000000000000056e-01
9.977534125329864390e-01,-6.518106651665077356e-02,1.547760790730257421e-02,3.100875640812050804e+01,6.554779536441766863e-02,9.975485205496831265e-01,-2.450378893156862636e-02,1.870854801810598156e+00,-1.384248177331921445e-02,2.546326210229917647e-02,9.995799157553462155e-01,2.159579507781468066e-01,0.000000000000000000e+00,0.000000000000000000e+00,0.000000000000000000e+00,1.000000000000000056e-01
9.978451545295656810e-01,-6.394650395321915815e-02,1.469327104589229598e-02,3.194760945758959991e+01,6.430352344200607195e-02,9.976104570361999935e-01,-2.526722946758301613e-02,1.951455323430842492e+00,-1.304240985441368524e-02,2.615761159175365724e-02,9.995727461775878453e-01,2.134833188893973943e-01,0.000000000000000000e+00,0.000000000000000000e+00,0.000000000000000000e+00,1.000000000000000056e-01
9.979812571501195384e-01,-6.250308817196310873e-02,1.125941144264672698e-02,3.292244372982381861e+01,6.278141688614093108e-02,9.976795337306054723e-01,-2.634467059673131772e-02,2.026279802974281452e+00,-9.586661089012007628e-03,2.699836928500509714e-02,9.995895077406099505e-01,2.118337859922551358e-01,0.000000000000000000e+00,0.000000000000000000e+00,0.000000000000000000e+00,1.000000000000000056e-01
9.978264089779634860e-01,-6.482265035275595888e-02,1.185249118904515425e-02,3.386599717532786968e+01,6.512794336004652795e-02,9.974979766490517097e-01,-2.749795582836198071e-02,2.082083016622533478e+00,-1.004034560324581701e-02,2.821011489328467681e-02,9.995515899031300888e-01,2.017150614172876222e-01,0.000000000000000000e+00,0.000000000000000000e+00,0.000000000000000000e+00,1.000000000000000056e-01
9.979266799380925868e-01,-6.298782745462562505e-02,1.322403343470242819e-02,3.480481506192553098e+01,6.336868175246233859e-02,9.975183259730208141e-01,-3.068549365640771756e-02,2.140105331075877526e+00,-1.125840311460580244e-02,3.145986237300793520e-02,9.994416068079117199e-01,2.027681986483695076e-01,0.000000000000000000e+00,0.000000000000000000e+00,0.000000000000000000e+00,1.000000000000000056e-01
9.978667943896392112e-01,-6.326658584100448846e-02,1.609968231265399355e-02,3.578694914295125074e+01,6.372234357925000980e-02,9.975293660513786520e-01,-2.957408990827454717e-02,2.219263202842618465e+00,-1.418885419311889662e-02,3.053691178160461081e-02,9.994329259312647595e-01,1.987271936626977542e-01,0.000000000000000000e+00,0.000000000000000000e+00,0.000000000000000000e+00,1.000000000000000056e-01
9.977741893986277200e-01,-6.495500185845402841e-02,1.508359053672945690e-02,3.676715242913113713e+01,6.537410961049129610e-02,9.974338023584794488e-01,-2.918965065466158984e-02,2.295152660652171495e+00,-1.314886924974727200e-02,3.011075632185200926e-02,9.994600790382670574e-01,1.979844263750541455e-01,0.000000000000000000e+00,0.000000000000000000e+00,0.000000000000000000e+00,1.000000000000000056e-01
9.974871863658286708e-01,-6.890199322990872566e-02,1.648721822892732294e-02,3.776465695365180153e+01,6.936587826819640146e-02,9.971565829419102300e-01,-2.944696975403512593e-02,2.372854915962823608e+00,-1.441138328074088697e-02,3.051662537960111651e-02,9.994303615597119883e-01,2.007919385909293641e-01,0.000000000000000000e+00,0.000000000000000000e+00,0.000000000000000000e+00,1.000000000000000056e-01
9.975174736926284424e-01,-6.733779766642389308e-02,2.060365703733370649e-02,3.873839422678738487e+01,6.794761828939713255e-02,9.972229861965328235e-01,-3.048666872696982610e-02,2.433370991910243752e+00,-1.849353526707913850e-02,3.181095419356940596e-02,9.993227968712712350e-01,2.120303024217118637e-01,0.000000000000000000e+00,0.000000000000000000e+00,0.000000000000000000e+00,1.000000000000000056e-01
9.973231302008782606e-01,-7.010106652061248722e-02,2.079457715354510183e-02,3.974979009656105688e+01,7.069419097713736111e-02,9.970673591429746185e-01,-2.930891833115805215e-02,2.512693740228892914e+00,-1.867900769340034156e-02,3.070051798141398489e-02,9.993540778259039081e-01,1.998767419328364991e-01,0.000000000000000000e+00,0.000000000000000000e+00,0.000000000000000000e+00,1.000000000000000056e-01
9.973172585327599871e-01,-7.008057322957392254e-02,2.114235295595954384e-02,4.076842057261739427e+01,7.077112871953084028e-02,9.969162336648502709e-01,-3.390384042041780233e-02,2.603173996696659387e+00,-1.870115430832122727e-02,3.530915336430322238e-02,9.992014464142014996e-01,2.039806081396796089e-01,0.000000000000000000e+00,0.000000000000000000e+00,0.000000000000000000e+00,1.000000000000000056e-01
9.973506841813380985e-01,-7.051435830741784039e-02,1.787003177137332088e-02,4.178768374281930420e+01,7.105985478586163140e-02,9.969589192849364068e-01,-3.199078454842731178e-02,2.685180402998982974e+00,-1.555987791819261369e-02,3.317587271956427830e-02,9.993284003111621017e-01,2.263104900291592059e-01,0.000000000000000000e+00,0.000000000000000000e+00,0.000000000000000000e+00,1.000000000000000056e-01
9.974895978671374230e-01,-6.882812040585002678e-02,1.664908370614924527e-02,4.280495851693266474e+01,6.931421285917453712e-02,9.971244588146204180e-01,-3.063255668995569156e-02,2.775699211668471555e+00,-1.449282728005808589e-02,3.170967478622443297e-02,9.993920424349906906e-01,2.282921278079321215e-01,0.000000000000000000e+00,0.000000000000000000e+00,0.000000000000000000e+00,1.000000000000000056e-01
9.974711949529853072e-01,-6.921506961144446857e-02,1.613968332236997982e-02,4.383487000539577139e+01,6.961451964170606299e-02,9.972438427262600991e-01,-2.566197185753204060e-02,2.818411335221035596e+00,-1.431900464829916064e-02,2.672063403523840600e-02,9.995403812866375803e-01,2.490331127854690241e-01,0.000000000000000000e+00,0.000000000000000000e+00,0.000000000000000000e+00,1.000000000000000056e-01
9.974873998852382684e-01,-6.874416669492371124e-02,1.712094085052815948e-02,4.483088289073268129e+01,6.919244877170195596e-02,9.972342532926847802e-01,-2.713391038455068016e-02,2.863118280393169179e+00,-1.520829060618399987e-02,2.825037354092803377e-02,9.994851796258090726e-01,2.490604298637485725e-01,0.000000000000000000e+00,0.000000000000000000e+00,0.000000000000000000e+00,1.000000000000000056e-01
9.977870511531320430e-01,-6.416723300146050246e-02,1.742316733758261446e-02,4.577511481251384851e+01,6.460407620586068600e-02,9.975777115757165081e-01,-2.578803414267890823e-02,2.941885856310116232e+00,-1.572621660554353665e-02,2.685657417268452404e-02,9.995155879399693077e-01,2.497743480513382741e-01,0.000000000000000000e+00,0.000000000000000000e+00,0.000000000000000000e+00,1.000000000000000056e-01
9.976581179673413846e-01,-6.683966109069423844e-02,1.451686464576517135e-02,4.667508274127571610e+01,6.713621893100692184e-02,9.975227089491800481e-01,-2.100412431731843443e-02,2.992684360796850296e+00,-1.307699359601587757e-02,2.192954253901786138e-02,9.996739905601821352e-01,2.493922661858588574e-01,0.000000000000000000e+00,0.000000000000000000e+00,0.000000000000000000e+00,1.000000000000000056e-01
9.980680859543882288e-01,-6.117969535864804798e-02,1.082315458481936804e-02,4.760808048227909239e+01,6.143202573892285467e-02,9.978040830633134739e-01,-2.476122040192092755e-02,3.079670074226576126e+00,-9.284503915460325107e-03,2.537827216347093157e-02,9.996348039604466829e-01,2.445116014847977526e-01,0.000000000000000000e+00,0.000000000000000000e+00,0.000000000000000000e+00,1.000000000000000056e-01
9.980850205358496874e-01,-6.099126459479908835e-02,1.031297362935346996e-02,4.852842018583361039e+01,6.124127170544019227e-02,9.977850972842353672e-01,-2.596933340286900968e-02,3.140394857593845401e+00,-8.706228911129267403e-03,2.655118228283111573e-02,9.996095419200092813e-01,2.478018803644050638e-01,0.000000000000000000e+00,0.000000000000000000e+00,0.000000000000000000e+00,1.000000000000000056e-01
9.982162452941247821e-01,-5.804364955076345839e-02,1.397363151538605179e-02,4.948777057266693902e+01,5.836136403233860986e-02,9.980184719889340084e-01,-2.351766904177142806e-02,3.192972074068861410e+00,-1.258089103301057894e-02,2.429123948467016084e-02,9.996257584041708943e-01,2.448737929658756363e-01,0.000000000000000000e+00,0.000000000000000000e+00,0.000000000000000000e+00,1.000000000000000056e-01
9.983528160160278775e-01,-5.490103133903700972e-02,1.665927701844125211e-02,5.046922978170734098e+01,5.535376586164997281e-02,9.980725851442144858e-01,-2.805486390054892989e-02,3.272384857017860860e+00,-1.508692671821280744e-02,2.893080609756258983e-02,9.994675548014274602e-01,2.615514134780197453e-01,0.000000000000000000e+00,0.000000000000000000e+00,0.000000000000000000e+00,1.000000000000000056e-01
9.985490982305786911e-01,-5.090040448016244778e-02,1.757405037701921524e-02,5.141708445364986346e+01,5.142670789060188596e-02,9.981979590103459143e-01,-3.092132505431250886e-02,3.327008152178950962e+00,-1.596847326555849572e-02,3.178023680427204123e-02,9.993673120580998104e-01,2.554547760068366369e-01,0.000000000000000000e+00,0.000000000000000000e+00,0.000000000000000000e+00,1.000000000000000056e-01
9.984739551831703919e-01,-5.262183452787665139e-02,1.675420400368142493e-02,5.235234544778223409e+01,5.314407265184671603e-02,9.980603808197034965e-01,-3.242196446860722003e-02,3.395041497737700809e+00,-1.501560397890953913e-02,3.326287373257397206e-02,9.993338345458935290e-01,2.610625850096514600e-01,0.000000000000000000e+00,0.000000000000000000e+00,0.000000000000000000e+00,1.000000000000000056e-01
9.985268310079743470e-01,-5.198061262216269879e-02,1.556225139872042043e-02,5.333102133432684155e+01,5.249589717388728621e-02,9.980156508699425943e-01,-3.476983460635877515e-02,3.438758738198266052e+00,-1.372401315508583325e-02,3.553556711338023283e-02,9.992741740547733675e-01,2.740859682080391546e-01,0.000000000000000000e+00,0.000000000000000000e+00,0.000000000000000000e+00,1.000000000000000056e-01
9.985554541145097440e-01,-5.121343948855502926e-02,1.625388181073554247e-02,5.428011241871935511e+01,5.179194593962054005e-02,9.979562649848852107e-01,-3.742843188279545985e-02,3.482829794657379185e+00,-1.430382445196635641e-02,3.821618496356940509e-02,9.991671150577753346e-01,2.739798301513486356e-01,0.000000000000000000e+00,0.000000000000000000e+00,0.000000000000000000e+00,1.000000000000000056e-01
9.987954388944280115e-01,-4.534910753008665474e-02,1.873845484322270508e-02,5.520528659736211097e+01,4.608259463658867516e-02,9.981054662481215756e-01,-4.076607311453678967e-02,3.536747829570719759e+00,-1.685424917481366872e-02,4.158048450709237592e-02,9.989929917636602985e-01,2.716925585237396357e-01,0.000000000000000000e+00,0.000000000000000000e+00,0.000000000000000000e+00,1.000000000000000056e-01
9.987912013011249757e-01,-4.306716261974384563e-02,2.369294636258346270e-02,5.614016403261488364e+01,4.396214638772498462e-02,9.982853573239973688e-01,-3.864809228775961669e-02,3.584547087852226976e+00,-2.198785775013012422e-02,3.964296730043657957e-02,9.989719561905512357e-01,2.824250881470589114e-01,0.000000000000000000e+00,0.000000000000000000e+00,0.000000000000000000e+00,1.000000000000000056e-01
9.986636382987241767e-01,-4.668307507759029279e-02,2.217268682985854000e-02,5.705955768370958481e+01,4.744379205378739667e-02,9.982562975708207942e-01,-3.512052043683010216e-02,3.637619347819291082e+00,-2.049449036965530352e-02,3.612554306161901152e-02,9.991370881931023185e-01,2.745014940542496173e-01,0.000000000000000000e+00,0.000000000000000000e+00,0.000000000000000000e+00,1.000000000000000056e-01
9.986362712309749812e-01,-4.859987199281728260e-02,1.906961520787086445e-02,5.789515263811507850e+01,4.923767632964200919e-02,9.981897324213270251e-01,-3.453851934141115299e-02,3.680012100971112865e+00,-1.735652648290825911e-02,3.543036171028171588e-02,9.992214171331230688e-01,2.794881031687363460e-01,0.000000000000000000e+00,0.000000000000000000e+00,0.000000000000000000e+00,1.000000000000000056e-01
9.986817942221232203e-01,-4.939680960320698422e-02,1.395095302498308189e-02,5.876479083591915753e+01,4.985907524106912569e-02,9.981428205265312492e-01,-3.499974924833421097e-02,3.730688895886896894e+00,-1.219616765160980339e-02,3.564919399320806703e-02,9.992899421400419646e-01,2.921784405149647768e-01,0.000000000000000000e+00,0.000000000000000000e+00,0.000000000000000000e+00,1.000000000000000056e-01
9.987073164513897705e-01,-4.971588432922909029e-02,1.058427663217001782e-02,5.970653463361626478e+01,5.004998567578872182e-02,9.981654214899577937e-01,-3.407037240225507801e-02,3.782235334711805841e+00,-8.871020252312025733e-03,3.455607308618435791e-02,9.993633887693431639e-01,3.100506868712784025e-01,0.000000000000000000e+00,0.000000000000000000e+00,0.000000000000000000e+00,1.000000000000000056e-01
9.991747087950771933e-01,-3.914707818132252132e-02,1.083547756853113324e-02,6.059365328442022758e+01,3.943824470204932570e-02,9.988266222231328983e-01,-2.810700256427569807e-02,3.836769352452432891e+00,-9.722456433124143302e-03,2.851113831807395790e-02,9.995461914452546948e-01,3.019939599191022728e-01,0.000000000000000000e+00,0.000000000000000000e+00,0.000000000000000000e+00,1.000000000000000056e-01
9.991010119571788195e-01,-4.101928948250151835e-02,1.070447553558138108e-02,6.151641879839463201e+01,4.129381376992328351e-02,9.987868417402199217e-01,-2.682658589779653852e-02,3.887414850087652418e+00,-9.591081819899866315e-03,2.724449773711570127e-02,9.995827872130332858e-01,3.146837768877391861e-01,0.000000000000000000e+00,0.000000000000000000e+00,0.000000000000000000e+00,1.000000000000000056e-01
9.989259687173815960e-01,-4.472713237615465881e-02,1.209928309639677832e-02,6.242227589152963674e+01,4.503836963042833624e-02,9.986255310368633564e-01,-2.680660408137577541e-02,3.944248094342566624e+00,-1.088367047800171614e-02,2.732274493437032367e-02,9.995674130973746241e-01,3.254967651836760401e-01,0.000000000000000000e+00,0.000000000000000000e+00,0.000000000000000000e+00,1.000000000000000056e-01
9.988819470172402015e-01,-4.605231481003989324e-02,1.067896173250411362e-02,6.325579046386528859e+01,4.631282234142132526e-02,9.985992509125650729e-01,-2.558629640326921459e-02,3.990184589722135300e+00,-9.485695009816209194e-03,2.605226242576606441e-02,9.996155767157091088e-01,3.366076580305707444e-01,0.000000000000000000e+00,0.000000000000000000e+00,0.000000000000000000e+00,1.000000000000000056e-01
9.987878218954435727e-01,-4.779804014399036821e-02,1.175730376188513678e-02,6.408442971624150175e+01,4.805630669211703038e-02,9.985852048638387268e-01,-2.276356769398261634e-02,4.030759810195906567e+00,-1.065261566325102598e-02,2.330098679109591717e-02,9.996717390194104214e-01,3.397626539331322637e-01,0.000000000000000000e+00,0.000000000000000000e+00,0.000000000000000000e+00,1.000000000000000056e-01
9.987030985061805533e-01,-4.965468198078923368e-02,1.124871510622346867e-02,6.489332358317751925e+01,4.989645402688477893e-02,9.985044656858995671e-01,-2.234224431115243437e-02,4.076502397305224790e+00,-1.012249523078520043e-02,2.287453961728922597e-02,9.996870963094400819e-01,3.522078479407259044e-01,0.000000000000000000e+00,0.000000000000000000e+00,0.000000000000000000e+00,1.000000000000000056e-01
9.985257821061110928e-01,-5.271938485271027153e-02,1.292009791491032823e-02,6.572584827493503212e+01,5.300683569283788643e-02,9.983287963682996313e-01,-2.301933343202005461e-02,4.113709091852077115e+00,-1.168494070209748041e-02,2.367025142608020910e-02,9.996515299634241014e-01,3.648309551704877474e-01,0.000000000000000000e+00,0.000000000000000000e+00,0.000000000000000000e+00,1.000000000000000056e-01
9.984254765147109190e-01,-5.454128807602991180e-02,1.310785037220025227e-02,6.650654121739439972e+01,5.483591644216366523e-02,9.982239449806086240e-01,-2.328041956878780169e-02,4.157379604127309669e+00,-1.181482603852117459e-02,2.396254498917571932e-02,9.996430394512438866e-01,3.708349176156005567e-01,0.000000000000000000e+00,0.000000000000000000e+00,0.000000000000000000e+00,1.000000000000000056e-01
9.983032295849912918e-01,-5.624431081651357772e-02,1.507445856246786287e-02,6.732879318206931885e+01,5.656525641806597199e-02,9.981612145008974535e-01,-2.178443555504400164e-02,4.212430939471438762e+00,-1.382148930233616929e-02,2.260016298323604123e-02,9.996490379461167031e-01,3.705894344713720479e-01,0.000000000000000000e+00,0.000000000000000000e+00,0.000000000000000000e+00,1.000000000000000056e-01
9.982489705266122115e-01,-5.600442469749203345e-02,1.903936072618572437e-02,6.805776517418863136e+01,5.643643125011778283e-02,9.981420435281017633e-01,-2.296497701491962209e-02,4.259900825277870950e+00,-1.771784609679200387e-02,2.399927823598039731e-02,9.995549572553988904e-01,3.672024453678572886e-01,0.000000000000000000e+00,0.000000000000000000e+00,0.000000000000000000e+00,1.000000000000000056e-01
9.982586465965391787e-01,-5.528192932658716752e-02,2.058112691705885067e-02,6.878820033130914169e+01,5.574676738799108633e-02,9.981859113250410864e-01,-2.274168766794807880e-02,4.325333850276945391e+00,-1.928658655737389843e-02,2.384941764755505941e-02,9.995295057459971932e-01,3.765116347316841972e-01,0.000000000000000000e+00,0.000000000000000000e+00,0.000000000000000000e+00,1.000000000000000056e-01
9.983773819683756656e-01,-5.376552165719038212e-02,1.875824765009774520e-02,6.947170919548919699e+01,5.410881685622570547e-02,9.983673379812765258e-01,-1.830011996132840935e-02,4.372657025595922065e+00,-1.774370627551163926e-02,1.928541244334113641e-02,9.996565579010115998e-01,3.935978107370818324e-01,0.000000000000000000e+00,0.000000000000000000e+00,0.000000000000000000e+00,1.000000000000000056e-01
9.983003622103518993e-01,-5.678323052697775014e-02,1.311684190650406340e-02,7.016274415219784544e+01,5.698605993205147630e-02,9.982523895053764251e-01,-1.564467386131103074e-02,4.420416214695246815e+00,-1.220556365354573056e-02,1.636556072141291326e-02,9.997915745985125335e-01,4.035878713057034495e-01,0.000000000000000000e+00,0.000000000000000000e+00,0.000000000000000000e+00,1.000000000000000056e-01
9.982843234394740417e-01,-5.774435831086075638e-02,9.695290519555171960e-03,7.088380823434401634e+01,5.790119749384655540e-02,9.981816094477274914e-01,-1.676084392633330616e-02,4.465929509120159402e+00,-8.709816517598271968e-03,1.729345667040724233e-02,9.998125201519625360e-01,4.176208083061996312e-01,0.000000000000000000e+00,0.000000000000000000e+00,0.000000000000000000e+00,1.000000000000000056e-01
9.984743068139065869e-01,-5.353075806656877600e-02,1.354682890226617531e-02,7.158905298858492472e+01,5.371757390060113990e-02,9.984604746799572439e-01,-1.382399204672826558e-02,4.504758459857464814e+00,-1.278596444239726848e-02,1.453060365893424528e-02,9.998126727895504384e-01,4.217287972195309931e-01,0.000000000000000000e+00,0.000000000000000000e+00,0.000000000000000000e+00,1.000000000000000056e-01
9.983444039324782526e-01,-5.541679468241880041e-02,1.540876386447769149e-02,7.224189093157383468e+01,5.562739821059663886e-02,9.983590734411036394e-01,-1.359238927270715012e-02,4.542982241469097460e+00,-1.463023256904358478e-02,1.442703520990138398e-02,9.997888861904936642e-01,4.359034892634686131e-01,0.000000000000000000e+00,0.000000000000000000e+00,0.000000000000000000e+00,1.000000000000000056e-01
9.984147136499323949e-01,-5.383485976984870441e-02,1.642764258450695597e-02,7.286303928209885328e+01,5.403022055465140500e-02,9.984708788053004991e-01,-1.168928759961697893e-02,4.575163451232410416e+00,-1.577323156931723092e-02,1.255834588357718391e-02,9.997967258970841264e-01,4.433478193462774830e-01,0.000000000000000000e+00,0.000000000000000000e+00,0.000000000000000000e+00,1.000000000000000056e-01
9.984379273317254277e-01,-5.415316422510783184e-02,1.375282043570546370e-02,7.343960885737801902e+01,5.431465104241885861e-02,9.984558698646784913e-01,-1.165309464942273707e-02,4.600404023640130013e+00,-1.310053234294411215e-02,1.238187131158444490e-02,9.998375194576141212e-01,4.501544011653305644e-01,0.000000000000000000e+00,0.000000000000000000e+00,0.000000000000000000e+00,1.000000000000000056e-01
9.986283079616905534e-01,-5.112118119172417291e-02,1.131933616135373868e-02,7.408088249201955477e+01,5.132768041448319135e-02,9.985054030897966282e-01,-1.877309840573391370e-02,4.621105454243028099e+00,-1.034271535137183673e-02,1.932834276511043864e-02,9.997596928287891815e-01,4.623210025028670067e-01,0.000000000000000000e+00,0.000000000000000000e+00,0.000000000000000000e+00,1.000000000000000056e-01
9.987346850141270993e-01,-4.973657536687017822e-02,7.436532828402172418e-03,7.469589966159647076e+01,4.989850647894453206e-02,9.984787428818422406e-01,-2.345930655980235646e-02,4.677254986509224111e+00,-6.258434381136429928e-03,2.380069502917295937e-02,9.996971335935825875e-01,4.664623465492370724e-01,0.000000000000000000e+00,0.000000000000000000e+00,0.000000000000000000e+00,1.000000000000000056e-01
9.988977598460652141e-01,-4.658101844847406525e-02,5.785680151516404100e-03,7.528450964192464312e+01,4.670774707976721452e-02,9.986168310100099754e-01,-2.414148268556915583e-02,4.679126765047726622e+00,-4.653142727794812132e-03,2.438510905917905952e-02,9.996918098688849508e-01,4.728340206785217048e-01,0.000000000000000000e+00,0.000000000000000000e+00,0.000000000000000000e+00,1.000000000000000056e-01
9.990575025917672880e-01,-4.268122611661551852e-02,7.900598223130607736e-03,7.584500587756153323e+01,4.285519253237578957e-02,9.988085450309104329e-01,-2.334358254957428352e-02,4.729390482814914698e+00,-6.894852290948617554e-03,2.366016294149565075e-02,9.996962827286435260e-01,4.697205709307931687e-01,0.000000000000000000e+00,0.000000000000000000e+00,0.000000000000000000e+00,1.000000000000000056e-01
9.992580734656713037e-01,-3.679226199091076982e-02,1.138560807630802606e-02,7.639380948684798511e+01,3.707042387251468368e-02,9.989931221245698101e-01,-2.526906452000912337e-02,4.728271925062674796e+00,-1.044443811735226886e-02,2.567238604797912951e-02,9.996158473668853572e-01,4.887059825477131914e-01,0.000000000000000000e+00,0.000000000000000000e+00,0.000000000000000000e+00,1.000000000000000056e-01
9.993333153033049365e-01,-3.261427837076816272e-02,1.640834456181705647e-02,7.696339902351783735e+01,3.304446340598508891e-02,9.990980440742043278e-01,-2.666761641597667140e-02,4.741278233900931838e+00,-1.552379989293149916e-02,2.719204246564056390e-02,9.995096820258576598e-01,4.914382195335278425e-01,0.000000000000000000e+00,0.000000000000000000e+00,0.000000000000000000e+00,1.000000000000000056e-01
9.995412681047124437e-01,-2.309661917381393773e-02,1.959080239202122195e-02,7.750460234637492363e+01,2.368232254211151064e-02,9.992629416511683571e-01,-3.021127342011854094e-02,4.754347748242542693e+00,-1.887858455061742699e-02,3.066137024651009735e-02,9.993515294529605741e-01,5.091847898164779673e-01,0.000000000000000000e+00,0.000000000000000000e+00,0.000000000000000000e+00,1.000000000000000056e-01
9.997557344242512523e-01,-1.311689917000765510e-02,1.778815454143340205e-02,7.800267607153865868e+01,1.356924095256794097e-02,9.995814050301993214e-01,-2.555172044743513754e-02,4.756991323491776669e+00,-1.744554916869109004e-02,2.578685079680290149e-02,9.995152280681801615e-01,4.948903046991766641e-01,0.000000000000000000e+00,0.000000000000000000e+00,0.000000000000000000e+00,1.000000000000000056e-01
9.998509705198536102e-01,2.474664326937399145e-03,1.708545542195839817e-02,7.850405033594161353e+01,-2.081064421338990698e-03,9.997329169655928549e-01,-2.301660066867673368e-02,4.756936780961959599e+00,-1.713785054728220875e-02,2.297761458324333247e-02,9.995890772245777933e-01,4.977211520226194064e-01,0.000000000000000000e+00,0.000000000000000000e+00,0.000000000000000000e+00,1.000000000000000056e-01
9.996462898069388148e-01,1.990676524626166025e-02,1.763564494573294922e-02,7.899226283915339764e+01,-1.961108488248807999e-02,9.996668076789255730e-01,-1.678329451442226242e-02,4.773957172534728954e+00,-1.796386998821731390e-02,1.643150396209117417e-02,9.997036086023648460e-01,4.953594345824044454e-01,0.000000000000000000e+00,0.000000000000000000e+00,0.000000000000000000e+00,1.000000000000000056e-01
9.989549887803305106e-01,4.040840965232146698e-02,2.135628292235831893e-02,7.949804147768269047e+01,-4.004569453113029920e-02,9.990507046685628278e-01,-1.714735696156762662e-02,4.751246467330873635e+00,-2.202890692724088217e-02,1.627421059892595473e-02,9.996248683025912296e-01,5.050768165798977805e-01,0.000000000000000000e+00,0.000000000000000000e+00,0.000000000000000000e+00,1.000000000000000056e-01
9.975590081411865873e-01,6.648179538377810283e-02,2.135874900179191016e-02,7.999953364377843457e+01,-6.602221609451436324e-02,9.975854814443155805e-01,-2.154702284498560827e-02,4.721037004729245368e+00,-2.273966266991080121e-02,2.008427479553453326e-02,9.995396588668186144e-01,5.051027007258488410e-01,0.000000000000000000e+00,0.000000000000000000e+00,0.000000000000000000e+00,1.000000000000000056e-01
9.951743409051067024e-01,9.495936990573737579e-02,2.471334196728019322e-02,8.047769980362359377e+01,-9.442950445364216294e-02,9.952929910815816461e-01,-2.179290234269299492e-02,4.681050139968235158e+00,-2.666645632111568076e-02,1.935406858993519302e-02,9.994570126505142316e-01,4.994994830430825039e-01,0.000000000000000000e+00,0.000000000000000000e+00,0.000000000000000000e+00,1.000000000000000056e-01
9.913039633944620288e-01,1.289776375580288514e-01,2.610021395278014356e-02,8.093367344499075955e+01,-1.284291792611285399e-01,9.914811075852126843e-01,-2.170620224527543274e-02,4.647502526275031798e+00,-2.867748372406588725e-02,1.816541525948790065e-02,9.994236437145692653e-01,5.064122167974105526e-01,0.000000000000000000e+00,0.000000000000000000e+00,0.000000000000000000e+00,1.000000000000000056e-01
