1.000000000000000000e+00,-1.461673541968371632e-09,-6.620663416479850083e-10,-1.762062111270326081e-15,1.461673541918818550e-09,1.000000000000000000e+00,-7.484585775775660855e-11,-1.025253062062715473e-14,6.620663417573852278e-10,7.484585679003175437e-11,1.000000000000000000e+00,8.337944081271782629e-15,0.000000000000000000e+00,0.000000000000000000e+00,0.000000000000000000e+00,1.000000000000000056e-01
9.999871720822542942e-01,-4.817536774698968037e-03,-1.564292287408776795e-03,6.422500985423688080e-01,4.812050174512289176e-03,9.999823234192707355e-01,-3.492423530286424722e-03,7.647526828438277156e-03,1.581089514859853251e-03,3.484851276790031614e-03,9.999926779569561219e-01,1.235071482046945675e-02,0.000000000000000000e+00,0.000000000000000000e+00,0.000000000000000000e+00,1.000000000000000056e-01
9.999149150743524839e-01,-1.216880888425668494e-02,-4.699223572982448582e-03,1.363308882350469098e+00,1.215274659953040348e-02,9.999202641442090922e-01,-3.431632827492628671e-03,1.994094293011942909e-02,4.740607760408003038e-03,3.374232373971656172e-03,9.999830704536694093e-01,2.183027727324627146e-02,0.000000000000000000e+00,0.000000000000000000e+00,0.000000000000000000e+00,1.000000000000000056e-01
9.998661496427019291e-01,-1.571167761001756452e-02,-4.563549644385447857e-03,2.128532890126498600e+00,1.569989216703612106e-02,9.998733505456365300e-01,-2.606962712838362985e-03,2.622102157774020004e-02,4.603931430998478569e-03,2.534966532632019695e-03,9.999861887846537289e-01,2.197500224595573537e-02,0.000000000000000000e+00,0.000000000000000000e+00,0.000000000000000000e+00,1.000000000000000056e-01
9.997626644961177256e-01,-2.093694592361424606e-02,-6.021542577677131344e-03,2.833180161796971408e+00,2.093021289730685047e-02,9.997802439097693838e-01,-1.179014756205560123e-03,5.592743375658062316e-02,6.044904275216922418e-03,1.052702766023331333e-03,9.999811752974102630e-01,2.862540772342072465e-02,0.000000000000000000e+00,0.000000000000000000e+00,0.000000000000000000e+00,1.000000000000000056e-01
9.995784230812871929e-01,-2.801716304194350540e-02,-7.616737189136758499e-03,3.541186898512147962e+00,2.801242993762604813e-02,9.996073102236104901e-01,-7.274039511453296537e-04,5.713990752367116566e-02,7.634125969409731594e-03,5.137339775649420225e-04,9.999707276706071291e-01,4.400199930547531169e-02,0.000000000000000000e+00,0.000000000000000000e+00,0.000000000000000000e+00,1.000000000000000056e-01
9.993222823332036375e-01,-3.548188358000530646e-02,-9.798569792160078881e-03,4.284839259222817276e+00,3.546754019932494423e-02,9.993694933932801838e-01,-1.633789174825204518e-03,9.009891216956887605e-02,9.850361646465138551e-03,1.285150759038276120e-03,9.999506581641718350e-01,5.538366646917065872e-02,0.000000000000000000e+00,0.000000000000000000e+00,0.000000000000000000e+00,1.000000000000000056e-01
9.990020197654890799e-01,-4.331787621764666973e-02,-1.088696948034571788e-02,5.083236574958216458e+00,4.331475138634953426e-02,9.990613389738078887e-01,-5.227620882761248745e-04,1.129328677799839309e-01,1.089939524983239705e-02,5.067400565272393138e-05,9.999405985434000055e-01,6.560045552471632790e-02,0.000000000000000000e+00,0.000000000000000000e+00,0.000000000000000000e+00,1.000000000000000056e-01
9.976809282005505430e-01,-6.759261794387105837e-02,-8.000219020862139527e-03,5.180702479880286759e+00,6.761170775143762746e-02,9.977094154210083277e-01,2.139942803924412863e-03,1.545874150446338857e-01,7.837249506176998878e-03,-2.675888593301420544e-03,9.999657079822358297e-01,8.391689561334363112e-02,0.000000000000000000e+00,0.000000000000000000e+00,0.000000000000000000e+00,1.000000000000000056e-01
9.959397501880692394e-01,-8.991763156775663124e-02,-4.339761349587029603e-03,5.290256926883216693e+00,8.993252392320090494e-02,9.959421672218947696e-01,3.367594120181570221e-03,2.088179890463733313e-01,4.019345236365291611e-03,-3.744206538181161885e-03,9.999849127768229984e-01,9.624555100483869752e-02,0.000000000000000000e+00,0.000000000000000000e+00,0.000000000000000000e+00,1.000000000000000056e-01
9.942287742312063692e-01,-1.072734673974019420e-01,1.244059183230830515e-03,5.422703471803282049e+00,1.072689819207560263e-01,9.942247614928194643e-01,3.238696069528543622e-03,2.855596547413490338e-01,-1.584300601955288207e-03,-3.086555861280451847e-03,9.999939815641480934e-01,1.075851333743584604e-01,0.000000000000000000e+00,0.000000000000000000e+00,0.000000000000000000e+00,1.000000000000000056e-01
9.929264176832873767e-01,-1.186721102020023705e-01,3.749576887826700303e-03,5.544692934932290207e+00,1.186588989039148861e-01,9.929286603842624181e-01,3.569467526768084660e-03,3.794211526372024967e-01,-4.146658599936648218e-03,-3.099297939525573649e-03,9.999865996975847438e-01,1.258104042240872078e-01,0.000000000000000000e+00,0.000000000000000000e+00,0.000000000000000000e+00,1.000000000000000056e-01
9.914421615171827851e-01,-1.303565765729365888e-01,7.042961757710468514e-03,5.709724871260848822e+00,1.303240922568627558e-01,9.914593807928586688e-01,4.891545284069717149e-03,5.088466091689182180e-01,-7.620455600630225181e-03,-3.931816631723847148e-03,9.999632340613395787e-01,1.364751160062357971e-01,0.000000000000000000e+00,0.000000000000000000e+00,0.000000000000000000e+00,1.000000000000000056e-01
9.901776049315922368e-01,-1.393145076505708513e-01,1.182280212194549221e-02,5.807907620342060540e+00,1.392462204184745644e-01,9.902369858374867606e-01,6.418876744304225467e-03,6.488846206972017638e-01,-1.260161859069078988e-02,-4.709547490789824271e-03,9.999095055910443008e-01,1.550293377869147171e-01,0.000000000000000000e+00,0.000000000000000000e+00,0.000000000000000000e+00,1.000000000000000056e-01
9.897813145049149108e-01,-1.414339332206937250e-01,1.814915950249884960e-02,5.947584470990261885e+00,1.413358675874116510e-01,9.899398129456219442e-01,6.583257438439776149e-03,7.152892827431970302e-01,-1.889767155594689399e-02,-3.950857996875188627e-03,9.998136169961139297e-01,1.514255719742968465e-01,0.000000000000000000e+00,0.000000000000000000e+00,0.000000000000000000e+00,1.000000000000000056e-01
9.902096573393496248e-01,-1.378869662992004974e-01,2.172599909534753126e-02,6.038773636261588251e+00,1.378168290691623721e-01,9.904465803921643774e-01,4.700320711310581635e-03,8.348107440771583843e-01,-2.216655447310613564e-02,-1.660094657251612489e-03,9.997529134483779112e-01,1.361425162647578735e-01,0.000000000000000000e+00,0.000000000000000000e+00,0.000000000000000000e+00,1.000000000000000056e-01
9.908823043830538024e-01,-1.327113689408087882e-01,2.323685465775635756e-02,6.177175285255927406e+00,1.325449817399659003e-01,9.911399689264029922e-01,8.566785401827507404e-03,9.778135817187433299e-01,-2.416788522153464486e-02,-5.408747583811388329e-03,9.996932823488878794e-01,1.229810617163839270e-01,0.000000000000000000e+00,0.000000000000000000e+00,0.000000000000000000e+00,1.000000000000000056e-01
9.924950998058652551e-01,-1.199070723656331799e-01,2.399522573447555179e-02,6.355393861626711605e+00,1.196362020316219105e-01,9.927400126351147991e-01,1.242764968452045142e-02,1.130628574177736656e+00,-2.531118378888222442e-02,-9.463683740226365090e-03,9.996348246561193029e-01,1.008803056444275287e-01,0.000000000000000000e+00,0.000000000000000000e+00,0.000000000000000000e+00,1.000000000000000056e-01
9.949645570245509996e-01,-9.714817917121169877e-02,2.465282029823672588e-02,6.524909632873622023e+00,9.689028209249141155e-02,9.952291900619146814e-01,1.145130930254976975e-02,1.282574743546091689e+00,-2.564768022602513520e-02,-9.005028174490895682e-03,9.996304847125262460e-01,7.010927237240847931e-02,0.000000000000000000e+00,0.000000000000000000e+00,0.000000000000000000e+00,1.000000000000000056e-01
9.956876257565879795e-01,-8.932295362934866700e-02,2.505118500466792936e-02,6.805780648723245285e+00,8.914842959533703093e-02,9.959862130824039816e-01,8.001303047474317420e-03,1.429064308365367797e+00,-2.566533490710982968e-02,-5.733524631630253568e-03,9.996541488331873726e-01,3.935089264290315969e-02,0.000000000000000000e+00,0.000000000000000000e+00,0.000000000000000000e+00,1.000000000000000056e-01
9.974128273468904071e-01,-6.609034281226228158e-02,2.827929332285120112e-02,7.077007064988701579e+00,6.585282334267245075e-02,9.977864666593245779e-01,9.250546432468958330e-03,1.529842451027807027e+00,-2.882806794915295651e-02,-7.364342364267217368e-03,9.995572564690132777e-01,1.811696290961425579e-02,0.000000000000000000e+00,0.000000000000000000e+00,0.000000000000000000e+00,1.000000000000000056e-01
9.985229268701029115e-01,-4.488711600878252106e-02,3.061227419152540152e-02,7.210067663320519848e+00,4.467202442346156210e-02,9.989722260454281244e-01,7.674752357677509101e-03,1.599880128453265105e+00,-3.092530919283888874e-02,-6.295903926849843665e-03,9.995018693554660327e-01,-1.739421610582796499e-02,0.000000000000000000e+00,0.000000000000000000e+00,0.000000000000000000e+00,1.000000000000000056e-01
9.993463383284939550e-01,-1.834785917498187036e-02,3.114887049519282636e-02,7.280067019476516244e+00,1.810233204228669374e-02,9.998029531864568442e-01,8.146187713916855366e-03,1.627095226214743340e+00,-3.129219781450419402e-02,-7.576995666793207018e-03,9.994815593559509548e-01,-4.319077437597849956e-02,0.000000000000000000e+00,0.000000000000000000e+00,0.000000000000000000e+00,1.000000000000000056e-01
9.995073858369559749e-01,7.924372055469669496e-03,3.036758114998639943e-02,7.379050020393655096e+00,-8.129119176152267007e-03,9.999450133893953430e-01,6.624773135872327745e-03,1.622709255768971737e+00,-3.031341417251496792e-02,-6.868371365058358394e-03,9.995168444783695261e-01,-6.329178271983489090e-02,0.000000000000000000e+00,0.000000000000000000e+00,0.000000000000000000e+00,1.000000000000000056e-01
9.990651946115751691e-01,3.279147508793498617e-02,2.816835240642823548e-02,7.502084726801244052e+00,-3.290907643799426824e-02,9.994514213648143519e-01,3.721427125517878885e-03,1.598263804054119497e+00,-2.803086876523170137e-02,-4.644942777863821093e-03,9.995962659508371706e-01,-7.767283111511004423e-02,0.000000000000000000e+00,0.000000000000000000e+00,0.000000000000000000e+00,1.000000000000000056e-01
9.982040853749113429e-01,5.352146454092967381e-02,2.690830307229779075e-02,7.611999604497472482e+00,-5.358393613331061817e-02,9.985620583076241230e-01,1.605458471077561219e-03,1.537538269566964155e+00,-2.678368401280733710e-02,-3.044427998011151743e-03,9.996366168407733177e-01,-9.669448387972730263e-02,0.000000000000000000e+00,0.000000000000000000e+00,0.000000000000000000e+00,1.000000000000000056e-01
9.968674331977542824e-01,7.445738907972955511e-02,2.667241723486312929e-02,7.722756029636300923e+00,-7.448889558957415280e-02,9.972218253734813631e-01,1.882355633042393298e-04,1.479331997031334778e+00,-2.658430107349772989e-02,-2.174444805356908535e-03,9.996442100698738065e-01,-1.182915143361509269e-01,0.000000000000000000e+00,0.000000000000000000e+00,0.000000000000000000e+00,1.000000000000000056e-01
9.951879760312880574e-01,9.386241568835596016e-02,2.812008684009894774e-02,7.854818204709946627e+00,-9.390981939449508098e-02,9.955806402071628591e-01,3.669686486309719185e-04,1.392676806557745506e+00,-2.796136949510432887e-02,-3.005955063209204189e-03,9.996044848089249424e-01,-1.308319080519072808e-01,0.000000000000000000e+00,0.000000000000000000e+00,0.000000000000000000e+00,1.000000000000000056e-01
9.931899871699441107e-01,1.130961421823800939e-01,2.798056484113787060e-02,8.009610191424995307e+00,-1.130982766561303421e-01,9.935826566153426187e-01,-1.511386982748575856e-03,1.284589226284992058e+00,-2.797193598554914909e-02,-1.663459245392926193e-03,9.996073247533550088e-01,-1.475831829537735951e-01,0.000000000000000000e+00,0.000000000000000000e+00,0.000000000000000000e+00,1.000000000000000056e-01
9.910930045446367798e-01,1.308589643246002576e-01,2.471007483957791614e-02,8.123484211787305398e+00,-1.308274922420222808e-01,9.914009268932525432e-01,-2.892996519754260573e-03,1.178361748694082944e+00,-2.487616562792889854e-02,-3.655285114742415960e-04,9.996904734829471506e-01,-1.676048500711294631e-01,0.000000000000000000e+00,0.000000000000000000e+00,0.000000000000000000e+00,1.000000000000000056e-01
9.901049129052985620e-01,1.391779838354009480e-01,1.793739825905781710e-02,8.272596128316980213e+00,-1.391702268290853917e-01,9.902670372203437044e-01,-1.686107702151140022e-03,1.061041852312462286e+00,-1.799748329995327217e-02,-8.269282648494101929e-04,9.998376902200240002e-01,-1.808846758135989885e-01,0.000000000000000000e+00,0.000000000000000000e+00,0.000000000000000000e+00,1.000000000000000056e-01
9.896228205725674520e-01,1.434630865059512705e-01,8.063238318566083584e-03,8.398228532811883085e+00,-1.434662238719260074e-01,9.896551955805965584e-01,-1.909666503199144430e-04,9.038022627019638433e-01,-8.007222360248075765e-03,-9.678173986192049666e-04,9.999674733307861718e-01,-1.921474471571107401e-01,0.000000000000000000e+00,0.000000000000000000e+00,0.000000000000000000e+00,1.000000000000000056e-01
9.901537431560922808e-01,1.399837744188067723e-01,3.283495757191238194e-04,8.540002962019926258e+00,-1.399836096674049180e-01,9.901537044025539025e-01,-4.802940595471069706e-04,7.843090685303115706e-01,-3.923499240236324646e-04,4.296014020342791813e-04,9.999998307520718832e-01,-1.866852079000936582e-01,0.000000000000000000e+00,0.000000000000000000e+00,0.000000000000000000e+00,1.000000000000000056e-01
9.908361506480086733e-01,1.350403208046197234e-01,-2.798986606247960956e-03,8.690421784681070960e+00,-1.350462824969931586e-01,9.908371449737178871e-01,-2.062455835633322885e-03,6.269883745775524098e-01,2.494825200065121148e-03,2.421548536993105728e-03,9.999939559566868308e-01,-1.700287623477787224e-01,0.000000000000000000e+00,0.000000000000000000e+00,0.000000000000000000e+00,1.000000000000000056e-01
9.933818342977993598e-01,1.148349926678327304e-01,-2.335753865091407672e-03,8.926994918970375892e+00,-1.148470319527356565e-01,9.933655407678173566e-01,-5.921289277615582151e-03,5.011401888336974864e-01,1.640286190517943566e-03,6.150355602783537205e-03,9.999797410883745075e-01,-1.701924853015399364e-01,0.000000000000000000e+00,0.000000000000000000e+00,0.000000000000000000e+00,1.000000000000000056e-01
9.949471534705662812e-01,1.003251354222125524e-01,-3.876725852063745217e-03,9.073541548447055405e+00,-1.003582377240440915e-01,9.949052442092127801e-01,-9.580144358564818968e-03,3.822963231016182073e-01,2.895845600442288094e-03,9.920798734043532324e-03,9.999465944892942382e-01,-1.682412421140987158e-01,0.000000000000000000e+00,0.000000000000000000e+00,0.000000000000000000e+00,1.000000000000000056e-01
9.973056620200247968e-01,7.321420647489354505e-02,-4.593089706470914607e-03,8.532165565027320042e+00,-7.328086240240008764e-02,9.971735249730411255e-01,-1.657939378868195437e-02,3.253896306467548016e-01,3.366260293045864743e-03,1.687130887309392160e-02,9.998520026626681600e-01,-1.664780145673709355e-01,0.000000000000000000e+00,0.000000000000000000e+00,0.000000000000000000e+00,1.000000000000000056e-01
9.988907439370431351e-01,4.588245192282965068e-02,-1.058689201086131931e-02,7.881946885488138932e+00,-4.607161958045073724e-02,9.987691178212630971e-01,-1.837539539084908496e-02,1.939761075681259994e-01,9.730752598573321616e-03,1.884276763336627247e-02,9.997751059922328487e-01,-1.659471922240760566e-01,0.000000000000000000e+00,0.000000000000000000e+00,0.000000000000000000e+00,1.000000000000000056e-01
9.996904399064857616e-01,1.514963547817533944e-02,-1.973608128417125851e-02,7.233252243248998070e+00,-1.542704503973837786e-02,9.997832543760348800e-01,-1.398036303558103204e-02,1.001824837690100667e-01,1.952000617107708252e-02,1.428050468797122281e-02,9.997074754871736468e-01,-1.753593509458770405e-01,0.000000000000000000e+00,0.000000000000000000e+00,0.000000000000000000e+00,1.000000000000000056e-01
9.996383012415225311e-01,-1.692864202503780585e-02,-2.089707563634742027e-02,6.573531083485661064e+00,1.672971218890034750e-02,9.998134033208533333e-01,-9.657912302834055843e-03,2.665965080910556034e-02,2.105667165151368925e-02,9.304816986958860600e-03,9.997349833629908256e-01,-1.735705955135988243e-01,0.000000000000000000e+00,0.000000000000000000e+00,0.000000000000000000e+00,1.000000000000000056e-01
9.983841743745894837e-01,-5.360330626687077882e-02,-1.886069764428993309e-02,5.959345535049849651e+00,5.342565605957619312e-02,9.985237351581597309e-01,-9.800489804140798122e-03,-1.671285528759090117e-03,1.935819291600179501e-02,8.777008776186201455e-03,9.997740867235805906e-01,-1.485259896293121828e-01,0.000000000000000000e+00,0.000000000000000000e+00,0.000000000000000000e+00,1.000000000000000056e-01
9.972515480789662101e-01,-7.287075719560330567e-02,-1.338665753072345969e-02,6.006789241059169449e+00,7.277271123411561959e-02,9.973190468647633589e-01,-7.671457514441757872e-03,-1.658301099751756033e-02,1.390979344711740055e-02,6.676189519425723695e-03,9.998809659853312715e-01,-1.505158705353509541e-01,0.000000000000000000e+00,0.000000000000000000e+00,0.000000000000000000e+00,1.000000000000000056e-01
9.958741542987986639e-01,-9.024670183459387873e-02,-9.497452691666529584e-03,6.057593220913795484e+00,9.020038509445293951e-02,9.959100722567986175e-01,-5.197932884380231100e-03,-1.293270784158953926e-02,9.927705095586034090e-03,4.319813125129409043e-03,9.999413882253794794e-01,-1.364805035972249114e-01,0.000000000000000000e+00,0.000000000000000000e+00,0.000000000000000000e+00,1.000000000000000056e-01
9.941703960597183531e-01,-1.076228285866775297e-01,-6.523064116304498443e-03,6.147115884547436515e+00,1.076107688448331018e-01,9.941907255044277747e-01,-2.173418874367410818e-03,-7.868963226385937426e-03,6.719079333263762270e-03,1.458796758353847218e-03,9.999763626631037461e-01,-1.290292267532300863e-01,0.000000000000000000e+00,0.000000000000000000e+00,0.000000000000000000e+00,1.000000000000000056e-01
9.922267014032573051e-01,-1.244414623213487281e-01,-7.039017939893364587e-04,6.224778068556025445e+00,1.244414203554362330e-01,9.922269509713708135e-01,-1.032762247910782129e-04,2.099119687524625757e-02,7.112821752693474680e-04,1.487888882306016451e-05,9.999997469281108886e-01,-1.181173250543945258e-01,0.000000000000000000e+00,0.000000000000000000e+00,0.000000000000000000e+00,1.000000000000000056e-01
9.902745430304420449e-01,-1.391000847418375763e-01,2.737855120860303512e-03,6.308449590568923959e+00,1.390956700107681965e-01,9.902774144844637139e-01,1.742683626219576057e-03,5.496109428505210892e-02,-2.953643530403946178e-03,-1.344911439172747714e-03,9.999947335876905319e-01,-1.220154397971712074e-01,0.000000000000000000e+00,0.000000000000000000e+00,0.000000000000000000e+00,1.000000000000000056e-01
9.885208654360508884e-01,-1.509641077282752319e-01,6.027999283892877119e-03,6.382009205601646862e+00,1.509572263945697657e-01,9.885390275261237703e-01,1.583305707704731752e-03,1.293688924538194396e-01,-6.197934883452365512e-03,-6.551606758251989808e-04,9.999805779952275486e-01,-1.105151022339320860e-01,0.000000000000000000e+00,0.000000000000000000e+00,0.000000000000000000e+00,1.000000000000000056e-01
9.871442951155241508e-01,-1.596938692254940284e-01,6.633909304917365128e-03,6.451914314138327278e+00,1.596742344678335479e-01,9.871639264636518085e-01,3.394279890813752237e-03,1.756113082163031081e-01,-7.090801646244316615e-03,-2.291379640450421935e-03,9.999722346702216713e-01,-1.115551573427483595e-01,0.000000000000000000e+00,0.000000000000000000e+00,0.000000000000000000e+00,1.000000000000000056e-01
9.850760433774341518e-01,-1.719610074393208288e-01,7.389227585709950107e-03,6.533079259711212394e+00,1.719189952574310121e-01,9.850928648790988618e-01,5.992214445827502567e-03,2.626365116862471316e-01,-8.309502604547630567e-03,-4.632438315101112744e-03,9.999547453168676769e-01,-1.137958642810204257e-01,0.000000000000000000e+00,0.000000000000000000e+00,0.000000000000000000e+00,1.000000000000000056e-01
9.842577232418628919e-01,-1.765511795581266863e-01,8.149554305520742212e-03,6.603692192397497607e+00,1.765333944356816953e-01,9.842905017916212529e-01,2.858099336003265371e-03,3.528664865667545114e-01,-8.526129705824754892e-03,-1.374437860562152842e-03,9.999627073210315409e-01,-1.080820845284406057e-01,0.000000000000000000e+00,0.000000000000000000e+00,0.000000000000000000e+00,1.000000000000000056e-01
9.833330045247251627e-01,-1.812652838706937941e-01,1.411024718612838638e-02,6.658352297902625061e+00,1.812967447326325199e-01,9.834279557700168484e-01,-9.727072305963572856e-04,4.514381981343984496e-01,-1.370009349338674812e-02,3.514637005803104234e-03,9.998999723797324934e-01,-1.060321673611239329e-01,0.000000000000000000e+00,0.000000000000000000e+00,0.000000000000000000e+00,1.000000000000000056e-01
9.823495885020805396e-01,-1.860978035518286167e-01,1.889162467809685567e-02,6.716948053378868799e+00,1.861250861723105776e-01,9.825260049625625935e-01,3.191702622280675160e-04,5.414998928988069560e-01,-1.862090940698236594e-02,3.202668495383882014e-03,9.998214863901283556e-01,-1.233199646469689270e-01,0.000000000000000000e+00,0.000000000000000000e+00,0.000000000000000000e+00,1.000000000000000056e-01
9.816906553895752285e-01,-1.895539398246176566e-01,1.878193328045756408e-02,6.724624042393594792e+00,1.895641197050857985e-01,9.818675440973492208e-01,1.253143517710876304e-03,6.171346632511193198e-01,-1.867890899443091710e-02,2.330181367470804399e-03,9.998228186101637549e-01,-1.228938228539405986e-01,0.000000000000000000e+00,0.000000000000000000e+00,0.000000000000000000e+00,1.000000000000000056e-01
9.814715058803420433e-01,-1.906782311100873872e-01,1.885458367882787006e-02,6.784308862281461572e+00,1.907275498611299136e-01,9.816426549966864590e-01,-8.364299292872687426e-04,7.231498031765557499e-01,-1.834897460197774943e-02,4.417020690975452871e-03,9.998218866674560834e-01,-1.393490100282593347e-01,0.000000000000000000e+00,0.000000000000000000e+00,0.000000000000000000e+00,1.000000000000000056e-01
9.825860879246455237e-01,-1.847998080492640471e-01,1.932901347446381105e-02,6.835331482268316883e+00,1.849404211560651823e-01,9.827329483483826511e-01,-5.743940556133680236e-03,8.192720937664123015e-01,-1.793377928820555009e-02,9.218631972821701367e-03,9.997966775224809144e-01,-1.486261236211915415e-01,0.000000000000000000e+00,0.000000000000000000e+00,0.000000000000000000e+00,1.000000000000000056e-01
9.842169232054718275e-01,-1.757857123665397814e-01,2.040665096831456929e-02,6.920291807001097695e+00,1.759338379390928409e-01,9.843855392317326647e-01,-5.691644707105775886e-03,9.221655019799255282e-01,-1.908750229798225964e-02,9.192033465945444182e-03,9.997755617021178987e-01,-1.646224181574543755e-01,0.000000000000000000e+00,0.000000000000000000e+00,0.000000000000000000e+00,1.000000000000000056e-01
9.857204222711044572e-01,-1.659665339039260168e-01,2.846680069119950085e-02,7.026871249829516941e+00,1.663414052193277759e-01,9.860030975848651513e-01,-1.133262823488966758e-02,1.002592880704995304e+00,-2.618751663168728677e-02,1.590601071820954213e-02,9.995304961809305944e-01,-1.520457000166158534e-01,0.000000000000000000e+00,0.000000000000000000e+00,0.000000000000000000e+00,1.000000000000000056e-01
9.877297747469026001e-01,-1.532767614275341306e-01,2.993537179859083464e-02,7.086806673204194773e+00,1.537173685753326635e-01,9.880292779686683513e-01,-1.300447903559630650e-02,1.049181715741494214e+00,-2.758373935325687115e-02,1.744649772873396384e-02,9.994672366017272047e-01,-1.825370768272173150e-01,0.000000000000000000e+00,0.000000000000000000e+00,0.000000000000000000e+00,1.000000000000000056e-01
9.894426926704880110e-01,-1.419699395167813849e-01,2.911518838296604794e-02,7.148691830544417591e+00,1.424210914774126091e-01,9.897065008305662159e-01,-1.404545891379035266e-02,1.112456203116177766e+00,-2.682145826305182279e-02,1.804379359552594347e-02,9.994773788782442825e-01,-2.020952918856220304e-01,0.000000000000000000e+00,0.000000000000000000e+00,0.000000000000000000e+00,1.000000000000000056e-01
9.918272110777298645e-01,-1.246401451530178700e-01,2.726935243101652820e-02,7.255100412011562305e+00,1.251623083292563443e-01,9.919664701369713677e-01,-1.835534520757579197e-02,1.160697207911271844e+00,-2.476247038291050709e-02,2.161842594250891481e-02,9.994595858364178076e-01,-2.060184046525084245e-01,0.000000000000000000e+00,0.000000000000000000e+00,0.000000000000000000e+00,1.000000000000000056e-01
9.936136096555867603e-01,-1.093281245053551315e-01,2.791694645438177677e-02,7.357131346298388053e+00,1.099261812376682995e-01,9.937206965522505930e-01,-2.086652635713734730e-02,1.177008861546558594e+00,-2.546034928469275913e-02,2.380206789023533651e-02,9.993924315194957497e-01,-2.237547201433647548e-01,0.000000000000000000e+00,0.000000000000000000e+00,0.000000000000000000e+00,1.000000000000000056e-01
9.955297132976581587e-01,-8.956250959099831821e-02,2.998577691581255644e-02,7.555309345487252415e+00,9.026336537977147634e-02,9.956547300244564802e-01,-2.289505296444117877e-02,1.225908629207944855e+00,-2.780494221897274881e-02,2.549932265157313360e-02,9.992880814522460131e-01,-2.436227996386681194e-01,0.000000000000000000e+00,0.000000000000000000e+00,0.000000000000000000e+00,1.000000000000000056e-01
9.971444807640356123e-01,-6.787422071318373329e-02,3.310550776532126399e-02,7.745693240917229438e+00,6.862538354790760631e-02,9.973975471311330443e-01,-2.210632736801435363e-02,1.250467995348314654e+00,-3.151890249872760924e-02,2.431508049292186932e-02,9.992073536788540489e-01,-2.456532880377648442e-01,0.000000000000000000e+00,0.000000000000000000e+00,0.000000000000000000e+00,1.000000000000000056e-01
9.985266143963487107e-01,-4.482460253743158346e-02,3.058357973695737322e-02,7.939768508860254315e+00,4.547189139310473666e-02,9.987488923009407715e-01,-2.080762410217827652e-02,1.258136990423320833e+00,-2.961262290475525152e-02,2.216765966459122161e-02,9.993156095196830124e-01,-2.741767967434269315e-01,0.000000000000000000e+00,0.000000000000000000e+00,0.000000000000000000e+00,1.000000000000000056e-01
9.993385241262220386e-01,-2.616583799935603624e-02,2.525595215025219081e-02,8.071648187667660679e+00,2.665718021146545533e-02,9.994579597536062954e-01,-1.931790434628226708e-02,1.235224124221026898e+00,-2.473679325211388530e-02,1.997837848650666978e-02,9.994943498853068320e-01,-2.832704426456774116e-01,0.000000000000000000e+00,0.000000000000000000e+00,0.000000000000000000e+00,1.000000000000000056e-01
9.998638256793250800e-01,-4.291856327719187868e-03,1.593455575679306527e-02,8.205967501527146268e+00,4.591573251236350135e-03,9.998123345685658858e-01,-1.882054992906790486e-02,1.178325892621928661e+00,-1.585079029520803165e-02,1.889115173344980969e-02,9.996958921758162253e-01,-3.088288968286043157e-01,0.000000000000000000e+00,0.000000000000000000e+00,0.000000000000000000e+00,1.000000000000000056e-01
9.998950008727415240e-01,1.125006896959783627e-02,9.133628954557144672e-03,8.375898976968503717e+00,-1.106155891926788488e-02,9.997300157281400201e-01,-2.043373598949864423e-02,1.103765895348496784e+00,-9.361043957582823247e-03,2.033055829022555050e-02,9.997494882497474089e-01,-3.108762349841859285e-01,0.000000000000000000e+00,0.000000000000000000e+00,0.000000000000000000e+00,1.000000000000000056e-01
9.996573494302398721e-01,2.597540452762923946e-02,3.234515378440041763e-03,8.505832997629326542e+00,-2.591542463790347250e-02,9.995130678067977170e-01,-1.737866649892878118e-02,1.035109244473624734e+00,-3.684358281233304430e-03,1.728888784942114731e-02,9.998437477231058024e-01,-3.457232492371435928e-01,0.000000000000000000e+00,0.000000000000000000e+00,0.000000000000000000e+00,1.000000000000000056e-01
9.993084355122771045e-01,3.718043529423761123e-02,-5.156988813001464481e-04,8.658614379529666394e+00,-3.718388129591778529e-02,9.991721180920524192e-01,-1.650567778713281711e-02,9.495398221721756959e-01,-9.841634142565740067e-05,1.651343873251613983e-02,9.998636390305686295e-01,-3.384807320334700109e-01,0.000000000000000000e+00,0.000000000000000000e+00,0.000000000000000000e+00,1.000000000000000056e-01
9.986424151789564663e-01,5.205685970339261198e-02,-1.846608610960864382e-03,8.715903242920655103e+00,-5.208287087972760659e-02,9.984556179825153643e-01,-1.933270493435870069e-02,8.676369959622245442e-01,8.373568333737672767e-04,1.940263582544016902e-02,9.998114004933925658e-01,-3.261520627406948591e-01,0.000000000000000000e+00,0.000000000000000000e+00,0.000000000000000000e+00,1.000000000000000056e-01
9.982995812272742464e-01,5.795819255566301426e-02,-6.228485941992590452e-03,8.742411660209301161e+00,-5.805992795952600455e-02,9.981574373405147638e-01,-1.762881298190829837e-02,7.568399783091901423e-01,5.195275429037533865e-03,1.796046206246199733e-02,9.998252001803711320e-01,-3.335991479987667763e-01,0.000000000000000000e+00,0.000000000000000000e+00,0.000000000000000000e+00,1.000000000000000056e-01
9.987341005216351375e-01,4.992993623360698907e-02,-6.099009997393691797e-03,8.896022052673417946e+00,-5.002007209429773504e-02,9.986256194682417986e-01,-1.564814779299947278e-02,7.500992784079462128e-01,5.309316615311753494e-03,1.593341173064441452e-02,9.998589588275439421e-01,-3.357002450204251143e-01,0.000000000000000000e+00,0.000000000000000000e+00,0.000000000000000000e+00,1.000000000000000056e-01
9.989437305202578665e-01,4.568892585123680156e-02,-4.893394407833273792e-03,9.015070712376155981e+00,-4.576508579050857922e-02,9.988112083114047968e-01,-1.678472740615212511e-02,7.622483861890854140e-01,4.120701015339316674e-03,1.699094482574849824e-02,9.998471521272991325e-01,-3.412672054000264188e-01,0.000000000000000000e+00,0.000000000000000000e+00,0.000000000000000000e+00,1.000000000000000056e-01
9.986442234768180271e-01,5.170844547148147757e-02,-5.995963917994492909e-03,9.160245806987290962e+00,-5.180929354110786617e-02,9.984929361043339835e-01,-1.810120583048716383e-02,7.863652184540571577e-01,5.050942402600159045e-03,1.838731129527017630e-02,9.998181808529871262e-01,-3.511707003619856660e-01,0.000000000000000000e+00,0.000000000000000000e+00,0.000000000000000000e+00,1.000000000000000056e-01
9.988631710523304674e-01,4.744029519582558529e-02,-4.667323324534309280e-03,9.248584449336851421e+00,-4.751688974377424324e-02,9.987089666988678838e-01,-1.795953853409648637e-02,8.043870199679068467e-01,3.809291845056842450e-03,1.816089829861457922e-02,9.998278207114595917e-01,-3.498778472365897119e-01,0.000000000000000000e+00,0.000000000000000000e+00,0.000000000000000000e+00,1.000000000000000056e-01
9.988715844017710399e-01,4.739629518371068356e-02,-3.024744213028449265e-03,9.391595476901859030e+00,-4.743865157145776140e-02,9.987469540561643155e-01,-1.594039210985406102e-02,8.124164980899791777e-01,2.265438539778437919e-03,1.606589450957005699e-02,9.998683687475216075e-01,-3.627412321202505008e-01,0.000000000000000000e+00,0.000000000000000000e+00,0.000000000000000000e+00,1.000000000000000056e-01
9.989763291791901034e-01,4.523581003504529435e-02,1.234104686933195196e-04,9.462984593884463891e+00,-4.522891856632441782e-02,9.988649027263930558e-01,-1.494158715512253037e-02,8.239888246020321549e-01,-7.991651839779667687e-04,1.492071016629648202e-02,9.998883606398977220e-01,-3.715449364682128497e-01,0.000000000000000000e+00,0.000000000000000000e+00,0.000000000000000000e+00,1.000000000000000056e-01
9.990113725072851114e-01,4.445426329321929687e-02,3.099615583585552830e-04,9.527449898675355300e+00,-4.444544736434270088e-02,9.989118110462289479e-01,-1.413491991227815506e-02,8.437371046533030938e-01,-9.379817130236371529e-04,1.410716936171855715e-02,9.999000489863503205e-01,-3.824588982090810219e-01,0.000000000000000000e+00,0.000000000000000000e+00,0.000000000000000000e+00,1.000000000000000056e-01
9.989423523258584847e-01,4.583396198409091932e-02,-3.663967592830760789e-03,9.537130595129116983e+00,-4.587338174106924543e-02,9.988808763588558071e-01,-1.151640969236041728e-02,8.621882444473728535e-01,3.132024476044374672e-03,1.167230797250766450e-02,9.999269711580323072e-01,-3.776083248787426294e-01,0.000000000000000000e+00,0.000000000000000000e+00,0.000000000000000000e+00,1.000000000000000056e-01
9.987150815513093915e-01,4.931206605530272236e-02,-1.168357921695188824e-02,9.565867215701606696e+00,-4.946545271540261912e-02,9.986882784571228244e-01,-1.322465349294589185e-02,8.769069130387684430e-01,1.101611862779246394e-02,1.378559442699806015e-02,9.998442891353996886e-01,-3.949582120778704630e-01,0.000000000000000000e+00,0.000000000000000000e+00,0.000000000000000000e+00,1.000000000000000056e-01
