1.000000000000000000e+00,3.020638024346663340e-13,-7.925555436607862282e-13,2.419788978726653151e-20,-3.020638024348666669e-13,1.000000000000000000e+00,-2.528128907405411501e-13,-9.013016005577716917e-20,7.925555436607098917e-13,2.528128907407805599e-13,1.000000000000000000e+00,2.776012600306003491e-19,0.000000000000000000e+00,0.000000000000000000e+00,0.000000000000000000e+00,1.000000000000000056e-01
9.999920483125227522e-01,-3.983666196011374089e-03,-1.836174392603275886e-04,6.556251588338017910e-01,3.983111613523968725e-03,9.999877815591935448e-01,-2.927721673387370920e-03,7.032146553879937978e-03,1.952782616031180569e-04,2.926967024304840629e-03,9.999956973559631646e-01,2.039153392986003694e-03,0.000000000000000000e+00,0.000000000000000000e+00,0.000000000000000000e+00,1.000000000000000056e-01
9.999536072563751654e-01,-9.339087560162918911e-03,-2.358978275972535479e-03,1.325919187934874399e+00,9.335804658505926501e-03,9.999554419761886859e-01,-1.398861531186785037e-03,9.434225568239347146e-03,2.371937254886641051e-03,1.376773673784263598e-03,9.999962391968831854e-01,6.225673819556210367e-03,0.000000000000000000e+00,0.000000000000000000e+00,0.000000000000000000e+00,1.000000000000000056e-01
9.998860035274369507e-01,-1.492063115296311110e-02,-2.314025913325871032e-03,2.043405586922129924e+00,1.491891953108235094e-02,9.998884215470303927e-01,-7.551795899588120827e-04,3.315451337035270210e-04,2.325035474010351839e-03,7.205707357556572672e-04,9.999970374895414960e-01,4.949357818914390007e-03,0.000000000000000000e+00,0.000000000000000000e+00,0.000000000000000000e+00,1.000000000000000056e-01
9.997913544346944681e-01,-1.995453457782334419e-02,-4.366250957232458568e-03,2.738281537453952197e+00,1.995577852632956020e-02,9.998008344532497427e-01,2.415160315214446847e-04,8.606061891119896543e-03,4.360562010471219496e-03,-3.285975773654229120e-04,9.999904387155834629e-01,1.027222306459297727e-02,0.000000000000000000e+00,0.000000000000000000e+00,0.000000000000000000e+00,1.000000000000000056e-01
9.996855747752260157e-01,-2.429403967145504079e-02,-6.208963099243093413e-03,3.444250019204019075e+00,2.429370926231490257e-02,9.997048560159568220e-01,-1.286405581144401495e-04,1.027137755079411512e-02,6.210255759959396223e-03,-2.223863407541344444e-05,9.999807159284818114e-01,2.510097985350134495e-02,0.000000000000000000e+00,0.000000000000000000e+00,0.000000000000000000e+00,1.000000000000000056e-01
9.995198807021823395e-01,-2.999468121987610217e-02,-7.767057332935848983e-03,4.165172425397111411e+00,2.999603962675553501e-02,9.995500158532211188e-01,5.843402638845175689e-05,4.501503178578399739e-02,7.761809570274989280e-03,-2.913869306267593347e-04,9.999698342479393931e-01,4.345579772151778042e-02,0.000000000000000000e+00,0.000000000000000000e+00,0.000000000000000000e+00,1.000000000000000056e-01
9.993681182311062727e-01,-3.449355541644753137e-02,-8.576648410073054590e-03,4.933997916583215293e+00,3.452300300517719550e-02,9.993984240960720467e-01,3.309407468450631037e-03,7.327886698807226096e-02,8.457335675144485310e-03,-3.603407973040776736e-03,9.999577435693258742e-01,5.547399902211722078e-02,0.000000000000000000e+00,0.000000000000000000e+00,0.000000000000000000e+00,1.000000000000000056e-01
9.992711501646349692e-01,-3.751810696868469741e-02,-7.039893332564017316e-03,5.704675773959850815e+00,3.754640168460382510e-02,9.992871534837641789e-01,3.930979884758181025e-03,1.089958978549530749e-01,6.887392045319121713e-03,-4.192437453597564270e-03,9.999674931211572915e-01,6.073427015660440298e-02,0.000000000000000000e+00,0.000000000000000000e+00,0.000000000000000000e+00,1.000000000000000056e-01
9.990777698421995368e-01,-4.261749030530182641e-02,-5.230614420360975812e-03,6.498389194982268080e+00,4.263860133973996352e-02,9.990825814797213988e-01,3.993126545280635369e-03,1.632908733145988500e-01,5.055638725987959305e-03,-4.212470046588330692e-03,9.999783475721756298e-01,7.188803128542264886e-02,0.000000000000000000e+00,0.000000000000000000e+00,0.000000000000000000e+00,1.000000000000000056e-01
9.988440212116668215e-01,-4.794622408992316870e-02,-3.432329416918925621e-03,7.323919445839656817e+00,4.795549083517577221e-02,9.988459039059690570e-01,2.670421132530700035e-03,1.979285037136342962e-01,3.300331568910648290e-03,-2.831933224241937538e-03,9.999905439381657768e-01,9.223009994007827506e-02,0.000000000000000000e+00,0.000000000000000000e+00,0.000000000000000000e+00,1.000000000000000056e-01
9.987651551996687971e-01,-4.959476315336332902e-02,-2.919627843301136113e-03,8.140522557774097834e+00,4.960394336665999854e-02,9.987639657132525439e-01,3.160632090925302902e-03,2.445869547928633259e-01,2.759268283217913582e-03,-3.301554255012897031e-03,9.999907430461756341e-01,1.072181967717722034e-01,0.000000000000000000e+00,0.000000000000000000e+00,0.000000000000000000e+00,1.000000000000000056e-01
9.986093426420145081e-01,-5.258999447648775305e-02,-3.697738369131864291e-03,8.987906434717240600e+00,5.260213699030384660e-02,9.986102054096036573e-01,3.266930645502188948e-03,2.950661616092244977e-01,3.520791407747715044e-03,-3.456896404609369981e-03,9.999878268734629927e-01,1.161516671945533180e-01,0.000000000000000000e+00,0.000000000000000000e+00,0.000000000000000000e+00,1.000000000000000056e-01
9.986201189332214456e-01,-5.240178475754844051e-02,-3.451233985426549987e-03,9.668658841147697913e+00,5.241947453942397833e-02,9.986113444948111484e-01,5.251793529485509517e-03,3.770642988026199904e-01,3.171238056229807104e-03,-5.425458551056204330e-03,9.999802536293911359e-01,1.339904687205025480e-01,0.000000000000000000e+00,0.000000000000000000e+00,0.000000000000000000e+00,1.000000000000000056e-01
9.983580067467319186e-01,-5.714893259842413614e-02,-3.910226023296140344e-03,1.042330200013419983e+01,5.717020175710856716e-02,9.983489485192946766e-01,5.562824954117617446e-03,4.406624723130077026e-01,3.585860530470785096e-03,-5.777239243741580724e-03,9.999768822882739716e-01,1.408234024387188255e-01,0.000000000000000000e+00,0.000000000000000000e+00,0.000000000000000000e+00,1.000000000000000056e-01
9.982180029158762569e-01,-5.950531505283960382e-02,-4.464989933011682607e-03,1.125050595621341998e+01,5.952335046514711098e-02,9.982188136667766720e-01,4.021292217224273387e-03,4.915171801695149556e-01,4.217748693659560677e-03,-4.279897446824778955e-03,9.999819463739342273e-01,1.621551869687674063e-01,0.000000000000000000e+00,0.000000000000000000e+00,0.000000000000000000e+00,1.000000000000000056e-01
9.980160203919188344e-01,-6.270912900960379233e-02,-5.620336282999096461e-03,1.214234483126728037e+01,6.273603447359346608e-02,9.980188709610471332e-01,4.745859686586431647e-03,5.559353618649045536e-01,5.311592944232539776e-03,-5.089041608548849210e-03,9.999729439519356999e-01,1.753645206346822194e-01,0.000000000000000000e+00,0.000000000000000000e+00,0.000000000000000000e+00,1.000000000000000056e-01
9.978776953836955288e-01,-6.471384722203342432e-02,-7.226550591248354083e-03,1.304139543372786747e+01,6.476463856993712465e-02,9.978758008227831544e-01,7.030485274472197954e-03,6.335562172300429618e-01,6.756230208479358998e-03,-7.483589380268889854e-03,9.999491733300035490e-01,1.886766870067810298e-01,0.000000000000000000e+00,0.000000000000000000e+00,0.000000000000000000e+00,1.000000000000000056e-01
9.980238685867542925e-01,-6.193752955203900290e-02,-1.058773649649770270e-02,1.391674338733770000e+01,6.204435620444315180e-02,9.980225142585850140e-01,1.007764338268746229e-02,6.960515952795600647e-01,9.942615063711903942e-03,-1.071463792961493272e-02,9.998931647629820674e-01,1.947327487816191693e-01,0.000000000000000000e+00,0.000000000000000000e+00,0.000000000000000000e+00,1.000000000000000056e-01
9.970388630124069618e-01,-7.651339717408185692e-02,-7.694523754467710516e-03,1.488516142930289377e+01,7.658584870555433521e-02,9.970166914615260501e-01,9.608575605270244790e-03,7.833169169641176488e-01,6.936383854488279571e-03,-1.016941492876835204e-02,9.999242319191138373e-01,2.069646685843362088e-01,0.000000000000000000e+00,0.000000000000000000e+00,0.000000000000000000e+00,1.000000000000000056e-01
9.966741860732176717e-01,-8.118165785521314071e-02,-7.078505715765086651e-03,1.584680588469536033e+01,8.123545352917072027e-02,9.966653837639188884e-01,7.675538849497618062e-03,8.791779027872339558e-01,6.431788646943792723e-03,-8.225037057625403727e-03,9.999454889443732952e-01,2.183524009772953300e-01,0.000000000000000000e+00,0.000000000000000000e+00,0.000000000000000000e+00,1.000000000000000056e-01
9.965368406187632422e-01,-8.290720208834774507e-02,-6.381311107880573152e-03,1.675520319224829535e+01,8.295512011460394464e-02,9.965239129788773242e-01,7.651072345662241966e-03,9.718331269333502220e-01,5.724800114006335996e-03,-8.153937892134728929e-03,9.999503687486224202e-01,2.372292086230941566e-01,0.000000000000000000e+00,0.000000000000000000e+00,0.000000000000000000e+00,1.000000000000000056e-01
9.963198021618877576e-01,-8.554410879116600142e-02,-5.390479683858545416e-03,1.764716195419625677e+01,8.558698614989365683e-02,9.962961231064215717e-01,8.300776162021282836e-03,1.060326145096811334e+00,4.660431511657132063e-03,-8.731582573578844028e-03,9.999510187223601410e-01,2.601127710681212513e-01,0.000000000000000000e+00,0.000000000000000000e+00,0.000000000000000000e+00,1.000000000000000056e-01
9.962661612440323333e-01,-8.615394009664871511e-02,-5.588789305636734060e-03,1.855634478954957345e+01,8.619501912733172622e-02,9.962494438807207864e-01,7.580517462124041449e-03,1.144454141833594951e+00,4.914736790373681712e-03,-8.033938833331658036e-03,9.999556496110733050e-01,2.638371725625676678e-01,0.000000000000000000e+00,0.000000000000000000e+00,0.000000000000000000e+00,1.000000000000000056e-01
9.960710029219912442e-01,-8.836617330668566916e-02,-5.828940993977569859e-03,1.949419865142728980e+01,8.839287529202344285e-02,9.960755512105784470e-01,4.493982437793922306e-03,1.229421220487795008e+00,5.408949582614844959e-03,-4.991562448292429822e-03,9.999729134175272538e-01,2.816658011071724310e-01,0.000000000000000000e+00,0.000000000000000000e+00,0.000000000000000000e+00,1.000000000000000056e-01
9.959295792075332221e-01,-9.004150446867364987e-02,-4.098869664152719576e-03,2.042574269299554501e+01,9.005188326126675746e-02,9.959341309213050053e-01,2.421814841013014870e-03,1.312628165961983617e+00,3.864140344898266046e-03,-2.781067968028079485e-03,9.999886669759573410e-01,2.999409223445758110e-01,0.000000000000000000e+00,0.000000000000000000e+00,0.000000000000000000e+00,1.000000000000000056e-01
9.960375505550168596e-01,-8.893320822616222754e-02,2.869825157283583186e-04,2.134859071691314369e+01,8.893206914489763804e-02,9.960337907741073638e-01,2.788317372336355116e-03,1.408256467789885447e+00,-5.338182925014211188e-04,-2.751746856779772789e-03,9.999960714559166242e-01,3.077795342322757755e-01,0.000000000000000000e+00,0.000000000000000000e+00,0.000000000000000000e+00,1.000000000000000056e-01
9.959219274369046637e-01,-9.017278478125283214e-02,2.895398962954409336e-03,2.229745226427927207e+01,9.017088621723585995e-02,9.959260027416827477e-01,7.799626734407338804e-04,1.501482958305453419e+00,-2.953934521807180871e-03,-5.157012386198720454e-04,9.999955041514303478e-01,3.175272581394325000e-01,0.000000000000000000e+00,0.000000000000000000e+00,0.000000000000000000e+00,1.000000000000000056e-01
9.959839073731208137e-01,-8.928825853594801742e-02,6.607809121663766813e-03,2.327500721484623725e+01,8.928593010869106950e-02,9.960058252403573009e-01,6.471258771321276946e-04,1.594811573258233528e+00,-6.639197119876155337e-03,-5.454257625987221159e-05,9.999779588004481523e-01,3.288492367829949914e-01,0.000000000000000000e+00,0.000000000000000000e+00,0.000000000000000000e+00,1.000000000000000056e-01
9.961630126832392573e-01,-8.715579585211635782e-02,7.944772573004547575e-03,2.420781023302634694e+01,8.716861642419843070e-02,9.961927476787033608e-01,-1.281320820921242731e-03,1.689998697276157591e+00,-7.802850283294525055e-03,1.968939242176392067e-03,9.999676188785900921e-01,3.397308910654831537e-01,0.000000000000000000e+00,0.000000000000000000e+00,0.000000000000000000e+00,1.000000000000000056e-01
9.962137718111893081e-01,-8.675043518820202415e-02,5.699372630485368199e-03,2.516506199169127456e+01,8.676782406269797909e-02,9.962244044327051018e-01,-2.877624041944806203e-03,1.768318394990892939e+00,-5.428218966498600181e-03,3.361250862350106342e-03,9.999796180080332553e-01,3.451963371620602739e-01,0.000000000000000000e+00,0.000000000000000000e+00,0.000000000000000000e+00,1.000000000000000056e-01
9.965062166595360926e-01,-8.351543224016846900e-02,7.298880979954164034e-04,2.610856523207169033e+01,8.351773986841895536e-02,9.964977998110656765e-01,-4.113647891628382895e-03,1.868364214894285169e+00,-3.837788020075139864e-04,4.160234301457513099e-03,9.999912725441097994e-01,3.477877394156791424e-01,0.000000000000000000e+00,0.000000000000000000e+00,0.000000000000000000e+00,1.000000000000000056e-01
9.965375248436719735e-01,-8.313641741757189785e-02,-1.139156450664134375e-03,2.706235786702989188e+01,8.312951174134973475e-02,9.965254090155251099e-01,-5.156885114591729276e-03,1.953109427186872971e+00,1.563923301391911260e-03,5.044332008457699280e-03,9.999860543320070461e-01,3.567712939152475338e-01,0.000000000000000000e+00,0.000000000000000000e+00,0.000000000000000000e+00,1.000000000000000056e-01
9.966256522554087782e-01,-8.205618178745162361e-02,2.022942645174769741e-03,2.804124356665602491e+01,8.206914222906215584e-02,9.965985276454335517e-01,-7.485358290690188182e-03,2.033722371294094167e+00,-1.401841741047252015e-03,7.626121256492623610e-03,9.999699381052984393e-01,3.644702218183546449e-01,0.000000000000000000e+00,0.000000000000000000e+00,0.000000000000000000e+00,1.000000000000000056e-01
9.966266852302106960e-01,-8.168692536759142309e-02,7.905473485636299938e-03,2.904259046696976299e+01,8.175662109108375319e-02,9.966122687592854357e-01,-8.935360442578107673e-03,2.109518502498501036e+00,-7.148789744530962935e-03,9.551543459534543243e-03,9.999288288787002710e-01,3.824640267579976216e-01,0.000000000000000000e+00,0.000000000000000000e+00,0.000000000000000000e+00,1.000000000000000056e-01
9.967629645540485583e-01,-7.974786295801826463e-02,1.019170481585844265e-02,2.998446944904832989e+01,7.986033344741517992e-02,9.967436943579419673e-01,-1.115055601076303700e-02,2.179025210732536078e+00,-9.269284497312336307e-03,1.192837421070621316e-02,9.998858906163229365e-01,3.875940766694099260e-01,0.000000000000000000e+00,0.000000000000000000e+00,0.000000000000000000e+00,1.000000000000000056e-01
9.966539013360845578e-01,-8.121359967539469593e-02,9.238624320049430502e-03,3.088843368032988934e+01,8.137706704339602026e-02,9.965030095875738736e-01,-1.896114032230679716e-02,2.242564629800466225e+00,-7.666414479853402540e-03,1.964950662668942319e-02,9.997775367442253147e-01,3.996484691615169171e-01,0.000000000000000000e+00,0.000000000000000000e+00,0.000000000000000000e+00,1.000000000000000056e-01
9.966604341017700763e-01,-8.133577942278175099e-02,7.243623524164309428e-03,3.182337794728727332e+01,8.148242398624666594e-02,9.964094782581365273e-01,-2.299491723563290915e-02,2.318971994358081989e+00,-5.347305620288363322e-03,2.350835219739287954e-02,9.997093396080515282e-01,4.081572003412748395e-01,0.000000000000000000e+00,0.000000000000000000e+00,0.000000000000000000e+00,1.000000000000000056e-01
9.968382428573626663e-01,-7.937682583773526812e-02,3.582889472399276506e-03,3.279195828020389314e+01,7.944153078902825571e-02,9.965304592469220735e-01,-2.482109947231126920e-02,2.386283571834823203e+00,-1.600238401446259185e-03,2.502725140810186863e-02,9.996854885032663285e-01,4.079622682581197091e-01,0.000000000000000000e+00,0.000000000000000000e+00,0.000000000000000000e+00,1.000000000000000056e-01
9.966985673982140526e-01,-8.108273715747897625e-02,4.189926180594247956e-03,3.373782207841382785e+01,8.116329449187796585e-02,9.963779408650825786e-01,-2.536766809706059861e-02,2.463641276272918734e+00,-2.117870055585067794e-03,2.562398666306847650e-02,9.996694083215302840e-01,4.104785449956045995e-01,0.000000000000000000e+00,0.000000000000000000e+00,0.000000000000000000e+00,1.000000000000000056e-01
9.966827159248996537e-01,-8.121321743535020454e-02,5.289337422044359388e-03,3.469970082899466490e+01,8.132363867099656751e-02,9.963512777703322776e-01,-2.589588922465026546e-02,2.552594424535511664e+00,-3.166949616729068922e-03,2.624013336903409030e-02,9.996506518934004104e-01,4.269445643099102350e-01,0.000000000000000000e+00,0.000000000000000000e+00,0.000000000000000000e+00,1.000000000000000056e-01
9.966218157695350133e-01,-8.192753988063126991e-02,5.730143221812545803e-03,3.567163157235560078e+01,8.204464358530134949e-02,9.963245821369283162e-01,-2.461713810815759074e-02,2.633240259761639113e+00,-3.692260986954047294e-03,2.500410443872777555e-02,9.996805299544556656e-01,4.297770033277352741e-01,0.000000000000000000e+00,0.000000000000000000e+00,0.000000000000000000e+00,1.000000000000000056e-01
9.966967336956989998e-01,-8.108347679682353926e-02,4.592475461437108518e-03,3.663469000748849425e+01,8.116916265717463719e-02,9.964262951406541724e-01,-2.337103732835040318e-02,2.709259081948752090e+00,-2.681058346633147585e-03,2.366660395597557434e-02,9.997163116521271542e-01,4.471786832250848054e-01,0.000000000000000000e+00,0.000000000000000000e+00,0.000000000000000000e+00,1.000000000000000056e-01
9.965143432173679816e-01,-8.314989840076324190e-02,6.727418375610979585e-03,3.762589299771151730e+01,8.328355268349811602e-02,9.962624899392785727e-01,-2.291071785003509498e-02,2.804425146749615738e+00,-4.797250720230479722e-03,2.339114225367527888e-02,9.997148797780273100e-01,4.593383136735084693e-01,0.000000000000000000e+00,0.000000000000000000e+00,0.000000000000000000e+00,1.000000000000000056e-01
9.966697820282679476e-01,-8.095130860681566676e-02,9.809751605869783397e-03,3.861162973686406730e+01,8.115597591640465180e-02,9.964438186926629637e-01,-2.265885615470017087e-02,2.889910161557287971e+00,-7.940602293322791133e-03,2.337951718978677554e-02,9.996951260315275478e-01,4.825037367370261232e-01,0.000000000000000000e+00,0.000000000000000000e+00,0.000000000000000000e+00,1.000000000000000056e-01
9.967120618052529579e-01,-8.022414280342742010e-02,1.136453973449268531e-02,3.960414118751896240e+01,8.041647449008061665e-02,9.966056079120869660e-01,-1.761967391201575694e-02,2.976554338140432243e+00,-9.912440794667774085e-03,1.847563773283179139e-02,9.997801730019741928e-01,4.882125065673403319e-01,0.000000000000000000e+00,0.000000000000000000e+00,0.000000000000000000e+00,1.000000000000000056e-01
9.965839688753522774e-01,-8.201163713112602505e-02,9.720306359538652061e-03,4.060002365350899822e+01,8.218637546227633428e-02,9.964320771710409863e-01,-1.919675162568647286e-02,3.057115656760666766e+00,-8.111268028151827694e-03,1.993005167271439532e-02,9.997684733833620552e-01,5.030590923131976755e-01,0.000000000000000000e+00,0.000000000000000000e+00,0.000000000000000000e+00,1.000000000000000056e-01
9.965711471165354940e-01,-8.231382572606510406e-02,8.389447489048735065e-03,4.160634508465638248e+01,8.243354666925398200e-02,9.964822592491572317e-01,-1.509362067972175488e-02,3.134494680491435759e+00,-7.117521925533503921e-03,1.573343878604992543e-02,9.998508887757240338e-01,5.289749470603707371e-01,0.000000000000000000e+00,0.000000000000000000e+00,0.000000000000000000e+00,1.000000000000000056e-01
9.964942298407174492e-01,-8.340787801107567290e-02,6.509668182393864473e-03,4.263107530109827081e+01,8.349125943863790200e-02,9.964128608933932041e-01,-1.380652902048713944e-02,3.192862971043936682e+00,-5.334743808788597157e-03,1.430162689811954012e-02,9.998834952015968058e-01,5.345148420160523717e-01,0.000000000000000000e+00,0.000000000000000000e+00,0.000000000000000000e+00,1.000000000000000056e-01
9.965672907436385897e-01,-8.236769106693031528e-02,8.318562867877547437e-03,4.365063937915797254e+01,8.248330983933122029e-02,9.964844461139465981e-01,-1.467147746240958506e-02,3.279800510918334577e+00,-7.080862788741817786e-03,1.530725714436897283e-02,9.998577645149749893e-01,5.478424145421374458e-01,0.000000000000000000e+00,0.000000000000000000e+00,0.000000000000000000e+00,1.000000000000000056e-01
9.966569205593059921e-01,-8.120554697398969790e-02,8.980080283398972352e-03,4.464137423813979666e+01,8.135370561174777582e-02,9.965300507162101473e-01,-1.759069648378868908e-02,3.367682448417303576e+00,-7.520457730631718678e-03,1.826245219577174797e-02,9.998049437541899342e-01,5.661494721875902636e-01,0.000000000000000000e+00,0.000000000000000000e+00,0.000000000000000000e+00,1.000000000000000056e-01
9.965040447080131258e-01,-8.292557543129126796e-02,1.015075464975011624e-02,4.562246326615053960e+01,8.308480118348963994e-02,9.964071487095036428e-01,-1.642284423895827919e-02,3.461368311940084208e+00,-8.752410689073168715e-03,1.720880414166848713e-02,9.998136088127344001e-01,5.775179645863179889e-01,0.000000000000000000e+00,0.000000000000000000e+00,0.000000000000000000e+00,1.000000000000000056e-01
9.958598468734363163e-01,-9.048216518018643850e-02,8.726005358774057558e-03,4.653476898436993281e+01,9.060996317544488254e-02,9.957647129719927603e-01,-1.557147947850263774e-02,3.533142474560932556e+00,-7.280107043197960037e-03,1.629767419328174635e-02,9.998406802372712399e-01,5.888574845342993136e-01,0.000000000000000000e+00,0.000000000000000000e+00,0.000000000000000000e+00,1.000000000000000056e-01
9.960823553810416175e-01,-8.834492843755285818e-02,3.887790879158520632e-03,4.748233184373972193e+01,8.839486719187465702e-02,9.959657831161731201e-01,-1.544364969554753476e-02,3.629307388394574119e+00,-2.507738560385249296e-03,1.572680772285369247e-02,9.998731813415945302e-01,5.881101539470952044e-01,0.000000000000000000e+00,0.000000000000000000e+00,0.000000000000000000e+00,1.000000000000000056e-01
9.962416412530481491e-01,-8.658453145030070575e-02,2.389800611949168940e-03,4.843213941982362769e+01,8.661353843267657893e-02,9.960808315825079307e-01,-1.791847968078372558e-02,3.720516708755233992e+00,-8.289714134043219126e-04,1.805812469309286614e-02,9.998365951189046585e-01,5.924914175149648132e-01,0.000000000000000000e+00,0.000000000000000000e+00,0.000000000000000000e+00,1.000000000000000056e-01
9.963991170129856689e-01,-8.468531475442704626e-02,4.146936301191764609e-03,4.940501958840001606e+01,8.474644080897376919e-02,9.962417381657374671e-01,-1.790083536378643536e-02,3.826749060369186495e+00,-2.615413151612445281e-03,1.818781464205916631e-02,9.998311672540481920e-01,6.046139449525522735e-01,0.000000000000000000e+00,0.000000000000000000e+00,0.000000000000000000e+00,1.000000000000000056e-01
9.964883038706431329e-01,-8.355009810378902224e-02,5.517368562648910027e-03,5.042216198874793776e+01,8.363299995666084730e-02,9.963506162354666129e-01,-1.705786755298333360e-02,3.924368862482215725e+00,-4.072047059900234592e-03,1.745939959028334001e-02,9.998392809840432882e-01,6.288884930028604270e-01,0.000000000000000000e+00,0.000000000000000000e+00,0.000000000000000000e+00,1.000000000000000056e-01
9.965952219697785663e-01,-8.227916403018580016e-02,5.301199251255455172e-03,5.136692295805485031e+01,8.236354783074485708e-02,9.964327490186442038e-01,-1.838539289436741386e-02,4.010483729793874019e+00,-3.769553785308982913e-03,1.875942029065476996e-02,9.998169205482663191e-01,6.368432577423297491e-01,0.000000000000000000e+00,0.000000000000000000e+00,0.000000000000000000e+00,1.000000000000000056e-01
9.967080232313477728e-01,-8.095783658813690553e-02,4.352599364468096726e-03,5.232302329397863616e+01,8.102908890860360813e-02,9.965117056284937824e-01,-1.996765624783600201e-02,4.097917749062247594e+00,-2.720877965043203353e-03,2.025461034823070744e-02,9.997911519826231386e-01,6.533297605690475685e-01,0.000000000000000000e+00,0.000000000000000000e+00,0.000000000000000000e+00,1.000000000000000056e-01
9.966705101840327430e-01,-8.144444431278428931e-02,3.833617101588197591e-03,5.330675064428845644e+01,8.150930820981326652e-02,9.964306362242099091e-01,-2.195950520785995216e-02,4.186256619134224088e+00,-2.031453828537692786e-03,2.219886673679846364e-02,9.997515108820512753e-01,6.761792241106810986e-01,0.000000000000000000e+00,0.000000000000000000e+00,0.000000000000000000e+00,1.000000000000000056e-01
9.966551853532190641e-01,-8.159268680777288785e-02,4.590748090362875566e-03,5.426412337107895922e+01,8.167939109108694751e-02,9.963738966450470524e-01,-2.382299635550273048e-02,4.265557121683828612e+00,-2.630319282853418525e-03,2.411828235703604439e-02,9.997056516178232100e-01,6.768897522987731286e-01,0.000000000000000000e+00,0.000000000000000000e+00,0.000000000000000000e+00,1.000000000000000056e-01
9.965727399631358896e-01,-8.223974805669720389e-02,8.910544424379034795e-03,5.521368422534570186e+01,8.244876685596769228e-02,9.962456897464179173e-01,-2.639557738740242951e-02,4.338277493306978094e+00,-6.706325841930559951e-03,2.703977627967800099e-02,9.996118625208720854e-01,6.946016591234140947e-01,0.000000000000000000e+00,0.000000000000000000e+00,0.000000000000000000e+00,1.000000000000000056e-01
9.963540423386123557e-01,-8.428660430651012392e-02,1.320570520587547973e-02,5.616320972689817381e+01,8.460153711812525013e-02,9.960898586008174460e-01,-2.544746568627083774e-02,4.425892540961177346e+00,-1.100918856034238148e-02,2.647190826293497126e-02,9.995889334322192177e-01,7.213254721401154423e-01,0.000000000000000000e+00,0.000000000000000000e+00,0.000000000000000000e+00,1.000000000000000056e-01
9.961960194331690444e-01,-8.601772230820302345e-02,1.394425739930482515e-02,5.712018617459774816e+01,8.631512549942833845e-02,9.960171510322503030e-01,-2.235025636581146335e-02,4.500410829661254830e+00,-1.196620138252445058e-02,2.346883675234955058e-02,9.996529516417007599e-01,7.195353626453274698e-01,0.000000000000000000e+00,0.000000000000000000e+00,0.000000000000000000e+00,1.000000000000000056e-01
9.961858213680298002e-01,-8.680250317744370170e-02,8.895771323148496043e-03,5.801547097834099276e+01,8.698548584209778167e-02,9.959484719691054089e-01,-2.280715754359398731e-02,4.582543769096250941e+00,-6.880011491130056007e-03,2.349396996111950339e-02,9.997003044999775989e-01,7.323224833269820211e-01,0.000000000000000000e+00,0.000000000000000000e+00,0.000000000000000000e+00,1.000000000000000056e-01
9.959982062000645175e-01,-8.929016430092918954e-02,3.852246794653900984e-03,5.894488115789488347e+01,8.935248962187943012e-02,9.957701198180505253e-01,-2.140095969617477820e-02,4.659473058117916899e+00,-1.925057044812206880e-03,2.165952531009018509e-02,9.997635516054362848e-01,7.477333522543003763e-01,0.000000000000000000e+00,0.000000000000000000e+00,0.000000000000000000e+00,1.000000000000000056e-01
9.959960225646881105e-01,-8.939755602787205491e-02,3.400690318655944996e-06,5.989345449691288081e+01,8.937784089007039245e-02,9.957755719775076564e-01,-2.103834144358111141e-02,4.760279746147143776e+00,1.877389983588866745e-03,2.095440834552284026e-02,9.997786695952952662e-01,7.619021868330448921e-01,0.000000000000000000e+00,0.000000000000000000e+00,0.000000000000000000e+00,1.000000000000000056e-01
9.959658012175737207e-01,-8.973338302421858537e-02,-2.068237539618949464e-04,6.079866776749503998e+01,8.971651128729520031e-02,9.958182568481880326e-01,-1.723214816187712897e-02,4.851501117671452867e+00,1.752257821484937703e-03,1.714407474508709492e-02,9.998514941198327621e-01,7.721245963354467223e-01,0.000000000000000000e+00,0.000000000000000000e+00,0.000000000000000000e+00,1.000000000000000056e-01
9.958080066778439710e-01,-9.146810277654746080e-02,3.279948639931277651e-06,6.173886745004918453e+01,9.145653000936734833e-02,9.956814429374922781e-01,-1.594262552276435804e-02,4.943751792818730451e+00,1.454975925849651564e-03,1.587609411575651233e-02,9.998729082641867327e-01,7.914757155473542971e-01,0.000000000000000000e+00,0.000000000000000000e+00,0.000000000000000000e+00,1.000000000000000056e-01
9.956701876028827281e-01,-9.294055271175132027e-02,1.712069062415735431e-03,6.262258775801816313e+01,9.295506033346141728e-02,9.955837031317146257e-01,-1.313190073616242286e-02,5.030184744696637011e+00,-4.840219446023110361e-04,1.323418755254917971e-02,9.999123071562731058e-01,8.144614133068487360e-01,0.000000000000000000e+00,0.000000000000000000e+00,0.000000000000000000e+00,1.000000000000000056e-01
9.955467648027059857e-01,-9.425824439932413423e-02,1.422129959893937614e-03,6.344794526701608106e+01,9.426834559983042483e-02,9.954818557820579450e-01,-1.137338237204957303e-02,5.119949798802876373e+00,-3.436695163668673477e-04,1.145679586390523433e-02,9.999343097022905802e-01,8.316248296455647226e-01,0.000000000000000000e+00,0.000000000000000000e+00,0.000000000000000000e+00,1.000000000000000056e-01
9.953277185585066578e-01,-9.651687270110029249e-02,2.688113300768944260e-03,6.426588126070669205e+01,9.653925310732769383e-02,9.952783402393425849e-01,-1.005972464328789943e-02,5.204615887531881313e+00,-1.704487781560275889e-03,1.027223122885463809e-02,9.999457865239412824e-01,8.450652763038810633e-01,0.000000000000000000e+00,0.000000000000000000e+00,0.000000000000000000e+00,1.000000000000000056e-01
9.953679428566407639e-01,-9.607454294679225459e-02,3.512909179583769553e-03,6.505510021246863062e+01,9.610747198919557255e-02,9.953115922579511832e-01,-1.087143710776189084e-02,5.288315391233514795e+00,-2.451970877686074357e-03,1.115869681042573613e-02,9.999347335322981145e-01,8.610232579120630225e-01,0.000000000000000000e+00,0.000000000000000000e+00,0.000000000000000000e+00,1.000000000000000056e-01
9.952892715162264814e-01,-9.689279249536279781e-02,3.324570220315408928e-03,6.585057511168876943e+01,9.692551284042046078e-02,9.952223119909114901e-01,-1.174711352146839624e-02,5.367025347282569747e+00,-2.170475828183327308e-03,1.201401173277875586e-02,9.999254735012824691e-01,8.749507990917904099e-01,0.000000000000000000e+00,0.000000000000000000e+00,0.000000000000000000e+00,1.000000000000000056e-01
9.953060989978569362e-01,-9.668916244392419812e-02,4.120092664074656921e-03,6.659467293005772603e+01,9.673332258728525868e-02,9.952334196621940299e-01,-1.237354794387212145e-02,5.442665470591774302e+00,-2.904065924239404139e-03,1.271401798754175777e-02,9.999149564576580440e-01,8.931145389593805328e-01,0.000000000000000000e+00,0.000000000000000000e+00,0.000000000000000000e+00,1.000000000000000056e-01
9.953277991388143064e-01,-9.639930347170215519e-02,5.454039938880167124e-03,6.739476301538616099e+01,9.645546961702079758e-02,9.952743436937361299e-01,-1.119478297970508129e-02,5.532478298036820341e+00,-4.349096738887947566e-03,1.166855068864118897e-02,9.999224621351309183e-01,8.965070804696390061e-01,0.000000000000000000e+00,0.000000000000000000e+00,0.000000000000000000e+00,1.000000000000000056e-01
9.950852461565531382e-01,-9.859482112286842292e-02,9.187716217951728132e-03,6.814088330739990340e+01,9.869087465664157233e-02,9.950610057458124658e-01,-1.066330641213740493e-02,5.608134233070964925e+00,-8.090991352059137554e-03,1.151764263561116941e-02,9.999009349765901611e-01,9.060603949563122983e-01,0.000000000000000000e+00,0.000000000000000000e+00,0.000000000000000000e+00,1.000000000000000056e-01
9.949209950046061790e-01,-9.991345928932651721e-02,1.222760613875817359e-02,6.886957208564869859e+01,1.000400925991154766e-01,9.949308880680403089e-01,-1.022290765394082493e-02,5.687372752100783302e+00,-1.114421696688033120e-02,1.139423630528588888e-02,9.998729808366733085e-01,9.206445523702635469e-01,0.000000000000000000e+00,0.000000000000000000e+00,0.000000000000000000e+00,1.000000000000000056e-01
9.948689054389870945e-01,-1.008433284428023879e-01,8.153778216801032402e-03,6.956075944149637280e+01,1.008950276775232302e-01,9.948777681044043142e-01,-6.198380558728833895e-03,5.767553425559575508e+00,-7.486947347451949029e-03,6.989251760817377992e-03,9.999475466139413626e-01,9.352602312660681649e-01,0.000000000000000000e+00,0.000000000000000000e+00,0.000000000000000000e+00,1.000000000000000056e-01
9.948639404917960505e-01,-1.011765741587362100e-01,3.006784102281459536e-03,7.026082260373894428e+01,1.011963916960250398e-01,9.948389656747990140e-01,-7.397478137900387156e-03,5.845249451899035442e+00,-2.242814490914208682e-03,7.663759951733348404e-03,9.999681177750426864e-01,9.382359447212673675e-01,0.000000000000000000e+00,0.000000000000000000e+00,0.000000000000000000e+00,1.000000000000000056e-01
9.949054900589753281e-01,-1.008088420389341433e-01,-8.020082788689152607e-04,7.101304355445479644e+01,1.007980323362571429e-01,9.948684246612050641e-01,-8.750673646697787814e-03,5.924031897273083658e+00,1.680037990347783058e-03,8.625252396386647383e-03,9.999613905013781112e-01,9.664171536452664801e-01,0.000000000000000000e+00,0.000000000000000000e+00,0.000000000000000000e+00,1.000000000000000056e-01
9.947118859627400722e-01,-1.026997481104776067e-01,-1.012749965811831840e-03,7.174326983661568136e+01,1.026890380564601801e-01,9.946838711620054063e-01,-7.678405642186714522e-03,6.005749639227746961e+00,1.795936381855547329e-03,7.533803037745560524e-03,9.999700077623832062e-01,9.769500792849917792e-01,0.000000000000000000e+00,0.000000000000000000e+00,0.000000000000000000e+00,1.000000000000000056e-01
9.945534319639726117e-01,-1.042232158933957681e-01,9.961111997452271310e-04,7.242267080832141346e+01,1.042274691784444846e-01,9.945329779532375847e-01,-6.386738770408070115e-03,6.092847463342234704e+00,-3.250189841322319220e-04,6.455775112536457985e-03,9.999791084469497049e-01,9.879942461120262420e-01,0.000000000000000000e+00,0.000000000000000000e+00,0.000000000000000000e+00,1.000000000000000056e-01
9.944648309963770583e-01,-1.049967419119806483e-01,3.922256903397289968e-03,7.303413861370346183e+01,1.050175732239463228e-01,9.944548919603818371e-01,-5.547717568367955751e-03,6.149722537709385151e+00,-3.318015295382322882e-03,5.928915915598324468e-03,9.999769190989187262e-01,1.004033921576530819e+00,0.000000000000000000e+00,0.000000000000000000e+00,0.000000000000000000e+00,1.000000000000000056e-01
9.943918501511103125e-01,-1.057557797774065916e-01,7.505975782424341696e-04,7.360479333591514717e+01,1.057584379531462254e-01,9.943690345033968647e-01,-6.736172688756877393e-03,6.204548344931379411e+00,-3.398179376276421566e-05,6.777777250316664552e-03,9.999770300265815592e-01,1.014345096923455092e+00,0.000000000000000000e+00,0.000000000000000000e+00,0.000000000000000000e+00,1.000000000000000056e-01
9.945653527817794881e-01,-1.040978499051621042e-01,-1.843011442426765014e-03,7.423849783460330798e+01,1.040702050035171300e-01,9.945040047884594614e-01,-1.145324802148547580e-02,6.261256597490127085e+00,3.025140753831563091e-03,1.119920108034873699e-02,9.999327109453822748e-01,1.033451503606747979e+00,0.000000000000000000e+00,0.000000000000000000e+00,0.000000000000000000e+00,1.000000000000000056e-01
9.946332541797682225e-01,-1.033585069587832361e-01,-4.659261638483624089e-03,7.485508435136001992e+01,1.032733346194097679e-01,9.945270865665329918e-01,-1.582695302549534666e-02,6.315039253870847524e+00,6.269612137294325142e-03,1.526083630522826612e-02,9.998638901565116699e-01,1.055029799102398247e+00,0.000000000000000000e+00,0.000000000000000000e+00,0.000000000000000000e+00,1.000000000000000056e-01
9.951812135590891728e-01,-9.791937094861023760e-02,-5.113606563575289442e-03,7.544033889895199252e+01,9.783755682012983124e-02,9.950989724603310771e-01,-1.434738595916019467e-02,6.368641826099117331e+00,6.493431644858064546e-03,1.377794619751809314e-02,9.998839950434509349e-01,1.068322735089090925e+00,0.000000000000000000e+00,0.000000000000000000e+00,0.000000000000000000e+00,1.000000000000000056e-01
9.955527970605113630e-01,-9.410478061240336312e-02,-4.349543755810755113e-03,7.599932041677701022e+01,9.405350701819771564e-02,9.955087485240721179e-01,-1.078283031552829119e-02,6.446020574030089101e+00,5.344724742221418357e-03,1.032578703668996303e-02,9.999324037351239314e-01,1.071803658827709338e+00,0.000000000000000000e+00,0.000000000000000000e+00,0.000000000000000000e+00,1.000000000000000056e-01
9.961770156751125205e-01,-8.734728942998491730e-02,-1.343305572472677269e-03,7.654681322620567130e+01,8.731880215787972410e-02,9.960749986367236630e-01,-1.449220068050697738e-02,6.484199846494562713e+00,2.603887543587092047e-03,1.431950139095195668e-02,9.998940802152870289e-01,1.089516662710752204e+00,0.000000000000000000e+00,0.000000000000000000e+00,0.000000000000000000e+00,1.000000000000000056e-01
9.968265331234423821e-01,-7.958598050191918738e-02,1.713058273049513063e-03,7.710109131340939825e+01,7.960351022315444169e-02,9.966869600647987326e-01,-1.668486730371073964e-02,6.508828840263375604e+00,-3.795013186693409939e-04,1.676828388173421183e-02,9.998593304232404888e-01,1.104228786313156796e+00,0.000000000000000000e+00,0.000000000000000000e+00,0.000000000000000000e+00,1.000000000000000056e-01
9.974506568441854348e-01,-7.129764642138246289e-02,2.971998633013295862e-03,7.763035393594643097e+01,7.134203812808652401e-02,9.972634192368056150e-01,-1.939036481982352872e-02,6.540406246978685445e+00,-1.581378143820560533e-03,1.955296056577442154e-02,9.998075719738671596e-01,1.118459828164628078e+00,0.000000000000000000e+00,0.000000000000000000e+00,0.000000000000000000e+00,1.000000000000000056e-01
9.982529776155483203e-01,-5.897119650010659853e-02,3.659325762677254849e-03,7.810827227100440950e+01,5.902313587063465206e-02,9.981245238344063075e-01,-1.623897633277120861e-02,6.571892496897929092e+00,-2.694830920146779139e-03,1.642659135930268910e-02,9.998614428922770747e-01,1.130026246725415184e+00,0.000000000000000000e+00,0.000000000000000000e+00,0.000000000000000000e+00,1.000000000000000056e-01
9.989997716518140836e-01,-4.461196720733595633e-02,3.037864630767929137e-03,7.859268294241981323e+01,4.464624381781286122e-02,9.989265556102779886e-01,-1.234704051773492968e-02,6.602177726506154976e+00,-2.483777885338457874e-03,1.247031990278366607e-02,9.999191577167318989e-01,1.135440463991691962e+00,0.000000000000000000e+00,0.000000000000000000e+00,0.000000000000000000e+00,1.000000000000000056e-01
9.996315076639813446e-01,-2.706038158607683430e-02,2.141175810489128438e-03,7.905709437549624852e+01,2.707522562478736905e-02,9.996071996006680171e-01,-7.237310541713858937e-03,6.613741694796677173e+00,-1.944490370860014680e-03,7.292616466417180081e-03,9.999715179455219705e-01,1.135142205094240797e+00,0.000000000000000000e+00,0.000000000000000000e+00,0.000000000000000000e+00,1.000000000000000056e-01
9.999818972367865433e-01,-4.836291162963511983e-03,3.579872414476058078e-03,7.953905523227057017e+01,4.861530319754756718e-03,9.999631507799562335e-01,-7.075493281226074085e-03,6.631901436618083956e+00,-3.545521353340127385e-03,7.092768853530414044e-03,9.999685604599393152e-01,1.149843491804195761e+00,0.000000000000000000e+00,0.000000000000000000e+00,0.000000000000000000e+00,1.000000000000000056e-01
9.997868902024563686e-01,2.011959498987311856e-02,4.623426948165607585e-03,8.001784465951537584e+01,-2.007557685610630166e-02,9.997544855033612121e-01,-9.377629220870894663e-03,6.617376331122676980e+00,-4.810965931714803780e-03,9.282812793169703189e-03,9.999453405028950748e-01,1.164061279019902972e+00,0.000000000000000000e+00,0.000000000000000000e+00,0.000000000000000000e+00,1.000000000000000056e-01
9.987930515390213149e-01,4.874080062890934206e-02,6.064202455625535004e-03,8.049071623391000685e+01,-4.867236560078762320e-02,9.987546346774274220e-01,-1.096268841031986831e-02,6.609470514730675816e+00,-6.590980518342495417e-03,1.065429793141744498e-02,9.999215193760935261e-01,1.170678148970062615e+00,0.000000000000000000e+00,0.000000000000000000e+00,0.000000000000000000e+00,1.000000000000000056e-01
9.967162241329232675e-01,8.045734837354541480e-02,9.131464444780678161e-03,8.099146893966054961e+01,-8.035351815255158126e-02,9.967032859739773931e-01,-1.121926241708220799e-02,6.566171025094831748e+00,-1.000403272265285200e-02,1.044867557988752964e-02,9.998953667798997635e-01,1.176389103923112467e+00,0.000000000000000000e+00,0.000000000000000000e+00,0.000000000000000000e+00,1.000000000000000056e-01
