1.000000000000000000e+00,2.581702789578234779e-09,-9.513341574664657862e-11,5.470707288176764757e-15,-2.581702789579055342e-09,1.000000000000000000e+00,-8.626637285246570719e-12,-1.683525659074396641e-14,9.513341572437515422e-11,8.626637530852776473e-12,1.000000000000000000e+00,3.049406602228266808e-15,0.000000000000000000e+00,0.000000000000000000e+00,0.000000000000000000e+00,1.000000000000000056e-01
9.999991233174209126e-01,-8.112185056690679767e-04,-1.046560521788830441e-03,6.440697527705394609e-01,8.076334733032000017e-04,9.999938207725486139e-01,-3.421424395298900117e-03,5.992185804237916413e-03,1.049329577638538668e-03,3.420576158486502826e-03,9.999935992626060033e-01,1.103148777804739515e-02,0.000000000000000000e+00,0.000000000000000000e+00,0.000000000000000000e+00,1.000000000000000056e-01
9.999843348420702771e-01,-4.197803738558840772e-03,-3.702501078303872470e-03,1.367015528911976308e+00,4.185710641914837729e-03,9.999859001625496235e-01,-3.267920212851760636e-03,1.372208230459793371e-02,3.716166961327329286e-03,3.252371422200366676e-03,9.999878060172772143e-01,1.881410445302289861e-02,0.000000000000000000e+00,0.000000000000000000e+00,0.000000000000000000e+00,1.000000000000000056e-01
9.999878556011622122e-01,-3.814862709845207814e-03,-3.120171901401159586e-03,2.134132853894840753e+00,3.807481993291550720e-03,9.999899477467155684e-01,-2.368013173898811559e-03,1.218557748470292662e-02,3.129174181796444843e-03,2.356104417471815288e-03,9.999923284910309240e-01,1.687732759827062154e-02,0.000000000000000000e+00,0.000000000000000000e+00,0.000000000000000000e+00,1.000000000000000056e-01
9.999781174011356244e-01,-5.147574258844973480e-03,-4.155381827257440160e-03,2.840996632926044985e+00,5.144107549055228559e-03,9.999864123733674948e-01,-8.445271843958803738e-04,3.172782156327095399e-02,4.159672631875946207e-03,8.231329729194722736e-04,9.999910097474399295e-01,2.121314032826629795e-02,0.000000000000000000e+00,0.000000000000000000e+00,0.000000000000000000e+00,1.000000000000000056e-01
9.999505865701620033e-01,-8.361313652466855276e-03,-5.377067229822768586e-03,3.550904360249400593e+00,8.359903427704136122e-03,9.999650148713018494e-01,-2.846895090859645440e-04,1.990660289938188388e-02,5.379259490712749898e-03,2.397236788352907766e-04,9.999855029448624366e-01,3.402814302024908394e-02,0.000000000000000000e+00,0.000000000000000000e+00,0.000000000000000000e+00,1.000000000000000056e-01
9.999018223472736500e-01,-1.198714952140198832e-02,-7.256301602938534760e-03,4.297059407768182737e+00,1.197977074529345438e-02,9.999276786693489516e-01,-1.059492245098243336e-03,3.630843785546550989e-02,7.268477109509763855e-03,9.724593969746286870e-04,9.999731114201170223e-01,4.255939072224194930e-02,0.000000000000000000e+00,0.000000000000000000e+00,0.000000000000000000e+00,1.000000000000000056e-01
9.998393236650738869e-01,-1.602218952382240477e-02,-8.038426203580905163e-03,5.097788249981637598e+00,1.602404720203204694e-02,9.998715928096902905e-01,1.667437555501028552e-04,3.838447384588321992e-02,8.034722411804253242e-03,-2.955250846908209121e-04,9.999676774279704361e-01,4.963542942985829654e-02,0.000000000000000000e+00,0.000000000000000000e+00,0.000000000000000000e+00,1.000000000000000056e-01
9.994448112073041068e-01,-3.266671346564604950e-02,-6.554020304341581261e-03,5.245814678122505015e+00,3.268741502478324235e-02,9.994608880238969872e-01,3.076720572428515849e-03,-1.744432191163253210e-01,6.449980604150507522e-03,-3.289246393417316096e-03,9.999737889606754582e-01,5.041374884302168152e-02,0.000000000000000000e+00,0.000000000000000000e+00,0.000000000000000000e+00,1.000000000000000056e-01
9.984662281546097251e-01,-5.515420065310298881e-02,-4.817196801459405937e-03,5.405779071765471677e+00,5.517593302304668601e-02,9.984665012413281859e-01,4.501368007285337647e-03,-3.786758760410614544e-01,4.561540281856815877e-03,-4.760257263846181391e-03,9.999782659143342523e-01,4.631568195026512791e-02,0.000000000000000000e+00,0.000000000000000000e+00,0.000000000000000000e+00,1.000000000000000056e-01
9.967396032758504276e-01,-8.066820761936056849e-02,-1.674377788939928474e-03,5.588807302439167124e+00,8.067502343432463030e-02,9.967302674539674223e-01,4.507164853173566653e-03,-5.588377340053148901e-01,1.305318111238587542e-03,-4.627550175011718898e-03,9.999884408951966730e-01,4.277069497526746894e-02,0.000000000000000000e+00,0.000000000000000000e+00,0.000000000000000000e+00,1.000000000000000056e-01
9.941594720581397038e-01,-1.079020570822218222e-01,-2.022422929536266383e-03,5.760924549075906675e+00,1.079111943170607407e-01,9.941472237600593731e-01,5.145058914332530792e-03,-7.129875225218116341e-01,1.455423700001462787e-03,-5.333251127721322024e-03,9.999847189703761074e-01,4.802033182312211851e-02,0.000000000000000000e+00,0.000000000000000000e+00,0.000000000000000000e+00,1.000000000000000056e-01
9.896974098282014243e-01,-1.431611803206247480e-01,-1.978238750683355973e-03,5.974867906986323973e+00,1.431714179529001707e-01,9.896748641817980641e-01,6.753390859081843597e-03,-8.174414323942470473e-01,9.909897603490459405e-04,-6.967040687775462315e-03,9.999752388351171861e-01,4.816263216249327267e-02,0.000000000000000000e+00,0.000000000000000000e+00,0.000000000000000000e+00,1.000000000000000056e-01
9.832587134345810442e-01,-1.822131570061286676e-01,-8.172324225143047776e-04,6.118426173587473649e+00,1.822133120096300352e-01,9.832205257735128212e-01,8.700955357790439437e-03,-8.907341760520683938e-01,-7.819088525687096364e-04,-8.704200797140737578e-03,9.999618120243539687e-01,5.822277455760528631e-02,0.000000000000000000e+00,0.000000000000000000e+00,0.000000000000000000e+00,1.000000000000000056e-01
9.753880927994217354e-01,-2.204885435451368336e-01,1.694281691768084828e-03,6.301518856348724107e+00,2.204634478042584445e-01,9.753495880872549151e-01,9.436588381464022790e-03,-1.011184962375644814e+00,-3.733176578433740952e-03,-8.830808760610549257e-03,9.999540390484293884e-01,4.941734030916881959e-02,0.000000000000000000e+00,0.000000000000000000e+00,0.000000000000000000e+00,1.000000000000000056e-01
9.632616973973527896e-01,-2.685611001173980328e-01,1.355666221306892679e-03,6.408071250183033030e+00,2.685432159505174998e-01,9.632365906698583391e-01,7.733793484544256372e-03,-9.967640122460788010e-01,-3.382823395387911294e-03,-7.085612072417448587e-03,9.999691748286217985e-01,3.671033097329831629e-02,0.000000000000000000e+00,0.000000000000000000e+00,0.000000000000000000e+00,1.000000000000000056e-01
9.484143626434484720e-01,-3.170291040108147440e-01,-1.656484748343418217e-03,6.548037619537116605e+00,3.170268402872122859e-01,9.483480068514561490e-01,1.140352745324301267e-02,-9.111067298838987361e-01,-2.044326081593042608e-03,-1.134041934720581013e-02,9.999336056058429900e-01,3.013064346371121041e-02,0.000000000000000000e+00,0.000000000000000000e+00,0.000000000000000000e+00,1.000000000000000056e-01
9.332896997139674689e-01,-3.590826807198809756e-01,-5.474012681423762357e-03,6.710537967998011943e+00,3.591243575758631956e-01,9.331735404832243175e-01,1.472545882910803079e-02,-7.629205254876836317e-01,-1.794534366120689728e-04,-1.570897033634706397e-02,9.998765904087543177e-01,1.858103133347155378e-02,0.000000000000000000e+00,0.000000000000000000e+00,0.000000000000000000e+00,1.000000000000000056e-01
9.200658698829577986e-01,-3.916835041269200457e-01,-7.926390816322492414e-03,6.845941542149140524e+00,3.917580396063987114e-01,9.199729891300869600e-01,1.324151331246861338e-02,-5.700679609174548190e-01,2.105583118134506364e-03,-1.528829179175986500e-02,9.998809102357253398e-01,1.035869018039003477e-03,0.000000000000000000e+00,0.000000000000000000e+00,0.000000000000000000e+00,1.000000000000000056e-01
8.996736591945689865e-01,-4.364679592333290947e-01,-9.111943489048689518e-03,7.067312302094445720e+00,4.365442168097309339e-01,8.996327750830710457e-01,9.487716601542899031e-03,-3.030147480321263576e-01,4.056318704593388572e-03,-1.251361494635244709e-02,9.999134741164062978e-01,-1.087892795564464332e-02,0.000000000000000000e+00,0.000000000000000000e+00,0.000000000000000000e+00,1.000000000000000056e-01
8.857050629917253559e-01,-4.641668904133428586e-01,-8.697081972221959792e-03,7.269778068347084066e+00,4.642423163976083234e-01,8.856337016124120609e-01,1.148991880215405673e-02,-3.266669864993939493e-02,2.369189018787862602e-03,-1.421423273711587207e-02,9.998961658747813619e-01,-1.119336064371856919e-02,0.000000000000000000e+00,0.000000000000000000e+00,0.000000000000000000e+00,1.000000000000000056e-01
8.810528014953747933e-01,-4.729603998769070228e-01,-7.377067535813777201e-03,7.380097632754672787e+00,4.730144905771133668e-01,8.809987069278850669e-01,9.928247351292404307e-03,1.940901446459960822e-01,1.803519122627520073e-03,-1.223676998520112184e-02,9.999235014635388108e-01,-3.039180832759019735e-02,0.000000000000000000e+00,0.000000000000000000e+00,0.000000000000000000e+00,1.000000000000000056e-01
8.805895234005627348e-01,-4.738097835168097460e-01,-8.147411915671299437e-03,7.437344170547903310e+00,4.738729497576318894e-01,8.805392167163060835e-01,9.752707964207961086e-03,3.790489459627257030e-01,2.553187257266264880e-03,-1.244897057543639836e-02,9.999192489228524439e-01,-4.022457091298466819e-02,0.000000000000000000e+00,0.000000000000000000e+00,0.000000000000000000e+00,1.000000000000000056e-01
8.820746729771409278e-01,-4.710292632815309966e-01,-8.700828967874005629e-03,7.523141393129325394e+00,4.710911367954693785e-01,8.820532131533133091e-01,7.434379507936988984e-03,5.687416843481507556e-01,4.172783845631824334e-03,-1.065656128279019246e-02,9.999345106438739528e-01,-4.216699988799178789e-02,0.000000000000000000e+00,0.000000000000000000e+00,0.000000000000000000e+00,1.000000000000000056e-01
8.853171923719123093e-01,-4.648954888496264481e-01,-9.254908858618690962e-03,7.629931973833210535e+00,4.649406923638263467e-01,8.853352299782988322e-01,3.418061368439162008e-03,7.689414753879914022e-01,6.604655551974827031e-03,-7.329052226551739137e-03,9.999513305748936043e-01,-3.678356700184308437e-02,0.000000000000000000e+00,0.000000000000000000e+00,0.000000000000000000e+00,1.000000000000000056e-01
8.892729821662566092e-01,-4.572918366159997583e-01,-8.816992315893834586e-03,7.736137439321481679e+00,4.573154159108306360e-01,8.893042435508882182e-01,7.568174723461672943e-04,9.440139752122042038e-01,7.494902229967704936e-03,-4.705163838614390658e-03,9.999608431702788902e-01,-3.608709457281801536e-02,0.000000000000000000e+00,0.000000000000000000e+00,0.000000000000000000e+00,1.000000000000000056e-01
8.959784361084683901e-01,-4.440366243829164672e-01,-7.356509719156593442e-03,7.837554514820672225e+00,4.440448742419355055e-01,8.960043723401790450e-01,-5.607198458970853380e-04,1.129827075273538428e+00,6.840445021123980722e-03,-2.764227542480613559e-03,9.999727833086290429e-01,-3.814923310001684664e-02,0.000000000000000000e+00,0.000000000000000000e+00,0.000000000000000000e+00,1.000000000000000056e-01
9.046058673942733996e-01,-4.262221717506233798e-01,-4.783825251450752811e-03,7.969812128721704525e+00,4.262290016625895905e-01,9.046151805802403745e-01,4.617418014990649217e-04,1.304921614550063724e+00,4.130716350282460578e-03,-2.456699403911396639e-03,9.999884508385445958e-01,-3.102147420443087875e-02,0.000000000000000000e+00,0.000000000000000000e+00,0.000000000000000000e+00,1.000000000000000056e-01
9.154482221031350342e-01,-4.024304727152642203e-01,-2.065739184457388196e-03,8.133826311238049556e+00,4.024291681880381999e-01,9.154505459109498755e-01,-1.030816582865110714e-03,1.470927929809703771e+00,2.305914068846295906e-03,1.123455064036718402e-04,9.999973350658462046e-01,-2.848831223857820061e-02,0.000000000000000000e+00,0.000000000000000000e+00,0.000000000000000000e+00,1.000000000000000056e-01
9.274000307235970020e-01,-3.740660917567517063e-01,-1.934428003494504788e-03,8.265464942455968966e+00,3.740578282770443130e-01,9.273982936213489570e-01,-3.625754110735069681e-03,1.609999305684183701e+00,3.150256899447801111e-03,2.638936535746459061e-03,9.999915559120625685e-01,-3.216571431544649334e-02,0.000000000000000000e+00,0.000000000000000000e+00,0.000000000000000000e+00,1.000000000000000056e-01
9.263755623433767017e-01,-3.765537333069408632e-01,-5.966860614925647774e-03,8.193140193479964140e+00,3.765496465313116214e-01,9.263946183444540239e-01,-1.837062758232230891e-03,1.672190823576484187e+00,6.219420402010091692e-03,-5.450092097344000396e-04,9.999805106974957170e-01,-3.805741819379134666e-02,0.000000000000000000e+00,0.000000000000000000e+00,0.000000000000000000e+00,1.000000000000000056e-01
9.263778278898491259e-01,-3.763814119721816676e-01,-1.269459396404133342e-02,8.117228333893917736e+00,3.763941029090330792e-01,9.264584890201281731e-01,-1.465407057845476623e-03,1.696075473313267246e+00,1.231256632019565520e-02,-3.420649699668416518e-03,9.999183465994825326e-01,-4.599289266117007058e-02,0.000000000000000000e+00,0.000000000000000000e+00,0.000000000000000000e+00,1.000000000000000056e-01
9.262327802609074956e-01,-3.765893921929233112e-01,-1.653077305857418924e-02,8.035469781372910347e+00,3.766149352796512861e-01,9.263684144272704701e-01,-1.658697021458710018e-03,1.762025888208341273e+00,1.593823373067175878e-02,-4.689396471781334674e-03,9.998619816086002920e-01,-4.076342281318007937e-02,0.000000000000000000e+00,0.000000000000000000e+00,0.000000000000000000e+00,1.000000000000000056e-01
9.282683213211888607e-01,-3.715812989577900738e-01,-1.566083958105272608e-02,7.982421666641638325e+00,3.716152484986124382e-01,9.283864930901745138e-01,-7.915371386642742167e-04,1.794777688376051117e+00,1.483343233565954065e-02,-5.085047941638550645e-03,9.998770482277181681e-01,-2.789911068596923061e-02,0.000000000000000000e+00,0.000000000000000000e+00,0.000000000000000000e+00,1.000000000000000056e-01
9.274461368353575930e-01,-3.737995795245356856e-01,-1.084147667301486005e-02,7.993878385242722651e+00,3.738180013397246482e-01,9.275020102437353531e-01,-3.505256103277809045e-04,1.885575692168425466e+00,1.018651773398495351e-02,-3.727645518317306093e-03,9.999411680270720026e-01,-3.494311504912856609e-02,0.000000000000000000e+00,0.000000000000000000e+00,0.000000000000000000e+00,1.000000000000000056e-01
9.310081351243905123e-01,-3.649034764468551684e-01,-8.324975027236265410e-03,7.931147027497599922e+00,3.649079807822277477e-01,9.310430246729928250e-01,-1.025557995497828126e-03,1.920081960260676457e+00,8.125139607540210820e-03,-2.083046990400915649e-03,9.999648208920121073e-01,-4.443067105287911572e-02,0.000000000000000000e+00,0.000000000000000000e+00,0.000000000000000000e+00,1.000000000000000056e-01
9.512763956466097071e-01,-3.082969251886517048e-01,-5.121035522025434508e-03,7.625955101713471684e+00,3.082540916326856895e-01,9.512726460510191329e-01,-7.730968037720557101e-03,1.709857440672891249e+00,7.254934686319389550e-03,5.775707256721288041e-03,9.999570026398044709e-01,-5.603248338338815554e-02,0.000000000000000000e+00,0.000000000000000000e+00,0.000000000000000000e+00,1.000000000000000056e-01
9.780116745778967280e-01,-2.084267673636799323e-01,-7.172658897835425956e-03,7.218218398357233667e+00,2.083347208975478981e-01,9.779862559926119081e-01,-1.181216144886972769e-02,1.407033451497549548e+00,9.476732447371960522e-03,1.005811790941970110e-02,9.999045083437924086e-01,-7.857009204663409352e-02,0.000000000000000000e+00,0.000000000000000000e+00,0.000000000000000000e+00,1.000000000000000056e-01
9.929465495453365653e-01,-1.175636505623691846e-01,-1.536026733034523417e-02,6.829752483488710446e+00,1.174269408368881079e-01,9.930358810472166287e-01,-9.521161613382549821e-03,1.026678113226742406e+00,1.637263911837370800e-02,7.650295368632477506e-03,9.998366914997030008e-01,-1.161773577145490816e-01,0.000000000000000000e+00,0.000000000000000000e+00,0.000000000000000000e+00,1.000000000000000056e-01
9.990440107980261830e-01,-4.062828228314088741e-02,-1.613713627986248025e-02,6.441282837491420388e+00,4.054726416812691470e-02,9.991634767922920046e-01,-5.316579052269076316e-03,5.592592325544364362e-01,1.633964066537465024e-02,4.657179732447018841e-03,9.998556529919037095e-01,-1.465857713625023095e-01,0.000000000000000000e+00,0.000000000000000000e+00,0.000000000000000000e+00,1.000000000000000056e-01
9.992531637756835172e-01,-3.558316429670885933e-02,-1.506496275868124922e-02,5.920141068657433614e+00,3.547865132262976312e-02,9.993448646561696735e-01,-7.148901011293507836e-03,1.434385217574246085e-01,1.530947368835031304e-02,6.609077392150566020e-03,9.998609603896985165e-01,-1.501256887437001364e-01,0.000000000000000000e+00,0.000000000000000000e+00,0.000000000000000000e+00,1.000000000000000056e-01
9.995318977511111758e-01,-2.898435296081372514e-02,-9.792479844510810008e-03,6.012561072187584621e+00,2.893350466521233538e-02,9.995673141230264624e-01,-5.294982971358308185e-03,-4.892228101058420514e-02,9.941714432144888383e-03,5.009173616656436429e-03,9.999380333269796139e-01,-1.671435748285357847e-01,0.000000000000000000e+00,0.000000000000000000e+00,0.000000000000000000e+00,1.000000000000000056e-01
9.995909344097685389e-01,-2.784710609579718263e-02,-6.519396283032398952e-03,6.109173992546327092e+00,2.782739104750198492e-02,9.996079502261545624e-01,-3.095505153454221683e-03,-2.443395405200226300e-01,6.603041215622354639e-03,2.912821099049985561e-03,9.999739573208642485e-01,-1.682567281055793174e-01,0.000000000000000000e+00,0.000000000000000000e+00,0.000000000000000000e+00,1.000000000000000056e-01
9.993816145404863516e-01,-3.486452958148262421e-02,-4.566518971025102652e-03,6.244120023637256267e+00,3.486362322347157788e-02,9.993920404506512201e-01,-2.779561398608623593e-04,-4.552551552703862359e-01,4.573433522269920032e-03,1.185788589769354946e-04,9.999895347676752699e-01,-1.755845285000167955e-01,0.000000000000000000e+00,0.000000000000000000e+00,0.000000000000000000e+00,1.000000000000000056e-01
9.987657240428809979e-01,-4.966829599429607028e-02,-2.980773770429012400e-04,6.368323598894529702e+00,4.966868132373172123e-02,9.987646731060716432e-01,1.466236980653361568e-03,-6.487468087528145411e-01,2.248836616896944052e-04,-1.479232349850860117e-03,9.999988806488704363e-01,-1.783626894550610076e-01,0.000000000000000000e+00,0.000000000000000000e+00,0.000000000000000000e+00,1.000000000000000056e-01
9.974992200941139586e-01,-7.066784873597856120e-02,1.166647617386809034e-03,6.498187345536249104e+00,7.066383680540194723e-02,9.974951129737040789e-01,3.181471596110190241e-03,-8.365871954055480453e-01,-1.388553050417485127e-03,-3.091075639027058685e-03,9.999942585694280295e-01,-1.943367545241153072e-01,0.000000000000000000e+00,0.000000000000000000e+00,0.000000000000000000e+00,1.000000000000000056e-01
9.952909096171764780e-01,-9.691304191264794865e-02,1.966606379193226815e-03,6.619900633831193204e+00,9.690676335511298756e-02,9.952887288610845484e-01,3.070084383631133639e-03,-9.742193492923681974e-01,-2.254872379863536672e-03,-2.865049619784586221e-03,9.999933534985253614e-01,-1.928820845383982518e-01,0.000000000000000000e+00,0.000000000000000000e+00,0.000000000000000000e+00,1.000000000000000056e-01
9.918580070616236366e-01,-1.273486726612938491e-01,-9.694921754558265920e-05,6.734503170516707549e+00,1.273475059396129705e-01,9.918450353076928572e-01,5.102809661529488124e-03,-1.123076155937362541e+00,-5.536774371394546576e-04,-5.073608862356662925e-03,9.999869758823899391e-01,-2.014601565007098638e-01,0.000000000000000000e+00,0.000000000000000000e+00,0.000000000000000000e+00,1.000000000000000056e-01
9.857914532300566801e-01,-1.679584485969802810e-01,-2.273825734002824818e-03,6.859419610809978529e+00,1.679713110786202335e-01,9.857605642460933737e-01,7.858029762799409457e-03,-1.207869625309655692e+00,9.216252505592262799e-04,-8.128316069099826569e-03,9.999665399826027645e-01,-2.084662484014602468e-01,0.000000000000000000e+00,0.000000000000000000e+00,0.000000000000000000e+00,1.000000000000000056e-01
9.784605135319800473e-01,-2.063842683402239420e-01,-4.534009307926210007e-03,6.969033287172126556e+00,2.064054682838138977e-01,9.784545418594493560e-01,4.846872925352805998e-03,-1.259192821534952156e+00,3.436003677736438992e-03,-5.678318085970637634e-03,9.999779750486713636e-01,-2.046469782891448819e-01,0.000000000000000000e+00,0.000000000000000000e+00,0.000000000000000000e+00,1.000000000000000056e-01
9.684892103615695413e-01,-2.490521260907097301e-01,-1.299193180704354827e-03,7.055778937198869727e+00,2.490538819383038283e-01,9.684885728962621121e-01,1.431104756148432380e-03,-1.267780012374112530e+00,9.018340673196223282e-04,-1.709578620269073743e-03,9.999981320163834342e-01,-2.016866642802766785e-01,0.000000000000000000e+00,0.000000000000000000e+00,0.000000000000000000e+00,1.000000000000000056e-01
9.583207106841821199e-01,-2.856932803937936027e-01,8.746494139239731347e-04,7.158451056051404748e+00,2.856894893126629142e-01,9.583173584627863173e-01,3.058784918472133574e-03,-1.302536925029131432e+00,-1.712066013310012316e-03,-2.681418792508713685e-03,9.999949393988077917e-01,-2.208555179343881236e-01,0.000000000000000000e+00,0.000000000000000000e+00,0.000000000000000000e+00,1.000000000000000056e-01
9.459606480441283827e-01,-3.242759290117608328e-01,-1.890559571184013705e-03,7.202642647096087813e+00,3.242810007883841772e-01,9.459528862450448106e-01,3.869047990567284906e-03,-1.325994727494146819e+00,5.337411514474195038e-04,-4.273039694264471611e-03,9.999907280830929723e-01,-2.208408745539289508e-01,0.000000000000000000e+00,0.000000000000000000e+00,0.000000000000000000e+00,1.000000000000000056e-01
9.317852130803763178e-01,-3.629888805987786515e-01,-3.922912999715356258e-03,7.284035644302671031e+00,3.629969184592127807e-01,9.317890424506353186e-01,1.554849846041524456e-03,-1.280237929917809270e+00,3.090934142508125135e-03,-2.872791425382052906e-03,9.999910965581407796e-01,-2.344957793568158699e-01,0.000000000000000000e+00,0.000000000000000000e+00,0.000000000000000000e+00,1.000000000000000056e-01
9.181482517693255740e-01,-3.962099892649367239e-01,-4.629490210594332765e-03,7.344533263254080069e+00,3.961970010743166015e-01,9.181589041236468685e-01,-3.487566226163371121e-03,-1.210354133276371424e+00,5.632416235439388803e-03,1.367912695541262597e-03,9.999832022100212381e-01,-2.388154423146409133e-01,0.000000000000000000e+00,0.000000000000000000e+00,0.000000000000000000e+00,1.000000000000000056e-01
9.045248274650267151e-01,-4.263863444641973754e-01,-5.433392478234846251e-03,7.421254849415317878e+00,4.263727834289697260e-01,9.045407421160799322e-01,-3.506480161677705265e-03,-1.090780050305786508e+00,6.409840122544458937e-03,8.550476888440463122e-04,9.999790912029377088e-01,-2.468644530050857211e-01,0.000000000000000000e+00,0.000000000000000000e+00,0.000000000000000000e+00,1.000000000000000056e-01
8.906047482795392822e-01,-4.547719844666840427e-01,2.371599918334474713e-03,7.506156351055962794e+00,4.547771063533954661e-01,8.905792893122070897e-01,-6.805364427912451511e-03,-9.511394499752056086e-01,9.827913160975203406e-04,7.139439221559601423e-03,9.999740309272189265e-01,-2.236481103296573958e-01,0.000000000000000000e+00,0.000000000000000000e+00,0.000000000000000000e+00,1.000000000000000056e-01
8.782444355945546732e-01,-4.782016477642348495e-01,3.145699091279554292e-03,7.539776707121490951e+00,4.782110168347142864e-01,8.782103404949895831e-01,-7.798796418880879835e-03,-8.221967231899887096e-01,9.668118280392521118e-04,8.353557520313704618e-03,9.999646410506943806e-01,-2.428547426771120732e-01,0.000000000000000000e+00,0.000000000000000000e+00,0.000000000000000000e+00,1.000000000000000056e-01
8.662176501010874219e-01,-4.996631681909224909e-01,1.923800083155464535e-03,7.552650595377442322e+00,4.996593199085023196e-01,8.661769703364162742e-01,-8.832898018205470603e-03,-6.457964525186741245e-01,2.747122480523318897e-03,8.612456806101873724e-03,9.999591386180937125e-01,-2.497327415979067600e-01,0.000000000000000000e+00,0.000000000000000000e+00,0.000000000000000000e+00,1.000000000000000056e-01
8.590962846136637188e-01,-5.118118314599312546e-01,1.490952926792355783e-03,7.595200887970618098e+00,5.117844006255963807e-01,8.590116203956424945e-01,-1.325757525159459993e-02,-4.396951504645232323e-01,5.504637980658962614e-03,1.215258009163038347e-02,9.999110029186689674e-01,-2.385005177426217926e-01,0.000000000000000000e+00,0.000000000000000000e+00,0.000000000000000000e+00,1.000000000000000056e-01
8.536107487840053354e-01,-5.209019985047423917e-01,3.130098109503470089e-03,7.631616541684251409e+00,5.208866045264551881e-01,8.534960705113052715e-01,-1.488633086631291173e-02,-2.403040876598370457e-01,5.082793061889150435e-03,1.433755821353375516e-02,9.998842931255413902e-01,-2.403650265685206011e-01,0.000000000000000000e+00,0.000000000000000000e+00,0.000000000000000000e+00,1.000000000000000056e-01
8.431405007382873906e-01,-5.376564701117051426e-01,6.294137098225986368e-03,7.683345212008781289e+00,5.376890948328690856e-01,8.430297701833658897e-01,-1.382909550156043860e-02,5.357687641768463238e-02,2.129157720786591882e-03,1.504415938504237785e-02,9.998845633150845735e-01,-2.391252745870274254e-01,0.000000000000000000e+00,0.000000000000000000e+00,0.000000000000000000e+00,1.000000000000000056e-01
8.379687571401704949e-01,-5.456355203520870667e-01,9.499525623168279115e-03,7.718343488463933255e+00,5.457113672638542745e-01,8.379184428181061239e-01,-9.580544050047474711e-03,3.514745785962574698e-01,-2.732342579672120651e-03,1.321219570652211635e-02,9.999089819521773670e-01,-2.207124866422214837e-01,0.000000000000000000e+00,0.000000000000000000e+00,0.000000000000000000e+00,1.000000000000000056e-01
8.385442085187702066e-01,-5.447779665238863256e-01,7.783158081953719942e-03,7.749627354621598130e+00,5.448280344194853519e-01,8.385144850670408490e-01,-7.474706907658786037e-03,6.585989610402929184e-01,-2.454235161768401549e-03,1.050835490715949783e-02,9.999417739083190648e-01,-2.296570580979325482e-01,0.000000000000000000e+00,0.000000000000000000e+00,0.000000000000000000e+00,1.000000000000000056e-01
8.416648345682138377e-01,-5.399857340173167541e-01,3.964001644913944279e-03,7.731049742439357608e+00,5.400001766096423905e-01,8.416373701890362824e-01,-6.807816304681768918e-03,9.225581077983842082e-01,3.398717644882561732e-04,7.870461172185212739e-03,9.999689696826201679e-01,-2.222625700236959545e-01,0.000000000000000000e+00,0.000000000000000000e+00,0.000000000000000000e+00,1.000000000000000056e-01
8.514109639026348209e-01,-5.244935008422659806e-01,-2.436825929418148014e-03,7.727175873565365727e+00,5.244544550531677896e-01,8.513898636628618455e-01,-9.100803646845697856e-03,1.165731409591531431e+00,6.848001261029603576e-03,6.470519790377085925e-03,9.999556176412887076e-01,-2.328145458074907526e-01,0.000000000000000000e+00,0.000000000000000000e+00,0.000000000000000000e+00,1.000000000000000056e-01
8.626088488513441455e-01,-5.058445859100773045e-01,-5.218121196497870970e-03,7.761784841934726842e+00,5.057605166381493600e-01,8.625897783750982040e-01,-1.204881955675620592e-02,1.412183310442121753e+00,1.059592814581408575e-02,7.754298695649793592e-03,9.999137948635709039e-01,-2.211452371231734104e-01,0.000000000000000000e+00,0.000000000000000000e+00,0.000000000000000000e+00,1.000000000000000056e-01
8.774599340375448531e-01,-4.795545449945120553e-01,-9.565695684792437092e-03,7.764073393862252814e+00,4.794643125732678812e-01,8.775006918528481803e-01,-1.032030844579866213e-02,1.635361853463555892e+00,1.334305540238716475e-02,4.469247462303529636e-03,9.999009894482800975e-01,-2.458168061693538353e-01,0.000000000000000000e+00,0.000000000000000000e+00,0.000000000000000000e+00,1.000000000000000056e-01
8.939644326558363607e-01,-4.480106589869622957e-01,-1.067907207561926905e-02,7.801977697239227183e+00,4.479247264102455550e-01,8.940203703130799040e-01,-9.540279637940282664e-03,1.840835412189229414e+00,1.382145493915873380e-02,3.745250236122259213e-03,9.998974649853021868e-01,-2.306400631028075188e-01,0.000000000000000000e+00,0.000000000000000000e+00,0.000000000000000000e+00,1.000000000000000056e-01
9.138902680508345089e-01,-4.058869087613689031e-01,-7.771438612895524567e-03,7.766121288922605004e+00,4.057943949284235075e-01,9.138960161987657038e-01,-1.117947318526555170e-02,1.981604812041130925e+00,1.163988860120653002e-02,7.063205516306125809e-03,9.999073077646677410e-01,-2.147965974049798055e-01,0.000000000000000000e+00,0.000000000000000000e+00,0.000000000000000000e+00,1.000000000000000056e-01
9.307905956528148561e-01,-3.654241732915572971e-01,-9.697454225722035998e-03,7.729177175330064209e+00,3.653286716979294857e-01,9.308213354354559765e-01,-1.032487934945361570e-02,2.057107681477326810e+00,1.279955779331995100e-02,6.067542528586872611e-03,9.998996730912352859e-01,-2.215330378577612669e-01,0.000000000000000000e+00,0.000000000000000000e+00,0.000000000000000000e+00,1.000000000000000056e-01
9.253979251229031977e-01,-3.788420533149881031e-01,-1.083415055781257463e-02,7.847868124650878130e+00,3.787660392029142953e-01,9.254538850314708576e-01,-8.449510441056962140e-03,2.139991038379359445e+00,1.322753660973997533e-02,3.715551135547705969e-03,9.999056090226702276e-01,-2.188777188918934191e-01,0.000000000000000000e+00,0.000000000000000000e+00,0.000000000000000000e+00,1.000000000000000056e-01
9.217474302131906105e-01,-3.876735655940379277e-01,-9.533175493218724178e-03,7.925417652360425613e+00,3.875976204869884811e-01,9.217857041657755435e-01,-8.899448771122597107e-03,2.229918529954760587e+00,1.223762592187511294e-02,4.508007898239741774e-03,9.999149555720154847e-01,-2.199616810254738097e-01,0.000000000000000000e+00,0.000000000000000000e+00,0.000000000000000000e+00,1.000000000000000056e-01
9.225051407538078507e-01,-3.858530671185068650e-01,-1.008344574231981490e-02,8.019876162752588300e+00,3.857543762812669641e-01,9.225423170658081373e-01,-1.045152633353507721e-02,2.345444389438300803e+00,1.333515889099143141e-02,5.751853448315327917e-03,9.998945392986507974e-01,-2.252135143218126634e-01,0.000000000000000000e+00,0.000000000000000000e+00,0.000000000000000000e+00,1.000000000000000056e-01
9.197671051220711602e-01,-3.923632045411237779e-01,-8.921213907605968566e-03,8.064257508555209952e+00,3.922818444256629955e-01,9.197948751233979703e-01,-9.609486496829557078e-03,2.433796804252911450e+00,1.197609574798625363e-02,5.338859330707009139e-03,9.999140311605203557e-01,-2.195817505807229619e-01,0.000000000000000000e+00,0.000000000000000000e+00,0.000000000000000000e+00,1.000000000000000056e-01
9.192099772879731567e-01,-3.936831439571434887e-01,-8.160871170589186971e-03,8.161525341363951469e+00,3.936351874264205075e-01,9.192408954032807999e-01,-6.893144271036146138e-03,2.538618564472982619e+00,1.021552123049490786e-02,3.123840936024112509e-03,9.999429407440185713e-01,-2.275960293693421177e-01,0.000000000000000000e+00,0.000000000000000000e+00,0.000000000000000000e+00,1.000000000000000056e-01
9.183348978070724478e-01,-3.957664454381645269e-01,-5.471392410919402073e-03,8.192290540209643979e+00,3.957463807102904463e-01,9.183492683771989906e-01,-4.407201580271048573e-03,2.616329328021381961e+00,6.768871721325726669e-03,1.882003268766278261e-03,9.999753199151050209e-01,-2.322496980020199164e-01,0.000000000000000000e+00,0.000000000000000000e+00,0.000000000000000000e+00,1.000000000000000056e-01
9.184915070159123118e-01,-3.954060583704110399e-01,-5.234552857079553985e-03,8.213210857892006445e+00,3.953930710009241900e-01,9.185058576407403308e-01,-3.362868434261955149e-03,2.698349717174884255e+00,6.137666013767439400e-03,1.019060166604157354e-03,9.999806450988339979e-01,-2.393530510408517775e-01,0.000000000000000000e+00,0.000000000000000000e+00,0.000000000000000000e+00,1.000000000000000056e-01
9.176183112469632475e-01,-3.973591231907961929e-01,-9.075355712745083667e-03,8.049101296693610408e+00,3.973495335057370403e-01,9.176627147149695185e-01,-2.913802451377322730e-03,2.621695547718898123e+00,9.485941547592144710e-03,-9.323298741177644695e-04,9.999545728051657534e-01,-2.469040289112783837e-01,0.000000000000000000e+00,0.000000000000000000e+00,0.000000000000000000e+00,1.000000000000000056e-01
9.172850532046394889e-01,-3.979542148810711333e-01,-1.485173477247356440e-02,7.902761557363433553e+00,3.978721684067400566e-01,9.174037802777259554e-01,-8.248729566212474260e-03,2.552613760277198995e+00,1.690765432223776538e-02,1.657344420488053929e-03,9.998556818035249094e-01,-2.766871756140705796e-01,0.000000000000000000e+00,0.000000000000000000e+00,0.000000000000000000e+00,1.000000000000000056e-01
9.154965747331242909e-01,-4.017587500937032652e-01,-2.135247936569159566e-02,7.796179373845339100e+00,4.015630053998429649e-01,9.157396167701236100e-01,-1.296560727281192114e-02,2.510121310624182200e+00,2.476235744356113794e-02,3.295603260768950951e-03,9.996879336337840538e-01,-2.887845072072452446e-01,0.000000000000000000e+00,0.000000000000000000e+00,0.000000000000000000e+00,1.000000000000000056e-01
9.190018112296434172e-01,-3.936900691037102940e-01,-2.106657176074539298e-02,7.870841845347574584e+00,3.934693071405825915e-01,9.192321391703576206e-01,-1.393480012767073922e-02,2.586293369939447917e+00,2.485106224982492132e-02,4.517057161924620950e-03,9.996809595564233319e-01,-2.855554626078364855e-01,0.000000000000000000e+00,0.000000000000000000e+00,0.000000000000000000e+00,1.000000000000000056e-01
9.224300952621002914e-01,-3.856825958606140414e-01,-1.927834549360349370e-02,7.893068777375991552e+00,3.855090067484195915e-01,9.226236924109859627e-01,-1.217899494068945543e-02,2.625000174966667377e+00,2.248388468658154421e-02,3.802295640344857675e-03,9.997399749321139728e-01,-2.748924142544788563e-01,0.000000000000000000e+00,0.000000000000000000e+00,0.000000000000000000e+00,1.000000000000000056e-01
9.240926862050505841e-01,-3.817678299871080094e-01,-1.749375000588689402e-02,7.879729421634447561e+00,3.816249715195919601e-01,9.242516191727481178e-01,-1.101478865997768467e-02,2.654430314801726976e+00,2.037371873283052096e-02,3.502633793012261115e-03,9.997862987366388232e-01,-2.774564320252555505e-01,0.000000000000000000e+00,0.000000000000000000e+00,0.000000000000000000e+00,1.000000000000000056e-01
9.283128932561789393e-01,-3.713821807229186200e-01,-1.761953619796869167e-02,7.839976242333412060e+00,3.710990602838455388e-01,9.284303800072715163e-01,-1.739301399988274488e-02,2.664982073840841625e+00,2.281796815645265389e-02,9.607565822972993774e-03,9.996934705239243213e-01,-2.758320941333523568e-01,0.000000000000000000e+00,0.000000000000000000e+00,0.000000000000000000e+00,1.000000000000000056e-01
9.319875505050649878e-01,-3.619101800311532724e-01,-2.049944617269699315e-02,7.865334344791019561e+00,3.614282034421187895e-01,9.320956168138243569e-01,-2.382047172200174590e-02,2.698056334247724841e+00,2.772831513401843861e-02,1.479130509030728534e-02,9.995060569268973127e-01,-2.659083243591212620e-01,0.000000000000000000e+00,0.000000000000000000e+00,0.000000000000000000e+00,1.000000000000000056e-01
9.360974979788256878e-01,-3.510402638334150782e-01,-2.218574870381534100e-02,7.870366294125459738e+00,3.503740813454171987e-01,9.361584911041133106e-01,-2.907374511522089686e-02,2.697354815431153963e+00,3.097543218645141053e-02,1.944254873817280807e-02,9.993310311900788223e-01,-2.707465863250366200e-01,0.000000000000000000e+00,0.000000000000000000e+00,0.000000000000000000e+00,1.000000000000000056e-01
9.409656288268130053e-01,-3.376469085490145794e-01,-2.404683999725721472e-02,7.842705735308300063e+00,3.369933838962341222e-01,9.411046058224721289e-01,-2.752417319184562866e-02,2.682686409898208613e+00,3.192404386548915174e-02,1.779567495271611177e-02,9.993318614835872138e-01,-2.564470474219677221e-01,0.000000000000000000e+00,0.000000000000000000e+00,0.000000000000000000e+00,1.000000000000000056e-01
9.450758311374980458e-01,-3.259762425858561685e-01,-2.389900979903396630e-02,7.823049105242358969e+00,3.253505494120045305e-01,9.452172469100983410e-01,-2.667163551417338352e-02,2.697519067957541594e+00,3.128407577465006778e-02,1.743116213283523591e-02,9.993585248496280604e-01,-2.653212687042494355e-01,0.000000000000000000e+00,0.000000000000000000e+00,0.000000000000000000e+00,1.000000000000000056e-01
9.503801316684556966e-01,-3.103423333600598966e-01,-2.156945651800993430e-02,7.788618049930384757e+00,3.097182893077318200e-01,9.504157480882755582e-01,-2.800869604418776068e-02,2.660684880106125583e+00,2.919223523714784690e-02,1.993845306028137546e-02,9.993749403959566457e-01,-2.530911386313988154e-01,0.000000000000000000e+00,0.000000000000000000e+00,0.000000000000000000e+00,1.000000000000000056e-01
9.543546640371750600e-01,-2.980876438739976653e-01,-1.873317378714527137e-02,7.781718011572891669e+00,2.974530542693704094e-01,9.542459658993880378e-01,-3.059929853063342309e-02,2.614634503383769459e+00,2.699732831806913452e-02,2.363034350983061332e-02,9.993561683050211641e-01,-2.424550227025153992e-01,0.000000000000000000e+00,0.000000000000000000e+00,0.000000000000000000e+00,1.000000000000000056e-01
9.384718892048729000e-01,-3.450561305609833873e-01,-1.437984473207047989e-02,7.775166211672088323e+00,3.445697644204070986e-01,9.383317002676305751e-01,-2.837776806097833809e-02,2.616098628323943132e+00,2.328498699810646957e-02,2.167687789187248276e-02,9.994938330701990115e-01,-2.322670891149875017e-01,0.000000000000000000e+00,0.000000000000000000e+00,0.000000000000000000e+00,1.000000000000000056e-01
9.213113037049928122e-01,-3.885455563991763173e-01,-1.475914184026687337e-02,7.694599145876290791e+00,3.881668906784083717e-01,9.212960973655067720e-01,-2.323716764460210388e-02,2.626868790401303055e+00,2.262623800951469449e-02,1.567965501984185106e-02,9.996210290765173978e-01,-2.299812002850357973e-01,0.000000000000000000e+00,0.000000000000000000e+00,0.000000000000000000e+00,1.000000000000000056e-01
9.058350478502037451e-01,-4.233608153302403365e-01,-1.511575764337325448e-02,7.597825619997402136e+00,4.230637198990648273e-01,9.058921557939264568e-01,-1.940337538156785765e-02,2.677503801136995154e+00,2.190787509971319977e-02,1.118132880951977493e-02,9.996974656838281126e-01,-2.261081109811829970e-01,0.000000000000000000e+00,0.000000000000000000e+00,0.000000000000000000e+00,1.000000000000000056e-01
8.894632414885179639e-01,-4.566642640219849558e-01,-1.768875365867616720e-02,7.495299104621139463e+00,4.564324606806431928e-01,8.896196448051850725e-01,-1.569383362054805470e-02,2.745723133892043588e+00,2.290307572688897106e-02,5.885366764710865325e-03,9.997203666927533261e-01,-2.354773606801854047e-01,0.000000000000000000e+00,0.000000000000000000e+00,0.000000000000000000e+00,1.000000000000000056e-01
8.760882166513349611e-01,-4.818762330658050153e-01,-1.627060696451030491e-02,7.412266325917167720e+00,4.816833813453201274e-01,8.762259575239935705e-01,-1.446345383715700803e-02,2.830776723444169196e+00,2.122632281914497987e-02,4.833980499607753480e-03,9.997630098438863300e-01,-2.249069347052214118e-01,0.000000000000000000e+00,0.000000000000000000e+00,0.000000000000000000e+00,1.000000000000000056e-01
8.667630733893023631e-01,-4.984819599831042392e-01,-1.541136529103494766e-02,7.332855653400354612e+00,4.983110018791309659e-01,8.668898560518123464e-01,-1.371578946633209527e-02,2.940250979229986239e+00,2.019702985460002098e-02,4.208686953297737302e-03,9.997871608193323878e-01,-2.111168564508860146e-01,0.000000000000000000e+00,0.000000000000000000e+00,0.000000000000000000e+00,1.000000000000000056e-01
8.591978233082843142e-01,-5.114662556201239330e-01,-1.346735995792348178e-02,7.193943169475343069e+00,5.113313401691386151e-01,8.592954230967544405e-01,-1.231407348534102782e-02,2.992374018021045412e+00,1.787067383001857135e-02,3.693941918838062125e-03,9.998334830410318119e-01,-2.119243364751383363e-01,0.000000000000000000e+00,0.000000000000000000e+00,0.000000000000000000e+00,1.000000000000000056e-01
