1.000000000000000000e+00,-8.740425190754178154e-14,3.625318957401936168e-14,5.795771605247124570e-21,8.740425190754210971e-14,1.000000000000000000e+00,-9.001227274667391225e-15,2.012958054522344958e-20,-3.625318957401857913e-14,9.001227274670559290e-15,1.000000000000000000e+00,-1.137505471313766831e-20,0.000000000000000000e+00,0.000000000000000000e+00,0.000000000000000000e+00,1.000000000000000056e-01
9.999970979636859658e-01,-2.266471464004629795e-03,-8.168055515353113286e-04,6.462950336434171161e-01,2.265279969016349183e-03,9.999963732444567821e-01,-1.456710195994637136e-03,1.709475333092056598e-02,8.201041812717959614e-04,1.454855675314275110e-03,9.999986054110755473e-01,6.593484430783888746e-03,0.000000000000000000e+00,0.000000000000000000e+00,0.000000000000000000e+00,1.000000000000000056e-01
9.999758306879822367e-01,-6.895594224398169866e-03,-8.881554888288856371e-04,1.299010191084562837e+00,6.894924791222145286e-03,9.999759450034942931e-01,-7.546035329394208506e-04,1.889582347448274732e-02,8.933375640151528484e-04,7.484615293927971390e-04,9.999993208764372810e-01,1.042917509062689894e-02,0.000000000000000000e+00,0.000000000000000000e+00,0.000000000000000000e+00,1.000000000000000056e-01
9.999237802615779103e-01,-1.193633448743726573e-02,-3.155564355161194316e-03,2.001015354140966096e+00,1.193588538934383693e-02,9.999287518029602584e-01,-1.611140787909030175e-04,2.351824031492015521e-02,3.157262638425330052e-03,1.234373442360587702e-04,9.999950082154680508e-01,1.659119792502794510e-02,0.000000000000000000e+00,0.000000000000000000e+00,0.000000000000000000e+00,1.000000000000000056e-01
9.998456301962901360e-01,-1.707131493390210211e-02,-4.157641616474463606e-03,2.705494402825948885e+00,1.706783256309033978e-02,9.998539540102868717e-01,-8.716315698533775832e-04,3.301886029065383837e-02,4.171914306625010629e-03,8.005350852917095727e-04,9.999909770965913491e-01,1.898338606582563107e-02,0.000000000000000000e+00,0.000000000000000000e+00,0.000000000000000000e+00,1.000000000000000056e-01
9.997468989765543324e-01,-2.212927043806654087e-02,-4.053810138886056874e-03,3.417110376331186306e+00,2.212810289856189522e-02,9.997550882149487395e-01,-3.326415949713976182e-04,3.936993058343882940e-02,4.060178428822754440e-03,2.428542751587655941e-04,9.999917279522502200e-01,3.633486371392243702e-02,0.000000000000000000e+00,0.000000000000000000e+00,0.000000000000000000e+00,1.000000000000000056e-01
9.996154067948125332e-01,-2.738609917555056769e-02,-4.363492911455037378e-03,4.159164071517245986e+00,2.739217402048267982e-02,9.996238677927388183e-01,1.338559493098141762e-03,6.777583388297021838e-02,4.325193738204522430e-03,-1.457570249380076097e-03,9.999895840398014268e-01,4.717206958207802170e-02,0.000000000000000000e+00,0.000000000000000000e+00,0.000000000000000000e+00,1.000000000000000056e-01
9.994664699524529183e-01,-3.231954620263772365e-02,-4.714061310385194402e-03,4.927043504037849075e+00,3.233560470890812361e-02,9.994713827537032858e-01,3.371012386448732009e-03,1.001078580369677840e-01,4.602619785702931170e-03,-3.521645873156081623e-03,9.999832068097205262e-01,5.711979935681214121e-02,0.000000000000000000e+00,0.000000000000000000e+00,0.000000000000000000e+00,1.000000000000000056e-01
9.993097740425731512e-01,-3.688019311795951577e-02,-4.452736076094097710e-03,5.697602332162715832e+00,3.689757745533613770e-02,9.993114919379983974e-01,3.887268781457414550e-03,1.416071167864335345e-01,4.306307108046177577e-03,-4.048880861896809492e-03,9.999825309888454861e-01,6.517089054541329307e-02,0.000000000000000000e+00,0.000000000000000000e+00,0.000000000000000000e+00,1.000000000000000056e-01
9.991994815106248762e-01,-3.995768395525463312e-02,-1.944130096031673792e-03,6.491116776395003285e+00,3.996580893534738832e-02,9.991916348356360000e-01,4.337163892725943298e-03,1.838504210826921170e-01,1.769255504899365115e-03,-4.411390644801825925e-03,9.999887046199759100e-01,7.641358080559287891e-02,0.000000000000000000e+00,0.000000000000000000e+00,0.000000000000000000e+00,1.000000000000000056e-01
9.990592708728815996e-01,-4.336481597073154476e-02,-2.569411815029646272e-04,7.288510189603666589e+00,4.336529593428144896e-02,9.990565939086115677e-01,2.318032841833553206e-03,2.203251730133315711e-01,1.561777140269823079e-04,-2.326994531195203473e-03,9.999972803487884310e-01,8.320162065951512698e-02,0.000000000000000000e+00,0.000000000000000000e+00,0.000000000000000000e+00,1.000000000000000056e-01
9.989371551861003784e-01,-4.609034319615208652e-02,4.901558546242177879e-04,8.096948905562971532e+00,4.608886171383581865e-02,9.989337080837000782e-01,2.695121531962179576e-03,2.712305012186544961e-01,-6.138522817621809872e-04,-2.669666310617101277e-03,9.999962480265444098e-01,9.759275097716363367e-02,0.000000000000000000e+00,0.000000000000000000e+00,0.000000000000000000e+00,1.000000000000000056e-01
9.988151732954299034e-01,-4.866434115871597771e-02,-1.774666403936910769e-04,8.927478411080082665e+00,4.866457907287524004e-02,9.988136162554731579e-01,1.765991598014536069e-03,3.059534679274656943e-01,9.131527924712684856e-05,-1.772535543363398108e-03,9.999984248883931892e-01,1.009919527604425937e-01,0.000000000000000000e+00,0.000000000000000000e+00,0.000000000000000000e+00,1.000000000000000056e-01
9.987078822525342625e-01,-5.080927243318499043e-02,-9.918475026379491855e-04,9.700704835485426614e+00,5.081136503961435069e-02,9.987058166886021437e-01,2.212892939871096906e-03,3.768596685785739475e-01,8.781283899052013796e-04,-2.260430747150414359e-03,9.999970596673612988e-01,1.185626814428891174e-01,0.000000000000000000e+00,0.000000000000000000e+00,0.000000000000000000e+00,1.000000000000000056e-01
9.985771061105215285e-01,-5.331328442088170694e-02,-1.207002980319908355e-03,1.050317297796055094e+01,5.331367381491274038e-02,9.985777718755154408e-01,2.927464570673419609e-04,4.394099397514740768e-01,1.189679071606123935e-03,-3.566796731088174273e-04,9.999992287213612663e-01,1.270784244291174037e-01,0.000000000000000000e+00,0.000000000000000000e+00,0.000000000000000000e+00,1.000000000000000056e-01
9.984431337160561970e-01,-5.576887419449579053e-02,-1.068366201263433934e-03,1.131010719886458027e+01,5.576870481077843278e-02,9.984436971254281312e-01,-1.877078437195180897e-04,4.967630621365884958e-01,1.077171754995025947e-03,1.278342083983262205e-04,9.999994116795396515e-01,1.503507417405035018e-01,0.000000000000000000e+00,0.000000000000000000e+00,0.000000000000000000e+00,1.000000000000000056e-01
9.982861505149951409e-01,-5.848480869231500318e-02,-2.070951997464083247e-03,1.216418252054677751e+01,5.848539367836263353e-02,9.982882394375073298e-01,2.229956255222655787e-04,5.461640283539316298e-01,2.054365167010115643e-03,-3.437338874449842358e-04,9.999978307130347188e-01,1.549269392706827120e-01,0.000000000000000000e+00,0.000000000000000000e+00,0.000000000000000000e+00,1.000000000000000056e-01
9.981981346726706006e-01,-5.989008325908365404e-02,-3.696195776864409383e-03,1.304150621028118273e+01,5.990303616653458452e-02,9.981980675831045868e-01,3.499161526226076801e-03,6.073762477441478902e-01,3.479970406732223621e-03,-3.714269857697345949e-03,9.999870469188051336e-01,1.697362284834641466e-01,0.000000000000000000e+00,0.000000000000000000e+00,0.000000000000000000e+00,1.000000000000000056e-01
9.983669225073774633e-01,-5.697576394977422326e-02,-4.153355930782560469e-03,1.392821250312064230e+01,5.700516024229344142e-02,9.983468950799873065e-01,7.340898439517146851e-03,6.695206034530220007e-01,3.728236700989624643e-03,-7.565672903877483993e-03,9.999644297896865819e-01,1.875839726303477895e-01,0.000000000000000000e+00,0.000000000000000000e+00,0.000000000000000000e+00,1.000000000000000056e-01
9.975289717411031098e-01,-7.011925791114502482e-02,-4.386366050371580221e-03,1.488594243882297619e+01,7.014091177142482703e-02,9.975245900307853075e-01,4.994474926038262180e-03,7.611598424364436344e-01,4.025299120652242081e-03,-5.289797151493955130e-03,9.999779072624981335e-01,1.915910116452656797e-01,0.000000000000000000e+00,0.000000000000000000e+00,0.000000000000000000e+00,1.000000000000000056e-01
9.972744968103720575e-01,-7.371012815703807675e-02,-3.224130687822945266e-03,1.582627566244845774e+01,7.371354642325068929e-02,9.972789991836655821e-01,9.543903466107241194e-04,8.417268268949741339e-01,3.145009590828893881e-03,-1.189451259808350187e-03,9.999943470442090865e-01,1.890886266118387005e-01,0.000000000000000000e+00,0.000000000000000000e+00,0.000000000000000000e+00,1.000000000000000056e-01
9.970696068297514314e-01,-7.648605920975663774e-02,-1.442873149840188983e-03,1.673085179360331409e+01,7.648915603632948368e-02,9.970679209108590513e-01,2.229371962455395720e-03,9.258554509435981128e-01,1.268126655728324783e-03,-2.333203175581429444e-03,9.999964740026469068e-01,2.048258700503409468e-01,0.000000000000000000e+00,0.000000000000000000e+00,0.000000000000000000e+00,1.000000000000000056e-01
9.970262965052243409e-01,-7.705397687869811052e-02,-1.117463311957494522e-03,1.760297630768143762e+01,7.705585316196669754e-02,9.970252483219441686e-01,1.746339613871020387e-03,1.001522038115083779e+00,9.795767238655111661e-04,-1.827253606538268432e-03,9.999978507845401765e-01,2.213479489346446838e-01,0.000000000000000000e+00,0.000000000000000000e+00,0.000000000000000000e+00,1.000000000000000056e-01
9.969717147412234803e-01,-7.774216693450725080e-02,-1.885599711420669943e-03,1.850193264438700425e+01,7.774386574364039459e-02,9.969730073867490994e-01,8.449150583744960029e-04,1.074984285349221524e+00,1.814206487509022582e-03,-9.889502253692377537e-04,9.999978653138578144e-01,2.241832066639087295e-01,0.000000000000000000e+00,0.000000000000000000e+00,0.000000000000000000e+00,1.000000000000000056e-01
9.968034610140447116e-01,-7.989173451834186146e-02,-4.133594957431557522e-04,1.941986070661644703e+01,7.989174288503769761e-02,9.968035460434458983e-01,3.742033338150222501e-06,1.150973376967606931e+00,4.117392536134980370e-04,-3.675408233569911151e-05,9.999999145599586248e-01,2.341761191724442970e-01,0.000000000000000000e+00,0.000000000000000000e+00,0.000000000000000000e+00,1.000000000000000056e-01
9.966383133814318285e-01,-8.192038731014004982e-02,1.059454185674587072e-03,2.034523905685285783e+01,8.192275354129148479e-02,9.966357301012920278e-01,-2.425682930108480004e-03,1.214460789853252232e+00,-8.571770107225798159e-04,2.504321948402754225e-03,9.999964968034392720e-01,2.501944348853250011e-01,0.000000000000000000e+00,0.000000000000000000e+00,0.000000000000000000e+00,1.000000000000000056e-01
9.966628283123296628e-01,-8.152683031281883486e-02,4.072173819052378983e-03,2.127860522696884971e+01,8.153372332176082871e-02,9.966693686734973134e-01,-1.556119938435430831e-03,1.304086501345753657e+00,-3.931745383196460185e-03,1.882946392514999595e-03,9.999904979004173855e-01,2.525151377804851771e-01,0.000000000000000000e+00,0.000000000000000000e+00,0.000000000000000000e+00,1.000000000000000056e-01
9.967816170595639180e-01,-7.981809719937967007e-02,7.448439540687252190e-03,2.224176819373867531e+01,7.983256576043999686e-02,9.968068960671093715e-01,-1.665351962797712460e-03,1.394251348903846610e+00,-7.291730674258221044e-03,2.254620261895398745e-03,9.999708732514406284e-01,2.641853454383354394e-01,0.000000000000000000e+00,0.000000000000000000e+00,0.000000000000000000e+00,1.000000000000000056e-01
9.969405873479024738e-01,-7.754369485765963410e-02,9.820421897327369712e-03,2.321438660768864182e+01,7.755547869727502652e-02,9.969876971639878294e-01,-8.242740351367029575e-04,1.471436429373023103e+00,-9.726922558335482707e-03,1.583379761981236131e-03,9.999514387639398816e-01,2.668910516549513612e-01,0.000000000000000000e+00,0.000000000000000000e+00,0.000000000000000000e+00,1.000000000000000056e-01
9.970943955018490845e-01,-7.545600566249539842e-02,1.044785472063722472e-02,2.413416887334538075e+01,7.547902120008971594e-02,9.971457183834493421e-01,-1.825833571598779390e-03,1.557087266591736574e+00,-1.028026349265838586e-02,2.609122269314701793e-03,9.999437527498760137e-01,2.643453769775351847e-01,0.000000000000000000e+00,0.000000000000000000e+00,0.000000000000000000e+00,1.000000000000000056e-01
9.971769834613188888e-01,-7.462805304225014758e-02,8.289593120749720601e-03,2.507453573942347447e+01,7.464898353579274559e-02,9.972073464205402082e-01,-2.244438009305343897e-03,1.633385125010734518e+00,-8.098945120040310780e-03,2.856911624074297187e-03,9.999631218919600162e-01,2.712747888689129305e-01,0.000000000000000000e+00,0.000000000000000000e+00,0.000000000000000000e+00,1.000000000000000056e-01
9.973967434042637636e-01,-7.192979820796262247e-02,5.083343027094231956e-03,2.600546254135485569e+01,7.195019584630606146e-02,9.974004028145075917e-01,-3.950415565003070895e-03,1.708057320818044733e+00,-4.785975788439839063e-03,4.305879145980961997e-03,9.999792767055388776e-01,2.724655403232132400e-01,0.000000000000000000e+00,0.000000000000000000e+00,0.000000000000000000e+00,1.000000000000000056e-01
9.974646679438854413e-01,-7.109903484824328657e-02,3.027118637043993161e-03,2.695864150902214718e+01,7.111121276835405403e-02,9.974598610962339684e-01,-4.125641828300777129e-03,1.778915792314081923e+00,-2.726100183105995608e-03,4.330444033795324311e-03,9.999869077304271991e-01,2.798512895189805283e-01,0.000000000000000000e+00,0.000000000000000000e+00,0.000000000000000000e+00,1.000000000000000056e-01
9.973796612527426886e-01,-7.219580873773807916e-02,4.645053290145212226e-03,2.792729094546913515e+01,7.222135978887612995e-02,9.973729604443382080e-01,-5.590435112075042325e-03,1.849827987452402178e+00,-4.229244567301739498e-03,5.911258343242923631e-03,9.999735849087161288e-01,2.874441647569455083e-01,0.000000000000000000e+00,0.000000000000000000e+00,0.000000000000000000e+00,1.000000000000000056e-01
9.975233283298277076e-01,-6.988203753493088533e-02,7.981871193479560256e-03,2.892193019153804201e+01,6.995719170032996259e-02,9.975041854082231652e-01,-9.559886112316732382e-03,1.919490228528317521e+00,-7.293885602754607463e-03,1.009459870642187562e-02,9.999224461475850756e-01,2.928202404161978634e-01,0.000000000000000000e+00,0.000000000000000000e+00,0.000000000000000000e+00,1.000000000000000056e-01
9.973756535985907057e-01,-7.135274019940245072e-02,1.227159626212014250e-02,2.986652886224261039e+01,7.149935830064520215e-02,9.973689974932186120e-01,-1.195510777734733708e-02,1.973241587874601466e+00,-1.138627996229937649e-02,1.280114469133958148e-02,9.998532308910200728e-01,2.985458193413701999e-01,0.000000000000000000e+00,0.000000000000000000e+00,0.000000000000000000e+00,1.000000000000000056e-01
9.974130103789270452e-01,-7.082499932299210488e-02,1.229252609289842660e-02,3.077262719326193263e+01,7.105915842067672683e-02,9.972757567907075682e-01,-1.979042500975407987e-02,2.019383539655684956e+00,-1.085738142424724079e-02,2.061272394468279673e-02,9.997285796055791485e-01,3.131712650643272422e-01,0.000000000000000000e+00,0.000000000000000000e+00,0.000000000000000000e+00,1.000000000000000056e-01
9.973904915877771504e-01,-7.158012302053655407e-02,9.407086618979846812e-03,3.171194063911483951e+01,7.177371481913873141e-02,9.971745472021285028e-01,-2.216881307808378845e-02,2.083970673586307054e+00,-7.793660972423912224e-03,2.278614492613713002e-02,9.997099831691449445e-01,3.091421582146856029e-01,0.000000000000000000e+00,0.000000000000000000e+00,0.000000000000000000e+00,1.000000000000000056e-01
9.974372252059842126e-01,-7.118596470620291994e-02,7.179150523144240195e-03,3.269091589005168430e+01,7.133451360036341393e-02,9.971837098393616650e-01,-2.315245128290509616e-02,2.166193097601968542e+00,-5.510802372277202529e-03,2.360523797496988027e-02,9.997061687302718491e-01,3.079822321904410187e-01,0.000000000000000000e+00,0.000000000000000000e+00,0.000000000000000000e+00,1.000000000000000056e-01
9.973975880922845150e-01,-7.185567677884706350e-02,5.900252735900827182e-03,3.365758755430363180e+01,7.197332092944143389e-02,9.971410873832535771e-01,-2.301071329903433410e-02,2.244784151678484108e+00,-4.229934051646038438e-03,2.337549072846570319e-02,9.997178072291811324e-01,3.064385773110168132e-01,0.000000000000000000e+00,0.000000000000000000e+00,0.000000000000000000e+00,1.000000000000000056e-01
9.975082360122270453e-01,-7.014134159609644592e-02,7.583619642019154630e-03,3.461264751922404770e+01,7.030475088781051873e-02,9.972366649989312659e-01,-2.400574898669703000e-02,2.301457685629428429e+00,-5.878868120481507351e-03,2.447909681563252560e-02,9.996830561376505164e-01,3.189786263327731852e-01,0.000000000000000000e+00,0.000000000000000000e+00,0.000000000000000000e+00,1.000000000000000056e-01
9.973393914992160214e-01,-7.223771064931869268e-02,9.790368947025137811e-03,3.559075958967757458e+01,7.244089669183553792e-02,9.971235817141733682e-01,-2.229078903899558289e-02,2.388504826922502655e+00,-8.151972182016959181e-03,2.294070508165565320e-02,9.997035907707344515e-01,3.145362610152655503e-01,0.000000000000000000e+00,0.000000000000000000e+00,0.000000000000000000e+00,1.000000000000000056e-01
9.973411630053578003e-01,-7.197281673916268441e-02,1.142445735040528015e-02,3.657196919746410657e+01,7.219866966708900213e-02,9.971739893351863060e-01,-2.076986017411685051e-02,2.466473634702112339e+00,-9.897306372083580772e-03,2.153946712388002047e-02,9.997190078630077137e-01,3.234639892032605824e-01,0.000000000000000000e+00,0.000000000000000000e+00,0.000000000000000000e+00,1.000000000000000056e-01
9.973895530007511612e-01,-7.108659438240633177e-02,1.267973438495790910e-02,3.757158946367356123e+01,7.133070281238715338e-02,9.972528290693872810e-01,-1.996811832382557050e-02,2.544145284622756797e+00,-1.122543545938197752e-02,2.082044697441993303e-02,9.997202101520867856e-01,3.191594245729555968e-01,0.000000000000000000e+00,0.000000000000000000e+00,0.000000000000000000e+00,1.000000000000000056e-01
9.972859510073436295e-01,-7.195946727622082317e-02,1.557456235984676189e-02,3.856317405124929820e+01,7.225518657815935275e-02,9.971986707219869794e-01,-1.933905692782024802e-02,2.612715001175002882e+00,-1.413930464816543116e-02,2.041191268903027808e-02,9.996916694083439747e-01,3.361202028023466126e-01,0.000000000000000000e+00,0.000000000000000000e+00,0.000000000000000000e+00,1.000000000000000056e-01
9.974465887055810054e-01,-6.940993913491524947e-02,1.680961120570451453e-02,3.957614579008776445e+01,6.971203489415789267e-02,9.974028218166455240e-01,-1.810644148109993509e-02,2.692357663205060536e+00,-1.550918664905733858e-02,1.923204049184966055e-02,9.996947502853080758e-01,3.325093020407181021e-01,0.000000000000000000e+00,0.000000000000000000e+00,0.000000000000000000e+00,1.000000000000000056e-01
9.974080440711007300e-01,-7.025259882463523453e-02,1.554882569990370146e-02,4.058575505750287249e+01,7.056305096691385670e-02,9.972985063304815601e-01,-2.040943676908344925e-02,2.774082127568347378e+00,-1.407300467213178606e-02,2.145370898878229751e-02,9.996707902655367350e-01,3.458364128769003676e-01,0.000000000000000000e+00,0.000000000000000000e+00,0.000000000000000000e+00,1.000000000000000056e-01
9.974613110222944057e-01,-6.993344129252315744e-02,1.342560250681198823e-02,4.159355202139764174e+01,7.015796067052518237e-02,9.973901485949312473e-01,-1.705145273382598428e-02,2.846899282506490270e+00,-1.219809691053243793e-02,1.795007729136776850e-02,9.997644728419765592e-01,3.612229432252846428e-01,0.000000000000000000e+00,0.000000000000000000e+00,0.000000000000000000e+00,1.000000000000000056e-01
9.975964330700378691e-01,-6.839295878220734426e-02,1.112474336570135405e-02,4.262631244121460838e+01,6.855471936013256273e-02,9.975364680798073369e-01,-1.487431693614834662e-02,2.920304866261554277e+00,-1.008003866018851447e-02,1.560121917924399935e-02,9.998274825092228202e-01,3.696513921148680271e-01,0.000000000000000000e+00,0.000000000000000000e+00,0.000000000000000000e+00,1.000000000000000056e-01
9.975795210833006132e-01,-6.863940950224491078e-02,1.112342476019951079e-02,4.367522261903449277e+01,6.883558818582215244e-02,9.974595311796619068e-01,-1.833427004167297036e-02,2.989893480599294495e+00,-9.836712577105714839e-03,1.905557981359309871e-02,9.997700355399952166e-01,3.786058903095597117e-01,0.000000000000000000e+00,0.000000000000000000e+00,0.000000000000000000e+00,1.000000000000000056e-01
9.975839907677184204e-01,-6.829546649854874307e-02,1.272441038706099634e-02,4.468835776405321525e+01,6.854511146187593218e-02,9.974406207267652036e-01,-2.034148025302759746e-02,3.075352437489472734e+00,-1.130261291170068377e-02,2.116453117720575386e-02,9.997121153419205042e-01,3.869359356478067613e-01,0.000000000000000000e+00,0.000000000000000000e+00,0.000000000000000000e+00,1.000000000000000056e-01
9.975776803705941331e-01,-6.827713343806621205e-02,1.330431042576947845e-02,4.567511194922674633e+01,6.854543411599778313e-02,9.974295128568024804e-01,-2.087798706990200148e-02,3.140318877519152174e+00,-1.184462275778101065e-02,2.173936364574845931e-02,9.996935055205689036e-01,3.885673471174234117e-01,0.000000000000000000e+00,0.000000000000000000e+00,0.000000000000000000e+00,1.000000000000000056e-01
9.970130779794473819e-01,-7.642705447399884833e-02,1.112778874605086649e-02,4.659094658829100410e+01,7.660448300959858681e-02,9.969249906677180029e-01,-1.650200487827069296e-02,3.196641757456624600e+00,-9.832371066047309455e-03,1.730515318044777845e-02,9.998019084561805547e-01,4.011053764783297226e-01,0.000000000000000000e+00,0.000000000000000000e+00,0.000000000000000000e+00,1.000000000000000056e-01
9.970423433948297776e-01,-7.648921757341493877e-02,7.480980734716926976e-03,4.754824933403786957e+01,7.660135969063834593e-02,9.969322644059392946e-01,-1.607146166320593678e-02,3.272184452816981004e+00,-6.228737535958797124e-03,1.659698109456179960e-02,9.998428591770083251e-01,3.967810072035649060e-01,0.000000000000000000e+00,0.000000000000000000e+00,0.000000000000000000e+00,1.000000000000000056e-01
9.971368136438625296e-01,-7.527550694673394716e-02,7.195340858995445676e-03,4.849495224315536746e+01,7.538143026588199624e-02,9.970295748569366623e-01,-1.580084908054551346e-02,3.363479082106638707e+00,-5.984550712868075273e-03,1.629800339024432831e-02,9.998492687591749029e-01,4.079411265132064091e-01,0.000000000000000000e+00,0.000000000000000000e+00,0.000000000000000000e+00,1.000000000000000056e-01
9.972527090914568015e-01,-7.350236814182557754e-02,9.188911104901909335e-03,4.946607575156785686e+01,7.364386112710109844e-02,9.971538874738518077e-01,-1.614640560858825874e-02,3.450626232016781536e+00,-7.975959380694895226e-03,1.677875362857280533e-02,9.998274138563261193e-01,4.136320172980548771e-01,0.000000000000000000e+00,0.000000000000000000e+00,0.000000000000000000e+00,1.000000000000000056e-01
9.972531466747504014e-01,-7.309070603501513497e-02,1.199625519116976138e-02,5.046502650815287438e+01,7.328947633670931938e-02,9.971647429703164311e-01,-1.706247447569126177e-02,3.540520285062608519e+00,-1.071513441817642173e-02,1.789480562190308779e-02,9.997824572506535112e-01,4.295866295332611551e-01,0.000000000000000000e+00,0.000000000000000000e+00,0.000000000000000000e+00,1.000000000000000056e-01
9.973571390277471416e-01,-7.157031706734619247e-02,1.250707580798236795e-02,5.140108171341814369e+01,7.181082933159420312e-02,9.972182522599404297e-01,-1.997403690640601331e-02,3.612291807874451699e+00,-1.104273612361240595e-02,2.081939179009206775e-02,9.997222668843557258e-01,4.397630841582289563e-01,0.000000000000000000e+00,0.000000000000000000e+00,0.000000000000000000e+00,1.000000000000000056e-01
9.974126423275563313e-01,-7.090799708973268001e-02,1.183540763491981729e-02,5.233900998705067309e+01,7.117008837851256098e-02,9.971890467996383789e-01,-2.342698151754313285e-02,3.682183766594924190e+00,-1.014097852068368555e-02,2.420869454454448871e-02,9.996554904881440606e-01,4.434553939861238248e-01,0.000000000000000000e+00,0.000000000000000000e+00,0.000000000000000000e+00,1.000000000000000056e-01
9.974213256142762107e-01,-7.089173503318453584e-02,1.118307264774344965e-02,5.332325372235440142e+01,7.116460469571693481e-02,9.971190214670020424e-01,-2.625368673521356888e-02,3.759651065079085086e+00,-9.289685051835352633e-03,2.698182596995880173e-02,9.995927584866571847e-01,4.575980070528561927e-01,0.000000000000000000e+00,0.000000000000000000e+00,0.000000000000000000e+00,1.000000000000000056e-01
9.973300413367277573e-01,-7.182108082829935514e-02,1.321063949760659974e-02,5.428774746404308615e+01,7.218504377296652841e-02,9.969543096361649370e-01,-2.951989080895673148e-02,3.838412539906835175e+00,-1.105025351635598695e-02,3.039468451115611911e-02,9.994768907036778449e-01,4.486098221004869990e-01,0.000000000000000000e+00,0.000000000000000000e+00,0.000000000000000000e+00,1.000000000000000056e-01
9.971797579690344637e-01,-7.302454192983579007e-02,1.731896569531355193e-02,5.524345827463054803e+01,7.354889969005085071e-02,9.967823587635440408e-01,-3.186673205975541767e-02,3.922564659803714271e+00,-1.493618596565509174e-02,3.305065103327102516e-02,9.993420659689435936e-01,4.554280859382474622e-01,0.000000000000000000e+00,0.000000000000000000e+00,0.000000000000000000e+00,1.000000000000000056e-01
9.970325766660846911e-01,-7.386925351747312962e-02,2.166505138141253117e-02,5.620127266102415575e+01,7.450460032786783426e-02,9.967647230504168565e-01,-3.015213777181238383e-02,3.990749945132670007e+00,-1.936764303090692668e-02,3.167680960887574171e-02,9.993104993626507060e-01,4.736991530854922638e-01,0.000000000000000000e+00,0.000000000000000000e+00,0.000000000000000000e+00,1.000000000000000056e-01
9.969033760425234370e-01,-7.505648288566577064e-02,2.345598456370763876e-02,5.716782948578219248e+01,7.568016292478702001e-02,9.967681599002884418e-01,-2.693971693746535431e-02,4.064876330257400916e+00,-2.135817816895488677e-02,2.863144749793184243e-02,9.993618305896400100e-01,4.619867436906228142e-01,0.000000000000000000e+00,0.000000000000000000e+00,0.000000000000000000e+00,1.000000000000000056e-01
9.967344172351323417e-01,-7.857890428809012617e-02,1.859723903767166245e-02,5.806610066330754449e+01,7.908203146404667316e-02,9.964728080480372840e-01,-2.807089454183879507e-02,4.144354355679105595e+00,-1.632586287032503428e-02,2.944993415515009816e-02,9.994329230017373611e-01,4.654247867937426619e-01,0.000000000000000000e+00,0.000000000000000000e+00,0.000000000000000000e+00,1.000000000000000056e-01
9.964707427783032756e-01,-8.296770431525569978e-02,1.274436453939033209e-02,5.898436176510822548e+01,8.329266271339454131e-02,9.961447759108975619e-01,-2.753030627400263747e-02,4.227814796289515620e+00,-1.041110584756789123e-02,2.849465679884557318e-02,9.995397257782937528e-01,4.637635962559669700e-01,0.000000000000000000e+00,0.000000000000000000e+00,0.000000000000000000e+00,1.000000000000000056e-01
9.965299285891491277e-01,-8.285801185450317186e-02,7.915257268365000556e-03,5.993797688267858348e+01,8.305813083854504675e-02,9.961031467765798508e-01,-2.966256703999947675e-02,4.308412264557133220e+00,-5.426631341129301359e-03,3.021706228795813243e-02,9.995286293143249567e-01,4.737299156535622058e-01,0.000000000000000000e+00,0.000000000000000000e+00,0.000000000000000000e+00,1.000000000000000056e-01
9.963961116977571031e-01,-8.442424331650796865e-02,8.205835364292967185e-03,6.084983826436733523e+01,8.461606030233218001e-02,9.960524110130168918e-01,-2.682753909825108529e-02,4.396503531280610666e+00,-5.908547410566008379e-03,2.742520110393295574e-02,9.996063962439946105e-01,4.763765737228374819e-01,0.000000000000000000e+00,0.000000000000000000e+00,0.000000000000000000e+00,1.000000000000000056e-01
9.963364093285906886e-01,-8.485930638941843740e-02,1.061402681916106920e-02,6.177899981540752350e+01,8.511098480644710418e-02,9.960302964720399999e-01,-2.607237570872258242e-02,4.491240838115544420e+00,-8.359408560884662096e-03,2.688022747163546639e-02,9.996037083062393469e-01,4.969787182438426543e-01,0.000000000000000000e+00,0.000000000000000000e+00,0.000000000000000000e+00,1.000000000000000056e-01
9.961679881894632826e-01,-8.688816411127063544e-02,9.989306478940057632e-03,6.267429734010121223e+01,8.711792808950689915e-02,9.958718830799672128e-01,-2.548841101661022263e-02,4.576496407821382562e+00,-7.733428214498204445e-03,2.626098680805910579e-02,9.996252070950982782e-01,5.119707043414943870e-01,0.000000000000000000e+00,0.000000000000000000e+00,0.000000000000000000e+00,1.000000000000000056e-01
9.959714109002290039e-01,-8.912098849580531168e-02,9.919580582755861686e-03,6.348854925497461466e+01,8.933287612539951572e-02,9.957247832686954014e-01,-2.349027942945068267e-02,4.656578549582681248e+00,-7.783695303085612360e-03,2.428179140920587106e-02,9.996748514859161716e-01,5.205352556130952157e-01,0.000000000000000000e+00,0.000000000000000000e+00,0.000000000000000000e+00,1.000000000000000056e-01
9.958091721038763167e-01,-9.086126275405342900e-02,1.040786647354852157e-02,6.430878248324557944e+01,9.107633225495728735e-02,9.955898826161363457e-01,-2.249193934218541788e-02,4.738056515638462862e+00,-8.318320550266052049e-03,2.334558980036240475e-02,9.996928473186632580e-01,5.297624885587366439e-01,0.000000000000000000e+00,0.000000000000000000e+00,0.000000000000000000e+00,1.000000000000000056e-01
9.957443078052355956e-01,-9.166393159856581208e-02,9.539240921880590141e-03,6.510406878696301192e+01,9.186686772969485104e-02,9.954912393049926145e-01,-2.361506046032106967e-02,4.815678104030819640e+00,-7.331581480620942559e-03,2.439090221585328913e-02,9.996756132876752909e-01,5.328513297418794314e-01,0.000000000000000000e+00,0.000000000000000000e+00,0.000000000000000000e+00,1.000000000000000056e-01
9.957491561122204793e-01,-9.160667688342616355e-02,9.583050254292554970e-03,6.590686380907878572e+01,9.182517427923864162e-02,9.954459770897940984e-01,-2.560164182884528197e-02,4.893421964777639133e+00,-7.194127493184615356e-03,2.637277850588713377e-02,9.996262907124298103e-01,5.418273090008769444e-01,0.000000000000000000e+00,0.000000000000000000e+00,0.000000000000000000e+00,1.000000000000000056e-01
9.956188717287918211e-01,-9.285461224177790629e-02,1.100378311839486645e-02,6.666327252244668955e+01,9.311269513776493367e-02,9.953191618948780128e-01,-2.588033943091433420e-02,4.967750028900090875e+00,-8.549167308530638415e-03,2.679154624703027759e-02,9.996044841776291490e-01,5.542223286892024037e-01,0.000000000000000000e+00,0.000000000000000000e+00,0.000000000000000000e+00,1.000000000000000056e-01
9.953115645651663401e-01,-9.574163484385371514e-02,1.372693703150635984e-02,6.745990048895671976e+01,9.605794748615216483e-02,9.950714699064475699e-01,-2.460976438264828384e-02,5.059663340548231858e+00,-1.130310433413749156e-02,2.581296448779192218e-02,9.996028864988153462e-01,5.622644039851263376e-01,0.000000000000000000e+00,0.000000000000000000e+00,0.000000000000000000e+00,1.000000000000000056e-01
9.952055358839372312e-01,-9.639896993696095429e-02,1.652815600900909426e-02,6.820125430092834051e+01,9.676962058776061859e-02,9.950335538812112857e-01,-2.332096013948518204e-02,5.138412692750306654e+00,-1.419795327736011852e-02,2.480857201895141778e-02,9.995913929587001423e-01,5.697429648396780122e-01,0.000000000000000000e+00,0.000000000000000000e+00,0.000000000000000000e+00,1.000000000000000056e-01
9.949766235096766387e-01,-9.848486305429011989e-02,1.795133472644851180e-02,6.892881106304389505e+01,9.885142403110801224e-02,9.948843009869779985e-01,-2.082363120769644207e-02,5.211946672858197793e+00,-1.580868863332296481e-02,2.249354126921305000e-02,9.996219915372334119e-01,5.755437266273509822e-01,0.000000000000000000e+00,0.000000000000000000e+00,0.000000000000000000e+00,1.000000000000000056e-01
9.950931779518232823e-01,-9.780244757536299405e-02,1.497492711198772711e-02,6.959655152801222755e+01,9.808602039794661609e-02,9.949860236287053628e-01,-1.954342308888066745e-02,5.292608355536322584e+00,-1.298844856919297019e-02,2.091635799573549406e-02,9.996968571381824598e-01,5.881131334772465857e-01,0.000000000000000000e+00,0.000000000000000000e+00,0.000000000000000000e+00,1.000000000000000056e-01
9.950810399376242010e-01,-9.861629172581021230e-02,9.410152119192142020e-03,7.028733739890618892e+01,9.878040554841724386e-02,9.949288137780317731e-01,-1.894959086441518059e-02,5.367333708715591456e+00,-7.493693104648754995e-03,1.978591722636086070e-02,9.997761559685072186e-01,5.902404403922468790e-01,0.000000000000000000e+00,0.000000000000000000e+00,0.000000000000000000e+00,1.000000000000000056e-01
9.952309114428370407e-01,-9.749862139985349119e-02,3.074367217458419919e-03,7.101751874923090213e+01,9.754243426614306323e-02,9.949967296721771159e-01,-2.160975379562545678e-02,5.429376752072919921e+00,-9.520641233187454849e-04,2.180657622829455800e-02,9.997617550232178463e-01,6.080884401822586049e-01,0.000000000000000000e+00,0.000000000000000000e+00,0.000000000000000000e+00,1.000000000000000056e-01
9.950983709915464104e-01,-9.888974160668700941e-02,2.259533875097898643e-04,7.171543957566436234e+01,9.887459372239656985e-02,9.949004174185717142e-01,-1.992420981075023606e-02,5.504979546719262373e+00,1.745498840351878637e-03,1.984888977536157506e-02,9.998014676967041936e-01,6.082521031608899564e-01,0.000000000000000000e+00,0.000000000000000000e+00,0.000000000000000000e+00,1.000000000000000056e-01
9.950614461990723303e-01,-9.921843012452830068e-02,2.901966890703761796e-03,7.237423821721318973e+01,9.925595415574353653e-02,9.948776028350202472e-01,-1.915230904817175409e-02,5.579075080742221360e+00,-9.868398267105556870e-04,1.934576183219054515e-02,9.998123662199265294e-01,6.202679326209833421e-01,0.000000000000000000e+00,0.000000000000000000e+00,0.000000000000000000e+00,1.000000000000000056e-01
9.949363860690856320e-01,-1.003062100921283811e-01,6.344437937372878616e-03,7.297740035827338545e+01,1.004165895930773794e-01,9.947341034770905699e-01,-2.050785006099877308e-02,5.645362829446549213e+00,-4.253964066942240649e-03,2.104109304629271995e-02,9.997695615456265728e-01,6.356220171085888992e-01,0.000000000000000000e+00,0.000000000000000000e+00,0.000000000000000000e+00,1.000000000000000056e-01
9.949189373210238774e-01,-1.006170446842427207e-01,3.538146267973626621e-03,7.356688043074932182e+01,1.006706394801378940e-01,9.946786786923694779e-01,-2.190316190557898071e-02,5.697506522722812328e+00,-1.315487234668502895e-03,2.214805801444013830e-02,9.997538362114568589e-01,6.552086736327805694e-01,0.000000000000000000e+00,0.000000000000000000e+00,0.000000000000000000e+00,1.000000000000000056e-01
9.949035315423365722e-01,-1.008312856213455233e-01,1.215093972010757462e-04,7.420680471461119510e+01,1.007919400965226475e-01,9.944801714728739306e-01,-2.915773240261210902e-02,5.748397371783765308e+00,2.819172957794450519e-03,2.902137810700906179e-02,9.995748155473926921e-01,6.712987545068006545e-01,0.000000000000000000e+00,0.000000000000000000e+00,0.000000000000000000e+00,1.000000000000000056e-01
9.950396775247831727e-01,-9.943654344562015412e-02,-2.900685946961883543e-03,7.483004220367610060e+01,9.928772433448031232e-02,9.945123247201602679e-01,-3.297246997394667062e-02,5.818084898853284948e+00,6.163436367469915175e-03,3.252091338338863186e-02,9.994520509983729761e-01,6.973601756653499129e-01,0.000000000000000000e+00,0.000000000000000000e+00,0.000000000000000000e+00,1.000000000000000056e-01
9.954640227625114468e-01,-9.510998876402455837e-02,-2.338679709828054600e-03,7.543538513566423376e+01,9.499575504667258363e-02,9.950147876335307950e-01,-3.035422398468086425e-02,5.871056689753740621e+00,5.214010796941090202e-03,2.999437327077727339e-02,9.995364684009796497e-01,7.100934704683313781e-01,0.000000000000000000e+00,0.000000000000000000e+00,0.000000000000000000e+00,1.000000000000000056e-01
9.959293045183755799e-01,-9.013778453375025090e-02,1.417363182551804011e-05,7.600013885130930191e+01,9.010866082446648828e-02,9.956034960477530005e-01,-2.557553326742448979e-02,5.949252967753158927e+00,2.291210589597691104e-03,2.547270022669546885e-02,9.996728924489225454e-01,7.135430127479992501e-01,0.000000000000000000e+00,0.000000000000000000e+00,0.000000000000000000e+00,1.000000000000000056e-01
9.965248607793557589e-01,-8.325147423100329180e-02,2.719170287082598933e-03,7.655859215948153462e+01,8.329455160054452523e-02,9.961615992447793166e-01,-2.690884359737478332e-02,5.988126417335508656e+00,-4.685321224661431489e-04,2.704182368939543613e-02,9.996341932172998490e-01,7.274820486666755404e-01,0.000000000000000000e+00,0.000000000000000000e+00,0.000000000000000000e+00,1.000000000000000056e-01
9.970750780152319859e-01,-7.610536764947112287e-02,7.018676218335991382e-03,7.713551241812751869e+01,7.629057372490269384e-02,9.965834538297292378e-01,-3.164123754743475986e-02,6.016361871944221562e+00,-4.586628570550093861e-03,3.208414823159318890e-02,9.994746471374894581e-01,7.396562232335975873e-01,0.000000000000000000e+00,0.000000000000000000e+00,0.000000000000000000e+00,1.000000000000000056e-01
9.977454854328356992e-01,-6.645723885000782982e-02,9.347818078469507727e-03,7.768346426209703282e+01,6.674688846352296034e-02,9.971508328080882499e-01,-3.514355574745032379e-02,6.036892666425492493e+00,-6.985640903537501320e-03,3.568826185973664883e-02,9.993385556389774438e-01,7.543382479153516451e-01,0.000000000000000000e+00,0.000000000000000000e+00,0.000000000000000000e+00,1.000000000000000056e-01
9.983777509362998792e-01,-5.623744598996829880e-02,8.900342909175072356e-03,7.817986300034326064e+01,5.650355183182974306e-02,9.978509607051559982e-01,-3.317843953812475016e-02,6.075128247898948786e+00,-7.015345020968949755e-03,3.362751683253862450e-02,9.994098133628237512e-01,7.622270973418021622e-01,0.000000000000000000e+00,0.000000000000000000e+00,0.000000000000000000e+00,1.000000000000000056e-01
9.991483284741465853e-01,-4.045005950923732940e-02,8.149257206519551489e-03,7.867172047495526499e+01,4.066493980020430277e-02,9.987748227067473339e-01,-2.819957797824645951e-02,6.115976815944753398e+00,-6.998598314277799937e-03,2.850695025436080637e-02,9.995690938643665424e-01,7.593342136991304558e-01,0.000000000000000000e+00,0.000000000000000000e+00,0.000000000000000000e+00,1.000000000000000056e-01
9.996673797962533081e-01,-2.427536948133632647e-02,8.708398695404274970e-03,7.915174523810657092e+01,2.446548255429736515e-02,9.994489572246081366e-01,-2.243261166313123556e-02,6.131887167547772854e+00,-8.159040058664093764e-03,2.263820529962755346e-02,9.997104289373663910e-01,7.632311847917617742e-01,0.000000000000000000e+00,0.000000000000000000e+00,0.000000000000000000e+00,1.000000000000000056e-01
9.999582105796248621e-01,1.610048587044044443e-03,8.999157624016582147e-03,7.964582212734161715e+01,-1.399821089769111076e-03,9.997271073963890364e-01,-2.331847417318429205e-02,6.144955967586450463e+00,-9.034245696856818553e-03,2.330490249703230654e-02,9.996875831600053885e-01,7.666128073048471547e-01,0.000000000000000000e+00,0.000000000000000000e+00,0.000000000000000000e+00,1.000000000000000056e-01
9.995943152903358220e-01,2.617476062968387973e-02,1.122883543487289935e-02,8.014338351904558522e+01,-2.589446636369737570e-02,9.993663570839074195e-01,-2.442050246369583191e-02,6.136787583272892199e+00,-1.186092116928746769e-02,2.411983073777218198e-02,9.996387108921889197e-01,7.815014401983884085e-01,0.000000000000000000e+00,0.000000000000000000e+00,0.000000000000000000e+00,1.000000000000000056e-01
9.985141594547380928e-01,5.290538326475867359e-02,1.305732706211138600e-02,8.062608112297083096e+01,-5.259966430317677966e-02,9.983567138529919616e-01,-2.274087113213354994e-02,6.116222163225809361e+00,-1.423898464045327689e-02,2.202027080360700190e-02,9.996561203684718455e-01,7.854304399660971825e-01,0.000000000000000000e+00,0.000000000000000000e+00,0.000000000000000000e+00,1.000000000000000056e-01
9.964167161673257445e-01,8.342267938701615482e-02,1.394217724080652580e-02,8.111959646640845278e+01,-8.310800784829806831e-02,9.963020158240025737e-01,-2.180257545603857955e-02,6.074633399689747471e+00,-1.570944855207140334e-02,2.056574406434498459e-02,9.996650756114617842e-01,7.836422335227440916e-01,0.000000000000000000e+00,0.000000000000000000e+00,0.000000000000000000e+00,1.000000000000000056e-01
