1.000000000000000000e+00,-1.663846258434298562e-09,-9.044727936213285832e-10,5.512843047161231282e-15,1.663846258195700796e-09,1.000000000000000000e+00,-2.637978051861242739e-10,3.208004325612931586e-15,9.044727940602475734e-10,2.637978036812206268e-10,1.000000000000000000e+00,1.550605564873814575e-15,0.000000000000000000e+00,0.000000000000000000e+00,0.000000000000000000e+00,1.000000000000000056e-01
9.999536919204253804e-01,-9.594803513757386298e-03,-7.441506859000259671e-04,6.549104646530405915e-01,9.592214765341468968e-03,9.999481872915215730e-01,-3.407660237703549842e-03,1.697502666063116158e-02,7.768079598598826756e-04,3.400364382305170064e-03,9.999939170272292843e-01,1.025669109720630558e-02,0.000000000000000000e+00,0.000000000000000000e+00,0.000000000000000000e+00,1.000000000000000056e-01
9.998269295376767118e-01,-1.823559553294474070e-02,-3.684294616397549172e-03,1.336780605949629885e+00,1.822161274490772045e-02,9.998267748788726150e-01,-3.793819221682654796e-03,1.425932204799008549e-02,3.752838956868070983e-03,3.726028833897842858e-03,9.999860163566752780e-01,1.674531953721107927e-02,0.000000000000000000e+00,0.000000000000000000e+00,0.000000000000000000e+00,1.000000000000000056e-01
9.996929007716200966e-01,-2.392191606341931981e-02,-6.468854510535641984e-03,2.076981792442392116e+00,2.390155038967110845e-02,9.997091717244922515e-01,-3.207469235952590050e-03,2.523079053297793209e-02,6.543701994572290702e-03,3.051868572578157746e-03,9.999739326914587334e-01,1.674745303822253520e-02,0.000000000000000000e+00,0.000000000000000000e+00,0.000000000000000000e+00,1.000000000000000056e-01
9.994296000026499094e-01,-3.289206257836180952e-02,-7.654205241846515767e-03,2.816808007521244051e+00,3.287735417131076171e-02,9.994573125462797858e-01,-2.039603015821307014e-03,5.904995764035306932e-02,7.717138150724976026e-03,1.786789609630396293e-03,9.999686260886656575e-01,3.260371916239445528e-02,0.000000000000000000e+00,0.000000000000000000e+00,0.000000000000000000e+00,1.000000000000000056e-01
9.992356721137359843e-01,-3.822647461999350432e-02,-8.173629153400356617e-03,3.519920303445265741e+00,3.819270569829785050e-02,9.992613612307724713e-01,-4.248432966043724952e-03,8.891304977432930301e-02,8.329994408973580983e-03,3.933012757512006734e-03,9.999575704017624744e-01,4.293573083466362822e-02,0.000000000000000000e+00,0.000000000000000000e+00,0.000000000000000000e+00,1.000000000000000056e-01
9.990093395781782792e-01,-4.297056608173317055e-02,-1.157021547713789171e-02,4.243824385002040955e+00,4.292515185469136102e-02,9.990696909762655231e-01,-4.145348096488883811e-03,1.305265050650979974e-01,1.173757955558492154e-02,3.644588207847374549e-03,9.999244702491141279e-01,6.455943802236031870e-02,0.000000000000000000e+00,0.000000000000000000e+00,0.000000000000000000e+00,1.000000000000000056e-01
9.984978359348414267e-01,-5.296862242495977563e-02,-1.401415969084333045e-02,5.020249289083248634e+00,5.292513730068868633e-02,9.985925021306651939e-01,-3.456085953886138713e-03,1.613539041873663649e-01,1.417749890289755378e-02,2.709193019968451736e-03,9.998958239726971620e-01,8.053600222719410617e-02,0.000000000000000000e+00,0.000000000000000000e+00,0.000000000000000000e+00,1.000000000000000056e-01
9.980635113368244715e-01,-6.039851636464677043e-02,-1.487435911082686871e-02,5.791396059911740224e+00,6.034664468133398019e-02,9.981698137207343224e-01,-3.912218350163347395e-03,2.335051409458863136e-01,1.508342844691377624e-02,3.007024719556757129e-03,9.998817169988771791e-01,9.122290608181381211e-02,0.000000000000000000e+00,0.000000000000000000e+00,0.000000000000000000e+00,1.000000000000000056e-01
9.977944355470891313e-01,-6.516440305492053608e-02,-1.264377181705314893e-02,6.583678133701751811e+00,6.512412189892870240e-02,9.978707769958200524e-01,-3.572277236136030872e-03,2.988112953068188249e-01,1.284963572088016273e-02,2.740983811372058303e-03,9.999136832094990268e-01,1.193281167651031871e-01,0.000000000000000000e+00,0.000000000000000000e+00,0.000000000000000000e+00,1.000000000000000056e-01
9.974651876811513329e-01,-6.987288517678533206e-02,-1.345285401976957333e-02,7.379194075136402908e+00,6.980854883936962740e-02,9.975468826874147599e-01,-5.194549986533041584e-03,3.556891373866942763e-01,1.378281078542408812e-02,4.242258560368308666e-03,9.998960132779609600e-01,1.371309263972336767e-01,0.000000000000000000e+00,0.000000000000000000e+00,0.000000000000000000e+00,1.000000000000000056e-01
9.971977784710700510e-01,-7.351627164593768637e-02,-1.385454494537670389e-02,8.192485706685380009e+00,7.345902235108270339e-02,9.972876394484471163e-01,-4.597416510089172292e-03,4.279935835158896751e-01,1.415495134523238330e-02,3.566792203760635587e-03,9.998934519966561352e-01,1.600496007358461481e-01,0.000000000000000000e+00,0.000000000000000000e+00,0.000000000000000000e+00,1.000000000000000056e-01
9.965839060290356821e-01,-8.108838054091130343e-02,-1.565863292764053602e-02,9.034856168416510513e+00,8.101943665689492757e-02,9.967000341910333683e-01,-4.989261207057832728e-03,4.908295871087675621e-01,1.601153108574007375e-02,3.703563803314294852e-03,9.998649481242180004e-01,1.840951815709282735e-01,0.000000000000000000e+00,0.000000000000000000e+00,0.000000000000000000e+00,1.000000000000000056e-01
9.965279568184475245e-01,-8.134548155567342120e-02,-1.774665911448990510e-02,9.784234686330874453e+00,8.122686401764336872e-02,9.966688570087757215e-01,-7.306574483282766812e-03,5.674008292670924547e-01,1.828189927522805638e-02,5.839700274507436499e-03,9.998158180683052176e-01,2.159422546784920682e-01,0.000000000000000000e+00,0.000000000000000000e+00,0.000000000000000000e+00,1.000000000000000056e-01
9.964386494586461307e-01,-8.273780584307514896e-02,-1.626263660366988537e-02,1.054142410479359881e+01,8.268066818779103155e-02,9.965674257658796442e-01,-4.156081133508297137e-03,6.436210808038750342e-01,1.655067893017754185e-02,2.796674210826912213e-03,9.998591168961298292e-01,2.345583760240380622e-01,0.000000000000000000e+00,0.000000000000000000e+00,0.000000000000000000e+00,1.000000000000000056e-01
9.959791936764774700e-01,-8.792385465970488367e-02,-1.717095062402999861e-02,1.133001439448788794e+01,8.777158362767155386e-02,9.960959882931578191e-01,-9.430334764359608879e-03,7.536076761576424587e-01,1.793306641499009535e-02,7.885295686042469859e-03,9.998080952067247562e-01,2.489898633631608127e-01,0.000000000000000000e+00,0.000000000000000000e+00,0.000000000000000000e+00,1.000000000000000056e-01
9.955992666533461932e-01,-9.188198573520536816e-02,-1.843369026198682717e-02,1.216670765972331658e+01,9.173166594174492205e-02,9.957444998982254436e-01,-8.842645870161270835e-03,8.473120471603498016e-01,1.916772555290449306e-02,7.112778626421629134e-03,9.997909814943021223e-01,2.778952503242520522e-01,0.000000000000000000e+00,0.000000000000000000e+00,0.000000000000000000e+00,1.000000000000000056e-01
9.951893661149849857e-01,-9.525658127577203704e-02,-2.289780110199806165e-02,1.304124001014078083e+01,9.514530490607005231e-02,9.954458899964065965e-01,-5.903477245914271442e-03,9.479428941673828657e-01,2.335586705702426616e-02,3.696459510707509298e-03,9.997203807370840245e-01,3.170596540987767886e-01,0.000000000000000000e+00,0.000000000000000000e+00,0.000000000000000000e+00,1.000000000000000056e-01
9.952272402172971377e-01,-9.404783240479838713e-02,-2.603354661626633079e-02,1.394099120635631728e+01,9.406276509818140008e-02,9.955660548852074410e-01,-6.531327494467825808e-04,1.050559358099323104e+00,2.597954101878447233e-02,-1.798771876310958483e-03,9.996608564249128692e-01,3.480127524191446442e-01,0.000000000000000000e+00,0.000000000000000000e+00,0.000000000000000000e+00,1.000000000000000056e-01
9.931378099796596137e-01,-1.136969968728977765e-01,-2.739129954729823888e-02,1.483029898276196512e+01,1.136004575589142918e-01,9.935136285482649710e-01,-5.060230356966741519e-03,1.254266540857879253e+00,2.778896239896090983e-02,1.913841933004179884e-03,9.996119801092044899e-01,3.661994939574546026e-01,0.000000000000000000e+00,0.000000000000000000e+00,0.000000000000000000e+00,1.000000000000000056e-01
9.926327742728328074e-01,-1.184868837642567424e-01,-2.531864560467075864e-02,1.576717405978735975e+01,1.183761917978268380e-01,9.929516918626322131e-01,-5.832224496745035298e-03,1.388355735900801857e+00,2.583123409486110661e-02,2.792132334226289127e-03,9.996624186905120890e-01,4.026483109282096295e-01,0.000000000000000000e+00,0.000000000000000000e+00,0.000000000000000000e+00,1.000000000000000056e-01
9.922260535209144194e-01,-1.219053134096238222e-01,-2.503104625885476872e-02,1.667192447185840365e+01,1.217803754076430267e-01,9.925360348144056655e-01,-6.462179235402397415e-03,1.506740668684457995e+00,2.563198938602056706e-02,3.363652389638708412e-03,9.996657876324049896e-01,4.340895769698213114e-01,0.000000000000000000e+00,0.000000000000000000e+00,0.000000000000000000e+00,1.000000000000000056e-01
9.917021704204512789e-01,-1.259781667172942543e-01,-2.561848344293167837e-02,1.752263934942342161e+01,1.258311900293536401e-01,9.920249784807835258e-01,-7.276928335332552740e-03,1.647134731753504555e+00,2.633090957720293432e-02,3.992941365771988070e-03,9.996453069064480390e-01,4.760839067136511948e-01,0.000000000000000000e+00,0.000000000000000000e+00,0.000000000000000000e+00,1.000000000000000056e-01
9.915442171444924790e-01,-1.268625830118171316e-01,-2.731209400403710949e-02,1.841162312898016395e+01,1.266759455975820514e-01,9.919080291786640524e-01,-8.465604399984848899e-03,1.754625987233513040e+00,2.816505377722513734e-02,4.934235753226498024e-03,9.995911079352685080e-01,4.923609955993349385e-01,0.000000000000000000e+00,0.000000000000000000e+00,0.000000000000000000e+00,1.000000000000000056e-01
9.912241986367943403e-01,-1.294787917372705599e-01,-2.664264489688225948e-02,1.931860751344166260e+01,1.292517086411097971e-01,9.915605511814309381e-01,-1.008311232360551042e-02,1.871713006021403558e+00,2.772334485949533647e-02,6.551017557090281149e-03,9.995941678095007221e-01,5.360230339563825108e-01,0.000000000000000000e+00,0.000000000000000000e+00,0.000000000000000000e+00,1.000000000000000056e-01
9.893723628193685782e-01,-1.432140711522537635e-01,-2.514075403039512865e-02,2.022609681120299285e+01,1.429909092005370863e-01,9.896686228254862883e-01,-1.046980805503221722e-02,2.031444329358668810e+00,2.638043925379926144e-02,6.763639456879215993e-03,9.996290940174130668e-01,5.621572709782401978e-01,0.000000000000000000e+00,0.000000000000000000e+00,0.000000000000000000e+00,1.000000000000000056e-01
9.894112709611977419e-01,-1.431793492919586075e-01,-2.376995648457496876e-02,2.112913969824176164e+01,1.429564604875995515e-01,9.896696780335489940e-01,-1.083414905882159468e-02,2.163656295788678907e+00,2.507563159333494121e-02,7.321360345092636605e-03,9.996587469646291968e-01,5.904478842898505109e-01,0.000000000000000000e+00,0.000000000000000000e+00,0.000000000000000000e+00,1.000000000000000056e-01
9.893401501823715360e-01,-1.442201859362945982e-01,-2.016445401252113523e-02,2.206860374667504843e+01,1.440358796614303327e-01,9.895186579245238701e-01,-1.031944714639138408e-02,2.323450507203061122e+00,2.144137605846302419e-02,7.305038518023956873e-03,9.997434189855763931e-01,6.198340942877867965e-01,0.000000000000000000e+00,0.000000000000000000e+00,0.000000000000000000e+00,1.000000000000000056e-01
9.892198891919175008e-01,-1.451188792151301421e-01,-1.960922544301529902e-02,2.301837697992686671e+01,1.449452786948708105e-01,9.893890428926471747e-01,-1.000939498859624091e-02,2.474527708758887723e+00,2.085370497529767664e-02,7.059227954668904209e-03,9.997576157696860255e-01,6.541493209699016376e-01,0.000000000000000000e+00,0.000000000000000000e+00,0.000000000000000000e+00,1.000000000000000056e-01
9.894302073729904778e-01,-1.437243522501720494e-01,-1.926591051856684986e-02,2.394597817958922548e+01,1.435173323519117750e-01,9.895782144662368385e-01,-1.173596048073428239e-02,2.608085756904872099e+00,2.075186864915682869e-02,8.846921729218790165e-03,9.997455135800736858e-01,6.859735488514701052e-01,0.000000000000000000e+00,0.000000000000000000e+00,0.000000000000000000e+00,1.000000000000000056e-01
9.894248608482197893e-01,-1.433757590089539680e-01,-2.195077365578170306e-02,2.488510858534555226e+01,1.431250559641298603e-01,9.896243589993541923e-01,-1.260342931039333189e-02,2.755967157433425463e+00,2.353004655213622107e-02,9.328440583706593819e-03,9.996796072270007771e-01,7.174632923660384520e-01,0.000000000000000000e+00,0.000000000000000000e+00,0.000000000000000000e+00,1.000000000000000056e-01
9.898205338801825404e-01,-1.400555553472231374e-01,-2.529332175755573398e-02,2.582574438223958779e+01,1.397534715737942523e-01,9.900963459935320232e-01,-1.334888884247498360e-02,2.896845115206201360e+00,2.691241149029581503e-02,9.678174757514404827e-03,9.995909438571060068e-01,7.461870540175236100e-01,0.000000000000000000e+00,0.000000000000000000e+00,0.000000000000000000e+00,1.000000000000000056e-01
9.895708432957645018e-01,-1.405637323232229452e-01,-3.148623912560682969e-02,2.678033385501515795e+01,1.402311711509576231e-01,9.900393330300583106e-01,-1.254343218692846249e-02,3.039894675266788582e+00,3.293576682787861809e-02,7.997262579319083797e-03,9.994254744875662455e-01,7.918115132187856231e-01,0.000000000000000000e+00,0.000000000000000000e+00,0.000000000000000000e+00,1.000000000000000056e-01
9.893101105323328648e-01,-1.429474392592930132e-01,-2.883634525583967170e-02,2.772547458867553516e+01,1.425146889963480878e-01,9.896542679616177063e-01,-1.655274374926614042e-02,3.152448138487640161e+00,3.090418448652934233e-02,1.226619397227256096e-02,9.994470830747654855e-01,8.423560394165009457e-01,0.000000000000000000e+00,0.000000000000000000e+00,0.000000000000000000e+00,1.000000000000000056e-01
9.893276128295021010e-01,-1.437661289053998315e-01,-2.371022295624270609e-02,2.871392331005524312e+01,1.434291765080899783e-01,9.895414395043961031e-01,-1.535613329515846115e-02,3.295078365576612267e+00,2.566993999389084041e-02,1.179150894175365338e-02,9.996009276194107729e-01,8.968256268979866164e-01,0.000000000000000000e+00,0.000000000000000000e+00,0.000000000000000000e+00,1.000000000000000056e-01
9.895835084885268307e-01,-1.422006314274388283e-01,-2.243791766576267582e-02,2.964812273106207741e+01,1.417778659154066423e-01,9.897077396913888103e-01,-1.943262029257061124e-02,3.411959221199799774e+00,2.497031165225666038e-02,1.604900048600993445e-02,9.995593594776596147e-01,9.273030129342442196e-01,0.000000000000000000e+00,0.000000000000000000e+00,0.000000000000000000e+00,1.000000000000000056e-01
9.890990989519267140e-01,-1.452360450966340977e-01,-2.427887265041698758e-02,3.056624995315275939e+01,1.445727931210643857e-01,9.891215046281591761e-01,-2.715431036318970842e-02,3.534130780067989086e+00,2.795853969113213169e-02,2.334823947999050547e-02,9.993363696831635279e-01,9.715537781247637339e-01,0.000000000000000000e+00,0.000000000000000000e+00,0.000000000000000000e+00,1.000000000000000056e-01
9.888220076283846804e-01,-1.465835501568427124e-01,-2.728186308130762378e-02,3.151719905483787443e+01,1.458193072694291548e-01,9.889100225808401534e-01,-2.817262619327609227e-02,3.673597438805761062e+00,3.110895140043537510e-02,2.387949041706359174e-02,9.992307056331819481e-01,1.002691713212416902e+00,0.000000000000000000e+00,0.000000000000000000e+00,0.000000000000000000e+00,1.000000000000000056e-01
9.886077299050861633e-01,-1.473252059246522860e-01,-3.082272004822014799e-02,3.248189244399632258e+01,1.464782411747863333e-01,9.888133294070141632e-01,-2.814825837164469657e-02,3.816921292429984014e+00,3.462486439328375798e-02,2.331272798868738727e-02,9.991284379295147788e-01,1.033057753664868184e+00,0.000000000000000000e+00,0.000000000000000000e+00,0.000000000000000000e+00,1.000000000000000056e-01
9.886894527181411263e-01,-1.463388603047706960e-01,-3.283449479744279115e-02,3.343296822656462552e+01,1.454031020834584409e-01,9.889388842758460862e-01,-2.928858261766807691e-02,3.964209035435459771e+00,3.675736645095580707e-02,2.418307532026095497e-02,9.990315685100470411e-01,1.071666033305088916e+00,0.000000000000000000e+00,0.000000000000000000e+00,0.000000000000000000e+00,1.000000000000000056e-01
9.881266444373774105e-01,-1.504143494664983427e-01,-3.132503834792262076e-02,3.437823061487657839e+01,1.494823368265816299e-01,9.883018355354943330e-01,-3.024091357808338446e-02,4.101392989575195713e+00,3.550726024059168429e-02,2.519931252520250450e-02,9.990516648894911533e-01,1.125295233951613127e+00,0.000000000000000000e+00,0.000000000000000000e+00,0.000000000000000000e+00,1.000000000000000056e-01
9.877246559348935584e-01,-1.527349761870222256e-01,-3.274188613146568338e-02,3.535211049431911334e+01,1.517377616013307617e-01,9.879328387019272739e-01,-3.105411274806316874e-02,4.275608763863890438e+00,3.708983368139869008e-02,2.570473231724983154e-02,9.989812865984951662e-01,1.165266215054614252e+00,0.000000000000000000e+00,0.000000000000000000e+00,0.000000000000000000e+00,1.000000000000000056e-01
9.874462736995609502e-01,-1.546419358399816479e-01,-3.218273196163917022e-02,3.631877543560489841e+01,1.536097950778319565e-01,9.876000159572868586e-01,-3.240739633653343804e-02,4.419664617477074842e+00,3.679520910387899107e-02,2.705697989114256435e-02,9.989564717374687097e-01,1.222793225191238786e+00,0.000000000000000000e+00,0.000000000000000000e+00,0.000000000000000000e+00,1.000000000000000056e-01
9.872951818841719795e-01,-1.556687125243813308e-01,-3.186653055011361840e-02,3.730847705061398756e+01,1.546425256811852778e-01,9.874363456153328888e-01,-3.248311267075379427e-02,4.578335850091100667e+00,3.652277480208421939e-02,2.714249986346969901e-02,9.989641493176407705e-01,1.269205955967496635e+00,0.000000000000000000e+00,0.000000000000000000e+00,0.000000000000000000e+00,1.000000000000000056e-01
9.874291290346320915e-01,-1.553912337638929664e-01,-2.893578413043224051e-02,3.827406771070134539e+01,1.544823082906802703e-01,9.874970422975825057e-01,-3.138164875703414181e-02,4.730875832289228811e+00,3.345043436326383679e-02,2.651708737515896114e-02,9.990885408801599699e-01,1.326393312121416868e+00,0.000000000000000000e+00,0.000000000000000000e+00,0.000000000000000000e+00,1.000000000000000056e-01
9.872557454187947945e-01,-1.564919481995651618e-01,-2.891994616669347692e-02,3.926267897629740844e+01,1.557067854629191339e-01,9.874157241380702166e-01,-2.766920103101636053e-02,4.906085923219142941e+00,3.288601676068881458e-02,2.281354583564203231e-02,9.991987049771535734e-01,1.363917037501863216e+00,0.000000000000000000e+00,0.000000000000000000e+00,0.000000000000000000e+00,1.000000000000000056e-01
9.865149008809674935e-01,-1.601325337483595068e-01,-3.385146932033356731e-02,4.025178768694679121e+01,1.590632804390383348e-01,9.867420028612864380e-01,-3.223495936508592730e-02,5.084136728536496896e+00,3.856453235534994944e-02,2.641574198517604097e-02,9.989068952708184401e-01,1.427570398506764704e+00,0.000000000000000000e+00,0.000000000000000000e+00,0.000000000000000000e+00,1.000000000000000056e-01
9.864596967124779070e-01,-1.603160031850333345e-01,-3.458389632043479961e-02,4.126067658056526710e+01,1.593580974858702926e-01,9.867980007303382983e-01,-2.889121874015058988e-02,5.245044374631445017e+00,3.875904446203583958e-02,2.298879895478972424e-02,9.989841097810345794e-01,1.496495308209706998e+00,0.000000000000000000e+00,0.000000000000000000e+00,0.000000000000000000e+00,1.000000000000000056e-01
9.859141113695198966e-01,-1.628832096868602641e-01,-3.797927072175377727e-02,4.226802805370437000e+01,1.617869374266764360e-01,9.863584579129974772e-01,-3.036411338389831405e-02,5.410777379782169660e+00,4.240697914903442112e-02,2.379185796863826641e-02,9.988170981785672309e-01,1.553921830965210527e+00,0.000000000000000000e+00,0.000000000000000000e+00,0.000000000000000000e+00,1.000000000000000056e-01
9.867175328069996976e-01,-1.574055286630982875e-01,-4.014984430303582957e-02,4.326450277524451593e+01,1.562316608324543499e-01,9.872373914131796768e-01,-3.088690902685663903e-02,5.520231821640768644e+00,4.449919779951579807e-02,2.420397781338648469e-02,9.987161703172772187e-01,1.615300196990102854e+00,0.000000000000000000e+00,0.000000000000000000e+00,0.000000000000000000e+00,1.000000000000000056e-01
9.864907058236163095e-01,-1.594840452329457370e-01,-3.742895456406700183e-02,4.424848002160064908e+01,1.582748344355505710e-01,9.868325090968262936e-01,-3.332680263783788233e-02,5.689588122402666315e+00,4.225120244469174335e-02,2.695251947032160228e-02,9.987434092829747811e-01,1.687882792961120204e+00,0.000000000000000000e+00,0.000000000000000000e+00,0.000000000000000000e+00,1.000000000000000056e-01
9.865829217486794533e-01,-1.591220845731346756e-01,-3.652808118337542986e-02,4.521890654724442982e+01,1.579595697051498771e-01,9.869011817692938671e-01,-3.278462689943387881e-02,5.834388693945570914e+00,4.126636466182830032e-02,2.657479300900306499e-02,9.987947073969333234e-01,1.741021949301709837e+00,0.000000000000000000e+00,0.000000000000000000e+00,0.000000000000000000e+00,1.000000000000000056e-01
9.858421734569104977e-01,-1.627526181085643953e-01,-4.033353855741571986e-02,4.612743184849114186e+01,1.615594841148131344e-01,9.863670882034950571e-01,-3.128099105709393479e-02,5.995712684352327848e+00,4.487473817539416182e-02,2.432185452975065693e-02,9.986965030808526711e-01,1.806169346906606243e+00,0.000000000000000000e+00,0.000000000000000000e+00,0.000000000000000000e+00,1.000000000000000056e-01
9.858831341625174938e-01,-1.610248103475268311e-01,-4.588525064151414978e-02,4.707949044954172990e+01,1.596613921692541516e-01,9.866531646056392324e-01,-3.199644705671167433e-02,6.140574098730936292e+00,5.042504957327455239e-02,2.421865450887665527e-02,9.984341596466501656e-01,1.845614904108989984e+00,0.000000000000000000e+00,0.000000000000000000e+00,0.000000000000000000e+00,1.000000000000000056e-01
9.859321473528747104e-01,-1.607741199939294874e-01,-4.571086475146800276e-02,4.802238766109197599e+01,1.592447248874102050e-01,9.866058072806983548e-01,-3.535673394891643284e-02,6.298953281251248093e+00,5.078305240611744042e-02,2.758012654392632060e-02,9.983288126705242016e-01,1.910818338506182990e+00,0.000000000000000000e+00,0.000000000000000000e+00,0.000000000000000000e+00,1.000000000000000056e-01
9.864950941737254952e-01,-1.578446218717658722e-01,-4.373219085904363201e-02,4.898476490668118544e+01,1.563620329711809254e-01,9.870619964214034647e-01,-3.548985581419829977e-02,6.482786575995406864e+00,4.876826648848507639e-02,2.817251438463572871e-02,9.984127230844744849e-01,1.977451639654329796e+00,0.000000000000000000e+00,0.000000000000000000e+00,0.000000000000000000e+00,1.000000000000000056e-01
9.873876892287130058e-01,-1.524780617549195139e-01,-4.261445579900536434e-02,4.997428832221711303e+01,1.510209595254218273e-01,9.878907147124780241e-01,-3.556129312736466125e-02,6.648848821757789018e+00,4.752074224592182233e-02,2.867710704259403970e-02,9.984585132032598453e-01,2.055090861959510296e+00,0.000000000000000000e+00,0.000000000000000000e+00,0.000000000000000000e+00,1.000000000000000056e-01
9.874272133675283669e-01,-1.523719784554612156e-01,-4.207467745338250992e-02,5.089964356904339837e+01,1.506766421762537334e-01,9.877364011500674446e-01,-4.090661738157014282e-02,6.808986453464160427e+00,4.779171270970433011e-02,3.405263609005089454e-02,9.982767002047036042e-01,2.114233755521552016e+00,0.000000000000000000e+00,0.000000000000000000e+00,0.000000000000000000e+00,1.000000000000000056e-01
9.879820066164366477e-01,-1.486173934038810540e-01,-4.247852375019001148e-02,5.182834908990326284e+01,1.469063036936387456e-01,9.883035535894120205e-01,-4.092216877943419262e-02,6.955657797842078160e+00,4.806342202997822277e-02,3.419000351529903614e-02,9.982589599509698042e-01,2.171230374271837071e+00,0.000000000000000000e+00,0.000000000000000000e+00,0.000000000000000000e+00,1.000000000000000056e-01
9.882809443448860032e-01,-1.470890376870747918e-01,-4.081164095047704748e-02,5.280224950879128443e+01,1.453569039402048124e-01,9.884618749133183835e-01,-4.259685809734430062e-02,7.104133578140104710e+00,4.660628199822896417e-02,3.616540937328791006e-02,9.982584423099881699e-01,2.245289048103657592e+00,0.000000000000000000e+00,0.000000000000000000e+00,0.000000000000000000e+00,1.000000000000000056e-01
9.872028081107343533e-01,-1.543666756131255036e-01,-4.001930931978547185e-02,5.376035289716634225e+01,1.525602190360649257e-01,9.872762022449235175e-01,-4.484506715915069497e-02,7.257753697554568006e+00,4.643269565670812143e-02,3.816582163392953642e-02,9.981920530804974101e-01,2.300316919338976085e+00,0.000000000000000000e+00,0.000000000000000000e+00,0.000000000000000000e+00,1.000000000000000056e-01
9.874869646216456465e-01,-1.536496844288197383e-01,-3.551435170818918047e-02,5.467093581599111474e+01,1.519847761805774577e-01,9.873297664034980103e-01,-4.561315800242034951e-02,7.397466360261710783e+00,4.207282390889188067e-02,3.964475814705015894e-02,9.983276870045192375e-01,2.359342663172320886e+00,0.000000000000000000e+00,0.000000000000000000e+00,0.000000000000000000e+00,1.000000000000000056e-01
9.875816031268989104e-01,-1.540532588246462109e-01,-3.082483756341631090e-02,5.558163002176471679e+01,1.525794312571915334e-01,9.872422053076808091e-01,-4.552301853413180666e-02,7.561542858271366185e+00,3.744454997107593552e-02,4.025445943909204682e-02,9.984875984070759047e-01,2.424901973180295656e+00,0.000000000000000000e+00,0.000000000000000000e+00,0.000000000000000000e+00,1.000000000000000056e-01
9.877225729192592452e-01,-1.537966809911504029e-01,-2.739890256680027961e-02,5.648452481413675486e+01,1.527178972902158427e-01,9.875434299113715619e-01,-3.788426963977423179e-02,7.715879755311330079e+00,3.288408114899651208e-02,3.323484549370354924e-02,9.989064431927525689e-01,2.488892890200230301e+00,0.000000000000000000e+00,0.000000000000000000e+00,0.000000000000000000e+00,1.000000000000000056e-01
9.872531463925587891e-01,-1.563592101796490441e-01,-2.971569164581507397e-02,5.733572033867809381e+01,1.552427836762006463e-01,9.871918424968285644e-01,-3.676879416273109297e-02,7.864481442348994378e+00,3.508422800144252174e-02,3.168696103625667088e-02,9.988818916397621539e-01,2.554425208939655967e+00,0.000000000000000000e+00,0.000000000000000000e+00,0.000000000000000000e+00,1.000000000000000056e-01
9.870603006373539490e-01,-1.564464081086412717e-01,-3.516367864147317002e-02,5.823622266753493903e+01,1.551870807992675461e-01,9.872257893089921854e-01,-3.608615906741684254e-02,8.036106508358743739e+00,4.036004037037053960e-02,3.016226637939807553e-02,9.987298457681939023e-01,2.600487222630954331e+00,0.000000000000000000e+00,0.000000000000000000e+00,0.000000000000000000e+00,1.000000000000000056e-01
9.867679855328944649e-01,-1.567562743213395948e-01,-4.142961728336683191e-02,5.919987961517798425e+01,1.553441678994935127e-01,9.872269943300200357e-01,-3.537020166366727780e-02,8.188069054055727491e+00,4.644493758169221387e-02,2.846633322027010068e-02,9.985151654562014478e-01,2.654069037611847204e+00,0.000000000000000000e+00,0.000000000000000000e+00,0.000000000000000000e+00,1.000000000000000056e-01
9.873989029606990986e-01,-1.528778715023946799e-01,-4.088719649114271742e-02,6.010312938088284085e+01,1.516192269020523176e-01,9.879107828572883943e-01,-3.230936625691764597e-02,8.367467339551495797e+00,4.533228943735343602e-02,2.570294767525654889e-02,9.986412479039562529e-01,2.710014003981637831e+00,0.000000000000000000e+00,0.000000000000000000e+00,0.000000000000000000e+00,1.000000000000000056e-01
9.872404533544324456e-01,-1.547171123298344275e-01,-3.766832107822366132e-02,6.103342106057053940e+01,1.535991480323971037e-01,9.876476931236558565e-01,-3.097314952087703091e-02,8.537554533978568116e+00,4.199510667037906902e-02,2.479212414937932360e-02,9.988101729537526285e-01,2.768490792040348758e+00,0.000000000000000000e+00,0.000000000000000000e+00,0.000000000000000000e+00,1.000000000000000056e-01
9.868742509363734872e-01,-1.572179905583407922e-01,-3.690144012866063833e-02,6.191532897788494694e+01,1.560532045166210802e-01,9.872110196986995101e-01,-3.258527191151810304e-02,8.699964993018163284e+00,4.155249930949159870e-02,2.639897782588175590e-02,9.987875068155804836e-01,2.829418687861642301e+00,0.000000000000000000e+00,0.000000000000000000e+00,0.000000000000000000e+00,1.000000000000000056e-01
9.865355147529685231e-01,-1.595940575409913464e-01,-3.574094191117870023e-02,6.273580630102712519e+01,1.585086865759142427e-01,9.868581764036724602e-01,-3.139961695939472858e-02,8.839622073662948054e+00,4.028243303319813118e-02,2.531158752075553242e-02,9.988676834927161519e-01,2.878448753358823442e+00,0.000000000000000000e+00,0.000000000000000000e+00,0.000000000000000000e+00,1.000000000000000056e-01
9.860632875495630723e-01,-1.625116730828581324e-01,-3.562511836833448520e-02,6.355599694092963148e+01,1.614256173820772799e-01,9.863816218049723528e-01,-3.151295318131348139e-02,8.965215471305613804e+00,4.026118477842891008e-02,2.532295948744346312e-02,9.988682519346755440e-01,2.921670873850779504e+00,0.000000000000000000e+00,0.000000000000000000e+00,0.000000000000000000e+00,1.000000000000000056e-01
9.857847061592873716e-01,-1.642305278203291530e-01,-3.545203568631166008e-02,6.435691467479955463e+01,1.632141561111111194e-01,9.861375968441825624e-01,-2.989614248223662965e-02,9.095885601533328924e+00,3.987044453458307020e-02,2.368488594518547083e-02,9.989241081435457081e-01,2.967633730568214112e+00,0.000000000000000000e+00,0.000000000000000000e+00,0.000000000000000000e+00,1.000000000000000056e-01
9.854664730393788430e-01,-1.656953373108921435e-01,-3.742840777747487302e-02,6.514875814219735162e+01,1.645485174641344583e-01,9.858528413007973112e-01,-3.190549638385821452e-02,9.231189083316417410e+00,4.218549413818330207e-02,2.528300798114483869e-02,9.987898445577741979e-01,3.022244168001543052e+00,0.000000000000000000e+00,0.000000000000000000e+00,0.000000000000000000e+00,1.000000000000000056e-01
9.849795039769327909e-01,-1.687726329455470631e-01,-3.648527256281824949e-02,6.589953100741847436e+01,1.676801913984590220e-01,9.853477479608304668e-01,-3.119565676654040276e-02,9.355599159635433537e+00,4.121565428246463936e-02,2.460922504158329777e-02,9.988471634263778043e-01,3.072662424329620112e+00,0.000000000000000000e+00,0.000000000000000000e+00,0.000000000000000000e+00,1.000000000000000056e-01
9.845404898983340924e-01,-1.719244682862393347e-01,-3.349628270781905559e-02,6.668284624819320072e+01,1.709011658889030005e-01,9.847891784380548019e-01,-3.135387582284929892e-02,9.493661579418036567e+00,3.837727515811809043e-02,2.514460649512900367e-02,9.989469122609284657e-01,3.126444180309730481e+00,0.000000000000000000e+00,0.000000000000000000e+00,0.000000000000000000e+00,1.000000000000000056e-01
9.814964147971799724e-01,-1.886965688627295634e-01,-3.253294698786497047e-02,6.748616548799749637e+01,1.878511061581963903e-01,9.818163058988500502e-01,-2.736244481543410531e-02,9.667986082205267451e+00,3.710457728399690208e-02,2.074479140817786157e-02,9.990960434182527550e-01,3.174693721558997428e+00,0.000000000000000000e+00,0.000000000000000000e+00,0.000000000000000000e+00,1.000000000000000056e-01
9.810052652701251041e-01,-1.915643951279983326e-01,-3.052461353622072660e-02,6.821787091952865012e+01,1.907936711669305785e-01,9.812736440335615429e-01,-2.645393293520497194e-02,9.798212897000393440e+00,3.502063041889266759e-02,2.012754441901152061e-02,9.991838856790695722e-01,3.227205427952855477e+00,0.000000000000000000e+00,0.000000000000000000e+00,0.000000000000000000e+00,1.000000000000000056e-01
9.811223691243013967e-01,-1.903719025394272624e-01,-3.402110414782025943e-02,6.888808435525830021e+01,1.896495124326162962e-01,9.815739362583560945e-01,-2.335958245233842392e-02,9.940295401747588855e+00,3.784123726820969730e-02,1.646652306333936180e-02,9.991480843099362907e-01,3.268155378343761353e+00,0.000000000000000000e+00,0.000000000000000000e+00,0.000000000000000000e+00,1.000000000000000056e-01
9.806390331984424780e-01,-1.921207554677294704e-01,-3.790385054493621703e-02,6.954872312381264976e+01,1.912639904149006920e-01,9.812176766259800287e-01,-2.509894514282402095e-02,1.009151022046535040e+01,4.201395646916315091e-02,1.736336359184518369e-02,9.989661360960063741e-01,3.306396306090872539e+00,0.000000000000000000e+00,0.000000000000000000e+00,0.000000000000000000e+00,1.000000000000000056e-01
9.799961837865504011e-01,-1.941821756863022219e-01,-4.359773399537837657e-02,7.026550235000635780e+01,1.930841467296630920e-01,9.807779213293489340e-01,-2.816347483105277952e-02,1.024276501092380443e+01,4.822853974023733059e-02,1.918206658875582990e-02,9.986521197473666733e-01,3.351160815192240516e+00,0.000000000000000000e+00,0.000000000000000000e+00,0.000000000000000000e+00,1.000000000000000056e-01
9.790382251371617661e-01,-1.984379358069643939e-01,-4.589705168033318683e-02,7.097792623487077890e+01,1.973011131532689810e-01,9.799388751751605398e-01,-2.814376785226289229e-02,1.039333976096992451e+01,5.056109639591536975e-02,1.849828513976892186e-02,9.985496427209469283e-01,3.394266115754729807e+00,0.000000000000000000e+00,0.000000000000000000e+00,0.000000000000000000e+00,1.000000000000000056e-01
9.790847268868154707e-01,-1.988339222187636146e-01,-4.310648387508177887e-02,7.164339983630610220e+01,1.977967146226877193e-01,9.798665918790190332e-01,-2.716471615656784050e-02,1.052438809943306808e+01,4.763987050193407152e-02,1.807023780968404492e-02,9.987011110657985080e-01,3.452351953359751757e+00,0.000000000000000000e+00,0.000000000000000000e+00,0.000000000000000000e+00,1.000000000000000056e-01
9.780762527808315454e-01,-2.043242814470254409e-01,-4.022973722712744338e-02,7.220639415220664148e+01,2.032717225230189217e-01,9.786999512094929354e-01,-2.875782198047957192e-02,1.065479728265883530e+01,4.524876317350330635e-02,1.994977477799907487e-02,9.987765295187784886e-01,3.488147642867470477e+00,0.000000000000000000e+00,0.000000000000000000e+00,0.000000000000000000e+00,1.000000000000000056e-01
9.786655538637001328e-01,-2.007421439660803664e-01,-4.377585312199500783e-02,7.273239584911155475e+01,1.994769483268706844e-01,9.793922958099458009e-01,-3.161768483495477206e-02,1.074870707492033972e+01,4.922073513120232141e-02,2.221086544970805182e-02,9.985409339076285473e-01,3.527192201687877393e+00,0.000000000000000000e+00,0.000000000000000000e+00,0.000000000000000000e+00,1.000000000000000056e-01
9.782494545880802139e-01,-2.026048627877402863e-01,-4.448903429930288478e-02,7.335022182459292139e+01,2.009133473287319227e-01,9.788035368774961054e-01,-3.971728919838939109e-02,1.086733564599641610e+01,5.159294005276257589e-02,2.991497569554577018e-02,9.982200472670577085e-01,3.578482643886521597e+00,0.000000000000000000e+00,0.000000000000000000e+00,0.000000000000000000e+00,1.000000000000000056e-01
9.783031605287714205e-01,-2.008841169252088554e-01,-5.068034793286210760e-02,7.393133409231980124e+01,1.987182792969367506e-01,9.790361380816148262e-01,-4.471337387741802089e-02,1.097928315418610623e+01,5.860009874293369003e-02,3.367212344679423180e-02,9.977134942105886362e-01,3.622724732673809012e+00,0.000000000000000000e+00,0.000000000000000000e+00,0.000000000000000000e+00,1.000000000000000056e-01
9.793042103457997305e-01,-1.959442847353474459e-01,-5.068629872601368436e-02,7.450233119385602265e+01,1.939698671309514622e-01,9.801352150460860280e-01,-4.136001537431706343e-02,1.107659045628200190e+01,5.778368493087510105e-02,3.067242256679112225e-02,9.978578296780025170e-01,3.673960136983353664e+00,0.000000000000000000e+00,0.000000000000000000e+00,0.000000000000000000e+00,1.000000000000000056e-01
9.797320051871056812e-01,-1.944882561719500358e-01,-4.795327124656861145e-02,7.506844326282309510e+01,1.925732313666949636e-01,9.803918338742851901e-01,-4.180194533278667329e-02,1.120840986120645866e+01,5.514298299006329535e-02,3.172018732305752903e-02,9.979744892246232846e-01,3.703008124415487767e+00,0.000000000000000000e+00,0.000000000000000000e+00,0.000000000000000000e+00,1.000000000000000056e-01
9.805224765514333196e-01,-1.908288626830782486e-01,-4.647599535810608556e-02,7.564670276429677642e+01,1.888097280678273648e-01,9.810018755901815934e-01,-4.456687868247988932e-02,1.129775065200387019e+01,5.409768538853500924e-02,3.492370621266684821e-02,9.979247342259708331e-01,3.744236467238312827e+00,0.000000000000000000e+00,0.000000000000000000e+00,0.000000000000000000e+00,1.000000000000000056e-01
9.813253380362220168e-01,-1.877007411402636938e-01,-4.205963270750581046e-02,7.623471864455846969e+01,1.856080959718642842e-01,9.813946435406850632e-01,-4.913439059712532142e-02,1.139348440174966903e+01,5.049965977899042308e-02,4.041021411781167694e-02,9.979062074950525441e-01,3.793101521879516547e+00,0.000000000000000000e+00,0.000000000000000000e+00,0.000000000000000000e+00,1.000000000000000056e-01
9.829185038317945766e-01,-1.798954066420785369e-01,-3.884401490767500770e-02,7.680221114182012343e+01,1.778844596571640957e-01,9.827701780685601518e-01,-5.019856682784187146e-02,1.147022728416037118e+01,4.720523104005774212e-02,4.243135359815609214e-02,9.979835902429874395e-01,3.852214408102722754e+00,0.000000000000000000e+00,0.000000000000000000e+00,0.000000000000000000e+00,1.000000000000000056e-01
9.847931517177793692e-01,-1.697097178544390017e-01,-3.716261556362004947e-02,7.729774153692886784e+01,1.679048628473415739e-01,9.846695513048556725e-01,-4.726342947046417026e-02,1.158233456886955537e+01,4.461395927261024852e-02,4.030491779995128837e-02,9.981909177302511482e-01,3.895935409966517327e+00,0.000000000000000000e+00,0.000000000000000000e+00,0.000000000000000000e+00,1.000000000000000056e-01
9.872333692320566234e-01,-1.546194118246709270e-01,-3.825064916723094899e-02,7.779583834850038215e+01,1.528452252049194438e-01,9.871957390346125516e-01,-4.563890844403185876e-02,1.165778171972468336e+01,4.481753905313445863e-02,3.920982426507514662e-02,9.982254143600646223e-01,3.928938516288609684e+00,0.000000000000000000e+00,0.000000000000000000e+00,0.000000000000000000e+00,1.000000000000000056e-01
9.901801597187808168e-01,-1.346714350624625411e-01,-3.750807749680858116e-02,7.825879617408688205e+01,1.333284039821364675e-01,9.904079142449879747e-01,-3.627258044954657923e-02,1.173622184321415496e+01,4.203317726351261940e-02,3.091549739385658635e-02,9.986377942127088181e-01,3.960882606209952694e+00,0.000000000000000000e+00,0.000000000000000000e+00,0.000000000000000000e+00,1.000000000000000056e-01
9.932177549576842734e-01,-1.107157453195108526e-01,-3.550373184839433066e-02,7.873436095987345595e+01,1.093260881714244320e-01,9.932424181435257626e-01,-3.895260255150414380e-02,1.177692554648103140e+01,3.957647889784295797e-02,3.480693233749173471e-02,9.986101240120199840e-01,4.000089780726900024e+00,0.000000000000000000e+00,0.000000000000000000e+00,0.000000000000000000e+00,1.000000000000000056e-01
9.955166375249885347e-01,-8.775773924425371575e-02,-3.528744271944592864e-02,7.928585023147896038e+01,8.636262465175308101e-02,9.954887550424595943e-01,-3.928912886886559708e-02,1.188139607136861819e+01,3.857617754782111802e-02,3.606546529231928477e-02,9.986046068084442062e-01,4.043961660291177651e+00,0.000000000000000000e+00,0.000000000000000000e+00,0.000000000000000000e+00,1.000000000000000056e-01
9.977203301435636495e-01,-5.836201848885572141e-02,-3.388240865294150223e-02,7.977608214369642781e+01,5.706312698262970551e-02,9.976427718920749532e-01,-3.811429168253742394e-02,1.195431332619039999e+01,3.602696708276647425e-02,3.609396749324916831e-02,9.986987950094931010e-01,4.073407465587839837e+00,0.000000000000000000e+00,0.000000000000000000e+00,0.000000000000000000e+00,1.000000000000000056e-01
9.990402728837691759e-01,-2.624374807718153624e-02,-3.506848789419665657e-02,8.024479012231445552e+01,2.482124427633774361e-02,9.988751949208911629e-01,-4.040112380028731270e-02,1.195275574654318085e+01,3.608931959594635641e-02,3.949190624182633697e-02,9.985679497923456438e-01,4.091325443216837776e+00,0.000000000000000000e+00,0.000000000000000000e+00,0.000000000000000000e+00,1.000000000000000056e-01
