1.000000000000000000e+00,-2.186605177003693115e-09,-1.909825183771057109e-09,5.715400576372082297e-14,2.186605176311768113e-09,1.000000000000000000e+00,-3.622977755144902565e-10,9.929260665949878287e-15,1.909825184563259562e-09,3.622977713384566297e-10,1.000000000000000000e+00,6.585317192948279280e-15,0.000000000000000000e+00,0.000000000000000000e+00,0.000000000000000000e+00,1.000000000000000056e-01
9.999476634453601243e-01,-1.008523855285947159e-02,-1.719980667532279529e-03,6.678240554975856114e-01,1.007915943462375959e-02,9.999430534437018236e-01,-3.507194716211573925e-03,1.864148483793333019e-02,1.755253615920686220e-03,3.489675202351147799e-03,9.999923705967590504e-01,1.150225506320691309e-02,0.000000000000000000e+00,0.000000000000000000e+00,0.000000000000000000e+00,1.000000000000000056e-01
9.998005395556071040e-01,-1.916940381572079799e-02,-5.604914064164298777e-03,1.362602950644102195e+00,1.914714846470137732e-02,9.998086840551448917e-01,-3.997748565137674258e-03,1.792354248294405691e-02,5.680476211333124019e-03,3.889633050713854102e-03,9.999763011915548949e-01,1.990158410093317842e-02,0.000000000000000000e+00,0.000000000000000000e+00,0.000000000000000000e+00,1.000000000000000056e-01
9.996378569363286726e-01,-2.525251681386856198e-02,-9.298675943888367809e-03,2.115706923211155388e+00,2.522074078914138609e-02,9.996757134427078917e-01,-3.518833167381636186e-03,3.124696451892357632e-02,9.384519902003651479e-03,3.283039350694819287e-03,9.999505749979998859e-01,2.257365851718510369e-02,0.000000000000000000e+00,0.000000000000000000e+00,0.000000000000000000e+00,1.000000000000000056e-01
9.993371706894653705e-01,-3.458349422157042802e-02,-1.136667083191101463e-02,2.868354874145445876e+00,3.455769476395244982e-02,9.993996807338910715e-01,-2.458430718606492184e-03,6.770510451662760387e-02,1.144486832497015882e-02,2.063995257576778375e-03,9.999323751697415386e-01,4.177932299512927827e-02,0.000000000000000000e+00,0.000000000000000000e+00,0.000000000000000000e+00,1.000000000000000056e-01
9.991080733340212960e-01,-4.026044982462858440e-02,-1.273396947924758035e-02,3.584287854884364855e+00,4.020250108684571971e-02,9.991801453104691699e-01,-4.774528637672958813e-03,1.004142824177836485e-01,1.291575414530695895e-02,4.258332686434228125e-03,9.999075206725818177e-01,5.597770661325578156e-02,0.000000000000000000e+00,0.000000000000000000e+00,0.000000000000000000e+00,1.000000000000000056e-01
9.988289900229214702e-01,-4.531060381826402389e-02,-1.695871078281073474e-02,4.320915577321819079e+00,4.523550561841766654e-02,9.989648849406689290e-01,-4.786197543171261289e-03,1.451416232285648589e-01,1.715802206656719120e-02,4.013457001198984277e-03,9.998447351672472561e-01,8.217055751501338434e-02,0.000000000000000000e+00,0.000000000000000000e+00,0.000000000000000000e+00,1.000000000000000056e-01
9.982501628777411540e-01,-5.557352819832846180e-02,-2.020384315304392733e-02,5.110084695323526383e+00,5.549940587185987761e-02,9.984498379425824632e-01,-4.211538946924499663e-03,1.794262904941149317e-01,2.040657400039932665e-02,3.082868148411150883e-03,9.997870111486474309e-01,1.035973758977246501e-01,0.000000000000000000e+00,0.000000000000000000e+00,0.000000000000000000e+00,1.000000000000000056e-01
9.977581729664798393e-01,-6.326141043525009000e-02,-2.183167946665659151e-02,5.893876176779495601e+00,6.317165709001275331e-02,9.979912420337776480e-01,-4.777296764869277609e-03,2.552315135005242541e-01,2.209004343802531758e-02,3.387443522867943351e-03,9.997502464152162593e-01,1.203552211522468801e-01,0.000000000000000000e+00,0.000000000000000000e+00,0.000000000000000000e+00,1.000000000000000056e-01
9.974598185183495280e-01,-6.826291801814360349e-02,-2.034906545739906952e-02,6.698669190302256382e+00,6.818421426534437835e-02,9.976624297184440993e-01,-4.537538243157090631e-03,3.244326340885066995e-01,2.061124368782524252e-02,3.138527033292725678e-03,9.997826395180616776e-01,1.552731895664531125e-01,0.000000000000000000e+00,0.000000000000000000e+00,0.000000000000000000e+00,1.000000000000000056e-01
9.970775535241087617e-01,-7.319817390301863735e-02,-2.187189053651983697e-02,7.506759820750019685e+00,7.307748728321880605e-02,9.973065679796220273e-01,-6.268198870379896627e-03,3.854090080546060948e-01,2.227180079717534442e-02,4.651537592138487408e-03,9.997411315371994567e-01,1.805046367343921820e-01,0.000000000000000000e+00,0.000000000000000000e+00,0.000000000000000000e+00,1.000000000000000056e-01
9.967638174175984522e-01,-7.703443602982636140e-02,-2.296928280689300439e-02,8.332500822154742082e+00,7.692113735812126929e-02,9.970204417099313154e-01,-5.777321184303022689e-03,4.620325760869889997e-01,2.334589716908474361e-02,3.991801360306891644e-03,9.997194779573269630e-01,2.115952060807121948e-01,0.000000000000000000e+00,0.000000000000000000e+00,0.000000000000000000e+00,1.000000000000000056e-01
9.960747121976940566e-01,-8.478201301589122219e-02,-2.543969318317633108e-02,9.187305900379042711e+00,8.464855100707593949e-02,9.963910802578159753e-01,-6.279967759860448015e-03,5.294455113843449245e-01,2.588031168056833045e-02,4.101883912993329120e-03,9.996566330574118142e-01,2.446395084456148561e-01,0.000000000000000000e+00,0.000000000000000000e+00,0.000000000000000000e+00,1.000000000000000056e-01
9.959631725128186286e-01,-8.522830373979417562e-02,-2.816904754937172087e-02,9.948963722659357245e+00,8.501437123557123443e-02,9.963416624448564463e-01,-8.709096396307625110e-03,6.103872384050207378e-01,2.880825717779288489e-02,6.279165410871753901e-03,9.995652336891880374e-01,2.851586386657785077e-01,0.000000000000000000e+00,0.000000000000000000e+00,0.000000000000000000e+00,1.000000000000000056e-01
9.958557961670597702e-01,-8.674444921694475508e-02,-2.732460009808631088e-02,1.071853215115292812e+01,8.662145336043540478e-02,9.962252452813503689e-01,-5.655482458570428028e-03,6.911451845496462409e-01,2.771203814585563099e-02,3.265148413499562117e-03,9.996106150635059029e-01,3.130240813187166737e-01,0.000000000000000000e+00,0.000000000000000000e+00,0.000000000000000000e+00,1.000000000000000056e-01
9.953283795797599476e-01,-9.214883075764063181e-02,-2.880989054351044271e-02,1.151938094657407952e+01,9.186485074075054214e-02,9.957103631709414149e-01,-1.103276358721949277e-02,8.059145677317514078e-01,2.970296284058160374e-02,8.334606408916811482e-03,9.995240208891927880e-01,3.375823892550761096e-01,0.000000000000000000e+00,0.000000000000000000e+00,0.000000000000000000e+00,1.000000000000000056e-01
9.948847835503676906e-01,-9.625345679570800062e-02,-3.065190882824019025e-02,1.236819458421109630e+01,9.597136585948086440e-02,9.953282012876769613e-01,-1.054839592086070921e-02,9.047026877766891628e-01,3.152402885107876557e-02,7.552733036082597690e-03,9.994744578170480231e-01,3.776348685195947685e-01,0.000000000000000000e+00,0.000000000000000000e+00,0.000000000000000000e+00,1.000000000000000056e-01
9.943738714462498907e-01,-9.973475649366410345e-02,-3.568728249876036707e-02,1.325465006524108347e+01,9.952083231082782533e-02,9.950054850308076571e-01,-7.725845893321012063e-03,1.010687869310504361e+00,3.627957719098845457e-02,4.130751233950455577e-03,9.993331422369050587e-01,4.289128903800826786e-01,0.000000000000000000e+00,0.000000000000000000e+00,0.000000000000000000e+00,1.000000000000000056e-01
9.943477436396569447e-01,-9.859779656199985087e-02,-3.938323541612002987e-02,1.416637379925692386e+01,9.857261426184360520e-02,9.951265020628589086e-01,-2.585461220896776834e-03,1.118910137745992683e+00,3.944622207903854261e-02,-1.311260941790034270e-03,9.992208345298019267e-01,4.728062880420657588e-01,0.000000000000000000e+00,0.000000000000000000e+00,0.000000000000000000e+00,1.000000000000000056e-01
9.921007170961712029e-01,-1.184752941435014834e-01,-4.122828901220276093e-02,1.506732097644827029e+01,1.182826652593832045e-01,9.929546583037913710e-01,-7.089263144893970248e-03,1.328321781586139227e+00,4.177772416491374458e-02,2.156671141285282280e-03,9.991246021058578508e-01,5.044650270329413821e-01,0.000000000000000000e+00,0.000000000000000000e+00,0.000000000000000000e+00,1.000000000000000056e-01
9.915558955245672434e-01,-1.234729034842830947e-01,-3.964023405120549459e-02,1.601585458023597042e+01,1.232535843665574921e-01,9.923434507205042276e-01,-7.939127969628437254e-03,1.468475260144298300e+00,4.031699382728499981e-02,2.986288211668725219e-03,9.991824768736927709e-01,5.553860705992158531e-01,0.000000000000000000e+00,0.000000000000000000e+00,0.000000000000000000e+00,1.000000000000000056e-01
9.910906966834378551e-01,-1.270983725050648661e-01,-3.981500538869047617e-02,1.693236442383157225e+01,1.268524766606055898e-01,9.918838526122164545e-01,-8.652866127328526571e-03,1.592957375358037719e+00,4.059162613899813116e-02,3.525143076631806916e-03,9.991696018462936646e-01,6.012766306277077533e-01,0.000000000000000000e+00,0.000000000000000000e+00,0.000000000000000000e+00,1.000000000000000056e-01
9.904879726718642807e-01,-1.313960629784501621e-01,-4.084912026156127529e-02,1.779452761838985708e+01,1.311126212056104856e-01,9.913214449357167224e-01,-9.553709811216941350e-03,1.739325940698606798e+00,4.174992877807628955e-02,4.106999430971055784e-03,9.991196504937231992e-01,6.573922240057087363e-01,0.000000000000000000e+00,0.000000000000000000e+00,0.000000000000000000e+00,1.000000000000000056e-01
9.902501900688842618e-01,-1.325110913569686188e-01,-4.295779016573978565e-02,1.869546784182425370e+01,1.321641083061678434e-01,9.911686645789997696e-01,-1.083175111964167908e-02,1.853235370539097593e+00,4.401374267401197277e-02,5.048665572945556373e-03,9.990181687195475169e-01,6.887064763477028784e-01,0.000000000000000000e+00,0.000000000000000000e+00,0.000000000000000000e+00,1.000000000000000056e-01
9.898751800382044053e-01,-1.353697545992968432e-01,-4.268673662929242663e-02,1.961388342022455333e+01,1.349524410769341043e-01,9.907729225633913339e-01,-1.252415915631890746e-02,1.976971308408583816e+00,4.398825515645125861e-02,6.636674989957113205e-03,9.990100039305755963e-01,7.480903956053283066e-01,0.000000000000000000e+00,0.000000000000000000e+00,0.000000000000000000e+00,1.000000000000000056e-01
9.879121391011503883e-01,-1.493378983272829197e-01,-4.156678409234336458e-02,2.053278450166854796e+01,1.489206740621038805e-01,9.887639964649882485e-01,-1.297659938016349629e-02,2.143588015725883977e+00,4.303763763821145949e-02,6.629586546290272379e-03,9.990514552958457140e-01,7.904299593008741187e-01,0.000000000000000000e+00,0.000000000000000000e+00,0.000000000000000000e+00,1.000000000000000056e-01
9.879198059427969358e-01,-1.495650408242892859e-01,-4.055558641143248988e-02,2.144731447854864115e+01,1.491368083477791484e-01,9.887257215274064537e-01,-1.340373029970839958e-02,2.282871585812375148e+00,4.210308090608431975e-02,7.193479918523905392e-03,9.990873757709470837e-01,8.351505608773461820e-01,0.000000000000000000e+00,0.000000000000000000e+00,0.000000000000000000e+00,1.000000000000000056e-01
9.878485506344173439e-01,-1.508788423881080309e-01,-3.729364462083917947e-02,2.239801366168748586e+01,1.504941186918429541e-01,9.885263097161630652e-01,-1.293271967182531464e-02,2.450189721732833004e+00,3.881702266591909728e-02,7.163094203553875203e-03,9.992206607315445854e-01,8.819817920476286099e-01,0.000000000000000000e+00,0.000000000000000000e+00,0.000000000000000000e+00,1.000000000000000056e-01
9.876757595112375387e-01,-1.520633345908424527e-01,-3.705855295358474744e-02,2.335893026998332900e+01,1.516907906339377832e-01,9.883466377513930867e-01,-1.268178545660651919e-02,2.609102597356358633e+00,3.855513079670468135e-02,6.904050885533490403e-03,9.992326235520030409e-01,9.342275896232601351e-01,0.000000000000000000e+00,0.000000000000000000e+00,0.000000000000000000e+00,1.000000000000000056e-01
9.878406811208042537e-01,-1.510027091020610945e-01,-3.699960224953488530e-02,2.429777941966104748e+01,1.505609051891280137e-01,9.884948968982991691e-01,-1.446556720807523101e-02,2.750625601988828439e+00,3.875825784804935725e-02,8.718982157296139776e-03,9.992105768048719083e-01,9.838639002721976112e-01,0.000000000000000000e+00,0.000000000000000000e+00,0.000000000000000000e+00,1.000000000000000056e-01
9.877291320402052932e-01,-1.509802918114156733e-01,-3.995138550341353900e-02,2.524799940695740119e+01,1.504739232908377800e-01,9.884938827571224662e-01,-1.540915835505760924e-02,2.906832897364011181e+00,4.181817940281078172e-02,9.208432889907794058e-03,9.990828016912043363e-01,1.033691692656029781e+00,0.000000000000000000e+00,0.000000000000000000e+00,0.000000000000000000e+00,1.000000000000000056e-01
9.880284791857248949e-01,-1.480005462358231216e-01,-4.353805957827572987e-02,2.619976255489863703e+01,1.474217907902292957e-01,9.889404775688309668e-01,-1.623414383743168946e-02,3.056352393490965991e+00,4.545921158737103313e-02,9.621337736018838530e-03,9.989198616215537729e-01,1.081032374666031304e+00,0.000000000000000000e+00,0.000000000000000000e+00,0.000000000000000000e+00,1.000000000000000056e-01
9.876009294709149344e-01,-1.488197038034138608e-01,-4.997099026484344564e-02,2.716508620773577931e+01,1.482194357110244720e-01,9.888325333249595728e-01,-1.553125608726638705e-02,3.208416888693838676e+00,5.172429782694398792e-02,7.932010968658897640e-03,9.986299015232332765e-01,1.145780047932417389e+00,0.000000000000000000e+00,0.000000000000000000e+00,0.000000000000000000e+00,1.000000000000000056e-01
9.872960904052877629e-01,-1.516205208018424899e-01,-4.751470869332809210e-02,2.812105268831196980e+01,1.508426388714446398e-01,9.883640344785493692e-01,-1.957124542751194698e-02,3.330222240238463360e+00,4.992923160567079577e-02,1.215537005043532993e-02,9.986787866026815008e-01,1.215429174280769686e+00,0.000000000000000000e+00,0.000000000000000000e+00,0.000000000000000000e+00,1.000000000000000056e-01
9.873406725873825618e-01,-1.527811584193023431e-01,-4.261823420498616483e-02,2.911992711452667493e+01,1.521193879090605439e-01,9.881912034528008704e-01,-1.838034930783173301e-02,3.482782237874949782e+00,4.492313520746055860e-02,1.166460674695813174e-02,9.989223437648049320e-01,1.290121066036750364e+00,0.000000000000000000e+00,0.000000000000000000e+00,0.000000000000000000e+00,1.000000000000000056e-01
9.875621580439235547e-01,-1.516526837440288211e-01,-4.150237960481377442e-02,3.006517899165442032e+01,1.508215874771694776e-01,9.883051162439748794e-01,-2.249101947110994718e-02,3.609527898558774872e+00,4.442783756267007500e-02,1.595182494941912651e-02,9.988852319111981570e-01,1.339945378318645464e+00,0.000000000000000000e+00,0.000000000000000000e+00,0.000000000000000000e+00,1.000000000000000056e-01
9.869300376161110888e-01,-1.551826861645850542e-01,-4.344461722475437271e-02,3.099399139412992099e+01,1.539575411511402148e-01,9.876135924099861407e-01,-3.027321604548819170e-02,3.741707105141049094e+00,4.760437347299610600e-02,2.318891980635866615e-02,9.985970646984987376e-01,1.403435764082512138e+00,0.000000000000000000e+00,0.000000000000000000e+00,0.000000000000000000e+00,1.000000000000000056e-01
9.865133266926677802e-01,-1.569098968472380229e-01,-4.659120656470387006e-02,3.195564505994054016e+01,1.555584031099334352e-01,9.873287130030395931e-01,-3.136232934029088704e-02,3.891862013399743692e+00,5.092189587646198806e-02,2.369170215815104633e-02,9.984215861895195943e-01,1.454677777696426144e+00,0.000000000000000000e+00,0.000000000000000000e+00,0.000000000000000000e+00,1.000000000000000056e-01
9.861551959303946902e-01,-1.580236892218712386e-01,-5.026373627372228425e-02,3.293094989897615221e+01,1.565843726167830685e-01,9.871649013527531435e-01,-3.141324226210467224e-02,4.046366186225803574e+00,5.458263269294803821e-02,2.310781646799853900e-02,9.982418369445291706e-01,1.505591156928058227e+00,0.000000000000000000e+00,0.000000000000000000e+00,0.000000000000000000e+00,1.000000000000000056e-01
9.861358809611385778e-01,-1.574565629780754761e-01,-5.237800164315576518e-02,3.389236751206055231e+01,1.558997774929851143e-01,9.872343685783414591e-01,-3.261228105118171156e-02,4.205040577682819247e+00,5.684438106477030656e-02,2.399442170286412990e-02,9.980946769062082335e-01,1.564630316076110361e+00,0.000000000000000000e+00,0.000000000000000000e+00,0.000000000000000000e+00,1.000000000000000056e-01
9.854809189415376647e-01,-1.619560747007087187e-01,-5.096654068779658125e-02,3.484771005920688935e+01,1.603838895580419477e-01,9.864831944416312393e-01,-3.358444661548674187e-02,4.353886761364734959e+00,5.571684101217668633e-02,2.492261927994587206e-02,9.981355101767749316e-01,1.638669145451171261e+00,0.000000000000000000e+00,0.000000000000000000e+00,0.000000000000000000e+00,1.000000000000000056e-01
9.849438309668253622e-01,-1.647221025908652270e-01,-5.246216501859514436e-02,3.583144810688538939e+01,1.630662559480514640e-01,9.860136115050602834e-01,-3.444639455491176755e-02,4.540512956373180309e+00,5.740249133511902968e-02,2.537295498739844390e-02,9.980286404426123026e-01,1.699845064061721311e+00,0.000000000000000000e+00,0.000000000000000000e+00,0.000000000000000000e+00,1.000000000000000056e-01
9.845684094174230738e-01,-1.671057727812023386e-01,-5.196833536339885706e-02,3.680788023123733410e+01,1.653862123987090149e-01,9.855780093876054249e-01,-3.582440732202248068e-02,4.697276200047750372e+00,5.720531378862127314e-02,2.667673358494714042e-02,9.980059638897871288e-01,1.778447364103408423e+00,0.000000000000000000e+00,0.000000000000000000e+00,0.000000000000000000e+00,1.000000000000000056e-01
9.843258090215143419e-01,-1.686057399411942659e-01,-5.171852814053835845e-02,3.780730862111690982e+01,1.668886497796381874e-01,9.853210560552714270e-01,-3.592485308047893566e-02,4.869407078092811147e+00,5.701649120097236623e-02,2.673052474245679946e-02,9.980153299314206139e-01,1.846539889424938075e+00,0.000000000000000000e+00,0.000000000000000000e+00,0.000000000000000000e+00,1.000000000000000056e-01
9.844368155198213177e-01,-1.688087046801849955e-01,-4.886488998648569337e-02,3.878240118087025934e+01,1.672292785481761523e-01,9.853032349520161048e-01,-3.481240568171925509e-02,5.035545564992006007e+00,5.402337128919088016e-02,2.609897349111984025e-02,9.981985368338605058e-01,1.924980836632340431e+00,0.000000000000000000e+00,0.000000000000000000e+00,0.000000000000000000e+00,1.000000000000000056e-01
9.841668510078811494e-01,-1.703532098861706146e-01,-4.894275491540441003e-02,3.978052042994259807e+01,1.689721164308332912e-01,9.851293570433916624e-01,-3.112191768125330965e-02,5.225192355113090770e+00,5.351666325655930756e-02,2.235919883967411870e-02,9.983165995720656438e-01,1.984369433836895791e+00,0.000000000000000000e+00,0.000000000000000000e+00,0.000000000000000000e+00,1.000000000000000056e-01
9.831649641501417625e-01,-1.746080211037202568e-01,-5.383950439865946985e-02,4.077845882959202584e+01,1.728501753029915711e-01,9.842981991895309868e-01,-3.577529832120861231e-02,5.418127311078281494e+00,5.924078126911882375e-02,2.586685211789721550e-02,9.979085307763108093e-01,2.069957272009541160e+00,0.000000000000000000e+00,0.000000000000000000e+00,0.000000000000000000e+00,1.000000000000000056e-01
9.829979864311180204e-01,-1.752936905144699409e-01,-5.465419232030296198e-02,4.179619153494972039e+01,1.737139367253267841e-01,9.842609271756775913e-01,-3.246375552311488166e-02,5.594736083956272310e+00,5.948467752082551435e-02,2.241761140471106722e-02,9.979774665988960791e-01,2.161225703786284758e+00,0.000000000000000000e+00,0.000000000000000000e+00,0.000000000000000000e+00,1.000000000000000056e-01
9.822325719058385696e-01,-1.784649432140076597e-01,-5.804686667566765629e-02,4.281244263306106745e+01,1.767171366915443464e-01,9.836740196151886328e-01,-3.400701006615303168e-02,5.776767404379791415e+00,6.316825378925514101e-02,2.314491688726542234e-02,9.977344759681795461e-01,2.241030253304789444e+00,0.000000000000000000e+00,0.000000000000000000e+00,0.000000000000000000e+00,1.000000000000000056e-01
9.829726706942150116e-01,-1.736023939677043271e-01,-6.022406061504240876e-02,4.381848755584915267e+01,1.717588592139371317e-01,9.845317762546803575e-01,-3.458432920169156322e-02,5.902957294218365902e+00,6.529642371377808452e-02,2.365143449108399881e-02,9.975855786330838360e-01,2.324447811490470972e+00,0.000000000000000000e+00,0.000000000000000000e+00,0.000000000000000000e+00,1.000000000000000056e-01
9.826479432913843848e-01,-1.763488904316812544e-01,-5.748120030694570115e-02,4.481077121241926164e+01,1.744227874909880793e-01,9.839754634121538057e-01,-3.699971090036714011e-02,6.089406801928679336e+00,6.308494867308646337e-02,2.633165863275627877e-02,9.976607304111764218e-01,2.419008678431493475e+00,0.000000000000000000e+00,0.000000000000000000e+00,0.000000000000000000e+00,1.000000000000000056e-01
9.826515515880483997e-01,-1.766145904999850691e-01,-5.659694854074350662e-02,4.579019423354046125e+01,1.747459408208218989e-01,9.839382959272469087e-01,-3.645937430114989941e-02,6.251757859657224969e+00,6.212716256394452269e-02,2.593677370661449932e-02,9.977311759394136281e-01,2.493817394053980063e+00,0.000000000000000000e+00,0.000000000000000000e+00,0.000000000000000000e+00,1.000000000000000056e-01
9.816524182944708077e-01,-1.808498407140455566e-01,-6.043066084630990126e-02,4.670709620478152146e+01,1.789831183906025747e-01,9.832280127571189077e-01,-3.503881077979655034e-02,6.430156070322438744e+00,6.575388192185249725e-02,2.357986521147222361e-02,9.975572249093361821e-01,2.579418640272761465e+00,0.000000000000000000e+00,0.000000000000000000e+00,0.000000000000000000e+00,1.000000000000000056e-01
9.814890043665905894e-01,-1.798047474222091158e-01,-6.595139962058615968e-02,4.766821669750670054e+01,1.777484760670491604e-01,9.834219497378936525e-01,-3.587127025296781013e-02,6.593561147515621279e+00,7.130787869036850357e-02,2.348449654890211874e-02,9.971778501644148474e-01,2.640204957834922705e+00,0.000000000000000000e+00,0.000000000000000000e+00,0.000000000000000000e+00,1.000000000000000056e-01
9.814102672999194255e-01,-1.803269605441617796e-01,-6.569683812182389171e-02,4.861927821970886754e+01,1.780362366354388548e-01,9.832410305741164924e-01,-3.924505370412087468e-02,6.770891769947078309e+00,7.167276807121955584e-02,2.681908082790379622e-02,9.970675760551817035e-01,2.726597602056866965e+00,0.000000000000000000e+00,0.000000000000000000e+00,0.000000000000000000e+00,1.000000000000000056e-01
9.819373683091517924e-01,-1.781611210009353130e-01,-6.369944804931453042e-02,4.958916019906002504e+01,1.759131689205436777e-01,9.836186948153026188e-01,-3.935505317202288994e-02,6.974718238832052997e+00,6.966750834090094935e-02,2.743862557655842721e-02,9.971928399803319243e-01,2.814897202334066151e+00,0.000000000000000000e+00,0.000000000000000000e+00,0.000000000000000000e+00,1.000000000000000056e-01
9.828281435714382175e-01,-1.735928088119932933e-01,-6.256498168051438657e-02,5.058614800903178832e+01,1.713645200710932071e-01,9.844188424675345273e-01,-3.941755770825257355e-02,7.162013200285089809e+00,6.843275140401886003e-02,2.801926700758382641e-02,9.972621918089713544e-01,2.914721772613129147e+00,0.000000000000000000e+00,0.000000000000000000e+00,0.000000000000000000e+00,1.000000000000000056e-01
9.827298528741584827e-01,-1.743914754631934738e-01,-6.188416239802543850e-02,5.151935203655742868e+01,1.718179347491670950e-01,9.841112926262349792e-01,-4.476115530291680661e-02,7.342880498053647287e+00,6.870686696732547505e-02,3.335531458840199776e-02,9.970791289663237800e-01,2.994710979338708334e+00,0.000000000000000000e+00,0.000000000000000000e+00,0.000000000000000000e+00,1.000000000000000056e-01
9.832201602899955928e-01,-1.714714358295824637e-01,-6.225482386013768410e-02,5.245609088475724491e+01,1.688789536010620318e-01,9.846183387515730079e-01,-4.479537950171805227e-02,7.511113158944096924e+00,6.897836929013119456e-02,3.353019070381192679e-02,9.970545175071623412e-01,3.072592049757209232e+00,0.000000000000000000e+00,0.000000000000000000e+00,0.000000000000000000e+00,1.000000000000000056e-01
9.834409193170114971e-01,-1.708259013171690710e-01,-6.051834145189538550e-02,5.343746585685966011e+01,1.681801478596055555e-01,9.846617373421778785e-01,-4.644029371359641167e-02,7.682885600339643517e+00,6.752330026614961067e-02,3.549330152945341654e-02,9.970861695298489646e-01,3.168473482043229428e+00,0.000000000000000000e+00,0.000000000000000000e+00,0.000000000000000000e+00,1.000000000000000056e-01
9.820452445597596114e-01,-1.789733369914069672e-01,-5.962954203850834994e-02,5.440317681347166001e+01,1.762185944681119165e-01,9.831468803967055026e-01,-4.867461894980862347e-02,7.860318713639029120e+00,6.733605721487612161e-02,3.729284398361479291e-02,9.970331484892408502e-01,3.245010515951795238e+00,0.000000000000000000e+00,0.000000000000000000e+00,0.000000000000000000e+00,1.000000000000000056e-01
9.822764915956858633e-01,-1.791673847625793736e-01,-5.506307561159678315e-02,5.532148695472562849e+01,1.765439962089671022e-01,9.830556252126108063e-01,-4.933411740784608007e-02,8.023528402372482660e+00,6.296913101702135418e-02,3.873868835132088934e-02,9.972633566735420452e-01,3.324512948856434669e+00,0.000000000000000000e+00,0.000000000000000000e+00,0.000000000000000000e+00,1.000000000000000056e-01
9.822878608556159241e-01,-1.804916402911816709e-01,-5.033215871286349924e-02,5.623901273858102456e+01,1.780672237590348594e-01,9.827915155468807118e-01,-4.912128654478677137e-02,8.211893953198071472e+00,5.833200012384297944e-02,3.928873571475562099e-02,9.975238207719593353e-01,3.410594467997459134e+00,0.000000000000000000e+00,0.000000000000000000e+00,0.000000000000000000e+00,1.000000000000000056e-01
9.823493667042922928e-01,-1.810358845543894035e-01,-4.707154383792552799e-02,5.714885213449021961e+01,1.791631345369563144e-01,9.829484637562868610e-01,-4.138706104627426496e-02,8.391170099879058597e+00,5.376144490774438511e-02,3.222306786706291559e-02,9.980337574143803847e-01,3.494909486983439173e+00,0.000000000000000000e+00,0.000000000000000000e+00,0.000000000000000000e+00,1.000000000000000056e-01
9.815874985042249978e-01,-1.845213661400401106e-01,-4.937457056047511728e-02,5.800697104897620449e+01,1.826369052474381971e-01,9.823531160502149140e-01,-4.032513146998090853e-02,8.564180359540143783e+00,5.594411159234154163e-02,3.056502616138611489e-02,9.979659490954074785e-01,3.579662937397105171e+00,0.000000000000000000e+00,0.000000000000000000e+00,0.000000000000000000e+00,1.000000000000000056e-01
9.811007308514154701e-01,-1.855807536027043736e-01,-5.478265980281402103e-02,5.891395374797098583e+01,1.835673257868692954e-01,9.822015970361105408e-01,-3.978768255592902980e-02,8.762472772450957237e+00,6.119144406104434775e-02,2.897941807501169809e-02,9.977052673519157810e-01,3.646013149870107384e+00,0.000000000000000000e+00,0.000000000000000000e+00,0.000000000000000000e+00,1.000000000000000056e-01
9.804866486923061730e-01,-1.868821719809676540e-01,-6.099988140813230458e-02,5.988426011611434063e+01,1.847297037010778020e-01,9.820052665861332963e-01,-3.925038812049315429e-02,8.943837397867946848e+00,6.723740258696921102e-02,2.721599148980947958e-02,9.973657410902905252e-01,3.721129175526824984e+00,0.000000000000000000e+00,0.000000000000000000e+00,0.000000000000000000e+00,1.000000000000000056e-01
9.810559753955372386e-01,-1.840389248806046929e-01,-6.048840607506607292e-02,6.079313537010814628e+01,1.821011441150005017e-01,9.826143201693006146e-01,-3.617003055336059925e-02,9.151817135995710117e+00,6.609346754951474223e-02,2.446981665265128558e-02,9.975133490937686531e-01,3.797377909565867959e+00,0.000000000000000000e+00,0.000000000000000000e+00,0.000000000000000000e+00,1.000000000000000056e-01
9.806990270084876560e-01,-1.869544878974732649e-01,-5.724891160187316197e-02,6.172904327986930895e+01,1.851923300102024661e-01,9.820885997796061639e-01,-3.472438751547377717e-02,9.352306913545513467e+00,6.271538351949887402e-02,2.345211371979180615e-02,9.977558714595851086e-01,3.876663009630552548e+00,0.000000000000000000e+00,0.000000000000000000e+00,0.000000000000000000e+00,1.000000000000000056e-01
9.800464670074536810e-01,-1.906114112515711612e-01,-5.635789569255149345e-02,6.261657319409061273e+01,1.887773953276580818e-01,9.813488483788931349e-01,-3.629783462860204646e-02,9.544607119477760193e+00,6.222553751887717477e-02,2.493446783279453308e-02,9.977505974913681852e-01,3.957340222099521299e+00,0.000000000000000000e+00,0.000000000000000000e+00,0.000000000000000000e+00,1.000000000000000056e-01
9.794262634418399172e-01,-1.941166581822842963e-01,-5.516264584388410469e-02,6.344350069797622638e+01,1.923929122210576992e-01,9.806915425823289345e-01,-3.505803238335770261e-02,9.713171790839085773e+00,6.090288833426509701e-02,2.372385558113136728e-02,9.978617223187337126e-01,4.024769083606176245e+00,0.000000000000000000e+00,0.000000000000000000e+00,0.000000000000000000e+00,1.000000000000000056e-01
9.786196232663629813e-01,-1.982002553142121481e-01,-5.495718107202184066e-02,6.427054627130488029e+01,1.964811141743186274e-01,9.798774077767770097e-01,-3.514879089644688814e-02,9.868661242685211832e+00,6.081779945723335412e-02,2.359924833643839426e-02,9.978698666395007244e-01,4.086317920570498252e+00,0.000000000000000000e+00,0.000000000000000000e+00,0.000000000000000000e+00,1.000000000000000056e-01
9.780426962997972318e-01,-2.010836510732304239e-01,-5.475262081107985790e-02,6.507790864091289507e+01,1.994726470174343624e-01,9.793303761247733608e-01,-3.350637985769208682e-02,1.002952118365319301e+01,6.035848992876320651e-02,2.184901989493441901e-02,9.979376097848753346e-01,4.150169460553709833e+00,0.000000000000000000e+00,0.000000000000000000e+00,0.000000000000000000e+00,1.000000000000000056e-01
9.773767553182102219e-01,-2.038044335684197905e-01,-5.655467285294018404e-02,6.587565754740377599e+01,2.020292570972666846e-01,9.787334299675793936e-01,-3.556757428647383534e-02,1.019564458178593114e+01,6.260077827290998209e-02,2.333722180879474126e-02,9.977657624101325951e-01,4.222433673629642392e+00,0.000000000000000000e+00,0.000000000000000000e+00,0.000000000000000000e+00,1.000000000000000056e-01
9.765282844480072111e-01,-2.081043425853122408e-01,-5.554360692435184044e-02,6.663266768616767877e+01,2.064060583120607140e-01,9.778473719691210819e-01,-3.480023311935512287e-02,1.035032120685385948e+01,6.155524969578232697e-02,2.251887497674463431e-02,9.978496136716552556e-01,4.289594008093882138e+00,0.000000000000000000e+00,0.000000000000000000e+00,0.000000000000000000e+00,1.000000000000000056e-01
9.757458095514732754e-01,-2.125293388393917349e-01,-5.245374414883234582e-02,6.742138010016141436e+01,2.109062712824518182e-01,9.768861811503000148e-01,-3.481283974794407293e-02,1.052088602900571246e+01,5.864008762333997038e-02,2.290565890940944246e-02,9.980163680588874930e-01,4.360746486699810909e+00,0.000000000000000000e+00,0.000000000000000000e+00,0.000000000000000000e+00,1.000000000000000056e-01
9.717285030578053373e-01,-2.304030840941878600e-01,-5.155710605652200074e-02,6.822848044450944371e+01,2.290556134947656086e-01,9.729273866632395240e-01,-3.075428762263535121e-02,1.072954403414421165e+01,5.724720317686632365e-02,1.807537331636129702e-02,9.981963928044925716e-01,4.426763124658715576e+00,0.000000000000000000e+00,0.000000000000000000e+00,0.000000000000000000e+00,1.000000000000000056e-01
9.708336333746282465e-01,-2.345904904617813758e-01,-4.949099002362843114e-02,6.896553812044989229e+01,2.333424776024403124e-01,9.719401371948447332e-01,-2.972638316413517279e-02,1.089220613141921490e+01,5.507580643960341416e-02,1.731102234321261341e-02,9.983321010818294594e-01,4.495466200294648829e+00,0.000000000000000000e+00,0.000000000000000000e+00,0.000000000000000000e+00,1.000000000000000056e-01
9.706123652616568398e-01,-2.347356487323299934e-01,-5.301708795647127465e-02,6.964066384879053828e+01,2.336012055103908192e-01,9.719643306141290129e-01,-2.675475280992810345e-02,1.106507435745571399e+01,5.781101266423360058e-02,1.358363824755316231e-02,9.982351284074786335e-01,4.551317939699857540e+00,0.000000000000000000e+00,0.000000000000000000e+00,0.000000000000000000e+00,1.000000000000000056e-01
9.696271537659597595e-01,-2.379241064121957461e-01,-5.670363540093353860e-02,7.030562087110193659e+01,2.366298768117690576e-01,9.711777403469491476e-01,-2.863735418366626650e-02,1.124759952498537707e+01,6.188282540229425588e-02,1.434978196879365016e-02,9.979802601643367188e-01,4.604216163893011249e+00,0.000000000000000000e+00,0.000000000000000000e+00,0.000000000000000000e+00,1.000000000000000056e-01
9.684156031827252376e-01,-2.414789054684285119e-01,-6.212211945843666011e-02,7.102624311635609899e+01,2.398933504624365665e-01,9.702736896590973270e-01,-3.193974889112752291e-02,1.143374132310192337e+01,6.798823365954646814e-02,1.602826781319394156e-02,9.975573641223663968e-01,4.664699922678885002e+00,0.000000000000000000e+00,0.000000000000000000e+00,0.000000000000000000e+00,1.000000000000000056e-01
9.668304822441529112e-01,-2.471948318792771548e-01,-6.429256330023405686e-02,7.174229860865418118e+01,2.455819397130846182e-01,9.688472287987595077e-01,-3.200871968265930900e-02,1.162008651221677624e+01,7.020206186642646840e-02,1.515791348240565564e-02,9.974176197403785693e-01,4.723364423463910278e+00,0.000000000000000000e+00,0.000000000000000000e+00,0.000000000000000000e+00,1.000000000000000056e-01
9.665186630378176380e-01,-2.491323905534920113e-01,-6.143879862669747449e-02,7.241185156987999960e+01,2.476447264579250129e-01,9.683591161614898413e-01,-3.086602670441638413e-02,1.178568687895080735e+01,6.718454775593170336e-02,1.461759638383006848e-02,9.976334810033143929e-01,4.795981492577146454e+00,0.000000000000000000e+00,0.000000000000000000e+00,0.000000000000000000e+00,1.000000000000000056e-01
9.648650168322555620e-01,-2.561824397395179309e-01,-5.836143300502071724e-02,7.297929055884793570e+01,2.546619471009723412e-01,9.664913430927719595e-01,-3.227656154969764379e-02,1.194649589100918696e+01,6.467450805404555136e-02,1.628008893827482054e-02,9.977736049385798056e-01,4.844209151977167949e+00,0.000000000000000000e+00,0.000000000000000000e+00,0.000000000000000000e+00,1.000000000000000056e-01
9.651601030000980241e-01,-2.543019002394494299e-01,-6.161589982663095988e-02,7.351139887410489848e+01,2.525199426725133200e-01,9.669478778487853310e-01,-3.529135979813192991e-02,1.206981618695947844e+01,6.855402343780320207e-02,1.850256896584235797e-02,9.974758146502367140e-01,4.894877318671016830e+00,0.000000000000000000e+00,0.000000000000000000e+00,0.000000000000000000e+00,1.000000000000000056e-01
9.641903321684330841e-01,-2.579252465718241405e-01,-6.173791811998839696e-02,7.413338112938195934e+01,2.555812134756486609e-01,9.658134635242641153e-01,-4.338890403755242542e-02,1.222368880045931938e+01,7.081840630261033998e-02,2.605610976582507440e-02,9.971488517130376872e-01,4.959551230378105302e+00,0.000000000000000000e+00,0.000000000000000000e+00,0.000000000000000000e+00,1.000000000000000056e-01
9.637940369071729130e-01,-2.579690262523970379e-01,-6.747618777439297333e-02,7.471896814594762759e+01,2.550680652025002493e-01,9.656956205651932024e-01,-4.870575464007823041e-02,1.236988174596356771e+01,7.772603512355506783e-02,2.973129522231625355e-02,9.965313409764769981e-01,5.016393413628334130e+00,0.000000000000000000e+00,0.000000000000000000e+00,0.000000000000000000e+00,1.000000000000000056e-01
9.646469096470093874e-01,-2.547447911475795301e-01,-6.753836755245619383e-02,7.529491871126685965e+01,2.520965573789744063e-01,9.666393489808271511e-01,-4.533977017577504876e-02,1.250186791110891527e+01,7.683531392624114165e-02,2.671067923319700443e-02,9.966859455960825898e-01,5.079970533802415034e+00,0.000000000000000000e+00,0.000000000000000000e+00,0.000000000000000000e+00,1.000000000000000056e-01
9.647596857188236452e-01,-2.550701674091899185e-01,-6.463712949663337481e-02,7.586413111214392302e+01,2.524827667353283789e-01,9.665266848175450010e-01,-4.559188565172317409e-02,1.266903701377381175e+01,7.410264039418908155e-02,2.766545198354529445e-02,9.968668022625468694e-01,5.121210467934941946e+00,0.000000000000000000e+00,0.000000000000000000e+00,0.000000000000000000e+00,1.000000000000000056e-01
9.653494783293871118e-01,-2.532824626188717732e-01,-6.283612670192208205e-02,7.644754317895211670e+01,2.505502175076153026e-01,9.669014201827620392e-01,-4.823102896937213335e-02,1.279555609595914412e+01,7.297241393887717031e-02,3.081619344237028491e-02,9.968577576693956610e-01,5.174813555410572974e+00,0.000000000000000000e+00,0.000000000000000000e+00,0.000000000000000000e+00,1.000000000000000056e-01
9.659677966811606176e-01,-2.520808540074666038e-01,-5.797808911830553552e-02,7.703990667145224336e+01,2.492080627926369363e-01,9.670274893118016024e-01,-5.247071901979781516e-02,1.293011874527861060e+01,6.929326961606734059e-02,3.623641756823858806e-02,9.969379944749499067e-01,5.236179720268122395e+00,0.000000000000000000e+00,0.000000000000000000e+00,0.000000000000000000e+00,1.000000000000000056e-01
9.676752199470165516e-01,-2.462301104047283362e-01,-5.454724035703718832e-02,7.761258777106407081e+01,2.434252955632896509e-01,9.684552142458134893e-01,-5.327873384400712981e-02,1.304546793760362888e+01,6.594538786312634238e-02,3.827833238492458351e-02,9.970887498560050410e-01,5.307348552830337240e+00,0.000000000000000000e+00,0.000000000000000000e+00,0.000000000000000000e+00,1.000000000000000056e-01
9.698209742213458329e-01,-2.380048618576307007e-01,-5.292413147600725370e-02,7.811118981057433075e+01,2.354543508279502428e-01,9.705886118718860534e-01,-5.018959235532676616e-02,1.319233840733152618e+01,6.331292629904342051e-02,3.621370233399883592e-02,9.973364733763206980e-01,5.361672327822042838e+00,0.000000000000000000e+00,0.000000000000000000e+00,0.000000000000000000e+00,1.000000000000000056e-01
9.728670329941554451e-01,-2.249807403211624424e-01,-5.397594462064106424e-02,7.861480699387917070e+01,2.224828175826237264e-01,9.737246450759330374e-01,-4.859744285706089906e-02,1.330375348837907623e+01,6.349119619006887705e-02,3.527012980256796770e-02,9.973589554167868743e-01,5.405312114530557821e+00,0.000000000000000000e+00,0.000000000000000000e+00,0.000000000000000000e+00,1.000000000000000056e-01
9.768488327225376411e-01,-2.070610574170359541e-01,-5.377802999324743372e-02,7.908297282294149966e+01,2.051387918330979110e-01,9.779493905211865679e-01,-3.915438244304988297e-02,1.341661418203761080e+01,6.069953948649535469e-02,2.721595268548621799e-02,9.977849757465526714e-01,5.447175457429820788e+00,0.000000000000000000e+00,0.000000000000000000e+00,0.000000000000000000e+00,1.000000000000000056e-01
9.813207778327752706e-01,-1.853707056184629443e-01,-5.145126327108083542e-02,7.956610116477574479e+01,1.833477696577307248e-01,9.821662776187143340e-01,-4.162929821813213943e-02,1.349365071987979015e+01,5.825054811083452133e-02,3.141822094122460191e-02,9.978074809489432262e-01,5.496540179309752361e+00,0.000000000000000000e+00,0.000000000000000000e+00,0.000000000000000000e+00,1.000000000000000056e-01
9.850319107670566510e-01,-1.646303359426513069e-01,-5.107824642654686803e-02,8.011991629895703682e+01,1.625869833102778772e-01,9.858043708526171844e-01,-4.189528930487327468e-02,1.364088341547014771e+01,5.725039413545283257e-02,3.296353887684671385e-02,9.978155127457429829e-01,5.551887634478662292e+00,0.000000000000000000e+00,0.000000000000000000e+00,0.000000000000000000e+00,1.000000000000000056e-01
9.892603252251845891e-01,-1.374781328931870550e-01,-4.963639704455984070e-02,8.061507019571244825e+01,1.355377751240839368e-01,9.899416660803138646e-01,-4.055871389166092883e-02,1.375303397510053927e+01,5.471307384689004516e-02,3.339551967458440768e-02,9.979434948011280948e-01,5.591648823972083626e+00,0.000000000000000000e+00,0.000000000000000000e+00,0.000000000000000000e+00,1.000000000000000056e-01
9.929110687565101401e-01,-1.076026013042839791e-01,-5.049049151430459736e-02,8.109463226524523805e+01,1.054856971286685652e-01,9.934960468935222222e-01,-4.287624643346409081e-02,1.379021850602248556e+01,5.477569937557681679e-02,3.724627497476279414e-02,9.978037571378556292e-01,5.619553403530459512e+00,0.000000000000000000e+00,0.000000000000000000e+00,0.000000000000000000e+00,1.000000000000000056e-01
