1.000000000000000000e+00,-2.257302852346592363e-12,1.117971964583193438e-12,1.797305439170325533e-19,2.257302852346917904e-12,1.000000000000000000e+00,-2.915375017874958624e-13,5.149598933084163081e-19,-1.117971964582535490e-12,2.915375017900195105e-13,1.000000000000000000e+00,-3.497447984808219181e-19,0.000000000000000000e+00,0.000000000000000000e+00,0.000000000000000000e+00,1.000000000000000056e-01
9.999990314864167784e-01,-6.303763662825540752e-04,-1.240827089218301702e-03,6.468619809014695132e-01,6.270588631384659732e-04,9.999962330699698754e-01,-2.672198168673938293e-03,-4.490959550370543507e-03,1.242506905681032550e-03,2.671417508989797941e-03,9.999956598431225530e-01,-3.715259313094166748e-04,0.000000000000000000e+00,0.000000000000000000e+00,0.000000000000000000e+00,1.000000000000000056e-01
9.999803587639389812e-01,-5.428966292362651797e-03,-3.131838332381118358e-03,1.307175529430003813e+00,5.420214914708794407e-03,9.999814014341958934e-01,-2.796078679132606073e-03,5.314378378564438288e-03,3.146959901579610402e-03,2.779048523851595457e-03,9.999911867275030897e-01,4.362609522089362993e-03,0.000000000000000000e+00,0.000000000000000000e+00,0.000000000000000000e+00,1.000000000000000056e-01
9.999362907440685344e-01,-9.952677317669536561e-03,-5.325285645300587185e-03,2.004906960357538903e+00,9.937378283776714116e-03,9.999464418785559694e-01,-2.891692801926487415e-03,1.418700227713457114e-02,5.353780518364673925e-03,2.838589196403176577e-03,9.999816395542145964e-01,8.817105896938411125e-03,0.000000000000000000e+00,0.000000000000000000e+00,0.000000000000000000e+00,1.000000000000000056e-01
9.998570865313479716e-01,-1.610115809623414648e-02,-5.153563912924257785e-03,2.702843767904266503e+00,1.609373706907923571e-02,9.998693947057012421e-01,-1.478227995235596552e-03,2.266019128204825248e-02,5.176692012846290970e-03,1.395076633962040718e-03,9.999856277072133315e-01,1.664984384501898632e-02,0.000000000000000000e+00,0.000000000000000000e+00,0.000000000000000000e+00,1.000000000000000056e-01
9.997518072367317377e-01,-2.135462411999896476e-02,-6.348539641712412640e-03,3.410883687444307810e+00,2.134509277257318899e-02,9.997709421344466163e-01,-1.565336427499891461e-03,3.076849369300644829e-02,6.380512629803302901e-03,1.429437754703795967e-03,9.999786226546477641e-01,3.034352223863391596e-02,0.000000000000000000e+00,0.000000000000000000e+00,0.000000000000000000e+00,1.000000000000000056e-01
9.996522683297094369e-01,-2.533505971349158878e-02,-7.312808802392144550e-03,4.129948545530613302e+00,2.533250214668615261e-02,9.996789828850926041e-01,-4.421683106568617249e-04,5.368693693567074682e-02,7.321663626162436961e-03,2.567628100467431217e-04,9.999731632971980977e-01,4.089557867463215063e-02,0.000000000000000000e+00,0.000000000000000000e+00,0.000000000000000000e+00,1.000000000000000056e-01
9.994980389574116275e-01,-3.008426814760392295e-02,-9.930102230668133578e-03,4.893414192757218117e+00,3.009881926027632368e-02,9.995460574408022714e-01,1.319141268243355716e-03,8.576972207585444041e-02,9.885909135010046561e-03,-1.617363462993973589e-03,9.999498252092466899e-01,5.568817241839798399e-02,0.000000000000000000e+00,0.000000000000000000e+00,0.000000000000000000e+00,1.000000000000000056e-01
9.993433639253526124e-01,-3.477242890739635356e-02,-1.018426071152730462e-02,5.655656225602203158e+00,3.479296585242782486e-02,9.993928360287981372e-01,1.846299408975056325e-03,1.261004926871720222e-01,1.011387688040958459e-02,-2.199427697346914914e-03,9.999464345714984548e-01,6.016289931596453811e-02,0.000000000000000000e+00,0.000000000000000000e+00,0.000000000000000000e+00,1.000000000000000056e-01
9.992103261847639084e-01,-3.889736243085588352e-02,-8.106740507771889939e-03,6.438747108036185551e+00,3.891409625928722582e-02,9.992407214038016017e-01,1.916716132609607489e-03,1.623438927736832460e-01,8.026030031132220036e-03,-2.230669032536943420e-03,9.999653028768581420e-01,7.106927483205391360e-02,0.000000000000000000e+00,0.000000000000000000e+00,0.000000000000000000e+00,1.000000000000000056e-01
9.991037832105820193e-01,-4.181371231904539715e-02,-6.576004592644056970e-03,7.236617796071929121e+00,4.182344321475874732e-02,9.991241060216549119e-01,1.349208690553592568e-03,2.025567800858813217e-01,6.513829285774626679e-03,-1.623030661733131314e-03,9.999774676458998979e-01,8.611607115927007172e-02,0.000000000000000000e+00,0.000000000000000000e+00,0.000000000000000000e+00,1.000000000000000056e-01
9.991211930345236247e-01,-4.145818972199349223e-02,-6.169289606221942113e-03,8.032326587753804148e+00,4.147050410495529277e-02,9.991379567441236453e-01,1.881670124793887681e-03,2.422399762186350780e-01,6.085960774695437642e-03,-2.135860049920974748e-03,9.999791993753149866e-01,1.003681989550801318e-01,0.000000000000000000e+00,0.000000000000000000e+00,0.000000000000000000e+00,1.000000000000000056e-01
9.990402462228045177e-01,-4.333790534266282468e-02,-6.357073822792647794e-03,8.867528758265272870e+00,4.333814490037314615e-02,9.990604562140715794e-01,-1.001295426718380250e-04,2.887490083829308274e-01,6.355440478228072121e-03,-1.754703435095069167e-04,9.999797885889925020e-01,1.153635268252695273e-01,0.000000000000000000e+00,0.000000000000000000e+00,0.000000000000000000e+00,1.000000000000000056e-01
9.989012419705821655e-01,-4.645385919339328068e-02,-6.192556472805437265e-03,9.642558549419959490e+00,4.645229948263456671e-02,9.989204309760214562e-01,-3.955394482862390577e-04,3.524822384421916754e-01,6.204245514494279370e-03,1.074463583035977030e-04,9.999807477111126719e-01,1.317780621284873332e-01,0.000000000000000000e+00,0.000000000000000000e+00,0.000000000000000000e+00,1.000000000000000056e-01
9.988330633069060216e-01,-4.804125500827659268e-02,-4.954741382966840885e-03,1.042539303796371541e+01,4.804211528105524487e-02,9.988453094292817358e-01,5.468495445453026979e-05,3.588947259170041648e-01,4.946393055969515798e-03,-2.926573972829251313e-04,9.999877236983379936e-01,1.384692167721551515e-01,0.000000000000000000e+00,0.000000000000000000e+00,0.000000000000000000e+00,1.000000000000000056e-01
9.987790962696952990e-01,-4.901567635346582019e-02,-6.146570287817773592e-03,1.122784946594808098e+01,4.900748824197972975e-02,9.987973207664592179e-01,-1.475847537820431168e-03,4.108508955006474062e-01,6.211517600635981656e-03,1.172817698947413445e-03,9.999800205742822579e-01,1.643366921438756956e-01,0.000000000000000000e+00,0.000000000000000000e+00,0.000000000000000000e+00,1.000000000000000056e-01
9.986536623955697412e-01,-5.138348481001840662e-02,-7.113372807192589430e-03,1.209555141371847498e+01,5.137846223383184252e-02,9.986788605924297180e-01,-8.871438964362545051e-04,4.617211319450797435e-01,7.149559594983101625e-03,5.204753451184307477e-04,9.999743061214187989e-01,1.756792214415893449e-01,0.000000000000000000e+00,0.000000000000000000e+00,0.000000000000000000e+00,1.000000000000000056e-01
9.985032718707372856e-01,-5.419088123701550075e-02,-7.386775628657312777e-03,1.299372956198564033e+01,5.419286823107713480e-02,9.985304844010571834e-01,6.895418225998965690e-05,5.327704573222901141e-01,7.372183958743463127e-03,-4.691615348921284769e-04,9.999727150233312933e-01,1.965010191835896702e-01,0.000000000000000000e+00,0.000000000000000000e+00,0.000000000000000000e+00,1.000000000000000056e-01
9.986590414056658593e-01,-5.094767804129774619e-02,-9.189837915702950277e-03,1.388363325466063891e+01,5.098029757732135819e-02,9.986940381189196581e-01,3.350743895543271261e-03,5.834543448002260657e-01,9.007123716502751787e-03,-3.814751358349016165e-03,9.999521585528127199e-01,2.088093770697934670e-01,0.000000000000000000e+00,0.000000000000000000e+00,0.000000000000000000e+00,1.000000000000000056e-01
9.978914381877445061e-01,-6.418258563307356612e-02,-9.657809950917733283e-03,1.481592380329676750e+01,6.424453212111093381e-02,9.979146366690891945e-01,6.246440117314800908e-03,7.115820811853307282e-01,9.236757230457762202e-03,-6.853730593832209686e-03,9.999338521586379480e-01,2.280914030014704885e-01,0.000000000000000000e+00,0.000000000000000000e+00,0.000000000000000000e+00,1.000000000000000056e-01
9.976587801467758920e-01,-6.769707741304380189e-02,-9.698665154514259437e-03,1.577731763778270491e+01,6.773544334907906361e-02,9.976965191803639499e-01,3.683114129286663326e-03,7.742020801870298508e-01,9.426988403023370613e-03,-4.331434533500774266e-03,9.999461838341757725e-01,2.343748138581596974e-01,0.000000000000000000e+00,0.000000000000000000e+00,0.000000000000000000e+00,1.000000000000000056e-01
9.975611442154173059e-01,-6.943515487714164991e-02,-7.107940546652026688e-03,1.670256777874293164e+01,6.945844208777517126e-02,9.975800812074329116e-01,3.083245191458003180e-03,8.584620481692774030e-01,6.876654300353645007e-03,-3.569432077910507893e-03,9.999699849396853635e-01,2.525606683293946109e-01,0.000000000000000000e+00,0.000000000000000000e+00,0.000000000000000000e+00,1.000000000000000056e-01
9.973683341283949844e-01,-7.219006173031615459e-02,-6.708283336555195819e-03,1.758205885323448925e+01,7.221873372008107139e-02,9.973802479921674013e-01,4.134660197739115084e-03,9.377761839607149374e-01,6.392227922906477261e-03,-4.608242881607577113e-03,9.999689512778512368e-01,2.721619747566317304e-01,0.000000000000000000e+00,0.000000000000000000e+00,0.000000000000000000e+00,1.000000000000000056e-01
9.972918629774966126e-01,-7.323274472845674177e-02,-6.775333084853504134e-03,1.849136221878566744e+01,7.326947654453162817e-02,9.972978740136204667e-01,5.341750162919158343e-03,1.007437751432214812e+00,6.365834255174293924e-03,-5.823709080080056999e-03,9.999627795907136685e-01,2.858974419083292751e-01,0.000000000000000000e+00,0.000000000000000000e+00,0.000000000000000000e+00,1.000000000000000056e-01
9.973334549091115164e-01,-7.260582838703516506e-02,-7.373832333849176038e-03,1.940821408908334789e+01,7.263870470232350329e-02,9.973490817360599614e-01,4.292754291446945758e-03,1.078577137808357067e+00,7.042605925647637058e-03,-4.816933097987611753e-03,9.999635987661278369e-01,3.067166433443604401e-01,0.000000000000000000e+00,0.000000000000000000e+00,0.000000000000000000e+00,1.000000000000000056e-01
9.972769120488175210e-01,-7.351179600716296891e-02,-5.897163909570490511e-03,2.033539555219622130e+01,7.351044161279630951e-02,9.972943475783003775e-01,-4.463880195062166654e-04,1.131213835254432976e+00,5.914023018787383998e-03,1.166934241317603275e-05,9.999825119448637611e-01,3.254611510318189405e-01,0.000000000000000000e+00,0.000000000000000000e+00,0.000000000000000000e+00,1.000000000000000056e-01
9.974142399961881678e-01,-7.183401488408622249e-02,-2.169829131357841993e-03,2.125115585039822008e+01,7.183336469959492043e-02,9.974165760513236112e-01,-3.762100332386060725e-04,1.212008818310132741e+00,2.191248219942561366e-03,2.193711170529918627e-04,9.999975751508358712e-01,3.306953484693292422e-01,0.000000000000000000e+00,0.000000000000000000e+00,0.000000000000000000e+00,1.000000000000000056e-01
9.973971208625806995e-01,-7.210371591505899957e-02,-1.935104001190759830e-04,2.221315903629690425e+01,7.210337407362092665e-02,9.973961706885372536e-01,-1.407886018761197360e-03,1.293414154637342550e+00,2.945203456047138391e-04,1.390268708848177914e-03,9.999989902048317392e-01,3.487460981519078240e-01,0.000000000000000000e+00,0.000000000000000000e+00,0.000000000000000000e+00,1.000000000000000056e-01
9.975432384137704611e-01,-7.004444896532062426e-02,1.123683279234741770e-03,2.318524375416762595e+01,7.004686753307882985e-02,9.975410942057126862e-01,-2.280727882210115912e-03,1.359702092513766836e+00,-9.611679201592374013e-04,2.353835171370151445e-03,9.999967678028840457e-01,3.629120893355846089e-01,0.000000000000000000e+00,0.000000000000000000e+00,0.000000000000000000e+00,1.000000000000000056e-01
9.978426020593779144e-01,-6.561095644114728342e-02,2.311689911709974895e-03,2.411529541847394142e+01,6.561961058350890275e-02,9.978371242436303579e-01,-3.891039458857395439e-03,1.423461319316567941e+00,-2.051395193197815079e-03,4.034337130138211658e-03,9.999897578983905078e-01,3.691119193207039739e-01,0.000000000000000000e+00,0.000000000000000000e+00,0.000000000000000000e+00,1.000000000000000056e-01
9.979635213708358821e-01,-6.378609389273183494e-02,-3.797881365977300787e-04,2.507206108726729710e+01,6.378335044364684403e-02,9.979508422398161160e-01,-5.079436880649070701e-03,1.492532503763364549e+00,7.030073285816814625e-04,5.044868556182488181e-03,9.999870274568299910e-01,3.804457165490333082e-01,0.000000000000000000e+00,0.000000000000000000e+00,0.000000000000000000e+00,1.000000000000000056e-01
9.980415713654783305e-01,-6.231916412615630396e-02,-5.416974150204918563e-03,2.602739263661603175e+01,6.229966744580854587e-02,9.980506436467008191e-01,-3.696505450821261068e-03,1.565181411527108102e+00,5.636777667112519673e-03,3.351790420578400122e-03,9.999784958880406638e-01,3.891385761138879129e-01,0.000000000000000000e+00,0.000000000000000000e+00,0.000000000000000000e+00,1.000000000000000056e-01
9.981047487049552469e-01,-6.090846290345332259e-02,-8.778938395777298107e-03,2.698240414981341218e+01,6.086768847168987084e-02,9.981341111527191057e-01,-4.839488969378961947e-03,1.631117965102278022e+00,9.057323706896739865e-03,4.295963234256062330e-03,9.999497535312253937e-01,4.087827679558127536e-01,0.000000000000000000e+00,0.000000000000000000e+00,0.000000000000000000e+00,1.000000000000000056e-01
9.981576330680514975e-01,-6.022319365886368708e-02,-7.382851313154405355e-03,2.795311874594224477e+01,6.016484987163863568e-02,9.981573079184692387e-01,-7.885397192111094980e-03,1.685280822166106862e+00,7.844130793678103647e-03,7.426681256198504333e-03,9.999416553067536073e-01,4.326679238163790298e-01,0.000000000000000000e+00,0.000000000000000000e+00,0.000000000000000000e+00,1.000000000000000056e-01
9.982162007938077952e-01,-5.955067056636292877e-02,-4.258416122551630413e-03,2.896359039238331690e+01,5.950068992099095955e-02,9.981673004952823502e-01,-1.103214035837106824e-02,1.732791830604089034e+00,4.907583081556181163e-03,1.075908253789471108e-02,9.999300764409680964e-01,4.493568209781152456e-01,0.000000000000000000e+00,0.000000000000000000e+00,0.000000000000000000e+00,1.000000000000000056e-01
9.982287942399574732e-01,-5.947954596685854634e-02,-1.207460896646280054e-03,2.992150141906016003e+01,5.945225469941821383e-02,9.980996670915867064e-01,-1.620135682031788316e-02,1.780424660732335296e+00,2.168815666688335333e-03,1.610087461103022755e-02,9.998680203283650814e-01,4.573505087635231781e-01,0.000000000000000000e+00,0.000000000000000000e+00,0.000000000000000000e+00,1.000000000000000056e-01
9.982651660486810963e-01,-5.884238882240496599e-02,-2.057068660051658299e-03,3.085094332561482133e+01,5.878109040217038145e-02,9.980151458209537418e-01,-2.259540048577172999e-02,1.825836824858906748e+00,3.382553019706907495e-03,2.243528447899539868e-02,9.997425750389024035e-01,4.781637506893817169e-01,0.000000000000000000e+00,0.000000000000000000e+00,0.000000000000000000e+00,1.000000000000000056e-01
9.982809882242070776e-01,-5.839249203397453569e-02,-5.038394998690606634e-03,3.180003745529503334e+01,5.824692827917227200e-02,9.979801718035927749e-01,-2.535492127600532872e-02,1.864315208128284995e+00,6.508755345038807170e-03,2.501786483562669708e-02,9.996658154317995537e-01,4.921103348739619410e-01,0.000000000000000000e+00,0.000000000000000000e+00,0.000000000000000000e+00,1.000000000000000056e-01
9.982855782129772537e-01,-5.796134045262254370e-02,-8.147842960986665869e-03,3.278824840766699111e+01,5.773025719560787722e-02,9.979884013594290115e-01,-2.619862889886008170e-02,1.936895024357340844e+00,9.649960420161503641e-03,2.568333632895856630e-02,9.996235513926744476e-01,5.069203648868175760e-01,0.000000000000000000e+00,0.000000000000000000e+00,0.000000000000000000e+00,1.000000000000000056e-01
9.982121511388494239e-01,-5.899387007163785224e-02,-9.603364656287057335e-03,3.376154752689637917e+01,5.871963713160938125e-02,9.979175233521614397e-01,-2.669495835959477537e-02,2.001026774623249960e+00,1.115820477868337789e-02,2.608332572083341128e-02,9.995974962881098991e-01,5.232448028183316335e-01,0.000000000000000000e+00,0.000000000000000000e+00,0.000000000000000000e+00,1.000000000000000056e-01
9.982061367709204047e-01,-5.924428125510426690e-02,-8.638498216744342623e-03,3.472997061761407167e+01,5.898193443805130332e-02,9.978666590954841098e-01,-2.798681967573875967e-02,2.071833364556432855e+00,1.027812837145032632e-02,2.742709981356033361e-02,9.995709651010262764e-01,5.502030248092114606e-01,0.000000000000000000e+00,0.000000000000000000e+00,0.000000000000000000e+00,1.000000000000000056e-01
9.981738483392341710e-01,-5.976076293083671526e-02,-8.810204626899645342e-03,3.571420567691753689e+01,5.951687790250449056e-02,9.978953232155549635e-01,-2.574228329541507557e-02,2.136920092814625693e+00,1.033004048307093956e-02,2.517091810894797957e-02,9.996297890445096090e-01,5.612079497023095831e-01,0.000000000000000000e+00,0.000000000000000000e+00,0.000000000000000000e+00,1.000000000000000056e-01
9.982704331758998073e-01,-5.819849115610372520e-02,-8.311310002299301947e-03,3.670128826939347277e+01,5.798043399009932680e-02,9.980187904754936890e-01,-2.442873578702629833e-02,2.205625067557166474e+00,9.716559119417666340e-03,2.390459129509477781e-02,9.996670240604584867e-01,5.864245204341306250e-01,0.000000000000000000e+00,0.000000000000000000e+00,0.000000000000000000e+00,1.000000000000000056e-01
9.982182688528615788e-01,-5.930100785571381511e-02,-6.608948153272619329e-03,3.771241159829342848e+01,5.912262528532722522e-02,9.979493042280576098e-01,-2.452960191496367584e-02,2.270217315809932135e+00,8.050025327094510047e-03,2.409515839400878587e-02,9.996772581359449905e-01,6.045738988068724007e-01,0.000000000000000000e+00,0.000000000000000000e+00,0.000000000000000000e+00,1.000000000000000056e-01
9.983514692733751472e-01,-5.722094688358943249e-02,-4.484087135477889639e-03,3.870638754749239752e+01,5.709570044053760562e-02,9.980723632172825432e-01,-2.432362582085891706e-02,2.331762138969917686e+00,5.867264345290304668e-03,2.402750548047379031e-02,9.996940803013131260e-01,6.362561834927690230e-01,0.000000000000000000e+00,0.000000000000000000e+00,0.000000000000000000e+00,1.000000000000000056e-01
9.983798007404413033e-01,-5.682042635376136769e-02,-3.035230214258647155e-03,3.972083421011811311e+01,5.674862175283191396e-02,9.981877026967601596e-01,-2.002259009514962412e-02,2.395392384322000634e+00,4.167421580639635477e-03,1.981790437814128641e-02,9.997949206029345115e-01,6.547563222904394520e-01,0.000000000000000000e+00,0.000000000000000000e+00,0.000000000000000000e+00,1.000000000000000056e-01
9.982799820301910820e-01,-5.856763826154200159e-02,-2.628540710469685644e-03,4.073000247126198303e+01,5.849287204338987634e-02,9.980279140773852253e-01,-2.277864443857453153e-02,2.464981593652011860e+00,3.957448409904267342e-03,2.258571386537395337e-02,9.997370775015170796e-01,6.739673264432269884e-01,0.000000000000000000e+00,0.000000000000000000e+00,0.000000000000000000e+00,1.000000000000000056e-01
9.983362089580687382e-01,-5.743938440542801366e-02,-5.052821227480932403e-03,4.174544236094094884e+01,5.731665886188067743e-02,9.981185749127757800e-01,-2.177409081914528921e-02,2.528386490550940557e+00,6.294005095501877325e-03,2.144825245130860258e-02,9.997501477702530615e-01,7.096482383056145204e-01,0.000000000000000000e+00,0.000000000000000000e+00,0.000000000000000000e+00,1.000000000000000056e-01
9.983891886335287680e-01,-5.631156357083289682e-02,-6.930788403353201760e-03,4.277725409111962307e+01,5.618054828221925173e-02,9.982613335567391832e-01,-1.783412235659508072e-02,2.604328254000047860e+00,7.923005388944366623e-03,1.741601945706360705e-02,9.998169373699756779e-01,7.358910775815994398e-01,0.000000000000000000e+00,0.000000000000000000e+00,0.000000000000000000e+00,1.000000000000000056e-01
9.984095557568765100e-01,-5.589966706664756257e-02,-7.320259230009048233e-03,4.383675722623393511e+01,5.574820731675239616e-02,9.982548802160011725e-01,-1.947643463022829743e-02,2.671151972660455787e+00,8.396210712277845517e-03,1.903736711772716431e-02,9.997835177171605636e-01,7.615754854402382312e-01,0.000000000000000000e+00,0.000000000000000000e+00,0.000000000000000000e+00,1.000000000000000056e-01
9.983869926813359053e-01,-5.634592189529245843e-02,-6.967778016543996200e-03,4.484247918200647831e+01,5.617893496590843638e-02,9.981738095360784824e-01,-2.220300030015572718e-02,2.730745716448988780e+00,8.206102047529190494e-03,2.177574435012696180e-02,9.997292017577477097e-01,7.946365593412964001e-01,0.000000000000000000e+00,0.000000000000000000e+00,0.000000000000000000e+00,1.000000000000000056e-01
9.985019929883682810e-01,-5.442711351946092485e-02,-5.608860151251144656e-03,4.582434483843513107e+01,5.428683547353740230e-02,9.982674086535593405e-01,-2.269626212345792621e-02,2.791304753624423540e+00,6.834434323750576169e-03,2.235777569543410254e-02,9.997266728328433327e-01,8.153597066389136616e-01,0.000000000000000000e+00,0.000000000000000000e+00,0.000000000000000000e+00,1.000000000000000056e-01
9.983248244319353759e-01,-5.729735412707750303e-02,-8.034807588346654095e-03,4.673780126685226577e+01,5.712559458998215517e-02,9.981629000510982008e-01,-2.018641633184023454e-02,2.847696218964897330e+00,9.176675088858738533e-03,1.969360737949395201e-02,9.997639473709261093e-01,8.398382522746822287e-01,0.000000000000000000e+00,0.000000000000000000e+00,0.000000000000000000e+00,1.000000000000000056e-01
9.984149579525957163e-01,-5.483896951878565462e-02,-1.265935064030345586e-02,4.769207019406074721e+01,5.459701270802715112e-02,9.983328451218120847e-01,-1.872689387878917130e-02,2.905350525395893335e+00,1.366520910472923678e-02,1.800604823678999059e-02,9.997444895007016052e-01,8.557463604469743856e-01,0.000000000000000000e+00,0.000000000000000000e+00,0.000000000000000000e+00,1.000000000000000056e-01
9.985139333312039733e-01,-5.317927773284811949e-02,-1.191173216877334205e-02,4.865425560761141810e+01,5.292910885857324971e-02,9.983895629915138237e-01,-2.041543399125728478e-02,2.965016718869539769e+00,1.297822710871127279e-02,1.975461792661869706e-02,9.997206213196204727e-01,8.819982832042077003e-01,0.000000000000000000e+00,0.000000000000000000e+00,0.000000000000000000e+00,1.000000000000000056e-01
9.987171214996400925e-01,-4.850392605680228092e-02,-1.454236502600162427e-02,4.961868300725198111e+01,4.820803917606433092e-02,9.986360596080657848e-01,-2.005007255036088745e-02,3.031206396638387091e+00,1.549503734336463330e-02,1.932329184046925954e-02,9.996932100450496295e-01,9.026765564924685847e-01,0.000000000000000000e+00,0.000000000000000000e+00,0.000000000000000000e+00,1.000000000000000056e-01
9.988037906804924093e-01,-4.753947388355513060e-02,-1.144491787449103230e-02,5.062744611154536045e+01,4.726272974564675600e-02,9.986096516187676908e-01,-2.334519374161373242e-02,3.093000086393256964e+00,1.253882367963687731e-02,2.277634994283110961e-02,9.996619507533597293e-01,9.409314553255905267e-01,0.000000000000000000e+00,0.000000000000000000e+00,0.000000000000000000e+00,1.000000000000000056e-01
9.989146643131937564e-01,-4.545735289485710456e-02,-1.015492431541510990e-02,5.157908981888298428e+01,4.521626312223441663e-02,9.987163678283020873e-01,-2.282775024185229595e-02,3.144245454486545910e+00,1.117957822640222587e-02,2.234380674003312583e-02,9.996878369426347444e-01,9.657099824822431566e-01,0.000000000000000000e+00,0.000000000000000000e+00,0.000000000000000000e+00,1.000000000000000056e-01
9.989544701475546740e-01,-4.456363634185469408e-02,-1.020043568722964894e-02,5.253750588187477177e+01,4.427573088420940634e-02,9.986572132718972705e-01,-2.689665471164252517e-02,3.182911189120938289e+00,1.138535141695004235e-02,2.641690171082112029e-02,9.995861749129553164e-01,9.916081416342850119e-01,0.000000000000000000e+00,0.000000000000000000e+00,0.000000000000000000e+00,1.000000000000000056e-01
9.989127451107316924e-01,-4.515008890913153189e-02,-1.161021648548416114e-02,5.352168943215514929e+01,4.478630801797931632e-02,9.985494551205655878e-01,-2.988598823094441859e-02,3.238060832371364661e+00,1.294273037117641724e-02,2.933351581244539319e-02,9.994858831322331882e-01,1.033136514236521863e+00,0.000000000000000000e+00,0.000000000000000000e+00,0.000000000000000000e+00,1.000000000000000056e-01
9.989241613002252107e-01,-4.481427045724233754e-02,-1.192481169774733951e-02,5.448295252123730137e+01,4.445325365772572618e-02,9.985907805423008821e-01,-2.898898506605821629e-02,3.277723567145450545e+00,1.320712723810476760e-02,2.842770091483638045e-02,9.995085980674769388e-01,1.051973155730709042e+00,0.000000000000000000e+00,0.000000000000000000e+00,0.000000000000000000e+00,1.000000000000000056e-01
9.988956708700049703e-01,-4.640390414064157754e-02,-7.356384823318395765e-03,5.542505141724687689e+01,4.614980548199380805e-02,9.984347343000695707e-01,-3.159551862406322076e-02,3.321064783729502423e+00,8.811025543983851127e-03,3.122113104382253160e-02,9.994736648882789343e-01,1.084827911384324661e+00,0.000000000000000000e+00,0.000000000000000000e+00,0.000000000000000000e+00,1.000000000000000056e-01
9.987703981127494801e-01,-4.954222261011372724e-02,-1.805556022350218726e-03,5.636655916702912350e+01,4.946035760666154385e-02,9.982740176071250859e-01,-3.166478795050406414e-02,3.367262795403514808e+00,3.371183637992211830e-03,3.153654942093643554e-02,9.994969140380073336e-01,1.121734598559822826e+00,0.000000000000000000e+00,0.000000000000000000e+00,0.000000000000000000e+00,1.000000000000000056e-01
9.987760305775171821e-01,-4.943369681758645606e-02,-1.658421769479089805e-03,5.732357901497993424e+01,4.936587516635029815e-02,9.983684434600555990e-01,-2.869601840336254844e-02,3.428959955354880851e+00,3.074266234218815327e-03,2.857902591224456557e-02,9.995868087189968554e-01,1.133773590617392690e+00,0.000000000000000000e+00,0.000000000000000000e+00,0.000000000000000000e+00,1.000000000000000056e-01
9.987058334141972749e-01,-5.063702455394125668e-02,-4.748689164087371677e-03,5.822721305568414607e+01,5.048244515585366410e-02,9.983209184390101631e-01,-2.840539628622569188e-02,3.482570247044570078e+00,6.179080476883122390e-03,2.812890953120733908e-02,9.995852056793584905e-01,1.151701143478663258e+00,0.000000000000000000e+00,0.000000000000000000e+00,0.000000000000000000e+00,1.000000000000000056e-01
9.984997631385300609e-01,-5.372673228095356524e-02,-1.056698872480367653e-02,5.914432133682974779e+01,5.340839655983226075e-02,9.981688740122264258e-01,-2.839792474938414996e-02,3.540467054639634181e+00,1.207336693748200553e-02,2.779095521162828347e-02,9.995408428969864145e-01,1.172735302262870594e+00,0.000000000000000000e+00,0.000000000000000000e+00,0.000000000000000000e+00,1.000000000000000056e-01
9.984228573674207574e-01,-5.380621585090619718e-02,-1.602151747122376735e-02,6.008766280979018148e+01,5.336775449139241623e-02,9.982194880584056573e-01,-2.664087913265826904e-02,3.599703929328819996e+00,1.742643586111350396e-02,2.574383025542493694e-02,9.995166704647593381e-01,1.206299917510377906e+00,0.000000000000000000e+00,0.000000000000000000e+00,0.000000000000000000e+00,1.000000000000000056e-01
9.983980539614890626e-01,-5.430219193738316380e-02,-1.589332553958677785e-02,6.100050377166633098e+01,5.391970051857752216e-02,9.982668393923548322e-01,-2.357929739380135517e-02,3.668180613921846245e+00,1.714618738666392334e-02,2.268456127841170580e-02,9.995956277103793530e-01,1.223160432508345385e+00,0.000000000000000000e+00,0.000000000000000000e+00,0.000000000000000000e+00,1.000000000000000056e-01
9.983789372091351755e-01,-5.535309431218481124e-02,-1.324887494182354353e-02,6.191977579540089494e+01,5.506276654291684947e-02,9.982544456807002087e-01,-2.135774846181567183e-02,3.727736547007844514e+00,1.440796577584578173e-02,2.059360650260964182e-02,9.996841070525317452e-01,1.258439284572332673e+00,0.000000000000000000e+00,0.000000000000000000e+00,0.000000000000000000e+00,1.000000000000000056e-01
9.982341931482400232e-01,-5.811134379509633879e-02,-1.231126930947079763e-02,6.280431745542878730e+01,5.784491953459001273e-02,9.981048554168902021e-01,-2.099197173362910701e-02,3.790689033230712823e+00,1.350780936047761387e-02,2.024275958353490695e-02,9.997038410302944156e-01,1.294753930467000158e+00,0.000000000000000000e+00,0.000000000000000000e+00,0.000000000000000000e+00,1.000000000000000056e-01
9.983018248224827529e-01,-5.643132243258414116e-02,-1.445587785679967700e-02,6.363169115150165567e+01,5.612770362327565432e-02,9.982108089856093214e-01,-2.061217383666953326e-02,3.853089505335475007e+00,1.559318575784673401e-02,1.976579552674470261e-02,9.996830327084261780e-01,1.324352813444627852e+00,0.000000000000000000e+00,0.000000000000000000e+00,0.000000000000000000e+00,1.000000000000000056e-01
9.982729884801880837e-01,-5.734739020939802479e-02,-1.274038095997297691e-02,6.445241626669863422e+01,5.710955358425864881e-02,9.982000494257750045e-01,-1.830738145631500072e-02,3.900672232841235765e+00,1.376732945203582199e-02,1.754816692852491020e-02,9.997512302954209007e-01,1.350564476772039058e+00,0.000000000000000000e+00,0.000000000000000000e+00,0.000000000000000000e+00,1.000000000000000056e-01
9.981493495769938606e-01,-5.915497494308304127e-02,-1.409130506757030367e-02,6.526254862491862241e+01,5.889029779381238505e-02,9.980928202548523531e-01,-1.851094220916892422e-02,3.951646908456476037e+00,1.515944473851898143e-02,1.764684377440661409e-02,9.997293534452319497e-01,1.380603693810302346e+00,0.000000000000000000e+00,0.000000000000000000e+00,0.000000000000000000e+00,1.000000000000000056e-01
9.981149301983618383e-01,-6.006305778426983960e-02,-1.261012310497534872e-02,6.606866273071662476e+01,5.982423633451820072e-02,9.980368955890187577e-01,-1.853148105321664532e-02,3.994303576131411404e+00,1.369842553401240740e-02,1.774215693306418692e-02,9.997487529400832518e-01,1.413300211449837418e+00,0.000000000000000000e+00,0.000000000000000000e+00,0.000000000000000000e+00,1.000000000000000056e-01
9.980116743463003370e-01,-6.166712820405504530e-02,-1.303315646951588858e-02,6.681947236721116212e+01,6.142914083643304796e-02,9.979503235246540704e-01,-1.793355606498706067e-02,4.048058221452250471e+00,1.411235361631498278e-02,1.709728271109182268e-02,9.997542319986972847e-01,1.436680633012869857e+00,0.000000000000000000e+00,0.000000000000000000e+00,0.000000000000000000e+00,1.000000000000000056e-01
9.979288000154493687e-01,-6.331024071472526882e-02,-1.139839990388288350e-02,6.760786343384468466e+01,6.310655020081767930e-02,9.978547237487375154e-01,-1.742164211784766326e-02,4.102990405400835705e+00,1.247691554339342389e-02,1.666624471721894762e-02,9.997832579442150758e-01,1.456445282988477530e+00,0.000000000000000000e+00,0.000000000000000000e+00,0.000000000000000000e+00,1.000000000000000056e-01
9.978121625724899468e-01,-6.564042296007861765e-02,-7.888161765133443887e-03,6.835952469061821546e+01,6.551344495817378044e-02,9.977328164932458554e-01,-1.540179931590552817e-02,4.162584094082876440e+00,8.881258476323213025e-03,1.485132203128994993e-02,9.998502695312931898e-01,1.480741673845156203e+00,0.000000000000000000e+00,0.000000000000000000e+00,0.000000000000000000e+00,1.000000000000000056e-01
9.979207233074247618e-01,-6.405758847931897204e-02,-7.131293837748458632e-03,6.905437109650493710e+01,6.396545705690015460e-02,9.978741490365624633e-01,-1.247409267474315631e-02,4.211588985159275822e+00,7.915194065084509359e-03,1.199199911484490413e-02,9.998967655013899503e-01,1.506212104105311145e+00,0.000000000000000000e+00,0.000000000000000000e+00,0.000000000000000000e+00,1.000000000000000056e-01
9.979893198344762517e-01,-6.275778777534074537e-02,-8.875672924619085538e-03,6.971770432975213794e+01,6.266564588883893894e-02,9.979813807900131950e-01,-1.030438847255853163e-02,4.260277288526669537e+00,9.504436945667384465e-03,9.727469866519570380e-03,9.999075167275930376e-01,1.538361816436119467e+00,0.000000000000000000e+00,0.000000000000000000e+00,0.000000000000000000e+00,1.000000000000000056e-01
9.977259516229223246e-01,-6.596616288087120417e-02,-1.383440685061658806e-02,7.040507974405626612e+01,6.583671677843039305e-02,9.977841049558978659e-01,-9.612836272111711239e-03,4.320618477893264142e+00,1.443787318031148140e-02,8.680164291766382517e-03,9.998580912138967935e-01,1.561457384596062647e+00,0.000000000000000000e+00,0.000000000000000000e+00,0.000000000000000000e+00,1.000000000000000056e-01
9.977100658524238330e-01,-6.529526779140362724e-02,-1.763951532216487261e-02,7.114570368083275298e+01,6.512017737971609321e-02,9.978240100980445559e-01,-1.032508449804979585e-02,4.375490491513003732e+00,1.827531107221748441e-02,9.152752367809506920e-03,9.997910982446819306e-01,1.588980458929012851e+00,0.000000000000000000e+00,0.000000000000000000e+00,0.000000000000000000e+00,1.000000000000000056e-01
9.975778757473519054e-01,-6.729950480430789417e-02,-1.758290284611084900e-02,7.185576023974975612e+01,6.712255276705884899e-02,9.976898236930656916e-01,-1.046798019356453072e-02,4.426540590598851743e+00,1.824677312387682979e-02,9.262416120775315842e-03,9.997906095369026858e-01,1.610931466523435107e+00,0.000000000000000000e+00,0.000000000000000000e+00,0.000000000000000000e+00,1.000000000000000056e-01
9.975690447269439654e-01,-6.794975464188482417e-02,-1.545418540979119973e-02,7.253572719525625700e+01,6.781563372211454888e-02,9.976568803920159434e-01,-9.043717672433910365e-03,4.477781515429538395e+00,1.603249280182445988e-02,7.973697422046031880e-03,9.998396768102280063e-01,1.629254206222773949e+00,0.000000000000000000e+00,0.000000000000000000e+00,0.000000000000000000e+00,1.000000000000000056e-01
9.975085187017452837e-01,-6.892218987226067517e-02,-1.504948041169437874e-02,7.317164801807294339e+01,6.878471491005533345e-02,9.975865824121394887e-01,-9.469613825816951269e-03,4.525414605362818143e+00,1.566582625310057250e-02,8.410846240405375762e-03,9.998419072800098784e-01,1.649024265380733878e+00,0.000000000000000000e+00,0.000000000000000000e+00,0.000000000000000000e+00,1.000000000000000056e-01
9.974149363492824660e-01,-6.985961826441330902e-02,-1.682493635373783283e-02,7.375501375876326904e+01,6.969181297861201663e-02,9.975147491394001920e-01,-1.036226100393878788e-02,4.562197277773776705e+00,1.750702576427655074e-02,9.162913581936511093e-03,9.998047534711859141e-01,1.675392607831123870e+00,0.000000000000000000e+00,0.000000000000000000e+00,0.000000000000000000e+00,1.000000000000000056e-01
9.973865184909762593e-01,-6.935154178480791576e-02,-2.026071036562026445e-02,7.439715712705822170e+01,6.900571892991970435e-02,9.974663002901154041e-01,-1.729712520953305063e-02,4.592681171685658370e+00,2.140895811137082105e-02,1.585381460782816707e-02,9.996450935581918662e-01,1.708277022909433063e+00,0.000000000000000000e+00,0.000000000000000000e+00,0.000000000000000000e+00,1.000000000000000056e-01
9.973515439455962195e-01,-6.841524632133282047e-02,-2.468302777470435944e-02,7.502364999180815630e+01,6.792410608038222664e-02,9.974856360911694697e-01,-2.021686437052195098e-02,4.615508499126085518e+00,2.600410741626121847e-02,1.848674829672474276e-02,9.994908836677286468e-01,1.729954501879555906e+00,0.000000000000000000e+00,0.000000000000000000e+00,0.000000000000000000e+00,1.000000000000000056e-01
9.976914346655350041e-01,-6.327270795951531190e-02,-2.466506887272726378e-02,7.561192647036507708e+01,6.277795033825783744e-02,9.978201703187283833e-01,-2.034297560414959766e-02,4.655911756193823692e+00,2.589845837793678524e-02,1.874759004708820981e-02,9.994887681815501912e-01,1.759813060692466236e+00,0.000000000000000000e+00,0.000000000000000000e+00,0.000000000000000000e+00,1.000000000000000056e-01
9.980024513562592015e-01,-5.849327006500565362e-02,-2.386722531003132933e-02,7.618343595184035166e+01,5.812066768162986452e-02,9.981810516837740233e-01,-1.601799137583740165e-02,4.708551738718953494e+00,2.476075675618645208e-02,1.459881558816223009e-02,9.995868043888354038e-01,1.771381223927668502e+00,0.000000000000000000e+00,0.000000000000000000e+00,0.000000000000000000e+00,1.000000000000000056e-01
9.984750163477287277e-01,-5.139547418308458571e-02,-2.015308817275479614e-02,7.672227757481417143e+01,5.102881889158257522e-02,9.985294210672295279e-01,-1.830450506497054500e-02,4.727899445445369331e+00,2.106422018335851049e-02,1.724820270750994713e-02,9.996293303677257214e-01,1.798924535446741579e+00,0.000000000000000000e+00,0.000000000000000000e+00,0.000000000000000000e+00,1.000000000000000056e-01
9.988829352558487029e-01,-4.402509424205267030e-02,-1.716603424319083221e-02,7.728873861494481901e+01,4.363047460189975468e-02,9.987893001968237705e-01,-2.272257684225112082e-02,4.734869935341595948e+00,1.814561491581367231e-02,2.194823203170149714e-02,9.995944236389124882e-01,1.819106571055407517e+00,0.000000000000000000e+00,0.000000000000000000e+00,0.000000000000000000e+00,1.000000000000000056e-01
9.992543113834788659e-01,-3.578210012413783614e-02,-1.450732546803877761e-02,7.784339673742897503e+01,3.540916652018334665e-02,9.990552211423247009e-01,-2.519634962859946051e-02,4.740065815817303907e+00,1.539519755882848805e-02,2.466386869424324821e-02,9.995772513783803825e-01,1.851888239461024543e+00,0.000000000000000000e+00,0.000000000000000000e+00,0.000000000000000000e+00,1.000000000000000056e-01
9.996046291245526128e-01,-2.394561910598402149e-02,-1.473746105666659534e-02,7.833010993075457407e+01,2.362927301786400813e-02,9.994943298189377101e-01,-2.127773757803733470e-02,4.754498747587528662e+00,1.523951736154643619e-02,2.092108948940545401e-02,9.996649764421895457e-01,1.876611950924492955e+00,0.000000000000000000e+00,0.000000000000000000e+00,0.000000000000000000e+00,1.000000000000000056e-01
9.998486084283173536e-01,-9.625040835073168238e-03,-1.449547560035766014e-02,7.883422833238977034e+01,9.341097435327547910e-03,9.997656271938412109e-01,-1.953035023774607470e-02,4.764595362468778461e+00,1.468005867362618538e-02,1.939198985737371206e-02,9.997041795484854498e-01,1.884332560574778270e+00,0.000000000000000000e+00,0.000000000000000000e+00,0.000000000000000000e+00,1.000000000000000056e-01
9.998659538102376843e-01,9.252443578828746171e-03,-1.350802350324397175e-02,7.932721451946254376e+01,-9.421114490336507039e-03,9.998777767119904070e-01,-1.247694831467170175e-02,4.756118939674458979e+00,1.339093024787943106e-02,1.260253646325247730e-02,9.998309152360657093e-01,1.899096932374674251e+00,0.000000000000000000e+00,0.000000000000000000e+00,0.000000000000000000e+00,1.000000000000000056e-01
9.994201330112013615e-01,3.142006548444022801e-02,-1.312163163734208528e-02,7.981782222448953235e+01,-3.160859743835656849e-02,9.993963461371011547e-01,-1.441665341857920404e-02,4.726899935612073556e+00,1.266073851923842954e-02,1.482305004933196987e-02,9.998099733886347540e-01,1.918545857818932054e+00,0.000000000000000000e+00,0.000000000000000000e+00,0.000000000000000000e+00,1.000000000000000056e-01
9.983471859175417906e-01,5.602702968131706429e-02,-1.280110603089083289e-02,8.030458403178670324e+01,-5.624546800219980269e-02,9.982654516340986328e-01,-1.739354486534093469e-02,4.707557285974441008e+00,1.180439323890944588e-02,1.808480076909686762e-02,9.997667709428050831e-01,1.937354356834951163e+00,0.000000000000000000e+00,0.000000000000000000e+00,0.000000000000000000e+00,1.000000000000000056e-01
9.963670034862829317e-01,8.444500014714659275e-02,-1.103794880916868226e-02,8.077369012892980038e+01,-8.463726417512468236e-02,9.962438101621547970e-01,-1.829765631283705729e-02,4.658358133688280667e+00,9.451342587991063554e-03,1.916540278055643698e-02,9.997716536587459846e-01,1.953979348353711565e+00,0.000000000000000000e+00,0.000000000000000000e+00,0.000000000000000000e+00,1.000000000000000056e-01
9.930545440404385804e-01,1.172824199516905863e-01,-9.354492552351562767e-03,8.123909158743754233e+01,-1.174431579397893777e-01,9.928971156295417488e-01,-1.903739550637302894e-02,4.594947678395064905e+00,7.055296858843027909e-03,2.000379326057117116e-02,9.997750102105082970e-01,1.969314332625952568e+00,0.000000000000000000e+00,0.000000000000000000e+00,0.000000000000000000e+00,1.000000000000000056e-01
