9.999999999999998890e-01,-4.118568845381852523e-09,1.152110712803173197e-08,1.111554855734565740e-14,4.118568863001535762e-09,1.000000000000000000e+00,-1.529339424956567680e-09,5.062060034235144186e-15,-1.152110712173304278e-08,1.529339472407040710e-09,9.999999999999998890e-01,-2.315355346972008087e-14,0.000000000000000000e+00,0.000000000000000000e+00,0.000000000000000000e+00,1.000000000000000056e-01
9.998631723994901854e-01,-1.189477274953716288e-02,1.149568877728481160e-02,6.534956145964879726e-01,1.192639266542775897e-02,9.999252705996491963e-01,-2.685958713091111342e-03,4.037204186663430339e-03,-1.146288084284900581e-02,2.822693298122780619e-03,9.999303149546608926e-01,2.654287339728108024e-03,0.000000000000000000e+00,0.000000000000000000e+00,0.000000000000000000e+00,1.000000000000000056e-01
9.995600985227063306e-01,-1.801880615808429051e-02,2.355699611400195043e-02,1.338902099242569310e+00,1.809769854093993061e-02,9.998312923398553487e-01,-3.140090052204225213e-03,-2.327969555708680940e-03,-2.349644119433792061e-02,3.565036136152725972e-03,9.997175639992271767e-01,-1.346309367770090991e-02,0.000000000000000000e+00,0.000000000000000000e+00,0.000000000000000000e+00,1.000000000000000056e-01
9.991220713440895906e-01,-2.535892132502852447e-02,3.334683886557877897e-02,2.071577959394621526e+00,2.556914661594594795e-02,9.996556870973544173e-01,-5.892876653095186455e-03,1.851939841682288465e-02,-3.318592012327097052e-02,6.740353339947996979e-03,9.994264667009897796e-01,-3.791837177354901584e-02,0.000000000000000000e+00,0.000000000000000000e+00,0.000000000000000000e+00,1.000000000000000056e-01
9.984287652316820028e-01,-3.381708066953233865e-02,4.468115724697780539e-02,2.804540138328047494e+00,3.419003518391833946e-02,9.993863830644320601e-01,-7.609128696153157415e-03,6.685751562343593413e-02,-4.439642161324761777e-02,9.124823306921514901e-03,9.989723196102864300e-01,-8.023949295530818926e-02,0.000000000000000000e+00,0.000000000000000000e+00,0.000000000000000000e+00,1.000000000000000056e-01
9.976583110654675401e-01,-4.250567344581079182e-02,5.358322579797689111e-02,3.556350110927890107e+00,4.301086037758681396e-02,9.990400447872219702e-01,-8.309921848319551385e-03,9.245478953857316773e-02,-5.317856947660978828e-02,1.059512323965800321e-02,9.985288093550219735e-01,-1.170115240068839435e-01,0.000000000000000000e+00,0.000000000000000000e+00,0.000000000000000000e+00,1.000000000000000056e-01
9.966169235911729318e-01,-5.135415462358464134e-02,6.416742487090452973e-02,4.315893902276898508e+00,5.203359684601054080e-02,9.986051246417890770e-01,-8.961575666357692385e-03,1.465996247193461777e-01,-6.361770516871116665e-02,1.227011988751423345e-02,9.978989085809308879e-01,-1.512220779984056740e-01,0.000000000000000000e+00,0.000000000000000000e+00,0.000000000000000000e+00,1.000000000000000056e-01
9.952799760015610397e-01,-6.078119753900401018e-02,7.565325766982336497e-02,5.120801979982606333e+00,6.151022741011382550e-02,9.980794504665009281e-01,-7.341830864545028160e-03,2.131963310110810694e-01,-7.506171656902202449e-02,1.196062633025866788e-02,9.971071567908335043e-01,-2.051496302018512852e-01,0.000000000000000000e+00,0.000000000000000000e+00,0.000000000000000000e+00,1.000000000000000056e-01
9.940046777128140887e-01,-6.518911737315076504e-02,8.777858315759175245e-02,5.896617977425831825e+00,6.592292918109306232e-02,9.978096482587585081e-01,-5.483908270316644948e-03,2.792587358329503555e-01,-8.722882604523153616e-02,1.123765179395734039e-02,9.961249154041517118e-01,-2.579464015028103407e-01,0.000000000000000000e+00,0.000000000000000000e+00,0.000000000000000000e+00,1.000000000000000056e-01
9.923075017827256428e-01,-7.349168567327629686e-02,9.962326055006553993e-02,6.701212041642582662e+00,7.459421002692290248e-02,9.971866439177267116e-01,-7.382480786315242377e-03,3.374878568431474157e-01,-9.880043388662423931e-02,1.475700948706589952e-02,9.949978416734447384e-01,-3.271575423250557835e-01,0.000000000000000000e+00,0.000000000000000000e+00,0.000000000000000000e+00,1.000000000000000056e-01
9.905254889399494056e-01,-8.103484611291726647e-02,1.108720410010117646e-01,7.534147131802444441e+00,8.269321574811765163e-02,9.965204262867489726e-01,-1.043417761548175171e-02,4.032528635406576467e-01,-1.096407215842247346e-01,1.950368449119214975e-02,9.937799144990597799e-01,-4.037879765221178974e-01,0.000000000000000000e+00,0.000000000000000000e+00,0.000000000000000000e+00,1.000000000000000056e-01
9.887180967568375278e-01,-8.742064630393504843e-02,1.216312284955598927e-01,8.373726426515704091e+00,8.942241959291712117e-02,9.959320794776007624e-01,-1.108710699732599891e-02,4.920613918729032643e-01,-1.201672002656510446e-01,2.183858207906751170e-02,9.925134358350473640e-01,-4.992158502316856317e-01,0.000000000000000000e+00,0.000000000000000000e+00,0.000000000000000000e+00,1.000000000000000056e-01
9.869771548641482761e-01,-9.400200409370858268e-02,1.305362746620171155e-01,9.223356250315619675e+00,9.632032761745078220e-02,9.952834052229064810e-01,-1.154719773636171849e-02,6.015472131265967581e-01,-1.288351282218406779e-01,2.397011710989505051e-02,9.913762874014083737e-01,-5.990050719242691057e-01,0.000000000000000000e+00,0.000000000000000000e+00,0.000000000000000000e+00,1.000000000000000056e-01
9.851685908487703980e-01,-9.895588994959701734e-02,1.401805245008424516e-01,1.000521234945106208e+01,1.020281053934786325e-01,9.946701661304273578e-01,-1.488376027370815272e-02,7.002685337247370745e-01,-1.379605498498221450e-01,2.896536646326503331e-02,9.900140878951084744e-01,-6.934728317914700124e-01,0.000000000000000000e+00,0.000000000000000000e+00,0.000000000000000000e+00,1.000000000000000056e-01
9.828978577698765928e-01,-1.062177434414762478e-01,1.504313536786402450e-01,1.083480592397351039e+01,1.097465953956410778e-01,9.938413743547335200e-01,-1.532995172073121568e-02,8.038620949417202288e-01,-1.478765904071799864e-01,3.157710561301066421e-02,9.885015935296471712e-01,-8.160565106159511917e-01,0.000000000000000000e+00,0.000000000000000000e+00,0.000000000000000000e+00,1.000000000000000056e-01
9.809537366380486345e-01,-1.110675637979486180e-01,1.593542056170423604e-01,1.164247415510508254e+01,1.151325869484421255e-01,9.932134418789509978e-01,-1.647866176384099948e-02,9.111458495651941769e-01,-1.564424942220284664e-01,3.451166676583841686e-02,9.870839330364131747e-01,-9.159436663561403291e-01,0.000000000000000000e+00,0.000000000000000000e+00,0.000000000000000000e+00,1.000000000000000056e-01
9.790583384429739633e-01,-1.164539452492478061e-01,1.669827792353695273e-01,1.250632376992829720e+01,1.205228452589007376e-01,9.926059799900404101e-01,-1.440875632074314211e-02,1.042340537614852902e+00,-1.640701487046989926e-01,3.423225268510210473e-02,9.858545223206724994e-01,-1.050885043618520864e+00,0.000000000000000000e+00,0.000000000000000000e+00,0.000000000000000000e+00,1.000000000000000056e-01
9.770922786867520804e-01,-1.237497471063078169e-01,1.731377458033208361e-01,1.341086109451543251e+01,1.280331170531582297e-01,9.916745689287067567e-01,-1.375028282312355105e-02,1.167361437051283923e+00,-1.699947054127944612e-01,3.560266045098962884e-02,9.848016301268133210e-01,-1.201473413314891436e+00,0.000000000000000000e+00,0.000000000000000000e+00,0.000000000000000000e+00,1.000000000000000056e-01
9.761130137784108651e-01,-1.220459648907151889e-01,1.797447267274403793e-01,1.428055505123732161e+01,1.260667180461287340e-01,9.919599432900866320e-01,-1.107490446938517309e-02,1.296217252230704275e+00,-1.769479215292052710e-01,3.347018616354623805e-02,9.836509440368934598e-01,-1.343763494615676679e+00,0.000000000000000000e+00,0.000000000000000000e+00,0.000000000000000000e+00,1.000000000000000056e-01
9.715855203274080809e-01,-1.433040876699852584e-01,1.883759940841529257e-01,1.525366063629323499e+01,1.477409248573740563e-01,9.889789974896059377e-01,-9.652028115468891389e-03,1.528444743793366811e+00,-1.849167266972011892e-01,3.720861434570258558e-02,9.820495523170230667e-01,-1.517333906807830868e+00,0.000000000000000000e+00,0.000000000000000000e+00,0.000000000000000000e+00,1.000000000000000056e-01
9.698527452529682735e-01,-1.451190956337217730e-01,1.957705304884567177e-01,1.617729994956979311e+01,1.499990829188036501e-01,9.886329567627559767e-01,-1.025436131841212135e-02,1.690142465237228775e+00,-1.920570947629868241e-01,3.931062051127404144e-02,9.805961184229823324e-01,-1.689467159835581267e+00,0.000000000000000000e+00,0.000000000000000000e+00,0.000000000000000000e+00,1.000000000000000056e-01
9.665922186968296526e-01,-1.526268067940128037e-01,2.059236280823631415e-01,1.706023659350755040e+01,1.587724709564090064e-01,9.872221200707317346e-01,-1.355684732693936481e-02,1.848106468624908016e+00,-2.012232223704227274e-01,4.579894639522587296e-02,9.784741546346283902e-01,-1.859145327897323119e+00,0.000000000000000000e+00,0.000000000000000000e+00,0.000000000000000000e+00,1.000000000000000056e-01
9.638686750112969159e-01,-1.593823338693012015e-01,2.134348822998281547e-01,1.788809185171628968e+01,1.663582242180899062e-01,9.859510897696706078e-01,-1.501298827691285170e-02,1.984881866398763073e+00,-2.080435496884501245e-01,4.997719712402456244e-02,9.768419325564683398e-01,-2.023026345478622812e+00,0.000000000000000000e+00,0.000000000000000000e+00,0.000000000000000000e+00,1.000000000000000056e-01
9.613394508687445050e-01,-1.639850425649130861e-01,2.212133947534922762e-01,1.876105494108347216e+01,1.724353109543346196e-01,9.848315894838116646e-01,-1.930813017542182611e-02,2.127395262451889035e+00,-2.146916946215262634e-01,5.670666777172467254e-02,9.750342712391009137e-01,-2.209694913439268049e+00,0.000000000000000000e+00,0.000000000000000000e+00,0.000000000000000000e+00,1.000000000000000056e-01
9.579907145445314409e-01,-1.698523880979944944e-01,2.310929620387999206e-01,1.966190572311276696e+01,1.792308219328499208e-01,9.836026498686014641e-01,-2.005341967696555247e-02,2.297668494367957503e+00,-2.238975286056837932e-01,6.062997137450859553e-02,9.727249885015770703e-01,-2.405078968867296663e+00,0.000000000000000000e+00,0.000000000000000000e+00,0.000000000000000000e+00,1.000000000000000056e-01
9.551188883011564323e-01,-1.733349192088043944e-01,2.402143105504754295e-01,2.055787828878217738e+01,1.837798443911171087e-01,9.827299367979022149e-01,-2.160648321147732448e-02,2.453071399096001137e+00,-2.323206362033725658e-01,6.478330883852967403e-02,9.704793892144191192e-01,-2.612695766286764254e+00,0.000000000000000000e+00,0.000000000000000000e+00,0.000000000000000000e+00,1.000000000000000056e-01
9.530063596968230133e-01,-1.725602172978843440e-01,2.490017063867565883e-01,2.143684910354358664e+01,1.848680733491043227e-01,9.823995982430309137e-01,-2.673620818518841410e-02,2.640375674771648473e+00,-2.400055704220212249e-01,7.151224215502184622e-02,9.681339397977749561e-01,-2.818804956490060576e+00,0.000000000000000000e+00,0.000000000000000000e+00,0.000000000000000000e+00,1.000000000000000056e-01
9.499660389859563292e-01,-1.748639169291009987e-01,2.588187306389261311e-01,2.233939853533633624e+01,1.885203009657730744e-01,9.816493028102757368e-01,-2.871832891854836714e-02,2.845987381592905763e+00,-2.490474270035867299e-01,7.607402216467894218e-02,9.654988981115313340e-01,-3.039268504495745482e+00,0.000000000000000000e+00,0.000000000000000000e+00,0.000000000000000000e+00,1.000000000000000056e-01
9.481853533320453442e-01,-1.717764455052152861e-01,2.672777366264877386e-01,2.325462521387068904e+01,1.860910490448562105e-01,9.821049593140135370e-01,-2.898224208381358982e-02,3.043531352464549311e+00,-2.575163241271692383e-01,7.721853184575354356e-02,9.631835968015740601e-01,-3.265529637099778171e+00,0.000000000000000000e+00,0.000000000000000000e+00,0.000000000000000000e+00,1.000000000000000056e-01
9.478198797463170955e-01,-1.651675200654394715e-01,2.726851038709479647e-01,2.413245833197906620e+01,1.801551060874945487e-01,9.831593386658780132e-01,-3.068961623541420145e-02,3.223849060940542355e+00,-2.630239785804340813e-01,7.821384218606100558e-02,9.616137382453587845e-01,-3.496737805991143144e+00,0.000000000000000000e+00,0.000000000000000000e+00,0.000000000000000000e+00,1.000000000000000056e-01
9.462911864685885632e-01,-1.679512816109757778e-01,2.762704425324970514e-01,2.503087469293943812e+01,1.841219367692179532e-01,9.823331235962379226e-01,-3.347755495866529263e-02,3.393641270493721773e+00,-2.657670085097530444e-01,8.254696415307503921e-02,9.604966922883637626e-01,-3.726225797819521457e+00,0.000000000000000000e+00,0.000000000000000000e+00,0.000000000000000000e+00,1.000000000000000056e-01
9.466376112579238944e-01,-1.671445456964577581e-01,2.755720119965315851e-01,2.590109602247536813e+01,1.837248136280830169e-01,9.823437134040750029e-01,-3.529903104645766565e-02,3.573855740175658546e+00,-2.648063930671198385e-01,8.404480697471661266e-02,9.606321067981044015e-01,-3.968734467799884147e+00,0.000000000000000000e+00,0.000000000000000000e+00,0.000000000000000000e+00,1.000000000000000056e-01
9.444637719724164882e-01,-1.675816653368534526e-01,2.826739621446624495e-01,2.679192425795809385e+01,1.860613671498656252e-01,9.817379220121617012e-01,-3.964618692340475536e-02,3.752245079384100457e+00,-2.708677741739650147e-01,9.003909110030759722e-02,9.583963746737945710e-01,-4.207905069007303211e+00,0.000000000000000000e+00,0.000000000000000000e+00,0.000000000000000000e+00,1.000000000000000056e-01
9.425854450158777098e-01,-1.683264747855942878e-01,2.884421549123403761e-01,2.770247259172445808e+01,1.885141556385254991e-01,9.811070352033396391e-01,-4.349021267373429089e-02,3.912899881775531163e+00,-2.756720732466632073e-01,9.536867075076360667e-02,9.565091346511641612e-01,-4.461922349004010080e+00,0.000000000000000000e+00,0.000000000000000000e+00,0.000000000000000000e+00,1.000000000000000056e-01
9.390587047415011046e-01,-1.688214327891305044e-01,2.994462771186833239e-01,2.864369236336867530e+01,1.913231584213673508e-01,9.803884655863197573e-01,-4.726421052946706142e-02,4.098374608853803558e+00,-2.855944644086900741e-01,1.016748758362974736e-01,9.529417723674342700e-01,-4.730330409532919944e+00,0.000000000000000000e+00,0.000000000000000000e+00,0.000000000000000000e+00,1.000000000000000056e-01
9.357714570913360230e-01,-1.699168076937666583e-01,3.089661123105857388e-01,2.955027279566631648e+01,1.950936292215318946e-01,9.793910703757260361e-01,-5.226477882342168285e-02,4.274579681888506677e+00,-2.937179870731947973e-01,1.091852083912893123e-01,9.496358956664503470e-01,-4.999169118726444871e+00,0.000000000000000000e+00,0.000000000000000000e+00,0.000000000000000000e+00,1.000000000000000056e-01
9.325950489086860529e-01,-1.690890750247271146e-01,3.188657389220230787e-01,3.042948147908556322e+01,1.973183735489776047e-01,9.786126935254437775e-01,-5.816060119068577894e-02,4.446148341589356789e+00,-3.022117373812468477e-01,1.171583576965727069e-01,9.460137340498023795e-01,-5.255391431643354316e+00,0.000000000000000000e+00,0.000000000000000000e+00,0.000000000000000000e+00,1.000000000000000056e-01
9.319550161915373110e-01,-1.723533212452515173e-01,3.189893108728919513e-01,3.134245097939956537e+01,2.022193976088118295e-01,9.773284682199544493e-01,-6.274058046883763951e-02,4.622037726632183485e+00,-3.009437871532832931e-01,1.229772249750682583e-01,9.456793532224708754e-01,-5.537982216744851804e+00,0.000000000000000000e+00,0.000000000000000000e+00,0.000000000000000000e+00,1.000000000000000056e-01
9.308954993490466956e-01,-1.770121167475667279e-01,3.195313440278351735e-01,3.228648164589633751e+01,2.075240942807172195e-01,9.761456338386614862e-01,-6.382359932412054460e-02,4.819610195592019863e+00,-3.006115759325594383e-01,1.257235541267574253e-01,9.454238564543838708e-01,-5.840758228968568666e+00,0.000000000000000000e+00,0.000000000000000000e+00,0.000000000000000000e+00,1.000000000000000056e-01
9.280392769733702973e-01,-1.788427046560305822e-01,3.267390202991675707e-01,3.320722819956528582e+01,2.110616579528920012e-01,9.752647879263668385e-01,-6.566254619731998199e-02,5.042100352513001482e+00,-3.069137939828062711e-01,1.298995012394373039e-01,9.428308664022539975e-01,-6.145417799528897440e+00,0.000000000000000000e+00,0.000000000000000000e+00,0.000000000000000000e+00,1.000000000000000056e-01
9.262273993797268679e-01,-1.823580018256270863e-01,3.299217540697075846e-01,3.413105644615318113e+01,2.156364063226018091e-01,9.741777552491830416e-01,-6.692265271144487437e-02,5.253464876414810192e+00,-3.091985525621712139e-01,1.331287359957551986e-01,9.416331529558794600e-01,-6.427899480794281750e+00,0.000000000000000000e+00,0.000000000000000000e+00,0.000000000000000000e+00,1.000000000000000056e-01
9.246554468537379057e-01,-1.854593709918308242e-01,3.325915307325619796e-01,3.503133928884291493e+01,2.194225704907637742e-01,9.733063345026307100e-01,-6.729424029052512302e-02,5.478289909315551043e+00,-3.112330961882751046e-01,1.352020744233149441e-01,9.406669755597314442e-01,-6.718532993779372298e+00,0.000000000000000000e+00,0.000000000000000000e+00,0.000000000000000000e+00,1.000000000000000056e-01
9.221428658319709148e-01,-1.874660355286414670e-01,3.383918150877380238e-01,3.594710335215343378e+01,2.225820175071630269e-01,9.725559705229638308e-01,-6.776525424269294606e-02,5.688503968124883237e+00,-3.164012965802142641e-01,1.378091786613285519e-01,9.385621182420742503e-01,-7.022534640943628226e+00,0.000000000000000000e+00,0.000000000000000000e+00,0.000000000000000000e+00,1.000000000000000056e-01
9.199063932481379435e-01,-1.902942797883165615e-01,3.428706968246894027e-01,3.688677430297146032e+01,2.275400627906113138e-01,9.711406650993955614e-01,-7.149355506301396934e-02,5.916367032034171913e+00,-3.193708619871995502e-01,1.437841982630548021e-01,9.366580789399105988e-01,-7.344329954333598920e+00,0.000000000000000000e+00,0.000000000000000000e+00,0.000000000000000000e+00,1.000000000000000056e-01
9.167662848210180737e-01,-1.948917715258913774e-01,3.486499338978391593e-01,3.782285712265045419e+01,2.324281681720554715e-01,9.701738366731442742e-01,-6.884673757770931601e-02,6.144318716242980649e+00,-3.248333813752067867e-01,1.441524333003471325e-01,9.347210013249613869e-01,-7.636544068705843458e+00,0.000000000000000000e+00,0.000000000000000000e+00,0.000000000000000000e+00,1.000000000000000056e-01
9.145341275182338192e-01,-1.988857458977596193e-01,3.522382569840400990e-01,3.875631141110019229e+01,2.366232054732704537e-01,9.692840709127465981e-01,-6.706600112104513234e-02,6.378023848722230049e+00,-3.280804600033615515e-01,1.446818922792530437e-01,9.335043448267807964e-01,-7.960601547530084865e+00,0.000000000000000000e+00,0.000000000000000000e+00,0.000000000000000000e+00,1.000000000000000056e-01
9.119014378333487603e-01,-2.038900734377405710e-01,3.561805800868765859e-01,3.969338155290994763e+01,2.439391774601006868e-01,9.671967041135870469e-01,-7.088168488335991335e-02,6.630782579060997328e+00,-3.300446111930335213e-01,1.515235080948404145e-01,9.317248419555379524e-01,-8.270752405446916811e+00,0.000000000000000000e+00,0.000000000000000000e+00,0.000000000000000000e+00,1.000000000000000056e-01
9.099414630113227265e-01,-2.102245757308895679e-01,3.575082679485623860e-01,4.061999535840105580e+01,2.506973764081699141e-01,9.655067495103590858e-01,-7.033876677907480168e-02,6.880503246458221867e+00,-3.303897083065300277e-01,1.536305451682971612e-01,9.312573737890175174e-01,-8.577066980896676185e+00,0.000000000000000000e+00,0.000000000000000000e+00,0.000000000000000000e+00,1.000000000000000056e-01
9.094856257687208290e-01,-2.119074977310068664e-01,3.576745852384001223e-01,4.156826742117199558e+01,2.532759420344518064e-01,9.646740140079237413e-01,-7.249375065756422098e-02,7.143061848240908951e+00,-3.296774085475667748e-01,1.565223916991540232e-01,9.310282204048045962e-01,-8.908938784043705539e+00,0.000000000000000000e+00,0.000000000000000000e+00,0.000000000000000000e+00,1.000000000000000056e-01
9.080830534695308875e-01,-2.155981783143592623e-01,3.590300732654339022e-01,4.254094526372007579e+01,2.576883030249597084e-01,9.634506765942469908e-01,-7.320882634084663332e-02,7.393390108643018266e+00,-3.301240774096455555e-01,1.589975448792132484e-01,9.304503609740891745e-01,-9.243197345698110468e+00,0.000000000000000000e+00,0.000000000000000000e+00,0.000000000000000000e+00,1.000000000000000056e-01
9.054333427445335758e-01,-2.182599382796313880e-01,3.640783723164995322e-01,4.349209284303108092e+01,2.630119063651035205e-01,9.616681820133526903e-01,-7.758250326798724061e-02,7.675586924439559589e+00,-3.331894340411384325e-01,1.660027320416888330e-01,9.281313991014640274e-01,-9.566351748059913618e+00,0.000000000000000000e+00,0.000000000000000000e+00,0.000000000000000000e+00,1.000000000000000056e-01
9.042543100744210305e-01,-2.165417612482427312e-01,3.680133263175966452e-01,4.440973787640562165e+01,2.625698581356797900e-01,9.616466892108593845e-01,-7.932663315937327209e-02,7.935596686906184694e+00,-3.367212679805685616e-01,1.683606568213067423e-01,9.264305030191182233e-01,-9.891600290140740270e+00,0.000000000000000000e+00,0.000000000000000000e+00,0.000000000000000000e+00,1.000000000000000056e-01
9.008456122631486318e-01,-2.302164714314563210e-01,3.680727633877333149e-01,4.521953136710782672e+01,2.778261564188595489e-01,9.571862599804032978e-01,-8.128401143060745571e-02,8.183955266098172032e+00,-3.336012734924077572e-01,1.754845861788925931e-01,9.262371998240335191e-01,-1.017588977401546479e+01,0.000000000000000000e+00,0.000000000000000000e+00,0.000000000000000000e+00,1.000000000000000056e-01
9.013180671072575922e-01,-2.324972532587575025e-01,3.654733494157546558e-01,4.607603903586872462e+01,2.810508058101732765e-01,9.559207725210555617e-01,-8.500541874610451076e-02,8.439178656782173604e+00,-3.296000401387861323e-01,1.793334990733227996e-01,9.269322033733800037e-01,-1.048717562066991427e+01,0.000000000000000000e+00,0.000000000000000000e+00,0.000000000000000000e+00,1.000000000000000056e-01
9.007011316445696636e-01,-2.334572627672895084e-01,3.663811920874165406e-01,4.691542406676853005e+01,2.831705139144782279e-01,9.550629180940048979e-01,-8.757443994211094873e-02,8.703247624242228753e+00,-3.294722014125046061e-01,1.826267476109916243e-01,9.263344641939158519e-01,-1.078961150973317018e+01,0.000000000000000000e+00,0.000000000000000000e+00,0.000000000000000000e+00,1.000000000000000056e-01
8.979412626405186559e-01,-2.364592477815262161e-01,3.711987513262213767e-01,4.775519827220499280e+01,2.877483091860181807e-01,9.535974614014425255e-01,-8.861598145544674621e-02,8.993808914500604601e+00,-3.330201186236934063e-01,1.863837593443140594e-01,9.243152572821363711e-01,-1.109283889704888537e+01,0.000000000000000000e+00,0.000000000000000000e+00,0.000000000000000000e+00,1.000000000000000056e-01
8.970367588414897009e-01,-2.340679762911181960e-01,3.748829627525578356e-01,4.864079858095595199e+01,2.881755345446139760e-01,9.528938099236677894e-01,-9.459518116205979654e-02,9.290979725897685171e+00,-3.350819520312622313e-01,1.928874528945246358e-01,9.222334389615144401e-01,-1.140567458530419387e+01,0.000000000000000000e+00,0.000000000000000000e+00,0.000000000000000000e+00,1.000000000000000056e-01
8.942240988378222788e-01,-2.350614972445362882e-01,3.809322165042510200e-01,4.946060793098762787e+01,2.923039815921456563e-01,9.511623713826911075e-01,-9.923973806411549858e-02,9.552596687722694213e+00,-3.390009489707415113e-01,2.000905689401989984e-01,9.192617259617220649e-01,-1.171020116505520825e+01,0.000000000000000000e+00,0.000000000000000000e+00,0.000000000000000000e+00,1.000000000000000056e-01
8.930407178157346859e-01,-2.390898919330822769e-01,3.812011278820990334e-01,5.031496640858161840e+01,2.983023971637315253e-01,9.488176647547604814e-01,-1.037338849927756379e-01,9.857935327295562544e+00,-3.368886406062524541e-01,2.063517933645115376e-01,9.186538963100963073e-01,-1.201564451448264847e+01,0.000000000000000000e+00,0.000000000000000000e+00,0.000000000000000000e+00,1.000000000000000056e-01
8.925815835419761424e-01,-2.405848125210617583e-01,3.813358948563639883e-01,5.122722141923098604e+01,3.009490658938485108e-01,9.476705596180989843e-01,-1.065371774111701919e-01,1.016334929439352130e+01,-3.357495740270095563e-01,2.098558038685723326e-01,9.182770633764936186e-01,-1.231530066801956202e+01,0.000000000000000000e+00,0.000000000000000000e+00,0.000000000000000000e+00,1.000000000000000056e-01
8.899856864474786633e-01,-2.460752745332213109e-01,3.838911788280761628e-01,5.209892983880885708e+01,3.083629720989198297e-01,9.449862619199462799e-01,-1.091477998902746771e-01,1.048116723105448145e+01,-3.359133152420888391e-01,2.155178044755616251e-01,9.169047500133820083e-01,-1.263432128596551074e+01,0.000000000000000000e+00,0.000000000000000000e+00,0.000000000000000000e+00,1.000000000000000056e-01
8.878828952179789180e-01,-2.483957581311322382e-01,3.872512255910878221e-01,5.294137963274710756e+01,3.123393512286983809e-01,9.434687633037094345e-01,-1.109541452321851640e-01,1.077981798192835328e+01,-3.377988958735290703e-01,2.194680842688273570e-01,9.152735470524621109e-01,-1.293735814359272140e+01,0.000000000000000000e+00,0.000000000000000000e+00,0.000000000000000000e+00,1.000000000000000056e-01
8.844620737169021085e-01,-2.509535526707242226e-01,3.933816906750226550e-01,5.379229655140937894e+01,3.169066087787779096e-01,9.418599135150477197e-01,-1.116696226632896416e-01,1.106452189327090885e+01,-3.424865566248283533e-01,2.234328035794407585e-01,9.125682115962068242e-01,-1.323525311487666301e+01,0.000000000000000000e+00,0.000000000000000000e+00,0.000000000000000000e+00,1.000000000000000056e-01
8.833572905191418023e-01,-2.567789663689044044e-01,3.921026137597116157e-01,5.462750520482281757e+01,3.209056930634308635e-01,9.410856758761491081e-01,-1.066643652782445217e-01,1.139975559928206650e+01,-3.416129878183200019e-01,2.200507057276770984e-01,9.137167249550550707e-01,-1.353959380886586494e+01,0.000000000000000000e+00,0.000000000000000000e+00,0.000000000000000000e+00,1.000000000000000056e-01
8.833334774556635960e-01,-2.614953918161648794e-01,3.890271554339040927e-01,5.545163884310511548e+01,3.266326343335854698e-01,9.386433422986504294e-01,-1.107239727733825285e-01,1.169574768622922711e+01,-3.362039407775982980e-01,2.248751565142955156e-01,9.145480163382807559e-01,-1.384015598627500765e+01,0.000000000000000000e+00,0.000000000000000000e+00,0.000000000000000000e+00,1.000000000000000056e-01
8.834107970410209898e-01,-2.677369666976026630e-01,3.845806551751074776e-01,5.627168548938683301e+01,3.319227969409492274e-01,9.368425938449356227e-01,-1.102416038924983466e-01,1.201399725731478441e+01,-3.307757859067763095e-01,2.250397098768568693e-01,9.164848653612860385e-01,-1.412263214424307201e+01,0.000000000000000000e+00,0.000000000000000000e+00,0.000000000000000000e+00,1.000000000000000056e-01
8.842816923112415406e-01,-2.702190462761172585e-01,3.808248359453365040e-01,5.711482530518608058e+01,3.358920957572237853e-01,9.346348982547965090e-01,-1.167651787651876327e-01,1.233827279965910506e+01,-3.243800065524798382e-01,2.311693621435847723e-01,9.172449712890996532e-01,-1.443417468951753690e+01,0.000000000000000000e+00,0.000000000000000000e+00,0.000000000000000000e+00,1.000000000000000056e-01
8.842601843085388102e-01,-2.745318629114577580e-01,3.777779542178097971e-01,5.794805899317089626e+01,3.394432179653580905e-01,9.334200099228165959e-01,-1.162126793986411472e-01,1.265771180202262514e+01,-3.207214184053684969e-01,2.309964097600946120e-01,9.185741289923177177e-01,-1.473694454095428874e+01,0.000000000000000000e+00,0.000000000000000000e+00,0.000000000000000000e+00,1.000000000000000056e-01
8.812140406901962653e-01,-2.789714931583957003e-01,3.816237944565724072e-01,5.881633389614630403e+01,3.451216555217115345e-01,9.313496217861502169e-01,-1.160987721242048576e-01,1.299550190835059205e+01,-3.230369288183784771e-01,2.340145038320705362e-01,9.169974670716488641e-01,-1.501846969641166218e+01,0.000000000000000000e+00,0.000000000000000000e+00,0.000000000000000000e+00,1.000000000000000056e-01
8.802363242440052193e-01,-2.827477024132931671e-01,3.811007088177694735e-01,5.963943847680419452e+01,3.501460964160797440e-01,9.290465505861879025e-01,-1.194580177656032471e-01,1.332692911591008134e+01,-3.202838188950293263e-01,2.385922119934127117e-01,9.167835250101882272e-01,-1.529177887255663393e+01,0.000000000000000000e+00,0.000000000000000000e+00,0.000000000000000000e+00,1.000000000000000056e-01
8.795345859184361403e-01,-2.879525259421169547e-01,3.788169148504850203e-01,6.038106856389495647e+01,3.556893698886492983e-01,9.266818167324329947e-01,-1.214326261170905752e-01,1.362326588561881913e+01,-3.160759154404219617e-01,2.415453442752146518e-01,9.174703604681010427e-01,-1.555486608121329617e+01,0.000000000000000000e+00,0.000000000000000000e+00,0.000000000000000000e+00,1.000000000000000056e-01
8.778436566562912713e-01,-2.948104410483037285e-01,3.774616779452136806e-01,6.111460938392188069e+01,3.628511372368081189e-01,9.237784031707865218e-01,-1.223622247312742967e-01,1.392367865773405811e+01,-3.126172846697164998e-01,2.443773019004352731e-01,9.179053151832148316e-01,-1.581039592365050339e+01,0.000000000000000000e+00,0.000000000000000000e+00,0.000000000000000000e+00,1.000000000000000056e-01
8.781026913493484853e-01,-2.968149133267256046e-01,3.752819882060413059e-01,6.182801047864086286e+01,3.656427262946038148e-01,9.221597560516421321e-01,-1.262013511283667233e-01,1.422398355394596514e+01,-3.086115035977764487e-01,2.480368753746592381e-01,9.182791777566861047e-01,-1.605942640174191638e+01,0.000000000000000000e+00,0.000000000000000000e+00,0.000000000000000000e+00,1.000000000000000056e-01
8.779639984098693839e-01,-3.023594103038164671e-01,3.711576545039630970e-01,6.254808147195500823e+01,3.717954609137033573e-01,9.190574431559666024e-01,-1.307729001880134634e-01,1.452445757822401973e+01,-3.015747879716104141e-01,2.528086295606730705e-01,9.193152038770666667e-01,-1.630593842067046140e+01,0.000000000000000000e+00,0.000000000000000000e+00,0.000000000000000000e+00,1.000000000000000056e-01
8.762589746365244681e-01,-3.061182290586909049e-01,3.721046078818666114e-01,6.322586624366366692e+01,3.765021603503037051e-01,9.169212047763765083e-01,-1.322937167177357931e-01,1.481841114793000891e+01,-3.006930870846569182e-01,2.560217453057634374e-01,9.187146092830404953e-01,-1.653013334551384617e+01,0.000000000000000000e+00,0.000000000000000000e+00,0.000000000000000000e+00,1.000000000000000056e-01
8.745004822150632684e-01,-3.119794640418123710e-01,3.713727515876807383e-01,6.391251447350254011e+01,3.828722882073506972e-01,9.140764305875643814e-01,-1.336902762625802044e-01,1.512898279296033799e+01,-2.977544584527477833e-01,2.591005462373268120e-01,9.188085706016404508e-01,-1.675079474571034055e+01,0.000000000000000000e+00,0.000000000000000000e+00,0.000000000000000000e+00,1.000000000000000056e-01
8.707497498915507395e-01,-3.185903445808184187e-01,3.745598288707389090e-01,6.458188482345946113e+01,3.916075073716386856e-01,9.099682293735955607e-01,-1.363868824368949517e-01,1.541687020951806986e+01,-2.973860004001093182e-01,2.654392847160322311e-01,9.171169788502813169e-01,-1.696648235544360972e+01,0.000000000000000000e+00,0.000000000000000000e+00,0.000000000000000000e+00,1.000000000000000056e-01
8.703214511352075355e-01,-3.220841433751117089e-01,3.725619093254530778e-01,6.520314473245250042e+01,3.951425003560933291e-01,9.082081844620256694e-01,-1.379140967723242461e-01,1.570217489790288390e+01,-2.939438315499092180e-01,2.672446412231903046e-01,9.177021987721544205e-01,-1.715774436701344285e+01,0.000000000000000000e+00,0.000000000000000000e+00,0.000000000000000000e+00,1.000000000000000056e-01
8.708385585793392281e-01,-3.287942386335201972e-01,3.654237998993259962e-01,6.579385179172798814e+01,3.998656698049838365e-01,9.061924625768610353e-01,-1.375596847928051703e-01,1.597876119065779044e+01,-2.859154612868469170e-01,2.659127101330210907e-01,9.206208663651076485e-01,-1.733612637006888946e+01,0.000000000000000000e+00,0.000000000000000000e+00,0.000000000000000000e+00,1.000000000000000056e-01
8.728217493841947672e-01,-3.297088924824249645e-01,3.598252909676121769e-01,6.638638991286468638e+01,4.009018899551270998e-01,9.048349053934388042e-01,-1.433578341495637676e-01,1.623992728696943288e+01,-2.783161303847141443e-01,2.693804747929207100e-01,9.219405031605995005e-01,-1.752027502901183098e+01,0.000000000000000000e+00,0.000000000000000000e+00,0.000000000000000000e+00,1.000000000000000056e-01
8.740421197213955606e-01,-3.312240557866216184e-01,3.554447887101324088e-01,6.703185734799723150e+01,4.023035572249041847e-01,9.035862017840008420e-01,-1.472542827552096034e-01,1.654121191168453819e+01,-2.724008458083747586e-01,2.717031483325578201e-01,9.230250150397106834e-01,-1.771336433781481290e+01,0.000000000000000000e+00,0.000000000000000000e+00,0.000000000000000000e+00,1.000000000000000056e-01
8.740636522886575666e-01,-3.357683721707102054e-01,3.511015978283839045e-01,6.764275105111829589e+01,4.061228496811427613e-01,9.016239581818956683e-01,-1.487900164637368516e-01,1.682398079193532325e+01,-2.666026307347334479e-01,2.726423266520491273e-01,9.244399380181909098e-01,-1.789965031178274302e+01,0.000000000000000000e+00,0.000000000000000000e+00,0.000000000000000000e+00,1.000000000000000056e-01
8.724240532385374447e-01,-3.394078380731785916e-01,3.516796707023772672e-01,6.823928343960788823e+01,4.102001248757512486e-01,8.996916912123696930e-01,-1.493007646174130398e-01,1.710836691212029237e+01,-2.657294279577623319e-01,2.745126230575145043e-01,9.241378094739568505e-01,-1.806871819906551480e+01,0.000000000000000000e+00,0.000000000000000000e+00,0.000000000000000000e+00,1.000000000000000056e-01
8.704746120238832097e-01,-3.470810687207046552e-01,3.490110049232882927e-01,6.878808155817034731e+01,4.182918011524725532e-01,8.953574457162544187e-01,-1.528627275992580636e-01,1.735086537516339078e+01,-2.594338430322660205e-01,2.790515653712734023e-01,9.245670905636602654e-01,-1.823336311623232575e+01,0.000000000000000000e+00,0.000000000000000000e+00,0.000000000000000000e+00,1.000000000000000056e-01
8.694148684429566787e-01,-3.543115305579946916e-01,3.443561032477390205e-01,6.929271371174306182e+01,4.254873197615939295e-01,8.911890710022773998e-01,-1.572977445743987124e-01,1.757971512143280179e+01,-2.511539911138411796e-01,2.832761533199518733e-01,9.255680924209951366e-01,-1.835985111144559312e+01,0.000000000000000000e+00,0.000000000000000000e+00,0.000000000000000000e+00,1.000000000000000056e-01
8.704632436146806374e-01,-3.545653440138034629e-01,3.414339736174221152e-01,6.983797755786790162e+01,4.275436597186318410e-01,8.883441086363088601e-01,-1.674848162836281851e-01,1.782434443398512514e+01,-2.439265474486285445e-01,2.917673070711232497e-01,9.248630590386107686e-01,-1.850873096023604347e+01,0.000000000000000000e+00,0.000000000000000000e+00,0.000000000000000000e+00,1.000000000000000056e-01
8.724753015921984378e-01,-3.536706277386748587e-01,3.372001411425180617e-01,7.038409653114796072e+01,4.274710648600997809e-01,8.867314342690961748e-01,-1.759995800746236849e-01,1.807013384235009923e+01,-2.367600828243113797e-01,2.976985901108757382e-01,9.248352353944035986e-01,-1.864732511564535855e+01,0.000000000000000000e+00,0.000000000000000000e+00,0.000000000000000000e+00,1.000000000000000056e-01
8.739785880586521394e-01,-3.559295775408749529e-01,3.308709165922251172e-01,7.089499218118695012e+01,4.281734156350736065e-01,8.860175245887471629e-01,-1.778776890591489690e-01,1.831769372767225335e+01,-2.298454997566831137e-01,2.971314220226515257e-01,9.267599280765205227e-01,-1.877501990479590432e+01,0.000000000000000000e+00,0.000000000000000000e+00,0.000000000000000000e+00,1.000000000000000056e-01
8.757332370863455395e-01,-3.551912948522519264e-01,3.270022041568697579e-01,7.139603378751885998e+01,4.253639656876751496e-01,8.880253210700828070e-01,-1.745752726843941838e-01,1.858479595274229368e+01,-2.283786201830741158e-01,2.919763230119128417e-01,9.287588667914392637e-01,-1.890380856087032413e+01,0.000000000000000000e+00,0.000000000000000000e+00,0.000000000000000000e+00,1.000000000000000056e-01
8.760574839981362105e-01,-3.530887566742360040e-01,3.284076957702079524e-01,7.189085583529198686e+01,4.249165267101082666e-01,8.872404618454693415e-01,-1.795837080384970197e-01,1.880179972159251278e+01,-2.279676074785038087e-01,2.968715088628082199e-01,9.273068948120931632e-01,-1.903284083385399228e+01,0.000000000000000000e+00,0.000000000000000000e+00,0.000000000000000000e+00,1.000000000000000056e-01
8.772623120253665308e-01,-3.509171173248594178e-01,3.275179577799045005e-01,7.242002936251620326e+01,4.235652724954767079e-01,8.869347907658156061e-01,-1.842257768745499402e-01,1.903303529317564369e+01,-2.258390927978170537e-01,3.003395639898442382e-01,9.267107695859854166e-01,-1.915347061224183278e+01,0.000000000000000000e+00,0.000000000000000000e+00,0.000000000000000000e+00,1.000000000000000056e-01
8.784663285223697216e-01,-3.474770075896017607e-01,3.279582882761220564e-01,7.292192876241196586e+01,4.207436254992406033e-01,8.878399054533563373e-01,-1.863198966464130468e-01,1.924006351375829382e+01,-2.264325755146172903e-01,3.016621147594625296e-01,9.261361980101339153e-01,-1.927764781459020327e+01,0.000000000000000000e+00,0.000000000000000000e+00,0.000000000000000000e+00,1.000000000000000056e-01
8.824791690292382862e-01,-3.427370691462469088e-01,3.221208122157057097e-01,7.337787166625170698e+01,4.146480005052538553e-01,8.901773323912014479e-01,-1.888156576502051376e-01,1.946160326741654600e+01,-2.220305202139116196e-01,3.001926353692328520e-01,9.276781929977736540e-01,-1.937657275639748278e+01,0.000000000000000000e+00,0.000000000000000000e+00,0.000000000000000000e+00,1.000000000000000056e-01
8.876379221582877399e-01,-3.360250774769853455e-01,3.149381946558775236e-01,7.383444429734228720e+01,4.058692541923512587e-01,8.939346678191522066e-01,-1.901340531635681286e-01,1.968812108645286330e+01,-2.176443604779641494e-01,2.965939260633095875e-01,9.298725586737626170e-01,-1.948468950467816185e+01,0.000000000000000000e+00,0.000000000000000000e+00,0.000000000000000000e+00,1.000000000000000056e-01
8.954207761174326485e-01,-3.211028275266689103e-01,3.084065625949504175e-01,7.429102381183541581e+01,3.885394178020593059e-01,9.018109086007357611e-01,-1.891407040875978385e-01,1.987336210436074424e+01,-2.173907875492692710e-01,2.891886223264908962e-01,9.322613293522448163e-01,-1.959754026556773354e+01,0.000000000000000000e+00,0.000000000000000000e+00,0.000000000000000000e+00,1.000000000000000056e-01
9.004461901634494003e-01,-3.088891422271833331e-01,3.062419899920389987e-01,7.476522666093491409e+01,3.767025463582329703e-01,9.057919306393594772e-01,-1.940004380300343056e-01,2.004962648095258970e+01,-2.174668944629332412e-01,2.900490927459983270e-01,9.319762194443969028e-01,-1.969580794411798053e+01,0.000000000000000000e+00,0.000000000000000000e+00,0.000000000000000000e+00,1.000000000000000056e-01
9.073025986991171132e-01,-2.889537444338037275e-01,3.054631368455330009e-01,7.523277809967130736e+01,3.579690054272088862e-01,9.119267546060534357e-01,-2.006185070902626322e-01,2.022604604644787685e+01,-2.205905382088806932e-01,2.913680281214033885e-01,9.308299987867609815e-01,-1.981005853034317710e+01,0.000000000000000000e+00,0.000000000000000000e+00,0.000000000000000000e+00,1.000000000000000056e-01
9.146219995579031314e-01,-2.665493022102649601e-01,3.040034003361211101e-01,7.568185541924030701e+01,3.359837910619613011e-01,9.193405802250080860e-01,-2.047627644255121115e-01,2.042093555838441787e+01,-2.249032904791198884e-01,2.894207439745228316e-01,9.304053648216450423e-01,-1.990169834886220102e+01,0.000000000000000000e+00,0.000000000000000000e+00,0.000000000000000000e+00,1.000000000000000056e-01
9.231849065309923885e-01,-2.402518854895173417e-01,3.000144327729830085e-01,7.611580623672485046e+01,3.099731458209338264e-01,9.269083034706152580e-01,-2.115600288974736065e-01,2.052441831129904770e+01,-2.272581730614698647e-01,2.883054430217328323e-01,9.301793882369171484e-01,-2.002357625872577884e+01,0.000000000000000000e+00,0.000000000000000000e+00,0.000000000000000000e+00,1.000000000000000056e-01
