1.000000000000000000e+00,-1.392893317990347371e-09,5.577943939361085537e-10,1.784629643745564073e-15,1.392893317945378938e-09,1.000000000000000000e+00,8.061859383298343704e-11,2.712101069515195509e-15,-5.577943940484016306e-10,-8.061859305603535758e-11,1.000000000000000000e+00,-1.464685694649029599e-15,0.000000000000000000e+00,0.000000000000000000e+00,0.000000000000000000e+00,1.000000000000000056e-01
9.999901783805741351e-01,-4.381799086683283405e-03,-6.655667896454129989e-04,6.429617981446137387e-01,4.380270478753400983e-03,9.999878049400108271e-01,-2.281052781483441320e-03,2.010405543154849400e-02,6.755537880130669777e-04,2.278115015290808811e-03,9.999971769055433501e-01,9.648425412736949189e-03,0.000000000000000000e+00,0.000000000000000000e+00,0.000000000000000000e+00,1.000000000000000056e-01
9.999554668270014268e-01,-9.408217544622409639e-03,-7.414886557766363351e-04,1.290543585636033663e+00,9.406862128106312226e-03,9.999541150420302449e-01,-1.810733390936168771e-03,3.865549447741452316e-02,7.584904062580702724e-04,1.803677671678370316e-03,9.999980857177479532e-01,1.392025175490186652e-02,0.000000000000000000e+00,0.000000000000000000e+00,0.000000000000000000e+00,1.000000000000000056e-01
9.998602613828275754e-01,-1.659112415897348244e-02,-2.047512296719413826e-03,1.997557985526702495e+00,1.658705995407068826e-02,9.998604524520953163e-01,-1.986218611180806583e-03,5.093278383691284689e-02,2.080180170984066799e-03,1.951978850516296110e-03,9.999959313062345423e-01,1.617065024309514640e-02,0.000000000000000000e+00,0.000000000000000000e+00,0.000000000000000000e+00,1.000000000000000056e-01
9.997206317207442128e-01,-2.356847127242710921e-02,-1.784845583480403931e-03,2.700823947994631435e+00,2.356848128304601941e-02,9.997222246464340101e-01,-1.542710549075362414e-05,6.142741616260640608e-02,1.784713390659967754e-03,-2.664330408054647761e-05,9.999984070428550309e-01,1.592447111638646898e-02,0.000000000000000000e+00,0.000000000000000000e+00,0.000000000000000000e+00,1.000000000000000056e-01
9.995743718159111335e-01,-2.913993557157192049e-02,-1.392610394659311163e-03,3.410264178245250744e+00,2.914142632905595415e-02,9.995747338135410054e-01,1.062446750144279903e-03,8.401937091373841426e-02,1.361058534700121045e-03,-1.102577196084366610e-03,9.999984659204191884e-01,2.784280666024643164e-02,0.000000000000000000e+00,0.000000000000000000e+00,0.000000000000000000e+00,1.000000000000000056e-01
9.994042052654641406e-01,-3.446367919423402870e-02,-1.867970584088970596e-03,4.146397017941530372e+00,3.446666223077567148e-02,9.994045849025159356e-01,1.588984109220994111e-03,1.061170255547191077e-01,1.812096127616619765e-03,-1.652420112034278486e-03,9.999969929031774507e-01,4.094233091831580434e-02,0.000000000000000000e+00,0.000000000000000000e+00,0.000000000000000000e+00,1.000000000000000056e-01
9.991039249301369995e-01,-4.230160939471008102e-02,-1.386012919343132923e-03,4.913555052356516128e+00,4.230456740600683357e-02,9.991023842643008690e-01,2.179296670917664578e-03,1.479500277495527372e-01,1.292581055808497041e-03,-2.235978534472967631e-03,9.999966648115420353e-01,4.348287295389332424e-02,0.000000000000000000e+00,0.000000000000000000e+00,0.000000000000000000e+00,1.000000000000000056e-01
9.987983173710934803e-01,-4.900572532148154276e-02,6.000853172313420913e-04,5.681580411334093306e+00,4.900343101772459270e-02,9.987929028622597460e-01,3.376527872189360492e-03,1.902003735780418425e-01,-7.648301534073503882e-04,-3.343064117851636194e-03,9.999941194612798068e-01,3.951420646964894784e-02,0.000000000000000000e+00,0.000000000000000000e+00,0.000000000000000000e+00,1.000000000000000056e-01
9.985312737101923464e-01,-5.410577923478392809e-02,2.803582725318120878e-03,6.475453998628019292e+00,5.409508955119608081e-02,9.985287172897294727e-01,3.757929506480889043e-03,2.452766446765227426e-01,-3.002783566785082164e-03,-3.600750078029206578e-03,9.999890088844609615e-01,4.700531389034953017e-02,0.000000000000000000e+00,0.000000000000000000e+00,0.000000000000000000e+00,1.000000000000000056e-01
9.982300505031364013e-01,-5.919460927519262783e-02,5.724028761550615033e-03,7.295808798430651443e+00,5.916854908236077182e-02,9.982373163557184403e-01,4.619852207756239108e-03,2.824126615835995668e-01,-5.987409456020499968e-03,-4.272992825938883889e-03,9.999729458641946067e-01,5.854793217907310748e-02,0.000000000000000000e+00,0.000000000000000000e+00,0.000000000000000000e+00,1.000000000000000056e-01
9.980238955256065525e-01,-6.245440593185874745e-02,6.910219938018802820e-03,8.107406316047244488e+00,6.242063903737646302e-02,9.980374109766327884e-01,4.999011224766059316e-03,3.383880389216574747e-01,-7.208868292508851562e-03,-4.557792311897302870e-03,9.999636287121561606e-01,6.070077610038804999e-02,0.000000000000000000e+00,0.000000000000000000e+00,0.000000000000000000e+00,1.000000000000000056e-01
9.978223599501175878e-01,-6.558273558903607303e-02,7.031555747959112278e-03,8.936787406898508479e+00,6.555124588241709183e-02,9.978385123717244953e-01,4.619241392986736527e-03,3.835283311707012310e-01,-7.319299614100548655e-03,-4.148255108158901971e-03,9.999646092901071093e-01,6.458458839715891520e-02,0.000000000000000000e+00,0.000000000000000000e+00,0.000000000000000000e+00,1.000000000000000056e-01
9.976426263562382379e-01,-6.816505917183261765e-02,7.919266703912006267e-03,9.716922528251469515e+00,6.814475113254224448e-02,9.976714963158023197e-01,2.806836666426342549e-03,4.534248998060564362e-01,-8.092154849668423133e-03,-2.260563444956252988e-03,9.999647028184546205e-01,7.061514164330381926e-02,0.000000000000000000e+00,0.000000000000000000e+00,0.000000000000000000e+00,1.000000000000000056e-01
9.973065382345680518e-01,-7.283651712994579364e-02,8.631950356740502803e-03,1.051830109507906030e+01,7.281636146325981551e-02,9.973419050748025816e-01,2.627143889360133468e-03,5.217304036941943224e-01,-8.800357824202907284e-03,-1.991520560432522534e-03,9.999592929454795831e-01,7.110320231473209185e-02,0.000000000000000000e+00,0.000000000000000000e+00,0.000000000000000000e+00,1.000000000000000056e-01
9.970853928469897154e-01,-7.568296551432864006e-02,9.633696181695447502e-03,1.132856797873752974e+01,7.564978624832453813e-02,9.971273463717604812e-01,3.763636299369217241e-03,5.895556699425302805e-01,-9.890865065659379396e-03,-3.023879721163186176e-03,9.999465120393614681e-01,8.668399601489586159e-02,0.000000000000000000e+00,0.000000000000000000e+00,0.000000000000000000e+00,1.000000000000000056e-01
9.967006460030375381e-01,-8.067285434015544765e-02,8.928204172151307447e-03,1.218569091341794852e+01,8.062593466595574521e-02,9.967292744232461033e-01,5.496559555798443547e-03,6.542807624730754279e-01,-9.342425614827889677e-03,-4.758579653790293365e-03,9.999450359911338237e-01,9.106537722204219309e-02,0.000000000000000000e+00,0.000000000000000000e+00,0.000000000000000000e+00,1.000000000000000056e-01
9.965531610811342311e-01,-8.261922786036560162e-02,7.473976649402785249e-03,1.305941125944430503e+01,8.256023813517268661e-02,9.965548860976517487e-01,7.884546528487027667e-03,7.515173437824433922e-01,-8.099643094754825634e-03,-7.240316474663617552e-03,9.999409850581604253e-01,1.020983426398591465e-01,0.000000000000000000e+00,0.000000000000000000e+00,0.000000000000000000e+00,1.000000000000000056e-01
9.968692368291089956e-01,-7.877647107118986025e-02,6.781760045875964878e-03,1.393823037822196120e+01,7.869321163764521343e-02,9.968293367391706239e-01,1.177505236922579343e-02,8.478387045087766305e-01,-7.687854440780805994e-03,-1.120450899036706457e-02,9.999076736741158156e-01,1.042010049359091001e-01,0.000000000000000000e+00,0.000000000000000000e+00,0.000000000000000000e+00,1.000000000000000056e-01
9.948813181426301444e-01,-1.008050159318612110e-01,7.036446102964798166e-03,1.490523434043117312e+01,1.007364500839579152e-01,9.948677832400624199e-01,9.500605006333904395e-03,9.879694796000177970e-01,-7.958042175370574206e-03,-8.743147830234172802e-03,9.999301110231423317e-01,9.168380427509842390e-02,0.000000000000000000e+00,0.000000000000000000e+00,0.000000000000000000e+00,1.000000000000000056e-01
9.945655621282389891e-01,-1.037452642896175004e-01,8.732855547724514486e-03,1.586893136652043701e+01,1.036695309873603976e-01,9.945735699010780362e-01,8.720229302381797901e-03,1.092500374158352328e+00,-9.590149811172470409e-03,-7.767508719197525544e-03,9.999238445176195089e-01,8.890930952447891056e-02,0.000000000000000000e+00,0.000000000000000000e+00,0.000000000000000000e+00,1.000000000000000056e-01
9.941749666347085013e-01,-1.071991406736757663e-01,1.115705855957173538e-02,1.677865474503424181e+01,1.070948005645494944e-01,9.942028041636593594e-01,9.564929960838249035e-03,1.210605127777057533e+00,-1.211773117855013439e-02,-8.314350963355355423e-03,9.998920102486781314e-01,8.876427393292229961e-02,0.000000000000000000e+00,0.000000000000000000e+00,0.000000000000000000e+00,1.000000000000000056e-01
9.937931390354236560e-01,-1.106618163702399599e-01,1.136482308522016038e-02,1.765843656935174621e+01,1.105663709677099510e-01,9.938305700290988032e-01,8.710665110500349570e-03,1.318586051131888537e+00,-1.225864662798505783e-02,-7.400031978027641136e-03,9.998974772993350912e-01,8.978784628781903698e-02,0.000000000000000000e+00,0.000000000000000000e+00,0.000000000000000000e+00,1.000000000000000056e-01
9.933890013869326463e-01,-1.142809332621059215e-01,1.087015253870636002e-02,1.857071101565622584e+01,1.141967188196902350e-01,9.934253154547946218e-01,8.077872514374129925e-03,1.428543392294267855e+00,-1.172183152452109002e-02,-6.783133957395275256e-03,9.999082896743214377e-01,8.367646216445179252e-02,0.000000000000000000e+00,0.000000000000000000e+00,0.000000000000000000e+00,1.000000000000000056e-01
9.930872371647826435e-01,-1.168731072082318106e-01,1.088192041470178485e-02,1.949489656208806210e+01,1.168016721123409790e-01,9.931306897679454959e-01,6.985873804044336402e-03,1.545102115640692109e+00,-1.162362990549592294e-02,-5.666555615009631966e-03,9.999163871920901947e-01,8.594819194881300750e-02,0.000000000000000000e+00,0.000000000000000000e+00,0.000000000000000000e+00,1.000000000000000056e-01
9.930557866059964711e-01,-1.168683330005150095e-01,1.349064231333757871e-02,2.041621819612836219e+01,1.167823382782236935e-01,9.931328782509544206e-01,6.997971366429582389e-03,1.660947631098619315e+00,-1.421584167807902685e-02,-5.373907205709261940e-03,9.998845088142571669e-01,8.418827458601750580e-02,0.000000000000000000e+00,0.000000000000000000e+00,0.000000000000000000e+00,1.000000000000000056e-01
9.921384141818334612e-01,-1.241241071898572385e-01,1.595534766395206860e-02,2.129452414381916725e+01,1.240379707646380308e-01,9.922575791188236183e-01,6.283191055686794188e-03,1.774444015899906413e+00,-1.661171012712267525e-02,-4.254726262909654458e-03,9.998529633856571008e-01,8.150929200427171895e-02,0.000000000000000000e+00,0.000000000000000000e+00,0.000000000000000000e+00,1.000000000000000056e-01
9.922766693537422578e-01,-1.226077123439501121e-01,1.882446094918308749e-02,2.220974522135810147e+01,1.225136137926330498e-01,9.924482245187632445e-01,6.077506480784006238e-03,1.899041092850216605e+00,-1.942745201290400903e-02,-3.724315150145417544e-03,9.998043326496183214e-01,7.710128750588735036e-02,0.000000000000000000e+00,0.000000000000000000e+00,0.000000000000000000e+00,1.000000000000000056e-01
9.921827803183632666e-01,-1.229376030964235006e-01,2.144006027577269324e-02,2.315441003247501328e+01,1.228302787045250782e-01,9.924079614598237953e-01,6.257848234458312890e-03,2.017883924819322772e+00,-2.204661137434081597e-02,-3.575440680960232688e-03,9.997505504628870776e-01,7.632624368195752018e-02,0.000000000000000000e+00,0.000000000000000000e+00,0.000000000000000000e+00,1.000000000000000056e-01
9.924358120871833444e-01,-1.208457436924929435e-01,2.162094165991129691e-02,2.407191051993364184e+01,1.207854731296784806e-01,9.926702615623804737e-01,4.076921695952790900e-03,2.128325539868156202e+00,-2.195514444709258800e-02,-1.434587426237203273e-03,9.997579274960632922e-01,6.614677324391805835e-02,0.000000000000000000e+00,0.000000000000000000e+00,0.000000000000000000e+00,1.000000000000000056e-01
9.926317119414553858e-01,-1.195111154219887367e-01,1.998443741433778703e-02,2.502002128153710103e+01,1.194610165607013635e-01,9.928320479495407191e-01,3.686473464527575700e-03,2.240924291881783770e+00,-2.028176448091566220e-02,-1.271949257210249710e-03,9.997934947651078152e-01,5.382734888667390499e-02,0.000000000000000000e+00,0.000000000000000000e+00,0.000000000000000000e+00,1.000000000000000056e-01
9.927051388999886816e-01,-1.194416591186189675e-01,1.643767831981646568e-02,2.594313072080189286e+01,1.194095972076334028e-01,9.928407781139998445e-01,2.921884442977772112e-03,2.357583872165021965e+00,-1.666899205905635409e-02,-9.377531546180325073e-04,9.998606229483968377e-01,4.347931944983233349e-02,0.000000000000000000e+00,0.000000000000000000e+00,0.000000000000000000e+00,1.000000000000000056e-01
9.928868307152344252e-01,-1.181261156317252176e-01,1.489839582027980072e-02,2.687965964333398006e+01,1.180948568576727226e-01,9.929978955599491064e-01,2.963814649783253190e-03,2.468934190843047105e+00,-1.514417960878828087e-02,-1.183308612645784467e-03,9.998846201460966920e-01,3.751936180646121832e-02,0.000000000000000000e+00,0.000000000000000000e+00,0.000000000000000000e+00,1.000000000000000056e-01
9.929999280878996082e-01,-1.168955392023518086e-01,1.692854784137082236e-02,2.783050244112582305e+01,1.169079571640122134e-01,9.931427204561972255e-01,2.575977509230747324e-04,2.579459446053989691e+00,-1.684257608454337030e-02,1.723287397745694016e-03,9.998566686837574435e-01,3.180348965585320237e-02,0.000000000000000000e+00,0.000000000000000000e+00,0.000000000000000000e+00,1.000000000000000056e-01
9.929432606535931738e-01,-1.165112715271554439e-01,2.210892873334268857e-02,2.882519037868811651e+01,1.165404483232384131e-01,9.931859457903386978e-01,-3.145105687762657191e-05,2.680103102148962968e+00,-2.195461289180846917e-02,2.607813581497356835e-03,9.997555672668669846e-01,2.493982914245337565e-02,0.000000000000000000e+00,0.000000000000000000e+00,0.000000000000000000e+00,1.000000000000000056e-01
9.927428864213958537e-01,-1.174472406080428188e-01,2.584002966856011399e-02,2.976609258956510118e+01,1.175737392067792153e-01,9.930582432230135037e-01,-3.426574931087848254e-03,2.791637808171938850e+00,-2.525821269709789194e-02,6.439816796974068454e-03,9.996602179995809356e-01,1.232109927386110595e-02,0.000000000000000000e+00,0.000000000000000000e+00,0.000000000000000000e+00,1.000000000000000056e-01
9.926990425219240910e-01,-1.178288130971836961e-01,2.578724064656772591e-02,3.066333153905962305e+01,1.181436262333859649e-01,9.929351431303298225e-01,-1.104015929130609981e-02,2.889644819392573449e+00,-2.430420861663754040e-02,1.400615367830756498e-02,9.996064891259253127e-01,7.610546852345917955e-03,0.000000000000000000e+00,0.000000000000000000e+00,0.000000000000000000e+00,1.000000000000000056e-01
9.925673960012486585e-01,-1.195861360584766914e-01,2.256369778879366988e-02,3.158568663775599106e+01,1.199077297748231824e-01,9.926935452698709694e-01,-1.347818681361207666e-02,2.985441946413416314e+00,-2.078703287024135510e-02,1.608357056558475107e-02,9.996545493430785134e-01,4.503652829654723852e-04,0.000000000000000000e+00,0.000000000000000000e+00,0.000000000000000000e+00,1.000000000000000056e-01
9.925733126497064962e-01,-1.201368065693658449e-01,1.911456834204531066e-02,3.254567304846890607e+01,1.204015861731182468e-01,9.926353747407201666e-01,-1.335929864727889577e-02,3.111477063089409967e+00,-1.736885323172271747e-02,1.556150766040308164e-02,9.997280442284042223e-01,-1.027964044411394488e-02,0.000000000000000000e+00,0.000000000000000000e+00,0.000000000000000000e+00,1.000000000000000056e-01
9.921972376649789149e-01,-1.230719873603944997e-01,1.994812014070888526e-02,3.349891516712892070e+01,1.233540667124336937e-01,9.922697616704561074e-01,-1.358286788424122558e-02,3.235229177373401210e+00,-1.812224587322758609e-02,1.593756573693714748e-02,9.997087466871994454e-01,-2.274659196975306261e-02,0.000000000000000000e+00,0.000000000000000000e+00,0.000000000000000000e+00,1.000000000000000056e-01
9.924415056725920392e-01,-1.208603230793131311e-01,2.127534073716667168e-02,3.446919203251835739e+01,1.211717025760394029e-01,9.925327335538948192e-01,-1.400683114973130285e-02,3.359077187785803442e+00,-1.942360196107666137e-02,1.647892985594895388e-02,9.996755316389714929e-01,-2.555174799381363521e-02,0.000000000000000000e+00,0.000000000000000000e+00,0.000000000000000000e+00,1.000000000000000056e-01
9.920635980285613664e-01,-1.236712553412719490e-01,2.269885611520680926e-02,3.543261234876325005e+01,1.239909067318186037e-01,9.921948114433486454e-01,-1.325560985844670414e-02,3.494391617663302529e+00,-2.088234935169907755e-02,1.596485976173308424e-02,9.996544656721850775e-01,-4.063984457870945671e-02,0.000000000000000000e+00,0.000000000000000000e+00,0.000000000000000000e+00,1.000000000000000056e-01
9.917071707372218103e-01,-1.262917202819765772e-01,2.381782728533037019e-02,3.640142170084696005e+01,1.265997519265514015e-01,9.918825519506674349e-01,-1.189562726244822351e-02,3.620715709240078795e+00,-2.212216807888595788e-02,1.481230988233936223e-02,9.996455397566874623e-01,-4.607695459430718316e-02,0.000000000000000000e+00,0.000000000000000000e+00,0.000000000000000000e+00,1.000000000000000056e-01
9.916045243881680404e-01,-1.269794950350947582e-01,2.442693295416538402e-02,3.739346927323950354e+01,1.273094148422219130e-01,9.917848402998641344e-01,-1.245565911158270749e-02,3.758424270112464605e+00,-2.264464849464435658e-02,1.546086647006710522e-02,9.996240200708208512e-01,-5.355341610127913043e-02,0.000000000000000000e+00,0.000000000000000000e+00,0.000000000000000000e+00,1.000000000000000056e-01
9.914857431328122361e-01,-1.273356676321600878e-01,2.723323177750311061e-02,3.837905565150567355e+01,1.276466776304105988e-01,9.917693200975157275e-01,-9.997069732150370633e-03,3.887566481515940531e+00,-2.573610021532369077e-02,1.338818367006884731e-02,9.995791162703047128e-01,-4.548561466389056118e-02,0.000000000000000000e+00,0.000000000000000000e+00,0.000000000000000000e+00,1.000000000000000056e-01
9.914616487488245866e-01,-1.273188339593287199e-01,2.817292280717736963e-02,3.938809120406700970e+01,1.276339816684996797e-01,9.917741131706733215e-01,-9.678593284649155901e-03,4.023825861562507100e+00,-2.670890832114605068e-02,1.319177636868688712e-02,9.995562071502188672e-01,-6.445230986284707086e-02,0.000000000000000000e+00,0.000000000000000000e+00,0.000000000000000000e+00,1.000000000000000056e-01
9.910977143055598182e-01,-1.304566471803114969e-01,2.657788375259720684e-02,4.039272209033052974e+01,1.308066210594192313e-01,9.913367525838026051e-01,-1.187732560882218645e-02,4.160947758341992930e+00,-2.479815689345373289e-02,1.524815343155383994e-02,9.995761828053004727e-01,-6.923752110900567580e-02,0.000000000000000000e+00,0.000000000000000000e+00,0.000000000000000000e+00,1.000000000000000056e-01
9.911648709613311015e-01,-1.300054690335260554e-01,2.628262912230736395e-02,4.140919770831109048e+01,1.303715172580171555e-01,9.913835814904454757e-01,-1.272249342777631229e-02,4.306733360423841361e+00,-2.440217326490414299e-02,1.603659479285324957e-02,9.995735898709006140e-01,-6.055267409995366418e-02,0.000000000000000000e+00,0.000000000000000000e+00,0.000000000000000000e+00,1.000000000000000056e-01
9.913948482126732076e-01,-1.286404425978560917e-01,2.424647326104127643e-02,4.243549241926731952e+01,1.288571806772353112e-01,9.916340947503125003e-01,-7.592701537833208836e-03,4.452823367561133061e+00,-2.306690107676003659e-02,1.065169737440803399e-02,9.996771776017291389e-01,-6.267355201117259800e-02,0.000000000000000000e+00,0.000000000000000000e+00,0.000000000000000000e+00,1.000000000000000056e-01
9.914959412316528553e-01,-1.278724895913862791e-01,2.417488214779284217e-02,4.347780813609995931e+01,1.280979668471819155e-01,9.917291388748252778e-01,-8.014112316150831528e-03,4.582864148226603263e+00,-2.295015056109978718e-02,1.104271308594064610e-02,9.996756219278953859e-01,-6.684003457280077165e-02,0.000000000000000000e+00,0.000000000000000000e+00,0.000000000000000000e+00,1.000000000000000056e-01
9.916541493628455717e-01,-1.261990863458811174e-01,2.637875389240494639e-02,4.446426797151220711e+01,1.265377203021228469e-01,9.918941803139543767e-01,-1.158189967364387993e-02,4.708362834708199607e+00,-2.470330731284701986e-02,1.482314625082881143e-02,9.995849243276099250e-01,-7.333821242748379821e-02,0.000000000000000000e+00,0.000000000000000000e+00,0.000000000000000000e+00,1.000000000000000056e-01
9.917940985775348661e-01,-1.248956630510384552e-01,2.730456697727602980e-02,4.543142086869234930e+01,1.252395154833343960e-01,9.920626187665592122e-01,-1.126162543935483283e-02,4.847350661758892620e+00,-2.568131204348270483e-02,1.458882438985906367e-02,9.995637230385300276e-01,-7.832705230530757901e-02,0.000000000000000000e+00,0.000000000000000000e+00,0.000000000000000000e+00,1.000000000000000056e-01
9.913587698368724332e-01,-1.288442644132808124e-01,2.463625367874573008e-02,4.633859595074064686e+01,1.291543795383255089e-01,9.915585758625874435e-01,-1.143402288906168913e-02,4.965555891388722110e+00,-2.295508034386077589e-02,1.451709892361403333e-02,9.996310910157051310e-01,-8.283310746137542702e-02,0.000000000000000000e+00,0.000000000000000000e+00,0.000000000000000000e+00,1.000000000000000056e-01
9.917583952840122175e-01,-1.267356108480261756e-01,1.879814689426960103e-02,4.728275264511820097e+01,1.269178808977398376e-01,9.918738549350877287e-01,-8.837839364670035600e-03,5.102469490174975419e+00,-1.752532145519704668e-02,1.115082235470815468e-02,9.997842378577018740e-01,-9.542954459272028067e-02,0.000000000000000000e+00,0.000000000000000000e+00,0.000000000000000000e+00,1.000000000000000056e-01
9.920171220657669764e-01,-1.247726323256404257e-01,1.827073482057296402e-02,4.822444073836000200e+01,1.249431844850091844e-01,9.921274278605990427e-01,-8.506911158390738706e-03,5.229260085472690278e+00,-1.706546744446536465e-02,1.072180531637947042e-02,9.997968857281260835e-01,-9.533144747297341015e-02,0.000000000000000000e+00,0.000000000000000000e+00,0.000000000000000000e+00,1.000000000000000056e-01
9.922658811017620595e-01,-1.228022608603314830e-01,1.811148610509101531e-02,4.918379640453009216e+01,1.230081728846278560e-01,9.923476864084408433e-01,-1.072654107344422555e-02,5.370622325851139856e+00,-1.665564783877553773e-02,1.287144154342794583e-02,9.997784331478973829e-01,-1.022583721019095226e-01,0.000000000000000000e+00,0.000000000000000000e+00,0.000000000000000000e+00,1.000000000000000056e-01
9.926682799304490379e-01,-1.190922269024145413e-01,2.065738394249020532e-02,5.017899930522426644e+01,1.193156086582304737e-01,9.928066522678429262e-01,-9.936636414522744681e-03,5.509277837090512442e+00,-1.932541203803005841e-02,1.232853211628353457e-02,9.997372333495527785e-01,-9.357741115438444890e-02,0.000000000000000000e+00,0.000000000000000000e+00,0.000000000000000000e+00,1.000000000000000056e-01
9.927743386979165363e-01,-1.182074804184399530e-01,2.064228659908212346e-02,5.111103101393864279e+01,1.184302224246421009e-01,9.929128285609950533e-01,-9.919541090893130297e-03,5.636473904039821292e+00,-1.932342721579969128e-02,1.229253643998074255e-02,9.997377149575319422e-01,-9.779323181880786309e-02,0.000000000000000000e+00,0.000000000000000000e+00,0.000000000000000000e+00,1.000000000000000056e-01
9.926927756850472129e-01,-1.189417529495327697e-01,2.034483983738254523e-02,5.205317407438898414e+01,1.192161295245616759e-01,9.927852027973848026e-01,-1.284739536787322250e-02,5.753781997638386159e+00,-1.866996421794559283e-02,1.517894962926714941e-02,9.997104740494884290e-01,-9.803460771967757725e-02,0.000000000000000000e+00,0.000000000000000000e+00,0.000000000000000000e+00,1.000000000000000056e-01
9.928725338281124690e-01,-1.176470158539447003e-01,1.906072481322300394e-02,5.303487129204113160e+01,1.179192225593668902e-01,9.929266690171202336e-01,-1.384510402852076952e-02,5.878603329002354272e+00,-1.729706682470259077e-02,1.599404936930451382e-02,9.997224624184624098e-01,-8.858497640622568781e-02,0.000000000000000000e+00,0.000000000000000000e+00,0.000000000000000000e+00,1.000000000000000056e-01
9.926876890797518005e-01,-1.191423391066142035e-01,1.939729315411218777e-02,5.399890817852758573e+01,1.194115124517369231e-01,9.927549226971353891e-01,-1.336241574691619978e-02,6.008838784312175996e+00,-1.766472879754166572e-02,1.558096572133138742e-02,9.997225569445254978e-01,-9.163433921668288906e-02,0.000000000000000000e+00,0.000000000000000000e+00,0.000000000000000000e+00,1.000000000000000056e-01
9.925385231753535153e-01,-1.197697267279094202e-01,2.285809643015192238e-02,5.493705092134900525e+01,1.201286983650462215e-01,9.926445190224644222e-01,-1.503178910775797468e-02,6.127035465958230454e+00,-2.088961086300952785e-02,1.766554313295432693e-02,9.996257063240269192e-01,-9.000792491804930628e-02,0.000000000000000000e+00,0.000000000000000000e+00,0.000000000000000000e+00,1.000000000000000056e-01
9.922596259730259716e-01,-1.212778001145378287e-01,2.669325501411985019e-02,5.588599317322976390e+01,1.216665822605649122e-01,9.924798752476631236e-01,-1.345139358639797431e-02,6.242346740758071277e+00,-2.486116298373457906e-02,1.659495187583286124e-02,9.995531652430175162e-01,-8.171144869896858343e-02,0.000000000000000000e+00,0.000000000000000000e+00,0.000000000000000000e+00,1.000000000000000056e-01
9.920336581514483942e-01,-1.230658114704696326e-01,2.690775244739148850e-02,5.684731686995141331e+01,1.234020038401790753e-01,9.922934861958792041e-01,-1.120636878997411517e-02,6.368463580236793042e+00,-2.532126661294229267e-02,1.443756559615583593e-02,9.995751048104254410e-01,-8.949012157548814905e-02,0.000000000000000000e+00,0.000000000000000000e+00,0.000000000000000000e+00,1.000000000000000056e-01
9.917676000811740389e-01,-1.256884607425102773e-01,2.448342838343645772e-02,5.773901933722497404e+01,1.260023741912888462e-01,9.919606488992273041e-01,-1.172487669795756193e-02,6.487332813227261852e+00,-2.281291580194937801e-02,1.471332292863643254e-02,9.996314765957556858e-01,-9.482324329442523569e-02,0.000000000000000000e+00,0.000000000000000000e+00,0.000000000000000000e+00,1.000000000000000056e-01
9.914564499206245385e-01,-1.291975290523305064e-01,1.794732285229151680e-02,5.860960376991755538e+01,1.294371685761113722e-01,9.915037387127509927e-01,-1.289788779746952642e-02,6.610530128984733800e+00,-1.612846247450456377e-02,1.511074470067563270e-02,9.997557392147341515e-01,-1.015227606528574245e-01,0.000000000000000000e+00,0.000000000000000000e+00,0.000000000000000000e+00,1.000000000000000056e-01
9.913434138168478738e-01,-1.304512224310268309e-01,1.485646149688973905e-02,5.953939968136287320e+01,1.306614684691874972e-01,9.913255424873752553e-01,-1.418624226448257468e-02,6.720927706752999775e+00,-1.287697710774257306e-02,1.600460491114456471e-02,9.997889957797119198e-01,-1.004482103039128910e-01,0.000000000000000000e+00,0.000000000000000000e+00,0.000000000000000000e+00,1.000000000000000056e-01
9.913782009262311901e-01,-1.301302189128610010e-01,1.534238749217198446e-02,6.043560089589425388e+01,1.303059231264071804e-01,9.914120772762062828e-01,-1.106613885022789644e-02,6.853285588742254575e+00,-1.377058918289044039e-02,1.296993278966931777e-02,9.998210598487048406e-01,-1.042123805953020371e-01,0.000000000000000000e+00,0.000000000000000000e+00,0.000000000000000000e+00,1.000000000000000056e-01
9.911900301471674446e-01,-1.314253762596062081e-01,1.642238143139795881e-02,6.135257235490798422e+01,1.315764569888490665e-01,9.912697485076352732e-01,-8.480663881509233060e-03,6.981661101173961548e+00,-1.516443546983971095e-02,1.056674825244393809e-02,9.998291772739233974e-01,-9.773940692985096101e-02,0.000000000000000000e+00,0.000000000000000000e+00,0.000000000000000000e+00,1.000000000000000056e-01
9.911840664176768678e-01,-1.310439526492702400e-01,1.953532579134752839e-02,6.223729616798455311e+01,1.311978556538974938e-01,9.913328064878528245e-01,-6.810980306562925551e-03,7.104720836252956140e+00,-1.847347156160273479e-02,9.313928009874829217e-03,9.997859678918731285e-01,-9.303895975195078383e-02,0.000000000000000000e+00,0.000000000000000000e+00,0.000000000000000000e+00,1.000000000000000056e-01
9.910192036004227267e-01,-1.321918814655267671e-01,2.015550966331655300e-02,6.304607286879758732e+01,1.323265716723921182e-01,9.911909352018839492e-01,-5.496217157823878388e-03,7.221135763925411233e+00,-1.925140318561749733e-02,8.113966244618048274e-03,9.997817496969856332e-01,-9.362458045077390323e-02,0.000000000000000000e+00,0.000000000000000000e+00,0.000000000000000000e+00,1.000000000000000056e-01
9.906436094333117559e-01,-1.350768802366300314e-01,1.948013127469021971e-02,6.385538199271918813e+01,1.351862631653908131e-01,9.908104064799486688e-01,-4.405980301431051439e-03,7.339640964460192762e+00,-1.870597071305722670e-02,6.998202381898359532e-03,9.998005360186121848e-01,-9.604853863600004704e-02,0.000000000000000000e+00,0.000000000000000000e+00,0.000000000000000000e+00,1.000000000000000056e-01
9.900057196628212486e-01,-1.395957424309027251e-01,2.004254799331798426e-02,6.464667619308335134e+01,1.397075840936928826e-01,9.901835290029085135e-01,-4.286004905507794123e-03,7.456284733928508324e+00,-1.924749286538691290e-02,7.043265330183972987e-03,9.997899411535833281e-01,-9.618594859162328536e-02,0.000000000000000000e+00,0.000000000000000000e+00,0.000000000000000000e+00,1.000000000000000056e-01
9.899188260608325907e-01,-1.404567066122598407e-01,1.823818461307837036e-02,6.543597464523297447e+01,1.405865421044250607e-01,9.900499880014960175e-01,-6.037005661618133345e-03,7.559718015909493438e+00,-1.720877652431686278e-02,8.540188866486442265e-03,9.998154445619755748e-01,-9.474735024181316079e-02,0.000000000000000000e+00,0.000000000000000000e+00,0.000000000000000000e+00,1.000000000000000056e-01
9.899109778926175052e-01,-1.402565677036130554e-01,2.010848238141066044e-02,6.618680652899423933e+01,1.403886433297062974e-01,9.900822499903595419e-01,-5.307266534827387826e-03,7.672943774821334273e+00,-1.916467249201543252e-02,8.076723966373286143e-03,9.997837175400711152e-01,-9.014351198516104557e-02,0.000000000000000000e+00,0.000000000000000000e+00,0.000000000000000000e+00,1.000000000000000056e-01
9.896951108033550382e-01,-1.413799848445339014e-01,2.269994575531291900e-02,6.697670998528037956e+01,1.414979948182527592e-01,9.899317342360195449e-01,-3.671377790501002304e-03,7.798495258885353110e+00,-2.195233733224090031e-02,6.845541456030752349e-03,9.997355817654112187e-01,-8.984800611615938182e-02,0.000000000000000000e+00,0.000000000000000000e+00,0.000000000000000000e+00,1.000000000000000056e-01
9.896038996069610461e-01,-1.417264311688196110e-01,2.444873393134473077e-02,6.771557168633921719e+01,1.418192056794462808e-01,9.898903603130111417e-01,-2.094626417283025448e-03,7.911887180496631977e+00,-2.390470211374232101e-02,5.540150496774475485e-03,9.996988906412401787e-01,-9.430500114061561578e-02,0.000000000000000000e+00,0.000000000000000000e+00,0.000000000000000000e+00,1.000000000000000056e-01
9.893528868586013436e-01,-1.430927297722620617e-01,2.655816166216914964e-02,6.839565139978280683e+01,1.431405593314276081e-01,9.897023643677882454e-01,1.011884173370098880e-04,8.017798624520164452e+00,-2.629915471716884334e-02,3.701439062328345554e-03,9.996472646939170703e-01,-9.413100427589748964e-02,0.000000000000000000e+00,0.000000000000000000e+00,0.000000000000000000e+00,1.000000000000000056e-01
9.894492159011607502e-01,-1.431470262972468488e-01,2.234229206758870864e-02,6.907547471894669400e+01,1.431031785273849666e-01,9.897013816002794284e-01,3.557464526530315641e-03,8.127684590586490287e+00,-2.262143779554026332e-02,-3.226774759124918703e-04,9.997440504605711320e-01,-9.668118253463391099e-02,0.000000000000000000e+00,0.000000000000000000e+00,0.000000000000000000e+00,1.000000000000000056e-01
9.896519824951555133e-01,-1.425899370961617174e-01,1.603319626028991418e-02,6.976661120794315707e+01,1.425664237912268872e-01,9.897818062005399042e-01,2.605939710947957448e-03,8.238315791918710218e+00,-1.624094673313795228e-02,-2.931779484300937270e-04,9.998680641444159800e-01,-9.983502347531111876e-02,0.000000000000000000e+00,0.000000000000000000e+00,0.000000000000000000e+00,1.000000000000000056e-01
9.899414303655520442e-01,-1.411417217131976654e-01,9.745708678138443465e-03,7.050012047202230292e+01,1.411271812389437996e-01,9.899891015553358153e-01,2.167375650231478500e-03,8.343645800610245189e+00,-9.954052509163251183e-03,-7.701905564080264478e-04,9.999501605805919402e-01,-9.784336449362768251e-02,0.000000000000000000e+00,0.000000000000000000e+00,0.000000000000000000e+00,1.000000000000000056e-01
9.898409430004717624e-01,-1.418763760236223248e-01,9.273698633255392926e-03,7.121084095294617100e+01,1.418514911691939606e-01,9.898824779383227357e-01,3.291553396507931970e-03,8.452789660504114622e+00,-9.646865450124875868e-03,-1.942626338154824269e-03,9.999515809227452756e-01,-9.355626299812040692e-02,0.000000000000000000e+00,0.000000000000000000e+00,0.000000000000000000e+00,1.000000000000000056e-01
9.896012924148523959e-01,-1.433528799007085797e-01,1.179974046438558508e-02,7.187645117873572076e+01,1.433016382327842730e-01,9.896660029538693060e-01,5.083608670243154257e-03,8.560417303159708169e+00,-1.240655192444908156e-02,-3.339823570935845920e-03,9.999174581173493337e-01,-8.296254141893351364e-02,0.000000000000000000e+00,0.000000000000000000e+00,0.000000000000000000e+00,1.000000000000000056e-01
9.893341436634457420e-01,-1.450510819717197031e-01,1.334675243458174204e-02,7.249329047201132425e+01,1.450136834158924637e-01,9.894226053720018843e-01,3.733577511604845370e-03,8.651746293888615824e+00,-1.374713802476253827e-02,-1.758293978065949593e-03,9.999039576871444623e-01,-7.406734341459336735e-02,0.000000000000000000e+00,0.000000000000000000e+00,0.000000000000000000e+00,1.000000000000000056e-01
9.895647372091351812e-01,-1.436991300441954889e-01,1.059202042845039556e-02,7.306177952827360400e+01,1.437023904195147694e-01,9.896208438190972068e-01,4.565813130679347064e-04,8.726509564702364941e+00,-1.054769453163449493e-02,1.070281887859981466e-03,9.999437987390830118e-01,-7.152382446581408149e-02,0.000000000000000000e+00,0.000000000000000000e+00,0.000000000000000000e+00,1.000000000000000056e-01
9.897953476972611853e-01,-1.422730864850068055e-01,7.971106503337514401e-03,7.369168041976523398e+01,1.423276873919753216e-01,9.897965165083220107e-01,-6.759090888801026417e-03,8.805720532639560005e+00,-6.928136727137892970e-03,7.824625870973366329e-03,9.999453865844221134e-01,-5.589991646133748993e-02,0.000000000000000000e+00,0.000000000000000000e+00,0.000000000000000000e+00,1.000000000000000056e-01
9.902499287176023124e-01,-1.392477165352870028e-01,3.892571706704821017e-03,7.429437773656509592e+01,1.392819273411874392e-01,9.901954931227594514e-01,-1.065035752918621660e-02,8.889462726979012075e+00,-2.371368994412699754e-03,1.108868067371725392e-02,9.999357068181977670e-01,-4.543894231132566269e-02,0.000000000000000000e+00,0.000000000000000000e+00,0.000000000000000000e+00,1.000000000000000056e-01
9.909629025960287052e-01,-1.340996502537305513e-01,3.132008984792421149e-03,7.487224525187467350e+01,1.341228940575771023e-01,9.909234339472680064e-01,-9.044188397773262125e-03,8.963167459429129735e+00,-1.890758597393960450e-03,9.382529295537412814e-03,9.999541955389480430e-01,-3.574022905044943466e-02,0.000000000000000000e+00,0.000000000000000000e+00,0.000000000000000000e+00,1.000000000000000056e-01
9.917476978498438456e-01,-1.281280895458339897e-01,4.438071525975911293e-03,7.544654488416833260e+01,1.281627876145081113e-01,9.917150052434594576e-01,-8.697600004810583998e-03,9.055794253003828231e+00,-3.286895254403831949e-03,9.194620399991334028e-03,9.999523265012620898e-01,-4.002718381997777408e-02,0.000000000000000000e+00,0.000000000000000000e+00,0.000000000000000000e+00,1.000000000000000056e-01
9.925888646883683775e-01,-1.213839132778674751e-01,5.769860830832343815e-03,7.599955246595251879e+01,1.214357482761394963e-01,9.925519604338437496e-01,-9.693548346589255307e-03,9.107488133479117565e+00,-4.550245847215883890e-03,1.032237551558415171e-02,9.999363698888270591e-01,-3.116732283289383454e-02,0.000000000000000000e+00,0.000000000000000000e+00,0.000000000000000000e+00,1.000000000000000056e-01
9.937509093275491701e-01,-1.112489544436094241e-01,9.099469537998569960e-03,7.657280769072902160e+01,1.113683961077283763e-01,9.936821963494872900e-01,-1.388427190929273150e-02,9.168753726288571215e+00,-7.497370143014080342e-03,1.481090116308863072e-02,9.998622038299457282e-01,-1.874233657604830808e-02,0.000000000000000000e+00,0.000000000000000000e+00,0.000000000000000000e+00,1.000000000000000056e-01
9.947291708047525383e-01,-1.018043720730511387e-01,1.223709838570000673e-02,7.712654821706509267e+01,1.020107583466764306e-01,9.946271384850688957e-01,-1.762556582182458684e-02,9.206827283258038008e+00,-1.037699048980597095e-02,1.878098016119630551e-02,9.997697699233355495e-01,-9.415498133328321917e-03,0.000000000000000000e+00,0.000000000000000000e+00,0.000000000000000000e+00,1.000000000000000056e-01
9.958818536876231642e-01,-8.986676926712691693e-02,1.197068407371030055e-02,7.761641066268691702e+01,9.002651792900620564e-02,9.958471847628819207e-01,-1.355030145128842400e-02,9.252527350545387108e+00,-1.070325022046731897e-02,1.457217833171955620e-02,9.998365326659086616e-01,2.957914622782001606e-03,0.000000000000000000e+00,0.000000000000000000e+00,0.000000000000000000e+00,1.000000000000000056e-01
9.970757576170550252e-01,-7.586512105863656152e-02,9.187871305926088514e-03,7.810903416287330003e+01,7.594982748852986687e-02,9.970687303622414177e-01,-9.250439897132343298e-03,9.292622140585738322e+00,-8.459153435089806702e-03,9.921206609396163861e-03,9.999150025790068952e-01,-3.626184422276193140e-04,0.000000000000000000e+00,0.000000000000000000e+00,0.000000000000000000e+00,1.000000000000000056e-01
9.981452681517276604e-01,-6.009840467366794198e-02,9.705947763909547957e-03,7.860835440664762075e+01,6.013495574862428444e-02,9.981840540973351272e-01,-3.518699037898514754e-03,9.318852861329762760e+00,-9.476854089131727873e-03,4.095839534009599117e-03,9.999467052473771655e-01,4.968133437649568940e-03,0.000000000000000000e+00,0.000000000000000000e+00,0.000000000000000000e+00,1.000000000000000056e-01
9.992813874949312281e-01,-3.620362297905036636e-02,1.122525230878361133e-02,7.910421613758516912e+01,3.625304578354989621e-02,9.993336857202763657e-01,-4.230987608550141992e-03,9.337733792280872080e+00,-1.106459568266778340e-02,4.634896753828078413e-03,9.999280436383711779e-01,1.515309661687052126e-02,0.000000000000000000e+00,0.000000000000000000e+00,0.000000000000000000e+00,1.000000000000000056e-01
9.998743622613547322e-01,-1.105039104941110510e-02,1.136435436371864734e-02,7.960492387559740735e+01,1.114866198964776546e-02,9.999006912930418212e-01,-8.620608304386186485e-03,9.360718145306085702e+00,-1.126796469153410439e-02,8.746222576184755834e-03,9.998982631059812887e-01,1.723295889068902215e-02,0.000000000000000000e+00,0.000000000000000000e+00,0.000000000000000000e+00,1.000000000000000056e-01
9.997832040563163769e-01,1.668392336308809412e-02,1.245759158508057823e-02,8.008427039805961556e+01,-1.659451283598566487e-02,9.998360424722109174e-01,-7.246400295571803207e-03,9.360980249696080335e+00,-1.257644745635165887e-02,7.038101641917328052e-03,9.998961436542576076e-01,2.700234095005619658e-02,0.000000000000000000e+00,0.000000000000000000e+00,0.000000000000000000e+00,1.000000000000000056e-01
9.987390432394149808e-01,4.864574421916166569e-02,1.240625159271862774e-02,8.057431387907965359e+01,-4.854206424735976744e-02,9.987847512831264929e-01,-8.525761133664674571e-03,9.332982002413650946e+00,-1.280591690677128705e-02,7.912785455641389507e-03,9.998866917398739895e-01,2.729784581940380983e-02,0.000000000000000000e+00,0.000000000000000000e+00,0.000000000000000000e+00,1.000000000000000056e-01
