1.000000000000000000e+00,-1.654446268413061997e-09,-8.888130355144955156e-10,5.009918407680006084e-15,1.654446268180993581e-09,1.000000000000000000e+00,-2.610991500652894649e-10,3.145312578408731233e-15,8.888130359464701177e-10,2.610991485947960143e-10,1.000000000000000000e+00,1.498905989467832527e-15,0.000000000000000000e+00,0.000000000000000000e+00,0.000000000000000000e+00,1.000000000000000056e-01
9.999537907100070067e-01,-9.585680930519153986e-03,-7.288112140947559199e-04,6.547847083475127894e-01,9.583146458189834016e-03,9.999482834775834661e-01,-3.404948486437054354e-03,1.695946047629273354e-02,7.614122722891045062e-04,3.397806841579992070e-03,9.999939375616329063e-01,1.024383525691831796e-02,0.000000000000000000e+00,0.000000000000000000e+00,0.000000000000000000e+00,1.000000000000000056e-01
9.998273655211438182e-01,-1.821778934731517127e-02,-3.653943944015089398e-03,1.336529155336804386e+00,1.820394012620169324e-02,9.998271176477356859e-01,-3.788321541589667087e-03,1.422203180988677526e-02,3.722327085415583128e-03,3.721151369893246907e-03,9.999861485608445566e-01,1.670915721268261336e-02,0.000000000000000000e+00,0.000000000000000000e+00,0.000000000000000000e+00,1.000000000000000056e-01
9.996938136589539337e-01,-2.389587796036750367e-02,-6.423857759932427580e-03,2.076604753546230864e+00,2.387570341412677960e-02,9.997098160711728188e-01,-3.199130729180036346e-03,2.516485409964005701e-02,6.498439697133170587e-03,3.044777076396856970e-03,9.999742494754840783e-01,1.667590465456319712e-02,0.000000000000000000e+00,0.000000000000000000e+00,0.000000000000000000e+00,1.000000000000000056e-01
9.994311683668137825e-01,-3.285815197161053025e-02,-7.594836795881364060e-03,2.816306764006106800e+00,3.284363437405185548e-02,9.994584439430260758e-01,-2.028426012603826677e-03,5.894944388065218727e-02,7.657374096198129969e-03,1.777830136867756703e-03,9.999691014936188393e-01,3.248575359465657314e-02,0.000000000000000000e+00,0.000000000000000000e+00,0.000000000000000000e+00,1.000000000000000056e-01
9.992378635139438359e-01,-3.818477282633678249e-02,-8.100323715130659102e-03,3.519294875354106900e+00,3.815140697467286901e-02,9.992629983221819057e-01,-4.234422040381156591e-03,8.877333595940799238e-02,8.256044206624527093e-03,3.922156086164278396e-03,9.999582263403277160e-01,4.276288004434427442e-02,0.000000000000000000e+00,0.000000000000000000e+00,0.000000000000000000e+00,1.000000000000000056e-01
9.990124542892125925e-01,-4.292147707418702413e-02,-1.148316075016183983e-02,4.243076448425098235e+00,4.287657546157861571e-02,9.990718472684807505e-01,-4.128349819611651025e-03,1.303415613750680546e-01,1.164969749528178659e-02,3.631914277012911717e-03,9.999255441016360324e-01,6.432007775235669411e-02,0.000000000000000000e+00,0.000000000000000000e+00,0.000000000000000000e+00,1.000000000000000056e-01
9.985022134055663301e-01,-5.291257319907232554e-02,-1.391364156637841555e-02,5.019378415865926257e+00,5.286963685514593086e-02,9.985955110657008804e-01,-3.436099276320708253e-03,1.611158027710825891e-01,1.407591286524023134e-02,2.695343555940401571e-03,9.998972966260712969e-01,8.021565901173874358e-02,0.000000000000000000e+00,0.000000000000000000e+00,0.000000000000000000e+00,1.000000000000000056e-01
9.980690078958591727e-01,-6.033551827210597435e-02,-1.476078292678756516e-02,5.790404443903467424e+00,6.028432470231664259e-02,9.981736689276371477e-01,-3.889325741747838398e-03,2.332086604931966345e-01,1.496848933463336938e-02,2.991971653631218114e-03,9.998834894289748698e-01,9.081080513725788006e-02,0.000000000000000000e+00,0.000000000000000000e+00,0.000000000000000000e+00,1.000000000000000056e-01
9.978005800751206245e-01,-6.509468772573880069e-02,-1.251734922582620375e-02,6.582567953314332421e+00,6.505507407188616809e-02,9.978753721599299409e-01,-3.546684956785482474e-03,2.984501938435962232e-01,1.272162486690066145e-02,2.724567226154467770e-03,9.999153649155392287e-01,1.188117132150911248e-01,0.000000000000000000e+00,0.000000000000000000e+00,0.000000000000000000e+00,1.000000000000000056e-01
9.974724024965715419e-01,-6.979643403003468749e-02,-1.331405476962821584e-02,7.377964227044766510e+00,6.973306984769203631e-02,9.975523097795419014e-01,-5.166064567709015808e-03,3.552576739309503129e-01,1.364203897276895609e-02,4.224576924598642293e-03,9.998980186611400311e-01,1.364996832147616357e-01,0.000000000000000000e+00,0.000000000000000000e+00,0.000000000000000000e+00,1.000000000000000056e-01
9.972059623657005822e-01,-7.343352452358485605e-02,-1.370350678990674316e-02,8.191138656489242109e+00,7.337724657297516051e-02,9.972938035865203110e-01,-4.566071977068529922e-03,4.274854050843842068e-01,1.400172516748431940e-02,3.547788603486253661e-03,9.998956770025356766e-01,1.592905201992033115e-01,0.000000000000000000e+00,0.000000000000000000e+00,0.000000000000000000e+00,1.000000000000000056e-01
9.965936825377379460e-01,-8.099946701274898797e-02,-1.549575004705883857e-02,9.033392033455307057e+00,8.093166150859767982e-02,9.967073365700397369e-01,-4.954936217067033681e-03,4.902372064321376399e-01,1.584607495022367918e-02,3.683961333676042012e-03,9.998676564113692100e-01,1.831940287478022178e-01,0.000000000000000000e+00,0.000000000000000000e+00,0.000000000000000000e+00,1.000000000000000056e-01
9.965388279579729947e-01,-8.125008938733445374e-02,-1.757234607841467317e-02,9.782656619305265977e+00,8.113315447057177499e-02,9.966767628260569944e-01,-7.269228860477505196e-03,5.667276154000769894e-01,1.810457449938428220e-02,5.818368939988161938e-03,9.998191691326359098e-01,2.149035818883557880e-01,0.000000000000000000e+00,0.000000000000000000e+00,0.000000000000000000e+00,1.000000000000000056e-01
9.964500366345873106e-01,-8.263695232528396606e-02,-1.607664770150547817e-02,1.053973058024103970e+01,8.258097859406286767e-02,9.965758576256935619e-01,-4.116062689065151485e-03,6.428613537904389608e-01,1.636173784707811718e-02,2.773825517606914523e-03,9.998622902313204497e-01,2.333718828620648389e-01,0.000000000000000000e+00,0.000000000000000000e+00,0.000000000000000000e+00,1.000000000000000056e-01
9.959920779035991156e-01,-8.781598537089986556e-02,-1.697449459067738517e-02,1.132820868528440883e+01,8.766601415197787517e-02,9.961056901063126690e-01,-9.387443769831863710e-03,7.527536311325592200e-01,1.773275827321426842e-02,7.861733343509039879e-03,9.998118535168800669e-01,2.476395864109109390e-01,0.000000000000000000e+00,0.000000000000000000e+00,0.000000000000000000e+00,1.000000000000000056e-01
9.956135714420116800e-01,-9.176825765552837355e-02,-1.822644362872060872e-02,1.216479169578758324e+01,9.162026671930648125e-02,9.957551617569490032e-01,-8.796849474407448036e-03,8.463544154837007172e-01,1.895634687289492540e-02,7.088351096044795928e-03,9.997951851214196273e-01,2.763633601520573135e-01,0.000000000000000000e+00,0.000000000000000000e+00,0.000000000000000000e+00,1.000000000000000056e-01
9.952057379353814737e-01,-9.513763056814453223e-02,-2.267973611777604828e-02,1.303921756649187813e+01,9.502826868186003972e-02,9.954573592865584297e-01,-5.854399504632163895e-03,9.468729213891670105e-01,2.313368392238735263e-02,3.671115921742277091e-03,9.997256401513708868e-01,3.153287162761083118e-01,0.000000000000000000e+00,0.000000000000000000e+00,0.000000000000000000e+00,1.000000000000000056e-01
9.952448764890665656e-01,-9.392420577111278146e-02,-2.580463897302617479e-02,1.393886171749187675e+01,9.394003272117491810e-02,9.955776761058389157e-01,-6.009093459001440879e-04,1.049368569003912510e+00,2.574696243456966668e-02,-1.826036681742669761e-03,9.996668242546762340e-01,3.460676979272447884e-01,0.000000000000000000e+00,0.000000000000000000e+00,0.000000000000000000e+00,1.000000000000000056e-01
9.931592909454367568e-01,-1.135664194327271614e-01,-2.715310637822411499e-02,1.482807302648541281e+01,1.134718097012792082e-01,9.935286091162912614e-01,-5.005124430468578002e-03,1.252950379563682493e+00,2.754580207352728266e-02,1.889773710709418374e-03,9.996187560982678910e-01,3.640283021956831067e-01,0.000000000000000000e+00,0.000000000000000000e+00,0.000000000000000000e+00,1.000000000000000056e-01
9.926554230091492181e-01,-1.183497218623750930e-01,-2.507098932283030601e-02,1.576484834270274860e+01,1.182411538710271964e-01,9.929681173938705863e-01,-5.774718220016817997e-03,1.386903293099670753e+00,2.557812936426522021e-02,2.767882651229776857e-03,9.996689942795334849e-01,4.002339253987816092e-01,0.000000000000000000e+00,0.000000000000000000e+00,0.000000000000000000e+00,1.000000000000000056e-01
9.922501467806686959e-01,-1.217615867979155997e-01,-2.477422439139118429e-02,1.666949679202667411e+01,1.216389987882351975e-01,9.925537604601651909e-01,-6.402075458841530869e-03,1.505150127109264657e+00,2.536927644882780788e-02,3.338948463012527193e-03,9.996725720132688675e-01,4.314315336829976921e-01,0.000000000000000000e+00,0.000000000000000000e+00,0.000000000000000000e+00,1.000000000000000056e-01
9.917281021639865468e-01,-1.258276964381015162e-01,-2.535275502383113264e-02,1.752011664185198470e+01,1.256833752427218009e-01,9.920441751686079890e-01,-7.214132077630765368e-03,1.645408671023348868e+00,2.605879056699683324e-02,3.968037691012127506e-03,9.996525366901581888e-01,4.731862154522895048e-01,0.000000000000000000e+00,0.000000000000000000e+00,0.000000000000000000e+00,1.000000000000000056e-01
9.915718511141399238e-01,-1.267052326237025905e-01,-2.703790124716444129e-02,1.840899487266667123e+01,1.265217285302999706e-01,9.919282699242308876e-01,-8.399972311095781421e-03,1.752751560156652788e+00,2.788397905219208370e-02,4.908294092197965953e-03,9.995991158266004373e-01,4.892073437648915002e-01,0.000000000000000000e+00,0.000000000000000000e+00,0.000000000000000000e+00,1.000000000000000056e-01
9.912532111219027886e-01,-1.293143706476331811e-01,-2.636029181407164440e-02,1.931588360418744088e+01,1.290909580792276579e-01,9.915821820363818206e-01,-1.001502921387497323e-02,1.869683188849095679e+00,2.743348287592283635e-02,6.524554542206703264e-03,9.996023380351419796e-01,5.325998895928812926e-01,0.000000000000000000e+00,0.000000000000000000e+00,0.000000000000000000e+00,1.000000000000000056e-01
9.894044473271403906e-01,-1.430429967995518470e-01,-2.485036570916743931e-02,2.022328039402772504e+01,1.428235918482699263e-01,9.896935245676351522e-01,-1.039947308523883791e-02,2.029251973093629147e+00,2.608181782074946858e-02,6.740066431067831022e-03,9.996370892897431526e-01,5.584538255366303661e-01,0.000000000000000000e+00,0.000000000000000000e+00,0.000000000000000000e+00,1.000000000000000056e-01
9.894441653639686196e-01,-1.430011057242569772e-01,-2.347184246792989246e-02,2.112622800131543599e+01,1.427821599289388621e-01,9.896956313889294643e-01,-1.076159912350787597e-02,2.161296092679039216e+00,2.476890052518218241e-02,7.296641097658042655e-03,9.996665747115213163e-01,5.864595053200359898e-01,0.000000000000000000e+00,0.000000000000000000e+00,0.000000000000000000e+00,1.000000000000000056e-01
9.893733467233523093e-01,-1.440347544127444923e-01,-1.985875914285144955e-02,2.206560313395292994e+01,1.438542269302766075e-01,9.895458544538711099e-01,-1.024516117250101090e-02,2.320909784787817287e+00,2.112681205780673338e-02,7.279522952668012262e-03,9.997503020043833066e-01,6.155405954279750125e-01,0.000000000000000000e+00,0.000000000000000000e+00,0.000000000000000000e+00,1.000000000000000056e-01
9.892542946934727022e-01,-1.449261647431858424e-01,-1.929630025032872537e-02,2.301528871218668115e+01,1.447563211629074031e-01,9.894174777245030583e-01,-9.932887629674161389e-03,2.471798178472820684e+00,2.053163203208865223e-02,7.032890310070358253e-03,9.997644675322210350e-01,6.495407352447801763e-01,0.000000000000000000e+00,0.000000000000000000e+00,0.000000000000000000e+00,1.000000000000000056e-01
9.894655234830167512e-01,-1.435235498405383336e-01,-1.894646351302058454e-02,2.394279944852517161e+01,1.433209443725207421e-01,9.896076069291778188e-01,-1.165723861275522362e-02,2.605164553523005910e+00,2.042265268393210834e-02,8.819010663130665353e-03,9.997525395357969025e-01,6.810509543146147093e-01,0.000000000000000000e+00,0.000000000000000000e+00,0.000000000000000000e+00,1.000000000000000056e-01
9.894622425698907930e-01,-1.431671435748379240e-01,-2.162497466320779244e-02,2.488184335018124571e+01,1.429213400674379797e-01,9.896548348320504118e-01,-1.252191865788396773e-02,2.752845065550366677e+00,2.319398805488989690e-02,9.299295358717577301e-03,9.996877322563986201e-01,7.122152045435587997e-01,0.000000000000000000e+00,0.000000000000000000e+00,0.000000000000000000e+00,1.000000000000000056e-01
9.898595819494413472e-01,-1.398389514809929290e-01,-2.496148376146137965e-02,2.582239160117574528e+01,1.395422756422382282e-01,9.901272683909293493e-01,-1.326445239360252160e-02,2.893514486658938623e+00,2.656993284641121639e-02,9.646763053638561514e-03,9.996004094792699801e-01,7.406069987842436309e-01,0.000000000000000000e+00,0.000000000000000000e+00,0.000000000000000000e+00,1.000000000000000056e-01
9.896133187033475664e-01,-1.403398138183081512e-01,-3.114829212636120725e-02,2.677690091171004738e+01,1.400127327962089330e-01,9.900713596133897676e-01,-1.245542164004096938e-02,3.036346579917093447e+00,3.258702348917336122e-02,7.964893642503967364e-03,9.994371647929546354e-01,7.858884351051476091e-01,0.000000000000000000e+00,0.000000000000000000e+00,0.000000000000000000e+00,1.000000000000000056e-01
9.893537075139317016e-01,-1.427142599950165236e-01,-2.849353299456701058e-02,2.772195773695426979e+01,1.422883884807161214e-01,9.896883248966236168e-01,-1.646311230830797487e-02,3.148677631136422406e+00,3.054923783007472068e-02,1.223354230752368710e-02,9.994583955876360504e-01,8.360895602862253861e-01,0.000000000000000000e+00,0.000000000000000000e+00,0.000000000000000000e+00,1.000000000000000056e-01
9.893708963649228139e-01,-1.435251498695834793e-01,-2.336152351587631945e-02,2.871033202852560962e+01,1.431945649535856235e-01,9.895768186698927771e-01,-1.526553369284706051e-02,3.291068399553808810e+00,2.530901013122783053e-02,1.175803155667215667e-02,9.996105255048536309e-01,8.901924708189069557e-01,0.000000000000000000e+00,0.000000000000000000e+00,0.000000000000000000e+00,1.000000000000000056e-01
9.896274174784951416e-01,-1.419500902319060509e-01,-2.208498263521891866e-02,2.964444383316768139e+01,1.415352464484736783e-01,9.897442747716981293e-01,-1.934023188627964282e-02,3.407712949816754211e+00,2.460383278300367835e-02,1.601382027496819557e-02,9.995690116107976975e-01,9.203186292644610633e-01,0.000000000000000000e+00,0.000000000000000000e+00,0.000000000000000000e+00,1.000000000000000056e-01
9.891460752727834205e-01,-1.449749376393962286e-01,-2.392298536767867648e-02,3.056249075610300636e+01,1.443226270806825529e-01,9.891606381515405388e-01,-2.705940213987193671e-02,3.529645959714998504e+00,2.758661061057028283e-02,2.331307333000617182e-02,9.993475269028940788e-01,9.642182347842795931e-01,0.000000000000000000e+00,0.000000000000000000e+00,0.000000000000000000e+00,1.000000000000000056e-01
9.888717865228503490e-01,-1.463140966174399094e-01,-2.692164464011738423e-02,3.151336040172895281e+01,1.455614578740331566e-01,9.889507886004090809e-01,-2.807489462518124312e-02,3.668857216790345266e+00,3.073193454197727797e-02,2.384371736226160998e-02,9.992432263176249663e-01,9.949866172912228413e-01,0.000000000000000000e+00,0.000000000000000000e+00,0.000000000000000000e+00,1.000000000000000056e-01
9.886603469732749838e-01,-1.470476636078584254e-01,-3.045821646376604269e-02,3.247797633407522255e+01,1.462126133158314634e-01,9.888555033704130581e-01,-2.804755178981264974e-02,3.811914271098564289e+00,3.424310193365472793e-02,2.327612685816055765e-02,9.991424482467172741e-01,1.024972846879050214e+00,0.000000000000000000e+00,0.000000000000000000e+00,0.000000000000000000e+00,1.000000000000000056e-01
9.887439566804134827e-01,-1.460524829698606752e-01,-3.246629554321295297e-02,3.342898011319130802e+01,1.451293418011026515e-01,9.889821494066384222e-01,-2.918530971917474709e-02,3.958931737454474131e+00,3.637117370032778851e-02,2.414498650577359684e-02,9.990466242124521612e-01,1.063201399399561931e+00,0.000000000000000000e+00,0.000000000000000000e+00,0.000000000000000000e+00,1.000000000000000056e-01
9.881832452292051983e-01,-1.501191868603194979e-01,-3.095324837029294132e-02,3.437417471273791847e+01,1.492002013929339954e-01,9.883476700926945302e-01,-3.013607351083048141e-02,4.095840496218254856e+00,3.511657375918821045e-02,2.516173202978513879e-02,9.990664209594258827e-01,1.116449701686032192e+00,0.000000000000000000e+00,0.000000000000000000e+00,0.000000000000000000e+00,1.000000000000000056e-01
9.877839941270728508e-01,-1.524308768011351511e-01,-3.236678457931838060e-02,3.534799366850131008e+01,1.514472051507544936e-01,9.879807854418571900e-01,-3.094691664311988166e-02,4.269763502033426583e+00,3.669502688910476762e-02,2.566700986340423457e-02,9.989968366347712347e-01,1.156021235233028799e+00,0.000000000000000000e+00,0.000000000000000000e+00,0.000000000000000000e+00,1.000000000000000056e-01
9.875075687969160354e-01,-1.543284340417592493e-01,-3.180465398369264340e-02,3.631459713047248528e+01,1.533104720525076126e-01,9.876500946315341922e-01,-3.229844784751854242e-02,4.413521913731488056e+00,3.639643839500421307e-02,2.701897519411043669e-02,9.989721088456967601e-01,1.213150502785697915e+00,0.000000000000000000e+00,0.000000000000000000e+00,0.000000000000000000e+00,1.000000000000000056e-01
9.873582306627439742e-01,-1.553460610949305154e-01,-3.148532427696590363e-02,3.730423890980501511e+01,1.543342076393016959e-01,9.874882183159292559e-01,-3.237238081421403568e-02,4.571878960418703564e+00,3.612030862111358098e-02,2.710387406851092612e-02,9.989798312856941198e-01,1.259151322478445190e+00,0.000000000000000000e+00,0.000000000000000000e+00,0.000000000000000000e+00,1.000000000000000056e-01
9.874924759988249479e-01,-1.550594697041695058e-01,-2.855119438433121465e-02,3.826977361196390603e+01,1.541644386785206988e-01,9.875502581854661566e-01,-3.127000807092722434e-02,4.724104469821635455e+00,3.304445025487279947e-02,2.647731883860141369e-02,9.991031057375771018e-01,1.315933190282734921e+00,0.000000000000000000e+00,0.000000000000000000e+00,0.000000000000000000e+00,1.000000000000000056e-01
9.873208649645186519e-01,-1.561520757219360123e-01,-2.853136613352915546e-02,3.925833010967964753e+01,1.553794348327174890e-01,9.874704603736976782e-01,-2.755578197806881832e-02,4.898981656687043440e+00,3.247677380498312227e-02,2.277321095252750685e-02,9.992130103367007354e-01,1.353036625417761041e+00,0.000000000000000000e+00,0.000000000000000000e+00,0.000000000000000000e+00,1.000000000000000056e-01
9.865850943274397933e-01,-1.597815594175277243e-01,-3.346199218546005300e-02,4.024739718180993719e+01,1.587270077156856252e-01,9.867999607858162214e-01,-3.211813218006659421e-02,5.076692650198014967e+00,3.815217782173658395e-02,2.637594857468844936e-02,9.989237812086786406e-01,1.416265985597660482e+00,0.000000000000000000e+00,0.000000000000000000e+00,0.000000000000000000e+00,1.000000000000000056e-01
9.865317888658350354e-01,-1.599563049993457664e-01,-3.419078893695960686e-02,4.125624255811293040e+01,1.590119061733225592e-01,9.868573173521710817e-01,-2.877236319113901999e-02,5.237244501967027510e+00,3.834375115063602679e-02,2.294810840641619068e-02,9.990010716051637152e-01,1.484757695169058200e+00,0.000000000000000000e+00,0.000000000000000000e+00,0.000000000000000000e+00,1.000000000000000056e-01
9.859903217018202159e-01,-1.625130459751139289e-01,-3.758451008369709245e-02,4.226354937546998514e+01,1.614311551252579358e-01,9.864204911699757661e-01,-3.024230075422062666e-02,5.402610924928429981e+00,4.198889931000726605e-02,2.375130497202907268e-02,9.988357261566387368e-01,1.541748146467529335e+00,0.000000000000000000e+00,0.000000000000000000e+00,0.000000000000000000e+00,1.000000000000000056e-01
9.867942788438535118e-01,-1.570246219139163624e-01,-3.975323073450493655e-02,4.325996231605915909e+01,1.558656797966024854e-01,9.872991219268616447e-01,-3.076253734643698973e-02,5.511692853290192318e+00,4.407880559386965352e-02,2.416013152363959832e-02,9.987358744644042607e-01,1.602698155603626606e+00,0.000000000000000000e+00,0.000000000000000000e+00,0.000000000000000000e+00,1.000000000000000056e-01
9.865690701533555984e-01,-1.590916514546983074e-01,-3.703128750340730496e-02,4.424390611892851410e+01,1.578982986244607811e-01,9.868970425880908559e-01,-3.320172619579691425e-02,5.680672389321861360e+00,4.182818557197804515e-02,2.690861884781239888e-02,9.987623987332819864e-01,1.674848402460147323e+00,0.000000000000000000e+00,0.000000000000000000e+00,0.000000000000000000e+00,1.000000000000000056e-01
9.866625390644597760e-01,-1.587191618002313509e-01,-3.612840550460681699e-02,4.521428365184298315e+01,1.575723443209988417e-01,9.869672729204908013e-01,-3.265820707072086826e-02,5.825088995501050526e+00,4.084103710801063880e-02,2.652979195774977580e-02,9.988133858867834780e-01,1.727561009863165076e+00,0.000000000000000000e+00,0.000000000000000000e+00,0.000000000000000000e+00,1.000000000000000056e-01
9.859265769930130041e-01,-1.623399246063614854e-01,-3.993161225947887416e-02,4.612277312878006086e+01,1.611621551287356624e-01,9.864361874986188328e-01,-3.115136830784688213e-02,5.986044637008116176e+00,4.444709814039431162e-02,2.427749723490144410e-02,9.987167058755488380e-01,1.792303326379942829e+00,0.000000000000000000e+00,0.000000000000000000e+00,0.000000000000000000e+00,1.000000000000000056e-01
9.859709375908120021e-01,-1.606009708184190921e-01,-4.548228664520252706e-02,4.707478038254204478e+01,1.592537160346685632e-01,9.867233716328468462e-01,-3.186285929818614970e-02,6.130507142736963289e+00,4.999564136446522922e-02,2.417263009455424341e-02,9.984568692732138651e-01,1.831325544410682626e+00,0.000000000000000000e+00,0.000000000000000000e+00,0.000000000000000000e+00,1.000000000000000056e-01
9.860218239101169457e-01,-1.603375863924715594e-01,-4.530806951088322404e-02,4.801764431321270621e+01,1.588258709320312378e-01,9.866781576319358926e-01,-3.522152714932191842e-02,6.288483658979731494e+00,5.035181720303712888e-02,2.753310084035906491e-02,9.983519534024394293e-01,1.896106018399786430e+00,0.000000000000000000e+00,0.000000000000000000e+00,0.000000000000000000e+00,1.000000000000000056e-01
9.865845983155929755e-01,-1.573959735917790648e-01,-4.332825710268255887e-02,4.898000171960165972e+01,1.559311392151845610e-01,9.871350393317375183e-01,-3.535383920571889133e-02,6.471895417442896203e+00,4.833539272122350933e-02,2.812332876145853117e-02,9.984351597323984917e-01,1.962303468117439831e+00,0.000000000000000000e+00,0.000000000000000000e+00,0.000000000000000000e+00,1.000000000000000056e-01
9.874761888319999459e-01,-1.520169032515149843e-01,-4.220944936442461159e-02,4.996950428664931110e+01,1.505776947567256385e-01,9.879633028344806389e-01,-3.542414563732786126e-02,6.637514191016871123e+00,4.708645592501894961e-02,2.862469874433243647e-02,9.984805918445373019e-01,2.039495770442752320e+00,0.000000000000000000e+00,0.000000000000000000e+00,0.000000000000000000e+00,1.000000000000000056e-01
9.875175840965128016e-01,-1.518964254690207960e-01,-4.167129743505734729e-02,5.089483028076303128e+01,1.502212958697246858e-01,9.878114801127967359e-01,-4.076814963407684317e-02,6.797223568106693037e+00,4.735592219994702590e-02,3.399934833346165280e-02,9.982992842557248947e-01,2.098217813822985445e+00,0.000000000000000000e+00,0.000000000000000000e+00,0.000000000000000000e+00,1.000000000000000056e-01
9.880726214881709879e-01,-1.481291229615624705e-01,-4.207442924309028054e-02,5.182350136707007238e+01,1.464384316789688334e-01,9.883787828782819584e-01,-4.078194800950572102e-02,6.943453572954251030e+00,4.762646735689608779e-02,3.413421284700073749e-02,9.982818114743041704e-01,2.154792301072431027e+00,0.000000000000000000e+00,0.000000000000000000e+00,0.000000000000000000e+00,1.000000000000000056e-01
9.883720890333912434e-01,-1.465872750436870986e-01,-4.040772716989340929e-02,5.279737731425972669e+01,1.448762267917065583e-01,9.885385044798830068e-01,-4.245590737782303087e-02,7.091456901140785085e+00,4.616808995797981596e-02,3.610811482122423116e-02,9.982808780667338233e-01,2.228408118713264940e+00,0.000000000000000000e+00,0.000000000000000000e+00,0.000000000000000000e+00,1.000000000000000056e-01
9.872994312212159951e-01,-1.538518659298772073e-01,-3.961611364279103709e-02,5.375545259546612442e+01,1.520673567523840308e-01,9.873586777990324137e-01,-4.470302434164483141e-02,7.244597815454358880e+00,4.599295729355314111e-02,3.811095281991282169e-02,9.982145075856950767e-01,2.282997925122831617e+00,0.000000000000000000e+00,0.000000000000000000e+00,0.000000000000000000e+00,1.000000000000000056e-01
9.875834552692944746e-01,-1.531212640338104614e-01,-3.511121443427303590e-02,5.466600409785842629e+01,1.514783572405845880e-01,9.874141014453529097e-01,-4.547196448978458455e-02,7.383843505980449251e+00,4.163203293204917332e-02,3.958877072547854065e-02,9.983483876214707120e-01,2.341606439927912842e+00,0.000000000000000000e+00,0.000000000000000000e+00,0.000000000000000000e+00,1.000000000000000056e-01
9.876784881312833386e-01,-1.535113717844808212e-01,-3.042142034076278020e-02,5.557668413962890952e+01,1.520592029567007786e-01,9.873289167425332025e-01,-4.538291484896853079e-02,7.547441972933637722e+00,3.700274150485802216e-02,4.019787179519285214e-02,9.985063486149008405e-01,2.406744512619983567e+00,0.000000000000000000e+00,0.000000000000000000e+00,0.000000000000000000e+00,1.000000000000000056e-01
9.878196783631231215e-01,-1.532441326063753440e-01,-2.699108853484088327e-02,5.647956112955053243e+01,1.521835699092622674e-01,9.876312568845275752e-01,-3.774468802839577031e-02,7.701292713247389621e+00,3.244139467175621155e-02,3.317734537915728588e-02,9.989228296847276756e-01,2.470317846939134032e+00,0.000000000000000000e+00,0.000000000000000000e+00,0.000000000000000000e+00,1.000000000000000056e-01
9.873547464491907455e-01,-1.557937535849002741e-01,-2.930718355935180153e-02,5.733073850839912211e+01,1.546952707915772995e-01,9.872830690022578182e-01,-3.662669594986050353e-02,7.849424403307460274e+00,3.464069657173099448e-02,3.162985939599372714e-02,9.988991811667556897e-01,2.535454682945094795e+00,0.000000000000000000e+00,0.000000000000000000e+00,0.000000000000000000e+00,1.000000000000000056e-01
9.871663603543118226e-01,-1.558674765440737076e-01,-3.475495274926353184e-02,5.823122925229841940e+01,1.546262740669462066e-01,9.873191228346621662e-01,-3.593974197412729693e-02,8.020537722917513435e+00,3.991606635171535133e-02,3.010447542768094481e-02,9.987494321431324984e-01,2.581096452508718109e+00,0.000000000000000000e+00,0.000000000000000000e+00,0.000000000000000000e+00,1.000000000000000056e-01
9.868790070636184186e-01,-1.561637436274916357e-01,-4.102085559046377700e-02,5.919486898761338267e+01,1.547700181620316195e-01,9.873225779023120374e-01,-3.521886770549671752e-02,8.171940504988379317e+00,4.600072711654689533e-02,2.840796262634738556e-02,9.985373907692035589e-01,2.634232802530036111e+00,0.000000000000000000e+00,0.000000000000000000e+00,0.000000000000000000e+00,1.000000000000000056e-01
9.875095113941426694e-01,-1.522713987210176645e-01,-4.047698157776236788e-02,6.009812087163550132e+01,1.510298766794861691e-01,9.880060232511015395e-01,-3.215702675501887209e-02,8.350800950416438440e+00,4.488809704454901212e-02,2.564213624268977740e-02,9.986628758458133692e-01,2.689754398225854271e+00,0.000000000000000000e+00,0.000000000000000000e+00,0.000000000000000000e+00,1.000000000000000056e-01
9.873531493287925898e-01,-1.540961294671649440e-01,-3.725776957566990372e-02,6.102841277501719475e+01,1.529944378999084642e-01,9.877462918451207496e-01,-3.082150090285303359e-02,8.520320963763234445e+00,4.155069773428628904e-02,2.473147446983823758e-02,9.988302627014971069e-01,2.747797115239513310e+00,0.000000000000000000e+00,0.000000000000000000e+00,0.000000000000000000e+00,1.000000000000000056e-01
9.869906872507003825e-01,-1.565812069542233953e-01,-3.649258704379311491e-02,6.191031978546276093e+01,1.554333102661845101e-01,9.873138266164054322e-01,-3.243291278572529163e-02,8.682180367038666802e+00,4.110802038636957034e-02,2.633881927553139227e-02,9.988074875866143065e-01,2.808312626276568302e+00,0.000000000000000000e+00,0.000000000000000000e+00,0.000000000000000000e+00,1.000000000000000056e-01
9.866554471367353640e-01,-1.589423445412193048e-01,-3.533213476637223766e-02,6.273077916398897003e+01,1.578732421853963341e-01,9.869648799497774405e-01,-3.124684220193552422e-02,8.821310131587479120e+00,3.983802250714708199e-02,2.525186839546316245e-02,9.988870181883726662e-01,2.856959657548600262e+00,0.000000000000000000e+00,0.000000000000000000e+00,0.000000000000000000e+00,1.000000000000000056e-01
9.861876599443240021e-01,-1.618444740344564814e-01,-3.521740476026760658e-02,6.355094238226276104e+01,1.607747001491974526e-01,9.864928281594965709e-01,-3.135914191768572612e-02,8.946362740546739190e+00,3.981702105223383636e-02,2.526393109529950082e-02,9.988875505381663578e-01,2.899800816873751241e+00,0.000000000000000000e+00,0.000000000000000000e+00,0.000000000000000000e+00,1.000000000000000056e-01
9.859127144683873523e-01,-1.635481904386276997e-01,-3.504438405545744206e-02,6.435183919892710946e+01,1.625473794910363423e-01,9.862524023040042387e-01,-2.974135790742485352e-02,9.076492200726189452e+00,3.942675322890594469e-02,2.362601011239301441e-02,9.989431128828087925e-01,2.945390598023456263e+00,0.000000000000000000e+00,0.000000000000000000e+00,0.000000000000000000e+00,1.000000000000000056e-01
9.855990530936059590e-01,-1.649962636006051531e-01,-3.702349981872116863e-02,6.514367066124584937e+01,1.638660210975902420e-01,9.859715883856857710e-01,-3.174829169974351800e-02,9.211249394241709965e+00,4.174246843002144686e-02,2.522419263420561109e-02,9.988099451023307873e-01,2.999631635909825178e+00,0.000000000000000000e+00,0.000000000000000000e+00,0.000000000000000000e+00,1.000000000000000056e-01
9.851166104008545199e-01,-1.680577443323623410e-01,-3.608127606182010699e-02,6.589442428076014835e+01,1.669814541476939140e-01,9.854713762288378476e-01,-3.103805091113135892e-02,9.335128321516254601e+00,4.077324960133223847e-02,2.455119556271577810e-02,9.988667483270171621e-01,3.049699968495513946e+00,0.000000000000000000e+00,0.000000000000000000e+00,0.000000000000000000e+00,1.000000000000000056e-01
9.846815410664416790e-01,-1.711930344712049856e-01,-3.309392136870918655e-02,6.667773344716592021e+01,1.701856467736946321e-01,9.849180507857190348e-01,-3.119741766042558387e-02,9.472624286508603220e+00,3.793558112427872220e-02,2.508741088674972322e-02,9.989652213664711455e-01,3.103116657698775427e+00,0.000000000000000000e+00,0.000000000000000000e+00,0.000000000000000000e+00,1.000000000000000056e-01
9.816525507598020672e-01,-1.879520668662337801e-01,-3.212927243939592975e-02,6.748107303120178813e+01,1.871205248356083151e-01,9.819601600858841595e-01,-2.720575654804148133e-02,9.646353707916567544e+00,3.666304368189617774e-02,2.069455398928909604e-02,9.991133852887588152e-01,3.150988482986127881e+00,0.000000000000000000e+00,0.000000000000000000e+00,0.000000000000000000e+00,1.000000000000000056e-01
9.811660440092022650e-01,-1.908031963006839304e-01,-3.012199138129599552e-02,6.821277053996827533e+01,1.900458061666079335e-01,9.814229531523005479e-01,-2.629788174552226063e-02,9.776025720862978829e+00,3.458013362924271250e-02,2.007803046267387856e-02,9.992002237044003143e-01,3.203159533058156150e+00,0.000000000000000000e+00,0.000000000000000000e+00,0.000000000000000000e+00,1.000000000000000056e-01
9.812868262030288724e-01,-1.895942929193225601e-01,-3.361798347326496600e-02,6.888298246832330562e+01,1.888841965192186167e-01,9.817252781090167746e-01,-2.319997041081835187e-02,9.917586143541564425e+00,3.740220616054368979e-02,1.641591953549209615e-02,9.991654480415785855e-01,3.243794092435625220e+00,0.000000000000000000e+00,0.000000000000000000e+00,0.000000000000000000e+00,1.000000000000000056e-01
9.808099764236269946e-01,-1.913249158568409158e-01,-3.750422269900979128e-02,6.954362822397554567e+01,1.904814699698138547e-01,9.813740550392952011e-01,-2.493539038935120924e-02,1.006827396305769362e+01,4.157643257932411990e-02,1.731302019011085255e-02,9.989853150001123394e-01,3.281723285010612390e+00,0.000000000000000000e+00,0.000000000000000000e+00,0.000000000000000000e+00,1.000000000000000056e-01
9.801747510870516544e-01,-1.933674249570505599e-01,-4.320296629764897034e-02,7.026041987794090460e+01,1.922844603061028557e-01,9.809398555448337609e-01,-2.799439459019396545e-02,1.021894532799086264e+01,4.779271551426149400e-02,1.913213969110989440e-02,9.986740296886731372e-01,3.326153393415462123e+00,0.000000000000000000e+00,0.000000000000000000e+00,0.000000000000000000e+00,1.000000000000000056e-01
9.792249309901306376e-01,-1.976052949366682576e-01,-4.550474634987192873e-02,7.097285767060732553e+01,1.964836479756266463e-01,9.801080317964776523e-01,-2.797180877642378716e-02,1.036892651086037631e+01,5.012694490554823329e-02,1.844975395573429655e-02,9.985724290072348630e-01,3.368927335796519706e+00,0.000000000000000000e+00,0.000000000000000000e+00,0.000000000000000000e+00,1.000000000000000056e-01
9.792744011070796395e-01,-1.979823464665674548e-01,-4.271577956636803119e-02,7.163833777857409757e+01,1.969596302318011583e-01,9.800399070938401458e-01,-2.699415793184199025e-02,1.049940910641261915e+01,4.720753536589945842e-02,1.802140369363951222e-02,9.987225228328378002e-01,3.426705223923213417e+00,0.000000000000000000e+00,0.000000000000000000e+00,0.000000000000000000e+00,1.000000000000000056e-01
9.782736010410159055e-01,-2.034534215577283034e-01,-3.984302652530904987e-02,7.220133126209147179e+01,2.024156508976538704e-01,9.788823114665516911e-01,-2.858888891824807460e-02,1.062932482945141999e+01,4.481814116986904128e-02,1.990290316396322451e-02,9.987968805856992649e-01,3.462236731978615367e+00,0.000000000000000000e+00,0.000000000000000000e+00,0.000000000000000000e+00,1.000000000000000056e-01
9.788650970461673095e-01,-1.998500283407627642e-01,-4.339456137575119915e-02,7.272730380038808562e+01,1.986011424367608025e-01,9.795758334023350056e-01,-3.144475849699224224e-02,1.072276299279144851e+01,4.879249950157259902e-02,2.216196711298528202e-02,9.985630371719513843e-01,3.501038333405164238e+00,0.000000000000000000e+00,0.000000000000000000e+00,0.000000000000000000e+00,1.000000000000000056e-01
9.784552432446362857e-01,-2.016901550568414858e-01,-4.411823115478316626e-02,7.334512964432821036e+01,2.000182159863224951e-01,9.789939096351559789e-01,-3.954286498119436583e-02,1.084082818462549547e+01,5.116688617385754811e-02,2.986647368571242536e-02,9.982434289835582231e-01,3.552045885690123139e+00,0.000000000000000000e+00,0.000000000000000000e+00,0.000000000000000000e+00,1.000000000000000056e-01
9.785137485683983449e-01,-1.999474453737299373e-01,-5.031762068242756625e-02,7.392623502587343864e+01,1.978037524408753356e-01,9.792295693483787922e-01,-4.453230326513016313e-02,1.095223259693771567e+01,5.817662230595961603e-02,3.362245681546646714e-02,9.977399515979912259e-01,3.596022266098140019e+00,0.000000000000000000e+00,0.000000000000000000e+00,0.000000000000000000e+00,1.000000000000000056e-01
9.795138920559145479e-01,-1.949873557449516293e-01,-5.032361641481963854e-02,7.449721645148028415e+01,1.930337883662168741e-01,9.803276670782075097e-01,-4.117792746102976603e-02,1.104899524114407683e+01,5.736280866956235125e-02,3.062019367330841985e-02,9.978837166328290431e-01,3.646999313144318577e+00,0.000000000000000000e+00,0.000000000000000000e+00,0.000000000000000000e+00,1.000000000000000056e-01
9.799432173693251036e-01,-1.935098467197327587e-01,-4.759443196804935550e-02,7.506333901706463507e+01,1.916155030781174773e-01,9.805871423800573972e-01,-4.162157107838317799e-02,1.118025976804814370e+01,5.472467187636395614e-02,3.166694524924184434e-02,9.979992058446769398e-01,3.675787596533464541e+00,0.000000000000000000e+00,0.000000000000000000e+00,0.000000000000000000e+00,1.000000000000000056e-01
9.807334493905295325e-01,-1.898276047202069328e-01,-4.612354857057811286e-02,7.564157473778385565e+01,1.878300265680558634e-01,9.811980768267455355e-01,-4.438710568328706196e-02,1.126902329397505831e+01,5.368223510619729577e-02,3.486853191180740164e-02,9.979490984595948966e-01,3.716758452023535497e+00,0.000000000000000000e+00,0.000000000000000000e+00,0.000000000000000000e+00,1.000000000000000056e-01
9.815355129149097024e-01,-1.866757683626816544e-01,-4.171563727270144462e-02,7.622957806194287400e+01,1.846058524490691022e-01,9.815924628015282316e-01,-4.895831096742281341e-02,1.136415854964984362e+01,5.008708544542898877e-02,4.035337008767378442e-02,9.979293007994852749e-01,3.765362786661022199e+00,0.000000000000000000e+00,0.000000000000000000e+00,0.000000000000000000e+00,1.000000000000000056e-01
9.831231499410729713e-01,-1.788469684341038868e-01,-3.850498580539003790e-02,7.679704442950381349e+01,1.768587565916083515e-01,9.829641241945921148e-01,-5.002510133151795435e-02,1.144031266055651663e+01,4.679585736807126417e-02,4.237089128504448188e-02,9.980054385146897022e-01,3.824227190658023190e+00,0.000000000000000000e+00,0.000000000000000000e+00,0.000000000000000000e+00,1.000000000000000056e-01
9.849898577449988091e-01,-1.686385117757510932e-01,-3.682434636958129698e-02,7.729258127433575964e+01,1.668551103711710948e-01,9.848562343407997188e-01,-4.709108007981983868e-02,1.155189228475211927e+01,4.420805676018067093e-02,4.023990589103737525e-02,9.982115996577924921e-01,3.867724786778485413e+00,0.000000000000000000e+00,0.000000000000000000e+00,0.000000000000000000e+00,1.000000000000000056e-01
9.874172465344226435e-01,-1.535241384081846294e-01,-3.791464324510913225e-02,7.779064336252925216e+01,1.517709684591421748e-01,9.873694998200279738e-01,-4.546475512000244107e-02,1.162679665511108773e+01,4.441569969451567707e-02,3.913834119086152113e-02,9.982461799924277068e-01,3.900509772650042617e+00,0.000000000000000000e+00,0.000000000000000000e+00,0.000000000000000000e+00,1.000000000000000056e-01
9.903444331087584152e-01,-1.335538172528362988e-01,-3.716559844382966854e-02,7.825357087785229737e+01,1.322284147868017790e-01,9.905617286706308589e-01,-3.609858745188035400e-02,1.170472120813660588e+01,4.163592359323237818e-02,3.083568695922896466e-02,9.986569031836164401e-01,3.932250398848792905e+00,0.000000000000000000e+00,0.000000000000000000e+00,0.000000000000000000e+00,1.000000000000000056e-01
9.933565778199381358e-01,-1.095714266528088204e-01,-3.516833466528319213e-02,7.872906760532850967e+01,1.082002169342509840e-01,9.933724389102056573e-01,-3.878028711820850211e-02,1.174488585620398950e+01,3.918446576441034918e-02,3.471743185861824593e-02,9.986286985501167113e-01,3.971255716023702753e+00,0.000000000000000000e+00,0.000000000000000000e+00,0.000000000000000000e+00,1.000000000000000056e-01
9.956307263394997831e-01,-8.658805052693242799e-02,-3.495663420046923181e-02,7.928056387987109588e+01,8.521153842476471285e-02,9.955947425371456383e-01,-3.911652274524778095e-02,1.184872077565184689e+01,3.818966467468475762e-02,3.596690337435289042e-02,9.986230176466468489e-01,4.014889942898175690e+00,0.000000000000000000e+00,0.000000000000000000e+00,0.000000000000000000e+00,1.000000000000000056e-01
9.978005762736862350e-01,-5.716732797471007349e-02,-3.355453173762813768e-02,7.977076291938244879e+01,5.588651750989522687e-02,9.977159114793342498e-01,-3.794281409671031169e-02,1.192105917640544277e+01,3.564697951461999470e-02,3.598411584565160137e-02,9.987163943073583683e-01,4.044127192905312640e+00,0.000000000000000000e+00,0.000000000000000000e+00,0.000000000000000000e+00,1.000000000000000056e-01
9.990827673865355640e-01,-2.502408664938369706e-02,-3.474793517067895077e-02,8.023934706113554682e+01,2.362067814220216930e-02,9.989113040368220453e-01,-4.022772963464665147e-02,1.191893557653710722e+01,3.571676742601524734e-02,3.937006165628741811e-02,9.985861559073488936e-01,4.061856194182893454e+00,0.000000000000000000e+00,0.000000000000000000e+00,0.000000000000000000e+00,1.000000000000000056e-01
