1.000000000000000000e+00,-2.208715493383257388e-09,-1.906886741609000474e-09,5.707392224063456357e-14,2.208715492696113490e-09,1.000000000000000000e+00,-3.603487439018882112e-10,9.991758630276584816e-15,1.906886742404908696e-09,3.603487396901179005e-10,1.000000000000000000e+00,6.572725610409407583e-15,0.000000000000000000e+00,0.000000000000000000e+00,0.000000000000000000e+00,1.000000000000000056e-01
9.999474496302693804e-01,-1.010691489704583328e-02,-1.717046645772652867e-03,6.678040728158645134e-01,1.010084929430503202e-02,9.999428413369454427e-01,-3.505267825721497098e-03,1.865697362907739118e-02,1.752375945287898114e-03,3.487739993201008967e-03,9.999923823951291091e-01,1.149914596516889848e-02,0.000000000000000000e+00,0.000000000000000000e+00,0.000000000000000000e+00,1.000000000000000056e-01
9.997997480435640849e-01,-1.921233182902671449e-02,-5.599117583797464173e-03,1.362563072475623915e+00,1.919012053839352916e-02,9.998078750868282238e-01,-3.994019038906548684e-03,1.796929361002870193e-02,5.674776272924762083e-03,3.885771487438253492e-03,9.999763485674046937e-01,1.989342638975699629e-02,0.000000000000000000e+00,0.000000000000000000e+00,0.000000000000000000e+00,1.000000000000000056e-01
9.996363242459290754e-01,-2.531624273490305430e-02,-9.290161563455594587e-03,2.115646598893736741e+00,2.528454794214414145e-02,9.996741207002326490e-01,-3.513408256678547757e-03,3.133995108986670913e-02,9.376080388363456156e-03,3.277232979839983604e-03,9.999506732137074527e-01,2.255819080619289249e-02,0.000000000000000000e+00,0.000000000000000000e+00,0.000000000000000000e+00,1.000000000000000056e-01
9.993343843047677311e-01,-3.466754671603745896e-02,-1.135559557672689845e-02,2.868272540046558738e+00,3.464185697108612683e-02,9.993967845162511354e-01,-2.451294387203336797e-03,6.786078048861303447e-02,1.143372606833095717e-02,2.056283849395107964e-03,9.999325185255878434e-01,4.175441736882293947e-02,0.000000000000000000e+00,0.000000000000000000e+00,0.000000000000000000e+00,1.000000000000000056e-01
9.991040575181199257e-01,-4.036435345877723707e-02,-1.272011087546902515e-02,3.584183123157692830e+00,4.030658569067808311e-02,9.991759943355476015e-01,-4.765657722676456404e-03,1.006445840790371055e-01,1.290199212483684153e-02,4.248683728471591703e-03,9.999077393868827102e-01,5.594181699394816520e-02,0.000000000000000000e+00,0.000000000000000000e+00,0.000000000000000000e+00,1.000000000000000056e-01
9.988236654430090455e-01,-4.543393461141068124e-02,-1.694234153586809261e-02,4.320786783774682505e+00,4.535909414482432178e-02,9.989593298244504593e-01,-4.775974774410507613e-03,1.454628318040467327e-01,1.714170147193405658e-02,4.001867365480843604e-03,9.998450615611581549e-01,8.212147060295404977e-02,0.000000000000000000e+00,0.000000000000000000e+00,0.000000000000000000e+00,1.000000000000000056e-01
9.982426112075876157e-01,-5.571579259640594556e-02,-2.018513375757823025e-02,5.109932287218509117e+00,5.564199254098948361e-02,9.984419507493296209e-01,-4.199958326177887814e-03,1.798589601107846159e-01,2.038768833206743014e-02,3.069436304508820542e-03,9.997874377712729910e-01,1.035325544054409297e-01,0.000000000000000000e+00,0.000000000000000000e+00,0.000000000000000000e+00,1.000000000000000056e-01
9.977484336419847333e-01,-6.342210024622473019e-02,-2.181055628185383718e-02,5.893693588523329474e+00,6.333274524349878642e-02,9.979810949374979812e-01,-4.764192195400923299e-03,2.557895923880605937e-01,2.206867791436941881e-02,3.372142895912998151e-03,9.997507699959031768e-01,1.202722857151715397e-01,0.000000000000000000e+00,0.000000000000000000e+00,0.000000000000000000e+00,1.000000000000000056e-01
9.974480515120731638e-01,-6.844157643496617816e-02,-2.032572630597167737e-02,6.698456525222942659e+00,6.836329406156971267e-02,9.976502433141439807e-01,-4.522393202794714601e-03,3.251341098642823724e-01,2.058748551474738966e-02,3.121318683828906791e-03,9.997831829000995985e-01,1.551699351555567152e-01,0.000000000000000000e+00,0.000000000000000000e+00,0.000000000000000000e+00,1.000000000000000056e-01
9.970637041540771905e-01,-7.339428041831583260e-02,-2.184603992554310856e-02,7.506517196200698017e+00,7.327412994022189374e-02,9.972922441461735676e-01,-6.251531603733237290e-03,3.862686449654046394e-01,2.224571284662015327e-02,4.632425689271018644e-03,9.997418011127569004e-01,1.803792810027053661e-01,0.000000000000000000e+00,0.000000000000000000e+00,0.000000000000000000e+00,1.000000000000000056e-01
9.967479642729825118e-01,-7.724757102067705827e-02,-2.294141427791094798e-02,8.332224318027373400e+00,7.713486396828925229e-02,9.970040349944599978e-01,-5.759076780092410065e-03,4.630679968164517768e-01,2.331755729614045161e-02,3.970765187082082696e-03,9.997202231352381174e-01,2.114451972013098868e-01,0.000000000000000000e+00,0.000000000000000000e+00,0.000000000000000000e+00,1.000000000000000056e-01
9.960559106378250593e-01,-8.501159527738069710e-02,-2.540967437508757226e-02,9.186996322023409434e+00,8.487883307758231632e-02,9.963716124132127039e-01,-6.260485003775783167e-03,5.306769426610604690e-01,2.584969204538179605e-02,4.079049581631556676e-03,9.996575187411284036e-01,2.444624865223879173e-01,0.000000000000000000e+00,0.000000000000000000e+00,0.000000000000000000e+00,1.000000000000000056e-01
9.959430414631791351e-01,-8.547396316244684766e-02,-2.813644935625056812e-02,9.948617141234143091e+00,8.526092130874771136e-02,9.963207741813232543e-01,-8.688511513044203799e-03,6.118074641377577727e-01,2.877557051833559351e-02,6.254322987618249861e-03,9.995663309582365486e-01,2.849551502684579685e-01,0.000000000000000000e+00,0.000000000000000000e+00,0.000000000000000000e+00,1.000000000000000056e-01
9.958339131825917345e-01,-8.700590052333881386e-02,-2.729085248886900864e-02,1.071814702098963501e+01,8.688373634681795243e-02,9.962025328802703861e-01,-5.632924759875394469e-03,6.927680192829210881e-01,2.767731406518630574e-02,3.238326273967029757e-03,9.996116643622564579e-01,3.127923127343730236e-01,0.000000000000000000e+00,0.000000000000000000e+00,0.000000000000000000e+00,1.000000000000000056e-01
9.953038231349018439e-01,-9.242523547462791478e-02,-2.877282573032562477e-02,1.151894703540576259e+01,9.214238045608363903e-02,9.956849838563389676e-01,-1.100884403052112930e-02,8.077601139102859040e-01,2.966616552462488995e-02,8.305947896633266922e-03,9.995253522810734204e-01,3.373187786922297593e-01,0.000000000000000000e+00,0.000000000000000000e+00,0.000000000000000000e+00,1.000000000000000056e-01
9.948577694771230107e-01,-9.654456796179369804e-02,-3.061314926750062157e-02,1.236771516990067532e+01,9.626369153938785228e-02,9.953002375138427782e-01,-1.052325501438705624e-02,9.067968823121339561e-01,3.148523784590586544e-02,7.522207253116138664e-03,9.994759107631498996e-01,3.773366800115248720e-01,0.000000000000000000e+00,0.000000000000000000e+00,0.000000000000000000e+00,1.000000000000000056e-01
9.943446102682987897e-01,-1.000402052911008866e-01,-3.564762763073126006e-02,1.325412206536647020e+01,9.982755724643554984e-02,9.949749548699700075e-01,-7.700519184500982488e-03,1.013054609560230634e+00,3.623885821317386624e-02,4.098354159369745932e-03,9.993347530475410467e-01,4.285769267620747613e-01,0.000000000000000000e+00,0.000000000000000000e+00,0.000000000000000000e+00,1.000000000000000056e-01
9.943175780456962043e-01,-9.891732338967441918e-02,-3.934357791004024218e-02,1.416579483370033365e+01,9.889335660207339285e-02,9.950947453366419948e-01,-2.559652980153804408e-03,1.121569576611687324e+00,3.940378166262704929e-02,-1.345710528395087629e-03,9.992224632452263444e-01,4.724298911498555076e-01,0.000000000000000000e+00,0.000000000000000000e+00,0.000000000000000000e+00,1.000000000000000056e-01
9.920627923189350161e-01,-1.188072429719021633e-01,-4.118561780249354459e-02,1.506665667199413328e+01,1.186161116294383172e-01,9.929150718433429335e-01,-7.062447751434245899e-03,1.331282556287685326e+00,4.173289060525636057e-02,2.121113798106484972e-03,9.991265519032036524e-01,5.040431034276082745e-01,0.000000000000000000e+00,0.000000000000000000e+00,0.000000000000000000e+00,1.000000000000000056e-01
9.915147195123250601e-01,-1.238173528973189885e-01,-3.959575876146383122e-02,1.601512614455343808e+01,1.235996077941574900e-01,9.923006431780172498e-01,-7.910151807888133810e-03,1.471765976643085949e+00,4.027031094399081967e-02,2.949011697869109803e-03,9.991844701487709868e-01,5.549177594255042534e-01,0.000000000000000000e+00,0.000000000000000000e+00,0.000000000000000000e+00,1.000000000000000056e-01
9.910467647804871438e-01,-1.274548975668859385e-01,-3.976882075627068136e-02,1.693157538443232824e+01,1.272106890734565066e-01,9.918382409252599619e-01,-8.622321250240740087e-03,1.596578804863125756e+00,4.054319429430969235e-02,3.486104487905157534e-03,9.991717051998185717e-01,6.007623238792723086e-01,0.000000000000000000e+00,0.000000000000000000e+00,0.000000000000000000e+00,1.000000000000000056e-01
9.904410491118935678e-01,-1.317641491848837720e-01,-4.080119144970380946e-02,1.779366909283099218e+01,1.314825404559152311e-01,9.912727548552705548e-01,-9.521924012582123897e-03,1.743270249276529515e+00,4.169975766584619464e-02,4.066260103150345397e-03,9.991219123507316668e-01,6.568318032269357953e-01,0.000000000000000000e+00,0.000000000000000000e+00,0.000000000000000000e+00,1.000000000000000056e-01
9.902015138260954474e-01,-1.328904183813436335e-01,-4.290802627644682565e-02,1.869454913589565237e+01,1.325454728120303294e-01,9.911180938408050700e-01,-1.079915267066827722e-02,1.857526005518856715e+00,4.396202513015226576e-02,5.006072692292185683e-03,9.990206602381430656e-01,6.880983338277487649e-01,0.000000000000000000e+00,0.000000000000000000e+00,0.000000000000000000e+00,1.000000000000000056e-01
9.898240002402668436e-01,-1.357597358332482684e-01,-4.263499354805750513e-02,1.961290080417582615e+01,1.353446280941816016e-01,9.907198570574531349e-01,-1.248985500746099472e-02,1.981626554335280677e+00,4.393495412998544430e-02,6.592340900346296134e-03,9.990126429865888724e-01,7.474319201811094882e-01,0.000000000000000000e+00,0.000000000000000000e+00,0.000000000000000000e+00,1.000000000000000056e-01
9.878538930051645739e-01,-1.497374634730826160e-01,-4.151358942789877549e-02,2.053171901276430944e+01,1.493225009338564890e-01,9.887038692189704658e-01,-1.294023594434336177e-02,2.148617246502253941e+00,4.298228459958045033e-02,6.584149457909802168e-03,9.990541387665218265e-01,7.897176071635187977e-01,0.000000000000000000e+00,0.000000000000000000e+00,0.000000000000000000e+00,1.000000000000000056e-01
9.878599709744539936e-01,-1.499744862356841846e-01,-4.050100276158059842e-02,2.144617559992547484e+01,1.495485966490078533e-01,9.886640406292378502e-01,-1.336532853995889107e-02,2.288282749934200222e+00,4.204634332095165405e-02,7.146204937675862054e-03,9.990901044291877753e-01,8.343846357589153051e-01,0.000000000000000000e+00,0.000000000000000000e+00,0.000000000000000000e+00,1.000000000000000056e-01
9.877865893845713119e-01,-1.512976456876139741e-01,-3.723810201099874567e-02,2.239678853769666844e+01,1.509152138301696200e-01,9.884626510791691967e-01,-1.289130156868415096e-02,2.456007058998482595e+00,3.875889661213931942e-02,7.114058681638947904e-03,9.992232673944716481e-01,8.811577231584659664e-01,0.000000000000000000e+00,0.000000000000000000e+00,0.000000000000000000e+00,1.000000000000000056e-01
9.876119344676845824e-01,-1.524910384825129694e-01,-3.700202804607659324e-02,2.335762119721096397e+01,1.521208385564376264e-01,9.882810915575278576e-01,-1.263861332375769073e-02,2.615339795355418495e+00,3.849567993793756582e-02,6.853265819007391298e-03,9.992352652772669153e-01,9.333440597896793811e-01,0.000000000000000000e+00,0.000000000000000000e+00,0.000000000000000000e+00,1.000000000000000056e-01
9.877760893963755118e-01,-1.514389007130822751e-01,-3.694125833829578487e-02,2.429639241909925218e+01,1.509996313865784312e-01,9.884286287472949795e-01,-1.442072098959182314e-02,2.757281647377634481e+00,3.869765545767513137e-02,8.666326993336213869e-03,9.992133837366889981e-01,9.829218402680354183e-01,0.000000000000000000e+00,0.000000000000000000e+00,0.000000000000000000e+00,1.000000000000000056e-01
9.876635428254889604e-01,-1.514245152727861921e-01,-3.989163255377338457e-02,2.524652683695367017e+01,1.509209284158701536e-01,9.884264366858052098e-01,-1.536400425324332270e-02,2.913920895867196492e+00,4.175643111540208730e-02,9.153984651703951647e-03,9.990858847093682105e-01,1.032688491212255810e+00,0.000000000000000000e+00,0.000000000000000000e+00,0.000000000000000000e+00,1.000000000000000056e-01
9.879633535066610905e-01,-1.484525610784422078e-01,-4.347699664332350944e-02,2.619820607113766542e+01,1.478768611940014799e-01,9.888732726543328910e-01,-1.618902570630425392e-02,3.063880618951261070e+00,4.539654228333037111e-02,9.564922329049076188e-03,9.989232534131724517e-01,1.079967263089387064e+00,0.000000000000000000e+00,0.000000000000000000e+00,0.000000000000000000e+00,1.000000000000000056e-01
9.875347380831431821e-01,-1.492789207079540381e-01,-4.990936696980112497e-02,2.716344447398062911e+01,1.486819743935301197e-01,9.887637764937636797e-01,-1.548756869984060751e-02,3.216399996577015141e+00,5.166054170737616191e-02,7.873888877740512979e-03,9.986336617120621373e-01,1.144651085875634910e+00,0.000000000000000000e+00,0.000000000000000000e+00,0.000000000000000000e+00,1.000000000000000056e-01
9.872275872488178727e-01,-1.520860224043570630e-01,-4.745031890408305669e-02,2.811933899456321129e+01,1.513117431349208786e-01,9.882932438425666710e-01,-1.952487041208901195e-02,3.338663231092472206e+00,4.986428947001563666e-02,1.209570024258777368e-02,9.986827557694645252e-01,1.214237876905459368e+00,0.000000000000000000e+00,0.000000000000000000e+00,0.000000000000000000e+00,1.000000000000000056e-01
9.872703526493812332e-01,-1.532528819630986083e-01,-4.255355390059737536e-02,2.911812645584096515e+01,1.525945300950347083e-01,9.881188781562447732e-01,-1.833008500580078984e-02,3.491708251278065056e+00,4.485710829558712393e-02,1.160330992643469374e-02,9.989260248056955893e-01,1.288862021946097336e+00,0.000000000000000000e+00,0.000000000000000000e+00,0.000000000000000000e+00,1.000000000000000056e-01
9.874915620434572272e-01,-1.521300823669874125e-01,-4.143492406154965918e-02,3.006330141172276882e+01,1.513027478916109392e-01,9.882327585625155786e-01,-2.243865825686781196e-02,3.618917948246695993e+00,4.436094423499555711e-02,1.588876782304102231e-02,9.988892099145155745e-01,1.338622436789291603e+00,0.000000000000000000e+00,0.000000000000000000e+00,0.000000000000000000e+00,1.000000000000000056e-01
9.868572811726197269e-01,-1.556647824425740068e-01,-4.337259622954495186e-02,3.099203432392397062e+01,1.544441643882999704e-01,9.875392323038877374e-01,-3.022027046615947954e-02,3.751559850220233638e+00,4.753637221102177679e-02,2.312444956651216188e-02,9.986017990917406273e-01,1.402048615676769527e+00,0.000000000000000000e+00,0.000000000000000000e+00,0.000000000000000000e+00,1.000000000000000056e-01
9.864392133096187010e-01,-1.573968353236549766e-01,-4.651789628947922833e-02,3.195359830840341431e+01,1.560501791632990798e-01,9.872527853272411447e-01,-3.130941466566489195e-02,3.902197789180801291e+00,5.085292546356378479e-02,2.362570832171011909e-02,9.984266652479263371e-01,1.453222391523916412e+00,0.000000000000000000e+00,0.000000000000000000e+00,0.000000000000000000e+00,1.000000000000000056e-01
9.860800877584485757e-01,-1.585151554591558432e-01,-5.018970029846871184e-02,3.292881056292321063e+01,1.570809280441072264e-01,9.870876816247209362e-01,-3.136065735177570590e-02,4.057196636056120909e+00,5.451277438447309220e-02,2.304027505246255408e-02,9.982472154503685413e-01,1.504065588482944582e+00,0.000000000000000000e+00,0.000000000000000000e+00,0.000000000000000000e+00,1.000000000000000056e-01
9.860606184789553197e-01,-1.579521558446080054e-01,-5.230270689878977614e-02,3.389013329755673709e+01,1.564007481594133775e-01,9.871568767824872026e-01,-3.255927818949682501e-02,4.216363961068581467e+00,5.677378497225451376e-02,2.392523949903037003e-02,9.981003558033822998e-01,1.563034258945559252e+00,0.000000000000000000e+00,0.000000000000000000e+00,0.000000000000000000e+00,1.000000000000000056e-01
9.854027521016932578e-01,-1.624549544591048500e-01,-5.089011615332602462e-02,3.484538616270407374e+01,1.608882628151768746e-01,9.864029380947889614e-01,-3.352925001073767119e-02,4.365705308490449355e+00,5.564515287716819553e-02,2.485219285411543674e-02,9.981412652884452674e-01,1.637002982625757053e+00,0.000000000000000000e+00,0.000000000000000000e+00,0.000000000000000000e+00,1.000000000000000056e-01
9.848638880002169582e-01,-1.652239805848476628e-01,-5.238471487747214245e-02,3.582901406900131747e+01,1.635738597538020089e-01,9.859314814071260535e-01,-3.439049833301954101e-02,4.552843713530795533e+00,5.732987457111408253e-02,2.530118989391207107e-02,9.980346363085864647e-01,1.698103326399064805e+00,0.000000000000000000e+00,0.000000000000000000e+00,0.000000000000000000e+00,1.000000000000000056e-01
9.844868177972152523e-01,-1.676101828481689759e-01,-5.188961542655724096e-02,3.680535175156403938e+01,1.658965422713374327e-01,9.854943292342182026e-01,-3.576680457648706568e-02,4.710120213475793349e+00,5.713180240397629922e-02,2.660363984122532735e-02,9.980121259289745916e-01,1.776632209575769838e+00,0.000000000000000000e+00,0.000000000000000000e+00,0.000000000000000000e+00,1.000000000000000056e-01
9.842430522215954714e-01,-1.691124011285679574e-01,-5.163922867402200717e-02,3.780467675091532698e+01,1.674013245489274770e-01,9.852362407015856638e-01,-3.586567366538354756e-02,4.882778177969722577e+00,5.694216972316962916e-02,2.665606483968456161e-02,9.980215646540310237e-01,1.844647950582713580e+00,0.000000000000000000e+00,0.000000000000000000e+00,0.000000000000000000e+00,1.000000000000000056e-01
9.843533891993412333e-01,-1.693173493519897765e-01,-4.878565752540892780e-02,3.877966925071736171e+01,1.677437998313159873e-01,9.852179628976873715e-01,-3.475029786753779798e-02,5.049434602031867669e+00,5.394833444993121091e-02,2.602308191101614099e-02,9.982045764360785167e-01,1.923013427116283980e+00,0.000000000000000000e+00,0.000000000000000000e+00,0.000000000000000000e+00,1.000000000000000056e-01
9.840822529290791376e-01,-1.708634928151212540e-01,-4.886498023170492838e-02,3.977767479007085427e+01,1.694880406365936731e-01,9.850427297168647955e-01,-3.105840809050050902e-02,5.239611629796390169e+00,5.344084160261958899e-02,2.228199845087293005e-02,9.983223873047418762e-01,1.982322438513584695e+00,0.000000000000000000e+00,0.000000000000000000e+00,0.000000000000000000e+00,1.000000000000000056e-01
9.830785436375427677e-01,-1.751186937109639186e-01,-5.375890765681201611e-02,4.077549911465457910e+01,1.733672227548334888e-01,9.842095257987657497e-01,-3.571295844990350632e-02,5.433080669047894773e+00,5.916403564467162535e-02,2.578861066312416322e-02,9.979151088375712852e-01,2.067829753102327306e+00,0.000000000000000000e+00,0.000000000000000000e+00,0.000000000000000000e+00,1.000000000000000056e-01
9.829110490979177106e-01,-1.758051454616595122e-01,-5.457490623386757750e-02,4.179312641157683572e+01,1.742315997130247374e-01,9.841715100028447516e-01,-3.240044074022248310e-02,5.610235528889174539e+00,5.940723207380581988e-02,2.233807798189191979e-02,9.979838631207440525e-01,2.159017263385647034e+00,0.000000000000000000e+00,0.000000000000000000e+00,0.000000000000000000e+00,1.000000000000000056e-01
9.821442985917169244e-01,-1.789761782091194020e-01,-5.796640731873908131e-02,4.280926847798342294e+01,1.772349673464119479e-01,9.835830234904222591e-01,-3.394410480710586403e-02,5.792811859381004957e+00,6.308996032254833575e-02,2.306433469877317705e-02,9.977412958133998755e-01,2.238739866847454518e+00,0.000000000000000000e+00,0.000000000000000000e+00,0.000000000000000000e+00,1.000000000000000056e-01
9.828871872137902033e-01,-1.741137656465139016e-01,-6.014294491754252486e-02,4.381523369641787014e+01,1.722770935645765722e-01,9.844434415612696165e-01,-3.452120217989652906e-02,5.919542051047522513e+00,6.521794418644186186e-02,2.356919556102841928e-02,9.975926587423847858e-01,2.322080724650743999e+00,0.000000000000000000e+00,0.000000000000000000e+00,0.000000000000000000e+00,1.000000000000000056e-01
9.825610846488826988e-01,-1.768590700791418391e-01,-5.739846918126189496e-02,4.480740701650243807e+01,1.749400042975166880e-01,9.838861162675208716e-01,-3.693379363671280002e-02,6.106525593116028716e+00,6.300563331953670798e-02,2.624841989064569461e-02,9.976679360504919769e-01,2.416559539565141357e+00,0.000000000000000000e+00,0.000000000000000000e+00,0.000000000000000000e+00,1.000000000000000056e-01
9.825646924993807207e-01,-1.771236131903458633e-01,-5.651416374674660126e-02,4.578673114166001312e+01,1.752619953902603278e-01,9.838490133341051269e-01,-3.639164647734637742e-02,6.269401521706544855e+00,6.204722415565201710e-02,2.585236182449329734e-02,9.977383411309168615e-01,2.491288745443112518e+00,0.000000000000000000e+00,0.000000000000000000e+00,0.000000000000000000e+00,1.000000000000000056e-01
9.815639048244890752e-01,-1.813570604820096410e-01,-6.034830038224859444e-02,4.670352679027512011e+01,1.794975152287223985e-01,9.831366224552441357e-01,-3.497175451717057099e-02,6.448292180176563804e+00,6.567299880785090749e-02,2.349464195554723175e-02,9.975645638388347392e-01,2.576812384541845802e+00,0.000000000000000000e+00,0.000000000000000000e+00,0.000000000000000000e+00,1.000000000000000056e-01
9.814018767302794544e-01,-1.803100614829690473e-01,-6.586833896716387526e-02,4.766454741700569286e+01,1.782614224367022049e-01,9.833314865586215703e-01,-3.580576508406314168e-02,6.612208817047436682e+00,7.122655137748060139e-02,2.339806125343359133e-02,9.971856943962100761e-01,2.637519187114181207e+00,0.000000000000000000e+00,0.000000000000000000e+00,0.000000000000000000e+00,1.000000000000000056e-01
9.813234849784948644e-01,-1.808295153580412040e-01,-6.561176879979431498e-02,4.861550389296867536e+01,1.785468273075340728e-01,9.831511111185983198e-01,-3.917809547029123957e-02,6.790046528580811369e+00,7.159083941451820088e-02,2.673161202848765503e-02,9.970758108741195613e-01,2.723831063242777795e+00,0.000000000000000000e+00,0.000000000000000000e+00,0.000000000000000000e+00,1.000000000000000056e-01
9.818520923453661897e-01,-1.786609131714149146e-01,-6.361404610447798924e-02,4.958526781113803139e+01,1.764210057810443044e-01,9.835305075395480712e-01,-3.928574115634883568e-02,6.994387722943452346e+00,6.958518144139055894e-02,2.734993315814584006e-02,9.972010247086661172e-01,2.812045466146230854e+00,0.000000000000000000e+00,0.000000000000000000e+00,0.000000000000000000e+00,1.000000000000000056e-01
9.827457227093223668e-01,-1.740895881896344366e-01,-6.247927480769206732e-02,5.058214735776180504e+01,1.718693934466735684e-01,9.843336707922712980e-01,-3.934636121530216135e-02,7.182209706702944452e+00,6.835024574062716074e-02,2.792919312432810830e-02,9.972703766174044748e-01,2.911784181433646701e+00,0.000000000000000000e+00,0.000000000000000000e+00,0.000000000000000000e+00,1.000000000000000056e-01
9.826479162480339369e-01,-1.748839220804029315e-01,-6.179552161097461027e-02,5.151524573911694205e+01,1.723190526051285865e-01,9.840269792655996772e-01,-4.468834508784257781e-02,7.363566433958977697e+00,6.862373352323385134e-02,3.326436344189868249e-02,9.970878924759529749e-01,2.991691834733896105e+00,0.000000000000000000e+00,0.000000000000000000e+00,0.000000000000000000e+00,1.000000000000000056e-01
9.831404789222931706e-01,-1.719598636665200797e-01,-6.216593916475416509e-02,5.245188586237757278e+01,1.693761742514787449e-01,9.845362873046721308e-01,-4.472147779607426460e-02,7.532286627935381063e+00,6.889492216685341730e-02,3.343806615406891974e-02,9.970633808497327832e-01,3.069491896461085112e+00,0.000000000000000000e+00,0.000000000000000000e+00,0.000000000000000000e+00,1.000000000000000056e-01
9.833623249607402750e-01,-1.713094997930452446e-01,-6.042841325456086571e-02,5.343316227563285281e+01,1.686726926522757741e-01,9.845810671372700051e-01,-4.636426412945218734e-02,7.704566859957744818e+00,6.743931050387656778e-02,3.540024739308070267e-02,9.970951618994399190e-01,3.165288439382476504e+00,0.000000000000000000e+00,0.000000000000000000e+00,0.000000000000000000e+00,1.000000000000000056e-01
9.819636273174464636e-01,-1.794508944468055089e-01,-5.953831629971171463e-02,5.439877141902772451e+01,1.767053438146927724e-01,9.830633559866405191e-01,-4.859690919816677529e-02,7.882493471938136764e+00,6.725069585434992336e-02,3.719965858075994364e-02,9.970423909285806019e-01,3.241740474049038312e+00,0.000000000000000000e+00,0.000000000000000000e+00,0.000000000000000000e+00,1.000000000000000056e-01
9.821954559533796481e-01,-1.796391937238448755e-01,-5.497132327659164791e-02,5.531698783697085986e+01,1.770248637697686978e-01,9.829732170101601607e-01,-4.925294151613056337e-02,8.046168937589635917e+00,6.288309718698217865e-02,3.864472433519844374e-02,9.972724308679293825e-01,3.321162077183291483e+00,0.000000000000000000e+00,0.000000000000000000e+00,0.000000000000000000e+00,1.000000000000000056e-01
9.822069007976895749e-01,-1.809572220372839824e-01,-5.024030073503354954e-02,5.623440914076060437e+01,1.785416061586294623e-01,9.827096741880059216e-01,-4.903663046743914067e-02,8.234995550759368399e+00,5.824516199388887761e-02,3.919413284985949486e-02,9.975326165366490416e-01,3.407159566838403819e+00,0.000000000000000000e+00,0.000000000000000000e+00,0.000000000000000000e+00,1.000000000000000056e-01
9.822687856059701961e-01,-1.814955146292959176e-01,-4.698309263575210087e-02,5.714414943779780032e+01,1.796306019443016933e-01,9.828668193423825139e-01,-4.129966441650854969e-02,8.414723450613539768e+00,5.367382666906162642e-02,3.212777000097291613e-02,9.980415455908957512e-01,3.491391502673562020e+00,0.000000000000000000e+00,0.000000000000000000e+00,0.000000000000000000e+00,1.000000000000000056e-01
9.815067569382156520e-01,-1.849738918829254286e-01,-4.928636126059962597e-02,5.800217343025052941e+01,1.830973808132479730e-01,9.822709794842363618e-01,-4.023769380080548241e-02,8.588155386703368421e+00,5.585548517339156138e-02,3.046936469247020843e-02,9.979738386306938880e-01,3.576065562489179062e+00,0.000000000000000000e+00,0.000000000000000000e+00,0.000000000000000000e+00,1.000000000000000056e-01
9.810213439944517333e-01,-1.860259094945529157e-01,-5.469445697732166350e-02,5.890904944981750901e+01,1.840208161641657958e-01,9.821202171993369534e-01,-3.970161440800119845e-02,8.786884201616802059e+00,6.110206089481740738e-02,2.888321251266424625e-02,9.977135351338851654e-01,3.642329626154056754e+00,0.000000000000000000e+00,0.000000000000000000e+00,0.000000000000000000e+00,1.000000000000000056e-01
9.804086824441619052e-01,-1.873194660827952329e-01,-6.091168208610695661e-02,5.987925894998197407e+01,1.851757669717482846e-01,9.819246208302916390e-01,-3.916598439606399501e-02,8.968708394336047718e+00,6.714723162221364339e-02,2.711930371053954819e-02,9.973744495683295463e-01,3.717356325166789155e+00,0.000000000000000000e+00,0.000000000000000000e+00,0.000000000000000000e+00,1.000000000000000056e-01
9.809807000007736422e-01,-1.844682950186757597e-01,-6.040127779190628682e-02,6.078802698062300180e+01,1.825390159937909373e-01,9.825362278428493301e-01,-3.608418789945178062e-02,9.177112756353665191e+00,6.600283225749307980e-02,2.437230209166146508e-02,9.975217376201593877e-01,3.793516462760194941e+00,0.000000000000000000e+00,0.000000000000000000e+00,0.000000000000000000e+00,1.000000000000000056e-01
9.806238709525992858e-01,-1.873748122017359352e-01,-5.716208070306898203e-02,6.172383294853387525e+01,1.856208444513226807e-01,9.820108216867921014e-01,-3.463593791438743241e-02,9.378031815769180213e+00,6.262368420268682456e-02,2.335435382098218285e-02,9.977639241496389921e-01,3.872711235834064514e+00,0.000000000000000000e+00,0.000000000000000000e+00,0.000000000000000000e+00,1.000000000000000056e-01
9.799715789086005380e-01,-1.910219464134468859e-01,-5.627006770746483671e-02,6.261126636699614778e+01,1.891962760307785985e-01,9.812715016036926974e-01,-3.620786208159039454e-02,9.570732426720393704e+00,6.213271012494051698e-02,2.483658851074887347e-02,9.977588236661592003e-01,3.953301866392842978e+00,0.000000000000000000e+00,0.000000000000000000e+00,0.000000000000000000e+00,1.000000000000000056e-01
9.793517263416073870e-01,-1.945172022642554788e-01,-5.507498647299122196e-02,6.343810823472119154e+01,1.928016426457151711e-01,9.806145399191696921e-01,-3.496642235386740460e-02,9.739662292052127412e+00,6.080890317073139872e-02,2.362587823556655878e-02,9.978697786649172174e-01,4.020650603094185094e+00,0.000000000000000000e+00,0.000000000000000000e+00,0.000000000000000000e+00,1.000000000000000056e-01
9.785454998843867713e-01,-1.985902389921530842e-01,-5.486913187808852704e-02,6.426507478929102035e+01,1.968793314914073778e-01,9.798007997390655310e-01,-3.505597897911550548e-02,9.895508273838455437e+00,6.072259453870582774e-02,2.350127247038320127e-02,9.978779768612797696e-01,4.082120185282696490e+00,0.000000000000000000e+00,0.000000000000000000e+00,0.000000000000000000e+00,1.000000000000000056e-01
9.779695625909785583e-01,-2.014628746220007149e-01,-5.466484057097462795e-02,6.507235778605296161e+01,1.998599709613111119e-01,9.792546173554997901e-01,-3.341236889652692693e-02,1.005670872873746546e+01,6.026214942195420171e-02,2.175096634574516519e-02,9.979455740720895029e-01,4.145892688357525557e+00,0.000000000000000000e+00,0.000000000000000000e+00,0.000000000000000000e+00,1.000000000000000056e-01
9.773051393468431547e-01,-2.041721988736128757e-01,-5.646572246382104698e-02,6.587002765456716702e+01,2.024055302767997500e-01,9.786591112767066836e-01,-3.547316208705065393e-02,1.022316130963933922e+01,6.250332726835348962e-02,2.323912911880589294e-02,9.977741613001334109e-01,4.218077346069414091e+00,0.000000000000000000e+00,0.000000000000000000e+00,0.000000000000000000e+00,1.000000000000000056e-01
9.764574222351295463e-01,-2.084603026508794199e-01,-5.545452894606318905e-02,6.662696458576998282e+01,2.067704188697356005e-01,9.777737998417080911e-01,-3.470432571800712018e-02,1.037814232896270994e+01,6.145645972849465843e-02,2.242094025261218149e-02,9.978579082193159699e-01,4.285161888528629781e+00,0.000000000000000000e+00,0.000000000000000000e+00,0.000000000000000000e+00,1.000000000000000056e-01
9.756757157416887649e-01,-2.128729359241419705e-01,-5.236421357166935048e-02,6.741560010964498417e+01,2.112580823945877095e-01,9.768136519321974909e-01,-3.471472341594131206e-02,1.054901492322997036e+01,5.853990378284586876e-02,2.280794927037179190e-02,9.980244872322399097e-01,4.356233664556103058e+00,0.000000000000000000e+00,0.000000000000000000e+00,0.000000000000000000e+00,1.000000000000000056e-01
9.716548638135200644e-01,-2.307332232296586683e-01,-5.146848866619487678e-02,6.822261179530148922e+01,2.293934629828778826e-01,9.728509253760918574e-01,-3.065478976611489895e-02,1.075797717930392139e+01,5.714424527677982452e-02,1.797934072579301587e-02,9.982040265090164066e-01,4.422163032612407285e+00,0.000000000000000000e+00,0.000000000000000000e+00,0.000000000000000000e+00,1.000000000000000056e-01
9.707615032460082949e-01,-2.349074930402683947e-01,-4.940216117829823728e-02,6.895959937057098443e+01,2.336669579345527492e-01,9.718652699017165109e-01,-2.962515702027073566e-02,1.092090991898758823e+01,5.497141607383101980e-02,1.721530924497164522e-02,9.983395096571294758e-01,4.490788969496163574e+00,0.000000000000000000e+00,0.000000000000000000e+00,0.000000000000000000e+00,1.000000000000000056e-01
9.705436179836887112e-01,-2.350396694394287500e-01,-5.292862534523143370e-02,6.963465279906198191e+01,2.339127007207059961e-01,9.718921914870820578e-01,-2.665364080163252700e-02,1.109401749572070983e+01,5.770558060254867006e-02,1.348784327611660463e-02,9.982425276710473749e-01,4.546566586389526599e+00,0.000000000000000000e+00,0.000000000000000000e+00,0.000000000000000000e+00,1.000000000000000056e-01
9.695611871927440895e-01,-2.382141061146278160e-01,-5.661399065076945514e-02,7.029953661127255771e+01,2.369278856418147450e-01,9.711080553352002820e-01,-2.853632541840071118e-02,1.127676950250779520e+01,6.177605761697438358e-02,1.425428044815080231e-02,9.979882435150274622e-01,4.599389708890320172e+00,0.000000000000000000e+00,0.000000000000000000e+00,0.000000000000000000e+00,1.000000000000000056e-01
9.683527306537653701e-01,-2.417543239744739947e-01,-6.203092676271355216e-02,7.102008774423742921e+01,2.401776071270196322e-01,9.702066695470993318e-01,-3.183921169037513821e-02,1.146314659982980722e+01,6.788008596145916895e-02,1.593314802449811649e-02,9.975662527992285034e-01,4.659792747563343163e+00,0.000000000000000000e+00,0.000000000000000000e+00,0.000000000000000000e+00,1.000000000000000056e-01
9.667699549165335027e-01,-2.474552864251879924e-01,-6.420074369438381889e-02,7.173607463564378861e+01,2.458514425880263810e-01,9.687822115029368630e-01,-3.190759866967906450e-02,1.164971531667176485e+01,7.009224242432375573e-02,1.506346227489207927e-02,9.974267740822996275e-01,4.718376130029827920e+00,0.000000000000000000e+00,0.000000000000000000e+00,0.000000000000000000e+00,1.000000000000000056e-01
9.664612574399475964e-01,-2.493776927873479488e-01,-6.134659083970800397e-02,7.240556857747284880e+01,2.478987811466512037e-01,9.682973902451713633e-01,-3.076293793503966090e-02,1.181551777419997684e+01,6.707333429612816200e-02,1.452344258257956024e-02,9.976423394393154620e-01,4.790917653467262838e+00,0.000000000000000000e+00,0.000000000000000000e+00,0.000000000000000000e+00,1.000000000000000056e-01
9.648097559332787787e-01,-2.564116905844464611e-01,-5.826817130812619872e-02,7.297295030137649974e+01,2.548999047724466172e-01,9.664321135805352680e-01,-3.217154623665361562e-02,1.197648984561303287e+01,6.456139251104113519e-02,1.618687035487600262e-02,9.977824471422364061e-01,4.839078228775364643e+00,0.000000000000000000e+00,0.000000000000000000e+00,0.000000000000000000e+00,1.000000000000000056e-01
9.651098953250032420e-01,-2.545152688211950176e-01,-6.152127991708278287e-02,7.350501306440077087e+01,2.527426965409675930e-01,9.668935185922498121e-01,-3.518597802390992235e-02,1.209995628393636835e+01,6.843989546281897818e-02,1.840928138666839131e-02,9.974853778717084340e-01,4.889686166419381586e+00,0.000000000000000000e+00,0.000000000000000000e+00,0.000000000000000000e+00,1.000000000000000056e-01
9.641440207309179833e-01,-2.581214822668837505e-01,-6.164095782161417569e-02,7.412694619673675334e+01,2.557878696268549024e-01,9.657635314924121195e-01,-4.328240971872782117e-02,1.225398828755254499e+01,7.070270886305753122e-02,2.596346725018769397e-02,9.971594783823569674e-01,4.954287768811616033e+00,0.000000000000000000e+00,0.000000000000000000e+00,0.000000000000000000e+00,1.000000000000000056e-01
9.637529337113377448e-01,-2.581482733321011080e-01,-6.737767982384568199e-02,7.471248757151921893e+01,2.552589075668141305e-01,9.656505601976691500e-01,-4.859923556728394656e-02,1.240032206475909149e+01,7.760910301367016095e-02,2.963890290787686912e-02,9.965432065715118526e-01,5.011061015913676364e+00,0.000000000000000000e+00,0.000000000000000000e+00,0.000000000000000000e+00,1.000000000000000056e-01
9.646108362159450111e-01,-2.549074306148633173e-01,-6.743987301369963605e-02,7.528839829274033946e+01,2.522704771149512082e-01,9.665990252350050715e-01,-4.523196647209631882e-02,1.253243827508814512e+01,7.671727987207430099e-02,2.661815606060269346e-02,9.966975131588134973e-01,5.074571027589741767e+00,0.000000000000000000e+00,0.000000000000000000e+00,0.000000000000000000e+00,1.000000000000000056e-01
9.647279664632754104e-01,-2.552152102550190316e-01,-6.453795145586703474e-02,7.585756514686688945e+01,2.526389654164218346e-01,9.664910300898490458e-01,-4.548232523940044097e-02,1.269972375071891335e+01,7.398313238133034930e-02,2.757326985232259192e-02,9.968782327409388966e-01,5.115739505039431201e+00,0.000000000000000000e+00,0.000000000000000000e+00,0.000000000000000000e+00,1.000000000000000056e-01
9.653226934931042891e-01,-2.534093519799721084e-01,-6.273593672137846300e-02,7.644094202040652419e+01,2.506885301335768923e-01,9.668711020512985588e-01,-4.811998418094333430e-02,1.282635287659979895e+01,7.285161828459908728e-02,3.072413297715833116e-02,9.968694344627669901e-01,5.169273927558509563e+00,0.000000000000000000e+00,0.000000000000000000e+00,0.000000000000000000e+00,1.000000000000000056e-01
9.659456756168385283e-01,-2.521888842625715221e-01,-5.787675190893663835e-02,7.703327231124630714e+01,2.493277291987917033e-01,9.670027582116204057e-01,-5.235789399596299520e-02,1.296101722036675596e+01,6.917105760145129956e-02,3.614460216294829165e-02,9.969498144464338241e-01,5.230568812863170436e+00,0.000000000000000000e+00,0.000000000000000000e+00,0.000000000000000000e+00,1.000000000000000056e-01
9.676582692094751748e-01,-2.463192953676908437e-01,-5.444519042199438136e-02,7.760592592604113804e+01,2.435260196337218630e-01,9.684361717267242486e-01,-5.316445290457590123e-02,1.307645610562450678e+01,6.582212235927266397e-02,3.818620196944223777e-02,9.971004273328087919e-01,5.301669695413043115e+00,0.000000000000000000e+00,0.000000000000000000e+00,0.000000000000000000e+00,1.000000000000000056e-01
9.698092987614375104e-01,-2.380751923556601035e-01,-5.282165105962136759e-02,7.810449808869729793e+01,2.355357795574344881e-01,9.705748190422399668e-01,-5.007411696070863949e-02,1.322339636622805159e+01,6.318876944616488855e-02,3.612095549592435340e-02,9.973477106756404309e-01,5.355928085617153833e+00,0.000000000000000000e+00,0.000000000000000000e+00,0.000000000000000000e+00,1.000000000000000056e-01
9.728609644756422981e-01,-2.250316941698355389e-01,-5.387281706553566363e-02,7.860808995240002162e+01,2.225448661790177529e-01,9.737162697795419541e-01,-4.848101178788845333e-02,1.333487079428330802e+01,6.336660269326534201e-02,3.517616502218380570e-02,9.973701976084136112e-01,5.399505476860624320e+00,0.000000000000000000e+00,0.000000000000000000e+00,0.000000000000000000e+00,1.000000000000000056e-01
9.768477817487265513e-01,-2.070929032135930825e-01,-5.367439548944893252e-02,7.907623244177177924e+01,2.051806406307912223e-01,9.779453095786955208e-01,-3.903685673011391549e-02,1.344777879805569754e+01,6.057487930595085307e-02,2.712012005125904318e-02,9.977951608849757736e-01,5.441309025044346548e+00,0.000000000000000000e+00,0.000000000000000000e+00,0.000000000000000000e+00,1.000000000000000056e-01
9.813241934382436193e-01,-1.853816571563585980e-01,-5.134655356246266289e-02,7.955934179021549824e+01,1.833689410737957826e-01,9.821673445320899809e-01,-4.151070686289931588e-02,1.352485477441373440e+01,5.812623179129478013e-02,3.132009777674832351e-02,9.978178153616017454e-01,5.490615952711000780e+00,0.000000000000000000e+00,0.000000000000000000e+00,0.000000000000000000e+00,1.000000000000000056e-01
9.850391140194485473e-01,-1.646200099741710332e-01,-5.097250403780093087e-02,8.011313915337166236e+01,1.625869929075194897e-01,9.858094435857867044e-01,-4.177571871759815092e-02,1.367211886635259077e+01,5.712629507564796760e-02,3.286325080063612347e-02,9.978259332958552275e-01,5.545889034225892189e+00,0.000000000000000000e+00,0.000000000000000000e+00,0.000000000000000000e+00,1.000000000000000056e-01
9.892701382152407907e-01,-1.374460568947686867e-01,-4.952953744664335273e-02,8.060827654888288407e+01,1.355158502702024093e-01,9.899495982450721154e-01,-4.043819061189945357e-02,1.378428784470300705e+01,5.458981554413348120e-02,3.329225703523632646e-02,9.979536951484058172e-01,5.585585308422327699e+00,0.000000000000000000e+00,0.000000000000000000e+00,0.000000000000000000e+00,1.000000000000000056e-01
9.929224742458840902e-01,-1.075478950908323600e-01,-5.038263985702724768e-02,8.108782111311782614e+01,1.054416438983480225e-01,9.935059596046090791e-01,-4.275474198423955680e-02,1.382147936023288715e+01,5.465363546412588258e-02,3.713971582627214468e-02,9.978144224448242117e-01,5.613434724767041750e+00,0.000000000000000000e+00,0.000000000000000000e+00,0.000000000000000000e+00,1.000000000000000056e-01
