1.000000000000000000e+00,0.000000000000000000e+00,0.000000000000000000e+00,0.000000000000000000e+00,0.000000000000000000e+00,1.000000000000000000e+00,0.000000000000000000e+00,0.000000000000000000e+00,0.000000000000000000e+00,0.000000000000000000e+00,1.000000000000000000e+00,0.000000000000000000e+00,0.000000000000000000e+00,0.000000000000000000e+00,0.000000000000000000e+00,1.000000000000000000e+00
9.999990315103429728e-01,-6.281253897902453224e-04,-1.241948819982624215e-03,6.468619359642856503e-01,6.248052623461903231e-04,9.999962352670060950e-01,-2.671903852828603956e-03,-4.491088290312195141e-03,1.243622435025967289e-03,2.671125288959135154e-03,9.999956592370435882e-01,-3.714384944490944918e-04,0.000000000000000000e+00,0.000000000000000000e+00,0.000000000000000000e+00,1.000000000000000000e+00
9.999803761519981959e-01,-5.424468025604019771e-03,-3.134080016128515216e-03,1.307175456623665077e+00,5.415712294148901026e-03,9.999814274993591434e-01,-2.795481477515475346e-03,5.312633940685710515e-03,3.149185808316357083e-03,2.778453343737735930e-03,9.999911813739965627e-01,4.363518219353175638e-03,0.000000000000000000e+00,0.000000000000000000e+00,0.000000000000000000e+00,1.000000000000000000e+00
9.999363399264420416e-01,-9.945935612765912162e-03,-5.328645165277813046e-03,2.004906873428251135e+00,9.930631852453859765e-03,9.999465115343316723e-01,-2.890782131838182892e-03,1.418198868442301259e-02,5.357111677177620740e-03,2.837681291026434172e-03,9.999816242908511343e-01,8.819652060248645356e-03,0.000000000000000000e+00,0.000000000000000000e+00,0.000000000000000000e+00,1.000000000000000000e+00
9.998572082148874385e-01,-1.609217050641403510e-02,-5.158025700061798571e-03,2.702843668649490105e+00,1.608474942750801398e-02,9.998695411211867556e-01,-1.477015220735409693e-03,2.265034354217961704e-02,5.181121170584716829e-03,1.393838764169409499e-03,9.999856064948712264e-01,1.665480095112397557e-02,0.000000000000000000e+00,0.000000000000000000e+00,0.000000000000000000e+00,1.000000000000000000e+00
9.997520115243285765e-01,-2.134339987109989956e-02,-6.354111661015518324e-03,3.410883557899339280e+00,2.133387011146602175e-02,9.997711840686617224e-01,-1.563806897598278524e-03,3.075216420224576724e-02,6.386034694974602674e-03,1.427861298659753283e-03,9.999785896572919164e-01,3.035170669288683731e-02,0.000000000000000000e+00,0.000000000000000000e+00,0.000000000000000000e+00,1.000000000000000000e+00
9.996525607204138630e-01,-2.532159485534203960e-02,-7.319472597227808484e-03,4.129948573894730579e+00,2.531904876522008893e-02,9.996793245277250106e-01,-4.403196750846482817e-04,5.366241530644108582e-02,7.328275018315221281e-03,2.548446071091156943e-04,9.999731153583493182e-01,4.090781063662643491e-02,0.000000000000000000e+00,0.000000000000000000e+00,0.000000000000000000e+00,1.000000000000000000e+00
9.994984347475110997e-01,-3.006855957856691131e-02,-9.937839913520755963e-03,4.893414515555996047e+00,3.008314420069556697e-02,9.995465264294617347e-01,1.321339395604479664e-03,8.573481268104449216e-02,9.893602593431499725e-03,-1.619638128838723611e-03,9.999497454372670013e-01,5.570551797482238554e-02,0.000000000000000000e+00,0.000000000000000000e+00,0.000000000000000000e+00,1.000000000000000000e+00
9.993438980397044702e-01,-3.475448876169007217e-02,-1.019308401434759759e-02,5.655657109725196641e+00,3.477506970753421051e-02,9.993934542533464693e-01,1.848816486604763516e-03,1.260534936640647086e-01,1.012264677078728893e-02,-2.202068681617329153e-03,9.999463400182406758e-01,6.018616282867730177e-02,0.000000000000000000e+00,0.000000000000000000e+00,0.000000000000000000e+00,1.000000000000000000e+00
9.992110304072174820e-01,-3.887719954396008648e-02,-8.116653754242270785e-03,6.438748510499557653e+00,3.889397729788166697e-02,9.992414993507702237e-01,1.919506493343984448e-03,1.622827479017955044e-01,8.035872230132447280e-03,-2.233681007939817588e-03,9.999652171084029151e-01,7.109947535315876144e-02,0.000000000000000000e+00,0.000000000000000000e+00,0.000000000000000000e+00,1.000000000000000000e+00
9.991046468131427050e-01,-4.179133759953977678e-02,-6.587018902861472257e-03,7.236619826993000437e+00,4.180110592924948798e-02,9.991250366665993532e-01,1.352275511350802635e-03,2.024794634711022667e-01,6.524742100422607771e-03,-1.626409422078661402e-03,9.999773910108740171e-01,8.615419207532347412e-02,0.000000000000000000e+00,0.000000000000000000e+00,0.000000000000000000e+00,1.000000000000000000e+00
9.991221386827991990e-01,-4.143359223579862888e-02,-6.181377544422368350e-03,8.032329319824594194e+00,4.144595254232309040e-02,9.991389691444904075e-01,1.885034414886094722e-03,2.421447665899678081e-01,6.097951440330233973e-03,-2.139572696443984255e-03,9.999791183904331859e-01,1.004150773826399945e-01,0.000000000000000000e+00,0.000000000000000000e+00,0.000000000000000000e+00,1.000000000000000000e+00
9.990413234248564089e-01,-4.331112327793157357e-02,-6.370297474640314490e-03,8.867532426096699893e+00,4.331138802787092706e-02,9.990616169004963298e-01,-9.645343845477771306e-05,2.886331773175228044e-01,6.368497201914805061e-03,-1.795454549743962414e-04,9.999797047974614550e-01,1.154204749882568881e-01,0.000000000000000000e+00,0.000000000000000000e+00,0.000000000000000000e+00,1.000000000000000000e+00
9.989025004239969752e-01,-4.642487883687138744e-02,-6.206872937993959845e-03,9.642563685925189532e+00,4.642334177578005816e-02,9.989217787287630879e-01,-3.915606384518758383e-04,3.523455605406373148e-01,6.218358710761774308e-03,1.029871170578438953e-04,9.999806605172910645e-01,1.318451175303883005e-01,0.000000000000000000e+00,0.000000000000000000e+00,0.000000000000000000e+00,1.000000000000000000e+00
9.988344863465423717e-01,-4.801006906947529601e-02,-4.970126032910360259e-03,1.042539824582719632e+01,4.801095453989456113e-02,9.988468074590582946e-01,5.893229397358086801e-05,3.587352308606587270e-01,4.961565177137582626e-03,-2.974841026039563505e-04,9.999876471108036791e-01,1.385475297208156320e-01,0.000000000000000000e+00,0.000000000000000000e+00,0.000000000000000000e+00,1.000000000000000000e+00
9.987806310205824545e-01,-4.898231814278226903e-02,-6.163084251102621432e-03,1.122785588279936420e+01,4.897413865520085924e-02,9.987989633302915005e-01,-1.471255693589087511e-03,4.106663254213242520e-01,6.227747675371314053e-03,1.167629947378323466e-03,9.999799256981101170e-01,1.644272220772631798e-01,0.000000000000000000e+00,0.000000000000000000e+00,0.000000000000000000e+00,1.000000000000000000e+00
9.986553659711164821e-01,-5.134792742214408512e-02,-7.130944295502199270e-03,1.209555933347711409e+01,5.134293016740200388e-02,9.986806923272051328e-01,-8.822101108835332835e-04,4.615074846037195422e-01,7.166836046723607835e-03,5.149002861561985563e-04,9.999741853361887589e-01,1.757838967290719090e-01,0.000000000000000000e+00,0.000000000000000000e+00,0.000000000000000000e+00,1.000000000000000000e+00
9.985051825240776058e-01,-5.415312313056794280e-02,-7.405385051762633682e-03,1.299373964163978457e+01,5.415515666327091332e-02,9.985325300158771622e-01,7.420827521236956820e-05,5.325247895558044009e-01,7.390499261613426261e-03,-4.751371350157732889e-04,9.999725770066730801e-01,1.966211971879175680e-01,0.000000000000000000e+00,0.000000000000000000e+00,0.000000000000000000e+00,1.000000000000000000e+00
9.986609019300720647e-01,-5.090766339285991704e-02,-9.209384566495113986e-03,1.388364502151614488e+01,5.094040698563158387e-02,9.986960546854442011e-01,3.356380768844625506e-03,5.831749647494492983e-01,9.026510530241088626e-03,-3.821016043739572290e-03,9.999519598180907076e-01,2.089459462733631034e-01,0.000000000000000000e+00,0.000000000000000000e+00,0.000000000000000000e+00,1.000000000000000000e+00
9.978939548987049157e-01,-6.414035727192642089e-02,-9.678292496605931522e-03,1.481594032076435852e+01,6.420249846381889669e-02,9.979173044581973739e-01,6.252411845671946786e-03,7.112653880624710823e-01,9.257103630378370196e-03,-6.860614543478845383e-03,9.999336167968660982e-01,2.282457248216587520e-01,0.000000000000000000e+00,0.000000000000000000e+00,0.000000000000000000e+00,1.000000000000000000e+00
9.976615774966501871e-01,-6.765273352324001344e-02,-9.720310372017657366e-03,1.577733667830270115e+01,6.769125098726593015e-02,9.976994952572326714e-01,3.689404185279241896e-03,7.738447452411596483e-01,9.448350473699438506e-03,-4.338756768574814938e-03,9.999459504708385627e-01,2.345488112455964835e-01,0.000000000000000000e+00,0.000000000000000000e+00,0.000000000000000000e+00,1.000000000000000000e+00
9.975642171226865029e-01,-6.938866138710927944e-02,-7.130665277864450639e-03,1.670259017868036366e+01,6.941207359788607867e-02,9.975832885512019299e-01,3.089731737592849286e-03,8.580636524829515777e-01,6.899040168133057337e-03,-3.577160084999962599e-03,9.999698031293168254e-01,2.527544278600155070e-01,0.000000000000000000e+00,0.000000000000000000e+00,0.000000000000000000e+00,1.000000000000000000e+00
9.973716962610957859e-01,-7.214138611548490121e-02,-6.732006134773098512e-03,1.758208452042409320e+01,7.217021035425738584e-02,9.973837321820971935e-01,4.141438872091948026e-03,9.373368599611415775e-01,6.415624263027509475e-03,-4.616404211672727256e-03,9.999687638008848412e-01,2.723754342308849496e-01,0.000000000000000000e+00,0.000000000000000000e+00,0.000000000000000000e+00,1.000000000000000000e+00
9.972954286191273443e-01,-7.318187983660512375e-02,-6.800038159378451845e-03,1.849139098175063722e+01,7.321880057169923017e-02,9.973015577643055130e-01,5.348843214143667035e-03,1.006954108082927402e+00,6.390250247842552134e-03,-5.832267523737419239e-03,9.999625739782972422e-01,2.861322808541587048e-01,0.000000000000000000e+00,0.000000000000000000e+00,0.000000000000000000e+00,1.000000000000000000e+00
9.973371208877561678e-01,-7.255282737466568765e-02,-7.399631021901365534e-03,1.940824598959025948e+01,7.258587971483826395e-02,9.973528956328413519e-01,4.300190554789912536e-03,1.078046875191243759e+00,7.068052443308091640e-03,-4.825848394472845651e-03,9.999633762403161708e-01,3.069739756734233271e-01,0.000000000000000000e+00,0.000000000000000000e+00,0.000000000000000000e+00,1.000000000000000000e+00
9.972808056748486694e-01,-7.345677475540968171e-02,-5.924261561945086928e-03,2.033542980270321721e+01,7.345546465531038738e-02,9.972984018020746300e-01,-4.387200682266790002e-04,1.130634417153169702e+00,5.940483548817703831e-03,2.357717334580687972e-06,9.999823551691536805e-01,3.257423157786092927e-01,0.000000000000000000e+00,0.000000000000000000e+00,0.000000000000000000e+00,1.000000000000000000e+00
9.974182938975169055e-01,-7.177684820868501792e-02,-2.197967195103858306e-03,2.125119447184808408e+01,7.177620897217988627e-02,9.974206936260591183e-01,-3.684455061048504251e-04,1.211378783265725234e+00,2.218743821472666817e-03,2.097325353835524501e-04,9.999975165909753549e-01,3.310007826534704378e-01,0.000000000000000000e+00,0.000000000000000000e+00,0.000000000000000000e+00,1.000000000000000000e+00
9.974013977913662732e-01,-7.204444507467165637e-02,-2.227503263296436392e-04,2.221320187999108597e+01,7.204406523882014857e-02,9.974004676365265665e-01,-1.399936534413226841e-03,1.292728982256885040e+00,3.230289304089209662e-04,1.380250817200906303e-03,9.999989952794909875e-01,3.490780268848239776e-01,0.000000000000000000e+00,0.000000000000000000e+00,0.000000000000000000e+00,1.000000000000000000e+00
9.975475804249696044e-01,-6.998306490284654513e-02,1.093350396539921002e-03,2.318529019914289790e+01,6.998540463171550041e-02,9.975454268377361711e-01,-2.272561033657538761e-03,1.358959093727656553e+00,-9.316259016855057192e-04,2.343506330399290367e-03,9.999968200205732183e-01,3.632719008395822180e-01,0.000000000000000000e+00,0.000000000000000000e+00,0.000000000000000000e+00,1.000000000000000000e+00
9.978468463380534281e-01,-6.554747794318452336e-02,2.280216762835370232e-03,2.411534568554968416e+01,6.555598855034325267e-02,9.978413387785185495e-01,-3.882652428160683882e-03,1.422660941265134982e+00,-2.020796472936972187e-03,4.023774344863721708e-03,9.999898627594362432e-01,3.694993512486335341e-01,0.000000000000000000e+00,0.000000000000000000e+00,0.000000000000000000e+00,1.000000000000000000e+00
9.979676976178322167e-01,-6.372051833025822731e-02,-4.123773553248500138e-04,2.507211549374288850e+01,6.371761784827316422e-02,9.979550863670793026e-01,-5.070578844188882058e-03,1.491671102617617040e+00,7.346339914351825932e-04,5.033998191989023235e-03,9.999870595038223842e-01,3.808624977088667651e-01,0.000000000000000000e+00,0.000000000000000000e+00,0.000000000000000000e+00,1.000000000000000000e+00
9.980456172360659961e-01,-6.225140881597276271e-02,-5.450506059410223196e-03,2.602745164843877035e+01,6.223185301140201492e-02,9.980549095432196260e-01,-3.687005213036026029e-03,1.564257022688825050e+00,5.669425600912768835e-03,3.340604301670151589e-03,9.999783487537391435e-01,3.895855913076770594e-01,0.000000000000000000e+00,0.000000000000000000e+00,0.000000000000000000e+00,1.000000000000000000e+00
9.981087030380484393e-01,-6.083862034003046509e-02,-8.813580136570398765e-03,2.698246710143432026e+01,6.079778637682629189e-02,9.981384200885684566e-01,-4.829442490815791418e-03,1.630128681340702101e+00,9.090989570993130223e-03,4.284462418546744304e-03,9.999494973699439848e-01,4.092610246874040514e-01,0.000000000000000000e+00,0.000000000000000000e+00,0.000000000000000000e+00,1.000000000000000000e+00
9.981616988887028752e-01,-6.015135187722311233e-02,-7.418742410928927042e-03,2.795318479628643971e+01,6.009282243841768817e-02,9.981617278598136078e-01,-7.875133477930534864e-03,1.684223561766845734e+00,7.878804668350806659e-03,7.414843440890143793e-03,9.999414705540240478e-01,4.331790270804849463e-01,0.000000000000000000e+00,0.000000000000000000e+00,0.000000000000000000e+00,1.000000000000000000e+00
9.982204428164956900e-01,-5.947684922770347937e-02,-4.295573207791477180e-03,2.896365941626668317e+01,5.942652359505572190e-02,9.981718330820460450e-01,-1.102179363953830794e-02,1.731661603632765001e+00,4.943261741477034295e-03,1.074690874490483346e-02,9.999300316101038533e-01,4.499032112901250047e-01,0.000000000000000000e+00,0.000000000000000000e+00,0.000000000000000000e+00,1.000000000000000000e+00
9.982332550309533925e-01,-5.940383757236882695e-02,-1.246046541101022498e-03,2.992157383571183615e+01,5.937595786337118015e-02,9.981043779343643507e-01,-1.619093499646194825e-02,1.779223158689414719e+00,2.205488180457515924e-03,1.608834453659254218e-02,9.998681418026865719e-01,4.579312851795996897e-01,0.000000000000000000e+00,0.000000000000000000e+00,0.000000000000000000e+00,1.000000000000000000e+00
9.982696501218264462e-01,-5.876484849980447012e-02,-2.097194897811186214e-03,3.085101858933364838e+01,5.870270620415373591e-02,9.980200036351475346e-01,-2.258461043288194359e-02,1.824564340649605265e+00,3.420223670052551651e-03,2.242242013903177067e-02,9.997427354800609844e-01,4.787788264464505894e-01,0.000000000000000000e+00,0.000000000000000000e+00,0.000000000000000000e+00,1.000000000000000000e+00
9.982854258010991355e-01,-5.831298593527894231e-02,-5.079793738828985820e-03,3.180011537023710488e+01,5.816648466457058353e-02,9.979851515262623263e-01,-2.534358685870899408e-02,1.862968176950763555e+00,6.547418948208844069e-03,2.500465965396471077e-02,9.996658933367214006e-01,4.927614599764002512e-01,0.000000000000000000e+00,0.000000000000000000e+00,0.000000000000000000e+00,1.000000000000000000e+00
9.982899613490475721e-01,-5.787979779786685264e-02,-8.190364863245584715e-03,3.278833176851133402e+01,5.764776202184686282e-02,9.979934823909055730e-01,-2.618672639220572668e-02,1.935468314102053000e+00,9.689613180491536346e-03,2.566978987342469903e-02,9.996235157719460807e-01,5.076096474263441793e-01,0.000000000000000000e+00,0.000000000000000000e+00,0.000000000000000000e+00,1.000000000000000000e+00
9.982166664500381481e-01,-5.891029267211517900e-02,-9.646980805281953411e-03,3.376163572234808186e+01,5.863508493462664395e-02,9.979228251172670427e-01,-2.668261465219275846e-02,1.999519572703431614e+00,1.119882297747698888e-02,2.606937911140247074e-02,9.995974058773186011e-01,5.239727021476408009e-01,0.000000000000000000e+00,0.000000000000000000e+00,0.000000000000000000e+00,1.000000000000000000e+00
9.982108231063828718e-01,-5.915871320255638999e-02,-8.683276195857719121e-03,3.473006390356743367e+01,5.889529715879419230e-02,9.978721290520631282e-01,-2.797423875061131118e-02,2.070244180142477131e+00,1.031971927201491904e-02,2.741278375715536231e-02,9.995709292895779141e-01,5.509702128958892109e-01,0.000000000000000000e+00,0.000000000000000000e+00,0.000000000000000000e+00,1.000000000000000000e+00
9.981786921349877773e-01,-5.967304878851194261e-02,-8.855835136589178605e-03,3.571430436506955175e+01,5.942817362216235716e-02,9.979009429122168706e-01,-2.572936677879397380e-02,2.135245353811554558e+00,1.037259599216599180e-02,2.515621957265154474e-02,9.996297183803593001e-01,5.620161044222071745e-01,0.000000000000000000e+00,0.000000000000000000e+00,0.000000000000000000e+00,1.000000000000000000e+00
9.982752771609302300e-01,-5.810866646132490515e-02,-8.357864042420688061e-03,3.670139220257004808e+01,5.788964781701869122e-02,9.980243834143120996e-01,-2.441554394436292602e-02,2.203862651077857393e+00,9.760106807132377590e-03,2.388960009217555580e-02,9.996669582028555601e-01,5.872746756411123537e-01,0.000000000000000000e+00,0.000000000000000000e+00,0.000000000000000000e+00,1.000000000000000000e+00
9.982234048146483296e-01,-5.920915858197248888e-02,-6.656547172836902414e-03,3.771252084598110343e+01,5.902976195089405104e-02,9.979551296235877889e-01,-2.451624893791790050e-02,2.268362905973019039e+00,8.094521867914282465e-03,2.407975909306449627e-02,9.996772698815105107e-01,6.054681241996303642e-01,0.000000000000000000e+00,0.000000000000000000e+00,0.000000000000000000e+00,1.000000000000000000e+00
9.983566271574512152e-01,-5.712704832639587532e-02,-4.532699009453408819e-03,3.870650134144769794e+01,5.700073978049034068e-02,9.980781191152957588e-01,-2.431015852985595610e-02,2.329815419514358332e+00,5.912755303028454333e-03,2.401184067878885109e-02,9.996941886556824919e-01,6.371947144440182065e-01,0.000000000000000000e+00,0.000000000000000000e+00,0.000000000000000000e+00,1.000000000000000000e+00
9.983851167305564100e-01,-5.672428775449601251e-02,-3.084456136347037136e-03,3.972095346885951983e+01,5.665158362792268448e-02,9.981934882517825569e-01,-2.000895010195560819e-02,2.393349193513619078e+00,4.213877473348546544e-03,1.980189865844199024e-02,9.997950430193983662e-01,6.557410338607351230e-01,0.000000000000000000e+00,0.000000000000000000e+00,0.000000000000000000e+00,1.000000000000000000e+00
9.982855935139781645e-01,-5.846961996851920279e-02,-2.679052664670747604e-03,4.073012786748880387e+01,5.839379341616640628e-02,9.980340333311354950e-01,-2.276473595831948749e-02,2.462840372218668250e+00,4.004831196594496254e-03,2.256926789948820664e-02,9.997372602206883174e-01,6.749988594316067569e-01,0.000000000000000000e+00,0.000000000000000000e+00,0.000000000000000000e+00,1.000000000000000000e+00
9.983417018386812058e-01,-5.733927983544910567e-02,-5.104248994379396998e-03,4.174557262393496160e+01,5.721556484883041915e-02,9.981246904869548464e-01,-2.175962727956833737e-02,2.526144774471084986e+00,6.342358305381532758e-03,2.143150084031698530e-02,9.997502014317667385e-01,7.107279391274761160e-01,0.000000000000000000e+00,0.000000000000000000e+00,0.000000000000000000e+00,1.000000000000000000e+00
9.983945929625327453e-01,-5.620922452394332830e-02,-6.982823325395444078e-03,4.277739106593803342e+01,5.607743548292410535e-02,9.982673986218524309e-01,-1.781914920564802232e-02,2.601982183622676637e+00,7.972325434604429426e-03,1.739896339359285615e-02,9.998168422766209318e-01,7.370205408445666961e-01,0.000000000000000000e+00,0.000000000000000000e+00,0.000000000000000000e+00,1.000000000000000000e+00
9.984149968152754573e-01,-5.579539541250383428e-02,-7.373464932731694545e-03,4.383690014302624860e+01,5.564306842986009582e-02,9.982610452364588660e-01,-1.946110220715492611e-02,2.668696577192107622e+00,8.446482703574488549e-03,1.901997408436116935e-02,9.997834253055855047e-01,7.627572028975683205e-01,0.000000000000000000e+00,0.000000000000000000e+00,0.000000000000000000e+00,1.000000000000000000e+00
9.983925948642556891e-01,-5.623979199829109987e-02,-7.022272866038873837e-03,4.484262702757043684e+01,5.607177000055833804e-02,9.981801823711913269e-01,-2.218738674147044052e-02,2.728184622480290589e+00,8.257307625408893265e-03,2.175797135304779334e-02,9.997291671014606473e-01,7.958688818537732468e-01,0.000000000000000000e+00,0.000000000000000000e+00,0.000000000000000000e+00,1.000000000000000000e+00
9.985075665498607256e-01,-5.431900224363785806e-02,-5.664409759975575116e-03,4.582449846374123581e+01,5.417761636180507684e-02,9.982737008463524742e-01,-2.268047803455116099e-02,2.788638307338680455e+00,6.886612231446579205e-03,2.233974471157528299e-02,9.997267178475306437e-01,8.166423204336524799e-01,0.000000000000000000e+00,0.000000000000000000e+00,0.000000000000000000e+00,1.000000000000000000e+00
9.983306909652979177e-01,-5.718711337353239721e-02,-8.091077848539756159e-03,4.673796013347756428e+01,5.701441465752917631e-02,9.981695877128407002e-01,-2.017004428435549210e-02,2.844929982861321260e+00,9.229734449468033827e-03,1.967506617971831809e-02,9.997638239968561491e-01,8.411685069476561027e-01,0.000000000000000000e+00,0.000000000000000000e+00,0.000000000000000000e+00,1.000000000000000000e+00
9.984203968766979242e-01,-5.472662194538446823e-02,-1.271644411860681917e-02,4.769223501095139284e+01,5.448388246725038853e-02,9.983393484224966086e-01,-1.870967510767190464e-02,2.902477975437534496e+00,1.371924385195957830e-02,1.798727999967669744e-02,9.997440873075191803e-01,8.571272920122503525e-01,0.000000000000000000e+00,0.000000000000000000e+00,0.000000000000000000e+00,1.000000000000000000e+00
9.985193146234072614e-01,-5.306502947533007358e-02,-1.197000295663195116e-02,4.865442615052691622e+01,5.281395121927617842e-02,9.983960183026971968e-01,-2.039797033833504192e-02,2.962035198538340630e+00,1.303322218821354080e-02,1.973558420969719757e-02,9.997202817965109567e-01,8.834311806778915033e-01,0.000000000000000000e+00,0.000000000000000000e+00,0.000000000000000000e+00,1.000000000000000000e+00
9.987218984470334071e-01,-4.838763869869628503e-02,-1.460157469306293775e-02,4.961886045202838602e+01,4.809089846327958828e-02,9.986420708509116118e-01,-2.003196973821605095e-02,3.028113628067119478e+00,1.555104650328069729e-02,1.930416400061693225e-02,9.996927098888390706e-01,9.041623293128524530e-01,0.000000000000000000e+00,0.000000000000000000e+00,0.000000000000000000e+00,1.000000000000000000e+00
9.988087072039174563e-01,-4.742140777002928909e-02,-1.150549863097457236e-02,5.062762907091786246e+01,4.714353423711280244e-02,9.986157080604278757e-01,-2.332712572520600353e-02,3.089789215440125858e+00,1.259577680307673482e-02,2.275692641975220198e-02,9.996616771221419340e-01,9.424735826825569873e-01,0.000000000000000000e+00,0.000000000000000000e+00,0.000000000000000000e+00,1.000000000000000000e+00
9.989194943291962447e-01,-4.533727488894703089e-02,-1.021642573244010976e-02,5.157927791453408162e+01,4.509503968713955702e-02,9.987222655548971817e-01,-2.280950855464036406e-02,3.140921075195147072e+00,1.123749281279949434e-02,2.232415262743403864e-02,9.996876266938334865e-01,9.673062637015319432e-01,0.000000000000000000e+00,0.000000000000000000e+00,0.000000000000000000e+00,1.000000000000000000e+00
9.989592510736948761e-01,-4.444183934952788267e-02,-1.026341120253327320e-02,5.253769761381019521e+01,4.415251897611723042e-02,9.986631683430192696e-01,-2.687808146318673014e-02,3.179470602674190349e+00,1.144420212793961604e-02,2.639695267088353753e-02,9.995860298780420150e-01,9.932600602084237229e-01,0.000000000000000000e+00,0.000000000000000000e+00,0.000000000000000000e+00,1.000000000000000000e+00
9.989175728748521665e-01,-4.502652160064264664e-02,-1.167454300434905834e-02,5.352188597288749605e+01,4.466114661112469825e-02,9.985556316848794856e-01,-2.986691168811951916e-02,3.234499222804071650e+00,1.300248380860970568e-02,2.931318445602909550e-02,9.994857040657727509e-01,1.034846200980316100e+00,0.000000000000000000e+00,0.000000000000000000e+00,0.000000000000000000e+00,1.000000000000000000e+00
9.989290068517781007e-01,-4.468868922799512644e-02,-1.199000939132922536e-02,5.448315338937055685e+01,4.432611878280737217e-02,9.985969963504074398e-01,-2.896953699305034394e-02,3.274041466709211701e+00,1.326779800015592987e-02,2.840704023693689517e-02,9.995083819564515304e-01,1.053740388366765979e+00,0.000000000000000000e+00,0.000000000000000000e+00,0.000000000000000000e+00,1.000000000000000000e+00
9.989010861050691137e-01,-4.627656838227092034e-02,-7.422896798077449620e-03,5.542525629656288544e+01,4.602062213963260123e-02,9.984413040685607976e-01,-3.157633081513221140e-02,3.317262985664912289e+00,8.872570991266518284e-03,3.120002481772302799e-02,9.994737795136889869e-01,1.086652318877651124e+00,0.000000000000000000e+00,0.000000000000000000e+00,0.000000000000000000e+00,1.000000000000000000e+00
9.987766759572611619e-01,-4.941298628089963590e-02,-1.873059147110515662e-03,5.636676824587951273e+01,4.932912129056891970e-02,9.982811067432029173e-01,-3.164600626081812834e-02,3.363339595199186682e+00,3.433563231584076288e-03,3.151489657865068350e-02,9.994973846574944920e-01,1.123616943967015835e+00,0.000000000000000000e+00,0.000000000000000000e+00,0.000000000000000000e+00,1.000000000000000000e+00
9.987824088668674216e-01,-4.930232140028587007e-02,-1.726511697268882624e-03,5.732379598047815961e+01,4.923266738074053711e-02,9.983755693367314388e-01,-2.867694220323509582e-02,3.424911004617581245e+00,3.137546920008700037e-03,2.855702463656279236e-02,9.995872408865728032e-01,1.135715416787262289e+00,0.000000000000000000e+00,0.000000000000000000e+00,0.000000000000000000e+00,1.000000000000000000e+00
9.987122542791351254e-01,-5.050369140578347960e-02,-4.817707658108975367e-03,5.822743657701501974e+01,5.034734570872720361e-02,9.983283042683005482e-01,-2.838558924627027080e-02,3.478400898677806552e+00,6.243230956445363668e-03,2.810647703219811694e-02,9.995854380772374315e-01,1.153700024276197222e+00,0.000000000000000000e+00,0.000000000000000000e+00,0.000000000000000000e+00,1.000000000000000000e+00
9.985062892085682096e-01,-5.359146702405779422e-02,-1.063696729080458592e-02,5.914455189676092317e+01,5.327148523842077654e-02,9.981767852928749019e-01,-2.837700059675000996e-02,3.536173773429461598e+00,1.213833890732325151e-02,2.776796651871687310e-02,9.995406949014064013e-01,1.174792838283211349e+00,0.000000000000000000e+00,0.000000000000000000e+00,0.000000000000000000e+00,1.000000000000000000e+00
9.984291121825195070e-01,-5.366888036667303435e-02,-1.609221012213416999e-02,6.008789987478570538e+01,5.322901181331188281e-02,9.982274832533845066e-01,-2.661886509574055287e-02,3.595281564328742796e+00,1.749229109652263026e-02,2.572047740215343062e-02,9.995161213279153412e-01,1.208418628988845001e+00,0.000000000000000000e+00,0.000000000000000000e+00,0.000000000000000000e+00,1.000000000000000000e+00
9.984044937959338784e-01,-5.416271851570819695e-02,-1.596454481260814115e-02,6.100074985046579457e+01,5.377901406282990793e-02,9.982749557879181390e-01,-2.355695848472880854e-02,3.663631248811020757e+00,1.721291417847531716e-02,2.266081573133386928e-02,9.995950195033361796e-01,1.225338924850223332e+00,0.000000000000000000e+00,0.000000000000000000e+00,0.000000000000000000e+00,1.000000000000000000e+00
9.983858183179971091e-01,-5.521155697199723461e-02,-1.332072664053511254e-02,6.192002851183229950e+01,5.492008985078437183e-02,9.982627822969362130e-01,-2.133544495792779119e-02,3.723057867387237874e+00,1.447554877321512862e-02,2.056943016952368641e-02,9.996836284696350994e-01,1.260678972575250745e+00,0.000000000000000000e+00,0.000000000000000000e+00,0.000000000000000000e+00,1.000000000000000000e+00
9.982416344601626745e-01,-5.796788438216476241e-02,-1.238400624030294890e-02,6.280457732530972947e+01,5.770031171203262449e-02,9.981136986707244141e-01,-2.096946718858778286e-02,3.785884254910648838e+00,1.357620192241383410e-02,2.021803417978560585e-02,9.997034149362834521e-01,1.297053159137466993e+00,0.000000000000000000e+00,0.000000000000000000e+00,0.000000000000000000e+00,1.000000000000000000e+00
9.983089659660450144e-01,-5.628589853436219426e-02,-1.452949063064359718e-02,6.363195866848818127e+01,5.598120041733754132e-02,9.982195136807143765e-01,-2.058901908455059923e-02,3.848165079915294662e+00,1.566249251046468449e-02,1.974082402559725058e-02,9.996824426762481730e-01,1.326708378249239928e+00,0.000000000000000000e+00,0.000000000000000000e+00,0.000000000000000000e+00,1.000000000000000000e+00
9.982805007323087843e-01,-5.719989754004659033e-02,-1.281458462299423819e-02,6.445268960031660299e+01,5.696109101245327294e-02,9.982089582283363294e-01,-1.828414130777469490e-02,3.895627472407828584e+00,1.383748417606044806e-02,1.752276901918876223e-02,9.997507072253453142e-01,1.352976935836796235e+00,0.000000000000000000e+00,0.000000000000000000e+00,0.000000000000000000e+00,1.000000000000000000e+00
9.981571274480659506e-01,-5.900559581666976056e-02,-1.416645992994940151e-02,6.526282809094740855e+01,5.873996289111083069e-02,9.981021198249211412e-01,-1.848716204674092159e-02,3.946481893683810416e+00,1.523041969802464875e-02,1.762095523265847299e-02,9.997287313329107361e-01,1.383072929656769645e+00,0.000000000000000000e+00,0.000000000000000000e+00,0.000000000000000000e+00,1.000000000000000000e+00
9.981230574688401136e-01,-5.991178871402796230e-02,-1.268620203776316471e-02,6.606894696824403468e+01,5.967195818940996405e-02,9.980464551372787430e-01,-1.850758746423295312e-02,3.989017416527447235e+00,1.377024164270843933e-02,1.771583926859269034e-02,9.997482330487569291e-01,1.415826812749165331e+00,0.000000000000000000e+00,0.000000000000000000e+00,0.000000000000000000e+00,1.000000000000000000e+00
9.980201218347307668e-01,-6.151392312675796337e-02,-1.311006005125643636e-02,6.681976382361560240e+01,6.127497485028191027e-02,9.979602376154670385e-01,-1.790926005089865658e-02,4.042657624001466665e+00,1.418498748993309369e-02,1.707048329804176576e-02,9.997536620237420513e-01,1.439261000211251806e+00,0.000000000000000000e+00,0.000000000000000000e+00,0.000000000000000000e+00,1.000000000000000000e+00
9.979377380610331416e-01,-6.315512017556057511e-02,-1.147613825481145697e-02,6.760816265681523873e+01,6.295045146852559781e-02,9.978650088433150822e-01,-1.739726375130990280e-02,4.097468036283125947e+00,1.255036308406452632e-02,1.663895795217824880e-02,9.997827931429531523e-01,1.459082818098356382e+00,0.000000000000000000e+00,0.000000000000000000e+00,0.000000000000000000e+00,1.000000000000000000e+00
9.978218647557821619e-01,-6.548328938997224902e-02,-7.966493957015593347e-03,6.835983217372779563e+01,6.535537695634861810e-02,9.977435556565726893e-01,-1.537764119319389063e-02,4.156944305177616705e+00,8.955496535178493825e-03,1.482349339535726090e-02,9.998500203157308919e-01,1.483434187988556863e+00,0.000000000000000000e+00,0.000000000000000000e+00,0.000000000000000000e+00,1.000000000000000000e+00
9.979303681486805244e-01,-6.389832022198770056e-02,-7.210062375050341199e-03,6.905468517825249819e+01,6.380544641981143739e-02,9.978846974072628218e-01,-1.244972640572876953e-02,4.205839383723207980e+00,7.990327515964072008e-03,1.196391880686491563e-02,9.998965043008060105e-01,1.508956163967644093e+00,0.000000000000000000e+00,0.000000000000000000e+00,0.000000000000000000e+00,1.000000000000000000e+00
9.979987448205690503e-01,-6.259643430239587858e-02,-8.954984600772765771e-03,6.971802453141562239e+01,6.250376154350997804e-02,9.979917902964564602e-01,-1.027941115921981140e-02,4.254421768277420135e+00,9.580455599097908309e-03,9.699119212283767791e-03,9.999070666602076773e-01,1.541155598465073107e+00,0.000000000000000000e+00,0.000000000000000000e+00,0.000000000000000000e+00,1.000000000000000000e+00
9.977356210217638299e-01,-6.580286876926383366e-02,-1.391448906915246191e-02,7.040540873962031299e+01,6.567309713535271487e-02,9.977951389059848131e-01,-9.586714151958282415e-03,4.314651664882825699e+00,1.451464284683062420e-02,8.651198605735436337e-03,9.998572307613295962e-01,1.564303040857993210e+00,0.000000000000000000e+00,0.000000000000000000e+00,0.000000000000000000e+00,1.000000000000000000e+00
9.977194236825223106e-01,-6.513011692850827206e-02,-1.772059467118202933e-02,7.114604033266000727e+01,6.495476266642094543e-02,9.978350716403063814e-01,-1.029799065491806762e-02,4.369402438687487233e+00,1.835294018871133290e-02,9.123468280138845310e-03,9.997899438947025486e-01,1.591882875468567882e+00,0.000000000000000000e+00,0.000000000000000000e+00,0.000000000000000000e+00,1.000000000000000000e+00
9.975876798262394152e-01,-6.713250147899940679e-02,-1.766488901971791092e-02,7.185610445008833835e+01,6.695527387970921784e-02,9.977013512389766303e-01,-1.044054766804815813e-02,4.420334845576557647e+00,1.832518372622600825e-02,9.232604241913957774e-03,9.997894511647510418e-01,1.613888929943525952e+00,0.000000000000000000e+00,0.000000000000000000e+00,0.000000000000000000e+00,1.000000000000000000e+00
9.975792571583952384e-01,-6.778077231145361592e-02,-1.553681409343511330e-02,7.253607937957443141e+01,6.764641938258744713e-02,9.976686164868114881e-01,-9.016297577265025218e-03,4.471461708161950099e+00,1.611172343438720123e-02,7.943461597413690317e-03,9.998386438750135330e-01,1.632264891071079527e+00,0.000000000000000000e+00,0.000000000000000000e+00,0.000000000000000000e+00,1.000000000000000000e+00
9.975190417457153735e-01,-6.875137746898746238e-02,-1.513305821151104263e-02,7.317200754061165924e+01,6.861362220857315786e-02,9.975986272133492427e-01,-9.441918738009334733e-03,4.518986978691187595e+00,1.574586301653158743e-02,8.380159792795440279e-03,9.998409077046777060e-01,1.652085254854912755e+00,0.000000000000000000e+00,0.000000000000000000e+00,0.000000000000000000e+00,1.000000000000000000e+00
9.974255804944350823e-01,-6.968700605350799937e-02,-1.690954058046610989e-02,7.375537829937731260e+01,6.951890672158103635e-02,9.975271083148752327e-01,-1.033391432099596725e-02,4.555669836149189855e+00,1.758786466800914966e-02,9.131777716081318150e-03,9.998036195434409912e-01,1.678500394817848296e+00,0.000000000000000000e+00,0.000000000000000000e+00,0.000000000000000000e+00,1.000000000000000000e+00
9.973968314866088480e-01,-6.917762737862750977e-02,-2.034739321738528867e-02,7.439752511047363726e+01,6.883104549486554480e-02,9.974788765553569414e-01,-1.726783141975943292e-02,4.586042771743579216e+00,2.149064253490073559e-02,1.582234799646556681e-02,9.996438393684611290e-01,1.711437120916945220e+00,0.000000000000000000e+00,0.000000000000000000e+00,0.000000000000000000e+00,1.000000000000000000e+00
9.973613875517614025e-01,-6.823968941756081152e-02,-2.477110027885912752e-02,7.502402105343509220e+01,6.774769044496710413e-02,9.974982497580238139e-01,-2.018643527335185414e-02,4.608760401663328565e+00,2.608664524624380865e-02,1.845498626028119551e-02,9.994893198138392609e-01,1.733166334515810147e+00,0.000000000000000000e+00,0.000000000000000000e+00,0.000000000000000000e+00,1.000000000000000000e+00
9.977004688297808066e-01,-6.309525686864948801e-02,-2.475405133548942010e-02,7.561230307716924415e+01,6.259960729990363126e-02,9.978320019995732260e-01,-2.031218726316040904e-02,4.649059787848337955e+00,2.598198727462495278e-02,1.871588486273075697e-02,9.994871945107990374e-01,1.763073463504588823e+00,0.000000000000000000e+00,0.000000000000000000e+00,0.000000000000000000e+00,1.000000000000000000e+00
9.980108344540026266e-01,-5.831354177123621030e-02,-2.395631771632517407e-02,7.618382192420638432e+01,5.794037641766675711e-02,9.981920302081801477e-01,-1.598698249960083667e-02,4.701597330106181971e+00,2.484526298935743963e-02,1.456714367876363672e-02,9.995851695738755538e-01,1.774688927093607926e+00,0.000000000000000000e+00,0.000000000000000000e+00,0.000000000000000000e+00,1.000000000000000000e+00
9.984825095622101854e-01,-5.121405726348285392e-02,-2.024347887514826166e-02,7.672266559997396485e+01,5.084648158580667987e-02,9.985392846705112291e-01,-1.827381405290379179e-02,4.720847877763204359e+00,2.114978507456091034e-02,1.721677403895912825e-02,9.996280654738505245e-01,1.802278075628035214e+00,0.000000000000000000e+00,0.000000000000000000e+00,0.000000000000000000e+00,1.000000000000000000e+00
9.988893930944924282e-01,-4.384219139357002637e-02,-1.725811742717525341e-02,7.728912709119060764e+01,4.344612326755446091e-02,9.987980294585530050e-01,-2.269208502373018521e-02,4.727714949131819111e+00,1.823224441315659042e-02,2.191708474029590778e-02,9.995935307214361965e-01,1.822509134606283165e+00,0.000000000000000000e+00,0.000000000000000000e+00,0.000000000000000000e+00,1.000000000000000000e+00
9.992595422933940874e-01,-3.559754385704876761e-02,-1.460075364308918537e-02,7.784378423701909355e+01,3.522281211949129104e-02,9.990625734344441566e-01,-2.516600621735826451e-02,4.732808885643304819e+00,1.548291451877628795e-02,2.463309225173705361e-02,9.995766554517580005e-01,1.855339310585954804e+00,0.000000000000000000e+00,0.000000000000000000e+00,0.000000000000000000e+00,1.000000000000000000e+00
9.996077027284177019e-01,-2.375880416034102313e-02,-1.483104416045115739e-02,7.833049888972284691e+01,2.344099148830169205e-02,9.994994170739766037e-01,-2.124700418455745948e-02,4.747151324884036683e+00,1.532842340438425946e-02,2.089101466285931546e-02,9.996642461058077300e-01,1.880105706712570379e+00,0.000000000000000000e+00,0.000000000000000000e+00,0.000000000000000000e+00,1.000000000000000000e+00
9.998490394112792279e-01,-9.436194073749355760e-03,-1.458960690860946693e-02,7.883461947255509017e+01,9.150898851784019378e-03,9.997679919244133462e-01,-1.949931726042714378e-02,4.757152785727994271e+00,1.477022134396210364e-02,1.936286561490639657e-02,9.997034160172855177e-01,1.887871083822281637e+00,0.000000000000000000e+00,0.000000000000000000e+00,0.000000000000000000e+00,1.000000000000000000e+00
9.998628953128754215e-01,9.443772585963967903e-03,-1.360168136301910177e-02,7.932760368661983819e+01,-9.613205987683460726e-03,9.998763370463447098e-01,-1.244575772761784445e-02,4.748582593320522349e+00,1.348246443328749919e-02,1.257480712062059025e-02,9.998300342451635903e-01,1.902680158524050036e+00,0.000000000000000000e+00,0.000000000000000000e+00,0.000000000000000000e+00,1.000000000000000000e+00
9.994128003568345520e-01,3.161294061785069331e-02,-1.321652255339626422e-02,7.981820498113226847e+01,-3.180247390306827071e-02,9.993906487384337511e-01,-1.438519613382156954e-02,4.719269498176599242e+00,1.275371069755023949e-02,1.479706726537910293e-02,9.998091766251135937e-01,1.922174575858926371e+00,0.000000000000000000e+00,0.000000000000000000e+00,0.000000000000000000e+00,1.000000000000000000e+00
9.983350292838659712e-01,5.622121866489338676e-02,-1.289743682360103803e-02,8.030496229719635437e+01,-5.644100628827007637e-02,9.982549676115300974e-01,-1.736181004568427763e-02,4.699832579935523391e+00,1.189882825961887346e-02,1.806084745324309723e-02,9.997660844794242774e-01,1.941028344088359781e+00,0.000000000000000000e+00,0.000000000000000000e+00,0.000000000000000000e+00,1.000000000000000000e+00
9.963493298784467100e-01,8.464051889414006546e-02,-1.113532272113398024e-02,8.077405820756641219e+01,-8.483432280405427128e-02,9.962276313617581813e-01,-1.826592964265269167e-02,4.650541661302051821e+00,9.547278415886106123e-03,1.914390432131638994e-02,9.997711540158507049e-01,1.957698246138933396e+00,0.000000000000000000e+00,0.000000000000000000e+00,0.000000000000000000e+00,1.000000000000000000e+00
9.930303742675281597e-01,1.174790146165549526e-01,-9.452878229334993332e-03,8.123944669159823206e+01,-1.176414634285942867e-01,9.928742471602421960e-01,-1.900566779550907914e-02,4.587039269750874837e+00,7.152752230702407767e-03,1.998525583269058700e-02,9.997746884597690231e-01,1.973078617491368369e+00,0.000000000000000000e+00,0.000000000000000000e+00,0.000000000000000000e+00,1.000000000000000000e+00
