1.000000000000000000e+00,0.000000000000000000e+00,0.000000000000000000e+00,0.000000000000000000e+00,0.000000000000000000e+00,1.000000000000000000e+00,0.000000000000000000e+00,0.000000000000000000e+00,0.000000000000000000e+00,0.000000000000000000e+00,1.000000000000000000e+00,0.000000000000000000e+00,0.000000000000000000e+00,0.000000000000000000e+00,0.000000000000000000e+00,1.000000000000000000e+00
9.999939817041220147e-01,-2.300314297706212464e-03,-2.597134895928684181e-03,6.655723630592010887e-01,2.290806135216833656e-03,9.999906852922719747e-01,-3.658078176080507751e-03,1.121656842916940455e-02,2.605525433906764280e-03,3.652106628130134293e-03,9.999899366265591061e-01,4.523266161156280774e-03,0.000000000000000000e+00,0.000000000000000000e+00,0.000000000000000000e+00,1.000000000000000000e+00
9.999502327866612861e-01,-9.707742364632976698e-03,-2.300366945261001720e-03,1.370697108593040614e+00,9.706719047074473597e-03,9.999527849033990057e-01,-4.555977144276300876e-04,3.537121397754298957e-04,2.304681158447041776e-03,4.332460249561843413e-04,9.999972503675393920e-01,1.339946839368547603e-02,0.000000000000000000e+00,0.000000000000000000e+00,0.000000000000000000e+00,1.000000000000000000e+00
9.998752600009646052e-01,-1.557335531999520621e-02,-2.633446806043671269e-03,2.097024225632642569e+00,1.557632074757048755e-02,9.998780663791798640e-01,1.109326733329855496e-03,1.221123939909632243e-02,2.615849760955259260e-03,-1.150207768036788560e-03,9.999959171677241798e-01,3.064576019120775208e-02,0.000000000000000000e+00,0.000000000000000000e+00,0.000000000000000000e+00,1.000000000000000000e+00
9.996498571210268302e-01,-2.646039313608638047e-02,-1.036966436333972892e-04,2.844778393880238010e+00,2.646059483176136512e-02,9.996434412912504897e-01,3.581508695502174256e-03,2.461554188768587392e-02,8.891541588744158255e-06,-3.582998530609031104e-03,9.999935810006329584e-01,2.264639771490253167e-02,0.000000000000000000e+00,0.000000000000000000e+00,0.000000000000000000e+00,1.000000000000000000e+00
9.994286126641495072e-01,-3.370841391341468374e-02,-2.488175969419874258e-03,3.615181519456694303e+00,3.371260276666538519e-02,9.994301880736028432e-01,1.661198922363745726e-03,4.860717970290504009e-02,2.430761796209971685e-03,-1.744132622407775076e-03,9.999955246892280325e-01,3.648166967713876996e-02,0.000000000000000000e+00,0.000000000000000000e+00,0.000000000000000000e+00,1.000000000000000000e+00
9.991459655355510172e-01,-4.123068964591071472e-02,-2.714734858644263660e-03,4.398772626275333941e+00,4.124436300578269987e-02,9.991356113078017076e-01,5.189675985266441714e-03,8.875624582817011332e-02,2.498414352618780546e-03,-5.297211333090061196e-03,9.999828485918217380e-01,5.744085644548820729e-02,0.000000000000000000e+00,0.000000000000000000e+00,0.000000000000000000e+00,1.000000000000000000e+00
9.988881500771105149e-01,-4.709492865536369505e-02,-2.128692197656163309e-03,5.194355421135020023e+00,4.711029764257119307e-02,9.988587506508987968e-01,7.862321804298938455e-03,1.734658127892400592e-01,1.755987344632183337e-03,-7.953863405428108005e-03,9.999668257324201281e-01,7.059134610000093735e-02,0.000000000000000000e+00,0.000000000000000000e+00,0.000000000000000000e+00,1.000000000000000000e+00
9.986413667520774862e-01,-5.209336524254255113e-02,-1.304572438687628911e-03,5.967165717374817824e+00,5.210216007767635299e-02,9.986097602318938504e-01,7.994478397018067034e-03,2.115817701073335888e-01,8.862994871435122754e-04,-8.051587874901513023e-03,9.999671926647948350e-01,7.343474720966866598e-02,0.000000000000000000e+00,0.000000000000000000e+00,0.000000000000000000e+00,1.000000000000000000e+00
9.984360088754241636e-01,-5.590202443748643751e-02,7.069969611212323975e-04,6.759005750015650626e+00,5.589416083575297206e-02,9.984015364838479956e-01,8.379423080352306832e-03,2.815877782724253153e-01,-1.174293566082743479e-03,-8.326800735170341791e-03,9.999646420869773289e-01,7.180358309185071175e-02,0.000000000000000000e+00,0.000000000000000000e+00,0.000000000000000000e+00,1.000000000000000000e+00
9.983567053017264881e-01,-5.725273517132662554e-02,2.452201965952776740e-03,7.539740269097568337e+00,5.723090787737582230e-02,9.983272942679807249e-01,8.199798967342216208e-03,3.266659336566050120e-01,-2.917561072403620798e-03,-8.045982536362331419e-03,9.999633743304864320e-01,7.908934879152142161e-02,0.000000000000000000e+00,0.000000000000000000e+00,0.000000000000000000e+00,1.000000000000000000e+00
9.981836092536232607e-01,-6.018545139939491390e-02,2.682099412752784930e-03,8.346753572486052875e+00,6.015797308898238049e-02,9.981449859379900591e-01,9.359771400863088620e-03,3.633566400504931737e-01,-3.240446147382512569e-03,-9.181420734408243453e-03,9.999525993876224872e-01,9.481668062265145858e-02,0.000000000000000000e+00,0.000000000000000000e+00,0.000000000000000000e+00,1.000000000000000000e+00
9.981101458250691838e-01,-6.139257580794379998e-02,2.662411824385024165e-03,9.177171326580374711e+00,6.136168384847798252e-02,9.980609302523325566e-01,1.044620788273039128e-02,4.338644824354279672e-01,-3.298568831506592733e-03,-1.026309600050887526e-02,9.999418924638310280e-01,1.095823479707567633e-01,0.000000000000000000e+00,0.000000000000000000e+00,0.000000000000000000e+00,1.000000000000000000e+00
9.980420151987000610e-01,-6.253611678036705146e-02,1.170468345352899736e-03,9.932963067462912576e+00,6.252052860702571324e-02,9.979889172243544548e-01,1.045488402898238703e-02,5.052012013648864430e-01,-1.821922285185759247e-03,-1.036123522528528684e-02,9.999446611707034638e-01,1.264582252642434956e-01,0.000000000000000000e+00,0.000000000000000000e+00,0.000000000000000000e+00,1.000000000000000000e+00
9.977643429044871226e-01,-6.680672848029943489e-02,1.782430400809585820e-03,1.071483130559242269e+01,6.678493794599543731e-02,9.977140831924091735e-01,1.031408081607076803e-02,5.776705235682244588e-01,-2.467405909801121365e-03,-1.017198256439975738e-02,9.999452198389596758e-01,1.389460406296696982e-01,0.000000000000000000e+00,0.000000000000000000e+00,0.000000000000000000e+00,1.000000000000000000e+00
9.973167482702931519e-01,-7.313403153596360895e-02,3.273690709641196607e-03,1.151975948303834585e+01,7.308383438178245317e-02,9.972349120929902000e-01,1.346414701877579612e-02,6.379557457946660737e-01,-4.249326019724681408e-03,-1.318876545335829868e-02,9.999039952386401531e-01,1.569230547829262856e-01,0.000000000000000000e+00,0.000000000000000000e+00,0.000000000000000000e+00,1.000000000000000000e+00
9.971837731723894871e-01,-7.499244389887922690e-02,-8.098640296468928882e-04,1.238250444455998434e+01,7.499679062868784551e-02,9.971162713866836835e-01,1.160270362088639332e-02,7.185227931498264775e-01,-6.258649879294066675e-05,-1.163076497874582574e-02,9.999323584067770776e-01,1.476147908382140495e-01,0.000000000000000000e+00,0.000000000000000000e+00,0.000000000000000000e+00,1.000000000000000000e+00
9.970258187679605921e-01,-7.702658406455963058e-02,-2.534177858775078698e-03,1.325282890099578381e+01,7.705562232880572293e-02,9.969187188906581953e-01,1.467988395491709626e-02,8.107467667149493851e-01,1.395628028899721478e-03,-1.483149597156993744e-02,9.998890333180228129e-01,1.649631907314026147e-01,0.000000000000000000e+00,0.000000000000000000e+00,0.000000000000000000e+00,1.000000000000000000e+00
9.975614584886067782e-01,-6.978510203154028591e-02,-1.084468776976637650e-03,1.412422683900903309e+01,6.979336947063488616e-02,9.974718713537229497e-01,1.336979566177216860e-02,8.752646145858925530e-01,1.487145459979526466e-04,-1.341288159008328928e-02,9.999100321986141848e-01,1.650004132403516954e-01,0.000000000000000000e+00,0.000000000000000000e+00,0.000000000000000000e+00,1.000000000000000000e+00
9.968019082445287449e-01,-7.991077978664659631e-02,-4.722223552278357055e-04,1.501253175585244648e+01,7.991022537122963176e-02,9.967189068399510132e-01,1.287542732857590612e-02,9.783435858401564600e-01,-5.582124882247302715e-04,-1.287198592542011279e-02,9.999169967438064077e-01,1.641099593481508689e-01,0.000000000000000000e+00,0.000000000000000000e+00,0.000000000000000000e+00,1.000000000000000000e+00
9.959589842821401362e-01,-8.980161112166865078e-02,1.171438276976228101e-03,1.597502562634221590e+01,8.979065733178874520e-02,9.959334813333324821e-01,7.357894752919344299e-03,1.108919447925658552e+00,-1.827425404631892588e-03,-7.222977171659436015e-03,9.999722441733910339e-01,1.692813602785718519e-01,0.000000000000000000e+00,0.000000000000000000e+00,0.000000000000000000e+00,1.000000000000000000e+00
9.961191648707853341e-01,-8.789612136532513886e-02,4.569598019221019977e-03,1.690414232444548759e+01,8.785268796022634163e-02,9.960931175802204551e-01,8.966957537507746004e-03,1.211261845107952428e+00,-5.339905925048778722e-03,-8.530706784808021401e-03,9.999493549407705295e-01,1.715868963541542780e-01,0.000000000000000000e+00,0.000000000000000000e+00,0.000000000000000000e+00,1.000000000000000000e+00
9.959236223489758011e-01,-9.013929517790868207e-02,3.323539095659697531e-03,1.779307701339186920e+01,9.010702417039415102e-02,9.958928850573087743e-01,8.836610627683361835e-03,1.279206495216531625e+00,-4.106414792318299582e-03,-8.501115047986304227e-03,9.999554332071476370e-01,1.884596435817035287e-01,0.000000000000000000e+00,0.000000000000000000e+00,0.000000000000000000e+00,1.000000000000000000e+00
9.957334517288934927e-01,-9.226990344481542095e-02,1.076116324261737044e-03,1.871499961286277625e+01,9.226336467903663296e-02,9.957218185884118000e-01,5.052872953849420375e-03,1.378398876342651569e+00,-1.537740602977180670e-03,-4.932028514621904745e-03,9.999866551352417643e-01,1.931911481827921773e-01,0.000000000000000000e+00,0.000000000000000000e+00,0.000000000000000000e+00,1.000000000000000000e+00
9.956900820459554380e-01,-9.272024635271468307e-02,2.053395141225678681e-03,1.963409275107125751e+01,9.271251276556220777e-02,9.956864602832488087e-01,3.586472544038073543e-03,1.460833998050462101e+00,-2.377076357550276381e-03,-3.380639718385483865e-03,9.999914603550797976e-01,1.946134990296166378e-01,0.000000000000000000e+00,0.000000000000000000e+00,0.000000000000000000e+00,1.000000000000000000e+00
9.954283542081078240e-01,-9.541539527323200653e-02,4.277146640686896664e-03,2.056494366263268248e+01,9.539667339483179354e-02,9.954296723491431464e-01,4.386583189177035470e-03,1.559376435054615095e+00,-4.676146248022447147e-03,-3.958503723456329934e-03,9.999812317761461733e-01,2.008991864509344361e-01,0.000000000000000000e+00,0.000000000000000000e+00,0.000000000000000000e+00,1.000000000000000000e+00
9.954634831157056496e-01,-9.490489394913938226e-02,6.746472237043089036e-03,2.148338672816622008e+01,9.487201952750837219e-02,9.954767336686526358e-01,5.037125684442968383e-03,1.654114065166143011e+00,-7.194004025208465894e-03,-4.374223232912931997e-03,9.999645556104447275e-01,1.989190379999380420e-01,0.000000000000000000e+00,0.000000000000000000e+00,0.000000000000000000e+00,1.000000000000000000e+00
9.955417338948221451e-01,-9.383309690271728065e-02,9.591975778287228915e-03,2.243491323031649287e+01,9.379107721551656340e-02,9.955806105463446132e-01,4.741491212503714733e-03,1.769868739791054191e+00,-9.994493906099223557e-03,-3.820710642072596211e-03,9.999427544923512601e-01,2.078615766593345515e-01,0.000000000000000000e+00,0.000000000000000000e+00,0.000000000000000000e+00,1.000000000000000000e+00
9.958925790708491599e-01,-8.967473287155772188e-02,1.250652773641893097e-02,2.342203522421753803e+01,8.963898926286315016e-02,9.959685501102631955e-01,3.390987347372778366e-03,1.868739163047186347e+00,-1.276019418110148004e-02,-2.255986629491425755e-03,9.999160404597919882e-01,2.120269386137346446e-01,0.000000000000000000e+00,0.000000000000000000e+00,0.000000000000000000e+00,1.000000000000000000e+00
9.962521007309869114e-01,-8.526597799871087069e-02,1.454182880566194484e-02,2.434769408658156209e+01,8.526587807190087742e-02,9.963580358772375911e-01,6.279964003196528838e-04,1.936949497081910110e+00,-1.454241471412533356e-02,6.142790688158014916e-04,9.998940648066217962e-01,2.136219532676773003e-01,0.000000000000000000e+00,0.000000000000000000e+00,0.000000000000000000e+00,1.000000000000000000e+00
9.963802980350108252e-01,-8.416563678102947921e-02,1.193512768686211430e-02,2.528707416803153762e+01,8.419382495052946114e-02,9.964476259683612280e-01,-1.878441432034065649e-03,2.018329578495863252e+00,-1.173462942992002656e-02,2.876506085121027442e-03,9.999270094286309973e-01,2.144128303277404446e-01,0.000000000000000000e+00,0.000000000000000000e+00,0.000000000000000000e+00,1.000000000000000000e+00
9.966043516735162422e-01,-8.207211363420721661e-02,6.628302121855111050e-03,2.621363168651191344e+01,8.207984856501981952e-02,9.966253473648866157e-01,-9.030223471187463595e-04,2.092366329470149111e+00,-6.531820951946314992e-03,1.444006035201785129e-03,9.999776248304872439e-01,2.064156015049730675e-01,0.000000000000000000e+00,0.000000000000000000e+00,0.000000000000000000e+00,1.000000000000000000e+00
9.967597261174925283e-01,-8.037773302394177199e-02,3.077080451865919514e-03,2.717301018293188264e+01,8.036720297470129060e-02,9.967595079060549423e-01,3.405302467886472430e-03,2.150049078178261297e+00,-3.340819689618757578e-03,-3.146972005993398103e-03,9.999894676900331625e-01,2.110811119283292348e-01,0.000000000000000000e+00,0.000000000000000000e+00,0.000000000000000000e+00,1.000000000000000000e+00
9.964983326485987725e-01,-8.347035654940711258e-02,4.875715954782342682e-03,2.815134552678932423e+01,8.346367626345213564e-02,9.965096018753523133e-01,1.558240935612318322e-03,2.237714497951087456e+00,-4.988764691442897428e-03,-1.145839316200211906e-03,9.999868995537470884e-01,2.323861263040339908e-01,0.000000000000000000e+00,0.000000000000000000e+00,0.000000000000000000e+00,1.000000000000000000e+00
9.966480991991851779e-01,-8.142911582946851801e-02,7.865459800711387811e-03,2.917698433549855963e+01,8.143649408107229981e-02,9.966783386491195884e-01,-6.218516003888000703e-04,2.307990782191909673e+00,-7.788696580887668162e-03,1.260302686016731956e-03,9.999688734369243104e-01,2.391448556567970229e-01,0.000000000000000000e+00,0.000000000000000000e+00,0.000000000000000000e+00,1.000000000000000000e+00
9.967675159120921169e-01,-7.971268954935957496e-02,1.002029676401496212e-02,3.014500938039067535e+01,7.975807280651112108e-02,9.968053449654786791e-01,-4.213557931526043521e-03,2.369898322039939664e+00,-9.652411337216445369e-03,4.999137231405800623e-03,9.999409180458209701e-01,2.391551567059100880e-01,0.000000000000000000e+00,0.000000000000000000e+00,0.000000000000000000e+00,1.000000000000000000e+00
9.968040593985428854e-01,-7.870293085056107030e-02,1.369364239756686030e-02,3.105176983633887389e+01,7.887314112817729594e-02,9.968079371425658808e-01,-1.236786392855467216e-02,2.437736767972909835e+00,-1.267654429074844581e-02,1.340839755945390926e-02,9.998297455565786640e-01,2.428996711855089530e-01,0.000000000000000000e+00,0.000000000000000000e+00,0.000000000000000000e+00,1.000000000000000000e+00
9.968484541257379705e-01,-7.858383885199496377e-02,1.085079621062488148e-02,3.197859232686683129e+01,7.873675410039340794e-02,9.967904463350412136e-01,-1.446822894900997095e-02,2.516308617517174717e+00,-9.679001025676602782e-03,1.527698813478705307e-02,9.998364519123490446e-01,2.463605834478961032e-01,0.000000000000000000e+00,0.000000000000000000e+00,0.000000000000000000e+00,1.000000000000000000e+00
9.969181361293244503e-01,-7.817402161490219492e-02,6.561417604602241480e-03,3.296226937055018880e+01,7.826509800298815656e-02,9.968195422001134842e-01,-1.501248555496024692e-02,2.569562187915026108e+00,-5.366962922536504949e-03,1.547974910998173650e-02,9.998657775304047313e-01,2.514203740636115070e-01,0.000000000000000000e+00,0.000000000000000000e+00,0.000000000000000000e+00,1.000000000000000000e+00
9.967960868150756992e-01,-7.963491918240366008e-02,7.472680707721783729e-03,3.390472525649445856e+01,7.975616767040345778e-02,9.966582680676665529e-01,-1.764229040934867099e-02,2.638009813449088359e+00,-6.042766641039687241e-03,1.818175841796643155e-02,9.998164374684751499e-01,2.564804502096421079e-01,0.000000000000000000e+00,0.000000000000000000e+00,0.000000000000000000e+00,1.000000000000000000e+00
9.969702793666647134e-01,-7.737884116038115656e-02,7.923193814814792277e-03,3.487253375829848068e+01,7.752493244549728268e-02,9.967861445892750583e-01,-2.018085241430946433e-02,2.726439806121979448e+00,-6.336158842054889079e-03,2.073395513459773756e-02,9.997649504736626502e-01,2.649011411605609045e-01,0.000000000000000000e+00,0.000000000000000000e+00,0.000000000000000000e+00,1.000000000000000000e+00
9.969672806517566599e-01,-7.731891283790696956e-02,8.833290859052999461e-03,3.582927767208577308e+01,7.746423878764001347e-02,9.968414734640334007e-01,-1.750338513270879859e-02,2.826122041726146783e+00,-7.452047966030553132e-03,1.813456643034353638e-02,9.998077837672076917e-01,2.586447531795688648e-01,0.000000000000000000e+00,0.000000000000000000e+00,0.000000000000000000e+00,1.000000000000000000e+00
9.968815826631508559e-01,-7.851788873397398671e-02,7.877264484891653012e-03,3.677457579968373125e+01,7.865427096836377641e-02,9.967241231694906611e-01,-1.882891261976329944e-02,2.911798595392835587e+00,-6.373053070617516226e-03,1.938977670750008375e-02,9.997916886800930492e-01,2.768460176799671379e-01,0.000000000000000000e+00,0.000000000000000000e+00,0.000000000000000000e+00,1.000000000000000000e+00
9.967817267072797138e-01,-7.948186970381546090e-02,1.043176355342142342e-02,3.774849931484211396e+01,7.964891244458649489e-02,9.966828300056084222e-01,-1.671487715791906969e-02,2.988396529295896276e+00,-9.068629931992436277e-03,1.749196273707985180e-02,9.998058767534632185e-01,2.789522010421121578e-01,0.000000000000000000e+00,0.000000000000000000e+00,0.000000000000000000e+00,1.000000000000000000e+00
9.966403150004665701e-01,-8.069522953298180479e-02,1.401293853499019013e-02,3.873783217369294363e+01,8.094445985094017582e-02,9.965517796082481450e-01,-1.823581583237322487e-02,3.057966137557203812e+00,-1.249307549027095510e-02,1.930881897610628797e-02,9.997355113101377144e-01,2.957521797290460497e-01,0.000000000000000000e+00,0.000000000000000000e+00,0.000000000000000000e+00,1.000000000000000000e+00
9.965611251405414039e-01,-8.138058373708659254e-02,1.559244846790531006e-02,3.974489925424393277e+01,8.162608991525605040e-02,9.965375539733007937e-01,-1.581407493520739851e-02,3.134911563158643055e+00,-1.425150180717192107e-02,1.703244291112746001e-02,9.997533648779178828e-01,3.064935236225614368e-01,0.000000000000000000e+00,0.000000000000000000e+00,0.000000000000000000e+00,1.000000000000000000e+00
9.966680077758932610e-01,-8.012393385578414629e-02,1.526556581007798563e-02,4.073828117184168462e+01,8.038332690377793244e-02,9.966154155220501298e-01,-1.721145838365186961e-02,3.224987530862932328e+00,-1.383484845989679454e-02,1.838120690503465895e-02,9.997353290750534693e-01,3.199434992725076476e-01,0.000000000000000000e+00,0.000000000000000000e+00,0.000000000000000000e+00,1.000000000000000000e+00
9.967872463341110878e-01,-7.861806999967005383e-02,1.530962491975902499e-02,4.174116188486106438e+01,7.884532273716417239e-02,9.967762086880767036e-01,-1.485277334022495725e-02,3.311320979813499488e+00,-1.409257350980289494e-02,1.601214735601070790e-02,9.997724793716417091e-01,3.430513450303480094e-01,0.000000000000000000e+00,0.000000000000000000e+00,0.000000000000000000e+00,1.000000000000000000e+00
9.967026178511178003e-01,-7.989462371980979305e-02,1.416829804154304609e-02,4.273851970227643449e+01,8.007002130213192181e-02,9.967136380920799121e-01,-1.227661720201302965e-02,3.378172002731087087e+00,-1.314090017465232262e-02,1.337059242960359287e-02,9.998242565574615437e-01,3.437497990588038732e-01,0.000000000000000000e+00,0.000000000000000000e+00,0.000000000000000000e+00,1.000000000000000000e+00
9.968003864848825613e-01,-7.868622705671501905e-02,1.405230141874700030e-02,4.377507614395252489e+01,7.886819887101675919e-02,9.968015631309506963e-01,-1.290158697731797963e-02,3.482562860929100168e+00,-1.299217881750512442e-02,1.396858658814804574e-02,9.998180243815886215e-01,3.492193611558921384e-01,0.000000000000000000e+00,0.000000000000000000e+00,0.000000000000000000e+00,1.000000000000000000e+00
9.967754102928653159e-01,-7.878269767138598723e-02,1.523377770297329979e-02,4.477887377212721987e+01,7.901117633539292417e-02,9.967604628244692844e-01,-1.502710098608737825e-02,3.578782917499302663e+00,-1.400055175991647000e-02,1.618228344726330495e-02,9.997710329134616991e-01,3.672032311445119768e-01,0.000000000000000000e+00,0.000000000000000000e+00,0.000000000000000000e+00,1.000000000000000000e+00
9.967522035866440699e-01,-7.885543824498476850e-02,1.633598801279198889e-02,4.577012132794859411e+01,7.913984874216911658e-02,9.967087958472765630e-01,-1.756304705157399337e-02,3.659432724561106909e+00,-1.489728116903633708e-02,1.879883347073862260e-02,9.997122960501736433e-01,3.718047344134873256e-01,0.000000000000000000e+00,0.000000000000000000e+00,0.000000000000000000e+00,1.000000000000000000e+00
9.967672107873239984e-01,-7.922991685642467863e-02,1.333220815075992181e-02,4.670991581814975291e+01,7.942515188491014455e-02,9.967307645104165337e-01,-1.481311333030563802e-02,3.731133659588776741e+00,-1.211498028517406234e-02,1.582413831466072951e-02,9.998013922271202780e-01,3.811174520153920442e-01,0.000000000000000000e+00,0.000000000000000000e+00,0.000000000000000000e+00,1.000000000000000000e+00
9.970863706208770161e-01,-7.538103659737883933e-02,1.168198799796043609e-02,4.766022733608174633e+01,7.550743020012601336e-02,9.970869185896698017e-01,-1.078446855099870691e-02,3.730839841677663138e+00,-1.083501299736179015e-02,1.163512349994507387e-02,9.998736052094220339e-01,3.719964507895832106e-01,0.000000000000000000e+00,0.000000000000000000e+00,0.000000000000000000e+00,1.000000000000000000e+00
9.974179764116783975e-01,-7.108846575569109649e-02,1.018873727836339810e-02,4.860251427987552830e+01,7.121480250512191024e-02,9.973811025097284455e-01,-1.262490636134638682e-02,3.801031922878425284e+00,-9.264568796338691972e-03,1.331789746837633640e-02,9.998683920256903335e-01,3.745343445095813961e-01,0.000000000000000000e+00,0.000000000000000000e+00,0.000000000000000000e+00,1.000000000000000000e+00
9.975196390923246614e-01,-6.876017868199570116e-02,1.505348639789302542e-02,4.954436684971271632e+01,6.894810864760279878e-02,9.975438956832435311e-01,-1.234238627718987208e-02,3.885880038599659247e+00,-1.416784877918716469e-02,1.334968212044774540e-02,9.998105110710994170e-01,3.761264554232842672e-01,0.000000000000000000e+00,0.000000000000000000e+00,0.000000000000000000e+00,1.000000000000000000e+00
9.975498803568905171e-01,-6.762370237925210970e-02,1.792403627730444760e-02,5.052546908809858195e+01,6.785789602518653429e-02,9.976129352176591469e-01,-1.279599286653953540e-02,3.974354680646724258e+00,-1.701593802829563795e-02,1.398092854312121130e-02,9.997574663337549516e-01,3.843734217593816616e-01,0.000000000000000000e+00,0.000000000000000000e+00,0.000000000000000000e+00,1.000000000000000000e+00
9.977785081479729756e-01,-6.411654912545797225e-02,1.808637073164342038e-02,5.146235278311782935e+01,6.438230433440593481e-02,9.978197421711522130e-01,-1.451485522103934667e-02,4.016672938095702250e+00,-1.711629535243166383e-02,1.564705281318201288e-02,9.997310649227969526e-01,3.842414381478078123e-01,0.000000000000000000e+00,0.000000000000000000e+00,0.000000000000000000e+00,1.000000000000000000e+00
9.979227173609249713e-01,-6.210078898795820534e-02,1.713890842654969271e-02,5.238518194225949998e+01,6.238748948856635140e-02,9.979117210708911001e-01,-1.673314389604966049e-02,4.082921533222047650e+00,-1.606397616702090123e-02,1.776763789604419996e-02,9.997130886976027808e-01,3.760054878336825390e-01,0.000000000000000000e+00,0.000000000000000000e+00,0.000000000000000000e+00,1.000000000000000000e+00
9.978532226153047358e-01,-6.374064604591744843e-02,1.503582913890708431e-02,5.337252692216312511e+01,6.402384021188196883e-02,9.977641998267232637e-01,-1.917157866902660657e-02,4.164142444526737208e+00,-1.378020321942908036e-02,2.009307307975356088e-02,9.997031431447256367e-01,3.754660973635193244e-01,0.000000000000000000e+00,0.000000000000000000e+00,0.000000000000000000e+00,1.000000000000000000e+00
9.976519058552861807e-01,-6.659655864776814482e-02,1.598665442125225475e-02,5.434649483393760505e+01,6.695858643346748462e-02,9.974838359334212701e-01,-2.329259011747628755e-02,4.230706321918067836e+00,-1.439522303203576332e-02,2.430834070485357601e-02,9.996008614072094955e-01,3.705138989882669764e-01,0.000000000000000000e+00,0.000000000000000000e+00,0.000000000000000000e+00,1.000000000000000000e+00
9.974890156332427704e-01,-6.838974416586629523e-02,1.839854841955664705e-02,5.529251669402403024e+01,6.884239454959949212e-02,9.973089699535859776e-01,-2.520998141206836143e-02,4.309491876759290463e+00,-1.662493319375162384e-02,2.641327967229540816e-02,9.995128564722202125e-01,3.800889178516721478e-01,0.000000000000000000e+00,0.000000000000000000e+00,0.000000000000000000e+00,1.000000000000000000e+00
9.971917221446555679e-01,-7.116678855737901266e-02,2.332289631669752505e-02,5.623644872400464578e+01,7.173313797297040106e-02,9.971249100380649155e-01,-2.441865471589919900e-02,4.378796008067485701e+00,-2.151804365459209639e-02,2.602310488801814342e-02,9.994297232968742950e-01,3.874498780315612789e-01,0.000000000000000000e+00,0.000000000000000000e+00,0.000000000000000000e+00,1.000000000000000000e+00
9.971600037365572211e-01,-7.057202293481637523e-02,2.629670182721968730e-02,5.719074762096985864e+01,7.125371891704240790e-02,9.971204571805891703e-01,-2.595575875344785510e-02,4.469320023266293518e+00,-2.438922894626004145e-02,2.775578229601518426e-02,9.993171578936006494e-01,3.730360937183905268e-01,0.000000000000000000e+00,0.000000000000000000e+00,0.000000000000000000e+00,1.000000000000000000e+00
9.972142134015767878e-01,-7.134424715277783158e-02,2.176719982155141814e-02,5.813347965714002186e+01,7.188383644645003623e-02,9.970970353570922651e-01,-2.510410603549374786e-02,4.524801870481041099e+00,-1.991297686454851848e-02,2.659888118520422132e-02,9.994478339923940080e-01,3.645524147352131039e-01,0.000000000000000000e+00,0.000000000000000000e+00,0.000000000000000000e+00,1.000000000000000000e+00
9.970595000659869811e-01,-7.502341604137388598e-02,1.561538900059598889e-02,5.906971391311456898e+01,7.537648143904049358e-02,9.968804581717599644e-01,-2.340380655222145181e-02,4.598449739897671584e+00,-1.381084262552523430e-02,2.451202073976577883e-02,9.996041323770259446e-01,3.659143725549456883e-01,0.000000000000000000e+00,0.000000000000000000e+00,0.000000000000000000e+00,1.000000000000000000e+00
9.969866912249321089e-01,-7.672944218672927974e-02,1.140746343709080762e-02,6.007281736959882323e+01,7.696146151315547135e-02,9.968017565800999513e-01,-2.152188468952368275e-02,4.689735586733849715e+00,-9.719617385181088254e-03,2.233496766380911602e-02,9.997032951117759136e-01,3.730852926069797570e-01,0.000000000000000000e+00,0.000000000000000000e+00,0.000000000000000000e+00,1.000000000000000000e+00
9.970186237693692277e-01,-7.594570581334157688e-02,1.364234677537933850e-02,6.099803951169240435e+01,7.623000832606723065e-02,9.968542613504629557e-01,-2.169256688440105232e-02,4.791432427981209052e+00,-1.195197421491865121e-02,2.266784938938478169e-02,9.996716055367514953e-01,3.826947407941952983e-01,0.000000000000000000e+00,0.000000000000000000e+00,0.000000000000000000e+00,1.000000000000000000e+00
9.968115973372263516e-01,-7.825727102503479693e-02,1.557045104407462147e-02,6.195870569194958932e+01,7.857335956356750750e-02,9.966903785405800686e-01,-2.084505916358005487e-02,4.864023089409335476e+00,-1.388764130066910685e-02,2.200201936989019252e-02,9.996614649783953643e-01,3.772867822644874192e-01,0.000000000000000000e+00,0.000000000000000000e+00,0.000000000000000000e+00,1.000000000000000000e+00
9.967678395137529179e-01,-7.882239301831325817e-02,1.552109757546577158e-02,6.286227795001403251e+01,7.910612393176760793e-02,9.966925986901077339e-01,-1.860335649432330596e-02,4.935185851510055954e+00,-1.400340199995834742e-02,1.977104132891258775e-02,9.997064622463929240e-01,3.911269365773011875e-01,0.000000000000000000e+00,0.000000000000000000e+00,0.000000000000000000e+00,1.000000000000000000e+00
9.967073013591608577e-01,-7.887026479387881928e-02,1.881586428195773306e-02,6.369687178111655612e+01,7.919857906958865934e-02,9.967071289854467775e-01,-1.739207011685214507e-02,5.013738714146000142e+00,-1.738218889242005433e-02,1.882499298631420612e-02,9.996716856790404115e-01,4.011814489446538512e-01,0.000000000000000000e+00,0.000000000000000000e+00,0.000000000000000000e+00,1.000000000000000000e+00
9.966432698611220609e-01,-7.957948409740282780e-02,1.921713691778774782e-02,6.451988954915509566e+01,7.989087941114580982e-02,9.966748964404344990e-01,-1.601868260395591589e-02,5.095681410383314791e+00,-1.787847944987488308e-02,1.750018617740050145e-02,9.996870027445179385e-01,4.085029813533335163e-01,0.000000000000000000e+00,0.000000000000000000e+00,0.000000000000000000e+00,1.000000000000000000e+00
9.963917437891002260e-01,-8.257222041203493568e-02,1.962960328525920756e-02,6.528589009660646525e+01,8.290826190657760164e-02,9.964126988111599026e-01,-1.696920020196395623e-02,5.152919370811468447e+00,-1.815800144676500000e-02,1.853542727023764145e-02,9.996633057781856291e-01,4.115205467937230188e-01,0.000000000000000000e+00,0.000000000000000000e+00,0.000000000000000000e+00,1.000000000000000000e+00
9.964750024589845712e-01,-8.173654897008307552e-02,1.888666293504307966e-02,6.606588616366764199e+01,8.205407533919016616e-02,9.964880082184929266e-01,-1.669665226845226322e-02,5.242744643723571407e+00,-1.745560639425830854e-02,1.818752427364053736e-02,9.996822073870305081e-01,4.198989212215165634e-01,0.000000000000000000e+00,0.000000000000000000e+00,0.000000000000000000e+00,1.000000000000000000e+00
9.962445148280689722e-01,-8.416076408487403737e-02,2.034287255106962539e-02,6.679607650682859799e+01,8.449977579557638174e-02,9.962881689503941818e-01,-1.642170210331784369e-02,5.298465990597279074e+00,-1.888530024850697611e-02,1.807899881417420959e-02,9.996581892008897796e-01,4.222716620849036318e-01,0.000000000000000000e+00,0.000000000000000000e+00,0.000000000000000000e+00,1.000000000000000000e+00
9.960406936392172117e-01,-8.599853673118977582e-02,2.252084134296855611e-02,6.754166936124778431e+01,8.637945295243538990e-02,9.961252666020229407e-01,-1.652402325971586913e-02,5.369995371907478443e+00,-2.101253726561872967e-02,1.840393754455203756e-02,9.996098080553822429e-01,4.191180020431985453e-01,0.000000000000000000e+00,0.000000000000000000e+00,0.000000000000000000e+00,1.000000000000000000e+00
9.963332274039888858e-01,-8.122781818951527177e-02,2.687269102483020797e-02,6.827426707777767945e+01,8.168601594997512705e-02,9.965229303906631975e-01,-1.641474958161412423e-02,5.434272107389864104e+00,-2.544591851290493173e-02,1.854968349535077513e-02,9.995040842704233652e-01,4.185251623838014412e-01,0.000000000000000000e+00,0.000000000000000000e+00,0.000000000000000000e+00,1.000000000000000000e+00
9.957307972684550368e-01,-8.727836875438112207e-02,3.004439579513637146e-02,6.897278818320062044e+01,8.771907513602203443e-02,9.960513892424839311e-01,-1.367456929488936913e-02,5.506695677410865741e+00,-2.873226806921997181e-02,1.625165639847266433e-02,9.994550217172882833e-01,4.262768259302135987e-01,0.000000000000000000e+00,0.000000000000000000e+00,0.000000000000000000e+00,1.000000000000000000e+00
9.957004646610504439e-01,-8.854022295704287726e-02,2.722523815282719764e-02,6.961441772370906733e+01,8.894225368808608700e-02,9.959394237954422024e-01,-1.392622127096997120e-02,5.566701360154839406e+00,-2.588165726233964889e-02,1.628781902898451123e-02,9.995323140192290401e-01,4.270685096872221531e-01,0.000000000000000000e+00,0.000000000000000000e+00,0.000000000000000000e+00,1.000000000000000000e+00
9.955153686617291831e-01,-9.252429710217806302e-02,1.970799847885711109e-02,7.030919197335964554e+01,9.274373213297500140e-02,9.956343758743279038e-01,-1.052566992573380177e-02,5.646512302756928392e+00,-1.864808055382106283e-02,1.230625950832861006e-02,9.997503713770616862e-01,4.219651315868122587e-01,0.000000000000000000e+00,0.000000000000000000e+00,0.000000000000000000e+00,1.000000000000000000e+00
9.955233926828671587e-01,-9.290398178192817158e-02,1.737886044166545019e-02,7.101966572639626918e+01,9.313968178811724008e-02,9.955644539130089621e-01,-1.328223555361689005e-02,5.718363130869565936e+00,-1.606780313534056023e-02,1.484143773212629955e-02,9.997607500939652558e-01,4.201740651190216669e-01,0.000000000000000000e+00,0.000000000000000000e+00,0.000000000000000000e+00,1.000000000000000000e+00
9.954168847556854605e-01,-9.416808154305243705e-02,1.666127131348384138e-02,7.173069391401561745e+01,9.435851936552124009e-02,9.954770958422093363e-01,-1.103727668890618768e-02,5.777812903818964507e+00,-1.554655480893187350e-02,1.255882446974492840e-02,9.998002703347861342e-01,4.181824950293002163e-01,0.000000000000000000e+00,0.000000000000000000e+00,0.000000000000000000e+00,1.000000000000000000e+00
9.951297939920781266e-01,-9.664919089493623217e-02,1.938109926273540173e-02,7.240354177901693333e+01,9.686312428659180074e-02,9.952431752381553087e-01,-1.041908322807682391e-02,5.862054662970912489e+00,-1.828191080599006479e-02,1.224565397303931970e-02,9.997578785366257881e-01,4.314352455179678025e-01,0.000000000000000000e+00,0.000000000000000000e+00,0.000000000000000000e+00,1.000000000000000000e+00
9.947792614258339494e-01,-9.957672541683305900e-02,2.233152015262981210e-02,7.300458212209960607e+01,9.982976738793916671e-02,9.949489667375973623e-01,-1.051528083579885212e-02,5.920782318818278434e+00,-2.117164566907169670e-02,1.268973376577713953e-02,9.996953196232427619e-01,4.343074684291305942e-01,0.000000000000000000e+00,0.000000000000000000e+00,0.000000000000000000e+00,1.000000000000000000e+00
9.946071236722859865e-01,-1.023327187164113083e-01,1.687258784075075513e-02,7.357383502060571345e+01,1.024967606507525275e-01,9.946911597679808370e-01,-9.160280319322693099e-03,5.974145505308563031e+00,-1.584561757832282994e-02,1.084026565790546966e-02,9.998156855361031159e-01,4.441574113136684265e-01,0.000000000000000000e+00,0.000000000000000000e+00,0.000000000000000000e+00,1.000000000000000000e+00
9.944151314402084330e-01,-1.047472760621048632e-01,1.290560034697664157e-02,7.422187920087489488e+01,1.049555640163609277e-01,9.943369566805879689e-01,-1.668370945533347027e-02,6.024995861760479521e+00,-1.108494225309096873e-02,1.794504769432230668e-02,9.997775249116647167e-01,4.617585506221091873e-01,0.000000000000000000e+00,0.000000000000000000e+00,0.000000000000000000e+00,1.000000000000000000e+00
9.948525846290200425e-01,-1.007256948403808111e-01,1.107561537229536167e-02,7.484403988459976631e+01,1.009050936691022471e-01,9.947499954391266774e-01,-1.704724744594694405e-02,6.089344595297205842e+00,-9.300372496967447555e-03,1.807708418899516695e-02,9.997933396950802187e-01,4.705117659501025229e-01,0.000000000000000000e+00,0.000000000000000000e+00,0.000000000000000000e+00,1.000000000000000000e+00
9.952058563252560441e-01,-9.734109327192481953e-02,9.487628604336668936e-03,7.541651989651485621e+01,9.747819012266194239e-02,9.951207571523361661e-01,-1.525388917515099925e-02,6.151604949970272074e+00,-7.956505911369709735e-03,1.610559670375342339e-02,9.998386388655415846e-01,4.738644844603038253e-01,0.000000000000000000e+00,0.000000000000000000e+00,0.000000000000000000e+00,1.000000000000000000e+00
9.955472585765098303e-01,-9.379690029924707406e-02,9.370028550784821261e-03,7.598723410147105994e+01,9.392339098188821900e-02,9.954792968863479530e-01,-1.411970598572230735e-02,6.229254375340349092e+00,-8.003284778942817632e-03,1.493689944107915585e-02,9.998564079245753078e-01,4.662412551102317337e-01,0.000000000000000000e+00,0.000000000000000000e+00,0.000000000000000000e+00,1.000000000000000000e+00
9.961057599264183660e-01,-8.752900670800520255e-02,1.058243951633372482e-02,7.654408693642021433e+01,8.768626633493110945e-02,9.960284442279553341e-01,-1.544205248909147343e-02,6.262297908450947581e+00,-9.188783251687286310e-03,1.630985203937275127e-02,9.998247621402500673e-01,4.861817750523133030e-01,0.000000000000000000e+00,0.000000000000000000e+00,0.000000000000000000e+00,1.000000000000000000e+00
9.965370966667635999e-01,-8.219639463902204957e-02,1.255259635763041580e-02,7.712292233064620461e+01,8.243633332986168016e-02,9.963962111038644487e-01,-1.997101512163780568e-02,6.309053364810182529e+00,-1.086581400997912832e-02,2.093664744429792404e-02,9.997217567301885932e-01,4.916488406852380644e-01,0.000000000000000000e+00,0.000000000000000000e+00,0.000000000000000000e+00,1.000000000000000000e+00
9.973780489576715702e-01,-7.080237042102413558e-02,1.496835996849383947e-02,7.765922076963063603e+01,7.115313391918577646e-02,9.971677278846271530e-01,-2.436706791729090910e-02,6.318961693219817377e+00,-1.320071933118796906e-02,2.536822437955564558e-02,9.995910134654916179e-01,4.940528773969009024e-01,0.000000000000000000e+00,0.000000000000000000e+00,0.000000000000000000e+00,1.000000000000000000e+00
9.981119293861591135e-01,-5.945361771203217655e-02,1.542218395639126730e-02,7.814842164242985234e+01,5.976607901065915385e-02,9.979986053207723362e-01,-2.065912818785827290e-02,6.359697360801106036e+00,-1.416305816993413368e-02,2.154184575987392811e-02,9.996676230950632958e-01,5.111069559575711629e-01,0.000000000000000000e+00,0.000000000000000000e+00,0.000000000000000000e+00,1.000000000000000000e+00
9.986945687075753364e-01,-4.885982187660434239e-02,1.489551073881872044e-02,7.866542054993372801e+01,4.909768701088809001e-02,9.986651009511211541e-01,-1.604472724808332987e-02,6.409970828628134498e+00,-1.409168422030090614e-02,1.675511708317737811e-02,9.997603165195970698e-01,5.061702341707924324e-01,0.000000000000000000e+00,0.000000000000000000e+00,0.000000000000000000e+00,1.000000000000000000e+00
9.994073500475836314e-01,-3.137665450355815733e-02,1.415818572503176401e-02,7.913899433841696407e+01,3.153174101721877010e-02,9.994436757355076306e-01,-1.086684594154945990e-02,6.439404719338923222e+00,-1.380934391212040695e-02,1.130683795137501016e-02,9.998407160324380705e-01,5.106998840190983824e-01,0.000000000000000000e+00,0.000000000000000000e+00,0.000000000000000000e+00,1.000000000000000000e+00
9.998395045098297240e-01,-7.567124086239136217e-03,1.623896100723417474e-02,7.963081188799007748e+01,7.728026084933870520e-03,9.999214408802101772e-01,-9.868621021752564323e-03,6.434876560854453587e+00,-1.616300820891955481e-02,9.992532266840882874e-03,9.998194369307564777e-01,5.263217183805610766e-01,0.000000000000000000e+00,0.000000000000000000e+00,0.000000000000000000e+00,1.000000000000000000e+00
9.997218798018879804e-01,1.749182578463233037e-02,1.581768238686917516e-02,8.013806486863420275e+01,-1.729220758160072979e-02,9.997702006316310230e-01,-1.266986526920801763e-02,6.417939412356825635e+00,-1.603566656945143790e-02,1.239281887647615717e-02,9.997946166278197655e-01,5.216421437618459223e-01,0.000000000000000000e+00,0.000000000000000000e+00,0.000000000000000000e+00,1.000000000000000000e+00
9.989092861088104680e-01,4.432107347231156042e-02,1.469287486644466068e-02,8.062115495501657847e+01,-4.411544827618994746e-02,9.989278398844347873e-01,-1.403559500715038412e-02,6.396552893443120169e+00,-1.529919438956946903e-02,1.337210342750630269e-02,9.997935394374957152e-01,5.207422868588748033e-01,0.000000000000000000e+00,0.000000000000000000e+00,0.000000000000000000e+00,1.000000000000000000e+00
9.969947574809446822e-01,7.553502241599968636e-02,1.720214940401989384e-02,8.112790240706176803e+01,-7.527724900108211104e-02,9.970472384930391119e-01,-1.517036572501864050e-02,6.377004996832408956e+00,-1.829724947452101777e-02,1.382984461287252789e-02,9.997369384291309169e-01,5.323182740896106324e-01,0.000000000000000000e+00,0.000000000000000000e+00,0.000000000000000000e+00,1.000000000000000000e+00
