1.000000000000000000e+00,-1.598570685669778396e-12,7.944404313275831620e-13,1.351334622925973873e-19,1.598570685669955706e-12,1.000000000000000000e+00,-2.232806767786755505e-13,3.551303434610846129e-19,-7.944404313272263192e-13,2.232806767799455029e-13,1.000000000000000000e+00,-2.464391894368951570e-19,0.000000000000000000e+00,0.000000000000000000e+00,0.000000000000000000e+00,1.000000000000000056e-01
9.999990314974015471e-01,-6.297195345919321839e-04,-1.241151709764468786e-03,6.468619697502017152e-01,6.264012519263049668e-04,9.999962336666752272e-01,-2.672129101629623204e-03,-4.490999507598969660e-03,1.242829727067670809e-03,2.671349054680817545e-03,9.999956596248293916e-01,-3.715001047106381406e-04,0.000000000000000000e+00,0.000000000000000000e+00,0.000000000000000000e+00,1.000000000000000056e-01
9.999803638569461084e-01,-5.427653768234545588e-03,-3.132487047337539042e-03,1.307175512132680240e+00,5.418901029047839928e-03,9.999814089482300661e-01,-2.795938044741865577e-03,5.313864496740417637e-03,3.147604194772966879e-03,2.778908506018153233e-03,9.999911850888227871e-01,4.362873685610278371e-03,0.000000000000000000e+00,0.000000000000000000e+00,0.000000000000000000e+00,1.000000000000000056e-01
9.999363051425871340e-01,-9.950710292658640141e-03,-5.326257829143718134e-03,2.004906940962546624e+00,9.935409631921967091e-03,9.999464620634640477e-01,-2.891477512806751426e-03,1.418553197332530352e-02,5.354744927337765428e-03,2.838374787221085906e-03,9.999816349990285902e-01,8.817844706973009677e-03,0.000000000000000000e+00,0.000000000000000000e+00,0.000000000000000000e+00,1.000000000000000056e-01
9.998571220981309349e-01,-1.609853594003975152e-02,-5.154855015464635502e-03,2.702843747014677778e+00,1.609111456353696373e-02,9.998694373374032995e-01,-1.477941368140090004e-03,2.265730774392768487e-02,5.177974676100790923e-03,1.394782840366059953e-03,9.999856214761699835e-01,1.665128123118769787e-02,0.000000000000000000e+00,0.000000000000000000e+00,0.000000000000000000e+00,1.000000000000000056e-01
9.997518669354408249e-01,-2.135134958113250880e-02,-6.350151979663137131e-03,3.410883659955837643e+00,2.134181817810611864e-02,9.997710126087102633e-01,-1.564974187218372758e-03,3.076371577241948999e-02,6.382112185883768996e-03,1.429062076424030990e-03,9.999786129841120585e-01,3.034589453112598173e-02,0.000000000000000000e+00,0.000000000000000000e+00,0.000000000000000000e+00,1.000000000000000056e-01
9.996523537651261782e-01,-2.533113172959234119e-02,-7.314736983726315318e-03,4.129948566410880595e+00,2.532857677445836744e-02,9.996790825426873361e-01,-4.417297718293245997e-04,5.367976577872990429e-02,7.323579071971677949e-03,2.563043288600344236e-04,9.999731493883561306e-01,4.089912448780907983e-02,0.000000000000000000e+00,0.000000000000000000e+00,0.000000000000000000e+00,1.000000000000000056e-01
9.994981546242425186e-01,-3.007968590913555340e-02,-9.932341030273312416e-03,4.893414302013204598e+00,3.009424560166470974e-02,9.995461944632818563e-01,1.319664971773071207e-03,8.575951668992400079e-02,9.888138571064981203e-03,-1.617909014373974073e-03,9.999498022831049271e-01,5.569320144406877254e-02,0.000000000000000000e+00,0.000000000000000000e+00,0.000000000000000000e+00,1.000000000000000056e-01
9.993435199725860807e-01,-3.476719601346450056e-02,-1.018681354314663126e-02,5.655656501032284567e+00,3.478774438450536050e-02,9.993930166873162824e-01,1.846899364844274303e-03,1.260867577564050990e-01,1.011641880508183655e-02,-2.200063177930213030e-03,9.999464074602064656e-01,6.016964569284973668e-02,0.000000000000000000e+00,0.000000000000000000e+00,0.000000000000000000e+00,1.000000000000000056e-01
9.992105318262972657e-01,-3.889148152718970713e-02,-8.109608623626774274e-03,6.438747537358192830e+00,3.890822689740471713e-02,9.992409486892557258e-01,1.917379017404058535e-03,1.623260277739411173e-01,8.028883303935396495e-03,-2.231395800070113192e-03,9.999652783500411202e-01,7.107803348106268848e-02,0.000000000000000000e+00,0.000000000000000000e+00,0.000000000000000000e+00,1.000000000000000056e-01
9.991040353171998234e-01,-4.180718665107458626e-02,-6.579191227625982158e-03,7.236618411655526550e+00,4.181692732264723905e-02,9.991243777746688925e-01,1.349935432990971443e-03,2.025341935407164173e-01,6.516993338948416647e-03,-1.623847499926385106e-03,9.999774457042104325e-01,8.612712770126612627e-02,0.000000000000000000e+00,0.000000000000000000e+00,0.000000000000000000e+00,1.000000000000000056e-01
9.991214690711875956e-01,-4.145101620910180557e-02,-6.172786750307760785e-03,8.032327410955792502e+00,4.146334279324808553e-02,9.991382524570606716e-01,1.882466855088801806e-03,2.422121662579233003e-01,6.089437202369212161e-03,-2.136757422751772370e-03,9.999791762943239792e-01,1.003817960799269215e-01,0.000000000000000000e+00,0.000000000000000000e+00,0.000000000000000000e+00,1.000000000000000056e-01
9.990405606442522846e-01,-4.333009513307653493e-02,-6.360899572899850543e-03,8.867529857725882536e+00,4.333034074264466295e-02,9.990607948062263377e-01,-9.925864028988070362e-05,2.887151792178190290e-01,6.359226269310449750e-03,-1.764565382795048104e-04,9.999797643474320763e-01,1.153800459483285551e-01,0.000000000000000000e+00,0.000000000000000000e+00,0.000000000000000000e+00,1.000000000000000056e-01
9.989016092525689894e-01,-4.644540841349414917e-02,-6.196698308913351980e-03,9.642560080779956522e+00,4.644385394652474075e-02,9.989208240515253800e-01,-3.945970290132003741e-04,3.524423241635430970e-01,6.208338201309688414e-03,1.063650560777200252e-04,9.999807224258140392e-01,1.317975180809173863e-01,0.000000000000000000e+00,0.000000000000000000e+00,0.000000000000000000e+00,1.000000000000000056e-01
9.988334785451629116e-01,-4.803216163101794306e-02,-4.959192113785506478e-03,1.042539459364462395e+01,4.803302806568301303e-02,9.988457464061130109e-01,5.568892353489425648e-05,3.588481541645923145e-01,4.950793089089107826e-03,-2.938289751953670516e-04,9.999877015805356262e-01,1.384919312976752859e-01,0.000000000000000000e+00,0.000000000000000000e+00,0.000000000000000000e+00,1.000000000000000056e-01
9.987795441314478717e-01,-4.900595010491802517e-02,-6.151347729687948671e-03,1.122785137856734394e+01,4.899776297435767813e-02,9.987977995104225792e-01,-1.474759860544084308e-03,4.107970036989894158e-01,6.216224584578315671e-03,1.171557703185474846e-03,9.999799928020871587e-01,1.643629530555207885e-01,0.000000000000000000e+00,0.000000000000000000e+00,0.000000000000000000e+00,1.000000000000000056e-01
9.986541595215756573e-01,-5.137311801101090286e-02,-7.118456018130716115e-03,1.209555376871589338e+01,5.136810090337008000e-02,9.986793946312124692e-01,-8.859732593146450296e-04,4.616587568183552204e-01,7.154570555701065745e-03,5.191193136239173785e-04,9.999742709866598078e-01,1.757095870544949645e-01,0.000000000000000000e+00,0.000000000000000000e+00,0.000000000000000000e+00,1.000000000000000056e-01
9.985038293813683907e-01,-5.417987354838238456e-02,-7.392158887931984251e-03,1.299373255155094320e+01,5.418187197071835937e-02,9.985310810493092104e-01,7.020147159334647383e-05,5.326987385809375253e-01,7.377496898801145370e-03,-4.706174446673023256e-04,9.999726751560409355e-01,1.965358880300840383e-01,0.000000000000000000e+00,0.000000000000000000e+00,0.000000000000000000e+00,1.000000000000000056e-01
9.986595843778013348e-01,-5.093601338790250399e-02,-9.195491857669352287e-03,1.388363674091317890e+01,5.096866618271148064e-02,9.986946272943671987e-01,3.352086055044323047e-03,5.833727918634682430e-01,9.012746413406342444e-03,-3.816274821408578016e-03,9.999521020771821034e-01,2.088490015999310834e-01,0.000000000000000000e+00,0.000000000000000000e+00,0.000000000000000000e+00,1.000000000000000056e-01
9.978921724524744130e-01,-6.417027660651886123e-02,-9.663734181153269681e-03,1.481592867988010731e+01,6.423227656934923924e-02,9.979154166824206751e-01,6.247863176261498654e-03,7.114896427156484071e-01,9.242662213873334420e-03,-6.855417404761914892e-03,9.999337860315585802e-01,2.281362000641209975e-01,0.000000000000000000e+00,0.000000000000000000e+00,0.000000000000000000e+00,1.000000000000000056e-01
9.976595962150346386e-01,-6.768415247279721547e-02,-9.704925764436473853e-03,1.577732325506035949e+01,6.772255918279040943e-02,9.976973882910928904e-01,3.684613258618853540e-03,7.740977903717743969e-01,9.433189163137558828e-03,-4.333232185248885038e-03,9.999461175688624248e-01,2.344253215793027367e-01,0.000000000000000000e+00,0.000000000000000000e+00,0.000000000000000000e+00,1.000000000000000056e-01
9.975620404576366340e-01,-6.942160426508663107e-02,-7.114513283295490625e-03,1.670257438136093597e+01,6.944492527975380802e-02,9.975810174893802174e-01,3.084784877783952432e-03,8.583457816125551476e-01,6.883152685063185020e-03,-3.571331140415291878e-03,9.999699334495010250e-01,2.526169195100603226e-01,0.000000000000000000e+00,0.000000000000000000e+00,0.000000000000000000e+00,1.000000000000000056e-01
9.973693146156364930e-01,-7.217587615051637706e-02,-6.715144454211666690e-03,1.758206641469318399e+01,7.220458988183436899e-02,9.973812653565899966e-01,4.136268328269977410e-03,9.376479792661508439e-01,6.399020482207403403e-03,-4.610251358946619929e-03,9.999688985759884741e-01,2.722239508928711027e-01,0.000000000000000000e+00,0.000000000000000000e+00,0.000000000000000000e+00,1.000000000000000056e-01
9.972929027425012638e-01,-7.321792220470633994e-02,-6.782477973537836581e-03,1.849137068914254201e+01,7.325470627071357932e-02,9.972989500298102827e-01,5.343433224951258873e-03,1.007296622961002530e+00,6.372923083439075050e-03,-5.825816463261464934e-03,9.999627221621358864e-01,2.859656264445381568e-01,0.000000000000000000e+00,0.000000000000000000e+00,0.000000000000000000e+00,1.000000000000000056e-01
9.973345239198155854e-01,-7.259038438355822076e-02,-7.381293428805486487e-03,1.940822348123841579e+01,7.262330885316853335e-02,9.973501953192256408e-01,4.294520685683778441e-03,1.078422413257577483e+00,7.049993535610740714e-03,-4.819127695936235162e-03,9.999635361348923057e-01,3.067913599017726978e-01,0.000000000000000000e+00,0.000000000000000000e+00,0.000000000000000000e+00,1.000000000000000056e-01
9.972780472937264884e-01,-7.349576415578079613e-02,-5.905001030464072237e-03,2.033540563691940406e+01,7.349442015254439853e-02,9.972955292004708205e-01,-4.445707976472600717e-04,1.131044776986733558e+00,5.921705198100422549e-03,9.376070227339852910e-06,9.999824665061063378e-01,3.255427806791945655e-01,0.000000000000000000e+00,0.000000000000000000e+00,0.000000000000000000e+00,1.000000000000000056e-01
9.974154216761882408e-01,-7.181735906164427030e-02,-2.177966924120275458e-03,2.125116721614006110e+01,7.181671107685713706e-02,9.974177759839217838e-01,-3.743813436755738045e-04,1.211825006820590023e+00,2.199230005007317846e-03,2.169993044453732902e-04,9.999975581463621532e-01,3.307840294831624339e-01,0.000000000000000000e+00,0.000000000000000000e+00,0.000000000000000000e+00,1.000000000000000056e-01
9.973983673527445637e-01,-7.208644818208657934e-02,-2.019667572648481423e-04,2.221317164088209850e+01,7.208609516814344642e-02,9.973974222900795494e-01,-1.406020097320760621e-03,1.293214268268168876e+00,3.027961179727310637e-04,1.387803154647878441e-03,9.999989911579485469e-01,3.488424753381137999e-01,0.000000000000000000e+00,0.000000000000000000e+00,0.000000000000000000e+00,1.000000000000000056e-01
9.975445037275956217e-01,-7.002656679005057894e-02,1.114910966633612336e-03,2.318525741685204267e+01,7.002896292868203421e-02,9.975423556681946025e-01,-2.278815280438213457e-03,1.359485350417650507e+00,-9.525933015782032248e-04,2.351295716762765234e-03,9.999967819820492210e-01,3.630165586487083540e-01,0.000000000000000000e+00,0.000000000000000000e+00,0.000000000000000000e+00,1.000000000000000056e-01
9.978438387742858406e-01,-6.559246533913076771e-02,2.302587877122250735e-03,2.411531020345620036e+01,6.560107886174498804e-02,9.978383503924800335e-01,-3.889079349835738650e-03,1.423227856432587979e+00,-2.042516186486159277e-03,4.031746116651092546e-03,9.999897865232818539e-01,3.692244045299826749e-01,0.000000000000000000e+00,0.000000000000000000e+00,0.000000000000000000e+00,1.000000000000000056e-01
9.979647383985821296e-01,-6.376699323648883644e-02,-3.892128302405014565e-04,2.507207708773279720e+01,6.376420396841091243e-02,9.979520763775476810e-01,-5.077356203388113526e-03,1.492281257280590578e+00,7.121834907719850304e-04,5.042204608976058600e-03,9.999870343996249966e-01,3.805667207860957690e-01,0.000000000000000000e+00,0.000000000000000000e+00,0.000000000000000000e+00,1.000000000000000056e-01
9.980427507121629738e-01,-6.229943011656811913e-02,-5.426670991508055972e-03,2.602740998852422294e+01,6.227991346664137062e-02,9.980518848553983080e-01,-3.694254346192585997e-03,1.564911811627341276e+00,5.646249152038181410e-03,3.349051169741356845e-03,9.999784516312216764e-01,3.892683577482922153e-01,0.000000000000000000e+00,0.000000000000000000e+00,0.000000000000000000e+00,1.000000000000000056e-01
9.981059015968162251e-01,-6.088812239752160876e-02,-8.788956053544495772e-03,2.698242266050054639e+01,6.084732603376239585e-02,9.981353642781923829e-01,-4.837095386818371194e-03,1.630829451832764843e+00,9.067089508090743488e-03,4.293148977683719676e-03,9.999496771136573425e-01,4.089216158288752623e-01,0.000000000000000000e+00,0.000000000000000000e+00,0.000000000000000000e+00,1.000000000000000056e-01
9.981588183063009323e-01,-6.020227222993137367e-02,-7.393230398292176785e-03,2.795313817124493383e+01,6.014387053176666748e-02,9.981585915209122417e-01,-7.882956960860299303e-03,1.684972496820363208e+00,7.854188362083456762e-03,7.423785512925339808e-03,9.999415978615106004e-01,4.328162967111455761e-01,0.000000000000000000e+00,0.000000000000000000e+00,0.000000000000000000e+00,1.000000000000000056e-01
9.982174370856464751e-01,-5.952917401281562076e-02,-4.269161453409846610e-03,2.896361069587999992e+01,5.947909084962672149e-02,9.981686148310712214e-01,-1.102969255792602549e-02,1.732462245060500283e+00,4.917931462028945003e-03,1.075610559507645878e-02,9.999300576253132844e-01,4.495154215613027526e-01,0.000000000000000000e+00,0.000000000000000000e+00,0.000000000000000000e+00,1.000000000000000056e-01
9.982300939776236337e-01,-5.945750115197374897e-02,-1.218619788054487547e-03,2.992152272264844370e+01,5.943003841826806355e-02,9.981010299824945031e-01,-1.619890371249837688e-02,1.780074313738859493e+00,2.179452001760816878e-03,1.609781055444039002e-02,9.998680465363043446e-01,4.575190769901529286e-01,0.000000000000000000e+00,0.000000000000000000e+00,0.000000000000000000e+00,1.000000000000000056e-01
9.982664726065089145e-01,-5.881981178861691445e-02,-2.068673707923733562e-03,3.085096547183553639e+01,5.875826729638104068e-02,9.980165473835699297e-01,-2.259285667872623984e-02,1.825465795643281375e+00,3.393478169255085761e-03,2.243213966009726876e-02,9.997426085829215214e-01,4.783422606274987943e-01,0.000000000000000000e+00,0.000000000000000000e+00,0.000000000000000000e+00,1.000000000000000056e-01
9.982822814425190705e-01,-5.836934417815447390e-02,-5.050368118384559492e-03,3.180006038714477867e+01,5.822350536636358015e-02,9.979816068330491508e-01,-2.535223551835795452e-02,1.863922464102647725e+00,6.519967850540492847e-03,2.501463737769157175e-02,9.996658231309553111e-01,4.922992888485066554e-01,0.000000000000000000e+00,0.000000000000000000e+00,0.000000000000000000e+00,1.000000000000000056e-01
9.982868557918249675e-01,-5.793760141574633843e-02,-8.160140652113130610e-03,3.278827293939585275e+01,5.770623675328456076e-02,9.979898649786838050e-01,-2.619579431134467368e-02,1.936479072333677554e+00,9.661459157189015989e-03,2.568002612963070364e-02,9.996235253658927178e-01,5.071203927565551828e-01,0.000000000000000000e+00,0.000000000000000000e+00,0.000000000000000000e+00,1.000000000000000056e-01
9.982134672758379290e-01,-5.896954050185913149e-02,-9.615978481108712617e-03,3.376157348116844048e+01,5.869501862374038731e-02,9.979190504693827846e-01,-2.669201189577741565e-02,2.000587378594698595e+00,1.116998379176617484e-02,2.607991570701772774e-02,9.995974537076445232e-01,5.234560329888001684e-01,0.000000000000000000e+00,0.000000000000000000e+00,0.000000000000000000e+00,1.000000000000000056e-01
9.982075025729512108e-01,-5.921937400522477718e-02,-8.651447826862872920e-03,3.472999807030581820e+01,5.895671133207281561e-02,9.978682337700848226e-01,-2.798382070908167832e-02,2.071370085202415723e+00,1.029018930721195546e-02,2.742359887032881291e-02,9.995709370670102789e-01,5.504256562961454824e-01,0.000000000000000000e+00,0.000000000000000000e+00,0.000000000000000000e+00,1.000000000000000056e-01
9.981752599276312310e-01,-5.973523316458705795e-02,-8.823399978365524879e-03,3.571423471799154470e+01,5.949105495939418370e-02,9.978969424725564474e-01,-2.573920324605494248e-02,2.136431902397597504e+00,1.034238116799716424e-02,2.516732251741936321e-02,9.996297519727391778e-01,5.614424645821296522e-01,0.000000000000000000e+00,0.000000000000000000e+00,0.000000000000000000e+00,1.000000000000000056e-01
9.982718447191814004e-01,-5.817234924136033269e-02,-8.324771750857567001e-03,3.670131885485093903e+01,5.795400743861620074e-02,9.980204023307805983e-01,-2.442559217934330007e-02,2.205111340309501511e+00,9.729186130786585465e-03,2.390092707925746407e-02,9.996669888627834899e-01,5.866712205171230599e-01,0.000000000000000000e+00,0.000000000000000000e+00,0.000000000000000000e+00,1.000000000000000056e-01
9.982197651638679003e-01,-5.927427879675623706e-02,-6.622711628696389095e-03,3.771244374835951163e+01,5.909559738017961666e-02,9.979509831158639432e-01,-2.452642795761963285e-02,2.269676802213636435e+00,8.062927909398928672e-03,2.409139205618911900e-02,9.996772449257423920e-01,6.048333802316895325e-01,0.000000000000000000e+00,0.000000000000000000e+00,0.000000000000000000e+00,1.000000000000000056e-01
9.983529717127721526e-01,-5.719362361370714659e-02,-4.498142973538604011e-03,3.870642104035488273e+01,5.706806584583563186e-02,9.980740214511103492e-01,-2.432043513229024609e-02,2.331194739121253523e+00,5.880453459739518052e-03,2.402367836827179123e-02,9.996940947833820035e-01,6.365285127409663346e-01,0.000000000000000000e+00,0.000000000000000000e+00,0.000000000000000000e+00,1.000000000000000056e-01
9.983813489667273666e-01,-5.679245385328498402e-02,-3.049462362479541788e-03,3.972086931252223252e+01,5.672038606745451877e-02,9.981893722134501656e-01,-2.001936573613786324e-02,2.394796898456962086e+00,4.180889825933642792e-03,1.981399468660559327e-02,9.997949418629915597e-01,6.550420432796828507e-01,0.000000000000000000e+00,0.000000000000000000e+00,0.000000000000000000e+00,1.000000000000000056e-01
9.982816161362533247e-01,-5.853912085599002890e-02,-2.643144679709226019e-03,4.073003937958348075e+01,5.846404505175238631e-02,9.980296781583249954e-01,-2.277535842477429115e-02,2.464357569472775733e+00,3.971186293382440551e-03,2.258169268673329219e-02,9.997371138628520226e-01,6.742666291508281340e-01,0.000000000000000000e+00,0.000000000000000000e+00,0.000000000000000000e+00,1.000000000000000056e-01
9.983378087054195493e-01,-5.741026244934231693e-02,-5.067689291854513001e-03,4.174548070760870644e+01,5.728724600224811836e-02,9.981203383440221399e-01,-2.177065983135727939e-02,2.527733200604611596e+00,6.308023045221780589e-03,2.144415886698290002e-02,9.997501472346721485e-01,7.099615079217755920e-01,0.000000000000000000e+00,0.000000000000000000e+00,0.000000000000000000e+00,1.000000000000000056e-01
9.983907627080560454e-01,-5.628179434068295711e-02,-6.945830765220887583e-03,4.277729441267415211e+01,5.615054915841916766e-02,9.982630850488863894e-01,-1.783055966277503901e-02,2.603644584589570599e+00,7.937302339836452628e-03,1.741185384940087399e-02,9.998168965251053031e-01,7.362187848196382056e-01,0.000000000000000000e+00,0.000000000000000000e+00,0.000000000000000000e+00,1.000000000000000056e-01
9.984111404949272961e-01,-5.586933795848197243e-02,-7.335639828907689584e-03,4.383679929937490982e+01,5.571762079839221588e-02,9.982566590912904658e-01,-1.947278389089775186e-02,2.670436480314824390e+00,8.410782852095446613e-03,1.903311997482181467e-02,9.997834760966191059e-01,7.619183440913775973e-01,0.000000000000000000e+00,0.000000000000000000e+00,0.000000000000000000e+00,1.000000000000000056e-01
9.983886241963343400e-01,-5.631505452871964773e-02,-6.983531254177113672e-03,4.484252271329687289e+01,5.614776169358678265e-02,9.981756461849957685e-01,-2.219928422193634399e-02,2.729999452103135216e+00,8.220944723748244490e-03,2.177140318384316459e-02,9.997291743623648586e-01,7.949940876221924801e-01,0.000000000000000000e+00,0.000000000000000000e+00,0.000000000000000000e+00,1.000000000000000056e-01
9.985036159802632705e-01,-5.439567238056758347e-02,-5.624917830951155218e-03,4.582439007480277127e+01,5.425506838496506334e-02,9.982692209081254209e-01,-2.269251290683706526e-02,2.790527830061181547e+00,6.849556838347942850e-03,2.235337589157753921e-02,9.997266677234173393e-01,8.157318149958966425e-01,0.000000000000000000e+00,0.000000000000000000e+00,0.000000000000000000e+00,1.000000000000000056e-01
9.983265327736261519e-01,-5.726529656864946805e-02,-8.051072543114512828e-03,4.673784805256078556e+01,5.709325778673370044e-02,9.981648291237916748e-01,-2.018251261784135067e-02,2.846890252741128169e+00,9.192055019822344478e-03,1.968907588426578939e-02,9.997638953349616830e-01,8.402241717872329652e-01,0.000000000000000000e+00,0.000000000000000000e+00,0.000000000000000000e+00,1.000000000000000056e-01
9.984165423332084233e-01,-5.480630213557564218e-02,-1.267585269813083226e-02,4.769211873511919464e+01,5.456410738785114761e-02,9.983347216380868971e-01,-1.872276039398705280e-02,2.904513628725408747e+00,1.368086913787867898e-02,1.800146710764429989e-02,9.997443578243413453e-01,8.561469698107238013e-01,0.000000000000000000e+00,0.000000000000000000e+00,0.000000000000000000e+00,1.000000000000000056e-01
9.985155008304584801e-01,-5.314606022492979892e-02,-1.192857425959945560e-02,4.865430584047174989e+01,5.289561716636276972e-02,9.983914236070827730e-01,-2.041124573396230213e-02,2.964148112545275993e+00,1.299416353168730658e-02,1.974997595924462418e-02,9.997205060234189977e-01,8.824139569142755990e-01,0.000000000000000000e+00,0.000000000000000000e+00,0.000000000000000000e+00,1.000000000000000056e-01
9.987185135056936280e-01,-4.847011849241086856e-02,-1.455947781719116318e-02,4.961873527386560312e+01,4.817397121783270619e-02,9.986377910993190499e-01,-2.004571488813176525e-02,3.030305425505825490e+00,1.551126294281214915e-02,1.931863870992186691e-02,9.996930483504996579e-01,9.031075632661930142e-01,0.000000000000000000e+00,0.000000000000000000e+00,0.000000000000000000e+00,1.000000000000000056e-01
9.988052229203823185e-01,-4.750515166488072927e-02,-1.146242697956923774e-02,5.062750001111164977e+01,4.722806974494202226e-02,9.986113926655337814e-01,-2.334086259695528076e-02,3.092064744237245755e+00,1.255532138705212596e-02,2.277162716846853341e-02,9.996618512782050603e-01,9.413787970276704664e-01,0.000000000000000000e+00,0.000000000000000000e+00,0.000000000000000000e+00,1.000000000000000056e-01
9.989160712244592455e-01,-4.542244873540086242e-02,-1.017269877519484320e-02,5.157914524063779282e+01,4.518101758761849246e-02,9.987180626906813075e-01,-2.282338504954161892e-02,3.143277091297520975e+00,1.119635205047957854e-02,2.233903324345555205e-02,9.996877558990654444e-01,9.661730141869688815e-01,0.000000000000000000e+00,0.000000000000000000e+00,0.000000000000000000e+00,1.000000000000000056e-01
9.989558627675463320e-01,-4.452823501357487668e-02,-1.021863635340119168e-02,5.253756239063211808e+01,4.423990993710846809e-02,9.986589204723979041e-01,-2.689220946038634735e-02,3.181909021650980662e+00,1.140239497227399888e-02,2.641205875127128344e-02,9.995861086176696109e-01,9.920872807342708821e-01,0.000000000000000000e+00,0.000000000000000000e+00,0.000000000000000000e+00,1.000000000000000056e-01
9.989141514593108395e-01,-4.511417570260658344e-02,-1.162880754846556085e-02,5.352174737108011016e+01,4.474992177448825631e-02,9.985512233520782432e-01,-2.988141300616648302e-02,3.237023448360791811e+00,1.296003532024851516e-02,2.932857808933559893e-02,9.994858037970102416e-01,1.033632391507985471e+00,0.000000000000000000e+00,0.000000000000000000e+00,0.000000000000000000e+00,1.000000000000000056e-01
9.989255728016346314e-01,-4.477777506556333831e-02,-1.194365367481818249e-02,5.448301174875921760e+01,4.441629647405127834e-02,9.985925605078251888e-01,-2.898431827651929901e-02,3.276651145434632095e+00,1.322469698917006289e-02,2.842268387403281207e-02,9.995085084334907055e-01,1.052485692623440716e+00,0.000000000000000000e+00,0.000000000000000000e+00,0.000000000000000000e+00,1.000000000000000056e-01
9.988972473985968659e-01,-4.636690165402365671e-02,-7.375606450493430583e-03,5.542511184359254628e+01,4.611226032466010649e-02,9.984366137706229827e-01,-3.159094379727657442e-02,3.319957543569147518e+00,8.828849713141535133e-03,3.121600091712595226e-02,9.994736678369694483e-01,1.085357004171805029e+00,0.000000000000000000e+00,0.000000000000000000e+00,0.000000000000000000e+00,1.000000000000000056e-01
9.987722246328557540e-01,-4.950467094740174101e-02,-1.825063375814485900e-03,5.636662084807118589e+01,4.942222447330008039e-02,9.982760470556983901e-01,-3.166034748640182001e-02,3.366120239774291978e+00,3.389252136828932883e-03,3.153127699980528414e-02,9.994970192755526783e-01,1.122280470454254386e+00,0.000000000000000000e+00,0.000000000000000000e+00,0.000000000000000000e+00,1.000000000000000056e-01
9.987778861635890904e-01,-4.939552712368126125e-02,-1.678097364962035341e-03,5.732364302013556312e+01,4.932717269670131716e-02,9.983704860208254539e-01,-2.869150878379587988e-02,3.427780848483641840e+00,3.092595082196741667e-03,2.857366869540033799e-02,9.995869053328695353e-01,1.134336702581479450e+00,0.000000000000000000e+00,0.000000000000000000e+00,0.000000000000000000e+00,1.000000000000000056e-01
9.987077016125037732e-01,-5.059828935700735886e-02,-4.768632300229433407e-03,5.822727899943171082e+01,5.044319307461994639e-02,9.983230364175562643e-01,-2.840069066884139473e-02,3.481356140763080198e+00,6.197661841924780035e-03,2.812344346226392997e-02,9.995852444466745146e-01,1.152280786869551710e+00,0.000000000000000000e+00,0.000000000000000000e+00,0.000000000000000000e+00,1.000000000000000056e-01
9.985016624404758900e-01,-5.368743911507795064e-02,-1.058720854950908653e-02,5.914438936042108708e+01,5.336861507338440391e-02,9.981711444113305909e-01,-2.839291090613046617e-02,3.539216921324275678e+00,1.209218874955761934e-02,2.778534408351519477e-02,9.995407713672342931e-01,1.173331943925895571e+00,0.000000000000000000e+00,0.000000000000000000e+00,0.000000000000000000e+00,1.000000000000000056e-01
9.984246783755679200e-01,-5.376632487740561073e-02,-1.604194252018968994e-02,6.008773276031799071e+01,5.332743842723466909e-02,9.982217844680788543e-01,-2.663556502411383586e-02,3.598416262064658255e+00,1.744551293121786653e-02,2.573812974055372793e-02,9.995164844843856811e-01,1.206914286986659590e+00,0.000000000000000000e+00,0.000000000000000000e+00,0.000000000000000000e+00,1.000000000000000056e-01
9.983999285983664596e-01,-5.426168370886821912e-02,-1.591390133988000027e-02,6.100057637658211007e+01,5.387882332627248749e-02,9.982691738123138370e-01,-2.357390534163907730e-02,3.666856038537152251e+00,1.716551693812350121e-02,2.267876313115398113e-02,9.995954275261006439e-01,1.223792136840263556e+00,0.000000000000000000e+00,0.000000000000000000e+00,0.000000000000000000e+00,1.000000000000000056e-01
9.983809396149649906e-01,-5.531199033128879339e-02,-1.326963221536321506e-02,6.191985036722655167e+01,5.502131757245493082e-02,9.982568458810996415e-01,-2.135238310141355025e-02,3.726374373912460403e+00,1.442754400896607316e-02,2.058769965561678059e-02,9.996839463534259451e-01,1.259088723270261667e+00,0.000000000000000000e+00,0.000000000000000000e+00,0.000000000000000000e+00,1.000000000000000056e-01
9.982363580324942198e-01,-5.806968516898023541e-02,-1.233228147576970538e-02,6.280439414462934877e+01,5.780291406401303483e-02,9.981074026596247206e-01,-2.098656431544233467e-02,3.789290197688252260e+00,1.352762461522419649e-02,2.023670972350472344e-02,9.997036955777627298e-01,1.295420629399994805e+00,0.000000000000000000e+00,0.000000000000000000e+00,0.000000000000000000e+00,1.000000000000000056e-01
9.983039026771673985e-01,-5.638909693838661807e-02,-1.447714219070453563e-02,6.363177010113453491e+01,5.608514872587287703e-02,9.982133160705755071e-01,-2.060659389083970006e-02,3.851655890750186551e+00,1.561326333388893782e-02,1.975969042921747743e-02,9.996828400258794822e-01,1.325035846790530991e+00,0.000000000000000000e+00,0.000000000000000000e+00,0.000000000000000000e+00,1.000000000000000056e-01
9.982751737813234660e-01,-5.730456785816814141e-02,-1.276181470077537329e-02,6.445249694548058983e+01,5.706643524422099628e-02,9.982026178781615577e-01,-1.830179307341369549e-02,3.899203645709180321e+00,1.378765318629157112e-02,1.754195438865133183e-02,9.997510592421700037e-01,1.351263989582030645e+00,0.000000000000000000e+00,0.000000000000000000e+00,0.000000000000000000e+00,1.000000000000000056e-01
9.981516120353272070e-01,-5.911160850482001516e-02,-1.411301283392229176e-02,6.526263112553371570e+01,5.884663764510753015e-02,9.980955016022050597e-01,-1.850521330079881246e-02,3.950143370229012518e+00,1.518000754752703470e-02,1.764050513493133424e-02,9.997291532957521820e-01,1.381319656031477550e+00,0.000000000000000000e+00,0.000000000000000000e+00,0.000000000000000000e+00,1.000000000000000056e-01
9.981172938084006407e-01,-6.001914632948801565e-02,-1.263209699434092448e-02,6.606874665898463661e+01,5.978001722779373306e-02,9.980396518497109959e-01,-1.852573550368323552e-02,3.992764827539404759e+00,1.371923251642075126e-02,1.773571001080165993e-02,9.997485820192860695e-01,1.414032783714097130e+00,0.000000000000000000e+00,0.000000000000000000e+00,0.000000000000000000e+00,1.000000000000000056e-01
9.980141308280237045e-01,-6.162265852699445184e-02,-1.305536761833291440e-02,6.681955843296087494e+01,6.138437672076051815e-02,9.979531830252091895e-01,-1.792770996131941991e-02,4.046486222875559591e+00,1.413339881939695841e-02,1.709071227067134047e-02,9.997540470495195342e-01,1.437428788691017534e+00,0.000000000000000000e+00,0.000000000000000000e+00,0.000000000000000000e+00,1.000000000000000056e-01
9.979313985650783980e-01,-6.326521884193807288e-02,-1.142085123046504905e-02,6.760795179633477403e+01,6.306123061878864122e-02,9.978576910099702379e-01,-1.741578838567974657e-02,4.101383034886320722e+00,1.249819790172514503e-02,1.665954912752760225e-02,9.997831037140390009e-01,1.457210005980979606e+00,0.000000000000000000e+00,0.000000000000000000e+00,0.000000000000000000e+00,1.000000000000000056e-01
9.978149823435783494e-01,-6.559482081514078633e-02,-7.910783331255952580e-03,6.835961549402128412e+01,6.546756187249247461e-02,9.977359173308470996e-01,-1.539602580033044149e-02,4.160942611732769691e+00,8.902772217454191575e-03,1.484448551491911530e-02,9.998501797252633549e-01,1.481522337823745428e+00,0.000000000000000000e+00,0.000000000000000000e+00,0.000000000000000000e+00,1.000000000000000056e-01
9.979235261792630540e-01,-6.401137094506834102e-02,-7.154039955061897681e-03,6.905446385907714557e+01,6.391901508153777223e-02,9.978771976697751178e-01,-1.246827500990985507e-02,4.209915599558950561e+00,7.936964719079234870e-03,1.198510577548050210e-02,9.998966755773311954e-01,1.507007705307861212e+00,0.000000000000000000e+00,0.000000000000000000e+00,0.000000000000000000e+00,1.000000000000000056e-01
9.979920589407739184e-01,-6.271096922536081864e-02,-8.898574603311684705e-03,6.971779891370957216e+01,6.261866188626105667e-02,9.979843916320313424e-01,-1.029840970337216575e-02,4.258573123375404279e+00,9.526461815856583637e-03,9.720514269329587689e-03,9.999073747740891971e-01,1.539171828125283747e+00,0.000000000000000000e+00,0.000000000000000000e+00,0.000000000000000000e+00,1.000000000000000056e-01
9.977287620460953965e-01,-6.591878522664690321e-02,-1.385753009050000317e-02,7.040517692487581769e+01,6.578922664866060366e-02,9.977872979838382506e-01,-9.606541473512555246e-03,4.318881987399030287e+00,1.446011904989308317e-02,8.673046543997614544e-03,9.998578315044137632e-01,1.562282442605513966e+00,0.000000000000000000e+00,0.000000000000000000e+00,0.000000000000000000e+00,1.000000000000000056e-01
9.977127861667610675e-01,-6.524735527030578464e-02,-1.766292585019460515e-02,7.114580312964261566e+01,6.507216511521812796e-02,9.978272101880975020e-01,-1.031852389909048741e-02,4.373718786220243793e+00,1.829780441956801312e-02,9.145558401148163111e-03,9.997907526652536347e-01,1.589821967366000788e+00,0.000000000000000000e+00,0.000000000000000000e+00,0.000000000000000000e+00,1.000000000000000056e-01
9.975807253696630239e-01,-6.725105878616528809e-02,-1.760657442765947364e-02,7.185586192799242156e+01,6.707400336849768385e-02,9.976931584855739388e-01,-1.046133754364791599e-02,4.424734709338633998e+00,1.826949487697270350e-02,9.255085262660639467e-03,9.997902624819473560e-01,1.611788926086308749e+00,0.000000000000000000e+00,0.000000000000000000e+00,0.000000000000000000e+00,1.000000000000000056e-01
9.975720124017671830e-01,-6.790073864566306683e-02,-1.547804135095066751e-02,7.253583124344707755e+01,6.776652949388578540e-02,9.976602770465210490e-01,-9.037094876846113803e-03,4.475942518374119494e+00,1.605545243967574157e-02,7.966259776844295329e-03,9.998393676746906156e-01,1.630127090310437898e+00,0.000000000000000000e+00,0.000000000000000000e+00,0.000000000000000000e+00,1.000000000000000056e-01
9.975115762688955279e-01,-6.887264697701578342e-02,-1.507360965140099561e-02,7.317175424226175551e+01,6.873507006459453339e-02,9.975900676868043604e-01,-9.462927446223332040e-03,4.523544303757161877e+00,1.568902013379843904e-02,8.403294057485036217e-03,9.998416071039576414e-01,1.649911727484903334e+00,0.000000000000000000e+00,0.000000000000000000e+00,0.000000000000000000e+00,1.000000000000000056e-01
9.974180290813977612e-01,-6.980955727350403317e-02,-1.684936131303934118e-02,7.375512148698575743e+01,6.964164337836105390e-02,9.975183242236279613e-01,-1.035540176170500308e-02,4.560297986487744204e+00,1.753045267359532380e-02,9.155247203789998803e-03,9.998044132117522853e-01,1.676293621523731625e+00,0.000000000000000000e+00,0.000000000000000000e+00,0.000000000000000000e+00,1.000000000000000056e-01
9.973895154650627148e-01,-6.930110639891817748e-02,-2.028573617725746778e-02,7.439726590394795380e+01,6.895503518937443066e-02,9.974699287550755633e-01,-1.729000726941964244e-02,4.590749651894196148e+00,2.143262845288938442e-02,1.584606832088871625e-02,9.996447091623954506e-01,1.709193171375157583e+00,0.000000000000000000e+00,0.000000000000000000e+00,0.000000000000000000e+00,1.000000000000000056e-01
9.973544051703641111e-01,-6.836433835548262616e-02,-2.470845459526549784e-02,7.502375971089219320e+01,6.787291441650224189e-02,9.974892712702723152e-01,-2.020943317639752046e-02,4.613545133862691827e+00,2.602802289608974542e-02,1.847893238036768526e-02,9.994904056979249107e-01,1.730885608351307559e+00,0.000000000000000000e+00,0.000000000000000000e+00,0.000000000000000000e+00,1.000000000000000056e-01
9.976940610431976886e-01,-6.322125473909766258e-02,-2.469075754905551007e-02,7.561203784829217511e+01,6.272620357518506051e-02,9.978235778922370791e-01,-2.033545640941492039e-02,4.653918225824704713e+00,2.592265310836376624e-02,1.873980660382849883e-02,9.994882869270027559e-01,1.760758235376909564e+00,0.000000000000000000e+00,0.000000000000000000e+00,0.000000000000000000e+00,1.000000000000000056e-01
9.980048887265722257e-01,-5.844116110248469970e-02,-2.389294387168963002e-02,7.618355009468069738e+01,5.806836132255852739e-02,9.981842173265966789e-01,-1.601042452286855627e-02,4.706528485744809309e+00,2.478522727705095158e-02,1.459105784660973300e-02,9.995863112006595497e-01,1.772340117127531922e+00,0.000000000000000000e+00,0.000000000000000000e+00,0.000000000000000000e+00,1.000000000000000056e-01
9.984771952236609627e-01,-5.134287941510828207e-02,-2.017918114435702376e-02,7.672239236442567289e+01,5.097592835001418105e-02,9.985322592762995164e-01,-1.829704657651450017e-02,4.725847980259225700e+00,2.108898639445112855e-02,1.724053125441818435e-02,9.996289405248930393e-01,1.799896678970921426e+00,0.000000000000000000e+00,0.000000000000000000e+00,0.000000000000000000e+00,1.000000000000000056e-01
9.988848135904706549e-01,-4.397207224794945357e-02,-1.719261587285988296e-02,7.728885358683774598e+01,4.357700820629770155e-02,9.987918023291108005e-01,-2.271519218397203416e-02,4.732788455553759377e+00,1.817067786624547432e-02,2.194065774737928576e-02,9.995941346384008552e-01,1.820092866946949828e+00,0.000000000000000000e+00,0.000000000000000000e+00,0.000000000000000000e+00,1.000000000000000056e-01
9.992558337204902053e-01,-3.572860261487432326e-02,-1.453429498656581137e-02,7.784351147966660278e+01,3.535512735216583130e-02,9.990573196950334189e-01,-2.518902407176396019e-02,4.737954732475135877e+00,1.542056242425195872e-02,2.465641739921201059e-02,9.995770442219826801e-01,1.852888535930175884e+00,0.000000000000000000e+00,0.000000000000000000e+00,0.000000000000000000e+00,1.000000000000000056e-01
9.996055261532510450e-01,-2.389147140150470194e-02,-1.476447351425921699e-02,7.833022514879175446e+01,2.357467936071119818e-02,9.994957769720461682e-01,-2.127031518537779442e-02,4.752361393596133965e+00,1.526520805367015919e-02,2.091385687329667953e-02,9.996647358058408095e-01,1.877624580314433800e+00,0.000000000000000000e+00,0.000000000000000000e+00,0.000000000000000000e+00,1.000000000000000056e-01
9.998487395489218388e-01,-9.570308494670373700e-03,-1.452264499838375536e-02,7.883434423413451952e+01,9.285952865286519614e-03,9.997662872532533385e-01,-1.952285714819851359e-02,4.762430413564454845e+00,1.470609063673679676e-02,1.938504751508566409e-02,9.997039315872584542e-01,1.885358117396616739e+00,0.000000000000000000e+00,0.000000000000000000e+00,0.000000000000000000e+00,1.000000000000000056e-01
9.998650736447278753e-01,9.307890466474079069e-03,-1.353505376742452845e-02,7.932732990219901126e+01,-9.476801819413937719e-03,9.998773443017549001e-01,-1.246942578250248741e-02,4.753926788343225240e+00,1.341732956659054052e-02,1.259601235049831285e-02,9.998306435292767524e-01,1.900135370522229916e+00,0.000000000000000000e+00,0.000000000000000000e+00,0.000000000000000000e+00,1.000000000000000056e-01
9.994180143959726648e-01,3.147595660328579570e-02,-1.314901732903949599e-02,7.981793580336186267e+01,-3.166479702826660581e-02,9.993946764623795609e-01,-1.440906963736123328e-02,4.724680483235631279e+00,1.268751866875434536e-02,1.481704473111005935e-02,9.998097229250505480e-01,1.919597373726696476e+00,0.000000000000000000e+00,0.000000000000000000e+00,0.000000000000000000e+00,1.000000000000000056e-01
9.983436697095311452e-01,5.608329782306877009e-02,-1.282890705382323110e-02,8.030469636353357998e+01,-5.630214391979868060e-02,9.982623899493217046e-01,-1.738589666087604971e-02,4.705310483786115050e+00,1.183155699563428337e-02,1.807939484488775214e-02,9.997665476205440660e-01,1.938418900074606155e+00,0.000000000000000000e+00,0.000000000000000000e+00,0.000000000000000000e+00,1.000000000000000056e-01
9.963618889415197799e-01,8.450164967975996866e-02,-1.106605016642256932e-02,8.077379956357658841e+01,-8.469437304598058380e-02,9.962390968558966220e-01,-1.829002651981954594e-02,4.656084711606315985e+00,9.478894409947554930e-03,1.916071755301841997e-02,9.997714826217131145e-01,1.955056769653937820e+00,0.000000000000000000e+00,0.000000000000000000e+00,0.000000000000000000e+00,1.000000000000000056e-01
9.930475477027591591e-01,1.173393773117173827e-01,-9.382885144493060409e-03,8.123919731789524690e+01,-1.175006203854657566e-01,9.928904630558005318e-01,-1.902978144563765781e-02,4.592647590727847451e+00,7.083234470705911633e-03,1.999997262339344925e-02,9.997748891047907316e-01,1.970404746649809136e+00,0.000000000000000000e+00,0.000000000000000000e+00,0.000000000000000000e+00,1.000000000000000056e-01
