1.000000000000000000e+00,-1.561494628484537392e-09,-5.552484612354721661e-11,2.095978442709106294e-16,1.561494628484419105e-09,1.000000000000000000e+00,-2.130920552630358704e-12,3.192091971702056355e-15,5.552484612687464110e-11,2.130920465928609351e-12,1.000000000000000000e+00,1.077790863326993233e-16,0.000000000000000000e+00,0.000000000000000000e+00,0.000000000000000000e+00,1.000000000000000056e-01
9.999820790567746087e-01,-5.911473734485182298e-03,-9.465957833838208654e-04,6.406295627049335417e-01,5.909944272524202298e-03,9.999812392860785160e-01,-1.610476505310909660e-03,6.997611785588868198e-03,9.560983141322805783e-04,1.604853315724487405e-03,9.999982551594021052e-01,8.287467592627818097e-03,0.000000000000000000e+00,0.000000000000000000e+00,0.000000000000000000e+00,1.000000000000000056e-01
9.999352557263850860e-01,-1.129175466073406402e-02,-1.407349313670341016e-03,1.303370914839468098e+00,1.129241576327227707e-02,9.999361315914484516e-01,4.626922938539635767e-04,1.593971766258692538e-02,1.402034820643789821e-03,-4.785547107516122003e-04,9.999989026412731130e-01,1.336792798131192575e-02,0.000000000000000000e+00,0.000000000000000000e+00,0.000000000000000000e+00,1.000000000000000056e-01
9.998136998170003009e-01,-1.918556078171892998e-02,-2.116581142337873016e-03,2.028935254311837078e+00,1.918979274865117990e-02,9.998138634416178228e-01,1.997579587864711532e-03,2.287884995110301897e-02,2.077862484609201924e-03,-2.037824191879103030e-03,9.999957648710608993e-01,1.893786442017930671e-02,0.000000000000000000e+00,0.000000000000000000e+00,0.000000000000000000e+00,1.000000000000000056e-01
9.996303721571192513e-01,-2.713757331806083625e-02,-1.634373098795251873e-03,2.746131538525113491e+00,2.714397534131720788e-02,9.996234055375786687e-01,4.031340239108353353e-03,4.242605897554491828e-02,1.524356811627863373e-03,-4.074213526604063447e-03,9.999905385154653770e-01,2.501321406507427125e-02,0.000000000000000000e+00,0.000000000000000000e+00,0.000000000000000000e+00,1.000000000000000056e-01
9.994367760701419190e-01,-3.350406645017133672e-02,-1.899518313553956450e-03,3.443837602774244555e+00,3.350800019498586385e-02,9.994362882982495977e-01,2.078354048517847431e-03,5.935060883925138281e-02,1.828814220704392049e-03,-2.140832529803949908e-03,9.999960361294566447e-01,3.096297606176899586e-02,0.000000000000000000e+00,0.000000000000000000e+00,0.000000000000000000e+00,1.000000000000000056e-01
9.991214919605807543e-01,-4.186460647919611894e-02,-1.897110119423269263e-03,4.182089823244079518e+00,4.187222394090515248e-02,9.991142666515201443e-01,4.171215127247339220e-03,9.703747040626563292e-02,1.720803505882477534e-03,-4.246986900984953649e-03,9.999895009136631208e-01,4.494618137677468955e-02,0.000000000000000000e+00,0.000000000000000000e+00,0.000000000000000000e+00,1.000000000000000056e-01
9.988784657241969178e-01,-4.726160333807264552e-02,-2.855094112132041360e-03,4.952379504271440247e+00,4.727874827299375499e-02,9.988620565323498290e-01,6.269926770206708626e-03,1.370618641737541832e-01,2.555518384465342054e-03,-6.397880108250343471e-03,9.999762679463484183e-01,5.320929742718812777e-02,0.000000000000000000e+00,0.000000000000000000e+00,0.000000000000000000e+00,1.000000000000000056e-01
9.985230924818266907e-01,-5.430365165683879308e-02,-1.657467122462635877e-03,5.737939043705197584e+00,5.431258967183964087e-02,9.985063558490732127e-01,5.932953070972975251e-03,1.898056681360376918e-01,1.332810439527327756e-03,-6.014211979694364038e-03,9.999810262552962792e-01,5.605477451445290554e-02,0.000000000000000000e+00,0.000000000000000000e+00,0.000000000000000000e+00,1.000000000000000056e-01
9.980608125262205865e-01,-6.221398608226747645e-02,2.008590365328005896e-03,6.546376920985659709e+00,6.220391465501696332e-02,9.980522145771307807e-01,4.738140909275908100e-03,2.393538832885831191e-01,-2.299456694879417964e-03,-4.604010582113885267e-03,9.999867577050548517e-01,5.842272813340499554e-02,0.000000000000000000e+00,0.000000000000000000e+00,0.000000000000000000e+00,1.000000000000000056e-01
9.978618777232062254e-01,-6.524847815329799794e-02,3.782735173874568133e-03,7.370630064710126383e+00,6.522620129094781893e-02,9.978539921143202429e-01,5.740477912751358776e-03,3.071232067667584165e-01,-4.149174842041641539e-03,-5.481470623165171814e-03,9.999763686347480363e-01,6.856856583851438092e-02,0.000000000000000000e+00,0.000000000000000000e+00,0.000000000000000000e+00,1.000000000000000056e-01
9.975285147414424403e-01,-7.018630164514064185e-02,3.278008405892068444e-03,8.187458203564597525e+00,7.016708309249283793e-02,9.975192516367286100e-01,5.650049945976911257e-03,3.678514327235174464e-01,-3.666432601722808150e-03,-5.406077642631196105e-03,9.999786655706704996e-01,7.378365734221800643e-02,0.000000000000000000e+00,0.000000000000000000e+00,0.000000000000000000e+00,1.000000000000000056e-01
9.972429887470974919e-01,-7.411869535695270184e-02,3.583349458219481885e-03,9.020348871657946077e+00,7.409602903363929349e-02,9.972325081615088793e-01,6.091235289516324508e-03,4.420980526419432399e-01,-4.024906980610577951e-03,-5.808929719785143816e-03,9.999750279178515333e-01,7.790251772398580632e-02,0.000000000000000000e+00,0.000000000000000000e+00,0.000000000000000000e+00,1.000000000000000056e-01
9.970427571142710388e-01,-7.672035574459394602e-02,4.441565084023862270e-03,9.801374760554379506e+00,7.669994220443158983e-02,9.970436214733465752e-01,4.597362847420306473e-03,5.255090854109409904e-01,-4.781145449525785185e-03,-4.243099543604807178e-03,9.999795681684968685e-01,8.880722716582613308e-02,0.000000000000000000e+00,0.000000000000000000e+00,0.000000000000000000e+00,1.000000000000000056e-01
9.967929116945034584e-01,-7.987699098586555080e-02,4.853607590011966601e-03,1.057704921255618657e+01,7.985002019042204691e-02,9.967916175716193816e-01,5.517736360479844407e-03,5.617062535161320147e-01,-5.278775538234348023e-03,-5.112479828666494433e-03,9.999729981748599617e-01,9.225744066424422518e-02,0.000000000000000000e+00,0.000000000000000000e+00,0.000000000000000000e+00,1.000000000000000056e-01
9.965634644559006050e-01,-8.264021670613706794e-02,5.644102622714353840e-03,1.137795734235672995e+01,8.261710789202804384e-02,9.965724622480108819e-01,4.212003382463659455e-03,6.432073077377034043e-01,-5.972838120192678138e-03,-3.731229247793485786e-03,9.999752012590563677e-01,1.066629083068642708e-01,0.000000000000000000e+00,0.000000000000000000e+00,0.000000000000000000e+00,1.000000000000000056e-01
9.962760012819704691e-01,-8.609402667050375380e-02,4.684852320582302658e-03,1.223657963101488377e+01,8.606128956785011330e-02,9.962667002080765055e-01,6.790912635957730564e-03,7.242334879528654623e-01,-5.252019375985885787e-03,-6.362438853862926319e-03,9.999659672530386567e-01,1.003219911872887948e-01,0.000000000000000000e+00,0.000000000000000000e+00,0.000000000000000000e+00,1.000000000000000056e-01
9.960203765711116430e-01,-8.909456098083724795e-02,2.359800579031067890e-03,1.311247302246452229e+01,8.907963044858492607e-02,9.960075234729511839e-01,5.816581850384808065e-03,8.264051299814840768e-01,-2.868604936979910185e-03,-5.583223881464525508e-03,9.999802991643410577e-01,1.005503036913589915e-01,0.000000000000000000e+00,0.000000000000000000e+00,0.000000000000000000e+00,1.000000000000000056e-01
9.963050796873661463e-01,-8.588442762422687782e-02,-2.308263629232525419e-04,1.398628391672360216e+01,8.588270715174270431e-02,9.962594430445954607e-01,9.554201000626870097e-03,9.181366685595421240e-01,-5.905941405797252193e-04,-9.538722982208506715e-03,9.999543309383832623e-01,1.092488398329059945e-01,0.000000000000000000e+00,0.000000000000000000e+00,0.000000000000000000e+00,1.000000000000000056e-01
9.948011882086351676e-01,-1.018349542820944503e-01,4.878781112153420235e-04,1.494086054643033101e+01,1.018249009345226636e-01,9.947512700142115971e-01,1.007970013382156367e-02,1.038885947500866713e+00,-1.511783173048536271e-03,-9.977619529569806481e-03,9.999490795136324328e-01,1.110242592141863910e-01,0.000000000000000000e+00,0.000000000000000000e+00,0.000000000000000000e+00,1.000000000000000056e-01
9.940627396689472040e-01,-1.087892115964575607e-01,2.043781321004008687e-03,1.591611118718560114e+01,1.087640714882075893e-01,9.940185408922466159e-01,9.875075481089642601e-03,1.166703984648475245e+00,-3.105858202650483603e-03,-9.594154609465674680e-03,9.999491516282988934e-01,1.187182111650151028e-01,0.000000000000000000e+00,0.000000000000000000e+00,0.000000000000000000e+00,1.000000000000000056e-01
9.937730751401226970e-01,-1.113826814089872302e-01,2.995564836248643722e-03,1.683997526103641462e+01,1.113491106816328763e-01,9.937341221407596237e-01,9.688655404299141918e-03,1.281454277692549049e+00,-4.055943411043787770e-03,-9.294771394597870287e-03,9.999485769517193479e-01,1.258597795136079389e-01,0.000000000000000000e+00,0.000000000000000000e+00,0.000000000000000000e+00,1.000000000000000056e-01
9.934008781888892248e-01,-1.146563424241536233e-01,2.935703571350000308e-03,1.772893478977026760e+01,1.146268692345559226e-01,9.933699467314327514e-01,8.765259852080521663e-03,1.378766542989181554e+00,-3.921232335328057178e-03,-8.370906325226048356e-03,9.999572750194213322e-01,1.357155106809398160e-01,0.000000000000000000e+00,0.000000000000000000e+00,0.000000000000000000e+00,1.000000000000000056e-01
9.930581728044114431e-01,-1.175861904475730274e-01,2.992196917098118719e-03,1.863927326862591016e+01,1.175556971871026118e-01,9.930265944713916326e-01,8.879230338517700091e-03,1.487875506360209821e+00,-4.015405984186552237e-03,-8.465842461167315605e-03,9.999561020495874031e-01,1.416809650612907423e-01,0.000000000000000000e+00,0.000000000000000000e+00,0.000000000000000000e+00,1.000000000000000056e-01
9.925635264937961999e-01,-1.217042442975982547e-01,2.392236223618225341e-03,1.956441561533270956e+01,1.216871523320485066e-01,9.925483779132541207e-01,6.320953969525657488e-03,1.597007025323158080e+00,-3.143697109438622211e-03,-5.982843949039670477e-03,9.999771611125753967e-01,1.524895538018211927e-01,0.000000000000000000e+00,0.000000000000000000e+00,0.000000000000000000e+00,1.000000000000000056e-01
9.923285761448742415e-01,-1.235536027758936117e-01,4.301651704069013246e-03,2.048820101598723298e+01,1.235338465949790410e-01,9.923297398048698259e-01,4.590887087205261334e-03,1.715065901443423968e+00,-4.835877555791517554e-03,-4.024268864772795155e-03,9.999802095783543177e-01,1.660800518220792166e-01,0.000000000000000000e+00,0.000000000000000000e+00,0.000000000000000000e+00,1.000000000000000056e-01
9.924877858749950876e-01,-1.222191919345491651e-01,5.519421329780504169e-03,2.140970808594053310e+01,1.221942590762058189e-01,9.924953102032426644e-01,4.649975632862948446e-03,1.836164541392570237e+00,-6.046316049206748415e-03,-3.940602420310891640e-03,9.999739565182675927e-01,1.677275036616043269e-01,0.000000000000000000e+00,0.000000000000000000e+00,0.000000000000000000e+00,1.000000000000000056e-01
9.924050047953424381e-01,-1.226141634083244558e-01,9.903200938735744543e-03,2.236270348192177337e+01,1.225948694871936417e-01,9.924535623806968188e-01,2.534658415292889884e-03,1.959389692469913014e+00,-1.013925207173715752e-02,-1.301326070193533496e-03,9.999477496938951049e-01,1.725424333338288208e-01,0.000000000000000000e+00,0.000000000000000000e+00,0.000000000000000000e+00,1.000000000000000056e-01
9.926520830392739914e-01,-1.203274915864955830e-01,1.277250195897823744e-02,2.332537781465901006e+01,1.202979554196400291e-01,9.927331187085172148e-01,3.058911753445678339e-03,2.087384527327095007e+00,-1.304775688172367908e-02,-1.499929252632741655e-03,9.999137494067138476e-01,1.721191711671188895e-01,0.000000000000000000e+00,0.000000000000000000e+00,0.000000000000000000e+00,1.000000000000000056e-01
9.929365394830781399e-01,-1.179209998617540001e-01,1.310215062399418262e-02,2.424349669787157779e+01,1.179180740079167067e-01,9.930228251099069148e-01,9.983150819238822277e-04,2.190894973764097475e+00,-1.312845694029176474e-02,5.537168441837528451e-04,9.999136647811266432e-01,1.688357553629293017e-01,0.000000000000000000e+00,0.000000000000000000e+00,0.000000000000000000e+00,1.000000000000000056e-01
9.929630684876032953e-01,-1.178385482719733202e-01,1.176525226406436447e-02,2.519451681258403397e+01,1.178426659961561429e-01,9.930322185106941202e-01,3.450661492933503527e-04,2.301319241827028073e+00,-1.172393665121233136e-02,1.043810750481130416e-03,9.999307274849170701e-01,1.658237328501534769e-01,0.000000000000000000e+00,0.000000000000000000e+00,0.000000000000000000e+00,1.000000000000000056e-01
9.931490374901635887e-01,-1.166109580612467028e-01,7.541471500963051536e-03,2.613410094496762071e+01,1.166138007106544833e-01,9.931773343621730366e-01,6.319069585163886605e-05,2.421938873315660601e+00,-7.497387290078596014e-03,8.166818759149965497e-04,9.999715607028712983e-01,1.620271200207023532e-01,0.000000000000000000e+00,0.000000000000000000e+00,0.000000000000000000e+00,1.000000000000000056e-01
9.930610342935731749e-01,-1.174164013176171584e-01,6.570454276450949684e-03,2.707347594668140189e+01,1.174272746065327944e-01,9.930806429401599633e-01,-1.292979520495721700e-03,2.535824043109313308e+00,-6.373173954992847161e-03,2.055558118554363239e-03,9.999775784159166125e-01,1.637545142434103929e-01,0.000000000000000000e+00,0.000000000000000000e+00,0.000000000000000000e+00,1.000000000000000056e-01
9.931386785615906598e-01,-1.167041281363171562e-01,7.464021763063341183e-03,2.802624814070629000e+01,1.167263360331293326e-01,9.931606849067113885e-01,-2.610829736501001953e-03,2.648726074582997470e+00,-7.108278358251866533e-03,3.464163906931832723e-03,9.999687354848687537e-01,1.660821422933377589e-01,0.000000000000000000e+00,0.000000000000000000e+00,0.000000000000000000e+00,1.000000000000000056e-01
9.930697788205979926e-01,-1.170664826774943934e-01,1.038523118320362065e-02,2.903195217603332878e+01,1.171288943203150079e-01,9.931008309803062151e-01,-5.617973079835211422e-03,2.767836878525978150e+00,-9.655905369728944726e-03,6.795449929561523522e-03,9.999302902461479903e-01,1.708930275537218491e-01,0.000000000000000000e+00,0.000000000000000000e+00,0.000000000000000000e+00,1.000000000000000056e-01
9.931373910439413866e-01,-1.160206068051642808e-01,1.474250002526388686e-02,2.998542841678773030e+01,1.161517160398722742e-01,9.931962213960879859e-01,-8.369269115388006802e-03,2.875732680773434691e+00,-1.367118763774078857e-02,1.002420077085333996e-02,9.998562966884187997e-01,1.698111841070587547e-01,0.000000000000000000e+00,0.000000000000000000e+00,0.000000000000000000e+00,1.000000000000000056e-01
9.929707216365863953e-01,-1.173399808260116445e-01,1.550725224751390088e-02,3.091278873925898907e+01,1.175781961392265845e-01,9.929432580709250944e-01,-1.546137264739845182e-02,2.963549356509844745e+00,-1.358358440038457543e-02,1.717600510151806939e-02,9.997602067914036494e-01,1.737039138091774626e-01,0.000000000000000000e+00,0.000000000000000000e+00,0.000000000000000000e+00,1.000000000000000056e-01
9.930732971121759567e-01,-1.168979009879386882e-01,1.184513855410681930e-02,3.186336469953891992e+01,1.171054525550381392e-01,9.929438179125997799e-01,-1.867852914524154376e-02,3.065663283725644561e+00,-9.578076248997783801e-03,1.993627883442669960e-02,9.997553726995441759e-01,1.752535857954594656e-01,0.000000000000000000e+00,0.000000000000000000e+00,0.000000000000000000e+00,1.000000000000000056e-01
9.928287124164351107e-01,-1.192604215783171495e-01,8.252250995073659792e-03,3.286145676255205927e+01,1.193941159143482311e-01,9.926793045999557918e-01,-1.824399364117630651e-02,3.182373099552369577e+00,-6.016052406255190978e-03,1.909843092796282421e-02,9.997995084263319177e-01,1.703740259063642459e-01,0.000000000000000000e+00,0.000000000000000000e+00,0.000000000000000000e+00,1.000000000000000056e-01
9.926933775232942292e-01,-1.204853477814951529e-01,6.568043191596002056e-03,3.383003387347589097e+01,1.205864579535648878e-01,9.925368277918983351e-01,-1.815355708968995410e-02,3.303684017354229674e+00,-4.331787114764350938e-03,1.881293296558685449e-02,9.998136372212697021e-01,1.719009518883354293e-01,0.000000000000000000e+00,0.000000000000000000e+00,0.000000000000000000e+00,1.000000000000000056e-01
9.924855548556962281e-01,-1.221134828380836257e-01,7.792349577231349154e-03,3.479451935311682576e+01,1.222391526717520049e-01,9.923289941764706912e-01,-1.845960104677758437e-02,3.423734721652948565e+00,-5.478408242621885839e-03,1.927341759696868731e-02,9.997992410565533783e-01,1.826796034764199272e-01,0.000000000000000000e+00,0.000000000000000000e+00,0.000000000000000000e+00,1.000000000000000056e-01
9.923918899661704485e-01,-1.227639940596968599e-01,9.345506507567999735e-03,3.577057426376527616e+01,1.229144992238708628e-01,9.922588893428544443e-01,-1.772913987281666062e-02,3.558628809476322541e+00,-7.096661885515843579e-03,1.874295287823026304e-02,9.997991493832584231e-01,1.792805180129511955e-01,0.000000000000000000e+00,0.000000000000000000e+00,0.000000000000000000e+00,1.000000000000000056e-01
9.923696988639985062e-01,-1.228097493883997804e-01,1.096112365295681505e-02,3.674156797502438820e+01,1.229922780130495996e-01,9.922459763502895491e-01,-1.791150372864711016e-02,3.674847084077305315e+00,-8.676423556839849352e-03,1.912296712905879603e-02,9.997794915892420642e-01,1.913949568994611217e-01,0.000000000000000000e+00,0.000000000000000000e+00,0.000000000000000000e+00,1.000000000000000056e-01
9.921277187465106229e-01,-1.245065584195730463e-01,1.344271569877428935e-02,3.772937349288941533e+01,1.247237434529331473e-01,9.920501535173186225e-01,-1.674755878782048166e-02,3.814547869856571793e+00,-1.125066726605769910e-02,1.829234311885805445e-02,9.997693797417934736e-01,1.937834650010219206e-01,0.000000000000000000e+00,0.000000000000000000e+00,0.000000000000000000e+00,1.000000000000000056e-01
9.922371051820161325e-01,-1.235748040872807207e-01,1.395689416750367680e-02,3.873194354909789183e+01,1.237906559902759440e-01,9.921820316988824162e-01,-1.583317603562382769e-02,3.955096476079080769e+00,-1.189119798463843768e-02,1.743799784000679004e-02,9.997772330083447567e-01,2.047121949453226675e-01,0.000000000000000000e+00,0.000000000000000000e+00,0.000000000000000000e+00,1.000000000000000056e-01
9.923513205929533898e-01,-1.225065180604509030e-01,1.519899832639788444e-02,3.975871348786790804e+01,1.226908725950208723e-01,9.923741566690937876e-01,-1.185255066123637284e-02,4.098415483589922026e+00,-1.363107843473090712e-02,1.362667266830881567e-02,9.998142364923080505e-01,2.048955400621054745e-01,0.000000000000000000e+00,0.000000000000000000e+00,0.000000000000000000e+00,1.000000000000000056e-01
9.919235331399489652e-01,-1.260106928866905895e-01,1.445716712834159770e-02,4.075917179193322681e+01,1.262218119005784622e-01,9.918922650807669994e-01,-1.475766490608943979e-02,4.219182128067123116e+00,-1.248032866937602570e-02,1.646328494443242973e-02,9.997865780481066666e-01,2.188865272491379022e-01,0.000000000000000000e+00,0.000000000000000000e+00,0.000000000000000000e+00,1.000000000000000056e-01
9.921236504119623767e-01,-1.245116814295814806e-01,1.369319103863673309e-02,4.176618567041260377e+01,1.246907018951485951e-01,9.921091420790030257e-01,-1.310263577146963780e-02,4.339594782168712861e+00,-1.195370880260071544e-02,1.470684843340079075e-02,9.998203925981004048e-01,2.411218000338283818e-01,0.000000000000000000e+00,0.000000000000000000e+00,0.000000000000000000e+00,1.000000000000000056e-01
9.923443187316988157e-01,-1.231151910480134670e-01,9.767436415548579054e-03,4.277590813006796111e+01,1.232248901839197719e-01,9.923114454631001280e-01,-1.155948277795304860e-02,4.447327138541701252e+00,-8.269191017358019924e-03,1.267457834186301591e-02,9.998854812146110715e-01,2.487503317405300174e-01,0.000000000000000000e+00,0.000000000000000000e+00,0.000000000000000000e+00,1.000000000000000056e-01
9.926165095110156544e-01,-1.209841520141105020e-01,8.677557697547745932e-03,4.381133584206065024e+01,1.210820813746566471e-01,9.925721091189665390e-01,-1.182107309457702295e-02,4.579995430366823328e+00,-7.182939241612272020e-03,1.278448906108138085e-02,9.998924753308719993e-01,2.574182262906759555e-01,0.000000000000000000e+00,0.000000000000000000e+00,0.000000000000000000e+00,1.000000000000000056e-01
9.925807843131185804e-01,-1.210699314299925333e-01,1.120081764386751319e-02,4.479746604849133007e+01,1.212194149126168685e-01,9.925298409933843713e-01,-1.379739779414835069e-02,4.702241793382571089e+00,-9.446695750213847387e-03,1.505278848532839997e-02,9.998420742788427518e-01,2.687041579228399701e-01,0.000000000000000000e+00,0.000000000000000000e+00,0.000000000000000000e+00,1.000000000000000056e-01
9.923939884500391218e-01,-1.226811824501693182e-01,1.017345373272571935e-02,4.575629393958053726e+01,1.228050735091624768e-01,9.923507351150234745e-01,-1.260684088428975884e-02,4.823286867656119803e+00,-8.549012143683240583e-03,1.376030484040477626e-02,9.998687755911104258e-01,2.716910709587483375e-01,0.000000000000000000e+00,0.000000000000000000e+00,0.000000000000000000e+00,1.000000000000000056e-01
9.919156322772113565e-01,-1.267483499751406173e-01,6.183382786092705974e-03,4.666148747407055453e+01,1.268211387956138525e-01,9.918364329861506512e-01,-1.329996074778626997e-02,4.943680751888540392e+00,-4.447156246830109155e-03,1.397662262094398131e-02,9.998924326253439965e-01,2.860502275391815230e-01,0.000000000000000000e+00,0.000000000000000000e+00,0.000000000000000000e+00,1.000000000000000056e-01
9.922106826238639155e-01,-1.244769772768930388e-01,4.841840052481932895e-03,4.761608954141514261e+01,1.245293752313691299e-01,9.921347823906416785e-01,-1.268890362320652249e-02,5.065611796772477859e+00,-3.224281558864891713e-03,1.319301704243595885e-02,9.999077699016780674e-01,2.882898104039957055e-01,0.000000000000000000e+00,0.000000000000000000e+00,0.000000000000000000e+00,1.000000000000000056e-01
9.922473513429236336e-01,-1.241952771582376935e-01,4.552678831319927066e-03,4.855569931427038455e+01,1.242406257858942320e-01,9.921842532472608944e-01,-1.160493483414091337e-02,5.192240476760090928e+00,-3.075818148398356232e-03,1.208059351868893266e-02,9.999222962825432548e-01,3.004441886983788002e-01,0.000000000000000000e+00,0.000000000000000000e+00,0.000000000000000000e+00,1.000000000000000056e-01
9.926561639477283761e-01,-1.207345992775758908e-01,7.542991042270980745e-03,4.951487060603449208e+01,1.208299256353825429e-01,9.925771656356801032e-01,-1.380939280299832081e-02,5.322924760340042916e+00,-5.819729162816011589e-03,1.461939793297764231e-02,9.998761943143504860e-01,3.021850164066253175e-01,0.000000000000000000e+00,0.000000000000000000e+00,0.000000000000000000e+00,1.000000000000000056e-01
9.929512200713340730e-01,-1.181179791514977429e-01,9.798855035939003921e-03,5.050050799667383217e+01,1.182683165222575550e-01,9.928441679947759280e-01,-1.652462967065312580e-02,5.449848049517290072e+00,-7.776880212533854135e-03,1.756704528164814219e-02,9.998154424963801024e-01,3.242175876051420214e-01,0.000000000000000000e+00,0.000000000000000000e+00,0.000000000000000000e+00,1.000000000000000056e-01
9.931059231175599633e-01,-1.168307201207344770e-01,9.550303916084433575e-03,5.141713018947513802e+01,1.169739876537876644e-01,9.930036782872803114e-01,-1.614871884401670316e-02,5.576049666993517562e+00,-7.596820465859514815e-03,1.715452546712312176e-02,9.998239897976080037e-01,3.280612818724820690e-01,0.000000000000000000e+00,0.000000000000000000e+00,0.000000000000000000e+00,1.000000000000000056e-01
9.930705644789463715e-01,-1.171222871645022784e-01,9.655248045627931944e-03,5.235216324727321791e+01,1.172908058416657767e-01,9.929105708594676560e-01,-1.927343094881397295e-02,5.695951445277580127e+00,-7.329449534541994035e-03,2.027234877565755461e-02,9.997676285240679750e-01,3.408828308642504190e-01,0.000000000000000000e+00,0.000000000000000000e+00,0.000000000000000000e+00,1.000000000000000056e-01
9.932197406428789899e-01,-1.160660250035265018e-01,6.574544636166273180e-03,5.331725139730450991e+01,1.161853996483580287e-01,9.929765654363589267e-01,-2.232696582081226261e-02,5.816289889644221667e+00,-3.936966578917144334e-03,2.293944929794852761e-02,9.997291042877882727e-01,3.647047059290945970e-01,0.000000000000000000e+00,0.000000000000000000e+00,0.000000000000000000e+00,1.000000000000000056e-01
9.929920479831774172e-01,-1.178932695686846222e-01,8.244369750354602761e-03,5.425103396063268946e+01,1.180705701341651093e-01,9.926632988874913854e-01,-2.605600717677573550e-02,5.936497958255729124e+00,-5.112055395660039352e-03,2.684682536555213841e-02,9.996264876729824556e-01,3.651845607283694117e-01,0.000000000000000000e+00,0.000000000000000000e+00,0.000000000000000000e+00,1.000000000000000056e-01
9.929912028135535751e-01,-1.175344207175933881e-01,1.241495394561749344e-02,5.518785993733684592e+01,1.178371811024935406e-01,9.926548363928153762e-01,-2.740026525001277788e-02,6.046496911074831004e+00,-9.103289774042615246e-03,2.867116552448944686e-02,9.995474447882687352e-01,3.778138486956221231e-01,0.000000000000000000e+00,0.000000000000000000e+00,0.000000000000000000e+00,1.000000000000000056e-01
9.927376224501446300e-01,-1.190016463551281795e-01,1.762444713467871057e-02,5.612700240100696902e+01,1.194280375704697278e-01,9.925147658662892836e-01,-2.552221345125642651e-02,6.167212022850630859e+00,-1.445533860207192170e-02,2.744171463582456907e-02,9.995188820046099210e-01,3.993362499012861888e-01,0.000000000000000000e+00,0.000000000000000000e+00,0.000000000000000000e+00,1.000000000000000056e-01
9.927404155670244146e-01,-1.188313850763580426e-01,1.858949221054612480e-02,5.707810665581260423e+01,1.192380080429563949e-01,9.926095535197908548e-01,-2.255153429789782255e-02,6.291759807399960103e+00,-1.577227750705362599e-02,2.460439355228466463e-02,9.995728383065262124e-01,3.956006353505650552e-01,0.000000000000000000e+00,0.000000000000000000e+00,0.000000000000000000e+00,1.000000000000000056e-01
9.928208977312198424e-01,-1.188894166274792608e-01,1.311379587123468436e-02,5.795843014802869675e+01,1.191837363911506520e-01,9.925680413771966748e-01,-2.457478822859592710e-02,6.396834852179703823e+00,-1.009465244669016486e-02,2.596131450087381387e-02,9.996119787904540477e-01,4.067469284404532370e-01,0.000000000000000000e+00,0.000000000000000000e+00,0.000000000000000000e+00,1.000000000000000056e-01
9.928500723461556321e-01,-1.191276124524670854e-01,7.572700549227473314e-03,5.886968837629180484e+01,1.192785008443931205e-01,9.925637347016613710e-01,-2.428727632741104966e-02,6.502094499212169865e+00,-4.623102697060742054e-03,2.501688442761649742e-02,9.996763388292171371e-01,4.140005378446982576e-01,0.000000000000000000e+00,0.000000000000000000e+00,0.000000000000000000e+00,1.000000000000000056e-01
9.930232369049427632e-01,-1.178435958952434720e-01,4.211635467196370164e-03,5.982197203517632289e+01,1.179114825303272523e-01,9.927265649057417374e-01,-2.430739841995507508e-02,6.628748433812933882e+00,-1.316531173319176627e-03,2.463441164153630861e-02,9.996956599429372980e-01,4.248299456583474187e-01,0.000000000000000000e+00,0.000000000000000000e+00,0.000000000000000000e+00,1.000000000000000056e-01
9.928152664212533951e-01,-1.196507445952975646e-01,1.243414125091689372e-03,6.073389382396547376e+01,1.196497646149984051e-01,9.925840459692112372e-01,-2.146731270947102241e-02,6.746018344398576616e+00,1.334386927049526243e-03,2.146184999438801796e-02,9.997687774712447073e-01,4.294447562784217132e-01,0.000000000000000000e+00,0.000000000000000000e+00,0.000000000000000000e+00,1.000000000000000056e-01
9.925717044240938147e-01,-1.216217305699412166e-01,3.092932236889025382e-03,6.166093166067307152e+01,1.216585078313028867e-01,9.923945610230230363e-01,-1.876813054574911349e-02,6.875218005182077263e+00,-7.867966129648585379e-04,1.900499684541134826e-02,9.998190791568221103e-01,4.506695405277449384e-01,0.000000000000000000e+00,0.000000000000000000e+00,0.000000000000000000e+00,1.000000000000000056e-01
9.923180527325417000e-01,-1.236377224030567601e-01,4.312287105607993422e-03,6.252983770042313694e+01,1.236942045588795003e-01,9.921711465253488793e-01,-1.720929287102606828e-02,7.000332527440745523e+00,-2.150809066976736711e-03,1.761049691403829623e-02,9.998426098235652093e-01,4.642530759393411754e-01,0.000000000000000000e+00,0.000000000000000000e+00,0.000000000000000000e+00,1.000000000000000056e-01
9.922649532959127994e-01,-1.240578621174206753e-01,4.461984705837262338e-03,6.333441881308427668e+01,1.241150777890163148e-01,9.921319222066730115e-01,-1.642243599222152281e-02,7.110539217584008753e+00,-2.389545163103915654e-03,1.684920726168519581e-02,9.998551866588312187e-01,4.778160915618691607e-01,0.000000000000000000e+00,0.000000000000000000e+00,0.000000000000000000e+00,1.000000000000000056e-01
9.920850138594381473e-01,-1.254315510549612045e-01,5.852458924678415920e-03,6.414035426593059697e+01,1.255103864272608394e-01,9.919639424921573578e-01,-1.595868711064894752e-02,7.218935931183247945e+00,-3.803705351107898071e-03,1.656691870453265436e-02,9.998555240784737785e-01,4.872376082811862297e-01,0.000000000000000000e+00,0.000000000000000000e+00,0.000000000000000000e+00,1.000000000000000056e-01
9.921934883718237508e-01,-1.244889580760412534e-01,7.387892100814998780e-03,6.493321728515292079e+01,1.245982962484380313e-01,9.920638736436768745e-01,-1.686817070963019666e-02,7.332513253738563108e+00,-5.229359859305388394e-03,1.765700790746824872e-02,9.998304275562018839e-01,5.080080108546014550e-01,0.000000000000000000e+00,0.000000000000000000e+00,0.000000000000000000e+00,1.000000000000000056e-01
9.922122302430468332e-01,-1.242765939195053654e-01,8.379639603546033821e-03,6.573115390152949544e+01,1.244106863081964193e-01,9.920669423304364631e-01,-1.803227848781400328e-02,7.442509573376895560e+00,-6.072173288247452103e-03,1.893436396885015555e-02,9.998022897416531940e-01,5.188869081879619038e-01,0.000000000000000000e+00,0.000000000000000000e+00,0.000000000000000000e+00,1.000000000000000056e-01
9.921805095574895983e-01,-1.244889272265325558e-01,8.963450910632738897e-03,6.647177264600919955e+01,1.246395305645548596e-01,9.920228123191916492e-01,-1.886073325640594961e-02,7.538791396107187737e+00,-6.543995330655145992e-03,1.983045224670844375e-02,9.997819408695094445e-01,5.289509120693760558e-01,0.000000000000000000e+00,0.000000000000000000e+00,0.000000000000000000e+00,1.000000000000000056e-01
9.919466200603217487e-01,-1.261941551576735987e-01,1.081379465981864400e-02,6.724933919680367467e+01,1.263716650749969472e-01,9.918250020844295856e-01,-1.770218931075964730e-02,7.653668540278109056e+00,-8.491479086502705734e-03,1.892618409141638008e-02,9.997848240189792790e-01,5.341064448392076613e-01,0.000000000000000000e+00,0.000000000000000000e+00,0.000000000000000000e+00,1.000000000000000056e-01
9.921792011393119060e-01,-1.241215915376534112e-01,1.320088408845242374e-02,6.799025613168703330e+01,1.243342647212784396e-01,9.920992296356730966e-01,-1.673646236583611890e-02,7.762168771917663967e+00,-1.101923058910584709e-02,1.824689207684199177e-02,9.997727879307178878e-01,5.450729553335653677e-01,0.000000000000000000e+00,0.000000000000000000e+00,0.000000000000000000e+00,1.000000000000000056e-01
9.919781104737609434e-01,-1.255683945822988201e-01,1.456044720916896580e-02,6.870163059834804642e+01,1.257748869599465691e-01,9.919563813696060661e-01,-1.425535935461908973e-02,7.860622418651610488e+00,-1.265330593637715127e-02,1.597234303853899140e-02,9.997923674977418074e-01,5.618141948096374572e-01,0.000000000000000000e+00,0.000000000000000000e+00,0.000000000000000000e+00,1.000000000000000056e-01
9.916542980197869950e-01,-1.283721654673217194e-01,1.193064759826892134e-02,6.936608487037666748e+01,1.285253229110033257e-01,9.916196634769385287e-01,-1.310283849040015658e-02,7.958378452496228661e+00,-1.014862500567613283e-02,1.452687644036931153e-02,9.998429753073131421e-01,5.697476749562181420e-01,0.000000000000000000e+00,0.000000000000000000e+00,0.000000000000000000e+00,1.000000000000000056e-01
9.919441599272236232e-01,-1.265316624594823025e-01,6.043341916039091620e-03,7.006218095626776687e+01,1.266046419594326344e-01,9.918572958249952665e-01,-1.379744009053091892e-02,8.062197330982415977e+00,-4.248319738248392506e-03,1.445140525926645082e-02,9.998865478970272447e-01,5.748487341791819194e-01,0.000000000000000000e+00,0.000000000000000000e+00,0.000000000000000000e+00,1.000000000000000056e-01
9.922008995097951756e-01,-1.246464150760510647e-01,8.038784996433476953e-04,7.081517531219591888e+01,1.246432232103076021e-01,9.920720985120456969e-01,-1.603178909701928612e-02,8.162380902306653141e+00,1.200799608108885086e-03,1.600695357007887731e-02,9.998711594589106966e-01,5.894250190395906586e-01,0.000000000000000000e+00,0.000000000000000000e+00,0.000000000000000000e+00,1.000000000000000056e-01
9.921295665795949459e-01,-1.252080765596746137e-01,1.364068477646838929e-03,7.153470743410007060e+01,1.252147571844434426e-01,9.920270639781956223e-01,-1.426775798931956794e-02,8.269143409776106068e+00,4.332456877164331342e-04,1.432626605321767922e-02,9.998972799238662335e-01,6.018035318780695642e-01,0.000000000000000000e+00,0.000000000000000000e+00,0.000000000000000000e+00,1.000000000000000056e-01
9.923676767931637333e-01,-1.232394326564849735e-01,4.293750650257244575e-03,7.220610248446939750e+01,1.232833489663101439e-01,9.922966612537196252e-01,-1.218818823172310682e-02,8.370937086679518302e+00,-2.758609031718249095e-03,1.262451199962282174e-02,9.999165024005661762e-01,6.127535977342611906e-01,0.000000000000000000e+00,0.000000000000000000e+00,0.000000000000000000e+00,1.000000000000000056e-01
9.923145997568774135e-01,-1.235672022349955379e-01,6.548407528855194025e-03,7.282885935934706367e+01,1.236423253814389056e-01,9.922458089860372032e-01,-1.268187383295728971e-02,8.456226530070708236e+00,-4.930566257403447457e-03,1.339406889113120905e-02,9.998981390296318716e-01,6.264410700219039674e-01,0.000000000000000000e+00,0.000000000000000000e+00,0.000000000000000000e+00,1.000000000000000056e-01
9.923785686845575382e-01,-1.231737920549414028e-01,3.604631242590157231e-03,7.340761546156528539e+01,1.232157079963625973e-01,9.922544015430461162e-01,-1.578264621052299921e-02,8.509806063051382097e+00,-1.632702833987994314e-03,1.610650704707512065e-02,9.998689487688866562e-01,6.368441567309949258e-01,0.000000000000000000e+00,0.000000000000000000e+00,0.000000000000000000e+00,1.000000000000000056e-01
9.924497031618335630e-01,-1.226522899997133514e-01,4.951580252487573948e-05,7.405306476315807629e+01,1.226211810785457074e-01,9.921887279340920740e-01,-2.292540319014716929e-02,8.572042577808577590e+00,2.762724179318492602e-03,2.275838127711456507e-02,9.997371771804599572e-01,6.578824096101462127e-01,0.000000000000000000e+00,0.000000000000000000e+00,0.000000000000000000e+00,1.000000000000000056e-01
9.927507799399598598e-01,-1.201138289189534192e-01,-4.307787254468804089e-03,7.467414717927104562e+01,1.199628585179913498e-01,9.924368510976684377e-01,-2.603860901693227578e-02,8.643498590647432422e+00,7.402803846771010415e-03,2.533307493717773876e-02,9.996516562330267641e-01,6.672612075778595608e-01,0.000000000000000000e+00,0.000000000000000000e+00,0.000000000000000000e+00,1.000000000000000056e-01
9.932515689766991951e-01,-1.158645837291427949e-01,-5.169038846612405980e-03,7.526603937919034593e+01,1.157150706914328864e-01,9.930092033359610992e-01,-2.329687757955108823e-02,8.709717528778138984e+00,7.832186170030706190e-03,2.254152451260468815e-02,9.997152277185966662e-01,6.793885520411310219e-01,0.000000000000000000e+00,0.000000000000000000e+00,0.000000000000000000e+00,1.000000000000000056e-01
9.939174831618297068e-01,-1.100946540955677205e-01,-2.683990467822988928e-03,7.584350168894944488e+01,1.100211486756037110e-01,9.937340668143737066e-01,-1.969647929622461366e-02,8.792040883573697840e+00,4.835649837899112097e-03,1.928137941494839983e-02,9.998024029269493296e-01,6.860897295922867567e-01,0.000000000000000000e+00,0.000000000000000000e+00,0.000000000000000000e+00,1.000000000000000056e-01
9.947437587614964549e-01,-1.023893226327310391e-01,1.131819711857941354e-03,7.639558887005814825e+01,1.023908000208702263e-01,9.945297947266942273e-01,-2.065457508557292515e-02,8.829307504097265280e+00,9.891795265769894475e-04,2.066189758202089527e-02,9.997860308646917549e-01,6.998511721046730694e-01,0.000000000000000000e+00,0.000000000000000000e+00,0.000000000000000000e+00,1.000000000000000056e-01
9.956415330089504190e-01,-9.308642650415531461e-02,5.731923610229240282e-03,7.697402662666318918e+01,9.319736905599872168e-02,9.953634792199913539e-01,-2.378643807117625589e-02,8.882257766003421651e+00,-3.491152907992799842e-03,2.421696586611171362e-02,9.997006303967266305e-01,7.126828547422738858e-01,0.000000000000000000e+00,0.000000000000000000e+00,0.000000000000000000e+00,1.000000000000000056e-01
9.965744275575313393e-01,-8.218540148213916707e-02,9.217923931031107507e-03,7.750732451826428360e+01,8.240319246111034446e-02,9.962478018120409784e-01,-2.645810380381763069e-02,8.924318693656958956e+00,-7.008866569987481573e-03,2.712705601232793043e-02,9.996074222521099673e-01,7.289990155465010391e-01,0.000000000000000000e+00,0.000000000000000000e+00,0.000000000000000000e+00,1.000000000000000056e-01
9.975392351497071042e-01,-6.952735778672347600e-02,9.023350604644654951e-03,7.799116695695066426e+01,6.972494290268196893e-02,9.972816320532436052e-01,-2.382810748751291313e-02,8.963244942679985172e+00,-7.342116462923828704e-03,2.439862472385836978e-02,9.996753475190979232e-01,7.399321220207513150e-01,0.000000000000000000e+00,0.000000000000000000e+00,0.000000000000000000e+00,1.000000000000000056e-01
9.986061254747177207e-01,-5.211126363097654673e-02,8.379878707665306889e-03,7.848440034891856953e+01,5.227386803135616183e-02,9.984218827464644841e-01,-2.052283542899164745e-02,9.003963017630965737e+00,-7.297183388998875267e-03,2.093227784518388382e-02,9.997542652366127047e-01,7.420650736335744346e-01,0.000000000000000000e+00,0.000000000000000000e+00,0.000000000000000000e+00,1.000000000000000056e-01
9.994431093112147169e-01,-3.193973120941458188e-02,9.660477245029379378e-03,7.897019184330061137e+01,3.208723341422212161e-02,9.993645709342416916e-01,-1.551978779623938189e-02,9.017362188465133599e+00,-9.158640846359752258e-03,1.582112295917777189e-02,9.998328917204903910e-01,7.468185120961708945e-01,0.000000000000000000e+00,0.000000000000000000e+00,0.000000000000000000e+00,1.000000000000000056e-01
9.998993047686736135e-01,-9.838228959961076853e-03,1.022690442189340236e-02,7.944698732226360960e+01,9.997946856899204982e-03,9.998269893962254962e-01,-1.568541786267329402e-02,9.023693754434667369e+00,-1.007081832671898221e-02,1.578608646281384059e-02,9.998246736765495912e-01,7.533767442455112651e-01,0.000000000000000000e+00,0.000000000000000000e+00,0.000000000000000000e+00,1.000000000000000056e-01
9.997881019323965335e-01,1.693495622376757492e-02,1.170292664742117981e-02,7.993563934336518173e+01,-1.672281861558454208e-02,9.996982536263269159e-01,-1.799302737235604008e-02,9.028628559238550011e+00,-1.200410646262785840e-02,1.779350876502918885e-02,9.997696196993899331e-01,7.633914713037850408e-01,0.000000000000000000e+00,0.000000000000000000e+00,0.000000000000000000e+00,1.000000000000000056e-01
9.988383724455165424e-01,4.615097753731235014e-02,1.385615396645613687e-02,8.041495601031687102e+01,-4.588639441795955981e-02,9.987689585339299958e-01,-1.884161023820238659e-02,9.009030435477484389e+00,-1.470865519723325160e-02,1.818391435855807106e-02,9.997264629491856569e-01,7.634214876056644172e-01,0.000000000000000000e+00,0.000000000000000000e+00,0.000000000000000000e+00,1.000000000000000056e-01
9.967457646833235430e-01,7.904011347484868333e-02,1.582848848562707494e-02,8.088910125966621933e+01,-7.871718036427771681e-02,9.966947222099462600e-01,-2.008074287310826142e-02,8.958686336059161093e+00,-1.736335512953514348e-02,1.876942142744849121e-02,9.996730579133982220e-01,7.615758495078334134e-01,0.000000000000000000e+00,0.000000000000000000e+00,0.000000000000000000e+00,1.000000000000000056e-01
