1.000000000000000000e+00,0.000000000000000000e+00,0.000000000000000000e+00,0.000000000000000000e+00,0.000000000000000000e+00,1.000000000000000000e+00,0.000000000000000000e+00,0.000000000000000000e+00,0.000000000000000000e+00,0.000000000000000000e+00,1.000000000000000000e+00,0.000000000000000000e+00,0.000000000000000000e+00,0.000000000000000000e+00,0.000000000000000000e+00,1.000000000000000000e+00
9.999921156353722695e-01,-2.573569159774677373e-03,-3.024137707109988710e-03,6.404689989874188250e-01,2.562502500405276166e-03,9.999900275860398313e-01,-3.657637134205433700e-03,1.839812600552259703e-02,3.033520731283139132e-03,3.649858935624565419e-03,9.999887380774457046e-01,1.253206315467991772e-04,0.000000000000000000e+00,0.000000000000000000e+00,0.000000000000000000e+00,1.000000000000000000e+00
9.999682876763776873e-01,-6.617579908065251634e-03,-4.430719775984249577e-03,1.293088263368003865e+00,6.603870465550719902e-03,9.999733838438177314e-01,-3.101692895591024596e-03,2.833662018362274881e-02,4.451127547841542999e-03,3.072334634232360123e-03,9.999853740047641715e-01,8.882570876420031389e-03,0.000000000000000000e+00,0.000000000000000000e+00,0.000000000000000000e+00,1.000000000000000000e+00
9.999376832172903740e-01,-1.002225973572284760e-02,-4.917722219420636413e-03,1.980492469232311370e+00,1.000013918880145181e-02,9.999398615029514437e-01,-4.502287603257723939e-03,5.461419611804386315e-02,4.962549570762231008e-03,4.452829128493366283e-03,9.999777724602232354e-01,9.315113677199286096e-03,0.000000000000000000e+00,0.000000000000000000e+00,0.000000000000000000e+00,1.000000000000000000e+00
9.998014059552353672e-01,-1.947646263525158392e-02,-4.220906674287022882e-03,2.698722236487583359e+00,1.947243909203760087e-02,9.998099017052717308e-01,-9.922539500723654132e-04,4.803678428686426055e-02,4.239429884109297345e-03,9.098655462187380362e-04,9.999905996452895796e-01,1.319382309792366086e-02,0.000000000000000000e+00,0.000000000000000000e+00,0.000000000000000000e+00,1.000000000000000000e+00
9.996637396724216140e-01,-2.561148344929904674e-02,-4.057030894176095678e-03,3.415441707363703117e+00,2.560746562842506832e-02,9.996715349259216454e-01,-1.039212654823570446e-03,7.800769169687876703e-02,4.082314078932213278e-03,9.349729296597266478e-04,9.999912302302367273e-01,1.808682488625731541e-02,0.000000000000000000e+00,0.000000000000000000e+00,0.000000000000000000e+00,1.000000000000000000e+00
9.995334108451414679e-01,-3.000621792725660653e-02,-5.708545347075824443e-03,4.138816363741420368e+00,3.000588138273585156e-02,9.995497117053739888e-01,-1.446103354015523563e-04,8.432569288362905258e-02,5.710314065165282213e-03,-2.674707276495554294e-05,9.999836956660203002e-01,2.506468623658762718e-02,0.000000000000000000e+00,0.000000000000000000e+00,0.000000000000000000e+00,1.000000000000000000e+00
9.994527037159958160e-01,-3.258894034989434640e-02,-5.679260661108990679e-03,4.881638720614252414e+00,3.258622623353111397e-02,9.994687654864178317e-01,-5.698042771265396335e-04,1.105183116447394642e-01,5.694812959432562528e-03,3.844267526210013775e-04,9.999837105280414695e-01,3.971021759290849912e-02,0.000000000000000000e+00,0.000000000000000000e+00,0.000000000000000000e+00,1.000000000000000000e+00
9.992979093714005057e-01,-3.714266410041863753e-02,-4.910277942416348303e-03,5.640315297496251823e+00,3.715156260224208862e-02,9.993081387302988894e-01,1.733569611951784727e-03,1.511821395001707313e-01,4.842491317493093431e-03,-1.914776987345336327e-03,9.999864418615534989e-01,3.881503201644481010e-02,0.000000000000000000e+00,0.000000000000000000e+00,0.000000000000000000e+00,1.000000000000000000e+00
9.991601418544237001e-01,-4.093315997385851834e-02,-1.867443172227667555e-03,6.422884868425629001e+00,4.093607579660523549e-02,9.991605639792228155e-01,1.550834322773779342e-03,2.029548462758960503e-01,1.802395023735085334e-03,-1.625977637179486929e-03,9.999970537801113890e-01,4.890891693628065390e-02,0.000000000000000000e+00,0.000000000000000000e+00,0.000000000000000000e+00,1.000000000000000000e+00
9.990316656301814202e-01,-4.398309801974852051e-02,-1.103701395241583070e-03,7.215415023829904406e+00,4.398231621294203253e-02,9.990320481666933317e-01,-7.229082978609752217e-04,2.266624616088875888e-01,1.134428811976734373e-03,6.736649371397887640e-04,9.999991296230333893e-01,6.020646255716594758e-02,0.000000000000000000e+00,0.000000000000000000e+00,0.000000000000000000e+00,1.000000000000000000e+00
9.989376624933382631e-01,-4.607861328442452997e-02,5.548424358699839297e-04,8.018799859394707852e+00,4.607902434118939933e-02,9.989375142862984003e-01,-7.523744251278885031e-04,2.663044846677870559e-01,-5.195845535279692467e-04,7.771417476650414966e-04,9.999995630412030767e-01,6.176827132259537362e-02,0.000000000000000000e+00,0.000000000000000000e+00,0.000000000000000000e+00,1.000000000000000000e+00
9.988849787732296814e-01,-4.719318307248997202e-02,1.265959197530395564e-03,8.858581297773753249e+00,4.719591820863489051e-02,9.988831727011724393e-01,-2.225443525195016509e-03,3.148917916640095460e-01,-1.159519576037388276e-03,2.282710215167595841e-03,9.999967223688425166e-01,7.650726172142387205e-02,0.000000000000000000e+00,0.000000000000000000e+00,0.000000000000000000e+00,1.000000000000000000e+00
9.986775247858500348e-01,-5.137552703915165137e-02,1.938223169814672943e-03,9.666678848335481078e+00,5.138438280188036694e-02,9.986672435034468220e-01,-4.835489354426871639e-03,3.520046434005304481e-01,-1.687214176217458625e-03,4.928688940920633588e-03,9.999864305747595550e-01,8.255323310782408663e-02,0.000000000000000000e+00,0.000000000000000000e+00,0.000000000000000000e+00,1.000000000000000000e+00
9.986433531378138273e-01,-5.204275914857196816e-02,1.733336051284406444e-03,1.047789435639857736e+01,5.205242420341654741e-02,9.986257400709843690e-01,-6.097245462191750419e-03,4.148692740111794564e-01,-1.413636519947052876e-03,6.179197996696072885e-03,9.999799093701375874e-01,9.280743709499267302e-02,0.000000000000000000e+00,0.000000000000000000e+00,0.000000000000000000e+00,1.000000000000000000e+00
9.985291942700260659e-01,-5.421012836868580043e-02,8.427174508869490765e-04,1.126637413028297452e+01,5.421430848888729448e-02,9.985102502811740166e-01,-6.171615550155540135e-03,4.657780833293720946e-01,-5.068979415853430833e-04,6.208225646492577729e-03,9.999806003062262638e-01,1.078565985854735843e-01,0.000000000000000000e+00,0.000000000000000000e+00,0.000000000000000000e+00,1.000000000000000000e+00
9.984331895431305393e-01,-5.591206812091177591e-02,-2.237556071288064781e-03,1.212546969628311189e+01,5.589915629505210620e-02,9.984214465757518253e-01,-5.468029177362075666e-03,5.138877044734500021e-01,2.539752789341580101e-03,5.334384315520693948e-03,9.999825468475661561e-01,1.015641515482895163e-01,0.000000000000000000e+00,0.000000000000000000e+00,0.000000000000000000e+00,1.000000000000000000e+00
9.982076968570481323e-01,-5.973888533016654540e-02,-3.558021199344290394e-03,1.300892468402121516e+01,5.972284660569807113e-02,9.982050549092705838e-01,-4.455327922068048029e-03,5.886262630098061388e-01,3.817791070504522426e-03,4.234847469522243051e-03,9.999837451370164887e-01,1.327553429643733851e-01,0.000000000000000000e+00,0.000000000000000000e+00,0.000000000000000000e+00,1.000000000000000000e+00
9.984462651451381232e-01,-5.559701186667817541e-02,-3.745382386305316086e-03,1.390609141496299195e+01,5.559643565065523763e-02,9.984532887657813216e-01,-2.578676771620314750e-04,6.502727302077739857e-01,3.753926033599176704e-03,4.923710833681859772e-05,9.999929527826897369e-01,1.361940512180118967e-01,0.000000000000000000e+00,0.000000000000000000e+00,0.000000000000000000e+00,1.000000000000000000e+00
9.977803118074638489e-01,-6.642937631502594809e-02,-4.646216933721798552e-03,1.484788652042570156e+01,6.644236806701410425e-02,9.977866115264630853e-01,2.699922996430986766e-03,7.725392858806197083e-01,4.456578849963637769e-03,-3.002635664864528476e-03,9.999855614377735069e-01,1.556844689611434074e-01,0.000000000000000000e+00,0.000000000000000000e+00,0.000000000000000000e+00,1.000000000000000000e+00
9.974616425815482357e-01,-7.111911293880153473e-02,-3.513310876628364041e-03,1.582848539263926746e+01,7.112702773625211028e-02,9.974648799633414331e-01,2.181551082079599083e-03,8.580983939213567835e-01,3.349254234041823108e-03,-2.425904885874636228e-03,9.999914487042182998e-01,1.660526150558722380e-01,0.000000000000000000e+00,0.000000000000000000e+00,0.000000000000000000e+00,1.000000000000000000e+00
9.973750075966726358e-01,-7.239591008681388329e-02,-1.387956856879408009e-03,1.676986295532689297e+01,7.239869664352113765e-02,9.973736122175906882e-01,2.075181041492371765e-03,9.347576712940400823e-01,1.234076923854243073e-03,-2.170219974458397361e-03,9.999968835948486179e-01,1.821926060799878844e-01,0.000000000000000000e+00,0.000000000000000000e+00,0.000000000000000000e+00,1.000000000000000000e+00
9.974022213813056315e-01,-7.203302989370871656e-02,2.266891448251934476e-04,1.768325104229401035e+01,7.203275127841063386e-02,9.974017028347561542e-01,1.061096410950440648e-03,1.026509923921707257e+00,-3.025341285529111824e-04,-1.042010874594939988e-03,9.999994113430462628e-01,1.880010728876354009e-01,0.000000000000000000e+00,0.000000000000000000e+00,0.000000000000000000e+00,1.000000000000000000e+00
9.971070364054011037e-01,-7.599948867039529876e-02,-1.278934195485565903e-03,1.861684821590147720e+01,7.600196839712899943e-02,9.971056275338107122e-01,2.017012684675469417e-03,1.088169126457617208e+00,1.121940550887038117e-03,-2.108379056716109309e-03,9.999971479895101156e-01,1.873633075640320500e-01,0.000000000000000000e+00,0.000000000000000000e+00,0.000000000000000000e+00,1.000000000000000000e+00
9.970610634049303922e-01,-7.656547304817731825e-02,-2.638973046283720533e-03,1.955348051997228254e+01,7.656634631400251190e-02,9.970644618552731986e-01,2.313382454843199783e-04,1.166886160996702504e+00,2.613513718043791127e-03,-4.327148812237414975e-04,9.999964911457830397e-01,1.966059330171587849e-01,0.000000000000000000e+00,0.000000000000000000e+00,0.000000000000000000e+00,1.000000000000000000e+00
9.968639559228426039e-01,-7.906406247743696936e-02,-3.335776734886350056e-03,2.048079903626320331e+01,7.905428064441021030e-02,9.968658913283701128e-01,-2.969076943002704749e-03,1.237371027555900671e+00,3.560069333016788531e-03,2.696058356674330570e-03,9.999900285381261300e-01,2.117554864660460279e-01,0.000000000000000000e+00,0.000000000000000000e+00,0.000000000000000000e+00,1.000000000000000000e+00
9.969231948591249504e-01,-7.838246924722888642e-02,-5.762521854729879588e-04,2.139952809643773080e+01,7.837401547250819056e-02,9.968825382673458524e-01,-9.094976436056766492e-03,1.312865654271528237e+00,1.287342452139898352e-03,9.021829768102227962e-03,9.999584738063113099e-01,2.279739351960776705e-01,0.000000000000000000e+00,0.000000000000000000e+00,0.000000000000000000e+00,1.000000000000000000e+00
9.970962185573839509e-01,-7.611232520390724676e-02,2.458635926665660686e-03,2.235718181700791263e+01,7.612945525604593311e-02,9.970670371869785331e-01,-7.850439325419990289e-03,1.398718710284221123e+00,-1.853909647992088312e-03,8.014817979160811928e-03,9.999661622833939667e-01,2.536745493280813668e-01,0.000000000000000000e+00,0.000000000000000000e+00,0.000000000000000000e+00,1.000000000000000000e+00
9.973069529632655472e-01,-7.327607440808438233e-02,3.075465894500507402e-03,2.330479446862339188e+01,7.329334228148355612e-02,9.972927482268088006e-01,-5.938039359261513758e-03,1.482237719082820204e+00,-2.632023620076853841e-03,6.147459114442151151e-03,9.999776403490732157e-01,2.630726409734670534e-01,0.000000000000000000e+00,0.000000000000000000e+00,0.000000000000000000e+00,1.000000000000000000e+00
9.973948048950063150e-01,-7.210072075268122993e-02,2.255933375977518980e-03,2.422486594369154034e+01,7.211552760672114426e-02,9.973690620987518685e-01,-7.369168627761750294e-03,1.554395462824424978e+00,-1.718675785946306538e-03,7.512658331379516025e-03,9.999703026182024113e-01,2.754501751177158009e-01,0.000000000000000000e+00,0.000000000000000000e+00,0.000000000000000000e+00,1.000000000000000000e+00
9.974328081488272879e-01,-7.159507065648557100e-02,1.392510695955568364e-03,2.517194390140191018e+01,7.160402990837359816e-02,9.974003657973856685e-01,-8.085370005573685320e-03,1.624508796836182434e+00,-8.100180406899882939e-04,8.164322687103009804e-03,9.999663432865305568e-01,2.794532272931687378e-01,0.000000000000000000e+00,0.000000000000000000e+00,0.000000000000000000e+00,1.000000000000000000e+00
9.972730173603704396e-01,-7.379568165712162287e-02,-8.521817316389740469e-04,2.615308461778534621e+01,7.378340670115979272e-02,9.972234349751466498e-01,-1.007122792637951507e-02,1.746341289881980785e+00,1.593028723599489160e-03,9.980886991376098846e-03,9.999489207726321993e-01,2.883909781144695095e-01,0.000000000000000000e+00,0.000000000000000000e+00,0.000000000000000000e+00,1.000000000000000000e+00
9.976651878171709509e-01,-6.828141623103999025e-02,-1.349524068813138947e-03,2.712439127559244412e+01,6.826482432800672073e-02,9.976182194754453780e-01,-9.889485836591525164e-03,1.827974246609399112e+00,2.021577897387886753e-03,9.774270721094817371e-03,9.999501871866800506e-01,2.974340324531052904e-01,0.000000000000000000e+00,0.000000000000000000e+00,0.000000000000000000e+00,1.000000000000000000e+00
9.977753719103535923e-01,-6.666510606013539841e-02,-2.661637572360524328e-04,2.808142407049477995e+01,6.665667030261375470e-02,9.976986933802648450e-01,-1.241795198432929515e-02,1.879000654798092640e+00,1.093395318904555368e-03,1.237258506971688869e-02,9.999228588373055837e-01,3.126075846339042008e-01,0.000000000000000000e+00,0.000000000000000000e+00,0.000000000000000000e+00,1.000000000000000000e+00
9.978520735578800815e-01,-6.545667165446013291e-02,2.581362461573347492e-03,2.909466545213117072e+01,6.548521834494415439e-02,9.977659924516981693e-01,-1.321780939482434906e-02,1.927959111710290330e+00,-1.710401868801047229e-03,1.335845959694229208e-02,9.999093089288874081e-01,3.186572779069024586e-01,0.000000000000000000e+00,0.000000000000000000e+00,0.000000000000000000e+00,1.000000000000000000e+00
9.981088809236114967e-01,-6.115820985453143677e-02,6.191541714557735089e-03,3.005092494100708223e+01,6.125443186413951496e-02,9.979812577071685009e-01,-1.677211501940627583e-02,1.988687859909456623e+00,-5.153290057379550371e-03,1.711965632283047808e-02,9.998401677113067931e-01,3.307031181456915880e-01,0.000000000000000000e+00,0.000000000000000000e+00,0.000000000000000000e+00,1.000000000000000000e+00
9.982283354876432258e-01,-5.914451614529032952e-02,6.489717983604068735e-03,3.096590735091546520e+01,5.929263136099094389e-02,9.979102345383344952e-01,-2.568166018659493247e-02,2.046312164210596141e+00,-4.957226629562073821e-03,2.602095335666302495e-02,9.996491063821116851e-01,3.559493346429290495e-01,0.000000000000000000e+00,0.000000000000000000e+00,0.000000000000000000e+00,1.000000000000000000e+00
9.984046624026098327e-01,-5.636804902198486178e-02,3.282246514864127409e-03,3.190058348361795382e+01,5.643420178458539993e-02,9.980719876057657647e-01,-2.583579736755647546e-02,2.092320871046088104e+00,-1.819604810366064673e-03,2.597981151078447917e-02,9.996608116917452547e-01,3.555485606233871887e-01,0.000000000000000000e+00,0.000000000000000000e+00,0.000000000000000000e+00,1.000000000000000000e+00
9.983490637091737563e-01,-5.742518298159613593e-02,1.222845266013310736e-03,3.287663602024602483e+01,5.743669252580146239e-02,9.979422433528849501e-01,-2.850096986965906451e-02,2.159962826007779224e+00,4.163444618793313008e-04,2.852415277172856006e-02,9.995930168653366366e-01,3.627135066038223443e-01,0.000000000000000000e+00,0.000000000000000000e+00,0.000000000000000000e+00,1.000000000000000000e+00
9.983218298746160402e-01,-5.790746932578270945e-02,-4.989910628504700069e-04,3.384862518524069941e+01,5.787240339257909011e-02,9.979520864958846271e-01,-2.724734820272722846e-02,2.231402984980892512e+00,2.075794152572751471e-03,2.717274470489933896e-02,9.996285975420269310e-01,3.668298031071348664e-01,0.000000000000000000e+00,0.000000000000000000e+00,0.000000000000000000e+00,1.000000000000000000e+00
9.982121744576484268e-01,-5.969105226226761873e-02,3.071326155934432124e-03,3.484048517788451704e+01,5.975549310193929015e-02,9.977838862926292629e-01,-2.926768352509906412e-02,2.285586658741709520e+00,-1.317500921048281575e-03,2.939888662185263790e-02,9.995668910366728444e-01,3.823092696691592351e-01,0.000000000000000000e+00,0.000000000000000000e+00,0.000000000000000000e+00,1.000000000000000000e+00
9.980580992597896106e-01,-6.227283860994693721e-02,1.457420115967275999e-03,3.581884156336548131e+01,6.228857105909299530e-02,9.976114255668115938e-01,-2.985929493431564372e-02,2.352775926492285841e+00,4.054840949115614212e-04,2.989209176383738828e-02,9.995530493338671274e-01,3.917927515183616816e-01,0.000000000000000000e+00,0.000000000000000000e+00,0.000000000000000000e+00,1.000000000000000000e+00
9.978604608972190260e-01,-6.534634163604560730e-02,2.087154228600765406e-03,3.680863752221488028e+01,6.537931476232956840e-02,9.974509954567445380e-01,-2.858420654070818398e-02,2.405967111793741342e+00,-2.139607369851990689e-04,2.865950622636205536e-02,9.995892090872458002e-01,4.097375669494169315e-01,0.000000000000000000e+00,0.000000000000000000e+00,0.000000000000000000e+00,1.000000000000000000e+00
9.979505066026450599e-01,-6.388106067910101493e-02,3.741184042033997206e-03,3.780233231014224060e+01,6.395896827611403934e-02,9.975879743531532728e-01,-2.697190766392690633e-02,2.477872099752186141e+00,-2.009166140064630197e-03,2.715591118871564166e-02,9.996291911198540436e-01,4.252127053810320634e-01,0.000000000000000000e+00,0.000000000000000000e+00,0.000000000000000000e+00,1.000000000000000000e+00
9.978919743707369561e-01,-6.453473287294099470e-02,6.846585973311302732e-03,3.880917356649784011e+01,6.469223476752257451e-02,9.975656717709285859e-01,-2.603162048362185274e-02,2.534657020486842605e+00,-5.149975461643403404e-03,2.641966610761304485e-02,9.996376738576374654e-01,4.435856073377862918e-01,0.000000000000000000e+00,0.000000000000000000e+00,0.000000000000000000e+00,1.000000000000000000e+00
9.981059300836453430e-01,-6.070376826416876148e-02,9.980222962993084979e-03,3.981586217623996049e+01,6.092586483688250398e-02,9.978608318336669170e-01,-2.370230550187459734e-02,2.606624683085964733e+00,-8.520054327225422969e-03,2.426546539336087160e-02,9.996692432317331178e-01,4.513255866843364772e-01,0.000000000000000000e+00,0.000000000000000000e+00,0.000000000000000000e+00,1.000000000000000000e+00
9.980605879100953315e-01,-6.191251703145307650e-02,6.473260027576050596e-03,4.080755862467768225e+01,6.205295005449947693e-02,9.977749445269449291e-01,-2.438424622149257259e-02,2.663165110895637344e+00,-4.949166605435890293e-03,2.473864000074849426e-02,9.996817020636249440e-01,4.860471618357793400e-01,0.000000000000000000e+00,0.000000000000000000e+00,0.000000000000000000e+00,1.000000000000000000e+00
9.979433096768166589e-01,-6.386415171476915453e-02,5.524563062668616520e-03,4.180319210452818623e+01,6.396863022609437788e-02,9.977216890591260601e-01,-2.143468049696267003e-02,2.719690858595038119e+00,-4.143068702983772507e-03,2.174399472872087444e-02,9.997549868217516789e-01,5.151285571794994578e-01,0.000000000000000000e+00,0.000000000000000000e+00,0.000000000000000000e+00,1.000000000000000000e+00
9.978652184183172125e-01,-6.521105915774370876e-02,3.538874748923706050e-03,4.280559932383062716e+01,6.527004733721267216e-02,9.976580591137882426e-01,-2.045037911412950216e-02,2.775986946675441214e+00,-2.196996031248245416e-03,2.063770454384118019e-02,9.997846059825090670e-01,5.353011172737501822e-01,0.000000000000000000e+00,0.000000000000000000e+00,0.000000000000000000e+00,1.000000000000000000e+00
9.978602979733052214e-01,-6.518190992629667446e-02,5.113154308846176027e-03,4.386145943655765223e+01,6.527776856316727661e-02,9.976333032654546296e-01,-2.160104504593511263e-02,2.862206603819341666e+00,-3.693055650742192979e-03,2.188860054967235041e-02,9.997535948952314122e-01,5.655852087286915575e-01,0.000000000000000000e+00,0.000000000000000000e+00,0.000000000000000000e+00,1.000000000000000000e+00
9.979852282160835975e-01,-6.323656005744317243e-02,5.159625431367258902e-03,4.484472555365265833e+01,6.332456068843900221e-02,9.978085307114564761e-01,-1.918687189371895419e-02,2.927135945712541876e+00,-3.935006493872411290e-03,1.947494573936424042e-02,9.998026016231119639e-01,5.790474528874599569e-01,0.000000000000000000e+00,0.000000000000000000e+00,0.000000000000000000e+00,1.000000000000000000e+00
9.978130382799023090e-01,-6.541348239451123814e-02,9.498260875149339838e-03,4.582049177092289938e+01,6.559088368296964178e-02,9.976510949014748553e-01,-1.975167890537877710e-02,3.020948831124333100e+00,-8.183924261413545731e-03,2.033148206395761146e-02,9.997597982619462753e-01,5.869158694042084790e-01,0.000000000000000000e+00,0.000000000000000000e+00,0.000000000000000000e+00,1.000000000000000000e+00
9.977636060294889919e-01,-6.624521928699844686e-02,8.908277310895450912e-03,4.675639770535997997e+01,6.640349881115562014e-02,9.976151186699337980e-01,-1.883216256345058084e-02,3.094905124685993769e+00,-7.639491387989462597e-03,1.938158721046569569e-02,9.997829725738164308e-01,6.017722777709316739e-01,0.000000000000000000e+00,0.000000000000000000e+00,0.000000000000000000e+00,1.000000000000000000e+00
9.978316897212788916e-01,-6.576326093238857307e-02,2.666926979753992365e-03,4.772648796316669717e+01,6.580137832514040830e-02,9.976624218268459465e-01,-1.843558203878798221e-02,3.130095321827151000e+00,-1.448308837399472611e-03,1.857109544791954447e-02,9.998264933554104061e-01,6.026310413694655477e-01,0.000000000000000000e+00,0.000000000000000000e+00,0.000000000000000000e+00,1.000000000000000000e+00
9.977803824816241507e-01,-6.643918635274576046e-02,4.488078832625736966e-03,4.869078612139195172e+01,6.651660986418317378e-02,9.975817827352263523e-01,-2.015260199050870546e-02,3.197125085940530020e+00,-3.138303203766909435e-03,2.040640271083934976e-02,9.997868421725728538e-01,6.209754433844675292e-01,0.000000000000000000e+00,0.000000000000000000e+00,0.000000000000000000e+00,1.000000000000000000e+00
9.980288794927110185e-01,-6.261977708076686688e-02,4.137537537955222194e-03,4.968340269385123520e+01,6.269284271459991953e-02,9.978147335381989391e-01,-2.086540213992545134e-02,3.264851785799252504e+00,-2.821909085236411294e-03,2.108366790796755569e-02,9.997737322897924939e-01,6.295104562626545608e-01,0.000000000000000000e+00,0.000000000000000000e+00,0.000000000000000000e+00,1.000000000000000000e+00
9.981455322225996074e-01,-6.067229402542970856e-02,4.936521219864925883e-03,5.069572533042330065e+01,6.075640764102495373e-02,9.979681945522229647e-01,-1.918701625418430326e-02,3.358663468397142360e+00,-3.762370877512784349e-03,1.945135984635936593e-02,9.998037253208791331e-01,6.574868284902419813e-01,0.000000000000000000e+00,0.000000000000000000e+00,0.000000000000000000e+00,1.000000000000000000e+00
9.982380249058984134e-01,-5.917030267221772000e-02,4.440823532676138434e-03,5.163350450495216393e+01,5.924306622724300614e-02,9.980705047720401790e-01,-1.858834602874405786e-02,3.431997805102292354e+00,-3.332376924164943532e-03,1.881868182865091207e-02,9.998173595603691011e-01,6.716405220156147493e-01,0.000000000000000000e+00,0.000000000000000000e+00,0.000000000000000000e+00,1.000000000000000000e+00
9.983924233467098563e-01,-5.660936990567543015e-02,2.819262805366771433e-03,5.256500120735069714e+01,5.665317709471803104e-02,9.982095715698369176e-01,-1.918511796792244165e-02,3.518514675210346443e+00,-1.728157677357816885e-03,1.931399661517570893e-02,9.998119738259751976e-01,7.007389802063436202e-01,0.000000000000000000e+00,0.000000000000000000e+00,0.000000000000000000e+00,1.000000000000000000e+00
9.982355622639006443e-01,-5.929121864596017394e-02,3.211483014129426147e-03,5.352226292288560217e+01,5.934826769715519784e-02,9.979882540780855571e-01,-2.229860631356491915e-02,3.590003138960536688e+00,-1.882910783834704834e-03,2.244985776475038816e-02,9.997461970586954960e-01,7.208748528820742019e-01,0.000000000000000000e+00,0.000000000000000000e+00,0.000000000000000000e+00,1.000000000000000000e+00
9.983853859472039405e-01,-5.662925548459569330e-02,4.443934102986235070e-03,5.446924972821294375e+01,5.672555339881660275e-02,9.980553606850353088e-01,-2.584005803918798874e-02,3.641457100301684235e+00,-2.971989005578513313e-03,2.605042093961276728e-02,9.996562123301296898e-01,7.463360233329672244e-01,0.000000000000000000e+00,0.000000000000000000e+00,0.000000000000000000e+00,1.000000000000000000e+00
9.982404827527997515e-01,-5.873787514526468412e-02,8.111757939896678538e-03,5.541216376080429029e+01,5.895757057639550158e-02,9.978035841726052846e-01,-3.019954112298913959e-02,3.686896964049201308e+00,-6.320084270443079508e-03,3.062465405076592734e-02,9.995109739763174961e-01,7.520442008994725480e-01,0.000000000000000000e+00,0.000000000000000000e+00,0.000000000000000000e+00,1.000000000000000000e+00
9.979489251708033581e-01,-6.282121955033720395e-02,1.230597922339074501e-02,5.637098322756173729e+01,6.313169314810450350e-02,9.976475485965297096e-01,-2.671625160077194250e-02,3.739268780839222206e+00,-1.059868249792145570e-02,2.743835187380129145e-02,9.995673087770322596e-01,7.753987615647133236e-01,0.000000000000000000e+00,0.000000000000000000e+00,0.000000000000000000e+00,1.000000000000000000e+00
9.977266417048626934e-01,-6.613194304122155254e-02,1.296589919478373723e-02,5.733676064356143343e+01,6.643479838500963852e-02,9.974895950032353076e-01,-2.451378028440120635e-02,3.834181523477340203e+00,-1.131220561516456044e-02,2.531943857753243821e-02,9.996154060608710701e-01,7.801370756904125736e-01,0.000000000000000000e+00,0.000000000000000000e+00,0.000000000000000000e+00,1.000000000000000000e+00
9.977577768436869388e-01,-6.651922062182723250e-02,7.389995656821826860e-03,5.821183473913753659e+01,6.669958635244523093e-02,9.973894259434715748e-01,-2.766763807358687058e-02,3.898246550770049890e+00,-5.530273804780481452e-03,2.809851070827435598e-02,9.995898607767199628e-01,7.930453765304502634e-01,0.000000000000000000e+00,0.000000000000000000e+00,0.000000000000000000e+00,1.000000000000000000e+00
9.975804105703104385e-01,-6.947101821532905563e-02,2.664971762684340516e-03,5.909954703185690761e+01,6.951681293131718731e-02,9.972446001325091514e-01,-2.589633615843041359e-02,3.958636298211032134e+00,-8.585838588699795876e-04,2.601893800068785442e-02,9.996610814166344561e-01,7.981149479007790815e-01,0.000000000000000000e+00,0.000000000000000000e+00,0.000000000000000000e+00,1.000000000000000000e+00
9.976860649134460246e-01,-6.785066375126505567e-02,-4.336277901101026622e-03,6.006967304648954808e+01,6.772054434600552342e-02,9.973852488960895935e-01,-2.523079780689933133e-02,4.029957181690503099e+00,6.036865991844312176e-03,2.487876027869440065e-02,9.996722480573287939e-01,8.203227148720283468e-01,0.000000000000000000e+00,0.000000000000000000e+00,0.000000000000000000e+00,1.000000000000000000e+00
9.979330092288634102e-01,-6.413647292201214711e-02,-4.027646030953455254e-03,6.096005030454971063e+01,6.402829268571541554e-02,9.976859863451607024e-01,-2.287029484384930228e-02,4.117443286128668944e+00,5.485146049011917560e-03,2.256513885656985172e-02,9.997303274789690608e-01,8.372027234711469923e-01,0.000000000000000000e+00,0.000000000000000000e+00,0.000000000000000000e+00,1.000000000000000000e+00
9.977891968951585477e-01,-6.644074278793993260e-02,-1.531749686817124876e-03,6.184870798858908358e+01,6.639623468963057329e-02,9.975877394949368426e-01,-2.025443231566362648e-02,4.181314316962096100e+00,2.873774235344704175e-03,2.010795134212199284e-02,9.997936845742072531e-01,8.571686943862093511e-01,0.000000000000000000e+00,0.000000000000000000e+00,0.000000000000000000e+00,1.000000000000000000e+00
9.978191446328615877e-01,-6.599164597860032733e-02,-1.434316973445689874e-03,6.272012227388724881e+01,6.595615988974982968e-02,9.976663153194013089e-01,-1.765526124458060078e-02,4.244351557141335718e+00,2.596069479609683459e-03,1.752215563370428456e-02,9.998431049345729571e-01,8.818516308156574279e-01,0.000000000000000000e+00,0.000000000000000000e+00,0.000000000000000000e+00,1.000000000000000000e+00
9.977485658006932656e-01,-6.706031947390252157e-02,-8.443901462568209832e-04,6.352586951802819470e+01,6.703823473015750600e-02,9.976217373651052878e-01,-1.602324002509235637e-02,4.306805928259336724e+00,1.916905559812409751e-03,1.593055832968784044e-02,9.998712631055965971e-01,9.023934071348023167e-01,0.000000000000000000e+00,0.000000000000000000e+00,0.000000000000000000e+00,1.000000000000000000e+00
9.974996815549419527e-01,-7.067068691169926808e-02,-1.982655265100422839e-04,6.434713548162807228e+01,7.065954819936755282e-02,9.973850377085839991e-01,-1.517612609713365167e-02,4.364980842080521839e+00,1.270254325577526702e-03,1.512417159660203042e-02,9.998848163100921838e-01,9.242915966697179408e-01,0.000000000000000000e+00,0.000000000000000000e+00,0.000000000000000000e+00,1.000000000000000000e+00
9.974713553262176680e-01,-7.106756732532794330e-02,5.442225094977464232e-04,6.513837831142427603e+01,7.106699360963869561e-02,9.973385920652888537e-01,-1.628542896347047117e-02,4.424192608165439466e+00,6.145917078905618674e-04,1.628292515786673722e-02,9.998672354994628808e-01,9.367073944439258115e-01,0.000000000000000000e+00,0.000000000000000000e+00,0.000000000000000000e+00,1.000000000000000000e+00
9.971896127153579981e-01,-7.488061829952957771e-02,2.401935818479568416e-03,6.594607809642621987e+01,7.491095782100366807e-02,9.970418268216699742e-01,-1.720302201525265862e-02,4.488353537061503751e+00,-1.106657551242725118e-03,1.733460617371077039e-02,9.998491319883562323e-01,9.571801430334447858e-01,0.000000000000000000e+00,0.000000000000000000e+00,0.000000000000000000e+00,1.000000000000000000e+00
9.970264276604796638e-01,-7.705245370533010674e-02,1.105406971178239358e-03,6.668022196700333382e+01,7.706023789902408105e-02,9.968941865915972311e-01,-1.623885694353793124e-02,4.561928880210911252e+00,1.492699894840303527e-04,1.627575245187971864e-02,9.998675300261516963e-01,9.771668442369911833e-01,0.000000000000000000e+00,0.000000000000000000e+00,0.000000000000000000e+00,1.000000000000000000e+00
9.969586657939644159e-01,-7.771047303340040957e-02,5.873761933078010603e-03,6.745191801097270456e+01,7.780980425085307073e-02,9.967838565070282764e-01,-1.917231778972367309e-02,4.633759893361093063e+00,-4.364981187271537236e-03,1.957104463004998365e-02,9.997989403631736272e-01,9.841263365067501878e-01,0.000000000000000000e+00,0.000000000000000000e+00,0.000000000000000000e+00,1.000000000000000000e+00
9.967005144403175976e-01,-8.072402122819605230e-02,8.468583775275947620e-03,6.817881660379993036e+01,8.085278942674510583e-02,9.965950321196908046e-01,-1.616070531496040588e-02,4.689014568614136458e+00,-7.135191400621889758e-03,1.679209192186482610e-02,9.998335434923983911e-01,1.006794538640196635e+00,0.000000000000000000e+00,0.000000000000000000e+00,0.000000000000000000e+00,1.000000000000000000e+00
9.965486325614927310e-01,-8.233182025990724850e-02,1.059690108058907766e-02,6.886554672073025074e+01,8.248880309674079536e-02,9.964738657935814370e-01,-1.534379855422184254e-02,4.763376483983466692e+00,-9.296252120536301067e-03,1.616496715418146157e-02,9.998261216498683934e-01,1.023744724919369187e+00,0.000000000000000000e+00,0.000000000000000000e+00,0.000000000000000000e+00,1.000000000000000000e+00
9.965429305757249612e-01,-8.286030460144644394e-02,6.029713169284468301e-03,6.951714080894508641e+01,8.291943792987001294e-02,9.965027648250219805e-01,-1.032504283242891355e-02,4.816555981028784572e+00,-5.153089650175736620e-03,1.078932886942437532e-02,9.999285154697842293e-01,1.046712330737019414e+00,0.000000000000000000e+00,0.000000000000000000e+00,0.000000000000000000e+00,1.000000000000000000e+00
9.966979295636605451e-01,-8.119562947385056129e-02,7.120097331823534723e-04,7.019251211691590697e+01,8.119868200975638439e-02,9.966473098831801769e-01,-1.004558323391037226e-02,4.884185870466942525e+00,1.060348689224929671e-04,1.007022626241082207e-02,9.999492883639810037e-01,1.055908932552010571e+00,0.000000000000000000e+00,0.000000000000000000e+00,0.000000000000000000e+00,1.000000000000000000e+00
9.965086219362043751e-01,-8.337424398539876325e-02,-4.393386697404975776e-03,7.092483133237992377e+01,8.332903576248293365e-02,9.964755839706738172e-01,-9.627167247462875554e-03,4.946021407155351213e+00,5.180560365883806612e-03,9.227458489692556484e-03,9.999440063344137153e-01,1.083804078927535830e+00,0.000000000000000000e+00,0.000000000000000000e+00,0.000000000000000000e+00,1.000000000000000000e+00
9.965032587900063410e-01,-8.346110615444232717e-02,-3.936874442704803301e-03,7.162139008086499814e+01,8.341900318439664230e-02,9.964657587566786434e-01,-9.862126201263747560e-03,5.001236477125662105e+00,4.746064540471785741e-03,9.499230756485519192e-03,9.999436181537508794e-01,1.086507991873551182e+00,0.000000000000000000e+00,0.000000000000000000e+00,0.000000000000000000e+00,1.000000000000000000e+00
9.964640997113028975e-01,-8.401647637035182525e-02,-7.277945148978759958e-04,7.229398196395582943e+01,8.400381348348261168e-02,9.964072179367535753e-01,-1.077104283640631724e-02,5.066736227743969145e+00,1.630124773768006205e-03,1.067181998824818547e-02,9.999417257777385437e-01,1.101089314500382388e+00,0.000000000000000000e+00,0.000000000000000000e+00,0.000000000000000000e+00,1.000000000000000000e+00
9.954963358331773149e-01,-9.477369743576276317e-02,2.234192712182151222e-03,7.289330104777209840e+01,9.479108510967086676e-02,9.954496610528663636e-01,-9.727409391871647340e-03,5.155244917160083595e+00,-1.302123823529434182e-03,9.895381958289808585e-03,9.999501917042917798e-01,1.109413443110540465e+00,0.000000000000000000e+00,0.000000000000000000e+00,0.000000000000000000e+00,1.000000000000000000e+00
9.956684603095731223e-01,-9.295971832300549409e-02,-1.675683166405301508e-03,7.345481782459857811e+01,9.293472421692790253e-02,9.956066711902016308e-01,-1.142336711748427776e-02,5.215763437824082693e+00,2.730234328815867983e-03,1.121815719647217477e-02,9.999333471635131199e-01,1.122040635535284769e+00,0.000000000000000000e+00,0.000000000000000000e+00,0.000000000000000000e+00,1.000000000000000000e+00
9.956259875296178397e-01,-9.329142382655074284e-02,-5.059960087837754063e-03,7.407901151819989138e+01,9.319243721208159137e-02,9.955002475671138606e-01,-1.715886768698489731e-02,5.269290843565742399e+00,6.637966717892389984e-03,1.661226457296326869e-02,9.998399722273623169e-01,1.160669490532350911e+00,0.000000000000000000e+00,0.000000000000000000e+00,0.000000000000000000e+00,1.000000000000000000e+00
9.957876499268161208e-01,-9.132375095258760123e-02,-8.181000255526168705e-03,7.470868543375043203e+01,9.114594664328329321e-02,9.956373924285764065e-01,-1.996494949994483820e-02,5.318096451817760695e+00,9.968583837783508844e-03,1.913518513067915747e-02,9.997672089172990884e-01,1.173865315452730762e+00,0.000000000000000000e+00,0.000000000000000000e+00,0.000000000000000000e+00,1.000000000000000000e+00
9.960381201553895059e-01,-8.828695635123050278e-02,-1.065253657853095469e-02,7.529008480861143937e+01,8.805742306604877334e-02,9.959069949718206693e-01,-2.037517139009924552e-02,5.364082232359503877e+00,1.240779755991865130e-02,1.935641248901651817e-02,9.997356529879632969e-01,1.189974743553333436e+00,0.000000000000000000e+00,0.000000000000000000e+00,0.000000000000000000e+00,1.000000000000000000e+00
9.963341334878068611e-01,-8.503782112985887320e-02,-9.320054967067279914e-03,7.584782683861567421e+01,8.482931429423354319e-02,9.961771661857362625e-01,-2.085763664793498923e-02,5.438720678947835729e+00,1.105811392024701710e-02,1.999056146418343866e-02,9.997390137275207200e-01,1.194747135791346393e+00,0.000000000000000000e+00,0.000000000000000000e+00,0.000000000000000000e+00,1.000000000000000000e+00
9.969290283133649400e-01,-7.821798914843347550e-02,-3.802457067224510653e-03,7.639241304367739360e+01,7.812200365968306748e-02,9.967237906426956728e-01,-2.094367950156111186e-02,5.467617943655351809e+00,5.428171917781478284e-03,2.058230648987696698e-02,9.997734261367372532e-01,1.215902542165814282e+00,0.000000000000000000e+00,0.000000000000000000e+00,0.000000000000000000e+00,1.000000000000000000e+00
9.976056447416291606e-01,-6.914662373104539517e-02,1.312252352846423600e-03,7.698265120360835567e+01,6.915645927930001713e-02,9.972233209347457494e-01,-2.762303972843998742e-02,5.481464740348221731e+00,6.014312852002158018e-04,2.764765108441840508e-02,9.996175497008471522e-01,1.230383373947353087e+00,0.000000000000000000e+00,0.000000000000000000e+00,0.000000000000000000e+00,1.000000000000000000e+00
9.983325075932187875e-01,-5.772067106266974557e-02,7.269213942715984983e-04,7.753787579692676957e+01,5.771716059612806704e-02,9.979026971740254659e-01,-2.930761582827734468e-02,5.518574980612307890e+00,9.662584328779519121e-04,2.930070144027731305e-02,9.995701752452154087e-01,1.235787703520365710e+00,0.000000000000000000e+00,0.000000000000000000e+00,0.000000000000000000e+00,1.000000000000000000e+00
9.989509304422182767e-01,-4.579279477441062368e-02,2.418995197122339241e-04,7.805519387223191075e+01,4.578487065251794774e-02,9.986480492012574928e-01,-2.461339972183745894e-02,5.551350346889677212e+00,8.855438786992799252e-04,2.459865389169721417e-02,9.996970151194599641e-01,1.248975977767226686e+00,0.000000000000000000e+00,0.000000000000000000e+00,0.000000000000000000e+00,1.000000000000000000e+00
9.995769845262586495e-01,-2.907678401480765992e-02,6.266073333980452277e-04,7.857492322754413294e+01,2.908353397939622553e-02,9.993505032628424711e-01,-2.127721033373426024e-02,5.574746463929930229e+00,-7.527504667919661385e-06,2.128643370019822276e-02,9.997734181721708024e-01,1.262351674288351600e+00,0.000000000000000000e+00,0.000000000000000000e+00,0.000000000000000000e+00,1.000000000000000000e+00
9.998683032742605725e-01,-1.617091990457091705e-02,-1.370203230748144292e-03,7.905574376153877836e+01,1.614761997175986549e-02,9.997481565878797438e-01,-1.558453619448827744e-02,5.599827167062507272e+00,1.621874440642131435e-03,1.556035824104567630e-02,9.998776148982994050e-01,1.250697145578119951e+00,0.000000000000000000e+00,0.000000000000000000e+00,0.000000000000000000e+00,1.000000000000000000e+00
9.999413413320386024e-01,1.081797148311759889e-02,5.342172552611363636e-04,7.955263422907663085e+01,-1.080774244496030337e-02,9.998067511097219473e-01,-1.642111867932274580e-02,5.607723237915179126e+00,-7.117572119632372546e-04,1.641438175587064605e-02,9.998650216270428270e-01,1.270852725743718326e+00,0.000000000000000000e+00,0.000000000000000000e+00,0.000000000000000000e+00,1.000000000000000000e+00
9.993737728385776453e-01,3.510266014726394490e-02,4.457063267781058435e-03,8.006709066987851031e+01,-3.503226066729708821e-02,9.992736567013118520e-01,-1.499665747228657274e-02,5.600397567211457428e+00,-4.980248480339313950e-03,1.483112515584000986e-02,9.998776099361805780e-01,1.291729291533026736e+00,0.000000000000000000e+00,0.000000000000000000e+00,0.000000000000000000e+00,1.000000000000000000e+00
9.980004173668235445e-01,6.302930950779306318e-02,4.740577878043773265e-03,8.054215190886725395e+01,-6.295112796983061421e-02,9.979016734989757387e-01,-1.514613862616159823e-02,5.566053122625048033e+00,-5.685281257168437082e-03,1.481742794575401957e-02,9.998740527716989401e-01,1.299425110283635831e+00,0.000000000000000000e+00,0.000000000000000000e+00,0.000000000000000000e+00,1.000000000000000000e+00
9.952571567455763546e-01,9.712533027427472376e-02,5.464628608197707495e-03,8.101260933237989548e+01,-9.703691797703907496e-02,9.951734726141278076e-01,-1.461492232852727204e-02,5.493789692830476135e+00,-6.857732586657764098e-03,1.401533532471930729e-02,9.998782635298699706e-01,1.308084680758866636e+00,0.000000000000000000e+00,0.000000000000000000e+00,0.000000000000000000e+00,1.000000000000000000e+00
