1.000000000000000000e+00,-1.925822680554471665e-12,1.263032837906718147e-12,1.351348379735934110e-19,1.925822680554882831e-12,1.000000000000000000e+00,-3.255742355152596047e-13,4.374616056993268020e-19,-1.263032837906091299e-12,3.255742355176919721e-13,1.000000000000000000e+00,-3.955035116688040865e-19,0.000000000000000000e+00,0.000000000000000000e+00,0.000000000000000000e+00,1.000000000000000056e-01
9.999920398483148620e-01,-3.985884601965775272e-03,-1.815597590934212870e-04,6.556251865714733951e-01,3.985336018633856524e-03,9.999877724821745195e-01,-2.927794896717884898e-03,7.032278451775600750e-03,1.932273916647723631e-04,2.927048014378954427e-03,9.999956975172926699e-01,2.038985115427982813e-03,0.000000000000000000e+00,0.000000000000000000e+00,0.000000000000000000e+00,1.000000000000000056e-01
9.999535754571162727e-01,-9.343527056854063900e-03,-2.354874235947525263e-03,1.325919246436865206e+00,9.340249444014271651e-03,9.999554002503626693e-01,-1.399017676993340089e-03,9.435980122631824896e-03,2.367840968664178779e-03,1.376957615464166878e-03,9.999962486513999105e-01,6.223962594497471634e-03,0.000000000000000000e+00,0.000000000000000000e+00,0.000000000000000000e+00,1.000000000000000056e-01
9.998859183649451143e-01,-1.492728842512775801e-02,-2.307881228163548726e-03,2.043405707705855168e+00,1.492558070497439389e-02,9.998883219595889882e-01,-7.554134342307908907e-04,3.366213649509645239e-04,2.318899762723465683e-03,7.208807879026209913e-04,9.999970515130433002e-01,4.944536988365126097e-03,0.000000000000000000e+00,0.000000000000000000e+00,0.000000000000000000e+00,1.000000000000000056e-01
9.997912128922277208e-01,-1.996341138161725204e-02,-4.358076352771092510e-03,2.738281662154694374e+00,1.996465129203794237e-02,9.998006573953110987e-01,2.411860091342954025e-04,8.615898669510837701e-03,4.352392706959659283e-03,-3.281431272921644720e-04,9.999904744545381474e-01,1.026296973686453319e-02,0.000000000000000000e+00,0.000000000000000000e+00,0.000000000000000000e+00,1.000000000000000056e-01
9.996853687529746457e-01,-2.430512223266909425e-02,-6.198752655498575639e-03,3.444250275817046791e+00,2.430478912598793215e-02,9.997045866482524579e-01,-1.290735755465458360e-04,1.028760842000473429e-02,6.200058610230627792e-03,-2.162641116953700906e-05,9.999807792180448462e-01,2.508578661993368306e-02,0.000000000000000000e+00,0.000000000000000000e+00,0.000000000000000000e+00,1.000000000000000056e-01
9.995195768238842593e-01,-3.000797036587461719e-02,-7.754821746768445975e-03,4.165172508518786287e+00,3.000932141885893217e-02,9.995496172158429005e-01,5.789336365664237945e-05,4.503938032960347337e-02,7.749591846218505109e-03,-2.905824886877297723e-04,9.999699292418918750e-01,4.343308954549376932e-02,0.000000000000000000e+00,0.000000000000000000e+00,0.000000000000000000e+00,1.000000000000000056e-01
9.993677037211178282e-01,-3.450909096840137913e-02,-8.562441224011896335e-03,4.933997793873916571e+00,3.453848239605322723e-02,9.993978913909619122e-01,3.308763677967964910e-03,7.331356190647093929e-02,8.443103277680597679e-03,-3.602405284489460131e-03,9.999578674540285927e-01,5.544172808480606757e-02,0.000000000000000000e+00,0.000000000000000000e+00,0.000000000000000000e+00,1.000000000000000056e-01
9.992705977278489859e-01,-3.753585398894861147e-02,-7.023687204569318762e-03,5.704675193910050623e+00,3.756407617236059981e-02,9.992864920300404963e-01,3.930270679338672586e-03,1.090426635798839444e-01,6.871149681413652940e-03,-4.191242252138270737e-03,9.999676098706594685e-01,6.069086151191005474e-02,0.000000000000000000e+00,0.000000000000000000e+00,0.000000000000000000e+00,1.000000000000000056e-01
9.990770140585594206e-01,-4.263743426950949295e-02,-5.212406233819841250e-03,6.498387854917077711e+00,4.265846485896700874e-02,9.990817366001260025e-01,3.992363704972285918e-03,1.633518076999104229e-01,5.037395726899318582e-03,-4.211032057555543634e-03,9.999784456943563438e-01,7.183156942594588756e-02,0.000000000000000000e+00,0.000000000000000000e+00,0.000000000000000000e+00,1.000000000000000056e-01
9.988430291395530292e-01,-4.796833071278921307e-02,-3.412094364232115453e-03,7.323917805628973987e+00,4.797753754915950325e-02,9.988448473423211516e-01,2.669612034384519564e-03,1.980059741886686653e-01,3.280096041418823372e-03,-2.830227256533260176e-03,9.999906153477818860e-01,9.215839781881342285e-02,0.000000000000000000e+00,0.000000000000000000e+00,0.000000000000000000e+00,1.000000000000000056e-01
9.987640127905315079e-01,-4.961906660533609709e-02,-2.897409838163595049e-03,8.140520205787769470e+00,4.962817103993873852e-02,9.987627649246241246e-01,3.159753052158648448e-03,2.446825745619082004e-01,2.737041063932605690e-03,-3.299640788822285654e-03,9.999908104462156277e-01,1.071297913815224684e-01,0.000000000000000000e+00,0.000000000000000000e+00,0.000000000000000000e+00,1.000000000000000056e-01
9.986080366831145971e-01,-5.261648231515814872e-02,-3.673535173908204585e-03,8.987903068335917567e+00,5.262853776501160569e-02,9.986088175993382832e-01,3.265949412986428671e-03,2.951824660576371495e-01,3.496581846895450377e-03,-3.454736115839874069e-03,9.999879192839070674e-01,1.160442457960516593e-01,0.000000000000000000e+00,0.000000000000000000e+00,0.000000000000000000e+00,1.000000000000000056e-01
9.986187013825854608e-01,-5.243050550768473678e-02,-3.425104548381715467e-03,9.668653748583338370e+00,5.244804995914562756e-02,9.986098496575549488e-01,5.250735415012483878e-03,3.771987217769438017e-01,3.145044426024665250e-03,-5.423122635912137890e-03,9.999803490251366611e-01,1.338664205971861476e-01,0.000000000000000000e+00,0.000000000000000000e+00,0.000000000000000000e+00,1.000000000000000056e-01
9.983563468841478716e-01,-5.717983634145290539e-02,-3.882132417058096769e-03,1.042329527256707067e+01,5.720093882036017541e-02,9.983471943354801370e-01,5.561668863255590789e-03,4.408186202184746771e-01,3.557700691222457755e-03,-5.774589027779841038e-03,9.999769981791341023e-01,1.406794201096346619e-01,0.000000000000000000e+00,0.000000000000000000e+00,0.000000000000000000e+00,1.000000000000000056e-01
9.982161675695893077e-01,-5.953834614621868887e-02,-4.434877772222965524e-03,1.125049826751762438e+01,5.955624745376835588e-02,9.982168565634470525e-01,4.020032564050283683e-03,4.916989124092182029e-01,4.187623658714014450e-03,-4.276986177620952650e-03,9.999820854381989976e-01,1.619877137764405284e-01,0.000000000000000000e+00,0.000000000000000000e+00,0.000000000000000000e+00,1.000000000000000056e-01
9.980139867973883971e-01,-6.274434817964845423e-02,-5.588284915182969992e-03,1.214233541642014558e+01,6.277108333112450811e-02,9.980166737474892580e-01,4.744472513838756712e-03,5.561466110871520208e-01,5.279512687667107379e-03,-5.085832626875861316e-03,9.999731301651421100e-01,1.751699840994658808e-01,0.000000000000000000e+00,0.000000000000000000e+00,0.000000000000000000e+00,1.000000000000000056e-01
9.978755103516300240e-01,-6.475130843751530918e-02,-7.192627899703967626e-03,1.304138371448573963e+01,6.480183553438068067e-02,9.978733967783884884e-01,7.028948238247531219e-03,6.337991665203427383e-01,6.722198438674508586e-03,-7.480110800693060349e-03,9.999494287165529016e-01,1.884531164004461246e-01,0.000000000000000000e+00,0.000000000000000000e+00,0.000000000000000000e+00,1.000000000000000056e-01
9.980217795429783267e-01,-6.197727869707828768e-02,-1.055198953616972961e-02,1.391672953356088982e+01,6.208370479377735979e-02,9.980200850894014319e-01,1.007587997263902253e-02,6.963273114709105371e-01,9.906621873568029549e-03,-1.071105426410524399e-02,9.998935604151101275e-01,1.944791734290904628e-01,0.000000000000000000e+00,0.000000000000000000e+00,0.000000000000000000e+00,1.000000000000000056e-01
9.970359405094748606e-01,-7.655525061710079238e-02,-7.656822796681005648e-03,1.488514455903953682e+01,7.662730580664221802e-02,9.970135228808894023e-01,9.606830770527525695e-03,7.836309492158145540e-01,6.898502533319824000e-03,-1.016507725455681986e-02,9.999245380863531762e-01,2.066760466268363072e-01,0.000000000000000000e+00,0.000000000000000000e+00,0.000000000000000000e+00,1.000000000000000056e-01
9.966708890601264637e-01,-8.122557673151226121e-02,-7.038791425401845665e-03,1.584678543900353631e+01,8.127903380802162236e-02,9.966618446651082097e-01,7.673724778625299475e-03,8.795320526276846351e-01,6.391992125431214013e-03,-8.220284263748049020e-03,9.999457832119157397e-01,2.180271177037396702e-01,0.000000000000000000e+00,0.000000000000000000e+00,0.000000000000000000e+00,1.000000000000000056e-01
9.965332734517957647e-01,-8.295326090359908533e-02,-6.339669463607639291e-03,1.675517942242054303e+01,8.300082816656612072e-02,9.965201213941573544e-01,7.649194744421354206e-03,9.722271170893220793e-01,5.683082536136693091e-03,-8.148874893710208664e-03,9.999506479876164589e-01,2.368675269999081234e-01,0.000000000000000000e+00,0.000000000000000000e+00,0.000000000000000000e+00,1.000000000000000056e-01
9.963158955872959410e-01,-8.559232638079106170e-02,-5.346949112209077246e-03,1.764713505216645117e+01,8.563481367819886225e-02,9.962920293523818138e-01,8.298851439385414655e-03,1.060761158821645012e+00,4.616804780861124419e-03,-8.726162595148035869e-03,9.999512684126053985e-01,2.597136191342661049e-01,0.000000000000000000e+00,0.000000000000000000e+00,0.000000000000000000e+00,1.000000000000000056e-01
9.962620622388358438e-01,-8.620426358522166599e-02,-5.543309783123957779e-03,1.855631397244008696e+01,8.624496658563217399e-02,9.962451366170197442e-01,7.578489663439418739e-03,1.144932942136947185e+00,4.869197291673779335e-03,-8.028244307773189231e-03,9.999559181339292557e-01,2.633980678494601269e-01,0.000000000000000000e+00,0.000000000000000000e+00,0.000000000000000000e+00,1.000000000000000056e-01
9.960666386215353274e-01,-8.841847622616200164e-02,-5.781391444915661912e-03,1.949416434538515475e+01,8.844492973823625537e-02,9.960709400972359573e-01,4.491847883335284460e-03,1.229947158695387177e+00,5.361513666323043659e-03,-4.985514582487841732e-03,9.999731990486313560e-01,2.811836836373090565e-01,0.000000000000000000e+00,0.000000000000000000e+00,0.000000000000000000e+00,1.000000000000000056e-01
9.959248705200667295e-01,-9.009581267616395550e-02,-4.049298434295359878e-03,2.042570485834552230e+01,9.010604580658732043e-02,9.959292372766087587e-01,2.419679055881973628e-03,1.313202905198759707e+00,3.814811750217964124e-03,-2.774684820634532034e-03,9.999888741058354791e-01,2.994142946493138502e-01,0.000000000000000000e+00,0.000000000000000000e+00,0.000000000000000000e+00,1.000000000000000056e-01
9.960324946902004983e-01,-8.898963411379935684e-02,3.384398141962385365e-04,2.134854801101102595e+01,8.898835450015722681e-02,9.960287692074012433e-01,2.786337119534933876e-03,1.408881530726878495e+00,-5.850509123697723336e-04,-2.745165110055625135e-03,9.999960608842158871e-01,3.072070746135297514e-01,0.000000000000000000e+00,0.000000000000000000e+00,0.000000000000000000e+00,1.000000000000000056e-01
9.959164803676512356e-01,-9.023119349138342127e-02,2.948873213656198061e-03,2.229740472659015182e+01,9.022927347438286505e-02,9.959207161435615907e-01,7.780516566654562590e-04,1.502161764949464517e+00,-3.007048452339919006e-03,-5.087997798142141707e-04,9.999953493803805937e-01,3.169058649989405785e-01,0.000000000000000000e+00,0.000000000000000000e+00,0.000000000000000000e+00,1.000000000000000056e-01
9.959781139919908766e-01,-8.934874583963690886e-02,6.663187363474023552e-03,2.327495473748488308e+01,8.934642769380997385e-02,9.960004012885268487e-01,6.453614865890697130e-04,1.595547806530154267e+00,-6.694199527320704966e-03,-4.743392827510900652e-05,9.999775924703067087e-01,3.281755768780184601e-01,0.000000000000000000e+00,0.000000000000000000e+00,0.000000000000000000e+00,1.000000000000000056e-01
9.961570851523969816e-01,-8.721827274194687840e-02,8.002162244766982888e-03,2.420775249610775504e+01,8.723122212628811600e-02,9.961872653322751958e-01,-1.283072935265196788e-03,1.690791700122009855e+00,-7.859744718143832701e-03,1.976180587495573581e-03,9.999671590223606632e-01,3.390056025961764585e-01,0.000000000000000000e+00,0.000000000000000000e+00,0.000000000000000000e+00,1.000000000000000056e-01
9.962078131087566124e-01,-8.681491715555279820e-02,5.758755103600331389e-03,2.516499955688894019e+01,8.683251729361742000e-02,9.962187620664956222e-01,-2.879591490589180746e-03,1.769171676819999650e+00,-5.486988383655500533e-03,3.368718743609515256e-03,9.999792721314297861e-01,3.444162261120976565e-01,0.000000000000000000e+00,0.000000000000000000e+00,0.000000000000000000e+00,1.000000000000000056e-01
9.965005918716622890e-01,-8.358196180607986581e-02,7.912395804757876676e-04,2.610849635657004697e+01,8.358452532388253864e-02,9.964921903748936716e-01,-4.116023351232515198e-03,1.869278897784743876e+00,-4.444387561239807722e-04,4.167755090412320410e-03,9.999912161072708194e-01,3.469518743730856114e-01,0.000000000000000000e+00,0.000000000000000000e+00,0.000000000000000000e+00,1.000000000000000056e-01
9.965318741825958115e-01,-8.320496548561007177e-02,-1.075851598225290983e-03,2.706228375364531757e+01,8.319837457790410506e-02,9.965196487166982919e-01,-5.159475665512901904e-03,1.954088160329397583e+00,1.501401251407611607e-03,5.052072850493683626e-03,9.999861110806467224e-01,3.558772469972635855e-01,0.000000000000000000e+00,0.000000000000000000e+00,0.000000000000000000e+00,1.000000000000000056e-01
9.966197144052666435e-01,-8.212663335613373805e-02,2.088289336278338626e-03,2.804116425091674714e+01,8.214009400650415516e-02,9.965926638284184902e-01,-7.487814098886714544e-03,2.034768883464174394e+00,-1.466224869347951612e-03,7.634035431146888977e-03,9.999697853873728004e-01,3.635146263860217775e-01,0.000000000000000000e+00,0.000000000000000000e+00,0.000000000000000000e+00,1.000000000000000056e-01
9.966202137515890458e-01,-8.175930540993467388e-02,7.972798794776901968e-03,2.904250679602618490e+01,8.182965862279362179e-02,9.966062555529416889e-01,-8.937469575984563833e-03,2.110636405077059852e+00,-7.215019848484694430e-03,9.559674242860872681e-03,9.999282754862752753e-01,3.814435969673331539e-01,0.000000000000000000e+00,0.000000000000000000e+00,0.000000000000000000e+00,1.000000000000000056e-01
9.967563076761498664e-01,-7.982213751475224217e-02,1.026106575285776548e-02,2.998438089317915356e+01,7.993545301601913400e-02,9.967376503542884070e-01,-1.115256550467715567e-02,2.180212261085765935e+00,-9.337368951277683765e-03,1.193661295294024503e-02,9.998851588118904399e-01,3.865109076178768199e-01,0.000000000000000000e+00,0.000000000000000000e+00,0.000000000000000000e+00,1.000000000000000056e-01
9.966470573372036013e-01,-8.128935096090471324e-02,9.310452268695245184e-03,3.088834102031551865e+01,8.145423524486720968e-02,9.964966638810378585e-01,-1.896329176687662488e-02,2.243819905078831223e+00,-7.736320945166783904e-03,1.965808470621481507e-02,9.997768296194489146e-01,3.985034054192923003e-01,0.000000000000000000e+00,0.000000000000000000e+00,0.000000000000000000e+00,1.000000000000000056e-01
9.966535669474618775e-01,-8.141326389107243766e-02,7.317646718972628528e-03,3.182327981881338985e+01,8.156164233551981002e-02,9.964029419773683394e-01,-2.299729806690157738e-02,2.320299772054847054e+00,-5.419039622833056458e-03,2.351717843296196112e-02,9.997087457495399399e-01,4.069464370819567134e-01,0.000000000000000000e+00,0.000000000000000000e+00,0.000000000000000000e+00,1.000000000000000056e-01
9.968316417900722204e-01,-7.945621484261113088e-02,3.658940966177003269e-03,3.279185462533727247e+01,7.952280350516026386e-02,9.965239083833400402e-01,-2.482385431540004572e-02,2.387688480042339467e+00,-1.673812650452516067e-03,2.503617269626807335e-02,9.996851446370170757e-01,4.066816378989996372e-01,0.000000000000000000e+00,0.000000000000000000e+00,0.000000000000000000e+00,1.000000000000000056e-01
9.966916168453291425e-01,-8.116406800689940360e-02,4.267900516068985975e-03,3.373771213014406811e+01,8.124660358640153901e-02,9.963710801577676524e-01,-2.537045586735451816e-02,2.465123449257148103e+00,-2.193243241817547425e-03,2.563327309991189976e-02,9.996690077191887625e-01,4.091279924909506649e-01,0.000000000000000000e+00,0.000000000000000000e+00,0.000000000000000000e+00,1.000000000000000056e-01
9.966754997510645087e-01,-8.129649182217375813e-02,5.369228377803766765e-03,3.469958451203365968e+01,8.140899104290792720e-02,9.963442353319348355e-01,-2.589866595401889293e-02,2.554157099959324384e+00,-3.244129057469311538e-03,2.624966929752361317e-02,9.996501540481195214e-01,4.255211917798735755e-01,0.000000000000000000e+00,0.000000000000000000e+00,0.000000000000000000e+00,1.000000000000000056e-01
9.966143224225412212e-01,-8.201289788723870045e-02,5.811791668353147311e-03,3.567150837572246758e+01,8.213202866146437908e-02,9.963173126806132984e-01,-2.461995777481142469e-02,2.634886312281988552e+00,-3.771234573899448841e-03,2.501393677569490812e-02,9.996799891749209577e-01,4.282782619368499799e-01,0.000000000000000000e+00,0.000000000000000000e+00,0.000000000000000000e+00,1.000000000000000056e-01
9.966892269270638538e-01,-8.117093776994507848e-02,4.675873082055111499e-03,3.663456132495780793e+01,8.125858226095833414e-02,9.964189365148204969e-01,-2.337404037844743529e-02,2.710989672299997988e+00,-2.761835706708490150e-03,2.367660905243672634e-02,9.997158548544217149e-01,4.456035093807798608e-01,0.000000000000000000e+00,0.000000000000000000e+00,0.000000000000000000e+00,1.000000000000000056e-01
9.965062964128458267e-01,-8.323934998392752693e-02,6.812622388379708550e-03,3.762575655037792188e+01,8.337498919653706098e-02,9.962547754899562236e-01,-2.291360927340263184e-02,2.806244780116035731e+00,-4.879793646329347138e-03,2.340155823252073816e-02,9.997142365127442698e-01,4.576827527532161266e-01,0.000000000000000000e+00,0.000000000000000000e+00,0.000000000000000000e+00,1.000000000000000056e-01
9.966614899679953066e-01,-8.104275619621753579e-02,9.896771336958388662e-03,3.861148714478190414e+01,8.124945932034599583e-02,9.964361394518969073e-01,-2.266153909934635197e-02,2.891820313419307453e+00,-8.024947035777626678e-03,2.338999064386748650e-02,9.996942075268581140e-01,4.807664352220784587e-01,0.000000000000000000e+00,0.000000000000000000e+00,0.000000000000000000e+00,1.000000000000000056e-01
9.967034909238501328e-01,-8.031800454362948705e-02,1.145291780902158406e-02,3.960399071597604603e+01,8.051198572477492876e-02,9.965978503322641124e-01,-1.762228327328207306e-02,2.978557704958352037e+00,-9.998566640490419780e-03,1.848628841167618275e-02,9.997791185086314369e-01,4.863911352955672673e-01,0.000000000000000000e+00,0.000000000000000000e+00,0.000000000000000000e+00,1.000000000000000056e-01
9.965752040380644328e-01,-8.210733070170639358e-02,9.810654490438707256e-03,4.059986650044693590e+01,8.228387895339195346e-02,9.964239754458520393e-01,-1.919959429434815387e-02,3.059214536439072596e+00,-8.199143911023996575e-03,1.994109830788287976e-02,9.997675362990147141e-01,5.011515729610670489e-01,0.000000000000000000e+00,0.000000000000000000e+00,0.000000000000000000e+00,1.000000000000000056e-01
9.965622671881954053e-01,-8.241187263745274050e-02,8.481206583505936092e-03,4.160618239238764460e+01,8.253305102307907648e-02,9.964739765546133388e-01,-1.509667308574203122e-02,3.136692061810999910e+00,-7.207156550655894299e-03,1.574475461301985679e-02,9.998500685585964831e-01,5.269785804705304777e-01,0.000000000000000000e+00,0.000000000000000000e+00,0.000000000000000000e+00,1.000000000000000056e-01
9.964852279153940673e-01,-8.350802149189393009e-02,6.603097221347636013e-03,4.263090700529053834e+01,8.359274942833544442e-02,9.964043055970871476e-01,-1.380985266387846008e-02,3.195162795585791748e+00,-5.426121028571896480e-03,1.431328523071798836e-02,9.998828366746213003e-01,5.324261172524403785e-01,0.000000000000000000e+00,0.000000000000000000e+00,0.000000000000000000e+00,1.000000000000000056e-01
9.965580528214952327e-01,-8.246971677843981108e-02,8.413867785622303544e-03,4.365046316726764530e+01,8.258680956018810138e-02,9.964758261719781629e-01,-1.467469732372323095e-02,3.282204279430980254e+00,-7.173997720882993590e-03,1.531906228715021988e-02,9.998569198077008613e-01,5.456601188239552647e-01,0.000000000000000000e+00,0.000000000000000000e+00,0.000000000000000000e+00,1.000000000000000056e-01
9.966475827063644433e-01,-8.130925764480223528e-02,9.077472490275191597e-03,4.464119031620230516e+01,8.145920689418928440e-02,9.965213752514409107e-01,-1.759392733719858729e-02,3.370189188765047028e+00,-7.615346198971945958e-03,1.827438886059203418e-02,9.998040074004712618e-01,5.638745299529485111e-01,0.000000000000000000e+00,0.000000000000000000e+00,0.000000000000000000e+00,1.000000000000000056e-01
9.964942248266451807e-01,-8.303132782623832975e-02,1.024980422034241223e-02,4.562227020099432195e+01,8.319227666549407207e-02,9.963981285894168982e-01,-1.642602954824372991e-02,3.463979010462741481e+00,-8.849010699253385265e-03,1.722114813012257800e-02,9.998125459638546042e-01,5.751495960729421375e-01,0.000000000000000000e+00,0.000000000000000000e+00,0.000000000000000000e+00,1.000000000000000056e-01
9.958491658528230150e-01,-9.058988666372021215e-02,8.826738043638541337e-03,4.653456895751792644e+01,9.071934196579629905e-02,9.957547004539835100e-01,-1.557490022730132623e-02,3.535851670248470580e+00,-7.378337450239099045e-03,1.631100726662231687e-02,9.998397427480159028e-01,5.864005860768237710e-01,0.000000000000000000e+00,0.000000000000000000e+00,0.000000000000000000e+00,1.000000000000000056e-01
9.960722103104453495e-01,-8.845467497843238769e-02,3.990278401792344068e-03,4.748212084405220423e+01,8.850622374763759959e-02,9.959558309051875780e-01,-1.544769380492092177e-02,3.632120818498859371e+00,-2.607720306519494685e-03,1.574018298551095596e-02,9.998727151164720217e-01,5.855597629590734154e-01,0.000000000000000000e+00,0.000000000000000000e+00,0.000000000000000000e+00,1.000000000000000056e-01
9.962316914280471281e-01,-8.669599377651321381e-02,2.494325062014022751e-03,4.843191831326965513e+01,8.672687477974222459e-02,9.960708925123169521e-01,-1.792278663197531541e-02,3.723436481168524548e+00,-9.306907924326421507e-04,1.807157305879002196e-02,9.998362626259510444e-01,5.898456547348917001e-01,0.000000000000000000e+00,0.000000000000000000e+00,0.000000000000000000e+00,1.000000000000000056e-01
9.963890244582924716e-01,-8.479871518876866410e-02,4.253215417349752274e-03,4.940478727311268869e+01,8.486176827067651307e-02,9.962318455046872412e-01,-1.790503527779040843e-02,3.829779643495772934e+00,-2.718864657589127772e-03,1.820131601448130021e-02,9.998306455947000293e-01,6.018688855297712470e-01,0.000000000000000000e+00,0.000000000000000000e+00,0.000000000000000000e+00,1.000000000000000056e-01
9.964780164916038352e-01,-8.366551651412702795e-02,5.625299581635427593e-03,5.042192052477961539e+01,8.375030467676912449e-02,9.963406920458940386e-01,-1.706199988445810528e-02,3.927517241620421373e+00,-4.177213845034957740e-03,1.747302835610485550e-02,9.998386090587618735e-01,6.260378226599911944e-01,0.000000000000000000e+00,0.000000000000000000e+00,0.000000000000000000e+00,1.000000000000000056e-01
9.965849476173810340e-01,-8.239637703669384916e-02,5.411028893741686580e-03,5.136667180778491115e+01,8.248281913390799469e-02,9.964228046333130084e-01,-1.838964258503919535e-02,4.013743463898836517e+00,-3.876432662247054472e-03,1.877315790988449279e-02,9.998162540246611218e-01,6.338928586512571073e-01,0.000000000000000000e+00,0.000000000000000000e+00,0.000000000000000000e+00,1.000000000000000056e-01
9.966978578392314825e-01,-8.107681355873476436e-02,4.464356823690843884e-03,5.232276304886858753e+01,8.115031923496003607e-02,9.965017513055810516e-01,-1.997211388346281993e-02,4.101292008224998398e+00,-2.829464039557613979e-03,2.026844710558985477e-02,9.997905701621598862e-01,6.502768167863401949e-01,0.000000000000000000e+00,0.000000000000000000e+00,0.000000000000000000e+00,1.000000000000000056e-01
9.966601988257903777e-01,-8.156510588667589823e-02,3.947350786444135153e-03,5.330648173252992450e+01,8.163247596951811458e-02,9.964204515211735336e-01,-2.196412204998611853e-02,4.189750603268818097e+00,-2.141715112226133966e-03,2.221299826759074933e-02,9.997509668734220201e-01,6.730191045278686168e-01,0.000000000000000000e+00,0.000000000000000000e+00,0.000000000000000000e+00,1.000000000000000056e-01
9.966446225900301714e-01,-8.171502716012409018e-02,4.706442244040130035e-03,5.426384430367727418e+01,8.180450054763220569e-02,9.963635222473956610e-01,-2.382761475507026369e-02,4.269169606970208974e+00,-2.742253184654219918e-03,2.413267227191761774e-02,9.997050035767989229e-01,6.736236826064461169e-01,0.000000000000000000e+00,0.000000000000000000e+00,0.000000000000000000e+00,1.000000000000000056e-01
9.965614492880174868e-01,-8.236363197979564010e-02,9.028284447384267788e-03,5.521339757777261070e+01,8.257582305462955741e-02,9.962350561697663753e-01,-2.639974062889571468e-02,4.342009277307322002e+00,-6.819914942036068781e-03,2.705448180097414293e-02,9.996106961085721165e-01,6.912288805983370921e-01,0.000000000000000000e+00,0.000000000000000000e+00,0.000000000000000000e+00,1.000000000000000056e-01
9.963418021761970556e-01,-8.441241829354068082e-02,1.332504687136761186e-02,5.616291450631985072e+01,8.473051930914274332e-02,9.960788008403144156e-01,-2.545116135118825548e-02,4.429745415925808949e+00,-1.112440263073993622e-02,2.648709410934972294e-02,9.995872555768964274e-01,7.178444817309875825e-01,0.000000000000000000e+00,0.000000000000000000e+00,0.000000000000000000e+00,1.000000000000000056e-01
9.961832592444679335e-01,-8.614576060400377933e-02,1.406491845076996566e-02,5.711988062572298475e+01,8.644601834826934339e-02,9.960057165795996870e-01,-2.235393595071887007e-02,4.504387752951412693e+00,-1.208304236522491151e-02,2.348447297079138407e-02,9.996511789701867379e-01,7.159436461709061117e-01,0.000000000000000000e+00,0.000000000000000000e+00,0.000000000000000000e+00,1.000000000000000056e-01
9.961733925722018324e-01,-8.693240994834365576e-02,9.018205573333319680e-03,5.801515565818471742e+01,8.711827009892976481e-02,9.959367642480622118e-01,-2.281158990665989317e-02,4.586638410008910149e+00,-6.998495992690172661e-03,2.350994937622850889e-02,9.996991063986040427e-01,7.286257618033018524e-01,0.000000000000000000e+00,0.000000000000000000e+00,0.000000000000000000e+00,1.000000000000000056e-01
9.959858783329469389e-01,-8.942214488630524649e-02,3.976199854241351840e-03,5.894455692131792546e+01,8.948713613504084841e-02,9.957579166616131738e-01,-2.140616434750750724e-02,4.663691676219198889e+00,-2.045147353346701054e-03,2.167605613704830236e-02,9.997629548861303173e-01,7.439260440035549982e-01,0.000000000000000000e+00,0.000000000000000000e+00,0.000000000000000000e+00,1.000000000000000056e-01
9.959839829410631618e-01,-8.953149772214863411e-02,1.289980030959859926e-04,5.989311782844990262e+01,8.951437518792138004e-02,9.957631843749594758e-01,-2.104417444701882703e-02,4.764626726472858564e+00,1.755664994226894052e-03,2.097120785909598398e-02,9.997785385180852913e-01,7.579805807347643754e-01,0.000000000000000000e+00,0.000000000000000000e+00,0.000000000000000000e+00,1.000000000000000056e-01
9.959535305882257772e-01,-8.986967508028642637e-02,-8.006129945582025290e-05,6.079831931341301754e+01,8.985494734323909438e-02,9.958056716419128040e-01,-1.723811949554572218e-02,4.855972358909973252e+00,1.628909694136971859e-03,1.716117206844365237e-02,9.998514093736357022e-01,7.680924072586625684e-01,0.000000000000000000e+00,0.000000000000000000e+00,0.000000000000000000e+00,1.000000000000000056e-01
9.957952845909874284e-01,-9.160640744462655860e-02,1.315349511756991763e-04,6.173850802956766159e+01,9.159684596688882907e-02,9.956684475799226774e-01,-1.594867714592062766e-02,4.948353837421222146e+00,1.330035816192399719e-03,1.589366568403391064e-02,9.998728031084013201e-01,7.873271230590739300e-01,0.000000000000000000e+00,0.000000000000000000e+00,0.000000000000000000e+00,1.000000000000000056e-01
9.956568317670309032e-01,-9.308105016187516456e-02,1.841590725650242956e-03,6.262221849154433073e+01,9.309726410016729015e-02,9.955703376150095707e-01,-1.313781862409065318e-02,5.034911406479948504e+00,-6.105511461176832497e-04,1.325220592574227058e-02,9.999119992606347873e-01,8.102019734231310499e-01,0.000000000000000000e+00,0.000000000000000000e+00,0.000000000000000000e+00,1.000000000000000056e-01
9.955330592251164790e-01,-9.440082636772416380e-02,1.553052147076785291e-03,6.344756479614164846e+01,9.441242190153377456e-02,9.954681324440419754e-01,-1.137944985744398368e-02,5.124794460355994730e+00,-4.717844502859443222e-04,1.147524594342492002e-02,9.999340459000135573e-01,8.272605841683404737e-01,0.000000000000000000e+00,0.000000000000000000e+00,0.000000000000000000e+00,1.000000000000000056e-01
9.953133221927663588e-01,-9.666144792526418228e-02,2.820487651068576216e-03,6.426548968625563418e+01,9.668519281539558752e-02,9.952641131209096770e-01,-1.006571527010906124e-02,5.209579066415603421e+00,-1.834163528197060942e-03,1.029123989811571611e-02,9.999453616200792982e-01,8.405958237558311952e-01,0.000000000000000000e+00,0.000000000000000000e+00,0.000000000000000000e+00,1.000000000000000056e-01
9.953533257322955130e-01,-9.622087126642214772e-02,3.647038029625360341e-03,6.505469785462818777e+01,9.625530509284904723e-02,9.952972411033650380e-01,-1.087741207791014138e-02,5.293394412049158504e+00,-2.583252821824756108e-03,1.117791504533531023e-02,9.999341883444619050e-01,8.564510383962468110e-01,0.000000000000000000e+00,0.000000000000000000e+00,0.000000000000000000e+00,1.000000000000000056e-01
9.952743833134412021e-01,-9.704085288832695055e-02,3.460461061103071133e-03,6.585016229652164554e+01,9.707521089309512075e-02,9.952076492804312613e-01,-1.175322269759127534e-02,5.372222645533875074e+00,-2.303334563286154463e-03,1.203360645958462087e-02,9.999249406657808592e-01,8.702736889189524039e-01,0.000000000000000000e+00,0.000000000000000000e+00,0.000000000000000000e+00,1.000000000000000056e-01
9.952909539583163490e-01,-9.683898446517585912e-02,4.257705543828197402e-03,6.659425054994137838e+01,9.688490280240327768e-02,9.952185991292709089e-01,-1.237964281150709042e-02,5.447974793451967557e+00,-3.038515708925667615e-03,1.273385389130315612e-02,9.999143045218232828e-01,8.883381404008743321e-01,0.000000000000000000e+00,0.000000000000000000e+00,0.000000000000000000e+00,1.000000000000000056e-01
9.953123115360936746e-01,-9.655112522768131977e-02,5.593095917888337570e-03,6.739432677914291503e+01,9.660893376001426780e-02,9.952593915572989225e-01,-1.120077830993739670e-02,5.537909672504502723e+00,-4.485133490908897388e-03,1.168861558371181095e-02,9.999216268504771410e-01,8.916227068928173072e-01,0.000000000000000000e+00,0.000000000000000000e+00,0.000000000000000000e+00,1.000000000000000056e-01
9.950687015449033446e-01,-9.874847833792262108e-02,9.328302722628053004e-03,6.814043606854589541e+01,9.884619402868781435e-02,9.950455296815482464e-01,-1.066882312206918378e-02,5.613680802881741094e+00,-8.228555874706484571e-03,1.153827919196885425e-02,9.998995744481067316e-01,9.010740951307101287e-01,0.000000000000000000e+00,0.000000000000000000e+00,0.000000000000000000e+00,1.000000000000000056e-01
9.949036101948175448e-01,-1.000689572751418677e-01,1.236972963263268006e-02,6.886911384538120728e+01,1.001972709424778507e-01,9.949150185090839260e-01,-1.022804188243803258e-02,5.693033162792162649e+00,-1.128332030026105333e-02,1.141532894554748989e-02,9.998711801767599106e-01,9.155575953460021177e-01,0.000000000000000000e+00,0.000000000000000000e+00,0.000000000000000000e+00,1.000000000000000056e-01
9.948516987081518215e-01,-1.010012844154539596e-01,8.296874347205395600e-03,6.956028991923476212e+01,1.010540313008683883e-01,9.948615933530901012e-01,-6.204258923825541928e-03,5.773323119573666951e+00,-7.627603512758717591e-03,7.010750129574915522e-03,9.999463330835673958e-01,9.300767476631763842e-01,0.000000000000000000e+00,0.000000000000000000e+00,0.000000000000000000e+00,1.000000000000000056e-01
9.948472381245903051e-01,-1.013362707648767930e-01,3.151669929131056987e-03,7.026034040317323104e+01,1.013572120350191147e-01,9.948225430028740934e-01,-7.404289417818072337e-03,5.851131222554687206e+00,-2.385029216338322572e-03,7.685581354862770602e-03,9.999676212132445619e-01,9.329535725533575352e-01,0.000000000000000000e+00,0.000000000000000000e+00,0.000000000000000000e+00,1.000000000000000056e-01
9.948892303454575092e-01,-1.009702426886622539e-01,-6.553121514380174165e-04,7.101255196733612252e+01,1.009606817232840958e-01,9.948518655313487447e-01,-8.758218698162498206e-03,5.930035298693336898e+00,1.536257983837320280e-03,8.647296698261350278e-03,9.999614313418390132e-01,9.610273122087352737e-01,0.000000000000000000e+00,0.000000000000000000e+00,0.000000000000000000e+00,1.000000000000000056e-01
9.946951455281868304e-01,-1.028631122230653366e-01,-8.646423794182155889e-04,7.174276570461782399e+01,1.028535017625127473e-01,9.946668190777231411e-01,-7.686104409437445779e-03,6.011872604810261755e+00,1.650647705601871514e-03,7.556399247594784187e-03,9.999700876489070467e-01,9.714548136858556227e-01,0.000000000000000000e+00,0.000000000000000000e+00,0.000000000000000000e+00,1.000000000000000056e-01
9.945359314815268581e-01,-1.043885464366714061e-01,1.145585008061825042e-03,7.242215317079264025e+01,1.043937659989141037e-01,9.945154878389169673e-01,-6.394221538619192062e-03,6.099082941776548417e+00,-4.718185411430415518e-04,6.478875007273349716e-03,9.999789005603589853e-01,9.823999266883882697e-01,0.000000000000000000e+00,0.000000000000000000e+00,0.000000000000000000e+00,1.000000000000000056e-01
9.944465541815067366e-01,-1.051639682645139490e-01,4.073162823639453478e-03,7.303361311191694938e+01,1.051857185377026577e-01,9.944370812505697321e-01,-5.554822189314047136e-03,6.156060392497059830e+00,-3.466337005366306682e-03,5.952412343579900449e-03,9.999762763661231846e-01,9.983493476190720139e-01,0.000000000000000000e+00,0.000000000000000000e+00,0.000000000000000000e+00,1.000000000000000056e-01
9.943737446316458506e-01,-1.059246906078363387e-01,9.032756348209209155e-04,7.360425936763046195e+01,1.059283823907632843e-01,9.943508923917098175e-01,-6.743930892783695473e-03,6.210982852406001342e+00,-1.838241402611284162e-04,6.801670342243931223e-03,9.999768514766933514e-01,1.008575427995347606e+00,0.000000000000000000e+00,0.000000000000000000e+00,0.000000000000000000e+00,1.000000000000000056e-01
9.945478115696153587e-01,-1.042679303449882133e-01,-1.687958430051780031e-03,7.423795631239569559e+01,1.042419886863115430e-01,9.944859175314726407e-01,-1.146157172065824688e-02,6.267799519150774934e+00,2.873725249878709021e-03,1.122312492836042945e-02,9.999328893330945434e-01,1.027586321444184936e+00,0.000000000000000000e+00,0.000000000000000000e+00,0.000000000000000000e+00,1.000000000000000056e-01
9.946161663497039562e-01,-1.035297767453842444e-01,-4.501884368663704866e-03,7.485453607320069125e+01,1.034469343410437392e-01,9.945089020893504994e-01,-1.583589089613839443e-02,6.321688781664489554e+00,6.116650329854421073e-03,1.528492695715322376e-02,9.998644696140855936e-01,1.049070726069347925e+00,0.000000000000000000e+00,0.000000000000000000e+00,0.000000000000000000e+00,1.000000000000000056e-01
9.951649390112918825e-01,-9.809277756111528523e-02,-4.954912007017009921e-03,7.543978253941564560e+01,9.801307873112424796e-02,9.950815676926795250e-01,-1.435653286575909113e-02,6.375393691876169555e+00,6.338813792671514798e-03,1.380147197311720059e-02,9.998846627541984056e-01,1.062273668974778484e+00,0.000000000000000000e+00,0.000000000000000000e+00,0.000000000000000000e+00,1.000000000000000056e-01
9.955368457866878851e-01,-9.428060961415481167e-02,-4.189908337405395290e-03,7.599875016092612157e+01,9.423093026133640138e-02,9.954918709526728859e-01,-1.079197151728988717e-02,6.452871298731523986e+00,5.188493343512586183e-03,1.034898632379911178e-02,9.999329867640601721e-01,1.065668005069043245e+00,0.000000000000000000e+00,0.000000000000000000e+00,0.000000000000000000e+00,1.000000000000000056e-01
9.961616760726649256e-01,-8.752439260203100091e-02,-1.181449848506917720e-03,7.654623815980588120e+01,8.749818461682713766e-02,9.960591301450256729e-01,-1.450092905625458874e-02,6.491148291414287286e+00,2.445978916227598259e-03,1.434189507632919851e-02,9.998941580151176067e-01,1.083295054486267617e+00,0.000000000000000000e+00,0.000000000000000000e+00,0.000000000000000000e+00,1.000000000000000056e-01
9.968119610516869011e-01,-7.976460160035170333e-02,1.876868622831675409e-03,7.710051334528438360e+01,7.978485868890586308e-02,9.966723205914493899e-01,-1.669316299705923129e-02,6.515877256743357826e+00,-5.390995098527613790e-04,1.678969024110433389e-02,9.998588978817591899e-01,1.097919192963441981e+00,0.000000000000000000e+00,0.000000000000000000e+00,0.000000000000000000e+00,1.000000000000000056e-01
9.974372611274405775e-01,-7.147771647786317628e-02,3.137859413686019255e-03,7.762977169267456645e+01,7.152533276251975269e-02,9.972501306822219025e-01,-1.939854704616363404e-02,6.547551102767392273e+00,-1.742666864512648671e-03,1.957327007430315416e-02,9.998069064628417602e-01,1.112065487415411891e+00,0.000000000000000000e+00,0.000000000000000000e+00,0.000000000000000000e+00,1.000000000000000056e-01
9.982415523464930329e-01,-5.915372822131788333e-02,3.826173856766477196e-03,7.810768529309613939e+01,5.920840914165582947e-02,9.981134176401258440e-01,-1.624714786238046910e-02,6.579125347914109412e+00,-2.857876095639669874e-03,1.644511977050422402e-02,9.998606855857248288e-01,1.123554688628614517e+00,0.000000000000000000e+00,0.000000000000000000e+00,0.000000000000000000e+00,1.000000000000000056e-01
9.989909632018255659e-01,-4.479709708852373795e-02,3.205547305876891087e-03,7.859209039514837514e+01,4.483347417295523163e-02,9.989180660030594350e-01,-1.235544439874312200e-02,6.609500704594561959e+00,-2.648591072965509122e-03,1.248669312303521059e-02,9.999185304114427408e-01,1.128889890628596460e+00,0.000000000000000000e+00,0.000000000000000000e+00,0.000000000000000000e+00,1.000000000000000056e-01
9.996260282908728811e-01,-2.724830323184190828e-02,2.309444608694774612e-03,7.905649876675754228e+01,2.726438862162101212e-02,9.996019950860673964e-01,-7.246001176027309226e-03,6.621151987869297706e+00,-2.111084201129383598e-03,7.306256971894735386e-03,9.999710805481107911e-01,1.128515023157951713e+00,0.000000000000000000e+00,0.000000000000000000e+00,0.000000000000000000e+00,1.000000000000000056e-01
9.999803389597499148e-01,-5.026120069730856746e-03,3.749641447953847798e-03,7.953845778585409221e+01,5.052591698988813385e-03,9.999621432198650961e-01,-7.084027403767538186e-03,6.639403076170527385e+00,-3.713894326293368329e-03,7.102833531673735656e-03,9.999678778564611292e-01,1.143136129754901642e+00,0.000000000000000000e+00,0.000000000000000000e+00,0.000000000000000000e+00,1.000000000000000056e-01
9.997899110803056821e-01,1.992837432816862292e-02,4.795164092168921130e-03,8.001725151747649534e+01,-1.988272620447829875e-02,9.997582601543911762e-01,-9.386077548289543590e-03,6.624969593257843847e+00,-4.981054176797145017e-03,9.288764702647117275e-03,9.999444524320272309e-01,1.157273241438178779e+00,0.000000000000000000e+00,0.000000000000000000e+00,0.000000000000000000e+00,1.000000000000000056e-01
9.988013623039831979e-01,4.854821157169889739e-02,6.237773071923679094e-03,8.049012486642079978e+01,-4.847787910574227060e-02,9.987640026846418273e-01,-1.097096981864890269e-02,6.617155198862975318e+00,-6.762684165055458593e-03,1.065542559179263535e-02,9.999203608329723103e-01,1.163809778920273263e+00,0.000000000000000000e+00,0.000000000000000000e+00,0.000000000000000000e+00,1.000000000000000056e-01
9.967302463954151870e-01,8.026333498711561709e-02,9.306609333212503138e-03,8.099088609391964155e+01,-8.015759869137729920e-02,9.967189737725222765e-01,-1.122705187848240839e-02,6.573953427362193125e+00,-1.017719472974170161e-02,1.044434672902480425e-02,9.998936645108003063e-01,1.169434571424528446e+00,0.000000000000000000e+00,0.000000000000000000e+00,0.000000000000000000e+00,1.000000000000000056e-01
