1.000000000000000000e+00,-8.169551451585005261e-09,3.439984397278136657e-09,-2.252161191029556724e-14,8.169551450449362381e-09,1.000000000000000000e+00,3.301302700846389708e-10,7.937785110789567768e-15,-3.439984399975152427e-09,-3.301302419815094621e-10,1.000000000000000000e+00,-3.251414778632800751e-15,0.000000000000000000e+00,0.000000000000000000e+00,0.000000000000000000e+00,1.000000000000000056e-01
9.998665789840217588e-01,-1.594490456672273404e-02,3.547428526014394842e-03,6.450605007761982534e-01,1.594796115560730143e-02,9.998724745060266761e-01,-8.350210621324085118e-04,4.789262185036564923e-03,-3.533661807292375317e-03,8.914839051091064679e-04,9.999933592232893576e-01,7.605622760914478378e-03,0.000000000000000000e+00,0.000000000000000000e+00,0.000000000000000000e+00,1.000000000000000056e-01
9.996289576374000063e-01,-2.610439435912883729e-02,7.778666203674171331e-03,1.322118200191189974e+00,2.610091525417694222e-02,9.996591626215246551e-01,5.484612351352442620e-04,1.917051517613176841e-03,-7.790332191849940954e-03,-3.452274254101353750e-04,9.999695953089600131e-01,1.882136225933184019e-03,0.000000000000000000e+00,0.000000000000000000e+00,0.000000000000000000e+00,1.000000000000000056e-01
9.992473381467175120e-01,-3.750831309168650707e-02,9.893616917772575861e-03,2.046383037360115953e+00,3.751409689857572449e-02,9.992960186303015968e-01,-3.996041944550802571e-04,2.935439750649773000e-02,-9.871663516545158348e-03,7.704535313522106483e-04,9.999509771287651283e-01,-6.175555764315939639e-03,0.000000000000000000e+00,0.000000000000000000e+00,0.000000000000000000e+00,1.000000000000000056e-01
9.986555134726026184e-01,-5.000019910234058257e-02,1.368011332184860922e-02,2.770951443278109938e+00,5.000901026245798547e-02,9.987487208280509954e-01,-3.025506590287300340e-04,8.710837458303700986e-02,-1.364786808778909767e-02,9.862728112477259571e-04,9.999063770986762467e-01,-2.665512708651384538e-02,0.000000000000000000e+00,0.000000000000000000e+00,0.000000000000000000e+00,1.000000000000000056e-01
9.979190571793590259e-01,-6.267278886528784843e-02,1.515509333874810911e-02,3.514447304791585847e+00,6.266854098440940990e-02,9.980341092319986451e-01,7.555000836290746806e-04,1.253396908775396557e-01,-1.517264937789425915e-02,1.958196568678325505e-04,9.998848695552491339e-01,-3.539870470277425851e-02,0.000000000000000000e+00,0.000000000000000000e+00,0.000000000000000000e+00,1.000000000000000056e-01
9.969771441728662031e-01,-7.547232652437016465e-02,1.845269427250979463e-02,4.264895208924531111e+00,7.545036421535034066e-02,9.971477780196347229e-01,1.884497353714550873e-03,1.952370858454798574e-01,-1.854229049192264098e-02,-4.865382862922835094e-04,9.998279585727781749e-01,-3.601389625728394772e-02,0.000000000000000000e+00,0.000000000000000000e+00,0.000000000000000000e+00,1.000000000000000056e-01
9.957993106783946669e-01,-8.869497301339403228e-02,2.273619613275830106e-02,5.060965893018193107e+00,8.859640106947881677e-02,9.960534601207043925e-01,5.308700321955770601e-03,2.814523745301797386e-01,-2.311732185980894597e-02,-3.272054969829541263e-03,9.997274043889686768e-01,-4.895586938939339161e-02,0.000000000000000000e+00,0.000000000000000000e+00,0.000000000000000000e+00,1.000000000000000056e-01
9.949145326360815389e-01,-9.681590967789721613e-02,2.778043165195192427e-02,5.827686870474168224e+00,9.660046360482862915e-02,9.952825618310807698e-01,8.998474664796652853e-03,3.694151818423755396e-01,-2.852057469371375303e-02,-6.269110638842971192e-03,9.995735466042197093e-01,-5.667333098850591000e-02,0.000000000000000000e+00,0.000000000000000000e+00,0.000000000000000000e+00,1.000000000000000056e-01
9.934983849859125860e-01,-1.090172312565021034e-01,3.280552269892754447e-02,6.624048247465696093e+00,1.087799754865862306e-01,9.940256734350320089e-01,8.937420498596092971e-03,4.532206290065233789e-01,-3.358386463052173698e-02,-5.310728876281221866e-03,9.994217929359362484e-01,-7.363528091748551552e-02,0.000000000000000000e+00,0.000000000000000000e+00,0.000000000000000000e+00,1.000000000000000056e-01
9.920044473325914103e-01,-1.205209887603374275e-01,3.744152428241355468e-02,7.448683366934064409e+00,1.203149468207311834e-01,9.927057812794706226e-01,7.716565676553001005e-03,5.484863939949525813e-01,-3.809842574023986073e-02,-3.150092466348902807e-03,9.992690262754915231e-01,-9.080693877354538424e-02,0.000000000000000000e+00,0.000000000000000000e+00,0.000000000000000000e+00,1.000000000000000056e-01
9.905523010727358413e-01,-1.306570568082965345e-01,4.165179882912092846e-02,8.280181509929027683e+00,1.303979626832811878e-01,9.914218821091547174e-01,8.889488353725426631e-03,6.698554560160231430e-01,-4.245597917322835313e-02,-3.374193434730762397e-03,9.990926406750814115e-01,-1.211388853797442794e-01,0.000000000000000000e+00,0.000000000000000000e+00,0.000000000000000000e+00,1.000000000000000056e-01
9.890389044002894092e-01,-1.409030420704678876e-01,4.414043857918911740e-02,9.120905434577043280e+00,1.405874248259680881e-01,9.900158239904486290e-01,1.019039887912794387e-02,8.152886385966633398e-01,-4.513559087325631769e-02,-3.873110352277626262e-03,9.989733617332952065e-01,-1.500107740853200700e-01,0.000000000000000000e+00,0.000000000000000000e+00,0.000000000000000000e+00,1.000000000000000056e-01
9.875766995312954544e-01,-1.497368361682185900e-01,4.765650466836018895e-02,9.893852389900414934e+00,1.494930618989834814e-01,9.887248569171486201e-01,8.659200784749200228e-03,9.498837832851617646e-01,-4.841577208864955573e-02,-1.427308129305054907e-03,9.988262490566434115e-01,-1.739174261644633734e-01,0.000000000000000000e+00,0.000000000000000000e+00,0.000000000000000000e+00,1.000000000000000056e-01
9.856621994906581419e-01,-1.605850650858776096e-01,5.179252230392400458e-02,1.071631618255361751e+01,1.602777706354546194e-01,9.870206834402861507e-01,1.006015413396502654e-02,1.094026194360658844e+00,-5.273580126789206846e-02,-1.614723640439005847e-03,9.986071940118388390e-01,-2.167299374997737615e-01,0.000000000000000000e+00,0.000000000000000000e+00,0.000000000000000000e+00,1.000000000000000056e-01
9.840899375007071681e-01,-1.690162778491176299e-01,5.477675357196896966e-02,1.151428677224848585e+01,1.686818584407307753e-01,9.856124083742798803e-01,1.070565699212033990e-02,1.243888224744331028e+00,-5.579807830773034216e-02,-1.295484728410050551e-03,9.984412332112906352e-01,-2.342385639619526394e-01,0.000000000000000000e+00,0.000000000000000000e+00,0.000000000000000000e+00,1.000000000000000056e-01
9.824934636695834556e-01,-1.775509486051748131e-01,5.641147486059362726e-02,1.236999595540527253e+01,1.770087981271990241e-01,9.841023592289519506e-01,1.450627262859813943e-02,1.422939512227803016e+00,-5.809026796382778246e-02,-4.266990674150279890e-03,9.983022155432078604e-01,-2.766025213577444353e-01,0.000000000000000000e+00,0.000000000000000000e+00,0.000000000000000000e+00,1.000000000000000056e-01
9.805184573669325498e-01,-1.880411720157016964e-01,5.678091571762504397e-02,1.326781623795227105e+01,1.873789952568561956e-01,9.821437243723948329e-01,1.681715827518093925e-02,1.600837248649307432e+00,-5.892933818822189418e-02,-5.849983152343144616e-03,9.982450154134582254e-01,-3.249635004742755240e-01,0.000000000000000000e+00,0.000000000000000000e+00,0.000000000000000000e+00,1.000000000000000056e-01
9.802528551797761169e-01,-1.891691994021040546e-01,5.761383435828433541e-02,1.412957577426390365e+01,1.882416436563564555e-01,9.818945142269820403e-01,2.117183328179727056e-02,1.783355593635080449e+00,-6.057576665177381858e-02,-9.908427146923481227e-03,9.981144220809675671e-01,-3.642053271250271229e-01,0.000000000000000000e+00,0.000000000000000000e+00,0.000000000000000000e+00,1.000000000000000056e-01
9.750768425649174453e-01,-2.133945591450076562e-01,6.072819131951007893e-02,1.509053332319638052e+01,2.122726718942915536e-01,9.769048787955563196e-01,2.443707331694570245e-02,2.078050447542712842e+00,-6.454040486772320839e-02,-1.093708886071468461e-02,9.978551579396496285e-01,-4.201764812019860296e-01,0.000000000000000000e+00,0.000000000000000000e+00,0.000000000000000000e+00,1.000000000000000056e-01
9.738667506977192190e-01,-2.182424906851574975e-01,6.287898810417748285e-02,1.600652800795777253e+01,2.170278781785136557e-01,9.758290705864849368e-01,2.562274559154812531e-02,2.301804858750231109e+00,-6.695111633720975119e-02,-1.130664662293364396e-02,9.976921908902292024e-01,-4.739063454858170599e-01,0.000000000000000000e+00,0.000000000000000000e+00,0.000000000000000000e+00,1.000000000000000056e-01
9.709988934248194870e-01,-2.291549401019298271e-01,6.818476658797807677e-02,1.688183863416551134e+01,2.280024252074366875e-01,9.733563932295433707e-01,2.433569104631736618e-02,2.521528030597843362e+00,-7.194472230333055773e-02,-8.083636932440449452e-03,9.973758628253649450e-01,-5.257855371315075521e-01,0.000000000000000000e+00,0.000000000000000000e+00,0.000000000000000000e+00,1.000000000000000056e-01
9.684458369271362610e-01,-2.389501209950098959e-01,7.082019920170166960e-02,1.770312586619212070e+01,2.377736990914026127e-01,9.710058456402400617e-01,2.472480036063931519e-02,2.718471149419142918e+00,-7.467482145201080612e-02,-7.105449243537098267e-03,9.971826230095256482e-01,-5.744374105363893035e-01,0.000000000000000000e+00,0.000000000000000000e+00,0.000000000000000000e+00,1.000000000000000056e-01
9.661940978045591155e-01,-2.469355459740942005e-01,7.410668999564089254e-02,1.857146668179796833e+01,2.459469489994052516e-01,9.690261335309359181e-01,2.232601200323789531e-02,2.926418638149068219e+00,-7.732440523869531235e-02,-3.344946720169572965e-03,9.970003749677937011e-01,-6.354453119722384136e-01,0.000000000000000000e+00,0.000000000000000000e+00,0.000000000000000000e+00,1.000000000000000056e-01
9.634991845410748601e-01,-2.556618332571742314e-01,7.941252045027014095e-02,1.946616967081080318e+01,2.545776821872589024e-01,9.667628291039286337e-01,2.366085364333019719e-02,3.166368865954590550e+00,-8.282225015566024862e-02,-2.580557798016301294e-03,9.965609944206146320e-01,-6.978822256087823250e-01,0.000000000000000000e+00,0.000000000000000000e+00,0.000000000000000000e+00,1.000000000000000056e-01
9.613857479228896663e-01,-2.620179303699806117e-01,8.416678593945539633e-02,2.035882489736728829e+01,2.609043464059125905e-01,9.650621667531845693e-01,2.416477453137581832e-02,3.393016661614130847e+00,-8.755778501795061231e-02,-1.272189561614772008e-03,9.961586298459044198e-01,-7.685265162540833028e-01,0.000000000000000000e+00,0.000000000000000000e+00,0.000000000000000000e+00,1.000000000000000056e-01
9.602482796659979059e-01,-2.645622900866890226e-01,8.905074992709513526e-02,2.123164240038538964e+01,2.637378755709386957e-01,9.643632552868146579e-01,2.111503828900286595e-02,3.652099342259308212e+00,-9.146351397043225862e-02,3.210376411674315325e-03,9.958032532059111208e-01,-8.376307450803234245e-01,0.000000000000000000e+00,0.000000000000000000e+00,0.000000000000000000e+00,1.000000000000000056e-01
9.582702059451231325e-01,-2.696602800673308376e-01,9.487647628311257630e-02,2.212812670057209985e+01,2.688632501276566056e-01,9.629421733974132813e-01,2.132893395036680739e-02,3.933132900236891327e+00,-9.711212657894208178e-02,5.069915844929249321e-03,9.952605341440203812e-01,-9.141581438357040401e-01,0.000000000000000000e+00,0.000000000000000000e+00,0.000000000000000000e+00,1.000000000000000056e-01
9.580370651356366896e-01,-2.688924140386784178e-01,9.930685524548525656e-02,2.303843914007827820e+01,2.679278062260359028e-01,9.631601586278526472e-01,2.317756421355782193e-02,4.209060876227116665e+00,-1.018806776439948186e-01,4.402102272979662931e-03,9.947868862316082694e-01,-9.903236572749116728e-01,0.000000000000000000e+00,0.000000000000000000e+00,0.000000000000000000e+00,1.000000000000000056e-01
9.590688755183537362e-01,-2.645968052134897719e-01,1.008733001481316865e-01,2.391418158425439699e+01,2.635977734192678779e-01,9.643500070654852374e-01,2.335118243693362627e-02,4.465990752808982833e+00,-1.034558159813395856e-01,4.194585034687151395e-03,9.946252055905390188e-01,-1.073323367982057963e+00,0.000000000000000000e+00,0.000000000000000000e+00,0.000000000000000000e+00,1.000000000000000056e-01
9.576155185668348002e-01,-2.698321211083458682e-01,1.008124249194663757e-01,2.481057858035114805e+01,2.689700696314361039e-01,9.628901880674690661e-01,2.230666639940804066e-02,4.716136875471613976e+00,-1.030903498996511292e-01,5.754315038736274035e-03,9.946553511724564034e-01,-1.147256072585264741e+00,0.000000000000000000e+00,0.000000000000000000e+00,0.000000000000000000e+00,1.000000000000000056e-01
9.577382802607934398e-01,-2.710168380408672917e-01,9.637043126098532309e-02,2.568056866695594920e+01,2.701830101657248795e-01,9.625610342206514236e-01,2.184940314648835258e-02,4.975068800361277965e+00,-9.868397813670568008e-02,5.111643414819557960e-03,9.951056946680155724e-01,-1.236127421050424502e+00,0.000000000000000000e+00,0.000000000000000000e+00,0.000000000000000000e+00,1.000000000000000056e-01
9.564509623686824336e-01,-2.740929622610678851e-01,1.003723299668491803e-01,2.657016598907907223e+01,2.735282946196581633e-01,9.616639132620603547e-01,1.961606413024890444e-02,5.235788779358623302e+00,-1.019010727445139458e-01,8.692868827571503809e-03,9.947565558492509341e-01,-1.314832181112027154e+00,0.000000000000000000e+00,0.000000000000000000e+00,0.000000000000000000e+00,1.000000000000000056e-01
9.552459254818456147e-01,-2.772639081529855720e-01,1.031016347400225963e-01,2.748337786258669979e+01,2.769342652088803702e-01,9.607242319660250773e-01,1.778659232424298700e-02,5.481801032924441763e+00,-1.039838189505933597e-01,1.156180561262274906e-02,9.945117847705104985e-01,-1.400567442307793842e+00,0.000000000000000000e+00,0.000000000000000000e+00,0.000000000000000000e+00,1.000000000000000056e-01
9.534320198223925624e-01,-2.802781272723298134e-01,1.114071584329685421e-01,2.842683851047225119e+01,2.802137847842670615e-01,9.597948025035794029e-01,1.655813709302933479e-02,5.756510929543731336e+00,-1.115688952812087659e-01,1.543076342345955400e-02,9.936368920012480510e-01,-1.492942387073694643e+00,0.000000000000000000e+00,0.000000000000000000e+00,0.000000000000000000e+00,1.000000000000000056e-01
9.514752305256182208e-01,-2.840046862250846238e-01,1.184745706825431205e-01,2.933741342077721370e+01,2.843896644680494190e-01,9.586065044393269341e-01,1.400315644292247225e-02,6.019524540472098728e+00,-1.175474561186756056e-01,2.036928689978868140e-02,9.928583422176711082e-01,-1.588873185861871429e+00,0.000000000000000000e+00,0.000000000000000000e+00,0.000000000000000000e+00,1.000000000000000056e-01
9.499136938146557352e-01,-2.858954932524108150e-01,1.262051553675889448e-01,3.021923689113330269e+01,2.868888690111430773e-01,9.579049367262486570e-01,1.062586622298000369e-02,6.276462841922189284e+00,-1.239304286319696663e-01,2.611319845293185934e-02,9.919472514834919430e-01,-1.674743890557383263e+00,0.000000000000000000e+00,0.000000000000000000e+00,0.000000000000000000e+00,1.000000000000000056e-01
9.486229427076553478e-01,-2.912031653830591815e-01,1.237547132013772505e-01,3.113880901361340037e+01,2.925399684814382062e-01,9.562228084226532809e-01,7.635934335291893679e-03,6.541346328307086289e+00,-1.205606876620551465e-01,2.895957739989329233e-02,9.922834592329310421e-01,-1.777513652937730226e+00,0.000000000000000000e+00,0.000000000000000000e+00,0.000000000000000000e+00,1.000000000000000056e-01
9.470775767470618334e-01,-2.971328164815098538e-01,1.214749068436713486e-01,3.209061032383046808e+01,2.983828555618229239e-01,9.544111059534352570e-01,8.192212125734153055e-03,6.831265008771424618e+00,-1.183711752483922464e-01,2.848736917488287404e-02,9.925606957097427019e-01,-1.892591143897481620e+00,0.000000000000000000e+00,0.000000000000000000e+00,0.000000000000000000e+00,1.000000000000000056e-01
9.453714649179820739e-01,-3.005071174239715148e-01,1.263656032960077946e-01,3.301769915355144747e+01,3.018695569920454291e-01,9.533096780826433303e-01,8.684943027623836034e-03,7.143962779112045247e+00,-1.230754397930588634e-01,2.993543137324446851e-02,9.919457172992093286e-01,-2.013262454887690289e+00,0.000000000000000000e+00,0.000000000000000000e+00,0.000000000000000000e+00,1.000000000000000056e-01
9.437732560593674602e-01,-3.051743372834395118e-01,1.271246042696421441e-01,3.394436183818776698e+01,3.065119388979025694e-01,9.518205186793023964e-01,9.387839693573716074e-03,7.447367919220463151e+00,-1.238647345298413832e-01,3.010521690134915218e-02,9.918423279207106980e-01,-2.108737047261763031e+00,0.000000000000000000e+00,0.000000000000000000e+00,0.000000000000000000e+00,1.000000000000000056e-01
9.424684097943067940e-01,-3.090801130397758389e-01,1.273686785010737788e-01,3.484856871607048134e+01,3.102620966498558785e-01,9.505879091183925267e-01,1.095711733798006987e-02,7.761571761402880298e+00,-1.244617528489214420e-01,2.919093628580886335e-02,9.917949189810018051e-01,-2.215812921915805145e+00,0.000000000000000000e+00,0.000000000000000000e+00,0.000000000000000000e+00,1.000000000000000056e-01
9.410299188522484037e-01,-3.119179546890566979e-01,1.310338939646016054e-01,3.577231088435974726e+01,3.130025630684061255e-01,9.496664339622947759e-01,1.276948385593356002e-02,8.062749828145131303e+00,-1.284215220963343673e-01,2.899747830301979690e-02,9.912956465729719779e-01,-2.329846388843828109e+00,0.000000000000000000e+00,0.000000000000000000e+00,0.000000000000000000e+00,1.000000000000000056e-01
9.392427433138892390e-01,-3.160871389005869281e-01,1.338356819157006661e-01,3.672149248589803250e+01,3.174972147050967308e-01,9.481925680581589910e-01,1.124155388633369182e-02,8.383548095912216169e+00,-1.304553095381911221e-01,3.193390832508127830e-02,9.909397750178262632e-01,-2.455535586966480555e+00,0.000000000000000000e+00,0.000000000000000000e+00,0.000000000000000000e+00,1.000000000000000056e-01
9.371820991581826243e-01,-3.206464969510601781e-01,1.373882710076669011e-01,3.766090383299364674e+01,3.215439245890275854e-01,9.467557007510779554e-01,1.622182650693448566e-02,8.705344837396363999e+00,-1.352746006364390630e-01,2.897355843435740416e-02,9.903844280552389634e-01,-2.551450862340170378e+00,0.000000000000000000e+00,0.000000000000000000e+00,0.000000000000000000e+00,1.000000000000000056e-01
9.356313562645295345e-01,-3.245123430182364488e-01,1.388729793855211780e-01,3.860444542072565355e+01,3.249490184251319636e-01,9.455166877951615145e-01,2.015759225230722915e-02,9.030927268456462542e+00,-1.378481069842462103e-01,2.626656295904511093e-02,9.901050283031483934e-01,-2.677802096231229889e+00,0.000000000000000000e+00,0.000000000000000000e+00,0.000000000000000000e+00,1.000000000000000056e-01
9.331319610385876429e-01,-3.305042888276111812e-01,1.415332411655818023e-01,3.954671386717964054e+01,3.313006178492877707e-01,9.433420559127898564e-01,1.859209936804232660e-02,9.376194349569590969e+00,-1.396590272805877664e-01,2.954116810124387399e-02,9.897588976545015349e-01,-2.789813831385940190e+00,0.000000000000000000e+00,0.000000000000000000e+00,0.000000000000000000e+00,1.000000000000000056e-01
9.310190818110974931e-01,-3.366127321491668156e-01,1.410508343069767911e-01,4.047860101929857990e+01,3.371006525713342028e-01,9.412310202571240181e-01,2.114985914170783299e-02,9.716977541679698405e+00,-1.398807325531346013e-01,2.785740585206612774e-02,9.897764119232139723e-01,-2.898918905552909209e+00,0.000000000000000000e+00,0.000000000000000000e+00,0.000000000000000000e+00,1.000000000000000056e-01
9.305869070842824886e-01,-3.383283737127600888e-01,1.397924171913052516e-01,4.143632187144451251e+01,3.388269245432004584e-01,9.406153918116266777e-01,2.095232425427977913e-02,1.007106820517243584e+01,-1.385796650591468726e-01,2.786747616737275668e-02,9.899591305726492818e-01,-3.028007376736824963e+00,0.000000000000000000e+00,0.000000000000000000e+00,0.000000000000000000e+00,1.000000000000000056e-01
9.293589751554001133e-01,-3.417018486592079407e-01,1.397560085326717827e-01,4.241987130054705801e+01,3.420407524196216187e-01,9.394194312291844762e-01,2.234403529478646774e-02,1.041492787234350104e+01,-1.389245082133587217e-01,2.703662057127927468e-02,9.899338372667948471e-01,-3.152056899822377467e+00,0.000000000000000000e+00,0.000000000000000000e+00,0.000000000000000000e+00,1.000000000000000056e-01
9.274917186243848422e-01,-3.449160487053662405e-01,1.441944216281006164e-01,4.337727794382608693e+01,3.456872973400663684e-01,9.381263092584265495e-01,2.047731268705784910e-02,1.078754208765260181e+01,-1.423355343577477339e-01,3.085364196720390487e-02,9.893374795470218919e-01,-3.271884023374080463e+00,0.000000000000000000e+00,0.000000000000000000e+00,0.000000000000000000e+00,1.000000000000000056e-01
9.277766461660432729e-01,-3.428413047634487065e-01,1.472763883892621029e-01,4.430545889399490278e+01,3.435865575803260241e-01,9.388826291319281037e-01,2.115859552096095372e-02,1.113302833948466031e+01,-1.455292832353337062e-01,3.097173650950862597e-02,9.888690404995980066e-01,-3.398779961024315899e+00,0.000000000000000000e+00,0.000000000000000000e+00,0.000000000000000000e+00,1.000000000000000056e-01
9.228697145736810548e-01,-3.562048123321107651e-01,1.463885978966195101e-01,4.512140713095978128e+01,3.570580768444918673e-01,9.338390217026522055e-01,2.131223370617061144e-02,1.145580380633128215e+01,-1.442949052558866740e-01,3.260081619958732357e-02,9.889975566705487831e-01,-3.508762429359716606e+00,0.000000000000000000e+00,0.000000000000000000e+00,0.000000000000000000e+00,1.000000000000000056e-01
9.227250370090378517e-01,-3.579514066593670329e-01,1.430010368747376137e-01,4.598873881927966778e+01,3.589687591589915683e-01,9.331454500964038168e-01,1.951919343194722170e-02,1.178774282094852488e+01,-1.404276896645512418e-01,3.332205628349368953e-02,9.895300422627482106e-01,-3.634678687929619567e+00,0.000000000000000000e+00,0.000000000000000000e+00,0.000000000000000000e+00,1.000000000000000056e-01
9.225873542447561304e-01,-3.581831235151130555e-01,1.433088406785085200e-01,4.683717384665887806e+01,3.592547398476584330e-01,9.330413958411788444e-01,1.922980872852998388e-02,1.212560294449488474e+01,-1.406008736980397522e-01,3.374320191833991150e-02,9.894911776461911002e-01,-3.756518383070416078e+00,0.000000000000000000e+00,0.000000000000000000e+00,0.000000000000000000e+00,1.000000000000000056e-01
9.210732911854672134e-01,-3.602878137670484371e-01,1.477047173103558098e-01,4.768433190624083551e+01,3.613049501186385015e-01,9.322149223544838881e-01,2.083438406557026196e-02,1.248810776667192179e+01,-1.451989162650317022e-01,3.417645081900884396e-02,9.888120372067060737e-01,-3.881487136859756326e+00,0.000000000000000000e+00,0.000000000000000000e+00,0.000000000000000000e+00,1.000000000000000056e-01
9.214357278849890642e-01,-3.577386675730442334e-01,1.515890665586517028e-01,4.857820398538355278e+01,3.593707522248657527e-01,9.330317935697136633e-01,1.744518940618029756e-02,1.285982386315879999e+01,-1.476782374705038203e-01,3.840205607967265428e-02,9.882896439133920241e-01,-4.006066232974640151e+00,0.000000000000000000e+00,0.000000000000000000e+00,0.000000000000000000e+00,1.000000000000000056e-01
9.201108858891033915e-01,-3.583962282553148637e-01,1.579496794575209750e-01,4.941044504013894567e+01,3.605830706303637112e-01,9.325967712035370116e-01,1.559203371968676151e-02,1.318765725225981278e+01,-1.528914871506831252e-01,4.260758046524083797e-02,9.873240538160460433e-01,-4.134389977021711182e+00,0.000000000000000000e+00,0.000000000000000000e+00,0.000000000000000000e+00,1.000000000000000056e-01
9.188235167534171133e-01,-3.615535829089803754e-01,1.582477543175954404e-01,5.027323280957418206e+01,3.641237371042061466e-01,9.312530911846635950e-01,1.347531952406367736e-02,1.356047280351572937e+01,-1.522407604360605238e-01,4.524032321599497086e-02,9.873074820020165676e-01,-4.260448597886851374e+00,0.000000000000000000e+00,0.000000000000000000e+00,0.000000000000000000e+00,1.000000000000000056e-01
9.188135606248752918e-01,-3.615379515816991018e-01,1.583412466098068627e-01,5.119151949623778108e+01,3.641722658174312288e-01,9.312396659910699981e-01,1.308607252916628785e-02,1.393780959432532462e+01,-1.521847614619705191e-01,4.563982965513137258e-02,9.872977283108747004e-01,-4.368159436385319339e+00,0.000000000000000000e+00,0.000000000000000000e+00,0.000000000000000000e+00,1.000000000000000056e-01
9.167185181012812434e-01,-3.656100622916950704e-01,1.611100273764916602e-01,5.207511248505324630e+01,3.684301563233585708e-01,9.295630992760813838e-01,1.310207524751864222e-02,1.431897921999504675e+01,-1.545521869199416587e-01,4.734687756662461777e-02,9.868494792535255078e-01,-4.505924420485207804e+00,0.000000000000000000e+00,0.000000000000000000e+00,0.000000000000000000e+00,1.000000000000000056e-01
9.158553501927336749e-01,-3.661427020449014580e-01,1.647680165038220290e-01,5.292912273480862950e+01,3.690067900456258099e-01,9.293211987200266089e-01,1.400351776505505408e-02,1.467684519800354437e+01,-1.582496964406840678e-01,4.797532020561538768e-02,9.862329350754820423e-01,-4.633667469684955798e+00,0.000000000000000000e+00,0.000000000000000000e+00,0.000000000000000000e+00,1.000000000000000056e-01
9.143954664744240457e-01,-3.667446966201122760e-01,1.714037875662094701e-01,5.379217654440613927e+01,3.695907549340309850e-01,9.290537448117550667e-01,1.618064023910308416e-02,1.501949819469849601e+01,-1.651774947089144907e-01,4.855375116585813888e-02,9.850679816588348015e-01,-4.753817152832995774e+00,0.000000000000000000e+00,0.000000000000000000e+00,0.000000000000000000e+00,1.000000000000000056e-01
9.139565057003988802e-01,-3.686475837046697679e-01,1.696539557942146059e-01,5.463877371415635054e+01,3.701807657014544173e-01,9.286577435568155181e-01,2.368535489809419498e-02,1.540710829985654939e+01,-1.662820086257130736e-01,4.115524706124707582e-02,9.852190311025899039e-01,-4.890678866881458475e+00,0.000000000000000000e+00,0.000000000000000000e+00,0.000000000000000000e+00,1.000000000000000056e-01
9.134257782986535679e-01,-3.711589592972277529e-01,1.670160904610623331e-01,5.547773835816828836e+01,3.728886588468907082e-01,9.276135939546457099e-01,2.206962650143297344e-02,1.575208359128302504e+01,-1.631177355251906269e-01,4.211944021404449845e-02,9.857071355697845094e-01,-5.022984117663773063e+00,0.000000000000000000e+00,0.000000000000000000e+00,0.000000000000000000e+00,1.000000000000000056e-01
9.130958035850242904e-01,-3.739250253007926905e-01,1.625919091751501788e-01,5.630800777130837531e+01,3.750318509187324234e-01,9.266744355653036003e-01,2.501202243313404780e-02,1.611738943137192237e+01,-1.600223867835010305e-01,3.813877191949780615e-02,9.863763327475898457e-01,-5.142736824075381463e+00,0.000000000000000000e+00,0.000000000000000000e+00,0.000000000000000000e+00,1.000000000000000056e-01
9.134683335938436066e-01,-3.742710824291826666e-01,1.596770502563676641e-01,5.716837173998940358e+01,3.759003861128191182e-01,9.264211941696165464e-01,2.103974129059397319e-02,1.648440468827526928e+01,-1.558027703268466124e-01,4.080352742876015848e-02,9.869450688401306682e-01,-5.287492197989640985e+00,0.000000000000000000e+00,0.000000000000000000e+00,0.000000000000000000e+00,1.000000000000000056e-01
9.137181538404381964e-01,-3.747997944973534001e-01,1.569848699307134221e-01,5.801861107129587225e+01,3.758207438563548330e-01,9.263743988138101182e-01,2.427430142368804458e-02,1.684308655993671522e+01,-1.545247676900939338e-01,3.681830070893526291e-02,9.873026430144046239e-01,-5.426985973974916888e+00,0.000000000000000000e+00,0.000000000000000000e+00,0.000000000000000000e+00,1.000000000000000056e-01
9.123848842003202675e-01,-3.759822505003650450e-01,1.618368635121458787e-01,5.889805761456857169e+01,3.767060156878641042e-01,9.259280375763210280e-01,2.738333388463887880e-02,1.722169610653922334e+01,-1.601449369394575828e-01,3.598078012972621281e-02,9.864375208972504527e-01,-5.542168216542584958e+00,0.000000000000000000e+00,0.000000000000000000e+00,0.000000000000000000e+00,1.000000000000000056e-01
9.119784535302708495e-01,-3.767074737993043043e-01,1.624400796610308284e-01,5.973349834787249080e+01,3.775462677186627869e-01,9.256004684617119560e-01,2.688100658768613135e-02,1.758725043136233168e+01,-1.604808899160376223e-01,3.681374698676941060e-02,9.863521845692595491e-01,-5.660645471683861452e+00,0.000000000000000000e+00,0.000000000000000000e+00,0.000000000000000000e+00,1.000000000000000056e-01
9.115506815367535598e-01,-3.782928132857818482e-01,1.611517992645712938e-01,6.049060482536076222e+01,3.789628175116944164e-01,9.249951381237208059e-01,2.777008086190908137e-02,1.790883916199794967e+01,-1.595698528340434574e-01,3.575670376037694970e-02,9.865388589420663878e-01,-5.784596717162768797e+00,0.000000000000000000e+00,0.000000000000000000e+00,0.000000000000000000e+00,1.000000000000000056e-01
9.103475337570051673e-01,-3.812918361195982708e-01,1.608847522019532517e-01,6.123918202420214385e+01,3.816696116766448155e-01,9.238186767304094049e-01,2.978858920248724992e-02,1.823103090316378783e+01,-1.599864847577370797e-01,3.428685218302788412e-02,9.865235610274301070e-01,-5.905504614271234409e+00,0.000000000000000000e+00,0.000000000000000000e+00,0.000000000000000000e+00,1.000000000000000056e-01
9.111718636692970330e-01,-3.796714913166094885e-01,1.600480975795768313e-01,6.196800017017201867e+01,3.801365977828328191e-01,9.244781916993962678e-01,2.891781627832992058e-02,1.854863584470545135e+01,-1.589402462673089600e-01,3.449103874394297137e-02,9.866855458365907383e-01,-6.026551704205941107e+00,0.000000000000000000e+00,0.000000000000000000e+00,0.000000000000000000e+00,1.000000000000000056e-01
9.108712402902899852e-01,-3.815457231685984718e-01,1.572782398928095349e-01,6.270405657841050129e+01,3.821887453346917152e-01,9.236795190495380448e-01,2.734792547723198866e-02,1.886332476627018551e+01,-1.557091729845195838e-01,3.519953437426880105e-02,9.871755903730154991e-01,-6.145740802332014141e+00,0.000000000000000000e+00,0.000000000000000000e+00,0.000000000000000000e+00,1.000000000000000056e-01
9.105675011893594739e-01,-3.812204666289535915e-01,1.598054492217605149e-01,6.339546233205611259e+01,3.816956112410768709e-01,9.238348373378588718e-01,2.894224732519131912e-02,1.916791010854631594e+01,-1.586672182180886292e-01,3.464316879465086790e-02,9.867241583739595479e-01,-6.253795674494116774e+00,0.000000000000000000e+00,0.000000000000000000e+00,0.000000000000000000e+00,1.000000000000000056e-01
9.097781543556047179e-01,-3.827492385012487008e-01,1.606447331350261687e-01,6.409560305241642197e+01,3.829942451381129209e-01,9.232408305695418704e-01,3.068838477909139814e-02,1.948605913561699765e+01,-1.600597327512345014e-01,3.360638623798652830e-02,9.865350945382665993e-01,-6.361263760592545502e+00,0.000000000000000000e+00,0.000000000000000000e+00,0.000000000000000000e+00,1.000000000000000056e-01
9.076525525250787041e-01,-3.855744005184890688e-01,1.658289044754169828e-01,6.477978507851133827e+01,3.859769808322866536e-01,9.219834365074210947e-01,3.111772924811127133e-02,1.977750643277974518e+01,-1.648897030208429926e-01,3.576205350331464888e-02,9.856634625301499142e-01,-6.466259513950967097e+00,0.000000000000000000e+00,0.000000000000000000e+00,0.000000000000000000e+00,1.000000000000000056e-01
9.082595479457978849e-01,-3.842728247030186006e-01,1.655264020029978411e-01,6.541307930338099652e+01,3.843626873328273019e-01,9.225994088193752996e-01,3.279718634923427939e-02,2.006357888679221801e+01,-1.653176280726956215e-01,3.383381505095651304e-02,9.856598575611749125e-01,-6.559852367189711764e+00,0.000000000000000000e+00,0.000000000000000000e+00,0.000000000000000000e+00,1.000000000000000056e-01
9.088499440884837410e-01,-3.853058772934009335e-01,1.597847303515662343e-01,6.601525219735344763e+01,3.846079765229819536e-01,9.223565304785676933e-01,3.653950024885939396e-02,2.033776801816117086e+01,-1.614573737097733386e-01,2.824555906158919202e-02,9.864753949633213725e-01,-6.648268716441992687e+00,0.000000000000000000e+00,0.000000000000000000e+00,0.000000000000000000e+00,1.000000000000000056e-01
9.110648996674215461e-01,-3.815977674124079178e-01,1.560252944232342343e-01,6.662193543991861588e+01,3.811263524824265447e-01,9.238928911787960274e-01,3.412666219726841893e-02,2.059209423575880749e+01,-1.571733184654197923e-01,2.837374728778561256e-02,9.871633494145822807e-01,-6.741339310987370048e+00,0.000000000000000000e+00,0.000000000000000000e+00,0.000000000000000000e+00,1.000000000000000056e-01
9.129467387883151153e-01,-3.780791268005724293e-01,1.535722175834438596e-01,6.728341094973330883e+01,3.775591218386528114e-01,9.253726744597375875e-01,3.368267922327281005e-02,2.088254548906120078e+01,-1.548462516569429348e-01,2.723209945907972482e-02,9.875631884121873760e-01,-6.841318313621420621e+00,0.000000000000000000e+00,0.000000000000000000e+00,0.000000000000000000e+00,1.000000000000000056e-01
9.137495463074341018e-01,-3.771016550181489069e-01,1.511823680378480417e-01,6.791109434293200309e+01,3.761907241732622142e-01,9.258542622453657112e-01,3.569907741225515629e-02,2.115041277568465361e+01,-1.534350209989715774e-01,2.425338872534458373e-02,9.878610567617202021e-01,-6.941031203140791028e+00,0.000000000000000000e+00,0.000000000000000000e+00,0.000000000000000000e+00,1.000000000000000056e-01
9.140054834111841497e-01,-3.753045702260426331e-01,1.540793816892223611e-01,6.852257512024485209e+01,3.739827674019383097e-01,9.266321649312964093e-01,3.859689885374600893e-02,2.141834330329751168e+01,-1.572605035623228509e-01,2.234525636872421867e-02,9.873043216441121928e-01,-7.029875822460891044e+00,0.000000000000000000e+00,0.000000000000000000e+00,0.000000000000000000e+00,1.000000000000000056e-01
9.129886918286412856e-01,-3.779293237827715535e-01,1.536914923413890133e-01,6.908727219900302430e+01,3.766372036822499547e-01,9.255570671259100157e-01,3.858150198863475461e-02,2.164057674683649424e+01,-1.568313278507886821e-01,2.266145887582492191e-02,9.873653796271052441e-01,-7.118577031451984283e+00,0.000000000000000000e+00,0.000000000000000000e+00,0.000000000000000000e+00,1.000000000000000056e-01
9.125455711322851826e-01,-3.799623069758233385e-01,1.512918566363100348e-01,6.960197640466799385e+01,3.787583668533893722e-01,9.247216476537596375e-01,3.784143098601604194e-02,2.185202019839915621e+01,-1.542811723620380604e-01,2.277102628618893343e-02,9.877645469525967448e-01,-7.179052466112900710e+00,0.000000000000000000e+00,0.000000000000000000e+00,0.000000000000000000e+00,1.000000000000000056e-01
9.143335125800341467e-01,-3.758363694643747643e-01,1.508020263819243034e-01,7.016251480764715609e+01,3.755907934929468284e-01,9.262598667543032738e-01,3.121241874060600233e-02,2.207136000107914597e+01,-1.514126270044712785e-01,2.810129228591408748e-02,9.880711177620092878e-01,-7.258272655882402447e+00,0.000000000000000000e+00,0.000000000000000000e+00,0.000000000000000000e+00,1.000000000000000056e-01
9.170561660428409034e-01,-3.698956392069790988e-01,1.489469852614204171e-01,7.072316423789803252e+01,3.702460086893685220e-01,9.285583168732359782e-01,2.640729473337221148e-02,2.228988868841025806e+01,-1.480739051028150399e-01,3.093005433560547593e-02,9.884925140669498234e-01,-7.330035174122771835e+00,0.000000000000000000e+00,0.000000000000000000e+00,0.000000000000000000e+00,1.000000000000000056e-01
9.193930767418857508e-01,-3.656514359630164690e-01,1.449668852437446254e-01,7.124851075390817812e+01,3.655100531226383453e-01,9.303685170099362800e-01,2.858012636462804734e-02,2.250821658110806922e+01,-1.453229902850030064e-01,2.671048361441724639e-02,9.890236491407619068e-01,-7.400921441827797764e+00,0.000000000000000000e+00,0.000000000000000000e+00,0.000000000000000000e+00,1.000000000000000056e-01
9.228324055876058196e-01,-3.573772980861171233e-01,1.437421928664616988e-01,7.176652173967794113e+01,3.560270910891307206e-01,9.337857501172581731e-01,3.590102071754152496e-02,2.274143562427135024e+01,-1.470546211718772589e-01,1.804548948119983481e-02,9.889637499430298240e-01,-7.481289895508685284e+00,0.000000000000000000e+00,0.000000000000000000e+00,0.000000000000000000e+00,1.000000000000000056e-01
9.251319496736366554e-01,-3.496068861870113009e-01,1.480064215623021484e-01,7.227733619028887802e+01,3.484829465144069216e-01,9.366866397493420759e-01,3.431872526366890053e-02,2.292180814807023026e+01,-1.506337003518561923e-01,1.982836467559260726e-02,9.883907750847328311e-01,-7.554549519838508864e+00,0.000000000000000000e+00,0.000000000000000000e+00,0.000000000000000000e+00,1.000000000000000056e-01
9.279054963240446208e-01,-3.413374036471322759e-01,1.499338746349974105e-01,7.282225528038202356e+01,3.403027228177852859e-01,9.397256519001769837e-01,3.331300051915343785e-02,2.311347606604270766e+01,-1.522676811881957248e-01,2.011158950014184724e-02,9.881346452955426241e-01,-7.618830237811571315e+00,0.000000000000000000e+00,0.000000000000000000e+00,0.000000000000000000e+00,1.000000000000000056e-01
9.309961510302158239e-01,-3.312375772870619905e-01,1.533878553208212758e-01,7.334062473150183337e+01,3.299145737950870960e-01,9.433708733927957946e-01,3.475297442981829105e-02,2.327707605586014594e+01,-1.562131260955031964e-01,1.825000348249889576e-02,9.875547562582842609e-01,-7.688410028032894417e+00,0.000000000000000000e+00,0.000000000000000000e+00,0.000000000000000000e+00,1.000000000000000056e-01
9.356979555360971368e-01,-3.191549135555711847e-01,1.503644810415809829e-01,7.381150693976707089e+01,3.173484679959113763e-01,9.476056864617411479e-01,3.651592592308762486e-02,2.345792583563181566e+01,-1.541404744582554887e-01,1.355006046880532708e-02,9.879560263468589731e-01,-7.747832225233199921e+00,0.000000000000000000e+00,0.000000000000000000e+00,0.000000000000000000e+00,1.000000000000000056e-01
9.412275092801563048e-01,-3.045451601075419568e-01,1.460925091486381944e-01,7.428601891591354445e+01,3.020186927930513798e-01,9.524740840211936010e-01,3.972188907346455716e-02,2.363747540540354208e+01,-1.512464379013592763e-01,6.735333923408907963e-03,9.884731409092967214e-01,-7.819393564096619009e+00,0.000000000000000000e+00,0.000000000000000000e+00,0.000000000000000000e+00,1.000000000000000056e-01
9.490951968733004618e-01,-2.807906648999898280e-01,1.427407081986516724e-01,7.475900176605601644e+01,2.771367563659573596e-01,9.597629553688205029e-01,4.528010349660818723e-02,2.377196949640685020e+01,-1.497114743197293374e-01,-3.416431871002819504e-03,9.887238251656950139e-01,-7.887761681368842481e+00,0.000000000000000000e+00,0.000000000000000000e+00,0.000000000000000000e+00,1.000000000000000056e-01
9.545373543440015540e-01,-2.611801909392638121e-01,1.436779280992165619e-01,7.524705321713462070e+01,2.574431112618082995e-01,9.652752814440145324e-01,4.434721521154168233e-02,2.389679824233548899e+01,-1.502713666198392251e-01,-5.342180651036362166e-03,9.886303543185883669e-01,-7.939119920358146842e+00,0.000000000000000000e+00,0.000000000000000000e+00,0.000000000000000000e+00,1.000000000000000056e-01
9.612992524292789387e-01,-2.336633858320451562e-01,1.459629041928604820e-01,7.573172080993388988e+01,2.300466989964308762e-01,9.722975021513700078e-01,4.142563929563635589e-02,2.401383003763884005e+01,-1.515990222915533925e-01,-6.244151800800339103e-03,9.884223525439586044e-01,-8.009061782717422417e+00,0.000000000000000000e+00,0.000000000000000000e+00,0.000000000000000000e+00,1.000000000000000056e-01
9.679813671489925220e-01,-2.029317821453603676e-01,1.477523761151589843e-01,7.619746633972283689e+01,1.989946054450792701e-01,9.791376659610733224e-01,4.111664018446664626e-02,2.415167067596128803e+01,-1.530137897580627626e-01,-1.039821578972421542e-02,9.881693464443560559e-01,-8.067512818533428387e+00,0.000000000000000000e+00,0.000000000000000000e+00,0.000000000000000000e+00,1.000000000000000056e-01
9.747448121535966514e-01,-1.683285774538179624e-01,1.467584450449909705e-01,7.664346634801449909e+01,1.644128097137775857e-01,9.856398201794415170e-01,3.850419300101479148e-02,2.419051131259385201e+01,-1.511323234178273966e-01,-1.340279407482801097e-02,9.884226757462198920e-01,-8.135383171533641544e+00,0.000000000000000000e+00,0.000000000000000000e+00,0.000000000000000000e+00,1.000000000000000056e-01
