1.000000000000000000e+00,-1.585098446378572216e-09,-4.946047793240703414e-11,9.843445615173714655e-17,1.585098446378228522e-09,1.000000000000000000e+00,-6.948022397811948837e-12,3.243340230339293730e-15,4.946047794342033654e-11,6.948022319412222744e-12,1.000000000000000000e+00,1.030058213582171562e-16,0.000000000000000000e+00,0.000000000000000000e+00,0.000000000000000000e+00,1.000000000000000056e-01
9.999819470317755643e-01,-5.934732384120568541e-03,-9.405115991051616340e-04,6.406017910652899161e-01,5.933208070132658940e-03,9.999810937213319262e-01,-1.615314794457666393e-03,7.010445045633330145e-03,9.500802785519954453e-04,1.609705382221145696e-03,9.999982530964975913e-01,8.286273139998353437e-03,0.000000000000000000e+00,0.000000000000000000e+00,0.000000000000000000e+00,1.000000000000000056e-01
9.999347499288328001e-01,-1.133794663711077712e-02,-1.395295960241794021e-03,1.303315212150988778e+00,1.133858854285716734e-02,9.999356135265256018e-01,4.530024134293832139e-04,1.598077952516853417e-02,1.390070004865516171e-03,-4.687935417783605191e-04,9.999989239684194953e-01,1.336157127641947502e-02,0.000000000000000000e+00,0.000000000000000000e+00,0.000000000000000000e+00,1.000000000000000056e-01
9.998124159254980770e-01,-1.925431596570306020e-02,-2.098637155799688674e-03,2.028851561870800069e+00,1.925848136101396268e-02,9.998125717228770748e-01,1.983007956195576883e-03,2.296620197692690254e-02,2.060062350102177808e-03,-2.023052540031883804e-03,9.999958316920796175e-01,1.892161231684219569e-02,0.000000000000000000e+00,0.000000000000000000e+00,0.000000000000000000e+00,1.000000000000000056e-01
9.996279374415599772e-01,-2.722852219130629872e-02,-1.610672409366993704e-03,2.746018892490850405e+00,2.723479795750119795e-02,9.996210131208168592e-01,4.011970529020381440e-03,4.257544639823820920e-02,1.500821957076883080e-03,-4.054344162645799263e-03,9.999906548697662378e-01,2.498307176649405478e-02,0.000000000000000000e+00,0.000000000000000000e+00,0.000000000000000000e+00,1.000000000000000056e-01
9.994330490548338775e-01,-3.361673104566303971e-02,-1.869719433928375809e-03,3.443695857774388358e+00,3.362055736531879835e-02,9.994325583414860326e-01,2.054129849190686110e-03,5.957612115336136105e-02,1.799605346558720001e-03,-2.115826267816634226e-03,9.999961423424598150e-01,3.091515986342262962e-02,0.000000000000000000e+00,0.000000000000000000e+00,0.000000000000000000e+00,1.000000000000000056e-01
9.991159323799146952e-01,-4.199866423521536607e-02,-1.861683934337565261e-03,4.181916563268976539e+00,4.200608132376963677e-02,9.991087686630480968e-01,4.142162771871680735e-03,9.735864835559415731e-02,1.686059439812336242e-03,-4.216702866632884503e-03,9.999896882570840084e-01,4.487588804231426587e-02,0.000000000000000000e+00,0.000000000000000000e+00,0.000000000000000000e+00,1.000000000000000056e-01
9.988712343120274006e-01,-4.741664078511780706e-02,-2.814150070964899393e-03,4.952173502618691714e+00,4.743343568466502208e-02,9.988549357660121419e-01,6.235902101903639805e-03,1.374988673123057614e-01,2.515242158432437307e-03,-6.362348035975563115e-03,9.999765967683211798e-01,5.311122494872431987e-02,0.000000000000000000e+00,0.000000000000000000e+00,0.000000000000000000e+00,1.000000000000000056e-01
9.985136128140852385e-01,-5.447908500813094385e-02,-1.610689802544033617e-03,5.737697327592345076e+00,5.448768909007171285e-02,9.984970450416530419e-01,5.894300697351099495e-03,1.903771198473020176e-01,1.287152899564465193e-03,-5.973302249506195864e-03,9.999813312745639005e-01,5.592433071956758733e-02,0.000000000000000000e+00,0.000000000000000000e+00,0.000000000000000000e+00,1.000000000000000056e-01
9.980485137263012119e-01,-6.240925464878020745e-02,2.061354628590050288e-03,6.546098978249120570e+00,6.239903924128976931e-02,9.980402362333694599e-01,4.695397853655320503e-03,2.400798749429468304e-01,-2.350351140804874360e-03,-4.557608300834752393e-03,9.999868519416098556e-01,5.825430972148683967e-02,0.000000000000000000e+00,0.000000000000000000e+00,0.000000000000000000e+00,1.000000000000000056e-01
9.978475886431371622e-01,-6.546324350834618888e-02,3.841040021063057541e-03,7.370311787598677000e+00,6.544084364615591898e-02,9.978402083395471189e-01,5.693382454097476938e-03,3.080226450965060092e-01,-4.205451456836828590e-03,-5.429767053587299802e-03,9.999764156257826553e-01,6.835759733266828786e-02,0.000000000000000000e+00,0.000000000000000000e+00,0.000000000000000000e+00,1.000000000000000056e-01
9.975118324826247607e-01,-7.041998852854743085e-02,3.342046198839526000e-03,8.187099561280438920e+00,7.040061543098420638e-02,9.975030898188066431e-01,5.598137982616917946e-03,3.689389809134586695e-01,-3.727922222176734308e-03,-5.348926768333702592e-03,9.999787455632906941e-01,7.352574384364306270e-02,0.000000000000000000e+00,0.000000000000000000e+00,0.000000000000000000e+00,1.000000000000000056e-01
9.972239645737377423e-01,-7.437082998632212061e-02,3.652961398964038597e-03,9.019945516471869595e+00,7.434798835781096515e-02,9.972140989273364786e-01,6.034693669706046523e-03,4.433930310276129605e-01,-4.091589786813508954e-03,-5.746350814730591047e-03,9.999751188631297305e-01,7.759285520728423369e-02,0.000000000000000000e+00,0.000000000000000000e+00,0.000000000000000000e+00,1.000000000000000056e-01
9.970216073584645677e-01,-7.699031751809125301e-02,4.517241282828230418e-03,9.800923523786790881e+00,7.696987967711722833e-02,9.970230986110925064e-01,4.536348578521006217e-03,5.270134054312202165e-01,-4.853048818412422465e-03,-4.175146033283503796e-03,9.999795078264188675e-01,8.844556137831469100e-02,0.000000000000000000e+00,0.000000000000000000e+00,0.000000000000000000e+00,1.000000000000000056e-01
9.967694324068039347e-01,-8.016450318355390625e-02,4.934678181198563600e-03,1.057656085956844372e+01,8.013746934515127152e-02,9.967689100374818034e-01,5.452154587444794920e-03,5.634329514267832906e-01,-5.355803055841480871e-03,-5.039088412047513024e-03,9.999729611152506914e-01,9.183713466690400506e-02,0.000000000000000000e+00,0.000000000000000000e+00,0.000000000000000000e+00,1.000000000000000056e-01
9.965376799985559142e-01,-8.294459409185984955e-02,5.731200051687621727e-03,1.137741912217122753e+01,8.292158772844628045e-02,9.965474671648039129e-01,4.141977306503960045e-03,6.451765346720090832e-01,-6.054967521749759357e-03,-3.652396247754832737e-03,9.999749983724393054e-01,1.061806300753664473e-01,0.000000000000000000e+00,0.000000000000000000e+00,0.000000000000000000e+00,1.000000000000000056e-01
9.962477697263502074e-01,-8.641506919988577173e-02,4.776728006922617911e-03,1.223598855098740223e+01,8.638214575610679569e-02,9.962394398142854213e-01,6.715910443826807186e-03,7.264779518316724083e-01,-5.339120699505326209e-03,-6.278086786413091328e-03,9.999660391315589036e-01,9.976841103660001597e-02,0.000000000000000000e+00,0.000000000000000000e+00,0.000000000000000000e+00,1.000000000000000056e-01
9.959899518338016788e-01,-8.943140584577180530e-02,2.457538311044390762e-03,1.311182152873386819e+01,8.941616433964427735e-02,9.959778343963998637e-01,5.736108946250975324e-03,8.289441243390823777e-01,-2.960641972127911557e-03,-5.493363223598630302e-03,9.999805285902353402e-01,9.992092518830780756e-02,0.000000000000000000e+00,0.000000000000000000e+00,0.000000000000000000e+00,1.000000000000000056e-01
9.962746258589055826e-01,-8.623719184429907980e-02,-1.288895158473584053e-04,1.398557475344274259e+01,8.623454291024489071e-02,9.962298725075044992e-01,9.468090237338406059e-03,9.209828083859102899e-01,-6.880979282563193938e-04,-9.443932787287697209e-03,9.999551683224354726e-01,1.085385669587613372e-01,0.000000000000000000e+00,0.000000000000000000e+00,0.000000000000000000e+00,1.000000000000000056e-01
9.947634847477510034e-01,-1.022020319201531330e-01,5.950494961728332354e-04,1.494008137189595509e+01,1.021910380490091003e-01,9.947146373911542883e-01,9.989089160194322692e-03,1.042081798419478122e+00,-1.612809653018784650e-03,-9.875972416746450072e-03,9.999499307534587267e-01,1.102226191099085345e-01,0.000000000000000000e+00,0.000000000000000000e+00,0.000000000000000000e+00,1.000000000000000056e-01
9.940207406528928091e-01,-1.091701286772890495e-01,2.156422142950038812e-03,1.591525828099439366e+01,1.091441966024554594e-01,9.939778116592634660e-01,9.780300458894185256e-03,1.170270756816359281e+00,-3.211152422263086580e-03,-9.486460543629799541e-03,9.999498465255520774e-01,1.178188115505169054e-01,0.000000000000000000e+00,0.000000000000000000e+00,0.000000000000000000e+00,1.000000000000000056e-01
9.937284368083744157e-01,-1.117770060915301011e-01,3.113645387429590100e-03,1.683905179059101442e+01,1.117427369070942700e-01,9.936908985839013608e-01,9.589516152058438075e-03,1.285386186499237304e+00,-4.165888488249991188e-03,-9.181447638184157128e-03,9.999491719044377724e-01,1.248625631042923623e-01,0.000000000000000000e+00,0.000000000000000000e+00,0.000000000000000000e+00,1.000000000000000056e-01
9.933534390614762177e-01,-1.150633934871048841e-01,3.059507144911358893e-03,1.772794647394186640e+01,1.150332922846591527e-01,9.933238759235186732e-01,8.661361696080546735e-03,1.383062023781115313e+00,-4.035687164569303105e-03,-8.251848248109358575e-03,9.999578092247691785e-01,1.346184465836893773e-01,0.000000000000000000e+00,0.000000000000000000e+00,0.000000000000000000e+00,1.000000000000000056e-01
9.930080347120985307e-01,-1.180055109542603037e-01,3.121278846838866725e-03,1.863821357951489688e+01,1.179743625226454123e-01,9.929779081440214261e-01,8.770617156090104033e-03,1.492555236538764873e+00,-4.134342098956855782e-03,-8.341062423170016171e-03,9.999566660076133484e-01,1.404781719325250700e-01,0.000000000000000000e+00,0.000000000000000000e+00,0.000000000000000000e+00,1.000000000000000056e-01
9.925102999910021540e-01,-1.221348230502536103e-01,2.527728279325493644e-03,1.956328386447059842e+01,1.221172871693443907e-01,9.924962655786438992e-01,6.207333311960068663e-03,1.602088003406975991e+00,-3.266892433298271368e-03,-5.852162927425164606e-03,9.999775395492140895e-01,1.511746409640453148e-01,0.000000000000000000e+00,0.000000000000000000e+00,0.000000000000000000e+00,1.000000000000000056e-01
9.922728954212098884e-01,-1.239949951605141404e-01,4.443218152728554277e-03,2.048699249168410574e+01,1.239752555904612003e-01,9.922752264956317125e-01,4.473352693753178920e-03,1.720558128511025631e+00,-4.963568644481426359e-03,-3.887937523542036276e-03,9.999801232665199713e-01,1.646497523948921293e-01,0.000000000000000000e+00,0.000000000000000000e+00,0.000000000000000000e+00,1.000000000000000056e-01
9.924311884143547369e-01,-1.226712269235462616e-01,5.666246336276221929e-03,2.140841847160091049e+01,1.226464736744795891e-01,9.924400926188872152e-01,4.528251078471075622e-03,1.842078754558085230e+00,-6.178896154389322201e-03,-3.799032467130415008e-03,9.999736939513094169e-01,1.661781066573659593e-01,0.000000000000000000e+00,0.000000000000000000e+00,0.000000000000000000e+00,1.000000000000000056e-01
9.923463282947815323e-01,-1.230757347341016189e-01,1.005625375210376406e-02,2.236133100139267782e+01,1.230575460081461819e-01,9.923966097943845988e-01,2.410236308957093912e-03,1.965749619825898131e+00,-1.027643373542753806e-02,-1.154291242747237456e-03,9.999465298311747130e-01,1.708651784294567266e-01,0.000000000000000000e+00,0.000000000000000000e+00,0.000000000000000000e+00,1.000000000000000056e-01
9.925928230296178212e-01,-1.207985479045354527e-01,1.293052567567944469e-02,2.332391823467344238e+01,1.207705018946139963e-01,9.926761275567366205e-01,2.931151835827036818e-03,2.094204868769751648e+00,-1.318990304046204626e-02,-1.347814199839005933e-03,9.999121010642214591e-01,1.703087262853361372e-01,0.000000000000000000e+00,0.000000000000000000e+00,0.000000000000000000e+00,1.000000000000000056e-01
9.928772840647147602e-01,-1.184006034461161649e-01,1.326634432959111418e-02,2.424195997861751195e+01,1.183995701672915235e-01,9.929656548808699634e-01,8.660318733978752525e-04,2.198164020132583829e+00,-1.327556298152143474e-02,7.108660919421135298e-04,9.999116231432271240e-01,1.668915061075607054e-01,0.000000000000000000e+00,0.000000000000000000e+00,0.000000000000000000e+00,1.000000000000000056e-01
9.929030499191642267e-01,-1.183262070843993513e-01,1.193491425362775728e-02,2.519289872807537378e+01,1.183321742501031587e-01,9.929740447300678952e-01,2.074358992123799669e-04,2.309060947446725631e+00,-1.187560518309823711e-02,1.206320616129623324e-03,9.999287548581180518e-01,1.637369422858299950e-01,0.000000000000000000e+00,0.000000000000000000e+00,0.000000000000000000e+00,1.000000000000000056e-01
9.930894134863482714e-01,-1.171062520433610588e-01,7.716382163778354522e-03,2.613239543562032452e+01,1.171103609461771611e-01,9.931189036344014731e-01,-8.125921755587557941e-05,2.430155539649948793e+00,-7.653769032103664716e-03,9.843659691016505564e-04,9.999702249783450902e-01,1.597968220532077765e-01,0.000000000000000000e+00,0.000000000000000000e+00,0.000000000000000000e+00,1.000000000000000056e-01
9.930003453649081102e-01,-1.179183471928255539e-01,6.751111055634307669e-03,2.707168640561720352e+01,1.179305836537274804e-01,9.930207934121790814e-01,-1.442667715560720827e-03,2.544521891015790072e+00,-6.533876664312344811e-03,2.228732006900684647e-03,9.999761703207616925e-01,1.613755303095731897e-01,0.000000000000000000e+00,0.000000000000000000e+00,0.000000000000000000e+00,1.000000000000000056e-01
9.930774291202094650e-01,-1.172121646030230974e-01,7.650375224070758533e-03,2.802437438632577127e+01,1.172361535357220458e-01,9.931002165330471421e-01,-2.764819372655945556e-03,2.657918335843672430e+00,-7.273518828178354538e-03,3.642580278953960488e-03,9.999669132190162069e-01,1.635477052868986314e-01,0.000000000000000000e+00,0.000000000000000000e+00,0.000000000000000000e+00,1.000000000000000056e-01
9.930071300309769589e-01,-1.175795181393982369e-01,1.057811995343595733e-02,2.902999077325876343e+01,1.176448063384493703e-01,9.930389451133420087e-01,-5.775208201413898138e-03,2.777556328185396328e+00,-9.825438882365490276e-03,6.979283794764236382e-03,9.999273725368663657e-01,1.681900924920426144e-01,0.000000000000000000e+00,0.000000000000000000e+00,0.000000000000000000e+00,1.000000000000000056e-01
9.930738206283143965e-01,-1.165381074527841315e-01,1.494176341687000580e-02,2.998338340498706955e+01,1.166734618226654557e-01,9.931337070079556684e-01,-8.528968926606105699e-03,2.885958958506896987e+00,-1.384521899420168740e-02,1.021320302154637982e-02,9.998519892439297063e-01,1.669434186627421768e-01,0.000000000000000000e+00,0.000000000000000000e+00,0.000000000000000000e+00,1.000000000000000056e-01
9.929058184725502167e-01,-1.178603815001605659e-01,1.571515561461916954e-02,3.091067103697998064e+01,1.181044175258025852e-01,9.928782370038943261e-01,-1.562539743268926209e-02,2.974272854873484029e+00,-1.376162069837654801e-02,1.737057732705516236e-02,9.997544102623797668e-01,1.706688677009896293e-01,0.000000000000000000e+00,0.000000000000000000e+00,0.000000000000000000e+00,1.000000000000000056e-01
9.930089323635716836e-01,-1.174215703870229721e-01,1.205964568322705731e-02,3.186116591191184710e+01,1.176350028897533706e-01,9.928779943754071358e-01,-1.884925410186468267e-02,3.076900848904899011e+00,-9.760447801575531865e-03,2.013611414633813615e-02,9.997496039338041873e-01,1.720449837707020702e-01,0.000000000000000000e+00,0.000000000000000000e+00,0.000000000000000000e+00,1.000000000000000056e-01
9.927634339882924763e-01,-1.197873112962029030e-01,8.471374634610550139e-03,3.285916741240306749e+01,1.199262176078668141e-01,9.926118845632734278e-01,-1.842142649246463273e-02,3.194154869093984939e+00,-6.202133991129310867e-03,1.930405854149016068e-02,9.997944222977955819e-01,1.669806318859923810e-01,0.000000000000000000e+00,0.000000000000000000e+00,0.000000000000000000e+00,1.000000000000000056e-01
9.926274684134379633e-01,-1.210147885203328999e-01,6.791900360595566448e-03,3.382765243643375896e+01,1.211208605732578825e-01,9.924683887315852715e-01,-1.833669824489590067e-02,3.315996363862135698e+00,-4.521734747038518194e-03,1.902415117449530318e-02,9.998087995146709428e-01,1.683255739295512754e-01,0.000000000000000000e+00,0.000000000000000000e+00,0.000000000000000000e+00,1.000000000000000056e-01
9.924182333110006526e-01,-1.226446581530802049e-01,8.021098327930784033e-03,3.479204816983368431e+01,1.227757217538757439e-01,9.922592480587716368e-01,-1.864689758796314600e-02,3.436576306176423401e+00,-5.672066615186835414e-03,1.949031729744805236e-02,9.997939563689899334e-01,1.789188843063912460e-01,0.000000000000000000e+00,0.000000000000000000e+00,0.000000000000000000e+00,1.000000000000000056e-01
9.923236426416507383e-01,-1.232965535859139317e-01,9.578524324830655148e-03,3.576800202394393580e+01,1.234527571172089055e-01,9.921886288746125659e-01,-1.792042109091906282e-02,3.572010517005474117e+00,-7.294176757177207523e-03,1.896535277162766236e-02,9.997935338757111268e-01,1.753308258029011857e-01,0.000000000000000000e+00,0.000000000000000000e+00,0.000000000000000000e+00,1.000000000000000056e-01
9.923009191668329398e-01,-1.233429023416753867e-01,1.119885094955988189e-02,3.673890804253463216e+01,1.235316516373893558e-01,9.921754264420226122e-01,-1.810674482973673866e-02,3.688764522398928047e+00,-8.877886257280372118e-03,1.935075209190714740e-02,9.997733400771798840e-01,1.872498754755013983e-01,0.000000000000000000e+00,0.000000000000000000e+00,0.000000000000000000e+00,1.000000000000000056e-01
9.920573465799510382e-01,-1.250398307214761751e-01,1.368436443140745584e-02,3.772661088869796941e+01,1.252636799387085720e-01,9.919787463552174334e-01,-1.694630543050311411e-02,3.829012801281008294e+00,-1.145563551095095389e-02,1.852586064601880605e-02,9.997627523079485323e-01,1.894399843679221707e-01,0.000000000000000000e+00,0.000000000000000000e+00,0.000000000000000000e+00,1.000000000000000056e-01
9.921671028514129631e-01,-1.241077254462964186e-01,1.420255272760778328e-02,3.872907979003137058e+01,1.243303012138998742e-01,9.921112872385317027e-01,-1.603651876077111238e-02,3.970115251699943837e+00,-1.210025700118391376e-02,1.767671401732637954e-02,9.997705324533500137e-01,2.001632360155733426e-01,0.000000000000000000e+00,0.000000000000000000e+00,0.000000000000000000e+00,1.000000000000000056e-01
9.922815906621291759e-01,-1.230391662300103495e-01,1.544695460143018922e-02,3.975574464586524925e+01,1.232297949794096403e-01,9.923048781140018093e-01,-1.206012025183184934e-02,4.114002871894343549e+00,-1.384422126258565144e-02,1.387056035565475444e-02,9.998079541057135478e-01,2.001321106458978372e-01,0.000000000000000000e+00,0.000000000000000000e+00,0.000000000000000000e+00,1.000000000000000056e-01
9.918523556841114530e-01,-1.265404626260032139e-01,1.471107889571551461e-02,4.075611356235434357e+01,1.267584578976432286e-01,9.918206371461693038e-01,-1.497054048383268839e-02,4.235319680464515457e+00,-1.269637252487063050e-02,1.671331951958527143e-02,9.997797092736708802e-01,2.139062293398070469e-01,0.000000000000000000e+00,0.000000000000000000e+00,0.000000000000000000e+00,1.000000000000000056e-01
9.920536888252107222e-01,-1.250394331096721934e-01,1.395057905263750835e-02,4.176304055662079406e+01,1.252248978131118018e-01,9.920389505846646250e-01,-1.332086673505475903e-02,4.356282266892783639e+00,-1.217388417834618271e-02,1.496197481916038304e-02,9.998139506195755644e-01,2.359191083311620030e-01,0.000000000000000000e+00,0.000000000000000000e+00,0.000000000000000000e+00,1.000000000000000056e-01
9.922764187634349753e-01,-1.236403715418064320e-01,1.002832443713029369e-02,4.277267966509248964e+01,1.237552824097360171e-01,9.922427874154496896e-01,-1.178477397768947464e-02,4.464566658117852249e+00,-8.493458759466892757e-03,1.293481144133174811e-02,9.998802687378516296e-01,2.433178726475662967e-01,0.000000000000000000e+00,0.000000000000000000e+00,0.000000000000000000e+00,1.000000000000000056e-01
9.925504615951253884e-01,-1.215055832936395158e-01,8.942841594034200287e-03,4.380801137758826513e+01,1.216086005409854204e-01,9.925049621701793612e-01,-1.205190200896840910e-02,4.597797208224661425e+00,-7.411441274583329547e-03,1.304964735321102742e-02,9.998873822797196276e-01,2.517513447132401216e-01,0.000000000000000000e+00,0.000000000000000000e+00,0.000000000000000000e+00,1.000000000000000056e-01
9.925145805967402479e-01,-1.215862487833980904e-01,1.147132989928979774e-02,4.479405232405822090e+01,1.217420570093841331e-01,9.924625828356908874e-01,-1.403186467413597253e-02,4.720575139545602816e+00,-9.678783911244968202e-03,1.532337358061307102e-02,9.998357441920689981e-01,2.628093624590644994e-01,0.000000000000000000e+00,0.000000000000000000e+00,0.000000000000000000e+00,1.000000000000000056e-01
9.923277814479044556e-01,-1.231926297297344930e-01,1.044749476920248978e-02,4.575278999580897477e+01,1.233223876580095135e-01,9.922835014354250971e-01,-1.284684713773574100e-02,4.842134999454073885e+00,-8.784239808178955292e-03,1.403669331877228574e-02,9.998628947869138139e-01,2.655716603054092406e-01,0.000000000000000000e+00,0.000000000000000000e+00,0.000000000000000000e+00,1.000000000000000056e-01
9.918491431870338770e-01,-1.272537666275446733e-01,6.461891228518231237e-03,4.665789732654417321e+01,1.273315748812293702e-01,9.917676884539176063e-01,-1.354703572885307405e-02,4.963008134358425139e+00,-4.684783603613693406e-03,1.425941856722548473e-02,9.998873545478570435e-01,2.797169424202738952e-01,0.000000000000000000e+00,0.000000000000000000e+00,0.000000000000000000e+00,1.000000000000000056e-01
9.921464777612074570e-01,-1.249764394407471696e-01,5.124085356744669841e-03,4.761240984096605189e+01,1.250334085113952443e-01,9.920681226772634087e-01,-1.294166618457074161e-02,5.085441612488902585e+00,-3.466038380125369394e-03,1.348071037904029906e-02,9.999031238203148764e-01,2.817264318150128344e-01,0.000000000000000000e+00,0.000000000000000000e+00,0.000000000000000000e+00,1.000000000000000056e-01
9.921841854813949757e-01,-1.246881393855492209e-01,4.838385804232884016e-03,4.855193119126642642e+01,1.247377745578613778e-01,9.921188236391998982e-01,-1.186285712306894315e-02,5.212556553177567942e+00,-3.321096049936057837e-03,1.237366870980668131e-02,9.999179279539331944e-01,2.936527126230336071e-01,0.000000000000000000e+00,0.000000000000000000e+00,0.000000000000000000e+00,1.000000000000000056e-01
9.925948299283903209e-01,-1.212193732346564107e-01,7.833718914223384427e-03,4.951101003735313810e+01,1.213205086569834473e-01,9.925136499653015587e-01,-1.407084971725604088e-02,5.343733017198310620e+00,-6.069413368753250222e-03,1.491704344539711118e-02,9.998703136088236132e-01,2.951578127007254970e-01,0.000000000000000000e+00,0.000000000000000000e+00,0.000000000000000000e+00,1.000000000000000056e-01
9.928915355966351219e-01,-1.185938198874209731e-01,1.009477216512952302e-02,5.049656358462525674e+01,1.187514470918823034e-01,9.927820446900410545e-01,-1.679004331874154113e-02,5.471148877107376407e+00,-8.030713177532570329e-03,1.786946069615129654e-02,9.998080765928473168e-01,3.169429216208320410e-01,0.000000000000000000e+00,0.000000000000000000e+00,0.000000000000000000e+00,1.000000000000000056e-01
9.930479227665283126e-01,-1.172979258522343637e-01,9.849856843987378832e-03,5.141309818299680501e+01,1.174484210405926099e-01,9.929432376698116292e-01,-1.641935324133522375e-02,5.597806339775337925e+00,-7.854392666209198889e-03,1.746205476327999592e-02,9.998166757757590561e-01,3.205555087083090671e-01,0.000000000000000000e+00,0.000000000000000000e+00,0.000000000000000000e+00,1.000000000000000056e-01
9.930135728909711412e-01,-1.175790895663709756e-01,9.960007582887569696e-03,5.234805038384148190e+01,1.177558172731978381e-01,9.928501394926866341e-01,-1.954911782341854296e-02,5.718162145095161186e+00,-7.590227442514871706e-03,2.058538816966958354e-02,9.997592861490584015e-01,3.331358436518579436e-01,0.000000000000000000e+00,0.000000000000000000e+00,0.000000000000000000e+00,1.000000000000000056e-01
9.931654253511158492e-01,-1.165119872396155332e-01,6.884382079233242017e-03,5.331306189917006577e+01,1.166395572330980734e-01,9.929169341839415575e-01,-2.260919059208208598e-02,5.838956661220586319e+00,-4.201377822100436400e-03,2.325765766877489066e-02,9.997206758810973648e-01,3.567046723584697543e-01,0.000000000000000000e+00,0.000000000000000000e+00,0.000000000000000000e+00,1.000000000000000056e-01
9.929377651593020992e-01,-1.183272182527490418e-01,8.559435788470201242e-03,5.424676219321172965e+01,1.185143875816829090e-01,9.926028451929007623e-01,-2.634258246825727304e-02,5.959603352663243037e+00,-5.379075811818942454e-03,2.717096125507127355e-02,9.996163286020722794e-01,3.569376729038795659e-01,0.000000000000000000e+00,0.000000000000000000e+00,0.000000000000000000e+00,1.000000000000000056e-01
9.929371102713494546e-01,-1.179565097808045332e-01,1.273408207578659301e-02,5.518351541402080329e+01,1.182710088945538723e-01,9.925951960011164532e-01,-2.769016667644962071e-02,6.070028791418124570e+00,-9.373553277506958131e-03,2.900066681709524002e-02,9.995354410040284687e-01,3.693132354031844478e-01,0.000000000000000000e+00,0.000000000000000000e+00,0.000000000000000000e+00,1.000000000000000056e-01
9.926825638078090597e-01,-1.194121473600352756e-01,1.794621338389554982e-02,5.612258448455600046e+01,1.198516081878452932e-01,9.924561302919043815e-01,-2.581514014693207792e-02,6.191158142255514640e+00,-1.472818816902834310e-02,2.777712204105654836e-02,9.995056337832087801e-01,3.905813601728478357e-01,0.000000000000000000e+00,0.000000000000000000e+00,0.000000000000000000e+00,1.000000000000000056e-01
9.926864653093275814e-01,-1.192302946046215895e-01,1.891344601516097013e-02,5.707360737680884455e+01,1.196496339202514358e-01,9.925532077680605525e-01,-2.284939500474706883e-02,6.316121534837765061e+00,-1.604826141434270020e-02,2.494527205360342129e-02,9.995599965523573882e-01,3.865859738821323388e-01,0.000000000000000000e+00,0.000000000000000000e+00,0.000000000000000000e+00,1.000000000000000056e-01
9.927702836719671797e-01,-1.192748009621432820e-01,1.344193859987696631e-02,5.795386371690697302e+01,1.195807253579877910e-01,9.925126833920187019e-01,-2.488018144692744418e-02,6.421566755837956109e+00,-1.037371585977036291e-02,2.630770156086699799e-02,9.996000654551024933e-01,3.974859182933070945e-01,0.000000000000000000e+00,0.000000000000000000e+00,0.000000000000000000e+00,1.000000000000000056e-01
9.928027810575901224e-01,-1.194996403648891092e-01,7.904041812706475573e-03,5.886505488327005509e+01,1.196602588756010555e-01,9.925100791109824350e-01,-2.460010790495676530e-02,6.527198490614894766e+00,-4.905137117246018835e-03,2.536885523182991209e-02,9.996661246706759485e-01,4.044806876821297470e-01,0.000000000000000000e+00,0.000000000000000000e+00,0.000000000000000000e+00,1.000000000000000056e-01
9.929792193375488463e-01,-1.182015305380585413e-01,4.546222855563966832e-03,5.981726589032420094e+01,1.182780771656314622e-01,9.926750834955430092e-01,-2.462671454168680399e-02,6.654226608981263169e+00,-1.602006801785063909e-03,2.499153427817537784e-02,9.996863792153166672e-01,4.150420336812661315e-01,0.000000000000000000e+00,0.000000000000000000e+00,0.000000000000000000e+00,1.000000000000000056e-01
9.927732623289082792e-01,-1.199948024111800599e-01,1.580189583107692412e-03,6.072911830773781361e+01,1.200006422637013986e-01,9.925345913607757087e-01,-2.179290730024727174e-02,6.771844151369849740e+00,1.046642783315986699e-03,2.182503944096930021e-02,9.997612575971747129e-01,4.193961461986419614e-01,0.000000000000000000e+00,0.000000000000000000e+00,0.000000000000000000e+00,1.000000000000000056e-01
9.925301797961451067e-01,-1.219510710366855238e-01,3.431977103237775217e-03,6.165608977307850580e+01,1.219946023768293114e-01,9.923470018324802577e-01,-1.909829691377768618e-02,6.901377775020033134e+00,-1.076654425143912285e-03,1.937431875170780166e-02,9.998117205695060683e-01,4.403565230596149238e-01,0.000000000000000000e+00,0.000000000000000000e+00,0.000000000000000000e+00,1.000000000000000056e-01
9.922773732188183704e-01,-1.239514215560449800e-01,4.653997442775254824e-03,6.252493035531987431e+01,1.240147079126963231e-01,9.921252691622710618e-01,-1.754430138306540751e-02,7.026794638485528210e+00,-2.442707368955277479e-03,1.798597742483963244e-02,9.998352553279878929e-01,4.536910508408995568e-01,0.000000000000000000e+00,0.000000000000000000e+00,0.000000000000000000e+00,1.000000000000000056e-01
9.922261177748058492e-01,-1.243552483467937758e-01,4.806601101023666618e-03,6.332945286308844857e+01,1.244191588975479684e-01,9.920881442152186258e-01,-1.676266705599811779e-02,7.137268897836101189e+00,-2.684046341594132148e-03,1.723038932267004220e-02,9.998479432288819302e-01,4.670192935961057223e-01,0.000000000000000000e+00,0.000000000000000000e+00,0.000000000000000000e+00,1.000000000000000056e-01
9.920474169194958280e-01,-1.257119006626627455e-01,6.200049607608489576e-03,6.413533072478603003e+01,1.257978912316556341e-01,9.919219105894716559e-01,-1.630379876595347555e-02,7.245921563968977352e+00,-4.100383521638929947e-03,1.695409461790821359e-02,9.998478611922227977e-01,4.762027655521077207e-01,0.000000000000000000e+00,0.000000000000000000e+00,0.000000000000000000e+00,1.000000000000000056e-01
9.921578564197871541e-01,-1.247513482341123248e-01,7.738802120758048880e-03,6.492814043354577791e+01,1.248687998240791130e-01,9.920238489737206455e-01,-1.721818509189248711e-02,7.359733254245362843e+00,-5.529084461922311247e-03,1.804949254510628334e-02,9.998218066455027975e-01,4.967392265692666675e-01,0.000000000000000000e+00,0.000000000000000000e+00,0.000000000000000000e+00,1.000000000000000056e-01
9.921786081627144149e-01,-1.245203971546391675e-01,8.733853487999872905e-03,6.572602334865005957e+01,1.246634414844413064e-01,9.920286940008470333e-01,-1.838740428198562191e-02,7.469954664312019155e+00,-6.374626385459492874e-03,1.933238142146058089e-02,9.997927901155423402e-01,5.073790827923333469e-01,0.000000000000000000e+00,0.000000000000000000e+00,0.000000000000000000e+00,1.000000000000000056e-01
9.921489790444834034e-01,-1.247137761073416062e-01,9.320806297589395023e-03,6.646659360199305411e+01,1.248739161235045136e-01,9.919864180295946410e-01,-1.922112163205625182e-02,7.566432797259573739e+00,-6.848974592541148820e-03,2.023414178714305275e-02,9.997718094911300923e-01,5.172170970267127021e-01,0.000000000000000000e+00,0.000000000000000000e+00,0.000000000000000000e+00,1.000000000000000056e-01
9.919164042378764146e-01,-1.264001322488692847e-01,1.117378947671995165e-02,6.724410740007022014e+01,1.265876640294890942e-01,9.917908673736138825e-01,-1.806761494641147617e-02,7.681502761836679127e+00,-8.798313438318182411e-03,1.933602755901424677e-02,9.997743283956025406e-01,5.221384020955671668e-01,0.000000000000000000e+00,0.000000000000000000e+00,0.000000000000000000e+00,1.000000000000000056e-01
9.921509436932920423e-01,-1.243082256720104833e-01,1.356355258723209931e-02,6.798497723580726415e+01,1.245317177837475114e-01,9.920681453504094360e-01,-1.710690640729512976e-02,7.790170828444787254e+00,-1.132943927735009099e-02,1.866172583860889120e-02,9.997616634950479142e-01,5.328794602986935969e-01,0.000000000000000000e+00,0.000000000000000000e+00,0.000000000000000000e+00,1.000000000000000056e-01
9.919514899446715273e-01,-1.257357142195394129e-01,1.492554073555021898e-02,6.869631080001812506e+01,1.259529265989208502e-01,9.919283191263681410e-01,-1.463113106717406180e-02,7.888769719676361980e+00,-1.296541081929564188e-02,1.639328779837304073e-02,9.997815552596710509e-01,5.494002958190040697e-01,0.000000000000000000e+00,0.000000000000000000e+00,0.000000000000000000e+00,1.000000000000000056e-01
9.916307321917594564e-01,-1.285194119618678354e-01,1.229844387760973407e-02,6.936072312831291242e+01,1.286819215608124289e-01,9.915942353609407123e-01,-1.348463801398761507e-02,7.986651670834684857e+00,-1.046202830487152902e-02,1.495436885753000274e-02,9.998334425372162881e-01,5.571283655213833397e-01,0.000000000000000000e+00,0.000000000000000000e+00,0.000000000000000000e+00,1.000000000000000056e-01
9.919257130682955781e-01,-1.266579616048727486e-01,6.414087312463666660e-03,7.005677732726036311e+01,1.267380786234147405e-01,9.918347786101255892e-01,-1.418560419045515608e-02,8.090588657103600312e+00,-4.564995158646825354e-03,1.488397465402629960e-02,9.998788067149437797e-01,5.620131791275461142e-01,0.000000000000000000e+00,0.000000000000000000e+00,0.000000000000000000e+00,1.000000000000000056e-01
9.921874255843103896e-01,-1.247506538807339471e-01,1.177653899850681241e-03,7.080973596326295194e+01,1.247531025644877667e-01,9.920518385023200381e-01,-1.642598930661871848e-02,8.190879473656861975e+00,8.808591901723331801e-04,1.644457602056297735e-02,9.998643908083690857e-01,5.763491840381400610e-01,0.000000000000000000e+00,0.000000000000000000e+00,0.000000000000000000e+00,1.000000000000000056e-01
9.921185164986947580e-01,-1.252909423913775022e-01,1.740395101581596049e-03,7.152923301379857435e+01,1.253029802426829931e-01,9.920100977509527240e-01,-1.466727999483989457e-02,8.297730005411917631e+00,1.111878180264505101e-04,1.476975676257948240e-02,9.998909150114543287e-01,5.885006591601880110e-01,0.000000000000000000e+00,0.000000000000000000e+00,0.000000000000000000e+00,1.000000000000000056e-01
9.923583778183315829e-01,-1.233005123866980496e-01,4.672645818723630134e-03,7.220059528367451662e+01,1.233504750031368530e-01,9.922832654564041066e-01,-1.259291116763218421e-02,8.399592007515888525e+00,-3.083875851915076922e-03,1.307305397958280838e-02,9.999097884156235017e-01,5.992381181669435009e-01,0.000000000000000000e+00,0.000000000000000000e+00,0.000000000000000000e+00,1.000000000000000056e-01
9.923072847784767392e-01,-1.236051261957079733e-01,6.930032735147895716e-03,7.282332382451986064e+01,1.236875343502680663e-01,9.922348484121815693e-01,-1.309196099926877507e-02,8.484930216680199422e+00,-5.257986488987024566e-03,1.384840693358719774e-02,9.998902815826761215e-01,6.127231929773614416e-01,0.000000000000000000e+00,0.000000000000000000e+00,0.000000000000000000e+00,1.000000000000000056e-01
9.923754017696603258e-01,-1.231874587662639270e-01,3.988980473160927583e-03,7.340205370188820666e+01,1.232363992340413245e-01,9.922451332704826932e-01,-1.619831487747828633e-02,8.538543559432529406e+00,-1.962617215152603033e-03,1.656639682465623278e-02,9.998608416324317183e-01,6.229262179648097364e-01,0.000000000000000000e+00,0.000000000000000000e+00,0.000000000000000000e+00,1.000000000000000056e-01
9.924511568573515241e-01,-1.226397604382398338e-01,4.363624134655161996e-04,7.404748194654409588e+01,1.226164552583416528e-01,9.921794930686634872e-01,-2.334648654271227058e-02,8.600797238185542426e+00,2.430257678486387636e-03,2.322375279021649669e-02,9.997273384048047662e-01,6.437409512557300539e-01,0.000000000000000000e+00,0.000000000000000000e+00,0.000000000000000000e+00,1.000000000000000056e-01
9.927569376772699128e-01,-1.200762529236574228e-01,-3.918695888061394204e-03,7.466854034840656595e+01,1.199321577711689180e-01,9.924292842622364219e-01,-2.646494419220398950e-02,8.672259969534213297e+00,7.066839887863703672e-03,2.580327929854807009e-02,9.996420612156334817e-01,6.529079659462473373e-01,0.000000000000000000e+00,0.000000000000000000e+00,0.000000000000000000e+00,1.000000000000000056e-01
9.932606353833925983e-01,-1.158036504004980871e-01,-4.777525687892103870e-03,7.526041119319188510e+01,1.156597630053379788e-01,9.930054264950711751e-01,-2.372850970648509791e-02,8.738470214608723197e+00,7.491956975871082863e-03,2.301602713895086957e-02,9.997070236201257565e-01,6.648312376042551097e-01,0.000000000000000000e+00,0.000000000000000000e+00,0.000000000000000000e+00,1.000000000000000056e-01
9.939278272195912756e-01,-1.100101391059647021e-01,-2.289884806833319617e-03,7.583785249854233257e+01,1.099423040266434975e-01,9.937340319136517275e-01,-2.013364353391040862e-02,8.820773390343680020e+00,4.490441387587679363e-03,1.975963336005448490e-02,9.997946753337011438e-01,6.713396046950695917e-01,0.000000000000000000e+00,0.000000000000000000e+00,0.000000000000000000e+00,1.000000000000000056e-01
9.947545753319256834e-01,-1.022790280565255561e-01,1.528160990415361247e-03,7.638992003289580168e+01,1.022884537787875636e-01,9.945310290907292128e-01,-2.109749746486510452e-02,8.858004282038214328e+00,6.380280127173175529e-04,2.114314535606291040e-02,9.997762551314706148e-01,6.848973514065213042e-01,0.000000000000000000e+00,0.000000000000000000e+00,0.000000000000000000e+00,1.000000000000000056e-01
9.956519933032683678e-01,-9.294907181981279520e-02,6.130112483778476541e-03,7.696834033510396011e+01,9.307144101888148446e-02,9.953644320308034921e-01,-2.423539384175056599e-02,8.910902515971686810e+00,-3.849038567922779923e-03,2.470055658950180005e-02,9.996874848702825833e-01,6.975204050767126462e-01,0.000000000000000000e+00,0.000000000000000000e+00,0.000000000000000000e+00,1.000000000000000056e-01
9.965842042617096830e-01,-8.202085693301593150e-02,9.617839883704931703e-03,7.750162214561602525e+01,8.225292290039636078e-02,9.962480303728131759e-01,-2.691316875865176414e-02,8.952900757266041509e+00,-7.374312876214633890e-03,2.761233431392481549e-02,9.995915058179214441e-01,7.136398235145606783e-01,0.000000000000000000e+00,0.000000000000000000e+00,0.000000000000000000e+00,1.000000000000000056e-01
9.975487252768585611e-01,-6.933753760307086178e-02,9.425846256819725086e-03,7.798544695977524555e+01,6.954856182442735457e-02,9.972828322718029215e-01,-2.428888643154979501e-02,8.991760465945809244e+00,-7.716103075275445797e-03,2.488490174932686191e-02,9.996605440939729803e-01,7.243934848700152029e-01,0.000000000000000000e+00,0.000000000000000000e+00,0.000000000000000000e+00,1.000000000000000056e-01
9.986138462726873444e-01,-5.189611096688469954e-02,8.785197720167130589e-03,7.847866049365968877e+01,5.207083302674219566e-02,9.984227963014558060e-01,-2.098923946890155282e-02,9.032401608226569678e+00,-7.682081773241809450e-03,2.141759771997201259e-02,9.997411025498225134e-01,7.263428537119880346e-01,0.000000000000000000e+00,0.000000000000000000e+00,0.000000000000000000e+00,1.000000000000000056e-01
9.994467185993926028e-01,-3.169966466997476556e-02,1.006915789516597826e-02,7.896442861127970048e+01,3.185817289309846728e-02,9.993644505741372530e-01,-1.599224026102146964e-02,9.045711082481835419e+00,-9.555809794050733330e-03,1.630417702504310604e-02,9.998214142089155709e-01,7.309019227889211878e-01,0.000000000000000000e+00,0.000000000000000000e+00,0.000000000000000000e+00,1.000000000000000056e-01
9.998976114006521421e-01,-9.570991793206029552e-03,1.063780199876002315e-02,7.944120015185266936e+01,9.742231613534598628e-03,9.998218948940135187e-01,-1.616376854982872965e-02,9.051941171147968035e+00,-1.048120405576987747e-02,1.626574949513756932e-02,9.998127673494185963e-01,7.372649175658086973e-01,0.000000000000000000e+00,0.000000000000000000e+00,0.000000000000000000e+00,1.000000000000000056e-01
9.997781422210733071e-01,1.723032814209979682e-02,1.211536747667319586e-02,7.992982946478852568e+01,-1.700480497465262433e-02,9.996846585489244097e-01,-1.847755583659470291e-02,9.056756842456877621e+00,-1.242992134944128496e-02,1.826743698595972853e-02,9.997558691006573905e-01,7.470775625522235730e-01,0.000000000000000000e+00,0.000000000000000000e+00,0.000000000000000000e+00,1.000000000000000056e-01
9.988175721572695176e-01,4.647377924206083644e-02,1.427043772341808452e-02,8.040911232078970272e+01,-4.619420893626778601e-02,9.987453854122837482e-01,-1.933261954369351610e-02,9.037033693104318033e+00,-1.515099371692155313e-02,1.865054853426456605e-02,9.997112605291393894e-01,7.468963103762551459e-01,0.000000000000000000e+00,0.000000000000000000e+00,0.000000000000000000e+00,1.000000000000000056e-01
9.967112523313671479e-01,7.939017123529482078e-02,1.624438940890893940e-02,8.088321270131748975e+01,-7.905055986508444099e-02,9.966581877409305124e-01,-2.057828452473158334e-02,8.986553930917150268e+00,-1.782381724138820678e-02,1.922647966203571215e-02,9.996562679335087021e-01,7.448252379064339568e-01,0.000000000000000000e+00,0.000000000000000000e+00,0.000000000000000000e+00,1.000000000000000056e-01
