9.999999999999998890e-01,-4.663316507178428145e-09,1.160704618109524120e-08,7.788715392864546546e-15,4.663316526268972515e-09,1.000000000000000000e+00,-1.644737535260284300e-09,6.007000066348070178e-15,-1.160704617342530823e-08,1.644737589387614479e-09,9.999999999999998890e-01,-2.232650901700061374e-14,0.000000000000000000e+00,0.000000000000000000e+00,0.000000000000000000e+00,1.000000000000000056e-01
9.998555599149724360e-01,-1.243238019089137197e-02,1.158858187639883602e-02,6.526639552839084146e-01,1.246559159519291735e-02,9.999183866190261005e-01,-2.798057788122156574e-03,4.274442555260566518e-03,-1.155284957483319191e-02,2.942112165255970566e-03,9.999289352962581479e-01,2.856166632957008681e-03,0.000000000000000000e+00,0.000000000000000000e+00,0.000000000000000000e+00,1.000000000000000056e-01
9.995357580357989713e-01,-1.908637949345659210e-02,2.374823205277468846e-02,1.337241888776482757e+00,1.917138648262067466e-02,9.998105763865752227e-01,-3.356975704154301597e-03,-1.485088613092439089e-03,-2.367966106460699799e-02,3.810703790122333366e-03,9.997123347185875586e-01,-1.312249882738316005e-02,0.000000000000000000e+00,0.000000000000000000e+00,0.000000000000000000e+00,1.000000000000000056e-01
9.990704937275052266e-01,-2.694663704352494651e-02,3.364561360896041464e-02,2.069061339482578532e+00,2.717038447201057874e-02,9.996115236735014786e-01,-6.210631754010026602e-03,2.038388025571349210e-02,-3.346518744489651587e-02,7.119023190390685353e-03,9.994145289808892274e-01,-3.750784455408059936e-02,0.000000000000000000e+00,0.000000000000000000e+00,0.000000000000000000e+00,1.000000000000000056e-01
9.983370211369936298e-01,-3.591456220448616121e-02,4.509253207543463537e-02,2.801105645141257039e+00,3.631170365315881943e-02,9.993083387912030657e-01,-8.018989972010550846e-03,7.013395074051131939e-02,-4.477334480602469802e-02,9.643041222878177485e-03,9.989506290857694815e-01,-7.982010869338040937e-02,0.000000000000000000e+00,0.000000000000000000e+00,0.000000000000000000e+00,1.000000000000000056e-01
9.975157547975055383e-01,-4.510333065900452160e-02,5.411107552273657778e-02,3.552019079372681354e+00,4.564476005226351246e-02,9.989188723639965684e-01,-8.811487661727322035e-03,9.755895999714954414e-02,-5.365514710197045317e-02,1.125948482418205610e-02,9.984960436531332695e-01,-1.166728786606648222e-01,0.000000000000000000e+00,0.000000000000000000e+00,0.000000000000000000e+00,1.000000000000000056e-01
9.964110286330788435e-01,-5.444085564798653576e-02,6.481709076073018105e-02,4.310576693813061411e+00,5.517214688679621115e-02,9.984312322044717192e-01,-9.545091228589996230e-03,1.539311984350307805e-01,-6.419576486242238589e-02,1.308693222170174281e-02,9.978515099847036218e-01,-1.510288445836400484e-01,0.000000000000000000e+00,0.000000000000000000e+00,0.000000000000000000e+00,1.000000000000000056e-01
9.949971144157426783e-01,-6.434643832461223178e-02,7.642171274763727429e-02,5.114417083446747725e+00,6.514480137547237759e-02,9.978437712919672187e-01,-7.997683888124624413e-03,2.232886572015800319e-01,-7.574230758364682015e-02,1.293614968841151278e-02,9.970435090171057002e-01,-2.051997089861470058e-01,0.000000000000000000e+00,0.000000000000000000e+00,0.000000000000000000e+00,1.000000000000000056e-01
9.936529514327809842e-01,-6.922341507879266331e-02,8.866753021119122558e-02,5.889129737189770175e+00,7.004657808709956190e-02,9.975244401237494118e-01,-6.202278136955112486e-03,2.924006341980551205e-01,-8.801868555716560460e-02,1.237376905512092146e-02,9.960419674050684513e-01,-2.583051974203843248e-01,0.000000000000000000e+00,0.000000000000000000e+00,0.000000000000000000e+00,1.000000000000000056e-01
9.918611447271310499e-01,-7.797867178793234377e-02,1.006518570458349998e-01,6.692599810505900138e+00,7.919670780400554777e-02,9.968256356580686983e-01,-8.156811135135139113e-03,3.541857717318907528e-01,-9.969629408153667105e-02,1.606171974220767934e-02,9.948882701616953428e-01,-3.279447238879279469e-01,0.000000000000000000e+00,0.000000000000000000e+00,0.000000000000000000e+00,1.000000000000000056e-01
9.899773773659769072e-01,-8.596053678489903871e-02,1.120516774494441092e-01,7.524333032881515670e+00,8.776469502628658770e-02,9.960775931037556541e-01,-1.125996552267742937e-02,4.240237977266156921e-01,-1.106442524965718655e-01,2.098129243590582046e-02,9.936385835690931811e-01,-4.051166640293516474e-01,0.000000000000000000e+00,0.000000000000000000e+00,0.000000000000000000e+00,1.000000000000000056e-01
9.880662186840709627e-01,-9.277503843257427218e-02,1.229550313699928898e-01,8.362534191616784796e+00,9.495288791674803830e-02,9.954099188029386092e-01,-1.196004285095295799e-02,5.173495017705967980e-01,-1.212810643572649894e-01,2.349224962751571971e-02,9.923401723379979833e-01,-5.011615115027624467e-01,0.000000000000000000e+00,0.000000000000000000e+00,0.000000000000000000e+00,1.000000000000000056e-01
9.862148422235132994e-01,-9.977155881526517112e-02,1.320072764268047649e-01,9.210615597511845110e+00,1.022969053803760020e-01,9.946757237187896505e-01,-1.247188013494392178e-02,6.317950791676574251e-01,-1.300600942935578597e-01,2.580388916566827423e-02,9.911702836426629082e-01,-6.016486287819685641e-01,0.000000000000000000e+00,0.000000000000000000e+00,0.000000000000000000e+00,1.000000000000000056e-01
9.842947265070810525e-01,-1.051239289399597820e-01,1.418197832975948147e-01,9.990933170277735087e+00,1.084417180972252204e-01,9.939764373544982545e-01,-1.585041829672402883e-02,7.354485476090043550e-01,-1.392992647018368446e-01,3.098066410336415902e-02,9.897655850277085055e-01,-6.968385228821585287e-01,0.000000000000000000e+00,0.000000000000000000e+00,0.000000000000000000e+00,1.000000000000000056e-01
9.818909810174456521e-01,-1.127731186002265684e-01,1.522245877569633477e-01,1.081885734202891136e+01,1.165858467679640742e-01,9.930463778449148959e-01,-1.632886347824674678e-02,8.446632958835632587e-01,-1.493246186333486158e-01,3.378039624210546488e-02,9.882110316626360191e-01,-8.203051120765295634e-01,0.000000000000000000e+00,0.000000000000000000e+00,0.000000000000000000e+00,1.000000000000000056e-01
9.798242491992978920e-01,-1.179980540948539769e-01,1.613099498197802240e-01,1.162481007976602854e+01,1.223871478229692222e-01,9.923278975782713340e-01,-1.751370136911608102e-02,9.577295036222461810e-01,-1.580057806815648724e-01,3.690261396860407273e-02,9.867483824934770720e-01,-9.211346518304653896e-01,0.000000000000000000e+00,0.000000000000000000e+00,0.000000000000000000e+00,1.000000000000000056e-01
9.778021756424887245e-01,-1.237520380960026173e-01,1.690808634231006358e-01,1.248665055598933371e+01,1.281798225597768626e-01,9.916300409151420636e-01,-1.548531701896286271e-02,1.095510246579751712e+00,-1.657493239725574830e-01,3.681433174348244797e-02,9.854805257238323790e-01,-1.057172778756455322e+00,0.000000000000000000e+00,0.000000000000000000e+00,0.000000000000000000e+00,1.000000000000000056e-01
9.756911628848159435e-01,-1.313960960825520108e-01,1.753904803652135136e-01,1.338911975161598811e+01,1.360762918678416755e-01,9.905866591542457078e-01,-1.487660906013525512e-02,1.227804923106508461e+00,-1.717847416389870763e-01,3.838146219068390430e-02,9.843865429292151248e-01,-1.209064119594217779e+00,0.000000000000000000e+00,0.000000000000000000e+00,0.000000000000000000e+00,1.000000000000000056e-01
9.746353840921869738e-01,-1.300453877565288519e-01,1.821374898221924110e-01,1.425666386900250338e+01,1.344956249366373591e-01,9.908385311673751916e-01,-1.224467341262185614e-02,1.363996853820830024e+00,-1.788764795840374067e-01,3.643078749262028404e-02,9.831968280940948102e-01,-1.352691942025483485e+00,0.000000000000000000e+00,0.000000000000000000e+00,0.000000000000000000e+00,1.000000000000000056e-01
9.698289369237541591e-01,-1.515976299635351798e-01,1.909188091697093248e-01,1.522663027539714875e+01,1.565127069638959922e-01,9.876164180849347218e-01,-1.084358279891673750e-02,1.604813818593083141e+00,-1.869106890046003944e-01,4.039764001179282221e-02,9.815459362746621341e-01,-1.527677633450007955e+00,0.000000000000000000e+00,0.000000000000000000e+00,0.000000000000000000e+00,1.000000000000000056e-01
9.679748521022267793e-01,-1.537181434158895466e-01,1.984827903936362825e-01,1.614762575612736484e+01,1.591227773340508633e-01,9.871921168928305956e-01,-1.147458400770611647e-02,1.775035092465913067e+00,-1.941767942653555290e-01,4.269024161824157976e-02,9.800372012527922561e-01,-1.701423758590207447e+00,0.000000000000000000e+00,0.000000000000000000e+00,0.000000000000000000e+00,1.000000000000000056e-01
9.645254620874147422e-01,-1.614948131880718785e-01,2.088302140457861666e-01,1.702787703777366701e+01,1.682285761056008522e-01,9.856372810444827826e-01,-1.477485691035183846e-02,1.941482420435122647e+00,-2.034447816154082433e-01,4.938193524548298297e-02,9.778402964210821668e-01,-1.872742852745162612e+00,0.000000000000000000e+00,0.000000000000000000e+00,0.000000000000000000e+00,1.000000000000000056e-01
9.616242007297515215e-01,-1.685126128790925548e-01,2.165234303061163712e-01,1.785317994192488555e+01,1.761333425771269001e-01,9.842321761790460144e-01,-1.625020019777210709e-02,2.086521399780068009e+00,-2.103709633088060027e-01,5.376358130296290949e-02,9.761421695234790974e-01,-2.038297871208206935e+00,0.000000000000000000e+00,0.000000000000000000e+00,0.000000000000000000e+00,1.000000000000000056e-01
9.589272169807769863e-01,-1.733564693587291983e-01,2.245130888500219690e-01,1.872339509084966735e+01,1.825192707765660172e-01,9.829873319994820724e-01,-2.055774607612895211e-02,2.238071939156629941e+00,-2.171297039299147635e-01,6.069134748888020681e-02,9.742542029733777253e-01,-2.226873184707174325e+00,0.000000000000000000e+00,0.000000000000000000e+00,0.000000000000000000e+00,1.000000000000000056e-01
9.553910126708268225e-01,-1.794570006743119450e-01,2.345702406887797131e-01,1.962112424988810844e+01,1.896122792882984076e-01,9.816282155751533400e-01,-2.128919749160657418e-02,2.417961123307436289e+00,-2.264402712657542505e-01,6.481690594065951661e-02,9.718660258767004567e-01,-2.424280409907663802e+00,0.000000000000000000e+00,0.000000000000000000e+00,0.000000000000000000e+00,1.000000000000000056e-01
9.523524245837730051e-01,-1.831609942356412224e-01,2.438788830137212094e-01,2.051400001311839461e+01,1.944494344822339793e-01,9.806467941210360584e-01,-2.283161425904459488e-02,2.583252551398632413e+00,-2.349771836135336189e-01,6.916585408093955945e-02,9.695369037897968445e-01,-2.634086982149669520e+00,0.000000000000000000e+00,0.000000000000000000e+00,0.000000000000000000e+00,1.000000000000000056e-01
9.501088535612125519e-01,-1.825887732261846363e-01,2.528922819628057761e-01,2.138947458064206941e+01,1.958189349783802380e-01,9.802416938761484566e-01,-2.794935224208560873e-02,2.780528163748815285e+00,-2.427923209010763306e-01,7.607602433471531700e-02,9.670906510937289369e-01,-2.842335413542341538e+00,0.000000000000000000e+00,0.000000000000000000e+00,0.000000000000000000e+00,1.000000000000000056e-01
9.469035937204866027e-01,-1.850822213307146968e-01,2.629033197708161018e-01,2.228819560917420617e+01,1.997352641506265070e-01,9.793934897784077886e-01,-2.990345188019669087e-02,2.996662433278439508e+00,-2.519512025252253484e-01,8.082675007050646454e-02,9.643586615046980670e-01,-3.065077926788189355e+00,0.000000000000000000e+00,0.000000000000000000e+00,0.000000000000000000e+00,1.000000000000000056e-01
9.450239880660387115e-01,-1.821964591586714144e-01,2.715402589852967674e-01,2.319956726397490598e+01,1.975695636197921379e-01,9.798250662970188207e-01,-3.015140108067352470e-02,3.205132173572778242e+00,-2.605684737470064238e-01,8.214188776796718661e-02,9.619546666881294561e-01,-3.293829952160672203e+00,0.000000000000000000e+00,0.000000000000000000e+00,0.000000000000000000e+00,1.000000000000000056e-01
9.446112680020307684e-01,-1.757839393678826689e-01,2.771453752525995795e-01,2.407362968767538902e+01,1.918892048998662170e-01,9.808987792347390045e-01,-3.187660488031827249e-02,3.396221383245564773e+00,-2.662481650762927310e-01,8.329220585449356729e-02,9.602990799940400724e-01,-3.527586025015479798e+00,0.000000000000000000e+00,0.000000000000000000e+00,0.000000000000000000e+00,1.000000000000000056e-01
9.429375771737414924e-01,-1.787147708915685917e-01,2.809444005829060953e-01,2.496831725396576829e+01,1.960741175086214427e-01,9.799748087801524177e-01,-3.470323615340464851e-02,3.577222344383576225e+00,-2.691164543407362220e-01,8.780891083186150026e-02,9.590964128707774039e-01,-3.759889035263533241e+00,0.000000000000000000e+00,0.000000000000000000e+00,0.000000000000000000e+00,1.000000000000000056e-01
9.432059883175509807e-01,-1.780640125607885760e-01,2.804561838017895492e-01,2.583455789633662292e+01,1.958873884408874333e-01,9.799424847403840344e-01,-3.661772317677666755e-02,3.768589906680103407e+00,-2.683106308958344566e-01,8.947588519592020173e-02,9.591681142097487900e-01,-4.005179589754234826e+00,0.000000000000000000e+00,0.000000000000000000e+00,0.000000000000000000e+00,1.000000000000000056e-01
9.408905028912820656e-01,-1.786150057989843720e-01,2.877876669915149233e-01,2.672136085598893018e+01,1.984258609163151998e-01,9.792598322958481205e-01,-4.095556826032982489e-02,3.958546065478407261e+00,-2.745036234526048169e-01,9.563922080054913788e-02,9.568181123683091593e-01,-4.247371377210325427e+00,0.000000000000000000e+00,0.000000000000000000e+00,0.000000000000000000e+00,1.000000000000000056e-01
9.388742316872944471e-01,-1.794624706808552461e-01,2.937829108214357055e-01,2.762794052311514648e+01,2.010668184854735308e-01,9.785523067101805639e-01,-4.480532932938111751e-02,4.131254733295327775e+00,-2.794410699552271060e-01,1.011365643538865711e-01,9.548214931456926458e-01,-4.504732675580156886e+00,0.000000000000000000e+00,0.000000000000000000e+00,0.000000000000000000e+00,1.000000000000000056e-01
9.351778853921629553e-01,-1.800390819460001846e-01,3.050053305197861220e-01,2.856474655684097641e+01,2.040580584596038694e-01,9.777560735870128861e-01,-4.851153822962869788e-02,4.329393847942732521e+00,-2.894868415854846000e-01,1.076057133044025504e-01,9.511142828351970557e-01,-4.776663279322185929e+00,0.000000000000000000e+00,0.000000000000000000e+00,0.000000000000000000e+00,1.000000000000000056e-01
9.317164913904750767e-01,-1.811915525652345038e-01,3.147602277131318904e-01,2.946694513895853618e+01,2.079935871298503880e-01,9.766681691183071168e-01,-5.345984608985641928e-02,4.518020239929049886e+00,-2.977298227989264023e-01,1.152775290769786770e-01,9.476645207593382692e-01,-5.049046679166387719e+00,0.000000000000000000e+00,0.000000000000000000e+00,0.000000000000000000e+00,1.000000000000000056e-01
9.283804768703312060e-01,-1.804065097934760553e-01,3.249048805268286433e-01,3.034182265795048394e+01,2.103763499341495535e-01,9.758206904107091795e-01,-5.929394197345235623e-02,4.701765622961031177e+00,-3.063518917101715200e-01,1.233996409658605908e-01,9.438861409381409384e-01,-5.308841980980667508e+00,0.000000000000000000e+00,0.000000000000000000e+00,0.000000000000000000e+00,1.000000000000000056e-01
9.276028520160924939e-01,-1.837045078226697270e-01,3.252777316959185039e-01,3.125018355630849243e+01,2.154025934096251982e-01,9.744292245900465499e-01,-6.394848721626134047e-02,4.890524726715271164e+00,-3.052125025027954686e-01,1.293844661096197335e-01,9.434537552235985336e-01,-5.595319109052834250e+00,0.000000000000000000e+00,0.000000000000000000e+00,0.000000000000000000e+00,1.000000000000000056e-01
9.263968729362817012e-01,-1.884019712720190753e-01,3.260268869812671944e-01,3.218914000960506883e+01,2.208192563608722403e-01,9.731395815844929853e-01,-6.510154202312898319e-02,5.101593712450930518e+00,-3.050044095322394511e-01,1.323028796904101856e-01,9.431162485036056475e-01,-5.902197349361268053e+00,0.000000000000000000e+00,0.000000000000000000e+00,0.000000000000000000e+00,1.000000000000000056e-01
9.233766955606356186e-01,-1.902523848504976967e-01,3.334359131140786636e-01,3.310441201594942129e+01,2.244705942122633691e-01,9.721808502371742655e-01,-6.691297905577373029e-02,5.337423703522703455e+00,-3.114296556680412054e-01,1.366324430390641886e-01,9.403952068570224920e-01,-6.210840787966426468e+00,0.000000000000000000e+00,0.000000000000000000e+00,0.000000000000000000e+00,1.000000000000000056e-01
9.214127644643367310e-01,-1.937767884296680843e-01,3.368220208776028235e-01,3.402296333761383096e+01,2.291371332047903719e-01,9.710018164812032060e-01,-6.820298070388103318e-02,5.562152475065261115e+00,-3.138386395408934160e-01,1.400215292592087990e-01,9.390949258062433191e-01,-6.497547075826105356e+00,0.000000000000000000e+00,0.000000000000000000e+00,0.000000000000000000e+00,1.000000000000000056e-01
9.197013018257783612e-01,-1.968840241916526845e-01,3.396854374830767243e-01,3.491767598863490463e+01,2.330041100474636306e-01,9.700523320516910575e-01,-6.861164465355143460e-02,5.800185686943303054e+00,-3.160041140886586386e-01,1.422503219651065909e-01,9.380331794664118483e-01,-6.792336483183462725e+00,0.000000000000000000e+00,0.000000000000000000e+00,0.000000000000000000e+00,1.000000000000000056e-01
9.170369175169599263e-01,-1.988818747144102395e-01,3.456722317761060648e-01,3.582789134347765270e+01,2.362391115487155469e-01,9.692368718525222748e-01,-6.907219712888010288e-02,6.023967946255448958e+00,-3.213010645573181057e-01,1.450030556630409750e-01,9.358096706930929543e-01,-7.100840615381837750e+00,0.000000000000000000e+00,0.000000000000000000e+00,0.000000000000000000e+00,1.000000000000000056e-01
9.146414782280805067e-01,-2.016555797184778065e-01,3.503797846239941061e-01,3.676159129063861997e+01,2.412505232071112671e-01,9.677279418365292152e-01,-7.280670052357937627e-02,6.265882431291252885e+00,-3.243904304338321998e-01,1.511213345535293295e-01,9.337736293586970104e-01,-7.427357091358455676e+00,0.000000000000000000e+00,0.000000000000000000e+00,0.000000000000000000e+00,1.000000000000000056e-01
9.113260738393510474e-01,-2.062303008972261320e-01,3.563058379151164412e-01,3.769183715920296152e+01,2.461835695974897986e-01,9.666813104522451461e-01,-7.014908468802615038e-02,6.507721606079150511e+00,-3.299673274746934282e-01,1.516453329785310000e-01,9.317323949423670371e-01,-7.724437681518738330e+00,0.000000000000000000e+00,0.000000000000000000e+00,0.000000000000000000e+00,1.000000000000000056e-01
9.089443042937810358e-01,-2.101892460885266267e-01,3.600565685008831895e-01,3.861908283161917410e+01,2.504095061969328628e-01,9.657214815743431213e-01,-6.838932103818530506e-02,6.755523746759099168e+00,-3.333396629537245248e-01,1.523236713534456555e-01,9.304204255320842609e-01,-8.053477173937672262e+00,0.000000000000000000e+00,0.000000000000000000e+00,0.000000000000000000e+00,1.000000000000000056e-01
9.061333176033664616e-01,-2.150818613864459161e-01,3.642282301410179057e-01,3.954973391830480267e+01,2.577301516324059794e-01,9.635143456897081737e-01,-7.221685807116298705e-02,7.022373344515813187e+00,-3.354065885886168275e-01,1.593106981739617900e-01,9.285055313667609500e-01,-8.368689382218704509e+00,0.000000000000000000e+00,0.000000000000000000e+00,0.000000000000000000e+00,1.000000000000000056e-01
9.040169469426039273e-01,-2.213322004396778009e-01,3.657395476142873414e-01,4.046993346086046728e+01,2.644788825306572111e-01,9.617203526823927540e-01,-7.172784627875600227e-02,7.286048536906662321e+00,-3.358634846718351885e-01,1.615735754539842084e-01,9.279491900848384489e-01,-8.680180571574382498e+00,0.000000000000000000e+00,0.000000000000000000e+00,0.000000000000000000e+00,1.000000000000000056e-01
9.034697041231770642e-01,-2.229230143133664743e-01,3.661254203425672871e-01,4.141136101106222611e+01,2.670478340194124001e-01,9.608415393962749240e-01,-7.395262345675744642e-02,7.563011642549528624e+00,-3.353027707566988425e-01,1.645869553155388521e-01,9.276223294330734337e-01,-9.017489591749608735e+00,0.000000000000000000e+00,0.000000000000000000e+00,0.000000000000000000e+00,1.000000000000000056e-01
9.019462819812582577e-01,-2.265068893282289331e-01,3.676785736306019681e-01,4.237726482536722017e+01,2.714331796291488685e-01,9.595524834466198083e-01,-7.471988027181722392e-02,7.828070904123152651e+00,-3.358823207860079929e-01,1.671934825233147570e-01,9.269462799888305016e-01,-9.357644340827278029e+00,0.000000000000000000e+00,0.000000000000000000e+00,0.000000000000000000e+00,1.000000000000000056e-01
8.991453288775453911e-01,-2.290027765816099736e-01,3.729549649429593217e-01,4.332126647343101666e+01,2.767180168693453846e-01,9.576912012668667984e-01,-7.908667495806333270e-02,8.124630455963302467e+00,-3.390646202386611296e-01,1.743137726455913361e-01,9.244727643194652345e-01,-9.686495897791974841e+00,0.000000000000000000e+00,0.000000000000000000e+00,0.000000000000000000e+00,1.000000000000000056e-01
8.978859594705616010e-01,-2.271680541549709609e-01,3.770881580705938707e-01,4.423197825645896586e+01,2.762479123956408378e-01,9.576803127280765215e-01,-8.084249816837643654e-02,8.398561873951758017e+00,-3.427650721451637739e-01,1.767571604900287918e-01,9.226424071832071139e-01,-1.001749391951238977e+01,0.000000000000000000e+00,0.000000000000000000e+00,0.000000000000000000e+00,1.000000000000000056e-01
8.942613456813077732e-01,-2.406146051266136732e-01,3.773609113567810702e-01,4.503530394463693654e+01,2.913910226320337582e-01,9.530077252777449104e-01,-8.287066724961167363e-02,8.659161986523333354e+00,-3.396879708640183626e-01,1.840676162737542865e-01,9.223509066996051775e-01,-1.030686171911018079e+01,0.000000000000000000e+00,0.000000000000000000e+00,0.000000000000000000e+00,1.000000000000000056e-01
8.946823183170377058e-01,-2.427256462882314558e-01,3.750037465476995235e-01,4.588496740216481129e+01,2.945351178551608440e-01,9.516994611358616796e-01,-8.670178789250571061e-02,8.927349303137157577e+00,-3.358461160128213274e-01,1.880223292794526158e-01,9.229599070660825522e-01,-1.062375547460705683e+01,0.000000000000000000e+00,0.000000000000000000e+00,0.000000000000000000e+00,1.000000000000000056e-01
8.939968458216872582e-01,-2.435144519760693016e-01,3.761254462804518583e-01,4.671743645625643637e+01,2.965753961623860957e-01,9.508225877680820393e-01,-8.932771675763162555e-02,9.204047184272369009e+00,-3.358759801652957400e-01,1.914082502631549998e-01,9.222527894667488235e-01,-1.093175718879586711e+01,0.000000000000000000e+00,0.000000000000000000e+00,0.000000000000000000e+00,1.000000000000000056e-01
8.911073111956162585e-01,-2.463208332580624771e-01,3.811217745508290178e-01,4.754992041825880733e+01,3.010603925719222418e-01,9.493135239931945746e-01,-9.036854092029221464e-02,9.507175485305069174e+00,-3.395444005695856249e-01,1.952687385801328279e-01,9.200976686065259758e-01,-1.124054206902500930e+01,0.000000000000000000e+00,0.000000000000000000e+00,0.000000000000000000e+00,1.000000000000000056e-01
8.901411125325796592e-01,-2.437044087796229053e-01,3.850415054518615543e-01,4.842801803003553829e+01,3.013962796781513576e-01,9.486173281282468395e-01,-9.636102620352160475e-02,9.817462239835242244e+00,-3.417734371998957243e-01,2.018249883344494511e-01,9.178548859751024525e-01,-1.155949731886163079e+01,0.000000000000000000e+00,0.000000000000000000e+00,0.000000000000000000e+00,1.000000000000000056e-01
8.872066353435448249e-01,-2.444407692906905571e-01,3.912966860464854313e-01,4.924081424757412861e+01,3.054124486626077495e-01,9.468501614073008277e-01,-1.009851872547570112e-01,1.009124182873953224e+01,-3.458144334817394028e-01,2.091016072428515393e-01,9.147069997787050655e-01,-1.186993584297177051e+01,0.000000000000000000e+00,0.000000000000000000e+00,0.000000000000000000e+00,1.000000000000000056e-01
8.859441745104299493e-01,-2.482005609693811732e-01,3.917899962805551084e-01,5.008759062014635788e+01,3.112650372517941078e-01,9.444437851873647150e-01,-1.055462609740493440e-01,1.040906283006779809e+01,-3.438269859037712539e-01,2.154586228384637869e-01,9.139806264953762582e-01,-1.218149882895944103e+01,0.000000000000000000e+00,0.000000000000000000e+00,0.000000000000000000e+00,1.000000000000000056e-01
8.854414319910943743e-01,-2.494570864239587515e-01,3.921283368317442508e-01,5.099229317910114645e+01,3.137698364473924806e-01,9.432886465998436831e-01,-1.084205650769809182e-01,1.072749477335694301e+01,-3.428439298709207717e-01,2.190381045131300219e-01,9.134989592341954401e-01,-1.248804116637699657e+01,0.000000000000000000e+00,0.000000000000000000e+00,0.000000000000000000e+00,1.000000000000000056e-01
8.827389090680631822e-01,-2.546560356465411568e-01,3.948700063642631708e-01,5.185608993988075355e+01,3.210138214723791128e-01,9.405392274461242819e-01,-1.110679434344007260e-01,1.105785140235195030e+01,-3.431066085650714692e-01,2.248027249475310074e-01,9.119986787354132929e-01,-1.281363068381766901e+01,0.000000000000000000e+00,0.000000000000000000e+00,0.000000000000000000e+00,1.000000000000000056e-01
8.805564158859531254e-01,-2.567058371779148418e-01,3.983999392581157872e-01,5.269100858339440663e+01,3.248280496001285655e-01,9.390100802200735952e-01,-1.129017601194388792e-01,1.136845113974710664e+01,-3.451190180721150913e-01,2.288278444680121870e-01,9.102366071308395368e-01,-1.312324827531396920e+01,0.000000000000000000e+00,0.000000000000000000e+00,0.000000000000000000e+00,1.000000000000000056e-01
8.770232101516057810e-01,-2.589812238442064651e-01,4.046714896697435893e-01,5.353459694865034635e+01,3.292281212078156938e-01,9.373910659872546347e-01,-1.136082462378947278e-01,1.166502021941969858e+01,-3.499130364266873072e-01,2.328663030655901967e-01,9.073776236139066143e-01,-1.342809307698324162e+01,0.000000000000000000e+00,0.000000000000000000e+00,0.000000000000000000e+00,1.000000000000000056e-01
8.758792636138257315e-01,-2.646041461453377819e-01,4.035098033678972129e-01,5.436183421628230406e+01,3.330364239955311279e-01,9.366266576311308434e-01,-1.087071502110387305e-01,1.201182536452127536e+01,-3.491736757883835418e-01,2.295978006371865443e-01,9.084946857736678760e-01,-1.373903148263522489e+01,0.000000000000000000e+00,0.000000000000000000e+00,0.000000000000000000e+00,1.000000000000000056e-01
8.758559596951808190e-01,-2.689986670872018815e-01,4.006445494097510829e-01,5.517847543536355914e+01,3.385424981692867208e-01,9.341548150903495884e-01,-1.128882561509976512e-01,1.231907799435288631e+01,-3.438972445364054109e-01,2.345090585645328296e-01,9.092525428347419947e-01,-1.404652335308936095e+01,0.000000000000000000e+00,0.000000000000000000e+00,0.000000000000000000e+00,1.000000000000000056e-01
8.759478566736869087e-01,-2.749685723308137875e-01,3.963680570115712398e-01,5.599099854975047208e+01,3.436019657173413067e-01,9.323465468761673591e-01,-1.125504583876306697e-01,1.264824264599527481e+01,-3.386045503887287755e-01,2.347811763290251208e-01,9.111667013766504564e-01,-1.433589920081294622e+01,0.000000000000000000e+00,0.000000000000000000e+00,0.000000000000000000e+00,1.000000000000000056e-01
8.768679622791741846e-01,-2.770957669007355628e-01,3.928364961330120253e-01,5.682622337360703568e+01,3.473312567292705655e-01,9.301353490415064096e-01,-1.192024771651186699e-01,1.298369982740976347e+01,-3.323606096203855498e-01,2.409692271414097253e-01,9.118499091098476450e-01,-1.465473471544467543e+01,0.000000000000000000e+00,0.000000000000000000e+00,0.000000000000000000e+00,1.000000000000000056e-01
8.768765532598293833e-01,-2.811286585581920794e-01,3.899412618336678404e-01,5.765171094322675316e+01,3.506415076528666686e-01,9.289471471797212665e-01,-1.187759691923488542e-01,1.331395946320814794e+01,-3.288434938600522939e-01,2.408814544209010866e-01,9.131473492607778963e-01,-1.496489043702095323e+01,0.000000000000000000e+00,0.000000000000000000e+00,0.000000000000000000e+00,1.000000000000000056e-01
8.737755202713447522e-01,-2.852317495065471165e-01,3.939025123656550997e-01,5.851232493427954040e+01,3.560796285548614715e-01,9.268859282627133211e-01,-1.187003543246614862e-01,1.366257210203022332e+01,-3.312455860879849334e-01,2.439781241464132888e-01,9.114554496162852182e-01,-1.525426189862042925e+01,0.000000000000000000e+00,0.000000000000000000e+00,0.000000000000000000e+00,1.000000000000000056e-01
8.728191270485909925e-01,-2.886405003318386342e-01,3.935396206563215316e-01,5.932796929141633058e+01,3.608394400393956092e-01,9.245935965056548689e-01,-1.221539185322917248e-01,1.400409415793222045e+01,-3.286056450674440521e-01,2.486228928898627233e-01,9.111558522892144740e-01,-1.553509015752696243e+01,0.000000000000000000e+00,0.000000000000000000e+00,0.000000000000000000e+00,1.000000000000000056e-01
8.721608477617454058e-01,-2.934890339594266595e-01,3.914072592288958541e-01,6.006264803721794721e+01,3.661018562272549404e-01,9.222428548917649405e-01,-1.242479274195159994e-01,1.430944995223611471e+01,-3.245071439868033591e-01,2.516591018553659964e-01,9.117909902795040544e-01,-1.580510717015783229e+01,0.000000000000000000e+00,0.000000000000000000e+00,0.000000000000000000e+00,1.000000000000000056e-01
8.704991427190535980e-01,-2.999793739676037685e-01,3.901840818375313380e-01,6.078932902336892141e+01,3.729701316676312661e-01,9.193454875565639783e-01,-1.252882891303634394e-01,1.461854576837297692e+01,-3.211300724149369068e-01,2.545903566582761735e-01,9.121728053868900510e-01,-1.606758427160526992e+01,0.000000000000000000e+00,0.000000000000000000e+00,0.000000000000000000e+00,1.000000000000000056e-01
8.708428464751758469e-01,-3.016102007896596104e-01,3.881546386720563513e-01,6.149599641515665382e+01,3.754738664906680512e-01,9.177769785618082876e-01,-1.292470239676953292e-01,1.492709314342753224e+01,-3.172571706448277240e-01,2.582957692289582496e-01,9.124862647036717789e-01,-1.632345092821107357e+01,0.000000000000000000e+00,0.000000000000000000e+00,0.000000000000000000e+00,1.000000000000000056e-01
8.708085326771016765e-01,-3.067456507530054166e-01,3.841869403830229235e-01,6.220940915490327683e+01,3.813051821094536331e-01,9.146916229736652415e-01,-1.339611621264860664e-01,1.523563700941141441e+01,-3.103205721721161714e-01,2.631469942939070328e-01,9.134849762753917135e-01,-1.657701933794519888e+01,0.000000000000000000e+00,0.000000000000000000e+00,0.000000000000000000e+00,1.000000000000000056e-01
8.691499110723012178e-01,-3.101168633448034839e-01,3.852349453933164303e-01,6.288093624748326960e+01,3.857117801812964819e-01,9.126041959457465991e-01,-1.355728740257156062e-01,1.553692505185947326e+01,-3.095235931433760190e-01,2.664228079789676129e-01,9.128055831754186000e-01,-1.680790363971897605e+01,0.000000000000000000e+00,0.000000000000000000e+00,0.000000000000000000e+00,1.000000000000000056e-01
8.674612523600571112e-01,-3.155789689606653403e-01,3.846048491681363091e-01,6.356129343642071916e+01,3.917592132409433714e-01,9.097983406418561625e-01,-1.370828151380109050e-01,1.585466224319309170e+01,-3.066524001125028320e-01,2.695865236154219025e-01,9.128457765637046917e-01,-1.703537801637207139e+01,0.000000000000000000e+00,0.000000000000000000e+00,0.000000000000000000e+00,1.000000000000000056e-01
8.637389861629372056e-01,-3.217311733452718481e-01,3.878711330842965488e-01,6.422468247844275879e+01,4.001671870021543120e-01,9.057079840571657936e-01,-1.398544602859972952e-01,1.614932114003058672e+01,-3.063024424143632185e-01,2.760110499834732001e-01,9.110415545176939744e-01,-1.725792922132210450e+01,0.000000000000000000e+00,0.000000000000000000e+00,0.000000000000000000e+00,1.000000000000000056e-01
8.634287536365559124e-01,-3.248388386415413942e-01,3.859669886190246757e-01,6.484037744995181640e+01,4.033724616147442710e-01,9.040264976262744057e-01,-1.415158959284547602e-01,1.644064257970569898e+01,-3.029545256379004847e-01,2.778773479425521997e-01,9.115935140707882578e-01,-1.745554466919934455e+01,0.000000000000000000e+00,0.000000000000000000e+00,0.000000000000000000e+00,1.000000000000000056e-01
8.641273730783523011e-01,-3.311976414797094814e-01,3.789353577788486804e-01,6.542582879557431852e+01,4.077336157997269450e-01,9.020939970560615251e-01,-1.413496339659183199e-01,1.672272393417235392e+01,-2.950206461310579398e-01,2.766487714660887942e-01,9.145645278506688847e-01,-1.764003211250622982e+01,0.000000000000000000e+00,0.000000000000000000e+00,0.000000000000000000e+00,1.000000000000000056e-01
8.663200410400888618e-01,-3.316948981571425925e-01,3.734542556041122174e-01,6.601320648672944458e+01,4.084128593363067772e-01,9.008315886325439781e-01,-1.473139003981267514e-01,1.698922837866269120e+01,-2.875561211677484796e-01,2.801445046012681628e-01,9.158769206179775413e-01,-1.783051332084622942e+01,0.000000000000000000e+00,0.000000000000000000e+00,0.000000000000000000e+00,1.000000000000000056e-01
8.677329226921945970e-01,-3.328019936230143250e-01,3.691644727172549434e-01,6.665319666574836788e+01,4.094544703488515180e-01,8.996858364217119597e-01,-1.513685319130297913e-01,1.729603731408473877e+01,-2.817562982213586142e-01,2.825035022485767322e-01,9.169542843729371340e-01,-1.803047933176555162e+01,0.000000000000000000e+00,0.000000000000000000e+00,0.000000000000000000e+00,1.000000000000000056e-01
8.679401076668959991e-01,-3.369469371865022045e-01,3.648927664723055075e-01,6.725890877872879514e+01,4.128987159292098474e-01,8.978225611592188793e-01,-1.530663224145351609e-01,1.758383489292807766e+01,-2.760337296186587963e-01,2.835161550849193968e-01,9.183811680988875903e-01,-1.822338353993956162e+01,0.000000000000000000e+00,0.000000000000000000e+00,0.000000000000000000e+00,1.000000000000000056e-01
8.664252279714730332e-01,-3.401684325490660354e-01,3.655034361421141131e-01,6.785057800196062772e+01,4.166175491171784095e-01,8.959939127180989171e-01,-1.537033706192130755e-01,1.787281858485473407e+01,-2.752038191998367189e-01,2.854476236881701712e-01,9.180318687434551039e-01,-1.839894417078793509e+01,0.000000000000000000e+00,0.000000000000000000e+00,0.000000000000000000e+00,1.000000000000000056e-01
8.646671768826513782e-01,-3.473690979783785604e-01,3.628848067796079935e-01,6.839488925159261612e+01,4.243067983286734624e-01,8.917305541722712059e-01,-1.574177869482499270e-01,1.811940116538445267e+01,-2.689133951923112775e-01,2.900884839584326746e-01,9.184412106176649271e-01,-1.856977416516394541e+01,0.000000000000000000e+00,0.000000000000000000e+00,0.000000000000000000e+00,1.000000000000000056e-01
8.638435644455932927e-01,-3.541293952143982904e-01,3.582829435111538618e-01,6.889572612495879866e+01,4.310857243811612727e-01,8.876453948972110597e-01,-1.620208355506900233e-01,1.835164300838495777e+01,-2.606518643721960071e-01,2.944113183334817752e-01,9.194468887523844502e-01,-1.870198608998587986e+01,0.000000000000000000e+00,0.000000000000000000e+00,0.000000000000000000e+00,1.000000000000000056e-01
8.651458900779026573e-01,-3.538544778638730848e-01,3.554006153300798831e-01,6.943687717998979281e+01,4.327352791768300233e-01,8.848913230679740227e-01,-1.723587088451336014e-01,1.859979588945175877e+01,-2.535010197949204014e-01,3.029098130709804160e-01,9.186854075842497691e-01,-1.885712112048898348e+01,0.000000000000000000e+00,0.000000000000000000e+00,0.000000000000000000e+00,1.000000000000000056e-01
8.674267950872041055e-01,-3.524678265536206889e-01,3.511939441523849736e-01,6.997911220502714968e+01,4.322518624196048376e-01,8.833934249640333913e-01,-1.810369690563163325e-01,1.884881937990848044e+01,-2.464327141422679446e-01,3.088405542911769053e-01,9.186340018884527892e-01,-1.900203571235122979e+01,0.000000000000000000e+00,0.000000000000000000e+00,0.000000000000000000e+00,1.000000000000000056e-01
8.691992208549206289e-01,-3.543264426771776110e-01,3.448847437694740892e-01,7.048636914854311897e+01,4.325344488129710951e-01,8.828295132202325091e-01,-1.831010682038382020e-01,1.909918304037006109e+01,-2.395968803120321899e-01,3.083258383708120665e-01,9.206131176219887191e-01,-1.913558524618094481e+01,0.000000000000000000e+00,0.000000000000000000e+00,0.000000000000000000e+00,1.000000000000000056e-01
8.711599324862696614e-01,-3.532565585884344661e-01,3.410134540524377700e-01,7.098379043284340639e+01,4.293338042929976672e-01,8.850310164458496942e-01,-1.799793999882433049e-01,1.936884771448684006e+01,-2.382285804050809641e-01,3.031994454861058341e-01,9.226685427254458505e-01,-1.926999902336041259e+01,0.000000000000000000e+00,0.000000000000000000e+00,0.000000000000000000e+00,1.000000000000000056e-01
8.716723562885512200e-01,-3.506624039265483495e-01,3.423787110128480027e-01,7.147522924755425322e+01,4.284908403325273785e-01,8.843758594683929219e-01,-1.851349209108477389e-01,1.958818342895439812e+01,-2.378716103983187224e-01,3.080831343355160401e-01,9.211416173990375489e-01,-1.940495002646981959e+01,0.000000000000000000e+00,0.000000000000000000e+00,0.000000000000000000e+00,1.000000000000000056e-01
8.730972045305188667e-01,-3.480154133343827949e-01,3.414477171144830736e-01,7.200119384838814085e+01,4.267265355856061371e-01,8.842095854032600011e-01,-1.899417618853249667e-01,1.982155619213572351e+01,-2.358086836147044174e-01,3.115424227335561458e-01,9.205083288972493172e-01,-1.953194255381626121e+01,0.000000000000000000e+00,0.000000000000000000e+00,0.000000000000000000e+00,1.000000000000000056e-01
8.744869805093670179e-01,-3.441282239615999772e-01,3.418307861978568951e-01,7.249997383762202219e+01,4.235028060032241526e-01,8.852699735552231886e-01,-1.922041810911767068e-01,2.003045936014139983e+01,-2.364696475808375775e-01,3.128463510967792183e-01,9.198963345825578175e-01,-1.966228002355286719e+01,0.000000000000000000e+00,0.000000000000000000e+00,0.000000000000000000e+00,1.000000000000000056e-01
8.787641024390424604e-01,-3.389769830288583696e-01,3.359587135961161763e-01,7.295324388704466401e+01,4.169654132670778113e-01,8.877812909903992633e-01,-1.948954168430725165e-01,2.025340992633746851e+01,-2.321928000682173809e-01,3.113502599068661003e-01,9.214920071560077641e-01,-1.976661791354567299e+01,0.000000000000000000e+00,0.000000000000000000e+00,0.000000000000000000e+00,1.000000000000000056e-01
8.841871756942051297e-01,-3.318776658908390020e-01,3.287404039979776593e-01,7.340710141348162665e+01,4.077342485981010345e-01,8.917251248117163964e-01,-1.964155907754543962e-01,2.048119301523844626e+01,-2.279601299746226717e-01,3.077068680780093435e-01,9.237698103313268794e-01,-1.988014169723442137e+01,0.000000000000000000e+00,0.000000000000000000e+00,0.000000000000000000e+00,1.000000000000000056e-01
8.921674071959785346e-01,-3.166162966313892935e-01,3.221667863772259555e-01,7.386101145144316149e+01,3.899691203943956297e-01,8.998083717765774647e-01,-1.956245874618167679e-01,2.066752037639991713e+01,-2.279504390783804180e-01,3.001649792834079622e-01,9.262502807210181155e-01,-1.999869942227243769e+01,0.000000000000000000e+00,0.000000000000000000e+00,0.000000000000000000e+00,1.000000000000000056e-01
8.973764637303576208e-01,-3.039304947287330694e-01,3.199089506668197913e-01,7.433284224695968589e+01,3.776867397278404481e-01,9.039271081025492816e-01,-2.006701519188063276e-01,2.084455361655863470e+01,-2.281845940824066554e-01,3.009020398922377382e-01,9.259534293970390628e-01,-2.010301101310513872e+01,0.000000000000000000e+00,0.000000000000000000e+00,0.000000000000000000e+00,1.000000000000000056e-01
9.043553368208316900e-01,-2.835054143004428484e-01,3.190080011943500771e-01,7.479786776887108601e+01,3.585157639762061033e-01,9.101764784688934906e-01,-2.074734320883550309e-01,2.102162997313857673e+01,-2.315337378099301957e-01,3.019991028203531380e-01,9.247641159514485842e-01,-2.022321049005662275e+01,0.000000000000000000e+00,0.000000000000000000e+00,0.000000000000000000e+00,1.000000000000000056e-01
9.117590470771597122e-01,-2.606455299980032780e-01,3.174261296191757120e-01,7.524486377321943564e+01,3.360870458921740855e-01,9.177040993353612341e-01,-2.118128505226846148e-01,2.121681117757689350e+01,-2.360951877028022727e-01,2.998050929439548540e-01,9.243246013108410430e-01,-2.032040023242150895e+01,0.000000000000000000e+00,0.000000000000000000e+00,0.000000000000000000e+00,1.000000000000000056e-01
9.204066455456653140e-01,-2.338698289727247082e-01,3.132993934428287552e-01,7.567622589105344844e+01,3.096048353171775291e-01,9.253482904084185945e-01,-2.188044501065743719e-01,2.132060488299505607e+01,-2.387392987834204838e-01,2.983880770648946190e-01,9.241039458209856505e-01,-2.044823797179821057e+01,0.000000000000000000e+00,0.000000000000000000e+00,0.000000000000000000e+00,1.000000000000000056e-01
