1.000000000000000000e+00,-2.285630744750741122e-09,-1.096421621767445090e-09,1.389839712369971595e-14,2.285630744481219209e-09,1.000000000000000000e+00,-2.458194451903375614e-10,5.224693939186952011e-15,1.096421622329297595e-09,2.458194426843225513e-10,1.000000000000000000e+00,2.338231666199766944e-15,0.000000000000000000e+00,0.000000000000000000e+00,0.000000000000000000e+00,1.000000000000000056e-01
9.999474919256791106e-01,-1.020533501671253354e-02,-9.298003767122807765e-04,6.570078030438243344e-01,1.020212878637082390e-02,9.999422100698616145e-01,-3.390145841569809290e-03,1.747643581980331401e-02,9.643442176822026755e-04,3.380481888351166350e-03,9.999938211721272063e-01,1.045227769247853919e-02,0.000000000000000000e+00,0.000000000000000000e+00,0.000000000000000000e+00,1.000000000000000056e-01
9.998027702134937300e-01,-1.944257731132664757e-02,-4.050538349033188865e-03,1.340976120464385968e+00,1.942736240949440030e-02,9.998041919848785763e-01,-3.762350232806934997e-03,1.567734954860408939e-02,4.122895006432527806e-03,3.682916908813534031e-03,9.999847188131469888e-01,1.726431423380462085e-02,0.000000000000000000e+00,0.000000000000000000e+00,0.000000000000000000e+00,1.000000000000000056e-01
9.996448355198959135e-01,-2.571075875747954112e-02,-7.011398042827880414e-03,2.083261883200924203e+00,2.568907792484373051e-02,9.996649710129491551e-01,-3.164965252716472367e-03,2.804120017794416164e-02,7.090422679332179789e-03,2.983724818793641494e-03,9.999704112084687457e-01,1.773564346997662244e-02,0.000000000000000000e+00,0.000000000000000000e+00,0.000000000000000000e+00,1.000000000000000056e-01
9.993434813717879672e-01,-3.524960971466350318e-02,-8.370857463766031431e-03,2.825116549016057022e+00,3.523416596551375707e-02,9.993771119737770992e-01,-1.985349255708470425e-03,6.368286620190881375e-02,8.435626143293652873e-03,1.689105655786599276e-03,9.999629928820636948e-01,3.419054659264409574e-02,0.000000000000000000e+00,0.000000000000000000e+00,0.000000000000000000e+00,1.000000000000000056e-01
9.991122419510808372e-01,-4.114364419880503498e-02,-9.051437760214157968e-03,3.530248230335952808e+00,4.110715125734125397e-02,9.991459936345399306e-01,-4.181569030169215648e-03,9.570265705451533322e-02,9.215752763120393931e-03,3.805777987500038109e-03,9.999502917420040049e-01,4.522223554275373036e-02,0.000000000000000000e+00,0.000000000000000000e+00,0.000000000000000000e+00,1.000000000000000056e-01
9.988417343269236914e-01,-4.643436042082844939e-02,-1.261110380148038751e-02,4.256108204645422610e+00,4.638631205025141313e-02,9.989152585438099141e-01,-4.076309940392358784e-03,1.399264398346119487e-01,1.278670485933778786e-02,3.486605894282002009e-03,9.999121680218608921e-01,6.768082906782769970e-02,0.000000000000000000e+00,0.000000000000000000e+00,0.000000000000000000e+00,1.000000000000000056e-01
9.982602764751598023e-01,-5.696393777833485411e-02,-1.521611660455945807e-02,5.034504693425705391e+00,5.691878507029795448e-02,9.983730749450810960e-01,-3.384542927015029342e-03,1.739414664730797588e-01,1.538415801591951938e-02,2.512571887444558279e-03,9.998784999511949323e-01,8.466734078518002582e-02,0.000000000000000000e+00,0.000000000000000000e+00,0.000000000000000000e+00,1.000000000000000056e-01
9.977586847809820636e-01,-6.491730258145801680e-02,-1.622808582896363011e-02,5.807444008145197678e+00,6.486329638904948791e-02,9.978867977191515637e-01,-3.832977871504855694e-03,2.496729084191376402e-01,1.644261918524857202e-02,2.771779818916291806e-03,9.998609690906853364e-01,9.647610064183419210e-02,0.000000000000000000e+00,0.000000000000000000e+00,0.000000000000000000e+00,1.000000000000000056e-01
9.974328645051955267e-01,-7.019598447606832659e-02,-1.414936636022101624e-02,6.601484419695304418e+00,7.015360137157881926e-02,9.975301641305971412e-01,-3.470427089219380902e-03,3.190621360745797830e-01,1.435802979373539123e-02,2.468889025361143026e-03,9.998938701519389793e-01,1.258514714032994697e-01,0.000000000000000000e+00,0.000000000000000000e+00,0.000000000000000000e+00,1.000000000000000056e-01
9.970384324583014823e-01,-7.540886897931771415e-02,-1.509525357034886481e-02,7.398777166069971045e+00,7.533994831289432537e-02,9.971449454468812590e-01,-5.084285391928081155e-03,3.804458577033433819e-01,1.543555600888572160e-02,3.931952313578498948e-03,9.998731336333126496e-01,1.450496955816661104e-01,0.000000000000000000e+00,0.000000000000000000e+00,0.000000000000000000e+00,1.000000000000000056e-01
9.967086787759419364e-01,-7.954341263233209725e-02,-1.564145643854215548e-02,8.213717979255491741e+00,7.948253803925030281e-02,9.968262059838857159e-01,-4.476741070354702326e-03,4.577564634439756364e-01,1.594790893990153183e-02,3.218784021089528269e-03,9.998676430557547068e-01,1.695064226547665920e-01,0.000000000000000000e+00,0.000000000000000000e+00,0.000000000000000000e+00,1.000000000000000056e-01
9.960010811762832761e-01,-8.759448445173909081e-02,-1.757989161823348551e-02,9.057750943702542301e+00,8.752173258135373390e-02,9.961507188848837124e-01,-4.867400855422199246e-03,5.261767455209008792e-01,1.793857914197229120e-02,3.309313941498663245e-03,9.998336140676626904e-01,1.952596663829749557e-01,0.000000000000000000e+00,0.000000000000000000e+00,0.000000000000000000e+00,1.000000000000000056e-01
9.958947313307520144e-01,-8.833016550837248515e-02,-1.978549895536741918e-02,9.808653120074575682e+00,8.820350736561809180e-02,9.960765475463609908e-01,-7.186982435310442820e-03,6.081343836866413000e-01,2.034269883896125050e-02,5.412327538650147686e-03,9.997784161075701226e-01,2.287451016395031789e-01,0.000000000000000000e+00,0.000000000000000000e+00,0.000000000000000000e+00,1.000000000000000056e-01
9.957543765914150802e-01,-9.018132641860072962e-02,-1.845399318370136502e-02,1.056735306979925326e+01,9.012218026043693209e-02,9.959226290540933446e-01,-4.013672020487869460e-03,6.901487791343803302e-01,1.874070767467500218e-02,2.333517380376895142e-03,9.998216543826643488e-01,2.491161787948767692e-01,0.000000000000000000e+00,0.000000000000000000e+00,0.000000000000000000e+00,1.000000000000000056e-01
9.952072220590053586e-01,-9.583545599780388113e-02,-1.944609305980643868e-02,1.135716962191145996e+01,9.566975533086499728e-02,9.953698550015288582e-01,-9.281684608290178759e-03,8.065154638245630725e-01,2.024556930614905895e-02,7.376796589871381475e-03,9.997678229446782527e-01,2.654610362216863195e-01,0.000000000000000000e+00,0.000000000000000000e+00,0.000000000000000000e+00,1.000000000000000056e-01
9.947450636126045076e-01,-1.002408710819669146e-01,-2.083329506064296802e-02,1.219512722318077280e+01,1.000786484031197243e-01,9.949415689977106902e-01,-8.691283804964122436e-03,9.073492916048563339e-01,2.159913313445856534e-02,6.560643649991697302e-03,9.997451852360869085e-01,2.964954461909032890e-01,0.000000000000000000e+00,0.000000000000000000e+00,0.000000000000000000e+00,1.000000000000000056e-01
9.942469060242802303e-01,-1.040476220602398194e-01,-2.543977603587698616e-02,1.307078991476381802e+01,1.039333128459168087e-01,9.945674809205171663e-01,-5.778613699627991977e-03,1.015808785707161155e+00,2.590282498143533368e-02,3.101328590497790839e-03,9.996596547920471032e-01,3.379812198898966558e-01,0.000000000000000000e+00,0.000000000000000000e+00,0.000000000000000000e+00,1.000000000000000056e-01
9.942391661383107593e-01,-1.032599168602276601e-01,-2.873795550513960628e-02,1.397162131190983914e+01,1.032869539210130722e-01,9.946514500201690812e-01,-5.460059464074615287e-04,1.126863067353673031e+00,2.864062964243343362e-02,-2.425395389180763465e-03,9.995868305409445487e-01,3.714232174005169251e-01,0.000000000000000000e+00,0.000000000000000000e+00,0.000000000000000000e+00,1.000000000000000056e-01
9.919067794692474349e-01,-1.233331483917488036e-01,-3.016414014561934892e-02,1.486105607727047939e+01,1.232394031407254842e-01,9.923646010871494116e-01,-4.954596114765597546e-03,1.339295292331418086e+00,3.054489084058798626e-02,1.197086847968665537e-03,9.995326791189045323e-01,3.921349865357409703e-01,0.000000000000000000e+00,0.000000000000000000e+00,0.000000000000000000e+00,1.000000000000000056e-01
9.913026610396258320e-01,-1.285471909834737525e-01,-2.818960634728545633e-02,1.579858463697147108e+01,1.284369686180647785e-01,9.917013278286967992e-01,-5.693985862449190555e-03,1.482968822399347797e+00,2.868761593368870239e-02,2.023875751585989258e-03,9.995863767674023626e-01,4.313644422652784249e-01,0.000000000000000000e+00,0.000000000000000000e+00,0.000000000000000000e+00,1.000000000000000056e-01
9.908031565714265909e-01,-1.323830924223808048e-01,-2.799681711881934695e-02,1.670409836878262411e+01,1.322572568548991689e-01,9.911953538818510934e-01,-6.307808831053843615e-03,1.611014782135804735e+00,2.858536229111771979e-02,2.547014668053940514e-03,9.995881100628229987e-01,4.655961157752412372e-01,0.000000000000000000e+00,0.000000000000000000e+00,0.000000000000000000e+00,1.000000000000000056e-01
9.901741958259505649e-01,-1.368681064434894290e-01,-2.867373988522952527e-02,1.755525808505321095e+01,1.367187541244841154e-01,9.905843502547508894e-01,-7.115286432875162978e-03,1.760885769400229783e+00,2.937761377445449740e-02,3.125135028545352953e-03,9.995634994036008969e-01,5.102974892255343065e-01,0.000000000000000000e+00,0.000000000000000000e+00,0.000000000000000000e+00,1.000000000000000056e-01
9.899414739347996983e-01,-1.381625096220882032e-01,-3.044666022280025780e-02,1.844505893311960776e+01,1.379711500551814574e-01,9.904013952509350682e-01,-8.308913132997445758e-03,1.878621350104098697e+00,3.130239505607937400e-02,4.024576987396607380e-03,9.995018573488624325e-01,5.294992431663854138e-01,0.000000000000000000e+00,0.000000000000000000e+00,0.000000000000000000e+00,1.000000000000000056e-01
9.895337177501929427e-01,-1.411811582253978681e-01,-2.984798146636969199e-02,1.935261132149693353e+01,1.409443609968343003e-01,9.899679737873248175e-01,-9.904442367574770381e-03,2.006535507854138700e+00,3.094686637893453648e-02,5.593875003405957697e-03,9.995053776862686812e-01,5.762211023908421215e-01,0.000000000000000000e+00,0.000000000000000000e+00,0.000000000000000000e+00,1.000000000000000056e-01
9.874597048550393108e-01,-1.552909232651351057e-01,-2.842640390658791524e-02,2.026016834151474555e+01,1.550573610174826866e-01,9.878522139631815691e-01,-1.025759047411353535e-02,2.177455660415798189e+00,2.967399672933524954e-02,5.721234089119434443e-03,9.995432563919407487e-01,6.054750629745767609e-01,0.000000000000000000e+00,0.000000000000000000e+00,0.000000000000000000e+00,1.000000000000000056e-01
9.874396364637251233e-01,-1.556497029317603087e-01,-2.713179532653641618e-02,2.116353654409717677e+01,1.554144148296163486e-01,9.877926158744556595e-01,-1.058809175762711816e-02,2.321169236489788457e+00,2.844862041565861949e-02,6.238429382045308780e-03,9.995757890201677487e-01,6.369611717436698406e-01,0.000000000000000000e+00,0.000000000000000000e+00,0.000000000000000000e+00,1.000000000000000056e-01
9.873042461424860194e-01,-1.570761117433362442e-01,-2.360975791092028223e-02,2.210291254464148025e+01,1.568786035209220886e-01,9.875671781344753652e-01,-1.000861772847181676e-02,2.493279162106110558e+00,2.488833675323942271e-02,6.177684930804972288e-03,9.996711493799114168e-01,6.697259776233044359e-01,0.000000000000000000e+00,0.000000000000000000e+00,0.000000000000000000e+00,1.000000000000000056e-01
9.871112673159229134e-01,-1.583549522108546881e-01,-2.313125695353617992e-02,2.305262247961154998e+01,1.581689832765273140e-01,9.873646962219247980e-01,-9.671059086561736157e-03,2.657177332112360624e+00,2.437044659464037213e-02,5.887763996974207902e-03,9.996856583786194461e-01,7.075321561896985578e-01,0.000000000000000000e+00,0.000000000000000000e+00,0.000000000000000000e+00,1.000000000000000056e-01
9.872794048413007229e-01,-1.573468681362979460e-01,-2.283286806131472682e-02,2.398033971666483666e+01,1.571212367287293521e-01,9.875138479107168354e-01,-1.137177002072029854e-02,2.803627619110808489e+00,2.433708579599319979e-02,7.639585870191209840e-03,9.996746185548027741e-01,7.428451390547937683e-01,0.000000000000000000e+00,0.000000000000000000e+00,0.000000000000000000e+00,1.000000000000000056e-01
9.872081209776722988e-01,-1.573733011089754608e-01,-2.556892594141069175e-02,2.491933118476125486e+01,1.571033915400332770e-01,9.875061180082178591e-01,-1.225525450403893747e-02,2.964911902434897772e+00,2.717812065527333565e-02,8.081521787603877446e-03,9.995979385549191853e-01,7.779192318258603134e-01,0.000000000000000000e+00,0.000000000000000000e+00,0.000000000000000000e+00,1.000000000000000056e-01
9.875793962162576767e-01,-1.544289250534008340e-01,-2.895933832087769708e-02,2.585987441591281666e+01,1.541077044676661956e-01,9.879681670976591112e-01,-1.302751800606450142e-02,3.119566470682715753e+00,3.062273000302890777e-02,8.402851215092627113e-03,9.994956930865778189e-01,8.102968869325918311e-01,0.000000000000000000e+00,0.000000000000000000e+00,0.000000000000000000e+00,1.000000000000000056e-01
9.872406435979359518e-01,-1.552917643917310353e-01,-3.521902242306321901e-02,2.681421370625319156e+01,1.549484382418925277e-01,9.878460673986519947e-01,-1.229343773792458683e-02,3.276955461019052773e+00,3.670004243501014812e-02,6.679448863559984961e-03,9.993040037186619040e-01,8.596822516711111195e-01,0.000000000000000000e+00,0.000000000000000000e+00,0.000000000000000000e+00,1.000000000000000056e-01
9.868955396081793285e-01,-1.580407341258995013e-01,-3.256255915046302185e-02,2.775947887358700328e+01,1.575811665035617148e-01,9.873724420490583853e-01,-1.624304914280567946e-02,3.404064566878858500e+00,3.471843695873165492e-02,1.089894669340019627e-02,9.993377022288897349e-01,9.140271815357674523e-01,0.000000000000000000e+00,0.000000000000000000e+00,0.000000000000000000e+00,1.000000000000000056e-01
9.868623899129335131e-01,-1.592043014742926255e-01,-2.750661315785295907e-02,2.874752475820088904e+01,1.588407281944522464e-01,9.871910794698609548e-01,-1.494642705755740500e-02,3.562248497153852611e+00,2.953381861509563749e-02,1.038089626252396841e-02,9.995098751642212953e-01,9.724957911812535105e-01,0.000000000000000000e+00,0.000000000000000000e+00,0.000000000000000000e+00,1.000000000000000056e-01
9.870909287104815411e-01,-1.580006669811082065e-01,-2.621617231794329608e-02,2.968176742580276084e+01,1.575350152158216388e-01,9.873309958214427917e-01,-1.897955929912651871e-02,3.694171635607248483e+00,2.888282254957097797e-02,1.460458571008265219e-02,9.994761070870112896e-01,1.006825533535861350e+00,0.000000000000000000e+00,0.000000000000000000e+00,0.000000000000000000e+00,1.000000000000000056e-01
9.864938572947261619e-01,-1.613919926790605697e-01,-2.797309812756771166e-02,3.059975231158570708e+01,1.606599765342178188e-01,9.866484239338990658e-01,-2.670691836917156101e-02,3.831462844045850247e+00,3.190989595403059126e-02,2.185205362969503198e-02,9.992518432769428305e-01,1.054902299684934208e+00,0.000000000000000000e+00,0.000000000000000000e+00,0.000000000000000000e+00,1.000000000000000056e-01
9.861277999696338448e-01,-1.630684220701120457e-01,-3.099438417864616366e-02,3.155027884839019592e+01,1.622348859729818848e-01,9.863618497047543787e-01,-2.775145438259242481e-02,3.986881456135185964e+00,3.509706398522924320e-02,2.233811027323806542e-02,9.991342276836667757e-01,1.090026497390176319e+00,0.000000000000000000e+00,0.000000000000000000e+00,0.000000000000000000e+00,1.000000000000000056e-01
9.858327338939065765e-01,-1.641310253602197566e-01,-3.456627398880108420e-02,3.251443358342999801e+01,1.632185579969039069e-01,9.861992069826249763e-01,-2.776376185341303607e-02,4.146701633710993207e+00,3.864612669695740438e-02,2.172856785535152643e-02,9.990166896655321427e-01,1.124469881708374475e+00,0.000000000000000000e+00,0.000000000000000000e+00,0.000000000000000000e+00,1.000000000000000056e-01
9.858694965833112445e-01,-1.634711220968343981e-01,-3.658589819821894684e-02,3.346481707916020554e+01,1.624677815441504802e-01,9.862900646497820834e-01,-2.891588375358520799e-02,4.310579166669863405e+00,4.081121986281190106e-02,2.256325804334383470e-02,9.989120800750077578e-01,1.167127818759801761e+00,0.000000000000000000e+00,0.000000000000000000e+00,0.000000000000000000e+00,1.000000000000000056e-01
9.851872437893917089e-01,-1.678543207158756378e-01,-3.508591870927182249e-02,3.440944367204394894e+01,1.668509500995945527e-01,9.855311181170586243e-01,-2.981904884134945616e-02,4.464576676300917590e+00,3.958352088337111635e-02,2.352322766867118164e-02,9.989393388161883491e-01,1.224821569463393711e+00,0.000000000000000000e+00,0.000000000000000000e+00,0.000000000000000000e+00,1.000000000000000056e-01
9.846840945188702898e-01,-1.704824470387505397e-01,-3.650985145453432279e-02,3.538204048735485685e+01,1.694132371084992594e-01,9.850688937014944191e-01,-3.063380084372886725e-02,4.656391873488518129e+00,4.118724431146066067e-02,2.397936432421545611e-02,9.988636548561743433e-01,1.268968784603936140e+00,0.000000000000000000e+00,0.000000000000000000e+00,0.000000000000000000e+00,1.000000000000000056e-01
9.843190192199526845e-01,-1.726960928566173004e-01,-3.594618079753474083e-02,3.634782477114767119e+01,1.715873726782287112e-01,9.846505822935077701e-01,-3.195315831711669635e-02,4.818248620175065611e+00,4.091261344931526600e-02,2.528419073481859639e-02,9.988427642825632446e-01,1.330697062240369766e+00,0.000000000000000000e+00,0.000000000000000000e+00,0.000000000000000000e+00,1.000000000000000056e-01
9.840962433600037862e-01,-1.740229442920515901e-01,-3.564545784042846138e-02,3.733637226135500242e+01,1.729204244088658748e-01,9.844158723640703545e-01,-3.199870403538284530e-02,4.995427624001020028e+00,4.065846316556934875e-02,2.532597673559362425e-02,9.988520832813045924e-01,1.381417662793221091e+00,0.000000000000000000e+00,0.000000000000000000e+00,0.000000000000000000e+00,1.000000000000000056e-01
9.841933416871554430e-01,-1.740425452797925987e-01,-3.275146731371562925e-02,3.830082359617807697e+01,1.730587355184707576e-01,9.844292542851114103e-01,-3.081748478392412616e-02,5.166346214993581931e+00,3.760505603529970542e-02,2.466243581219720177e-02,9.989883002419954749e-01,1.442834262447781901e+00,0.000000000000000000e+00,0.000000000000000000e+00,0.000000000000000000e+00,1.000000000000000056e-01
9.839463466995417296e-01,-1.754209867151052260e-01,-3.281865683607713274e-02,3.928789871030062386e+01,1.745757324682985778e-01,9.842713276836889680e-01,-2.707890568219466221e-02,5.360635325009297958e+00,3.705267129077687710e-02,2.091484926283299767e-02,9.990944242815743559e-01,1.484679136773946473e+00,0.000000000000000000e+00,0.000000000000000000e+00,0.000000000000000000e+00,1.000000000000000056e-01
9.830625123351506289e-01,-1.793572462722166083e-01,-3.767061256402974567e-02,4.027524188315138076e+01,1.782181472001259093e-01,9.834798259611116089e-01,-3.171315083771882731e-02,5.558100721050151627e+00,4.273627089318912664e-02,2.446242296153629259e-02,9.987868646578181853e-01,1.552665432135405199e+00,0.000000000000000000e+00,0.000000000000000000e+00,0.000000000000000000e+00,1.000000000000000056e-01
9.829475129842989434e-01,-1.798155792826888477e-01,-3.847783992394290115e-02,4.128261028492796214e+01,1.788021804372847134e-01,9.834762558813541222e-01,-2.835902657824952711e-02,5.739111681750927119e+00,4.294143673486256613e-02,2.099551296882820606e-02,9.988569574500252291e-01,1.626044144288852245e+00,0.000000000000000000e+00,0.000000000000000000e+00,0.000000000000000000e+00,1.000000000000000056e-01
9.822845813509918367e-01,-1.826624743413870766e-01,-4.184999053271957342e-02,4.228834359102533114e+01,1.815106614226290882e-01,9.829351015244213174e-01,-2.987416912811463598e-02,5.925200411964739899e+00,4.659271434490928204e-02,2.174871625309411638e-02,9.986771812309100937e-01,1.687922887210217215e+00,0.000000000000000000e+00,0.000000000000000000e+00,0.000000000000000000e+00,1.000000000000000056e-01
9.831391384360257391e-01,-1.774827797953125730e-01,-4.401474016051518112e-02,4.328425417112119078e+01,1.762538410783957565e-01,9.838747020425923084e-01,-3.041634734336002427e-02,6.055102379186728889e+00,4.870336723862829509e-02,2.214573450416355144e-02,9.985677485593505986e-01,1.753788864064323105e+00,0.000000000000000000e+00,0.000000000000000000e+00,0.000000000000000000e+00,1.000000000000000056e-01
9.828307324507848941e-01,-1.798394913300833675e-01,-4.124934797533953701e-02,4.426636833070781307e+01,1.785647898384521981e-01,9.833821085056294597e-01,-3.277566934437588231e-02,6.244936996622922010e+00,4.645823048936738309e-02,2.484725395610799803e-02,9.986111589555953794e-01,1.830729982492306895e+00,0.000000000000000000e+00,0.000000000000000000e+00,0.000000000000000000e+00,1.000000000000000056e-01
9.828844619264242022e-01,-1.797470965186875047e-01,-4.036230663261542589e-02,4.523547303881642279e+01,1.785212230794435417e-01,9.834093787398598963e-01,-3.218954359263989651e-02,6.410192898082257784e+00,4.547864788912680395e-02,2.443307388734700103e-02,9.986664695916210865e-01,1.888207586667010274e+00,0.000000000000000000e+00,0.000000000000000000e+00,0.000000000000000000e+00,1.000000000000000056e-01
9.820025595555043063e-01,-1.836228831562500552e-01,-4.419965845823129597e-02,4.614224631998634862e+01,1.823785713239123585e-01,9.827477022665993545e-01,-3.074102164158028574e-02,6.590962974641501937e+00,4.908186781579091523e-02,2.212669137276589496e-02,9.985496381155057888e-01,1.957395306878495278e+00,0.000000000000000000e+00,0.000000000000000000e+00,0.000000000000000000e+00,1.000000000000000056e-01
9.820096236477641183e-01,-1.821641935422302627e-01,-4.973234012476682869e-02,4.709295672557848178e+01,1.807542100601566004e-01,9.830221297117951451e-01,-3.155008783530324767e-02,6.756405007750676539e+00,5.463528721170419350e-02,2.199316002750478782e-02,9.982641365406749179e-01,2.001104726034066861e+00,0.000000000000000000e+00,0.000000000000000000e+00,0.000000000000000000e+00,1.000000000000000056e-01
9.820178228992071379e-01,-1.821880365114668665e-01,-4.948247023338522843e-02,4.803405752940265927e+01,1.806010346007073109e-01,9.829376910434385328e-01,-3.488211328672483763e-02,6.935457853445244680e+00,5.499328876740830485e-02,2.531827162920495533e-02,9.981656792898933039e-01,2.070510153586710089e+00,0.000000000000000000e+00,0.000000000000000000e+00,0.000000000000000000e+00,1.000000000000000056e-01
9.826050142734295001e-01,-1.795309933633001676e-01,-4.749745621294049203e-02,4.899402903386864949e+01,1.779890721366293727e-01,9.834116910587209492e-01,-3.494761921746003530e-02,7.140632945560948741e+00,5.298373452914831305e-02,2.588567771980323715e-02,9.982598136579130532e-01,2.141392705804835206e+00,0.000000000000000000e+00,0.000000000000000000e+00,0.000000000000000000e+00,1.000000000000000056e-01
9.835747173699929125e-01,-1.744425908787286261e-01,-4.637410740979373142e-02,4.998142413360393732e+01,1.729249473184592267e-01,9.843140214103065500e-01,-3.496955604491698566e-02,7.328906634032612999e+00,5.174686411220178611e-02,2.637593112265420106e-02,9.983118612497631217e-01,2.223429095816945811e+00,0.000000000000000000e+00,0.000000000000000000e+00,0.000000000000000000e+00,1.000000000000000056e-01
9.835759126783653050e-01,-1.746115642881855001e-01,-4.570804760382599780e-02,5.090483362051529781e+01,1.728376060230561728e-01,9.841264978487230808e-01,-4.027652140175511097e-02,7.510067066159884952e+00,5.201524721790303646e-02,3.171494677340781776e-02,9.981425630680320626e-01,2.286685710128036675e+00,0.000000000000000000e+00,0.000000000000000000e+00,0.000000000000000000e+00,1.000000000000000056e-01
9.841706634375936291e-01,-1.711217437016192833e-01,-4.610264700995064802e-02,5.183185694625340290e+01,1.693332849192073220e-01,9.847355539719707673e-01,-4.027564229141864655e-02,7.678076092691413557e+00,5.229095378052821264e-02,3.183139293265508513e-02,9.981244504452786437e-01,2.347829712779304412e+00,0.000000000000000000e+00,0.000000000000000000e+00,0.000000000000000000e+00,1.000000000000000056e-01
9.844692362258731233e-01,-1.698527434364583422e-01,-4.438883273926882977e-02,5.280390134820517289e+01,1.680368015684149952e-01,9.848904386904118180e-01,-4.188623992273843299e-02,7.849177839752242036e+00,5.083262971264862484e-02,3.377675714624990555e-02,9.981358496883978582e-01,2.426232355446703792e+00,0.000000000000000000e+00,0.000000000000000000e+00,0.000000000000000000e+00,1.000000000000000056e-01
9.831840234830535596e-01,-1.773528811571912778e-01,-4.353310823864565970e-02,5.376007925333821191e+01,1.754575665020644548e-01,9.834992460450513452e-01,-4.408940219587090259e-02,8.025274787956918843e+00,5.063416163864152553e-02,3.570978261007519416e-02,9.980786507590937440e-01,2.485518363349231930e+00,0.000000000000000000e+00,0.000000000000000000e+00,0.000000000000000000e+00,1.000000000000000056e-01
9.834589701731472067e-01,-1.768827910435512851e-01,-3.899913099821802204e-02,5.466901012106303170e+01,1.751220517525975684e-01,9.835303421995758022e-01,-4.472508203173946456e-02,8.186611593800087405e+00,4.626792599558931379e-02,3.715567527886775440e-02,9.982378147609105579e-01,2.548603992748059710e+00,0.000000000000000000e+00,0.000000000000000000e+00,0.000000000000000000e+00,1.000000000000000056e-01
9.835185620857226363e-01,-1.775239273640432380e-01,-3.430004731889381431e-02,5.557741333417995122e+01,1.759494784377192700e-01,9.833930447711088929e-01,-4.449607323463997816e-02,8.372541644714917908e+00,4.162954564161147619e-02,3.772763853004566098e-02,9.984205557883006898e-01,2.618171171113107931e+00,0.000000000000000000e+00,0.000000000000000000e+00,0.000000000000000000e+00,1.000000000000000056e-01
9.836351370006125583e-01,-1.774771254827836875e-01,-3.104492209934635316e-02,5.647821200512714768e+01,1.763194125206080931e-01,9.836468109816354222e-01,-3.674800693978452076e-02,8.548768602293083774e+00,3.705916925908968318e-02,3.067280841440961706e-02,9.988422281811072390e-01,2.686142926002643705e+00,0.000000000000000000e+00,0.000000000000000000e+00,0.000000000000000000e+00,1.000000000000000056e-01
9.830533453486455242e-01,-1.802560286574556858e-01,-3.337490571491202179e-02,5.732741463222055245e+01,1.790704181866385747e-01,9.831898168457233744e-01,-3.565907151532687197e-02,8.718247017680361921e+00,3.924163005405265775e-02,2.907831122185974143e-02,9.988065609952637702e-01,2.755423067242187773e+00,0.000000000000000000e+00,0.000000000000000000e+00,0.000000000000000000e+00,1.000000000000000056e-01
9.827958879095526346e-01,-1.805687611070702359e-01,-3.882222585493750461e-02,5.822540299325056168e+01,1.792531252157536781e-01,9.831773555678438026e-01,-3.507997433019315742e-02,8.912098710923862299e+00,4.450348085778583346e-02,2.751744920735712044e-02,9.986301768826442160e-01,2.805401369411902657e+00,0.000000000000000000e+00,0.000000000000000000e+00,0.000000000000000000e+00,1.000000000000000056e-01
9.824308669047076004e-01,-1.810989792044306324e-01,-4.508604533531329617e-02,5.918692548891917227e+01,1.796444369253444306e-01,9.831268034689393254e-01,-3.449006498575393764e-02,9.088058680533572797e+00,5.057141519317676082e-02,2.578464721610103372e-02,9.983875419561787368e-01,2.863209377176054726e+00,0.000000000000000000e+00,0.000000000000000000e+00,0.000000000000000000e+00,1.000000000000000056e-01
9.831178323725067170e-01,-1.774541484363250377e-01,-4.460216221129293529e-02,6.008733414140058926e+01,1.761640928228817848e-01,9.838602252963328798e-01,-3.138900252859470885e-02,9.290190282095704077e+00,4.945240207588368769e-02,2.300178868235572618e-02,9.985115811277991416e-01,2.923038810485417471e+00,0.000000000000000000e+00,0.000000000000000000e+00,0.000000000000000000e+00,1.000000000000000056e-01
9.828848690182232506e-01,-1.795087724475787350e-01,-4.139969648914774980e-02,6.101494915243915074e+01,1.783615342116203206e-01,9.835092756544221437e-01,-2.994441208958645989e-02,9.483900271229153134e+00,4.609227016222072759e-02,2.204779617280105963e-02,9.986938456379990114e-01,2.985523381900266227e+00,0.000000000000000000e+00,0.000000000000000000e+00,0.000000000000000000e+00,1.000000000000000056e-01
9.824183997734586837e-01,-1.822304448465382476e-01,-4.057280810579271674e-02,6.189433306962037307e+01,1.810319568950979618e-01,9.829723691865175361e-01,-3.150796722379908127e-02,9.668944580372141218e+00,4.562366019170405879e-02,2.360903189199833191e-02,9.986796759941770629e-01,3.050240182489117213e+00,0.000000000000000000e+00,0.000000000000000000e+00,0.000000000000000000e+00,1.000000000000000056e-01
9.819823397716898050e-01,-1.848150033788827362e-01,-3.942206111533321650e-02,6.271289344102060426e+01,1.837005384207743286e-01,9.825162659697946888e-01,-3.026382805742304852e-02,9.829869822897654430e+00,4.432602576856079640e-02,2.247669083373301721e-02,9.987642373497008785e-01,3.102815143990352631e+00,0.000000000000000000e+00,0.000000000000000000e+00,0.000000000000000000e+00,1.000000000000000056e-01
9.813948600720442395e-01,-1.879392705174781908e-01,-3.928051961890220017e-02,6.353151588772734470e+01,1.868261034879110383e-01,9.819242423738623327e-01,-3.034451011370607743e-02,9.976904348519466836e+00,4.427341956182234001e-02,2.244131983361536548e-02,9.987673660489855276e-01,3.149593379407597649e+00,0.000000000000000000e+00,0.000000000000000000e+00,0.000000000000000000e+00,1.000000000000000056e-01
9.810310705878158011e-01,-1.898611388783743859e-01,-3.912526658222915954e-02,6.433069674976022156e+01,1.888252248949296164e-01,9.815914131968576095e-01,-2.869376206730761547e-02,1.012870839501251830e+01,4.385285606095823407e-02,2.076163485861935026e-02,9.988222472158367893e-01,3.198996852045688399e+00,0.000000000000000000e+00,0.000000000000000000e+00,0.000000000000000000e+00,1.000000000000000056e-01
9.806270388031603780e-01,-1.915404129479456874e-01,-4.102293231688097092e-02,6.512061470931291751e+01,1.903730563410046817e-01,9.812309138299849520e-01,-3.072447174089825220e-02,1.028510546395493286e+01,4.613794737013787034e-02,2.231958673683363467e-02,9.986856992369357311e-01,3.256977254201169458e+00,0.000000000000000000e+00,0.000000000000000000e+00,0.000000000000000000e+00,1.000000000000000056e-01
9.800213726653251856e-01,-1.948134128971158174e-01,-4.007297436614374458e-02,6.586974666807046219e+01,1.937038533983028443e-01,9.806024675860837148e-01,-2.996026940353699666e-02,1.042970422519183415e+01,4.513231988077450602e-02,2.159941479442381920e-02,9.987474850945647908e-01,3.310589040798701976e+00,0.000000000000000000e+00,0.000000000000000000e+00,0.000000000000000000e+00,1.000000000000000056e-01
9.794683975727876968e-01,-1.981631160655440427e-01,-3.705452182108565085e-02,6.665100370336838864e+01,1.971192395075838100e-01,9.799201377450065253e-01,-3.000881633385994035e-02,1.058898115325941802e+01,4.225711268114988595e-02,2.208852808589232414e-02,9.988625698036999179e-01,3.367654622721135471e+00,0.000000000000000000e+00,0.000000000000000000e+00,0.000000000000000000e+00,1.000000000000000056e-01
9.759346091580535232e-01,-2.150425592856079759e-01,-3.617093229947376115e-02,6.745128400225910070e+01,2.141930815120940690e-01,9.764462651313113861e-01,-2.596180162211551151e-02,1.078519757057447315e+01,4.090186401462363869e-02,1.758945726872860466e-02,9.990083325543990256e-01,3.419167792579336673e+00,0.000000000000000000e+00,0.000000000000000000e+00,0.000000000000000000e+00,1.000000000000000056e-01
9.753278052930259845e-01,-2.181026022525436869e-01,-3.416031488376400360e-02,6.818109883592354947e+01,2.173290103652726901e-01,9.757790206075001027e-01,-2.496806351960532966e-02,1.093559645553096793e+01,3.877851822775577051e-02,1.692801916753900598e-02,9.991044333257275145e-01,3.474713060141634724e+00,0.000000000000000000e+00,0.000000000000000000e+00,0.000000000000000000e+00,1.000000000000000056e-01
9.754175325873449820e-01,-2.171141197843269866e-01,-3.771068961836664818e-02,6.884914328467229439e+01,2.164081678978550527e-01,9.760564561885302082e-01,-2.193853230691621831e-02,1.109631666333876332e+01,4.157092720050468287e-02,1.323832780092457952e-02,9.990478490486457419e-01,3.518381034644206817e+00,0.000000000000000000e+00,0.000000000000000000e+00,0.000000000000000000e+00,1.000000000000000056e-01
9.748257130911658352e-01,-2.190694809741633164e-01,-4.151375196258141886e-02,6.950734561352619778e+01,2.182336115529629195e-01,9.756074422473539620e-01,-2.375309285390722960e-02,1.126604445848408709e+01,4.570470309334169479e-02,1.409542965952274504e-02,9.988555445998500426e-01,3.559254310537833810e+00,0.000000000000000000e+00,0.000000000000000000e+00,0.000000000000000000e+00,1.000000000000000056e-01
9.740593148803045054e-01,-2.213394861084547749e-01,-4.708803440532360884e-02,7.022160111837884244e+01,2.202660666024122693e-01,9.750676215677500647e-01,-2.694426235235698741e-02,1.143751505904237398e+01,5.187784689454134901e-02,1.587341360439234461e-02,9.985272774151592312e-01,3.606866294400930428e+00,0.000000000000000000e+00,0.000000000000000000e+00,0.000000000000000000e+00,1.000000000000000056e-01
9.729269747369944099e-01,-2.257816276340553208e-01,-4.935340365199433060e-02,7.093149232380481806e+01,2.246770633150728946e-01,9.740602695005279310e-01,-2.695938798774211165e-02,1.160833926764004786e+01,5.416012416192034912e-02,1.514093799854132442e-02,9.984174642639669361e-01,3.652776705309733085e+00,0.000000000000000000e+00,0.000000000000000000e+00,0.000000000000000000e+00,1.000000000000000056e-01
9.729238328439411276e-01,-2.263878189709230271e-01,-4.655932673314178150e-02,7.159489629544178513e+01,2.253830103381623817e-01,9.739266357810805186e-01,-2.587289637930546837e-02,1.175852857291024378e+01,5.120267703121256231e-02,1.467867629369442629e-02,9.985804035364915787e-01,3.713494239873841529e+00,0.000000000000000000e+00,0.000000000000000000e+00,0.000000000000000000e+00,1.000000000000000056e-01
9.717220137917210732e-01,-2.320665688604737209e-01,-4.360545298342072273e-02,7.215594324381847002e+01,2.310391725717275690e-01,9.725598523982190713e-01,-2.735387066807642639e-02,1.190528802532166175e+01,4.875683182830678475e-02,1.650579051367662489e-02,9.986742863564600503e-01,3.751472216671665638e+00,0.000000000000000000e+00,0.000000000000000000e+00,0.000000000000000000e+00,1.000000000000000056e-01
9.723530914426273819e-01,-2.287298263202305615e-01,-4.703330855343501593e-02,7.268100194636234335e+01,2.274899194771367872e-01,9.733094084605823371e-01,-3.028418627596132784e-02,1.201464753360294857e+01,5.270485839323803268e-02,1.874731857169112392e-02,9.984341420184509319e-01,3.792620926761899991e+00,0.000000000000000000e+00,0.000000000000000000e+00,0.000000000000000000e+00,1.000000000000000056e-01
9.718371327477900445e-01,-2.308213979902738189e-01,-4.747704331958731150e-02,7.329706600025032515e+01,2.291369090053387569e-01,9.726375678702576799e-01,-3.837236634492349058e-02,1.215148845437711067e+01,5.503511918796444302e-02,2.641294753043544122e-02,9.981350068295976596e-01,3.846306593655553385e+00,0.000000000000000000e+00,0.000000000000000000e+00,0.000000000000000000e+00,1.000000000000000056e-01
9.718764820723497788e-01,-2.293376926434082252e-01,-5.348201873219726038e-02,7.387662456110344067e+01,2.271797180508029201e-01,9.728800288989150058e-01,-4.351810055602250288e-02,1.228071296124251788e+01,6.201192869949440772e-02,3.014418853848959551e-02,9.976200923178747404e-01,3.892789251963824082e+00,0.000000000000000000e+00,0.000000000000000000e+00,0.000000000000000000e+00,1.000000000000000056e-01
9.729710421779478313e-01,-2.246326507520585436e-01,-5.354926049220196105e-02,7.444644066762612056e+01,2.226763131119542105e-01,9.740657959786143127e-01,-4.013831938952420325e-02,1.239515764205198245e+01,6.117688012660443819e-02,2.712927055142153390e-02,9.977581831372382970e-01,3.946242709109220925e+00,0.000000000000000000e+00,0.000000000000000000e+00,0.000000000000000000e+00,1.000000000000000056e-01
9.734029975645346333e-01,-2.234039645655263862e-01,-5.076684891524775589e-02,7.501043229437307502e+01,2.215035407579387383e-01,9.743193795434461624e-01,-4.047132414154936547e-02,1.254402354604781955e+01,5.850457900091869667e-02,2.814987144693937085e-02,9.978901738034331448e-01,3.977371433610039198e+00,0.000000000000000000e+00,0.000000000000000000e+00,0.000000000000000000e+00,1.000000000000000056e-01
9.742621101429521646e-01,-2.199902312128547976e-01,-4.916949166624334094e-02,7.558773507842229833e+01,2.179781917903226562e-01,9.749987041129122289e-01,-4.316288778526283787e-02,1.265094598758869004e+01,5.743560432017236900e-02,3.133408924887656766e-02,9.978573676670028370e-01,4.020826874856669342e+00,0.000000000000000000e+00,0.000000000000000000e+00,0.000000000000000000e+00,1.000000000000000056e-01
9.751289298867665822e-01,-2.171087863754241620e-01,-4.457964755894763820e-02,7.617454690439691944e+01,2.150064124462018056e-01,9.754535095081530160e-01,-4.756777685830380215e-02,1.276469697816082061e+01,5.381275596829536434e-02,3.679980525516487327e-02,9.978727181501049204e-01,4.071917078467365059e+00,0.000000000000000000e+00,0.000000000000000000e+00,0.000000000000000000e+00,1.000000000000000056e-01
9.769222722102883782e-01,-2.095652210526990356e-01,-4.129518355232900118e-02,7.674134761296519969e+01,2.075366743194451691e-01,9.770239308910787512e-01,-4.850533247560576827e-02,1.285900997504937315e+01,5.051141328365009453e-02,3.881567455652287085e-02,9.979689076002370429e-01,4.133207361591996865e+00,0.000000000000000000e+00,0.000000000000000000e+00,0.000000000000000000e+00,1.000000000000000056e-01
9.790653651933913793e-01,-1.996437654439603970e-01,-3.966582405658647392e-02,7.723519748537270857e+01,1.978244236032792869e-01,9.791813557379605015e-01,-4.549032865566118855e-02,1.298658389268716640e+01,4.792189588029123481e-02,3.669113645727900552e-02,9.981769644710860589e-01,4.178699851057276149e+00,0.000000000000000000e+00,0.000000000000000000e+00,0.000000000000000000e+00,1.000000000000000056e-01
9.819223449184742991e-01,-1.848425025720302206e-01,-4.076466352999608134e-02,7.773273996519813522e+01,1.830589440972999471e-01,9.821226318612282791e-01,-4.386979566804470598e-02,1.307766952599930832e+01,4.814490145162217405e-02,3.561439637117798374e-02,9.982052310198189504e-01,4.213574930292685039e+00,0.000000000000000000e+00,0.000000000000000000e+00,0.000000000000000000e+00,1.000000000000000056e-01
9.854409403759624153e-01,-1.651792725264951966e-01,-4.027357643116295793e-02,7.819505413092643664e+01,1.638454657118658397e-01,9.858841540215066424e-01,-3.445429167694505357e-02,1.317077770683352966e+01,4.539621566387104512e-02,2.735402670387011154e-02,9.985944826737644942e-01,4.247228246711905797e+00,0.000000000000000000e+00,0.000000000000000000e+00,0.000000000000000000e+00,1.000000000000000056e-01
9.891965960756322618e-01,-1.415436389171655929e-01,-3.815091865826277656e-02,7.867108198573468769e+01,1.401494643279969088e-01,9.894372352076090671e-01,-3.704166887841413985e-02,1.322667609017648971e+01,4.299095208247736416e-02,3.129466195391144429e-02,9.985852102711277878e-01,4.288290752696910069e+00,0.000000000000000000e+00,0.000000000000000000e+00,0.000000000000000000e+00,1.000000000000000056e-01
9.921857668044224976e-01,-1.188778462945336151e-01,-3.788748884649507237e-02,7.922099459034427582e+01,1.174744267103455392e-01,9.923735985137820403e-01,-3.734166629761628137e-02,1.334877608809894944e+01,4.203764051175689492e-02,3.259905877751865383e-02,9.985840666398719812e-01,4.334089452036141488e+00,0.000000000000000000e+00,0.000000000000000000e+00,0.000000000000000000e+00,1.000000000000000056e-01
9.952941661441196963e-01,-8.976928359417565839e-02,-3.648285299246552260e-02,7.971069448154601389e+01,8.845813571795074770e-02,9.954257506021974011e-01,-3.609339639541411099e-02,1.343750074924071924e+01,3.955604966103154485e-02,3.269634170729730088e-02,9.986822658754753723e-01,4.365310270415480254e+00,0.000000000000000000e+00,0.000000000000000000e+00,0.000000000000000000e+00,1.000000000000000056e-01
9.976147175206159234e-01,-5.791669246668849219e-02,-3.755705153470868807e-02,8.018124398133417685e+01,5.647450294555412392e-02,9.976658042818364880e-01,-3.838715258688555482e-02,1.345117870654951275e+01,3.969264293687602141e-02,3.617457256686338468e-02,9.985569059379091339e-01,4.385141658446102930e+00,0.000000000000000000e+00,0.000000000000000000e+00,0.000000000000000000e+00,1.000000000000000056e-01
