1.000000000000000000e+00,1.832975972874631441e-13,2.606736688472014833e-13,-1.304272094869963471e-20,-1.832975972874286614e-13,1.000000000000000000e+00,-1.322541079381824204e-13,-2.804153964214965728e-20,-2.606736688472257171e-13,1.322541079381346596e-13,1.000000000000000000e+00,-9.688535656003011115e-20,0.000000000000000000e+00,0.000000000000000000e+00,0.000000000000000000e+00,1.000000000000000056e-01
9.999921168934461368e-01,-2.573385091868945693e-03,-3.023878326460731954e-03,6.404689957268785427e-01,2.562318980059320218e-03,9.999900275745134959e-01,-3.657768851116065690e-03,1.839811899495224709e-02,3.033261018890405936e-03,3.649991875705182413e-03,9.999887383800372120e-01,1.252964100411133963e-04,0.000000000000000000e+00,0.000000000000000000e+00,0.000000000000000000e+00,1.000000000000000056e-01
9.999682924058339584e-01,-6.617212262583425410e-03,-4.430201443777562371e-03,1.293088260934085021e+00,6.603503240520699862e-03,9.999733854533497945e-01,-3.101955821533765919e-03,2.833648549991780660e-02,4.450609836074812149e-03,3.072602616387311216e-03,9.999853754856862231e-01,8.882354030163613218e-03,0.000000000000000000e+00,0.000000000000000000e+00,0.000000000000000000e+00,1.000000000000000056e-01
9.999376925670082628e-01,-1.002170749490726050e-02,-4.916946476611641810e-03,1.980492473350355498e+00,9.999588445399954992e-03,9.999398652358844064e-01,-4.502681752462057638e-03,5.461380269022817618e-02,4.961775356660932425e-03,4.453233760746307113e-03,9.999777745002046414e-01,9.314522465276217286e-03,0.000000000000000000e+00,0.000000000000000000e+00,0.000000000000000000e+00,1.000000000000000056e-01
9.998014245889891294e-01,-1.947573047595761719e-02,-4.219871118388545533e-03,2.698722236688714915e+00,1.947170563908334068e-02,9.998099154676105549e-01,-9.927800130955473975e-04,4.803598816286038659e-02,4.238404102117229039e-03,9.104147831442724282e-04,9.999906034936477672e-01,1.319264609247446617e-02,0.000000000000000000e+00,0.000000000000000000e+00,0.000000000000000000e+00,1.000000000000000056e-01
9.996637683499590699e-01,-2.561056883465497036e-02,-4.055738197257292670e-03,3.415441731185070218e+00,2.560654953093641911e-02,9.996715577081418669e-01,-1.039870423145214644e-03,7.800636183677193969e-02,4.081037794359690905e-03,9.356673247644321963e-04,9.999912347901747101e-01,1.808489676556692891e-02,0.000000000000000000e+00,0.000000000000000000e+00,0.000000000000000000e+00,1.000000000000000056e-01
9.995334525782089141e-01,-3.000512260927151384e-02,-5.706995206592791782e-03,4.138816398936745244e+00,3.000478150949039205e-02,9.995497446080533477e-01,-1.453978783755444635e-04,8.432369050723190207e-02,5.708788282396996643e-03,-2.590710087927121234e-05,9.999837043998111019e-01,2.506180223987814967e-02,0.000000000000000000e+00,0.000000000000000000e+00,0.000000000000000000e+00,1.000000000000000056e-01
9.994527556384679157e-01,-3.258766253875783336e-02,-5.677455145835719891e-03,4.881638803724062114e+00,3.258494386467911119e-02,9.994688067710768564e-01,-5.707231689655841225e-04,1.105154766939075439e-01,5.693037854138037826e-03,3.854112867080814841e-04,9.999837202565506900e-01,3.970617850083636019e-02,0.000000000000000000e+00,0.000000000000000000e+00,0.000000000000000000e+00,1.000000000000000056e-01
9.992979735747808956e-01,-3.714120952685045357e-02,-4.908213954077087111e-03,5.640315427374922308e+00,3.715009897250796250e-02,9.993081949663434882e-01,1.732518236904807352e-03,1.511783290498658061e-01,4.840470604111422707e-03,-1.913642597492534519e-03,9.999864538164203731e-01,3.880963591918257932e-02,0.000000000000000000e+00,0.000000000000000000e+00,0.000000000000000000e+00,1.000000000000000056e-01
9.991602132028998273e-01,-4.093152406422741890e-02,-1.865124691631962544e-03,6.422885091008392777e+00,4.093443397818765511e-02,9.991606330870609343e-01,1.549646394811677501e-03,2.029498760952805347e-01,1.800129778977023432e-03,-1.624692845779837072e-03,9.999970599486458500e-01,4.890193807443413837e-02,0.000000000000000000e+00,0.000000000000000000e+00,0.000000000000000000e+00,1.000000000000000056e-01
9.990317486917064116e-01,-4.398127569688786015e-02,-1.101133082581951493e-03,7.215415307706438242e+00,4.398049412398700314e-02,9.990321274252852435e-01,-7.242297415542002688e-04,2.266561705680550376e-01,1.131919874001390252e-03,6.751001280912119918e-04,9.999991314982308310e-01,6.019765213972215478e-02,0.000000000000000000e+00,0.000000000000000000e+00,0.000000000000000000e+00,1.000000000000000056e-01
9.989377533372738593e-01,-4.607660978123949425e-02,5.576634712231389769e-04,8.018800215630355055e+00,4.607702379195553755e-02,9.989376054672078897e-01,-7.538314907790720585e-04,2.662967207307428419e-01,-5.223370131587363584e-04,7.787262088251871613e-04,9.999995603746715256e-01,6.175742460176848747e-02,0.000000000000000000e+00,0.000000000000000000e+00,0.000000000000000000e+00,1.000000000000000056e-01
9.988850782906404380e-01,-4.719099420200751488e-02,1.269028970215759031e-03,8.858581788919201117e+00,4.719373819966320854e-02,9.988832721548711602e-01,-2.227034781779837613e-03,3.148823170912773417e-01,-1.162515824753802395e-03,2.284442033342282737e-03,9.999967149353808926e-01,7.649409102324410126e-02,0.000000000000000000e+00,0.000000000000000000e+00,0.000000000000000000e+00,1.000000000000000056e-01
9.986776406859905197e-01,-5.137314887579936401e-02,1.941537650551489538e-03,9.666679434958719952e+00,5.138202391658672902e-02,9.986673565153693088e-01,-4.837214987941327975e-03,3.519933874308110999e-01,-1.690447307331558943e-03,4.930578585643747604e-03,9.999864157990907554e-01,8.253761231976236568e-02,0.000000000000000000e+00,0.000000000000000000e+00,0.000000000000000000e+00,1.000000000000000056e-01
9.986434805631154710e-01,-5.204019521251380259e-02,1.736896954308660449e-03,1.047789512146649749e+01,5.204988494972816876e-02,9.986258610774443323e-01,-6.099103545020920572e-03,4.148560753150423164e-01,-1.417111677495052876e-03,6.181235279155827128e-03,9.999798918602900155e-01,9.278920195929005188e-02,0.000000000000000000e+00,0.000000000000000000e+00,0.000000000000000000e+00,1.000000000000000056e-01
9.985293400822256027e-01,-5.420738314377706452e-02,8.465268211007159630e-04,1.126637507426279861e+01,5.421158798144049690e-02,9.985103856944836931e-01,-6.173604197213100955e-03,4.657628432347338254e-01,-5.106108945416404062e-04,6.210416488212806840e-03,9.999805848133038744e-01,1.078356133145984552e-01,0.000000000000000000e+00,0.000000000000000000e+00,0.000000000000000000e+00,1.000000000000000056e-01
9.984333622951906406e-01,-5.590914547590822292e-02,-2.233496826575791499e-03,1.212547074263195768e+01,5.589624998155383329e-02,9.984215977166929212e-01,-5.470141757374850748e-03,5.138701289015086271e-01,2.535802421371876388e-03,5.336727930095807974e-03,9.999825443681904513e-01,1.015399501600239007e-01,0.000000000000000000e+00,0.000000000000000000e+00,0.000000000000000000e+00,1.000000000000000056e-01
9.982078976062309650e-01,-5.973578734322536332e-02,-3.553711726255605330e-03,1.300892606975066634e+01,5.971975833187163907e-02,9.982052296722342399e-01,-4.457568820001376990e-03,5.886060480555905805e-01,3.813610012995283065e-03,4.237353594775539710e-03,9.999837504745672234e-01,1.327276750847244668e-01,0.000000000000000000e+00,0.000000000000000000e+00,0.000000000000000000e+00,1.000000000000000056e-01
9.984464637921254271e-01,-5.559375199549835417e-02,-3.740812754332432065e-03,1.390609300065128195e+01,5.559316708651921429e-02,9.984534701468716911e-01,-2.602401975064793944e-04,6.502497332270025243e-01,3.749495204732328571e-03,5.187227644592364169e-05,9.999929692727727026e-01,1.361626187836400548e-01,0.000000000000000000e+00,0.000000000000000000e+00,0.000000000000000000e+00,1.000000000000000056e-01
9.977805620790471952e-01,-6.642595447421348331e-02,-4.641390891779118011e-03,1.484788858902109432e+01,6.643892057695649500e-02,9.977868478542315511e-01,2.697421302921222588e-03,7.725131614999856122e-01,4.451940002902008212e-03,-2.999803544618255113e-03,9.999855906006367423e-01,1.556489988857685802e-01,0.000000000000000000e+00,0.000000000000000000e+00,0.000000000000000000e+00,1.000000000000000056e-01
9.974619172022554103e-01,-7.111551151032598217e-02,-3.508240844873696754e-03,1.582848780023600277e+01,7.112340517507569071e-02,9.974651440397304114e-01,2.178913055119797385e-03,8.580688601795306569e-01,3.344393443206636080e-03,-2.422900828438518273e-03,9.999914722556750846e-01,1.660126122267781001e-01,0.000000000000000000e+00,0.000000000000000000e+00,0.000000000000000000e+00,1.000000000000000056e-01
9.973752893553603505e-01,-7.239212998250002529e-02,-1.382642364511112816e-03,1.676986571649288393e+01,7.239490159730260777e-02,9.973738934676799062e-01,2.072402431493305594e-03,9.347246782104424723e-01,1.228985772169095088e-03,-2.167059232694431258e-03,9.999968967193116898e-01,1.821480161648763307e-01,0.000000000000000000e+00,0.000000000000000000e+00,0.000000000000000000e+00,1.000000000000000056e-01
9.974025063743848785e-01,-7.202906594583274869e-02,2.322435488764839826e-04,1.768325417696256352e+01,7.202878244459237633e-02,9.974019925576655954e-01,1.058178410318101441e-03,1.026473436378560589e+00,-3.078597809073276882e-04,-1.038701578586352387e-03,9.999994131605207670e-01,1.879518664477915491e-01,0.000000000000000000e+00,0.000000000000000000e+00,0.000000000000000000e+00,1.000000000000000056e-01
9.971073589170315055e-01,-7.599535463378617739e-02,-1.273132980962295288e-03,1.861685158602626089e+01,7.599781873736291549e-02,9.971059499779770796e-01,2.013967645902077237e-03,1.088128919154415897e+00,1.116396284959403481e-03,-2.104897289865502365e-03,9.999971615293385963e-01,1.873090743338670372e-01,0.000000000000000000e+00,0.000000000000000000e+00,0.000000000000000000e+00,1.000000000000000056e-01
9.970614111592392970e-01,-7.656115214284821280e-02,-2.632937467178558984e-03,1.955348426425796404e+01,7.656201451165438321e-02,9.970647952235582867e-01,2.281659944880524906e-04,1.166842024992990057e+00,2.607740605130999881e-03,-4.290785050132121846e-04,9.999965077841886929e-01,1.965464890375750173e-01,0.000000000000000000e+00,0.000000000000000000e+00,0.000000000000000000e+00,1.000000000000000056e-01
9.968643350813456427e-01,-7.905954575119368555e-02,-3.329514745653360235e-03,2.048080317059696043e+01,7.904976905862588776e-02,9.968662392593519161e-01,-2.972378962134498287e-03,1.237322816634413680e+00,3.554075773604780785e-03,2.699861205976799433e-03,9.999900395978271739e-01,2.116906457121466023e-01,0.000000000000000000e+00,0.000000000000000000e+00,0.000000000000000000e+00,1.000000000000000056e-01
9.969235708993809952e-01,-7.837773367684724990e-02,-5.697797013922457909e-04,2.139953266600361914e+01,7.836933407395374473e-02,9.968828748425677677e-01,-9.098424172482319147e-03,1.312813236965373997e+00,1.281117493420650278e-03,9.025780259821350807e-03,9.999584461509735123e-01,2.279035541531283238e-01,0.000000000000000000e+00,0.000000000000000000e+00,0.000000000000000000e+00,1.000000000000000056e-01
9.970965766455880397e-01,-7.610741673081562741e-02,2.465351944647299794e-03,2.235718694913363080e+01,7.612460744675332569e-02,9.970673790022746008e-01,-7.854035307546573808e-03,1.398661706188512488e+00,-1.860371663597657280e-03,8.018905667012632410e-03,9.999661175105768463e-01,2.535981996381609371e-01,0.000000000000000000e+00,0.000000000000000000e+00,0.000000000000000000e+00,1.000000000000000056e-01
9.973073043275072491e-01,-7.327099951775110920e-02,3.082428372317278474e-03,2.330480006284532735e+01,7.328832011862172757e-02,9.972930950693903451e-01,-5.941772555926826821e-03,1.482176062517191584e+00,-2.638724917678100454e-03,6.151679167971657591e-03,9.999775967361584916e-01,2.629901645423612933e-01,0.000000000000000000e+00,0.000000000000000000e+00,0.000000000000000000e+00,1.000000000000000056e-01
9.973951690354655453e-01,-7.209545791633203971e-02,2.263124510371206273e-03,2.422487198019276278e+01,7.211032559973165612e-02,9.973694096695923106e-01,-7.373031752924661363e-03,1.554329112875082020e+00,-1.725609056458955043e-03,7.517020896827749342e-03,9.999702578928140184e-01,2.753615077041567938e-01,0.000000000000000000e+00,0.000000000000000000e+00,0.000000000000000000e+00,1.000000000000000056e-01
9.974331886272770342e-01,-7.158962503438823233e-02,1.399932947881152041e-03,2.517195032428061907e+01,7.159864832642473531e-02,9.974007197562935190e-01,-8.089362611274674222e-03,1.624437480640607223e+00,-8.171796937188570073e-04,8.168832050141893245e-03,9.999663006323187275e-01,2.793579570444001403e-01,0.000000000000000000e+00,0.000000000000000000e+00,0.000000000000000000e+00,1.000000000000000056e-01
9.972734409174990322e-01,-7.379004538727983176e-02,-8.445367455968147636e-04,2.615309175603536573e+01,7.377784049430709257e-02,9.972238052384366780e-01,-1.007534206710063336e-02,1.746264636389736280e+00,1.585652095531466747e-03,9.985562954370053382e-03,9.999488858136280633e-01,2.882888422709383724e-01,0.000000000000000000e+00,0.000000000000000000e+00,0.000000000000000000e+00,1.000000000000000056e-01
9.976655963894073276e-01,-6.827560156193301921e-02,-1.341645379508033756e-03,2.712439892909216255e+01,6.825907839430195301e-02,9.976185705494787781e-01,-9.893730922917183535e-03,1.827892136314936744e+00,2.013950776143187075e-03,9.779055484591302888e-03,9.999501557958279108e-01,2.973247264352363861e-01,0.000000000000000000e+00,0.000000000000000000e+00,0.000000000000000000e+00,1.000000000000000056e-01
9.977757758293835932e-01,-6.665909216837188900e-02,-2.580685183297009612e-04,2.808143212796142407e+01,6.665075227435070249e-02,9.976990341588404254e-01,-1.242233713035157533e-02,1.878912971797448206e+00,1.085536427203039446e-03,1.237750660696569985e-02,9.999228064910109515e-01,3.124908746687461436e-01,0.000000000000000000e+00,0.000000000000000000e+00,0.000000000000000000e+00,1.000000000000000056e-01
9.978524587126977874e-01,-6.545047121906626131e-02,2.589683035815090219e-03,2.909467383883803038e+01,6.547913739439382985e-02,9.977663314305559306e-01,-1.322234584694433925e-02,1.927865392956130242e+00,-1.718489775909197046e-03,1.336352052463310285e-02,9.999092274362096910e-01,3.185324789772032705e-01,0.000000000000000000e+00,0.000000000000000000e+00,0.000000000000000000e+00,1.000000000000000056e-01
9.981092208658037812e-01,-6.115179777761718671e-02,6.200068646679580964e-03,3.005093378872910392e+01,6.124819082164850714e-02,9.979815618649826581e-01,-1.677680835572781942e-02,1.988588247647073093e+00,-5.161622199760091539e-03,1.712483010412955281e-02,9.998400361308661388e-01,3.305705330692183530e-01,0.000000000000000000e+00,0.000000000000000000e+00,0.000000000000000000e+00,1.000000000000000056e-01
9.982286740298266237e-01,-5.913784716069112046e-02,6.498413487379092572e-03,3.096591676714625407e+01,5.928621476782633404e-02,9.979104914685238414e-01,-2.568648974757833589e-02,2.046206687177904548e+00,-4.965791292169207012e-03,2.602625693886875466e-02,9.996489258067526862e-01,3.558090918897225396e-01,0.000000000000000000e+00,0.000000000000000000e+00,0.000000000000000000e+00,1.000000000000000056e-01
9.984050197481034727e-01,-5.636119911639541485e-02,3.291166351191324169e-03,3.190059318154207091e+01,5.642759494338064202e-02,9.980722331737856834e-01,-2.584074101875036972e-02,2.092209361815112079e+00,-1.828406600006948291e-03,2.598523814888739625e-02,9.996606545861703719e-01,3.554002265076977585e-01,0.000000000000000000e+00,0.000000000000000000e+00,0.000000000000000000e+00,1.000000000000000056e-01
9.983494581372468479e-01,-5.741813028504481886e-02,1.231970630871051129e-03,3.287664621950002442e+01,5.742990093591510137e-02,9.979424895785036220e-01,-2.850603396386825958e-02,2.159844810194855302e+00,4.073273335882435339e-04,2.852973551275670913e-02,9.995928612570297300e-01,3.625566025994003683e-01,0.000000000000000000e+00,0.000000000000000000e+00,0.000000000000000000e+00,1.000000000000000056e-01
9.983222532809888916e-01,-5.790024924616314628e-02,-4.896337419226349337e-04,3.384863589620272961e+01,5.786542953209536377e-02,9.979523492647837113e-01,-2.725253496402164216e-02,2.231278334705191657e+00,2.066559710037628884e-03,2.717847924611126176e-02,9.996284607777199405e-01,3.666641718717141840e-01,0.000000000000000000e+00,0.000000000000000000e+00,0.000000000000000000e+00,1.000000000000000056e-01
9.982125886726244124e-01,-5.968363200026737675e-02,3.080890578177107077e-03,3.484049640160851169e+01,5.974836430882344424e-02,9.977841563650269308e-01,-2.927302972621216581e-02,2.285455006859903992e+00,-1.326943072687270832e-03,2.940478495395347502e-02,9.995667050496898076e-01,3.821344197354394900e-01,0.000000000000000000e+00,0.000000000000000000e+00,0.000000000000000000e+00,1.000000000000000056e-01
9.980585593276759537e-01,-6.226523487667446483e-02,1.467200912089174688e-03,3.581885334664197273e+01,6.228126093513419032e-02,9.976117182540579220e-01,-2.986476416307111414e-02,2.352637227208233650e+00,3.958397322169103028e-04,2.989816261810565590e-02,9.995528716295940530e-01,3.916086662188129619e-01,0.000000000000000000e+00,0.000000000000000000e+00,0.000000000000000000e+00,1.000000000000000056e-01
9.978609486756624403e-01,-6.533857213125203456e-02,2.097164742260178988e-03,3.680864986049220278e+01,6.537183660228261528e-02,9.974513248454436321e-01,-2.858981537739880771e-02,2.405821064294762390e+00,-2.238020363312185745e-04,2.866575580581231728e-02,9.995890277292613924e-01,4.095438431578333760e-01,0.000000000000000000e+00,0.000000000000000000e+00,0.000000000000000000e+00,1.000000000000000056e-01
9.979509759827055460e-01,-6.387312686176149779e-02,3.751426404276156801e-03,3.780234533117061346e+01,6.395132711622777966e-02,9.975883085672911932e-01,-2.697766427851655199e-02,2.477718514937172767e+00,-2.019231348460827271e-03,2.716229509361168734e-02,9.996289973935374995e-01,4.250091921600805955e-01,0.000000000000000000e+00,0.000000000000000000e+00,0.000000000000000000e+00,1.000000000000000056e-01
9.978924265636395230e-01,-6.452662872634265523e-02,6.857054188493725416e-03,3.880918719999683475e+01,6.468444039193660400e-02,9.975660228042914079e-01,-2.603753670395649727e-02,2.534495607178723464e+00,-5.160249811124473576e-03,2.642620539617088204e-02,9.996374480231551285e-01,4.433718674558149164e-01,0.000000000000000000e+00,0.000000000000000000e+00,0.000000000000000000e+00,1.000000000000000056e-01
9.981063253741073726e-01,-6.069550733276215387e-02,9.990927775495208121e-03,3.981587644111471747e+01,6.091791757757642617e-02,9.978611726595204567e-01,-2.370838283347029632e-02,2.606455328695435725e+00,-8.530566581895394559e-03,2.427211338522873921e-02,9.996689921897179421e-01,4.511014936402654718e-01,0.000000000000000000e+00,0.000000000000000000e+00,0.000000000000000000e+00,1.000000000000000056e-01
9.980610407348212698e-01,-6.190407436652874129e-02,6.484176443359002638e-03,4.080757370494623615e+01,6.204481056338920220e-02,9.977752995249757895e-01,-2.439043132045752224e-02,2.662987599278725970e+00,-4.959884018652007363e-03,2.474544876675481911e-02,9.996814804305687030e-01,4.858125723446622413e-01,0.000000000000000000e+00,0.000000000000000000e+00,0.000000000000000000e+00,1.000000000000000056e-01
9.979437972263754952e-01,-6.385556648471296670e-02,5.535720939426020532e-03,4.180320795421874891e+01,6.396031576236196892e-02,9.977220864475403461e-01,-2.144099396823140671e-02,2.719505016935004793e+00,-4.153984229838737774e-03,2.175097339622266909e-02,9.997547897216272350e-01,5.148832154546668649e-01,0.000000000000000000e+00,0.000000000000000000e+00,0.000000000000000000e+00,1.000000000000000056e-01
9.978657496292525630e-01,-6.520231125330804012e-02,3.550256902892724893e-03,4.280561585555958715e+01,6.526155036424889644e-02,9.976584831014196908e-01,-2.045681157533566635e-02,2.775792599383029913e+00,-2.208112520774989027e-03,2.064484688732085016e-02,9.997844340337044278e-01,5.350447332314187676e-01,0.000000000000000000e+00,0.000000000000000000e+00,0.000000000000000000e+00,1.000000000000000056e-01
9.978608223317868564e-01,-6.517297206041947066e-02,5.124740787783324709e-03,4.386147703591872471e+01,6.526911073865712676e-02,9.976337272072589579e-01,-2.160762647625301056e-02,2.862003055724434919e+00,-3.704381016458526028e-03,2.189589119821666249e-02,9.997533933475398760e-01,5.653171437099784313e-01,0.000000000000000000e+00,0.000000000000000000e+00,0.000000000000000000e+00,1.000000000000000056e-01
9.979857427047700291e-01,-6.322747416337445858e-02,5.171447469357228453e-03,4.484474385811765984e+01,6.331573316480593183e-02,9.978089616965729602e-01,-1.919358986250552929e-02,2.926923753670380268e+00,-3.946554422733732255e-03,1.948236302214895882e-02,9.998024115990427063e-01,5.787682036675808606e-01,0.000000000000000000e+00,0.000000000000000000e+00,0.000000000000000000e+00,1.000000000000000056e-01
9.978135313394319583e-01,-6.540421281497904582e-02,9.510290320777041451e-03,4.582051098311983850e+01,6.558191671353169605e-02,9.976515479083393201e-01,-1.975857171644374369e-02,3.020727929221332708e+00,-8.195662030118601449e-03,2.033907328634685860e-02,9.997595477022165333e-01,5.866255136102063172e-01,0.000000000000000000e+00,0.000000000000000000e+00,0.000000000000000000e+00,1.000000000000000056e-01
9.977641227605607011e-01,-6.623578730636210665e-02,8.920527549145060298e-03,4.675641774824966035e+01,6.639435944234735321e-02,9.976155943422504446e-01,-1.883918680301045062e-02,3.094675658291361486e+00,-7.651429022677743753e-03,1.938933740654135568e-02,9.997827310115163790e-01,6.014709683224934711e-01,0.000000000000000000e+00,0.000000000000000000e+00,0.000000000000000000e+00,1.000000000000000056e-01
9.978322887295002497e-01,-6.575366471410279412e-02,2.679392750698951844e-03,4.772650832088097417e+01,6.579202562010810773e-02,9.976629073726942520e-01,-1.844268465993873646e-02,3.129856911838704736e+00,-1.460456658098098319e-03,1.857898892104343364e-02,9.998263290377091828e-01,6.023178924850880467e-01,0.000000000000000000e+00,0.000000000000000000e+00,0.000000000000000000e+00,1.000000000000000056e-01
9.977809774728499947e-01,-6.642939371897102485e-02,4.500738101017032200e-03,4.869080731932663042e+01,6.650710038404150648e-02,9.975822701659980973e-01,-2.015985736458757518e-02,3.196877497879564434e+00,-3.150649430044688819e-03,2.041445322763804290e-02,9.997866389923329988e-01,6.206505501331923691e-01,0.000000000000000000e+00,0.000000000000000000e+00,0.000000000000000000e+00,1.000000000000000056e-01
9.980294520589290119e-01,-6.260979965034217665e-02,4.150398860111799947e-03,4.968342462727812858e+01,6.268315954418686442e-02,9.978151873701066599e-01,-2.087279001755589294e-02,3.264594653739901542e+00,-2.834489815120295846e-03,2.109181929808278885e-02,9.997735247675770820e-01,6.291732625672339374e-01,0.000000000000000000e+00,0.000000000000000000e+00,0.000000000000000000e+00,1.000000000000000056e-01
9.981460831676534085e-01,-6.066216317961350968e-02,4.949607604847733495e-03,5.069574851970586593e+01,6.074656159458971527e-02,9.979686490919266184e-01,-1.919454829032634161e-02,3.358396288474973179e+00,-3.775170394398271421e-03,1.945963483739854630e-02,9.998035160472723559e-01,6.571370664397724326e-01,0.000000000000000000e+00,0.000000000000000000e+00,0.000000000000000000e+00,1.000000000000000056e-01
9.982385759084776433e-01,-5.916000635045658845e-02,4.454123575784069665e-03,5.163352858521677291e+01,5.923304757460957221e-02,9.980709566502636854e-01,-1.859600941738576499e-02,3.431721243114100428e+00,-3.345391343095607557e-03,1.882708527205941354e-02,9.998171578928419789e-01,6.712788264531160953e-01,0.000000000000000000e+00,0.000000000000000000e+00,0.000000000000000000e+00,1.000000000000000056e-01
9.983929791360506290e-01,-5.659889277852673400e-02,2.832763330455055108e-03,5.256502652764887529e+01,5.664297619923289867e-02,9.982100008516445744e-01,-1.919290095459322970e-02,3.518228520136125859e+00,-1.741395743268142745e-03,1.932251370822451325e-02,9.998117862902301534e-01,7.003653484235737858e-01,0.000000000000000000e+00,0.000000000000000000e+00,0.000000000000000000e+00,1.000000000000000056e-01
9.982361531211867423e-01,-5.928052775854290857e-02,3.225155885092950703e-03,5.352228922679700673e+01,5.933790144894890428e-02,9.979886934334605275e-01,-2.230652887854045127e-02,3.589707035656124035e+00,-1.896326303502094378e-03,2.245855755926802130e-02,9.997459763054351578e-01,7.204886314119711699e-01,0.000000000000000000e+00,0.000000000000000000e+00,0.000000000000000000e+00,1.000000000000000056e-01
9.983859433149374629e-01,-5.661834027721495549e-02,4.457772470188007055e-03,5.446927689711012022e+01,5.671502641170477615e-02,9.980557499483858619e-01,-2.584812902484019681e-02,3.641150949652885771e+00,-2.985627281175001931e-03,2.605923136277538132e-02,9.996559420573256638e-01,7.459370064882112628e-01,0.000000000000000000e+00,0.000000000000000000e+00,0.000000000000000000e+00,1.000000000000000056e-01
9.982410250485713732e-01,-5.872672386051348836e-02,8.125750093904258661e-03,5.541219146564110076e+01,5.894690495788984519e-02,9.978039647251106814e-01,-3.020778665734459578e-02,3.686580804972204195e+00,-6.333901314599929729e-03,3.063363973577316185e-02,9.995106111546169236e-01,7.516322077133791302e-01,0.000000000000000000e+00,0.000000000000000000e+00,0.000000000000000000e+00,1.000000000000000056e-01
9.979494594087160442e-01,-6.280994238656210926e-02,1.232021116897991445e-02,5.637101180370781606e+01,6.312089943916461554e-02,9.976480058192174205e-01,-2.672468033353532502e-02,3.738942139467055004e+00,-1.061265847195581868e-02,2.744754310198877639e-02,9.995669081446334481e-01,7.749734314779901379e-01,0.000000000000000000e+00,0.000000000000000000e+00,0.000000000000000000e+00,1.000000000000000056e-01
9.977272104058605429e-01,-6.612052594027517660e-02,1.298035689498092983e-02,5.733679029738556210e+01,6.642384727109584830e-02,9.974901135561079490e-01,-2.452235452661684356e-02,3.833844314533925157e+00,-1.132634669457954248e-02,2.532882561834148144e-02,9.996150081223019734e-01,7.796984698273189407e-01,0.000000000000000000e+00,0.000000000000000000e+00,0.000000000000000000e+00,1.000000000000000056e-01
9.977584437043023335e-01,-6.650759094304421748e-02,7.404617729585232129e-03,5.821186526580361686e+01,6.668841982791252898e-02,9.973899326625781381e-01,-2.767628739903320659e-02,3.897899547296846290e+00,-5.544607977546117845e-03,2.810805169858815108e-02,9.995895131263057287e-01,7.925943857116214408e-01,0.000000000000000000e+00,0.000000000000000000e+00,0.000000000000000000e+00,1.000000000000000056e-01
9.975811903283621218e-01,-6.945924920647912615e-02,2.679813933918100913e-03,5.909957828572200356e+01,6.950544170015039713e-02,9.972451659239482957e-01,-2.590506929895871821e-02,3.958279277366516968e+00,-8.730848270279796194e-04,2.602867151794514486e-02,9.996608154678744418e-01,7.976511814807840661e-01,0.000000000000000000e+00,0.000000000000000000e+00,0.000000000000000000e+00,1.000000000000000056e-01
9.976869411203603821e-01,-6.783873887489492993e-02,-4.321229658598741731e-03,6.006970542221493758e+01,6.770894452436461430e-02,9.973858140710404330e-01,-2.523958639210367380e-02,4.029588905449932312e+00,6.022154871393702903e-03,2.488861984344988357e-02,9.996720913644600026e-01,8.198448473381558799e-01,0.000000000000000000e+00,0.000000000000000000e+00,0.000000000000000000e+00,1.000000000000000056e-01
9.979338460117164189e-01,-6.412440921728261578e-02,-4.012371717380976491e-03,6.096008392328419490e+01,6.401652780155099587e-02,9.976865366083034203e-01,-2.287922286183870224e-02,4.117064559878544472e+00,5.470205891664888312e-03,2.257509275867800730e-02,9.997301846170495443e-01,8.367119344618101362e-01,0.000000000000000000e+00,0.000000000000000000e+00,0.000000000000000000e+00,1.000000000000000056e-01
9.977900325020834238e-01,-6.642854835751556275e-02,-1.516246221565665511e-03,6.184874263844504583e+01,6.638432847559770644e-02,9.975883471881183961e-01,-2.026352603378943351e-02,4.180924982777627363e+00,2.858666181131278537e-03,2.011808931263927430e-02,9.997935239388549000e-01,8.566646306986390735e-01,0.000000000000000000e+00,0.000000000000000000e+00,0.000000000000000000e+00,1.000000000000000056e-01
9.978199821031626948e-01,-6.597932201103781646e-02,-1.418584719978589412e-03,6.272015803325894723e+01,6.594408965785403254e-02,9.976669498106925937e-01,-1.766449248141560568e-02,4.243951627005905891e+00,2.580766328221971266e-03,1.753243629370604406e-02,9.998429643312825021e-01,8.813343863647330467e-01,0.000000000000000000e+00,0.000000000000000000e+00,0.000000000000000000e+00,1.000000000000000056e-01
9.977494170074581170e-01,-6.704785266133996002e-02,-8.284411751121043607e-04,6.352590632870101217e+01,6.702600576303864577e-02,9.976224084376846823e-01,-1.603261471022569482e-02,4.306396085328813683e+00,1.901423869231526993e-03,1.594100487725548174e-02,9.998711261711545895e-01,9.018638578547516493e-01,0.000000000000000000e+00,0.000000000000000000e+00,0.000000000000000000e+00,1.000000000000000056e-01
9.975005785997353991e-01,-7.065806768602711507e-02,-1.821100489254632660e-04,6.434717332700614634e+01,7.064716283093444571e-02,9.973857701855179947e-01,-1.518564504327890412e-02,4.364560747443398725e+00,1.254622306730028471e-03,1.513482415880132263e-02,9.998846748603308354e-01,9.237492995549888564e-01,0.000000000000000000e+00,0.000000000000000000e+00,0.000000000000000000e+00,1.000000000000000056e-01
9.974722585889997939e-01,-7.105476141024470726e-02,5.605589110811446188e-04,6.513841706280885546e+01,7.105444962868560921e-02,9.973393279724619420e-01,-1.629509335360249458e-02,4.423762585696804805e+00,5.987765227312455245e-04,1.629373377624780336e-02,9.998670690178292908e-01,9.361526948556868621e-01,0.000000000000000000e+00,0.000000000000000000e+00,0.000000000000000000e+00,1.000000000000000056e-01
9.971905479830975860e-01,-7.486763046440907121e-02,2.418454426754923069e-03,6.594611796099368917e+01,7.489826929927111132e-02,9.970426105120470117e-01,-1.721284634499278474e-02,4.487913169686656545e+00,-1.122617095658571141e-03,1.734562573005531474e-02,9.998489230873278677e-01,9.566126679472696237e-01,0.000000000000000000e+00,0.000000000000000000e+00,0.000000000000000000e+00,1.000000000000000056e-01
9.970274240732489579e-01,-7.703931766563978933e-02,1.122131665410470384e-03,6.668026307064415903e+01,7.704737449890436407e-02,9.968950188112508659e-01,-1.624880156015955091e-02,4.561478973367684375e+00,1.331491173810040547e-04,1.628695806246522465e-02,9.998673498361589917e-01,9.765877667122863093e-01,0.000000000000000000e+00,0.000000000000000000e+00,0.000000000000000000e+00,1.000000000000000056e-01
9.969596073949813508e-01,-7.769711439072282677e-02,5.890639880307901692e-03,6.745196012605948965e+01,7.779682274004334763e-02,9.967846746278757886e-01,-1.918246070122552396e-02,4.633299968326213936e+00,-4.381277713044037271e-03,1.958241155615720111e-02,9.997986465100092701e-01,9.835348690055006893e-01,0.000000000000000000e+00,0.000000000000000000e+00,0.000000000000000000e+00,1.000000000000000056e-01
9.967014602632643383e-01,-8.071054522829407274e-02,8.485693726974160439e-03,6.817885979556110954e+01,8.083967597901534075e-02,9.965959285920227284e-01,-1.617102041961902131e-02,4.688544924567690231e+00,-7.151635944615986930e-03,1.680366039752709956e-02,9.998332316444379364e-01,1.006191140503109427e+00,0.000000000000000000e+00,0.000000000000000000e+00,0.000000000000000000e+00,1.000000000000000056e-01
9.965495743477580382e-01,-8.231818963275118473e-02,1.061421324868871974e-02,6.886559115590958413e+01,8.247555101541147182e-02,9.964748012706315938e-01,-1.535428009902882127e-02,4.762897588117077419e+00,-9.312859496764965689e-03,1.617671438338410747e-02,9.998257771030670815e-01,1.023130152890717515e+00,0.000000000000000000e+00,0.000000000000000000e+00,0.000000000000000000e+00,1.000000000000000056e-01
9.965439633476166348e-01,-8.284660189819297027e-02,6.047286114160886281e-03,6.951718632429151512e+01,8.290597999439390520e-02,9.965037751127490129e-01,-1.033560192774890009e-02,4.816068126678284322e+00,-5.169873943661820737e-03,1.080123789026315485e-02,9.999283002612959770e-01,1.046086858052934332e+00,0.000000000000000000e+00,0.000000000000000000e+00,0.000000000000000000e+00,1.000000000000000056e-01
9.966990455109707714e-01,-8.118177197869526351e-02,7.297779929847103293e-04,7.019255867709998142e+01,8.118500322008632974e-02,9.966483170842260764e-01,-1.005620730367982711e-02,4.883688769554699327e+00,8.904871974450980594e-05,1.008225924974854963e-02,9.999491687674660900e-01,1.055272170435997747e+00,0.000000000000000000e+00,0.000000000000000000e+00,0.000000000000000000e+00,1.000000000000000056e-01
9.965098726422518816e-01,-8.336023876223799811e-02,-4.375422268256204048e-03,7.092487920503087651e+01,8.331514159277586540e-02,9.964766424199574812e-01,-9.637857273478560652e-03,4.945513967844515690e+00,5.163420174515001571e-03,9.239680998330371611e-03,9.999439821245740267e-01,1.083154824894701829e+00,0.000000000000000000e+00,0.000000000000000000e+00,0.000000000000000000e+00,1.000000000000000056e-01
9.965045174475257728e-01,-8.344693111798621998e-02,-3.918723473758044772e-03,7.162143873308744446e+01,8.340494989736331466e-02,9.964668278562195392e-01,-9.872958765313445684e-03,5.000719343245290105e+00,4.728746059161213940e-03,9.511607075217583945e-03,9.999435825543132594e-01,1.085846689566827949e+00,0.000000000000000000e+00,0.000000000000000000e+00,0.000000000000000000e+00,1.000000000000000056e-01
9.964653236426536109e-01,-8.400211565095307142e-02,-7.094673392737610787e-04,7.229403176656316532e+01,8.398963142475039667e-02,9.964082943524796843e-01,-1.078205725808823942e-02,5.066209492520561852e+00,1.612634762173686519e-03,1.068435827488101869e-02,9.999416202445909896e-01,1.100416388273548707e+00,0.000000000000000000e+00,0.000000000000000000e+00,0.000000000000000000e+00,1.000000000000000056e-01
9.954976741491419201e-01,-9.475920008391432170e-02,2.252723486257205386e-03,7.289335222525818381e+01,9.477678660193707139e-02,9.954509130669646488e-01,-9.738603367899575577e-03,5.154709579292060084e+00,-1.319653386205453310e-03,9.908262895335197620e-03,9.999500411727263449e-01,1.108730381284865230e+00,0.000000000000000000e+00,0.000000000000000000e+00,0.000000000000000000e+00,1.000000000000000056e-01
9.956698629134280720e-01,-9.294502930445340538e-02,-1.656989302840489002e-03,7.345487007049813144e+01,9.292021526074394078e-02,9.956078959964677066e-01,-1.143464146284425484e-02,5.215219893919136318e+00,2.712504719339650476e-03,1.123116009506965052e-02,9.999332494527154447e-01,1.121347729464328591e+00,0.000000000000000000e+00,0.000000000000000000e+00,0.000000000000000000e+00,1.000000000000000056e-01
9.956274840372776325e-01,-9.327646907735015480e-02,-5.041165149300723923e-03,7.407906523304617963e+01,9.317772139474550519e-02,9.955014291830910356e-01,-1.717022801555935507e-02,5.268737795246975608e+00,6.620065353421233749e-03,1.662542663769129431e-02,9.998398721414500923e-01,1.159965380617319353e+00,0.000000000000000000e+00,0.000000000000000000e+00,0.000000000000000000e+00,1.000000000000000056e-01
9.957891965170053705e-01,-9.130858026940238958e-02,-8.162062803168904090e-03,7.470874007914524384e+01,9.113102672237746726e-02,9.956385285113720229e-01,-1.997639888056056828e-02,5.317534002510791780e+00,9.950480819643756775e-03,1.914846502715130544e-02,9.997671349962259368e-01,1.173149732427021696e+00,0.000000000000000000e+00,0.000000000000000000e+00,0.000000000000000000e+00,1.000000000000000056e-01
9.960396844159141727e-01,-8.827161163185950898e-02,-1.063342130079979186e-02,7.529014040867986068e+01,8.804230733703791167e-02,9.959080950590754044e-01,-2.038671907331156621e-02,5.363510961870194826e+00,1.238947890012729799e-02,1.936979028584792997e-02,9.997356210703235435e-01,1.189248471369620752e+00,0.000000000000000000e+00,0.000000000000000000e+00,0.000000000000000000e+00,1.000000000000000056e-01
9.963356388728643598e-01,-8.502229425377400007e-02,-9.300762959343025771e-03,7.584788361386242173e+01,8.481404635228126376e-02,9.961782210955592021e-01,-2.086934010073811241e-02,5.438140978972501038e+00,1.103957667459684600e-02,2.000403196137869738e-02,9.997389491522943317e-01,1.194010866458510733e+00,0.000000000000000000e+00,0.000000000000000000e+00,0.000000000000000000e+00,1.000000000000000056e-01
9.969303350725472468e-01,-7.820227654623400360e-02,-3.782982305665378263e-03,7.639247063309555585e+01,7.810663064041990788e-02,9.967247448110450048e-01,-2.095560381755469728e-02,5.467029728825806068e+00,5.409367998172751914e-03,2.059580113381450847e-02,9.997732501490108614e-01,1.215155897353672909e+00,0.000000000000000000e+00,0.000000000000000000e+00,0.000000000000000000e+00,1.000000000000000056e-01
9.976067295906827503e-01,-6.913059652350986295e-02,1.331803170883005772e-03,7.698270925207638982e+01,6.914097169504082596e-02,9.972240585551025438e-01,-2.763517816036380539e-02,5.480867298540143651e+00,5.823301879949156854e-04,2.766112187155778460e-02,9.996171883417966919e-01,1.229625171360749780e+00,0.000000000000000000e+00,0.000000000000000000e+00,0.000000000000000000e+00,1.000000000000000056e-01
9.983334317566961991e-01,-5.770443298816819305e-02,7.466260188739864837e-04,7.753793448853120651e+01,5.770149526842562743e-02,9.979032427866821875e-01,-2.931988198495645223e-02,5.517968867615842932e+00,9.468266398386572134e-04,2.931409983843824910e-02,9.995698009993980726e-01,1.235018816783637563e+00,0.000000000000000000e+00,0.000000000000000000e+00,0.000000000000000000e+00,1.000000000000000056e-01
9.989516734574965806e-01,-4.577647348831608703e-02,2.618614912384982355e-04,7.805525330263549222e+01,4.576903462881474344e-02,9.986484694738312351e-01,-2.462579717939703677e-02,5.550735971072359831e+00,8.657745742718561243e-04,2.461196645024401469e-02,9.996967047769231840e-01,1.248197020227496568e+00,0.000000000000000000e+00,0.000000000000000000e+00,0.000000000000000000e+00,1.000000000000000056e-01
9.995774494799982701e-01,-2.906035330852014750e-02,6.468049516907110018e-04,7.857498325929574889e+01,2.906753728686658003e-02,9.993507015678260164e-01,-2.128975227593258440e-02,5.574123699368731089e+00,-2.769725926018393484e-05,2.129955730708828210e-02,9.997731383125793014e-01,1.261562389091470449e+00,0.000000000000000000e+00,0.000000000000000000e+00,0.000000000000000000e+00,1.000000000000000056e-01
9.998685975810892579e-01,-1.615443587364697939e-02,-1.349730650926702887e-03,7.905580391328214773e+01,1.613143623105286681e-02,9.997482206016281570e-01,-1.559718464985677781e-02,5.599196864434516918e+00,1.601354535790990930e-03,1.557336204814106610e-02,9.998774455192837030e-01,1.249898260220004165e+00,0.000000000000000000e+00,0.000000000000000000e+00,0.000000000000000000e+00,1.000000000000000056e-01
9.999411496364773999e-01,1.083463876744546889e-02,5.548571516856598725e-04,7.955269488381745191e+01,-1.082405930476233388e-02,9.998063640090377735e-01,-1.643393523153722710e-02,5.607084658398839849e+00,-7.328054631325518417e-04,1.642696228175922687e-02,9.998647998136281911e-01,1.270043604053537889e+00,0.000000000000000000e+00,0.000000000000000000e+00,0.000000000000000000e+00,1.000000000000000056e-01
9.993730897904439248e-01,3.511944969526984567e-02,4.477907525032670706e-03,8.006715159868586795e+01,-3.504867426951974868e-02,9.992728856766164292e-01,-1.500967632818535867e-02,5.599750331944684412e+00,-5.001783147082420992e-03,1.484332188659918429e-02,9.998773214553475785e-01,1.290909280809435122e+00,0.000000000000000000e+00,0.000000000000000000e+00,0.000000000000000000e+00,1.000000000000000056e-01
9.979992478989150317e-01,6.304623984874874187e-02,4.761599955275495032e-03,8.054221239042867353e+01,-6.296767002838177252e-02,9.979004299769568265e-01,-1.515930021476961237e-02,5.565397966135020802e+00,-5.707339520027227518e-03,1.482914335822298896e-02,9.998737534223329781e-01,1.298594596316407612e+00,0.000000000000000000e+00,0.000000000000000000e+00,0.000000000000000000e+00,1.000000000000000056e-01
9.952553779032400350e-01,9.714236109140875208e-02,5.485839613513275072e-03,8.101266875127194567e+01,-9.705355850286551123e-02,9.951716543123613201e-01,-1.462823417671657057e-02,5.493126601727816194e+00,-6.880373289996578358e-03,1.402640847773769552e-02,9.998779527165332359e-01,1.307243173691257976e+00,0.000000000000000000e+00,0.000000000000000000e+00,0.000000000000000000e+00,1.000000000000000056e-01
