1.000000000000000000e+00,-1.036640005957843298e-13,4.181360711739004539e-14,6.249442130323565503e-21,1.036640005957847085e-13,1.000000000000000000e+00,-9.169632387521090029e-15,2.422328767424168268e-20,-4.181360711738909876e-14,9.169632387525425609e-15,1.000000000000000000e+00,-1.308723121728512834e-20,0.000000000000000000e+00,0.000000000000000000e+00,0.000000000000000000e+00,1.000000000000000056e-01
9.999970979314637409e-01,-2.266487689257039220e-03,-8.167999785671451731e-04,6.462950337568400538e-01,2.265296202215426238e-03,9.999963732074182987e-01,-1.456710378220208140e-03,1.709475435435692942e-02,8.200986323420911316e-04,1.454855856857435389e-03,9.999986054153621184e-01,6.593484002736181224e-03,0.000000000000000000e+00,0.000000000000000000e+00,0.000000000000000000e+00,1.000000000000000056e-01
9.999758304742148995e-01,-6.895626655359892408e-03,-8.881443768964338752e-04,1.299010191302810480e+00,6.894957230176649611e-03,9.999759447795473211e-01,-7.546038998679113720e-04,1.889583611648469261e-02,8.933264791538216053e-04,7.484619439565731334e-04,9.999993208860294969e-01,1.042917061274321877e-02,0.000000000000000000e+00,0.000000000000000000e+00,0.000000000000000000e+00,1.000000000000000056e-01
9.999237797337313660e-01,-1.193638309990148298e-02,-3.155547733864013261e-03,2.001015354388967715e+00,1.193593400201447587e-02,9.999287512225759622e-01,-1.611147398009758671e-04,2.351827675137490442e-02,3.157246032203177896e-03,1.234380501010012214e-04,9.999950082678112917e-01,1.659118523731902342e-02,0.000000000000000000e+00,0.000000000000000000e+00,0.000000000000000000e+00,1.000000000000000056e-01
9.998456291831676612e-01,-1.707137967384977570e-02,-4.157619432658478040e-03,2.705494402761084327e+00,1.706789731738704227e-02,9.998539529040826324e-01,-8.716325164566563095e-04,3.301893199972096710e-02,4.171892194038913371e-03,8.005361402717253543e-04,9.999909771879991194e-01,1.898336125123039481e-02,0.000000000000000000e+00,0.000000000000000000e+00,0.000000000000000000e+00,1.000000000000000056e-01
9.997468972988512448e-01,-2.212935129870563858e-02,-4.053782482891368950e-03,3.417110376345414924e+00,2.212818376180597166e-02,9.997550864247657376e-01,-3.326427707471922698e-04,3.937004939360787964e-02,4.060150825261101860e-03,2.428557342515882869e-04,9.999917280639717410e-01,3.633482272963874798e-02,0.000000000000000000e+00,0.000000000000000000e+00,0.000000000000000000e+00,1.000000000000000056e-01
9.996154042816409735e-01,-2.738619616429576256e-02,-4.363459923291455531e-03,4.159164069636069883e+00,2.739227095572620632e-02,9.996238651383996254e-01,1.338558050592202628e-03,6.777601373007414998e-02,4.325160660546294514e-03,-1.457568323420421535e-03,9.999895841856769607e-01,4.717200769201674443e-02,0.000000000000000000e+00,0.000000000000000000e+00,0.000000000000000000e+00,1.000000000000000056e-01
9.994664664750102512e-01,-3.231965931425092448e-02,-4.714023097949539449e-03,4.927043499448997999e+00,3.233571767856584928e-02,9.994713791046394569e-01,3.371010661821056530e-03,1.001081133639922377e-01,4.602581250703987638e-03,-3.521643434645411758e-03,9.999832069956724467e-01,5.711971164170930731e-02,0.000000000000000000e+00,0.000000000000000000e+00,0.000000000000000000e+00,1.000000000000000056e-01
9.993097694701884581e-01,-3.688032227007578129e-02,-4.452692521856244263e-03,5.697602323286775849e+00,3.689770642297118125e-02,9.993114871836643598e-01,3.887266841538879279e-03,1.416074602276660155e-01,4.306263132122011526e-03,-4.048877872750536108e-03,9.999825311903245417e-01,6.517077271397492266e-02,0.000000000000000000e+00,0.000000000000000000e+00,0.000000000000000000e+00,1.000000000000000056e-01
9.991994758008629907e-01,-3.995782911383397029e-02,-1.944081220076230958e-03,6.491116762649260963e+00,3.996595387395179833e-02,9.991916290462588002e-01,4.337162070824089090e-03,1.838508679448242200e-01,1.769206100421216645e-03,-4.411387127999597153e-03,9.999887047228989134e-01,7.641342764588249237e-02,0.000000000000000000e+00,0.000000000000000000e+00,0.000000000000000000e+00,1.000000000000000056e-01
9.990592638987753071e-01,-4.336497696649781186e-02,-2.568866139879368883e-04,7.288510170983005132e+00,4.336545680236379707e-02,9.990565869299953272e-01,2.318031085011301728e-03,2.203257365559732339e-01,1.561228991896503851e-04,-2.326990434847869653e-03,9.999972803668800703e-01,8.320142765466136126e-02,0.000000000000000000e+00,0.000000000000000000e+00,0.000000000000000000e+00,1.000000000000000056e-01
9.989371469936356718e-01,-4.609052011795834736e-02,4.902157397655192497e-04,8.096948879608392602e+00,4.608903847626681649e-02,9.989336999330807876e-01,2.695119726246395647e-03,2.712311959341686673e-01,-6.139124926522682504e-04,-2.669661638051118273e-03,9.999962480020561095e-01,9.759251321802310530e-02,0.000000000000000000e+00,0.000000000000000000e+00,0.000000000000000000e+00,1.000000000000000056e-01
9.988151639166936713e-01,-4.866453389151632197e-02,-1.774012116733218194e-04,8.927478379249899731e+00,4.866477168920847057e-02,9.988136068744486451e-01,1.765989493608770755e-03,3.059543106209784979e-01,9.124968853154234825e-05,-1.772530274997474254e-03,9.999984249037188189e-01,1.009916645097215515e-01,0.000000000000000000e+00,0.000000000000000000e+00,0.000000000000000000e+00,1.000000000000000056e-01
9.987078717101933734e-01,-5.080948103328643967e-02,-9.917768015124265105e-04,9.700704791191519405e+00,5.081157347731208446e-02,9.987058060892957112e-01,2.212890483026507156e-03,3.768606613709137299e-01,8.780574329890559722e-04,-2.260424884454287180e-03,9.999970597429205244e-01,1.185623420604298983e-01,0.000000000000000000e+00,0.000000000000000000e+00,0.000000000000000000e+00,1.000000000000000056e-01
9.985770942304429409e-01,-5.331350866995881316e-02,-1.206926502905553882e-03,1.050317292126247359e+01,5.331389803364727092e-02,9.985777599053323739e-01,2.927437551321495040e-04,4.394111010291901209e-01,1.189602766914490571e-03,-3.566731648639833645e-04,9.999992288144577968e-01,1.270780276581036372e-01,0.000000000000000000e+00,0.000000000000000000e+00,0.000000000000000000e+00,1.000000000000000056e-01
9.984431204007967464e-01,-5.576911415010950973e-02,-1.068284246892907668e-03,1.131010713110366872e+01,5.576894477391231703e-02,9.984436837215667770e-01,-1.877107144053627246e-04,4.967644055692711502e-01,1.077090118988345818e-03,1.278413862557420833e-04,9.999994117665547133e-01,1.503502829213055059e-01,0.000000000000000000e+00,0.000000000000000000e+00,0.000000000000000000e+00,1.000000000000000056e-01
9.982861357158577809e-01,-5.848506438831070631e-02,-2.070864794005198347e-03,1.216418244130954029e+01,5.848564933808134136e-02,9.982882244602199195e-01,2.229922972042648155e-04,5.461655780645391367e-01,2.054278219444539890e-03,-3.437259908392137028e-04,9.999978308943676675e-01,1.549264102025359746e-01,0.000000000000000000e+00,0.000000000000000000e+00,0.000000000000000000e+00,1.000000000000000056e-01
9.981981187112414222e-01,-5.989035494620859740e-02,-3.696104132129722063e-03,1.304150611666820225e+01,5.990330749936468441e-02,9.981980513140473743e-01,3.499157537896363003e-03,6.073780231206699076e-01,3.479878155188372620e-03,-3.714261333779047755e-03,9.999870472714981195e-01,1.697356226103249599e-01,0.000000000000000000e+00,0.000000000000000000e+00,0.000000000000000000e+00,1.000000000000000056e-01
9.983669064819488126e-01,-5.697605174091349700e-02,-4.153260126741655130e-03,1.392821239426205260e+01,5.700544728655192184e-02,9.983468787219447194e-01,7.340894074349108185e-03,6.695226208328163287e-01,3.728139123448159353e-03,-7.565664159041898297e-03,9.999644302196497581e-01,1.875832844169464109e-01,0.000000000000000000e+00,0.000000000000000000e+00,0.000000000000000000e+00,1.000000000000000056e-01
9.975289508912712488e-01,-7.011956088613553739e-02,-4.386264343973735741e-03,1.488594230398672025e+01,7.014121418819020681e-02,9.975245687897958957e-01,4.994470235981890265e-03,7.611621361949774123e-01,4.025196388514534762e-03,-5.289786561593378018e-03,9.999779077320491982e-01,1.915902295254632015e-01,0.000000000000000000e+00,0.000000000000000000e+00,0.000000000000000000e+00,1.000000000000000056e-01
9.972744736520635644e-01,-7.371044621381840634e-02,-3.224022481201470596e-03,1.582627550288971463e+01,7.371386433836026042e-02,9.972789756894063773e-01,9.543857680592672055e-04,8.417294067703215976e-01,3.144901636828454413e-03,-1.189439720305434907e-03,9.999943473974473029e-01,1.890877472824978034e-01,0.000000000000000000e+00,0.000000000000000000e+00,0.000000000000000000e+00,1.000000000000000056e-01
9.970695813979814082e-01,-7.648639286903131940e-02,-1.442760111168912146e-03,1.673085160887787737e+01,7.648948942593948586e-02,9.970678953445715198e-01,2.229367736737378897e-03,9.258583201554018149e-01,1.268013490968649109e-03,-2.333190740318325483e-03,9.999964741751622421e-01,2.048248924479351973e-01,0.000000000000000000e+00,0.000000000000000000e+00,0.000000000000000000e+00,1.000000000000000056e-01
9.970262696585449058e-01,-7.705432597319873678e-02,-1.117344880754932894e-03,1.760297609946367814e+01,7.705620203545686386e-02,9.970252213665122820e-01,1.746335285085581996e-03,1.001525199898090968e+00,9.794583387619430846e-04,-1.827240507736704834e-03,9.999978509244354941e-01,2.213468719677714469e-01,0.000000000000000000e+00,0.000000000000000000e+00,0.000000000000000000e+00,1.000000000000000056e-01
9.969716865570655839e-01,-7.774253137640842193e-02,-1.885475735295328486e-03,1.850193241071163897e+01,7.774423005465920522e-02,9.969729789818286836e-01,8.449102356962067328e-04,1.074987762698272453e+00,1.814082900106476397e-03,-9.889364419986526773e-04,9.999978655516946757e-01,2.241820225603837202e-01,0.000000000000000000e+00,0.000000000000000000e+00,0.000000000000000000e+00,1.000000000000000056e-01
9.968034306369129016e-01,-7.989211420071694325e-02,-4.132299851910001070e-04,1.941986044630621677e+01,7.989212256083820518e-02,9.968035156131597185e-01,3.737544680004992073e-06,1.150977190724804533e+00,4.116105016487576064e-04,-3.673941798188045267e-05,9.999999146135013506e-01,2.341748208879646798e-01,0.000000000000000000e+00,0.000000000000000000e+00,0.000000000000000000e+00,1.000000000000000056e-01
9.966382807976192915e-01,-8.192078196693559911e-02,1.059589869480570979e-03,2.034523877430659766e+01,8.192314854038522387e-02,9.966356976225617670e-01,-2.425687040718360263e-03,1.214464957028095204e+00,-8.573109095808580235e-04,2.504337500283955464e-03,9.999964966497078001e-01,2.501930166195951988e-01,0.000000000000000000e+00,0.000000000000000000e+00,0.000000000000000000e+00,1.000000000000000056e-01
9.966627941928737355e-01,-8.152724040021444574e-02,4.072314376254174140e-03,2.127860490906459745e+01,8.153413368852571730e-02,9.966693350981014055e-01,-1.556122993229040958e-03,1.304091039442516253e+00,-3.931884448330402390e-03,1.882962515314647251e-03,9.999904973232750516e-01,2.525135937682957965e-01,0.000000000000000000e+00,0.000000000000000000e+00,0.000000000000000000e+00,1.000000000000000056e-01
9.967815819067473715e-01,-7.981852258628152619e-02,7.448585343918786433e-03,2.224176784017256026e+01,7.983299149966435748e-02,9.968068619673599029e-01,-1.665353715972618491e-03,1.394256284513489375e+00,-7.291874909575245256e-03,2.254636761887059485e-03,9.999708721624720464e-01,2.641836666843994097e-01,0.000000000000000000e+00,0.000000000000000000e+00,0.000000000000000000e+00,1.000000000000000056e-01
9.969405515761768921e-01,-7.754413568099459420e-02,9.820572512619096112e-03,2.321438622135587693e+01,7.755591978767008288e-02,9.969876628508973493e-01,-8.242748291360606477e-04,1.471441781364590362e+00,-9.727071958024920140e-03,1.583396536866947318e-03,9.999514372840965226e-01,2.668892317559699023e-01,0.000000000000000000e+00,0.000000000000000000e+00,0.000000000000000000e+00,1.000000000000000056e-01
9.970943593594479015e-01,-7.545646162344700481e-02,1.044801095143647190e-02,2.413416844852072529e+01,7.547947759796423683e-02,9.971456838352424912e-01,-1.825834134058452844e-03,1.557093026512755163e+00,-1.028041804162086251e-02,2.609139324747859583e-03,9.999437511164683823e-01,2.643434189135742129e-01,0.000000000000000000e+00,0.000000000000000000e+00,0.000000000000000000e+00,1.000000000000000056e-01
9.971769468585298668e-01,-7.462852417640829239e-02,8.289754709995683646e-03,2.507453528051425806e+01,7.464945515918776364e-02,9.972073111119553745e-01,-2.244439640595035767e-03,1.633391316284351191e+00,-8.099104786151826996e-03,2.856929140721302472e-03,9.999631205487269359e-01,2.712726846776046807e-01,0.000000000000000000e+00,0.000000000000000000e+00,0.000000000000000000e+00,1.000000000000000056e-01
9.973967074912720721e-01,-7.193028434223022738e-02,5.083510599552127848e-03,2.600546204705690556e+01,7.195068271961704842e-02,9.974003676794680473e-01,-3.950418843988928036e-03,1.708063953341194319e+00,-4.786140590376736573e-03,4.305896806456219542e-03,9.999792758407252125e-01,2.724632867050257867e-01,0.000000000000000000e+00,0.000000000000000000e+00,0.000000000000000000e+00,1.000000000000000056e-01
9.974646316893746034e-01,-7.109953611113603578e-02,3.027291456320679256e-03,2.695864098106832429e+01,7.111171478934655288e-02,9.974598252874801174e-01,-4.125646275220442964e-03,1.778922891064440348e+00,-2.726270070789096629e-03,4.330462129019501012e-03,9.999869071889142536e-01,2.798488780230533046e-01,0.000000000000000000e+00,0.000000000000000000e+00,0.000000000000000000e+00,1.000000000000000056e-01
9.973796230690210596e-01,-7.219632474214912610e-02,4.645232009673485978e-03,2.792729038280405973e+01,7.222187686226208547e-02,9.973729229809449315e-01,-5.590438886012487861e-03,1.849835574666545135e+00,-4.229419486146998412e-03,5.911277203120810474e-03,9.999735840574179857e-01,2.874415879004191821e-01,0.000000000000000000e+00,0.000000000000000000e+00,0.000000000000000000e+00,1.000000000000000056e-01
9.975232896888036604e-01,-6.988256786760646544e-02,7.982057169459612009e-03,2.892192959335771008e+01,6.995772391587695704e-02,9.975041480621430479e-01,-9.559888248729673035e-03,1.919498332341502911e+00,-7.294065597256546921e-03,1.009461772667196063e-02,9.999224446425909463e-01,2.928174887174531116e-01,0.000000000000000000e+00,0.000000000000000000e+00,0.000000000000000000e+00,1.000000000000000056e-01
9.973756122612921216e-01,-7.135328491228967729e-02,1.227178873018412893e-02,2.986652823604744000e+01,7.149990547265522300e-02,9.973689582688922695e-01,-1.195510765430088038e-02,1.973250196590466965e+00,-1.138646493930525229e-02,1.280116455054656002e-02,9.998532285302357270e-01,2.985428967308381143e-01,0.000000000000000000e+00,0.000000000000000000e+00,0.000000000000000000e+00,1.000000000000000056e-01
9.974129682602476121e-01,-7.082555739689813668e-02,1.229272816346986194e-02,3.077262654407393683e+01,7.105972058243817391e-02,9.972757167367555242e-01,-1.979042490540141447e-02,2.019392646307653472e+00,-1.085757141482799823e-02,2.061274427651998975e-02,9.997285771229922346e-01,3.131681738959783967e-01,0.000000000000000000e+00,0.000000000000000000e+00,0.000000000000000000e+00,1.000000000000000056e-01
9.973904485378570772e-01,-7.158069543684318636e-02,9.407295372753523774e-03,3.171193995232923157e+01,7.177429188100971358e-02,9.971745056312225630e-01,-2.216881467527322819e-02,2.083980310615687781e+00,-7.793855941185830367e-03,2.278616597641827668e-02,9.997099811693704874e-01,3.091388877242178812e-01,0.000000000000000000e+00,0.000000000000000000e+00,0.000000000000000000e+00,1.000000000000000056e-01
9.974371817648735039e-01,-7.118655173861339336e-02,7.179365188675590828e-03,3.269091515501077794e+01,7.133510556752344078e-02,9.971836674226588482e-01,-2.315245427954587890e-02,2.166203301995622610e+00,-5.511002324163320407e-03,2.360525952117229972e-02,9.997061671192797316e-01,3.079787700341057866e-01,0.000000000000000000e+00,0.000000000000000000e+00,0.000000000000000000e+00,1.000000000000000056e-01
9.973975434365837112e-01,-7.185627856527393442e-02,5.900472643605806158e-03,3.365758677182105885e+01,7.197392771813498902e-02,9.971410434955604307e-01,-2.301071718589957349e-02,2.244794930754075768e+00,-4.230138944865366110e-03,2.337551298548393164e-02,9.997178058418147995e-01,3.064349210619003450e-01,0.000000000000000000e+00,0.000000000000000000e+00,0.000000000000000000e+00,1.000000000000000056e-01
9.975081909584905260e-01,-7.014195790409551157e-02,7.583845469137588668e-03,3.461264670432478852e+01,7.030537257378259575e-02,9.972366210986414181e-01,-2.400575195711249221e-02,2.301469046613453084e+00,-5.879077987345066730e-03,2.447911928858723801e-02,9.996830543531654012e-01,3.189747734217567299e-01,0.000000000000000000e+00,0.000000000000000000e+00,0.000000000000000000e+00,1.000000000000000056e-01
9.973393435212954961e-01,-7.223834186889797893e-02,9.790598987991229810e-03,3.559075871903888100e+01,7.244153306619101340e-02,9.971235354440758369e-01,-2.229079071111884913e-02,2.388516798493084625e+00,-8.152186917103147398e-03,2.294072857472424787e-02,9.997035884805702821e-01,3.145322020862538759e-01,0.000000000000000000e+00,0.000000000000000000e+00,0.000000000000000000e+00,1.000000000000000056e-01
9.973411136897042395e-01,-7.197346291931236428e-02,1.142469166248034559e-02,3.657196827841978148e+01,7.219932079323526652e-02,9.971739421770472456e-01,-2.076986085852252154e-02,2.466486233218877722e+00,-9.897526012892621239e-03,2.153949113812226798e-02,9.997190051711205561e-01,3.234597186967744231e-01,0.000000000000000000e+00,0.000000000000000000e+00,0.000000000000000000e+00,1.000000000000000056e-01
9.973895028522878903e-01,-7.108725536331635120e-02,1.267997338233501671e-02,3.757158849235338494e+01,7.133136867834390105e-02,9.972527814435819815e-01,-1.996811822665033390e-02,2.544158536704569151e+00,-1.122566000466139642e-02,2.082047136714141114e-02,9.997202071227277997e-01,3.191549336018092431e-01,0.000000000000000000e+00,0.000000000000000000e+00,0.000000000000000000e+00,1.000000000000000056e-01
9.972858984530986737e-01,-7.196014286512071589e-02,1.557480611202729896e-02,3.856317303732899404e+01,7.225586705574303659e-02,9.971986214550053740e-01,-1.933905489572203262e-02,2.612728916007893698e+00,-1.413953403117004272e-02,2.041193785676356093e-02,9.996916656501207976e-01,3.361154882110328757e-01,0.000000000000000000e+00,0.000000000000000000e+00,0.000000000000000000e+00,1.000000000000000056e-01
9.974465364732242323e-01,-6.941062965524717743e-02,1.680985926268122044e-02,3.957614472030829944e+01,6.971273011119839824e-02,9.974027732777299704e-01,-1.810643858787150048e-02,2.692372270120507505e+00,-1.550942094380836078e-02,1.923206563932408977e-02,9.996947461666648715e-01,3.325043541534979386e-01,0.000000000000000000e+00,0.000000000000000000e+00,0.000000000000000000e+00,1.000000000000000056e-01
9.974079904844838085e-01,-7.025330321625018748e-02,1.554908051652897222e-02,4.058575393318155022e+01,7.056376072080657036e-02,9.972984561533473347e-01,-2.040943475667102505e-02,2.774097438915337666e+00,-1.407324378530575015e-02,2.145373490457233231e-02,9.996707863431859575e-01,3.458312275810757619e-01,0.000000000000000000e+00,0.000000000000000000e+00,0.000000000000000000e+00,1.000000000000000056e-01
9.974612570932296363e-01,-6.993416103661116712e-02,1.342586005064157727e-02,4.159355084820044368e+01,7.015868498128520481e-02,9.973900976534821883e-01,-1.705145226876661479e-02,2.846915311724410813e+00,-1.219834085811937439e-02,1.795010370116493365e-02,9.997644693913795289e-01,3.612175159873819985e-01,0.000000000000000000e+00,0.000000000000000000e+00,0.000000000000000000e+00,1.000000000000000056e-01
9.975963797797242627e-01,-6.839369362556771414e-02,1.112500438832004362e-02,4.262631121598306549e+01,6.855545824493514129e-02,9.975364172813467878e-01,-1.487431821367746730e-02,2.920321646218618117e+00,-1.008028745696857784e-02,1.560124577547444998e-02,9.998274795858723696e-01,3.696457119548392511e-01,0.000000000000000000e+00,0.000000000000000000e+00,0.000000000000000000e+00,1.000000000000000056e-01
9.975794666013718670e-01,-6.864015778195227402e-02,1.112369340601779451e-02,4.367522134366134168e+01,6.883634150859092860e-02,9.974594791670463589e-01,-1.833427139313915932e-02,2.989911038251797049e+00,-9.836966149938211959e-03,1.905560703502605369e-02,9.997700325262263155e-01,3.785999481865157112e-01,0.000000000000000000e+00,0.000000000000000000e+00,0.000000000000000000e+00,1.000000000000000056e-01
9.975839350872259814e-01,-6.829622853255443160e-02,1.272468561947383454e-02,4.468835642539241348e+01,6.854587921457525046e-02,9.974405679617689424e-01,-2.034148044771228250e-02,3.075370761021865018e+00,-1.130287125407549061e-02,2.116455887404458322e-02,9.997121118347426227e-01,3.869297358082285365e-01,0.000000000000000000e+00,0.000000000000000000e+00,0.000000000000000000e+00,1.000000000000000056e-01
9.975776235051748708e-01,-6.827790957779836245e-02,1.330459114191422966e-02,4.567511056007494119e+01,6.854621624157344884e-02,9.974294591115032693e-01,-2.087798686410059085e-02,3.140337961329579652e+00,-1.184488584710568539e-02,2.173939190088110263e-02,9.996935017889477804e-01,3.885608913738933246e-01,0.000000000000000000e+00,0.000000000000000000e+00,0.000000000000000000e+00,1.000000000000000056e-01
9.970130141812032498e-01,-7.642784563137944298e-02,1.112807105736536052e-02,4.659094515734373942e+01,7.660527899860677947e-02,9.969249294768259828e-01,-1.650200645894930873e-02,3.196661560052175055e+00,-9.832638651824465378e-03,1.730518418774053269e-02,9.998019052879280055e-01,4.010986788012035342e-01,0.000000000000000000e+00,0.000000000000000000e+00,0.000000000000000000e+00,1.000000000000000056e-01
9.970422794420127355e-01,-7.649002313287354970e-02,7.481267687226966084e-03,4.754824784062535770e+01,7.660216995274642116e-02,9.969322020728742517e-01,-1.607146628843661787e-02,3.272205020630412076e+00,-6.229009841542103992e-03,1.659701272103726241e-02,9.998428569555976031e-01,3.967740522882847731e-01,0.000000000000000000e+00,0.000000000000000000e+00,0.000000000000000000e+00,1.000000000000000056e-01
9.971367496437407718e-01,-7.527632683766936894e-02,7.195632546502800028e-03,4.849495067757797528e+01,7.538225485268408577e-02,9.970295124336854276e-01,-1.580085407731451549e-02,3.363500420074547748e+00,-5.984827753653396490e-03,1.629803528269518562e-02,9.998492665810597702e-01,4.079339129124274210e-01,0.000000000000000000e+00,0.000000000000000000e+00,0.000000000000000000e+00,1.000000000000000056e-01
9.972526448861127601e-01,-7.350320213263666913e-02,9.189208012735997078e-03,4.946607411443917357e+01,7.364470004499415468e-02,9.971538254599638940e-01,-1.614640906959352931e-02,3.450648373916153311e+00,-7.976241153288481101e-03,1.677878561781426595e-02,9.998274110716589558e-01,4.136245337113061415e-01,0.000000000000000000e+00,0.000000000000000000e+00,0.000000000000000000e+00,1.000000000000000056e-01
9.972530808995089258e-01,-7.309155380459309015e-02,1.199655779245466236e-02,5.046502479881414160e+01,7.329032945942051680e-02,9.971646802471539894e-01,-1.706247565040542452e-02,3.540543268021329126e+00,-1.071542085813839001e-02,1.789483808312763991e-02,9.997824535996876483e-01,4.295788635558325796e-01,0.000000000000000000e+00,0.000000000000000000e+00,0.000000000000000000e+00,1.000000000000000056e-01
9.973570733535027655e-01,-7.157117807559901235e-02,1.250738584223712833e-02,5.140107994446396589e+01,7.181169668449230437e-02,9.972181897843107601e-01,-1.997403771391183941e-02,3.612315592351184268e+00,-1.104302725841851095e-02,2.081942439581824927e-02,9.997222629894748636e-01,4.397550490377575838e-01,0.000000000000000000e+00,0.000000000000000000e+00,0.000000000000000000e+00,1.000000000000000056e-01
9.974125764212179446e-01,-7.090887106193151379e-02,1.183572564359577223e-02,5.233900815720754451e+01,7.117096986923383828e-02,9.971889838520374694e-01,-2.342698298999400935e-02,3.682208367556434325e+00,-1.014127431148122149e-02,2.420872753498684582e-02,9.996554866885271062e-01,4.434470847949552041e-01,0.000000000000000000e+00,0.000000000000000000e+00,0.000000000000000000e+00,1.000000000000000056e-01
9.974212589197913870e-01,-7.089262204702836967e-02,1.118339814884934495e-02,5.332325182702319921e+01,7.116550024415671527e-02,9.971189574947264544e-01,-2.625368887658997841e-02,3.759676536582300166e+00,-9.289985460560748129e-03,2.698185953426934097e-02,9.995927547887767384e-01,4.575894057556281758e-01,0.000000000000000000e+00,0.000000000000000000e+00,0.000000000000000000e+00,1.000000000000000056e-01
9.973299721286249531e-01,-7.182198053501577528e-02,1.321097293707050764e-02,5.428774549400688443e+01,7.218595328127418165e-02,9.969542437708572846e-01,-2.951989119478163476e-02,3.838438878369989204e+00,-1.105055848316699972e-02,3.039471893776715672e-02,9.994768862849726654e-01,4.486009301303147123e-01,0.000000000000000000e+00,0.000000000000000000e+00,0.000000000000000000e+00,1.000000000000000056e-01
9.971796852258162369e-01,-7.302545448406889961e-02,1.731930628914497144e-02,5.524345622863091876e+01,7.354982309030140553e-02,9.967822907359444873e-01,-3.186672870861505941e-02,3.922591870578576945e+00,-1.493649544998423319e-02,3.305068641644660216e-02,9.993420601731292097e-01,4.554189016156456882e-01,0.000000000000000000e+00,0.000000000000000000e+00,0.000000000000000000e+00,1.000000000000000056e-01
9.970325005281532871e-01,-7.387018026974692675e-02,2.166539539203030454e-02,5.620127055621801304e+01,7.450553758906525159e-02,9.967646532175865604e-01,-3.015213034909326392e-02,3.990778043414553888e+00,-1.936795702035455993e-02,3.167684584897015321e-02,9.993104921284066133e-01,4.736896711704456919e-01,0.000000000000000000e+00,0.000000000000000000e+00,0.000000000000000000e+00,1.000000000000000056e-01
9.969032970183359099e-01,-7.505742436529794226e-02,2.345633052331823690e-02,5.716782730620187181e+01,7.568111399092697367e-02,9.967680879376193959e-01,-2.693970776148944465e-02,4.064905338032280824e+00,-2.135849664802951312e-02,2.863148471228338723e-02,9.993618227169308588e-01,4.619769571183154344e-01,0.000000000000000000e+00,0.000000000000000000e+00,0.000000000000000000e+00,1.000000000000000056e-01
9.967343354052520255e-01,-7.857985894217828227e-02,1.859759105039859167e-02,5.806609840757656826e+01,7.908299616329664272e-02,9.964727316150961967e-01,-2.807088999986610128e-02,4.144384221093881493e+00,-1.632618577888026584e-02,2.944997310993570372e-02,9.994329165790656333e-01,4.654147131155645933e-01,0.000000000000000000e+00,0.000000000000000000e+00,0.000000000000000000e+00,1.000000000000000056e-01
9.964706575943577116e-01,-8.296867264406586340e-02,1.274472099145702170e-02,5.898435942658416309e+01,8.329364089633890800e-02,9.961446940863208921e-01,-2.753030747924846075e-02,4.227845551240791089e+00,-1.041143312421422343e-02,2.849469781120803416e-02,9.995397212001871923e-01,4.637532249535284423e-01,0.000000000000000000e+00,0.000000000000000000e+00,0.000000000000000000e+00,1.000000000000000056e-01
9.965298441052218292e-01,-8.285899321000353424e-02,7.915620749307305387e-03,5.993797446679472074e+01,8.305912279066909876e-02,9.961030638825397743e-01,-2.966257313621574812e-02,4.308443956315891832e+00,-5.426963134832278948e-03,3.021710389897390089e-02,9.995286262549420986e-01,4.737192308853614420e-01,0.000000000000000000e+00,0.000000000000000000e+00,0.000000000000000000e+00,1.000000000000000056e-01
9.963960243086800173e-01,-8.442523916514858839e-02,8.206200933673806971e-03,6.084983576010737494e+01,8.461706586898549987e-02,9.960523254277432459e-01,-2.682754505557447336e-02,4.396536131570554673e+00,-5.908883615382437907e-03,2.742524388027519841e-02,9.996063930830610955e-01,4.763655852483477671e-01,0.000000000000000000e+00,0.000000000000000000e+00,0.000000000000000000e+00,1.000000000000000056e-01
9.963363194020986580e-01,-8.486031597627587131e-02,1.061439648241086983e-02,6.177899722089848211e+01,8.511200405113879264e-02,9.960302092814162789e-01,-2.607237935473276716e-02,4.491274376710028271e+00,-8.359749199475671744e-03,2.688027104076105497e-02,9.996037042859020616e-01,4.969674162093146164e-01,0.000000000000000000e+00,0.000000000000000000e+00,0.000000000000000000e+00,1.000000000000000056e-01
9.961678951953747418e-01,-8.688918728947819803e-02,9.989680384817177169e-03,6.267429466186394649e+01,8.711896081764786137e-02,9.958717926243455532e-01,-2.548841543183157088e-02,4.576530862933563704e+00,-7.733773210403705085e-03,2.626103172661867907e-02,9.996252032459883585e-01,5.119590960775981525e-01,0.000000000000000000e+00,0.000000000000000000e+00,0.000000000000000000e+00,1.000000000000000056e-01
9.959713143355848342e-01,-8.912202572482395835e-02,9.919957225283619964e-03,6.348854649499634206e+01,8.933392227983065481e-02,9.957246893018795175e-01,-2.349028405057556126e-02,4.656613849570307551e+00,-7.784044626594649810e-03,2.428183776775070038e-02,9.996748476399073269e-01,5.205233652280830681e-01,0.000000000000000000e+00,0.000000000000000000e+00,0.000000000000000000e+00,1.000000000000000056e-01
9.958090722396987227e-01,-9.086231365593454290e-02,1.040824683609904537e-02,6.430877963919637352e+01,9.107739184124304110e-02,9.955897855891414627e-01,-2.249194357906724243e-02,4.738092677910350936e+00,-8.318674203697919503e-03,2.334563744381036934e-02,9.996928432632870010e-01,5.297503103533927060e-01,0.000000000000000000e+00,0.000000000000000000e+00,0.000000000000000000e+00,1.000000000000000056e-01
9.957442061682689749e-01,-9.166499547000941939e-02,9.539627236265514273e-03,6.510406585964722126e+01,9.186794079287516346e-02,9.954911401531839621e-01,-2.361506576299845367e-02,4.815715113330725217e+00,-7.331939497877095445e-03,2.439095082191570368e-02,9.996756094759950972e-01,5.328388689227453456e-01,0.000000000000000000e+00,0.000000000000000000e+00,0.000000000000000000e+00,1.000000000000000056e-01
9.957490532905212133e-01,-9.160775339647844739e-02,9.583443466763003765e-03,6.590686079940691400e+01,9.182626087420547867e-02,9.954458767171294742e-01,-2.560164722684327501e-02,4.893459839931606048e+00,-7.194489898040650616e-03,2.637282776865927311e-02,9.996262868045195926e-01,5.418145593514482883e-01,0.000000000000000000e+00,0.000000000000000000e+00,0.000000000000000000e+00,1.000000000000000056e-01
9.956187657072942399e-01,-9.285570183555023893e-02,1.100418139215382160e-02,6.666326943434110319e+01,9.311379510891319711e-02,9.953190588879939904e-01,-2.588034340446809106e-02,4.967788730142480347e+00,-8.549534016504378720e-03,2.679159664792776091e-02,9.996044796904201002e-01,5.542093035753514751e-01,0.000000000000000000e+00,0.000000000000000000e+00,0.000000000000000000e+00,1.000000000000000056e-01
9.953114529229928342e-01,-9.574273786733393521e-02,1.372733863456706942e-02,6.745989730038886023e+01,9.605906062370041243e-02,9.950713624243768818e-01,-2.460976543948991541e-02,5.059702922624873977e+00,-1.130347523610978309e-02,2.581301664977270205e-02,9.996028809577457430e-01,5.622510855011880748e-01,0.000000000000000000e+00,0.000000000000000000e+00,0.000000000000000000e+00,1.000000000000000056e-01
9.952054209946947783e-01,-9.640008660974207222e-02,1.652856086918938136e-02,6.820125102516225013e+01,9.677074708526452185e-02,9.950334443730743939e-01,-2.332095811959068038e-02,5.138453104630849033e+00,-1.419832846964881774e-02,2.480862512696261485e-02,9.995913863114156417e-01,5.697293699777825626e-01,0.000000000000000000e+00,0.000000000000000000e+00,0.000000000000000000e+00,1.000000000000000056e-01
9.949765042546416804e-01,-9.848599372965821663e-02,1.795174142791787150e-02,6.892880770427964876e+01,9.885256369554595857e-02,9.948841878247517423e-01,-2.082362761629768730e-02,5.211987908955070914e+00,-1.580906803170658778e-02,2.249359587451351186e-02,9.996219843083699041e-01,5.755298572962477266e-01,0.000000000000000000e+00,0.000000000000000000e+00,0.000000000000000000e+00,1.000000000000000056e-01
9.950930592789001272e-01,-9.780359224795250050e-02,1.497533700307234969e-02,6.959654807968102830e+01,9.808717352108482779e-02,9.949859099547849750e-01,-1.954342298813141823e-02,5.292650357026990271e+00,-1.298883234182103899e-02,2.091641304919835895e-02,9.996968510001176256e-01,5.880990095477587332e-01,0.000000000000000000e+00,0.000000000000000000e+00,0.000000000000000000e+00,1.000000000000000056e-01
9.950809212316422681e-01,-9.861745002330635224e-02,9.410565959958948345e-03,7.028733386277606598e+01,9.878157190629174855e-02,9.949286978528916192e-01,-1.894959736964326250e-02,5.367376511446103393e+00,-7.494081165038132125e-03,1.978597330560591047e-02,9.997761519499460681e-01,5.902260499468298116e-01,0.000000000000000000e+00,0.000000000000000000e+00,0.000000000000000000e+00,1.000000000000000056e-01
9.952307954411735436e-01,-9.749979220165926053e-02,3.074788799616576251e-03,7.101751514529264853e+01,9.754361399925808029e-02,9.949966137109391706e-01,-2.160976797024312737e-02,5.429420411198952579e+00,-9.524565568700407107e-04,2.180663257812330211e-02,9.997617534203386835e-01,6.080737645842672068e-01,0.000000000000000000e+00,0.000000000000000000e+00,0.000000000000000000e+00,1.000000000000000056e-01
9.950982531667803554e-01,-9.889092626531882646e-02,2.263775818519798370e-04,7.171543588005120284e+01,9.887578653402663564e-02,9.949002985173868163e-01,-1.992422764606544341e-02,5.505024034076496875e+00,1.745102203278305108e-03,1.984894738775628067e-02,9.998014672453217067e-01,6.082371522813616593e-01,0.000000000000000000e+00,0.000000000000000000e+00,0.000000000000000000e+00,1.000000000000000056e-01
9.950613254964915111e-01,-9.921962812850708413e-02,2.902394736452109346e-03,7.237423443543380586e+01,9.925716023010981715e-02,9.948774822214565550e-01,-1.915232392556345808e-02,5.579120358534669144e+00,-9.872407101231678566e-04,1.934582029111639456e-02,9.998123646930178188e-01,6.202527191011836250e-01,0.000000000000000000e+00,0.000000000000000000e+00,0.000000000000000000e+00,1.000000000000000056e-01
9.949362612837854281e-01,-1.003074203740574599e-01,6.344871988076141930e-03,7.297739650017457791e+01,1.004178088085275200e-01,9.947339801738418474e-01,-2.050786097087513651e-02,5.645408838951285091e+00,-4.254369135014198638e-03,2.104115266350338118e-02,9.997695585673000984e-01,6.356065605020162490e-01,0.000000000000000000e+00,0.000000000000000000e+00,0.000000000000000000e+00,1.000000000000000056e-01
9.949188120842573646e-01,-1.006182675544570193e-01,3.538586609065419442e-03,7.356687651454636523e+01,1.006718718270103452e-01,9.946785536454062493e-01,-2.190317649859538016e-02,5.697553255111687420e+00,-1.315896537026029108e-03,2.214811848041095196e-02,9.997538343332730282e-01,6.551929766959112555e-01,0.000000000000000000e+00,0.000000000000000000e+00,0.000000000000000000e+00,1.000000000000000056e-01
9.949034065409242400e-01,-1.008325184561650600e-01,1.219633207571904458e-04,7.420680073976777180e+01,1.007931855263287657e-01,9.944800446856653098e-01,-2.915775151571520923e-02,5.748444897423097721e+00,2.818759429172005334e-03,2.902143938167534715e-02,9.995748149345781153e-01,6.712827938523725502e-01,0.000000000000000000e+00,0.000000000000000000e+00,0.000000000000000000e+00,1.000000000000000056e-01
9.950395545163933653e-01,-9.943778787134360808e-02,-2.900222589915920843e-03,7.483003815018594196e+01,9.928898302652103269e-02,9.945121982869867816e-01,-3.297249320182352866e-02,5.818133205133471542e+00,6.163018528011108069e-03,3.252097479533399421e-02,9.994520515767550961e-01,6.973439559002263533e-01,0.000000000000000000e+00,0.000000000000000000e+00,0.000000000000000000e+00,1.000000000000000056e-01
9.954639035516575918e-01,-9.511124789671544788e-02,-2.338214965691753910e-03,7.543538101820784902e+01,9.499702743186035081e-02,9.950146654589755446e-01,-3.035424683093666115e-02,5.871105762530392624e+00,5.213588476914256253e-03,2.999443356845733072e-02,9.995364687944611193e-01,7.100769961743601533e-01,0.000000000000000000e+00,0.000000000000000000e+00,0.000000000000000000e+00,1.000000000000000056e-01
9.959291891315309453e-01,-9.013905935593090335e-02,1.463691658107357275e-05,7.600013463301000627e+01,9.010994698457287788e-02,9.956033791236179598e-01,-2.557555340693437942e-02,5.949302763309722408e+00,2.290783763000371447e-03,2.547275909793545942e-02,9.996728919269991520e-01,7.135262991611535099e-01,0.000000000000000000e+00,0.000000000000000000e+00,0.000000000000000000e+00,1.000000000000000056e-01
9.965247519072593096e-01,-8.325276208705653658e-02,2.719639875291612018e-03,7.655858789459095703e+01,8.329585169361763963e-02,9.961614900792326033e-01,-2.690886050648969366e-02,5.988176934764005921e+00,-4.689635488688130051e-04,2.704188026004903170e-02,9.996341914846605947e-01,7.274650953290611177e-01,0.000000000000000000e+00,0.000000000000000000e+00,0.000000000000000000e+00,1.000000000000000056e-01
9.970749754695863443e-01,-7.610666681379869847e-02,7.019156560244401571e-03,7.713550811927228779e+01,7.629188771332810759e-02,9.965833528749823422e-01,-3.164124905239047714e-02,6.016413142715117957e+00,-4.587064579960086971e-03,3.208420232687574092e-02,9.994746434000151281e-01,7.396390195447488658e-01,0.000000000000000000e+00,0.000000000000000000e+00,0.000000000000000000e+00,1.000000000000000056e-01
9.977453935060263124e-01,-6.645855010002245378e-02,9.348307660083848836e-03,7.768345994018024214e+01,6.674821646571303668e-02,9.971507436104017907e-01,-3.514356435919843008e-02,6.036944659886000153e+00,-6.986081602092273496e-03,3.568831231405616283e-02,9.993385507564607195e-01,7.543208039964739431e-01,0.000000000000000000e+00,0.000000000000000000e+00,0.000000000000000000e+00,1.000000000000000056e-01
9.983776718596107935e-01,-5.623877200275495536e-02,8.900834556682953036e-03,7.817985862855675805e+01,5.650489374483123883e-02,9.978508844057315530e-01,-3.317844893277252516e-02,6.075180902760090262e+00,-7.015790409399941079e-03,3.362756331228011764e-02,9.994098086724033658e-01,7.622094341027156883e-01,0.000000000000000000e+00,0.000000000000000000e+00,0.000000000000000000e+00,1.000000000000000056e-01
9.991482701302598635e-01,-4.045140198609065152e-02,8.149746810113853851e-03,7.867171604446880906e+01,4.066629580736862148e-02,9.987747671968402186e-01,-2.819958858219952930e-02,6.116030132827248167e+00,-6.999048579403729757e-03,2.850699016482493436e-02,9.995690895734650194e-01,7.593163311481361255e-01,0.000000000000000000e+00,0.000000000000000000e+00,0.000000000000000000e+00,1.000000000000000056e-01
9.996673425577047301e-01,-2.427672846897906828e-02,8.708885029678814504e-03,7.915174078525346602e+01,2.446685233746309640e-02,9.994489234674814870e-01,-2.243262170119740551e-02,6.131941136676483772e+00,-8.159495101627261410e-03,2.263823832668340058e-02,9.997104244755832259e-01,7.632130856757095572e-01,0.000000000000000000e+00,0.000000000000000000e+00,0.000000000000000000e+00,1.000000000000000056e-01
9.999582083595629500e-01,1.608676595198070590e-03,8.999649656784982493e-03,7.964581765555979587e+01,-1.398437858493583935e-03,9.997271091030530688e-01,-2.331848399892607476e-02,6.145010614488195522e+00,-9.034705633762508264e-03,2.330492403043402799e-02,9.996875785014270877e-01,7.665944831480032695e-01,0.000000000000000000e+00,0.000000000000000000e+00,0.000000000000000000e+00,1.000000000000000056e-01
9.995943459356427807e-01,2.617337661291955012e-02,1.122933346965367639e-02,8.014337906281481594e+01,-2.589307056657768127e-02,9.993663930806869766e-01,-2.442050936266439501e-02,6.136842918949044545e+00,-1.186138567489637523e-02,2.411984115984238189e-02,9.996387051291558690e-01,7.814828868594601019e-01,0.000000000000000000e+00,0.000000000000000000e+00,0.000000000000000000e+00,1.000000000000000056e-01
9.985142269030574669e-01,5.290398680841964379e-02,1.305782722983002409e-02,8.062607669465194249e+01,-5.259825698731796645e-02,9.983567878961118192e-01,-2.274087561318083317e-02,6.116278173643131311e+00,-1.423945343352711612e-02,2.202026887966325452e-02,9.996561137333086489e-01,7.854116619808604316e-01,0.000000000000000000e+00,0.000000000000000000e+00,0.000000000000000000e+00,1.000000000000000056e-01
9.964168269280802015e-01,8.342127231080938288e-02,1.394268053933911747e-02,8.111959209320167474e+01,-8.310659052832504445e-02,9.963021339773717733e-01,-2.180257881289453248e-02,6.074690106494285757e+00,-1.570992123893669504e-02,2.056572775714365919e-02,9.996650685186941887e-01,7.836232233234966538e-01,0.000000000000000000e+00,0.000000000000000000e+00,0.000000000000000000e+00,1.000000000000000056e-01
