1.000000000000000000e+00,1.165687793356654891e-11,-2.299869375505828635e-12,-1.817223876046222021e-17,-1.165687793356377980e-11,1.000000000000000000e+00,1.203747300564257995e-12,-4.522990906796779203e-18,2.299869375519860817e-12,-1.203747300537448538e-12,1.000000000000000000e+00,4.977779991329561753e-19,0.000000000000000000e+00,0.000000000000000000e+00,0.000000000000000000e+00,1.000000000000000056e-01
9.999684948601333945e-01,-7.936550536240864762e-03,1.430130940399573748e-04,6.535268793447829294e-01,7.936960787046785232e-03,9.999635652560078247e-01,-3.142103429018939121e-03,1.617297604978763445e-02,-1.180704207399839765e-04,3.143139525930361850e-03,9.999950533544135212e-01,9.869885957544720714e-03,0.000000000000000000e+00,0.000000000000000000e+00,0.000000000000000000e+00,1.000000000000000056e-01
9.998865296480251574e-01,-1.494114649185065806e-02,-1.920929446404283153e-03,1.334011869735572064e+00,1.493484444085381967e-02,9.998831733087383267e-01,-3.254251922492419798e-03,1.153025640464712745e-02,1.969327285268258551e-03,3.225193878917456507e-03,9.999928599117530181e-01,1.536538474431533956e-02,0.000000000000000000e+00,0.000000000000000000e+00,0.000000000000000000e+00,1.000000000000000056e-01
9.998117981870222604e-01,-1.901704086763879656e-02,-3.836712482285696123e-03,2.072857095510145076e+00,1.900797088492691897e-02,9.998164833323648359e-01,-2.386776013949198742e-03,1.926924033999896646e-02,3.881397798595444520e-03,2.313398699219079702e-03,9.999897914166862023e-01,1.366453317472240622e-02,0.000000000000000000e+00,0.000000000000000000e+00,0.000000000000000000e+00,1.000000000000000056e-01
9.996427300825346807e-01,-2.640313715478746770e-02,-4.157708686558431177e-03,2.811490993688052331e+00,2.639944356181633117e-02,9.996510312753861260e-01,-9.407707922231719989e-04,4.867975617881512701e-02,4.181097076519053185e-03,8.306734873026077508e-04,9.999909141631209142e-01,2.715503330943481661e-02,0.000000000000000000e+00,0.000000000000000000e+00,0.000000000000000000e+00,1.000000000000000056e-01
9.995376193454621472e-01,-3.016213696752817475e-02,-3.846167801610558476e-03,3.513424053360369559e+00,3.015118421777314428e-02,9.995412161569603438e-01,-2.874594533253851513e-03,7.319700314804349073e-02,3.931107156003670576e-03,2.757298862433206921e-03,9.999884717833057435e-01,3.461099309915046524e-02,0.000000000000000000e+00,0.000000000000000000e+00,0.000000000000000000e+00,1.000000000000000056e-01
9.994228241345470831e-01,-3.336139436357384025e-02,-6.405932019949422788e-03,4.236335545938801239e+00,3.334617131626281539e-02,9.994408128195463314e-01,-2.468710017622957175e-03,1.082131549496551659e-01,6.484709513352233078e-03,2.253671831204416120e-03,9.999764344752353207e-01,5.264923298934112705e-02,0.000000000000000000e+00,0.000000000000000000e+00,0.000000000000000000e+00,1.000000000000000056e-01
9.990919278383820767e-01,-4.184555194244169579e-02,-8.016826729915538935e-03,5.011700032474355027e+00,4.183500982656204042e-02,9.991234391344430144e-01,-1.478284470035280077e-03,1.308172189782133843e-01,8.071659122914711521e-03,1.141558056037227358e-03,9.999667720300551288e-01,6.416887894188282038e-02,0.000000000000000000e+00,0.000000000000000000e+00,0.000000000000000000e+00,1.000000000000000056e-01
9.988254918441199504e-01,-4.777610962958022539e-02,-8.067229450952369610e-03,5.782257154262396170e+00,4.776431962475308907e-02,9.988572740641787906e-01,-1.647974472641013533e-03,1.936135638222287458e-01,8.136744627700193480e-03,1.260713187200703835e-03,9.999661014200047493e-01,6.970407123088401269e-02,0.000000000000000000e+00,0.000000000000000000e+00,0.000000000000000000e+00,1.000000000000000056e-01
9.986825292498621165e-01,-5.106792201905717421e-02,-5.027236990018973083e-03,6.574078187362101922e+00,5.106319567187521391e-02,9.986948571289024912e-01,-1.064139115365775063e-03,2.481782329244301422e-01,5.075019100861060013e-03,8.060303570969751513e-04,9.999867971609371908e-01,9.188109733509153276e-02,0.000000000000000000e+00,0.000000000000000000e+00,0.000000000000000000e+00,1.000000000000000056e-01
9.985111942715780842e-01,-5.431129886964506520e-02,-5.067319749031605654e-03,7.369032443791735609e+00,5.429967912968588356e-02,9.985217920758240329e-01,-2.403246990650379812e-03,2.930792541169499610e-01,5.190352662391040962e-03,2.124515186343950250e-03,9.999842732135656442e-01,1.030986753649822951e-01,0.000000000000000000e+00,0.000000000000000000e+00,0.000000000000000000e+00,1.000000000000000056e-01
9.983899818702304252e-01,-5.652930833501799979e-02,-4.677755906994911055e-03,8.182116146216452890e+00,5.652271780018039427e-02,9.984001418481174284e-01,-1.529421505082559753e-03,3.519850734503855993e-01,4.756729300909608334e-03,1.262559631662117264e-03,9.999878896614370349e-01,1.185961178330050270e-01,0.000000000000000000e+00,0.000000000000000000e+00,0.000000000000000000e+00,1.000000000000000056e-01
9.980161452141771417e-01,-6.269828886339175178e-02,-5.718257202777546518e-03,9.024218493532009333e+00,6.268999209706484221e-02,9.980317348615295181e-01,-1.618981209134658398e-03,3.997687883336387693e-01,5.808509507987239841e-03,1.257291886663650929e-03,9.999823400612669611e-01,1.343279473840619520e-01,0.000000000000000000e+00,0.000000000000000000e+00,0.000000000000000000e+00,1.000000000000000056e-01
9.980792824340978253e-01,-6.154233342432126330e-02,-7.091344902481448373e-03,9.773758792774446036e+00,6.151782300884571508e-02,9.980994045442809215e-01,-3.624375891672217392e-03,4.618377599772913733e-01,7.300919674165219642e-03,3.181170388626116622e-03,9.999682878606050984e-01,1.580801545359081517e-01,0.000000000000000000e+00,0.000000000000000000e+00,0.000000000000000000e+00,1.000000000000000056e-01
9.980894326002998085e-01,-6.159959201792502420e-02,-4.793202983057542367e-03,1.053106181683162035e+01,6.159917598679669898e-02,9.981009400452789393e-01,-2.345175434203390055e-04,5.223193993210737407e-01,4.798546588213307811e-03,-6.118787224657823746e-05,9.999884850370452938e-01,1.679316664029039396e-01,0.000000000000000000e+00,0.000000000000000000e+00,0.000000000000000000e+00,1.000000000000000056e-01
9.978473994830657778e-01,-6.538166733584122037e-02,-5.079854453448858290e-03,1.132051203775031567e+01,6.535515870047892140e-02,9.978484118044674833e-01,-5.220181082792119467e-03,6.148422783184837037e-01,5.410228841559760679e-03,4.876949424314326945e-03,9.999734720422310819e-01,1.725240793558895369e-01,0.000000000000000000e+00,0.000000000000000000e+00,0.000000000000000000e+00,1.000000000000000056e-01
9.976678743114518744e-01,-6.802491991026470008e-02,-5.605607734316678942e-03,1.215798867494992486e+01,6.800109969992527981e-02,9.976758242339621718e-01,-4.335917283014244748e-03,6.889906175524033172e-01,5.887529742581242009e-03,3.944617888515167779e-03,9.999748881763200758e-01,1.904596194908760032e-01,0.000000000000000000e+00,0.000000000000000000e+00,0.000000000000000000e+00,1.000000000000000056e-01
9.974936711373801890e-01,-7.014424770170883672e-02,-9.282271017018974696e-03,1.303370007018700960e+01,7.013780100009540941e-02,9.975367919327019495e-01,-1.018632163392736625e-03,7.680909275996734564e-01,9.330858038952952876e-03,3.650410587806025408e-04,9.999563999661597036e-01,2.175033345927211703e-01,0.000000000000000000e+00,0.000000000000000000e+00,0.000000000000000000e+00,1.000000000000000056e-01
9.976365555551357511e-01,-6.772997230555467818e-02,-1.157384428672832838e-02,1.393467887019165197e+01,6.778672752919072397e-02,9.976893060623543974e-01,4.583463723098525795e-03,8.473662727647655046e-01,1.123666280387075264e-02,-5.357183990353665999e-03,9.999225159924770567e-01,2.353338095137813557e-01,0.000000000000000000e+00,0.000000000000000000e+00,0.000000000000000000e+00,1.000000000000000056e-01
9.962091626536534461e-01,-8.610849163247318028e-02,-1.235442890978584105e-02,1.482781844045114106e+01,8.612104423724735447e-02,9.962845622089575581e-01,4.866657907149592784e-04,1.026760786554240745e+00,1.226662074056008439e-02,-1.548797238525921648e-03,9.999235627000301330e-01,2.393942583606832042e-01,0.000000000000000000e+00,0.000000000000000000e+00,0.000000000000000000e+00,1.000000000000000056e-01
9.959260794580950815e-01,-8.965849313566255641e-02,-9.622830346135743951e-03,1.576708079950605779e+01,8.966193536375428874e-02,9.959722545711235941e-01,-7.396850000563042621e-05,1.134200292778642982e+00,9.590703939446252463e-03,-7.891344342975928263e-04,9.999536967604002458e-01,2.606966422467941191e-01,0.000000000000000000e+00,0.000000000000000000e+00,0.000000000000000000e+00,1.000000000000000056e-01
9.957339854582144545e-01,-9.186071185900322733e-02,-8.685609953111380135e-03,1.667384971771880942e+01,9.186031154514424923e-02,9.957718033614328945e-01,-4.458622532916421580e-04,1.225684652253771434e+00,8.689842710282157448e-03,-3.539026378169503654e-04,9.999621799781197584e-01,2.769157975837553964e-01,0.000000000000000000e+00,0.000000000000000000e+00,0.000000000000000000e+00,1.000000000000000056e-01
9.954647031273314850e-01,-9.473835979871733648e-02,-8.641065343039188926e-03,1.752757472951957851e+01,9.473344227978747201e-02,9.955021945259784344e-01,-9.775519337816996474e-04,1.339752178859063392e+00,8.694811178862430281e-03,1.545205806428738473e-04,9.999621874760835638e-01,3.038144765303572026e-01,0.000000000000000000e+00,0.000000000000000000e+00,0.000000000000000000e+00,1.000000000000000056e-01
9.954835908421433288e-01,-9.443392409729378656e-02,-9.729046387936880411e-03,1.841822492366098984e+01,9.442033523769013947e-02,9.955307057822645467e-01,-1.847738690528002211e-03,1.418568840910364948e+00,9.860053632424146605e-03,9.207737250927372106e-04,9.999509645568190885e-01,3.039567982157327930e-01,0.000000000000000000e+00,0.000000000000000000e+00,0.000000000000000000e+00,1.000000000000000056e-01
9.953570549285015723e-01,-9.587686405973734616e-02,-8.482932401620008403e-03,1.932775643023428458e+01,9.585259694463167668e-02,9.953903201306452120e-01,-3.223390944598073828e-03,1.505494096424887074e+00,8.752877414301781303e-03,2.395313817097300887e-03,9.999588239566106207e-01,3.305066663845412922e-01,0.000000000000000000e+00,0.000000000000000000e+00,0.000000000000000000e+00,1.000000000000000056e-01
9.940727750449840361e-01,-1.085294661094119290e-01,-6.377530899230477585e-03,2.023902093309784078e+01,1.085094779309806051e-01,9.940895940414086196e-01,-3.401796251021448319e-03,1.633870701646104928e+00,6.709032233538921031e-03,2.689610491026317527e-03,9.999738770997449455e-01,3.386442737942615411e-01,0.000000000000000000e+00,0.000000000000000000e+00,0.000000000000000000e+00,1.000000000000000056e-01
9.942089989625431112e-01,-1.073730459997556397e-01,-4.415356682335680634e-03,2.114507633767819783e+01,1.073577914493823449e-01,9.942140824317630132e-01,-3.558498205478717157e-03,1.733879368907059071e+00,4.771896584044236882e-03,3.063867996802171253e-03,9.999839207286731479e-01,3.486122414320205198e-01,0.000000000000000000e+00,0.000000000000000000e+00,0.000000000000000000e+00,1.000000000000000056e-01
9.942235253212885482e-01,-1.073291274976846538e-01,-2.002206153595104490e-04,2.208865140585903220e+01,1.073280884081098813e-01,9.942193558750563875e-01,-2.924695206145045637e-03,1.859137577589250911e+00,5.129681959078486852e-04,2.886311482437368178e-03,9.999957030255961499e-01,3.581930945926261600e-01,0.000000000000000000e+00,0.000000000000000000e+00,0.000000000000000000e+00,1.000000000000000056e-01
9.942403120440527209e-01,-1.071695182568293270e-01,9.467117532281606532e-04,2.304244619867859711e+01,1.071715091423124377e-01,9.942376779201481662e-01,-2.389023254599908531e-03,1.974304568983386909e+00,-6.852260238894439595e-04,2.476723753450138336e-03,9.999966981469214922e-01,3.719661182092499629e-01,0.000000000000000000e+00,0.000000000000000000e+00,0.000000000000000000e+00,1.000000000000000056e-01
9.945037559468247190e-01,-1.046855995840402093e-01,1.790152895309772866e-03,2.397350163775336540e+01,1.046918911878845643e-01,9.944971240165089155e-01,-3.883071258247335501e-03,2.071776735390387092e+00,-1.373800263038220002e-03,4.049143443061584656e-03,9.999908585133240324e-01,3.832561891818206945e-01,0.000000000000000000e+00,0.000000000000000000e+00,0.000000000000000000e+00,1.000000000000000056e-01
9.946500965138395101e-01,-1.033007529668999447e-01,-3.740875316215289690e-04,2.491673592969426565e+01,1.032981234810705640e-01,9.946407100946317303e-01,-4.399489485858030374e-03,2.182131181749846771e+00,8.265532646486796519e-04,4.337310101686142616e-03,9.999902522278817374e-01,3.932987151868449494e-01,0.000000000000000000e+00,0.000000000000000000e+00,0.000000000000000000e+00,1.000000000000000056e-01
9.950867636024625096e-01,-9.895484784467524497e-02,-3.204838718884475170e-03,2.586125028177767859e+01,9.893904260045909005e-02,9.950820954518790895e-01,-4.763314014633313054e-03,2.284440353127664913e+00,3.660430641527327895e-03,4.422827052308404838e-03,9.999835197883932825e-01,4.000475198912733510e-01,0.000000000000000000e+00,0.000000000000000000e+00,0.000000000000000000e+00,1.000000000000000056e-01
9.950954809969575487e-01,-9.852399522388267938e-02,-8.832104197646101218e-03,2.682028043678662499e+01,9.849690632541484303e-02,9.951313684574931706e-01,-3.452384138433576850e-03,2.387522318022786028e+00,9.129246614928771680e-03,2.565516915008975597e-03,9.999550364787421763e-01,4.228232644415121921e-01,0.000000000000000000e+00,0.000000000000000000e+00,0.000000000000000000e+00,1.000000000000000056e-01
9.949838036472602454e-01,-9.986556674387735144e-02,-5.839439917868176518e-03,2.776881529081243727e+01,9.982205121220384669e-02,9.949783673503915793e-01,-7.321652582406244433e-03,2.459637702747393906e+00,6.541297380364955415e-03,6.702020864894325802e-03,9.999561462108766952e-01,4.504631914684706917e-01,0.000000000000000000e+00,0.000000000000000000e+00,0.000000000000000000e+00,1.000000000000000056e-01
9.950108302570972452e-01,-9.976683701926544745e-02,-1.609417699837710817e-04,2.876207695652396623e+01,9.976400184619554912e-02,9.949924016553172157e-01,-6.104472443724311310e-03,2.559056302439810526e+00,7.691597456244503653e-04,6.057959999473907196e-03,9.999813545831394146e-01,4.802348553740239390e-01,0.000000000000000000e+00,0.000000000000000000e+00,0.000000000000000000e+00,1.000000000000000056e-01
9.952656410561330214e-01,-9.718176993331117952e-02,1.416801239961596902e-03,2.969955173772007129e+01,9.719110635217484417e-02,9.952155641738312797e-01,-9.993481485600348366e-03,2.634032311544731275e+00,-4.388384267841466402e-04,1.008386923714162976e-02,9.999490602035903120e-01,4.870229371391179285e-01,0.000000000000000000e+00,0.000000000000000000e+00,0.000000000000000000e+00,1.000000000000000056e-01
9.950707020531963654e-01,-9.916756120451845902e-02,-3.044997651151031774e-04,3.062162445529787291e+01,9.914731104349754076e-02,9.949208886257678852e-01,-1.738493856636376053e-02,2.714282460379666251e+00,2.026975136211327244e-03,1.726905269145874097e-02,9.998488241684023725e-01,5.074365962459825852e-01,0.000000000000000000e+00,0.000000000000000000e+00,0.000000000000000000e+00,1.000000000000000056e-01
9.950192601097616052e-01,-9.964077435666079952e-02,-2.896221025318274425e-03,3.157701620595022618e+01,9.957306894487835680e-02,9.948670152036238612e-01,-1.802292985979288623e-02,2.809371839427844186e+00,4.677173454233917588e-03,1.764477671826762337e-02,9.998333790702536028e-01,5.132934184773707553e-01,0.000000000000000000e+00,0.000000000000000000e+00,0.000000000000000000e+00,1.000000000000000056e-01
9.950140107843076231e-01,-9.955523882185488005e-02,-5.989387785849280277e-03,3.254637738374454869e+01,9.943678693938190483e-02,9.948883894176036025e-01,-1.759028155598055254e-02,2.906838008653426009e+00,7.709977049110370087e-03,1.690701112468261103e-02,9.998273397085779557e-01,5.175193695946244121e-01,0.000000000000000000e+00,0.000000000000000000e+00,0.000000000000000000e+00,1.000000000000000056e-01
9.951848936060775364e-01,-9.771853295548318941e-02,-7.623375583577818825e-03,3.350262822496593884e+01,9.756531161004708408e-02,9.950591886766555483e-01,-1.839078575239473656e-02,3.008173059924344805e+00,9.382830526794984360e-03,1.755845514799692780e-02,9.998018119328055953e-01,5.298253608525964609e-01,0.000000000000000000e+00,0.000000000000000000e+00,0.000000000000000000e+00,1.000000000000000056e-01
9.948707459159158439e-01,-1.009912410061407917e-01,-5.741790726669928312e-03,3.445307431796764774e+01,1.008648077227281836e-01,9.947153626744100752e-01,-1.917388386774799419e-02,3.099057751490507773e+00,7.647841771791535036e-03,1.849639152798188829e-02,9.997996769436752196e-01,5.569538557169981807e-01,0.000000000000000000e+00,0.000000000000000000e+00,0.000000000000000000e+00,1.000000000000000056e-01
9.947063069173358585e-01,-1.025341182220386033e-01,-6.790992512425078967e-03,3.543362489361117440e+01,1.023837099742425788e-01,9.945503589950499546e-01,-1.967636538406751859e-02,3.224634957808780733e+00,8.771482815635065280e-03,1.887691773691252753e-02,9.997833380617866528e-01,5.688347933062345430e-01,0.000000000000000000e+00,0.000000000000000000e+00,0.000000000000000000e+00,1.000000000000000056e-01
9.945950808596788484e-01,-1.036617068371454703e-01,-5.905562237307107609e-03,3.640605308712162724e+01,1.035187739888805830e-01,9.944096311915435749e-01,-2.081703209723398049e-02,3.319866786356654664e+00,8.030477044862184555e-03,2.009318115948589487e-02,9.997658603439727454e-01,5.983489170748536035e-01,0.000000000000000000e+00,0.000000000000000000e+00,0.000000000000000000e+00,1.000000000000000056e-01
9.945678147775511846e-01,-1.039601698184691170e-01,-5.210076767356307086e-03,3.740199232067297430e+01,1.038322501915581453e-01,9.943799905399091088e-01,-2.067119333778216078e-02,3.427687835115833082e+00,7.329776856382205254e-03,2.001792959237691516e-02,9.997727526123475483e-01,6.155362079318983382e-01,0.000000000000000000e+00,0.000000000000000000e+00,0.000000000000000000e+00,1.000000000000000056e-01
9.946808542776928164e-01,-1.029882115181507130e-01,-1.851059613255707451e-03,3.837393738727580939e+01,1.029329519598726206e-01,9.944973945266988302e-01,-1.948691048971290182e-02,3.530018377972362842e+00,3.847796021846221996e-03,1.919272174289445368e-02,9.998083985933875484e-01,6.438111596570641471e-01,0.000000000000000000e+00,0.000000000000000000e+00,0.000000000000000000e+00,1.000000000000000056e-01
9.946274301634995263e-01,-1.035115848946643602e-01,-1.275523009432050605e-03,3.936956036910194712e+01,1.034794344683581113e-01,9.945100793969697817e-01,-1.554698105554796518e-02,3.652899052764973398e+00,2.877813138770022282e-03,1.533146341441287731e-02,9.998783248081292152e-01,6.511165080908828395e-01,0.000000000000000000e+00,0.000000000000000000e+00,0.000000000000000000e+00,1.000000000000000056e-01
9.943034889228812290e-01,-1.064114244659359054e-01,-6.097594518839923733e-03,4.036667576008740355e+01,1.062740190186995115e-01,9.941434350035804890e-01,-1.961284071456493097e-02,3.778186612849868453e+00,8.148913878478884071e-03,1.885310007431713689e-02,9.997890556613374669e-01,6.840898908383288290e-01,0.000000000000000000e+00,0.000000000000000000e+00,0.000000000000000000e+00,1.000000000000000056e-01
9.943405443523701814e-01,-1.060523611238102099e-01,-6.307024424957096906e-03,4.138286978071845823e+01,1.059405525784394148e-01,9.942437399061271330e-01,-1.599953051974651111e-02,3.884699143365708096e+00,7.967507540440213823e-03,1.524081223368143820e-02,9.998521072968995504e-01,7.215832589968312893e-01,0.000000000000000000e+00,0.000000000000000000e+00,0.000000000000000000e+00,1.000000000000000056e-01
9.941062294281817202e-01,-1.079975375013949995e-01,-9.451799073086729688e-03,4.239752807485760400e+01,1.078264198247756017e-01,9.940234852487194184e-01,-1.705209552401798154e-02,3.995346871531215260e+00,1.123689458233278864e-02,1.593244073027661953e-02,9.998099267023315972e-01,7.471870977879458975e-01,0.000000000000000000e+00,0.000000000000000000e+00,0.000000000000000000e+00,1.000000000000000056e-01
9.947322706167299744e-01,-1.018787929683294818e-01,-1.133231384144048164e-02,4.339845387187689596e+01,1.016760926676698457e-01,9.946685171883172805e-01,-1.721955557584195495e-02,4.049828309355970823e+00,1.302620334249609234e-02,1.597662222468682058e-02,9.997875102084290422e-01,7.774140980400237044e-01,0.000000000000000000e+00,0.000000000000000000e+00,0.000000000000000000e+00,1.000000000000000056e-01
9.946121079922604080e-01,-1.033220073494799246e-01,-8.444964917999144699e-03,4.439059577117355815e+01,1.031414893490261026e-01,9.944741115566767542e-01,-1.957229210959294391e-02,4.164354494803800044e+00,1.042054749314803158e-02,1.859581245421981777e-02,9.997727781596729146e-01,8.180887574764611481e-01,0.000000000000000000e+00,0.000000000000000000e+00,0.000000000000000000e+00,1.000000000000000056e-01
9.947148168909250021e-01,-1.024222429631048981e-01,-7.219224616277846243e-03,4.536732437223183467e+01,1.022713569686330148e-01,9.945779545218318418e-01,-1.884839311356655694e-02,4.254346928672371853e+00,9.110576351033102330e-03,1.801045600688143400e-02,9.997962896875424166e-01,8.397253690567406670e-01,0.000000000000000000e+00,0.000000000000000000e+00,0.000000000000000000e+00,1.000000000000000056e-01
9.943495171517545694e-01,-1.056202497610837093e-01,-1.064897086477499012e-02,4.628363886293900720e+01,1.054321929906310989e-01,9.942828947585082844e-01,-1.689904943561961609e-02,4.363959063609462063e+00,1.237297139974253592e-02,1.568081729526542983e-02,9.998004908719007044e-01,8.747029150395416730e-01,0.000000000000000000e+00,0.000000000000000000e+00,0.000000000000000000e+00,1.000000000000000056e-01
9.945137701162345412e-01,-1.033805138407455915e-01,-1.596340838344811192e-02,4.724171988143206136e+01,1.031076605220697939e-01,9.945238248852803498e-01,-1.706376503641402961e-02,4.453865649393976334e+00,1.764005076123479482e-02,1.532419960636597148e-02,9.997269614827667406e-01,8.825899228246449901e-01,0.000000000000000000e+00,0.000000000000000000e+00,0.000000000000000000e+00,1.000000000000000056e-01
9.946041454401136628e-01,-1.025446163208389994e-01,-1.572245327400061468e-02,4.819229751094636782e+01,1.022204858260529758e-01,9.945567449971767227e-01,-2.019537714692427530e-02,4.557632616673328307e+00,1.770779915254624623e-02,1.847924901701166259e-02,9.996724219487803653e-01,9.160224108483178140e-01,0.000000000000000000e+00,0.000000000000000000e+00,0.000000000000000000e+00,1.000000000000000056e-01
9.949844070939786178e-01,-9.911490369417509660e-02,-1.350057426697590622e-02,4.916388763319127975e+01,9.883215639268004560e-02,9.948988637087747833e-01,-2.021029078864738926e-02,4.685244777804787653e+00,1.543484702277831376e-02,1.877463333019446790e-02,9.997045956884964557e-01,9.496300666541103164e-01,0.000000000000000000e+00,0.000000000000000000e+00,0.000000000000000000e+00,1.000000000000000056e-01
9.955680085262199608e-01,-9.325679595957510337e-02,-1.214538622237149208e-02,5.016195121991168548e+01,9.300153611518809094e-02,9.954627447205320889e-01,-2.011561964444764233e-02,4.793227091659405303e+00,1.396619774139553315e-02,1.889692781430085677e-02,9.997238876008861519e-01,9.933587060328985530e-01,0.000000000000000000e+00,0.000000000000000000e+00,0.000000000000000000e+00,1.000000000000000056e-01
9.956378527776768017e-01,-9.256604294764898822e-02,-1.169588856270177210e-02,5.109510027968057955e+01,9.224870481711701375e-02,9.954156584939196639e-01,-2.525555948064944073e-02,4.898424488794083764e+00,1.398007781886598938e-02,2.406646044041813731e-02,9.996126064161297009e-01,1.020448861353300929e+00,0.000000000000000000e+00,0.000000000000000000e+00,0.000000000000000000e+00,1.000000000000000056e-01
9.960155804717963912e-01,-8.838456555319236518e-02,-1.187990022701627089e-02,5.203077639075858229e+01,8.806706186499475841e-02,9.958003235334355052e-01,-2.501815870867518665e-02,4.989571859595810288e+00,1.404122757801480777e-02,2.387224796031403584e-02,9.996164062806410788e-01,1.045241395888853120e+00,0.000000000000000000e+00,0.000000000000000000e+00,0.000000000000000000e+00,1.000000000000000056e-01
9.962083592537522847e-01,-8.641045787924669930e-02,-1.010632089564678614e-02,5.301225450255595462e+01,8.611693085531108016e-02,9.959309021242254145e-01,-2.656148365750862772e-02,5.079676577299314211e+00,1.236038725155586167e-02,2.559044671602002385e-02,9.995960933616467869e-01,1.085369863959449122e+00,0.000000000000000000e+00,0.000000000000000000e+00,0.000000000000000000e+00,1.000000000000000056e-01
9.955928773952995581e-01,-9.332305485232283981e-02,-9.253643216505390637e-03,5.397769040204377688e+01,9.302503705341022555e-02,9.952521418170068301e-01,-2.862720192180991802e-02,5.175256614340512762e+00,1.188128616605499573e-02,2.764021783001653632e-02,9.995473242410033432e-01,1.106675475287249633e+00,0.000000000000000000e+00,0.000000000000000000e+00,0.000000000000000000e+00,1.000000000000000056e-01
9.957276037716553674e-01,-9.222401688075361481e-02,-4.611919072987584640e-03,5.489505310883393463e+01,9.204982107012131543e-02,9.953190905311607439e-01,-2.944042229965028110e-02,5.259561968352034711e+00,7.305445100468778950e-03,2.889011482499799152e-02,9.995558972550171450e-01,1.133518833987089414e+00,0.000000000000000000e+00,0.000000000000000000e+00,0.000000000000000000e+00,1.000000000000000056e-01
9.957311587163424349e-01,-9.230056030696941194e-02,2.571544858089010264e-04,5.581425321631247982e+01,9.226816387952992138e-02,9.952997263359827373e-01,-2.941157407923061101e-02,5.367974103015548337e+00,2.458758977671253974e-03,2.930974790982281142e-02,9.995673529991625506e-01,1.166298442366577204e+00,0.000000000000000000e+00,0.000000000000000000e+00,0.000000000000000000e+00,1.000000000000000056e-01
9.957519445163610650e-01,-9.197470745919023027e-02,4.326451164886638452e-03,5.672506708372497997e+01,9.204756081793727396e-02,9.955165857767345194e-01,-2.177094373015879200e-02,5.466847416721269504e+00,-2.304677711505875685e-03,2.207669882998763641e-02,9.997536235640339664e-01,1.197727776864220273e+00,0.000000000000000000e+00,0.000000000000000000e+00,0.000000000000000000e+00,1.000000000000000056e-01
9.955379207239229977e-01,-9.433555036150462203e-02,2.247740794696233974e-03,5.758404423759843382e+01,9.436177295891132188e-02,9.953311068899729497e-01,-2.029392670806266438e-02,5.562949896497318747e+00,-3.228075881856209105e-04,2.041547440480799905e-02,9.997915303702505918e-01,1.232316407344711928e+00,0.000000000000000000e+00,0.000000000000000000e+00,0.000000000000000000e+00,1.000000000000000056e-01
9.955466335991174365e-01,-9.422277143346802220e-02,-2.994941211632823341e-03,5.849298475165307565e+01,9.414926554766706035e-02,9.953756957716236586e-01,-1.905623425525268880e-02,5.678473219403763039e+00,4.776622896939428445e-03,1.868939834645932593e-02,9.998139278201458868e-01,1.245259578943864076e+00,0.000000000000000000e+00,0.000000000000000000e+00,0.000000000000000000e+00,1.000000000000000056e-01
9.954965887698776772e-01,-9.436308058432582579e-02,-9.063706205136360522e-03,5.946400075855769529e+01,9.419209601223046957e-02,9.953960884034301904e-01,-1.773347794352240700e-02,5.770339843336389940e+00,1.069536331125560055e-02,1.679988731470156635e-02,9.998016668269029683e-01,1.263771991092215607e+00,0.000000000000000000e+00,0.000000000000000000e+00,0.000000000000000000e+00,1.000000000000000056e-01
9.958772856461772793e-01,-9.033992367490437103e-02,-8.193297529968194756e-03,6.037656184180805496e+01,9.021523116732116376e-02,9.958168763900816511e-01,-1.449002284772444270e-02,5.893173213444924841e+00,9.468051511738547268e-03,1.369112439185418868e-02,9.998614449579791286e-01,1.286035964336783355e+00,0.000000000000000000e+00,0.000000000000000000e+00,0.000000000000000000e+00,1.000000000000000056e-01
9.957443209829177633e-01,-9.203540681880451046e-02,-4.767716640603966542e-03,6.131563532194721233e+01,9.196614715008588625e-02,9.956754838704421351e-01,-1.313615612459359365e-02,6.004878102059199918e+00,5.956090046052814162e-03,1.264178433046934773e-02,9.999023503724276951e-01,1.309929302931115869e+00,0.000000000000000000e+00,0.000000000000000000e+00,0.000000000000000000e+00,1.000000000000000056e-01
9.955326819768286484e-01,-9.433335790011830591e-02,-3.987067006046501362e-03,6.220607969309084240e+01,9.426623450602027166e-02,9.954403280060716286e-01,-1.457499266622830705e-02,6.111827409688032731e+00,5.343795287856029953e-03,1.413403574541968050e-02,9.998858299253313708e-01,1.337894994069258825e+00,0.000000000000000000e+00,0.000000000000000000e+00,0.000000000000000000e+00,1.000000000000000056e-01
9.953183955238084080e-01,-9.661416743282015551e-02,-2.644651805934001426e-03,6.303343768020984328e+01,9.657116116104401404e-02,9.952379365407011402e-01,-1.324615046777696814e-02,6.199609024352167985e+00,3.911823605340526873e-03,1.292874013468901795e-02,9.999087684957115307e-01,1.356326950215140048e+00,0.000000000000000000e+00,0.000000000000000000e+00,0.000000000000000000e+00,1.000000000000000056e-01
9.950421840696984654e-01,-9.942390211544714640e-02,-2.437131498769057672e-03,6.385944244330852371e+01,9.938371176815567754e-02,9.949622909622451994e-01,-1.314980601927894996e-02,6.273164305796552043e+00,3.732258965889419244e-03,1.284240052710143576e-02,9.999105674967702084e-01,1.369109004537552465e+00,0.000000000000000000e+00,0.000000000000000000e+00,0.000000000000000000e+00,1.000000000000000056e-01
9.948741220525109119e-01,-1.010999188741927429e-01,-2.070669910265063220e-03,6.466664906381726041e+01,1.010703043189443567e-01,9.948147638043441932e-01,-1.133045902789277769e-02,6.352944511582974130e+00,3.205441486224426453e-03,1.106309723985220324e-02,9.999336643119581813e-01,1.385094619751237710e+00,0.000000000000000000e+00,0.000000000000000000e+00,0.000000000000000000e+00,1.000000000000000056e-01
9.947319028948160557e-01,-1.024290515100124144e-01,-4.090326394980095537e-03,6.546541040304012427e+01,1.023683749291242340e-01,9.946616507744211466e-01,-1.299678010407362763e-02,6.437978063364385051e+00,5.399738662981551016e-03,1.250959173844682845e-02,9.999071721599505080e-01,1.409854678668476025e+00,0.000000000000000000e+00,0.000000000000000000e+00,0.000000000000000000e+00,1.000000000000000056e-01
9.944170726526286863e-01,-1.054775596960640799e-01,-3.028203682035168071e-03,6.622238555282517325e+01,1.054337462902952965e-01,9.943523192880122652e-01,-1.213219970758048355e-02,6.514609649661330160e+00,4.290776173409059299e-03,1.174519165932222733e-02,9.999218168000513218e-01,1.431948564821903913e+00,0.000000000000000000e+00,0.000000000000000000e+00,0.000000000000000000e+00,1.000000000000000056e-01
9.940878845994899349e-01,-1.085784394396280550e-01,1.346722695710097888e-05,6.701280353868094153e+01,1.085704380941586722e-01,9.940131073147234764e-01,-1.226386801015705644e-02,6.602800649082587015e+00,1.318205049921889133e-03,1.219282474995503004e-02,9.999247958521997326e-01,1.455958090232663649e+00,0.000000000000000000e+00,0.000000000000000000e+00,0.000000000000000000e+00,1.000000000000000056e-01
9.920792203223951500e-01,-1.256071575677805974e-01,1.289407713382275788e-03,6.782526724336334212e+01,1.256135097660462663e-01,9.920459692195690016e-01,-8.126568738490252269e-03,6.725768794456558730e+00,-2.583965247205632617e-04,8.224167006375120159e-03,9.999661475811505440e-01,1.472988769462284520e+00,0.000000000000000000e+00,0.000000000000000000e+00,0.000000000000000000e+00,1.000000000000000056e-01
9.917040477349838845e-01,-1.284970567541122710e-01,3.404131545520562227e-03,6.856368383494758234e+01,1.285186141044209474e-01,9.916814399084878939e-01,-7.133552390438153631e-03,6.809335241574466124e+00,-2.459173586327172839e-03,7.511867048786530568e-03,9.999687616714402205e-01,1.497516632542699622e+00,0.000000000000000000e+00,0.000000000000000000e+00,0.000000000000000000e+00,1.000000000000000056e-01
9.918506383889297284e-01,-1.274059934198318589e-01,1.548165956009291751e-04,6.924110946490682750e+01,1.274057184993112879e-01,9.918441091190975945e-01,-3.611938457086379464e-03,6.908432830843346473e+00,3.066286789557295077e-04,3.602227984080805072e-03,9.999934649448485313e-01,1.512318673999097030e+00,0.000000000000000000e+00,0.000000000000000000e+00,0.000000000000000000e+00,1.000000000000000056e-01
9.916190412835697021e-01,-1.291404717074744468e-01,-3.796779032947775710e-03,6.990946685251030601e+01,1.291214366862294405e-01,9.916167194425787867e-01,-4.892474836120912912e-03,7.017199952615095881e+00,4.396766077253643455e-03,4.361225642983839607e-03,9.999808238956149342e-01,1.524512400359253173e+00,0.000000000000000000e+00,0.000000000000000000e+00,0.000000000000000000e+00,1.000000000000000056e-01
9.913124671178604741e-01,-1.311734000082647178e-01,-9.650474960983812522e-03,7.063405279319525221e+01,1.311052926819247788e-01,9.913409549239129426e-01,-7.383313709386348997e-03,7.122549327091685534e+00,1.053540542587884377e-02,6.053942584477535471e-03,9.999261747807666190e-01,1.541243767096546424e+00,0.000000000000000000e+00,0.000000000000000000e+00,0.000000000000000000e+00,1.000000000000000056e-01
9.907023746435865696e-01,-1.355235119040377190e-01,-1.192403441603800789e-02,7.135419186739247266e+01,1.354469902825671257e-01,9.907597931634926081e-01,-7.010354771875419375e-03,7.227482048162199746e+00,1.276392177008596994e-02,5.330100545912879947e-03,9.999043315883863192e-01,1.556438092512435700e+00,0.000000000000000000e+00,0.000000000000000000e+00,0.000000000000000000e+00,1.000000000000000056e-01
9.906701245748540385e-01,-1.359803861874379904e-01,-9.057529859647245676e-03,7.202680562044561441e+01,1.359296735708413750e-01,9.907003197330828126e-01,-6.000026974278063058e-03,7.316217272197731880e+00,9.789183713041845966e-03,4.712860392880534668e-03,9.999409786728162830e-01,1.588579727459418001e+00,0.000000000000000000e+00,0.000000000000000000e+00,0.000000000000000000e+00,1.000000000000000056e-01
9.899161676916757857e-01,-1.415153689999277264e-01,-6.275450536846700032e-03,7.259636978205084290e+01,1.414671178350417891e-01,9.899140587553270088e-01,-7.563785428035533186e-03,7.410462439561322334e+00,7.282548597332937253e-03,6.599743583599008458e-03,9.999517027689678317e-01,1.601964727463848215e+00,0.000000000000000000e+00,0.000000000000000000e+00,0.000000000000000000e+00,1.000000000000000056e-01
9.903981644919702676e-01,-1.378824766463967455e-01,-9.994918948748984094e-03,7.312685353708376113e+01,1.377835896561812601e-01,9.904119825913503261e-01,-9.989352377803028399e-03,7.470734886307295319e+00,1.127644413781539109e-02,8.516300448358396502e-03,9.999001522323516244e-01,1.620605440186287716e+00,0.000000000000000000e+00,0.000000000000000000e+00,0.000000000000000000e+00,1.000000000000000056e-01
9.901472529889155938e-01,-1.395793565956131577e-01,-1.122589020341529728e-02,7.375090820756277310e+01,1.393678095188089494e-01,9.900802305762146371e-01,-1.782556288252063956e-02,7.550106610587113742e+00,1.360261255911756131e-02,1.608540439356033816e-02,9.997780897264463285e-01,1.647784726904480523e+00,0.000000000000000000e+00,0.000000000000000000e+00,0.000000000000000000e+00,1.000000000000000056e-01
9.903007276350987986e-01,-1.378037518919687510e-01,-1.773682073796391950e-02,7.433766794795974420e+01,1.374009355182699843e-01,9.902662041066396803e-01,-2.222223937705901375e-02,7.625062671015539806e+00,2.062648210670363358e-02,1.956964406226679304e-02,9.995957069071365053e-01,1.669311705980061733e+00,0.000000000000000000e+00,0.000000000000000000e+00,0.000000000000000000e+00,1.000000000000000056e-01
9.909585811986149073e-01,-1.330171339349261739e-01,-1.753660253771994679e-02,7.491366421427365196e+01,1.326898843946462681e-01,9.909817822408006904e-01,-1.866820414988477894e-02,7.686244054029023332e+00,1.986164464900802909e-02,1.617248733449099668e-02,9.996719290473511377e-01,1.698476605252361660e+00,0.000000000000000000e+00,0.000000000000000000e+00,0.000000000000000000e+00,1.000000000000000056e-01
9.911884495785907578e-01,-1.316243040127641206e-01,-1.484924291487229112e-02,7.548614923187129477e+01,1.313340300982722419e-01,9.911546200317299382e-01,-1.907594631736854451e-02,7.781805545528428070e+00,1.722875387645758996e-02,1.695764673863855987e-02,9.997077614267841916e-01,1.704887447748328455e+00,0.000000000000000000e+00,0.000000000000000000e+00,0.000000000000000000e+00,1.000000000000000056e-01
9.916879814032938389e-01,-1.279484076674626269e-01,-1.357028060215014278e-02,7.606852081070682914e+01,1.276375582768899952e-01,9.915829043775454821e-01,-2.172550260189560697e-02,7.834520108368572266e+00,1.623580171638616329e-02,1.981284233905517347e-02,9.996718711762745402e-01,1.723969624987349736e+00,0.000000000000000000e+00,0.000000000000000000e+00,0.000000000000000000e+00,1.000000000000000056e-01
9.921431842450095795e-01,-1.247482528585927980e-01,-9.474986274475143480e-03,7.666128718552987209e+01,1.244627038065427710e-01,9.918741309291047026e-01,-2.635799223761222179e-02,7.893228371950019806e+00,1.268610725706270474e-02,2.497161993867877752e-02,9.996076634761762447e-01,1.750208894245273816e+00,0.000000000000000000e+00,0.000000000000000000e+00,0.000000000000000000e+00,1.000000000000000056e-01
9.931163476023763259e-01,-1.169593130837371514e-01,-6.359182958237971292e-03,7.723275797199191572e+01,1.167445614639269352e-01,9.927834964458686073e-01,-2.741599083220198560e-02,7.934573429727583616e+00,9.519847347062853835e-03,2.648486865544829802e-02,9.996038836653208248e-01,1.787818205957572459e+00,0.000000000000000000e+00,0.000000000000000000e+00,0.000000000000000000e+00,1.000000000000000056e-01
9.942572231860454801e-01,-1.069209803751889204e-01,-4.525273249490753373e-03,7.773408975275327748e+01,1.067805691390509154e-01,9.939835631712548025e-01,-2.438413828119742610e-02,8.015507977304855203e+00,7.105223199482184164e-03,2.376089436415756290e-02,9.996924205485909765e-01,1.811727984893449550e+00,0.000000000000000000e+00,0.000000000000000000e+00,0.000000000000000000e+00,1.000000000000000056e-01
9.957502974637045812e-01,-9.192705451585107823e-02,-5.546327522212786236e-03,7.823531835127879219e+01,9.178100275449795065e-02,9.955252037867647896e-01,-2.249035701582635313e-02,8.059569189842093806e+00,7.588981112293848551e-03,2.188573218698044651e-02,9.997316750470183200e-01,1.825673457882854844e+00,0.000000000000000000e+00,0.000000000000000000e+00,0.000000000000000000e+00,1.000000000000000056e-01
9.973730205080123534e-01,-7.231140475103499388e-02,-4.256607294072859739e-03,7.870163601199126902e+01,7.225086973630422127e-02,9.973020473920010120e-01,-1.297837008528385933e-02,8.108880865743046229e+00,5.183607341568274331e-03,1.263673259410773297e-02,9.999067172513010915e-01,1.839703291253234063e+00,0.000000000000000000e+00,0.000000000000000000e+00,0.000000000000000000e+00,1.000000000000000056e-01
9.988296876382489753e-01,-4.830273160706996527e-02,-2.470063111217725774e-03,7.917845521390140107e+01,4.825859789298904412e-02,9.987134574298300871e-01,-1.557362122172661380e-02,8.119994241359011156e+00,3.219133715897367319e-03,1.543619343783903843e-02,9.998756728265113525e-01,1.861441793372134335e+00,0.000000000000000000e+00,0.000000000000000000e+00,0.000000000000000000e+00,1.000000000000000056e-01
9.996738770243520644e-01,-2.543079799060418353e-02,-2.326823728111934459e-03,7.973508037468323550e+01,2.539116130022816067e-02,9.995540021479349946e-01,-1.571896045773238035e-02,8.190221142634849016e+00,2.725531677749950133e-03,1.565475338697612170e-02,9.998737421162066097e-01,1.883796444207923582e+00,0.000000000000000000e+00,0.000000000000000000e+00,0.000000000000000000e+00,1.000000000000000056e-01
9.999923613066997730e-01,3.801963975713621661e-03,-9.068617195060972970e-04,8.022814736769895205e+01,-3.814653629348889723e-03,9.998886391286846420e-01,-1.442767337705872996e-02,8.232567710897216173e+00,8.519072361619107201e-04,1.443102253183639605e-02,9.998955044617144905e-01,1.894572691653205965e+00,0.000000000000000000e+00,0.000000000000000000e+00,0.000000000000000000e+00,1.000000000000000056e-01
9.993564030882192695e-01,3.579822238378564669e-02,-2.294968570086739629e-03,8.069479268141863315e+01,-3.583117618236993096e-02,9.992226982746397201e-01,-1.643551234784946732e-02,8.201789549060357842e+00,1.704822561037793414e-03,1.650716592602663804e-02,9.998622940450979657e-01,1.896342657916483709e+00,0.000000000000000000e+00,0.000000000000000000e+00,0.000000000000000000e+00,1.000000000000000056e-01
