1.000000000000000000e+00,-1.637706699585810320e-12,7.993440676019058547e-13,1.388031977307500501e-19,1.637706699585992882e-12,1.000000000000000000e+00,-2.283426668255753516e-13,3.624640855778497156e-19,-7.993440676015318463e-13,2.283426668268844821e-13,1.000000000000000000e+00,-2.477954901713229675e-19,0.000000000000000000e+00,0.000000000000000000e+00,0.000000000000000000e+00,1.000000000000000056e-01
9.999990314789992674e-01,-6.297586098090346592e-04,-1.241146710416139156e-03,6.468619706677253278e-01,6.264403340377764154e-04,9.999962336285377340e-01,-2.672134212005698208e-03,-4.490997674179184745e-03,1.242824835323164167e-03,2.671354119627733850e-03,9.999956596173786849e-01,-3.715004437901870305e-04,0.000000000000000000e+00,0.000000000000000000e+00,0.000000000000000000e+00,1.000000000000000056e-01
9.999803634643570360e-01,-5.427731868362847649e-03,-3.132477048199634219e-03,1.307175513601262384e+00,5.418979124407534605e-03,9.999814084960368943e-01,-2.795948413582299841e-03,5.313893950473430085e-03,3.147594469046877813e-03,2.778918683109741529e-03,9.999911850911542555e-01,4.362869826042758623e-03,0.000000000000000000e+00,0.000000000000000000e+00,0.000000000000000000e+00,1.000000000000000056e-01
9.999363040574476003e-01,-9.950827363010415760e-03,-5.326242833681219674e-03,2.004906942679158366e+00,9.935526661364754708e-03,9.999464608549415434e-01,-2.891493323226056785e-03,1.418561772911763538e-02,5.354730422074250804e-03,2.838390119154506671e-03,9.999816350331831583e-01,8.817833777328417527e-03,0.000000000000000000e+00,0.000000000000000000e+00,0.000000000000000000e+00,1.000000000000000056e-01
9.998571196880839951e-01,-1.609869194923736063e-02,-5.154835261394072159e-03,2.702843748731192708e+00,1.609127049318921643e-02,9.998694347968601903e-01,-1.477962422534388537e-03,2.265747695714274285e-02,5.177955481033945893e-03,1.394803402263534780e-03,9.999856215468827525e-01,1.665125986852849377e-02,0.000000000000000000e+00,0.000000000000000000e+00,0.000000000000000000e+00,1.000000000000000056e-01
9.997518629305652826e-01,-2.135154444540040414e-02,-6.350127294812712986e-03,3.410883661524577892e+00,2.134201291192243388e-02,9.997710084102027217e-01,-1.565000739230559346e-03,3.076399703949275755e-02,6.382088351908824300e-03,1.429087905815219382e-03,9.999786130993131295e-01,3.034585918191699122e-02,0.000000000000000000e+00,0.000000000000000000e+00,0.000000000000000000e+00,1.000000000000000056e-01
9.996523480578589638e-01,-2.533136542587321322e-02,-7.314707654450509564e-03,4.129948564584831061e+00,2.532881024949174692e-02,9.996790766129914907e-01,-4.417618610957937237e-04,5.368018879373272212e-02,7.323550624829698250e-03,2.563354395167381674e-04,9.999731495887217436e-01,4.089907186690437679e-02,0.000000000000000000e+00,0.000000000000000000e+00,0.000000000000000000e+00,1.000000000000000056e-01
9.994981467585606350e-01,-3.007995839958603826e-02,-9.932307329213336741e-03,4.893414293891257927e+00,3.009451767340861131e-02,9.995461863221040133e-01,1.319626819474680997e-03,8.576011957656880236e-02,9.888105592461495993e-03,-1.617872558934573988e-03,9.999498026682016594e-01,5.569312717149441094e-02,0.000000000000000000e+00,0.000000000000000000e+00,0.000000000000000000e+00,1.000000000000000056e-01
9.993435095370432064e-01,-3.476750719492011782e-02,-1.018677523247099245e-02,5.655656482791384221e+00,3.478805505513683088e-02,9.993930059539004596e-01,1.846855681400647172e-03,1.260875700799195531e-01,1.011638135236485325e-02,-2.200021335880855168e-03,9.999464079311727316e-01,6.016954658309693615e-02,0.000000000000000000e+00,0.000000000000000000e+00,0.000000000000000000e+00,1.000000000000000056e-01
9.992105185610009599e-01,-3.889183131363972701e-02,-8.109565594224618298e-03,6.438747508921053964e+00,3.890857620971115149e-02,9.992409351806565976e-01,1.917330597470767381e-03,1.623270852606667203e-01,8.028841410112572477e-03,-2.231348551502179180e-03,9.999652787918453800e-01,7.107790509542785684e-02,0.000000000000000000e+00,0.000000000000000000e+00,0.000000000000000000e+00,1.000000000000000056e-01
9.991040193845398543e-01,-4.180757495686270031e-02,-6.579143248430795003e-03,7.236618370397045474e+00,4.181731521165714394e-02,9.991243616119422910e-01,1.349882223671280230e-03,2.025355314020814979e-01,6.516946995792864857e-03,-1.623794862407992911e-03,9.999774460917100205e-01,8.612696600145293424e-02,0.000000000000000000e+00,0.000000000000000000e+00,0.000000000000000000e+00,1.000000000000000056e-01
9.991214516856899985e-01,-4.145144307798217381e-02,-6.172734258991512298e-03,8.032327355487753451e+00,4.146376920174126707e-02,9.991382348713553352e-01,1.882408493716299525e-03,2.422138144272494298e-01,6.089386263331932232e-03,-2.136699535565807998e-03,9.999791767282110166e-01,1.003815975300830637e-01,0.000000000000000000e+00,0.000000000000000000e+00,0.000000000000000000e+00,1.000000000000000056e-01
9.990405408380170771e-01,-4.333056032536595353e-02,-6.360841451588463563e-03,8.867529783624499728e+00,4.333080552862963314e-02,9.990607746415134383e-01,-9.932240044921104491e-05,2.887171851303927395e-01,6.359170883260142904e-03,-1.763932792751160029e-04,9.999797647108108478e-01,1.153798052291592630e-01,0.000000000000000000e+00,0.000000000000000000e+00,0.000000000000000000e+00,1.000000000000000056e-01
9.989015862320600458e-01,-4.644591192399565721e-02,-6.196635266237035707e-03,9.642559978301891377e+00,4.644435704505358448e-02,9.989208006330627665e-01,-3.946660265142506530e-04,3.524446917909507260e-01,6.208278484887446401e-03,1.064337791339057106e-04,9.999807227892469896e-01,1.317972359957091666e-01,0.000000000000000000e+00,0.000000000000000000e+00,0.000000000000000000e+00,1.000000000000000056e-01
9.988334528243866250e-01,-4.803270347056468048e-02,-4.959124541947588886e-03,1.042539448860491547e+01,4.803356952745062303e-02,9.988457203719660615e-01,5.561528293887584885e-05,3.588509177970403696e-01,4.950728973122100855e-03,-2.937548585685687452e-04,9.999877019197375150e-01,1.384916002245839273e-01,0.000000000000000000e+00,0.000000000000000000e+00,0.000000000000000000e+00,1.000000000000000056e-01
9.987795161244097386e-01,-4.900653009548520261e-02,-6.151274525676371334e-03,1.122785124723900019e+01,4.899834256646947578e-02,9.987977709598182541e-01,-1.474839461568982178e-03,4.108002026359591219e-01,6.216156049266862750e-03,1.171637187357564905e-03,9.999799931349988569e-01,1.643625712278020956e-01,0.000000000000000000e+00,0.000000000000000000e+00,0.000000000000000000e+00,1.000000000000000056e-01
9.986541282739905823e-01,-5.137373619301927735e-02,-7.118378388789434533e-03,1.209555360868976948e+01,5.136871852947069023e-02,9.986793627869203771e-01,-8.860587738967763130e-04,4.616624606834795475e-01,7.154497743094099388e-03,5.192042766054145693e-04,9.999742714635028173e-01,1.757091461481306016e-01,0.000000000000000000e+00,0.000000000000000000e+00,0.000000000000000000e+00,1.000000000000000056e-01
9.985037943740379118e-01,-5.418052986375015284e-02,-7.392077132458519349e-03,1.299373234904094332e+01,5.418252759379892786e-02,9.985310454803475455e-01,7.011042300035364816e-05,5.327029986167041153e-01,7.377419887478042955e-03,-4.705269465959455904e-04,9.999726757667912747e-01,1.965353835102603142e-01,0.000000000000000000e+00,0.000000000000000000e+00,0.000000000000000000e+00,1.000000000000000056e-01
9.986595497145903666e-01,-5.093670819204442618e-02,-9.195407680479465370e-03,1.388363650585264075e+01,5.096935980968689966e-02,9.986945922224839123e-01,3.351988388597973868e-03,5.833776375744185172e-01,9.012664669362799655e-03,-3.816179257468903675e-03,9.999521031786634540e-01,2.088484285364121951e-01,0.000000000000000000e+00,0.000000000000000000e+00,0.000000000000000000e+00,1.000000000000000056e-01
9.978921261835539402e-01,-6.417100916034687574e-02,-9.663647562320255499e-03,1.481592835699142796e+01,6.423300759021799422e-02,9.979153702765856115e-01,6.247759731292130449e-03,7.114951368092236050e-01,9.242577388426849797e-03,-6.855315389362802263e-03,9.999337875150190458e-01,2.281355579605113537e-01,0.000000000000000000e+00,0.000000000000000000e+00,0.000000000000000000e+00,1.000000000000000056e-01
9.976595448736780281e-01,-6.768492257708422222e-02,-9.704832722910261208e-03,1.577732288625040091e+01,6.772332788540955106e-02,9.976973365144364836e-01,3.684504325497538983e-03,7.741039908467050035e-01,9.433100368959482576e-03,-4.333124477027676738e-03,9.999461188732599037e-01,2.344245977767741573e-01,0.000000000000000000e+00,0.000000000000000000e+00,0.000000000000000000e+00,1.000000000000000056e-01
9.975619849401730077e-01,-6.942241207437083172e-02,-7.114415225325736170e-03,1.670257394855773114e+01,6.944573198121761770e-02,9.975809616791335710e-01,3.084672580344811812e-03,8.583526958837212062e-01,6.883059771277908259e-03,-3.571217875080360833e-03,9.999699344935695233e-01,2.526161155225524202e-01,0.000000000000000000e+00,0.000000000000000000e+00,0.000000000000000000e+00,1.000000000000000056e-01
9.973692541103442721e-01,-7.217672170626657224e-02,-6.715042748318952003e-03,1.758206591876284719e+01,7.220543422805378309e-02,9.973812047170254047e-01,4.136151007055586387e-03,9.376556051569869821e-01,6.398923605873335814e-03,-4.610132422297092553e-03,9.999688997442546246e-01,2.722230669392216584e-01,0.000000000000000000e+00,0.000000000000000000e+00,0.000000000000000000e+00,1.000000000000000056e-01
9.972928386039686677e-01,-7.321880556085547109e-02,-6.782372850274125467e-03,1.849137013455320400e+01,7.325558823760722205e-02,9.972988859037705822e-01,5.343310496323605899e-03,1.007305019602238838e+00,6.372822075080769935e-03,-5.825692005214556587e-03,9.999627235309622719e-01,2.859646546567177205e-01,0.000000000000000000e+00,0.000000000000000000e+00,0.000000000000000000e+00,1.000000000000000056e-01
9.973344577053914195e-01,-7.259130534953527059e-02,-7.381182909488082956e-03,1.940822286470066871e+01,7.262422839409211905e-02,9.973501289151528448e-01,4.294392051358555604e-03,1.078431620821183490e+00,7.049888201633477090e-03,-4.818997881153259943e-03,9.999635375031261653e-01,3.067902957950048859e-01,0.000000000000000000e+00,0.000000000000000000e+00,0.000000000000000000e+00,1.000000000000000056e-01
9.972779774037476841e-01,-7.349672210333581257e-02,-5.904881502214672472e-03,2.033540497248300483e+01,7.349537733282100749e-02,9.972954586027142909e-01,-4.447033933825011759e-04,1.131054839769826792e+00,5.921595747467710107e-03,9.511406586221638100e-06,9.999824671529680131e-01,3.255416169742968435e-01,0.000000000000000000e+00,0.000000000000000000e+00,0.000000000000000000e+00,1.000000000000000056e-01
9.974153502625187073e-01,-7.181835462642048584e-02,-2.177842843484819463e-03,2.125116647304709261e+01,7.181770637578767380e-02,9.974177042688928685e-01,-3.745155436776276725e-04,1.211835950411960683e+00,2.199116099336012597e-03,2.171398743099753662e-04,9.999975583663475165e-01,3.307827671457189145e-01,0.000000000000000000e+00,0.000000000000000000e+00,0.000000000000000000e+00,1.000000000000000056e-01
9.973982927297250223e-01,-7.208748103279634389e-02,-2.018370037198631887e-04,2.221317081687231720e+01,7.208712815637892402e-02,9.973973474375358306e-01,-1.406157435404750125e-03,1.293226171559168414e+00,3.026780395787970180e-04,1.387949175428052810e-03,9.999989909910363961e-01,3.488411049707833000e-01,0.000000000000000000e+00,0.000000000000000000e+00,0.000000000000000000e+00,1.000000000000000056e-01
9.975444284445993404e-01,-7.002763705079860512e-02,1.115046285718036432e-03,2.318525652387847202e+01,7.003003363967059969e-02,9.975422801799089800e-01,-2.278956316972972559e-03,1.359498260420826110e+00,-9.527158885417003151e-04,2.351446905563637189e-03,9.999967815097636770e-01,3.630150729324466696e-01,0.000000000000000000e+00,0.000000000000000000e+00,0.000000000000000000e+00,1.000000000000000056e-01
9.978437656343225326e-01,-6.559357301561620501e-02,2.302729632474515356e-03,2.411530924052393132e+01,6.560218739940155974e-02,9.978382769487643689e-01,-3.889224130193034458e-03,1.423241765540092407e+00,-2.042643661789318894e-03,4.031902152347438019e-03,9.999897856337858215e-01,3.692228046275378706e-01,0.000000000000000000e+00,0.000000000000000000e+00,0.000000000000000000e+00,1.000000000000000056e-01
9.979646652987146371e-01,-6.376813815408004238e-02,-3.890650158113135920e-04,2.507207604704753834e+01,6.376534950791980239e-02,9.979520024046878435e-01,-5.077509094688290210e-03,1.492296229178337486e+00,7.120515130231926159e-04,5.042365797517266678e-03,9.999870336808407423e-01,3.805649999405324446e-01,0.000000000000000000e+00,0.000000000000000000e+00,0.000000000000000000e+00,1.000000000000000056e-01
9.980426777202283661e-01,-6.230061258712893402e-02,-5.426520091635383090e-03,2.602740886282514055e+01,6.228109552752020273e-02,9.980518104853546291e-01,-3.694418330083552165e-03,1.564927880752392308e+00,5.646112727209170491e-03,3.349217546566131583e-03,9.999784518442872416e-01,3.892665127607835562e-01,0.000000000000000000e+00,0.000000000000000000e+00,0.000000000000000000e+00,1.000000000000000056e-01
9.981058285804526031e-01,-6.088934195817975736e-02,-8.788799100450767413e-03,2.698242145642201706e+01,6.084854473198775260e-02,9.981352891440421482e-01,-4.837268789164305555e-03,1.630846651659327406e+00,9.066948644804380050e-03,4.293320537670970022e-03,9.999496776543473908e-01,4.089196417793914407e-01,0.000000000000000000e+00,0.000000000000000000e+00,0.000000000000000000e+00,1.000000000000000056e-01
9.981587437677681418e-01,-6.020352839343840606e-02,-7.393064921357299021e-03,2.795313690118769046e+01,6.014512653263145298e-02,9.981585144414840682e-01,-7.883134043223088278e-03,1.684990881306117627e+00,7.854043183271911324e-03,7.423962348377491013e-03,9.999415976889476365e-01,4.328141853849071796e-01,0.000000000000000000e+00,0.000000000000000000e+00,0.000000000000000000e+00,1.000000000000000056e-01
9.982173607444937424e-01,-5.953046663130112659e-02,-4.268987111329869931e-03,2.896360936491296556e+01,5.948038440269037830e-02,9.981685357781824308e-01,-1.102987097601702653e-02,1.732481901441287553e+00,4.917781980257406906e-03,1.075628770063997812e-02,9.999300564015943804e-01,4.495131616159327437e-01,0.000000000000000000e+00,0.000000000000000000e+00,0.000000000000000000e+00,1.000000000000000056e-01
9.982300150720780918e-01,-5.945882969403087220e-02,-1.218433672786395708e-03,2.992152132725431812e+01,5.943136939313197614e-02,9.981009478161513293e-01,-1.619908332460237924e-02,1.780095212750273381e+00,2.179298340256164042e-03,1.609799800958328433e-02,9.998680438532014936e-01,4.575166726178416798e-01,0.000000000000000000e+00,0.000000000000000000e+00,0.000000000000000000e+00,1.000000000000000056e-01
9.982663926411180499e-01,-5.882117594449160630e-02,-2.068473784273249568e-03,3.085096401508004860e+01,5.875963496443791650e-02,9.980164626523616578e-01,-2.259304259530361264e-02,1.825487932453161655e+00,3.393320222889279533e-03,2.243233236590345264e-02,9.997426047950995764e-01,4.783397121249343131e-01,0.000000000000000000e+00,0.000000000000000000e+00,0.000000000000000000e+00,1.000000000000000056e-01
9.982822006205341880e-01,-5.837074453796130963e-02,-5.050159037847602034e-03,3.180005887549672750e+01,5.822490926094043423e-02,9.979815199659243241e-01,-2.535243081163146561e-02,1.863945901146289996e+00,6.519805654982878743e-03,2.501483536998330010e-02,9.996658192344248794e-01,4.922965877633316834e-01,0.000000000000000000e+00,0.000000000000000000e+00,0.000000000000000000e+00,1.000000000000000056e-01
9.982867741618215440e-01,-5.793903828819491758e-02,-8.159924988831324805e-03,3.278827132334110672e+01,5.770767675483490927e-02,9.979897763300685787e-01,-2.619599939340451489e-02,1.936503899436558207e+00,9.661292726325907548e-03,2.568022941678765186e-02,9.996235217520430538e-01,5.071175347587788540e-01,0.000000000000000000e+00,0.000000000000000000e+00,0.000000000000000000e+00,1.000000000000000056e-01
9.982133823792459504e-01,-5.897101374455400447e-02,-9.615756700594831757e-03,3.376157177026090039e+01,5.869649484028825748e-02,9.979189579530226561e-01,-2.669222454980954562e-02,2.000613610226311234e+00,1.116981344738693024e-02,2.608012453752980159e-02,9.995974501626430087e-01,5.234530151475924598e-01,0.000000000000000000e+00,0.000000000000000000e+00,0.000000000000000000e+00,1.000000000000000056e-01
9.982074150119307765e-01,-5.922088339578277655e-02,-8.651218701549098777e-03,3.472999625399859269e+01,5.895822426322031712e-02,9.978681383049531339e-01,-2.798403737016522466e-02,2.071397747706196668e+00,1.029001491382557434e-02,2.742381311251379863e-02,9.995709329844696400e-01,5.504224769138044149e-01,0.000000000000000000e+00,0.000000000000000000e+00,0.000000000000000000e+00,1.000000000000000056e-01
9.981751694335589953e-01,-5.973677943000216956e-02,-8.823168910148100272e-03,3.571423279918133176e+01,5.949260430879411282e-02,9.978968443686326850e-01,-2.573942562844439702e-02,2.136461058397462143e+00,1.034220280418954481e-02,2.516754224107388416e-02,9.996297482861845607e-01,5.614391157018158163e-01,0.000000000000000000e+00,0.000000000000000000e+00,0.000000000000000000e+00,1.000000000000000056e-01
9.982717544226642481e-01,-5.817393229154614598e-02,-8.324537442682912805e-03,3.670131682796091610e+01,5.795559348102301278e-02,9.980203046728881588e-01,-2.442581922674994660e-02,2.205142027235420077e+00,9.729003348669764892e-03,2.390115190475282370e-02,9.996669852663273570e-01,5.866676984270073891e-01,0.000000000000000000e+00,0.000000000000000000e+00,0.000000000000000000e+00,1.000000000000000056e-01
9.982196706062120839e-01,-5.927589797558951989e-02,-6.622471895975544191e-03,3.771244161580159471e+01,5.909722004611621393e-02,9.979508813795915367e-01,-2.452665767114179871e-02,2.269709095757517670e+00,8.062741323297180698e-03,2.409162246267280635e-02,9.996772408780093544e-01,6.048296754522585195e-01,0.000000000000000000e+00,0.000000000000000000e+00,0.000000000000000000e+00,1.000000000000000056e-01
9.983528779674115672e-01,-5.719527921742824372e-02,-4.497898334462215909e-03,3.870641880716624428e+01,5.706972550221972584e-02,9.980739209111219035e-01,-2.432066668906841464e-02,2.331228645193783588e+00,5.880262348571582871e-03,2.402391375983295788e-02,9.996940902507986948e-01,6.365246240211341888e-01,0.000000000000000000e+00,0.000000000000000000e+00,0.000000000000000000e+00,1.000000000000000056e-01
9.983812534110322323e-01,-5.679414667088288765e-02,-3.049219792409372208e-03,3.972086697007503631e+01,5.672208238566742861e-02,9.981892711202586810e-01,-2.001960015185859018e-02,2.394832490083730114e+00,4.180694589387664098e-03,1.981423539612322052e-02,9.997949379089779987e-01,6.550379629723065422e-01,0.000000000000000000e+00,0.000000000000000000e+00,0.000000000000000000e+00,1.000000000000000056e-01
9.982815154707708194e-01,-5.854084889837674055e-02,-2.642892286596737212e-03,4.073003691529491732e+01,5.846577740845815274e-02,9.980295712234529271e-01,-2.277559736989106381e-02,2.464394874268441615e+00,3.970987459782972587e-03,2.258193910602426108e-02,9.997371090865868615e-01,6.742623557281816060e-01,0.000000000000000000e+00,0.000000000000000000e+00,0.000000000000000000e+00,1.000000000000000056e-01
9.983377085357089120e-01,-5.741202690160023686e-02,-5.067433543705529911e-03,4.174547813290654119e+01,5.728901398685980889e-02,9.981202314489081573e-01,-2.177090831342202992e-02,2.527772262085365984e+00,6.307819915257781990e-03,2.144441044719993389e-02,9.997501431200140898e-01,7.099570346732797521e-01,0.000000000000000000e+00,0.000000000000000000e+00,0.000000000000000000e+00,1.000000000000000056e-01
9.983906629140826272e-01,-5.628359588234737448e-02,-6.945577048113476398e-03,4.277729170075787124e+01,5.615235284565894130e-02,9.982629789985854041e-01,-1.783081688444250468e-02,2.603685470588140927e+00,7.937094926690058463e-03,1.741211059643579112e-02,9.998168937003926171e-01,7.362141072281188636e-01,0.000000000000000000e+00,0.000000000000000000e+00,0.000000000000000000e+00,1.000000000000000056e-01
9.984110396176183455e-01,-5.587117500809785781e-02,-7.335378168910431686e-03,4.383679646357597903e+01,5.571946032905285978e-02,9.982565512795836815e-01,-1.947304721996779425e-02,2.670479278171563831e+00,8.410571342395848152e-03,1.903338200652981288e-02,9.997834728875487631e-01,7.619134498398155708e-01,0.000000000000000000e+00,0.000000000000000000e+00,0.000000000000000000e+00,1.000000000000000056e-01
9.983885204991308493e-01,-5.631692660377164705e-02,-6.983259515584290880e-03,4.484251976592391031e+01,5.614963708145925825e-02,9.981755347301544123e-01,-2.219955228806999581e-02,2.730044098820447296e+00,8.220729357971617163e-03,2.177167067718359383e-02,9.997291703080125602e-01,7.949889829432553734e-01,0.000000000000000000e+00,0.000000000000000000e+00,0.000000000000000000e+00,1.000000000000000056e-01
9.985035136090670838e-01,-5.439758022258398690e-02,-5.624640101835560145e-03,4.582438700880895510e+01,5.425698013180298845e-02,9.982691108472335761e-01,-2.269278377041293246e-02,2.790574319922613622e+00,6.849336998919867102e-03,2.235364834207429277e-02,9.997266631377169643e-01,8.157265017279219377e-01,0.000000000000000000e+00,0.000000000000000000e+00,0.000000000000000000e+00,1.000000000000000056e-01
9.983264235061466429e-01,-5.726724050296947560e-02,-8.050794656486231701e-03,4.673784487435538182e+01,5.709520429473102093e-02,9.981647121040417847e-01,-2.018279358261041920e-02,2.846938488807124745e+00,9.191832024617476934e-03,1.968935436804325825e-02,9.997638919007831859e-01,8.402186610952233625e-01,0.000000000000000000e+00,0.000000000000000000e+00,0.000000000000000000e+00,1.000000000000000056e-01
9.984164371810068106e-01,-5.480828241816192159e-02,-1.267557277426118248e-02,4.769211543788756558e+01,5.456608850308068692e-02,9.983346078143581215e-01,-1.872305599056203404e-02,2.904563725548312103e+00,1.368064151487617675e-02,1.800175042940987610e-02,9.997443558376404305e-01,8.561412488008192101e-01,0.000000000000000000e+00,0.000000000000000000e+00,0.000000000000000000e+00,1.000000000000000056e-01
9.985153969956772624e-01,-5.314807573665717572e-02,-1.192828604853350682e-02,4.865430242033247765e+01,5.289763422547056476e-02,9.983913106126489634e-01,-2.041154542177979481e-02,2.964200117111182919e+00,1.299393150333691405e-02,1.975026426779163957e-02,9.997205033435290211e-01,8.824080205647227837e-01,0.000000000000000000e+00,0.000000000000000000e+00,0.000000000000000000e+00,1.000000000000000056e-01
9.987184181968700170e-01,-4.847217009301572899e-02,-1.455918544478453612e-02,4.961873171381608216e+01,4.817602348164236326e-02,9.986376858602526996e-01,-2.004602557055790504e-02,3.030359378095691003e+00,1.551102562173492690e-02,1.931893128910007126e-02,9.996930463787416787e-01,9.031014091708098324e-01,0.000000000000000000e+00,0.000000000000000000e+00,0.000000000000000000e+00,1.000000000000000056e-01
9.988051271908016115e-01,-4.750723774115905851e-02,-1.146212282134632422e-02,5.062749632192197424e+01,4.723015845185306316e-02,9.986112866379260877e-01,-2.334117246323889894e-02,3.092120765470169008e+00,1.255507984759507249e-02,2.277192485388097876e-02,9.996618475306886520e-01,9.413724092078865624e-01,0.000000000000000000e+00,0.000000000000000000e+00,0.000000000000000000e+00,1.000000000000000056e-01
9.989159778798385458e-01,-4.542457048122559848e-02,-1.017239072008022452e-02,5.157914143851125033e+01,4.518314229320509468e-02,9.987179594227978408e-01,-2.282369774762222844e-02,3.143335101047112889e+00,1.119610596938898361e-02,2.233933577703246451e-02,9.996877518946419849e-01,9.661664004065118050e-01,0.000000000000000000e+00,0.000000000000000000e+00,0.000000000000000000e+00,1.000000000000000056e-01
9.989557699621409714e-01,-4.453039082477482785e-02,-1.021831455470472404e-02,5.253755850052304766e+01,4.424206997709432404e-02,9.986588162105549671e-01,-2.689252775540023482e-02,3.181969067672676399e+00,1.140214468808258171e-02,2.641236638254688268e-02,9.995861033440721632e-01,9.920804319654016323e-01,0.000000000000000000e+00,0.000000000000000000e+00,0.000000000000000000e+00,1.000000000000000056e-01
9.989140564323516491e-01,-4.511636567466479480e-02,-1.162847411204507436e-02,5.352174335971587027e+01,4.475211649283594023e-02,9.985511152112289679e-01,-2.988173990621186341e-02,3.237085615648562786e+00,1.295978129739139284e-02,2.932889119487440063e-02,9.994857979031033235e-01,1.033625302158778458e+00,0.000000000000000000e+00,0.000000000000000000e+00,0.000000000000000000e+00,1.000000000000000056e-01
9.989254770678910322e-01,-4.478000047118704807e-02,-1.194331706381497257e-02,5.448300764193854917e+01,4.441852629823445087e-02,9.985924516541768714e-01,-2.898465146924401187e-02,3.276715424966817558e+00,1.322443897408809646e-02,2.842300225347390435e-02,9.995085027936079225e-01,1.052478360472854479e+00,0.000000000000000000e+00,0.000000000000000000e+00,0.000000000000000000e+00,1.000000000000000056e-01
9.988971450899123417e-01,-4.636916096756910771e-02,-7.375258801309793680e-03,5.542510763515062422e+01,4.611452654842616156e-02,9.984364987129364932e-01,-3.159127219766382638e-02,3.320023922018298101e+00,8.828588360385284176e-03,3.121632504021020285e-02,9.994736600223873557e-01,1.085349431896631911e+00,0.000000000000000000e+00,0.000000000000000000e+00,0.000000000000000000e+00,1.000000000000000056e-01
9.987721115815956230e-01,-4.950696475194629742e-02,-1.824710357934712472e-03,5.636661653081448975e+01,4.942452718093548469e-02,9.982759228696882481e-01,-3.166066852757942751e-02,3.366188747549861748e+00,3.388988017355084280e-03,3.153160731269238903e-02,9.994970097506526985e-01,1.122272655559131138e+00,0.000000000000000000e+00,0.000000000000000000e+00,0.000000000000000000e+00,1.000000000000000056e-01
9.987777715313661542e-01,-4.939785686559033245e-02,-1.677746084724896728e-03,5.732363854943007198e+01,4.932951051731370579e-02,9.983703611439258552e-01,-2.869183475257832544e-02,3.427851562151210452e+00,3.092327110833637590e-03,2.857400438219456773e-02,9.995868965660793526e-01,1.134328642121275266e+00,0.000000000000000000e+00,0.000000000000000000e+00,0.000000000000000000e+00,1.000000000000000056e-01
9.987075835089944675e-01,-5.060065394336089178e-02,-4.768276641423580160e-03,5.822727439334254740e+01,5.044556465385307414e-02,9.983229069523957833e-01,-2.840102922205359204e-02,3.481428966924548618e+00,6.197390449119609228e-03,2.812378485592308824e-02,9.995852365241290061e-01,1.152272489924781373e+00,0.000000000000000000e+00,0.000000000000000000e+00,0.000000000000000000e+00,1.000000000000000056e-01
9.985015372679093559e-01,-5.368983819715986844e-02,-1.058684787765110449e-02,5.914438460741682491e+01,5.337101905408140473e-02,9.981710056951572652e-01,-2.839326882638299604e-02,3.539291922537892265e+00,1.209191460235361018e-02,2.778569171140365252e-02,9.995407650203008698e-01,1.173323404718898733e+00,0.000000000000000000e+00,0.000000000000000000e+00,0.000000000000000000e+00,1.000000000000000056e-01
9.984245530781749034e-01,-5.376875938316648396e-02,-1.604158112661752816e-02,6.008772785844175246e+01,5.332987516571323361e-02,9.982216442340426932e-01,-2.663594183605652935e-02,3.598493529377416511e+00,1.744523503585287960e-02,2.573848280453782875e-02,9.995164802430545059e-01,1.206905494981572735e+00,0.000000000000000000e+00,0.000000000000000000e+00,0.000000000000000000e+00,1.000000000000000056e-01
9.983998000628240277e-01,-5.426415389061977484e-02,-1.591354256751498913e-02,6.100057129590051375e+01,5.388129475888982917e-02,9.982690313932617299e-01,-2.357428760884530336e-02,3.666935535703294224e+00,1.716523549557674028e-02,2.267912175755624690e-02,9.995954242225638664e-01,1.223783100799477053e+00,0.000000000000000000e+00,0.000000000000000000e+00,0.000000000000000000e+00,1.000000000000000056e-01
9.983808055684459948e-01,-5.531449570738159599e-02,-1.326927417528635939e-02,6.191984513264170431e+01,5.502382450563730182e-02,9.982566995444585034e-01,-2.135276449028383414e-02,3.726456142274530148e+00,1.442725924331041132e-02,2.058806399938474183e-02,9.996839429597154103e-01,1.259079434988603641e+00,0.000000000000000000e+00,0.000000000000000000e+00,0.000000000000000000e+00,1.000000000000000056e-01
9.982362147629920690e-01,-5.807222480700782036e-02,-1.233191962420971018e-02,6.280438874554174333e+01,5.780545549290207891e-02,9.981072473877581341e-01,-2.098694897527446021e-02,3.789374181272157749e+00,1.352733717003237225e-02,2.023708027352273328e-02,9.997036919663202514e-01,1.295411097357557884e+00,0.000000000000000000e+00,0.000000000000000000e+00,0.000000000000000000e+00,1.000000000000000056e-01
9.983037625529324055e-01,-5.639167147259808305e-02,-1.447677661584103811e-02,6.363176453442275715e+01,5.608772406982768383e-02,9.982131631989434872e-01,-2.060698971286671621e-02,3.851741976608752616e+00,1.561297157255036802e-02,1.976006591299458992e-02,9.996828371607611174e-01,1.325026085313743440e+00,0.000000000000000000e+00,0.000000000000000000e+00,0.000000000000000000e+00,1.000000000000000056e-01
9.982750286322383815e-01,-5.730717748704634851e-02,-1.276145045721260342e-02,6.445249124593661350e+01,5.706904559841974311e-02,9.982024613629556509e-01,-1.830219012639176801e-02,3.899291846376453208e+00,1.378735811492583750e-02,1.754233557441177427e-02,9.997510566230002338e-01,1.351253992559503292e+00,0.000000000000000000e+00,0.000000000000000000e+00,0.000000000000000000e+00,1.000000000000000056e-01
9.981514606924217770e-01,-5.911425219034074224e-02,-1.411264346469385568e-02,6.526262528352641823e+01,5.884928153046830451e-02,9.980953381854260620e-01,-1.850561957535228411e-02,3.950233684809433043e+00,1.517970951409983692e-02,1.764089228176326726e-02,9.997291509896921724e-01,1.381309425132283941e+00,0.000000000000000000e+00,0.000000000000000000e+00,0.000000000000000000e+00,1.000000000000000056e-01
9.981171375148683023e-01,-6.002182414545825795e-02,-1.263172297737471216e-02,6.606874069538862670e+01,5.978269587145325359e-02,9.980394838289435855e-01,-1.852614349499890831e-02,3.992857272206521646e+00,1.371893120715961430e-02,1.773610286132916783e-02,9.997485791846996150e-01,1.414022314310018347e+00,0.000000000000000000e+00,0.000000000000000000e+00,0.000000000000000000e+00,1.000000000000000056e-01
9.980139682992577033e-01,-6.162537057584929062e-02,-1.305499065328929141e-02,6.681955231317584776e+01,6.138708918410010901e-02,9.979530087255977788e-01,-1.792812474940843476e-02,4.046580680023922127e+00,1.413309453274695475e-02,1.709111104979018497e-02,9.997540445339604398e-01,1.437418100002108456e+00,0.000000000000000000e+00,0.000000000000000000e+00,0.000000000000000000e+00,1.000000000000000056e-01
9.979312288167000444e-01,-6.326796497167543054e-02,-1.142047112574091049e-02,6.760794551379920847e+01,6.306397767935022214e-02,9.978575101415051440e-01,-1.741620433545816929e-02,4.101479633947030301e+00,1.249789068801008575e-02,1.665995385764512324e-02,9.997831008102765482e-01,1.457199083541733664e+00,0.000000000000000000e+00,0.000000000000000000e+00,0.000000000000000000e+00,1.000000000000000056e-01
9.978148025555066969e-01,-6.559760136192180346e-02,-7.910404330856440555e-03,6.835960903517288045e+01,6.547034415900843118e-02,9.977357284098530288e-01,-1.539643758019771692e-02,4.161041276659388721e+00,8.902462401843029213e-03,1.484489643016508563e-02,9.998501763830226485e-01,1.481511192915904607e+00,0.000000000000000000e+00,0.000000000000000000e+00,0.000000000000000000e+00,1.000000000000000056e-01
9.979233482324499915e-01,-6.401418696456766255e-02,-7.153664781197061583e-03,6.905445725154480385e+01,6.392183217185819222e-02,9.978770120298454671e-01,-1.246869015495893560e-02,4.210016196933717758e+00,7.936650699706867054e-03,1.198552166795219601e-02,9.998966730847832496e-01,1.506996350357439729e+00,0.000000000000000000e+00,0.000000000000000000e+00,0.000000000000000000e+00,1.000000000000000056e-01
9.979918831053267159e-01,-6.271382040113032685e-02,-8.898201311428695012e-03,6.971779215871802649e+01,6.262151261430767835e-02,9.979842083666762287e-01,-1.029883530476762357e-02,4.258675585172457367e+00,9.526143699317502281e-03,9.720935213928381946e-03,9.999073737125787620e-01,1.539160271351649456e+00,0.000000000000000000e+00,0.000000000000000000e+00,0.000000000000000000e+00,1.000000000000000056e-01
9.977285766483355856e-01,-6.592167023187278652e-02,-1.385715458261923064e-02,7.040516998406893379e+01,6.579210863844087154e-02,9.977871036664076598e-01,-9.606986931868960120e-03,4.318986408530924415e+00,1.445979876049390683e-02,8.673473977693425471e-03,9.998578324286729879e-01,1.562270678169097149e+00,0.000000000000000000e+00,0.000000000000000000e+00,0.000000000000000000e+00,1.000000000000000056e-01
9.977126020314904808e-01,-6.525027420748574780e-02,-1.766254408063902201e-02,7.114579601801848696e+01,6.507507941964221776e-02,9.978270153503461248e-01,-1.031898616858000113e-02,4.373825342378022896e+00,1.829748032052105552e-02,9.145991081780399309e-03,9.997907546387154731e-01,1.589809972277403283e+00,0.000000000000000000e+00,0.000000000000000000e+00,0.000000000000000000e+00,1.000000000000000056e-01
9.975805331492694217e-01,-6.725401121828535056e-02,-1.760618802211958225e-02,7.185585465262036564e+01,6.707695116029850635e-02,9.976929553972632148e-01,-1.046180547102500830e-02,4.424843338413022131e+00,1.826916814358021598e-02,9.255524065410324075e-03,9.997902643902950581e-01,1.611776707040670775e+00,0.000000000000000000e+00,0.000000000000000000e+00,0.000000000000000000e+00,1.000000000000000056e-01
9.975718151008530210e-01,-6.790372532088850832e-02,-1.547765498823486068e-02,7.253582380043198441e+01,6.776951200672665099e-02,9.976600702195981274e-01,-9.037562270699212030e-03,4.476053156801207855e+00,1.605512250839708985e-02,7.966704272907243478e-03,9.998393694310443447e-01,1.630114655703371218e+00,0.000000000000000000e+00,0.000000000000000000e+00,0.000000000000000000e+00,1.000000000000000056e-01
9.975113736608033355e-01,-6.887566711864481772e-02,-1.507321784818348512e-02,7.317174664089625935e+01,6.873808633206962559e-02,9.975898553813572489e-01,-9.463399368497845895e-03,4.523656841972155007e+00,1.568868715801650590e-02,8.403744353820534821e-03,9.998416085441200751e-01,1.649899089363818350e+00,0.000000000000000000e+00,0.000000000000000000e+00,0.000000000000000000e+00,1.000000000000000056e-01
9.974178221005007838e-01,-6.981261071211178337e-02,-1.684896263432296426e-02,7.375511376066648950e+01,6.964469230482361883e-02,9.975181063433032902e-01,-1.035588485049179948e-02,4.560412283911337461e+00,1.753011665848575734e-02,9.155703295178207676e-03,9.998044149267948377e-01,1.676280792238372896e+00,0.000000000000000000e+00,0.000000000000000000e+00,0.000000000000000000e+00,1.000000000000000056e-01
9.973893097673379726e-01,-6.930419094834504301e-02,-2.028531189872259666e-02,7.439725807286239956e+01,6.895811600499736349e-02,9.974697071158531436e-01,-1.729050673796315996e-02,4.590865905500474575e+00,2.143228869893400168e-02,1.584652968979491372e-02,9.996447091331579493e-01,1.709180124678552293e+00,0.000000000000000000e+00,0.000000000000000000e+00,0.000000000000000000e+00,1.000000000000000056e-01
9.973542023334707185e-01,-6.836745564925109098e-02,-2.470801683288452455e-02,7.502375179333321853e+01,6.787602670666345595e-02,9.974890489747776368e-01,-2.020995234803600951e-02,4.613663321657920591e+00,2.602767923351461538e-02,1.847939889285534973e-02,9.994904060221269093e-01,1.730872344493757709e+00,0.000000000000000000e+00,0.000000000000000000e+00,0.000000000000000000e+00,1.000000000000000056e-01
9.976938722667105797e-01,-6.322440661217802738e-02,-2.469031490270044357e-02,7.561202979123608259e+01,6.272935053689630835e-02,9.978233693564492190e-01,-2.033598159328416088e-02,4.654038245588553835e+00,2.592230357579587349e-02,1.874027680375037197e-02,9.994882871763145493e-01,1.760744774261368217e+00,0.000000000000000000e+00,0.000000000000000000e+00,0.000000000000000000e+00,1.000000000000000056e-01
9.980047124007287440e-01,-5.844434930583342069e-02,-2.389251054528153742e-02,7.618354185087258656e+01,5.807154331492297983e-02,9.981840237313422959e-01,-1.601095326737292726e-02,4.706650312297155025e+00,2.478487205861036949e-02,1.459153184983345494e-02,9.995863130892267412e-01,1.772326468633074636e+00,0.000000000000000000e+00,0.000000000000000000e+00,0.000000000000000000e+00,1.000000000000000056e-01
9.984770385398583636e-01,-5.134610130098405528e-02,-2.017873608190523527e-02,7.672238404443588422e+01,5.097914706071369345e-02,9.985320853732612134e-01,-1.829756937651223769e-02,4.725971521089305405e+00,2.108862427082968533e-02,1.724100812931876614e-02,9.996289399397401132e-01,1.799882838704580212e+00,0.000000000000000000e+00,0.000000000000000000e+00,0.000000000000000000e+00,1.000000000000000056e-01
9.988846783048691558e-01,-4.397532669038130976e-02,-1.719215199596457050e-02,7.728884522696016290e+01,4.358026309338491194e-02,9.987916485116220544e-01,-2.271571113013626589e-02,4.732913821380656749e+00,1.817030865146389979e-02,2.194113729756689765e-02,9.995941308239059131e-01,1.820078816718823767e+00,0.000000000000000000e+00,0.000000000000000000e+00,0.000000000000000000e+00,1.000000000000000056e-01
9.992557230928049705e-01,-3.573189035659471435e-02,-1.453381841842378390e-02,7.784350309011530555e+01,3.535841823388335969e-02,9.990571902207413535e-01,-2.518954005604619184e-02,4.738081897904446116e+00,1.542018567570461844e-02,2.465689923290566993e-02,9.995770381486086542e-01,1.852874277492480459e+00,0.000000000000000000e+00,0.000000000000000000e+00,0.000000000000000000e+00,1.000000000000000056e-01
9.996054536121602441e-01,-2.389479554807090456e-02,-1.476400536925304846e-02,7.833021669554801747e+01,2.357800495629190640e-02,9.994956874070906050e-01,-2.127083771055077177e-02,4.752490156649323616e+00,1.526482201365335703e-02,2.091433958659477677e-02,9.996647316018246743e-01,1.877610142742372368e+00,0.000000000000000000e+00,0.000000000000000000e+00,0.000000000000000000e+00,1.000000000000000056e-01
9.998487141698838565e-01,-9.573667613890713551e-03,-1.452217825426695315e-02,7.883433572419937718e+01,9.289312998165155655e-03,9.997662457380165346e-01,-1.952338461778829401e-02,4.762560856567251477e+00,1.470569402823558754e-02,1.938552994712068253e-02,9.997039280666136785e-01,1.885343490037343805e+00,0.000000000000000000e+00,0.000000000000000000e+00,0.000000000000000000e+00,1.000000000000000056e-01
9.998651113034654481e-01,9.304494793717071194e-03,-1.353460656030675002e-02,7.932732140032727841e+01,-9.473407581844627695e-03,9.998773698579024316e-01,-1.246995568683728628e-02,4.754058887342910822e+00,1.341692017181496388e-02,1.259649247517453940e-02,9.998306429743119006e-01,1.900120547177790220e+00,0.000000000000000000e+00,0.000000000000000000e+00,0.000000000000000000e+00,1.000000000000000056e-01
9.994181283320102693e-01,3.147253007624260801e-02,-1.314855931048888524e-02,7.981792738203154158e+01,-3.166137057325468795e-02,9.993947773171024673e-01,-1.440960390580287888e-02,4.724814244371253302e+00,1.268709481183463023e-02,1.481752077437694347e-02,9.998097212486666274e-01,1.919582343492518772e+00,0.000000000000000000e+00,0.000000000000000000e+00,0.000000000000000000e+00,1.000000000000000056e-01
9.983438698432355318e-01,5.607984320899878083e-02,-1.282843451427156771e-02,8.030468798930404262e+01,-5.629868741887410211e-02,9.982625755060754447e-01,-1.738643548542855369e-02,4.705445910534527876e+00,1.183111750194155813e-02,1.807986531009496758e-02,9.997665443137333519e-01,1.938403667429979160e+00,0.000000000000000000e+00,0.000000000000000000e+00,0.000000000000000000e+00,1.000000000000000056e-01
9.963621894359536713e-01,8.449816932687956306e-02,-1.106557015244533440e-02,8.077379133950800849e+01,-8.469088902737936797e-02,9.962393831570756086e-01,-1.829056485080897063e-02,4.656221760057679404e+00,9.478437537105557226e-03,1.916118021457775475e-02,9.997714780861872708e-01,1.955041325254754492e+00,0.000000000000000000e+00,0.000000000000000000e+00,0.000000000000000000e+00,1.000000000000000056e-01
9.930479660176245726e-01,1.173358759824006115e-01,-9.382398184980118155e-03,8.123918929461795813e+01,-1.174971136816025108e-01,9.928908677283092565e-01,-1.903031944602112668e-02,4.592786264214179681e+00,7.082758272833621777e-03,2.000042472468359367e-02,9.997748834343063162e-01,1.970389082982716200e+00,0.000000000000000000e+00,0.000000000000000000e+00,0.000000000000000000e+00,1.000000000000000056e-01
