9.999999999999998890e-01,-4.662006512009687490e-09,1.159894029787663332e-08,7.865768249432094632e-15,4.662006531234283096e-09,1.000000000000000000e+00,-1.657444150653909328e-09,6.043415982148333924e-15,-1.159894029014961827e-08,1.657444204728244526e-09,9.999999999999998890e-01,-2.231521327917980256e-14,0.000000000000000000e+00,0.000000000000000000e+00,0.000000000000000000e+00,1.000000000000000056e-01
9.998556726496130587e-01,-1.243078047219432422e-02,1.158056851980356766e-02,6.526832076474421429e-01,1.246411523704652954e-02,9.999183693041682197e-01,-2.810793384550756054e-03,4.283471247756138155e-03,-1.154468283442112303e-02,2.954729250730423525e-03,9.999289924156152809e-01,2.859076673018198789e-03,0.000000000000000000e+00,0.000000000000000000e+00,0.000000000000000000e+00,1.000000000000000056e-01
9.995362039062061221e-01,-1.908278528275906064e-02,2.373234894870985059e-02,1.337280472906420270e+00,1.916833492946021580e-02,9.998105488643410643e-01,-3.382501384636708765e-03,-1.468005462149029857e-03,-2.366330528060800811e-02,3.835842207018955261e-03,9.997126258569307700e-01,-1.311129939028748449e-02,0.000000000000000000e+00,0.000000000000000000e+00,0.000000000000000000e+00,1.000000000000000056e-01
9.990714482648549444e-01,-2.694071888543371138e-02,3.362200065286724548e-02,2.069119569581664209e+00,2.716557832636335920e-02,9.996114152394760533e-01,-6.248990088488623820e-03,2.040780569369198341e-02,-3.344058337050338781e-02,7.156548670123557762e-03,9.994150845344353939e-01,-3.748161540071623388e-02,0.000000000000000000e+00,0.000000000000000000e+00,0.000000000000000000e+00,1.000000000000000056e-01
9.983387378860489880e-01,-3.590597079213421472e-02,4.506135481280041516e-02,2.801184326067863051e+00,3.630509768689714478e-02,9.993081663045827456e-01,-8.070231652017721691e-03,7.016386546212885489e-02,-4.474041034719666160e-02,9.692781770306069938e-03,9.989516232848903998e-01,-7.977187313130514046e-02,0.000000000000000000e+00,0.000000000000000000e+00,0.000000000000000000e+00,1.000000000000000056e-01
9.975183736983161964e-01,-4.509167374196421108e-02,5.407249849428592131e-02,3.552118277981166194e+00,4.563609634924918612e-02,9.989187001824159085e-01,-8.875648476294751774e-03,9.759283345282188105e-02,-5.361381206618628242e-02,1.132128018472134366e-02,9.984975652302366944e-01,-1.165970327880630208e-01,0.000000000000000000e+00,0.000000000000000000e+00,0.000000000000000000e+00,1.000000000000000056e-01
9.964148303803888052e-01,-5.442579582794312282e-02,6.477127871607937792e-02,4.310697006191581693e+00,5.516141400814155576e-02,9.984310847290174262e-01,-9.622237341699436605e-03,1.539667727231903427e-01,-6.414596014281331859e-02,1.316061530980366760e-02,9.978537437931592757e-01,-1.509173512141361029e-01,0.000000000000000000e+00,0.000000000000000000e+00,0.000000000000000000e+00,1.000000000000000056e-01
9.950023925887619969e-01,-6.432752558939096310e-02,7.636889546265220041e-02,5.114560057415052263e+00,6.513199436578399892e-02,9.978438803253820710e-01,-8.087880261234480644e-03,2.233243854707720466e-01,-7.568396166014783322e-02,1.302151867989433803e-02,9.970468283880624671e-01,-2.050432872440971221e-01,0.000000000000000000e+00,0.000000000000000000e+00,0.000000000000000000e+00,1.000000000000000056e-01
9.936598820131864462e-01,-6.920025813559656236e-02,8.860791810841311955e-02,5.889295961396051382e+00,7.003171108295093428e-02,9.975248362421452741e-01,-6.305594569526310963e-03,2.924344294234630937e-01,-8.795225022894259670e-02,1.247098047660866703e-02,9.960466235702108984e-01,-2.580988267681713078e-01,0.000000000000000000e+00,0.000000000000000000e+00,0.000000000000000000e+00,1.000000000000000056e-01
9.918700299603264714e-01,-7.795118458390550009e-02,1.005855679929626156e-01,6.692790759608493012e+00,7.917967315852007804e-02,9.968260288505738087e-01,-8.273304328070160002e-03,3.542158777383332957e-01,-9.962139842930808897e-02,1.617037500990072679e-02,9.948940124189250556e-01,-3.276811802124231510e-01,0.000000000000000000e+00,0.000000000000000000e+00,0.000000000000000000e+00,1.000000000000000056e-01
9.899883973071218479e-01,-8.592849227674166646e-02,1.119788703833099475e-01,7.524550199274750106e+00,8.774534125540119078e-02,9.960778233315082941e-01,-1.138968634939938052e-02,4.240472973695889047e-01,-1.105609708950195946e-01,2.110128153005056545e-02,9.936453127915112482e-01,-4.047869316863738631e-01,0.000000000000000000e+00,0.000000000000000000e+00,0.000000000000000000e+00,1.000000000000000056e-01
9.880795312650406670e-01,-9.273795897102080077e-02,1.228759979041746803e-01,8.362780609938498699e+00,9.493111283418262381e-02,9.954102673136283608e-01,-1.210303857197168875e-02,5.173652473730210311e-01,-1.211896188257111512e-01,2.362351990073048580e-02,9.923482279907485104e-01,-5.007557819935237742e-01,0.000000000000000000e+00,0.000000000000000000e+00,0.000000000000000000e+00,1.000000000000000056e-01
9.862305121063629221e-01,-9.972913168785507709e-02,1.319222395322625363e-01,9.210893573973189419e+00,1.022723741663363606e-01,9.946762745377293324e-01,-1.262815719432783951e-02,6.317998812611711479e-01,-1.299605265948167998e-01,2.594627457902620032e-02,9.911796266886581108e-01,-6.011566490741436786e-01,0.000000000000000000e+00,0.000000000000000000e+00,0.000000000000000000e+00,1.000000000000000056e-01
9.843129299758172079e-01,-1.050761314778713013e-01,1.417288343142181772e-01,9.991243063735229413e+00,1.084144317871213875e-01,9.939766945948447230e-01,-1.602003690951971787e-02,7.354409309476392931e-01,-1.391918347558419589e-01,3.113418050875712412e-02,9.897758816728918774e-01,-6.962610252898794316e-01,0.000000000000000000e+00,0.000000000000000000e+00,0.000000000000000000e+00,1.000000000000000056e-01
9.819120911847655231e-01,-1.127194762375157144e-01,1.521281198920862165e-01,1.081920323095342695e+01,1.165558984045017843e-01,9.930468669404570736e-01,-1.651189289153780909e-02,8.446418298439656303e-01,-1.492091409139543468e-01,3.394465696515862330e-02,9.882228455825322611e-01,-8.196308671329093354e-01,0.000000000000000000e+00,0.000000000000000000e+00,0.000000000000000000e+00,1.000000000000000056e-01
9.798481962753177177e-01,-1.179383188378054365e-01,1.612081424919925843e-01,1.162519142903432545e+01,1.223542306971158317e-01,9.923284701841134092e-01,-1.771015224593391890e-02,9.576875920052931868e-01,-1.578827238380545450e-01,3.707775899065839792e-02,9.867615138936597363e-01,-9.203589673749711375e-01,0.000000000000000000e+00,0.000000000000000000e+00,0.000000000000000000e+00,1.000000000000000056e-01
9.778290219626926127e-01,-1.236856019273773616e-01,1.689741864408478289e-01,1.248707388915474503e+01,1.281436806223020530e-01,9.916314124542041641e-01,-1.569518877393742337e-02,1.095446693256404869e+00,-1.656188422977696861e-01,3.700018526902838778e-02,9.854955024585368983e-01,-1.056279402167283443e+00,0.000000000000000000e+00,0.000000000000000000e+00,0.000000000000000000e+00,1.000000000000000056e-01
9.757210310814732335e-01,-1.313228644121565147e-01,1.752791339204214649e-01,1.338958809483425583e+01,1.360364691049568697e-01,9.905887507309280027e-01,-1.509986750920364398e-02,1.227715550371192954e+00,-1.716465804458766342e-01,3.857761278158282348e-02,9.844029760282683172e-01,-1.208043534206339586e+00,0.000000000000000000e+00,0.000000000000000000e+00,0.000000000000000000e+00,1.000000000000000056e-01
9.746677453715562045e-01,-1.299645748378068788e-01,1.820219641130027821e-01,1.425717836784993864e+01,1.344521498219575784e-01,9.908414782276487864e-01,-1.248136338313108468e-02,1.363877770746405593e+00,-1.787327769061428928e-01,3.663842669760791065e-02,9.832152460924021842e-01,-1.351541080068639822e+00,0.000000000000000000e+00,0.000000000000000000e+00,0.000000000000000000e+00,1.000000000000000056e-01
9.698661204293462790e-01,-1.515100148225999310e-01,1.907994335730174018e-01,1.522720532145765837e+01,1.564660944249471053e-01,9.876210251092235604e-01,-1.109378463870213695e-02,1.604658297437280279e+00,-1.867567127005941574e-01,4.061312805807887338e-02,9.815663523626947384e-01,-1.526355267842440355e+00,0.000000000000000000e+00,0.000000000000000000e+00,0.000000000000000000e+00,1.000000000000000056e-01
9.680151771863142462e-01,-1.536230452812709091e-01,1.983597154047594124e-01,1.614825729041774949e+01,1.590725300637435002e-01,9.871971148776784721e-01,-1.173825184203967920e-02,1.774841796784536907e+00,-1.940168727612832378e-01,4.291638772888881070e-02,9.800589965651229640e-01,-1.699945350296975244e+00,0.000000000000000000e+00,0.000000000000000000e+00,0.000000000000000000e+00,1.000000000000000056e-01
9.645699650892005650e-01,-1.613926882659057205e-01,2.087035759686992620e-01,1.702856651460592730e+01,1.681753345077464934e-01,9.856421712477352326e-01,-1.505214673253415722e-02,1.941249360789986778e+00,-2.032777393396188459e-01,4.961764234981685950e-02,9.778631040470949776e-01,-1.871108612166913820e+00,0.000000000000000000e+00,0.000000000000000000e+00,0.000000000000000000e+00,1.000000000000000056e-01
9.616726154041298491e-01,-1.684029626536988899e-01,2.163936758577694741e-01,1.785392636097414254e+01,1.760764306602385643e-01,9.842375149506177312e-01,-1.654100147459888065e-02,2.086247652462250191e+00,-2.101972201236988469e-01,5.400885421196575248e-02,9.761660577580947296e-01,-2.036515101851358978e+00,0.000000000000000000e+00,0.000000000000000000e+00,0.000000000000000000e+00,1.000000000000000056e-01
9.589794638134413463e-01,-1.732394133304564210e-01,2.243802434551756819e-01,1.872420411830324127e+01,1.824585758938997715e-01,9.829921881383875126e-01,-2.086207424191215132e-02,2.237753127544018117e+00,-2.169498929865019410e-01,6.094640045010299434e-02,9.742783381587220015e-01,-2.224929672754476062e+00,0.000000000000000000e+00,0.000000000000000000e+00,0.000000000000000000e+00,1.000000000000000056e-01
9.554476295249993978e-01,-1.793320005104405424e-01,2.344351953696007795e-01,1.962200265462034210e+01,1.895486412798446374e-01,9.816335574383637796e-01,-2.160720944192600496e-02,2.417590586848932244e+00,-2.262545907247504040e-01,6.508142979242112491e-02,9.718915925514274301e-01,-2.422160017605040849e+00,0.000000000000000000e+00,0.000000000000000000e+00,0.000000000000000000e+00,1.000000000000000056e-01
9.524130833440718202e-01,-1.830278350538251664e-01,2.437419337548383247e-01,2.051494971073602258e+01,1.943825904160426943e-01,9.806522683297136389e-01,-2.316327185300593589e-02,2.582828585455955395e+00,-2.347865567237341078e-01,6.944019164213927064e-02,9.695634752642633414e-01,-2.631790207793881731e+00,0.000000000000000000e+00,0.000000000000000000e+00,0.000000000000000000e+00,1.000000000000000056e-01
9.501729600113381080e-01,-1.824475606926070081e-01,2.527533059340859589e-01,2.139050208029181732e+01,1.957485885971426420e-01,9.802458394205444403e-01,-2.829459950129547055e-02,2.780046768369065724e+00,-2.425980958818901578e-01,7.636086626034035985e-02,9.671169432795868603e-01,-2.839851003794928275e+00,0.000000000000000000e+00,0.000000000000000000e+00,0.000000000000000000e+00,1.000000000000000056e-01
9.469717082924116180e-01,-1.849325703804008403e-01,2.627632548630985387e-01,2.228930815957604850e+01,1.996620531420249534e-01,9.793973931157473611e-01,-3.026236760713571505e-02,2.996118497323187135e+00,-2.517531493921432717e-01,8.112145690614966376e-02,9.643856391509367798e-01,-3.062392881823214452e+00,0.000000000000000000e+00,0.000000000000000000e+00,0.000000000000000000e+00,1.000000000000000056e-01
9.450949614711441349e-01,-1.820375068440504007e-01,2.713998155928975531e-01,2.320076688907586515e+01,1.974931619931346582e-01,9.798289359114906727e-01,-3.052388108529803870e-02,3.204519257725715331e+00,-2.603689013069916958e-01,8.244757396405452687e-02,9.619825532615609021e-01,-3.290941432782592546e+00,0.000000000000000000e+00,0.000000000000000000e+00,0.000000000000000000e+00,1.000000000000000056e-01
9.446838909801895667e-01,-1.756153621426068678e-01,2.770046763180187832e-01,2.407491636469035257e+01,1.918083739542565391e-01,9.809019765855222506e-01,-3.226236215220024128e-02,3.395541118535093439e+00,-2.660486681108428786e-01,8.360955035243686218e-02,9.603267929649312862e-01,-3.524502135943323289e+00,0.000000000000000000e+00,0.000000000000000000e+00,0.000000000000000000e+00,1.000000000000000056e-01
9.430131297694974712e-01,-1.785372265887682774e-01,2.808036605963813992e-01,2.496969096899767493e+01,1.959880533830344607e-01,9.799778205113260920e-01,-3.510205459798700078e-02,3.576464129969057826e+00,-2.689143358273518025e-01,8.813586119090258131e-02,9.591231151206148775e-01,-3.756608070400109689e+00,0.000000000000000000e+00,0.000000000000000000e+00,0.000000000000000000e+00,1.000000000000000056e-01
9.432830151393023499e-01,-1.778767817024941023e-01,2.803159001570727504e-01,2.583602432486018685e+01,1.957942911661249563e-01,9.799456306217578794e-01,-3.702913139785941887e-02,3.767757232003910328e+00,-2.681077188304383796e-01,8.981320368681054711e-02,9.591933275138282422e-01,-4.001700094842102651e+00,0.000000000000000000e+00,0.000000000000000000e+00,0.000000000000000000e+00,1.000000000000000056e-01
9.409703997611854609e-01,-1.784186896738349515e-01,2.876481843300014996e-01,2.672292111584411956e+01,1.983287849322648566e-01,9.792616468785196870e-01,-4.138018873882678972e-02,3.957627191161946278e+00,-2.742998356553757455e-01,9.598644762590849422e-02,9.568417852662960410e-01,-4.243689721352326139e+00,0.000000000000000000e+00,0.000000000000000000e+00,0.000000000000000000e+00,1.000000000000000056e-01
9.389567219462786607e-01,-1.792568138033028002e-01,2.936448007661410786e-01,2.762959470559064101e+01,2.009652435773686407e-01,9.785530354879050652e-01,-4.524298411130323744e-02,4.130244412136050869e+00,-2.792368979662027684e-01,1.014936029634122827e-01,9.548433397011877322e-01,-4.500851997176474661e+00,0.000000000000000000e+00,0.000000000000000000e+00,0.000000000000000000e+00,1.000000000000000056e-01
9.352635679676710723e-01,-1.798240808263825985e-01,3.048694120231287275e-01,2.856650367734584961e+01,2.039544473048051365e-01,9.777552025756074405e-01,-4.896271296531986422e-02,4.328284016533439527e+00,-2.892829788580259520e-01,1.079725140546401174e-01,9.511347403768550812e-01,-4.772569738286369656e+00,0.000000000000000000e+00,0.000000000000000000e+00,0.000000000000000000e+00,1.000000000000000056e-01
9.318051690248110308e-01,-1.809672762116643630e-01,3.146267183809640100e-01,2.946880445237566803e+01,2.078873201121083092e-01,9.766652606443014806e-01,-5.392430608922534063e-02,4.516811947094431012e+00,-2.975264511186342942e-01,1.156538524699018827e-01,9.476825403549551385e-01,-5.044749223151746342e+00,0.000000000000000000e+00,0.000000000000000000e+00,0.000000000000000000e+00,1.000000000000000056e-01
9.284716137627013754e-01,-1.801727954800216858e-01,3.247741156647176997e-01,3.034378252342578364e+01,2.102677022631084802e-01,9.758149639792018659e-01,-5.977164427436841565e-02,4.700453423324904456e+00,-3.061502177393932156e-01,1.237857820720261876e-01,9.439010140554670025e-01,-5.304347346673321084e+00,0.000000000000000000e+00,0.000000000000000000e+00,0.000000000000000000e+00,1.000000000000000056e-01
9.276957441053085285e-01,-1.834610754731400561e-01,3.251501809243488861e-01,3.125224950288608383e+01,2.152868741050306678e-01,9.744225330128031271e-01,-6.443825723122384441e-02,4.889104336832849285e+00,-3.050117509326201182e-01,1.297796630568577025e-01,9.434643982948512919e-01,-5.590622956850145542e+00,0.000000000000000000e+00,0.000000000000000000e+00,0.000000000000000000e+00,1.000000000000000056e-01
9.264916001114817945e-01,-1.881483237994616420e-01,3.259041625605893500e-01,3.219132105414096401e+01,2.206969452672035981e-01,9.731336284293324868e-01,-6.560335029315764177e-02,5.100058660214380701e+00,-3.048051398395227873e-01,1.327070061127698930e-01,9.431238928454703796e-01,-5.897289248718461607e+00,0.000000000000000000e+00,0.000000000000000000e+00,0.000000000000000000e+00,1.000000000000000056e-01
9.234732968266430309e-01,-1.899885149833911990e-01,3.333188176844155692e-01,3.310671576687531825e+01,2.243451865859088512e-01,9.721742501040919748e-01,-6.742747726468995006e-02,5.335774039522851453e+00,-3.112335253533344281e-01,1.370459470723314754e-01,9.403999686767238186e-01,-6.205716014964454352e+00,0.000000000000000000e+00,0.000000000000000000e+00,0.000000000000000000e+00,1.000000000000000056e-01
9.215108650958137027e-01,-1.935025835768472147e-01,3.367112645271173044e-01,3.402538490135177085e+01,2.290066742855859927e-01,9.709954658594043275e-01,-6.872953086653484089e-02,5.560370487918398830e+00,-3.136457693689181925e-01,1.404441363302992851e-01,9.390962548788146513e-01,-6.492214145847904128e+00,0.000000000000000000e+00,0.000000000000000000e+00,0.000000000000000000e+00,1.000000000000000056e-01
9.198004076075306790e-01,-1.965992669369641677e-01,3.395820054197052351e-01,3.492022044489969090e+01,2.328685290405314023e-01,9.700466594788472730e-01,-6.915002976448059169e-02,5.798274888894792589e+00,-3.158155448161467649e-01,1.426821876541626288e-01,9.380310948890248079e-01,-6.786796488915889825e+00,0.000000000000000000e+00,0.000000000000000000e+00,0.000000000000000000e+00,1.000000000000000056e-01
9.171368140511160227e-01,-1.985865264803578778e-01,3.455769897036473082e-01,3.583055569237275506e+01,2.361003012781709154e-01,9.692313082677406211e-01,-6.962268890211580075e-02,6.021923061666363708e+00,-3.211179098843998658e-01,1.454443624691929560e-01,9.358040528750687370e-01,-7.095104154008760489e+00,0.000000000000000000e+00,0.000000000000000000e+00,0.000000000000000000e+00,1.000000000000000056e-01
9.147422273302906470e-01,-2.013500679153550355e-01,3.502924602233124518e-01,3.676438228921937679e+01,2.411075512858912862e-01,9.677211192105051873e-01,-7.336882271706827996e-02,6.263697637641287841e+00,-3.242125942213539003e-01,1.515717176271655919e-01,9.337623938474982621e-01,-7.421420254612581147e+00,0.000000000000000000e+00,0.000000000000000000e+00,0.000000000000000000e+00,1.000000000000000056e-01
9.114274914812582340e-01,-2.059140778378894532e-01,3.562293086206588799e-01,3.769475206388881361e+01,2.460381486791910488e-01,9.666765109164543457e-01,-7.072307004723729640e-02,6.505377022809152976e+00,-3.297956293929579785e-01,1.521049499213018574e-01,9.317182659166562964e-01,-7.718308229347738525e+00,0.000000000000000000e+00,0.000000000000000000e+00,0.000000000000000000e+00,1.000000000000000056e-01
9.090456546157360540e-01,-2.098623445566735746e-01,3.599913806765711599e-01,3.862212474040246946e+01,2.502604905966908100e-01,9.657184835842450576e-01,-6.897461351867001378e-02,6.753028960575552020e+00,-3.331751561424584618e-01,1.527926922366455165e-01,9.304024443908809339e-01,-8.047160737368848515e+00,0.000000000000000000e+00,0.000000000000000000e+00,0.000000000000000000e+00,1.000000000000000056e-01
9.062352805305183834e-01,-2.147450110349525265e-01,3.641733056627994847e-01,3.955290740924239401e+01,2.575772845023422408e-01,9.635103513978017231e-01,-7.281308438518549475e-02,7.019713726032065892e+00,-3.352485030990773884e-01,1.597885571149662287e-01,9.284805103958537753e-01,-8.362185630604889397e+00,0.000000000000000000e+00,0.000000000000000000e+00,0.000000000000000000e+00,1.000000000000000056e-01
9.041189846655887097e-01,-2.209851181221721972e-01,3.656971959638117275e-01,4.047323588948338369e+01,2.643213416376287705e-01,9.617182264826398264e-01,-7.233450909469008039e-02,7.283219341112703304e+00,-3.357128086953919399e-01,1.620605763892485340e-01,9.279187893658774611e-01,-8.673501551941852128e+00,0.000000000000000000e+00,0.000000000000000000e+00,0.000000000000000000e+00,1.000000000000000056e-01
9.035699574054159022e-01,-2.225654516719353937e-01,3.660955500910141880e-01,4.141479591316209508e+01,2.668847539673091518e-01,9.608392006558743592e-01,-7.456915302448643978e-02,7.560011983219867560e+00,-3.351624384894342223e-01,1.650837672366601561e-01,9.275847614211697456e-01,-9.010639125831707119e+00,0.000000000000000000e+00,0.000000000000000000e+00,0.000000000000000000e+00,1.000000000000000056e-01
9.020450731802045485e-01,-2.261390579828053693e-01,3.676626339539671440e-01,4.238082535772374371e+01,2.712657462754385906e-01,9.595508511880067593e-01,-7.534625990718518684e-02,7.824887013269204772e+00,-3.357522611226152476e-01,1.677000013089478825e-01,9.269018981057435269e-01,-9.350640743295564050e+00,0.000000000000000000e+00,0.000000000000000000e+00,0.000000000000000000e+00,1.000000000000000056e-01
8.992425568134362335e-01,-2.286248794425193576e-01,3.729523944359755538e-01,4.332496179725033869e+01,2.765484041405828486e-01,9.576874267084739545e-01,-7.972310136841330441e-02,8.121258657400472813e+00,-3.389451344730159410e-01,1.748297950133069212e-01,9.244191357780702223e-01,-9.679336084465218093e+00,0.000000000000000000e+00,0.000000000000000000e+00,0.000000000000000000e+00,1.000000000000000056e-01
8.979788649269260237e-01,-2.267795407883532455e-01,3.771007796655598820e-01,4.423579651718984707e+01,2.760761392708035444e-01,9.576750859294523854e-01,-8.148861954496428028e-02,8.395010564706918643e+00,-3.426600698503947662e-01,1.772835854495268260e-01,9.225804067181803125e-01,-1.001020310846658745e+01,0.000000000000000000e+00,0.000000000000000000e+00,0.000000000000000000e+00,1.000000000000000056e-01
8.943561599674267892e-01,-2.402171345561737725e-01,3.773894373110350808e-01,4.503923824159250699e+01,2.912146845864875822e-01,9.530044574127924939e-01,-8.352551485948164767e-02,8.655446221389889061e+00,-3.395895560960482951e-01,1.846029046818333519e-01,9.222801640355922093e-01,-1.029945665520710207e+01,0.000000000000000000e+00,0.000000000000000000e+00,0.000000000000000000e+00,1.000000000000000056e-01
8.947740926907284953e-01,-2.423181208755357807e-01,3.750483320117993791e-01,4.588901559767840865e+01,2.943524419958095106e-01,9.516953749385347328e-01,-8.736448484198483522e-02,8.923461005203977336e+00,-3.357617651558724714e-01,1.885678700520081463e-01,9.228792962481398021e-01,-1.061624889296467700e+01,0.000000000000000000e+00,0.000000000000000000e+00,0.000000000000000000e+00,1.000000000000000056e-01
8.940844857751197861e-01,-2.430968461826974458e-01,3.761872614433741102e-01,4.672159860601313142e+01,2.963892715281334356e-01,9.508173541604847401e-01,-8.999865971378490093e-02,9.199984299975525914e+00,-3.358069862573765940e-01,1.919642737680145039e-01,9.221623423115133944e-01,-1.092415834442300060e+01,0.000000000000000000e+00,0.000000000000000000e+00,0.000000000000000000e+00,1.000000000000000056e-01
8.911909823907215866e-01,-2.458935023259297692e-01,3.812020703240587838e-01,4.755420308878202462e+01,3.008741757543679229e-01,9.493076151397042972e-01,-9.104824106975875631e-02,9.502934593656457096e+00,-3.394898573883914916e-01,1.958352301085153069e-01,9.199973909630149160e-01,-1.123285212376674380e+01,0.000000000000000000e+00,0.000000000000000000e+00,0.000000000000000000e+00,1.000000000000000056e-01
8.902186979836002045e-01,-2.432667491578174856e-01,3.851388821121170536e-01,4.843241828309378860e+01,3.012087991915730067e-01,9.486067750932575260e-01,-9.704867612049450365e-02,9.813026260150637725e+00,-3.417366369734950449e-01,2.024017662999942901e-01,9.177415736190053241e-01,-1.155173469009992893e+01,0.000000000000000000e+00,0.000000000000000000e+00,0.000000000000000000e+00,1.000000000000000056e-01
8.872789009421805373e-01,-2.439931119710669061e-01,3.914122037615978544e-01,4.924531242385445040e+01,3.052260134476365572e-01,9.468358116961359539e-01,-1.016810031647144008e-01,1.008663064238192675e+01,-3.457936272658873045e-01,2.096885953035926842e-01,9.145804832500564752e-01,-1.186212980783894011e+01,0.000000000000000000e+00,0.000000000000000000e+00,0.000000000000000000e+00,1.000000000000000056e-01
8.860125263430772558e-01,-2.477433869591638138e-01,3.919247598470399496e-01,5.009219994165178491e+01,3.110759230289835142e-01,9.444273180499290765e-01,-1.062488166178051502e-01,1.040425968999783102e+01,-3.438220081304043663e-01,2.160561388598344901e-01,9.138414367854831299e-01,-1.217364791753178466e+01,0.000000000000000000e+00,0.000000000000000000e+00,0.000000000000000000e+00,1.000000000000000056e-01
8.855038612221654004e-01,-2.489905372406053807e-01,3.922838565697940316e-01,5.099700894772375648e+01,3.135787481285069456e-01,9.432704268984151152e-01,-1.091296039626286352e-01,1.072246898998919207e+01,-3.428575221324368094e-01,2.196465663367321575e-01,9.133477461589802893e-01,-1.248017577609632056e+01,0.000000000000000000e+00,0.000000000000000000e+00,0.000000000000000000e+00,1.000000000000000056e-01
8.827968408131686706e-01,-2.541804979467767733e-01,3.950468482519731706e-01,5.186090691333910740e+01,3.208229576330822175e-01,9.405195665252431558e-01,-1.117836072003860481e-01,1.105263008978640649e+01,-3.431360775346283254e-01,2.254223135510264320e-01,9.118346411753900371e-01,-1.280575617906856145e+01,0.000000000000000000e+00,0.000000000000000000e+00,0.000000000000000000e+00,1.000000000000000056e-01
8.806074331602403715e-01,-2.562213471626029193e-01,3.985990089314243034e-01,5.269591473430867978e+01,3.246387256211085148e-01,9.389884437709907772e-01,-1.136239424225172906e-01,1.136303634554897535e+01,-3.451669834877539866e-01,2.294587625755743487e-01,9.100595748560919018e-01,-1.311539036058241514e+01,0.000000000000000000e+00,0.000000000000000000e+00,0.000000000000000000e+00,1.000000000000000056e-01
8.770662347800002312e-01,-2.584880050193598122e-01,4.048935305360470971e-01,5.353958001484680551e+01,3.290431425259828235e-01,9.373673813571771207e-01,-1.143372324495144643e-01,1.165940430790671023e+01,-3.499791853317269497e-01,2.335087656356822083e-01,9.071869852493701369e-01,-1.342028377702621889e+01,0.000000000000000000e+00,0.000000000000000000e+00,0.000000000000000000e+00,1.000000000000000056e-01
8.759151720909611472e-01,-2.641044588531874515e-01,4.037591436917893351e-01,5.436690744399475506e+01,3.328519574659426494e-01,9.366066915302930784e-01,-1.094416730124712078e-01,1.200601891227296214e+01,-3.492594819213248325e-01,2.302536431732262745e-01,9.082956974980693765e-01,-1.373125785585214054e+01,0.000000000000000000e+00,0.000000000000000000e+00,0.000000000000000000e+00,1.000000000000000056e-01
8.758867879813851953e-01,-2.684909920756489154e-01,4.009175997806603831e-01,5.518361395362478561e+01,3.383557742379164623e-01,9.341328937092872042e-01,-1.136270519294314829e-01,1.231308387044950514e+01,-3.440024777229258590e-01,2.351772184216562589e-01,9.090401373184466838e-01,-1.403882809503540585e+01,0.000000000000000000e+00,0.000000000000000000e+00,0.000000000000000000e+00,1.000000000000000056e-01
8.759733222828256505e-01,-2.744546036072168516e-01,3.966678827528066775e-01,5.599621030706359903e+01,3.434134245105785466e-01,9.323260381143021469e-01,-1.132933295477100977e-01,1.264205228301568695e+01,-3.387299197217542024e-01,2.354630102858926155e-01,9.109441323552172065e-01,-1.432829006498481839e+01,0.000000000000000000e+00,0.000000000000000000e+00,0.000000000000000000e+00,1.000000000000000056e-01
8.768877678068160986e-01,-2.765737262495562288e-01,3.931600394485875172e-01,5.683149155317546075e+01,3.471404584211918998e-01,9.301106378223840121e-01,-1.199487537941212045e-01,1.297732224566716042e+01,-3.325076612619686789e-01,2.416633512928128280e-01,9.116125711309724933e-01,-1.464723947407633098e+01,0.000000000000000000e+00,0.000000000000000000e+00,0.000000000000000000e+00,1.000000000000000056e-01
8.768892902470573070e-01,-2.806010175377993132e-01,3.902925077512554575e-01,5.765702720876075915e+01,3.504511035422493981e-01,9.289227822040231342e-01,-1.195261006155417666e-01,1.330739553283490473e+01,-3.290124567186351046e-01,2.415895975804601692e-01,9.128993754324075116e-01,-1.495753231364991898e+01,0.000000000000000000e+00,0.000000000000000000e+00,0.000000000000000000e+00,1.000000000000000056e-01
8.737791944230107744e-01,-2.846979610862701016e-01,3.942803448649132014e-01,5.851769710489275411e+01,3.558953559964591618e-01,9.268597089513030962e-01,-1.194553284824883266e-01,1.365579526074975369e+01,-3.314338772268578537e-01,2.447001243890697675e-01,9.111934120428801798e-01,-1.524706915418972386e+01,0.000000000000000000e+00,0.000000000000000000e+00,0.000000000000000000e+00,1.000000000000000056e-01
8.728154771562693925e-01,-2.881002619224846129e-01,3.939433739976719306e-01,5.933338873320804652e+01,3.606577447418869431e-01,9.245639638139799832e-01,-1.229124402746826078e-01,1.399712224671275251e+01,-3.288147411448729129e-01,2.493586090287985835e-01,9.108793279623009775e-01,-1.552807146644037672e+01,0.000000000000000000e+00,0.000000000000000000e+00,0.000000000000000000e+00,1.000000000000000056e-01
8.721507169798581316e-01,-2.929434669482898213e-01,3.918382983372550310e-01,6.006809441324805476e+01,3.659222050041346930e-01,9.222112185179266453e-01,-1.250096329271986328e-01,1.430231585425532437e+01,-3.247369192999641774e-01,2.524095751194814774e-01,9.115016948045524536e-01,-1.579826930444541944e+01,0.000000000000000000e+00,0.000000000000000000e+00,0.000000000000000000e+00,1.000000000000000056e-01
8.704827749968688799e-01,-2.994291256938262924e-01,3.906429790998184881e-01,6.079479859286028898e+01,3.727939675374868367e-01,9.193123670540156445e-01,-1.260532805967463643e-01,1.461125191808187651e+01,-3.213788981893641594e-01,2.553565555605996074e-01,9.118709521258020478e-01,-1.606094296978460534e+01,0.000000000000000000e+00,0.000000000000000000e+00,0.000000000000000000e+00,1.000000000000000056e-01
8.708185220605000332e-01,-3.010545838475597868e-01,3.886402439026857003e-01,6.150148318857652896e+01,3.753005174086661011e-01,9.177394389484141435e-01,-1.300147831265260068e-01,1.491964827508120806e+01,-3.175289329638385505e-01,2.590761659107658765e-01,9.121704429479303711e-01,-1.631701754344554089e+01,0.000000000000000000e+00,0.000000000000000000e+00,0.000000000000000000e+00,1.000000000000000056e-01
8.707795894334242615e-01,-3.061849352329336638e-01,3.846994827947671780e-01,6.221490497514885476e+01,3.811333287869477227e-01,9.146501437899038356e-01,-1.347312144712154991e-01,1.522804124852061491e+01,-3.106127690774118655e-01,2.639429860812983475e-01,9.131559602743388737e-01,-1.657081964115288386e+01,0.000000000000000000e+00,0.000000000000000000e+00,0.000000000000000000e+00,1.000000000000000056e-01
8.691118749044909331e-01,-3.095518954004787826e-01,3.857747697218826266e-01,6.288644248240482426e+01,3.855467004686641275e-01,9.125587391322174113e-01,-1.363462115027173904e-01,1.552918664988476216e+01,-3.098359092450819752e-01,2.672343011055815509e-01,9.124623486231553393e-01,-1.680193822972032081e+01,0.000000000000000000e+00,0.000000000000000000e+00,0.000000000000000000e+00,1.000000000000000056e-01
8.674160471588402421e-01,-3.150105010498570057e-01,3.851724099148987612e-01,6.356681021169821122e+01,3.916000821249258634e-01,9.097495449470407447e-01,-1.378591351648622565e-01,1.584678040698950774e+01,-3.069833494036510180e-01,2.704147734443710371e-01,9.124894922638536743e-01,-1.702966241507089507e+01,0.000000000000000000e+00,0.000000000000000000e+00,0.000000000000000000e+00,1.000000000000000056e-01
8.636857271803906055e-01,-3.211577613278849275e-01,3.884644861550940464e-01,6.423019412406416961e+01,4.000170614099387012e-01,9.056535773314794424e-01,-1.406340941864784588e-01,1.614130549602267095e+01,-3.066485206972915933e-01,2.768560821176867526e-01,9.106686524464359112e-01,-1.725248808039145132e+01,0.000000000000000000e+00,0.000000000000000000e+00,0.000000000000000000e+00,1.000000000000000056e-01
8.633673181183927348e-01,-3.242630328602595369e-01,3.865881005997471309e-01,6.484589125075886784e+01,4.032283850561994565e-01,9.039679598422325491e-01,-1.422982679572780129e-01,1.643250208034826088e+01,-3.033211886598482510e-01,2.787389694659471173e-01,9.112084522276110432e-01,-1.745036637223702058e+01,0.000000000000000000e+00,0.000000000000000000e+00,0.000000000000000000e+00,1.000000000000000056e-01
8.640618090960532349e-01,-3.306223706326664735e-01,3.795866674409039132e-01,6.543134222781246478e+01,4.075924860216580403e-01,9.020344639235535755e-01,-1.421344125566777472e-01,1.671446796538803881e+01,-2.954074396496137456e-01,2.775295910914421516e-01,9.141727247453168559e-01,-1.763511909397863420e+01,0.000000000000000000e+00,0.000000000000000000e+00,0.000000000000000000e+00,1.000000000000000056e-01
8.662488313291315523e-01,-3.311167098953830545e-01,3.741319107600560301e-01,6.601870047421978427e+01,4.082748282900419690e-01,9.007651435684774777e-01,-1.481007113986861912e-01,1.698086648052855807e+01,-2.879663640178320438e-01,2.810407097915120223e-01,9.154733707947121379e-01,-1.782589542037346320e+01,0.000000000000000000e+00,0.000000000000000000e+00,0.000000000000000000e+00,1.000000000000000056e-01
8.676551697581107447e-01,-3.322221838933611116e-01,3.698687969012117716e-01,6.665867102453125881e+01,4.093214887823571901e-01,8.996131970248835152e-01,-1.521578606568285696e-01,1.728756210701344287e+01,-2.821886340960931827e-01,2.834158010199748778e-01,9.165397200990185178e-01,-1.802618809483169926e+01,0.000000000000000000e+00,0.000000000000000000e+00,0.000000000000000000e+00,1.000000000000000056e-01
8.678569054899117896e-01,-3.363673737166087974e-01,3.656246456305504711e-01,6.726435307394075380e+01,4.127717410423505373e-01,8.977455176826585337e-01,-1.538586210700012280e-01,1.757526203881023363e+01,-2.764848664761619390e-01,2.844467883096709615e-01,9.179575933723584935e-01,-1.821942220233194121e+01,0.000000000000000000e+00,0.000000000000000000e+00,0.000000000000000000e+00,1.000000000000000056e-01
8.663325645034987144e-01,-3.395887967068985103e-01,3.662612958421241349e-01,6.785599885989579150e+01,4.165011589456071861e-01,8.959111170787742440e-01,-1.544993685800332694e-01,1.786414851573222151e+01,-2.756713120325677280e-01,2.863960883912761157e-01,9.175961030194161872e-01,-1.839531689859968822e+01,0.000000000000000000e+00,0.000000000000000000e+00,0.000000000000000000e+00,1.000000000000000056e-01
8.645714146137464251e-01,-3.467881893068424648e-01,3.636677340513824186e-01,6.840026713613829656e+01,4.241974902432262273e-01,8.916411106003429010e-01,-1.582170002203782677e-01,1.811065539750622477e+01,-2.693933152550994636e-01,2.910568357635133219e-01,9.179940958694657871e-01,-1.856648579876139493e+01,0.000000000000000000e+00,0.000000000000000000e+00,0.000000000000000000e+00,1.000000000000000056e-01
8.637464262188898623e-01,-3.535476562489928143e-01,3.590907489130564789e-01,6.890108346793167016e+01,4.309819959225514308e-01,8.875489386658717006e-01,-1.628232190558170089e-01,1.834281622036584380e+01,-2.611448456024159093e-01,2.953996212487902673e-01,9.189898984109464708e-01,-1.869902227591499155e+01,0.000000000000000000e+00,0.000000000000000000e+00,0.000000000000000000e+00,1.000000000000000056e-01
8.650449109651089374e-01,-3.532676959125291005e-01,3.562291917263655794e-01,6.944219126864646796e+01,4.326375134981826354e-01,8.847819382261070675e-01,-1.731638059842850186e-01,1.859089822637619704e+01,-2.540119759528606247e-01,3.039125808740174017e-01,9.182129705351679272e-01,-1.885452139759101087e+01,0.000000000000000000e+00,0.000000000000000000e+00,0.000000000000000000e+00,1.000000000000000056e-01
8.673215839576084996e-01,-3.518782276041798607e-01,3.520440071062227450e-01,6.998438580196368264e+01,4.321601113119447612e-01,8.832723127645859540e-01,-1.818451530680620931e-01,1.883985078919447531e+01,-2.469633741916252012e-01,3.098576034917336908e-01,9.181488753825530758e-01,-1.899981432367043865e+01,0.000000000000000000e+00,0.000000000000000000e+00,0.000000000000000000e+00,1.000000000000000056e-01
8.690901943600046753e-01,-3.537405054159179496e-01,3.457598717251328946e-01,7.049160682270384370e+01,4.324493557788700038e-01,8.827022986903722002e-01,-1.839135845259216862e-01,1.909015429537994635e+01,-2.401453492236103882e-01,3.093611267027968070e-01,9.201227660108439732e-01,-1.913371989199946910e+01,0.000000000000000000e+00,0.000000000000000000e+00,0.000000000000000000e+00,1.000000000000000056e-01
8.710407764598866454e-01,-3.526788101383412921e-01,3.419146423064704510e-01,7.098899045287764409e+01,4.292598608764933155e-01,8.849001231495451369e-01,-1.807975218032964460e-01,1.935977043469278414e+01,-2.387968542180810005e-01,3.042522455616781252e-01,9.221749473317006895e-01,-1.926847684343961475e+01,0.000000000000000000e+00,0.000000000000000000e+00,0.000000000000000000e+00,1.000000000000000056e-01
8.715429234462950259e-01,-3.500838931272942656e-01,3.432989955760469836e-01,7.148036899493466478e+01,4.284296007405582474e-01,8.842328932559498922e-01,-1.859577040444893026e-01,1.957906790470987346e+01,-2.384554671211615573e-01,3.091495726295755975e-01,9.206332233538931931e-01,-1.940381480385660495e+01,0.000000000000000000e+00,0.000000000000000000e+00,0.000000000000000000e+00,1.000000000000000056e-01
8.729592674071200431e-01,-3.474378736834407566e-01,3.423872681312111754e-01,7.200627929881363798e+01,4.266767126576276881e-01,8.840554106434606041e-01,-1.907695305537612240e-01,1.981239454805321287e+01,-2.364087568676435658e-01,3.126227036578624885e-01,9.199880134186225744e-01,-1.953123043214750609e+01,0.000000000000000000e+00,0.000000000000000000e+00,0.000000000000000000e+00,1.000000000000000056e-01
8.743374634192854211e-01,-3.435540860279164277e-01,3.427894252089068727e-01,7.250498835969747802e+01,4.234668829879503771e-01,8.851058063777488272e-01,-1.930375883833626571e-01,2.002127047908172131e+01,-2.370860583712152969e-01,3.139399647861323417e-01,9.193649435540179882e-01,-1.966199182882494512e+01,0.000000000000000000e+00,0.000000000000000000e+00,0.000000000000000000e+00,1.000000000000000056e-01
8.786079108446234187e-01,-3.384095001004552850e-01,3.369379011672719582e-01,7.295821365800605918e+01,4.169389566892028332e-01,8.876089786024390360e-01,-1.957350441266307306e-01,2.024419326905371719e+01,-2.328305078724981492e-01,3.124568951809112982e-01,9.209563742424173860e-01,-1.976670202215516170e+01,0.000000000000000000e+00,0.000000000000000000e+00,0.000000000000000000e+00,1.000000000000000056e-01
8.840241323095423542e-01,-3.313195578007928077e-01,3.297403283085765802e-01,7.341201174202954860e+01,4.077173028117275777e-01,8.915459627978046253e-01,-1.972622548965354272e-01,2.047196396922677764e+01,-2.286218154120266688e-01,3.088254310085599141e-01,9.232328626517182224e-01,-1.988060277351368299e+01,0.000000000000000000e+00,0.000000000000000000e+00,0.000000000000000000e+00,1.000000000000000056e-01
8.919913624722886070e-01,-3.160718316334812372e-01,3.231872623150340851e-01,7.386584110556648852e+01,3.899649398158023250e-01,8.996239684320329610e-01,-1.964791620937404171e-01,2.065829141417097503e+01,-2.286454788297552221e-01,3.012894167913253152e-01,9.257137421148370349e-01,-1.999957934332777043e+01,0.000000000000000000e+00,0.000000000000000000e+00,0.000000000000000000e+00,1.000000000000000056e-01
8.971890001213216337e-01,-3.033917760337541125e-01,3.209444317890364218e-01,7.433760028649901130e+01,3.776964885151699036e-01,9.037313396531436727e-01,-2.015317054263281449e-01,2.083531721209517329e+01,-2.289044792585178678e-01,3.020316141794076037e-01,9.254078254540363258e-01,-2.010434538900431178e+01,0.000000000000000000e+00,0.000000000000000000e+00,0.000000000000000000e+00,1.000000000000000056e-01
9.041520330406224160e-01,-2.829721465653649015e-01,3.200560348074987238e-01,7.480253095124467677e+01,3.585421117779479805e-01,9.099677090906528321e-01,-2.083418404788595357e-01,2.101240983518310657e+01,-2.322857189547361256e-01,3.031262652435429139e-01,9.242065851795163711e-01,-2.022499818221748669e+01,0.000000000000000000e+00,0.000000000000000000e+00,0.000000000000000000e+00,1.000000000000000056e-01
9.115385792801968812e-01,-2.601219756060304533e-01,3.184870111804499193e-01,7.524945787177028933e+01,3.361314196866614923e-01,9.174851679866352638e-01,-2.126890576027949120e-01,2.120759960493385776e+01,-2.368820111010326301e-01,3.009277726155418775e-01,9.237582954893444054e-01,-2.032261025367799689e+01,0.000000000000000000e+00,0.000000000000000000e+00,0.000000000000000000e+00,1.000000000000000056e-01
9.201714345960565478e-01,-2.333556811735306158e-01,3.143718451411841586e-01,7.568069318560445424e+01,3.096656773157216436e-01,9.251184533937740762e-01,-2.196884509547709086e-01,2.131144031908910108e+01,-2.395656470490510059e-01,2.995012074338749275e-01,9.235298194967072050e-01,-2.045093742067088272e+01,0.000000000000000000e+00,0.000000000000000000e+00,0.000000000000000000e+00,1.000000000000000056e-01
