1.000000000000000000e+00,-1.405340761805692072e-13,6.089468428234228789e-14,1.041864178025004258e-20,1.405340761805700655e-13,1.000000000000000000e+00,-1.396617337411744578e-14,3.141846499000385869e-20,-6.089468428234031890e-14,1.396617337412600334e-14,1.000000000000000000e+00,-1.853117443868692146e-20,0.000000000000000000e+00,0.000000000000000000e+00,0.000000000000000000e+00,1.000000000000000056e-01
9.999966549602260502e-01,-2.141133955963502727e-03,-1.451073306623176492e-03,6.253726534804943116e-01,2.138364216834632084e-03,9.999958941779059085e-01,-1.907623077683385333e-03,-3.159562846068746187e-03,1.455151825321141521e-03,1.904513773373429789e-03,9.999971276761010497e-01,1.251645569831195265e-02,0.000000000000000000e+00,0.000000000000000000e+00,0.000000000000000000e+00,1.000000000000000056e-01
9.999870161533171986e-01,-4.286925378944869865e-03,-2.754958362774195726e-03,1.256102160362202236e+00,4.286965877012966809e-03,9.999908108808888141e-01,8.794988944350388933e-06,-8.434479783027991340e-03,2.754895343672340412e-03,-2.060528724536684245e-05,9.999962050563330207e-01,1.951480773841497013e-02,0.000000000000000000e+00,0.000000000000000000e+00,0.000000000000000000e+00,1.000000000000000056e-01
9.999636830950661137e-01,-8.375107705303074315e-03,-1.577992989459500077e-03,1.986087804700504389e+00,8.375938773386380418e-03,9.999647855932336515e-01,5.207908818845654068e-04,-6.773286582464035227e-03,1.573575741644771655e-03,-5.339891410361632300e-04,9.999986193565382209e-01,2.649742369427780797e-02,0.000000000000000000e+00,0.000000000000000000e+00,0.000000000000000000e+00,1.000000000000000056e-01
9.999079111116865315e-01,-1.332872951984847773e-02,-2.552305947611276712e-03,2.702565047411543908e+00,1.332477559325962596e-02,9.999100044098684359e-01,-1.559947578049677899e-03,-9.024187397753203124e-03,2.572868370664292085e-03,1.525795020214125875e-03,9.999955261389440464e-01,2.484980318213625070e-02,0.000000000000000000e+00,0.000000000000000000e+00,0.000000000000000000e+00,1.000000000000000056e-01
9.997970615127337313e-01,-1.995075953563552398e-02,-2.793382260662816922e-03,3.449169370628969222e+00,1.995069559470316264e-02,9.998009637768456859e-01,-5.075606415337587595e-05,-4.967243136341111670e-03,2.793838898438727372e-03,-4.984155367630614387e-06,9.999960972120680580e-01,3.524884043347952661e-02,0.000000000000000000e+00,0.000000000000000000e+00,0.000000000000000000e+00,1.000000000000000056e-01
9.997039865313321894e-01,-2.419675430812334022e-02,-2.540943587378763618e-03,4.197349305155411159e+00,2.419836510620840264e-02,9.997069935551060604e-01,6.051142021859153832e-04,1.548766975401236375e-02,2.525557274852900744e-03,-6.664217608736564468e-04,9.999965887154256272e-01,5.165033072349056037e-02,0.000000000000000000e+00,0.000000000000000000e+00,0.000000000000000000e+00,1.000000000000000056e-01
9.995418043625867721e-01,-3.005913696653335354e-02,-3.553817160661749876e-03,4.965402355699831460e+00,3.006856715430589189e-02,9.995443769087395403e-01,2.630562564660926441e-03,3.827971338864845363e-02,3.473125519071057054e-03,-2.736215442319338883e-03,9.999902252143177961e-01,6.653683354723455290e-02,0.000000000000000000e+00,0.000000000000000000e+00,0.000000000000000000e+00,1.000000000000000056e-01
9.994200996082175381e-01,-3.387879705481111614e-02,-3.419299521745706744e-03,5.750957279257341348e+00,3.388436403838364364e-02,9.994245055922265086e-01,1.583507324837969731e-03,8.700509886350030198e-02,3.363684410699447572e-03,-1.698449838071008520e-03,9.999929004224643592e-01,6.355373518232672325e-02,0.000000000000000000e+00,0.000000000000000000e+00,0.000000000000000000e+00,1.000000000000000056e-01
9.993533330625133937e-01,-3.590889660066428485e-02,-1.861945694147671467e-03,6.539539791239328714e+00,3.591150999110644809e-02,9.993540074861069211e-01,1.389666009062864079e-03,1.235778278338145325e-01,1.810841518139080352e-03,-1.455632639398935814e-03,9.999973009896653275e-01,6.699947135345525606e-02,0.000000000000000000e+00,0.000000000000000000e+00,0.000000000000000000e+00,1.000000000000000056e-01
9.993125390393340357e-01,-3.699891255718015109e-02,2.351550200540543367e-03,7.326187487282195931e+00,3.699923752888033962e-02,9.993152893006428394e-01,-9.482749596697863273e-05,1.664270529614562955e-01,-2.346431554726859450e-03,1.817678701963894165e-04,9.999972306058654281e-01,8.163304294486611878e-02,0.000000000000000000e+00,0.000000000000000000e+00,0.000000000000000000e+00,1.000000000000000056e-01
9.990736386108204359e-01,-4.292335989457158468e-02,3.074054049120359799e-03,8.128390087700678279e+00,4.292097373267515087e-02,9.990781188971680216e-01,8.380660685688173404e-04,2.084123449789456184e-01,-3.107192748259999474e-03,-7.053483234261949614e-04,9.999949239056005190e-01,7.317230539419453117e-02,0.000000000000000000e+00,0.000000000000000000e+00,0.000000000000000000e+00,1.000000000000000056e-01
9.989547126656942444e-01,-4.557662228196612819e-02,3.500506301542905679e-03,8.962528449065732872e+00,4.556051519101453340e-02,9.989512139626699483e-01,4.550997477192064711e-03,2.615066310809888162e-01,-3.704254112434425192e-03,-4.386755506643011393e-03,9.999835173029580915e-01,7.872030471418359210e-02,0.000000000000000000e+00,0.000000000000000000e+00,0.000000000000000000e+00,1.000000000000000056e-01
9.989602114139990441e-01,-4.553090331361413917e-02,2.330848588948607712e-03,9.743210178944055500e+00,4.552675237018909832e-02,9.989614909246462560e-01,1.804014476505810772e-03,3.073091561641755343e-01,-2.410566390241855594e-03,-1.696022716322691639e-03,9.999956563288782130e-01,9.732735510218128161e-02,0.000000000000000000e+00,0.000000000000000000e+00,0.000000000000000000e+00,1.000000000000000056e-01
9.988963812477876791e-01,-4.685428128432740646e-02,3.270451865328816588e-03,1.052503520502163781e+01,4.685284673313404313e-02,9.989016701514369379e-01,5.139276908024214109e-04,3.587395598043976452e-01,-3.290939543011498717e-03,-3.601305305712273162e-04,9.999945199964473952e-01,9.738464862202007855e-02,0.000000000000000000e+00,0.000000000000000000e+00,0.000000000000000000e+00,1.000000000000000056e-01
9.987211336910944981e-01,-5.050068643074676067e-02,2.403703142739713802e-03,1.128528109667741042e+01,5.050571212310507596e-02,9.987216100687760223e-01,-2.078130065622028292e-03,4.059629171438410289e-01,-2.295683278038098806e-03,2.196873154052195274e-03,9.999949517805737376e-01,1.080478764364225380e-01,0.000000000000000000e+00,0.000000000000000000e+00,0.000000000000000000e+00,1.000000000000000056e-01
9.984741547747068013e-01,-5.520647541976164696e-02,1.267800718624003320e-03,1.211387895053893082e+01,5.520436200540716765e-02,9.984737205418912076e-01,1.645540278829451088e-03,4.688438397636633392e-01,-1.356710179385617809e-03,-1.573041309230336715e-03,9.999978424369367902e-01,1.192655737029510166e-01,0.000000000000000000e+00,0.000000000000000000e+00,0.000000000000000000e+00,1.000000000000000056e-01
9.983696766606885431e-01,-5.705221850332681949e-02,-1.741576378135737888e-03,1.295744250037796697e+01,5.705620056659622269e-02,9.983682504864279661e-01,2.329462936676665510e-03,5.344370328687018112e-01,1.605833533269188009e-03,-2.425032890015899664e-03,9.999957702481274691e-01,1.218389497856211118e-01,0.000000000000000000e+00,0.000000000000000000e+00,0.000000000000000000e+00,1.000000000000000056e-01
9.983440570082446897e-01,-5.745940983271990293e-02,-2.749555963110975835e-03,1.384465899089724594e+01,5.747078489537773421e-02,9.983381245055386044e-01,4.254179388890323016e-03,5.860756308867626219e-01,2.500543906427072759e-03,-4.405153849659374302e-03,9.999871708675731607e-01,1.322145462022036866e-01,0.000000000000000000e+00,0.000000000000000000e+00,0.000000000000000000e+00,1.000000000000000056e-01
9.977892962610888095e-01,-6.632176041600933158e-02,-4.236078625652775140e-03,1.477051003990521139e+01,6.635451673852636734e-02,9.977630119346353466e-01,8.127122708637723666e-03,6.801158389505964630e-01,3.687597483169463564e-03,-8.390238998150738661e-03,9.999580018752567412e-01,1.474691585831775509e-01,0.000000000000000000e+00,0.000000000000000000e+00,0.000000000000000000e+00,1.000000000000000056e-01
9.974657816581921077e-01,-7.107159995248464590e-02,-3.292734609074587926e-03,1.572568700733342340e+01,7.108741050502186132e-02,9.974577428527672263e-01,4.962992117007484702e-03,7.490431228906700989e-01,2.931635840673436390e-03,-5.184486788193694642e-03,9.999822631467223388e-01,1.383777379906296345e-01,0.000000000000000000e+00,0.000000000000000000e+00,0.000000000000000000e+00,1.000000000000000056e-01
9.970448962037845586e-01,-7.680212672748244762e-02,-1.705369203513130375e-03,1.665074274886674388e+01,7.680523199777354593e-02,9.970444235666736654e-01,1.836783157514170796e-03,8.457527531545173671e-01,1.559260001650797801e-03,-1.962336549950260099e-03,9.999968589668229990e-01,1.485881959499155691e-01,0.000000000000000000e+00,0.000000000000000000e+00,0.000000000000000000e+00,1.000000000000000056e-01
9.968947986520586557e-01,-7.874325982226475229e-02,5.093653255149582088e-04,1.754607094251858257e+01,7.874063245538266698e-02,9.968872257252038294e-01,3.971396030734209749e-03,9.440998309900928698e-01,-8.205004557384368378e-04,-3.918956298544475948e-03,9.999919842481399535e-01,1.770165685765184294e-01,0.000000000000000000e+00,0.000000000000000000e+00,0.000000000000000000e+00,1.000000000000000056e-01
9.967842340669275103e-01,-8.012275929458469170e-02,1.238611573747307399e-03,1.848064430636360456e+01,8.011420724470368071e-02,9.967684557909116672e-01,5.861683866783832554e-03,1.022431378545258562e+00,-1.704263231208125911e-03,-5.743603679179708037e-03,9.999820530907618243e-01,1.932685034220416598e-01,0.000000000000000000e+00,0.000000000000000000e+00,0.000000000000000000e+00,1.000000000000000056e-01
9.964797127555693468e-01,-8.382454592675026017e-02,1.275761244177265252e-03,1.941941923209942900e+01,8.381851543423665674e-02,9.964721334405709507e-01,4.212332702610913082e-03,1.107870131141229786e+00,-1.624357404834877094e-03,-4.090571667993141147e-03,9.999903142963187941e-01,2.111673626337454424e-01,0.000000000000000000e+00,0.000000000000000000e+00,0.000000000000000000e+00,1.000000000000000056e-01
9.963780326960477440e-01,-8.502826095781022830e-02,1.005385122296239024e-03,2.035591194803602733e+01,8.502219936631690012e-02,9.963663955137358474e-01,5.023097239748710273e-03,1.182696218522053533e+00,-1.428837173323249709e-03,-4.919423691473968387e-03,9.999868787613545029e-01,2.191167125502265500e-01,0.000000000000000000e+00,0.000000000000000000e+00,0.000000000000000000e+00,1.000000000000000056e-01
9.966170031822129127e-01,-8.208200661312752000e-02,4.134387314645488268e-03,2.128379898484021737e+01,8.205653017515839032e-02,9.966096447809196235e-01,5.995146809091406528e-03,1.275308516592857488e+00,-4.612463953066091998e-03,-5.635611769074084371e-03,9.999734821765374759e-01,2.326521272139830121e-01,0.000000000000000000e+00,0.000000000000000000e+00,0.000000000000000000e+00,1.000000000000000056e-01
9.967597674884360881e-01,-8.004929111542949394e-02,7.878890043410191613e-03,2.222843526545785409e+01,8.000282472662578748e-02,9.967762982739375444e-01,6.046423328476523314e-03,1.363197892370633379e+00,-8.337502753206136458e-03,-5.396498051845611578e-03,9.999506807121122387e-01,2.239894827960985102e-01,0.000000000000000000e+00,0.000000000000000000e+00,0.000000000000000000e+00,1.000000000000000056e-01
9.967959272796587111e-01,-7.910946007154920356e-02,1.181408844868613375e-02,2.318951736669357544e+01,7.904174891206033893e-02,9.968526852967140028e-01,6.093089992217558433e-03,1.450532171832123352e+00,-1.225892685385735273e-02,-5.139761076004987529e-03,9.999116468810999026e-01,2.336741723642691559e-01,0.000000000000000000e+00,0.000000000000000000e+00,0.000000000000000000e+00,1.000000000000000056e-01
9.968919822660243790e-01,-7.723204932347710328e-02,1.554304510102489344e-02,2.412016311570021188e+01,7.715699140247048171e-02,9.970044781483552443e-01,5.373009384397386089e-03,1.527223927372164836e+00,-1.591145409557495963e-02,-4.157055378717873680e-03,9.998647631150637816e-01,2.398444043554544547e-01,0.000000000000000000e+00,0.000000000000000000e+00,0.000000000000000000e+00,1.000000000000000056e-01
9.971161077898463843e-01,-7.495279859955174262e-02,1.189729247023948132e-02,2.507936733287535702e+01,7.491010667263629796e-02,9.971822883506906710e-01,3.994961573569848733e-03,1.591748493083147586e+00,-1.216320288088757785e-02,-3.092213086946775640e-03,9.999212442557180447e-01,2.425818043331420815e-01,0.000000000000000000e+00,0.000000000000000000e+00,0.000000000000000000e+00,1.000000000000000056e-01
9.971837760072604917e-01,-7.446116736726859919e-02,8.947146036879564945e-03,2.604290402383431768e+01,7.442628478021470761e-02,9.972177956085265249e-01,4.170881859433822267e-03,1.665238844065467960e+00,-9.232821980089012115e-03,-3.493232882959434928e-03,9.999512749740906425e-01,2.358997048279480035e-01,0.000000000000000000e+00,0.000000000000000000e+00,0.000000000000000000e+00,1.000000000000000056e-01
9.973401263854919652e-01,-7.246336600130046102e-02,7.857028008887753656e-03,2.698520623258006879e+01,7.243225292539451354e-02,9.973645961715725816e-01,4.175049660494999960e-03,1.741541454807121747e+00,-8.138859718815123767e-03,-3.594842316082122284e-03,9.999604172522029710e-01,2.494940830989052782e-01,0.000000000000000000e+00,0.000000000000000000e+00,0.000000000000000000e+00,1.000000000000000056e-01
9.973785200662536043e-01,-7.185008978648833866e-02,8.582092292866940267e-03,2.794056666419384527e+01,7.184519348856689691e-02,9.974154087071410713e-01,8.778645436875088691e-04,1.810496048826939042e+00,-8.622985738136605335e-03,-2.589811580839207700e-04,9.999627878304870876e-01,2.592943070163477581e-01,0.000000000000000000e+00,0.000000000000000000e+00,0.000000000000000000e+00,1.000000000000000056e-01
9.975020064030661882e-01,-6.921453681948261383e-02,1.411010682885710001e-02,2.894415597828750109e+01,6.928014491852602097e-02,9.975883412462461797e-01,-4.214609072157881470e-03,1.897357642997740124e+00,-1.378436585140228703e-02,5.181631251601155619e-03,9.998915650987596493e-01,2.644007909197210182e-01,0.000000000000000000e+00,0.000000000000000000e+00,0.000000000000000000e+00,1.000000000000000056e-01
9.974044151456241680e-01,-6.982787568348612639e-02,1.756418018431268185e-02,2.992379321331760167e+01,6.998858344867810166e-02,9.975097920702882259e-01,-8.707060970138302131e-03,1.931588131115623108e+00,-1.691244615254747230e-02,9.913753145095471203e-03,9.998078248662166656e-01,2.602841416438148592e-01,0.000000000000000000e+00,0.000000000000000000e+00,0.000000000000000000e+00,1.000000000000000056e-01
9.972297676410568634e-01,-7.159446850867613732e-02,2.017480135029620786e-02,3.083923686884076787e+01,7.189359919771511065e-02,9.973067176478830342e-01,-1.451279879293009001e-02,1.986523500429082434e+00,-1.908142879770879929e-02,1.592303405026680024e-02,9.996911303305996421e-01,2.686121057648725441e-01,0.000000000000000000e+00,0.000000000000000000e+00,0.000000000000000000e+00,1.000000000000000056e-01
9.974458482970733897e-01,-7.010496165577333183e-02,1.367750219061585233e-02,3.175430122709204284e+01,7.029163673951492608e-02,9.974326615737021395e-01,-1.368106101443272195e-02,2.052149119393333443e+00,-1.268327715583900984e-02,1.460753152463155520e-02,9.998128597409342566e-01,2.541634936585185911e-01,0.000000000000000000e+00,0.000000000000000000e+00,0.000000000000000000e+00,1.000000000000000056e-01
9.974863871430449391e-01,-6.988245568378338712e-02,1.171963531512761579e-02,3.274052697247943655e+01,7.005336974426233654e-02,9.974324279884783095e-01,-1.486865779022262732e-02,2.101355249950975335e+00,-1.065048598840468048e-02,1.565228368683400581e-02,9.998207705201955786e-01,2.584536555995666784e-01,0.000000000000000000e+00,0.000000000000000000e+00,0.000000000000000000e+00,1.000000000000000056e-01
9.973007732879947129e-01,-7.277429174972362136e-02,9.750387658649613265e-03,3.368969885469687853e+01,7.286887470146737045e-02,9.972941259438883321e-01,-9.723860218946313305e-03,2.182843286137210459e+00,-9.016357297139912519e-03,1.040811309228839923e-02,9.999051837464132397e-01,2.473820370476358665e-01,0.000000000000000000e+00,0.000000000000000000e+00,0.000000000000000000e+00,1.000000000000000056e-01
9.969806420692629567e-01,-7.682307591918746681e-02,1.130550067333761961e-02,3.464338151231515894e+01,7.695590204993255079e-02,9.969643860322238149e-01,-1.182379478307061388e-02,2.261770959149897564e+00,-1.036284125330820712e-02,1.265811951696375892e-02,9.998661828122066275e-01,2.598842775345819867e-01,0.000000000000000000e+00,0.000000000000000000e+00,0.000000000000000000e+00,1.000000000000000056e-01
9.969439572513030257e-01,-7.722843628546743888e-02,1.176922805513094805e-02,3.562120820758266149e+01,7.736513152720020381e-02,9.969348920145761905e-01,-1.163862138160590143e-02,2.338112544165857454e+00,-1.083432157041686050e-02,1.251358113358663413e-02,9.998630044977772080e-01,2.521229653730903686e-01,0.000000000000000000e+00,0.000000000000000000e+00,0.000000000000000000e+00,1.000000000000000056e-01
9.969757953457402122e-01,-7.673445621926856808e-02,1.229173394854996687e-02,3.659869726437637638e+01,7.686747952035881404e-02,9.969834541634358116e-01,-1.074163472342203052e-02,2.411906950113369863e+00,-1.143040187027551113e-02,1.165398442925696249e-02,9.998667564030752075e-01,2.541772848803010576e-01,0.000000000000000000e+00,0.000000000000000000e+00,0.000000000000000000e+00,1.000000000000000056e-01
9.969042932222782483e-01,-7.760008411221437641e-02,1.265136754533798674e-02,3.759643027106437785e+01,7.771366171035699877e-02,9.969373489147907996e-01,-8.746949314872475706e-03,2.495746756947588185e+00,-1.193385681823649555e-02,9.703055422185823120e-03,9.998817098921830571e-01,2.567098159616201802e-01,0.000000000000000000e+00,0.000000000000000000e+00,0.000000000000000000e+00,1.000000000000000056e-01
9.967889944706668226e-01,-7.857910056643752084e-02,1.539563107919542442e-02,3.858811813399211132e+01,7.874378143681667885e-02,9.968406523719435253e-01,-1.039858950573749677e-02,2.576652601261891107e+00,-1.452987911814248786e-02,1.157750978611933601e-02,9.998274070458182949e-01,2.734123189611039062e-01,0.000000000000000000e+00,0.000000000000000000e+00,0.000000000000000000e+00,1.000000000000000056e-01
9.966542707010191959e-01,-8.030994079547730535e-02,1.518479841310118629e-02,3.960842012474159901e+01,8.042505601635895063e-02,9.967351735422464998e-01,-7.127705694917664016e-03,2.632535095609643161e+00,-1.456279705912001503e-02,8.325096584110446354e-03,9.998592989559481614e-01,2.658044351004146821e-01,0.000000000000000000e+00,0.000000000000000000e+00,0.000000000000000000e+00,1.000000000000000056e-01
9.963247019275072169e-01,-8.395465563346754534e-02,1.699129561068946428e-02,4.062480581796977930e+01,8.415733232148323029e-02,9.963851216154110402e-01,-1.158588969281350647e-02,2.724781861092797186e+00,-1.595718476409272238e-02,1.297325020603874723e-02,9.997885091525587908e-01,2.769727601116022120e-01,0.000000000000000000e+00,0.000000000000000000e+00,0.000000000000000000e+00,1.000000000000000056e-01
9.964301050637939250e-01,-8.296171821829217974e-02,1.563326686349275282e-02,4.164707545225286367e+01,8.316360117595711365e-02,9.964544920321687371e-01,-1.273816110586486507e-02,2.818099945480591284e+00,-1.452105925898103736e-02,1.399280597954927728e-02,9.997966494336815169e-01,2.895041496116602109e-01,0.000000000000000000e+00,0.000000000000000000e+00,0.000000000000000000e+00,1.000000000000000056e-01
9.962910474835811048e-01,-8.471177433220938857e-02,1.510178776031581571e-02,4.270445413046930838e+01,8.490975281074994441e-02,9.963039874534408424e-01,-1.298839720640108768e-02,2.908037779653674271e+00,-1.394570119019246726e-02,1.422251292362698184e-02,9.998015990907651585e-01,2.983496372430481935e-01,0.000000000000000000e+00,0.000000000000000000e+00,0.000000000000000000e+00,1.000000000000000056e-01
9.964116749955436170e-01,-8.385038190924989920e-02,1.152767913537650936e-02,4.377774767266998879e+01,8.400458037755373364e-02,9.963723602661103129e-01,-1.361433705075852478e-02,2.988279553363164975e+00,-1.034429350735813387e-02,1.453386223319457458e-02,9.998408685588022760e-01,3.049652618014403460e-01,0.000000000000000000e+00,0.000000000000000000e+00,0.000000000000000000e+00,1.000000000000000056e-01
9.964440172660989914e-01,-8.333160581874209105e-02,1.245648129561809439e-02,4.481117702181929019e+01,8.350979475973839550e-02,9.964008312961015745e-01,-1.454295608272700158e-02,3.064986132938113617e+00,-1.119976043425312609e-02,1.553147977842252864e-02,9.998166524428905300e-01,3.126295481825986378e-01,0.000000000000000000e+00,0.000000000000000000e+00,0.000000000000000000e+00,1.000000000000000056e-01
9.964143973959886935e-01,-8.334076858654126951e-02,1.458303649427398173e-02,4.581821241628191643e+01,8.354792337914043743e-02,9.964022432933773432e-01,-1.422371466806320907e-02,3.162889113618517545e+00,-1.334515496433173569e-02,1.539109649536950057e-02,9.997924889634089984e-01,3.251538428774937706e-01,0.000000000000000000e+00,0.000000000000000000e+00,0.000000000000000000e+00,1.000000000000000056e-01
9.959986581726277821e-01,-8.850602863316429925e-02,1.238369144925950335e-02,4.676450236438711983e+01,8.865213968292527669e-02,9.959928317933857134e-01,-1.179309738073893582e-02,3.240525526457689320e+00,-1.129030770015013521e-02,1.284374991106511377e-02,9.998537728289361715e-01,3.385718154481981435e-01,0.000000000000000000e+00,0.000000000000000000e+00,0.000000000000000000e+00,1.000000000000000056e-01
9.962157727577392041e-01,-8.664256394153353746e-02,6.870241796159868089e-03,4.772095624471350561e+01,8.672241843539656159e-02,9.961562029386104022e-01,-1.233051043736853834e-02,3.343817012233228692e+00,-5.775486941931301868e-03,1.287965296765939370e-02,9.999003741823563329e-01,3.324062541786955705e-01,0.000000000000000000e+00,0.000000000000000000e+00,0.000000000000000000e+00,1.000000000000000056e-01
9.962789818221070570e-01,-8.604528609854307508e-02,4.939546510103086895e-03,4.866923196181463140e+01,8.610232496360110954e-02,9.962039153111237333e-01,-1.281205505178331649e-02,3.429361032174610635e+00,-3.818378630785112821e-03,1.318968760082518329e-02,9.999057216186056918e-01,3.398889454580447667e-01,0.000000000000000000e+00,0.000000000000000000e+00,0.000000000000000000e+00,1.000000000000000056e-01
9.963519284852038194e-01,-8.514837234673056088e-02,5.708703050421296346e-03,4.963555474227804609e+01,8.522169463048318017e-02,9.962616148743536071e-01,-1.414416813579968610e-02,3.534129968467748739e+00,-4.483008824889035682e-03,1.457907454702209865e-02,9.998836698422614022e-01,3.466664909180821597e-01,0.000000000000000000e+00,0.000000000000000000e+00,0.000000000000000000e+00,1.000000000000000056e-01
9.967577231018741601e-01,-7.994092904690432155e-02,9.137247938264916533e-03,5.064449231538223728e+01,8.008357668341679891e-02,9.966517789818670758e-01,-1.648794098336171104e-02,3.613337039536382633e+00,-7.788593092389662666e-03,1.716622600915312241e-02,9.998223134648694943e-01,3.623483197600294581e-01,0.000000000000000000e+00,0.000000000000000000e+00,0.000000000000000000e+00,1.000000000000000056e-01
9.968113074734674672e-01,-7.931894075142109646e-02,8.701892386650256217e-03,5.158883456810602297e+01,7.944887805939929160e-02,9.967141992543805395e-01,-1.576961571509260390e-02,3.698245395439892835e+00,-7.422470487579792102e-03,1.641068684642858766e-02,9.998377849876896040e-01,3.662878975274220239e-01,0.000000000000000000e+00,0.000000000000000000e+00,0.000000000000000000e+00,1.000000000000000056e-01
9.968824901778309266e-01,-7.773567222982456781e-02,1.350799910512386244e-02,5.253752896837842457e+01,7.797312730319598539e-02,9.967921598116726845e-01,-1.804387864457912549e-02,3.780428185627141779e+00,-1.206201456666082354e-02,1.904088760950990722e-02,9.997459439295743877e-01,3.928264007045162987e-01,0.000000000000000000e+00,0.000000000000000000e+00,0.000000000000000000e+00,1.000000000000000056e-01
9.970595004090541114e-01,-7.532506673515372564e-02,1.408854021508387268e-02,5.353561563405411050e+01,7.556654098325342461e-02,9.969876499319010321e-01,-1.747351616279440439e-02,3.876432830632898785e+00,-1.272990682894727284e-02,1.848675754722266945e-02,9.997480628976065375e-01,4.202263765305186416e-01,0.000000000000000000e+00,0.000000000000000000e+00,0.000000000000000000e+00,1.000000000000000056e-01
9.970663147665254078e-01,-7.495213129771803595e-02,1.552230562222572940e-02,5.450320335430225782e+01,7.525535513192414816e-02,9.969643083373368464e-01,-1.996996308017316007e-02,3.939349672454273588e+00,-1.397839339366730924e-02,2.107951411643868567e-02,9.996800781263707192e-01,4.149578049817991277e-01,0.000000000000000000e+00,0.000000000000000000e+00,0.000000000000000000e+00,1.000000000000000056e-01
9.969692264582813435e-01,-7.550564571268804370e-02,1.874190387037166089e-02,5.543918485673230379e+01,7.584583535665505305e-02,9.969542338870185372e-01,-1.815667353341509846e-02,4.014576990550333235e+00,-1.731388905553554736e-02,1.952314012288686521e-02,9.996594801458718038e-01,4.240883402745775910e-01,0.000000000000000000e+00,0.000000000000000000e+00,0.000000000000000000e+00,1.000000000000000056e-01
9.969652273650178032e-01,-7.423940553782944207e-02,2.342746444684334212e-02,5.638336503460764959e+01,7.462128924043777423e-02,9.970856633667386504e-01,-1.586956523051689591e-02,4.099228498777681473e+00,-2.218104184012410079e-02,1.756959230888422915e-02,9.995995752344967178e-01,4.351180701726587441e-01,0.000000000000000000e+00,0.000000000000000000e+00,0.000000000000000000e+00,1.000000000000000056e-01
9.968889642870322199e-01,-7.460532271574132901e-02,2.542515890231965975e-02,5.734085324641475978e+01,7.498045398199068567e-02,9.970848361737943977e-01,-1.413368292173799827e-02,4.165384877049744361e+00,-2.429659242327385921e-02,1.599610248647288790e-02,9.995768106062983271e-01,4.197007757252923521e-01,0.000000000000000000e+00,0.000000000000000000e+00,0.000000000000000000e+00,1.000000000000000056e-01
9.969104195092773901e-01,-7.532505036300966850e-02,2.226549486642257283e-02,5.822623905453363591e+01,7.557946415607709467e-02,9.970811466516178445e-01,-1.081349110024673252e-02,4.232897321901202048e+00,-2.138597839045229196e-02,1.246289612028091132e-02,9.996936111372214384e-01,4.212067480940125397e-01,0.000000000000000000e+00,0.000000000000000000e+00,0.000000000000000000e+00,1.000000000000000056e-01
9.970626589159193864e-01,-7.485941796159348294e-02,1.619017411791592170e-02,5.912726504392037441e+01,7.497371730180704685e-02,9.971638591029365895e-01,-6.571134824932294526e-03,4.311780497714851279e+00,-1.565234517462793518e-02,7.765670698025649125e-03,9.998473375716635525e-01,4.250245453261662365e-01,0.000000000000000000e+00,0.000000000000000000e+00,0.000000000000000000e+00,1.000000000000000056e-01
9.971468180750284738e-01,-7.488847974670624630e-02,9.483607123514823170e-03,6.011343245435118376e+01,7.495508770267393650e-02,9.971632182359227992e-01,-6.873938089765578227e-03,4.375036079978523951e+00,-8.941925426353641501e-03,7.565170097535243304e-03,9.999314027327399490e-01,4.287063076805886497e-01,0.000000000000000000e+00,0.000000000000000000e+00,0.000000000000000000e+00,1.000000000000000056e-01
9.972953206133439163e-01,-7.288249302577273769e-02,9.496614821912233162e-03,6.103628419339314348e+01,7.292086563976432623e-02,9.973306473588179344e-01,-3.758615860729790266e-03,4.456222839798897439e+00,-9.197327713798875842e-03,4.440951383350172192e-03,9.999478421966496722e-01,4.358513928244684976e-01,0.000000000000000000e+00,0.000000000000000000e+00,0.000000000000000000e+00,1.000000000000000056e-01
9.970871528632408998e-01,-7.547068698140758924e-02,1.101748617563954105e-02,6.197978498288826898e+01,7.550309637349712777e-02,9.971422930710381882e-01,-2.555348713219453803e-03,4.535997662797035090e+00,-1.079314750619194546e-02,3.379759693549716330e-03,9.999360405502560889e-01,4.371228134633982076e-01,0.000000000000000000e+00,0.000000000000000000e+00,0.000000000000000000e+00,1.000000000000000056e-01
9.971936130909755391e-01,-7.386385448175454560e-02,1.220774392194823310e-02,6.285392701966716800e+01,7.391150790050683705e-02,9.972586656114157400e-01,-3.498980253137941223e-03,4.604864178980253797e+00,-1.191583024547565248e-02,4.391453522095040835e-03,9.999193608114227416e-01,4.477014144310148547e-01,0.000000000000000000e+00,0.000000000000000000e+00,0.000000000000000000e+00,1.000000000000000056e-01
9.973712911489128752e-01,-7.107252561165232352e-02,1.411395391559629349e-02,6.365880738555669183e+01,7.111683761252250713e-02,9.974644393129706854e-01,-2.662276104224615362e-03,4.679976552680939150e+00,-1.388895244230657113e-02,3.659017524151489658e-03,9.998968489753397026e-01,4.490031327190622257e-01,0.000000000000000000e+00,0.000000000000000000e+00,0.000000000000000000e+00,1.000000000000000056e-01
9.972722075283947385e-01,-7.248572219718307785e-02,1.392710195967514913e-02,6.446307825799361524e+01,7.250282230081686596e-02,9.973679428254463852e-01,-7.262110942073805473e-04,4.752309628332870517e+00,-1.383780509541021608e-02,1.733984339599490502e-03,9.999027494953953710e-01,4.602166588125858881e-01,0.000000000000000000e+00,0.000000000000000000e+00,0.000000000000000000e+00,1.000000000000000056e-01
9.971776918462426087e-01,-7.333649538327194350e-02,1.607511521263364426e-02,6.524462815863049059e+01,7.334169924575476007e-02,9.973068355345918734e-01,2.663601391629747002e-04,4.816346012694310730e+00,-1.605135620268164851e-02,9.133678764954545563e-04,9.998707515090021758e-01,4.608087392324187181e-01,0.000000000000000000e+00,0.000000000000000000e+00,0.000000000000000000e+00,1.000000000000000056e-01
9.965998461569353095e-01,-8.120540557325005293e-02,1.394377085500199918e-02,6.605789912819177800e+01,8.121619625628025141e-02,9.966964864105509747e-01,-2.084287018553045373e-04,4.882596116816634968e+00,-1.388078188122707050e-02,1.340180042516129350e-03,9.999027591780209612e-01,4.656476473609112987e-01,0.000000000000000000e+00,0.000000000000000000e+00,0.000000000000000000e+00,1.000000000000000056e-01
9.965093290664132075e-01,-8.241201513358459296e-02,1.331979148593474133e-02,6.680497433974933585e+01,8.239307475653803725e-02,9.965979722023426968e-01,1.965460338495610484e-03,4.946259137444386944e+00,-1.343645473220115086e-02,-8.611409875787860409e-04,9.999093559520427776e-01,4.697157179278971251e-01,0.000000000000000000e+00,0.000000000000000000e+00,0.000000000000000000e+00,1.000000000000000056e-01
9.963631831679299333e-01,-8.359736164714032247e-02,1.648903736145412510e-02,6.758808244763582707e+01,8.354337942383938120e-02,9.964963636581318784e-01,3.937127196893716076e-03,5.032257067429108055e+00,-1.676039921704162647e-02,-2.545258681812227232e-03,9.998562950126023141e-01,4.796478512546353823e-01,0.000000000000000000e+00,0.000000000000000000e+00,0.000000000000000000e+00,1.000000000000000056e-01
9.966744580827233690e-01,-7.919329361681178014e-02,1.919496943553759133e-02,6.832532086266732563e+01,7.907323408162085510e-02,9.968446782119320115e-01,6.936221768580014095e-03,5.113274634190979384e+00,-1.968370537736682108e-02,-5.395346760975252946e-03,9.997916992933807423e-01,4.768214424027103493e-01,0.000000000000000000e+00,0.000000000000000000e+00,0.000000000000000000e+00,1.000000000000000056e-01
9.962064475480157943e-01,-8.436766103181171650e-02,2.132631322530172818e-02,6.904814914926254232e+01,8.417475906493097904e-02,9.964029307223282173e-01,9.788237038198751433e-03,5.203046241665162164e+00,-2.207541166373076791e-02,-7.955967570098865238e-03,9.997246514815468776e-01,4.847219016472719688e-01,0.000000000000000000e+00,0.000000000000000000e+00,0.000000000000000000e+00,1.000000000000000056e-01
9.963398350080735488e-01,-8.412279184415219491e-02,1.517527819943772539e-02,6.972812016798764034e+01,8.391120205341512372e-02,9.963737561693781775e-01,1.408006345424490935e-02,5.277899755496092915e+00,-1.630470318760294385e-02,-1.275515226369577232e-02,9.997857084119047277e-01,4.810422219203376870e-01,0.000000000000000000e+00,0.000000000000000000e+00,0.000000000000000000e+00,1.000000000000000056e-01
9.963108181186813850e-01,-8.528800288842716681e-02,9.524193561003582373e-03,7.041623409776680376e+01,8.515572095608694991e-02,9.962758577149647410e-01,1.352473743776467195e-02,5.352951202397941088e+00,-1.064222195468947883e-02,-1.266380265224709666e-02,9.998631762467563577e-01,4.881952944257948457e-01,0.000000000000000000e+00,0.000000000000000000e+00,0.000000000000000000e+00,1.000000000000000056e-01
9.966501524773079268e-01,-8.149009362220212271e-02,6.916517071729299214e-03,7.115579373201501312e+01,8.140491802291856260e-02,9.966110987805874011e-01,1.181342918175066169e-02,5.428123117756167737e+00,-7.855755128610943799e-03,-1.121081749004343604e-02,9.999062979512451932e-01,4.980043645701485722e-01,0.000000000000000000e+00,0.000000000000000000e+00,0.000000000000000000e+00,1.000000000000000056e-01
9.968374410695340915e-01,-7.929234797933933099e-02,5.276327687570071118e-03,7.186575472489093386e+01,7.923481129280750268e-02,9.968023261988288031e-01,1.034249312288800134e-02,5.493666344912572441e+00,-6.079536276431093261e-03,-9.891715550255300235e-03,9.999325943293059238e-01,5.007828811913821454e-01,0.000000000000000000e+00,0.000000000000000000e+00,0.000000000000000000e+00,1.000000000000000056e-01
9.968893017313077420e-01,-7.833184360180081574e-02,8.708752586265511991e-03,7.254151400161080687e+01,7.822095527907846346e-02,9.968587021673418480e-01,1.241813466150477017e-02,5.565246919359635669e+00,-9.654131182772213854e-03,-1.169829864492600603e-02,9.998849671636832470e-01,5.098228911587356915e-01,0.000000000000000000e+00,0.000000000000000000e+00,0.000000000000000000e+00,1.000000000000000056e-01
9.968551903769863332e-01,-7.834325794341318039e-02,1.191903323571828419e-02,7.312973605932232601e+01,7.817657760949608958e-02,9.968431602737027886e-01,1.386133214389308026e-02,5.602395992916101797e+00,-1.296734867768905078e-02,-1.288595166639688351e-02,9.998328860954327491e-01,5.324837480952391289e-01,0.000000000000000000e+00,0.000000000000000000e+00,0.000000000000000000e+00,1.000000000000000056e-01
9.968345113450961525e-01,-7.898792767645931856e-02,9.047887751394746020e-03,7.371462395355551678e+01,7.889713462817019018e-02,9.968327310358946480e-01,9.987416231645243614e-03,5.631191795491026220e+00,-9.808115968308935700e-03,-9.241948760849803129e-03,9.999091894988534346e-01,5.403551738445095953e-01,0.000000000000000000e+00,0.000000000000000000e+00,0.000000000000000000e+00,1.000000000000000056e-01
9.968000508765075818e-01,-7.962440765369827034e-02,7.043598397799163274e-03,7.434097077702722345e+01,7.957886898431834610e-02,9.968072135382670673e-01,6.525538234679524943e-03,5.668139425108440044e+00,-7.540701808750703908e-03,-5.944135250248531663e-03,9.999539014736420484e-01,5.525641230197252396e-01,0.000000000000000000e+00,0.000000000000000000e+00,0.000000000000000000e+00,1.000000000000000056e-01
9.969421924562722470e-01,-7.812097936613716931e-02,1.837793066889798713e-03,7.496154636052219189e+01,7.811079624343834904e-02,9.969317424684842610e-01,5.079800091336000162e-03,5.685355739923563689e+00,-2.228993202590308104e-03,-4.920715560510650899e-03,9.999854089673885227e-01,5.660428038513043436e-01,0.000000000000000000e+00,0.000000000000000000e+00,0.000000000000000000e+00,1.000000000000000056e-01
9.974240633428899105e-01,-7.168423089963732453e-02,2.570779042683589335e-03,7.557298924852301525e+01,7.167478121019124626e-02,9.974215701665387623e-01,3.596818731549823213e-03,5.741304530384153892e+00,-2.821985653761255580e-03,-3.403293528906152325e-03,9.999902269473067706e-01,5.873607964577851615e-01,0.000000000000000000e+00,0.000000000000000000e+00,0.000000000000000000e+00,1.000000000000000056e-01
9.977166009625885179e-01,-6.735307302616670710e-02,5.014750002819236274e-03,7.614426072306582682e+01,6.732077543537266784e-02,9.977111586918899766e-01,6.352717250635386489e-03,5.799726672600455935e+00,-5.431147064759573456e-03,-6.000614603376010214e-03,9.999672470965950133e-01,5.818845123861928759e-01,0.000000000000000000e+00,0.000000000000000000e+00,0.000000000000000000e+00,1.000000000000000056e-01
9.979096395197942782e-01,-6.412143447525311957e-02,8.049409562825583439e-03,7.669322536240854049e+01,6.408719646342542209e-02,9.979344167811631250e-01,4.441965004157286470e-03,5.818154402698930916e+00,-8.317608005466504625e-03,-3.916815603990760758e-03,9.999577370832187784e-01,5.919016316304205327e-01,0.000000000000000000e+00,0.000000000000000000e+00,0.000000000000000000e+00,1.000000000000000056e-01
9.983150548158482573e-01,-5.689367305246172818e-02,1.140882529577172400e-02,7.726155728822271840e+01,5.690076154244649159e-02,9.983797949055095433e-01,-2.974228007849171493e-04,5.810439855829229394e+00,-1.137341918331915766e-02,9.460925073032160851e-04,9.999348730017610931e-01,6.084949346403890624e-01,0.000000000000000000e+00,0.000000000000000000e+00,0.000000000000000000e+00,1.000000000000000056e-01
9.987990191468459900e-01,-4.681067500052455560e-02,1.446651503623268969e-02,7.781193337645134989e+01,4.690132692924948304e-02,9.988815569123471461e-01,-5.991727016561327473e-03,5.826091183462343892e+00,-1.416985827642387383e-02,6.663029818378364208e-03,9.998774020599052736e-01,6.121702371722567149e-01,0.000000000000000000e+00,0.000000000000000000e+00,0.000000000000000000e+00,1.000000000000000056e-01
9.993014897089883553e-01,-3.450364742831094067e-02,1.435377927723256210e-02,7.831551308862871963e+01,3.451129513312285735e-02,9.994042670866420952e-01,-2.853721190858214359e-04,5.862181920013290970e+00,-1.433538187950323360e-02,7.805402966361480767e-04,9.998969384807686600e-01,6.143852949356077842e-01,0.000000000000000000e+00,0.000000000000000000e+00,0.000000000000000000e+00,1.000000000000000056e-01
9.997562218413779123e-01,-1.561469552740228119e-02,1.561019452281008600e-02,7.882769252509240232e+01,1.558201108108402295e-02,9.998761435917791207e-01,2.213234443251907088e-03,5.876589357816065728e+00,-1.564282008214699926e-02,-1.969456681002428565e-03,9.998757039853799489e-01,6.157063031101971395e-01,0.000000000000000000e+00,0.000000000000000000e+00,0.000000000000000000e+00,1.000000000000000056e-01
9.999023212920413739e-01,8.385033919022740791e-04,1.395151557534247792e-02,7.932745333706884594e+01,-9.157782815058150908e-04,9.999842715674110982e-01,5.533350516035754306e-03,5.882611297020330809e+00,-1.394665640669395974e-02,-5.545586520464654799e-03,9.998873622789807847e-01,6.251002012201315461e-01,0.000000000000000000e+00,0.000000000000000000e+00,0.000000000000000000e+00,1.000000000000000056e-01
9.996454388198112717e-01,2.310405936721663875e-02,1.323627921672735491e-02,7.984969332206372883e+01,-2.316618102747466587e-02,9.997212314438143066e-01,4.559326382902350282e-03,5.870702348960291417e+00,-1.312725041085574529e-02,-4.864343863224069621e-03,9.999020019259042824e-01,6.357680361700038807e-01,0.000000000000000000e+00,0.000000000000000000e+00,0.000000000000000000e+00,1.000000000000000056e-01
9.987126376201849176e-01,4.856471844177030067e-02,1.464703316049720261e-02,8.035937513423786527e+01,-4.864033200250793970e-02,9.988045789800860108e-01,4.850887660923467772e-03,5.832710217774494943e+00,-1.439394179573236232e-02,-5.557079366418413331e-03,9.998809595689360785e-01,6.534125401098924701e-01,0.000000000000000000e+00,0.000000000000000000e+00,0.000000000000000000e+00,1.000000000000000056e-01
9.973301290364907645e-01,7.143253635764894305e-02,1.516596405013351419e-02,8.081637282042387938e+01,-7.153156341843940058e-02,9.974197446149043467e-01,6.090031794068679824e-03,5.836338725074391220e+00,-1.469180557217394066e-02,-7.158617314268745507e-03,9.998664436049332638e-01,6.477108596387664008e-01,0.000000000000000000e+00,0.000000000000000000e+00,0.000000000000000000e+00,1.000000000000000056e-01
9.944228798011595094e-01,1.043354418879144374e-01,1.540297679094310493e-02,8.130809247568201670e+01,-1.043597135868048198e-01,9.945393126552621865e-01,7.783079587712514111e-04,5.759882599129291236e+00,-1.523766084570623430e-02,-2.381417488020494497e-03,9.998810641984871017e-01,6.448011994784254020e-01,0.000000000000000000e+00,0.000000000000000000e+00,0.000000000000000000e+00,1.000000000000000056e-01
