9.999999999999998890e-01,-4.873202778297227680e-09,1.144068288492909962e-08,7.447359023494918637e-15,4.873202797488899843e-09,1.000000000000000000e+00,-1.677493602783212409e-09,6.572614643924411895e-15,-1.144068287675433171e-08,1.677493658535980202e-09,9.999999999999998890e-01,-2.184301996742966921e-14,0.000000000000000000e+00,0.000000000000000000e+00,0.000000000000000000e+00,1.000000000000000056e-01
9.998548454181551692e-01,-1.263871245510455460e-02,1.142589345802922686e-02,6.525779810495521138e-01,1.267182213370117091e-02,9.999157043561222036e-01,-2.830036362281389967e-03,4.415861329347513763e-03,-1.138916228916293967e-02,2.974412459155383048e-03,9.999307175264063874e-01,2.976245494030782188e-03,0.000000000000000000e+00,0.000000000000000000e+00,0.000000000000000000e+00,1.000000000000000056e-01
9.995354747656306493e-01,-1.949477766215653232e-02,2.342623164208105721e-02,1.337073127914512050e+00,1.958011827946750869e-02,9.998024448735045588e-01,-3.419092441713911419e-03,-1.061372565517193283e-03,-2.335494922296811951e-02,3.876192573390245533e-03,9.997197214609335747e-01,-1.277112480364509493e-02,0.000000000000000000e+00,0.000000000000000000e+00,0.000000000000000000e+00,1.000000000000000056e-01
9.990698665178452398e-01,-2.755357491870353420e-02,3.316929793068171262e-02,2.068804337653317837e+00,2.777727468837316860e-02,9.995942697711039937e-01,-6.302289398301381441e-03,2.124756701901061792e-02,-3.298218954074452758e-02,7.217780127758825250e-03,9.994298768913834063e-01,-3.679882008090882423e-02,0.000000000000000000e+00,0.000000000000000000e+00,0.000000000000000000e+00,1.000000000000000056e-01
9.983360103764310489e-01,-3.671542195455002044e-02,4.446558417888916981e-02,2.800751040019828331e+00,3.711251316676317247e-02,9.992779591459999278e-01,-8.137673589677579117e-03,7.158389839695310231e-02,-4.413470009094162816e-02,9.774362163571206907e-03,9.989777725716313395e-01,-7.863485929890082216e-02,0.000000000000000000e+00,0.000000000000000000e+00,0.000000000000000000e+00,1.000000000000000056e-01
9.975122277152728145e-01,-4.609294418659072579e-02,5.333662957785685610e-02,3.551577433929778316e+00,4.663474533597147809e-02,9.988718418298501156e-01,-8.957908622657623915e-03,9.975069881918607884e-02,-5.286356104125759792e-02,1.142296352329945711e-02,9.985364088596783150e-01,-1.148886256315955340e-01,0.000000000000000000e+00,0.000000000000000000e+00,0.000000000000000000e+00,1.000000000000000056e-01
9.964055117127674777e-01,-5.561447175162542722e-02,6.389903567508399551e-02,4.310017324114160608e+00,5.634689121791076893e-02,9.983639714924408270e-01,-9.716392124540139397e-03,1.570127881713158091e-01,-6.325412301577605645e-02,1.328197867896767706e-02,9.979090664804466382e-01,-1.485200654386267249e-01,0.000000000000000000e+00,0.000000000000000000e+00,0.000000000000000000e+00,1.000000000000000056e-01
9.949897730457503142e-01,-6.569668710402662426e-02,7.536110958526276438e-02,5.113737361425711114e+00,6.649951871487702615e-02,9.977528356372010743e-01,-8.191030986031629796e-03,2.274561934665025320e-01,-7.465363718571307872e-02,1.316146957904139672e-02,9.971226655599920718e-01,-2.018072616700416488e-01,0.000000000000000000e+00,0.000000000000000000e+00,0.000000000000000000e+00,1.000000000000000056e-01
9.936521843002801280e-01,-7.074467353588544116e-02,8.746729561146335263e-02,5.888323673894136689e+00,7.157720134700389092e-02,9.974144348168870744e-01,-6.414784972241198771e-03,2.977582094182035233e-01,-8.678733134860519560e-02,1.263472932874370146e-02,9.961467375503354482e-01,-2.539421462626254011e-01,0.000000000000000000e+00,0.000000000000000000e+00,0.000000000000000000e+00,1.000000000000000056e-01
9.918608027626605317e-01,-7.967036964011393885e-02,9.932159958648632825e-02,6.691693345792526948e+00,8.089786413499024109e-02,9.966871110057016203e-01,-8.386795186772998817e-03,3.609167987532846400e-01,-9.832437907969400481e-02,1.635343867557615891e-02,9.950200407640424904e-01,-3.224670465457981638e-01,0.000000000000000000e+00,0.000000000000000000e+00,0.000000000000000000e+00,1.000000000000000056e-01
9.899776625528654561e-01,-8.781959441823350421e-02,1.105981305564513045e-01,7.523321264875102443e+00,8.963119589447560154e-02,9.959085547256633086e-01,-1.150649150551908730e-02,4.323143965368442254e-01,-1.091351289406441022e-01,2.130421227028626158e-02,9.937985983943887769e-01,-3.983703863508887832e-01,0.000000000000000000e+00,0.000000000000000000e+00,0.000000000000000000e+00,1.000000000000000056e-01
9.880696256715079118e-01,-9.479309451510493922e-02,1.213782684734653616e-01,8.361400254864218340e+00,9.697967062183741882e-02,9.952113151963305482e-01,-1.222217620843463193e-02,5.273564132442574159e-01,-1.196384482992243481e-01,2.384758556836483884e-02,9.925310747533869771e-01,-4.930124239267515418e-01,0.000000000000000000e+00,0.000000000000000000e+00,0.000000000000000000e+00,1.000000000000000056e-01
9.862184308395829380e-01,-1.019427564925042967e-01,1.303107097326257346e-01,9.209321795190898996e+00,1.044780858757693304e-01,9.944454330799052943e-01,-1.275187038261231358e-02,6.436739232418789980e-01,-1.282869293577722225e-01,2.619074312098738921e-02,9.913911986348902250e-01,-5.919568432236073097e-01,0.000000000000000000e+00,0.000000000000000000e+00,0.000000000000000000e+00,1.000000000000000056e-01
9.843022196675781377e-01,-1.074486670475583577e-01,1.400140146813229070e-01,9.989488425869852861e+00,1.107727575511366497e-01,9.937146105364049742e-01,-1.614524669981853844e-02,7.491822363859068634e-01,-1.373991868316398191e-01,3.140154066576749531e-02,9.900178820111383837e-01,-6.856152534949703226e-01,0.000000000000000000e+00,0.000000000000000000e+00,0.000000000000000000e+00,1.000000000000000056e-01
9.818997181660760187e-01,-1.152415363963175954e-01,1.503074574144499798e-01,1.081729737750241860e+01,1.190612407409076812e-01,9.927475406686738779e-01,-1.663554776781445838e-02,8.604943065928831736e-01,-1.473002526087993924e-01,3.423023203713086715e-02,9.884993307008700381e-01,-8.073570773395499778e-01,0.000000000000000000e+00,0.000000000000000000e+00,0.000000000000000000e+00,1.000000000000000056e-01
9.798376595393389898e-01,-1.206062714449650797e-01,1.592868112450425699e-01,1.162307972006648882e+01,1.250020465941239500e-01,9.919961844277529472e-01,-1.783419266633740063e-02,9.757094139845372549e-01,-1.558609935030278448e-01,3.738579100303992403e-02,9.870712503843509511e-01,-9.063982522242509665e-01,0.000000000000000000e+00,0.000000000000000000e+00,0.000000000000000000e+00,1.000000000000000056e-01
9.778188355228499828e-01,-1.264876737310988430e-01,1.669466779868130912e-01,1.248475610833165916e+01,1.309284516725397751e-01,9.912655570448581921e-01,-1.582200869606555788e-02,1.115919066176700669e+00,-1.634872026776682807e-01,3.732912817950674589e-02,9.858389679607866274e-01,-1.040413037750763436e+00,0.000000000000000000e+00,0.000000000000000000e+00,0.000000000000000000e+00,1.000000000000000056e-01
9.757016665047907322e-01,-1.342557837505594376e-01,1.731520791365123713e-01,1.338710765340556819e+01,1.389515479105576101e-01,9.901820179189584348e-01,-1.523281730998799627e-02,1.250880045309458177e+00,-1.694069812995734892e-01,3.892243465486807524e-02,9.847772939946897175e-01,-1.190091149141475846e+00,0.000000000000000000e+00,0.000000000000000000e+00,0.000000000000000000e+00,1.000000000000000056e-01
9.746694958956901855e-01,-1.330187226986584426e-01,1.797926393989994487e-01,1.425450402122529958e+01,1.374962242332081752e-01,9.904219106655944849e-01,-1.261852586970927705e-02,1.389750166704275092e+00,-1.763920692436385662e-01,3.701970131066142922e-02,9.836235965158709460e-01,-1.331477915805517664e+00,0.000000000000000000e+00,0.000000000000000000e+00,0.000000000000000000e+00,1.000000000000000056e-01
9.698197967514479156e-01,-1.546818310594793577e-01,1.884757092281842683e-01,1.522409173403146632e+01,1.596221765866459030e-01,9.871143327734258621e-01,-1.122741176834087667e-02,1.633678765476914263e+00,-1.843103973483916358e-01,4.097346913993171053e-02,9.820136721328869278e-01,-1.503779974670784503e+00,0.000000000000000000e+00,0.000000000000000000e+00,0.000000000000000000e+00,1.000000000000000056e-01
9.679782834225839627e-01,-1.569117002357763857e-01,1.959509151583262998e-01,1.614490987143271994e+01,1.623436135195044927e-01,9.866628752168888905e-01,-1.187104958171862623e-02,1.806976992494761847e+00,-1.914747867780442481e-01,4.330229783579291752e-02,9.805418486890005170e-01,-1.674922636363552986e+00,0.000000000000000000e+00,0.000000000000000000e+00,0.000000000000000000e+00,1.000000000000000056e-01
9.645271357143236912e-01,-1.648004776200879540e-01,2.062236820709821283e-01,1.702498837635876683e+01,1.715525963212244653e-01,9.850581092472833200e-01,-1.517326931198981904e-02,1.976474643609137605e+00,-2.006417483131803792e-01,5.001323807111530267e-02,9.783872264351535231e-01,-1.843649466967332451e+00,0.000000000000000000e+00,0.000000000000000000e+00,0.000000000000000000e+00,1.000000000000000056e-01
9.616218000624991991e-01,-1.719199038859223483e-01,2.138388652523530997e-01,1.785017164915318943e+01,1.795548251724522204e-01,9.836069134353017107e-01,-1.665846930449804003e-02,2.124474548722416145e+00,-2.074694637816585641e-01,5.441494730433912158e-02,9.767268989374753296e-01,-2.006692493504404151e+00,0.000000000000000000e+00,0.000000000000000000e+00,0.000000000000000000e+00,1.000000000000000056e-01
9.589255611687357295e-01,-1.768681815300116589e-01,2.217643219715292602e-01,1.872031091972995043e+01,1.860335035634643197e-01,9.823195204117378676e-01,-2.097368279429963345e-02,2.279244422046048157e+00,-2.141338452676917747e-01,6.136779432503856879e-02,9.748747048367559787e-01,-2.192539057426700300e+00,0.000000000000000000e+00,0.000000000000000000e+00,0.000000000000000000e+00,1.000000000000000056e-01
9.553956920988002643e-01,-1.830594992374597330e-01,2.317504935442102620e-01,1.961789615687088428e+01,1.932141736563845469e-01,9.809165211614649937e-01,-2.170395380500417595e-02,2.462540573481644568e+00,-2.233547729898222312e-01,6.551334407141622129e-02,9.725331085013225740e-01,-2.387019195129420179e+00,0.000000000000000000e+00,0.000000000000000000e+00,0.000000000000000000e+00,1.000000000000000056e-01
9.523698693247029112e-01,-1.868510572232675304e-01,2.409944281866188975e-01,2.051071734567519300e+01,1.981346520857805993e-01,9.798991058243532448e-01,-2.324654915207084033e-02,2.631319175662011567e+00,-2.318065824028620880e-01,6.988866016157535554e-02,9.702480525801249200e-01,-2.593845872887774462e+00,0.000000000000000000e+00,0.000000000000000000e+00,0.000000000000000000e+00,1.000000000000000056e-01
9.501503649368661097e-01,-1.863713864068449189e-01,2.499599774746563419e-01,2.138602340506450261e+01,1.995842780870030198e-01,9.794700585328096620e-01,-2.836406843568570202e-02,2.832094327933734945e+00,-2.395420630094640402e-01,7.683821163018383915e-02,9.678406321717667460e-01,-2.799044588400257716e+00,0.000000000000000000e+00,0.000000000000000000e+00,0.000000000000000000e+00,1.000000000000000056e-01
9.469654928450692566e-01,-1.889439201904502541e-01,2.599164296149050202e-01,2.228455500717250359e+01,2.035738654591787711e-01,9.785902233562934205e-01,-3.031263851082403177e-02,3.051901713916079117e+00,-2.486242881592691523e-01,8.161721493989168574e-02,9.651552173421393821e-01,-3.018560111383188360e+00,0.000000000000000000e+00,0.000000000000000000e+00,0.000000000000000000e+00,1.000000000000000056e-01
9.451284264645243294e-01,-1.861255609749575546e-01,2.684949404373377368e-01,2.319578711448166430e+01,2.014804392931912325e-01,9.790157077410462927e-01,-3.055939427608142175e-02,3.264166396299428730e+00,-2.571728797344597361e-01,8.297903077317583809e-02,9.627962351302737920e-01,-3.243977137941225664e+00,0.000000000000000000e+00,0.000000000000000000e+00,0.000000000000000000e+00,1.000000000000000056e-01
9.447634420458701499e-01,-1.797770564874142940e-01,2.740478945993946591e-01,2.406979577087644984e+01,1.958686560720042380e-01,9.800982109619759131e-01,-3.229499090696598407e-02,3.458981084236187886e+00,-2.627879528102206597e-01,8.418851958465095597e-02,9.611736497782062960e-01,-3.474470756800153826e+00,0.000000000000000000e+00,0.000000000000000000e+00,0.000000000000000000e+00,1.000000000000000056e-01
9.430916124859812788e-01,-1.827703082079900343e-01,2.778006927567821527e-01,2.496446833750099259e+01,2.001078564259808068e-01,9.791435480960918314e-01,-3.513912375679466987e-02,3.643838769194240435e+00,-2.655843674902398921e-01,8.872951402635209650e-02,9.599958422230049360e-01,-3.703388480423686513e+00,0.000000000000000000e+00,0.000000000000000000e+00,0.000000000000000000e+00,1.000000000000000056e-01
9.433662962108227967e-01,-1.821706613506450245e-01,2.772613952870877085e-01,2.583070529520005465e+01,1.999717808245493056e-01,9.790994155814350952e-01,-3.708936885349492507e-02,3.839025654190939552e+00,-2.647098752357616158e-01,9.043331549357677690e-02,9.600783808635140470e-01,-3.945307887914752953e+00,0.000000000000000000e+00,0.000000000000000000e+00,0.000000000000000000e+00,1.000000000000000056e-01
9.410713519270569316e-01,-1.827808519269845944e-01,2.845625954882811115e-01,2.671750606746868684e+01,2.025570367562114227e-01,9.783937510999105580e-01,-4.142842827321682742e-02,4.032921238967847266e+00,-2.708419418087313346e-01,9.662726311705194249e-02,9.577618778066830929e-01,-4.183996645214225651e+00,0.000000000000000000e+00,0.000000000000000000e+00,0.000000000000000000e+00,1.000000000000000056e-01
9.390714795337975485e-01,-1.836802624529015326e-01,2.905276536088047257e-01,2.762421158166610269e+01,2.052388538532184392e-01,9.776637038990679818e-01,-4.528459945028582428e-02,4.209713209674299961e+00,-2.757204548001864763e-01,1.021530384452112583e-01,9.557944274482821356e-01,-4.437752518310895233e+00,0.000000000000000000e+00,0.000000000000000000e+00,0.000000000000000000e+00,1.000000000000000056e-01
9.354094113059631121e-01,-1.843069648215592549e-01,3.017286462344868636e-01,2.856110399615680961e+01,2.082680153502772524e-01,9.768449659684728115e-01,-4.897291337167913872e-02,4.412116697921815600e+00,-2.857160601406373845e-01,1.086501503925227929e-01,9.521352203323821817e-01,-4.705867502816016845e+00,0.000000000000000000e+00,0.000000000000000000e+00,0.000000000000000000e+00,1.000000000000000056e-01
9.319729926347770643e-01,-1.855080767065691028e-01,3.114692512528443036e-01,2.946343805206913657e+01,2.122345060211293655e-01,9.757306828755131223e-01,-5.390870940072770012e-02,4.604904650696158619e+00,-2.939096042210002091e-01,1.163459839096931681e-01,9.487258595478150758e-01,-4.974520470936796279e+00,0.000000000000000000e+00,0.000000000000000000e+00,0.000000000000000000e+00,1.000000000000000056e-01
9.286704450508013187e-01,-1.847699024524833700e-01,3.216073500976716626e-01,3.033843410965211262e+01,2.146448742765515449e-01,9.748642004793787175e-01,-5.972745240260139699e-02,4.792707682760891430e+00,-3.024876566670943734e-01,1.244984890326040344e-01,9.449874834052822692e-01,-5.230642801805104547e+00,0.000000000000000000e+00,0.000000000000000000e+00,0.000000000000000000e+00,1.000000000000000056e-01
9.278796348661966231e-01,-1.880998840489779833e-01,3.219593403231758577e-01,3.124700213224322809e+01,2.196859996240196899e-01,9.734419526523203636e-01,-6.441138397544982075e-02,4.985728657042911571e+00,-3.012929550616290086e-01,1.304959709615536034e-01,9.445598746469344720e-01,-5.513264131026711645e+00,0.000000000000000000e+00,0.000000000000000000e+00,0.000000000000000000e+00,1.000000000000000056e-01
9.266625489882225342e-01,-1.928130459301063138e-01,3.226757654702390177e-01,3.218616365508374599e+01,2.251120723471504992e-01,9.721225309867561615e-01,-6.559222233980610550e-02,5.201237946198434159e+00,-3.010333456383549322e-01,1.334200662084155664e-01,9.442340868379623942e-01,-5.816082193796217048e+00,0.000000000000000000e+00,0.000000000000000000e+00,0.000000000000000000e+00,1.000000000000000056e-01
9.236642646664688927e-01,-1.946808688660136843e-01,3.300661834779887172e-01,3.310156002948156839e+01,2.287730217169682001e-01,9.711437522677094369e-01,-6.739968075504071399e-02,5.441429902947863440e+00,-3.074202835088129526e-01,1.377649147242061556e-01,9.415485104647520753e-01,-6.120663656840106270e+00,0.000000000000000000e+00,0.000000000000000000e+00,0.000000000000000000e+00,1.000000000000000056e-01
9.217032229252983822e-01,-1.982131702137092111e-01,3.334287150245892617e-01,3.402020744650748441e+01,2.334406471557082807e-01,9.699408217872620419e-01,-6.870419555001658352e-02,5.670499420082999009e+00,-3.097880454514695403e-01,1.411606934825765935e-01,9.402685922176047262e-01,-6.403274357740011524e+00,0.000000000000000000e+00,0.000000000000000000e+00,0.000000000000000000e+00,1.000000000000000056e-01
9.199974027818051958e-01,-2.013197901886947527e-01,3.362664433943905462e-01,3.491500618175965087e+01,2.373042441563187610e-01,9.689725513554969805e-01,-6.912951920140211759e-02,5.912795911690765571e+00,-3.119158132896297508e-01,1.433964323056842738e-01,9.392262712583534512e-01,-6.693996160735419920e+00,0.000000000000000000e+00,0.000000000000000000e+00,0.000000000000000000e+00,1.000000000000000056e-01
9.173541104664371115e-01,-2.033147482580065779e-01,3.422346404897017025e-01,3.582543049608975849e+01,2.405334752751606964e-01,9.681428931670108540e-01,-6.959156329802766716e-02,6.140928388074283539e+00,-3.171830438128520613e-01,1.461589940817640820e-01,9.370338655388188442e-01,-6.998364118656368760e+00,0.000000000000000000e+00,0.000000000000000000e+00,0.000000000000000000e+00,1.000000000000000056e-01
9.149646215928144422e-01,-2.060912490100896832e-01,3.469382341497965205e-01,3.675935092087670597e+01,2.455307617616668825e-01,9.666110788030251033e-01,-7.333258050817313689e-02,6.387315418183292515e+00,-3.202411376794889186e-01,1.522807256901322903e-01,9.350166813062926741e-01,-7.320581906958762985e+00,0.000000000000000000e+00,0.000000000000000000e+00,0.000000000000000000e+00,1.000000000000000056e-01
9.116661180396270492e-01,-2.106433955025168447e-01,3.528374259481651953e-01,3.768971411835292429e+01,2.504463521674158422e-01,9.655472336643237119e-01,-7.067647592520881483e-02,6.633540601148427918e+00,-3.257936676864537362e-01,1.528001946803149713e-01,9.330115683104183155e-01,-7.613347388302929453e+00,0.000000000000000000e+00,0.000000000000000000e+00,0.000000000000000000e+00,1.000000000000000056e-01
9.092959275294852928e-01,-2.145758119843794165e-01,3.565643519612375911e-01,3.861719540269688622e+01,2.546491867435775047e-01,9.645738590441689242e-01,-6.892794889937098324e-02,6.885764688451299520e+00,-3.291423823653338854e-01,1.534747254758383472e-01,9.317246378469276058e-01,-7.938043920490275518e+00,0.000000000000000000e+00,0.000000000000000000e+00,0.000000000000000000e+00,1.000000000000000056e-01
9.064799437370560931e-01,-2.194576917809702987e-01,3.607387324929668404e-01,3.954796652029421011e+01,2.619374577999251108e-01,9.623379073762511338e-01,-7.276345393128559602e-02,7.156997651906510605e+00,-3.311840572910720315e-01,1.604495981449206021e-01,9.298242020142073461e-01,-8.248835792239907150e+00,0.000000000000000000e+00,0.000000000000000000e+00,0.000000000000000000e+00,1.000000000000000056e-01
9.043551184213952654e-01,-2.256751424646088189e-01,3.622327288617121499e-01,4.046829890841993205e+01,2.686483651789899896e-01,9.605214475252574768e-01,-7.229526077579397081e-02,7.424979647675760575e+00,-3.316170617921824770e-01,1.626938195432220957e-01,9.292797455076470259e-01,-8.555934325080890801e+00,0.000000000000000000e+00,0.000000000000000000e+00,0.000000000000000000e+00,1.000000000000000056e-01
9.038120161326277380e-01,-2.272349477480557212e-01,3.626129038192286158e-01,4.140992873432388421e+01,2.711784299786352825e-01,9.596381034662095910e-01,-7.454508360783315690e-02,7.706352371668283574e+00,-3.310379111349591730e-01,1.657075402560632682e-01,9.289536654180809983e-01,-8.888717865398399809e+00,0.000000000000000000e+00,0.000000000000000000e+00,0.000000000000000000e+00,1.000000000000000056e-01
9.022911722322446426e-01,-2.307798065495803019e-01,3.641583740636758493e-01,4.237610823108165192e+01,2.755186997626393186e-01,9.583394872918051810e-01,-7.533175411726791837e-02,7.975881269108861638e+00,-3.316023018509768883e-01,1.683036184584817130e-01,9.282854116169850789e-01,-9.224256900850059893e+00,0.000000000000000000e+00,0.000000000000000000e+00,0.000000000000000000e+00,1.000000000000000056e-01
8.995009833230827034e-01,-2.332483949751013863e-01,3.694498169472361093e-01,4.332023859012753064e+01,2.807545246030942465e-01,9.564647551352174482e-01,-7.969986887705066136e-02,8.276759017564431886e+00,-3.347758622058909506e-01,1.754148181473493273e-01,9.258265300036689904e-01,-9.548503613653974043e+00,0.000000000000000000e+00,0.000000000000000000e+00,0.000000000000000000e+00,1.000000000000000056e-01
8.982763572440086719e-01,-2.313696620304102891e-01,3.735875606981151065e-01,4.423119069473791143e+01,2.802378176781953334e-01,9.564677863072333919e-01,-8.146250241370593670e-02,8.554841536241641009e+00,-3.384765155212347554e-01,1.778692026419251282e-01,9.240109280696463534e-01,-9.875073051986163364e+00,0.000000000000000000e+00,0.000000000000000000e+00,0.000000000000000000e+00,1.000000000000000056e-01
8.946031642031709863e-01,-2.447712766869714618e-01,3.738612051372866008e-01,4.503465377976900186e+01,2.953071526588648132e-01,9.517452506593780948e-01,-8.351445046117120241e-02,8.819061696904862302e+00,-3.353786877340123596e-01,1.851161796179565944e-01,9.237170215263245110e-01,-1.016047769863486394e+01,0.000000000000000000e+00,0.000000000000000000e+00,0.000000000000000000e+00,1.000000000000000056e-01
8.950166933019642057e-01,-2.468319797769433499e-01,3.715092091324417867e-01,4.588455729365955449e+01,2.983862403157074294e-01,9.504369563288561640e-01,-8.737988117751649408e-02,9.091043393061539746e+00,-3.315279329122580165e-01,1.890596884683105050e-01,9.243082082807609900e-01,-1.047319872536521324e+01,0.000000000000000000e+00,0.000000000000000000e+00,0.000000000000000000e+00,1.000000000000000056e-01
8.943442854752021720e-01,-2.475656878144401885e-01,3.726386040855310666e-01,4.671721849939866900e+01,3.003618324135010065e-01,9.495674688822892673e-01,-9.002439485876279068e-02,9.371399358296388371e+00,-3.315585448560388615e-01,1.924392170464369056e-01,9.235995231026813412e-01,-1.077708061876185930e+01,0.000000000000000000e+00,0.000000000000000000e+00,0.000000000000000000e+00,1.000000000000000056e-01
8.914752265147496413e-01,-2.503127459237593500e-01,3.776446077181340177e-01,4.754982613186088969e+01,3.047784147420800616e-01,9.480595400146933915e-01,-9.106715376266361073e-02,9.678127578066433756e+00,-3.352343037604899045e-01,1.962820364048516453e-01,9.214615150764485785e-01,-1.108169188926889071e+01,0.000000000000000000e+00,0.000000000000000000e+00,0.000000000000000000e+00,1.000000000000000056e-01
8.905382320193719892e-01,-2.476467290125958787e-01,3.815923936888327983e-01,4.842808589401925445e+01,3.050452023786490718e-01,9.473783908362933825e-01,-9.706497350849294103e-02,9.992125500060884846e+00,-3.374745646972232560e-01,2.028429988582236276e-01,9.192201237987680518e-01,-1.139627618585368118e+01,0.000000000000000000e+00,0.000000000000000000e+00,0.000000000000000000e+00,1.000000000000000056e-01
8.876289336701532751e-01,-2.483291457093000087e-01,3.878756392232900474e-01,4.924115274171026613e+01,3.089860337304991544e-01,9.456150229204727253e-01,-1.016850991375268243e-01,1.026931291448921435e+01,-3.415296576742369306e-01,2.101067914618731658e-01,9.160854922497765340e-01,-1.170269833181511210e+01,0.000000000000000000e+00,0.000000000000000000e+00,0.000000000000000000e+00,1.000000000000000056e-01
8.863622444875833839e-01,-2.520253138195873710e-01,3.883879667820207549e-01,5.008808262425858970e+01,3.147519681342828557e-01,9.432066617427562472e-01,-1.062656661376625150e-01,1.059058274774898400e+01,-3.395484797529343957e-01,2.164357512940602302e-01,9.153482372623256147e-01,-1.201002282976059021e+01,0.000000000000000000e+00,0.000000000000000000e+00,0.000000000000000000e+00,1.000000000000000056e-01
8.858708951117956198e-01,-2.532068242416430914e-01,3.887403521005861062e-01,5.099293958487631073e+01,3.171706415792339140e-01,9.420652196392240718e-01,-1.091600021359362543e-01,1.091255688022936710e+01,-3.385787077092166086e-01,2.199986956860475740e-01,9.148579302724519913e-01,-1.231210279350268522e+01,0.000000000000000000e+00,0.000000000000000000e+00,0.000000000000000000e+00,1.000000000000000056e-01
8.831717370108969067e-01,-2.583309624919022385e-01,3.915006982920496981e-01,5.185695711541294628e+01,3.243206822543891477e-01,9.393151300694205785e-01,-1.118176260019641821e-01,1.124628660478178688e+01,-3.388565743898186433e-01,2.257259405577368427e-01,9.133586490268335023e-01,-1.263338886192041599e+01,0.000000000000000000e+00,0.000000000000000000e+00,0.000000000000000000e+00,1.000000000000000056e-01
8.810111060798684335e-01,-2.602990016242581195e-01,3.950491877188729850e-01,5.269211629721284851e+01,3.280428000809795241e-01,9.378003962222020151e-01,-1.136588674961675899e-01,1.156005537020369367e+01,-3.408919950350218775e-01,2.297277662775993878e-01,9.116017777089661100e-01,-1.293888141447457762e+01,0.000000000000000000e+00,0.000000000000000000e+00,0.000000000000000000e+00,1.000000000000000056e-01
8.775102817659998777e-01,-2.624888729307572888e-01,4.013418704577138008e-01,5.353599056266523348e+01,3.323494495172609753e-01,9.361970382552465830e-01,-1.143632325866928839e-01,1.185972158854701242e+01,-3.457159944239334703e-01,2.337406621656684669e-01,9.087605592507993491e-01,-1.323961708988886521e+01,0.000000000000000000e+00,0.000000000000000000e+00,0.000000000000000000e+00,1.000000000000000056e-01
8.763792304076060136e-01,-2.679957987418824517e-01,4.001720834427017759e-01,5.436342404367621128e+01,3.360561259416104396e-01,9.354563314005827079e-01,-1.094885028652761438e-01,1.220950036476209632e+01,-3.450010503278050922e-01,2.304337299512888848e-01,9.098761296865897075e-01,-1.354643364379928627e+01,0.000000000000000000e+00,0.000000000000000000e+00,0.000000000000000000e+00,1.000000000000000056e-01
8.763476500231254240e-01,-2.722992189502946303e-01,3.973259765708820890e-01,5.518038173015424519e+01,3.414510753993654779e-01,9.329971989983978364e-01,-1.136986797186351483e-01,1.251959892438835453e+01,-3.397439615468720309e-01,2.353069527663887162e-01,9.106067639613897313e-01,-1.384995366722267818e+01,0.000000000000000000e+00,0.000000000000000000e+00,0.000000000000000000e+00,1.000000000000000056e-01
8.764340590305417233e-01,-2.781581517771921641e-01,3.930539184019737897e-01,5.599311943343573006e+01,3.463964771711343094e-01,9.312095190767643027e-01,-1.133944980334105623e-01,1.285146752398949666e+01,-3.344739463316638295e-01,2.355352928559069636e-01,9.124967424843802855e-01,-1.413535940871071084e+01,0.000000000000000000e+00,0.000000000000000000e+00,0.000000000000000000e+00,1.000000000000000056e-01
8.773498107116456390e-01,-2.801934677968272447e-01,3.895496505559051803e-01,5.682868787336095551e+01,3.500085612579234007e-01,9.290189255324021733e-01,-1.200743230202835354e-01,1.318964475095911659e+01,-3.282549568405601637e-01,2.416928973027739347e-01,9.131446910008252926e-01,-1.445015466343682142e+01,0.000000000000000000e+00,0.000000000000000000e+00,0.000000000000000000e+00,1.000000000000000056e-01
8.773671081350584711e-01,-2.841091573236092516e-01,3.866638647295521647e-01,5.765452633556689932e+01,3.532016716740899454e-01,9.278613623889881978e-01,-1.196740210416580158e-01,1.352248105283606350e+01,-3.247699750428804100e-01,2.415683731586555916e-01,9.144228695740977964e-01,-1.475635367202437642e+01,0.000000000000000000e+00,0.000000000000000000e+00,0.000000000000000000e+00,1.000000000000000056e-01
8.742944076074088411e-01,-2.881022379887883678e-01,3.906486775764915209e-01,5.851539890122415954e+01,3.585242057556710660e-01,9.258268845892664300e-01,-1.196034015360700614e-01,1.387360183946755932e+01,-3.272150404759464615e-01,2.446255919514242483e-01,9.127368936603472704e-01,-1.504163466315730702e+01,0.000000000000000000e+00,0.000000000000000000e+00,0.000000000000000000e+00,1.000000000000000056e-01
8.733499246995506393e-01,-2.914034249787625375e-01,3.903126348684297087e-01,5.933131652190088090e+01,3.631606990954196479e-01,9.235622351349578318e-01,-1.230735733821321232e-01,1.421740986495390935e+01,-3.246139486525732032e-01,2.492325053903838572e-01,9.124192800445510843e-01,-1.531860041323029797e+01,0.000000000000000000e+00,0.000000000000000000e+00,0.000000000000000000e+00,1.000000000000000056e-01
8.726987596936658376e-01,-2.961355725556212848e-01,3.882017484456911638e-01,6.006633144364808885e+01,3.682953458046186457e-01,9.212417424511596398e-01,-1.251886185889420633e-01,1.452476307207301964e+01,-3.205548519174116762e-01,2.522248493560964588e-01,9.130318791145798363e-01,-1.558517247718628873e+01,0.000000000000000000e+00,0.000000000000000000e+00,0.000000000000000000e+00,1.000000000000000056e-01
8.710459961459441347e-01,-3.025057398398995900e-01,3.870001937493506849e-01,6.079334171738356218e+01,3.750332103558378094e-01,9.183745368632827422e-01,-1.262469848010035478e-01,1.483572585384733422e+01,-3.172206861607764772e-01,2.551048557065621614e-01,9.133961620603736620e-01,-1.584426831807463110e+01,0.000000000000000000e+00,0.000000000000000000e+00,0.000000000000000000e+00,1.000000000000000056e-01
8.714060275290355095e-01,-3.040192218189606832e-01,3.849985038291180994e-01,6.150034422732433370e+01,3.774069999224289873e-01,9.168454830392608335e-01,-1.302241016097105963e-01,1.514599113214439363e+01,-3.133935091791430483e-01,2.587791973770265930e-01,9.136836626586273269e-01,-1.609687137985622130e+01,0.000000000000000000e+00,0.000000000000000000e+00,0.000000000000000000e+00,1.000000000000000056e-01
8.713732677393419834e-01,-3.090367056059362683e-01,3.810576634283728281e-01,6.221411335107089258e+01,3.831003351070358387e-01,9.137943012706210011e-01,-1.349596539941267936e-01,1.545615726932735789e+01,-3.065008344362834536e-01,2.635835532683468707e-01,9.146479918177782276e-01,-1.634719445837696128e+01,0.000000000000000000e+00,0.000000000000000000e+00,0.000000000000000000e+00,1.000000000000000056e-01
8.697425353692388450e-01,-3.122835536750033780e-01,3.821346677201631903e-01,6.288595536421006926e+01,3.873753280095506568e-01,9.117487313313270558e-01,-1.365818661653461774e-01,1.575886284261729564e+01,-3.057585279578989845e-01,2.668206008160291520e-01,9.139575972446379870e-01,-1.657504361512654611e+01,0.000000000000000000e+00,0.000000000000000000e+00,0.000000000000000000e+00,1.000000000000000056e-01
8.680739382049549313e-01,-3.176178110854664949e-01,3.815318648430522930e-01,6.356662368847445777e+01,3.932860003103590962e-01,9.089846030509702857e-01,-1.381054429635202307e-01,1.607792298429366085e+01,-3.029418422225962915e-01,2.699368768759592974e-01,9.139804826872578447e-01,-1.679946863526194178e+01,0.000000000000000000e+00,0.000000000000000000e+00,0.000000000000000000e+00,1.000000000000000056e-01
8.643801713001223463e-01,-3.236503523011433070e-01,3.848342096520487310e-01,6.423036706948933272e+01,4.015576862491694876e-01,9.049327814382963631e-01,-1.408832342493674394e-01,1.637377337736047167e+01,-3.026521833349047341e-01,2.763098089711879535e-01,9.121702392585064878e-01,-1.701911558796598811e+01,0.000000000000000000e+00,0.000000000000000000e+00,0.000000000000000000e+00,1.000000000000000056e-01
8.640953925009010606e-01,-3.266232392494136105e-01,3.829574548705561021e-01,6.484636340577807800e+01,4.046243655973137399e-01,9.033027097402028804e-01,-1.425599429747999303e-01,1.666609436323537352e+01,-2.993631163381439420e-01,2.781393071074764745e-01,9.126994304907216637e-01,-1.721404631536064045e+01,0.000000000000000000e+00,0.000000000000000000e+00,0.000000000000000000e+00,1.000000000000000056e-01
8.648044063765565337e-01,-3.328348427079019789e-01,3.759445520170466293e-01,6.543211085370771229e+01,4.088395385806431470e-01,9.014255373166831786e-01,-1.424157026682656701e-01,1.694903130536559033e+01,-2.914851118065184266e-01,2.768627243832856299e-01,9.156328202080822320e-01,-1.739601371272226871e+01,0.000000000000000000e+00,0.000000000000000000e+00,0.000000000000000000e+00,1.000000000000000056e-01
8.670135787183280707e-01,-3.331999017331624402e-01,3.704932925209961647e-01,6.601984785377668175e+01,4.093733494602251333e-01,9.002177754539379961e-01,-1.483961505851135732e-01,1.721630908588312536e+01,-2.840790648213168401e-01,2.803315576986903923e-01,9.169041949344935993e-01,-1.758403708512330965e+01,0.000000000000000000e+00,0.000000000000000000e+00,0.000000000000000000e+00,1.000000000000000056e-01
8.684494297647192829e-01,-3.341690658778063705e-01,3.662330178338488729e-01,6.666023139680264364e+01,4.102698022179289694e-01,8.991292327430159270e-01,-1.524641341923306526e-01,1.752384383730218076e+01,-2.783420150271881388e-01,2.826617381912696070e-01,9.179477460254993337e-01,-1.778135820559532121e+01,0.000000000000000000e+00,0.000000000000000000e+00,0.000000000000000000e+00,1.000000000000000056e-01
8.686800942937544789e-01,-3.381696834515622863e-01,3.619891696889065980e-01,6.726635706570836248e+01,4.135671709388546446e-01,8.973251980028751351e-01,-1.541742006651343755e-01,1.781223713259166175e+01,-2.726849627306683344e-01,2.836348959901992539e-01,9.193444168956501628e-01,-1.797180891966092986e+01,0.000000000000000000e+00,0.000000000000000000e+00,0.000000000000000000e+00,1.000000000000000056e-01
8.672058792219814460e-01,-3.412484103967008409e-01,3.626340930532525597e-01,6.785841525211897363e+01,4.171441558612810629e-01,8.955567659137768644e-01,-1.548187077094883568e-01,1.810168898105341384e+01,-2.719277776793120882e-01,2.855303861724380887e-01,9.189818726713868680e-01,-1.814501083177051655e+01,0.000000000000000000e+00,0.000000000000000000e+00,0.000000000000000000e+00,1.000000000000000056e-01
8.654726114368600509e-01,-3.483133196762114303e-01,3.600485942047257359e-01,6.840314216304697936e+01,4.246840748041101343e-01,8.913517469873146748e-01,-1.585417918103587676e-01,1.834862668829261878e+01,-2.657077256318281511e-01,2.901204826943446502e-01,9.193636440825586620e-01,-1.831373807146461630e+01,0.000000000000000000e+00,0.000000000000000000e+00,0.000000000000000000e+00,1.000000000000000056e-01
8.646707800087132245e-01,-3.549361730160884854e-01,3.554782064822215037e-01,6.890430309175387436e+01,4.313113424609723578e-01,8.873283344979099319e-01,-1.631531570692985877e-01,1.858108221888614509e+01,-2.575169277225041187e-01,2.943955500374602074e-01,9.203348803856691296e-01,-1.844404755616829661e+01,0.000000000000000000e+00,0.000000000000000000e+00,0.000000000000000000e+00,1.000000000000000056e-01
8.660000219909593788e-01,-3.545351558002371450e-01,3.526312311939476252e-01,6.944587628784145750e+01,4.328100166227827894e-01,8.846324392420831240e-01,-1.734962159575494378e-01,1.882938860834892836e+01,-2.504385182487794403e-01,3.028700558693508960e-01,9.195380785128215440e-01,-1.859718402117578862e+01,0.000000000000000000e+00,0.000000000000000000e+00,0.000000000000000000e+00,1.000000000000000056e-01
8.683086740353721522e-01,-3.530128009341364503e-01,3.484566098835975012e-01,6.998853154135173327e+01,4.321747834808506994e-01,8.831963183514465188e-01,-1.821790870921526362e-01,1.907846226981252613e+01,-2.434440451483947943e-01,3.087818414788766619e-01,9.194502549103460431e-01,-1.874014549300285992e+01,0.000000000000000000e+00,0.000000000000000000e+00,0.000000000000000000e+00,1.000000000000000056e-01
8.701107230174187634e-01,-3.547153076401532434e-01,3.421759492072114495e-01,7.049620545188444964e+01,4.323052276457965970e-01,8.827032684483724356e-01,-1.842474695095607240e-01,1.932878594595207034e+01,-2.366844309206262431e-01,3.082401505260337626e-01,9.213948609382772714e-01,-1.887189266713471270e+01,0.000000000000000000e+00,0.000000000000000000e+00,0.000000000000000000e+00,1.000000000000000056e-01
8.721147521781731360e-01,-3.534736495390591871e-01,3.383374618849382953e-01,7.099408675276553993e+01,4.289570163660809121e-01,8.849790400453403372e-01,-1.811297236533465360e-01,1.959833051842425888e+01,-2.353969777705599842e-01,3.030981322310750681e-01,9.234282782623240982e-01,-1.900456122551648619e+01,0.000000000000000000e+00,0.000000000000000000e+00,0.000000000000000000e+00,1.000000000000000056e-01
8.726743639998019164e-01,-3.507361004896326628e-01,3.397405513489191731e-01,7.148598480816917800e+01,4.279675621247963635e-01,8.843869053539988867e-01,-1.862889352788717479e-01,1.981746538564772564e+01,-2.351238401066549355e-01,3.079675136304207417e-01,9.218854540352596771e-01,-1.913788391450680493e+01,0.000000000000000000e+00,0.000000000000000000e+00,0.000000000000000000e+00,1.000000000000000056e-01
8.741406863780913916e-01,-3.479399327581295109e-01,3.388448960965882439e-01,7.201242422417114142e+01,4.260535955260845720e-01,8.842848345664812149e-01,-1.910985742883145599e-01,2.005051527568432235e+01,-2.331445778004174740e-01,3.114131252018759177e-01,9.212304116203859916e-01,-1.926319050072807570e+01,0.000000000000000000e+00,0.000000000000000000e+00,0.000000000000000000e+00,1.000000000000000056e-01
8.755767851028222193e-01,-3.438952943024637943e-01,3.392658543762221979e-01,7.251169111278791490e+01,4.226818054869292407e-01,8.854095008736578842e-01,-1.933652168125634951e-01,2.025903561840089750e+01,-2.338918226431097591e-01,3.127075987552617731e-01,9.206022881686761750e-01,-1.939198731181520685e+01,0.000000000000000000e+00,0.000000000000000000e+00,0.000000000000000000e+00,1.000000000000000056e-01
8.798824164754243116e-01,-3.385764015642382940e-01,3.334260839844112034e-01,7.296542215280732080e+01,4.159877745960521844e-01,8.879847005496049883e-01,-1.960544388083383383e-01,2.048154800300570244e+01,-2.296978549399014691e-01,3.112060280483655572e-01,9.221657679302392996e-01,-1.949493868712412237e+01,0.000000000000000000e+00,0.000000000000000000e+00,0.000000000000000000e+00,1.000000000000000056e-01
8.853285950565632501e-01,-3.313008498171265970e-01,3.262407480460123299e-01,7.341979752249056901e+01,4.065970651079263698e-01,8.919894733645254981e-01,-1.975692436906541782e-01,2.070882069337349307e+01,-2.255484547071706647e-01,3.075622316171576776e-01,9.244097404624646019e-01,-1.960711875395975312e+01,0.000000000000000000e+00,0.000000000000000000e+00,0.000000000000000000e+00,1.000000000000000056e-01
8.933253744334719304e-01,-3.158462368116760066e-01,3.197044417664537952e-01,7.387420429412891565e+01,3.886696416322765746e-01,9.001204295571210157e-01,-1.967717509383437868e-01,2.089456187483754590e+01,-2.256228824094197172e-01,3.000406088945404837e-01,9.268602634418300346e-01,-1.972441184986767837e+01,0.000000000000000000e+00,0.000000000000000000e+00,0.000000000000000000e+00,1.000000000000000056e-01
8.985554994590845279e-01,-3.029908709856001248e-01,3.174815687425375788e-01,7.434650456868511981e+01,3.762274686672711366e-01,9.042807795582952224e-01,-2.018146762296027519e-01,2.107089035666457733e+01,-2.259444759494081967e-01,3.007869741541832620e-01,9.265399559474583047e-01,-1.982747118661881558e+01,0.000000000000000000e+00,0.000000000000000000e+00,0.000000000000000000e+00,1.000000000000000056e-01
9.055446414685734968e-01,-2.823910474432420048e-01,3.166136425226515061e-01,7.481205561176014385e+01,3.568933808611482461e-01,9.105526189289241401e-01,-2.086169764405020055e-01,2.124720195269222245e+01,-2.293818148961510039e-01,3.019092984417443004e-01,9.253295404932027068e-01,-1.994648259912013799e+01,0.000000000000000000e+00,0.000000000000000000e+00,0.000000000000000000e+00,1.000000000000000056e-01
9.129474879366403783e-01,-2.593443816482104980e-01,3.150672562766324014e-01,7.525958179464852549e+01,3.342987757139658234e-01,9.180929899997372079e-01,-2.129544323781168147e-01,2.144155839075514791e+01,-2.340325037816785581e-01,2.997428121254114286e-01,9.248691981857914968e-01,-2.004256190505292423e+01,0.000000000000000000e+00,0.000000000000000000e+00,0.000000000000000000e+00,1.000000000000000056e-01
9.215731819539507708e-01,-2.323810679852535144e-01,3.109693064360263826e-01,7.569136995678063329e+01,3.076445136992337348e-01,9.257332232532426985e-01,-2.199382926093679524e-01,2.154449819098546115e+01,-2.367651230524299155e-01,2.983572332074336253e-01,9.246216728472098634e-01,-2.016941827903653817e+01,0.000000000000000000e+00,0.000000000000000000e+00,0.000000000000000000e+00,1.000000000000000056e-01
