1.000000000000000000e+00,-1.583103950795977561e-09,-5.072109144790890230e-11,1.027815411241496023e-16,1.583103950795598713e-09,1.000000000000000000e+00,-7.470508373905032299e-12,3.239694707781232396e-15,5.072109145973549126e-11,7.470508293608270868e-12,1.000000000000000000e+00,1.036854057631688801e-16,0.000000000000000000e+00,0.000000000000000000e+00,0.000000000000000000e+00,1.000000000000000056e-01
9.999819575291180040e-01,-5.932763575604959282e-03,-9.417709855497062750e-04,6.406028763497129130e-01,5.931236740106776532e-03,9.999811045736780590e-01,-1.615836111624164391e-03,7.009532848211813896e-03,9.513395640126276649e-04,1.610221091277911449e-03,9.999982510690061943e-01,8.286442785472017056e-03,0.000000000000000000e+00,0.000000000000000000e+00,0.000000000000000000e+00,1.000000000000000056e-01
9.999347908482864034e-01,-1.133402850631934702e-02,-1.397801492242088401e-03,1.303317392483985815e+00,1.133467013127033643e-02,9.999356584227857558e-01,4.519597386109510339e-04,1.597764642985512185e-02,1.392589030928319867e-03,-4.677738855233490333e-04,9.999989209411093150e-01,1.336274730667766537e-02,0.000000000000000000e+00,0.000000000000000000e+00,0.000000000000000000e+00,1.000000000000000056e-01
9.998125205784658132e-01,-1.924847264566316093e-02,-2.102378496868445492e-03,2.028854837857181792e+00,1.925264238414218024e-02,9.998126872747543636e-01,1.981445346838195398e-03,2.295930892792333658e-02,2.063844898065208145e-03,-2.021550207967086690e-03,9.999958269307894776e-01,1.892478354034590055e-02,0.000000000000000000e+00,0.000000000000000000e+00,0.000000000000000000e+00,1.000000000000000056e-01
9.996281404159786943e-01,-2.722077540364595954e-02,-1.615634524457487979e-03,2.746023340927636891e+00,2.722706819361453423e-02,9.996212320782125182e-01,4.009879800779878219e-03,4.256344584443136347e-02,1.505870536473645537e-03,-4.052377679918547047e-03,9.999906552508711632e-01,2.498913361639385627e-02,0.000000000000000000e+00,0.000000000000000000e+00,0.000000000000000000e+00,1.000000000000000056e-01
9.994333604036111929e-01,-3.360712732350784604e-02,-1.875927878916858020e-03,3.443701487279164031e+00,3.361096206177112411e-02,9.994328864495077847e-01,2.051514681291256859e-03,5.955780353051761539e-02,1.805918499696777119e-03,-2.113403952609157165e-03,9.999961360835878388e-01,3.092490888987636452e-02,0.000000000000000000e+00,0.000000000000000000e+00,0.000000000000000000e+00,1.000000000000000056e-01
9.991164000095323905e-01,-4.198720897554621134e-02,-1.869094549714677171e-03,4.181923546229199928e+00,4.199465207300577541e-02,9.991092621486795666e-01,4.139019930894410025e-03,9.733229815352602288e-02,1.693643781659135089e-03,-4.213854668229746227e-03,9.999896874466135399e-01,4.489050165870292486e-02,0.000000000000000000e+00,0.000000000000000000e+00,0.000000000000000000e+00,1.000000000000000056e-01
9.988718404734845402e-01,-4.740335846278310311e-02,-2.822749645731453816e-03,4.952181959557926838e+00,4.742019905855863332e-02,9.988555870938627956e-01,6.232242984787846572e-03,1.374627721227235366e-01,2.524090006371020566e-03,-6.359067370586060468e-03,9.999765953420189923e-01,5.313187705515010767e-02,0.000000000000000000e+00,0.000000000000000000e+00,0.000000000000000000e+00,1.000000000000000056e-01
9.985144182927171430e-01,-5.446402881964409332e-02,-1.620501863536856057e-03,5.737707535389689362e+00,5.447268630862749789e-02,9.984978884449203784e-01,5.890094851286798230e-03,1.903297003898174744e-01,1.297269393231687863e-03,-5.969617723796555656e-03,9.999813402040825805e-01,5.595216487798808369e-02,0.000000000000000000e+00,0.000000000000000000e+00,0.000000000000000000e+00,1.000000000000000056e-01
9.980495857908152635e-01,-6.239247141561000271e-02,2.050320324815027746e-03,6.546110983199178612e+00,6.238231766876576462e-02,9.980413041203519686e-01,4.690598258262221321e-03,2.400193920035375572e-01,-2.338962388593589584e-03,-4.553545914944391940e-03,9.999868971514302984e-01,5.829052384997636393e-02,0.000000000000000000e+00,0.000000000000000000e+00,0.000000000000000000e+00,1.000000000000000056e-01
9.978488494446962065e-01,-6.544473818033073875e-02,3.828825721283625385e-03,7.370325891744387903e+00,6.542242730720949917e-02,9.978414465937097688e-01,5.688010636907573844e-03,3.079473840018450703e-01,-4.192811363380209017e-03,-5.425283797244764492e-03,9.999764930380066197e-01,6.840346027797644668e-02,0.000000000000000000e+00,0.000000000000000000e+00,0.000000000000000000e+00,1.000000000000000056e-01
9.975133017905589705e-01,-7.039980763093857397e-02,3.328638824507069473e-03,8.187115798490177454e+00,7.038052836711126969e-02,9.975045404200998389e-01,5.592232832388153128e-03,3.688476878227645583e-01,-3.714024456491970758e-03,-5.344055277804988548e-03,9.999788233235363810e-01,7.358215733285768112e-02,0.000000000000000000e+00,0.000000000000000000e+00,0.000000000000000000e+00,1.000000000000000056e-01
9.972256456664129187e-01,-7.434900019250161030e-02,3.638378152593196597e-03,9.019964269449236127e+00,7.432626890777731254e-02,9.972157570418548334e-01,6.028238357032395835e-03,4.432840131982099252e-01,-4.076441518610216495e-03,-5.741086814864842548e-03,9.999752109661166344e-01,7.766112835614187582e-02,0.000000000000000000e+00,0.000000000000000000e+00,0.000000000000000000e+00,1.000000000000000056e-01
9.970234868582951160e-01,-7.696689977449068520e-02,4.501443327478226765e-03,9.800945009130140662e+00,7.694656182610777606e-02,9.970249303833220722e-01,4.529328567548127418e-03,5.268863766611748822e-01,-4.836659598107663320e-03,-4.169476374239197008e-03,9.999796108874904332e-01,8.852602396104637672e-02,0.000000000000000000e+00,0.000000000000000000e+00,0.000000000000000000e+00,1.000000000000000056e-01
9.967715274145068083e-01,-8.013949150878785233e-02,4.917726757770204092e-03,1.057658421141313276e+01,8.011258357137943098e-02,9.967709518897702736e-01,5.444577327953114242e-03,5.632868211764437971e-01,-5.338172840018837011e-03,-5.033027863447145193e-03,9.999730859084438039e-01,9.193034875917470428e-02,0.000000000000000000e+00,0.000000000000000000e+00,0.000000000000000000e+00,1.000000000000000056e-01
9.965399923984129549e-01,-8.291806003569333894e-02,5.713043889919053493e-03,1.137744533931156354e+01,8.289516891945893085e-02,9.965496989163917796e-01,4.133831087909555640e-03,6.450093590969907531e-01,-6.036101422719664274e-03,-3.645944262622589395e-03,9.999751359759143643e-01,1.062883018214727665e-01,0.000000000000000000e+00,0.000000000000000000e+00,0.000000000000000000e+00,1.000000000000000056e-01
9.962502982767166282e-01,-8.638697575249203175e-02,4.757478732641012842e-03,1.223601810968446379e+01,8.635421953130360817e-02,9.962419192574034632e-01,6.707241121693396750e-03,7.262871128036861856e-01,-5.319018019578406614e-03,-6.271262605206916370e-03,9.999661890847330037e-01,9.989257849678652434e-02,0.000000000000000000e+00,0.000000000000000000e+00,0.000000000000000000e+00,1.000000000000000056e-01
9.959926552102376096e-01,-8.940185283453348786e-02,2.437104226998311907e-03,1.311185502544939219e+01,8.938675085996601599e-02,9.959805272753673444e-01,5.726958964368874562e-03,8.287277812015693135e-01,-2.939309095552723478e-03,-5.486164236843359999e-03,9.999806310444253610e-01,1.000631542697921761e-01,0.000000000000000000e+00,0.000000000000000000e+00,0.000000000000000000e+00,1.000000000000000056e-01
9.962773137914318067e-01,-8.620609848966073741e-02,-1.503586370471722967e-04,1.398561185613603364e+01,8.620366012984131965e-02,9.962326366050204829e-01,9.458474677669187827e-03,9.207396478302923848e-01,-6.655860182032704003e-04,-9.436225209278137696e-03,9.999552563235277747e-01,1.086997960394773810e-01,0.000000000000000000e+00,0.000000000000000000e+00,0.000000000000000000e+00,1.000000000000000056e-01
9.947668330114610713e-01,-1.021695660770399333e-01,5.724578389449589246e-04,1.494012325449662626e+01,1.021588131267414240e-01,9.947180496534976379e-01,9.978907459106655872e-03,1.041808115114147837e+00,-1.588974790084049776e-03,-9.868204556618258641e-03,9.999500456012516691e-01,1.104059479190404036e-01,0.000000000000000000e+00,0.000000000000000000e+00,0.000000000000000000e+00,1.000000000000000056e-01
9.940245035088783876e-01,-1.091363278380071272e-01,2.132690779960409646e-03,1.591530520515141056e+01,1.091106567329442750e-01,9.939815999426120374e-01,9.769522139324901544e-03,1.169964477503586231e+00,-3.186065164665935912e-03,-9.478445102451653337e-03,9.999500027837423533e-01,1.180259515769289114e-01,0.000000000000000000e+00,0.000000000000000000e+00,0.000000000000000000e+00,1.000000000000000056e-01
9.937324633215950387e-01,-1.117418935645924788e-01,3.088780243742642994e-03,1.683910349342428248e+01,1.117079010730088057e-01,9.936949248766040466e-01,9.578158087183015826e-03,1.285047717040757487e+00,-4.139586773789030033e-03,-9.173085472155768569e-03,9.999493578798192006e-01,1.250933250121419871e-01,0.000000000000000000e+00,0.000000000000000000e+00,0.000000000000000000e+00,1.000000000000000056e-01
9.933577307066072670e-01,-1.150270264210342397e-01,3.033486138773793840e-03,1.772800241874708504e+01,1.149971887899197409e-01,9.933281599988574850e-01,8.649458000340472935e-03,1.382691329137406777e+00,-4.008168638543000914e-03,-8.243163592868148204e-03,9.999579915367176053e-01,1.348728699699949241e-01,0.000000000000000000e+00,0.000000000000000000e+00,0.000000000000000000e+00,1.000000000000000056e-01
9.930125883152466360e-01,-1.179679012103425351e-01,3.094144709199696860e-03,1.863827441304437826e+01,1.179370314386923579e-01,9.929824526070792912e-01,8.758163612221240082e-03,1.492150432509800284e+00,-4.105613581852865512e-03,-8.332052475615475337e-03,9.999568594887782158e-01,1.407580199574639812e-01,0.000000000000000000e+00,0.000000000000000000e+00,0.000000000000000000e+00,1.000000000000000056e-01
9.925151375615841598e-01,-1.220960883834269067e-01,2.499382438939937862e-03,1.956334958504925581e+01,1.220787610098351822e-01,9.925010861835533715e-01,6.194355072999573747e-03,1.601647329642021944e+00,-3.236946309907271814e-03,-5.842869665947941424e-03,9.999776912774872573e-01,1.514814067150888899e-01,0.000000000000000000e+00,0.000000000000000000e+00,0.000000000000000000e+00,1.000000000000000056e-01
9.922780048601700376e-01,-1.239551547058966446e-01,4.413693754388089974e-03,2.048706348736537208e+01,1.239355969946807218e-01,9.922802418754298470e-01,4.459751249847075834e-03,1.720080472986879494e+00,-4.932430262292899006e-03,-3.878299301969124167e-03,9.999803147693617777e-01,1.649846093048964457e-01,0.000000000000000000e+00,0.000000000000000000e+00,0.000000000000000000e+00,1.000000000000000056e-01
9.924364269266678917e-01,-1.226302503588306558e-01,5.635619394451897926e-03,2.140849534283895395e+01,1.226057004634568681e-01,9.924451952429386159e-01,4.514050627820044570e-03,1.841563275732407190e+00,-6.146602548863714169e-03,-3.788949212637589617e-03,9.999739312306947792e-01,1.665421230615653780e-01,0.000000000000000000e+00,0.000000000000000000e+00,0.000000000000000000e+00,1.000000000000000056e-01
9.923518561927971993e-01,-1.230337519810131702e-01,1.002443934514745012e-02,2.236141387506694755e+01,1.230157509368451779e-01,9.924018276663796323e-01,2.395300789764850252e-03,1.965193928783845356e+00,-1.024297477074294881e-02,-1.143817251099052239e-03,9.999468851643781298e-01,1.712604431133127048e-01,0.000000000000000000e+00,0.000000000000000000e+00,0.000000000000000000e+00,1.000000000000000056e-01
9.925984891747153815e-01,-1.207554974397391373e-01,1.289764033277577757e-02,2.332400761014543988e+01,1.207276976709917987e-01,9.926813802292843159e-01,2.915537882557033694e-03,2.093607584775879715e+00,-1.315531463455332437e-02,-1.336856074593216134e-03,9.999125714344738736e-01,1.707367361339793554e-01,0.000000000000000000e+00,0.000000000000000000e+00,0.000000000000000000e+00,1.000000000000000056e-01
9.928829852607452544e-01,-1.183565982751355466e-01,1.323227963915894929e-02,2.424205502480856467e+01,1.183557512850779564e-01,9.929708927757980863e-01,8.498457384519289516e-04,2.197526099499267360e+00,-1.323985337741646721e-02,7.223190241016237126e-04,9.999120884046617252e-01,1.673515472980702246e-01,0.000000000000000000e+00,0.000000000000000000e+00,0.000000000000000000e+00,1.000000000000000056e-01
9.929088289808393197e-01,-1.182812479718677867e-01,1.189973571622285863e-02,2.519299985261296015e+01,1.182873671140301230e-01,9.929793866917534517e-01,1.907524567212753614e-04,2.308379994068606056e+00,-1.183875471192361896e-02,1.218188608796449274e-03,9.999291774437749636e-01,1.642313026717507896e-01,0.000000000000000000e+00,0.000000000000000000e+00,0.000000000000000000e+00,1.000000000000000056e-01
9.930951067653897013e-01,-1.170603468776693634e-01,7.680111165787066249e-03,2.613250323975636391e+01,1.170645486314907391e-01,9.931243032924079728e-01,-9.830399107056144413e-05,2.429431155271162712e+00,-7.615797551436343307e-03,9.966939595702178738e-04,9.999705026793572760e-01,1.603263547817528056e-01,0.000000000000000000e+00,0.000000000000000000e+00,0.000000000000000000e+00,1.000000000000000056e-01
9.930061490311656858e-01,-1.178716003374211119e-01,6.713703909882118119e-03,2.707180049545892686e+01,1.178838665651923412e-01,9.930263147395945733e-01,-1.460218593103969472e-03,2.543753112224024449e+00,-6.494766349471423929e-03,2.241443417752632915e-03,9.999763966921773051e-01,1.619411938747063739e-01,0.000000000000000000e+00,0.000000000000000000e+00,0.000000000000000000e+00,1.000000000000000056e-01
9.930833361914920276e-01,-1.171646162326292206e-01,7.611838269213930773e-03,2.802449479476145200e+01,1.171885950589673098e-01,9.931057790093622550e-01,-2.782963584565929360e-03,2.657103673719576786e+00,-7.233295713665928266e-03,3.655735393645428554e-03,9.999671569765931078e-01,1.641510517637622957e-01,0.000000000000000000e+00,0.000000000000000000e+00,0.000000000000000000e+00,1.000000000000000056e-01
9.930132613503673822e-01,-1.175312954406691618e-01,1.053837626701612483e-02,2.903011779989948948e+01,1.175964891322392597e-01,9.930445583074539728e-01,-5.794045195260236203e-03,2.776692375632961340e+00,-9.784095567716062994e-03,6.992839765912401903e-03,9.999276832181065444e-01,1.688343420052498822e-01,0.000000000000000000e+00,0.000000000000000000e+00,0.000000000000000000e+00,1.000000000000000056e-01
9.930801685302100834e-01,-1.164892448564008864e-01,1.490082899690766197e-02,2.998351682629723314e+01,1.166244489066460277e-01,9.931392952695269338e-01,-8.548573493193354494e-03,2.885047547601401252e+00,-1.380278193809906725e-02,1.022721977532986895e-02,9.998524327051649951e-01,1.676274341917199373e-01,0.000000000000000000e+00,0.000000000000000000e+00,0.000000000000000000e+00,1.000000000000000056e-01
9.929123358593432425e-01,-1.178111037686006835e-01,1.567281490883797382e-02,3.091080974027739359e+01,1.180546828082132960e-01,9.928838337127783298e-01,-1.564559423185978015e-02,2.973314444308710947e+00,-1.371805982618678338e-02,1.738495270743806165e-02,9.997547590554222152e-01,1.713922748899940618e-01,0.000000000000000000e+00,0.000000000000000000e+00,0.000000000000000000e+00,1.000000000000000056e-01
9.930153524700705558e-01,-1.173717315175803050e-01,1.201608918519970169e-02,3.186131077693725544e+01,1.175844934427277694e-01,9.928835867454668396e-01,-1.886981911079676014e-02,3.075893625343364857e+00,-9.715794386396749485e-03,2.015092583535866080e-02,9.997497404487880601e-01,1.728100435262179269e-01,0.000000000000000000e+00,0.000000000000000000e+00,0.000000000000000000e+00,1.000000000000000056e-01
9.927699050225613497e-01,-1.197368149574484786e-01,8.426792114455567209e-03,3.285931953066111078e+01,1.198749973605746644e-01,9.926176829037642868e-01,-1.844235870392605878e-02,3.193095866366820523e+00,-6.156353571451713032e-03,1.931918038136715490e-02,9.997944131570727366e-01,1.677907047896846360e-01,0.000000000000000000e+00,0.000000000000000000e+00,0.000000000000000000e+00,1.000000000000000056e-01
9.926340075321481438e-01,-1.209636919146800521e-01,6.746282608793494062e-03,3.382781184807352304e+01,1.210690002057753373e-01,9.924743209059607718e-01,-1.835809171526057298e-02,3.314886319917929036e+00,-4.474849700415797771e-03,1.903963184051406937e-02,9.998087157749407927e-01,1.691805614850039885e-01,0.000000000000000000e+00,0.000000000000000000e+00,0.000000000000000000e+00,1.000000000000000056e-01
9.924249872481099022e-01,-1.225930386054229493e-01,7.974432335789096229e-03,3.479221446974379717e+01,1.227233248597840443e-01,9.922653161373764519e-01,-1.866890264992257520e-02,3.435414638574439294e+00,-5.624075119405044960e-03,1.950613432440302664e-02,9.997939190166990064e-01,1.798196387642115868e-01,0.000000000000000000e+00,0.000000000000000000e+00,0.000000000000000000e+00,1.000000000000000056e-01
9.923305801999376952e-01,-1.232443998117822709e-01,9.530871685667805307e-03,3.576817670502931179e+01,1.233998708448766496e-01,9.921947987188098894e-01,-1.794305633965643382e-02,3.570796354889871793e+00,-7.245100104406021133e-03,1.898155184314193750e-02,9.997935833031252884e-01,1.762792468751743780e-01,0.000000000000000000e+00,0.000000000000000000e+00,0.000000000000000000e+00,1.000000000000000056e-01
9.923080051585269068e-01,-1.232902940042773926e-01,1.115017052083468185e-02,3.673908945837916917e+01,1.234783135162462325e-01,9.921816409793773328e-01,-1.813001364184631606e-02,3.687497268853880961e+00,-8.827739772356842790e-03,1.936736192176862978e-02,9.997734624917300472e-01,1.882463785867331263e-01,0.000000000000000000e+00,0.000000000000000000e+00,0.000000000000000000e+00,1.000000000000000056e-01
9.920647173508657657e-01,-1.249867615657836856e-01,1.363473581866798956e-02,3.772680081703739319e+01,1.252099688516840337e-01,9.919851178959258053e-01,-1.697025554216537516e-02,3.827691280705810328e+00,-1.140439773540212823e-02,1.854279661496661610e-02,9.997630241242114746e-01,1.904869473706924665e-01,0.000000000000000000e+00,0.000000000000000000e+00,0.000000000000000000e+00,1.000000000000000056e-01
9.921745173823689479e-01,-1.240542173118783092e-01,1.415196891603742388e-02,3.872927792316406936e+01,1.242761975482043618e-01,9.921176692356606930e-01,-1.606104334593166233e-02,3.968738011522513265e+00,-1.204797825458286606e-02,1.769411081511256673e-02,9.997708560777512909e-01,2.012624653655253892e-01,0.000000000000000000e+00,0.000000000000000000e+00,0.000000000000000000e+00,1.000000000000000056e-01
9.922890904730713446e-01,-1.229851076365209711e-01,1.539559117923982971e-02,3.975595171851674792e+01,1.231753695212483984e-01,9.923113295994328009e-01,-1.208525928185416425e-02,4.112568421765577575e+00,-1.379091263944667682e-02,1.388842857342324939e-02,9.998084427930842288e-01,2.012859519776026007e-01,0.000000000000000000e+00,0.000000000000000000e+00,0.000000000000000000e+00,1.000000000000000056e-01
9.918600456678214883e-01,-1.264862690376788446e-01,1.465856584918700557e-02,4.075632768199699996e+01,1.267037126880563025e-01,9.918272449011662495e-01,-1.499618160814569431e-02,4.233828757997941672e+00,-1.264195391897566557e-02,1.673140809047267766e-02,9.997800963133945951e-01,2.151138964477535276e-01,0.000000000000000000e+00,0.000000000000000000e+00,0.000000000000000000e+00,1.000000000000000056e-01
9.920613139136346126e-01,-1.249848712913932541e-01,1.389717180676412582e-02,4.176326130374140178e+01,1.251698546950036905e-01,9.920455457593548854e-01,-1.334700770417559905e-02,4.354733969565301344e+00,-1.211845334952121704e-02,1.498055697554401440e-02,9.998143457668118295e-01,2.371819828763127025e-01,0.000000000000000000e+00,0.000000000000000000e+00,0.000000000000000000e+00,1.000000000000000056e-01
9.922838059537049116e-01,-1.235854656587367650e-01,9.974022254998571660e-03,4.277290711494542563e+01,1.236998994836151222e-01,9.922493787122153019e-01,-1.181123672467565382e-02,4.462960907639481611e+00,-8.437020195159529098e-03,1.295388448057199250e-02,9.998804996433776626e-01,2.446368280620285773e-01,0.000000000000000000e+00,0.000000000000000000e+00,0.000000000000000000e+00,1.000000000000000056e-01
9.925577014217781269e-01,-1.214504867920984527e-01,8.887553447297458914e-03,4.380824689154457019e+01,1.215529834138786985e-01,9.925114476991294676e-01,-1.207884139160838102e-02,4.596132289888172018e+00,-7.354017371585204466e-03,1.306925568426235695e-02,9.998875501696967705e-01,2.531294475553738654e-01,0.000000000000000000e+00,0.000000000000000000e+00,0.000000000000000000e+00,1.000000000000000056e-01
9.925219797954172307e-01,-1.215311405230704994e-01,1.141496851275137711e-02,4.479429518949292799e+01,1.216863538857481525e-01,9.924690233303489206e-01,-1.405948106068435899e-02,4.718853546484810479e+00,-9.620337882729566165e-03,1.534338987528394843e-02,9.998360012952910436e-01,2.642447182925260485e-01,0.000000000000000000e+00,0.000000000000000000e+00,0.000000000000000000e+00,1.000000000000000056e-01
9.923352423512601383e-01,-1.231373610669474067e-01,1.039024047527118896e-02,4.575304061388524701e+01,1.232665631536066370e-01,9.922900736645567932e-01,-1.287494136244166261e-02,4.840358335360430253e+00,-8.724746183336552774e-03,1.405702729088298582e-02,9.998631300271951794e-01,2.670637338142000106e-01,0.000000000000000000e+00,0.000000000000000000e+00,0.000000000000000000e+00,1.000000000000000056e-01
9.918566126977206299e-01,-1.271984795564909954e-01,6.403643206857947967e-03,4.665815502665386560e+01,1.272755933789154192e-01,9.917744858604810032e-01,-1.357543834370100906e-02,4.961179004441603979e+00,-4.624194832483847356e-03,1.427991578040974270e-02,9.998873440680483560e-01,2.812636651252788389e-01,0.000000000000000000e+00,0.000000000000000000e+00,0.000000000000000000e+00,1.000000000000000056e-01
9.921537545880507736e-01,-1.249210702774147808e-01,5.064924242184523466e-03,4.761267540489082961e+01,1.249773447152998096e-01,9.920748100725182983e-01,-1.297052533592842408e-02,5.083557485489511585e+00,-3.404491848572401523e-03,1.350175619399320015e-02,9.999030513079409932e-01,2.833316137140349800e-01,0.000000000000000000e+00,0.000000000000000000e+00,0.000000000000000000e+00,1.000000000000000056e-01
9.921914392619513023e-01,-1.246327215527385235e-01,4.778344237835019381e-03,4.855220430728620329e+01,1.246817134428663543e-01,9.921255188625911492e-01,-1.189223084981063695e-02,5.210617959667072085e+00,-3.258556160120804762e-03,1.239514178990211261e-02,9.999178677630276013e-01,2.953165798358856065e-01,0.000000000000000000e+00,0.000000000000000000e+00,0.000000000000000000e+00,1.000000000000000056e-01
9.926020531611560171e-01,-1.211641466058449301e-01,7.772621020918326490e-03,4.951129154246233810e+01,1.212645560312748672e-01,9.925200610003807045e-01,-1.410092062024224067e-02,5.341739152198806018e+00,-6.005956276506286412e-03,1.493914619641594464e-02,9.998703667976798215e-01,2.968825962170795751e-01,0.000000000000000000e+00,0.000000000000000000e+00,0.000000000000000000e+00,1.000000000000000056e-01
9.928987283857905188e-01,-1.185388636067457313e-01,1.003259610976113721e-02,5.049685203578167858e+01,1.186956308435408447e-01,9.927881994746479144e-01,-1.682076700214706066e-02,5.469097686772236955e+00,-7.966328422437758336e-03,1.789214349115203495e-02,9.998081860100755947e-01,3.187310730292738925e-01,0.000000000000000000e+00,0.000000000000000000e+00,0.000000000000000000e+00,1.000000000000000056e-01
9.930550229590207056e-01,-1.172430822270091599e-01,9.786779131544224089e-03,5.141339461925350918e+01,1.173927253026787743e-01,9.929493069520687332e-01,-1.645058872551766888e-02,5.595702345680879652e+00,-7.789057829331228963e-03,1.748523643869571292e-02,9.998167817579449723e-01,3.224037625444381439e-01,0.000000000000000000e+00,0.000000000000000000e+00,0.000000000000000000e+00,1.000000000000000056e-01
9.930206606533038549e-01,-1.175246350168801385e-01,9.895841542029659710e-03,5.234835387343051138e+01,1.177002900745288821e-01,9.928560977320257663e-01,-1.958088130564612436e-02,5.716004151233334163e+00,-7.523910688439129461e-03,2.060896311033510661e-02,9.997593017359074352e-01,3.350460656638095669e-01,0.000000000000000000e+00,0.000000000000000000e+00,0.000000000000000000e+00,1.000000000000000056e-01
9.931722155170088495e-01,-1.164579309850939659e-01,6.819137460645017211e-03,5.331337174191996553e+01,1.165841301357332105e-01,9.929227120168048204e-01,-2.264130211996849551e-02,5.836742788714094132e+00,-4.134117261339086309e-03,2.328171539780435340e-02,9.997203963121914505e-01,3.586796954078077526e-01,0.000000000000000000e+00,0.000000000000000000e+00,0.000000000000000000e+00,1.000000000000000056e-01
9.929447102752437804e-01,-1.182737071438787063e-01,8.493087474893846328e-03,5.424707982783715465e+01,1.184592658829148187e-01,9.926085560941203534e-01,-2.637530464708079392e-02,5.957336285471581228e+00,-5.310806237576024338e-03,2.719530413857223355e-02,9.996160316691191650e-01,3.589764345077765539e-01,0.000000000000000000e+00,0.000000000000000000e+00,0.000000000000000000e+00,1.000000000000000056e-01
9.929442746690648747e-01,-1.179034365930782119e-01,1.266676918028655091e-02,5.518383945314383254e+01,1.182163135518191216e-01,9.926007773609886176e-01,-2.772363599131812475e-02,6.067708203010321988e+00,-9.304332976772685532e-03,2.902544438769382937e-02,9.995353685417811551e-01,3.714165157583767529e-01,0.000000000000000000e+00,0.000000000000000000e+00,0.000000000000000000e+00,1.000000000000000056e-01
9.926901410985372598e-01,-1.193593595072282298e-01,1.787811689721308800e-02,5.612291489301480851e+01,1.197974433312193887e-01,9.924617778808700885e-01,-2.584941037714031178e-02,6.188783880206636390e+00,-1.465797861471515758e-02,2.780220753046020940e-02,9.995059684260838573e-01,3.927505668324076105e-01,0.000000000000000000e+00,0.000000000000000000e+00,0.000000000000000000e+00,1.000000000000000056e-01
9.926940886605905012e-01,-1.191777094120590602e-01,1.884462569579233721e-02,5.707394599207344754e+01,1.195958957668537964e-01,9.925588817116415274e-01,-2.288423149375009430e-02,6.313694084141056706e+00,-1.597711031580966584e-02,2.497078121786559107e-02,9.995604994352897954e-01,3.888229392032882537e-01,0.000000000000000000e+00,0.000000000000000000e+00,0.000000000000000000e+00,1.000000000000000056e-01
9.927774791093485485e-01,-1.192227460456940502e-01,1.337212767703384146e-02,5.795420842245409432e+01,1.195272087458642551e-01,9.925182505169227731e-01,-2.491523149098858955e-02,6.419089841030350740e+00,-1.030161845097873723e-02,2.633361380727868364e-02,9.996001287720702733e-01,3.997861125430492990e-01,0.000000000000000000e+00,0.000000000000000000e+00,0.000000000000000000e+00,1.000000000000000056e-01
9.928095560903307248e-01,-1.194479955361625739e-01,7.833370801468340569e-03,5.886540590405727613e+01,1.196070072077933116e-01,9.925156231917172667e-01,-2.463537186956987410e-02,6.524670924975479736e+00,-4.832097113603064931e-03,2.539515864786042951e-02,9.996658125367370307e-01,4.068470723323256433e-01,0.000000000000000000e+00,0.000000000000000000e+00,0.000000000000000000e+00,1.000000000000000056e-01
9.929856333944743207e-01,-1.181503663522143477e-01,4.474684682999725827e-03,5.981762407684247052e+01,1.182251955826950918e-01,9.926804992395998894e-01,-2.466231049298226591e-02,6.651646469646227189e+00,-1.528071205222044640e-03,2.501834047766371416e-02,9.996858244659346804e-01,4.174790590430553783e-01,0.000000000000000000e+00,0.000000000000000000e+00,0.000000000000000000e+00,1.000000000000000056e-01
9.927795166859795239e-01,-1.199439759744749256e-01,1.507937726680421992e-03,6.072948352314885057e+01,1.199482112035070158e-01,9.925401389887059667e-01,-2.182885991890529467e-02,6.769214275142100057e+00,1.121551528837656103e-03,2.185211943301835005e-02,9.997605848394170991e-01,4.219015454499649431e-01,0.000000000000000000e+00,0.000000000000000000e+00,0.000000000000000000e+00,1.000000000000000056e-01
9.925366206309972350e-01,-1.219006717309972787e-01,3.359008474479175700e-03,6.165646139923408242e+01,1.219428356564078719e-01,9.923526601155014948e-01,-1.913485808053731752e-02,6.898697253628105486e+00,-1.000768941505122750e-03,1.940165439388213259e-02,9.998112693245191362e-01,4.429326546526524688e-01,0.000000000000000000e+00,0.000000000000000000e+00,0.000000000000000000e+00,1.000000000000000056e-01
9.922839432210092125e-01,-1.239015628144833070e-01,4.580257404722244338e-03,6.252530863451394083e+01,1.239636188074861034e-01,9.921309965951657928e-01,-1.758143359442914527e-02,7.024067307094107981e+00,-2.365848244740637735e-03,1.801355953751762606e-02,9.998349435956273012e-01,4.563344508288642021e-01,0.000000000000000000e+00,0.000000000000000000e+00,0.000000000000000000e+00,1.000000000000000056e-01
9.922326470712806712e-01,-1.243060004570074456e-01,4.732054131327927994e-03,6.332983693754325571e+01,1.243687319375677419e-01,9.920938302548555354e-01,-1.680031209505794543e-02,7.134498601746152247e+00,-2.606262105156295812e-03,1.725833771347617951e-02,9.998476669859298616e-01,4.697255387921669967e-01,0.000000000000000000e+00,0.000000000000000000e+00,0.000000000000000000e+00,1.000000000000000056e-01
9.920540374138376860e-01,-1.256633402783356446e-01,6.124684562905443642e-03,6.413572072475005825e+01,1.257482133986739803e-01,9.919275806832442699e-01,-1.634201661140643677e-02,7.243108906123893576e+00,-4.021651146657429475e-03,1.698233170024555580e-02,9.998477017686631108e-01,4.789726344983600836e-01,0.000000000000000000e+00,0.000000000000000000e+00,0.000000000000000000e+00,1.000000000000000056e-01
9.921644507171346605e-01,-1.247036004060001063e-01,7.662556945764990683e-03,6.492853569017427162e+01,1.248198941137688006e-01,9.920293295829846203e-01,-1.725697773544589142e-02,7.356879009663338742e+00,-5.449473974062400868e-03,1.807819938253760195e-02,9.998217250792719168e-01,4.995726837296170508e-01,0.000000000000000000e+00,0.000000000000000000e+00,0.000000000000000000e+00,1.000000000000000056e-01
9.921851663445127034e-01,-1.244735186337088267e-01,8.656722523874095521e-03,6.572642433165444231e+01,1.246153269695244453e-01,9.920340092477809568e-01,-1.842674089610714036e-02,7.467059524754952271e+00,-6.294121876014272150e-03,1.936149928898831321e-02,9.997927367085102102e-01,5.102771040838871563e-01,0.000000000000000000e+00,0.000000000000000000e+00,0.000000000000000000e+00,1.000000000000000056e-01
9.921554899960589591e-01,-1.246677749181496903e-01,9.242811673823143198e-03,6.646699961119969657e+01,1.248266145230044893e-01,9.919915982366802609e-01,-1.926097958469251414e-02,7.563500187737129288e+00,-6.767568056948943672e-03,2.026363552757173836e-02,9.997717665036357504e-01,5.201755075585530186e-01,0.000000000000000000e+00,0.000000000000000000e+00,0.000000000000000000e+00,1.000000000000000056e-01
9.919230496891328075e-01,-1.263549120969785222e-01,1.109502971492407411e-02,6.724451962206262579e+01,1.265412796052429734e-01,9.917960490980275434e-01,-1.810805206007971499e-02,7.678531686267880296e+00,-8.715965309588027954e-03,1.936577348074853752e-02,9.997744739521080559e-01,5.251614543233453780e-01,0.000000000000000000e+00,0.000000000000000000e+00,0.000000000000000000e+00,1.000000000000000056e-01
9.921575911171132134e-01,-1.242638141935094309e-01,1.348402279619309932e-02,6.798539481721701350e+01,1.244862877622927022e-01,9.920731385611426534e-01,-1.714794170177442317e-02,7.787163422110451982e+00,-1.124626817441885460e-02,1.869203647344941377e-02,9.997620362989506626e-01,5.359647513144815134e-01,0.000000000000000000e+00,0.000000000000000000e+00,0.000000000000000000e+00,1.000000000000000056e-01
9.919582295205361389e-01,-1.256920350195278868e-01,1.484530966780549764e-02,6.869673271853442031e+01,1.259084692161503705e-01,9.919333490110991969e-01,-1.467271274408996594e-02,7.885727747945574961e+00,-1.288131461183152603e-02,1.642386837120399928e-02,9.997821404093976128e-01,5.525457635471920925e-01,0.000000000000000000e+00,0.000000000000000000e+00,0.000000000000000000e+00,1.000000000000000056e-01
9.916372853599311199e-01,-1.284765667659641952e-01,1.221744965274185885e-02,6.936114995062477817e+01,1.286383025022999615e-01,9.915993236219219353e-01,-1.352658574340532063e-02,7.983578249015566008e+00,-1.037696551566556075e-02,1.498509875101482550e-02,9.998338689012835623e-01,5.603308852485994196e-01,0.000000000000000000e+00,0.000000000000000000e+00,0.000000000000000000e+00,1.000000000000000056e-01
9.919315876120032849e-01,-1.266160656276945351e-01,6.332252560825972487e-03,7.005720945503014718e+01,1.266951579078154644e-01,9.918396580392127015e-01,-1.422777928460114590e-02,8.087483107423409479e+00,-4.479113778912149901e-03,1.491524943207360281e-02,9.998787290837497510e-01,5.652761427142412032e-01,0.000000000000000000e+00,0.000000000000000000e+00,0.000000000000000000e+00,1.000000000000000056e-01
9.921926465372554738e-01,-1.247098765075146248e-01,1.094924142234399546e-03,7.081017236769950784e+01,1.247109297800345212e-01,9.920564373715574646e-01,-1.646842624698723404e-02,8.187739590304341064e+00,9.675488597977231851e-04,1.647640043011852282e-02,9.998637867620120412e-01,5.796776836916907039e-01,0.000000000000000000e+00,0.000000000000000000e+00,0.000000000000000000e+00,1.000000000000000056e-01
9.921236948507611286e-01,-1.252510625083845530e-01,1.656941819899203101e-03,7.152967404281152142e+01,1.252618641471217320e-01,9.920146543957361063e-01,-1.471022958679608569e-02,8.294558041449382912e+00,1.987613186673338299e-04,1.480191895089901649e-02,9.998904258414065271e-01,5.918928921913771957e-01,0.000000000000000000e+00,0.000000000000000000e+00,0.000000000000000000e+00,1.000000000000000056e-01
9.923636115978634598e-01,-1.232615438833595811e-01,4.588482966661157000e-03,7.220104072966077524e+01,1.233105402119895888e-01,9.922876752255217481e-01,-1.263646580958258103e-02,8.396390749537820497e+00,-2.995504810881669065e-03,1.310577716200278867e-02,9.999096286944675338e-01,6.026905198248305728e-01,0.000000000000000000e+00,0.000000000000000000e+00,0.000000000000000000e+00,1.000000000000000056e-01
9.923125834617878560e-01,-1.235673170107801366e-01,6.845061734537445999e-03,7.282377267556435640e+01,1.236487798407168714e-01,9.922390954466212554e-01,-1.313608431660003018e-02,8.481702212870931845e+00,-5.168747168724062077e-03,1.388148529618718485e-02,9.998902881909982332e-01,6.162315709251831031e-01,0.000000000000000000e+00,0.000000000000000000e+00,0.000000000000000000e+00,1.000000000000000056e-01
9.923802684409348540e-01,-1.231509990285353517e-01,3.903107399472372993e-03,7.340250488691800967e+01,1.231986055607248998e-01,9.922490992639994012e-01,-1.624280141092415350e-02,8.535291351066145893e+00,-1.872537580679700794e-03,1.659989301337444836e-02,9.998604588416092342e-01,6.264860079956211525e-01,0.000000000000000000e+00,0.000000000000000000e+00,0.000000000000000000e+00,1.000000000000000056e-01
9.924554829803643452e-01,-1.226050251079754960e-01,3.494574144310457538e-04,7.404793482388316761e+01,1.225795987093912798e-01,9.921829914033200026e-01,-2.339131356303203457e-02,8.597518446013452831e+00,2.521166883885805725e-03,2.325767374937108556e-02,9.997263247155750987e-01,6.473587143041438230e-01,0.000000000000000000e+00,0.000000000000000000e+00,0.000000000000000000e+00,1.000000000000000056e-01
9.927606190348761128e-01,-1.200429151600454908e-01,-4.006471436033805580e-03,7.466899617535975153e+01,1.198962433081754847e-01,9.924324187968862621e-01,-2.651009169257292214e-02,8.668956743233190210e+00,7.158500826040220533e-03,2.583781416528805469e-02,9.996405169985276284e-01,6.565825637384001823e-01,0.000000000000000000e+00,0.000000000000000000e+00,0.000000000000000000e+00,1.000000000000000056e-01
9.932639818657714725e-01,-1.157712600745156029e-01,-4.865970500442661113e-03,7.526086945274673212e+01,1.156249998476941432e-01,9.930083840989513133e-01,-2.377411448214701920e-02,8.735144196474614375e+00,7.584308694471682093e-03,2.305134377749748845e-02,9.997055135447031615e-01,6.685604258894884966e-01,0.000000000000000000e+00,0.000000000000000000e+00,0.000000000000000000e+00,1.000000000000000056e-01
9.939311001277667534e-01,-1.099786737402058123e-01,-2.378974811275793352e-03,7.583831413577823355e+01,1.099088732456414419e-01,9.937367933596830127e-01,-2.017981925310879943e-02,8.817426029463405257e+00,4.583424558214640315e-03,1.979587950963482973e-02,9.997935363732649572e-01,6.751233567532366475e-01,0.000000000000000000e+00,0.000000000000000000e+00,0.000000000000000000e+00,1.000000000000000056e-01
9.947578045101080901e-01,-1.022489203270320751e-01,1.438283068729815945e-03,7.639038281366542549e+01,1.022564188106343114e-01,9.945333299945924299e-01,-2.114427444702709352e-02,8.854636802720749600e+00,7.315587834882685036e-04,2.118050570272813488e-02,9.997754002774438264e-01,6.887318333529605097e-01,0.000000000000000000e+00,0.000000000000000000e+00,0.000000000000000000e+00,1.000000000000000056e-01
9.956552102899767220e-01,-9.292054651743798799e-02,6.039392131905381780e-03,7.696880479117723439e+01,9.304086155588951745e-02,9.953661359493702898e-01,-2.428278168080297977e-02,8.907514795163612220e+00,-3.755037065073845316e-03,2.473918834805181877e-02,9.996868871084183539e-01,7.014091524560915891e-01,0.000000000000000000e+00,0.000000000000000000e+00,0.000000000000000000e+00,1.000000000000000056e-01
9.965873028955409829e-01,-8.199388549230575418e-02,9.526303021938603566e-03,7.750208755007503214e+01,8.222378251742794297e-02,9.962491393104163651e-01,-2.696112037325745781e-02,8.949494754257091955e+00,-7.279924169787409943e-03,2.765239890369766695e-02,9.995910901658502379e-01,7.175787375279378821e-01,0.000000000000000000e+00,0.000000000000000000e+00,0.000000000000000000e+00,1.000000000000000056e-01
9.975513928708058531e-01,-6.931162803314432075e-02,9.333638139022311028e-03,7.798591364158897932e+01,6.952073386717465275e-02,9.972835923852240159e-01,-2.433729487416251905e-02,8.988338583395401926e+00,-7.621426643657005021e-03,2.492658377350382912e-02,9.996602319174739959e-01,7.283783626544230172e-01,0.000000000000000000e+00,0.000000000000000000e+00,0.000000000000000000e+00,1.000000000000000056e-01
9.986159525198285980e-01,-5.187121297684602755e-02,8.692332093643419938e-03,7.847912925116334293e+01,5.204432177405799581e-02,9.984231503898403082e-01,-2.103809251583181952e-02,9.028964636612945682e+00,-7.587354215654876916e-03,2.146136132534621696e-02,9.997408874433760806e-01,7.303750356618963213e-01,0.000000000000000000e+00,0.000000000000000000e+00,0.000000000000000000e+00,1.000000000000000056e-01
9.994484174959162859e-01,-3.167564872223717354e-02,9.975672555478230785e-03,7.896489841340718385e+01,3.183310174433809370e-02,9.993644585916769962e-01,-1.604158773621963338e-02,9.042259754882168821e+00,-9.461204904413912653e-03,1.635029607651334801e-02,9.998215607897076307e-01,7.349797938453220825e-01,0.000000000000000000e+00,0.000000000000000000e+00,0.000000000000000000e+00,1.000000000000000056e-01
9.998988258514575067e-01,-9.548360966654638807e-03,1.054356978101610338e-02,7.944167062991304817e+01,9.718587175243252954e-03,9.998213184138350362e-01,-1.621358407441058150e-02,9.048476287297246401e+00,-1.038687268593811545e-02,1.631441228090209708e-02,9.998129589216849800e-01,7.413876740409892641e-01,0.000000000000000000e+00,0.000000000000000000e+00,0.000000000000000000e+00,1.000000000000000056e-01
9.997789267251685486e-01,1.725134522149086511e-02,1.202034792836989899e-02,7.993030024904201980e+01,-1.702693553899168113e-02,9.996833508997094997e-01,-1.852785470795879560e-02,9.053278599715381958e+00,-1.233617211379382447e-02,1.831908900511030128e-02,9.997560851705789009e-01,7.512466170780986996e-01,0.000000000000000000e+00,0.000000000000000000e+00,0.000000000000000000e+00,1.000000000000000056e-01
9.988180274499149913e-01,4.649329780469749207e-02,1.417467108276252406e-02,8.040958378612297963e+01,-4.621474776290082631e-02,9.987434507596959499e-01,-1.938341182109756117e-02,9.033543484174904492e+00,-1.505805864885129998e-02,1.870542231168607905e-02,9.997116394470303424e-01,7.511099276143481385e-01,0.000000000000000000e+00,0.000000000000000000e+00,0.000000000000000000e+00,1.000000000000000056e-01
9.967113896975380305e-01,7.940813418889637598e-02,1.614787514940377311e-02,8.088368440225144695e+01,-7.906946895084031313e-02,9.966556277670556296e-01,-2.062955937698171885e-02,8.983052642522862286e+00,-1.773202546339822105e-02,1.928491288273149681e-02,9.996567748022672228e-01,7.490817268984050203e-01,0.000000000000000000e+00,0.000000000000000000e+00,0.000000000000000000e+00,1.000000000000000056e-01
