1.000000000000000000e+00,-2.164630776995359142e-13,9.698642087151812906e-14,1.581965404924315518e-20,2.164630776995380346e-13,1.000000000000000000e+00,-2.163275421381284200e-14,4.906526987123692265e-20,-9.698642087151343376e-14,2.163275421383383833e-14,1.000000000000000000e+00,-2.974160982551074420e-20,0.000000000000000000e+00,0.000000000000000000e+00,0.000000000000000000e+00,1.000000000000000056e-01
9.999966548505109243e-01,-2.141209705594329746e-03,-1.451037141092372451e-03,6.253726548307910749e-01,2.138440023967183839e-03,9.999958940009607833e-01,-1.907630856107591722e-03,-3.159558434332801306e-03,1.455115820839053943e-03,1.904521518898433284e-03,9.999971277137409409e-01,1.251645289568150896e-02,0.000000000000000000e+00,0.000000000000000000e+00,0.000000000000000000e+00,1.000000000000000056e-01
9.999870157019912220e-01,-4.287076904453596994e-03,-2.754886393477832575e-03,1.256102163710495878e+00,4.287117358211730254e-03,9.999908102316150682e-01,8.779234096035181263e-06,-8.434423191987470980e-03,2.754823439458218073e-03,-2.058964138122351787e-05,9.999962052547419766e-01,1.951477937368308047e-02,0.000000000000000000e+00,0.000000000000000000e+00,0.000000000000000000e+00,1.000000000000000056e-01
9.999636813625212284e-01,-8.375334858447398140e-03,-1.577885269270419121e-03,1.986087809635576074e+00,8.376165832493565055e-03,9.999647837034768560e-01,5.207675156709530920e-04,-6.773115074566894017e-03,1.573468099667750791e-03,-5.339652307843984966e-04,9.999986195386829646e-01,2.649734001627792115e-02,0.000000000000000000e+00,0.000000000000000000e+00,0.000000000000000000e+00,1.000000000000000056e-01
9.999079074496822761e-01,-1.332903182861045269e-02,-2.552161850175129788e-03,2.702565054001317968e+00,1.332507804160707257e-02,9.999100003303386108e-01,-1.559979027842401311e-03,-9.023848723969040211e-03,2.572725166565767788e-03,1.525827609566889368e-03,9.999955264576553260e-01,2.484963938907097658e-02,0.000000000000000000e+00,0.000000000000000000e+00,0.000000000000000000e+00,1.000000000000000056e-01
9.997970544747909472e-01,-1.995113733649536009e-02,-2.793202912820180392e-03,3.449169378785663653e+00,1.995107328605862096e-02,9.998009562380677506e-01,-5.079546936237743930e-05,-4.966674477936871418e-03,2.793660370589892868e-03,-4.942235367338365898e-06,9.999960977110401439e-01,3.524856673592688394e-02,0.000000000000000000e+00,0.000000000000000000e+00,0.000000000000000000e+00,1.000000000000000056e-01
9.997039761106544242e-01,-2.419720738291232173e-02,-2.540728914396246131e-03,4.197349309799361272e+00,2.419881792015554298e-02,9.997069826229901812e-01,6.050670240827453862e-04,1.548852491787868629e-02,2.525343504411765166e-03,-6.663705461729109393e-04,9.999965892894234765e-01,5.164992084573304110e-02,0.000000000000000000e+00,0.000000000000000000e+00,0.000000000000000000e+00,1.000000000000000056e-01
9.995417893525777586e-01,-3.005966553038184885e-02,-3.553568072874673314e-03,4.965402354461536660e+00,3.006909484490469242e-02,9.995443611807541817e-01,2.630506978916058360e-03,3.828092026192858599e-02,3.472876769352287347e-03,-2.736154228031294124e-03,9.999902262457295299e-01,6.653625683695099657e-02,0.000000000000000000e+00,0.000000000000000000e+00,0.000000000000000000e+00,1.000000000000000056e-01
9.994200801361934339e-01,-3.387940023132033490e-02,-3.419014555483293645e-03,5.750957252746109027e+00,3.388496652010938165e-02,9.994244852661217093e-01,1.583443866601200655e-03,8.700672518103513831e-02,3.363400733730857219e-03,-1.698378789794054112e-03,9.999929014973010233e-01,6.355296153868357500e-02,0.000000000000000000e+00,0.000000000000000000e+00,0.000000000000000000e+00,1.000000000000000056e-01
9.993533093024917768e-01,-3.590957445003205989e-02,-1.861625358610330232e-03,6.539539744823223977e+00,3.591218724726919637e-02,9.993539832466886708e-01,1.389595658543352858e-03,1.235799339034629046e-01,1.810522928684374800e-03,-1.455552058420353989e-03,9.999973016838245021e-01,6.699847170186819245e-02,0.000000000000000000e+00,0.000000000000000000e+00,0.000000000000000000e+00,1.000000000000000056e-01
9.993125103617589433e-01,-3.699966444186904291e-02,2.351906815421494611e-03,7.326187417640830368e+00,3.699998965651529748e-02,9.993152614460216743e-01,-9.490251421404456147e-05,1.664296956449425047e-01,-2.346785012969001844e-03,1.818577975625624925e-04,9.999972297600850935e-01,8.163179074777784927e-02,0.000000000000000000e+00,0.000000000000000000e+00,0.000000000000000000e+00,1.000000000000000056e-01
9.990736018988657374e-01,-4.292418637907832041e-02,3.074445075290064850e-03,8.128389984513956890e+00,4.292180019974096289e-02,9.990780834600601068e-01,8.379841207902226103e-04,2.084155963616722840e-01,-3.107580480107525762e-03,-7.052470966452640492e-04,9.999949227721570688e-01,7.317076763455995780e-02,0.000000000000000000e+00,0.000000000000000000e+00,0.000000000000000000e+00,1.000000000000000056e-01
9.989546700190501394e-01,-4.557752454106166196e-02,3.500928996652234206e-03,8.962528305147683838e+00,4.556141592255261163e-02,9.989511732870411942e-01,4.550908434149070203e-03,2.615105762240076404e-01,-3.704676269641927339e-03,-4.386643950990498989e-03,9.999835162284348433e-01,7.871844193380853061e-02,0.000000000000000000e+00,0.000000000000000000e+00,0.000000000000000000e+00,1.000000000000000056e-01
9.989601658862153899e-01,-4.553187864208597252e-02,2.331308625492226408e-03,9.743210002625302124e+00,4.552772715510016582e-02,9.989614466755705191e-01,1.803916833452878354e-03,3.073138076678040287e-01,-2.411023159510142927e-03,-1.695901876175282159e-03,9.999956554326376867e-01,9.732516059797798047e-02,0.000000000000000000e+00,0.000000000000000000e+00,0.000000000000000000e+00,1.000000000000000056e-01
9.988963304334205207e-01,-4.685532995980868504e-02,3.270948028348974728e-03,1.052503497943003019e+01,4.685389557848331638e-02,9.989016210090703174e-01,5.138234834483513961e-04,3.587449784414987741e-01,-3.291430656612284646e-03,-3.599997347441668280e-04,9.999945184271880061e-01,9.738209547198865834e-02,0.000000000000000000e+00,0.000000000000000000e+00,0.000000000000000000e+00,1.000000000000000056e-01
9.987210757214349810e-01,-5.050180743559688767e-02,2.404237001157523770e-03,1.128528082761861562e+01,5.050683456003934868e-02,9.987215530716542222e-01,-2.078242735514390822e-03,4.059691370493379026e-01,-2.296208297315002582e-03,2.197015220883778361e-03,9.999949502630373077e-01,1.080449480221880587e-01,0.000000000000000000e+00,0.000000000000000000e+00,0.000000000000000000e+00,1.000000000000000056e-01
9.984740879024676108e-01,-5.520767190853832773e-02,1.268365000490219441e-03,1.211387861751223838e+01,5.520555777106736506e-02,9.984736546291703707e-01,1.645418686397470817e-03,4.688509938199906801e-01,-1.357268772434008699e-03,-1.572887124809028590e-03,9.999978419214573533e-01,1.192622094045572845e-01,0.000000000000000000e+00,0.000000000000000000e+00,0.000000000000000000e+00,1.000000000000000056e-01
9.983696051006544225e-01,-5.705348898341857516e-02,-1.740978455460794527e-03,1.295744209090086585e+01,5.705746938128410800e-02,9.983681782840344576e-01,2.329329865482190898e-03,5.344452011380317336e-01,1.605241093191109433e-03,-2.424867962866544997e-03,9.999957715992580098e-01,1.218351131873254556e-01,0.000000000000000000e+00,0.000000000000000000e+00,0.000000000000000000e+00,1.000000000000000056e-01
9.983439813199687096e-01,-5.746075501193344259e-02,-2.748926272651801804e-03,1.384465852255470786e+01,5.747212693694196683e-02,9.983380478544627845e-01,4.254037080744879976e-03,5.860849299639256937e-01,2.499917506226682906e-03,-4.404978955555759884e-03,9.999871732041681893e-01,1.322101805544095565e-01,0.000000000000000000e+00,0.000000000000000000e+00,0.000000000000000000e+00,1.000000000000000056e-01
9.977892046409997384e-01,-6.632318083823450505e-02,-4.235420330977947463e-03,1.477050945523842529e+01,6.635593103816543603e-02,9.977629191192448621e-01,8.126970327346071110e-03,6.801263852522115849e-01,3.686938830446015621e-03,-8.390048518463658067e-03,9.999580059022070699e-01,1.474642149936270241e-01,0.000000000000000000e+00,0.000000000000000000e+00,0.000000000000000000e+00,1.000000000000000056e-01
9.974656777178791955e-01,-7.107309098090552890e-02,-3.292037853961749232e-03,1.572568631915354409e+01,7.108889744287827384e-02,9.974576376711067338e-01,4.962833054927814729e-03,7.490550293655438008e-01,2.930944415700616288e-03,-5.184282977912625136e-03,9.999822662301751652e-01,1.383721620122613793e-01,0.000000000000000000e+00,0.000000000000000000e+00,0.000000000000000000e+00,1.000000000000000056e-01
9.970447772144768184e-01,-7.680368775849882867e-02,-1.704633693557391309e-03,1.665074192386244434e+01,7.680679132819906441e-02,9.970443037489213900e-01,1.836618549116642929e-03,8.457660418939222380e-01,1.558536236562059561e-03,-1.962118376524058568e-03,9.999968605232097962e-01,1.485819808477752968e-01,0.000000000000000000e+00,0.000000000000000000e+00,0.000000000000000000e+00,1.000000000000000056e-01
9.968946691111447711e-01,-7.874489484289828867e-02,5.101313183508374843e-04,1.754606998474762491e+01,7.874226460044586595e-02,9.968870974793174744e-01,3.971227122076353283e-03,9.441145200259453141e-01,-8.212571914092319306e-04,-3.918726252576954991e-03,9.999919845284676034e-01,1.770097056854892381e-01,0.000000000000000000e+00,0.000000000000000000e+00,0.000000000000000000e+00,1.000000000000000056e-01
9.967840957103627497e-01,-8.012446821394557384e-02,1.239408046948621859e-03,1.848064323285898070e+01,8.011591186154141953e-02,9.967683198143495460e-01,5.861508429764850092e-03,1.022447599226243176e+00,-1.705052922387830265e-03,-5.743362073812003504e-03,9.999820531322654027e-01,1.932609292705059489e-01,0.000000000000000000e+00,0.000000000000000000e+00,0.000000000000000000e+00,1.000000000000000056e-01
9.964795619924873282e-01,-8.382632545124965584e-02,1.276594141392725038e-03,1.941941802675806628e+01,8.382029183578884601e-02,9.964719847905232353e-01,4.212149593541038468e-03,1.107887958197135703e+00,-1.625179320523082935e-03,-4.090316488531211235e-03,9.999903140046906280e-01,2.111590439438581490e-01,0.000000000000000000e+00,0.000000000000000000e+00,0.000000000000000000e+00,1.000000000000000056e-01
9.963778737477123615e-01,-8.503011329473030011e-02,1.006250005223931080e-03,2.035591061567851767e+01,8.502404770048731242e-02,9.963662387541477594e-01,5.022905885837348171e-03,1.182715717710011161e+00,-1.429691789492827094e-03,-4.919156838122711907e-03,9.999868788526122820e-01,2.191076181352942243e-01,0.000000000000000000e+00,0.000000000000000000e+00,0.000000000000000000e+00,1.000000000000000056e-01
9.966168408678288682e-01,-8.208393221471245449e-02,4.135283641936767646e-03,2.128379749206751015e+01,8.205845160197171306e-02,9.966094877386471040e-01,5.994953711110559240e-03,1.275329738611592711e+00,-4.613352286097747307e-03,-5.635336856123578618e-03,9.999734796279361460e-01,2.326422369921389566e-01,0.000000000000000000e+00,0.000000000000000000e+00,0.000000000000000000e+00,1.000000000000000056e-01
9.967595997027461907e-01,-8.005128885049304921e-02,7.879819401241699300e-03,2.222843359483040970e+01,8.000481909004995840e-02,9.967761393729285269e-01,6.046230161732901037e-03,1.363220940884399823e+00,-8.338424478859046696e-03,-5.396214430060948530e-03,9.999506745570179156e-01,2.239787500995431835e-01,0.000000000000000000e+00,0.000000000000000000e+00,0.000000000000000000e+00,1.000000000000000056e-01
9.967957516283243447e-01,-7.911152957904613037e-02,1.181505071455622204e-02,2.318951552980895059e+01,7.904381594883197470e-02,9.968525225719618854e-01,6.092897682014227108e-03,1.450557144042231572e+00,-1.225988156431379907e-02,-5.139467830430348612e-03,9.999116366831866110e-01,2.336625505814869108e-01,0.000000000000000000e+00,0.000000000000000000e+00,0.000000000000000000e+00,1.000000000000000056e-01
9.968918008892682092e-01,-7.723418986670600728e-02,1.554404179694556833e-02,2.412016112505643761e+01,7.715913108806586596e-02,9.970043135894594011e-01,5.372818045079448546e-03,1.527250830047877983e+00,-1.591244197118251574e-02,-4.156753498160711477e-03,9.998647486489706804e-01,2.398318893897261328e-01,0.000000000000000000e+00,0.000000000000000000e+00,0.000000000000000000e+00,1.000000000000000056e-01
9.971159292395472828e-01,-7.495500994116451043e-02,1.189832515415456364e-02,2.507936520561518989e+01,7.491231747577960232e-02,9.971821230948209047e-01,3.994755375909601197e-03,1.591777454923279711e+00,-1.216422406740618432e-02,-3.091903107356698630e-03,9.999212327918698406e-01,2.425683342240942120e-01,0.000000000000000000e+00,0.000000000000000000e+00,0.000000000000000000e+00,1.000000000000000056e-01
9.971835959584702813e-01,-7.446345054628042415e-02,8.948211222129680287e-03,2.604290172558859595e+01,7.442856634740424582e-02,9.972176262436640570e-01,4.170661868574348716e-03,1.665269945502924509e+00,-9.233875827854919061e-03,-3.492913066994976674e-03,9.999512663602672102e-01,2.358852457748856213e-01,0.000000000000000000e+00,0.000000000000000000e+00,0.000000000000000000e+00,1.000000000000000056e-01
9.973399466395177493e-01,-7.246572081794561138e-02,7.858125948300971261e-03,2.698520377306629214e+01,7.243460572357490745e-02,9.973644262620559031e-01,4.174819832079838811e-03,1.741574711303120138e+00,-8.139946606338892623e-03,-3.594514333764732908e-03,9.999604095842746787e-01,2.494786272578981834e-01,0.000000000000000000e+00,0.000000000000000000e+00,0.000000000000000000e+00,1.000000000000000056e-01
9.973783357754055778e-01,-7.185251194918323980e-02,8.583230887891290725e-03,2.794056405135636822e+01,7.184761747640835972e-02,9.974152343082041128e-01,8.776291210039179275e-04,1.810531559148480962e+00,-8.624105104071392094e-03,-2.586435825900134733e-04,9.999627782645967855e-01,2.592778075820086348e-01,0.000000000000000000e+00,0.000000000000000000e+00,0.000000000000000000e+00,1.000000000000000056e-01
9.975018170861215117e-01,-6.921702377915865678e-02,1.411129083539472244e-02,2.894415315851322035e+01,6.928264138572166886e-02,9.975881669022819143e-01,-4.214837975826927000e-03,1.897395593300625016e+00,-1.378551821670827814e-02,5.181976042049223075e-03,9.998915474249177038e-01,2.643831665665369868e-01,0.000000000000000000e+00,0.000000000000000000e+00,0.000000000000000000e+00,1.000000000000000056e-01
9.974042148815327469e-01,-6.983042714640014248e-02,1.756540865179653105e-02,2.992379030111917970e+01,6.999115120259757905e-02,9.975096099239969538e-01,-8.707287902131948323e-03,1.931628535126141966e+00,-1.691363029891659875e-02,9.914108826656690618e-03,9.998078013079737536e-01,2.602653743432928879e-01,0.000000000000000000e+00,0.000000000000000000e+00,0.000000000000000000e+00,1.000000000000000056e-01
9.972295541669240482e-01,-7.159708208629637916e-02,2.017607823056799879e-02,3.083923382327641249e+01,7.189623764414297680e-02,9.973065241457566010e-01,-1.451302549182331009e-02,1.986566259145587932e+00,-1.908264417356205292e-02,1.592340205601589995e-02,9.996911012699410959e-01,2.685922468331983781e-01,0.000000000000000000e+00,0.000000000000000000e+00,0.000000000000000000e+00,1.000000000000000056e-01
9.974456416159168670e-01,-7.010764697732474460e-02,1.367881050072274410e-02,3.175429798791495273e+01,7.029434432284567547e-02,9.974324673187379142e-01,-1.368131187701047621e-02,2.052194302754327460e+00,-1.268452512446121769e-02,1.460790791857694004e-02,9.998128384095741339e-01,2.541425171654747572e-01,0.000000000000000000e+00,0.000000000000000000e+00,0.000000000000000000e+00,1.000000000000000056e-01
9.974861784246511487e-01,-6.988520925477420542e-02,1.172098030036458280e-02,3.274052360271926432e+01,7.005614702616136391e-02,9.974322290008905689e-01,-1.486892108270760314e-02,2.101403110045035660e+00,-1.065176584581042918e-02,1.565266998730081502e-02,9.998207508381863340e-01,2.584314371345239336e-01,0.000000000000000000e+00,0.000000000000000000e+00,0.000000000000000000e+00,1.000000000000000056e-01
9.973005534702217290e-01,-7.277712135095906754e-02,9.751751425109735083e-03,3.368969524101503055e+01,7.287172096910654595e-02,9.972939152810416097e-01,-9.724136280985578099e-03,2.182893793722835873e+00,-9.017667713440615657e-03,1.040851340385746428e-02,9.999051677622892154e-01,2.473586029434224898e-01,0.000000000000000000e+00,0.000000000000000000e+00,0.000000000000000000e+00,1.000000000000000056e-01
9.969804030832456476e-01,-7.682597089317000361e-02,1.130690339088401102e-02,3.464337768722478472e+01,7.695881762447648322e-02,9.969641576676868677e-01,-1.182407357056462945e-02,2.261824186554979743e+00,-1.036418148295169088e-02,1.265853555042409199e-02,9.998661636538698216e-01,2.598595910099007478e-01,0.000000000000000000e+00,0.000000000000000000e+00,0.000000000000000000e+00,1.000000000000000056e-01
9.969437106790191017e-01,-7.723140052652149867e-02,1.177066311896811900e-02,3.562120414556647319e+01,7.736811678555544081e-02,9.969346570227555215e-01,-1.163890596136379733e-02,2.338168634840192883e+00,-1.083569299144627497e-02,1.251400813619793669e-02,9.998629842922290845e-01,2.520969625473434284e-01,0.000000000000000000e+00,0.000000000000000000e+00,0.000000000000000000e+00,1.000000000000000056e-01
9.969755437112288732e-01,-7.673749082918110420e-02,1.229319905235744942e-02,3.659869298099356882e+01,7.687053454769157690e-02,9.969832154898978782e-01,-1.074192486363111099e-02,2.411965968196765786e+00,-1.143180475916604974e-02,1.165442116387968921e-02,9.998667352738980219e-01,2.541499346849394048e-01,0.000000000000000000e+00,0.000000000000000000e+00,0.000000000000000000e+00,1.000000000000000056e-01
9.969040325006052194e-01,-7.760319028470283320e-02,1.265285903139784160e-02,3.759642573094578211e+01,7.771678599524559083e-02,9.969371027659098550e-01,-8.747245468316825270e-03,2.495808832261643406e+00,-1.193529046992244588e-02,9.703503818208844903e-03,9.998816884287103912e-01,2.566810620660644471e-01,0.000000000000000000e+00,0.000000000000000000e+00,0.000000000000000000e+00,1.000000000000000056e-01
9.967887208080286054e-01,-7.858227236555155593e-02,1.539716011997644199e-02,3.858811336108784928e+01,7.874697538683451958e-02,9.968403969940786702e-01,-1.039888398401051309e-02,2.576717779384769536e+00,-1.453134327304942547e-02,1.157797005324787132e-02,9.998273804373067897e-01,2.733821381513918958e-01,0.000000000000000000e+00,0.000000000000000000e+00,0.000000000000000000e+00,1.000000000000000056e-01
9.966539855933327363e-01,-8.031318571741657975e-02,1.518634916115779200e-02,3.960841515741050500e+01,8.042831851563156387e-02,9.967349081302201430e-01,-7.128007813530120446e-03,2.632603545000849810e+00,-1.456429132065681538e-02,8.325569924118404741e-03,9.998592732498737812e-01,2.657727451669740226e-01,0.000000000000000000e+00,0.000000000000000000e+00,0.000000000000000000e+00,1.000000000000000056e-01
9.963243961889372002e-01,-8.395796056167471877e-02,1.699289313430424331e-02,4.062480056168843134e+01,8.416066301807569039e-02,9.963848367666243711e-01,-1.158619272691652040e-02,2.724853632895881006e+00,-1.595870793979000529e-02,1.297373962555210987e-02,9.997884784898357635e-01,2.769395480431030010e-01,0.000000000000000000e+00,0.000000000000000000e+00,0.000000000000000000e+00,1.000000000000000056e-01
9.964297987082171293e-01,-8.296508983918229885e-02,1.563490052025320182e-02,4.164706989930472503e+01,8.316700031283050243e-02,9.964542043152956330e-01,-1.273847562845114266e-02,2.818175128792050455e+00,-1.452261358252902521e-02,1.399330448276607346e-02,9.997966198804560944e-01,2.894693753661015667e-01,0.000000000000000000e+00,0.000000000000000000e+00,0.000000000000000000e+00,1.000000000000000056e-01
9.962907298384833243e-01,-8.471521292915983048e-02,1.510345444821759725e-02,4.270444828020833938e+01,8.491321967266061976e-02,9.963036877696569427e-01,-1.298872054531789375e-02,2.908116565576609247e+00,-1.394728513814626203e-02,1.422302481714039085e-02,9.998015697138739055e-01,2.983132124236143046e-01,0.000000000000000000e+00,0.000000000000000000e+00,0.000000000000000000e+00,1.000000000000000056e-01
9.964113602706660133e-01,-8.385388790529181569e-02,1.152938015366930871e-02,4.377774154899586989e+01,8.400811451033489419e-02,9.963720576083091585e-01,-1.361468008448009706e-02,2.988362070452705854e+00,-1.034590836898948915e-02,1.453438339080939321e-02,9.998408442744621816e-01,3.049271246399130608e-01,0.000000000000000000e+00,0.000000000000000000e+00,0.000000000000000000e+00,1.000000000000000056e-01
9.964436968375299797e-01,-8.333517772825665970e-02,1.245821759950321850e-02,4.481117063343339879e+01,8.351339737276317066e-02,9.964005242854577782e-01,-1.454330302661365620e-02,3.065072312889092654e+00,-1.120140580532858268e-02,1.553201070901101544e-02,9.998166257626043274e-01,3.125897304609900895e-01,0.000000000000000000e+00,0.000000000000000000e+00,0.000000000000000000e+00,1.000000000000000056e-01
9.964140671208471245e-01,-8.334440803382879570e-02,1.458480350167891230e-02,4.581820568956125328e+01,8.355159460719351061e-02,9.964019305115561220e-01,-1.422406100378308634e-02,3.162978929623974089e+00,-1.334683042100720356e-02,1.539163806535239799e-02,9.997924582609023503e-01,3.251123659340645622e-01,0.000000000000000000e+00,0.000000000000000000e+00,0.000000000000000000e+00,1.000000000000000056e-01
9.959983062789797836e-01,-8.850973812950940767e-02,1.238548124415139035e-02,4.676449536889452929e+01,8.865587623356280256e-02,9.959924949176482967e-01,-1.179345907601318279e-02,3.240618823072437760e+00,-1.129201039065906922e-02,1.284431095715419212e-02,9.998537463936278957e-01,3.385287450365242479e-01,0.000000000000000000e+00,0.000000000000000000e+00,0.000000000000000000e+00,1.000000000000000056e-01
9.962154316746412164e-01,-8.664634102284830830e-02,6.872065239836238661e-03,4.772094884500847911e+01,8.672622103065770471e-02,9.961558670610188848e-01,-1.233090043959746834e-02,3.343913899632135589e+00,-5.777220702880804352e-03,1.288022155329775209e-02,9.999003568424646993e-01,3.323615545299598573e-01,0.000000000000000000e+00,0.000000000000000000e+00,0.000000000000000000e+00,1.000000000000000056e-01
9.962786406497982084e-01,-8.604912967971416193e-02,4.941403277820089444e-03,4.866922424239408684e+01,8.610619429384512580e-02,9.962035756651541618e-01,-1.281246019280312363e-02,3.429461538276543653e+00,-3.820142565521194872e-03,1.319026585498976785e-02,9.999057072531658541e-01,3.398425952133913852e-01,0.000000000000000000e+00,0.000000000000000000e+00,0.000000000000000000e+00,1.000000000000000056e-01
9.963515836525549396e-01,-8.515228030850938157e-02,5.710596405523811654e-03,4.963554662140815310e+01,8.522563168073493678e-02,9.962612722661683406e-01,-1.414457801474757088e-02,3.534234227607191858e+00,-4.484802968408395547e-03,1.457966189102535663e-02,9.998836532324537618e-01,3.466184373347115932e-01,0.000000000000000000e+00,0.000000000000000000e+00,0.000000000000000000e+00,1.000000000000000056e-01
9.967573868697315875e-01,-7.994490023906261622e-02,9.139181932243863396e-03,5.064448390323875770e+01,8.008758380198083282e-02,9.966514503105901035e-01,-1.648834480952963977e-02,3.613445281218603089e+00,-7.790419846518075939e-03,1.716681448503399460e-02,9.998222891289488823e-01,3.622984448913240119e-01,0.000000000000000000e+00,0.000000000000000000e+00,0.000000000000000000e+00,1.000000000000000056e-01
9.968109689242036220e-01,-7.932297991705056228e-02,8.703854862616077978e-03,5.158882581472966677e+01,7.945295210718666956e-02,9.967138679638427590e-01,-1.577002885249749117e-02,3.698357433044379139e+00,-7.424327164356005031e-03,1.641128470396801056e-02,9.998377613895775839e-01,3.662362945857205454e-01,0.000000000000000000e+00,0.000000000000000000e+00,0.000000000000000000e+00,1.000000000000000056e-01
9.968821432694262574e-01,-7.773977279736150880e-02,1.351000207141924217e-02,5.253751992194697351e+01,7.797727047937234868e-02,9.967918284530983275e-01,-1.804427936260527901e-02,3.780544090058825191e+00,-1.206390148923407873e-02,1.904149297044616454e-02,9.997459096321997807e-01,3.927730323446789185e-01,0.000000000000000000e+00,0.000000000000000000e+00,0.000000000000000000e+00,1.000000000000000056e-01
9.970591567783896325e-01,-7.532923512109428177e-02,1.409057204081900529e-02,5.353560623386483286e+01,7.557075180223656041e-02,9.969873236568600472e-01,-1.747392169995247435e-02,3.876552869729885220e+00,-1.273182455154701041e-02,1.848736875821448827e-02,9.997480271748409031e-01,4.201711259062342885e-01,0.000000000000000000e+00,0.000000000000000000e+00,0.000000000000000000e+00,1.000000000000000056e-01
9.970659645772403934e-01,-7.495636020137132205e-02,1.552437911864346792e-02,5.450319367003572069e+01,7.525963300724612670e-02,9.969639772702376668e-01,-1.997036967919496586e-02,3.939473799139184162e+00,-1.398034052774553559e-02,2.108013498228506616e-02,9.996800378060256564e-01,4.149006872685017111e-01,0.000000000000000000e+00,0.000000000000000000e+00,0.000000000000000000e+00,1.000000000000000056e-01
9.969688615557281697e-01,-7.550994325011903263e-02,1.874400060390590816e-02,5.543917485965431524e+01,7.585018070206547836e-02,9.969538960141350881e-01,-1.815707326914764788e-02,4.014705127034654986e+00,-1.731586485681370358e-02,1.952377249921196170e-02,9.996594335730841774e-01,4.240293957297897043e-01,0.000000000000000000e+00,0.000000000000000000e+00,0.000000000000000000e+00,1.000000000000000056e-01
9.969648523650209704e-01,-7.424377307960579320e-02,2.342958189332299684e-02,5.638335468253999494e+01,7.462570309760514775e-02,9.970853268834151129e-01,-1.586995119656585407e-02,4.099360741861358903e+00,-2.218304726542345146e-02,1.757023257379651537e-02,9.995995194783372506e-01,4.350572595144788779e-01,0.000000000000000000e+00,0.000000000000000000e+00,0.000000000000000000e+00,1.000000000000000056e-01
9.968885776956405431e-01,-7.460975884983829520e-02,2.542729919460284815e-02,5.734084256129138168e+01,7.498493457181472366e-02,9.970844937864509205e-01,-1.413406657255709617e-02,4.165521360881675683e+00,-2.429862644726116933e-02,1.599675388901719217e-02,9.995767507389268225e-01,4.196380353040264355e-01,0.000000000000000000e+00,0.000000000000000000e+00,0.000000000000000000e+00,1.000000000000000056e-01
9.969100306687835866e-01,-7.532955914883890380e-02,2.226765076083495748e-02,5.822622806033199083e+01,7.558400925247288349e-02,9.970807977314897208e-01,-1.081389571144858106e-02,4.233037778227713765e+00,-2.138804098759459343e-02,1.246355942648701490e-02,9.996935587414452762e-01,4.211422006153536235e-01,0.000000000000000000e+00,0.000000000000000000e+00,0.000000000000000000e+00,1.000000000000000056e-01
9.970622795240113856e-01,-7.486400234014470301e-02,1.619234090540979179e-02,5.912725368910032842e+01,7.497832585761077251e-02,9.971635096927791153e-01,-6.571574299108732739e-03,4.311925054830957116e+00,-1.565443713367347181e-02,7.766343463534094993e-03,9.998472995949102549e-01,4.249581380396242891e-01,0.000000000000000000e+00,0.000000000000000000e+00,0.000000000000000000e+00,1.000000000000000056e-01
9.971464479310260254e-01,-7.489312970527793600e-02,9.485805262914584132e-03,6.011342080533373178e+01,7.495975864484834272e-02,9.971628638223720698e-01,-6.874416154965364706e-03,4.375185190009830194e+00,-8.944046200887357731e-03,7.565853323583485515e-03,9.999313785960726175e-01,4.286378248003945846e-01,0.000000000000000000e+00,0.000000000000000000e+00,0.000000000000000000e+00,1.000000000000000056e-01
9.972949543970305308e-01,-7.288721563507302714e-02,9.498827885126593165e-03,6.103627216942784628e+01,7.292560271335196687e-02,9.973302991611644464e-01,-3.759101487935628469e-03,4.456376269273322421e+00,-9.199478415608428397e-03,4.441640695577822942e-03,9.999478193509959700e-01,4.357809525246844062e-01,0.000000000000000000e+00,0.000000000000000000e+00,0.000000000000000000e+00,1.000000000000000056e-01
9.970867656501876120e-01,-7.547547598389488244e-02,1.101972278473249342e-02,6.197977257236575355e+01,7.550789844734491496e-02,9.971419282034743592e-01,-2.555834643047740808e-03,4.536155573117832240e+00,-1.079532478961576364e-02,3.380465006720647508e-03,9.999360146624508561e-01,4.370503434218703243e-01,0.000000000000000000e+00,0.000000000000000000e+00,0.000000000000000000e+00,1.000000000000000056e-01
9.971932258793401171e-01,-7.386870657950202201e-02,1.221001427627742275e-02,6.285391429030389077e+01,7.391637609907496242e-02,9.972583030833812590e-01,-3.499467907400282112e-03,4.605026293051592390e+00,-1.191803694974814809e-02,4.392165698862107032e-03,9.999193313841563402e-01,4.476270362936449199e-01,0.000000000000000000e+00,0.000000000000000000e+00,0.000000000000000000e+00,1.000000000000000056e-01
9.973709080944314076e-01,-7.107744504665013119e-02,1.411624923730535851e-02,6.365879428154998720e+01,7.112177265514781077e-02,9.974640861474651787e-01,-2.662761797771368965e-03,4.680142594719277405e+00,-1.389118933996522608e-02,3.659733821281426196e-03,9.998968152799960762e-01,4.489269812381049829e-01,0.000000000000000000e+00,0.000000000000000000e+00,0.000000000000000000e+00,1.000000000000000056e-01
9.972718126446745712e-01,-7.249071014471275554e-02,1.392941661091495233e-02,6.446306481058191196e+01,7.250782157939089645e-02,9.973675790346973047e-01,-7.267050832358170178e-04,4.752479642097013901e+00,-1.384006915504440612e-02,1.734714149945907301e-03,9.999027168942994370e-01,4.601387112245640676e-01,0.000000000000000000e+00,0.000000000000000000e+00,0.000000000000000000e+00,1.000000000000000056e-01
9.971772824420527259e-01,-7.334154940302059500e-02,1.607745354982652655e-02,6.524461438015730153e+01,7.334676393143049755e-02,9.973064631967949456e-01,2.658696803941104224e-04,4.816519942494175588e+00,-1.605364763128764097e-02,9.141099847585294671e-04,9.998707140429037299e-01,4.607290208300535150e-01,0.000000000000000000e+00,0.000000000000000000e+00,0.000000000000000000e+00,1.000000000000000056e-01
9.965993962696056974e-01,-8.121051979031604362e-02,1.394614034219260681e-02,6.605788501296366633e+01,8.122132120843128522e-02,9.966960686820890425e-01,-2.089373714761135099e-04,4.882774171597710655e+00,-1.388309533981085808e-02,1.340950802622340159e-03,9.999027260262522976e-01,4.655660632980854197e-01,0.000000000000000000e+00,0.000000000000000000e+00,0.000000000000000000e+00,1.000000000000000056e-01
9.965088684974400257e-01,-8.241719827838935031e-02,1.332217827130893241e-02,6.680495989482550101e+01,8.239826328667436417e-02,9.965975442545049745e-01,1.964941024531632364e-03,4.946441030237952674e+00,-1.343879508333137469e-02,-8.603568042688916661e-04,9.999093251754769263e-01,4.696324007901020448e-01,0.000000000000000000e+00,0.000000000000000000e+00,0.000000000000000000e+00,1.000000000000000056e-01
9.963627028025201504e-01,-8.360261242878024024e-02,1.649144199698877877e-02,6.758806756669832794e+01,8.354863333679606041e-02,9.964959251863548806e-01,3.936617144735476102e-03,5.032443030199886813e+00,-1.676276622787824938e-02,-2.544461057625924463e-03,9.998562573621848637e-01,4.795627070476240483e-01,0.000000000000000000e+00,0.000000000000000000e+00,0.000000000000000000e+00,1.000000000000000056e-01
9.966739885203994564e-01,-7.919861725109013373e-02,1.919738608128694624e-02,6.832530553547222496e+01,7.907855548332438922e-02,9.968442595841189302e-01,6.935718914469051269e-03,5.113464483396081839e+00,-1.968610346181913495e-02,-5.394549073376395457e-03,9.997916563818611824e-01,4.767345578813421691e-01,0.000000000000000000e+00,0.000000000000000000e+00,0.000000000000000000e+00,1.000000000000000056e-01
9.962059389237982732e-01,-8.437305262433254793e-02,2.132874219932051965e-02,6.904813334996295282e+01,8.418014339444136740e-02,9.964024807429946451e-01,9.787738620208357582e-03,5.203239941365755072e+00,-2.207783302420681174e-02,-7.955146765323516111e-03,9.997246045431198436e-01,4.846332972629953662e-01,0.000000000000000000e+00,0.000000000000000000e+00,0.000000000000000000e+00,1.000000000000000056e-01
9.963393363058482555e-01,-8.412825923833153197e-02,1.517771152545235175e-02,6.972810394249290766e+01,8.391664738016760272e-02,9.963733051838734589e-01,1.407952447479778740e-02,5.278097127962131374e+00,-1.630715248271055046e-02,-1.275432140460268371e-02,9.997856790649752856e-01,4.809519752372083956e-01,0.000000000000000000e+00,0.000000000000000000e+00,0.000000000000000000e+00,1.000000000000000056e-01
9.963103211109683999e-01,-8.529353343793394382e-02,9.526657411237442544e-03,7.041621746705475005e+01,8.516122625617020270e-02,9.962753949802001241e-01,1.352415984790322073e-02,5.353152328807527560e+00,-1.064469775542872983e-02,-1.266295821355711143e-02,9.998631605869761074e-01,4.881033665924442988e-01,0.000000000000000000e+00,0.000000000000000000e+00,0.000000000000000000e+00,1.000000000000000056e-01
9.966496778401153778e-01,-8.149568610553788173e-02,6.919017804712450717e-03,7.115577669730382127e+01,8.141048696548115748e-02,9.966106509951105918e-01,1.181282926081135554e-02,5.428328324208004929e+00,-7.858261464058631865e-03,-1.120997186836344972e-02,9.999062877377424829e-01,4.979106063491006151e-01,0.000000000000000000e+00,0.000000000000000000e+00,0.000000000000000000e+00,1.000000000000000056e-01
9.968369779004502274e-01,-7.929800176990643712e-02,5.278864044202199492e-03,7.186573731711253288e+01,7.924044354846306037e-02,9.968018848833370971e-01,1.034187600337224330e-02,5.493875517671978237e+00,-6.082071730923194024e-03,-9.890864892728157970e-03,9.999325873253325225e-01,5.006873423219211361e-01,0.000000000000000000e+00,0.000000000000000000e+00,0.000000000000000000e+00,1.000000000000000056e-01
9.968888297786928643e-01,-7.833756596279035922e-02,8.711304236088545858e-03,7.254149619858554843e+01,7.822665346040254264e-02,9.968582625722425261e-01,1.241752913570418060e-02,5.565459906366000631e+00,-9.656694613288540133e-03,-1.169743991117033061e-02,9.998849524563664382e-01,5.097256450158954566e-01,0.000000000000000000e+00,0.000000000000000000e+00,0.000000000000000000e+00,1.000000000000000056e-01
9.968547046746336626e-01,-7.834904682487225935e-02,1.192160348623189266e-02,7.312971808885838243e+01,7.818234101191062768e-02,9.968427165374442733e-01,1.386073735938649076e-02,5.602612328246635798e+00,-1.296993916509549434e-02,-1.288508237779451698e-02,9.998328636978138784e-01,5.323849834786534840e-01,0.000000000000000000e+00,0.000000000000000000e+00,0.000000000000000000e+00,1.000000000000000056e-01
9.968340245952276302e-01,-7.899377012869739090e-02,9.050507728058421880e-03,7.371460582272901263e+01,7.890295893012162776e-02,9.968322762418581062e-01,9.986797011421768427e-03,5.631411506793522648e+00,-9.810732967147219041e-03,-9.241067218147411971e-03,9.999091719727932759e-01,5.402548780106501969e-01,0.000000000000000000e+00,0.000000000000000000e+00,0.000000000000000000e+00,1.000000000000000056e-01
9.967995609882648322e-01,-7.963030421230081479e-02,7.046266008248049627e-03,7.434095244803744151e+01,7.958475454783174585e-02,9.968067478363729084e-01,6.524899342897368289e-03,5.668362788362598437e+00,-7.543345223701278766e-03,-5.943241449747563125e-03,9.999538868487416465e-01,5.524621744281120739e-01,0.000000000000000000e+00,0.000000000000000000e+00,0.000000000000000000e+00,1.000000000000000056e-01
9.969417206189674641e-01,-7.812693684940336114e-02,1.840496623732143901e-03,7.496152795097262356e+01,7.811674187397915636e-02,9.969312800573429945e-01,5.079122190079954531e-03,5.685582759676878872e+00,-2.231664913633284002e-03,-4.919815215736274457e-03,9.999854074385067237e-01,5.659391876787346343e-01,0.000000000000000000e+00,0.000000000000000000e+00,0.000000000000000000e+00,1.000000000000000056e-01
9.974236236705105174e-01,-7.169024999898514217e-02,2.573518811036503914e-03,7.557297054796032398e+01,7.168079289634597673e-02,9.974211406064869001e-01,3.596136955930345942e-03,5.741535185786372786e+00,-2.824690025277515684e-03,-3.402400084890726262e-03,9.999902223521605071e-01,5.872555473849284668e-01,0.000000000000000000e+00,0.000000000000000000e+00,0.000000000000000000e+00,1.000000000000000056e-01
9.977161759403556651e-01,-6.735916387899332225e-02,5.017500221851564288e-03,7.614424163943971280e+01,6.732685342056524136e-02,9.977107528584381324e-01,6.352042123155129776e-03,5.799960778581628063e+00,-5.433882170150779872e-03,-5.999722674552139708e-03,9.999672375895068965e-01,5.817777267213891657e-01,0.000000000000000000e+00,0.000000000000000000e+00,0.000000000000000000e+00,1.000000000000000056e-01
9.979092218851312035e-01,-6.412758357273513898e-02,8.052198565222171145e-03,7.669320617838054943e+01,6.409334031880985216e-02,9.979340251625238301e-01,4.441300451498669637e-03,5.818391848469787853e+00,-8.320372791475166147e-03,-3.915922374757701933e-03,9.999577175803813223e-01,5.917933281704816917e-01,0.000000000000000000e+00,0.000000000000000000e+00,0.000000000000000000e+00,1.000000000000000056e-01
9.983146689017307063e-01,-5.689987368459789585e-02,1.141167079373186545e-02,7.726153818200161538e+01,5.690697268250072272e-02,9.983794406996675530e-01,-2.980743732843477742e-04,5.810680790194571621e+00,-1.137621711030625642e-02,9.469756573940450901e-04,9.999348403377908978e-01,6.083850252851579210e-01,0.000000000000000000e+00,0.000000000000000000e+00,0.000000000000000000e+00,1.000000000000000056e-01
9.987986840903788632e-01,-4.681692476293256716e-02,1.446942345324996396e-02,7.781191416683533646e+01,4.690760566367885992e-02,9.988812582424008157e-01,-5.992367059758127446e-03,5.826335539655389972e+00,-1.417269170723585783e-02,6.663894343398786904e-03,9.998773561402176657e-01,6.120587742724750147e-01,0.000000000000000000e+00,0.000000000000000000e+00,0.000000000000000000e+00,1.000000000000000056e-01
9.993012293898405618e-01,-3.450997973833779681e-02,1.435667922650224991e-02,7.831549364206779273e+01,3.451763965511973203e-02,9.994040477929662103e-01,-2.860204079115341428e-04,5.862429439799549336e+00,-1.433825277334976368e-02,7.813792254411275860e-04,9.998968966618075882e-01,6.142724129204246708e-01,0.000000000000000000e+00,0.000000000000000000e+00,0.000000000000000000e+00,1.000000000000000056e-01
9.997560763154049734e-01,-1.562110119168667530e-02,1.561310564831011431e-02,7.882767297402864415e+01,1.558842191526547960e-02,9.998760450987667081e-01,2.212586685478287307e-03,5.876840127804990210e+00,-1.564573336785076915e-02,-1.968663304928006726e-03,9.998756599658649158e-01,6.155919476273761237e-01,0.000000000000000000e+00,0.000000000000000000e+00,0.000000000000000000e+00,1.000000000000000056e-01
9.999022860035301496e-01,8.320241643365626971e-04,1.395443229603324578e-02,7.932743375772601269e+01,-9.093054101007009117e-04,9.999842811589767511e-01,5.532684577646278419e-03,5.882865263630674413e+00,-1.394960962126816015e-02,-5.544832797706656345e-03,9.998873252625316566e-01,6.249843885466157545e-01,0.000000000000000000e+00,0.000000000000000000e+00,0.000000000000000000e+00,1.000000000000000056e-01
9.996455508381023591e-01,2.309752157018833685e-02,1.323922909015145741e-02,7.984967383375304451e+01,-2.315964818084181170e-02,9.997213858984119739e-01,4.558648209510604392e-03,5.870959687576323915e+00,-1.313024697888271614e-02,-4.863648288386830838e-03,9.999019659644641234e-01,6.356506728780637605e-01,0.000000000000000000e+00,0.000000000000000000e+00,0.000000000000000000e+00,1.000000000000000056e-01
9.987129147153346320e-01,4.855812241079954933e-02,1.465000780677334219e-02,8.035935592876218436e+01,-4.863374215786280680e-02,9.988049031593121407e-01,4.850211195360968827e-03,5.832970873535641587e+00,-1.439698247978484641e-02,-5.556453262189191625e-03,9.998809192712009297e-01,6.532936294489285478e-01,0.000000000000000000e+00,0.000000000000000000e+00,0.000000000000000000e+00,1.000000000000000056e-01
9.973305600624757794e-01,7.142588260532145572e-02,1.516895710057918414e-02,8.081635355606249504e+01,-7.152492049769962335e-02,9.974202251552913845e-01,6.089351276242894670e-03,5.836602400494131260e+00,-1.469488731723115824e-02,-7.158054569404419948e-03,9.998664023465911876e-01,6.475905781314964527e-01,0.000000000000000000e+00,0.000000000000000000e+00,0.000000000000000000e+00,1.000000000000000056e-01
9.944235335009190546e-01,1.043287601517544905e-01,1.540603208954789173e-02,8.130807369281383501e+01,-1.043530278834532976e-01,9.945400147185059492e-01,7.776215461935626419e-04,5.760149551331400275e+00,-1.524078708931107286e-02,-2.380951261906218142e-03,9.998810176615949841e-01,6.446793669078001443e-01,0.000000000000000000e+00,0.000000000000000000e+00,0.000000000000000000e+00,1.000000000000000056e-01
