1.000000000000000000e+00,-1.665047282708220175e-09,-9.053193167114477315e-10,5.526935507588959305e-15,1.665047282469133545e-09,1.000000000000000000e+00,-2.640907988622032567e-10,3.210978811522768362e-15,9.053193171511713617e-10,2.640907973548037989e-10,1.000000000000000000e+00,1.552187545559651583e-15,0.000000000000000000e+00,0.000000000000000000e+00,0.000000000000000000e+00,1.000000000000000056e-01
9.999536799126926834e-01,-9.595990188816749117e-03,-7.449841341733955602e-04,6.549139891839917960e-01,9.593398371161240140e-03,9.999481749346555981e-01,-3.407954304786769105e-03,1.697576667616849250e-02,7.776482213946311764e-04,3.400649518466512290e-03,9.999939154045369705e-01,1.025708421849630750e-02,0.000000000000000000e+00,0.000000000000000000e+00,0.000000000000000000e+00,1.000000000000000056e-01
9.998268805168767370e-01,-1.823794845701608505e-02,-3.685950619639825031e-03,1.336787654031071915e+00,1.822395726218119585e-02,9.998267298878136256e-01,-3.794414783220719043e-03,1.426160597157725973e-02,3.754514295803365771e-03,3.726585289531866071e-03,9.999860079943531099e-01,1.674667467183413999e-02,0.000000000000000000e+00,0.000000000000000000e+00,0.000000000000000000e+00,1.000000000000000056e-01
9.996928011150536530e-01,-2.392541258072311897e-02,-6.471323788842542682e-03,2.076992341741195958e+00,2.390503351420857417e-02,9.997090855434477286e-01,-3.208372573136185346e-03,2.523554892600781210e-02,6.546202824724296765e-03,3.052689752605649599e-03,9.999739138166814367e-01,1.675043739353043737e-02,0.000000000000000000e+00,0.000000000000000000e+00,0.000000000000000000e+00,1.000000000000000056e-01
9.994294228723955564e-01,-3.289668161973077765e-02,-7.657482312123623132e-03,2.816821927602737752e+00,3.288195814196745448e-02,9.994571586167714239e-01,-2.040813181004321603e-03,5.905801976035676693e-02,7.720461495294110056e-03,1.787855726821421928e-03,9.999685985300736935e-01,3.260895752260029729e-02,0.000000000000000000e+00,0.000000000000000000e+00,0.000000000000000000e+00,1.000000000000000056e-01
9.992354194314353455e-01,-3.823221128318386036e-02,-8.177687575442182943e-03,3.519937581013123484e+00,3.819841391314895279e-02,9.992611365954121583e-01,-4.249948772027341282e-03,8.892507945467405250e-02,8.334130320753391219e-03,3.934324648919698686e-03,9.999575307788594047e-01,4.294370283194045429e-02,0.000000000000000000e+00,0.000000000000000000e+00,0.000000000000000000e+00,1.000000000000000056e-01
9.990089896847862416e-01,-4.297739602083553573e-02,-1.157505767808379715e-02,4.243844866441571995e+00,4.293194292236238857e-02,9.990693915283377358e-01,-4.147190387248448837e-03,1.305433802389222853e-01,1.174252127499517129e-02,3.646140763236984002e-03,9.999244065686370142e-01,6.457081316911551794e-02,0.000000000000000000e+00,0.000000000000000000e+00,0.000000000000000000e+00,1.000000000000000056e-01
9.984973380250246056e-01,-5.297652035731367087e-02,-1.401978058925645344e-02,5.020273013969294595e+00,5.293298999069804417e-02,9.985920784012821683e-01,-3.458254596193574559e-03,1.613767770021510006e-01,1.418324813237157624e-02,2.710949102909195746e-03,9.998957376783726980e-01,8.055159862231145440e-02,0.000000000000000000e+00,0.000000000000000000e+00,0.000000000000000000e+00,1.000000000000000056e-01
9.980628740047614578e-01,-6.040747576236393801e-02,-1.488073940955591742e-02,5.791422687395312963e+00,6.035554833777434514e-02,9.981692656458922563e-01,-3.914703665267495018e-03,2.335348094776596162e-01,1.508997409548080287e-02,3.008985204298574197e-03,9.998816123370996012e-01,9.124339072818576923e-02,0.000000000000000000e+00,0.000000000000000000e+00,0.000000000000000000e+00,1.000000000000000056e-01
9.977936916912377718e-01,-6.517440667763847728e-02,-1.265091045691526563e-02,6.583707529467461406e+00,6.513407106652387146e-02,9.978701177023661106e-01,-3.575050064952183578e-03,2.988487230600136435e-01,1.285696727351024089e-02,2.743157101532690215e-03,9.999135830068737185e-01,1.193542207828026530e-01,0.000000000000000000e+00,0.000000000000000000e+00,0.000000000000000000e+00,1.000000000000000056e-01
9.974643077717407769e-01,-6.988393049892903386e-02,-1.346071987164064628e-02,7.379226308595559836e+00,6.981951909294382974e-02,9.975460988369175830e-01,-5.197638778983112474e-03,3.557352054566511601e-01,1.379092002268069404e-02,4.244638178643163860e-03,9.998958913665264570e-01,1.371632698285830121e-01,0.000000000000000000e+00,0.000000000000000000e+00,0.000000000000000000e+00,1.000000000000000056e-01
9.971967699009812724e-01,-7.352832861803945685e-02,-1.386315222765310655e-02,8.192520495841547401e+00,7.347100152979404997e-02,9.972867413193170494e-01,-4.600817634573343626e-03,4.280492888996823009e-01,1.416382834047637783e-02,3.569380805574342078e-03,9.998933170530776016e-01,1.600889810400176749e-01,0.000000000000000000e+00,0.000000000000000000e+00,0.000000000000000000e+00,1.000000000000000056e-01
9.965826971282261137e-01,-8.110143531409172435e-02,-1.566796012965481280e-02,9.034893527902021049e+00,8.103239860230307401e-02,9.966989617700566795e-01,-4.992993415643399296e-03,4.908960985516124809e-01,1.602117852680408003e-02,3.706318454394192524e-03,9.998647833792961848e-01,1.841424414852104174e-01,0.000000000000000000e+00,0.000000000000000000e+00,0.000000000000000000e+00,1.000000000000000056e-01
9.965266299591050148e-01,-8.135955022442338536e-02,-1.775667113027064314e-02,9.784274283682112383e+00,8.124080172313059844e-02,9.966676911611292988e-01,-7.310645041768207980e-03,5.674777423813910371e-01,1.829229121056299284e-02,5.842686267743358447e-03,9.998156105499876878e-01,2.159972011523756952e-01,0.000000000000000000e+00,0.000000000000000000e+00,0.000000000000000000e+00,1.000000000000000056e-01
9.964372266401373412e-01,-8.275282301901443205e-02,-1.627340308894202267e-02,1.054146598057953454e+01,8.269558499087806269e-02,9.965661698857579687e-01,-4.160440150645947598e-03,6.437092899736980289e-01,1.656181115482162000e-02,2.799878857079500689e-03,9.998589235935526620e-01,2.346216496070860913e-01,0.000000000000000000e+00,0.000000000000000000e+00,0.000000000000000000e+00,1.000000000000000056e-01
9.959775811236253329e-01,-8.793989636458905690e-02,-1.718233181258056741e-02,1.133005799892391785e+01,8.778745343044798422e-02,9.960945454586467296e-01,-9.435016042853672930e-03,7.537084080335511027e-01,1.794494132977886985e-02,7.888671302400580149e-03,9.998078555131247880e-01,2.490625046369790152e-01,0.000000000000000000e+00,0.000000000000000000e+00,0.000000000000000000e+00,1.000000000000000056e-01
9.955974746870445147e-01,-9.189897751100124801e-02,-1.844576724379475008e-02,1.216675297002578837e+01,9.174847814728971651e-02,9.957429064415764808e-01,-8.847656691928398875e-03,8.474267718017689521e-01,1.918033249023760184e-02,7.116333586504548780e-03,9.997907144206978902e-01,2.779783281955545693e-01,0.000000000000000000e+00,0.000000000000000000e+00,0.000000000000000000e+00,1.000000000000000056e-01
9.951873582483287128e-01,-9.527447709383712882e-02,-2.291060883539812465e-02,1.304128667362127558e+01,9.516303176673282516e-02,9.954441634572683828e-01,-5.908876697226892946e-03,9.480730028496489048e-01,2.336919698398983586e-02,3.700196394130160146e-03,9.997200554049960886e-01,3.171542714960872700e-01,0.000000000000000000e+00,0.000000000000000000e+00,0.000000000000000000e+00,1.000000000000000056e-01
9.952251116887151916e-01,-9.406659519966964478e-02,-2.604712521039360615e-02,1.394103917142786209e+01,9.408140868708483873e-02,9.955642894287166644e-01,-6.589034437980672686e-04,1.050706164907493800e+00,2.599356850526974086e-02,-1.794792978596700768e-03,9.996604989267735553e-01,3.481198741668432017e-01,0.000000000000000000e+00,0.000000000000000000e+00,0.000000000000000000e+00,1.000000000000000056e-01
9.931351622990138850e-01,-1.137167109171346030e-01,-2.740545681976824452e-02,1.483034639846378155e+01,1.136199820132381272e-01,9.935113647460124264e-01,-5.066340674231039828e-03,1.254430753191352110e+00,2.780376040435511217e-02,1.917753556837896878e-03,9.996115611219552610e-01,3.663201506502269389e-01,0.000000000000000000e+00,0.000000000000000000e+00,0.000000000000000000e+00,1.000000000000000056e-01
9.926299320014746463e-01,-1.185075307553226376e-01,-2.533344131822813997e-02,1.576722184131869575e+01,1.183966391288236442e-01,9.929492164916579044e-01,-5.838605278821477375e-03,1.388539028481055260e+00,2.584673940262014954e-02,2.796180051254526337e-03,9.996620065999177740e-01,4.027834442129732961e-01,0.000000000000000000e+00,0.000000000000000000e+00,0.000000000000000000e+00,1.000000000000000056e-01
9.922230140070400495e-01,-1.219268825726360084e-01,-2.504647242435191490e-02,1.667197287094984759e+01,1.218017279025515043e-01,9.925333711659094504e-01,-6.468864041541377494e-03,1.506943270280930003e+00,2.564818813752735988e-02,3.367852157350276644e-03,9.996653580159253760e-01,4.342392696580624212e-01,0.000000000000000000e+00,0.000000000000000000e+00,0.000000000000000000e+00,1.000000000000000056e-01
9.916988991794903896e-01,-1.260006522044352650e-01,-2.563452769691503680e-02,1.752268759511336427e+01,1.258534340725933343e-01,9.920221053071961448e-01,-7.283935338382739426e-03,1.647356235190153395e+00,2.634779873770044106e-02,3.997277315282988554e-03,9.996448445701815455e-01,4.762480727897404065e-01,0.000000000000000000e+00,0.000000000000000000e+00,0.000000000000000000e+00,1.000000000000000056e-01
9.915407637001878438e-01,-1.268859888989269380e-01,-2.732873473085813132e-02,1.841167222599760223e+01,1.266990705719153176e-01,9.919050128314260695e-01,-8.472959111273329486e-03,1.754868194936127779e+00,2.818260876961256600e-02,4.938759057686273324e-03,9.995905908030092712e-01,4.925406295896869735e-01,0.000000000000000000e+00,0.000000000000000000e+00,0.000000000000000000e+00,1.000000000000000056e-01
9.912205580516749714e-01,-1.295031157210577710e-01,-2.665986335794428078e-02,1.931865666706663021e+01,1.292757157916976096e-01,9.915573437140056123e-01,-1.009075980140517088e-02,1.871976962999726268e+00,2.774156812925635332e-02,6.555695643007146065e-03,9.995936315585279841e-01,5.362190945437728118e-01,0.000000000000000000e+00,0.000000000000000000e+00,0.000000000000000000e+00,1.000000000000000056e-01
9.893682654100510732e-01,-1.432392466415799148e-01,-2.515856953523653780e-02,2.022614515407957825e+01,1.430157626195328324e-01,9.896649478128463073e-01,-1.047772460745649559e-02,2.031730976358614438e+00,2.639937578542574451e-02,6.768256211825043889e-03,9.996285628502173948e-01,5.623706640333078211e-01,0.000000000000000000e+00,0.000000000000000000e+00,0.000000000000000000e+00,1.000000000000000056e-01
9.894070552780248606e-01,-1.432054220426906277e-01,-2.378835983505924595e-02,2.112918772884322038e+01,1.429821997940667611e-01,9.896658700453996316e-01,-1.084233412747189970e-02,2.163966312716430807e+00,2.509520886776942655e-02,7.326169862692810848e-03,9.996582204568849050e-01,5.906789310280289307e-01,0.000000000000000000e+00,0.000000000000000000e+00,0.000000000000000000e+00,1.000000000000000056e-01
9.893358334655555364e-01,-1.442471370901452499e-01,-2.018346011741800616e-02,2.206865058708886096e+01,1.440625167215930924e-01,9.895146926986944091e-01,-1.032783661998475967e-02,2.323785637374482516e+00,2.146159120045079693e-02,7.310018789663569501e-03,9.997429488265668907e-01,6.200842673033853947e-01,0.000000000000000000e+00,0.000000000000000000e+00,0.000000000000000000e+00,1.000000000000000056e-01
9.892154190600873642e-01,-1.451466986881162491e-01,-1.962881946824224580e-02,2.301842261234149944e+01,1.449727835470631110e-01,9.893849252868300859e-01,-1.001806597053362356e-02,2.474889018192521828e+00,2.087454728591824418e-02,7.064380731159157836e-03,9.997571444108279692e-01,6.544193545932952549e-01,0.000000000000000000e+00,0.000000000000000000e+00,0.000000000000000000e+00,1.000000000000000056e-01
9.894256417021307648e-01,-1.437530826779982729e-01,-1.928602506737343847e-02,2.394602299069839546e+01,1.435457030026344449e-01,9.895739932319043142e-01,-1.174491671075314665e-02,2.608473473259769637e+00,2.077331682245844163e-02,8.852295726852461508e-03,9.997450205770259668e-01,6.862634589778481287e-01,0.000000000000000000e+00,0.000000000000000000e+00,0.000000000000000000e+00,1.000000000000000056e-01
9.894201119400682920e-01,-1.434053650824249904e-01,-2.197142130312009292e-02,2.488515203398788600e+01,1.431542555586510501e-01,9.896200166944689736e-01,-1.261275834571546316e-02,2.756382417949282626e+00,2.355209553205864573e-02,9.334014314077180782e-03,9.996790359774647694e-01,7.177740079596894862e-01,0.000000000000000000e+00,0.000000000000000000e+00,0.000000000000000000e+00,1.000000000000000056e-01
9.898156785455874962e-01,-1.400860408659588829e-01,-2.531449505400226035e-02,2.582578658875048205e+01,1.397834985332793711e-01,9.900919760177832041e-01,-1.335861381274772511e-02,2.897288795120386506e+00,2.693503375039463937e-02,9.684016713241514612e-03,9.995902779525033255e-01,7.465191207990982125e-01,0.000000000000000000e+00,0.000000000000000000e+00,0.000000000000000000e+00,1.000000000000000056e-01
9.895657052376362062e-01,-1.405950298117671637e-01,-3.150797692280530443e-02,2.678037425100589886e+01,1.402619726407449419e-01,9.900348402885807975e-01,-1.255364670887714612e-02,3.040367852004032034e+00,3.295897523386680933e-02,8.003287261662404839e-03,9.994246611648827106e-01,7.921658167759713098e-01,0.000000000000000000e+00,0.000000000000000000e+00,0.000000000000000000e+00,1.000000000000000056e-01
9.893048085629287947e-01,-1.429796601246828003e-01,-2.885849172942188748e-02,2.772551387666121059e+01,1.425463264713975053e-01,9.896495369954252386e-01,-1.656317403912023478e-02,3.152951272428347274e+00,3.092798997310805889e-02,1.227235573843201907e-02,9.994462710525526816e-01,8.427326555825510601e-01,0.000000000000000000e+00,0.000000000000000000e+00,0.000000000000000000e+00,1.000000000000000056e-01
9.893222664200480576e-01,-1.437991678520665895e-01,-2.373294104304670207e-02,2.871396030786405973e+01,1.434616831694919825e-01,9.895365633435464492e-01,-1.536669347712120090e-02,3.295613600130746779e+00,2.569433065241924150e-02,1.179784434956991646e-02,9.996002262109725534e-01,8.972263715102486437e-01,0.000000000000000000e+00,0.000000000000000000e+00,0.000000000000000000e+00,1.000000000000000056e-01
9.895781027255213802e-01,-1.422345995046512546e-01,-2.246101756174227054e-02,2.964815870046770030e+01,1.418111970802918009e-01,9.897027520550634172e-01,-1.944342966886806676e-02,3.412525805161932713e+00,2.499525932676174150e-02,1.605556845412344294e-02,9.995586304628673036e-01,9.277269468496214255e-01,0.000000000000000000e+00,0.000000000000000000e+00,0.000000000000000000e+00,1.000000000000000056e-01
9.890933946006980060e-01,-1.452709858299236212e-01,-2.430221046057441658e-02,3.056628427482671739e+01,1.446068768792868331e-01,9.891162157541558697e-01,-2.716547241254721815e-02,3.534728791804951697e+00,2.798406540313075341e-02,2.335492256849113976e-02,9.993354990569148777e-01,9.720011010559738152e-01,0.000000000000000000e+00,0.000000000000000000e+00,0.000000000000000000e+00,1.000000000000000056e-01
9.888160493795061790e-01,-1.466193079811490829e-01,-2.730565905879264038e-02,3.151723132355584056e+01,1.458541394681802106e-01,9.889045564227439966e-01,-2.818418503935270561e-02,3.674228891342786074e+00,3.113503636584856460e-02,2.388633110096200288e-02,9.992297296903412951e-01,1.003163916815584589e+00,0.000000000000000000e+00,0.000000000000000000e+00,0.000000000000000000e+00,1.000000000000000056e-01
9.886015259588294413e-01,-1.473617499205454318e-01,-3.084700199741449017e-02,3.248192241306311701e+01,1.465138107264633283e-01,9.888077185780924649e-01,-2.816023698050111948e-02,3.817587443023874094e+00,3.465149546966118238e-02,2.331974143815764358e-02,9.991273510023501725e-01,1.033555749274843283e+00,0.000000000000000000e+00,0.000000000000000000e+00,0.000000000000000000e+00,1.000000000000000056e-01
9.886830998120590408e-01,-1.463762286025029613e-01,-3.285921250008717182e-02,3.343299541300614663e+01,1.454394268359635867e-01,9.889331770669794741e-01,-2.930092861731039763e-02,3.964910064017316937e+00,3.678452483918325661e-02,2.419030790044050458e-02,9.990303937999270856e-01,1.072190048059551426e+00,0.000000000000000000e+00,0.000000000000000000e+00,0.000000000000000000e+00,1.000000000000000056e-01
9.881200369342630907e-01,-1.504525102944236359e-01,-3.135019545612092312e-02,3.437825486980978695e+01,1.495194222767820547e-01,9.882958404613031433e-01,-3.025349713510366162e-02,4.102129258370510456e+00,3.553498235609465344e-02,2.520662359366585004e-02,9.990504947979153005e-01,1.125845521193234777e+00,0.000000000000000000e+00,0.000000000000000000e+00,0.000000000000000000e+00,1.000000000000000056e-01
9.877177840633857286e-01,-1.527739227989187709e-01,-3.276747713121909433e-02,3.535213063776141240e+01,1.517755774906725530e-01,9.879266232656034319e-01,-3.106704235029861261e-02,4.276382244029692359e+00,3.711809696479342890e-02,2.571216746313711998e-02,9.989800455074464569e-01,1.165844456276990515e+00,0.000000000000000000e+00,0.000000000000000000e+00,0.000000000000000000e+00,1.000000000000000056e-01
9.874392000854967932e-01,-1.546816852937658859e-01,-3.220873125713859253e-02,3.631879200860760903e+01,1.536483599451611004e-01,9.875935836372417009e-01,-3.242059599564316164e-02,4.420475577414962665e+00,3.682400875348074143e-02,2.706454864265915583e-02,9.989552054952678395e-01,1.223399397499283392e+00,0.000000000000000000e+00,0.000000000000000000e+00,0.000000000000000000e+00,1.000000000000000056e-01
9.872879382499722967e-01,-1.557092311303329979e-01,-3.189298240866665635e-02,3.730848963961110343e+01,1.546818382143374249e-01,9.874297446029830505e-01,-3.249659058918806520e-02,4.579186067760655732e+00,3.655209860941682765e-02,2.715022677784284869e-02,9.989628668139567402e-01,1.269841369654886254e+00,0.000000000000000000e+00,0.000000000000000000e+00,0.000000000000000000e+00,1.000000000000000056e-01
9.874218432625240238e-01,-1.554325042230197129e-01,-2.896273604134017368e-02,3.827407611876811444e+01,1.545224089144921764e-01,9.874903343384661136e-01,-3.139529791810933418e-02,4.731764955522399951e+00,3.348027167305923923e-02,2.652501119821313452e-02,9.990873311125673117e-01,1.327057737833290840e+00,0.000000000000000000e+00,0.000000000000000000e+00,0.000000000000000000e+00,1.000000000000000056e-01
9.872482915312276175e-01,-1.565338718013699337e-01,-2.894750157689659348e-02,3.926268268521049976e+01,1.557476276314568031e-01,9.874088922025889836e-01,-2.768313722158354320e-02,4.907015864856151488e+00,3.291636911697925355e-02,2.282162522977338945e-02,9.991975210467780588e-01,1.364611906791057816e+00,0.000000000000000000e+00,0.000000000000000000e+00,0.000000000000000000e+00,1.000000000000000056e-01
9.865070051576937393e-01,-1.601752916708344410e-01,-3.387926671226963726e-02,4.025178567634802107e+01,1.591047556108036165e-01,9.867348447118956534e-01,-3.224938717894652862e-02,5.085107918775340963e+00,3.859540797587771022e-02,2.642389391354457370e-02,9.989054871776514855e-01,1.428296269552105757e+00,0.000000000000000000e+00,0.000000000000000000e+00,0.000000000000000000e+00,1.000000000000000056e-01
9.864516451875207093e-01,-1.603594144948668199e-01,-3.461227946404751843e-02,4.126066926150237890e+01,1.594002977166823765e-01,9.867907529448629589e-01,-2.890596807483668262e-02,5.246058319134997205e+00,3.879042142935358595e-02,2.299713211193841339e-02,9.989827001104469861e-01,1.497253040978682614e+00,0.000000000000000000e+00,0.000000000000000000e+00,0.000000000000000000e+00,1.000000000000000056e-01
9.859057064665150971e-01,-1.629273712026202137e-01,-3.800802112403984384e-02,4.226801540557751480e+01,1.618297886375744399e-01,9.863509607283824643e-01,-3.037929853888915108e-02,5.411834904268891577e+00,4.243886740100216021e-02,2.380029376290484708e-02,9.988155428058373975e-01,1.554711950958501898e+00,0.000000000000000000e+00,0.000000000000000000e+00,0.000000000000000000e+00,1.000000000000000056e-01
9.867091749916150345e-01,-1.574504742722810657e-01,-4.017900121705686445e-02,4.326448700797343605e+01,1.562752289522810478e-01,9.872300084093350581e-01,-3.090248067738852328e-02,5.521333129673564599e+00,4.453152594823855948e-02,2.421277860011081251e-02,9.987145160400860977e-01,1.616122118547875131e+00,0.000000000000000000e+00,0.000000000000000000e+00,0.000000000000000000e+00,1.000000000000000056e-01
9.864821910067252952e-01,-1.595297861250319083e-01,-3.745843250153847032e-02,4.424845800219987524e+01,1.583191291497736131e-01,9.868248720969180487e-01,-3.334254273684952169e-02,5.690733213398642576e+00,4.228404157395607849e-02,2.696143819982354389e-02,9.987417787788638313e-01,1.688737440076093721e+00,0.000000000000000000e+00,0.000000000000000000e+00,0.000000000000000000e+00,1.000000000000000056e-01
9.865743196425517114e-01,-1.591685384022965832e-01,-3.655801149834161240e-02,4.521887984030522745e+01,1.580045809489067088e-01,9.868934451285490406e-01,-3.280061526044695391e-02,5.835577921703916537e+00,4.129968790434886822e-02,2.658391139731177202e-02,9.987930873978970725e-01,1.741909044989909283e+00,0.000000000000000000e+00,0.000000000000000000e+00,0.000000000000000000e+00,1.000000000000000056e-01
9.858331555839714433e-01,-1.627996928599511062e-01,-4.036396110461404341e-02,4.612739918405654294e+01,1.616051029247469462e-01,9.863590931615080493e-01,-3.129744472460220528e-02,5.996943700680941625e+00,4.490857446002002873e-02,2.433103660580787989e-02,9.986947584711034498e-01,1.807087650844576343e+00,0.000000000000000000e+00,0.000000000000000000e+00,0.000000000000000000e+00,1.000000000000000056e-01
9.858738926846575268e-01,-1.610726046436896097e-01,-4.591605118145426767e-02,4.707945327611944464e+01,1.597076169129222345e-01,9.866451317735757121e-01,-3.201345104012836423e-02,6.141849955857530574e+00,5.045933831111490409e-02,2.422808248295922270e-02,9.984321985975830316e-01,1.846566013653256677e+00,0.000000000000000000e+00,0.000000000000000000e+00,0.000000000000000000e+00,1.000000000000000056e-01
9.859227797067761090e-01,-1.608227266326304195e-01,-4.574191790590070861e-02,4.802234438036879283e+01,1.592916264848014962e-01,9.865976162395179161e-01,-3.537402100874854211e-02,6.300273825577731301e+00,5.081781367877225009e-02,2.758974862058606939e-02,9.983267779559769073e-01,1.911802614694062985e+00,0.000000000000000000e+00,0.000000000000000000e+00,0.000000000000000000e+00,1.000000000000000056e-01
9.864858009150386797e-01,-1.578939742167327076e-01,-4.376365500115795421e-02,4.898471410057879183e+01,1.564096708896920151e-01,9.870538200589260569e-01,-3.550733951254879395e-02,6.484153374952913218e+00,4.880347779813303671e-02,2.818242738173776241e-02,9.984107227697828213e-01,1.978470561184963339e+00,0.000000000000000000e+00,0.000000000000000000e+00,0.000000000000000000e+00,1.000000000000000056e-01
9.873785734605250441e-01,-1.525281710999564500e-01,-4.264633269064257992e-02,4.997423033783103818e+01,1.510693345753253147e-01,9.878826802800192430e-01,-3.557901282685876215e-02,6.650263696387995083e+00,4.755637519856804885e-02,2.868740182846420822e-02,9.984565209133070551e-01,2.056145527458663747e+00,0.000000000000000000e+00,0.000000000000000000e+00,0.000000000000000000e+00,1.000000000000000056e-01
9.874179805094009943e-01,-1.524229585509564444e-01,-4.210669155026931787e-02,5.089957917449959268e+01,1.507256846395071959e-01,9.877281738360226271e-01,-4.092459652223433969e-02,6.810447170067202016e+00,4.782781363064733671e-02,3.406312253932779893e-02,9.982746134837762186e-01,2.115322386103442476e+00,0.000000000000000000e+00,0.000000000000000000e+00,0.000000000000000000e+00,1.000000000000000056e-01
9.879728331138135644e-01,-1.486690979409797941e-01,-4.251094384367549994e-02,5.182827890071652632e+01,1.469560333130700280e-01,9.882954028344826947e-01,-4.094045687477641110e-02,6.957165184972701866e+00,4.809995116372393908e-02,3.420081948788552401e-02,9.982568300013802132e-01,2.172353314915889122e+00,0.000000000000000000e+00,0.000000000000000000e+00,0.000000000000000000e+00,1.000000000000000056e-01
9.882717817176622788e-01,-1.471415030698547954e-01,-4.084438192629787773e-02,5.280217271711458693e+01,1.454073287752454258e-01,9.884536614333556681e-01,-4.261534861338975994e-02,7.105690293009252478e+00,4.664326531285153260e-02,3.617647403129511247e-02,9.982563140434514981e-01,2.246448330967843354e+00,0.000000000000000000e+00,0.000000000000000000e+00,0.000000000000000000e+00,1.000000000000000056e-01
9.871931560701718844e-01,-1.544198274980985996e-01,-4.005233430988305171e-02,5.376026976960100967e+01,1.526112400733071472e-01,9.872674656210428390e-01,-4.486380199548774261e-02,7.259359875439623799e+00,4.647022715137704568e-02,3.817680187837090011e-02,9.981898866382282742e-01,2.301512536518052876e+00,0.000000000000000000e+00,0.000000000000000000e+00,0.000000000000000000e+00,1.000000000000000056e-01
9.874773783457697629e-01,-1.537035629094167244e-01,-3.554774260507163192e-02,5.467084681335190055e+01,1.520365281630162713e-01,9.873209305924778301e-01,-4.563194186247027107e-02,7.399120070668513627e+00,4.211082235603823970e-02,3.965595494947110611e-02,9.983256401983992001e-01,2.360573151493865041e+00,0.000000000000000000e+00,0.000000000000000000e+00,0.000000000000000000e+00,1.000000000000000056e-01
9.875720345498518737e-01,-1.541078222693695321e-01,-3.085864045058516608e-02,5.558153349658407905e+01,1.526319074301084044e-01,9.872332257531427624e-01,-4.554183574792707023e-02,7.563244586441594919e+00,3.748302828364997313e-02,4.026583023404280148e-02,9.984856961951183996e-01,2.426168176483455063e+00,0.000000000000000000e+00,0.000000000000000000e+00,0.000000000000000000e+00,1.000000000000000056e-01
9.877130483908680425e-01,-1.538516656525234783e-01,-2.743353813059513577e-02,5.648442121025694718e+01,1.527710964961631890e-01,9.875344755871553470e-01,-3.790318722959927500e-02,7.717629693591899986e+00,3.292303318011080560e-02,3.324642090129699412e-02,9.989047749327636394e-01,2.490194791712007305e+00,0.000000000000000000e+00,0.000000000000000000e+00,0.000000000000000000e+00,1.000000000000000056e-01
9.872432875649198580e-01,-1.564147734384183641e-01,-2.975079508546433354e-02,5.733560978268059216e+01,1.552965507563651149e-01,9.871826658833955381e-01,-3.678811632209365301e-02,7.866277324921266079e+00,3.512367408436576494e-02,3.169862504211239107e-02,9.988801352961499402e-01,2.555761236929815272e+00,0.000000000000000000e+00,0.000000000000000000e+00,0.000000000000000000e+00,1.000000000000000056e-01
9.870501310452949317e-01,-1.565025677666943837e-01,-3.519921996148869109e-02,5.823610448917076354e+01,1.552413715067527955e-01,9.872165258903855545e-01,-3.610606017859147032e-02,8.037951934009214483e+00,4.039994277432073372e-02,3.017411624801864464e-02,9.987278745146160874e-01,2.601860022022676855e+00,0.000000000000000000e+00,0.000000000000000000e+00,0.000000000000000000e+00,1.000000000000000056e-01
9.867574592075885054e-01,-1.568130132897390949e-01,-4.146559490922996360e-02,5.919975449604039142e+01,1.553989515122709830e-01,9.872176365339078163e-01,-3.539073304259014036e-02,8.189967980287894633e+00,4.648529409470374130e-02,2.847835984387340341e-02,9.985129445598247555e-01,2.655481059404727340e+00,0.000000000000000000e+00,0.000000000000000000e+00,0.000000000000000000e+00,1.000000000000000056e-01
9.873885129515355130e-01,-1.529351843273947242e-01,-4.092375698907839421e-02,6.010299556372479657e+01,1.516746837332422770e-01,9.879015899876069096e-01,-3.233015333058354007e-02,8.369416921974831780e+00,4.537306255672271527e-02,2.571532412208548876e-02,9.986390775948634779e-01,2.711463900455584497e+00,0.000000000000000000e+00,0.000000000000000000e+00,0.000000000000000000e+00,1.000000000000000056e-01
9.872299636284386226e-01,-1.547750108733454699e-01,-3.770536995372894551e-02,6.103327883986016644e+01,1.536552715869172470e-01,9.876383078545940553e-01,-3.099403767928169545e-02,8.539556831028905393e+00,4.203637029695200811e-02,2.480461383029031880e-02,9.988081270719555427e-01,2.769979861059342685e+00,0.000000000000000000e+00,0.000000000000000000e+00,0.000000000000000000e+00,1.000000000000000056e-01
9.868635210159282245e-01,-1.572765587796922659e-01,-3.693880001384278883e-02,6.191517856756166793e+01,1.561099254506438383e-01,9.872013543893679577e-01,-3.260639611474838717e-02,8.702017745959068407e+00,4.159425517831876612e-02,2.641154956104343338e-02,9.987854364106163452e-01,2.830945342775095241e+00,0.000000000000000000e+00,0.000000000000000000e+00,0.000000000000000000e+00,1.000000000000000056e-01
9.865245755941011163e-01,-1.596531889208026578e-01,-3.577877885419038229e-02,6.273564936585539442e+01,1.585660170167782490e-01,9.868482871558403868e-01,-3.142095455295419726e-02,8.841722470461160555e+00,4.032468222210013054e-02,2.532424539848157977e-02,9.988656579333800023e-01,2.880010563333285312e+00,0.000000000000000000e+00,0.000000000000000000e+00,0.000000000000000000e+00,1.000000000000000056e-01
9.860520608081317917e-01,-1.625713957215970673e-01,-3.566335190595798510e-02,6.355583443110950981e+01,1.614835180141073190e-01,9.863714537426844231e-01,-3.153456280545038903e-02,8.967364108932530442e+00,4.030393015356914521e-02,2.533567711104860176e-02,9.988662055948739349e-01,2.923267940118713604e+00,0.000000000000000000e+00,0.000000000000000000e+00,0.000000000000000000e+00,1.000000000000000056e-01
9.857732721472525217e-01,-1.642907821212207797e-01,-3.549077105525438869e-02,6.435674608145656350e+01,1.632726392791816750e-01,9.861272520690176346e-01,-2.991802115144516494e-02,9.098081776856407288e+00,3.991367162901879317e-02,2.369771374638623973e-02,9.989220776318267214e-01,2.969265756630254494e+00,0.000000000000000000e+00,0.000000000000000000e+00,0.000000000000000000e+00,1.000000000000000056e-01
9.854547474142786312e-01,-1.657562465880119962e-01,-3.746741938957574847e-02,6.514858273566740365e+01,1.646075212226269791e-01,9.858422700585451892e-01,-3.192777040065326866e-02,9.233432559781642013e+00,4.222919316779101540e-02,2.529595388335019457e-02,9.987876701088819198e-01,3.023911248042935540e+00,0.000000000000000000e+00,0.000000000000000000e+00,0.000000000000000000e+00,1.000000000000000056e-01
9.849675099354987529e-01,-1.688340850010135452e-01,-3.652473289886955243e-02,6.589934951523146367e+01,1.677397648675055253e-01,9.853368957903162473e-01,-3.121815299625084125e-02,9.357887995091694222e+00,4.125985523068621819e-02,2.462221631319779988e-02,9.988450184138523147e-01,3.074363024940804490e+00,0.000000000000000000e+00,0.000000000000000000e+00,0.000000000000000000e+00,1.000000000000000056e-01
9.845282979770585419e-01,-1.719865044699755707e-01,-3.353614114049807693e-02,6.668265759658825687e+01,1.709613455677689020e-01,9.847780133794400426e-01,-3.137646707488414566e-02,9.495998141704694362e+00,3.842198334357881107e-02,2.515763591123873835e-02,9.989448656213731903e-01,3.128180275106124508e+00,0.000000000000000000e+00,0.000000000000000000e+00,0.000000000000000000e+00,1.000000000000000056e-01
9.814830991525675952e-01,-1.887588289378645534e-01,-3.257346429038721070e-02,6.748596755679000125e+01,1.879116971153141913e-01,9.818040751169047065e-01,-2.738525462875659663e-02,9.670372178816277753e+00,3.714996857486646542e-02,2.075722962838247657e-02,9.990940982975733409e-01,3.176467258785930170e+00,0.000000000000000000e+00,0.000000000000000000e+00,0.000000000000000000e+00,1.000000000000000056e-01
9.809917263743521687e-01,-1.916271822924426049e-01,-3.056559817387981270e-02,6.821766616058010868e+01,1.908548442105818255e-01,9.812611286446581982e-01,-2.647689280044090293e-02,9.800644430402659424e+00,3.506652572500795761e-02,2.014002029965410168e-02,9.991820246361055036e-01,3.229012847630254868e+00,0.000000000000000000e+00,0.000000000000000000e+00,0.000000000000000000e+00,1.000000000000000056e-01
9.811086543575640029e-01,-1.904351370887874817e-01,-3.406269083123993069e-02,6.888787241378697956e+01,1.897112013033395439e-01,9.815614568926389616e-01,-2.338303750250941837e-02,9.942769155987031482e+00,3.788757639033804581e-02,1.647922646166069538e-02,9.991461187686672130e-01,3.269994647970011048e+00,0.000000000000000000e+00,0.000000000000000000e+00,0.000000000000000000e+00,1.000000000000000056e-01
9.806249052576495595e-01,-1.921845912996458239e-01,-3.794572512700186001e-02,6.954850343262303625e+01,1.913261265219515783e-01,9.812049491201861873e-01,-2.512292045441912383e-02,1.009402603087939454e+01,4.206077149235448037e-02,1.737615288379426234e-02,9.989639436998849487e-01,3.308267527451619117e+00,0.000000000000000000e+00,0.000000000000000000e+00,0.000000000000000000e+00,1.000000000000000056e-01
9.799815344447964094e-01,-1.942466468355818765e-01,-4.363980224926683471e-02,7.026527451574125394e+01,1.931466711099038835e-01,9.807649030635821052e-01,-2.818808893566732837e-02,1.024532672896420316e+01,4.827582817917262792e-02,1.919492411590126985e-02,9.986495878444049401e-01,3.353066751218269026e+00,0.000000000000000000e+00,0.000000000000000000e+00,0.000000000000000000e+00,1.000000000000000056e-01
9.790230627038275513e-01,-1.985029046167590128e-01,-4.593952059749102645e-02,7.097769026535651449e+01,1.973640854933747524e-01,9.799254746918574233e-01,-2.816880912111539154e-02,1.039594755379290980e+01,5.060889695874921934e-02,1.851110230774603849e-02,9.985469836917895137e-01,3.396206901879140094e+00,0.000000000000000000e+00,0.000000000000000000e+00,0.000000000000000000e+00,1.000000000000000056e-01
9.790695260597158667e-01,-1.988994464699586906e-01,-4.314943029922208018e-02,7.164315623720082726e+01,1.978603134324166957e-01,9.798530543196207754e-01,-2.718985672886259017e-02,1.052703897351051587e+01,4.768814852381259017e-02,1.808320033772477589e-02,9.986985723209563792e-01,3.454325414721950871e+00,0.000000000000000000e+00,0.000000000000000000e+00,0.000000000000000000e+00,1.000000000000000056e-01
9.780606596695907706e-01,-2.043903923396792610e-01,-4.027298754645511347e-02,7.220614386200395529e+01,2.033358673214129553e-01,9.786858847746511270e-01,-2.878305062892154431e-02,1.065748534471881825e+01,4.529758346019906179e-02,1.996262663304332330e-02,9.987740597705648815e-01,3.490149490630717999e+00,0.000000000000000000e+00,0.000000000000000000e+00,0.000000000000000000e+00,1.000000000000000056e-01
9.786498974202997303e-01,-2.008089803985826649e-01,-4.381930705201187576e-02,7.273214106001933033e+01,1.995415975653811180e-01,9.793782949663994986e-01,-3.164342253555556955e-02,1.075143011040397845e+01,4.926996164289496744e-02,2.222405768508223592e-02,9.985382126587433183e-01,3.529220212131509271e+00,0.000000000000000000e+00,0.000000000000000000e+00,0.000000000000000000e+00,1.000000000000000056e-01
9.782334555463962911e-01,-2.026725880805017310e-01,-4.453233084521916046e-02,7.334996024333291587e+01,2.009784651017036683e-01,9.787891106008245190e-01,-3.974334579033601822e-02,1.087009984564209830e+01,5.164264725127943462e-02,2.992823098678232263e-02,9.982170795848374079e-01,3.580541821593461904e+00,0.000000000000000000e+00,0.000000000000000000e+00,0.000000000000000000e+00,1.000000000000000056e-01
9.782868485556432958e-01,-2.009526064262871781e-01,-5.072368197942213330e-02,7.393106640465198609e+01,1.987837847054385876e-01,9.790216180517571365e-01,-4.474011986462794049e-02,1.098208653934684342e+01,5.865022490365810748e-02,3.368562538830401770e-02,9.977100930435399695e-01,3.624813527209020503e+00,0.000000000000000000e+00,0.000000000000000000e+00,0.000000000000000000e+00,1.000000000000000056e-01
9.792881259727767018e-01,-1.960132796550602963e-01,-5.073027229962551871e-02,7.450205799056905676e+01,1.940360015308659480e-01,9.801209835958311078e-01,-4.138704658530582142e-02,1.107943249843375177e+01,5.783421512081587251e-02,3.068634409648076516e-02,9.978544742833754810e-01,3.676078015101057250e+00,0.000000000000000000e+00,0.000000000000000000e+00,0.000000000000000000e+00,1.000000000000000056e-01
9.797160080729561127e-01,-1.945578880647994280e-01,-4.799762199689114328e-02,7.506816312721335294e+01,1.926399998158165594e-01,9.803775596052922703e-01,-4.182906995540164319e-02,1.121129106259439645e+01,5.519396703040713170e-02,3.173434754546977654e-02,9.979712206217721260e-01,3.705155942949827086e+00,0.000000000000000000e+00,0.000000000000000000e+00,0.000000000000000000e+00,1.000000000000000056e-01
9.805066613803534725e-01,-1.908992539552995527e-01,-4.652055274889647235e-02,7.564641798233006398e+01,1.888771128096165541e-01,9.809876633312206717e-01,-4.459417729541690495e-02,1.130067188503029030e+01,5.414908351446218876e-02,3.493822020741375184e-02,9.979214385527961362e-01,3.746414067000221504e+00,0.000000000000000000e+00,0.000000000000000000e+00,0.000000000000000000e+00,1.000000000000000056e-01
9.813097943998424499e-01,-1.877719838583602474e-01,-4.210426929462934842e-02,7.623442833370658889e+01,1.856761553235005135e-01,9.813804038492994763e-01,-4.916165461891156691e-02,1.139644648445822916e+01,5.055148622169555739e-02,4.042505434110808121e-02,9.979029823696771162e-01,3.795309796153338411e+00,0.000000000000000000e+00,0.000000000000000000e+00,0.000000000000000000e+00,1.000000000000000056e-01
9.829035467498257184e-01,-1.799673992911045017e-01,-3.888898274588024201e-02,7.680191607292138656e+01,1.779532368946117882e-01,9.827563311948446234e-01,-5.022587953614236073e-02,1.147322883657778370e+01,4.725741492446872832e-02,4.244677477553571859e-02,9.979804647616162816e-01,3.854452185127144936e+00,0.000000000000000000e+00,0.000000000000000000e+00,0.000000000000000000e+00,1.000000000000000056e-01
9.847789198410632494e-01,-1.697822967525517146e-01,-3.720820804738123044e-02,7.729743987291439566e+01,1.679743630710789637e-01,9.846563786890243364e-01,-4.729090037081136455e-02,1.158537114903039011e+01,4.466645707389466091e-02,4.032105673770389198e-02,9.981879181777451038e-01,3.898200327640338525e+00,0.000000000000000000e+00,0.000000000000000000e+00,0.000000000000000000e+00,1.000000000000000056e-01
9.872201053376894464e-01,-1.546926672442195949e-01,-3.829676641585447183e-02,7.779553316156633969e+01,1.529154161822915414e-01,9.871835823002085286e-01,-4.566673111493713133e-02,1.166085404218780042e+01,4.487024750141174745e-02,3.922694912679978996e-02,9.982223736980481155e-01,3.931230036786545590e+00,0.000000000000000000e+00,0.000000000000000000e+00,0.000000000000000000e+00,1.000000000000000056e-01
9.901683541101951036e-01,-1.347450544023867103e-01,-3.755530365747351829e-02,7.825848724334908013e+01,1.333993960667108070e-01,9.903973269574773974e-01,-3.630063201268542844e-02,1.173932766126650229e+01,4.208600299082847218e-02,3.093388222615168701e-02,9.986350000288767292e-01,3.963199304268111955e+00,0.000000000000000000e+00,0.000000000000000000e+00,0.000000000000000000e+00,1.000000000000000056e-01
9.932077443553972707e-01,-1.107903003153061228e-01,-3.555117309609040488e-02,7.873405061078484835e+01,1.093978735476028308e-01,9.932334087002105960e-01,-3.898077866106611916e-02,1.178006583778672756e+01,3.962930501190509158e-02,3.482678850833944434e-02,9.986073367377533705e-01,4.002431554054825646e+00,0.000000000000000000e+00,0.000000000000000000e+00,0.000000000000000000e+00,1.000000000000000056e-01
9.955082988899629504e-01,-8.783305458466615645e-02,-3.533527081457315394e-02,7.928553351414383599e+01,8.643511106401939592e-02,9.954813414018750528e-01,-3.931755964037011997e-02,1.188457652541764276e+01,3.862898415131830326e-02,3.608674885675468291e-02,9.986017965837967747e-01,4.046334187357354395e+00,0.000000000000000000e+00,0.000000000000000000e+00,0.000000000000000000e+00,1.000000000000000056e-01
9.977142389566397984e-01,-5.843802079795301641e-02,-3.393073987391080626e-02,7.977576204464274667e+01,5.713634382207863349e-02,9.976374883256369230e-01,-3.814289058212384786e-02,1.195753007477051533e+01,3.607957313797111043e-02,3.611702662917680440e-02,9.986960622680201016e-01,4.075807089478686862e+00,0.000000000000000000e+00,0.000000000000000000e+00,0.000000000000000000e+00,1.000000000000000056e-01
9.990365471508829698e-01,-2.632052791844627371e-02,-3.511705094303643748e-02,8.024447271520911329e+01,2.489504340723323189e-02,9.988721868615184629e-01,-4.043007702490394178e-02,1.195600774001446531e+01,3.614158644267707887e-02,3.951688404444336083e-02,9.985650712922140571e-01,4.093749352833782496e+00,0.000000000000000000e+00,0.000000000000000000e+00,0.000000000000000000e+00,1.000000000000000056e-01
