1.000000000000000000e+00,-1.819278747663907437e-12,9.208760223693424360e-13,1.516662111867951137e-19,1.819278747664137658e-12,1.000000000000000000e+00,-2.502056959352858081e-13,4.098359475299122838e-19,-9.208760223688872443e-13,2.502056959369611719e-13,1.000000000000000000e+00,-2.870977707071647906e-19,0.000000000000000000e+00,0.000000000000000000e+00,0.000000000000000000e+00,1.000000000000000056e-01
9.999990315161511045e-01,-6.299395502906625800e-04,-1.241024948522374653e-03,6.468619738840483135e-01,6.266215718364965062e-04,9.999962334559693300e-01,-2.672156297851494521e-03,-4.490985831255608907e-03,1.242703571083837721e-03,2.671376056907346502e-03,9.999956597094794564e-01,-3.715102694264769230e-04,0.000000000000000000e+00,0.000000000000000000e+00,0.000000000000000000e+00,1.000000000000000056e-01
9.999803622640581757e-01,-5.428093406716860865e-03,-3.132233741412410524e-03,1.307175518807882186e+00,5.419341198078068099e-03,9.999814064084301402e-01,-2.795993275540715334e-03,5.314037226254427274e-03,3.147352414601708830e-03,2.778963725206229016e-03,9.999911857278503957e-01,4.362770310680484133e-03,0.000000000000000000e+00,0.000000000000000000e+00,0.000000000000000000e+00,1.000000000000000056e-01
9.999363006077919280e-01,-9.951369145653081449e-03,-5.325878230910838229e-03,2.004906948896208352e+00,9.936069117698068803e-03,9.999464552668655415e-01,-2.891561813061886005e-03,1.418602538968074221e-02,5.354368057191510183e-03,2.838459328117087961e-03,9.999816367770714143e-01,8.817555776067881323e-03,0.000000000000000000e+00,0.000000000000000000e+00,0.000000000000000000e+00,1.000000000000000056e-01
9.998571105551098404e-01,-1.609941431666098849e-02,-5.154350691146392972e-03,2.702843756264398323e+00,1.609199307319095912e-02,9.998694230330312793e-01,-1.478053627409686059e-03,2.265827482790711347e-02,5.177473449396361414e-03,1.394898653528622813e-03,9.999856239098775523e-01,1.665071923736035492e-02,0.000000000000000000e+00,0.000000000000000000e+00,0.000000000000000000e+00,1.000000000000000056e-01
9.997518475089414158e-01,-2.135244647170760762e-02,-6.349522197079442848e-03,3.410883672789425169e+00,2.134291508575849455e-02,9.997709889710018061e-01,-1.565115838252219109e-03,3.076531758495118507e-02,6.381487138625744487e-03,1.429210137770756377e-03,9.999786167615193344e-01,3.034496712216096931e-02,0.000000000000000000e+00,0.000000000000000000e+00,0.000000000000000000e+00,1.000000000000000056e-01
9.996523259323996102e-01,-2.533244761059125216e-02,-7.313983593104073262e-03,4.129948564372385889e+00,2.532989162950614187e-02,9.996790491520282096e-01,-4.419010456963306404e-04,5.368216944202537644e-02,7.322830598956982760e-03,2.564849963689844084e-04,9.999731548234011003e-01,4.089773843850753182e-02,0.000000000000000000e+00,0.000000000000000000e+00,0.000000000000000000e+00,1.000000000000000056e-01
9.994981171163813682e-01,-3.008122117296909565e-02,-9.931465830946615767e-03,4.893414272339028592e+00,3.009577750735330237e-02,9.995461486087696690e-01,1.319461103365061156e-03,8.576293678409159515e-02,9.887267420082829564e-03,-1.617694074391732824e-03,9.999498112449671794e-01,5.569123575341252547e-02,0.000000000000000000e+00,0.000000000000000000e+00,0.000000000000000000e+00,1.000000000000000056e-01
9.993434691468882081e-01,-3.476894932799774046e-02,-1.018581543567678889e-02,5.655656416625792104e+00,3.478949322787589643e-02,9.993929562419668899e-01,1.846665884694789371e-03,1.260913604310420488e-01,1.011542556742538700e-02,-2.199812848685969366e-03,9.999464180589980877e-01,6.016700888828487720e-02,0.000000000000000000e+00,0.000000000000000000e+00,0.000000000000000000e+00,1.000000000000000056e-01
9.992104642325321251e-01,-3.889345192966799092e-02,-8.108487232666281366e-03,6.438747403327075070e+00,3.891019278113380664e-02,9.992408726364039318e-01,1.917120385653529749e-03,1.623320139569286724e-01,8.027768428567791728e-03,-2.231109551924921348e-03,9.999652879396487837e-01,7.107461031852609079e-02,0.000000000000000000e+00,0.000000000000000000e+00,0.000000000000000000e+00,1.000000000000000056e-01
9.991039520328779400e-01,-4.180937293285160589e-02,-6.577945518658806848e-03,7.236618218007790482e+00,4.181910977487738462e-02,9.991242868126608556e-01,1.349651335912819368e-03,2.025417611532195350e-01,6.515757048990019132e-03,-1.623525809314906336e-03,9.999774542828577806e-01,8.612280658820258006e-02,0.000000000000000000e+00,0.000000000000000000e+00,0.000000000000000000e+00,1.000000000000000056e-01
9.991213778045506810e-01,-4.145341959147003097e-02,-6.171419456635809930e-03,8.032327150654111847e+00,4.146574139712891349e-02,9.991381535013317272e-01,1.882155236888224253e-03,2.422214833638547116e-01,6.088078869614285335e-03,-2.136404016763883418e-03,9.999791853201518421e-01,1.003764821917045857e-01,0.000000000000000000e+00,0.000000000000000000e+00,0.000000000000000000e+00,1.000000000000000056e-01
9.990404566873194447e-01,-4.333271136292345810e-02,-6.359404683594665174e-03,8.867529508165988616e+00,4.333295459657612175e-02,9.990606814032536587e-01,-9.959918420794420634e-05,2.887265122688719710e-01,6.357747079212394854e-03,-1.760681799386720715e-04,9.999797738214872833e-01,1.153735902725944312e-01,0.000000000000000000e+00,0.000000000000000000e+00,0.000000000000000000e+00,1.000000000000000056e-01
9.989014876691215683e-01,-4.644823909905585607e-02,-6.195080065081616690e-03,9.642559590384900403e+00,4.644668257095340563e-02,9.989206923876977617e-01,-3.949656133062671515e-04,3.524556950735616700e-01,6.206739125251306034e-03,1.067908214252900369e-04,9.999807323069537235e-01,1.317899148872115345e-01,0.000000000000000000e+00,0.000000000000000000e+00,0.000000000000000000e+00,1.000000000000000056e-01
9.988333406983758156e-01,-4.803520760202527329e-02,-4.957452970288499933e-03,1.042539409697358899e+01,4.803607161669823378e-02,9.988456000634071685e-01,5.529563659004958656e-05,3.588637550668698495e-01,4.949073949510848433e-03,-2.933676913384743136e-04,9.999877102257006545e-01,1.384830546955085062e-01,0.000000000000000000e+00,0.000000000000000000e+00,0.000000000000000000e+00,1.000000000000000056e-01
9.987793957842051595e-01,-4.900920761324630004e-02,-6.149481771650369515e-03,1.122785076907604385e+01,4.900102008469715831e-02,9.987976390936573745e-01,-1.475185274894217366e-03,4.108150553716697351e-01,6.214385536579165002e-03,1.172053777725484214e-03,9.999800036512455081e-01,1.643526907445234109e-01,0.000000000000000000e+00,0.000000000000000000e+00,0.000000000000000000e+00,1.000000000000000056e-01
9.986539950518248387e-01,-5.137659016827242353e-02,-7.116470312679594630e-03,1.209555301436707531e+01,5.137157090836536044e-02,9.986792157361044087e-01,-8.864305535223870056e-04,4.616796496430718988e-01,7.152612769937081137e-03,5.196531543260354781e-04,9.999742847149433178e-01,1.756977208854200723e-01,0.000000000000000000e+00,0.000000000000000000e+00,0.000000000000000000e+00,1.000000000000000056e-01
9.985036448825213018e-01,-5.418356058282701448e-02,-7.390055404864149559e-03,1.299373159084214002e+01,5.418555452345527601e-02,9.985308812555009350e-01,6.971440555906280399e-05,5.327227599951241954e-01,7.375421161228871460e-03,-4.700443381231642070e-04,9.999726907376094154e-01,1.965222623744180830e-01,0.000000000000000000e+00,0.000000000000000000e+00,0.000000000000000000e+00,1.000000000000000056e-01
9.986594054009524379e-01,-5.093992145655568821e-02,-9.193280492623377709e-03,1.388363561781838662e+01,5.097256123646064924e-02,9.986944302566677090e-01,3.351563113719085042e-03,5.834001066314332684e-01,9.010549662000700427e-03,-3.815675079184670682e-03,9.999521241631914581e-01,2.088335177501680628e-01,0.000000000000000000e+00,0.000000000000000000e+00,0.000000000000000000e+00,1.000000000000000056e-01
9.978919296449290099e-01,-6.417440149584789644e-02,-9.661415122526141597e-03,1.481592709750724524e+01,6.423638053447945639e-02,9.979151559855674591e-01,6.247309031100787245e-03,7.115206023454768713e-01,9.240355261006496373e-03,-6.854753602445519574e-03,9.999338119034180128e-01,2.281186955034696651e-01,0.000000000000000000e+00,0.000000000000000000e+00,0.000000000000000000e+00,1.000000000000000056e-01
9.976593262429530595e-01,-6.768848278681245667e-02,-9.702476924808568076e-03,1.577732142696004125e+01,6.772687354319904818e-02,9.976970975835067756e-01,3.684029520780886420e-03,7.741327192010503122e-01,9.430766698448972418e-03,-4.332524837303724542e-03,9.999461434837446649e-01,2.344055857706960899e-01,0.000000000000000000e+00,0.000000000000000000e+00,0.000000000000000000e+00,1.000000000000000056e-01
9.975617428623415606e-01,-6.942614382583547905e-02,-7.111942837365722338e-03,1.670257222988281498e+01,6.944945160823609576e-02,9.975807042459552409e-01,3.084183434754168753e-03,8.583847205701438110e-01,6.880613981529772223e-03,-3.570583932404703797e-03,9.999699535894159830e-01,2.525949397650151251e-01,0.000000000000000000e+00,0.000000000000000000e+00,0.000000000000000000e+00,1.000000000000000056e-01
9.973689887454131320e-01,-7.218062873168026861e-02,-6.712460417119660815e-03,1.758206394953509388e+01,7.220932612533367823e-02,9.973809250751002331e-01,4.135639837125417578e-03,9.376909151543235676e-01,6.396366896705305179e-03,-4.609461165532209928e-03,9.999689191961349533e-01,2.721997344413475406e-01,0.000000000000000000e+00,0.000000000000000000e+00,0.000000000000000000e+00,1.000000000000000056e-01
9.972925571280084611e-01,-7.322288856486580677e-02,-6.779681946458122888e-03,1.849136792508868865e+01,7.325965218144767088e-02,9.972985902487336851e-01,5.342775509190557902e-03,1.007343886247793252e+00,6.370153791800923365e-03,-5.824987391019911982e-03,9.999627446373006157e-01,2.859389843666496067e-01,0.000000000000000000e+00,0.000000000000000000e+00,0.000000000000000000e+00,1.000000000000000056e-01
9.973341689137171784e-01,-7.259555844133858127e-02,-7.378374602524021171e-03,1.940822041704662837e+01,7.262846406455741866e-02,9.973498228924470022e-01,4.293830926800766556e-03,1.078474228293043957e+00,7.047107549077669987e-03,-4.818264313511117294e-03,9.999635606381849229e-01,3.067621657846670846e-01,0.000000000000000000e+00,0.000000000000000000e+00,0.000000000000000000e+00,1.000000000000000056e-01
9.972776697432507165e-01,-7.350113293371837719e-02,-5.901939421214824448e-03,2.033540234882470799e+01,7.349978484575614424e-02,9.972951335245838766e-01,-4.452817196715510390e-04,1.131101390830933306e+00,5.918704174004976552e-03,1.027823814133579212e-05,9.999824842642287548e-01,3.255108855487967023e-01,0.000000000000000000e+00,0.000000000000000000e+00,0.000000000000000000e+00,1.000000000000000056e-01
9.974150269966028937e-01,-7.182293658217465959e-02,-2.174787823863594607e-03,2.125116350147699507e+01,7.182228772195163591e-02,9.974173741649908775e-01,-3.751002530799544101e-04,1.211886561174708943e+00,2.196111962332940488e-03,2.179323922324471509e-04,9.999975647958955216e-01,3.307493795074712417e-01,0.000000000000000000e+00,0.000000000000000000e+00,0.000000000000000000e+00,1.000000000000000056e-01
9.973979501258983804e-01,-7.209222993621390574e-02,-1.986642390613460032e-04,2.221316751966999448e+01,7.209188128010700358e-02,9.973970030494891947e-01,-1.406755626358057636e-03,1.293281204243705407e+00,2.995632667323614362e-04,1.388773099320587826e-03,9.999989907850546089e-01,3.488048186189344202e-01,0.000000000000000000e+00,0.000000000000000000e+00,0.000000000000000000e+00,1.000000000000000056e-01
9.975440796025620838e-01,-7.003255367713187574e-02,1.118335967868160433e-03,2.318525294807761838e+01,7.003495857856320561e-02,9.975419330207582203e-01,-2.279570597302950884e-03,1.359557929747876370e+00,-9.559428729374147256e-04,2.352294766562198700e-03,9.999967764360817579e-01,3.629757404139237753e-01,0.000000000000000000e+00,0.000000000000000000e+00,0.000000000000000000e+00,1.000000000000000056e-01
9.978434236725872708e-01,-6.559865510874930694e-02,2.306139911812324882e-03,2.411530536195933649e+01,6.560728450520915411e-02,9.978379393719161161e-01,-3.889854735180036088e-03,1.423306034678902821e+00,-2.045984658309932432e-03,4.032765543844161332e-03,9.999897753221511643e-01,3.691804545712027430e-01,0.000000000000000000e+00,0.000000000000000000e+00,0.000000000000000000e+00,1.000000000000000056e-01
9.979643313020862827e-01,-6.377338638202106891e-02,-3.855361840770997169e-04,2.507207184498837549e+01,6.377061499066677408e-02,9.979516625523204842e-01,-5.078176126481018585e-03,1.492365389584025204e+00,7.085989641038482499e-04,5.043252762738096445e-03,9.999870316604506648e-01,3.805194425966755278e-01,0.000000000000000000e+00,0.000000000000000000e+00,0.000000000000000000e+00,1.000000000000000056e-01
9.980423589084987945e-01,-6.230603601659460977e-02,-5.422886708949034920e-03,2.602740429780512699e+01,6.228652712951225634e-02,9.980514688690892422e-01,-3.695135504663723137e-03,1.565002088951459092e+00,5.642549291217021160e-03,3.350128975443903128e-03,9.999784689048779596e-01,3.892176504399862957e-01,0.000000000000000000e+00,0.000000000000000000e+00,0.000000000000000000e+00,1.000000000000000056e-01
9.981055206515325740e-01,-6.089493064437953573e-02,-8.785047908199186684e-03,2.698241659233342560e+01,6.085414280464625236e-02,9.981349441756335317e-01,-4.838028422476782150e-03,1.630926060119253895e+00,9.063274708672922064e-03,4.294256317591890054e-03,9.999497069424211348e-01,4.088673665336889362e-01,0.000000000000000000e+00,0.000000000000000000e+00,0.000000000000000000e+00,1.000000000000000056e-01
9.981584260003564246e-01,-6.020927297245177306e-02,-7.389184841361247195e-03,2.795313181004151915e+01,6.015089382767114384e-02,9.981581607832032965e-01,-7.883909793056179463e-03,1.685075736218250242e+00,7.850259627760574482e-03,7.424924916899993711e-03,9.999416202527801056e-01,4.327583261272124893e-01,0.000000000000000000e+00,0.000000000000000000e+00,0.000000000000000000e+00,1.000000000000000056e-01
9.982170261045592019e-01,-5.953636507799715816e-02,-4.264976936543114945e-03,2.896360405010598527e+01,5.948632185811107698e-02,9.981681733184682992e-01,-1.103065210517407968e-02,1.732572601178875571e+00,4.913889168776659593e-03,1.075727694965624218e-02,9.999300648974733807e-01,4.494534551462964211e-01,0.000000000000000000e+00,0.000000000000000000e+00,0.000000000000000000e+00,1.000000000000000056e-01
9.982296601960751747e-01,-5.946487221502606835e-02,-1.214280560200120974e-03,2.992151574663905222e+01,5.943747628053558385e-02,9.981005714109385529e-01,-1.619986921424848916e-02,1.780191620591538681e+00,2.175297273714356383e-03,1.609901616896531815e-02,9.998680361728553567e-01,4.574532163639330462e-01,0.000000000000000000e+00,0.000000000000000000e+00,0.000000000000000000e+00,1.000000000000000056e-01
9.982660373430067846e-01,-5.882735668046414068e-02,-2.064168956286662610e-03,3.085095822615324934e+01,5.876590796151635876e-02,9.980160748705654283e-01,-2.259385671833017209e-02,1.825590024680210588e+00,3.389210667579396416e-03,2.243337705160096743e-02,9.997425952939643645e-01,4.782725159283593430e-01,0.000000000000000000e+00,0.000000000000000000e+00,0.000000000000000000e+00,1.000000000000000056e-01
9.982818527019554633e-01,-5.837707799365983441e-02,-5.045724018756436204e-03,3.180005288694078303e+01,5.823134617220963871e-02,9.979811226410775227e-01,-2.535328726273723687e-02,1.864053961823208816e+00,6.515588148708072007e-03,2.501590727870457720e-02,9.996658199088831465e-01,4.922254638016053119e-01,0.000000000000000000e+00,0.000000000000000000e+00,0.000000000000000000e+00,1.000000000000000056e-01
9.982864344550690383e-01,-5.794553212834088751e-02,-8.155371809345030032e-03,3.278826491282269728e+01,5.771427689818446616e-02,9.979893710199290169e-01,-2.619690007168883408e-02,1.936618338307892762e+00,9.656967697208886786e-03,2.568132857952979894e-02,9.996235353058096074e-01,5.070422416361526352e-01,0.000000000000000000e+00,0.000000000000000000e+00,0.000000000000000000e+00,1.000000000000000056e-01
9.982130342087486286e-01,-5.897766804166908183e-02,-9.611087770405136316e-03,3.376156498880618528e+01,5.870325851330132627e-02,9.979185350950167122e-01,-2.669315930601630013e-02,2.000734491372385460e+00,1.116538291704594413e-02,2.608125737349590093e-02,9.995974701039079813e-01,5.233735055877002385e-01,0.000000000000000000e+00,0.000000000000000000e+00,0.000000000000000000e+00,1.000000000000000056e-01
9.982070524718222870e-01,-5.922769340206892469e-02,-8.646428730238955515e-03,3.472998909410443957e+01,5.896515352485017653e-02,9.978677021580953932e-01,-2.798498989661384051e-02,2.071525189913822729e+00,1.028547837037392491e-02,2.742497628063241683e-02,9.995709477624383776e-01,5.503386749645214904e-01,0.000000000000000000e+00,0.000000000000000000e+00,0.000000000000000000e+00,1.000000000000000056e-01
9.981747947156585088e-01,-5.974376189709378060e-02,-8.818282640994306448e-03,3.571422521733614275e+01,5.949969770033591843e-02,9.978963962185427583e-01,-2.574040379663251887e-02,2.136595345452006800e+00,1.033756102384581627e-02,2.516873712422654230e-02,9.996297662152971997e-01,5.613508409767685725e-01,0.000000000000000000e+00,0.000000000000000000e+00,0.000000000000000000e+00,1.000000000000000056e-01
9.982713792639189565e-01,-5.818108319233215864e-02,-8.319549331529677710e-03,3.670130885458330283e+01,5.796285209450884046e-02,9.980198586843541664e-01,-2.442681822775611897e-02,2.205283328558649281e+00,9.724254191603817765e-03,2.390236871585471254e-02,9.996670023813871708e-01,5.865748368085691444e-01,0.000000000000000000e+00,0.000000000000000000e+00,0.000000000000000000e+00,1.000000000000000056e-01
9.982192702836263365e-01,-5.928320856023299584e-02,-6.617372380966639149e-03,3.771243323703420458e+01,5.910464337804271356e-02,9.979504169119001178e-01,-2.452766838733773380e-02,2.269857754876917433e+00,8.057888406949726551e-03,2.409287380469030126e-02,9.996772498492962900e-01,6.047320035392418358e-01,0.000000000000000000e+00,0.000000000000000000e+00,0.000000000000000000e+00,1.000000000000000056e-01
9.983524732928684697e-01,-5.720275173264040280e-02,-4.492690087947156206e-03,3.870641010240127144e+01,5.707731506882558759e-02,9.980734620879800900e-01,-2.432168539076699429e-02,2.331384686963909658e+00,5.875302081293201119e-03,2.402518407686690324e-02,9.996940888869585429e-01,6.364221170984023512e-01,0.000000000000000000e+00,0.000000000000000000e+00,0.000000000000000000e+00,1.000000000000000056e-01
9.983808340319983987e-01,-5.680180190116565497e-02,-3.043934682612777810e-03,3.972085784927391927e+01,5.672983655882997411e-02,9.981888097738808030e-01,-2.002063151380443357e-02,2.394996245158947268e+00,4.175629483050037616e-03,1.981553287155900234e-02,9.997949333615551160e-01,6.549304162750076985e-01,0.000000000000000000e+00,0.000000000000000000e+00,0.000000000000000000e+00,1.000000000000000056e-01
9.982810723754287352e-01,-5.854864859524251675e-02,-2.637476944894333493e-03,4.073002732612485488e+01,5.847369325584608757e-02,9.980290834712179926e-01,-2.277664906481664461e-02,2.464566466017216406e+00,3.965820720262468700e-03,2.258327463569885160e-02,9.997370994280162515e-01,6.741496966764046750e-01,0.000000000000000000e+00,0.000000000000000000e+00,0.000000000000000000e+00,1.000000000000000056e-01
9.983372783840096520e-01,-5.741999285383245916e-02,-5.061917568886974833e-03,4.174546820010128556e+01,5.729708959249386196e-02,9.981197440183156022e-01,-2.177200323906272605e-02,2.527951887053388802e+00,6.302548138499879798e-03,2.144576931419939214e-02,9.997501472195360339e-01,7.098391194844321239e-01,0.000000000000000000e+00,0.000000000000000000e+00,0.000000000000000000e+00,1.000000000000000056e-01
9.983902424174861956e-01,-5.629174408354304521e-02,-6.939985128664967647e-03,4.277728126456629099e+01,5.616058837743544835e-02,9.982624954499478287e-01,-1.783195141152937868e-02,2.603873435187009200e+00,7.931718518294604212e-03,1.741349264437717231e-02,9.998169122970819167e-01,7.360907567327708012e-01,0.000000000000000000e+00,0.000000000000000000e+00,0.000000000000000000e+00,1.000000000000000056e-01
9.984106171683330144e-01,-5.587947322973062236e-02,-7.329665552820187162e-03,4.383678558534982983e+01,5.572785623439932556e-02,9.982560599413553559e-01,-1.947420935183710039e-02,2.670675977970907944e+00,8.405091615592307983e-03,1.903479082965921221e-02,9.997834921486774551e-01,7.617843974764987314e-01,0.000000000000000000e+00,0.000000000000000000e+00,0.000000000000000000e+00,1.000000000000000056e-01
9.983880852029798358e-01,-5.632536709197252800e-02,-6.977416906133635313e-03,4.484250853804005743e+01,5.615819325501598958e-02,9.981750270671503333e-01,-2.220073579469887190e-02,2.730249243226536837e+00,8.215147902487042464e-03,2.177311097313119545e-02,9.997291848213154530e-01,7.948544106211440363e-01,0.000000000000000000e+00,0.000000000000000000e+00,0.000000000000000000e+00,1.000000000000000056e-01
9.985030788090886178e-01,-5.440617587693916124e-02,-5.618686253787547741e-03,4.582437534577069727e+01,5.426569867666011793e-02,9.982686097572421868e-01,-2.269397982894972438e-02,2.790787879098796331e+00,6.843650773152170491e-03,2.235510679443093035e-02,9.997266694673623277e-01,8.155864426385748267e-01,0.000000000000000000e+00,0.000000000000000000e+00,0.000000000000000000e+00,1.000000000000000056e-01
9.983259692079275993e-01,-5.727600807910496195e-02,-8.044756278121480836e-03,4.673783282539145745e+01,5.710407794069341514e-02,9.981641793777166205e-01,-2.018403551703262452e-02,2.847160017550345756e+00,9.186048529987365235e-03,1.969085843054909843e-02,9.997639154353755719e-01,8.400734043977347021e-01,0.000000000000000000e+00,0.000000000000000000e+00,0.000000000000000000e+00,1.000000000000000056e-01
9.984160244013773333e-01,-5.481721865666104587e-02,-1.266944186995103833e-02,4.769210293375014942e+01,5.457511649822445465e-02,9.983340897891307408e-01,-1.872436445151023920e-02,2.904793742624238284e+00,1.367475329771931924e-02,1.800326924909927129e-02,9.997444090459275401e-01,8.559904642313878043e-01,0.000000000000000000e+00,0.000000000000000000e+00,0.000000000000000000e+00,1.000000000000000056e-01
9.985149881555022144e-01,-5.315715871417619337e-02,-1.192203448464843225e-02,4.865428949558898353e+01,5.290682232443450622e-02,9.983907966284819580e-01,-2.041287238670565565e-02,2.964438833720363320e+00,1.298793980383271783e-02,1.975180206920610151e-02,9.997205508214137559e-01,8.822515669372094083e-01,0.000000000000000000e+00,0.000000000000000000e+00,0.000000000000000000e+00,1.000000000000000056e-01
9.987180620887196048e-01,-4.848141425323469061e-02,-1.455283236207406336e-02,4.961871826638176941e+01,4.818536830148841682e-02,9.986372073654359305e-01,-2.004740250040383184e-02,3.030606974110350738e+00,1.550492629464239602e-02,1.932046938791950538e-02,9.996931112712681422e-01,9.029391840598652852e-01,0.000000000000000000e+00,0.000000000000000000e+00,0.000000000000000000e+00,1.000000000000000056e-01
9.988047555311679870e-01,-4.751661583955753276e-02,-1.145563387506945592e-02,5.062748249161291625e+01,4.723966528033500534e-02,9.986108048628041800e-01,-2.334254560805729475e-02,3.092377787275202294e+00,1.254887853657212470e-02,2.277348524969845592e-02,9.996618898492910521e-01,9.412040372707140001e-01,0.000000000000000000e+00,0.000000000000000000e+00,0.000000000000000000e+00,1.000000000000000056e-01
9.989156112285363376e-01,-4.543410741544014197e-02,-1.016580185140229797e-02,5.157912723415365264e+01,4.519280903107004976e-02,9.987174903664974845e-01,-2.282508374412119470e-02,3.143601179735358020e+00,1.118980141919241611e-02,2.234091133788322983e-02,9.996877872740027593e-01,9.659921256690836566e-01,0.000000000000000000e+00,0.000000000000000000e+00,0.000000000000000000e+00,1.000000000000000056e-01
9.989554079390261521e-01,-4.454005549045448459e-02,-1.021158196760530573e-02,5.253754404420787694e+01,4.425189352322187603e-02,9.986583429549316104e-01,-2.689393920792505777e-02,3.182244416957598077e+00,1.139573907139506542e-02,2.641396417460602219e-02,9.995861341713375703e-01,9.919001003033119934e-01,0.000000000000000000e+00,0.000000000000000000e+00,0.000000000000000000e+00,1.000000000000000056e-01
9.989136937518569015e-01,-4.512616390039701775e-02,-1.162160774832190699e-02,5.352172858533392485e+01,4.476209377222464814e-02,9.985506245984602236e-01,-2.988319051158418865e-02,3.237370618949952483e+00,1.295327742881768190e-02,2.933052071920260601e-02,9.994858343959620584e-01,1.033438673074415393e+00,0.000000000000000000e+00,0.000000000000000000e+00,0.000000000000000000e+00,1.000000000000000056e-01
9.989251138452339696e-01,-4.478995821451082354e-02,-1.193635507300084761e-02,5.448299254943442804e+01,4.442865907190412383e-02,9.985919579482894770e-01,-2.898613071926191276e-02,3.277010036609028898e+00,1.321783576683000297e-02,2.842465767857198927e-02,9.995085430617874911e-01,1.052285466688468452e+00,0.000000000000000000e+00,0.000000000000000000e+00,0.000000000000000000e+00,1.000000000000000056e-01
9.988967290031696145e-01,-4.637925091332439215e-02,-7.368166087111775037e-03,5.542509227492683976e+01,4.612482039942403939e-02,9.984359771009280182e-01,-3.159272975916979642e-02,3.320328078096961288e+00,8.821889247164753367e-03,3.121801907927464551e-02,9.994736662638374902e-01,1.085150311338991980e+00,0.000000000000000000e+00,0.000000000000000000e+00,0.000000000000000000e+00,1.000000000000000056e-01
9.987716171728877601e-01,-4.951720284428214047e-02,-1.817512677493112253e-03,5.636660089592952261e+01,4.943498232432003148e-02,9.982753600094590452e-01,-3.166209280163038986e-02,3.366502582509524277e+00,3.382196394179009385e-03,3.153335092347633872e-02,9.994969777478509565e-01,1.122067223629951149e+00,0.000000000000000000e+00,0.000000000000000000e+00,0.000000000000000000e+00,1.000000000000000056e-01
9.987772687424886220e-01,-4.940826807799505310e-02,-1.670475629188514699e-03,5.732362230176538276e+01,4.934012076521272078e-02,9.983697952540764309e-01,-2.869328156916939321e-02,3.428175418923514517e+00,3.085437759696777610e-03,2.857577592763468899e-02,9.995868672126323462e-01,1.134116722009050005e+00,0.000000000000000000e+00,0.000000000000000000e+00,0.000000000000000000e+00,1.000000000000000056e-01
9.987070833121076685e-01,-5.061121923018660484e-02,-4.760906453262592035e-03,5.822725765009514731e+01,5.045632384089226985e-02,9.983223204377617011e-01,-2.840253334169410768e-02,3.481762417809258547e+00,6.190406019457390420e-03,2.812559339457620586e-02,9.995852289172331151e-01,1.152054349224376883e+00,0.000000000000000000e+00,0.000000000000000000e+00,0.000000000000000000e+00,1.000000000000000056e-01
9.985010401470376662e-01,-5.370055527166976012e-02,-1.057937563366990671e-02,5.914436733638797961e+01,5.338192097959163634e-02,9.981703774311977417e-01,-2.839486100316098577e-02,3.539635247602559875e+00,1.208483917197833435e-02,2.778755085239681399e-02,9.995407989070845822e-01,1.173098866996058476e+00,0.000000000000000000e+00,0.000000000000000000e+00,0.000000000000000000e+00,1.000000000000000056e-01
9.984240882749330082e-01,-5.377964249746465530e-02,-1.603402648163516214e-02,6.008771012643813947e+01,5.334092129192724574e-02,9.982210092572139093e-01,-2.663761988687568874e-02,3.598847137937153384e+00,1.743806377145427217e-02,2.574037160481850231e-02,9.995165567420825070e-01,1.206674285929190571e+00,0.000000000000000000e+00,0.000000000000000000e+00,0.000000000000000000e+00,1.000000000000000056e-01
9.983993205263634874e-01,-5.427521046048822823e-02,-1.590592034323984327e-02,6.100055287186184927e+01,5.389249356135399766e-02,9.982683866595475353e-01,-2.357599062358627443e-02,3.667299258825875263e+00,1.715796929229095741e-02,2.268104330963898949e-02,9.995955053741243379e-01,1.223545365302863841e+00,0.000000000000000000e+00,0.000000000000000000e+00,0.000000000000000000e+00,1.000000000000000056e-01
9.983802860265996726e-01,-5.532571802329095539e-02,-1.326157602445434194e-02,6.191982624211906483e+01,5.503517943570659238e-02,9.982560372469719834e-01,-2.135446380623367418e-02,3.726830163766456927e+00,1.441989937290349966e-02,2.059002246670613850e-02,9.996840088132328273e-01,1.258835025140380148e+00,0.000000000000000000e+00,0.000000000000000000e+00,0.000000000000000000e+00,1.000000000000000056e-01
9.982356493102086947e-01,-5.808359814074842697e-02,-1.232412565864506211e-02,6.280436935044497204e+01,5.781696192529230116e-02,9.981065448744496083e-01,-2.098866342856474734e-02,3.789758243490468637e+00,1.351988757184495286e-02,2.023908856179836360e-02,9.997037520857028348e-01,1.295160189930852912e+00,0.000000000000000000e+00,0.000000000000000000e+00,0.000000000000000000e+00,1.000000000000000056e-01
9.983032256693719075e-01,-5.640319942360225158e-02,-1.446888775644119933e-02,6.363174458295174674e+01,5.609937933717387692e-02,9.982124717981182283e-01,-2.060875504912668132e-02,3.852135563963794862e+00,1.560542393243475982e-02,1.976209101973753351e-02,9.996829149797532565e-01,1.324769027558182932e+00,0.000000000000000000e+00,0.000000000000000000e+00,0.000000000000000000e+00,1.000000000000000056e-01
9.982744589713491434e-01,-5.731887190649453262e-02,-1.275348928046826993e-02,6.445247087757304882e+01,5.708085443670283393e-02,9.982017536817318071e-01,-1.830396141525350226e-02,3.899695011659028765e+00,1.377971778506692849e-02,1.754439711366618040e-02,9.997511257846534161e-01,1.350990733739942273e+00,0.000000000000000000e+00,0.000000000000000000e+00,0.000000000000000000e+00,1.000000000000000056e-01
9.981508732697546016e-01,-5.912609380906450052e-02,-1.410458158571213129e-02,6.526260448168581263e+01,5.886123721270641873e-02,9.980945995635872592e-01,-1.850743298763836073e-02,3.950646420209606102e+00,1.517197892879537831e-02,1.764299727609012006e-02,9.997292311933767550e-01,1.381039975411091580e+00,0.000000000000000000e+00,0.000000000000000000e+00,0.000000000000000000e+00,1.000000000000000056e-01
9.981165197218708762e-01,-6.003381319330418353e-02,-1.262356256258691592e-02,6.606871957457799738e+01,5.979480376371952566e-02,9.980387246753827934e-01,-1.852796511205999364e-02,3.993279647065018700e+00,1.371110867721361815e-02,1.773824460894864175e-02,9.997486484997289979e-01,1.413746615488002512e+00,0.000000000000000000e+00,0.000000000000000000e+00,0.000000000000000000e+00,1.000000000000000056e-01
9.980133263974548807e-01,-6.163751224501325815e-02,-1.304673972044123609e-02,6.681953065996943053e+01,6.139934497840284638e-02,9.979522214720362161e-01,-1.792997755857761444e-02,4.047012158676553284e+00,1.412518209830142604e-02,1.709329527252895914e-02,9.997541190149785706e-01,1.437136533975394093e+00,0.000000000000000000e+00,0.000000000000000000e+00,0.000000000000000000e+00,1.000000000000000056e-01
9.979305448621516028e-01,-6.328025714935203716e-02,-1.141212890923855305e-02,6.760792327749108210e+01,6.307638473251289679e-02,9.978566935055516174e-01,-1.741806290158986678e-02,4.101920797483344927e+00,1.248988871868809622e-02,1.666218116813064296e-02,9.997831636902649866e-01,1.456911280634284322e+00,0.000000000000000000e+00,0.000000000000000000e+00,0.000000000000000000e+00,1.000000000000000056e-01
9.978140504436450176e-01,-6.561005480609523322e-02,-7.901989976473124469e-03,6.835958618686753141e+01,6.548290516612499668e-02,9.977348756907340466e-01,-1.539827787123128518e-02,4.161491777865872876e+00,8.894372841936807814e-03,1.484717275229697521e-02,9.998502145786698492e-01,1.481217386535799596e+00,0.000000000000000000e+00,0.000000000000000000e+00,0.000000000000000000e+00,1.000000000000000056e-01
9.979225988891724519e-01,-6.402681370405137462e-02,-7.145190913236730210e-03,6.905443392650525425e+01,6.393454517876610843e-02,9.978761743871386036e-01,-1.247054622994753399e-02,4.210475429791975976e+00,7.928465114019024249e-03,1.198781537210357080e-02,9.998967105274124689e-01,1.506696919874001006e+00,0.000000000000000000e+00,0.000000000000000000e+00,0.000000000000000000e+00,1.000000000000000056e-01
9.979911551156415150e-01,-6.272661527121818625e-02,-8.889659586515828368e-03,6.971776841044079731e+01,6.263437230546219092e-02,9.979833817144665442e-01,-1.030073918017699285e-02,4.259143239354608035e+00,9.517863040005620015e-03,9.723248344759129538e-03,9.999074300777937019e-01,1.538855414249759690e+00,0.000000000000000000e+00,0.000000000000000000e+00,0.000000000000000000e+00,1.000000000000000056e-01
9.977278407993362963e-01,-6.593461905430980652e-02,-1.384852714397367089e-02,7.040514558063986783e+01,6.580510424504429356e-02,9.977862274753016569e-01,-9.608981002398318469e-03,4.319462908723739503e+00,1.445143415696803664e-02,8.675844095455203034e-03,9.998579327984742360e-01,1.561960152259303181e+00,0.000000000000000000e+00,0.000000000000000000e+00,0.000000000000000000e+00,1.000000000000000056e-01
9.977119002160447225e-01,-6.526336684285345691e-02,-1.765381306189807431e-02,7.114577106038838394e+01,6.508821556116502205e-02,9.978261371522405554e-01,-1.032105667561719620e-02,4.374311477404604354e+00,1.828902300158821020e-02,9.148385878018194806e-03,9.997908874727126083e-01,1.589493252233080023e+00,0.000000000000000000e+00,0.000000000000000000e+00,0.000000000000000000e+00,1.000000000000000056e-01
9.975797964252609562e-01,-6.726724809684259121e-02,-1.759736052971283896e-02,7.185582913648804038e+01,6.709023296610369669e-02,9.976920403574155438e-01,-1.046390214074355111e-02,4.425338824468761700e+00,1.826062443315673231e-02,9.257966349849851631e-03,9.997903978606597075e-01,1.611453981087970222e+00,0.000000000000000000e+00,0.000000000000000000e+00,0.000000000000000000e+00,1.000000000000000056e-01
9.975710413608490645e-01,-6.791711971817133986e-02,-1.546875196706716006e-02,7.253579768497378666e+01,6.778294491309856673e-02,9.976591386721006538e-01,-9.039657236321189601e-03,4.476557703799766585e+00,1.604648924652704589e-02,7.969182720323967142e-03,9.998394882728083299e-01,1.629786121097667184e+00,0.000000000000000000e+00,0.000000000000000000e+00,0.000000000000000000e+00,1.000000000000000056e-01
9.975105749374806319e-01,-6.888920314624030761e-02,-1.506421513962467526e-02,7.317171998047231796e+01,6.875166591459108689e-02,9.975888995227740752e-01,-9.465515459234137563e-03,4.524169952945379158e+00,1.567996562066754918e-02,8.406261881275255837e-03,9.998417241940437128e-01,1.649565064540565951e+00,0.000000000000000000e+00,0.000000000000000000e+00,0.000000000000000000e+00,1.000000000000000056e-01
9.974170187086652817e-01,-6.982628515551593529e-02,-1.683985426595869042e-02,7.375508675559049721e+01,6.965841356419506802e-02,9.975171257574122485e-01,-1.035805195925089926e-02,4.560933322693492720e+00,1.752130731531511068e-02,9.158259772006556096e-03,9.998045459328092077e-01,1.675941665434008465e+00,0.000000000000000000e+00,0.000000000000000000e+00,0.000000000000000000e+00,1.000000000000000056e-01
9.973885426703634760e-01,-6.931794987522137130e-02,-2.027601477078109712e-02,7.439723086432694288e+01,6.897197539366094199e-02,9.974687100185817279e-01,-1.729274831143749747e-02,4.591395755508948184e+00,2.142338815838577479e-02,1.584911224525821505e-02,9.996448589778533789e-01,1.708835303909343573e+00,0.000000000000000000e+00,0.000000000000000000e+00,0.000000000000000000e+00,1.000000000000000056e-01
9.973534843795334170e-01,-6.838133561644153813e-02,-2.469858569463816850e-02,7.502372438391572018e+01,6.789002226517858174e-02,9.974880492920709107e-01,-2.021228330329475145e-02,4.614201880465524930e+00,2.601868699295487031e-02,1.848200364707988305e-02,9.994905919859136123e-01,1.730521898404999481e+00,0.000000000000000000e+00,0.000000000000000000e+00,0.000000000000000000e+00,1.000000000000000056e-01
9.976932190226112107e-01,-6.323843328202451153e-02,-2.468078751447724123e-02,7.561200200578882402e+01,6.274349653300291541e-02,9.978224318757117350e-01,-2.033834035642037574e-02,4.654585050225523268e+00,2.591320819799998454e-02,1.874286535392814118e-02,9.994884744904323215e-01,1.760389030725658221e+00,0.000000000000000000e+00,0.000000000000000000e+00,0.000000000000000000e+00,1.000000000000000056e-01
9.980041087017930135e-01,-5.845856400871783654e-02,-2.388295016069728188e-02,7.618351334195016022e+01,5.808584127390770124e-02,9.981831537062493265e-01,-1.601332884033337609e-02,4.707205246403354693e+00,2.477567472021926370e-02,1.459410672445871603e-02,9.995865035058612014e-01,1.771965554571428569e+00,0.000000000000000000e+00,0.000000000000000000e+00,0.000000000000000000e+00,1.000000000000000056e-01
9.984764967881514242e-01,-5.136044039417808627e-02,-2.016904866811123145e-02,7.672235543212904929e+01,5.099360448746785568e-02,9.985313040976625532e-01,-1.829991908170690643e-02,4.726534165900797113e+00,2.107931837219262014e-02,1.724354660553920407e-02,9.996290924325013094e-01,1.799516940662636788e+00,0.000000000000000000e+00,0.000000000000000000e+00,0.000000000000000000e+00,1.000000000000000056e-01
9.988842118026908246e-01,-4.398976871876898731e-02,-1.718230657933969563e-02,7.728881662028291544e+01,4.359487747216991838e-02,9.987909576667686196e-01,-2.271804439835600417e-02,4.733484671272579547e+00,1.816089396212911683e-02,2.194363532253479701e-02,9.995942470819486614e-01,1.819707600487036503e+00,0.000000000000000000e+00,0.000000000000000000e+00,0.000000000000000000e+00,1.000000000000000056e-01
9.992553472777893075e-01,-3.574645343855985258e-02,-1.452384258072347140e-02,7.784347463475825180e+01,3.537318866916466797e-02,9.990566088397188071e-01,-2.519186092881642997e-02,4.738660835704553875e+00,1.541066059974211325e-02,2.465934711718905520e-02,9.995771246580393843e-01,1.852497800567134423e+00,0.000000000000000000e+00,0.000000000000000000e+00,0.000000000000000000e+00,1.000000000000000056e-01
9.996052487745848980e-01,-2.390954426172758884e-02,-1.475399320512240167e-02,7.833018817849837490e+01,2.359292561516768139e-02,9.994952852798129062e-01,-2.127318886162947800e-02,4.753076272792193357e+00,1.525517889824545489e-02,2.091670138004271887e-02,9.996648293904115690e-01,1.877229027326105415e+00,0.000000000000000000e+00,0.000000000000000000e+00,0.000000000000000000e+00,1.000000000000000056e-01
9.998487176343103799e-01,-9.588578327493494508e-03,-1.451209876905038172e-02,7.883430704462608674e+01,9.304383015694153714e-03,9.997660592341416352e-01,-1.952575888748271996e-02,4.763154517838243507e+00,1.469592806604651768e-02,1.938777885917750479e-02,9.997040280648994415e-01,1.884957514613829987e+00,0.000000000000000000e+00,0.000000000000000000e+00,0.000000000000000000e+00,1.000000000000000056e-01
9.998653881219276007e-01,9.289372427963285203e-03,-1.352454049799023048e-02,7.932729290596405747e+01,-9.458190209566343445e-03,9.998774841585977846e-01,-1.247234182632370875e-02,4.754659983446553717e+00,1.340702329925795577e-02,1.259858057749348170e-02,9.998307494239639936e-01,1.899729735577178280e+00,0.000000000000000000e+00,0.000000000000000000e+00,0.000000000000000000e+00,1.000000000000000056e-01
9.994187419887529122e-01,3.145729398329277782e-02,-1.313837192604820625e-02,7.981789943704049506e+01,-3.164601437815144080e-02,9.993952289887766405e-01,-1.441201056232415539e-02,4.725422799991768841e+00,1.267706336642331066e-02,1.481941057260385136e-02,9.998098204832178704e-01,1.919186629513546016e+00,0.000000000000000000e+00,0.000000000000000000e+00,0.000000000000000000e+00,1.000000000000000056e-01
9.983448633896051527e-01,5.606451472152633453e-02,-1.281810955758909062e-02,8.030466044027937755e+01,-5.628320219077546926e-02,9.982634064096950199e-01,-1.738886351848376727e-02,4.706061938481895801e+00,1.182095151596890964e-02,1.808152682579446113e-02,9.997666345167282032e-01,1.938003066508743100e+00,0.000000000000000000e+00,0.000000000000000000e+00,0.000000000000000000e+00,1.000000000000000056e-01
9.963636134987053916e-01,8.448274142076359072e-02,-1.105513897854080649e-02,8.077376463190628897e+01,-8.467528611694133400e-02,9.962406648887789373e-01,-1.829299163553457439e-02,4.656845060837797590e+00,9.468136924262290227e-03,1.916256830375331552e-02,9.997715490846833530e-01,1.954635904384661504e+00,0.000000000000000000e+00,0.000000000000000000e+00,0.000000000000000000e+00,1.000000000000000056e-01
9.930498977364698998e-01,1.173203681512644814e-01,-9.371863338659476572e-03,8.123916364583392635e+01,-1.174814147595062142e-01,9.928926788816400117e-01,-1.903274571220363309e-02,4.593416850034569343e+00,7.072325762549108025e-03,2.000148594710651762e-02,9.997749360572188992e-01,1.969978804622680491e+00,0.000000000000000000e+00,0.000000000000000000e+00,0.000000000000000000e+00,1.000000000000000056e-01
