1.000000000000000000e+00,-6.735942879251064251e-12,4.288353186599951784e-12,4.449618732573626083e-19,6.735942879255949786e-12,1.000000000000000000e+00,-1.139198668272204516e-12,1.571344842920857774e-18,-4.288353186592277745e-12,1.139198668301090810e-12,1.000000000000000000e+00,-1.363769227759060947e-18,0.000000000000000000e+00,0.000000000000000000e+00,0.000000000000000000e+00,1.000000000000000056e-01
9.999920212751851611e-01,-3.990678410694636392e-03,-1.785267263572868767e-04,6.556252640571790247e-01,3.990138529813847153e-03,9.999877509455323832e-01,-2.928609466746275730e-03,7.032561917535955741e-03,1.902116781459921053e-04,2.927873753807810550e-03,9.999956956781360651e-01,2.038743046269271379e-03,0.000000000000000000e+00,0.000000000000000000e+00,0.000000000000000000e+00,1.000000000000000056e-01
9.999535000286944308e-01,-9.353116117401059221e-03,-2.348829337813182136e-03,1.325919401580615276e+00,9.349842948604632914e-03,9.999553082847189023e-01,-1.400667715519016403e-03,9.439762979542192997e-03,2.361824972386316647e-03,1.378641399088807902e-03,9.999962605583545550e-01,6.221456977494499614e-03,0.000000000000000000e+00,0.000000000000000000e+00,0.000000000000000000e+00,1.000000000000000056e-01
9.998857244766946595e-01,-1.494166500686196566e-02,-2.298833299352515125e-03,2.043406017026413668e+00,1.493995812886633051e-02,9.998881053684841591e-01,-7.578876768869869480e-04,3.475764275825142025e-04,2.309900176028441970e-03,7.234565956385337554e-04,9.999970704815744904e-01,4.937447511026537249e-03,0.000000000000000000e+00,0.000000000000000000e+00,0.000000000000000000e+00,1.000000000000000056e-01
9.997908824239557513e-01,-1.998257525318237332e-02,-4.346045119285517865e-03,2.738281972095600203e+00,1.998379690755940769e-02,9.998002756999040397e-01,2.378477525546277872e-04,8.637120517681408025e-03,4.340424297851659848e-03,-3.246484974240375874e-04,9.999905276152708522e-01,1.024937982510355089e-02,0.000000000000000000e+00,0.000000000000000000e+00,0.000000000000000000e+00,1.000000000000000056e-01
9.996848797985262713e-01,-2.432905025302979987e-02,-6.183721855935113247e-03,3.444250799844775557e+00,2.432869119921999071e-02,9.997040047024789988e-01,-1.332905058230898949e-04,1.032259573775014781e-02,6.185134334758999285e-03,-1.719335620287253260e-05,9.999808717258793500e-01,2.506346484755198056e-02,0.000000000000000000e+00,0.000000000000000000e+00,0.000000000000000000e+00,1.000000000000000056e-01
9.995188546444209177e-01,-3.003666038238622313e-02,-7.736810930743484235e-03,4.165172539224807124e+00,3.003796758997004726e-02,9.995487570481480510e-01,5.278793617317998742e-05,4.509183333159572094e-02,7.731734176030053904e-03,-2.851606134902583915e-04,9.999700690370966205e-01,4.339983587415132543e-02,0.000000000000000000e+00,0.000000000000000000e+00,0.000000000000000000e+00,1.000000000000000056e-01
9.993667247850216429e-01,-3.454259844745774521e-02,-8.541562208197914577e-03,4.933997285819214262e+00,3.457186526821195982e-02,9.993967569379945681e-01,3.302779692252785521e-03,7.338830572138360653e-02,8.422322977387224421e-03,-3.595985861575016953e-03,9.999580658014354251e-01,5.539452561424484250e-02,0.000000000000000000e+00,0.000000000000000000e+00,0.000000000000000000e+00,1.000000000000000056e-01
9.992693264882189785e-01,-3.757412482038652302e-02,-6.999877410589242129e-03,5.704673649717860506e+00,3.760220138621053754e-02,9.992850847879872767e-01,3.923489668129455030e-03,1.091434448489791986e-01,6.847451401224394045e-03,-4.183833678226969027e-03,9.999678034542216487e-01,6.062744920012700517e-02,0.000000000000000000e+00,0.000000000000000000e+00,0.000000000000000000e+00,1.000000000000000056e-01
9.990753168770287740e-01,-4.268044268917969841e-02,-5.185655110030003290e-03,6.498384543361155785e+00,4.270132299574207202e-02,9.990799358873581060e-01,3.984811378929356204e-03,1.634831217828311700e-01,5.010810461177140837e-03,-4.202561024896947842e-03,9.999786149010158054e-01,7.174925836946197122e-02,0.000000000000000000e+00,0.000000000000000000e+00,0.000000000000000000e+00,1.000000000000000056e-01
9.988408388505325419e-01,-4.801602223033663713e-02,-3.382344385232546186e-03,7.323913583478780076e+00,4.802511796653900072e-02,9.988425829442048043e-01,2.661304501425876268e-03,1.981728715606609070e-01,3.250644346050345079e-03,-2.820657108745174176e-03,9.999907385595180331e-01,9.205388236618244902e-02,0.000000000000000000e+00,0.000000000000000000e+00,0.000000000000000000e+00,1.000000000000000056e-01
9.987615011727835057e-01,-4.967149054354633858e-02,-2.864751694376055369e-03,8.140514225160069728e+00,4.968046252584831096e-02,9.987601939975054854e-01,3.150639503797845239e-03,2.448885605603000892e-01,2.704702997710693377e-03,-3.289059629665719731e-03,9.999909332931207206e-01,1.070010278950999372e-01,0.000000000000000000e+00,0.000000000000000000e+00,0.000000000000000000e+00,1.000000000000000056e-01
9.986051549248402548e-01,-5.267361583984350032e-02,-3.637959853039119014e-03,8.987894741345760607e+00,5.268551388244862438e-02,9.986058458411397609e-01,3.255960510218949139e-03,2.954330492963636035e-01,3.461384763075264076e-03,-3.443086734077439176e-03,9.999880819136114374e-01,1.158878929888384063e-01,0.000000000000000000e+00,0.000000000000000000e+00,0.000000000000000000e+00,1.000000000000000056e-01
9.986155796033130416e-01,-5.249242034124960293e-02,-3.386735929590362678e-03,9.668641372337944517e+00,5.250972261393980350e-02,9.986066654111691587e-01,5.239926277374662954e-03,3.774882857351681831e-01,3.106960660567318049e-03,-5.410508580788582662e-03,9.999805364067597679e-01,1.336862998888300458e-01,0.000000000000000000e+00,0.000000000000000000e+00,0.000000000000000000e+00,1.000000000000000056e-01
9.983526889205085464e-01,-5.724645078674732435e-02,-3.840884990580938161e-03,1.042327921113562539e+01,5.726727344929960495e-02,9.983434564093752739e-01,5.549994258109328116e-03,4.411550343772014382e-01,3.516804924003878296e-03,-5.760808702119740027e-03,9.999772223237007873e-01,1.404705518748493864e-01,0.000000000000000000e+00,0.000000000000000000e+00,0.000000000000000000e+00,1.000000000000000056e-01
9.982121120399476411e-01,-5.960957760878964756e-02,-4.390630256421789585e-03,1.125047967684245265e+01,5.962723775097470563e-02,9.982126690325752172e-01,4.007480636403045610e-03,4.920903731487124566e-01,4.143898518986586371e-03,-4.262116864199362934e-03,9.999823310763547024e-01,1.617447812954096731e-01,0.000000000000000000e+00,0.000000000000000000e+00,0.000000000000000000e+00,1.000000000000000056e-01
9.980094725830707114e-01,-6.282028090283391097e-02,-5.541203998238988619e-03,1.214231277487614236e+01,6.284670631728510315e-02,9.980119784950819417e-01,4.730992010235834586e-03,5.566016763911174614e-01,5.232985718495273587e-03,-5.069821261251678673e-03,9.999734560341334566e-01,1.748879083798117184e-01,0.000000000000000000e+00,0.000000000000000000e+00,0.000000000000000000e+00,1.000000000000000056e-01
9.978706273073563171e-01,-6.483201966465851340e-02,-7.142855411141946047e-03,1.304135574343835202e+01,6.488207785606700528e-02,9.978682843352921772e-01,7.014491486896490442e-03,6.343225410848893908e-01,6.672865224355219345e-03,-7.462998321171852335e-03,9.999498870072218715e-01,1.881291919616926989e-01,0.000000000000000000e+00,0.000000000000000000e+00,0.000000000000000000e+00,1.000000000000000056e-01
9.980170147731741714e-01,-6.206284043079939028e-02,-1.049962194095200099e-02,1.391669674208000629e+01,6.216855173945184942e-02,9.980149607548896018e-01,1.006028250275779745e-02,6.969213718500826271e-01,9.854410071682969535e-03,-1.069307940105789292e-02,9.998942687379810401e-01,1.941118455081159433e-01,0.000000000000000000e+00,0.000000000000000000e+00,0.000000000000000000e+00,1.000000000000000056e-01
9.970294405628221668e-01,-7.664535648888963493e-02,-7.601577446616649900e-03,1.488510486887046191e+01,7.671673719791617663e-02,9.970068014930362210e-01,9.590620956507809811e-03,7.843076014312592159e-01,6.843747854191509911e-03,-1.014529966617875624e-02,9.999251152011292554e-01,2.062582521122012236e-01,0.000000000000000000e+00,0.000000000000000000e+00,0.000000000000000000e+00,1.000000000000000056e-01
9.966635841480578906e-01,-8.132018297910051374e-02,-6.980535322791571635e-03,1.584673763660331502e+01,8.137305264456182186e-02,9.966543036780864950e-01,7.656713606631751663e-03,8.802951899952736747e-01,6.334535219927258341e-03,-8.199195094289546057e-03,9.999463219910122991e-01,2.175566577942779634e-01,0.000000000000000000e+00,0.000000000000000000e+00,0.000000000000000000e+00,1.000000000000000056e-01
9.965253960627438179e-01,-8.305247974647962661e-02,-6.278583435158870650e-03,1.675512381743198986e+01,8.309944794363600951e-02,9.965120388428420073e-01,7.631395203045180514e-03,9.730760363270034574e-01,5.622877684476769618e-03,-8.126625944555682102e-03,9.999511694064379119e-01,2.363448130620628973e-01,0.000000000000000000e+00,0.000000000000000000e+00,0.000000000000000000e+00,1.000000000000000056e-01
9.963073088132691213e-01,-8.569617923849341679e-02,-5.283111695317728798e-03,1.764707190597458819e+01,8.573802264973974518e-02,9.962833071535176499e-01,8.280299472986788270e-03,1.061698348622718502e+00,4.553885964087095450e-03,-8.702686434293652532e-03,9.999517615222508482e-01,2.591370779720674200e-01,0.000000000000000000e+00,0.000000000000000000e+00,0.000000000000000000e+00,1.000000000000000056e-01
9.962530447221218388e-01,-8.631267506048231897e-02,-5.476587058151753153e-03,1.855624212849660637e+01,8.635274739952542022e-02,9.962359477329455482e-01,7.559064835916701197e-03,1.145964630787623895e+00,4.803529791276199036e-03,-8.003659696878029015e-03,9.999564328174507244e-01,2.627640402589428992e-01,0.000000000000000000e+00,0.000000000000000000e+00,0.000000000000000000e+00,1.000000000000000056e-01
9.960570244540348783e-01,-8.853125210775625309e-02,-5.711517837405821925e-03,1.949408426028269403e+01,8.855725044993231765e-02,9.960610516932756342e-01,4.471542511665475839e-03,1.231080369529925500e+00,5.293149206480540596e-03,-4.959707644465637805e-03,9.999736915897134981e-01,2.804877381016561699e-01,0.000000000000000000e+00,0.000000000000000000e+00,0.000000000000000000e+00,1.000000000000000056e-01
9.959145571519874007e-01,-9.021298855431550412e-02,-3.976373833002475218e-03,2.042561639358248016e+01,9.022294161868557594e-02,9.959187049860545038e-01,2.398721445165334643e-03,1.314441212321544539e+00,3.743749248026567375e-03,-2.747681749981860551e-03,9.999892172351503294e-01,2.986542578954511917e-01,0.000000000000000000e+00,0.000000000000000000e+00,0.000000000000000000e+00,1.000000000000000056e-01
9.960215811961982135e-01,-8.911138137201132792e-02,4.141272717238286870e-04,2.134844858433834602e+01,8.910990782404867860e-02,9.960179610506317838e-01,2.765066388316651889e-03,1.410228382009367953e+00,-6.588770862460438223e-04,-2.717162953192877022e-03,9.999960914455970906e-01,3.063812806419945467e-01,0.000000000000000000e+00,0.000000000000000000e+00,0.000000000000000000e+00,1.000000000000000056e-01
9.959048104712190375e-01,-9.035730214838591512e-02,3.027611063299242948e-03,2.229729432884183282e+01,9.035541006515893092e-02,9.959092970292697800e-01,7.562821052907393914e-04,1.503624509529016606e+00,-3.083561616425561924e-03,-4.796239475901334067e-04,9.999951307924587196e-01,3.160097713223643523e-01,0.000000000000000000e+00,0.000000000000000000e+00,0.000000000000000000e+00,1.000000000000000056e-01
9.959658389955965418e-01,-8.947936117307844772e-02,6.744737048640519345e-03,2.327483304756487570e+01,8.947719217255356572e-02,9.959886764550157645e-01,6.232610221715762693e-04,1.597134364957255581e+00,-6.773450724220572705e-03,-1.724655380581766907e-05,9.999770597707944297e-01,3.272043441591221957e-01,0.000000000000000000e+00,0.000000000000000000e+00,0.000000000000000000e+00,1.000000000000000056e-01
9.961445735165720405e-01,-8.735326533383501457e-02,8.086760105470498783e-03,2.420761880911069142e+01,8.736656687619721862e-02,9.961753750691819675e-01,-1.305794027270497587e-03,1.692500655717065872e+00,-7.941765909026073100e-03,2.007272101962208691e-03,9.999664490436440678e-01,3.379602760280991380e-01,0.000000000000000000e+00,0.000000000000000000e+00,0.000000000000000000e+00,1.000000000000000056e-01
9.961951463994904721e-01,-8.695430011917756885e-02,5.846364757844670426e-03,2.516485526638142289e+01,8.697233015165578562e-02,9.962064966224091211e-01,-2.903424753194202255e-03,1.771010705727116274e+00,-5.571721286026461162e-03,3.400849612974474190e-03,9.999786948449556068e-01,3.432918247448641935e-01,0.000000000000000000e+00,0.000000000000000000e+00,0.000000000000000000e+00,1.000000000000000056e-01
9.964884403936093982e-01,-8.372580585142398724e-02,8.818142897262091400e-04,2.610833779084040529e+01,8.372875951739959521e-02,9.964799766001686265e-01,-4.141384382655270875e-03,1.871250477174432714e+00,-5.319695380137525560e-04,4.200674881146094185e-03,9.999910356292968094e-01,3.457475450397872740e-01,0.000000000000000000e+00,0.000000000000000000e+00,0.000000000000000000e+00,1.000000000000000056e-01
9.965195817440204440e-01,-8.335321354457428389e-02,-9.823403255067326284e-04,2.706211321991928997e+01,8.334705626112037802e-02,9.965070868616816568e-01,-5.185947073621030926e-03,1.956197882433073243e+00,1.411174449935864023e-03,5.086022634373878887e-03,9.999860703832000874e-01,3.545891509963412513e-01,0.000000000000000000e+00,0.000000000000000000e+00,0.000000000000000000e+00,1.000000000000000056e-01
9.966069301931282931e-01,-8.227911495142367637e-02,2.184933371876320984e-03,2.804098184957654993e+01,8.229335151162542328e-02,9.965798184226315470e-01,-7.514639691882949411e-03,2.037024824087394048e+00,-1.559162599983084270e-03,7.668947484836200444e-03,9.999693776593669980e-01,3.621377731118024523e-01,0.000000000000000000e+00,0.000000000000000000e+00,0.000000000000000000e+00,1.000000000000000056e-01
9.966065403186505911e-01,-8.191605108405122793e-02,8.072445037595056549e-03,2.904231386760225320e+01,8.198755065380461393e-02,9.965930387190372608e-01,-8.964190679878407397e-03,2.113046139383462307e+00,-7.310631428249174564e-03,9.595611056650191900e-03,9.999272368110440068e-01,3.799730926792260766e-01,0.000000000000000000e+00,0.000000000000000000e+00,0.000000000000000000e+00,1.000000000000000056e-01
9.967423410623529323e-01,-7.998310014563336789e-02,1.036384217525695463e-02,2.998417684072517986e+01,8.009789636722591810e-02,9.967243053960199717e-01,-1.117971512904558304e-02,2.182771221877665813e+00,-9.435705118600859129e-03,1.197341738665511773e-02,9.998837956207710098e-01,3.849497438777507163e-01,0.000000000000000000e+00,0.000000000000000000e+00,0.000000000000000000e+00,1.000000000000000056e-01
9.966326193340414585e-01,-8.145389231363740767e-02,9.417298249819707617e-03,3.088812717923752516e+01,8.162107320092969187e-02,9.964824772820646270e-01,-1.899138961024147629e-02,2.246525940642159380e+00,-7.837250085085453039e-03,1.969608836185178166e-02,9.997752955611305392e-01,3.968527302244729826e-01,0.000000000000000000e+00,0.000000000000000000e+00,0.000000000000000000e+00,1.000000000000000056e-01
9.966389720447773604e-01,-8.158176598343318264e-02,7.427978227871668594e-03,3.182305337711533966e+01,8.173285897989386595e-02,9.963882368433499837e-01,-2.302653345975197788e-02,2.323162197932146622e+00,-5.522604865656663940e-03,2.355625053408623784e-02,9.997072590995191854e-01,4.052010196811021148e-01,0.000000000000000000e+00,0.000000000000000000e+00,0.000000000000000000e+00,1.000000000000000056e-01
9.968174362093966678e-01,-7.962893862158471059e-02,3.772400154454538107e-03,3.279161585547499413e+01,7.969836978754182844e-02,9.965091177099918429e-01,-2.485454031081249862e-02,2.390717498678977204e+00,-1.780090484687137662e-03,2.507609329328351275e-02,9.996839604710144878e-01,4.048351566036835214e-01,0.000000000000000000e+00,0.000000000000000000e+00,0.000000000000000000e+00,1.000000000000000056e-01
9.966766837145122349e-01,-8.134104972947849010e-02,4.384263763576686478e-03,3.373745921687841332e+01,8.142658413498767012e-02,9.963555876935661360e-01,-2.540185559986359032e-02,2.468319285996972035e+00,-2.302072099192519275e-03,2.567443282168180990e-02,9.996677067722729015e-01,4.071806864879424226e-01,0.000000000000000000e+00,0.000000000000000000e+00,0.000000000000000000e+00,1.000000000000000056e-01
9.966600497492343891e-01,-8.147773771657941533e-02,5.488487081332285751e-03,3.469931654028809476e+01,8.159341542053304142e-02,9.963283164662274372e-01,-2.593068390122505243e-02,2.557526393950019905e+00,-3.355561631974891650e-03,2.629190111348400291e-02,9.996486763568352973e-01,4.234691682025399362e-01,0.000000000000000000e+00,0.000000000000000000e+00,0.000000000000000000e+00,1.000000000000000056e-01
9.965983045814026386e-01,-8.219861097129112226e-02,5.933604289485253785e-03,3.567122492433369274e+01,8.232086151600405410e-02,9.963009181865525310e-01,-2.465271141061746787e-02,2.638435619433981305e+00,-3.885236767140969483e-03,2.505730981216145251e-02,9.996784663881885802e-01,4.261175960263103857e-01,0.000000000000000000e+00,0.000000000000000000e+00,0.000000000000000000e+00,1.000000000000000056e-01
9.966731264125215928e-01,-8.136115115731964997e-02,4.800225978598277911e-03,3.663426458263582219e+01,8.145178639716488256e-02,9.964023684507937739e-01,-2.340783284200241565e-02,2.714721112357484589e+00,-2.878468308050923657e-03,2.372094492224715440e-02,9.997144748337873921e-01,4.433325593060339909e-01,0.000000000000000000e+00,0.000000000000000000e+00,0.000000000000000000e+00,1.000000000000000056e-01
9.964891516166213270e-01,-8.343387816579725391e-02,6.939645855602741796e-03,3.762544184038397077e+01,8.357261274327942857e-02,9.962374299274653344e-01,-2.294780187252108694e-02,2.810168217904836396e+00,-4.998910846187683797e-03,2.344719995508064148e-02,9.997125785467633197e-01,4.552963164341342073e-01,0.000000000000000000e+00,0.000000000000000000e+00,0.000000000000000000e+00,1.000000000000000056e-01
9.966440025036427119e-01,-8.124162569399429046e-02,1.002649131630389129e-02,3.861115729881665715e+01,8.145159937535964567e-02,9.964188537455640482e-01,-2.269592165064361622e-02,2.895938623856050498e+00,-8.146731412959566654e-03,2.343642794824263992e-02,9.996921349157008585e-01,4.782622937705655053e-01,0.000000000000000000e+00,0.000000000000000000e+00,0.000000000000000000e+00,1.000000000000000056e-01
9.966855262555134320e-01,-8.052182748001632251e-02,1.158434512817385284e-02,3.960364294977779309e+01,8.071857098594503732e-02,9.965805222643389083e-01,-1.765714986413130863e-02,2.982877199614168529e+00,-1.012294674277747220e-02,1.853369748905836847e-02,9.997769891363907924e-01,4.837659561571234779e-01,0.000000000000000000e+00,0.000000000000000000e+00,0.000000000000000000e+00,1.000000000000000056e-01
9.965567212170011180e-01,-8.231522317217365714e-02,9.945120981444444813e-03,4.059950282472330230e+01,8.249472242084862628e-02,9.964058471813184159e-01,-1.923560437278434496e-02,3.063739911500758417e+00,-8.325993630039475735e-03,1.998979081917539105e-02,9.997655155550616568e-01,4.984021638132406506e-01,0.000000000000000000e+00,0.000000000000000000e+00,0.000000000000000000e+00,1.000000000000000056e-01
9.965434820663252591e-01,-8.262461485866674782e-02,8.617503732552151199e-03,4.160580455734421434e+01,8.274819379345961512e-02,9.964555710996929605e-01,-1.513377838825389135e-02,3.141429436645994056e+00,-7.336536992588097925e-03,1.579455108072772007e-02,9.998483421905117741e-01,5.241009194230131785e-01,0.000000000000000000e+00,0.000000000000000000e+00,0.000000000000000000e+00,1.000000000000000056e-01
9.964660733004432336e-01,-8.372522318407500663e-02,6.741792341247780825e-03,4.263051607328801396e+01,8.381213283852782803e-02,9.963853442237486924e-01,-1.384818418345404659e-02,3.200121293985738191e+00,-5.557980771165334406e-03,1.436428971090218665e-02,9.998813809801884167e-01,5.294144557414899310e-01,0.000000000000000000e+00,0.000000000000000000e+00,0.000000000000000000e+00,1.000000000000000056e-01
9.965385050696403679e-01,-8.269106845837319308e-02,8.555414120838695721e-03,4.365005361751249779e+01,8.281059578988365921e-02,9.964566823650296001e-01,-1.471344266318990075e-02,3.287386899666110640e+00,-7.308429276589667803e-03,1.537099109657896583e-02,9.998551492562399723e-01,5.425136835815247416e-01,0.000000000000000000e+00,0.000000000000000000e+00,0.000000000000000000e+00,1.000000000000000056e-01
9.966278542375154315e-01,-8.153446341871375957e-02,9.222333378710964591e-03,4.464076223126377130e+01,8.168733829307744942e-02,9.965020041784533600e-01,-1.763333294978783675e-02,3.375593667981276358e+00,-7.752349354742847469e-03,1.832721864736103559e-02,9.998019874635846183e-01,5.605947812118602380e-01,0.000000000000000000e+00,0.000000000000000000e+00,0.000000000000000000e+00,1.000000000000000056e-01
9.964735441578509434e-01,-8.326089783088791441e-02,1.039705178817252468e-02,4.562182089070789459e+01,8.342472091904479248e-02,9.963780344873491845e-01,-1.646597493943742149e-02,3.469607696035551303e+00,-8.988422168044060689e-03,1.727527954972471122e-02,9.998103685116532802e-01,5.717356555690326081e-01,0.000000000000000000e+00,0.000000000000000000e+00,0.000000000000000000e+00,1.000000000000000056e-01
9.958265333338610636e-01,-9.082367087456599819e-02,8.976431202488708086e-03,4.653410309977749648e+01,9.095585621763338513e-02,9.957324806368094139e-01,-1.561599259039156591e-02,3.541692764433236107e+00,-7.519822337110354180e-03,1.636727875165793628e-02,9.998377690697045628e-01,5.828589509627587484e-01,0.000000000000000000e+00,0.000000000000000000e+00,0.000000000000000000e+00,1.000000000000000056e-01
9.960504120831270569e-01,-8.869281622231030282e-02,4.142576443252775006e-03,4.748163055253311171e+01,8.874685415248577403e-02,9.959337487492304630e-01,-1.549077081174875768e-02,3.638187117056819186e+00,-2.751811597860628900e-03,1.579722927795250420e-02,9.998714292748192012e-01,5.818840692137459136e-01,0.000000000000000000e+00,0.000000000000000000e+00,0.000000000000000000e+00,1.000000000000000056e-01
9.962101976178889817e-01,-8.693802663656946539e-02,2.649846536268085032e-03,4.843140507699485653e+01,8.697172798280711215e-02,9.960487453187816254e-01,-1.796706655427044580e-02,3.729732365750018985e+00,-1.077355007060965420e-03,1.812943665479201799e-02,9.998350678150714765e-01,5.860330178813104585e-01,0.000000000000000000e+00,0.000000000000000000e+00,0.000000000000000000e+00,1.000000000000000056e-01
9.963673485989190670e-01,-8.504496816767155576e-02,4.411353003304223017e-03,4.940424813255308578e+01,8.511099018501470936e-02,9.962097805740746104e-01,-1.794971972707016042e-02,3.836314496130238894e+00,-2.868099664649177531e-03,1.825996927472147216e-02,9.998291591699053349e-01,5.979141612695556551e-01,0.000000000000000000e+00,0.000000000000000000e+00,0.000000000000000000e+00,1.000000000000000056e-01
9.964560262489671194e-01,-8.391610013829464698e-02,5.785835263587089244e-03,5.042135901418899380e+01,8.400385580415484221e-02,9.963185719460129208e-01,-1.710717409428389943e-02,3.934305716304713929e+00,-4.328967792952805385e-03,1.753257918952837516e-02,9.998369210550340780e-01,6.219314452862521048e-01,0.000000000000000000e+00,0.000000000000000000e+00,0.000000000000000000e+00,1.000000000000000056e-01
9.965629655270723530e-01,-8.265095680825390589e-02,5.574502539906212896e-03,5.136608789828689936e+01,8.274061351720160551e-02,9.964005799266217878e-01,-1.843570439904513789e-02,4.020772227596271620e+00,-4.030708955549760879e-03,1.883357800769795351e-02,9.998145076586674174e-01,6.296431186033336624e-01,0.000000000000000000e+00,0.000000000000000000e+00,0.000000000000000000e+00,1.000000000000000056e-01
9.966760344543568184e-01,-8.133534101285494478e-02,4.630836496836324839e-03,5.232215734918014505e+01,8.141231230451673184e-02,9.964794351615302581e-01,-2.001925836262349531e-02,4.108567593824888675e+00,-2.986260130944430775e-03,2.032972214468839814e-02,9.997888700360442193e-01,6.458796797386995303e-01,0.000000000000000000e+00,0.000000000000000000e+00,0.000000000000000000e+00,1.000000000000000056e-01
9.966380083266677126e-01,-8.182744714761640281e-02,4.116946921814960969e-03,5.330585463921169520e+01,8.189863351110913958e-02,9.963975486689585770e-01,-2.201224285490665719e-02,4.197283999687906331e+00,-2.300910182086271169e-03,2.227541020485150278e-02,9.997492245120971344e-01,6.684678444482730075e-01,0.000000000000000000e+00,0.000000000000000000e+00,0.000000000000000000e+00,1.000000000000000056e-01
9.966219351015280781e-01,-8.198117225595305535e-02,4.879125948916059226e-03,5.426319423044694901e+01,8.207488101949558801e-02,9.963401190520599915e-01,-2.387637059861784025e-02,4.276959005854079621e+00,-2.903856077920759921e-03,2.419616835093215887e-02,9.997030124276969909e-01,6.689197968129866334e-01,0.000000000000000000e+00,0.000000000000000000e+00,0.000000000000000000e+00,1.000000000000000056e-01
9.965375094185460192e-01,-8.263337178731151866e-02,9.204248418050179487e-03,5.521272874427764776e+01,8.285057529213572802e-02,9.962109605578659544e-01,-2.644814243261915665e-02,4.350055747257511207e+00,-6.983873971040600176e-03,2.711914326511644796e-02,9.996078118807009139e-01,6.863710303664076751e-01,0.000000000000000000e+00,0.000000000000000000e+00,0.000000000000000000e+00,1.000000000000000056e-01
9.963161585676811871e-01,-8.468631671976145636e-02,1.350333060320073157e-02,5.616222401043393120e+01,8.500961278629426410e-02,9.960537923793030268e-01,-2.549918470721213026e-02,4.438052466622489867e+00,-1.129061162485892576e-02,2.655316266000076753e-02,9.995836391427623813e-01,7.128311481177702635e-01,0.000000000000000000e+00,0.000000000000000000e+00,0.000000000000000000e+00,1.000000000000000056e-01
9.961565793568653016e-01,-8.642425550715208959e-02,1.424491011076884847e-02,5.711916688196775738e+01,8.672928938336373073e-02,9.959799976356702444e-01,-2.240255951240805246e-02,4.512962904627424443e+00,-1.225152101112935918e-02,2.355190798395588245e-02,9.996475418182295680e-01,7.107706140112590720e-01,0.000000000000000000e+00,0.000000000000000000e+00,0.000000000000000000e+00,1.000000000000000056e-01
9.961470232635177835e-01,-8.721497370003641891e-02,9.200891572801102661e-03,5.801441867101966920e+01,8.740542878546297967e-02,9.959104368982792943e-01,-2.286247352995349202e-02,4.595467397960536715e+00,-7.169313918489369705e-03,2.357859282443337812e-02,9.996962793260549818e-01,7.233018640171620106e-01,0.000000000000000000e+00,0.000000000000000000e+00,0.000000000000000000e+00,1.000000000000000056e-01
9.959593210287712717e-01,-8.970906673448360291e-02,4.161033710142826234e-03,5.894379827498912050e+01,8.977811858655805610e-02,9.957305788677363045e-01,-2.145935066073994396e-02,4.672787913174753172e+00,-2.218170184385676643e-03,2.174621009166073649e-02,9.997610624882740105e-01,7.384428748296653078e-01,0.000000000000000000e+00,0.000000000000000000e+00,0.000000000000000000e+00,1.000000000000000056e-01
9.959577280044299430e-01,-8.982262525896085592e-02,3.162591378517159860e-04,5.989232998071173597e+01,8.980927967813291668e-02,9.957354622164110713e-01,-2.109934995124634199e-02,4.773999732138743290e+00,1.580288565069532403e-03,2.104246364517577822e-02,9.997773339158038119e-01,7.523338232112131152e-01,0.000000000000000000e+00,0.000000000000000000e+00,0.000000000000000000e+00,1.000000000000000056e-01
9.959267823680649778e-01,-9.016558306781005672e-02,1.085911359229704744e-04,6.079750394965165583e+01,9.015396911491116438e-02,9.957776717415838252e-01,-1.729422775778896929e-02,4.865613436954190796e+00,1.451211500987398045e-03,1.723357452626939415e-02,9.998504377626820094e-01,7.622871691704854458e-01,0.000000000000000000e+00,0.000000000000000000e+00,0.000000000000000000e+00,1.000000000000000056e-01
9.957675819234896863e-01,-9.190657711124490536e-02,3.222948045239705972e-04,6.173766609539967476e+01,9.189994555135806709e-02,9.956396040223530752e-01,-1.600558995692771824e-02,4.958276727632633829e+00,1.150129516032636278e-03,1.596746648365604537e-02,9.998718503969344917e-01,7.813549365607834751e-01,0.000000000000000000e+00,0.000000000000000000e+00,0.000000000000000000e+00,1.000000000000000056e-01
9.956279250064303810e-01,-9.338574786027420416e-02,2.033972459799510742e-03,6.262135204708132363e+01,9.340453211987290172e-02,9.955407994656432225e-01,-1.319507403448745911e-02,5.045102577220624163e+00,-7.926707119376091111e-04,1.332736642721525644e-02,9.999108725167744627e-01,8.040708236377113183e-01,0.000000000000000000e+00,0.000000000000000000e+00,0.000000000000000000e+00,1.000000000000000056e-01
9.955033820610772466e-01,-9.470988898143366252e-02,1.747350589148770296e-03,6.344667136711952793e+01,9.472373415378955441e-02,9.954378906540312100e-01,-1.143765877333171449e-02,5.135239862896767704e+00,-6.561195920655631727e-04,1.155174356439226876e-02,9.999330611234451549e-01,8.209796117600844934e-01,0.000000000000000000e+00,0.000000000000000000e+00,0.000000000000000000e+00,1.000000000000000056e-01
9.952822720371502507e-01,-9.697472748774388362e-02,3.016819060838423720e-03,6.426456977352459887e+01,9.700059810368977242e-02,9.952328274057581359e-01,-1.012438746131300547e-02,5.220279981371541034e+00,-2.020627648648648782e-03,1.036925660875198142e-02,9.999441962336135248e-01,8.341642519074328188e-01,0.000000000000000000e+00,0.000000000000000000e+00,0.000000000000000000e+00,1.000000000000000056e-01
9.953218653683059136e-01,-9.653803463210675062e-02,3.846061508369999320e-03,6.505375188451613155e+01,9.657484182082931579e-02,9.952656374046230381e-01,-1.093667814517770148e-02,5.304344939990145669e+00,-2.772047445085883653e-03,1.125694767419506762e-02,9.999327961828348155e-01,8.498724823061746259e-01,0.000000000000000000e+00,0.000000000000000000e+00,0.000000000000000000e+00,1.000000000000000056e-01
9.952423110812073093e-01,-9.736185366816633990e-02,3.662196613516040429e-03,6.584919111159337035e+01,9.739877021266903079e-02,9.951753227433718374e-01,-1.181340610007572574e-02,5.383428138391613160e+00,-2.494352580767312741e-03,1.211389503521365964e-02,9.999235129510050113e-01,8.635448248773051061e-01,0.000000000000000000e+00,0.000000000000000000e+00,0.000000000000000000e+00,1.000000000000000056e-01
9.952583943340300721e-01,-9.716387412311833227e-02,4.462070487470902458e-03,6.659325565256260404e+01,9.721257008595804439e-02,9.951858882204759338e-01,-1.244042218355715518e-02,5.459421537677796366e+00,-3.231829966294505214e-03,1.281520394723629358e-02,9.999126590972131634e-01,8.814671347543414637e-01,0.000000000000000000e+00,0.000000000000000000e+00,0.000000000000000000e+00,1.000000000000000056e-01
9.952791477684471699e-01,-9.688025565916497106e-02,5.799489695518161847e-03,6.739330021647373314e+01,9.694074820713635687e-02,9.952264362287008836e-01,-1.126197001239389456e-02,5.549620029784791519e+00,-4.680742927589045393e-03,1.177101078643231005e-02,9.999197637564283259e-01,8.845975437858548673e-01,0.000000000000000000e+00,0.000000000000000000e+00,0.000000000000000000e+00,1.000000000000000056e-01
9.950336115946428750e-01,-9.908157723718793997e-02,9.536920315932157985e-03,6.813938340164450835e+01,9.918220758478799026e-02,9.950114397588245563e-01,-1.072960612879331893e-02,5.625639664739500390e+00,-8.426238516046199653e-03,1.162221154781559532e-02,9.998969560425756686e-01,8.939030159891261373e-01,0.000000000000000000e+00,0.000000000000000000e+00,0.000000000000000000e+00,1.000000000000000056e-01
9.948670042705717309e-01,-1.004060386018988532e-01,1.258058925377538231e-02,6.886803456309233695e+01,1.005374624835465441e-01,9.948800746177212107e-01,-1.028862313465677726e-02,5.705237355037409586e+00,-1.148313768391221595e-02,1.150063219616723718e-02,9.998679277824751299e-01,9.082427228023621790e-01,0.000000000000000000e+00,0.000000000000000000e+00,0.000000000000000000e+00,1.000000000000000056e-01
9.948151304664961669e-01,-1.013432649716080047e-01,8.508750779202232939e-03,6.955918337528751749e+01,1.013979956721794418e-01,9.948262010057675742e-01,-6.267077955211817000e-03,5.785762787525086104e+00,-7.829602071165869814e-03,7.097354248342947064e-03,9.999441608880371701e-01,9.226242883344955015e-01,0.000000000000000000e+00,0.000000000000000000e+00,0.000000000000000000e+00,1.000000000000000056e-01
9.948112484992389648e-01,-1.016820910098005792e-01,3.366337365757104353e-03,7.025920467055449592e+01,1.017048457920201043e-01,9.947865736764557321e-01,-7.469750697244580476e-03,5.863812981222761067e+00,-2.589247343702790870e-03,7.773364839772183704e-03,9.999664347353169891e-01,9.253599655911065591e-01,0.000000000000000000e+00,0.000000000000000000e+00,0.000000000000000000e+00,1.000000000000000056e-01
9.948538061285275846e-01,-1.013198537311626318e-01,-4.378030125720287140e-04,7.101139164127282299e+01,1.013120730234209760e-01,9.948155444721259455e-01,-8.825890115149347820e-03,5.942978518449563374e+00,1.329771137837625853e-03,8.736115642748905341e-03,9.999609552338518670e-01,9.532800141193658039e-01,0.000000000000000000e+00,0.000000000000000000e+00,0.000000000000000000e+00,1.000000000000000056e-01
9.946586658309293227e-01,-1.032168700677624645e-01,-6.451518040653976549e-04,7.174157566114159579e+01,1.032088117212570516e-01,9.946294814141370955e-01,-7.754733066384304069e-03,6.025073713354530902e+00,1.442106279634131245e-03,7.646727094607388628e-03,9.999697234887758857e-01,9.635570697293897036e-01,0.000000000000000000e+00,0.000000000000000000e+00,0.000000000000000000e+00,1.000000000000000056e-01
9.944980197218888929e-01,-1.047464566637194006e-01,1.366962192969161261e-03,7.242093125188519309e+01,1.047531529400259898e-01,9.944772528700123182e-01,-6.463008064142978376e-03,6.112526671799166422e+00,-6.824356123331175956e-04,6.570642320900122249e-03,9.999781802325117264e-01,9.743615088705460670e-01,0.000000000000000000e+00,0.000000000000000000e+00,0.000000000000000000e+00,1.000000000000000056e-01
9.944072691718909285e-01,-1.055259327318542328e-01,4.296572956986745295e-03,7.303237097365988006e+01,1.055492649350559531e-01,9.943981747132769611e-01,-5.623415205421752189e-03,6.169724576457350729e+00,-3.679088171259424240e-03,6.045465075192922935e-03,9.999749580175759656e-01,9.901815546733050422e-01,0.000000000000000000e+00,0.000000000000000000e+00,0.000000000000000000e+00,1.000000000000000056e-01
9.943344891951219067e-01,-1.062903943183444583e-01,1.129456828264724638e-03,7.360299626318534649e+01,1.062956472670706504e-01,9.943112174506153478e-01,-6.814559703282260100e-03,6.224855420512755089e+00,-3.987093560020371153e-04,6.896008086273438392e-03,9.999761427670779135e-01,1.000285798669165116e+00,0.000000000000000000e+00,0.000000000000000000e+00,0.000000000000000000e+00,1.000000000000000056e-01
9.945094515659578249e-01,-1.046366373166175423e-01,-1.457695801078828009e-03,7.423667325767517866e+01,1.046130672621733149e-01,9.944461131769587459e-01,-1.153404288354225801e-02,6.281905414001048626e+00,2.656483385576738788e-03,1.131822063356380248e-02,9.999324182052066190e-01,1.019159632873414267e+00,0.000000000000000000e+00,0.000000000000000000e+00,0.000000000000000000e+00,1.000000000000000056e-01
9.945784359942501096e-01,-1.039015008025320208e-01,-4.267644105684554115e-03,7.485323449174366317e+01,1.038217624476181489e-01,9.944686539770752898e-01,-1.591030795725054472e-02,6.336023954612401532e+00,5.897143164422117070e-03,1.538097487175775838e-02,9.998643154520980847e-01,1.040509240648365363e+00,0.000000000000000000e+00,0.000000000000000000e+00,0.000000000000000000e+00,1.000000000000000056e-01
9.951289321749973160e-01,-9.846898266729627036e-02,-4.718877061046166180e-03,7.543846040277331610e+01,9.839205069867372477e-02,9.950430749471682601e-01,-1.443202546400263776e-02,6.389949366563889122e+00,6.116592806389887713e-03,1.389742609808405395e-02,9.998847177751488680e-01,1.053583171280253472e+00,0.000000000000000000e+00,0.000000000000000000e+00,0.000000000000000000e+00,1.000000000000000056e-01
9.955016513080505725e-01,-9.466169701420633353e-02,-3.952892780610938253e-03,7.599739591937880334e+01,9.461407803978295894e-02,9.954547006966100176e-01,-1.086807700121893323e-02,6.467640495716264759e+00,4.963716312025303126e-03,1.044518929522887836e-02,9.999331275345170189e-01,1.056855027785896350e+00,0.000000000000000000e+00,0.000000000000000000e+00,0.000000000000000000e+00,1.000000000000000056e-01
9.961280931991294274e-01,-8.790868595456274859e-02,-9.406769948234516886e-04,7.654486988801565417e+01,8.788572588957760390e-02,9.960239039331624245e-01,-1.457676159523772601e-02,6.506127754722449197e+00,2.218360730034453845e-03,1.443764965236477189e-02,9.998933108828096383e-01,1.074358149891915692e+00,0.000000000000000000e+00,0.000000000000000000e+00,0.000000000000000000e+00,1.000000000000000056e-01
9.967803590839768857e-01,-8.015246619630350677e-02,2.120826977520989202e-03,7.709913545404548074e+01,8.017682573333920204e-02,9.966395978450687254e-01,-1.676867980925885598e-02,6.531072019028521858e+00,-7.696491044072335808e-04,1.688473185662454218e-02,9.998571465316362650e-01,1.088854540552997241e+00,0.000000000000000000e+00,0.000000000000000000e+00,0.000000000000000000e+00,1.000000000000000056e-01
9.974083319122718505e-01,-7.186904584381192951e-02,3.385215130451003744e-03,7.762838123392036493e+01,7.192158287389163740e-02,9.972201523385747501e-01,-1.947443675035763488e-02,6.562953552490815134e+00,-1.976195560493329735e-03,1.966743550465593904e-02,9.998046242300426822e-01,1.102878329719687356e+00,0.000000000000000000e+00,0.000000000000000000e+00,0.000000000000000000e+00,1.000000000000000056e-01
9.982170047030115567e-01,-5.955005452356044310e-02,4.074619980917493743e-03,7.810628154352352226e+01,5.960900939203680332e-02,9.980883251502834508e-01,-1.632363923890912949e-02,6.594717385284980971e+00,-3.094757025677852269e-03,1.653741832762790909e-02,9.998584581199526644e-01,1.114256161904743303e+00,0.000000000000000000e+00,0.000000000000000000e+00,0.000000000000000000e+00,1.000000000000000056e-01
9.989720465734235333e-01,-4.519861533072604132e-02,3.454755720862735281e-03,7.859067220798667108e+01,4.523830099487574641e-02,9.988988512695299304e-01,-1.243306299793505570e-02,6.625287296643599610e+00,-2.888994289160272746e-03,1.257656966738764440e-02,9.999167383374470974e-01,1.119477288087375122e+00,0.000000000000000000e+00,0.000000000000000000e+00,0.000000000000000000e+00,1.000000000000000056e-01
9.996142442724864630e-01,-2.765528475953629023e-02,2.558881086488413482e-03,7.905507218724847007e+01,2.767336973039221520e-02,9.995901815088102937e-01,-7.324864432102596266e-03,6.637127399822843721e+00,-2.355261198007618968e-03,7.392851686097154547e-03,9.999698987912768455e-01,1.118990691059160270e+00,0.000000000000000000e+00,0.000000000000000000e+00,0.000000000000000000e+00,1.000000000000000056e-01
9.999772129143251753e-01,-5.437217278921182423e-03,4.001289837063211167e-03,7.953702372303158086e+01,5.465783043300535132e-03,9.999594062588296195e-01,-7.163173194374229495e-03,6.655575124980572355e+00,-3.962179680674860795e-03,7.184880148675697013e-03,9.999663387481736443e-01,1.133495243391528406e+00,0.000000000000000000e+00,0.000000000000000000e+00,0.000000000000000000e+00,1.000000000000000056e-01
9.997968298589102742e-01,1.951399744598678737e-02,5.050040371242746177e-03,8.001582326744035356e+01,-1.946557855761336248e-02,9.997657188488956459e-01,-9.465657186282908087e-03,6.641338906115784368e+00,-5.233570052129159385e-03,9.365432089811318028e-03,9.999424475569984594e-01,1.147512887826334538e+00,0.000000000000000000e+00,0.000000000000000000e+00,0.000000000000000000e+00,1.000000000000000056e-01
9.988199254151473028e-01,4.813069625918700578e-02,6.495588601924345493e-03,8.048869781209202756e+01,-4.805707270803627473e-02,9.987834587166456446e-01,-1.105080796815756730e-02,6.633721804263728927e+00,-7.019569531964413300e-03,1.072560821680808643e-02,9.999178401108590464e-01,1.153930906246762866e+00,0.000000000000000000e+00,0.000000000000000000e+00,0.000000000000000000e+00,1.000000000000000056e-01
9.967615625223470444e-01,7.984274352814722808e-02,9.566806358847561656e-03,8.098947489215238704e+01,-7.973346713397090613e-02,9.967520948032612127e-01,-1.130644613070842276e-02,6.590730998280204034e+00,-1.043847195738743273e-02,1.050703627142943707e-02,9.998903142305088920e-01,1.159426138578895094e+00,0.000000000000000000e+00,0.000000000000000000e+00,0.000000000000000000e+00,1.000000000000000056e-01
