1.000000000000000000e+00,-2.185862719394676511e-12,9.582304377229943398e-13,1.477981014427246548e-19,2.185862719394951968e-12,1.000000000000000000e+00,-2.878453871786897017e-13,4.998327426380087838e-19,-9.582304377223650687e-13,2.878453871807843104e-13,1.000000000000000000e+00,-3.039721899439801395e-19,0.000000000000000000e+00,0.000000000000000000e+00,0.000000000000000000e+00,1.000000000000000056e-01
9.999970939689972749e-01,-2.268565501707727611e-03,-8.158824209466051343e-04,6.462950691480697785e-01,2.267375118331426548e-03,9.999963680872995253e-01,-1.456990831415260661e-03,1.709487325683831452e-02,8.191847368693316476e-04,1.455136685853995445e-03,9.999986057558242214e-01,6.593411280818728057e-03,0.000000000000000000e+00,0.000000000000000000e+00,0.000000000000000000e+00,1.000000000000000056e-01
9.999758034462643552e-01,-6.899780383671335476e-03,-8.863140838738260956e-04,1.299010261617482342e+00,6.899111828544499808e-03,9.999759157007825916e-01,-7.551651201385806405e-04,1.889742995971895739e-02,8.915032111025944766e-04,7.490320677653124117e-04,9.999993220862632981e-01,1.042842877988150833e-02,0.000000000000000000e+00,0.000000000000000000e+00,0.000000000000000000e+00,1.000000000000000056e-01
9.999237140184121797e-01,-1.194261022587700741e-02,-3.152809004258005747e-03,2.001015451414623669e+00,1.194215879675503827e-02,9.999286767608752680e-01,-1.619707322749033623e-04,2.352290307954496215e-02,3.154518489031039874e-03,1.243070303939150740e-04,9.999950167680159430e-01,1.658909069990959981e-02,0.000000000000000000e+00,0.000000000000000000e+00,0.000000000000000000e+00,1.000000000000000056e-01
9.998455027368007286e-01,-1.707967282421782654e-02,-4.153965961804728657e-03,2.705494481071131663e+00,1.707618866936513533e-02,9.998538103301729540e-01,-8.727821966751429751e-04,3.302806275609916631e-02,4.168265529258313382e-03,8.017134477244892239e-04,9.999909913684349450e-01,1.897927349360916185e-02,0.000000000000000000e+00,0.000000000000000000e+00,0.000000000000000000e+00,1.000000000000000056e-01
9.997466863989504793e-01,-2.213971093287777844e-02,-4.049226361550866890e-03,3.417110498119003026e+00,2.213853876290025266e-02,9.997548566987438656e-01,-3.340789093521564232e-04,3.938518435221020214e-02,4.055630131314890557e-03,2.443503278556423235e-04,9.999917460445136852e-01,3.632807498079669573e-02,0.000000000000000000e+00,0.000000000000000000e+00,0.000000000000000000e+00,1.000000000000000056e-01
9.996150874213779458e-01,-2.739862522900394018e-02,-4.358019631841857783e-03,4.159163977945368629e+00,2.740468473394728696e-02,9.996235272033634489e-01,1.336830632305991860e-03,6.779894282475858180e-02,4.319751634514057761e-03,-1.455746223455109184e-03,9.999896102204007819e-01,4.716184908301724460e-02,0.000000000000000000e+00,0.000000000000000000e+00,0.000000000000000000e+00,1.000000000000000056e-01
9.994660272450119898e-01,-3.233415873534484924e-02,-4.707713027636250581e-03,4.927043090237144263e+00,3.235018566113714161e-02,9.994709177330692862e-01,3.368989983104604853e-03,1.001406865257878087e-01,4.596288803264038207e-03,-3.519486424725186066e-03,9.999832435318819490e-01,5.710534500196819824e-02,0.000000000000000000e+00,0.000000000000000000e+00,0.000000000000000000e+00,1.000000000000000056e-01
9.993091902779729363e-01,-3.689688024816373257e-02,-4.445498164970826047e-03,5.697601392213415217e+00,3.691422538909618078e-02,9.993108860802929483e-01,3.884961433889881199e-03,1.416512982415823740e-01,4.299091753510342340e-03,-4.046379785990196661e-03,9.999825721584963967e-01,6.515151562224329174e-02,0.000000000000000000e+00,0.000000000000000000e+00,0.000000000000000000e+00,1.000000000000000056e-01
9.991987469954867196e-01,-3.997644161898835508e-02,-1.936005716153354041e-03,6.491115240296434941e+00,3.998452612329247285e-02,9.991908970696390391e-01,4.334614615598203144e-03,1.839079249282645767e-01,1.761156820133943446e-03,-4.408551763746425614e-03,9.999887314355103696e-01,7.638843379154149071e-02,0.000000000000000000e+00,0.000000000000000000e+00,0.000000000000000000e+00,1.000000000000000056e-01
9.990583700211398410e-01,-4.338561794718463066e-02,-2.478831258864510690e-04,7.288508049176090964e+00,4.338607636698976061e-02,9.990556981797408254e-01,2.315234776073527706e-03,2.203977207291482332e-01,1.472011579467033125e-04,-2.323809357830075063e-03,9.999972891172693723e-01,8.316995101947451119e-02,0.000000000000000000e+00,0.000000000000000000e+00,0.000000000000000000e+00,1.000000000000000056e-01
9.989360951232679753e-01,-4.611320593050708544e-02,5.000986782487277247e-04,8.096945857895484266e+00,4.611169973742840905e-02,9.989326623754567480e-01,2.692059956043046931e-03,2.713199451603283685e-01,-6.237044192437334695e-04,-2.666135460236867746e-03,9.999962513502264061e-01,9.755379104776362720e-02,0.000000000000000000e+00,0.000000000000000000e+00,0.000000000000000000e+00,1.000000000000000056e-01
9.988139613715489862e-01,-4.868924737797800106e-02,-1.666104432546797924e-04,8.927474621010452083e+00,4.868946574285816509e-02,9.988124093373637047e-01,1.762634212094192805e-03,3.060620083649016610e-01,8.059124505843136667e-05,-1.768655833300070927e-03,9.999984326795690048e-01,1.009447205009797038e-01,0.000000000000000000e+00,0.000000000000000000e+00,0.000000000000000000e+00,1.000000000000000056e-01
9.987065218481315787e-01,-5.083623309660794537e-02,-9.801135418260635210e-04,9.700699484396373862e+00,5.083829595533379681e-02,9.987044542580829631e-01,2.209232767858586386e-03,3.769875368830526430e-01,8.665346879488320915e-04,-2.256202475850153672e-03,9.999970793297461302e-01,1.185071891976569175e-01,0.000000000000000000e+00,0.000000000000000000e+00,0.000000000000000000e+00,1.000000000000000056e-01
9.985755736645535174e-01,-5.334226527076304375e-02,-1.194326710506247915e-03,1.050316605097119371e+01,5.334264551799412085e-02,9.985762258161615668e-01,2.887973196928854793e-04,4.395595395818546192e-01,1.177221155732217049e-03,-3.520944955363153848e-04,9.999992450896234564e-01,1.270136266935683322e-01,0.000000000000000000e+00,0.000000000000000000e+00,0.000000000000000000e+00,1.000000000000000056e-01
9.984414154465370839e-01,-5.579988661024541663e-02,-1.054786897585199357e-03,1.131009890953826691e+01,5.579971448686994739e-02,9.984419637734168740e-01,-1.919361008542588365e-04,4.969361070621438614e-01,1.063853514051516435e-03,1.327801444824700276e-04,9.999994252924018223e-01,1.502758647087810984e-01,0.000000000000000000e+00,0.000000000000000000e+00,0.000000000000000000e+00,1.000000000000000056e-01
9.982842435035480522e-01,-5.851786036265597957e-02,-2.056499726615758708e-03,1.216417276111245549e+01,5.851843118368027508e-02,9.982863043691478921e-01,2.184508868166198914e-04,5.463637048353877645e-01,2.040192233528575518e-03,-3.384192160196301488e-04,9.999978615417557393e-01,1.548406095081077127e-01,0.000000000000000000e+00,0.000000000000000000e+00,0.000000000000000000e+00,1.000000000000000056e-01
9.981960823307904906e-01,-5.992521704449171177e-02,-3.680975635923183428e-03,1.304149463615644677e+01,5.993809648822660124e-02,9.981959800748427813e-01,3.494274143816018894e-03,6.076050214730671639e-01,3.464939946050829035e-03,-3.708601433783702706e-03,9.999871201503425233e-01,1.696374205982072447e-01,0.000000000000000000e+00,0.000000000000000000e+00,0.000000000000000000e+00,1.000000000000000056e-01
9.983648631354309355e-01,-5.701299795379926455e-02,-4.137405091643814314e-03,1.392819901146980399e+01,5.704225354420616040e-02,9.983448145516571337e-01,7.335705038767392598e-03,6.697805725493568563e-01,3.712326382577305506e-03,-7.559717067283534299e-03,9.999645340264282645e-01,1.874717900588442343e-01,0.000000000000000000e+00,0.000000000000000000e+00,0.000000000000000000e+00,1.000000000000000056e-01
9.975262900855923487e-01,-7.015845216186888944e-02,-4.369459729247882583e-03,1.488592559222442446e+01,7.017999440629807406e-02,9.975218686543891877e-01,4.988981999122517330e-03,7.614555140610893558e-01,4.008612379207586278e-03,-5.283289364245647574e-03,9.999780086983347527e-01,1.914636882242174154e-01,0.000000000000000000e+00,0.000000000000000000e+00,0.000000000000000000e+00,1.000000000000000056e-01
9.972715135295477928e-01,-7.375126191475678272e-02,-3.206192206639637329e-03,1.582625559528311676e+01,7.375464110054302802e-02,9.972759663058415880e-01,9.486542467890287213e-04,8.420594950335884565e-01,3.127493983217319046e-03,-1.182537412011592376e-03,9.999944101777039629e-01,1.889455869024256329e-01,0.000000000000000000e+00,0.000000000000000000e+00,0.000000000000000000e+00,1.000000000000000056e-01
9.970663219176859604e-01,-7.652922045089809167e-02,-1.424118925977647032e-03,1.673082851571472318e+01,7.653226602700462233e-02,9.970646261114750608e-01,2.223423926363655469e-03,9.262254430587079090e-01,1.249781704651692403e-03,-2.325892164820203036e-03,9.999965141295885651e-01,2.046669775640592992e-01,0.000000000000000000e+00,0.000000000000000000e+00,0.000000000000000000e+00,1.000000000000000056e-01
9.970228270925085567e-01,-7.709913776702416455e-02,-1.097821498786048615e-03,1.760295003758299970e+01,7.710097215505161417e-02,9.970217711127761229e-01,1.740120653594109772e-03,1.001929768702427559e+00,9.603901330826521967e-04,-1.819583118337583273e-03,9.999978833817938506e-01,2.211730010580690020e-01,0.000000000000000000e+00,0.000000000000000000e+00,0.000000000000000000e+00,1.000000000000000056e-01
9.969680757513497138e-01,-7.778931492520610447e-02,-1.865051237403754156e-03,1.850190306721690803e+01,7.779098175547358163e-02,9.969693376857585720e-01,8.383745818179099514e-04,1.075432806371507288e+00,1.794182312534104134e-03,-9.809168603757429522e-04,9.999979093537858521e-01,2.239909244313512404e-01,0.000000000000000000e+00,0.000000000000000000e+00,0.000000000000000000e+00,1.000000000000000056e-01
9.967995315208842966e-01,-7.994085544418101652e-02,-3.919063639496046369e-04,1.941982769802034170e+01,7.994086040589921949e-02,9.967996081602795710e-01,-3.012914712053200013e-06,1.151465346382091193e+00,3.908929649999476775e-04,-2.832605995919185705e-05,9.999999232001591798e-01,2.339653705549595841e-01,0.000000000000000000e+00,0.000000000000000000e+00,0.000000000000000000e+00,1.000000000000000056e-01
9.966340916658005256e-01,-8.197143914179894075e-02,1.081893944425583098e-03,2.034520321099136453e+01,8.197386758068123114e-02,9.966315102705850526e-01,-2.432646632325682380e-03,1.214998373861757797e+00,-8.788420504102824066e-04,2.513145597688459104e-03,9.999964558616472043e-01,2.499642048793669080e-01,0.000000000000000000e+00,0.000000000000000000e+00,0.000000000000000000e+00,1.000000000000000056e-01
9.966583915084651357e-01,-8.157988770437755999e-02,4.095431344826703721e-03,2.127856477682666991e+01,8.158685289906923710e-02,9.966650098328176943e-01,-1.563204713120288627e-03,1.304672054303008366e+00,-3.954247056606029903e-03,1.892114449665532319e-03,9.999903918704042827e-01,2.522646533790739443e-01,0.000000000000000000e+00,0.000000000000000000e+00,0.000000000000000000e+00,1.000000000000000056e-01
9.967770274826652788e-01,-7.987313876258164691e-02,7.472562280457270556e-03,2.224172314198741418e+01,7.988771562466118192e-02,9.968024656617507917e-01,-1.672525912346768239e-03,1.394888254590030074e+00,-7.315078611689914898e-03,2.264101337745484058e-03,9.999706813052257059e-01,2.639131450110812072e-01,0.000000000000000000e+00,0.000000000000000000e+00,0.000000000000000000e+00,1.000000000000000056e-01
9.969359023991574142e-01,-7.760074440493605619e-02,9.845352983895968094e-03,2.321433727803019664e+01,7.761264171885010055e-02,9.969832427466714941e-01,-8.315814769587980514e-04,1.472127195593414539e+00,-9.751120602224860531e-03,1.593157283885072561e-03,9.999511875571075459e-01,2.665960118107406074e-01,0.000000000000000000e+00,0.000000000000000000e+00,0.000000000000000000e+00,1.000000000000000056e-01
9.970896569786025232e-01,-7.551501576298320917e-02,1.047369756146832032e-02,2.413411449090478555e+01,7.553817947262787824e-02,9.971412248025993685e-01,-1.833368793519723604e-03,1.557830843178250158e+00,-1.030530874131251745e-02,2.619197107586074356e-03,9.999434686112299575e-01,2.640280725020129338e-01,0.000000000000000000e+00,0.000000000000000000e+00,0.000000000000000000e+00,1.000000000000000056e-01
9.971721953982860542e-01,-7.468903297721665724e-02,8.316313936513905145e-03,2.507447692123003335e+01,7.471010615912593300e-02,9.972027511338193984e-01,-2.252369604203564076e-03,1.634184480872518108e+00,-8.124823829138949974e-03,2.867313040121609400e-03,9.999628821879716911e-01,2.709338570952691261e-01,0.000000000000000000e+00,0.000000000000000000e+00,0.000000000000000000e+00,1.000000000000000056e-01
9.973920622750633846e-01,-7.199271882827025515e-02,5.111022051386472989e-03,2.600539908025842095e+01,7.201327636327554960e-02,9.973958170070554852e-01,-3.958818542787907735e-03,1.708913787007835916e+00,-4.812705904440614871e-03,4.316555634049281526e-03,9.999791023863126016e-01,2.721004443489766778e-01,0.000000000000000000e+00,0.000000000000000000e+00,0.000000000000000000e+00,1.000000000000000056e-01
9.974599536862115423e-01,-7.116392158575615690e-02,3.055659803894087648e-03,2.695857366000567978e+01,7.117624709320458098e-02,9.974551860304927686e-01,-4.134454087552162649e-03,1.779832560781533957e+00,-2.753659751652605490e-03,4.341442779922287387e-03,9.999867845289560631e-01,2.794606217302610385e-01,0.000000000000000000e+00,0.000000000000000000e+00,0.000000000000000000e+00,1.000000000000000056e-01
9.973746863669548102e-01,-7.226260212896574997e-02,4.674540401945850333e-03,2.792721856757538035e+01,7.228836533052658553e-02,9.973680558121892359e-01,-5.599418117462052341e-03,1.850807942172765674e+00,-4.257608748928379781e-03,5.922632773069326159e-03,9.999733972405348004e-01,2.870267071557631722e-01,0.000000000000000000e+00,0.000000000000000000e+00,0.000000000000000000e+00,1.000000000000000056e-01
9.975182726920774900e-01,-6.995066708728621407e-02,8.012478983296938626e-03,2.892185316065415179e+01,7.002619509945424980e-02,9.974992570791511026e-01,-9.568914590207987930e-03,1.920537038759248194e+00,-7.323089874314694069e-03,1.010625057007692035e-02,9.999221149940167308e-01,2.923744335254404580e-01,0.000000000000000000e+00,0.000000000000000000e+00,0.000000000000000000e+00,1.000000000000000056e-01
9.973702191663679217e-01,-7.142322154298595682e-02,1.230322496148160243e-02,2.986644814622366084e+01,7.157034686160666792e-02,9.973637980891754129e-01,-1.196410093754818153e-02,1.974353743124354077e+00,-1.141627654450368991e-02,1.281318405222059247e-02,9.998527346286069095e-01,2.980721987366604653e-01,0.000000000000000000e+00,0.000000000000000000e+00,0.000000000000000000e+00,1.000000000000000056e-01
9.974074754827509937e-01,-7.089716486092649539e-02,1.232557770686904669e-02,3.077254349660150368e+01,7.113209623958717531e-02,9.972703733990729846e-01,-1.979967739726483378e-02,2.020560064632397346e+00,-1.088819248946153867e-02,2.062509042783232383e-02,9.997279894597110861e-01,3.126701700861701516e-01,0.000000000000000000e+00,0.000000000000000000e+00,0.000000000000000000e+00,1.000000000000000056e-01
9.973848548357735488e-01,-7.165413740084466965e-02,9.441183059547978221e-03,3.171185193666934055e+01,7.184856639003919798e-02,9.971689404030656956e-01,-2.217854375569744407e-02,2.085215949316379991e+00,-7.825270086019442059e-03,2.279887911209959456e-02,9.997094459188192728e-01,3.086119880008326710e-01,0.000000000000000000e+00,0.000000000000000000e+00,0.000000000000000000e+00,1.000000000000000056e-01
9.974315519882922532e-01,-7.126187299304002909e-02,7.214191274869029454e-03,3.269082081233874248e+01,7.141128622532512404e-02,9.971779786840123672e-01,-2.316262133939291090e-02,2.167511899773848505e+00,-5.543220893240041573e-03,2.361830402868172335e-02,9.997056808966013897e-01,3.074211264753691220e-01,0.000000000000000000e+00,0.000000000000000000e+00,0.000000000000000000e+00,1.000000000000000056e-01
9.973917650513649535e-01,-7.193350488706194701e-02,5.936150468591282377e-03,3.365748619576467604e+01,7.205201319465660836e-02,9.971351609094213364e-01,-2.302125697566360582e-02,2.246177442588011441e+00,-4.263144651516098844e-03,2.338892372054657623e-02,9.997173519774850137e-01,3.058461238441065877e-01,0.000000000000000000e+00,0.000000000000000000e+00,0.000000000000000000e+00,1.000000000000000056e-01
9.975023472239892275e-01,-7.022104994271745337e-02,7.620461112975423536e-03,3.461254192316654610e+01,7.038540267442901233e-02,9.972307185907794969e-01,-2.401643165159973031e-02,2.302926271218637133e+00,-5.912898865232728111e-03,2.449281616841684356e-02,9.996825193946073940e-01,3.183542087016301148e-01,0.000000000000000000e+00,0.000000000000000000e+00,0.000000000000000000e+00,1.000000000000000056e-01
9.973331040309589834e-01,-7.231937044174401030e-02,9.827932787831315103e-03,3.559064659803759412e+01,7.252348892434522243e-02,9.971173370754637943e-01,-2.230156177886070262e-02,2.390052606613120467e+00,-8.186767262644133181e-03,2.295484180833683163e-02,9.997029819298037800e-01,3.138786531169768801e-01,0.000000000000000000e+00,0.000000000000000000e+00,0.000000000000000000e+00,1.000000000000000056e-01
9.973346858613668653e-01,-7.205643437623178438e-02,1.146275022812790617e-02,3.657184985503639041e+01,7.228320660769645134e-02,9.971676378237799288e-01,-2.078076320667337357e-02,2.468102600382628964e+00,-9.932895867656627714e-03,2.155394028771923098e-02,9.997183429535319021e-01,3.227722031734917563e-01,0.000000000000000000e+00,0.000000000000000000e+00,0.000000000000000000e+00,1.000000000000000056e-01
9.973829543911676421e-01,-7.117214471254307284e-02,1.271880918021581208e-02,3.757146315640751055e+01,7.141717977169223519e-02,9.972464183291893658e-01,-1.997917823788646768e-02,2.545859039922424127e+00,-1.126182593559808473e-02,2.083523329891624754e-02,9.997194928228497757e-01,3.184320099586764874e-01,0.000000000000000000e+00,0.000000000000000000e+00,0.000000000000000000e+00,1.000000000000000056e-01
9.972790133514470856e-01,-7.204692356205534554e-02,1.561442711109186504e-02,3.856304219603789818e+01,7.234360615377267989e-02,9.971920453743570167e-01,-1.935012379221616105e-02,2.614514514865082795e+00,-1.417646561848440526e-02,2.042707632897131434e-02,9.996908333956144865e-01,3.353565627169737828e-01,0.000000000000000000e+00,0.000000000000000000e+00,0.000000000000000000e+00,1.000000000000000056e-01
9.974396777695017091e-01,-6.949935058888896677e-02,1.685020708464384648e-02,3.957600649094813150e+01,6.980239787877363933e-02,9.973962982840266500e-01,-1.811765491707758788e-02,2.694246980349900511e+00,-1.554716892061257065e-02,1.924745274169093953e-02,9.996938636910353004e-01,3.317079788674556773e-01,0.000000000000000000e+00,0.000000000000000000e+00,0.000000000000000000e+00,1.000000000000000056e-01
9.974009660527054510e-01,-7.034379969276399747e-02,1.559047022748714754e-02,4.058560861775355022e+01,7.065529911177514943e-02,9.972917379332014720e-01,-2.042102244257376284e-02,2.776062667262461314e+00,-1.411175483614464550e-02,2.146949684922338022e-02,9.996699050589078483e-01,3.449967738079839363e-01,0.000000000000000000e+00,0.000000000000000000e+00,0.000000000000000000e+00,1.000000000000000056e-01
9.974542014855465322e-01,-7.002667373198145917e-02,1.346777282497990495e-02,4.159339918634848487e+01,7.025209110631361331e-02,9.973833168395341842e-01,-1.706349862600231929e-02,2.848972773530087821e+00,-1.223763187961062100e-02,1.796619760004848979e-02,9.997637001360747400e-01,3.603441602724879456e-01,0.000000000000000000e+00,0.000000000000000000e+00,0.000000000000000000e+00,1.000000000000000056e-01
9.975894221284812291e-01,-6.848818144762358617e-02,1.116753595742398832e-02,4.262615273257011239e+01,6.865073094477600057e-02,9.975296782018079345e-01,-1.488684813335452821e-02,2.922475667034235336e+00,-1.012037539377586871e-02,1.561762173299682983e-02,9.998268189508091597e-01,3.687316783246986640e-01,0.000000000000000000e+00,0.000000000000000000e+00,0.000000000000000000e+00,1.000000000000000056e-01
9.975723548639942040e-01,-6.873635524424710763e-02,1.116737564703336807e-02,4.367505627808365176e+01,6.893348643266715425e-02,9.974525349730284374e-01,-1.834706854286833819e-02,2.992165094710063311e+00,-9.877816527076348913e-03,1.907233450881355361e-02,9.997693107897648312e-01,3.776437271141520613e-01,0.000000000000000000e+00,0.000000000000000000e+00,0.000000000000000000e+00,1.000000000000000056e-01
9.975766525961782261e-01,-6.839418848249342875e-02,1.276938435575951727e-02,4.468818307045253846e+01,6.864491782760373528e-02,9.974334936296824772e-01,-2.035438631174238053e-02,3.077723351354926695e+00,-1.134448991561463546e-02,2.118161390232763466e-02,9.997112792106764845e-01,3.859322427690441426e-01,0.000000000000000000e+00,0.000000000000000000e+00,0.000000000000000000e+00,1.000000000000000056e-01
9.975701801938161584e-01,-6.837769160128996659e-02,1.335016401981433710e-02,4.567493049336295030e+01,6.864713037814031138e-02,9.974222443171403274e-01,-2.089109935368255871e-02,3.142788462693927531e+00,-1.188726540982713679e-02,2.175678819673777797e-02,9.996926203030802593e-01,3.875221937353645063e-01,0.000000000000000000e+00,0.000000000000000000e+00,0.000000000000000000e+00,1.000000000000000056e-01
9.970046937121823660e-01,-7.652961547888788296e-02,1.117401765395884330e-02,4.659075959291952529e+01,7.670796955124258021e-02,9.969168079956295392e-01,-1.651560907538174305e-02,3.199204497782861534e+00,-9.875632800132868455e-03,1.732327597363603894e-02,9.998011682261319644e-01,4.000209838488978931e-01,0.000000000000000000e+00,0.000000000000000000e+00,0.000000000000000000e+00,1.000000000000000056e-01
9.970339711670005434e-01,-7.659366729228077320e-02,7.527979123248259435e-03,4.754805394575787147e+01,7.670666752378287045e-02,9.969239372979409319e-01,-1.608572036829762630e-02,3.274846613550095764e+00,-6.272758273399303003e-03,1.661545584961867522e-02,9.998422771270241149e-01,3.956551132049281883e-01,0.000000000000000000e+00,0.000000000000000000e+00,0.000000000000000000e+00,1.000000000000000056e-01
9.971284352929328243e-01,-7.538183298823068756e-02,7.243119880414711741e-03,4.849474734223959160e+01,7.548861156806062345e-02,9.970212345671939369e-01,-1.581541481071380151e-02,3.366241108202073118e+00,-6.029349367388445007e-03,1.631677288690925459e-02,9.998486934875511212e-01,4.067737248201280797e-01,0.000000000000000000e+00,0.000000000000000000e+00,0.000000000000000000e+00,1.000000000000000056e-01
9.972442816970931156e-01,-7.361053328110718497e-02,9.237532815632092803e-03,4.946586135442428400e+01,7.375294888873142052e-02,9.971455879815980250e-01,-1.616103025952348241e-02,3.453492598302316363e+00,-8.021543035167135599e-03,1.679779029825277312e-02,9.998267295328880921e-01,4.124212107138416905e-01,0.000000000000000000e+00,0.000000000000000000e+00,0.000000000000000000e+00,1.000000000000000056e-01
9.972444846620182046e-01,-7.320066251571842597e-02,1.204578010946350669e-02,5.046480262197752609e+01,7.340046657657363360e-02,9.971563295302362517e-01,-1.707706017229477027e-02,3.543495682749190134e+00,-1.076147376184819274e-02,1.791416995137580861e-02,9.997816127522181073e-01,4.283304315165107345e-01,0.000000000000000000e+00,0.000000000000000000e+00,0.000000000000000000e+00,1.000000000000000056e-01
9.973484835960058081e-01,-7.168197616424142049e-02,1.255772917118576533e-02,5.140084990772666629e+01,7.192369188830825821e-02,9.972098220098033483e-01,-1.998883269057840154e-02,3.615371195371320567e+00,-1.108985184316842350e-02,2.083903021652782142e-02,9.997213361761022599e-01,4.384634588055950077e-01,0.000000000000000000e+00,0.000000000000000000e+00,0.000000000000000000e+00,1.000000000000000056e-01
9.974039630383647603e-01,-7.102131782010782934e-02,1.188725916515158583e-02,5.233877002009047885e+01,7.128479358811755373e-02,9.971804977771923095e-01,-2.344212140422474028e-02,3.685369196747994902e+00,-1.018885265688535165e-02,2.422864560651652455e-02,9.996545203287033887e-01,4.421115227412409365e-01,0.000000000000000000e+00,0.000000000000000000e+00,0.000000000000000000e+00,1.000000000000000056e-01
9.974125499317668675e-01,-7.100673357940787134e-02,1.123605913982332095e-02,5.332300509550804435e+01,7.128114303175905886e-02,9.971102894294116004e-01,-2.626917132459499066e-02,3.762949421394935268e+00,-9.338302131357880884e-03,2.700212029411779013e-02,9.995917574754833446e-01,4.562070407629334468e-01,0.000000000000000000e+00,0.000000000000000000e+00,0.000000000000000000e+00,1.000000000000000056e-01
9.973209168897682053e-01,-7.193770461018071660e-02,1.326481773604453775e-02,5.428748872331298259e+01,7.230344305504783631e-02,9.969452703254662040e-01,-2.953540414601530523e-02,3.841823721811370440e+00,-1.109958812468060489e-02,3.041536833742752854e-02,9.994757148187048967e-01,4.471720418868468938e-01,0.000000000000000000e+00,0.000000000000000000e+00,0.000000000000000000e+00,1.000000000000000056e-01
9.971701279509085358e-01,-7.314281886992922421e-02,1.737423293643114777e-02,5.524318941503614866e+01,7.366918600524892391e-02,9.967729872338161323e-01,-3.188201615799519245e-02,3.926089137484741087e+00,-1.498622553189023383e-02,3.307173972949347535e-02,9.993406191462308463e-01,4.539433205014320460e-01,0.000000000000000000e+00,0.000000000000000000e+00,0.000000000000000000e+00,1.000000000000000056e-01
9.970224519308511502e-01,-7.398940388295417725e-02,2.172092214521858383e-02,5.620099602852430820e+01,7.462678094708270760e-02,9.967551286998335147e-01,-3.016715061212177015e-02,3.994389529480410150e+00,-1.941839105769822826e-02,3.169828896996478712e-02,9.993088334269375483e-01,4.721663186825203473e-01,0.000000000000000000e+00,0.000000000000000000e+00,0.000000000000000000e+00,1.000000000000000056e-01
9.968928488222731366e-01,-7.517859543090432695e-02,2.351226820298018758e-02,5.716754266109283833e+01,7.580419377195088404e-02,9.967583283087911861e-01,-2.695476124265474421e-02,4.068634372031127988e+00,-2.140962805835231950e-02,2.865333725939107207e-02,9.993601023106248871e-01,4.604047876782985660e-01,0.000000000000000000e+00,0.000000000000000000e+00,0.000000000000000000e+00,1.000000000000000056e-01
9.967235777306878708e-01,-7.870273428999861876e-02,1.865446892879441335e-02,5.806580362629654246e+01,7.920777581814562873e-02,9.964623725151997569e-01,-2.808680137220284645e-02,4.148223885992384119e+00,-1.637796830134511175e-02,2.947235614363172274e-02,9.994314095412766275e-01,4.637967192000304606e-01,0.000000000000000000e+00,0.000000000000000000e+00,0.000000000000000000e+00,1.000000000000000056e-01
9.964595313184374525e-01,-8.309333773211952101e-02,1.280233061500310986e-02,5.898405358226759176e+01,8.342008428070088466e-02,9.961336457207382589e-01,-2.754722130653814230e-02,4.231800063806808510e+00,-1.046384170563965758e-02,2.851766273113122765e-02,9.995385189821914818e-01,4.620877679600506327e-01,0.000000000000000000e+00,0.000000000000000000e+00,0.000000000000000000e+00,1.000000000000000056e-01
9.965188633426766973e-01,-8.298533383155910770e-02,7.974294394133800076e-03,5.993765838303053073e+01,8.318728013810254562e-02,9.960918389564510367e-01,-2.968037714686994760e-02,4.312519241580153206e+00,-5.480093561653274353e-03,3.024041555964930572e-02,9.995276313545990998e-01,4.720036884903642260e-01,0.000000000000000000e+00,0.000000000000000000e+00,0.000000000000000000e+00,1.000000000000000056e-01
9.963846600088908101e-01,-8.455349842622299217e-02,8.265301135091383464e-03,6.084950791887789734e+01,8.474700965818214582e-02,9.960407916180055166e-01,-2.684559157427720763e-02,4.400728679195573534e+00,-5.962688400630949265e-03,2.744899518859711049e-02,9.996054216590530839e-01,4.746017108428904341e-01,0.000000000000000000e+00,0.000000000000000000e+00,0.000000000000000000e+00,1.000000000000000056e-01
9.963245950719012978e-01,-8.499037078153111324e-02,1.067418049452391153e-02,6.177865758219137149e+01,8.524377785901925131e-02,9.960184687394599834e-01,-2.609038647133407954e-02,4.495587737907282389e+00,-8.414249291172190906e-03,2.690440120722361120e-02,9.996025978380341792e-01,4.951537308565293061e-01,0.000000000000000000e+00,0.000000000000000000e+00,0.000000000000000000e+00,1.000000000000000056e-01
9.961557790667846524e-01,-8.702102029576370967e-02,1.005016708973612873e-02,6.267394399172229669e+01,8.725248654403476578e-02,9.958596325257290660e-01,-2.550678140422533643e-02,4.580962335765565108e+00,-7.788929562550095040e-03,2.628562976997476583e-02,9.996241284822338091e-01,5.100966720627605477e-01,0.000000000000000000e+00,0.000000000000000000e+00,0.000000000000000000e+00,1.000000000000000056e-01
9.959587331606727378e-01,-8.925571377419486141e-02,9.980951840722113513e-03,6.348818496382197907e+01,8.946920492729151797e-02,9.957121026002661024e-01,-2.350893670576265082e-02,4.661154309210688851e+00,-7.839847617532197735e-03,2.430691864503280175e-02,9.996738020451059192e-01,5.186160998280663348e-01,0.000000000000000000e+00,0.000000000000000000e+00,0.000000000000000000e+00,1.000000000000000056e-01
9.957960548371361797e-01,-9.099779601959359643e-02,1.046987537517332992e-02,6.430840694434303373e+01,9.121444153606991789e-02,9.955768123363466504e-01,-2.251080614864084742e-02,4.742744375693502157e+00,-8.375131405423244524e-03,2.337117578931878839e-02,9.996917751568062949e-01,5.277973177217096801e-01,0.000000000000000000e+00,0.000000000000000000e+00,0.000000000000000000e+00,1.000000000000000056e-01
9.957309687662760922e-01,-9.180215702918298470e-02,9.602177074112681204e-03,6.510368201908055141e+01,9.200673586284438543e-02,9.954778647659385804e-01,-2.363432497264309276e-02,4.820476205217834043e+00,-7.389072718424818768e-03,2.441689427091304002e-02,9.996745554821953039e-01,5.308409615110361024e-01,0.000000000000000000e+00,0.000000000000000000e+00,0.000000000000000000e+00,1.000000000000000056e-01
9.957356612551616637e-01,-9.174654000043572233e-02,9.647035953826606225e-03,6.590646599448795939e+01,9.196682440724335272e-02,9.954323977509992316e-01,-2.562117710301003992e-02,4.898332665118452667e+00,-7.252317780768158771e-03,2.639912698641724148e-02,9.996251747435944690e-01,5.397707435806753384e-01,0.000000000000000000e+00,0.000000000000000000e+00,0.000000000000000000e+00,1.000000000000000056e-01
9.956049392938756126e-01,-9.299619031344973086e-02,1.106857898841622466e-02,6.666286420697174719e+01,9.325613588500582252e-02,9.953052224370904089e-01,-2.589994805499217997e-02,4.972768099743126946e+00,-8.608017973697602507e-03,2.681832911720268345e-02,9.996032609240157463e-01,5.521217366708447427e-01,0.000000000000000000e+00,0.000000000000000000e+00,0.000000000000000000e+00,1.000000000000000056e-01
9.952968603907520473e-01,-9.588499196579376715e-02,1.379231713786676847e-02,6.745947873727133981e+01,9.620317979375546391e-02,9.950569572275993480e-01,-2.462925233379827800e-02,5.064796008750983347e+00,-1.136256546217402283e-02,2.584028228698771745e-02,9.996015065602125160e-01,5.601171778783505806e-01,0.000000000000000000e+00,0.000000000000000000e+00,0.000000000000000000e+00,1.000000000000000056e-01
9.951903663809572587e-01,-9.654413585352394911e-02,1.659411024527664147e-02,6.820082082457949468e+01,9.691667434981371398e-02,9.950187879306584549e-01,-2.334030629566547291e-02,5.143653336473469118e+00,-1.425808176117129844e-02,2.483629395259346825e-02,9.995898486915480996e-01,5.675516926973561693e-01,0.000000000000000000e+00,0.000000000000000000e+00,0.000000000000000000e+00,1.000000000000000056e-01
9.949608591072258701e-01,-9.863190205074824635e-02,1.801767860914734246e-02,6.892836637781203990e+01,9.900025051208911908e-02,9.948690961104366126e-01,-2.084303247961609082e-02,5.217294611347663924e+00,-1.586944369392070606e-02,2.252175619827053235e-02,9.996203935767773441e-01,5.733086495557485618e-01,0.000000000000000000e+00,0.000000000000000000e+00,0.000000000000000000e+00,1.000000000000000056e-01
9.950775226877597301e-01,-9.795135015695512204e-02,1.504183645771587675e-02,6.959609486010079138e+01,9.823656969186782273e-02,9.949707755877750248e-01,-1.956354010490365253e-02,5.298055803264055896e+00,-1.304991251947298404e-02,2.094489743806224324e-02,9.996954591547083657e-01,5.858376945914469669e-01,0.000000000000000000e+00,0.000000000000000000e+00,0.000000000000000000e+00,1.000000000000000056e-01
9.950654509148886273e-01,-9.876700417238611085e-02,9.477725590095350400e-03,7.028686882905134325e+01,9.893259287584839357e-02,9.949132875161149636e-01,-1.897082999602489259e-02,5.372885559501560770e+00,-7.555823079646357791e-03,1.981487347141812003e-02,9.997751148767910490e-01,5.879225808379956453e-01,0.000000000000000000e+00,0.000000000000000000e+00,0.000000000000000000e+00,1.000000000000000056e-01
9.952157614902132909e-01,-9.765095504190289544e-02,3.143097335295265589e-03,7.101704108654440972e+01,9.769625394051338618e-02,9.949811493887945613e-01,-2.163225200814907281e-02,5.435039890283158037e+00,-1.014912531010062286e-03,2.183582699046703393e-02,9.997610547586842644e-01,6.057248552070424452e-01,0.000000000000000000e+00,0.000000000000000000e+00,0.000000000000000000e+00,1.000000000000000056e-01
9.950830182480776553e-01,-9.904392797116294556e-02,2.951717111528116572e-04,7.171494945794903231e+01,9.903008447506476963e-02,9.948844866467243531e-01,-1.994744591533711975e-02,5.510750677571064848e+00,1.682011640124417848e-03,1.987859556726406102e-02,9.998009863343382264e-01,6.058447157508909386e-01,0.000000000000000000e+00,0.000000000000000000e+00,0.000000000000000000e+00,1.000000000000000056e-01
9.950456775158100786e-01,-9.937438309103713285e-02,2.971807930912635527e-03,7.237373651810902686e+01,9.941325401380129989e-02,9.948614517678303626e-01,-1.917541949455849395e-02,5.584949044131026774e+00,-1.050991669739299427e-03,1.937585537932887472e-02,9.998117180973773443e-01,6.178188237663592153e-01,0.000000000000000000e+00,0.000000000000000000e+00,0.000000000000000000e+00,1.000000000000000056e-01
9.949200358567391600e-01,-1.004637597838726193e-01,6.415233504189027554e-03,7.297688840191446502e+01,1.005756959488108282e-01,9.947175577335932717e-01,-2.053070191026013652e-02,5.651331909015214983e+00,-4.318753898670962994e-03,2.107162325507797723e-02,9.997686407655317353e-01,6.331342784468692031e-01,0.000000000000000000e+00,0.000000000000000000e+00,0.000000000000000000e+00,1.000000000000000056e-01
9.949025671082177835e-01,-1.007762399005756176e-01,3.609907613752444573e-03,7.356636064621483229e+01,1.008314185237873667e-01,9.946618734608669854e-01,-2.192675356269103634e-02,5.703569486773557351e+00,-1.380941692841101444e-03,2.217897551330505132e-02,9.997530625335544485e-01,6.526824873680439065e-01,0.000000000000000000e+00,0.000000000000000000e+00,0.000000000000000000e+00,1.000000000000000056e-01
9.948872490286867487e-01,-1.009917007625181357e-01,1.951851067169532630e-04,7.420627697439118720e+01,1.009543581113788585e-01,9.944629799846623763e-01,-2.918216952771714515e-02,5.754563484064085799e+00,2.753052569669919500e-03,2.905267314928079367e-02,9.995740907428671829e-01,6.687302510804062905e-01,0.000000000000000000e+00,0.000000000000000000e+00,0.000000000000000000e+00,1.000000000000000056e-01
9.950237016490354192e-01,-9.959843841433387024e-02,-2.825636579169182958e-03,7.482950403521019211e+01,9.945182054840305541e-02,9.944950915485737397e-01,-3.299770106237801676e-02,5.824352306115784472e+00,6.096601205559711717e-03,3.255247995498914554e-02,9.994514332885416907e-01,6.947505337408855786e-01,0.000000000000000000e+00,0.000000000000000000e+00,0.000000000000000000e+00,1.000000000000000056e-01
9.954485267230885892e-01,-9.527385842837950147e-02,-2.263304001114278645e-03,7.543483825425614953e+01,9.516168087071140425e-02,9.949981559382006235e-01,-3.037966710550225533e-02,5.877423850930594718e+00,5.146371410347178391e-03,3.002601504944265795e-02,9.995358689319545631e-01,7.074431086559290760e-01,0.000000000000000000e+00,0.000000000000000000e+00,0.000000000000000000e+00,1.000000000000000056e-01
9.959142623095411651e-01,-9.030378794601340298e-02,8.950443508159706789e-05,7.599957830153655891e+01,9.027647269377062078e-02,9.955876420999374421e-01,-2.560088623188147908e-02,5.955714397066545374e+00,2.222747492033464931e-03,2.550436787078434395e-02,9.996722395931070260e-01,7.108550140449249044e-01,0.000000000000000000e+00,0.000000000000000000e+00,0.000000000000000000e+00,1.000000000000000056e-01
9.965106254327884550e-01,-8.341917506072224486e-02,2.795466283333728798e-03,7.655802516922258860e+01,8.346426831300171600e-02,9.961467129555843236e-01,-2.693403391176049655e-02,5.994681771407195825e+00,-5.378796593444798435e-04,2.707337252676850214e-02,9.996333043599031631e-01,7.247554946109737717e-01,0.000000000000000000e+00,0.000000000000000000e+00,0.000000000000000000e+00,1.000000000000000056e-01
9.970616038846892293e-01,-7.627448798242286720e-02,7.096516181218344779e-03,7.713494060199482760e+01,7.646222376890296490e-02,9.965695129528732155e-01,-3.166597841828464738e-02,6.023015309881005308e+00,-4.656865384061835769e-03,3.211554663854080532e-02,9.994733139353458862e-01,7.368891413863949413e-01,0.000000000000000000e+00,0.000000000000000000e+00,0.000000000000000000e+00,1.000000000000000056e-01
9.977333583561605046e-01,-6.662790113249551782e-02,9.427004509163717377e-03,7.768288907549620603e+01,6.692044941632309396e-02,9.971383318753705982e-01,-3.516817531121749912e-02,6.043640139637905584e+00,-7.056845843203037733e-03,3.571932103892219018e-02,9.993369456951262109e-01,7.515321465159719994e-01,0.000000000000000000e+00,0.000000000000000000e+00,0.000000000000000000e+00,1.000000000000000056e-01
9.983672985378652109e-01,-5.641008643257326011e-02,8.979942030694253868e-03,7.817928083482323132e+01,5.667895553448510509e-02,9.978401819534208350e-01,-3.320342269531644658e-02,6.081961923049557406e+00,-7.087539045739059580e-03,3.365818515359390167e-02,9.994082716099770280e-01,7.593858402340891711e-01,0.000000000000000000e+00,0.000000000000000000e+00,0.000000000000000000e+00,1.000000000000000056e-01
9.991405814381039141e-01,-4.062494889726018382e-02,8.228733233168295663e-03,7.867113000467850270e+01,4.084220953437788654e-02,9.987668718344809848e-01,-2.822498266280036236e-02,6.122897040565899118e+00,-7.071947672149614048e-03,2.853680523570231373e-02,9.995677257210048294e-01,7.564578763003008133e-01,0.000000000000000000e+00,0.000000000000000000e+00,0.000000000000000000e+00,1.000000000000000056e-01
9.996623690782044935e-01,-2.445252743481020688e-02,8.787590739305977186e-03,7.915115130590805848e+01,2.464460568155462869e-02,9.994439816257280063e-01,-2.245820569217879190e-02,6.138892515504725367e+00,-8.233544786564727172e-03,2.266718981615014825e-02,9.997091613294769585e-01,7.603196535531648870e-01,0.000000000000000000e+00,0.000000000000000000e+00,0.000000000000000000e+00,1.000000000000000056e-01
9.999577587222739927e-01,1.431181275268690123e-03,9.079234069220388365e-03,7.964522516707876321e+01,-1.218893319997360397e-03,9.997267416515376315e-01,-2.334429964411604413e-02,6.152049797222871597e+00,-9.110163017248248951e-03,2.333224693331379523e-02,9.996862563738895258e-01,7.636646248604251896e-01,0.000000000000000000e+00,0.000000000000000000e+00,0.000000000000000000e+00,1.000000000000000056e-01
9.995981108722217234e-01,2.599431416913739953e-02,1.130983516951819187e-02,8.014278820994172747e+01,-2.571180007505166273e-02,9.993704450533801298e-01,-2.444620401431641180e-02,6.143971061943417133e+00,-1.193817731423273479e-02,2.414558312994716585e-02,9.996371695458952100e-01,7.785154250899972705e-01,0.000000000000000000e+00,0.000000000000000000e+00,0.000000000000000000e+00,1.000000000000000056e-01
9.985227246233656651e-01,5.272325656847539482e-02,1.313874528046219715e-02,8.062548890094363685e+01,-5.241540581075509325e-02,9.983658202012409832e-01,-2.276651680862134403e-02,6.123493738962370259e+00,-1.431759911521527685e-02,2.204421172820866803e-02,9.996544698468855517e-01,7.824070442882229415e-01,0.000000000000000000e+00,0.000000000000000000e+00,0.000000000000000000e+00,1.000000000000000056e-01
9.964309169824245860e-01,8.323911983839539508e-02,1.402414382747443899e-02,8.111901078751232319e+01,-8.292237657704730480e-02,9.963169191064252805e-01,-2.182833399724023321e-02,6.081996057048795201e+00,-1.578946308076352445e-02,2.058751152543621121e-02,9.996633669515009313e-01,7.805796966950196980e-01,0.000000000000000000e+00,0.000000000000000000e+00,0.000000000000000000e+00,1.000000000000000056e-01
