9.999999999999998890e-01,-4.698755152920792238e-09,1.146975208746043808e-08,7.770807857007095783e-15,4.698755171382277333e-09,1.000000000000000000e+00,-1.609580103891925282e-09,5.993066260587443476e-15,-1.146975207989741656e-08,1.609580157785482226e-09,9.999999999999998890e-01,-2.203260872148476788e-14,0.000000000000000000e+00,0.000000000000000000e+00,0.000000000000000000e+00,1.000000000000000056e-01
9.998566714412004952e-01,-1.246838972504636135e-02,1.145320183125947064e-02,6.526587063941751143e-01,1.250080476160513911e-02,9.999180445043902576e-01,-2.762997435482743725e-03,4.271092077844416447e-03,-1.141781304959216953e-02,2.905775659030182621e-03,9.999305925977982623e-01,2.929509818231551370e-03,0.000000000000000000e+00,0.000000000000000000e+00,0.000000000000000000e+00,1.000000000000000056e-01
9.995407232769381034e-01,-1.915887359098130543e-02,2.347935420194022238e-02,1.337233068110277534e+00,1.924123795733726633e-02,9.998094668943574570e-01,-3.287045830195085578e-03,-1.467837826160640815e-03,-2.341190451211717927e-02,3.737308007841777958e-03,9.997189181244746647e-01,-1.288307759472522365e-02,0.000000000000000000e+00,0.000000000000000000e+00,0.000000000000000000e+00,1.000000000000000056e-01
9.990809032126976019e-01,-2.705703677111619826e-02,3.324553499143528129e-02,2.069050883876407898e+00,2.727453719570322593e-02,9.996093308530448196e-01,-6.106168380268236530e-03,2.044867912432626889e-02,-3.306733216424456029e-02,7.007312801242158475e-03,9.994285612843196720e-01,-3.700000954084396720e-02,0.000000000000000000e+00,0.000000000000000000e+00,0.000000000000000000e+00,1.000000000000000056e-01
9.983554122979335643e-01,-3.606348659100384879e-02,4.456338934959530595e-02,2.801099473440743282e+00,3.644950313813273557e-02,9.993044282140355339e-01,-7.879941167466026838e-03,7.027026607933380131e-02,-4.424821416064596280e-02,9.491295313072909898e-03,9.989754806084449879e-01,-7.895107889943588086e-02,0.000000000000000000e+00,0.000000000000000000e+00,0.000000000000000000e+00,1.000000000000000056e-01
9.975426310968268373e-01,-4.529098031973313038e-02,5.345489917769515736e-02,3.552020498524681269e+00,4.581607877687304126e-02,9.989125414101343026e-01,-8.638375950264736911e-03,9.779560227303482622e-02,-5.300552867325606515e-02,1.106624214556572484e-02,9.985328999160940633e-01,-1.153364159860557764e-01,0.000000000000000000e+00,0.000000000000000000e+00,0.000000000000000000e+00,1.000000000000000056e-01
9.964490890281395563e-01,-5.466791467265411791e-02,6.403617790229318429e-02,4.310581852700199335e+00,5.537623225741510752e-02,9.984218945378517951e-01,-9.337741076916967684e-03,1.542963722045304353e-01,-6.342464722774224239e-02,1.285066585006909047e-02,9.979038904179331482e-01,-1.491296946955969205e-01,0.000000000000000000e+00,0.000000000000000000e+00,0.000000000000000000e+00,1.000000000000000056e-01
9.950489306091306885e-01,-6.461164229876585618e-02,7.551795397838655111e-02,5.114440259766031005e+00,6.538086436532387913e-02,9.978302404801143721e-01,-7.755885393705333648e-03,2.238153035199440533e-01,-7.485297768605135571e-02,1.265491457314113152e-02,9.971142787407459851e-01,-2.026112852970433365e-01,0.000000000000000000e+00,0.000000000000000000e+00,0.000000000000000000e+00,1.000000000000000056e-01
9.937226720132599223e-01,-6.952646103971259206e-02,8.764315342410008980e-02,5.889173492058202619e+00,7.031389207653858386e-02,9.975073140291796925e-01,-5.925794405852523317e-03,2.931097684644979884e-01,-8.701268705123352265e-02,1.205112748189468216e-02,9.961343095278564208e-01,-2.549566798193769190e-01,0.000000000000000000e+00,0.000000000000000000e+00,0.000000000000000000e+00,1.000000000000000056e-01
9.919490793110091742e-01,-7.832427389884574764e-02,9.951046262710197543e-02,6.692686512352490347e+00,7.949470993146201536e-02,9.968044126854758158e-01,-7.845632140007450031e-03,3.551089041148109970e-01,-9.857796481442485104e-02,1.569302293958031724e-02,9.950055848506901279e-01,-3.237125332610734096e-01,0.000000000000000000e+00,0.000000000000000000e+00,0.000000000000000000e+00,1.000000000000000056e-01
9.900846632857184249e-01,-8.635115083891087284e-02,1.107963820492403745e-01,7.524474027683130117e+00,8.809299927667738062e-02,9.960524605821169386e-01,-1.091417641187990631e-02,4.251961583303370262e-01,-1.094165572701174399e-01,2.056634428151924918e-02,9.937831969187490566e-01,-3.998763880834779183e-01,0.000000000000000000e+00,0.000000000000000000e+00,0.000000000000000000e+00,1.000000000000000056e-01
9.881946291654487569e-01,-9.320851354104427167e-02,1.215876140568202673e-01,8.362750580208453854e+00,9.531103338221573462e-02,9.953801878301673511e-01,-1.157966281007102860e-02,5.187967176066714536e-01,-1.199465789598664206e-01,2.303160173869263361e-02,9.925131553370840631e-01,-4.948165972013634506e-01,0.000000000000000000e+00,0.000000000000000000e+00,0.000000000000000000e+00,1.000000000000000056e-01
9.863631366498797348e-01,-1.002481204155519084e-01,1.305299851044180448e-01,9.210911900187806367e+00,1.026850340188658756e-01,9.946408406690612214e-01,-1.205744009678164086e-02,6.335485784639802720e-01,-1.286217184100529320e-01,2.529649039475879296e-02,9.913710410976068754e-01,-5.940985615894297522e-01,0.000000000000000000e+00,0.000000000000000000e+00,0.000000000000000000e+00,1.000000000000000056e-01
9.844653582977064277e-01,-1.056486790110959390e-01,1.402366390604783963e-01,9.991312690582169864e+00,1.088591714501323110e-01,9.939378618199873339e-01,-1.540154641270058411e-02,7.375096559430138754e-01,-1.377593521433633228e-01,3.042833324259297534e-02,9.899982209242188524e-01,-6.880881083514353014e-01,0.000000000000000000e+00,0.000000000000000000e+00,0.000000000000000000e+00,1.000000000000000056e-01
9.820855318278446378e-01,-1.133429351969430232e-01,1.505369961682547220e-01,1.081936881099534808e+01,1.170315748735546169e-01,9.930017835068855048e-01,-1.584513915243341425e-02,8.470709121938148067e-01,-1.476875710987053392e-01,3.317886364970887986e-02,9.884773868682473763e-01,-8.101961904720298424e-01,0.000000000000000000e+00,0.000000000000000000e+00,0.000000000000000000e+00,1.000000000000000056e-01
9.800427969896539082e-01,-1.186141540116532195e-01,1.595205270076419657e-01,1.162542137993812297e+01,1.228613631018794367e-01,9.922783057613333568e-01,-1.699556919217281789e-02,9.605097445778474352e-01,-1.562728432116218813e-01,3.625529455841730586e-02,9.870483028155401239e-01,-9.096193149610021234e-01,0.000000000000000000e+00,0.000000000000000000e+00,0.000000000000000000e+00,1.000000000000000056e-01
9.780439645316456598e-01,-1.244087943630766829e-01,1.671898780678625629e-01,1.248741795964355639e+01,1.286824942638035152e-01,9.915734033620570154e-01,-1.493323190182299642e-02,1.098706777606073270e+00,-1.639232110265878006e-01,3.611976785796314204e-02,9.858116165153562038e-01,-1.044076739897764394e+00,0.000000000000000000e+00,0.000000000000000000e+00,0.000000000000000000e+00,1.000000000000000056e-01
9.759521853969552740e-01,-1.320965142225619671e-01,1.734008153070667468e-01,1.339008537337534577e+01,1.366077538504479882e-01,9.905221257111589406e-01,-1.429125832747264735e-02,1.231463845946787927e+00,-1.698695187690905106e-01,3.763548069170413041e-02,9.847476413712611398e-01,-1.194219851410518896e+00,0.000000000000000000e+00,0.000000000000000000e+00,0.000000000000000000e+00,1.000000000000000056e-01
9.749244541141831588e-01,-1.307830190262040670e-01,1.800503004844852539e-01,1.425781847060118857e+01,1.350556788678916320e-01,9.907698046470734266e-01,-1.162573890696373853e-02,1.368130718757028630e+00,-1.768679518049972310e-01,3.565103271984567529e-02,9.835887003673403628e-01,-1.336083199488211859e+00,0.000000000000000000e+00,0.000000000000000000e+00,0.000000000000000000e+00,1.000000000000000056e-01
9.701326457773846723e-01,-1.523826448584398585e-01,1.887383881008788955e-01,1.522797930934810928e+01,1.570977485094458281e-01,9.875304916258126342e-01,-1.018948097519128092e-02,1.609504587275158105e+00,-1.848322131291899595e-01,3.953552396551069520e-02,9.819745390459664325e-01,-1.509055686219740622e+00,0.000000000000000000e+00,0.000000000000000000e+00,0.000000000000000000e+00,1.000000000000000056e-01
9.683052763963946319e-01,-1.545491822141001892e-01,1.962127467313338480e-01,1.614922369436095551e+01,1.597347160355506723e-01,9.871010522703930201e-01,-1.078578229545037147e-02,1.780281495034582884e+00,-1.920148749340625793e-01,4.178591728843244341e-02,9.805020269843508496e-01,-1.680771250453348742e+00,0.000000000000000000e+00,0.000000000000000000e+00,0.000000000000000000e+00,1.000000000000000056e-01
9.648831497045573524e-01,-1.623818886328207423e-01,2.064767048852022835e-01,1.702973072063111104e+01,1.688645495088940962e-01,9.855391322216061623e-01,-1.404929816901170220e-02,1.947286307664132909e+00,-2.012095209858891509e-01,4.842252682297502192e-02,9.783506465274642849e-01,-1.850068571663957107e+00,0.000000000000000000e+00,0.000000000000000000e+00,0.000000000000000000e+00,1.000000000000000056e-01
9.620048855427415502e-01,-1.694510407038647137e-01,2.140863026825253757e-01,1.785530142142246390e+01,1.767945412635818225e-01,9.841258915755166647e-01,-1.548934182249366368e-02,2.092872503545773810e+00,-2.080631884099067852e-01,5.275011218065381313e-02,9.766919346926297152e-01,-2.013644168526058209e+00,0.000000000000000000e+00,0.000000000000000000e+00,0.000000000000000000e+00,1.000000000000000056e-01
9.593319910112577675e-01,-1.743535451574067530e-01,2.219976853785197157e-01,1.872584575144782448e+01,1.832054546930563799e-01,9.828760130987755916e-01,-1.976118027259291324e-02,2.245020636553634041e+00,-2.147507680849746192e-01,5.962871930621672922e-02,9.748469230811644959e-01,-2.200059308158903715e+00,0.000000000000000000e+00,0.000000000000000000e+00,0.000000000000000000e+00,1.000000000000000056e-01
9.558263704487888202e-01,-1.805060271243410230e-01,2.319774207255557719e-01,1.962391329381536309e+01,1.903205231145776721e-01,9.815088843994287382e-01,-2.045503181083447100e-02,2.425554039680479779e+00,-2.239956428953214229e-01,6.370152287642266709e-02,9.725060760463845044e-01,-2.395178385447253699e+00,0.000000000000000000e+00,0.000000000000000000e+00,0.000000000000000000e+00,1.000000000000000056e-01
9.528189330089403830e-01,-1.842633643009611022e-01,2.412117191933172144e-01,2.051718367861581527e+01,1.951800179135152191e-01,9.805215539583289619e-01,-2.196002801509047350e-02,2.591506760455074332e+00,-2.324668610941875435e-01,6.800363813528639834e-02,9.702240275799093316e-01,-2.602626358652257554e+00,0.000000000000000000e+00,0.000000000000000000e+00,0.000000000000000000e+00,1.000000000000000056e-01
9.506084221187909300e-01,-1.837528047031393441e-01,2.501570198106630172e-01,2.139302999736674948e+01,1.965724503910748211e-01,9.801163704049417058e-01,-2.704019621769818485e-02,2.789457366919354975e+00,-2.402142783934188563e-01,7.487861662699923926e-02,9.678276154501668227e-01,-2.808513671017573543e+00,0.000000000000000000e+00,0.000000000000000000e+00,0.000000000000000000e+00,1.000000000000000056e-01
9.474383238513468530e-01,-1.863019576479887640e-01,2.601003711536711283e-01,2.229215520416729035e+01,2.005091744991735203e-01,9.792638339642666390e-01,-2.895538691271858089e-02,3.006307388135755154e+00,-2.493124414051782756e-01,7.958595395000454820e-02,9.651473371949266244e-01,-3.028773520936586472e+00,0.000000000000000000e+00,0.000000000000000000e+00,0.000000000000000000e+00,1.000000000000000056e-01
9.455992549219377485e-01,-1.834633246639011672e-01,2.686694206536058838e-01,2.320396577373650615e+01,1.983649090375254886e-01,9.796942196077422782e-01,-2.916502922527291347e-02,3.215530011239788877e+00,-2.578631651741102315e-01,8.087301509431180091e-02,9.627908098210871124e-01,-3.254932462752999189e+00,0.000000000000000000e+00,0.000000000000000000e+00,0.000000000000000000e+00,1.000000000000000056e-01
9.452227929940169027e-01,-1.770981136285080526e-01,2.742081868832764724e-01,2.407851027461600424e+01,1.927091781819525729e-01,9.807707138891107457e-01,-3.085416376893800050e-02,3.407358436348398190e+00,-2.634711450026858137e-01,8.200649319820985106e-02,9.611752654039250610e-01,-3.486128033506779911e+00,0.000000000000000000e+00,0.000000000000000000e+00,0.000000000000000000e+00,1.000000000000000056e-01
9.435662420275153783e-01,-1.800846352616514989e-01,2.779429276825554629e-01,2.497369660574567263e+01,1.969191187443897484e-01,9.798422317278671079e-01,-3.364612303796099546e-02,3.589149319802814375e+00,-2.662810687581924629e-01,8.647962225420872950e-02,9.600081600464467346e-01,-3.715736286546562628e+00,0.000000000000000000e+00,0.000000000000000000e+00,0.000000000000000000e+00,1.000000000000000056e-01
9.438445463259635959e-01,-1.794817030092062393e-01,2.773874378115402384e-01,2.584047600307716763e+01,1.967622364600960516e-01,9.798072584694905718e-01,-3.552968552805033098e-02,3.781292984745404429e+00,-2.654092965100455781e-01,8.811387254806127278e-02,9.601009586447806221e-01,-3.958367266902774517e+00,0.000000000000000000e+00,0.000000000000000000e+00,0.000000000000000000e+00,1.000000000000000056e-01
9.415583300775394182e-01,-1.800945941528371286e-01,2.846644484626071336e-01,2.672781959604538571e+01,1.993216906044806835e-01,9.791243473558336463e-01,-3.982933679568972929e-02,3.972078059837936159e+00,-2.715488440707621298e-01,9.424144296400441267e-02,9.577994444098906213e-01,-4.197772801220611250e+00,0.000000000000000000e+00,0.000000000000000000e+00,0.000000000000000000e+00,1.000000000000000056e-01
9.395671392153279733e-01,-1.810022044027420340e-01,2.906059065264716690e-01,2.763502034243346372e+01,2.019845199607333830e-01,9.784158832882952073e-01,-4.364187238670218238e-02,4.145654131383182062e+00,-2.764341596166373094e-01,9.970236371587733182e-02,9.558470557921442401e-01,-4.452209283209461965e+00,0.000000000000000000e+00,0.000000000000000000e+00,0.000000000000000000e+00,1.000000000000000056e-01
9.359130360161109774e-01,-1.816425827871619159e-01,3.017826388868563026e-01,2.857247645215949916e+01,2.049906028004597480e-01,9.776200975821867090e-01,-4.730536509635867304e-02,4.344713129874926416e+00,-2.864361041813859865e-01,1.061363129273137501e-01,9.522024161382838248e-01,-4.721075398937587764e+00,0.000000000000000000e+00,0.000000000000000000e+00,0.000000000000000000e+00,1.000000000000000056e-01
9.324869372015196500e-01,-1.828631487094502239e-01,3.114950734644041375e-01,2.947534954819271391e+01,2.089420331716766166e-01,9.765332227945164867e-01,-5.221198667587023667e-02,4.534243565476112181e+00,-2.946376396908838013e-01,1.137714095132021652e-01,9.488122720827151246e-01,-4.990446888055727115e+00,0.000000000000000000e+00,0.000000000000000000e+00,0.000000000000000000e+00,1.000000000000000056e-01
9.291899349413569320e-01,-1.821487349878341544e-01,3.216020882177363927e-01,3.035087440445756002e+01,2.113397780045580820e-01,9.756900522816129850e-01,-5.800362153941327620e-02,4.718895494041822403e+00,-3.032186719789219387e-01,1.218636952543092344e-01,9.450966494186210376e-01,-5.247267315903522800e+00,0.000000000000000000e+00,0.000000000000000000e+00,0.000000000000000000e+00,1.000000000000000056e-01
9.284125196142417602e-01,-1.855094105604380428e-01,3.219261592618002932e-01,3.125998073330130467e+01,2.163928140730488614e-01,9.742957477538267685e-01,-6.262544152625532101e-02,4.908607785602201901e+00,-3.020336793158704958e-01,1.278047514857345301e-01,9.446912734097777653e-01,-5.530602613281834223e+00,0.000000000000000000e+00,0.000000000000000000e+00,0.000000000000000000e+00,1.000000000000000056e-01
9.272086270552462040e-01,-1.902585698345267140e-01,3.226233694555398213e-01,3.219973666953882940e+01,2.218345911897914302e-01,9.729984473026682679e-01,-6.374508371831293096e-02,5.120679558760774519e+00,-3.017839890815670056e-01,1.306740148274214142e-01,9.443784865099901227e-01,-5.834196408486264751e+00,0.000000000000000000e+00,0.000000000000000000e+00,0.000000000000000000e+00,1.000000000000000056e-01
9.242171444056688223e-01,-1.921663282695664499e-01,3.299920790958844607e-01,3.311579054400600342e+01,2.255016602627852029e-01,9.720373973633346099e-01,-6.551564199366474717e-02,5.357504273639332126e+00,-3.081747413487332388e-01,1.349644412669792071e-01,9.417074537180500915e-01,-6.139615186823636606e+00,0.000000000000000000e+00,0.000000000000000000e+00,0.000000000000000000e+00,1.000000000000000056e-01
9.222650410715642622e-01,-1.957441620029123919e-01,3.333337922549161059e-01,3.403506640131563188e+01,2.301887672443923005e-01,9.708527486922834404e-01,-6.676879354267997724e-02,5.583279793175606187e+00,-3.105484269027505295e-01,1.383082188389960221e-01,9.404416574938667672e-01,-6.423025863050307649e+00,0.000000000000000000e+00,0.000000000000000000e+00,0.000000000000000000e+00,1.000000000000000056e-01
9.205651324855129713e-01,-1.989005521091218309e-01,3.361523571576085501e-01,3.493052287435510550e+01,2.340764447468590137e-01,9.698970697911326599e-01,-6.714083723968186646e-02,5.822342693872959885e+00,-3.126788366145054066e-01,1.404928623854653780e-01,9.394113586454754250e-01,-6.714577211958475011e+00,0.000000000000000000e+00,0.000000000000000000e+00,0.000000000000000000e+00,1.000000000000000056e-01
9.179250681927835220e-01,-2.009495845966115524e-01,3.421006191659451412e-01,3.584156403473845387e+01,2.373269522042400492e-01,9.690776273969806676e-01,-6.756086023789958928e-02,6.047189250283272699e+00,-3.179457295525764948e-01,1.432055045348742672e-01,9.372313996714962681e-01,-7.019725032502961426e+00,0.000000000000000000e+00,0.000000000000000000e+00,0.000000000000000000e+00,1.000000000000000056e-01
9.155421914214637580e-01,-2.037865441297579683e-01,3.467759221151809346e-01,3.677614049173885036e+01,2.423559416284412904e-01,9.675671316249995213e-01,-7.125618118003829160e-02,6.290210739364077597e+00,-3.210079333670359247e-01,1.492812454081928197e-01,9.352374118291053584e-01,-7.342768712247757179e+00,0.000000000000000000e+00,0.000000000000000000e+00,0.000000000000000000e+00,1.000000000000000056e-01
9.122489820934539528e-01,-2.084027629898405343e-01,3.526614283525452698e-01,3.770715394995183800e+01,2.473017749295647605e-01,9.665100964943758033e-01,-6.855702364542443084e-02,6.533207992443880840e+00,-3.265633579967966438e-01,1.497548722166752722e-01,9.332362248976533436e-01,-7.636348066781010857e+00,0.000000000000000000e+00,0.000000000000000000e+00,0.000000000000000000e+00,1.000000000000000056e-01
9.098813059063628472e-01,-2.124034959732396255e-01,3.563716656251977866e-01,3.863529248721933129e+01,2.515437060969820671e-01,9.655408493546950854e-01,-6.675801188178936973e-02,6.782154052551009116e+00,-3.299117656057857784e-01,1.503849165500316665e-01,9.319563314818528621e-01,-7.961864115177395007e+00,0.000000000000000000e+00,0.000000000000000000e+00,0.000000000000000000e+00,1.000000000000000056e-01
9.070733673975107658e-01,-2.173613179889632985e-01,3.605162459588212021e-01,3.956675559819672827e+01,2.588804337992599014e-01,9.633297487533526438e-01,-7.054584440425587522e-02,7.050192906429161077e+00,-3.319620869226597715e-01,1.573208587851695484e-01,9.300813514080632505e-01,-8.273521743348252855e+00,0.000000000000000000e+00,0.000000000000000000e+00,0.000000000000000000e+00,1.000000000000000056e-01
9.049535324249597945e-01,-2.236578529715660402e-01,3.619893216045695361e-01,4.048776255445520178e+01,2.656476794943187780e-01,9.615240752875164887e-01,-7.001973308839459786e-02,7.315068393656027013e+00,-3.324009845515967232e-01,1.595262280837720925e-01,9.295487980856591559e-01,-8.581461045075883476e+00,0.000000000000000000e+00,0.000000000000000000e+00,0.000000000000000000e+00,1.000000000000000056e-01
9.044049720802711523e-01,-2.252992366962383586e-01,3.623422421145183758e-01,4.143008692584973574e+01,2.682385829793976217e-01,9.606424693756449029e-01,-7.220878501309840880e-02,7.593262287814516398e+00,-3.318127620777848730e-01,1.625001537720977829e-01,9.292437736925418523e-01,-8.915110113198990049e+00,0.000000000000000000e+00,0.000000000000000000e+00,0.000000000000000000e+00,1.000000000000000056e-01
9.028811547507291646e-01,-2.289308699075880138e-01,3.638629923464939964e-01,4.239692525043280824e+01,2.726423765710087599e-01,9.593467172985599145e-01,-7.293840213624860902e-02,7.859615634836376152e+00,-3.323729154033191469e-01,1.650591797260360927e-01,9.285923283629184954e-01,-9.251453681384827377e+00,0.000000000000000000e+00,0.000000000000000000e+00,0.000000000000000000e+00,1.000000000000000056e-01
9.000886764066662327e-01,-2.314924511238685145e-01,3.691227704668990639e-01,4.334176237297569401e+01,2.779395555133827855e-01,9.574863411191382179e-01,-7.726260448178315365e-02,8.157467621444855155e+00,-3.355443012264087144e-01,1.721370141571783308e-01,9.261635224254582965e-01,-9.576592094155335744e+00,0.000000000000000000e+00,0.000000000000000000e+00,0.000000000000000000e+00,1.000000000000000056e-01
8.988501575864440429e-01,-2.297065258755420503e-01,3.732335812557783794e-01,4.425336360301609773e+01,2.774832700866790569e-01,9.574788357809512762e-01,-7.897666651332693744e-02,8.432651220544283177e+00,-3.392217991651301223e-01,1.745542637741715752e-01,9.243697203875888002e-01,-9.903961447022096465e+00,0.000000000000000000e+00,0.000000000000000000e+00,0.000000000000000000e+00,1.000000000000000056e-01
8.951872964466718319e-01,-2.432138803358467605e-01,3.734791998123573875e-01,4.505742779467935577e+01,2.926437546479306318e-01,9.527873954874889195e-01,-8.096796814623137550e-02,8.694378090556124761e+00,-3.361537403422132919e-01,1.817778518195981019e-01,9.240981957788858558e-01,-1.019012128711141507e+01,0.000000000000000000e+00,0.000000000000000000e+00,0.000000000000000000e+00,1.000000000000000056e-01
8.955880390580911454e-01,-2.453772070168992459e-01,3.710957970291077213e-01,4.590793751503748155e+01,2.958135618297871305e-01,9.514773208414327721e-01,-8.476582189764927944e-02,8.963763085828674093e+00,-3.322896341050344815e-01,1.856904257117072132e-01,9.247176135801390418e-01,-1.050359093429388047e+01,0.000000000000000000e+00,0.000000000000000000e+00,0.000000000000000000e+00,1.000000000000000056e-01
8.949008887922194067e-01,-2.462162743835688006e-01,3.721961115696547640e-01,4.674120016563537661e+01,2.978719945490947985e-01,9.506006938889813851e-01,-8.735328065465608471e-02,9.241656439508734167e+00,-3.323020826029228769e-01,1.890393266134383632e-01,9.240343385888307726e-01,-1.080823218993173285e+01,0.000000000000000000e+00,0.000000000000000000e+00,0.000000000000000000e+00,1.000000000000000056e-01
8.920206941598513017e-01,-2.490733577524196218e-01,3.771757463683371170e-01,4.757443144936327428e+01,3.023652396778637175e-01,9.490888360402501833e-01,-8.834955086649354250e-02,9.545997604026743133e+00,-3.359677708131019735e-01,1.928544626439800957e-01,9.219180078581699078e-01,-1.111367080550909670e+01,0.000000000000000000e+00,0.000000000000000000e+00,0.000000000000000000e+00,1.000000000000000056e-01
8.910652727203176582e-01,-2.465210351456524063e-01,3.810906178097041019e-01,4.845330788804884037e+01,3.027143867995596427e-01,9.484047967080787567e-01,-9.429921317632779243e-02,9.857591949021744071e+00,-3.381814302655197224e-01,1.993883667916058200e-01,9.197160428152504341e-01,-1.142906587954576203e+01,0.000000000000000000e+00,0.000000000000000000e+00,0.000000000000000000e+00,1.000000000000000056e-01
8.881421027134149826e-01,-2.473223356604891954e-01,3.873438623125892710e-01,4.926691928083057093e+01,3.067365317111330203e-01,9.466446587160324277e-01,-9.887664151978278748e-02,1.013257802409758312e+01,-3.422225964217133209e-01,2.066290212139787197e-01,9.166177731696752984e-01,-1.173616776921441662e+01,0.000000000000000000e+00,0.000000000000000000e+00,0.000000000000000000e+00,1.000000000000000056e-01
8.868592244826422055e-01,-2.511411832934434818e-01,3.878257624294903505e-01,5.011442661304298696e+01,3.126063895522059877e-01,9.442382753198480527e-01,-1.033988618512466096e-01,1.045168992707644051e+01,-3.402322165245098007e-01,2.129370458021989931e-01,9.159147631542202683e-01,-1.204428582987263496e+01,0.000000000000000000e+00,0.000000000000000000e+00,0.000000000000000000e+00,1.000000000000000056e-01
8.863468765335490440e-01,-2.524461775108413630e-01,3.881496385666053928e-01,5.101983468853438097e+01,3.151280568398288628e-01,9.430846540087505225e-01,-1.062339077957168976e-01,1.077155763016025958e+01,-3.392396236461407422e-01,2.164769337212629763e-01,9.154530107630127755e-01,-1.234710371010006114e+01,0.000000000000000000e+00,0.000000000000000000e+00,0.000000000000000000e+00,1.000000000000000056e-01
8.836298952145027474e-01,-2.576996817045030808e-01,3.908824405529169321e-01,5.188439904497553812e+01,3.223817292900995612e-01,9.403320187826057497e-01,-1.088380221804595843e-01,1.110325370794202726e+01,-3.395117507585441730e-01,2.221858872692571429e-01,9.139831522491216331e-01,-1.266915833159939453e+01,0.000000000000000000e+00,0.000000000000000000e+00,0.000000000000000000e+00,1.000000000000000056e-01
8.814477681939277831e-01,-2.597980790588008126e-01,3.944043484335598149e-01,5.272005287071542767e+01,3.262033240649472310e-01,9.388040796507661767e-01,-1.106268113978564060e-01,1.141517141641243960e+01,-3.415277782478648994e-01,2.261677654937480075e-01,9.122537577541910414e-01,-1.297533129710492439e+01,0.000000000000000000e+00,0.000000000000000000e+00,0.000000000000000000e+00,1.000000000000000056e-01
8.779262214425301858e-01,-2.621213388166829250e-01,4.006718775264757615e-01,5.356438331234276973e+01,3.306025712788596693e-01,9.371861718433668331e-01,-1.112835080745652738e-01,1.171309986722754459e+01,-3.463343609396099532e-01,2.301618627021536079e-01,9.094383032344893758e-01,-1.327665750569209990e+01,0.000000000000000000e+00,0.000000000000000000e+00,0.000000000000000000e+00,1.000000000000000056e-01
8.767688843132390719e-01,-2.677589999256867470e-01,3.994764592049374063e-01,5.439228015314164111e+01,3.344231274944838850e-01,9.364040365909807040e-01,-1.063421461741557994e-01,1.206123363844264951e+01,-3.455973022130324757e-01,2.268316517043277580e-01,9.105547245982310578e-01,-1.358422233171501148e+01,0.000000000000000000e+00,0.000000000000000000e+00,0.000000000000000000e+00,1.000000000000000056e-01
8.767063842748911151e-01,-2.722021486726717843e-01,3.966004362448782294e-01,5.520965008446143685e+01,3.399508178521934987e-01,9.339304426186374464e-01,-1.104869666149846108e-01,1.236981075628244575e+01,-3.403224312519992911e-01,2.316892716725068302e-01,9.113181245748334103e-01,-1.388831823834814294e+01,0.000000000000000000e+00,0.000000000000000000e+00,0.000000000000000000e+00,1.000000000000000056e-01
8.767592010347845521e-01,-2.781994896302859566e-01,3.922987985838021774e-01,5.602276537111700350e+01,3.450318881092453438e-01,9.321094041431382538e-01,-1.101138269959455740e-01,1.270033337045524036e+01,-3.350317889225072343e-01,2.318989061582055200e-01,9.132231916317129494e-01,-1.417434628954916676e+01,0.000000000000000000e+00,0.000000000000000000e+00,0.000000000000000000e+00,1.000000000000000056e-01
8.776379722502518632e-01,-2.803805356625285738e-01,3.887651538989310707e-01,5.685870439035072366e+01,3.487860173218428339e-01,9.299044628474222307e-01,-1.167304762999542556e-01,1.303716375360862578e+01,-3.287854981370577079e-01,2.380429482216194215e-01,9.139122775281697253e-01,-1.448973102605711460e+01,0.000000000000000000e+00,0.000000000000000000e+00,0.000000000000000000e+00,1.000000000000000056e-01
8.776185327114529588e-01,-2.844389651486309289e-01,3.858499528917587740e-01,5.768487410911620117e+01,3.521140070136711819e-01,9.287077102562236730e-01,-1.162657085103708521e-01,1.336880091351975253e+01,-3.252713284416148265e-01,2.379001135262825695e-01,9.152060417621864508e-01,-1.479646881344261367e+01,0.000000000000000000e+00,0.000000000000000000e+00,0.000000000000000000e+00,1.000000000000000056e-01
8.745122751124441152e-01,-2.885798834483916941e-01,3.898075570670346268e-01,5.854602462762194648e+01,3.575514558703696277e-01,9.266435910305661494e-01,-1.161404822056292252e-01,1.371892079832859146e+01,-3.276968676729088426e-01,2.409425368648915322e-01,9.135433524723796106e-01,-1.508228400650397383e+01,0.000000000000000000e+00,0.000000000000000000e+00,0.000000000000000000e+00,1.000000000000000056e-01
8.735275071290441451e-01,-2.920325165434528580e-01,3.894440955647108238e-01,5.936217774101515943e+01,3.623238512372796150e-01,9.243532040155515439e-01,-1.195515832215102436e-01,1.406187141240373073e+01,-3.250709478152474796e-01,2.455364810114415153e-01,9.132582960909879644e-01,-1.535975703516754010e+01,0.000000000000000000e+00,0.000000000000000000e+00,0.000000000000000000e+00,1.000000000000000056e-01
8.728320526140636026e-01,-2.969162580404034468e-01,3.873047167809928748e-01,6.009739622001910675e+01,3.676017581505248710e-01,9.219984385463274590e-01,-1.216052084525042210e-01,1.436849299188720686e+01,-3.209877806617622564e-01,2.485148185308443947e-01,9.138967281024797940e-01,-1.562674167306611217e+01,0.000000000000000000e+00,0.000000000000000000e+00,0.000000000000000000e+00,1.000000000000000056e-01
8.711321727097808276e-01,-3.034391187566537473e-01,3.860743955225752755e-01,6.082456801993926376e+01,3.744812894481983623e-01,9.190931784876710253e-01,-1.226029898111977712e-01,1.467885785846513791e+01,-3.176358001283091648e-01,2.513810463531716000e-01,9.142839099597199759e-01,-1.588623313856929897e+01,0.000000000000000000e+00,0.000000000000000000e+00,0.000000000000000000e+00,1.000000000000000056e-01
8.714453483999196060e-01,-3.051086829263068290e-01,3.840464768164357778e-01,6.153169186701628490e+01,3.770016888690004842e-01,9.175305059224326820e-01,-1.265207385832302633e-01,1.498864610833987143e+01,-3.137717822591191696e-01,2.550420794784639678e-01,9.146041801529428694e-01,-1.613921232955884122e+01,0.000000000000000000e+00,0.000000000000000000e+00,0.000000000000000000e+00,1.000000000000000056e-01
8.713569769639399887e-01,-3.102838052897102794e-01,3.800802268879572288e-01,6.224554559861172010e+01,3.828543951512686783e-01,9.144451295635993571e-01,-1.311968640279493337e-01,1.529845919538742649e+01,-3.068542501084515206e-01,2.598346882006888348e-01,9.156016622953623285e-01,-1.638986448707360211e+01,0.000000000000000000e+00,0.000000000000000000e+00,0.000000000000000000e+00,1.000000000000000056e-01
8.696771327777850225e-01,-3.136886947749603083e-01,3.811313257838992996e-01,6.291741778382910155e+01,3.872657761218418759e-01,9.123594445461207236e-01,-1.327609226852593804e-01,1.560096419543820900e+01,-3.060831641370664880e-01,2.630582572698978439e-01,9.149390416382754410e-01,-1.661802637216163703e+01,0.000000000000000000e+00,0.000000000000000000e+00,0.000000000000000000e+00,1.000000000000000056e-01
8.679525953556750384e-01,-3.191812041887644447e-01,3.805018411360950870e-01,6.359805767271932808e+01,3.933214448195028745e-01,9.095503231721664417e-01,-1.342253726480447662e-01,1.591995365487580116e+01,-3.032433564984510221e-01,2.661607944645829615e-01,9.149873759946283158e-01,-1.684277502667118043e+01,0.000000000000000000e+00,0.000000000000000000e+00,0.000000000000000000e+00,1.000000000000000056e-01
8.642002494107317023e-01,-3.253755099118686989e-01,3.837821080613589286e-01,6.426175884332681676e+01,4.017266031826749462e-01,9.054622207316848082e-01,-1.369448908245770036e-01,1.621583824774643290e+01,-3.029416861604535827e-01,2.725232914399008943e-01,9.132126753440428235e-01,-1.706264304802782306e+01,0.000000000000000000e+00,0.000000000000000000e+00,0.000000000000000000e+00,1.000000000000000056e-01
8.638580618419842150e-01,-3.285083539343899295e-01,3.818789211071073053e-01,6.487764894949698657e+01,4.049434954934214570e-01,9.037817045779698022e-01,-1.385618848302401784e-01,1.650832147488068813e+01,-2.996164455569487739e-01,2.743371864429920426e-01,9.137664327859515989e-01,-1.725780882360330537e+01,0.000000000000000000e+00,0.000000000000000000e+00,0.000000000000000000e+00,1.000000000000000056e-01
8.644990146537879783e-01,-3.348756926136227108e-01,3.748329283283102775e-01,6.546325074098881203e+01,4.093285406439941543e-01,9.018353678821158237e-01,-1.383586464634095903e-01,1.679151990768668767e+01,-2.917046442497748249e-01,2.730407290743914750e-01,9.167099654687065335e-01,-1.743998332163209142e+01,0.000000000000000000e+00,0.000000000000000000e+00,0.000000000000000000e+00,1.000000000000000056e-01
8.666454941432145676e-01,-3.354055059571241504e-01,3.693626051117100406e-01,6.605084363319765828e+01,4.100346353716732839e-01,9.005850520969551631e-01,-1.442850017678325436e-01,1.705913778428912053e+01,-2.842484569472321088e-01,2.764954077614491523e-01,9.180158518293393133e-01,-1.762811759422744018e+01,0.000000000000000000e+00,0.000000000000000000e+00,0.000000000000000000e+00,1.000000000000000056e-01
8.680191346897411231e-01,-3.365389813118730977e-01,3.650812181830774827e-01,6.669098493477955003e+01,4.110972732344603253e-01,8.994479287588220684e-01,-1.482985346881636468e-01,1.736718014340251770e+01,-2.784633077295185499e-01,2.788098590599545901e-01,9.190882703741266591e-01,-1.782558089502503051e+01,0.000000000000000000e+00,0.000000000000000000e+00,0.000000000000000000e+00,1.000000000000000056e-01
8.681808998180682302e-01,-3.407008911118465377e-01,3.608113468097739474e-01,6.729685876933652366e+01,4.145590410200613585e-01,8.975826802749971023e-01,-1.499537714726758564e-01,1.765614080435488376e+01,-2.727686321768256206e-01,2.797646061708773391e-01,9.205047737162679322e-01,-1.801611895528868246e+01,0.000000000000000000e+00,0.000000000000000000e+00,0.000000000000000000e+00,1.000000000000000056e-01
8.666434676363405920e-01,-3.439430120752812736e-01,3.614309124132051854e-01,6.788859705459485383e+01,4.182789898322087363e-01,8.957570920799452496e-01,-1.505387612989677326e-01,1.794629366729312636e+01,-2.719775480958052660e-01,2.816423910441456790e-01,9.201661680907043950e-01,-1.818939817112351065e+01,0.000000000000000000e+00,0.000000000000000000e+00,0.000000000000000000e+00,1.000000000000000056e-01
8.648253124803424452e-01,-3.511700334190980821e-01,3.588269590230195316e-01,6.843306284653449723e+01,4.259813216594648400e-01,8.914931323448515021e-01,-1.542073557883041346e-01,1.819393321221475901e+01,-2.657387673835598374e-01,2.862160069080599278e-01,9.205777017172812604e-01,-1.835809036486741874e+01,0.000000000000000000e+00,0.000000000000000000e+00,0.000000000000000000e+00,1.000000000000000056e-01
8.639340872550715922e-01,-3.579546701146778531e-01,3.542405214283629866e-01,6.893390081535147829e+01,4.327807080677702478e-01,8.874083608978343696e-01,-1.587679430268540970e-01,1.842721068836513254e+01,-2.575242738133742271e-01,2.904735016343334419e-01,9.215782078831851187e-01,-1.848835468492733014e+01,0.000000000000000000e+00,0.000000000000000000e+00,0.000000000000000000e+00,1.000000000000000056e-01
8.651878135573083384e-01,-3.577270927497700481e-01,3.513991667387983409e-01,6.947511685174750085e+01,4.344539188907463045e-01,8.846850656356295417e-01,-1.690624943674812475e-01,1.867645432839668374e+01,-2.503993602875158597e-01,2.989375549409595267e-01,9.208346749626252770e-01,-1.864139854676133368e+01,0.000000000000000000e+00,0.000000000000000000e+00,0.000000000000000000e+00,1.000000000000000056e-01
8.674262306440088111e-01,-3.563777082100865190e-01,3.472271064903391657e-01,7.001736025631585392e+01,4.339967932714804411e-01,8.832156803345816432e-01,-1.776987491267001673e-01,1.892659923329098248e+01,-2.433485521239006355e-01,3.048360068988709148e-01,9.207912309949268792e-01,-1.878423411175440094e+01,0.000000000000000000e+00,0.000000000000000000e+00,0.000000000000000000e+00,1.000000000000000056e-01
8.691551956916085953e-01,-3.582439260404876036e-01,3.409259967461840679e-01,7.052456275579126554e+01,4.343038401447469887e-01,8.826554304898190928e-01,-1.797207986359902199e-01,1.917801946860586426e+01,-2.365362979286847189e-01,3.042707355003594905e-01,9.227512662035542990e-01,-1.891589381452235230e+01,0.000000000000000000e+00,0.000000000000000000e+00,0.000000000000000000e+00,1.000000000000000056e-01
8.711084995792810481e-01,-3.571662387464936694e-01,3.370493433614971668e-01,7.102187626718141189e+01,4.311136591246420569e-01,8.848566784588167700e-01,-1.765493458016543227e-01,1.944871267325028086e+01,-2.351828966504486695e-01,2.991002114451156713e-01,9.247854176167525919e-01,-1.904853321280055312e+01,0.000000000000000000e+00,0.000000000000000000e+00,0.000000000000000000e+00,1.000000000000000056e-01
8.716118325576412973e-01,-3.546039713282919115e-01,3.384506416949364382e-01,7.151334444334443674e+01,4.302739473859424901e-01,8.842328954196492230e-01,-1.816494339619669773e-01,1.966906017750306290e+01,-2.348555801901021090e-01,3.039542896160337682e-01,9.232847048866252848e-01,-1.918162143419444732e+01,0.000000000000000000e+00,0.000000000000000000e+00,0.000000000000000000e+00,1.000000000000000056e-01
8.730218154658949681e-01,-3.519823799400283448e-01,3.375519425694160636e-01,7.203925626736031518e+01,4.285196931290814470e-01,8.840952110643720552e-01,-1.864042123279444629e-01,1.990356353732988381e+01,-2.328170576250603863e-01,3.073825987020037398e-01,9.226657876468663533e-01,-1.930664073029208083e+01,0.000000000000000000e+00,0.000000000000000000e+00,0.000000000000000000e+00,1.000000000000000056e-01
8.744138177842215587e-01,-3.481127987396930301e-01,3.379614691375929514e-01,7.253806411560231027e+01,4.252978578202226689e-01,8.851824147048809044e-01,-1.886102458265880299e-01,2.011351274961204183e+01,-2.334999087827485387e-01,3.086576939764409389e-01,9.220673622613446696e-01,-1.943508560880896141e+01,0.000000000000000000e+00,0.000000000000000000e+00,0.000000000000000000e+00,1.000000000000000056e-01
8.786788491424846193e-01,-3.429691347193870032e-01,3.321078931604513063e-01,7.299119455604959228e+01,4.187843734682921704e-01,8.877166628517739744e-01,-1.912557843153504522e-01,2.033745486750359888e+01,-2.292228797664158657e-01,3.071340084151295002e-01,9.236479698816245643e-01,-1.953780747121345485e+01,0.000000000000000000e+00,0.000000000000000000e+00,0.000000000000000000e+00,1.000000000000000056e-01
8.840978547697890821e-01,-3.358706280925715659e-01,3.249029153088017208e-01,7.344493865349294026e+01,4.095803378621681312e-01,8.916830082257829471e-01,-1.927313147314947683e-01,2.056620499186263018e+01,-2.249776211719048402e-01,3.034671877256579497e-01,9.259010400392210238e-01,-1.964974567741027656e+01,0.000000000000000000e+00,0.000000000000000000e+00,0.000000000000000000e+00,1.000000000000000056e-01
8.921185909948351478e-01,-3.206030348713898581e-01,3.183364786395748158e-01,7.389887280925947266e+01,3.918370969488095268e-01,8.998005085218701016e-01,-1.918925071974235674e-01,2.075348469832469789e+01,-2.249180051843768791e-01,2.959269147864694305e-01,9.283529242959502881e-01,-1.976661427441106866e+01,0.000000000000000000e+00,0.000000000000000000e+00,0.000000000000000000e+00,1.000000000000000056e-01
8.973538783020207354e-01,-3.079383293003977173e-01,3.161170707886591380e-01,7.437068272301389982e+01,3.795675191450584296e-01,9.039715492749510473e-01,-1.968855924426937409e-01,2.093156413448956599e+01,-2.251322178329614454e-01,2.966638222788963719e-01,9.280657633187894273e-01,-1.986914291172179858e+01,0.000000000000000000e+00,0.000000000000000000e+00,0.000000000000000000e+00,1.000000000000000056e-01
9.043935156387947760e-01,-2.875415743121192969e-01,3.152653040101447424e-01,7.483575868817541732e+01,3.604043345183712277e-01,9.102975493466730628e-01,-2.036346908407585254e-01,2.110961794147448956e+01,-2.284317940455552476e-01,2.977888760440008942e-01,9.268984306673411222e-01,-1.998761095871649474e+01,0.000000000000000000e+00,0.000000000000000000e+00,0.000000000000000000e+00,1.000000000000000056e-01
9.118731733951854768e-01,-2.646977367311383889e-01,3.137234830413672126e-01,7.528264134265609187e+01,3.379800465220580419e-01,9.178993377430938461e-01,-2.079189599909955222e-01,2.130579524581751372e+01,-2.329308991850190802e-01,2.956279992493990871e-01,9.264703353398077157e-01,-2.008323169694323340e+01,0.000000000000000000e+00,0.000000000000000000e+00,0.000000000000000000e+00,1.000000000000000056e-01
9.205996807690649542e-01,-2.379416280178893450e-01,3.096449731936432581e-01,7.571429421506003621e+01,3.115114150701151496e-01,9.256322493166901921e-01,-2.148617632477665129e-01,2.141044146783340096e+01,-2.354928152808703767e-01,2.942596144242719536e-01,9.262582864784361103e-01,-2.020930007947500684e+01,0.000000000000000000e+00,0.000000000000000000e+00,0.000000000000000000e+00,1.000000000000000056e-01
