9.999999999999998890e-01,-4.266481010087946759e-09,1.095379958626293612e-08,7.579140919985831430e-15,4.266481029809757323e-09,1.000000000000000000e+00,-1.800453806351081673e-09,4.808099670082948953e-15,-1.095379957858133329e-08,1.800453853085259720e-09,9.999999999999998890e-01,-2.142705419600352356e-14,0.000000000000000000e+00,0.000000000000000000e+00,0.000000000000000000e+00,1.000000000000000056e-01
9.998676129461843143e-01,-1.204390659618571890e-02,1.094079042855695266e-02,6.526076495866020011e-01,1.207692936820412358e-02,9.999226981540655368e-01,-2.957278026997554182e-03,3.974983966118712450e-03,-1.090432750492473235e-02,3.089017674910252143e-03,9.999357747432928711e-01,3.080277009353429678e-03,0.000000000000000000e+00,0.000000000000000000e+00,0.000000000000000000e+00,1.000000000000000056e-01
9.995799501242317309e-01,-1.831609839486116748e-02,2.245982745321574089e-02,1.337133040347581625e+00,1.840332590268255186e-02,9.998238604113095507e-01,-3.683170909137074150e-03,-2.348950395494626454e-03,-2.238841006766922534e-02,4.094959317993803610e-03,9.997409616509798091e-01,-1.223392809274581085e-02,0.000000000000000000e+00,0.000000000000000000e+00,0.000000000000000000e+00,1.000000000000000056e-01
9.991635324525596218e-01,-2.580652235374930950e-02,3.172158288812692434e-02,2.068935464034147742e+00,2.603177872443531229e-02,9.996386051685529628e-01,-6.708617824263162117e-03,1.866022726174603602e-02,-3.153699277618122326e-02,7.528775509697539954e-03,9.994742295957208533e-01,-3.545019615285304598e-02,0.000000000000000000e+00,0.000000000000000000e+00,0.000000000000000000e+00,1.000000000000000056e-01
9.985018976626165443e-01,-3.441302826647429924e-02,4.254061411973730777e-02,2.801047938026160367e+00,3.481297935007128530e-02,9.993560052842535013e-01,-8.696618369836057322e-03,6.728449743516237702e-02,-4.221394121525567922e-02,1.016455546641863855e-02,9.990568877592732600e-01,-7.611586197772482465e-02,0.000000000000000000e+00,0.000000000000000000e+00,0.000000000000000000e+00,1.000000000000000056e-01
9.977648970715103927e-01,-4.324727205594584845e-02,5.094000031014272317e-02,3.552021059561015104e+00,4.379427302103941488e-02,9.989937618579706191e-01,-9.670854120440502619e-03,9.328446419865037142e-02,-5.047050447971562076e-02,1.188011904734913131e-02,9.986548908151322568e-01,-1.108246913955294594e-01,0.000000000000000000e+00,0.000000000000000000e+00,0.000000000000000000e+00,1.000000000000000056e-01
9.967676257401220097e-01,-5.223982199710525132e-02,6.103524616244957596e-02,4.310712251241418436e+00,5.298139989499310587e-02,9.985392986471478549e-01,-1.059435332754879097e-02,1.479448899610961710e-01,-6.039264476380282881e-02,1.379384119717485396e-02,9.980793848203960428e-01,-1.425246617688523953e-01,0.000000000000000000e+00,0.000000000000000000e+00,0.000000000000000000e+00,1.000000000000000056e-01
9.954849458002709151e-01,-6.180138029659566767e-02,7.204382054324517948e-02,5.114824833169502760e+00,6.262620452478799560e-02,9.979942355945045085e-01,-9.244686417611638202e-03,2.152374326777360680e-01,-7.132798323134603713e-02,1.371477719746501747e-02,9.973586234121468719e-01,-1.933878377735173126e-01,0.000000000000000000e+00,0.000000000000000000e+00,0.000000000000000000e+00,1.000000000000000056e-01
9.942800131112257134e-01,-6.633826677434555286e-02,8.370477817255479736e-02,5.889855282637062039e+00,6.721150476902544579e-02,9.977093852693030840e-01,-7.654813664133125993e-03,2.820826096310705133e-01,-8.300523570368385784e-02,1.323695232767315572e-02,9.964611954004284344e-01,-2.428206399729008202e-01,0.000000000000000000e+00,0.000000000000000000e+00,0.000000000000000000e+00,1.000000000000000056e-01
9.926543874007939250e-01,-7.478462656469729575e-02,9.510271711961389152e-02,6.693751833762667580e+00,7.605702378586039203e-02,9.970551084850931556e-01,-9.820375584272421354e-03,3.412740038273335275e-01,-9.408823681412888107e-02,1.698146852771807713e-02,9.954190240395501821e-01,-3.081843458259109769e-01,0.000000000000000000e+00,0.000000000000000000e+00,0.000000000000000000e+00,1.000000000000000056e-01
9.909482254349645247e-01,-8.247725162224704698e-02,1.059203354985962936e-01,7.526033919385427318e+00,8.433128197953422556e-02,9.963511508788835958e-01,-1.313845584581234058e-02,4.081713270014640793e-01,-1.044502244467810509e-01,2.195192718566236698e-02,9.942878172369671308e-01,-3.804335439946540665e-01,0.000000000000000000e+00,0.000000000000000000e+00,0.000000000000000000e+00,1.000000000000000056e-01
9.892234842694381802e-01,-8.899936743122760507e-02,1.162583793396156362e-01,8.365044834773105009e+00,9.123680398859304597e-02,9.957300062176609456e-01,-1.405703794275027160e-02,4.982943106194696603e-01,-1.145108892978291271e-01,2.451259502007512373e-02,9.931195239836956290e-01,-4.709897808080122927e-01,0.000000000000000000e+00,0.000000000000000000e+00,0.000000000000000000e+00,1.000000000000000056e-01
9.875603858996715445e-01,-9.571276662411593028e-02,1.247539598844436409e-01,9.214126142903168670e+00,9.830597802817647723e-02,9.950464051627705420e-01,-1.478466288324053329e-02,6.092453484925167695e-01,-1.227208983246762947e-01,2.686480742169769509e-02,9.920775490033929556e-01,-5.653957118807861892e-01,0.000000000000000000e+00,0.000000000000000000e+00,0.000000000000000000e+00,1.000000000000000056e-01
9.858391486318652808e-01,-1.008137496867619054e-01,1.340065703571802214e-01,9.995446304560664075e+00,1.041871576318559589e-01,9.943877501805604702e-01,-1.838582267504056816e-02,7.094288054130173382e-01,-1.314009482819427088e-01,3.208722744236636865e-02,9.908098710780328666e-01,-6.545214947413361406e-01,0.000000000000000000e+00,0.000000000000000000e+00,0.000000000000000000e+00,1.000000000000000056e-01
9.836624783253965498e-01,-1.082057399188500191e-01,1.438737174863876922e-01,1.082469468257278145e+01,1.120823240627623341e-01,9.935154644901844634e-01,-1.909383281436781432e-02,8.147786171028105207e-01,-1.408747009488525437e-01,3.490758753433545469e-02,9.894118348620578596e-01,-7.710918138809212952e-01,0.000000000000000000e+00,0.000000000000000000e+00,0.000000000000000000e+00,1.000000000000000056e-01
9.818123236538605081e-01,-1.131855634143406619e-01,1.524256846990866832e-01,1.163189454472081685e+01,1.176408854714154906e-01,9.928444662547124544e-01,-2.050580144487213624e-02,9.238059816361140486e-01,-1.490140368787733482e-01,3.806434108156193930e-02,9.881021823430601314e-01,-8.647311590203983211e-01,0.000000000000000000e+00,0.000000000000000000e+00,0.000000000000000000e+00,1.000000000000000056e-01
9.800082497896175360e-01,-1.186748916732521114e-01,1.596875086869115334e-01,1.249550012657424780e+01,1.231992371748288212e-01,9.922057296591122455e-01,-1.870128314231471467e-02,1.057107989374794554e+00,-1.562234883230778359e-01,3.800079101769627404e-02,9.869904566804070800e-01,-9.925725505700868645e-01,0.000000000000000000e+00,0.000000000000000000e+00,0.000000000000000000e+00,1.000000000000000056e-01
9.781192105365715816e-01,-1.260805434341051023e-01,1.654886900868897393e-01,1.339995497901406551e+01,1.308686944609706859e-01,9.912305915677908086e-01,-1.831117555615938142e-02,1.184506516357366701e+00,-1.617287692075686512e-01,3.956780139871461655e-02,9.860416798001374605e-01,-1.135416014113028949e+00,0.000000000000000000e+00,0.000000000000000000e+00,0.000000000000000000e+00,1.000000000000000056e-01
9.772474553099207428e-01,-1.244567665244271232e-01,1.717495978352457653e-01,1.426953466697679040e+01,1.290677111945911504e-01,9.915082698493149493e-01,-1.590209883655757661e-02,1.315749462031478023e+00,-1.683120227947903780e-01,3.770761311329941939e-02,9.850122836269726845e-01,-1.269839342159958973e+00,0.000000000000000000e+00,0.000000000000000000e+00,0.000000000000000000e+00,1.000000000000000056e-01
9.727874505407153594e-01,-1.458267289996150184e-01,1.800531620932220855e-01,1.524258937313789275e+01,1.509006093343371879e-01,9.884390913948531976e-01,-1.473664497240893476e-02,1.550859155933284050e+00,-1.758225872094396625e-01,4.150575516467473747e-02,9.835464859960555417e-01,-1.433798087248289166e+00,0.000000000000000000e+00,0.000000000000000000e+00,0.000000000000000000e+00,1.000000000000000056e-01
9.711605036501201882e-01,-1.477421131417297473e-01,1.871350959987496121e-01,1.616636275704933468e+01,1.533177659655673430e-01,9.880538214156343590e-01,-1.559835328774484935e-02,1.715445754978197845e+00,-1.825950130462834498e-01,4.383963948731905980e-02,9.822103375653554735e-01,-1.596722187389134850e+00,0.000000000000000000e+00,0.000000000000000000e+00,0.000000000000000000e+00,1.000000000000000056e-01
9.680120634243590816e-01,-1.553830454804763228e-01,1.969993762480655164e-01,1.704946378807198215e+01,1.622575806816715094e-01,9.865626299307672653e-01,-1.914823060804278845e-02,1.876304941927186443e+00,-1.913769123385720694e-01,5.050036040762641287e-02,9.802166041352565751e-01,-1.757209408367110148e+00,0.000000000000000000e+00,0.000000000000000000e+00,0.000000000000000000e+00,1.000000000000000056e-01
9.653847356747266018e-01,-1.622490400412975875e-01,2.042242912386175724e-01,1.787752361018123537e+01,1.699960898801475273e-01,9.852239419625434813e-01,-2.085937701005464648e-02,2.015916456750375119e+00,-1.978222473628764577e-01,5.485465513030052254e-02,9.787018571857503124e-01,-1.912195368171386800e+00,0.000000000000000000e+00,0.000000000000000000e+00,0.000000000000000000e+00,1.000000000000000056e-01
9.629557593313868846e-01,-1.669847856219114079e-01,2.117363618779648515e-01,1.875092986549501362e+01,1.762242508935219221e-01,9.840221207142411108e-01,-2.540628548340934101e-02,2.161616064224082923e+00,-2.041108007125768120e-01,6.177821068833046214e-02,9.769965372081003130e-01,-2.089195026750020112e+00,0.000000000000000000e+00,0.000000000000000000e+00,0.000000000000000000e+00,1.000000000000000056e-01
9.597331620065862046e-01,-1.729543603543687025e-01,2.213572835468734235e-01,1.965228302564434415e+01,1.831849587646127986e-01,9.827241149503406215e-01,-2.639289255608144938e-02,2.335301764979929029e+00,-2.129683747114741454e-01,6.587945908612884149e-02,9.748355595910893623e-01,-2.274133318509376167e+00,0.000000000000000000e+00,0.000000000000000000e+00,0.000000000000000000e+00,1.000000000000000056e-01
9.569883618380499168e-01,-1.765391331111099138e-01,2.302329467884719483e-01,2.054896374363015354e+01,1.878947693997069512e-01,9.817846084379123761e-01,-2.818755517326817714e-02,2.494291101313090842e+00,-2.210629569574162900e-01,7.023472869452049294e-02,9.727272238127452342e-01,-2.471134897413542308e+00,0.000000000000000000e+00,0.000000000000000000e+00,0.000000000000000000e+00,1.000000000000000056e-01
9.550070659846443544e-01,-1.758911448822081114e-01,2.387965851335133449e-01,2.142859336201836840e+01,1.891385869079806603e-01,9.813768663409204729e-01,-3.355653667063045881e-02,2.685224393193034409e+00,-2.284471467579611559e-01,7.721237830102894995e-02,9.704896443420946150e-01,-2.666261432927264696e+00,0.000000000000000000e+00,0.000000000000000000e+00,0.000000000000000000e+00,1.000000000000000056e-01
9.521086141840308104e-01,-1.782929810203219556e-01,2.483964567288581560e-01,2.233194938289351583e+01,1.929522606313705257e-01,9.805559108242294375e-01,-3.577053067693369837e-02,2.894725567152093504e+00,-2.371889793262074442e-01,8.198608825009828793e-02,9.679977631273943839e-01,-2.875046452573863487e+00,0.000000000000000000e+00,0.000000000000000000e+00,0.000000000000000000e+00,1.000000000000000056e-01
9.504825158027920828e-01,-1.752646333980210358e-01,2.566423492587541766e-01,2.324811375222889609e+01,1.906818654539712277e-01,9.809816100425386987e-01,-3.626991791198536097e-02,3.096327250901200312e+00,-2.454045911147317849e-01,8.341096473609345419e-02,9.658256559139467567e-01,-3.089248919759105760e+00,0.000000000000000000e+00,0.000000000000000000e+00,0.000000000000000000e+00,1.000000000000000056e-01
9.502500445393654571e-01,-1.687092929259650931e-01,2.618435168824214121e-01,2.412703638153887908e+01,1.848822264959577577e-01,9.820170149993483477e-01,-3.822492089811189986e-02,3.280731992494410054e+00,-2.506858894689356076e-01,8.473344518069851616e-02,9.643530619482566513e-01,-3.308659547937610412e+00,0.000000000000000000e+00,0.000000000000000000e+00,0.000000000000000000e+00,1.000000000000000056e-01
9.487961513645792877e-01,-1.715741574191511354e-01,2.652322975462653165e-01,2.502659856173577069e+01,1.889552679113233047e-01,9.811181837013127627e-01,-4.126761853072064695e-02,3.454730773864045812e+00,-2.531437731494146082e-01,8.927159747951973756e-02,9.633009976114071948e-01,-3.525933014841495350e+00,0.000000000000000000e+00,0.000000000000000000e+00,0.000000000000000000e+00,1.000000000000000056e-01
9.491848410456003027e-01,-1.708133248675122173e-01,2.643311286567365803e-01,2.589813675567540940e+01,1.886313476750721696e-01,9.810900453594180171e-01,-4.336516540889841231e-02,3.639267711247103243e+00,-2.519252909168202548e-01,9.102269466655450725e-02,9.634565464265187895e-01,-3.756195681630732697e+00,0.000000000000000000e+00,0.000000000000000000e+00,0.000000000000000000e+00,1.000000000000000056e-01
9.471275881474601199e-01,-1.713429975731035337e-01,2.712764437850044841e-01,2.679029431639714431e+01,1.910945128976383744e-01,9.804000279865120460e-01,-4.794447063490039213e-02,3.822076272708081479e+00,-2.577444837632604235e-01,9.724897072313892776e-02,9.613066205862208502e-01,-3.982641995178376249e+00,0.000000000000000000e+00,0.000000000000000000e+00,0.000000000000000000e+00,1.000000000000000056e-01
9.453501399315682452e-01,-1.721691715323582506e-01,2.768950871814555570e-01,2.770244296664329298e+01,1.936612244577869679e-01,9.796880550462921944e-01,-5.202542591006649453e-02,3.987410092602563516e+00,-2.623136349351194441e-01,1.028060852939871456e-01,9.594907325001374998e-01,-4.223617967871190260e+00,0.000000000000000000e+00,0.000000000000000000e+00,0.000000000000000000e+00,1.000000000000000056e-01
9.419858878736450114e-01,-1.727531348976741044e-01,2.877828025263612921e-01,2.864541446757784371e+01,1.966281999573586681e-01,9.788773960215991776e-01,-5.600352256333838985e-02,4.177849729247467891e+00,-2.720292962686732818e-01,1.093407423653204452e-01,9.560568309627681671e-01,-4.478135252749387618e+00,0.000000000000000000e+00,0.000000000000000000e+00,0.000000000000000000e+00,1.000000000000000056e-01
9.388367780267308227e-01,-1.739480416403011431e-01,2.971995676879275461e-01,2.955382729495409322e+01,2.005391325364871413e-01,9.777715446953421097e-01,-6.121162230816781097e-02,4.358998798219692716e+00,-2.799456385548811932e-01,1.170678657599454053e-01,9.528512760449613372e-01,-4.733370624049726416e+00,0.000000000000000000e+00,0.000000000000000000e+00,0.000000000000000000e+00,1.000000000000000056e-01
9.358072155913623735e-01,-1.732230018963432927e-01,3.070157110982447701e-01,3.043477037728667867e+01,2.029081366183849988e-01,9.768817571933162691e-01,-6.730765600549028227e-02,4.535371207079493594e+00,-2.882588131197314496e-01,1.252829760059923636e-01,9.493213536953046816e-01,-4.976168860318460396e+00,0.000000000000000000e+00,0.000000000000000000e+00,0.000000000000000000e+00,1.000000000000000056e-01
9.351810445572782404e-01,-1.765570748612393104e-01,3.070244505201510377e-01,3.134983427940270317e+01,2.078539463680380284e-01,9.754956554546200254e-01,-7.214543068271177251e-02,4.716482157755723215e+00,-2.867632313948054179e-01,1.312852828979849118e-01,9.489631307982441255e-01,-5.244662433925552314e+00,0.000000000000000000e+00,0.000000000000000000e+00,0.000000000000000000e+00,1.000000000000000056e-01
9.341431886754267833e-01,-1.812411175213415881e-01,3.074543224137875064e-01,3.229619832891719966e+01,2.132063979636355522e-01,9.742397654667511731e-01,-7.348408841825293525e-02,4.919627161589247955e+00,-2.862158886551859349e-01,1.341958892921276958e-01,9.487212068771400109e-01,-5.532516697930717875e+00,0.000000000000000000e+00,0.000000000000000000e+00,0.000000000000000000e+00,1.000000000000000056e-01
9.313972725060648550e-01,-1.831098723801173334e-01,3.145948114721544564e-01,3.321927976127225435e+01,2.168557674881191333e-01,9.732771322251800861e-01,-7.553277430803227721e-02,5.147703140195488913e+00,-2.923571392584796702e-01,1.385727192648916195e-01,9.462160982566991674e-01,-5.822094950007434377e+00,0.000000000000000000e+00,0.000000000000000000e+00,0.000000000000000000e+00,1.000000000000000056e-01
9.296381296548956730e-01,-1.866439718698862105e-01,3.177058004764477528e-01,3.414522320063313288e+01,2.214955536397585079e-01,9.721146153887277874e-01,-7.702528328700095073e-02,5.364457892600182021e+00,-2.944701472298408285e-01,1.419760624621595191e-01,9.450556227430091383e-01,-6.089408645101122453e+00,0.000000000000000000e+00,0.000000000000000000e+00,0.000000000000000000e+00,1.000000000000000056e-01
9.281150124598064322e-01,-1.897425284540642521e-01,3.203128104565783896e-01,3.504772949728974396e+01,2.253390359778338348e-01,9.711827358513109854e-01,-7.762997133158827667e-02,5.594744111794604180e+00,-2.963525645431701050e-01,1.442285217293074462e-01,9.441256754312239430e-01,-6.364869515670120492e+00,0.000000000000000000e+00,0.000000000000000000e+00,0.000000000000000000e+00,1.000000000000000056e-01
9.256914291577459375e-01,-1.917473030609887497e-01,3.260802811467249374e-01,3.596596271949704260e+01,2.285867920008188836e-01,9.703688371585055261e-01,-7.830963155592118863e-02,5.810648300971957170e+00,-3.014024825821184361e-01,1.470282001538721628e-01,9.420930165609172624e-01,-6.653520300833942969e+00,0.000000000000000000e+00,0.000000000000000000e+00,0.000000000000000000e+00,1.000000000000000056e-01
9.235071364379932035e-01,-1.946096997526564898e-01,3.305474757281904874e-01,3.690832171755275226e+01,2.336028943410440595e-01,9.688472288217320205e-01,-8.224800885089789126e-02,6.044500980263228129e+00,-3.042437455455490602e-01,1.531734701788507180e-01,9.401987190641050152e-01,-6.959305219909830420e+00,0.000000000000000000e+00,0.000000000000000000e+00,0.000000000000000000e+00,1.000000000000000056e-01
9.204489857759003968e-01,-1.991604847654012134e-01,3.363164668762544940e-01,3.784672673675854782e+01,2.385736942893366686e-01,9.678398007617819987e-01,-7.980421326303739626e-02,6.278094136806962489e+00,-3.096066164946326138e-01,1.536919691116117592e-01,9.383616156116686424e-01,-7.235445859149353787e+00,0.000000000000000000e+00,0.000000000000000000e+00,0.000000000000000000e+00,1.000000000000000056e-01
9.182671681040615042e-01,-2.031027531505895101e-01,3.399039270805765955e-01,3.878293694991257468e+01,2.428216114214834520e-01,9.669109259258964473e-01,-7.823634930005127219e-02,6.517846619510116568e+00,-3.127668029200371125e-01,1.543778902167542433e-01,9.372002955630148735e-01,-7.543291608529851366e+00,0.000000000000000000e+00,0.000000000000000000e+00,0.000000000000000000e+00,1.000000000000000056e-01
9.156563477261376871e-01,-2.081286720849968019e-01,3.438835685591365432e-01,3.972255142186858734e+01,2.501672846581747267e-01,9.647025394642578799e-01,-8.225168714359493150e-02,6.776493869685191740e+00,-3.146264174470832509e-01,1.613426980292194945e-01,9.354029886829877682e-01,-7.836862302586718343e+00,0.000000000000000000e+00,0.000000000000000000e+00,0.000000000000000000e+00,1.000000000000000056e-01
9.136938702936536760e-01,-2.144144708304993041e-01,3.452389695360024713e-01,4.065168289787935407e+01,2.569295393610668277e-01,9.629513215725595821e-01,-8.192657740544806444e-02,7.032033134061151713e+00,-3.148820782316991695e-01,1.635579010018709256e-01,9.349321311348478547e-01,-8.126713132138426943e+00,0.000000000000000000e+00,0.000000000000000000e+00,0.000000000000000000e+00,1.000000000000000056e-01
9.132263695114682944e-01,-2.160531784570600411e-01,3.454542257774609326e-01,4.160279407977308352e+01,2.594946460239569985e-01,9.620582777071173819e-01,-8.429946014131001197e-02,7.300787443238854202e+00,-3.141339311723654881e-01,1.666280119722275965e-01,9.346416312749923350e-01,-8.441615481527142251e+00,0.000000000000000000e+00,0.000000000000000000e+00,0.000000000000000000e+00,1.000000000000000056e-01
9.118185217513392615e-01,-2.196851737497442225e-01,3.468795292688042764e-01,4.257837430213835717e+01,2.639009319483350269e-01,9.607777150981801073e-01,-8.522018708921311192e-02,7.557384645476573404e+00,-3.145525099375345857e-01,1.692471760628960487e-01,9.340300380002413139e-01,-8.758720595972409484e+00,0.000000000000000000e+00,0.000000000000000000e+00,0.000000000000000000e+00,1.000000000000000056e-01
9.091912753349947751e-01,-2.223375315223678761e-01,3.520472225870641125e-01,4.353221390119507817e+01,2.692452311313943136e-01,9.588794264179002491e-01,-8.976219196009382895e-02,7.845638136667400175e+00,-3.176133346818547087e-01,1.763980375996818117e-01,9.316681286613025526e-01,-9.064577421929413958e+00,0.000000000000000000e+00,0.000000000000000000e+00,0.000000000000000000e+00,1.000000000000000056e-01
9.080463372078694251e-01,-2.205442219830640316e-01,3.561068598514458561e-01,4.445262449555774964e+01,2.688286047055704620e-01,9.588149083278262319e-01,-9.167962074724295141e-02,8.111649753131654705e+00,-3.212211555539710162e-01,1.789810540760868318e-01,9.299369610389643936e-01,-9.373293627817146145e+00,0.000000000000000000e+00,0.000000000000000000e+00,0.000000000000000000e+00,1.000000000000000056e-01
9.045518643176267970e-01,-2.341874056021435446e-01,3.562894663287742847e-01,4.526467460798945552e+01,2.840056168634457201e-01,9.542202675047318783e-01,-9.383224751231156180e-02,8.365222113544112048e+00,-3.180042992626346821e-01,1.860643440870258236e-01,9.296522605307564469e-01,-9.642667048038601862e+00,0.000000000000000000e+00,0.000000000000000000e+00,0.000000000000000000e+00,1.000000000000000056e-01
9.049459941158445320e-01,-2.363926175854748624e-01,3.538237952495186245e-01,4.612375982315673895e+01,2.871387993819580209e-01,9.528874202603619947e-01,-9.775926656353306488e-02,8.626086314823909973e+00,-3.140446745658545535e-01,1.900633964250867947e-01,9.301891462042474190e-01,-9.938384330545508405e+00,0.000000000000000000e+00,0.000000000000000000e+00,0.000000000000000000e+00,1.000000000000000056e-01
9.042975793613707847e-01,-2.372618623222228496e-01,3.548981496831956073e-01,4.696557873423191154e+01,2.892139976384697220e-01,9.519739304923021672e-01,-1.005032299630846532e-01,8.895603996905849797e+00,-3.140082029679170383e-01,1.935263401979896436e-01,9.294871726486769736e-01,-1.022542096289473967e+01,0.000000000000000000e+00,0.000000000000000000e+00,0.000000000000000000e+00,1.000000000000000056e-01
9.015430234395472864e-01,-2.401679206746229478e-01,3.599160273818157729e-01,4.780773365713452705e+01,2.937908573700793169e-01,9.504455862411886891e-01,-1.016863792274894651e-01,9.191579485391390136e+00,-3.176587933825122945e-01,1.974146840371078238e-01,9.274267267624408673e-01,-1.051295319348270851e+01,0.000000000000000000e+00,0.000000000000000000e+00,0.000000000000000000e+00,1.000000000000000056e-01
9.006247602049192169e-01,-2.377053430214673690e-01,3.638285464403230862e-01,4.869579692003277671e+01,2.941922808447026694e-01,9.496473727945499155e-01,-1.077996717796522175e-01,9.494314537250250652e+00,-3.198842653167289218e-01,2.041226034604097239e-01,9.252070144347809277e-01,-1.080954090001554491e+01,0.000000000000000000e+00,0.000000000000000000e+00,0.000000000000000000e+00,1.000000000000000056e-01
8.978088483371141626e-01,-2.386238658543210767e-01,3.701323040377910711e-01,4.951799332773386908e+01,2.983151611226326216e-01,9.478076264872165035e-01,-1.125556209926758255e-01,9.761235697730459293e+00,-3.239557631713974040e-01,2.114695103730278858e-01,9.221351905716587138e-01,-1.109928898071283143e+01,0.000000000000000000e+00,0.000000000000000000e+00,0.000000000000000000e+00,1.000000000000000056e-01
8.965425919992866532e-01,-2.425531980235685614e-01,3.706471730092383843e-01,5.037465423435378398e+01,3.042128844347286032e-01,9.453676178804792940e-01,-1.171946586107514565e-01,1.007186444500280764e+01,-3.219718957845594809e-01,2.178256486080729082e-01,9.213501425263737055e-01,-1.138904644400134458e+01,0.000000000000000000e+00,0.000000000000000000e+00,0.000000000000000000e+00,1.000000000000000056e-01
8.960100903513450454e-01,-2.439073929043205635e-01,3.710459562846519788e-01,5.128910234017034497e+01,3.067678594354966148e-01,9.441718119625260863e-01,-1.201377122837109512e-01,1.038246611512778017e+01,-3.210286566740387926e-01,2.214695761995712497e-01,9.208104193654872427e-01,-1.167252796911224522e+01,0.000000000000000000e+00,0.000000000000000000e+00,0.000000000000000000e+00,1.000000000000000056e-01
8.933455774525742576e-01,-2.492683404385561130e-01,3.738970094838079961e-01,5.216316942355642539e+01,3.141007309969214290e-01,9.414062140338601559e-01,-1.228619996810789150e-01,1.070564429749772195e+01,-3.213633613732690408e-01,2.271995480484984009e-01,9.192964458396604144e-01,-1.197586848789270242e+01,0.000000000000000000e+00,0.000000000000000000e+00,0.000000000000000000e+00,1.000000000000000056e-01
8.911899175014966756e-01,-2.514308378610804473e-01,3.775752437808265749e-01,5.300776731238810413e+01,3.180177919503704986e-01,9.398389982951316224e-01,-1.247691519832306445e-01,1.100930686746125708e+01,-3.234891264736519667e-01,2.312686555849683412e-01,9.175345192401400674e-01,-1.226408287262982455e+01,0.000000000000000000e+00,0.000000000000000000e+00,0.000000000000000000e+00,1.000000000000000056e-01
8.877368696901704048e-01,-2.538206027006506549e-01,3.840551416624647940e-01,5.386072984996566504e+01,3.225639820649383038e-01,9.381829719932268663e-01,-1.255595019756221564e-01,1.129886126711707384e+01,-3.284444057479249945e-01,2.353461550708542127e-01,9.147329990911324815e-01,-1.254753837937958671e+01,0.000000000000000000e+00,0.000000000000000000e+00,0.000000000000000000e+00,1.000000000000000056e-01
8.865357160763496225e-01,-2.593939684443272720e-01,3.831046766298961681e-01,5.469795500955592615e+01,3.264510264804841855e-01,9.374781494914251612e-01,-1.206832487794861353e-01,1.163893625700149848e+01,-3.278477564828409796e-01,2.320549253104455534e-01,9.157872898268086814e-01,-1.283710838343042582e+01,0.000000000000000000e+00,0.000000000000000000e+00,0.000000000000000000e+00,1.000000000000000056e-01
8.863662770362015220e-01,-2.639310487028427854e-01,3.803882548970213273e-01,5.552402061672658817e+01,3.319903679494502491e-01,9.349829937677371916e-01,-1.248567056825874988e-01,1.193961253117154797e+01,-3.227029880893146352e-01,2.369540100857912002e-01,9.163599612502122405e-01,-1.312392249151035273e+01,0.000000000000000000e+00,0.000000000000000000e+00,0.000000000000000000e+00,1.000000000000000056e-01
8.862967084059422129e-01,-2.699397795607125783e-01,3.763119185987951476e-01,5.634574310519383289e+01,3.370863319228143418e-01,9.332061622805285506e-01,-1.244952348986504143e-01,1.226215840343498087e+01,-3.175703851111034148e-01,2.371893212022029573e-01,9.180905600255475640e-01,-1.339267371466686285e+01,0.000000000000000000e+00,0.000000000000000000e+00,0.000000000000000000e+00,1.000000000000000056e-01
8.870114810962301810e-01,-2.722328889911911909e-01,3.729609718924780659e-01,5.719074579507699241e+01,3.408405498040016357e-01,9.309339851009348354e-01,-1.311092483137564491e-01,1.259107506555747236e+01,-3.115097944090649551e-01,2.434156312474655415e-01,9.185371404856854660e-01,-1.369053447817683455e+01,0.000000000000000000e+00,0.000000000000000000e+00,0.000000000000000000e+00,1.000000000000000056e-01
8.868557952341592499e-01,-2.762930592506716021e-01,3.703362578380516856e-01,5.802567539066522784e+01,3.442141734435875122e-01,9.297570973438262776e-01,-1.306458676703194099e-01,1.291490345144581653e+01,-3.082262176715907520e-01,2.433390337547341187e-01,9.196644569576327699e-01,-1.398017128474311122e+01,0.000000000000000000e+00,0.000000000000000000e+00,0.000000000000000000e+00,1.000000000000000056e-01
8.837179795018027528e-01,-2.804971160379099437e-01,3.746517057210158042e-01,5.889537898076988398e+01,3.498042742101704627e-01,9.276795878564774167e-01,-1.305662744307737599e-01,1.325662077430810726e+01,-3.109332765233518980e-01,2.464385322323835725e-01,9.179262210992783499e-01,-1.424840552125838045e+01,0.000000000000000000e+00,0.000000000000000000e+00,0.000000000000000000e+00,1.000000000000000056e-01
8.826042806843160671e-01,-2.840389303833423806e-01,3.746085553539960089e-01,5.971975934873150038e+01,3.546561893575971292e-01,9.253493184283063666e-01,-1.339687509631145024e-01,1.359173450445893039e+01,-3.085914306458772960e-01,2.510986358205786195e-01,9.174534342521014629e-01,-1.450932065223840084e+01,0.000000000000000000e+00,0.000000000000000000e+00,0.000000000000000000e+00,1.000000000000000056e-01
8.817550398687953317e-01,-2.889885357228108020e-01,3.728185562532596586e-01,6.046248705506941690e+01,3.600006075508508374e-01,9.229877415001135343e-01,-1.359896746210461915e-01,1.389151665740422281e+01,-3.048075002833715574e-01,2.541244877246295886e-01,9.178851412402845300e-01,-1.476159330801478120e+01,0.000000000000000000e+00,0.000000000000000000e+00,0.000000000000000000e+00,1.000000000000000056e-01
8.799218288807171273e-01,-2.955823523630546901e-01,3.719793650603981927e-01,6.119697864375122265e+01,3.669725914238894382e-01,9.200952679574579962e-01,-1.369518712027284757e-01,1.419514271713741316e+01,-3.017758973192675720e-01,2.570131725297685188e-01,9.180825327514592349e-01,-1.500673326215896175e+01,0.000000000000000000e+00,0.000000000000000000e+00,0.000000000000000000e+00,1.000000000000000056e-01
8.800315755306653553e-01,-2.973179796104307160e-01,3.703328841318124787e-01,6.191119097219294076e+01,3.695618761044026090e-01,9.184749516733851094e-01,-1.408111603487700592e-01,1.449845520310097413e+01,-2.982757881545350931e-01,2.607791827369362325e-01,9.181643491509821065e-01,-1.524594617008931330e+01,0.000000000000000000e+00,0.000000000000000000e+00,0.000000000000000000e+00,1.000000000000000056e-01
8.797320567731379271e-01,-3.025909260465239337e-01,3.667563765771654216e-01,6.263195631632717664e+01,3.754626771979961974e-01,9.153614178315402361e-01,-1.454003190393531042e-01,1.480177103577136144e+01,-2.917178196768545062e-01,2.656166527530595678e-01,9.188843819889653819e-01,-1.548306331788913148e+01,0.000000000000000000e+00,0.000000000000000000e+00,0.000000000000000000e+00,1.000000000000000056e-01
8.778936596114801372e-01,-3.060607108151469080e-01,3.682791926097506163e-01,6.331021779884341072e+01,3.800125218371190328e-01,9.132405018695063381e-01,-1.469090500688277345e-01,1.509814414291890117e+01,-2.913643863977818382e-01,2.689212283187387698e-01,9.180349488437707928e-01,-1.569864706363699725e+01,0.000000000000000000e+00,0.000000000000000000e+00,0.000000000000000000e+00,1.000000000000000056e-01
8.759935255045883107e-01,-3.116245823389230951e-01,3.681378314655176509e-01,6.399724782049946015e+01,3.861916204404586273e-01,9.104204893683047750e-01,-1.482921604129803228e-01,1.541094945721848042e+01,-2.889487421249914978e-01,2.720747180839633295e-01,9.178692565959037930e-01,-1.591088179329997487e+01,0.000000000000000000e+00,0.000000000000000000e+00,0.000000000000000000e+00,1.000000000000000056e-01
8.721110960271860613e-01,-3.179410352509349780e-01,3.719351210760068471e-01,6.466685292646010907e+01,3.947767618323799743e-01,9.062930942055558159e-01,-1.509441476588601061e-01,1.570089902368991197e+01,-2.890908931519642899e-01,2.784714087637781277e-01,9.159039960594758112e-01,-1.611905018724027272e+01,0.000000000000000000e+00,0.000000000000000000e+00,0.000000000000000000e+00,1.000000000000000056e-01
8.715339650418316708e-01,-3.211160661278749662e-01,3.705577146046506454e-01,6.528817372540831343e+01,3.981090688960867152e-01,9.045826611679732565e-01,-1.524446731668859245e-01,1.598784620129210232e+01,-2.862476498438972228e-01,2.803830971881615119e-01,9.162137314895578699e-01,-1.630346681550128451e+01,0.000000000000000000e+00,0.000000000000000000e+00,0.000000000000000000e+00,1.000000000000000056e-01
8.718991766768313667e-01,-3.274982364878386565e-01,3.640559446123897147e-01,6.587880874484174853e+01,4.025574894635690071e-01,9.026733348142609303e-01,-1.520799733432700585e-01,1.626581874013341178e+01,-2.788176705071832573e-01,2.791518506344833339e-01,9.188770053169743601e-01,-1.647568342215453896e+01,0.000000000000000000e+00,0.000000000000000000e+00,0.000000000000000000e+00,1.000000000000000056e-01
8.737310481107111171e-01,-3.280857549472817047e-01,3.591013686524049398e-01,6.647116421983774615e+01,4.033236303105985354e-01,9.013424194597513539e-01,-1.578350154925110549e-01,1.652834836669684648e+01,-2.718898762374903910e-01,2.827394211692345616e-01,9.198555945997438643e-01,-1.665437572549540590e+01,0.000000000000000000e+00,0.000000000000000000e+00,0.000000000000000000e+00,1.000000000000000056e-01
8.748065247620906426e-01,-3.292656002892402345e-01,3.553838891956695445e-01,6.711643023975594247e+01,4.044814680040900168e-01,9.001418826740030799e-01,-1.616766312654908944e-01,1.683091343171841459e+01,-2.666613700462252545e-01,2.851819691394733569e-01,9.206318255430900876e-01,-1.684187580192941880e+01,0.000000000000000000e+00,0.000000000000000000e+00,0.000000000000000000e+00,1.000000000000000056e-01
8.746926487244989223e-01,-3.334717331495453130e-01,3.517234331936938130e-01,6.772698014541089151e+01,4.080613224276816164e-01,8.982578365992371916e-01,-1.631527386427512605e-01,1.711481728387549950e+01,-2.615315036585307285e-01,2.862332303879069895e-01,9.217764427537792349e-01,-1.702338910068858269e+01,0.000000000000000000e+00,0.000000000000000000e+00,0.000000000000000000e+00,1.000000000000000056e-01
8.729144448968860770e-01,-3.367677620085720025e-01,3.529983659481996661e-01,6.832308273403788235e+01,4.119755317412119866e-01,8.963914154203806994e-01,-1.635805355388961491e-01,1.740000331865738659e+01,-2.613360540317904990e-01,2.882185018911593843e-01,9.212130926287950272e-01,-1.718818348588721179e+01,0.000000000000000000e+00,0.000000000000000000e+00,0.000000000000000000e+00,1.000000000000000056e-01
8.708483100976458502e-01,-3.440930927492064639e-01,3.510315716888732229e-01,6.887126180085375893e+01,4.198273692350545372e-01,8.920974033953260607e-01,-1.670544908001281859e-01,1.764324458182389321e+01,-2.556720572163641014e-01,2.928517822681004357e-01,9.213412140901704461e-01,-1.734961583610868985e+01,0.000000000000000000e+00,0.000000000000000000e+00,0.000000000000000000e+00,1.000000000000000056e-01
8.696838379491862447e-01,-3.509692358031096804e-01,3.470887747100945830e-01,6.937523617592783864e+01,4.267554499777947985e-01,8.879769753023072365e-01,-1.713962579731990454e-01,1.787229565168820145e+01,-2.480520266480874536e-01,2.971825816779084528e-01,9.220372580449391897e-01,-1.747348091011027194e+01,0.000000000000000000e+00,0.000000000000000000e+00,0.000000000000000000e+00,1.000000000000000056e-01
8.706194134493003833e-01,-3.508406133874203969e-01,3.448662072791923161e-01,6.991972902191686501e+01,4.285576189680120884e-01,8.851045538523190093e-01,-1.814615550863472870e-01,1.811724801977359434e+01,-2.415785672398616524e-01,3.057789933069731125e-01,9.209446254268004450e-01,-1.762012765506350576e+01,0.000000000000000000e+00,0.000000000000000000e+00,0.000000000000000000e+00,1.000000000000000056e-01
8.725200065153886353e-01,-3.495590304443353391e-01,3.413463379988167512e-01,7.046502593863479547e+01,4.282322209942023283e-01,8.835004250809441739e-01,-1.898530057285467421e-01,1.836311485528532472e+01,-2.352148021123646460e-01,3.118260462447087211e-01,9.205642366237317686e-01,-1.775699899464832754e+01,0.000000000000000000e+00,0.000000000000000000e+00,0.000000000000000000e+00,1.000000000000000056e-01
8.739206372881634932e-01,-3.514564331074241377e-01,3.357694080008732929e-01,7.097506798792534255e+01,4.286892690648778093e-01,8.828967635019269178e-01,-1.916215425948853690e-01,1.861060533826524832e+01,-2.291030997399882974e-01,3.114027627129042908e-01,9.222473036362316412e-01,-1.788330015497288272e+01,0.000000000000000000e+00,0.000000000000000000e+00,0.000000000000000000e+00,1.000000000000000056e-01
8.755332075043240625e-01,-3.503789445620482113e-01,3.326803236814215858e-01,7.147522396752722784e+01,4.257102876709161210e-01,8.850692908858179830e-01,-1.882102582273910696e-01,1.887759214207215663e+01,-2.285002265389163845e-01,3.064097673679162526e-01,9.240674763961792548e-01,-1.801087876143212441e+01,0.000000000000000000e+00,0.000000000000000000e+00,0.000000000000000000e+00,1.000000000000000056e-01
8.757131506513782249e-01,-3.478796677799811943e-01,3.348226613022578513e-01,7.196891220345931117e+01,4.251139740462181460e-01,8.843082868350596870e-01,-1.930724291696594985e-01,1.909442077581569208e+01,-2.289204814927399689e-01,3.114138573990112846e-01,9.222889040712787256e-01,-1.813985310931652961e+01,0.000000000000000000e+00,0.000000000000000000e+00,0.000000000000000000e+00,1.000000000000000056e-01
8.767817082413320584e-01,-3.453146519842498208e-01,3.346813816429115018e-01,7.249696577389164531e+01,4.235903960738650609e-01,8.840465872354998922e-01,-1.975672238789920598e-01,1.932517117987522326e+01,-2.276510760954092716e-01,3.149911470537896108e-01,9.213878471253785785e-01,-1.826100245530265909e+01,0.000000000000000000e+00,0.000000000000000000e+00,0.000000000000000000e+00,1.000000000000000056e-01
8.778184884386410758e-01,-3.414930962793315539e-01,3.358826678303816760e-01,7.299754312191490158e+01,4.206353632089353534e-01,8.850197607367429331e-01,-1.995141957945984201e-01,1.953176837952656797e+01,-2.291300778452850795e-01,3.164213777528842586e-01,9.205307811950560470e-01,-1.838633127150940183e+01,0.000000000000000000e+00,0.000000000000000000e+00,0.000000000000000000e+00,1.000000000000000056e-01
8.816978282206069384e-01,-3.363936513474228285e-01,3.308296405164048437e-01,7.345235431053814068e+01,4.143336224610475460e-01,8.874564026998130739e-01,-2.018632770104890894e-01,1.975262282539624081e+01,-2.256913578526462683e-01,3.150562563102911051e-01,9.218475830365738810e-01,-1.848631411648616663e+01,0.000000000000000000e+00,0.000000000000000000e+00,0.000000000000000000e+00,1.000000000000000056e-01
8.867161564834695753e-01,-3.293440007282364967e-01,3.244487432792773629e-01,7.390764362001918641e+01,4.053475146116948813e-01,8.913311482791479445e-01,-2.030324518531396172e-01,1.997850014556279774e+01,-2.223237509338687190e-01,3.115466470557740064e-01,9.238565021035464175e-01,-1.859591904087185199e+01,0.000000000000000000e+00,0.000000000000000000e+00,0.000000000000000000e+00,1.000000000000000056e-01
8.942784623523246657e-01,-3.141229589676325928e-01,3.187362521304735741e-01,7.436264525628035926e+01,3.878566574523514832e-01,8.993376160196644431e-01,-2.018887458031176085e-01,2.016309282714965079e+01,-2.232336109161232873e-01,3.041687345232668149e-01,9.260929412838990737e-01,-1.871127213288547608e+01,0.000000000000000000e+00,0.000000000000000000e+00,0.000000000000000000e+00,1.000000000000000056e-01
8.990948639425824229e-01,-3.015360577501869921e-01,3.173396154099659694e-01,7.483531067354059019e+01,3.758754725140945885e-01,9.033516217361730050e-01,-2.065755955308668512e-01,2.033839170464604251e+01,-2.243792655179514539e-01,3.050112348473446588e-01,9.255388116240845786e-01,-1.881285482698401523e+01,0.000000000000000000e+00,0.000000000000000000e+00,0.000000000000000000e+00,1.000000000000000056e-01
9.056670748524563441e-01,-2.812158219699720241e-01,3.173086998522861579e-01,7.530103465470898527e+01,3.570307127999902685e-01,9.094805358600825951e-01,-2.130122649266651957e-01,2.051400050708805267e+01,-2.286836672036857143e-01,3.062071461697292718e-01,9.240892619162198729e-01,-1.893083574299831184e+01,0.000000000000000000e+00,0.000000000000000000e+00,0.000000000000000000e+00,1.000000000000000056e-01
9.126601615785914223e-01,-2.584697223162591984e-01,3.166146429227418846e-01,7.574856759694577590e+01,3.349472699942654952e-01,9.169136207417011297e-01,-2.169786589085031525e-01,2.070781137238218150e+01,-2.342258649054969333e-01,3.040769881857220969e-01,9.234042611257391453e-01,-1.902623601798486774e+01,0.000000000000000000e+00,0.000000000000000000e+00,0.000000000000000000e+00,1.000000000000000056e-01
9.208953937535574452e-01,-2.318282279450294692e-01,3.133805138985955585e-01,7.618007141695750306e+01,3.088143143704165094e-01,9.244688943529778546e-01,-2.235866333520684091e-01,2.081058274723663359e+01,-2.378768441933976074e-01,3.026762892954288908e-01,9.229310217426542895e-01,-1.915321537370584437e+01,0.000000000000000000e+00,0.000000000000000000e+00,0.000000000000000000e+00,1.000000000000000056e-01
