1.000000000000000000e+00,-1.182948894610190954e-10,-2.331632004532439860e-10,9.046049910606519212e-18,1.182948894648238160e-10,1.000000000000000000e+00,1.631787235041775162e-11,9.713259741652055813e-17,2.331632004513136567e-10,-1.631787237799976603e-11,1.000000000000000000e+00,1.760522365007329728e-15,0.000000000000000000e+00,0.000000000000000000e+00,0.000000000000000000e+00,1.000000000000000056e-01
9.999934966051062801e-01,-3.406698420607071412e-03,-1.183703241696516676e-03,6.426944229665251251e-01,3.402655371529522514e-03,9.999884275600779970e-01,-3.400982555850010428e-03,1.023221844340669630e-02,1.195275665263393185e-03,3.396932703723767703e-03,9.999935160611245211e-01,1.070729747657705837e-02,0.000000000000000000e+00,0.000000000000000000e+00,0.000000000000000000e+00,1.000000000000000056e-01
9.999490473792864709e-01,-9.273753721399080260e-03,-3.987497607823792603e-03,1.364220296895137130e+00,9.260853187718772264e-03,9.999518630609076641e-01,-3.241629105146076953e-03,2.408926062223523332e-02,4.017367731871557268e-03,3.204536305715352355e-03,9.999867957646102479e-01,1.826646239318917633e-02,0.000000000000000000e+00,0.000000000000000000e+00,0.000000000000000000e+00,1.000000000000000056e-01
9.999302732120971537e-01,-1.125590708920004568e-02,-3.571172017712945321e-03,2.129909196391858384e+00,1.124765038007830356e-02,9.999340430621509457e-01,-2.323765544959132279e-03,3.072476128911548823e-02,3.597092563213269509e-03,2.283436221949488535e-03,9.999909233808634834e-01,1.622293525498930133e-02,0.000000000000000000e+00,0.000000000000000000e+00,0.000000000000000000e+00,1.000000000000000056e-01
9.998782050154239043e-01,-1.485240264606040896e-02,-4.793878468765242450e-03,2.835141876368988179e+00,1.484875327658105419e-02,9.998894343790877270e-01,-7.959542695772486290e-04,5.984917614156796961e-02,4.805170263915377500e-03,7.246742077186529548e-04,9.999881925233055080e-01,2.053536374866805209e-02,0.000000000000000000e+00,0.000000000000000000e+00,0.000000000000000000e+00,1.000000000000000056e-01
9.997759688403067280e-01,-2.023484996925680943e-02,-6.209909512039826773e-03,3.543619376154157674e+00,2.023374929274136466e-02,9.997952479268481518e-01,-2.400259376455607429e-04,5.929585453773354720e-02,6.213494909030139318e-03,1.143224121591698790e-04,9.999806895192534517e-01,3.343439197307025712e-02,0.000000000000000000e+00,0.000000000000000000e+00,0.000000000000000000e+00,1.000000000000000056e-01
9.996294456534591255e-01,-2.593075775654453755e-02,-8.280530461839397810e-03,4.287983920953131189e+00,2.592307542433177139e-02,9.996634060996273385e-01,-1.033762949549989337e-03,8.898506486539385640e-02,8.304549542416564401e-03,8.187230684800011170e-04,9.999651814685522888e-01,4.217730530350937562e-02,0.000000000000000000e+00,0.000000000000000000e+00,0.000000000000000000e+00,1.000000000000000056e-01
9.994468851732970505e-01,-3.192892010884258031e-02,-9.298805196237953236e-03,5.087045745470754277e+00,3.193200558978543518e-02,9.994900266372980235e-01,1.834981940283363772e-04,1.066858092973057837e-01,9.288204154105670490e-03,-4.803261979611421571e-04,9.999567483398145162e-01,4.962450089503642192e-02,0.000000000000000000e+00,0.000000000000000000e+00,0.000000000000000000e+00,1.000000000000000056e-01
9.996175239825272341e-01,-2.703558743606803566e-02,-5.820889882848901721e-03,5.223882654487431054e+00,2.704763532199055270e-02,9.996321428984102919e-01,2.001076665414097591e-03,2.101322324250788909e-01,5.764648344013845009e-03,-2.157752608381213657e-03,9.999810562871432884e-01,4.538604636226363509e-02,0.000000000000000000e+00,0.000000000000000000e+00,0.000000000000000000e+00,1.000000000000000056e-01
9.998261857554463505e-01,-1.854159501512151267e-02,-1.951289832615644114e-03,5.373879297045913717e+00,1.854581742829903776e-02,9.998256598701218412e-01,2.168529730415244983e-03,3.035681003168010927e-01,1.910741644453185784e-03,-2.204341074043746681e-03,9.999957449643460672e-01,3.423979825373643648e-02,0.000000000000000000e+00,0.000000000000000000e+00,0.000000000000000000e+00,1.000000000000000056e-01
9.999865107170178291e-01,-4.020205515279181088e-03,3.288819182996892063e-03,5.548617786062518320e+00,4.018296503705781272e-03,9.999917544120410229e-01,5.868569983517985499e-04,3.942481806133533162e-01,-3.291151350490491637e-03,-5.736336314473209057e-04,9.999944196180521327e-01,2.167434330346188973e-02,0.000000000000000000e+00,0.000000000000000000e+00,0.000000000000000000e+00,1.000000000000000056e-01
9.998453757398125807e-01,1.685084987376484628e-02,5.027272644776430328e-03,5.714963609451590543e+00,-1.684896398420374086e-02,9.998579590690515051e-01,-4.172516386052450670e-04,4.780222470760820963e-01,-5.033589611011554492e-03,3.324827856487029337e-04,9.999872761344642536e-01,1.618135707199768250e-02,0.000000000000000000e+00,0.000000000000000000e+00,0.000000000000000000e+00,1.000000000000000056e-01
9.992861926011780138e-01,3.708111678426115332e-02,7.217759671343558676e-03,5.928795249215446539e+00,-3.707743330808242754e-02,9.993121883658918625e-01,-6.435236257406220899e-04,5.663929502270576011e-01,-7.236657786988931994e-03,3.754482709672440455e-04,9.999737445666609936e-01,3.844325366239416397e-03,0.000000000000000000e+00,0.000000000000000000e+00,0.000000000000000000e+00,1.000000000000000056e-01
9.981988621816023644e-01,5.905903082766528200e-02,1.053861551871609382e-02,6.078682382486329416e+00,-5.905139513242162186e-02,9.982544077045554243e-01,-1.034519860531402016e-03,6.504189742095565219e-01,-1.058131713299692751e-02,4.103365985423411476e-04,9.999439321039989004e-01,7.125298112677369566e-04,0.000000000000000000e+00,0.000000000000000000e+00,0.000000000000000000e+00,1.000000000000000056e-01
9.961578729167124280e-01,8.633089329543972013e-02,1.471288852884803863e-02,6.254801965055898805e+00,-8.629334549998946002e-02,9.962647310990300209e-01,-3.169241328270036746e-03,6.311349067425845449e-01,-1.493153536882117424e-02,1.887440327206501255e-03,9.998867369960163787e-01,-2.326022341136174676e-02,0.000000000000000000e+00,0.000000000000000000e+00,0.000000000000000000e+00,1.000000000000000056e-01
9.936372271702483827e-01,1.116420854677570573e-01,1.486961781049527496e-02,6.397999997748158307e+00,-1.115628138612164699e-01,9.937389032826339230e-01,-6.060582974883228953e-03,6.015069593290456318e-01,-1.545313381769984097e-02,4.363124458218473924e-03,9.998710735890774526e-01,-5.190370044250020021e-02,0.000000000000000000e+00,0.000000000000000000e+00,0.000000000000000000e+00,1.000000000000000056e-01
9.908967825848989941e-01,1.338652272324832582e-01,1.427120180261876731e-02,6.591202977926815976e+00,-1.338400445451588816e-01,9.909992434359466973e-01,-2.709609848514183805e-03,5.674722215183395368e-01,-1.450547272739964241e-02,7.748853959776133343e-04,9.998944898405920378e-01,-7.429594716343736194e-02,0.000000000000000000e+00,0.000000000000000000e+00,0.000000000000000000e+00,1.000000000000000056e-01
9.872999102344012234e-01,1.583406611822054111e-01,1.292757779034008243e-02,6.824302185432643775e+00,-1.583664727527019922e-01,9.873799052524772080e-01,9.914693524730024219e-04,5.199637609492208101e-01,-1.260744062095755201e-02,-3.026172498589083798e-03,9.999159438277788192e-01,-1.010672345922493803e-01,0.000000000000000000e+00,0.000000000000000000e+00,0.000000000000000000e+00,1.000000000000000056e-01
9.823079930550878691e-01,1.869973306500146981e-01,1.014914330643808781e-02,7.048069312250477836e+00,-1.870089206463803333e-01,9.823581958103012601e-01,1.967816191895650031e-04,4.656159225620680742e-01,-9.933296470023280159e-03,-2.091280492638654311e-03,9.999484767562475396e-01,-1.321446095580011693e-01,0.000000000000000000e+00,0.000000000000000000e+00,0.000000000000000000e+00,1.000000000000000056e-01
9.808826073828824654e-01,1.944928628945515325e-01,6.468138591522122095e-03,7.376854407130191582e+00,-1.944786803907657680e-01,9.809028628055135313e-01,-2.759821264904688872e-03,3.714163602520209606e-01,-6.881381200335447666e-03,1.449145620366628067e-03,9.999752729791605566e-01,-1.570353432055531795e-01,0.000000000000000000e+00,0.000000000000000000e+00,0.000000000000000000e+00,1.000000000000000056e-01
9.774397802252737799e-01,2.110984406163513294e-01,6.994598095189086089e-03,7.683619029031502734e+00,-2.110907575639032474e-01,9.774647576391529702e-01,-1.827469433250703511e-03,2.382378339014116220e-01,-7.222749079530551945e-03,3.097463104364752036e-04,9.999738676350283795e-01,-1.680787333312951659e-01,0.000000000000000000e+00,0.000000000000000000e+00,0.000000000000000000e+00,1.000000000000000056e-01
9.723384914162314097e-01,2.335096860797080676e-01,5.575358047999155742e-03,7.932892810088964630e+00,-2.334897086383782572e-01,9.723510110335429335e-01,-4.008403923267966212e-03,1.414163378865619380e-01,-6.357206176648953072e-03,2.595736697555317291e-03,9.999764237623928187e-01,-1.906019849354695928e-01,0.000000000000000000e+00,0.000000000000000000e+00,0.000000000000000000e+00,1.000000000000000056e-01
9.663658214588469741e-01,2.571495981888836102e-01,3.344139270954406794e-03,8.109256308828074467e+00,-2.571374629938097955e-01,9.663678852637831440e-01,-3.665440752597473335e-03,2.002732940948927925e-02,-4.174235412015378510e-03,2.682253175861407362e-03,9.999876905625516565e-01,-2.010916671184909688e-01,0.000000000000000000e+00,0.000000000000000000e+00,0.000000000000000000e+00,1.000000000000000056e-01
9.609890010895127954e-01,2.765864398007323866e-01,-2.847864747253439762e-04,8.305026415897584613e+00,-2.765845240320757847e-01,9.609773497869072978e-01,-4.851212475474341035e-03,-1.371999046284872181e-01,-1.068106235571628267e-03,4.740729362441751041e-03,9.999881922473793372e-01,-2.017323936218167746e-01,0.000000000000000000e+00,0.000000000000000000e+00,0.000000000000000000e+00,1.000000000000000056e-01
9.567224455795866334e-01,2.909564102618742432e-01,-5.150674881869503688e-03,8.519679029245317281e+00,-2.909877040953865457e-01,9.567010121708965364e-01,-7.023487486847954445e-03,-3.143904670368576348e-01,2.884127166155292868e-03,8.218311183331782760e-03,9.999620698665441232e-01,-1.928151109824742804e-01,0.000000000000000000e+00,0.000000000000000000e+00,0.000000000000000000e+00,1.000000000000000056e-01
9.544545499976074820e-01,2.982403422779717483e-01,-8.319268404308537493e-03,8.714673344074435946e+00,-2.983091408491825303e-01,9.544284833530110035e-01,-8.827607280222755926e-03,-5.141455009428448353e-01,5.307398108981671407e-03,1.090726374438364191e-02,9.999264288551049651e-01,-1.864917877359710263e-01,0.000000000000000000e+00,0.000000000000000000e+00,0.000000000000000000e+00,1.000000000000000056e-01
9.529608401654173777e-01,3.029390298792029035e-01,-9.673742144038486798e-03,8.914588404683126299e+00,-3.030325227123435439e-01,9.529237891400897942e-01,-1.037025889198274139e-02,-7.000558460194402643e-01,6.076782850727902377e-03,1.281390911241346228e-02,9.998994331648778378e-01,-1.804510006629496122e-01,0.000000000000000000e+00,0.000000000000000000e+00,0.000000000000000000e+00,1.000000000000000056e-01
9.526617932466866501e-01,3.039165540671933119e-01,-8.380683261532979184e-03,9.132257542035935316e+00,-3.039960284731793028e-01,9.526113651484376943e-01,-1.086285701663507360e-02,-9.045543203261550147e-01,4.682132050825229749e-03,1.289632327264759841e-02,9.999058768131658947e-01,-1.634140651082356954e-01,0.000000000000000000e+00,0.000000000000000000e+00,0.000000000000000000e+00,1.000000000000000056e-01
9.530010440417001627e-01,3.028514736016932329e-01,-8.366301017318677341e-03,9.372605148984725076e+00,-3.029408241839855465e-01,9.529183412417771004e-01,-1.317163496865529290e-02,-1.118450837961924682e+00,3.983352627751859075e-03,1.508707600242249758e-02,9.998782491081301682e-01,-1.492259101536895782e-01,0.000000000000000000e+00,0.000000000000000000e+00,0.000000000000000000e+00,1.000000000000000056e-01
9.541450506709214796e-01,2.991562256770063377e-01,-1.061955360986188181e-02,9.578969567741598468e+00,-2.992892181264513174e-01,9.540505725229690981e-01,-1.461057773848357250e-02,-1.304175544011973553e+00,5.760745910221855628e-03,1.711892833336434161e-02,9.998368647430814216e-01,-1.396005904978530054e-01,0.000000000000000000e+00,0.000000000000000000e+00,0.000000000000000000e+00,1.000000000000000056e-01
9.701688023697019325e-01,2.420830339409116849e-01,-1.297303304943589648e-02,9.406787882497352982e+00,-2.422223925931198951e-01,9.701637657014702265e-01,-1.051571426044565181e-02,-1.339062075926611861e+00,1.004029058358596287e-02,1.334437701454253312e-02,9.998605503604444111e-01,-1.415927412982311839e-01,0.000000000000000000e+00,0.000000000000000000e+00,0.000000000000000000e+00,1.000000000000000056e-01
9.829344591753399474e-01,1.830062430389771400e-01,-1.866986808847140647e-02,9.222831047972016805e+00,-1.831520809645798276e-01,9.830636852305205675e-01,-6.411397611431658879e-03,-1.349158871081965749e+00,1.718034353632321917e-02,9.721408835488384165e-03,9.998051460190766626e-01,-1.445857255225276583e-01,0.000000000000000000e+00,0.000000000000000000e+00,0.000000000000000000e+00,1.000000000000000056e-01
9.923323527403065114e-01,1.215579665347740063e-01,-2.236431257200990549e-02,9.069273375407592042e+00,-1.216939465122907765e-01,9.925559778223806973e-01,-4.818119064681085188e-03,-1.265948666360713126e+00,2.161215137721159488e-02,7.502776885160231633e-03,9.997382773765641772e-01,-1.328801345239782050e-01,0.000000000000000000e+00,0.000000000000000000e+00,0.000000000000000000e+00,1.000000000000000056e-01
9.975676897619805139e-01,6.637532459830416953e-02,-2.128428122852191878e-02,8.931246079268149174e+00,-6.648920744003897210e-02,9.977761334712781371e-01,-4.687512037480088926e-03,-1.169181225976693161e+00,2.092581269486371021e-02,6.091285543775808338e-03,9.997624750927009973e-01,-1.137702719682031627e-01,0.000000000000000000e+00,0.000000000000000000e+00,0.000000000000000000e+00,1.000000000000000056e-01
9.998372005633359150e-01,7.184608004860237526e-03,-1.655154909632838151e-02,8.881716095461699823e+00,-7.288473024105228404e-03,9.999540720992708964e-01,-6.223492031244337586e-03,-9.927894466192627165e-01,1.650607556775871010e-02,6.343114369343309800e-03,9.998436449612753130e-01,-1.141111993308842054e-01,0.000000000000000000e+00,0.000000000000000000e+00,0.000000000000000000e+00,1.000000000000000056e-01
9.993181945474509664e-01,-3.413899490521894037e-02,-1.405969677071469866e-02,8.741885652728814904e+00,3.403695225494605264e-02,9.993929241212061720e-01,-7.434318910273692016e-03,-7.849731802556079163e-01,1.430496164334364891e-02,6.950700923400842529e-03,9.998735199159221043e-01,-1.186826807440350268e-01,0.000000000000000000e+00,0.000000000000000000e+00,0.000000000000000000e+00,1.000000000000000056e-01
9.989702350694659172e-01,-4.353960575563477209e-02,-1.275821993461481729e-02,8.269447523671585643e+00,4.335526314180210283e-02,9.989561380964373516e-01,-1.438594165693641604e-02,-7.150027431483669815e-01,1.337126034303437461e-02,1.381799153623918149e-02,9.998151191629096601e-01,-1.185928956958316599e-01,0.000000000000000000e+00,0.000000000000000000e+00,0.000000000000000000e+00,1.000000000000000056e-01
9.979500583282081561e-01,-6.214685972155409299e-02,-1.527903496544778111e-02,7.678992772729660743e+00,6.188516067335474158e-02,9.979377578309289731e-01,-1.704283966395333041e-02,-5.704801703855439943e-01,1.630668486109197041e-02,1.606235730294998734e-02,9.997380120345096266e-01,-1.134899396980052072e-01,0.000000000000000000e+00,0.000000000000000000e+00,0.000000000000000000e+00,1.000000000000000056e-01
9.971730875491482404e-01,-7.175852173467636708e-02,-2.228335760500970916e-02,7.086431935811753569e+00,7.146982971153373332e-02,9.973514888141407075e-01,-1.349337619802001842e-02,-4.095665298372475061e-01,2.319260461231412510e-02,1.186264383141055409e-02,9.996606328012651588e-01,-1.292137644983853417e-01,0.000000000000000000e+00,0.000000000000000000e+00,0.000000000000000000e+00,1.000000000000000056e-01
9.971756309626033099e-01,-7.192383374098804127e-02,-2.162690810848061362e-02,6.482270240586361254e+00,7.174246614644960718e-02,9.973821378704050833e-01,-9.049287722565227746e-03,-2.587457771753802205e-01,2.222115131039533592e-02,7.472161471686074481e-03,9.997251558490370948e-01,-1.446455973163088271e-01,0.000000000000000000e+00,0.000000000000000000e+00,0.000000000000000000e+00,1.000000000000000056e-01
9.975571462426715552e-01,-6.755721750278884108e-02,-1.776970296482368109e-02,5.922454712895365958e+00,6.740196686133007042e-02,9.976835218190380772e-01,-9.195931382143496605e-03,-9.549970872543457612e-02,1.834979137214768144e-02,7.975754136243769568e-03,9.997998162145044221e-01,-1.462127295632423829e-01,0.000000000000000000e+00,0.000000000000000000e+00,0.000000000000000000e+00,1.000000000000000056e-01
9.976898746097448978e-01,-6.699976364914078664e-02,-1.122255639998002291e-02,5.987409585827728087e+00,6.691890723295040866e-02,9.977307369405695736e-01,-7.432120745495976108e-03,-1.028994552274285074e-02,1.169503980066928170e-02,6.663950404011546522e-03,9.999094048007917124e-01,-1.617878856337891802e-01,0.000000000000000000e+00,0.000000000000000000e+00,0.000000000000000000e+00,1.000000000000000056e-01
9.981108440496697654e-01,-6.109056115582810198e-02,-6.533477490733294486e-03,6.057283513887928628e+00,6.105469653933312535e-02,9.981189643088188568e-01,-5.554918323502246527e-03,7.342497170520650984e-02,6.860540863943240773e-03,5.145524730954519413e-03,9.999632276010439469e-01,-1.642159701292760510e-01,0.000000000000000000e+00,0.000000000000000000e+00,0.000000000000000000e+00,1.000000000000000056e-01
9.986202783696181973e-01,-5.242483577286126406e-02,-3.029228148343855124e-03,6.167499989100885038e+00,5.241489151906587873e-02,9.986200281726945738e-01,-3.273908888675304205e-03,1.344493493823015751e-01,3.196682034664773391e-03,3.110615140983755654e-03,9.999900525992315714e-01,-1.756085222314139327e-01,0.000000000000000000e+00,0.000000000000000000e+00,0.000000000000000000e+00,1.000000000000000056e-01
9.991376682940650289e-01,-4.141458867200269872e-02,2.958317262870557591e-03,6.268342536840465939e+00,4.142159146672160647e-02,9.991390023367510143e-01,-2.346437701255124110e-03,1.938109124370683833e-01,-2.858593406378116038e-03,2.466952502720904522e-03,9.999928712691337207e-01,-1.850610630219570452e-01,0.000000000000000000e+00,0.000000000000000000e+00,0.000000000000000000e+00,1.000000000000000056e-01
9.996042216601708219e-01,-2.743522824995997533e-02,6.221598672094209338e-03,6.376685796205685541e+00,2.744606587638277750e-02,9.996219020014422973e-01,-1.663281974954055817e-03,2.307563539455035617e-01,-6.173613777461552272e-03,1.833382090986053915e-03,9.999792623864932617e-01,-2.101650123969484030e-01,0.000000000000000000e+00,0.000000000000000000e+00,0.000000000000000000e+00,1.000000000000000056e-01
9.999028001399885568e-01,-1.088811913198779388e-02,8.708566700537002589e-03,6.480059426409955137e+00,1.091544135906402299e-02,9.999356317572659636e-01,-3.096042980035609328e-03,2.815011376879832383e-01,-8.674296060597374083e-03,3.190799894232570176e-03,9.999572867797343889e-01,-2.197617331498787629e-01,0.000000000000000000e+00,0.000000000000000000e+00,0.000000000000000000e+00,1.000000000000000056e-01
9.999354367750395989e-01,7.591600367757685847e-03,8.455169150711691617e-03,6.576698787921121614e+00,-7.573328384426222457e-03,9.999689216945677472e-01,-2.190968321330277659e-03,2.782848073549070711e-01,-8.471539334296299129e-03,2.126793092825456175e-03,9.999618541586713372e-01,-2.412124596308514723e-01,0.000000000000000000e+00,0.000000000000000000e+00,0.000000000000000000e+00,1.000000000000000056e-01
9.997615667532743222e-01,2.022939879002998501e-02,8.220770501124184323e-03,6.690631829996049440e+00,-2.022632217405651370e-02,9.997953224719430265e-01,-4.572248185030605206e-04,2.886456287375329111e-01,-8.228337277329489732e-03,2.908398482303835406e-04,9.999661043644595404e-01,-2.622105866525158979e-01,0.000000000000000000e+00,0.000000000000000000e+00,0.000000000000000000e+00,1.000000000000000056e-01
9.992738543560515385e-01,3.753311884032802664e-02,6.559648658167932869e-03,6.794594490246086416e+00,-3.750609496133457815e-02,9.992875922664915533e-01,-4.195328710530043560e-03,2.814712988564420648e-01,-6.712439284801320280e-03,3.946255485375722329e-03,9.999696846537359241e-01,-2.729573151004852649e-01,0.000000000000000000e+00,0.000000000000000000e+00,0.000000000000000000e+00,1.000000000000000056e-01
9.986619990509472133e-01,5.084549661506461427e-02,9.431178374596249983e-03,6.884186705193918066e+00,-5.075483809549263814e-02,9.986648560506569128e-01,-9.615180665025450588e-03,2.667468264868793071e-01,-9.907475029811018893e-03,9.123637612717989606e-03,9.999092964740579070e-01,-2.844299237266074143e-01,0.000000000000000000e+00,0.000000000000000000e+00,0.000000000000000000e+00,1.000000000000000056e-01
9.977038406508486057e-01,6.658601083235250739e-02,1.238343700189625460e-02,6.970349610663066464e+00,-6.646608606465896629e-02,9.977400007570592644e-01,-9.856484796760654407e-03,2.772098508976415521e-01,-1.301175444709298801e-02,9.010774147500484957e-03,9.998747422529840057e-01,-3.167312417052948748e-01,0.000000000000000000e+00,0.000000000000000000e+00,0.000000000000000000e+00,1.000000000000000056e-01
9.966657616306714429e-01,8.092601238961509569e-02,1.040865562258214486e-02,7.002704980750710462e+00,-8.083218654590994257e-02,9.966858163622210887e-01,-9.140080994176241411e-03,2.687473117435802972e-01,-1.111382973420330100e-02,8.268251392449995144e-03,9.999040548010346141e-01,-3.291824898089649176e-01,0.000000000000000000e+00,0.000000000000000000e+00,0.000000000000000000e+00,1.000000000000000056e-01
9.955379757478451941e-01,9.404731659667350807e-02,7.696823036026559546e-03,7.092465677380827671e+00,-9.395792457434901102e-02,9.955125816241235936e-01,-1.125203260542846986e-02,2.618696610781569012e-01,-8.720507643697649608e-03,1.047864824477591494e-02,9.999070710208016743e-01,-3.551740397386186077e-01,0.000000000000000000e+00,0.000000000000000000e+00,0.000000000000000000e+00,1.000000000000000056e-01
9.938952172509385452e-01,1.102370023943925609e-01,4.483350176861039364e-03,7.170335669474710905e+00,-1.101526210644402509e-01,9.937856841251524465e-01,-1.601293541286483157e-02,2.365038253436111959e-01,-6.220707222133705326e-03,1.542132714786357411e-02,9.998617331764703131e-01,-3.708711262028340228e-01,0.000000000000000000e+00,0.000000000000000000e+00,0.000000000000000000e+00,1.000000000000000056e-01
9.921272645082949149e-01,1.251900041394287399e-01,3.309665067293978812e-03,7.282058091542934264e+00,-1.251216408517832612e-01,9.920109042333078442e-01,-1.609163984099536496e-02,2.002823613118625834e-01,-5.297736294420096748e-03,1.555084389300977546e-02,9.998650435155587157e-01,-3.893798532181420580e-01,0.000000000000000000e+00,0.000000000000000000e+00,0.000000000000000000e+00,1.000000000000000056e-01
9.906673941638156622e-01,1.361094663403397131e-01,7.233762038043439410e-03,7.406902294062134295e+00,-1.359073711547154617e-01,9.904436003802389310e-01,-2.346616567835409922e-02,1.325199855782372982e-01,-1.035860060478841112e-02,2.226404362144216581e-02,9.996984604145057185e-01,-3.755098725851181429e-01,0.000000000000000000e+00,0.000000000000000000e+00,0.000000000000000000e+00,1.000000000000000056e-01
9.893371885018018563e-01,1.455078580304476066e-01,6.276200979998446117e-03,7.477683592641905186e+00,-1.453094943159454477e-01,9.890690356284638218e-01,-2.505181874883910531e-02,4.736824306433139176e-02,-9.852832536608069347e-03,2.387270433720439095e-02,9.996664522122535868e-01,-4.018858066822246222e-01,0.000000000000000000e+00,0.000000000000000000e+00,0.000000000000000000e+00,1.000000000000000056e-01
9.888083418605896346e-01,1.491474967478499669e-01,3.617634691543698822e-03,7.555618015075642013e+00,-1.490102792324385084e-01,9.885121165741407312e-01,-2.529292527927851086e-02,-1.768267459071509728e-02,-7.348452216764703518e-03,2.447079075065929088e-02,9.996735370359942641e-01,-4.135386998311293971e-01,0.000000000000000000e+00,0.000000000000000000e+00,0.000000000000000000e+00,1.000000000000000056e-01
9.880035619398997992e-01,1.544300477557846440e-01,-5.674012835992995728e-04,7.672459138037750925e+00,-1.543840765451044150e-01,9.876054637102287259e-01,-2.830203100520181994e-02,-1.013046925095033163e-01,-3.810315391920148995e-03,2.805010516647186633e-02,9.995992562506056389e-01,-4.054649997281661866e-01,0.000000000000000000e+00,0.000000000000000000e+00,0.000000000000000000e+00,1.000000000000000056e-01
9.880836819670131277e-01,1.539114322657884615e-01,-1.381466034362132961e-03,7.778115999928496116e+00,-1.538822806119379272e-01,9.876245977553281818e-01,-3.029682528409527800e-02,-2.014777472544680426e-01,-3.298657936081906845e-03,3.014838182257573510e-02,9.995399911605842291e-01,-4.084122434895412490e-01,0.000000000000000000e+00,0.000000000000000000e+00,0.000000000000000000e+00,1.000000000000000056e-01
9.902387888592812937e-01,1.393811234691932077e-01,2.084681493492372521e-04,7.904888453223053446e+00,-1.393044012659866715e-01,9.897411683817081141e-01,-3.172858960521610094e-02,-2.990576309089398865e-01,-4.628695974975272770e-03,3.138983961215424667e-02,9.994964998151291136e-01,-4.093227575427185183e-01,0.000000000000000000e+00,0.000000000000000000e+00,0.000000000000000000e+00,1.000000000000000056e-01
9.923598743966430824e-01,1.233081546787556243e-01,4.120519044823962689e-03,8.022187885574687982e+00,-1.231280685660570834e-01,9.919257167218270554e-01,-3.037846666772572868e-02,-3.841107033069122156e-01,-7.833161473570292299e-03,2.963901981526808477e-02,9.995299745809123060e-01,-3.898115559954356546e-01,0.000000000000000000e+00,0.000000000000000000e+00,0.000000000000000000e+00,1.000000000000000056e-01
9.943349896402476906e-01,1.062496357778184991e-01,2.990530757135699547e-03,8.144514058344931584e+00,-1.061289659893289300e-01,9.939758392892957817e-01,-2.736189845708675294e-02,-4.495109004164750677e-01,-5.879707064499530358e-03,2.688951108185076710e-02,9.996211198442210843e-01,-3.945142897371940460e-01,0.000000000000000000e+00,0.000000000000000000e+00,0.000000000000000000e+00,1.000000000000000056e-01
9.964858560136330423e-01,8.375900793891166707e-02,-6.060972416027051758e-04,8.203689372649634493e+00,-8.374948075125696056e-02,9.961992965888443186e-01,-2.393712492732874911e-02,-4.972200626400021806e-01,-1.401156191073795430e-03,2.390376675298345674e-02,9.997132822446379574e-01,-3.798821266525629903e-01,0.000000000000000000e+00,0.000000000000000000e+00,0.000000000000000000e+00,1.000000000000000056e-01
9.978820005667637938e-01,6.454774195530257885e-02,-8.068578148906003708e-03,8.264733633320958006e+00,-6.470840889932086282e-02,9.976713814860773688e-01,-2.155542579909151477e-02,-5.426596768770152179e-01,6.658435446230999075e-03,2.203187627356140502e-02,9.997350957455054532e-01,-3.809818221819313289e-01,0.000000000000000000e+00,0.000000000000000000e+00,0.000000000000000000e+00,1.000000000000000056e-01
9.991051395504754185e-01,4.032829128673226515e-02,-1.274947237015762111e-02,8.362238211712311298e+00,-4.060231189827327725e-02,9.989327432401847728e-01,-2.201878178179741616e-02,-5.726658663086989787e-01,1.184788556411117341e-02,2.251673609854573307e-02,9.996762596976723758e-01,-3.577907357737389327e-01,0.000000000000000000e+00,0.000000000000000000e+00,0.000000000000000000e+00,1.000000000000000056e-01
9.997078601710487344e-01,1.791676824898462764e-02,-1.622293832001532252e-02,8.422636273594727996e+00,-1.820988426945971753e-02,9.996702639145359504e-01,-1.810424149018753301e-02,-5.603723690230459908e-01,1.589321953273561613e-02,1.839437034949336150e-02,9.997044826909250448e-01,-3.689751685766142209e-01,0.000000000000000000e+00,0.000000000000000000e+00,0.000000000000000000e+00,1.000000000000000056e-01
9.998397659704736373e-01,-4.373174950402105611e-03,-1.735850583897107294e-02,8.505468537935586326e+00,4.085337073918835112e-03,9.998541478175857478e-01,-1.658291629846088411e-02,-5.340483122915113956e-01,1.742849405717205105e-02,1.650934380350929653e-02,9.997118030522980092e-01,-3.391584090697244425e-01,0.000000000000000000e+00,0.000000000000000000e+00,0.000000000000000000e+00,1.000000000000000056e-01
9.997006573160502896e-01,-1.878763814839597840e-02,-1.567228173119380313e-02,8.492508611585869005e+00,1.849302637942775579e-02,9.996534247007392571e-01,-1.873602037288936775e-02,-4.800037919713961987e-01,1.601885567656953502e-02,1.844058396278361669e-02,9.997016260494552276e-01,-3.082598784768323941e-01,0.000000000000000000e+00,0.000000000000000000e+00,0.000000000000000000e+00,1.000000000000000056e-01
9.991542835075257756e-01,-3.731973426804718191e-02,-1.726137835530880058e-02,8.450374881443133646e+00,3.703413821423082869e-02,9.991764600497180515e-01,-1.657933319658909041e-02,-4.358968535848409820e-01,1.786589922987439141e-02,1.592605150929187266e-02,9.997135442355631341e-01,-3.003073171624926485e-01,0.000000000000000000e+00,0.000000000000000000e+00,0.000000000000000000e+00,1.000000000000000056e-01
9.986691510298927321e-01,-4.855622386609017432e-02,-1.738447310387604069e-02,8.542459887100765314e+00,4.830449422168884427e-02,9.987256721904068657e-01,-1.461873954234259310e-02,-4.382894043917452964e-01,1.807215037620269957e-02,1.375953602728511443e-02,9.997420029933191676e-01,-3.026166855126211641e-01,0.000000000000000000e+00,0.000000000000000000e+00,0.000000000000000000e+00,1.000000000000000056e-01
9.982911278168932201e-01,-5.617840982286573248e-02,-1.608758502229524004e-02,8.598210315196411102e+00,5.592749621026629758e-02,9.983122676899337522e-01,-1.564389169716821903e-02,-4.224726399864976445e-01,1.693928244425021643e-02,1.471741993544463910e-02,9.997481974280912898e-01,-3.087758615146904972e-01,0.000000000000000000e+00,0.000000000000000000e+00,0.000000000000000000e+00,1.000000000000000056e-01
9.984178944170482017e-01,-5.358879763582202055e-02,-1.702788524082993193e-02,8.678592811500566384e+00,5.329834897291537560e-02,9.984326101549277910e-01,-1.707656218269265960e-02,-3.893299854490221978e-01,1.791630834154425006e-02,1.614198708848929228e-02,9.997091787856334788e-01,-3.188708805791680145e-01,0.000000000000000000e+00,0.000000000000000000e+00,0.000000000000000000e+00,1.000000000000000056e-01
9.980000867135720988e-01,-6.124728020785682320e-02,-1.563961594294743795e-02,8.702689510639849857e+00,6.098391359342502510e-02,9.979974294555642444e-01,-1.679562689856538282e-02,-3.653043982036476844e-01,1.663698297565685547e-02,1.580827211387799552e-02,9.997366199806033693e-01,-3.183963863135764738e-01,0.000000000000000000e+00,0.000000000000000000e+00,0.000000000000000000e+00,1.000000000000000056e-01
9.978119044786954994e-01,-6.458903383504080442e-02,-1.413010930087318408e-02,8.782165384038798095e+00,6.438270507795373909e-02,9.978184721544587354e-01,-1.460013404688259228e-02,-3.426260375446387729e-01,1.504229262592301879e-02,1.365845289912679533e-02,9.997935667411340654e-01,-3.312708871826576251e-01,0.000000000000000000e+00,0.000000000000000000e+00,0.000000000000000000e+00,1.000000000000000056e-01
9.974921935849920818e-01,-6.991808991336220802e-02,-1.099019744443480162e-02,8.789798305399846967e+00,6.977112749028929750e-02,9.974752782398488282e-01,-1.323098896795019824e-02,-3.216129814617028626e-01,1.188753573010232351e-02,1.243100974190036040e-02,9.998520673034898554e-01,-3.409317734245528309e-01,0.000000000000000000e+00,0.000000000000000000e+00,0.000000000000000000e+00,1.000000000000000056e-01
9.972258187704695631e-01,-7.365489355426495244e-02,-1.075281512332666202e-02,8.789426747064753798e+00,7.352075479286553084e-02,9.972168592819035116e-01,-1.237877936727601116e-02,-2.908391233995697989e-01,1.163464620235121240e-02,1.155388330589569856e-02,9.998655623574100870e-01,-3.527446163194392081e-01,0.000000000000000000e+00,0.000000000000000000e+00,0.000000000000000000e+00,1.000000000000000056e-01
9.970759456479505456e-01,-7.496877985306978076e-02,-1.480677742073066919e-02,8.734373612145509114e+00,7.482203313103584497e-02,9.971444423504762788e-01,-1.022860927476376865e-02,-2.655282124705048985e-01,1.553132217112494079e-02,9.090827074560698870e-03,9.998380543341592874e-01,-3.494358896733322228e-01,0.000000000000000000e+00,0.000000000000000000e+00,0.000000000000000000e+00,1.000000000000000056e-01
9.970121407490230014e-01,-7.394059659192150913e-02,-2.235127232801462430e-02,8.698761048346709046e+00,7.366560891160106594e-02,9.971997332577854367e-01,-1.288681707344908715e-02,-2.397543415290917523e-01,2.324154174605009074e-02,1.120179299184831910e-02,9.996671198809303771e-01,-3.680291734688184158e-01,0.000000000000000000e+00,0.000000000000000000e+00,0.000000000000000000e+00,1.000000000000000056e-01
9.966861096022185951e-01,-7.552521218489896548e-02,-3.021160787545380810e-02,8.709460886383117995e+00,7.510839309270075925e-02,9.970669735552388779e-01,-1.470304500533712103e-02,-2.039403050990195587e-01,3.123344702440855603e-02,1.238517540540366724e-02,9.994353802108222329e-01,-3.684574876761627649e-01,0.000000000000000000e+00,0.000000000000000000e+00,0.000000000000000000e+00,1.000000000000000056e-01
9.974081586752220341e-01,-6.525629027901566626e-02,-3.030811091315287892e-02,8.827383302933851539e+00,6.480699628415345637e-02,9.977762130499552296e-01,-1.557825100311729070e-02,-1.402771547311917055e-01,3.125729100112249054e-02,1.357369701707123767e-02,9.994191995897216962e-01,-3.630324845667202704e-01,0.000000000000000000e+00,0.000000000000000000e+00,0.000000000000000000e+00,1.000000000000000056e-01
9.981097364402511385e-01,-5.467195344124942125e-02,-2.807011809897249840e-02,8.883418087395247298e+00,5.428399192833063824e-02,9.984216615845863396e-01,-1.440256570888363147e-02,-9.575942783602291175e-02,2.881323035512231220e-02,1.285158299944532886e-02,9.995021933797398894e-01,-3.506835681501062618e-01,0.000000000000000000e+00,0.000000000000000000e+00,0.000000000000000000e+00,1.000000000000000056e-01
9.984991603601587329e-01,-4.819816167903326343e-02,-2.600699849694098828e-02,8.902971297316792487e+00,4.785133046233033816e-02,9.987591640087267741e-01,-1.379791584167594683e-02,-4.933884807542003592e-02,2.663976225575178866e-02,1.253273790322311475e-02,9.995665328269079941e-01,-3.517481173085431623e-01,0.000000000000000000e+00,0.000000000000000000e+00,0.000000000000000000e+00,1.000000000000000056e-01
9.990040941384870088e-01,-3.451488216649978985e-02,-2.827618792506365886e-02,8.891353825673686373e+00,3.396627615542264361e-02,9.992296371300937174e-01,-1.965767954247997149e-02,-1.337242984306714205e-02,2.893288749285920919e-02,1.867766553651453373e-02,9.994068404966175434e-01,-3.489084519356927538e-01,0.000000000000000000e+00,0.000000000000000000e+00,0.000000000000000000e+00,1.000000000000000056e-01
9.992170304466271302e-01,-2.156938600613140036e-02,-3.316756929204605492e-02,8.948646831621442033e+00,2.075788643775968931e-02,9.994813631347950755e-01,-2.461940082229832974e-02,1.995838519898688115e-02,3.368139272745778595e-02,2.391163594425136860e-02,9.991465345235444051e-01,-3.374056863416684537e-01,0.000000000000000000e+00,0.000000000000000000e+00,0.000000000000000000e+00,1.000000000000000056e-01
9.993083235435851197e-01,-6.917637687205830353e-03,-3.653793624902636206e-02,8.975452416936505529e+00,5.864048735944816550e-03,9.995661370848536453e-01,-2.886434696448248599e-02,2.659851324641260978e-02,3.672175688787002179e-02,2.863012193638223013e-02,9.989153260857378536e-01,-3.411184154705163563e-01,0.000000000000000000e+00,0.000000000000000000e+00,0.000000000000000000e+00,1.000000000000000056e-01
9.992314543534441817e-01,1.063783899595971937e-02,-3.772713893468182533e-02,8.966642641435921490e+00,-1.164803773569456254e-02,9.995767339418942798e-01,-2.665851044156897567e-02,2.910913564899580280e-02,3.742758137535182050e-02,2.707746929739640943e-02,9.989324235446760403e-01,-3.259655820882475519e-01,0.000000000000000000e+00,0.000000000000000000e+00,0.000000000000000000e+00,1.000000000000000056e-01
9.989575197601361367e-01,2.640848912284333300e-02,-3.723527114076093797e-02,8.975708908967503064e+00,-2.737911342564570971e-02,9.992920465670045438e-01,-2.580290324659786916e-02,5.458707203625196014e-02,3.652749461300276029e-02,2.679547294182973993e-02,9.989733453736995283e-01,-3.337222097758292261e-01,0.000000000000000000e+00,0.000000000000000000e+00,0.000000000000000000e+00,1.000000000000000056e-01
9.982950039320003244e-01,4.636291530374744146e-02,-3.546216588062574976e-02,8.952746926063783306e+00,-4.735867394271450065e-02,9.984917322334861955e-01,-2.777438862981055148e-02,3.437794904623163450e-02,3.412097781123996781e-02,2.940647455764864096e-02,9.989849939450017313e-01,-3.210252867774510688e-01,0.000000000000000000e+00,0.000000000000000000e+00,0.000000000000000000e+00,1.000000000000000056e-01
9.974621083148214051e-01,6.273799939413553239e-02,-3.366431208524588159e-02,8.952168621173637320e+00,-6.378899671470920907e-02,9.974783748429776331e-01,-3.111037799100123402e-02,-6.491023618042358889e-03,3.162762043344710672e-02,3.317883591438380853e-02,9.989488768065581947e-01,-3.100536049012499462e-01,0.000000000000000000e+00,0.000000000000000000e+00,0.000000000000000000e+00,1.000000000000000056e-01
9.985764554774790858e-01,4.484302333121283068e-02,-2.888192903098105863e-02,9.085778309001840469e+00,-4.570649942248160291e-02,9.985054049482958716e-01,-2.996451567408268263e-02,5.990179218274781919e-02,2.749506276728630461e-02,3.124195172449954067e-02,9.991336056683646216e-01,-2.997390908260235132e-01,0.000000000000000000e+00,0.000000000000000000e+00,0.000000000000000000e+00,1.000000000000000056e-01
9.991485552736272258e-01,3.092445731168588438e-02,-2.731011597560963414e-02,9.152702462776815651e+00,-3.159662867378331547e-02,9.991995515181851806e-01,-2.453383994218301389e-02,1.461092777507030371e-01,2.652955994875499587e-02,2.537585832706586164e-02,9.993258969240665923e-01,-2.977639099808701006e-01,0.000000000000000000e+00,0.000000000000000000e+00,0.000000000000000000e+00,1.000000000000000056e-01
9.993148550341254266e-01,2.621122663487582272e-02,-2.613029097465527015e-02,9.220058616548756802e+00,-2.674869104120750074e-02,9.994332833023736873e-01,-2.043574698950929858e-02,2.595125003638308336e-01,2.557983650665108730e-02,2.112069662043345591e-02,9.994496426226588959e-01,-2.941141300571577522e-01,0.000000000000000000e+00,0.000000000000000000e+00,0.000000000000000000e+00,1.000000000000000056e-01
9.993827910307555573e-01,2.272311020676186233e-02,-2.678987223016376235e-02,9.289642967244040150e+00,-2.314402189392764791e-02,9.996118588886507839e-01,-1.550760522290421661e-02,3.753215011112892574e-01,2.642709295686043736e-02,1.611805917929957227e-02,9.995207936437050522e-01,-3.037738292242811999e-01,0.000000000000000000e+00,0.000000000000000000e+00,0.000000000000000000e+00,1.000000000000000056e-01
9.993016611259266657e-01,2.765101149265069766e-02,-2.513188481584493345e-02,9.383878949108721557e+00,-2.802703885548502374e-02,9.994985554690005713e-01,-1.473508426763504679e-02,4.802700024690044200e-01,2.471184258522076543e-02,1.542916649772346945e-02,9.995755427466344045e-01,-2.934892910299605195e-01,0.000000000000000000e+00,0.000000000000000000e+00,0.000000000000000000e+00,1.000000000000000056e-01
9.988376588116503196e-01,4.159202650405683516e-02,-2.436051458707531522e-02,9.492824878907745401e+00,-4.194600336812102231e-02,9.990189022576438926e-01,-1.420442654152705500e-02,5.875385422042608274e-01,2.374582365602118453e-02,1.520974237841957177e-02,9.996023207234361330e-01,-2.797599702911329200e-01,0.000000000000000000e+00,0.000000000000000000e+00,0.000000000000000000e+00,1.000000000000000056e-01
9.980093846056377060e-01,5.895084414117176402e-02,-2.240683409407997345e-02,9.520219399382281011e+00,-5.926917414966528103e-02,9.981463948806845732e-01,-1.381808171596603761e-02,6.610673806084259585e-01,2.155071309012764752e-02,1.511860978184636183e-02,9.996534371488807746e-01,-2.810784442748990863e-01,0.000000000000000000e+00,0.000000000000000000e+00,0.000000000000000000e+00,1.000000000000000056e-01
