1.000000000000000000e+00,-5.148868818904653912e-11,3.409296000056228709e-11,2.570159931711033818e-18,5.148868818942976931e-11,1.000000000000000000e+00,-1.124064364554948208e-11,1.222607052390164701e-17,-3.409295999998351916e-11,1.124064364730488536e-11,1.000000000000000000e+00,-1.107525697210402267e-17,0.000000000000000000e+00,0.000000000000000000e+00,0.000000000000000000e+00,1.000000000000000056e-01
9.999918472028115346e-01,-4.035273209578677141e-03,-1.486540714880442069e-04,6.556257961002009971e-01,4.034818980679336260e-03,9.999875420055257536e-01,-2.938719030449992581e-03,7.035225407283638224e-03,1.605107537304969274e-04,2.938095279400547780e-03,9.999956709068430483e-01,2.036315065194767900e-03,0.000000000000000000e+00,0.000000000000000000e+00,0.000000000000000000e+00,1.000000000000000056e-01
9.999527997504288335e-01,-9.442322317358385619e-03,-2.289283847383328900e-03,1.325920475202630566e+00,9.439084407227377183e-03,9.999544410709786391e-01,-1.421079864001278947e-03,9.474999591791773146e-03,2.302597844177624482e-03,1.399404045209484086e-03,9.999963698491540764e-01,6.196692022990493362e-03,0.000000000000000000e+00,0.000000000000000000e+00,0.000000000000000000e+00,1.000000000000000056e-01
9.998839178899713298e-01,-1.507540941260037369e-02,-2.209700442056911681e-03,2.043408333450660752e+00,1.507369938474006736e-02,9.998860744408403223e-01,-7.884961286035009707e-04,4.495739151157358338e-04,2.221335602657423160e-03,7.550962381152499792e-04,9.999972477451183339e-01,4.867445659220106212e-03,0.000000000000000000e+00,0.000000000000000000e+00,0.000000000000000000e+00,1.000000000000000056e-01
9.997878114562521734e-01,-2.016085837046570003e-02,-4.227511476463840373e-03,2.738284133656993191e+00,2.016186941910886807e-02,9.997967095069116850e-01,1.966740423384708990e-04,8.834622562951661290e-03,4.222686946058521254e-03,-2.818668447160821585e-04,9.999910446929199948e-01,1.011535230683815664e-02,0.000000000000000000e+00,0.000000000000000000e+00,0.000000000000000000e+00,1.000000000000000056e-01
9.996803427541679499e-01,-2.455164698974548684e-02,-6.035639237082696118e-03,3.444254863593184446e+00,2.455097650746780949e-02,9.996985622009683103e-01,-1.851643770361872422e-04,1.064804257222107253e-02,6.038365957695388669e-03,3.692435078422942336e-05,9.999817682203777647e-01,2.484339437727653421e-02,0.000000000000000000e+00,0.000000000000000000e+00,0.000000000000000000e+00,1.000000000000000056e-01
9.995121563489854921e-01,-3.030355294130604796e-02,-7.559364373714580823e-03,4.165171976815720711e+00,3.030434418359552115e-02,9.995407178429807082e-01,-9.876287836887244270e-06,4.557956633734573659e-02,7.556191779150655749e-03,-2.192101100376862486e-04,9.999714275481697001e-01,4.307240220819347210e-02,0.000000000000000000e+00,0.000000000000000000e+00,0.000000000000000000e+00,1.000000000000000056e-01
9.993576385588875954e-01,-3.485433642530348652e-02,-8.335795484261993363e-03,4.933991639053099121e+00,3.488227000453179849e-02,9.993862106785513788e-01,3.229418662415937166e-03,7.408326357217885627e-02,8.218119817489976178e-03,-3.518115677174576007e-03,9.999600418860482565e-01,5.493000521827916954e-02,0.000000000000000000e+00,0.000000000000000000e+00,0.000000000000000000e+00,1.000000000000000056e-01
9.992574911131185678e-01,-3.793017745310549305e-02,-6.765211947287275672e-03,5.704658231913041000e+00,3.795672738417309178e-02,9.992720049007202121e-01,3.840191138284329044e-03,1.100805711640149565e-01,6.614627774815094556e-03,-4.094125067816163817e-03,9.999697419618904792e-01,6.000374264167303295e-02,0.000000000000000000e+00,0.000000000000000000e+00,0.000000000000000000e+00,1.000000000000000056e-01
9.990594773193482991e-01,-4.308056090785604419e-02,-4.921996572027331415e-03,6.498352635269804445e+00,4.309989443581388469e-02,9.990631876274479461e-01,3.891815425286811701e-03,1.647041020253793564e-01,4.749723993269795372e-03,-4.100292617278234776e-03,9.999803136674443316e-01,7.094026964453958861e-02,0.000000000000000000e+00,0.000000000000000000e+00,0.000000000000000000e+00,1.000000000000000056e-01
9.988203627903643467e-01,-4.845967349783743966e-02,-3.089161667515864188e-03,7.323873303673885893e+00,4.846764126196723838e-02,9.988214757838768110e-01,2.558762087349335679e-03,1.997244522849873083e-01,2.961524240371583416e-03,-2.705468055881872416e-03,9.999919548760241028e-01,9.102679923844594900e-02,0.000000000000000000e+00,0.000000000000000000e+00,0.000000000000000000e+00,1.000000000000000056e-01
9.987379998350367494e-01,-5.015916051908084206e-02,-2.542892355406328655e-03,8.140457630312312176e+00,5.016680701485073945e-02,9.987362322203474641e-01,3.038079037631635174e-03,2.468034319511077657e-01,2.387291235862221399e-03,-3.161813771438181427e-03,9.999921518563182898e-01,1.057360524814449226e-01,0.000000000000000000e+00,0.000000000000000000e+00,0.000000000000000000e+00,1.000000000000000056e-01
9.985781954099929303e-01,-5.320508453788529157e-02,-3.287344070603864105e-03,8.987816270007902730e+00,5.321539479733009004e-02,9.985781430157402161e-01,3.132738067584734613e-03,2.977625831584764238e-01,3.115992343756514293e-03,-3.303221238772799124e-03,9.999896896074286223e-01,1.143523078098885037e-01,0.000000000000000000e+00,0.000000000000000000e+00,0.000000000000000000e+00,1.000000000000000056e-01
9.985863480798946590e-01,-5.306839210681200958e-02,-3.008519180099472091e-03,9.668525405022004193e+00,5.308328192047485905e-02,9.985770317183960687e-01,5.106555103859168263e-03,3.801799366953610981e-01,2.733241484164952891e-03,-5.259038284231850463e-03,9.999824357994064883e-01,1.319186555054764898e-01,0.000000000000000000e+00,0.000000000000000000e+00,0.000000000000000000e+00,1.000000000000000056e-01
9.983184445042349031e-01,-5.786613099511336844e-02,-3.434275222101835275e-03,1.042312890841572504e+01,5.788416151790018449e-02,9.983086689091391630e-01,5.406054590213807062e-03,4.442823219722365491e-01,3.115639262560075586e-03,-5.595754151060292406e-03,9.999794899534022452e-01,1.384214784789474517e-01,0.000000000000000000e+00,0.000000000000000000e+00,0.000000000000000000e+00,1.000000000000000056e-01
9.981741479505087389e-01,-6.027215167606478352e-02,-3.954503206899833909e-03,1.125030611091856869e+01,6.028738416261274213e-02,9.981736255559522375e-01,3.852863261949194748e-03,4.957290095148648712e-01,3.715060444392507665e-03,-4.084235157672609640e-03,9.999847585583848675e-01,1.593616776862163131e-01,0.000000000000000000e+00,0.000000000000000000e+00,0.000000000000000000e+00,1.000000000000000056e-01
9.979672318942409692e-01,-6.352658477426494088e-02,-5.077114560886355349e-03,1.214210160364052804e+01,6.354987317034500871e-02,9.979682221279743137e-01,4.565220998286775335e-03,5.608315132880402620e-01,4.776786093106888398e-03,-4.878590949061356770e-03,9.999766905608212797e-01,1.721212938821466698e-01,0.000000000000000000e+00,0.000000000000000000e+00,0.000000000000000000e+00,1.000000000000000056e-01
9.978249563209090622e-01,-6.558281593231381212e-02,-6.652127296156939117e-03,1.304109509149785850e+01,6.562811853599413714e-02,9.978207272797974259e-01,6.837124266942702297e-03,6.391872948381531749e-01,6.189232634303851004e-03,-7.258819821731439526e-03,9.999545004319917441e-01,1.849530118365986520e-01,0.000000000000000000e+00,0.000000000000000000e+00,0.000000000000000000e+00,1.000000000000000056e-01
9.979724966144258858e-01,-6.285883060444315273e-02,-9.983156625624132335e-03,1.391639116713165159e+01,6.295724274253207409e-02,9.979674207137835262e-01,9.869791291414839463e-03,7.024434260079508441e-01,9.342461529367580841e-03,-1.047829227117271986e-02,9.999014570464692664e-01,1.905104272536715937e-01,0.000000000000000000e+00,0.000000000000000000e+00,0.000000000000000000e+00,1.000000000000000056e-01
9.969686546125441362e-01,-7.748357226747366877e-02,-7.056751995416186106e-03,1.488473518691457897e+01,7.754816274269692167e-02,9.969443687238298546e-01,9.391918072286557784e-03,7.905973874072450558e-01,6.307469800626608857e-03,-9.910686076934155375e-03,9.999309946822323436e-01,2.021631100683776439e-01,0.000000000000000000e+00,0.000000000000000000e+00,0.000000000000000000e+00,1.000000000000000056e-01
9.965952505782060822e-01,-8.220017145610260256e-02,-6.406117197650414499e-03,1.584629255258558622e+01,8.224713059030917817e-02,9.965841340157099992e-01,7.448042549425370855e-03,8.873889200400412181e-01,5.772004385248472730e-03,-7.949568588593696958e-03,9.999517429979468686e-01,2.129466824008307835e-01,0.000000000000000000e+00,0.000000000000000000e+00,0.000000000000000000e+00,1.000000000000000056e-01
9.964516657486619522e-01,-8.397534105117314407e-02,-5.676259512751647036e-03,1.675460649742694130e+01,8.401631598745877560e-02,9.964368057727670536e-01,7.412877259224974827e-03,9.809667573352411907e-01,5.033535001609632138e-03,-7.863472305795262199e-03,9.999564137144596465e-01,2.312241439918902297e-01,0.000000000000000000e+00,0.000000000000000000e+00,0.000000000000000000e+00,1.000000000000000056e-01
9.962268911961476014e-01,-8.666213189300708830e-02,-4.653617240182617368e-03,1.764648495199206124e+01,8.669759221194334176e-02,9.962021323325440658e-01,8.052269291563036654e-03,1.070408942007334607e+00,3.938116594345964991e-03,-8.425344613207872910e-03,9.999567514677012436e-01,2.534902527916928494e-01,0.000000000000000000e+00,0.000000000000000000e+00,0.000000000000000000e+00,1.000000000000000056e-01
9.961685743011308158e-01,-8.732097051739580451e-02,-4.818680602866220151e-03,1.855557411592756623e+01,8.735478486282242938e-02,9.961503667899630488e-01,7.320403389980849329e-03,1.155554023082660864e+00,4.160905721396904351e-03,-7.713290615692421776e-03,9.999615952682660014e-01,2.565550305277703447e-01,0.000000000000000000e+00,0.000000000000000000e+00,0.000000000000000000e+00,1.000000000000000056e-01
9.959669664072139383e-01,-8.957998640777094235e-02,-5.022734394250557600e-03,1.949333994021759153e+01,8.960143978072267201e-02,9.959687521141630251e-01,4.222179695186576223e-03,1.241613043623738477e+00,4.624263707136634823e-03,-4.655195736002116016e-03,9.999784724371951761e-01,2.736731362336332074e-01,0.000000000000000000e+00,0.000000000000000000e+00,0.000000000000000000e+00,1.000000000000000056e-01
9.958178742156761354e-01,-9.130251428663060942e-02,-3.257649077399393366e-03,2.042479452072855750e+01,9.130973435357156442e-02,9.958202395365715054e-01,2.140780606599840350e-03,1.325950328203603590e+00,3.048574232663330951e-03,-2.429282664700895076e-03,9.999924023615793800e-01,2.912127764482621006e-01,0.000000000000000000e+00,0.000000000000000000e+00,0.000000000000000000e+00,1.000000000000000056e-01
9.959190665202811710e-01,-9.024337701716213245e-02,1.160105990884570176e-03,2.134752475245168313e+01,9.024026495106458878e-02,9.959168821124829707e-01,2.501700404200647276e-03,1.422746599128883016e+00,-1.381131034122039464e-03,-2.386802859276177923e-03,9.999961978173604882e-01,2.982973720959550823e-01,0.000000000000000000e+00,0.000000000000000000e+00,0.000000000000000000e+00,1.000000000000000056e-01
9.957950817654380726e-01,-9.152971332273880656e-02,3.803512957997321007e-03,2.229626851204970706e+01,9.152852472001631046e-02,9.958023364068177008e-01,4.857667139197770255e-04,1.517220019520906238e+00,-3.832009178194144706e-03,-1.355941748077123352e-04,9.999926486329177022e-01,3.072387966073714671e-01,0.000000000000000000e+00,0.000000000000000000e+00,0.000000000000000000e+00,1.000000000000000056e-01
9.958502354366355336e-01,-9.069361168635846349e-02,7.548336245932696191e-03,2.327370230555441211e+01,9.069358033582271272e-02,9.958787847762352596e-01,3.471577143077316267e-04,1.611880682504494455e+00,-7.548712914617211785e-03,3.388685481953005504e-04,9.999714506431869321e-01,3.176988760083107599e-01,0.000000000000000000e+00,0.000000000000000000e+00,0.000000000000000000e+00,1.000000000000000056e-01
9.960266251311099550e-01,-8.860807606343686083e-02,8.920251468849374823e-03,2.420637662587176209e+01,8.862561909090314882e-02,9.960637384099438885e-01,-1.590177839435434701e-03,1.708384596414243228e+00,-8.744236426667816378e-03,2.374422275644469654e-03,9.999589493815090879e-01,3.277309493659774087e-01,0.000000000000000000e+00,0.000000000000000000e+00,0.000000000000000000e+00,1.000000000000000056e-01
9.960757774240625029e-01,-8.824981270457274429e-02,6.709410306223054579e-03,2.516351432046761616e+01,8.827273828980439219e-02,9.960912003643919155e-01,-3.200661094938341087e-03,1.788104023163533896e+00,-6.400726823503823104e-03,3.780359008451803556e-03,9.999723694092242932e-01,3.322887914279933352e-01,0.000000000000000000e+00,0.000000000000000000e+00,0.000000000000000000e+00,1.000000000000000056e-01
9.963740207931081061e-01,-8.506270445239912104e-02,1.773978528246688635e-03,2.610686382287458329e+01,8.506986908121570712e-02,9.963650271575393846e-01,-4.455337457559185171e-03,1.889576377375636218e+00,-1.388547111085343356e-03,4.590094617729223100e-03,9.999885014180516229e-01,3.339639814978992982e-01,0.000000000000000000e+00,0.000000000000000000e+00,0.000000000000000000e+00,1.000000000000000056e-01
9.964038647149513483e-01,-8.473095431693357382e-02,-6.133229727762039567e-05,2.706052797834345114e+01,8.472933007697262819e-02,9.963887546485878932e-01,-5.512733853873503717e-03,1.975807862750649457e+00,5.282100116381541850e-04,5.487712672684092949e-03,9.999848028864266603e-01,3.419864985835145421e-01,0.000000000000000000e+00,0.000000000000000000e+00,0.000000000000000000e+00,1.000000000000000056e-01
9.964863964174609512e-01,-8.369601858131341110e-02,3.136595061402734728e-03,2.803928616615512226e+01,8.371838058904794433e-02,9.964585559864268527e-01,-7.847225815050724168e-03,2.057994050091580984e+00,-2.468705427971279367e-03,8.082244433418213359e-03,9.999642907716397300e-01,3.486668251793318407e-01,0.000000000000000000e+00,0.000000000000000000e+00,0.000000000000000000e+00,1.000000000000000056e-01
9.964773314567136886e-01,-8.337242595065121054e-02,9.053534338036081999e-03,2.904052071610676578e+01,8.345613127713118196e-02,9.964680705316062426e-01,-9.298309699732955000e-03,2.135444163584119259e+00,-8.246335256407248335e-03,1.002112778688512597e-02,9.999157839301857642e-01,3.655855285829344714e-01,0.000000000000000000e+00,0.000000000000000000e+00,0.000000000000000000e+00,1.000000000000000056e-01
9.966101818799449896e-01,-8.147847735118043944e-02,1.137554841561988495e-02,2.998228007740738832e+01,8.160896423312202774e-02,9.965978422408574566e-01,-1.152032107469397153e-02,2.206556629358012778e+00,-1.039818878555040169e-02,1.240961600534859315e-02,9.998689309607433628e-01,3.696747849160521016e-01,0.000000000000000000e+00,0.000000000000000000e+00,0.000000000000000000e+00,1.000000000000000056e-01
9.964960607095426637e-01,-8.298201398715839006e-02,1.046834967884067470e-02,3.088613966723162463e+01,8.317283781227595429e-02,9.963473871146071303e-01,-1.934329961894031349e-02,2.271678096013757475e+00,-8.824966890378241682e-03,2.014620422139882724e-02,9.997580959486416230e-01,3.807014273246441816e-01,0.000000000000000000e+00,0.000000000000000000e+00,0.000000000000000000e+00,1.000000000000000056e-01
9.965009823060018146e-01,-8.314638917566083420e-02,8.512944861974349256e-03,3.182094872088380910e+01,8.332509755638489723e-02,9.962478432331327571e-01,-2.339151492636222518e-02,2.349767974904255485e+00,-6.536082954828932416e-03,2.401900956286159849e-02,9.996901353915755850e-01,3.881230239714286712e-01,0.000000000000000000e+00,0.000000000000000000e+00,0.000000000000000000e+00,1.000000000000000056e-01
9.966831838768321905e-01,-8.123262188502015924e-02,4.887956508199871666e-03,3.278939600225460538e+01,8.133066542376381214e-02,9.963676489658934710e-01,-2.523550982060623199e-02,2.418872544013751291e+00,-2.820255106989625303e-03,2.554934903013119513e-02,9.996695838752263086e-01,3.867677201695645661e-01,0.000000000000000000e+00,0.000000000000000000e+00,0.000000000000000000e+00,1.000000000000000056e-01
9.965355310958187163e-01,-8.298417300006739883e-02,5.528317562285568407e-03,3.373510749036105949e+01,8.309993020084872895e-02,9.962073961668573840e-01,-2.579196431185676319e-02,2.498025406091428646e+00,-3.367026015441327864e-03,2.616201165707463666e-02,9.996520456048026970e-01,3.881271637975135524e-01,0.000000000000000000e+00,0.000000000000000000e+00,0.000000000000000000e+00,1.000000000000000056e-01
9.965139170107029098e-01,-8.316035672480417973e-02,6.660951387695927470e-03,3.469682526300641712e+01,8.330814341498612996e-02,9.961759557085655414e-01,-2.632904306795419078e-02,2.588843902321667390e+00,-4.445947000812482466e-03,2.679216933227695011e-02,9.996311385794944826e-01,4.033923880818118812e-01,0.000000000000000000e+00,0.000000000000000000e+00,0.000000000000000000e+00,1.000000000000000056e-01
9.964467472793322456e-01,-8.392272840258022115e-02,7.131303801221750699e-03,3.566858929414789969e+01,8.407659104473014233e-02,9.961441171540449391e-01,-2.506042093991425745e-02,2.671426796264352976e+00,-5.000667429030566588e-03,2.557095064433947962e-02,9.996605022748518143e-01,4.049784608209875403e-01,0.000000000000000000e+00,0.000000000000000000e+00,0.000000000000000000e+00,1.000000000000000056e-01
9.965207526765478274e-01,-8.312708678906982618e-02,6.023033034040405596e-03,3.663150590589151534e+01,8.324801283914637362e-02,9.962439503094666637e-01,-2.382771139077913963e-02,2.749404143760449060e+00,-4.019681989910620264e-03,2.424621442104717833e-02,9.996979360001443382e-01,4.211147151152749291e-01,0.000000000000000000e+00,0.000000000000000000e+00,0.000000000000000000e+00,1.000000000000000056e-01
9.963268117713817151e-01,-8.523982896082922533e-02,8.188754740640293364e-03,3.762251624159402752e+01,8.541010946218853539e-02,9.960716709631496357e-01,-2.337390652706227562e-02,2.846635270587791755e+00,-6.164198823103792663e-03,2.398745220750735097e-02,9.996932553485903261e-01,4.319504677109734514e-01,0.000000000000000000e+00,0.000000000000000000e+00,0.000000000000000000e+00,1.000000000000000056e-01
9.964781354212386422e-01,-8.308782952458661220e-02,1.130213308649089150e-02,3.860809186519900038e+01,8.333140001764623161e-02,9.962535080001384546e-01,-2.312629603972942566e-02,2.934215200982662530e+00,-9.338275992416820645e-03,2.398667093015219992e-02,9.996686632175573184e-01,4.537659613017975824e-01,0.000000000000000000e+00,0.000000000000000000e+00,0.000000000000000000e+00,1.000000000000000056e-01
9.965149545210402193e-01,-8.241431735825006932e-02,1.287733319840378594e-02,3.960041057966723343e+01,8.263989121456631615e-02,9.964151923988953108e-01,-1.809454991750771707e-02,3.023023830180678218e+00,-1.133992045711600984e-02,1.909567100277370644e-02,9.997533503584672410e-01,4.580866939408518301e-01,0.000000000000000000e+00,0.000000000000000000e+00,0.000000000000000000e+00,1.000000000000000056e-01
9.963813332976823034e-01,-8.424532447378089983e-02,1.126782855035897944e-02,4.059612283872463223e+01,8.445538933701528250e-02,9.962327756590143579e-01,-1.968613508713976112e-02,3.105799194417228293e+00,-9.566915274323241694e-03,2.056652637280590584e-02,9.997427129642358912e-01,4.715081979506302035e-01,0.000000000000000000e+00,0.000000000000000000e+00,0.000000000000000000e+00,1.000000000000000056e-01
9.963652265509956862e-01,-8.459999752780526794e-02,9.958701636171664318e-03,4.160229400171809999e+01,8.474867742067214438e-02,9.962802792401524998e-01,-1.559701486216295493e-02,3.185456923147365504e+00,-8.602150628174341784e-03,1.638431003915087267e-02,9.998287640336774862e-01,4.959525654418796003e-01,0.000000000000000000e+00,0.000000000000000000e+00,0.000000000000000000e+00,1.000000000000000056e-01
9.962843872494833164e-01,-8.574205741246126999e-02,8.106744944787708934e-03,4.262688325628985098e+01,8.585178381763045041e-02,9.962049267520992624e-01,-1.432533176493283600e-02,3.246204166445857187e+00,-6.847695835278764555e-03,1.496808289403625189e-02,9.998645236011850512e-01,4.999534724735086866e-01,0.000000000000000000e+00,0.000000000000000000e+00,0.000000000000000000e+00,1.000000000000000056e-01
9.963528973682596046e-01,-8.474629801935734674e-02,9.948310303194290993e-03,4.364624783711503397e+01,8.489135136409231563e-02,9.962743154141390223e-01,-1.519693750947236251e-02,3.335551984386114110e+00,-8.623361841683024887e-03,1.598603822411465841e-02,9.998350284984240943e-01,5.117355573988690010e-01,0.000000000000000000e+00,0.000000000000000000e+00,0.000000000000000000e+00,1.000000000000000056e-01
9.964403948936028099e-01,-8.362517998733350055e-02,1.064747370821150611e-02,4.463678473683937398e+01,8.380850554017359177e-02,9.963170189357228868e-01,-1.812545663306351987e-02,3.425819259398376726e+00,-9.092514690869231073e-03,1.895328602434017892e-02,9.997790251477952639e-01,5.285142368825758163e-01,0.000000000000000000e+00,0.000000000000000000e+00,0.000000000000000000e+00,1.000000000000000056e-01
9.962769989226296641e-01,-8.539214340490078325e-02,1.184581202093880348e-02,4.561764617711583014e+01,8.558609399586744604e-02,9.961863219593242169e-01,-1.696562570859697777e-02,3.521916403890601899e+00,-1.035190476429819276e-02,1.791629944688705178e-02,9.997858992213685125e-01,5.383449294824629305e-01,0.000000000000000000e+00,0.000000000000000000e+00,0.000000000000000000e+00,1.000000000000000056e-01
9.956118337052028977e-01,-9.299401788271423330e-02,1.044936477461383059e-02,4.652977487050789307e+01,9.315481146863364981e-02,9.955209904413392374e-01,-1.612881554666152628e-02,3.595974944396334472e+00,-8.902678608533162036e-03,1.703144822745079889e-02,9.998153189888965287e-01,5.482199001146443873e-01,0.000000000000000000e+00,0.000000000000000000e+00,0.000000000000000000e+00,1.000000000000000056e-01
9.958437190058050392e-01,-9.090359999406057157e-02,5.641172290142911286e-03,4.747707440827658587e+01,9.098339812796742143e-02,9.957234731884109236e-01,-1.602455012459558584e-02,3.694563166042969193e+00,-4.160358370984312132e-03,1.647120061585473708e-02,9.998556850708492094e-01,5.459369784885891308e-01,0.000000000000000000e+00,0.000000000000000000e+00,0.000000000000000000e+00,1.000000000000000056e-01
9.960063367658004152e-01,-8.918467449923252188e-02,4.179827369273049313e-03,4.842663525083744247e+01,8.924724595800247184e-02,9.958374072467414129e-01,-1.851451908637087237e-02,3.788242317700041273e+00,-2.511217091928026873e-03,1.881361641348424860e-02,9.998198545868968168e-01,5.487492034063451429e-01,0.000000000000000000e+00,0.000000000000000000e+00,0.000000000000000000e+00,1.000000000000000056e-01
9.961615032081179155e-01,-8.733071465329791949e-02,5.967059936619178301e-03,4.939923768280873873e+01,8.742730855472549689e-02,9.959990404348834092e-01,-1.850343675289081377e-02,3.897044416660208288e+00,-4.327267615918084856e-03,1.895409536051939278e-02,9.998109906497550936e-01,5.592449672423868146e-01,0.000000000000000000e+00,0.000000000000000000e+00,0.000000000000000000e+00,1.000000000000000056e-01
9.962469891700204139e-01,-8.624204205783408961e-02,7.365239396249185361e-03,5.041614164032006329e+01,8.636056603143932309e-02,9.961072713769284492e-01,-1.766795247728402893e-02,3.997390086556900535e+00,-5.812848217413889643e-03,1.823771070351035486e-02,9.998167815674511294e-01,5.817819850164527296e-01,0.000000000000000000e+00,0.000000000000000000e+00,0.000000000000000000e+00,1.000000000000000056e-01
9.963538843206564133e-01,-8.501380595621790826e-02,7.182617627199797822e-03,5.136066221623065076e+01,8.513667063280214165e-02,9.961879704764251553e-01,-1.900722998290016452e-02,4.086089385954745801e+00,-5.539360315216882227e-03,1.954943157484689137e-02,9.997935462946330176e-01,5.880939424037977536e-01,0.000000000000000000e+00,0.000000000000000000e+00,0.000000000000000000e+00,1.000000000000000056e-01
9.964683744286990663e-01,-8.373462412294742363e-02,6.268292144966434651e-03,5.231652971676726338e+01,8.384719041026068853e-02,9.962656026178620117e-01,-2.060334198070135070e-02,4.176176980832745578e+00,-4.519670754759225542e-03,2.105615737633419193e-02,9.997680785126176195e-01,6.028914854629641162e-01,0.000000000000000000e+00,0.000000000000000000e+00,0.000000000000000000e+00,1.000000000000000056e-01
9.964268537027090034e-01,-8.426186429341123163e-02,5.784759797866265672e-03,5.330002919355503366e+01,8.437205480070578134e-02,9.961778152435797340e-01,-2.260789210065926313e-02,4.267286740148771962e+00,-3.857666241001474032e-03,2.301518286538473124e-02,9.997276728033719362e-01,6.239747951384164715e-01,0.000000000000000000e+00,0.000000000000000000e+00,0.000000000000000000e+00,1.000000000000000056e-01
9.964059586614970598e-01,-8.445062712151814310e-02,6.577014721382704390e-03,5.425715432110629877e+01,8.458757936254197862e-02,9.961152798826192756e-01,-2.448041261818604403e-02,4.349341533717119290e+00,-4.484078662182902977e-03,2.494876275796623771e-02,9.996786745126646778e-01,6.229358028284907034e-01,0.000000000000000000e+00,0.000000000000000000e+00,0.000000000000000000e+00,1.000000000000000056e-01
9.963093600869834532e-01,-8.513581632545406952e-02,1.093397373620536017e-02,5.520651517765065819e+01,8.540446699646749018e-02,9.959790661035566872e-01,-2.705137520600867790e-02,4.424825421766482414e+00,-8.586968039696933619e-03,2.788534852006539083e-02,9.995742450252506073e-01,6.388822984366890889e-01,0.000000000000000000e+00,0.000000000000000000e+00,0.000000000000000000e+00,1.000000000000000056e-01
9.960716098798662044e-01,-8.722730851684400155e-02,1.525597064230411679e-02,5.615581069082194432e+01,8.760446275662391036e-02,9.958133232298828075e-01,-2.610140576636187093e-02,4.515240391592580949e+00,-1.291534345090461500e-02,2.733536037377757438e-02,9.995428815097333608e-01,6.638248924884730950e-01,0.000000000000000000e+00,0.000000000000000000e+00,0.000000000000000000e+00,1.000000000000000056e-01
9.959021457851110481e-01,-8.900810131625842836e-02,1.601480317350307755e-02,5.711253629516041030e+01,8.936306716149873541e-02,9.957332219609559276e-01,-2.301288575435892284e-02,4.592643373545898910e+00,-1.389813829621929994e-02,2.434971423504560598e-02,9.996068893162806113e-01,6.602039379447349754e-01,0.000000000000000000e+00,0.000000000000000000e+00,0.000000000000000000e+00,1.000000000000000056e-01
9.958958115611917794e-01,-8.983648230813517932e-02,1.099722516707443525e-02,5.800757259275975031e+01,9.007447378882643685e-02,9.956578290245942098e-01,-2.349631191693543619e-02,4.677505493193279129e+00,-8.838647325311766931e-03,2.439044789527278906e-02,9.996634355446470943e-01,6.712629507802840845e-01,0.000000000000000000e+00,0.000000000000000000e+00,0.000000000000000000e+00,1.000000000000000056e-01
9.957067010961823117e-01,-9.237110033523844577e-02,5.978730217635193529e-03,5.893675148628974370e+01,9.248182410813395038e-02,9.954687065742758856e-01,-2.211710742774535693e-02,4.757307809951716315e+00,-3.908657287372331070e-03,2.257507595104751852e-02,9.997375097214339368e-01,6.848485387757434761e-01,0.000000000000000000e+00,0.000000000000000000e+00,0.000000000000000000e+00,1.000000000000000056e-01
9.957081470821694813e-01,-9.252366892268022724e-02,2.157897884295221017e-03,5.988501219615565674e+01,9.254873370198164750e-02,9.954699625115421835e-01,-2.177809972032609259e-02,4.861089923784989608e+00,-1.331328376945346142e-04,2.188434203614631618e-02,9.997605002445798528e-01,6.971451527680860849e-01,0.000000000000000000e+00,0.000000000000000000e+00,0.000000000000000000e+00,1.000000000000000056e-01
9.956724520316295735e-01,-9.291129578143816903e-02,1.964530869284303750e-03,6.078993066476060392e+01,9.293162630398738022e-02,9.955100612778170488e-01,-1.798417991271939603e-02,4.955193752692168552e+00,-2.847767868061098877e-04,1.808891956008227414e-02,9.998363415536217769e-01,7.055533959577664493e-01,0.000000000000000000e+00,0.000000000000000000e+00,0.000000000000000000e+00,1.000000000000000056e-01
9.955042003301596276e-01,-9.469187274037221824e-02,2.199173010591946170e-03,6.172984682122515920e+01,9.471546101264255446e-02,9.953642080060411956e-01,-1.670553398335057962e-02,5.050473234029230873e+00,-6.070998039447179223e-04,1.683872493472850576e-02,9.998580343090716083e-01,7.229931396190599768e-01,0.000000000000000000e+00,0.000000000000000000e+00,0.000000000000000000e+00,1.000000000000000056e-01
9.953529963105240963e-01,-9.621324911359138699e-02,3.927267582928007858e-03,6.261330664754230924e+01,9.625903380269457132e-02,9.952592467035630275e-01,-1.390072884520549001e-02,5.139788872712794721e+00,-2.571215088944010969e-03,1.421416708999270750e-02,9.998956677108388202e-01,7.441590230751682356e-01,0.000000000000000000e+00,0.000000000000000000e+00,0.000000000000000000e+00,1.000000000000000056e-01
9.952211518248182953e-01,-9.757799328169705633e-02,3.659807043955217668e-03,6.343837662083346629e+01,9.761571029041166137e-02,9.951499568103511217e-01,-1.215469312054763031e-02,5.232286327568369089e+00,-2.456026258068367499e-03,1.245386235163014992e-02,9.999194313781217813e-01,7.596085399096068613e-01,0.000000000000000000e+00,0.000000000000000000e+00,0.000000000000000000e+00,1.000000000000000056e-01
9.949869798920643049e-01,-9.988199182557908062e-02,4.949500401431045429e-03,6.425602997790581128e+01,9.993076314278648287e-02,9.949352532697196549e-01,-1.084824312131256810e-02,5.319699125077317348e+00,-3.840888304691539995e-03,1.128846801270018407e-02,9.999289065063361459e-01,7.713257855685645703e-01,0.000000000000000000e+00,0.000000000000000000e+00,0.000000000000000000e+00,1.000000000000000056e-01
9.950225127134696423e-01,-9.948115497900437976e-02,5.805083756187518797e-03,6.504497146179929246e+01,9.954346026427342287e-02,9.949647955431623059e-01,-1.166855382505356704e-02,5.406081446341857166e+00,-4.615052761135039240e-03,1.218833187095199992e-02,9.999150693204975626e-01,7.856023111326413400e-01,0.000000000000000000e+00,0.000000000000000000e+00,0.000000000000000000e+00,1.000000000000000056e-01
9.949371382986509360e-01,-1.003403895590509048e-01,5.647747978529376288e-03,6.584017761653487355e+01,1.004046373876532477e-01,9.948674524552429954e-01,-1.255630663326558552e-02,5.487532058618342035e+00,-4.358855944504005410e-03,1.305979587714272555e-02,9.999052165613010468e-01,7.978097406529603974e-01,0.000000000000000000e+00,0.000000000000000000e+00,0.000000000000000000e+00,1.000000000000000056e-01
9.949484402933804761e-01,-1.001783240880484427e-01,6.473371662383759287e-03,6.658402386815009777e+01,1.002566708609951562e-01,9.948741568136667546e-01,-1.319136278652400900e-02,5.565764642664960959e+00,-5.118701557964101811e-03,1.377372452191270684e-02,9.998920358754513904e-01,8.143472581854531711e-01,0.000000000000000000e+00,0.000000000000000000e+00,0.000000000000000000e+00,1.000000000000000056e-01
9.949632429294357205e-01,-9.993408488917619736e-02,7.830957585349079472e-03,6.738377421872655759e+01,1.000235838849593412e-01,9.949124685616647090e-01,-1.201925818605432787e-02,5.658412672454947057e+00,-6.589983774571267147e-03,1.274200054534050351e-02,9.998971014739234109e-01,8.159771710685777002e-01,0.000000000000000000e+00,0.000000000000000000e+00,0.000000000000000000e+00,1.000000000000000056e-01
9.946992102431905236e-01,-1.021721350784556975e-01,1.159033886833641704e-02,6.812961591306643072e+01,1.023046918576174108e-01,9.946868003958386772e-01,-1.148560587026046902e-02,5.736740365452678070e+00,-1.035524821001492131e-02,1.261046913476316332e-02,9.998668635887030254e-01,8.238612267123666122e-01,0.000000000000000000e+00,0.000000000000000000e+00,0.000000000000000000e+00,1.000000000000000056e-01
9.945179844626442778e-01,-1.035334560692744849e-01,1.465612686596750799e-02,6.885802154701471522e+01,1.036992876356677001e-01,9.945473644193809637e-01,-1.104525555694068836e-02,5.818615593187779211e+00,-1.343265886616563931e-02,1.250453520986227751e-02,9.998315859558400964e-01,8.368012198818522984e-01,0.000000000000000000e+00,0.000000000000000000e+00,0.000000000000000000e+00,1.000000000000000056e-01
9.944667070270597486e-01,-1.045165658089339117e-01,1.059509727481869855e-02,6.954891912417849653e+01,1.045940962998823526e-01,9.944900271722341145e-01,-7.047047195816264972e-03,5.901326941983384700e+00,-9.800185404726718605e-03,8.116238443756685489e-03,9.999190382423753798e-01,8.498445473564040231e-01,0.000000000000000000e+00,0.000000000000000000e+00,0.000000000000000000e+00,1.000000000000000056e-01
9.944686428958156021e-01,-1.048908398452447072e-01,5.479964736574688758e-03,7.024866983327329706e+01,1.049339287128790571e-01,9.944447524386251791e-01,-8.276771844261442482e-03,5.981626743790725342e+00,-4.581364625883354788e-03,8.806024292537793438e-03,9.999507313034597944e-01,8.512068179053946526e-01,0.000000000000000000e+00,0.000000000000000000e+00,0.000000000000000000e+00,1.000000000000000056e-01
9.945167464760392706e-01,-1.045635637589613781e-01,1.703558845197409438e-03,7.100063148270096747e+01,1.045752000605175286e-01,9.944701052912219286e-01,-9.655941920323029073e-03,6.063216772629072437e+00,-6.844786455147351721e-04,9.781145949812641502e-03,9.999519291810443633e-01,8.776304106186613163e-01,0.000000000000000000e+00,0.000000000000000000e+00,0.000000000000000000e+00,1.000000000000000056e-01
9.943116457147500586e-01,-1.064990758800936910e-01,1.515926354183756881e-03,7.173054065445910510e+01,1.065082204141287736e-01,9.942746624587960325e-01,-8.596195476054186574e-03,6.147706716160088902e+00,-5.917602898340354467e-04,8.708755888944118284e-03,9.999619029696211747e-01,8.864437501107544914e-01,0.000000000000000000e+00,0.000000000000000000e+00,0.000000000000000000e+00,1.000000000000000056e-01
9.941372629267793970e-01,-1.080672119165561468e-01,3.546853398935101084e-03,7.240960185056411547e+01,1.080907758336454166e-01,9.941141637774670858e-01,-7.308457888501772130e-03,6.237412413131535160e+00,-2.736172533303687059e-03,7.648992457149878139e-03,9.999670025927147599e-01,8.958818101759642438e-01,0.000000000000000000e+00,0.000000000000000000e+00,0.000000000000000000e+00,1.000000000000000056e-01
9.940332041313996170e-01,-1.088842641702242042e-01,6.496622227898018673e-03,7.302085658872576346e+01,1.089260645793591609e-01,9.940288008612370163e-01,-6.469583728840123775e-03,6.296656259642767317e+00,-5.753393739043512894e-03,7.138632535719036630e-03,9.999579683096702087e-01,9.104415551822621078e-01,0.000000000000000000e+00,0.000000000000000000e+00,0.000000000000000000e+00,1.000000000000000056e-01
9.939609291345452569e-01,-1.096832020107274819e-01,3.356568287030465680e-03,7.359128960143954146e+01,1.097062134929525923e-01,9.939343697852781601e-01,-7.682140364546657246e-03,6.353722084092698452e+00,-2.493606831531541747e-03,8.003983771587428603e-03,9.999648584669132978e-01,9.193595105385288235e-01,0.000000000000000000e+00,0.000000000000000000e+00,0.000000000000000000e+00,1.000000000000000056e-01
9.941444095517547597e-01,-1.080566475438293206e-01,8.086275913261684999e-04,7.422478429442872994e+01,1.080583320322023033e-01,9.940669547781335602e-01,-1.242120350636065698e-02,6.412936817004931456e+00,5.383636420978087696e-04,1.243584897450702650e-02,9.999225269113963810e-01,9.368978003568253499e-01,0.000000000000000000e+00,0.000000000000000000e+00,0.000000000000000000e+00,1.000000000000000056e-01
9.942194762758193027e-01,-1.073488673650007108e-01,-1.963076485271457797e-03,7.484117692126629606e+01,1.073010671733006793e-01,9.940843202073067486e-01,-1.681800527552761507e-02,6.469181913436826470e+00,3.756857371042521959e-03,1.651014819522659063e-02,9.998566402386220853e-01,9.569337758803617699e-01,0.000000000000000000e+00,0.000000000000000000e+00,0.000000000000000000e+00,1.000000000000000056e-01
9.947858120964920836e-01,-1.019580580445712953e-01,-2.396341232512462158e-03,7.542621462001983446e+01,1.019097370914940487e-01,9.946751803121693936e-01,-1.535223621808570922e-02,6.525154086808642617e+00,3.948865338976372333e-03,1.502797626871871760e-02,9.998792759087475890e-01,9.687511633684964263e-01,0.000000000000000000e+00,0.000000000000000000e+00,0.000000000000000000e+00,1.000000000000000056e-01
9.951657308763369736e-01,-9.819645530197583516e-02,-1.619955398524298811e-03,7.598485368202575785e+01,9.817073395572713246e-02,9.950996678482770808e-01,-1.179652672791334234e-02,6.604829075349742951e+00,2.770394188556658810e-03,1.158046693253745110e-02,9.999291063378765720e-01,9.708354177492366510e-01,0.000000000000000000e+00,0.000000000000000000e+00,0.000000000000000000e+00,1.000000000000000056e-01
9.958065684991148636e-01,-9.147260692637615431e-02,1.428396342190034083e-03,7.653220094983078070e+01,9.148375876904393800e-02,9.956858501773762082e-01,-1.550514875913373315e-02,6.645267061377369444e+00,-3.937648584509531244e-06,1.557080404629677083e-02,9.998787676742849628e-01,9.871294481472847604e-01,0.000000000000000000e+00,0.000000000000000000e+00,0.000000000000000000e+00,1.000000000000000056e-01
9.964766142353610467e-01,-8.374915123046242083e-02,4.520724522516132195e-03,7.708638028187046132e+01,8.381661301959036914e-02,9.963240462207592074e-01,-1.769661844022001398e-02,6.672209509613817424e+00,-3.022029774104906773e-03,1.801317824459740605e-02,9.998331824587403105e-01,1.000376728130653703e+00,0.000000000000000000e+00,0.000000000000000000e+00,0.000000000000000000e+00,1.000000000000000056e-01
9.971290213097985244e-01,-7.549746168515654443e-02,5.817915508306041247e-03,7.761551265358410490e+01,7.560141165561197474e-02,9.969292488956424947e-01,-2.040831330729891979e-02,6.706018537715539907e+00,-4.259274285857381562e-03,2.078956410001172456e-02,9.997748009462377183e-01,1.013204450133656787e+00,0.000000000000000000e+00,0.000000000000000000e+00,0.000000000000000000e+00,1.000000000000000056e-01
9.979779909582608965e-01,-6.322527748229263278e-02,6.518730720043007347e-03,7.809329301120432376e+01,6.332952306884935545e-02,9.978433087689976277e-01,-1.726564950446403401e-02,6.739542328046476349e+00,-5.413046349830078451e-03,1.764356631256908808e-02,9.998296872452770989e-01,1.023495881494655091e+00,0.000000000000000000e+00,0.000000000000000000e+00,0.000000000000000000e+00,1.000000000000000056e-01
9.987851035846644354e-01,-4.892260536142004068e-02,5.907244875741844356e-03,7.857755215463367904e+01,4.899806751147976758e-02,9.987091409776726048e-01,-1.338809574883009258e-02,6.771919719583724628e+00,-5.244638930535975782e-03,1.366127418252511237e-02,9.998929259426722060e-01,1.027603897861256499e+00,0.000000000000000000e+00,0.000000000000000000e+00,0.000000000000000000e+00,1.000000000000000056e-01
9.994933505135596974e-01,-3.143078329148913524e-02,5.014792205253860470e-03,7.904187611858176865e+01,3.147167013931666951e-02,9.994702312756106322e-01,-8.294020286892796884e-03,6.785515512505584823e+00,-4.751447970931662983e-03,8.447642011874884754e-03,9.999530294401925978e-01,1.026023659685566081e+00,0.000000000000000000e+00,0.000000000000000000e+00,0.000000000000000000e+00,1.000000000000000056e-01
9.999362179986350796e-01,-9.251082569895980115e-03,6.478997289012817379e-03,7.952376197478064057e+01,9.303691872695871515e-03,9.999236085924050332e-01,-8.137462570152137128e-03,6.805787902968200243e+00,-6.403222011144189818e-03,8.197222140924389014e-03,9.999459006851562082e-01,1.039388488942987410e+00,0.000000000000000000e+00,0.000000000000000000e+00,0.000000000000000000e+00,1.000000000000000056e-01
9.998486478019544821e-01,1.566982602214836776e-02,7.558970898134972569e-03,8.000261918684637408e+01,-1.559046157180931855e-02,9.998238890036834636e-01,-1.044645803744274036e-02,6.793382523817586005e+00,-7.721333860233374480e-03,1.032702909774718507e-02,9.999168632808594914e-01,1.052231156154262992e+00,0.000000000000000000e+00,0.000000000000000000e+00,0.000000000000000000e+00,1.000000000000000056e-01
9.989793239905027100e-01,4.425736259194912314e-02,9.033055733409406027e-03,8.047550751953161807e+01,-4.414733762799034900e-02,9.989525190519977782e-01,-1.203649699988182907e-02,6.787598264430877215e+00,-9.556297391687096007e-03,1.162542627488038528e-02,9.998867569100458041e-01,1.057484962683241214e+00,0.000000000000000000e+00,0.000000000000000000e+00,0.000000000000000000e+00,1.000000000000000056e-01
9.970385921068046775e-01,7.594054847329449742e-02,1.212761094593355071e-02,8.097643391397564017e+01,-7.579176158674595654e-02,9.970479187155751877e-01,-1.229051099497210225e-02,6.746567788759824325e+00,-1.302515739861051514e-02,1.133494078126918297e-02,9.998509210838516514e-01,1.061700024499063089e+00,0.000000000000000000e+00,0.000000000000000000e+00,0.000000000000000000e+00,1.000000000000000056e-01
