1.000000000000000000e+00,0.000000000000000000e+00,0.000000000000000000e+00,0.000000000000000000e+00,0.000000000000000000e+00,1.000000000000000000e+00,0.000000000000000000e+00,0.000000000000000000e+00,0.000000000000000000e+00,0.000000000000000000e+00,1.000000000000000000e+00,0.000000000000000000e+00,0.000000000000000000e+00,0.000000000000000000e+00,0.000000000000000000e+00,1.000000000000000000e+00
9.999920472657830572e-01,-3.983965349440414874e-03,-1.828258233077654268e-04,6.556251527835325055e-01,3.983413131865671912e-03,9.999877810980686288e-01,-2.927468937795552496e-03,7.032169086368611488e-03,1.944865241866993984e-04,2.926717385627722150e-03,9.999956982409158313e-01,2.039083992134704815e-03,0.000000000000000000e+00,0.000000000000000000e+00,0.000000000000000000e+00,1.000000000000000000e+00
9.999536053783750766e-01,-9.339687696885833057e-03,-2.357397826550889156e-03,1.325919178456485881e+00,9.336408167294392782e-03,9.999554370466567921e-01,-1.398357380121441514e-03,9.434473775668330425e-03,2.370352995160504832e-03,1.376282875538481932e-03,9.999962436290074086e-01,6.225004389371236770e-03,0.000000000000000000e+00,0.000000000000000000e+00,0.000000000000000000e+00,1.000000000000000000e+00
9.998859955611841821e-01,-1.492153190789476287e-02,-2.311658742163998515e-03,2.043405574972815941e+00,1.491982375056922182e-02,9.998884086260521054e-01,-7.544232981493055341e-04,3.322474283480210400e-04,2.322657932304258641e-03,7.198477495399561651e-04,9.999970435353032761e-01,4.947490253195678533e-03,0.000000000000000000e+00,0.000000000000000000e+00,0.000000000000000000e+00,1.000000000000000000e+00
9.997913441811621116e-01,-1.995573752932864112e-02,-4.363099825199397153e-03,2.738281524807213430e+00,1.995698483702518580e-02,9.998008101313613505e-01,2.425219369933700640e-04,8.607417983984021886e-03,4.357391035798614462e-03,-3.295456504342451367e-04,9.999904522259327466e-01,1.026863542830817010e-02,0.000000000000000000e+00,0.000000000000000000e+00,0.000000000000000000e+00,1.000000000000000000e+00
9.996855627326947102e-01,-2.429554042940377384e-02,-6.205028529960996547e-03,3.444250045612685884e+00,2.429521774833665049e-02,9.997048195179296659e-01,-1.273859748656652855e-04,1.027361995585356590e-02,6.206291837750746443e-03,-2.340659930249970865e-05,9.999807405114139458e-01,2.509509635356167029e-02,0.000000000000000000e+00,0.000000000000000000e+00,0.000000000000000000e+00,1.000000000000000000e+00
9.995198633146136213e-01,-2.999648119792778719e-02,-7.762342125776218633e-03,4.165172466387438988e+00,2.999784994111081779e-02,9.995499614359043550e-01,5.993658386737820928e-05,4.501840226377943482e-02,7.757050885860868744e-03,-2.927613803954249552e-04,9.999698707722787239e-01,4.344696454333907276e-02,0.000000000000000000e+00,0.000000000000000000e+00,0.000000000000000000e+00,1.000000000000000000e+00
9.993680922859168314e-01,-3.449567096780115777e-02,-8.571161256654059868e-03,4.933997958152477104e+00,3.452511364766228108e-02,9.993983453841976949e-01,3.311158550247910847e-03,7.328366188351453925e-02,8.451783742049634451e-03,-3.604986520096028005e-03,9.999577848208228703e-01,5.546142831630526682e-02,0.000000000000000000e+00,0.000000000000000000e+00,0.000000000000000000e+00,1.000000000000000000e+00
9.992711034505217249e-01,-3.752052546578365372e-02,-7.033631888880018460e-03,5.704675764585120490e+00,3.754880776392528069e-02,9.992870551888005659e-01,3.932984567120719789e-03,1.090023410165698037e-01,6.881049649913764492e-03,-4.194222319918492793e-03,9.999675293002499021e-01,6.071733263580952888e-02,0.000000000000000000e+00,0.000000000000000000e+00,0.000000000000000000e+00,1.000000000000000000e+00
9.990776907323384304e-01,-4.262020759912733131e-02,-5.223579725228983534e-03,6.498389120968116828e+00,4.264130042224383021e-02,9.990824572508602008e-01,3.995386324918244296e-03,1.632992620389514538e-01,5.048502672920814408e-03,-4.214441575426052487e-03,9.999783753176708645e-01,7.186593734231982999e-02,0.000000000000000000e+00,0.000000000000000000e+00,0.000000000000000000e+00,1.000000000000000000e+00
9.988439038069231168e-01,-4.794922828425503269e-02,-3.424519629342257128e-03,7.323919417752826178e+00,4.795848120280533228e-02,9.988457536020297622e-01,2.672936945685317270e-03,1.979391824808350575e-01,3.292401626097227803e-03,-2.834081533730659942e-03,9.999905639921771172e-01,9.220204169807072470e-02,0.000000000000000000e+00,0.000000000000000000e+00,0.000000000000000000e+00,1.000000000000000000e+00
9.987650161440059238e-01,-4.959806762361437804e-02,-2.911050475167871292e-03,8.140522503776676189e+00,4.960722713108031007e-02,9.987637938536418902e-01,3.163400614560712889e-03,2.446001325550142269e-01,2.750553259076547307e-03,-3.303903007983523526e-03,9.999907592981464033e-01,1.071835674582186509e-01,0.000000000000000000e+00,0.000000000000000000e+00,0.000000000000000000e+00,1.000000000000000000e+00
9.986091875267922857e-01,-5.259359591736079836e-02,-3.688394713622784784e-03,8.987906288558910717e+00,5.260571672910960977e-02,9.986100069653500722e-01,3.269947413084039241e-03,2.950821670593176682e-01,3.511289577747048023e-03,-3.459430176925350989e-03,9.999878515203837193e-01,1.161095513772711779e-01,0.000000000000000000e+00,0.000000000000000000e+00,0.000000000000000000e+00,1.000000000000000000e+00
9.986199482477298162e-01,-5.240570162948655908e-02,-3.441133305249968397e-03,9.668658565953128559e+00,5.242334690939146058e-02,9.986111240239698983e-01,5.255061788899714759e-03,3.770828147946285736e-01,3.160958797718394983e-03,-5.428205256692401025e-03,9.999802712689741524e-01,1.339416666582531057e-01,0.000000000000000000e+00,0.000000000000000000e+00,0.000000000000000000e+00,1.000000000000000000e+00
9.983578078880527285e-01,-5.715314851242499911e-02,-3.899364573912237394e-03,1.042330154579036794e+01,5.717436745843768042e-02,9.983486903608859153e-01,5.566341746123758955e-03,4.406839527667228418e-01,3.574791559117793203e-03,-5.780144446619354427e-03,9.999769051310561929e-01,1.407666847810895572e-01,0.000000000000000000e+00,0.000000000000000000e+00,0.000000000000000000e+00,1.000000000000000000e+00
9.982177869781629909e-01,-5.950980867651390477e-02,-4.453361843192481413e-03,1.125050552075428634e+01,5.952781016212990717e-02,9.982185325547217047e-01,4.025056720433701357e-03,4.915422008282632760e-01,4.205897968701664130e-03,-4.282982090317958256e-03,9.999819830810409149e-01,1.620892167185425947e-01,0.000000000000000000e+00,0.000000000000000000e+00,0.000000000000000000e+00,1.000000000000000000e+00
9.980157886561300540e-01,-6.271392544398472768e-02,-5.607954038065037297e-03,1.214234426180075310e+01,6.274078915408233537e-02,9.980185529967221525e-01,4.749868488332914009e-03,5.559644266721397443e-01,5.298959276095745879e-03,-5.092291207284710755e-03,9.999729944357753642e-01,1.752878512018742341e-01,0.000000000000000000e+00,0.000000000000000000e+00,0.000000000000000000e+00,1.000000000000000000e+00
9.978774582546113825e-01,-6.471896789018483087e-02,-7.213425160681750763e-03,1.304139466092921396e+01,6.476968966149997120e-02,9.978754430301471912e-01,7.034735143848648564e-03,6.335896238565833505e-01,6.742819030089411587e-03,-7.487014933892084494e-03,9.999492382110742872e-01,1.885884827409834985e-01,0.000000000000000000e+00,0.000000000000000000e+00,0.000000000000000000e+00,1.000000000000000000e+00
9.980236766175009100e-01,-6.194299035104675749e-02,-1.057387617003790331e-02,1.391674238013286669e+01,6.204971296535333192e-02,9.980221359780875323e-01,1.008212371757396392e-02,6.960894577681220330e-01,9.928445588633268148e-03,-1.071830416200789636e-02,9.998932662659975046e-01,1.946326870424473221e-01,0.000000000000000000e+00,0.000000000000000000e+00,0.000000000000000000e+00,1.000000000000000000e+00
9.970385349233186201e-01,-7.651914027803838336e-02,-7.679912048688725471e-03,1.488516012915600051e+01,7.659147592804919913e-02,9.970162134586939562e-01,9.613319700029871254e-03,7.833600137441595335e-01,6.921393871815206475e-03,-1.017306598827411555e-02,9.999242986522881571e-01,2.068506663080062480e-01,0.000000000000000000e+00,0.000000000000000000e+00,0.000000000000000000e+00,1.000000000000000000e+00
9.966738059362870716e-01,-8.118766324650118771e-02,-7.063136488338102835e-03,1.584680421593522759e+01,8.124136451399695258e-02,9.966648634719736943e-01,7.680534636310769846e-03,8.792264745119122704e-01,6.416015304227515315e-03,-8.228806533658695327e-03,9.999455592634270973e-01,2.182237670339344238e-01,0.000000000000000000e+00,0.000000000000000000e+00,0.000000000000000000e+00,1.000000000000000000e+00
9.965364199116139021e-01,-8.291349737378422846e-02,-6.365197796999532732e-03,1.675520127110488744e+01,8.296131389632295516e-02,9.965233570546686570e-01,7.656320336383145610e-03,9.718871769392184445e-01,5.708255980879392219e-03,-8.157867230164986966e-03,9.999504312794270655e-01,2.370860361950779815e-01,0.000000000000000000e+00,0.000000000000000000e+00,0.000000000000000000e+00,1.000000000000000000e+00
9.963193269558878740e-01,-8.555070335040725060e-02,-5.373629166774968394e-03,1.764715985961872846e+01,8.559345897860576313e-02,9.962955211781560072e-01,8.306278374226023706e-03,1.060385858367639766e+00,4.643114714190886387e-03,-8.735653186969860942e-03,9.999510637271946667e-01,2.599546470268337961e-01,0.000000000000000000e+00,0.000000000000000000e+00,0.000000000000000000e+00,1.000000000000000000e+00
9.962656654580988036e-01,-8.616081251949495035e-02,-5.571195142730107387e-03,1.855634221859440913e+01,8.620177824565729285e-02,9.962488153027558857e-01,7.586266219125211395e-03,1.144519784771970805e+00,4.896657699336302849e-03,-8.038183491396148558e-03,9.999557041937078283e-01,2.636631446202118423e-01,0.000000000000000000e+00,0.000000000000000000e+00,0.000000000000000000e+00,1.000000000000000000e+00
9.960704798653732261e-01,-8.837327764887410730e-02,-5.810588469857879378e-03,1.949419582713966648e+01,8.839992038482663572e-02,9.960748989315439950e-01,4.499977163939947178e-03,1.229493328844601496e+00,5.390103591524013187e-03,-4.995949971193502752e-03,9.999729932688971035e-01,2.814746638031260240e-01,0.000000000000000000e+00,0.000000000000000000e+00,0.000000000000000000e+00,1.000000000000000000e+00
9.959289933818487039e-01,-9.004885142156393574e-02,-4.079767037622332101e-03,2.042573962608124560e+01,9.005920118567503629e-02,9.959334539816858678e-01,2.428069585710618174e-03,1.312706969330084350e+00,3.844531599854962567e-03,-2.785605458789994302e-03,9.999887299259953011e-01,2.997320886450987598e-01,0.000000000000000000e+00,0.000000000000000000e+00,0.000000000000000000e+00,1.000000000000000000e+00
9.960368633078029443e-01,-8.894083874359223763e-02,3.068151670416897751e-04,2.134858710784139646e+01,8.893964145665934906e-02,9.960330963247568947e-01,2.794852998610246591e-03,1.408342105742894645e+00,-5.541746306893482370e-04,-2.756488583192215520e-03,9.999960473227725855e-01,3.075523861959988947e-01,0.000000000000000000e+00,0.000000000000000000e+00,0.000000000000000000e+00,1.000000000000000000e+00
9.959211551487950898e-01,-9.018065093469124216e-02,2.915977381874584624e-03,2.229744814913352968e+01,9.017872156788922511e-02,9.959252879476312437e-01,7.867673178496880412e-04,1.501575904193942490e+00,-2.975046802550015881e-03,-5.205991036082159270e-04,9.999954390261464043e-01,3.172805945413252893e-01,0.000000000000000000e+00,0.000000000000000000e+00,0.000000000000000000e+00,1.000000000000000000e+00
9.959830362901325174e-01,-8.929639546348591694e-02,6.629116043894211184e-03,2.327500260734433368e+01,8.929401889046319207e-02,9.960050954689686487e-01,6.542096327183756282e-04,1.594912334111536767e+00,-6.661051920252912366e-03,-5.964128311491470467e-05,9.999778131689882610e-01,3.285817498928539360e-01,0.000000000000000000e+00,0.000000000000000000e+00,0.000000000000000000e+00,1.000000000000000000e+00
9.961621040215351552e-01,-8.716416854357483812e-02,7.966820790060429730e-03,2.420780509189308916e+01,8.717697532794660420e-02,9.961920256443403954e-01,-1.273976176882101428e-03,1.690107182067476899e+00,-7.825438266593431891e-03,1.963610128293146254e-03,9.999674528459410183e-01,3.394427868913553747e-01,0.000000000000000000e+00,0.000000000000000000e+00,0.000000000000000000e+00,1.000000000000000000e+00
9.962128907197060901e-01,-8.675905295646592352e-02,5.722158158394096208e-03,2.516505632260849268e+01,8.677647724325075751e-02,9.962236725833527595e-01,-2.870049092096769831e-03,1.768435035005147871e+00,-5.451546674489228181e-03,3.355728629758990712e-03,9.999795096521821858e-01,3.448864995088501972e-01,0.000000000000000000e+00,0.000000000000000000e+00,0.000000000000000000e+00,1.000000000000000000e+00
9.965054552260843579e-01,-8.352430834256206749e-02,7.534059703996262829e-04,2.610855876343896043e+01,8.352671058884432453e-02,9.964970800059745892e-01,-4.105868699265923308e-03,1.868489137344087725e+00,-4.078270063107059559e-04,4.154450079705630620e-03,9.999912870728764336e-01,3.474556065660466264e-01,0.000000000000000000e+00,0.000000000000000000e+00,0.000000000000000000e+00,1.000000000000000000e+00
9.965367906973134904e-01,-8.314554565069028069e-02,-1.114910378825041638e-03,2.706235086213184360e+01,8.313877452297914472e-02,9.965246776906296899e-01,-5.148876033228832159e-03,1.953243037879312416e+00,1.539141813183156609e-03,5.038352115253342742e-03,9.999861229289340736e-01,3.564160391095534952e-01,0.000000000000000000e+00,0.000000000000000000e+00,0.000000000000000000e+00,1.000000000000000000e+00
9.966248324848822060e-01,-8.206551815712004316e-02,2.047926778178652419e-03,2.804123601713883929e+01,8.207865707901580710e-02,9.965978062576956731e-01,-7.477072585831787133e-03,2.033865159940249079e+00,-1.427349498454521647e-03,7.619927293080550577e-03,9.999699492392042366e-01,3.640905658309300241e-01,0.000000000000000000e+00,0.000000000000000000e+00,0.000000000000000000e+00,1.000000000000000000e+00
9.966256976444739513e-01,-8.169648157111157605e-02,7.931184878184624823e-03,2.904258266007241218e+01,8.176636114507276898e-02,9.966115466726668259e-01,-8.926770065840671994e-03,2.109671041763702348e+00,-7.175024722220899737e-03,9.545152571637719255e-03,9.999287019996069281e-01,3.820587303902447385e-01,0.000000000000000000e+00,0.000000000000000000e+00,0.000000000000000000e+00,1.000000000000000000e+00
9.967619127567208803e-01,-7.975762473259492835e-02,1.021814927386646699e-02,2.998446111037804584e+01,7.987032814635118549e-02,9.967429926161729403e-01,-1.114169432133569303e-02,2.179187086966554610e+00,-9.296233611666010477e-03,1.192174347863681622e-02,9.998857195065173897e-01,3.871639858387048716e-01,0.000000000000000000e+00,0.000000000000000000e+00,0.000000000000000000e+00,1.000000000000000000e+00
9.966528487025242411e-01,-8.122341454751151602e-02,9.265856808234076286e-03,3.088842503853819110e+01,8.138734557778241896e-02,9.965023432689702476e-01,-1.895204050369179299e-02,2.242735780690225056e+00,-7.694098579447361530e-03,1.964272864685554301e-02,9.997774572665435455e-01,3.991939494737629102e-01,0.000000000000000000e+00,0.000000000000000000e+00,0.000000000000000000e+00,1.000000000000000000e+00
9.966594170657552265e-01,-8.134574429077105762e-02,7.271606420456449942e-03,3.182336876549878824e+01,8.149299408881480189e-02,9.964088290100023837e-01,-2.298559082024766512e-02,2.319152960492956161e+00,-5.375712845192419896e-03,2.350139052685804725e-02,9.997093509389167743e-01,4.076766436618789458e-01,0.000000000000000000e+00,0.000000000000000000e+00,0.000000000000000000e+00,1.000000000000000000e+00
9.968373287829076501e-01,-7.938700331536141519e-02,3.611599308954048602e-03,3.279194840054395144e+01,7.945240815458286254e-02,9.965298294848905503e-01,-2.481156555423860710e-02,2.386474888798607807e+00,-1.629350606606037866e-03,2.502004499239450855e-02,9.996856218657842463e-01,4.074541483522031715e-01,0.000000000000000000e+00,0.000000000000000000e+00,0.000000000000000000e+00,1.000000000000000000e+00
9.966975962774190512e-01,-8.109314819592446100e-02,4.219347164421479932e-03,3.373781145136393178e+01,8.117443508381262662e-02,9.963772824380044968e-01,-2.535788102896669588e-02,2.463842985477755487e+00,-2.147711257132118613e-03,2.561664219075375504e-02,9.996695328853565377e-01,4.099427167216351808e-01,0.000000000000000000e+00,0.000000000000000000e+00,0.000000000000000000e+00,1.000000000000000000e+00
9.966816882281015477e-01,-8.122386116924454336e-02,5.319466847967632868e-03,3.469968971369959831e+01,8.133503738796314664e-02,9.963506083744475550e-01,-2.588584333116137129e-02,2.552807098806300079e+00,-3.197505885221149213e-03,2.623260506747300894e-02,9.996507522067334950e-01,4.263797679358530823e-01,0.000000000000000000e+00,0.000000000000000000e+00,0.000000000000000000e+00,1.000000000000000000e+00
9.966207394458123092e-01,-8.193847117804109459e-02,5.760958904048771659e-03,3.567161964631625892e+01,8.205630384550562095e-02,9.963238762627187883e-01,-2.460684026938707650e-02,2.633464142702310440e+00,-3.723534034076222011e-03,2.499641033897312403e-02,9.996806063760881322e-01,4.291823304213942536e-01,0.000000000000000000e+00,0.000000000000000000e+00,0.000000000000000000e+00,1.000000000000000000e+00
9.966956748613973183e-01,-8.109470125176478084e-02,4.623974640559790419e-03,3.663467775184139441e+01,8.118110102131759209e-02,9.964255695118703349e-01,-2.336050641379651405e-02,2.709494481520409614e+00,-2.713033275911440074e-03,2.365869505761774086e-02,9.997164125883974961e-01,4.465537583352259809e-01,0.000000000000000000e+00,0.000000000000000000e+00,0.000000000000000000e+00,1.000000000000000000e+00
9.965131673071667695e-01,-8.316137991015898345e-02,6.759606118835213839e-03,3.762588001223901557e+01,8.329573208124725625e-02,9.962617200875087953e-01,-2.289991496325530576e-02,2.804672609293545005e+00,-4.829948290895178312e-03,2.338311313134711425e-02,9.997149101717922592e-01,4.586813734241763085e-01,0.000000000000000000e+00,0.000000000000000000e+00,0.000000000000000000e+00,1.000000000000000000e+00
9.966685048040496708e-01,-8.096304235124691939e-02,9.842626930606560715e-03,3.861161647634159522e+01,8.116838728417995197e-02,9.964430598266752481e-01,-2.264776874073420182e-02,2.890170006728083774e+00,-7.973985035748700281e-03,2.337122796257213794e-02,9.996950541370961396e-01,4.818143541755350867e-01,0.000000000000000000e+00,0.000000000000000000e+00,0.000000000000000000e+00,1.000000000000000000e+00
9.967107014108006480e-01,-8.023629063171855424e-02,1.139804188699232619e-02,3.960412706320282439e+01,8.042912715224362352e-02,9.966047875703606396e-01,-1.760831898169493842e-02,2.976826728518815024e+00,-9.946516914152743818e-03,1.846713452312523721e-02,9.997799916700582656e-01,4.874897517276271519e-01,0.000000000000000000e+00,0.000000000000000000e+00,0.000000000000000000e+00,1.000000000000000000e+00
9.965826184617637695e-01,-8.202398461461858636e-02,9.754513203667021862e-03,4.060000903015964724e+01,8.219930856483180504e-02,9.964312333857807680e-01,-1.918517148090830016e-02,3.057401003690073171e+00,-8.146057412228938435e-03,1.992142267080871179e-02,9.997683625057391943e-01,5.023022226415261304e-01,0.000000000000000000e+00,0.000000000000000000e+00,0.000000000000000000e+00,1.000000000000000000e+00
9.965698006260321762e-01,-8.232656867599567885e-02,8.424284553117130855e-03,4.160633037047236371e+01,8.244675219516309217e-02,9.964813455476686510e-01,-1.508181116354143786e-02,3.134793515165637423e+00,-7.153008644252873034e-03,1.572463244530159648e-02,9.998507740667077481e-01,5.281829478930045729e-01,0.000000000000000000e+00,0.000000000000000000e+00,0.000000000000000000e+00,1.000000000000000000e+00
9.964929054263270691e-01,-8.342092197242712004e-02,6.545167092744339291e-03,4.263106004279620009e+01,8.350474548616769466e-02,9.964118973987996508e-01,-1.379449902709341778e-02,3.193175573055722527e+00,-5.370932534685664804e-03,1.429267292665219007e-02,9.998834294978184989e-01,5.336865979944868110e-01,0.000000000000000000e+00,0.000000000000000000e+00,0.000000000000000000e+00,1.000000000000000000e+00
9.965658919783814129e-01,-8.238095127656264172e-02,8.354747878054142457e-03,4.365062345363975993e+01,8.249703537835545442e-02,9.964834909117755712e-01,-1.465917780974824482e-02,3.280127174473979057e+00,-7.117731318311781852e-03,1.529807854091360525e-02,9.998576432141906833e-01,5.469770619283422786e-01,0.000000000000000000e+00,0.000000000000000000e+00,0.000000000000000000e+00,1.000000000000000000e+00
9.966554953336024258e-01,-8.121894942610780044e-02,9.016977068588174007e-03,4.464135779964198036e+01,8.136768539751447482e-02,9.965291308638024592e-01,-1.757814304413346865e-02,3.368023105658322969e+00,-7.558002010272620724e-03,1.825304341604834166e-02,9.998048324606478854e-01,5.652473313915367115e-01,0.000000000000000000e+00,0.000000000000000000e+00,0.000000000000000000e+00,1.000000000000000000e+00
9.965025224056358599e-01,-8.293926254442873791e-02,1.018830544277976244e-02,4.562244596962764120e+01,8.309902062125863742e-02,9.964061740697061076e-01,-1.641002887115959943e-02,3.461723004202577503e+00,-8.790654753586963840e-03,1.719927336694417400e-02,9.998134372895033373e-01,5.765786333540158237e-01,0.000000000000000000e+00,0.000000000000000000e+00,0.000000000000000000e+00,1.000000000000000000e+00
9.958582429425203442e-01,-9.049612447621531441e-02,8.764212356225530368e-03,4.653475112892286347e+01,9.062444848495398997e-02,9.957635985994078842e-01,-1.555843954731295567e-02,3.533510470976108930e+00,-7.319105152795217679e-03,1.628825218170157699e-02,9.998405490580118959e-01,5.878831316668063911e-01,0.000000000000000000e+00,0.000000000000000000e+00,0.000000000000000000e+00,1.000000000000000000e+00
9.960809406256229126e-01,-8.835915938779721757e-02,3.926662025146744096e-03,4.748231260395766640e+01,8.840967421537380966e-02,9.959646736303627845e-01,-1.543043698303916966e-02,3.629689289057643542e+00,-2.547396221524281506e-03,1.571711909472631868e-02,9.998732334350448614e-01,5.870985026862145517e-01,0.000000000000000000e+00,0.000000000000000000e+00,0.000000000000000000e+00,1.000000000000000000e+00
9.962402950292584825e-01,-8.659891870917571510e-02,2.429369963929189739e-03,4.843211904433018589e+01,8.662862631649366485e-02,9.960797610564284810e-01,-1.790504722916037503e-02,3.720912860002462352e+00,-8.692885237062178937e-04,1.804818251688041636e-02,9.998367403958003941e-01,5.914417969907131978e-01,0.000000000000000000e+00,0.000000000000000000e+00,0.000000000000000000e+00,1.000000000000000000e+00
9.963977053753726443e-01,-8.469994315415975417e-02,4.187165195956978579e-03,4.940499813515265259e+01,8.476176225690602861e-02,9.962406808136321512e-01,-1.788713367442338817e-02,3.827160162039844771e+00,-2.656385100084786635e-03,1.817761044980726465e-02,9.998312448091096760e-01,6.035245999730536326e-01,0.000000000000000000e+00,0.000000000000000000e+00,0.000000000000000000e+00,1.000000000000000000e+00
9.964868271106411823e-01,-8.356500070849587347e-02,5.558241768751409975e-03,5.042214005885069383e+01,8.364855676115939831e-02,9.963495492847492807e-01,-1.704390189612465384e-02,3.924796015929922444e+00,-4.113678007085920345e-03,1.744896262413914850e-02,9.998392927648892536e-01,6.277571091419709148e-01,0.000000000000000000e+00,0.000000000000000000e+00,0.000000000000000000e+00,1.000000000000000000e+00
9.965937539115804489e-01,-8.229425689986911985e-02,5.342747020629974412e-03,5.136690006192139890e+01,8.237936359474791470e-02,9.964317035735092976e-01,-1.837118851112960402e-02,4.010925841084023169e+00,-3.811839208637763342e-03,1.874874382153040794e-02,9.998169604917495068e-01,6.356722470625426613e-01,0.000000000000000000e+00,0.000000000000000000e+00,0.000000000000000000e+00,1.000000000000000000e+00
9.967065973197271056e-01,-8.097310901994578258e-02,4.394823657322946032e-03,5.232299974788654140e+01,8.104517376913328297e-02,9.965106866482215109e-01,-1.995322541880647019e-02,4.098375362686713430e+00,-2.763814043320139864e-03,2.024369065972370443e-02,9.997912553730432528e-01,6.521180018297163539e-01,0.000000000000000000e+00,0.000000000000000000e+00,0.000000000000000000e+00,1.000000000000000000e+00
9.966690834266090926e-01,-8.145987182717100150e-02,3.876522083904705099e-03,5.330672669081766912e+01,8.152565411097993653e-02,9.964296220197333964e-01,-2.194484183994628579e-02,4.186730520984957238e+00,-2.075057431266721930e-03,2.218778140112639616e-02,9.997516674120382474e-01,6.749249066361124871e-01,0.000000000000000000e+00,0.000000000000000000e+00,0.000000000000000000e+00,1.000000000000000000e+00
9.966537079951665046e-01,-8.160826752457021882e-02,4.634329630693775383e-03,5.426409821107733222e+01,8.169597871630819574e-02,9.963728932482176504e-01,-2.380807975776572452e-02,4.266046810662913913e+00,-2.674584280282225630e-03,2.410701706569466293e-02,9.997058058884723541e-01,6.755934743557843181e-01,0.000000000000000000e+00,0.000000000000000000e+00,0.000000000000000000e+00,1.000000000000000000e+00
9.965710486554948400e-01,-8.225543354596889789e-02,8.954810654343520887e-03,5.521365868551631451e+01,8.246554145516335477e-02,9.962447047395621702e-01,-2.638034781577201782e-02,4.338783333848007295e+00,-6.751255749655346756e-03,2.702835419589878427e-02,9.996118689847884875e-01,6.932632223258717863e-01,0.000000000000000000e+00,0.000000000000000000e+00,0.000000000000000000e+00,1.000000000000000000e+00
9.963520977201995033e-01,-8.430254468227434128e-02,1.325059729423472277e-02,5.616318394518986423e+01,8.461849000589194425e-02,9.960888155993447013e-01,-2.543192063156663948e-02,4.426414912073603602e+00,-1.105479613939942297e-02,2.646039300502861860e-02,9.995887349727057281e-01,7.199440289891264610e-01,0.000000000000000000e+00,0.000000000000000000e+00,0.000000000000000000e+00,1.000000000000000000e+00
9.961939736406344448e-01,-8.603402870584399287e-02,1.398973862255948643e-02,5.712015910513853356e+01,8.633230676422237737e-02,9.960160164114965076e-01,-2.233445456093841389e-02,4.500949667458088221e+00,-1.201248062865459265e-02,2.345721544447079351e-02,9.996526693570806366e-01,7.181101570406337453e-01,0.000000000000000000e+00,0.000000000000000000e+00,0.000000000000000000e+00,1.000000000000000000e+00
9.961839672934195145e-01,-8.681904016562307091e-02,8.941899812975205933e-03,5.801544312823781979e+01,8.700299224709924506e-02,9.959473080827506708e-01,-2.279120143314980820e-02,4.583098464098153357e+00,-6.926950815230848400e-03,2.348220150316052482e-02,9.997002568595085847e-01,7.308555550091303532e-01,0.000000000000000000e+00,0.000000000000000000e+00,0.000000000000000000e+00,1.000000000000000000e+00
9.959965135066769504e-01,-8.930701528127274469e-02,3.898987573235257031e-03,5.894485272885416549e+01,8.937031746137591437e-02,9.957688659907349971e-01,-2.138485165648879374e-02,4.660044481770205138e+00,-1.972673160638622070e-03,2.164769144891756994e-02,9.997637150924876259e-01,7.462226376610202605e-01,0.000000000000000000e+00,0.000000000000000000e+00,0.000000000000000000e+00,1.000000000000000000e+00
9.959944847907716836e-01,-8.941467267210001513e-02,5.076720171321731358e-05,5.989342499594086178e+01,8.939597617492293924e-02,9.957742878274093989e-01,-2.102206330357640762e-02,4.760868457032879419e+00,1.829128235050515904e-03,2.094239749283868801e-02,9.997790107204445054e-01,7.603458115214151158e-01,0.000000000000000000e+00,0.000000000000000000e+00,0.000000000000000000e+00,1.000000000000000000e+00
9.959642303769979943e-01,-8.975091398959415823e-02,-1.588948987777108934e-04,6.079863716946096019e+01,8.973488959897574224e-02,9.958168865467547093e-01,-1.721563408587867966e-02,4.852106501861958243e+00,1.703349117507039741e-03,1.713189733659378766e-02,9.998517873642229770e-01,7.705241359660831568e-01,0.000000000000000000e+00,0.000000000000000000e+00,0.000000000000000000e+00,1.000000000000000000e+00
9.958063680538764562e-01,-9.148592601566751803e-02,5.181125401514380114e-05,6.173883615671037006e+01,9.147514514294971533e-02,9.956800010655619815e-01,-1.592586886645491404e-02,4.944374871822441619e+00,1.405405431398742012e-03,1.586382107598709873e-02,9.998731739657993334e-01,7.898289007854970567e-01,0.000000000000000000e+00,0.000000000000000000e+00,0.000000000000000000e+00,1.000000000000000000e+00
9.956684044004617817e-01,-9.295873682623063960e-02,1.761171857816551910e-03,6.262255604482312066e+01,9.297388373277834517e-02,9.955821699136259140e-01,-1.311487299645256073e-02,5.030824761056190475e+00,-5.342492724091179278e-04,1.322180765783394392e-02,9.999124453570787940e-01,8.127704602957066538e-01,0.000000000000000000e+00,0.000000000000000000e+00,0.000000000000000000e+00,1.000000000000000000e+00
9.955449403915265227e-01,-9.427674902614516239e-02,1.471819926254265640e-03,6.344791278155913261e+01,9.428741162833742528e-02,9.954802471730562763e-01,-1.135612155153704374e-02,5.120605772004605427e+00,-3.945494425571498959e-04,1.144430344433265689e-02,9.999344339752533894e-01,8.298919660237756846e-01,0.000000000000000000e+00,0.000000000000000000e+00,0.000000000000000000e+00,1.000000000000000000e+00
9.953257587716255461e-01,-9.653566758523081381e-02,2.738395436036802823e-03,6.426584790710046491e+01,9.655853293619154343e-02,9.952766469248057746e-01,-1.004220111929786038e-02,5.205287817245633164e+00,-1.756030438456315096e-03,1.025967689470451590e-02,9.999458262261584629e-01,8.432904270842473959e-01,0.000000000000000000e+00,0.000000000000000000e+00,0.000000000000000000e+00,1.000000000000000000e+00
9.953659291836064460e-01,-9.609352838966642163e-02,3.563821275293247402e-03,6.505506612514776066e+01,9.612698009669697063e-02,9.953099023778205767e-01,-1.085365957350559359e-02,5.289002967000453026e+00,-2.504140161245668912e-03,1.114594232322249634e-02,9.999347464968798560e-01,8.592073560281194844e-01,0.000000000000000000e+00,0.000000000000000000e+00,0.000000000000000000e+00,1.000000000000000000e+00
9.952872312741325445e-01,-9.691196588513412147e-02,3.376111809807647371e-03,6.585054027707627711e+01,9.694526426485791659e-02,9.952206006230640556e-01,-1.172910192982560065e-02,5.367728851756581321e+00,-2.223285697040848410e-03,1.200112343665696128e-02,9.999255122442705090e-01,8.730931129501794397e-01,0.000000000000000000e+00,0.000000000000000000e+00,0.000000000000000000e+00,1.000000000000000000e+00
9.953039998341935979e-01,-9.670853212369281970e-02,4.172257007811969350e-03,6.659463761789362479e+01,9.675330020619903049e-02,9.952317046221512697e-01,-1.235528284146572738e-02,5.443384154343848813e+00,-2.957501186435198843e-03,1.270094206600709368e-02,9.999149660132943263e-01,8.912172562736470072e-01,0.000000000000000000e+00,0.000000000000000000e+00,0.000000000000000000e+00,1.000000000000000000e+00
9.953256047092684522e-01,-9.641896017884520054e-02,5.506789278864314234e-03,6.739472616816878769e+01,9.647565935004072391e-02,9.952725950828821277e-01,-1.117625294795725720e-02,5.533213203598972285e+00,-4.403153768212065937e-03,1.165528185038855642e-02,9.999223803085320883e-01,8.945665663841251281e-01,0.000000000000000000e+00,0.000000000000000000e+00,0.000000000000000000e+00,1.000000000000000000e+00
9.950827811053072347e-01,-9.861471271107767611e-02,9.241059714228510788e-03,6.814084551940969448e+01,9.871122684922388479e-02,9.950591887520837675e-01,-1.064446212654029250e-02,5.608884568466036669e+00,-8.145700807877043551e-03,1.150431731802531964e-02,9.999006441849079829e-01,9.040792393893393175e-01,0.000000000000000000e+00,0.000000000000000000e+00,0.000000000000000000e+00,1.000000000000000000e+00
9.949183093096197750e-01,-9.993358545070353538e-02,1.228154304056229378e-02,6.886953353979498615e+01,1.000606193425038620e-01,9.949290204303814500e-01,-1.020376216070984637e-02,5.688138433620929746e+00,-1.119956504891424058e-02,1.138080860065036545e-02,9.998725153429860457e-01,9.186231465685826825e-01,0.000000000000000000e+00,0.000000000000000000e+00,0.000000000000000000e+00,1.000000000000000000e+00
9.948663698779736109e-01,-1.008639228928971676e-01,8.208236380662033843e-03,6.956072011143992029e+01,1.009158575479318087e-01,9.948757754902941564e-01,-6.179080671720228041e-03,5.768333850244642846e+00,-7.542929218197385807e-03,6.975700770367348515e-03,9.999472205159485316e-01,9.332001155355869049e-01,0.000000000000000000e+00,0.000000000000000000e+00,0.000000000000000000e+00,1.000000000000000000e+00
9.948616580823109734e-01,-1.011973628168157391e-01,3.061868161590739629e-03,7.026078190082931485e+01,1.012175574863004579e-01,9.948369567100451283e-01,-7.378049904972196378e-03,5.846044752933964972e+00,-2.299420410610245828e-03,7.650053778535079695e-03,9.999680941624889963e-01,9.361362511497218764e-01,0.000000000000000000e+00,0.000000000000000000e+00,0.000000000000000000e+00,1.000000000000000000e+00
9.949034087122192727e-01,-1.008298089460076541e-01,-7.462980111441292960e-04,7.101300282511702733e+01,1.008195109314074106e-01,9.948664203087330682e-01,-8.731091434425408693e-03,5.924843842367456759e+00,1.622821112053754716e-03,8.611351229394383425e-03,9.999616048037252014e-01,9.642745597053630213e-01,0.000000000000000000e+00,0.000000000000000000e+00,0.000000000000000000e+00,1.000000000000000000e+00
9.947097470693728738e-01,-1.027210020213862596e-01,-9.564668887373576874e-04,7.174322803765555534e+01,1.027107500131630713e-01,9.946817821737586884e-01,-7.658592779812835490e-03,6.006577593842156837e+00,1.738078513895617138e-03,7.519837455409114635e-03,9.999702151202920497e-01,9.747652823065149352e-01,0.000000000000000000e+00,0.000000000000000000e+00,0.000000000000000000e+00,1.000000000000000000e+00
9.945511157469878460e-01,-1.042447573832088054e-01,1.052959894906756785e-03,7.242262783993281516e+01,1.042493697119565577e-01,9.945308113499624625e-01,-6.366646703272227890e-03,6.093690505626714327e+00,-3.835115176733425147e-04,6.441725987681408590e-03,9.999791783258361599e-01,9.857695390667658986e-01,0.000000000000000000e+00,0.000000000000000000e+00,0.000000000000000000e+00,1.000000000000000000e+00
9.944623009769049116e-01,-1.050185416768380231e-01,3.979678352958197773e-03,7.303409541260441529e+01,1.050396445527397027e-01,9.944526744631665416e-01,-5.527325328656382958e-03,6.150579434758413733e+00,-3.377130136213477886e-03,5.914740664211658693e-03,9.999768051484581033e-01,1.001773341178421317e+00,0.000000000000000000e+00,0.000000000000000000e+00,0.000000000000000000e+00,1.000000000000000000e+00
9.943894669618658089e-01,-1.057777580771545184e-01,8.086355609421153881e-04,7.360474961710008301e+01,1.057808073911569585e-01,9.943667941392425602e-01,-6.715616197989113592e-03,6.205418219837064875e+00,-9.371752483106113557e-05,6.763476133959681925e-03,9.999771230421272694e-01,1.012050649397520541e+00,0.000000000000000000e+00,0.000000000000000000e+00,0.000000000000000000e+00,1.000000000000000000e+00
9.945631620613031298e-01,-1.041198012563882280e-01,-1.784280515009108777e-03,7.423845405955458432e+01,1.040928744104844123e-01,9.945018708169285349e-01,-1.143251672165985534e-02,6.262141186113455049e+00,2.964821679158335770e-03,1.118462909345000270e-02,9.999330547113896017e-01,1.031119151987434313e+00,0.000000000000000000e+00,0.000000000000000000e+00,0.000000000000000000e+00,1.000000000000000000e+00
9.946312508316181855e-01,-1.033804443783317567e-01,-4.599846657591162395e-03,7.485504073067090758e+01,1.032963064164126310e-01,9.945250332392115977e-01,-1.580605394371668859e-02,6.315938371742322310e+00,6.208699530605454354e-03,1.524604803493933604e-02,9.998644958540399141e-01,1.052660220265793312e+00,0.000000000000000000e+00,0.000000000000000000e+00,0.000000000000000000e+00,1.000000000000000000e+00
9.951793292392382417e-01,-9.794163262442573403e-02,-5.053637680427820571e-03,7.544029494906064315e+01,9.786077899327422225e-02,9.950969933110962451e-01,-1.432626392486890075e-02,6.369554729144310201e+00,6.431997339287475780e-03,1.376264880309832281e-02,9.998846027958167015e-01,1.065917410189574754e+00,0.000000000000000000e+00,0.000000000000000000e+00,0.000000000000000000e+00,1.000000000000000000e+00
9.955509132383626447e-01,-9.412748284050989622e-02,-4.289070339158293325e-03,7.599927499770774375e+01,9.407694579758407727e-02,9.955067650806699309e-01,-1.076145659364646789e-02,6.446946584281454840e+00,5.282747359396294806e-03,1.031007530176011704e-02,9.999328952122771286e-01,1.069363296000477304e+00,0.000000000000000000e+00,0.000000000000000000e+00,0.000000000000000000e+00,1.000000000000000000e+00
9.961751058153042182e-01,-8.736998689244410143e-02,-1.282163907150644759e-03,7.654676809899250145e+01,8.734242809295540699e-02,9.960732423845762851e-01,-1.447052384345777661e-02,6.485139131645377475e+00,2.541418638793752419e-03,1.430318831209514974e-02,9.998944744298815523e-01,1.087042452555413430e+00,0.000000000000000000e+00,0.000000000000000000e+00,0.000000000000000000e+00,1.000000000000000000e+00
9.968246057455151243e-01,-7.960876428262320115e-02,1.774832300722173784e-03,7.710104661903217504e+01,7.962731710334469692e-02,9.966854261208025756e-01,-1.666288478378604582e-02,6.509781627277022586e+00,-4.424378209172734008e-04,1.675129868959472981e-02,9.998595892629049686e-01,1.101720284006844075e+00,0.000000000000000000e+00,0.000000000000000000e+00,0.000000000000000000e+00,1.000000000000000000e+00
9.974488356616584284e-01,-7.132049184971871181e-02,3.034415844998124799e-03,7.763030948309932455e+01,7.136606327802859362e-02,9.972621325290537131e-01,-1.936811905689433608e-02,6.541372059789483551e+00,-1.644764239221118340e-03,1.953526211546103772e-02,9.998078156749306000e-01,1.115918090448319910e+00,0.000000000000000000e+00,0.000000000000000000e+00,0.000000000000000000e+00,1.000000000000000000e+00
9.982513694251227143e-01,-5.899447682535523957e-02,3.722249988112951227e-03,7.810822789906634966e+01,5.904738490601225964e-02,9.981234553717476254e-01,-1.621647842553651866e-02,6.572870163836428858e+00,-2.758582359228499252e-03,1.640791092330875015e-02,9.998615757606141852e-01,1.127454144269069314e+00,0.000000000000000000e+00,0.000000000000000000e+00,0.000000000000000000e+00,1.000000000000000000e+00
9.989985150541902392e-01,-4.463573693606454063e-02,3.101275173671163947e-03,7.859263829655549216e+01,4.467074477838856722e-02,9.989257408039705632e-01,-1.232432230122520837e-02,6.603167381077227560e+00,-2.547838392143602932e-03,1.245051594974329323e-02,9.999192433252351853e-01,1.132837335247450117e+00,0.000000000000000000e+00,0.000000000000000000e+00,0.000000000000000000e+00,1.000000000000000000e+00
9.996307096845572504e-01,-2.708472001187225281e-02,2.205039100143679157e-03,7.905704955280089052e+01,2.709998319159079294e-02,9.996066944768409179e-01,-7.214379259636266410e-03,6.614742829144669933e+00,-2.008772403780031794e-03,7.271471581793895883e-03,9.999715448623840430e-01,1.132509450936457940e+00,0.000000000000000000e+00,0.000000000000000000e+00,0.000000000000000000e+00,1.000000000000000000e+00
9.999815452912755864e-01,-4.860876120230973700e-03,3.644305176960110654e-03,7.953901102273761126e+01,4.886488089719190873e-03,9.999631930271885016e-01,-7.052292182106401075e-03,6.632914936328726085e+00,-3.609890722457558335e-03,7.069969887950265999e-03,9.999684916109873312e-01,1.147179574895660359e+00,0.000000000000000000e+00,0.000000000000000000e+00,0.000000000000000000e+00,1.000000000000000000e+00
9.997870832094910565e-01,2.009493271650146518e-02,4.688488731248569713e-03,8.001780185604781082e+01,-2.005042583902590797e-02,9.997552100205501224e-01,-9.354168078545306922e-03,6.618402219928778862e+00,-4.875312414345494248e-03,9.258170223496516027e-03,9.999452573081052398e-01,1.161366878847074124e+00,0.000000000000000000e+00,0.000000000000000000e+00,0.000000000000000000e+00,1.000000000000000000e+00
9.987938591083420636e-01,4.871603067048816543e-02,6.129874646590956558e-03,8.049067418915403493e+01,-4.864705493465855402e-02,9.987561280282531984e-01,-1.093895663204235390e-02,6.610508578915475830e+00,-6.655152414117323015e-03,1.062756236046069093e-02,9.999213788416650983e-01,1.167953225050270438e+00,0.000000000000000000e+00,0.000000000000000000e+00,0.000000000000000000e+00,1.000000000000000000e+00
9.967176288898440539e-01,8.043239617181090206e-02,9.197712013004717344e-03,8.099142850362332524e+01,-8.032811630136711678e-02,9.967056038958904685e-01,-1.119521746126622003e-02,6.567222064171287954e+00,-1.006786927245633019e-02,1.041963572261199109e-02,9.998950290904131677e-01,1.173632400252540231e+00,0.000000000000000000e+00,0.000000000000000000e+00,0.000000000000000000e+00,1.000000000000000000e+00
