1.000000000000000000e+00,-1.545944990115253802e-09,-5.479661510170954485e-11,2.721242371733792405e-16,1.545944990115126416e-09,1.000000000000000000e+00,-2.326098334105351138e-12,3.156262373523933667e-15,5.479661510530557039e-11,2.326098249392798291e-12,1.000000000000000000e+00,1.071005786865010967e-16,0.000000000000000000e+00,0.000000000000000000e+00,0.000000000000000000e+00,1.000000000000000056e-01
9.999821701447665356e-01,-5.896156611800175244e-03,-9.459015659000877176e-04,6.406451813323355005e-01,5.894628107124985812e-03,9.999813294020670762e-01,-1.610654138304939975e-03,6.988642859387131541e-03,9.553805743991567422e-04,1.605049682617894387e-03,9.999982555302155962e-01,8.287297496810381789e-03,0.000000000000000000e+00,0.000000000000000000e+00,0.000000000000000000e+00,1.000000000000000056e-01
9.999356004454903468e-01,-1.126136729583712866e-02,-1.405904813573102905e-03,1.303402280563676907e+00,1.126202720507547307e-02,9.999364744688085116e-01,4.623528112282157001e-04,1.591162909400512318e-02,1.400608777895512129e-03,-4.781563741713532240e-04,9.999989048301668459e-01,1.336711296398764709e-02,0.000000000000000000e+00,0.000000000000000000e+00,0.000000000000000000e+00,1.000000000000000056e-01
9.998145706057020021e-01,-1.914037354123689430e-02,-2.114356932434154155e-03,2.028982433243947003e+00,1.914459998350729816e-02,9.998147307690348207e-01,1.997105083337871647e-03,2.281974237318398421e-02,2.075739869855105970e-03,-2.037213279045726588e-03,9.999957705240799521e-01,1.893584386424856936e-02,0.000000000000000000e+00,0.000000000000000000e+00,0.000000000000000000e+00,1.000000000000000056e-01
9.996319963012314513e-01,-2.707786588096222982e-02,-1.631303205217623457e-03,2.746195196248041093e+00,2.708425481185872466e-02,9.996250280696802326e-01,4.030682073470757097e-03,4.232556460348308597e-02,1.521549243711586147e-03,-4.073381399244675564e-03,9.999905461812502727e-01,2.500950378379569045e-02,0.000000000000000000e+00,0.000000000000000000e+00,0.000000000000000000e+00,1.000000000000000056e-01
9.994392601164140411e-01,-3.343009268466035772e-02,-1.895848372047667305e-03,3.443917858731645687e+00,3.343401715188313444e-02,9.994387676392770814e-01,2.077555479593648242e-03,5.919946285273980369e-02,1.825331488349910773e-03,-2.139776338364288762e-03,9.999960447532677543e-01,3.095713416928917022e-02,0.000000000000000000e+00,0.000000000000000000e+00,0.000000000000000000e+00,1.000000000000000056e-01
9.991251807635432858e-01,-4.177668495958881956e-02,-1.892553302846878161e-03,4.182188476323336346e+00,4.178428207358328428e-02,9.991179523285491637e-01,4.170264548233421249e-03,9.682269934636845987e-02,1.716664152383315725e-03,-4.245695301630959644e-03,9.999895135128136214e-01,4.493760845336357279e-02,0.000000000000000000e+00,0.000000000000000000e+00,0.000000000000000000e+00,1.000000000000000056e-01
9.988832817206061421e-01,-4.716003880872495641e-02,-2.849603241115307439e-03,4.952497261066258538e+00,4.717714772652031180e-02,9.988668666655988737e-01,6.268924153214450179e-03,1.367703216836410052e-01,2.550731554338435923e-03,-6.396359684088489747e-03,9.999762898945802059e-01,5.319737117155287631e-02,0.000000000000000000e+00,0.000000000000000000e+00,0.000000000000000000e+00,1.000000000000000056e-01
9.985293441141358528e-01,-5.418876484852685332e-02,-1.651274412326529141e-03,5.738077713319019502e+00,5.419766585192981739e-02,9.985126079490024287e-01,5.931676245741336444e-03,1.894252590729662566e-01,1.327388110653549350e-03,-6.012448009986611462e-03,9.999810440752019414e-01,5.603893305339311542e-02,0.000000000000000000e+00,0.000000000000000000e+00,0.000000000000000000e+00,1.000000000000000056e-01
9.980687617156535074e-01,-6.208611134227137035e-02,2.015357481241664746e-03,6.546536828753185766e+00,6.207601423799995882e-02,9.980601867959419948e-01,4.736242094002724758e-03,2.388714644188685010e-01,-2.305502918180860842e-03,-4.601989922246636604e-03,9.999867530847844632e-01,5.840233391739278745e-02,0.000000000000000000e+00,0.000000000000000000e+00,0.000000000000000000e+00,1.000000000000000056e-01
9.978710284145919651e-01,-6.510794081837852076e-02,3.790342094735473302e-03,7.370814230569471270e+00,6.508563311119540395e-02,9.978631841038926309e-01,5.738133194317880659e-03,3.065261799579421242e-01,-4.155840867919379650e-03,-5.479220056850017673e-03,9.999763532875410865e-01,6.854303432039209054e-02,0.000000000000000000e+00,0.000000000000000000e+00,0.000000000000000000e+00,1.000000000000000056e-01
9.975392303256070958e-01,-7.003345041637938639e-02,3.286302507670044951e-03,8.187666459457432211e+00,7.001419756413761186e-02,9.975300081335117808e-01,5.647566963379666537e-03,3.671303640631521370e-01,-3.673703968108312217e-03,-5.403581768834546557e-03,9.999786523737504984e-01,7.375251147546584007e-02,0.000000000000000000e+00,0.000000000000000000e+00,0.000000000000000000e+00,1.000000000000000056e-01
9.972551923635500915e-01,-7.395387697570922347e-02,3.592406463693135349e-03,9.020584025923632510e+00,7.393117082197399326e-02,9.972447604335041849e-01,6.088494790576103564e-03,4.412403578012599192e-01,-4.032776317974944187e-03,-5.806192227651183445e-03,9.999750121112951362e-01,7.786516057010517411e-02,0.000000000000000000e+00,0.000000000000000000e+00,0.000000000000000000e+00,1.000000000000000056e-01
9.970562791415166215e-01,-7.654387287849487298e-02,4.451039118547352007e-03,9.801639269760757500e+00,7.652343382169907171e-02,9.970571983644060943e-01,4.594264452267087309e-03,5.245132868826805073e-01,-4.789603387553719067e-03,-4.240131422743608630e-03,9.999795402831539448e-01,8.876359026797420171e-02,0.000000000000000000e+00,0.000000000000000000e+00,0.000000000000000000e+00,1.000000000000000056e-01
9.968078937829382147e-01,-7.968917911004000376e-02,4.863910442280542853e-03,1.057733562677282890e+01,7.966217380254289604e-02,9.968066663320805931e-01,5.514346831461314560e-03,5.605641616908123570e-01,-5.287812125634665239e-03,-5.109274771644616714e-03,9.999729668117193215e-01,9.220699833760138964e-02,0.000000000000000000e+00,0.000000000000000000e+00,0.000000000000000000e+00,1.000000000000000056e-01
9.965798716835410076e-01,-8.244138918112001169e-02,5.654794877276858242e-03,1.137827470549803976e+01,8.241826115667144625e-02,9.965889427978520398e-01,4.208244404776019867e-03,6.419052804127955980e-01,-5.982439563227463786e-03,-3.727793307941853086e-03,9.999751566783674495e-01,1.066050769380026408e-01,0.000000000000000000e+00,0.000000000000000000e+00,0.000000000000000000e+00,1.000000000000000056e-01
9.962940208144618337e-01,-8.588460234162853535e-02,4.696719064722000569e-03,1.223692854411833331e+01,8.585181156825436033e-02,9.962847992712572376e-01,6.787134261209358185e-03,7.227511839405340588e-01,-5.262180137693254350e-03,-6.358759442774322701e-03,9.999659372391378476e-01,1.002557420696799512e-01,0.000000000000000000e+00,0.000000000000000000e+00,0.000000000000000000e+00,1.000000000000000056e-01
9.960399738548693094e-01,-8.887487612007610727e-02,2.372104093932309293e-03,1.311285885514438476e+01,8.885988973416580894e-02,9.960271722113201998e-01,5.813107013720683960e-03,8.247296896087928930e-01,-2.879319298587465058e-03,-5.579302049737118463e-03,9.999802902602703547e-01,1.004750243114094083e-01,0.000000000000000000e+00,0.000000000000000000e+00,0.000000000000000000e+00,1.000000000000000056e-01
9.963248514752817142e-01,-8.565479104784995412e-02,-2.170329627091561054e-04,1.398670550659751832e+01,8.565295137061970654e-02,9.962792518223038130e-01,9.551141810944517238e-03,9.162594603050324693e-01,-6.018756183761798852e-04,-9.534629460009399690e-03,9.999543632520437875e-01,1.091640295404155969e-01,0.000000000000000000e+00,0.000000000000000000e+00,0.000000000000000000e+00,1.000000000000000056e-01
9.948255967891698193e-01,-1.015961589592987990e-01,5.024517777614275317e-04,1.494132541360651345e+01,1.015859773515147835e-01,9.947757320794998748e-01,1.007631238263777436e-02,1.036779643263248785e+00,-1.523541469607288604e-03,-9.973131424575823814e-03,9.999491064404120166e-01,1.109285882646728894e-01,0.000000000000000000e+00,0.000000000000000000e+00,0.000000000000000000e+00,1.000000000000000056e-01
9.940897856142970612e-01,-1.085415076002704260e-01,2.058947590733046454e-03,1.591662224720113805e+01,1.085162452733924310e-01,9.940456655105003314e-01,9.871139323874920934e-03,1.164354467289744344e+00,-3.118116272027170090e-03,-9.589369512478629343e-03,9.999491593792492194e-01,1.186109331631498981e-01,0.000000000000000000e+00,0.000000000000000000e+00,0.000000000000000000e+00,1.000000000000000056e-01
9.938017221534781731e-01,-1.111263652564088295e-01,3.011310292926494374e-03,1.684053041351489810e+01,1.110926759377055956e-01,9.937628648992428149e-01,9.684301742983861261e-03,1.278865446640005343e+00,-4.068709596543312358e-03,-9.289741231511331604e-03,9.999485718326071026e-01,1.257409845433728746e-01,0.000000000000000000e+00,0.000000000000000000e+00,0.000000000000000000e+00,1.000000000000000056e-01
9.934313269929865298e-01,-1.143918062953938053e-01,2.951813244601640338e-03,1.772953056954056450e+01,1.143622242485261564e-01,9.934004887214393786e-01,8.760746140324602443e-03,1.375939322090405259e+00,-3.934490295288818260e-03,-8.365623735412452272e-03,9.999572671497686249e-01,1.355851164423904076e-01,0.000000000000000000e+00,0.000000000000000000e+00,0.000000000000000000e+00,1.000000000000000056e-01
9.930903331526174105e-01,-1.173138378733646625e-01,3.008927092052970931e-03,1.863991357441009811e+01,1.172832305826571886e-01,9.930588535277531381e-01,8.874528395347277068e-03,1.484796780096333535e+00,-4.029146673757061370e-03,-8.460311670764138550e-03,9.999560935878709644e-01,1.415382652353686099e-01,0.000000000000000000e+00,0.000000000000000000e+00,0.000000000000000000e+00,1.000000000000000056e-01
9.925977505462083572e-01,-1.214244752938736793e-01,2.408819257343050926e-03,1.956510138626636675e+01,1.214073032345995007e-01,9.925826775009382041e-01,6.316252557522622317e-03,1.593665458014241088e+00,-3.157899920690159130e-03,-5.977049830465100237e-03,9.999771510106694183e-01,1.523338801877309190e-01,0.000000000000000000e+00,0.000000000000000000e+00,0.000000000000000000e+00,1.000000000000000056e-01
9.923641769839475213e-01,-1.232667545058097891e-01,4.318271943358683099e-03,2.048893563416408981e+01,1.232469573521978723e-01,9.923654371874033320e-01,4.585474815033682011e-03,1.711454858383920863e+00,-4.850540423282567390e-03,-4.018247062863198119e-03,9.999801627773142743e-01,1.659110075431338427e-01,0.000000000000000000e+00,0.000000000000000000e+00,0.000000000000000000e+00,1.000000000000000056e-01
9.925238026211125053e-01,-1.219255820913353328e-01,5.536574953525340119e-03,2.141049309307530635e+01,1.219006154263121977e-01,9.925314468183700223e-01,4.644032226349218209e-03,1.832278107053564309e+00,-6.061451081489403585e-03,-3.934400630602472373e-03,9.999738893103482518e-01,1.675446982278122887e-01,0.000000000000000000e+00,0.000000000000000000e+00,0.000000000000000000e+00,1.000000000000000056e-01
9.924418471084683890e-01,-1.223142238114517388e-01,9.920219822843299659e-03,2.236354036863735573e+01,1.222949686299014127e-01,9.924905812319562148e-01,2.527214606073054440e-03,1.955212302199961671e+00,-1.015483903086931115e-02,-1.294920559654294881e-03,9.999475998396122334e-01,1.723449491547947576e-01,0.000000000000000000e+00,0.000000000000000000e+00,0.000000000000000000e+00,1.000000000000000056e-01
9.926888888365020813e-01,-1.200215881756269420e-01,1.279016623625408959e-02,2.332626871469877372e+01,1.199921119085083643e-01,9.927701588176403025e-01,3.050383735405209646e-03,2.082907228140720157e+00,-1.306380726613842920e-02,-1.493362982475309689e-03,9.999135496665277900e-01,1.719064359982855061e-01,0.000000000000000000e+00,0.000000000000000000e+00,0.000000000000000000e+00,1.000000000000000056e-01
9.929732553418776364e-01,-1.176094763954824568e-01,1.311965082365729521e-02,2.424443477221503329e+01,1.176066493923356854e-01,9.930597650533949938e-01,9.894699612566738509e-04,2.186125805539318900e+00,-1.314496840857614854e-02,5.604409660756901968e-04,9.999134441097694559e-01,1.686079680561257677e-01,0.000000000000000000e+00,0.000000000000000000e+00,0.000000000000000000e+00,1.000000000000000056e-01
9.930003820142710991e-01,-1.175219212767277394e-01,1.178301060588226278e-02,2.519550479849606006e+01,1.175261367872441481e-01,9.930697326890688403e-01,3.364353240017637324e-04,2.296242801169761094e+00,-1.174088971831800839e-02,1.050731310975620532e-03,9.999305213225239131e-01,1.655799478765753452e-01,0.000000000000000000e+00,0.000000000000000000e+00,0.000000000000000000e+00,1.000000000000000056e-01
9.931865790091689572e-01,-1.162896029340441395e-01,7.559598237091942272e-03,2.613514263885771882e+01,1.162925073221064143e-01,9.932150067510890912e-01,5.572406936189990131e-05,2.416553934239518142e+00,-7.514786543988759282e-03,8.237802355211825030e-04,9.999714242763749761e-01,1.617671664180232727e-01,0.000000000000000000e+00,0.000000000000000000e+00,0.000000000000000000e+00,1.000000000000000056e-01
9.930993614641659972e-01,-1.170907715712278668e-01,6.588586519140850542e-03,2.707456983181090493e+01,1.171017225181510274e-01,9.931190743235474017e-01,-1.300306895431840859e-03,2.530126214147925712e+00,-6.390997007324263415e-03,2.062868777912075721e-03,9.999774496105686694e-01,1.634779501360054677e-01,0.000000000000000000e+00,0.000000000000000000e+00,0.000000000000000000e+00,1.000000000000000056e-01
9.931772133919932743e-01,-1.163745684368361899e-01,7.482153437018289679e-03,2.802739439227303819e+01,1.163968873823326977e-01,9.931993291422436254e-01,-2.618625422208590865e-03,2.642706909680469618e+00,-7.126528370778645663e-03,3.471658470732511426e-03,9.999685795968006330e-01,1.657883081088526722e-01,0.000000000000000000e+00,0.000000000000000000e+00,0.000000000000000000e+00,1.000000000000000056e-01
9.931087999513290576e-01,-1.167334300433369304e-01,1.040277701137903160e-02,2.903315333540886201e+01,1.167960370301045075e-01,9.931399818349760933e-01,-5.626918773704202119e-03,2.761475085363946036e+00,-9.674564243084538689e-03,6.803145679813930001e-03,9.999300575618105258e-01,1.705805459152519854e-01,0.000000000000000000e+00,0.000000000000000000e+00,0.000000000000000000e+00,1.000000000000000056e-01
9.931763555599100179e-01,-1.156844122950620724e-01,1.475952264408652605e-02,2.998668102434226768e+01,1.158158173225489473e-01,9.932353569524384751e-01,-8.379866196551035568e-03,2.869042309855049933e+00,-1.369025984578761505e-02,1.003207114748579099e-02,9.998559567927005620e-01,1.694805912308619822e-01,0.000000000000000000e+00,0.000000000000000000e+00,0.000000000000000000e+00,1.000000000000000056e-01
9.930104788324013443e-01,-1.170010627360005828e-01,1.552225008468440838e-02,3.091408642934786855e+01,1.172396952510584844e-01,9.929831107621137631e-01,-1.547241411786544167e-02,2.956536295255825841e+00,-1.360304328023565108e-02,1.718409322141388473e-02,9.997598032295926807e-01,1.733552248088505165e-01,0.000000000000000000e+00,0.000000000000000000e+00,0.000000000000000000e+00,1.000000000000000056e-01
9.931132362161292360e-01,-1.165566579246339607e-01,1.185940747957209621e-02,3.186471253209488452e+01,1.167646341059730419e-01,9.929837664455444246e-01,-1.868849372524909389e-02,3.058317144764274964e+00,-9.597930736617434760e-03,1.994454985855282844e-02,9.997550173200006052e-01,1.748860372168211663e-01,0.000000000000000000e+00,0.000000000000000000e+00,0.000000000000000000e+00,1.000000000000000056e-01
9.928697284234551113e-01,-1.189174435340205616e-01,8.267043224001248067e-03,3.286285984231426482e+01,1.190515256831871094e-01,9.927202860403460116e-01,-1.825288789422241723e-02,3.174675446416501678e+00,-6.036274748544422086e-03,1.910694395518658731e-02,9.997992238844024548e-01,1.699863451941622527e-01,0.000000000000000000e+00,0.000000000000000000e+00,0.000000000000000000e+00,1.000000000000000056e-01
9.927350105543917280e-01,-1.201409995188425783e-01,6.583240401596521414e-03,3.383149413682004791e+01,1.202424867671972875e-01,9.925784025198224336e-01,-1.816202706852252172e-02,3.295643152554166289e+00,-4.352378155920059478e-03,1.882166533043310233e-02,9.998133834464194569e-01,1.714934004615959184e-01,0.000000000000000000e+00,0.000000000000000000e+00,0.000000000000000000e+00,1.000000000000000056e-01
9.925278569960824804e-01,-1.217681864150109150e-01,7.807807884621798498e-03,3.479603673471795133e+01,1.218942584048083311e-01,9.923712505084024693e-01,-1.846864727941120721e-02,3.415350622556258653e+00,-5.499350389439070473e-03,1.928237385771372492e-02,9.997989533919834360e-01,1.822518924032597298e-01,0.000000000000000000e+00,0.000000000000000000e+00,0.000000000000000000e+00,1.000000000000000056e-01
9.924344596927059392e-01,-1.224181516248807750e-01,9.361589992867885152e-03,3.577215373564355616e+01,1.225690739090570386e-01,9.923014432848346056e-01,-1.773887752678361338e-02,3.549896568783968309e+00,-7.117958662634681251e-03,1.875211474959069188e-02,9.997988261929973142e-01,1.788321327794095694e-01,0.000000000000000000e+00,0.000000000000000000e+00,0.000000000000000000e+00,1.000000000000000056e-01
9.924122770900373203e-01,-1.224637358609491078e-01,1.097750791147924024e-02,3.674320345773082153e+01,1.226467117958866537e-01,9.922885607871649860e-01,-1.792194790176013589e-02,3.665767799898305590e+00,-8.698066832556607814e-03,1.913231637613105676e-02,9.997791246587718339e-01,1.909255361238221260e-01,0.000000000000000000e+00,0.000000000000000000e+00,0.000000000000000000e+00,1.000000000000000056e-01
9.921708032573501868e-01,-1.241608999929559448e-01,1.345986911539709743e-02,3.773107296671516764e+01,1.243785548887507558e-01,9.920932974294721651e-01,-1.675900591630820335e-02,3.805115592421183468e+00,-1.127263267610732062e-02,1.830191543134301185e-02,9.997689571316432655e-01,1.932924430211553635e-01,0.000000000000000000e+00,0.000000000000000000e+00,0.000000000000000000e+00,1.000000000000000056e-01
9.922797571138539663e-01,-1.232298288910475131e-01,1.397472338023955131e-02,3.873370746701917255e+01,1.234461509196948664e-01,9.922247658524467884e-01,-1.584493143466244452e-02,3.945306283477623577e+00,-1.191349844432706799e-02,1.744773052693055632e-02,9.997767977175088250e-01,2.041989025589285855e-01,0.000000000000000000e+00,0.000000000000000000e+00,0.000000000000000000e+00,1.000000000000000056e-01
9.923934015449896728e-01,-1.221627270989230352e-01,1.521856358921755761e-02,3.976054246309232099e+01,1.223475084174706906e-01,9.924164006498936708e-01,-1.186486009806481112e-02,4.088259768069447908e+00,-1.365370843404602186e-02,1.363656220840756342e-02,9.998137928720198797e-01,2.043591040728812702e-01,0.000000000000000000e+00,0.000000000000000000e+00,0.000000000000000000e+00,1.000000000000000056e-01
9.919666571278159539e-01,-1.256685897122712670e-01,1.447607358349727036e-02,4.076105818051509999e+01,1.258801828989330740e-01,9.919354977432425224e-01,-1.476982972809333210e-02,4.208671107846998716e+00,-1.250322758319430058e-02,1.647342941207283196e-02,9.997861248404121826e-01,2.183270835486711414e-01,0.000000000000000000e+00,0.000000000000000000e+00,0.000000000000000000e+00,1.000000000000000056e-01
9.921660022732838868e-01,-1.241715652285046573e-01,1.371299827729705045e-02,4.176812936022854217e+01,1.243510257384383005e-01,9.921516157626137922e-01,-1.311463828830260366e-02,4.328727746028304679e+00,-1.197690823410599639e-02,1.471712364349666256e-02,9.998199637638837123e-01,2.405388811898730994e-01,0.000000000000000000e+00,0.000000000000000000e+00,0.000000000000000000e+00,1.000000000000000056e-01
9.923859526412303067e-01,-1.227774988250961291e-01,9.788093921259866451e-03,4.277790418710080189e+01,1.228875602103278036e-01,9.923531513555468031e-01,-1.157024374282188649e-02,4.436105318807435971e+00,-8.292680260985908422e-03,1.268498234010469704e-02,9.998851547438437626e-01,2.481434893264444497e-01,0.000000000000000000e+00,0.000000000000000000e+00,0.000000000000000000e+00,1.000000000000000056e-01
9.926570873299493947e-01,-1.206492607276628964e-01,8.698440060700213944e-03,4.381339250769069338e+01,1.207475476325122060e-01,9.926127361033294516e-01,-1.183156228890169803e-02,4.568412568737342028e+00,-7.206713145073165294e-03,1.279499946582197956e-02,9.998921698234836120e-01,2.567867325381728572e-01,0.000000000000000000e+00,0.000000000000000000e+00,0.000000000000000000e+00,1.000000000000000056e-01
9.926209453503525015e-01,-1.207383132711720014e-01,1.122134395715774363e-02,4.479957949653267235e+01,1.208882309413260997e-01,9.925700741519235537e-01,-1.380882029434968468e-02,4.690317507916854645e+00,-9.470716533035789669e-03,1.506345267451545712e-02,9.998416864293434569e-01,2.680488874774218377e-01,0.000000000000000000e+00,0.000000000000000000e+00,0.000000000000000000e+00,1.000000000000000056e-01
9.924342384615277846e-01,-1.223533848287884501e-01,1.019468244850005659e-02,4.575846316009066328e+01,1.224776779900725449e-01,9.923910541696011611e-01,-1.261800294451950397e-02,4.811033631157394908e+00,-8.573256291949722663e-03,1.377115917728796365e-02,9.998684185688966330e-01,2.710124537360776298e-01,0.000000000000000000e+00,0.000000000000000000e+00,0.000000000000000000e+00,1.000000000000000056e-01
9.919567846674125500e-01,-1.264248365176296185e-01,6.204680795916729837e-03,4.666371209372162099e+01,1.264979932852200173e-01,9.918775651991393882e-01,-1.330989667275694725e-02,4.931119779511953460e+00,-4.471582169771905722e-03,1.398772197742228184e-02,9.998921684795722964e-01,2.853493884431914651e-01,0.000000000000000000e+00,0.000000000000000000e+00,0.000000000000000000e+00,1.000000000000000056e-01
9.922505509413718228e-01,-1.241579206659959023e-01,4.863629554195822435e-03,4.761836925530899833e+01,1.242106616797375995e-01,9.921746115040844805e-01,-1.269849643858457500e-02,5.052730849432257365e+00,-3.248950850034809049e-03,1.320420473240438083e-02,9.999075423736730750e-01,2.875652896598994701e-01,0.000000000000000000e+00,0.000000000000000000e+00,0.000000000000000000e+00,1.000000000000000056e-01
9.922865122207583655e-01,-1.238811776379348251e-01,4.575094731386099289e-03,4.855803533683883444e+01,1.239268467904876270e-01,9.922233818358280333e-01,-1.161452464974545122e-02,5.179048656613389312e+00,-3.100694975279906073e-03,1.209191321962639100e-02,9.999220826271211227e-01,2.996962024473167063e-01,0.000000000000000000e+00,0.000000000000000000e+00,0.000000000000000000e+00,1.000000000000000056e-01
9.926935215831854675e-01,-1.204256743917073852e-01,7.564995312372951863e-03,4.951726332414578025e+01,1.205214090321070491e-01,9.926145261755066063e-01,-1.381999964869994740e-02,5.309420650155649568e+00,-5.844841459723155302e-03,1.463076801391480913e-02,9.998758815251189702e-01,3.014128945839390505e-01,0.000000000000000000e+00,0.000000000000000000e+00,0.000000000000000000e+00,1.000000000000000056e-01
9.929870398608449111e-01,-1.178146864372577318e-01,9.820301832804497269e-03,5.050295607335598902e+01,1.179655218852280474e-01,9.928800012241867368e-01,-1.653598546820867279e-02,5.436028443312518554e+00,-7.802199352908756151e-03,1.757847629203572112e-02,9.998150443239528506e-01,3.234204138876748402e-01,0.000000000000000000e+00,0.000000000000000000e+00,0.000000000000000000e+00,1.000000000000000056e-01
9.931406232300324932e-01,-1.165335850552299546e-01,9.572149415780903045e-03,5.141963219585922928e+01,1.166773442768062330e-01,9.930383931650295093e-01,-1.616004432938992347e-02,5.561941519588237348e+00,-7.622323974627398177e-03,1.716604946956935829e-02,9.998235979025670295e-01,3.272407028214880387e-01,0.000000000000000000e+00,0.000000000000000000e+00,0.000000000000000000e+00,1.000000000000000056e-01
9.931045872229554705e-01,-1.168316954062759983e-01,9.676455199003558896e-03,5.235471675968663163e+01,1.170007746487120026e-01,9.929445675801994442e-01,-1.928482420381482168e-02,5.681554902805620699e+00,-7.355104915940089728e-03,2.028400013473375188e-02,9.997672037880667162e-01,3.400381471425981683e-01,0.000000000000000000e+00,0.000000000000000000e+00,0.000000000000000000e+00,1.000000000000000056e-01
9.932527118943498268e-01,-1.157823567259530784e-01,6.595163796588856750e-03,5.331985604955418268e+01,1.159023156079409533e-01,9.930094103646386339e-01,-2.233750576921939360e-02,5.801602295364718387e+00,-3.962770651569117245e-03,2.295118293807115253e-02,9.997287330323693100e-01,3.638349685820199686e-01,0.000000000000000000e+00,0.000000000000000000e+00,0.000000000000000000e+00,1.000000000000000056e-01
9.930246438070814419e-01,-1.176170006013601971e-01,8.264258064627437103e-03,5.425368824767006970e+01,1.177949833682511299e-01,9.926957492389123505e-01,-2.606705461435834120e-02,5.921535257584056744e+00,-5.137965073116382286e-03,2.685871576479665485e-02,9.996260354264354664e-01,3.642904825996852169e-01,0.000000000000000000e+00,0.000000000000000000e+00,0.000000000000000000e+00,1.000000000000000056e-01
9.930226985303740594e-01,-1.172659189338618180e-01,1.243480840426600467e-02,5.519056046467406418e+01,1.175694509576241664e-01,9.926862450526069415e-01,-2.741246221845992231e-02,6.031265133535254286e+00,-9.129315690491947299e-03,2.868315080238979797e-02,9.995468635612192454e-01,3.768951378221032100e-01,0.000000000000000000e+00,0.000000000000000000e+00,0.000000000000000000e+00,1.000000000000000056e-01
9.927684125869666865e-01,-1.187414357050475405e-01,1.764512443306490500e-02,5.612975144489007562e+01,1.191686490065037712e-01,9.925455951362832652e-01,-2.553575276990914175e-02,6.151717842822149507e+00,-1.448143858596202468e-02,2.745383438183593081e-02,9.995181713776972732e-01,3.983928296364020460e-01,0.000000000000000000e+00,0.000000000000000000e+00,0.000000000000000000e+00,1.000000000000000056e-01
9.927700832139122467e-01,-1.185798609828949829e-01,1.861124511468719572e-02,5.708090353773520320e+01,1.189872692073232902e-01,9.926393298856942549e-01,-2.256525051187781294e-02,6.276008103557252582e+00,-1.579846961023882723e-02,2.461660686116447921e-02,9.995721239733614816e-01,3.946321228651401558e-01,0.000000000000000000e+00,0.000000000000000000e+00,0.000000000000000000e+00,1.000000000000000056e-01
9.928496269126455553e-01,-1.186468748811381480e-01,1.313535002807447727e-02,5.796126928333967498e+01,1.189419405368692395e-01,9.925967409071024816e-01,-2.458708445347509639e-02,6.380851654592204270e+00,-1.012092489569730788e-02,2.597362164847265634e-02,9.996113934213223251e-01,4.057550061216553261e-01,0.000000000000000000e+00,0.000000000000000000e+00,0.000000000000000000e+00,1.000000000000000056e-01
9.928778479075656138e-01,-1.188944938664452111e-01,7.594633808348960624e-03,5.887256875833005410e+01,1.190460491729367909e-01,9.925913731687807662e-01,-2.429823218320281697e-02,6.485880299204517918e+00,-4.649441983271872594e-03,2.502928762781592154e-02,9.996759062066506996e-01,4.129842855908607557e-01,0.000000000000000000e+00,0.000000000000000000e+00,0.000000000000000000e+00,1.000000000000000056e-01
9.930496202571432729e-01,-1.176202621338577892e-01,4.233868527260853040e-03,5.982489778527161661e+01,1.176887769278947005e-01,9.927527415936774347e-01,-2.431760357134844092e-02,6.612302220006423426e+00,-1.342941681456158269e-03,2.464686580073815331e-02,9.996953178413113816e-01,4.237883640127327878e-01,0.000000000000000000e+00,0.000000000000000000e+00,0.000000000000000000e+00,1.000000000000000056e-01
9.928408850320499246e-01,-1.194377362129948328e-01,1.266561127987874671e-03,6.073686142540836386e+01,1.194372900961380990e-01,9.926094276022152663e-01,-2.147691713662600727e-02,6.729358641410127184e+00,1.307953847357425049e-03,2.147443604655574489e-02,9.997685421402373596e-01,4.283788250620766958e-01,0.000000000000000000e+00,0.000000000000000000e+00,0.000000000000000000e+00,1.000000000000000056e-01
9.925963953747016788e-01,-1.214194418789780044e-01,3.116893156062994913e-03,6.166394293192834652e+01,1.214567188216401777e-01,9.924190878028298357e-01,-1.877816864553277093e-02,6.858350800936068303e+00,-8.132295062690077844e-04,1.901771012494710839e-02,9.998188162659140676e-01,4.495789108650867227e-01,0.000000000000000000e+00,0.000000000000000000e+00,0.000000000000000000e+00,1.000000000000000056e-01
9.923417513290383463e-01,-1.234465104625009635e-01,4.336775743413312859e-03,6.253289023008945691e+01,1.235034746590666643e-01,9.921947274583722276e-01,-1.721959787404214043e-02,6.983279624856833401e+00,-2.177226757666050113e-03,1.762333278463746461e-02,9.998423264821346690e-01,4.631393014126353735e-01,0.000000000000000000e+00,0.000000000000000000e+00,0.000000000000000000e+00,1.000000000000000056e-01
9.922873091281364522e-01,-1.238780231049100983e-01,4.486817899294846639e-03,6.333750836131708439e+01,1.239357063419551513e-01,9.921541736988063187e-01,-1.643278143101404437e-02,7.093322609442269666e+00,-2.415954627622798022e-03,1.686211741324857016e-02,9.998549055535903562e-01,4.766808103096436544e-01,0.000000000000000000e+00,0.000000000000000000e+00,0.000000000000000000e+00,1.000000000000000056e-01
9.921061051894636273e-01,-1.252634438463076927e-01,5.877557448107240817e-03,6.414347914150893359e+01,1.253427561358465281e-01,9.919849674972165410e-01,-1.596927499343160292e-02,7.201564612245173969e+00,-3.830082252717719859e-03,1.657992446632545677e-02,9.998552078049243175e-01,4.860807676471800010e-01,0.000000000000000000e+00,0.000000000000000000e+00,0.000000000000000000e+00,1.000000000000000056e-01
9.922128753343704144e-01,-1.243328485170502040e-01,7.413015603475722748e-03,6.493637741293825627e+01,1.244427075592976495e-01,9.920832185422330252e-01,-1.687898166937190636e-02,7.314998825317746700e+00,-5.255716507979905222e-03,1.767003866775947174e-02,9.998300591487873090e-01,5.068300353572154915e-01,0.000000000000000000e+00,0.000000000000000000e+00,0.000000000000000000e+00,1.000000000000000056e-01
9.922300122538794120e-01,-1.241328428591305794e-01,8.404766884143020228e-03,6.573434707728284820e+01,1.242674986739982917e-01,9.920846899569255584e-01,-1.804319058200810552e-02,7.424860961050253394e+00,-6.098488007221505511e-03,1.894743456991549238e-02,9.998018819582430439e-01,5.176876480994025975e-01,0.000000000000000000e+00,0.000000000000000000e+00,0.000000000000000000e+00,1.000000000000000056e-01
9.921967162466663881e-01,-1.243578724639644723e-01,8.988649818992073409e-03,6.647499550514559985e+01,1.245090682131777954e-01,9.920389872856932856e-01,-1.887166229727563899e-02,7.521026851849780037e+00,-6.570251290351015842e-03,1.984356977493016011e-02,9.997815083989947116e-01,5.277318597090739916e-01,0.000000000000000000e+00,0.000000000000000000e+00,0.000000000000000000e+00,1.000000000000000056e-01
9.919613393134713020e-01,-1.260762088882022292e-01,1.083932008027540216e-02,6.725259282697042806e+01,1.262543108020332816e-01,9.918397497583925082e-01,-1.771326630277213904e-02,7.635792743472055832e+00,-8.517647053490820866e-03,1.893938625161184497e-02,9.997843514163864409e-01,5.328667995880153052e-01,0.000000000000000000e+00,0.000000000000000000e+00,0.000000000000000000e+00,1.000000000000000056e-01
9.921919337813938089e-01,-1.240170211324141264e-01,1.322667791172681476e-02,6.799353843849849000e+01,1.242302975031755879e-01,9.921120643072416367e-01,-1.674768755070794868e-02,7.744196241185509422e+00,-1.104534840603507012e-02,1.826007462925599567e-02,9.997722590435900170e-01,5.438137180882360866e-01,0.000000000000000000e+00,0.000000000000000000e+00,0.000000000000000000e+00,1.000000000000000056e-01
9.919892148448746783e-01,-1.254776011872854868e-01,1.458661138625662324e-02,6.870493923470579034e+01,1.256846556639919232e-01,9.919676569594464421e-01,-1.426656500387756335e-02,7.842566195091200676e+00,-1.267931236593393060e-02,1.598559184611599709e-02,9.997918262774788678e-01,5.605361380355130541e-01,0.000000000000000000e+00,0.000000000000000000e+00,0.000000000000000000e+00,1.000000000000000056e-01
9.916639109177938227e-01,-1.282954317177691372e-01,1.195700562753964150e-02,6.936941818253431791e+01,1.284490850776579540e-01,9.916293985703625857e-01,-1.311367353923227445e-02,7.940252720551500332e+00,-1.017449389101788421e-02,1.454022322154014009e-02,9.998425183911361369e-01,5.684521460796021497e-01,0.000000000000000000e+00,0.000000000000000000e+00,0.000000000000000000e+00,1.000000000000000056e-01
9.919519625223953696e-01,-1.264692148152389006e-01,6.069740685171028105e-03,7.006553796621997776e+01,1.265426254971539211e-01,9.918650661209927888e-01,-1.380777103973182193e-02,8.044009056313507600e+00,-4.274105784290964036e-03,1.446472650331031423e-02,9.998862453834082009e-01,5.735349950428738630e-01,0.000000000000000000e+00,0.000000000000000000e+00,0.000000000000000000e+00,1.000000000000000056e-01
9.922068903586017674e-01,-1.245985449571493653e-01,8.302526571787955051e-04,7.081855456613168087e+01,1.245957697469586845e-01,9.920778973635117071e-01,-1.604181174170733054e-02,8.144136467983816630e+00,1.175111091078838649e-03,1.602024211286318806e-02,9.998709771548371927e-01,5.880915590911578450e-01,0.000000000000000000e+00,0.000000000000000000e+00,0.000000000000000000e+00,1.000000000000000056e-01
9.921336774004457792e-01,-1.251752067137284485e-01,1.390608515534548419e-03,7.153810772070579560e+01,1.251822669039351354e-01,9.920310197000321573e-01,-1.427781515871085621e-02,8.250855543424508554e+00,4.077016802427509135e-04,1.433958078500616184e-02,9.998970998069002247e-01,6.004514188516006934e-01,0.000000000000000000e+00,0.000000000000000000e+00,0.000000000000000000e+00,1.000000000000000056e-01
9.923697437339479288e-01,-1.232218562685913760e-01,4.320400344995390177e-03,7.220952200497976037e+01,1.232661384838120572e-01,9.922986750805709022e-01,-1.219830056332731061e-02,8.352618223006347264e+00,-2.784030299421172590e-03,1.263778347125050702e-02,9.999162642962787784e-01,6.113841812040192725e-01,0.000000000000000000e+00,0.000000000000000000e+00,0.000000000000000000e+00,1.000000000000000056e-01
9.923146808411956732e-01,-1.235651343254929313e-01,6.575086779572644237e-03,7.283229634735720026e+01,1.236406649300012262e-01,9.922458871378965206e-01,-1.269194364925679309e-02,8.437887808121448785e+00,-4.955821092733711346e-03,1.340735011296551558e-02,9.998978361813997129e-01,6.250555912899385946e-01,0.000000000000000000e+00,0.000000000000000000e+00,0.000000000000000000e+00,1.000000000000000056e-01
9.923767798084808245e-01,-1.231874179699322114e-01,3.631384150880470965e-03,7.341106845123404412e+01,1.232297797774126458e-01,9.922524945353451420e-01,-1.579267122418381505e-02,8.491457336540809919e+00,-1.657791591372011512e-03,1.611977488322978089e-02,9.998686936717008367e-01,6.354435726976885856e-01,0.000000000000000000e+00,0.000000000000000000e+00,0.000000000000000000e+00,1.000000000000000056e-01
9.924460575193837508e-01,-1.226817714850710755e-01,7.654748039554945538e-05,7.405653307439388300e+01,1.226512424414242103e-01,9.921847792350000361e-01,-2.293548739332080741e-02,8.553693878963130715e+00,2.737816978348857778e-03,2.277162268436304024e-02,9.997369441800748602e-01,6.564651374457535216e-01,0.000000000000000000e+00,0.000000000000000000e+00,0.000000000000000000e+00,1.000000000000000056e-01
9.927453651883447749e-01,-1.201595512838257579e-01,-4.280435997604515458e-03,7.467762922941990666e+01,1.200091834001133645e-01,9.924309802321644725e-01,-2.604890352899905115e-02,8.625159725743898775e+00,7.378061852403881848e-03,2.534623661798315886e-02,9.996515055221031343e-01,6.658281046937668535e-01,0.000000000000000000e+00,0.000000000000000000e+00,0.000000000000000000e+00,1.000000000000000056e-01
9.932444321894924322e-01,-1.159269661516878075e-01,-5.141638205695468061e-03,7.526953432318182990e+01,1.157779741782929833e-01,9.930016265253105434e-01,-2.330730386076818039e-02,8.691397304477852970e+00,7.807600127014655347e-03,2.255456133364352328e-02,9.997151259950524116e-01,6.779404532453490173e-01,0.000000000000000000e+00,0.000000000000000000e+00,0.000000000000000000e+00,1.000000000000000056e-01
9.939087649034680227e-01,-1.101739940833808967e-01,-2.656703931185534773e-03,7.584700727187937730e+01,1.101009505349160728e-01,9.937250237495112160e-01,-1.970679744000445807e-02,8.773748308045265176e+00,4.811209761670201188e-03,1.929425307568427908e-02,9.998022724813545592e-01,6.846272975772533798e-01,0.000000000000000000e+00,0.000000000000000000e+00,0.000000000000000000e+00,1.000000000000000056e-01
9.947337970355197845e-01,-1.024857504900106159e-01,1.159302288687602978e-03,7.639910751183452930e+01,1.024877653778310388e-01,9.945195994394777639e-01,-2.066456577331036298e-02,8.811050243575243357e+00,9.648746840530342738e-04,2.067455627674025936e-02,9.997857929274670541e-01,6.983747317377994035e-01,0.000000000000000000e+00,0.000000000000000000e+00,0.000000000000000000e+00,1.000000000000000056e-01
9.956307319745612006e-01,-9.320015763715668033e-02,5.759875363980312274e-03,7.697755614587879336e+01,9.331177858035628880e-02,9.953525347015004243e-01,-2.379587446321143607e-02,8.864047866403604203e+00,-3.515327292017234127e-03,2.422936812439615423e-02,9.997002451706823445e-01,7.111920225385771621e-01,0.000000000000000000e+00,0.000000000000000000e+00,0.000000000000000000e+00,1.000000000000000056e-01
9.965633268753255614e-01,-8.231670495685955435e-02,9.246383737889680293e-03,7.751086534386088545e+01,8.253528739408622084e-02,9.962366315540260864e-01,-2.646696591344078683e-02,8.906160992072850391e+00,-7.032912764891176977e-03,2.713916054215712373e-02,9.996069247974967986e-01,7.274949628953498726e-01,0.000000000000000000e+00,0.000000000000000000e+00,0.000000000000000000e+00,1.000000000000000056e-01
9.975285641665970759e-01,-6.967662409297116499e-02,9.051614592659349909e-03,7.799471863932197380e+01,6.987492457864823148e-02,9.972709265075773155e-01,-2.383682147113061825e-02,8.945142329648312796e+00,-7.366042821995664840e-03,2.441039118336950017e-02,9.996748842575867711e-01,7.384161910947730778e-01,0.000000000000000000e+00,0.000000000000000000e+00,0.000000000000000000e+00,1.000000000000000056e-01
9.985971363320079730e-01,-5.227876472891280352e-02,8.407738574195248310e-03,7.848796171940549016e+01,5.244198480206619523e-02,9.984128887802301566e-01,-2.053148186409585463e-02,8.985925605393527249e+00,-7.321034048062244858e-03,2.094359749266636733e-02,9.997538537982898488e-01,7.405371821361524942e-01,0.000000000000000000e+00,0.000000000000000000e+00,0.000000000000000000e+00,1.000000000000000056e-01
9.994368877026055253e-01,-3.212569022815541658e-02,9.687493313236495915e-03,7.897376684347560172e+01,3.227368101964444430e-02,9.993584391243727216e-01,-1.552802834682295852e-02,8.999397577118728009e+00,-9.182429568019770741e-03,1.583193539217790657e-02,9.998325023767562492e-01,7.452787035769548041e-01,0.000000000000000000e+00,0.000000000000000000e+00,0.000000000000000000e+00,1.000000000000000056e-01
9.998969957782137818e-01,-1.004263155480363337e-02,1.025394485830870804e-02,7.945057708253351336e+01,1.020284169022824677e-02,9.998247950873198064e-01,-1.569334731798872201e-02,9.005809080996190374e+00,-1.009454581181905460e-02,1.579635021305066805e-02,9.998242722922862091e-01,7.518253033278410324e-01,0.000000000000000000e+00,0.000000000000000000e+00,0.000000000000000000e+00,1.000000000000000056e-01
9.997915292648019703e-01,1.671209599814185709e-02,1.173046707072828571e-02,7.993924412765882437e+01,-1.649939935635949539e-02,9.997018329697717753e-01,-1.800041604402532677e-02,9.010834969001553674e+00,-1.202779411313285862e-02,1.780311782322218858e-02,9.997691639396288910e-01,7.618282415513686345e-01,0.000000000000000000e+00,0.000000000000000000e+00,0.000000000000000000e+00,1.000000000000000056e-01
9.988491075225898186e-01,4.590966127224892918e-02,1.388392607273302229e-02,8.041858098257830534e+01,-4.564449207815197279e-02,9.987799178401748357e-01,-1.884823763913290318e-02,8.991334999480852019e+00,-1.473230274781479193e-02,1.819282059058107553e-02,9.997259527163959714e-01,7.618465918760689570e-01,0.000000000000000000e+00,0.000000000000000000e+00,0.000000000000000000e+00,1.000000000000000056e-01
9.967658670022738754e-01,7.878054208306636830e-02,1.585662537564381386e-02,8.089275419815434987e+01,-7.845699250477916609e-02,9.967151197187946732e-01,-2.008657390034289392e-02,8.941096780329024440e+00,-1.738696944008148726e-02,1.877754811063254980e-02,9.996724948605131278e-01,7.599892492552587919e-01,0.000000000000000000e+00,0.000000000000000000e+00,0.000000000000000000e+00,1.000000000000000056e-01
