9.999999999999998890e-01,-4.993971376557375432e-09,1.143465263674048878e-08,6.212530464094270054e-15,4.993971396963239547e-09,1.000000000000000000e+00,-1.784563511712511619e-09,6.797815713988112015e-15,-1.143465262782842832e-08,1.784563568816839593e-09,9.999999999999998890e-01,-2.243082093947788702e-14,0.000000000000000000e+00,0.000000000000000000e+00,0.000000000000000000e+00,1.000000000000000056e-01
9.998534439629794823e-01,-1.275738347099874756e-02,1.141664409285693925e-02,6.522703092721452434e-01,1.279168398371107948e-02,9.999138712840274223e-01,-2.936466354360873533e-03,4.472386997525482424e-03,-1.137819916462823842e-02,3.082074100879462521e-03,9.999305162875101738e-01,2.827412049673971167e-03,0.000000000000000000e+00,0.000000000000000000e+00,0.000000000000000000e+00,1.000000000000000056e-01
9.995313894460995385e-01,-1.972945959759989099e-02,2.340405810829218961e-02,1.336458694785426449e+00,1.981970828798697987e-02,9.997969790138125923e-01,-3.630415710789031483e-03,-8.662213419285700114e-04,-2.332768045324575337e-02,4.092576064133357158e-03,9.997194957315930219e-01,-1.306300141532762416e-02,0.000000000000000000e+00,0.000000000000000000e+00,0.000000000000000000e+00,1.000000000000000056e-01
9.990614900183913960e-01,-2.790125880053011959e-02,3.313093599005894480e-02,2.067877724881959089e+00,2.813526628823782849e-02,9.995822174853007391e-01,-6.617951197990022336e-03,2.167451858918463883e-02,-3.293244529520227698e-02,7.543887891191780951e-03,9.994291089428822827e-01,-3.721823924973137465e-02,0.000000000000000000e+00,0.000000000000000000e+00,0.000000000000000000e+00,1.000000000000000056e-01
9.983217057808964068e-01,-3.717270713048648895e-02,4.440677438536019123e-02,2.799501154422891158e+00,3.758811659774389385e-02,9.992566855691744632e-01,-8.556274653279540704e-03,7.233300150279858842e-02,-4.405570629731877380e-02,1.021108172031850309e-02,9.989768909002576525e-01,-7.915748533733846237e-02,0.000000000000000000e+00,0.000000000000000000e+00,0.000000000000000000e+00,1.000000000000000056e-01
9.974905044069689586e-01,-4.665663190177612996e-02,5.325272122166893607e-02,3.550009441786542652e+00,4.722581191637904852e-02,9.988392546658998450e-01,-9.479769369998818779e-03,1.009121320948226930e-01,-5.274861426397298159e-02,1.197088292699175979e-02,9.985360692810144601e-01,-1.155014475824572423e-01,0.000000000000000000e+00,0.000000000000000000e+00,0.000000000000000000e+00,1.000000000000000056e-01
9.963753452336842065e-01,-5.628106094729225239e-02,6.378568482899410474e-02,4.308112496909998868e+00,5.705271428797017985e-02,9.983176210525336325e-01,-1.033998493156863818e-02,1.586724948261510892e-01,-6.309642781356039620e-02,1.394165250811391088e-02,9.979100516191382608e-01,-1.491834204360491800e-01,0.000000000000000000e+00,0.000000000000000000e+00,0.000000000000000000e+00,1.000000000000000056e-01
9.949502397219724958e-01,-6.646212438655674237e-02,7.521174442342908051e-02,5.111484307989774933e+00,6.731916578704472132e-02,9.976916621239849681e-01,-8.915001178720760935e-03,2.297384461329758099e-01,-7.444562038780887236e-02,1.393317445186354440e-02,9.971277331690099333e-01,-2.024769836485400543e-01,0.000000000000000000e+00,0.000000000000000000e+00,0.000000000000000000e+00,1.000000000000000056e-01
9.936072950995741282e-01,-7.160538131976568188e-02,8.727664344461628920e-02,5.885717108438055511e+00,7.251023340028436848e-02,9.973414065679699902e-01,-7.237734262835814752e-03,3.007247829600617206e-01,-8.652634961180331874e-02,1.351991535010832815e-02,9.961578201830179058e-01,-2.545859285633351732e-01,0.000000000000000000e+00,0.000000000000000000e+00,0.000000000000000000e+00,1.000000000000000056e-01
9.918071819224099084e-01,-8.062334723266544045e-02,9.908778818870077332e-02,6.688737847297078432e+00,8.194235833571304750e-02,9.965936039261700241e-01,-9.307981726975059905e-03,3.646864131021352873e-01,-9.799981529324107432e-02,1.735121017246817055e-02,9.950351610410766989e-01,-3.230458492701078210e-01,0.000000000000000000e+00,0.000000000000000000e+00,0.000000000000000000e+00,1.000000000000000056e-01
9.899159954606727707e-01,-8.886172397784480870e-02,1.103173419857035459e-01,7.520007871765020724e+00,9.078505328621494508e-02,9.957917352525023080e-01,-1.252573760819754127e-02,4.370025012364110450e-01,-1.087400387664289175e-01,2.241459378386374823e-02,9.938174832204250686e-01,-3.988244690199916342e-01,0.000000000000000000e+00,0.000000000000000000e+00,0.000000000000000000e+00,1.000000000000000056e-01
9.880020227543570011e-01,-9.592012105858989390e-02,1.210426925072488752e-01,8.357707212848708878e+00,9.824090361616401312e-02,9.950732531631670819e-01,-1.333962877860910348e-02,5.330725377578393598e-01,-1.191668069974962246e-01,2.507092370410364188e-02,9.925576662817352513e-01,-4.932614599043723680e-01,0.000000000000000000e+00,0.000000000000000000e+00,0.000000000000000000e+00,1.000000000000000056e-01
9.861451230764232134e-01,-1.031505619421919928e-01,1.299144249250103189e-01,9.205223790378404658e+00,1.058423586293701091e-01,9.942847866996643580e-01,-1.396989825928747833e-02,6.505155525048995635e-01,-1.277309334200527058e-01,2.752679619231148192e-02,9.914267921228622216e-01,-5.919108501530052635e-01,0.000000000000000000e+00,0.000000000000000000e+00,0.000000000000000000e+00,1.000000000000000056e-01
9.842260599454033532e-01,-1.087350154315648298e-01,1.395555779732381985e-01,9.984992926030473726e+00,1.122387398235915879e-01,9.935278134252489846e-01,-1.746279568843039920e-02,7.571393957157028787e-01,-1.367535308763884183e-01,3.285088080312465603e-02,9.900602463604422088e-01,-6.852494365587048497e-01,0.000000000000000000e+00,0.000000000000000000e+00,0.000000000000000000e+00,1.000000000000000056e-01
9.818201267122040887e-01,-1.166014658017986289e-01,1.497776250169013668e-01,1.081240851949580950e+01,1.206276315217662681e-01,9.925336807091779123e-01,-1.805179136098599910e-02,8.697401553774319893e-01,-1.465544721128649586e-01,3.579093224216960134e-02,9.885549028116525916e-01,-8.065726527225729470e-01,0.000000000000000000e+00,0.000000000000000000e+00,0.000000000000000000e+00,1.000000000000000056e-01
9.797588202180705919e-01,-1.220366721999810167e-01,1.586811420530141459e-01,1.161778024308317825e+01,1.266652474410167872e-01,9.917567437500139915e-01,-1.935139057213023511e-02,9.862506371403956251e-01,-1.550115134291658592e-01,3.905908171889758279e-02,9.871402224809178172e-01,-9.051251033149304570e-01,0.000000000000000000e+00,0.000000000000000000e+00,0.000000000000000000e+00,1.000000000000000056e-01
9.777423196227599256e-01,-1.279824021609314022e-01,1.662542064304608491e-01,1.247903254217687063e+01,1.326844272259444513e-01,9.910048327562412940e-01,-1.744317131422085804e-02,1.127962496791697689e+00,-1.625263030725418445e-01,3.911427093647311393e-02,9.859286356621763669e-01,-1.038491369699765521e+00,0.000000000000000000e+00,0.000000000000000000e+00,0.000000000000000000e+00,1.000000000000000056e-01
9.756252249783113895e-01,-1.358113061887820383e-01,1.723679479987974272e-01,1.338098136064437149e+01,1.407941755501515291e-01,9.898935850487126098e-01,-1.696143892953330679e-02,1.264585966262375516e+00,-1.683223708161585008e-01,4.081641080134389837e-02,9.848865925029762769e-01,-1.187407886239387533e+00,0.000000000000000000e+00,0.000000000000000000e+00,0.000000000000000000e+00,1.000000000000000056e-01
9.746111894276753285e-01,-1.346299264247625138e-01,1.789072730585173909e-01,1.424796780775198535e+01,1.394266830485652031e-01,9.901268880985720777e-01,-1.445494788343216173e-02,1.405119101806720838e+00,-1.751948329616110911e-01,3.903240160559988403e-02,9.837597481745491423e-01,-1.327951184694316389e+00,0.000000000000000000e+00,0.000000000000000000e+00,0.000000000000000000e+00,1.000000000000000056e-01
9.697456667430180977e-01,-1.563428668202826999e-01,1.874839988573814842e-01,1.521701263768324353e+01,1.616324942437453727e-01,9.867631461093350209e-01,-1.316929325942712767e-02,1.651003812509878266e+00,-1.829433754954928881e-01,4.307437143850756378e-02,9.821793725626152272e-01,-1.498982765401057238e+00,0.000000000000000000e+00,0.000000000000000000e+00,0.000000000000000000e+00,1.000000000000000056e-01
9.679220173496450030e-01,-1.586214989044501811e-01,1.948491427107109375e-01,1.613740890253013660e+01,1.644341711552807783e-01,9.862898061064031552e-01,-1.392198718105957037e-02,1.826244110812508259e+00,-1.899693967097577374e-01,4.551525519975983813e-02,9.807344135176614408e-01,-1.668928901560794653e+00,0.000000000000000000e+00,0.000000000000000000e+00,0.000000000000000000e+00,1.000000000000000056e-01
9.644837086413206029e-01,-1.665586089158030692e-01,2.050107449903948720e-01,1.701708083745720756e+01,1.737230648600386618e-01,9.846420837572782414e-01,-1.732811674014105366e-02,1.997670928014259495e+00,-1.989760601206058410e-01,5.232778124627221472e-02,9.786063206462153330e-01,-1.836384675903078856e+00,0.000000000000000000e+00,0.000000000000000000e+00,0.000000000000000000e+00,1.000000000000000056e-01
9.615937910668298505e-01,-1.737208943063012767e-01,2.125051337336132939e-01,1.784190091629863417e+01,1.817980075358331393e-01,9.831537828194409911e-01,-1.892415873492559256e-02,2.147546502470714991e+00,-2.056377043193274301e-01,5.683036344457421951e-02,9.769766856752695183e-01,-1.998149639413317136e+00,0.000000000000000000e+00,0.000000000000000000e+00,0.000000000000000000e+00,1.000000000000000056e-01
9.589190431578028528e-01,-1.787131404655116773e-01,2.203086064916170983e-01,1.871171209943922165e+01,1.883467978228024475e-01,9.818249534025891290e-01,-2.335047378320288802e-02,2.304381255081451307e+00,-2.121314508016675093e-01,6.388563454297022104e-02,9.751506926008008946e-01,-2.182508860077295498e+00,0.000000000000000000e+00,0.000000000000000000e+00,0.000000000000000000e+00,1.000000000000000056e-01
9.554176985446188874e-01,-1.849409110172972326e-01,2.301605542654865388e-01,1.960895153251556522e+01,1.956008733337303573e-01,9.803852424911658758e-01,-2.418831653133074813e-02,2.489865186156986709e+00,-2.211726015101911358e-01,6.812955113333737933e-02,9.728520157781368471e-01,-2.375237112931425809e+00,0.000000000000000000e+00,0.000000000000000000e+00,0.000000000000000000e+00,1.000000000000000056e-01
9.524281092447318686e-01,-1.887669809141434007e-01,2.392649653356391237e-01,2.050149651553194374e+01,2.005913887003232254e-01,9.793341201740122237e-01,-2.584135914129071995e-02,2.660907296085138984e+00,-2.294423489676241101e-01,7.260652849126413011e-02,9.706103752385228933e-01,-2.580206968334208817e+00,0.000000000000000000e+00,0.000000000000000000e+00,0.000000000000000000e+00,1.000000000000000056e-01
9.502549515141708314e-01,-1.883247871783603200e-01,2.480913171737900158e-01,2.137649217528609924e+01,2.021078916298437167e-01,9.788702577239161151e-01,-3.107118736793755207e-02,2.863953709731867026e+00,-2.369977368325278388e-01,7.966676269147274225e-02,9.682382349703612112e-01,-2.783320468119689028e+00,0.000000000000000000e+00,0.000000000000000000e+00,0.000000000000000000e+00,1.000000000000000056e-01
9.471199853374276945e-01,-1.909267915506641933e-01,2.578966724147483958e-01,2.227473549330003877e+01,2.061644974410666020e-01,9.779562952414602162e-01,-3.313132343372725275e-02,3.086161685751409145e+00,-2.458860170267989642e-01,8.454847642487130222e-02,9.656042780378149004e-01,-3.000472896369812403e+00,0.000000000000000000e+00,0.000000000000000000e+00,0.000000000000000000e+00,1.000000000000000056e-01
9.453488460485034439e-01,-1.881294128667264642e-01,2.663135056454772887e-01,2.318573953807593213e+01,2.041365826871124334e-01,9.783692139972144375e-01,-3.349532372287906956e-02,3.300908344094871882e+00,-2.542514796094421659e-01,8.602909459533755743e-02,9.633043029071944874e-01,-3.223341904791262369e+00,0.000000000000000000e+00,0.000000000000000000e+00,0.000000000000000000e+00,1.000000000000000056e-01
9.450548827808149532e-01,-1.817989002222873407e-01,2.716991505509482319e-01,2.405960192587987478e+01,1.985801912053244411e-01,9.794466232465439681e-01,-3.535844837940903262e-02,3.498188779915619495e+00,-2.596866885171375539e-01,8.736974355524541880e-02,9.617324740893872237e-01,-3.451244446199339677e+00,0.000000000000000000e+00,0.000000000000000000e+00,0.000000000000000000e+00,1.000000000000000056e-01
9.434332753234694335e-01,-1.848115518185931838e-01,2.752786684921920135e-01,2.495418377200471483e+01,2.028586965437713385e-01,9.784572554323374138e-01,-3.833729944035757509e-02,3.685575060329859376e+00,-2.622632346498318667e-01,9.201135585470415768e-02,9.605997637646941367e-01,-3.677366231123101681e+00,0.000000000000000000e+00,0.000000000000000000e+00,0.000000000000000000e+00,1.000000000000000056e-01
9.437596637363159235e-01,-1.842223135120929223e-01,2.745538859833674961e-01,2.582038964529151315e+01,2.027471894612908609e-01,9.783958219265310730e-01,-4.043751726126480067e-02,3.883314664499020186e+00,-2.611728819572645133e-01,9.382832643162619668e-02,9.607210682030331572e-01,-3.916327068183528493e+00,0.000000000000000000e+00,0.000000000000000000e+00,0.000000000000000000e+00,1.000000000000000056e-01
9.415357396464187900e-01,-1.848520514246200230e-01,2.816738717960554084e-01,2.670720104990392230e+01,2.053768072779990073e-01,9.776522401460362444e-01,-4.490505951151516073e-02,4.079811523148580754e+00,-2.670782993819728057e-01,1.001289989041471429e-01,9.584588491832535251e-01,-4.151800280474890137e+00,0.000000000000000000e+00,0.000000000000000000e+00,0.000000000000000000e+00,1.000000000000000056e-01
9.396081953788983920e-01,-1.857674077598866214e-01,2.874489683247828942e-01,2.761404555359260016e+01,2.080957842209852637e-01,9.768855398969039650e-01,-4.889566984700720320e-02,4.259322636811210927e+00,-2.717215187766018336e-01,1.057596905938476967e-01,9.565470736347638780e-01,-4.402136210899793234e+00,0.000000000000000000e+00,0.000000000000000000e+00,0.000000000000000000e+00,1.000000000000000056e-01
9.360412662882721113e-01,-1.864115283242707422e-01,2.984585229361991776e-01,2.855113473972018312e+01,2.111791279683382372e-01,9.760254375823522732e-01,-5.270408999982725134e-02,4.464577509250879928e+00,-2.814784604831786496e-01,1.123614137503941568e-01,9.529663105189145611e-01,-4.666398047591470366e+00,0.000000000000000000e+00,0.000000000000000000e+00,0.000000000000000000e+00,1.000000000000000056e-01
9.326993582904260505e-01,-1.876329847256663630e-01,3.080028735053706446e-01,2.945374782902457511e+01,2.151907899405330338e-01,9.748620598756000399e-01,-5.776580424326690361e-02,4.660172698967129712e+00,-2.894215454478067939e-01,1.201575102024001751e-01,9.496301078696711695e-01,-4.931121953923049084e+00,0.000000000000000000e+00,0.000000000000000000e+00,0.000000000000000000e+00,1.000000000000000056e-01
9.295025781669030707e-01,-1.869171724187556061e-01,3.179417050908193154e-01,3.032905080979503865e+01,2.176469809721997550e-01,9.739459807554291526e-01,-6.371042492427936299e-02,4.850688681638025024e+00,-2.977494733072877375e-01,1.284180564613968678e-01,9.459672583762666065e-01,-5.183201974853227867e+00,0.000000000000000000e+00,0.000000000000000000e+00,0.000000000000000000e+00,1.000000000000000056e-01
9.287793653490402646e-01,-1.902595689599416162e-01,3.180726126547384625e-01,3.123808789238566774e+01,2.226883516052232670e-01,9.724762864895061254e-01,-6.855487054125732060e-02,5.046611106931472968e+00,-2.962748530692109195e-01,1.345034149557449710e-01,9.455844979715245513e-01,-5.461382485801920872e+00,0.000000000000000000e+00,0.000000000000000000e+00,0.000000000000000000e+00,1.000000000000000056e-01
9.276366630938850388e-01,-1.949705852076080714e-01,3.185540647799754987e-01,3.217784143525613416e+01,2.281139021789923005e-01,9.711221323096391744e-01,-6.989886816717996720e-02,5.265175413488671019e+00,-2.957266794131282461e-01,1.375073635925819215e-01,9.453239952741612218e-01,-5.759263612456907211e+00,0.000000000000000000e+00,0.000000000000000000e+00,0.000000000000000000e+00,1.000000000000000056e-01
9.247507210273810951e-01,-1.968408703135563209e-01,3.257142547288044421e-01,3.309388268680798717e+01,2.318018947870450763e-01,9.701059223111239138e-01,-7.184971169057827178e-02,5.508394587221574490e+00,-3.018343677126156255e-01,1.419442540967588151e-01,9.427342378403578138e-01,-6.058614767955877944e+00,0.000000000000000000e+00,0.000000000000000000e+00,0.000000000000000000e+00,1.000000000000000056e-01
9.228873796640606475e-01,-2.003687703943742293e-01,3.288331496480405014e-01,3.401317791026868065e+01,2.364740747682771982e-01,9.688679343804589283e-01,-7.331396655365263193e-02,5.740378678971451265e+00,-3.039060651242276312e-01,1.454210493016378503e-01,9.415380087923796992e-01,-6.335759229165492279e+00,0.000000000000000000e+00,0.000000000000000000e+00,0.000000000000000000e+00,1.000000000000000056e-01
9.212841866059422458e-01,-2.034629485404294558e-01,3.314185813756705956e-01,3.490873196380350407e+01,2.403375946027236365e-01,9.678719143136945702e-01,-7.390397894106374987e-02,5.985587960355573500e+00,-3.057340153309806574e-01,1.477389117801362617e-01,9.405848849602128636e-01,-6.620776538063490868e+00,0.000000000000000000e+00,0.000000000000000000e+00,0.000000000000000000e+00,1.000000000000000056e-01
9.187666431710097559e-01,-2.054459321400946559e-01,3.371347273173769254e-01,3.582009620076549083e+01,2.435799927844608526e-01,9.670135263316146368e-01,-7.452266102882823540e-02,6.216719302760035148e+00,-3.107034639513960306e-01,1.505882095609853977e-01,9.385022901569395337e-01,-6.919148083276793315e+00,0.000000000000000000e+00,0.000000000000000000e+00,0.000000000000000000e+00,1.000000000000000056e-01
9.164944360231915832e-01,-2.082265855532691723e-01,3.415840128099660866e-01,3.675512871987987751e+01,2.485751170880325933e-01,9.654324418949774556e-01,-7.842583312513734528e-02,6.466223244190712371e+00,-3.134459441485929476e-01,1.567861256793090241e-01,9.365734092377751008e-01,-7.234836773180757241e+00,0.000000000000000000e+00,0.000000000000000000e+00,0.000000000000000000e+00,1.000000000000000056e-01
9.133341703309294513e-01,-2.127487625803412552e-01,3.472155775976165093e-01,3.768654113411859896e+01,2.534994341935667417e-01,9.643506320056998149e-01,-7.593349335931301458e-02,6.715367303251531972e+00,-3.186828049478891978e-01,1.573716066218455445e-01,9.347060753305311831e-01,-7.520782396337984288e+00,0.000000000000000000e+00,0.000000000000000000e+00,0.000000000000000000e+00,1.000000000000000056e-01
9.110961005753157593e-01,-2.166486420475095542e-01,3.506668809788345831e-01,3.861536251590094082e+01,2.576960481100777356e-01,9.633605452683106085e-01,-7.435863506541637302e-02,6.970672296091916742e+00,-3.217089403558790472e-01,1.581133318835364343e-01,9.335435351261258674e-01,-7.838320384424019238e+00,0.000000000000000000e+00,0.000000000000000000e+00,0.000000000000000000e+00,1.000000000000000056e-01
9.084060546764064492e-01,-2.215350783546690683e-01,3.545710773394190607e-01,3.954747907323297795e+01,2.649659960913911538e-01,9.610680196181000667e-01,-7.836633577397891792e-02,7.244874558497819805e+00,-3.234060307763949593e-01,1.651377325923235606e-01,9.317392706823748316e-01,-8.141489204957530035e+00,0.000000000000000000e+00,0.000000000000000000e+00,0.000000000000000000e+00,1.000000000000000056e-01
9.064019397454086135e-01,-2.277246328742514869e-01,3.557766366810051761e-01,4.046925250844902422e+01,2.716452010673485185e-01,9.592245179085494566e-01,-7.808462704137472676e-02,7.515756222917058693e+00,-3.234878797773424464e-01,1.674210734208754769e-01,9.313032673687778873e-01,-8.440720399894361847e+00,0.000000000000000000e+00,0.000000000000000000e+00,0.000000000000000000e+00,1.000000000000000056e-01
9.059802107242845848e-01,-2.292604667280585540e-01,3.558644351036129860e-01,4.141260856226143261e+01,2.741339282860645321e-01,9.583142223384505387e-01,-8.052602452810854461e-02,7.800176714264629219e+00,-3.225685154171616942e-01,1.705095002030194151e-01,9.310617934391276496e-01,-8.765060749733825318e+00,0.000000000000000000e+00,0.000000000000000000e+00,0.000000000000000000e+00,1.000000000000000056e-01
9.045910996067596521e-01,-2.327757007179623583e-01,3.571140093408478045e-01,4.238067455788981164e+01,2.784354319744325457e-01,9.569905306516304222e-01,-8.150358559181267171e-02,8.072749154837330465e+00,-3.227826710550686373e-01,1.731606115673319513e-01,9.304981192179718752e-01,-9.091704995302489323e+00,0.000000000000000000e+00,0.000000000000000000e+00,0.000000000000000000e+00,1.000000000000000056e-01
9.019568597287042078e-01,-2.352476613020378360e-01,3.621220250692523956e-01,4.332671563225301981e+01,2.836459564247572618e-01,9.550603768149394934e-01,-8.605026462475526272e-02,8.376526320249634949e+00,-3.256052742082340412e-01,1.803280746030062887e-01,9.281503062100197043e-01,-9.406646804518912219e+00,0.000000000000000000e+00,0.000000000000000000e+00,0.000000000000000000e+00,1.000000000000000056e-01
9.009012016392545785e-01,-2.333356892357424939e-01,3.659665025843595876e-01,4.423974856875915407e+01,2.831059205003973456e-01,9.550430024886888969e-01,-8.799943849259948825e-02,8.657451407361453022e+00,-3.289803378054222405e-01,1.828860834680187120e-01,9.264581036459010877e-01,-9.723971664223116207e+00,0.000000000000000000e+00,0.000000000000000000e+00,0.000000000000000000e+00,1.000000000000000056e-01
8.973366241998073090e-01,-2.467403904583011787e-01,3.659319097676216326e-01,4.504509955551008460e+01,2.980974637546460748e-01,9.502590618778912201e-01,-9.025307430773545081e-02,8.924110559847525437e+00,-3.254610344922125864e-01,1.900707632315797313e-01,9.262549433022333467e-01,-1.000077049741912560e+01,0.000000000000000000e+00,0.000000000000000000e+00,0.000000000000000000e+00,1.000000000000000056e-01
8.978589843300395223e-01,-2.487778778881012953e-01,3.632613545800361665e-01,4.589724558043553770e+01,3.010898649858126386e-01,9.489187794336114701e-01,-9.432943994877812655e-02,9.198696750408091205e+00,-3.212384433106582060e-01,1.940688473498978772e-01,9.268997491787486220e-01,-1.030410612400333825e+01,0.000000000000000000e+00,0.000000000000000000e+00,0.000000000000000000e+00,1.000000000000000056e-01
8.973317022576625668e-01,-2.494820940840952739e-01,3.640803494488273895e-01,4.673220487004595469e+01,3.030032425348172520e-01,9.480220747444135787e-01,-9.717603002121574796e-02,9.481527670100357241e+00,-3.209125287936765991e-01,1.975166588637833065e-01,9.262841455701028570e-01,-1.059835402327643905e+01,0.000000000000000000e+00,0.000000000000000000e+00,0.000000000000000000e+00,1.000000000000000056e-01
8.946451220935668358e-01,-2.522021053544091229e-01,3.687874775110869807e-01,4.756724966850367764e+01,3.073823789781771065e-01,9.464836070467252949e-01,-9.841165929673370560e-02,9.790673950794410274e+00,-3.242316742822995979e-01,2.014022831216757126e-01,9.242894253130201632e-01,-1.089278914713751334e+01,0.000000000000000000e+00,0.000000000000000000e+00,0.000000000000000000e+00,1.000000000000000056e-01
8.938810202430631513e-01,-2.495347554058416906e-01,3.724367429427006271e-01,4.844818199177453977e+01,3.075974538435073402e-01,9.457493943169906769e-01,-1.046034872173807889e-01,1.010710042385866281e+01,-3.261296184620646188e-01,2.080636657217981300e-01,9.221436888946299426e-01,-1.119635701782979353e+01,0.000000000000000000e+00,0.000000000000000000e+00,0.000000000000000000e+00,1.000000000000000056e-01
8.911671500237741128e-01,-2.502237895777098542e-01,3.784298691275226334e-01,4.926398707893942941e+01,3.114993037999506109e-01,9.439263738763132849e-01,-1.094129079810080424e-01,1.038658939335191711e+01,-3.298322216683051700e-01,2.153858301515781393e-01,9.191407126872715994e-01,-1.149234825527409853e+01,0.000000000000000000e+00,0.000000000000000000e+00,0.000000000000000000e+00,1.000000000000000056e-01
8.900376319887414178e-01,-2.539177070872933872e-01,3.786275368636111693e-01,5.011381589546604687e+01,3.171722297727001538e-01,9.414667304454081842e-01,-1.142023297724116121e-01,1.071008425995371027e+01,-3.274672354677445885e-01,2.217345112786113237e-01,9.184764646974620250e-01,-1.178819473126535300e+01,0.000000000000000000e+00,0.000000000000000000e+00,0.000000000000000000e+00,1.000000000000000056e-01
8.896938072229757521e-01,-2.550666938045489385e-01,3.786633215677259745e-01,5.102166284157420506e+01,3.195017919330315204e-01,9.402963841799754086e-01,-1.173086307551409330e-01,1.103413029575959925e+01,-3.261342274902595539e-01,2.253523720968577670e-01,9.180701356920674128e-01,-1.207782497456468462e+01,0.000000000000000000e+00,0.000000000000000000e+00,0.000000000000000000e+00,1.000000000000000056e-01
8.871605878369189790e-01,-2.601818292874409355e-01,3.811187572102602283e-01,5.188903797601178525e+01,3.265709402903264058e-01,9.375020360683357090e-01,-1.201721819957390636e-01,1.137003019733653453e+01,-3.260329927273379891e-01,2.310743345254203940e-01,9.166826820535498577e-01,-1.238663248553121576e+01,0.000000000000000000e+00,0.000000000000000000e+00,0.000000000000000000e+00,1.000000000000000056e-01
8.851860910395242810e-01,-2.621203936195017903e-01,3.843676410403514820e-01,5.272752272859373335e+01,3.302246323578049703e-01,9.359563115599308647e-01,-1.222189634847317685e-01,1.168576599324122256e+01,-3.277152367747334649e-01,2.351141894907388674e-01,9.150541194299893766e-01,-1.267978969603064243e+01,0.000000000000000000e+00,0.000000000000000000e+00,0.000000000000000000e+00,1.000000000000000056e-01
8.819079001305638599e-01,-2.642800277494308792e-01,3.903774104889516372e-01,5.357480513625519336e+01,3.344876926658971183e-01,9.343225574484597118e-01,-1.231232800814453660e-01,1.198725841592490760e+01,-3.321993966616191840e-01,2.391598326971519639e-01,9.123848613835756627e-01,-1.296787222651872540e+01,0.000000000000000000e+00,0.000000000000000000e+00,0.000000000000000000e+00,1.000000000000000056e-01
8.809354513640786921e-01,-2.696645304780871388e-01,3.888878649842391066e-01,5.440591937197959993e+01,3.380948953298770210e-01,9.336246613534072702e-01,-1.184771432159597293e-01,1.233883981897479742e+01,-3.311262180526429733e-01,2.358517176421837391e-01,9.136352636601683397e-01,-1.326142975201183027e+01,0.000000000000000000e+00,0.000000000000000000e+00,0.000000000000000000e+00,1.000000000000000056e-01
8.810081638094061640e-01,-2.739446013455956175e-01,3.857187715094785307e-01,5.522662809868545253e+01,3.433423588472749310e-01,9.311333416989696632e-01,-1.229094162287779485e-01,1.265062983492450144e+01,-3.254852376412296078e-01,2.407177919683390899e-01,9.143928612513987364e-01,-1.355184651611491020e+01,0.000000000000000000e+00,0.000000000000000000e+00,0.000000000000000000e+00,1.000000000000000056e-01
8.811959251547426542e-01,-2.797188927548170390e-01,3.811182002039476546e-01,5.604306983907764561e+01,3.481346863911681244e-01,9.293620055172614469e-01,-1.228352670541189157e-01,1.298392566331052578e+01,-3.198374299890495709e-01,2.409224018993519345e-01,9.163298612623332895e-01,-1.382366871877044012e+01,0.000000000000000000e+00,0.000000000000000000e+00,0.000000000000000000e+00,1.000000000000000056e-01
8.821957955579218247e-01,-2.817450847665442515e-01,3.772933679642649918e-01,5.688287552345632747e+01,3.515777528996260060e-01,9.271259610280735419e-01,-1.297325558748480545e-01,1.332367102640623990e+01,-3.132469664114482799e-01,2.470974698325821284e-01,9.169619285643004769e-01,-1.412419595646457360e+01,0.000000000000000000e+00,0.000000000000000000e+00,0.000000000000000000e+00,1.000000000000000056e-01
8.823296717483068985e-01,-2.855652668630271895e-01,3.740946788100212861e-01,5.771298695925535327e+01,3.546253570647033282e-01,9.259892977228272315e-01,-1.295556892981424846e-01,1.365790330589141277e+01,-3.094110639250907124e-01,2.469742878605649672e-01,9.182965178288058361e-01,-1.441597843840174065e+01,0.000000000000000000e+00,0.000000000000000000e+00,0.000000000000000000e+00,1.000000000000000056e-01
8.794573528228099013e-01,-2.895043417751197445e-01,3.778121234942710682e-01,5.857803540550182220e+01,3.598647683058000535e-01,9.239466275162214748e-01,-1.296918580081781736e-01,1.401003050789439364e+01,-3.115318813510240537e-01,2.500197304109322838e-01,9.167540680614055804e-01,-1.468587227953004160e+01,0.000000000000000000e+00,0.000000000000000000e+00,0.000000000000000000e+00,1.000000000000000056e-01
8.786423014038999835e-01,-2.927720701379195045e-01,3.771899006214446959e-01,5.939815218979855871e+01,3.643601136100956817e-01,9.216581266039526321e-01,-1.333716809331372821e-01,1.435473946438674986e+01,-3.085926340561230830e-01,2.546189557202086506e-01,9.164822822042192341e-01,-1.494781701263001850e+01,0.000000000000000000e+00,0.000000000000000000e+00,0.000000000000000000e+00,1.000000000000000056e-01
8.780993706764458340e-01,-2.974471551541527647e-01,3.747888540342831920e-01,6.013728944743310478e+01,3.693345819387493512e-01,9.193353746880662536e-01,-1.356997989360413381e-01,1.466296688540971793e+01,-3.041931324040026974e-01,2.575803927667130733e-01,9.171253346519148142e-01,-1.520057343777024350e+01,0.000000000000000000e+00,0.000000000000000000e+00,0.000000000000000000e+00,1.000000000000000056e-01
8.765674639042978500e-01,-3.037584571285676938e-01,3.733098993427038104e-01,6.086845783248907082e+01,3.759191481811788305e-01,9.164738637349764128e-01,-1.369687961596392500e-01,1.497464067292052725e+01,-3.005233356249135679e-01,2.603967296521905173e-01,9.175397909253415474e-01,-1.544566164417923559e+01,0.000000000000000000e+00,0.000000000000000000e+00,0.000000000000000000e+00,1.000000000000000056e-01
8.770270381253766345e-01,-3.052203112052522815e-01,3.710311793162378580e-01,6.157965432372938608e+01,3.781258601474090097e-01,9.149302210900308596e-01,-1.411507152795529185e-01,1.528549675958025134e+01,-2.963855736786312756e-01,2.640894775713645837e-01,9.178302346029315606e-01,-1.568429543309360596e+01,0.000000000000000000e+00,0.000000000000000000e+00,0.000000000000000000e+00,1.000000000000000056e-01
8.770541608441037029e-01,-3.102060107461238059e-01,3.668081649077904460e-01,6.229770929366926424e+01,3.836164848993233734e-01,9.118642286388757290e-01,-1.460890859794647667e-01,1.559610223119380379e+01,-2.891615317768465587e-01,2.688416995664995035e-01,9.187544552896947936e-01,-1.592030206085447297e+01,0.000000000000000000e+00,0.000000000000000000e+00,0.000000000000000000e+00,1.000000000000000056e-01
8.755694546572527770e-01,-3.133937426962846717e-01,3.676445186726112202e-01,6.297360473351558596e+01,3.877578628271576844e-01,9.098168416141381165e-01,-1.479092780422832654e-01,1.589902757292127511e+01,-2.881353325902886175e-01,2.720618987548406587e-01,9.181287237413905400e-01,-1.613430868189195522e+01,0.000000000000000000e+00,0.000000000000000000e+00,0.000000000000000000e+00,1.000000000000000056e-01
8.740187269717292207e-01,-3.186675856265168139e-01,3.667999928757966766e-01,6.365844122762059953e+01,3.935102643116251131e-01,9.070615022905272884e-01,-1.496298865328937189e-01,1.621813213481500782e+01,-2.850279578990679852e-01,2.751188850904610073e-01,9.181877053644689202e-01,-1.634435347822125806e+01,0.000000000000000000e+00,0.000000000000000000e+00,0.000000000000000000e+00,1.000000000000000056e-01
8.704894831963914115e-01,-3.246943641604327913e-01,3.698940787940942498e-01,6.432631717849901065e+01,4.016578831317388354e-01,9.029870227395356830e-01,-1.525954838195408558e-01,1.651392567900221664e+01,-2.844626593467229347e-01,2.814036365195759504e-01,9.164567577310719360e-01,-1.654992432185618156e+01,0.000000000000000000e+00,0.000000000000000000e+00,0.000000000000000000e+00,1.000000000000000056e-01
8.703011241634327488e-01,-3.275806962653611265e-01,3.677864063749045620e-01,6.494615811907826242e+01,4.045528965443782043e-01,9.013755956254421164e-01,-1.544635539809735836e-01,1.680598404803199131e+01,-2.809144125484109855e-01,2.832188606805358111e-01,9.169919136924820080e-01,-1.673137133931705733e+01,0.000000000000000000e+00,0.000000000000000000e+00,0.000000000000000000e+00,1.000000000000000056e-01
8.710336131598885867e-01,-3.336539054290397210e-01,3.605211729393699716e-01,6.553561191914126027e+01,4.085372001719100865e-01,8.995683040862738622e-01,-1.545128549960874120e-01,1.708852858037825939e+01,-2.727596026198278456e-01,2.818722009622351421e-01,9.198642625427835284e-01,-1.690026270120669949e+01,0.000000000000000000e+00,0.000000000000000000e+00,0.000000000000000000e+00,1.000000000000000056e-01
8.732536581816543464e-01,-3.339530485368962243e-01,3.548287049341863897e-01,6.612718439110624047e+01,4.088360571069993288e-01,8.983533622117185757e-01,-1.606683385490221549e-01,1.735537631192762476e+01,-2.651058786250520827e-01,2.853709830655777324e-01,9.210224075138589983e-01,-1.707518934147528711e+01,0.000000000000000000e+00,0.000000000000000000e+00,0.000000000000000000e+00,1.000000000000000056e-01
8.747235229243739418e-01,-3.348349177637048868e-01,3.503488779615903104e-01,6.677180720483768539e+01,4.095169341591670120e-01,8.972743448709825653e-01,-1.649079460584771673e-01,1.766225440217641918e+01,-2.591421213921980549e-01,2.877226579234283821e-01,9.219875449472346718e-01,-1.725792438895093994e+01,0.000000000000000000e+00,0.000000000000000000e+00,0.000000000000000000e+00,1.000000000000000056e-01
8.749955110166982575e-01,-3.387261849497552602e-01,3.459008923521464385e-01,6.738207649633196183e+01,4.126025558334117660e-01,8.955114847950231827e-01,-1.667882235649427447e-01,1.794995861016887417e+01,-2.532626830394942297e-01,2.886585391593278205e-01,9.233278188975134748e-01,-1.743441761288102398e+01,0.000000000000000000e+00,0.000000000000000000e+00,0.000000000000000000e+00,1.000000000000000056e-01
8.736424085399479011e-01,-3.417086035685460987e-01,3.463873153678593830e-01,6.797808735527409851e+01,4.160327998226753254e-01,8.937711446613071375e-01,-1.676002698163773230e-01,1.823847933253425069e+01,-2.523205331958230380e-01,2.905311880298755978e-01,9.229983625715294515e-01,-1.759374159020972783e+01,0.000000000000000000e+00,0.000000000000000000e+00,0.000000000000000000e+00,1.000000000000000056e-01
8.719549261073795687e-01,-3.487325378535259257e-01,3.436280312770094159e-01,6.852658013926611602e+01,4.233612674530984887e-01,8.895843013744730854e-01,-1.714788849059754594e-01,1.848456771306015867e+01,-2.458858354146905012e-01,2.950006572710133224e-01,9.233172629990679114e-01,-1.774976333234487669e+01,0.000000000000000000e+00,0.000000000000000000e+00,0.000000000000000000e+00,1.000000000000000056e-01
8.711581662423114603e-01,-3.553079723949860713e-01,3.388800586371187307e-01,6.903086436917287472e+01,4.297474436595919989e-01,8.855832219221586588e-01,-1.762370327655757296e-01,1.871584253064210657e+01,-2.374880714001842141e-01,2.991631691945594862e-01,9.241757485132837679e-01,-1.786817344920031303e+01,0.000000000000000000e+00,0.000000000000000000e+00,0.000000000000000000e+00,1.000000000000000056e-01
8.724804766525977584e-01,-3.549249844025669232e-01,3.358661538572969563e-01,6.957609000396024612e+01,4.310060127325416879e-01,8.828215798281471294e-01,-1.867079944140867809e-01,1.896293599331696811e+01,-2.302425565538481211e-01,3.076594117471009304e-01,9.232193951141710597e-01,-1.800842637748016628e+01,0.000000000000000000e+00,0.000000000000000000e+00,0.000000000000000000e+00,1.000000000000000056e-01
8.747667380794001968e-01,-3.533691323013579688e-01,3.315319144313430555e-01,7.012229440833073113e+01,4.301246960253155005e-01,8.813439364378009566e-01,-1.955137119832040804e-01,1.921056980630221389e+01,-2.231051317631576603e-01,3.136289559988151288e-01,9.229631510196045774e-01,-1.813838320703416684e+01,0.000000000000000000e+00,0.000000000000000000e+00,0.000000000000000000e+00,1.000000000000000056e-01
8.765496571056065056e-01,-3.549188276805760323e-01,3.251050974467937227e-01,7.063340083181267914e+01,4.300130772033479154e-01,8.809080415193037972e-01,-1.977113446940563513e-01,1.945942011605418642e+01,-2.162162160018327173e-01,3.131032547650535180e-01,9.247793789836464828e-01,-1.825762759461428431e+01,0.000000000000000000e+00,0.000000000000000000e+00,0.000000000000000000e+00,1.000000000000000056e-01
8.786042199117877205e-01,-3.534254991013984215e-01,3.211620172718534505e-01,7.113490392295041431e+01,4.264886669177874179e-01,8.832819768753403800e-01,-1.947315236880748368e-01,1.972746843075110590e+01,-2.148535355629213051e-01,3.080638990730950044e-01,9.267872422212093397e-01,-1.837764741995093942e+01,0.000000000000000000e+00,0.000000000000000000e+00,0.000000000000000000e+00,1.000000000000000056e-01
8.792412340659669923e-01,-3.506244015101978584e-01,3.224862499142729377e-01,7.163019945906712849e+01,4.253445946673398148e-01,8.826539178826562360e-01,-2.000100923295459188e-01,1.994506817961150702e+01,-2.145153330310719808e-01,3.130249036610548430e-01,9.252019139531411085e-01,-1.849899412903620899e+01,0.000000000000000000e+00,0.000000000000000000e+00,0.000000000000000000e+00,1.000000000000000056e-01
8.807442915776148018e-01,-3.477344494661943064e-01,3.215124344529898814e-01,7.216002688892228889e+01,4.232494209437620003e-01,8.825324923176823821e-01,-2.049300555660639456e-01,2.017617492024350767e+01,-2.124839300375807594e-01,3.165709283209414693e-01,9.244638591193286015e-01,-1.861149887383156809e+01,0.000000000000000000e+00,0.000000000000000000e+00,0.000000000000000000e+00,1.000000000000000056e-01
8.822500050134840510e-01,-3.435482388911317853e-01,3.218843522268660662e-01,7.266264311992009084e+01,4.197319174160688005e-01,8.836556414604233023e-01,-2.073109375247678965e-01,2.038288302079552139e+01,-2.132136162536007185e-01,3.180052120169882812e-01,9.238033551433403323e-01,-1.872823281811238161e+01,0.000000000000000000e+00,0.000000000000000000e+00,0.000000000000000000e+00,1.000000000000000056e-01
8.865109359350515916e-01,-3.380265673935883286e-01,3.159689861421003942e-01,7.311941468875923533e+01,4.128103178463365386e-01,8.862552347941266007e-01,-2.100935512566107222e-01,2.060347236679301730e+01,-2.090119660382283029e-01,3.166854883573218538e-01,9.252158124009333129e-01,-1.881970621494566842e+01,0.000000000000000000e+00,0.000000000000000000e+00,0.000000000000000000e+00,1.000000000000000056e-01
8.918879625486469953e-01,-3.304980837375077751e-01,3.087181220898095324e-01,7.357706713888083527e+01,4.031840088085768548e-01,8.902969375626645920e-01,-2.116932167254926833e-01,2.082885546707868230e+01,-2.048865961986499895e-01,3.132768418066939065e-01,9.272966640109059355e-01,-1.892030887102639625e+01,0.000000000000000000e+00,0.000000000000000000e+00,0.000000000000000000e+00,1.000000000000000056e-01
8.998212275874385435e-01,-3.146921675504836813e-01,3.021433402632159315e-01,7.403459825223713153e+01,3.850571923522196904e-01,8.984531251485571302e-01,-2.109809008621797155e-01,2.101269866341799641e+01,-2.050675912982372062e-01,3.061875595009855289e-01,9.296216764931687360e-01,-1.902654341729168408e+01,0.000000000000000000e+00,0.000000000000000000e+00,0.000000000000000000e+00,1.000000000000000056e-01
9.050211993142051048e-01,-3.016528294043534508e-01,2.999036500348501999e-01,7.450973867833158693e+01,3.724381311680879936e-01,9.025473286532871287e-01,-2.160975659114127978e-01,2.118674092662611130e+01,-2.054907960077529128e-01,3.072684332194951518e-01,9.291714818605534276e-01,-1.911835453289524622e+01,0.000000000000000000e+00,0.000000000000000000e+00,0.000000000000000000e+00,1.000000000000000056e-01
9.119740785389198745e-01,-2.808579548166681428e-01,2.990352642904954283e-01,7.497843688164775244e+01,3.529554413818912217e-01,9.086850228331408985e-01,-2.229663330587121628e-01,2.136094303865267463e+01,-2.091069976638811889e-01,3.088856398328232444e-01,9.278275297883034067e-01,-1.922623541869100094e+01,0.000000000000000000e+00,0.000000000000000000e+00,0.000000000000000000e+00,1.000000000000000056e-01
9.193253812262964786e-01,-2.575464419448622033e-01,2.975074346544409054e-01,7.542887584255468880e+01,3.302251862611164102e-01,9.161084777297130444e-01,-2.273688267783400829e-01,2.155295206946234288e+01,-2.139910507286127417e-01,3.072703813798029482e-01,9.272500972956404519e-01,-1.931127693716983629e+01,0.000000000000000000e+00,0.000000000000000000e+00,0.000000000000000000e+00,1.000000000000000056e-01
9.278224859119630352e-01,-2.303281370808513417e-01,2.934184450661030952e-01,7.586344933295124804e+01,3.034021731306192349e-01,9.235829485770946645e-01,-2.343963703585392189e-01,2.165400361318076605e+01,-2.170081933378621708e-01,3.065020169044638809e-01,9.268030846181580795e-01,-1.942857575776078960e+01,0.000000000000000000e+00,0.000000000000000000e+00,0.000000000000000000e+00,1.000000000000000056e-01
