1.000000000000000000e+00,-9.301899965261070628e-14,3.844997210976531378e-14,6.116804774041761618e-21,9.301899965261105969e-14,1.000000000000000000e+00,-9.503507621712615561e-15,2.147462662152429967e-20,-3.844997210976443026e-14,9.503507621716190679e-15,1.000000000000000000e+00,-1.207898147742255437e-20,0.000000000000000000e+00,0.000000000000000000e+00,0.000000000000000000e+00,1.000000000000000056e-01
9.999970979527844639e-01,-2.266477066910096635e-03,-8.168033511573379686e-04,6.462950337236772480e-01,2.265285574703142409e-03,9.999963732310195308e-01,-1.456710703062354811e-03,1.709475366718521058e-02,8.201019902018942759e-04,1.454856182770369183e-03,9.999986054121341450e-01,6.593484254800781319e-03,0.000000000000000000e+00,0.000000000000000000e+00,0.000000000000000000e+00,1.000000000000000056e-01
9.999758306146478981e-01,-6.895605424301517496e-03,-8.881511005569730144e-04,1.299010191243147760e+00,6.894935993504503098e-03,9.999759449254875809e-01,-7.546045479303469016e-04,1.889582780428862921e-02,8.933331912299818890e-04,7.484625646113385626e-04,9.999993208795687760e-01,1.042917330870200485e-02,0.000000000000000000e+00,0.000000000000000000e+00,0.000000000000000000e+00,1.000000000000000056e-01
9.999237800818775446e-01,-1.193635127679007132e-02,-3.155557790022418384e-03,2.001015354354233722e+00,1.193590217466299758e-02,9.999287516023467326e-01,-1.611156394768240919e-04,2.351825283970939914e-02,3.157256094455156582e-03,1.234389301677715756e-04,9.999950082359334580e-01,1.659119289719441712e-02,0.000000000000000000e+00,0.000000000000000000e+00,0.000000000000000000e+00,1.000000000000000056e-01
9.998456298509486029e-01,-1.707133729346060891e-02,-4.157632856909462306e-03,2.705494402974068180e+00,1.706785492107194130e-02,9.998539536267948558e-01,-8.716336733118974691e-04,3.301888497732291539e-02,4.171905602143037746e-03,8.005372446750174797e-04,9.999909771311772388e-01,1.898337625338806720e-02,0.000000000000000000e+00,0.000000000000000000e+00,0.000000000000000000e+00,1.000000000000000056e-01
9.997468984026304240e-01,-2.212929836730805760e-02,-4.053799216922178428e-03,3.417110376566500296e+00,2.212813082001955506e-02,9.997550875960741212e-01,-3.326442217202430179e-04,3.936997149032499949e-02,4.060167574443537819e-03,2.428570295462231029e-04,9.999917279956522798e-01,3.633484751893244907e-02,0.000000000000000000e+00,0.000000000000000000e+00,0.000000000000000000e+00,1.000000000000000056e-01
9.996154059338095976e-01,-2.738613267977269006e-02,-4.363479876312449657e-03,4.159164071153420572e+00,2.739220749230757146e-02,9.996238668797626792e-01,1.338556330066512827e-03,6.777589583106620463e-02,4.325180745756928083e-03,-1.457566875405166959e-03,9.999895841009146524e-01,4.717204518510517003e-02,0.000000000000000000e+00,0.000000000000000000e+00,0.000000000000000000e+00,1.000000000000000056e-01
9.994664687600114394e-01,-3.231958528222855093e-02,-4.714046200229991823e-03,4.927043502795591223e+00,3.233564371842594792e-02,9.994713815041340599e-01,3.371008681799935944e-03,1.001079460137293958e-01,4.602604665639617801e-03,-3.521641861760759808e-03,9.999832068934404461e-01,5.711976483811101457e-02,0.000000000000000000e+00,0.000000000000000000e+00,0.000000000000000000e+00,1.000000000000000056e-01
9.993097724724123720e-01,-3.688023774282828821e-02,-4.452718851204670591e-03,5.697602329495264684e+00,3.689762199235194912e-02,9.993114903099853397e-01,3.887264558218993249e-03,1.416072351589701406e-01,4.306289870052317989e-03,-4.048876198223864270e-03,9.999825310819616675e-01,6.517084425286709393e-02,0.000000000000000000e+00,0.000000000000000000e+00,0.000000000000000000e+00,1.000000000000000056e-01
9.991994795423986275e-01,-3.995773411413615361e-02,-1.944110764245461599e-03,6.491116772109879918e+00,3.996585900036876693e-02,9.991916328532101099e-01,4.337159265978095604e-03,1.838505751253919906e-01,1.769236152213310301e-03,-4.411385337942738336e-03,9.999887046776267940e-01,7.641352070233498051e-02,0.000000000000000000e+00,0.000000000000000000e+00,0.000000000000000000e+00,1.000000000000000056e-01
9.990592684638317511e-01,-4.336487159930597218e-02,-2.569196159461371236e-04,7.288510183690875444e+00,4.336535151173551844e-02,9.990565915079152592e-01,2.318027793245294819e-03,2.203253673216944986e-01,1.561562581809656071e-04,-2.326988560854238806e-03,9.999972803660321929e-01,8.320154495850372312e-02,0.000000000000000000e+00,0.000000000000000000e+00,0.000000000000000000e+00,1.000000000000000056e-01
9.989371523537197151e-01,-4.609040433187662489e-02,4.901795238077326323e-04,8.096948897195025197e+00,4.608892278954290767e-02,9.989337052806490647e-01,2.695116022156167964e-03,2.712307407649984237e-01,-6.138758351524592873e-04,-2.669659678209777409e-03,9.999962480297921452e-01,9.759265781964934772e-02,0.000000000000000000e+00,0.000000000000000000e+00,0.000000000000000000e+00,1.000000000000000056e-01
9.988151700551346490e-01,-4.866440775863138668e-02,-1.774407904439072228e-04,8.927478400731464703e+00,4.866464562631390989e-02,9.988136130235387711e-01,1.765985540631974599e-03,3.059537585678745453e-01,9.128963655587006695e-05,-1.772528241267840336e-03,9.999984249036776296e-01,1.009918398267803108e-01,0.000000000000000000e+00,0.000000000000000000e+00,0.000000000000000000e+00,1.000000000000000056e-01
9.987078786127675523e-01,-5.080934452177962579e-02,-9.918195665284410337e-04,9.700704820926194571e+00,5.081143705909602071e-02,9.987058130391255339e-01,2.212886316286395792e-03,3.768600109716184199e-01,8.781006633461725186e-04,-2.260422776028247951e-03,9.999970597097266323e-01,1.185625486858606359e-01,0.000000000000000000e+00,0.000000000000000000e+00,0.000000000000000000e+00,1.000000000000000056e-01
9.985771020096835260e-01,-5.331336191461462370e-02,-1.206972784834112362e-03,1.050317295918357274e+01,5.331375128941789887e-02,9.985777677412760456e-01,2.927393042849753399e-04,4.394103402979255835e-01,1.189649272728141808e-03,-3.566710129809635543e-04,9.999992287599007712e-01,1.270782693633263627e-01,0.000000000000000000e+00,0.000000000000000000e+00,0.000000000000000000e+00,1.000000000000000056e-01
9.984431291188715640e-01,-5.576895711863071037e-02,-1.068333850781661570e-03,1.131010717639058072e+01,5.576878773084947838e-02,9.984436924924323664e-01,-1.877154993565398702e-04,4.967635254679299561e-01,1.077139892423218618e-03,1.278435668117317080e-04,9.999994117126642657e-01,1.503505625233741150e-01,0.000000000000000000e+00,0.000000000000000000e+00,0.000000000000000000e+00,1.000000000000000056e-01
9.982861454091873643e-01,-5.848489706307045954e-02,-2.070917571707567816e-03,1.216418249416296149e+01,5.848548202050422862e-02,9.982882342637637851e-01,2.229873671535406276e-04,5.461645629245297506e-01,2.054331252751409598e-03,-3.437238116367005453e-04,9.999978307861698834e-01,1.549267326394455357e-01,0.000000000000000000e+00,0.000000000000000000e+00,0.000000000000000000e+00,1.000000000000000056e-01
9.981981291718655669e-01,-5.989017717725987622e-02,-3.696159556087376744e-03,1.304150617902987364e+01,5.990312991908919305e-02,9.981980619882070416e-01,3.499152595180925109e-03,6.073768601839439896e-01,3.479934436789957133e-03,-3.714259100286462865e-03,9.999870470839368197e-01,1.697359919558178443e-01,0.000000000000000000e+00,0.000000000000000000e+00,0.000000000000000000e+00,1.000000000000000056e-01
9.983669169862154913e-01,-5.697586345916454131e-02,-4.153318013568856569e-03,1.392821246671803870e+01,5.700525942737309781e-02,9.983468894864554466e-01,7.340888933700859091e-03,6.695212993836863191e-01,3.728198634339099753e-03,-7.565661623525027184e-03,9.999644300169587829e-01,1.875837040569643954e-01,0.000000000000000000e+00,0.000000000000000000e+00,0.000000000000000000e+00,1.000000000000000056e-01
9.975289645544401784e-01,-7.011936266548733643e-02,-4.386325835170174284e-03,1.488594239349684045e+01,7.014101627206585643e-02,9.975245827332045456e-01,4.994464863015826012e-03,7.611606338474230515e-01,4.025259155410163686e-03,-5.289784715086964101e-03,9.999779074891603781e-01,1.915907067215646131e-01,0.000000000000000000e+00,0.000000000000000000e+00,0.000000000000000000e+00,1.000000000000000056e-01
9.972744888216050763e-01,-7.371023811096141798e-02,-3.224087968963171898e-03,1.582627560859961058e+01,7.371365629393150654e-02,9.972789910726237439e-01,9.543798771011115668e-04,8.417277172114630002e-01,3.144967628827543670e-03,-1.189438016483188422e-03,9.999943471919321425e-01,1.890882839849218899e-01,0.000000000000000000e+00,0.000000000000000000e+00,0.000000000000000000e+00,1.000000000000000056e-01
9.970695980448803786e-01,-7.648617457113203455e-02,-1.442828505080905651e-03,1.673085173117335245e+01,7.648927127965855777e-02,9.970679120941967621e-01,2.229361169936954282e-03,9.258564411238544567e-01,1.268082697445108847e-03,-2.333189146541060806e-03,9.999964740911234662e-01,2.048254893692076084e-01,0.000000000000000000e+00,0.000000000000000000e+00,0.000000000000000000e+00,1.000000000000000056e-01
9.970262872292643408e-01,-7.705409758141087972e-02,-1.117416548551247810e-03,1.760297623725641358e+01,7.705597376806150312e-02,9.970252390205487369e-01,1.746328340682465645e-03,1.001523129269478174e+00,9.795307470326945418e-04,-1.827238882047043387e-03,9.999978508564824065e-01,2.213475297304778600e-01,0.000000000000000000e+00,0.000000000000000000e+00,0.000000000000000000e+00,1.000000000000000056e-01
9.969717050075489473e-01,-7.774229294666733237e-02,-1.885550777691657976e-03,1.850193256521082219e+01,7.774399168600208687e-02,9.969729975758426788e-01,8.449031693248720875e-04,1.074985485560749243e+00,1.814158501215491813e-03,-9.889347972724946752e-04,9.999978654161714164e-01,2.241827458843268783e-01,0.000000000000000000e+00,0.000000000000000000e+00,0.000000000000000000e+00,1.000000000000000056e-01
9.968034505130630718e-01,-7.989186580260222714e-02,-4.133083963389812005e-04,1.941986061832496802e+01,7.989187416240091377e-02,9.968035355218738403e-01,3.729814585606945827e-06,1.150974693375157454e+00,4.116892888852304293e-04,-3.673787443928456278e-05,9.999999145811253598e-01,2.341756140981618994e-01,0.000000000000000000e+00,0.000000000000000000e+00,0.000000000000000000e+00,1.000000000000000056e-01
9.966383021084790350e-01,-8.192052376434204308e-02,1.059507670573958237e-03,2.034523896100632712e+01,8.192289013982732848e-02,9.966357188424750380e-01,-2.425695463315198554e-03,1.214462228277231270e+00,-8.572289460340238232e-04,2.504338938489434219e-03,9.999964967163711416e-01,2.501938831333384017e-01,0.000000000000000000e+00,0.000000000000000000e+00,0.000000000000000000e+00,1.000000000000000056e-01
9.966628164864264061e-01,-8.152697211579554293e-02,4.072229238907840686e-03,2.127860511894252227e+01,8.153386527961603569e-02,9.966693570407624270e-01,-1.556132551749933070e-03,1.304088067992263289e+00,-3.931799322109872340e-03,1.882964042006122964e-03,9.999904976551062807e-01,2.525145373919084335e-01,0.000000000000000000e+00,0.000000000000000000e+00,0.000000000000000000e+00,1.000000000000000056e-01
9.967816048508186810e-01,-7.981824429992442904e-02,7.448497023160414662e-03,2.224176807349013174e+01,7.983271308626327389e-02,9.968068842469597346e-01,-1.665364571075709848e-03,1.394253052868086984e+00,-7.291786633796728395e-03,2.254638495592392426e-03,9.999708728022738136e-01,2.641846929131376753e-01,0.000000000000000000e+00,0.000000000000000000e+00,0.000000000000000000e+00,1.000000000000000056e-01
9.969405749047222098e-01,-7.754384731138078135e-02,9.820481291225984996e-03,2.321438647615709172e+01,7.755563137600213208e-02,9.969876852766097475e-01,-8.242867568146942762e-04,1.471438277292472563e+00,-9.726980544430415335e-03,1.583398540182438027e-03,9.999514381701499754e-01,2.668903443575580958e-01,0.000000000000000000e+00,0.000000000000000000e+00,0.000000000000000000e+00,1.000000000000000056e-01
9.970943829230849431e-01,-7.545616335436144961e-02,1.044791630290271486e-02,2.413416872851138706e+01,7.547917919531127451e-02,9.971457064000133208e-01,-1.825846658532766622e-03,1.557089255617047030e+00,-1.028032349853988045e-02,2.609141594146313463e-03,9.999437520825393833e-01,2.643446162243474618e-01,0.000000000000000000e+00,0.000000000000000000e+00,0.000000000000000000e+00,1.000000000000000056e-01
9.971769707369516622e-01,-7.462821599092353542e-02,8.289656801628096650e-03,2.507453558288057138e+01,7.464914678397080450e-02,9.972073341687981429e-01,-2.244451911720289281e-03,1.633387263132472844e+00,-8.099007118276695810e-03,2.856931565667475588e-03,9.999631213328455948e-01,2.712739714424031168e-01,0.000000000000000000e+00,0.000000000000000000e+00,0.000000000000000000e+00,1.000000000000000056e-01
9.973967309422988592e-01,-7.192996634458991012e-02,5.083409021666134703e-03,2.600546237260722648e+01,7.195036433912281593e-02,9.974003906007178344e-01,-3.950430483243881109e-03,1.708059611543566669e+00,-4.786039812086641601e-03,4.305899580995915625e-03,9.999792763111221561e-01,2.724646649381953778e-01,0.000000000000000000e+00,0.000000000000000000e+00,0.000000000000000000e+00,1.000000000000000056e-01
9.974646553787930303e-01,-7.109920822915613559e-02,3.027186689449107900e-03,2.695864132871747287e+01,7.111138648611822766e-02,9.974598486462595837e-01,-4.125657596422760594e-03,1.778918244208877564e+00,-2.726166188551616947e-03,4.330465075265777473e-03,9.999869074593648044e-01,2.798503528279052688e-01,0.000000000000000000e+00,0.000000000000000000e+00,0.000000000000000000e+00,1.000000000000000056e-01
9.973796480058788605e-01,-7.219598721657473350e-02,4.645123625199334277e-03,2.792729075324399091e+01,7.222153874988078426e-02,9.973729473958958813e-01,-5.590451092968592647e-03,1.849830608214610761e+00,-4.229312505440521730e-03,5.911280119194416149e-03,9.999735844926523898e-01,2.874431638450748450e-01,0.000000000000000000e+00,0.000000000000000000e+00,0.000000000000000000e+00,1.000000000000000056e-01
9.975233148960361840e-01,-6.988222094603153967e-02,7.981944279022787012e-03,2.892192998709534635e+01,6.995737596140998160e-02,9.975041723335725807e-01,-9.559901971688058997e-03,1.919493027933476981e+00,-7.293955539851413108e-03,1.009462098171004865e-02,9.999224454125521522e-01,2.928191715623660873e-01,0.000000000000000000e+00,0.000000000000000000e+00,0.000000000000000000e+00,1.000000000000000056e-01
9.973756391924383236e-01,-7.135292857276596956e-02,1.227167183251356812e-02,2.986652864818002584e+01,7.149954781704311035e-02,9.973689837210946152e-01,-1.195512329962404585e-02,1.973244561880823644e+00,-1.138635180527615594e-02,1.280116772957080873e-02,9.998532297779139100e-01,2.985446838951459902e-01,0.000000000000000000e+00,0.000000000000000000e+00,0.000000000000000000e+00,1.000000000000000056e-01
9.974129957035828831e-01,-7.082519225837370647e-02,1.229260522301694157e-02,3.077262697139675751e+01,7.105935313428259070e-02,9.972757425997407221e-01,-1.979044098227595097e-02,2.019386685723793207e+00,-1.085745521482197988e-02,2.061274760190949865e-02,9.997285783164139294e-01,3.131700638662293090e-01,0.000000000000000000e+00,0.000000000000000000e+00,0.000000000000000000e+00,1.000000000000000056e-01
9.973904766155164969e-01,-7.158032090787334878e-02,9.407168298633122178e-03,3.171194040422308547e+01,7.177391465751818689e-02,9.971745324402343513e-01,-2.216883008494972829e-02,2.083974003247421880e+00,-7.793736678143259322e-03,2.278616929907141542e-02,9.997099820234195411e-01,3.091408873352228803e-01,0.000000000000000000e+00,0.000000000000000000e+00,0.000000000000000000e+00,1.000000000000000056e-01
9.974372101175464911e-01,-7.118616765315166628e-02,7.179234484460038541e-03,3.269091563846904336e+01,7.133471857661360938e-02,9.971836947597039202e-01,-2.315246921995544813e-02,2.166196623624358164e+00,-5.510880013283957386e-03,2.360526297762920514e-02,9.997061677119113421e-01,3.079808870810914478e-01,0.000000000000000000e+00,0.000000000000000000e+00,0.000000000000000000e+00,1.000000000000000056e-01
9.973975725937812564e-01,-7.185588484398811038e-02,5.900338746239517859e-03,3.365758728630540730e+01,7.197353103074605185e-02,9.971410717868517404e-01,-2.301073199041937453e-02,2.244787876616097133e+00,-4.230013593251313875e-03,2.337551644469473486e-02,9.997178062913277818e-01,3.064371569964859932e-01,0.000000000000000000e+00,0.000000000000000000e+00,0.000000000000000000e+00,1.000000000000000056e-01
9.975082203571783435e-01,-7.014155468638061386e-02,7.583707934275991068e-03,3.461264724014756666e+01,7.030496619216727860e-02,9.972366493670137277e-01,-2.400576780629741502e-02,2.301461611754458403e+00,-5.878949614781462350e-03,2.447912305269792088e-02,9.996830550159374607e-01,3.189771294679836222e-01,0.000000000000000000e+00,0.000000000000000000e+00,0.000000000000000000e+00,1.000000000000000056e-01
9.973393748058901886e-01,-7.223792892747038508e-02,9.790458930292070955e-03,3.559075929127848070e+01,7.244111714064010998e-02,9.971235652779242287e-01,-2.229080785564322917e-02,2.388508964473431639e+00,-8.152055520668069488e-03,2.294073215289535797e-02,9.997035894699373149e-01,3.145346844724477009e-01,0.000000000000000000e+00,0.000000000000000000e+00,0.000000000000000000e+00,1.000000000000000056e-01
9.973411458274051844e-01,-7.197304022226101716e-02,1.142454904332000816e-02,3.657196888241601584e+01,7.219889527529084472e-02,9.971739726062829323e-01,-2.076987909525808071e-02,2.466477989115996472e+00,-9.897391611228214051e-03,2.153949483550745073e-02,9.997190064220671246e-01,3.234623306732515857e-01,0.000000000000000000e+00,0.000000000000000000e+00,0.000000000000000000e+00,1.000000000000000056e-01
9.973895355166521037e-01,-7.108682300927225695e-02,1.267982792964366008e-02,3.757158913049615734e+01,7.133093357026450143e-02,9.972528121815182889e-01,-1.996813742059806371e-02,2.544149865374625286e+00,-1.122552261017201701e-02,2.082047527079477697e-02,9.997202085841951913e-01,3.191576805882927470e-01,0.000000000000000000e+00,0.000000000000000000e+00,0.000000000000000000e+00,1.000000000000000056e-01
9.972859326543443981e-01,-7.195970097787000863e-02,1.557465777890083662e-02,3.856317370351872142e+01,7.225542247439946386e-02,9.971986532633486666e-01,-1.933907580030084020e-02,2.612719811057262032e+00,-1.413939365037943964e-02,2.041194172388475711e-02,9.996916675566823729e-01,3.361183719895461941e-01,0.000000000000000000e+00,0.000000000000000000e+00,0.000000000000000000e+00,1.000000000000000056e-01
9.974465704441786151e-01,-6.941017803309350309e-02,1.680970834251502982e-02,3.957614542298761506e+01,6.971227594556771157e-02,9.974028046233823774e-01,-1.810646050170776344e-02,2.692362712786412260e+00,-1.550927759875284778e-02,1.923206995684931253e-02,9.996947483074719587e-01,3.325073808361379557e-01,0.000000000000000000e+00,0.000000000000000000e+00,0.000000000000000000e+00,1.000000000000000056e-01
9.974080253524233441e-01,-7.025284251464690433e-02,1.554892540312349629e-02,4.058575467167619877e+01,7.056329704797413560e-02,9.972984885145667056e-01,-2.040945654053724634e-02,2.774087420805510185e+00,-1.407309746640891986e-02,2.145373918861075146e-02,9.996707883110959036e-01,3.458343997427653083e-01,0.000000000000000000e+00,0.000000000000000000e+00,0.000000000000000000e+00,1.000000000000000056e-01
9.974612922024612693e-01,-6.993369035410050560e-02,1.342570338019056370e-02,4.159355161883037511e+01,7.015821177855800783e-02,9.973901305767325365e-01,-1.705147348950857358e-02,2.846904824024083069e+00,-1.219819158035629833e-02,1.795010812182474755e-02,9.997644711333683043e-01,3.612208362398834360e-01,0.000000000000000000e+00,0.000000000000000000e+00,0.000000000000000000e+00,1.000000000000000056e-01
9.975964144925951738e-01,-6.839321311637759637e-02,1.112484566796365093e-02,4.262631202073226433e+01,6.855497549509147193e-02,9.975364501519824456e-01,-1.487433874324933791e-02,2.920310667600674481e+00,-1.008013523647687676e-02,1.560125052036775636e-02,9.998274810465128670e-01,3.696491870038162708e-01,0.000000000000000000e+00,0.000000000000000000e+00,0.000000000000000000e+00,1.000000000000000056e-01
9.975795020924833612e-01,-6.863966846465550942e-02,1.112352992422918109e-02,4.367522218129791156e+01,6.883584934046239889e-02,9.974595127476154621e-01,-1.833429231977043786e-02,2.989899551101537600e+00,-9.836810991892036907e-03,1.905561183357299890e-02,9.997700339613895260e-01,3.786035834714407966e-01,0.000000000000000000e+00,0.000000000000000000e+00,0.000000000000000000e+00,1.000000000000000056e-01
9.975839713400995734e-01,-6.829573021529780630e-02,1.272451805274743553e-02,4.468835730450042121e+01,6.854537767212803834e-02,9.974406019772525944e-01,-2.034150257580046722e-02,3.075358773092569997e+00,-1.130271317431216782e-02,2.116456381821327920e-02,9.997121135173285822e-01,3.869335291327892778e-01,0.000000000000000000e+00,0.000000000000000000e+00,0.000000000000000000e+00,1.000000000000000056e-01
9.975776605218045212e-01,-6.827740205006131713e-02,1.330442021050569010e-02,4.567511147220676548e+01,6.854570534325667153e-02,9.974294937437703235e-01,-2.087800970019469335e-02,3.140325476448621700e+00,-1.184472485281380313e-02,2.173939694058395558e-02,9.996935035868848018e-01,3.885648412383960193e-01,0.000000000000000000e+00,0.000000000000000000e+00,0.000000000000000000e+00,1.000000000000000056e-01
9.970130557503289470e-01,-7.642732836158355747e-02,1.112789930319937198e-02,4.659094609695073075e+01,7.660475901946484090e-02,9.969249690665905606e-01,-1.650202857673113352e-02,3.196648605109904562e+00,-9.832474711952102209e-03,1.730518798188042037e-02,9.998019068345241900e-01,4.011027765818701019e-01,0.000000000000000000e+00,0.000000000000000000e+00,0.000000000000000000e+00,1.000000000000000056e-01
9.970423211550966114e-01,-7.648949647776678851e-02,7.481093117649648128e-03,4.754824882100110273e+01,7.660164058650195673e-02,9.969322424164158702e-01,-1.607148686441613530e-02,3.272191565685714565e+00,-6.228842999596246113e-03,1.659701657390346211e-02,9.998428579310510989e-01,3.967783077302238781e-01,0.000000000000000000e+00,0.000000000000000000e+00,0.000000000000000000e+00,1.000000000000000056e-01
9.971367913879519707e-01,-7.527579083917051994e-02,7.195455098707210714e-03,4.849495170525795373e+01,7.538171614403793575e-02,9.970295528342733027e-01,-1.580087485770279715e-02,3.363486461558542029e+00,-5.984658028638798269e-03,1.629803941051024413e-02,9.998492675296880572e-01,4.079383272979960617e-01,0.000000000000000000e+00,0.000000000000000000e+00,0.000000000000000000e+00,1.000000000000000056e-01
9.972526867348447954e-01,-7.350265693266755385e-02,9.189027368122564335e-03,4.946607518894933975e+01,7.364415204517468783e-02,9.971538655723183320e-01,-1.614643130013610622e-02,3.450633889903731877e+00,-7.976068560432451535e-03,1.677879012388561186e-02,9.998274123729044005e-01,4.136291138417714786e-01,0.000000000000000000e+00,0.000000000000000000e+00,0.000000000000000000e+00,1.000000000000000056e-01
9.972531237334948395e-01,-7.309099960505219262e-02,1.199637364044492394e-02,5.046502592071997384e+01,7.328977227226249336e-02,9.971647207859598572e-01,-1.706249982091041437e-02,3.540528234019142850e+00,-1.071524540394694705e-02,1.789484273730629002e-02,9.997824553968429617e-01,4.295836170642592933e-01,0.000000000000000000e+00,0.000000000000000000e+00,0.000000000000000000e+00,1.000000000000000056e-01
9.973571161130212470e-01,-7.157061520480993699e-02,1.250719704500042467e-02,5.140108110545721587e+01,7.181113023544981322e-02,9.972182300774283803e-01,-1.997406256995347754e-02,3.612300034356780376e+00,-1.104284895417402892e-02,2.081942939770880033e-02,9.997222648548591550e-01,4.397599674982630158e-01,0.000000000000000000e+00,0.000000000000000000e+00,0.000000000000000000e+00,1.000000000000000056e-01
9.974126193409794672e-01,-7.090829969249266840e-02,1.183553184635099086e-02,5.233900935802994780e+01,7.117039418799890604e-02,9.971890243549578203e-01,-2.342700785700406810e-02,3.682192275972710593e+00,-1.014109316056195122e-02,2.420873273690555064e-02,9.996554884002697428e-01,4.434521711886314499e-01,0.000000000000000000e+00,0.000000000000000000e+00,0.000000000000000000e+00,1.000000000000000056e-01
9.974213023627345187e-01,-7.089204213637564922e-02,1.118319966560439929e-02,5.332325307082339805e+01,7.116491538444519316e-02,9.971189985816873991e-01,-2.625371375210797109e-02,3.759659875840791976e+00,-9.289801469955737828e-03,2.698186482041606271e-02,9.995927563560380591e-01,4.575946712491059110e-01,0.000000000000000000e+00,0.000000000000000000e+00,0.000000000000000000e+00,1.000000000000000056e-01
9.973300171847607754e-01,-7.182139230151672604e-02,1.321076947480787772e-02,5.428774678647805985e+01,7.218535937692070747e-02,9.969542859895276221e-01,-2.951991766140251230e-02,3.838421651436628501e+00,-1.105037166206127366e-02,3.039472413072394699e-02,9.994768881925921722e-01,4.486063739312036169e-01,0.000000000000000000e+00,0.000000000000000000e+00,0.000000000000000000e+00,1.000000000000000056e-01
9.971797325306481774e-01,-7.302485783719157852e-02,1.731909835883324242e-02,5.524345757081725594e+01,7.354922024587069729e-02,9.967823342796365838e-01,-3.186675806013664763e-02,3.922574073562535180e+00,-1.493630581266276389e-02,3.305069145867966379e-02,9.993420628407341244e-01,4.554245249272292906e-01,0.000000000000000000e+00,0.000000000000000000e+00,0.000000000000000000e+00,1.000000000000000056e-01
9.970325499801787617e-01,-7.386957438657394681e-02,2.166518543582738807e-02,5.620127193707580204e+01,7.450492584417685304e-02,9.967646979618777214e-01,-3.015216280667779372e-02,3.990759666098897540e+00,-1.936776458386658614e-02,3.167685080485612564e-02,9.993104957009661948e-01,4.736954767922768594e-01,0.000000000000000000e+00,0.000000000000000000e+00,0.000000000000000000e+00,1.000000000000000056e-01
9.969033483200662182e-01,-7.505680892653793235e-02,2.345611950016119468e-02,5.716782873571931134e+01,7.568049331844226013e-02,9.967681341426064545e-01,-2.693974181286925423e-02,4.064886366899373549e+00,-2.135830141462288778e-02,2.863148951123598018e-02,9.993618267519778220e-01,4.619829495350815662e-01,0.000000000000000000e+00,0.000000000000000000e+00,0.000000000000000000e+00,1.000000000000000056e-01
9.967343886097216332e-01,-7.857923490564255875e-02,1.859737627861152848e-02,5.806609988687392132e+01,7.908236647772695638e-02,9.964727807019702066e-01,-2.807092147339959251e-02,4.144364689621488296e+00,-1.632598772163277451e-02,2.944997727888979192e-02,9.994329196915548996e-01,4.654208818717444074e-01,0.000000000000000000e+00,0.000000000000000000e+00,0.000000000000000000e+00,1.000000000000000056e-01
9.964707130751316866e-01,-8.296803971075550344e-02,1.274450352478041608e-02,5.898436095991996098e+01,8.329300226602234791e-02,9.961447467073011319e-01,-2.753033564923119958e-02,4.227825438761738219e+00,-1.041123225420685118e-02,2.849470115655599461e-02,9.995397231971061558e-01,4.637595765840581419e-01,0.000000000000000000e+00,0.000000000000000000e+00,0.000000000000000000e+00,1.000000000000000056e-01
9.965298992019834268e-01,-8.285835176276121206e-02,7.915398893508538564e-03,5.993797605079450364e+01,8.305847505203897696e-02,9.961031171363546877e-01,-2.966259855891810113e-02,4.308423231642576567e+00,-5.426759485609097822e-03,3.021710731351097065e-02,9.995286272574133157e-01,4.737257749641384241e-01,0.000000000000000000e+00,0.000000000000000000e+00,0.000000000000000000e+00,1.000000000000000056e-01
9.963960812919065990e-01,-8.442458831746947612e-02,8.205977916013023829e-03,6.084983740185077039e+01,8.461640928267323558e-02,9.960523805068289827e-01,-2.682757101912769393e-02,4.396514813409075018e+00,-5.908677198783709311e-03,2.742524701994509401e-02,9.996063942170716476e-01,4.763723161165744346e-01,0.000000000000000000e+00,0.000000000000000000e+00,0.000000000000000000e+00,1.000000000000000056e-01
9.963363779998904990e-01,-8.485965618737523197e-02,1.061417099070028139e-02,6.177899892188807485e+01,8.511133863663236654e-02,9.960302654108126319e-01,-2.607240727563627306e-02,4.491252445102891677e+00,-8.359540031595235482e-03,2.688027413228204557e-02,9.996037059520305190e-01,4.969743400870362260e-01,0.000000000000000000e+00,0.000000000000000000e+00,0.000000000000000000e+00,1.000000000000000056e-01
9.961679558025454684e-01,-8.688851865752438008e-02,9.989452321263752807e-03,6.267429641775136417e+01,8.711828661038679977e-02,9.958718508905983757e-01,-2.548844329896004374e-02,4.576508332297217763e+00,-7.733561291427376930e-03,2.626103442811876520e-02,9.996252048145429780e-01,5.119662082884688381e-01,0.000000000000000000e+00,0.000000000000000000e+00,0.000000000000000000e+00,1.000000000000000056e-01
9.959713772696289213e-01,-8.912134797296346334e-02,9.919727572898646636e-03,6.348854830437915098e+01,8.933323933842295117e-02,9.957247499085827291e-01,-2.349031223279771444e-02,4.656590766909282308e+00,-7.783829966193053437e-03,2.428184002443485937e-02,9.996748492565395994e-01,5.205306510381052520e-01,0.000000000000000000e+00,0.000000000000000000e+00,0.000000000000000000e+00,1.000000000000000056e-01
9.958091373154330794e-01,-9.086162701530463293e-02,1.040801495120684435e-02,6.430878150360477719e+01,9.107670017817616481e-02,9.955898482103329172e-01,-2.249197246087683566e-02,4.738069031855436819e+00,-8.318456812864203145e-03,2.334563934994927925e-02,9.996928450277088318e-01,5.297577733072780237e-01,0.000000000000000000e+00,0.000000000000000000e+00,0.000000000000000000e+00,1.000000000000000056e-01
9.957442724137663959e-01,-9.166430036789599556e-02,9.539391660017222663e-03,6.510406777845261672e+01,9.186724033109228138e-02,9.954912041151319224e-01,-2.361509439646711228e-02,4.815690914059174155e+00,-7.331719384182412876e-03,2.439095257403577771e-02,9.996756110476051616e-01,5.328465057873501554e-01,0.000000000000000000e+00,0.000000000000000000e+00,0.000000000000000000e+00,1.000000000000000056e-01
9.957491203077508679e-01,-9.160705003156609239e-02,9.583203579932879704e-03,6.590686277210978972e+01,9.182555160535917083e-02,9.954459413980412119e-01,-2.560167624471226117e-02,4.893435074983902844e+00,-7.194267072594051279e-03,2.637282955394986556e-02,9.996262883611086725e-01,5.418223739458760679e-01,0.000000000000000000e+00,0.000000000000000000e+00,0.000000000000000000e+00,1.000000000000000056e-01
9.956188347865018162e-01,-9.285498994773599968e-02,1.100393839378137686e-02,6.666327145843597179e+01,9.311307718443317949e-02,9.953191252604463024e-01,-2.588037379996448173e-02,4.967763425393219912e+00,-8.549308487478968904e-03,2.679159817155266077e-02,9.996044815784891346e-01,5.542172877241637874e-01,0.000000000000000000e+00,0.000000000000000000e+00,0.000000000000000000e+00,1.000000000000000056e-01
9.953115256200073535e-01,-9.574201725345728164e-02,1.372709365496241861e-02,6.745989939018323867e+01,9.605833422931407684e-02,9.950714317365644268e-01,-2.460979818757549897e-02,5.059677042490246635e+00,-1.130324701414640691e-02,2.581301752958174017e-02,9.996028835157263481e-01,5.622592506788688382e-01,0.000000000000000000e+00,0.000000000000000000e+00,0.000000000000000000e+00,1.000000000000000056e-01
9.952054957560978465e-01,-9.639935712795823231e-02,1.652831395441844986e-02,6.820125317198358061e+01,9.677001210252762775e-02,9.950335150275313456e-01,-2.332099332430576794e-02,5.138426682468958617e+00,-1.419809756749510626e-02,2.480862586424382316e-02,9.995913895728553156e-01,5.697377054921318740e-01,0.000000000000000000e+00,0.000000000000000000e+00,0.000000000000000000e+00,1.000000000000000056e-01
9.949765818321855138e-01,-9.848525517346114200e-02,1.795149350216825382e-02,6.892880990535412877e+01,9.885182020963405314e-02,9.948842609301435935e-01,-2.082366429627691487e-02,5.211960948490896861e+00,-1.580883445363161569e-02,2.249359613090127705e-02,9.996219879966213862e-01,5.755383618596709994e-01,0.000000000000000000e+00,0.000000000000000000e+00,0.000000000000000000e+00,1.000000000000000056e-01
9.950931365204508383e-01,-9.780284460925586787e-02,1.497508718602928376e-02,6.959655033941371016e+01,9.808642118941671151e-02,9.949859834358970589e-01,-1.954345784023514207e-02,5.292622896450887460e+00,-1.298859608055358619e-02,2.091641346977188634e-02,9.996968540609787457e-01,5.881076713809220147e-01,0.000000000000000000e+00,0.000000000000000000e+00,0.000000000000000000e+00,1.000000000000000056e-01
9.950809985878487085e-01,-9.861669353840293861e-02,9.410313754733399053e-03,7.028733617982557291e+01,9.878081077893122175e-02,9.949287728309242906e-01,-1.894962836068285125e-02,5.367348527736245600e+00,-7.493842223238779583e-03,1.978597353439360065e-02,9.997761537364399098e-01,5.902348761247787623e-01,0.000000000000000000e+00,0.000000000000000000e+00,0.000000000000000000e+00,1.000000000000000056e-01
9.952308711461035351e-01,-9.749902754601132149e-02,3.074531728583194349e-03,7.101751750688788434e+01,9.754284394284583326e-02,9.949966886283559964e-01,-2.160979440318483089e-02,5.429391867817545680e+00,-9.522149492433352493e-04,2.180663307776834967e-02,9.997617536395868587e-01,6.080827660235131882e-01,0.000000000000000000e+00,0.000000000000000000e+00,0.000000000000000000e+00,1.000000000000000056e-01
9.950983301077576115e-01,-9.889015262882933088e-02,2.261189934512992852e-04,7.171543830145094489e+01,9.887500787597508500e-02,9.949003754116232390e-01,-1.992425213996672217e-02,5.504994950055432490e+00,1.745346463664192377e-03,1.984894755038520836e-02,9.998014668157192419e-01,6.082463234996584589e-01,0.000000000000000000e+00,0.000000000000000000e+00,0.000000000000000000e+00,1.000000000000000056e-01
9.950614042624579270e-01,-9.921884581951012638e-02,2.902133951016530166e-03,7.237423691325550124e+01,9.925637304705942077e-02,9.948775602396446871e-01,-1.915235079971231574e-02,5.579090758139535922e+00,-9.869938035981387983e-04,1.934582037176357794e-02,9.998123649352288478e-01,6.202620524137771874e-01,0.000000000000000000e+00,0.000000000000000000e+00,0.000000000000000000e+00,1.000000000000000056e-01
9.949363426500970053e-01,-1.003066300489920404e-01,6.344607337220593835e-03,7.297739902805132317e+01,1.004170132027131790e-01,9.947340598727949512e-01,-2.050789088211939226e-02,5.645378760405672658e+00,-4.254119591054317251e-03,2.104115246847085285e-02,9.997695596332705215e-01,6.356160438006487334e-01,0.000000000000000000e+00,0.000000000000000000e+00,0.000000000000000000e+00,1.000000000000000056e-01
9.949188937964347224e-01,-1.006174690217759432e-01,3.538318036946618873e-03,7.356687908066771797e+01,1.006710675755613099e-01,9.946786344281367542e-01,-2.190320445446171382e-02,5.697522704034239105e+00,-1.315644357488082684e-03,2.214811820063147113e-02,9.997538346713632507e-01,6.552026078322151781e-01,0.000000000000000000e+00,0.000000000000000000e+00,0.000000000000000000e+00,1.000000000000000056e-01
9.949034881744539538e-01,-1.008317133188059850e-01,1.216860646117367238e-04,7.420680334441850334e+01,1.007923726134443282e-01,9.944801263300691030e-01,-2.915777696400188856e-02,5.748413828031002204e+00,2.819014234940233829e-03,2.902143903606442532e-02,9.995748142260384439e-01,6.712925870098592762e-01,0.000000000000000000e+00,0.000000000000000000e+00,0.000000000000000000e+00,1.000000000000000056e-01
9.950396349105031790e-01,-9.943697513073779248e-02,-2.900505821661440112e-03,7.483004080661214630e+01,9.928816136240767309e-02,9.945122795495838774e-01,-3.297251640931773281e-02,5.818101625292431578e+00,6.163275950738528880e-03,3.252097479995436774e-02,9.994520499892006749e-01,6.973539090093071602e-01,0.000000000000000000e+00,0.000000000000000000e+00,0.000000000000000000e+00,1.000000000000000056e-01
9.954639814469902204e-01,-9.511042563522702220e-02,-2.338498918585146802e-03,7.543538371657463415e+01,9.499619689962206237e-02,9.950147440226435602e-01,-3.035427074006779441e-02,5.871073681992413640e+00,5.213848512807993212e-03,2.999443470110829679e-02,9.995364674040895236e-01,7.100871058651203604e-01,0.000000000000000000e+00,0.000000000000000000e+00,0.000000000000000000e+00,1.000000000000000056e-01
9.959292644722054222e-01,-9.013822697286549834e-02,1.435410027002107826e-05,7.600013739720202466e+01,9.010910760982121515e-02,9.956034544220413451e-01,-2.557557953712632712e-02,5.949270210978897744e+00,2.291046401466113533e-03,2.547276155202648010e-02,9.996728912625869601e-01,7.135365571705682974e-01,0.000000000000000000e+00,0.000000000000000000e+00,0.000000000000000000e+00,1.000000000000000056e-01
9.965248229399424895e-01,-8.325192119761307130e-02,2.719353125784461714e-03,7.655859068940763734e+01,8.329500336990025566e-02,9.961615602381149737e-01,-2.690888919247111377e-02,5.988143910838878092e+00,-4.686983300529372690e-04,2.704188456581397421e-02,9.996341914925702676e-01,7.274755004681995318e-01,0.000000000000000000e+00,0.000000000000000000e+00,0.000000000000000000e+00,1.000000000000000056e-01
9.970750422896202947e-01,-7.610581847499538199e-02,7.018862970807427347e-03,7.713551093643965828e+01,7.629103052278900232e-02,9.965834174587085981e-01,-3.164128170748129604e-02,6.016379626743888487e+00,-4.586796804175887095e-03,3.208420858572583884e-02,9.994746444280139253e-01,7.396495778627073525e-01,0.000000000000000000e+00,0.000000000000000000e+00,0.000000000000000000e+00,1.000000000000000056e-01
9.977454533461235231e-01,-6.645769383210531345e-02,9.348008218683612550e-03,7.768346277263381694e+01,6.674735026544281746e-02,9.971508003594935499e-01,-3.514359934559384974e-02,6.036910671783607185e+00,-6.985811311559835847e-03,3.568832124014078427e-02,9.993385523271779425e-01,7.543315090647626509e-01,0.000000000000000000e+00,0.000000000000000000e+00,0.000000000000000000e+00,1.000000000000000056e-01
9.983777233115574967e-01,-5.623790617259293023e-02,8.900533947680875149e-03,7.817986149365295034e+01,5.650401850732146569e-02,9.978509328057261207e-01,-3.317848386027501956e-02,6.075146482804580472e+00,-7.015517639879358461e-03,3.362757511425543827e-02,9.994098101900840136e-01,7.622202739416554795e-01,0.000000000000000000e+00,0.000000000000000000e+00,0.000000000000000000e+00,1.000000000000000056e-01
9.991483080528527072e-01,-4.045052554721559335e-02,8.149447715995095445e-03,7.867171894775029273e+01,4.066541141159001060e-02,9.987748022289283378e-01,-2.819962317640371460e-02,6.115995281070558676e+00,-6.998773453099021644e-03,2.850700642857996805e-02,9.995690910360489623e-01,7.593273058812166632e-01,0.000000000000000000e+00,0.000000000000000000e+00,0.000000000000000000e+00,1.000000000000000056e-01
9.996673666848495676e-01,-2.427584140854404868e-02,8.708588248718609690e-03,7.915174370315077113e+01,2.446595904084164844e-02,9.994489445403215155e-01,-2.243265711967945553e-02,6.131905859232920086e+00,-8.159217707008477663e-03,2.263825923397080886e-02,9.997104262661589136e-01,7.632241926480142213e-01,0.000000000000000000e+00,0.000000000000000000e+00,0.000000000000000000e+00,1.000000000000000056e-01
9.999582096213528448e-01,1.609572122164824783e-03,8.999349334380299728e-03,7.964582058581844137e+01,-1.399339852665570840e-03,9.997271070011016780e-01,-2.331852000416234638e-02,6.144974894741227267e+00,-9.034426314681149109e-03,2.330495236621022564e-02,9.996875803651724679e-01,7.666057274049972170e-01,0.000000000000000000e+00,0.000000000000000000e+00,0.000000000000000000e+00,1.000000000000000056e-01
9.995943256974841873e-01,2.617427997049774982e-02,1.122902940676046360e-02,8.014338198317811646e+01,-2.589398059789875181e-02,9.993663685644241790e-01,-2.442054772422653369e-02,6.136806749249708481e+00,-1.186110459390414193e-02,2.411987666596956265e-02,9.996387076076190814e-01,7.814942700496314565e-01,0.000000000000000000e+00,0.000000000000000000e+00,0.000000000000000000e+00,1.000000000000000056e-01
9.985141826064972692e-01,5.290489820585048131e-02,1.305752195124715298e-02,8.062607959682978276e+01,-5.259917438931514810e-02,9.983567386425368229e-01,-2.274091600177617981e-02,6.116241563627040634e+00,-1.423917087618220556e-02,2.202031227903059399e-02,9.996561168021195209e-01,7.854231808335230269e-01,0.000000000000000000e+00,0.000000000000000000e+00,0.000000000000000000e+00,1.000000000000000056e-01
9.964167543473139155e-01,8.342219057376346059e-02,1.394237339334165708e-02,8.111959495933099618e+01,-8.310751435036436985e-02,9.963020560065560804e-01,-2.180262038409940331e-02,6.074653042304685613e+00,-1.570963763008715805e-02,2.056578024252563378e-02,9.996650718958562942e-01,7.836348815446063654e-01,0.000000000000000000e+00,0.000000000000000000e+00,0.000000000000000000e+00,1.000000000000000056e-01
