1.000000000000000000e+00,2.695873589018758016e-09,-9.809283952435885894e-10,1.103530789113667503e-15,-2.695873589647007482e-09,1.000000000000000000e+00,-6.404638952858054392e-10,-7.240256197898657494e-16,9.809283935169789281e-10,6.404638979302644276e-10,1.000000000000000000e+00,4.761091504795160185e-16,0.000000000000000000e+00,0.000000000000000000e+00,0.000000000000000000e+00,1.000000000000000056e-01
9.999982914051991356e-01,4.228837359558511484e-04,-1.799543283274592387e-03,6.465712276835584582e-01,-4.266508588472119794e-04,9.999977175930547801e-01,-2.093508472795492861e-03,1.691415009598427541e-02,1.798653865300273592e-03,2.094272672525142667e-03,9.999961894258627693e-01,6.712439582343539442e-03,0.000000000000000000e+00,0.000000000000000000e+00,0.000000000000000000e+00,1.000000000000000056e-01
9.999947864717173562e-01,-1.520888877014687623e-03,-2.848495463941324093e-03,1.299560995334027025e+00,1.515123285699275166e-03,9.999968015825894119e-01,-2.025148394678658297e-03,1.677543889511431963e-02,2.851566378931609004e-03,2.020822014703600126e-03,9.999938924051343658e-01,1.130600391519909556e-02,0.000000000000000000e+00,0.000000000000000000e+00,0.000000000000000000e+00,1.000000000000000056e-01
9.999739309744505311e-01,-3.880994566188039185e-03,-6.088945120626867991e-03,2.001843660125474322e+00,3.868608541964491023e-03,9.999904266050576584e-01,-2.044643290106860911e-03,1.743345808958770421e-02,6.096822078249143281e-03,2.021034243143481589e-03,9.999793718778073881e-01,1.896140177823909048e-02,0.000000000000000000e+00,0.000000000000000000e+00,0.000000000000000000e+00,1.000000000000000056e-01
9.999472793994563791e-01,-6.345232624304337522e-03,-8.073192959968273144e-03,2.706642536087486395e+00,6.318221677735398785e-03,9.999743717860124503e-01,-3.366874812164286513e-03,2.106945677714468917e-02,8.094349662351623884e-03,3.315689085734022015e-03,9.999617431229208542e-01,2.354566073197290887e-02,0.000000000000000000e+00,0.000000000000000000e+00,0.000000000000000000e+00,1.000000000000000056e-01
9.999219210240858358e-01,-8.733834347929970640e-03,-8.937113241124686192e-03,3.418488671484641639e+00,8.703330066645762267e-03,9.999561861116241790e-01,-3.446433351421544257e-03,1.955297070266168516e-02,8.966822249425233232e-03,3.368381611054410349e-03,9.999541239997310482e-01,4.379265732088850199e-02,0.000000000000000000e+00,0.000000000000000000e+00,0.000000000000000000e+00,1.000000000000000056e-01
9.998839840215572039e-01,-1.132026528333561315e-02,-1.019166772875046076e-02,4.161070821068476810e+00,1.129651301204458690e-02,9.999333477825383953e-01,-2.385117643616707639e-03,3.778792148507863907e-02,1.021798859595441158e-02,2.269710624747317551e-03,9.999452190608907332e-01,5.842932145351889539e-02,0.000000000000000000e+00,0.000000000000000000e+00,0.000000000000000000e+00,1.000000000000000056e-01
9.998419436254564197e-01,-1.358448703247370180e-02,-1.146950213976513297e-02,4.929575314505201256e+00,1.357439148812278167e-02,9.999074051608445313e-01,-9.576012917167679109e-04,5.754838425395374796e-02,1.148144864538891419e-02,8.017584245093071181e-04,9.999337645666497298e-01,7.306640143130975484e-02,0.000000000000000000e+00,0.000000000000000000e+00,0.000000000000000000e+00,1.000000000000000056e-01
9.998061237531639112e-01,-1.549076933202380400e-02,-1.215528572987946594e-02,5.700979202260992196e+00,1.547908611416738862e-02,9.998796355477171938e-01,-1.054661099334029857e-03,8.437974499121313199e-02,1.217016017738349089e-02,8.663039110432926891e-04,9.999255655891544636e-01,8.661491478852983983e-02,0.000000000000000000e+00,0.000000000000000000e+00,0.000000000000000000e+00,1.000000000000000056e-01
9.998171605421869446e-01,-1.592061452992504095e-02,-1.059148329311432671e-02,6.495379588899429457e+00,1.590803509250383191e-02,9.998726515229084955e-01,-1.270887895975461850e-03,1.093922935281202991e-01,1.061036780014937980e-02,1.102165839613089560e-03,9.999431010440581469e-01,1.042878985191720564e-01,0.000000000000000000e+00,0.000000000000000000e+00,0.000000000000000000e+00,1.000000000000000056e-01
9.998112595611883258e-01,-1.671008275170046686e-02,-9.910519113622329873e-03,7.293605035936337799e+00,1.667168984250788633e-02,9.998532390193252128e-01,-3.944005623647561104e-03,1.264557681233221820e-01,9.974969296462542212e-03,3.778036129454920549e-03,9.999431115971243456e-01,1.182768851289714707e-01,0.000000000000000000e+00,0.000000000000000000e+00,0.000000000000000000e+00,1.000000000000000056e-01
9.998077295913192497e-01,-1.680283573344418940e-02,-1.010784649499702099e-02,8.103211158333641251e+00,1.676109477334805642e-02,9.998507008671168039e-01,-4.200199701704228523e-03,1.554846644844313786e-01,1.017691266791539810e-02,4.029973554533941398e-03,9.999400930864305037e-01,1.408344907858714856e-01,0.000000000000000000e+00,0.000000000000000000e+00,0.000000000000000000e+00,1.000000000000000056e-01
9.997903425996900184e-01,-1.676458815138399949e-02,-1.175667591238965630e-02,8.934593686564671344e+00,1.669825167963073093e-02,9.998442237235621866e-01,-5.718100862256566760e-03,1.656182696350701755e-01,1.185070610715654484e-02,5.520586086794140521e-03,9.999145382951585281e-01,1.532979671300402358e-01,0.000000000000000000e+00,0.000000000000000000e+00,0.000000000000000000e+00,1.000000000000000056e-01
9.997760963822628355e-01,-1.628813490716928339e-02,-1.350754470250140060e-02,9.709707370031312124e+00,1.621033724449613342e-02,9.998514948799751556e-01,-5.849201030808136477e-03,2.114483506621377129e-01,1.360081133844306955e-02,5.628929518563812080e-03,9.998916606730007262e-01,1.803504144193767977e-01,0.000000000000000000e+00,0.000000000000000000e+00,0.000000000000000000e+00,1.000000000000000056e-01
9.997599200129692054e-01,-1.620948944436308506e-02,-1.474295722080351881e-02,1.051396119336119028e+01,1.608742078895766467e-02,9.998356303742562678e-01,-8.361048168299996600e-03,2.459389189612224969e-01,1.487606224847064923e-02,8.121864691479520684e-03,9.998563587265487662e-01,1.993920539900088107e-01,0.000000000000000000e+00,0.000000000000000000e+00,0.000000000000000000e+00,1.000000000000000056e-01
9.997495053307877688e-01,-1.607247887524898555e-02,-1.557568661889086568e-02,1.132235477673789070e+01,1.592661336368347835e-02,9.998285605309041868e-01,-9.444179872486380481e-03,2.728249829689093908e-01,1.572480771294071031e-02,9.193746217120267114e-03,9.998340889632070239e-01,2.339712615948123520e-01,0.000000000000000000e+00,0.000000000000000000e+00,0.000000000000000000e+00,1.000000000000000056e-01
9.997155935149586448e-01,-1.618953316607277607e-02,-1.751088515463073217e-02,1.217783813968893725e+01,1.602339869676457432e-02,9.998256590950386213e-01,-9.586558786977920563e-03,2.879287220910506928e-01,1.766303420249648246e-02,9.303248413123769642e-03,9.998007135383156774e-01,2.512121152524498524e-01,0.000000000000000000e+00,0.000000000000000000e+00,0.000000000000000000e+00,1.000000000000000056e-01
9.996894602817230080e-01,-1.495325643409761186e-02,-1.993447073923815260e-02,1.305690849092527372e+01,1.481970369321235735e-02,9.998668509705674889e-01,-6.830571912100941341e-03,3.115054221667905576e-01,2.003395577720016446e-02,6.533027798587164557e-03,9.997779554299545124e-01,2.799587888363271326e-01,0.000000000000000000e+00,0.000000000000000000e+00,0.000000000000000000e+00,1.000000000000000056e-01
9.997323858514657324e-01,-9.384063411728397683e-03,-2.114464550709397109e-02,1.394537469686606279e+01,9.310921411279421758e-03,9.999503333867308941e-01,-3.554926474456336985e-03,3.332569218374842324e-01,2.117695497962318943e-02,3.357098993248859228e-03,9.997701068066301433e-01,3.127276846089252493e-01,0.000000000000000000e+00,0.000000000000000000e+00,0.000000000000000000e+00,1.000000000000000056e-01
9.995483788377996781e-01,-2.001126706490612139e-02,-2.241846455900790153e-02,1.490643734786567443e+01,1.987089407074459080e-02,9.997816396972556419e-01,-6.466876610551684605e-03,3.789135739812418135e-01,2.254297965122927655e-02,6.018481097740232579e-03,9.997277589192571368e-01,3.340314925548017455e-01,0.000000000000000000e+00,0.000000000000000000e+00,0.000000000000000000e+00,1.000000000000000056e-01
9.995260820075733132e-01,-2.111786960678934191e-02,-2.239747686371107091e-02,1.584978847476171460e+01,2.087235554260392575e-02,9.997200899511592409e-01,-1.113941300738980483e-02,4.119665431072748740e-01,2.262644825625447290e-02,1.066664573878390795e-02,9.996870842958762715e-01,3.492868884992152423e-01,0.000000000000000000e+00,0.000000000000000000e+00,0.000000000000000000e+00,1.000000000000000056e-01
9.995251047253792542e-01,-2.299838142411634104e-02,-2.050949720472302479e-02,1.676778221268482483e+01,2.279235216864470073e-02,9.996879468363163435e-01,-1.022338656272560320e-02,4.476620750312352293e-01,2.073821849485047580e-02,9.751071841664463863e-03,9.997373869629956333e-01,3.829088581244677325e-01,0.000000000000000000e+00,0.000000000000000000e+00,0.000000000000000000e+00,1.000000000000000056e-01
9.995380927607597776e-01,-2.272088264595063800e-02,-2.018322600507073752e-02,1.765294223999526579e+01,2.250240964925780823e-02,9.996864204549675836e-01,-1.098646066350406764e-02,4.758340321629674352e-01,2.042651904167261043e-02,1.052721471818031385e-02,9.997359326692811798e-01,4.165641651011163238e-01,0.000000000000000000e+00,0.000000000000000000e+00,0.000000000000000000e+00,1.000000000000000056e-01
9.995245604415043950e-01,-2.259251236959771217e-02,-2.098169342657944803e-02,1.856505733969199667e+01,2.234180636368709658e-02,9.996770758514041955e-01,-1.210734097948271137e-02,4.997572176528571331e-01,2.124845318193547411e-02,1.163281573891398676e-02,9.997065473604539454e-01,4.369763821722654762e-01,0.000000000000000000e+00,0.000000000000000000e+00,0.000000000000000000e+00,1.000000000000000056e-01
9.995217957785835772e-01,-2.395444293384441786e-02,-1.955414092423274006e-02,1.949613461631561506e+01,2.369700073192977652e-02,9.996308078913516137e-01,-1.329285788664808475e-02,5.243004160538031755e-01,1.986534469538553047e-02,1.282312669409819798e-02,9.997204286708962773e-01,4.649108422677729613e-01,0.000000000000000000e+00,0.000000000000000000e+00,0.000000000000000000e+00,1.000000000000000056e-01
9.995150633278389041e-01,-2.524308505323151833e-02,-1.823252143126629851e-02,2.043385430224991595e+01,2.495114246602561994e-02,9.995595644840977734e-01,-1.606603678574488811e-02,5.351086551636775601e-01,1.863004751433442255e-02,1.560332353558479927e-02,9.997046852067151823e-01,4.988191757254665792e-01,0.000000000000000000e+00,0.000000000000000000e+00,0.000000000000000000e+00,1.000000000000000056e-01
9.995947676753127453e-01,-2.406972520750957564e-02,-1.519699853827834179e-02,2.138130219793171705e+01,2.383196171382902587e-02,9.995936728840258967e-01,-1.563735051387124195e-02,5.709942588587711976e-01,1.556721031553320866e-02,1.526883946664119376e-02,9.997622339858281970e-01,5.195661612213521297e-01,0.000000000000000000e+00,0.000000000000000000e+00,0.000000000000000000e+00,1.000000000000000056e-01
9.996957328666200571e-01,-2.162402878856364147e-02,-1.186773218533711434e-02,2.235837111760258011e+01,2.143034803776702052e-02,9.996388997328490289e-01,-1.621142572012868391e-02,6.048415838209062478e-01,1.221400308055023594e-02,1.595216348494603656e-02,9.997981529333297424e-01,5.502332903311887291e-01,0.000000000000000000e+00,0.000000000000000000e+00,0.000000000000000000e+00,1.000000000000000056e-01
9.997816872248520559e-01,-1.861252053922027652e-02,-9.494839072109786601e-03,2.334431777952926979e+01,1.846120975618508256e-02,9.997050076103241034e-01,-1.578231583703930407e-02,6.245818717227480388e-01,9.785786844515672114e-03,1.560358414015921603e-02,9.998303688815491919e-01,5.719460699275173976e-01,0.000000000000000000e+00,0.000000000000000000e+00,0.000000000000000000e+00,1.000000000000000056e-01
9.998341134114154816e-01,-1.584673826044549413e-02,-8.979228547799053203e-03,2.427814403801365017e+01,1.569160825459664163e-02,9.997307936373069914e-01,-1.709133358473056974e-02,6.552722299184089438e-01,9.247653172181099016e-03,1.694759982490728900e-02,9.998136125153437304e-01,5.876071842312564630e-01,0.000000000000000000e+00,0.000000000000000000e+00,0.000000000000000000e+00,1.000000000000000056e-01
9.998340642053569205e-01,-1.434986383474608912e-02,-1.122165150601073767e-02,2.523179396403670793e+01,1.415047067868688280e-02,9.997440776697978926e-01,-1.765059046425412545e-02,6.746097013950782539e-01,1.147206320457351721e-02,1.748886994889727389e-02,9.997812416692667403e-01,6.130169066370318998e-01,0.000000000000000000e+00,0.000000000000000000e+00,0.000000000000000000e+00,1.000000000000000056e-01
9.998327026452199506e-01,-1.102189504694774808e-02,-1.459741589218174068e-02,2.617604749963904709e+01,1.073738610026601231e-02,9.997536122662006308e-01,-1.942738532116895095e-02,6.923412030114789451e-01,1.480794587000727747e-02,1.926739708049390876e-02,9.997047024741123611e-01,6.325433280889338761e-01,0.000000000000000000e+00,0.000000000000000000e+00,0.000000000000000000e+00,1.000000000000000056e-01
9.998141353185865388e-01,-9.556015695689925107e-03,-1.674447315297987807e-02,2.714216494703763161e+01,9.224871014567212826e-03,9.997625251609685293e-01,-1.974322766237454271e-02,7.041935004173313084e-01,1.692916335533843977e-02,1.958509248861188198e-02,9.996648576299462796e-01,6.586724130996898241e-01,0.000000000000000000e+00,0.000000000000000000e+00,0.000000000000000000e+00,1.000000000000000056e-01
9.998319739913650306e-01,-1.007061401905816160e-02,-1.531687036602071873e-02,2.812372543038344475e+01,9.739001778280053853e-03,9.997198444943607987e-01,-2.157276914384680111e-02,7.145237117544720462e-01,1.552983029182844650e-02,2.141997332981999957e-02,9.996499432869772050e-01,6.853677342976244313e-01,0.000000000000000000e+00,0.000000000000000000e+00,0.000000000000000000e+00,1.000000000000000056e-01
9.998976290064830463e-01,-7.236290689273055556e-03,-1.234372732500235194e-02,2.913119012041171629e+01,6.913300198480251159e-03,9.996377427781014680e-01,-2.601133395018478955e-02,7.214078743426618479e-01,1.252748129431301670e-02,2.592333525151967882e-02,9.995854355190745277e-01,7.103929170587109931e-01,0.000000000000000000e+00,0.000000000000000000e+00,0.000000000000000000e+00,1.000000000000000056e-01
9.999318304860461692e-01,-8.176619500923042183e-03,-8.335302895649241567e-03,3.008771779788996170e+01,7.932229369923451956e-03,9.995495919619927783e-01,-2.894292566132058986e-02,7.149633100509630301e-01,8.568203898601935847e-03,2.887483510170978096e-02,9.995463119734878665e-01,7.346566547192623364e-01,0.000000000000000000e+00,0.000000000000000000e+00,0.000000000000000000e+00,1.000000000000000056e-01
9.999338042063656840e-01,-7.229985155846349251e-03,-8.950671484966801414e-03,3.100516473684324126e+01,6.893854998566695952e-03,9.992903246621438473e-01,-3.703136238225407384e-02,7.026693011188483995e-01,9.212055614481131152e-03,3.696720643047465837e-02,9.992740183153379085e-01,7.670606976950126166e-01,0.000000000000000000e+00,0.000000000000000000e+00,0.000000000000000000e+00,1.000000000000000056e-01
9.998985378966613879e-01,-7.467003268454807698e-03,-1.213086041085287975e-02,3.195729407259007360e+01,6.982690055057887667e-03,9.991956713727341288e-01,-3.948736949438554078e-02,7.064098693843203769e-01,1.241595552962832319e-02,3.939865698447117537e-02,9.991464306477335633e-01,7.818754492815851442e-01,0.000000000000000000e+00,0.000000000000000000e+00,0.000000000000000000e+00,1.000000000000000056e-01
9.998723631230195252e-01,-6.544537967536657140e-03,-1.457485799519260376e-02,3.295007606459719085e+01,5.948170815119182241e-03,9.991581167660740226e-01,-4.059158736027085324e-02,7.245802821366089663e-01,1.482824085125147330e-02,4.049971263186699644e-02,9.990695153741773193e-01,8.007489028435295086e-01,0.000000000000000000e+00,0.000000000000000000e+00,0.000000000000000000e+00,1.000000000000000056e-01
9.998495298247966900e-01,-6.685159232215822506e-03,-1.600707203622290034e-02,3.393036182381302268e+01,6.030001719623364481e-03,9.991559259055876607e-01,-4.063341982911615469e-02,7.393934089597256065e-01,1.626520176309684609e-02,4.053078303941079485e-02,9.990458942600274339e-01,8.190755620587628627e-01,0.000000000000000000e+00,0.000000000000000000e+00,0.000000000000000000e+00,1.000000000000000056e-01
9.998838040042030695e-01,-4.475803480654943350e-03,-1.457208541310666024e-02,3.489734228068888910e+01,3.860183444107038574e-03,9.991099877896482129e-01,-4.200394365707617317e-02,7.323423293539597090e-01,1.474711747638028127e-02,4.194281204415775677e-02,9.990111726322015162e-01,8.509937790907671218e-01,0.000000000000000000e+00,0.000000000000000000e+00,0.000000000000000000e+00,1.000000000000000056e-01
9.999042788505217993e-01,-6.049858561396025992e-03,-1.244316470216108063e-02,3.588967000785990535e+01,5.538735240296827934e-03,9.991557038156113624e-01,-4.070874530943108249e-02,7.538484758068547675e-01,1.267894113701527846e-02,4.063592922669957697e-02,9.990935720479472426e-01,8.671043592140709189e-01,0.000000000000000000e+00,0.000000000000000000e+00,0.000000000000000000e+00,1.000000000000000056e-01
9.999265593793462692e-01,-5.278220047905837417e-03,-1.090945649006398038e-02,3.688421334014383746e+01,4.842688128684897314e-03,9.992050496116277047e-01,-3.957040816459720528e-02,7.653565855868834644e-01,1.110964533506846735e-02,3.951467099382723752e-02,9.991572281461904570e-01,8.966346384512106082e-01,0.000000000000000000e+00,0.000000000000000000e+00,0.000000000000000000e+00,1.000000000000000056e-01
9.999452806139182970e-01,-3.889315458508021441e-03,-9.711282264268561795e-03,3.789002791856700725e+01,3.508946266384216535e-03,9.992376398284386063e-01,-3.888221246522800129e-02,7.759970499356184659e-01,9.855103959457498300e-03,3.884600848678939483e-02,9.991966095571944706e-01,9.134247878918754227e-01,0.000000000000000000e+00,0.000000000000000000e+00,0.000000000000000000e+00,1.000000000000000056e-01
9.999671978507573833e-01,-4.247342198774138947e-03,-6.896615601204233136e-03,3.888676773234799811e+01,3.978911484481300470e-03,9.992514481696008755e-01,-3.848001551915020829e-02,7.772296847058589586e-01,7.054890920696363192e-03,3.845131226891860404e-02,9.992355703731203853e-01,9.512254685147564226e-01,0.000000000000000000e+00,0.000000000000000000e+00,0.000000000000000000e+00,1.000000000000000056e-01
9.999830991619875764e-01,-1.135099492006236190e-03,-5.702011884396664294e-03,3.990602583424939098e+01,9.212660259606048800e-04,9.993012584540146293e-01,-3.736503875458940804e-02,7.879048786455918885e-01,5.740440688306462473e-03,3.735915418429336388e-02,9.992854151539179997e-01,9.691985744033370098e-01,0.000000000000000000e+00,0.000000000000000000e+00,0.000000000000000000e+00,1.000000000000000056e-01
9.999726432589739478e-01,-1.477672043281481884e-03,-7.247704394731779159e-03,4.092171694405299576e+01,1.189503669419287105e-03,9.992147323570518269e-01,-3.960433968198190380e-02,8.000377860911848105e-01,7.300535232525631052e-03,3.959463506534531552e-02,9.991891547947069352e-01,1.004180030008114510e+00,0.000000000000000000e+00,0.000000000000000000e+00,0.000000000000000000e+00,1.000000000000000056e-01
9.999568903348277082e-01,-5.021674646462691381e-04,-9.271747394031448417e-03,4.193494230227921094e+01,1.667826009562583384e-04,9.993467888939431276e-01,-3.613817525731772423e-02,8.028102384012464343e-01,9.283838401507022928e-03,3.613507098653665622e-02,9.993037911412788743e-01,1.041119316625891411e+00,0.000000000000000000e+00,0.000000000000000000e+00,0.000000000000000000e+00,1.000000000000000056e-01
9.999317566460147466e-01,1.695417871379096978e-03,-1.155887576957690364e-02,4.297325174303586692e+01,-2.085677469716981647e-03,9.994252646331381884e-01,-3.383475081146462143e-02,8.039559710258239456e-01,1.149486843367155016e-02,3.385654990135585768e-02,9.993605965958781701e-01,1.071734996381300542e+00,0.000000000000000000e+00,0.000000000000000000e+00,0.000000000000000000e+00,1.000000000000000056e-01
9.999265404779987820e-01,1.994928146793883018e-03,-1.195549703651927441e-02,4.402738331348032119e+01,-2.439806009888427409e-03,9.993006543917239970e-01,-3.731285943084843709e-02,7.995145334704643059e-01,1.187269953865606638e-02,3.733928753955104846e-02,9.992321134809987182e-01,1.103255587012698324e+00,0.000000000000000000e+00,0.000000000000000000e+00,0.000000000000000000e+00,1.000000000000000056e-01
9.999388432304155971e-01,2.937820756095458220e-03,-1.066203583858996162e-02,4.504697224138156031e+01,-3.356422253958998760e-03,9.992155999200578176e-01,-3.945781679277314546e-02,8.128036471381517858e-01,1.053775254366180400e-02,3.949118997452440161e-02,9.991643516888122356e-01,1.133871441136751645e+00,0.000000000000000000e+00,0.000000000000000000e+00,0.000000000000000000e+00,1.000000000000000056e-01
9.999405213573796525e-01,3.613770681669315702e-03,-1.029050091064977017e-02,4.603893593456182032e+01,-4.023365252486890004e-03,9.991889863197129795e-01,-4.006472450210509656e-02,8.070164734385097960e-01,1.013737044685935999e-02,4.010374395046934631e-02,9.991440954344765757e-01,1.156983041685803348e+00,0.000000000000000000e+00,0.000000000000000000e+00,0.000000000000000000e+00,1.000000000000000056e-01
9.999170529638099492e-01,-3.756788008844207105e-03,-1.231964837266074329e-02,4.695930946916097781e+01,3.316403003251523068e-03,9.993615354103332349e-01,-3.557419027077556722e-02,7.969009981168956314e-01,1.244542740485124650e-02,3.553038257826564988e-02,9.992911003559236116e-01,1.189499354742856507e+00,0.000000000000000000e+00,0.000000000000000000e+00,0.000000000000000000e+00,1.000000000000000056e-01
9.998711045424453214e-01,-2.457618376213372476e-03,-1.586614045656135549e-02,4.791261139612214492e+01,1.906991688197038227e-03,9.993984919655268806e-01,-3.462683409917611393e-02,8.007183258117072100e-01,1.594169638939288078e-02,3.459211425957680469e-02,9.992743606974416881e-01,1.206157201007769908e+00,0.000000000000000000e+00,0.000000000000000000e+00,0.000000000000000000e+00,1.000000000000000056e-01
9.998707436312380681e-01,6.874840906958060421e-05,-1.607766475490990388e-02,4.885618237317243029e+01,-6.167795730293856860e-04,9.994187807754320030e-01,-3.408401702128595334e-02,8.194698483490738816e-01,1.606597688512327593e-02,3.408952782021580641e-02,9.992896419355709048e-01,1.238280376721482501e+00,0.000000000000000000e+00,0.000000000000000000e+00,0.000000000000000000e+00,1.000000000000000056e-01
9.998962130888667810e-01,3.092022685787717239e-03,-1.407133420305366200e-02,4.982393299443872081e+01,-3.573622496360819023e-03,9.994041568579954404e-01,-3.433016861614050785e-02,8.310978772610098098e-01,1.395680023490189492e-02,3.437689123044300465e-02,9.993114815094107373e-01,1.265262717800331504e+00,0.000000000000000000e+00,0.000000000000000000e+00,0.000000000000000000e+00,1.000000000000000056e-01
9.999251083900382309e-01,4.688383702116250516e-03,-1.130471890105741450e-02,5.081942503893974106e+01,-5.083861822147351349e-03,9.993669226944715822e-01,-3.521232984560123541e-02,8.419159893863968902e-01,1.113247322671411660e-02,3.526716436635978641e-02,9.993159135915992142e-01,1.303041345606662293e+00,0.000000000000000000e+00,0.000000000000000000e+00,0.000000000000000000e+00,1.000000000000000056e-01
9.999128775186999496e-01,7.305721796330052510e-03,-1.099380740726150184e-02,5.175095639966082217e+01,-7.717652262906262058e-03,9.992515236983881000e-01,-3.790554352596041399e-02,8.385082627184724524e-01,1.070865144741333687e-02,3.798708748356800780e-02,9.992208494465543156e-01,1.333327446306794117e+00,0.000000000000000000e+00,0.000000000000000000e+00,0.000000000000000000e+00,1.000000000000000056e-01
9.998884360466858690e-01,9.002430855504742202e-03,-1.191938332316410526e-02,5.268434635245620967e+01,-9.484700598913840819e-03,9.991123792844190943e-01,-4.104258782260124250e-02,8.321070720724625946e-01,1.153932037260556667e-02,4.115106073139340737e-02,9.990862997189079442e-01,1.357067978120669594e+00,0.000000000000000000e+00,0.000000000000000000e+00,0.000000000000000000e+00,1.000000000000000056e-01
9.998680776589176089e-01,1.001515705418190745e-02,-1.278764668892869508e-02,5.366426684562217275e+01,-1.056344105894389644e-02,9.989952257303061911e-01,-4.355402026275798782e-02,8.282993255071527949e-01,1.233859763729318326e-02,4.368335606652246766e-02,9.989692304626356378e-01,1.392283216838232862e+00,0.000000000000000000e+00,0.000000000000000000e+00,0.000000000000000000e+00,1.000000000000000056e-01
9.998889245363956624e-01,1.001486341068295698e-02,-1.103816562276239803e-02,5.462511607453001261e+01,-1.052027374805265293e-02,9.988524939171898875e-01,-4.672279139430868256e-02,8.267402453040343380e-01,1.055757688658737724e-02,4.683372616262147792e-02,9.988469050179854536e-01,1.403944608359193991e+00,0.000000000000000000e+00,0.000000000000000000e+00,0.000000000000000000e+00,1.000000000000000056e-01
9.999272760491173528e-01,9.710097406981008789e-03,-7.152385709621184549e-03,5.557731449358427511e+01,-1.005015723278420911e-02,9.987407273004351715e-01,-4.915235468412489789e-02,8.300467396683539612e-01,6.666104753794969105e-03,4.922066273166830069e-02,9.987656829345242793e-01,1.431285887659011768e+00,0.000000000000000000e+00,0.000000000000000000e+00,0.000000000000000000e+00,1.000000000000000056e-01
9.999482255606548797e-01,9.811544718679976809e-03,-2.698108287502905007e-03,5.653003176692751452e+01,-9.928800182544087263e-03,9.988188973668929993e-01,-4.756289719644166830e-02,8.161659133816920875e-01,2.228256051907261549e-03,4.758722363216317391e-02,9.988646009454682506e-01,1.469805115978174648e+00,0.000000000000000000e+00,0.000000000000000000e+00,0.000000000000000000e+00,1.000000000000000056e-01
9.999540881804291903e-01,9.558695542250786673e-03,-6.729567422506082522e-04,5.749260061519775888e+01,-9.579117161035552788e-03,9.989736172669768655e-01,-4.427135099527482881e-02,8.070663082784169662e-01,2.490896656623373985e-04,4.427576474847410432e-02,9.990193164350108512e-01,1.478613297491208955e+00,0.000000000000000000e+00,0.000000000000000000e+00,0.000000000000000000e+00,1.000000000000000056e-01
9.999607575158259154e-01,6.825339733071845126e-03,-5.647846129616634035e-03,5.838726785881407011e+01,-7.071269096390864727e-03,9.989738685806287544e-01,-4.473485270367165423e-02,8.080722579615728929e-01,5.336720129639773401e-03,4.477303463671993000e-02,9.989829301783273996e-01,1.501261412838260201e+00,0.000000000000000000e+00,0.000000000000000000e+00,0.000000000000000000e+00,1.000000000000000056e-01
9.999289338825797513e-01,3.219288010394087338e-03,-1.147882263795491770e-02,5.930230131205657784e+01,-3.715114535528682427e-03,9.990491930691328681e-01,-4.343855144802197948e-02,8.106631974305104071e-01,1.132806728596705281e-02,4.347810957965723283e-02,9.989901545455510679e-01,1.519286924995505439e+00,0.000000000000000000e+00,0.000000000000000000e+00,0.000000000000000000e+00,1.000000000000000056e-01
9.998637702936334914e-01,3.203417776598970965e-03,-1.619194147558480207e-02,6.025856957138117309e+01,-3.933799440152310409e-03,9.989666315324995383e-01,-4.527907139701359968e-02,8.069565484974223768e-01,1.603016145161523243e-02,4.533659889272426829e-02,9.988431442046721287e-01,1.550141528450485806e+00,0.000000000000000000e+00,0.000000000000000000e+00,0.000000000000000000e+00,1.000000000000000056e-01
9.998805694883539097e-01,1.587613070574251176e-03,-1.537290617883230529e-02,6.117406718352431483e+01,-2.241610112159756092e-03,9.990888886919142564e-01,-4.261886526481938053e-02,8.145475166519871024e-01,1.529123748262715965e-02,4.264823533387877841e-02,9.989731258042711115e-01,1.572699281312031072e+00,0.000000000000000000e+00,0.000000000000000000e+00,0.000000000000000000e+00,1.000000000000000056e-01
9.999198522013416079e-01,1.025103817303778773e-03,-1.261896730365957668e-02,6.210699561564674553e+01,-1.556985544383291363e-03,9.991074630032151793e-01,-4.221200264490728576e-02,8.270920759942154143e-01,1.256443272343251046e-02,4.222826699549517976e-02,9.990289828112572934e-01,1.613406545356370847e+00,0.000000000000000000e+00,0.000000000000000000e+00,0.000000000000000000e+00,1.000000000000000056e-01
9.999161537968881408e-01,-1.161708995156020751e-03,-1.289712403013135514e-02,6.300550151490599404e+01,6.227871413925420690e-04,9.991294883202170851e-01,-4.171184130624820685e-02,8.333519974710115186e-01,1.293435395427750684e-02,4.170031176372296366e-02,9.990464386036285171e-01,1.647418791420941053e+00,0.000000000000000000e+00,0.000000000000000000e+00,0.000000000000000000e+00,1.000000000000000056e-01
9.999156085506332170e-01,-3.547260012954767464e-03,-1.249770871869712065e-02,6.382297623069092651e+01,3.046635822984391367e-03,9.992009861423072348e-01,-3.985106400590698872e-02,8.417321119757539272e-01,1.262908496206332880e-02,3.980962494976911237e-02,9.991274693323067835e-01,1.673100366036199382e+00,0.000000000000000000e+00,0.000000000000000000e+00,0.000000000000000000e+00,1.000000000000000056e-01
9.999173749262519895e-01,-5.487291745168193687e-03,-1.162466988334393860e-02,6.464652100654095079e+01,5.029707498636394776e-03,9.992252538623108693e-01,-3.903324334818344954e-02,8.511367842473459566e-01,1.182985050926153685e-02,3.897154953429175783e-02,9.991702922744574167e-01,1.699346069609593668e+00,0.000000000000000000e+00,0.000000000000000000e+00,0.000000000000000000e+00,1.000000000000000056e-01
9.999031100506555747e-01,-6.553301960348443221e-03,-1.228107260963351779e-02,6.544501338942457380e+01,6.054634725577511846e-03,9.991728689273942088e-01,-4.021093629524236795e-02,8.591290475048106723e-01,1.253442896052421943e-02,4.013268285097199711e-02,9.991157369683538736e-01,1.718683567096102482e+00,0.000000000000000000e+00,0.000000000000000000e+00,0.000000000000000000e+00,1.000000000000000056e-01
9.999037071345850958e-01,-6.799251430729439175e-03,-1.209738147268173310e-02,6.625088298507451157e+01,6.281590245806933925e-03,9.990840894925310245e-01,-4.232639539181194677e-02,8.667007823923295051e-01,1.237408915830343938e-02,4.224632886845838819e-02,9.990305949342294101e-01,1.743811407238444744e+00,0.000000000000000000e+00,0.000000000000000000e+00,0.000000000000000000e+00,1.000000000000000056e-01
9.999111878925763808e-01,-8.343310751368352568e-03,-1.039256912235779484e-02,6.701019139705553584e+01,7.890682542162096025e-03,9.990500202873390245e-01,-4.285783583997581497e-02,8.750056905058786194e-01,1.074027263507317670e-02,4.277202508151325272e-02,9.990271269661052944e-01,1.771221762405560396e+00,0.000000000000000000e+00,0.000000000000000000e+00,0.000000000000000000e+00,1.000000000000000056e-01
9.999072387438635579e-01,-1.152710115977374772e-02,-7.255332278712972593e-03,6.781115070275339463e+01,1.121286530494899208e-02,9.990565602130705436e-01,-4.195546623362049476e-02,8.976861960540237773e-01,7.732112213054255848e-03,4.187022132828702170e-02,9.990931383042549463e-01,1.795077375787831109e+00,0.000000000000000000e+00,0.000000000000000000e+00,0.000000000000000000e+00,1.000000000000000056e-01
9.999138070793635036e-01,-1.249363676910452726e-02,-4.035771591036897872e-03,6.855593916686960654e+01,1.231760088709265948e-02,9.990816205228814084e-01,-4.103891131303830098e-02,9.122154693960683458e-01,4.544790472577946334e-03,4.098566302568262820e-02,9.991493983914044863e-01,1.816933185126129890e+00,0.000000000000000000e+00,0.000000000000000000e+00,0.000000000000000000e+00,1.000000000000000056e-01
9.998869503158659411e-01,-1.489082506777443353e-02,-2.085645424822047886e-03,6.928657440964673242e+01,1.479873008809591030e-02,9.991374037876508130e-01,-3.880007654956903196e-02,9.229961113074722778e-01,2.661611507494182453e-03,3.876482530946931404e-02,9.992448169207130970e-01,1.836556576458522771e+00,0.000000000000000000e+00,0.000000000000000000e+00,0.000000000000000000e+00,1.000000000000000056e-01
9.998835712091888039e-01,-1.454296769233957842e-02,-4.620185781823175387e-03,6.995809270543618652e+01,1.436015390543381870e-02,9.991970780726967538e-01,-3.740300991628054544e-02,9.460747641927879092e-01,5.160426898159460075e-03,3.733230855016462374e-02,9.992895820194184209e-01,1.861848123518798692e+00,0.000000000000000000e+00,0.000000000000000000e+00,0.000000000000000000e+00,1.000000000000000056e-01
9.998283842574138269e-01,-1.572821898471512408e-02,-9.789032678368529347e-03,7.065226068786532210e+01,1.536147458335296659e-02,9.992164838748294198e-01,-3.647524436446850093e-02,9.617302849600326553e-01,1.035505344430056283e-02,3.631861066163651064e-02,9.992866112321200367e-01,1.876766503991888158e+00,0.000000000000000000e+00,0.000000000000000000e+00,0.000000000000000000e+00,1.000000000000000056e-01
9.997587757435069111e-01,-1.505513052402424057e-02,-1.599166560270851023e-02,7.138434610558083193e+01,1.442642766841843727e-02,9.991456563394690571e-01,-3.872771104389571145e-02,9.614690431309418361e-01,1.656105396924205386e-02,3.848766637347845326e-02,9.991218299229337463e-01,1.907589893199207465e+00,0.000000000000000000e+00,0.000000000000000000e+00,0.000000000000000000e+00,1.000000000000000056e-01
9.996895487592130092e-01,-1.684707547622174215e-02,-1.835707355489078763e-02,7.208572549131270080e+01,1.616019031684275478e-02,9.991866325343938815e-01,-3.694484556066657960e-02,9.780076310370870996e-01,1.896455511011540390e-02,3.663672218521426410e-02,9.991486857505237351e-01,1.920241789251457387e+00,0.000000000000000000e+00,0.000000000000000000e+00,0.000000000000000000e+00,1.000000000000000056e-01
9.997278493505490360e-01,-1.761893998469176575e-02,-1.529052604529098150e-02,7.274779266940473121e+01,1.705072131016110298e-02,9.991871465398234342e-01,-3.652833273513467205e-02,9.963885074887574023e-01,1.592168759048833565e-02,3.625767702737342502e-02,9.992156327444289277e-01,1.943888477498381118e+00,0.000000000000000000e+00,0.000000000000000000e+00,0.000000000000000000e+00,1.000000000000000056e-01
9.997478079087056546e-01,-1.921080736017318283e-02,-1.163036810716406265e-02,7.335372132239341170e+01,1.875273735096212244e-02,9.990906796635898868e-01,-3.829032059400736682e-02,1.011813124577053191e+00,1.235538034961502878e-02,3.806256283957177439e-02,9.991989721204180830e-01,1.969675674297348689e+00,0.000000000000000000e+00,0.000000000000000000e+00,0.000000000000000000e+00,1.000000000000000056e-01
9.996986197311065192e-01,-2.002796492420435420e-02,-1.419684220928410338e-02,7.394479372452065036e+01,1.945242615569581224e-02,9.990270296639724990e-01,-3.958026171512005892e-02,1.014477241426093856e+00,1.497574119627046070e-02,3.929216998048131598e-02,9.991155351378774307e-01,1.999035005952736199e+00,0.000000000000000000e+00,0.000000000000000000e+00,0.000000000000000000e+00,1.000000000000000056e-01
9.996231092973953958e-01,-2.086846057714327948e-02,-1.783666761891863559e-02,7.458609997506692935e+01,2.001684081907671373e-02,9.987102783928170080e-01,-4.665946759410792566e-02,1.012143502129765782e+00,1.878737454332851317e-02,4.628484833811255528e-02,9.987515944278069213e-01,2.025414438399920858e+00,0.000000000000000000e+00,0.000000000000000000e+00,0.000000000000000000e+00,1.000000000000000056e-01
9.995826458908626533e-01,-2.004858842946334943e-02,-2.079875322725793438e-02,7.521214275086030909e+01,1.898032916045170812e-02,9.985514514668635266e-01,-5.034625982514392972e-02,1.030043275845920814e+00,2.177799666597666009e-02,4.993048042434584943e-02,9.985152307230024116e-01,2.061670117614728959e+00,0.000000000000000000e+00,0.000000000000000000e+00,0.000000000000000000e+00,1.000000000000000056e-01
9.996752935812037721e-01,-1.619434101600719308e-02,-1.967360471269253772e-02,7.581921868810677267e+01,1.523616483916618962e-02,9.987352526604452718e-01,-4.791403107932366845e-02,1.033287292951292624e+00,2.042465873222283970e-02,4.759872280149862744e-02,9.986576965624098801e-01,2.083834657249825195e+00,0.000000000000000000e+00,0.000000000000000000e+00,0.000000000000000000e+00,1.000000000000000056e-01
9.997941059119284102e-01,-1.167870459004098638e-02,-1.659378325958836553e-02,7.638798596174160593e+01,1.094788718053623169e-02,9.989947469443707373e-01,-4.346998210069807217e-02,1.065405995978638387e+00,1.708477538775063365e-02,4.327936502135072000e-02,9.989169169722268427e-01,2.096449704037502304e+00,0.000000000000000000e+00,0.000000000000000000e+00,0.000000000000000000e+00,1.000000000000000056e-01
9.998925636769397940e-01,-5.363943518498488425e-03,-1.364145203001968128e-02,7.694720330954066867e+01,4.743165422790863658e-03,9.989694607319313802e-01,-4.513888464202678308e-02,1.058964226437552725e+00,1.386951640573712112e-02,4.506933142264835102e-02,9.988875771976476470e-01,2.118532958053342519e+00,0.000000000000000000e+00,0.000000000000000000e+00,0.000000000000000000e+00,1.000000000000000056e-01
9.999555741080149440e-01,1.134971378223102170e-03,-9.357438232812520171e-03,7.752403169175281050e+01,-1.604418051447227588e-03,9.987321371065589481e-01,-5.031445272763817450e-02,1.040825613822697893e+00,9.288468820342640417e-03,5.032723070601203413e-02,9.986895885090809610e-01,2.138696011012061859e+00,0.000000000000000000e+00,0.000000000000000000e+00,0.000000000000000000e+00,1.000000000000000056e-01
9.999244794747059739e-01,1.014641508000066125e-02,-6.934378722188242090e-03,7.807136557177560121e+01,-1.050697908395578639e-02,9.984798962804090072e-01,-5.410637776078627836e-02,1.017565639346803996e+00,6.374851980063337732e-03,5.417515099091028963e-02,9.985110987251690773e-01,2.160661084802068643e+00,0.000000000000000000e+00,0.000000000000000000e+00,0.000000000000000000e+00,1.000000000000000056e-01
9.997804252297821659e-01,1.980102860098592252e-02,-6.857156385765729792e-03,7.856878295414969671e+01,-2.013258532419190047e-02,9.984318327973215057e-01,-5.223556513665448403e-02,1.016403429248691870e+00,5.812085298758375498e-03,5.236214781046016203e-02,9.986112482548729075e-01,2.175365878585008961e+00,0.000000000000000000e+00,0.000000000000000000e+00,0.000000000000000000e+00,1.000000000000000056e-01
9.993621394580881612e-01,3.504737126682586079e-02,-6.855361772948349343e-03,7.906202005037332015e+01,-3.533323376152941453e-02,9.982537684201540085e-01,-4.733895253292619287e-02,1.018707880985360248e+00,5.184284878925047267e-03,4.755097898305343795e-02,9.988553586921619099e-01,2.179119794108991481e+00,0.000000000000000000e+00,0.000000000000000000e+00,0.000000000000000000e+00,1.000000000000000056e-01
9.987012110869485371e-01,5.065304753861153003e-02,-5.491789190543404364e-03,7.954148017381740488e+01,-5.083865346418458414e-02,9.978336181614150258e-01,-4.175526051706446307e-02,9.972443174653640163e-01,3.364860682221698304e-03,4.198022441519971837e-02,9.991127756517973468e-01,2.188871462079094332e+00,0.000000000000000000e+00,0.000000000000000000e+00,0.000000000000000000e+00,1.000000000000000056e-01
9.971098974324301700e-01,7.581486502949685846e-02,-4.894760754896273700e-03,8.003476129532391781e+01,-7.595516091619769483e-02,9.961931040189131448e-01,-4.277982042222097658e-02,9.722149881042674302e-01,1.632780598553281066e-03,4.302796469416297898e-02,9.990725340443479263e-01,2.198040223256260361e+00,0.000000000000000000e+00,0.000000000000000000e+00,0.000000000000000000e+00,1.000000000000000056e-01
9.950248534292089886e-01,9.959866740654223227e-02,-2.376238418621647031e-03,8.052981437613267701e+01,-9.960619550770170860e-02,9.940464381679068318e-01,-4.416202647274315024e-02,9.258679335049981862e-01,-2.036387650389069603e-03,4.417900198667624317e-02,9.990215557778513444e-01,2.218158561830720021e+00,0.000000000000000000e+00,0.000000000000000000e+00,0.000000000000000000e+00,1.000000000000000056e-01
9.920914211678976136e-01,1.255173670433474276e-01,-5.114261292386889160e-05,8.100929749239212185e+01,-1.254048464391706585e-01,9.911846421505347005e-01,-4.273908813351658120e-02,8.688099884888613733e-01,-5.313806039862985220e-03,4.240749621732070596e-02,9.990862664104379620e-01,2.226743795211496568e+00,0.000000000000000000e+00,0.000000000000000000e+00,0.000000000000000000e+00,1.000000000000000056e-01
9.878952058744416842e-01,1.551174573255549027e-01,1.279313546087175717e-03,8.149813922723060955e+01,-1.549277550022090943e-01,9.870333071229097088e-01,-4.198382259856001802e-02,7.904439617319916067e-01,-7.775148890537361690e-03,4.127741589376127812e-02,9.991174715702170195e-01,2.229129363960143717e+00,0.000000000000000000e+00,0.000000000000000000e+00,0.000000000000000000e+00,1.000000000000000056e-01
