1.000000000000000000e+00,-2.018940448886780536e-09,-1.648130122867434716e-09,3.958251662213535648e-14,2.018940448328221037e-09,1.000000000000000000e+00,-3.389048804277712970e-10,7.476862426808996235e-15,1.648130123551663630e-09,3.389048771002946977e-10,1.000000000000000000e+00,4.998593385567989337e-15,0.000000000000000000e+00,0.000000000000000000e+00,0.000000000000000000e+00,1.000000000000000056e-01
9.999496204003381905e-01,-9.929914963177981571e-03,-1.467463813399420098e-03,6.634298811702535881e-01,9.924753824119296811e-03,9.999446809042710216e-01,-3.483445533703983729e-03,1.803374860391034062e-02,1.501972952556790463e-03,3.468705822018759363e-03,9.999928560530670918e-01,1.111107382719199108e-02,0.000000000000000000e+00,0.000000000000000000e+00,0.000000000000000000e+00,1.000000000000000056e-01
9.998087785883750245e-01,-1.887588952395089295e-02,-5.109506072138926547e-03,1.353815877066492757e+00,1.885581610202781769e-02,9.998144156993400422e-01,-3.948716109533045512e-03,1.660288754510555811e-02,5.183093357072801610e-03,3.851617123596028265e-03,9.999791500770328634e-01,1.894695653675861069e-02,0.000000000000000000e+00,0.000000000000000000e+00,0.000000000000000000e+00,1.000000000000000056e-01
9.996547522903137528e-01,-2.483760362029228952e-02,-8.571445023605470462e-03,2.102529437904584686e+00,2.480886011660235480e-02,9.996862818019061070e-01,-3.443608107046429792e-03,2.910267980326757334e-02,8.654286978504047503e-03,3.229771428646639221e-03,9.999573350365565938e-01,2.086015761929772144e-02,0.000000000000000000e+00,0.000000000000000000e+00,0.000000000000000000e+00,1.000000000000000056e-01
9.993655071668837708e-01,-3.406022341816329624e-02,-1.041557803398546721e-02,2.850810130348039095e+00,3.403743981701080890e-02,9.994177791252374377e-01,-2.357002138601562054e-03,6.464898158471489575e-02,1.048979388646921994e-02,2.000987027145819525e-03,9.999429785118432168e-01,3.913373386539403115e-02,0.000000000000000000e+00,0.000000000000000000e+00,0.000000000000000000e+00,1.000000000000000056e-01
9.991471559343448883e-01,-3.963718860261331023e-02,-1.156953188296038632e-02,3.562376780787017250e+00,3.958568892508257386e-02,9.992053737044710449e-01,-4.646976698346063847e-03,9.638477421730162753e-02,1.174453152052351915e-02,4.185025661717946266e-03,9.999222727490243434e-01,5.226922237919998798e-02,0.000000000000000000e+00,0.000000000000000000e+00,0.000000000000000000e+00,1.000000000000000056e-01
9.988833271762859178e-01,-4.459997931048569758e-02,-1.558654980222178021e-02,4.294665237596293039e+00,4.453281354212668824e-02,9.989971919844785608e-01,-4.630218693434025659e-03,1.400592932566496751e-01,1.577742714307597133e-02,3.930935337943801400e-03,9.998678015318394063e-01,7.722182636347786622e-02,0.000000000000000000e+00,0.000000000000000000e+00,0.000000000000000000e+00,1.000000000000000056e-01
9.983240383175121524e-01,-5.479022385215929353e-02,-1.863185142826221524e-02,5.079489902161029136e+00,5.472435699460512920e-02,9.984933781554468091e-01,-4.027223764701680364e-03,1.731908595554603469e-01,1.882443276546666433e-02,3.000858202954571029e-03,9.998183012833402605e-01,9.718604309559535082e-02,0.000000000000000000e+00,0.000000000000000000e+00,0.000000000000000000e+00,1.000000000000000056e-01
9.978488205145895629e-01,-6.240941798884019204e-02,-2.006977687809705785e-02,5.858968246315048312e+00,6.232985764173807480e-02,9.980451586451177803e-01,-4.566196601362071048e-03,2.477895134154892709e-01,2.031551732058612530e-02,3.305427557193634652e-03,9.997881545130753445e-01,1.123269190615884400e-01,0.000000000000000000e+00,0.000000000000000000e+00,0.000000000000000000e+00,1.000000000000000056e-01
9.975596455438847654e-01,-6.735056452499739443e-02,-1.840258244168974447e-02,6.659482445435807918e+00,6.728233911387544730e-02,9.977246995727986345e-01,-4.302406969849833195e-03,3.157175718693290833e-01,1.865048057623422753e-02,3.053738779416119604e-03,9.998214011781016985e-01,1.454433796700265458e-01,0.000000000000000000e+00,0.000000000000000000e+00,0.000000000000000000e+00,1.000000000000000056e-01
9.971923720962739823e-01,-7.223078172028758737e-02,-1.975062543521987485e-02,7.463278099703530621e+00,7.212522283477169893e-02,9.973774976814807625e-01,-6.006608832133103829e-03,3.753684398437826530e-01,2.013269142565676101e-02,4.565226248927896011e-03,9.997868940155474338e-01,1.687209754385741167e-01,0.000000000000000000e+00,0.000000000000000000e+00,0.000000000000000000e+00,1.000000000000000056e-01
9.968916265144260880e-01,-7.602302663594784349e-02,-2.067811419186631541e-02,8.284758801385381233e+00,7.592492263223865612e-02,9.970984240801427090e-01,-5.489883439979746302e-03,4.506102551311972348e-01,2.103547262864496545e-02,3.902834611657976429e-03,9.997711121918274602e-01,1.976744257951073835e-01,0.000000000000000000e+00,0.000000000000000000e+00,0.000000000000000000e+00,1.000000000000000056e-01
9.962229677269295314e-01,-8.373415816848148174e-02,-2.298672071359584776e-02,9.135307132797926499e+00,8.361811912424485516e-02,9.964800170460216266e-01,-5.965381973012501803e-03,5.165765407362647998e-01,2.340531408617976469e-02,4.020744181874037239e-03,9.997179726746694417e-01,2.283775831195478667e-01,0.000000000000000000e+00,0.000000000000000000e+00,0.000000000000000000e+00,1.000000000000000056e-01
9.961258614152042057e-01,-8.414224167404307786e-02,-2.556073914980360254e-02,9.892748553600103634e+00,8.395361516730806550e-02,9.964345351331448386e-01,-8.367060077062761503e-03,5.961408605322703336e-01,2.617362642349957760e-02,6.188728468802352084e-03,9.996382550301796677e-01,2.666422844036765993e-01,0.000000000000000000e+00,0.000000000000000000e+00,0.000000000000000000e+00,1.000000000000000056e-01
9.960234942069283726e-01,-8.563843897401629546e-02,-2.456128575450712559e-02,1.065807602814169641e+01,8.553358706991107119e-02,9.963212430943042541e-01,-5.290183548245514476e-03,6.754857052927397687e-01,2.492397381588273841e-02,3.168332229087402092e-03,9.996843287758947483e-01,2.921122236456028531e-01,0.000000000000000000e+00,0.000000000000000000e+00,0.000000000000000000e+00,1.000000000000000056e-01
9.955138121456081901e-01,-9.099988918921765590e-02,-2.590887868798800314e-02,1.145471830773663768e+01,9.075060463783631015e-02,9.958167823176521383e-01,-1.064254726956284820e-02,7.887859851861570570e-01,2.676896683075183359e-02,8.243556396839083270e-03,9.996076561295167417e-01,3.140601579717247072e-01,0.000000000000000000e+00,0.000000000000000000e+00,0.000000000000000000e+00,1.000000000000000056e-01
9.950865054197397530e-01,-9.508110833631533421e-02,-2.761212721012594115e-02,1.229935898939566563e+01,9.483385226475313234e-02,9.954415399315980073e-01,-1.013316550914525847e-02,8.860342903359041955e-01,2.844973103839979964e-02,7.464811862774539328e-03,9.995673511013132284e-01,3.512519984524524741e-01,0.000000000000000000e+00,0.000000000000000000e+00,0.000000000000000000e+00,1.000000000000000056e-01
9.946008729521462755e-01,-9.855041899679602146e-02,-3.251028204098882490e-02,1.318169184927878668e+01,9.836421137080893218e-02,9.951238385284342236e-01,-7.282026766876972118e-03,9.904199688147889979e-01,3.306940344529242515e-02,4.044861924792293381e-03,9.994448727407539979e-01,3.994335563156926061e-01,0.000000000000000000e+00,0.000000000000000000e+00,0.000000000000000000e+00,1.000000000000000056e-01
9.945902698602934189e-01,-9.741162485728203924e-02,-3.607174021159699484e-02,1.408928112291800083e+01,9.739886853729921856e-02,9.952431801212021645e-01,-2.114906591358180904e-03,1.096991258156281512e+00,3.610616992818121984e-02,-1.409881165352698312e-03,9.993469651368421802e-01,4.400291272094723483e-01,0.000000000000000000e+00,0.000000000000000000e+00,0.000000000000000000e+00,1.000000000000000056e-01
9.923832321883343521e-01,-1.172457402351341632e-01,-3.780154584338930174e-02,1.498618203083443490e+01,1.170792656455784259e-01,9.931006715422486808e-01,-6.595584752459185060e-03,1.304742976735886906e+00,3.831404477899064825e-02,2.119570487205853660e-03,9.992634994803039072e-01,4.682642761403210119e-01,0.000000000000000000e+00,0.000000000000000000e+00,0.000000000000000000e+00,1.000000000000000056e-01
9.918481832760530637e-01,-1.222051173746091512e-01,-3.609834649192360939e-02,1.593066110870639385e+01,1.220151732437168013e-01,9.925004462736476407e-01,-7.427088589491107062e-03,1.443156305408365148e+00,3.673525323580532215e-02,2.961998323493282483e-03,9.993206431049209693e-01,5.155171400495841549e-01,0.000000000000000000e+00,0.000000000000000000e+00,0.000000000000000000e+00,1.000000000000000056e-01
9.913971122693721050e-01,-1.257933866888554242e-01,-3.616337441802311425e-02,1.684308993044772862e+01,1.255800330602375725e-01,9.920502539254302254e-01,-8.120897923195063983e-03,1.565903401534401551e+00,3.689744002691343339e-02,3.509636995104836212e-03,9.993128946269146384e-01,5.577490459640042086e-01,0.000000000000000000e+00,0.000000000000000000e+00,0.000000000000000000e+00,1.000000000000000056e-01
9.908135736477193811e-01,-1.300489422809954221e-01,-3.709090032649178803e-02,1.770124810874803956e+01,1.298019635243221892e-01,9.914990822676559290e-01,-9.001118132019628529e-03,1.710580842874977803e+00,3.794617952661315241e-02,4.103958331948095312e-03,9.992713570323846772e-01,6.102917292807472638e-01,0.000000000000000000e+00,0.000000000000000000e+00,0.000000000000000000e+00,1.000000000000000056e-01
9.905948773171382449e-01,-1.311216100591306721e-01,-3.910130955025968580e-02,1.859805800842657675e+01,1.308171161198377896e-01,9.913534479506186381e-01,-1.025784414528603528e-02,1.822700718005460629e+00,4.010824308209992584e-02,5.046247310763900956e-03,9.991825980394903883e-01,6.378084213451692408e-01,0.000000000000000000e+00,0.000000000000000000e+00,0.000000000000000000e+00,1.000000000000000056e-01
9.902326688595824988e-01,-1.339359781638398417e-01,-3.873519428793333746e-02,1.951247322852005794e+01,1.335686379926085965e-01,9.909677276545431068e-01,-1.193237998015258226e-02,1.944602891837765135e+00,3.998350244823489080e-02,6.642025330174815625e-03,9.991782638906259173e-01,6.932301258969183477e-01,0.000000000000000000e+00,0.000000000000000000e+00,0.000000000000000000e+00,1.000000000000000056e-01
9.882959841548966118e-01,-1.478613556593676159e-01,-3.752422158923880008e-02,2.042737788265501564e+01,1.474948718012011051e-01,9.889854733611714854e-01,-1.236916621793386455e-02,2.109341793873286353e+00,3.893983173630257560e-02,6.689767047783812606e-03,9.992191634077054463e-01,7.314916303934617670e-01,0.000000000000000000e+00,0.000000000000000000e+00,0.000000000000000000e+00,1.000000000000000056e-01
9.883105163023165884e-01,-1.480384080738074148e-01,-3.642736747585850060e-02,2.133789285419401338e+01,1.476638505663804279e-01,9.889550166863247949e-01,-1.278132257869429508e-02,2.246714226990897512e+00,3.791715445755424602e-02,7.252910169294021075e-03,9.992545645089233597e-01,7.720807155519212595e-01,0.000000000000000000e+00,0.000000000000000000e+00,0.000000000000000000e+00,1.000000000000000056e-01
9.882385517666631980e-01,-1.492985078760417361e-01,-3.308353590709020575e-02,2.228463869220228943e+01,1.489663906283683892e-01,9.887657600231729571e-01,-1.229984833051273561e-02,2.412024594163520774e+00,3.454821652827515244e-02,7.226849367792264126e-03,9.993769025662593286e-01,8.145337489337328707e-01,0.000000000000000000e+00,0.000000000000000000e+00,0.000000000000000000e+00,1.000000000000000056e-01
9.880779837997304416e-01,-1.504257075880913452e-01,-3.277200675701392313e-02,2.324162482092089732e+01,1.501055209044289962e-01,9.885967316079257161e-01,-1.203473506716925753e-02,2.568865984469542951e+00,3.420863230633097024e-02,6.971997615387473361e-03,9.993903945530902000e-01,8.622840617474031299e-01,0.000000000000000000e+00,0.000000000000000000e+00,0.000000000000000000e+00,1.000000000000000056e-01
9.882534922693291257e-01,-1.492961599267473016e-01,-3.264493296978953490e-02,2.417651795979357487e+01,1.489156886845941219e-01,9.887535313970359230e-01,-1.380477502473985429e-02,2.708296078605070267e+00,3.433879265594525637e-02,8.781274452932953667e-03,9.993716708702095053e-01,9.074552358353121795e-01,0.000000000000000000e+00,0.000000000000000000e+00,0.000000000000000000e+00,1.000000000000000056e-01
9.881674386708452218e-01,-1.492063670760224448e-01,-3.553270570441462856e-02,2.512282005549140251e+01,1.487665637987095890e-01,9.887626256054442564e-01,-1.473023086555619310e-02,2.862334741358943280e+00,3.733125562080328447e-02,9.269855975330320436e-03,9.992599497247804941e-01,9.526904583755662070e-01,0.000000000000000000e+00,0.000000000000000000e+00,0.000000000000000000e+00,1.000000000000000056e-01
9.884901542311679279e-01,-1.461556334843726046e-01,-3.906079605977800379e-02,2.607065656386072305e+01,1.456487836219793053e-01,9.892143614840743782e-01,-1.553637226294521563e-02,3.009619824590514803e+00,4.091022876347274323e-02,9.668393580978687854e-03,9.991160469875777217e-01,9.953708222369945791e-01,0.000000000000000000e+00,0.000000000000000000e+00,0.000000000000000000e+00,1.000000000000000056e-01
9.881056441264489676e-01,-1.469110569640547648e-01,-4.543541996240087893e-02,2.703215029686354853e+01,1.463805344180356127e-01,9.891174980864577693e-01,-1.480925800560118667e-02,3.159371155652324070e+00,4.711661266417371124e-02,7.982250365055209781e-03,9.988575015937778412e-01,1.055335304218523618e+00,0.000000000000000000e+00,0.000000000000000000e+00,0.000000000000000000e+00,1.000000000000000056e-01
9.878106280133033268e-01,-1.496234494879510046e-01,-4.293001918576201670e-02,2.798426749391050450e+01,1.489344029153425730e-01,9.886675592690632453e-01,-1.884146695997417770e-02,3.278815329147053426e+00,4.526264256772598304e-02,1.221804453584832834e-02,9.989004017295749493e-01,1.120204801981342646e+00,0.000000000000000000e+00,0.000000000000000000e+00,0.000000000000000000e+00,1.000000000000000056e-01
9.878477306409837455e-01,-1.507142465013411592e-01,-3.797468853053856397e-02,2.897938897558513816e+01,1.501365142104971462e-01,9.885077478461461453e-01,-1.764821659151533106e-02,3.428866497336003683e+00,4.019811150016425194e-02,1.173236334558457050e-02,9.991228470424182717e-01,1.189842354007406566e+00,0.000000000000000000e+00,0.000000000000000000e+00,0.000000000000000000e+00,1.000000000000000056e-01
9.880770160249306988e-01,-1.494935489574406862e-01,-3.681696923129480076e-02,2.992073556149979652e+01,1.487672376286890141e-01,9.886330183993693455e-01,-2.175003307770911887e-02,3.553124458888456516e+00,3.964996105418015088e-02,1.601354897146620160e-02,9.990853050854768824e-01,1.234822823277986314e+00,0.000000000000000000e+00,0.000000000000000000e+00,0.000000000000000000e+00,1.000000000000000056e-01
9.874797083932264075e-01,-1.529178581983299257e-01,-3.872924160971985552e-02,3.084573153589726857e+01,1.518353248487999685e-01,9.879649599364943580e-01,-2.951731806483091219e-02,3.682791705101994495e+00,4.277685869355050963e-02,2.326728565424986822e-02,9.988136832155412037e-01,1.293493385966848708e+00,0.000000000000000000e+00,0.000000000000000000e+00,0.000000000000000000e+00,1.000000000000000056e-01
9.870960323729199848e-01,-1.545676332014884191e-01,-4.183622401854002193e-02,3.180356240230762310e+01,1.533651190026407707e-01,9.876960266317099668e-01,-3.058920151357740272e-02,3.830287632250526819e+00,4.604957271186313483e-02,2.377826197228344665e-02,9.986561125385616799e-01,1.339699121334284149e+00,0.000000000000000000e+00,0.000000000000000000e+00,0.000000000000000000e+00,1.000000000000000056e-01
9.867720734720488718e-01,-1.556058178244199008e-01,-4.547201859239163174e-02,3.277506695617851307e+01,1.543168704662339907e-01,9.875467577060982327e-01,-3.062196652209649497e-02,3.982029166408621368e+00,4.967070067133060735e-02,2.319980179584054183e-02,9.984961645852490353e-01,1.385462802292181772e+00,0.000000000000000000e+00,0.000000000000000000e+00,0.000000000000000000e+00,1.000000000000000056e-01
9.867768729126055183e-01,-1.549511405549689469e-01,-4.755572652724177063e-02,3.373274892776524325e+01,1.535520192832783848e-01,9.876285321058757560e-01,-3.180660221433423418e-02,4.137901851642948436e+00,5.189586167361753821e-02,2.408374163429454623e-02,9.983620550331654409e-01,1.439376736144561963e+00,0.000000000000000000e+00,0.000000000000000000e+00,0.000000000000000000e+00,1.000000000000000056e-01
9.861426370180900181e-01,-1.593620638783668775e-01,-4.611325244910465665e-02,3.468442213633338156e+01,1.579523936154489383e-01,9.869027202649369723e-01,-3.277288642792613310e-02,4.283891112278265467e+00,5.073204910269078077e-02,2.503504204299990613e-02,9.983984704834775181e-01,1.508290437209743429e+00,0.000000000000000000e+00,0.000000000000000000e+00,0.000000000000000000e+00,1.000000000000000056e-01
9.856375215723623961e-01,-1.620327799644752098e-01,-4.758207945933846938e-02,3.566453775928246017e+01,1.605441650283299382e-01,9.864558278918041934e-01,-3.362247304484933252e-02,4.467498080117779047e+00,5.238556236261290855e-02,2.550054578394771870e-02,9.983012947105065482e-01,1.564139227850218417e+00,0.000000000000000000e+00,0.000000000000000000e+00,0.000000000000000000e+00,1.000000000000000056e-01
9.852848388277375413e-01,-1.643133105469413713e-01,-4.706296158661939233e-02,3.663737743603146413e+01,1.627683592381630184e-01,9.860435747957798647e-01,-3.499328271076487806e-02,4.621179847230581395e+00,5.215599301245747721e-02,2.681798987738669496e-02,9.982787926285026092e-01,1.637438327272979999e+00,0.000000000000000000e+00,0.000000000000000000e+00,0.000000000000000000e+00,1.000000000000000056e-01
9.850639710846919028e-01,-1.657104390495061919e-01,-4.678699884451999191e-02,3.763322071924342538e+01,1.641691251046984157e-01,9.858080143132029738e-01,-3.508642583988250824e-02,4.790063731369459177e+00,5.193718545719525070e-02,2.688139330242382899e-02,9.982884951059515233e-01,1.700069152640292236e+00,0.000000000000000000e+00,0.000000000000000000e+00,0.000000000000000000e+00,1.000000000000000056e-01
9.851802359820588384e-01,-1.658083310533820243e-01,-4.390330265056326120e-02,3.860478493120279353e+01,1.644000412431512459e-01,9.858084839806492417e-01,-3.397439257770890064e-02,4.952926474759722808e+00,4.891348555955771227e-02,2.625319533059121760e-02,9.984579313448057603e-01,1.773144245345257719e+00,0.000000000000000000e+00,0.000000000000000000e+00,0.000000000000000000e+00,1.000000000000000056e-01
9.849335803947464330e-01,-1.672556556421524732e-01,-4.394755814034904950e-02,3.959936868856485148e+01,1.660274181724702147e-01,9.856562285700767312e-01,-3.027697963794173663e-02,5.139110439824315257e+00,4.838118049168865786e-02,2.252431434531011051e-02,9.985749429249185516e-01,1.827003884752782747e+00,0.000000000000000000e+00,0.000000000000000000e+00,0.000000000000000000e+00,1.000000000000000056e-01
9.839956123507683783e-01,-1.713693360958496725e-01,-4.883836115702538949e-02,4.059394000064224883e+01,1.697876401919909128e-01,9.848621910692764159e-01,-3.490876451923004276e-02,5.328483472617482342e+00,5.408134717692747451e-02,2.605792102781301009e-02,9.981964699593146584e-01,1.907034484525645501e+00,0.000000000000000000e+00,0.000000000000000000e+00,0.000000000000000000e+00,1.000000000000000056e-01
9.838567622663446643e-01,-1.719414385864287687e-01,-4.961867631864719241e-02,4.160831069438164320e+01,1.705215396795255189e-01,9.848475187749592408e-01,-3.158748594190913250e-02,5.501344783978374231e+00,5.429802803149796908e-02,2.261650856422466743e-02,9.982686099904448662e-01,1.992628865706155050e+00,0.000000000000000000e+00,0.000000000000000000e+00,0.000000000000000000e+00,1.000000000000000056e-01
9.831459674405714777e-01,-1.749729080135932757e-01,-5.299517116313043341e-02,4.262118556948565384e+01,1.733926939830127134e-01,9.842959619005668959e-01,-3.311243058960143537e-02,5.679489916182219211e+00,5.795671124775947369e-02,2.336537711025642172e-02,9.980456296050994602e-01,2.066734431559038576e+00,0.000000000000000000e+00,0.000000000000000000e+00,0.000000000000000000e+00,1.000000000000000056e-01
9.839047330993043738e-01,-1.699696196792232217e-01,-5.515255724702902013e-02,4.362371053153068345e+01,1.682989484298247629e-01,9.851606354272952615e-01,-3.367471398398251548e-02,5.801689067547219913e+00,6.005780667158752001e-02,2.385059308671503772e-02,9.979099203170646026e-01,2.144517693744004916e+00,0.000000000000000000e+00,0.000000000000000000e+00,0.000000000000000000e+00,1.000000000000000056e-01
9.836044003370001398e-01,-1.725608959343518101e-01,-5.239390071395906567e-02,4.461276769526328678e+01,1.708202012339363196e-01,9.846409478829381001e-01,-3.609241752205989001e-02,5.984066133988576119e+00,5.781731996632055726e-02,2.655072403010898946e-02,9.979740560582670561e-01,2.233444825728435390e+00,0.000000000000000000e+00,0.000000000000000000e+00,0.000000000000000000e+00,1.000000000000000056e-01
9.836312307472059313e-01,-1.726816657024309309e-01,-5.148440762959926448e-02,4.558880257239139411e+01,1.709963919950683309e-01,9.846301592332129538e-01,-3.554832560116858581e-02,6.142234613766277995e+00,5.683164456010212501e-02,2.616279531341502568e-02,9.980409171561968051e-01,2.302675028345489761e+00,0.000000000000000000e+00,0.000000000000000000e+00,0.000000000000000000e+00,1.000000000000000056e-01
9.826968488648673006e-01,-1.767767711861471525e-01,-5.528902603646302510e-02,4.650246371267913048e+01,1.750855546722525080e-01,9.839623278992928324e-01,-3.410551011367786434e-02,6.316552457341891191e+00,6.043138072367523067e-02,2.383506752675736140e-02,9.978877380646707929e-01,2.382987041570292508e+00,0.000000000000000000e+00,0.000000000000000000e+00,0.000000000000000000e+00,1.000000000000000056e-01
9.825877134938780788e-01,-1.755717925506408150e-01,-6.079416872881331785e-02,4.746018255255759755e+01,1.736965477175952399e-01,9.841803343510860946e-01,-3.490814786799122105e-02,6.475537753001471053e+00,6.596131140192587616e-02,2.374057996635982673e-02,9.975397186383101467e-01,2.438233460963185273e+00,0.000000000000000000e+00,0.000000000000000000e+00,0.000000000000000000e+00,1.000000000000000056e-01
9.825433041124276290e-01,-1.759102201137477950e-01,-6.053304885239344652e-02,4.840806608380931664e+01,1.738189489547388722e-01,9.840335295829737428e-01,-3.827513083902657487e-02,6.648351991848802989e+00,6.629953640941496640e-02,2.708518259136376283e-02,9.974320850844378139e-01,2.519103668436676102e+00,0.000000000000000000e+00,0.000000000000000000e+00,0.000000000000000000e+00,1.000000000000000056e-01
9.830831995365773013e-01,-1.735615048084918066e-01,-5.851347569182644565e-02,4.937492822872923881e+01,1.715151144109478554e-01,9.844333725765227472e-01,-3.838620176850910531e-02,6.847419934258458518e+00,6.426498515930391398e-02,2.770088457477672822e-02,9.975483309976761470e-01,2.601734839012800560e+00,0.000000000000000000e+00,0.000000000000000000e+00,0.000000000000000000e+00,1.000000000000000056e-01
9.839800563612899342e-01,-1.688008426492264291e-01,-5.735437388851710727e-02,5.036892298090291575e+01,1.667768523674816039e-01,9.852448263085707980e-01,-3.844624489582099125e-02,7.029666153721937150e+00,6.299785867494196723e-02,2.826495627283533499e-02,9.976133329347932621e-01,2.695728711418736268e+00,0.000000000000000000e+00,0.000000000000000000e+00,0.000000000000000000e+00,1.000000000000000056e-01
9.839201156209325116e-01,-1.693783101102976085e-01,-5.667622200421194162e-02,5.129903723909252733e+01,1.670381956356680464e-01,9.849776863284936956e-01,-4.378582685924545942e-02,7.205583838400642982e+00,6.324118337974982129e-02,3.361466196687681179e-02,9.974320063170127870e-01,2.770205113234015304e+00,0.000000000000000000e+00,0.000000000000000000e+00,0.000000000000000000e+00,1.000000000000000056e-01
9.844325167540972643e-01,-1.662554498704605088e-01,-5.702407689357858606e-02,5.223265166313868946e+01,1.638985913132116334e-01,9.855038534095755809e-01,-4.381103377486696843e-02,7.368664642580818658e+00,6.348127064527608887e-02,3.378284036679726071e-02,9.974110727147622590e-01,2.842533104523607079e+00,0.000000000000000000e+00,0.000000000000000000e+00,0.000000000000000000e+00,1.000000000000000056e-01
9.846775257254470892e-01,-1.653943221289105037e-01,-5.527104611575252291e-02,5.321105482341819481e+01,1.629941935803348174e-01,9.855792658223392344e-01,-4.545771265907636027e-02,7.534879419386623312e+00,6.199244462277475609e-02,3.575232843629906621e-02,9.974360670344115665e-01,2.932584689944341516e+00,0.000000000000000000e+00,0.000000000000000000e+00,0.000000000000000000e+00,1.000000000000000056e-01
9.833620052155324087e-01,-1.733289763226718294e-01,-5.437124851814429533e-02,5.417375749198398438e+01,1.708302585839223398e-01,9.841456556853689364e-01,-4.769015776620498526e-02,7.706621440771722398e+00,6.177531424960428647e-02,3.760843472613513427e-02,9.973812792442079411e-01,3.003340947398144500e+00,0.000000000000000000e+00,0.000000000000000000e+00,0.000000000000000000e+00,1.000000000000000056e-01
9.836100413693726896e-01,-1.732998043287061196e-01,-4.978417757654578224e-02,5.508903974595379083e+01,1.709369243267435112e-01,9.840939932608151475e-01,-4.836920848738172907e-02,7.864197539741886622e+00,5.737468447890611833e-02,3.906648496620619693e-02,9.975880689609971652e-01,3.077302794437929201e+00,0.000000000000000000e+00,0.000000000000000000e+00,0.000000000000000000e+00,1.000000000000000056e-01
9.836453174423549495e-01,-1.743975184367103914e-01,-4.502660365657196184e-02,5.600375787285524609e+01,1.722332381451195660e-01,9.838772762049134979e-01,-4.817901042619027185e-02,8.046736544011407588e+00,5.270295202145020008e-02,3.963598025428018146e-02,9.978233250017294331e-01,3.157800097530389039e+00,0.000000000000000000e+00,0.000000000000000000e+00,0.000000000000000000e+00,1.000000000000000056e-01
9.837301956166313310e-01,-1.747478848379731831e-01,-4.169027436607657816e-02,5.691077225650576565e+01,1.730942202520772411e-01,9.840738457364530678e-01,-4.046056169645775857e-02,8.220021236302834211e+00,4.809670620104516264e-02,3.258593073892397662e-02,9.983110056342604510e-01,3.236548354391874938e+00,0.000000000000000000e+00,0.000000000000000000e+00,0.000000000000000000e+00,1.000000000000000056e-01
9.830470798901366214e-01,-1.780059210684998283e-01,-4.395828458925985643e-02,5.776607747113045832e+01,1.763346327017233928e-01,9.835422139314539125e-01,-3.938033423883664785e-02,8.387146269357190320e+00,5.024476121371904830e-02,3.096135461134097086e-02,9.982569100643416959e-01,3.315998511096326595e+00,0.000000000000000000e+00,0.000000000000000000e+00,0.000000000000000000e+00,1.000000000000000056e-01
9.826432409548591096e-01,-1.788240847591771043e-01,-4.933769062059384369e-02,5.867034907265902888e+01,1.770211275401960549e-01,9.834418223120726665e-01,-3.880338299565327248e-02,8.579016055097469007e+00,5.545972782234358245e-02,2.939606840297452270e-02,9.980281006827008694e-01,3.376718849389789945e+00,0.000000000000000000e+00,0.000000000000000000e+00,0.000000000000000000e+00,1.000000000000000056e-01
9.821201704186287573e-01,-1.798794381315934887e-01,-5.552799829226589406e-02,5.963793195124955560e+01,1.779346644096575225e-01,9.832998499305297679e-01,-3.821858615935611048e-02,8.753307165201107409e+00,6.147541019225664233e-02,2.765488861051150493e-02,9.977254036445267760e-01,3.445821595437540630e+00,0.000000000000000000e+00,0.000000000000000000e+00,0.000000000000000000e+00,1.000000000000000056e-01
9.827145704034320195e-01,-1.767780049258037278e-01,-5.496917400917198521e-02,6.054432834745296077e+01,1.750322605637614493e-01,9.839355431598714175e-01,-3.513623014252390681e-02,8.954386992289874669e+00,6.029743675097338357e-02,2.490750652195836135e-02,9.978696484211356799e-01,3.516359985346832140e+00,0.000000000000000000e+00,0.000000000000000000e+00,0.000000000000000000e+00,1.000000000000000056e-01
9.824129394971887752e-01,-1.794230866153462278e-01,-5.169305850803331687e-02,6.147777946225921397e+01,1.778444189967618994e-01,9.834810756714922331e-01,-3.370958955177061345e-02,9.147533165987312032e+00,5.688742339214509364e-02,2.392341500427188489e-02,9.980939290839997424e-01,3.589752582829663030e+00,0.000000000000000000e+00,0.000000000000000000e+00,0.000000000000000000e+00,1.000000000000000056e-01
9.818398404864656648e-01,-1.827867308214269348e-01,-5.078915897243134470e-02,6.236286110300093810e+01,1.811445302450422901e-01,9.828232663179669037e-01,-3.528578107943294850e-02,9.332587583799295317e+00,5.636653968281755966e-02,2.544480732286894323e-02,9.980858555176941316e-01,3.664793049877491438e+00,0.000000000000000000e+00,0.000000000000000000e+00,0.000000000000000000e+00,1.000000000000000056e-01
9.812977990324446287e-01,-1.860066982068195596e-01,-4.955943740880391218e-02,6.318713961618843911e+01,1.844671616734083475e-01,9.822486061764013066e-01,-3.405204734922065435e-02,9.494110768570774184e+00,5.501359721229506089e-02,2.427311036340582331e-02,9.981905230140433183e-01,3.726925075316773306e+00,0.000000000000000000e+00,0.000000000000000000e+00,0.000000000000000000e+00,1.000000000000000056e-01
9.805835650868004461e-01,-1.897951050216276914e-01,-4.933244359941869883e-02,6.401144880096755685e+01,1.882598054427930545e-01,9.815256453024961969e-01,-3.414166469520974606e-02,9.642303890567639257e+00,5.490097937470897471e-02,2.419143905078279672e-02,9.981987060402102152e-01,3.783156950283724562e+00,0.000000000000000000e+00,0.000000000000000000e+00,0.000000000000000000e+00,1.000000000000000056e-01
9.800908635014021764e-01,-1.923846456947544137e-01,-4.909223341812490871e-02,6.481618463973929067e+01,1.909474609135704271e-01,9.810621326199548964e-01,-3.249860165986383220e-02,9.795779035082114561e+00,5.441476317817009467e-02,2.247754524163676770e-02,9.982653923221889158e-01,3.841778841786857690e+00,0.000000000000000000e+00,0.000000000000000000e+00,0.000000000000000000e+00,1.000000000000000056e-01
9.795246984485015407e-01,-1.947853797965825029e-01,-5.089224839671713935e-02,6.561145631563599068e+01,1.931950749815336543e-01,9.805521747094642082e-01,-3.454121705180707158e-02,9.954351075737001509e+00,5.663062892332765969e-02,2.400184347173296359e-02,9.981066493004175921e-01,3.908843060611615794e+00,0.000000000000000000e+00,0.000000000000000000e+00,0.000000000000000000e+00,1.000000000000000056e-01
9.787763225963684866e-01,-1.987753139230445110e-01,-4.985263182144603761e-02,6.636591310104962815e+01,1.972564904958070409e-01,9.797697399663556350e-01,-3.378066908066511970e-02,1.010158520121287395e+01,5.555886321737634609e-02,2.322996386254021911e-02,9.981851438971318657e-01,3.971029669080765601e+00,0.000000000000000000e+00,0.000000000000000000e+00,0.000000000000000000e+00,1.000000000000000056e-01
9.780882785586768602e-01,-2.028758475385309401e-01,-4.674087966274145800e-02,6.715229642600807836e+01,2.014318040640366569e-01,9.789184659381201525e-01,-3.382107858813987455e-02,1.026416092392698509e+01,5.261699019928528509e-02,2.366490082126540551e-02,9.983343251694233311e-01,4.036985378982698158e+00,0.000000000000000000e+00,0.000000000000000000e+00,0.000000000000000000e+00,1.000000000000000056e-01
9.743181583968640869e-01,-2.204724282793662782e-01,-4.578247029969971515e-02,6.795746544499579045e+01,2.192750349991470504e-01,9.752087663714882337e-01,-2.977114405465479743e-02,1.046437922596243730e+01,5.121118280479401708e-02,1.896761347138494966e-02,9.985077087308510402e-01,4.097649184213508988e+00,0.000000000000000000e+00,0.000000000000000000e+00,0.000000000000000000e+00,1.000000000000000056e-01
9.735354318047740874e-01,-2.243223856652001857e-01,-4.368329555064838499e-02,6.869222454493979058e+01,2.232180082137192323e-01,9.743440405018271022e-01,-2.876476225651600910e-02,1.061902570618525665e+01,4.901513878172820970e-02,1.825261701913202805e-02,9.986312423222902801e-01,4.161426454856420598e+00,0.000000000000000000e+00,0.000000000000000000e+00,0.000000000000000000e+00,1.000000000000000056e-01
9.734184089009093599e-01,-2.241268786574759919e-01,-4.715658465240157859e-02,6.936514454233355309e+01,2.231169579131395131e-01,9.744513481074339456e-01,-2.575642178546730388e-02,1.078425162422995243e+01,5.172450390683724919e-02,1.455034140017302108e-02,9.985553881787079256e-01,4.212704176837894998e+00,0.000000000000000000e+00,0.000000000000000000e+00,0.000000000000000000e+00,1.000000000000000056e-01
9.725800260072071657e-01,-2.269425110977069948e-01,-5.084476048215070404e-02,7.002804866810897977e+01,2.257813618255166410e-01,9.737869973444425176e-01,-2.759819659162138228e-02,1.095899015003195842e+01,5.577517067688163993e-02,1.536165549547894443e-02,9.983251724144808215e-01,4.261066754217928576e+00,0.000000000000000000e+00,0.000000000000000000e+00,0.000000000000000000e+00,1.000000000000000056e-01
9.715360353644341140e-01,-2.301081657718054285e-01,-5.628466961342484809e-02,7.074677253864982163e+01,2.286719500853287013e-01,9.730150095646076247e-01,-3.083715950212462947e-02,1.113646700366731679e+01,6.186171055289385601e-02,1.708868652418454176e-02,9.979384277400826786e-01,4.316650736680746725e+00,0.000000000000000000e+00,0.000000000000000000e+00,0.000000000000000000e+00,1.000000000000000056e-01
9.701290765788529447e-01,-2.354449377308254487e-01,-5.844019227543580108e-02,7.146099627615230077e+01,2.339785758854534825e-01,9.717512992959670415e-01,-3.087779692942790172e-02,1.131391089426952234e+01,6.405935375007509869e-02,1.628169565885668330e-02,9.978132618799948617e-01,4.370424602526843394e+00,0.000000000000000000e+00,0.000000000000000000e+00,0.000000000000000000e+00,1.000000000000000056e-01
9.699247218160811368e-01,-2.369808214429708904e-01,-5.555289621804163080e-02,7.212863719501541482e+01,2.356329530314724696e-01,9.713861341358475121e-01,-2.976726145081440289e-02,1.147087890730396786e+01,6.101758316801508819e-02,1.578190979659965104e-02,9.980119166961416433e-01,4.438431830312344673e+00,0.000000000000000000e+00,0.000000000000000000e+00,0.000000000000000000e+00,1.000000000000000056e-01
9.684499088050555482e-01,-2.436208657364982433e-01,-5.247521237002020916e-02,7.269403253226276718e+01,2.422470324592295998e-01,9.697123137801153536e-01,-3.121544117759719045e-02,1.162403314109216268e+01,5.849059240746819904e-02,1.751862668744832291e-02,9.981342336173072427e-01,4.482674093723714392e+00,0.000000000000000000e+00,0.000000000000000000e+00,0.000000000000000000e+00,1.000000000000000056e-01
9.688497879059103646e-01,-2.412915321326896956e-01,-5.575378907062512879e-02,7.322370469963131256e+01,2.396733290578208220e-01,9.702515078251547909e-01,-3.418635548512100053e-02,1.173990969231655157e+01,6.234407600577729358e-02,1.975874702689126711e-02,9.978591123514948258e-01,4.529579059422480292e+00,0.000000000000000000e+00,0.000000000000000000e+00,0.000000000000000000e+00,1.000000000000000056e-01
9.680467916926978056e-01,-2.444433516664815953e-01,-5.597192974635967211e-02,7.384379178989728132e+01,2.423094904895873591e-01,9.692773293032240778e-01,-4.227966080145164479e-02,1.188490836198303668e+01,6.458730457412799331e-02,2.736616021414139260e-02,9.975367528883247736e-01,4.589893722867242509e+00,0.000000000000000000e+00,0.000000000000000000e+00,0.000000000000000000e+00,1.000000000000000056e-01
9.678011853535948283e-01,-2.440178299542458962e-01,-6.177511062391957686e-02,7.442740246892364553e+01,2.413561311082630667e-01,9.692728047264801416e-01,-4.751260879086334488e-02,1.202244516231091431e+01,7.147085842934661204e-02,3.107295740806499326e-02,9.969585687044817401e-01,4.642593224499198534e+00,0.000000000000000000e+00,0.000000000000000000e+00,0.000000000000000000e+00,1.000000000000000056e-01
9.687198902573751491e-01,-2.403451200830559742e-01,-6.177376038416664689e-02,7.500128696688246066e+01,2.379178088551485715e-01,9.702817470564013558e-01,-4.414122289586772802e-02,1.214564477468388581e+01,7.054707966531299779e-02,2.806340288416741408e-02,9.971136118663995740e-01,4.702076452214415170e+00,0.000000000000000000e+00,0.000000000000000000e+00,0.000000000000000000e+00,1.000000000000000056e-01
9.689375061753898732e-01,-2.401982982019997825e-01,-5.886328794316205565e-02,7.556886944025175978e+01,2.378340112132507622e-01,9.702889772157009540e-01,-4.443291352054482002e-02,1.230384794235388846e+01,6.778710966571550867e-02,2.905302453398064810e-02,9.972767066008291215e-01,4.739237418668073687e+00,0.000000000000000000e+00,0.000000000000000000e+00,0.000000000000000000e+00,1.000000000000000056e-01
9.696075798789018929e-01,-2.379110076775833582e-01,-5.709197375477399056e-02,7.615019340767220513e+01,2.354187262383769241e-01,9.707522322617332389e-01,-4.709699454489762321e-02,1.242091848929533704e+01,6.662705439743737967e-02,3.222508316046428928e-02,9.972574289708862061e-01,4.788664230782662123e+00,0.000000000000000000e+00,0.000000000000000000e+00,0.000000000000000000e+00,1.000000000000000056e-01
9.702985424182521967e-01,-2.361914067172204146e-01,-5.229108885800586026e-02,7.674070546173355467e+01,2.335856257159170946e-01,9.709760656243627830e-01,-5.141240554123641809e-02,1.254560827482206520e+01,6.291656411406133798e-02,3.767093544861385007e-02,9.973075787250930135e-01,4.845776030523984090e+00,0.000000000000000000e+00,0.000000000000000000e+00,0.000000000000000000e+00,1.000000000000000056e-01
9.720060473386701316e-01,-2.298191772822169576e-01,-4.886092191496078929e-02,7.731135847638786629e+01,2.272898743638909203e-01,9.724229575733459585e-01,-5.227719001584912872e-02,1.265111293962459094e+01,5.952778299837506448e-02,3.970815202992278303e-02,9.974365672631352320e-01,4.912804856727052361e+00,0.000000000000000000e+00,0.000000000000000000e+00,0.000000000000000000e+00,1.000000000000000056e-01
9.741153610354703618e-01,-2.210750657322708146e-01,-4.717073993703463364e-02,7.780841602250923472e+01,2.187860108307099205e-01,9.745307981372010042e-01,-4.921793318348978430e-02,1.278908031548825441e+01,5.685019665330721950e-02,3.762364673369815449e-02,9.976735519933052077e-01,4.963450235376027919e+00,0.000000000000000000e+00,0.000000000000000000e+00,0.000000000000000000e+00,1.000000000000000056e-01
9.770476674516097582e-01,-2.075005777896889725e-01,-4.818055359077881572e-02,7.830988410255963572e+01,2.052592682970577898e-01,9.775489323429472632e-01,-4.761005832090895590e-02,1.289125642807785610e+01,5.697796333254738499e-02,3.662779125348875758e-02,9.977033209338163067e-01,5.003367577515819953e+00,0.000000000000000000e+00,0.000000000000000000e+00,0.000000000000000000e+00,1.000000000000000056e-01
9.808036755585964883e-01,-1.890498870091823491e-01,-4.779424894862093626e-02,7.877597794057165004e+01,1.873343163514241683e-01,9.815541598778469989e-01,-3.817440429972071558e-02,1.299524527437445975e+01,5.412951069326133596e-02,2.848809309710629081e-02,9.981274591072017977e-01,5.041726465266988200e+00,0.000000000000000000e+00,0.000000000000000000e+00,0.000000000000000000e+00,1.000000000000000056e-01
9.849502198323866198e-01,-1.667432324982465741e-01,-4.549460262678350214e-02,7.925648872296874003e+01,1.649501992129215333e-01,9.854620124757033084e-01,-4.069464027306748249e-02,1.306289984884619670e+01,5.161875852585708774e-02,3.257785111655706750e-02,9.981353552424023778e-01,5.087474132389814940e+00,0.000000000000000000e+00,0.000000000000000000e+00,0.000000000000000000e+00,1.000000000000000056e-01
9.883439394177893078e-01,-1.454011520680226488e-01,-4.510834061919201388e-02,7.980906623398962552e+01,1.435965102292012519e-01,9.887878384917655472e-01,-4.097136439975007649e-02,1.319916391764419394e+01,5.055986220432361067e-02,3.401639939902466325e-02,9.981415655636257656e-01,5.138703286076262700e+00,0.000000000000000000e+00,0.000000000000000000e+00,0.000000000000000000e+00,1.000000000000000056e-01
9.920980655889343192e-01,-1.176371417695018379e-01,-4.362259885651745273e-02,8.030229135485100755e+01,1.159363708046054348e-01,9.924642242662570224e-01,-3.966763764372421841e-02,1.330118762225190210e+01,4.796025624776771579e-02,3.429674077633182439e-02,9.982602603493587745e-01,5.174726895905735979e+00,0.000000000000000000e+00,0.000000000000000000e+00,0.000000000000000000e+00,1.000000000000000056e-01
9.952011081963332284e-01,-8.714157822967592837e-02,-4.450954491377741296e-02,8.077842343941726710e+01,8.528811946323223980e-02,9.954718866997840365e-01,-4.197212728463698556e-02,1.332830403168682309e+01,4.796551806470689128e-02,3.797457220316793197e-02,9.981268661561869537e-01,5.198985565607387116e+00,0.000000000000000000e+00,0.000000000000000000e+00,0.000000000000000000e+00,1.000000000000000056e-01
