1.000000000000000000e+00,-1.708701900721990204e-12,8.465536296461929587e-13,1.442710610535137956e-19,1.708701900722191345e-12,1.000000000000000000e+00,-2.374111001717266877e-13,3.812787952793691300e-19,-8.465536296457872443e-13,2.374111001731732440e-13,1.000000000000000000e+00,-2.633059120087198842e-19,0.000000000000000000e+00,0.000000000000000000e+00,0.000000000000000000e+00,1.000000000000000056e-01
9.999990314931463953e-01,-6.298293569906546381e-04,-1.241099411883554455e-03,6.468619720349066959e-01,6.265111959944157441e-04,9.999962335596792595e-01,-2.672143367554646962e-03,-4.490992970518505045e-03,1.242777731695661123e-03,2.671363216888594707e-03,9.999956596516171858e-01,-3.715043214209403592e-04,0.000000000000000000e+00,0.000000000000000000e+00,0.000000000000000000e+00,1.000000000000000056e-01
9.999803629931310889e-01,-5.427873226957038826e-03,-3.132382536966656431e-03,1.307175515855377945e+00,5.419120687306789967e-03,9.999814076769335536e-01,-2.795966994596714873e-03,5.313950114043505986e-03,3.147500453091988531e-03,2.778937331167001795e-03,9.999911853352544400e-01,4.362831053875741716e-03,0.000000000000000000e+00,0.000000000000000000e+00,0.000000000000000000e+00,1.000000000000000056e-01
9.999363027037794227e-01,-9.951039192799453550e-03,-5.326101208105387709e-03,2.004906945437052279e+00,9.935738743556207439e-03,9.999464586657096365e-01,-2.891521662744477549e-03,1.418577733220817427e-02,5.354589686932938360e-03,2.838418730507123212e-03,9.999816357055737459e-01,8.817725624124344436e-03,0.000000000000000000e+00,0.000000000000000000e+00,0.000000000000000000e+00,1.000000000000000056e-01
9.998571161109972572e-01,-1.609897437952598556e-02,-5.154647041962753633e-03,2.702843752109765685e+00,1.609155299407479325e-02,9.998694301946404739e-01,-1.478000163703561487e-03,2.265778918608971418e-02,5.177768287470186671e-03,1.394842705250730298e-03,9.999856224613375977e-01,1.665104965585978772e-02,0.000000000000000000e+00,0.000000000000000000e+00,0.000000000000000000e+00,1.000000000000000056e-01
9.997518568914451897e-01,-2.135189711354297526e-02,-6.349892263656949781e-03,3.410883666461092201e+00,2.134236561890523465e-02,9.997710008064211173e-01,-1.565048343075665189e-03,3.076451366620133743e-02,6.381854894648332152e-03,1.429138264783151287e-03,9.999786145172924190e-01,3.034551242416030914e-02,0.000000000000000000e+00,0.000000000000000000e+00,0.000000000000000000e+00,1.000000000000000056e-01
9.996523393942090552e-01,-2.533178852295091960e-02,-7.314426424093599388e-03,4.129948565136849048e+00,2.532923300857281568e-02,9.996790658760504877e-01,-4.418194025103774382e-04,5.368096354657617836e-02,7.323271050726718953e-03,2.563969880893217238e-04,9.999731516204333204e-01,4.089855367966808986e-02,0.000000000000000000e+00,0.000000000000000000e+00,0.000000000000000000e+00,1.000000000000000056e-01
9.994981351485789922e-01,-3.008045208947021307e-02,-9.931980497663896179e-03,4.893414286195909568e+00,3.009501018149100468e-02,9.995461715838076522e-01,1.319558384226014259e-03,8.576122142124135983e-02,9.887780169929017565e-03,-1.617799198453138314e-03,9.999498060048137571e-01,5.569239230616936792e-02,0.000000000000000000e+00,0.000000000000000000e+00,0.000000000000000000e+00,1.000000000000000056e-01
9.993434937217440250e-01,-3.476807099710127469e-02,-1.018640246402996961e-02,5.655656457772206380e+00,3.478861727221570221e-02,9.993929865282490388e-01,1.846777310422599919e-03,1.260890524404097435e-01,1.011601029586101617e-02,-2.199935746225660342e-03,9.999464118733596418e-01,6.016856080458195255e-02,0.000000000000000000e+00,0.000000000000000000e+00,0.000000000000000000e+00,1.000000000000000056e-01
9.992104972995526913e-01,-3.889246488438136140e-02,-8.109146786054014650e-03,6.438747468593653878e+00,3.890920816768811408e-02,9.992409107398815271e-01,1.917243723606365698e-03,1.623290126882306894e-01,8.028424885624836638e-03,-2.231250534870077643e-03,9.999652823547958702e-01,7.107662537665417057e-02,0.000000000000000000e+00,0.000000000000000000e+00,0.000000000000000000e+00,1.000000000000000056e-01
9.991039930343874609e-01,-4.180827785692160792e-02,-6.578678087654546078e-03,7.236618311873023401e+00,4.181801674847147876e-02,9.991243323785924391e-01,1.349786744834894454e-03,2.025379674758269188e-01,6.516485092985876623e-03,-1.623684596961771269e-03,9.999774492809138104e-01,8.612535061689739757e-02,0.000000000000000000e+00,0.000000000000000000e+00,0.000000000000000000e+00,1.000000000000000056e-01
9.991214227828848493e-01,-4.145221576211607917e-02,-6.172223644271375084e-03,8.032327276563673735e+00,4.146454016998891989e-02,9.991382030735748154e-01,1.882303747923819767e-03,2.422168131366454202e-01,6.088878779816755266e-03,-2.136578413971249295e-03,9.999791800772082073e-01,1.003796110516821244e-01,0.000000000000000000e+00,0.000000000000000000e+00,0.000000000000000000e+00,1.000000000000000056e-01
9.990405079182264059e-01,-4.333140123116518277e-02,-6.360283471359411134e-03,8.867529677194360360e+00,4.333164562517883428e-02,9.990607381934911713e-01,-9.943686595559152316e-05,2.887208320764111380e-01,6.358618238752085719e-03,-1.762600923865575205e-04,9.999797682485749295e-01,1.153773919243923085e-01,0.000000000000000000e+00,0.000000000000000000e+00,0.000000000000000000e+00,1.000000000000000056e-01
9.989015476774545377e-01,-4.644682167470755990e-02,-6.196031302697371790e-03,9.642559828010220713e+00,4.644526610839381370e-02,9.989207583172113880e-01,-3.947899288837791298e-04,3.524489939609428690e-01,6.207681024873472689e-03,1.065799482997617520e-04,9.999807264827698106e-01,1.317943934814638784e-01,0.000000000000000000e+00,0.000000000000000000e+00,0.000000000000000000e+00,1.000000000000000056e-01
9.988334089719750342e-01,-4.803368238126859424e-02,-4.958475402651728314e-03,1.042539433700586393e+01,4.803454760475193985e-02,9.988456733440065349e-01,5.548301610688857939e-05,3.588559369425114998e-01,4.950086648748125775e-03,-2.935964128937565377e-04,9.999877051460763777e-01,1.384882821853050117e-01,0.000000000000000000e+00,0.000000000000000000e+00,0.000000000000000000e+00,1.000000000000000056e-01
9.987794690544365972e-01,-4.900757677680128016e-02,-6.150578330834806026e-03,1.122785106188271520e+01,4.899938919369576512e-02,9.987977194033470507e-01,-1.474982480413837733e-03,4.108060095451761540e-01,6.215468927002767985e-03,1.171807637253442259e-03,9.999799972063835307e-01,1.643587351202140667e-01,0.000000000000000000e+00,0.000000000000000000e+00,0.000000000000000000e+00,1.000000000000000056e-01
9.986540761627499263e-01,-5.137485183366296421e-02,-7.117637430617023385e-03,1.209555337806510700e+01,5.136983348353359874e-02,9.986793053004244802e-01,-8.862124663859106228e-04,4.616691808324431823e-01,7.153766238742627868e-03,5.193878422955711333e-04,9.999742766015887740e-01,1.757047105206129001e-01,0.000000000000000000e+00,0.000000000000000000e+00,0.000000000000000000e+00,1.000000000000000056e-01
9.985037359007407076e-01,-5.418171457113080125e-02,-7.391292065417487227e-03,1.299373205445809099e+01,5.418371075658719171e-02,9.985309812900654558e-01,6.994673237187439257e-05,5.327107242357177475e-01,7.376644285194242263e-03,-4.703297049774048111e-04,9.999726815813811953e-01,1.965302899174427576e-01,0.000000000000000000e+00,0.000000000000000000e+00,0.000000000000000000e+00,1.000000000000000056e-01
9.986594932551117187e-01,-5.093796421789519718e-02,-9.194581707712068050e-03,1.388363616067009687e+01,5.097061114428452083e-02,9.986945289481409249e-01,3.351812737775823961e-03,5.833864215848065804e-01,9.011843930156785212e-03,-3.815973059051376050e-03,9.999521113626347324e-01,2.088426404168191308e-01,0.000000000000000000e+00,0.000000000000000000e+00,0.000000000000000000e+00,1.000000000000000056e-01
9.978920493069477482e-01,-6.417233514402374828e-02,-9.662780766594835508e-03,1.481592786673609474e+01,6.423432594198628942e-02,9.979152865823159857e-01,6.247573618036763449e-03,7.115050920126617662e-01,9.241715249824960371e-03,-6.855086250166135889e-03,9.999337970544569520e-01,2.281290132516512192e-01,0.000000000000000000e+00,0.000000000000000000e+00,0.000000000000000000e+00,1.000000000000000056e-01
9.976594593591338045e-01,-6.768631417163475938e-02,-9.703918028279672620e-03,1.577732231810354335e+01,6.772471371946833796e-02,9.976972431675951158e-01,3.684308265690792138e-03,7.741152214514528396e-01,9.432195017962257538e-03,-4.332880062883892429e-03,9.999461284726811616e-01,2.344172190111619147e-01,0.000000000000000000e+00,0.000000000000000000e+00,0.000000000000000000e+00,1.000000000000000056e-01
9.975618902759136875e-01,-6.942387070121472381e-02,-7.113455279047288179e-03,1.670257327917286716e+01,6.944718581594944151e-02,9.975808610958100120e-01,3.084470390052846539e-03,8.583652148406856197e-01,6.882110969097776296e-03,-3.570959563358645610e-03,9.999699419464596062e-01,2.526078974905849872e-01,0.000000000000000000e+00,0.000000000000000000e+00,0.000000000000000000e+00,1.000000000000000056e-01
9.973691503468271602e-01,-7.217824881027076755e-02,-6.714040149622538430e-03,1.758206515159433891e+01,7.220695537599333691e-02,9.973810954686617158e-01,4.135939683023956773e-03,9.376694081114742563e-01,6.397931835945529742e-03,-4.609859045019750953e-03,9.999689073505273473e-01,2.722140123698575387e-01,0.000000000000000000e+00,0.000000000000000000e+00,0.000000000000000000e+00,1.000000000000000056e-01
9.972927285434352029e-01,-7.322040141312477490e-02,-6.781328136209663002e-03,1.849136927368521910e+01,7.325717660391006802e-02,9.972987704155424904e-01,5.343089337692195906e-03,1.007320212647003554e+00,6.371787065934209765e-03,-5.825405097321762274e-03,9.999627317980598340e-01,2.859546931936952641e-01,0.000000000000000000e+00,0.000000000000000000e+00,0.000000000000000000e+00,1.000000000000000056e-01
9.973343447806131135e-01,-7.259296766076837881e-02,-7.380092630029814332e-03,1.940822191089819171e+01,7.262588384246802808e-02,9.973500093671718858e-01,4.294160151007126933e-03,1.078448275828101766e+00,7.048809624718611541e-03,-4.818699150682911533e-03,9.999635465462577422e-01,3.067793801784881591e-01,0.000000000000000000e+00,0.000000000000000000e+00,0.000000000000000000e+00,1.000000000000000056e-01
9.972778571127568492e-01,-7.349844607426882226e-02,-5.903739260462005992e-03,2.033540395008036938e+01,7.349709992897075772e-02,9.972953315483653602e-01,-4.449425432889723324e-04,1.131073035979571095e+00,5.920474188661629944e-03,9.823631728762621199e-06,9.999824737908548089e-01,3.255296919953732382e-01,0.000000000000000000e+00,0.000000000000000000e+00,0.000000000000000000e+00,1.000000000000000056e-01
9.974152239024336453e-01,-7.182014545307525977e-02,-2.176656784448861241e-03,2.125116531497214467e+01,7.181949693197704765e-02,9.974175752497510539e-01,-3.747577149363347194e-04,1.211855733347736441e+00,2.197950885692293108e-03,2.174626548996967277e-04,9.999975608579741992e-01,3.307698119922344859e-01,0.000000000000000000e+00,0.000000000000000000e+00,0.000000000000000000e+00,1.000000000000000056e-01
9.973981588291367384e-01,-7.208933708796091966e-02,-2.006052503041401479e-04,2.221316953175194442e+01,7.208898584469713988e-02,9.973972128213145494e-01,-1.406405402569920436e-03,1.293247682586822878e+00,3.014699506788639290e-04,1.388284730041042421e-03,9.999989908901794067e-01,3.488270255755115956e-01,0.000000000000000000e+00,0.000000000000000000e+00,0.000000000000000000e+00,1.000000000000000056e-01
9.975442921192020362e-01,-7.002955863381991886e-02,1.116323408518705637e-03,2.318525513014537154e+01,7.003195846476008291e-02,9.975421444682696093e-01,-2.279211099484722280e-03,1.359521583475832518e+00,-9.539674995236594249e-04,2.351792337404337227e-03,9.999967795042199459e-01,3.629998118861404444e-01,0.000000000000000000e+00,0.000000000000000000e+00,0.000000000000000000e+00,1.000000000000000056e-01
9.978436320105309454e-01,-6.559555924922526315e-02,2.304053561319498178e-03,2.411530772882051110e+01,6.560417949501100299e-02,9.978381449578088702e-01,-3.889485820147879983e-03,1.423266886305261325e+00,-2.043939533945949780e-03,4.032254200832743538e-03,9.999897815664124945e-01,3.692063730688990297e-01,0.000000000000000000e+00,0.000000000000000000e+00,0.000000000000000000e+00,1.000000000000000056e-01
9.979645347657515320e-01,-6.377018929171106298e-02,-3.876950817255378164e-04,2.507207440924875996e+01,6.376740733081369406e-02,9.979518695088598346e-01,-5.077785548620858402e-03,1.492323261447138893e+00,7.107123772256576742e-04,5.042727582473125608e-03,9.999870328091489124e-01,3.805473243622998769e-01,0.000000000000000000e+00,0.000000000000000000e+00,0.000000000000000000e+00,1.000000000000000056e-01
9.980425530772070175e-01,-6.230273214457919539e-02,-5.425109625737258891e-03,2.602740708355300470e+01,6.228321815437630471e-02,9.980516769276437383e-01,-3.694714908177131572e-03,1.564956885699017697e+00,5.644730592758116609e-03,3.349589413518322054e-03,9.999784584016278011e-01,3.892475553726151283e-01,0.000000000000000000e+00,0.000000000000000000e+00,0.000000000000000000e+00,1.000000000000000056e-01
9.981057081577532353e-01,-6.089152607114287075e-02,-8.787342922480324836e-03,2.698241956056573798e+01,6.085073231780811776e-02,9.981351542612147965e-01,-4.837582487928226462e-03,1.630877688650213653e+00,9.065523663661079895e-03,4.293702442924512107e-03,9.999496889344159367e-01,4.088993606290241556e-01,0.000000000000000000e+00,0.000000000000000000e+00,0.000000000000000000e+00,1.000000000000000056e-01
9.981586195122090777e-01,-6.020577342255876985e-02,-7.391558703859353076e-03,2.795313491686866314e+01,6.014738022693745523e-02,9.981583761086728623e-01,-7.883454568479594804e-03,1.685024046433701850e+00,7.852575712293096560e-03,7.424355237230052980e-03,9.999416062970848396e-01,4.327925139111101216e-01,0.000000000000000000e+00,0.000000000000000000e+00,0.000000000000000000e+00,1.000000000000000056e-01
9.982172299260965165e-01,-5.953277178650986934e-02,-4.267430384425162718e-03,2.896360729355231456e+01,5.948270460132748516e-02,9.981683939449909060e-01,-1.103019413195681191e-02,1.732517350460065941e+00,4.916272163112404836e-03,1.075669153098552343e-02,9.999300594818246735e-01,4.494899975911879064e-01,0.000000000000000000e+00,0.000000000000000000e+00,0.000000000000000000e+00,1.000000000000000056e-01
9.982298763763595151e-01,-5.946119116930358856e-02,-1.216821418904207204e-03,2.992151915249372962e+01,5.943375580822966159e-02,9.981008004319145144e-01,-1.619940886882097197e-02,1.780132892334684414e+00,2.177746579769662769e-03,1.609841364541988312e-02,9.998680405423183704e-01,4.574920539254066498e-01,0.000000000000000000e+00,0.000000000000000000e+00,0.000000000000000000e+00,1.000000000000000056e-01
9.982662537693165472e-01,-5.882359146203195582e-02,-2.066802574633200360e-03,3.085096175927576923e+01,5.876208622302529078e-02,9.980163106966090103e-01,-2.259337969953376102e-02,1.825527833051484805e+00,3.391726417665619827e-03,2.243275888154473013e-02,9.997426006332180703e-01,4.783136426028539723e-01,0.000000000000000000e+00,0.000000000000000000e+00,0.000000000000000000e+00,1.000000000000000056e-01
9.982820645989407549e-01,-5.837321972484581234e-02,-5.048437286045813141e-03,3.180005654213925936e+01,5.822742446379411407e-02,9.979813642217201242e-01,-2.535278498444795692e-02,1.863988133839571404e+00,6.518170018449750622e-03,2.501527303687429982e-02,9.996658189487630519e-01,4.922689944279711738e-01,0.000000000000000000e+00,0.000000000000000000e+00,0.000000000000000000e+00,1.000000000000000056e-01
9.982866413135177419e-01,-5.794157611630572358e-02,-8.158157398229799045e-03,3.278826882556615629e+01,5.771025562911617779e-02,9.979896174419251587e-01,-2.619637137738731192e-02,1.936548624270494345e+00,9.659615427024266510e-03,2.568067824801914534e-02,9.996235264310877611e-01,5.070883247185611342e-01,0.000000000000000000e+00,0.000000000000000000e+00,0.000000000000000000e+00,1.000000000000000056e-01
9.982132462056774180e-01,-5.897361423688729509e-02,-9.613944214653750639e-03,3.376156912801693721e+01,5.869913752988283051e-02,9.979187921892187507e-01,-2.669261037925448055e-02,2.000660852154487301e+00,1.116809530634348645e-02,2.608058702271839197e-02,9.995974572935741875e-01,5.234221699488789126e-01,0.000000000000000000e+00,0.000000000000000000e+00,0.000000000000000000e+00,1.000000000000000056e-01
9.982072732338185261e-01,-5.922354470636706503e-02,-8.649359254747133671e-03,3.472999346425383749e+01,5.896093161885268552e-02,9.978679673095776081e-01,-2.798443067294067652e-02,2.071447552868408426e+00,1.028825571910593588e-02,2.742428795547091278e-02,9.995709380651248699e-01,5.503899673110684843e-01,0.000000000000000000e+00,0.000000000000000000e+00,0.000000000000000000e+00,1.000000000000000056e-01
9.981750228964300087e-01,-5.973950805751136739e-02,-8.821272173438815187e-03,3.571422984515371013e+01,5.949537573853672101e-02,9.978966687207421193e-01,-2.573982948226037279e-02,2.136513537953778297e+00,1.034040286650803574e-02,2.516802998035480923e-02,9.996297546269149459e-01,5.614048716384879567e-01,0.000000000000000000e+00,0.000000000000000000e+00,0.000000000000000000e+00,1.000000000000000056e-01
9.982716077211999384e-01,-5.817672667095603184e-02,-8.322601251025909044e-03,3.670131372138889958e+01,5.795842942355786814e-02,9.980201298877364735e-01,-2.442623175236292854e-02,2.205197247019119011e+00,9.727161789811361939e-03,2.390164874477396229e-02,9.996669913080036274e-01,5.866316757861643749e-01,0.000000000000000000e+00,0.000000000000000000e+00,0.000000000000000000e+00,1.000000000000000056e-01
9.982195140947951462e-01,-5.927875470365088356e-02,-6.620492514566076771e-03,3.771243835138903933e+01,5.910012032650622388e-02,9.979506993606145349e-01,-2.452707530572532588e-02,2.269767190084156283e+00,8.060859615668995032e-03,2.409213328961599607e-02,9.996772437421048707e-01,6.047917875237769358e-01,0.000000000000000000e+00,0.000000000000000000e+00,0.000000000000000000e+00,1.000000000000000056e-01
9.983527197858961255e-01,-5.719819916588048808e-02,-4.495876809272649974e-03,3.870641541578558531e+01,5.707269072388388570e-02,9.980737410899074291e-01,-2.432108797591572835e-02,2.331289623399795286e+00,5.878339020487439656e-03,2.402443254223922409e-02,9.996940890949509440e-01,6.364848612236346792e-01,0.000000000000000000e+00,0.000000000000000000e+00,0.000000000000000000e+00,1.000000000000000056e-01
9.983810895093845339e-01,-5.679713790073193797e-02,-3.047168577467770922e-03,3.972086341675043997e+01,5.672511190048167701e-02,9.981890904042218793e-01,-2.002002691981348559e-02,2.394896481592667659e+00,4.178730660391893371e-03,1.981476530967410388e-02,9.997949356171946800e-01,6.549962459868270415e-01,0.000000000000000000e+00,0.000000000000000000e+00,0.000000000000000000e+00,1.000000000000000056e-01
9.982813423084513360e-01,-5.854389655817325566e-02,-2.640790529840188715e-03,4.073003317960129266e+01,5.846887003351528000e-02,9.980293801163373502e-01,-2.277603261332698803e-02,2.464461927193880797e+00,3.968984232833692484e-03,2.258248437141816695e-02,9.997371047249242748e-01,6.742186566379831936e-01,0.000000000000000000e+00,0.000000000000000000e+00,0.000000000000000000e+00,1.000000000000000056e-01
9.983375403995305986e-01,-5.741513944719885826e-02,-5.065292812291030330e-03,4.174547426337900191e+01,5.729216890758336705e-02,9.981200404875821830e-01,-2.177136098024983618e-02,2.527842452743855439e+00,6.305775993521729739e-03,2.144496536080479215e-02,9.997501441109140075e-01,7.099112976136557895e-01,0.000000000000000000e+00,0.000000000000000000e+00,0.000000000000000000e+00,1.000000000000000056e-01
9.983904985280344091e-01,-5.628677951629044302e-02,-6.943406989909461750e-03,4.277728763514597432e+01,5.615557014030079369e-02,9.982627896488809327e-01,-1.783128555802671045e-02,2.603758918844228720e+00,7.935010470111221806e-03,1.741267509943951464e-02,9.998169004146312266e-01,7.361662631183187866e-01,0.000000000000000000e+00,0.000000000000000000e+00,0.000000000000000000e+00,1.000000000000000056e-01
9.984108744629548449e-01,-5.587441721810722933e-02,-7.333161300191352178e-03,4.383679222589086066e+01,5.572274019772865267e-02,9.982563588391615284e-01,-1.947352721095030326e-02,2.670556138501151811e+00,8.408446882402071526e-03,1.903395748960443751e-02,9.997834798011566715e-01,7.618633950974694757e-01,0.000000000000000000e+00,0.000000000000000000e+00,0.000000000000000000e+00,1.000000000000000056e-01
9.983883503296998585e-01,-5.632022437597200559e-02,-6.980992206039439950e-03,4.484251539217618188e+01,5.615297949726082150e-02,9.981753358333292914e-01,-2.220004116213690482e-02,2.730124257418945710e+00,8.218565539120637614e-03,2.177225896090102808e-02,9.997291752870968162e-01,7.949367880381211782e-01,0.000000000000000000e+00,0.000000000000000000e+00,0.000000000000000000e+00,1.000000000000000056e-01
9.985033436561593367e-01,-5.440093856201063532e-02,-5.622329681030225831e-03,4.582438246581382657e+01,5.426038594572673429e-02,9.982689144949361548e-01,-2.269327808234582883e-02,2.790657765374500165e+00,6.847132574343021624e-03,2.235424426533452746e-02,9.997266649133828009e-01,8.156721796600525654e-01,0.000000000000000000e+00,0.000000000000000000e+00,0.000000000000000000e+00,1.000000000000000056e-01
9.983262459009285550e-01,-5.727066590181986022e-02,-8.048451560453306897e-03,4.673784018131645013e+01,5.709867056303296468e-02,9.981645034585417964e-01,-2.018330635195556000e-02,2.847025047007321952e+00,9.189590050326927606e-03,1.968996857602330758e-02,9.997639004145839614e-01,8.401623240177436003e-01,0.000000000000000000e+00,0.000000000000000000e+00,0.000000000000000000e+00,1.000000000000000056e-01
9.984162757237736718e-01,-5.481177361434586004e-02,-1.267319387996645660e-02,4.769211056792062209e+01,5.456961486636212333e-02,9.983344049530838982e-01,-1.872359528265977319e-02,2.904653599312591705e+00,1.367835893689115997e-02,1.800237096111588497e-02,9.997443758964448257e-01,8.560827687140839526e-01,0.000000000000000000e+00,0.000000000000000000e+00,0.000000000000000000e+00,1.000000000000000056e-01
9.985152370882587336e-01,-5.315162421864280673e-02,-1.192586036722973614e-02,4.865429738680992955e+01,5.290122307271123703e-02,9.983911092743854576e-01,-2.041209247660354109e-02,2.964293388574597454e+00,1.299160882992254212e-02,1.975089275912242370e-02,9.997205211133899372e-01,8.823473428533151752e-01,0.000000000000000000e+00,0.000000000000000000e+00,0.000000000000000000e+00,1.000000000000000056e-01
9.987182788459143534e-01,-4.847578146498089657e-02,-1.455672045530743454e-02,4.961872647698400840e+01,4.817967339565419616e-02,9.986374983914324543e-01,-2.004659267780628876e-02,3.030456117597536192e+00,1.550866114603843306e-02,1.931956049865525202e-02,9.996930709030628082e-01,9.030384944058342800e-01,0.000000000000000000e+00,0.000000000000000000e+00,0.000000000000000000e+00,1.000000000000000056e-01
9.988049818140845026e-01,-4.751090142379239128e-02,-1.145960510947063166e-02,5.062749093614084472e+01,4.723387165564667950e-02,9.986110977784596887e-01,-2.334173862670498034e-02,3.092221185845693832e+00,1.255267588142942176e-02,2.277256330759005326e-02,9.996618631760529894e-01,9.413071117452781467e-01,0.000000000000000000e+00,0.000000000000000000e+00,0.000000000000000000e+00,1.000000000000000056e-01
9.989158344826931657e-01,-4.542829613229727725e-02,-1.016983432810363540e-02,5.157913590748665200e+01,4.518691791874424046e-02,9.987177755363384479e-01,-2.282426946810427876e-02,3.143439058495295146e+00,1.119366199013714820e-02,2.233998071315799333e-02,9.996877648510990033e-01,9.660988146597829784e-01,0.000000000000000000e+00,0.000000000000000000e+00,0.000000000000000000e+00,1.000000000000000056e-01
9.989556283692593297e-01,-4.453416637103470299e-02,-1.021570237503404560e-02,5.253755287196029400e+01,4.424590676336215278e-02,9.986586305498790228e-01,-2.689310995270343188e-02,3.182076645549281046e+00,1.139966157682487102e-02,2.641302053679842402e-02,9.995861143803751458e-01,9.920104978202204382e-01,0.000000000000000000e+00,0.000000000000000000e+00,0.000000000000000000e+00,1.000000000000000056e-01
9.989139145548026066e-01,-4.512019337213189069e-02,-1.162581003035802543e-02,5.352173760755152188e+01,4.475601319321261679e-02,9.985509226688750184e-01,-2.988233793041380343e-02,3.237196963144888251e+00,1.295726019841873106e-02,2.932955825101862118e-02,9.994858110153193032e-01,1.033552926987191478e+00,0.000000000000000000e+00,0.000000000000000000e+00,0.000000000000000000e+00,1.000000000000000056e-01
9.989253349733322462e-01,-4.478389038826451063e-02,-1.194061598527417119e-02,5.448300176658699456e+01,4.442248363740472494e-02,9.985922579208770244e-01,-2.898526121961098392e-02,3.276830524850987914e+00,1.322187943903532607e-02,2.842367995486306739e-02,9.995085173833803127e-01,1.052403556526783301e+00,0.000000000000000000e+00,0.000000000000000000e+00,0.000000000000000000e+00,1.000000000000000056e-01
9.988969824284842369e-01,-4.637310250061617289e-02,-7.372507018369208430e-03,5.542510165607908590e+01,4.611854685563915313e-02,9.984362939778651524e-01,-3.159187401327039763e-02,3.320142748789715270e+00,8.825991796550292784e-03,3.121701831074645897e-02,9.994736613020843707e-01,1.085272214111070888e+00,0.000000000000000000e+00,0.000000000000000000e+00,0.000000000000000000e+00,1.000000000000000056e-01
9.987719184332362055e-01,-4.951096408105028907e-02,-1.821917933896946258e-03,5.636661044526869091e+01,4.942861057674013264e-02,9.982757020011292504e-01,-3.166125788097431254e-02,3.366311353489007452e+00,3.386355806155210910e-03,3.153232040173276768e-02,9.994969961757946830e-01,1.122192991321928845e+00,0.000000000000000000e+00,0.000000000000000000e+00,0.000000000000000000e+00,1.000000000000000056e-01
9.987775751192120577e-01,-4.940192367951291158e-02,-1.674925595431016627e-03,5.732363222584988449e+01,4.933365441506670085e-02,9.983701391791708346e-01,-2.869243345235489642e-02,3.427978081919180298e+00,3.089657107417959070e-03,2.857472890731644136e-02,9.995868841110471248e-01,1.134246463528365556e+00,0.000000000000000000e+00,0.000000000000000000e+00,0.000000000000000000e+00,1.000000000000000056e-01
9.987073880526043945e-01,-5.060478084770346496e-02,-4.765417557844460819e-03,5.822726787742799814e+01,5.044976652705930598e-02,9.983226769370959763e-01,-2.840165084138497956e-02,3.481559233186562796e+00,6.194683729611599743e-03,2.812452432498444357e-02,9.995852324964507041e-01,1.152187900562627432e+00,0.000000000000000000e+00,0.000000000000000000e+00,0.000000000000000000e+00,1.000000000000000056e-01
9.985013428994586882e-01,-5.369402429819544048e-02,-1.058394929326792085e-02,5.914437788657106410e+01,5.337527637822427756e-02,9.981707593760600350e-01,-2.839392537441663353e-02,3.539426044478915401e+00,1.208917282223402785e-02,2.778645139784073972e-02,9.995407770667436020e-01,1.173236336429706483e+00,0.000000000000000000e+00,0.000000000000000000e+00,0.000000000000000000e+00,1.000000000000000056e-01
9.984243712250173708e-01,-5.377301020981071350e-02,-1.603865071957014804e-02,6.008772095854919826e+01,5.333418852186786602e-02,9.982213953557116382e-01,-2.663663246001366988e-02,3.598631666324023648e+00,1.744245621013949116e-02,2.573925459432708715e-02,9.995165088653041874e-01,1.206815841547933310e+00,0.000000000000000000e+00,0.000000000000000000e+00,0.000000000000000000e+00,1.000000000000000056e-01
9.983996124606990819e-01,-5.426847231444211633e-02,-1.591058612944513603e-02,6.100056412709047748e+01,5.388566765062257485e-02,9.982687788055552014e-01,-2.357498852411464216e-02,3.667077622164454098e+00,1.716241999755600475e-02,2.267990684994360476e-02,9.995954547541247015e-01,1.223690918881204848e+00,0.000000000000000000e+00,0.000000000000000000e+00,0.000000000000000000e+00,1.000000000000000056e-01
9.983806023989896250e-01,-5.531887873278403672e-02,-1.326628844772150678e-02,6.191983778266749994e+01,5.502825836793324293e-02,9.982564401668881926e-01,-2.135346450400715454e-02,3.726602249276494305e+00,1.442440759347156376e-02,2.058886400653136065e-02,9.996839676340207870e-01,1.258984666989378498e+00,0.000000000000000000e+00,0.000000000000000000e+00,0.000000000000000000e+00,1.000000000000000056e-01
9.982359936838570702e-01,-5.807666671480059967e-02,-1.232889684037261763e-02,6.280438119953946341e+01,5.780994845206303273e-02,9.981069723126055893e-01,-2.098765544155404075e-02,3.789524208053653975e+00,1.352445096750296699e-02,2.023790019398136533e-02,9.997037144183100743e-01,1.295313812073786375e+00,0.000000000000000000e+00,0.000000000000000000e+00,0.000000000000000000e+00,1.000000000000000056e-01
9.983035525873026339e-01,-5.639617366308650320e-02,-1.447371713602862812e-02,6.363175677233382999e+01,5.609227497082575759e-02,9.982128924761302091e-01,-2.060771658954678801e-02,3.851895721965766128e+00,1.561004741082021828e-02,1.976089296061278242e-02,9.996828664777801521e-01,1.324926417481625540e+00,0.000000000000000000e+00,0.000000000000000000e+00,0.000000000000000000e+00,1.000000000000000056e-01
9.982748059065936763e-01,-5.731174454804825041e-02,-1.275836310080546987e-02,6.445248332233526867e+01,5.707365643491526391e-02,9.982021843621348145e-01,-1.830291987120601441e-02,3.899449330952936776e+00,1.378439818425123559e-02,1.754317734966484923e-02,9.997510826676689888e-01,1.351151921994317329e+00,0.000000000000000000e+00,0.000000000000000000e+00,0.000000000000000000e+00,1.000000000000000056e-01
9.981512310017146561e-01,-5.911887664397529746e-02,-1.410951714680823248e-02,6.526261719188730126e+01,5.885394955100105990e-02,9.980950490951516763e-01,-1.850636630986991771e-02,3.950394905313377336e+00,1.517671479635386740e-02,1.764175150321808244e-02,9.997291812945587886e-01,1.381204956018201147e+00,0.000000000000000000e+00,0.000000000000000000e+00,0.000000000000000000e+00,1.000000000000000056e-01
9.981168959981459032e-01,-6.002650607913096598e-02,-1.262855854634028011e-02,6.606873248040042768e+01,5.978742327929330996e-02,9.980391867142414108e-01,-1.852689397600470328e-02,3.993022255513196672e+00,1.371590101484069721e-02,1.773697693259917996e-02,9.997486052546628033e-01,1.413915423825178985e+00,0.000000000000000000e+00,0.000000000000000000e+00,0.000000000000000000e+00,1.000000000000000056e-01
9.980137173608725210e-01,-6.163011199839352888e-02,-1.305179124097272797e-02,6.681954389173212405e+01,6.139187422203524341e-02,9.979527006608486239e-01,-1.792888795281073408e-02,4.046749217229947959e+00,1.413002968992871713e-02,1.709200218769314425e-02,9.997540726209509510e-01,1.437308936791818592e+00,0.000000000000000000e+00,0.000000000000000000e+00,0.000000000000000000e+00,1.000000000000000056e-01
9.979309614967437625e-01,-6.327276506027021408e-02,-1.141723643498945319e-02,6.760793686621765630e+01,6.306882173799141511e-02,9.978571906185185192e-01,-1.741697033065599948e-02,4.101651952007342672e+00,1.249479134543926041e-02,1.666086229897294907e-02,9.997831244108337234e-01,1.457087504437734937e+00,0.000000000000000000e+00,0.000000000000000000e+00,0.000000000000000000e+00,1.000000000000000056e-01
9.978145087078738040e-01,-6.560246428294506937e-02,-7.907141839457130020e-03,6.835960015010221014e+01,6.547524837043773582e-02,9.977353948697087471e-01,-1.539719698567722575e-02,4.161217239722855510e+00,8.899329350791915574e-03,1.484582446990314122e-02,9.998501904950135577e-01,1.481397288719974448e+00,0.000000000000000000e+00,0.000000000000000000e+00,0.000000000000000000e+00,1.000000000000000056e-01
9.979230554923335106e-01,-6.401911738700628851e-02,-7.150379418864274972e-03,6.905444818180305333e+01,6.392679566604091146e-02,9.978766844937415614e-01,-1.246945626922175802e-02,4.210195568233731755e+00,7.933480492020018177e-03,1.198645705646540945e-02,9.998966870304732968e-01,1.506880267759421299e+00,0.000000000000000000e+00,0.000000000000000000e+00,0.000000000000000000e+00,1.000000000000000056e-01
9.979915986693923546e-01,-6.271881631848919003e-02,-8.894889820465712305e-03,6.971778292506554919e+01,6.262653320770564247e-02,9.979838852172496777e-01,-1.029962062735821117e-02,4.258858243176338654e+00,9.522936715885138570e-03,9.721878742865191006e-03,9.999073950871721905e-01,1.539042086986618818e+00,0.000000000000000000e+00,0.000000000000000000e+00,0.000000000000000000e+00,1.000000000000000056e-01
9.977282890296295115e-01,-6.592672613404508553e-02,-1.385380999056737110e-02,7.040516049619829175e+01,6.579718198070964863e-02,9.977867612213503490e-01,-9.607808012512318238e-03,4.319172519346992978e+00,1.445655952865358869e-02,8.674440192573544192e-03,9.998578708866275866e-01,1.562150298792126746e+00,0.000000000000000000e+00,0.000000000000000000e+00,0.000000000000000000e+00,1.000000000000000056e-01
9.977123276098677218e-01,-6.525538616954880411e-02,-1.765915941269685999e-02,7.114578631527587049e+01,6.508020735403426127e-02,9.978266721039109610e-01,-1.031983763389499389e-02,4.374015213715750861e+00,1.829420525893062435e-02,9.146967469993026040e-03,9.997908056388831177e-01,1.589687194096775613e+00,0.000000000000000000e+00,0.000000000000000000e+00,0.000000000000000000e+00,1.000000000000000056e-01
9.975802451000792548e-01,-6.725917939771637599e-02,-1.760276605569549221e-02,7.185584473349253187e+01,6.708213585198842532e-02,9.976925977645789700e-01,-1.046266769525656948e-02,4.425036859611447326e+00,1.826585983744294026e-02,9.256519459915794196e-03,9.997903156221743526e-01,1.611651602935272543e+00,0.000000000000000000e+00,0.000000000000000000e+00,0.000000000000000000e+00,1.000000000000000056e-01
9.975715126560276147e-01,-6.790895486411270554e-02,-1.547420390291226293e-02,7.253581364910112939e+01,6.777475567281653068e-02,9.976597062016078210e-01,-9.038424376606686572e-03,4.476250214673315853e+00,1.605177967251690194e-02,7.967714288647422677e-03,9.998394150554175130e-01,1.629987302238585789e+00,0.000000000000000000e+00,0.000000000000000000e+00,0.000000000000000000e+00,1.000000000000000056e-01
9.975110614735178682e-01,-6.888095186326516350e-02,-1.506972821209092046e-02,7.317173627858015550e+01,6.874338716311763353e-02,9.975894818559634114e-01,-9.464270267286217786e-03,4.523857242346223551e+00,1.568531030351184852e-02,8.404770119466206668e-03,9.998416529030591526e-01,1.649769609881329924e+00,0.000000000000000000e+00,0.000000000000000000e+00,0.000000000000000000e+00,1.000000000000000056e-01
9.974175080461690213e-01,-6.981794940981585207e-02,-1.684543211611560717e-02,7.375510326543016504e+01,6.965004824771976744e-02,9.975177231335851102e-01,-1.035677621070589007e-02,4.560615778047702129e+00,1.752670596719685739e-02,9.156744759832973965e-03,9.998044651847393105e-01,1.676149336758573138e+00,0.000000000000000000e+00,0.000000000000000000e+00,0.000000000000000000e+00,1.000000000000000056e-01
9.973890097836981550e-01,-6.930956269554325311e-02,-2.028170805545092062e-02,7.439724749969201412e+01,6.896352557625670676e-02,9.974693171561420657e-01,-1.729142770717802258e-02,4.591072837905513460e+00,2.142884277759696601e-02,1.584758186639642630e-02,9.996447663276194495e-01,1.709046463526149529e+00,0.000000000000000000e+00,0.000000000000000000e+00,0.000000000000000000e+00,1.000000000000000056e-01
9.973539214153149812e-01,-6.837287461471962258e-02,-2.470436104038204947e-02,7.502374114354704204e+01,6.788148910294548866e-02,9.974886578827395489e-01,-2.021090874893255798e-02,4.613873652767742861e+00,2.602419786776163577e-02,1.848046028135705635e-02,9.994904770497459179e-01,1.730736503961119777e+00,0.000000000000000000e+00,0.000000000000000000e+00,0.000000000000000000e+00,1.000000000000000056e-01
9.976936166108462123e-01,-6.322988275162329252e-02,-2.468662190713171237e-02,7.561201899627236855e+01,6.273487154215144634e-02,9.978230025319566598e-01,-2.033694939514377187e-02,4.654251794205245929e+00,2.591878211952597724e-02,1.874133253871917981e-02,9.994883587056497820e-01,1.760606882405292284e+00,0.000000000000000000e+00,0.000000000000000000e+00,0.000000000000000000e+00,1.000000000000000056e-01
9.980044761138315845e-01,-5.844989863465800684e-02,-2.388880504242169717e-02,7.618353077560222175e+01,5.807712357211836096e-02,9.981836834338123632e-01,-1.601192818168995641e-02,4.706867033774142506e+00,2.478131098924191839e-02,1.459258291410081218e-02,9.995863860365193920e-01,1.772186575367293182e+00,0.000000000000000000e+00,0.000000000000000000e+00,0.000000000000000000e+00,1.000000000000000056e-01
9.984768265318064717e-01,-5.135169915340878632e-02,-2.017498136382297677e-02,7.672237293052712914e+01,5.098478962211988597e-02,9.985317795911645700e-01,-1.829853474161426477e-02,4.726191251121116821e+00,2.108502089543631483e-02,1.724204571852431742e-02,9.996289980554182719e-01,1.799741014634207881e+00,0.000000000000000000e+00,0.000000000000000000e+00,0.000000000000000000e+00,1.000000000000000056e-01
9.988844957483513642e-01,-4.398096474713709264e-02,-1.718833597160964594e-02,7.728883411718980767e+01,4.358596694121639331e-02,9.987913777969528173e-01,-2.271667062454195418e-02,4.733136753225432258e+00,1.816666285703123079e-02,2.194215983844387957e-02,9.995941746440217823e-01,1.819934931732440475e+00,0.000000000000000000e+00,0.000000000000000000e+00,0.000000000000000000e+00,1.000000000000000056e-01
9.992555760097692197e-01,-3.573757563721705055e-02,-1.452995185671913936e-02,7.784349204103564546e+01,3.536418301159360844e-02,9.990569620940212836e-01,-2.519049525888457722e-02,4.738307985130834510e+00,1.541649679099955234e-02,2.465790297327740896e-02,9.995770702890566239e-01,1.852728353835423780e+00,0.000000000000000000e+00,0.000000000000000000e+00,0.000000000000000000e+00,1.000000000000000056e-01
9.996053732710326045e-01,-2.390055308080548530e-02,-1.476012500323420351e-02,7.833020562424567856e+01,2.358382825905490365e-02,9.994955294270106982e-01,-2.127180528462665685e-02,4.752719044528244119e+00,1.526108686584620386e-02,2.091531060852949361e-02,9.996647683147694696e-01,1.877462422080979243e+00,0.000000000000000000e+00,0.000000000000000000e+00,0.000000000000000000e+00,1.000000000000000056e-01
9.998487151483428370e-01,-9.579488232131045874e-03,-1.451827198458336549e-02,7.883432459181024399e+01,9.295194507142045051e-03,9.997661719905801547e-01,-1.952436176616332772e-02,4.762792689043398475e+00,1.470191059972382475e-02,1.938645786398554213e-02,9.997039657199553453e-01,1.885193886355529092e+00,0.000000000000000000e+00,0.000000000000000000e+00,0.000000000000000000e+00,1.000000000000000056e-01
9.998652190105783433e-01,9.298591861793841298e-03,-1.353070590605237600e-02,7.932731034241049883e+01,-9.467468612842049394e-03,9.998774138577608550e-01,-1.247093802329740826e-02,4.754293620943185417e+00,1.341308506620121285e-02,1.259735871140675763e-02,9.998306835172158236e-01,1.899969068717300313e+00,0.000000000000000000e+00,0.000000000000000000e+00,0.000000000000000000e+00,1.000000000000000056e-01
9.994183675272176881e-01,3.146658280092987092e-02,-1.314461167411859303e-02,7.981791654061652252e+01,-3.165537750359605218e-02,9.993949528753177658e-01,-1.441059479848744856e-02,4.725051888420869872e+00,1.268320639018284852e-02,1.481831077328294236e-02,9.998097588749024212e-01,1.919428963463899018e+00,0.000000000000000000e+00,0.000000000000000000e+00,0.000000000000000000e+00,1.000000000000000056e-01
9.983442573288292543e-01,5.607385988647103220e-02,-1.282443355399020754e-02,8.030467730455067965e+01,-5.629264406387658043e-02,9.982628988994193264e-01,-1.738743526876345910e-02,4.705686469994395438e+00,1.182717560730352224e-02,1.808056742362235472e-02,9.997665782565418047e-01,1.938248392418801869e+00,0.000000000000000000e+00,0.000000000000000000e+00,0.000000000000000000e+00,1.000000000000000056e-01
9.963627450101382177e-01,8.449214727864620689e-02,-1.106152810898081325e-02,8.077378098536190976e+01,-8.468479973902645619e-02,9.962398824350003901e-01,-1.829156469681125427e-02,4.656465157103969688e+00,9.474441884522634069e-03,1.916177690456205215e-02,9.997715045233268594e-01,1.954884179510291142e+00,0.000000000000000000e+00,0.000000000000000000e+00,0.000000000000000000e+00,1.000000000000000056e-01
9.930487197836658231e-01,1.173298228245464730e-01,-9.378316052621300802e-03,8.123917935598169038e+01,-1.174909869143892643e-01,9.928915735701715484e-01,-1.903131963977979652e-02,4.593032503608121431e+00,7.078709621472888645e-03,2.000089521269460269e-02,9.997749026959946717e-01,1.970230051140913874e+00,0.000000000000000000e+00,0.000000000000000000e+00,0.000000000000000000e+00,1.000000000000000056e-01
