1.000000000000000000e+00,-1.090403075853459462e-13,4.295798624997764251e-14,6.087426560506019336e-21,1.090403075853463248e-13,1.000000000000000000e+00,-8.557696391669198180e-15,2.555236041975941886e-20,-4.295798624997670849e-14,8.557696391673880858e-15,1.000000000000000000e+00,-1.339064163173628677e-20,0.000000000000000000e+00,0.000000000000000000e+00,0.000000000000000000e+00,1.000000000000000056e-01
9.999970979202411625e-01,-2.266493055270312699e-03,-8.167988283190773724e-04,6.462950337163376746e-01,2.265301570396395427e-03,9.999963731961425406e-01,-1.456709770807480819e-03,1.709475468662862568e-02,8.200974885290156268e-04,1.454855247651051266e-03,9.999986054171864369e-01,6.593483926882828978e-03,0.000000000000000000e+00,0.000000000000000000e+00,0.000000000000000000e+00,1.000000000000000056e-01
9.999758304022939859e-01,-6.895637380099203448e-03,-8.881420859170185847e-04,1.299010191216365184e+00,6.894967957716406290e-03,9.999759447064957563e-01,-7.546026858552154449e-04,1.889584028694061418e-02,8.933241878861748536e-04,7.484607361875730879e-04,9.999993208889802476e-01,1.042916971424416583e-02,0.000000000000000000e+00,0.000000000000000000e+00,0.000000000000000000e+00,1.000000000000000056e-01
9.999237795526462191e-01,-1.193639917471299265e-02,-3.155544310067372096e-03,2.001015354226014509e+00,1.193595008296250738e-02,9.999287510309085025e-01,-1.611129553513486066e-04,2.351828879182041657e-02,3.157242589335648632e-03,1.234362558802767267e-04,9.999950082789027528e-01,1.659118265468388989e-02,0.000000000000000000e+00,0.000000000000000000e+00,0.000000000000000000e+00,1.000000000000000056e-01
9.998456288366429634e-01,-1.707140108374726947e-02,-4.157614856604157846e-03,2.705494402412084831e+00,1.706791874096233799e-02,9.998539525404289696e-01,-8.716301587433504701e-04,3.301895570225005933e-02,4.171887595553072994e-03,8.005337716529906111e-04,9.999909772090799231e-01,1.898335616506812915e-02,0.000000000000000000e+00,0.000000000000000000e+00,0.000000000000000000e+00,1.000000000000000056e-01
9.997468967300856546e-01,-2.212937803827228628e-02,-4.053776782538790098e-03,3.417110375897304042e+00,2.212821051495220126e-02,9.997550858336032853e-01,-3.326398210823302984e-04,3.937008871123236914e-02,4.060145067528649586e-03,2.428528028312667154e-04,9.999917280880611381e-01,3.633481430884626801e-02,0.000000000000000000e+00,0.000000000000000000e+00,0.000000000000000000e+00,1.000000000000000056e-01
9.996154034327257021e-01,-2.738622823059602349e-02,-4.363453142944308943e-03,4.159164068446802531e+00,2.739230302767963962e-02,9.996238642548189723e-01,1.338561579855798191e-03,6.777607326105179741e-02,4.325153739318186516e-03,-1.457571804405712133e-03,9.999895842105388510e-01,4.717199488495803228e-02,0.000000000000000000e+00,0.000000000000000000e+00,0.000000000000000000e+00,1.000000000000000056e-01
9.994664653029340373e-01,-3.231969670157425895e-02,-4.714015271216095808e-03,4.927043497246631709e+00,3.233575505739792050e-02,9.994713778814867666e-01,3.371014765658117071e-03,1.001081978881975115e-01,4.602573163674122426e-03,-3.521647455463193348e-03,9.999832070187341104e-01,5.711969340045949112e-02,0.000000000000000000e+00,0.000000000000000000e+00,0.000000000000000000e+00,1.000000000000000056e-01
9.993097679345157580e-01,-3.688036495687984501e-02,-4.452683607844268657e-03,5.697602319551829275e+00,3.689774909399869823e-02,9.993114855898302951e-01,3.887271542182276808e-03,1.416075739210476414e-01,4.306253877854165565e-03,-4.048882425273817205e-03,9.999825312117436305e-01,6.517074809083552023e-02,0.000000000000000000e+00,0.000000000000000000e+00,0.000000000000000000e+00,1.000000000000000056e-01
9.991994739017830973e-01,-3.995787708923461551e-02,-1.944071223348397409e-03,6.491116757166582651e+00,3.996600181444371486e-02,9.991916271052465603e-01,4.337167478649692209e-03,1.838510158917461279e-01,1.769195683838662228e-03,-4.411392216930445920e-03,9.999887047188786848e-01,7.641339553478582181e-02,0.000000000000000000e+00,0.000000000000000000e+00,0.000000000000000000e+00,1.000000000000000056e-01
9.990592615914081209e-01,-4.336503019085805738e-02,-2.568754101478572423e-04,7.288510163771364070e+00,4.336551000146211116e-02,9.990565846066643552e-01,2.318037182636884571e-03,2.203259231222109427e-01,1.561113175231743219e-04,-2.326996049194530406e-03,9.999972803556235190e-01,8.320138712933107528e-02,0.000000000000000000e+00,0.000000000000000000e+00,0.000000000000000000e+00,1.000000000000000056e-01
9.989371442890238040e-01,-4.609057860527838307e-02,4.902280292920304944e-04,8.096948869798691106e+00,4.608909692643223949e-02,9.989336972180806740e-01,2.695126476061063779e-03,2.712314259677995887e-01,-6.139252364766808762e-04,-2.669667778336084520e-03,9.999962479778398139e-01,9.759246314781332143e-02,0.000000000000000000e+00,0.000000000000000000e+00,0.000000000000000000e+00,1.000000000000000056e-01
9.988151608143995830e-01,-4.866459761353999353e-02,-1.773877595692670360e-04,8.927478367398073544e+00,4.866483538795635805e-02,9.988136037579380400e-01,1.765996813122266062e-03,3.059545896084701067e-01,9.123578310053719162e-05,-1.772536937015710369e-03,9.999984248931789166e-01,1.009916037918390519e-01,0.000000000000000000e+00,0.000000000000000000e+00,0.000000000000000000e+00,1.000000000000000056e-01
9.987078682160454024e-01,-5.080954999754595802e-02,-9.917622743910619373e-04,9.700704775001376845e+00,5.081164241550309435e-02,9.987058025644545145e-01,2.212898354626258949e-03,3.768609901297725884e-01,8.780423686100040587e-04,-2.260432068375130363e-03,9.999970597399090444e-01,1.185622702575840903e-01,0.000000000000000000e+00,0.000000000000000000e+00,0.000000000000000000e+00,1.000000000000000056e-01
9.985770902903289281e-01,-5.331358282637858881e-02,-1.206910732026612344e-03,1.050317290082298349e+01,5.331397219455460967e-02,9.985777559434113604e-01,2.927522145155623959e-04,4.394114855731753866e-01,1.189586540974973006e-03,-3.566808597555767976e-04,9.999992288310155519e-01,1.270779435018149495e-01,0.000000000000000000e+00,0.000000000000000000e+00,0.000000000000000000e+00,1.000000000000000056e-01
9.984431159863959016e-01,-5.576919350582428686e-02,-1.068267329033761306e-03,1.131010710671317021e+01,5.576902414160648386e-02,9.984436792901172364e-01,-1.877016418532049418e-04,4.967648505628278199e-01,1.077072731651767265e-03,1.278331857051031445e-04,9.999994117863306720e-01,1.503501854543405625e-01,0.000000000000000000e+00,0.000000000000000000e+00,0.000000000000000000e+00,1.000000000000000056e-01
9.982861307993923239e-01,-5.848514894484099086e-02,-2.070846802243662445e-03,1.216418241300730507e+01,5.848573390830531099e-02,9.982882195034483708e-01,2.230018875024239976e-04,5.461660913135758522e-01,2.054259668470675634e-03,-3.437346864766440292e-04,9.999978309294874634e-01,1.549262977699032429e-01,0.000000000000000000e+00,0.000000000000000000e+00,0.000000000000000000e+00,1.000000000000000056e-01
9.981981133926119965e-01,-5.989044475252301020e-02,-3.696085331154635827e-03,1.304150608338249739e+01,5.990339727078271975e-02,9.981980458915317156e-01,3.499167579068683705e-03,6.073786111495483864e-01,3.479858452432879959e-03,-3.714270543809822245e-03,9.999870473058530829e-01,1.697354937016807841e-01,0.000000000000000000e+00,0.000000000000000000e+00,0.000000000000000000e+00,1.000000000000000056e-01
9.983669011368205837e-01,-5.697614682408904535e-02,-4.153240607259861203e-03,1.392821235566169413e+01,5.700554225960607208e-02,9.983468732211566721e-01,7.340904660052816749e-03,6.695232890890204791e-01,3.728118312260211495e-03,-7.565673969949239172e-03,9.999644302230106252e-01,1.875831378363753688e-01,0.000000000000000000e+00,0.000000000000000000e+00,0.000000000000000000e+00,1.000000000000000056e-01
9.975289439443918438e-01,-7.011966101532643436e-02,-4.386243527444250341e-03,1.488594225668054349e+01,7.014131425169828349e-02,9.975245616979807606e-01,4.994481384066754362e-03,7.611628958924215871e-01,4.025174310616312472e-03,-5.289796626240978600e-03,9.999779077676776984e-01,1.915900624976785704e-01,0.000000000000000000e+00,0.000000000000000000e+00,0.000000000000000000e+00,1.000000000000000056e-01
9.972744659509542586e-01,-7.371055138281770724e-02,-3.224000167493593517e-03,1.582627544737507819e+01,7.371396951857620006e-02,9.972789679036611066e-01,9.543976231137527109e-04,8.417302610496366633e-01,3.144878384521076261e-03,-1.189450229970135048e-03,9.999943474580729186e-01,1.890875591978089798e-01,0.000000000000000000e+00,0.000000000000000000e+00,0.000000000000000000e+00,1.000000000000000056e-01
9.970695729694503129e-01,-7.648650318129024406e-02,-1.442736849356860253e-03,1.673085154476524394e+01,7.648959969976737439e-02,9.970678868567058872e-01,2.229380378617877492e-03,9.258592703236161459e-01,1.267989072257083962e-03,-2.333201706174408471e-03,9.999964741805397184e-01,2.048246829840850158e-01,0.000000000000000000e+00,0.000000000000000000e+00,0.000000000000000000e+00,1.000000000000000056e-01
9.970262607655064890e-01,-7.705444139626396738e-02,-1.117320483126847327e-03,1.760297602728692823e+01,7.705631742682544916e-02,9.970252124250981174e-01,1.746348563214805303e-03,1.001526247046548690e+00,9.794327790147733942e-04,-1.827251979790588511e-03,9.999978509285075701e-01,2.213466409552156122e-01,0.000000000000000000e+00,0.000000000000000000e+00,0.000000000000000000e+00,1.000000000000000056e-01
9.969716772081896883e-01,-7.774265188700819895e-02,-1.885450149060353790e-03,1.850193233001386517e+01,7.774435056511934394e-02,9.969729695726994301e-01,8.449240209970553753e-04,1.074988914241375104e+00,1.814056200054644380e-03,-9.889484156885266965e-04,9.999978655882891809e-01,2.241817683707950093e-01,0.000000000000000000e+00,0.000000000000000000e+00,0.000000000000000000e+00,1.000000000000000056e-01
9.968034205841269646e-01,-7.989223976638859526e-02,-4.132032114068938974e-04,1.941986035658759846e+01,7.989224813153225635e-02,9.968035055488174700e-01,3.752111188660035569e-06,1.150978453667236945e+00,4.115826450677064082e-04,-3.675185076173384904e-05,9.999999146245102111e-01,2.341745419752633284e-01,0.000000000000000000e+00,0.000000000000000000e+00,0.000000000000000000e+00,1.000000000000000056e-01
9.966382700359572855e-01,-8.192091252747252250e-02,1.059618044656417037e-03,2.034523867692047716e+01,8.192327915797317783e-02,9.966356869232174676e-01,-2.425671678359289651e-03,1.214466337098431881e+00,-8.573399204291459177e-04,2.504324610068432884e-03,9.999964966571174285e-01,2.501927119240984210e-01,0.000000000000000000e+00,0.000000000000000000e+00,0.000000000000000000e+00,1.000000000000000056e-01
9.966627829771821379e-01,-8.152737605485121941e-02,4.072343525451807902e-03,2.127860479989165299e+01,8.153426933452517789e-02,9.966693240269318688e-01,-1.556106610685565944e-03,1.304092542211312100e+00,-3.931914579886704522e-03,1.882949099041964164e-03,9.999904972300621697e-01,2.525132616287122933e-01,0.000000000000000000e+00,0.000000000000000000e+00,0.000000000000000000e+00,1.000000000000000056e-01
9.967815704121751885e-01,-7.981866330866874137e-02,7.448615593196385685e-03,2.224176771895070459e+01,7.983313216633003417e-02,9.968068507307460413e-01,-1.665336231969020281e-03,1.394257918938800467e+00,-7.291906139762755097e-03,2.254622777674208413e-03,9.999708719662684375e-01,2.641833051672763943e-01,0.000000000000000000e+00,0.000000000000000000e+00,0.000000000000000000e+00,1.000000000000000056e-01
9.969405399268274071e-01,-7.754428149747792653e-02,9.820603721044820003e-03,2.321438608919834223e+01,7.755606548077260964e-02,9.969876515326558941e-01,-8.242563567433416720e-04,1.471443553532380655e+00,-9.727104273523945119e-03,1.583381962579897759e-03,9.999514369928234059e-01,2.668888396984070432e-01,0.000000000000000000e+00,0.000000000000000000e+00,0.000000000000000000e+00,1.000000000000000056e-01
9.970943476042762876e-01,-7.545661246694937430e-02,1.044804338693310075e-02,2.413416830363208376e+01,7.547962833626184476e-02,9.971456724602084654e-01,-1.825814913491733034e-03,1.557094933530906555e+00,-1.028045144059312049e-02,2.609124161701046642e-03,9.999437508126576279e-01,2.643429967221708754e-01,0.000000000000000000e+00,0.000000000000000000e+00,0.000000000000000000e+00,1.000000000000000056e-01
9.971769349142242111e-01,-7.462868004452523352e-02,8.289788289517369471e-03,2.507453512417356833e+01,7.464961096973345145e-02,9.972072994921752365e-01,-2.244420101172844417e-03,1.633393366081163700e+00,-8.099139283935545205e-03,2.856913427981333953e-03,9.999631203142066438e-01,2.712722308177220598e-01,0.000000000000000000e+00,0.000000000000000000e+00,0.000000000000000000e+00,1.000000000000000056e-01
9.973966957122799570e-01,-7.193044520262285857e-02,5.083545532213105261e-03,2.600546187894465788e+01,7.195084363688854234e-02,9.974003561490653036e-01,-3.950399176996804637e-03,1.708066149078877771e+00,-4.786176152799885217e-03,4.305880475590391498e-03,9.999792757408346722e-01,2.724628004686828198e-01,0.000000000000000000e+00,0.000000000000000000e+00,0.000000000000000000e+00,1.000000000000000056e-01
9.974646197569279060e-01,-7.109970197804837966e-02,3.027327501275056416e-03,2.695864080163220677e+01,7.111188075715291212e-02,9.974598135376843144e-01,-4.125626321967914428e-03,1.778925241132529145e+00,-2.726306722974610689e-03,4.330445242784419779e-03,9.999869071621145800e-01,2.798483576813328155e-01,0.000000000000000000e+00,0.000000000000000000e+00,0.000000000000000000e+00,1.000000000000000056e-01
9.973796105328993633e-01,-7.219649552141085835e-02,4.645269386039926202e-03,2.792729019168845284e+01,7.222204777314475410e-02,9.973729107217693679e-01,-5.590418037945562267e-03,1.849838086428088113e+00,-4.229457257802016548e-03,5.911259832919942524e-03,9.999735840003435294e-01,2.874410318489503124e-01,0.000000000000000000e+00,0.000000000000000000e+00,0.000000000000000000e+00,1.000000000000000056e-01
9.975232770725328546e-01,-6.988274348267468905e-02,7.982096329250863709e-03,2.892192939034266885e+01,6.995789976197260007e-02,9.975041359409844155e-01,-9.559866187554397557e-03,1.919501015057045734e+00,-7.294104425393525999e-03,1.009459974267630684e-02,9.999224445409087281e-01,2.928168949648249364e-01,0.000000000000000000e+00,0.000000000000000000e+00,0.000000000000000000e+00,1.000000000000000056e-01
9.973755988517626347e-01,-7.135346535162820358e-02,1.227182942359406059e-02,2.986652802360478987e+01,7.150008616439612608e-02,9.973689455967937878e-01,-1.195508417468348940e-02,1.973253046403067978e+00,-1.138650488831963875e-02,1.280114609922992398e-02,9.998532283115229014e-01,2.985422663872396298e-01,0.000000000000000000e+00,0.000000000000000000e+00,0.000000000000000000e+00,1.000000000000000056e-01
9.974129545867900237e-01,-7.082574244716347001e-02,1.229277142299082561e-02,3.077262632365903983e+01,7.105990623684604879e-02,9.972757039872611751e-01,-1.979040076206879661e-02,2.019395661125527486e+00,-1.085761244751722900e-02,2.061272528126040920e-02,9.997285770690056417e-01,3.131675075780110395e-01,0.000000000000000000e+00,0.000000000000000000e+00,0.000000000000000000e+00,1.000000000000000056e-01
9.973904344889296114e-01,-7.158088529576460413e-02,9.407340232971779168e-03,3.171193971954540203e+01,7.177448253201161588e-02,9.971744924477766725e-01,-2.216879042214373388e-02,2.083983500727478955e+00,-7.793898077743868259e-03,2.278614648846008159e-02,9.997099812850526179e-01,3.091381827330793586e-01,0.000000000000000000e+00,0.000000000000000000e+00,0.000000000000000000e+00,1.000000000000000056e-01
9.974371675346898058e-01,-7.118674646570281872e-02,7.179411396689728067e-03,3.269091490626910002e+01,7.133530120105698036e-02,9.971836539956733247e-01,-2.315242981614905327e-02,2.166206679701736082e+00,-5.511045538702062999e-03,2.360523949179457043e-02,9.997061673539907600e-01,3.079780233379980636e-01,0.000000000000000000e+00,0.000000000000000000e+00,0.000000000000000000e+00,1.000000000000000056e-01
9.973975287754978103e-01,-7.185647818042757706e-02,5.900519980123192579e-03,3.365758650740352920e+01,7.197412828337824975e-02,9.971410295919697075e-01,-2.301069234322306381e-02,2.244798498463825176e+00,-4.230183255830688438e-03,2.337549246053197485e-02,9.997178061342358868e-01,3.064341321838169874e-01,0.000000000000000000e+00,0.000000000000000000e+00,0.000000000000000000e+00,1.000000000000000056e-01
9.975081762111664974e-01,-7.014216236482764821e-02,7.583894161878743795e-03,3.461264642884640352e+01,7.030557801902195814e-02,9.972366072361981137e-01,-2.400572613873428948e-02,2.301472807083504435e+00,-5.879123343121682096e-03,2.447909816195953728e-02,9.996830546037546172e-01,3.189739423206870428e-01,0.000000000000000000e+00,0.000000000000000000e+00,0.000000000000000000e+00,1.000000000000000056e-01
9.973393278708634346e-01,-7.223855123514416610e-02,9.790648474024278916e-03,3.559075842522323541e+01,7.244174330293046138e-02,9.971235207720920979e-01,-2.229076378905801847e-02,2.388520760760783457e+00,-8.152233395014635634e-03,2.294070701863180212e-02,9.997035885962191060e-01,3.145313259889390145e-01,0.000000000000000000e+00,0.000000000000000000e+00,0.000000000000000000e+00,1.000000000000000056e-01
9.973410976491786650e-01,-7.197367720909988997e-02,1.142474196346614235e-02,3.657196796834222141e+01,7.219953585423605213e-02,9.971739271873629740e-01,-2.076983293540250741e-02,2.466490403058835046e+00,-9.897573559432205209e-03,2.153946904480107116e-02,9.997190051764064389e-01,3.234587966232832512e-01,0.000000000000000000e+00,0.000000000000000000e+00,0.000000000000000000e+00,1.000000000000000056e-01
9.973894865791156361e-01,-7.108747454102889995e-02,1.268002463824806705e-02,3.757158816509156196e+01,7.133158856931889891e-02,9.972527662930075198e-01,-1.996808937083190821e-02,2.544162922553284467e+00,-1.122570860237437351e-02,2.082044870608427273e-02,9.997202070489782377e-01,3.191539636542075620e-01,0.000000000000000000e+00,0.000000000000000000e+00,0.000000000000000000e+00,1.000000000000000056e-01
9.972858814736232924e-01,-7.196036687493770345e-02,1.557485834935807764e-02,3.856317269549742832e+01,7.225609168574456675e-02,9.971986057636313960e-01,-1.933902472646549520e-02,2.612733521513220580e+00,-1.413958371662598149e-02,2.041191471405703894e-02,9.996916654199066166e-01,3.361144699255374513e-01,0.000000000000000000e+00,0.000000000000000000e+00,0.000000000000000000e+00,1.000000000000000056e-01
9.974465196482086293e-01,-6.941085858125051189e-02,1.680991233437493376e-02,3.957614436009904324e+01,6.971295956516601611e-02,9.974027578052848675e-01,-1.810640745917828365e-02,2.692377104387082998e+00,-1.550947163320710864e-02,1.923204184235000752e-02,9.996947458380647245e-01,3.325032851498210262e-01,0.000000000000000000e+00,0.000000000000000000e+00,0.000000000000000000e+00,1.000000000000000056e-01
9.974079731782120595e-01,-7.025353680693256775e-02,1.554913523794839054e-02,4.058575355454480160e+01,7.056399501645747863e-02,9.972984402206243049e-01,-2.040940324525172128e-02,2.774102506535645052e+00,-1.407329555748765455e-02,2.145371062606415968e-02,9.996707861353780755e-01,3.458301068806036160e-01,0.000000000000000000e+00,0.000000000000000000e+00,0.000000000000000000e+00,1.000000000000000056e-01
9.974612396253820235e-01,-6.993439961180272779e-02,1.342591508735808091e-02,4.159355045294462627e+01,7.015892414102739560e-02,9.973900813719754899e-01,-1.705142059118990722e-02,2.846920617215276561e+00,-1.219839367990011199e-02,1.795007887839988187e-02,9.997644691925641203e-01,3.612163428477288551e-01,0.000000000000000000e+00,0.000000000000000000e+00,0.000000000000000000e+00,1.000000000000000056e-01
9.975963624651126294e-01,-6.839393713290296828e-02,1.112505999247476174e-02,4.262631080326774224e+01,6.855570228483241768e-02,9.975364009835819834e-01,-1.487428643518131505e-02,2.920327200240826482e+00,-1.008034129427512818e-02,1.560122034274604580e-02,9.998274794399322207e-01,3.696444840164513912e-01,0.000000000000000000e+00,0.000000000000000000e+00,0.000000000000000000e+00,1.000000000000000056e-01
9.975794488908580337e-01,-6.864040585040906417e-02,1.112375095474056434e-02,4.367522091409491480e+01,6.883659032489267138e-02,9.974594625918371538e-01,-1.833423896555873289e-02,2.989916849742577210e+00,-9.837021045766622743e-03,1.905558109044298842e-02,9.997700324805953720e-01,3.785986636276240103e-01,0.000000000000000000e+00,0.000000000000000000e+00,0.000000000000000000e+00,1.000000000000000056e-01
9.975839170326978866e-01,-6.829648122830897505e-02,1.272474477271223411e-02,4.468835597464500609e+01,6.854613274757270780e-02,9.974405512213584402e-01,-2.034144696389258641e-02,3.075376826058768831e+00,-1.130292718951905750e-02,2.116453238472216017e-02,9.997121117631238008e-01,3.869283949495329611e-01,0.000000000000000000e+00,0.000000000000000000e+00,0.000000000000000000e+00,1.000000000000000056e-01
9.975776050828105701e-01,-6.827816696969214727e-02,1.330465153632211586e-02,4.567511009259081334e+01,6.854647450207994319e-02,9.974294420808454964e-01,-2.087795257272793970e-02,3.140344277840409148e+00,-1.184494282720779945e-02,2.173936488382800097e-02,9.996935017013304225e-01,3.885594951854595136e-01,0.000000000000000000e+00,0.000000000000000000e+00,0.000000000000000000e+00,1.000000000000000056e-01
9.970129934062772481e-01,-7.642810785623015135e-02,1.112813140518643766e-02,4.659094467564699471e+01,7.660554190661832130e-02,9.969249098436179235e-01,-1.650197207874437577e-02,3.196668114688439033e+00,-9.832696895968650111e-03,1.730515711603810430e-02,9.998019051836924964e-01,4.010972304177474190e-01,0.000000000000000000e+00,0.000000000000000000e+00,0.000000000000000000e+00,1.000000000000000056e-01
9.970422585004643512e-01,-7.649029010717359189e-02,7.481329000497121545e-03,4.754824733843314988e+01,7.660243770309768663e-02,9.969321820483966201e-01,-1.607143223753216416e-02,3.272211828167969294e+00,-6.229069130800927653e-03,1.659698513414319815e-02,9.998428570441560970e-01,3.967725478297391417e-01,0.000000000000000000e+00,0.000000000000000000e+00,0.000000000000000000e+00,1.000000000000000056e-01
9.971367286817051090e-01,-7.527659855114790521e-02,7.195694859903349790e-03,4.849495015116804097e+01,7.538252734543499090e-02,9.970294923797428099e-01,-1.580081947264341466e-02,3.363507482693867345e+00,-5.984888049267622807e-03,1.629800710398790833e-02,9.998492666794710493e-01,4.079323514746731605e-01,0.000000000000000000e+00,0.000000000000000000e+00,0.000000000000000000e+00,1.000000000000000056e-01
9.972526239287011762e-01,-7.350347853535692255e-02,9.189271490324025030e-03,4.946607356419845303e+01,7.364497719997213643e-02,9.971538055701740788e-01,-1.614637328117498119e-02,3.450655702596906682e+00,-7.976302435097401902e-03,1.677875681097329083e-02,9.998274110662009884e-01,4.136229130136425125e-01,0.000000000000000000e+00,0.000000000000000000e+00,0.000000000000000000e+00,1.000000000000000056e-01
9.972530595239943452e-01,-7.309183481322951981e-02,1.199662259422201206e-02,5.046502422416879341e+01,7.329061120400014173e-02,9.971646601761131601e-01,-1.706243843068359564e-02,3.540550875425097832e+00,-1.071548316114204723e-02,1.789480873025324839e-02,9.997824534573163113e-01,4.295771808465657093e-01,0.000000000000000000e+00,0.000000000000000000e+00,0.000000000000000000e+00,1.000000000000000056e-01
9.973570520290923058e-01,-7.157146357755771182e-02,1.250745254657670107e-02,5.140107934977771009e+01,7.181198311570367865e-02,9.972181699192274040e-01,-1.997399969802751002e-02,3.612323465193678196e+00,-1.104309054696327348e-02,2.081939442714992455e-02,9.997222629144848494e-01,4.397533076580267264e-01,0.000000000000000000e+00,0.000000000000000000e+00,0.000000000000000000e+00,1.000000000000000056e-01
9.974125549933428037e-01,-7.090916098648145094e-02,1.183579443236694798e-02,5.233900754228945829e+01,7.117126100400297806e-02,9.971889639770298297e-01,-2.342694451946106954e-02,3.682216510545598176e+00,-1.014133860750526112e-02,2.420869700357866638e-02,9.996554867756375362e-01,4.434452837260954849e-01,0.000000000000000000e+00,0.000000000000000000e+00,0.000000000000000000e+00,1.000000000000000056e-01
9.974212372053904430e-01,-7.089291640078862478e-02,1.118346886520660451e-02,5.332325118997351865e+01,7.116579605520687024e-02,9.971189374071695033e-01,-2.625364995245166311e-02,3.759684968005246652e+00,-9.290050780106249781e-03,2.698182848118262783e-02,9.995927550199206202e-01,4.575875408952186918e-01,0.000000000000000000e+00,0.000000000000000000e+00,0.000000000000000000e+00,1.000000000000000056e-01
9.973299496540265485e-01,-7.182227922960832123e-02,1.321104573306544627e-02,5.428774483262795059e+01,7.218625363205716239e-02,9.969542232131266557e-01,-2.951985101723115373e-02,3.838447596134131778e+00,-1.105062485406534123e-02,3.039468742684128116e-02,9.994768865094176835e-01,4.485990016609938125e-01,0.000000000000000000e+00,0.000000000000000000e+00,0.000000000000000000e+00,1.000000000000000056e-01
9.971796617359591774e-01,-7.302575754547967202e-02,1.731938090887749984e-02,5.524345554192243668e+01,7.355012786878349640e-02,9.967822695925890875e-01,-3.186668662306560429e-02,3.922600877084664983e+00,-1.493656287917570144e-02,3.305065446789048900e-02,9.993420602219245108e-01,4.554169089107280577e-01,0.000000000000000000e+00,0.000000000000000000e+00,0.000000000000000000e+00,1.000000000000000056e-01
9.970324760947328890e-01,-7.387048799194079196e-02,2.166547059813164061e-02,5.620126984941840931e+01,7.450584675700303028e-02,9.967646314423294074e-01,-3.015208624057793066e-02,3.990787344161624173e+00,-1.936802549120473366e-02,3.167681343616809281e-02,9.993104918287920579e-01,4.736876136962717698e-01,0.000000000000000000e+00,0.000000000000000000e+00,0.000000000000000000e+00,1.000000000000000056e-01
9.969032717187552572e-01,-7.505773685634531400e-02,2.345640582964969231e-02,5.716782657518129440e+01,7.568142762718552130e-02,9.967680653504396027e-01,-2.693966239307618235e-02,4.064914939053665854e+00,-2.135856616799640048e-02,2.863145185884688124e-02,9.993618221723811201e-01,4.619748331021278909e-01,0.000000000000000000e+00,0.000000000000000000e+00,0.000000000000000000e+00,1.000000000000000056e-01
9.967343089896213426e-01,-7.858017583840191944e-02,1.859766781583034254e-02,5.806609765129681477e+01,7.908331451056847816e-02,9.964727076041272058e-01,-2.807084548285295605e-02,4.144394105873789869e+00,-1.632625642958740117e-02,2.944993998814825903e-02,9.994329164009407851e-01,4.654125259353137367e-01,0.000000000000000000e+00,0.000000000000000000e+00,0.000000000000000000e+00,1.000000000000000056e-01
9.964706298403663842e-01,-8.296899404035822101e-02,1.274479868317126598e-02,5.898435864305259457e+01,8.329396395057554747e-02,9.961446682704191424e-01,-2.753026417993223451e-02,4.227855730110507970e+00,-1.041150493174663148e-02,2.849466448912216232e-02,9.995397214021605192e-01,4.637509721817224539e-01,0.000000000000000000e+00,0.000000000000000000e+00,0.000000000000000000e+00,1.000000000000000056e-01
9.965298163851912250e-01,-8.285931900004143980e-02,7.915700230958260669e-03,5.993797365734540961e+01,8.305945061299420396e-02,9.961030378087465387e-01,-2.966253077629319237e-02,4.308454445415608625e+00,-5.427035946499496159e-03,3.021707006042008078e-02,9.995286268825915865e-01,4.737169092649909929e-01,0.000000000000000000e+00,0.000000000000000000e+00,0.000000000000000000e+00,1.000000000000000056e-01
9.963959956506250881e-01,-8.442556964927462604e-02,8.206280570085070988e-03,6.084983492139366490e+01,8.461739816856163332e-02,9.960522983585631263e-01,-2.682750196732724968e-02,4.396546921229752769e+00,-5.908957486949815811e-03,2.742520964403595551e-02,9.996063935856943639e-01,4.763631964267703300e-01,0.000000000000000000e+00,0.000000000000000000e+00,0.000000000000000000e+00,1.000000000000000056e-01
9.963362900104700826e-01,-8.486065099565863468e-02,1.061447694261779401e-02,6.177899635156206415e+01,8.511234075815211908e-02,9.960301816750056769e-01,-2.607233482301326427e-02,4.491285477585908126e+00,-8.359824091483072928e-03,2.688023632798145629e-02,9.996037045930308285e-01,4.969649577663680096e-01,0.000000000000000000e+00,0.000000000000000000e+00,0.000000000000000000e+00,1.000000000000000056e-01
9.961678647671298181e-01,-8.688952679170866555e-02,9.989761719399964726e-03,6.267429376428881937e+01,8.711930200723383422e-02,9.958717639276390976e-01,-2.548837047410294071e-02,4.576542267577173639e+00,-7.733849175529083561e-03,2.626099665979338832e-02,9.996252035795037960e-01,5.119565698821025856e-01,0.000000000000000000e+00,0.000000000000000000e+00,0.000000000000000000e+00,1.000000000000000056e-01
9.959712827326998585e-01,-8.912236980279655829e-02,9.920038937118744529e-03,6.348854557010741928e+01,8.933426790201948187e-02,9.957246593685480374e-01,-2.349023847897441925e-02,4.656625533998751898e+00,-7.784121671106257120e-03,2.428180236560820854e-02,9.996748478998993548e-01,5.205207764748533972e-01,0.000000000000000000e+00,0.000000000000000000e+00,0.000000000000000000e+00,1.000000000000000056e-01
9.958090395728655952e-01,-9.086266222772169943e-02,1.040832925392049663e-02,6.430877868619367632e+01,9.107774187459850845e-02,9.955897546155164646e-01,-2.249189719965037637e-02,4.738104647917381840e+00,-8.318752309755737123e-03,2.334560167368986833e-02,9.996928434486777038e-01,5.297476577200409542e-01,0.000000000000000000e+00,0.000000000000000000e+00,0.000000000000000000e+00,1.000000000000000056e-01
9.957441728761593502e-01,-9.166534838894731252e-02,9.539711101818658737e-03,6.510406487906172401e+01,9.186829532526273601e-02,9.954911085434047235e-01,-2.361501905681075847e-02,4.815727363582784193e+00,-7.332018630879092932e-03,2.439091461499833663e-02,9.996756097790123752e-01,5.328361536053148884e-01,0.000000000000000000e+00,0.000000000000000000e+00,0.000000000000000000e+00,1.000000000000000056e-01
9.957490196043162767e-01,-9.160811059670460887e-02,9.583529096578965664e-03,6.590685979128309668e+01,9.182661988332367631e-02,9.954458448176267682e-01,-2.560159987432321024e-02,4.893472376941499391e+00,-7.194570025138775568e-03,2.637279105865164910e-02,9.996262871963351726e-01,5.418117799778843224e-01,0.000000000000000000e+00,0.000000000000000000e+00,0.000000000000000000e+00,1.000000000000000056e-01
9.956187310274975388e-01,-9.285606339398026765e-02,1.100426817960233929e-02,6.666326839982292540e+01,9.311415846905383986e-02,9.953190261561423169e-01,-2.588029490149570955e-02,4.967801540932021531e+00,-8.549615184054634373e-03,2.679155953955603131e-02,9.996044799907826128e-01,5.542064630352467880e-01,0.000000000000000000e+00,0.000000000000000000e+00,0.000000000000000000e+00,1.000000000000000056e-01
9.953114165139551606e-01,-9.574310383613686415e-02,1.372742600806351083e-02,6.745989623238369859e+01,9.605942819287184575e-02,9.950713281813214905e-01,-2.460971529130955363e-02,5.059716025090369662e+00,-1.130355750384095907e-02,2.581297927949299451e-02,9.996028809924838443e-01,5.622481791429261300e-01,0.000000000000000000e+00,0.000000000000000000e+00,0.000000000000000000e+00,1.000000000000000056e-01
9.952053836507198659e-01,-9.640045705923114272e-02,1.652864880729289568e-02,6.820124992808162290e+01,9.677111891644521458e-02,9.950334094261548135e-01,-2.332090627358594792e-02,5.138466481871399871e+00,-1.419841175211902090e-02,2.480858731434528591e-02,9.995913860669187745e-01,5.697264019191407014e-01,0.000000000000000000e+00,0.000000000000000000e+00,0.000000000000000000e+00,1.000000000000000056e-01
9.949764655489915510e-01,-9.848636871461112496e-02,1.795182946237119936e-02,6.892880657958923507e+01,9.885293978751737154e-02,9.948841515661909218e-01,-2.082357456792695641e-02,5.212001559040915666e+00,-1.580915238087906433e-02,2.249355774061139249e-02,9.996219838324724716e-01,5.755268281262375663e-01,0.000000000000000000e+00,0.000000000000000000e+00,0.000000000000000000e+00,1.000000000000000056e-01
9.950930206413354240e-01,-9.780397179877728386e-02,1.497542557948431004e-02,6.959654692489380068e+01,9.808755420095111033e-02,9.949858734594843046e-01,-1.954337040898056904e-02,5.292664260858351177e+00,-1.298891765229770630e-02,2.091637436199494243e-02,9.996968507011366745e-01,5.880959230077877908e-01,0.000000000000000000e+00,0.000000000000000000e+00,0.000000000000000000e+00,1.000000000000000056e-01
9.950808823287728977e-01,-9.861783403638231527e-02,9.410655331239685395e-03,7.028733267896429027e+01,9.878195724615786155e-02,9.949286605671991968e-01,-1.894954628948136710e-02,5.367390680336724174e+00,-7.494167492729054969e-03,1.978593419405588749e-02,9.997761520768834176e-01,5.902229037740964745e-01,0.000000000000000000e+00,0.000000000000000000e+00,0.000000000000000000e+00,1.000000000000000056e-01
9.952307571224632277e-01,-9.750018045646526021e-02,3.074880226158779959e-03,7.101751393832317660e+01,9.754400410951778733e-02,9.949965765358297354e-01,-2.160971874553429053e-02,5.429434864227202340e+00,-9.525438209826504916e-04,2.180659287773828794e-02,9.997617542031369542e-01,6.080705554599292739e-01,0.000000000000000000e+00,0.000000000000000000e+00,0.000000000000000000e+00,1.000000000000000056e-01
9.950982141148128068e-01,-9.889131901808226321e-02,2.264693665473702317e-04,7.171543464287408653e+01,9.887618111548501787e-02,9.949002602780185889e-01,-1.992417894791812319e-02,5.505038760985257795e+00,1.745013904788953081e-03,1.984890731488112361e-02,9.998014681949999316e-01,6.082338815150386546e-01,0.000000000000000000e+00,0.000000000000000000e+00,0.000000000000000000e+00,1.000000000000000056e-01
9.950612856259050121e-01,-9.922002527929088544e-02,2.902487226135571675e-03,7.237423316929891826e+01,9.925755904708183364e-02,9.948774434015741353e-01,-1.915227356641457587e-02,5.579135347470243644e+00,-9.873300036279349969e-04,1.934577975488708038e-02,9.998123653891960450e-01,6.202493893562734950e-01,0.000000000000000000e+00,0.000000000000000000e+00,0.000000000000000000e+00,1.000000000000000056e-01
9.949362202253219101e-01,-1.003078216781145976e-01,6.344966031537297574e-03,7.297739520817167147e+01,1.004182117870550534e-01,9.947339405726084438e-01,-2.050780861965478472e-02,5.645424070684526008e+00,-4.254459453321209061e-03,2.104111173588018788e-02,9.997695590443220759e-01,6.356031762284686248e-01,0.000000000000000000e+00,0.000000000000000000e+00,0.000000000000000000e+00,1.000000000000000056e-01
9.949187707317247442e-01,-1.006186730866320267e-01,3.538682234859905421e-03,7.356687520248507894e+01,1.006722793109929015e-01,9.946785135446583048e-01,-2.190312468390027273e-02,5.697568726969160835e+00,-1.315987843132238088e-03,2.214807709203042013e-02,9.997538351299894988e-01,6.551895391746174191e-01,0.000000000000000000e+00,0.000000000000000000e+00,0.000000000000000000e+00,1.000000000000000056e-01
9.949033650581159405e-01,-1.008329276410900727e-01,1.220629504931044010e-04,7.420679940763893967e+01,1.007935975723219107e-01,9.944800044186942189e-01,-2.915770052358059375e-02,5.748460632490187905e+00,2.818667143529034538e-03,2.902139753217761534e-02,9.995748164098640087e-01,6.712792981994919472e-01,0.000000000000000000e+00,0.000000000000000000e+00,0.000000000000000000e+00,1.000000000000000056e-01
9.950395135208222053e-01,-9.943820108147903569e-02,-2.900120329355261768e-03,7.483003679086444038e+01,9.928939965354167951e-02,9.945121583600552428e-01,-3.297244289499536712e-02,5.818149199821445627e+00,6.162925334991110025e-03,3.252093233140456591e-02,9.994520535331404831e-01,6.973404020003665105e-01,0.000000000000000000e+00,0.000000000000000000e+00,0.000000000000000000e+00,1.000000000000000056e-01
9.954638638579309529e-01,-9.511166585563354814e-02,-2.338112744296906055e-03,7.543537963721865935e+01,9.499744853491159935e-02,9.950146268144205441e-01,-3.035419571025200700e-02,5.871122011404704466e+00,5.213494499426620660e-03,2.999439020093213129e-02,9.995364705860305676e-01,7.100733858594290293e-01,0.000000000000000000e+00,0.000000000000000000e+00,0.000000000000000000e+00,1.000000000000000056e-01
9.959291508519498848e-01,-9.013948228218750247e-02,1.473815615354390554e-05,7.600013321863208660e+01,9.011037247209892354e-02,9.956033419675137663e-01,-2.557550070003612036e-02,5.949319251375277950e+00,2.290689034688072560e-03,2.547271475554097053e-02,9.996728932739594731e-01,7.135226341598485122e-01,0.000000000000000000e+00,0.000000000000000000e+00,0.000000000000000000e+00,1.000000000000000056e-01
9.965247159259950083e-01,-8.325318941759192459e-02,2.719742710896617434e-03,7.655858646422183256e+01,8.329628162369863420e-02,9.961614556007503118e-01,-2.690880605043354315e-02,5.988193662344543533e+00,-4.690589306283173086e-04,2.704183476010682888e-02,9.996341926707622560e-01,7.274613777206880849e-01,0.000000000000000000e+00,0.000000000000000000e+00,0.000000000000000000e+00,1.000000000000000056e-01
9.970749417990063534e-01,-7.610709816345978540e-02,7.019262471628968589e-03,7.713550667717642284e+01,7.629232198727503578e-02,9.965833214368116089e-01,-3.164119213560982746e-02,6.016430120120508818e+00,-4.587160592139013018e-03,3.208415563966306172e-02,9.994746444580732136e-01,7.396352476777526830e-01,0.000000000000000000e+00,0.000000000000000000e+00,0.000000000000000000e+00,1.000000000000000056e-01
9.977453634777709857e-01,-6.645898565396757274e-02,9.348416146936110865e-03,7.768345848982738744e+01,6.674865522273776275e-02,9.971507163038496602e-01,-3.514350581082573144e-02,6.036961877138322663e+00,-6.986178108712024631e-03,3.568826418537598966e-02,9.993385518005738488e-01,7.543169804131132361e-01,0.000000000000000000e+00,0.000000000000000000e+00,0.000000000000000000e+00,1.000000000000000056e-01
9.983776460860886992e-01,-5.623921234419557158e-02,8.900943236815010012e-03,7.817985716143968489e+01,5.650533709478555711e-02,9.978508612612151385e-01,-3.317838995575012745e-02,6.075198339181924645e+00,-7.015887356933089153e-03,3.362751366300593264e-02,9.994098096624023375e-01,7.622055621262083802e-01,0.000000000000000000e+00,0.000000000000000000e+00,0.000000000000000000e+00,1.000000000000000056e-01
9.991482512158310625e-01,-4.045184750906214571e-02,8.149854320797579252e-03,7.867171455824752968e+01,4.066674381375489505e-02,9.987747506290788335e-01,-2.819952931181523778e-02,6.116047787958499349e+00,-6.999145657369044635e-03,2.850693843479306169e-02,9.995690903690158668e-01,7.593124105877755436e-01,0.000000000000000000e+00,0.000000000000000000e+00,0.000000000000000000e+00,1.000000000000000056e-01
9.996673306901582290e-01,-2.427717914291293785e-02,8.708990967777002420e-03,7.915173929157812438e+01,2.446730482041025931e-02,9.994489137405043744e-01,-2.243256155125723447e-02,6.131959007707751041e+00,-8.159592247106295729e-03,2.263818446317479235e-02,9.997104249024175715e-01,7.632091185714089399e-01,0.000000000000000000e+00,0.000000000000000000e+00,0.000000000000000000e+00,1.000000000000000056e-01
9.999582081253903798e-01,1.608221573549297855e-03,8.999756998318919968e-03,7.964581615559636418e+01,-1.397980990626048262e-03,9.997271111625586348e-01,-2.331842309666387614e-02,6.145028709830284264e+00,-9.034802256179598132e-03,2.330486708684582214e-02,9.996875789556736169e-01,7.665904678687877061e-01,0.000000000000000000e+00,0.000000000000000000e+00,0.000000000000000000e+00,1.000000000000000056e-01
9.995943567326261991e-01,2.617291755837832315e-02,1.122944231783340983e-02,8.014337756732957985e+01,-2.589260973318080819e-02,9.993664065490200921e-01,-2.442044681212622234e-02,6.136861242979718689e+00,-1.186148175787521582e-02,2.411978125483369914e-02,9.996387054344817447e-01,7.814788238197664105e-01,0.000000000000000000e+00,0.000000000000000000e+00,0.000000000000000000e+00,1.000000000000000056e-01
9.985142500108080688e-01,5.290352374717306738e-02,1.305793630271644308e-02,8.062607520834048103e+01,-5.259779250896146063e-02,9.983568138255674018e-01,-2.274081157842799961e-02,6.116296721019694793e+00,-1.423954874768655100e-02,2.202020579362561764e-02,9.996561137652630880e-01,7.854075528979136411e-01,0.000000000000000000e+00,0.000000000000000000e+00,0.000000000000000000e+00,1.000000000000000056e-01
9.964168644499942218e-01,8.342080580978153415e-02,1.394279016870210788e-02,8.111959062538228693e+01,-8.310612284880541933e-02,9.963021744131761448e-01,-2.180251372241996666e-02,6.074708884002084197e+00,-1.571001542586765790e-02,2.056566112780640332e-02,9.996650684092623917e-01,7.836190679265423453e-01,0.000000000000000000e+00,0.000000000000000000e+00,0.000000000000000000e+00,1.000000000000000056e-01
