9.999901014564885893e-01,-4.399353457890583033e-03,-6.653406602436530946e-04,6.429398383599310707e-01,4.397824747249602304e-03,9.999877259460800971e-01,-2.281905931445383368e-03,2.011390839536023392e-02,6.753714045665993194e-04,2.278957292279261415e-03,9.999971751095729777e-01,9.648862531048360905e-03,0.000000000000000000e+00,0.000000000000000000e+00,0.000000000000000000e+00,1.000000000000000056e-01
9.999551387877678721e-01,-9.443054517279317675e-03,-7.410353025317864290e-04,1.290499352878880179e+00,9.441698567833946634e-03,9.999537836034559923e-01,-1.812452837141667389e-03,3.868655682800013762e-02,7.581161455015178203e-04,1.805374896355650726e-03,9.999980829388591674e-01,1.392102070134146156e-02,0.000000000000000000e+00,0.000000000000000000e+00,0.000000000000000000e+00,1.000000000000000056e-01
9.998594015184515404e-01,-1.664295090777862321e-02,-2.046797558445721896e-03,1.997491389081635038e+00,1.663888257298945170e-02,9.998595861132499873e-01,-1.988880127810758666e-03,5.099831076959646797e-02,2.079610993973761337e-03,1.954544070059146751e-03,9.999959274795032771e-01,1.617160039634610649e-02,0.000000000000000000e+00,0.000000000000000000e+00,0.000000000000000000e+00,1.000000000000000056e-01
9.997190153599077034e-01,-2.363699823101509875e-02,-1.783996200532364518e-03,2.700734881457482750e+00,2.363700199910389807e-02,9.997206068579592708e-01,-1.897493200641198630e-05,6.153922617090705482e-02,1.783946274662777994e-03,-2.319872141640586525e-05,9.999984084974877785e-01,1.592545379297994126e-02,0.000000000000000000e+00,0.000000000000000000e+00,0.000000000000000000e+00,1.000000000000000056e-01
9.995718938938186193e-01,-2.922485953257938571e-02,-1.391590035069130166e-03,3.410151657764620925e+00,2.922634317573610460e-02,9.995722592476741220e-01,1.058020356436954832e-03,8.418959005096701698e-02,1.360074299001120916e-03,-1.098238499386765092e-03,9.999984720338824795e-01,2.784370045310886888e-02,0.000000000000000000e+00,0.000000000000000000e+00,0.000000000000000000e+00,1.000000000000000056e-01
9.994007193517152610e-01,-3.456468536645716794e-02,-1.866731044315957534e-03,4.146260729165006431e+00,3.456765662905511571e-02,9.994011053382615417e-01,1.583592067663598234e-03,1.063595422985465777e-01,1.810876707491005776e-03,-1.647171569341381557e-03,9.999970037711970461e-01,4.094293752790733459e-02,0.000000000000000000e+00,0.000000000000000000e+00,0.000000000000000000e+00,1.000000000000000056e-01
9.990989777681938966e-01,-4.241834058083737008e-02,-1.384559467127628729e-03,4.913392643396378823e+00,4.242128706990604819e-02,9.990974488757919936e-01,2.173028581710013517e-03,1.482798688393460462e-01,1.291133564953170481e-03,-2.229805429267919890e-03,9.999966804654228936e-01,4.348305793087416798e-02,0.000000000000000000e+00,0.000000000000000000e+00,0.000000000000000000e+00,1.000000000000000056e-01
9.987918257178380887e-01,-4.913783547920441697e-02,6.016673885604357369e-04,5.681391172700378078e+00,4.913554048711020472e-02,9.987864358817309940e-01,3.369593404005367509e-03,1.906297672562193846e-01,-7.665117529243742085e-04,-3.335959095582920805e-03,9.999941419011639798e-01,3.951377202872669026e-02,0.000000000000000000e+00,0.000000000000000000e+00,0.000000000000000000e+00,1.000000000000000056e-01
9.985232855967507426e-01,-5.425290631975590583e-02,2.805401384755098343e-03,6.475235612562902254e+00,5.424223230046491817e-02,9.985207632502091091e-01,3.750412414958467170e-03,2.458207770633688560e-01,-3.004722305338045248e-03,-3.592702893319240764e-03,9.999890320047456482e-01,4.700408929656159362e-02,0.000000000000000000e+00,0.000000000000000000e+00,0.000000000000000000e+00,1.000000000000000056e-01
9.982204323825150105e-01,-5.935638999981511510e-02,5.726023074937295308e-03,7.295563098363988530e+00,5.933036995956586512e-02,9.982277482440479188e-01,4.611923251609388250e-03,2.830873542094696771e-01,-5.989622235659857082e-03,-4.263988954903456460e-03,9.999729710465511401e-01,5.854548958227646233e-02,0.000000000000000000e+00,0.000000000000000000e+00,0.000000000000000000e+00,1.000000000000000056e-01
9.980128458329423635e-01,-6.263048224904946282e-02,6.912470302520059770e-03,8.107129688965994063e+00,6.259676928991964040e-02,9.980264224802363193e-01,4.990441439927238709e-03,3.392040134545432073e-01,-7.211381760543256192e-03,-4.547826354674161173e-03,9.999636559638311883e-01,6.069703625770182104e-02,0.000000000000000000e+00,0.000000000000000000e+00,0.000000000000000000e+00,1.000000000000000056e-01
9.978098349711587156e-01,-6.577273759392704422e-02,7.034218096523975512e-03,8.936480974386320497e+00,6.574130867300981285e-02,9.978260517703173571e-01,4.609852754698226876e-03,3.845003491051372513e-01,-7.322128706127243279e-03,-4.137317713249924131e-03,9.999646338912944188e-01,6.457912538774668310e-02,0.000000000000000000e+00,0.000000000000000000e+00,0.000000000000000000e+00,1.000000000000000056e-01
9.976286701533265688e-01,-6.836861736030405701e-02,7.922666744560904334e-03,9.716580962517825881e+00,6.834838894991102087e-02,9.976575944429126874e-01,2.796779993561500539e-03,4.545551551997354389e-01,-8.095320627172254702e-03,-2.248646397510415187e-03,9.999647040637595907e-01,7.060809761776257187e-02,0.000000000000000000e+00,0.000000000000000000e+00,0.000000000000000000e+00,1.000000000000000056e-01
9.972906542775692440e-01,-7.305322616376110079e-02,8.635799770966002403e-03,1.051792375554780890e+01,7.303316513507675245e-02,9.973260807031643083e-01,2.616398214701714554e-03,5.230339137421543549e-01,-8.803844669827871894e-03,-1.978609696644119224e-03,9.999592878826106812e-01,7.109420382559053508e-02,0.000000000000000000e+00,0.000000000000000000e+00,0.000000000000000000e+00,1.000000000000000056e-01
9.970679065297394228e-01,-7.591247575278976811e-02,9.637727610022246705e-03,1.132815413784914327e+01,7.587940639873298754e-02,9.971099418434954398e-01,3.752274168688417288e-03,5.910447906496381076e-01,-9.894718438581112663e-03,-3.009967100018611126e-03,9.999465158922641317e-01,8.667270343526670140e-02,0.000000000000000000e+00,0.000000000000000000e+00,0.000000000000000000e+00,1.000000000000000056e-01
9.966810025371051207e-01,-8.091473164129395212e-02,8.932266512388112312e-03,1.218524036884527817e+01,8.086791528121398120e-02,9.967097390968544524e-01,5.484183398706665019e-03,6.559768455959442690e-01,-9.346628253083914123e-03,-4.743647636327280939e-03,9.999450676649197511e-01,9.105119674201586633e-02,0.000000000000000000e+00,0.000000000000000000e+00,0.000000000000000000e+00,1.000000000000000056e-01
9.965320516900810777e-01,-8.287310250963041136e-02,7.477889728117648356e-03,1.305891535746209975e+01,8.281419520182435601e-02,9.965339218549210676e-01,7.870938033316295102e-03,7.534350143916057618e-01,-8.104259832441678899e-03,-7.224366607424127784e-03,9.999410630130607380e-01,1.020812923442790121e-01,0.000000000000000000e+00,0.000000000000000000e+00,0.000000000000000000e+00,1.000000000000000056e-01
9.968481917506943901e-01,-7.904204682770299417e-02,6.785089288874715172e-03,1.393768813710556742e+01,7.895885240527211746e-02,9.968085037844486296e-01,1.176037456254273167e-02,8.499899253254976639e-01,-7.692998778970923726e-03,-1.118756525326473558e-02,9.999078238285220577e-01,1.041806753795782720e-01,0.000000000000000000e+00,0.000000000000000000e+00,0.000000000000000000e+00,1.000000000000000056e-01
9.948532704794803561e-01,-1.010811404953226716e-01,7.040827539911079756e-03,1.490463287909806134e+01,1.010126560468504325e-01,9.948399248643430282e-01,9.485104863361019240e-03,9.903882000345139991e-01,-7.963261558094198583e-03,-8.725074903581302860e-03,9.999302273325295642e-01,9.165996275819365824e-02,0.000000000000000000e+00,0.000000000000000000e+00,0.000000000000000000e+00,1.000000000000000056e-01
9.945355739799436323e-01,-1.040319215148299975e-01,8.737928491141083373e-03,1.586827906864182758e+01,1.039563037709426013e-01,9.945437756243368232e-01,8.704324969361071709e-03,1.095196288960833098e+00,-9.595780044767064990e-03,-7.748398080957632182e-03,9.999239387736006401e-01,8.888095925763681016e-02,0.000000000000000000e+00,0.000000000000000000e+00,0.000000000000000000e+00,1.000000000000000056e-01
9.941428678077885994e-01,-1.074958592738156360e-01,1.116237545909025235e-02,1.677794660811478877e+01,1.073916780283712680e-01,9.941709342825942874e-01,9.548869981529614290e-03,1.213572921251020453e+00,-1.212377322273532933e-02,-8.294194756427142670e-03,9.998921044073636466e-01,8.873162748805354938e-02,0.000000000000000000e+00,0.000000000000000000e+00,0.000000000000000000e+00,1.000000000000000056e-01
9.937589111526902164e-01,-1.109681433781416482e-01,1.137091288453346942e-02,1.765767442228438355e+01,1.108728712562496999e-01,9.937965707888772871e-01,8.693808582157121906e-03,1.321826060301755312e+00,-1.226511002863535198e-02,-7.378823990061466470e-03,9.998975547687418697e-01,8.975053322493010965e-02,0.000000000000000000e+00,0.000000000000000000e+00,0.000000000000000000e+00,1.000000000000000056e-01
9.933525835008661931e-01,-1.145964057837898786e-01,1.087697722676669171e-02,1.856989313344092807e+01,1.145123662980340462e-01,9.933891253722554326e-01,8.059997330664816009e-03,1.432074379012088006e+00,-1.172871761871283058e-02,-6.760870771019098814e-03,9.999083597057473183e-01,8.363381138223892342e-02,0.000000000000000000e+00,0.000000000000000000e+00,0.000000000000000000e+00,1.000000000000000056e-01
9.930489464865439597e-01,-1.171972913110953252e-01,1.088966442583532909e-02,1.949401990052557565e+01,1.171260445898582303e-01,9.930926184247983457e-01,6.967130608250742506e-03,1.548936200903697991e+00,-1.163097419391779727e-02,-5.643238389448573290e-03,9.999164336582233581e-01,8.589977725374746409e-02,0.000000000000000000e+00,0.000000000000000000e+00,0.000000000000000000e+00,1.000000000000000056e-01
9.930164814921912386e-01,-1.172008754519725526e-01,1.349897322613184854e-02,2.041528191830023076e+01,1.171151284854793917e-01,9.930938208818419488e-01,6.979226757577200457e-03,1.665092166741060531e+00,-1.422371838508684240e-02,-5.349553214544987625e-03,9.998845273908915088e-01,8.413363479746389928e-02,0.000000000000000000e+00,0.000000000000000000e+00,0.000000000000000000e+00,1.000000000000000056e-01
9.920956513989999115e-01,-1.244642607662206774e-01,1.596453153437966607e-02,2.129352805599417664e+01,1.243784379801595869e-01,9.922150780095642109e-01,6.264434219473538450e-03,1.778892375549444127e+00,-1.661994707601606100e-02,-4.229274452283641843e-03,9.998529344842659317e-01,8.144834392203477436e-02,0.000000000000000000e+00,0.000000000000000000e+00,0.000000000000000000e+00,1.000000000000000056e-01
9.922334610014912348e-01,-1.229553832516289413e-01,1.883434624422249126e-02,2.220868459291790131e+01,1.228616695402732217e-01,9.924053102089982481e-01,6.058913001416443324e-03,1.903812977811910168e+00,-1.943628119725873682e-02,-3.697836993037621235e-03,9.998042593301921244e-01,7.703340753139477359e-02,0.000000000000000000e+00,0.000000000000000000e+00,0.000000000000000000e+00,1.000000000000000056e-01
9.921385467344486786e-01,-1.232922494932969515e-01,2.145053142788655443e-02,2.315328598464389387e+01,1.231853760862146319e-01,9.923640629728931462e-01,6.239362021040952867e-03,2.022996436700720047e+00,-2.205600149968241913e-02,-3.547919786912312294e-03,9.997504413917663868e-01,7.625043287120185365e-02,0.000000000000000000e+00,0.000000000000000000e+00,0.000000000000000000e+00,1.000000000000000056e-01
9.923914964439244368e-01,-1.212069999817650123e-01,2.163286715183007636e-02,2.407072510186229053e+01,1.211472203866154340e-01,9.926262570444097655e-01,4.057686360757154637e-03,2.133775872458342882e+00,-2.196517194071435225e-02,-1.406051715214761940e-03,9.997577477770247523e-01,6.606261516455864957e-02,0.000000000000000000e+00,0.000000000000000000e+00,0.000000000000000000e+00,1.000000000000000056e-01
9.925871523826348408e-01,-1.198785104303478899e-01,1.999719135111142215e-02,2.501877294485079162e+01,1.198288889440453087e-01,9.927877916165117611e-01,3.665813913064616941e-03,2.246729699818835080e+00,-2.029241975141574811e-02,-1.242398571528298672e-03,9.997933157140138638e-01,5.373395295302711705e-02,0.000000000000000000e+00,0.000000000000000000e+00,0.000000000000000000e+00,1.000000000000000056e-01
9.926599587912934286e-01,-1.198146782614371852e-01,1.645141591401327874e-02,2.594181729615702636e+01,1.197830353498152145e-01,9.927958601337613098e-01,2.899059097349484648e-03,2.363740868466868594e+00,-1.668024744578088664e-02,-9.071793501256989779e-04,9.998604634501627730e-01,4.337658743861491639e-02,0.000000000000000000e+00,0.000000000000000000e+00,0.000000000000000000e+00,1.000000000000000056e-01
9.928415394195244659e-01,-1.185043673928089791e-01,1.491283044559472276e-02,2.687828252329701328e+01,1.184735018237610960e-01,9.929528631454426213e-01,2.939547054077881316e-03,2.475452931715391269e+00,-1.515608685262070238e-02,-1.151729177373205740e-03,9.998844766027812359e-01,3.740638954284303264e-02,0.000000000000000000e+00,0.000000000000000000e+00,0.000000000000000000e+00,1.000000000000000056e-01
9.929544939463808007e-01,-1.172785076570469764e-01,1.694475120569259585e-02,2.782906136062669589e+01,1.172914192553796142e-01,9.930975121127224581e-01,2.332478936978382928e-04,2.586350259389860629e+00,-1.685514523062939946e-02,1.755869373594192654e-03,9.998564001905460019e-01,3.167945268089503857e-02,0.000000000000000000e+00,0.000000000000000000e+00,0.000000000000000000e+00,1.000000000000000056e-01
9.928973694403817607e-01,-1.168984781529525258e-01,2.212599294706972877e-02,2.882368860009342981e+01,1.169283037957854349e-01,9.931403570423076310e-01,-5.463806475814814503e-05,2.687387448514394706e+00,-2.196782942874896463e-02,2.641404815868053646e-03,9.997551887591221709e-01,2.480310770599034043e-02,0.000000000000000000e+00,0.000000000000000000e+00,0.000000000000000000e+00,1.000000000000000056e-01
9.926960679932018694e-01,-1.178381054917883447e-01,2.585918569759174807e-02,2.976452533908831910e+01,1.179654221641563833e-01,9.930117132585720707e-01,-3.449131036610241126e-03,2.799299151774654604e+00,-2.527203522609006853e-02,6.474428575674027499e-03,9.996596450843405757e-01,1.217230299359653607e-02,0.000000000000000000e+00,0.000000000000000000e+00,0.000000000000000000e+00,1.000000000000000056e-01
9.926515983806040166e-01,-1.182228313513000034e-01,2.581019914130906756e-02,3.066170385466460502e+01,1.185386297372574144e-01,9.928878036850236066e-01,-1.106356875259148845e-02,2.897669306518470211e+00,-2.431866551530630777e-02,1.404177484551016181e-02,9.996056377725881514e-01,7.449400726410996577e-03,0.000000000000000000e+00,0.000000000000000000e+00,0.000000000000000000e+00,1.000000000000000056e-01
9.925189480426079847e-01,-1.199829154178878449e-01,2.258844359885648495e-02,3.158399901683744204e+01,1.203054895229489912e-01,9.926450717628569897e-01,-1.350372895004135418e-02,2.993842666579757505e+00,-2.080209044875924729e-02,1.612022061686951141e-02,9.996536457794895636e-01,2.757288601216298851e-04,0.000000000000000000e+00,0.000000000000000000e+00,0.000000000000000000e+00,1.000000000000000056e-01
9.925244240214172731e-01,-1.205359896067381559e-01,1.914008700288794343e-02,3.254391303799282298e+01,1.208016748776078869e-01,9.925863898145785846e-01,-1.338708712253226102e-02,3.120271904308132616e+00,-1.738456406466743279e-02,1.559916550286786358e-02,9.997271842697365019e-01,-1.046807993400845731e-02,0.000000000000000000e+00,0.000000000000000000e+00,0.000000000000000000e+00,1.000000000000000056e-01
9.921468875494305895e-01,-1.234729565812240359e-01,1.997454678005582476e-02,3.349708333568687380e+01,1.237560006069987617e-01,9.922193245300778841e-01,-1.361118447588387410e-02,3.244417851375281714e+00,-1.813851812409159395e-02,1.597626433704642593e-02,9.997078338885290183e-01,-2.294941976835563821e-02,0.000000000000000000e+00,0.000000000000000000e+00,0.000000000000000000e+00,1.000000000000000056e-01
9.923918148282068197e-01,-1.212628470454470697e-01,2.130276480672529948e-02,3.446728828965964198e+01,1.215752730362332501e-01,9.924829763468550059e-01,-1.403547818399360388e-02,3.368668126460526047e+00,-1.944064937556043426e-02,1.651858311479940597e-02,9.996745458216569347e-01,-2.576996017481808857e-02,0.000000000000000000e+00,0.000000000000000000e+00,0.000000000000000000e+00,1.000000000000000056e-01
9.920125908611467924e-01,-1.240746237551834941e-01,2.272679724388470060e-02,3.543063158821465208e+01,1.243953801012123717e-01,9.921437951282848777e-01,-1.328454733586663036e-02,3.504383943638243792e+00,-2.089997565620323530e-02,1.600554680270682359e-02,9.996534466949615894e-01,-4.087353513619126216e-02,0.000000000000000000e+00,0.000000000000000000e+00,0.000000000000000000e+00,1.000000000000000056e-01
9.916549918220962656e-01,-1.266954753531742139e-01,2.384604200598769430e-02,3.639936765248829431e+01,1.270046470864675259e-01,9.918304363012133695e-01,-1.192498406651100809e-02,3.631112223046063736e+00,-2.214038872197019586e-02,1.485402812633414976e-02,9.996445173338680545e-01,-4.632724781172841561e-02,0.000000000000000000e+00,0.000000000000000000e+00,0.000000000000000000e+00,1.000000000000000056e-01
9.915520255528043059e-01,-1.273831800677183157e-01,2.445620694151605032e-02,3.739133718160712760e+01,1.277143064082448265e-01,9.917324057061770448e-01,-1.248564819701754834e-02,3.769235018982652008e+00,-2.266355137201494716e-02,1.550357726700469195e-02,9.996229301747404650e-01,-5.382109374147237002e-02,0.000000000000000000e+00,0.000000000000000000e+00,0.000000000000000000e+00,1.000000000000000056e-01
9.914330738958451184e-01,-1.277388902643627477e-01,2.726235315347527721e-02,3.837684937805953922e+01,1.280511724294972065e-01,9.917168750876502736e-01,-1.002680935377665145e-02,3.898788225155825682e+00,-2.575572217715668688e-02,1.343188670347190625e-02,9.995780245657255314e-01,-4.577156667441012461e-02,0.000000000000000000e+00,0.000000000000000000e+00,0.000000000000000000e+00,1.000000000000000056e-01
9.914090668891597513e-01,-1.277210492122812791e-01,2.820276011456486834e-02,3.938580724473602857e+01,1.280375271026609196e-01,9.917218006509176398e-01,-9.708849938949737704e-03,4.035468755180024125e+00,-2.672926754329489965e-02,1.323645352107947863e-02,9.995550722970611979e-01,-6.475756221993637929e-02,0.000000000000000000e+00,0.000000000000000000e+00,0.000000000000000000e+00,1.000000000000000056e-01
9.910440724840202664e-01,-1.308571082278163766e-01,2.660946486762914148e-02,4.039036058473427460e+01,1.312084508862769172e-01,9.912832667015646360e-01,-1.190913823490470994e-02,4.173008427779195451e+00,-2.481912186825897815e-02,1.529386752028955021e-02,9.995749640752115139e-01,-6.956266883338979579e-02,0.000000000000000000e+00,0.000000000000000000e+00,0.000000000000000000e+00,1.000000000000000056e-01
9.911116616110535738e-01,-1.304038838613333084e-01,2.631541929090794318e-02,4.140675571763460994e+01,1.307713493813359162e-01,9.913304975122679830e-01,-1.275534723415544872e-02,4.319214505076987010e+00,-2.442393087856591788e-02,1.608327628187743163e-02,9.995723084522099011e-01,-6.089841936674575407e-02,0.000000000000000000e+00,0.000000000000000000e+00,0.000000000000000000e+00,1.000000000000000056e-01
9.913425970963817280e-01,-1.290365430386950785e-01,2.427809182831106027e-02,4.243296982723322941e+01,1.292545133838403915e-01,9.915821171044327809e-01,-7.627306772228645976e-03,4.465727329206658602e+00,-2.308952039578849452e-02,1.069932704958850497e-02,9.996761467838364279e-01,-6.304093492731890902e-02,0.000000000000000000e+00,0.000000000000000000e+00,0.000000000000000000e+00,1.000000000000000056e-01
9.914443738234962611e-01,-1.282655344059446534e-01,2.420756694285476976e-02,4.347521167297494316e+01,1.284922830961997275e-01,9.916778387187530353e-01,-8.049681908557364263e-03,4.596194792205049673e+00,-2.297361091473077224e-02,1.109129738399948148e-02,9.996745452015262101e-01,-6.723103077009498496e-02,0.000000000000000000e+00,0.000000000000000000e+00,0.000000000000000000e+00,1.000000000000000056e-01
9.916035822166933134e-01,-1.265885062963687802e-01,2.641374279945358020e-02,4.446159977324149537e+01,1.269286356860153397e-01,9.918438154095768899e-01,-1.161754176492884455e-02,4.722094896877325532e+00,-2.472766017859925544e-02,1.487265636755144213e-02,9.995835867573379385e-01,-7.375222919542955002e-02,0.000000000000000000e+00,0.000000000000000000e+00,0.000000000000000000e+00,1.000000000000000056e-01
9.917445020731127103e-01,-1.252810801940888730e-01,2.734032832933749185e-02,4.542867612504041830e+01,1.256264916006352983e-01,9.920132775413269544e-01,-1.129786660523633864e-02,4.861472954831221216e+00,-2.570655978284934473e-02,1.463926661812268819e-02,9.995623365538610638e-01,-7.876369441146706396e-02,0.000000000000000000e+00,0.000000000000000000e+00,0.000000000000000000e+00,1.000000000000000056e-01
9.913083042070972573e-01,-1.292249574773346454e-01,2.467298877376310207e-02,4.633578332898876084e+01,1.295365625966462542e-01,9.915082783634030505e-01,-1.147226601354754162e-02,4.980041121057608322e+00,-2.298096953338406995e-02,1.456860672204144357e-02,9.996297468250352480e-01,-8.329226332253739096e-02,0.000000000000000000e+00,0.000000000000000000e+00,0.000000000000000000e+00,1.000000000000000056e-01
9.917095904605014445e-01,-1.271115190172981413e-01,1.883480612535335177e-02,4.727986522198959563e+01,1.272949695477017806e-01,9.918251606369919982e-01,-8.879271099286557486e-03,5.117328142914047362e+00,-1.755217697364848048e-02,1.120323437762496023e-02,9.997831808062014325e-01,-9.591228418356013974e-02,0.000000000000000000e+00,0.000000000000000000e+00,0.000000000000000000e+00,1.000000000000000056e-01
9.919697576497321645e-01,-1.251431570491116640e-01,1.830819904067586615e-02,4.822148345488201215e+01,1.253148805253736509e-01,9.920801817513930088e-01,-8.549485074225404366e-03,5.244485869566192449e+00,-1.709329187848156531e-02,1.077512041252643403e-02,9.997958372352090395e-01,-9.583897280804552776e-02,0.000000000000000000e+00,0.000000000000000000e+00,0.000000000000000000e+00,1.000000000000000056e-01
9.922199815050569693e-01,-1.231667987979970791e-01,1.815070180345774303e-02,4.918076427057205535e+01,1.233739734623625628e-01,9.923018024848109242e-01,-1.077011873210315974e-02,5.386217001747689359e+00,-1.668445306902793801e-02,1.292565121179771633e-02,9.997772534752620288e-01,-1.027913819499274017e-01,0.000000000000000000e+00,0.000000000000000000e+00,0.000000000000000000e+00,1.000000000000000056e-01
9.926244078434178775e-01,-1.194504443477987787e-01,2.069725340757675586e-02,5.017589470846395017e+01,1.196752125969805791e-01,9.927629314806628580e-01,-9.980248884081022523e-03,5.525248042590775732e+00,-1.935532080259894094e-02,1.238358684041618481e-02,9.997359743120152187e-01,-9.413813421717689978e-02,0.000000000000000000e+00,0.000000000000000000e+00,0.000000000000000000e+00,1.000000000000000056e-01
9.927316010243003586e-01,-1.185587515918333362e-01,2.068310297598828854e-02,5.110785854487677682e+01,1.187829084182018130e-01,9.928702516411285206e-01,-9.964139390591692999e-03,5.652790972950824333e+00,-1.935430172965330389e-02,1.234851517665244182e-02,9.997364278536066129e-01,-9.838085222278911135e-02,0.000000000000000000e+00,0.000000000000000000e+00,0.000000000000000000e+00,1.000000000000000056e-01
9.926506612306875699e-01,-1.192854103896296980e-01,2.038763415544909627e-02,5.204993827045750265e+01,1.195613239947724837e-01,9.927430977721863892e-01,-1.289308459214166466e-02,5.770442779771052244e+00,-1.870172620096474322e-02,1.523590147843915249e-02,9.997090140352058452e-01,-9.865086309202079906e-02,0.000000000000000000e+00,0.000000000000000000e+00,0.000000000000000000e+00,1.000000000000000056e-01
9.928318491672735169e-01,-1.179827327609296733e-01,1.910481743841730556e-02,5.303157079449309919e+01,1.182564806168864696e-01,9.928859001700877096e-01,-1.389222932227460357e-02,5.895613979387072767e+00,-1.732986068034467891e-02,1.605191620018506585e-02,9.997209670278512927e-01,-8.923186666534371758e-02,0.000000000000000000e+00,0.000000000000000000e+00,0.000000000000000000e+00,1.000000000000000056e-01
9.926474826533150386e-01,-1.194695636572663394e-01,1.944218458864380161e-02,5.399554166765929608e+01,1.197403093414677461e-01,9.927146713635953690e-01,-1.341042796775926069e-02,6.026186147514679625e+00,-1.769840390674048969e-02,1.563984076041796678e-02,9.997210420312971912e-01,-9.231181687852958728e-02,0.000000000000000000e+00,0.000000000000000000e+00,0.000000000000000000e+00,1.000000000000000056e-01
9.924990072082005010e-01,-1.200879048682986783e-01,2.290449290158397266e-02,5.493362366414185516e+01,1.204487338257084483e-01,9.926050097218364066e-01,-1.507969478791571470e-02,6.144702566810125610e+00,-2.092422544611629437e-02,1.772539927492473855e-02,9.996239227879776257e-01,-9.071652576810276813e-02,0.000000000000000000e+00,0.000000000000000000e+00,0.000000000000000000e+00,1.000000000000000056e-01
9.922205759566327110e-01,-1.215865706126128126e-01,2.674012892549557791e-02,5.588250743268083198e+01,1.219773899578554949e-01,9.924410759004359539e-01,-1.349915570153460351e-02,6.260328279861898437e+00,-2.489668627261990702e-02,1.665583117857343323e-02,9.995512684702039241e-01,-8.245270749274766220e-02,0.000000000000000000e+00,0.000000000000000000e+00,0.000000000000000000e+00,1.000000000000000056e-01
9.919952492817241119e-01,-1.233647299091551047e-01,2.695494049207391996e-02,5.684376968531937280e+01,1.237029209780357436e-01,9.922554653306224770e-01,-1.125517050122711894e-02,6.386755362296828054e+00,-2.535769595195667275e-02,1.449948054073177915e-02,9.995732851172329791e-01,-9.026492217734893853e-02,0.000000000000000000e+00,0.000000000000000000e+00,0.000000000000000000e+00,1.000000000000000056e-01
9.917298046654751120e-01,-1.259769260332854468e-01,2.453178846685906064e-02,5.773541424886656159e+01,1.262927654725901350e-01,9.919231194424266151e-01,-1.177550444315776830e-02,6.505904145450518428e+00,-2.285020628930827316e-02,1.477630612871850928e-02,9.996296958622860052e-01,-9.562992442708197205e-02,0.000000000000000000e+00,0.000000000000000000e+00,0.000000000000000000e+00,1.000000000000000056e-01
9.914193447873338449e-01,-1.294750537286064873e-01,1.799703429535491270e-02,5.860594068266811263e+01,1.297163246960507388e-01,9.914665576107815070e-01,-1.295145732246545840e-02,6.629365678250816352e+00,-1.616656700732874499e-02,1.517483447690203859e-02,9.997541530345328553e-01,-1.023610358240758939e-01,0.000000000000000000e+00,0.000000000000000000e+00,0.000000000000000000e+00,1.000000000000000056e-01
9.913075842333066712e-01,-1.307174006337265548e-01,1.490753544646251927e-02,5.953568386917762467e+01,1.309291762552212690e-01,9.912894255407346256e-01,-1.424168586402698236e-02,6.740034200444349644e+00,-1.291604609216427321e-02,1.606972254527906999e-02,9.997874472960054382e-01,-1.013224518847120059e-01,0.000000000000000000e+00,0.000000000000000000e+00,0.000000000000000000e+00,1.000000000000000056e-01
9.913439509316942511e-01,-1.303848383207407702e-01,1.539366386578651207e-02,6.043182746574971276e+01,1.305619951137132473e-01,9.913777564919238339e-01,-1.112247117175167201e-02,6.872643747575481576e+00,-1.381073434199828719e-02,1.303602198195513533e-02,9.998196466102378110e-01,-1.051206817281884753e-01,0.000000000000000000e+00,0.000000000000000000e+00,0.000000000000000000e+00,1.000000000000000056e-01
9.911569881422573891e-01,-1.316678757824898682e-01,1.647408096665370705e-02,6.134874438091572557e+01,1.318203913762270585e-01,9.912368491176922758e-01,-8.537761337010913582e-03,7.001265093893620062e+00,-1.520556721031346772e-02,1.063388161285709274e-02,9.998278408244373194e-01,-9.868395307458377452e-02,0.000000000000000000e+00,0.000000000000000000e+00,0.000000000000000000e+00,1.000000000000000056e-01
9.911526077120144107e-01,-1.312738691839502037e-01,1.958773838779902590e-02,6.223341644679585016e+01,1.314293591611818968e-01,9.913017444499757636e-01,-6.868405995274670141e-03,7.124551607417414445e+00,-1.851571700352898711e-02,9.382042416766631782e-03,9.997845495425178308e-01,-9.401946189797963371e-02,0.000000000000000000e+00,0.000000000000000000e+00,0.000000000000000000e+00,1.000000000000000056e-01
9.909891677239238694e-01,-1.324087426347372032e-01,2.020876858526022765e-02,6.304214424787752336e+01,1.325450303135805308e-01,9.911614203705557680e-01,-5.554611435047502460e-03,7.241164719040528830e+00,-1.929467265896722336e-02,8.183131607780965919e-03,9.997803518593836314e-01,-9.463855849215628557e-02,0.000000000000000000e+00,0.000000000000000000e+00,0.000000000000000000e+00,1.000000000000000056e-01
9.906147963134459555e-01,-1.352802104637486069e-01,1.953432829031664930e-02,6.385140544603174106e+01,1.353911265148445286e-01,9.907821662386193662e-01,-4.465638201892139364e-03,7.359857690750183146e+00,-1.875015162368934979e-02,7.068501990713692978e-03,9.997992138893168068e-01,-9.709678092818677109e-02,0.000000000000000000e+00,0.000000000000000000e+00,0.000000000000000000e+00,1.000000000000000056e-01
9.899778892002015773e-01,-1.397850240674060607e-01,2.009790887600293452e-02,6.464265382962919659e+01,1.398984612973029340e-01,9.901563143757424745e-01,-4.346680169154250838e-03,7.476674381973674066e+00,-1.929247058726404201e-02,7.114783785933917297e-03,9.997885678633853246e-01,-9.726851369689575033e-02,0.000000000000000000e+00,0.000000000000000000e+00,0.000000000000000000e+00,1.000000000000000056e-01
9.898929520495847179e-01,-1.406315551374894279e-01,1.829505895507915411e-02,6.543191071193598418e+01,1.407629728005720393e-01,9.900245380178391841e-01,-6.099148375764421731e-03,7.580269010097373972e+00,-1.725482456891332464e-02,8.612770876752540855e-03,9.998140283107256332e-01,-9.586587134855034664e-02,0.000000000000000000e+00,0.000000000000000000e+00,0.000000000000000000e+00,1.000000000000000056e-01
9.898870945701062629e-01,-1.404167198329618060e-01,2.016642742046617989e-02,6.618270095813650755e+01,1.405505020977079467e-01,9.900589461809626846e-01,-5.370237157136708954e-03,7.693637705257075687e+00,-1.921188079381138877e-02,8.150329956093989997e-03,9.997822141636503179e-01,-9.129611145736754585e-02,0.000000000000000000e+00,0.000000000000000000e+00,0.000000000000000000e+00,1.000000000000000056e-01
9.896730269985937190e-01,-1.415250292068741533e-01,2.275886067961481810e-02,6.697256221091535622e+01,1.416448812382251066e-01,9.899104890642117516e-01,-3.735138506429955957e-03,7.819327607567543303e+00,-2.200061931968754284e-02,6.920241949998892639e-03,9.997340061240808096e-01,-9.103696198393593231e-02,0.000000000000000000e+00,0.000000000000000000e+00,0.000000000000000000e+00,1.000000000000000056e-01
9.895838523767536143e-01,-1.418559955530780681e-01,2.450868500814786313e-02,6.771138513005618620e+01,1.419506922458035614e-01,9.898713744956446625e-01,-2.159380707624211203e-03,7.932838705952926617e+00,-2.395412461603798129e-02,5.615913082339742818e-03,9.996972848988492366e-01,-9.552906375748804191e-02,0.000000000000000000e+00,0.000000000000000000e+00,0.000000000000000000e+00,1.000000000000000056e-01
9.893347915320033215e-01,-1.432064655348342652e-01,2.661913772735504183e-02,6.839142908500230078e+01,1.432562956528813103e-01,9.896856230650744601e-01,3.541340853582711050e-05,8.038849724786155448e+00,-2.634964933622136254e-02,3.778323347143511084e-03,9.996456473433686929e-01,-9.538803853339790362e-02,0.000000000000000000e+00,0.000000000000000000e+00,0.000000000000000000e+00,1.000000000000000056e-01
9.894336751997366841e-01,-1.432447261473264455e-01,2.240425878531623893e-02,6.907121771399214083e+01,1.432024151392833067e-01,9.896872680485904183e-01,3.489951402798494029e-03,8.148824515986278882e+00,-2.267312680285460402e-02,-2.447314752765997452e-04,9.997429016639661770e-01,-9.797170119342860084e-02,0.000000000000000000e+00,0.000000000000000000e+00,0.000000000000000000e+00,1.000000000000000056e-01
9.896392722485987115e-01,-1.426709814215333105e-01,1.609664199392046857e-02,6.976232119490161665e+01,1.426485901262437295e-01,9.897701476502077655e-01,2.536642560727680410e-03,8.259534544091280850e+00,-1.629388100664984351e-02,-2.141978115537202312e-04,9.998672229656488941e-01,-1.011604840405713052e-01,0.000000000000000000e+00,0.000000000000000000e+00,0.000000000000000000e+00,1.000000000000000056e-01
9.899316576923120614e-01,-1.412057562632942354e-01,9.810580852443738162e-03,7.049580005883908029e+01,1.411918789754582626e-01,9.899800290902741606e-01,2.096500369537080896e-03,8.364934878135279916e+00,-1.000831703788149750e-02,-6.902177417712036193e-04,9.999496773285834195e-01,-9.920766356212824821e-02,0.000000000000000000e+00,0.000000000000000000e+00,0.000000000000000000e+00,1.000000000000000056e-01
9.898336309204454064e-01,-1.419230389653175495e-01,9.339920218953877418e-03,7.120649184797603937e+01,1.418987264022777417e-01,9.898759446058554845e-01,3.219586320755165459e-03,8.474134810657686145e+00,-9.702295824133035790e-03,-1.861532034166445007e-03,9.999511988863390988e-01,-9.495854215670676557e-02,0.000000000000000000e+00,0.000000000000000000e+00,0.000000000000000000e+00,1.000000000000000056e-01
9.895962909130756602e-01,-1.433818223229456901e-01,1.186735178692458099e-02,7.187207578853546863e+01,1.433312669089792102e-01,9.896620844492428626e-01,5.010641660175524197e-03,8.581803445668498398e+00,-1.246310303858346423e-02,-3.257549835529795733e-03,9.999170262735397330e-01,-8.440078859913581477e-02,0.000000000000000000e+00,0.000000000000000000e+00,0.000000000000000000e+00,1.000000000000000056e-01
9.893316409203576356e-01,-1.450617751294353275e-01,1.341587381163391983e-02,7.248889109256444385e+01,1.450252795627947344e-01,9.894211825137424476e-01,3.659491882863773367e-03,8.673160177052277930e+00,-1.380480211976196046e-02,-1.674810259296960523e-03,9.999033065497031636e-01,-7.554027371586970185e-02,0.000000000000000000e+00,0.000000000000000000e+00,0.000000000000000000e+00,1.000000000000000056e-01
9.895651326516061719e-01,-1.436911866515797331e-01,1.066260375658912608e-02,7.305735757021928123e+01,1.436953210295068006e-01,9.896219021910608316e-01,3.813370862218283270e-04,8.747939853194234061e+00,-1.060674099033875363e-02,1.154808385501419421e-03,9.999430801116414580e-01,-7.303010614415585133e-02,0.000000000000000000e+00,0.000000000000000000e+00,0.000000000000000000e+00,1.000000000000000056e-01
9.897986770722076999e-01,-1.422458783401600591e-01,8.042944817908459498e-03,7.368723822400789913e+01,1.423015755094429458e-01,9.897997468123056475e-01,-6.835409119133865723e-03,8.827155185065759468e+00,-6.988595970425602946e-03,7.910202622689887358e-03,9.999442925587556097e-01,-5.744428646387871734e-02,0.000000000000000000e+00,0.000000000000000000e+00,0.000000000000000000e+00,1.000000000000000056e-01
9.902561876056813484e-01,-1.392011395349539160e-01,3.965559334058758531e-03,7.428991656341736416e+01,1.392363509900788887e-01,9.902010690928705339e-01,-1.072759666951488521e-02,8.910890931131971726e+00,-2.433407411268346480e-03,1.117521899143420448e-02,9.999345943654835978e-01,-4.701993036406931781e-02,0.000000000000000000e+00,0.000000000000000000e+00,0.000000000000000000e+00,1.000000000000000056e-01
9.909715837699514251e-01,-1.340337245866719262e-01,3.206373948611559738e-03,7.486776619722094495e+01,1.340578224498336357e-01,9.909315221600393242e-01,-9.122424545944347526e-03,8.984578807909903375e+00,-1.954584478358148327e-03,9.469903009627090792e-03,9.999532491754328234e-01,-3.735758547434178678e-02,0.000000000000000000e+00,0.000000000000000000e+00,0.000000000000000000e+00,1.000000000000000056e-01
9.917584296732160354e-01,-1.280423486226851815e-01,4.513771294978177924e-03,7.544204958830691510e+01,1.280780124724519020e-01,9.917252579337991758e-01,-8.776986797638441917e-03,9.077178759935234709e+00,-3.352594998366486244e-03,9.282765499904459955e-03,9.999512939995881533e-01,-4.167994945982986948e-02,0.000000000000000000e+00,0.000000000000000000e+00,0.000000000000000000e+00,1.000000000000000056e-01
9.926013682217849077e-01,-1.212779409209113063e-01,5.846781184929980731e-03,7.599504024716901540e+01,1.213309468540318542e-01,9.925639864692216152e-01,-9.774154686259309971e-03,9.128835171458488773e+00,-4.617915086335335796e-03,1.041123481200825415e-02,9.999351384214600902e-01,-3.285786820508342781e-02,0.000000000000000000e+00,0.000000000000000000e+00,0.000000000000000000e+00,1.000000000000000056e-01
9.937643861876732654e-01,-1.111221135598728094e-01,9.177179469954806559e-03,7.656828088181782732e+01,1.112433373700920936e-01,9.936950533683492903e-01,-1.396641693625618255e-02,9.190049707012546421e+00,-7.567340074352470018e-03,1.490022782578181298e-02,9.998603495363433957e-01,-2.047225653601920936e-02,0.000000000000000000e+00,0.000000000000000000e+00,0.000000000000000000e+00,1.000000000000000056e-01
9.947433357178643298e-01,-1.016564037003277882e-01,1.231550370923733574e-02,7.712200489666552983e+01,1.018651543539009913e-01,9.946405724643205826e-01,-1.770937424937944066e-02,9.228063184544357256e+00,-1.044922836156718209e-02,1.887080270059125764e-02,9.997673261474807616e-01,-1.118593430862501077e-02,0.000000000000000000e+00,0.000000000000000000e+00,0.000000000000000000e+00,1.000000000000000056e-01
9.958961002107861171e-01,-8.969800255131264721e-02,1.205097187999659009e-02,7.761185298862967841e+01,8.985984463439276870e-02,9.958610772429297153e-01,-1.363536412547516376e-02,9.273700840136912760e+00,-1.077802891212270922e-02,1.466230441834470190e-02,9.998344117512225626e-01,1.151946301034050164e-03,0.000000000000000000e+00,0.000000000000000000e+00,0.000000000000000000e+00,1.000000000000000056e-01
9.970894191582935218e-01,-7.567530954771295448e-02,9.270260375777258921e-03,7.810446085758124468e+01,7.576156805638070701e-02,9.970822526914908668e-01,-9.336282627485913491e-03,9.313723772247710642e+00,-8.536686020656724522e-03,1.001143808449741525e-02,9.999134443036882258e-01,-2.205532594696314394e-03,0.000000000000000000e+00,0.000000000000000000e+00,0.000000000000000000e+00,1.000000000000000056e-01
9.981571205408980019e-01,-5.988739739337691631e-02,9.790931873466636806e-03,7.860376439891174982e+01,5.992512222317323417e-02,9.981963620078009303e-01,-3.605911941370481839e-03,9.339870190242104186e+00,-9.557323895362243929e-03,4.185989469518650724e-03,9.999455660445323302e-01,3.085810815684132680e-03,0.000000000000000000e+00,0.000000000000000000e+00,0.000000000000000000e+00,1.000000000000000056e-01
9.992888291201676987e-01,-3.597059744249796881e-02,1.131159207512591296e-02,7.909960884559379224e+01,3.602139900287244095e-02,9.993416822043453829e-01,-4.319840606432721018e-03,9.358656416819009394e+00,-1.114875820529592602e-02,4.724227833083749668e-03,9.999266907438069119e-01,1.323027147682889412e-02,0.000000000000000000e+00,0.000000000000000000e+00,0.000000000000000000e+00,1.000000000000000056e-01
9.998761637647201050e-01,-1.079489038551708323e-02,1.145109063414399136e-02,7.960029995318727458e+01,1.089493781344790142e-02,9.999027061427868679e-01,-8.710831095404041047e-03,9.381534873308403633e+00,-1.135594404652525910e-02,8.834511299230182052e-03,9.998964916154651217e-01,1.526878599520046197e-02,0.000000000000000000e+00,0.000000000000000000e+00,0.000000000000000000e+00,1.000000000000000056e-01
9.997774270960843035e-01,1.696144235632075087e-02,1.254614452041182687e-02,8.007962522926180782e+01,-1.687025943329214378e-02,9.998307576344365177e-01,-7.338285549233775594e-03,9.381684874007108377e+00,-1.266848908857204012e-02,7.124995532762396118e-03,9.998943663321995245e-01,2.499595214695728498e-02,0.000000000000000000e+00,0.000000000000000000e+00,0.000000000000000000e+00,1.000000000000000056e-01
9.987232850833629438e-01,4.894540260376699370e-02,1.249589517605540975e-02,8.056963878004437163e+01,-4.883982412443681198e-02,9.987694348006291856e-01,-8.619030544428366719e-03,9.353561783565828236e+00,-1.290238008236798198e-02,7.997729176889400993e-03,9.998847758198057267e-01,2.524499007665490305e-02,0.000000000000000000e+00,0.000000000000000000e+00,0.000000000000000000e+00,1.000000000000000056e-01
9.959746881847064692e-01,8.882554756590051170e-02,1.201842730954300748e-02,8.104615974231093389e+01,-8.871732640379990931e-02,9.960138217594000087e-01,-9.257583917835749895e-03,9.306101527192073064e+00,-1.279282967675450869e-02,8.154076517429142620e-03,9.998849206508764187e-01,2.523169388494701793e-02,0.000000000000000000e+00,0.000000000000000000e+00,0.000000000000000000e+00,1.000000000000000056e-01
