9.999999999999998890e-01,-4.170201900294149684e-09,1.083461131249556991e-08,7.096597664155853957e-15,4.170201919828891698e-09,1.000000000000000000e+00,-1.802994225566514596e-09,4.353540529883756652e-15,-1.083461130497671983e-08,1.802994270749031268e-09,9.999999999999998890e-01,-2.069332867451808723e-14,0.000000000000000000e+00,0.000000000000000000e+00,0.000000000000000000e+00,1.000000000000000056e-01
9.998699767957240914e-01,-1.195081537665440737e-02,1.082624193112668304e-02,6.524854192554134791e-01,1.198351422388298400e-02,9.999238124765457147e-01,-2.960511647662109145e-03,3.861840696355397021e-03,-1.079003657844398653e-02,3.089863136624239250e-03,9.999370119444688232e-01,3.263057987754148202e-03,0.000000000000000000e+00,0.000000000000000000e+00,0.000000000000000000e+00,1.000000000000000056e-01
9.995882963468363247e-01,-1.813305265333905320e-02,2.223578664901448843e-02,1.336889016833214816e+00,1.821949907960326159e-02,9.998271971690563253e-01,-3.691294401320863606e-03,-2.639008109955709447e-03,-2.216500980639515145e-02,4.094899576316910796e-03,9.997459397955773541e-01,-1.179037268279863743e-02,0.000000000000000000e+00,0.000000000000000000e+00,0.000000000000000000e+00,1.000000000000000056e-01
9.991808269191378988e-01,-2.553755311874856410e-02,3.139280965276665392e-02,2.068576822893282152e+00,2.576063924901251384e-02,9.996455364046187286e-01,-6.722426035621567424e-03,1.812280330352515623e-02,-3.121000773261646891e-02,7.525618049652940157e-03,9.994845173839866925e-01,-3.466071476635162324e-02,0.000000000000000000e+00,0.000000000000000000e+00,0.000000000000000000e+00,1.000000000000000056e-01
9.985321044274972913e-01,-3.406139872396222318e-02,4.211243930908015881e-02,2.800591421092462063e+00,3.445757157865592807e-02,9.993681409472592314e-01,-8.717489347329077098e-03,6.643585231548011782e-02,-4.178890030253844950e-02,1.015578537515722524e-02,9.990748459624625433e-01,-7.490451701811647045e-02,0.000000000000000000e+00,0.000000000000000000e+00,0.000000000000000000e+00,1.000000000000000056e-01
9.978099973113631060e-01,-4.281612595311178743e-02,5.041813784606444943e-02,3.551463483875806570e+00,4.335779914762643433e-02,9.990125289958383670e-01,-9.698874285880990445e-03,9.205607059622342159e-02,-4.995308317382995272e-02,1.186365321924516374e-02,9.986811018607100188e-01,-1.091117951841658607e-01,0.000000000000000000e+00,0.000000000000000000e+00,0.000000000000000000e+00,1.000000000000000056e-01
9.968312368581049299e-01,-5.173262294414354007e-02,6.042533365451780575e-02,4.310069250059866519e+00,5.246707117370921075e-02,9.985660674887787414e-01,-1.063086555500661855e-02,1.462722889980521690e-01,-5.978872524476216282e-02,1.376751914161618469e-02,9.981161073493862723e-01,-1.402365718692234475e-01,0.000000000000000000e+00,0.000000000000000000e+00,0.000000000000000000e+00,1.000000000000000056e-01
9.955705987416730851e-01,-6.122027317832687276e-02,7.135307332636460498e-02,5.114120897389127229e+00,6.203742644001011830e-02,9.980305792947351540e-01,-9.290883344206586625e-03,2.130378424869368292e-01,-7.064375868997109509e-02,1.367629133158378141e-02,9.974078495848961445e-01,-1.904310731068921125e-01,0.000000000000000000e+00,0.000000000000000000e+00,0.000000000000000000e+00,1.000000000000000056e-01
9.943874662538451092e-01,-6.568579731068931171e-02,8.293939346846593286e-02,5.889097720374257605e+00,6.655135171857139154e-02,9.977531984659369080e-01,-7.711843840724223222e-03,2.793127406279595215e-01,-8.224648650057322929e-02,1.318828960296794181e-02,9.965247535689514269e-01,-2.391500598490936547e-01,0.000000000000000000e+00,0.000000000000000000e+00,0.000000000000000000e+00,1.000000000000000056e-01
9.927879319115107126e-01,-7.406768276658917682e-02,9.426611597203717052e-02,6.692955633248550917e+00,7.532906926921834057e-02,9.971096937416304984e-01,-9.888881104815734624e-03,3.378587503156066929e-01,-9.326121151850298718e-02,1.691854060076658506e-02,9.954979203444079827e-01,-3.037195846676584710e-01,0.000000000000000000e+00,0.000000000000000000e+00,0.000000000000000000e+00,1.000000000000000056e-01
9.911086391288215225e-01,-8.170076723391039852e-02,1.050173798835497829e-01,7.525218485489924447e+00,8.353898266236611803e-02,9.964168333345880813e-01,-1.321864679945298007e-02,4.040343495726696488e-01,-1.035611115233527613e-01,2.187416011786937411e-02,9.943825306687489318e-01,-3.750950442685074271e-01,0.000000000000000000e+00,0.000000000000000000e+00,0.000000000000000000e+00,1.000000000000000056e-01
9.894107589952315651e-01,-8.816476086946663238e-02,1.152966821955841853e-01,8.364253571330708681e+00,9.038346166318224351e-02,9.958065261498072474e-01,-1.414893406703777480e-02,4.933753845665646010e-01,-1.135657511852047746e-01,2.442002084935802203e-02,9.932303271343747575e-01,-4.647186513446037170e-01,0.000000000000000000e+00,0.000000000000000000e+00,0.000000000000000000e+00,1.000000000000000056e-01
9.877738129828614877e-01,-9.482326550397812692e-02,1.237394145147820840e-01,9.213390993236027171e+00,9.739474337444500862e-02,9.951344880125052583e-01,-1.488673003433080462e-02,6.034831754661530434e-01,-1.217257505556034319e-01,2.675629061082870214e-02,9.922030752645467633e-01,-5.581341498473122442e-01,0.000000000000000000e+00,0.000000000000000000e+00,0.000000000000000000e+00,1.000000000000000056e-01
9.860787632669317793e-01,-9.987545475044078136e-02,1.329419654298480136e-01,9.994763049186243364e+00,1.032210085877164479e-01,9.944864097146871584e-01,-1.849876425402299102e-02,7.028352990879297435e-01,-1.303614054085518725e-01,3.196364233287576212e-02,9.909511741497273318e-01,-6.462939739910386061e-01,0.000000000000000000e+00,0.000000000000000000e+00,0.000000000000000000e+00,1.000000000000000056e-01
9.839316029361171445e-01,-1.072197008929727663e-01,1.427674209474433797e-01,1.082410660226316601e+01,1.110648096231927479e-01,9.936273264417769813e-01,-1.921833009213804941e-02,8.072621651135106768e-01,-1.397970271748544269e-01,3.476595876123482476e-02,9.895696636945198188e-01,-7.618118478994788667e-01,0.000000000000000000e+00,0.000000000000000000e+00,0.000000000000000000e+00,1.000000000000000056e-01
9.821073772271566860e-01,-1.121550601036924028e-01,1.512823257658753584e-01,1.163139019414546560e+01,1.165746699431531169e-01,9.929674324833055454e-01,-2.064035743772020884e-02,9.153453113461448298e-01,-1.479035020668550970e-01,3.790673450257991961e-02,9.882750799022055332e-01,-8.543895748121776990e-01,0.000000000000000000e+00,0.000000000000000000e+00,0.000000000000000000e+00,1.000000000000000056e-01
9.803280333397013102e-01,-1.175993111041439554e-01,1.585160845975710220e-01,1.249515281736195860e+01,1.220873490946860207e-01,9.923404547479207638e-01,-1.884412539021585592e-02,1.047600209983448272e+00,-1.550858673101640217e-01,3.782623294118347274e-02,9.871765545545201359e-01,-9.810780503076763637e-01,0.000000000000000000e+00,0.000000000000000000e+00,0.000000000000000000e+00,1.000000000000000056e-01
9.784637642195055385e-01,-1.249653709232621951e-01,1.642933905530208349e-01,1.339978514159226997e+01,1.297145558867544013e-01,9.913795218439942492e-01,-1.846016412373753524e-02,1.173863718469470241e+00,-1.605702217115552721e-01,3.937384586733629066e-02,9.862387663041426444e-01,-1.122695920237051670e+00,0.000000000000000000e+00,0.000000000000000000e+00,0.000000000000000000e+00,1.000000000000000056e-01
9.776061754703881945e-01,-1.232994231106559063e-01,1.705386112959176581e-01,1.426954543044538681e+01,1.278731079641017565e-01,9.916605445658442930e-01,-1.605716696601025562e-02,1.303972611813944305e+00,-1.671365727235119836e-01,3.750488784082159355e-02,9.852201527812378679e-01,-1.255914616745260171e+00,0.000000000000000000e+00,0.000000000000000000e+00,0.000000000000000000e+00,1.000000000000000056e-01
9.731896923668227339e-01,-1.446410185842977869e-01,1.788317600815521047e-01,1.524294971044955638e+01,1.496727017141719629e-01,9.886233343138119967e-01,-1.489916815870197600e-02,1.537785076625954428e+00,-1.746422200744983111e-01,4.126594956059524699e-02,9.837668506177228434e-01,-1.418534198537843460e+00,0.000000000000000000e+00,0.000000000000000000e+00,0.000000000000000000e+00,1.000000000000000056e-01
9.715806480779841658e-01,-1.465260632042853228e-01,1.859063126475754280e-01,1.616699374711875947e+01,1.520561665277510299e-01,9.882460989813089958e-01,-1.576610507099286337e-02,1.701098588619280205e+00,-1.814110429418483161e-01,4.358624381704070960e-02,9.824409767760464707e-01,-1.580165407341133976e+00,0.000000000000000000e+00,0.000000000000000000e+00,0.000000000000000000e+00,1.000000000000000056e-01
9.684599529464568146e-01,-1.541462694425518309e-01,1.957657966956714846e-01,1.705036405498615437e+01,1.609669262749651719e-01,9.867706037975819688e-01,-1.932418501633254015e-02,1.860704302337092386e+00,-1.901971823780171100e-01,5.022651787551800362e-02,9.804602637116730524e-01,-1.739405383754439427e+00,0.000000000000000000e+00,0.000000000000000000e+00,0.000000000000000000e+00,1.000000000000000056e-01
9.658549840921440977e-01,-1.609912162542550818e-01,2.029925564973742436e-01,1.787866333637759908e+01,1.686786249136316973e-01,9.854465294026532041e-01,-2.103946732957211879e-02,1.999106512259522406e+00,-1.966511408601799848e-01,5.456157968059085345e-02,9.789542189607991496e-01,-1.893211290560475435e+00,0.000000000000000000e+00,0.000000000000000000e+00,0.000000000000000000e+00,1.000000000000000056e-01
9.634449195705000468e-01,-1.657116394061050046e-01,2.105078134396289880e-01,1.875234721666506132e+01,1.748825836939287837e-01,9.842566844686643224e-01,-2.559025203643385676e-02,2.143509100386510102e+00,-2.029531198930644709e-01,6.146894861711269670e-02,9.772571818521356146e-01,-2.068981011488541633e+00,0.000000000000000000e+00,0.000000000000000000e+00,0.000000000000000000e+00,1.000000000000000056e-01
9.602439300033611680e-01,-1.716651789513889970e-01,2.201423658165041208e-01,1.965402773426936633e+01,1.818226297447239070e-01,9.829719638485852062e-01,-2.658288171678831538e-02,2.315835104997928884e+00,-2.118304185059666500e-01,6.555291468152510403e-02,9.751054759216275514e-01,-2.252668389022872919e+00,0.000000000000000000e+00,0.000000000000000000e+00,0.000000000000000000e+00,1.000000000000000056e-01
9.575150273746052543e-01,-1.752363225110830369e-01,2.290353763605105231e-01,2.055103081068325821e+01,1.865139598268028276e-01,9.820422670725559300e-01,-2.838183349821742085e-02,2.473448161331094131e+00,-2.199488921125423713e-01,6.989432706440806831e-02,9.730042486560265269e-01,-2.448438600566179346e+00,0.000000000000000000e+00,0.000000000000000000e+00,0.000000000000000000e+00,1.000000000000000056e-01
9.555420784023510583e-01,-1.745792742870469760e-01,2.376161050769142746e-01,2.143102458627180340e+01,1.877407302108895781e-01,9.816384785939408220e-01,-3.375374888297759390e-02,2.663010483733955436e+00,-2.273604068926626809e-01,7.686334843851878873e-02,9.707725125097134145e-01,-2.642378444849790675e+00,0.000000000000000000e+00,0.000000000000000000e+00,0.000000000000000000e+00,1.000000000000000056e-01
9.526552447867252527e-01,-1.769721350959737038e-01,2.472424882173715477e-01,2.233478522877896566e+01,1.915407943399220492e-01,9.808252643366702772e-01,-3.597116821195314729e-02,2.871088521389475456e+00,-2.361357844206937728e-01,8.162514464595685415e-02,9.682857156219698558e-01,-2.849976593638926747e+00,0.000000000000000000e+00,0.000000000000000000e+00,0.000000000000000000e+00,1.000000000000000056e-01
9.510292000904834175e-01,-1.739314311079484532e-01,2.555216582757640076e-01,2.325134539530153432e+01,1.892574133157660099e-01,9.812499692056295686e-01,-3.647093965030565044e-02,3.071233320566908009e+00,-2.443871765872355772e-01,8.304429665360466006e-02,9.661151860482410925e-01,-3.063006627335066234e+00,0.000000000000000000e+00,0.000000000000000000e+00,0.000000000000000000e+00,1.000000000000000056e-01
9.507862358118086554e-01,-1.673649663342708649e-01,2.607575537443551639e-01,2.413063918281984499e+01,1.834456066088161197e-01,9.822787555338063914e-01,-3.842077358513354413e-02,3.254222227412494561e+00,-2.497063139104322982e-01,8.436477031845107666e-02,9.646394882661499803e-01,-3.281318221816499570e+00,0.000000000000000000e+00,0.000000000000000000e+00,0.000000000000000000e+00,1.000000000000000056e-01
9.493312559010494978e-01,-1.702271399420765274e-01,2.641834351288452898e-01,2.503054765072787546e+01,1.875113086972652610e-01,9.813873003742877854e-01,-4.145450246603236966e-02,3.426766008181183043e+00,-2.522095868121888018e-01,8.889143654598051503e-02,9.635811521759943821e-01,-3.497506565645703613e+00,0.000000000000000000e+00,0.000000000000000000e+00,0.000000000000000000e+00,1.000000000000000056e-01
9.497070372928393400e-01,-1.694614626778356004e-01,2.633236715214680723e-01,2.590245207709935471e+01,1.871805335428126937e-01,9.813603382138590403e-01,-4.353543893666608766e-02,3.609879252763947388e+00,-2.510378281834939607e-01,9.063497805962519860e-02,9.637247063207655673e-01,-3.726757919490819138e+00,0.000000000000000000e+00,0.000000000000000000e+00,0.000000000000000000e+00,1.000000000000000056e-01
9.476460294161956899e-01,-1.699935298679603468e-01,2.703131567918026223e-01,2.679495870698515958e+01,1.896412390789629643e-01,9.806741142840446068e-01,-4.810906373855361462e-02,3.791229887071441151e+00,-2.569108860525656790e-01,9.685288522411444889e-02,9.615697141920860336e-01,-3.952218095090644923e+00,0.000000000000000000e+00,0.000000000000000000e+00,0.000000000000000000e+00,1.000000000000000056e-01
9.458616251227418559e-01,-1.708232805286395428e-01,2.759804213157147634e-01,2.770743205244099272e+01,1.922078429066733651e-01,9.799659453611534454e-01,-5.218132862992687360e-02,3.955070489714528126e+00,-2.615376287369166608e-01,1.024019177645349304e-01,9.597457559128960147e-01,-4.192235848866975090e+00,0.000000000000000000e+00,0.000000000000000000e+00,0.000000000000000000e+00,1.000000000000000056e-01
9.424929961398333944e-01,-1.714134252953806170e-01,2.869222714532019824e-01,2.865076239093433230e+01,1.951779708705682070e-01,9.791587535469298276e-01,-5.615776917996552486e-02,4.143968126276658559e+00,-2.713162581088858771e-01,1.089292108707652224e-01,9.563063918561167664e-01,-4.445829935758017548e+00,0.000000000000000000e+00,0.000000000000000000e+00,0.000000000000000000e+00,1.000000000000000056e-01
9.393367031636989939e-01,-1.726172150604148303e-01,2.963947623598287007e-01,2.955950424622796646e+01,1.990943204456706028e-01,9.780574054328908806e-01,-6.136092603732715145e-02,4.323627810834868690e+00,-2.792991400914607847e-01,1.166490837626605881e-01,9.530923258538505083e-01,-4.700229464634856136e+00,0.000000000000000000e+00,0.000000000000000000e+00,0.000000000000000000e+00,1.000000000000000056e-01
9.362953487918390660e-01,-1.719021190402454380e-01,3.062689688823236889e-01,3.044074173406671591e+01,2.014704099261538928e-01,9.771693604981014358e-01,-6.745157394693612751e-02,4.498558928988118488e+00,-2.876815839690750609e-01,1.248587296635872979e-01,9.495523176064809556e-01,-4.942274390056547340e+00,0.000000000000000000e+00,0.000000000000000000e+00,0.000000000000000000e+00,1.000000000000000056e-01
9.356522562593758696e-01,-1.752464156713339216e-01,3.063389448814650140e-01,3.135610545397325311e+01,2.064251225869722095e-01,9.757899541955817879e-01,-7.226779404366706627e-02,4.678178174973805170e+00,-2.862577931195808278e-01,1.308535788021651103e-01,9.491753351162117713e-01,-5.210057679279938903e+00,0.000000000000000000e+00,0.000000000000000000e+00,0.000000000000000000e+00,1.000000000000000056e-01
9.345970750743420874e-01,-1.799399232624531719e-01,3.068386078686760055e-01,3.230279038548852100e+01,2.117890506481344692e-01,9.745412924710831204e-01,-7.358442290561739707e-02,4.879789435600902614e+00,-2.857861180814186275e-01,1.337568438813255267e-01,9.489127470040963352e-01,-5.497260505157206545e+00,0.000000000000000000e+00,0.000000000000000000e+00,0.000000000000000000e+00,1.000000000000000056e-01
9.318330200775027938e-01,-1.818196820170610295e-01,3.140522662304079393e-01,3.322620335497776267e+01,2.154517720522360624e-01,9.735821094031749112e-01,-7.562017038869756069e-02,5.106375334472852856e+00,-2.920064324852991167e-01,1.381284890284374123e-01,9.463893299831360739e-01,-5.786285567280381237e+00,0.000000000000000000e+00,0.000000000000000000e+00,0.000000000000000000e+00,1.000000000000000056e-01
9.300529747050391149e-01,-1.853657068068384761e-01,3.172396869597323699e-01,3.415242479921577257e+01,2.201067746557278382e-01,9.724246851826815474e-01,-7.709240817366760923e-02,5.321657346475434203e+00,-2.942014139887170199e-01,1.415266278385940713e-01,9.452067189877966236e-01,-6.053119520618567506e+00,0.000000000000000000e+00,0.000000000000000000e+00,0.000000000000000000e+00,1.000000000000000056e-01
9.285059139657934058e-01,-1.884764932797468040e-01,3.199271467248695489e-01,3.505520379651731844e+01,2.239668657430027299e-01,9.714965027293157585e-01,-7.767488805247350914e-02,5.550515331070085878e+00,-2.961682136553522859e-01,1.437746732414234008e-01,9.442527376473522915e-01,-6.328197084425932317e+00,0.000000000000000000e+00,0.000000000000000000e+00,0.000000000000000000e+00,1.000000000000000056e-01
9.260564235672934519e-01,-1.904946826293218709e-01,3.257779554538760003e-01,3.597366498512557342e+01,2.272327907530648783e-01,9.706846771035501087e-01,-7.833592051511605037e-02,5.764981402666364829e+00,-3.013050931801974919e-01,1.465709163726920394e-01,9.421954188475667458e-01,-6.616537515935689839e+00,0.000000000000000000e+00,0.000000000000000000e+00,0.000000000000000000e+00,1.000000000000000056e-01
9.238458876798011365e-01,-1.933728533686560336e-01,3.303266798143689176e-01,3.691624790988060312e+01,2.322691914504490807e-01,9.691674334299537064e-01,-8.225271230634867425e-02,5.997375358462012862e+00,-3.042364187931402286e-01,1.527135408497248270e-01,9.402759041478541135e-01,-6.922102053622631423e+00,0.000000000000000000e+00,0.000000000000000000e+00,0.000000000000000000e+00,1.000000000000000056e-01
9.207594108872022565e-01,-1.979388711054106686e-01,3.361879096103367326e-01,3.785483827345324670e+01,2.372616413147723147e-01,9.681636386003060757e-01,-7.978773372415272347e-02,6.229549042535672321e+00,-3.096918158803565468e-01,1.532298019242065990e-01,9.384090829584909033e-01,-7.198115263528640284e+00,0.000000000000000000e+00,0.000000000000000000e+00,0.000000000000000000e+00,1.000000000000000056e-01
9.185460287175856164e-01,-2.018975253462191310e-01,3.398684780708933206e-01,3.879120929998034484e+01,2.415323870948180573e-01,9.672371662788332713e-01,-7.819443812172073571e-02,6.467892902073613115e+00,-3.129461600841771385e-01,1.539144354112552127e-01,9.372166491588821424e-01,-7.505931547086203359e+00,0.000000000000000000e+00,0.000000000000000000e+00,0.000000000000000000e+00,1.000000000000000056e-01
9.159055643726117246e-01,-2.069414115693090084e-01,3.439364030296727104e-01,3.973097129422504281e+01,2.489031789193019706e-01,9.650352354236585439e-01,-8.218395168565351128e-02,6.725158269119279275e+00,-3.149034846983334579e-01,1.608796027111756843e-01,9.353895171298108879e-01,-7.799579649288258310e+00,0.000000000000000000e+00,0.000000000000000000e+00,0.000000000000000000e+00,1.000000000000000056e-01
9.139112450670677790e-01,-2.132455532972258316e-01,3.453875651191311569e-01,4.066020920063240141e+01,2.556917023146852985e-01,9.632891146863015175e-01,-8.182808133092063507e-02,6.979355966383574916e+00,-3.152586073486025597e-01,1.630963381742258078e-01,9.348858726961158938e-01,-8.089605051372846134e+00,0.000000000000000000e+00,0.000000000000000000e+00,0.000000000000000000e+00,1.000000000000000056e-01
9.134059877206461842e-01,-2.149018810648901379e-01,3.456973866126885064e-01,4.161139712579144145e+01,2.582830239551190399e-01,9.623957906592121025e-01,-8.416781842265735891e-02,7.246756409941739641e+00,-3.146098872137845226e-01,1.661671557083463924e-01,9.345635854403530063e-01,-8.404796372202623544e+00,0.000000000000000000e+00,0.000000000000000000e+00,0.000000000000000000e+00,1.000000000000000056e-01
9.119608369971532458e-01,-2.185526333643763586e-01,3.472206477629868338e-01,4.258699694790199430e+01,2.627171807665628078e-01,9.611166180660368763e-01,-8.505603686613290304e-02,7.501999122296930445e+00,-3.151303138600297093e-01,1.687886042563309097e-01,9.339182471499735128e-01,-8.722298551992112792e+00,0.000000000000000000e+00,0.000000000000000000e+00,0.000000000000000000e+00,1.000000000000000056e-01
9.092945088066539672e-01,-2.212220740625104876e-01,3.524830353386486648e-01,4.354085276116079228e+01,2.680898617596566558e-01,9.592210985703384374e-01,-8.956958233240365497e-02,7.788959071554595326e+00,-3.182943956084588466e-01,1.759422575875226324e-01,9.315218729150978039e-01,-9.028670993982169435e+00,0.000000000000000000e+00,0.000000000000000000e+00,0.000000000000000000e+00,1.000000000000000056e-01
9.081024410724692908e-01,-2.194463252820791910e-01,3.566416504538053589e-01,4.446121016849713214e+01,2.677003657539452353e-01,9.591518771654226061e-01,-9.145594953446165021e-02,8.053741840190486556e+00,-3.220038364576209844e-01,1.785244712924195787e-01,9.297540225545333215e-01,-9.337980720062120099e+00,0.000000000000000000e+00,0.000000000000000000e+00,0.000000000000000000e+00,1.000000000000000056e-01
9.045801247948301871e-01,-2.331080985618308177e-01,3.569249391833768659e-01,4.527317663047223562e+01,2.829116761559017368e-01,9.545707422352568416e-01,-9.357179897324295614e-02,8.306251246708557190e+00,-3.188977599808874297e-01,1.856214223987052714e-01,9.294347240263050036e-01,-9.607974453735339537e+00,0.000000000000000000e+00,0.000000000000000000e+00,0.000000000000000000e+00,1.000000000000000056e-01
9.049346983937973654e-01,-2.353304112608420873e-01,3.545599937651313094e-01,4.613212434221537706e+01,2.860765916304585099e-01,9.532376723180252531e-01,-9.745831824330332405e-02,8.566017091214551016e+00,-3.150450370407807399e-01,1.896247283703157982e-01,9.299403674572134237e-01,-9.904450598765905056e+00,0.000000000000000000e+00,0.000000000000000000e+00,0.000000000000000000e+00,1.000000000000000056e-01
9.042420256059819916e-01,-2.362165118700123578e-01,3.557360238265936947e-01,4.697377764459330507e+01,2.881824478354387820e-01,9.523223075843758600e-01,-1.001653594649565271e-01,8.834488296299909393e+00,-3.151146392784142658e-01,1.930906056677373361e-01,9.292033050497082725e-01,-1.019233968639674792e+01,0.000000000000000000e+00,0.000000000000000000e+00,0.000000000000000000e+00,1.000000000000000056e-01
9.014407859191200245e-01,-2.391390121277592595e-01,3.608559856231826624e-01,4.781574634745052776e+01,2.927892963484544087e-01,9.507942168882235201e-01,-1.013152756285384259e-01,9.129446403451737524e+00,-3.188713493327617332e-01,1.969844918019415525e-01,9.271020292094256376e-01,-1.048084551207755766e+01,0.000000000000000000e+00,0.000000000000000000e+00,0.000000000000000000e+00,1.000000000000000056e-01
9.004727252652544589e-01,-2.366882522988127402e-01,3.648664718456592349e-01,4.870357381116567552e+01,2.932201569888843729e-01,9.499939705037432347e-01,-1.073936475865637785e-01,9.431148283229749296e+00,-3.212021335370917052e-01,2.036912546730139661e-01,9.248454261015479627e-01,-1.077856597300513819e+01,0.000000000000000000e+00,0.000000000000000000e+00,0.000000000000000000e+00,1.000000000000000056e-01
8.976067158815823621e-01,-2.376174429767777541e-01,3.712682781998186687e-01,4.952546700121538947e+01,2.973726021133873409e-01,9.481558068685851381e-01,-1.121164636157212097e-01,9.697126793327234040e+00,-3.253793464812928526e-01,2.110415046728015276e-01,9.217319372728964844e-01,-1.106944866022408469e+01,0.000000000000000000e+00,0.000000000000000000e+00,0.000000000000000000e+00,1.000000000000000056e-01
8.962990082840123218e-01,-2.415577086414990582e-01,3.718843383969869798e-01,5.038181340229535010e+01,3.033032451307734467e-01,9.457191127319403146e-01,-1.167154715821921152e-01,1.000681598216839419e+01,-3.235046046692968691e-01,2.174056880796364777e-01,9.209123397741946215e-01,-1.136052185323637609e+01,0.000000000000000000e+00,0.000000000000000000e+00,0.000000000000000000e+00,1.000000000000000056e-01
8.957210050484510910e-01,-2.429248093427048838e-01,3.723861142964424720e-01,5.129590923076530373e+01,3.058898485600808348e-01,9.445226299595932407e-01,-1.196177329751074436e-01,1.031647242211843363e+01,-3.226689970587249268e-01,2.210532481100962177e-01,9.203369925397396623e-01,-1.164550821612577813e+01,0.000000000000000000e+00,0.000000000000000000e+00,0.000000000000000000e+00,1.000000000000000056e-01
8.930120052967300825e-01,-2.482953857023658673e-01,3.753384603725368196e-01,5.216955585746870128e+01,3.132544725271902974e-01,9.417608734622340272e-01,-1.223032814660420520e-01,1.063874990324259429e+01,-3.231117358401344175e-01,2.267947500595273447e-01,9.187834061996394963e-01,-1.195041444336191461e+01,0.000000000000000000e+00,0.000000000000000000e+00,0.000000000000000000e+00,1.000000000000000056e-01
8.908061259851416391e-01,-2.504683618754183771e-01,3.791174562148101335e-01,5.301369727571934476e+01,3.172010188350358750e-01,9.401940460167537150e-01,-1.241719351732168131e-01,1.094157485803068397e+01,-3.253428338804455477e-01,2.308695638972162734e-01,9.169794353793054853e-01,-1.224023732303188439e+01,0.000000000000000000e+00,0.000000000000000000e+00,0.000000000000000000e+00,1.000000000000000056e-01
8.872972944442116816e-01,-2.528678081794628052e-01,3.856959720537618819e-01,5.386615735466701693e+01,3.217744257270463426e-01,9.385386345625791327e-01,-1.249257794910202252e-01,1.123032115011411314e+01,-3.304008629226192206e-01,2.349534060615505737e-01,9.141291849405447367e-01,-1.252540772760727883e+01,0.000000000000000000e+00,0.000000000000000000e+00,0.000000000000000000e+00,1.000000000000000056e-01
8.860499429195247689e-01,-2.584637398208687875e-01,3.848532107831726945e-01,5.470285151930096390e+01,3.256917770358354058e-01,9.378292234303977626e-01,-1.200050584399545289e-01,1.156962154071009330e+01,-3.299096316016654207e-01,2.316740012986943653e-01,9.151430446103526739e-01,-1.281681419189067483e+01,0.000000000000000000e+00,0.000000000000000000e+00,0.000000000000000000e+00,1.000000000000000056e-01
8.858447247628263854e-01,-2.630078323521904959e-01,3.822381505439698124e-01,5.552832460900815903e+01,3.312650656203521837e-01,9.353364678422004808e-01,-1.241335902325398921e-01,1.186956064978954650e+01,-3.248731751151766600e-01,2.365852320959159760e-01,9.156881827591232259e-01,-1.310550860181946398e+01,0.000000000000000000e+00,0.000000000000000000e+00,0.000000000000000000e+00,1.000000000000000056e-01
8.857402573220913844e-01,-2.690320707939489742e-01,3.782670239966932080e-01,5.634945744070240181e+01,3.363947303409982048e-01,9.335580135289488490e-01,-1.237255865805049204e-01,1.219141746115809077e+01,-3.198480607379109442e-01,2.368357664294026277e-01,9.173908860360424633e-01,-1.337625286112858625e+01,0.000000000000000000e+00,0.000000000000000000e+00,0.000000000000000000e+00,1.000000000000000056e-01
8.864229984998444056e-01,-2.713268312587632791e-01,3.750146908717357230e-01,5.719376602428922496e+01,3.401831125826511593e-01,9.312887188432675822e-01,-1.302949426065520278e-01,1.251963412553719301e+01,-3.138944371028646318e-01,2.430700985196327657e-01,9.178165446109215475e-01,-1.367626351756971914e+01,0.000000000000000000e+00,0.000000000000000000e+00,0.000000000000000000e+00,1.000000000000000056e-01
8.862300954795494512e-01,-2.754017673718256454e-01,3.724917239279062486e-01,5.802797238580729555e+01,3.435881178928583690e-01,9.301089210801117835e-01,-1.297867488229583754e-01,1.284280259336387608e+01,-3.107143754465698238e-01,2.430046531564062362e-01,9.189152928508604878e-01,-1.396812291185484511e+01,0.000000000000000000e+00,0.000000000000000000e+00,0.000000000000000000e+00,1.000000000000000056e-01
8.830418534532540331e-01,-2.796126128355387319e-01,3.769003472976975022e-01,5.889696540480927922e+01,3.492034445170134616e-01,9.280319077644505477e-01,-1.296677774488613766e-01,1.318389817433963174e+01,-3.135188022867129165e-01,2.461169740476211731e-01,9.171327034286519408e-01,-1.423878065827351591e+01,0.000000000000000000e+00,0.000000000000000000e+00,0.000000000000000000e+00,1.000000000000000056e-01
8.818903883424105139e-01,-2.831561786035064476e-01,3.769508210203705856e-01,5.972060939451753114e+01,3.540846679624029547e-01,9.257038015231665584e-01,-1.330282667688063025e-01,1.351843976304017048e+01,-3.112770323413328599e-01,2.507888561404134631e-01,9.166305464976365336e-01,-1.450210042055119253e+01,0.000000000000000000e+00,0.000000000000000000e+00,0.000000000000000000e+00,1.000000000000000056e-01
8.810082054092520654e-01,-2.881106687691624701e-01,3.752556255980114552e-01,6.046257402937088443e+01,3.594594553279060190e-01,9.233429906661779762e-01,-1.350060056553167853e-01,1.381770603622927673e+01,-3.075929810267688524e-01,2.538305815480558225e-01,9.170368552539431839e-01,-1.475662149985755711e+01,0.000000000000000000e+00,0.000000000000000000e+00,0.000000000000000000e+00,1.000000000000000056e-01
8.791413733175449385e-01,-2.947088641987575253e-01,3.745091869153805431e-01,6.119628501917880214e+01,3.664605838370778024e-01,9.204514171219195795e-01,-1.359258224622460487e-01,1.412084839254564450e+01,-3.046589670683093609e-01,2.567408695181354061e-01,9.172061053568835165e-01,-1.500407693135221265e+01,0.000000000000000000e+00,0.000000000000000000e+00,0.000000000000000000e+00,1.000000000000000056e-01
8.792191672277095416e-01,-2.964451993283555575e-01,3.729529457915362611e-01,6.190969700399197961e+01,3.690786600202957679e-01,9.188323049296949208e-01,-1.397431148042973248e-01,1.442370910409646356e+01,-3.012550392890316342e-01,2.605137985074026385e-01,9.172665708997621570e-01,-1.524563113988540053e+01,0.000000000000000000e+00,0.000000000000000000e+00,0.000000000000000000e+00,1.000000000000000056e-01
8.788984430433799400e-01,-3.017147800007313752e-01,3.694668027645149344e-01,6.262963308896896564e+01,3.750116220717689686e-01,9.157219830144904815e-01,-1.442897540891590058e-01,1.472659484906937344e+01,-2.947945218741750972e-01,2.653703852224650328e-01,9.179731741831331782e-01,-1.548518763508829998e+01,0.000000000000000000e+00,0.000000000000000000e+00,0.000000000000000000e+00,1.000000000000000056e-01
8.770214612350601957e-01,-3.051844870190139059e-01,3.710738274468587949e-01,6.330709479509924620e+01,3.795854304728095707e-01,9.136023479986735696e-01,-1.457588786458047792e-01,1.502258854209786954e+01,-2.945305714283181775e-01,2.686878832665364203e-01,9.170924511083146102e-01,-1.570315431232227610e+01,0.000000000000000000e+00,0.000000000000000000e+00,0.000000000000000000e+00,1.000000000000000056e-01
8.750899774367827400e-01,-3.107477034807271110e-01,3.710167060539797390e-01,6.399330524655827901e+01,3.857902500159227088e-01,9.107836905625893431e-01,-1.471018422652867752e-01,1.533503610420951979e+01,-2.922044051384971031e-01,2.718619756174879276e-01,9.169011134419096098e-01,-1.591789246497267385e+01,0.000000000000000000e+00,0.000000000000000000e+00,0.000000000000000000e+00,1.000000000000000056e-01
8.711688617051456252e-01,-3.170520997352682668e-01,3.748903579032386579e-01,6.466207270769143634e+01,3.943969819727950465e-01,9.066620016808736304e-01,-1.497165165196623626e-01,1.562465126586838338e+01,-2.924309063798006258e-01,2.782839930026321795e-01,9.149000952193628855e-01,-1.612855205886125276e+01,0.000000000000000000e+00,0.000000000000000000e+00,0.000000000000000000e+00,1.000000000000000056e-01
8.705634999888611780e-01,-3.202284408022761375e-01,3.735946174511717288e-01,6.528260431165007560e+01,3.977540694142031596e-01,9.049514705336159093e-01,-1.511771683935357324e-01,1.591131175196466430e+01,-2.896737695263165158e-01,2.802081042375278996e-01,9.151898849790819357e-01,-1.631536882690027568e+01,0.000000000000000000e+00,0.000000000000000000e+00,0.000000000000000000e+00,1.000000000000000056e-01
8.709171255752079510e-01,-3.266218741483918331e-01,3.671804892796042274e-01,6.587246546064037034e+01,4.022331261142521042e-01,9.030375640767721590e-01,-1.507702560939852554e-01,1.618902766535076410e+01,-2.823329110043206747e-01,2.790005541107074549e-01,9.178490170881834498e-01,-1.648993486188645363e+01,0.000000000000000000e+00,0.000000000000000000e+00,0.000000000000000000e+00,1.000000000000000056e-01
8.727378903476596950e-01,-3.272040212583833818e-01,3.623066425334481866e-01,6.646400270154887835e+01,4.030291798833077199e-01,9.017092616295538932e-01,-1.564860621719170175e-01,1.645130510371189914e+01,-2.754923863087776481e-01,2.825914647752618691e-01,9.188286070438094200e-01,-1.667101970525284926e+01,0.000000000000000000e+00,0.000000000000000000e+00,0.000000000000000000e+00,1.000000000000000056e-01
8.737982551309312340e-01,-3.283817307714025913e-01,3.586670436849726529e-01,6.710839218531634742e+01,4.042141031735893564e-01,9.005099924848067872e-01,-1.602894638788964210e-01,1.675362364965052109e+01,-2.703471252403303882e-01,2.850389312542959130e-01,9.196005869635457408e-01,-1.686120986966463065e+01,0.000000000000000000e+00,0.000000000000000000e+00,0.000000000000000000e+00,1.000000000000000056e-01
8.736702116884476066e-01,-3.325900696339924578e-01,3.550833800519521688e-01,6.771806553040870824e+01,4.078203692185319862e-01,8.986249081791384263e-01,-1.617276131354666580e-01,1.703729820849768117e+01,-2.652977716806593778e-01,2.861068331600820080e-01,9.207388187539318203e-01,-1.704532381013729392e+01,0.000000000000000000e+00,0.000000000000000000e+00,0.000000000000000000e+00,1.000000000000000056e-01
8.718611011582357850e-01,-3.358844570850411659e-01,3.564265026282919524e-01,6.831332960194647796e+01,4.117527892002002532e-01,8.967590492425466797e-01,-1.621198574742133136e-01,1.732228901546556443e+01,-2.651751513113627667e-01,2.881056040591555845e-01,9.201506941999799682e-01,-1.721272441518906149e+01,0.000000000000000000e+00,0.000000000000000000e+00,0.000000000000000000e+00,1.000000000000000056e-01
8.697843818147587003e-01,-3.431972911568449414e-01,3.545289106599375240e-01,6.886067101951509528e+01,4.196305857127775596e-01,8.924688095685857636e-01,-1.655584352474454291e-01,1.756534181168184361e+01,-2.595867883492327666e-01,2.927713156882606471e-01,9.202715121227514894e-01,-1.737657614852156129e+01,0.000000000000000000e+00,0.000000000000000000e+00,0.000000000000000000e+00,1.000000000000000056e-01
8.686181510978239206e-01,-3.500613015463747701e-01,3.506559463962589107e-01,6.936393421432964601e+01,4.265876296972712090e-01,8.883517699763954223e-01,-1.698650257382877671e-01,1.779426150256653116e+01,-2.520426586367112143e-01,2.971333336054092777e-01,9.209702928367856645e-01,-1.750272017872905295e+01,0.000000000000000000e+00,0.000000000000000000e+00,0.000000000000000000e+00,1.000000000000000056e-01
8.695504394549025129e-01,-3.499037067257947942e-01,3.484959530085462998e-01,6.990760956574361273e+01,4.284174280718914818e-01,8.854914560128206436e-01,-1.798982730671993546e-01,1.803906574374358840e+01,-2.456431162643309130e-01,3.057323622841454092e-01,9.198843308177960809e-01,-1.765186800551202495e+01,0.000000000000000000e+00,0.000000000000000000e+00,0.000000000000000000e+00,1.000000000000000056e-01
8.714495223065839014e-01,-3.486025606745294381e-01,3.450391061355043143e-01,7.045211054772241255e+01,4.281197510356786751e-01,8.838962136924233270e-01,-1.882577015512155449e-01,1.828480891145727583e+01,-2.393516426615353576e-01,3.117751403036473912e-01,9.195145746772400708e-01,-1.779128925997509114e+01,0.000000000000000000e+00,0.000000000000000000e+00,0.000000000000000000e+00,1.000000000000000056e-01
8.728489813048633250e-01,-3.505059461803707310e-01,3.395294354356709343e-01,7.096138316253902190e+01,4.286038938913893648e-01,8.832902152803818741e-01,-1.899923622966861736e-01,1.853219047362821925e+01,-2.333095754061564886e-01,3.113582780048406717e-01,9.212071779690274020e-01,-1.792004655324489804e+01,0.000000000000000000e+00,0.000000000000000000e+00,0.000000000000000000e+00,1.000000000000000056e-01
8.744407997419609835e-01,-3.494540890030928826e-01,3.365042754938754599e-01,7.146074416926907702e+01,4.256426969973414187e-01,8.854538363163030334e-01,-1.865470403023619106e-01,1.879907030660944756e+01,-2.327693756478050324e-01,3.063549304838427134e-01,9.230195416830409005e-01,-1.805011291921486105e+01,0.000000000000000000e+00,0.000000000000000000e+00,0.000000000000000000e+00,1.000000000000000056e-01
8.745957806931130563e-01,-3.469391402569398375e-01,3.386966981704716551e-01,7.195363634213784110e+01,4.250617535685903281e-01,8.847012171972405969e-01,-1.913798890764540073e-01,1.901579396881027861e+01,-2.332482069534492775e-01,3.113470559480149280e-01,9.212265110739619178e-01,-1.818150276610664307e+01,0.000000000000000000e+00,0.000000000000000000e+00,0.000000000000000000e+00,1.000000000000000056e-01
8.756474984867966826e-01,-3.443644680296576999e-01,3.386068096664127669e-01,7.248090819528211171e+01,4.235566112613915468e-01,8.844458077339580893e-01,-1.958453732887069920e-01,1.924647192787593042e+01,-2.320371854909937248e-01,3.149106640628059894e-01,9.203206062068483018e-01,-1.830526766619906454e+01,0.000000000000000000e+00,0.000000000000000000e+00,0.000000000000000000e+00,1.000000000000000056e-01
8.766573053792265924e-01,-3.405430813153687009e-01,3.398564089339315974e-01,7.298068504043176574e+01,4.206152667393174838e-01,8.854222718427671168e-01,-1.977629841770340846e-01,1.945298511243011674e+01,-2.335696176968365401e-01,3.163191589092054778e-01,9.194495219401260799e-01,-1.843309124347221939e+01,0.000000000000000000e+00,0.000000000000000000e+00,0.000000000000000000e+00,1.000000000000000056e-01
8.805328759269077654e-01,-3.354566861790521104e-01,3.348591735486097787e-01,7.343478612134484251e+01,4.143369681593879195e-01,8.878580659817869591e-01,-2.000823117808449569e-01,1.967378572308818363e+01,-2.301884689300821019e-01,3.149235881429808814e-01,9.207803225540687198e-01,-1.853543255527109324e+01,0.000000000000000000e+00,0.000000000000000000e+00,0.000000000000000000e+00,1.000000000000000056e-01
8.855497228186718361e-01,-3.284306982561228105e-01,3.285345717862416248e-01,7.388931238039143068e+01,4.053748814396891387e-01,8.917291729507622611e-01,-2.012219858919684079e-01,1.989959743457962915e+01,-2.268763846536952511e-01,3.113717369183420236e-01,9.228080773026010597e-01,-1.864743556694328319e+01,0.000000000000000000e+00,0.000000000000000000e+00,0.000000000000000000e+00,1.000000000000000056e-01
8.930974740969146453e-01,-3.132536093233656560e-01,3.228762580426054463e-01,7.434353665170884540e+01,3.879020979332985508e-01,8.997291011627450708e-01,-2.000487614053748642e-01,2.008411868354776786e+01,-2.278351688845614564e-01,3.039074213749363151e-01,9.250575198616463046e-01,-1.876513926923114539e+01,0.000000000000000000e+00,0.000000000000000000e+00,0.000000000000000000e+00,1.000000000000000056e-01
8.978965608532469833e-01,-3.006741777171536012e-01,3.215226350694845303e-01,7.481548077524310258e+01,3.759376971850040827e-01,9.037504411032318830e-01,-2.047095211292085937e-01,2.025938430374464971e+01,-2.290253563323230157e-01,3.046804540167079578e-01,9.245091709101782573e-01,-1.886915838021594993e+01,0.000000000000000000e+00,0.000000000000000000e+00,0.000000000000000000e+00,1.000000000000000056e-01
9.044422045998086190e-01,-2.803621796830018109e-01,3.215296980716310649e-01,7.528040366689381813e+01,3.571053649390009133e-01,9.098919886045933048e-01,-2.111215938859915819e-01,2.043493107375893203e+01,-2.333667861338047655e-01,3.057672599814682535e-01,9.230635546120343760e-01,-1.898957018702949995e+01,0.000000000000000000e+00,0.000000000000000000e+00,0.000000000000000000e+00,1.000000000000000056e-01
9.114061417059476922e-01,-2.576409891726180734e-01,3.208737533031222888e-01,7.572721796850072451e+01,3.350326404170312355e-01,9.173336703884333865e-01,-2.150629373622461038e-01,2.062871620058005462e+01,-2.389392699324879576e-01,3.035128627749407726e-01,9.223816820678355510e-01,-1.908737753316834329e+01,0.000000000000000000e+00,0.000000000000000000e+00,0.000000000000000000e+00,1.000000000000000056e-01
9.196242352491138528e-01,-2.310231961431282732e-01,3.176783731800076893e-01,7.615790794874928338e+01,3.089156859456172466e-01,9.249019276231087439e-01,-2.216472947179964070e-01,2.073139794591446261e+01,-2.426156732761329815e-01,3.019680564610622286e-01,9.219289169767359571e-01,-1.921654259525339725e+01,0.000000000000000000e+00,0.000000000000000000e+00,0.000000000000000000e+00,1.000000000000000056e-01
