1.000000000000000000e+00,-2.035446636455058692e-12,1.341074593034191791e-12,1.423249132956973363e-19,2.035446636455519942e-12,1.000000000000000000e+00,-3.442366277944041998e-13,4.643607255757893060e-19,-1.341074593033491030e-12,3.442366277971338352e-13,1.000000000000000000e+00,-4.207716744561741087e-19,0.000000000000000000e+00,0.000000000000000000e+00,0.000000000000000000e+00,1.000000000000000056e-01
9.999920394271660795e-01,-3.985993820801679403e-03,-1.814815627982035680e-04,6.556251883694286242e-01,3.985445462279112346e-03,9.999877719912886320e-01,-2.927813581109963564e-03,7.032285176506913350e-03,1.931495904828362550e-04,2.927066989165765659e-03,9.999956974767824081e-01,2.038978798332313335e-03,0.000000000000000000e+00,0.000000000000000000e+00,0.000000000000000000e+00,1.000000000000000056e-01
9.999535737826155124e-01,-9.343745548698283512e-03,-2.354718347591933103e-03,1.325919250076847300e+00,9.340468061303406136e-03,9.999553981553580551e-01,-1.399055522540467670e-03,9.436066858573986110e-03,2.367685741621137346e-03,1.376996398165597837e-03,9.999962489655390696e-01,6.223897808343273330e-03,0.000000000000000000e+00,0.000000000000000000e+00,0.000000000000000000e+00,1.000000000000000056e-01
9.998859140129682244e-01,-1.492761601020231241e-02,-2.307647872406174989e-03,2.043405714875517809e+00,1.492590832747429236e-02,9.998883170261568809e-01,-7.554701843139976060e-04,3.368718064303003390e-04,2.318667516247798367e-03,7.209402551567213732e-04,9.999970520087034798e-01,4.944353926267809271e-03,0.000000000000000000e+00,0.000000000000000000e+00,0.000000000000000000e+00,1.000000000000000056e-01
9.997912055252167196e-01,-1.996384807359620137e-02,-4.357766002004129398e-03,2.738281669530106210e+00,1.996508755309174196e-02,9.998006487021460220e-01,2.411094466837684631e-04,8.616383325466709167e-03,4.352083803333181740e-03,-3.280622841293818104e-04,9.999904758254982706e-01,1.026261885877559343e-02,0.000000000000000000e+00,0.000000000000000000e+00,0.000000000000000000e+00,1.000000000000000056e-01
9.996853579008638802e-01,-2.430566745460695233e-02,-6.198364962450864275e-03,3.444250288664862047e+00,2.430533375044485744e-02,9.997045733947189650e-01,-1.291702849355403433e-04,1.028840699923398196e-02,6.199673370522375097e-03,-2.152368659348962679e-05,9.999807816087415979e-01,2.508521040681765957e-02,0.000000000000000000e+00,0.000000000000000000e+00,0.000000000000000000e+00,1.000000000000000056e-01
9.995195608016474997e-01,-3.000862408703198689e-02,-7.754357180637607219e-03,4.165172511026034918e+00,3.000997411735283407e-02,9.995495976265394988e-01,5.777628189860542149e-05,4.504057712928855733e-02,7.749130813034146859e-03,-2.904565821956899582e-04,9.999699328512914320e-01,4.343223085698423580e-02,0.000000000000000000e+00,0.000000000000000000e+00,0.000000000000000000e+00,1.000000000000000056e-01
9.993676819672679956e-01,-3.450985464161963889e-02,-8.561902357758749416e-03,4.933997784844487811e+00,3.453924299237307038e-02,9.993978655593249716e-01,3.308626449025422155e-03,7.331526685499888119e-02,8.442566723652161070e-03,-3.602255970869730484e-03,9.999578725221562880e-01,5.544050910835914697e-02,0.000000000000000000e+00,0.000000000000000000e+00,0.000000000000000000e+00,1.000000000000000056e-01
9.992705692825210040e-01,-3.753672623627039157e-02,-7.023072635946580981e-03,5.704675161712739140e+00,3.756494478908867923e-02,9.992864599892402611e-01,3.930115159277323619e-03,1.090449620272556930e-01,6.870537735811552658e-03,-4.191069748376009124e-03,9.999676147983919128e-01,6.068922373501454276e-02,0.000000000000000000e+00,0.000000000000000000e+00,0.000000000000000000e+00,1.000000000000000056e-01
9.990769758288333691e-01,-4.263841446015298464e-02,-5.211715747910533429e-03,6.498387783388323236e+00,4.265944127400002339e-02,9.990816956012072980e-01,3.992190477257446732e-03,1.633548020374541720e-01,5.036709134240791551e-03,-4.210834470835807947e-03,9.999784499848766162e-01,7.182944305843133592e-02,0.000000000000000000e+00,0.000000000000000000e+00,0.000000000000000000e+00,1.000000000000000056e-01
9.988429795707528536e-01,-4.796941747116999222e-02,-3.411326676990870162e-03,7.323917715161508468e+00,4.797862151182753776e-02,9.988447957850465908e-01,2.669421464151676242e-03,1.980097794396979416e-01,3.279335305414633663e-03,-2.830003640471927435e-03,9.999906184756682803e-01,9.215569787736989371e-02,0.000000000000000000e+00,0.000000000000000000e+00,0.000000000000000000e+00,1.000000000000000056e-01
9.987639558861398648e-01,-4.962026120480255570e-02,-2.896567043254855492e-03,8.140520076795059623e+00,4.962936228491595519e-02,9.987627063927807525e-01,3.159543979851029642e-03,2.446872705570066198e-01,2.736205741801085202e-03,-3.299393419284495869e-03,9.999908135484062432e-01,1.071264647885267068e-01,0.000000000000000000e+00,0.000000000000000000e+00,0.000000000000000000e+00,1.000000000000000056e-01
9.986079714629938486e-01,-5.261778420121799443e-02,-3.672617093905541745e-03,8.987902886996595342e+00,5.262983567927975032e-02,9.986087499454305849e-01,3.265720256933496348e-03,2.951881782597072235e-01,3.495672601432360527e-03,-3.454463515307128630e-03,9.999879234045204734e-01,1.160402061582907346e-01,0.000000000000000000e+00,0.000000000000000000e+00,0.000000000000000000e+00,1.000000000000000056e-01
9.986186306959546899e-01,-5.243191652095421929e-02,-3.424114027910226885e-03,9.668653477167733712e+00,5.244945480845669694e-02,9.986097771762834086e-01,5.250487427770303417e-03,3.772053221885719454e-01,3.144060627930446092e-03,-5.422827479572185638e-03,9.999803537194591474e-01,1.338617654709673144e-01,0.000000000000000000e+00,0.000000000000000000e+00,0.000000000000000000e+00,1.000000000000000056e-01
9.983562640754053419e-01,-5.718135444538678669e-02,-3.881067532336531390e-03,1.042329491828617627e+01,5.720244980837496662e-02,9.983471092534423885e-01,5.561401011938881846e-03,4.408262880820429941e-01,3.556644109248956968e-03,-5.774266108025875692e-03,9.999770038023844121e-01,1.406740214197683136e-01,0.000000000000000000e+00,0.000000000000000000e+00,0.000000000000000000e+00,1.000000000000000056e-01
9.982160758340787865e-01,-5.953996920882453220e-02,-4.433735786538451837e-03,1.125049785862826113e+01,5.955786442749979454e-02,9.982167612489666331e-01,4.019744576348565669e-03,4.917078343529702744e-01,4.186493908768920691e-03,-4.276637491739998347e-03,9.999820916599037046e-01,1.619814346571797903e-01,0.000000000000000000e+00,0.000000000000000000e+00,0.000000000000000000e+00,1.000000000000000056e-01
9.980138848214191727e-01,-6.274607841383388063e-02,-5.587069656276602569e-03,1.214233491741585702e+01,6.277280575662781692e-02,9.980165668829261705e-01,4.744163220040239527e-03,5.561569820051600610e-01,5.278310439880274166e-03,-5.085456803741453084e-03,9.999731384232266596e-01,1.751626929578610214e-01,0.000000000000000000e+00,0.000000000000000000e+00,0.000000000000000000e+00,1.000000000000000056e-01
9.978754002554696134e-01,-6.475314784759396425e-02,-7.191342629433225900e-03,1.304138309642940463e+01,6.480366309681014070e-02,9.978732804312524518e-01,7.028616549940757546e-03,6.338110935107390542e-01,6.720923613715281894e-03,-7.479708897985871269e-03,9.999494402921479397e-01,1.884447428080893716e-01,0.000000000000000000e+00,0.000000000000000000e+00,0.000000000000000000e+00,1.000000000000000056e-01
9.980216727262453125e-01,-6.197922908894275273e-02,-1.055063648542776435e-02,1.391672880711891658e+01,6.208563714346029827e-02,9.980199684946465810e-01,1.007552214206725721e-02,6.963408486124368357e-01,9.905272797751182509e-03,-1.071063245028310712e-02,9.998935782988692678e-01,1.944696776931363613e-01,0.000000000000000000e+00,0.000000000000000000e+00,0.000000000000000000e+00,1.000000000000000056e-01
9.970357937700232709e-01,-7.655730442244078338e-02,-7.655395544929939448e-03,1.488514367799816718e+01,7.662934249145771093e-02,9.970133699294710938e-01,9.606458827608034198e-03,7.836463675849363320e-01,6.897087117506825980e-03,-1.016461122962323931e-02,9.999245525877660246e-01,2.066652453982883442e-01,0.000000000000000000e+00,0.000000000000000000e+00,0.000000000000000000e+00,1.000000000000000056e-01
9.966707239780663308e-01,-8.122773268439206773e-02,-7.037286976535428278e-03,1.584678437575928633e+01,8.128117487910127559e-02,9.966616730612403163e-01,7.673334414859732909e-03,8.795494408139598042e-01,6.390506655197704909e-03,-8.219786719998260424e-03,9.999457967964902050e-01,2.180149536793965226e-01,0.000000000000000000e+00,0.000000000000000000e+00,0.000000000000000000e+00,1.000000000000000056e-01
9.965330952769539952e-01,-8.295552186527198335e-02,-6.338091967916070768e-03,1.675517818552020799e+01,8.300307392223572889e-02,9.965199374765805196e-01,7.648786252209756852e-03,9.722464589701468318e-01,5.681525956400560948e-03,-8.148349755165268035e-03,9.999506611123741839e-01,2.368540106989898697e-01,0.000000000000000000e+00,0.000000000000000000e+00,0.000000000000000000e+00,1.000000000000000056e-01
9.963157011217412817e-01,-8.559469295498467467e-02,-5.345300387733693120e-03,1.764713364854331346e+01,8.563716384314976060e-02,9.962918308913820686e-01,8.298425633777898117e-03,1.060782510970069703e+00,4.615177915826622693e-03,-8.725608118619257794e-03,9.999512807611006249e-01,2.596987099593799364e-01,0.000000000000000000e+00,0.000000000000000000e+00,0.000000000000000000e+00,1.000000000000000056e-01
9.962618580794887491e-01,-8.620673379522446333e-02,-5.541586809206818127e-03,1.855631237229780695e+01,8.624742075061157809e-02,9.962449275484681621e-01,7.578043798664541204e-03,1.144956446350754442e+00,4.867499344801766957e-03,-8.027663564624983039e-03,9.999559310628751696e-01,2.633816714381584378e-01,0.000000000000000000e+00,0.000000000000000000e+00,0.000000000000000000e+00,1.000000000000000056e-01
9.960664210474323710e-01,-8.842104513049577064e-02,-5.779588202450211543e-03,1.949416256211314291e+01,8.844748716516302733e-02,9.960707151120682390e-01,4.491381780844009262e-03,1.229972974751991410e+00,5.359745882725560143e-03,-4.984904629359077945e-03,9.999732115661442711e-01,2.811656854567503583e-01,0.000000000000000000e+00,0.000000000000000000e+00,0.000000000000000000e+00,1.000000000000000056e-01
9.959246367561903623e-01,-9.009848120713020991e-02,-4.047417228157289271e-03,2.042570288912222765e+01,9.010870729495507048e-02,9.959289976454651638e-01,2.419197910683930277e-03,1.313231114370297936e+00,3.812974125599591715e-03,-2.774046334751811404e-03,9.999888828858299883e-01,2.993946385410343192e-01,0.000000000000000000e+00,0.000000000000000000e+00,0.000000000000000000e+00,1.000000000000000056e-01
9.960322463133211013e-01,-8.899240662584007033e-02,3.403923923958905367e-04,2.134854579498081151e+01,8.899112192857447368e-02,9.960285233190860898e-01,2.785848648873386936e-03,1.408912211450118912e+00,-5.869599077057174093e-04,-2.744503186731027909e-03,9.999960615824068366e-01,3.071857166831586938e-01,0.000000000000000000e+00,0.000000000000000000e+00,0.000000000000000000e+00,1.000000000000000056e-01
9.959162142172462984e-01,-9.023406466892416877e-02,2.950903677252642802e-03,2.229740226414996584e+01,9.023214513584820740e-02,9.959204563606719462e-01,7.775516279883724815e-04,1.502195084423675109e+00,-3.009026980809166672e-03,-5.081099048168677759e-04,9.999953437796365030e-01,3.168826880179713701e-01,0.000000000000000000e+00,0.000000000000000000e+00,0.000000000000000000e+00,1.000000000000000056e-01
9.959778331619645320e-01,-8.935171937876068560e-02,6.665290245531897695e-03,2.327495202188950074e+01,8.934940460018969688e-02,9.960001345689032393e-01,6.448537185319244171e-04,1.595583944948269384e+00,-6.696248769989183655e-03,-4.672029436413402013e-05,9.999775787834568330e-01,3.281504558190301846e-01,0.000000000000000000e+00,0.000000000000000000e+00,0.000000000000000000e+00,1.000000000000000056e-01
9.961567986126894647e-01,-8.722134528038555379e-02,8.004342896048295686e-03,2.420774951138713860e+01,8.723430317259300848e-02,9.961869948627909421e-01,-1.283595042753866641e-03,1.690830625106924723e+00,-7.861865409041456088e-03,1.976915203396077854e-03,9.999671408994240673e-01,3.389785640507518294e-01,0.000000000000000000e+00,0.000000000000000000e+00,0.000000000000000000e+00,1.000000000000000056e-01
9.962075236292675662e-01,-8.681808911436630916e-02,5.761012668979707818e-03,2.516499633359131494e+01,8.683569989906361752e-02,9.962184830756914966e-01,-2.880139129976366785e-03,1.769213563004465417e+00,-5.489179126422744082e-03,3.369477837619734920e-03,9.999792575506852854e-01,3.443871425428735589e-01,0.000000000000000000e+00,0.000000000000000000e+00,0.000000000000000000e+00,1.000000000000000056e-01
9.965003154766138849e-01,-8.358523492196197335e-02,7.935729640829478982e-04,2.610849281050738568e+01,8.358780839765485304e-02,9.964919125825548729e-01,-4.116605985355517409e-03,1.869323801440831989e+00,-4.467015623857282418e-04,4.168532187971015456e-03,9.999912118599403321e-01,3.469207220645417200e-01,0.000000000000000000e+00,0.000000000000000000e+00,0.000000000000000000e+00,1.000000000000000056e-01
9.965315951531451555e-01,-8.320833841317773483e-02,-1.073443080064742693e-03,2.706227993921110553e+01,8.320175872072421708e-02,9.965193630236186539e-01,-5.160083795801415421e-03,1.954136208569435817e+00,1.499068813109627257e-03,5.052874184005903130e-03,9.999861105311284026e-01,3.558439278218594737e-01,0.000000000000000000e+00,0.000000000000000000e+00,0.000000000000000000e+00,1.000000000000000056e-01
9.966194233730677476e-01,-8.213010170035703328e-02,2.090777420727852123e-03,2.804116017023663332e+01,8.214358215637052041e-02,9.965923716941180732e-01,-7.488430517305300071e-03,2.034820259957775601e+00,-1.468627268445339435e-03,7.634859250956334623e-03,9.999697755723242487e-01,3.634790117589700165e-01,0.000000000000000000e+00,0.000000000000000000e+00,0.000000000000000000e+00,1.000000000000000056e-01
9.966199007977807334e-01,-8.176287000781110037e-02,7.975363434197638851e-03,2.904250248277482171e+01,8.183325212344569333e-02,9.966059549812243956e-01,-8.938083847348156363e-03,2.110691282012205683e+00,-7.217491303931232102e-03,9.560522163953172337e-03,9.999282495435510842e-01,3.814055608767851213e-01,0.000000000000000000e+00,0.000000000000000000e+00,0.000000000000000000e+00,1.000000000000000056e-01
9.967559873789160196e-01,-7.982579711402237876e-02,1.026370982603740968e-02,2.998437633020006032e+01,7.993914994268280783e-02,9.967373468795727165e-01,-1.115318976398700125e-02,2.180270534423777828e+00,-9.339910637872110913e-03,1.193748091437907451e-02,9.998851247111817386e-01,3.864705274891288567e-01,0.000000000000000000e+00,0.000000000000000000e+00,0.000000000000000000e+00,1.000000000000000056e-01
9.966467267740120040e-01,-8.129308931524813209e-02,9.313197100404011983e-03,3.088833624025802749e+01,8.145803199860725263e-02,9.964963412297626055e-01,-1.896393784556655443e-02,2.243881525640507579e+00,-7.738929742655774845e-03,1.965898128794376504e-02,9.997767917996288611e-01,3.984607111530215628e-01,0.000000000000000000e+00,0.000000000000000000e+00,0.000000000000000000e+00,1.000000000000000056e-01
9.966532335335775983e-01,-8.141709079995856913e-02,7.320478996304819949e-03,3.182327475680682127e+01,8.156553853787815167e-02,9.964026075268203053e-01,-2.299797027520463985e-02,2.320364951694803946e+00,-5.421716526152357829e-03,2.351810025118063543e-02,9.997087095501796528e-01,4.069012925791568591e-01,0.000000000000000000e+00,0.000000000000000000e+00,0.000000000000000000e+00,1.000000000000000056e-01
9.968313184652560777e-01,-7.946013694236168934e-02,3.661852525764037504e-03,3.279184928499768859e+01,7.952679847236888977e-02,9.965235720024652188e-01,-2.482455977822767626e-02,2.387757450805741311e+00,-1.676559439608813103e-03,2.503711406190222907e-02,9.996851164581258553e-01,4.066338807616395323e-01,0.000000000000000000e+00,0.000000000000000000e+00,0.000000000000000000e+00,1.000000000000000056e-01
9.966912768157325520e-01,-8.116808640181374934e-02,4.270886242033781685e-03,3.373770647117986243e+01,8.125069881002783267e-02,9.963707278312246007e-01,-2.537117781968187269e-02,2.465196216072448987e+00,-2.196056080075844876e-03,2.563424410712109719e-02,9.996689766451440917e-01,4.090776278203019367e-01,0.000000000000000000e+00,0.000000000000000000e+00,0.000000000000000000e+00,1.000000000000000056e-01
9.966751476199369186e-01,-8.130060662734611698e-02,5.372288041654614890e-03,3.469957851850478647e+01,8.141318718897649909e-02,9.963438733269052161e-01,-2.589940222616359325e-02,2.554233813605774284e+00,-3.247009163777234749e-03,2.625066562899805098e-02,9.996501185342423490e-01,4.254681179689255854e-01,0.000000000000000000e+00,0.000000000000000000e+00,0.000000000000000000e+00,1.000000000000000056e-01
9.966139572005252578e-01,-8.201711435891914648e-02,5.814917483991502434e-03,3.567150203360699834e+01,8.213632491158562310e-02,9.963169398930118437e-01,-2.462071104259843518e-02,2.634967121827924252e+00,-3.774181120202085848e-03,2.501496021305388284e-02,9.996799524459871744e-01,4.282223783446961751e-01,0.000000000000000000e+00,0.000000000000000000e+00,0.000000000000000000e+00,1.000000000000000056e-01
9.966888602025648636e-01,-8.117525670765807222e-02,4.679064709735104161e-03,3.663455468937975468e+01,8.126297774515331418e-02,9.964185598195602900e-01,-2.337481754162124697e-02,2.711074625650268022e+00,-2.764850104941007827e-03,2.367765498437673921e-02,9.997158217505303091e-01,4.455447739138762575e-01,0.000000000000000000e+00,0.000000000000000000e+00,0.000000000000000000e+00,1.000000000000000056e-01
9.965059051674109991e-01,-8.324376678667118334e-02,6.815882748789548265e-03,3.762574951334195106e+01,8.337948502670063100e-02,9.962543811404559468e-01,-2.291439580545931096e-02,2.806334101541402060e+00,-4.882872429334111572e-03,2.340263552707999919e-02,9.997141962617243083e-01,4.576210292435615168e-01,0.000000000000000000e+00,0.000000000000000000e+00,0.000000000000000000e+00,1.000000000000000056e-01
9.966610897420182802e-01,-8.104727135940020810e-02,9.900100981724651444e-03,3.861147977503844686e+01,8.125405770295190955e-02,9.964357464963078392e-01,-2.266233022332547059e-02,2.891914068001713911e+00,-8.028094484867437375e-03,2.339108611290714734e-02,9.996941566246151378e-01,4.807016671913215133e-01,0.000000000000000000e+00,0.000000000000000000e+00,0.000000000000000000e+00,1.000000000000000056e-01
9.967030790609476831e-01,-8.032263387501760443e-02,1.145629424404185845e-02,3.960398294392154384e+01,8.051668501835661240e-02,9.965974564911845857e-01,-1.762308568203065084e-02,2.978656036203200852e+00,-1.000178104544090230e-02,1.848740659695997934e-02,9.997790656806321286e-01,4.863232364919825579e-01,0.000000000000000000e+00,0.000000000000000000e+00,0.000000000000000000e+00,1.000000000000000056e-01
9.965747810669172146e-01,-8.211205165355786595e-02,9.814107940588703144e-03,4.059985837556468624e+01,8.228867485957203076e-02,9.964235634240677930e-01,-1.920042299373411407e-02,3.059317550850158884e+00,-8.202422281358180689e-03,1.994224727873262701e-02,9.997674864898298264e-01,5.010804615051155375e-01,0.000000000000000000e+00,0.000000000000000000e+00,0.000000000000000000e+00,1.000000000000000056e-01
9.965618377239686687e-01,-8.241670519877990209e-02,8.484709565083542460e-03,4.160617395914875516e+01,8.253794447180963501e-02,9.964735583052378720e-01,-1.509752697848635444e-02,3.136799898227084160e+00,-7.210500301288749053e-03,1.574592971770985561e-02,9.998500259452565153e-01,5.269041528215187009e-01,0.000000000000000000e+00,0.000000000000000000e+00,0.000000000000000000e+00,1.000000000000000056e-01
9.964847907714217135e-01,-8.351295570574975013e-02,6.606662586013892918e-03,4.263089828003553805e+01,8.359773906584617997e-02,9.964038747562375953e-01,-1.381073473189245449e-02,3.195275661458821137e+00,-5.429528921982913064e-03,1.431448916467113752e-02,9.998828009400101413e-01,5.323482270959314366e-01,0.000000000000000000e+00,0.000000000000000000e+00,0.000000000000000000e+00,1.000000000000000056e-01
9.965576060119309965e-01,-8.247474459547909920e-02,8.417505787305580578e-03,4.365045402784013362e+01,8.259189909881473057e-02,9.964753912104340472e-01,-1.467558909426536912e-02,3.282322242629001963e+00,-7.177471910083685867e-03,1.532028772324472987e-02,9.998568760983028714e-01,5.455787428915815918e-01,0.000000000000000000e+00,0.000000000000000000e+00,0.000000000000000000e+00,1.000000000000000056e-01
9.966471315935478970e-01,-8.131437147750855687e-02,9.081193620392474797e-03,4.464118076682333225e+01,8.146439499847824006e-02,9.965209351284374240e-01,-1.759483442026139183e-02,3.370312197507877361e+00,-7.618886656541520863e-03,1.827563519996625030e-02,9.998039576457738997e-01,5.637897055447862460e-01,0.000000000000000000e+00,0.000000000000000000e+00,0.000000000000000000e+00,1.000000000000000056e-01
9.964937515161421677e-01,-8.303654096425019948e-02,1.025358737113049590e-02,4.562226017783421383e+01,8.319756260061886288e-02,9.963976720753117133e-01,-1.642694920597853950e-02,3.464107117947517800e+00,-8.852613546355345142e-03,1.722242571742121572e-02,9.998124920632902590e-01,5.750612996449013803e-01,0.000000000000000000e+00,0.000000000000000000e+00,0.000000000000000000e+00,1.000000000000000056e-01
9.958486487930919839e-01,-9.059519564416206039e-02,8.830584531558816758e-03,4.653455856714721506e+01,9.072472017249745557e-02,9.957541956540181260e-01,-1.557584627047147764e-02,3.535984607912994626e+00,-7.381994757180408880e-03,1.631233777284319883e-02,9.998396940458953441e-01,5.863089874244521438e-01,0.000000000000000000e+00,0.000000000000000000e+00,0.000000000000000000e+00,1.000000000000000056e-01
9.960717143692009445e-01,-8.846008289234975897e-02,3.994191818078417743e-03,4.748210990207795135e+01,8.851169521853320676e-02,9.959553292856819784e-01,-1.544868528355482391e-02,3.632258877209213921e+00,-2.611444646643383896e-03,1.574153112398681345e-02,9.998726841727051395e-01,5.854646949271963274e-01,0.000000000000000000e+00,0.000000000000000000e+00,0.000000000000000000e+00,1.000000000000000056e-01
9.962312032131489525e-01,-8.670148871041336025e-02,2.498319411054000880e-03,4.843190685603767776e+01,8.673244196434193309e-02,9.960703894291201843e-01,-1.792380577396877200e-02,3.723579760225281365e+00,-9.344813447274936480e-04,1.807293993568732243e-02,9.998362343837601252e-01,5.897470433382390187e-01,0.000000000000000000e+00,0.000000000000000000e+00,0.000000000000000000e+00,1.000000000000000056e-01
9.963885313203633132e-01,-8.480430559153656622e-02,4.257276874546672002e-03,4.940477523711896879e+01,8.486743451831377238e-02,9.962313443335821805e-01,-1.790606393329472606e-02,3.829928355859337774e+00,-2.722721346189185820e-03,1.820270091060097878e-02,9.998306098875100467e-01,6.017665960712549333e-01,0.000000000000000000e+00,0.000000000000000000e+00,0.000000000000000000e+00,1.000000000000000056e-01
9.964775155514846716e-01,-8.367120529304972187e-02,5.629423163072464972e-03,5.042190799637479159e+01,8.375606907528024281e-02,9.963401896737709151e-01,-1.706303999558982792e-02,3.927671720007206435e+00,-4.181135419655025026e-03,1.747443405786124754e-02,9.998385681003508774e-01,6.259316094378613027e-01,0.000000000000000000e+00,0.000000000000000000e+00,0.000000000000000000e+00,1.000000000000000056e-01
9.965844470334902505e-01,-8.240215561121930210e-02,5.415226825994387885e-03,5.136665877888695775e+01,8.248867969563111746e-02,9.964222999099496825e-01,-1.839070320128778635e-02,4.013903405088038667e+00,-3.880419181499120389e-03,1.877458369154106493e-02,9.998162117880391442e-01,6.337829365436514761e-01,0.000000000000000000e+00,0.000000000000000000e+00,0.000000000000000000e+00,1.000000000000000056e-01
9.966973614044619678e-01,-8.108268070170414343e-02,4.468630618973796174e-03,5.232274953768637715e+01,8.115627492527648090e-02,9.965012445272138919e-01,-1.997319944242123210e-02,4.101457560325069807e+00,-2.833515420158506937e-03,2.026989259811925667e-02,9.997905293832425322e-01,6.501630814252691293e-01,0.000000000000000000e+00,0.000000000000000000e+00,0.000000000000000000e+00,1.000000000000000056e-01
9.966596944252349433e-01,-8.157105830054144080e-02,3.951702914827760066e-03,5.330646775154126260e+01,8.163852600540387472e-02,9.964199314228244786e-01,-2.196523013762437249e-02,4.189922015688078538e+00,-2.145828479255085935e-03,2.221447075812246069e-02,9.997509253354428527e-01,6.729013822307831072e-01,0.000000000000000000e+00,0.000000000000000000e+00,0.000000000000000000e+00,1.000000000000000056e-01
9.966441066333261434e-01,-8.172106459127168043e-02,4.710872013585918477e-03,5.426382980616153873e+01,8.181064626520043181e-02,9.963629907926471185e-01,-2.382873761661673598e-02,4.269346838592283255e+00,-2.746428722801844829e-03,2.413417039801702899e-02,9.997049559487389825e-01,6.735020129452631288e-01,0.000000000000000000e+00,0.000000000000000000e+00,0.000000000000000000e+00,1.000000000000000056e-01
9.965609028164921224e-01,-8.236974912354089184e-02,9.032796184076714863e-03,5.521338266841737408e+01,8.258206787919189495e-02,9.962345089779190976e-01,-2.640085578766445534e-02,4.342192351854471610e+00,-6.824151403264582839e-03,2.705600766649522704e-02,9.996106258972919933e-01,6.911032297800725477e-01,0.000000000000000000e+00,0.000000000000000000e+00,0.000000000000000000e+00,1.000000000000000056e-01
9.963412147545930297e-01,-8.441862972935362808e-02,1.332961874774213351e-02,5.616289912410763918e+01,8.473686254384557581e-02,9.960782329550262881e-01,-2.545226825683407496e-02,4.429934412725923032e+00,-1.112869747846931961e-02,2.648865394486312613e-02,9.995871664365354459e-01,7.177148083194169192e-01,0.000000000000000000e+00,0.000000000000000000e+00,0.000000000000000000e+00,1.000000000000000056e-01
9.961826477467070617e-01,-8.615207756631025615e-02,1.406953657263430163e-02,5.711986472020208083e+01,8.645245621221649135e-02,9.960051326414689488e-01,-2.235505684905616380e-02,4.504582843018257066e+00,-1.208739604857146308e-02,2.348606571689277472e-02,9.996510889174816672e-01,7.158098431788814109e-01,0.000000000000000000e+00,0.000000000000000000e+00,0.000000000000000000e+00,1.000000000000000056e-01
9.961727908297590695e-01,-8.693881885971492529e-02,9.022892314927182661e-03,5.801513923725659083e+01,8.712479589542139469e-02,9.959361665318690049e-01,-2.281276252422015718e-02,4.586839268615024778e+00,-7.002910154375571565e-03,2.351157096161332963e-02,9.996990373508852779e-01,7.284880555238916200e-01,0.000000000000000000e+00,0.000000000000000000e+00,0.000000000000000000e+00,1.000000000000000056e-01
9.959852750215635320e-01,-8.942865332119084854e-02,3.980942775124320099e-03,5.894454002272600945e+01,8.949374840206966719e-02,9.957572960642928628e-01,-2.140738965112897949e-02,4.663898607801428398e+00,-2.049618785922012812e-03,2.167771436029347978e-02,9.997629097755856842e-01,7.437842183960333697e-01,0.000000000000000000e+00,0.000000000000000000e+00,0.000000000000000000e+00,1.000000000000000056e-01
9.959833886449742657e-01,-8.953810161001228562e-02,1.338033978423676038e-04,5.989310028047060541e+01,8.952107616178574256e-02,9.957625551075816039e-01,-2.104544531380026298e-02,4.764839947067156523e+00,1.751132807617412262e-03,2.097289216335023257e-02,9.997785111354386967e-01,7.578345207702871233e-01,0.000000000000000000e+00,0.000000000000000000e+00,0.000000000000000000e+00,1.000000000000000056e-01
9.959529250944707535e-01,-8.987638921416464532e-02,-7.521696297364799909e-05,6.079830115243068889e+01,8.986174151629776341e-02,9.958050361834392961e-01,-1.723941192028601369e-02,4.856191670632024504e+00,1.624317526106517197e-03,1.716288360163296597e-02,9.998513874666830059e-01,7.679422457317091055e-01,0.000000000000000000e+00,0.000000000000000000e+00,0.000000000000000000e+00,1.000000000000000056e-01
9.957946573238253274e-01,-9.161321864757129840e-02,1.364344442659811557e-04,6.173848928249442025e+01,9.160373243639624574e-02,9.956677930311297331e-01,-1.594998822070275990e-02,4.948579551963872447e+00,1.325386376273690169e-03,1.589541095888140354e-02,9.998727815384323980e-01,7.871726413932474964e-01,0.000000000000000000e+00,0.000000000000000000e+00,0.000000000000000000e+00,1.000000000000000056e-01
9.956561761124214094e-01,-9.308796528103992218e-02,1.846534328634457690e-03,6.262219920751491031e+01,9.310424494530335215e-02,9.955696673912686201e-01,-1.313913785617744009e-02,5.035143215981170428e+00,-6.152579588065242152e-04,1.325398393972868072e-02,9.999119728092916715e-01,8.100433780179743248e-01,0.000000000000000000e+00,0.000000000000000000e+00,0.000000000000000000e+00,1.000000000000000056e-01
9.955323862166868265e-01,-9.440784122491839570e-02,1.558046520494138238e-03,6.344754491588963674e+01,9.441949425344083047e-02,9.954674463276876883e-01,-1.138079113052400254e-02,5.125032045421971993e+00,-4.765486689515697344e-04,1.147705611569265621e-02,9.999340228656505847e-01,8.270981097566276752e-01,0.000000000000000000e+00,0.000000000000000000e+00,0.000000000000000000e+00,1.000000000000000056e-01
9.953126172633437463e-01,-9.666855882890926233e-02,2.825535406665641812e-03,6.426546921930942347e+01,9.669235780356619236e-02,9.952634033738606556e-01,-1.006706745120600384e-02,5.209822455886605752e+00,-1.838983083049887043e-03,1.029308693355442637e-02,9.999453337571002631e-01,8.404294509037077976e-01,0.000000000000000000e+00,0.000000000000000000e+00,0.000000000000000000e+00,1.000000000000000056e-01
9.953526111011797850e-01,-9.622806942098070804e-02,3.652154100604028050e-03,6.505467681239925071e+01,9.626256356659228242e-02,9.952965241784843542e-01,-1.087877813982780599e-02,5.293643471546007007e+00,-2.588132464040589741e-03,1.117978594333242891e-02,9.999341548105104005e-01,8.562808601719320567e-01,0.000000000000000000e+00,0.000000000000000000e+00,0.000000000000000000e+00,1.000000000000000056e-01
9.952736550100486079e-01,-9.704813723926768165e-02,3.465645874425020076e-03,6.585014069725872332e+01,9.708256035209310297e-02,9.952069159825192024e-01,-1.175460999119887912e-02,5.372477496349657322e+00,-2.308271738954129418e-03,1.203550742392099290e-02,9.999249064017896593e-01,8.700996202956877701e-01,0.000000000000000000e+00,0.000000000000000000e+00,0.000000000000000000e+00,1.000000000000000056e-01
9.952902141969459660e-01,-9.684635625430275396e-02,4.262957196832018077e-03,6.659422843052882968e+01,9.689234519684510050e-02,9.952178571502461324e-01,-1.238104404029235529e-02,5.448235123693053517e+00,-3.043512124628016194e-03,1.273577989511922269e-02,9.999142647969426756e-01,8.881603920634653093e-01,0.000000000000000000e+00,0.000000000000000000e+00,0.000000000000000000e+00,1.000000000000000056e-01
9.953115572167201552e-01,-9.655859350574942657e-02,5.598400755484731969e-03,6.739430395034645471e+01,9.661646998653673768e-02,9.952586441132329487e-01,-1.120218930521502988e-02,5.538175990091546375e+00,-4.490189101609521477e-03,1.169056620017495420e-02,9.999215813571338263e-01,8.914409666600228155e-01,0.000000000000000000e+00,0.000000000000000000e+00,0.000000000000000000e+00,1.000000000000000056e-01
9.950679011882211933e-01,-9.875603637251745281e-02,9.333665135330720258e-03,6.814041266060456792e+01,9.885382531267106199e-02,9.950447565382840587e-01,-1.067022524218341935e-02,5.613952764210160318e+00,-8.233665400075005497e-03,1.154026713975998646e-02,9.998995094450354726e-01,9.008885775158598230e-01,0.000000000000000000e+00,0.000000000000000000e+00,0.000000000000000000e+00,1.000000000000000056e-01
9.949027735021115371e-01,-1.000766053588807714e-01,1.237515000511424552e-02,6.886908985005183581e+01,1.002049967827494670e-01,9.949142260418608608e-01,-1.022943983286415948e-02,5.693310695367692631e+00,-1.128848517629420754e-02,1.141734992753804315e-02,9.998710988037691205e-01,9.153683541952902791e-01,0.000000000000000000e+00,0.000000000000000000e+00,0.000000000000000000e+00,1.000000000000000056e-01
9.948508652093944749e-01,-1.010090460978240318e-01,8.302324886851755043e-03,6.956026532208115043e+01,1.010618423391049375e-01,9.948607908697322255e-01,-6.205708104376099661e-03,5.773605999306257175e+00,-7.632824847006232372e-03,7.012802325638553720e-03,9.999462788512173406e-01,9.298839424731860648e-01,0.000000000000000000e+00,0.000000000000000000e+00,0.000000000000000000e+00,1.000000000000000056e-01
9.948464211823626613e-01,-1.013441187561949092e-01,3.157190867734132635e-03,7.026031515329803767e+01,1.013651058737605332e-01,9.948217274728690107e-01,-7.405799018206578842e-03,5.851419599631596746e+00,-2.390307897815196689e-03,7.687661635830210678e-03,9.999675926182440833e-01,9.327571118180051357e-01,0.000000000000000000e+00,0.000000000000000000e+00,0.000000000000000000e+00,1.000000000000000056e-01
9.948884288714182622e-01,-1.009781756721070539e-01,-6.497197041134913529e-04,7.101252618568283026e+01,1.009686603813787359e-01,9.948510420632385998e-01,-8.759778905773044425e-03,5.930329612079773938e+00,1.530920817882293859e-03,8.649401344677809869e-03,9.999614213247569605e-01,9.608268724264684701e-01,0.000000000000000000e+00,0.000000000000000000e+00,0.000000000000000000e+00,1.000000000000000056e-01
9.946943202590327049e-01,-1.028711396209699008e-01,-8.589979649032358864e-04,7.174273926365570730e+01,1.028615689815440132e-01,9.946659726253370692e-01,-7.687686774786679257e-03,6.012172773493607458e+00,1.645257145815026733e-03,7.558540492388891689e-03,9.999700803496818224e-01,9.712504776771677673e-01,0.000000000000000000e+00,0.000000000000000000e+00,0.000000000000000000e+00,1.000000000000000056e-01
9.945350723773256352e-01,-1.043966683739757234e-01,1.151279219776536874e-03,7.242212602202752691e+01,1.044019254203512187e-01,9.945146211140508674e-01,-6.395807916069567306e-03,6.099388618809992835e+00,-4.772629790549792858e-04,6.481051055960829546e-03,9.999788838756841214e-01,9.821919449279259418e-01,0.000000000000000000e+00,0.000000000000000000e+00,0.000000000000000000e+00,1.000000000000000056e-01
9.944456619616839355e-01,-1.051721821478413949e-01,4.078910130104741044e-03,7.303358552345268606e+01,1.051939720496667813e-01,9.944361993673934697e-01,-5.556404606190406062e-03,6.156371074142557021e+00,-3.471836690013156701e-03,5.954619214949309625e-03,9.999762441478311503e-01,9.981380166030151546e-01,0.000000000000000000e+00,0.000000000000000000e+00,0.000000000000000000e+00,1.000000000000000056e-01
9.943728553867190456e-01,-1.059329883483387386e-01,9.090927641317350085e-04,7.360423131883106862e+01,1.059367198172343344e-01,9.943499931186873253e-01,-6.745559964240446967e-03,6.211298264526161184e+00,-1.893790586637355894e-04,6.803908028265806367e-03,9.999768352172538899e-01,1.008360942122821680e+00,0.000000000000000000e+00,0.000000000000000000e+00,0.000000000000000000e+00,1.000000000000000056e-01
9.945469448478184704e-01,-1.042762927482076829e-01,-1.682041783172214368e-03,7.423792783268588380e+01,1.042504121806227257e-01,9.944850152811356425e-01,-1.146324305986799914e-02,6.268120227489909269e+00,2.868109837596184014e-03,1.122537981403894276e-02,9.999328801444574699e-01,1.027368288117274320e+00,0.000000000000000000e+00,0.000000000000000000e+00,0.000000000000000000e+00,1.000000000000000056e-01
9.946153162886006704e-01,-1.035382043095466748e-01,-4.495870603289142502e-03,7.485450719686406273e+01,1.034554424329663519e-01,9.945079897316971840e-01,-1.583760685260201737e-02,6.322014693963956766e+00,6.110976609849901216e-03,1.528720406657061923e-02,9.998644694940914679e-01,1.048849203968381438e+00,0.000000000000000000e+00,0.000000000000000000e+00,0.000000000000000000e+00,1.000000000000000056e-01
9.951641283599504950e-01,-9.810130734615858661e-02,-4.948850629650119667e-03,7.543975321487931751e+01,9.802168043580973544e-02,9.950806952913687775e-01,-1.435827367708659465e-02,6.375724608866195631e+00,6.333071144401500319e-03,1.380374425366738024e-02,9.998846677764687829e-01,1.062048806955817382e+00,0.000000000000000000e+00,0.000000000000000000e+00,0.000000000000000000e+00,1.000000000000000056e-01
9.955360528873746784e-01,-9.428925214401527588e-02,-4.183817819732822685e-03,7.599872011931469729e+01,9.423962633735823158e-02,9.954910287351150799e-01,-1.079372668254148342e-02,6.453207062047531473e+00,5.182685522149873061e-03,1.035126262948728344e-02,9.999329933214294863e-01,1.065439966456353860e+00,0.000000000000000000e+00,0.000000000000000000e+00,0.000000000000000000e+00,1.000000000000000056e-01
9.961609179045411988e-01,-8.753310451761364686e-02,-1.175267242112223521e-03,7.654620782164666082e+01,8.750698003859105900e-02,9.960583320073805869e-01,-1.450267848366076397e-02,6.491488826442354032e+00,2.440099200336840260e-03,1.434415742326242311e-02,9.998941399286772613e-01,1.083063809726103832e+00,0.000000000000000000e+00,0.000000000000000000e+00,0.000000000000000000e+00,1.000000000000000056e-01
9.968112457779593205e-01,-7.977339224819320063e-02,1.883130321743560834e-03,7.710048280881545679e+01,7.979375418910726603e-02,9.966715792654577966e-01,-1.669490571721031144e-02,6.516222677502318206e+00,-5.450532094092029644e-04,1.679193180411724454e-02,9.998588570109707696e-01,1.097684646318142221e+00,0.000000000000000000e+00,0.000000000000000000e+00,0.000000000000000000e+00,1.000000000000000056e-01
9.974366057068602132e-01,-7.148658315405274910e-02,3.144204976791045887e-03,7.762974089082439377e+01,7.153432504465502551e-02,9.972494516173581180e-01,-1.940029869059256215e-02,6.547901236285791349e+00,-1.748695623318932690e-03,1.957548665646068400e-02,9.998068525399191886e-01,1.111827772374847090e+00,0.000000000000000000e+00,0.000000000000000000e+00,0.000000000000000000e+00,1.000000000000000056e-01
9.982409956002737950e-01,-5.916271001129260604e-02,3.832550990367200247e-03,7.810765420761175903e+01,5.921749971186675982e-02,9.981128495987433569e-01,-1.624891361757670530e-02,6.579479783283348482e+00,-2.863988625872657991e-03,1.644728579420040235e-02,9.998606324679228941e-01,1.123314091897952727e+00,0.000000000000000000e+00,0.000000000000000000e+00,0.000000000000000000e+00,1.000000000000000056e-01
9.989905344454802494e-01,-4.480619906705136934e-02,3.211948551517529622e-03,7.859205899568426901e+01,4.484266017673867177e-02,9.989176315102309411e-01,-1.235723619034558018e-02,6.609859554482894417e+00,-2.654791254951412507e-03,1.248879430346322775e-02,9.999184877279939654e-01,1.128646342651115075e+00,0.000000000000000000e+00,0.000000000000000000e+00,0.000000000000000000e+00,1.000000000000000056e-01
9.996257618347598184e-01,-2.725753251480313860e-02,2.315857828227763440e-03,7.905646718634791625e+01,2.727366839505590557e-02,9.996017287366880666e-01,-7.247821665941638417e-03,6.621515122058777791e+00,-2.117377753883965819e-03,7.308271192916566267e-03,9.999710525228308056e-01,1.128268588252927085e+00,0.000000000000000000e+00,0.000000000000000000e+00,0.000000000000000000e+00,1.000000000000000056e-01
9.999802677783063976e-01,-5.035442346345230490e-03,3.756111606877278377e-03,7.953842605658962839e+01,5.061966561965332116e-03,9.999620828594927291e-01,-7.085854770642973852e-03,6.639770671351582720e+00,-3.720288772693571434e-03,7.104728262342773631e-03,9.999678406267703545e-01,1.142886682218098526e+00,0.000000000000000000e+00,0.000000000000000000e+00,0.000000000000000000e+00,1.000000000000000056e-01
9.997900668547984315e-01,1.991897987171058551e-02,4.801714209318703325e-03,8.001721994089420775e+01,-1.987326203558353530e-02,9.997584310740715852e-01,-9.387915230546082374e-03,6.625341663366826062e+00,-4.987551958889115469e-03,9.290518671273072931e-03,9.999444037486664438e-01,1.157020713324284023e+00,0.000000000000000000e+00,0.000000000000000000e+00,0.000000000000000000e+00,1.000000000000000056e-01
9.988017808841656020e-01,4.853874755239418609e-02,6.244396581279571500e-03,8.049009333212890738e+01,-4.846833237816888101e-02,9.987644457593345404e-01,-1.097281383823489088e-02,6.617531744561566676e+00,-6.769287931436675752e-03,1.065701051393686503e-02,9.999202992577994609e-01,1.163554193192955832e+00,0.000000000000000000e+00,0.000000000000000000e+00,0.000000000000000000e+00,1.000000000000000056e-01
9.967309516055676832e-01,8.025380161977177518e-02,9.313293565321388925e-03,8.099085493398492019e+01,-8.014797693050945693e-02,9.967197268572759450e-01,-1.122888629845829149e-02,6.574334758550731017e+00,-1.018390423197620444e-02,1.044573688791261383e-02,9.998935816753012906e-01,1.169175651658248771e+00,0.000000000000000000e+00,0.000000000000000000e+00,0.000000000000000000e+00,1.000000000000000056e-01
