1.000000000000000000e+00,-2.245066746733698816e-12,1.115871584764414636e-12,1.807533399363130404e-19,2.245066746734029203e-12,1.000000000000000000e+00,-2.959692481975809388e-13,5.110986397278963757e-19,-1.115871584763750226e-12,2.959692482000861086e-13,1.000000000000000000e+00,-3.494740847600812588e-19,0.000000000000000000e+00,0.000000000000000000e+00,0.000000000000000000e+00,1.000000000000000056e-01
9.999990314914661838e-01,-6.303641607540755353e-04,-1.240829220478606876e-03,6.468619811571406641e-01,6.270466464629505807e-04,9.999962330658282994e-01,-2.672202585281156263e-03,-4.490960515701995434e-03,1.242509007096650672e-03,2.671421939428614105e-03,9.999956598286758869e-01,-3.715258636288849771e-04,0.000000000000000000e+00,0.000000000000000000e+00,0.000000000000000000e+00,1.000000000000000056e-01
9.999803588829709877e-01,-5.428941907736470687e-03,-3.131842596119661145e-03,1.307175530051330359e+00,5.420190490555759286e-03,9.999814015420129820e-01,-2.796087465992090019e-03,5.314368363991986595e-03,3.146964145098536409e-03,2.779057364253542401e-03,9.999911866895806467e-01,4.362611087051173307e-03,0.000000000000000000e+00,0.000000000000000000e+00,0.000000000000000000e+00,1.000000000000000056e-01
9.999362910736523391e-01,-9.952640782231968880e-03,-5.325292041555075920e-03,2.004906961432910251e+00,9.937341659676548339e-03,9.999464422046396850e-01,-2.891705901729401708e-03,1.418697423623814687e-02,5.353786940741452754e-03,2.838602427796600193e-03,9.999816394822707011e-01,8.817110536798225193e-03,0.000000000000000000e+00,0.000000000000000000e+00,0.000000000000000000e+00,1.000000000000000056e-01
9.998570872714965807e-01,-1.610110942757617125e-02,-5.153572368756478839e-03,2.702843769497012438e+00,1.609368829756326752e-02,9.998693954648836257e-01,-1.478245469828543901e-03,2.266013666017072450e-02,5.176700680903596752e-03,1.395094222413351343e-03,9.999856276378030762e-01,1.664985305811075844e-02,0.000000000000000000e+00,0.000000000000000000e+00,0.000000000000000000e+00,1.000000000000000056e-01
9.997518084674742456e-01,-2.135456335816280499e-02,-6.348550212197602051e-03,3.410883689574800037e+00,2.134503185555763904e-02,9.997709434009368623e-01,-1.565358197342523383e-03,3.076840339386569673e-02,6.380523575680385230e-03,1.429459682176608066e-03,9.999786225534610384e-01,3.034353760336964620e-02,0.000000000000000000e+00,0.000000000000000000e+00,0.000000000000000000e+00,1.000000000000000056e-01
9.996522700836045772e-01,-2.533498687337019592e-02,-7.312821399582045134e-03,4.129948549202718588e+00,2.533242911062901295e-02,9.996789847243463534e-01,-4.421943633496309566e-04,5.368680172940838019e-02,7.321676860595593972e-03,2.567890694370299621e-04,9.999731631935543374e-01,4.089560215356335959e-02,0.000000000000000000e+00,0.000000000000000000e+00,0.000000000000000000e+00,1.000000000000000056e-01
9.994980413683264286e-01,-3.008418324953413686e-02,-9.930116771097135045e-03,4.893414198841614215e+00,3.009873408336535827e-02,9.995460600455047251e-01,1.319111097371452462e-03,8.576952988621402985e-02,9.885924714362113661e-03,-1.617332902280009792e-03,9.999498251046524677e-01,5.568820641992534848e-02,0.000000000000000000e+00,0.000000000000000000e+00,0.000000000000000000e+00,1.000000000000000056e-01
9.993433671285062436e-01,-3.477233200020538040e-02,-1.018427727072603733e-02,5.655656235307720436e+00,3.479286862836465655e-02,9.993928394772154666e-01,1.846264953336772176e-03,1.261002346780494832e-01,1.011389484169639141e-02,-2.199392856234135777e-03,9.999464344664643622e-01,6.016294581722948093e-02,0.000000000000000000e+00,0.000000000000000000e+00,0.000000000000000000e+00,1.000000000000000056e-01
9.992103302720093394e-01,-3.889725355665848289e-02,-8.106759121315752423e-03,6.438747121336252377e+00,3.891398711036358343e-02,9.992407257292414968e-01,1.916677143707810503e-03,1.623435575198345082e-01,8.026050390850645103e-03,-2.230629921742796271e-03,9.999653028006900701e-01,7.106933580937749295e-02,0.000000000000000000e+00,0.000000000000000000e+00,0.000000000000000000e+00,1.000000000000000056e-01
9.991037881295756762e-01,-4.181359152164249027e-02,-6.576025333974964103e-03,7.236617813734916638e+00,4.182332216517092860e-02,9.991241111475446246e-01,1.349165185316973182e-03,2.025563563814595791e-01,6.513852024737406231e-03,-1.622987273571889532e-03,9.999774675681996072e-01,8.611614884565883810e-02,0.000000000000000000e+00,0.000000000000000000e+00,0.000000000000000000e+00,1.000000000000000056e-01
9.991211984016067360e-01,-4.145805699475207245e-02,-6.169312340698057152e-03,8.032326610184213678e+00,4.147037113247298984e-02,9.991379623535321386e-01,1.881622216797213974e-03,2.422394547589329927e-01,6.085985760100986845e-03,-2.135812316586414156e-03,9.999791993252040712e-01,1.003682951256237438e-01,0.000000000000000000e+00,0.000000000000000000e+00,0.000000000000000000e+00,1.000000000000000056e-01
9.990402523338085539e-01,-4.333776079105276097e-02,-6.357098899469508686e-03,8.867528786798857254e+00,4.333800001826195597e-02,9.990604624936514355e-01,-1.001817765397225343e-04,2.887483743408120196e-01,6.355467820489191406e-03,-1.754183249078089838e-04,9.999797884243430968e-01,1.153636445563408358e-01,0.000000000000000000e+00,0.000000000000000000e+00,0.000000000000000000e+00,1.000000000000000056e-01
9.989012490739800354e-01,-4.645370282223969943e-02,-6.192583672869869833e-03,9.642558587038093876e+00,4.645214275432473644e-02,9.989204382418505057e-01,-3.955960581178047972e-04,3.524814904549987138e-01,6.204275298073952220e-03,1.075026157923662513e-04,9.999807475202776574e-01,1.317782027742434581e-01,0.000000000000000000e+00,0.000000000000000000e+00,0.000000000000000000e+00,1.000000000000000056e-01
9.988330712513733278e-01,-4.804108682147951309e-02,-4.954770586022358946e-03,1.042539307668183568e+01,4.804194679816296137e-02,9.988453175362462799e-01,5.462378376691127122e-05,3.588938540626804286e-01,4.946425213376292283e-03,-2.925968665940637632e-04,9.999877235569855083e-01,1.384693791406838015e-01,0.000000000000000000e+00,0.000000000000000000e+00,0.000000000000000000e+00,1.000000000000000056e-01
9.987791049050672720e-01,-4.901549643612938129e-02,-6.146601837797398098e-03,1.122784951293989231e+01,4.900730787860300280e-02,9.987973295197202228e-01,-1.475912858947732399e-03,4.108498860011554621e-01,6.211552102690836262e-03,1.172882515505570830e-03,9.999800202839456142e-01,1.643368812906601806e-01,0.000000000000000000e+00,0.000000000000000000e+00,0.000000000000000000e+00,1.000000000000000056e-01
9.986536720183901705e-01,-5.138329314624624777e-02,-7.113406331190320030e-03,1.209555146980608598e+01,5.137827005096215482e-02,9.986788704178054532e-01,-8.872133828003774198e-04,4.617199644338645381e-01,7.149596544987718398e-03,5.205443911313344151e-04,9.999743058212949842e-01,1.756794412358023694e-01,0.000000000000000000e+00,0.000000000000000000e+00,0.000000000000000000e+00,1.000000000000000056e-01
9.985032826466719857e-01,-5.419067785643386786e-02,-7.386811035926700922e-03,1.299372963130543646e+01,5.419266431770463494e-02,9.985304954730412907e-01,6.888041265660328283e-05,5.327691150269499021e-01,7.372223407416726021e-03,-4.690882889959673940e-04,9.999727147668621141e-01,1.965012741008189401e-01,0.000000000000000000e+00,0.000000000000000000e+00,0.000000000000000000e+00,1.000000000000000056e-01
9.986590520469428300e-01,-5.094746282266458814e-02,-9.189874680035211088e-03,1.388363333416127432e+01,5.098008179137829277e-02,9.986940493948542885e-01,3.350666180428007578e-03,5.834528194270778290e-01,9.007165216977091812e-03,-3.814673674312696588e-03,9.999521584753505721e-01,2.088096674639820793e-01,0.000000000000000000e+00,0.000000000000000000e+00,0.000000000000000000e+00,1.000000000000000056e-01
9.978914524067494796e-01,-6.418235882225771516e-02,-9.657848081172683286e-03,1.481592390996767250e+01,6.424430480964367363e-02,9.979146518158790169e-01,6.246358196472399579e-03,7.115803525976108768e-01,9.236802102115752172e-03,-6.853649188862737801e-03,9.999338523021021885e-01,2.280917387056922430e-01,0.000000000000000000e+00,0.000000000000000000e+00,0.000000000000000000e+00,1.000000000000000056e-01
9.976587959182932064e-01,-6.769683915087196246e-02,-9.698705884928464013e-03,1.577731775872591058e+01,6.773520444148831143e-02,9.976965357184968131e-01,3.683027909207403118e-03,7.742001319271329951e-01,9.427035914387942375e-03,-4.331349015166821755e-03,9.999461837566947509e-01,2.343751930135102857e-01,0.000000000000000000e+00,0.000000000000000000e+00,0.000000000000000000e+00,1.000000000000000056e-01
9.975611612945184392e-01,-6.943490511330897841e-02,-7.107983443819754395e-03,1.670256791934739837e+01,6.945819184530861723e-02,9.975800989128170704e-01,3.083154014060178645e-03,8.584598766190976171e-01,6.876704320540391081e-03,-3.569342376389837354e-03,9.999699849158913967e-01,2.525610936164095488e-01,0.000000000000000000e+00,0.000000000000000000e+00,0.000000000000000000e+00,1.000000000000000056e-01
9.973683527400770688e-01,-7.218980044487534331e-02,-6.708327979038465790e-03,1.758205901314495634e+01,7.221847202601473781e-02,9.973802673373706185e-01,4.134564579596594971e-03,9.377737896501157078e-01,6.392280561192619469e-03,-4.608149060545246520e-03,9.999689513737227697e-01,2.721624460047196714e-01,0.000000000000000000e+00,0.000000000000000000e+00,0.000000000000000000e+00,1.000000000000000056e-01
9.972918826957659633e-01,-7.323247191699423786e-02,-6.775379403485803573e-03,1.849136239662506753e+01,7.326920336495541808e-02,9.972978946188324478e-01,5.341650223393953380e-03,1.007435116895536886e+00,6.365889364365088024e-03,-5.823611059379546658e-03,9.999627798107436627e-01,2.858979617111084282e-01,0.000000000000000000e+00,0.000000000000000000e+00,0.000000000000000000e+00,1.000000000000000056e-01
9.973334752417464255e-01,-7.260554415525043159e-02,-7.373880941585712369e-03,1.940821428569692841e+01,7.263841996701415893e-02,9.973491029218894965e-01,4.292650183503396791e-03,1.078574249743352365e+00,7.042663339701928267e-03,-4.816830786132228134e-03,9.999635988546089482e-01,3.067172144003225687e-01,0.000000000000000000e+00,0.000000000000000000e+00,0.000000000000000000e+00,1.000000000000000056e-01
9.972769335146469682e-01,-7.351150062397683593e-02,-5.897215922237005435e-03,2.033539576319865816e+01,7.351014557991074339e-02,9.972943693500632145e-01,-4.464968981668334443e-04,1.131210680337103369e+00,5.914082891096700094e-03,1.177585646781141430e-05,9.999825115895210059e-01,3.254617740984117047e-01,0.000000000000000000e+00,0.000000000000000000e+00,0.000000000000000000e+00,1.000000000000000056e-01
9.974142619730139714e-01,-7.183370810304119669e-02,-2.169883175386709551e-03,2.125115608540062695e+01,7.183305765534471476e-02,9.974165981212783638e-01,-3.763244081052027185e-04,1.212005390739706145e+00,2.191310272798688286e-03,2.194819885297661223e-04,9.999975749905322120e-01,3.306960282149769004e-01,0.000000000000000000e+00,0.000000000000000000e+00,0.000000000000000000e+00,1.000000000000000056e-01
9.973971438435444981e-01,-7.210339787156457014e-02,-1.935668222597910408e-04,2.221315929571348491e+01,7.210305591681616388e-02,9.973961935200129636e-01,-1.408005413833186619e-03,1.293410428261919876e+00,2.945847862726116593e-04,1.390383818864430283e-03,9.999989900258099418e-01,3.487468393862293015e-01,0.000000000000000000e+00,0.000000000000000000e+00,0.000000000000000000e+00,1.000000000000000056e-01
9.975432616044048739e-01,-7.004411963616107017e-02,1.123624510731643109e-03,2.318524403428946457e+01,7.004653818570512336e-02,9.975411170482094692e-01,-2.280852123440827318e-03,1.359698053581270161e+00,-9.611013705713097616e-04,2.353954673651853600e-03,9.999967675855506721e-01,3.629128931582633055e-01,0.000000000000000000e+00,0.000000000000000000e+00,0.000000000000000000e+00,1.000000000000000056e-01
9.978426245960246854e-01,-6.561061585494790127e-02,2.311628527996568375e-03,2.411529571965677832e+01,6.561927001630757372e-02,9.978371461365787010e-01,-3.891168530784894740e-03,1.423456971635398638e+00,-2.051326849603806162e-03,4.034461196059863260e-03,9.999897575380527481e-01,3.691127852726602820e-01,0.000000000000000000e+00,0.000000000000000000e+00,0.000000000000000000e+00,1.000000000000000056e-01
9.979635438310946460e-01,-6.378574211001419858e-02,-3.798520206245254924e-04,2.507206141173175595e+01,6.378299824991118250e-02,9.979508640752536852e-01,-5.079569441049969908e-03,1.492527827035417198e+00,7.030777585996985518e-04,5.044997019759640822e-03,9.999870267592154693e-01,3.804466491103473125e-01,0.000000000000000000e+00,0.000000000000000000e+00,0.000000000000000000e+00,1.000000000000000056e-01
9.980415936830682178e-01,-6.231880101777534375e-02,-5.417039622172033740e-03,2.602739298655000155e+01,6.229930335293093480e-02,9.980506658732976044e-01,-3.696640583935003384e-03,1.565176395806197052e+00,5.636850210955313654e-03,3.351923264967456972e-03,9.999784950338307388e-01,3.891395779407201272e-01,0.000000000000000000e+00,0.000000000000000000e+00,0.000000000000000000e+00,1.000000000000000056e-01
9.981047709437722570e-01,-6.090808867843145596e-02,-8.779006368620693654e-03,2.698240452287589974e+01,6.086731269166999886e-02,9.981341333981033070e-01,-4.839627187266637084e-03,1.631112598264964353e+00,9.057398355732231357e-03,4.296100459439020428e-03,9.999497522655166337e-01,4.087838403885335481e-01,0.000000000000000000e+00,0.000000000000000000e+00,0.000000000000000000e+00,1.000000000000000056e-01
9.981576557776250525e-01,-6.022280852958419861e-02,-7.382922546342644832e-03,2.795311913814011007e+01,6.016446309110863588e-02,9.981573301017062638e-01,-7.885540259991765874e-03,1.685275086973558434e+00,7.844207638434876756e-03,7.426822809409518167e-03,9.999416536525932431e-01,4.326690684770004292e-01,0.000000000000000000e+00,0.000000000000000000e+00,0.000000000000000000e+00,1.000000000000000056e-01
9.982162240974548073e-01,-5.955027460390751454e-02,-4.258490720791553372e-03,2.896359080220041093e+01,5.950029244580808813e-02,9.981673225458926879e-01,-1.103228899309107239e-02,1.732785701843327031e+00,4.907662119907273482e-03,1.075922841857042400e-02,9.999300744833879984e-01,4.493580418353095296e-01,0.000000000000000000e+00,0.000000000000000000e+00,0.000000000000000000e+00,1.000000000000000056e-01
9.982288183698801998e-01,-5.947913939883865686e-02,-1.207539749298342652e-03,2.992150184765678844e+01,5.945184657983262899e-02,9.980996888977834436e-01,-1.620151105285900020e-02,1.780418149326075783e+00,2.168896982491209068e-03,1.610102476618765696e-02,9.998680177340196762e-01,4.573518044217214085e-01,0.000000000000000000e+00,0.000000000000000000e+00,0.000000000000000000e+00,1.000000000000000056e-01
9.982651904579417090e-01,-5.884197178906130227e-02,-2.057152387335456703e-03,3.085094377167638768e+01,5.878067105937771070e-02,9.980151669364739631e-01,-2.259555873553856925e-02,1.825829929836384702e+00,3.382636512934999659e-03,2.243543894683704132e-02,9.997425712899716821e-01,4.781651209163060856e-01,0.000000000000000000e+00,0.000000000000000000e+00,0.000000000000000000e+00,1.000000000000000056e-01
9.982810128040345843e-01,-5.839206429222008887e-02,-5.038482176614763990e-03,3.180003791688915982e+01,5.824649743476816022e-02,9.979801928506798481e-01,-2.535508261279072542e-02,1.864307912013588808e+00,6.508841028353342696e-03,2.501802361125137972e-02,9.996658109003501158e-01,4.921117821250677316e-01,0.000000000000000000e+00,0.000000000000000000e+00,0.000000000000000000e+00,1.000000000000000056e-01
9.982856029433202494e-01,-5.796090188329856840e-02,-8.147932803248495587e-03,3.278824889981267177e+01,5.772981486304902543e-02,9.979884226334840847e-01,-2.619879320519427623e-02,1.936887299694896036e+00,9.650048288464684043e-03,2.568349941898662864e-02,9.996235463541388588e-01,5.069218998317863711e-01,0.000000000000000000e+00,0.000000000000000000e+00,0.000000000000000000e+00,1.000000000000000056e-01
9.982121768060210343e-01,-5.899342072988840446e-02,-9.603457021898326174e-03,3.376154804651906716e+01,5.871918363814573882e-02,9.979175455435974618e-01,-2.669512631758440280e-02,2.001018616873020406e+00,1.115829507831697653e-02,2.608349299515774072e-02,9.995974909152767207e-01,5.232464252053323772e-01,0.000000000000000000e+00,0.000000000000000000e+00,0.000000000000000000e+00,1.000000000000000056e-01
9.982061632479981572e-01,-5.924382125057879589e-02,-8.638593481592514098e-03,3.472997116755524161e+01,5.898147020110787453e-02,9.978666816918936311e-01,-2.798699237368904719e-02,2.071824763416866055e+00,1.027822098549008821e-02,2.742727133417709878e-02,9.995709594423674016e-01,5.502047376624651376e-01,0.000000000000000000e+00,0.000000000000000000e+00,0.000000000000000000e+00,1.000000000000000056e-01
9.981738756838408611e-01,-5.976029196730250209e-02,-8.810301145989055463e-03,3.571420625656553938e+01,5.951640281225181045e-02,9.978953469866361781e-01,-2.574246023034407888e-02,2.136911033150430406e+00,1.033013545845554333e-02,2.517109386585775904e-02,9.996297836374254953e-01,5.612097555963534434e-01,0.000000000000000000e+00,0.000000000000000000e+00,0.000000000000000000e+00,1.000000000000000056e-01
9.982704604501932977e-01,-5.819800930214314577e-02,-8.311408173515933556e-03,3.670128887995747391e+01,5.797994814661847768e-02,9.980188142583470423e-01,-2.442891727601357102e-02,2.205615534750070328e+00,9.716656085020231037e-03,2.390477148249991676e-02,9.996670188092107168e-01,5.864264225528799113e-01,0.000000000000000000e+00,0.000000000000000000e+00,0.000000000000000000e+00,1.000000000000000056e-01
9.982182974445834578e-01,-5.930051536760169717e-02,-6.609048643641547358e-03,3.771241223909015616e+01,5.912212900545439631e-02,9.979493290418469664e-01,-2.452978855982809389e-02,2.270207288766893594e+00,8.050124762983116439e-03,2.409534274635452208e-02,9.996772528917701184e-01,6.045759007717744771e-01,0.000000000000000000e+00,0.000000000000000000e+00,0.000000000000000000e+00,1.000000000000000056e-01
9.983514976534078045e-01,-5.722044368171613771e-02,-4.484189789163603793e-03,3.870638821648378070e+01,5.709519378558636227e-02,9.980723875204160489e-01,-2.432381787225668807e-02,2.331751612683027108e+00,5.867365659648973719e-03,2.402769431643254905e-02,9.996940751680246651e-01,6.362582855457014075e-01,0.000000000000000000e+00,0.000000000000000000e+00,0.000000000000000000e+00,1.000000000000000056e-01
9.983798296958212859e-01,-5.681991209641426566e-02,-3.035332913968743097e-03,3.972083491015710166e+01,5.674810473723605753e-02,9.981877281347774078e-01,-2.002278726509845383e-02,2.395381340217045629e+00,4.167525077855270890e-03,1.981809754965037709e-02,9.997949163424657559e-01,6.547585289737769543e-01,0.000000000000000000e+00,0.000000000000000000e+00,0.000000000000000000e+00,1.000000000000000056e-01
9.982800125209948527e-01,-5.856711377267477536e-02,-2.628647070450494411e-03,4.073000320601607172e+01,5.849234448612139481e-02,9.980279403921594739e-01,-2.277884617580765853e-02,2.464970023425049117e+00,3.957554497328375810e-03,2.258591111562185949e-02,9.997370726253367312e-01,6.739696407891375696e-01,0.000000000000000000e+00,0.000000000000000000e+00,0.000000000000000000e+00,1.000000000000000056e-01
9.983362392024931475e-01,-5.743884922818967564e-02,-5.052929285443514586e-03,4.174544312630488463e+01,5.731612019421261639e-02,9.981186013776534027e-01,-2.177429562120410458e-02,2.528374376748594887e+00,6.294113194483439387e-03,2.144845409949888357e-02,9.997501427635990812e-01,7.096506619978393271e-01,0.000000000000000000e+00,0.000000000000000000e+00,0.000000000000000000e+00,1.000000000000000056e-01
9.983892186866539786e-01,-5.631101742604455174e-02,-6.930896529046456575e-03,4.277725489536206993e+01,5.617999867484223253e-02,9.982613607693817670e-01,-1.783433048244083968e-02,2.604315578873714454e+00,7.923115495016263762e-03,1.741622551834638710e-02,9.998169329079932277e-01,7.358936171326968534e-01,0.000000000000000000e+00,0.000000000000000000e+00,0.000000000000000000e+00,1.000000000000000056e-01
9.984095860955681800e-01,-5.589911062759318761e-02,-7.320370449660726711e-03,4.383675806516566098e+01,5.574764706418580684e-02,9.982549073629723990e-01,-1.947664685079191632e-02,2.671138710146564677e+00,8.396322962055691522e-03,1.903757749262192933e-02,9.997835127686039991e-01,7.615781440600544183e-01,0.000000000000000000e+00,0.000000000000000000e+00,0.000000000000000000e+00,1.000000000000000056e-01
9.983870238521090901e-01,-5.634535536482358775e-02,-6.967892977064651244e-03,4.484248005150514871e+01,5.617836427395259125e-02,9.981738368346932955e-01,-2.220321702389604565e-02,2.730731883801811311e+00,8.206216621023859625e-03,2.177595893454260453e-02,9.997291961432606122e-01,7.946393324988770823e-01,0.000000000000000000e+00,0.000000000000000000e+00,0.000000000000000000e+00,1.000000000000000056e-01
9.985020237743138516e-01,-5.442653662236388717e-02,-5.608977615757286539e-03,4.582434574088171075e+01,5.428625456911594788e-02,9.982674352001411622e-01,-2.269648395212821648e-02,2.791290356502700742e+00,6.834550713596428476e-03,2.235799477203978883e-02,9.997266671377316172e-01,8.153625943950557620e-01,0.000000000000000000e+00,0.000000000000000000e+00,0.000000000000000000e+00,1.000000000000000056e-01
9.983248571965297469e-01,-5.729676667145691682e-02,-8.034925794619540360e-03,4.673780220003700947e+01,5.712500283873585272e-02,9.981629293723192076e-01,-2.018664106642894737e-02,2.847681285899283044e+00,9.176794331510281302e-03,1.969383040109360869e-02,9.997639418832477975e-01,8.398412487962705342e-01,0.000000000000000000e+00,0.000000000000000000e+00,0.000000000000000000e+00,1.000000000000000056e-01
9.984149892851852393e-01,-5.483837147447868932e-02,-1.265947015836546043e-02,4.769207116018805692e+01,5.459640946784151405e-02,9.983328738675807390e-01,-1.872712013409527643e-02,2.905335024662497379e+00,1.366532999540257497e-02,1.800627583161307221e-02,9.997444837491190617e-01,8.557494724501228944e-01,0.000000000000000000e+00,0.000000000000000000e+00,0.000000000000000000e+00,1.000000000000000056e-01
9.985139642565197260e-01,-5.317866957553948198e-02,-1.191185488936242522e-02,4.865425660734616287e+01,5.292849535399151567e-02,9.983895907931229496e-01,-2.041566495373208293e-02,2.965000633354769377e+00,1.297834982931705093e-02,1.975484998971488090e-02,9.997206151408460917e-01,8.820015141889956389e-01,0.000000000000000000e+00,0.000000000000000000e+00,0.000000000000000000e+00,1.000000000000000056e-01
9.987171497265548981e-01,-4.850330746750151217e-02,-1.454248970359751925e-02,4.961868404577071345e+01,4.820741460672348794e-02,9.986360850684680157e-01,-2.005030613379732429e-02,3.031189716273291701e+00,1.549516114797423391e-02,1.932352876253558976e-02,9.996932035465490030e-01,9.026799104559579678e-01,0.000000000000000000e+00,0.000000000000000000e+00,0.000000000000000000e+00,1.000000000000000056e-01
9.988038191111193731e-01,-4.753884551122028457e-02,-1.144504681085902961e-02,5.062744718479335404e+01,4.726209555088124736e-02,9.986096760288367680e-01,-2.334543350895465497e-02,3.092982769365485218e+00,1.253894944490146698e-02,2.277659125158948417e-02,9.996619436778496626e-01,9.409349384046343800e-01,0.000000000000000000e+00,0.000000000000000000e+00,0.000000000000000000e+00,1.000000000000000056e-01
9.989146920455569401e-01,-4.545671425396803633e-02,-1.015505513344307220e-02,5.157909092230199377e+01,4.521561894641806800e-02,9.987163913957664008e-01,-2.282799510930842019e-02,3.144227529735510451e+00,1.117970566797213058e-02,2.234405260133866949e-02,9.996878300222155067e-01,9.657135878383699135e-01,0.000000000000000000e+00,0.000000000000000000e+00,0.000000000000000000e+00,1.000000000000000056e-01
9.989544976800273091e-01,-4.456298810655606041e-02,-1.020057134964741201e-02,5.253750700774179450e+01,4.427507642042927821e-02,9.986572355787908251e-01,-2.689690380123093555e-02,3.182892642215727097e+00,1.138548078956053665e-02,2.641715194986898885e-02,9.995861668260761501e-01,9.916118690225330656e-01,0.000000000000000000e+00,0.000000000000000000e+00,0.000000000000000000e+00,1.000000000000000056e-01
9.989127732205052013e-01,-4.514943102850147577e-02,-1.161035635638471390e-02,5.352169058972753390e+01,4.478564300456307906e-02,9.985494773927369172e-01,-2.988624063611449236e-02,3.238041632668801295e+00,1.294286203231284800e-02,2.933377024002367314e-02,9.994858739601666375e-01,1.033140373007515489e+00,0.000000000000000000e+00,0.000000000000000000e+00,0.000000000000000000e+00,1.000000000000000056e-01
9.989241895804120697e-01,-4.481360241546750167e-02,-1.192495323534984927e-02,5.448295370346977506e+01,4.445257842588243302e-02,9.985908031556474107e-01,-2.898924152595105941e-02,3.277703725601464058e+00,1.320726097295147131e-02,2.842795967894212045e-02,9.995085889406277735e-01,1.051977141310236341e+00,0.000000000000000000e+00,0.000000000000000000e+00,0.000000000000000000e+00,1.000000000000000056e-01
9.988957012747029518e-01,-4.640322656381840050e-02,-7.356530390492750128e-03,5.542505262527470222e+01,4.614912134694403034e-02,9.984347575732508417e-01,-3.159578244875185793e-02,3.321044299759022600e+00,8.811161888442430382e-03,3.122139385278560608e-02,9.994736554767538195e-01,1.084832024499376546e+00,0.000000000000000000e+00,0.000000000000000000e+00,0.000000000000000000e+00,1.000000000000000056e-01
9.987704319409012044e-01,-4.954153524009437953e-02,-1.805703918199157848e-03,5.636656040268090351e+01,4.945966499672837385e-02,9.982740432958652210e-01,-3.166505992630450766e-02,3.367241658724516640e+00,3.371323033634575014e-03,3.153681606915226948e-02,9.994969051543998173e-01,1.121738841975787881e+00,0.000000000000000000e+00,0.000000000000000000e+00,0.000000000000000000e+00,1.000000000000000056e-01
9.987760648644682382e-01,-4.943299909824079574e-02,-1.658569866125234396e-03,5.732358029252363707e+01,4.936517264895569357e-02,9.983684702505711828e-01,-2.869629486315617567e-02,3.428938152450760946e+00,3.074407778140396223e-03,2.857929687182195200e-02,9.995868005366647102e-01,1.133777972607811213e+00,0.000000000000000000e+00,0.000000000000000000e+00,0.000000000000000000e+00,1.000000000000000056e-01
9.987058685782728151e-01,-5.063631693420397872e-02,-4.748839295707996642e-03,5.822721436928645744e+01,5.048173186334721507e-02,9.983209465805695793e-01,-2.840567490049682176e-02,3.482547804201267194e+00,6.179224497841732770e-03,2.812918459206466271e-02,9.995851970486512306e-01,1.151705657140584593e+00,0.000000000000000000e+00,0.000000000000000000e+00,0.000000000000000000e+00,1.000000000000000056e-01
9.984998001270728452e-01,-5.372601488630577432e-02,-1.056714108129765302e-02,5.914432268964866779e+01,5.340767180152849319e-02,9.981689048614220683e-01,-2.839820347292412381e-02,3.540443952337495315e+00,1.207351394316568370e-02,2.779123408893228661e-02,9.995408333674409285e-01,1.172739952591234314e+00,0.000000000000000000e+00,0.000000000000000000e+00,0.000000000000000000e+00,1.000000000000000056e-01
9.984228941134619673e-01,-5.380548834288354648e-02,-1.602167077063491180e-02,6.008766420168385025e+01,5.336701831977316152e-02,9.982195199702451616e-01,-2.664115812104263584e-02,3.599680135871057729e+00,1.742658502850716329e-02,2.574411339621590286e-02,9.995166605713418084e-01,1.206304710427957172e+00,0.000000000000000000e+00,0.000000000000000000e+00,0.000000000000000000e+00,1.000000000000000056e-01
9.983980916462436017e-01,-5.430145420790917499e-02,-1.589347878990987270e-02,6.100050521216537902e+01,5.391895454885477224e-02,9.982668729922827833e-01,-2.357958071230476307e-02,3.668156147064529637e+00,1.714633889486341309e-02,2.268484862448731307e-02,9.995956185905311431e-01,1.223165368753785121e+00,0.000000000000000000e+00,0.000000000000000000e+00,0.000000000000000000e+00,1.000000000000000056e-01
9.983789766256817577e-01,-5.535234656283299221e-02,-1.324902871325029687e-02,6.191977727603474335e+01,5.506201154636598122e-02,9.982544811304085997e-01,-2.135803800742534439e-02,3.727711387511797980e+00,1.440811980531672525e-02,2.059389795659860925e-02,9.996840988285393692e-01,1.258444364497683043e+00,0.000000000000000000e+00,0.000000000000000000e+00,0.000000000000000000e+00,1.000000000000000056e-01
9.982342353193749407e-01,-5.811058640037978368e-02,-1.231142496004009046e-02,6.280431897913343420e+01,5.784415510736964222e-02,9.981048935248044707e-01,-2.099226623671982678e-02,3.790663197759340797e+00,1.350796639976811764e-02,2.024305485945145089e-02,9.997038329293831405e-01,1.294759152388654577e+00,0.000000000000000000e+00,0.000000000000000000e+00,0.000000000000000000e+00,1.000000000000000056e-01
9.983018659103886083e-01,-5.643055521166835675e-02,-1.445603536033419033e-02,6.363169271934807369e+01,5.612692872436053637e-02,9.982108464219140442e-01,-2.061247092457470925e-02,3.853063030698638425e+00,1.559334447150243462e-02,1.976609531872025594e-02,9.996830243052265974e-01,1.324358171235257675e+00,0.000000000000000000e+00,0.000000000000000000e+00,0.000000000000000000e+00,1.000000000000000056e-01
9.982730311114640376e-01,-5.734661303178896496e-02,-1.274053881561575986e-02,6.445241786829461716e+01,5.710876952478646795e-02,9.982000887323060345e-01,-1.830768412937796782e-02,3.900645117052308208e+00,1.376749065352070485e-02,1.754847083362278889e-02,9.997512227411911034e-01,1.350569966832779745e+00,0.000000000000000000e+00,0.000000000000000000e+00,0.000000000000000000e+00,1.000000000000000056e-01
9.981493939393800696e-01,-5.915418824559035699e-02,-1.409146519895754408e-02,6.526255026278344928e+01,5.888950367682236481e-02,9.980928614374747765e-01,-1.851124804683043981e-02,3.951619150538998593e+00,1.515960867389715312e-02,1.764715162735951484e-02,9.997293455252252992e-01,1.380609317513163736e+00,0.000000000000000000e+00,0.000000000000000000e+00,0.000000000000000000e+00,1.000000000000000056e-01
9.981149760619665301e-01,-6.006226155937691852e-02,-1.261028537317483017e-02,6.606866439832907645e+01,5.982343302756356479e-02,9.980369379610349867e-01,-1.853179230829794799e-02,3.994275170478814641e+00,1.369859195744327351e-02,1.774246887370155290e-02,9.997487451238181722e-01,1.413305967397716190e+00,0.000000000000000000e+00,0.000000000000000000e+00,0.000000000000000000e+00,1.000000000000000056e-01
9.980117219963752229e-01,-6.166632239700646501e-02,-1.303332036966617369e-02,6.681947407518377702e+01,6.142832782745491493e-02,9.979503679058613352e-01,-1.793387121841426290e-02,4.048029207435455135e+00,1.411252274232444384e-02,1.709759862040274858e-02,9.997542242087616993e-01,1.436686518395333012e+00,0.000000000000000000e+00,0.000000000000000000e+00,0.000000000000000000e+00,1.000000000000000056e-01
9.979288498488879666e-01,-6.330942539547476655e-02,-1.139856549616588902e-02,6.760786518415078206e+01,6.310572817915921506e-02,9.978547701350366506e-01,-1.742196285529184693e-02,4.102960746463462982e+00,1.247708741067560592e-02,1.666656457845805059e-02,9.997832504672692355e-01,1.456451305524203654e+00,0.000000000000000000e+00,0.000000000000000000e+00,0.000000000000000000e+00,1.000000000000000056e-01
9.978122155311637265e-01,-6.563959796813402525e-02,-7.888327793153512152e-03,6.835952648688837030e+01,6.551261465309231313e-02,9.977328659505648734e-01,-1.540212723579466834e-02,4.162553811218444366e+00,8.881433336232157777e-03,1.485164572207101248e-02,9.998502631700609822e-01,1.480747831309440876e+00,0.000000000000000000e+00,0.000000000000000000e+00,0.000000000000000000e+00,1.000000000000000056e-01
9.979207757243661048e-01,-6.405675345446819324e-02,-7.131459496679435142e-03,6.905437293030895773e+01,6.396461744940538929e-02,9.978741986955621535e-01,-1.247442552749539191e-02,4.211558117821780023e+00,7.915370631279745189e-03,1.199232732055300829e-02,9.998967601673716121e-01,1.506218385988435493e+00,0.000000000000000000e+00,0.000000000000000000e+00,0.000000000000000000e+00,1.000000000000000056e-01
9.979893714912579927e-01,-6.275694285238533898e-02,-8.875838794520281641e-03,6.971770620021257514e+01,6.266479616831152621e-02,9.979814306797618606e-01,-1.030472413796470511e-02,4.260245854176451630e+00,9.504615282474130136e-03,9.727802536956786997e-03,9.999075117960330994e-01,1.538368219322016950e+00,0.000000000000000000e+00,0.000000000000000000e+00,0.000000000000000000e+00,1.000000000000000056e-01
9.977260057894591361e-01,-6.596530853101757741e-02,-1.383457414667488977e-02,7.040508166288708480e+01,6.583585607927523731e-02,9.977841585130459157e-01,-9.613171938639848355e-03,4.320586452830255553e+00,1.443805477622044434e-02,8.680500608867896054e-03,9.998580856718909393e-01,1.561463917783428856e+00,0.000000000000000000e+00,0.000000000000000000e+00,0.000000000000000000e+00,1.000000000000000056e-01
9.977101193733616258e-01,-6.529440408259792883e-02,-1.763968524353490622e-02,7.114570564317371293e+01,6.511930586431358137e-02,9.978240634919496310e-01,-1.032542106471083174e-02,4.375457821946544534e+00,1.827549462374518027e-02,9.153093024328897570e-03,9.997910917708485723e-01,1.588987130606659859e+00,0.000000000000000000e+00,0.000000000000000000e+00,0.000000000000000000e+00,1.000000000000000056e-01
9.975779316055477519e-01,-6.729863185905690659e-02,-1.758307491584315888e-02,7.185576224365621556e+01,6.712167190964560270e-02,9.976898793791489917e-01,-1.046832099588678594e-02,4.426507297907322780e+00,1.824695957278672440e-02,9.262760620795722211e-03,9.997906029424515895e-01,1.610938272121126724e+00,0.000000000000000000e+00,0.000000000000000000e+00,0.000000000000000000e+00,1.000000000000000056e-01
9.975691021588357632e-01,-6.794887216973478916e-02,-1.545435824857803973e-02,7.253572924193164795e+01,6.781474423125753714e-02,9.976569377100539260e-01,-9.044064564487502844e-03,4.477747620523871319e+00,1.603268171153766908e-02,7.974046015576795321e-03,9.998396710009450628e-01,1.629261142524718986e+00,0.000000000000000000e+00,0.000000000000000000e+00,0.000000000000000000e+00,1.000000000000000056e-01
9.975085776661022363e-01,-6.892129821522624544e-02,-1.504965563982940333e-02,7.317165010453466323e+01,6.878381620221293846e-02,9.975866410423335218e-01,-9.469965286868328030e-03,4.525380140301206389e+00,1.566601772020531982e-02,8.411198856414763697e-03,9.998419013136967681e-01,1.649031325383361501e+00,0.000000000000000000e+00,0.000000000000000000e+00,0.000000000000000000e+00,1.000000000000000056e-01
9.974149964355345510e-01,-6.985871750294307680e-02,-1.682511439327138980e-02,7.375501587461137376e+01,6.969090429551681731e-02,9.975148089465708523e-01,-1.036261505409863740e-02,4.562162281179073631e+00,1.750721976716432954e-02,9.163270220304008812e-03,9.998047468055419884e-01,1.675399780263949756e+00,0.000000000000000000e+00,0.000000000000000000e+00,0.000000000000000000e+00,1.000000000000000056e-01
9.973865778996615639e-01,-6.935063294019074009e-02,-2.026089673231063273e-02,7.439715926579539484e+01,6.900479945285499517e-02,9.974663577431712724e-01,-1.729748025127048755e-02,4.592645582445052277e+00,2.140915407188446681e-02,1.585417551835354572e-02,9.996450836374676241e-01,1.708284316669919534e+00,0.000000000000000000e+00,0.000000000000000000e+00,0.000000000000000000e+00,1.000000000000000056e-01
9.973516021625795647e-01,-6.841432868188018768e-02,-2.468321888942563019e-02,7.502365214857617559e+01,6.792317554442825478e-02,9.974856922595450870e-01,-2.021721942940932562e-02,4.615472329630089909e+00,2.600430517618990828e-02,1.848711357956582188e-02,9.994908717661206143e-01,1.729961912829103277e+00,0.000000000000000000e+00,0.000000000000000000e+00,0.000000000000000000e+00,1.000000000000000056e-01
9.976914886818353256e-01,-6.327178085040464917e-02,-2.466526220905781303e-02,7.561192866015443315e+01,6.277701017530500083e-02,9.978202221456996535e-01,-2.034333479437982345e-02,4.655875032738403974e+00,2.589865643760041330e-02,1.874796055908319742e-02,9.994887560996382758e-01,1.759820590208611701e+00,0.000000000000000000e+00,0.000000000000000000e+00,0.000000000000000000e+00,1.000000000000000056e-01
9.980025017180566005e-01,-5.849233270113135541e-02,-2.386741669474497576e-02,7.618343818957420410e+01,5.811971833529831766e-02,9.981811011177476045e-01,-1.601835547072770136e-02,4.708514478373661660e+00,2.476095525471544087e-02,1.459919129750559055e-02,9.995867939845608507e-01,1.771388875094312532e+00,0.000000000000000000e+00,0.000000000000000000e+00,0.000000000000000000e+00,1.000000000000000056e-01
9.984750611134819431e-01,-5.139452778687796791e-02,-2.015328380170982106e-02,7.672227982679500258e+01,5.102786123419374847e-02,9.985294631917860375e-01,-1.830487683071337773e-02,4.727861667482326169e+00,2.106441815698449974e-02,1.724858404297432979e-02,9.996293196161365469e-01,1.798932290974583514e+00,0.000000000000000000e+00,0.000000000000000000e+00,0.000000000000000000e+00,1.000000000000000056e-01
9.988829738735832686e-01,-4.402413929373254903e-02,-1.716623618945899155e-02,7.728874087084670919e+01,4.362950843335901968e-02,9.987893337845686892e-01,-2.272295561851033624e-02,4.734831611310262645e+00,1.814581217057290030e-02,2.194861903681801646e-02,9.995944115605323033e-01,1.819114432169659512e+00,0.000000000000000000e+00,0.000000000000000000e+00,0.000000000000000000e+00,1.000000000000000056e-01
9.992543428992526344e-01,-3.578113629119720335e-02,-1.450753192977757150e-02,7.784339899330885260e+01,3.540819184810813786e-02,9.990552459636229399e-01,-2.519673515780200893e-02,4.740026946790075080e+00,1.539539369520355819e-02,2.466426155950382851e-02,9.995772386637733486e-01,1.851896204471815466e+00,0.000000000000000000e+00,0.000000000000000000e+00,0.000000000000000000e+00,1.000000000000000056e-01
9.996046494383178382e-01,-2.394464505494590945e-02,-1.473766584267609259e-02,7.833011219702281380e+01,2.362828885043907062e-02,9.994943447924544699e-01,-2.127812712393802735e-02,4.754459397427202916e+00,1.523971086661238955e-02,2.092148897891603354e-02,9.996649651316220631e-01,1.876620012255947767e+00,0.000000000000000000e+00,0.000000000000000000e+00,0.000000000000000000e+00,1.000000000000000056e-01
9.998486149228237307e-01,-9.624057140560851251e-03,-1.449568077277653411e-02,7.883423060802178384e+01,9.340104057095748383e-03,9.997656287778196038e-01,-1.953074424320587824e-02,4.764555516471891572e+00,1.468024840095177516e-02,1.939239641318513466e-02,9.997041688760931466e-01,1.884340720694615001e+00,0.000000000000000000e+00,0.000000000000000000e+00,0.000000000000000000e+00,1.000000000000000056e-01
9.998659419046918018e-01,9.253437738132560056e-03,-1.350822375703378091e-02,7.932721678488869088e+01,-9.422116532848556422e-03,9.998777622878849414e-01,-1.247734756321121699e-02,4.756078601336211520e+00,1.339111418385376985e-02,1.260295093215296064e-02,9.998309075482297859e-01,1.899105182656793955e+00,0.000000000000000000e+00,0.000000000000000000e+00,0.000000000000000000e+00,1.000000000000000056e-01
9.994200988179480216e-01,3.142106781106078495e-02,-1.312183585995826442e-02,7.981782445805521320e+01,-3.160960788283982692e-02,9.993963083528865088e-01,-1.441705726268001017e-02,4.726859100828417759e+00,1.266091498336819644e-02,1.482347288036793900e-02,9.998099648851019872e-01,1.918554190181294583e+00,0.000000000000000000e+00,0.000000000000000000e+00,0.000000000000000000e+00,1.000000000000000056e-01
9.983471265751390211e-01,5.602803928069532285e-02,-1.280131530446253739e-02,8.030458624324757011e+01,-5.624648612592526159e-02,9.982653871538071932e-01,-1.739395323512214417e-02,4.707515954350361298e+00,1.180456088338324890e-02,1.808523223573258246e-02,9.997667611584865055e-01,1.937362775499429368e+00,0.000000000000000000e+00,0.000000000000000000e+00,0.000000000000000000e+00,1.000000000000000056e-01
9.963669149971686734e-01,8.444601647885545403e-02,-1.103816107319010274e-02,8.077369228819696900e+01,-8.463828836731258909e-02,9.962437155387773302e-01,-1.829807071096278825e-02,4.658316319577338938e+00,9.451499419481179318e-03,1.916584332463955320e-02,9.997716437308966642e-01,1.953987838219051421e+00,0.000000000000000000e+00,0.000000000000000000e+00,0.000000000000000000e+00,1.000000000000000056e-01
9.930544213499518102e-01,1.172834416363306709e-01,-9.354707651753866454e-03,8.123909367973526230e+01,-1.174441867321663335e-01,9.928969858798447623e-01,-1.903781588153921622e-02,4.594905381833413571e+00,7.055440463387820799e-03,2.000424326628625488e-02,9.997750001931489106e-01,1.969322887626138385e+00,0.000000000000000000e+00,0.000000000000000000e+00,0.000000000000000000e+00,1.000000000000000056e-01
