1.000000000000000000e+00,-3.079505338988897610e-09,8.835980751411980612e-11,2.267189932172915864e-15,3.079505338973865257e-09,1.000000000000000000e+00,1.701256233122612741e-10,1.438208539751572338e-14,-8.835980803802258285e-11,-1.701256230401567995e-10,1.000000000000000000e+00,-1.400691716574038988e-15,0.000000000000000000e+00,0.000000000000000000e+00,0.000000000000000000e+00,1.000000000000000056e-01
9.999726033940155023e-01,-7.357689668600333674e-03,-8.104715513776748542e-04,6.411487277094126691e-01,7.356517108367637697e-03,9.999719031062951347e-01,-1.440365928717621128e-03,9.794326905264627917e-03,8.210465451573746186e-04,1.434364219746243592e-03,9.999986342399952433e-01,7.910678458517400244e-03,0.000000000000000000e+00,0.000000000000000000e+00,0.000000000000000000e+00,1.000000000000000056e-01
9.998997770109392391e-01,-1.411062136064657017e-02,-1.151650246595237225e-03,1.304397273876161556e+00,1.411154906405146826e-02,9.999001059558537685e-01,8.014315225308111731e-04,2.249256750306643723e-02,1.140226506833743854e-03,-8.176027696275513148e-04,9.999990157041276362e-01,1.252412283153579893e-02,0.000000000000000000e+00,0.000000000000000000e+00,0.000000000000000000e+00,1.000000000000000056e-01
9.997270725858216078e-01,-2.329584759670019073e-02,-1.756081927106363516e-03,2.030461629127717327e+00,2.330020391454736689e-02,9.997253813851123549e-01,2.502461174935846720e-03,3.427546268119392031e-02,1.697302720171947610e-03,-2.542695251670519258e-03,9.999953269212478180e-01,1.752800647820779850e-02,0.000000000000000000e+00,0.000000000000000000e+00,0.000000000000000000e+00,1.000000000000000056e-01
9.994723547658876939e-01,-3.245926101346282427e-02,-1.186774279926858201e-03,2.748095588389209531e+00,3.246450689980163312e-02,9.994618078557527818e-01,4.706424275714950721e-03,5.957004532807651936e-02,1.033368513326877536e-03,-4.742468995175352399e-03,9.999882204992943668e-01,2.295103471705844250e-02,0.000000000000000000e+00,0.000000000000000000e+00,0.000000000000000000e+00,1.000000000000000056e-01
9.992004763718619342e-01,-3.995714241967958380e-02,-1.354543427707280119e-03,3.446227076259676725e+00,3.996096020696868201e-02,9.991969767050800089e-01,2.919486729690960215e-03,8.300799499791447489e-02,1.236801350730224206e-03,-2.971281387081758235e-03,9.999948208912572412e-01,2.818324387562144012e-02,0.000000000000000000e+00,0.000000000000000000e+00,0.000000000000000000e+00,1.000000000000000056e-01
9.987798191881575027e-01,-4.936802940950780344e-02,-1.292460712525264968e-03,4.184751655292439310e+00,4.937409298582353528e-02,9.987669335926511183e-01,5.177963283008231270e-03,1.282683901119646419e-01,1.035241179000929643e-03,-5.235459306966626196e-03,9.999857590193704793e-01,4.134204610491197529e-02,0.000000000000000000e+00,0.000000000000000000e+00,0.000000000000000000e+00,1.000000000000000056e-01
9.984434143483714719e-01,-5.573041071962291093e-02,-2.206731834274944237e-03,4.955248186755550677e+00,5.574538385696387044e-02,9.984173496678808712e-01,7.432903928093329872e-03,1.768797052813805837e-01,1.789000560652391492e-03,-7.544349089659964890e-03,9.999699406851224603e-01,4.869277319440803303e-02,0.000000000000000000e+00,0.000000000000000000e+00,0.000000000000000000e+00,1.000000000000000056e-01
9.979719519661439664e-01,-6.364797751739099951e-02,-9.581476035111762685e-04,5.740858813512490499e+00,6.365327627769525043e-02,9.979455942578593364e-01,7.269891363928215368e-03,2.390787452769644328e-01,4.934652974875265892e-04,-7.316136909162361708e-03,9.999731149549604403e-01,5.054120625308414216e-02,0.000000000000000000e+00,0.000000000000000000e+00,0.000000000000000000e+00,1.000000000000000056e-01
9.973760727728140374e-01,-7.234205859068060240e-02,2.756087651143216983e-03,6.549324293634423810e+00,7.232365879213034643e-02,9.973614733747673267e-01,6.275333188989443145e-03,2.989872142114232689e-01,-3.202786161728117444e-03,-6.059536828492704044e-03,9.999765118112656781e-01,5.184639084361174211e-02,0.000000000000000000e+00,0.000000000000000000e+00,0.000000000000000000e+00,1.000000000000000056e-01
9.970918271119192378e-01,-7.607391097137523872e-02,4.544048429961780773e-03,7.373380534655584739e+00,7.603877667759677272e-02,9.970769512722624794e-01,7.460407695626409402e-03,3.779275285758861846e-01,-5.098308345827049469e-03,-7.093187656453911125e-03,9.999618462425859944e-01,6.084587465253527006e-02,0.000000000000000000e+00,0.000000000000000000e+00,0.000000000000000000e+00,1.000000000000000056e-01
9.966555603488163051e-01,-8.161661292644081800e-02,4.052470876217055366e-03,8.190031570426789642e+00,8.158456887654239043e-02,9.966379985579215672e-01,7.527147646296301724e-03,4.503167656853324097e-01,-4.653186759175168170e-03,-7.171354465926801057e-03,9.999634590964353587e-01,6.489631472383500244e-02,0.000000000000000000e+00,0.000000000000000000e+00,0.000000000000000000e+00,1.000000000000000056e-01
9.962801602941255830e-01,-8.606333890117040530e-02,4.352459246641659715e-03,9.022545906389925818e+00,8.602604186730045122e-02,9.962596951766882203e-01,8.132643303234000573e-03,5.369045709135525923e-01,-5.036102159096739889e-03,-7.727966332383603455e-03,9.999574572007594586e-01,6.778728899676336739e-02,0.000000000000000000e+00,0.000000000000000000e+00,0.000000000000000000e+00,1.000000000000000056e-01
9.960095965637111304e-01,-8.909356076823485293e-02,5.217373154203706204e-03,9.803051699599068414e+00,8.905733219343275886e-02,9.960032374654674836e-01,6.807535596394824126e-03,6.324810765337705032e-01,-5.803028138991632445e-03,-6.315725448787294985e-03,9.999632175617628738e-01,7.747434921522772244e-02,0.000000000000000000e+00,0.000000000000000000e+00,0.000000000000000000e+00,1.000000000000000056e-01
9.956882050422145580e-01,-9.259423783941594932e-02,5.595128126379411704e-03,1.057874596595909011e+01,9.254884831649659582e-02,9.956768845664936141e-01,7.890007303638705422e-03,6.811050125807518452e-01,-6.301508954451666075e-03,-7.338164545650334263e-03,9.999532200688179273e-01,7.980483423412512711e-02,0.000000000000000000e+00,0.000000000000000000e+00,0.000000000000000000e+00,1.000000000000000056e-01
9.953982425207591467e-01,-9.561270107193896306e-02,6.367902347865678908e-03,1.137908661027439194e+01,9.556968552740090217e-02,9.953998668075240142e-01,6.748360375464039322e-03,7.756465891165533755e-01,-6.983838112213777358e-03,-6.108727632778914764e-03,9.999569537994777990e-01,9.297366619707789215e-02,0.000000000000000000e+00,0.000000000000000000e+00,0.000000000000000000e+00,1.000000000000000056e-01
9.950502755791656995e-01,-9.922983597712618786e-02,5.328106772485370797e-03,1.223710207327463984e+01,9.917660432159479400e-02,9.950248118796527486e-01,9.467042785345243863e-03,8.706241093088630256e-01,-6.241011541745204554e-03,-8.891759995319546347e-03,9.999409914485561934e-01,8.536273724752888037e-02,0.000000000000000000e+00,0.000000000000000000e+00,0.000000000000000000e+00,1.000000000000000056e-01
9.947495474571547147e-01,-1.022966050314637054e-01,2.956760528436926279e-03,1.311209789250843549e+01,1.022679271200953866e-01,9.947196080381193184e-01,8.612343876620963054e-03,9.871318492712840564e-01,-3.822161213851201639e-03,-8.264743403580339029e-03,9.999585416906684454e-01,8.427780074680010780e-02,0.000000000000000000e+00,0.000000000000000000e+00,0.000000000000000000e+00,1.000000000000000056e-01
9.950806446593133403e-01,-9.906790920879444962e-02,2.449273433954679124e-04,1.398514724802792308e+01,9.905718094425801368e-02,9.950036970101284739e-01,1.246265780453482269e-02,1.093258364049334963e+00,-1.478353064057288729e-03,-1.237708775013201049e-02,9.999223080675035957e-01,9.172774880058962022e-02,0.000000000000000000e+00,0.000000000000000000e+00,0.000000000000000000e+00,1.000000000000000056e-01
9.933802406832831222e-01,-1.148692196210244904e-01,8.716671838204377272e-04,1.493856864979911592e+01,1.148479616905632023e-01,9.932961356458076541e-01,1.314277773638809592e-02,1.229428518119332958e+00,-2.375524267489579917e-03,-1.295566651168576951e-02,9.999132500320677686e-01,9.216643985219676039e-02,0.000000000000000000e+00,0.000000000000000000e+00,0.000000000000000000e+00,1.000000000000000056e-01
9.925789255333173911e-01,-1.215797676073982897e-01,2.331672287494208906e-03,1.591258926317749101e+01,1.215393457058166343e-01,9.925001605054496467e-01,1.310033747881259210e-02,1.372833901716121963e+00,-3.906921105836635294e-03,-1.271972897462121839e-02,9.999114683122125591e-01,9.855386934618787231e-02,0.000000000000000000e+00,0.000000000000000000e+00,0.000000000000000000e+00,1.000000000000000056e-01
9.922976036745937423e-01,-1.238361338529894162e-01,3.174538392185326935e-03,1.683542724043022787e+01,1.237850332366006723e-01,9.922230488869244747e-01,1.306471599957813312e-02,1.502282675047967642e+00,-4.767734081577769747e-03,-1.257112603868297887e-02,9.999096136660787781e-01,1.045330476072222070e-01,0.000000000000000000e+00,0.000000000000000000e+00,0.000000000000000000e+00,1.000000000000000056e-01
9.919396740356026809e-01,-1.266754479839770353e-01,3.002324466301475089e-03,1.772362386960336167e+01,1.266299127716135342e-01,9.918740647792750886e-01,1.227618872825952424e-02,1.613558711308901383e+00,-4.533019478864836783e-03,-1.179705456022945610e-02,9.999201374300386025e-01,1.133855668950637524e-01,0.000000000000000000e+00,0.000000000000000000e+00,0.000000000000000000e+00,1.000000000000000056e-01
9.916307445381078445e-01,-1.290733678474515478e-01,2.920992864486176947e-03,1.863309926468440025e+01,1.290275207757281550e-01,9.915619294164150777e-01,1.252353841633458385e-02,1.736493997470086370e+00,-4.512800601284738984e-03,-1.204183725653321622e-02,9.999173109743726418e-01,1.184022589216452842e-01,0.000000000000000000e+00,0.000000000000000000e+00,0.000000000000000000e+00,1.000000000000000056e-01
9.911727391286182520e-01,-1.325585232471089003e-01,2.199800631389995428e-03,1.955743952351959081e+01,1.325301016612669136e-01,9.911276393582647559e-01,1.008834246879485898e-02,1.859159069192864333e+00,-3.517578986522925787e-03,-9.707750236750330511e-03,9.999466916908192893e-01,1.283749376971615175e-01,0.000000000000000000e+00,0.000000000000000000e+00,0.000000000000000000e+00,1.000000000000000056e-01
9.910167131527676254e-01,-1.336793566226464336e-01,3.962810220097961328e-03,2.048039791116404373e+01,1.336421749305038709e-01,9.909931641480658193e-01,8.503980929503962907e-03,1.990164486612845618e+00,-5.063924538320515797e-03,-7.897988652820113822e-03,9.999559882532381705e-01,1.412256574456006997e-01,0.000000000000000000e+00,0.000000000000000000e+00,0.000000000000000000e+00,1.000000000000000056e-01
9.913007796366024582e-01,-1.315208966833160964e-01,5.001802423179838898e-03,2.140114092012625235e+01,1.314744467454927734e-01,9.912814125935933696e-01,8.696602751458426192e-03,2.123466574362798287e+00,-6.101978763534175211e-03,-7.963339881392727734e-03,9.999496742702118635e-01,1.422629921760427685e-01,0.000000000000000000e+00,0.000000000000000000e+00,0.000000000000000000e+00,1.000000000000000056e-01
9.913410912677194098e-01,-1.309884881741422979e-01,9.211771272664306606e-03,2.235345639979035681e+01,1.309295518068062381e-01,9.913687879179864382e-01,6.736379271636994820e-03,2.258437636667097070e+00,-1.001465065771830164e-02,-5.471956494261112983e-03,9.999348801118644881e-01,1.466273470813994895e-01,0.000000000000000000e+00,0.000000000000000000e+00,0.000000000000000000e+00,1.000000000000000056e-01
9.917454617312803089e-01,-1.276716157549997732e-01,1.187003226269168522e-02,2.331553489485992614e+01,1.275900815686778211e-01,9.917994346615548462e-01,7.392732263396244868e-03,2.397348382202660222e+00,-1.271653336046394724e-02,-5.817210287397971483e-03,9.999022201414318189e-01,1.459141033678597044e-01,0.000000000000000000e+00,0.000000000000000000e+00,0.000000000000000000e+00,1.000000000000000056e-01
9.921925931325231707e-01,-1.241371096525265005e-01,1.199317055977584291e-02,2.423338289208873064e+01,1.240794605918283111e-01,9.922573737939333061e-01,5.439817166732778195e-03,2.510433186780299586e+00,-1.257559510322229894e-02,-3.909240166984628839e-03,9.999132823645842105e-01,1.425966535460303219e-01,0.000000000000000000e+00,0.000000000000000000e+00,0.000000000000000000e+00,1.000000000000000056e-01
9.923741986689132988e-01,-1.228201316354445849e-01,1.042425447138420509e-02,2.518421244036936102e+01,1.227748276170979314e-01,9.924225426451631638e-01,4.882474096324256226e-03,2.629592406212049482e+00,-1.094493123888851636e-02,-3.565405273100552379e-03,9.999337459879101830e-01,1.397519293914997462e-01,0.000000000000000000e+00,0.000000000000000000e+00,0.000000000000000000e+00,1.000000000000000056e-01
9.927250956709319230e-01,-1.202558047610899211e-01,5.951961559152571003e-03,2.612369933934526856e+01,1.202289192677716417e-01,9.927351304901294027e-01,4.686967297674433063e-03,2.757703097296831274e+00,-6.472356359368310573e-03,-3.937272153210147167e-03,9.999713028338107490e-01,1.362785010650933715e-01,0.000000000000000000e+00,0.000000000000000000e+00,0.000000000000000000e+00,1.000000000000000056e-01
9.928080288481497817e-01,-1.196241391908672985e-01,4.720506063478748481e-03,2.706316026279385412e+01,1.196086749099170704e-01,9.928151769312698605e-01,3.433561012293211059e-03,2.877839332274279460e+00,-5.097326843072684695e-03,-2.844253465387758858e-03,9.999829635955201912e-01,1.385859452839333095e-01,0.000000000000000000e+00,0.000000000000000000e+00,0.000000000000000000e+00,1.000000000000000056e-01
9.930736109742176465e-01,-1.173726258726082577e-01,5.335717608439036370e-03,2.801618615517664779e+01,1.173622429765538849e-01,9.930866904785136118e-01,2.220161693469176623e-03,2.995664906007628137e+00,-5.559416348916905969e-03,-1.578572203464170300e-03,9.999833003603899595e-01,1.417636656170927489e-01,0.000000000000000000e+00,0.000000000000000000e+00,0.000000000000000000e+00,1.000000000000000056e-01
9.932066224786985087e-01,-1.160916724237412850e-01,7.957930529650162482e-03,2.902230915842919501e+01,1.161007778069815671e-01,9.932371986523952367e-01,-6.903663927719301974e-04,3.118268122340997373e+00,-7.823966837218060411e-03,1.609598397464119838e-03,9.999680968590592967e-01,1.477658178716955706e-01,0.000000000000000000e+00,0.000000000000000000e+00,0.000000000000000000e+00,1.000000000000000056e-01
9.934884352326094348e-01,-1.133000855655707517e-01,1.199248389182020619e-02,2.997640180016151135e+01,1.133476482175143907e-01,9.935497027054351893e-01,-3.361383271813655257e-03,3.228007454701174339e+00,-1.153428379310252050e-02,4.698815252355461464e-03,9.999224377083476556e-01,1.480927466370935697e-01,0.000000000000000000e+00,0.000000000000000000e+00,0.000000000000000000e+00,1.000000000000000056e-01
9.935418777849475136e-01,-1.127874869360854654e-01,1.239031388636646636e-02,3.090449506856639772e+01,1.129178150874291103e-01,9.935501606782505268e-01,-1.037522299055250105e-02,3.316080035598760301e+00,-1.114020302514744792e-02,1.170730570476702370e-02,9.998694089078301594e-01,1.537122325049274651e-01,0.000000000000000000e+00,0.000000000000000000e+00,0.000000000000000000e+00,1.000000000000000056e-01
9.938523394531749711e-01,-1.103988253836089006e-01,8.344262542035994074e-03,3.185603091775952578e+01,1.105045030268100026e-01,9.937840666494882624e-01,-1.349013285343228508e-02,3.416597335861779605e+00,-6.803100340927769815e-03,1.432927868125072682e-02,9.998741868846431347e-01,1.572821402776716782e-01,0.000000000000000000e+00,0.000000000000000000e+00,0.000000000000000000e+00,1.000000000000000056e-01
9.938446371452692718e-01,-1.106966188908343057e-01,4.369872277941753286e-03,3.285538734942990402e+01,1.107446086835729010e-01,9.937646449783598124e-01,-1.294071244393892040e-02,3.529486990422575410e+00,-2.910131459306979865e-03,1.334499745866559936e-02,9.999067167379753762e-01,1.548244860659546696e-01,0.000000000000000000e+00,0.000000000000000000e+00,0.000000000000000000e+00,1.000000000000000056e-01
9.939562948594108382e-01,-1.097527002832060228e-01,2.286632873171140674e-03,3.382547200056517767e+01,1.097730383079367211e-01,9.938749907410554529e-01,-1.274295256646229731e-02,3.645187956291225273e+00,-8.740537719011136266e-04,1.291694855651288713e-02,9.999161907229986435e-01,1.589834184746689305e-01,0.000000000000000000e+00,0.000000000000000000e+00,0.000000000000000000e+00,1.000000000000000056e-01
9.940247381529039306e-01,-1.091112485594002840e-01,3.091177422839529957e-03,3.479165464019889953e+01,1.091424540261399651e-01,9.939414307653607894e-01,-1.297524324471430179e-02,3.757602898654241130e+00,-1.656704319614001660e-03,1.323509145855627372e-02,9.999110398854895720e-01,1.727335245760941718e-01,0.000000000000000000e+00,0.000000000000000000e+00,0.000000000000000000e+00,1.000000000000000056e-01
9.939808261385811861e-01,-1.094550097849789350e-01,4.660268429374070549e-03,3.575744143491075988e+01,1.095051212481648883e-01,9.939092726819572787e-01,-1.236875487862392105e-02,3.876531969772998742e+00,-3.278061818874082774e-03,1.280462845196781406e-02,9.999126440849314124e-01,1.733538385584488806e-01,0.000000000000000000e+00,0.000000000000000000e+00,0.000000000000000000e+00,1.000000000000000056e-01
9.939923447006796531e-01,-1.092680613893164260e-01,6.301542403711024067e-03,3.671788375168203089e+01,1.093408389418352306e-01,9.939235248276474533e-01,-1.267311065525963780e-02,3.976640009084784211e+00,-4.878485004674837887e-03,1.328599090792200767e-02,9.998998363984533677e-01,1.895680095279946298e-01,0.000000000000000000e+00,0.000000000000000000e+00,0.000000000000000000e+00,1.000000000000000056e-01
9.938043522216570835e-01,-1.107911730220744878e-01,8.844517266947243481e-03,3.769552567652595343e+01,1.108903282830933229e-01,9.937644694427436587e-01,-1.164106380233665902e-02,4.099714441146402599e+00,-7.499639895379323420e-03,1.254971129448943096e-02,9.998931243627313670e-01,1.959865869515031445e-01,0.000000000000000000e+00,0.000000000000000000e+00,0.000000000000000000e+00,1.000000000000000056e-01
9.939149665916622300e-01,-1.097449463855725699e-01,9.438534204140524089e-03,3.868792689058819434e+01,1.098449844160581251e-01,9.938897541961487780e-01,-1.082755293475564165e-02,4.223304952570415161e+00,-8.192593223813460571e-03,1.179844255598135397e-02,9.998968337631249925e-01,2.109711294489499678e-01,0.000000000000000000e+00,0.000000000000000000e+00,0.000000000000000000e+00,1.000000000000000056e-01
9.940250560761212384e-01,-1.086145121762948085e-01,1.082014960939232072e-02,3.970462489148903984e+01,1.086930606572518720e-01,9.940510253027550203e-01,-6.955405056531998274e-03,4.349160451075577249e+00,-1.000032288594188308e-02,8.089922079165576263e-03,9.999172699293327193e-01,2.152449393542613942e-01,0.000000000000000000e+00,0.000000000000000000e+00,0.000000000000000000e+00,1.000000000000000056e-01
9.936376649978708731e-01,-1.121662991798054454e-01,1.014455646567803508e-02,4.069464486906230150e+01,1.122667021375781671e-01,9.936284296248930614e-01,-9.936369171945531181e-03,4.452861040770764056e+00,-8.965393952931282814e-03,1.101204656161890519e-02,9.998991731878736910e-01,2.332520277500304551e-01,0.000000000000000000e+00,0.000000000000000000e+00,0.000000000000000000e+00,1.000000000000000056e-01
9.938013791034580047e-01,-1.107603669484921727e-01,9.537295502411256148e-03,4.169117937893593506e+01,1.108407077223563797e-01,9.938030921195533107e-01,-8.351742645811059684e-03,4.556186351431284365e+00,-8.553151680644809768e-03,9.357093942568703998e-03,9.999196409658517304e-01,2.594347128532455971e-01,0.000000000000000000e+00,0.000000000000000000e+00,0.000000000000000000e+00,1.000000000000000056e-01
9.939659017828701426e-01,-1.095367729874406199e-01,5.786316312104803489e-03,4.269029602449266747e+01,1.095753463657597598e-01,9.939550109574787351e-01,-6.832251557286892971e-03,4.646826647158639467e+00,-5.002955305577946529e-03,7.425062694426814297e-03,9.999599186378392845e-01,2.709586296736858912e-01,0.000000000000000000e+00,0.000000000000000000e+00,0.000000000000000000e+00,1.000000000000000056e-01
9.941760682519505954e-01,-1.076580755971668357e-01,4.866628587377483037e-03,4.371543768837705812e+01,1.076912088350413521e-01,9.941586521241970731e-01,-7.153876309188010249e-03,4.762239955566043292e+00,-4.068028360308940244e-03,7.636305737355162521e-03,9.999625682894062173e-01,2.833557187477766526e-01,0.000000000000000000e+00,0.000000000000000000e+00,0.000000000000000000e+00,1.000000000000000056e-01
9.941137299388087545e-01,-1.080775703144058464e-01,7.558488081884386783e-03,4.469110826679602155e+01,1.081454421735207894e-01,9.940921908864754908e-01,-9.234682215478995024e-03,4.868174196011701760e+00,-6.515771960635139207e-03,9.997740417808079552e-03,9.999287924158875018e-01,2.980676848341757834e-01,0.000000000000000000e+00,0.000000000000000000e+00,0.000000000000000000e+00,1.000000000000000056e-01
9.938999130934841331e-01,-1.100785662142246685e-01,6.758107204331768696e-03,4.563945893880786286e+01,1.101318706536225517e-01,9.938839877378080612e-01,-8.098764395045025821e-03,4.973549650291582580e+00,-5.825274165087498436e-03,8.793644216890637161e-03,9.999443674536540039e-01,3.042082469601822270e-01,0.000000000000000000e+00,0.000000000000000000e+00,0.000000000000000000e+00,1.000000000000000056e-01
9.934066965659971160e-01,-1.146044618445292013e-01,2.992080072258028814e-03,4.653409286652246379e+01,1.146267075538289076e-01,9.933695977574675817e-01,-8.806824997465136085e-03,5.079388753137283885e+00,-1.962939938443653866e-03,9.091731215387047205e-03,9.999567427095560346e-01,3.213538750508274089e-01,0.000000000000000000e+00,0.000000000000000000e+00,0.000000000000000000e+00,1.000000000000000056e-01
9.936107802468334693e-01,-1.128449532794578714e-01,1.906278215733716230e-03,4.747814108972293923e+01,1.128569380415242462e-01,9.935770513156689798e-01,-8.243460120118731999e-03,5.186516534082316277e+00,-9.638014164601281259e-04,8.405927564367796090e-03,9.999642050936684567e-01,3.263255487406201971e-01,0.000000000000000000e+00,0.000000000000000000e+00,0.000000000000000000e+00,1.000000000000000056e-01
9.935806905657984522e-01,-1.131119365085743733e-01,1.761009389882094937e-03,4.842791895812536751e+01,1.131213019536659037e-01,9.935585549733693123e-01,-6.705884247277127223e-03,5.305328695173648690e+00,-9.911503914939293926e-04,6.862044776200010819e-03,9.999759646923473966e-01,3.397220180481999030e-01,0.000000000000000000e+00,0.000000000000000000e+00,0.000000000000000000e+00,1.000000000000000056e-01
9.939058277670164143e-01,-1.101269162081239400e-01,4.823676735732242322e-03,4.939726752287660361e+01,1.101649590843459120e-01,9.938769970538620102e-01,-8.496853367102831164e-03,5.428456230991675291e+00,-3.858409090076487212e-03,8.976472229473354478e-03,9.999522666735682908e-01,3.425667272772877081e-01,0.000000000000000000e+00,0.000000000000000000e+00,0.000000000000000000e+00,1.000000000000000056e-01
9.941358635792262310e-01,-1.079045791946471183e-01,7.105387703162629152e-03,5.039293113759907072e+01,1.079772774190180668e-01,9.940947419029446674e-01,-1.079591043377885022e-02,5.548108888272433425e+00,-5.898500382515803851e-03,1.149982216140278506e-02,9.999164774037347936e-01,3.656500967168753169e-01,0.000000000000000000e+00,0.000000000000000000e+00,0.000000000000000000e+00,1.000000000000000056e-01
9.942428102274173396e-01,-1.069293450857320832e-01,6.881095161692301308e-03,5.131957729281477754e+01,1.069948451739539813e-01,9.942094639174936521e-01,-9.982232370136139357e-03,5.668043074705156670e+00,-5.773856362039110450e-03,1.066100447547975970e-02,9.999265000820232174e-01,3.702701797136545570e-01,0.000000000000000000e+00,0.000000000000000000e+00,0.000000000000000000e+00,1.000000000000000056e-01
9.941846525948289104e-01,-1.074650740491023965e-01,6.937896260414886523e-03,5.226451074455247436e+01,1.075464804700708848e-01,9.941192056118107745e-01,-1.267909981989700542e-02,5.781843158024697615e+00,-5.534535517999606899e-03,1.335151277433354981e-02,9.998955475564619277e-01,3.838884296982131294e-01,0.000000000000000000e+00,0.000000000000000000e+00,0.000000000000000000e+00,1.000000000000000056e-01
9.942982923808364459e-01,-1.065678620711563995e-01,3.767829897395246104e-03,5.323944754507179056e+01,1.066134254479602361e-01,9.941831056887729945e-01,-1.528168437307044977e-02,5.896087969027206555e+00,-2.117376396615099077e-03,1.559625392871340568e-02,9.998761291182953759e-01,4.085534853730926619e-01,0.000000000000000000e+00,0.000000000000000000e+00,0.000000000000000000e+00,1.000000000000000056e-01
9.940841701826447219e-01,-1.084826395538060623e-01,5.308437408655957215e-03,5.418312077321505171e+01,1.085635902604032005e-01,9.939152855182490365e-01,-1.861053687965103301e-02,6.010495457515735218e+00,-3.257216918462042810e-03,1.907674313441772365e-02,9.998127166671413324e-01,4.098084439639900767e-01,0.000000000000000000e+00,0.000000000000000000e+00,0.000000000000000000e+00,1.000000000000000056e-01
9.940939133588466703e-01,-1.081210845540774429e-01,9.333943311580909438e-03,5.512969851209463457e+01,1.082867888688576058e-01,9.939267753405864880e-01,-1.958409092949641231e-02,6.114826313239224653e+00,-7.159803025588626010e-03,2.047916834037362757e-02,9.997646427458422025e-01,4.233400932113526860e-01,0.000000000000000000e+00,0.000000000000000000e+00,0.000000000000000000e+00,1.000000000000000056e-01
9.938827402144873036e-01,-1.094993404143902727e-01,1.438725660282469572e-02,5.607866877978213438e+01,1.097423694845484909e-01,9.938085742265777567e-01,-1.735310155717223468e-02,6.229917135176475718e+00,-1.239802579683083918e-02,1.882583975683882471e-02,9.997459060750341076e-01,4.457690249268675409e-01,0.000000000000000000e+00,0.000000000000000000e+00,0.000000000000000000e+00,1.000000000000000056e-01
9.939091442269227805e-01,-1.091529214556298394e-01,1.517408184396024269e-02,5.703971847258217309e+01,1.093658917565628191e-01,9.939030562774304745e-01,-1.399344284565963090e-02,6.348438832022546663e+00,-1.355414115308982252e-02,1.556773779596969803e-02,9.997869427020529276e-01,4.430629699082823114e-01,0.000000000000000000e+00,0.000000000000000000e+00,0.000000000000000000e+00,1.000000000000000056e-01
9.940000172178656834e-01,-1.089721580491746500e-01,9.435811623192595296e-03,5.792977196474930679e+01,1.091098384408647204e-01,9.939077653012713398e-01,-1.556911138251931490e-02,6.448149337337119924e+00,-7.681726777950015871e-03,1.650523686405604498e-02,9.998342703817320043e-01,4.553242726474417967e-01,0.000000000000000000e+00,0.000000000000000000e+00,0.000000000000000000e+00,1.000000000000000056e-01
9.940480658963847249e-01,-1.088822443040677879e-01,3.619331839716375798e-03,5.885079398012823049e+01,1.089243496040100678e-01,9.939393358043634441e-01,-1.483518803804496043e-02,6.547484003830348342e+00,-1.982107716568084262e-03,1.514112334306996592e-02,9.998834020189103500e-01,4.639730883975564102e-01,0.000000000000000000e+00,0.000000000000000000e+00,0.000000000000000000e+00,1.000000000000000056e-01
9.941311575189905048e-01,-1.081802488972525289e-01,5.247842228174773955e-04,5.980438251763546731e+01,1.081759801637253993e-01,9.940194372624159280e-01,-1.494374986833252664e-02,6.665031112284389714e+00,1.094972862365274288e-03,1.491281640195741762e-02,9.998881982208771557e-01,4.770686989799403088e-01,0.000000000000000000e+00,0.000000000000000000e+00,0.000000000000000000e+00,1.000000000000000056e-01
9.938694231582481109e-01,-1.105392198757551847e-01,-2.156520426640579514e-03,6.071747501255894264e+01,1.105051013376265323e-01,9.938006737035716132e-01,-1.220014445357035099e-02,6.774094126143070937e+00,3.491745903120109604e-03,1.188704402223468570e-02,9.999232500021996151e-01,4.836637947175915775e-01,0.000000000000000000e+00,0.000000000000000000e+00,0.000000000000000000e+00,1.000000000000000056e-01
9.935902892292162170e-01,-1.130413031459689965e-01,-3.053626593940976953e-05,6.164568017497959573e+01,1.130357537481378183e-01,9.935441172725499870e-01,-9.643931133089797547e-03,6.895617963900810388e+00,1.120501670122022418e-03,9.578664633996220729e-03,9.999534957485955999e-01,5.065907297016154498e-01,0.000000000000000000e+00,0.000000000000000000e+00,0.000000000000000000e+00,1.000000000000000056e-01
9.932983450761438959e-01,-1.155694669500160060e-01,1.447749247277891217e-03,6.251568325328396725e+01,1.155775053962406068e-01,9.932644341358376483e-01,-8.222172899921517328e-03,7.013991802583267265e+00,-4.877656976532626100e-04,8.334397980861626629e-03,9.999651493401761071e-01,5.215238321655751852e-01,0.000000000000000000e+00,0.000000000000000000e+00,0.000000000000000000e+00,1.000000000000000056e-01
9.931912017960200512e-01,-1.164810572561206375e-01,1.843902240849844753e-03,6.332118453404299174e+01,1.164917754161566704e-01,9.931628525703324328e-01,-7.564029002578897924e-03,7.118432918524414177e+00,-9.502291140469100710e-04,7.727326501221713946e-03,9.999696922856083914e-01,5.361958500219404788e-01,0.000000000000000000e+00,0.000000000000000000e+00,0.000000000000000000e+00,1.000000000000000056e-01
9.929685995507154805e-01,-1.183270914593666651e-01,3.472712636766530758e-03,6.412798844969785250e+01,1.183496663791996223e-01,9.929455961477836601e-01,-7.238753943513561231e-03,7.221416044417663826e+00,-2.591674019438103879e-03,7.598849747775028932e-03,9.999677698347521071e-01,5.465691728378716530e-01,0.000000000000000000e+00,0.000000000000000000e+00,0.000000000000000000e+00,1.000000000000000056e-01
9.930191839774772378e-01,-1.178368690719923811e-01,5.231877293594903826e-03,6.492168564221000793e+01,1.178774939821617823e-01,9.929935590976480819e-01,-8.287822577201937532e-03,7.330155573324556251e+00,-4.218609390607326766e-03,8.846687396754324487e-03,9.999519685749479470e-01,5.680418552553945233e-01,0.000000000000000000e+00,0.000000000000000000e+00,0.000000000000000000e+00,1.000000000000000056e-01
9.929860121780119675e-01,-1.180562815575313673e-01,6.441583937045940698e-03,6.572040813909391943e+01,1.181146342429070795e-01,9.929536783131235333e-01,-9.587799648625900534e-03,7.435553228659456337e+00,-5.264294489617119509e-03,1.028139626931994302e-02,9.999332878218825105e-01,5.794994116243391558e-01,0.000000000000000000e+00,0.000000000000000000e+00,0.000000000000000000e+00,1.000000000000000056e-01
9.929061604426007159e-01,-1.186798851443312264e-01,7.241644651658931016e-03,6.646168623200945547e+01,1.187522520256417968e-01,9.928678683532516924e-01,-1.054981661018777016e-02,7.527935532841762978e+00,-5.937945265073486627e-03,1.133493951454905314e-02,9.999181266244904220e-01,5.899877523866708939e-01,0.000000000000000000e+00,0.000000000000000000e+00,0.000000000000000000e+00,1.000000000000000056e-01
9.926363556841460989e-01,-1.207737502929548401e-01,9.314859863268808854e-03,6.723999317506277862e+01,1.208616472524632335e-01,9.926235941454086831e-01,-9.532185965038884184e-03,7.638959673107620141e+00,-8.094911828951081162e-03,1.058780364504028487e-02,9.999111814638615980e-01,5.953251495442101193e-01,0.000000000000000000e+00,0.000000000000000000e+00,0.000000000000000000e+00,1.000000000000000056e-01
9.928145163444981325e-01,-1.190684280743570661e-01,1.191828727384355163e-02,6.798156570923023878e+01,1.191754442895806149e-01,9.928350066979021449e-01,-8.709934187900763430e-03,7.744161251805962820e+00,-1.079581465296954035e-02,1.006771627918426684e-02,9.998910398012877954e-01,6.063223176156572469e-01,0.000000000000000000e+00,0.000000000000000000e+00,0.000000000000000000e+00,1.000000000000000056e-01
9.925772606960887590e-01,-1.208645305332634451e-01,1.349617753374978031e-02,6.869350116705025755e+01,1.209583940459269397e-01,9.926371598447890632e-01,-6.366773523610839633e-03,7.839789835894482195e+00,-1.262729024291959525e-02,7.951990583779123059e-03,9.998886524943048082e-01,6.229987870083132373e-01,0.000000000000000000e+00,0.000000000000000000e+00,0.000000000000000000e+00,1.000000000000000056e-01
9.922201312622979108e-01,-1.240024184075048941e-01,1.107300080910394655e-02,6.935849219691249345e+01,1.240668720979333783e-01,9.922595201414667887e-01,-5.334410601092050633e-03,7.935123804458211083e+00,-1.032581065405351051e-02,6.666702161945960159e-03,9.999244635054292951e-01,6.306929811223499494e-01,0.000000000000000000e+00,0.000000000000000000e+00,0.000000000000000000e+00,1.000000000000000056e-01
9.924568210693651693e-01,-1.224765968779076980e-01,5.379733273738493936e-03,7.005512342885515409e+01,1.225088371607586796e-01,9.924484384710180462e-01,-6.138549825216250456e-03,8.036581726411451854e+00,-4.587279194554385285e-03,6.751310513110771704e-03,9.999666877831214773e-01,6.354143217526858622e-01,0.000000000000000000e+00,0.000000000000000000e+00,0.000000000000000000e+00,1.000000000000000056e-01
9.926662031503776795e-01,-1.208871540108988757e-01,3.242193057771132047e-04,7.080860062412590139e+01,1.208855358922887452e-01,9.926301455875727875e-01,-8.490069659800052529e-03,8.134465815313774328e+00,7.045105018316710419e-04,8.466998638201430824e-03,9.999639061481236935e-01,6.495529160232608179e-01,0.000000000000000000e+00,0.000000000000000000e+00,0.000000000000000000e+00,1.000000000000000056e-01
9.925632260405760077e-01,-1.217254198020800704e-01,1.079113493461276649e-03,7.152861538453829837e+01,1.217299758931376097e-01,9.925394959640791992e-01,-6.867453707731325727e-03,8.239262031922558904e+00,-2.351190773431454479e-04,6.947742466375120621e-03,9.999758365048829756e-01,6.612992475080183841e-01,0.000000000000000000e+00,0.000000000000000000e+00,0.000000000000000000e+00,1.000000000000000056e-01
9.927631534973436755e-01,-1.200153592278778991e-01,4.199357976302060813e-03,7.220044931398551569e+01,1.200355398802591955e-01,9.927573158520691665e-01,-4.937710790403189616e-03,8.339447755255655181e+00,-3.576342218582003775e-03,5.406049537174421708e-03,9.999789919817001493e-01,6.715220701817474769e-01,0.000000000000000000e+00,0.000000000000000000e+00,0.000000000000000000e+00,1.000000000000000056e-01
9.926806398849028490e-01,-1.205867526377762677e-01,6.631914201461795201e-03,7.282356734023018419e+01,1.206242573444174515e-01,9.926825598351327606e-01,-5.578883335925200609e-03,8.423482155032360197e+00,-5.910646141289840373e-03,6.338019205072674411e-03,9.999624461822296251e-01,6.844901567854826396e-01,0.000000000000000000e+00,0.000000000000000000e+00,0.000000000000000000e+00,1.000000000000000056e-01
9.927154665076557416e-01,-1.204206712922777783e-01,3.855448353256893390e-03,7.340257106550271260e+01,1.204506190573054053e-01,9.926802051756726808e-01,-8.812412898653450635e-03,8.476067332263035325e+00,-2.766030585394686769e-03,9.212609722638103946e-03,9.999537373783343730e-01,6.943051414776375552e-01,0.000000000000000000e+00,0.000000000000000000e+00,0.000000000000000000e+00,1.000000000000000056e-01
9.927608539675837340e-01,-1.201069533113407750e-01,4.545281303752194595e-04,7.404828462867813244e+01,1.200986789978772118e-01,9.926315736600719308e-01,-1.608932180341924797e-02,8.537330357216523780e+00,1.481260449327287919e-03,1.602743708134719489e-02,9.998704551731112389e-01,7.145826480911036116e-01,0.000000000000000000e+00,0.000000000000000000e+00,0.000000000000000000e+00,1.000000000000000056e-01
9.930350895630103425e-01,-1.177595933477619539e-01,-3.740196673150389482e-03,7.466964008893347682e+01,1.176665781811286893e-01,9.928648780571702748e-01,-1.933676031978157420e-02,8.607929769704972145e+00,5.990598945717913459e-03,1.876198537175871248e-02,9.998060315027017531e-01,7.230474372861891430e-01,0.000000000000000000e+00,0.000000000000000000e+00,0.000000000000000000e+00,1.000000000000000056e-01
9.935065431540385239e-01,-1.136887609712294300e-01,-4.428807846281055532e-03,7.526178246527379656e+01,1.136002968709686478e-01,9.933855237603422816e-01,-1.673839102835600681e-02,8.673500333060442102e+00,6.302480538677556615e-03,1.612658712242054718e-02,9.998500947276259820e-01,7.342202263483966762e-01,0.000000000000000000e+00,0.000000000000000000e+00,0.000000000000000000e+00,1.000000000000000056e-01
9.941402437004362991e-01,-1.080834327272517936e-01,-1.774098399408266871e-03,7.583951575507708753e+01,1.080506210633712660e-01,9.940565717972834614e-01,-1.328891848315381062e-02,8.755276202296691679e+00,3.199866099838717150e-03,1.301935622547416467e-02,9.999101245714123731e-01,7.397855930998004093e-01,0.000000000000000000e+00,0.000000000000000000e+00,0.000000000000000000e+00,1.000000000000000056e-01
9.949321888455533447e-01,-1.005241661785054308e-01,2.198093062739771633e-03,7.639177774247092145e+01,1.005454789505355606e-01,9.948282380335405906e-01,-1.440081503556039227e-02,8.792187384664075012e+00,-7.390951248985639819e-04,1.454884274426107571e-02,9.998938868265967450e-01,7.526431362604970587e-01,0.000000000000000000e+00,0.000000000000000000e+00,0.000000000000000000e+00,1.000000000000000056e-01
9.957946892991584864e-01,-9.134917778253560938e-02,6.947264357079860342e-03,7.697041479128884589e+01,9.145946174177312094e-02,9.956516995286498473e-01,-1.768785130014946527e-02,8.844808451197327059e+00,-5.301284891192968238e-03,1.824886144847838454e-02,9.998194214128552915e-01,7.643631142032452086e-01,0.000000000000000000e+00,0.000000000000000000e+00,0.000000000000000000e+00,1.000000000000000056e-01
9.966934406159683180e-01,-8.056204271797019756e-02,1.058029802090760391e-02,7.750389248783372409e+01,8.076593469878461107e-02,9.965220003617391020e-01,-2.051259581987692482e-02,8.886716134965894298e+00,-8.890963127520815079e-03,2.129929736272816176e-02,9.997336098714092456e-01,7.796097242066271082e-01,0.000000000000000000e+00,0.000000000000000000e+00,0.000000000000000000e+00,1.000000000000000056e-01
9.976287723150314424e-01,-6.801307830952559030e-02,1.053820801016378678e-02,7.798789952240720424e+01,6.819536493546642097e-02,9.975090669216150063e-01,-1.802924320340452968e-02,8.925598674272981370e+00,-9.285733709389735330e-03,1.870514870380056427e-02,9.997819225018258482e-01,7.894876250561322362e-01,0.000000000000000000e+00,0.000000000000000000e+00,0.000000000000000000e+00,1.000000000000000056e-01
9.986636583235066755e-01,-5.069524390879384668e-02,1.004439091922819036e-02,7.848128374631515669e+01,5.084137558456976180e-02,9.985960259266112304e-01,-1.487049199749232789e-02,8.966258861117774259e+00,-9.276425635937973757e-03,1.536129059052884077e-02,9.998389763751032167e-01,7.904755691394030892e-01,0.000000000000000000e+00,0.000000000000000000e+00,0.000000000000000000e+00,1.000000000000000056e-01
9.994654452026269231e-01,-3.061359512326097820e-02,1.147308326230499047e-02,7.896718902040629473e+01,3.072895403503384665e-02,9.994775586067801143e-01,-1.001704673759711006e-02,8.979672742728860513e+00,-1.116043143554532220e-02,1.036424792541550469e-02,9.998840068403499481e-01,7.941866625179413441e-01,0.000000000000000000e+00,0.000000000000000000e+00,0.000000000000000000e+00,1.000000000000000056e-01
9.998890299079371546e-01,-8.581494587956164932e-03,1.217726654061899831e-02,7.944409187576395937e+01,8.707493254208529404e-03,9.999087102646473380e-01,-1.033202294410640043e-02,8.986080382423223156e+00,-1.208749068220169899e-02,1.043690986482623609e-02,9.998724736092504672e-01,7.996917535455813075e-01,0.000000000000000000e+00,0.000000000000000000e+00,0.000000000000000000e+00,1.000000000000000056e-01
9.997404417608186655e-01,1.813875791277923949e-02,1.378530265408249578e-02,7.993285666457283867e+01,-1.796268591047704005e-02,9.997568403165240092e-01,-1.279070581327808841e-02,8.991127629822711853e+00,-1.401395814053313718e-02,1.253976481844315712e-02,9.998231660026354328e-01,8.085729299985212615e-01,0.000000000000000000e+00,0.000000000000000000e+00,0.000000000000000000e+00,1.000000000000000056e-01
9.987509603574000749e-01,4.731063181368658915e-02,1.606932800588707633e-02,8.041223740338088533e+01,-4.709084704495399704e-02,9.987954040065170069e-01,-1.379104999799879612e-02,8.971627652582476742e+00,-1.670243424653268527e-02,1.301710616259779511e-02,9.997757666784047315e-01,8.075522588247294742e-01,0.000000000000000000e+00,0.000000000000000000e+00,0.000000000000000000e+00,1.000000000000000056e-01
9.966157875673018474e-01,8.016769844944285350e-02,1.816898722895293056e-02,8.088640884365514694e+01,-7.989669982588995523e-02,9.966875329147066864e-01,-1.518153777873662048e-02,8.921399707940960155e+00,-1.932587199942849276e-02,1.367851811106626271e-02,9.997196651130489942e-01,8.047574282901441833e-01,0.000000000000000000e+00,0.000000000000000000e+00,0.000000000000000000e+00,1.000000000000000056e-01
