9.998661813614773131e-01,-1.598739176171096871e-02,3.467372820285240589e-03,6.452638534185000108e-01,1.599035326149836345e-02,9.998718032348395957e-01,-8.280691291250782135e-04,4.894610021444979232e-03,-3.453689648732973828e-03,8.834028343272950059e-04,9.999936457934333056e-01,7.597873657722790941e-03,0.000000000000000000e+00,0.000000000000000000e+00,0.000000000000000000e+00,1.000000000000000056e-01
9.996280520435626427e-01,-2.618625882123311668e-02,7.618229226000751766e-03,1.322525495891518466e+00,2.618273503363497887e-02,9.996570154905143335e-01,5.619312734992139421e-04,2.156671534976975241e-03,-7.630331169154118409e-03,-3.622561870605059018e-04,9.999708229827027894e-01,1.921346398503937522e-03,0.000000000000000000e+00,0.000000000000000000e+00,0.000000000000000000e+00,1.000000000000000056e-01
9.992452303267723712e-01,-3.762703068185161565e-02,9.652783601771932481e-03,2.046992736952734315e+00,3.763244979276280516e-02,9.992915761066524238e-01,-3.803220708707200949e-04,2.975908158725258310e-02,-9.631634949001485063e-03,7.432929095596541545e-04,9.999533384732808283e-01,-6.027354447143742563e-03,0.000000000000000000e+00,0.000000000000000000e+00,0.000000000000000000e+00,1.000000000000000056e-01
9.986522029108549914e-01,-5.015298533824247285e-02,1.335873058934005514e-02,2.771762570907390533e+00,5.016116540528417489e-02,9.987410977461063100e-01,-2.777734439155844521e-04,8.770465883469739932e-02,-1.332798208583192701e-02,9.474885563729490336e-04,9.999107295948750362e-01,-2.633979754359392494e-02,0.000000000000000000e+00,0.000000000000000000e+00,0.000000000000000000e+00,1.000000000000000056e-01
9.979135406913138828e-01,-6.285634033860287850e-02,1.475282292184018282e-02,3.515458724826670878e+00,6.285160546133947146e-02,9.980225747599068553e-01,7.848315349539558561e-04,1.261554993435928806e-01,-1.477298195550144633e-02,1.440445898324033158e-04,9.998908631722256413e-01,-3.485115258697173146e-02,0.000000000000000000e+00,0.000000000000000000e+00,0.000000000000000000e+00,1.000000000000000056e-01
9.969699398859409589e-01,-7.568384220721599553e-02,1.796927913347092995e-02,4.266097305881493718e+00,7.566155192285364817e-02,9.971317117533528007e-01,1.918065810627222079e-03,1.962972341722905301e-01,-1.806290465148624111e-02,-5.526704097449387223e-04,9.998366996819878505e-01,-3.517184973365976991e-02,0.000000000000000000e+00,0.000000000000000000e+00,0.000000000000000000e+00,1.000000000000000056e-01
9.957910633752852236e-01,-8.893034355645786093e-02,2.217097419711277356e-02,5.062359156263878113e+00,8.883284749767010602e-02,9.960322000515123841e-01,5.346182376214336264e-03,2.827877514384142810e-01,-2.255844204226777061e-02,-3.354169863681785539e-03,9.997398992923866023e-01,-4.773681537107146711e-02,0.000000000000000000e+00,0.000000000000000000e+00,0.000000000000000000e+00,1.000000000000000056e-01
9.949074432935172130e-01,-9.707199953355578892e-02,2.713311971952494725e-02,5.829266703160064012e+00,9.685957999174722721e-02,9.952570063630429287e-01,9.039527039413207399e-03,3.710396176356210440e-01,-2.788191246989793134e-02,-6.365390155466231319e-03,9.995909567243941307e-01,-5.502915529258525090e-02,0.000000000000000000e+00,0.000000000000000000e+00,0.000000000000000000e+00,1.000000000000000056e-01
9.934918175986789945e-01,-1.092935118401475031e-01,3.207704216602210584e-02,6.625820205730746260e+00,1.090588468640775049e-01,9.939947181510516705e-01,8.981548223385569379e-03,4.551594721121512421e-01,-3.286603543402998734e-02,-5.424809439864753183e-03,9.994450435903868835e-01,-7.148423008352765284e-02,0.000000000000000000e+00,0.000000000000000000e+00,0.000000000000000000e+00,1.000000000000000056e-01
9.919988067935671117e-01,-1.208157452990045316e-01,3.663226730609338982e-02,7.450643941176937624e+00,1.206107567773011952e-01,9.926695215770834357e-01,7.763136062898542619e-03,5.507639897172901255e-01,-3.730164433032023136e-02,-3.282776229115153335e-03,9.992986594159345426e-01,-8.806391435358700004e-02,0.000000000000000000e+00,0.000000000000000000e+00,0.000000000000000000e+00,1.000000000000000056e-01
9.905485632727027978e-01,-1.309658948390297339e-01,4.076123387971034712e-02,8.282333118572900332e+00,1.307081086796664515e-01,9.913806053685395581e-01,8.937875837837254075e-03,6.724880475296656224e-01,-4.158045362629837066e-02,-3.525576282013013086e-03,9.991289387201788275e-01,-1.177319671381295008e-01,0.000000000000000000e+00,0.000000000000000000e+00,0.000000000000000000e+00,1.000000000000000056e-01
9.890361446999720307e-01,-1.412231420128215731e-01,4.316860707785769719e-02,9.123239727461317727e+00,1.409094926969573225e-01,9.899695283524676537e-01,1.023952154540880635e-02,8.182917751827535335e-01,-4.418166299385039436e-02,-4.044390389068216150e-03,9.990153269902712907e-01,-1.458648104499184750e-01,0.000000000000000000e+00,0.000000000000000000e+00,0.000000000000000000e+00,1.000000000000000056e-01
9.875764889764981902e-01,-1.500689779645603683e-01,4.660450915442532205e-02,9.896368520464058349e+00,1.498248070264482368e-01,9.886742049520166331e-01,8.708826670986703072e-03,9.532461228321210678e-01,-4.738360075321591813e-02,-1.618120876213817883e-03,9.988754557323399341e-01,-1.690292173750699289e-01,0.000000000000000000e+00,0.000000000000000000e+00,0.000000000000000000e+00,1.000000000000000056e-01
9.856657718979480176e-01,-1.609241238469843460e-01,5.065977174151866519e-02,1.071903117246931281e+01,1.606166367016473306e-01,9.869650873902862109e-01,1.011000926486381110e-02,1.097771872543140015e+00,-5.162637042707302754e-02,-1.828287932751510199e-03,9.986647962353342178e-01,-2.109847699055736325e-01,0.000000000000000000e+00,0.000000000000000000e+00,0.000000000000000000e+00,1.000000000000000056e-01
9.840975045082396289e-01,-1.693606966175567607e-01,5.356357028682053739e-02,1.151717221665641944e+01,1.690258029378528537e-01,9.855529479615969812e-01,1.075475268985147392e-02,1.248016205103572807e+00,-5.461116700702697141e-02,-1.530099807738154183e-03,9.985065243816432234e-01,-2.275974671133260130e-01,0.000000000000000000e+00,0.000000000000000000e+00,0.000000000000000000e+00,1.000000000000000056e-01
9.825048338049754415e-01,-1.778942464122368894e-01,5.511704494328433651e-02,1.237307207761081607e+01,1.773556272515952048e-01,9.840392132772652900e-01,1.455363235945044548e-02,1.427473908442943529e+00,-5.682634100530237903e-02,-4.523696064410013574e-03,9.983738293554503818e-01,-2.689315186892505816e-01,0.000000000000000000e+00,0.000000000000000000e+00,0.000000000000000000e+00,1.000000000000000056e-01
9.805316512881419033e-01,-1.883821914580824375e-01,5.540605349237649052e-02,1.327109377905594734e+01,1.877262223176470179e-01,9.820766484998120216e-01,1.686184822972103259e-02,1.605795853813410501e+00,-5.758946324194284122e-02,-6.132406772805086385e-03,9.983215149993902582e-01,-3.161387458730864353e-01,0.000000000000000000e+00,0.000000000000000000e+00,0.000000000000000000e+00,1.000000000000000056e-01
9.802729495189931308e-01,-1.895024893599342453e-01,5.615826713602854736e-02,1.413304413939359705e+01,1.885876655077822761e-01,9.818272145616320223e-01,2.121351372290162726e-02,1.788726783393949082e+00,-5.915772865533593106e-02,-1.020427716866438225e-02,9.981964916126517817e-01,-3.542038581355179683e-01,0.000000000000000000e+00,0.000000000000000000e+00,0.000000000000000000e+00,1.000000000000000056e-01
9.750998211305504926e-01,-2.137206720739311672e-01,5.919301613734107015e-02,1.509418010832212609e+01,2.126140028917794245e-01,9.768296697477346635e-01,2.447615318766724682e-02,2.083867971701057975e+00,-6.305255431386394549e-02,-1.128142849106051129e-02,9.979464438363906398e-01,-4.087873499104250907e-01,0.000000000000000000e+00,0.000000000000000000e+00,0.000000000000000000e+00,1.000000000000000056e-01
9.738980296422042882e-01,-2.185616322182450111e-01,6.126533098848687547e-02,1.601037989228297320e+01,2.173638940333574576e-01,9.757533400389117872e-01,2.565846787248197286e-02,2.308050144200804343e+00,-6.538780795903456622e-02,-1.167186039174796137e-02,9.977916627459401111e-01,-4.611196749908415549e-01,0.000000000000000000e+00,0.000000000000000000e+00,0.000000000000000000e+00,1.000000000000000056e-01
9.710415663687972376e-01,-2.294706762220201368e-01,6.649424891102692636e-02,1.688589929036927373e+01,2.283306233203385160e-01,9.732786303178873055e-01,2.436871397269264536e-02,2.528182348383934741e+00,-7.030933677811573856e-02,-8.480360885364145868e-03,9.974891882326722969e-01,-5.115935026498099614e-01,0.000000000000000000e+00,0.000000000000000000e+00,0.000000000000000000e+00,1.000000000000000056e-01
9.684976799419696691e-01,-2.392571602208961590e-01,6.905255411680639999e-02,1.770740309894953413e+01,2.380923911668816895e-01,9.709270126547091539e-01,2.475377477959191108e-02,2.725509989332232763e+00,-7.296750794332128309e-02,-7.533085717989876015e-03,9.973058685298642478e-01,-5.588612405797881433e-01,0.000000000000000000e+00,0.000000000000000000e+00,0.000000000000000000e+00,1.000000000000000056e-01
9.662565447037406718e-01,-2.472373149566662598e-01,7.226340643926409957e-02,1.857598398984220012e+01,2.462543070707089166e-01,9.689475008741599282e-01,2.235076729879479154e-02,2.933849950306747445e+00,-7.554539076815391940e-02,-3.801400102340833642e-03,9.971351178706668872e-01,-6.183370121337407044e-01,0.000000000000000000e+00,0.000000000000000000e+00,0.000000000000000000e+00,1.000000000000000056e-01
9.635785961028741076e-01,-2.559512529579019424e-01,7.749351741722869391e-02,1.947092630399612645e+01,2.548718070174951777e-01,9.666848205318421261e-01,2.368163298754788482e-02,3.174191360038941756e+00,-8.097315061210695608e-02,-3.068201851294093813e-03,9.967115605918036580e-01,-6.791250108592455925e-01,0.000000000000000000e+00,0.000000000000000000e+00,0.000000000000000000e+00,1.000000000000000056e-01
9.614828149518610534e-01,-2.622944759541565585e-01,8.217301525549380870e-02,2.036384839792758683e+01,2.611835857341964218e-01,9.649862243240037163e-01,2.418101337684578842e-02,3.401218040262401043e+00,-8.563837396443793604e-02,-1.787386034937603341e-03,9.963246831007898097e-01,-7.480543443897221811e-01,0.000000000000000000e+00,0.000000000000000000e+00,0.000000000000000000e+00,1.000000000000000056e-01
9.603635339316548558e-01,-2.648314492224953520e-01,8.698382721527134209e-02,2.123692893774579105e+01,2.640009967147132208e-01,9.642910084525417869e-01,2.112639939076298851e-02,3.660660391622380327e+00,-8.947265743198465349e-02,2.674793504727329338e-03,9.959856871721429750e-01,-8.154137165945022359e-01,0.000000000000000000e+00,0.000000000000000000e+00,0.000000000000000000e+00,1.000000000000000056e-01
9.584078426965821906e-01,-2.699153974203967743e-01,9.273664482324492364e-02,2.213369495993397607e+01,2.691086224237091984e-01,9.628734878059470592e-01,2.133531854986402826e-02,3.942045546562554570e+00,-9.505238763385648326e-02,4.508294111960688480e-03,9.954620630085825317e-01,-8.900796681103143593e-01,0.000000000000000000e+00,0.000000000000000000e+00,0.000000000000000000e+00,1.000000000000000056e-01
9.581979663858930518e-01,-2.691269836734322962e-01,9.709440701080042369e-02,2.304430028877054681e+01,2.681543350785839386e-01,9.630970985543054752e-01,2.317825133268197266e-02,4.218312199539155927e+00,-9.974923454594210315e-02,3.826932860473600262e-03,9.950052486255437367e-01,-9.642855930006331011e-01,0.000000000000000000e+00,0.000000000000000000e+00,0.000000000000000000e+00,1.000000000000000056e-01
9.592474731403685118e-01,-2.648103627609717514e-01,9.858882821202731572e-02,2.392036627556265671e+01,2.638040768050005647e-01,9.642937357530513287e-01,2.334524038184004543e-02,4.475554580524704562e+00,-1.012506510343487848e-01,3.614271963626101286e-03,9.948543826627560538e-01,-1.045333874890987280e+00,0.000000000000000000e+00,0.000000000000000000e+00,0.000000000000000000e+00,1.000000000000000056e-01
9.578058385828608357e-01,-2.700264756476516981e-01,9.845647782594538211e-02,2.481707887163454274e+01,2.691538365341636929e-01,9.628391403969459583e-01,2.229354163453990678e-02,4.725998341056745211e+00,-1.008175969537232208e-01,5.147054398241599285e-03,9.948916121746620433e-01,-1.117202435982521891e+00,0.000000000000000000e+00,0.000000000000000000e+00,0.000000000000000000e+00,1.000000000000000056e-01
9.579317154899776865e-01,-2.711855407770355497e-01,9.394270025869637386e-02,2.568742932477235641e+01,2.703428445064871011e-01,9.625166345759288422e-01,2.182829788987599232e-02,4.985202266790152770e+00,-9.634093046348392309e-02,4.486717964681100068e-03,9.953382814296531933e-01,-1.204005324795322851e+00,0.000000000000000000e+00,0.000000000000000000e+00,0.000000000000000000e+00,1.000000000000000056e-01
9.566661516606400628e-01,-2.742448111961127144e-01,9.787572630039491350e-02,2.657737457097938716e+01,2.736626478466958612e-01,9.616262547920725323e-01,1.958829416022109249e-02,5.246175181411492083e+00,-9.949185615092646928e-02,8.045472427429253143e-03,9.950058496979115041e-01,-1.280530032222876979e+00,0.000000000000000000e+00,0.000000000000000000e+00,0.000000000000000000e+00,1.000000000000000056e-01
9.554810144843023378e-01,-2.773957824993324994e-01,1.005366142837101212e-01,2.749096628088256367e+01,2.770413663088755474e-01,9.606939980414136437e-01,1.775171768916089521e-02,5.492419919600714628e+00,-1.015091735448570148e-01,1.089137175874907784e-02,9.947749824495250026e-01,-1.363962116594304330e+00,0.000000000000000000e+00,0.000000000000000000e+00,0.000000000000000000e+00,1.000000000000000056e-01
9.537024758790698664e-01,-2.803914023842396519e-01,1.087761415528771675e-01,2.843483354702249244e+01,2.802922322257435095e-01,9.597726147774898742e-01,1.651643051902886017e-02,5.767339525074926421e+00,-1.090314269192236424e-01,1.473734685007693779e-02,9.939290510654060773e-01,-1.453889258853173772e+00,0.000000000000000000e+00,0.000000000000000000e+00,0.000000000000000000e+00,1.000000000000000056e-01
9.517782882339891337e-01,-2.841011644123914159e-01,1.157783158708959731e-01,2.934584003996112500e+01,2.844378703344127013e-01,9.585929181714439862e-01,1.395403709251038203e-02,6.030531630565468149e+00,-1.149486318578932659e-01,1.965058805935945146e-02,9.931770569354287925e-01,-1.547393141331727451e+00,0.000000000000000000e+00,0.000000000000000000e+00,0.000000000000000000e+00,1.000000000000000056e-01
9.502519556407009738e-01,-2.859765768135936748e-01,1.234447986551153592e-01,3.022808295958867220e+01,2.869054504077596102e-01,9.579006012828243932e-01,1.056884990545826387e-02,6.287617146951959057e+00,-1.212702903737918197e-01,2.537391526710632006e-02,9.922951582551805538e-01,-1.630851846007954409e+00,0.000000000000000000e+00,0.000000000000000000e+00,0.000000000000000000e+00,1.000000000000000056e-01
9.489701139079503855e-01,-2.912597447449990495e-01,1.209275981759731777e-01,3.114813559253394359e+01,2.925227906695790914e-01,9.562285821982962064e-01,7.570701811458193167e-03,6.552619152097461708e+00,-1.178394664296019134e-01,2.818970872702256103e-02,9.926324599132714255e-01,-1.731043321859960793e+00,0.000000000000000000e+00,0.000000000000000000e+00,0.000000000000000000e+00,1.000000000000000056e-01
9.474374337211930452e-01,-2.971541101872606783e-01,1.185822245642964429e-01,3.210046902367417943e+01,2.983304756524096657e-01,9.544281054334335934e-01,8.119042785548718014e-03,6.842623370742544786e+00,-1.155908148634954419e-01,2.768440639717457269e-02,9.929110419174665969e-01,-1.843386737534094433e+00,0.000000000000000000e+00,0.000000000000000000e+00,0.000000000000000000e+00,1.000000000000000056e-01
9.457647377834036417e-01,-3.004975321655826703e-01,1.234110770064191093e-01,3.302812592007744286e+01,3.017812441217509467e-01,9.533383764755671841e-01,8.603524583444155382e-03,7.155372976627412562e+00,-1.202378536976516782e-01,2.910623818572823096e-02,9.923183387587160009e-01,-1.961330974144964490e+00,0.000000000000000000e+00,0.000000000000000000e+00,0.000000000000000000e+00,1.000000000000000056e-01
9.441893919775632416e-01,-3.051289264448820426e-01,1.241077367597732961e-01,3.395530027433404996e+01,3.063861874858627155e-01,9.518618825448749154e-01,9.298423307447825983e-03,7.458792248418903981e+00,-1.209706418719732057e-01,2.924542365431682250e-02,9.922251805917657874e-01,-2.054019709973343932e+00,0.000000000000000000e+00,0.000000000000000000e+00,0.000000000000000000e+00,1.000000000000000056e-01
9.429073777798557821e-01,-3.089944118297300868e-01,1.242905080298394999e-01,3.486007372239339475e+01,3.100977768974494397e-01,9.506426412685061722e-01,1.085989711267703293e-02,7.772976841687633254e+00,-1.215115043589541227e-01,2.830233312003447438e-02,9.921864402663375104e-01,-2.158317391466980872e+00,0.000000000000000000e+00,0.000000000000000000e+00,0.000000000000000000e+00,1.000000000000000056e-01
9.415028325946210863e-01,-3.117928109883280618e-01,1.278970649870495579e-01,3.578442098835107998e+01,3.127987146707668642e-01,9.497350105741988457e-01,1.266387736606207001e-02,8.074094945775584620e+00,-1.254168262898604502e-01,2.808296112633429029e-02,9.917065931906250409e-01,-2.269455526053842931e+00,0.000000000000000000e+00,0.000000000000000000e+00,0.000000000000000000e+00,1.000000000000000056e-01
9.397448570646751431e-01,-3.159315553763698547e-01,1.306401773496998209e-01,3.673426852192655900e+01,3.172526172122474009e-01,9.482757778937724868e-01,1.112771009417480930e-02,8.394788598713693872e+00,-1.273985105582969568e-01,3.098872984535698191e-02,9.913673981577661998e-01,-2.392109728568149407e+00,0.000000000000000000e+00,0.000000000000000000e+00,0.000000000000000000e+00,1.000000000000000056e-01
9.377233605912738135e-01,-3.204403312543340210e-01,1.341375902087870442e-01,3.767427147718047564e+01,3.212578224765905155e-01,9.468549099464816932e-01,1.609941017054581508e-02,8.716438888158435816e+00,-1.321677362256281907e-01,2.799595713407059677e-02,9.908319311998075030e-01,-2.484963687482626860e+00,0.000000000000000000e+00,0.000000000000000000e+00,0.000000000000000000e+00,1.000000000000000056e-01
9.362052055008470708e-01,-3.242549489675799479e-01,1.355674786338850191e-01,3.861852588320155633e+01,3.246200255341452068e-01,9.456324589042890416e-01,2.002727362470912986e-02,9.041832977087809198e+00,-1.346909507551551921e-01,2.525828055628893259e-02,9.905656803301899904e-01,-2.608183173477067296e+00,0.000000000000000000e+00,0.000000000000000000e+00,0.000000000000000000e+00,1.000000000000000056e-01
9.337378466223380524e-01,-3.302151613471010494e-01,1.381722873863901191e-01,3.956148858108655020e+01,3.309281643600087142e-01,9.434754995526485333e-01,1.845350311446079805e-02,9.386866637397488944e+00,-1.364557943745674240e-01,2.849436716946641968e-02,9.902362784816649555e-01,-2.717010459990242044e+00,0.000000000000000000e+00,0.000000000000000000e+00,0.000000000000000000e+00,1.000000000000000056e-01
9.316522800349461564e-01,-3.362742581463444846e-01,1.376359415770896377e-01,4.049408088852245413e+01,3.366836476821745139e-01,9.413835229841641672e-01,2.100438138458495668e-02,9.727375051603564415e+00,-1.366314403390074261e-01,2.677099105467303092e-02,9.902601494298550744e-01,-2.822912513934503931e+00,0.000000000000000000e+00,0.000000000000000000e+00,0.000000000000000000e+00,1.000000000000000056e-01
9.312407648914056146e-01,-3.379447929164521303e-01,1.363229795196906624e-01,4.145260442441522741e+01,3.383635767116536797e-01,9.407855334515252688e-01,2.080072121888927247e-02,1.008113476120441376e+01,-1.352801824339639192e-01,2.675625140010071470e-02,9.904460486324573321e-01,-2.948654747207407834e+00,0.000000000000000000e+00,0.000000000000000000e+00,0.000000000000000000e+00,1.000000000000000056e-01
9.300404916977986769e-01,-3.412693843702236385e-01,1.362346912283556033e-01,4.243695787957940269e+01,3.415305117182521610e-01,9.396087955085249410e-01,2.218605346806463985e-02,1.042460167431143958e+01,-1.355787349402023112e-01,2.589437573272588416e-02,9.904281336560603055e-01,-3.069215292706741316e+00,0.000000000000000000e+00,0.000000000000000000e+00,0.000000000000000000e+00,1.000000000000000056e-01
9.282127831743257618e-01,-3.444508071069067867e-01,1.406224400128678331e-01,4.339519367934131822e+01,3.451300768872391789e-01,9.383350734791409131e-01,2.031058607484029915e-02,1.079678671496419895e+01,-1.389469653485834733e-01,2.968048790528303449e-02,9.898549436448372818e-01,-3.185591346941002211e+00,0.000000000000000000e+00,0.000000000000000000e+00,0.000000000000000000e+00,1.000000000000000056e-01
9.285335321426697597e-01,-3.423279987171830019e-01,1.436559117507730521e-01,4.432423830802150633e+01,3.429801648044900064e-01,9.391082381226506515e-01,2.098389003153885990e-02,1.114181199591772042e+01,-1.420918232599696351e-01,2.978688275834127930e-02,9.894052028255149178e-01,-3.309093789368627636e+00,0.000000000000000000e+00,0.000000000000000000e+00,0.000000000000000000e+00,1.000000000000000056e-01
9.236573530612830485e-01,-3.556524184235210218e-01,1.427180836661039731e-01,4.514099824335664124e+01,3.564051979231709355e-01,9.340924788277611412e-01,2.113234229217993143e-02,1.146415020466318779e+01,-1.408276571883863293e-01,3.134642351065353855e-02,9.895377570885919294e-01,-3.416049332133804572e+00,0.000000000000000000e+00,0.000000000000000000e+00,0.000000000000000000e+00,1.000000000000000056e-01
9.235259654674702334e-01,-3.573531701707107766e-01,1.392785083073478092e-01,4.600922975729528019e+01,3.582652776808876727e-01,9.334195688415602987e-01,1.933647620100503728e-02,1.179557189224614078e+01,-1.369152362434999104e-01,3.204091560143983858e-02,9.900644412419870033e-01,-3.538705382193846116e+00,0.000000000000000000e+00,0.000000000000000000e+00,0.000000000000000000e+00,1.000000000000000056e-01
9.234155948788536072e-01,-3.575369409599100656e-01,1.395384355063603310e-01,4.685857789633835324e+01,3.585003201887305702e-01,9.333353755618937209e-01,1.904198385978748617e-02,1.213288117797361387e+01,-1.370443707676843037e-01,3.244090895410552122e-02,9.900335488593914324e-01,-3.657313231836116785e+00,0.000000000000000000e+00,0.000000000000000000e+00,0.000000000000000000e+00,1.000000000000000056e-01
9.219476123551753055e-01,-3.595939809705452350e-01,1.438915178957624885e-01,4.770670562386899149e+01,3.605006611579079645e-01,9.325306084372741999e-01,2.063825652322365950e-02,1.249478904499111032e+01,-1.416046375557756254e-01,3.284559601167765658e-02,9.893782357851496068e-01,-3.779012604274031073e+00,0.000000000000000000e+00,0.000000000000000000e+00,0.000000000000000000e+00,1.000000000000000056e-01
9.223447757078195863e-01,-3.570101686618612491e-01,1.477289890188161481e-01,4.860157933059738866e+01,3.585142934717172047e-01,9.333650115768209465e-01,1.724112933297136663e-02,1.286581914466182575e+01,-1.440403280368644512e-01,3.706068855580296056e-02,9.888775906363751478e-01,-3.900101288027021607e+00,0.000000000000000000e+00,0.000000000000000000e+00,0.000000000000000000e+00,1.000000000000000056e-01
9.210687401554611409e-01,-3.576339001155496855e-01,1.540466468202821848e-01,4.943482223496377514e+01,3.596755841849196833e-01,9.329506981501419771e-01,1.537754734668381543e-02,1.319297384140192442e+01,-1.492174589304766652e-01,4.124303952552196839e-02,9.879439061207005990e-01,-4.025138556122595190e+00,0.000000000000000000e+00,0.000000000000000000e+00,0.000000000000000000e+00,1.000000000000000056e-01
9.198096930239597624e-01,-3.607521079094813676e-01,1.542985588333049551e-01,5.029867144642158650e+01,3.631645710324142295e-01,9.316307002812748150e-01,1.325641883255046158e-02,1.356503215060071277e+01,-1.485315554554368922e-01,4.384238739265164386e-02,9.879353329554020346e-01,-4.147749906150409949e+00,0.000000000000000000e+00,0.000000000000000000e+00,0.000000000000000000e+00,1.000000000000000056e-01
9.198269979806121821e-01,-3.606866884797478301e-01,1.543483285931148419e-01,5.121797671515597017e+01,3.631596484150763082e-01,9.316381305295586834e-01,1.286326188908180207e-02,1.394150225233818219e+01,-1.484363956346721747e-01,4.422110917765773030e-02,9.879327557855771547e-01,-4.251753609415817259e+00,0.000000000000000000e+00,0.000000000000000000e+00,0.000000000000000000e+00,1.000000000000000056e-01
9.177740579338369287e-01,-3.647159464008951080e-01,1.570765960433240793e-01,5.210274079590487872e+01,3.673662287043771846e-01,9.299872837490968935e-01,1.287268707380036584e-02,1.432179148412883229e+01,-1.507741111437287951e-01,4.589041845392265173e-02,9.875025250109198405e-01,-4.385913142322311664e+00,0.000000000000000000e+00,0.000000000000000000e+00,0.000000000000000000e+00,1.000000000000000056e-01
9.169546850339245214e-01,-3.651994586800231812e-01,1.606967982697677100e-01,5.295788166362602567e+01,3.678898640097053030e-01,9.297674603606705945e-01,1.376653963018233465e-02,1.467875901784771919e+01,-1.544381868362126042e-01,4.649543025165901733e-02,9.869078079600223097e-01,-4.510137268979334202e+00,0.000000000000000000e+00,0.000000000000000000e+00,0.000000000000000000e+00,1.000000000000000056e-01
9.155525784343507834e-01,-3.657516825329973909e-01,1.672996797560992732e-01,5.382204170759690243e+01,3.684211750264413388e-01,9.295224600540658022e-01,1.593217019661773842e-02,1.502045141346608759e+01,-1.613360279489617910e-01,4.705000509372112699e-02,9.857773496618456033e-01,-4.626697408067641959e+00,0.000000000000000000e+00,0.000000000000000000e+00,0.000000000000000000e+00,1.000000000000000056e-01
9.151473068480144857e-01,-3.675711657200688709e-01,1.655199229700634878e-01,5.466989761370717105e+01,3.689569227108024929e-01,9.291509725388215069e-01,2.343628413245435471e-02,1.540707068393960100e+01,-1.624074996808983207e-01,3.962206912002323722e-02,9.859279363554149800e-01,-4.760003366581721629e+00,0.000000000000000000e+00,0.000000000000000000e+00,0.000000000000000000e+00,1.000000000000000056e-01
9.146351846775070404e-01,-3.700347469696961822e-01,1.628396910615327597e-01,5.551007249450703540e+01,3.716102011977627795e-01,9.281323543627062467e-01,2.182180448308747994e-02,1.575101420835198240e+01,-1.592116117489576210e-01,4.055390018497254112e-02,9.864111941092753577e-01,-4.888754907537282257e+00,0.000000000000000000e+00,0.000000000000000000e+00,0.000000000000000000e+00,1.000000000000000056e-01
9.143233032509777702e-01,-3.727315418712739414e-01,1.583795909405099067e-01,5.634155242187411261e+01,3.736983410938294337e-01,9.272195312221263030e-01,2.476874611158558573e-02,1.611524923900465112e+01,-1.560847429954011489e-01,3.653954863545809395e-02,9.870675834964780515e-01,-5.004960251509612768e+00,0.000000000000000000e+00,0.000000000000000000e+00,0.000000000000000000e+00,1.000000000000000056e-01
9.147070690434593310e-01,-3.730356700429008909e-01,1.554199688507497679e-01,5.720326267681836896e+01,3.745105028078510867e-01,9.269893503547048663e-01,2.079970229529143344e-02,1.648109921871786909e+01,-1.518316868395219177e-01,3.918077595717230771e-02,9.876294880504830065e-01,-5.146009289079432669e+00,0.000000000000000000e+00,0.000000000000000000e+00,0.000000000000000000e+00,1.000000000000000056e-01
9.149792776409861883e-01,-3.734928931718384248e-01,1.526957112616748879e-01,5.805483983893410738e+01,3.743743191168198425e-01,9.269660447101437661e-01,2.403791048010048281e-02,1.683857828589529149e+01,-1.505217282434553050e-01,3.517116296856702407e-02,9.879808695627876336e-01,-5.281811504549760450e+00,0.000000000000000000e+00,0.000000000000000000e+00,0.000000000000000000e+00,1.000000000000000056e-01
9.137003581698558419e-01,-3.746178662444502039e-01,1.575217755446285950e-01,5.893557512258205122e+01,3.752052048022886388e-01,9.265444066739199069e-01,2.713884210032634428e-02,1.721588651159463623e+01,-1.561176151801895728e-01,3.430622030665914091e-02,9.871425294650825188e-01,-5.393146527122888223e+00,0.000000000000000000e+00,0.000000000000000000e+00,0.000000000000000000e+00,1.000000000000000056e-01
9.133251269257011140e-01,-3.752926460105627804e-01,1.580906144479880537e-01,5.977232476193372435e+01,3.759894831035185403e-01,9.262410396654570111e-01,2.663540942058610292e-02,1.758015725544696650e+01,-1.564260883666818147e-01,3.511361972004186510e-02,9.870653031023101098e-01,-5.507942587415313618e+00,0.000000000000000000e+00,0.000000000000000000e+00,0.000000000000000000e+00,1.000000000000000056e-01
9.129240667420307487e-01,-3.768193892298740133e-01,1.567698831523993419e-01,6.053071649297807966e+01,3.773499116860306035e-01,9.256615517616102462e-01,2.752700021492713450e-02,1.790054356400996127e+01,-1.554885607166557604e-01,3.402704058116719915e-02,9.872514715084249604e-01,-5.628534503384224230e+00,0.000000000000000000e+00,0.000000000000000000e+00,0.000000000000000000e+00,1.000000000000000056e-01
9.117560668503299492e-01,-3.797587681704299167e-01,1.564741274437866925e-01,6.128058984917203134e+01,3.800017622674765616e-01,9.245137402330683152e-01,2.954665452931958328e-02,1.822150051402674364e+01,-1.558830819403727030e-01,3.252110265566675318e-02,9.872400126852793889e-01,-5.746098557239423421e+00,0.000000000000000000e+00,0.000000000000000000e+00,0.000000000000000000e+00,1.000000000000000056e-01
9.126011723928062480e-01,-3.780828868877339488e-01,1.556034408035775196e-01,6.201071996560530408e+01,3.784100284936444680e-01,9.251937064785930032e-01,2.867849068278100280e-02,1.853785952101122092e+01,-1.548061706868130161e-01,3.270987824862876814e-02,9.874032172229565418e-01,-5.863869097881933001e+00,0.000000000000000000e+00,0.000000000000000000e+00,0.000000000000000000e+00,1.000000000000000056e-01
9.123179903734996987e-01,-3.799064246784656929e-01,1.527972281452917580e-01,6.274809729281053450e+01,3.804054922668120842e-01,9.244222062679313678e-01,2.711542018805093018e-02,1.885124290567608796e+01,-1.515504730909917608e-01,3.338701913551844064e-02,9.878854999741322196e-01,-5.979727883045927506e+00,0.000000000000000000e+00,0.000000000000000000e+00,0.000000000000000000e+00,1.000000000000000056e-01
9.120551946572587054e-01,-3.795227675888785401e-01,1.552990366370251840e-01,6.344077648596044128e+01,3.798551221172902781e-01,9.246004669237291029e-01,2.870649344104313563e-02,1.915456368378700347e+01,-1.544843296259154897e-01,3.280922806315682283e-02,9.874503260690794537e-01,-6.084636588269898283e+00,0.000000000000000000e+00,0.000000000000000000e+00,0.000000000000000000e+00,1.000000000000000056e-01
9.113032682330322043e-01,-3.809923312102045379e-01,1.561127697108986023e-01,6.414223674801209540e+01,3.810975727598882590e-01,9.240331505203682738e-01,3.045286153917451527e-02,1.947138672822639194e+01,-1.558556811422540100e-01,3.174240536594911261e-02,9.872696826892173316e-01,-6.188900713203015158e+00,0.000000000000000000e+00,0.000000000000000000e+00,0.000000000000000000e+00,1.000000000000000056e-01
9.092350357290081009e-01,-3.837744781579034425e-01,1.612724394231644098e-01,6.482769429074306800e+01,3.840264505618302682e-01,9.228057903147661722e-01,3.087326724566141767e-02,1.976149683250098121e+01,-1.606715129441166623e-01,3.386182623794542490e-02,9.864269063909802959e-01,-6.290746369642297608e+00,0.000000000000000000e+00,0.000000000000000000e+00,0.000000000000000000e+00,1.000000000000000056e-01
9.098691358354404901e-01,-3.824068180395084338e-01,1.609446525081434376e-01,6.546222056613599705e+01,3.823529448952765475e-01,9.234426709179300863e-01,3.255547661867430609e-02,2.004629803683851819e+01,-1.610725960055849892e-01,3.191643847389151467e-02,9.864263580071063187e-01,-6.381409790535818694e+00,0.000000000000000000e+00,0.000000000000000000e+00,0.000000000000000000e+00,1.000000000000000056e-01
9.104702223497997959e-01,-3.833580907936573468e-01,1.551790850512665687e-01,6.606559551831010424e+01,3.825395095667663004e-01,9.232252591970120381e-01,3.631314364011904716e-02,2.031924434031979487e+01,-1.571861884350026217e-01,2.630009512629159774e-02,9.872187230607125663e-01,-6.467026706396315383e+00,0.000000000000000000e+00,0.000000000000000000e+00,0.000000000000000000e+00,1.000000000000000056e-01
9.126849930822231727e-01,-3.795909979354734065e-01,1.513828843986454176e-01,6.667347726157667864e+01,3.789953112986499950e-01,9.247770162641497649e-01,3.391200677069860364e-02,2.057227858629291006e+01,-1.528681046397240284e-01,2.642242373303278422e-02,9.878933131203644358e-01,-6.557259438979102129e+00,0.000000000000000000e+00,0.000000000000000000e+00,0.000000000000000000e+00,1.000000000000000056e-01
9.145751411652995877e-01,-3.760071329672342588e-01,1.488991172580717559e-01,6.733628512509298503e+01,3.753657134236552673e-01,9.262720192146639553e-01,3.347726998934603959e-02,2.086127118828752458e+01,-1.505087783101791699e-01,2.527414445139359450e-02,9.882855484493474618e-01,-6.654128931769923483e+00,0.000000000000000000e+00,0.000000000000000000e+00,0.000000000000000000e+00,1.000000000000000056e-01
9.153954724421045075e-01,-3.749575570758466037e-01,1.464853556646860955e-01,6.796526688654023474e+01,3.739370844249605974e-01,9.267742850090207041e-01,3.550326094569880575e-02,2.112771776461551454e+01,-1.490710767528571068e-01,2.227678248158281721e-02,9.885755201490739053e-01,-6.750876036650621970e+00,0.000000000000000000e+00,0.000000000000000000e+00,0.000000000000000000e+00,1.000000000000000056e-01
9.156920751679890058e-01,-3.730925432829972910e-01,1.493652490412904488e-01,6.857801285546848646e+01,3.716691234978765634e-01,9.275708451365271001e-01,3.839778497555674380e-02,2.139422855318022343e+01,-1.528727775402217715e-01,2.035390378609667345e-02,9.880362505939770390e-01,-6.836819010078080794e+00,0.000000000000000000e+00,0.000000000000000000e+00,0.000000000000000000e+00,1.000000000000000056e-01
9.147075733672777043e-01,-3.756644890198085895e-01,1.489504847727335657e-01,6.914387966416127540e+01,3.742672527225405221e-01,9.265260001614138430e-01,3.838742716585358261e-02,2.161511998043046034e+01,-1.524272900896299354e-01,2.063401837689054705e-02,9.880992655201975561e-01,-6.922824667915487673e+00,0.000000000000000000e+00,0.000000000000000000e+00,0.000000000000000000e+00,1.000000000000000056e-01
9.142852315548635200e-01,-3.776430207883896273e-01,1.465205248778804481e-01,6.965960436299219793e+01,3.763310328305744523e-01,9.257196322586594972e-01,3.765788336544229759e-02,2.182531857447738588e+01,-1.498581632389197338e-01,2.071017384553117124e-02,9.884905763890443620e-01,-6.980835075509002507e+00,0.000000000000000000e+00,0.000000000000000000e+00,0.000000000000000000e+00,1.000000000000000056e-01
9.160783186981364956e-01,-3.734820992948861829e-01,1.459850523768795871e-01,7.022129009976696068e+01,3.731000413144283101e-01,9.272719159813284096e-01,3.103470643470229023e-02,2.204325613267934969e+01,-1.469587465323768383e-01,2.603680738111044390e-02,9.887998844452964287e-01,-7.057354362530979586e+00,0.000000000000000000e+00,0.000000000000000000e+00,0.000000000000000000e+00,1.000000000000000056e-01
9.187972897145081363e-01,-3.674917187765416871e-01,1.440880877933269077e-01,7.078306323157171676e+01,3.676889878733940464e-01,9.295785628548060009e-01,2.623935360165244313e-02,2.226034759720191758e+01,-1.435839427300746596e-01,2.887095619228223498e-02,9.892169222565038167e-01,-7.126402917211465571e+00,0.000000000000000000e+00,0.000000000000000000e+00,0.000000000000000000e+00,1.000000000000000056e-01
9.211343513427117102e-01,-3.631635986258135440e-01,1.400846437322477711e-01,7.130954439644675347e+01,3.628872961576924960e-01,9.313992932178923878e-01,2.842827607452999214e-02,2.247729902292952886e+01,-1.407988532048502495e-01,2.464867595550531212e-02,9.897313401675423838e-01,-7.194738893407360614e+00,0.000000000000000000e+00,0.000000000000000000e+00,0.000000000000000000e+00,1.000000000000000056e-01
9.245819956767520331e-01,-3.547780898564473206e-01,1.388547450691017537e-01,7.182879486188718943e+01,3.533339871455712933e-01,9.348136031273528435e-01,3.575780943890857766e-02,2.270912541147892938e+01,-1.424893918795638592e-01,1.600107389729246363e-02,9.896669838061313840e-01,-7.272586121870074471e+00,0.000000000000000000e+00,0.000000000000000000e+00,0.000000000000000000e+00,1.000000000000000056e-01
9.269039569360095765e-01,-3.469495294450684053e-01,1.430911549824577245e-01,7.234067763120792449e+01,3.457214470282996555e-01,9.377148911991703972e-01,3.416817068540056734e-02,2.288809414447666768e+01,-1.460333375672374645e-01,1.779906854792321844e-02,9.891195364958673686e-01,-7.343336544423668677e+00,0.000000000000000000e+00,0.000000000000000000e+00,0.000000000000000000e+00,1.000000000000000056e-01
9.296874657788888330e-01,-3.386131936576310397e-01,1.449907619629852151e-01,7.288666510130131826e+01,3.374712052821883801e-01,9.407515548094319557e-01,3.316169068403297671e-02,2.307822705123668428e+01,-1.476292707392894976e-01,1.810019902144947498e-02,9.888771315064219802e-01,-7.404927063125843922e+00,0.000000000000000000e+00,0.000000000000000000e+00,0.000000000000000000e+00,1.000000000000000056e-01
9.327923792677013104e-01,-3.284328155274503502e-01,1.484259507795472333e-01,7.340605970399407454e+01,3.270104274308129333e-01,9.443872629002630914e-01,3.459592495174004800e-02,2.324033435491507760e+01,-1.515340144377421150e-01,1.626601845754410691e-02,9.883181972987854502e-01,-7.471932005442711855e+00,0.000000000000000000e+00,0.000000000000000000e+00,0.000000000000000000e+00,1.000000000000000056e-01
9.374695148410503442e-01,-3.162523511517425501e-01,1.453800506764276468e-01,7.387798067442088268e+01,3.143679107291331709e-01,9.486041317319522381e-01,3.637331391100919603e-02,2.341980560003489842e+01,-1.494112627865969156e-01,1.160394984752903536e-02,9.887070460457184629e-01,-7.529016734641358788e+00,0.000000000000000000e+00,0.000000000000000000e+00,0.000000000000000000e+00,1.000000000000000056e-01
9.429596164183222662e-01,-3.015307901240183996e-01,1.410898451746111781e-01,7.435360274376145640e+01,2.989585739436783074e-01,9.534441526295234226e-01,3.959821816865424088e-02,2.359792983014818546e+01,-1.464613698890353810e-01,4.840498296172862647e-03,9.892045474554147511e-01,-7.598211331687862113e+00,0.000000000000000000e+00,0.000000000000000000e+00,0.000000000000000000e+00,1.000000000000000056e-01
9.507617528865441869e-01,-2.776377810536969082e-01,1.377292698727668185e-01,7.482754832994287142e+01,2.739878042322590468e-01,9.606716879847109203e-01,4.517290157374816845e-02,2.373097284176633792e+01,-1.448543143302651603e-01,-5.212526852276536116e-03,9.894392640196381095e-01,-7.664195732354701640e+00,0.000000000000000000e+00,0.000000000000000000e+00,0.000000000000000000e+00,1.000000000000000056e-01
9.561635004083413047e-01,-2.579355447087578468e-01,1.386384335697147252e-01,7.531645221790068945e+01,2.542108962607225187e-01,9.661363335179927736e-01,4.424257314770529970e-02,2.385427552034359877e+01,-1.453553600978924054e-01,-7.059733154042169972e-03,9.893543245261556818e-01,-7.713077892657087098e+00,0.000000000000000000e+00,0.000000000000000000e+00,0.000000000000000000e+00,1.000000000000000056e-01
9.628604690806044086e-01,-2.303258347974698750e-01,1.408890588609602312e-01,7.580205300411816438e+01,2.267249988881655520e-01,9.730819722086671009e-01,4.131888480649176937e-02,2.396975236023209987e+01,-1.466134098950019060e-01,-7.841249093060220776e-03,9.891627888530890589e-01,-7.780547066539162060e+00,0.000000000000000000e+00,0.000000000000000000e+00,0.000000000000000000e+00,1.000000000000000056e-01
9.694619888318996015e-01,-1.994832706332002048e-01,1.426529948777069956e-01,7.626875142590495216e+01,1.955822047495809901e-01,9.798295002632866346e-01,4.100916481825744864e-02,2.410607302380754646e+01,-1.479562550059668191e-01,-1.185643923273041814e-02,9.889228339225107911e-01,-7.836621860237288573e+00,0.000000000000000000e+00,0.000000000000000000e+00,0.000000000000000000e+00,1.000000000000000056e-01
9.761108933556064127e-01,-1.647741642781911930e-01,1.416227335527163178e-01,7.671542239957258857e+01,1.609086892860926432e-01,9.862217717809819151e-01,3.840586644527743676e-02,2.414342632542606637e+01,-1.459997177557262327e-01,-1.470005617691475149e-02,9.891754095020982573e-01,-7.902171394798098270e+00,0.000000000000000000e+00,0.000000000000000000e+00,0.000000000000000000e+00,1.000000000000000056e-01
9.820415889315768920e-01,-1.248110806426460245e-01,1.414797220719585524e-01,7.717407048224268351e+01,1.204427287434298027e-01,9.919513885845365753e-01,3.906394473227479264e-02,2.420904094569972642e+01,-1.452166199220334131e-01,-2.132221456660969572e-02,9.891701049184590255e-01,-7.964156153862536947e+00,0.000000000000000000e+00,0.000000000000000000e+00,0.000000000000000000e+00,1.000000000000000056e-01
