1.000000000000000000e+00,-1.672927587494381570e-09,-9.053493320111195650e-10,5.564800523549174281e-15,1.672927587255098485e-09,1.000000000000000000e+00,-2.642990416628504467e-10,3.226138510912470943e-15,9.053493324532726246e-10,2.642990401482666151e-10,1.000000000000000000e+00,1.554486512622859543e-15,0.000000000000000000e+00,0.000000000000000000e+00,0.000000000000000000e+00,1.000000000000000056e-01
9.999536051589598129e-01,-9.603777309815233337e-03,-7.449771691114622126e-04,6.549234619271621094e-01,9.601185308352824105e-03,9.999480994757939945e-01,-3.408165991019234016e-03,1.697954350997578354e-02,7.776697716184981929e-04,3.400855205848710844e-03,9.999939146882820262e-01,1.025765411095496023e-02,0.000000000000000000e+00,0.000000000000000000e+00,0.000000000000000000e+00,1.000000000000000056e-01
9.998265983529701639e-01,-1.825341677325048595e-02,-3.685919428096520647e-03,1.336806626632853101e+00,1.823942395429129643e-02,9.998264460980835766e-01,-3.794877691250714974e-03,1.427445785839463049e-02,3.754549206499535174e-03,3.726990606098363676e-03,9.999860063527279408e-01,1.674782709656529034e-02,0.000000000000000000e+00,0.000000000000000000e+00,0.000000000000000000e+00,1.000000000000000056e-01
9.996922497791072004e-01,-2.394845293914589154e-02,-6.471269845136439110e-03,2.077020629345964320e+00,2.392806951606226210e-02,9.997085320404762721e-01,-3.209120550956310724e-03,2.526360842281882499e-02,6.546237149809772983e-03,3.053287948686260207e-03,9.999739117656424314e-01,1.675218425385828144e-02,0.000000000000000000e+00,0.000000000000000000e+00,0.000000000000000000e+00,1.000000000000000056e-01
9.994284186669981640e-01,-3.292718987083954191e-02,-7.657423064786547662e-03,2.816858925933510616e+00,3.291245946683348661e-02,9.994561525785677913e-01,-2.041833658911932671e-03,5.910686639736731363e-02,7.720490439569611604e-03,1.788641958667220580e-03,9.999685969005808195e-01,3.261130892661218833e-02,0.000000000000000000e+00,0.000000000000000000e+00,0.000000000000000000e+00,1.000000000000000056e-01
9.992339708670441301e-01,-3.827009182956958577e-02,-8.177501857871751281e-03,3.519983163807222759e+00,3.823628550565633111e-02,9.992596827319024655e-01,-4.251227736504591473e-03,8.899911617128483665e-02,8.334142787900912161e-03,3.935293876446980393e-03,9.999575268610646495e-01,4.294664923903072223e-02,0.000000000000000000e+00,0.000000000000000000e+00,0.000000000000000000e+00,1.000000000000000056e-01
9.990070488264470860e-01,-4.302255390033001697e-02,-1.157481105530121755e-02,4.243898373710832672e+00,4.297708481744951653e-02,9.990674437375380856e-01,-4.148860606844351553e-03,1.306485641767203276e-01,1.174251147184769868e-02,3.647289354366245722e-03,9.999244024948581444e-01,6.457435130961407255e-02,0.000000000000000000e+00,0.000000000000000000e+00,0.000000000000000000e+00,1.000000000000000056e-01
9.984945650884756718e-01,-5.302883401319782170e-02,-1.401949542517838716e-02,5.020334635398976175e+00,5.298528023468928455e-02,9.985892981282821212e-01,-3.460309540540683782e-03,1.615207533981754262e-01,1.418321427700116287e-02,2.712273375901651674e-03,9.998957345673132879e-01,8.055569525731921809e-02,0.000000000000000000e+00,0.000000000000000000e+00,0.000000000000000000e+00,1.000000000000000056e-01
9.980592842255990860e-01,-6.046685445307668078e-02,-1.488034554824527525e-02,5.791490041777365150e+00,6.041489873160998253e-02,9.981656658701637541e-01,-3.917076616794364086e-03,2.337228770022049540e-01,1.508990332421162803e-02,3.010480115026013294e-03,9.998816089053458311e-01,9.124807135163329197e-02,0.000000000000000000e+00,0.000000000000000000e+00,0.000000000000000000e+00,1.000000000000000056e-01
9.977893612074414387e-01,-6.524076032942906223e-02,-1.265044872263122733e-02,6.583780519961048405e+00,6.520039901363670898e-02,9.978657771237130492e-01,-3.577542976780355780e-03,2.990875773594312559e-01,1.285685146948845406e-02,2.744820017076732635e-03,9.999135799324686547e-01,1.193594397172368649e-01,0.000000000000000000e+00,0.000000000000000000e+00,0.000000000000000000e+00,1.000000000000000056e-01
9.974591838733796179e-01,-6.995715686003423084e-02,-1.346004125967226184e-02,7.379305042168997630e+00,6.989271573379363112e-02,9.975409584239406380e-01,-5.200437866288029620e-03,3.560306169517090114e-01,1.379075030615202480e-02,4.246465672364471006e-03,9.998958859477754535e-01,1.371689729451747164e-01,0.000000000000000000e+00,0.000000000000000000e+00,0.000000000000000000e+00,1.000000000000000056e-01
9.971908776617012249e-01,-7.360833682393637389e-02,-1.386240449200341028e-02,8.192603454245075412e+00,7.355097601739520041e-02,9.972808320969481777e-01,-4.603896057386895266e-03,4.284080397626252590e-01,1.416359541834416071e-02,3.571369769794109986e-03,9.998933132503651233e-01,1.600951416416475370e-01,0.000000000000000000e+00,0.000000000000000000e+00,0.000000000000000000e+00,1.000000000000000056e-01
9.965756553467186585e-01,-8.118809329278073306e-02,-1.566705708615834247e-02,9.034980984243292212e+00,8.111901427586029611e-02,9.966918986201354080e-01,-4.996473546661153384e-03,4.913260533285651599e-01,1.602088303343444237e-02,3.708467671753586364e-03,9.998647801449737083e-01,1.841489744824988117e-01,0.000000000000000000e+00,0.000000000000000000e+00,0.000000000000000000e+00,1.000000000000000056e-01
9.965190329012596493e-01,-8.145282057703065459e-02,-1.775542411727581982e-02,9.784364632000762896e+00,8.133402069158804371e-02,9.966600594440814254e-01,-7.314573607552206022e-03,5.679764470810583221e-01,1.829191470783243095e-02,5.844991784940569909e-03,9.998156039627283942e-01,2.160041122529852420e-01,0.000000000000000000e+00,0.000000000000000000e+00,0.000000000000000000e+00,1.000000000000000056e-01
9.964289512910515789e-01,-8.285261978494348756e-02,-1.627232078674764951e-02,1.054155874502152734e+01,8.279533076455369844e-02,9.965578710234824777e-01,-4.164481328106787658e-03,6.442824672525470087e-01,1.656134754793152711e-02,2.802337580590917587e-03,9.998589243845759089e-01,2.346288741298722669e-01,0.000000000000000000e+00,0.000000000000000000e+00,0.000000000000000000e+00,1.000000000000000056e-01
9.959682289569149471e-01,-8.804610009241151114e-02,-1.718054617709428161e-02,1.133014930116940988e+01,8.789360506664470329e-02,9.960851429205862528e-01,-9.439398352860084787e-03,7.543641661611101279e-01,1.794438900645275309e-02,7.891280719398102370e-03,9.998078448340924629e-01,2.490700357341611437e-01,0.000000000000000000e+00,0.000000000000000000e+00,0.000000000000000000e+00,1.000000000000000056e-01
9.955871157653698456e-01,-9.201151392570781906e-02,-1.844386692348988152e-02,1.216684384946028352e+01,9.186095300761697169e-02,9.957324941178075095e-01,-8.852427376871155329e-03,8.481753058705622239e-01,1.917968285776680895e-02,7.119091446924106364e-03,9.997907072494951475e-01,2.779860115662151632e-01,0.000000000000000000e+00,0.000000000000000000e+00,0.000000000000000000e+00,1.000000000000000056e-01
9.951760189597108619e-01,-9.539326259415151221e-02,-2.290887904600498459e-02,1.304137576393650733e+01,9.528172450441654839e-02,9.954327764791873756e-01,-5.914430353016314999e-03,9.489239029321087093e-01,2.336844588255072158e-02,3.703101751162806744e-03,9.997200622046428231e-01,3.171620026303101358e-01,0.000000000000000000e+00,0.000000000000000000e+00,0.000000000000000000e+00,1.000000000000000056e-01
9.952133218533141257e-01,-9.419159103502663943e-02,-2.604588612395667899e-02,1.394112560045468818e+01,9.420628314190773733e-02,9.955524766812759996e-01,-6.651243223720200394e-04,1.051667967962171435e+00,2.599269555622386527e-02,-1.791745536562055607e-03,9.996605270918991204e-01,3.481275366480864886e-01,0.000000000000000000e+00,0.000000000000000000e+00,0.000000000000000000e+00,1.000000000000000056e-01
9.931202239979641799e-01,-1.138475711278278957e-01,-2.740348945896576779e-02,1.483041682878761947e+01,1.137507096479778157e-01,9.934963716444442650e-01,-5.073025123711162078e-03,1.255507767341457193e+00,2.780281893648422695e-02,1.920957474419093683e-03,9.996115811561842035e-01,3.663279488676329798e-01,0.000000000000000000e+00,0.000000000000000000e+00,0.000000000000000000e+00,1.000000000000000056e-01
9.926136448469161655e-01,-1.186443552555270647e-01,-2.533118689916373512e-02,1.576728421564788540e+01,1.185333410446926944e-01,9.929328676271389487e-01,-5.845292681227749754e-03,1.389742938189775012e+00,2.584567902962978114e-02,2.799527057725053475e-03,9.996620246482059713e-01,4.027909985068388043e-01,0.000000000000000000e+00,0.000000000000000000e+00,0.000000000000000000e+00,1.000000000000000056e-01
9.922055299869579903e-01,-1.220696013117752582e-01,-2.504393537134527378e-02,1.667202853925113715e+01,1.219443223719760688e-01,9.925158167519855246e-01,-6.475780908796820341e-03,1.508275352055241658e+00,2.564699796349392477e-02,3.371339900305911526e-03,9.996653767950238745e-01,4.342464510390238175e-01,0.000000000000000000e+00,0.000000000000000000e+00,0.000000000000000000e+00,1.000000000000000056e-01
9.916800907710952018e-01,-1.261491775257456704e-01,-2.563167138152004643e-02,1.752273270794151827e+01,1.260018276024848505e-01,9.920032145914254862e-01,-7.291205737866498192e-03,1.648814099039071834e+00,2.634648001282178381e-02,4.000906129380346100e-03,9.996448648100373369e-01,4.762549116079010103e-01,0.000000000000000000e+00,0.000000000000000000e+00,0.000000000000000000e+00,1.000000000000000056e-01
9.915210955966741180e-01,-1.270402895040662616e-01,-2.732547949248174957e-02,1.841171084086809984e+01,1.268532241525301973e-01,9.918852435210189222e-01,-8.480755117144437791e-03,1.756462691749582028e+00,2.818113746602399217e-02,4.942522430102999631e-03,9.995906136829961763e-01,4.925468249240144147e-01,0.000000000000000000e+00,0.000000000000000000e+00,0.000000000000000000e+00,1.000000000000000056e-01
9.911997478434738662e-01,-1.296630668509919926e-01,-2.665612443377805146e-02,1.931868672130888598e+01,1.294355249692668020e-01,9.915364142543054982e-01,-1.009871693061552278e-02,1.873715981295640542e+00,2.773994864746850975e-02,6.559596215436565292e-03,9.995936509134730752e-01,5.362245034082918638e-01,0.000000000000000000e+00,0.000000000000000000e+00,0.000000000000000000e+00,1.000000000000000056e-01
9.893444260084449660e-01,-1.434045207550730949e-01,-2.515452549797655632e-02,2.022615906681081555e+01,1.431809033199715198e-01,9.896409850154637144e-01,-1.048569034921379740e-02,2.033619871612627694e+00,2.639764479072921957e-02,6.772311616459676317e-03,9.996285810964350427e-01,5.623752947392057777e-01,0.000000000000000000e+00,0.000000000000000000e+00,0.000000000000000000e+00,1.000000000000000056e-01
9.893824200919363321e-01,-1.433762463608669047e-01,-2.378400286939270220e-02,2.112918919969251874e+01,1.431529005419605871e-01,9.896411055832137205e-01,-1.085030904896203824e-02,2.166009488144069906e+00,2.509330347815564438e-02,7.330356028355619613e-03,9.996582375997562497e-01,5.906825390797969533e-01,0.000000000000000000e+00,0.000000000000000000e+00,0.000000000000000000e+00,1.000000000000000056e-01
9.893102082224238814e-01,-1.444234139207512257e-01,-2.017893501599574146e-02,2.206863412236982214e+01,1.442386961071829565e-01,9.894889478937191063e-01,-1.033540233762642382e-02,2.325994433130033290e+00,2.145950726843787182e-02,7.314335763160921544e-03,9.997429619857994831e-01,6.200867078108517338e-01,0.000000000000000000e+00,0.000000000000000000e+00,0.000000000000000000e+00,1.000000000000000056e-01
9.891888416817864460e-01,-1.453283545688125455e-01,-1.962408852831261374e-02,2.301838890106495583e+01,1.451543437963853100e-01,9.893582268530214385e-01,-1.002573864042247999e-02,2.477270445517622210e+00,2.087227752992765195e-02,7.068827099794451965e-03,9.997571603715308397e-01,6.544203913604321743e-01,0.000000000000000000e+00,0.000000000000000000e+00,0.000000000000000000e+00,1.000000000000000056e-01
9.893985571570638182e-01,-1.439400906040002592e-01,-1.928070051716259878e-02,2.394597442705126156e+01,1.437326238582546378e-01,9.895467681032077412e-01,-1.175272629298695914e-02,2.611028648781330119e+00,2.077084337098065656e-02,8.856864761786195639e-03,9.997450315016572775e-01,6.862629010206408031e-01,0.000000000000000000e+00,0.000000000000000000e+00,0.000000000000000000e+00,1.000000000000000056e-01
9.893923548831989878e-01,-1.435976271603957577e-01,-2.196564528034496491e-02,2.488508519936431540e+01,1.433464095406424832e-01,9.895920927479391338e-01,-1.262128529748564147e-02,2.759118504129126404e+00,2.354941550196879355e-02,9.338706797951205549e-03,9.996790552896752668e-01,7.177716911662199717e-01,0.000000000000000000e+00,0.000000000000000000e+00,0.000000000000000000e+00,1.000000000000000056e-01
9.897878624782007195e-01,-1.402835645452680524e-01,-2.530827551035649825e-02,2.582570205895122228e+01,1.399808843581744899e-01,9.900639616920747788e-01,-1.336801304971447016e-02,2.900211069295812738e+00,2.693212403687967466e-02,9.688822274537545187e-03,9.995903097858614972e-01,7.465148137520490890e-01,0.000000000000000000e+00,0.000000000000000000e+00,0.000000000000000000e+00,1.000000000000000056e-01
9.895371000384711735e-01,-1.407976399135593693e-01,-3.150162285064729562e-02,2.678027092443504031e+01,1.404643706837747641e-01,9.900060065786205898e-01,-1.256453368268441000e-02,3.043483931807666298e+00,3.295585252825153355e-02,8.008216594465432034e-03,9.994247246546946739e-01,7.921592733190483404e-01,0.000000000000000000e+00,0.000000000000000000e+00,0.000000000000000000e+00,1.000000000000000056e-01
9.892750136523850157e-01,-1.431871747914525428e-01,-2.885100237973508772e-02,2.772539729013521992e+01,1.427536779842971115e-01,9.896194713251851294e-01,-1.657375624343312287e-02,3.156264105051865609e+00,3.092466305441448141e-02,1.227741623075271314e-02,9.994463118475488406e-01,8.427235648084373532e-01,0.000000000000000000e+00,0.000000000000000000e+00,0.000000000000000000e+00,1.000000000000000056e-01
9.892915503012670309e-01,-1.440115762601014426e-01,-2.372539579430978790e-02,2.871382361164321040e+01,1.436739768566057396e-01,9.895056110617873601e-01,-1.537641217730591030e-02,3.299137018349929562e+00,2.569079361801010486e-02,1.180303267469277016e-02,9.996002558737953070e-01,8.972144841473784771e-01,0.000000000000000000e+00,0.000000000000000000e+00,0.000000000000000000e+00,1.000000000000000056e-01
9.895470502976265736e-01,-1.424518551339771510e-01,-2.245226527891912988e-02,2.964800662750492677e+01,1.420283794716330761e-01,9.896714188360750120e-01,-1.945307594320180855e-02,3.416253176307067818e+00,2.499149199084307882e-02,1.606087506577897478e-02,9.995586394105115957e-01,9.277121560235401798e-01,0.000000000000000000e+00,0.000000000000000000e+00,0.000000000000000000e+00,1.000000000000000056e-01
9.890610529284293850e-01,-1.454928235940556869e-01,-2.429139482894421276e-02,3.056611516304032605e+01,1.448286852985987139e-01,9.890834806078749875e-01,-2.717573004154513402e-02,3.538661076557922947e+00,2.798009104320648560e-02,2.336036539184420738e-02,9.993354831256485715e-01,9.719832888276463967e-01,0.000000000000000000e+00,0.000000000000000000e+00,0.000000000000000000e+00,1.000000000000000056e-01
9.887827605911256867e-01,-1.468457591207529833e-01,-2.729423723137311408e-02,3.151704065383675513e+01,1.460805365240700482e-01,9.888708206541073631e-01,-2.819533485724497190e-02,3.678377917520451401e+00,3.113084012089178954e-02,2.389190421716363977e-02,9.992297271930240532e-01,1.003142799467013901e+00,0.000000000000000000e+00,0.000000000000000000e+00,0.000000000000000000e+00,1.000000000000000056e-01
9.885674311191778862e-01,-1.475927653123633998e-01,-3.083520322422393656e-02,3.248170864721815576e+01,1.467447269112507613e-01,9.887731283647992475e-01,-2.817242885217282819e-02,3.821960846587020288e+00,3.464706703563824597e-02,2.332544214238864086e-02,9.991273715071017358e-01,1.033531052354729196e+00,0.000000000000000000e+00,0.000000000000000000e+00,0.000000000000000000e+00,1.000000000000000056e-01
9.886486116573884875e-01,-1.466117769906203072e-01,-3.284675806789710828e-02,3.343275701101079278e+01,1.456748615046311868e-01,9.888981414848984075e-01,-2.931382768115350923e-02,3.969509091585281091e+00,3.677985037387829226e-02,2.419612810691930405e-02,9.990304249576730244e-01,1.072161626853808558e+00,0.000000000000000000e+00,0.000000000000000000e+00,0.000000000000000000e+00,1.000000000000000056e-01
9.880839068593890717e-01,-1.506923276116609034e-01,-3.133712501915135451e-02,3.437799366016965763e+01,1.497591579128571548e-01,9.882591500929197581e-01,-3.026626635136697718e-02,4.106956783113358433e+00,3.553009466238407632e-02,2.521258924822751546e-02,9.990505181004022406e-01,1.125813120759048269e+00,0.000000000000000000e+00,0.000000000000000000e+00,0.000000000000000000e+00,1.000000000000000056e-01
9.876804534013133852e-01,-1.530180038673237541e-01,-3.275381598280843048e-02,3.535183694815110300e+01,1.520195659772376195e-01,9.878886885792652617e-01,-3.108038830567947178e-02,4.281449515325376431e+00,3.711298329517958433e-02,2.571827112383753486e-02,9.989800783806114248e-01,1.165807871480475155e+00,0.000000000000000000e+00,0.000000000000000000e+00,0.000000000000000000e+00,1.000000000000000056e-01
9.874007465509794246e-01,-1.549299519445265505e-01,-3.219434268680089473e-02,3.631847264184548862e+01,1.538965599445674959e-01,9.875544958523245764e-01,-3.243403396263181554e-02,4.425785014568632825e+00,3.681867118455832422e-02,2.707079075918727637e-02,9.989552331010012054e-01,1.223358273251925477e+00,0.000000000000000000e+00,0.000000000000000000e+00,0.000000000000000000e+00,1.000000000000000056e-01
9.872485723016044545e-01,-1.559616552671064249e-01,-3.187818336712316264e-02,3.730814023867866780e+01,1.549342037815577555e-01,9.873897310267303329e-01,-3.251017627660500453e-02,4.584747708627474161e+00,3.654653180560926001e-02,2.715660415636406144e-02,9.989628971406676605e-01,1.269795403736596828e+00,0.000000000000000000e+00,0.000000000000000000e+00,0.000000000000000000e+00,1.000000000000000056e-01
9.873818589015407321e-01,-1.556890727822441700e-01,-2.894783805991363312e-02,3.827369765905793741e+01,1.547789534661349331e-01,9.874497410737327341e-01,-3.140834948459211851e-02,4.737576782359933958e+00,3.347447200578288623e-02,2.653151841910523362e-02,9.990873526645759339e-01,1.327006811633687278e+00,0.000000000000000000e+00,0.000000000000000000e+00,0.000000000000000000e+00,1.000000000000000056e-01
9.872073513490370322e-01,-1.567945000981044446e-01,-2.893320205930282121e-02,3.926226851474452673e+01,1.560081881610388133e-01,9.873673859259588514e-01,-2.769639753557483902e-02,4.913088002745507055e+00,3.291034288987022133e-02,2.282827082203576358e-02,9.991975677423093893e-01,1.364555758673481334e+00,0.000000000000000000e+00,0.000000000000000000e+00,0.000000000000000000e+00,1.000000000000000056e-01
9.864645829248658293e-01,-1.604397009106548755e-01,-3.386338740542959441e-02,4.025133451615830182e+01,1.593690744689372496e-01,9.866917050020553859e-01,-3.226418111546121292e-02,5.091444412583839174e+00,3.858917902450025722e-02,2.643069525828939739e-02,9.989055478924814269e-01,1.428234672817785045e+00,0.000000000000000000e+00,0.000000000000000000e+00,0.000000000000000000e+00,1.000000000000000056e-01
9.864085210179864838e-01,-1.606277717453744869e-01,-3.459694505623992639e-02,4.126018504120672503e+01,1.596685090444936728e-01,9.867469440641319922e-01,-2.892119637230115836e-02,5.252668435751675524e+00,3.878397713769256988e-02,2.300407190504824562e-02,9.989827905390413765e-01,1.497185522530865676e+00,0.000000000000000000e+00,0.000000000000000000e+00,0.000000000000000000e+00,1.000000000000000056e-01
9.858613277224955729e-01,-1.631994339108643610e-01,-3.799193693945498301e-02,4.226749610385331124e+01,1.621016607640729246e-01,9.863058110880996709e-01,-3.039570021195744584e-02,5.418722284359325236e+00,4.243222924579288097e-02,2.380738929448572919e-02,9.988156557324345819e-01,1.554638321301791803e+00,0.000000000000000000e+00,0.000000000000000000e+00,0.000000000000000000e+00,1.000000000000000056e-01
9.866657616413492260e-01,-1.577265163061968845e-01,-4.016243093498361033e-02,4.326394755792004077e+01,1.565510490668284849e-01,9.871857670729659029e-01,-3.091974004799151465e-02,5.528498661131297176e+00,4.452464307292971352e-02,2.421997816825834787e-02,9.987146483439387490e-01,1.616041904988215094e+00,0.000000000000000000e+00,0.000000000000000000e+00,0.000000000000000000e+00,1.000000000000000056e-01
9.864376066204019189e-01,-1.598093602766273991e-01,-3.744084151015222850e-02,4.424788133002798673e+01,1.585985663546965463e-01,9.867794345246814203e-01,-3.335929179980985648e-02,5.698177100579043142e+00,4.227697949532518984e-02,2.696879617493247797e-02,9.987418790846945837e-01,1.688650883315951479e+00,0.000000000000000000e+00,0.000000000000000000e+00,0.000000000000000000e+00,1.000000000000000056e-01
9.865292483650889288e-01,-1.594517250333443714e-01,-3.654024499238466006e-02,4.521827213512828791e+01,1.582876399684236546e-01,9.868475283131235010e-01,-3.281735661971661028e-02,5.843300096257902254e+00,4.129243457873904566e-02,2.659141301566552568e-02,9.987931876021135524e-01,1.741815906308157302e+00,0.000000000000000000e+00,0.000000000000000000e+00,0.000000000000000000e+00,1.000000000000000056e-01
9.857865099408551490e-01,-1.630862704191876067e-01,-4.034631605720411657e-02,4.612675528722434848e+01,1.618914497471874436e-01,9.863115610095514185e-01,-3.131554115221146101e-02,6.004929837979432250e+00,4.490117278403848305e-02,2.433871442088876569e-02,9.986949041939466865e-01,1.806988357172759851e+00,0.000000000000000000e+00,0.000000000000000000e+00,0.000000000000000000e+00,1.000000000000000056e-01
9.858272957580314078e-01,-1.613627178735859702e-01,-4.589788904575399509e-02,4.707877718656946797e+01,1.599973879588673098e-01,9.865975342413479954e-01,-3.203343995314802267e-02,6.150116121625372578e+00,5.045174709310414063e-02,2.423589712269264701e-02,9.984323925564072555e-01,1.846459919221891344e+00,0.000000000000000000e+00,0.000000000000000000e+00,0.000000000000000000e+00,1.000000000000000056e-01
9.858757699605517066e-01,-1.611161786999434631e-01,-4.572245800279359229e-02,4.802163184582920508e+01,1.595847884543785955e-01,9.865495138072841730e-01,-3.539423823989516077e-02,6.308820485433332514e+00,5.081005312593731005e-02,2.759771308893382152e-02,9.983269528233725820e-01,1.911689708455739600e+00,0.000000000000000000e+00,0.000000000000000000e+00,0.000000000000000000e+00,1.000000000000000056e-01
9.864391114845696418e-01,-1.581908791826684701e-01,-4.374385759106218935e-02,4.898395702255144357e+01,1.567063330354041273e-01,9.870060486944125522e-01,-3.552724345118618565e-02,6.492989545688613973e+00,4.879553791208521979e-02,2.819052294756581312e-02,9.984108823003748912e-01,1.978350672355261963e+00,0.000000000000000000e+00,0.000000000000000000e+00,0.000000000000000000e+00,1.000000000000000056e-01
9.873329889486492927e-01,-1.528285743868604829e-01,-4.262623352591946024e-02,4.997343355630690809e+01,1.513695239338191389e-01,9.878360130845953435e-01,-3.559885499816230897e-02,6.659400712639451214e+00,4.754825083823090159e-02,2.869561123257493088e-02,9.984566719383538569e-01,2.056018134429607791e+00,0.000000000000000000e+00,0.000000000000000000e+00,0.000000000000000000e+00,1.000000000000000056e-01
9.873720224187357841e-01,-1.527264512845823430e-01,-4.208468156887448797e-02,5.089874378848242031e+01,1.510290681570871651e-01,9.876810035089548245e-01,-4.094454639076955393e-02,6.819868881573369457e+00,4.781955579401996059e-02,3.407148933583703521e-02,9.982747235596525215e-01,2.115187898202640859e+00,0.000000000000000000e+00,0.000000000000000000e+00,0.000000000000000000e+00,1.000000000000000056e-01
9.879275788315258211e-01,-1.489758811837567365e-01,-4.248865506935285696e-02,5.182740852213009930e+01,1.472627000652557971e-01,9.882489107053705757e-01,-4.096080637803714564e-02,6.966875620044583606e+00,4.809153931378951086e-02,3.420931620438694143e-02,9.982569441437703084e-01,2.172211479487138330e+00,0.000000000000000000e+00,0.000000000000000000e+00,0.000000000000000000e+00,1.000000000000000056e-01
9.882265517822965695e-01,-1.474513576957744987e-01,-4.082131142117689099e-02,5.280126648926630395e+01,1.457171372517718777e-01,9.884071701662127118e-01,-4.263545326565462007e-02,7.115706299836618065e+00,4.663473237427465806e-02,3.618512232523616451e-02,9.982563992575692602e-01,2.246298607729363184e+00,0.000000000000000000e+00,0.000000000000000000e+00,0.000000000000000000e+00,1.000000000000000056e-01
9.871452093598525046e-01,-1.547322548631563377e-01,-4.002830177332206141e-02,5.375932544454580864e+01,1.529236731694745832e-01,9.872182044138774204e-01,-4.488392872950745793e-02,7.269679625581819238e+00,4.646165970182972171e-02,3.818568028466973185e-02,9.981899458514638113e-01,2.301355005270195875e+00,0.000000000000000000e+00,0.000000000000000000e+00,0.000000000000000000e+00,1.000000000000000056e-01
9.874291283278718856e-01,-1.540188864382479317e-01,-3.552321987068740583e-02,5.466986838293983908e+01,1.523519759163417253e-01,9.872714270133724490e-01,-4.565090182423178072e-02,7.409731352711090402e+00,4.210216103771330376e-02,3.966499745747256028e-02,9.983256462761302963e-01,2.360408075706640130e+00,0.000000000000000000e+00,0.000000000000000000e+00,0.000000000000000000e+00,1.000000000000000056e-01
9.875231124640985181e-01,-1.544259433838802709e-01,-3.083391572956689641e-02,5.558051282936612125e+01,1.529502512851612650e-01,9.871831382149538481e-01,-4.555954626509602784e-02,7.574150049161893605e+00,3.747429760549826627e-02,4.027504977121697943e-02,9.984856520676200775e-01,2.425995654518264377e+00,0.000000000000000000e+00,0.000000000000000000e+00,0.000000000000000000e+00,1.000000000000000056e-01
9.876636087206798198e-01,-1.541727232721622487e-01,-2.741108184091241642e-02,5.648336096668991502e+01,1.530922879651025470e-01,9.874840869829579759e-01,-3.792003851585711016e-02,7.728829439794532519e+00,3.291424272946350676e-02,3.325581684877464139e-02,9.989047518513798352e-01,2.490014757050498684e+00,0.000000000000000000e+00,0.000000000000000000e+00,0.000000000000000000e+00,1.000000000000000056e-01
9.871926234639810671e-01,-1.567384404505580697e-01,-2.972852945285675563e-02,5.733451141879830715e+01,1.556202765277285849e-01,9.871310195800585552e-01,-3.680597392091782688e-02,7.877757041601952892e+00,3.511486454104285893e-02,3.170822397992145020e-02,9.988801403673532864e-01,2.555574110383449948e+00,0.000000000000000000e+00,0.000000000000000000e+00,0.000000000000000000e+00,1.000000000000000056e-01
9.869991234904779143e-01,-1.568289120914026225e-01,-3.517701751506993602e-02,5.823495984075371013e+01,1.555676362967952919e-01,9.871644364852787401e-01,-3.612597231536076453e-02,8.049730287902272963e+00,4.039109760895895351e-02,3.018389754371194472e-02,9.987279367089989535e-01,2.601665447097445849e+00,0.000000000000000000e+00,0.000000000000000000e+00,0.000000000000000000e+00,1.000000000000000056e-01
9.867060578836885920e-01,-1.571419520828668814e-01,-4.144348237318992711e-02,5.919856968134094899e+01,1.557276379649490117e-01,9.871650429734719623e-01,-3.541300192077774522e-02,8.202068221335578002e+00,4.647642530884568690e-02,2.848832790405923798e-02,9.985130730560026757e-01,2.655278191790096720e+00,0.000000000000000000e+00,0.000000000000000000e+00,0.000000000000000000e+00,1.000000000000000056e-01
9.873379557998435141e-01,-1.532669031915167013e-01,-4.090253565573397088e-02,6.010176106520830785e+01,1.520061051513418859e-01,9.878499167082391841e-01,-3.235252781845793929e-02,8.381821391455288150e+00,4.536413818982502899e-02,2.572544354539182607e-02,9.986392224025086861e-01,2.711253564185927889e+00,0.000000000000000000e+00,0.000000000000000000e+00,0.000000000000000000e+00,1.000000000000000056e-01
9.871783240507262525e-01,-1.551091104523735775e-01,-3.768448459343326506e-02,6.103199735227933331e+01,1.539891203330392422e-01,9.875856330957341056e-01,-3.101561093957132600e-02,8.552276895732969564e+00,4.202745939806604158e-02,2.481493819398863585e-02,9.988082456102234108e-01,2.769761682972978090e+00,0.000000000000000000e+00,0.000000000000000000e+00,0.000000000000000000e+00,1.000000000000000056e-01
9.868106663162374836e-01,-1.576128932527179061e-01,-3.691726865588489115e-02,6.191385229445656790e+01,1.564460454198361716e-01,9.871474303277614215e-01,-3.262798905528905419e-02,8.715039314024171091e+00,4.158537864439849907e-02,2.642208693129383459e-02,9.987855273306662784e-01,2.830719754772469621e+00,0.000000000000000000e+00,0.000000000000000000e+00,0.000000000000000000e+00,1.000000000000000056e-01
9.864704938985282556e-01,-1.599917536270586693e-01,-3.575756477910984471e-02,6.273428554985218142e+01,1.589043638646237266e-01,9.867931782757222159e-01,-3.144243077877393461e-02,8.855026839772378366e+00,4.031585063437127109e-02,2.533499713513488738e-02,9.988657417830435481e-01,2.879778010036466274e+00,0.000000000000000000e+00,0.000000000000000000e+00,0.000000000000000000e+00,1.000000000000000056e-01
9.859966043435156591e-01,-1.629120698543649326e-01,-3.564202181166485628e-02,6.355443750681588000e+01,1.618239675420016510e-01,9.863149623037736902e-01,-3.155627773788828583e-02,8.980953174634944247e+00,4.029515792278109965e-02,2.534664931449655614e-02,9.988662811490365279e-01,2.923028310429821364e+00,0.000000000000000000e+00,0.000000000000000000e+00,0.000000000000000000e+00,1.000000000000000056e-01
9.857168259231845475e-01,-1.646336013721994007e-01,-3.546993644118816291e-02,6.435531403173540355e+01,1.636151996684824250e-01,9.860698076028674430e-01,-2.993995610361742041e-02,9.111950736323487732e+00,3.990495620051244530e-02,2.370889776568385968e-02,9.989221604496375528e-01,2.969019319114976962e+00,0.000000000000000000e+00,0.000000000000000000e+00,0.000000000000000000e+00,1.000000000000000056e-01
9.853974998074818137e-01,-1.661011044793064273e-01,-3.744583373245170127e-02,6.514711374291323409e+01,1.649520931535686796e-01,9.857839323003071419e-01,-3.195067734492973432e-02,9.247579963924465574e+00,4.222054402089451403e-02,2.530734891880089335e-02,9.987877470980918160e-01,3.023658170675412649e+00,0.000000000000000000e+00,0.000000000000000000e+00,0.000000000000000000e+00,1.000000000000000056e-01
9.849087968401529780e-01,-1.691808702806459619e-01,-3.650335653012755366e-02,6.589784705273872589e+01,1.680862629575682610e-01,9.852771219890328336e-01,-3.124101614812897776e-02,9.372301230667122951e+00,4.125130436533581968e-02,2.463383884196061052e-02,9.988450850217298616e-01,3.074103669253215987e+00,0.000000000000000000e+00,0.000000000000000000e+00,0.000000000000000000e+00,1.000000000000000056e-01
9.844680643048521196e-01,-1.723351281105327537e-01,-3.351468309538176843e-02,6.668111661831591164e+01,1.713097484535720527e-01,9.847167615583583000e-01,-3.139856032994653434e-02,9.510690227137260422e+00,3.841354511928660870e-02,2.516948797941054999e-02,9.989448915862290113e-01,3.127914487156882029e+00,0.000000000000000000e+00,0.000000000000000000e+00,0.000000000000000000e+00,1.000000000000000056e-01
9.814164639204465690e-01,-1.891084335762342195e-01,-3.255341297360272307e-02,6.748437486461658352e+01,1.882610135076934477e-01,9.817365386122950399e-01,-2.740729002666646152e-02,9.685351870501156313e+00,3.714182465823375606e-02,2.076942714406817408e-02,9.990941475942917149e-01,3.176195264398878670e+00,0.000000000000000000e+00,0.000000000000000000e+00,0.000000000000000000e+00,1.000000000000000056e-01
9.809236415076804105e-01,-1.919785372960928216e-01,-3.054587941055755124e-02,6.821603715760862485e+01,1.912059352416997648e-01,9.811921932797870172e-01,-2.649849382791333655e-02,9.815887792402222090e+00,3.505852050013719828e-02,2.015244561966970591e-02,9.991820550209494778e-01,3.228735003063821996e+00,0.000000000000000000e+00,0.000000000000000000e+00,0.000000000000000000e+00,1.000000000000000056e-01
9.810406378696340246e-01,-1.907885365970411751e-01,-3.404410597300196878e-02,6.888620247481652825e+01,1.900641931034136867e-01,9.814926149809123368e-01,-2.340617948061524123e-02,9.958255716292578441e+00,3.787966932656327418e-02,1.649184771606818783e-02,9.991462103269072026e-01,3.269711785659375813e+00,0.000000000000000000e+00,0.000000000000000000e+00,0.000000000000000000e+00,1.000000000000000056e-01
9.805559821917697594e-01,-1.925397178090500205e-01,-3.792654550502991967e-02,6.954678895945532702e+01,1.916807512982917350e-01,9.811350977200284929e-01,-2.514775543925367243e-02,1.010975366139817844e+01,4.205300666606554688e-02,1.738899329810282210e-02,9.989640471720803161e-01,3.307979926400002046e+00,0.000000000000000000e+00,0.000000000000000000e+00,0.000000000000000000e+00,1.000000000000000056e-01
9.799116514700713099e-01,-1.946034175634084318e-01,-4.361955050019741126e-02,7.026351526034386552e+01,1.935028016973488474e-01,9.806939191850257975e-01,-2.821529033681113158e-02,1.026131693812912360e+01,4.826821986021500449e-02,1.920798652008495061e-02,9.986497044536538636e-01,3.352773935342678868e+00,0.000000000000000000e+00,0.000000000000000000e+00,0.000000000000000000e+00,1.000000000000000056e-01
9.789513046637623450e-01,-1.988611550785674420e-01,-4.591932161885122626e-02,7.097588616981816756e+01,1.977216041383172973e-01,9.798525845499929110e-01,-2.819715956740210389e-02,1.041220010118784955e+01,5.060148569052199535e-02,1.852440421489800343e-02,9.985471126063081293e-01,3.395909009016500502e+00,0.000000000000000000e+00,0.000000000000000000e+00,0.000000000000000000e+00,1.000000000000000056e-01
9.789972014904196884e-01,-1.992594105506723945e-01,-4.312965083240419273e-02,7.164131431494935498e+01,1.982196041008912613e-01,9.797796671996483742e-01,-2.721749974248503443e-02,1.054353780140825592e+01,4.768089789436066872e-02,1.809671376645023352e-02,9.986986737384018209e-01,3.454022792697887478e+00,0.000000000000000000e+00,0.000000000000000000e+00,0.000000000000000000e+00,1.000000000000000056e-01
9.779859393593249850e-01,-2.047516137548057169e-01,-4.025269034812043595e-02,7.220426389561002622e+01,2.036965059281462542e-01,9.786100963052745128e-01,-2.880994415208091436e-02,1.067419421950321023e+01,4.529057173544492193e-02,1.997638791634279154e-02,9.987741026066366823e-01,3.489843246448934178e+00,0.000000000000000000e+00,0.000000000000000000e+00,0.000000000000000000e+00,1.000000000000000056e-01
9.785762703238710669e-01,-2.011721048641057497e-01,-4.379802944845021667e-02,7.273023632750980028e+01,1.999040592892206147e-01,9.793034542406993115e-01,-3.167193697780782552e-02,1.076833631244920042e+01,4.926307175475207883e-02,2.223800208606185186e-02,9.985382421442388079e-01,3.528910369018300131e+00,0.000000000000000000e+00,0.000000000000000000e+00,0.000000000000000000e+00,1.000000000000000056e-01
9.781589767808629432e-01,-2.030370481362132606e-01,-4.450812540591058547e-02,7.334802151266393366e+01,2.013423532231169433e-01,9.787131397756347884e-01,-3.977243805823706818e-02,1.088723818113767550e+01,5.163596558207129289e-02,2.994239660834979028e-02,9.982170004281410991e-01,3.580227904614826873e+00,0.000000000000000000e+00,0.000000000000000000e+00,0.000000000000000000e+00,1.000000000000000056e-01
9.782129223147030261e-01,-2.013187079720696049e-01,-5.069769656488677667e-02,7.392909589334270493e+01,1.991491744138076669e-01,9.789459068299040112e-01,-4.477184194642681164e-02,1.099944443490807089e+01,5.864371191208474221e-02,3.369998993224724432e-02,9.977099907947895030e-01,3.624495922470679865e+00,0.000000000000000000e+00,0.000000000000000000e+00,0.000000000000000000e+00,1.000000000000000056e-01
9.792156535017034757e-01,-1.963813692158250801e-01,-5.070563836645403111e-02,7.450006105051184591e+01,1.944033042691873658e-01,9.800468422726792417e-01,-4.141910477753023984e-02,1.109700701721598826e+01,5.782784127436879640e-02,3.070089210866765866e-02,9.978543961907860860e-01,3.675756754080135469e+00,0.000000000000000000e+00,0.000000000000000000e+00,0.000000000000000000e+00,1.000000000000000056e-01
9.796437289424132500e-01,-1.949275838358655588e-01,-4.797292365194210512e-02,7.506612641811699405e+01,1.930089967540773999e-01,9.803036425728776093e-01,-4.186042917042796102e-02,1.122908154821787186e+01,5.518778411739330009e-02,3.174910106222652434e-02,9.979710933017812424e-01,3.704831647974236919e+00,0.000000000000000000e+00,0.000000000000000000e+00,0.000000000000000000e+00,1.000000000000000056e-01
9.804355004147126129e-01,-1.912706248098547390e-01,-4.649492027522885568e-02,7.564435742893695647e+01,1.892478747089650359e-01,9.809147894753482699e-01,-4.462530343508183672e-02,1.131868363866726845e+01,5.414306460380666902e-02,3.495316685768302956e-02,9.979212417229763599e-01,3.746086205225838572e+00,0.000000000000000000e+00,0.000000000000000000e+00,0.000000000000000000e+00,1.000000000000000056e-01
9.812395359392074301e-01,-1.881448838845037053e-01,-4.207702197037518216e-02,7.623234143280619435e+01,1.860486777721356011e-01,9.813083577287849968e-01,-4.919142761574474276e-02,1.141468396079663705e+01,5.054564876474413465e-02,4.044019930368308868e-02,9.979026644273626401e-01,3.794978505754517339e+00,0.000000000000000000e+00,0.000000000000000000e+00,0.000000000000000000e+00,1.000000000000000056e-01
9.828359389720395800e-01,-1.803421855275162966e-01,-3.886146142527613367e-02,7.679980998344980492e+01,1.783277701994925302e-01,9.826869625767523653e-01,-5.025475059487940349e-02,1.149168493678749670e+01,4.725170304471902616e-02,4.246209722606087561e-02,9.979800833977290342e-01,3.854117527837485291e+00,0.000000000000000000e+00,0.000000000000000000e+00,0.000000000000000000e+00,1.000000000000000056e-01
9.847148600645304617e-01,-1.701591807768893516e-01,-3.718195214657275122e-02,7.729530084787306521e+01,1.683509829796338564e-01,9.845906844646156175e-01,-4.731945260979567025e-02,1.160401940012803657e+01,4.466084300461831830e-02,4.033654996200788934e-02,9.981875434202128750e-01,3.897863551224441281e+00,0.000000000000000000e+00,0.000000000000000000e+00,0.000000000000000000e+00,1.000000000000000056e-01
9.871616036007477835e-01,-1.550718441025228655e-01,-3.827128875597142488e-02,7.779337498883273838e+01,1.532942634794143000e-01,9.871234686203135267e-01,-4.569602262018978428e-02,1.167969625881401718e+01,4.486465380122754698e-02,3.924258994566796194e-02,9.982220103632518660e-01,3.930890745147621601e+00,0.000000000000000000e+00,0.000000000000000000e+00,0.000000000000000000e+00,1.000000000000000056e-01
9.901171511485714616e-01,-1.351268142998984512e-01,-3.753359906267400570e-02,7.825630865375315182e+01,1.337806804741149824e-01,9.903448202877145334e-01,-3.632996643512194368e-02,1.175835100920513909e+01,4.208035804647528022e-02,3.094965244481903341e-02,9.986347492853557828e-01,3.962857964312592962e+00,0.000000000000000000e+00,0.000000000000000000e+00,0.000000000000000000e+00,1.000000000000000056e-01
9.931656355115134893e-01,-1.111743576630399161e-01,-3.552861715887798560e-02,7.873186609963340743e+01,1.097815813475677554e-01,9.931899369384793452e-01,-3.900965984171988338e-02,1.179927567104512320e+01,3.962353891109429010e-02,3.484266583299574366e-02,9.986070116926935025e-01,4.002087648688930521e+00,0.000000000000000000e+00,0.000000000000000000e+00,0.000000000000000000e+00,1.000000000000000056e-01
9.954749550694005356e-01,-8.821916865197812485e-02,-3.531277547756294516e-02,7.928331836808214916e+01,8.682090115035670519e-02,9.954466183506112120e-01,-3.934667886585394014e-02,1.190400272953619165e+01,3.862311423247642012e-02,3.610274638703385441e-02,9.986014453976613803e-01,4.045988254014695862e+00,0.000000000000000000e+00,0.000000000000000000e+00,0.000000000000000000e+00,1.000000000000000056e-01
9.976921737086933417e-01,-5.882612713450589836e-02,-3.390889686759669674e-02,7.977352827008368763e+01,5.752416627606871113e-02,9.976140962449565608e-01,-3.817178627732353141e-02,1.197714975401078519e+01,3.607349185573194283e-02,3.613311140371689573e-02,9.986957001237268816e-01,4.075459263754215300e+00,0.000000000000000000e+00,0.000000000000000000e+00,0.000000000000000000e+00,1.000000000000000056e-01
9.990269973146732596e-01,-2.671017981239612316e-02,-3.509451425532608693e-02,8.024224912710919000e+01,2.528444883837997759e-02,9.988612041016985410e-01,-4.045975268639457473e-02,1.197581326858384898e+01,3.613523603585791499e-02,3.953303978818647341e-02,9.985646616427693578e-01,4.093398773441412786e+00,0.000000000000000000e+00,0.000000000000000000e+00,0.000000000000000000e+00,1.000000000000000056e-01
