1.000000000000000000e+00,-1.034768577660475734e-10,1.426035122849305971e-10,8.529762759691050594e-16,1.034768577430301872e-10,1.000000000000000000e+00,1.614082244305698659e-10,4.279034485651898891e-16,-1.426035123016326144e-10,-1.614082244158136875e-10,1.000000000000000000e+00,-6.061264050637470182e-17,0.000000000000000000e+00,0.000000000000000000e+00,0.000000000000000000e+00,1.000000000000000056e-01
9.999933726640554132e-01,-3.563861703544673239e-03,-7.439877187532261977e-04,6.452234723162872942e-01,3.562907068927257271e-03,9.999928329317724351e-01,-1.280538287802109737e-03,1.928674430697365286e-02,7.485460479063059825e-04,1.277879042142345597e-03,9.999989033513826397e-01,1.099672708669115727e-02,0.000000000000000000e+00,0.000000000000000000e+00,0.000000000000000000e+00,1.000000000000000056e-01
9.999539763475627785e-01,-9.501091019272548538e-03,-1.332087137293115273e-03,1.325738864114974325e+00,9.502420414577064656e-03,9.999543557226242552e-01,9.952274192769215624e-04,2.654882402656722623e-02,1.322570588842906202e-03,-1.007839667283490356e-03,9.999986175321656789e-01,1.629680865348230243e-02,0.000000000000000000e+00,0.000000000000000000e+00,0.000000000000000000e+00,1.000000000000000056e-01
9.998853096409306973e-01,-1.505848209713104950e-02,-1.615450770077966284e-03,2.045361238420924987e+00,1.506080584116232558e-02,9.998855483815449752e-01,1.436058895722925992e-03,3.377595809855422904e-02,1.593641011951126962e-03,-1.460224184006631096e-03,9.999976640241003967e-01,1.665666623827014026e-02,0.000000000000000000e+00,0.000000000000000000e+00,0.000000000000000000e+00,1.000000000000000056e-01
9.997930220228461451e-01,-2.023909118654948144e-02,-2.071787239870748545e-03,2.750922465233173408e+00,2.024540804147903841e-02,9.997903124628809701e-01,3.074826598174502674e-03,3.811875731492573444e-02,2.009121116003704036e-03,-3.116134354831426399e-03,9.999931265458897878e-01,1.805085687985295839e-02,0.000000000000000000e+00,0.000000000000000000e+00,0.000000000000000000e+00,1.000000000000000056e-01
9.996771470690255512e-01,-2.532884523060080842e-02,-2.012766061450301912e-03,3.459554055670279737e+00,2.533795900770812945e-02,9.996681768148728553e-01,4.639406961210571639e-03,5.901293768896435921e-02,1.894587358122601112e-03,-4.688908499032294966e-03,9.999872122561518362e-01,2.779535577664973833e-02,0.000000000000000000e+00,0.000000000000000000e+00,0.000000000000000000e+00,1.000000000000000056e-01
9.995658642556887186e-01,-2.940688336301226433e-02,-1.821599750846731713e-03,4.191867301679286228e+00,2.941643373644115336e-02,9.995523363913488835e-01,5.458959683420362176e-03,8.488604915662534278e-02,1.660253296235020878e-03,-5.510174722260135875e-03,9.999834406296548295e-01,3.494427256908741453e-02,0.000000000000000000e+00,0.000000000000000000e+00,0.000000000000000000e+00,1.000000000000000056e-01
9.994072060794571000e-01,-3.434266398346989824e-02,-2.412025491568449941e-03,4.958760329163244940e+00,3.436197236659033205e-02,9.993734705866335055e-01,8.480633390552740764e-03,1.211745432837979114e-01,2.119266743753444107e-03,-8.558488075925255179e-03,9.999611297397129617e-01,4.898095348495879603e-02,0.000000000000000000e+00,0.000000000000000000e+00,0.000000000000000000e+00,1.000000000000000056e-01
9.992925229906221007e-01,-3.756128617576946771e-02,-1.898229664421503902e-03,5.718918065274278817e+00,3.757699653722650079e-02,9.992526725987839198e-01,9.059008523498241622e-03,1.589241142300578669e-01,1.556543053759628335e-03,-9.123929252766935227e-03,9.999571646269215242e-01,4.877596003056167140e-02,0.000000000000000000e+00,0.000000000000000000e+00,0.000000000000000000e+00,1.000000000000000056e-01
9.991457632538677247e-01,-4.132435350623623466e-02,2.039096311716411859e-04,6.512952298768593273e+00,4.132125497542409737e-02,9.991116658013486918e-01,8.272432949871930813e-03,2.040780078870139402e-01,-5.455814348499812795e-04,-8.256940531804646266e-03,9.999657620508575206e-01,5.347008615890235655e-02,0.000000000000000000e+00,0.000000000000000000e+00,0.000000000000000000e+00,1.000000000000000056e-01
9.990441034467819614e-01,-4.365305602136943658e-02,2.300014828402745671e-03,7.327491660770951043e+00,4.364008758584404096e-02,9.990326399218757425e-01,5.415452541360043018e-03,2.384942904687381016e-01,-2.534190939047711952e-03,-5.309903080381405890e-03,9.999826912529843348e-01,6.188164429866283012e-02,0.000000000000000000e+00,0.000000000000000000e+00,0.000000000000000000e+00,1.000000000000000056e-01
9.989261428807406640e-01,-4.614891463232879271e-02,4.103504315120477461e-03,8.141650051554014667e+00,4.611942442271772108e-02,9.989113213448693740e-01,7.012187958437053267e-03,2.881156244262723654e-01,-4.422641781041123862e-03,-6.815406613346805184e-03,9.999669946915105134e-01,6.028908630855946832e-02,0.000000000000000000e+00,0.000000000000000000e+00,0.000000000000000000e+00,1.000000000000000056e-01
9.988883166344335596e-01,-4.706727485362766777e-02,2.608165846093106564e-03,8.954049723552540030e+00,4.705099357153644940e-02,9.988745466460056122e-01,5.986991453808421064e-03,3.250816675592823612e-01,-2.887021849396568304e-03,-5.857619020541405923e-03,9.999786764747793377e-01,5.786933910925981528e-02,0.000000000000000000e+00,0.000000000000000000e+00,0.000000000000000000e+00,1.000000000000000056e-01
9.987703475035784040e-01,-4.950427145273376267e-02,2.668343215434167571e-03,9.730455180426654138e+00,4.948517203456549024e-02,9.987516903854088968e-01,6.802845066428779217e-03,3.806743594072268810e-01,-3.001782185762692703e-03,-6.662436507947049752e-03,9.999733002653055092e-01,7.083724680268267682e-02,0.000000000000000000e+00,0.000000000000000000e+00,0.000000000000000000e+00,1.000000000000000056e-01
9.986091102128664687e-01,-5.257656485915452454e-02,3.943326955544978682e-03,1.055763307155938868e+01,5.255195046597194858e-02,9.985995265601004256e-01,6.105575825862307598e-03,4.302358985938664615e-01,-4.258814634289833853e-03,-5.889854119962614418e-03,9.999735857093208224e-01,7.149553346339421189e-02,0.000000000000000000e+00,0.000000000000000000e+00,0.000000000000000000e+00,1.000000000000000056e-01
9.985443159071318853e-01,-5.371962072570537344e-02,4.842676805699668192e-03,1.137403720139682051e+01,5.368801441015189774e-02,9.985370163995151982e-01,6.436147034499278136e-03,4.907077878511335589e-01,-5.181339426578655295e-03,-6.166784335513684351e-03,9.999675617202319344e-01,8.336361768093734914e-02,0.000000000000000000e+00,0.000000000000000000e+00,0.000000000000000000e+00,1.000000000000000056e-01
9.984282046063154281e-01,-5.595114246748909143e-02,3.254213144867107183e-03,1.223807457295400880e+01,5.592378831530491617e-02,9.984032777440219331e-01,7.963974539038232853e-03,5.482823691109555142e-01,-3.694610544354185507e-03,-7.769468873495920420e-03,9.999629919183755655e-01,8.569108831553394479e-02,0.000000000000000000e+00,0.000000000000000000e+00,0.000000000000000000e+00,1.000000000000000056e-01
9.982676555832553644e-01,-5.880996714649023432e-02,1.753733314876825076e-03,1.312581370438687500e+01,5.879107073658357968e-02,9.982263293322497510e-01,9.370455138832960509e-03,6.205114816067865968e-01,-2.301698928399598543e-03,-9.251118423822821471e-03,9.999545584625090244e-01,8.430324921522913684e-02,0.000000000000000000e+00,0.000000000000000000e+00,0.000000000000000000e+00,1.000000000000000056e-01
9.984998566650375995e-01,-5.472514693848532646e-02,1.787325504932851588e-03,1.399653103525493059e+01,5.469889611871737306e-02,9.984258908344001426e-01,1.240045462586812988e-02,6.694934160793684086e-01,-2.463128760978279715e-03,-1.228408743438597420e-02,9.999215140162808213e-01,8.777036887454574277e-02,0.000000000000000000e+00,0.000000000000000000e+00,0.000000000000000000e+00,1.000000000000000056e-01
9.973784000515009129e-01,-7.234510478075982520e-02,1.585220795053022365e-03,1.498920924382170483e+01,7.231990318695132036e-02,9.973037741665935485e-01,1.245044722482596330e-02,7.836432837964709686e-01,-2.481675590841101765e-03,-1.230316411859439310e-02,9.999212336173948223e-01,8.756447900606546819e-02,0.000000000000000000e+00,0.000000000000000000e+00,0.000000000000000000e+00,1.000000000000000056e-01
9.971626722178721369e-01,-7.519945285056470197e-02,3.412832590117926505e-03,1.596070160529759718e+01,7.515635983786331242e-02,9.971070025428047101e-01,1.136428862819073397e-02,8.539480051486101342e-01,-4.257547560988719434e-03,-1.107554834213255769e-02,9.999296002807832595e-01,9.996648152524072184e-02,0.000000000000000000e+00,0.000000000000000000e+00,0.000000000000000000e+00,1.000000000000000056e-01
9.970328034875997059e-01,-7.682384025933181038e-02,4.866861151291693686e-03,1.687907417257984477e+01,7.676594202364561692e-02,9.969869379501075102e-01,1.113713168148980012e-02,9.420526565368195770e-01,-5.707794221900556499e-03,-1.073047644222914834e-02,9.999261362522949836e-01,1.054356079336783159e-01,0.000000000000000000e+00,0.000000000000000000e+00,0.000000000000000000e+00,1.000000000000000056e-01
9.968307352512421060e-01,-7.931214276310864786e-02,6.170029885861419428e-03,1.775550265225322732e+01,7.924092633922359685e-02,9.967943769886129513e-01,1.103836929916721804e-02,1.018529523692445649e+00,-7.025727817805822034e-03,-1.051446690076724214e-02,9.999200393703602252e-01,1.134218950784523366e-01,0.000000000000000000e+00,0.000000000000000000e+00,0.000000000000000000e+00,1.000000000000000056e-01
9.969122004039567830e-01,-7.831626537276431543e-02,5.712027993958861995e-03,1.865749718121857725e+01,7.825524530855962335e-02,9.968809559652459518e-01,1.022136074671635940e-02,1.107612642880619891e+00,-6.494710727828550793e-03,-9.742803081255026545e-03,9.999314459105093089e-01,1.118529079756663686e-01,0.000000000000000000e+00,0.000000000000000000e+00,0.000000000000000000e+00,1.000000000000000056e-01
9.966284145992710952e-01,-8.182343015138943132e-02,6.060486086449041847e-03,1.958586275930840515e+01,8.177048380750454037e-02,9.966147487194959576e-01,8.522359571299707379e-03,1.196410760315068211e+00,-6.737298511271679578e-03,-7.998056828791762565e-03,9.999453184528309668e-01,1.218935503092924422e-01,0.000000000000000000e+00,0.000000000000000000e+00,0.000000000000000000e+00,1.000000000000000056e-01
9.965780170759303003e-01,-8.223816820745395717e-02,8.315020799090265535e-03,2.051543076751947936e+01,8.217056513317731736e-02,9.965847971797354710e-01,8.169470969389528575e-03,1.277346244952983545e+00,-8.958465644353222346e-03,-7.458265221078223817e-03,9.999320577785227870e-01,1.217881148091437549e-01,0.000000000000000000e+00,0.000000000000000000e+00,0.000000000000000000e+00,1.000000000000000056e-01
9.965929190210026656e-01,-8.166504395679126393e-02,1.154878143929700084e-02,2.143213944600358545e+01,8.157017898126035782e-02,9.966316904805260224e-01,8.460462806142867928e-03,1.365787397421613258e+00,-1.220080563579514603e-02,-7.489601155223630201e-03,9.998975178568917377e-01,1.172454802526153583e-01,0.000000000000000000e+00,0.000000000000000000e+00,0.000000000000000000e+00,1.000000000000000056e-01
9.966686188933752133e-01,-8.023579757251397826e-02,1.462466755432891875e-02,2.237897881215490514e+01,8.009850089993006406e-02,9.967393201007860304e-01,9.744635375771179553e-03,1.462161701010468384e+00,-1.535884978623016685e-02,-8.540758334327793605e-03,9.998455686656407826e-01,1.187184636044260055e-01,0.000000000000000000e+00,0.000000000000000000e+00,0.000000000000000000e+00,1.000000000000000056e-01
9.967202017058797159e-01,-7.896247745352717728e-02,1.771346001750468205e-02,2.333890419691582352e+01,7.877859770153373964e-02,9.968330906038037620e-01,1.084997794692140263e-02,1.539976747649864475e+00,-1.851410423354114473e-02,-9.418950667138641791e-03,9.997842323785465224e-01,1.163305953450776004e-01,0.000000000000000000e+00,0.000000000000000000e+00,0.000000000000000000e+00,1.000000000000000056e-01
9.968963914383527358e-01,-7.668324150710717491e-02,1.781194007269558746e-02,2.426141621422728889e+01,7.650946410709508205e-02,9.970162506535490410e-01,1.024196440066662064e-02,1.616403780794755107e+00,-1.854418073778817469e-02,-8.847395362594993179e-03,9.997888961956229448e-01,1.092800384784324425e-01,0.000000000000000000e+00,0.000000000000000000e+00,0.000000000000000000e+00,1.000000000000000056e-01
9.971187611751838320e-01,-7.410004764848218684e-02,1.622834097988123947e-02,2.521977083060971481e+01,7.396354982771355391e-02,9.972216181795703349e-01,8.856496609981783993e-03,1.689714221400745897e+00,-1.683951927312527658e-02,-7.630673221410680732e-03,9.998290871028098215e-01,9.768298679479081592e-02,0.000000000000000000e+00,0.000000000000000000e+00,0.000000000000000000e+00,1.000000000000000056e-01
9.973842769761858129e-01,-7.115802645359181611e-02,1.269406601215871191e-02,2.616373136420633827e+01,7.105934151411527622e-02,9.974394983828517303e-01,8.063315034485563429e-03,1.770082701281647353e+00,-1.323533242013396130e-02,-7.140191663740884029e-03,9.998869154253062774e-01,9.950652153627545515e-02,0.000000000000000000e+00,0.000000000000000000e+00,0.000000000000000000e+00,1.000000000000000056e-01
9.975103155057076787e-01,-6.970894706363320315e-02,1.066926234484791292e-02,2.711973521333836246e+01,6.963804391671718497e-02,9.975486052062974007e-01,6.879178034034289825e-03,1.838499794794876241e+00,-1.112264802809891096e-02,-6.119064491419982411e-03,9.999194186286177732e-01,9.331056248049497681e-02,0.000000000000000000e+00,0.000000000000000000e+00,0.000000000000000000e+00,1.000000000000000056e-01
9.976401658238814862e-01,-6.768706140113167624e-02,1.151352481986408008e-02,2.807928889855072541e+01,6.762392496995123237e-02,9.976940946016475964e-01,5.787777523123496803e-03,1.903852047574121187e+00,-1.187873337341164084e-02,-4.995529589362500064e-03,9.999169667415216400e-01,1.007098926000133399e-01,0.000000000000000000e+00,0.000000000000000000e+00,0.000000000000000000e+00,1.000000000000000056e-01
9.975292610214436806e-01,-6.852682558257311429e-02,1.547409388585096329e-02,2.907241443450721263e+01,6.845408393323795804e-02,9.976408034282318038e-01,5.183215983661687391e-03,1.957055577120261569e+00,-1.579277679427343317e-02,-4.111144688243732574e-03,9.998668344787112749e-01,9.467668991612403218e-02,0.000000000000000000e+00,0.000000000000000000e+00,0.000000000000000000e+00,1.000000000000000056e-01
9.974454747315563141e-01,-6.877484429642231889e-02,1.930144371654737845e-02,3.002156853490080834e+01,6.876574236596434686e-02,9.976321882107334060e-01,1.135659597643385319e-03,2.012331083095282303e+00,-1.933384634256712920e-02,1.945195793984035894e-04,9.998130648014833532e-01,9.452116190323206490e-02,0.000000000000000000e+00,0.000000000000000000e+00,0.000000000000000000e+00,1.000000000000000056e-01
9.974374115963479115e-01,-6.885557398314180733e-02,1.942987080321986748e-02,3.096841748530253824e+01,6.894211141012614175e-02,9.976133525127335311e-01,-3.818921656458400087e-03,2.064975033915903868e+00,-1.912054450823735818e-02,5.148671649707044738e-03,9.998039287570098521e-01,9.552911833563541844e-02,0.000000000000000000e+00,0.000000000000000000e+00,0.000000000000000000e+00,1.000000000000000056e-01
9.974734847003471350e-01,-6.861302982176964438e-02,1.840922210261107181e-02,3.193295155733440893e+01,6.873103601336486013e-02,9.976180438904806991e-01,-5.855185108975943450e-03,2.108533474908801164e+00,-1.796363015305811259e-02,7.105676801528409622e-03,9.998133912630478015e-01,8.766710469331064071e-02,0.000000000000000000e+00,0.000000000000000000e+00,0.000000000000000000e+00,1.000000000000000056e-01
9.974561707171480940e-01,-6.921802428841777877e-02,1.703093103419779653e-02,3.292444713463931549e+01,6.931761284937973389e-02,9.975804150137120851e-01,-5.327675847250283418e-03,2.188791958534026083e+00,-1.662095205296915817e-02,6.494666633313514979e-03,9.998407689518241659e-01,8.603278956060476934e-02,0.000000000000000000e+00,0.000000000000000000e+00,0.000000000000000000e+00,1.000000000000000056e-01
9.974490633244247340e-01,-6.966517379714354252e-02,1.556051519203694410e-02,3.388359381396020353e+01,6.978989930803791708e-02,9.975326006289143566e-01,-7.621065351301833761e-03,2.260085962152948991e+00,-1.499119834442051193e-02,8.687591284623694121e-03,9.998498835974676258e-01,7.254279899998669623e-02,0.000000000000000000e+00,0.000000000000000000e+00,0.000000000000000000e+00,1.000000000000000056e-01
9.974542209668998405e-01,-6.927450087078840246e-02,1.691509989382258480e-02,3.486270329347824060e+01,6.942791777890888749e-02,9.975494084856583177e-01,-8.656896834220269982e-03,2.333267461390405195e+00,-1.627394568627802199e-02,9.809238452418347215e-03,9.998194524676861095e-01,7.209685332619826525e-02,0.000000000000000000e+00,0.000000000000000000e+00,0.000000000000000000e+00,1.000000000000000056e-01
9.974137376443897862e-01,-6.935464590199645618e-02,1.886184110994915467e-02,3.585816200712275759e+01,6.948637376688428235e-02,9.975622442628343522e-01,-6.419710431633550429e-03,2.409345947725126447e+00,-1.837062380479057358e-02,7.713748317507809413e-03,9.998014894307354350e-01,5.849600910609748655e-02,0.000000000000000000e+00,0.000000000000000000e+00,0.000000000000000000e+00,1.000000000000000056e-01
9.972153599808387670e-01,-7.186397528022339665e-02,1.992723952808257010e-02,3.684415966370607975e+01,7.199223817604180620e-02,9.973883589327267041e-01,-5.794748302244203363e-03,2.486096032290367575e+00,-1.945876308222604240e-02,7.213218588517562348e-03,9.997846398184481176e-01,5.607681886076638922e-02,0.000000000000000000e+00,0.000000000000000000e+00,0.000000000000000000e+00,1.000000000000000056e-01
9.971504099934236365e-01,-7.224550549008626477e-02,2.171743047483176356e-02,3.784200868221000036e+01,7.238957219363745255e-02,9.973588557973706026e-01,-5.921368100525277976e-03,2.555188058664172868e+00,-2.123227937762183284e-02,7.476610130378895901e-03,9.997466132042603926e-01,4.887144910144820137e-02,0.000000000000000000e+00,0.000000000000000000e+00,0.000000000000000000e+00,1.000000000000000056e-01
9.971656046275987340e-01,-7.126716591596961303e-02,2.411945293701841728e-02,3.883100288474519601e+01,7.143502037245609559e-02,9.974261743414365444e-01,-6.169651772434067184e-03,2.625148343692867758e+00,-2.361768007366879182e-02,7.875138151929358260e-03,9.996900456576657268e-01,4.994099322972302829e-02,0.000000000000000000e+00,0.000000000000000000e+00,0.000000000000000000e+00,1.000000000000000056e-01
9.972947678129799876e-01,-6.922192549032366027e-02,2.472794217613815890e-02,3.983400169859990569e+01,6.936105370685913263e-02,9.975800132093667338e-01,-4.812636894050863201e-03,2.698642077005040107e+00,-2.433496089022038969e-02,6.514773719159861615e-03,9.996826333401314102e-01,3.004572168452328967e-02,0.000000000000000000e+00,0.000000000000000000e+00,0.000000000000000000e+00,1.000000000000000056e-01
9.973217594957460852e-01,-6.910866066927304208e-02,2.394370599569780808e-02,4.083130541367982147e+01,6.927403454634559199e-02,9.975787325790416160e-01,-6.146579834737075573e-03,2.777521518330391181e+00,-2.346094998035797366e-02,7.788794931974563421e-03,9.996944125579210194e-01,2.774239890608666895e-02,0.000000000000000000e+00,0.000000000000000000e+00,0.000000000000000000e+00,1.000000000000000056e-01
9.973317037852740263e-01,-6.974961578152950870e-02,2.155142044254508213e-02,4.183048699138880266e+01,6.987129294820380865e-02,9.975437604709928019e-01,-4.944529010621133772e-03,2.851431663444356612e+00,-2.115360599303639857e-02,6.437161153769466182e-03,9.997555140682005126e-01,3.386194776696925535e-02,0.000000000000000000e+00,0.000000000000000000e+00,0.000000000000000000e+00,1.000000000000000056e-01
9.974606238753795928e-01,-6.870271441296293968e-02,1.876808062720579720e-02,4.284347160220705319e+01,6.872772109075284130e-02,9.976352160900027188e-01,-6.899063162923674102e-04,2.916240976544303809e+00,-1.867629973549711844e-02,1.978041795419911188e-03,9.998236260355350957e-01,3.658077238357945044e-02,0.000000000000000000e+00,0.000000000000000000e+00,0.000000000000000000e+00,1.000000000000000056e-01
9.975318723442735402e-01,-6.746044528840566823e-02,1.947439289985724090e-02,4.386452717003055568e+01,6.750120736707243552e-02,9.977181494315099375e-01,-1.442670770050735480e-03,2.994609292230864028e+00,-1.933263203279551520e-02,2.753655107906172097e-03,9.998093151807654344e-01,3.630904998353335494e-02,0.000000000000000000e+00,0.000000000000000000e+00,0.000000000000000000e+00,1.000000000000000056e-01
9.975301948618980896e-01,-6.710163734921369139e-02,2.075766373748000673e-02,4.484509590259064282e+01,6.719511726548417496e-02,9.977324706453816194e-01,-3.838389706702528305e-03,3.068379044712293169e+00,-2.045303289151786594e-02,5.223723281080334783e-03,9.997771682533169724e-01,3.504735280073770221e-02,0.000000000000000000e+00,0.000000000000000000e+00,0.000000000000000000e+00,1.000000000000000056e-01
9.975014951299145949e-01,-6.690511233040517813e-02,2.268200074157483356e-02,4.581859192191531349e+01,6.700875461209744588e-02,9.977449993120016680e-01,-3.839681396871358430e-03,3.138385097890640463e+00,-2.237395849912675663e-02,5.349980556005298933e-03,9.997353568265602286e-01,2.846895444574110146e-02,0.000000000000000000e+00,0.000000000000000000e+00,0.000000000000000000e+00,1.000000000000000056e-01
9.972772734046099208e-01,-7.100499883249550281e-02,1.990804087458637392e-02,4.672149511522050602e+01,7.105582092341727884e-02,9.974706133031686628e-01,-1.856316109885109691e-03,3.206201640874316805e+00,-1.972587801762308926e-02,3.265844055963955210e-03,9.998000920179173079e-01,3.006928719623286686e-02,0.000000000000000000e+00,0.000000000000000000e+00,0.000000000000000000e+00,1.000000000000000056e-01
9.975241398829021167e-01,-6.887542863719120501e-02,1.420442469512286573e-02,4.766263852706451587e+01,6.888582020446232246e-02,9.976245209059488861e-01,-2.430266124018585269e-04,3.275521977423709874e+00,-1.415394381911715474e-02,1.220908358160877408e-03,9.998990825364059143e-01,1.684602076092145406e-02,0.000000000000000000e+00,0.000000000000000000e+00,0.000000000000000000e+00,1.000000000000000056e-01
9.977143250564517452e-01,-6.607957622810703424e-02,1.412852372552716659e-02,4.860529315085803148e+01,6.609667997904661307e-02,9.978129441569628666e-01,-7.465712030328967201e-04,3.352349386934751152e+00,-1.404829074643924175e-02,1.678713295203086014e-03,9.998999087152553589e-01,1.402209692001007285e-02,0.000000000000000000e+00,0.000000000000000000e+00,0.000000000000000000e+00,1.000000000000000056e-01
9.978173505525710363e-01,-6.372354377281126692e-02,1.731603029802628035e-02,4.956859559639749335e+01,6.373614582805441076e-02,9.979667693006543105e-01,-1.763139234410464936e-04,3.432823969118472984e+00,-1.726958746561538249e-02,1.279586124191485312e-03,9.998500507616721045e-01,1.058404941524272204e-02,0.000000000000000000e+00,0.000000000000000000e+00,0.000000000000000000e+00,1.000000000000000056e-01
9.978954341528915029e-01,-6.158467535759808154e-02,2.029852846665163718e-02,5.056689105237262538e+01,6.165463195346417014e-02,9.980935081676960419e-01,-2.838188186881577223e-03,3.516377320027073594e+00,-2.008504058982930190e-02,4.083713334764121038e-03,9.997899351513318544e-01,1.700554564587892364e-02,0.000000000000000000e+00,0.000000000000000000e+00,0.000000000000000000e+00,1.000000000000000056e-01
9.980709764299412479e-01,-5.828597985697723388e-02,2.137920859844374619e-02,5.150047716442134771e+01,5.840588802081391612e-02,9.982802607756698920e-01,-5.027244788223726897e-03,3.570912798947608380e+00,-2.104942404636936729e-02,6.266218777909115210e-03,9.997587990358192123e-01,5.108463009151253259e-03,0.000000000000000000e+00,0.000000000000000000e+00,0.000000000000000000e+00,1.000000000000000056e-01
9.981731335326986532e-01,-5.690637791457906630e-02,2.029925235461686392e-02,5.244251676148100927e+01,5.706273500463384524e-02,9.983445748819586019e-01,-7.207917698780801768e-03,3.615835323320915062e+00,-1.985547197384756810e-02,8.353080653541523556e-03,9.997679662183076577e-01,6.339893725537101843e-03,0.000000000000000000e+00,0.000000000000000000e+00,0.000000000000000000e+00,1.000000000000000056e-01
9.981633603327547677e-01,-5.735136956189905433e-02,1.951221408753213080e-02,5.341829667772229584e+01,5.753458819220043374e-02,9.983032928054486055e-01,-8.961402532670264057e-03,3.685234428062639900e+00,-1.896515886506407525e-02,1.006757086754882409e-02,9.997694568079431576e-01,1.813541494897619871e-02,0.000000000000000000e+00,0.000000000000000000e+00,0.000000000000000000e+00,1.000000000000000056e-01
9.982140286953953279e-01,-5.605130267553069812e-02,2.066408439985981116e-02,5.438301311123123583e+01,5.619829425887860885e-02,9.983977977658800018e-01,-6.602207103200686406e-03,3.728469133085115850e+00,-2.026091404900026705e-02,7.751702046460936732e-03,9.997646755498424964e-01,1.450148292891537648e-02,0.000000000000000000e+00,0.000000000000000000e+00,0.000000000000000000e+00,1.000000000000000056e-01
9.981252141378050835e-01,-5.604139127992603664e-02,2.460527109728713122e-02,5.533300842443419043e+01,5.625586009571124924e-02,9.983834308586496675e-01,-8.111916654136469215e-03,3.786838061066078343e+00,-2.411089188007209047e-02,9.480899235944023964e-03,9.996643323848387608e-01,1.481550772872820484e-02,0.000000000000000000e+00,0.000000000000000000e+00,0.000000000000000000e+00,1.000000000000000056e-01
9.979268458281167486e-01,-5.723770641764763106e-02,2.942541995610725367e-02,5.629588760955304849e+01,5.755307492911772987e-02,9.982925236627222532e-01,-9.984025506602810587e-03,3.839211976098682921e+00,-2.880371402700450043e-02,1.165685048202620526e-02,9.995171153587567581e-01,2.171696090569796844e-02,0.000000000000000000e+00,0.000000000000000000e+00,0.000000000000000000e+00,1.000000000000000056e-01
9.979338561573289912e-01,-5.592241745981935130e-02,3.163387362326965102e-02,5.725961952582184722e+01,5.615683125222432903e-02,9.984003416042288581e-01,-6.570250243960604891e-03,3.902859063135993622e+00,-3.121584595477917834e-02,8.333133264790381842e-03,9.994779286464102741e-01,9.482431880057960033e-03,0.000000000000000000e+00,0.000000000000000000e+00,0.000000000000000000e+00,1.000000000000000056e-01
9.978352447493766819e-01,-5.859373088556105863e-02,2.985965567219388273e-02,5.815313046185139001e+01,5.878839919131798736e-02,9.982542898626968197e-01,-5.683035390094848260e-03,3.960080425594912690e+00,-2.947453912233021639e-02,7.426134366766899003e-03,9.995379452886683502e-01,-1.662060380851840876e-03,0.000000000000000000e+00,0.000000000000000000e+00,0.000000000000000000e+00,1.000000000000000056e-01
9.977122943763011564e-01,-6.249996981774159216e-02,2.576686677029965331e-02,5.906581248614282487e+01,6.265512597275420259e-02,9.980213867029378294e-01,-5.258029372617247822e-03,4.012788953474939468e+00,-2.538725742799493104e-02,6.860426832668236642e-03,9.996541510462297886e-01,-9.601854660738932262e-03,0.000000000000000000e+00,0.000000000000000000e+00,0.000000000000000000e+00,1.000000000000000056e-01
9.977063088910083088e-01,-6.443086941364271902e-02,2.075534306346525290e-02,6.001199978092579812e+01,6.457105679427375955e-02,9.978941253428900149e-01,-6.155747770917929795e-03,4.083418014613600988e+00,-2.031501473173694464e-02,7.481822822722229704e-03,9.997656337880886923e-01,-1.728951285349377559e-02,0.000000000000000000e+00,0.000000000000000000e+00,0.000000000000000000e+00,1.000000000000000056e-01
9.977658845961449030e-01,-6.315438057801026073e-02,2.178907409414595694e-02,6.092184811803009836e+01,6.323262963414899573e-02,9.979945418793715328e-01,-2.920432936035377396e-03,4.152150790474893327e+00,-2.156093888546794027e-02,4.291688804093217458e-03,9.997583244572589845e-01,-3.821574876964259349e-02,0.000000000000000000e+00,0.000000000000000000e+00,0.000000000000000000e+00,1.000000000000000056e-01
9.975783863459408707e-01,-6.542594342105707839e-02,2.359680111568762326e-02,6.184818673313621673e+01,6.550200661126474866e-02,9.978493947919210294e-01,-2.464232800424620909e-03,4.210433300345703955e+00,-2.338482895653732838e-02,4.003903203312802854e-03,9.997185196513126426e-01,-3.761209170666588580e-02,0.000000000000000000e+00,0.000000000000000000e+00,0.000000000000000000e+00,1.000000000000000056e-01
9.975270962221861604e-01,-6.609404119085465767e-02,2.390125564892077101e-02,6.273570562162159092e+01,6.611529975874408382e-02,9.978119849205401293e-01,-9.943210380589139266e-05,4.283430174938641422e+00,-2.384238747157826563e-02,1.679424899619525900e-03,9.997143192390822719e-01,-3.531684614608927852e-02,0.000000000000000000e+00,0.000000000000000000e+00,0.000000000000000000e+00,1.000000000000000056e-01
9.974249423163125128e-01,-6.771895355942864070e-02,2.361414351858856162e-02,6.356786309573244864e+01,6.771663465286731354e-02,9.977041894450191517e-01,8.987519944115472887e-04,4.346647447235766570e+00,-2.362079246322274992e-02,7.026326731060273138e-04,9.997207432431999274e-01,-3.929357644582189696e-02,0.000000000000000000e+00,0.000000000000000000e+00,0.000000000000000000e+00,1.000000000000000056e-01
9.972251742288842369e-01,-7.019680400227634731e-02,2.478629847390313376e-02,6.438238129836034318e+01,7.016803683743630393e-02,9.975331210867883769e-01,2.029517487254091021e-03,4.404146977593064172e+00,-2.486761931813325985e-02,-2.846800254470026239e-04,9.996907124039572379e-01,-4.305659169139116477e-02,0.000000000000000000e+00,0.000000000000000000e+00,0.000000000000000000e+00,1.000000000000000056e-01
9.971342262875338980e-01,-7.121615102250053453e-02,2.552635108082716708e-02,6.518389050746320379e+01,7.119298715028526958e-02,9.974609063991062285e-01,1.816256064730361296e-03,4.452298431540675061e+00,-2.559088405234503927e-02,6.246098646048585563e-06,9.996724996789727591e-01,-4.989191071084195933e-02,0.000000000000000000e+00,0.000000000000000000e+00,0.000000000000000000e+00,1.000000000000000056e-01
9.970702502928741051e-01,-7.184489402420159154e-02,2.625313664224905585e-02,6.597834864238703290e+01,7.181925489536079843e-02,9.974158161970775316e-01,1.919433820923404244e-03,4.511528743919559936e+00,-2.632319523121295218e-02,-2.832964793628536034e-05,9.996534842585457215e-01,-5.605416622430973994e-02,0.000000000000000000e+00,0.000000000000000000e+00,0.000000000000000000e+00,1.000000000000000056e-01
9.968284921596616277e-01,-7.488703433010271415e-02,2.692376845721144996e-02,6.672519323060863883e+01,7.486547293559145388e-02,9.971920011381424365e-01,1.809372332395425484e-03,4.571220522669065645e+00,-2.698366507399871383e-02,2.120267649003525082e-04,9.996358521300769961e-01,-6.435048420944862457e-02,0.000000000000000000e+00,0.000000000000000000e+00,0.000000000000000000e+00,1.000000000000000056e-01
9.968610330003171427e-01,-7.382208472274053024e-02,2.860735382256016091e-02,6.751039656550187829e+01,7.376811232606915458e-02,9.972710907475987874e-01,2.938905058533342572e-03,4.644732231312647563e+00,-2.874624304825020016e-02,-8.193694424051840147e-04,9.995864055419760863e-01,-7.626102351283700620e-02,0.000000000000000000e+00,0.000000000000000000e+00,0.000000000000000000e+00,1.000000000000000056e-01
9.966223993416831739e-01,-7.541978836133057806e-02,3.249074720529845223e-02,6.824416503991612615e+01,7.537245148025599473e-02,9.971518469000291152e-01,2.681003863726786653e-03,4.713340350756127783e+00,-3.260040932692349208e-02,-2.230412360230929914e-04,9.994684405044134134e-01,-8.175089800515092375e-02,0.000000000000000000e+00,0.000000000000000000e+00,0.000000000000000000e+00,1.000000000000000056e-01
9.963613597085020368e-01,-7.883476165103484035e-02,3.239014101929062889e-02,6.895848784684827137e+01,7.864551585068346728e-02,9.968775193764723985e-01,7.077725509715708865e-03,4.779514626408262856e+00,-3.284697423515445941e-02,-4.504632863565401213e-03,9.994502411657919527e-01,-8.552588300486034523e-02,0.000000000000000000e+00,0.000000000000000000e+00,0.000000000000000000e+00,1.000000000000000056e-01
9.964163087745552261e-01,-7.925371666348851596e-02,2.955313863388484355e-02,6.961708776110749852e+01,7.900210389291634216e-02,9.968283358650352755e-01,9.588346939764996052e-03,4.836374423774278952e+00,-3.021931813563947036e-02,-7.219225136254510400e-03,9.995172212622697172e-01,-8.882082523499838789e-02,0.000000000000000000e+00,0.000000000000000000e+00,0.000000000000000000e+00,1.000000000000000056e-01
9.965637688249506798e-01,-7.942415163983693183e-02,2.350444216956395355e-02,7.029193085266322782e+01,7.923270767620743671e-02,9.968158009460178492e-01,8.968668722038931201e-03,4.898275615839858155e+00,-2.414192825162993217e-02,-7.075529707464188467e-03,9.996835020043353115e-01,-9.573112005851393269e-02,0.000000000000000000e+00,0.000000000000000000e+00,0.000000000000000000e+00,1.000000000000000056e-01
9.965915531376620118e-01,-8.035748497439959559e-02,1.865343998440369133e-02,7.102784062918289010e+01,8.022341088071491266e-02,9.967461604803058428e-01,7.829170737208818176e-03,4.960387824626756093e+00,-1.922187715408146119e-02,-6.306042844567295858e-03,9.997953556915114559e-01,-9.817565907096190148e-02,0.000000000000000000e+00,0.000000000000000000e+00,0.000000000000000000e+00,1.000000000000000056e-01
9.963594310979814184e-01,-8.359450870191578731e-02,1.672848400161319402e-02,7.174007192404599209e+01,8.345113436986564825e-02,9.964703756896897691e-01,9.093874049666919937e-03,5.024938585631041121e+00,-1.742963667118547014e-02,-7.664756208380058868e-03,9.998187132064375593e-01,-1.071696403133690356e-01,0.000000000000000000e+00,0.000000000000000000e+00,0.000000000000000000e+00,1.000000000000000056e-01
9.963601609244600033e-01,-8.297633413224522747e-02,1.952838182129450206e-02,7.242883086237344514e+01,8.274312842823039471e-02,9.964929775682267454e-01,1.246275872826519034e-02,5.099847649565393937e+00,-2.049400938063707794e-02,-1.080155688702213145e-02,9.997316249615807449e-01,-1.041772555237920339e-01,0.000000000000000000e+00,0.000000000000000000e+00,0.000000000000000000e+00,1.000000000000000056e-01
9.962224094070555314e-01,-8.456497318794460594e-02,1.974022048821140116e-02,7.303760227185824760e+01,8.435813063952223023e-02,9.963738147262848344e-01,1.108725046151717158e-02,5.151415680933493668e+00,-2.060623182938338058e-02,-9.380119269674615234e-03,9.997436654324349803e-01,-1.061708354984216285e-01,0.000000000000000000e+00,0.000000000000000000e+00,0.000000000000000000e+00,1.000000000000000056e-01
9.964280658170764360e-01,-8.246812083196344845e-02,1.816916889912045113e-02,7.363825718990841551e+01,8.233520217777354211e-02,9.965730049127843326e-01,7.947349334760885065e-03,5.199087084052551155e+00,-1.876230621179725971e-02,-6.422999731297220245e-03,9.998033411326782138e-01,-1.028247656271434052e-01,0.000000000000000000e+00,0.000000000000000000e+00,0.000000000000000000e+00,1.000000000000000056e-01
9.965320483916214611e-01,-8.190171203393835364e-02,1.469646536786155776e-02,7.427893494898158622e+01,8.189943241417589614e-02,9.966403105161962817e-01,7.579079202884103032e-04,5.234803264057229732e+00,-1.470916376395176896e-02,4.483526398252105603e-04,9.998917138776957092e-01,-9.146770650872926289e-02,0.000000000000000000e+00,0.000000000000000000e+00,0.000000000000000000e+00,1.000000000000000056e-01
9.967451936299278614e-01,-8.008598270479305725e-02,9.233328210631695093e-03,7.488385643891929533e+01,8.010967090773271626e-02,9.967835739356127878e-01,-2.224265991639791992e-03,5.279526017494137413e+00,-9.025497365376652925e-03,2.956705320858257508e-03,9.999548981283872262e-01,-8.896735718768168655e-02,0.000000000000000000e+00,0.000000000000000000e+00,0.000000000000000000e+00,1.000000000000000056e-01
9.969294645161492774e-01,-7.785231083430146914e-02,8.405978664212169355e-03,7.546386504379663052e+01,7.785839268780564426e-02,9.969643484665149380e-01,-3.982145260995891109e-04,5.320943245437222302e+00,-8.349459121125071825e-03,1.051467782030562426e-03,9.999645898470045369e-01,-7.969357241158200877e-02,0.000000000000000000e+00,0.000000000000000000e+00,0.000000000000000000e+00,1.000000000000000056e-01
9.973592309159744485e-01,-7.184530785745227299e-02,1.062149921450971507e-02,7.604393987362109897e+01,7.181653678581981226e-02,9.974131455439607663e-01,3.066290950449737304e-03,5.381408961339389840e+00,-1.081432155925242389e-02,-2.295394295045769147e-03,9.999388889398408420e-01,-8.550689004665497361e-02,0.000000000000000000e+00,0.000000000000000000e+00,0.000000000000000000e+00,1.000000000000000056e-01
9.977264344787926120e-01,-6.578152830848109367e-02,1.465443535711940908e-02,7.659258639386011680e+01,6.575614954618853869e-02,9.978332805497138747e-01,2.207492753166409149e-03,5.407763289497207637e+00,-1.476789555403136035e-02,-1.238854630896798516e-03,9.998901812199720851e-01,-7.778381928581655502e-02,0.000000000000000000e+00,0.000000000000000000e+00,0.000000000000000000e+00,1.000000000000000056e-01
9.981322809959910503e-01,-5.818579779489915088e-02,1.861081859325317694e-02,7.717880374566450996e+01,5.822132640603969872e-02,9.983027564049848923e-01,-1.372481595778649120e-03,5.421493853269391039e+00,-1.849937256398859198e-02,2.453464729820946117e-03,9.998258617007055316e-01,-7.379932940692472687e-02,0.000000000000000000e+00,0.000000000000000000e+00,0.000000000000000000e+00,1.000000000000000056e-01
9.986191473483226888e-01,-4.767886690994759674e-02,2.205729356681036119e-02,7.772687075568008197e+01,4.777048866930642262e-02,9.988516863592203920e-01,-3.645417621792465361e-03,5.434339629397768157e+00,-2.185815549410829312e-02,4.694071529611821593e-03,9.997500621309659552e-01,-6.558233887987761912e-02,0.000000000000000000e+00,0.000000000000000000e+00,0.000000000000000000e+00,1.000000000000000056e-01
9.991064474518018823e-01,-3.699162143376603235e-02,2.044325326216031233e-02,7.822599075448212602e+01,3.699450153188615226e-02,9.993154409353069978e-01,2.374124685831589788e-04,5.443453693207236377e+00,-2.043804091998937048e-02,5.190876360568435870e-04,9.997909866724039585e-01,-5.817831839924594156e-02,0.000000000000000000e+00,0.000000000000000000e+00,0.000000000000000000e+00,1.000000000000000056e-01
9.995711519770065223e-01,-2.128940251139934889e-02,2.010655306281543611e-02,7.871717180268460368e+01,2.120721952372558658e-02,9.997658896809947793e-01,4.291814353098479841e-03,5.459578881456281785e+00,-2.019321607453112080e-02,-3.863569732329534111e-03,9.997886310883369321e-01,-5.883574765609154295e-02,0.000000000000000000e+00,0.000000000000000000e+00,0.000000000000000000e+00,1.000000000000000056e-01
9.997868285367776942e-01,-2.503065988505478491e-03,2.049468577531666016e-02,7.919425939523750912e+01,2.322195948701045662e-03,9.999581923232854219e-01,8.844264329115482381e-03,5.461007315513962901e+00,-2.051596671735496022e-02,-8.794786308069978131e-03,9.997508423819645440e-01,-5.580916800682357570e-02,0.000000000000000000e+00,0.000000000000000000e+00,0.000000000000000000e+00,1.000000000000000056e-01
9.995446175336797356e-01,2.063574587811699279e-02,2.201643821111061786e-02,7.968288809878191614e+01,-2.082196474733191000e-02,9.997490552548908838e-01,8.262705429453103684e-03,5.460692762701182978e+00,-2.184040621212758951e-02,-8.717368238569719180e-03,9.997234638376166771e-01,-6.234602305218371610e-02,0.000000000000000000e+00,0.000000000000000000e+00,0.000000000000000000e+00,1.000000000000000056e-01
9.986736172485106700e-01,4.628751130064714253e-02,2.254933500943299626e-02,8.017592897095333626e+01,-4.641981720298337527e-02,9.989075343143620778e-01,5.379448005437581157e-03,5.434318234579601281e+00,-2.227569937435830080e-02,-6.419048807577348859e-03,9.997312584038717809e-01,-5.635802150986131409e-02,0.000000000000000000e+00,0.000000000000000000e+00,0.000000000000000000e+00,1.000000000000000056e-01
9.969979422564497762e-01,7.370460500852436814e-02,2.372202219335745391e-02,8.064691794201078778e+01,-7.385026056284217655e-02,9.972551375673835983e-01,5.322556740800264870e-03,5.402575706074121520e+00,-2.326461156359707280e-02,-7.058455638178032059e-03,9.997044243439151545e-01,-5.973981553341693035e-02,0.000000000000000000e+00,0.000000000000000000e+00,0.000000000000000000e+00,1.000000000000000056e-01
9.940635002457822722e-01,1.057038328312731590e-01,2.577706740267191737e-02,8.111210638926043259e+01,-1.058688721559513379e-01,9.943669161987274130e-01,5.120339623492781503e-03,5.346960934334355819e+00,-2.509062349824058707e-02,-7.818931781985219084e-03,9.996546028095194547e-01,-6.786093668917943245e-02,0.000000000000000000e+00,0.000000000000000000e+00,0.000000000000000000e+00,1.000000000000000056e-01
