1.000000000000000000e+00,-2.538566076342018465e-12,1.239008420358865367e-12,1.815153386616521882e-19,2.538566076342362585e-12,1.000000000000000000e+00,-2.778111015105973291e-13,5.835804089563442048e-19,-1.239008420358160163e-12,2.778111015137426753e-13,1.000000000000000000e+00,-3.842372696768708697e-19,0.000000000000000000e+00,0.000000000000000000e+00,0.000000000000000000e+00,1.000000000000000056e-01
9.999990314603918184e-01,-6.306568618339688289e-04,-1.240705525438696609e-03,6.468619813485266823e-01,6.273396992762245768e-04,9.999962329295830621e-01,-2.672184788659616103e-03,-4.490942395150665165e-03,1.242386083286672318e-03,2.671403856711588969e-03,9.999956600297095211e-01,-3.715345545095783070e-04,0.000000000000000000e+00,0.000000000000000000e+00,0.000000000000000000e+00,1.000000000000000056e-01
9.999803564816868162e-01,-5.429526796173081080e-03,-3.131595364694076192e-03,1.307175528114299823e+00,5.420776175179106010e-03,9.999813984636707342e-01,-2.796052985903324951e-03,5.314598182802099217e-03,3.146718356819613524e-03,2.779022384042057186e-03,9.999911875602564004e-01,4.362512367511542713e-03,0.000000000000000000e+00,0.000000000000000000e+00,0.000000000000000000e+00,1.000000000000000056e-01
9.999362843223172925e-01,-9.953517317638549411e-03,-5.324921472214031587e-03,2.004906955496342569e+00,9.938219522450931348e-03,9.999464336241437046e-01,-2.891656113628975847e-03,1.418763091591088328e-02,5.353418384672707295e-03,2.838551631269394752e-03,9.999816415996022334e-01,8.816831447191152832e-03,0.000000000000000000e+00,0.000000000000000000e+00,0.000000000000000000e+00,1.000000000000000056e-01
9.998570709923142452e-01,-1.610227775714752688e-02,-5.153080409036527726e-03,2.702843759017574676e+00,1.609485767248383312e-02,9.998693767406131583e-01,-1.478178893175636230e-03,2.266142441520182377e-02,5.176209343990283498e-03,1.395029522774944965e-03,9.999856302714843492e-01,1.664930795506246175e-02,0.000000000000000000e+00,0.000000000000000000e+00,0.000000000000000000e+00,1.000000000000000056e-01
9.997517812044945940e-01,-2.135602234034590305e-02,-6.347935746296939907e-03,3.410883676215763494e+00,2.134649226376732559e-02,9.997709123478069060e-01,-1.565276738067257045e-03,3.077053808080041156e-02,6.379909597587536327e-03,1.429382045661481415e-03,9.999786265818355613e-01,3.034263612273569929e-02,0.000000000000000000e+00,0.000000000000000000e+00,0.000000000000000000e+00,1.000000000000000056e-01
9.996522311057922661e-01,-2.533673681883878703e-02,-7.312086746249715427e-03,4.129948508569014187e+00,2.533417999463710713e-02,9.996789403969011945e-01,-4.420983242378370812e-04,5.369000546595303902e-02,7.320940459470404171e-03,2.566988544265950425e-04,9.999731686082816706e-01,4.089424971284776056e-02,0.000000000000000000e+00,0.000000000000000000e+00,0.000000000000000000e+00,1.000000000000000056e-01
9.994979884008228233e-01,-3.008622435317788446e-02,-9.929264166034739922e-03,4.893414112428961182e+00,3.010077496043821882e-02,9.995459984469313719e-01,1.319217763698430799e-03,8.577408994529313324e-02,9.885065983073202875e-03,-1.617434047263768696e-03,9.999498334304641745e-01,5.568628151552001276e-02,0.000000000000000000e+00,0.000000000000000000e+00,0.000000000000000000e+00,1.000000000000000056e-01
9.993432959327578358e-01,-3.477466277798890032e-02,-1.018330510834132042e-02,5.655656069722841295e+00,3.479519860964187111e-02,9.993927581344652644e-01,1.846386227666684974e-03,1.261063688808613248e-01,1.011291392072498872e-02,-2.199503822068593108e-03,9.999464441433694173e-01,6.016035516427376689e-02,0.000000000000000000e+00,0.000000000000000000e+00,0.000000000000000000e+00,1.000000000000000056e-01
9.992102371650607440e-01,-3.889987289138460008e-02,-8.105666757105925782e-03,6.438746880984100862e+00,3.891660522617728518e-02,9.992406234950055310e-01,1.916818974874382429e-03,1.623515360441649957e-01,8.024947489734856124e-03,-2.230750175767960176e-03,9.999653113840700769e-01,7.106596655921688932e-02,0.000000000000000000e+00,0.000000000000000000e+00,0.000000000000000000e+00,1.000000000000000056e-01
9.991036744730792396e-01,-4.181649807957315418e-02,-6.574811233215218688e-03,7.236617483305871623e+00,4.182622786659959818e-02,9.991239892919495658e-01,1.349327162560515821e-03,2.025664449792218269e-01,6.512627491469584647e-03,-1.623117279000883470e-03,9.999774753330477051e-01,8.611188881215105229e-02,0.000000000000000000e+00,0.000000000000000000e+00,0.000000000000000000e+00,1.000000000000000056e-01
9.991210740514481214e-01,-4.146125190205177807e-02,-6.167979976899450739e-03,8.032326180133633642e+00,4.147356433916648405e-02,9.991378294728451293e-01,1.881801609351040332e-03,2.422518772527581521e-01,6.084640275796296058e-03,-2.135955759501184745e-03,9.999792072066836512e-01,1.003630500835218098e-01,0.000000000000000000e+00,0.000000000000000000e+00,0.000000000000000000e+00,1.000000000000000056e-01
9.990401106985061785e-01,-4.334123964835951553e-02,-6.355640114104077823e-03,8.867528226222248122e+00,4.334147992878125549e-02,9.990603115529198552e-01,-9.998682771609056111e-05,2.887634862039667460e-01,6.354001345576777010e-03,-1.755719970101233217e-04,9.999797977166210439e-01,1.153572638283526658e-01,0.000000000000000000e+00,0.000000000000000000e+00,0.000000000000000000e+00,1.000000000000000056e-01
9.989010838082000854e-01,-4.645746696566493972e-02,-6.191003952299339690e-03,9.642557826087996276e+00,4.645590845301776628e-02,9.989202632047317065e-01,-3.953843628655125206e-04,3.524993224954083848e-01,6.202687853508955483e-03,1.073411557468858211e-04,9.999807573854949672e-01,1.317706692918721167e-01,0.000000000000000000e+00,0.000000000000000000e+00,0.000000000000000000e+00,1.000000000000000056e-01
9.988328848621327305e-01,-4.804513695887368402e-02,-4.953073045350866836e-03,1.042539229929473166e+01,4.804599764011293489e-02,9.988451226799438532e-01,5.485666975768425414e-05,3.589146557569466989e-01,4.944717257414593496e-03,-2.927679815562317313e-04,9.999877319538241771e-01,1.384606000849453733e-01,0.000000000000000000e+00,0.000000000000000000e+00,0.000000000000000000e+00,1.000000000000000056e-01
9.987789035044459807e-01,-4.901982876712392134e-02,-6.144778441763093166e-03,1.122784856551794164e+01,4.901164394385774947e-02,9.987971171163533279e-01,-1.475668655921860955e-03,4.108739657047476568e-01,6.209724017781996161e-03,1.172701028995930175e-03,9.999800318505962515e-01,1.643267181700255319e-01,0.000000000000000000e+00,0.000000000000000000e+00,0.000000000000000000e+00,1.000000000000000056e-01
9.986534482529374479e-01,-5.138791044084904669e-02,-7.111466307369679503e-03,1.209555031838220707e+01,5.138289030086971854e-02,9.986786329398871231e-01,-8.869575226685030541e-04,4.617478307916830227e-01,7.147648343781744761e-03,5.203554953168762877e-04,9.999743198469209782e-01,1.756676792022822953e-01,0.000000000000000000e+00,0.000000000000000000e+00,0.000000000000000000e+00,1.000000000000000056e-01
9.985030317752472406e-01,-5.419558009870679288e-02,-7.384756827700639931e-03,1.299372818718033962e+01,5.419756772244892912e-02,9.985302293226501202e-01,6.915075007842978782e-05,5.328011589486406629e-01,7.370155263641165952e-03,-4.692830918859671233e-04,9.999727299205560804e-01,1.964877442461194224e-01,0.000000000000000000e+00,0.000000000000000000e+00,0.000000000000000000e+00,1.000000000000000056e-01
9.986588069181444594e-01,-5.095265625772749107e-02,-9.187719255076007632e-03,1.388363166146550398e+01,5.098526967724616166e-02,9.986937836283028558e-01,3.350942870757163405e-03,5.834892531951071382e-01,9.004978665533498391e-03,-3.814886953300088146e-03,9.999521773548807335e-01,2.087942852465654031e-01,0.000000000000000000e+00,0.000000000000000000e+00,0.000000000000000000e+00,1.000000000000000056e-01
9.978911218325107191e-01,-6.418783779301728831e-02,-9.655591504950211679e-03,1.481592160816943426e+01,6.424977111219817849e-02,9.979142980774127203e-01,6.246647476427801861e-03,7.116216509287196512e-01,9.234494024217512753e-03,-6.853843602090697699e-03,9.999338722875602548e-01,2.280742807589886956e-01,0.000000000000000000e+00,0.000000000000000000e+00,0.000000000000000000e+00,1.000000000000000056e-01
9.976584286700406201e-01,-6.770259307234077761e-02,-9.696318626496355439e-03,1.577731512197537711e+01,6.774095110544678389e-02,9.976961444292377079e-01,3.683331964822341570e-03,7.742467136341066869e-01,9.424608583648104790e-03,-4.331545026275113175e-03,9.999462057884566102e-01,2.343555028377926064e-01,0.000000000000000000e+00,0.000000000000000000e+00,0.000000000000000000e+00,1.000000000000000056e-01
9.975607592446833483e-01,-6.944093766016612435e-02,-7.105476201347867525e-03,1.670256483405771064e+01,6.946421785778644775e-02,9.975796782888854963e-01,3.083488681630270137e-03,8.585118091602144119e-01,6.874158317713021694e-03,-3.569543657203224675e-03,9.999700017028022581e-01,2.525391362965708764e-01,0.000000000000000000e+00,0.000000000000000000e+00,0.000000000000000000e+00,1.000000000000000056e-01
9.973679132699799776e-01,-7.219611496898173386e-02,-6.705711212926526721e-03,1.758205549042879667e+01,7.222477682134870181e-02,9.973798093359402817e-01,4.134917424792350707e-03,9.378310579023451110e-01,6.389615997222980806e-03,-4.608352459290860140e-03,9.999689674660003913e-01,2.721382289795051257e-01,0.000000000000000000e+00,0.000000000000000000e+00,0.000000000000000000e+00,1.000000000000000056e-01
9.972914167348591041e-01,-7.323906915330981315e-02,-6.772655057978269576e-03,1.849135846118863924e+01,7.327578711756317642e-02,9.972974089318341617e-01,5.342018359343982982e-03,1.007498154155120895e+00,6.363106888872565280e-03,-5.823820688062890903e-03,9.999627962995993880e-01,2.858713057184582018e-01,0.000000000000000000e+00,0.000000000000000000e+00,0.000000000000000000e+00,1.000000000000000056e-01
9.973329958310666044e-01,-7.261241820428940286e-02,-7.371034469804953887e-03,1.940820992857901928e+01,7.264528308534848322e-02,9.973486014126921040e-01,4.293029885370141206e-03,1.078643363648566833e+00,7.039763638024705214e-03,-4.817051242459346148e-03,9.999636182108068150e-01,3.066879906871071149e-01,0.000000000000000000e+00,0.000000000000000000e+00,0.000000000000000000e+00,1.000000000000000056e-01
9.972764250543820763e-01,-7.351863841476975747e-02,-5.894220592227363865e-03,2.033539108735447343e+01,7.351728592954355490e-02,9.972938431937987680e-01,-4.460911300875429735e-04,1.131286197589922438e+00,5.911065919547399232e-03,1.154906685159153078e-05,9.999825294305465517e-01,3.254298529912218463e-01,0.000000000000000000e+00,0.000000000000000000e+00,0.000000000000000000e+00,1.000000000000000056e-01
9.974137346514072577e-01,-7.184112350150044513e-02,-2.166772432534421877e-03,2.125115083546066330e+01,7.184047473751874191e-02,9.974160640913288800e-01,-3.758750456568951638e-04,1.212087482284075257e+00,2.188176917016246368e-03,2.192409728494708982e-04,9.999975819046642567e-01,3.306613227840132785e-01,0.000000000000000000e+00,0.000000000000000000e+00,0.000000000000000000e+00,1.000000000000000056e-01
9.973965886495346211e-01,-7.211108599777941996e-02,-1.903325820367650367e-04,2.221315348411662782e+01,7.211074867319071380e-02,9.973956380504976904e-01,-1.407523936713562986e-03,1.293499698609285931e+00,2.913349667466427263e-04,1.390134547933098534e-03,9.999989913244291539e-01,3.487090982639921566e-01,0.000000000000000000e+00,0.000000000000000000e+00,0.000000000000000000e+00,1.000000000000000056e-01
9.975426987292674852e-01,-7.005208152013063516e-02,1.126981200721991752e-03,2.318523774357527856e+01,7.005450746320400490e-02,9.975405585845071865e-01,-2.280342736798628058e-03,1.359794845751541859e+00,-9.644667011903991245e-04,2.353689360630656802e-03,9.999967649699552652e-01,3.628719787438434152e-01,0.000000000000000000e+00,0.000000000000000000e+00,0.000000000000000000e+00,1.000000000000000056e-01
9.978420751018262091e-01,-6.561884945723547857e-02,2.315113904330065413e-03,2.411528892570105853e+01,6.562751653224657700e-02,9.978366058927357063e-01,-3.890631603587699217e-03,1.423561215004675473e+00,-2.054806631062408226e-03,4.034171088811150732e-03,9.999897515641523738e-01,3.690687261842551248e-01,0.000000000000000000e+00,0.000000000000000000e+00,0.000000000000000000e+00,1.000000000000000056e-01
9.979630015424256761e-01,-6.379424735151727199e-02,-3.762409945822878547e-04,2.507205407038617651e+01,6.379152197347416620e-02,9.979503219612456677e-01,-5.079037483021560037e-03,1.492640001845868758e+00,6.994831951779185162e-04,5.044690505829464364e-03,9.999870308263802965e-01,3.803992425620638107e-01,0.000000000000000000e+00,0.000000000000000000e+00,0.000000000000000000e+00,1.000000000000000056e-01
9.980410651990441195e-01,-6.232758687265662484e-02,-5.413325317097034475e-03,2.602738503900278388e+01,6.230810458202642316e-02,9.980501183225395367e-01,-3.696135787557522801e-03,1.565296751971301026e+00,5.633141197639220457e-03,3.351601258540005002e-03,9.999785170138663082e-01,3.890887165151171723e-01,0.000000000000000000e+00,0.000000000000000000e+00,0.000000000000000000e+00,1.000000000000000056e-01
9.981042520302904064e-01,-6.091714473960497395e-02,-8.775166997194041793e-03,2.698239604851622175e+01,6.087638995199815689e-02,9.981335821913890349e-01,-4.839137133620029403e-03,1.631241401499420762e+00,9.053575286420470145e-03,4.295762861208733512e-03,9.999497883373811291e-01,4.087294187714938798e-01,0.000000000000000000e+00,0.000000000000000000e+00,0.000000000000000000e+00,1.000000000000000056e-01
9.981571230951521434e-01,-6.023212481614824421e-02,-7.378939933436241654e-03,2.795311024305827630e+01,6.017381301620879086e-02,9.981567705781809741e-01,-7.885022259120442328e-03,1.685412744364008786e+00,7.840270499138546345e-03,7.426472181892468903e-03,9.999416871345208069e-01,4.326109240424516056e-01,0.000000000000000000e+00,0.000000000000000000e+00,0.000000000000000000e+00,1.000000000000000056e-01
9.982156704917900525e-01,-5.955984875274847323e-02,-4.254362605104179684e-03,2.896358150717885138e+01,5.950991330479843411e-02,9.981667552305706348e-01,-1.103172565509943394e-02,1.732932847027127243e+00,4.903611228610653405e-03,1.075886467168963613e-02,9.999300982708215768e-01,4.492959120928073924e-01,0.000000000000000000e+00,0.000000000000000000e+00,0.000000000000000000e+00,1.000000000000000056e-01
9.982282382968060697e-01,-5.948896089600236997e-02,-1.203244933020719727e-03,2.992149210425384354e+01,5.946173727788411217e-02,9.980991096038166477e-01,-1.620090145529706413e-02,1.780574546248583578e+00,2.164732489437439303e-03,1.610065028445312532e-02,9.998680327891611430e-01,4.572857856790834008e-01,0.000000000000000000e+00,0.000000000000000000e+00,0.000000000000000000e+00,1.000000000000000056e-01
9.982646064918758722e-01,-5.885203434020233604e-02,-2.052676214083050572e-03,3.085093364162568008e+01,5.879083360382353352e-02,9.980145823211472589e-01,-2.259494099380648935e-02,1.825995564923124093e+00,3.378359037720994780e-03,2.243505133414470942e-02,9.997425944521152186e-01,4.780952235051776356e-01,0.000000000000000000e+00,0.000000000000000000e+00,0.000000000000000000e+00,1.000000000000000056e-01
9.982804325259648781e-01,-5.840238262369359945e-02,-5.033859319466375132e-03,3.180002743034018664e+01,5.825693224034016182e-02,9.979795990988769017e-01,-2.535447945412074369e-02,1.864483233256415629e+00,6.504450915865335123e-03,2.501762351464878811e-02,9.996658494876987655e-01,4.920378217913423113e-01,0.000000000000000000e+00,0.000000000000000000e+00,0.000000000000000000e+00,1.000000000000000056e-01
9.982850272606310638e-01,-5.797148372714499426e-02,-8.143182529845492679e-03,3.278823769400923993e+01,5.774052122059241537e-02,9.979878186262812756e-01,-2.619820762439617132e-02,1.937072973247418117e+00,9.645545936614194349e-03,2.568308680883230402e-02,9.996236004094514183e-01,5.068435767124011004e-01,0.000000000000000000e+00,0.000000000000000000e+00,0.000000000000000000e+00,1.000000000000000056e-01
9.982115827049480306e-01,-5.900426559447063957e-02,-9.598582986044082790e-03,3.376153619948525630e+01,5.873015896917718748e-02,9.979169153109083146e-01,-2.669454183567430278e-02,2.001214750699337408e+00,1.115368016118371310e-02,2.608307455072268743e-02,9.995975533387642109e-01,5.231637000595132925e-01,0.000000000000000000e+00,0.000000000000000000e+00,0.000000000000000000e+00,1.000000000000000056e-01
9.982055475436215630e-01,-5.925492411321054559e-02,-8.633586825661069414e-03,3.472995863785396864e+01,5.899271288659340556e-02,9.978660342035176045e-01,-2.798638256767244439e-02,2.072031573370273438e+00,1.027349402192485536e-02,2.742684362594103795e-02,9.995710197726320745e-01,5.501175187739217876e-01,0.000000000000000000e+00,0.000000000000000000e+00,0.000000000000000000e+00,1.000000000000000056e-01
9.981732394147043719e-01,-5.977167001270534269e-02,-8.805201885682102658e-03,3.571419301624570153e+01,5.952791247938526292e-02,9.978946765218298376e-01,-2.574183764301108887e-02,2.137128946194452705e+00,1.032529671254084347e-02,2.517065818139755176e-02,9.996298445997464643e-01,5.611178641015551749e-01,0.000000000000000000e+00,0.000000000000000000e+00,0.000000000000000000e+00,1.000000000000000056e-01
9.982698245324285180e-01,-5.820965859280777949e-02,-8.306206986532706227e-03,3.670127493792647044e+01,5.799172509217993127e-02,9.980181457485091112e-01,-2.442827414167296485e-02,2.205844857538973081e+00,9.711706792700981750e-03,2.390431766891618071e-02,9.996670777553675613e-01,5.863297321384961514e-01,0.000000000000000000e+00,0.000000000000000000e+00,0.000000000000000000e+00,1.000000000000000056e-01
9.982176250150847086e-01,-5.931242587884735101e-02,-6.603729674208581348e-03,3.771239759200671671e+01,5.913416993660607773e-02,9.979486322958260880e-01,-2.452911015097553743e-02,2.270448563350555116e+00,8.045064024131633532e-03,2.409488400587014856e-02,9.996773046886636704e-01,6.044741862861288118e-01,0.000000000000000000e+00,0.000000000000000000e+00,0.000000000000000000e+00,1.000000000000000056e-01
9.983508241769437630e-01,-5.723261832322952547e-02,-4.478757091504349981e-03,3.870637295235395925e+01,5.710749978320679709e-02,9.980717010149022794e-01,-2.432309811127283256e-02,2.332004912003037500e+00,5.862195299391245902e-03,2.402721442629377618e-02,9.996941170343980332e-01,6.361515231874688148e-01,0.000000000000000000e+00,0.000000000000000000e+00,0.000000000000000000e+00,1.000000000000000056e-01
9.983791371977072115e-01,-5.683237184613983833e-02,-3.029838065618128094e-03,3.972081892113619261e+01,5.676067412695501996e-02,9.981870285909536511e-01,-2.002203349853054828e-02,2.395647170639316315e+00,4.162244708735478131e-03,1.981760487810652407e-02,9.997949481048000742e-01,6.546465020355103359e-01,0.000000000000000000e+00,0.000000000000000000e+00,0.000000000000000000e+00,1.000000000000000056e-01
9.982792819540893259e-01,-5.857981800306064774e-02,-2.623002850964584534e-03,4.072998640438990492e+01,5.850517605412158123e-02,9.980272059657302464e-01,-2.277807118950214704e-02,2.465248587882965747e+00,3.952163471330124092e-03,2.258541730776918860e-02,9.997371051076027193e-01,6.738522603323823246e-01,0.000000000000000000e+00,0.000000000000000000e+00,0.000000000000000000e+00,1.000000000000000056e-01
9.983355218491833938e-01,-5.745182114006924107e-02,-5.047183552057090371e-03,4.174542566177547798e+01,5.732921729591478749e-02,9.981178657656702979e-01,-2.177353631409432305e-02,2.528666035863584849e+00,6.288613389010966857e-03,2.144794365604524994e-02,9.997501883243486986e-01,7.095277883835298116e-01,0.000000000000000000e+00,0.000000000000000000e+00,0.000000000000000000e+00,1.000000000000000056e-01
9.983885112353282354e-01,-5.632427339614091977e-02,-6.925089147557924804e-03,4.277723653745432841e+01,5.619336003248182054e-02,9.982606221240569733e-01,-1.783358081683755411e-02,2.604620807411595962e+00,7.917507282265461716e-03,1.741569817399160267e-02,9.998169865208070828e-01,7.357650393199294259e-01,0.000000000000000000e+00,0.000000000000000000e+00,0.000000000000000000e+00,1.000000000000000056e-01
9.984088733738312182e-01,-5.591261670831403768e-02,-7.314428291132437157e-03,4.383673891385930688e+01,5.576127055577825148e-02,9.982541612770871042e-01,-1.947588763020999952e-02,2.671458149301384477e+00,8.390606319107934627e-03,1.903703721193062554e-02,9.997835710491492778e-01,7.614436026016419001e-01,0.000000000000000000e+00,0.000000000000000000e+00,0.000000000000000000e+00,1.000000000000000056e-01
9.983862903922724463e-01,-5.635910298340913310e-02,-6.961800604903180256e-03,4.484246023085953681e+01,5.619224802062813134e-02,9.981730726685031918e-01,-2.220243819735355159e-02,2.731065084163261769e+00,8.200391401949077771e-03,2.177541068325862875e-02,9.997292558840269461e-01,7.944990236111004744e-01,0.000000000000000000e+00,0.000000000000000000e+00,0.000000000000000000e+00,1.000000000000000056e-01
9.985012952752245763e-01,-5.444053962588922546e-02,-5.602765294099936247e-03,4.582432515240896720e+01,5.430039873600453482e-02,9.982666844144031382e-01,-2.269567107149419657e-02,2.791637238703553070e+00,6.828618513997058298e-03,2.235742457253352480e-02,9.997267204269744134e-01,8.152165461798144275e-01,0.000000000000000000e+00,0.000000000000000000e+00,0.000000000000000000e+00,1.000000000000000056e-01
9.983240884495713230e-01,-5.731104094916802255e-02,-8.028636662307908622e-03,4.673778090974169430e+01,5.713940594252558264e-02,9.981621210150308787e-01,-2.018584799581473604e-02,2.848041140559438578e+00,9.170752960790118369e-03,1.969326677059069636e-02,9.997640084210045464e-01,8.396897618904030081e-01,0.000000000000000000e+00,0.000000000000000000e+00,0.000000000000000000e+00,1.000000000000000056e-01
9.984142712411573362e-01,-5.485291492344584324e-02,-1.265309078407433202e-02,4.769204908471920845e+01,5.461107671489611598e-02,9.983320855177446607e-01,-1.872638047862575095e-02,2.905708669998753546e+00,1.365918306592841733e-02,1.800568660706213658e-02,9.997445783637837202e-01,8.555922023669789711e-01,0.000000000000000000e+00,0.000000000000000000e+00,0.000000000000000000e+00,1.000000000000000056e-01
9.985132542047937543e-01,-5.319345891570274876e-02,-1.190533938770226008e-02,4.865423376536762134e+01,5.294342149875203019e-02,9.983888150120805438e-01,-2.041490090054779577e-02,2.965388442475575648e+00,1.297209687592613958e-02,1.975423973118553556e-02,9.997207083557309026e-01,8.818383081790117650e-01,0.000000000000000000e+00,0.000000000000000000e+00,0.000000000000000000e+00,1.000000000000000056e-01
9.987165150452962381e-01,-4.851835832347280858e-02,-1.453586878633670101e-02,4.961866029084418983e+01,4.822260363505582320e-02,9.986353665353854270e-01,-2.004956865851725833e-02,3.031591966284385098e+00,1.548880480975863005e-02,1.932287789982106013e-02,9.996933146296587136e-01,9.025106453526664518e-01,0.000000000000000000e+00,0.000000000000000000e+00,0.000000000000000000e+00,1.000000000000000056e-01
9.988031692958165841e-01,-4.755412820897663567e-02,-1.143826450631715494e-02,5.062742267804053142e+01,4.727753978221171244e-02,9.986089636215369492e-01,-2.334463550499949608e-02,3.093400399447828519e+00,1.253248725407895767e-02,2.277592292321227452e-02,9.996620399406102031e-01,9.407592351842677392e-01,0.000000000000000000e+00,0.000000000000000000e+00,0.000000000000000000e+00,1.000000000000000056e-01
9.989140547084183197e-01,-4.547225483163567367e-02,-1.014816961396199438e-02,5.157906572652940014e+01,4.523131960311824878e-02,9.987156994562648160e-01,-2.282716334861147403e-02,3.144659903906442011e+00,1.117313890308030064e-02,2.234335919485711322e-02,9.996879189361758122e-01,9.655317163204532038e-01,0.000000000000000000e+00,0.000000000000000000e+00,0.000000000000000000e+00,1.000000000000000056e-01
9.989538663391549500e-01,-4.457875348599233539e-02,-1.019351086176732701e-02,5.253748131551386535e+01,4.429103326381283318e-02,9.986565507609227454e-01,-2.689605909274384032e-02,3.183340112112255316e+00,1.137880918539667038e-02,2.641644109132926937e-02,9.995862615810556795e-01,9.914236965844281935e-01,0.000000000000000000e+00,0.000000000000000000e+00,0.000000000000000000e+00,1.000000000000000056e-01
9.989121340018327633e-01,-4.516542662828530730e-02,-1.160313670476764876e-02,5.352166423257424555e+01,4.480185541129444449e-02,9.985487751279434887e-01,-2.988540517023508675e-02,3.238504870575272587e+00,1.293608501866065109e-02,2.933305180114445521e-02,9.994859827813601383e-01,1.032945611047874301e+00,0.000000000000000000e+00,0.000000000000000000e+00,0.000000000000000000e+00,1.000000000000000056e-01
9.989235476239558542e-01,-4.482985549775398565e-02,-1.191763644440428649e-02,5.448292676807211166e+01,4.446904525966693250e-02,9.985900944843708604e-01,-2.898839787551224165e-02,3.278182587950170923e+00,1.320037939091867063e-02,2.842722733130696386e-02,9.995087006775829064e-01,1.051775856448907476e+00,0.000000000000000000e+00,0.000000000000000000e+00,0.000000000000000000e+00,1.000000000000000056e-01
9.988949905124588913e-01,-4.641970766785780134e-02,-7.349059065303706687e-03,5.542502513701864331e+01,4.616583634712020934e-02,9.984340143737566731e-01,-3.159484919850088364e-02,3.321538729982836724e+00,8.804174208045490238e-03,3.122066113226498046e-02,9.994737399426653068e-01,1.084624243324998405e+00,0.000000000000000000e+00,0.000000000000000000e+00,0.000000000000000000e+00,1.000000000000000056e-01
9.987696158718023520e-01,-4.955826042769066742e-02,-1.798119760656217200e-03,5.636653233251294637e+01,4.947662456140838882e-02,9.982732359340069639e-01,-3.166401806239943495e-02,3.367751890430747963e+00,3.364228485390656411e-03,3.153609426082605582e-02,9.994969518340065529e-01,1.121524467108909073e+00,0.000000000000000000e+00,0.000000000000000000e+00,0.000000000000000000e+00,1.000000000000000056e-01
9.987752361799311362e-01,-4.944999535071073482e-02,-1.650925055050515497e-03,5.732355119223633722e+01,4.938238370414500811e-02,9.983676495603842627e-01,-2.869523463870370106e-02,3.429464660735429771e+00,3.067209386282582738e-03,2.857856313897454148e-02,9.995868436286525771e-01,1.133556779937605397e+00,0.000000000000000000e+00,0.000000000000000000e+00,0.000000000000000000e+00,1.000000000000000056e-01
9.987050308105216434e-01,-5.065356358852862728e-02,-4.741089488500082813e-03,5.822718440421630248e+01,5.049919618330461768e-02,9.983200923927705306e-01,-2.840465295915876529e-02,3.483089917011743086e+00,6.171921791078631772e-03,2.812844860053645771e-02,9.995852628769252846e-01,1.151477937695299270e+00,0.000000000000000000e+00,0.000000000000000000e+00,0.000000000000000000e+00,1.000000000000000056e-01
9.984989418308952702e-01,-5.374350867831587802e-02,-1.055928205543051751e-02,5.914429179391500924e+01,5.342538950700074368e-02,9.981679832688783449e-01,-2.839726981534225481e-02,3.541002135992240341e+00,1.206610619079766245e-02,2.779051010478000849e-02,9.995409429480658359e-01,1.172505510125736894e+00,0.000000000000000000e+00,0.000000000000000000e+00,0.000000000000000000e+00,1.000000000000000056e-01
9.984220643675194573e-01,-5.382324498999307288e-02,-1.601373419437509063e-02,6.008763242944365857e+01,5.338499052220944258e-02,9.982185816323770888e-01,-2.664030913463425951e-02,3.600255099749575916e+00,1.741907491930956911e-02,2.574337939339852929e-02,9.995168103870805121e-01,1.206063255499417064e+00,0.000000000000000000e+00,0.000000000000000000e+00,0.000000000000000000e+00,1.000000000000000056e-01
9.983972381854077094e-01,-5.431948109746848746e-02,-1.588548888300077983e-02,6.100047225938819651e+01,5.393717517234814657e-02,9.982659090778864819e-01,-2.357871725366516083e-02,3.668747560030190424e+00,1.713872568709845501e-02,2.268410778943311459e-02,9.995957659652324745e-01,1.222917021140307980e+00,0.000000000000000000e+00,0.000000000000000000e+00,0.000000000000000000e+00,1.000000000000000056e-01
9.983780693855265342e-01,-5.537063515821753767e-02,-1.324097172432581182e-02,6.191974342737275094e+01,5.508047713442285054e-02,9.982534822078167336e-01,-2.135711353653706179e-02,3.728319615880406168e+00,1.440040307328770142e-02,2.059315473995609880e-02,9.996842253277696821e-01,1.258188991821815206e+00,0.000000000000000000e+00,0.000000000000000000e+00,0.000000000000000000e+00,1.000000000000000056e-01
9.982332567870714213e-01,-5.812912040366670363e-02,-1.230326807693218200e-02,6.280428416668225822e+01,5.786286474949536851e-02,9.981038291298200971e-01,-2.099131152101920902e-02,3.791287830076202514e+00,1.350014545323289031e-02,2.024232292714666856e-02,9.997039533958314017e-01,1.294496922635788527e+00,0.000000000000000000e+00,0.000000000000000000e+00,0.000000000000000000e+00,1.000000000000000056e-01
9.983009234151871691e-01,-5.644933986961515188e-02,-1.444777964496209328e-02,6.363165688760916794e+01,5.614588933937345733e-02,9.982097992714529244e-01,-2.061154406483307194e-02,3.853703208344655184e+00,1.558542327546910515e-02,1.976534003578998139e-02,9.996831627643800733e-01,1.324089438537177976e+00,0.000000000000000000e+00,0.000000000000000000e+00,0.000000000000000000e+00,1.000000000000000056e-01
9.982720429090057301e-01,-5.736565953107056193e-02,-1.273222104919379850e-02,6.445238125756696945e+01,5.712797400250380075e-02,9.981990076560054437e-01,-1.830671190943793103e-02,3.901300914962095412e+00,1.375946701909236576e-02,1.754771270368875313e-02,9.997513465088303519e-01,1.350294716831416553e+00,0.000000000000000000e+00,0.000000000000000000e+00,0.000000000000000000e+00,1.000000000000000056e-01
9.981483696192146038e-01,-5.917347587979774476e-02,-1.408303869222411742e-02,6.526251282751437088e+01,5.890895348200472087e-02,9.980917314475390434e-01,-1.851028945502222398e-02,3.952290572731929519e+00,1.515148263895948685e-02,1.764639816950467135e-02,9.997294820127515802e-01,1.380327547163097135e+00,0.000000000000000000e+00,0.000000000000000000e+00,0.000000000000000000e+00,1.000000000000000056e-01
9.981139084446087884e-01,-6.008179071742437982e-02,-1.260175359284005162e-02,6.606862631059509283e+01,5.984312575556408054e-02,9.980357759327888045e-01,-1.853079215899430116e-02,3.994962341961128871e+00,1.369036410146871538e-02,1.774171306339155513e-02,9.997488712413460377e-01,1.413017637294081918e+00,0.000000000000000000e+00,0.000000000000000000e+00,0.000000000000000000e+00,1.000000000000000056e-01
9.980106124718644001e-01,-6.168609800302920360e-02,-1.302469603080139843e-02,6.681943503127016015e+01,6.144826386986094319e-02,9.979491586020285965e-01,-1.793286683391747890e-02,4.048731224862279099e+00,1.410419302597774177e-02,1.709684645376895532e-02,9.997543546193845554e-01,1.436391985125359927e+00,0.000000000000000000e+00,0.000000000000000000e+00,0.000000000000000000e+00,1.000000000000000056e-01
9.979276791310736083e-01,-6.332944499920364900e-02,-1.138984724050007107e-02,6.760782511806213790e+01,6.312590471592660624e-02,9.978535122695809667e-01,-1.742091286519974885e-02,4.103678539660948310e+00,1.246865581627957902e-02,1.666581673228068050e-02,9.997833681227055180e-01,1.456150181119376219e+00,0.000000000000000000e+00,0.000000000000000000e+00,0.000000000000000000e+00,1.000000000000000056e-01
9.978109509925879861e-01,-6.565987225021784057e-02,-7.879546646369537180e-03,6.835948532923600851e+01,6.553302781764817897e-02,9.977315428990918278e-01,-1.540099247610451048e-02,4.163286837008848273e+00,8.872899431335229750e-03,1.485090839924454141e-02,9.998503498901216702e-01,1.480440337868260903e+00,0.000000000000000000e+00,0.000000000000000000e+00,0.000000000000000000e+00,1.000000000000000056e-01
9.979195198614316809e-01,-6.407729661194511150e-02,-7.122635638189039366e-03,6.905433089385653034e+01,6.398527467985823391e-02,9.978728888873783509e-01,-1.247326130973229821e-02,4.212305399819662455e+00,7.906737865433909052e-03,1.199156713956015322e-02,9.998968375856904789e-01,1.505904942792730017e+00,0.000000000000000000e+00,0.000000000000000000e+00,0.000000000000000000e+00,1.000000000000000056e-01
9.979881418426679307e-01,-6.277774917598770432e-02,-8.866958318143210865e-03,6.971766333782137792e+01,6.268569956349122341e-02,9.979801296905655983e-01,-1.030358253412691147e-02,4.261006918702830326e+00,9.495883932242907971e-03,9.727021702382758483e-03,9.999076023499104959e-01,1.538049027206530361e+00,0.000000000000000000e+00,0.000000000000000000e+00,0.000000000000000000e+00,1.000000000000000056e-01
9.977247379659323068e-01,-6.598636090905971030e-02,-1.382560757402631971e-02,7.040503764193518066e+01,6.585700268658528644e-02,9.977827731066041261e-01,-9.612121973536724706e-03,4.321361952777676763e+00,1.442922201474334740e-02,8.679738802197183023e-03,9.998582197923737702e-01,1.561138686701399436e+00,0.000000000000000000e+00,0.000000000000000000e+00,0.000000000000000000e+00,1.000000000000000056e-01
9.977088863913373684e-01,-6.531569370379784745e-02,-1.763060327240746281e-02,7.114566060419733162e+01,6.514069898659395619e-02,9.978226772649173570e-01,-1.032444048898650650e-02,4.376249057840629675e+00,1.826656375171096039e-02,9.152316202160408823e-03,9.997912620926632243e-01,1.588655332584947288e+00,0.000000000000000000e+00,0.000000000000000000e+00,0.000000000000000000e+00,1.000000000000000056e-01
9.975766410638597925e-01,-6.732015762013848770e-02,-1.757388920378159108e-02,7.185571620691099781e+01,6.714330331305184973e-02,9.976884342648952853e-01,-1.046732794333086504e-02,4.427313787109861565e+00,1.823792817067231703e-02,9.261992877422410911e-03,9.997907748444071485e-01,1.610600109646911360e+00,0.000000000000000000e+00,0.000000000000000000e+00,0.000000000000000000e+00,1.000000000000000056e-01
9.975677619875906732e-01,-6.797064838091991523e-02,-1.544510284028642426e-02,7.253568215901084670e+01,6.783661302410619320e-02,9.976554604866190168e-01,-9.043013582309512161e-03,4.478568878092931804e+00,1.602355068289618156e-02,7.973275356433853073e-03,9.998398235235497200e-01,1.628916814594761675e+00,0.000000000000000000e+00,0.000000000000000000e+00,0.000000000000000000e+00,1.000000000000000056e-01
9.975071979329770411e-01,-6.894330802537582126e-02,-1.504029090206485120e-02,7.317160205551321894e+01,6.880592330366189224e-02,9.975851266795164873e-01,-9.468893607158376455e-03,4.526215367747222551e+00,1.565678735345097522e-02,8.410428427329792386e-03,9.998420523779931735e-01,1.648681168751596982e+00,0.000000000000000000e+00,0.000000000000000000e+00,0.000000000000000000e+00,1.000000000000000056e-01
9.974135984479252093e-01,-6.988095742478411809e-02,-1.681563024559034822e-02,7.375496714923623642e+01,6.971325163999730901e-02,9.975132582501444745e-01,-1.036157135569038164e-02,4.563010477433319778e+00,1.749789064256936436e-02,9.162499908658102918e-03,9.998049171805890589e-01,1.675044228625039766e+00,0.000000000000000000e+00,0.000000000000000000e+00,0.000000000000000000e+00,1.000000000000000056e-01
9.973852169180984495e-01,-6.937304732444622701e-02,-2.025115745230101835e-02,7.439711005751703965e+01,6.902739102138182037e-02,9.974648115436376417e-01,-1.729650314360245758e-02,4.593508212710809779e+00,2.139972808282853203e-02,1.585339197571095440e-02,9.996452978936305467e-01,1.707922777688953619e+00,0.000000000000000000e+00,0.000000000000000000e+00,0.000000000000000000e+00,1.000000000000000056e-01
9.973502948915720090e-01,-6.843695564677813870e-02,-2.467331314386457183e-02,7.502360252016708841e+01,6.794601184673389194e-02,9.974841549364497073e-01,-2.021633312052939849e-02,4.616349178199842029e+00,2.599478320390031030e-02,1.848631257221505439e-02,9.994911342746690686e-01,1.729594481005236606e+00,0.000000000000000000e+00,0.000000000000000000e+00,0.000000000000000000e+00,1.000000000000000056e-01
9.976902855647621360e-01,-6.329464939760713615e-02,-2.465525192200377844e-02,7.561187828236295161e+01,6.280009267561946495e-02,9.978187879319401210e-01,-2.034243864357068027e-02,4.656765388046750331e+00,2.588904111080759032e-02,1.874710131374510147e-02,9.994890213217427766e-01,1.759447540069082994e+00,0.000000000000000000e+00,0.000000000000000000e+00,0.000000000000000000e+00,1.000000000000000056e-01
9.980013838508071666e-01,-5.851548566302636201e-02,-2.385740491952178730e-02,7.618338659701647941e+01,5.814304457607046006e-02,9.981797574921821292e-01,-1.601743113840294053e-02,4.709418067154361509e+00,2.475124641909877757e-02,1.459827628415602541e-02,9.995870478003566761e-01,1.771010291267652192e+00,0.000000000000000000e+00,0.000000000000000000e+00,0.000000000000000000e+00,1.000000000000000056e-01
9.984740629859724104e-01,-5.141789925231626118e-02,-2.014311745393429498e-02,7.672222793766518123e+01,5.105143091670336780e-02,9.985282771575056948e-01,-1.830385528298884151e-02,4.728777887488098131e+00,2.105461815472799147e-02,1.724758978356655953e-02,9.996295432313995200e-01,1.798548481802733523e+00,0.000000000000000000e+00,0.000000000000000000e+00,0.000000000000000000e+00,1.000000000000000056e-01
9.988821131107146201e-01,-4.404770623686057179e-02,-1.715586438349252923e-02,7.728868890187028740e+01,4.365332089676613597e-02,9.987883184101022938e-01,-2.272185252579608447e-02,4.735761231308971198e+00,1.813592242367380314e-02,2.194754161156322117e-02,9.995946146989044268e-01,1.818725095000664815e+00,0.000000000000000000e+00,0.000000000000000000e+00,0.000000000000000000e+00,1.000000000000000056e-01
9.992536439265720105e-01,-3.580491738644408367e-02,-1.449699935909185694e-02,7.784334710955303649e+01,3.543224617369219315e-02,9.990544228614381961e-01,-2.519555699097399126e-02,4.740969839720259316e+00,1.538541616448742266e-02,2.466309088391917953e-02,9.995774211723157388e-01,1.851501403488454489e+00,0.000000000000000000e+00,0.000000000000000000e+00,0.000000000000000000e+00,1.000000000000000056e-01
9.996042280723786977e-01,-2.396870852304979274e-02,-1.472712570601935819e-02,7.833006009703203176e+01,2.365258827097420011e-02,9.994937952684234128e-01,-2.127694263766696098e-02,4.755414049043982239e+00,1.522965160164833909e-02,2.092018718032601088e-02,9.996651456765073274e-01,1.876220354796946932e+00,0.000000000000000000e+00,0.000000000000000000e+00,0.000000000000000000e+00,1.000000000000000056e-01
9.998485341342725485e-01,-9.648377023325461002e-03,-1.448508233880990009e-02,7.883417822428025090e+01,9.364645132538531799e-03,9.997654226912804365e-01,-1.952954204447806402e-02,4.765522438879097322e+00,1.467011285191629003e-02,1.939093632966647912e-02,9.997043459829365597e-01,1.883935992100492784e+00,0.000000000000000000e+00,0.000000000000000000e+00,0.000000000000000000e+00,1.000000000000000056e-01
9.998663116499778569e-01,9.228811561612648706e-03,-1.349769849380329581e-02,7.932716464123041078e+01,-9.397340819158345876e-03,9.998780109048788223e-01,-1.247610894596179118e-02,4.757057651902229622e+00,1.338091226329338884e-02,1.260128350856262042e-02,9.998310651509778602e-01,1.898695476175033425e+00,0.000000000000000000e+00,0.000000000000000000e+00,0.000000000000000000e+00,1.000000000000000056e-01
9.994210190707506491e-01,3.139624210339236887e-02,-1.311116399742778653e-02,7.981777311803213593e+01,-3.158460860485899635e-02,9.993971169139079791e-01,-1.441579701044646937e-02,4.727850344768224744e+00,1.265065764536142147e-02,1.482156152211036755e-02,9.998101230609670598e-01,1.918139515777153914e+00,0.000000000000000000e+00,0.000000000000000000e+00,0.000000000000000000e+00,1.000000000000000056e-01
9.983486681164717158e-01,5.600304226432380184e-02,-1.279047017147767230e-02,8.030453546088077132e+01,-5.622127989171378515e-02,9.982668293687516625e-01,-1.739267286523945091e-02,4.708519410558099416e+00,1.179425951065504567e-02,1.808304839345456841e-02,9.997669222390763721e-01,1.936943110822600289e+00,0.000000000000000000e+00,0.000000000000000000e+00,0.000000000000000000e+00,1.000000000000000056e-01
9.963691691250402549e-01,8.442084941335130377e-02,-1.102719372302403585e-02,8.077364279912309541e+01,-8.461290157083005414e-02,9.962458965737768235e-01,-1.829673325149942104e-02,4.659331654140251189e+00,9.441170734705713399e-03,1.916334376458768418e-02,9.997717892353826796e-01,1.953563368846345627e+00,0.000000000000000000e+00,0.000000000000000000e+00,0.000000000000000000e+00,1.000000000000000056e-01
9.930575139025578091e-01,1.172581374930914827e-01,-9.343622066542918089e-03,8.123904584419010177e+01,-1.174186550179077276e-01,9.929000322644149223e-01,-1.903642253968176878e-02,4.595932609033481775e+00,7.045107199802372669e-03,2.000137797690410696e-02,9.997751303886130980e-01,1.968893631595178162e+00,0.000000000000000000e+00,0.000000000000000000e+00,0.000000000000000000e+00,1.000000000000000056e-01
