1.000000000000000000e+00,-2.214450729687014301e-12,1.106663843907171233e-12,1.808817835946150028e-19,2.214450729687345497e-12,1.000000000000000000e+00,-2.995680735487663477e-13,5.022591119160602412e-19,-1.106663843906508034e-12,2.995680735512169914e-13,1.000000000000000000e+00,-3.466176021263349981e-19,0.000000000000000000e+00,0.000000000000000000e+00,0.000000000000000000e+00,1.000000000000000056e-01
9.999990314992097673e-01,-6.303336265545570003e-04,-1.240838491399908795e-03,6.468619811891651583e-01,6.270160831575680594e-04,9.999962330754765816e-01,-2.672206146365087472e-03,-4.490962725600801050e-03,1.242518198646105389e-03,2.671425532640614615e-03,9.999956598076561454e-01,-3.715251495010426131e-04,0.000000000000000000e+00,0.000000000000000000e+00,0.000000000000000000e+00,1.000000000000000056e-01
9.999803591561443605e-01,-5.428880900602508011e-03,-3.131861126482768810e-03,1.307175530373618999e+00,5.420129409812474847e-03,9.999814018534964877e-01,-2.796094472089311056e-03,5.314343748974395543e-03,3.146982543546515947e-03,2.779064461835281316e-03,9.999911866119558512e-01,4.362618618625954681e-03,0.000000000000000000e+00,0.000000000000000000e+00,0.000000000000000000e+00,1.000000000000000056e-01
9.999362918356098362e-01,-9.952549367211701789e-03,-5.325319816063540761e-03,2.004906962253819369e+00,9.937250109698604270e-03,9.999464430846390917e-01,-2.891716209444529333e-03,1.418690477699544907e-02,5.353814556691345074e-03,2.838612948586530411e-03,9.999816393045527496e-01,8.817131657231662076e-03,0.000000000000000000e+00,0.000000000000000000e+00,0.000000000000000000e+00,1.000000000000000056e-01
9.998570890432263436e-01,-1.610098761960835831e-02,-5.153609189582362797e-03,2.702843770923164968e+00,1.609356636547366534e-02,9.998693974071205526e-01,-1.478259233594802135e-03,2.266000104805706433e-02,5.176737548478198454e-03,1.395108022639110794e-03,9.999856274276942569e-01,1.664989418602478080e-02,0.000000000000000000e+00,0.000000000000000000e+00,0.000000000000000000e+00,1.000000000000000056e-01
9.997518114240282472e-01,-2.135441126904978268e-02,-6.348596201256064518e-03,3.410883691542034857e+00,2.134487958918545106e-02,9.997709466251502031e-01,-1.565375218349935715e-03,3.076817908472378668e-02,6.380569700073631008e-03,1.429476688627460881e-03,9.999786222348451270e-01,3.034360550779338986e-02,0.000000000000000000e+00,0.000000000000000000e+00,0.000000000000000000e+00,1.000000000000000056e-01
9.996522743037030700e-01,-2.533480450589041533e-02,-7.312876320736185279e-03,4.129948554241410719e+00,2.533224657592596935e-02,9.996789893409059324e-01,-4.422146101665296253e-04,5.368646559022054177e-02,7.321732230186809784e-03,2.568092546471574056e-04,9.999731627829600011e-01,4.089570408622748149e-02,0.000000000000000000e+00,0.000000000000000000e+00,0.000000000000000000e+00,1.000000000000000056e-01
9.994980471361818442e-01,-3.008397061935588063e-02,-9.930180397783273591e-03,4.893414209003352333e+00,3.009852131789792634e-02,9.995460664827947594e-01,1.319088036658687966e-03,8.576905193665006200e-02,9.885989350329643308e-03,-1.617309663034310766e-03,9.999498245032192312e-01,5.568835163374597635e-02,0.000000000000000000e+00,0.000000000000000000e+00,0.000000000000000000e+00,1.000000000000000056e-01
9.993433748361829627e-01,-3.477208924804462559e-02,-1.018434977572933546e-02,5.655656253857041627e+00,3.479262575775942529e-02,9.993928479810522125e-01,1.846238663343462670e-03,1.260995923434299892e-01,1.011396875162636107e-02,-2.199366646911771021e-03,9.999464337765516797e-01,6.016314148179318505e-02,0.000000000000000000e+00,0.000000000000000000e+00,0.000000000000000000e+00,1.000000000000000056e-01
9.992103402291541148e-01,-3.889698079536996894e-02,-8.106840577109393833e-03,6.438747148005973919e+00,3.891371428057543297e-02,9.992407364119774149e-01,1.916647004223899064e-03,1.623427225854049138e-01,8.026133566530488719e-03,-2.230600783125561478e-03,9.999653021980905443e-01,7.106959037056308215e-02,0.000000000000000000e+00,0.000000000000000000e+00,0.000000000000000000e+00,1.000000000000000056e-01
9.991038001993618467e-01,-4.181328887777452374e-02,-6.576115906622687080e-03,7.236617850281942488e+00,4.182301944102297109e-02,9.991241238653660872e-01,1.349131239152381433e-03,2.025553011163626349e-01,6.513944429404781508e-03,-1.622955171413919661e-03,9.999774670183734226e-01,8.611647084256690565e-02,0.000000000000000000e+00,0.000000000000000000e+00,0.000000000000000000e+00,1.000000000000000056e-01
9.991212115889944734e-01,-4.145772440119599445e-02,-6.169411674876789514e-03,8.032326657615763921e+00,4.147003851746303149e-02,9.991379762296069833e-01,1.881584748420373583e-03,2.422381558788264111e-01,6.086087273426200525e-03,-2.135776973336363585e-03,9.999791987828648976e-01,1.003686916711522548e-01,0.000000000000000000e+00,0.000000000000000000e+00,0.000000000000000000e+00,1.000000000000000056e-01
9.990402673514690024e-01,-4.333739861417573724e-02,-6.357207851051162838e-03,8.867528848399251373e+00,4.333763759387615488e-02,9.990604782110127369e-01,-1.002225737325970116e-04,2.887467948351201685e-01,6.355578501385967215e-03,-1.753799831013335244e-04,9.999797877276191960e-01,1.153641271575414629e-01,0.000000000000000000e+00,0.000000000000000000e+00,0.000000000000000000e+00,1.000000000000000056e-01
9.989012665640942812e-01,-4.645331099711808021e-02,-6.192701676438073198e-03,9.642558670179054658e+00,4.645175063443865437e-02,9.989204564587423896e-01,-3.956403083637430144e-04,3.524796271106024337e-01,6.204395187627755916e-03,1.075437711009800620e-04,9.999807467720031040e-01,1.317787732680084090e-01,0.000000000000000000e+00,0.000000000000000000e+00,0.000000000000000000e+00,1.000000000000000056e-01
9.988330908957960830e-01,-4.804066531667850609e-02,-4.954897322976074478e-03,1.042539316180656961e+01,4.804152508701944185e-02,9.988453378220349954e-01,5.457561779203536859e-05,3.588916811493336190e-01,4.946554241452735118e-03,-2.925527570521268390e-04,9.999877229316471716e-01,1.384700429258454435e-01,0.000000000000000000e+00,0.000000000000000000e+00,0.000000000000000000e+00,1.000000000000000056e-01
9.987791261929629405e-01,-4.901504556074667146e-02,-6.146738151196955678e-03,1.122784961700090456e+01,4.900685651797066084e-02,9.987973515907795363e-01,-1.475963912787836476e-03,4.108473710113700883e-01,6.211690224768836970e-03,1.172929632477336635e-03,9.999800193707015783e-01,1.643376501450878324e-01,0.000000000000000000e+00,0.000000000000000000e+00,0.000000000000000000e+00,1.000000000000000056e-01
9.986536957043442575e-01,-5.138281273366083340e-02,-7.113551267302775476e-03,1.209555159563287141e+01,5.137778916486965969e-02,9.986788951095149081e-01,-8.872673603732106166e-04,4.617170548286119169e-01,7.149743812557570778e-03,5.205942912895717648e-04,9.999743047423762521e-01,1.756803312730340350e-01,0.000000000000000000e+00,0.000000000000000000e+00,0.000000000000000000e+00,1.000000000000000056e-01
9.985033091862143273e-01,-5.419016794503362516e-02,-7.386964347307147655e-03,1.299372978868373174e+01,5.419215404265153441e-02,9.985305231707152229e-01,6.882321741149074893e-05,5.327657699288456117e-01,7.372379832649980300e-03,-4.690357201510595244e-04,9.999727136382754455e-01,1.965022987593489645e-01,0.000000000000000000e+00,0.000000000000000000e+00,0.000000000000000000e+00,1.000000000000000056e-01
9.986590781142434814e-01,-5.094692293188550491e-02,-9.190035026145246602e-03,1.388363351595422834e+01,5.097954195682621870e-02,9.986940771513561632e-01,3.350606612728157171e-03,5.834490170463717540e-01,9.007330452551037467e-03,-3.814617487190663861e-03,9.999521572013058135e-01,2.088108324287011874e-01,0.000000000000000000e+00,0.000000000000000000e+00,0.000000000000000000e+00,1.000000000000000056e-01
9.978914874006992175e-01,-6.418178955543318853e-02,-9.658015462934108411e-03,1.481592415829497966e+01,6.424373609868422319e-02,9.979146888202803378e-01,6.246295606658477592e-03,7.115760434111650934e-01,9.236977065187763555e-03,-6.853592210310632121e-03,9.999338510764159693e-01,2.280930638739749050e-01,0.000000000000000000e+00,0.000000000000000000e+00,0.000000000000000000e+00,1.000000000000000056e-01
9.976588347636606846e-01,-6.769624124887860250e-02,-9.698883378426784857e-03,1.577731804215804523e+01,6.773460666500558114e-02,9.976965765453639223e-01,3.682962068454800984e-03,7.741952728711759546e-01,9.427220054272551775e-03,-4.331289696420877015e-03,9.999461822776334330e-01,2.343766875517766801e-01,0.000000000000000000e+00,0.000000000000000000e+00,0.000000000000000000e+00,1.000000000000000056e-01
9.975612035932145405e-01,-6.943427831931400784e-02,-7.108169942624940028e-03,1.670256825052770111e+01,6.945756521864809852e-02,9.975801427611792338e-01,3.083083275296796561e-03,8.584544603683309516e-01,6.876897523915930475e-03,-3.569280440258287921e-03,9.999699838083062620e-01,2.525627612272994260e-01,0.000000000000000000e+00,0.000000000000000000e+00,0.000000000000000000e+00,1.000000000000000056e-01
9.973683989055182053e-01,-7.218914455645755734e-02,-6.708522404373618540e-03,1.758205939105443960e+01,7.221781655048767345e-02,9.973803151071147788e-01,4.134490236113148344e-03,9.377678178032593515e-01,6.392482876255265074e-03,-4.608084747406559524e-03,9.999689503767792420e-01,2.721642860765962624e-01,0.000000000000000000e+00,0.000000000000000000e+00,0.000000000000000000e+00,1.000000000000000056e-01
9.972919316244535093e-01,-7.323178689119462514e-02,-6.775581560936279335e-03,1.849136281827522765e+01,7.326851901802890199e-02,9.972979453118963056e-01,5.341572575061167248e-03,1.007428544718764751e+00,6.366100664534192835e-03,-5.823544057750622803e-03,9.999627788557614583e-01,2.858999873054731133e-01,0.000000000000000000e+00,0.000000000000000000e+00,0.000000000000000000e+00,1.000000000000000056e-01
9.973335256367797941e-01,-7.260483043804263903e-02,-7.374092349149517951e-03,1.940821475260518625e+01,7.263770668954774856e-02,9.973491552174539310e-01,4.292569616693425044e-03,1.078567045087898135e+00,7.042883485756243171e-03,-4.816760747017334934e-03,9.999635976414901206e-01,3.067194353385118699e-01,0.000000000000000000e+00,0.000000000000000000e+00,0.000000000000000000e+00,1.000000000000000056e-01
9.972769868419004702e-01,-7.351075924322267308e-02,-5.897439361686961611e-03,2.033539626452953186e+01,7.350940368088346166e-02,9.972944239967933555e-01,-4.465818906836716050e-04,1.131202809439816104e+00,5.914311965118045598e-03,1.184859159739245181e-05,9.999825102338490979e-01,3.254641992009924545e-01,0.000000000000000000e+00,0.000000000000000000e+00,0.000000000000000000e+00,1.000000000000000056e-01
9.974143169293919753e-01,-7.183293801859136352e-02,-2.170115179346829293e-03,2.125115664652328817e+01,7.183228731821797441e-02,9.974166535655467625e-01,-3.764156466429975645e-04,1.211996836525991439e+00,2.191548061850445532e-03,2.195580180014932142e-04,9.999975744527430654e-01,3.306986656425453530e-01,0.000000000000000000e+00,0.000000000000000000e+00,0.000000000000000000e+00,1.000000000000000056e-01
9.973972015111048917e-01,-7.210259951058059502e-02,-1.938082385826061030e-04,2.221315991647895771e+01,7.210225719254412247e-02,9.973962511245608731e-01,-1.408101705195874929e-03,1.293401127514569149e+00,2.948314039192495659e-04,1.390462688741063609e-03,9.999989898434670232e-01,3.487497080801678084e-01,0.000000000000000000e+00,0.000000000000000000e+00,0.000000000000000000e+00,1.000000000000000056e-01
9.975433199358786363e-01,-7.004329291693706105e-02,1.123373783450000397e-03,2.318524470577884244e+01,7.004571097501646748e-02,9.975411749032100373e-01,-2.280953030612014286e-03,1.359687970988464167e+00,-9.608461425452449311e-04,2.354036974126961709e-03,9.999967676370833392e-01,3.629160026265750849e-01,0.000000000000000000e+00,0.000000000000000000e+00,0.000000000000000000e+00,1.000000000000000056e-01
9.978426814134618850e-01,-6.560976092261237846e-02,2.311367835308190608e-03,2.411529644360226143e+01,6.561841425326671307e-02,9.978372020011209154e-01,-3.891274015145620557e-03,1.423446115048682570e+00,-2.051063255761234778e-03,4.034547589496363489e-03,9.999897577301823937e-01,3.691161333526131183e-01,0.000000000000000000e+00,0.000000000000000000e+00,0.000000000000000000e+00,1.000000000000000056e-01
9.979636001697146375e-01,-6.378485904417910413e-02,-3.801223698223368070e-04,2.507206219321109941e+01,6.378211375634706970e-02,9.979509200633031041e-01,-5.079676129354893967e-03,1.492516146508884978e+00,7.033498946018272189e-04,5.045086869513830570e-03,9.999870261145415995e-01,3.804502513835212874e-01,0.000000000000000000e+00,0.000000000000000000e+00,0.000000000000000000e+00,1.000000000000000056e-01
9.980416491112517052e-01,-6.231788918447198761e-02,-5.417317314403797754e-03,2.602739383138233720e+01,6.229838998526603805e-02,9.980507224950855294e-01,-3.696746174880229108e-03,1.565163865697715595e+00,5.637130878095152758e-03,3.352016501996513999e-03,9.999784931391442200e-01,3.891434427857022871e-01,0.000000000000000000e+00,0.000000000000000000e+00,0.000000000000000000e+00,1.000000000000000056e-01
9.981048257657271217e-01,-6.090714888877420824e-02,-8.779293673656032512e-03,2.698240542398508879e+01,6.086637068178254312e-02,9.981341903295408713e-01,-4.839732969887329539e-03,1.631099190591257075e+00,9.057687519198760404e-03,4.296197089597060537e-03,9.999497492311160141e-01,4.087879753269925698e-01,0.000000000000000000e+00,0.000000000000000000e+00,0.000000000000000000e+00,1.000000000000000056e-01
9.981577119071359805e-01,-6.022184157557906869e-02,-7.383221353634877165e-03,2.795312008500951961e+01,6.016349305198888386e-02,9.981573876986498117e-01,-7.885650663742232308e-03,1.685260759432028799e+00,7.844505344137322686e-03,7.426922636809226742e-03,9.999416505756986151e-01,4.326734849057540244e-01,0.000000000000000000e+00,0.000000000000000000e+00,0.000000000000000000e+00,1.000000000000000056e-01
9.982162820651165891e-01,-5.954928069947489772e-02,-4.258801271560004945e-03,2.896359179188279498e+01,5.949929467528636967e-02,9.981673807307863688e-01,-1.103240582035023426e-02,1.732770389290906099e+00,4.907968341272548815e-03,1.075933144840353003e-02,9.999300718718007186e-01,4.493627589128365019e-01,0.000000000000000000e+00,0.000000000000000000e+00,0.000000000000000000e+00,1.000000000000000056e-01
9.982288787541333530e-01,-5.947811938194157155e-02,-1.207864252785228630e-03,2.992150288416106108e+01,5.945082120244310486e-02,9.980997479717550469e-01,-1.620163439515132434e-02,1.780401876929635918e+00,2.169211751026409347e-03,1.610113081452714881e-02,9.998680153434615914e-01,4.573568150643799179e-01,0.000000000000000000e+00,0.000000000000000000e+00,0.000000000000000000e+00,1.000000000000000056e-01
9.982652513901574265e-01,-5.884092616598722569e-02,-2.057492375329894943e-03,3.085094485012931997e+01,5.877961764432751424e-02,9.980152261290187177e-01,-2.259568463734551794e-02,1.825812698428084468e+00,3.382959729639575808e-03,2.243554818970442885e-02,9.997425677447645542e-01,4.781704242612391798e-01,0.000000000000000000e+00,0.000000000000000000e+00,0.000000000000000000e+00,1.000000000000000056e-01
9.982810737494596243e-01,-5.839099198498295951e-02,-5.038834055178608926e-03,3.180003903333411230e+01,5.824541582592056288e-02,9.979802527735257556e-01,-2.535520872237455314e-02,1.864289675765367749e+00,6.509172673356740726e-03,2.501813600369204305e-02,9.996658059281657849e-01,4.921173914087290657e-01,0.000000000000000000e+00,0.000000000000000000e+00,0.000000000000000000e+00,1.000000000000000056e-01
9.982856638299951735e-01,-5.795980233724270375e-02,-8.148294578232875146e-03,3.278825009194086704e+01,5.772870513542738974e-02,9.979884835183723268e-01,-2.619891921599765486e-02,1.936867989725937100e+00,9.650388328600215809e-03,2.568361496610722591e-02,9.996235401026628553e-01,5.069278402602231948e-01,0.000000000000000000e+00,0.000000000000000000e+00,0.000000000000000000e+00,1.000000000000000056e-01
9.982122398195046875e-01,-5.899229404029396329e-02,-9.603828319542767264e-03,3.376154930643460972e+01,5.871804617066861409e-02,9.979176090595006654e-01,-2.669525393902304894e-02,2.000998222112338354e+00,1.115864366430720407e-02,2.608361119234056669e-02,9.995974839397805400e-01,5.232526991139290207e-01,0.000000000000000000e+00,0.000000000000000000e+00,0.000000000000000000e+00,1.000000000000000056e-01
9.982062284000844388e-01,-5.924266781908849033e-02,-8.638975226009218411e-03,3.472997250096513966e+01,5.898030533371585726e-02,9.978667468423692011e-01,-2.798712434261070928e-02,2.071803261008275943e+00,1.027857801547045133e-02,2.742739243720119721e-02,9.995709524481369845e-01,5.502113525726796128e-01,0.000000000000000000e+00,0.000000000000000000e+00,0.000000000000000000e+00,1.000000000000000056e-01
9.981739429906444361e-01,-5.975911052319449884e-02,-8.810689189066056234e-03,3.571420766420807524e+01,5.951521053407276413e-02,9.978954146125069702e-01,-2.574259525412775709e-02,2.136888380182326852e+00,1.033050093629028603e-02,2.517121778558740683e-02,9.996297767401668422e-01,5.612167244343055916e-01,0.000000000000000000e+00,0.000000000000000000e+00,0.000000000000000000e+00,1.000000000000000056e-01
9.982705276508118120e-01,-5.819680013966847115e-02,-8.311803491010291006e-03,3.670129036287217872e+01,5.797872848824959374e-02,9.980188817142414681e-01,-2.442905615738704198e-02,2.205591698712915161e+00,9.717029723918808870e-03,2.390489898239310865e-02,9.996670121285317068e-01,5.864337551615733668e-01,0.000000000000000000e+00,0.000000000000000000e+00,0.000000000000000000e+00,1.000000000000000056e-01
9.982183681955956178e-01,-5.929927933326686884e-02,-6.609452887915590047e-03,3.771241379662730253e+01,5.912088240149485086e-02,9.979493993484179759e-01,-2.452993282095367392e-02,2.270182214292383094e+00,8.050506877893031515e-03,2.409547282555528011e-02,9.996772466793079071e-01,6.045836136350757339e-01,0.000000000000000000e+00,0.000000000000000000e+00,0.000000000000000000e+00,1.000000000000000056e-01
9.983515681962903399e-01,-5.721918052546083600e-02,-4.484602546768202622e-03,3.870638984150850348e+01,5.709392018258678536e-02,9.980724567144565462e-01,-2.432396814160142987e-02,2.331725291471815176e+00,5.867755805430698371e-03,2.402782819906858561e-02,9.996940696602355514e-01,6.362663802491737020e-01,0.000000000000000000e+00,0.000000000000000000e+00,0.000000000000000000e+00,1.000000000000000056e-01
9.983799019495559479e-01,-5.681862029431070105e-02,-3.035748844352164147e-03,3.972083661189296322e+01,5.674680429230009870e-02,9.981877989460211653e-01,-2.002294278843561731e-02,2.395353721111816547e+00,4.167923440567644459e-03,1.981823461230889510e-02,9.997949119649715000e-01,6.547670219414650772e-01,0.000000000000000000e+00,0.000000000000000000e+00,0.000000000000000000e+00,1.000000000000000056e-01
9.982800886754714664e-01,-5.856579648176647723e-02,-2.629075226970100515e-03,4.073000499363463689e+01,5.849101722620340948e-02,9.980280145401217995e-01,-2.277900561803255716e-02,2.464941085647238239e+00,3.957961335932298763e-03,2.258605046391891011e-02,9.997370678665988830e-01,6.739785393383698198e-01,0.000000000000000000e+00,0.000000000000000000e+00,0.000000000000000000e+00,1.000000000000000056e-01
9.983363143564706332e-01,-5.743750466547432876e-02,-5.053364714913288584e-03,4.174544498687646410e+01,5.731476558047651770e-02,9.981186756836027962e-01,-2.177445517265738650e-02,2.528344081972436541e+00,6.294528067563168357e-03,2.144859691016305636e-02,9.997501370877585058e-01,7.096599759909840710e-01,0.000000000000000000e+00,0.000000000000000000e+00,0.000000000000000000e+00,1.000000000000000056e-01
9.983892930828301981e-01,-5.630964438851664838e-02,-6.931335109874928874e-03,4.277725685125913202e+01,5.617861690400586389e-02,9.982614356678348733e-01,-1.783449077338853869e-02,2.604283879032801785e+00,7.923538371178406522e-03,1.741637181596469505e-02,9.998169270083641091e-01,7.359033636771715736e-01,0.000000000000000000e+00,0.000000000000000000e+00,0.000000000000000000e+00,1.000000000000000056e-01
9.984096611216566330e-01,-5.589771173225629997e-02,-7.320819765316469163e-03,4.383676010596688855e+01,5.574623846213740130e-02,9.982549828451020568e-01,-1.947680985807429335e-02,2.671105539294301501e+00,8.396753912148679361e-03,1.903772696575523407e-02,9.997835063030976466e-01,7.615883415895071673e-01,0.000000000000000000e+00,0.000000000000000000e+00,0.000000000000000000e+00,1.000000000000000056e-01
9.983871009973352972e-01,-5.634393131344757333e-02,-6.968354632349210709e-03,4.484248216561233846e+01,5.617692910417937391e-02,9.981739138972480774e-01,-2.220338378430650184e-02,2.730697288060929040e+00,8.206655747665112313e-03,2.177611120459074789e-02,9.997291892218835851e-01,7.946499657422728680e-01,0.000000000000000000e+00,0.000000000000000000e+00,0.000000000000000000e+00,1.000000000000000056e-01
9.985021001798700668e-01,-5.442508634926648131e-02,-5.609448481232932361e-03,4.582434793643123783e+01,5.428479293272493039e-02,9.982675107727252417e-01,-2.269665596245572931e-02,2.791254345418932470e+00,6.834997632764489885e-03,2.235815089630149854e-02,9.997266605907128012e-01,8.153736614611302169e-01,0.000000000000000000e+00,0.000000000000000000e+00,0.000000000000000000e+00,1.000000000000000056e-01
9.983249381689288660e-01,-5.729528910925661689e-02,-8.035401414433795617e-03,4.673780447084767786e+01,5.712351457261924392e-02,9.981630110724349914e-01,-2.018681276680002468e-02,2.847643932718831650e+00,9.177249744675179330e-03,1.969398823744912541e-02,9.997639345937755495e-01,8.398527269642367399e-01,0.000000000000000000e+00,0.000000000000000000e+00,0.000000000000000000e+00,1.000000000000000056e-01
9.984150658256979449e-01,-5.483686669757430882e-02,-1.265995193749896823e-02,4.769207351338003775e+01,5.459489384283203878e-02,9.983329536024150297e-01,-1.872728805161361434e-02,2.905296245934488653e+00,1.366579300872137505e-02,1.800643780070549857e-02,9.997444745029462343e-01,8.557613875419631810e-01,0.000000000000000000e+00,0.000000000000000000e+00,0.000000000000000000e+00,1.000000000000000056e-01
9.985140398718939103e-01,-5.317713939284281210e-02,-1.191234757317303876e-02,4.865425904279668146e+01,5.292695339230354956e-02,9.983896690166411680e-01,-2.041583712343669754e-02,2.964960389923349204e+00,1.297882056732598509e-02,1.975501573869110905e-02,9.997206057543503999e-01,8.820138778724900819e-01,0.000000000000000000e+00,0.000000000000000000e+00,0.000000000000000000e+00,1.000000000000000056e-01
9.987172180453611769e-01,-4.850175066780897798e-02,-1.454299012899945912e-02,4.961868657759740131e+01,4.820584560816668779e-02,9.986361573713780082e-01,-2.005047729431819886e-02,3.031147980360131111e+00,1.549563902961348730e-02,1.932369976702351388e-02,9.996931928338703699e-01,9.026927327522143996e-01,0.000000000000000000e+00,0.000000000000000000e+00,0.000000000000000000e+00,1.000000000000000056e-01
9.988038884722940658e-01,-4.753726445101187636e-02,-1.144556076126498727e-02,5.062744979956345759e+01,4.726050084319252664e-02,9.986097473137782732e-01,-2.334561264911458670e-02,3.092939442700040953e+00,1.253943510194317247e-02,2.277676575869504519e-02,9.996619336100067699e-01,9.409482470174610480e-01,0.000000000000000000e+00,0.000000000000000000e+00,0.000000000000000000e+00,1.000000000000000056e-01
9.989147598839295261e-01,-4.545510697286942597e-02,-1.015557660186502259e-02,5.157909361106982971e+01,4.521399826950264073e-02,9.987164605545101326e-01,-2.282817947092978528e-02,3.144182679559262450e+00,1.118019885855180834e-02,2.234423119188855278e-02,9.996878205149478669e-01,9.657273615036646719e-01,0.000000000000000000e+00,0.000000000000000000e+00,0.000000000000000000e+00,1.000000000000000056e-01
9.989545649566259344e-01,-4.456135716780364187e-02,-1.020110776737231245e-02,5.253750975085350916e+01,4.427342965983928347e-02,9.986573035380120755e-01,-2.689709122455440776e-02,3.182846232473644843e+00,1.138598166489707131e-02,2.641733403563223392e-02,9.995861563086878565e-01,9.916261160492900739e-01,0.000000000000000000e+00,0.000000000000000000e+00,0.000000000000000000e+00,1.000000000000000056e-01
9.989128416303254543e-01,-4.514777608710158346e-02,-1.161090609802962158e-02,5.352169340755905580e+01,4.478397009947069490e-02,9.985495467896144950e-01,-2.988642883291972932e-02,3.237993592795712861e+00,1.294337081899600735e-02,2.933395508015241779e-02,9.994858619466298055e-01,1.033155116986289590e+00,0.000000000000000000e+00,0.000000000000000000e+00,0.000000000000000000e+00,1.000000000000000056e-01
9.989242583465777203e-01,-4.481192141216273211e-02,-1.192550988803897476e-02,5.448295658271079134e+01,4.445087963558060767e-02,9.985908732379743524e-01,-2.898943230632448562e-02,3.277654073042558736e+00,1.320777749519916160e-02,2.842814776185735928e-02,9.995085767658361542e-01,1.051992375327922780e+00,0.000000000000000000e+00,0.000000000000000000e+00,0.000000000000000000e+00,1.000000000000000056e-01
9.988957762723845724e-01,-4.640152181156852879e-02,-7.357099887915320019e-03,5.542505556606127470e+01,4.614739782101968252e-02,9.984348308512469572e-01,-3.159598419720956869e-02,3.320993039252277512e+00,8.811686532031254987e-03,3.122158414642504237e-02,9.994736449070825701e-01,1.084847747111858274e+00,0.000000000000000000e+00,0.000000000000000000e+00,0.000000000000000000e+00,1.000000000000000056e-01
9.987705166894818021e-01,-4.953980558418837055e-02,-1.806281956525700953e-03,5.636656340884222516e+01,4.945791724663993472e-02,9.982741230773548580e-01,-3.166527460425359181e-02,3.367188766105158493e+00,3.371856083845803462e-03,3.153700773407474428e-02,9.994968973087063890e-01,1.121755060840244900e+00,0.000000000000000000e+00,0.000000000000000000e+00,0.000000000000000000e+00,1.000000000000000056e-01
9.987761508405978983e-01,-4.943124244634455877e-02,-1.659151063006009900e-03,5.732358340520988094e+01,4.936339943208108150e-02,9.983685516521424441e-01,-2.869651317690186804e-02,3.428883581774860190e+00,3.074948543957580025e-03,2.857949163673122184e-02,9.995867933047325460e-01,1.133794706542641695e+00,0.000000000000000000e+00,0.000000000000000000e+00,0.000000000000000000e+00,1.000000000000000056e-01
9.987059561275934971e-01,-5.063453492050388333e-02,-4.749428244922969909e-03,5.822721757263315112e+01,5.047993263328596353e-02,9.983210314109647321e-01,-2.840589100673313397e-02,3.482491624445462897e+00,6.179773184212322863e-03,2.812938171968528203e-02,9.995851881092776559e-01,1.151722883508040640e+00,0.000000000000000000e+00,0.000000000000000000e+00,0.000000000000000000e+00,1.000000000000000056e-01
9.984998910369171643e-01,-5.372420783873408517e-02,-1.056773823317913412e-02,5.914432599105983002e+01,5.340584623348481469e-02,9.981689965989648528e-01,-2.839841222147832661e-02,3.540386115500234965e+00,1.207407086900968117e-02,2.779143250565068585e-02,9.995408211233466345e-01,1.172757686621971551e+00,0.000000000000000000e+00,0.000000000000000000e+00,0.000000000000000000e+00,1.000000000000000056e-01
9.984229832480602251e-01,-5.380365502632187408e-02,-1.602227286786261570e-02,6.008766759821529035e+01,5.336516635387102830e-02,9.982196135937145831e-01,-2.664135989094304144e-02,3.599620567877218846e+00,1.742714956805526197e-02,2.574431476313996173e-02,9.995166455418884599e-01,1.206322973849516922e+00,0.000000000000000000e+00,0.000000000000000000e+00,0.000000000000000000e+00,1.000000000000000056e-01
9.983981831889267022e-01,-5.429959410795222319e-02,-1.589408332562834009e-02,6.100050873153474384e+01,5.391707745908459748e-02,9.982669695344552618e-01,-2.357978572349747615e-02,3.668094884279676560e+00,1.714691118894151600e-02,2.268505270451502687e-02,9.995956041422310312e-01,1.223184154122872735e+00,0.000000000000000000e+00,0.000000000000000000e+00,0.000000000000000000e+00,1.000000000000000056e-01
9.983790731243744609e-01,-5.535046037566748039e-02,-1.324963710886200435e-02,6.191978089291591658e+01,5.506010999213500207e-02,9.982545814569336873e-01,-2.135825104956290063e-02,3.727648390490301722e+00,1.440869997497568750e-02,2.059410440985049232e-02,9.996840862135334405e-01,1.258463680388204553e+00,0.000000000000000000e+00,0.000000000000000000e+00,0.000000000000000000e+00,1.000000000000000056e-01
9.982343389679037005e-01,-5.810867543870697205e-02,-1.231204061362045805e-02,6.280432270075914403e+01,5.784222898415287972e-02,9.981050005665728087e-01,-2.099248413471955024e-02,3.790598509080582712e+00,1.350855475086993988e-02,2.024326265108075326e-02,9.997038207718234037e-01,1.294778986941823140e+00,0.000000000000000000e+00,0.000000000000000000e+00,0.000000000000000000e+00,1.000000000000000056e-01
9.983019663381081932e-01,-5.642861897829740125e-02,-1.445665817776549747e-02,6.363169654994885605e+01,5.612497697264652585e-02,9.982109516859091203e-01,-2.061268769791090374e-02,3.852996739841251017e+00,1.559394001804922936e-02,1.976630705300927784e-02,9.996830108290325478e-01,1.324378498211077337e+00,0.000000000000000000e+00,0.000000000000000000e+00,0.000000000000000000e+00,1.000000000000000056e-01
9.982731358401896182e-01,-5.734465078981677150e-02,-1.274116500121821871e-02,6.445242178239271880e+01,5.710679336200300688e-02,9.982001976965964030e-01,-1.830790731857045994e-02,3.900577217068732061e+00,1.376809397497673337e-02,1.754868497266513783e-02,9.997512106739487869e-01,1.350590785067673494e+00,0.000000000000000000e+00,0.000000000000000000e+00,0.000000000000000000e+00,1.000000000000000056e-01
9.981495027168945100e-01,-5.915220161111661018e-02,-1.409209958004795787e-02,6.526255426593580466e+01,5.888750256777749298e-02,9.980929753592218123e-01,-1.851147157591204531e-02,3.951549640898139426e+00,1.516021989768531059e-02,1.764736759784908335e-02,9.997293324442972917e-01,1.380630627821877399e+00,0.000000000000000000e+00,0.000000000000000000e+00,0.000000000000000000e+00,1.000000000000000056e-01
9.981150889625547418e-01,-6.006025050401266052e-02,-1.261092758946679229e-02,6.606866847346989857e+01,5.982140758756099297e-02,9.980370551037768267e-01,-1.853202185471579735e-02,3.994204038346973018e+00,1.369921090845847497e-02,1.774268720278895581e-02,9.997487327680438796e-01,1.413327771423241508e+00,0.000000000000000000e+00,0.000000000000000000e+00,0.000000000000000000e+00,1.000000000000000056e-01
9.980118393120058773e-01,-6.166428660061749889e-02,-1.303396912317179683e-02,6.681947825136009556e+01,6.142627779085209350e-02,9.979504899283982988e-01,-1.793410294469130126e-02,4.047956547168085173e+00,1.411314953608733443e-02,1.709781885816489058e-02,9.997542115942624763e-01,1.436708791580521005e+00,0.000000000000000000e+00,0.000000000000000000e+00,0.000000000000000000e+00,1.000000000000000056e-01
9.979289730685882986e-01,-6.330736507337908492e-02,-1.139922092682590926e-02,6.760786946726700819e+01,6.310365411234425403e-02,9.978548971416039137e-01,-1.742220101447230010e-02,4.102886463333004663e+00,1.247772206543728071e-02,1.666678667245024073e-02,9.997832388443370633e-01,1.456474076855858391e+00,0.000000000000000000e+00,0.000000000000000000e+00,0.000000000000000000e+00,1.000000000000000056e-01
9.978123475173970025e-01,-6.563751237280654460e-02,-7.888986711300616239e-03,6.835953088513493014e+01,6.551051722834602686e-02,9.977329998303885450e-01,-1.540237585337113357e-02,4.162477960792009490e+00,8.882076012734298892e-03,1.485186920773266805e-02,9.998502541414591160e-01,1.480771085194515502e+00,0.000000000000000000e+00,0.000000000000000000e+00,0.000000000000000000e+00,1.000000000000000056e-01
9.979209065757563835e-01,-6.405464140544607499e-02,-7.132119841962153775e-03,6.905437742211213958e+01,6.396249557338305747e-02,9.978743315397464730e-01,-1.247467891887865318e-02,4.211480800553079717e+00,7.916020404556195142e-03,1.199255471214851973e-02,9.998967522961712540e-01,1.506242089682739760e+00,0.000000000000000000e+00,0.000000000000000000e+00,0.000000000000000000e+00,1.000000000000000056e-01
9.979895000373338876e-01,-6.275480481438515390e-02,-8.876502010402052140e-03,6.971771078178555570e+01,6.266264929185132171e-02,9.979815628726460552e-01,-1.030497695277393655e-02,4.260167118117583307e+00,9.505272166471290252e-03,9.728033664578871614e-03,9.999075033032116533e-01,1.538392357969728508e+00,0.000000000000000000e+00,0.000000000000000000e+00,0.000000000000000000e+00,1.000000000000000056e-01
9.977261394872469769e-01,-6.596314597753734355e-02,-1.383524328014026916e-02,7.040508636613778037e+01,6.583368405003585389e-02,9.977842994637206031e-01,-9.613417087196523408e-03,4.320506232484390807e+00,1.443871975885060305e-02,8.680732482829186386e-03,9.998580740561566760e-01,1.561488514931434146e+00,0.000000000000000000e+00,0.000000000000000000e+00,0.000000000000000000e+00,1.000000000000000056e-01
9.977102504784762793e-01,-6.529221754859493299e-02,-1.764036331153936640e-02,7.114571045476850486e+01,6.511710848921695161e-02,9.978242044119719489e-01,-1.032566083206560605e-02,4.375375983569481875e+00,1.827616678025513822e-02,9.153328203569255708e-03,9.997910773309681698e-01,1.589012224436934684e+00,0.000000000000000000e+00,0.000000000000000000e+00,0.000000000000000000e+00,1.000000000000000056e-01
9.975780686265851571e-01,-6.729642155815163118e-02,-1.758376071037591123e-02,7.185576716009897780e+01,6.711945057490803501e-02,9.976900262740170389e-01,-1.046856379231284051e-02,4.426423892135630034e+00,1.824763956720685740e-02,9.262997291308559117e-03,9.997905883390814097e-01,1.610963847045239428e+00,0.000000000000000000e+00,0.000000000000000000e+00,0.000000000000000000e+00,1.000000000000000056e-01
9.975692437132160917e-01,-6.794663700585391874e-02,-1.545504827028499652e-02,7.253573426724007334e+01,6.781249935002943430e-02,9.976570880302652045e-01,-9.044315058310827340e-03,4.477662697951197757e+00,1.603336924493333968e-02,7.974285081839808595e-03,9.998396580692772151e-01,1.629287183923268989e+00,0.000000000000000000e+00,0.000000000000000000e+00,0.000000000000000000e+00,1.000000000000000056e-01
9.975087231911493602e-01,-6.891903948070690622e-02,-1.505035396991690963e-02,7.317165523084798906e+01,6.878154743004269434e-02,9.975867950573863441e-01,-9.470219652202058191e-03,4.525293782938192066e+00,1.566671282342970220e-02,8.411440078187032432e-03,9.998418883929194312e-01,1.649057807761934447e+00,0.000000000000000000e+00,0.000000000000000000e+00,0.000000000000000000e+00,1.000000000000000056e-01
9.974151443274331674e-01,-6.985643547771414053e-02,-1.682582207898499632e-02,7.375502107393698736e+01,6.968861112069396624e-02,9.975149665246968445e-01,-1.036286829510148395e-02,4.562074591016632930e+00,1.750792238829002728e-02,9.163513604556456846e-03,9.998047322712894092e-01,1.675426669613423236e+00,0.000000000000000000e+00,0.000000000000000000e+00,0.000000000000000000e+00,1.000000000000000056e-01
9.973867230549772200e-01,-6.934833174525323329e-02,-2.026162771853616540e-02,7.439716452002932101e+01,6.900248116500579121e-02,9.974665138166093348e-01,-1.729772839459029279e-02,4.592556408622424868e+00,2.140986377180557898e-02,1.585442205475479441e-02,9.996450645276964142e-01,1.708311655638466320e+00,0.000000000000000000e+00,0.000000000000000000e+00,0.000000000000000000e+00,1.000000000000000056e-01
9.973517430793720218e-01,-6.841200547726158931e-02,-2.468396408840237491e-02,7.502365744831737970e+01,6.792083198279333378e-02,9.974858469642380321e-01,-2.021745999876754449e-02,4.615381696209285067e+00,2.600502180932688298e-02,1.848736359289060785e-02,9.994908484964135642e-01,1.729989693005486107e+00,0.000000000000000000e+00,0.000000000000000000e+00,0.000000000000000000e+00,1.000000000000000056e-01
9.976916189391775713e-01,-6.326943330534824661e-02,-2.466601523844015945e-02,7.561193404134486684e+01,6.277464189515359616e-02,9.978203661801949842e-01,-2.034357812570717836e-02,4.655783011704746066e+00,2.589937901684320407e-02,1.874821712167895268e-02,9.994887325634542741e-01,1.759848794672758343e+00,0.000000000000000000e+00,0.000000000000000000e+00,0.000000000000000000e+00,1.000000000000000056e-01
9.980026229721492559e-01,-5.848995764959479676e-02,-2.386816697735325704e-02,7.618344369491502732e+01,5.811732575557692487e-02,9.981812364447035790e-01,-1.601860345794604845e-02,4.708421100765098011e+00,2.476168386298403107e-02,1.459945423196955250e-02,9.995867720955485813e-01,1.771417500008231505e+00,0.000000000000000000e+00,0.000000000000000000e+00,0.000000000000000000e+00,1.000000000000000056e-01
9.984751691202795598e-01,-5.139213012095628086e-02,-2.015404703427855701e-02,7.672228536661049247e+01,5.102544479464993232e-02,9.985295819153480190e-01,-1.830513653235964905e-02,4.727766992825152670e+00,2.106515211759332415e-02,1.724885508058125044e-02,9.996292994728954717e-01,1.798961307117038944e+00,0.000000000000000000e+00,0.000000000000000000e+00,0.000000000000000000e+00,1.000000000000000056e-01
9.988830670330648420e-01,-4.402172078889519252e-02,-1.716701760359739745e-02,7.728874642091983560e+01,4.362706810106297545e-02,9.987894342431110628e-01,-2.272322541434951618e-02,4.734735562295798061e+00,1.814655128455219465e-02,2.194889844868483722e-02,9.995943920077615674e-01,1.819143859450635059e+00,0.000000000000000000e+00,0.000000000000000000e+00,0.000000000000000000e+00,1.000000000000000056e-01
9.992544187502315767e-01,-3.577869557949598517e-02,-1.450832694581309645e-02,7.784340454028054523e+01,3.540572770898770677e-02,9.990553262514991761e-01,-2.519701438479411693e-02,4.739929534735507488e+00,1.539613761739844905e-02,2.466455008996223941e-02,9.995772200862351742e-01,1.851926037769345168e+00,0.000000000000000000e+00,0.000000000000000000e+00,0.000000000000000000e+00,1.000000000000000056e-01
9.996046968648755193e-01,-2.394217699296780424e-02,-1.473845875652166071e-02,7.833011776951263982e+01,2.362580017439925781e-02,9.994943976264739627e-01,-2.127840876126326636e-02,4.754360778835918566e+00,1.524045838548312992e-02,2.092178945810927587e-02,9.996649474469287977e-01,1.876650208560204591e+00,0.000000000000000000e+00,0.000000000000000000e+00,0.000000000000000000e+00,1.000000000000000056e-01
9.998486273786936218e-01,-9.621563774788214132e-03,-1.449647679506988786e-02,7.883423620809656995e+01,9.337591269834142130e-03,9.997656466782318674e-01,-1.953102944891685691e-02,4.764455641913029282e+00,1.468099854300904637e-02,1.939271081062736088e-02,9.997041517615076200e-01,1.884371294965063726e+00,0.000000000000000000e+00,0.000000000000000000e+00,0.000000000000000000e+00,1.000000000000000056e-01
9.998659079444631725e-01,9.255959962819932524e-03,-1.350900942190167743e-02,7.932722236096446977e+01,-9.424652584562726726e-03,9.998777347591044640e-01,-1.247763826460153783e-02,4.755977484535886646e+00,1.339186521940274703e-02,1.260328283300140087e-02,9.998308933053512426e-01,1.899136124156390881e+00,0.000000000000000000e+00,0.000000000000000000e+00,0.000000000000000000e+00,1.000000000000000056e-01
9.994200083965335546e-01,3.142361057623827003e-02,-1.312263369242690735e-02,7.981782995385911761e+01,-3.161216614772971445e-02,9.993962231842774546e-01,-1.441735192225850060e-02,4.726756734611709199e+00,1.266166529809656903e-02,1.482382485578016482e-02,9.998099501647921272e-01,1.918585493787099860e+00,0.000000000000000000e+00,0.000000000000000000e+00,0.000000000000000000e+00,1.000000000000000056e-01
9.983469724397391332e-01,5.603060001535286466e-02,-1.280212803897374726e-02,8.030459168376785328e+01,-5.624906487589722420e-02,9.982652366523753207e-01,-1.739425169313509392e-02,4.707412337144493364e+00,1.180530901729570994e-02,1.808560624631000771e-02,9.997667455590376617e-01,1.937394444845285779e+00,0.000000000000000000e+00,0.000000000000000000e+00,0.000000000000000000e+00,1.000000000000000056e-01
9.963666873922454315e-01,8.444859441567460767e-02,-1.103898347767049738e-02,8.077369759760379964e+01,-8.464088464259918176e-02,9.962434893413918413e-01,-1.829837675331843355e-02,4.658211486139209434e+00,9.452243221670231579e-03,1.916624235746422489e-02,9.997716290493411373e-01,1.954019853165548604e+00,0.000000000000000000e+00,0.000000000000000000e+00,0.000000000000000000e+00,1.000000000000000056e-01
9.930541074224604747e-01,1.172860333346526368e-01,-9.355539321869171462e-03,8.123909882085348499e+01,-1.174467968703208770e-01,9.928966711267257494e-01,-1.903812938206225422e-02,4.594799331172913170e+00,7.056177171945102536e-03,2.000467070684501872e-02,9.997749864412636134e-01,1.969355243638132524e+00,0.000000000000000000e+00,0.000000000000000000e+00,0.000000000000000000e+00,1.000000000000000056e-01
