1.000000000000000000e+00,-5.212522557860600290e-11,3.512834454493680964e-11,2.789799247805892358e-18,5.212522557902305702e-11,1.000000000000000000e+00,-1.187235849090891636e-11,1.238118402117064639e-17,-3.512834454431796222e-11,1.187235849273999051e-11,1.000000000000000000e+00,-1.142336347237387743e-17,0.000000000000000000e+00,0.000000000000000000e+00,0.000000000000000000e+00,1.000000000000000056e-01
9.999918448036871910e-01,-4.035905687604060717e-03,-1.476191014387577679e-04,6.556258510392759531e-01,4.035454396059114275e-03,9.999875375844869962e-01,-2.939350869088065699e-03,7.035264167975723015e-03,1.594802046385944655e-04,2.938731187952852916e-03,9.999956692031567451e-01,2.036228037770738096e-03,0.000000000000000000e+00,0.000000000000000000e+00,0.000000000000000000e+00,1.000000000000000056e-01
9.999527925123627980e-01,-9.443589349283182735e-03,-2.287218163978762576e-03,1.325920587582331223e+00,9.440351418530378361e-03,9.999544273096389047e-01,-1.422346282313055859e-03,9.475500524060704102e-03,2.300545983496231697e-03,1.400686993679712243e-03,9.999963727754833664e-01,6.195827106648423704e-03,0.000000000000000000e+00,0.000000000000000000e+00,0.000000000000000000e+00,1.000000000000000056e-01
9.998838960627944861e-01,-1.507731013403051934e-02,-2.206606763559109015e-03,2.043408508680566449e+00,1.507559823286463291e-02,9.998860443134193199e-01,-7.903955870793992521e-04,4.510266740443412718e-04,2.218272347565319706e-03,7.570379020144505549e-04,9.999972530769306589e-01,4.865001757309188324e-03,0.000000000000000000e+00,0.000000000000000000e+00,0.000000000000000000e+00,1.000000000000000056e-01
9.997877777138454158e-01,-2.016339449675599513e-02,-4.223393940744359781e-03,2.738284362469410205e+00,2.016439370168186460e-02,9.997966590951082866e-01,1.941363012165147023e-04,8.837427068125035257e-03,4.218620705171165566e-03,-2.792572793453118964e-04,9.999910625874202097e-01,1.011068910422392372e-02,0.000000000000000000e+00,0.000000000000000000e+00,0.000000000000000000e+00,1.000000000000000056e-01
9.996802960396738991e-01,-2.455481241607012505e-02,-6.030497263203307354e-03,3.444255200661559879e+00,2.455412300798270886e-02,9.996984843293936773e-01,-1.883422997446865981e-04,1.065263928270966144e-02,6.033303683617145807e-03,4.020851436556421203e-05,9.999817986493236832e-01,2.483574235208656222e-02,0.000000000000000000e+00,0.000000000000000000e+00,0.000000000000000000e+00,1.000000000000000056e-01
9.995120878334610159e-01,-3.030734914149505257e-02,-7.553202156116706548e-03,4.165172347796392671e+00,3.030811030383372476e-02,9.995406036085966450e-01,-1.369572700833360365e-05,4.558642808309725653e-02,7.550147323482834377e-03,-2.152342393982431654e-04,9.999714740679435110e-01,4.306106824262545540e-02,0.000000000000000000e+00,0.000000000000000000e+00,0.000000000000000000e+00,1.000000000000000056e-01
9.993575431637342632e-01,-3.485878443180381175e-02,-8.328629520032644271e-03,4.933992023883663869e+00,3.488665630656161837e-02,9.993860719717928554e-01,3.224958997937985711e-03,7.409303948745088464e-02,8.211098190423217133e-03,-3.513445136553145984e-03,9.999601159895227243e-01,5.491395645719492763e-02,0.000000000000000000e+00,0.000000000000000000e+00,0.000000000000000000e+00,1.000000000000000056e-01
9.992573534780384570e-01,-3.793526051876167787e-02,-6.757035551195846555e-03,5.704658540761123220e+00,3.796174342480049951e-02,9.992718339018090701e-01,3.835101910632458810e-03,1.100937759107999542e-01,6.606629716887351712e-03,-4.088762635443912025e-03,9.999698167764339285e-01,5.998223489904511152e-02,0.000000000000000000e+00,0.000000000000000000e+00,0.000000000000000000e+00,1.000000000000000056e-01
9.990592762018792872e-01,-4.308627312886478822e-02,-4.912810075916436425e-03,6.498352802168008147e+00,4.310554191573438831e-02,9.990629662255940957e-01,3.886099930301980480e-03,1.647213034434017731e-01,4.740769043945007935e-03,-4.094213524267128167e-03,9.999803810697935891e-01,7.091244934635332342e-02,0.000000000000000000e+00,0.000000000000000000e+00,0.000000000000000000e+00,1.000000000000000056e-01
9.988200873849556460e-01,-4.846599886624044368e-02,-3.078959273378979646e-03,7.323873498200805798e+00,4.847392032568068748e-02,9.988211872943926206e-01,2.552422394393287063e-03,1.997462702313979599e-01,2.951624056194641302e-03,-2.698659985515009397e-03,9.999920025428771231e-01,9.099149350184311535e-02,0.000000000000000000e+00,0.000000000000000000e+00,0.000000000000000000e+00,1.000000000000000056e-01
9.987376789237627506e-01,-5.016611659525458539e-02,-2.531687920392151295e-03,8.140457716735189919e+00,5.017371109098645726e-02,9.987359065825349713e-01,3.031108397966312921e-03,2.468303483646811236e-01,2.376428693051674517e-03,-3.154306344241496370e-03,9.999922014386679603e-01,1.056926184376196648e-01,0.000000000000000000e+00,0.000000000000000000e+00,0.000000000000000000e+00,1.000000000000000056e-01
9.985778315148814421e-01,-5.321266650276394033e-02,-3.275138272312072985e-03,8.987816134892248954e+00,5.322291282251722516e-02,9.985777661907018210e-01,3.125127241358613330e-03,2.977953548824517349e-01,3.104183906257945800e-03,-3.294995182632922456e-03,9.999897534720155745e-01,1.142996357530121632e-01,0.000000000000000000e+00,0.000000000000000000e+00,0.000000000000000000e+00,1.000000000000000056e-01
9.985859501999718724e-01,-5.307662443727087509e-02,-2.995329959167989525e-03,9.668524894113231127e+00,5.309142238956907067e-02,9.985766410701794049e-01,5.098311254756631924e-03,3.802177602655806288e-01,2.720465377789819429e-03,-5.250128316804679451e-03,9.999825174575730502e-01,1.318582047987492123e-01,0.000000000000000000e+00,0.000000000000000000e+00,0.000000000000000000e+00,1.000000000000000056e-01
9.983179795855761096e-01,-5.787499115200418764e-02,-3.420092883037197627e-03,1.042312798765423132e+01,5.789291467891181930e-02,9.983082094066251244e-01,5.397171603543634427e-03,4.443263055085010516e-01,3.101945543268270697e-03,-5.586092596197951218e-03,9.999795865433220854e-01,1.383514926368266118e-01,0.000000000000000000e+00,0.000000000000000000e+00,0.000000000000000000e+00,1.000000000000000056e-01
9.981736367359428375e-01,-6.028161191235948541e-02,-3.939313466811512031e-03,1.125030505937766456e+01,6.029674712089944794e-02,9.981730967265324272e-01,3.843339433723143208e-03,4.957801291116072928e-01,3.700434025952613164e-03,-4.073847887708375790e-03,9.999848551610206471e-01,1.592803002279387092e-01,0.000000000000000000e+00,0.000000000000000000e+00,0.000000000000000000e+00,1.000000000000000056e-01
9.979666715389061693e-01,-6.353667734599320605e-02,-5.060941551547302845e-03,1.214210015212536931e+01,6.355983842950339857e-02,9.979676339755040315e-01,4.555049522213941611e-03,5.608909555771705024e-01,4.761243154098051232e-03,-4.867460237696239096e-03,9.999768189285499487e-01,1.720268809669663057e-01,0.000000000000000000e+00,0.000000000000000000e+00,0.000000000000000000e+00,1.000000000000000056e-01
9.978243636088834911e-01,-6.559356882253825072e-02,-6.634991910281654547e-03,1.304109307523991212e+01,6.563868017912105612e-02,9.978201066870335811e-01,6.826298808282599447e-03,6.392556760826378914e-01,6.172767035100549214e-03,-7.246959376168698487e-03,9.999546882368873790e-01,1.848447386190693043e-01,0.000000000000000000e+00,0.000000000000000000e+00,0.000000000000000000e+00,1.000000000000000056e-01
9.979719570191748490e-01,-6.287026567323016069e-02,-9.965073883100467392e-03,1.391638858056253625e+01,6.296838101399947207e-02,9.979668316659168203e-01,9.858290276077924866e-03,7.025211201827747942e-01,9.325019881693706256e-03,-1.046578180878431248e-02,9.999017508812237942e-01,1.903877010628501620e-01,0.000000000000000000e+00,0.000000000000000000e+00,0.000000000000000000e+00,1.000000000000000056e-01
9.969678538926188827e-01,-7.749560815385436729e-02,-7.037685813526173631e-03,1.488473182047997057e+01,7.755993323376694781e-02,9.969435670646163983e-01,9.379810512600957051e-03,7.906859107100233652e-01,6.289281478774902401e-03,-9.897211998484520268e-03,9.999312427027858829e-01,2.020237002954355654e-01,0.000000000000000000e+00,0.000000000000000000e+00,0.000000000000000000e+00,1.000000000000000056e-01
9.965943389239427797e-01,-8.221278466766229753e-02,-6.386052140257483280e-03,1.584628823756871974e+01,8.225951087679964080e-02,9.965832073312897998e-01,7.435303328660027022e-03,8.874887916870015658e-01,5.752955332624771177e-03,-7.935294731016249992e-03,9.999519661476108379e-01,2.127899293953436910e-01,0.000000000000000000e+00,0.000000000000000000e+00,0.000000000000000000e+00,1.000000000000000056e-01
9.964506705445830281e-01,-8.398856850050467893e-02,-5.655221700943921168e-03,1.675460136967393865e+01,8.402931079859757291e-02,9.964358093762540891e-01,7.399508051365639993e-03,9.810778016948958902e-01,5.013591323940053135e-03,-7.848449141426922654e-03,9.999566319336609110e-01,2.310502021035611420e-01,0.000000000000000000e+00,0.000000000000000000e+00,0.000000000000000000e+00,1.000000000000000056e-01
9.962257885154011117e-01,-8.667598514750728123e-02,-4.631619109601619461e-03,1.764647910383501284e+01,8.671120498191513259e-02,9.962010605646465233e-01,8.038274718983181785e-03,1.070531436722520713e+00,3.917298488962446534e-03,-8.409549844233256757e-03,9.999569661960286959e-01,2.532985892332511035e-01,0.000000000000000000e+00,0.000000000000000000e+00,0.000000000000000000e+00,1.000000000000000056e-01
9.961674182601354399e-01,-8.733542235364907813e-02,-4.795706334423589789e-03,1.855556714157414433e+01,8.736899867144790055e-02,9.961492276938425094e-01,7.305767318342068321e-03,1.155689004278332987e+00,4.139186886917636116e-03,-7.696763428283000773e-03,9.999618127531891831e-01,2.563443962507482854e-01,0.000000000000000000e+00,0.000000000000000000e+00,0.000000000000000000e+00,1.000000000000000056e-01
9.959657387748327428e-01,-8.959497573960538419e-02,-4.998750736041871270e-03,1.949333209424227320e+01,8.961624721289325468e-02,9.959674845198923654e-01,4.206900830258770985e-03,1.241761271814857182e+00,4.601676018491622153e-03,-4.637898375077893764e-03,9.999786570104800543e-01,2.734420575763196748e-01,0.000000000000000000e+00,0.000000000000000000e+00,0.000000000000000000e+00,1.000000000000000056e-01
9.958165306211245182e-01,-9.131805504638144944e-02,-3.232671380299679230e-03,2.042478579521377569e+01,9.132516643635264775e-02,9.958188584386343800e-01,2.124889020072599864e-03,1.326112264459668344e+00,3.025114391134830008e-03,-2.411223863763519142e-03,9.999925173132043765e-01,2.909605298488966429e-01,0.000000000000000000e+00,0.000000000000000000e+00,0.000000000000000000e+00,1.000000000000000056e-01
9.959175726979464516e-01,-9.025952418906636743e-02,1.186037349323981879e-03,2.134751464975420987e+01,9.025637337166232677e-02,9.959154636029777796e-01,2.485240885882338512e-03,1.422922829829825764e+00,-1.405509596457394208e-03,-2.368047640804310516e-03,9.999962084393846373e-01,2.980235322842629819e-01,0.000000000000000000e+00,0.000000000000000000e+00,0.000000000000000000e+00,1.000000000000000056e-01
9.957934444133008656e-01,-9.154640265959444745e-02,3.830433863362587860e-03,2.229625705734642693e+01,9.154527635097230165e-02,9.958008047217039582e-01,4.687146582200814792e-04,1.517411491024631021e+00,-3.857258264403600704e-03,-1.160848573903275945e-04,9.999925540137724056e-01,3.069418283857821561e-01,0.000000000000000000e+00,0.000000000000000000e+00,0.000000000000000000e+00,1.000000000000000056e-01
9.958484500072959378e-01,-9.071089030725569546e-02,7.576212624466663846e-03,2.327368947876147942e+01,9.071100244258502310e-02,9.958772039977016322e-01,3.295354023764931767e-04,1.612088419912369952e+00,-7.574869895083282366e-03,3.590785222043777012e-04,9.999712457909414320e-01,3.173771656083834714e-01,0.000000000000000000e+00,0.000000000000000000e+00,0.000000000000000000e+00,1.000000000000000056e-01
9.960247805302591129e-01,-8.862589887129593280e-02,8.949112743954337756e-03,2.420636232684551814e+01,8.864367107140017077e-02,9.960621027824750895e-01,-1.608409008765069497e-03,1.708608415687444593e+00,-8.771325363626108346e-03,2.395297436414083915e-03,9.999586623463774249e-01,3.273849091796043886e-01,0.000000000000000000e+00,0.000000000000000000e+00,0.000000000000000000e+00,1.000000000000000056e-01
9.960739475744109228e-01,-8.826819059497612030e-02,6.739250152551608947e-03,2.516349863457767810e+01,8.829135087599793152e-02,9.960894898303102041e-01,-3.219566754042398494e-03,1.788345022170163112e+00,-6.428710914414909050e-03,3.801944066038400686e-03,9.999721080596686296e-01,3.319165861285003905e-01,0.000000000000000000e+00,0.000000000000000000e+00,0.000000000000000000e+00,1.000000000000000056e-01
9.963723472893359911e-01,-8.508165662598264622e-02,1.804788884399904751e-03,2.610684620713782778e+01,8.508899039746588289e-02,9.963633063951111701e-01,-4.474972909621862879e-03,1.889834929590395118e+00,-1.417487311698811120e-03,4.612306926070281268e-03,9.999883586095094090e-01,3.335655839170271197e-01,0.000000000000000000e+00,0.000000000000000000e+00,0.000000000000000000e+00,1.000000000000000056e-01
9.964022063711918120e-01,-8.475047058842431758e-02,-2.955776562338374453e-05,2.706050885041083731e+01,8.474901035979727493e-02,9.963869683364235952e-01,-5.533043681892476154e-03,1.976084608244117247e+00,4.983790283069770627e-04,5.510631941200817147e-03,9.999846921598114502e-01,3.415604703514201756e-01,0.000000000000000000e+00,0.000000000000000000e+00,0.000000000000000000e+00,1.000000000000000056e-01
9.964846107963885036e-01,-8.371604160419042484e-02,3.169357047666912768e-03,2.803926550867757328e+01,8.373872010963472057e-02,9.964566822519081990e-01,-7.868109678941101123e-03,2.058290080386998344e+00,-2.499440011361308504e-03,8.105848113864997859e-03,9.999640233658331212e-01,3.482114518037347506e-01,0.000000000000000000e+00,0.000000000000000000e+00,0.000000000000000000e+00,1.000000000000000056e-01
9.964753053331487642e-01,-8.339297034247050711e-02,9.087263541226735242e-03,2.904049890526887623e+01,8.347719071689024828e-02,9.964661066495096309e-01,-9.319706475208388782e-03,2.135760305012041727e+00,-8.277952115336658506e-03,1.004543658722423065e-02,9.999152787674304710e-01,3.650991176267313065e-01,0.000000000000000000e+00,0.000000000000000000e+00,0.000000000000000000e+00,1.000000000000000056e-01
9.966080640542668290e-01,-8.149952534954592320e-02,1.141025984827526152e-02,2.998225677459835481e+01,8.163067215542214872e-02,9.965958100660528007e-01,-1.154230142744565139e-02,2.206892501125234940e+00,-1.043072506877783245e-02,1.243457786122014429e-02,9.998682819491540030e-01,3.691583131377986771e-01,0.000000000000000000e+00,0.000000000000000000e+00,0.000000000000000000e+00,1.000000000000000056e-01
9.964939058324958632e-01,-8.300336238688239832e-02,1.050416446790337216e-02,3.088611519159237417e+01,8.319510523274185887e-02,9.963450884009842357e-01,-1.936593102714159048e-02,2.272033287334353613e+00,-8.858335284346458005e-03,2.017192731760829305e-02,9.997572821661682152e-01,3.801552412765550892e-01,0.000000000000000000e+00,0.000000000000000000e+00,0.000000000000000000e+00,1.000000000000000056e-01
9.964988496538227380e-01,-8.316816592428340205e-02,8.549784523527661703e-03,3.182092261799828492e+01,8.334790695136475025e-02,9.962453876676983233e-01,-2.341482346002604284e-02,2.350143785632599513e+00,-6.570315474505853195e-03,2.404545128768449322e-02,9.996892753385608898e-01,3.875455329077899247e-01,0.000000000000000000e+00,0.000000000000000000e+00,0.000000000000000000e+00,1.000000000000000056e-01
9.966811808350102275e-01,-8.125491082402176712e-02,4.925772661212031445e-03,3.278936810626471043e+01,8.135398221511085104e-02,9.963651365415601147e-01,-2.525953804529667418e-02,2.419270497095563854e+00,-2.855406638834643174e-03,2.557643742780908030e-02,9.996687914011461729e-01,3.861566822312054725e-01,0.000000000000000000e+00,0.000000000000000000e+00,0.000000000000000000e+00,1.000000000000000056e-01
9.965334143040187609e-01,-8.300699858647089813e-02,5.567078339712816515e-03,3.373507761406665395e+01,8.312384635575462144e-02,9.962047623685502673e-01,-2.581661482931357776e-02,2.498445481609802510e+00,-3.402990243856414063e-03,2.618987628618835856e-02,9.996511941860092287e-01,3.874828259071135261e-01,0.000000000000000000e+00,0.000000000000000000e+00,0.000000000000000000e+00,1.000000000000000056e-01
9.965117009582784569e-01,-8.318371894404311129e-02,6.700653391805097905e-03,3.469679360039630467e+01,8.333267481958978040e-02,9.961732359409682935e-01,-2.635430329779829550e-02,2.589286698065162540e+00,-4.482762613743187727e-03,2.682075497703741845e-02,9.996302075976948309e-01,4.027136169671796662e-01,0.000000000000000000e+00,0.000000000000000000e+00,0.000000000000000000e+00,1.000000000000000056e-01
9.964444367781248868e-01,-8.394669887044516055e-02,7.171900911209524651e-03,3.566855546040320490e+01,8.410172294925381820e-02,9.961413440674160569e-01,-2.508630775002095373e-02,2.671893465450519756e+00,-5.038314290748257401e-03,2.560028102026638483e-02,9.996595625515674044e-01,4.042638390932880577e-01,0.000000000000000000e+00,0.000000000000000000e+00,0.000000000000000000e+00,1.000000000000000056e-01
9.965184497400214614e-01,-8.315167409565520085e-02,6.064521649249992978e-03,3.663147053855819024e+01,8.327370718166053620e-02,9.962411674480744495e-01,-2.385426531924151120e-02,2.749894657779899276e+00,-4.058204032246074018e-03,2.427623069563419542e-02,9.996970519128507426e-01,4.203636497480510714e-01,0.000000000000000000e+00,0.000000000000000000e+00,0.000000000000000000e+00,1.000000000000000056e-01
9.963243101089950260e-01,-8.526498271505297821e-02,8.231148670552763252e-03,3.762247858522734845e+01,8.543644225161683980e-02,9.960687755179097325e-01,-2.340104214854969722e-02,2.847151049319104565e+00,-6.203500723073043961e-03,2.401826723254144730e-02,9.996922723608125949e-01,4.311615066197109769e-01,0.000000000000000000e+00,0.000000000000000000e+00,0.000000000000000000e+00,1.000000000000000056e-01
9.964754986507760037e-01,-8.311354726839662033e-02,1.134543296447457043e-02,3.860805257165532822e+01,8.335841058339632514e-02,9.962506051971989907e-01,-2.315398516939611365e-02,2.934756377077345935e+00,-9.378484616253684666e-03,2.401811617672573382e-02,9.996675317932577354e-01,4.529382400313917145e-01,0.000000000000000000e+00,0.000000000000000000e+00,0.000000000000000000e+00,1.000000000000000056e-01
9.965121925640034739e-01,-8.244081068819544833e-02,1.292140876048639662e-02,3.960036882378004464e+01,8.266754578184301594e-02,9.964123843783229129e-01,-1.812283454408464625e-02,3.023591638727445741e+00,-1.138099054078082865e-02,1.912780673727386763e-02,9.997522693466277532e-01,4.572191340276074989e-01,0.000000000000000000e+00,0.000000000000000000e+00,0.000000000000000000e+00,1.000000000000000056e-01
9.963785412254360097e-01,-8.427230843550197192e-02,1.131285182541097271e-02,4.059607912077040481e+01,8.448357387200323976e-02,9.962298131303589654e-01,-1.971510020425319004e-02,3.106394046112405771e+00,-9.608763254750960978e-03,2.059945293452222076e-02,9.997416337271908260e-01,4.705996518211838509e-01,0.000000000000000000e+00,0.000000000000000000e+00,0.000000000000000000e+00,1.000000000000000056e-01
9.963624124051173592e-01,-8.462773108364768371e-02,1.000451287612950414e-02,4.160224884885538188e+01,8.477741569429519952e-02,9.962773697020532726e-01,-1.562665696030232643e-02,3.186079361436314983e+00,-8.644821250407748806e-03,1.641797037371260648e-02,9.998278438383061406e-01,4.950016463637523789e-01,0.000000000000000000e+00,0.000000000000000000e+00,0.000000000000000000e+00,1.000000000000000056e-01
9.962815654702998902e-01,-8.577041514846578396e-02,8.153415806174030972e-03,4.262683624196193222e+01,8.588104711976066175e-02,9.962019677610404189e-01,-1.435566698709862983e-02,3.246855900949440876e+00,-6.891157352867965935e-03,1.500251026631395888e-02,9.998637090304093311e-01,4.989579411018453259e-01,0.000000000000000000e+00,0.000000000000000000e+00,0.000000000000000000e+00,1.000000000000000056e-01
9.963499648723005420e-01,-8.477517061844849766e-02,9.995896436955378772e-03,4.364619844064301901e+01,8.492125065450312205e-02,9.962712951670639194e-01,-1.522785649446832361e-02,3.336233218165391534e+00,-8.667680557129572166e-03,1.602113831018309176e-02,9.998340834563530510e-01,5.106956676818308338e-01,0.000000000000000000e+00,0.000000000000000000e+00,0.000000000000000000e+00,1.000000000000000056e-01
9.964374162486907549e-01,-8.365447007867310436e-02,1.069603363353423611e-02,4.463673311057824122e+01,8.383900083694251215e-02,9.963138790580114978e-01,-1.815699135432692971e-02,3.426529563098771991e+00,-9.137693269992183676e-03,1.898905032470918700e-02,9.997779346082155127e-01,5.274305408842931975e-01,0.000000000000000000e+00,0.000000000000000000e+00,0.000000000000000000e+00,1.000000000000000056e-01
9.962738477002434090e-01,-8.542203506124647350e-02,1.189522234123054599e-02,4.561759175869092076e+01,8.561720267781657012e-02,9.961831009825137251e-01,-1.699776227885746449e-02,3.522656268312117422e+00,-1.039783603341622696e-02,1.795286168993821124e-02,9.997847667187994558e-01,5.372172717158756328e-01,0.000000000000000000e+00,0.000000000000000000e+00,0.000000000000000000e+00,1.000000000000000056e-01
9.956084584324946807e-01,-9.302448720904599178e-02,1.049963223954055239e-02,4.652971828227497753e+01,9.318642816727099043e-02,9.955174991686778219e-01,-1.616163526279570939e-02,3.596742805535309451e+00,-8.949139796517027734e-03,1.706908399521298719e-02,9.998142623850025945e-01,5.470501341068441103e-01,0.000000000000000000e+00,0.000000000000000000e+00,0.000000000000000000e+00,1.000000000000000056e-01
9.958405924175569579e-01,-9.093465799147228135e-02,5.692316700890067555e-03,4.747701422485121014e+01,9.101543644272162836e-02,9.957200036547319000e-01,-1.605816461995835873e-02,3.695361053065693291e+00,-4.207709898527475095e-03,1.650946085717968845e-02,9.998548559064035501e-01,5.447234260619870927e-01,0.000000000000000000e+00,0.000000000000000000e+00,0.000000000000000000e+00,1.000000000000000056e-01
9.960032961915112892e-01,-8.921616881565370971e-02,4.231925980154321518e-03,4.842657181414403311e+01,8.927980309775544743e-02,9.958338505709094512e-01,-1.854882249474341244e-02,3.789070677497203832e+00,-2.559440265125525332e-03,1.885251386346814551e-02,9.998189996127083701e-01,5.474908313322141007e-01,0.000000000000000000e+00,0.000000000000000000e+00,0.000000000000000000e+00,1.000000000000000056e-01
9.961583749101241558e-01,-8.736275710386685878e-02,6.020030534090978908e-03,4.939917082911899371e+01,8.746050270833911899e-02,9.959954773988047849e-01,-1.853832428057059639e-02,3.897904279311487308e+00,-4.376364064521119993e-03,1.899362188572124854e-02,9.998100268377173583e-01,5.579403553511923519e-01,0.000000000000000000e+00,0.000000000000000000e+00,0.000000000000000000e+00,1.000000000000000056e-01
9.962437643996602255e-01,-8.627467515220035854e-02,7.419051298961535507e-03,5.041607221142105288e+01,8.639438425859558013e-02,9.961037088166276865e-01,-1.770343611667116179e-02,3.998283050118077497e+00,-5.862786314752869640e-03,1.827790220843809876e-02,9.998157560408249545e-01,5.804277556438151020e-01,0.000000000000000000e+00,0.000000000000000000e+00,0.000000000000000000e+00,1.000000000000000056e-01
9.963506623877883550e-01,-8.504691925604386527e-02,7.237339599013721189e-03,5.136058968851489936e+01,8.517105046135566015e-02,9.961843416459263967e-01,-1.904336164602914855e-02,4.087014155165534568e+00,-5.590145143437993611e-03,1.959027780630490795e-02,9.997924641108009158e-01,5.866927306254517971e-01,0.000000000000000000e+00,0.000000000000000000e+00,0.000000000000000000e+00,1.000000000000000056e-01
9.964652005861920347e-01,-8.376820349103085428e-02,6.323931103778384841e-03,5.231645444090843711e+01,8.388210300555394572e-02,9.962619018620993971e-01,-2.064014761280377752e-02,4.177134171521761807e+00,-4.571303543380877271e-03,2.109765347136829255e-02,9.997669689492229006e-01,6.014419847708817324e-01,0.000000000000000000e+00,0.000000000000000000e+00,0.000000000000000000e+00,1.000000000000000056e-01
9.964236470277560986e-01,-8.429587496067532382e-02,5.841327633322970780e-03,5.329995142449933354e+01,8.440750564912395670e-02,9.961739611063573641e-01,-2.264535722312004118e-02,4.268277618409642926e+00,-3.910068285687415615e-03,2.305742132771570335e-02,9.997264959416237717e-01,6.224747768238377832e-01,0.000000000000000000e+00,0.000000000000000000e+00,0.000000000000000000e+00,1.000000000000000056e-01
9.964026579769377223e-01,-8.448506684427639635e-02,6.634505016337550846e-03,5.425707309596270989e+01,8.462361643359239682e-02,9.961112824898896712e-01,-2.451849175718985932e-02,4.350366544133994040e+00,-4.537258885482579364e-03,2.499172616417890888e-02,9.996773614047388401e-01,6.213856288893699897e-01,0.000000000000000000e+00,0.000000000000000000e+00,0.000000000000000000e+00,1.000000000000000056e-01
9.963057424415725505e-01,-8.517062026288221843e-02,1.099240746983470851e-02,5.520643163154105793e+01,8.544122255752792383e-02,9.959748655952495033e-01,-2.708993522324481054e-02,4.425884177914499951e+00,-8.640894966491778628e-03,2.792906275836220739e-02,9.995725598412641411e-01,6.372814081532195418e-01,0.000000000000000000e+00,0.000000000000000000e+00,0.000000000000000000e+00,1.000000000000000056e-01
9.960676031155771826e-01,-8.726267265188415723e-02,1.531522070488153600e-02,5.615572474978979045e+01,8.764194449759853123e-02,9.958090010826845528e-01,-2.614044619714580783e-02,4.516333067876676211e+00,-1.296994943201320444e-02,2.737990731094842520e-02,9.995409551826152095e-01,6.621731287952349332e-01,0.000000000000000000e+00,0.000000000000000000e+00,0.000000000000000000e+00,1.000000000000000056e-01
9.958979548455013653e-01,-8.904417249578408522e-02,1.607479017246832287e-02,5.711244673012082274e+01,8.940114701069151737e-02,9.957288864489370894e-01,-2.305254008417507994e-02,4.593771898013033983e+00,-1.395343856261093904e-02,2.439508220319876186e-02,9.996050127508258054e-01,6.584996225874749642e-01,0.000000000000000000e+00,0.000000000000000000e+00,0.000000000000000000e+00,1.000000000000000056e-01
9.958918354135395390e-01,-8.987308302217403289e-02,1.105807870928987580e-02,5.800747992911828987e+01,9.011291066066409727e-02,9.956533946945320679e-01,-2.353680023956982933e-02,4.678667492129309657e+00,-8.894688803696610552e-03,2.443658284915586551e-02,9.996618117792345215e-01,6.695092911977409411e-01,0.000000000000000000e+00,0.000000000000000000e+00,0.000000000000000000e+00,1.000000000000000056e-01
9.957028738370059529e-01,-9.240833774610575369e-02,6.040376455897243646e-03,5.893665601435107959e+01,9.252060851135464337e-02,9.954641835312728615e-01,-2.215843647699192870e-02,4.758504982332481426e+00,-3.965354134999774308e-03,2.262207818521287661e-02,9.997362239836896647e-01,6.830425983545804769e-01,0.000000000000000000e+00,0.000000000000000000e+00,0.000000000000000000e+00,1.000000000000000056e-01
9.957044952398548254e-01,-9.256148290206629714e-02,2.220369815224441153e-03,5.988491285742015435e+01,9.258791408735987660e-02,9.954653966313833369e-01,-2.182022627000684140e-02,4.862323576412729942e+00,-1.905888179702941443e-04,2.193207679389075349e-02,9.997594449083285761e-01,6.952860582836164483e-01,0.000000000000000000e+00,0.000000000000000000e+00,0.000000000000000000e+00,1.000000000000000056e-01
9.956687239924818522e-01,-9.294988184386622498e-02,2.027690408885323130e-03,6.078982753671907346e+01,9.297136350985731046e-02,9.955055771114539320e-01,-1.802696610938760852e-02,4.956462867825623952e+00,-3.429727408297847608e-04,1.813740348567960403e-02,9.998354449430649771e-01,7.036427026025775522e-01,0.000000000000000000e+00,0.000000000000000000e+00,0.000000000000000000e+00,1.000000000000000056e-01
9.955003280685088551e-01,-9.473106746923420918e-02,2.263111051326631689e-03,6.172974035870709031e+01,9.475575607570457803e-02,9.953596430447003707e-01,-1.674896081696223768e-02,5.051779321948863810e+00,-6.659624710277831615e-04,1.688803878684424706e-02,9.998571651190589771e-01,7.210280375758775229e-01,0.000000000000000000e+00,0.000000000000000000e+00,0.000000000000000000e+00,1.000000000000000056e-01
9.953488820692116823e-01,-9.625314308592428092e-02,3.991918041620473243e-03,6.261319727323315476e+01,9.629995906430646735e-02,9.952546720438314454e-01,-1.394473589346058306e-02,5.141130000932005117e+00,-2.630750422090153036e-03,1.426429882630252111e-02,9.998947989319729723e-01,7.421421248418960115e-01,0.000000000000000000e+00,0.000000000000000000e+00,0.000000000000000000e+00,1.000000000000000056e-01
9.952169335213818524e-01,-9.761853340772624898e-02,3.725207057606112065e-03,6.343826379097784240e+01,9.765717472399124133e-02,9.951453420541375161e-01,-1.219936116694044469e-02,5.233660832744857494e+00,-2.516238705936028018e-03,1.250480400798997978e-02,9.999186459005034999e-01,7.575430730097960641e-01,0.000000000000000000e+00,0.000000000000000000e+00,0.000000000000000000e+00,1.000000000000000056e-01
9.949825174112935100e-01,-9.992313632487410946e-02,5.015662756372804391e-03,6.425591360803684893e+01,9.997282933910815739e-02,9.949305327046357172e-01,-1.089350659812804607e-02,5.321107315319297371e+00,-3.901722673204131592e-03,1.134027861520735779e-02,9.999280847346527779e-01,7.692114005946141253e-01,0.000000000000000000e+00,0.000000000000000000e+00,0.000000000000000000e+00,1.000000000000000056e-01
9.950179572539008532e-01,-9.952277760146466257e-02,5.872093388548219745e-03,6.504485171029200785e+01,9.958611213225587733e-02,9.949599883521080823e-01,-1.171442908359821532e-02,5.407522442817359831e+00,-4.676645449057353909e-03,1.224084624780062171e-02,9.999141416494126133e-01,7.834402499247996587e-01,0.000000000000000000e+00,0.000000000000000000e+00,0.000000000000000000e+00,1.000000000000000056e-01
9.949325045863411932e-01,-1.003824843489914409e-01,5.715606133622004766e-03,6.584005450520258762e+01,1.004478215542726205e-01,9.948625048947915550e-01,-1.260283696085230318e-02,5.489006652314347257e+00,-4.421138151111575314e-03,1.311309232733866292e-02,9.999042455890780889e-01,7.955987860506837928e-01,0.000000000000000000e+00,0.000000000000000000e+00,0.000000000000000000e+00,1.000000000000000056e-01
9.949437028275440742e-01,-1.002209039300876042e-01,6.542065365907294601e-03,6.658389777879757787e+01,1.003004383941259042e-01,9.948691190456200317e-01,-1.323850547977773948e-02,5.567270844441873479e+00,-5.181723821452309010e-03,1.382773968615632482e-02,9.998909657324692724e-01,8.120901377574966107e-01,0.000000000000000000e+00,0.000000000000000000e+00,0.000000000000000000e+00,1.000000000000000056e-01
9.949583555027600168e-01,-9.997726942436470365e-02,7.900405919413398814e-03,6.738364346016439299e+01,1.000679691767606821e-01,9.949074275016429603e-01,-1.206698996858882912e-02,5.659954035454457077e+00,-6.653747822271625575e-03,1.279673007104320005e-02,9.998959802596500968e-01,8.136702230795890278e-01,0.000000000000000000e+00,0.000000000000000000e+00,0.000000000000000000e+00,1.000000000000000056e-01
9.946938982185945521e-01,-1.022158504927306449e-01,1.166056408343939255e-02,6.812948148706908569e+01,1.023497952098524483e-01,9.946816025772747816e-01,-1.153381614235359648e-02,5.738314641272021177e+00,-1.041960974305304946e-02,1.266607288594563327e-02,9.998654921190401890e-01,8.215069068937592700e-01,0.000000000000000000e+00,0.000000000000000000e+00,0.000000000000000000e+00,1.000000000000000056e-01
9.945123282168436551e-01,-1.035777035735951784e-01,1.472712962981608149e-02,6.885788359657617264e+01,1.037450825733131493e-01,9.945420461867555684e-01,-1.109397171971666755e-02,5.820222159358857006e+00,-1.349766152225622025e-02,1.256095892366040044e-02,9.998300032727307496e-01,8.344003812717959434e-01,0.000000000000000000e+00,0.000000000000000000e+00,0.000000000000000000e+00,1.000000000000000056e-01
9.944612016827131251e-01,-1.045616537369134930e-01,1.066672000082617526e-02,6.954877757105089131e+01,1.046402559993938747e-01,9.944848189380172121e-01,-7.096599622380289976e-03,5.902964483278252850e+00,-9.865858916259307929e-03,8.173461299893696602e-03,9.999179263110665739e-01,8.473993584069601237e-01,0.000000000000000000e+00,0.000000000000000000e+00,0.000000000000000000e+00,1.000000000000000056e-01
9.944634334873778680e-01,-1.049364086975750343e-01,5.552439657574070875e-03,7.024852390678479708e+01,1.049803695690737226e-01,9.944394298066059346e-01,-8.327211481233245255e-03,5.983296622311732982e+00,-4.647737259807714280e-03,8.864004488264833059e-03,9.999499127270304877e-01,8.487160414576875311e-01,0.000000000000000000e+00,0.000000000000000000e+00,0.000000000000000000e+00,1.000000000000000056e-01
9.945117774576698322e-01,-1.046095940240918259e-01,1.776889445296644422e-03,7.100048287220691634e+01,1.046219843806153321e-01,9.944646853734318004e-01,-9.707210175097569227e-03,6.064920527465432087e+00,-7.515864876368092383e-04,9.839836545183368310e-03,9.999513051816651954e-01,8.750898561680641174e-01,0.000000000000000000e+00,0.000000000000000000e+00,0.000000000000000000e+00,1.000000000000000056e-01
9.943065344995875021e-01,-1.065457055137464665e-01,1.589996225974751052e-03,7.173038790230346251e+01,1.065555280564658286e-01,9.942691433146266800e-01,-8.648126560484140773e-03,6.149444609390775085e+00,-6.594634397144528894e-04,8.768311637735351494e-03,9.999613401622060582e-01,8.838546437916945386e-01,0.000000000000000000e+00,0.000000000000000000e+00,0.000000000000000000e+00,1.000000000000000056e-01
9.941318579665107125e-01,-1.081144423476564781e-01,3.621647678693634687e-03,7.240944470262134303e+01,1.081387249405041800e-01,9.941085618035349070e-01,-7.360945397793025764e-03,6.239182387443854338e+00,-2.804486458391299009e-03,7.709390686855684301e-03,9.999663495092933063e-01,8.932476596021298176e-01,0.000000000000000000e+00,0.000000000000000000e+00,0.000000000000000000e+00,1.000000000000000056e-01
9.940274711390267859e-01,-1.089320584520495350e-01,6.572158119722186845e-03,7.302069683781894582e+01,1.089747069558385795e-01,9.940231230663183482e-01,-6.522580269497737539e-03,6.298455149363246797e+00,-5.822359044276798415e-03,7.199822975754307901e-03,9.999571304232383051e-01,9.077653384768482603e-01,0.000000000000000000e+00,0.000000000000000000e+00,0.000000000000000000e+00,1.000000000000000056e-01
9.939553423779448060e-01,-1.097314551410515371e-01,3.432944941281201260e-03,7.359112689695781739e+01,1.097552150586695308e-01,9.939285426779995714e-01,-7.735943214197236670e-03,6.355548528850489376e+00,-2.563225656799029365e-03,8.065965696398643206e-03,9.999641843944295783e-01,9.166437510438768532e-01,0.000000000000000000e+00,0.000000000000000000e+00,0.000000000000000000e+00,1.000000000000000056e-01
9.941390765194836332e-01,-1.081050947617643726e-01,8.860155406606236728e-04,7.422461914882327960e+01,1.081077128001500104e-01,9.940609021800076439e-01,-1.247578415128872131e-02,6.414793757711544586e+00,4.679424202077783496e-04,1.249844964862478758e-02,9.999217818340953023e-01,9.341374222902374402e-01,0.000000000000000000e+00,0.000000000000000000e+00,0.000000000000000000e+00,1.000000000000000056e-01
9.942143732389276956e-01,-1.073975231359911436e-01,-1.884693444707340182e-03,7.484100964297429925e+01,1.073508068241236929e-01,9.940780117464819154e-01,-1.687337655512611764e-02,6.471068697215883958e+00,3.685691161227747786e-03,1.657343013427365827e-02,9.998558581586889371e-01,9.541294845607812825e-01,0.000000000000000000e+00,0.000000000000000000e+00,0.000000000000000000e+00,1.000000000000000056e-01
9.947809431378437095e-01,-1.020073797146963251e-01,-2.317251286306982669e-03,7.542604455859694212e+01,1.019600249952337528e-01,9.946691600630608310e-01,-1.540828745891008669e-02,6.527069914683581331e+00,3.876657420180248600e-03,1.509160373144148928e-02,9.998786001430671755e-01,9.659049423188970085e-01,0.000000000000000000e+00,0.000000000000000000e+00,0.000000000000000000e+00,1.000000000000000056e-01
9.951609089614597004e-01,-9.824659206398611566e-02,-1.540267124273902045e-03,7.598467883931088807e+01,9.822163781165149654e-02,9.950939712201078979e-01,-1.185319817567274253e-02,6.606773460572285650e+00,2.697246855252396613e-03,1.164455191098917597e-02,9.999285620834090782e-01,9.679502530881888278e-01,0.000000000000000000e+00,0.000000000000000000e+00,0.000000000000000000e+00,1.000000000000000056e-01
9.958018212617427700e-01,-9.152297827587539680e-02,1.509045827563060705e-03,7.653202441006955326e+01,9.153538470893497758e-02,9.956802135518556529e-01,-1.556231626456722195e-02,6.647238922568012853e+00,-7.821753844323693725e-05,1.563511396967667832e-02,9.998777610754085998e-01,9.842036409917443995e-01,0.000000000000000000e+00,0.000000000000000000e+00,0.000000000000000000e+00,1.000000000000000056e-01
9.964719763181947298e-01,-8.379987848041209331e-02,4.602258052228861557e-03,7.708620248022495502e+01,8.386898025922495670e-02,9.963186136004835713e-01,-1.775427676612294919e-02,6.674209662048733449e+00,-3.097509126519613822e-03,1.807762594696898234e-02,9.998317882910767729e-01,9.974085731064785687e-01,0.000000000000000000e+00,0.000000000000000000e+00,0.000000000000000000e+00,1.000000000000000056e-01
9.971246702688365549e-01,-7.554851218729004281e-02,5.900359950956304139e-03,7.761533318100607914e+01,7.565441894658804511e-02,9.969240337575142608e-01,-2.046655345925860875e-02,6.708045985303158432e+00,-4.335992979480025183e-03,2.085409367326807734e-02,9.997731272353486132e-01,1.010195963823354415e+00,0.000000000000000000e+00,0.000000000000000000e+00,0.000000000000000000e+00,1.000000000000000056e-01
9.979741573468851046e-01,-6.327715006681609855e-02,6.601783637486657169e-03,7.809311165795614329e+01,6.338317767423028160e-02,9.978388818764307722e-01,-1.732450875238226648e-02,6.741594779877166488e+00,-5.491270863061441243e-03,1.770785404886907402e-02,9.998281241539930253e-01,1.020450850166529033e+00,0.000000000000000000e+00,0.000000000000000000e+00,0.000000000000000000e+00,1.000000000000000056e-01
9.987820195191134953e-01,-4.897537191061265144e-02,5.990862336785956338e-03,7.857736845328497566e+01,4.905228978990489735e-02,9.987056792237664071e-01,-1.344764487047796740e-02,6.773998139690739606e+00,-5.324504830342398007e-03,1.372513141694728205e-02,9.998916293358491858e-01,1.024521385411317320e+00,0.000000000000000000e+00,0.000000000000000000e+00,0.000000000000000000e+00,1.000000000000000056e-01
9.994912328129289536e-01,-3.148454745530013255e-02,5.098902002034607500e-03,7.904169058666906267e+01,3.152643503177619821e-02,9.994680034799772184e-01,-8.354275189107165239e-03,6.787619424524494960e+00,-4.833158830267506381e-03,8.510775010719721922e-03,9.999521024951336656e-01,1.022903852871188679e+00,0.000000000000000000e+00,0.000000000000000000e+00,0.000000000000000000e+00,1.000000000000000056e-01
9.999351603911064146e-01,-9.305416504172686620e-03,6.563858415304707830e-03,7.952357547946418492e+01,9.359115473476477959e-03,9.999225944990940418e-01,-8.198290538545550607e-03,6.807917611542151803e+00,-6.487061828472811750e-03,8.259190873453821011e-03,9.999448503767341956e-01,1.036229985043232160e+00,0.000000000000000000e+00,0.000000000000000000e+00,0.000000000000000000e+00,1.000000000000000056e-01
9.998488511884814356e-01,1.561515562741394060e-02,7.644716594193435959e-03,8.000243347067767274e+01,-1.553442746085419331e-02,9.998241175699197347e-01,-1.050787747334674428e-02,6.795538146304604510e+00,-7.807454164921679741e-03,1.038753292476377911e-02,9.999155678452054108e-01,1.049031865003035247e+00,0.000000000000000000e+00,0.000000000000000000e+00,0.000000000000000000e+00,1.000000000000000056e-01
9.989809737602098894e-01,4.420233157015371339e-02,9.119646312501897972e-03,8.047532157359053429e+01,-4.409070361578867892e-02,9.989542714892020170e-01,-1.209848453908002851e-02,6.789780188574122910e+00,-9.644890863437314416e-03,1.168406424322766986e-02,9.998852227745904653e-01,1.054245437844661071e+00,0.000000000000000000e+00,0.000000000000000000e+00,0.000000000000000000e+00,1.000000000000000056e-01
9.970417488474547785e-01,7.588508127347745602e-02,1.221497013204117868e-02,8.097624962084027800e+01,-7.573448447782965554e-02,9.970514991333155885e-01,-1.235297279546324761e-02,6.748777905005490574e+00,-1.311636062657311683e-02,1.139133513359148406e-02,9.998490878966624917e-01,1.058415298900239776e+00,0.000000000000000000e+00,0.000000000000000000e+00,0.000000000000000000e+00,1.000000000000000056e-01
