1.000000000000000000e+00,-2.401134861445996072e-12,1.050977586650532415e-12,1.611678028792773247e-19,2.401134861446327267e-12,1.000000000000000000e+00,-3.147895867156372213e-13,5.520604540518000592e-19,-1.050977586649776724e-12,3.147895867181607685e-13,1.000000000000000000e+00,-3.343789128832604430e-19,0.000000000000000000e+00,0.000000000000000000e+00,0.000000000000000000e+00,1.000000000000000056e-01
9.999970935574428177e-01,-2.268780303253396975e-03,-8.157895578017547965e-04,6.462950724912004397e-01,2.267590032629432026e-03,9.999963675604576219e-01,-1.457017959453177402e-03,1.709488631370852108e-02,8.190922481434005729e-04,1.455163848444179049e-03,9.999986057920596805e-01,6.593403679056124983e-03,0.000000000000000000e+00,0.000000000000000000e+00,0.000000000000000000e+00,1.000000000000000056e-01
9.999758006475996108e-01,-6.900209767771077647e-03,-8.861288579541479627e-04,1.299010268242433597e+00,6.899541303044561154e-03,9.999759126966272227e-01,-7.552194084307909316e-04,1.889759626454304633e-02,8.913186858383835825e-04,7.490872499549124054e-04,9.999993222094164524e-01,1.042835322070388357e-02,0.000000000000000000e+00,0.000000000000000000e+00,0.000000000000000000e+00,1.000000000000000056e-01
9.999237072041764485e-01,-1.194325390821618718e-02,-3.152531861896907227e-03,2.001015460443698935e+00,1.194280225526423572e-02,9.999286690624052953e-01,-1.620536283688889874e-04,2.352338364958269507e-02,3.154242436473757988e-03,1.243912002144526106e-04,9.999950176283286529e-01,1.658887800092198606e-02,0.000000000000000000e+00,0.000000000000000000e+00,0.000000000000000000e+00,1.000000000000000056e-01
9.998454896293246241e-01,-1.708053002866380052e-02,-4.153596253375755991e-03,2.705494487800947923e+00,1.707704571306651112e-02,9.998537955953848977e-01,-8.728935880937933010e-04,3.302900971895927212e-02,4.167898464451783198e-03,8.018275638894171130e-04,9.999909928069091736e-01,1.897885882283377110e-02,0.000000000000000000e+00,0.000000000000000000e+00,0.000000000000000000e+00,1.000000000000000056e-01
9.997466645535940666e-01,-2.214078167534311997e-02,-4.048765338746287273e-03,3.417110508829263704e+00,2.213960906252993716e-02,9.997548329509861054e-01,-3.342180489280053147e-04,3.938675282274482770e-02,4.055172563749310372e-03,2.444952978636188707e-04,9.999917478647148972e-01,3.632739088321017967e-02,0.000000000000000000e+00,0.000000000000000000e+00,0.000000000000000000e+00,1.000000000000000056e-01
9.996150546117404945e-01,-2.739990977502836447e-02,-4.357469206694615516e-03,4.159163966079291619e+00,2.740596776654210046e-02,9.996234922520306210e-01,1.336663246232080385e-03,6.780131774731933125e-02,4.319204133430400508e-03,-1.455569364502159665e-03,9.999896128427929742e-01,4.716081945069260789e-02,0.000000000000000000e+00,0.000000000000000000e+00,0.000000000000000000e+00,1.000000000000000056e-01
9.994659817747102437e-01,-3.233565714475350461e-02,-4.707074689384005937e-03,4.927043044991528120e+00,3.235168093119390742e-02,9.994708699941831087e-01,3.368794145809802642e-03,1.001440590643984663e-01,4.595651862436074021e-03,-3.519276926808940793e-03,9.999832471966076941e-01,5.710388913054081222e-02,0.000000000000000000e+00,0.000000000000000000e+00,0.000000000000000000e+00,1.000000000000000056e-01
9.993091303378134338e-01,-3.689859129328085241e-02,-4.444770416390058515e-03,5.697601292433355447e+00,3.691593253201834457e-02,9.993108238860176629e-01,3.884738027199748523e-03,1.416558358408566143e-01,4.298365826039837398e-03,-4.046137024362980381e-03,9.999825762614095170e-01,6.514956436977195620e-02,0.000000000000000000e+00,0.000000000000000000e+00,0.000000000000000000e+00,1.000000000000000056e-01
9.991986716300067517e-01,-3.997836485917261040e-02,-1.935188884017173712e-03,6.491115078691527707e+00,3.998644531327540108e-02,9.991908213373537073e-01,4.334368050003458740e-03,1.839138295294029113e-01,1.760342023127057804e-03,-4.408276122400610515e-03,9.999887340853347295e-01,7.638590150323719408e-02,0.000000000000000000e+00,0.000000000000000000e+00,0.000000000000000000e+00,1.000000000000000056e-01
9.990582776258908337e-01,-4.338775071187181420e-02,-2.469723728866134388e-04,7.288507824901418353e+00,4.338820697001283255e-02,9.990556062782465219e-01,2.314964347995061671e-03,2.204051687249442559e-01,1.462980376905321741e-04,-2.323499982703969118e-03,9.999972899686850880e-01,8.316676226679059480e-02,0.000000000000000000e+00,0.000000000000000000e+00,0.000000000000000000e+00,1.000000000000000056e-01
9.989359864192520755e-01,-4.611554984009809399e-02,5.010983348431697444e-04,8.096945539679392567e+00,4.611404115855671781e-02,9.989325550875589599e-01,2.691764155318083183e-03,2.713291265246003947e-01,-6.246956240373693946e-04,-2.665792412463212184e-03,9.999962516460704220e-01,9.754986847984981058e-02,0.000000000000000000e+00,0.000000000000000000e+00,0.000000000000000000e+00,1.000000000000000056e-01
9.988138370846891823e-01,-4.869180066126047035e-02,-1.655189534762312067e-04,8.927474225870595248e+00,4.869201706593412338e-02,9.988122855364142127e-01,1.762309727419271183e-03,3.060731484088491938e-01,7.951233027029049342e-05,-1.768278792682715338e-03,9.999984334327233215e-01,1.009399655553001596e-01,0.000000000000000000e+00,0.000000000000000000e+00,0.000000000000000000e+00,1.000000000000000056e-01
9.987063823218703673e-01,-5.083899682366036649e-02,-9.789338721429979850e-04,9.700698928027938095e+00,5.084105670888332956e-02,9.987043145029470548e-01,2.208878883677554365e-03,3.770006594997491467e-01,8.653682951711548109e-04,-2.255791471412650715e-03,9.999970812670161413e-01,1.185016026552491858e-01,0.000000000000000000e+00,0.000000000000000000e+00,0.000000000000000000e+00,1.000000000000000056e-01
9.985754164941363920e-01,-5.334523596251778549e-02,-1.193052247554960907e-03,1.050316533194799007e+01,5.334561531393638284e-02,9.985760672794556925e-01,2.884154529782649058e-04,4.395748908991671811e-01,1.175967831027986427e-03,-3.516486873286100209e-04,9.999992467211468172e-01,1.270071035297903050e-01,0.000000000000000000e+00,0.000000000000000000e+00,0.000000000000000000e+00,1.000000000000000056e-01
9.984412392311051709e-01,-5.580306537672604511e-02,-1.053421670493816199e-03,1.131009804928339690e+01,5.580289300202453256e-02,9.984417860526612065e-01,-1.923449415361226948e-04,4.969538629587742506e-01,1.062513651501846785e-03,1.332611450225804756e-04,9.999994266529393938e-01,1.502683271950920607e-01,0.000000000000000000e+00,0.000000000000000000e+00,0.000000000000000000e+00,1.000000000000000056e-01
9.982840479152903512e-01,-5.852124793977308420e-02,-2.055046820361112418e-03,1.216417174893536846e+01,5.852181737982101867e-02,9.982861059644478896e-01,2.180112426841343955e-04,5.463841913672203843e-01,2.038766397886138549e-03,-3.379022205659152549e-04,9.999978646245522018e-01,1.548319196975622425e-01,0.000000000000000000e+00,0.000000000000000000e+00,0.000000000000000000e+00,1.000000000000000056e-01
9.981958718039645184e-01,-5.992881770858023843e-02,-3.679445824441569205e-03,1.304149343633174674e+01,5.994168983980011772e-02,9.981957659565683372e-01,3.493801014523134803e-03,6.076284914767215994e-01,3.463427878914739858e-03,-3.708049949992520133e-03,9.999871274335965232e-01,1.696274752219418536e-01,0.000000000000000000e+00,0.000000000000000000e+00,0.000000000000000000e+00,1.000000000000000056e-01
9.983646518772498757e-01,-5.701681350528744335e-02,-4.135802185918547973e-03,1.392819761322680705e+01,5.704605503538375672e-02,9.983446010340889520e-01,7.335202177556277708e-03,6.698072409914559433e-01,3.710725928675461839e-03,-7.559137767558588364e-03,9.999645443460949412e-01,1.874604989852430570e-01,0.000000000000000000e+00,0.000000000000000000e+00,0.000000000000000000e+00,1.000000000000000056e-01
9.975260150453424401e-01,-7.016246841615603191e-02,-4.367760697554744047e-03,1.488592384852686479e+01,7.018399953479390052e-02,9.975215895283517931e-01,4.988450072959602945e-03,7.614858422709798180e-01,4.006933623014670952e-03,-5.282655637297313696e-03,9.999780187745921367e-01,1.914508733650008288e-01,0.000000000000000000e+00,0.000000000000000000e+00,0.000000000000000000e+00,1.000000000000000056e-01
9.972712076127113745e-01,-7.375547679026055181e-02,-3.204389196967106015e-03,1.582625351998833985e+01,7.375885212735965035e-02,9.972756553937742741e-01,9.480990307997841544e-04,8.420936151947420178e-01,3.125731840481078480e-03,-1.181863934319747449e-03,9.999944164834632110e-01,1.889311906455843071e-01,0.000000000000000000e+00,0.000000000000000000e+00,0.000000000000000000e+00,1.000000000000000056e-01
9.970659851668652873e-01,-7.653364275494575764e-02,-1.422234118091134612e-03,1.673082610907161794e+01,7.653668322185216977e-02,9.970642883312058613e-01,2.222848619207953499e-03,9.262633890797355996e-01,1.247936146674111495e-03,-2.325179830551036067e-03,9.999965180910028728e-01,2.046509861328629498e-01,0.000000000000000000e+00,0.000000000000000000e+00,0.000000000000000000e+00,1.000000000000000056e-01
9.970224714570913305e-01,-7.710376467965569802e-02,-1.095847534025290622e-03,1.760294732180158306e+01,7.710559489468075955e-02,9.970214146691405155e-01,1.739519210356746479e-03,1.001971582867033250e+00,9.584599787844971840e-04,-1.818835718281860189e-03,9.999978865933162320e-01,2.211553942960190478e-01,0.000000000000000000e+00,0.000000000000000000e+00,0.000000000000000000e+00,1.000000000000000056e-01
9.969677027182300977e-01,-7.779414514782977130e-02,-1.862986165582364295e-03,1.850190001039249310e+01,7.779580882468480063e-02,9.969689615619723444e-01,8.377418191644376991e-04,1.075478800665969903e+00,1.792167974228485103e-03,-9.801340525040385700e-04,9.999979137334193968e-01,2.239715738793517374e-01,0.000000000000000000e+00,0.000000000000000000e+00,0.000000000000000000e+00,1.000000000000000056e-01
9.967991287946894596e-01,-7.994588750384726272e-02,-3.897503948966630724e-04,1.941982428697030372e+01,7.994589215115202596e-02,9.967992046117997162e-01,-3.666030498859521196e-06,1.151515793119539888e+00,3.887959676919761315e-04,-2.750464702887959795e-05,9.999999240405920142e-01,2.339441624236302808e-01,0.000000000000000000e+00,0.000000000000000000e+00,0.000000000000000000e+00,1.000000000000000056e-01
9.966336590728006595e-01,-8.197666877633816296e-02,1.084149203283291639e-03,2.034519950615883488e+01,8.197910346253958758e-02,9.966310779579408141e-01,-2.433319516880739792e-03,1.215053494924350552e+00,-8.810213610731380297e-04,2.514005713506902145e-03,9.999964517820220111e-01,2.499410375323828926e-01,0.000000000000000000e+00,0.000000000000000000e+00,0.000000000000000000e+00,1.000000000000000056e-01
9.966579370384756054e-01,-8.158532239796700836e-02,4.097768591531118255e-03,2.127856059760550878e+01,8.159229475643900442e-02,9.966645632756747641e-01,-1.563888386975359999e-03,1.304732090025956248e+00,-3.956510405437318155e-03,1.893008116285176210e-03,9.999903812265812375e-01,2.522394485094248129e-01,0.000000000000000000e+00,0.000000000000000000e+00,0.000000000000000000e+00,1.000000000000000056e-01
9.967765575440932224e-01,-7.987877633820734957e-02,7.474986371739246460e-03,2.224171848805430685e+01,7.989336389115163362e-02,9.968020118110986205e-01,-1.673217111550954518e-03,1.394953551647961199e+00,-7.317426918191385909e-03,2.265025398754394459e-03,9.999706620312617256e-01,2.638857557809755616e-01,0.000000000000000000e+00,0.000000000000000000e+00,0.000000000000000000e+00,1.000000000000000056e-01
9.969354228388267458e-01,-7.760658722155834577e-02,9.847858091606077890e-03,2.321433218276079202e+01,7.761849566442589887e-02,9.969827864275779827e-01,-8.322847433138119526e-04,1.472198010127307999e+00,-9.753554221987641160e-03,1.594110073085067223e-03,9.999511623039964991e-01,2.665663257732809321e-01,0.000000000000000000e+00,0.000000000000000000e+00,0.000000000000000000e+00,1.000000000000000056e-01
9.970891719918740792e-01,-7.552105901593120230e-02,1.047629427189116121e-02,2.413410887502682201e+01,7.554423731409329323e-02,9.971407645406052955e-01,-1.834093784160069091e-03,1.557907067031541803e+00,-1.030782737491161248e-02,2.620178713251628249e-03,9.999434400796475275e-01,2.639961472380311647e-01,0.000000000000000000e+00,0.000000000000000000e+00,0.000000000000000000e+00,1.000000000000000056e-01
9.971717052598869646e-01,-7.469527755021113102e-02,8.318998785077464167e-03,2.507447084728238806e+01,7.471636483213317526e-02,9.972022804904367987e-01,-2.253133583219363040e-03,1.634266418168374813e+00,-8.127426121520146471e-03,2.868326405621091871e-03,9.999628581343759093e-01,2.708995560544507630e-01,0.000000000000000000e+00,0.000000000000000000e+00,0.000000000000000000e+00,1.000000000000000056e-01
9.973915829404542688e-01,-7.199916177192219879e-02,5.113803249599928498e-03,2.600539252712881222e+01,7.201973524072632915e-02,9.973953474287617915e-01,-3.959629189109775682e-03,1.709001573400173335e+00,-4.815393586273512654e-03,4.317595580892778784e-03,9.999790849577850915e-01,2.720637137324223853e-01,0.000000000000000000e+00,0.000000000000000000e+00,0.000000000000000000e+00,1.000000000000000056e-01
9.974594708708978130e-01,-7.117056540043216473e-02,3.058527510317847128e-03,2.695856665327181290e+01,7.118290567220912635e-02,9.974547073387737273e-01,-4.135305041060124628e-03,1.779926523029228269e+00,-2.756430664816169815e-03,4.342514053408399674e-03,9.999867722433561923e-01,2.794213203494534392e-01,0.000000000000000000e+00,0.000000000000000000e+00,0.000000000000000000e+00,1.000000000000000056e-01
9.973741769731352402e-01,-7.226944078274143146e-02,4.677503191972222363e-03,2.792721109257108481e+01,7.229522518036608780e-02,9.973675537255726198e-01,-5.600284955897209122e-03,1.850908375166152586e+00,-4.260460454134201366e-03,5.923740745248522871e-03,9.999733785317996837e-01,2.869847127655067998e-01,0.000000000000000000e+00,0.000000000000000000e+00,0.000000000000000000e+00,1.000000000000000056e-01
9.975177552324254737e-01,-6.995769348872196702e-02,8.015554740690562091e-03,2.892184520455953489e+01,7.003325882708441585e-02,9.974987528226969546e-01,-9.569784491972472759e-03,1.920644317616799990e+00,-7.326025806778355826e-03,1.010738536428790364e-02,9.999220820178821301e-01,2.923295896406484795e-01,0.000000000000000000e+00,0.000000000000000000e+00,0.000000000000000000e+00,1.000000000000000056e-01
9.973696632025933484e-01,-7.143043718807746967e-02,1.230640346590172567e-02,2.986643980789730080e+01,7.157761306910619126e-02,9.973632662699305484e-01,-1.196496563743522888e-02,1.974467712777373318e+00,-1.141929203036501535e-02,1.281435673359399875e-02,9.998526851646843960e-01,2.980245598512590854e-01,0.000000000000000000e+00,0.000000000000000000e+00,0.000000000000000000e+00,1.000000000000000056e-01
9.974069092412459758e-01,-7.090455288634214814e-02,1.232890010556059700e-02,3.077253484742355027e+01,7.113956147625424831e-02,9.972698232361247861e-01,-1.980056705134377801e-02,2.020680625297728739e+00,-1.089128967529668680e-02,2.062629493089897584e-02,9.997279308725111058e-01,3.126197707044817697e-01,0.000000000000000000e+00,0.000000000000000000e+00,0.000000000000000000e+00,1.000000000000000056e-01
9.973842780156728649e-01,-7.166171430463415259e-02,9.444610636550469437e-03,3.171184277021486508e+01,7.185622714252266896e-02,9.971683675554037229e-01,-2.217948078142355922e-02,2.085343547926481911e+00,-7.828447355461934723e-03,2.280011951311528007e-02,9.997093927548097447e-01,3.085586668020844359e-01,0.000000000000000000e+00,0.000000000000000000e+00,0.000000000000000000e+00,1.000000000000000056e-01
9.974309713235891550e-01,-7.126964327770660135e-02,7.217713734279167584e-03,3.269081098801801488e+01,7.141914317249617450e-02,9.971773932166825283e-01,-2.316360175119975759e-02,2.167647024800214428e+00,-5.546479332697881390e-03,2.361957672461853855e-02,9.997056327551434585e-01,3.073646961044843584e-01,0.000000000000000000e+00,0.000000000000000000e+00,0.000000000000000000e+00,1.000000000000000056e-01
9.973911690001463493e-01,-7.194147110768747688e-02,5.939758865751190199e-03,3.365747572304798041e+01,7.206006610558471359e-02,9.971345554993237270e-01,-2.302227404113050060e-02,2.246320191967304147e+00,-4.266482553610726099e-03,2.339023223544213839e-02,9.997173071236646891e-01,3.057865431914938426e-01,0.000000000000000000e+00,0.000000000000000000e+00,0.000000000000000000e+00,1.000000000000000056e-01
9.975017445834052365e-01,-7.022920810775057365e-02,7.624164322806130031e-03,3.461253101001945254e+01,7.039365541878514487e-02,9.972301112714628823e-01,-2.401746136224969935e-02,2.303076727778750943e+00,-5.916318943754581700e-03,2.449415240550441297e-02,9.996824664202587085e-01,3.182914169064761656e-01,0.000000000000000000e+00,0.000000000000000000e+00,0.000000000000000000e+00,1.000000000000000056e-01
9.973324607828164545e-01,-7.232772762756475848e-02,9.831708148875996367e-03,3.559063492214566082e+01,7.253193947145808451e-02,9.971166992025475295e-01,-2.230259912936607622e-02,2.390211167769053180e+00,-8.190264061714469523e-03,2.295621893189868021e-02,9.997029216657067341e-01,3.138125259870425121e-01,0.000000000000000000e+00,0.000000000000000000e+00,0.000000000000000000e+00,1.000000000000000056e-01
9.973340233654757192e-01,-7.206499121147742770e-02,1.146659841986096343e-02,3.657183752216015904e+01,7.229185539116135539e-02,9.971669889847887269e-01,-2.078181231542522434e-02,2.468269470243634522e+00,-9.936472298360803090e-03,2.155535016416634114e-02,9.997182770148618225e-01,3.227026420667061801e-01,0.000000000000000000e+00,0.000000000000000000e+00,0.000000000000000000e+00,1.000000000000000056e-01
9.973822796039489846e-01,-7.118089863594649624e-02,1.272273561028855991e-02,3.757145010436484256e+01,7.142602630276422004e-02,9.972457634420360817e-01,-1.998024182805214349e-02,2.546034585740196476e+00,-1.126548261846911474e-02,2.083667358984440249e-02,9.997194216054238192e-01,3.183588694414851150e-01,0.000000000000000000e+00,0.000000000000000000e+00,0.000000000000000000e+00,1.000000000000000056e-01
9.972783041351011013e-01,-7.205587182574385574e-02,1.561843259897301682e-02,3.856302856802939516e+01,7.235265055132050760e-02,9.971913685637640024e-01,-1.935118653018434026e-02,2.614698836579426811e+00,-1.418019956189578261e-02,2.042855348181709524e-02,9.996907502538099344e-01,3.352797834565706681e-01,0.000000000000000000e+00,0.000000000000000000e+00,0.000000000000000000e+00,1.000000000000000056e-01
9.974389714380226257e-01,-6.950849813767141783e-02,1.685428560647918642e-02,3.957599209419713304e+01,6.981164029333390697e-02,9.973956318649749297e-01,-1.811873108751459183e-02,2.694440489736159350e+00,-1.555098505605358346e-02,1.924895382385331810e-02,9.996937754334942472e-01,3.316274142411879122e-01,0.000000000000000000e+00,0.000000000000000000e+00,0.000000000000000000e+00,1.000000000000000056e-01
9.974002425742158895e-01,-7.035312979094761332e-02,1.559465426078615775e-02,4.058559348177272597e+01,7.066473374981492583e-02,9.972910466863548207e-01,-2.042213513084983195e-02,2.776265510016060034e+00,-1.411564794698230187e-02,2.147103462465190654e-02,9.996698170672073669e-01,3.449123604034605162e-01,0.000000000000000000e+00,0.000000000000000000e+00,0.000000000000000000e+00,1.000000000000000056e-01
9.974534746895030723e-01,-7.003621068190446497e-02,1.347200887606433799e-02,4.159338338692617043e+01,7.026171767951824854e-02,9.973826189162303679e-01,-1.706465682412550144e-02,2.849185125979154964e+00,-1.224160359432289839e-02,1.796776772783392068e-02,9.997636232951857549e-01,3.602558156095450603e-01,0.000000000000000000e+00,0.000000000000000000e+00,0.000000000000000000e+00,1.000000000000000056e-01
9.975887052974017344e-01,-6.849792106679430947e-02,1.117183389515890787e-02,4.262613622099627264e+01,6.866054932787096776e-02,9.975289844420529572e-01,-1.488805440618102063e-02,2.922697973768131785e+00,-1.012442734424044352e-02,1.561921917170074059e-02,9.998267529744429005e-01,3.686392232422777138e-01,0.000000000000000000e+00,0.000000000000000000e+00,0.000000000000000000e+00,1.000000000000000056e-01
9.975716221783843540e-01,-6.874627063382253433e-02,1.117179029198457976e-02,4.367503907867491364e+01,6.894349701727379987e-02,9.974518204325011350e-01,-1.834830060029096419e-02,2.992397713370821943e+00,-9.881945325491831023e-03,1.907396628472192782e-02,9.997692388580242673e-01,3.775470096275542198e-01,0.000000000000000000e+00,0.000000000000000000e+00,0.000000000000000000e+00,1.000000000000000056e-01
9.975759024914324646e-01,-6.840428494920411384e-02,1.277390187030656710e-02,4.468816500705026584e+01,6.865512264239045925e-02,9.974327659301128746e-01,-2.035562782040985924e-02,3.077966126351373344e+00,-1.134869610847245858e-02,2.118327759325283610e-02,9.997111962197106072e-01,3.858313546559040130e-01,0.000000000000000000e+00,0.000000000000000000e+00,0.000000000000000000e+00,1.000000000000000056e-01
9.975694136170655257e-01,-6.838797512206315488e-02,1.335476972501469135e-02,4.567491172886723660e+01,6.865752759698137697e-02,9.974215022652506146e-01,-2.089236040279789444e-02,3.143041328512384602e+00,-1.189154825806292178e-02,2.175848518704201831e-02,9.996925324330433460e-01,3.874171432227067058e-01,0.000000000000000000e+00,0.000000000000000000e+00,0.000000000000000000e+00,1.000000000000000056e-01
9.970038366271362085e-01,-7.654010263865949903e-02,1.117865997488813948e-02,4.659074025123035767e+01,7.671854916034885619e-02,9.969159721891495129e-01,-1.651691886805923062e-02,3.199466890538641195e+00,-9.879978011201877297e-03,1.732504205554446716e-02,9.998010946944756450e-01,3.999119945476440341e-01,0.000000000000000000e+00,0.000000000000000000e+00,0.000000000000000000e+00,1.000000000000000056e-01
9.970331150577135260e-01,-7.660434670215525432e-02,7.532698364349121184e-03,4.754803373622307561e+01,7.671743280583860625e-02,9.969230867329728074e-01,-1.608709552663813852e-02,3.275119171730061396e+00,-6.277179461662063531e-03,1.661725624576863153e-02,9.998422194590846912e-01,3.955419573686884127e-01,0.000000000000000000e+00,0.000000000000000000e+00,0.000000000000000000e+00,1.000000000000000056e-01
9.971275785840678640e-01,-7.539270338472998934e-02,7.247917177766049698e-03,4.849472614880617982e+01,7.549956755582599988e-02,9.970203826953336623e-01,-1.581681981099852460e-02,3.366523877792428898e+00,-6.033848353820057964e-03,1.631860185164325447e-02,9.998486364983705244e-01,4.066564012286564278e-01,0.000000000000000000e+00,0.000000000000000000e+00,0.000000000000000000e+00,1.000000000000000056e-01
9.972434201979151203e-01,-7.362159089576575388e-02,9.242414508182169100e-03,4.946583917893507731e+01,7.376409873282827045e-02,9.971447403861061209e-01,-1.616243974338618661e-02,3.453786035530752141e+00,-8.026120488637046926e-03,1.679964506474843078e-02,9.998266616347056823e-01,4.122995294878744610e-01,0.000000000000000000e+00,0.000000000000000000e+00,0.000000000000000000e+00,1.000000000000000056e-01
9.972435994783757085e-01,-7.321190249226262881e-02,1.205075237801954240e-02,5.046477946394397662e+01,7.341180976535656433e-02,9.971554704505849465e-01,-1.707846414194369444e-02,3.543800267214596733e+00,-1.076612680530999837e-02,1.791605659557889141e-02,9.997815288500163655e-01,4.282041934642230041e-01,0.000000000000000000e+00,0.000000000000000000e+00,0.000000000000000000e+00,1.000000000000000056e-01
9.973475991698682597e-01,-7.169338957380171073e-02,1.256281503162796909e-02,5.140082592784049353e+01,7.193522551402824206e-02,9.972089615377310867e-01,-1.999025660380084751e-02,3.615686410472530810e+00,-1.109458247730376809e-02,2.084094336298156214e-02,9.997212438071901852e-01,4.383328622663367757e-01,0.000000000000000000e+00,0.000000000000000000e+00,0.000000000000000000e+00,1.000000000000000056e-01
9.974030761461725181e-01,-7.103290049632039749e-02,1.189246573391325966e-02,5.233874519393040714e+01,7.129651469728980062e-02,9.971796255427893829e-01,-2.344357895803006117e-02,3.685695250929650335e+00,-1.019365911592069913e-02,2.423058912659982814e-02,9.996544242208935671e-01,4.419764859896967435e-01,0.000000000000000000e+00,0.000000000000000000e+00,0.000000000000000000e+00,1.000000000000000056e-01
9.974116531639803940e-01,-7.101848709735623932e-02,1.124137994635972769e-02,5.332297937080395656e+01,7.129305061647146780e-02,9.971093988231169991e-01,-2.627066258013932565e-02,3.763287018222039926e+00,-9.343182888770366554e-03,2.700409726328469040e-02,9.995916584608447453e-01,4.560672778510158065e-01,0.000000000000000000e+00,0.000000000000000000e+00,0.000000000000000000e+00,1.000000000000000056e-01
9.973199847070550739e-01,-7.194962363552988294e-02,1.327025857416203221e-02,5.428746195335206437e+01,7.231553968661617871e-02,9.969443487205671417e-01,-2.953689682342609119e-02,3.842172848040039224e+00,-1.110454068176450378e-02,3.041738339880464131e-02,9.994755984832331963e-01,4.470275812491008027e-01,0.000000000000000000e+00,0.000000000000000000e+00,0.000000000000000000e+00,1.000000000000000056e-01
9.971691445471028148e-01,-7.315490616316754069e-02,1.737978329719310280e-02,5.524316159754059186e+01,7.368147411265242586e-02,9.967720320246715726e-01,-3.188348390615034639e-02,3.926449841721698863e+00,-1.499124863998232450e-02,3.307379442497290073e-02,9.993404758071939842e-01,4.537941449411464490e-01,0.000000000000000000e+00,0.000000000000000000e+00,0.000000000000000000e+00,1.000000000000000056e-01
9.970214184859771400e-01,-7.400168153216207800e-02,2.172653241137315061e-02,5.620096740177211103e+01,7.463926117864952414e-02,9.967541506911034022e-01,-3.016858914106537379e-02,3.994761996962448602e+00,-1.942348503526921538e-02,3.170038186630452087e-02,9.993086680393676868e-01,4.720123207770018925e-01,0.000000000000000000e+00,0.000000000000000000e+00,0.000000000000000000e+00,1.000000000000000056e-01
9.968917745358858440e-01,-7.519107230075874893e-02,2.351791889080656617e-02,5.716751298050214558e+01,7.581686181593755292e-02,9.967573258653394941e-01,-2.695620147870150113e-02,4.069018941340535989e+00,-2.141479224917944291e-02,2.865547033359231582e-02,9.993599305019613688e-01,4.602458618318419625e-01,0.000000000000000000e+00,0.000000000000000000e+00,0.000000000000000000e+00,1.000000000000000056e-01
9.967224711240141310e-01,-7.871538572800809708e-02,1.866021452528934116e-02,5.806577288812027859e+01,7.922061836004506974e-02,9.964613085541358384e-01,-2.808832820285737941e-02,4.148619845745010970e+00,-1.638319819482790540e-02,2.947454162951886059e-02,9.994312593733691852e-01,4.636331672574941498e-01,0.000000000000000000e+00,0.000000000000000000e+00,0.000000000000000000e+00,1.000000000000000056e-01
9.964583861990541358e-01,-8.310617230997306704e-02,1.280814965409870533e-02,5.898402169135206918e+01,8.343309768578420493e-02,9.961325108118360694e-01,-2.754884959960516091e-02,4.232207846608015522e+00,-1.046913483202477520e-02,2.851990581492757845e-02,9.995383995566036184e-01,4.619194246166549167e-01,0.000000000000000000e+00,0.000000000000000000e+00,0.000000000000000000e+00,1.000000000000000056e-01
9.965177327162313414e-01,-8.299834006529276109e-02,7.980221081386438403e-03,5.993762542253884362e+01,8.320046946336874527e-02,9.960906861811853474e-01,-2.968209534669471669e-02,4.312939457673993005e+00,-5.485459249400366499e-03,3.024269249754804254e-02,9.995275330311426121e-01,4.718302897231722026e-01,0.000000000000000000e+00,0.000000000000000000e+00,0.000000000000000000e+00,1.000000000000000056e-01
9.963834900336376865e-01,-8.456670079632634673e-02,8.271269842802825289e-03,6.084947373314700059e+01,8.476038171438397828e-02,9.960396068439130168e-01,-2.684733301196161326e-02,4.401160965491100363e+00,-5.968121984323348367e-03,2.745131535369224607e-02,9.996053255186930775e-01,4.744234332903862761e-01,0.000000000000000000e+00,0.000000000000000000e+00,0.000000000000000000e+00,1.000000000000000056e-01
9.963233884001142515e-01,-8.500375683901728596e-02,1.068021770228645348e-02,6.177862216476851387e+01,8.525733686778341758e-02,9.960172627380166066e-01,-2.609212214600704557e-02,4.496032460996494784e+00,-8.419752794964339981e-03,2.690675846552450026e-02,9.996024880479987829e-01,4.949704251477025085e-01,0.000000000000000000e+00,0.000000000000000000e+00,0.000000000000000000e+00,1.000000000000000056e-01
9.961545320846946217e-01,-8.703458821366744091e-02,1.005627473771251133e-02,6.267390742182437435e+01,8.726622479515333541e-02,9.958583833907612703e-01,-2.550855229802890048e-02,4.581419216013274287e+00,-7.794499158045987627e-03,2.628803311046398403e-02,9.996240218692518109e-01,5.099084473938373385e-01,0.000000000000000000e+00,0.000000000000000000e+00,0.000000000000000000e+00,1.000000000000000056e-01
9.959574384156958393e-01,-8.926947126913012398e-02,9.987109881012619719e-03,6.348814725956044214e+01,8.948312282883622015e-02,9.957108094473047233e-01,-2.351073539029778850e-02,4.661622406014561903e+00,-7.845482346221942585e-03,2.430936957477796909e-02,9.996736982423974904e-01,5.184233499751650376e-01,0.000000000000000000e+00,0.000000000000000000e+00,0.000000000000000000e+00,1.000000000000000056e-01
9.957947153588659894e-01,-9.101173693390240960e-02,1.047609677452077982e-02,6.430836807423358437e+01,9.122854004380948068e-02,9.955754794134283880e-01,-2.251262472919069585e-02,4.743223919897893381e+00,-8.380831989130225687e-03,2.337367174828260813e-02,9.996916690280925888e-01,5.275999535319243483e-01,0.000000000000000000e+00,0.000000000000000000e+00,0.000000000000000000e+00,1.000000000000000056e-01
9.957296066231532405e-01,-9.181626973006566661e-02,9.608491398565033662e-03,6.510364198547931380e+01,9.202101290804061418e-02,9.954765010047067486e-01,-2.363618266142802557e-02,4.820967005478415501e+00,-7.394841274746563262e-03,2.441942997455087347e-02,9.996744508900081705e-01,5.306390655203654383e-01,0.000000000000000000e+00,0.000000000000000000e+00,0.000000000000000000e+00,1.000000000000000056e-01
9.957342832744321415e-01,-9.176081900984527084e-02,9.653455681535106150e-03,6.590642481508449180e+01,9.198128223597208664e-02,9.954310134138403265e-01,-2.562306094363508285e-02,4.898834961922514886e+00,-7.258156114288952417e-03,2.640169745560329989e-02,9.996250644823204690e-01,5.395642158860587401e-01,0.000000000000000000e+00,0.000000000000000000e+00,0.000000000000000000e+00,1.000000000000000056e-01
9.956035168876872232e-01,-9.301064332158109904e-02,1.107507967349481530e-02,6.666282193690915392e+01,9.327077518476320495e-02,9.953038015048089049e-01,-2.590183789829206273e-02,4.973281358891111559e+00,-8.613922294866573418e-03,2.682094217177423412e-02,9.996031399529097250e-01,5.519107953648790810e-01,0.000000000000000000e+00,0.000000000000000000e+00,0.000000000000000000e+00,1.000000000000000056e-01
9.952953596250181389e-01,-9.589962532763360303e-02,1.379887571236900617e-02,6.745943507711523068e+01,9.621800047025527713e-02,9.950554778001797773e-01,-2.463112838182525410e-02,5.065320966519734291e+00,-1.136853088186275465e-02,2.584294801054046881e-02,9.996013698188456198e-01,5.599015607135058303e-01,0.000000000000000000e+00,0.000000000000000000e+00,0.000000000000000000e+00,1.000000000000000056e-01
9.951888185586792446e-01,-9.655895257706607893e-02,1.660072567690960496e-02,6.820077594891562001e+01,9.693167940803411320e-02,9.950172826613838950e-01,-2.334216640103785670e-02,5.144189316115932442e+00,-1.426411381468185684e-02,2.483899922250388734e-02,9.995896954124258160e-01,5.673316602755181792e-01,0.000000000000000000e+00,0.000000000000000000e+00,0.000000000000000000e+00,1.000000000000000056e-01
9.949592508712111760e-01,-9.864690851358000334e-02,1.802433206839309729e-02,6.892832033924887014e+01,9.901543509287676070e-02,9.948675459041235181e-01,-2.084489673936899129e-02,5.217841542373866659e+00,-1.587553838981968155e-02,2.252450992630075643e-02,9.996202347558863499e-01,5.730842267183310357e-01,0.000000000000000000e+00,0.000000000000000000e+00,0.000000000000000000e+00,1.000000000000000056e-01
9.950759253640200086e-01,-9.796654545118516078e-02,1.504854588656873507e-02,6.959604757876144276e+01,9.825192919765746158e-02,9.949692209113000230e-01,-1.956547592314562822e-02,5.298612891164136585e+00,-1.305607789030832633e-02,2.094768272438644191e-02,9.996953202944388606e-01,5.856092260980623188e-01,0.000000000000000000e+00,0.000000000000000000e+00,0.000000000000000000e+00,1.000000000000000056e-01
9.950638598001073643e-01,-9.878238283934419328e-02,9.484501056640384439e-03,7.028682031413460152e+01,9.894811895591014428e-02,9.949117044362121298e-01,-1.897287882526885877e-02,5.373453301642491020e+00,-7.562054932306943797e-03,1.981769957418166861e-02,9.997750117445365348e-01,5.876898611321494936e-01,0.000000000000000000e+00,0.000000000000000000e+00,0.000000000000000000e+00,1.000000000000000056e-01
9.952142144787682332e-01,-9.766649818699732477e-02,3.149989094840740037e-03,7.101699162248470998e+01,9.771194613437461651e-02,9.949795611547622709e-01,-2.163442781562992592e-02,5.435618990129546191e+00,-1.021215962194981473e-03,2.183868164898869826e-02,9.997609859870471016e-01,6.054875544499341844e-01,0.000000000000000000e+00,0.000000000000000000e+00,0.000000000000000000e+00,1.000000000000000056e-01
9.950814503069025374e-01,-9.905965870989343058e-02,3.021115537637147691e-04,7.171489870364440833e+01,9.904594626173431060e-02,9.948828625410257587e-01,-1.994969551878194788e-02,5.511340796027424105e+00,1.675644422041667678e-03,1.988149487472978469e-02,9.998009393760924901e-01,6.056030258826604618e-01,0.000000000000000000e+00,0.000000000000000000e+00,0.000000000000000000e+00,1.000000000000000056e-01
9.950440675631662124e-01,-9.939029279002367656e-02,2.978809571369921659e-03,7.237368456109895476e+01,9.942929879733392040e-02,9.948598052473744957e-01,-1.917765480517865523e-02,5.585549655414206782e+00,-1.057425183929384602e-03,1.937879259059936687e-02,9.998116543878206031e-01,6.175729536548824061e-01,0.000000000000000000e+00,0.000000000000000000e+00,0.000000000000000000e+00,1.000000000000000056e-01
9.949183670814999436e-01,-1.004798313649327285e-01,6.422330788452427011e-03,7.297683537674033971e+01,1.005919233679087726e-01,9.947158712846384532e-01,-2.053290937951686088e-02,5.651942225682177856e+00,-4.325251094028315091e-03,2.107460327781670098e-02,9.997685498652456593e-01,6.328845386523433980e-01,0.000000000000000000e+00,0.000000000000000000e+00,0.000000000000000000e+00,1.000000000000000056e-01
9.949008960206036090e-01,-1.007924782549073917e-01,3.617101689768525453e-03,7.356630679991417310e+01,1.008478156770046541e-01,9.946601608068031952e-01,-2.192903502120668521e-02,5.704189383043796191e+00,-1.387505162873643423e-03,2.218199339596048716e-02,9.997529864913655695e-01,6.524288975079803876e-01,0.000000000000000000e+00,0.000000000000000000e+00,0.000000000000000000e+00,1.000000000000000056e-01
9.948855864538748150e-01,-1.010080631960677128e-01,2.025727245532353733e-04,7.420622229404636983e+01,1.009709216983778052e-01,9.944612289295582386e-01,-2.918453575599338351e-02,5.755193903617871420e+00,2.746422711382457381e-03,2.905572792569464935e-02,9.995740201890995769e-01,6.684724239812123159e-01,0.000000000000000000e+00,0.000000000000000000e+00,0.000000000000000000e+00,1.000000000000000056e-01
9.950220700007716967e-01,-9.961495100692049909e-02,-2.818110584805015584e-03,7.482944826719436549e+01,9.946855446252708677e-02,9.944933368225087333e-01,-3.300014679917908506e-02,5.824993060433291348e+00,6.089900205638980324e-03,3.255556099226241534e-02,9.994513737866211889e-01,6.944885862443976876e-01,0.000000000000000000e+00,0.000000000000000000e+00,0.000000000000000000e+00,1.000000000000000056e-01
9.954469441976260269e-01,-9.529057086352152317e-02,-2.255746464623935126e-03,7.543478157496406311e+01,9.517859999283873051e-02,9.949964623546772025e-01,-3.038213299096349448e-02,5.878074780478034889e+00,5.139590549030226968e-03,3.002910265361878953e-02,9.995358110657199813e-01,7.071770843103907245e-01,0.000000000000000000e+00,0.000000000000000000e+00,0.000000000000000000e+00,1.000000000000000056e-01
9.959127265044259714e-01,-9.032071615482348270e-02,9.705565505731261755e-05,7.599952020673553932e+01,9.029358250014216103e-02,9.955860273555886542e-01,-2.560334145394088656e-02,5.956374940519284067e+00,2.215884882025515555e-03,2.550745709781508663e-02,9.996721760090118147e-01,7.105852198116534568e-01,0.000000000000000000e+00,0.000000000000000000e+00,0.000000000000000000e+00,1.000000000000000056e-01
9.965091723165621085e-01,-8.343627532296982174e-02,2.803114194951066354e-03,7.655796639432280415e+01,8.348157071662379303e-02,9.961451971853488851e-01,-2.693647109863646361e-02,5.995351894496786294e+00,-5.448299236475294838e-04,2.707644889552379697e-02,9.996332172729968102e-01,7.244818419879862637e-01,0.000000000000000000e+00,0.000000000000000000e+00,0.000000000000000000e+00,1.000000000000000056e-01
9.970602289762705572e-01,-7.629173240983540272e-02,7.104319791015761137e-03,7.713488131154906569e+01,7.647972146642949276e-02,9.965680943369658040e-01,-3.166836835085942020e-02,6.023695435758670946e+00,-4.663903751613102111e-03,3.211860699803809754e-02,9.994731827749563369e-01,7.366114340416405337e-01,0.000000000000000000e+00,0.000000000000000000e+00,0.000000000000000000e+00,1.000000000000000056e-01
9.977321211411133151e-01,-6.664530201886220695e-02,9.434943670703932819e-03,7.768282941734720737e+01,6.693814032492753641e-02,9.971370606294041039e-01,-3.517055144851199272e-02,6.044329855242620120e+00,-7.063979975553707005e-03,3.572234648181388944e-02,9.993367871487260912e-01,7.512505363842296724e-01,0.000000000000000000e+00,0.000000000000000000e+00,0.000000000000000000e+00,1.000000000000000056e-01
9.983662320774369103e-01,-5.642768747712915978e-02,8.987921533077532915e-03,7.817922044190977715e+01,5.669683300268499315e-02,9.978390860684536179e-01,-3.320583445027096292e-02,6.082660428294039079e+00,-7.094770959443881357e-03,3.366117050930630961e-02,9.994081197513738912e-01,7.591007129310328727e-01,0.000000000000000000e+00,0.000000000000000000e+00,0.000000000000000000e+00,1.000000000000000056e-01
9.991397907470558337e-01,-4.064277727242893157e-02,8.236698459526986538e-03,7.867106874310850628e+01,4.086027593386641621e-02,9.987660635560736688e-01,-2.822743593232236031e-02,6.123604368807530562e+00,-7.079293505551010300e-03,2.853970820258681235e-02,9.995675908407462007e-01,7.561692394070629319e-01,0.000000000000000000e+00,0.000000000000000000e+00,0.000000000000000000e+00,1.000000000000000056e-01
9.996618574318900663e-01,-2.447058500501278142e-02,8.795525301880052424e-03,7.915108966818752378e+01,2.466285954661342691e-02,9.994434758184000955e-01,-2.246067681569611715e-02,6.139608521751793724e+00,-8.241004478071070269e-03,2.267000470991512376e-02,9.997090360358081851e-01,7.600274980758781052e-01,0.000000000000000000e+00,0.000000000000000000e+00,0.000000000000000000e+00,1.000000000000000056e-01
9.999577117706396345e-01,1.412950614792870532e-03,9.087257066160576643e-03,7.964516319723200866e+01,-1.200456919728177434e-03,9.997267057368114385e-01,-2.334679292336760970e-02,6.152774823088665634e+00,-9.117761436350789103e-03,2.333489676820721392e-02,9.996861252509243734e-01,7.633688054272612655e-01,0.000000000000000000e+00,0.000000000000000000e+00,0.000000000000000000e+00,1.000000000000000056e-01
9.995984970897414668e-01,2.597592368156908735e-02,1.131795055738833364e-02,8.014272638298089646e+01,-2.569318817059111290e-02,9.993708630780354651e-01,-2.444868324251895514e-02,6.144705227433520101e+00,-1.194590714683424135e-02,2.414807279166866771e-02,9.996370170631375673e-01,7.782158255570280625e-01,0.000000000000000000e+00,0.000000000000000000e+00,0.000000000000000000e+00,1.000000000000000056e-01
9.985235970967643038e-01,5.270469636568821115e-02,1.314690160985862964e-02,8.062542736445375624e+01,-5.239663326408658395e-02,9.983667492290144718e-01,-2.276898892087362430e-02,6.124236883850194602e+00,-1.432546207029662157e-02,2.204651933731631430e-02,9.996543063087268699e-01,7.821037112746049846e-01,0.000000000000000000e+00,0.000000000000000000e+00,0.000000000000000000e+00,1.000000000000000056e-01
9.964323637617283902e-01,8.322041504350069507e-02,1.403235433568151592e-02,8.111894989412073187e+01,-8.290346562568762234e-02,9.963184384782538539e-01,-2.183081618960592413e-02,6.082748484108699394e+00,-1.579746294393714195e-02,2.058960097334119888e-02,9.996631975301949469e-01,7.802724561486955590e-01,0.000000000000000000e+00,0.000000000000000000e+00,0.000000000000000000e+00,1.000000000000000056e-01
