9.999999999999998890e-01,-4.803903406010632001e-09,1.148382205853267489e-08,7.534342762448104754e-15,4.803903425211212899e-09,1.000000000000000000e+00,-1.671967843538677690e-09,6.372101241103472161e-15,-1.148382205050070151e-08,1.671967898705849586e-09,9.999999999999998890e-01,-2.195462890055701168e-14,0.000000000000000000e+00,0.000000000000000000e+00,0.000000000000000000e+00,1.000000000000000056e-01
9.998552194629631851e-01,-1.257066856899338031e-02,1.146814738299858916e-02,6.525998132880302949e-01,1.260383988173556860e-02,9.999165783917111083e-01,-2.824796921663504275e-03,4.365740943090255961e-03,-1.143168110582285998e-02,2.968930639403625366e-03,9.999302486263494938e-01,2.948539526722469915e-03,0.000000000000000000e+00,0.000000000000000000e+00,0.000000000000000000e+00,1.000000000000000056e-01
9.995361254899030046e-01,-1.936013281840453029e-02,2.350997868749797950e-02,1.337115861789663462e+00,1.944553216905046608e-02,9.998051050295799769e-01,-3.409286648696008021e-03,-1.208042908442767509e-03,-2.343939246856233463e-02,3.864869214383496576e-03,9.997177890118092991e-01,-1.285547963800846676e-02,0.000000000000000000e+00,0.000000000000000000e+00,0.000000000000000000e+00,1.000000000000000056e-01
9.990712379304792501e-01,-2.735360821317231114e-02,3.329326745424690537e-02,2.068870091920947285e+00,2.757763024138850869e-02,9.995998866083413148e-01,-6.288163711318127923e-03,2.095247646888704143e-02,-3.310794240554670864e-02,7.200472922756994375e-03,9.994258438420329238e-01,-3.697264952101872448e-02,0.000000000000000000e+00,0.000000000000000000e+00,0.000000000000000000e+00,1.000000000000000056e-01
9.983383850400094905e-01,-3.645170102194723177e-02,4.462894182380322539e-02,2.800843724596788320e+00,3.684936208739972990e-02,9.992878407395063833e-01,-8.120090142764817276e-03,7.109252901176998929e-02,-4.430116781144205484e-02,9.751145716349950837e-03,9.989706310436563541e-01,-7.892893005341003465e-02,0.000000000000000000e+00,0.000000000000000000e+00,0.000000000000000000e+00,1.000000000000000056e-01
9.975164001098023592e-01,-4.576719462775345054e-02,5.353872811233083978e-02,3.551693744600791902e+00,4.630973572476603656e-02,9.988871529077417710e-01,-8.936673484471377091e-03,9.901183930430720870e-02,-5.307014121973934601e-02,1.139384271310875558e-02,9.985257835725354081e-01,-1.153353363498863388e-01,0.000000000000000000e+00,0.000000000000000000e+00,0.000000000000000000e+00,1.000000000000000056e-01
9.964115726390677663e-01,-5.522831848878356764e-02,6.413899553190155478e-02,4.310167605850335981e+00,5.596165221386410760e-02,9.983858720971612311e-01,-9.692465026268521147e-03,1.559777297860901468e-01,-6.350016844414130279e-02,1.324700848087623749e-02,9.978939048685853130e-01,-1.491520840566135653e-01,0.000000000000000000e+00,0.000000000000000000e+00,0.000000000000000000e+00,1.000000000000000056e-01
9.949979178671178870e-01,-6.525247032711486983e-02,7.563900155547505222e-02,5.113924067604509460e+00,6.605581011173844441e-02,9.977825198599196144e-01,-8.165354399597403445e-03,2.260610991933931224e-01,-7.493846402604016632e-02,1.312090615003647445e-02,9.971018345340759703e-01,-2.026663323225948166e-01,0.000000000000000000e+00,0.000000000000000000e+00,0.000000000000000000e+00,1.000000000000000056e-01
9.936598859935600325e-01,-7.024422667085072902e-02,8.778256994802174917e-02,5.888549205509090001e+00,7.107654827585313528e-02,9.974504066678528957e-01,-6.388311461183598938e-03,2.959690138377154001e-01,-8.711001809468016388e-02,1.258709090890006849e-02,9.961191745418795929e-01,-2.550514138264419195e-01,0.000000000000000000e+00,0.000000000000000000e+00,0.000000000000000000e+00,1.000000000000000056e-01
9.918702141329964750e-01,-7.911427779696504625e-02,9.967150728482206123e-02,6.691950985196525536e+00,8.034218140561162624e-02,9.967322824676608795e-01,-8.360082164357622581e-03,3.586740561815756068e-01,-9.868440709023633406e-02,1.629994280577875404e-02,9.949852761030069104e-01,-3.238649563859323233e-01,0.000000000000000000e+00,0.000000000000000000e+00,0.000000000000000000e+00,1.000000000000000056e-01
9.899887984569211152e-01,-8.720908348100996077e-02,1.109808753264444475e-01,7.523613927339823704e+00,8.902232521126184073e-02,9.959634726203643318e-01,-1.147984407407977303e-02,4.295575398377941001e-01,-1.095317513043679164e-01,2.124469261691228072e-02,9.937562369574396426e-01,-4.000978659470593168e-01,0.000000000000000000e+00,0.000000000000000000e+00,0.000000000000000000e+00,1.000000000000000056e-01
9.880817583947524296e-01,-9.413077243973405617e-02,1.217942379894593752e-01,8.361735987609552723e+00,9.631942279653937788e-02,9.952757552977881117e-01,-1.219588900240300977e-02,5.240353020710761811e-01,-1.200708437534922790e-01,2.378168615377066614e-02,9.924804400510913727e-01,-4.951049429863216833e-01,0.000000000000000000e+00,0.000000000000000000e+00,0.000000000000000000e+00,1.000000000000000056e-01
9.862324302815002053e-01,-1.012305959216981688e-01,1.307591675959424993e-01,9.209714260193175406e+00,1.037684343676023579e-01,9.945200759995415085e-01,-1.272519008749259210e-02,6.397381548344127644e-01,-1.287544387193797768e-01,2.611866924642374660e-02,9.913324919656640866e-01,-5.944515108136263493e-01,0.000000000000000000e+00,0.000000000000000000e+00,0.000000000000000000e+00,1.000000000000000056e-01
9.843169890148331103e-01,-1.066869312284471211e-01,1.404918639702296690e-01,9.989934816014075736e+00,1.100153633557860861e-01,9.937991715175696905e-01,-1.611913510975517341e-02,7.446377050667185582e-01,-1.379009969596568519e-01,3.132260199997398409e-02,9.899506096980211778e-01,-6.885101443277660271e-01,0.000000000000000000e+00,0.000000000000000000e+00,0.000000000000000000e+00,1.000000000000000056e-01
9.819162988723063590e-01,-1.144332816685723203e-01,1.508158017432942588e-01,1.081779000376877420e+01,1.182581291649001803e-01,9.928439409779198366e-01,-1.661095270749135544e-02,8.552638028703167805e-01,-1.478357091345972318e-01,3.414575976594929480e-02,9.884223136871591597e-01,-8.107041925417233230e-01,0.000000000000000000e+00,0.000000000000000000e+00,0.000000000000000000e+00,1.000000000000000056e-01
9.798548156404564002e-01,-1.197528851692089003e-01,1.598242370851725713e-01,1.162363475943183388e+01,1.241548605619631485e-01,9.921029979094935225e-01,-1.781045024234039278e-02,9.697749958989364538e-01,-1.564292519481144672e-01,3.729461130841370264e-02,9.869848028730268119e-01,-9.102152913803065459e-01,0.000000000000000000e+00,0.000000000000000000e+00,0.000000000000000000e+00,1.000000000000000056e-01
9.778369473129422396e-01,-1.255928748729937816e-01,1.675151761806755457e-01,1.248537679235087872e+01,1.300391614516312189e-01,9.913829884672001880e-01,-1.579831215034394054e-02,1.109192205235892681e+00,-1.640875405345050553e-01,3.723170636674659473e-02,9.857429071935326359e-01,-1.044762782134216916e+00,0.000000000000000000e+00,0.000000000000000000e+00,0.000000000000000000e+00,1.000000000000000056e-01
9.757236025432708404e-01,-1.333209745454838058e-01,1.737497314709395835e-01,1.338778173110820369e+01,1.380224905040792760e-01,9.903123279607405349e-01,-1.520806378307327893e-02,1.243284968074723773e+00,-1.700389471710305189e-01,3.882023744416217975e-02,9.846724052240655167e-01,-1.195025701123337392e+00,0.000000000000000000e+00,0.000000000000000000e+00,0.000000000000000000e+00,1.000000000000000056e-01
9.746856198211276689e-01,-1.320468764379367776e-01,1.804205224936690222e-01,1.425524104812947357e+01,1.365280572716316976e-01,9.905561562340065018e-01,-1.259328886925845797e-02,1.381283248820594833e+00,-1.770537548077936729e-01,3.690696099511304312e-02,9.835089446154350323e-01,-1.337005758191644578e+00,0.000000000000000000e+00,0.000000000000000000e+00,0.000000000000000000e+00,1.000000000000000056e-01
9.698522103470652578e-01,-1.536748229695847345e-01,1.891315385391308113e-01,1.522497308157447193e+01,1.586205796974180515e-01,9.872760403189523304e-01,-1.120410231056034010e-02,1.624201822278249718e+00,-1.850032480292359283e-01,4.086647767299309009e-02,9.818878394303678370e-01,-1.510016488025436976e+00,0.000000000000000000e+00,0.000000000000000000e+00,0.000000000000000000e+00,1.000000000000000056e-01
9.680085218100807909e-01,-1.558698548809659967e-01,1.966318642602186140e-01,1.614586994398112196e+01,1.613078389805400192e-01,9.868330090950871991e-01,-1.184876549535015394e-02,1.796502519650073681e+00,-1.921959489336094173e-01,4.318796707095893389e-02,9.804057918605882938e-01,-1.681850855279391155e+00,0.000000000000000000e+00,0.000000000000000000e+00,0.000000000000000000e+00,1.000000000000000056e-01
9.645602034922744483e-01,-1.637236937467260456e-01,2.069255082025180936e-01,1.702602600226331120e+01,1.704857379450865629e-01,9.852435876643769186e-01,-1.515539915497502235e-02,1.965012444790955826e+00,-2.013907321508648374e-01,4.989614285849770792e-02,9.782393101545158176e-01,-1.851267899047768228e+00,0.000000000000000000e+00,0.000000000000000000e+00,0.000000000000000000e+00,1.000000000000000056e-01
9.616580772954974599e-01,-1.708113819795780697e-01,2.145628443103644589e-01,1.785126907710883870e+01,1.784586697924799847e-01,9.838066541276229149e-01,-1.664242981389225245e-02,2.112054619318841642e+00,-2.082456375250766600e-01,5.429492683887150034e-02,9.765683874523770625e-01,-2.014981921266651099e+00,0.000000000000000000e+00,0.000000000000000000e+00,0.000000000000000000e+00,1.000000000000000056e-01
9.589634121515339116e-01,-1.757275502051434957e-01,2.225061847535616255e-01,1.872145819371005615e+01,1.849097592636488041e-01,9.825319606770230862e-01,-2.096013304404599140e-02,2.265786175302811234e+00,-2.149361651368767723e-01,6.124356576052250589e-02,9.747059405631987028e-01,-2.201559180418550810e+00,0.000000000000000000e+00,0.000000000000000000e+00,0.000000000000000000e+00,1.000000000000000056e-01
9.554336754168906154e-01,-1.818909149239172907e-01,2.325127672785130550e-01,1.961911771345981137e+01,1.920650346629126926e-01,9.811423546804165507e-01,-2.169567496304022902e-02,2.447985273885955770e+00,-2.241818778119806788e-01,6.538635117750508929e-02,9.723513309192239884e-01,-2.396823531299780985e+00,0.000000000000000000e+00,0.000000000000000000e+00,0.000000000000000000e+00,1.000000000000000056e-01
9.524057303059034751e-01,-1.856557536557570387e-01,2.417752386308234247e-01,2.051198656362031514e+01,1.969616621130412804e-01,9.801356355005507170e-01,-2.324305658900553684e-02,2.615643922431254875e+00,-2.326573199754241872e-01,6.975727314369742360e-02,9.700538615486300476e-01,-2.604451065667738874e+00,0.000000000000000000e+00,0.000000000000000000e+00,0.000000000000000000e+00,1.000000000000000056e-01
9.501802661651310711e-01,-1.851483063218286595e-01,2.507539958934235091e-01,2.138737783689114025e+01,1.983885962339705378e-01,9.797129004210063385e-01,-2.836543024482141018e-02,2.815296826638216565e+00,-2.404151132409844127e-01,7.669900530526796434e-02,9.676351770737291469e-01,-2.810468870130440333e+00,0.000000000000000000e+00,0.000000000000000000e+00,0.000000000000000000e+00,1.000000000000000056e-01
9.469908458151130581e-01,-1.876972651055863472e-01,2.607260528107231967e-01,2.228600448512396781e+01,2.023581609225889866e-01,9.788420927163568042e-01,-3.032049199288612898e-02,3.033929318610411929e+00,-2.495185617352030927e-01,8.147327290925736321e-02,9.649365746778642006e-01,-3.030851725171848976e+00,0.000000000000000000e+00,0.000000000000000000e+00,0.000000000000000000e+00,1.000000000000000056e-01
9.451418956180558384e-01,-1.848587040451742936e-01,2.693214746102634560e-01,2.319731684530174576e+01,2.002451975817116647e-01,9.792687037435540143e-01,-3.057231940629730887e-02,3.244982424592248282e+00,-2.580865319867919894e-01,8.282551181343866809e-02,9.625649466918440034e-01,-3.257167251118172402e+00,0.000000000000000000e+00,0.000000000000000000e+00,0.000000000000000000e+00,1.000000000000000056e-01
9.447628230090941992e-01,-1.784912272793295618e-01,2.748892323176840291e-01,2.407137895237462999e+01,1.946148762521555386e-01,9.803474687378490593e-01,-3.230929402896731695e-02,3.438611311377165691e+00,-2.637200375421729914e-01,8.402215376679414427e-02,9.609328902036521347e-01,-3.488541909887815429e+00,0.000000000000000000e+00,0.000000000000000000e+00,0.000000000000000000e+00,1.000000000000000056e-01
9.430913300695837886e-01,-1.814668276001080160e-01,2.786548647132076617e-01,2.496609250620862142e+01,1.988399988365607274e-01,9.794013239829179041e-01,-3.515254533008893567e-02,3.622242723609024662e+00,-2.665359225512762276e-01,8.855979370606109624e-02,9.597477610958412564e-01,-3.718376041170467161e+00,0.000000000000000000e+00,0.000000000000000000e+00,0.000000000000000000e+00,1.000000000000000056e-01
9.433642314387067351e-01,-1.808528864699291971e-01,2.781297544268738764e-01,2.583236932450984114e+01,1.986906237879625392e-01,9.793599485162698404e-01,-3.709618930509832324e-02,3.816220309746837458e+00,-2.656801890634840624e-01,9.025699251417725055e-02,9.598269179604660417e-01,-3.961207971554067342e+00,0.000000000000000000e+00,0.000000000000000000e+00,0.000000000000000000e+00,1.000000000000000056e-01
9.410640802219466527e-01,-1.814471693473554970e-01,2.854388229583595393e-01,2.671920927470683083e+01,2.012652412480853692e-01,9.786598353693101160e-01,-4.143946549202572049e-02,4.008869958781652976e+00,-2.718284377716423394e-01,9.644610604242602470e-02,9.575006261344592984e-01,-4.200846151715355248e+00,0.000000000000000000e+00,0.000000000000000000e+00,0.000000000000000000e+00,1.000000000000000056e-01
9.390601113301275671e-01,-1.823331506491741860e-01,2.914116152163363505e-01,2.762591545011221683e+01,2.039384089776274667e-01,9.779351704462811989e-01,-4.529820910231274755e-02,4.184375006923141349e+00,-2.767223024122242303e-01,1.019677624474934208e-01,9.555246426802027626e-01,-4.455581577994783160e+00,0.000000000000000000e+00,0.000000000000000000e+00,0.000000000000000000e+00,1.000000000000000056e-01
9.353890745477322355e-01,-1.829474583558781120e-01,3.026177567458016582e-01,2.856282428937473128e+01,2.069610933136376563e-01,9.771215053964954489e-01,-4.899662790550307623e-02,4.385439014191426566e+00,-2.867305094878476734e-01,1.084610122247196828e-01,9.518517866537985483e-01,-4.724731653131075682e+00,0.000000000000000000e+00,0.000000000000000000e+00,0.000000000000000000e+00,1.000000000000000056e-01
9.319463944709001080e-01,-1.841371325238574108e-01,3.123610639285582247e-01,2.946515914276447390e+01,2.109233669254498567e-01,9.760131782819116975e-01,-5.394079258662562437e-02,4.576924571192523494e+00,-2.949360119034660777e-01,1.161541744662355768e-01,9.484307864238411545e-01,-4.994397197395993970e+00,0.000000000000000000e+00,0.000000000000000000e+00,0.000000000000000000e+00,1.000000000000000056e-01
9.286349467514705136e-01,-1.833884492329707072e-01,3.224993214873786429e-01,3.034015937505677485e+01,2.133309998460703460e-01,9.751500322569313095e-01,-5.976871333717791862e-02,4.763460312301688759e+00,-3.035243320997006999e-01,1.243024186298558875e-01,9.446808395147001658e-01,-5.251516482038604217e+00,0.000000000000000000e+00,0.000000000000000000e+00,0.000000000000000000e+00,1.000000000000000056e-01
9.278485085838577007e-01,-1.867126386791717330e-01,3.228552859659759577e-01,3.124870818669419847e+01,2.183719222174824448e-01,9.737351533632201406e-01,-6.444807748682560011e-02,4.955157476832608765e+00,-3.023422707888409611e-01,1.303005819717131530e-01,9.442515076144066821e-01,-5.535183729181013312e+00,0.000000000000000000e+00,0.000000000000000000e+00,0.000000000000000000e+00,1.000000000000000056e-01
9.266352786342093584e-01,-1.914249888678870581e-01,3.235792546308099982e-01,3.218785521486688594e+01,2.238000004021927225e-01,9.724232238891757918e-01,-6.562494541681831994e-02,5.169294328782693349e+00,-3.020937275258786525e-01,1.332274268981847032e-01,9.439225776045454541e-01,-5.839100145574454892e+00,0.000000000000000000e+00,0.000000000000000000e+00,0.000000000000000000e+00,1.000000000000000056e-01
9.236315021607421905e-01,-1.932919944873265905e-01,3.309728887437796141e-01,3.310326348281683551e+01,2.274645275757989360e-01,9.714483939050554406e-01,-6.743816926642447196e-02,5.408144423611802587e+00,-3.084878229541802019e-01,1.375726093610193379e-01,9.412274115444103639e-01,-6.144775964848630423e+00,0.000000000000000000e+00,0.000000000000000000e+00,0.000000000000000000e+00,1.000000000000000056e-01
9.216703566810338089e-01,-1.968266623859111775e-01,3.343396754641577706e-01,3.402192809268952089e+01,2.321379549558491573e-01,9.702506830673910398e-01,-6.874286782043036170e-02,5.635879646697007139e+00,-3.108628692596977494e-01,1.409711920261850771e-01,9.399422320197898806e-01,-6.428489299948455304e+00,0.000000000000000000e+00,0.000000000000000000e+00,0.000000000000000000e+00,1.000000000000000056e-01
9.199635516667987734e-01,-1.999384498852091741e-01,3.371819684711935827e-01,3.491674881920107509e+01,2.360090246964837435e-01,9.692861053209240740e-01,-6.916781255475033807e-02,5.876873733667569155e+00,-3.129964917797383728e-01,1.432098540230184458e-01,9.388951665890510334e-01,-6.720301845846863742e+00,0.000000000000000000e+00,0.000000000000000000e+00,0.000000000000000000e+00,1.000000000000000056e-01
9.173150071316980014e-01,-2.019397103787405612e-01,3.431523438112046298e-01,3.582715889144566290e+01,2.392474949622291625e-01,9.684584291496769470e-01,-6.963409483319440985e-02,6.103684950041088797e+00,-3.182668909033280480e-01,1.459747388457693640e-01,9.366950206837006965e-01,-7.025777836560099132e+00,0.000000000000000000e+00,0.000000000000000000e+00,0.000000000000000000e+00,1.000000000000000056e-01
9.149247376982180269e-01,-2.047216810041400659e-01,3.478530690890709876e-01,3.676106517411947294e+01,2.442565254917634099e-01,9.669304206220769027e-01,-7.337786744179085330e-02,6.348722345303952963e+00,-3.213276740377933871e-01,1.521006081593779258e-01,9.346731679549857841e-01,-7.349141557403799929e+00,0.000000000000000000e+00,0.000000000000000000e+00,0.000000000000000000e+00,1.000000000000000056e-01
9.116225441658322159e-01,-2.092866181138511306e-01,3.537561991641733905e-01,3.769144180689519885e+01,2.491858162796735110e-01,9.658696821390020393e-01,-7.072613441816236191e-02,6.593625379455832380e+00,-3.268803541567588122e-01,1.526265658500191025e-01,9.326598337353130264e-01,-7.643052805053693888e+00,0.000000000000000000e+00,0.000000000000000000e+00,0.000000000000000000e+00,1.000000000000000056e-01
9.092500434731296544e-01,-2.132334124214129156e-01,3.574854826020651966e-01,3.861890562606049571e+01,2.534039640911981972e-01,9.648980794837968000e-01,-6.897917940471125220e-02,6.844530444235998878e+00,-3.302283897955755054e-01,1.533075602688928618e-01,9.313678127020609265e-01,-7.968896580662463869e+00,0.000000000000000000e+00,0.000000000000000000e+00,0.000000000000000000e+00,1.000000000000000056e-01
9.064367788220288880e-01,-2.181262520115876402e-01,3.616535692926610701e-01,3.954969347659186951e+01,2.607104664175490805e-01,9.626669733256372208e-01,-7.281724499320750554e-02,7.114460838090741923e+00,-3.322685942112017510e-01,1.602910997261985937e-01,9.294645472794955676e-01,-8.280847616460961902e+00,0.000000000000000000e+00,0.000000000000000000e+00,0.000000000000000000e+00,1.000000000000000056e-01
9.043155172984682633e-01,-2.243610434546106369e-01,3.631467573215572675e-01,4.047003840226305726e+01,2.674412066666788657e-01,9.608542862429066966e-01,-7.234805861462383081e-02,7.381171100243327565e+00,-3.326990323849386422e-01,1.625458790267923503e-01,9.289188291027009603e-01,-8.589091531045690786e+00,0.000000000000000000e+00,0.000000000000000000e+00,0.000000000000000000e+00,1.000000000000000056e-01
9.037719789799676384e-01,-2.259380819002983209e-01,3.635219294043303129e-01,4.141166473260644665e+01,2.699914662657261766e-01,9.599687871102293713e-01,-7.459581702614744014e-02,7.661254887092108667e+00,-3.321156698415719810e-01,1.655654279169697651e-01,9.285942445031385439e-01,-8.923045949531710264e+00,0.000000000000000000e+00,0.000000000000000000e+00,0.000000000000000000e+00,1.000000000000000056e-01
9.022515013427787611e-01,-2.295029350875452123e-01,3.650625030195564502e-01,4.237781954357333802e+01,2.743544208756732439e-01,9.586694788864011940e-01,-7.538223927192552742e-02,7.929486067046277675e+00,-3.326738343643449447e-01,1.681702501570294939e-01,9.279261214619656251e-01,-9.259772712334450873e+00,0.000000000000000000e+00,0.000000000000000000e+00,0.000000000000000000e+00,1.000000000000000056e-01
8.994597920681099978e-01,-2.319891564613121571e-01,3.703418876351435296e-01,4.332196909943007768e+01,2.796151008219308620e-01,9.567938555792653288e-01,-7.975533410440588389e-02,8.229119238885004961e+00,-3.358384698707608251e-01,1.752899004795563931e-01,9.254652737648957350e-01,-9.585189455107204992e+00,0.000000000000000000e+00,0.000000000000000000e+00,0.000000000000000000e+00,1.000000000000000056e-01
8.982266456824206102e-01,-2.301326183180833762e-01,3.744701202661843142e-01,4.423290761004849969e+01,2.791229521225265797e-01,9.567886989946522425e-01,-8.152154975542594273e-02,8.506018386801063258e+00,-3.395280114872893940e-01,1.777480336380237447e-01,9.236483995294437754e-01,-9.912876366200178424e+00,0.000000000000000000e+00,0.000000000000000000e+00,0.000000000000000000e+00,1.000000000000000056e-01
8.945689004022715496e-01,-2.435580057711550506e-01,3.747345463896394335e-01,4.503638114144325755e+01,2.942234778914710747e-01,9.520757215516589822e-01,-8.357251635157927905e-02,8.769214703973165825e+00,-3.364209082243816429e-01,1.850170755813256573e-01,9.233578148544669961e-01,-1.019927030459527550e+01,0.000000000000000000e+00,0.000000000000000000e+00,0.000000000000000000e+00,1.000000000000000056e-01
8.949853362146511504e-01,-2.456437585039924765e-01,3.723713091375061568e-01,4.588627072269132867e+01,2.973310345527855336e-01,9.507625893415252438e-01,-8.743428732693223071e-02,9.040136933253418050e+00,-3.325590231109633033e-01,1.889699516236126586e-01,9.239560885295639014e-01,-1.051302163992623839e+01,0.000000000000000000e+00,0.000000000000000000e+00,0.000000000000000000e+00,1.000000000000000056e-01
8.943105680263374602e-01,-2.464041298397081914e-01,3.734884371896213806e-01,4.671893186668091147e+01,2.993362437153508360e-01,9.498860251090458506e-01,-9.007970082610861073e-02,9.319481868514095879e+00,-3.325754367279604717e-01,1.923578542728977547e-01,9.232507973377185317e-01,-1.081790677396646494e+01,0.000000000000000000e+00,0.000000000000000000e+00,0.000000000000000000e+00,1.000000000000000056e-01
8.914378521156225421e-01,-2.491794932648400129e-01,3.784813548271077077e-01,4.755156122242264161e+01,3.037847844730102720e-01,9.483725451096512993e-01,-9.112804400912546954e-02,9.625226925842513381e+00,-3.362340859255232295e-01,1.962118646221985563e-01,9.211121232745272946e-01,-1.112351676751300644e+01,0.000000000000000000e+00,0.000000000000000000e+00,0.000000000000000000e+00,1.000000000000000056e-01
8.904945817568129529e-01,-2.465397880314082468e-01,3.824101630176519051e-01,4.842983483043993687e+01,3.040835249137589513e-01,9.476807820889859846e-01,-9.713055716524679473e-02,9.938222725993126616e+00,-3.384562153924524641e-01,2.027788652119254242e-01,9.188732894613824698e-01,-1.143913259862007337e+01,0.000000000000000000e+00,0.000000000000000000e+00,0.000000000000000000e+00,1.000000000000000056e-01
8.875807881531250221e-01,-2.472502945037637623e-01,3.886742033751140468e-01,4.924288349566569423e+01,3.080588509476260839e-01,9.459096524218791879e-01,-1.017579176671181695e-01,1.021450546455759678e+01,-3.424910055086202165e-01,2.100529012485231051e-01,9.157388764395516523e-01,-1.174649173069085073e+01,0.000000000000000000e+00,0.000000000000000000e+00,0.000000000000000000e+00,1.000000000000000056e-01
8.863169922585263372e-01,-2.509774894563155945e-01,3.891689723243676458e-01,5.008983114839619333e+01,3.138608559070864557e-01,9.434952093008129870e-01,-1.063398004309123041e-01,1.053487054703661663e+01,-3.404901648551255100e-01,2.163956788215053995e-01,9.150078457719962310e-01,-1.205478207340999219e+01,0.000000000000000000e+00,0.000000000000000000e+00,0.000000000000000000e+00,1.000000000000000056e-01
8.858243775473186865e-01,-2.521929690509069899e-01,3.895046578722693442e-01,5.099470627463491468e+01,3.163158140699487419e-01,9.423438288001455554e-01,-1.092355898576447132e-01,1.085592377010195264e+01,-3.394988629026184923e-01,2.199700313305660848e-01,9.145237598905010534e-01,-1.235786286915880972e+01,0.000000000000000000e+00,0.000000000000000000e+00,0.000000000000000000e+00,1.000000000000000056e-01
8.831265969510947444e-01,-2.573517276454798108e-01,3.922467361692962839e-01,5.185872882321931598e+01,3.235047852240156563e-01,9.395869552004665337e-01,-1.118973080743236315e-01,1.118879927726501933e+01,-3.397529509728240971e-01,2.257131850269349926e-01,9.130287456648089606e-01,-1.268009139314635014e+01,0.000000000000000000e+00,0.000000000000000000e+00,0.000000000000000000e+00,1.000000000000000056e-01
8.809626824625178543e-01,-2.593561612602209299e-01,3.957766209932153112e-01,5.269388594664524561e+01,3.272659026769107471e-01,9.380615390939992526e-01,-1.137434737365804471e-01,1.150177897916761083e+01,-3.417627555095956726e-01,2.297279488633450217e-01,9.112756380248122623e-01,-1.298647026336962362e+01,0.000000000000000000e+00,0.000000000000000000e+00,0.000000000000000000e+00,1.000000000000000056e-01
8.774565109405976226e-01,-2.615836399046944094e-01,4.020498361424415523e-01,5.353774662016031272e+01,3.316128602797791536e-01,9.364469770312449093e-01,-1.144551008304427187e-01,1.180068750913513576e+01,-3.465587717906107312e-01,2.337542695722461261e-01,9.084359961778976089e-01,-1.328807169178795533e+01,0.000000000000000000e+00,0.000000000000000000e+00,0.000000000000000000e+00,1.000000000000000056e-01
8.763243936907673115e-01,-2.671348923760255012e-01,4.008671928429143883e-01,5.436519453855999018e+01,3.353602596023382842e-01,9.356951607706505136e-01,-1.095813049285266072e-01,1.214975777695432235e+01,-3.458165023563237739e-01,2.304636964591945392e-01,9.095589212977920335e-01,-1.359572497322386120e+01,0.000000000000000000e+00,0.000000000000000000e+00,0.000000000000000000e+00,1.000000000000000056e-01
8.762964181161934096e-01,-2.714777641751725534e-01,3.980005165262717193e-01,5.518213543203856375e+01,3.407968367273859212e-01,9.332250191313651300e-01,-1.137918263491307369e-01,1.245919474359695833e+01,-3.405320890508515830e-01,2.353526868886622048e-01,9.103005048339533056e-01,-1.390003634699035473e+01,0.000000000000000000e+00,0.000000000000000000e+00,0.000000000000000000e+00,1.000000000000000056e-01
8.763855669578407559e-01,-2.773803746609372345e-01,3.937111451063355916e-01,5.599488162366739630e+01,3.457844182387967980e-01,9.314256448022406598e-01,-1.134874632194542154e-01,1.279044719427864862e+01,-3.352334621293656114e-01,2.355979540609132450e-01,9.122018032820757849e-01,-1.418620581849160089e+01,0.000000000000000000e+00,0.000000000000000000e+00,0.000000000000000000e+00,1.000000000000000056e-01
8.773034108029038602e-01,-2.794557278146463930e-01,3.901835742124182271e-01,5.683043353437773249e+01,3.494389074432366349e-01,9.292211721476976161e-01,-1.201684783848746413e-01,1.312802821369087880e+01,-3.289850685950176379e-01,2.417695378331299882e-01,9.128616079217518609e-01,-1.450175429128718108e+01,0.000000000000000000e+00,0.000000000000000000e+00,0.000000000000000000e+00,1.000000000000000056e-01
8.773199744507340636e-01,-2.834164668388441943e-01,3.872786706679697821e-01,5.765625404333597714e+01,3.526750746806685544e-01,9.280492368398718384e-01,-1.197702204219246308e-01,1.346031704668630624e+01,-3.254688220532779286e-01,2.416603408205779679e-01,9.141500563615001518e-01,-1.480866651399024114e+01,0.000000000000000000e+00,0.000000000000000000e+00,0.000000000000000000e+00,1.000000000000000056e-01
8.742429921728800402e-01,-2.874533730589838298e-01,3.912412924955933624e-01,5.851712949996002777e+01,3.580421127046922725e-01,9.260001705461736732e-01,-1.197060135432543859e-01,1.381091546887117261e+01,-3.278796062071720474e-01,2.447330024035787033e-01,9.124695728450126220e-01,-1.509465681117185731e+01,0.000000000000000000e+00,0.000000000000000000e+00,0.000000000000000000e+00,1.000000000000000056e-01
8.732971288102059360e-01,-2.907980376404275535e-01,3.908818569802480214e-01,5.933304617489634580e+01,3.627229375887653928e-01,9.237200304938478768e-01,-1.231802573930632916e-01,1.415426839274620185e+01,-3.252448237233410699e-01,2.493547805214915425e-01,9.121611689127374634e-01,-1.537226411883714938e+01,0.000000000000000000e+00,0.000000000000000000e+00,0.000000000000000000e+00,1.000000000000000056e-01
8.726452619443464398e-01,-2.955752924907035784e-01,3.887486247887161350e-01,6.006804424567457801e+01,3.679021003267496370e-01,9.213838888994029253e-01,-1.252987384285213779e-01,1.446124725219439178e+01,-3.211515084523957619e-01,2.523627859761573555e-01,9.127840559919432328e-01,-1.563938486157279151e+01,0.000000000000000000e+00,0.000000000000000000e+00,0.000000000000000000e+00,1.000000000000000056e-01
8.709913189648819110e-01,-3.019912234937483508e-01,3.875247388497468082e-01,6.079503946113921842e+01,3.746849471022483669e-01,9.185009680695884748e-01,-1.263612364224652729e-01,1.477187817864934516e+01,-3.177818633950038052e-01,2.552592262543662005e-01,9.131579352495500235e-01,-1.589899266680852108e+01,0.000000000000000000e+00,0.000000000000000000e+00,0.000000000000000000e+00,1.000000000000000056e-01
8.713482133480210390e-01,-3.035497829527600278e-01,3.854994427551663994e-01,6.150202573470217260e+01,3.771030170895078859e-01,9.169537436644986661e-01,-1.303424201158285278e-01,1.508185795235484150e+01,-3.139197438792307726e-01,2.589466378406816149e-01,9.134555452531913922e-01,-1.615206303726493786e+01,0.000000000000000000e+00,0.000000000000000000e+00,0.000000000000000000e+00,1.000000000000000056e-01
8.713146228928299042e-01,-3.086124992641592346e-01,3.815352581755123151e-01,6.221577483666928288e+01,3.828407863626429597e-01,9.138850411114486372e-01,-1.350816935412011421e-01,1.539177389275205776e+01,-3.069914660546099738e-01,2.637659131325636452e-01,9.144308518630516192e-01,-1.640282556766680599e+01,0.000000000000000000e+00,0.000000000000000000e+00,0.000000000000000000e+00,1.000000000000000056e-01
8.696784864105868706e-01,-3.119053637361628994e-01,3.825890410704449462e-01,6.288760218802669044e+01,3.871606301668827910e-01,9.118208298267217460e-01,-1.367092562443774917e-01,1.569427967317133721e+01,-3.062123066164599838e-01,2.670165132847041045e-01,9.137484363378722829e-01,-1.663105803004304306e+01,0.000000000000000000e+00,0.000000000000000000e+00,0.000000000000000000e+00,1.000000000000000056e-01
8.680054513346830980e-01,-3.172859897246397276e-01,3.819635285962900695e-01,6.356825641707794716e+01,3.931159590108653790e-01,9.090380537202773503e-01,-1.382376926146332841e-01,1.601317337947038411e+01,-3.033584995088166036e-01,2.701470296207346689e-01,9.137801722311844621e-01,-1.685583933464587503e+01,0.000000000000000000e+00,0.000000000000000000e+00,0.000000000000000000e+00,1.000000000000000056e-01
8.643057477603088845e-01,-3.233635572264312863e-01,3.852422409943670467e-01,6.423197684965707310e+01,4.014325797272921825e-01,9.049668536340508274e-01,-1.410208415702358109e-01,1.630889678698067868e+01,-3.030304577463866500e-01,2.765339105454426294e-01,9.119767200956724329e-01,-1.707580325746334182e+01,0.000000000000000000e+00,0.000000000000000000e+00,0.000000000000000000e+00,1.000000000000000056e-01
8.640149260055709490e-01,-3.263831860262440543e-01,3.833434798179641834e-01,6.484795593267253366e+01,4.045430736206331312e-01,9.033166921387930648e-01,-1.427019806765132404e-01,1.660113226999231983e+01,-2.997050370366816652e-01,2.783755908530544110e-01,9.125151621710479999e-01,-1.727099757725202878e+01,0.000000000000000000e+00,0.000000000000000000e+00,0.000000000000000000e+00,1.000000000000000056e-01
8.647193823454154549e-01,-3.326427157716568828e-01,3.763099964659720187e-01,6.543368463875215468e+01,4.088011297066158067e-01,9.014198246516935686e-01,-1.425620428988892685e-01,1.688401879987312526e+01,-2.917910659131939810e-01,2.771121133566101236e-01,9.154599120028552584e-01,-1.745318667206856134e+01,0.000000000000000000e+00,0.000000000000000000e+00,0.000000000000000000e+00,1.000000000000000056e-01
8.669227642499547359e-01,-3.330534503389499523e-01,3.708373228823362289e-01,6.602139302838108392e+01,4.093773674366025794e-01,9.001910445470563404e-01,-1.485471452029843986e-01,1.715127753378938280e+01,-2.843502977946293364e-01,2.805913087296188491e-01,9.167406534072247704e-01,-1.764140631740540854e+01,0.000000000000000000e+00,0.000000000000000000e+00,0.000000000000000000e+00,1.000000000000000056e-01
8.683516591640586535e-01,-3.340685714204425505e-01,3.665563880443652445e-01,6.666174099215294291e+01,4.103161868893699937e-01,8.990816255925579981e-01,-1.526199767344071923e-01,1.745882315483630265e+01,-2.785785756363798327e-01,2.829318294412067059e-01,9.177927636920317767e-01,-1.783891021457658255e+01,0.000000000000000000e+00,0.000000000000000000e+00,0.000000000000000000e+00,1.000000000000000056e-01
8.685747355597607244e-01,-3.381153144168952407e-01,3.622926481507122154e-01,6.726782685530180572e+01,4.136555089274845942e-01,8.972568283057837935e-01,-1.543350381235218394e-01,1.774725927654132462e+01,-2.728865124575332035e-01,2.839158646772125816e-01,9.191978748361830931e-01,-1.802950502001653987e+01,0.000000000000000000e+00,0.000000000000000000e+00,0.000000000000000000e+00,1.000000000000000056e-01
8.670907580690407901e-01,-3.412394725771968340e-01,3.629176761009208496e-01,6.785984471376231397e+01,4.172748394312241760e-01,8.954673257659396812e-01,-1.549837954859883127e-01,1.803678129226880955e+01,-2.720943322616302673e-01,2.858214317381274627e-01,9.188420884516906861e-01,-1.820281828667527790e+01,0.000000000000000000e+00,0.000000000000000000e+00,0.000000000000000000e+00,1.000000000000000056e-01
8.653482455984750077e-01,-3.483483556684845994e-01,3.603135258947468000e-01,6.840452955021041248e+01,4.248553085733752233e-01,8.912399801207825378e-01,-1.587112617659165448e-01,1.828381422236711984e+01,-2.658390125934557147e-01,2.904216261530296883e-01,9.192306013433008127e-01,-1.837162488022117657e+01,0.000000000000000000e+00,0.000000000000000000e+00,0.000000000000000000e+00,1.000000000000000056e-01
8.645367334163657214e-01,-3.550147814452960793e-01,3.557256548649653793e-01,6.890565546757655113e+01,4.315220348197137401e-01,8.871938437268389599e-01,-1.633273312040916525e-01,1.851637809336138574e+01,-2.576139942604314670e-01,2.947059358217032909e-01,9.202083684430610866e-01,-1.850198114296739504e+01,0.000000000000000000e+00,0.000000000000000000e+00,0.000000000000000000e+00,1.000000000000000056e-01
8.658560264758026204e-01,-3.546561266269461221e-01,3.528631083883745356e-01,6.944718005019522877e+01,4.330601346502429561e-01,8.844750951843756148e-01,-1.736741943274915101e-01,1.876483009237695398e+01,-2.505040143236185735e-01,3.031877930335609150e-01,9.194155213847495789e-01,-1.865514765297514543e+01,0.000000000000000000e+00,0.000000000000000000e+00,0.000000000000000000e+00,1.000000000000000056e-01
8.681546349032780441e-01,-3.531766041602339978e-01,3.486743698206128950e-01,6.998978312587543371e+01,4.324640182218353335e-01,8.830171593804913011e-01,-1.823610955851938942e-01,1.901407330308374810e+01,-2.434797791180619009e-01,3.091067493819142920e-01,9.193316129923773117e-01,-1.879811604601442809e+01,0.000000000000000000e+00,0.000000000000000000e+00,0.000000000000000000e+00,1.000000000000000056e-01
8.699459531235642640e-01,-3.549228961451574293e-01,3.423795794668063053e-01,7.049740072917759903e+01,4.326330173935070689e-01,8.825035860490775264e-01,-1.844345219082039466e-01,1.926458044958371474e+01,-2.366911720046244172e-01,3.085727765089658070e-01,9.212817868017499912e-01,-1.892984077794030640e+01,0.000000000000000000e+00,0.000000000000000000e+00,0.000000000000000000e+00,1.000000000000000056e-01
8.719391630876693888e-01,-3.537259611981626306e-01,3.385262770427291401e-01,7.099521366472754380e+01,4.293247174566693913e-01,8.847615505845052297e-01,-1.813209463577030167e-01,1.953432990190613694e+01,-2.353771077541858825e-01,3.034385324604276235e-01,9.233215442972921849e-01,-1.906245847488111522e+01,0.000000000000000000e+00,0.000000000000000000e+00,0.000000000000000000e+00,1.000000000000000056e-01
8.724870297916252904e-01,-3.510302021495956826e-01,3.399179018883848324e-01,7.148705292446025794e+01,4.283746381146170679e-01,8.841493330003598050e-01,-1.864809008322022288e-01,1.975369112673092786e+01,-2.350777579133305761e-01,3.083143754900714573e-01,9.217812612548644813e-01,-1.919572594377805075e+01,0.000000000000000000e+00,0.000000000000000000e+00,0.000000000000000000e+00,1.000000000000000056e-01
8.739420481237458738e-01,-3.482756146980565681e-01,3.390123784288167630e-01,7.201342416894931375e+01,4.264993431390635692e-01,8.840281622748472623e-01,-1.912917107637015224e-01,1.998700012940463822e+01,-2.330742517379809642e-01,3.117664262098264749e-01,9.211287036376258897e-01,-1.932095827685508738e+01,0.000000000000000000e+00,0.000000000000000000e+00,0.000000000000000000e+00,1.000000000000000056e-01
8.753671930842329418e-01,-3.442726651300884733e-01,3.394239374529399167e-01,7.251262676250087225e+01,4.231667858166517915e-01,8.851356109063113209e-01,-1.935583159854285529e-01,2.019579309346254803e+01,-2.337993769312382564e-01,3.130675364034684605e-01,9.205034323655875150e-01,-1.944966886212959523e+01,0.000000000000000000e+00,0.000000000000000000e+00,0.000000000000000000e+00,1.000000000000000056e-01
8.796639030848006913e-01,-3.389957970442009638e-01,3.335764787810753806e-01,7.296628417599954730e+01,4.165111303321101244e-01,8.876959860527120494e-01,-1.962506424330150434e-01,2.041856973601321457e+01,-2.295863583035418487e-01,3.115729223348364663e-01,9.220696384485542740e-01,-1.955250897184138381e+01,0.000000000000000000e+00,0.000000000000000000e+00,0.000000000000000000e+00,1.000000000000000056e-01
8.851027607869786928e-01,-3.317625668751616463e-01,3.263842858773569611e-01,7.342057694472946139e+01,4.071591657275761000e-01,8.916887048902421009e-01,-1.977692274727970156e-01,2.064613006880080448e+01,-2.254207546152141028e-01,3.079364427792959935e-01,9.243163044094487857e-01,-1.966456127878980809e+01,0.000000000000000000e+00,0.000000000000000000e+00,0.000000000000000000e+00,1.000000000000000056e-01
8.930973729544408046e-01,-3.163521541467170795e-01,3.198412058953759574e-01,7.387491680346336409e+01,3.892735127446717569e-01,8.998149483176685060e-01,-1.969751026386212800e-01,2.083218022054665397e+01,-2.254844001196099623e-01,3.004236564433688250e-01,9.267698807966820995e-01,-1.978172968276008703e+01,0.000000000000000000e+00,0.000000000000000000e+00,0.000000000000000000e+00,1.000000000000000056e-01
8.983231408473362212e-01,-3.035380549656461757e-01,3.176164098497577526e-01,7.434715131412332312e+01,3.768716179080477402e-01,9.039672310687908441e-01,-2.020173971943847457e-01,2.100884085952502289e+01,-2.257948587402898444e-01,3.011775130076873586e-01,9.264495601083508891e-01,-1.988465657463795466e+01,0.000000000000000000e+00,0.000000000000000000e+00,0.000000000000000000e+00,1.000000000000000056e-01
9.053130818608328134e-01,-2.829803711686366685e-01,3.167496382711458836e-01,7.481263184362576624e+01,3.575801938561645188e-01,9.102372204097367581e-01,-2.088171629501374138e-01,2.118550632034344261e+01,-2.292261520277058817e-01,3.023083063926909064e-01,9.252378392135472973e-01,-2.000352429256316000e+01,0.000000000000000000e+00,0.000000000000000000e+00,0.000000000000000000e+00,1.000000000000000056e-01
9.127202222452533986e-01,-2.599764057998646960e-01,3.152047974443906719e-01,7.526007135826895933e+01,3.350291809505564489e-01,9.177808313049871103e-01,-2.131520433885777388e-01,2.138021338216803713e+01,-2.338744189007737340e-01,3.001509855331327969e-01,9.247768066227193273e-01,-2.009944209609579957e+01,0.000000000000000000e+00,0.000000000000000000e+00,0.000000000000000000e+00,1.000000000000000056e-01
9.213546097016217518e-01,-2.330555005156217940e-01,3.111122255087145905e-01,7.569183023548706046e+01,3.084186084512728354e-01,9.254289039792377158e-01,-2.201347442835120960e-01,2.148352398356248116e+01,-2.366086328571988529e-01,2.987749610646779352e-01,9.245268397933331661e-01,-2.022616933324690081e+01,0.000000000000000000e+00,0.000000000000000000e+00,0.000000000000000000e+00,1.000000000000000056e-01
