1.000000000000000000e+00,-2.413563114758428695e-12,1.186950247139561832e-12,1.815131625297664646e-19,2.413563114758765545e-12,1.000000000000000000e+00,-2.839498475477383880e-13,5.538999745101382626e-19,-1.186950247138876419e-12,2.839498475506031269e-13,1.000000000000000000e+00,-3.690250957791348961e-19,0.000000000000000000e+00,0.000000000000000000e+00,0.000000000000000000e+00,1.000000000000000056e-01
9.999990314741271646e-01,-6.305321901095512025e-04,-1.240757818777115220e-03,6.468619813475976477e-01,6.272148807680492759e-04,9.999962329918865578e-01,-2.672190773485267658e-03,-4.490949815303700576e-03,1.242438047133141146e-03,2.671409963632000173e-03,9.999956599488345477e-01,-3.715307514274633995e-04,0.000000000000000000e+00,0.000000000000000000e+00,0.000000000000000000e+00,1.000000000000000056e-01
9.999803575070388417e-01,-5.429277663623413748e-03,-3.131699881219751624e-03,1.307175529103150824e+00,5.420526715738159008e-03,9.999813997837855295e-01,-2.796064481527258620e-03,5.314500898921892431e-03,3.146822241360448628e-03,2.779034096978535550e-03,9.999911872008018232e-01,4.362554342950937004e-03,0.000000000000000000e+00,0.000000000000000000e+00,0.000000000000000000e+00,1.000000000000000056e-01
9.999362872046168027e-01,-9.953143946126454325e-03,-5.325078124672766484e-03,2.004906958275313400e+00,9.937845614559433563e-03,9.999464372927661104e-01,-2.891672534271936667e-03,1.418735212441630221e-02,5.353574132050844918e-03,2.838568493442979266e-03,9.999816407179287214e-01,8.816949770576112608e-03,0.000000000000000000e+00,0.000000000000000000e+00,0.000000000000000000e+00,1.000000000000000056e-01
9.998570779353140869e-01,-1.610178007803521674e-02,-5.153288365106319970e-03,2.702843763826467960e+00,1.609435958337316827e-02,9.998693847257202894e-01,-1.478200869525892304e-03,2.266087714592424085e-02,5.176416932245335271e-03,1.395050726020764667e-03,9.999856291673472342e-01,1.664953881348562453e-02,0.000000000000000000e+00,0.000000000000000000e+00,0.000000000000000000e+00,1.000000000000000056e-01
9.997517928313855995e-01,-2.135540082968485909e-02,-6.348195478537125777e-03,3.410883682362086500e+00,2.134587019945674569e-02,9.997709255877121892e-01,-1.565303458485886286e-03,3.076963042491574762e-02,6.380168952164850735e-03,1.429407182260801447e-03,9.999786248911769482e-01,3.034301769689942002e-02,0.000000000000000000e+00,0.000000000000000000e+00,0.000000000000000000e+00,1.000000000000000056e-01
9.996522477287480557e-01,-2.533599133868808667e-02,-7.312397264081123283e-03,4.129948526448345980e+00,2.533343418543237968e-02,9.996789592832973081e-01,-4.421296597819059028e-04,5.368864278789244049e-02,7.321251480053459632e-03,2.567277733611939288e-04,9.999731663237849677e-01,4.089482184791907310e-02,0.000000000000000000e+00,0.000000000000000000e+00,0.000000000000000000e+00,1.000000000000000056e-01
9.994980109948675695e-01,-3.008535481448539398e-02,-9.929624514056148085e-03,4.893414149944697478e+00,3.009990562411201179e-02,9.995460246713613328e-01,1.319183496653116667e-03,8.577214990711383436e-02,9.885428605941897276e-03,-1.617402041798003632e-03,9.999498298974364152e-01,5.568709543856792399e-02,0.000000000000000000e+00,0.000000000000000000e+00,0.000000000000000000e+00,1.000000000000000056e-01
9.993433262986465282e-01,-3.477366980132235580e-02,-1.018371596743967641e-02,5.655656141084596022e+00,3.479420609423677230e-02,9.993927927615825491e-01,1.846347333593656740e-03,1.261037585740816813e-01,1.011332806887332153e-02,-2.199469198032387700e-03,9.999464400309739931e-01,6.016145015301943566e-02,0.000000000000000000e+00,0.000000000000000000e+00,0.000000000000000000e+00,1.000000000000000056e-01
9.992102768640637178e-01,-3.889875694190133432e-02,-8.106128398681860733e-03,6.438746984346890301e+00,3.891548990300650740e-02,9.992406670203047847e-01,1.916772919626674255e-03,1.623481404285899710e-01,8.025413064137719779e-03,-2.230713157557087222e-03,9.999653077302025350e-01,7.106739028255319723e-02,0.000000000000000000e+00,0.000000000000000000e+00,0.000000000000000000e+00,1.000000000000000056e-01
9.991037229263741715e-01,-4.181525971344539350e-02,-6.575324308046565265e-03,7.236617625222046435e+00,4.182498996263407653e-02,9.991240411850633718e-01,1.349274120905451149e-03,2.025621508790386716e-01,6.513144346967572086e-03,-1.623077670629958363e-03,9.999774720310405929e-01,8.611368855602191674e-02,0.000000000000000000e+00,0.000000000000000000e+00,0.000000000000000000e+00,1.000000000000000056e-01
9.991211270640757425e-01,-4.145989063472836633e-02,-6.168543001985466769e-03,8.032326364683692432e+00,4.147220389344580260e-02,9.991378860540041096e-01,1.881742744483551463e-03,2.422465892821566436e-01,6.085208166647998289e-03,-2.135912004816882363e-03,9.999792038444981213e-01,1.003652655961789625e-01,0.000000000000000000e+00,0.000000000000000000e+00,0.000000000000000000e+00,1.000000000000000056e-01
9.990401710826711801e-01,-4.333975733226448634e-02,-6.356256562433350993e-03,8.867528466595899772e+00,4.333999728490799119e-02,9.990603758658416211e-01,-1.000507237692638881e-04,2.887570529005739073e-01,6.354620244453464475e-03,-1.755254499666496042e-04,9.999797937920371638e-01,1.153599585877975731e-01,0.000000000000000000e+00,0.000000000000000000e+00,0.000000000000000000e+00,1.000000000000000056e-01
9.989011542662168397e-01,-4.645586303000567852e-02,-6.191671483289251654e-03,9.642558152073393174e+00,4.645430398417534079e-02,9.989203377935800265e-01,-3.954537972033780012e-04,3.524917307381287834e-01,6.203357717031751303e-03,1.073894652305440011e-04,9.999807532250494235e-01,1.317738500986001537e-01,0.000000000000000000e+00,0.000000000000000000e+00,0.000000000000000000e+00,1.000000000000000056e-01
9.988329643196560692e-01,-4.804341109652409542e-02,-4.953790328523709555e-03,1.042539263248304238e+01,4.804427158648408996e-02,9.988452057085208668e-01,5.477980331992904871e-05,3.589057990191778513e-01,4.945437911120459037e-03,-2.927171212609837943e-04,9.999877284049810688e-01,1.384643071814887771e-01,0.000000000000000000e+00,0.000000000000000000e+00,0.000000000000000000e+00,1.000000000000000056e-01
9.987789893729739354e-01,-4.901798257619377486e-02,-6.145548898247966269e-03,1.122784897149361960e+01,4.900979631829847916e-02,9.987972076605305949e-01,-1.475748747522644079e-03,4.108637129775195018e-01,6.210495305504224253e-03,1.172754742851822183e-03,9.999800269977262568e-01,1.643310090606683316e-01,0.000000000000000000e+00,0.000000000000000000e+00,0.000000000000000000e+00,1.000000000000000056e-01
9.986535436657316689e-01,-5.138594274417675190e-02,-7.112286001608326969e-03,1.209555081155464507e+01,5.138092153138928975e-02,9.986787341587272104e-01,-8.870409841543653879e-04,4.617359649572347347e-01,7.148470218284533328e-03,5.204108132450591985e-04,9.999743139431751526e-01,1.756726445811888637e-01,0.000000000000000000e+00,0.000000000000000000e+00,0.000000000000000000e+00,1.000000000000000056e-01
9.985031387492558919e-01,-5.419349089564046151e-02,-7.385624714829140680e-03,1.299372880544115638e+01,5.419547822087875111e-02,9.985303427391435394e-01,6.906271704160390546e-05,5.327875136126906108e-01,7.371027628113807975e-03,-4.692268031166997675e-04,9.999727235169530992e-01,1.964934548708356377e-01,0.000000000000000000e+00,0.000000000000000000e+00,0.000000000000000000e+00,1.000000000000000056e-01
9.986589114662759448e-01,-5.095044289601512177e-02,-9.188629804961266287e-03,1.388363237745163481e+01,5.098305890910220795e-02,9.986938967889826824e-01,3.350853728216014391e-03,5.834737376164249589e-01,9.005901024535788515e-03,-3.814824391343190138e-03,9.999521692869112188e-01,2.088007772183836375e-01,0.000000000000000000e+00,0.000000000000000000e+00,0.000000000000000000e+00,1.000000000000000056e-01
9.978912628093740134e-01,-6.418550267349815153e-02,-9.656544685510939224e-03,1.481592259266831135e+01,6.424744161386783392e-02,9.979144486388182855e-01,6.246554566801276569e-03,7.116040629302217146e-01,9.235467220750182699e-03,-6.853790515747057270e-03,9.999338636633828825e-01,2.280816461889134117e-01,0.000000000000000000e+00,0.000000000000000000e+00,0.000000000000000000e+00,1.000000000000000056e-01
9.976585852910665464e-01,-6.770014064753177019e-02,-9.697327019962792213e-03,1.577731624954729384e+01,6.773850203617870491e-02,9.976963110719424543e-01,3.683234357512197438e-03,7.742268742618372279e-01,9.425631911033753932e-03,-4.331492784498309351e-03,9.999461963692524158e-01,2.343638095040482539e-01,0.000000000000000000e+00,0.000000000000000000e+00,0.000000000000000000e+00,1.000000000000000056e-01
9.975609306869676063e-01,-6.943836636737747703e-02,-7.106535244461673756e-03,1.670256615325370930e+01,6.946164954694085403e-02,9.975798574611925984e-01,3.083379627068934779e-03,8.584896899555126693e-01,6.875231572018898271e-03,-3.569490711083902514e-03,9.999699945132827228e-01,2.525483981390253541e-01,0.000000000000000000e+00,0.000000000000000000e+00,0.000000000000000000e+00,1.000000000000000056e-01
9.973681006694079532e-01,-7.219342338666875913e-02,-6.706816443798797184e-03,1.758205699656308951e+01,7.222208956421549697e-02,9.973800044063264592e-01,4.134802221947625131e-03,9.378066652885719279e-01,6.390739086839264393e-03,-4.608300136642340741e-03,9.999689605301629314e-01,2.721484428340761319e-01,0.000000000000000000e+00,0.000000000000000000e+00,0.000000000000000000e+00,1.000000000000000056e-01
9.972916154383004717e-01,-7.323625696033930765e-02,-6.773805644110541743e-03,1.849136014371028836e+01,7.327298084431044245e-02,9.972976157604096503e-01,5.341898238602435858e-03,1.007471303160059284e+00,6.364279586437577782e-03,-5.823767255086828923e-03,9.999627891478283237e-01,2.858825474570539371e-01,0.000000000000000000e+00,0.000000000000000000e+00,0.000000000000000000e+00,1.000000000000000056e-01
9.973332002881855063e-01,-7.260948788080934246e-02,-7.372236608568797679e-03,1.940821179142162833e+01,7.264235763786508482e-02,9.973488150246904160e-01,4.292906434838020605e-03,1.078613923306464883e+00,7.040985707883913418e-03,-4.816994761505363765e-03,9.999636098787439975e-01,3.067003144775103940e-01,0.000000000000000000e+00,0.000000000000000000e+00,0.000000000000000000e+00,1.000000000000000056e-01
9.972766418955705259e-01,-7.351559547562089292e-02,-5.895485676255431649e-03,2.033539308664840206e+01,7.351424213654786377e-02,9.972940675082496709e-01,-4.462240913130021379e-04,1.131254028466505579e+00,5.912337319797847206e-03,1.160670180074175771e-05,9.999825219136089238e-01,3.254433141137678676e-01,0.000000000000000000e+00,0.000000000000000000e+00,0.000000000000000000e+00,1.000000000000000056e-01
9.974139595007095460e-01,-7.183796207677051182e-02,-2.168086200642021719e-03,2.125115307995393010e+01,7.183731268912094126e-02,9.974162917813262919e-01,-3.760249906462072951e-04,1.212052510870586408e+00,2.189497367524590073e-03,2.193030884591618543e-04,9.999975790007858967e-01,3.306759567314440651e-01,0.000000000000000000e+00,0.000000000000000000e+00,0.000000000000000000e+00,1.000000000000000056e-01
9.973968253691193331e-01,-7.210780814375150616e-02,-1.916984775495945612e-04,2.221315596870585907e+01,7.210746887614641332e-02,9.973958749425816395e-01,-1.407685972631551787e-03,1.293461667597786136e+00,2.927044207819048385e-04,1.390198628215838766e-03,9.999989908354388612e-01,3.487250109812565779e-01,0.000000000000000000e+00,0.000000000000000000e+00,0.000000000000000000e+00,1.000000000000000056e-01
9.975429387178588181e-01,-7.004868678753292666e-02,1.125563627839738096e-03,2.318524043306788229e+01,7.005110956740279171e-02,9.975407968095262312e-01,-2.280515071452063336e-03,1.359753608615990927e+00,-9.630485522206795428e-04,2.353758687185543777e-03,9.999967661735355007e-01,3.628892287681287354e-01,0.000000000000000000e+00,0.000000000000000000e+00,0.000000000000000000e+00,1.000000000000000056e-01
9.978423093800364851e-01,-6.561533869317626166e-02,2.313641998109399345e-03,2.411529183031893098e+01,6.562400022425340929e-02,9.978368364418904735e-01,-3.890814080245805044e-03,1.423516801374590912e+00,-2.053340128385070223e-03,4.034249350203610203e-03,9.999897542607611989e-01,3.690873013610167508e-01,0.000000000000000000e+00,0.000000000000000000e+00,0.000000000000000000e+00,1.000000000000000056e-01
9.979632327987435492e-01,-6.379062058624446196e-02,-3.777659361502675069e-04,2.507205720906916824e+01,6.378788743618252211e-02,9.979505533736734435e-01,-5.079216239533209352e-03,1.492592207052543474e+00,7.009980810384374480e-04,5.044774167476061798e-03,9.999870293435257906e-01,3.804192281118988772e-01,0.000000000000000000e+00,0.000000000000000000e+00,0.000000000000000000e+00,1.000000000000000056e-01
9.980412906562872166e-01,-6.232384030844576733e-02,-5.414893751477297540e-03,2.602738843683669145e+01,6.230435179397692674e-02,9.980503519882096830e-01,-3.696301359877517904e-03,1.565245469183153659e+00,5.634704310325571591e-03,3.351689934647698790e-03,9.999785079100036445e-01,3.891101574434163157e-01,0.000000000000000000e+00,0.000000000000000000e+00,0.000000000000000000e+00,1.000000000000000056e-01
9.981044734754925818e-01,-6.091328276242673201e-02,-8.776788211770275572e-03,2.698239967186417942e+01,6.087251946852242912e-02,9.981338174810159281e-01,-4.839294817248255241e-03,1.631186517802388325e+00,9.055186456610433282e-03,4.295856594270165869e-03,9.999497733458203585e-01,4.087523596673507953e-01,0.000000000000000000e+00,0.000000000000000000e+00,0.000000000000000000e+00,1.000000000000000056e-01
9.981573504085113901e-01,-6.022815163311101561e-02,-7.380621675661841116e-03,2.795311404680147405e+01,6.016982602696213656e-02,9.981570095984316771e-01,-7.885190257792620838e-03,1.685354086235701265e+00,7.841929695258252966e-03,7.426569892989891286e-03,9.999416733981433270e-01,4.326354339555596451e-01,0.000000000000000000e+00,0.000000000000000000e+00,0.000000000000000000e+00,1.000000000000000056e-01
9.982159066937411618e-01,-5.955576535230262814e-02,-4.256105836767789218e-03,2.896358548239251718e+01,5.950581043778799262e-02,9.981669977790845749e-01,-1.103191138610830173e-02,1.732870143720304901e+00,4.905318311215004813e-03,1.075896639972323716e-02,9.999300888033498813e-01,4.493221020040580882e-01,0.000000000000000000e+00,0.000000000000000000e+00,0.000000000000000000e+00,1.000000000000000056e-01
9.982284857526704247e-01,-5.948477171071217540e-02,-1.205058693594409942e-03,2.992149627149837698e+01,5.945751899005960461e-02,9.980993575902564752e-01,-1.620110531612303090e-02,1.780507897794434413e+00,2.166487359125918166e-03,1.610075502707450368e-02,9.998680273016439246e-01,4.573136147521514872e-01,0.000000000000000000e+00,0.000000000000000000e+00,0.000000000000000000e+00,1.000000000000000056e-01
9.982648556444083665e-01,-5.884774201869202165e-02,-2.054566754793799369e-03,3.085093797484910283e+01,5.878649924715993041e-02,9.980148329811510122e-01,-2.259514673262789236e-02,1.825924977652079395e+00,3.380161462430337528e-03,2.243516010432708430e-02,9.997425859187859531e-01,4.781246873274225817e-01,0.000000000000000000e+00,0.000000000000000000e+00,0.000000000000000000e+00,1.000000000000000056e-01
9.982806801803714158e-01,-5.839798093799495465e-02,-5.035811849195348869e-03,3.180003191661168316e+01,5.825248174373977988e-02,9.979798538577570044e-01,-2.535467737410955491e-02,1.864408515534091038e+00,6.506300739297397190e-03,2.501773603696980097e-02,9.996658346338912482e-01,4.920689983558360070e-01,0.000000000000000000e+00,0.000000000000000000e+00,0.000000000000000000e+00,1.000000000000000056e-01
9.982852730343624303e-01,-5.796696940226740702e-02,-8.145188826843905230e-03,3.278824248813024411e+01,5.773595488546941212e-02,9.979880778532244090e-01,-2.619839644500152748e-02,1.936993840803139300e+00,9.647442986169383131e-03,2.568320309352053327e-02,9.996235791150014371e-01,5.068765905053548293e-01,0.000000000000000000e+00,0.000000000000000000e+00,0.000000000000000000e+00,1.000000000000000056e-01
9.982118363857443999e-01,-5.899963883289284505e-02,-9.600641488359854328e-03,3.376154126826533997e+01,5.872547779145111113e-02,9.979171858044997290e-01,-2.669472858437396678e-02,2.001131157378710945e+00,1.115562448120215565e-02,2.608319178351860279e-02,9.995975285827884971e-01,5.231985679123692945e-01,0.000000000000000000e+00,0.000000000000000000e+00,0.000000000000000000e+00,1.000000000000000056e-01
9.982058104421130951e-01,-5.925018702508490220e-02,-8.635701308902061016e-03,3.472996399925088440e+01,5.898791739660844136e-02,9.978663122002709995e-01,-2.798657851617887896e-02,2.071943427565653195e+00,1.027548542965297552e-02,2.742696325377287289e-02,9.995709960207235234e-01,5.501542787896837039e-01,0.000000000000000000e+00,0.000000000000000000e+00,0.000000000000000000e+00,1.000000000000000056e-01
9.981735111082180589e-01,-5.976681533239072003e-02,-8.807355273633457257e-03,3.571419868191458136e+01,5.952300288269760792e-02,9.978949642304633105e-01,-2.574203743507517961e-02,2.137036064554850512e+00,1.032733507340906874e-02,2.517077965630675623e-02,9.996298204844507040e-01,5.611565918941712194e-01,0.000000000000000000e+00,0.000000000000000000e+00,0.000000000000000000e+00,1.000000000000000056e-01
9.982700960831787373e-01,-5.820468796819311397e-02,-8.308403252513009429e-03,3.670128090444314495e+01,5.798670120534742123e-02,9.980184325927404787e-01,-2.442848109177868723e-02,2.205747109955623841e+00,9.713791710905344406e-03,2.390444526975901360e-02,9.996670544471005782e-01,5.863704805693934485e-01,0.000000000000000000e+00,0.000000000000000000e+00,0.000000000000000000e+00,1.000000000000000056e-01
9.982179121257253041e-01,-5.930734354190300706e-02,-6.605975579760580731e-03,3.771240386071035289e+01,5.912903307743430648e-02,9.979489312536735657e-01,-2.452933054484769670e-02,2.270345717881040670e+00,8.047195703186115281e-03,2.409501217375525917e-02,9.996772844421649706e-01,6.045170504041561532e-01,0.000000000000000000e+00,0.000000000000000000e+00,0.000000000000000000e+00,1.000000000000000056e-01
9.983511117019862047e-01,-5.722742302612068843e-02,-4.481050903262103445e-03,3.870637948608273859e+01,5.710224943640070105e-02,9.980719956526318271e-01,-2.432333454269531431e-02,2.331896938232013827e+00,5.864373172920514694e-03,2.402734999458391169e-02,9.996941010026649810e-01,6.361965130074315189e-01,0.000000000000000000e+00,0.000000000000000000e+00,0.000000000000000000e+00,1.000000000000000056e-01
9.983794328160779941e-01,-5.682705472841965283e-02,-3.032157769563044100e-03,3.972082576566615586e+01,5.675531102236745090e-02,9.981873285416539288e-01,-2.002228282765310119e-02,2.395533851367143363e+00,4.164468825751894109e-03,1.981774431587496332e-02,9.997949360792092177e-01,6.546937086334042588e-01,0.000000000000000000e+00,0.000000000000000000e+00,0.000000000000000000e+00,1.000000000000000056e-01
9.982795938303926642e-01,-5.857439621489061304e-02,-2.625385664494409195e-03,4.072999359723955592e+01,5.849970080203114459e-02,9.980275210538241959e-01,-2.277832797268676199e-02,2.465129836325463675e+00,3.954433954330482948e-03,2.258555572084634464e-02,9.997370930023959934e-01,6.739017205906872032e-01,0.000000000000000000e+00,0.000000000000000000e+00,0.000000000000000000e+00,1.000000000000000056e-01
9.983358281677260360e-01,-5.744628486783985577e-02,-5.049609048593091398e-03,4.174543313956322521e+01,5.732362864361796595e-02,9.981181813265416203e-01,-2.177378480020322055e-02,2.528541699103542317e+00,6.290929644275300436e-03,2.144808756695972679e-02,9.997501706646170216e-01,7.095795614047960553e-01,0.000000000000000000e+00,0.000000000000000000e+00,0.000000000000000000e+00,1.000000000000000056e-01
9.983888133932863340e-01,-5.631861571829199775e-02,-6.927540308156980228e-03,4.277724439837228942e+01,5.618765846541802500e-02,9.982609387193273065e-01,-1.783382357715292132e-02,2.604490681900778259e+00,7.919869147866255218e-03,1.741584769061877563e-02,9.998169652100817872e-01,7.358192130011420584e-01,0.000000000000000000e+00,0.000000000000000000e+00,0.000000000000000000e+00,1.000000000000000056e-01
9.984091778165049558e-01,-5.590685194690613730e-02,-7.316936323166992745e-03,4.383674711531259760e+01,5.575545688059207333e-02,9.982544812204358076e-01,-1.947613286448417538e-02,2.671321961097083975e+00,8.393013749959019748e-03,1.903719067261027895e-02,9.997835479199923547e-01,7.615002867951371490e-01,0.000000000000000000e+00,0.000000000000000000e+00,0.000000000000000000e+00,1.000000000000000056e-01
9.983866037034314633e-01,-5.635323475054340725e-02,-6.964372094987400681e-03,4.484246872018995589e+01,5.618632297492955063e-02,9.981734005965893219e-01,-2.220269019731142476e-02,2.730923025373758861e+00,8.202844389856245311e-03,2.177556599932667716e-02,9.997292323771095335e-01,7.945581358213310574e-01,0.000000000000000000e+00,0.000000000000000000e+00,0.000000000000000000e+00,1.000000000000000056e-01
9.985016064515940259e-01,-5.443456205908036444e-02,-5.605387321340312735e-03,4.582433397138291298e+01,5.429436213950847995e-02,9.982670067316342655e-01,-2.269593600024334690e-02,2.791489341956053583e+00,6.831116559540010603e-03,2.235758762700848501e-02,9.997266997145022316e-01,8.152780742331253716e-01,0.000000000000000000e+00,0.000000000000000000e+00,0.000000000000000000e+00,1.000000000000000056e-01
9.983244168990661471e-01,-5.730494735257778832e-02,-8.031290808941094622e-03,4.673779003037234503e+01,5.713325872345188100e-02,9.981624677370941612e-01,-2.018610285898631354e-02,2.847887708673111362e+00,9.173296614554817680e-03,1.969342555049157298e-02,9.997639819573961306e-01,8.397535790531969191e-01,0.000000000000000000e+00,0.000000000000000000e+00,0.000000000000000000e+00,1.000000000000000056e-01
9.984145782119090429e-01,-5.484670615585413717e-02,-1.265578278057826953e-02,4.769205854240724562e+01,5.460481682948322563e-02,9.983324236054484935e-01,-1.872661093444049490e-02,2.905549352745716352e+00,1.366177122317506834e-02,1.800585465688072512e-02,9.997445399726476722e-01,8.556584536047445733e-01,0.000000000000000000e+00,0.000000000000000000e+00,0.000000000000000000e+00,1.000000000000000056e-01
9.985135577693534659e-01,-5.318714479540640611e-02,-1.190808881813461111e-02,4.865424355254619115e+01,5.293705073876309869e-02,9.983891479333784069e-01,-2.041514016469871823e-02,2.965223081181918019e+00,1.297472966461075440e-02,1.975441513624605350e-02,9.997206707239553181e-01,8.819070575089831276e-01,0.000000000000000000e+00,0.000000000000000000e+00,0.000000000000000000e+00,1.000000000000000056e-01
9.987167865427392099e-01,-4.851193223701032869e-02,-1.453866253740116084e-02,4.961867046993507557e+01,4.821612056819273712e-02,9.986356750282017192e-01,-2.004979496955721502e-02,3.031420441892474837e+00,1.549148137197394783e-02,1.932306889703335612e-02,9.996932694648404949e-01,9.025819439308931935e-01,0.000000000000000000e+00,0.000000000000000000e+00,0.000000000000000000e+00,1.000000000000000056e-01
9.988034471827960115e-01,-4.754760268238970855e-02,-1.144112647081490554e-02,5.062743318092466183e+01,4.727094718945099028e-02,9.986092698583727278e-01,-2.334488605112093954e-02,3.093222312266410867e+00,1.253520831800213238e-02,2.277611977675944241e-02,9.996620013386219306e-01,9.408332429532029195e-01,0.000000000000000000e+00,0.000000000000000000e+00,0.000000000000000000e+00,1.000000000000000056e-01
9.989143272466131096e-01,-4.546561886491026078e-02,-1.015107495179499650e-02,5.157907652603405069e+01,4.522461708763831495e-02,9.987159969679588745e-01,-2.282742669624368906e-02,3.144475523956303586e+00,1.117590402261650975e-02,2.234356510332679777e-02,9.996878834254973034e-01,9.656083201272751548e-01,0.000000000000000000e+00,0.000000000000000000e+00,0.000000000000000000e+00,1.000000000000000056e-01
9.989541363488601000e-01,-4.457202103196248461e-02,-1.019649021131048550e-02,5.253749232954692161e+01,4.428422105725585839e-02,9.986568456647925141e-01,-2.689632636995081816e-02,3.183149289062542131e+00,1.138161837592323658e-02,2.641665285332547158e-02,9.995862240022976852e-01,9.915029531950888542e-01,0.000000000000000000e+00,0.000000000000000000e+00,0.000000000000000000e+00,1.000000000000000056e-01
9.989124074565233213e-01,-4.515859539690608021e-02,-1.160618331715056184e-02,5.352167553370741615e+01,4.479493389660243324e-02,9.985490778179162419e-01,-2.988566690218067215e-02,3.238307318528244938e+00,1.293893838812866168e-02,2.933326525921742603e-02,9.994859395822537351e-01,1.033027640466657848e+00,0.000000000000000000e+00,0.000000000000000000e+00,0.000000000000000000e+00,1.000000000000000056e-01
9.989238222839630366e-01,-4.482291397276615130e-02,-1.192072382817193320e-02,5.448293831857187541e+01,4.446201478988741351e-02,9.985903998866377806e-01,-2.898866149149675886e-02,3.277978365755885637e+00,1.320327665473138186e-02,2.842744514082752583e-02,9.995086562148143283e-01,1.051860631709694349e+00,0.000000000000000000e+00,0.000000000000000000e+00,0.000000000000000000e+00,1.000000000000000056e-01
9.988952944157292180e-01,-4.641266827929762390e-02,-7.352211729095050816e-03,5.542503692664379145e+01,4.615869912661239166e-02,9.984343348587088052e-01,-3.159514947245146976e-02,3.321327862821331411e+00,8.807115819179129820e-03,3.122087760527493538e-02,9.994737072642301268e-01,1.084711752643068738e+00,0.000000000000000000e+00,0.000000000000000000e+00,0.000000000000000000e+00,1.000000000000000056e-01
9.987699645616689992e-01,-4.955111639641199273e-02,-1.801319891560069055e-03,5.636654437391685946e+01,4.946938199814815418e-02,9.982735839204618378e-01,-3.166436311246270674e-02,3.367534278631161282e+00,3.367214606138781846e-03,3.153630464188575400e-02,9.994969351405387226e-01,1.121614751027839363e+00,0.000000000000000000e+00,0.000000000000000000e+00,0.000000000000000000e+00,1.000000000000000056e-01
9.987755902681723086e-01,-4.944273527063675067e-02,-1.654150362462603616e-03,5.732356367596805313e+01,4.937503333293012664e-02,9.983680030090702484e-01,-2.869558591583657239e-02,3.429240098607669207e+00,3.070239051921039297e-03,2.857877703189645388e-02,9.995868282122994941e-01,1.133649931220488627e+00,0.000000000000000000e+00,0.000000000000000000e+00,0.000000000000000000e+00,1.000000000000000056e-01
9.987053889267984985e-01,-5.064619617604445428e-02,-4.744358910313989722e-03,5.822719725997826856e+01,5.049173758505810100e-02,9.983204601680226720e-01,-2.840498627968309278e-02,3.482858691823308650e+00,6.174995078045602062e-03,2.812866194480237100e-02,9.995852378926877169e-01,1.151573834154268061e+00,0.000000000000000000e+00,0.000000000000000000e+00,0.000000000000000000e+00,1.000000000000000056e-01
9.984993089858550386e-01,-5.373603531209442813e-02,-1.056259739397775663e-02,5.914430505005989858e+01,5.341782292106957847e-02,9.981683798654426010e-01,-2.839756382457459677e-02,3.540764048558931343e+00,1.206922322037251930e-02,2.779071689854139410e-02,9.995408995659567086e-01,1.172604233800617290e+00,0.000000000000000000e+00,0.000000000000000000e+00,0.000000000000000000e+00,1.000000000000000056e-01
9.984224195856954420e-01,-5.381565901724415235e-02,-1.601708191853868854e-02,6.008764606345436476e+01,5.337731542321631772e-02,9.982189852306996292e-01,-2.664056536942763578e-02,3.600009848042916349e+00,1.742223484102839795e-02,2.574358890154949606e-02,9.995167499164844260e-01,1.206164927979250567e+00,0.000000000000000000e+00,0.000000000000000000e+00,0.000000000000000000e+00,1.000000000000000056e-01
9.983976035577395436e-01,-5.431177939782302205e-02,-1.588885863757760405e-02,6.100048640052601456e+01,5.392939355255350203e-02,9.982663233351822818e-01,-2.357897805060819515e-02,3.668495283383608641e+00,1.714192874843779510e-02,2.268431866950095313e-02,9.995957062559263084e-01,1.223021590732534580e+00,0.000000000000000000e+00,0.000000000000000000e+00,0.000000000000000000e+00,1.000000000000000056e-01
9.983784576473637706e-01,-5.536282132851953058e-02,-1.324436937786980552e-02,6.191975795493470969e+01,5.507259018818271706e-02,9.982539112507688994e-01,-2.135739877668716563e-02,3.728060159444194888e+00,1.440364938602411819e-02,2.059336512298028804e-02,9.996841742256782348e-01,1.258296514925208776e+00,0.000000000000000000e+00,0.000000000000000000e+00,0.000000000000000000e+00,1.000000000000000056e-01
9.982336755008983653e-01,-5.812120132002605855e-02,-1.230670764599886731e-02,6.280429910982594777e+01,5.785487305053126084e-02,9.981042861620003093e-01,-2.099160806967076756e-02,3.791021369402543861e+00,1.350343512866254876e-02,2.024252706953250450e-02,9.997039048326085142e-01,1.294607327822215437e+00,0.000000000000000000e+00,0.000000000000000000e+00,0.000000000000000000e+00,1.000000000000000056e-01
9.983013268645144489e-01,-5.644131328607201320e-02,-1.445126067488054084e-02,6.363167226984251101e+01,5.613779025550954399e-02,9.982102489398997358e-01,-2.061182710416317385e-02,3.853430109184526220e+00,1.558875510675231113e-02,1.976555250649392539e-02,9.996831066134581611e-01,1.324202576348684657e+00,0.000000000000000000e+00,0.000000000000000000e+00,0.000000000000000000e+00,1.000000000000000056e-01
9.982724658386100680e-01,-5.735752074024581121e-02,-1.273572781718481858e-02,6.445239697616625563e+01,5.711977011962474787e-02,9.981994716223284714e-01,-1.830701271058557053e-02,3.901021144600695489e+00,1.376284163907903063e-02,1.754792487551132610e-02,9.997512963345339676e-01,1.350410594612341697e+00,0.000000000000000000e+00,0.000000000000000000e+00,0.000000000000000000e+00,1.000000000000000056e-01
9.981488080850395850e-01,-5.916523361099984557e-02,-1.408659114799358514e-02,6.526252890221395830e+01,5.890064453218711582e-02,9.980922163794160307e-01,-1.851058282491090112e-02,3.952004129568153168e+00,1.515489993724319570e-02,1.764660688576599745e-02,9.997294265316547524e-01,1.380446165577942752e+00,0.000000000000000000e+00,0.000000000000000000e+00,0.000000000000000000e+00,1.000000000000000056e-01
9.981143653788530079e-01,-6.007344479412604632e-02,-1.260535025045650750e-02,6.606864266809230912e+01,5.983471242416765756e-02,9.980362746212603220e-01,-1.853110167349509771e-02,3.994669172572837823e+00,1.369382391761882894e-02,1.774192127936958727e-02,9.997488201622595216e-01,1.413139013592509263e+00,0.000000000000000000e+00,0.000000000000000000e+00,0.000000000000000000e+00,1.000000000000000056e-01
9.980110873734965304e-01,-6.167764634832433729e-02,-1.302833145503264241e-02,6.681945180097801540e+01,6.143974619941445364e-02,9.979496774717089291e-01,-1.793317654693863533e-02,4.048431713849743652e+00,1.410769529450849220e-02,1.709705164767205687e-02,9.997543016953885919e-01,1.436515967604018895e+00,0.000000000000000000e+00,0.000000000000000000e+00,0.000000000000000000e+00,1.000000000000000056e-01
9.979281801402708485e-01,-6.332088864027569930e-02,-1.139352200739390461e-02,6.760784232809692185e+01,6.311728365461426182e-02,9.978540518959287953e-01,-1.742124045354051867e-02,4.103372288937332080e+00,1.247220052717754740e-02,1.666601862122198477e-02,9.997833205436700288e-01,1.456276932833585391e+00,0.000000000000000000e+00,0.000000000000000000e+00,0.000000000000000000e+00,1.000000000000000056e-01
9.978114919511215097e-01,-6.565120668555568528e-02,-7.883247491190776765e-03,6.835950300956957904e+01,6.552430476249379576e-02,9.977321102177604262e-01,-1.540135467440011986e-02,4.162974078921166665e+00,8.876486673721229251e-03,1.485110437460061307e-02,9.998503151388141719e-01,1.480569764463220084e+00,0.000000000000000000e+00,0.000000000000000000e+00,0.000000000000000000e+00,1.000000000000000056e-01
9.979200570986933583e-01,-6.406851582296214931e-02,-7.126353933349242713e-03,6.905434895370764536e+01,6.397644675842760476e-02,9.978734502445382182e-01,-1.247363448347141995e-02,4.211986551485788155e+00,7.910366635409079791e-03,1.199177123297540115e-02,9.998968064367389497e-01,1.506036868604481826e+00,0.000000000000000000e+00,0.000000000000000000e+00,0.000000000000000000e+00,1.000000000000000056e-01
9.979886679979194097e-01,-6.276885556679272227e-02,-8.870700004714225997e-03,6.971768175503562759e+01,6.267676618910182629e-02,9.979806870421986664e-01,-1.030394443200490819e-02,4.260682183117445732e+00,9.499554085070712958e-03,9.727232988692017732e-03,9.999075654332096885e-01,1.538183367440721039e+00,0.000000000000000000e+00,0.000000000000000000e+00,0.000000000000000000e+00,1.000000000000000056e-01
9.977252807480457841e-01,-6.597736172199156202e-02,-1.382938525165600466e-02,7.040505655828887654e+01,6.584796554480942810e-02,9.977833664535121772e-01,-9.612443097663075572e-03,4.321031049475085872e+00,1.443293420766645838e-02,8.679940604733567613e-03,9.998581644619678466e-01,1.561275561914876819e+00,0.000000000000000000e+00,0.000000000000000000e+00,0.000000000000000000e+00,1.000000000000000056e-01
9.977094145385361212e-01,-6.530659261227127199e-02,-1.763442946472585163e-02,7.114567995996243610e+01,6.513155653015746671e-02,9.978232710691764540e-01,-1.032473034842701191e-02,4.375911431189922318e+00,1.827031705062769421e-02,9.152522831638502596e-03,9.997911916198731763e-01,1.588794965534334747e+00,0.000000000000000000e+00,0.000000000000000000e+00,0.000000000000000000e+00,1.000000000000000056e-01
9.975771938621680324e-01,-6.731095510667017834e-02,-1.757775892172144111e-02,7.185573599321109839e+01,6.713405855882864648e-02,9.976890533032182207e-01,-1.046762152296238160e-02,4.426969642387606818e+00,1.824172326021019502e-02,9.262194208504225673e-03,9.997907037430093791e-01,1.610742415255521420e+00,0.000000000000000000e+00,0.000000000000000000e+00,0.000000000000000000e+00,1.000000000000000056e-01
9.975683359222943247e-01,-6.796133840005250115e-02,-1.544900152431110014e-02,7.253570239641904038e+01,6.782726605463851310e-02,9.976560931285441969e-01,-9.043330307073634347e-03,4.478218421819711637e+00,1.602738733474361882e-02,7.973476428955130271e-03,9.998397604260689242e-01,1.629061708786861074e+00,0.000000000000000000e+00,0.000000000000000000e+00,0.000000000000000000e+00,1.000000000000000056e-01
9.975077888066310461e-01,-6.893389767340271646e-02,-1.504423549597314058e-02,7.317162270996134055e+01,6.879647395868471182e-02,9.975857753043143594e-01,-9.469217567571637517e-03,4.525858941171728489e+00,1.566066540596122367e-02,8.410627922030254611e-03,9.998419899649142462e-01,1.648828509923261354e+00,0.000000000000000000e+00,0.000000000000000000e+00,0.000000000000000000e+00,1.000000000000000056e-01
9.974141972842011095e-01,-6.987144816548870874e-02,-1.681962506033482518e-02,7.375498809731486460e+01,6.970369938372641960e-02,9.975139225589406688e-01,-1.036188174506899942e-02,4.562648509144753284e+00,1.750180985315276383e-02,9.162697874159242417e-03,9.998048467673733564e-01,1.675193835289432887e+00,0.000000000000000000e+00,0.000000000000000000e+00,0.000000000000000000e+00,1.000000000000000056e-01
9.973858002198164874e-01,-6.936346257877649968e-02,-2.025526052557398426e-02,7.439713121699712417e+01,6.901773443252566531e-02,9.974654748989588704e-01,-1.729678346964335853e-02,4.593140076892611390e+00,2.140368785227359655e-02,1.585359403028345146e-02,9.996452099133198432e-01,1.708074899843693428e+00,0.000000000000000000e+00,0.000000000000000000e+00,0.000000000000000000e+00,1.000000000000000056e-01
9.973508555657245589e-01,-6.842727934863887529e-02,-2.467748656691986370e-02,7.502362386360931623e+01,6.793625080810633543e-02,9.974848149225740146e-01,-2.021657302849414611e-02,4.615974965270241981e+00,2.599878321105129203e-02,1.848652048985164470e-02,9.994910263887930579e-01,1.729749079637596720e+00,0.000000000000000000e+00,0.000000000000000000e+00,0.000000000000000000e+00,1.000000000000000056e-01
9.976908017508616666e-01,-6.328486928308127424e-02,-2.465946920649831481e-02,7.561189995113112161e+01,6.279022590616470390e-02,9.978194039276508942e-01,-2.034268114384624529e-02,4.656385403124494893e+00,2.589308078185612039e-02,1.874733221796395441e-02,9.994889123458716718e-01,1.759604497130636158e+00,0.000000000000000000e+00,0.000000000000000000e+00,0.000000000000000000e+00,1.000000000000000056e-01
9.980018635619249956e-01,-5.850558369102185075e-02,-2.386162198798734077e-02,7.618340878904331248e+01,5.813307297168236742e-02,9.981803342203515728e-01,-1.601768405907111684e-02,4.709032424268150940e+00,2.475532576626322465e-02,1.459852912864874515e-02,9.995869430887370788e-01,1.771169569314070991e+00,0.000000000000000000e+00,0.000000000000000000e+00,0.000000000000000000e+00,1.000000000000000056e-01
9.984744912989205190e-01,-5.140790316493860229e-02,-2.014739977134049828e-02,7.672225026139837212e+01,5.104135422528775085e-02,9.985287869256104232e-01,-1.830414815602120909e-02,4.728386846178758596e+00,2.105873652930337694e-02,1.724787445029588029e-02,9.996294515682979664e-01,1.798709955223741108e+00,0.000000000000000000e+00,0.000000000000000000e+00,0.000000000000000000e+00,1.000000000000000056e-01
9.988824825266225949e-01,-4.403762573292037408e-02,-1.716023371807066933e-02,7.728871126422205862e+01,4.364313949439799223e-02,9.987887559298074258e-01,-2.272217866446979082e-02,4.735364461510762624e+00,1.814007928659900487e-02,2.194785975886481486e-02,9.995945322857069382e-01,1.818888892684945358e+00,0.000000000000000000e+00,0.000000000000000000e+00,0.000000000000000000e+00,1.000000000000000056e-01
9.992539439981467098e-01,-3.579474459706522005e-02,-1.450143659709176441e-02,7.784336944082689058e+01,3.542196046085495376e-02,9.990547786050260060e-01,-2.519591362844683657e-02,4.740567397346920231e+00,1.538961082218230289e-02,2.466344675209437842e-02,9.995773478190911332e-01,1.851667498505290554e+00,0.000000000000000000e+00,0.000000000000000000e+00,0.000000000000000000e+00,1.000000000000000056e-01
9.996044094282485748e-01,-2.395841470037421428e-02,-1.473156531558095401e-02,7.833008252567780971e+01,2.364219723554142338e-02,9.994940334987271191e-01,-2.127730035321810653e-02,4.755006580312852726e+00,1.523388202258677514e-02,2.092059668102682485e-02,9.996650726483504723e-01,1.876388490105029172e+00,0.000000000000000000e+00,0.000000000000000000e+00,0.000000000000000000e+00,1.000000000000000056e-01
9.998485697996631894e-01,-9.637973115500329119e-03,-1.448954601749063466e-02,7.883420077807822679e+01,9.354150177373239672e-03,9.997655138366641214e-01,-1.952990571841585823e-02,4.765109722004769566e+00,1.467437712569886164e-02,1.939141091143079323e-02,9.997042741925418197e-01,1.884106258494518515e+00,0.000000000000000000e+00,0.000000000000000000e+00,0.000000000000000000e+00,1.000000000000000056e-01
9.998661545234003301e-01,9.239346523131764313e-03,-1.350212999541921567e-02,7.932718709665707024e+01,-9.407936812739334589e-03,9.998779065505347674e-01,-1.247648656663913509e-02,4.756639748698885839e+00,1.338520689101257120e-02,1.260184383118262939e-02,9.998310006038716446e-01,1.898867836864333469e+00,0.000000000000000000e+00,0.000000000000000000e+00,0.000000000000000000e+00,1.000000000000000056e-01
9.994206264048334232e-01,3.140686309056726216e-02,-1.311565733696684610e-02,7.981779523440238222e+01,-3.159530082478511498e-02,9.993967733859830949e-01,-1.441618227816267826e-02,4.727427227811009658e+00,1.265497856030194448e-02,1.482222306188387025e-02,9.998100585716979127e-01,1.918313969386161499e+00,0.000000000000000000e+00,0.000000000000000000e+00,0.000000000000000000e+00,1.000000000000000056e-01
9.983480095984058611e-01,5.601373728994921836e-02,-1.279503676094396157e-02,8.030455734341445861e+01,-5.623206126143986266e-02,9.982662152810192202e-01,-1.739306513526501716e-02,4.708091071434939323e+00,1.179860234057532840e-02,1.808382324959103074e-02,9.997668569819098128e-01,1.937119665261248125e+00,0.000000000000000000e+00,0.000000000000000000e+00,0.000000000000000000e+00,1.000000000000000056e-01
9.963682055584686115e-01,8.443161778858711275e-02,-1.103181171880380194e-02,8.077366413300019587e+01,-8.462376104221840112e-02,9.962449665769465001e-01,-1.829714833432643031e-02,4.658898235123426268e+00,9.445529062297926617e-03,1.916425025146474906e-02,9.997717306930780090e-01,1.953741950238752523e+00,0.000000000000000000e+00,0.000000000000000000e+00,0.000000000000000000e+00,1.000000000000000056e-01
9.930561914125574097e-01,1.172689651001661421e-01,-9.348289764553980100e-03,8.123906647522812818e+01,-1.174295773601397447e-01,9.928987321602115168e-01,-1.903685992130756816e-02,4.595494103579097711e+00,7.049472193363360249e-03,2.000243732599974594e-02,9.997750784265501123e-01,1.969074234376379628e+00,0.000000000000000000e+00,0.000000000000000000e+00,0.000000000000000000e+00,1.000000000000000056e-01
