1.000000000000000000e+00,-8.091306477375708176e-09,3.766164176328346430e-09,-2.898053009783854239e-14,8.091306475913514242e-09,1.000000000000000000e+00,3.882450311108181729e-10,5.762162848407980891e-15,-3.766164179469755057e-09,-3.882450006376295767e-10,1.000000000000000000e+00,-3.468498032376149051e-15,0.000000000000000000e+00,0.000000000000000000e+00,0.000000000000000000e+00,1.000000000000000056e-01
9.998663995325143272e-01,-1.588040797830054390e-02,3.872431836606934300e-03,6.434437844206883916e-01,1.588352514192091502e-02,9.998735480884655136e-01,-7.755398435939445936e-04,4.251717334988954454e-03,-3.859626271079209543e-03,8.369440995454078885e-04,9.999922013744015903e-01,7.547359940462857776e-03,0.000000000000000000e+00,0.000000000000000000e+00,0.000000000000000000e+00,1.000000000000000056e-01
9.996266482139980480e-01,-2.599152030531987762e-02,8.426449588402117746e-03,1.318882865198484966e+00,2.598679586995154139e-02,9.996620618753904175e-01,6.696920609230474749e-04,7.978301219115758016e-04,-8.441008284630888148e-03,-4.504656048337875372e-04,9.999642725917149422e-01,1.544012920424352175e-03,0.000000000000000000e+00,0.000000000000000000e+00,0.000000000000000000e+00,1.000000000000000056e-01
9.992428458351342302e-01,-3.735999240407935490e-02,1.086121608612006066e-02,2.041529121450468054e+00,3.736451891046901203e-02,9.993016796248624933e-01,-2.140689560643924062e-04,2.761412763541720369e-02,-1.084563386305583722e-02,6.197309867032631259e-04,9.999409923388542509e-01,-7.047777886972922054e-03,0.000000000000000000e+00,0.000000000000000000e+00,0.000000000000000000e+00,1.000000000000000056e-01
9.986456394765629296e-01,-4.982936020443430591e-02,1.496401069444449998e-02,2.764469852082472201e+00,4.983570162003013448e-02,9.987574281314618441e-01,-5.095357766866519299e-05,8.471892417772461381e-02,-1.494287785153972266e-02,7.966265401618186342e-04,9.998880316253763167e-01,-2.830256535463330711e-02,0.000000000000000000e+00,0.000000000000000000e+00,0.000000000000000000e+00,1.000000000000000056e-01
9.979046657169193812e-01,-6.249505221048547166e-02,1.675250994962184867e-02,3.506344625475464216e+00,6.248579595600030345e-02,9.980452733858408143e-01,1.075907025422048226e-03,1.222832661019248729e-01,-1.678700223829673530e-02,-2.685872208333826491e-05,9.998590879891328109e-01,-3.807541476207301767e-02,0.000000000000000000e+00,0.000000000000000000e+00,0.000000000000000000e+00,1.000000000000000056e-01
9.969530110489035479e-01,-7.530021831723211767e-02,2.036101377392576794e-02,4.255187626574214121e+00,7.526942071465568540e-02,9.971606364816345547e-01,2.275820032784796158e-03,1.915084007965207613e-01,-2.047457119953857013e-02,-7.363239223636990809e-04,9.997901028522319100e-01,-3.997848089840684571e-02,0.000000000000000000e+00,0.000000000000000000e+00,0.000000000000000000e+00,1.000000000000000056e-01
9.957595338022079412e-01,-8.854572511870054119e-02,2.495206214349712445e-02,5.049632125673037208e+00,8.842830136165755195e-02,9.960658156651263084e-01,5.772900627805761450e-03,2.770416683687057513e-01,-2.536506180361664323e-02,-3.541952367010367531e-03,9.996719803081051126e-01,-5.454165277155129804e-02,0.000000000000000000e+00,0.000000000000000000e+00,0.000000000000000000e+00,1.000000000000000056e-01
9.948519558095771931e-01,-9.670304823045818010e-02,3.030027202512743101e-02,5.814733373358488500e+00,9.645529395616149471e-02,9.952916196142742589e-01,9.537724750965342890e-03,3.643415994018464610e-01,-3.107993387524360385e-02,-6.566002477335960291e-03,9.994953353176682098e-01,-6.406861647004441496e-02,0.000000000000000000e+00,0.000000000000000000e+00,0.000000000000000000e+00,1.000000000000000056e-01
9.934093670583847846e-01,-1.089436409785850129e-01,3.562460569590109732e-02,6.609446214630199989e+00,1.086693132812072832e-01,9.940320427873741149e-01,9.553965823201861912e-03,4.474960459612150054e-01,-3.645284339595587092e-02,-5.619697704437045041e-03,9.993195731126558456e-01,-8.315375585304983497e-02,0.000000000000000000e+00,0.000000000000000000e+00,0.000000000000000000e+00,1.000000000000000056e-01
9.918852577512023982e-01,-1.204943450422069212e-01,4.055549615872477975e-02,7.432424520210862084e+00,1.202503140755863814e-01,9.927079572503936244e-01,8.412703279771966552e-03,5.421388401712555760e-01,-4.127344691873441329e-02,-3.467625210463111569e-03,9.991418708846337982e-01,-1.027823775731607214e-01,0.000000000000000000e+00,0.000000000000000000e+00,0.000000000000000000e+00,1.000000000000000056e-01
9.903983645964229421e-01,-1.306946336387541374e-01,4.505543410913644131e-02,8.262215492357018576e+00,1.303891152997637415e-01,9.914157686537530267e-01,9.667071740350379264e-03,6.629173773797772951e-01,-4.593210223880267451e-02,-3.699513849142214636e-03,9.989377135643664474e-01,-1.358638345268809167e-01,0.000000000000000000e+00,0.000000000000000000e+00,0.000000000000000000e+00,1.000000000000000056e-01
9.888514555308747234e-01,-1.410149929574664174e-01,4.782855481484076660e-02,9.101219816362201342e+00,1.406440581582381888e-01,9.899985468948534484e-01,1.105106559842993288e-02,8.078114778298314258e-01,-4.890856570430830025e-02,-4.201060257171668026e-03,9.987944249411201403e-01,-1.677883070273668009e-01,0.000000000000000000e+00,0.000000000000000000e+00,0.000000000000000000e+00,1.000000000000000056e-01
9.873494367413222506e-01,-1.499199575538533169e-01,5.162456870177777046e-02,9.872448007817636650e+00,1.496223154695557056e-01,9.886965723456022648e-01,9.604714758180870823e-03,9.419238721935538905e-01,-5.248097255313108334e-02,-1.759022202273802585e-03,9.986203749978114219e-01,-1.947413102300429577e-01,0.000000000000000000e+00,0.000000000000000000e+00,0.000000000000000000e+00,1.000000000000000056e-01
9.853857377363637315e-01,-1.608576743983812229e-01,5.603352972021734268e-02,1.069309794674476599e+01,1.604864889283730278e-01,9.869757118565503085e-01,1.109193746371531231e-02,1.085635256764873491e+00,-5.708795614843220623e-02,-1.937212533547403963e-03,9.983672733370192454e-01,-2.410353973869637789e-01,0.000000000000000000e+00,0.000000000000000000e+00,0.000000000000000000e+00,1.000000000000000056e-01
9.837653222250902774e-01,-1.693839155303757948e-01,5.928642295638114623e-02,1.148933586797628159e+01,1.689783497660836686e-01,9.855488219280970075e-01,1.182526559834180466e-02,1.235156063732484988e+00,-6.043267409022611003e-02,-1.615164307046654257e-03,9.981709688958929627e-01,-2.621669115460679156e-01,0.000000000000000000e+00,0.000000000000000000e+00,0.000000000000000000e+00,1.000000000000000056e-01
9.821201069726962496e-01,-1.780361246123436936e-01,6.118197294103634026e-02,1.234316894313451840e+01,1.774003932671947004e-01,9.840132961678259571e-01,1.571411574270502667e-02,1.413936551240888351e+00,-6.300155512830092619e-02,-4.579442973604079710e-03,9.980029222168976810e-01,-3.086763308090959557e-01,0.000000000000000000e+00,0.000000000000000000e+00,0.000000000000000000e+00,1.000000000000000056e-01
9.800983294173128968e-01,-1.886459947516695435e-01,6.180577106990563230e-02,1.323905401679179050e+01,1.878747844572100645e-01,9.820259553756279791e-01,1.811320881958476681e-02,1.591662867571193241e+00,-6.411185567856671208e-02,-6.140979786491776622e-03,9.979238239107794950e-01,-3.616252168509896947e-01,0.000000000000000000e+00,0.000000000000000000e+00,0.000000000000000000e+00,1.000000000000000056e-01
9.797844841085638912e-01,-1.899155414103130268e-01,6.288443234174076468e-02,1.409888893412890987e+01,1.888482487341098248e-01,9.817471848791472500e-01,2.255668264459910477e-02,1.774098535080886663e+00,-6.602047902109683952e-02,-1.022507274776277182e-02,9.977658764645781497e-01,-4.055261606096105531e-01,0.000000000000000000e+00,0.000000000000000000e+00,0.000000000000000000e+00,1.000000000000000056e-01
9.745271498478269567e-01,-2.142653223411895846e-01,6.623598607628052026e-02,1.505771988285928487e+01,2.129845267767327688e-01,9.767119189268061996e-01,2.591174984456078717e-02,2.068858795776429726e+00,-7.024546649544226307e-02,-1.114446357354283157e-02,9.974674808576446949e-01,-4.670652390192499559e-01,0.000000000000000000e+00,0.000000000000000000e+00,0.000000000000000000e+00,1.000000000000000056e-01
9.732544407282073262e-01,-2.192426406196077704e-01,6.861820557961163802e-02,1.597160960542173846e+01,2.178547998539720199e-01,9.756024624267852774e-01,2.718678883904402516e-02,2.292758605687475804e+00,-7.290459370581618692e-02,-1.151085752385466558e-02,9.972724905338837820e-01,-5.262722418260096235e-01,0.000000000000000000e+00,0.000000000000000000e+00,0.000000000000000000e+00,1.000000000000000056e-01
9.702986169287567408e-01,-2.302659981592962146e-01,7.414960605320078391e-02,1.684478843723486108e+01,2.289427817632350703e-01,9.730928021324565247e-01,2.599232803185271001e-02,2.512704954521574052e+00,-7.813959729006533794e-02,-8.244302863597433376e-03,9.969083382165281337e-01,-5.836231265354041575e-01,0.000000000000000000e+00,0.000000000000000000e+00,0.000000000000000000e+00,1.000000000000000056e-01
9.676671388657887007e-01,-2.401892351105213430e-01,7.700285511798268812e-02,1.766394739731156704e+01,2.388353094005122024e-01,9.706991964397359007e-01,2.647196658377870548e-02,2.709930910179373598e+00,-8.110489099222029097e-02,-7.225051437449699424e-03,9.966793844004531167e-01,-6.376053697569513679e-01,0.000000000000000000e+00,0.000000000000000000e+00,0.000000000000000000e+00,1.000000000000000056e-01
9.653349252241176792e-01,-2.482896037707405801e-01,8.050313535456714298e-02,1.853002969320029436e+01,2.471347346208740692e-01,9.686797692605633170e-01,2.416459329622455687e-02,2.918308971576546895e+00,-8.398157587481468178e-02,-3.431804870682897413e-03,9.964613979622654050e-01,-7.044543347176299708e-01,0.000000000000000000e+00,0.000000000000000000e+00,0.000000000000000000e+00,1.000000000000000056e-01
9.625359368683632511e-01,-2.571520737532297374e-01,8.600802986556366214e-02,1.942237642148295151e+01,2.558887805861766451e-01,9.663673810782279494e-01,2.559329517913662075e-02,3.158844501440827734e+00,-8.969672350237628544e-02,-2.625976469880289543e-03,9.959656630830793222e-01,-7.731615809782641513e-01,0.000000000000000000e+00,0.000000000000000000e+00,0.000000000000000000e+00,1.000000000000000056e-01
9.603220937010407132e-01,-2.636452979675707464e-01,9.095401700442036497e-02,2.031259189621896866e+01,2.623443581891065080e-01,9.646188327579904298e-01,2.619055583522296796e-02,3.386188258512777605e+00,-9.464097461456803806e-02,-1.290096199129592280e-03,9.955106335824854824e-01,-8.502427807510073432e-01,0.000000000000000000e+00,0.000000000000000000e+00,0.000000000000000000e+00,1.000000000000000056e-01
9.590927472611158189e-01,-2.663075491415236029e-01,9.602807621399282734e-02,2.118287659551100077e+01,2.653112773330337792e-01,9.638828202777205423e-01,2.323434727685544723e-02,3.646068764840423970e+00,-9.874729500618971423e-02,3.193437599590242398e-03,9.951074181641186289e-01,-9.259039972138753960e-01,0.000000000000000000e+00,0.000000000000000000e+00,0.000000000000000000e+00,1.000000000000000056e-01
9.570037062272473971e-01,-2.715403620475133062e-01,1.020281238013218544e-01,2.207668056749506036e+01,2.705654435405836500e-01,9.624136733037641500e-01,2.354277383068591190e-02,3.928060147450405992e+00,-1.045860747375085414e-01,5.074762759081948363e-03,9.945028907720375733e-01,-1.009383720291983755e+00,0.000000000000000000e+00,0.000000000000000000e+00,0.000000000000000000e+00,1.000000000000000056e-01
9.566758126865237966e-01,-2.709305793714860688e-01,1.066208731065830251e-01,2.298426632510444279e+01,2.697651136212130818e-01,9.625889072364373078e-01,2.548291855921266252e-02,4.205110137052296082e+00,-1.095361716215844938e-01,4.383700125731032279e-03,9.939731436410615961e-01,-1.092774667279993839e+00,0.000000000000000000e+00,0.000000000000000000e+00,0.000000000000000000e+00,1.000000000000000056e-01
9.576438336337413926e-01,-2.667946263018780573e-01,1.083462748769529194e-01,2.385721570724713558e+01,2.655819151697768610e-01,9.637445838505931395e-01,2.574147302312992935e-02,4.463213860522866838e+00,-1.112858222687167775e-01,4.123648274082557588e-03,9.937798857326944901e-01,-1.182880674015263534e+00,0.000000000000000000e+00,0.000000000000000000e+00,0.000000000000000000e+00,1.000000000000000056e-01
9.561185657510570257e-01,-2.721727041354631282e-01,1.084403400480247054e-01,2.475084763081762063e+01,2.711026915343073274e-01,9.622314845633518354e-01,2.477702076243536861e-02,4.714737725626148901e+00,-1.110883381322980562e-01,5.708698502951159784e-03,9.937941395945171230e-01,-1.264222814083062030e+00,0.000000000000000000e+00,0.000000000000000000e+00,0.000000000000000000e+00,1.000000000000000056e-01
9.562109494070208937e-01,-2.735217876018971594e-01,1.041463006601121843e-01,2.561788287238856654e+01,2.724794250285768049e-01,9.618525049938574378e-01,2.438691397322735252e-02,4.975092431458322473e+00,-1.068437324798231780e-01,5.058689959273582337e-03,9.942629564082511306e-01,-1.360474077138061455e+00,0.000000000000000000e+00,0.000000000000000000e+00,0.000000000000000000e+00,1.000000000000000056e-01
9.548272555466431610e-01,-2.767291604514505177e-01,1.082861201682877306e-01,2.650454319534773973e+01,2.759696849147679765e-01,9.609090285650685459e-01,2.223897097844145659e-02,5.237450637218962868e+00,-1.102072823061579221e-01,8.649310837958362752e-03,9.938709897912904045e-01,-1.446860930182338745e+00,0.000000000000000000e+00,0.000000000000000000e+00,0.000000000000000000e+00,1.000000000000000056e-01
9.535327939823460275e-01,-2.800394549560759061e-01,1.111445656256968700e-01,2.741474686575854136e+01,2.795266751773735625e-01,9.599192545361437956e-01,2.049054989640620300e-02,5.485297597937093705e+00,-1.124279710059023080e-01,1.152945960042956776e-02,9.935929865376557091e-01,-1.540570966997056646e+00,0.000000000000000000e+00,0.000000000000000000e+00,0.000000000000000000e+00,1.000000000000000056e-01
9.515830161166185519e-01,-2.831862902207941679e-01,1.195629059089126922e-01,2.835500390011969074e+01,2.829438200906143064e-01,9.589411241851681922e-01,1.935755715517873538e-02,5.762070060781407932e+00,-1.201355822016502706e-01,1.540926271662762526e-02,9.926378979827440441e-01,-1.641366633119815122e+00,0.000000000000000000e+00,0.000000000000000000e+00,0.000000000000000000e+00,1.000000000000000056e-01
9.494982793068591498e-01,-2.870369784109238487e-01,1.267390650827142362e-01,2.926232439621282921e+01,2.872622226281181246e-01,9.577029779861713221e-01,1.689441940915879098e-02,6.027195382974845472e+00,-1.262277031561103990e-01,2.036612337058552741e-02,9.917922100797056384e-01,-1.745544091062975811e+00,0.000000000000000000e+00,0.000000000000000000e+00,0.000000000000000000e+00,1.000000000000000056e-01
9.478089053592021473e-01,-2.890477825757895580e-01,1.345721305092928144e-01,3.014094141438088670e+01,2.899055478880162573e-01,9.569584700872547645e-01,1.361101877193011955e-02,6.286333174205826602e+00,-1.327141749231790790e-01,2.611256242270752759e-02,9.908103157810681516e-01,-1.839518034903280475e+00,0.000000000000000000e+00,0.000000000000000000e+00,0.000000000000000000e+00,1.000000000000000056e-01
9.464605536071886149e-01,-2.944978044995614774e-01,1.322250491038367004e-01,3.105707874383480771e+01,2.957288232455863031e-01,9.552122219304119977e-01,1.068055132220136795e-02,6.553661319458937484e+00,-1.294483818645668638e-01,2.899403765782680026e-02,9.911621775536745282e-01,-1.950831115663208326e+00,0.000000000000000000e+00,0.000000000000000000e+00,0.000000000000000000e+00,1.000000000000000056e-01
9.448460165252346998e-01,-3.005986657955247998e-01,1.300247944753088192e-01,3.200518707227961812e+01,3.017415150243604738e-01,9.533228911715505571e-01,1.129262056032685931e-02,6.846276086706585495e+00,-1.273501596669574243e-01,2.856409092315498333e-02,9.914464330172024775e-01,-2.074886767346854288e+00,0.000000000000000000e+00,0.000000000000000000e+00,0.000000000000000000e+00,1.000000000000000056e-01
9.430198894439878465e-01,-3.041297356589257594e-01,1.349762645841144637e-01,3.292838356158867441e+01,3.053785307002129246e-01,9.521571372401513855e-01,1.186334649323917204e-02,7.161730913001632004e+00,-1.321266101147987315e-01,3.003148165960991753e-02,9.907778101112784119e-01,-2.204468507273413813e+00,0.000000000000000000e+00,0.000000000000000000e+00,0.000000000000000000e+00,1.000000000000000056e-01
9.413303384215080394e-01,-3.089630023446535700e-01,1.357904899078970495e-01,3.385134541373724204e+01,3.101818637806499357e-01,9.505933818933465229e-01,1.262670511783131090e-02,7.468126420985030656e+00,-1.329827257534279550e-01,3.023384664160230079e-02,9.906571097854396379e-01,-2.308900647921378724e+00,0.000000000000000000e+00,0.000000000000000000e+00,0.000000000000000000e+00,1.000000000000000056e-01
9.399395998245131389e-01,-3.130442659540327299e-01,1.360765822433639416e-01,3.475164259430553670e+01,3.140935997583112482e-01,9.492850566466957130e-01,1.425102866973251836e-02,7.785362076654544161e+00,-1.336366688921867829e-01,2.934567737471002746e-02,9.905958166410856469e-01,-2.424829487378648007e+00,0.000000000000000000e+00,0.000000000000000000e+00,0.000000000000000000e+00,1.000000000000000056e-01
9.383899018486763222e-01,-3.160527021731879271e-01,1.397679561181954799e-01,3.567140757410201246e+01,3.169857359523581275e-01,9.482931405637721189e-01,1.612956175597734729e-02,8.089803080487147469e+00,-1.376387856353490369e-01,2.916863055962934034e-02,9.900529054955105046e-01,-2.547906454908222429e+00,0.000000000000000000e+00,0.000000000000000000e+00,0.000000000000000000e+00,1.000000000000000056e-01
9.365005932865706484e-01,-3.203612062070325117e-01,1.426020207832849607e-01,3.661635625036944219e+01,3.216349109317084287e-01,9.467502433875472079e-01,1.466153864954895109e-02,8.414116486119249672e+00,-1.397054860907516460e-01,3.213524860951691431e-02,9.896715126510166050e-01,-2.682961919094090764e+00,0.000000000000000000e+00,0.000000000000000000e+00,0.000000000000000000e+00,1.000000000000000056e-01
9.343149421533989418e-01,-3.251113488008857133e-01,1.461444482344770313e-01,3.755173318087701517e+01,3.258256938419850646e-01,9.452245388639499701e-01,1.970249633478296167e-02,8.739636603619619137e+00,-1.445448238481057412e-01,2.920927952384224160e-02,9.890670411495967596e-01,-2.788193688822152794e+00,0.000000000000000000e+00,0.000000000000000000e+00,0.000000000000000000e+00,1.000000000000000056e-01
9.326628076833107794e-01,-3.291655236302040155e-01,1.476148543254957313e-01,3.849088892390911809e+01,3.293823825469266442e-01,9.438994653358258047e-01,2.368639707621810961e-02,9.069047046841101078e+00,-1.471303273699674785e-01,2.653031081604190558e-02,9.887612499365103780e-01,-2.923931202832513065e+00,0.000000000000000000e+00,0.000000000000000000e+00,0.000000000000000000e+00,1.000000000000000056e-01
9.300539934536615760e-01,-3.352846182007883091e-01,1.502790539591198349e-01,3.942873766073446262e+01,3.358801629258240662e-01,9.416437344931689601e-01,2.217190660904661687e-02,9.418345581097275598e+00,-1.489432288283637495e-01,2.985468284390242755e-02,9.883949678637946601e-01,-3.045385945622208546e+00,0.000000000000000000e+00,0.000000000000000000e+00,0.000000000000000000e+00,1.000000000000000056e-01
9.278488360455238171e-01,-3.415620295555039099e-01,1.497728861139146772e-01,4.035619428858657187e+01,3.418303210600857622e-01,9.394354153604885793e-01,2.476150178048438025e-02,9.763280886343173037e+00,-1.491595422791490433e-01,2.822198314065351918e-02,9.884103149070649907e-01,-3.163831073579939979e+00,0.000000000000000000e+00,0.000000000000000000e+00,0.000000000000000000e+00,1.000000000000000056e-01
9.273615963630715830e-01,-3.434371280263545101e-01,1.484971672589918412e-01,4.130917207863721075e+01,3.437178836790099057e-01,9.387510143852768607e-01,2.458758690551533788e-02,1.012177278233454025e+01,-1.478461566296473129e-01,2.823954821917416813e-02,9.886071221097988415e-01,-3.302520142755066779e+00,0.000000000000000000e+00,0.000000000000000000e+00,0.000000000000000000e+00,1.000000000000000056e-01
9.260565917822098925e-01,-3.469724339267987179e-01,1.484227708663020673e-01,4.228802186530147367e+01,3.470823376730347021e-01,9.374740425900974783e-01,2.600519842649834379e-02,1.047036157453746341e+01,-1.481655820092474540e-01,2.743263685272216701e-02,9.885820202406918611e-01,-3.436353878031193965e+00,0.000000000000000000e+00,0.000000000000000000e+00,0.000000000000000000e+00,1.000000000000000056e-01
9.240842040061516549e-01,-3.503026018409180486e-01,1.528282403543286816e-01,4.324054360650279705e+01,3.508630929604818482e-01,9.361143842988520758e-01,2.418572940775894076e-02,1.084773276244392015e+01,-1.515370380617277468e-01,3.127213859435058058e-02,9.879567700275221354e-01,-3.565783411203973241e+00,0.000000000000000000e+00,0.000000000000000000e+00,0.000000000000000000e+00,1.000000000000000056e-01
9.243030530078103491e-01,-3.483867673310898083e-01,1.558541836109447465e-01,4.416388561379674371e+01,3.489077283923175954e-01,9.368261320753750176e-01,2.490372118388831449e-02,1.119794173863403941e+01,-1.546843989177762724e-01,3.136014364261063142e-02,9.874660896062006366e-01,-3.701905967580412238e+00,0.000000000000000000e+00,0.000000000000000000e+00,0.000000000000000000e+00,1.000000000000000056e-01
9.192733703844706561e-01,-3.618548719757394561e-01,1.549113363488843209e-01,4.497524155982463157e+01,3.625008931715424931e-01,9.316462312719274719e-01,2.506795178406345456e-02,1.152494830656311642e+01,-1.533935231742523109e-01,3.311119726369637917e-02,9.876102853170144469e-01,-3.820011920510479442e+00,0.000000000000000000e+00,0.000000000000000000e+00,0.000000000000000000e+00,1.000000000000000056e-01
9.191023135595114413e-01,-3.637386433610624858e-01,1.514765213998768290e-01,4.583773486076041337e+01,3.645676553883335225e-01,9.308861916729076480e-01,2.326634473577396389e-02,1.186153238026462375e+01,-1.494702708039522543e-01,3.383928897841079891e-02,9.881869968114480596e-01,-3.954476724974384627e+00,0.000000000000000000e+00,0.000000000000000000e+00,0.000000000000000000e+00,1.000000000000000056e-01
9.189159209720332289e-01,-3.641102780246466275e-01,1.517143223988247913e-01,4.668128608709064764e+01,3.649946922236801394e-01,9.307257879312897941e-01,2.298656843073594233e-02,1.220406502329498899e+01,-1.495740780772557288e-01,3.425219871036684627e-02,9.881570634523868524e-01,-4.084654054056203520e+00,0.000000000000000000e+00,0.000000000000000000e+00,0.000000000000000000e+00,1.000000000000000056e-01
9.173066286939598468e-01,-3.663444919230325336e-01,1.560136602729926825e-01,4.752332663926775069e+01,3.671590226275109892e-01,9.298322241070869909e-01,2.462289819007405789e-02,1.257135716938487668e+01,-1.540869918498395386e-01,3.469507529496108911e-02,9.874479483461112705e-01,-4.217947643096542798e+00,0.000000000000000000e+00,0.000000000000000000e+00,0.000000000000000000e+00,1.000000000000000056e-01
9.176229057466419592e-01,-3.638992978617502372e-01,1.598296088489695732e-01,4.841197655569495595e+01,3.653529819235039611e-01,9.306262473054489615e-01,2.125997238429882391e-02,1.294830764750449781e+01,-1.564781181146208677e-01,3.888558655726465085e-02,9.869156548101789550e-01,-4.351198972930656161e+00,0.000000000000000000e+00,0.000000000000000000e+00,0.000000000000000000e+00,1.000000000000000056e-01
9.162104513342225198e-01,-3.646492639581173645e-01,1.661003406400587967e-01,4.923923303246711214e+01,3.666706442979031921e-01,9.301475450933177624e-01,1.944692693036576686e-02,1.328106811824862099e+01,-1.615891316769196839e-01,4.308664122065749419e-02,9.859170826556468148e-01,-4.487460751645605761e+00,0.000000000000000000e+00,0.000000000000000000e+00,0.000000000000000000e+00,1.000000000000000056e-01
9.148713960396250844e-01,-3.679002972767299040e-01,1.663120560037701090e-01,5.009670197662664748e+01,3.703273423091438810e-01,9.287396989585986473e-01,1.732717855098374685e-02,1.365915097864188077e+01,-1.608352829660009420e-01,4.573776166347932881e-02,9.859209242689096486e-01,-4.621743557013124004e+00,0.000000000000000000e+00,0.000000000000000000e+00,0.000000000000000000e+00,1.000000000000000056e-01
9.148325898673073109e-01,-3.680016901466228174e-01,1.663011983297296159e-01,5.100975115970477702e+01,3.704944676207392873e-01,9.286803617821360879e-01,1.693030131527140797e-02,1.404232360299342552e+01,-1.606710365283675057e-01,4.612528254038051473e-02,9.859296508024647521e-01,-4.738047791897133543e+00,0.000000000000000000e+00,0.000000000000000000e+00,0.000000000000000000e+00,1.000000000000000056e-01
9.126614892311777361e-01,-3.721617708414080572e-01,1.689515386094963267e-01,5.188780097581497586e+01,3.748429963643015728e-01,9.269332761448527691e-01,1.695375038161905934e-02,1.442911204605990605e+01,-1.629163409574405919e-01,4.785726590140047809e-02,9.854785375387338231e-01,-4.884014680021699029e+00,0.000000000000000000e+00,0.000000000000000000e+00,0.000000000000000000e+00,1.000000000000000056e-01
9.117424752562847123e-01,-3.727968966085866698e-01,1.724764699677896751e-01,5.273649735069273703e+01,3.755108181598592609e-01,9.266457908084514417e-01,1.786627610591222035e-02,1.479251433769497304e+01,-1.664850871953888201e-01,4.847733755051246429e-02,9.848515946504617924e-01,-5.019539077184004050e+00,0.000000000000000000e+00,0.000000000000000000e+00,0.000000000000000000e+00,1.000000000000000056e-01
9.102051071040111463e-01,-3.734974361866849613e-01,1.789590125245129892e-01,5.359438954690210721e+01,3.761688872025433783e-01,9.263336379535775933e-01,2.007385106277537884e-02,1.514089491171915647e+01,-1.732732850227519383e-01,4.904749083962863659e-02,9.836517230909326281e-01,-5.147379231585690995e+00,0.000000000000000000e+00,0.000000000000000000e+00,0.000000000000000000e+00,1.000000000000000056e-01
9.097391071250980898e-01,-3.755519491941360366e-01,1.770183335807742619e-01,5.443532969802998878e+01,3.768491828217753747e-01,9.258649844028010722e-01,2.754494623993605784e-02,1.553416007039976421e+01,-1.742396349106290765e-01,4.165049955625897693e-02,9.838220293899322400e-01,-5.291786582586590626e+00,0.000000000000000000e+00,0.000000000000000000e+00,0.000000000000000000e+00,1.000000000000000056e-01
9.092001543153755971e-01,-3.781397482969545143e-01,1.742567363140174741e-01,5.526898691901180172e+01,3.796526173556692418e-01,9.247668784320474122e-01,2.588649628738164121e-02,1.588483569805055673e+01,-1.709355712772708535e-01,4.262101961430164732e-02,9.843599337433185381e-01,-5.431334818814130827e+00,0.000000000000000000e+00,0.000000000000000000e+00,0.000000000000000000e+00,1.000000000000000056e-01
9.088681124382654852e-01,-3.810132974556015295e-01,1.696691526321557897e-01,5.609387161684173151e+01,3.818862001755312097e-01,9.237614804354422615e-01,2.876903507617469338e-02,1.625589083395975720e+01,-1.676952125386964310e-01,3.864704937934305279e-02,9.850810734482071673e-01,-5.558175435936058228e+00,0.000000000000000000e+00,0.000000000000000000e+00,0.000000000000000000e+00,1.000000000000000056e-01
9.092592785101063502e-01,-3.814170701956871024e-01,1.666390800701297581e-01,5.694863844172134293e+01,3.828473906985890296e-01,9.234801260708881410e-01,2.474534678234332347e-02,1.662891167998954245e+01,-1.633261763421978985e-01,4.129740083146655333e-02,9.857074032419572696e-01,-5.710100141792687545e+00,0.000000000000000000e+00,0.000000000000000000e+00,0.000000000000000000e+00,1.000000000000000056e-01
9.095165894417287511e-01,-3.820472189549687370e-01,1.637665900574964140e-01,5.779338104569914947e+01,3.828463384469836805e-01,9.233898381042988657e-01,2.792647531383635195e-02,1.699360845683905907e+01,-1.618896373089504792e-01,3.729784678089162475e-02,9.861037551685347680e-01,-5.856514355198684463e+00,0.000000000000000000e+00,0.000000000000000000e+00,0.000000000000000000e+00,1.000000000000000056e-01
9.081382634242258778e-01,-3.832981138324916270e-01,1.684263947167592146e-01,5.866733690790641020e+01,3.837742720642474681e-01,9.229051519459136044e-01,3.103850211023619077e-02,1.737859895614405659e+01,-1.673385867228124047e-01,3.645046562315081007e-02,9.852254366130968055e-01,-5.978712551978905942e+00,0.000000000000000000e+00,0.000000000000000000e+00,0.000000000000000000e+00,1.000000000000000056e-01
9.077279361695185234e-01,-3.840744694639450230e-01,1.688691677110292499e-01,5.949736927564186573e+01,3.846707988330338446e-01,9.225496353292380602e-01,3.050486648135912124e-02,1.775023314509514449e+01,-1.675063295000584762e-01,3.726891814742035181e-02,9.851663094714204760e-01,-6.103701655994720809e+00,0.000000000000000000e+00,0.000000000000000000e+00,0.000000000000000000e+00,1.000000000000000056e-01
9.073027441567537155e-01,-3.857157290497950641e-01,1.674070094387012930e-01,6.024939776379498824e+01,3.861407706685529573e-01,9.219071260898297204e-01,3.134575078518248015e-02,1.807730291604401529e+01,-1.664242640756459779e-01,3.620258593492804711e-02,9.853894342332394363e-01,-6.233370104448205495e+00,0.000000000000000000e+00,0.000000000000000000e+00,0.000000000000000000e+00,1.000000000000000056e-01
9.060855539205946441e-01,-3.887622370582695663e-01,1.669517655308230542e-01,6.099291850492591038e+01,3.888856298060688332e-01,9.206832198078420681e-01,3.332230025976514604e-02,1.840496052868124366e+01,-1.666641410344357477e-01,3.473228759691158324e-02,9.854018126082065843e-01,-6.359787028672711173e+00,0.000000000000000000e+00,0.000000000000000000e+00,0.000000000000000000e+00,1.000000000000000056e-01
9.069434305578436550e-01,-3.871880163003929010e-01,1.659489493830452467e-01,6.171672668357826552e+01,3.874050091526911599e-01,9.213399779871723760e-01,3.240376283705347776e-02,1.872790994992035962e+01,-1.654417500251164352e-01,3.490107442419809053e-02,9.856018173444403008e-01,-6.486051157315120719e+00,0.000000000000000000e+00,0.000000000000000000e+00,0.000000000000000000e+00,1.000000000000000056e-01
9.066621371180776379e-01,-3.890871784254482657e-01,1.630182097233423832e-01,6.244781950561642248e+01,3.894987934077824843e-01,9.205128699009043070e-01,3.076924244570239039e-02,1.904804596735946021e+01,-1.620322778040282630e-01,3.559808887741389150e-02,9.861431523961995405e-01,-6.610342193081805817e+00,0.000000000000000000e+00,0.000000000000000000e+00,0.000000000000000000e+00,1.000000000000000056e-01
9.063644830466479618e-01,-3.887966353259476038e-01,1.653499326604176145e-01,6.313442945027084363e+01,3.890281243444734804e-01,9.206580370455877960e-01,3.234033537837945754e-02,1.935776069379109998e+01,-1.648045580091868356e-01,3.501364280658713496e-02,9.857045716018615344e-01,-6.723049250372204355e+00,0.000000000000000000e+00,0.000000000000000000e+00,0.000000000000000000e+00,1.000000000000000056e-01
9.055792435329339529e-01,-3.903494508049502043e-01,1.659925900110989783e-01,6.382967628144744054e+01,3.903417030636604501e-01,9.200402334304536023e-01,3.404884313155839837e-02,1.968114046761639813e+01,-1.660108084784847893e-01,3.395990467463214091e-02,9.855390080269830211e-01,-6.835097505703134679e+00,0.000000000000000000e+00,0.000000000000000000e+00,0.000000000000000000e+00,1.000000000000000056e-01
9.034276840478414616e-01,-3.931693844851694153e-01,1.709861245818111997e-01,6.450922080257495850e+01,3.933156595411025358e-01,9.187568958115414075e-01,3.447547473912466326e-02,1.997771178875704479e+01,-1.706493822306459907e-01,3.610542206225494238e-02,9.846700903561584894e-01,-6.944374814473600388e+00,0.000000000000000000e+00,0.000000000000000000e+00,0.000000000000000000e+00,1.000000000000000056e-01
9.040754794556145058e-01,-3.918950078497048239e-01,1.704870384210501189e-01,6.513800597670034165e+01,3.917186017396530606e-01,9.193763151538736356e-01,3.610717636725755547e-02,2.026851802724402063e+01,-1.708919673309190479e-01,3.413933151901143298e-02,9.846981474265111833e-01,-7.041806391022319644e+00,0.000000000000000000e+00,0.000000000000000000e+00,0.000000000000000000e+00,1.000000000000000056e-01
9.047157498270758103e-01,-3.929598707917852374e-01,1.645355644295040110e-01,6.573581709891703895e+01,3.919829086336599766e-01,9.191130424021113354e-01,3.975694436737486903e-02,2.054720001371168436e+01,-1.668496669278298761e-01,2.852639538459506019e-02,9.855695984619422534e-01,-7.133730578593964644e+00,0.000000000000000000e+00,0.000000000000000000e+00,0.000000000000000000e+00,1.000000000000000056e-01
9.070148907181739828e-01,-3.892635076042724185e-01,1.606172769757896746e-01,6.633830113634903114e+01,3.885295554890579872e-01,9.206822814566650859e-01,3.726823209148955734e-02,2.080605693396218925e+01,-1.623846437535704512e-01,2.860171776954452058e-02,9.863129164791756276e-01,-7.230159286599977086e+00,0.000000000000000000e+00,0.000000000000000000e+00,0.000000000000000000e+00,1.000000000000000056e-01
9.089732968667714186e-01,-3.857558590545425714e-01,1.579872234968512923e-01,6.699525522761891239e+01,3.849773922692001360e-01,9.221936814766286128e-01,3.675896198464862624e-02,2.110149296099427829e+01,-1.598748042211736164e-01,2.740859444908273074e-02,9.867567156728993538e-01,-7.333697341380706725e+00,0.000000000000000000e+00,0.000000000000000000e+00,0.000000000000000000e+00,1.000000000000000056e-01
9.098313128724846433e-01,-3.847831224854529331e-01,1.553992624405789724e-01,6.761863517403347146e+01,3.836072439719399596e-01,9.226846542584952182e-01,3.871060795355383416e-02,2.137406094370258103e+01,-1.582797033386894314e-01,2.439215952362876888e-02,9.870929834948631854e-01,-7.436620001856917739e+00,0.000000000000000000e+00,0.000000000000000000e+00,0.000000000000000000e+00,1.000000000000000056e-01
9.101282561389449910e-01,-3.829814545928867942e-01,1.580878325975769161e-01,6.822588788701966678e+01,3.813776575910116096e-01,9.234833977500642721e-01,4.158721402534241995e-02,2.164657134902645197e+01,-1.619186205100450193e-01,2.244146871114187716e-02,9.865489044209673208e-01,-7.528459686871356915e+00,0.000000000000000000e+00,0.000000000000000000e+00,0.000000000000000000e+00,1.000000000000000056e-01
9.091325696216692176e-01,-3.855715978635733676e-01,1.575198837418044506e-01,6.878676890296193847e+01,3.840027605428666946e-01,9.223977374063904167e-01,4.152461827674548689e-02,2.187298599494203089e+01,-1.613066977795978019e-01,2.273668728074777767e-02,9.866423831880216655e-01,-7.619736069235679032e+00,0.000000000000000000e+00,0.000000000000000000e+00,0.000000000000000000e+00,1.000000000000000056e-01
9.087249757615448731e-01,-3.875686149360468291e-01,1.549499504476653522e-01,6.929789316383450171e+01,3.860983396036823945e-01,9.215583448320663340e-01,4.072209751058870897e-02,2.208823102486332601e+01,-1.585780267958306622e-01,2.282073151624744445e-02,9.870826832796755212e-01,-7.682432253156835422e+00,0.000000000000000000e+00,0.000000000000000000e+00,0.000000000000000000e+00,1.000000000000000056e-01
9.105941739052827444e-01,-3.834023975940503703e-01,1.543400530286591354e-01,6.985472816288248055e+01,3.829197883523913770e-01,9.231539404548033678e-01,3.404758304093266630e-02,2.231171243187012365e+01,-1.555335530935861021e-01,2.809632968740142372e-02,9.874309647363614939e-01,-7.763956215441199404e+00,0.000000000000000000e+00,0.000000000000000000e+00,0.000000000000000000e+00,1.000000000000000056e-01
9.134178038319170634e-01,-3.774343152735558093e-01,1.523523983954946925e-01,7.041173413453189767e+01,3.775676582790951641e-01,9.255218986980919826e-01,2.918695688007170302e-02,2.253438111973549596e+01,-1.520216401191550326e-01,3.086345224145873450e-02,9.878951706791674336e-01,-7.837899523740298413e+00,0.000000000000000000e+00,0.000000000000000000e+00,0.000000000000000000e+00,1.000000000000000056e-01
9.158485534530150796e-01,-3.731791379257612951e-01,1.481848782939928499e-01,7.093346745657767372e+01,3.728146544260448891e-01,9.273781788108674817e-01,3.128812731097032479e-02,2.275654162473301412e+01,-1.490994989368125134e-01,2.659030805433451952e-02,9.884646149126264936e-01,-7.910715723347272466e+00,0.000000000000000000e+00,0.000000000000000000e+00,0.000000000000000000e+00,1.000000000000000056e-01
9.194060498752264499e-01,-3.649143975310881749e-01,1.467310394134641316e-01,7.144773487939841061e+01,3.633104169696326768e-01,9.308698280146862070e-01,3.856039695413107649e-02,2.299349924421061786e+01,-1.506587414463038399e-01,1.785625286647489485e-02,9.884245534482559714e-01,-7.992898173793706817e+00,0.000000000000000000e+00,0.000000000000000000e+00,0.000000000000000000e+00,1.000000000000000056e-01
9.218025659834847563e-01,-3.571096694602289290e-01,1.508400256041785570e-01,7.195528882674720705e+01,3.557293279761284399e-01,9.338573294488461407e-01,3.697476777913834278e-02,2.317754274037211815e+01,-1.540671105846906086e-01,1.957478512462324655e-02,9.878664652792954470e-01,-8.067759380459898821e+00,0.000000000000000000e+00,0.000000000000000000e+00,0.000000000000000000e+00,1.000000000000000056e-01
9.246849056758159602e-01,-3.488081905417265705e-01,1.526128154065506393e-01,7.249690764833341916e+01,3.475149951296098716e-01,9.369850771997014771e-01,3.594848070693185127e-02,2.337314716681971660e+01,-1.555350551334797049e-01,1.979422431104530325e-02,9.876320343673292701e-01,-8.133660162833391993e+00,0.000000000000000000e+00,0.000000000000000000e+00,0.000000000000000000e+00,1.000000000000000056e-01
9.278951182246230056e-01,-3.386846416674183513e-01,1.558953593713592600e-01,7.301221148645697667e+01,3.370892261164008530e-01,9.407303241489308743e-01,3.738062148885949731e-02,2.354043643536849117e+01,-1.593157343489926270e-01,1.786534984991454411e-02,9.870660191008407969e-01,-8.204630775956571753e+00,0.000000000000000000e+00,0.000000000000000000e+00,0.000000000000000000e+00,1.000000000000000056e-01
9.327503089883356635e-01,-3.265853587116240853e-01,1.527051556345239425e-01,7.347994454525141350e+01,3.245021688677471872e-01,9.450769997125836319e-01,3.908717199273022830e-02,2.372458455725093174e+01,-1.570834284139877857e-01,1.309458244699056306e-02,9.874985207220547956e-01,-8.265231036233235073e+00,0.000000000000000000e+00,0.000000000000000000e+00,0.000000000000000000e+00,1.000000000000000056e-01
9.384552304557237656e-01,-3.119631849335311458e-01,1.482590694575607604e-01,7.395130852196855642e+01,3.091540645455649328e-01,9.500739294782118982e-01,4.222905280474853473e-02,2.390741790281066059e+01,-1.540309865100235320e-01,6.204818446740912458e-03,9.880465350492313448e-01,-8.337885376015430339e+00,0.000000000000000000e+00,0.000000000000000000e+00,0.000000000000000000e+00,1.000000000000000056e-01
9.465656258743611051e-01,-2.882187904056729422e-01,1.447185018239539600e-01,7.442152935559171567e+01,2.842676314147734584e-01,9.575560489712701129e-01,4.773182175828865476e-02,2.404516138213747567e+01,-1.523332847506200238e-01,-4.042516001367991996e-03,9.883209136821223817e-01,-8.407189664796822726e+00,0.000000000000000000e+00,0.000000000000000000e+00,0.000000000000000000e+00,1.000000000000000056e-01
9.522013197421267394e-01,-2.685814344726317748e-01,1.455220249239802810e-01,7.490695507333670378e+01,2.645455207072005543e-01,9.632380134987350573e-01,4.677816611162499000e-02,2.417335055809852662e+01,-1.527360931643474695e-01,-6.045031648725163187e-03,9.882485231141292514e-01,-8.459418327787705749e+00,0.000000000000000000e+00,0.000000000000000000e+00,0.000000000000000000e+00,1.000000000000000056e-01
9.592101184843235817e-01,-2.410453500516123726e-01,1.476925448889875314e-01,7.538903401132189686e+01,2.371282427531227199e-01,9.704883443340595051e-01,4.384712077835997701e-02,2.429366107126940122e+01,-1.539030379365723955e-01,-7.036528279744800468e-03,9.880609000378783868e-01,-8.530124806148556615e+00,0.000000000000000000e+00,0.000000000000000000e+00,0.000000000000000000e+00,1.000000000000000056e-01
9.661621819276169365e-01,-2.102959926422354464e-01,1.493527157151264828e-01,7.585207762938880194e+01,2.060511970931311054e-01,9.775726978642665932e-01,4.352613659477438945e-02,2.443462085712395293e+01,-1.551565093360706693e-01,-1.127900124107482013e-02,9.878255117892277282e-01,-8.589243524537931052e+00,0.000000000000000000e+00,0.000000000000000000e+00,0.000000000000000000e+00,1.000000000000000056e-01
9.732218562098441383e-01,-1.756717854108739152e-01,1.482519558252820557e-01,7.629612143029359572e+01,1.714517714075487476e-01,9.843439180116789755e-01,4.088203951163289773e-02,2.447639240784041093e+01,-1.531127319221989302e-01,-1.436923393827728088e-02,9.881042538312179158e-01,-8.657534156962601202e+00,0.000000000000000000e+00,0.000000000000000000e+00,0.000000000000000000e+00,1.000000000000000056e-01
