1.000000000000000000e+00,-6.241227009330875633e-14,-3.828353985715089459e-12,-4.832010187323674676e-20,6.241227008896716883e-14,1.000000000000000000e+00,-1.134060491640397823e-12,1.038244424466284184e-20,3.828353985715160544e-12,1.134060491640158716e-12,1.000000000000000000e+00,1.339543800802436894e-18,0.000000000000000000e+00,0.000000000000000000e+00,0.000000000000000000e+00,1.000000000000000056e-01
9.999966494723714350e-01,-2.141063361452654173e-03,-1.454954196291441057e-03,6.253726388042915030e-01,2.138284597018421090e-03,9.999958922109482007e-01,-1.908743097408790090e-03,-3.159568102523791725e-03,1.459034959558810126e-03,1.905625595965009097e-03,9.999971198998899302e-01,1.251679521981935612e-02,0.000000000000000000e+00,0.000000000000000000e+00,0.000000000000000000e+00,1.000000000000000056e-01
9.999869954327805788e-01,-4.286769389982379025e-03,-2.762711261990658494e-03,1.256102103271604653e+00,4.286803859234284905e-03,9.999908115926382512e-01,6.555084721541443032e-06,-8.434547378290545294e-03,2.762657776937627041e-03,-1.839820077535312914e-05,9.999961836844747376e-01,1.951792857325753208e-02,0.000000000000000000e+00,0.000000000000000000e+00,0.000000000000000000e+00,1.000000000000000056e-01
9.999636667061352346e-01,-8.374867992691827426e-03,-1.589608041712565860e-03,1.986087678483999808e+00,8.375699936863498576e-03,9.999647893381081731e-01,5.174307302410428031e-04,-6.773489022215650919e-03,1.585218656500137890e-03,-5.307260102528759413e-04,9.999986027048803905e-01,2.650654729124943265e-02,0.000000000000000000e+00,0.000000000000000000e+00,0.000000000000000000e+00,1.000000000000000056e-01
9.999078753402701469e-01,-1.332844209808719226e-02,-2.567774083639887215e-03,2.702564923960910637e+00,1.332445297538657585e-02,9.999100017099008531e-01,-1.564427503237673066e-03,-9.024557258156403264e-03,2.588394369756557341e-03,1.530069195857389121e-03,9.999954795412039354e-01,2.486758074901868759e-02,0.000000000000000000e+00,0.000000000000000000e+00,0.000000000000000000e+00,1.000000000000000056e-01
9.997970151261984517e-01,-1.995037109222282806e-02,-2.812692309274263201e-03,3.449169070910187429e+00,1.995029149632052134e-02,9.998009715404508890e-01,-5.635585433599277715e-05,-4.967897752007111728e-03,2.813256823663984763e-03,2.303834905319523442e-07,9.999960427851657396e-01,3.527852394606074971e-02,0.000000000000000000e+00,0.000000000000000000e+00,0.000000000000000000e+00,1.000000000000000056e-01
9.997039390840799511e-01,-2.419627337204553752e-02,-2.564085544468933282e-03,4.197348678938433331e+00,2.419788247081788163e-02,9.997070092821150888e-01,5.983946336874941107e-04,1.548662638203330416e-02,2.548855371063473395e-03,-6.602629130743453006e-04,9.999965336885838774e-01,5.169491570854279489e-02,0.000000000000000000e+00,0.000000000000000000e+00,0.000000000000000000e+00,1.000000000000000056e-01
9.995417266680435286e-01,-3.005852070885796715e-02,-3.580779560563263422e-03,4.965401376567241343e+00,3.006799724579729480e-02,9.995444146506150540e-01,2.622724229889082052e-03,3.827820560440150371e-02,3.500312999278349518e-03,-2.729189175282270823e-03,9.999901496191613282e-01,6.659968568605661998e-02,0.000000000000000000e+00,0.000000000000000000e+00,0.000000000000000000e+00,1.000000000000000056e-01
9.994200166129734164e-01,-3.387812547990737971e-02,-3.450073519725043933e-03,5.750956386434184608e+00,3.388371433938575789e-02,9.994245417709333168e-01,1.574550261753632522e-03,8.700318088293360064e-02,3.394745335185122941e-03,-1.690538354352019842e-03,9.999928088662346504e-01,6.363849057602714854e-02,0.000000000000000000e+00,0.000000000000000000e+00,0.000000000000000000e+00,1.000000000000000056e-01
9.993532948638081947e-01,-3.590815027096284917e-02,-1.896520226195444600e-03,6.539538792705696046e+00,3.591079541362612870e-02,9.993540471249817703e-01,1.379589678261218316e-03,1.235753824871372308e-01,1.845756650023530491e-03,-1.446803040371158000e-03,9.999972499678942972e-01,6.710916263835940698e-02,0.000000000000000000e+00,0.000000000000000000e+00,0.000000000000000000e+00,1.000000000000000056e-01
9.993126569281026716e-01,-3.699814696379092466e-02,2.313184934669565949e-03,7.326185988329673826e+00,3.699849082915410842e-02,9.993153158213449183e-01,-1.060247639912228785e-04,1.664239037706793933e-01,-2.307678413742545939e-03,1.915362401957533057e-04,9.999973189635097404e-01,8.177070425595187042e-02,0.000000000000000000e+00,0.000000000000000000e+00,0.000000000000000000e+00,1.000000000000000056e-01
9.990738051371557127e-01,-4.292248135053765290e-02,3.031910862385826452e-03,8.128388919282462766e+00,4.292016269320882149e-02,9.990781639942077907e-01,8.257507804460127070e-04,2.084086610568847975e-01,-3.064559210260412066e-03,-6.948558668302672612e-04,9.999950628138977171e-01,7.334155292635458068e-02,0.000000000000000000e+00,0.000000000000000000e+00,0.000000000000000000e+00,1.000000000000000056e-01
9.989549238655732744e-01,-4.557549589192531891e-02,3.454599677509703759e-03,8.962527062862456262e+00,4.555963937410993647e-02,9.989513150110589379e-01,4.537565181575965549e-03,2.615021600120878698e-01,-3.657778673977357849e-03,-4.375432765007036297e-03,9.999837379894190859e-01,7.892569940331792266e-02,0.000000000000000000e+00,0.000000000000000000e+00,0.000000000000000000e+00,1.000000000000000056e-01
9.989603755336030622e-01,-4.552981794116423703e-02,2.281182151254435280e-03,9.743207949275708657e+00,4.552578562964560566e-02,9.989615611476725388e-01,1.789467017972451316e-03,3.073037013304261156e-01,-2.360287390619340234e-03,-1.683754034678573578e-03,9.999957969990596052e-01,9.756954654526281412e-02,0.000000000000000000e+00,0.000000000000000000e+00,0.000000000000000000e+00,1.000000000000000056e-01
9.988966061230638571e-01,-4.685318497533094012e-02,3.217037999799771900e-03,1.052503298967583945e+01,4.685182042904916661e-02,9.989017262251674856e-01,4.982638504164164147e-04,3.587333086467893173e-01,-3.236850059682033504e-03,-3.469899824547218728e-04,9.999947011857829304e-01,9.766675951171854830e-02,0.000000000000000000e+00,0.000000000000000000e+00,0.000000000000000000e+00,1.000000000000000056e-01
9.987213215492246610e-01,-5.049965924811069401e-02,2.346550403238915981e-03,1.128527832544246223e+01,5.050459701624720327e-02,9.987216314077966839e-01,-2.094907724853466331e-03,4.059556663052666936e-01,-2.237758520642057960e-03,2.210740593983227288e-03,9.999950525191759754e-01,1.083716744511128011e-01,0.000000000000000000e+00,0.000000000000000000e+00,0.000000000000000000e+00,1.000000000000000056e-01
9.984743034113782167e-01,-5.520515150745303884e-02,1.206927587811388106e-03,1.211387557008092841e+01,5.520315712779851752e-02,9.984738164811138850e-01,1.627650073716334269e-03,4.688354302030368626e-01,-1.294940263739008564e-03,-1.558540560279568152e-03,9.999979470384103841e-01,1.196381206498745020e-01,0.000000000000000000e+00,0.000000000000000000e+00,0.000000000000000000e+00,1.000000000000000056e-01
9.983696453509234292e-01,-5.705075829776232871e-02,-1.806161543604538258e-03,1.295743899957997058e+01,5.705486535853020874e-02,9.983683709413160301e-01,2.310463785219265490e-03,5.344275242241354196e-01,1.671400846979038089e-03,-2.409747213531621916e-03,9.999956997595417230e-01,1.222643614994732980e-01,0.000000000000000000e+00,0.000000000000000000e+00,0.000000000000000000e+00,1.000000000000000056e-01
9.983439632906064842e-01,-5.745773007624151163e-02,-2.817838833212436573e-03,1.384465483891675319e+01,5.746935441308481662e-02,9.983382923418896437e-01,4.234069817901846972e-03,5.860647497602161637e-01,2.569876368123001718e-03,-4.388997421438105284e-03,9.999870661349011813e-01,1.326985822429669615e-01,0.000000000000000000e+00,0.000000000000000000e+00,0.000000000000000000e+00,1.000000000000000056e-01
9.977891248911142652e-01,-6.631970313285617813e-02,-4.308041944343178609e-03,1.477050492306410767e+01,6.635298369652475881e-02,9.977632864832204351e-01,8.105905302419792388e-03,6.801033536928444700e-01,3.760824855415886847e-03,-8.373835595048636712e-03,9.999578666493074142e-01,1.480186511891325440e-01,0.000000000000000000e+00,0.000000000000000000e+00,0.000000000000000000e+00,1.000000000000000056e-01
9.974656658948803933e-01,-7.106967975749027555e-02,-3.368379439835753227e-03,1.572568258740071556e+01,7.108581554774058564e-02,9.974579673726898799e-01,4.940663179636482424e-03,7.490294190653309370e-01,3.008685559432141762e-03,-5.167585887993387736e-03,9.999821217738318335e-01,1.389977846097536496e-01,0.000000000000000000e+00,0.000000000000000000e+00,0.000000000000000000e+00,1.000000000000000056e-01
9.970448927956512275e-01,-7.680036886232134707e-02,-1.784682806464643872e-03,1.665073764191511785e+01,7.680359159098111566e-02,9.970445928371997057e-01,1.813342998038316610e-03,8.457373823601387341e-01,1.640142930991841160e-03,-1.945054424468014654e-03,9.999967633419879487e-01,1.492807255279207934e-01,0.000000000000000000e+00,0.000000000000000000e+00,0.000000000000000000e+00,1.000000000000000056e-01
9.968949957096747694e-01,-7.874125797683959038e-02,4.264050097696827106e-04,1.754606367118328691e+01,7.873897410405655828e-02,9.968874542146122231e-01,3.946845138866323863e-03,9.440823314333548488e-01,-7.358573559277642841e-04,-3.901015474754799140e-03,9.999921202650635665e-01,1.777827570812059721e-01,0.000000000000000000e+00,0.000000000000000000e+00,0.000000000000000000e+00,1.000000000000000056e-01
9.967845186428090365e-01,-8.012051079117651908e-02,1.152017614602936658e-03,1.848063574535875730e+01,8.011249792754832066e-02,9.967687437312098275e-01,5.836025729415628485e-03,1.022411882609779221e+00,-1.615880512895222915e-03,-5.724969088720228971e-03,9.999823066730236798e-01,1.941144930794873324e-01,0.000000000000000000e+00,0.000000000000000000e+00,0.000000000000000000e+00,1.000000000000000056e-01
9.964800087444133370e-01,-8.382235185724680460e-02,1.185538634509699426e-03,1.941940919241536179e+01,8.381673182315542425e-02,9.964723962444383965e-01,4.185569178996619705e-03,1.107848499301866019e+00,-1.532200776414941942e-03,-4.071468038292209643e-03,9.999905377096295345e-01,2.120971863037644789e-01,0.000000000000000000e+00,0.000000000000000000e+00,0.000000000000000000e+00,1.000000000000000056e-01
9.963783244111563686e-01,-8.502590026837719694e-02,9.115520656489018315e-04,2.035590124374770227e+01,8.502033786344578847e-02,9.963666944576601292e-01,4.995230235058345861e-03,1.182672629298633371e+00,-1.332964066260301566e-03,-4.899638667053790239e-03,9.999871082907670905e-01,2.201333781119250432e-01,0.000000000000000000e+00,0.000000000000000000e+00,0.000000000000000000e+00,1.000000000000000056e-01
9.966176103716052337e-01,-8.207948384704225053e-02,4.036957839071167453e-03,2.128378709658972312e+01,8.205468770735258044e-02,9.966099703628837903e-01,5.966171179298088677e-03,1.275282750057209258e+00,-4.512972683292813467e-03,-5.614739949007270005e-03,9.999740535498232719e-01,2.337587884162136143e-01,0.000000000000000000e+00,0.000000000000000000e+00,0.000000000000000000e+00,1.000000000000000056e-01
9.967607690836189915e-01,-8.004669797453126123e-02,7.777876265827946868e-03,2.222842429882961213e+01,8.000102488492907837e-02,9.967766247681871805e-01,6.016338845308628197e-03,1.363170472178796055e+00,-8.234393310579431538e-03,-5.374612461823080611e-03,9.999516529851290025e-01,2.251910776753560106e-01,0.000000000000000000e+00,0.000000000000000000e+00,0.000000000000000000e+00,1.000000000000000056e-01
9.967973723892277205e-01,-7.910680049156421090e-02,1.170950528071680423e-02,2.318950549790094939e+01,7.904000635576471923e-02,9.968530136357853788e-01,6.061897436722724075e-03,1.450502449515417069e+00,-1.215219293839383922e-02,-5.116964064807489124e-03,9.999130666640713150e-01,2.349758310382246418e-01,0.000000000000000000e+00,0.000000000000000000e+00,0.000000000000000000e+00,1.000000000000000056e-01
9.968938674317221471e-01,-7.722940370201070159e-02,1.543490462736289356e-02,2.412015065525826785e+01,7.715530607020495979e-02,9.970047821158122270e-01,5.340710010367654033e-03,1.527191993130271541e+00,-1.580113357442833669e-02,-4.133236266378116815e-03,9.998666113716015991e-01,2.412461424329109816e-01,0.000000000000000000e+00,0.000000000000000000e+00,0.000000000000000000e+00,1.000000000000000056e-01
9.971176308666045429e-01,-7.495018323420336859e-02,1.178559494166664737e-02,2.507935460201750999e+01,7.490823947520870718e-02,9.971825618353024057e-01,3.961569172448818968e-03,1.591714316612579339e+00,-1.204931009205434042e-02,-3.067312299498168443e-03,9.999226998731266525e-01,2.440897170915555803e-01,0.000000000000000000e+00,0.000000000000000000e+00,0.000000000000000000e+00,1.000000000000000056e-01
9.971850083331827985e-01,-7.445842135187777378e-02,8.831910627741176856e-03,2.604289208322463622e+01,7.442425614440140169e-02,9.972180906482999152e-01,4.136397117240795188e-03,1.665202653418091261e+00,-9.115330652406692519e-03,-3.467444815021645740e-03,9.999524426559255330e-01,2.375180501749033779e-01,0.000000000000000000e+00,0.000000000000000000e+00,0.000000000000000000e+00,1.000000000000000056e-01
9.973412615243057999e-01,-7.246052199606760336e-02,7.738269390738281017e-03,2.698519277401637595e+01,7.243012163611951826e-02,9.973648992550930847e-01,4.139470214285062045e-03,1.741502534882037434e+00,-8.017826443816725157e-03,-3.567980652333118188e-03,9.999614912451285642e-01,2.512239975739860021e-01,0.000000000000000000e+00,0.000000000000000000e+00,0.000000000000000000e+00,1.000000000000000056e-01
9.973797463908811167e-01,-7.184756783124229829e-02,8.459815955255916772e-03,2.794055207079779990e+01,7.184301540754273185e-02,9.974155972017247906e-01,8.411871837981869243e-04,1.810454415984673160e+00,-8.498389636474973710e-03,-2.312043720254686359e-04,9.999638613060598535e-01,2.611404832456613034e-01,0.000000000000000000e+00,0.000000000000000000e+00,0.000000000000000000e+00,1.000000000000000056e-01
9.975039102975160610e-01,-6.921262486991704155e-02,1.398433050886249696e-02,2.894414083110443769e+01,6.927809759327631378e-02,9.975883230816311453e-01,-4.252392859982693368e-03,1.897313264948385703e+00,-1.365628554993793611e-02,5.210586319723582369e-03,9.998931721214938673e-01,2.663732113930645240e-01,0.000000000000000000e+00,0.000000000000000000e+00,0.000000000000000000e+00,1.000000000000000056e-01
9.974067778721507072e-01,-6.982652084993476449e-02,1.743492015145856749e-02,2.992377851809125389e+01,6.998659991789810131e-02,9.975095910671810673e-01,-8.745945398717324543e-03,1.931541335757541056e+00,-1.678080113183446492e-02,9.943476000821040856e-03,9.998097479012669764e-01,2.623814104990965790e-01,0.000000000000000000e+00,0.000000000000000000e+00,0.000000000000000000e+00,1.000000000000000056e-01
9.972324867674539073e-01,-7.159387358177478344e-02,2.004207078015699320e-02,3.083922108151584851e+01,7.189164835422297284e-02,9.973062756727895106e-01,-1.455277982320782662e-02,1.986473904412492608e+00,-1.894619308760266477e-02,1.595336231729426249e-02,9.996932189418213932e-01,2.708301785753239876e-01,0.000000000000000000e+00,0.000000000000000000e+00,0.000000000000000000e+00,1.000000000000000056e-01
9.974477623328193987e-01,-7.010416979736427967e-02,1.354129957846635784e-02,3.175428736729828216e+01,7.028937086805409074e-02,9.974322572007110477e-01,-1.372212222900277487e-02,2.052097554709792604e+00,-1.254455101725853935e-02,1.463890953988250532e-02,9.998141510137064092e-01,2.565059842716214122e-01,0.000000000000000000e+00,0.000000000000000000e+00,0.000000000000000000e+00,1.000000000000000056e-01
9.974880649577395619e-01,-6.988178769150667213e-02,1.157998341551476178e-02,3.274051248813596970e+01,7.005095937667697725e-02,9.974319680826718715e-01,-1.491080605249078123e-02,2.101300695034588717e+00,-1.050825186563219583e-02,1.568454002408199710e-02,9.998217700405215291e-01,2.609328173686632502e-01,0.000000000000000000e+00,0.000000000000000000e+00,0.000000000000000000e+00,1.000000000000000056e-01
9.973022667049580292e-01,-7.277285539304613471e-02,9.607306755566079673e-03,3.368968596398687509e+01,7.286633341171590283e-02,9.972938891133489303e-01,-9.767097434958583665e-03,2.182786414845660161e+00,-8.870528748919413384e-03,1.044079762825208570e-02,9.999061473281382062e-01,2.499975067744841795e-01,0.000000000000000000e+00,0.000000000000000000e+00,0.000000000000000000e+00,1.000000000000000056e-01
9.969823805996743671e-01,-7.682193364628697729e-02,1.115900016361104190e-02,3.464336687046058216e+01,7.695335888394314039e-02,9.969640556045541446e-01,-1.186812491502375888e-02,2.261710679648239353e+00,-1.021338975487774518e-02,1.269103397541103753e-02,9.998673033589756676e-01,2.626399355390765522e-01,0.000000000000000000e+00,0.000000000000000000e+00,0.000000000000000000e+00,1.000000000000000056e-01
9.969458080410561474e-01,-7.722724367681972624e-02,1.161932284803192036e-02,3.562119472896599603e+01,7.736254901124163530e-02,9.969345611311555277e-01,-1.168404179698214439e-02,2.338049595550248494e+00,-1.068137818115822216e-02,1.254725692378614622e-02,9.998642280349064881e-01,2.550255803725138271e-01,0.000000000000000000e+00,0.000000000000000000e+00,0.000000000000000000e+00,1.000000000000000056e-01
9.969777777359406512e-01,-7.673310244214889830e-02,1.213843854488857316e-02,3.659868349284074895e+01,7.686486439722561848e-02,9.969831535933401101e-01,-1.078814498765296760e-02,2.411840822362882442e+00,-1.127401090568363323e-02,1.168856024843029952e-02,9.998681284236523581e-01,2.572301034274705467e-01,0.000000000000000000e+00,0.000000000000000000e+00,0.000000000000000000e+00,1.000000000000000056e-01
9.969064008195943627e-01,-7.759839265287567234e-02,1.249469737978687461e-02,3.759641615369840650e+01,7.771101132954062740e-02,9.969371367528280237e-01,-8.794548380280780078e-03,2.495677287759425766e+00,-1.177398501198004960e-02,9.738317142259306572e-03,9.998832624142552916e-01,2.599198038856279647e-01,0.000000000000000000e+00,0.000000000000000000e+00,0.000000000000000000e+00,1.000000000000000056e-01
9.967915660796813349e-01,-7.857767061825042532e-02,1.523559886010553317e-02,3.858810142957673861e+01,7.874119897915009270e-02,9.968403472503414298e-01,-1.044728084932179495e-02,2.576579058108928066e+00,-1.436653666484014220e-02,1.161343076047981725e-02,9.998293508645509364e-01,2.767818512251844498e-01,0.000000000000000000e+00,0.000000000000000000e+00,0.000000000000000000e+00,1.000000000000000056e-01
9.966569071200291896e-01,-8.030794737891659707e-02,1.502142062930835950e-02,3.960840458066398639e+01,8.042241987586447316e-02,9.967350290406883362e-01,-7.177483163915495019e-03,2.632458473754342609e+00,-1.439596718694527780e-02,8.361547168036307515e-03,9.998614107253610550e-01,2.693402985958938678e-01,0.000000000000000000e+00,0.000000000000000000e+00,0.000000000000000000e+00,1.000000000000000056e-01
9.963276374180018991e-01,-8.395339499006405914e-02,1.682457686554921644e-02,4.062478850851324808e+01,8.415471256679872558e-02,9.963847501412592678e-01,-1.163675378874416341e-02,2.724701171294397817e+00,-1.578680682918410377e-02,1.300988683973276078e-02,9.997907378919627108e-01,2.806796029658865654e-01,0.000000000000000000e+00,0.000000000000000000e+00,0.000000000000000000e+00,1.000000000000000056e-01
9.964328513341972338e-01,-8.296060292260937219e-02,1.546321909302313113e-02,4.164705611291520171e+01,8.316085257494618133e-02,9.964540560647313638e-01,-1.279010364122458270e-02,2.818015009604630361e+00,-1.434731267554184217e-02,1.403041392341429668e-02,9.997986307772820380e-01,2.933864990065966349e-01,0.000000000000000000e+00,0.000000000000000000e+00,0.000000000000000000e+00,1.000000000000000056e-01
9.962937536517889603e-01,-8.471067492177757063e-02,1.492842887665737917e-02,4.270443333002032205e+01,8.490691885212491019e-02,9.963035363314022286e-01,-1.304141957691033922e-02,2.907948575060413710e+00,-1.376849902738741180e-02,1.426061176244799479e-02,9.998035123896562570e-01,3.024167860039733147e-01,0.000000000000000000e+00,0.000000000000000000e+00,0.000000000000000000e+00,1.000000000000000056e-01
9.964137930841724389e-01,-8.384931354183579322e-02,1.135101626176448879e-02,4.377772572897890058e+01,8.400149545370545756e-02,9.963718797793054138e-01,-1.366842882683924967e-02,2.988186052111457602e+00,-1.016374503581383808e-02,1.457291335375949029e-02,9.998421517835857086e-01,3.092230511716482777e-01,0.000000000000000000e+00,0.000000000000000000e+00,0.000000000000000000e+00,1.000000000000000056e-01
9.964463267161485227e-01,-8.333069410517968123e-02,1.227653834937253094e-02,4.481115371065492781e+01,8.350669729053980528e-02,9.964002840901220459e-01,-1.459812908390455133e-02,3.064888336648150968e+00,-1.101587406975929051e-02,1.557142527430161946e-02,9.998180740681806844e-01,3.170743679417279415e-01,0.000000000000000000e+00,0.000000000000000000e+00,0.000000000000000000e+00,1.000000000000000056e-01
9.964171418851711648e-01,-8.333981161024955897e-02,1.439983187939083281e-02,4.581818691221007356e+01,8.354488807259036198e-02,9.964016931293322443e-01,-1.427997219669496082e-02,3.162786767117971465e+00,-1.315792667273060074e-02,1.543184142505832704e-02,9.997943424704437421e-01,3.297855855666463332e-01,0.000000000000000000e+00,0.000000000000000000e+00,0.000000000000000000e+00,1.000000000000000056e-01
9.960010879577242404e-01,-8.850457815758372426e-02,1.219723051261732000e-02,4.676447438394655620e+01,8.864893213893429436e-02,9.959924368264996275e-01,-1.185042678715360689e-02,3.240418721697161164e+00,-1.109953231701190160e-02,1.288430943276430013e-02,9.998553870199351490e-01,3.433816090289611989e-01,0.000000000000000000e+00,0.000000000000000000e+00,0.000000000000000000e+00,1.000000000000000056e-01
9.962171910950671228e-01,-8.664109131141801978e-02,6.680528648325909265e-03,4.772092948949325120e+01,8.671882997963072104e-02,9.961557909169599379e-01,-1.238889622080826397e-02,3.343706746557397302e+00,-5.581459810701774361e-03,1.292135902189012892e-02,9.999009379870632541e-01,3.374006266267339238e-01,0.000000000000000000e+00,0.000000000000000000e+00,0.000000000000000000e+00,1.000000000000000056e-01
9.962800442347492513e-01,-8.604384481875909652e-02,4.746601775094354617e-03,4.866920379040888633e+01,8.609855592226511867e-02,9.962034746818531072e-01,-1.287150728947342344e-02,3.429246476472801675e+00,-3.621067205481070042e-03,1.323230141009816389e-02,9.999058926077422083e-01,3.450685201940229541e-01,0.000000000000000000e+00,0.000000000000000000e+00,0.000000000000000000e+00,1.000000000000000056e-01
9.963531353394080581e-01,-8.514717602069482583e-02,5.512541612727176431e-03,4.963552533855077087e+01,8.521789951746749914e-02,9.962610783604407549e-01,-1.420469450296531905e-02,3.534011013359525943e+00,-4.282441028438195053e-03,1.462265912180719246e-02,9.998839125313725429e-01,3.520390450367064661e-01,0.000000000000000000e+00,0.000000000000000000e+00,0.000000000000000000e+00,1.000000000000000056e-01
9.967595872442281957e-01,-7.994022399103474508e-02,8.937887053379318589e-03,5.064445980267391434e+01,8.007991831320961096e-02,9.966510518271652908e-01,-1.654954908010666109e-02,3.613212892840964141e+00,-7.584979872448551277e-03,1.721166697529252082e-02,9.998230976529128844e-01,3.679238830343075084e-01,0.000000000000000000e+00,0.000000000000000000e+00,0.000000000000000000e+00,1.000000000000000056e-01
9.968131245704594523e-01,-7.931806770069847745e-02,8.499342345447869970e-03,5.158880125669058003e+01,7.944513501594520355e-02,9.967135039783917572e-01,-1.583229324559812246e-02,3.698116956733157767e+00,-7.215622383131605963e-03,1.645706909944129326e-02,9.998385367999576001e-01,3.720572603569558545e-01,0.000000000000000000e+00,0.000000000000000000e+00,0.000000000000000000e+00,1.000000000000000056e-01
9.968852837234444264e-01,-7.773532266737066820e-02,1.330228196316523594e-02,5.253749025281898355e+01,7.796961780612866877e-02,9.967912780862692168e-01,-1.810764010875328886e-02,3.780293946180134146e+00,-1.185199539292884109e-02,1.908841378799389435e-02,9.997475494664962437e-01,3.987933746975488303e-01,0.000000000000000000e+00,0.000000000000000000e+00,0.000000000000000000e+00,1.000000000000000056e-01
9.970624658756672698e-01,-7.532459164956688269e-02,1.387966263134324425e-02,5.353557130544628961e+01,7.556301728061108613e-02,9.969867786260466769e-01,-1.753834839169203172e-02,3.876292424451039054e+00,-1.251677120442717776e-02,1.853561808206824132e-02,9.997498493627952065e-01,4.264051020823645954e-01,0.000000000000000000e+00,0.000000000000000000e+00,0.000000000000000000e+00,1.000000000000000056e-01
9.970695881959329432e-01,-7.495219514541458239e-02,1.531028209002991552e-02,5.450316000153281948e+01,7.525185774303259911e-02,9.969632500957361643e-01,-2.003586446273322025e-02,3.939205245869749294e+00,-1.376205656924090609e-02,2.112927829885156983e-02,9.996820291460453145e-01,4.213430278738970469e-01,0.000000000000000000e+00,0.000000000000000000e+00,0.000000000000000000e+00,1.000000000000000056e-01
9.969732685030860964e-01,-7.550537194249053174e-02,1.852675627570738587e-02,5.543913949248853612e+01,7.584250718785985612e-02,9.969532649662018464e-01,-1.822365431766139604e-02,4.014427669316406266e+00,-1.709432636089314866e-02,1.957361185515732460e-02,9.996622718324479351e-01,4.306772840703130267e-01,0.000000000000000000e+00,0.000000000000000000e+00,0.000000000000000000e+00,1.000000000000000056e-01
9.969703847798271346e-01,-7.423869700310578579e-02,2.320921668743777810e-02,5.638331725807000794e+01,7.461824122550861360e-02,9.970848058555369375e-01,-1.593762869557512757e-02,4.099074039745732811e+00,-2.195836852717417825e-02,1.762117474254388388e-02,9.996035835531591474e-01,4.419161447513080265e-01,0.000000000000000000e+00,0.000000000000000000e+00,0.000000000000000000e+00,1.000000000000000056e-01
9.968946651323475905e-01,-7.460425184617661132e-02,2.520381394029029901e-02,5.734080870577637512e+01,7.497750694076946165e-02,9.970840753875428453e-01,-1.420281878767599287e-02,4.165226935697690536e+00,-2.407073084913262731e-02,1.604843341391765099e-02,9.995814362528686603e-01,4.267126683664915210e-01,0.000000000000000000e+00,0.000000000000000000e+00,0.000000000000000000e+00,1.000000000000000056e-01
9.969155495551786927e-01,-7.532316743343207832e-02,2.204104132955576195e-02,5.822619405363727196e+01,7.557626985749384130e-02,9.970806250514526736e-01,-1.088368418467560057e-02,4.232735010110306284e+00,-2.115690169952344490e-02,1.251589368761356520e-02,9.996978233024602645e-01,4.284196389926702153e-01,0.000000000000000000e+00,0.000000000000000000e+00,0.000000000000000000e+00,1.000000000000000056e-01
9.970665518287299411e-01,-7.485643583526531419e-02,1.596262003580523753e-02,5.912721910616662768e+01,7.497006812139127285e-02,9.971636614781558272e-01,-6.642372569475400550e-03,4.311613512639162593e+00,-1.542012030564725994e-02,7.819606225288782200e-03,9.998505256528301688e-01,4.324455573138590858e-01,0.000000000000000000e+00,0.000000000000000000e+00,0.000000000000000000e+00,1.000000000000000056e-01
9.971492157927309696e-01,-7.488540699976682646e-02,9.252959657373226871e-03,6.011338551619592607e+01,7.495090135835651146e-02,9.971630320755096033e-01,-6.946211020839880915e-03,4.374863953613551182e+00,-8.706539468216794447e-03,7.619926538713945804e-03,9.999330642048162021e-01,4.363565673839037151e-01,0.000000000000000000e+00,0.000000000000000000e+00,0.000000000000000000e+00,1.000000000000000056e-01
9.972977998205783123e-01,-7.287864445336138253e-02,9.262918313054887762e-03,6.103623552634065419e+01,7.291663823325707228e-02,9.973306773715371332e-01,-3.831950207309633202e-03,4.456045552435610624e+00,-8.958925258874742351e-03,4.497016374389140730e-03,9.999497559887368103e-01,4.437206901223864630e-01,0.000000000000000000e+00,0.000000000000000000e+00,0.000000000000000000e+00,1.000000000000000056e-01
9.970900549686069203e-01,-7.546653359389947358e-02,1.078075090247699111e-02,6.197973592447277724e+01,7.549892997046080134e-02,9.971424151014552928e-01,-2.629748838293870412e-03,4.535815467781768362e+00,-1.055148596245447656e-02,3.436031571143157923e-03,9.999384280199588027e-01,4.452187806377327361e-01,0.000000000000000000e+00,0.000000000000000000e+00,0.000000000000000000e+00,1.000000000000000056e-01
9.971968135455195892e-01,-7.385988554203540279e-02,1.196797235874629342e-02,6.285387530531760092e+01,7.390736876286763124e-02,9.972587047487833090e-01,-3.574443359271621198e-03,4.604676659530721139e+00,-1.167115663556027999e-02,4.448944874526272394e-03,9.999219924535571735e-01,4.560097798739047303e-01,0.000000000000000000e+00,0.000000000000000000e+00,0.000000000000000000e+00,1.000000000000000056e-01
9.973749967398553018e-01,-7.106832340929590541e-02,1.387116743339452882e-02,6.365875523578624495e+01,7.111279286087594798e-02,9.974645204924862396e-01,-2.738804524009311268e-03,4.679784683097749642e+00,-1.364135512695472882e-02,3.718032609634401141e-03,9.999000398358898201e-01,4.575104869563543231e-01,0.000000000000000000e+00,0.000000000000000000e+00,0.000000000000000000e+00,1.000000000000000056e-01
9.972759536553585935e-01,-7.248099064009848325e-02,1.368131048639290893e-02,6.446302324341438350e+01,7.249872067554723187e-02,9.973681814722983319e-01,-8.037954028641522463e-04,4.752112593324806511e+00,-1.358704387290002834e-02,1.793483334363575252e-03,9.999060834180004687e-01,4.689251546576270746e-01,0.000000000000000000e+00,0.000000000000000000e+00,0.000000000000000000e+00,1.000000000000000056e-01
9.971820388519498923e-01,-7.333149762081861422e-02,1.582633399609948907e-02,6.524457280942426962e+01,7.333771867246041687e-02,9.973071461612514899e-01,1.877115316249113757e-04,4.816144682753800588e+00,-1.579748115957952878e-02,9.734846624005891787e-04,9.998747381130422829e-01,4.697146489715964268e-01,0.000000000000000000e+00,0.000000000000000000e+00,0.000000000000000000e+00,1.000000000000000056e-01
9.966037406179213409e-01,-8.120045360065529516e-02,1.369198748958161925e-02,6.605784239084975695e+01,8.121199496412397079e-02,9.966968088937306902e-01,-2.881232396813723437e-04,4.882389933356036771e+00,-1.362336450052386606e-02,1.399098317478160609e-03,9.999062188343383895e-01,4.747614519647313513e-01,0.000000000000000000e+00,0.000000000000000000e+00,0.000000000000000000e+00,1.000000000000000056e-01
9.965131627569078221e-01,-8.240643951288340041e-02,1.306503651100851190e-02,6.680491637741926070e+01,8.238878500833179963e-02,9.965984828177824051e-01,1.884714871066017934e-03,4.946048449918587941e+00,-1.317590820685154984e-02,-8.017306928294900235e-04,9.999128725398132023e-01,4.790230460269663260e-01,0.000000000000000000e+00,0.000000000000000000e+00,0.000000000000000000e+00,1.000000000000000056e-01
9.963679246091162733e-01,-8.359128272653944258e-02,1.623133581237459419e-02,6.758802186734746442e+01,8.353930867178692432e-02,9.964970248041914447e-01,3.855316204237295603e-03,5.032041149131525337e+00,-1.649674867245761248e-02,-2.485358832542420432e-03,9.998608304532742297e-01,4.891619799927443557e-01,0.000000000000000000e+00,0.000000000000000000e+00,0.000000000000000000e+00,1.000000000000000056e-01
9.966799915486612704e-01,-7.918639525739450125e-02,1.893434056681659455e-02,6.832526089438603378e+01,7.906935372988861677e-02,9.968455592020102340e-01,6.853349543777866384e-03,5.113054710845950090e+00,-1.941730535626027404e-02,-5.333470293452744621e-03,9.997972406179818083e-01,4.865325591692740703e-01,0.000000000000000000e+00,0.000000000000000000e+00,0.000000000000000000e+00,1.000000000000000056e-01
9.962127027227005716e-01,-8.436000687725303537e-02,2.106276747253173209e-02,6.904808704950018239e+01,8.417103503168546497e-02,9.964040662643379731e-01,9.704307991174266484e-03,5.202821453993576206e+00,-2.180568264528529032e-02,-7.894679953146504364e-03,9.997310569512235512e-01,4.946292418881913511e-01,0.000000000000000000e+00,0.000000000000000000e+00,0.000000000000000000e+00,1.000000000000000056e-01
9.963446199548295912e-01,-8.411376804703563081e-02,1.490879981741450103e-02,6.972805888240155525e+01,8.390694325686781641e-02,9.963753116391620424e-01,1.399511447797325246e-02,5.277671253222508518e+00,-1.603194187723420636e-02,-1.269300519547279273e-02,9.997909103701396738e-01,4.911354628477185846e-01,0.000000000000000000e+00,0.000000000000000000e+00,0.000000000000000000e+00,1.000000000000000056e-01
9.963141365181530373e-01,-8.527890003600581414e-02,9.254760004239180951e-03,7.041617074599174941e+01,8.515092557601509904e-02,9.962774309608901646e-01,1.343876599679332678e-02,5.352717973993378564e+00,-1.036635170323082188e-02,-1.260118115961980645e-02,9.998668656304935398e-01,4.984787024340621708e-01,0.000000000000000000e+00,0.000000000000000000e+00,0.000000000000000000e+00,1.000000000000000056e-01
9.966527259865228805e-01,-8.148128117322497865e-02,6.644140426176797613e-03,7.115572757147515404e+01,8.139982231334105811e-02,9.966125425403417060e-01,1.172642224346901775e-02,5.427884582084035792e+00,-7.577117591103185897e-03,-1.114633884490671793e-02,9.999091690845549607e-01,5.084939135467504423e-01,0.000000000000000000e+00,0.000000000000000000e+00,0.000000000000000000e+00,1.000000000000000056e-01
9.968395402795662275e-01,-7.928379849063013629e-02,5.001023107356262175e-03,7.186568758384080979e+01,7.922949927291886296e-02,9.968036580733913299e-01,1.025444764325206086e-02,5.493423220963162379e+00,-5.798049688102594433e-03,-9.825810317872130453e-03,9.999349159177368662e-01,5.114719094662807386e-01,0.000000000000000000e+00,0.000000000000000000e+00,0.000000000000000000e+00,1.000000000000000056e-01
9.968924118511077737e-01,-7.832269581297424121e-02,8.430570222086897561e-03,7.254144417971386360e+01,7.821590065736280795e-02,9.968602048164288965e-01,1.232902825469418470e-02,5.564998802018588542e+00,-9.369742687970807407e-03,-1.163131006962686911e-02,9.998884540527634979e-01,5.207046479790109483e-01,0.000000000000000000e+00,0.000000000000000000e+00,0.000000000000000000e+00,1.000000000000000056e-01
9.968592642145360783e-01,-7.833367597639172286e-02,1.163797910632858625e-02,7.312965953688539855e+01,7.817176488316203431e-02,9.968447873881735033e-01,1.377116669272243632e-02,5.602142130199067260e+00,-1.268000491740072129e-02,-1.281815373026794561e-02,9.998374429927306961e-01,5.435328425559025067e-01,0.000000000000000000e+00,0.000000000000000000e+00,0.000000000000000000e+00,1.000000000000000056e-01
9.968377339236870194e-01,-7.897927733765985892e-02,8.763901934040672220e-03,7.371454476862295735e+01,7.889198073560224622e-02,9.968340485077233915e-01,9.896217020408742959e-03,5.630933473494489583e+00,-9.517751914282963216e-03,-9.173520966492230977e-03,9.999126256386482448e-01,5.515716585397850702e-01,0.000000000000000000e+00,0.000000000000000000e+00,0.000000000000000000e+00,1.000000000000000056e-01
9.968026596453404276e-01,-7.961661088776106343e-02,6.756699987605557789e-03,7.434088771603430246e+01,7.957344972763225055e-02,9.968082457039588729e-01,6.433303586801717051e-03,5.667875945741572608e+00,-7.247332089786286471e-03,-5.875080198841435043e-03,9.999564788580738162e-01,5.639622371970325343e-01,0.000000000000000000e+00,0.000000000000000000e+00,0.000000000000000000e+00,1.000000000000000056e-01
9.969432788045363703e-01,-7.811339528738907301e-02,1.548006181073692273e-03,7.496145889809440632e+01,7.810482206304260322e-02,9.969326813154018030e-01,4.986551492150084232e-03,5.685086963178084929e+00,-1.932774420617850829e-03,-4.850402247186506692e-03,9.999863688976362575e-01,5.776209141840462635e-01,0.000000000000000000e+00,0.000000000000000000e+00,0.000000000000000000e+00,1.000000000000000056e-01
9.974252937927161611e-01,-7.167700800525397820e-02,2.278118945216509213e-03,7.557289530641027397e+01,7.166879568098488695e-02,9.974223358533674810e-01,3.502522869228969285e-03,5.741029722560211823e+00,-2.523297079425970008e-03,-3.330234860634708957e-03,9.999912712157151828e-01,5.991216665374268224e-01,0.000000000000000000e+00,0.000000000000000000e+00,0.000000000000000000e+00,1.000000000000000056e-01
9.977185870157856407e-01,-6.734500513726261739e-02,4.719259082339099035e-03,7.614416809563816457e+01,6.731497317229161170e-02,9.977121527525043554e-01,6.257366600822053884e-03,5.799448545132981359e+00,-5.129864524315448301e-03,-5.925414164891200028e-03,9.999692865068090519e-01,5.938184280077010158e-01,0.000000000000000000e+00,0.000000000000000000e+00,0.000000000000000000e+00,1.000000000000000056e-01
9.979124853142112839e-01,-6.411390404770496432e-02,7.751061977288770805e-03,7.669312923174305752e+01,6.408161029841157041e-02,9.979351999893586456e-01,4.345554482606970616e-03,5.817871584384238126e+00,-8.013668047567520936e-03,-3.839782540779179167e-03,9.999605178178101461e-01,6.039998788257916473e-01,0.000000000000000000e+00,0.000000000000000000e+00,0.000000000000000000e+00,1.000000000000000056e-01
9.983188018200396252e-01,-5.688752794752426761e-02,1.110761435323394559e-02,7.726145548993416412e+01,5.689541270328144634e-02,9.983800659426671498e-01,-3.948944654098030535e-04,5.810151538519054526e+00,-1.106715618051009979e-02,1.026202872329417398e-03,9.999382305731394638e-01,6.207623550501719656e-01,0.000000000000000000e+00,0.000000000000000000e+00,0.000000000000000000e+00,1.000000000000000056e-01
9.988035864875957071e-01,-4.680620228289161799e-02,1.416245202530135201e-02,7.781182989807099659e+01,4.689619577658792060e-02,9.988812019556025934e-01,-6.090254626424163216e-03,5.825798682874983925e+00,-1.386154541167284628e-02,6.747133286350193333e-03,9.998811598141132961e-01,6.246053046027171263e-01,0.000000000000000000e+00,0.000000000000000000e+00,0.000000000000000000e+00,1.000000000000000056e-01
9.993060686879260412e-01,-3.449731968599089454e-02,1.404692201034090336e-02,7.831540849297499562e+01,3.450612563802320926e-02,9.994044121940365288e-01,-3.849422623088216786e-04,5.861885641982915729e+00,-1.402527635859670933e-02,8.693799945360017149e-04,9.999012630262500423e-01,6.269773679767871588e-01,0.000000000000000000e+00,0.000000000000000000e+00,0.000000000000000000e+00,1.000000000000000056e-01
9.997611219241668845e-01,-1.560745039120323488e-02,1.530054186024967094e-02,7.882758693291154373e+01,1.557691874459141840e-02,9.998764405926165999e-01,2.112616923182723296e-03,5.876289295609675278e+00,-1.533162389818896326e-02,-1.873776968011811941e-03,9.998807080189709984e-01,6.284573242374782431e-01,0.000000000000000000e+00,0.000000000000000000e+00,0.000000000000000000e+00,1.000000000000000056e-01
9.999066248725181349e-01,8.469371974220757295e-04,1.363907010880800567e-02,7.932734418359815720e+01,-9.210937140310638746e-04,9.999848239854739473e-01,5.431701861359746267e-03,5.882306683344507903e+00,-1.363426281173022066e-02,-5.443757537248451045e-03,9.998922303835831027e-01,6.380069394762722945e-01,0.000000000000000000e+00,0.000000000000000000e+00,0.000000000000000000e+00,1.000000000000000056e-01
9.996493716599337276e-01,2.311235653182018221e-02,1.292101835947210946e-02,7.984958005497507827e+01,-2.317163027327647992e-02,9.997215681933624420e-01,4.456639931908920778e-03,5.870392856850194185e+00,-1.281441728594646078e-02,-4.754478367827227360e-03,9.999065884596778364e-01,6.488371067991731689e-01,0.000000000000000000e+00,0.000000000000000000e+00,0.000000000000000000e+00,1.000000000000000056e-01
9.987168337623684167e-01,4.857330739429525923e-02,1.432898351067444891e-02,8.035925534039344598e+01,-4.864569574145756470e-02,9.988048161843782191e-01,4.747152064135097549e-03,5.832395167815541903e+00,-1.408127286502948265e-02,-5.438104051026128663e-03,9.998860658989257022e-01,6.666387586553137456e-01,0.000000000000000000e+00,0.000000000000000000e+00,0.000000000000000000e+00,1.000000000000000056e-01
9.973342990717760648e-01,7.144170924021343849e-02,1.484513643743383057e-02,8.081625415559376790e+01,-7.153693713298904522e-02,9.974199934725299643e-01,5.985252449900811851e-03,5.836020843409686520e+00,-1.437923922326897821e-02,-7.031273148944804617e-03,9.998718911326914816e-01,6.610831681819444583e-01,0.000000000000000000e+00,0.000000000000000000e+00,0.000000000000000000e+00,1.000000000000000056e-01
9.944270334816788237e-01,1.043431315224560563e-01,1.507932309208515238e-02,8.130797349965865806e+01,-1.043650593916682079e-01,9.945388288775670604e-01,6.724827217059823736e-04,5.759561325617720939e+00,-1.492680337519127452e-02,-2.242489448105386418e-03,9.998860744015157787e-01,6.583236361713600271e-01,0.000000000000000000e+00,0.000000000000000000e+00,0.000000000000000000e+00,1.000000000000000056e-01
