1.000000000000000000e+00,-2.555986349227641722e-13,1.132929990516797283e-13,1.824214999845456528e-20,2.555986349227669995e-13,1.000000000000000000e+00,-2.496017300040809562e-14,5.830659410635743403e-20,-1.132929990516733417e-13,2.496017300043705628e-14,1.000000000000000000e+00,-3.484401086812484023e-20,0.000000000000000000e+00,0.000000000000000000e+00,0.000000000000000000e+00,1.000000000000000056e-01
9.999966547906257164e-01,-2.141248752163712500e-03,-1.451020792203600810e-03,6.253726554364417156e-01,2.138479096718058463e-03,9.999958939109473421e-01,-1.907634241209344448e-03,-3.159556123984461583e-03,1.455099553621584836e-03,1.904524882140367368e-03,9.999971277310062412e-01,1.251645162007135673e-02,0.000000000000000000e+00,0.000000000000000000e+00,0.000000000000000000e+00,1.000000000000000056e-01
9.999870154567536140e-01,-4.287155001396140107e-03,-2.754853877861625222e-03,1.256102165239461277e+00,4.287195435849319898e-03,9.999908098969412240e-01,8.772361802267092566e-06,-8.434393946990470514e-03,2.754790951995801651e-03,-2.058284486875605845e-05,9.999962053443789411e-01,1.951476654042354902e-02,0.000000000000000000e+00,0.000000000000000000e+00,0.000000000000000000e+00,1.000000000000000056e-01
9.999636804587538341e-01,-8.375451929174011073e-03,-1.577836609234832283e-03,1.986087811859663876e+00,8.376282861362632781e-03,9.999647827284792179e-01,5.207573443524593634e-04,-6.773026555612397803e-03,1.573419464030161030e-03,-5.339548364325762001e-04,9.999986196207587552e-01,2.649730218279125471e-02,0.000000000000000000e+00,0.000000000000000000e+00,0.000000000000000000e+00,1.000000000000000056e-01
9.999079055387719572e-01,-1.332918764997319261e-02,-2.552096718024976073e-03,2.702565056998336601e+00,1.332523392739610318e-02,9.999099982315540203e-01,-1.559992741578737066e-03,-9.023674014542234362e-03,2.572660460792207827e-03,1.525841789114658819e-03,9.999955266024883604e-01,2.484956535168619807e-02,0.000000000000000000e+00,0.000000000000000000e+00,0.000000000000000000e+00,1.000000000000000056e-01
9.997970508156150959e-01,-1.995133204921174797e-02,-2.793121884265125504e-03,3.449169382403434625e+00,1.995126795111242662e-02,9.998009523526253384e-01,-5.081265943174731307e-05,-4.966381173889694925e-03,2.793579700165858479e-03,-4.923976089130336107e-06,9.999960979364935776e-01,3.524844303333920376e-02,0.000000000000000000e+00,0.000000000000000000e+00,0.000000000000000000e+00,1.000000000000000056e-01
9.997039707054566904e-01,-2.419744087831092461e-02,-2.540631945801149864e-03,4.197349311327031707e+00,2.419905129968890484e-02,9.997069769862497735e-01,6.050464518730138677e-04,1.548896597008552270e-02,2.525246906423732167e-03,-6.663482231887705087e-04,9.999965895482378908e-01,5.164973559580447737e-02,0.000000000000000000e+00,0.000000000000000000e+00,0.000000000000000000e+00,1.000000000000000056e-01
9.995417815614244805e-01,-3.005993789270300018e-02,-3.553455628045158483e-03,4.965402352660537311e+00,3.006936681593223512e-02,9.995443530629678497e-01,2.630482697546427696e-03,3.828154266937209421e-02,3.472764360356284021e-03,-2.736127522615886855e-03,9.999902267091801411e-01,6.653599618754262035e-02,0.000000000000000000e+00,0.000000000000000000e+00,0.000000000000000000e+00,1.000000000000000056e-01
9.994200700397314341e-01,-3.387971105473942118e-02,-3.418885874921825507e-03,5.750957237872928118e+00,3.388527703313622824e-02,9.994244747821999786e-01,1.583416152256100773e-03,8.700756378074270270e-02,3.363272538166183542e-03,-1.698347776806236747e-03,9.999929019811405473e-01,6.355261186409537355e-02,0.000000000000000000e+00,0.000000000000000000e+00,0.000000000000000000e+00,1.000000000000000056e-01
9.993532970204676014e-01,-3.590992375272609310e-02,-1.861480699451590389e-03,6.539539719533061124e+00,3.591253628416584548e-02,9.993539707464532684e-01,1.389565016641565454e-03,1.235810198026588702e-01,1.810378954667778064e-03,-1.455516873966378882e-03,9.999973019956954756e-01,6.699801987465589526e-02,0.000000000000000000e+00,0.000000000000000000e+00,0.000000000000000000e+00,1.000000000000000056e-01
9.993124956358178101e-01,-3.700005192668517212e-02,2.352067927622980819e-03,7.326187379984895998e+00,3.700037724779321052e-02,9.993152470921670139e-01,-9.493493701831081191e-05,1.664310582085405943e-01,-2.346944744670785652e-03,1.818970694692828214e-04,9.999972293780726718e-01,8.163122476774824221e-02,0.000000000000000000e+00,0.000000000000000000e+00,0.000000000000000000e+00,1.000000000000000056e-01
9.990735830568794329e-01,-4.292461228005754748e-02,3.074621683280926668e-03,8.128389929663040192e+00,4.292222608799708961e-02,9.990780651928758971e-01,8.379487517263091651e-04,2.084172725991532416e-01,-3.107755707810781146e-03,-7.052028547804011253e-04,9.999949222588053743e-01,7.317007258257590685e-02,0.000000000000000000e+00,0.000000000000000000e+00,0.000000000000000000e+00,1.000000000000000056e-01
9.989546481421223145e-01,-4.557798938240756326e-02,3.501119693140959145e-03,8.962528229066974106e+00,4.556188006801506485e-02,9.989511522925453857e-01,4.550870033688893083e-03,2.615126100561366296e-01,-3.704867057853473457e-03,-4.386595177681563117e-03,9.999835157355498882e-01,7.871759996360554179e-02,0.000000000000000000e+00,0.000000000000000000e+00,0.000000000000000000e+00,1.000000000000000056e-01
9.989601424951370934e-01,-4.553238119909071985e-02,2.331516338386763112e-03,9.743209909239549660e+00,4.552822946225864448e-02,9.989614238589813455e-01,1.803874626625476566e-03,3.073162056830459621e-01,-2.411229588280198403e-03,-1.695849043208070726e-03,9.999956550245082676e-01,9.732416868802565291e-02,0.000000000000000000e+00,0.000000000000000000e+00,0.000000000000000000e+00,1.000000000000000056e-01
9.988963043515636242e-01,-4.685587034339951107e-02,3.271172137167549163e-03,1.052503486054597026e+01,4.685443603226423226e-02,9.989015956818425579e-01,5.137785195452344161e-04,3.587477718122695225e-01,-3.291652607263683729e-03,-3.599425387775103216e-04,9.999945177172132604e-01,9.738094144610902336e-02,0.000000000000000000e+00,0.000000000000000000e+00,0.000000000000000000e+00,1.000000000000000056e-01
9.987210459264531659e-01,-5.050238516726278382e-02,2.404478319470407851e-03,1.128528068589124089e+01,5.050741293400098919e-02,9.987215237209160490e-01,-2.078291434358719471e-03,4.059723434516284701e-01,-2.296445576467586163e-03,2.197077374435073630e-03,9.999949495816091716e-01,1.080436243762524229e-01,0.000000000000000000e+00,0.000000000000000000e+00,0.000000000000000000e+00,1.000000000000000056e-01
9.984740534917386778e-01,-5.520828839597857057e-02,1.268619786591597756e-03,1.211387844233293265e+01,5.520617392899301173e-02,9.984736206484351451e-01,1.645366016023027626e-03,4.688546817331905592e-01,-1.357521233073899145e-03,-1.572819630907727577e-03,9.999978416849260032e-01,1.192606887179371022e-01,0.000000000000000000e+00,0.000000000000000000e+00,0.000000000000000000e+00,1.000000000000000056e-01
9.983695681647495324e-01,-5.705414355082552569e-02,-1.740708537757595931e-03,1.295744187612156217e+01,5.705812320021834416e-02,9.983681410528146838e-01,2.329271906809906624e-03,5.344494117298960179e-01,1.604973333215777009e-03,-2.424795749943134057e-03,9.999957722041482588e-01,1.218333789979224313e-01,0.000000000000000000e+00,0.000000000000000000e+00,0.000000000000000000e+00,1.000000000000000056e-01
9.983439422177973199e-01,-5.746144797324374831e-02,-2.748642182162055764e-03,1.384465827693067119e+01,5.747281848750647459e-02,9.983380083077538769e-01,4.253974989256434358e-03,5.860897233891392277e-01,2.499634399165706709e-03,-4.404902374092684383e-03,9.999871742492226767e-01,1.322082072524172758e-01,0.000000000000000000e+00,0.000000000000000000e+00,0.000000000000000000e+00,1.000000000000000056e-01
9.977891572743224913e-01,-6.632391237799008243e-02,-4.235123690521313232e-03,1.477050914893984768e+01,6.635665982404241603e-02,9.977628711941997075e-01,8.126903672565740505e-03,6.801318215480502971e-01,3.686641126233504602e-03,-8.389965028743631703e-03,9.999580077003348277e-01,1.474619803863230216e-01,0.000000000000000000e+00,0.000000000000000000e+00,0.000000000000000000e+00,1.000000000000000056e-01
9.974656240296816412e-01,-7.107385901261813188e-02,-3.291723580791571825e-03,1.572568595978177441e+01,7.108966363551476320e-02,9.974575834098305949e-01,4.962763585958472091e-03,7.490611664394984937e-01,2.930631888728147880e-03,-5.184193599319412808e-03,9.999822676095099228e-01,1.383696415598212603e-01,0.000000000000000000e+00,0.000000000000000000e+00,0.000000000000000000e+00,1.000000000000000056e-01
9.970447158312412128e-01,-7.680449198422754920e-02,-1.704301629442045874e-03,1.665074149340713561e+01,7.680759479027808589e-02,9.970442419863806416e-01,1.836546851017410937e-03,8.457728913504894974e-01,1.558209078345573154e-03,-1.962022642138010631e-03,9.999968612208839369e-01,1.485791714280251530e-01,0.000000000000000000e+00,0.000000000000000000e+00,0.000000000000000000e+00,1.000000000000000056e-01
9.968946024057953048e-01,-7.874573707514004317e-02,5.104769183202377200e-04,1.754606948442040348e+01,7.874310553219487918e-02,9.968870313472569800e-01,3.971153837190902376e-03,9.441220913873070719e-01,-8.215992556239262203e-04,-3.918625287767633740e-03,9.999919846431356563e-01,1.770066033710455677e-01,0.000000000000000000e+00,0.000000000000000000e+00,0.000000000000000000e+00,1.000000000000000056e-01
9.967840245111753150e-01,-8.012534840251014923e-02,1.239767188186484750e-03,1.848064267196903288e+01,8.011679010314520788e-02,9.967682496717409357e-01,5.861432410473110984e-03,1.022455960004330366e+00,-1.705409884196020832e-03,-5.743256019918923684e-03,9.999820531326633066e-01,1.932575054407663362e-01,0.000000000000000000e+00,0.000000000000000000e+00,0.000000000000000000e+00,1.000000000000000056e-01
9.964794844019353448e-01,-8.382724207528648164e-02,1.276969891705399818e-03,1.941941739688607527e+01,8.382120704489746943e-02,9.964719081407833468e-01,4.212070251385697031e-03,1.107897146912705466e+00,-1.625550857227031024e-03,-4.090204434682810641e-03,9.999903138591358376e-01,2.111552835393196714e-01,0.000000000000000000e+00,0.000000000000000000e+00,0.000000000000000000e+00,1.000000000000000056e-01
9.963777919341145761e-01,-8.503106735915856584e-02,1.006640084864922433e-03,2.035590991979758613e+01,8.502499995355684848e-02,9.963661579122162770e-01,5.022822926030714487e-03,1.182725768087402596e+00,-1.430078108313733408e-03,-4.919039643145643563e-03,9.999868788767146688e-01,2.191035070967093101e-01,0.000000000000000000e+00,0.000000000000000000e+00,0.000000000000000000e+00,1.000000000000000056e-01
9.966167575081688046e-01,-8.208492395378728934e-02,4.135687778923537519e-03,2.128379671263978423e+01,8.205944144024952813e-02,9.966094067378669097e-01,5.994870483280858274e-03,1.275340676845549748e+00,-4.613753831538947026e-03,-5.635216153619066436e-03,9.999734784555458500e-01,2.326377661843229139e-01,0.000000000000000000e+00,0.000000000000000000e+00,0.000000000000000000e+00,1.000000000000000056e-01
9.967595137584079890e-01,-8.005231773377982640e-02,7.880238419745472234e-03,2.222843272411871496e+01,8.000584641825048138e-02,9.967760574165861476e-01,6.046147529281926426e-03,1.363232820011475166e+00,-8.338841106615986487e-03,-5.396089926649299574e-03,9.999506717546131629e-01,2.239738984526334353e-01,0.000000000000000000e+00,0.000000000000000000e+00,0.000000000000000000e+00,1.000000000000000056e-01
9.967956618938500490e-01,-7.911259542092816122e-02,1.181548455908416548e-02,2.318951457270662075e+01,7.904488062141967752e-02,9.968524386483950117e-01,6.092816121734192202e-03,1.450570014423651521e+00,-1.226031309334837255e-02,-5.139339112404518566e-03,9.999116320537234648e-01,2.336572970377540914e-01,0.000000000000000000e+00,0.000000000000000000e+00,0.000000000000000000e+00,1.000000000000000056e-01
9.968917084667014983e-01,-7.723529233358235324e-02,1.554449125855007427e-02,2.412016008819588819e+01,7.716023309065371538e-02,9.970042287372232748e-01,5.372737616010439532e-03,1.527264695094439295e+00,-1.591288847874742715e-02,-4.156621012382606326e-03,9.998647420936606078e-01,2.398262321333867464e-01,0.000000000000000000e+00,0.000000000000000000e+00,0.000000000000000000e+00,1.000000000000000056e-01
9.971158380605413818e-01,-7.495614891871076046e-02,1.189879103523742987e-02,2.507936409803065558e+01,7.491345615217222254e-02,9.971820379025587711e-01,3.994667925681489283e-03,1.591792380856474010e+00,-1.216468561701293527e-02,-3.091767096007344041e-03,9.999212275974859176e-01,2.425622453120860056e-01,0.000000000000000000e+00,0.000000000000000000e+00,0.000000000000000000e+00,1.000000000000000056e-01
9.971835038349488034e-01,-7.446462647254151190e-02,8.948691734526897576e-03,2.604290053018754847e+01,7.442974150263798050e-02,9.972175389266162426e-01,4.170567946101746450e-03,1.665285973560106658e+00,-9.234352132402685528e-03,-3.492772744887835332e-03,9.999512624519494297e-01,2.358787099025054512e-01,0.000000000000000000e+00,0.000000000000000000e+00,0.000000000000000000e+00,1.000000000000000056e-01
9.973398546161982292e-01,-7.246693360770871395e-02,7.858621229992682547e-03,2.698520249348180400e+01,7.243581756340770894e-02,9.973643386619177598e-01,4.174721475287947181e-03,1.741591849814370985e+00,-8.140437829826525570e-03,-3.594370455511128760e-03,9.999604061026452495e-01,2.494716408679941155e-01,0.000000000000000000e+00,0.000000000000000000e+00,0.000000000000000000e+00,1.000000000000000056e-01
9.973782414647481831e-01,-7.185375963849577330e-02,8.583745015997765876e-03,2.794056269191503716e+01,7.184886594662009962e-02,9.974151444638726938e-01,8.775285160759411281e-04,1.810549858900281306e+00,-8.624610998242507320e-03,-2.584955032246005237e-04,9.999627739397121129e-01,2.592703495625909293e-01,0.000000000000000000e+00,0.000000000000000000e+00,0.000000000000000000e+00,1.000000000000000056e-01
9.975017205906034912e-01,-6.921830522383917716e-02,1.411182627178310736e-02,2.894415169191238490e+01,6.928392704858582496e-02,9.975880772037756250e-01,-4.214934590242629120e-03,1.897415150069427625e+00,-1.378603900733590265e-02,5.182127247880410556e-03,9.998915394609931839e-01,2.643752001056186574e-01,0.000000000000000000e+00,0.000000000000000000e+00,0.000000000000000000e+00,1.000000000000000056e-01
9.974041130170124836e-01,-6.983174216195274508e-02,1.756596491437886418e-02,2.992378878701778433e+01,6.999247348021218895e-02,9.975095163153571143e-01,-8.707382868811444285e-03,1.931649355761925646e+00,-1.691416544995434992e-02,9.914264820390409141e-03,9.998077907078953830e-01,2.602568915332657551e-01,0.000000000000000000e+00,0.000000000000000000e+00,0.000000000000000000e+00,1.000000000000000056e-01
9.972294457054751149e-01,-7.159842956082659859e-02,2.017665736374979479e-02,3.083923223963661542e+01,7.189759624651734238e-02,9.973064248315777203e-01,-1.451311970698941807e-02,1.986588292895094643e+00,-1.908319344144430996e-02,1.592356348560147045e-02,9.996910882137524101e-01,2.685832707582747059e-01,0.000000000000000000e+00,0.000000000000000000e+00,0.000000000000000000e+00,1.000000000000000056e-01
9.974455361787698537e-01,-7.010903130307180597e-02,1.367940374399668167e-02,3.175429630547263571e+01,7.029573864306110087e-02,9.974323675983439719e-01,-1.368141790124236847e-02,2.052217585106560716e+00,-1.268508910779965297e-02,1.460807300457141709e-02,9.998128288421890275e-01,2.541330360638922037e-01,0.000000000000000000e+00,0.000000000000000000e+00,0.000000000000000000e+00,1.000000000000000056e-01
9.974860717981859359e-01,-6.988662881982243835e-02,1.172159037096575859e-02,3.274052185245306390e+01,7.005757725593866891e-02,9.974321268790243833e-01,-1.486903287419779132e-02,2.101427771243047360e+00,-1.065234423272827177e-02,1.565283941609804316e-02,9.998207420235696308e-01,2.584213948974667940e-01,0.000000000000000000e+00,0.000000000000000000e+00,0.000000000000000000e+00,1.000000000000000056e-01
9.973004410123893493e-01,-7.277857963237510663e-02,9.752369106417673600e-03,3.368969336580460094e+01,7.287318673238052380e-02,9.972938070294906643e-01,-9.724254012142646147e-03,2.182919818311156668e+00,-9.018259918707905581e-03,1.040868902980143090e-02,9.999051605931031927e-01,2.473480113034427219e-01,0.000000000000000000e+00,0.000000000000000000e+00,0.000000000000000000e+00,1.000000000000000056e-01
9.969802808904063562e-01,-7.682746302886568623e-02,1.130753908835912397e-02,3.464337570183698034e+01,7.696031901222120941e-02,9.969640403642525683e-01,-1.182419207058428741e-02,2.261851612325434857e+00,-1.036478717695820881e-02,1.265871814731651772e-02,9.998661550635881134e-01,2.598484333670544877e-01,0.000000000000000000e+00,0.000000000000000000e+00,0.000000000000000000e+00,1.000000000000000056e-01
9.969435846443970295e-01,-7.723292831695317828e-02,1.177131343429073905e-02,3.562120203858682288e+01,7.736965401094934858e-02,9.969345363127799509e-01,-1.163902680847868701e-02,2.338197535143597072e+00,-1.083631277722870399e-02,1.251419555588249161e-02,9.998629752295977724e-01,2.520852100642759219e-01,0.000000000000000000e+00,0.000000000000000000e+00,0.000000000000000000e+00,1.000000000000000056e-01
9.969754151480826332e-01,-7.673905477443000722e-02,1.229386280366741649e-02,3.659869075957504947e+01,7.687210764895811843e-02,9.969830928715432972e-01,-1.074204793783187749e-02,2.411996376281425380e+00,-1.143243875624793196e-02,1.165461284722558478e-02,9.998667257907255523e-01,2.541375733441618157e-01,0.000000000000000000e+00,0.000000000000000000e+00,0.000000000000000000e+00,1.000000000000000056e-01
9.969038993299055296e-01,-7.760479089283243981e-02,1.265353434062749770e-02,3.759642337681979285e+01,7.771839470890119783e-02,9.969369762549812330e-01,-8.747371001984130187e-03,2.495840814967889898e+00,-1.193593836701274148e-02,9.703700637110844116e-03,9.998816787846670495e-01,2.566680663724157374e-01,0.000000000000000000e+00,0.000000000000000000e+00,0.000000000000000000e+00,1.000000000000000056e-01
9.967885812456775962e-01,-7.858390693257352733e-02,1.539785275425548626e-02,3.858811088526370980e+01,7.874861986252082446e-02,9.968402657908478348e-01,-1.039900801903841099e-02,2.576751360533800828e+00,-1.453200495380117634e-02,1.157817210290365550e-02,9.998273684805684125e-01,2.733684976376297704e-01,0.000000000000000000e+00,0.000000000000000000e+00,0.000000000000000000e+00,1.000000000000000056e-01
9.966538401721024565e-01,-8.031485761305494353e-02,1.518705095783529253e-02,3.960841258190941971e+01,8.042999824604611658e-02,9.967347716777512634e-01,-7.128135144767281349e-03,2.632638810651447780e+00,-1.456496660971773847e-02,8.325777747199341813e-03,9.998592616826440516e-01,2.657584228528747095e-01,0.000000000000000000e+00,0.000000000000000000e+00,0.000000000000000000e+00,1.000000000000000056e-01
9.963242403132033242e-01,-8.395966379694362602e-02,1.699361701999999030e-02,4.062479783602333328e+01,8.416237778070444209e-02,9.963846904472301036e-01,-1.158631989353771721e-02,2.724890609872834712e+00,-1.595939631114620672e-02,1.297395458145256947e-02,9.997884647123621571e-01,2.769245378404519564e-01,0.000000000000000000e+00,0.000000000000000000e+00,0.000000000000000000e+00,1.000000000000000056e-01
9.964296424049802203e-01,-8.296682750824786734e-02,1.563564101339865245e-02,4.164706701933989308e+01,8.316875031272465135e-02,9.964540565604593780e-01,-1.273860807248802796e-02,2.818213862984272122e+00,-1.452331601607889135e-02,1.399352340982918871e-02,9.997966066128028961e-01,2.894536591855157437e-01,0.000000000000000000e+00,0.000000000000000000e+00,0.000000000000000000e+00,1.000000000000000056e-01
9.962905676946343103e-01,-8.471698509877503835e-02,1.510420995872695758e-02,4.270444524595239955e+01,8.491500451540123784e-02,9.963035338714985034e-01,-1.298885689016272826e-02,2.908157155252896420e+00,-1.394800096260271315e-02,1.422324966165145269e-02,9.998015565291992202e-01,2.982967503672261378e-01,0.000000000000000000e+00,0.000000000000000000e+00,0.000000000000000000e+00,1.000000000000000056e-01
9.964111992843291965e-01,-8.385569480074164805e-02,1.153015135415008316e-02,4.377773837296209791e+01,8.400993405407272685e-02,9.963719022007389015e-01,-1.361482593027272224e-02,2.988404581707196694e+00,-1.034663814942277105e-02,1.453461228812605137e-02,9.998408333953153759e-01,3.049098888769518623e-01,0.000000000000000000e+00,0.000000000000000000e+00,0.000000000000000000e+00,1.000000000000000056e-01
9.964435330292854553e-01,-8.333701865703443956e-02,1.245900499528040418e-02,4.481116731997434499e+01,8.351525210285784540e-02,9.964003666805434367e-01,-1.454345024657878287e-02,3.065116710539643741e+00,-1.120214936123532963e-02,1.553224388926820361e-02,9.998166138094789490e-01,3.125717353693150957e-01,0.000000000000000000e+00,0.000000000000000000e+00,0.000000000000000000e+00,1.000000000000000056e-01
9.964138985010180249e-01,-8.334628371059739360e-02,1.458560474014022543e-02,4.581820220022753176e+01,8.355348454866358410e-02,9.964017699438775244e-01,-1.422420727086284344e-02,3.163025199979180524e+00,-1.334758756402185456e-02,1.539187592013519131e-02,9.997924444912953401e-01,3.250936210130609960e-01,0.000000000000000000e+00,0.000000000000000000e+00,0.000000000000000000e+00,1.000000000000000056e-01
9.959981263301841414e-01,-8.851164957874169126e-02,1.238629224637081971e-02,4.676449173937973569e+01,8.865779982398527825e-02,9.959923218740188711e-01,-1.179361260898727920e-02,3.240666886082948395e+00,-1.129277986735892012e-02,1.284455747975549178e-02,9.998537345362153994e-01,3.385092801150481612e-01,0.000000000000000000e+00,0.000000000000000000e+00,0.000000000000000000e+00,1.000000000000000056e-01
9.962152566974701307e-01,-8.664828725464243653e-02,6.872891606204682702e-03,4.772094500770816694e+01,8.672817875804028631e-02,9.961556945446070621e-01,-1.233106790447664400e-02,3.343963811351541970e+00,-5.778004197565031821e-03,1.288047134961968834e-02,9.999003490975011399e-01,3.323413532834482709e-01,0.000000000000000000e+00,0.000000000000000000e+00,0.000000000000000000e+00,1.000000000000000056e-01
9.962784654177735399e-01,-8.605111016500309462e-02,4.942244851955024040e-03,4.866922023928758279e+01,8.610818639801291752e-02,9.962034012311310471e-01,-1.281263480987043790e-02,3.429513313486380888e+00,-3.820939681706528659e-03,1.319051988727282937e-02,9.999057008563618787e-01,3.398216481208363171e-01,0.000000000000000000e+00,0.000000000000000000e+00,0.000000000000000000e+00,1.000000000000000056e-01
9.963514066245657830e-01,-8.515429408100963493e-02,5.711454877182138914e-03,4.963554241047370397e+01,8.522765857870970296e-02,9.962610963674801701e-01,-1.414475442902229235e-02,3.534287935408449322e+00,-4.485613719442241298e-03,1.457991989797560381e-02,9.998836458335182975e-01,3.465967204461074536e-01,0.000000000000000000e+00,0.000000000000000000e+00,0.000000000000000000e+00,1.000000000000000056e-01
9.967572146733014726e-01,-7.994694685170807003e-02,9.140059398718028069e-03,5.064447954014826081e+01,8.008964660698687787e-02,9.966512816919113060e-01,-1.648851746635684665e-02,3.613501040041306567e+00,-7.791245284926232376e-03,1.716707287106812932e-02,9.998222782604664349e-01,3.622759051338990122e-01,0.000000000000000000e+00,0.000000000000000000e+00,0.000000000000000000e+00,1.000000000000000056e-01
9.968107955095690809e-01,-7.932506141808644273e-02,8.704745062141453285e-03,5.158882127511547822e+01,7.945504932880252669e-02,9.967136979843456146e-01,-1.577020565903431912e-02,3.698415146351881955e+00,-7.425166108419227994e-03,1.641154719663861020e-02,9.998377508510443157e-01,3.662129740108659992e-01,0.000000000000000000e+00,0.000000000000000000e+00,0.000000000000000000e+00,1.000000000000000056e-01
9.968819661356979056e-01,-7.774188621210870176e-02,1.351091120572055909e-02,5.253751522788466133e+01,7.797940306559003609e-02,9.967916585490478321e-01,-1.804444913464084768e-02,3.780603795121662003e+00,-1.206475407787368018e-02,1.904175872187064203e-02,9.997458942820512950e-01,3.927489141134513084e-01,0.000000000000000000e+00,0.000000000000000000e+00,0.000000000000000000e+00,1.000000000000000056e-01
9.970589814417604169e-01,-7.533138336616115871e-02,1.409149411736243702e-02,5.353560135394103980e+01,7.557291912802041600e-02,9.969871563653707192e-01,-1.747409330871275979e-02,3.876614704437967074e+00,-1.273269102699381254e-02,1.848763702132782960e-02,9.997480111791063884e-01,4.201461571584810817e-01,0.000000000000000000e+00,0.000000000000000000e+00,0.000000000000000000e+00,1.000000000000000056e-01
9.970657860493342683e-01,-7.495853991037412789e-02,1.552532074799342979e-02,5.450318864411656250e+01,7.526183474608652557e-02,9.969638076254941916e-01,-1.997054119270113073e-02,3.939537738007023560e+00,-1.398122027850175891e-02,2.108040747664663081e-02,9.996800197563930901e-01,4.148748751151100089e-01,0.000000000000000000e+00,0.000000000000000000e+00,0.000000000000000000e+00,1.000000000000000056e-01
9.969686759099393170e-01,-7.551215807916737688e-02,1.874495229679763036e-02,5.543916967113967331e+01,7.585241698333670957e-02,9.969537228233701365e-01,-1.815724060557884906e-02,4.014771130505380370e+00,-1.731675755354893098e-02,1.952405006267157739e-02,9.996594126886325649e-01,4.240027582579268262e-01,0.000000000000000000e+00,0.000000000000000000e+00,0.000000000000000000e+00,1.000000000000000056e-01
9.969646621887241489e-01,-7.424602367497017130e-02,2.343054236203186147e-02,5.638334930945163848e+01,7.462797439157627111e-02,9.970851543480832024e-01,-1.587011080204821234e-02,4.099428859794251423e+00,-2.218395332517256874e-02,1.757051357003607678e-02,9.995994944315206299e-01,4.350297789183255603e-01,0.000000000000000000e+00,0.000000000000000000e+00,0.000000000000000000e+00,1.000000000000000056e-01
9.968883818763261129e-01,-7.461204452535193099e-02,2.542826953898043307e-02,5.734083701832211943e+01,7.498724006395364461e-02,9.970843181646359410e-01,-1.413422434214093790e-02,4.165591661254500977e+00,-2.429954541943375734e-02,1.599703978584430392e-02,9.995767238238888464e-01,4.196096830001570521e-01,0.000000000000000000e+00,0.000000000000000000e+00,0.000000000000000000e+00,1.000000000000000056e-01
9.969098333533478185e-01,-7.533188172517588099e-02,2.226862723978355676e-02,5.822622235762439402e+01,7.558634799546820604e-02,9.970806186185339204e-01,-1.081406362056991366e-02,4.233110123560806848e+00,-2.138897286239562281e-02,1.246385056978249750e-02,9.996935351740882103e-01,4.211130320008907857e-01,0.000000000000000000e+00,0.000000000000000000e+00,0.000000000000000000e+00,1.000000000000000056e-01
9.970620863412967827e-01,-7.486636315878621162e-02,1.619332109597069677e-02,5.912724779980741374e+01,7.498069743030542911e-02,9.971633301470322897e-01,-6.571759501512284760e-03,4.311999511207907254e+00,-1.565538225676590608e-02,7.766638748999838901e-03,9.998472825031515798e-01,4.249281292096456220e-01,0.000000000000000000e+00,0.000000000000000000e+00,0.000000000000000000e+00,1.000000000000000056e-01
9.971462586224139057e-01,-7.489552420905207231e-02,9.486799711882855368e-03,6.011341476365004155e+01,7.496216254122731182e-02,9.971626817020105005e-01,-6.874620571167403861e-03,4.375261990102978338e+00,-8.945004330055052189e-03,7.566153203986489099e-03,9.999313677564221070e-01,4.286068784690906797e-01,0.000000000000000000e+00,0.000000000000000000e+00,0.000000000000000000e+00,1.000000000000000056e-01
9.972947671663037195e-01,-7.288964705493827800e-02,9.499828151844046109e-03,6.103626593330220373e+01,7.292804057333168721e-02,9.973301201171366204e-01,-3.759309148276866221e-03,4.456455292995765483e+00,-9.200450034782477887e-03,4.441943194634294205e-03,9.999478090679598807e-01,4.357491218997139870e-01,0.000000000000000000e+00,0.000000000000000000e+00,0.000000000000000000e+00,1.000000000000000056e-01
9.970865678579847735e-01,-7.547794137579141860e-02,1.102073331756406489e-02,6.197976613661962375e+01,7.551036962898211025e-02,9.971417405408075085e-01,-2.556041811755884515e-03,4.536236903246898322e+00,-1.079630842829011790e-02,3.380774603776880941e-03,9.999360029958915819e-01,4.370175958702632868e-01,0.000000000000000000e+00,0.000000000000000000e+00,0.000000000000000000e+00,1.000000000000000056e-01
9.971930282720810057e-01,-7.387120453586304425e-02,1.221104033149190971e-02,6.285390768847594956e+01,7.391888119809919555e-02,9.972581166754684867e-01,-3.499675316231681300e-03,4.605109787307900326e+00,-1.191903385253734876e-02,4.392478266130871688e-03,9.999193181285696008e-01,4.475934268374915925e-01,0.000000000000000000e+00,0.000000000000000000e+00,0.000000000000000000e+00,1.000000000000000056e-01
9.973707129377006320e-01,-7.107997750122142799e-02,1.411728630327677494e-02,6.365878748621780403e+01,7.112431200116457741e-02,9.974639045329853904e-01,-2.662967550015352732e-03,4.680228110707578715e+00,-1.389219984393491245e-02,3.660048119532798971e-03,9.998968000905187337e-01,4.488925706636475166e-01,0.000000000000000000e+00,0.000000000000000000e+00,0.000000000000000000e+00,1.000000000000000056e-01
9.972716114220060435e-01,-7.249327752379980394e-02,1.393046178748975385e-02,6.446305783638658227e+01,7.251039391675989654e-02,9.973673918719270226e-01,-7.269144559623553830e-04,4.752567202727590256e+00,-1.384109192916805654e-02,1.735034422516781860e-03,9.999027021814477223e-01,4.601034892858414382e-01,0.000000000000000000e+00,0.000000000000000000e+00,0.000000000000000000e+00,1.000000000000000056e-01
9.971770741033874064e-01,-7.334415060554060062e-02,1.607850909006083157e-02,6.524460723497924164e+01,7.334936975842044904e-02,9.973062716033295194e-01,2.656627720676407278e-04,4.816609518584865413e+00,-1.605468276391362747e-02,9.144356826623911434e-04,9.998706971247494080e-01,4.606929990277440767e-01,0.000000000000000000e+00,0.000000000000000000e+00,0.000000000000000000e+00,1.000000000000000056e-01
9.965991668053816310e-01,-8.121315197494045901e-02,1.394721008353558105e-02,6.605787769323833913e+01,8.122395807734510143e-02,9.966958537534265083e-01,-2.091530011992955539e-04,4.882865870826405441e+00,-1.388414048721548118e-02,1.341289313851081692e-03,9.999027110603849744e-01,4.655291988008128934e-01,0.000000000000000000e+00,0.000000000000000000e+00,0.000000000000000000e+00,1.000000000000000056e-01
9.965086334989999850e-01,-8.241986554016751676e-02,1.332325509387233611e-02,6.680495240428925285e+01,8.240093282246059581e-02,9.965973239694568830e-01,1.964720566848822750e-03,4.946534704833557505e+00,-1.343985237805928740e-02,-8.600123593112208101e-04,9.999093112611752154e-01,4.695947534831407810e-01,0.000000000000000000e+00,0.000000000000000000e+00,0.000000000000000000e+00,1.000000000000000056e-01
9.963624581554511028e-01,-8.360531417313113445e-02,1.649252619943561080e-02,6.758805984973611203e+01,8.355133628849542582e-02,9.964956994101412668e-01,3.936402100914836687e-03,5.032538799765492676e+00,-1.676383556450542975e-02,-2.544110670819922648e-03,9.998562403256083808e-01,4.795242342918128453e-01,0.000000000000000000e+00,0.000000000000000000e+00,0.000000000000000000e+00,1.000000000000000056e-01
9.966737499214209928e-01,-7.920135597381347536e-02,1.919847466550771153e-02,6.832529758874788683e+01,7.908129294819596367e-02,9.968440438861760899e-01,6.935508221969019504e-03,5.113562252826515220e+00,-1.968718677755848523e-02,-5.394198788019175309e-03,9.997916369405281944e-01,4.766952988928309654e-01,0.000000000000000000e+00,0.000000000000000000e+00,0.000000000000000000e+00,1.000000000000000056e-01
9.962056806394731234e-01,-8.437582584029787447e-02,2.132983533485062477e-02,6.904812515851479304e+01,8.418291304592567803e-02,9.964022487885153545e-01,9.787530857767550579e-03,5.203339692630758684e+00,-2.207892689299543326e-02,-7.954786166664524344e-03,9.997245832549565003e-01,4.845932611925095057e-01,0.000000000000000000e+00,0.000000000000000000e+00,0.000000000000000000e+00,1.000000000000000056e-01
9.963390822569401228e-01,-8.413107061812970244e-02,1.517880509280980506e-02,6.972809553174614905e+01,8.391944862351065348e-02,9.963730724748430800e-01,1.407929649403538881e-02,5.278198768995140178e+00,-1.630825895441297829e-02,-1.275395639353823878e-02,9.997856656734920300e-01,4.809111972498416043e-01,0.000000000000000000e+00,0.000000000000000000e+00,0.000000000000000000e+00,1.000000000000000056e-01
9.963100670605201659e-01,-8.529637723989873244e-02,9.527764880106884271e-03,7.041620884608965980e+01,8.516405856520371798e-02,9.962751562270346639e-01,1.352391265500708928e-02,5.353255901866761590e+00,-1.064581620000386655e-02,-1.266258719798581817e-02,9.998631533779456237e-01,4.880618291530440800e-01,0.000000000000000000e+00,0.000000000000000000e+00,0.000000000000000000e+00,1.000000000000000056e-01
9.966494348732642949e-01,-8.149856192091320395e-02,6.920142457051965505e-03,7.115576786630433048e+01,8.141335208845637550e-02,9.966104200050339701e-01,1.181257123199006866e-02,5.428433997182656512e+00,-7.859393648612766903e-03,-1.120960044840483595e-02,9.999062830031938409e-01,4.978682420957319943e-01,0.000000000000000000e+00,0.000000000000000000e+00,0.000000000000000000e+00,1.000000000000000056e-01
9.968367405626185063e-01,-7.930090925814219094e-02,5.280005239259835843e-03,7.186572829311440103e+01,7.924334126625452723e-02,9.968016572880127324e-01,1.034160977948263282e-02,5.493983231638104314e+00,-6.083217031689462824e-03,-9.890491327687690737e-03,9.999325840534661891e-01,5.006441738117373141e-01,0.000000000000000000e+00,0.000000000000000000e+00,0.000000000000000000e+00,1.000000000000000056e-01
9.968885885294942462e-01,-7.834050834667909136e-02,8.712451529662124453e-03,7.254148696914239736e+01,7.822958484016788450e-02,9.968580357669803993e-01,1.241726952806070962e-02,5.565569583355016725e+00,-9.657852525680013164e-03,-1.169706282711318636e-02,9.998849456841576444e-01,5.096817053129958364e-01,0.000000000000000000e+00,0.000000000000000000e+00,0.000000000000000000e+00,1.000000000000000056e-01
9.968544569277294487e-01,-7.835202314578944283e-02,1.192275858529381546e-02,7.312970876891152727e+01,7.818530569910391026e-02,9.968424875365193838e-01,1.386048392884470584e-02,5.602723729194046598e+00,-1.297110928406636221e-02,-1.288470065487620081e-02,9.998328534375008347e-01,5.323403581721328770e-01,0.000000000000000000e+00,0.000000000000000000e+00,0.000000000000000000e+00,1.000000000000000056e-01
9.968337758032181917e-01,-7.899677453580300490e-02,9.051686629511454876e-03,7.371459641834997001e+01,7.890595504055783471e-02,9.968320417424519908e-01,9.986531665789156326e-03,5.631524645119956318e+00,-9.811915054505760195e-03,-9.240680089357557192e-03,9.999091639516307639e-01,5.402095614452040451e-01,0.000000000000000000e+00,0.000000000000000000e+00,0.000000000000000000e+00,1.000000000000000056e-01
9.967993102167514996e-01,-7.963333693378582545e-02,7.047467644378638957e-03,7.434094293902407458e+01,7.958778222269102809e-02,9.968065079019026165e-01,6.524624532313097816e-03,5.668477806255427076e+00,-7.544539235892853274e-03,-5.942848913130722652e-03,9.999538801737376525e-01,5.524161116647989811e-01,0.000000000000000000e+00,0.000000000000000000e+00,0.000000000000000000e+00,1.000000000000000056e-01
9.969414782362505667e-01,-7.813000101129184694e-02,1.841714987466323492e-03,7.496151839758783808e+01,7.811980066667446876e-02,9.969310418731571755e-01,5.078827965230471239e-03,5.685699659507974957e+00,-2.232871675347844476e-03,-4.919419851658777751e-03,9.999854066897199134e-01,5.658923722508510945e-01,0.000000000000000000e+00,0.000000000000000000e+00,0.000000000000000000e+00,1.000000000000000056e-01
9.974233979481255119e-01,-7.169334604558369461e-02,2.574754047155642950e-03,7.557296084054723906e+01,7.168388556775212583e-02,9.974209194089475039e-01,3.595841392392804675e-03,5.741653957219662097e+00,-2.825911450235741012e-03,-3.402007965601538259e-03,9.999902202353168068e-01,5.872079945292618675e-01,0.000000000000000000e+00,0.000000000000000000e+00,0.000000000000000000e+00,1.000000000000000056e-01
9.977159582238066537e-01,-6.736229630541645808e-02,5.018739085924597658e-03,7.614423173527147526e+01,6.732997998132900230e-02,9.977105437247869579e-01,6.351750632996438009e-03,5.800081324894871493e+00,-5.435117410428693362e-03,-5.999331367011894942e-03,9.999672332241110739e-01,5.817294798856927907e-01,0.000000000000000000e+00,0.000000000000000000e+00,0.000000000000000000e+00,1.000000000000000056e-01
9.979090084960611229e-01,-6.413074625130461837e-02,8.053455634626839957e-03,7.669319622015481741e+01,6.409650052821753985e-02,9.979338234599097746e-01,4.441015055339211058e-03,5.818514113487421646e+00,-8.321621383140099040e-03,-3.915530607250796054e-03,9.999577087245337115e-01,5.917443962948084613e-01,0.000000000000000000e+00,0.000000000000000000e+00,0.000000000000000000e+00,1.000000000000000056e-01
9.983144723978749635e-01,-5.690306366857662140e-02,1.141295518620884415e-02,7.726152826020482678e+01,5.691016725388863690e-02,9.983792585230105709e-01,-2.983524393032357079e-04,5.810804850807606670e+00,-1.137748056851418769e-02,9.473627465399097388e-04,9.999348255960183174e-01,6.083353689136765663e-01,0.000000000000000000e+00,0.000000000000000000e+00,0.000000000000000000e+00,1.000000000000000056e-01
9.987985142789352899e-01,-4.682014098613673098e-02,1.447073848252761717e-02,7.781190419053308460e+01,4.691083476638443356e-02,9.988811049693537836e-01,-5.992638544391577608e-03,5.826461360747986262e+00,-1.417397106362236654e-02,6.664272896650402962e-03,9.998773354822313442e-01,6.120084167766656202e-01,0.000000000000000000e+00,0.000000000000000000e+00,0.000000000000000000e+00,1.000000000000000056e-01
9.993010980819847511e-01,-3.451323728892126408e-02,1.435798815914061943e-02,7.831548354281270008e+01,3.452090250875937405e-02,9.994039350157067902e-01,-2.862954795677136069e-04,5.862556888407384648e+00,-1.433954888133299327e-02,7.817460965715392236e-04,9.998968777883648906e-01,6.142214147440916427e-01,0.000000000000000000e+00,0.000000000000000000e+00,0.000000000000000000e+00,1.000000000000000056e-01
9.997560043253546080e-01,-1.562439589744430563e-02,1.561441860081460783e-02,7.882766282010591397e+01,1.559171872118247579e-02,9.998759943015673723e-01,2.212312539285634944e-03,5.876969248393654865e+00,-1.564704837089307340e-02,-1.968317121776384359e-03,9.998756400697974556e-01,6.155402845016775260e-01,0.000000000000000000e+00,0.000000000000000000e+00,0.000000000000000000e+00,1.000000000000000056e-01
9.999022704302267250e-01,8.286923602100945132e-04,1.395574639529631802e-02,7.932742358684789963e+01,-9.059766741889495279e-04,9.999842857451929357e-01,5.532401733610576959e-03,5.882996029078467970e+00,-1.395094243209118318e-02,-5.544504635074372877e-03,9.998873084871154893e-01,6.249320679264640521e-01,0.000000000000000000e+00,0.000000000000000000e+00,0.000000000000000000e+00,1.000000000000000056e-01
9.996456109056416350e-01,2.309415959308011579e-02,1.324055851450102288e-02,7.984966370703162397e+01,-2.315628862700980922e-02,9.997214650359509402e-01,4.558359726318722722e-03,5.871092188145119017e+00,-1.313159906900892258e-02,-4.863346487888150181e-03,9.999019496764818271e-01,6.355976528235294243e-01,0.000000000000000000e+00,0.000000000000000000e+00,0.000000000000000000e+00,1.000000000000000056e-01
9.987130599535118947e-01,4.855473069205921977e-02,1.465134825586569302e-02,8.035934594351962801e+01,-4.863035344427425744e-02,9.988050695499739451e-01,4.849924242367094525e-03,5.833105081397476077e+00,-1.439835414823579900e-02,-5.556182924755057907e-03,9.998809010222811100e-01,6.532399117547426082e-01,0.000000000000000000e+00,0.000000000000000000e+00,0.000000000000000000e+00,1.000000000000000056e-01
9.973307845535280824e-01,7.142246158550057122e-02,1.517030530055031926e-02,8.081634354091843875e+01,-7.152150458420013235e-02,9.974204718648614909e-01,6.089062890895387097e-03,5.836738161181417084e+00,-1.469627721079223501e-02,-7.157812930269495492e-03,9.998663836484347200e-01,6.475362419687453741e-01,0.000000000000000000e+00,0.000000000000000000e+00,0.000000000000000000e+00,1.000000000000000056e-01
9.944238726478541457e-01,1.043253239006807359e-01,1.540741058914033706e-02,8.130806392518346115e+01,-1.043495900804124882e-01,9.945403756544552998e-01,7.773307821497628303e-04,5.760286997234648432e+00,-1.524219662956032006e-02,-2.380753265891153055e-03,9.998809966469973665e-01,6.446243319434790120e-01,0.000000000000000000e+00,0.000000000000000000e+00,0.000000000000000000e+00,1.000000000000000056e-01
