1.000000000000000000e+00,-2.492915132545170626e-12,1.237394464196704949e-12,1.804660933215540249e-19,2.492915132545517170e-12,1.000000000000000000e+00,-2.798176623072694182e-13,5.729655884710908748e-19,-1.237394464196007419e-12,2.798176623103541799e-13,1.000000000000000000e+00,-3.836802960065695799e-19,0.000000000000000000e+00,0.000000000000000000e+00,0.000000000000000000e+00,1.000000000000000056e-01
9.999990314869856567e-01,-6.306112840423208025e-04,-1.240707257651321900e-03,6.468619810861010455e-01,6.272941145619151046e-04,9.999962329529682448e-01,-2.672186738739469342e-03,-4.490945048867314368e-03,1.242387694959247012e-03,2.671405862331217244e-03,9.999956600223494085e-01,-3.715344152598873731e-04,0.000000000000000000e+00,0.000000000000000000e+00,0.000000000000000000e+00,1.000000000000000056e-01
9.999803569653616941e-01,-5.429435712338494431e-03,-3.131598836584400473e-03,1.307175528033089895e+00,5.420685069871697577e-03,9.999813989471149078e-01,-2.796056713354902815e-03,5.314562767561019190e-03,3.146721595722038866e-03,2.779026379257731535e-03,9.999911875389614346e-01,4.362513728775112461e-03,0.000000000000000000e+00,0.000000000000000000e+00,0.000000000000000000e+00,1.000000000000000056e-01
9.999362856533952071e-01,-9.953380805957211946e-03,-5.324926687120963217e-03,2.004906955960164439e+00,9.938082966253994344e-03,9.999464349660313056e-01,-2.891661404876012288e-03,1.418752927036505060e-02,5.353423264366706860e-03,2.838557601353169750e-03,9.999816415565319083e-01,8.816835227152692786e-03,0.000000000000000000e+00,0.000000000000000000e+00,0.000000000000000000e+00,1.000000000000000056e-01
9.998570738866741081e-01,-1.610209589300058350e-02,-5.153087097126249523e-03,2.702843760365477799e+00,1.609467576009052450e-02,9.998693796583578708e-01,-1.478185978894332913e-03,2.266122477906748131e-02,5.176215891508957438e-03,1.395037441525843460e-03,9.999856302265454078e-01,1.664931528761491933e-02,0.000000000000000000e+00,0.000000000000000000e+00,0.000000000000000000e+00,1.000000000000000056e-01
9.997517860029603298e-01,-2.135579521789903595e-02,-6.347944116176538337e-03,3.410883678734319968e+00,2.134626507024298125e-02,9.997709171852375842e-01,-1.565285322169305150e-03,3.077020689316813107e-02,6.379917824068281201e-03,1.429391898687988518e-03,9.999786265152661446e-01,3.034264820158984535e-02,0.000000000000000000e+00,0.000000000000000000e+00,0.000000000000000000e+00,1.000000000000000056e-01
9.996522379364365385e-01,-2.533646450984008286e-02,-7.312096471987494795e-03,4.129948516017170945e+00,2.533390760238761474e-02,9.996789472954760170e-01,-4.421083606906059393e-04,5.368950816136400933e-02,7.320950366429563455e-03,2.567106357736979568e-04,9.999731685327271080e-01,4.089426791880914486e-02,0.000000000000000000e+00,0.000000000000000000e+00,0.000000000000000000e+00,1.000000000000000056e-01
9.994979978480689198e-01,-3.008590694807094720e-02,-9.929274938971029488e-03,4.893414128311950329e+00,3.010045745000148112e-02,9.995460080228856237e-01,1.319206888284215565e-03,8.577338184824841172e-02,9.885077592123999932e-03,-1.617420361397317943e-03,9.999498333378391557e-01,5.568630757306786833e-02,0.000000000000000000e+00,0.000000000000000000e+00,0.000000000000000000e+00,1.000000000000000056e-01
9.993433084196430283e-01,-3.477430038717239241e-02,-1.018331721321240682e-02,5.655656098234725704e+00,3.479483610276121880e-02,9.993927707783524239e-01,1.846373892123255372e-03,1.261054160414618319e-01,1.011292724507550922e-02,-2.199488247350259943e-03,9.999464440428724732e-01,6.016039044844811307e-02,0.000000000000000000e+00,0.000000000000000000e+00,0.000000000000000000e+00,1.000000000000000056e-01
9.992102529103278341e-01,-3.889946561699722527e-02,-8.105680328685528971e-03,6.438746922411652029e+00,3.891619785152572453e-02,9.992406393888515481e-01,1.916804251882112207e-03,1.623502964541188309e-01,8.024962533226763159e-03,-2.230732720695063117e-03,9.999653113022817230e-01,7.106601255475604451e-02,0.000000000000000000e+00,0.000000000000000000e+00,0.000000000000000000e+00,1.000000000000000056e-01
9.991036932929627801e-01,-4.181604601354178830e-02,-6.574826549405334356e-03,7.236617540866950193e+00,4.182577570520351617e-02,9.991240082436585457e-01,1.349310113978954579e-03,2.025648773079490039e-01,6.512644241735998998e-03,-1.623097938829966887e-03,9.999774752553487467e-01,8.611194710748716619e-02,0.000000000000000000e+00,0.000000000000000000e+00,0.000000000000000000e+00,1.000000000000000056e-01
9.991210945670608856e-01,-4.146075505627131591e-02,-6.167996537135514261e-03,8.032326255434291795e+00,4.147306740511285533e-02,9.991378501358251230e-01,1.881782658114561357e-03,2.422499466566710724e-01,6.084658669901565377e-03,-2.135934485251857716e-03,9.999792071402012761e-01,1.003631219655654189e-01,0.000000000000000000e+00,0.000000000000000000e+00,0.000000000000000000e+00,1.000000000000000056e-01
9.990401340661403395e-01,-4.334069820476254414e-02,-6.355659228759976721e-03,8.867528324458657352e+00,4.334093834690747743e-02,9.990603350457522014e-01,-1.000073945527432532e-04,2.887611373581284169e-01,6.354021428827123612e-03,-1.755488339260615675e-04,9.999797975930758698e-01,1.153573514615587881e-01,0.000000000000000000e+00,0.000000000000000000e+00,0.000000000000000000e+00,1.000000000000000056e-01
9.989011109302423641e-01,-4.645688102093756267e-02,-6.191024804834282386e-03,9.642557958683905639e+00,4.645532235603927473e-02,9.989202904528026172e-01,-3.954067336600153369e-04,3.524965506098169388e-01,6.202709659826086824e-03,1.073661724994760358e-04,9.999807572475486461e-01,1.317707733372342760e-01,0.000000000000000000e+00,0.000000000000000000e+00,0.000000000000000000e+00,1.000000000000000056e-01
9.988329150754502450e-01,-4.804450655323888597e-02,-4.953095187283283740e-03,1.042539243571176755e+01,4.804536711027550255e-02,9.988451530105716403e-01,5.483180295490448829e-05,3.589114218862267669e-01,4.944740753301504060e-03,-2.927410861894540737e-04,9.999877318455157038e-01,1.384607205444738087e-01,0.000000000000000000e+00,0.000000000000000000e+00,0.000000000000000000e+00,1.000000000000000056e-01
9.987789364687026383e-01,-4.901915401652205684e-02,-6.144803166226297381e-03,1.122784873442210340e+01,4.901096899156345832e-02,9.987971501983254896e-01,-1.475694484495882917e-03,4.108702220487506218e-01,6.209749186173309926e-03,1.172729810338350416e-03,9.999800316605510497e-01,1.643268579785051309e-01,0.000000000000000000e+00,0.000000000000000000e+00,0.000000000000000000e+00,1.000000000000000056e-01
9.986534850657829976e-01,-5.138719144277775763e-02,-7.111492219581955557e-03,1.209555052173794110e+01,5.138217107929309024e-02,9.986786699203646922e-01,-8.869843683067349946e-04,4.617434979837293785e-01,7.147675226542058585e-03,5.203861207527712409e-04,9.999743196388301003e-01,1.756678412166932102e-01,0.000000000000000000e+00,0.000000000000000000e+00,0.000000000000000000e+00,1.000000000000000056e-01
9.985030729972378394e-01,-5.419481696996461539e-02,-7.384783589561503582e-03,1.299372844160760287e+01,5.419680437685994723e-02,9.985302707566876546e-01,6.912244491913963670e-05,5.327961762312477534e-01,7.370183878913483429e-03,-4.692506452337536285e-04,9.999727297248774960e-01,1.964879313167374186e-01,0.000000000000000000e+00,0.000000000000000000e+00,0.000000000000000000e+00,1.000000000000000056e-01
9.986588478801412538e-01,-5.095184878322606831e-02,-9.187744896333300409e-03,1.388363195483827361e+01,5.098446201561427499e-02,9.986938249563146464e-01,3.350914368407918297e-03,5.834835873803748685e-01,9.005008811057303025e-03,-3.814852513175522129e-03,9.999521772147983434e-01,2.087944979775919752e-01,0.000000000000000000e+00,0.000000000000000000e+00,0.000000000000000000e+00,1.000000000000000056e-01
9.978911763296147708e-01,-6.418698685869332621e-02,-9.655616060075429552e-03,1.481592200522432812e+01,6.424892005235401105e-02,9.979143530575012022e-01,6.246617799669920874e-03,7.116152281766178200e-01,9.234526279343097110e-03,-6.853807688494139259e-03,9.999338722358420695e-01,2.280745245920677566e-01,0.000000000000000000e+00,0.000000000000000000e+00,0.000000000000000000e+00,1.000000000000000056e-01
9.976584891028134061e-01,-6.770169851023570551e-02,-9.696346730629336330e-03,1.577731557298919718e+01,6.774005633726008779e-02,9.976962052964103433e-01,3.683300770767754338e-03,7.742394685002648158e-01,9.424642620082107625e-03,-4.331507355673824659e-03,9.999462056308386915e-01,2.343557778306187278e-01,0.000000000000000000e+00,0.000000000000000000e+00,0.000000000000000000e+00,1.000000000000000056e-01
9.975608243405055253e-01,-6.943999944069149943e-02,-7.105506228822432505e-03,1.670256536091730126e+01,6.946327948585552525e-02,9.975797437386060285e-01,3.083453500063927221e-03,8.585037312896743877e-01,6.874194073561913643e-03,-3.569504180400568435e-03,9.999700015979204881e-01,2.525394437573614259e-01,0.000000000000000000e+00,0.000000000000000000e+00,0.000000000000000000e+00,1.000000000000000056e-01
9.973679841310115757e-01,-7.219513321705607611e-02,-6.705741585667585047e-03,1.758205609222198973e+01,7.222379495974827479e-02,9.973798805908634657e-01,4.134880187753374112e-03,9.378221496399095081e-01,6.389653515994903402e-03,-4.608311222819154104e-03,9.999689674162989261e-01,2.721385687572533407e-01,0.000000000000000000e+00,0.000000000000000000e+00,0.000000000000000000e+00,1.000000000000000056e-01
9.972914918235423754e-01,-7.323804385176649334e-02,-6.772685519052059656e-03,1.849135913218604088e+01,7.327476174007233056e-02,9.972974844783369930e-01,5.341979512963163437e-03,1.007488347877059098e+00,6.363146101487845117e-03,-5.823777635522811927e-03,9.999627963008139719e-01,2.858716798953292448e-01,0.000000000000000000e+00,0.000000000000000000e+00,0.000000000000000000e+00,1.000000000000000056e-01
9.973330734041540024e-01,-7.261134939312209602e-02,-7.371067326664988706e-03,1.940821067319889082e+01,7.264421413498871327e-02,9.973486794444127446e-01,4.292990006499708758e-03,1.078632611524853901e+00,7.039804467042052802e-03,-4.817006310557344143e-03,9.999636181398150470e-01,3.066884011012389610e-01,0.000000000000000000e+00,0.000000000000000000e+00,0.000000000000000000e+00,1.000000000000000056e-01
9.972765067934353800e-01,-7.351752645721615353e-02,-5.894260046484247131e-03,2.033539188905700357e+01,7.351617369691168524e-02,9.972939251640660085e-01,-4.461343025091514579e-04,1.131274448647474618e+00,5.911108428084193081e-03,1.159581337494965483e-05,9.999825291787294290e-01,3.254303006538480370e-01,0.000000000000000000e+00,0.000000000000000000e+00,0.000000000000000000e+00,1.000000000000000056e-01
9.974138177809733774e-01,-7.183996812095898299e-02,-2.166813319787503408e-03,2.125115172857042722e+01,7.183931923765200789e-02,9.974161472988251065e-01,-3.759242465702991457e-04,1.212074709575490461e+00,2.188220979227734325e-03,2.192896441595070195e-04,9.999975817975751413e-01,3.306618101324849679e-01,0.000000000000000000e+00,0.000000000000000000e+00,0.000000000000000000e+00,1.000000000000000056e-01
9.973966752912567513e-01,-7.210988749709935919e-02,-1.903762142375466700e-04,2.221315447247473074e+01,7.210955009742538169e-02,9.973957246302289636e-01,-1.407577382404919713e-03,1.293485808163119977e+00,2.913806688404978976e-04,1.390185058267916262e-03,9.999989912408959736e-01,3.487096287142347206e-01,0.000000000000000000e+00,0.000000000000000000e+00,0.000000000000000000e+00,1.000000000000000056e-01
9.975427859806758057e-01,-7.005083979195080024e-02,1.126934937856697910e-03,2.318523881283645949e+01,7.005326568380952634e-02,9.975406456600636185e-01,-2.280399775716777499e-03,1.359779783982636880e+00,-9.644194861761175904e-04,2.353741818028264824e-03,9.999967648920213836e-01,3.628725534857951684e-01,0.000000000000000000e+00,0.000000000000000000e+00,0.000000000000000000e+00,1.000000000000000056e-01
9.978421597213411598e-01,-6.561756442726304761e-02,2.315063991237516564e-03,2.411529007606358022e+01,6.562623143243348500e-02,9.978366901764657015e-01,-3.890692181692427878e-03,1.423544992674946830e+00,-2.054758045664310286e-03,4.034225614660755244e-03,9.999897514440154733e-01,3.690693448106492913e-01,0.000000000000000000e+00,0.000000000000000000e+00,0.000000000000000000e+00,1.000000000000000056e-01
9.979630864157512660e-01,-6.379291931144090433e-02,-3.762941294264359306e-04,2.507205531136809995e+01,6.379019364091129130e-02,9.979504065701951809e-01,-5.079096537483999106e-03,1.492622544168562548e+00,6.995332750418249397e-04,5.044746981369036508e-03,9.999870305064416653e-01,3.803999080637500141e-01,0.000000000000000000e+00,0.000000000000000000e+00,0.000000000000000000e+00,1.000000000000000056e-01
9.980411505340764933e-01,-6.232621580588124099e-02,-5.413378236894758957e-03,2.602738637861434157e+01,6.230673302081994602e-02,9.980502037476725041e-01,-3.696189862761985884e-03,1.565278019865351533e+00,5.633192779342044432e-03,3.351659670676443957e-03,9.999785165275115739e-01,3.890894305681464882e-01,0.000000000000000000e+00,0.000000000000000000e+00,0.000000000000000000e+00,1.000000000000000056e-01
9.981043378270488819e-01,-6.091573088626552057e-02,-8.775223155018520987e-03,2.698239748029230967e+01,6.087497535378129376e-02,9.981336682196182419e-01,-4.839188168020936917e-03,1.631221353745315739e+00,9.053628361315530643e-03,4.295823208777343333e-03,9.999497875975843497e-01,4.087301824762358260e-01,0.000000000000000000e+00,0.000000000000000000e+00,0.000000000000000000e+00,1.000000000000000056e-01
9.981572105143720064e-01,-6.023066847309116456e-02,-7.379002198962539977e-03,2.795311175308814100e+01,6.017235578273090468e-02,9.981568579946249464e-01,-7.885076908602973653e-03,1.685391317546689027e+00,7.840325103218769021e-03,7.426534426144904347e-03,9.999416862440995146e-01,4.326117389350475073e-01,0.000000000000000000e+00,0.000000000000000000e+00,0.000000000000000000e+00,1.000000000000000056e-01
9.982157596187629656e-01,-5.955835006399511772e-02,-4.254431382754656453e-03,2.896358308859559472e+01,5.950841365046207615e-02,9.981668439637148005e-01,-1.103178663329601981e-02,1.732909942115084423e+00,4.903667356321544761e-03,1.075892881153523058e-02,9.999300973054501274e-01,4.492967812591504573e-01,0.000000000000000000e+00,0.000000000000000000e+00,0.000000000000000000e+00,1.000000000000000056e-01
9.982283300179205510e-01,-5.948742019902232558e-02,-1.203323605013129072e-03,2.992149375988500637e+01,5.946019536748639589e-02,9.980992003669891810e-01,-1.620096891044470536e-02,1.780550199718266224e+00,2.164790173153248020e-03,1.610071628350108128e-02,9.998680316015030600e-01,4.572867079255889533e-01,0.000000000000000000e+00,0.000000000000000000e+00,0.000000000000000000e+00,1.000000000000000056e-01
9.982646995991442118e-01,-5.885045183555204923e-02,-2.052767152320185591e-03,3.085093536955618276e+01,5.878924922553486337e-02,9.980146741127229326e-01,-2.259500898812136227e-02,1.825969779152378569e+00,3.378418228731434186e-03,2.243511922024719191e-02,9.997425927286708314e-01,4.780961986112177708e-01,0.000000000000000000e+00,0.000000000000000000e+00,0.000000000000000000e+00,1.000000000000000056e-01
9.982805270682856280e-01,-5.840075814396153420e-02,-5.033957138909024402e-03,3.180002922203986415e+01,5.825530537998623026e-02,9.979796924141824954e-01,-2.535454444430685489e-02,1.864455938120002765e+00,6.504511615056894451e-03,2.501769328104200968e-02,9.996658473467747719e-01,4.920388517556449348e-01,0.000000000000000000e+00,0.000000000000000000e+00,0.000000000000000000e+00,1.000000000000000056e-01
9.982851232062780467e-01,-5.796981720315194653e-02,-8.143284255106695083e-03,3.278823960680725946e+01,5.773885198629997995e-02,9.979879135866790429e-01,-2.619826914533524703e-02,1.937044064809948507e+00,9.645608136891243092e-03,2.568315845725425983e-02,9.996235979684198192e-01,5.068446676602277323e-01,0.000000000000000000e+00,0.000000000000000000e+00,0.000000000000000000e+00,1.000000000000000056e-01
9.982116826730949022e-01,-5.900255724953069880e-02,-9.598688085580378906e-03,3.376153822242848435e+01,5.872844771046725754e-02,9.979170144000283349e-01,-2.669460245915880256e-02,2.001184212071084989e+00,1.115374396636947645e-02,2.608314798772315077e-02,9.995975507105763214e-01,5.231648520255909318e-01,0.000000000000000000e+00,0.000000000000000000e+00,0.000000000000000000e+00,1.000000000000000056e-01
9.982056504761070981e-01,-5.925317407835792999e-02,-8.633696729192253186e-03,3.472996078464101544e+01,5.899095977614259717e-02,9.978661360531223545e-01,-2.798644641788103349e-02,2.071999371115073263e+00,1.027355937644689778e-02,2.742691889460446147e-02,9.995710170356518764e-01,5.501187334728770972e-01,0.000000000000000000e+00,0.000000000000000000e+00,0.000000000000000000e+00,1.000000000000000056e-01
9.981733457620232119e-01,-5.976987803254174558e-02,-8.805310342263752282e-03,3.571419528096593154e+01,5.952611759649134582e-02,9.978947819113815898e-01,-2.574190276426343779e-02,2.137095013128306853e+00,1.032536363220089640e-02,2.517073526957831417e-02,9.996298419674413127e-01,5.611191435327111954e-01,0.000000000000000000e+00,0.000000000000000000e+00,0.000000000000000000e+00,1.000000000000000056e-01
9.982699305659006317e-01,-5.820782465085659607e-02,-8.306315510933342389e-03,3.670127732913982754e+01,5.798988836137163039e-02,9.980182508186985491e-01,-2.442834174930591518e-02,2.205809146175222057e+00,9.711775110024717383e-03,2.390439671274634942e-02,9.996670752015452965e-01,5.863310782664453713e-01,0.000000000000000000e+00,0.000000000000000000e+00,0.000000000000000000e+00,1.000000000000000056e-01
9.982177357084924818e-01,-5.931055052523900167e-02,-6.603840806929741486e-03,3.771240010567502310e+01,5.913229182786063770e-02,9.979487418032944035e-01,-2.452918254664141623e-02,2.270410988799678620e+00,8.045133945120174282e-03,2.409496481870856271e-02,9.996773021781529822e-01,6.044756017985174479e-01,0.000000000000000000e+00,0.000000000000000000e+00,0.000000000000000000e+00,1.000000000000000056e-01
9.983509335660382122e-01,-5.723070128143942920e-02,-4.478870243105854271e-03,3.870637558477240248e+01,5.710558010041160565e-02,9.980718089489729605e-01,-2.432317624654097357e-02,2.331965463221125301e+00,5.862266559565976545e-03,2.402729722959843703e-02,9.996941146263816913e-01,6.361530082291324550e-01,0.000000000000000000e+00,0.000000000000000000e+00,0.000000000000000000e+00,1.000000000000000056e-01
9.983792483803620721e-01,-5.683041294679521543e-02,-3.029945174429555469e-03,3.972082167995395707e+01,5.675871313745884522e-02,9.981871384388469881e-01,-2.002211622795762799e-02,2.395605768067242458e+00,4.162317436593992309e-03,1.981768956167491089e-02,9.997949461234508783e-01,6.546480596289571130e-01,0.000000000000000000e+00,0.000000000000000000e+00,0.000000000000000000e+00,1.000000000000000056e-01
9.982793989906383336e-01,-5.857781836548590915e-02,-2.623117692756499631e-03,4.072998930412679641e+01,5.850317399033458377e-02,9.980273213786610143e-01,-2.277815652750732681e-02,2.465205199757416921e+00,3.952237840331673975e-03,2.258550369761824425e-02,9.997371028619365108e-01,6.738538921560082162e-01,0.000000000000000000e+00,0.000000000000000000e+00,0.000000000000000000e+00,1.000000000000000056e-01
9.983356387219273209e-01,-5.744978010372689403e-02,-5.047298655195952589e-03,4.174542869200183048e+01,5.732717371875971357e-02,9.981179813482395913e-01,-2.177361850346222483e-02,2.528620606372725899e+00,6.288689140072211727e-03,2.144803196912465487e-02,9.997501859532464952e-01,7.095294958155371479e-01,0.000000000000000000e+00,0.000000000000000000e+00,0.000000000000000000e+00,1.000000000000000056e-01
9.983886279693828802e-01,-5.632219074184254687e-02,-6.925198296994470280e-03,4.277723972732592017e+01,5.619127511054750751e-02,9.982607380558915500e-01,-1.783366080078604282e-02,2.604573262005207557e+00,7.917584408388293749e-03,1.741578841586663429e-02,9.998169843381287114e-01,7.357668261698029344e-01,0.000000000000000000e+00,0.000000000000000000e+00,0.000000000000000000e+00,1.000000000000000056e-01
9.984089914479165051e-01,-5.591049325677831944e-02,-7.314543030021689735e-03,4.383674224775005968e+01,5.575914457091029480e-02,9.982542784537224989e-01,-1.947596841130578432e-02,2.671408387757531866e+00,8.390684875182546909e-03,1.903712931672216224e-02,9.997835686360841967e-01,7.614454715337274360e-01,0.000000000000000000e+00,0.000000000000000000e+00,0.000000000000000000e+00,1.000000000000000056e-01
9.983864116857531501e-01,-5.635693909070765145e-02,-6.961923410394333170e-03,4.484246369581338598e+01,5.619008123369757107e-02,9.981731927960860729e-01,-2.220252134821541767e-02,2.731013176757484118e+00,8.200471461836640955e-03,2.177550457724828498e-02,9.997292531821851957e-01,7.945009715343949175e-01,0.000000000000000000e+00,0.000000000000000000e+00,0.000000000000000000e+00,1.000000000000000056e-01
9.985014147737405477e-01,-5.443833485930804628e-02,-5.602891448557068693e-03,4.582432875410106021e+01,5.429819106729634470e-02,9.982668025017674696e-01,-2.269575884865919838e-02,2.791583197214792644e+00,6.828699851204975135e-03,2.235752044934677732e-02,9.997267177272493033e-01,8.152185728631798911e-01,0.000000000000000000e+00,0.000000000000000000e+00,0.000000000000000000e+00,1.000000000000000056e-01
9.983242163593097906e-01,-5.730879559369200793e-02,-8.028759441554199350e-03,4.673778464136879052e+01,5.713715776273334268e-02,9.981622480100175165e-01,-2.018593199197979068e-02,2.847985075726089832e+00,9.170836023309928559e-03,1.969336424252443249e-02,9.997640057390768664e-01,8.396918631361491858e-01,0.000000000000000000e+00,0.000000000000000000e+00,0.000000000000000000e+00,1.000000000000000056e-01
9.984143953121422665e-01,-5.485062852856038840e-02,-1.265321237912005875e-02,4.769205295231854791e+01,5.460878729410127697e-02,9.983322093454161106e-01,-1.872645545125579264e-02,2.905650453611210438e+00,1.365926732137716371e-02,1.800578611230686799e-02,9.997445754205026569e-01,8.555943827745711161e-01,0.000000000000000000e+00,0.000000000000000000e+00,0.000000000000000000e+00,1.000000000000000056e-01
9.985133766358562646e-01,-5.319113210342871906e-02,-1.190546701377803197e-02,4.865423777532943461e+01,5.294109144149151264e-02,9.983889369726485219e-01,-2.041497900093375978e-02,2.965328016552308377e+00,1.297218240097617291e-02,1.975434119834238583e-02,9.997207052410064243e-01,8.818405699446895118e-01,0.000000000000000000e+00,0.000000000000000000e+00,0.000000000000000000e+00,1.000000000000000056e-01
9.987166281934728440e-01,-4.851599056754657413e-02,-1.453599769916608456e-02,4.961866446148849974e+01,4.822023244473828962e-02,9.986354795627101488e-01,-2.004964193025349228e-02,3.031529287182640253e+00,1.548889127200003824e-02,1.932298159719927216e-02,9.996933112856954962e-01,9.025129907188850220e-01,0.000000000000000000e+00,0.000000000000000000e+00,0.000000000000000000e+00,1.000000000000000056e-01
9.988032823313081066e-01,-4.755172057431854976e-02,-1.143840349992995831e-02,5.062742700045021138e+01,4.727512842089586637e-02,9.986090758625847386e-01,-2.334471755370689378e-02,3.093335321094732748e+00,1.253257503440866755e-02,2.277602852335054023e-02,9.996620364341692877e-01,9.407616686644473258e-01,0.000000000000000000e+00,0.000000000000000000e+00,0.000000000000000000e+00,1.000000000000000056e-01
9.989141647228734211e-01,-4.546980677666630222e-02,-1.014830959799064777e-02,5.157907017908629399e+01,4.522886793777571024e-02,9.987158085074872016e-01,-2.282724999432460614e-02,3.144592524892689145e+00,1.117322787162611936e-02,2.234346680640180230e-02,9.996879155366438230e-01,9.655342334603940202e-01,0.000000000000000000e+00,0.000000000000000000e+00,0.000000000000000000e+00,1.000000000000000056e-01
9.989539757910537165e-01,-4.457626590009716727e-02,-1.019366321058114491e-02,5.253748586957933497e+01,4.428854139154193847e-02,9.986566589038208264e-01,-2.689614709335318848e-02,3.183270377409559426e+00,1.137889944839119705e-02,2.641655059733289540e-02,9.995862576595788695e-01,9.914262978748051847e-01,0.000000000000000000e+00,0.000000000000000000e+00,0.000000000000000000e+00,1.000000000000000056e-01
9.989122463696161747e-01,-4.516289965344637281e-02,-1.160329900071621623e-02,5.352166892972736179e+01,4.479932348261274344e-02,9.985488861540345873e-01,-2.988549106233657701e-02,3.238432675705763764e+00,1.293617672681967798e-02,2.933316306553915634e-02,9.994859783289923305e-01,1.032948301859378359e+00,0.000000000000000000e+00,0.000000000000000000e+00,0.000000000000000000e+00,1.000000000000000056e-01
9.989236608828506725e-01,-4.482728853172841810e-02,-1.191779892835995169e-02,5.448293157349279170e+01,4.446647338839929131e-02,9.985902065000926697e-01,-2.898848437744063269e-02,3.278107954166765481e+00,1.320047244618257828e-02,2.842734044886210606e-02,9.995086962314044809e-01,1.051778634372606769e+00,0.000000000000000000e+00,0.000000000000000000e+00,0.000000000000000000e+00,1.000000000000000056e-01
9.988951103499096318e-01,-4.641710165010937139e-02,-7.349230806367378251e-03,5.542503006078827354e+01,4.616322529034393163e-02,9.984341319417490146e-01,-3.159494903491910645e-02,3.321461666585080685e+00,8.804268841578838378e-03,3.122077590531022184e-02,9.994737355238684229e-01,1.084627108404205398e+00,0.000000000000000000e+00,0.000000000000000000e+00,0.000000000000000000e+00,1.000000000000000056e-01
9.987697468053147176e-01,-4.955561526509911358e-02,-1.798294232034289546e-03,5.636653738371173006e+01,4.947397482031936494e-02,9.982733635735596689e-01,-3.166413420591092376e-02,3.367672360945642041e+00,3.364324884118388443e-03,3.153621054009196623e-02,9.994969478406851016e-01,1.121527420904045780e+00,0.000000000000000000e+00,0.000000000000000000e+00,0.000000000000000000e+00,1.000000000000000056e-01
9.987753688419117593e-01,-4.944731016990565331e-02,-1.651094080955818957e-03,5.732355641631939136e+01,4.937969442541835507e-02,9.983677791752482156e-01,-2.869535298850790436e-02,3.429382589607644416e+00,3.067307150470937813e-03,2.857868124396062068e-02,9.995868399519877157e-01,1.133559826999778419e+00,0.000000000000000000e+00,0.000000000000000000e+00,0.000000000000000000e+00,1.000000000000000056e-01
9.987051681811547343e-01,-5.065083909072345264e-02,-4.741260133868641612e-03,5.822718978158710001e+01,5.049646724572174478e-02,9.983202272516185083e-01,-2.840476467035819852e-02,3.483005409348887582e+00,6.172021059030961300e-03,2.812856839020286270e-02,9.995852588930893567e-01,1.151481073446295245e+00,0.000000000000000000e+00,0.000000000000000000e+00,0.000000000000000000e+00,1.000000000000000056e-01
9.984990887363000001e-01,-5.374074526282723863e-02,-1.055945506995873383e-02,5.914429733838682779e+01,5.342262102456556139e-02,9.981681286767078998e-01,-2.839736707698052587e-02,3.540915118896828861e+00,1.206620717724549326e-02,2.779063138244693143e-02,9.995409383570643680e-01,1.172508737581215987e+00,0.000000000000000000e+00,0.000000000000000000e+00,0.000000000000000000e+00,1.000000000000000056e-01
9.984222127321742413e-01,-5.382044203394332343e-02,-1.601390465376823641e-02,6.008763814611238985e+01,5.338218229493710970e-02,9.982187295880134981e-01,-2.664039251066933553e-02,3.600165462788512016e+00,1.741917726011008027e-02,2.574350246107492621e-02,9.995168054338143815e-01,1.206066578549250146e+00,0.000000000000000000e+00,0.000000000000000000e+00,0.000000000000000000e+00,1.000000000000000056e-01
9.983973902220494301e-01,-5.431663859879026779e-02,-1.588565293367153949e-02,6.100047817840628284e+01,5.393432786809952695e-02,9.982660609088499504e-01,-2.357880223727572624e-02,3.668655353959077825e+00,1.713882945877585537e-02,2.268423260453443155e-02,9.995957613535215724e-01,1.222920439330383635e+00,0.000000000000000000e+00,0.000000000000000000e+00,0.000000000000000000e+00,1.000000000000000056e-01
9.983782270818425397e-01,-5.536775346978209389e-02,-1.324113154629462559e-02,6.191974952450595993e+01,5.507759116152850798e-02,9.982536394342222952e-01,-2.135720740577567306e-02,3.728224784175681705e+00,1.440050835076189285e-02,2.059328123537468302e-02,9.996842212054766197e-01,1.258192505861044586e+00,0.000000000000000000e+00,0.000000000000000000e+00,0.000000000000000000e+00,1.000000000000000056e-01
9.982334248503762497e-01,-5.812620018887218465e-02,-1.230342891601033002e-02,6.280429045422287260e+01,5.785994033424753102e-02,9.981039966019719101e-01,-2.099140947359809037e-02,3.791190436936029418e+00,1.350025244228712611e-02,2.024245090827944335e-02,9.997039493596193704e-01,1.294500530798438298e+00,0.000000000000000000e+00,0.000000000000000000e+00,0.000000000000000000e+00,1.000000000000000056e-01
9.983010884108225458e-01,-5.644638045508917901e-02,-1.444794142036938747e-02,6.363166336729921113e+01,5.614292554746121156e-02,9.982099640507720029e-01,-2.061163702204830278e-02,3.853603387490872390e+00,1.558553139098332527e-02,1.976546997356174590e-02,9.996831585097274431e-01,1.324093136259933079e+00,0.000000000000000000e+00,0.000000000000000000e+00,0.000000000000000000e+00,1.000000000000000056e-01
9.982722132041949026e-01,-5.736266116727420372e-02,-1.273237794785149479e-02,6.445238788846224054e+01,5.712497173623108659e-02,9.981991776512096903e-01,-1.830681131665083325e-02,3.901198654335170435e+00,1.375957661170002302e-02,1.754784431937860337e-02,9.997513426903760214e-01,1.350298502549902135e+00,0.000000000000000000e+00,0.000000000000000000e+00,0.000000000000000000e+00,1.000000000000000056e-01
9.981485473900939542e-01,-5.917043917989112806e-02,-1.408319815610508535e-02,6.526251962151651753e+01,5.890591267518361512e-02,9.980919091238498186e-01,-1.851038609571195592e-02,3.952185871736111800e+00,1.515159380886903218e-02,1.764653135229384689e-02,9.997294779770593554e-01,1.380331421342473330e+00,0.000000000000000000e+00,0.000000000000000000e+00,0.000000000000000000e+00,1.000000000000000056e-01
9.981140915078017262e-01,-6.007871561623408935e-02,-1.260191507110241041e-02,6.606863324432843854e+01,5.984004662600710817e-02,9.980359586521797555e-01,-1.853089466328705290e-02,3.994855181022269885e+00,1.369047673943105808e-02,1.774184790624177763e-02,9.997488673059444775e-01,1.413021599425684061e+00,0.000000000000000000e+00,0.000000000000000000e+00,0.000000000000000000e+00,1.000000000000000056e-01
9.980108027949801119e-01,-6.168298460153214674e-02,-1.302485758718686763e-02,6.681944214179510766e+01,6.144514645092425537e-02,9.979493487082676806e-01,-1.793296936842157102e-02,4.048621744591494043e+00,1.410430721956316795e-02,1.709698287392907162e-02,9.997543506754370535e-01,1.436396032049305216e+00,0.000000000000000000e+00,0.000000000000000000e+00,0.000000000000000000e+00,1.000000000000000056e-01
9.979278772798857444e-01,-6.332629343670492794e-02,-1.139000909699697250e-02,6.760783241176679326e+01,6.312274932994157983e-02,9.978537099760195206e-01,-1.742102190238335388e-02,4.103566594267991086e+00,1.246877157905663253e-02,1.666595471799632230e-02,9.997833643788273106e-01,1.456154317963932909e+00,0.000000000000000000e+00,0.000000000000000000e+00,0.000000000000000000e+00,1.000000000000000056e-01
9.978111596403489436e-01,-6.565668254657945624e-02,-7.879703938579776454e-03,6.835949282272837024e+01,6.552983495202975572e-02,9.977317507297609467e-01,-1.540111414430341691e-02,4.163172511536575193e+00,8.873016868107557256e-03,1.485104786551478054e-02,9.998503467764335850e-01,1.480444562421182608e+00,0.000000000000000000e+00,0.000000000000000000e+00,0.000000000000000000e+00,1.000000000000000056e-01
9.979197261080408055e-01,-6.407406787867027387e-02,-7.122785265072083608e-03,6.905433855565176771e+01,6.398204330948369101e-02,9.978730945123566176e-01,-1.247338696091231623e-02,4.212188846910994044e+00,7.906856416814912747e-03,1.199170854435923327e-02,9.998968349523820187e-01,1.505909248357367058e+00,0.000000000000000000e+00,0.000000000000000000e+00,0.000000000000000000e+00,1.000000000000000056e-01
9.979883460979217524e-01,-6.277448164238598471e-02,-8.867102529259792212e-03,6.971767116825594712e+01,6.268242949946341291e-02,9.979803338319805928e-01,-1.030370402590251658e-02,4.260888212692092836e+00,9.496003621495682431e-03,9.727165010338111734e-03,9.999075998191443437e-01,1.538053411198399445e+00,0.000000000000000000e+00,0.000000000000000000e+00,0.000000000000000000e+00,1.000000000000000056e-01
9.977249545625795912e-01,-6.598305577874932770e-02,-1.382575108979386229e-02,7.040504568225762227e+01,6.585369458061024472e-02,9.977829904208334044e-01,-9.612228510746263430e-03,4.321240990857184272e+00,1.442934347717127024e-02,8.679883464514622296e-03,9.998582167836899126e-01,1.561143154393795918e+00,0.000000000000000000e+00,0.000000000000000000e+00,0.000000000000000000e+00,1.000000000000000056e-01
9.977091026486492042e-01,-6.531235044350855445e-02,-1.763075073760440870e-02,7.114566883835047406e+01,6.513735225801178808e-02,9.978228947595850773e-01,-1.032453555457572836e-02,4.376125636614640158e+00,1.826668642208803539e-02,9.152462682051283605e-03,9.997912585105006578e-01,1.588659889999785690e+00,0.000000000000000000e+00,0.000000000000000000e+00,0.000000000000000000e+00,1.000000000000000056e-01
9.975768665704527471e-01,-6.731677685144728251e-02,-1.757403874496918025e-02,7.185572462504065072e+01,6.713991902142694979e-02,9.976886610067063899e-01,-1.046742434611444388e-02,4.427187981615199774e+00,1.823805245286507296e-02,9.262140842043466507e-03,9.997907712065303709e-01,1.610604753704742098e+00,0.000000000000000000e+00,0.000000000000000000e+00,0.000000000000000000e+00,1.000000000000000056e-01
9.975679926552867283e-01,-6.796722967738977328e-02,-1.544524909746497823e-02,7.253569076435221064e+01,6.783319117317648805e-02,9.976556922025843210e-01,-9.043118435898972463e-03,4.478440763847279626e+00,1.602367638730534463e-02,7.973424970698080733e-03,9.998398203158701536e-01,1.628921542807212797e+00,0.000000000000000000e+00,0.000000000000000000e+00,0.000000000000000000e+00,1.000000000000000056e-01
9.975074345565312361e-01,-6.893985178370423683e-02,-1.504044016937428757e-02,7.317161083769975960e+01,6.880246385315580415e-02,9.975853642601678617e-01,-9.469001090050697261e-03,4.526085069653728254e+00,1.565691451668633702e-02,8.410579644060542370e-03,9.998420491146929878e-01,1.648685976349034243e+00,0.000000000000000000e+00,0.000000000000000000e+00,0.000000000000000000e+00,1.000000000000000056e-01
9.974138406205825813e-01,-6.987746375510137109e-02,-1.681578418194250649e-02,7.375497607190185079e+01,6.970975441653309845e-02,9.975135015899124769e-01,-1.036167385215180058e-02,4.562878152436449675e+00,1.749801925035565295e-02,9.162652726487958629e-03,9.998049135292984557e-01,1.675049108571705192e+00,0.000000000000000000e+00,0.000000000000000000e+00,0.000000000000000000e+00,1.000000000000000056e-01
9.973854588126933596e-01,-6.936951692442244743e-02,-2.025133750312125072e-02,7.439711909944350055e+01,6.902385552572976035e-02,9.974650546174537169e-01,-1.729659461753560445e-02,4.593373631712148075e+00,2.139985788168333528e-02,1.585354656448968030e-02,9.996452926633383473e-01,1.707927736614371916e+00,0.000000000000000000e+00,0.000000000000000000e+00,0.000000000000000000e+00,1.000000000000000056e-01
9.973505349438210876e-01,-6.843338787222778830e-02,-2.467350545834695597e-02,7.502361165693092460e+01,6.794243804205855886e-02,9.974843968145479245e-01,-2.021640978063223709e-02,4.616212374133522367e+00,2.599491412132157869e-02,1.848646899347292788e-02,9.994911279766210965e-01,1.729599516587885466e+00,0.000000000000000000e+00,0.000000000000000000e+00,0.000000000000000000e+00,1.000000000000000056e-01
9.976905095477950347e-01,-6.329104288726913885e-02,-2.465544662955797620e-02,7.561188757695302343e+01,6.279648003832266623e-02,9.978190137133557958e-01,-2.034251623822703678e-02,4.656626472683059070e+00,2.588917250623641933e-02,1.874726012909206166e-02,9.994890149394312084e-01,1.759452651375249310e+00,0.000000000000000000e+00,0.000000000000000000e+00,0.000000000000000000e+00,1.000000000000000056e-01
9.980015932865288208e-01,-5.851183981635546538e-02,-2.385758577172329004e-02,7.618339609762107045e+01,5.813939342054626203e-02,9.981799688557503325e-01,-1.601751253547913437e-02,4.709277082002090609e+00,2.475137835032456546e-02,1.459843746564847694e-02,9.995870421795796101e-01,1.771015479044654839e+00,0.000000000000000000e+00,0.000000000000000000e+00,0.000000000000000000e+00,1.000000000000000056e-01
9.984742488518341119e-01,-5.141421497509552491e-02,-2.014330852318543461e-02,7.672223752285084686e+01,5.104774112020480509e-02,9.985284640376446141e-01,-1.830395129874709537e-02,4.728634927723346593e+00,2.105475020726020954e-02,1.724775362524107875e-02,9.996295376231101315e-01,1.798553737178583356e+00,0.000000000000000000e+00,0.000000000000000000e+00,0.000000000000000000e+00,1.000000000000000056e-01
9.988822736400665425e-01,-4.404398415469758243e-02,-1.715607377671268113e-02,7.728869852777796723e+01,4.364959260410172792e-02,9.987884788917157364e-01,-2.272196071356351668e-02,4.735616175940621453e+00,1.813605450882876252e-02,2.194770814808517587e-02,9.995946086458746827e-01,1.818730419918799468e+00,0.000000000000000000e+00,0.000000000000000000e+00,0.000000000000000000e+00,1.000000000000000056e-01
9.992537754482407886e-01,-3.580115727683479826e-02,-1.449722008097106309e-02,7.784335676845658725e+01,3.542847953182826776e-02,9.990545534313547416e-01,-2.519567633819765062e-02,4.740822709323847306e+00,1.538554810527065393e-02,2.466326024100881642e-02,9.995774149628354754e-01,1.851506796819236689e+00,0.000000000000000000e+00,0.000000000000000000e+00,0.000000000000000000e+00,1.000000000000000056e-01
9.996043161088044027e-01,-2.396490894423053061e-02,-1.472733363321744073e-02,7.833006982509118643e+01,2.364878293695492004e-02,9.994938827639310297e-01,-2.127706236965233935e-02,4.755265080142607736e+00,1.522978273811376355e-02,2.092035986248863208e-02,9.996651400648988162e-01,1.876225810226910928e+00,0.000000000000000000e+00,0.000000000000000000e+00,0.000000000000000000e+00,1.000000000000000056e-01
9.998485682206224023e-01,-9.644538915259515122e-03,-1.448528550920982760e-02,7.883418800788093961e+01,9.360801614095044104e-03,9.997654563042073228e-01,-1.952966394953197654e-02,4.765371550019668945e+00,1.467024268077508908e-02,1.939111265379421523e-02,9.997043406576441305e-01,1.883941511647154732e+00,0.000000000000000000e+00,0.000000000000000000e+00,0.000000000000000000e+00,1.000000000000000056e-01
9.998662734615905157e-01,9.232688233863846003e-03,-1.349787620361468828e-02,7.932717440869471659e+01,-9.401221476265412061e-03,9.998779728403438538e-01,-1.247623594834832567e-02,4.756904865761959478e+00,1.338103989927694713e-02,1.260146406815196643e-02,9.998310611671118453e-01,1.898701055693799322e+00,0.000000000000000000e+00,0.000000000000000000e+00,0.000000000000000000e+00,1.000000000000000056e-01
9.994208937268456161e-01,3.140015381172787945e-02,-1.311135091563538253e-02,7.981778278817098737e+01,-3.158852463282359191e-02,9.993969912731990313e-01,-1.441592680332529422e-02,4.727695651313622349e+00,1.265078233765007908e-02,1.482174668104829784e-02,9.998101187383373611e-01,1.918145151774257151e+00,0.000000000000000000e+00,0.000000000000000000e+00,0.000000000000000000e+00,1.000000000000000056e-01
9.983484443032446531e-01,5.600698621182714082e-02,-1.279067053595883685e-02,8.030454507154927057e+01,-5.622522870098265596e-02,9.982666046624951717e-01,-1.739280521180569528e-02,4.708362806660963962e+00,1.179438064560564894e-02,1.808323840139878375e-02,9.997669173732969261e-01,1.936948805078164026e+00,0.000000000000000000e+00,0.000000000000000000e+00,0.000000000000000000e+00,1.000000000000000056e-01
9.963688302320932166e-01,8.442482219404670585e-02,-1.102739948645107756e-02,8.077365223203756273e+01,-8.461687913212501133e-02,9.962455561607121979e-01,-1.829687393990160962e-02,4.659173191841691875e+00,9.441287405302725005e-03,1.916353901389052442e-02,9.997717843911146929e-01,1.953569114081979308e+00,0.000000000000000000e+00,0.000000000000000000e+00,0.000000000000000000e+00,1.000000000000000056e-01
9.930570400611885562e-01,1.172621336011343690e-01,-9.343832630177375392e-03,8.123905504116721943e+01,-1.174226557529282206e-01,9.928995562825412291e-01,-1.903657137884920414e-02,4.595772285877367302e+00,7.045218296147300052e-03,2.000157886873982216e-02,9.997751255867077802e-01,1.968899425128572300e+00,0.000000000000000000e+00,0.000000000000000000e+00,0.000000000000000000e+00,1.000000000000000056e-01
