9.999999999999997780e-01,-1.874211555903086638e-08,-4.109891059642994563e-09,4.604992159222318039e-14,1.874211555185027692e-08,9.999999999999997780e-01,-1.747148477795280111e-09,1.378313914384461775e-13,4.109891092388252674e-09,1.747148400767226786e-09,1.000000000000000000e+00,2.176353232946306344e-14,0.000000000000000000e+00,0.000000000000000000e+00,0.000000000000000000e+00,1.000000000000000056e-01
9.996598290312034285e-01,-2.580945735521646828e-02,-3.754747972147720950e-03,6.653617889849410272e-01,2.579081043405095919e-02,9.996551920292083837e-01,-4.932661168314268416e-03,5.053213515003149997e-02,3.880762613189949611e-03,4.834145227008599180e-03,9.999807851761274291e-01,1.525715355201502817e-02,0.000000000000000000e+00,0.000000000000000000e+00,0.000000000000000000e+00,1.000000000000000056e-01
9.987164550804027430e-01,-4.974373545776618333e-02,-9.539556296899119256e-03,1.357612846764375103e+00,4.967828789095907194e-02,9.987408862712824353e-01,-6.979240809441077803e-03,9.239537927053169397e-02,9.874718419120702764e-03,6.496373816288108019e-03,9.999301410915575339e-01,2.884449262576949807e-02,0.000000000000000000e+00,0.000000000000000000e+00,0.000000000000000000e+00,1.000000000000000056e-01
9.974530909321388528e-01,-6.972258398863501183e-02,-1.503637828301693409e-02,2.107534041368041233e+00,6.960579983987508212e-02,9.975412357224481275e-01,-8.155713456376657150e-03,1.601913686967108563e-01,1.556804478968035720e-02,7.088322458735414437e-03,9.998536851290530381e-01,3.836310958436735946e-02,0.000000000000000000e+00,0.000000000000000000e+00,0.000000000000000000e+00,1.000000000000000056e-01
9.955827834060368975e-01,-9.198005903897486790e-02,-1.883056357826047231e-02,2.855310277537275176e+00,9.182845388150022437e-02,9.957362639176301489e-01,-8.765145583085644232e-03,2.612790846631318775e-01,1.955649363309791208e-02,6.997246497458586845e-03,9.997842677789205990e-01,6.595308589656585785e-02,0.000000000000000000e+00,0.000000000000000000e+00,0.000000000000000000e+00,1.000000000000000056e-01
9.937281666867274765e-01,-1.097166246381932747e-01,-2.160076414012652990e-02,3.565701986257933331e+00,1.094596037882381162e-01,9.939095297990755418e-01,-1.274526237872721998e-02,3.660735947350500785e-01,2.286757249813599346e-02,1.030091513325248967e-02,9.996854331615820932e-01,8.963473758096139610e-02,0.000000000000000000e+00,0.000000000000000000e+00,0.000000000000000000e+00,1.000000000000000056e-01
9.916704692502320562e-01,-1.258882990107932365e-01,-2.723631012442094546e-02,4.294838943595483016e+00,1.255242431000394010e-01,9.919817305099950522e-01,-1.469390106669679445e-02,4.926476701469651998e-01,2.886771226104932475e-02,1.115269055272181779e-02,9.995210216309852180e-01,1.268641032337337882e-01,0.000000000000000000e+00,0.000000000000000000e+00,0.000000000000000000e+00,1.000000000000000056e-01
9.887375205492426877e-01,-1.462366748347186940e-01,-3.182688158492334024e-02,5.076090305669356262e+00,1.457861719175459481e-01,9.891858369961561426e-01,-1.605527837945620873e-02,6.210948568712476581e-01,3.383057102331737259e-02,1.123453690629238472e-02,9.993644368521112931e-01,1.611077831105143798e-01,0.000000000000000000e+00,0.000000000000000000e+00,0.000000000000000000e+00,1.000000000000000056e-01
9.860088003654834399e-01,-1.630651024022204409e-01,-3.458927551096825648e-02,5.847200394252667799e+00,1.625055477204305210e-01,9.865354295761070702e-01,-1.843347908477352415e-02,7.983004603369863172e-01,3.712940292952716936e-02,1.255462343677700258e-02,9.992315992143451231e-01,1.922445533006474083e-01,0.000000000000000000e+00,0.000000000000000000e+00,0.000000000000000000e+00,1.000000000000000056e-01
9.837516467370571727e-01,-1.762422915992934436e-01,-3.422502292121835238e-02,6.638209316952568884e+00,1.756472218734441149e-01,9.842560115863223658e-01,-1.970170308187617000e-02,9.778645096941575021e-01,3.715845785644755067e-02,1.337005265565328546e-02,9.992199411049179636e-01,2.430042233484549508e-01,0.000000000000000000e+00,0.000000000000000000e+00,0.000000000000000000e+00,1.000000000000000056e-01
9.814129696606975761e-01,-1.884016690779303782e-01,-3.651566883436076910e-02,7.432217744673406123e+00,1.876424399031063062e-01,9.819624242620226262e-01,-2.324031163002427541e-02,1.156176823563351386e+00,4.023552819312588985e-02,1.595645405788890386e-02,9.990628077578098676e-01,2.852124718455548713e-01,0.000000000000000000e+00,0.000000000000000000e+00,0.000000000000000000e+00,1.000000000000000056e-01
9.793516921617839710e-01,-1.984590589818796269e-01,-3.852615952670673111e-02,8.240708462067102502e+00,1.976196458740796802e-01,9.799717541534401777e-01,-2.453235875395322341e-02,1.357709649545473019e+00,4.262321696509750041e-02,1.641228105584795899e-02,9.989564046574255229e-01,3.348673524016368419e-01,0.000000000000000000e+00,0.000000000000000000e+00,0.000000000000000000e+00,1.000000000000000056e-01
9.765211232585140344e-01,-2.113529164269992988e-01,-4.167061971859713221e-02,9.077987879518090608e+00,2.103592646070887306e-01,9.772515118713344107e-01,-2.699004148118447355e-02,1.558653794562758765e+00,4.642710010214851080e-02,1.759054470427440231e-02,9.987667881508235368e-01,3.879290409911949622e-01,0.000000000000000000e+00,0.000000000000000000e+00,0.000000000000000000e+00,1.000000000000000056e-01
9.753187721312710501e-01,-2.162257980330133667e-01,-4.471797170418442130e-02,9.820074280439316183e+00,2.149623462000735119e-01,9.761169195991923342e-01,-3.141574427486251014e-02,1.765396480454459072e+00,5.044286316724556213e-02,2.102768501690892994e-02,9.985055603342027908e-01,4.478510669278707446e-01,0.000000000000000000e+00,0.000000000000000000e+00,0.000000000000000000e+00,1.000000000000000056e-01
9.742033271897329039e-01,-2.211674879426443474e-01,-4.486445775437988837e-02,1.056941413014227926e+01,2.199801038591033264e-01,9.750450217888625426e-01,-2.993258075901052140e-02,1.976438830397862612e+00,5.036497988277552351e-02,1.929113169041259124e-02,9.985445513543753648e-01,4.961167388463586514e-01,0.000000000000000000e+00,0.000000000000000000e+00,0.000000000000000000e+00,1.000000000000000056e-01
9.723030599259493423e-01,-2.291357896160712559e-01,-4.608198754020152721e-02,1.134450454773130268e+01,2.275559392428581906e-01,9.730583983226864797e-01,-3.708972861842882440e-02,2.228053483619368169e+00,5.333904924102397804e-02,2.557622667063315369e-02,9.982488679960302980e-01,5.431223858931398807e-01,0.000000000000000000e+00,0.000000000000000000e+00,0.000000000000000000e+00,1.000000000000000056e-01
9.708516875862192030e-01,-2.347505347458468672e-01,-4.836514393165051995e-02,1.216838800133261955e+01,2.330393819022819890e-01,9.717052298809639721e-01,-3.849146274935864864e-02,2.472072340714477345e+00,5.603255476589216744e-02,2.609851832043019737e-02,9.980877817846912636e-01,6.071304081496887717e-01,0.000000000000000000e+00,0.000000000000000000e+00,0.000000000000000000e+00,1.000000000000000056e-01
9.695902221686741873e-01,-2.386908942167470793e-01,-5.405051427054771013e-02,1.302791909348129273e+01,2.368679029409520298e-01,9.707971824541549166e-01,-3.803192205805401571e-02,2.729452798898190036e+00,6.154996044886435619e-02,2.407254778962565969e-02,9.978136673806685675e-01,6.840591837904003158e-01,0.000000000000000000e+00,0.000000000000000000e+00,0.000000000000000000e+00,1.000000000000000056e-01
9.697277144305055385e-01,-2.370410731029832518e-01,-5.864886637927447383e-02,1.391211702320284260e+01,2.353010514575600565e-01,9.712892007242265313e-01,-3.508138736509582023e-02,2.993183350289048139e+00,6.528074025587121687e-02,2.021925366276836056e-02,9.976620704090970460e-01,7.548849708385224622e-01,0.000000000000000000e+00,0.000000000000000000e+00,0.000000000000000000e+00,1.000000000000000056e-01
9.650683552764586226e-01,-2.550392682719436199e-01,-5.998367514001282791e-02,1.477178609231002326e+01,2.528758706394289013e-01,9.666135621878472195e-01,-4.137650834557869695e-02,3.355401441938471674e+00,6.853366831231076650e-02,2.476273478096688643e-02,9.973414376600551190e-01,8.162141981057180473e-01,0.000000000000000000e+00,0.000000000000000000e+00,0.000000000000000000e+00,1.000000000000000056e-01
9.645407677645070343e-01,-2.574022778941921774e-01,-5.835387437982435255e-02,1.568825640792941201e+01,2.551348311204283958e-01,9.659230427676978037e-01,-4.357629400881640053e-02,3.653708179266665468e+00,6.758198923830031901e-02,2.714300619447648083e-02,9.973444399731322685e-01,8.967775028164404194e-01,0.000000000000000000e+00,0.000000000000000000e+00,0.000000000000000000e+00,1.000000000000000056e-01
9.645418502059206478e-01,-2.573844902911402444e-01,-5.841441054148643897e-02,1.657591466929199697e+01,2.549589499818409322e-01,9.658631584080695776e-01,-4.587257409548112924e-02,3.929821781604199149e+00,6.822721616405369449e-02,2.935274071629800224e-02,9.972379172428941230e-01,9.715224336301685470e-01,0.000000000000000000e+00,0.000000000000000000e+00,0.000000000000000000e+00,1.000000000000000056e-01
9.645818505118429753e-01,-2.570459305157066221e-01,-5.923886619832671729e-02,1.740749390579726708e+01,2.544152408484551819e-01,9.658798074866257188e-01,-4.846733656413680646e-02,4.216781573513918246e+00,6.967595630611225777e-02,3.167944278097868660e-02,9.970665343987408225e-01,1.056080196188254883e+00,0.000000000000000000e+00,0.000000000000000000e+00,0.000000000000000000e+00,1.000000000000000056e-01
9.656494237506954015e-01,-2.525806761802900646e-01,-6.102616185094180551e-02,1.828335150504197415e+01,2.496666716028830835e-01,9.669596356739758036e-01,-5.153266990938967784e-02,4.473335534783257295e+00,7.202599184105709651e-02,3.452629429231346414e-02,9.968049917118957381e-01,1.116000981717425899e+00,0.000000000000000000e+00,0.000000000000000000e+00,0.000000000000000000e+00,1.000000000000000056e-01
9.666801335216046454e-01,-2.487700899576620883e-01,-6.035695317947466915e-02,1.917606819647147631e+01,2.456449610016288587e-01,9.678138827789126708e-01,-5.472514444853747440e-02,4.735679792802019783e+00,7.202827631674113551e-02,3.807532853255211902e-02,9.966755724748035394e-01,1.204754160304227550e+00,0.000000000000000000e+00,0.000000000000000000e+00,0.000000000000000000e+00,1.000000000000000056e-01
9.652127333284239441e-01,-2.547354680337943211e-01,-5.894252069835922286e-02,2.006622509658822295e+01,2.515379001282345151e-01,9.661915185905312065e-01,-5.659182098856187226e-02,5.035092178475801816e+00,7.136570758950752658e-02,3.979686833567240567e-02,9.966559812949110642e-01,1.277936069657151341e+00,0.000000000000000000e+00,0.000000000000000000e+00,0.000000000000000000e+00,1.000000000000000056e-01
9.675029810470308078e-01,-2.462146886518386535e-01,-5.758740102823570878e-02,2.095703089104206640e+01,2.429327197006239114e-01,9.682799278029173839e-01,-5.846088532373693025e-02,5.299678778673599489e+00,7.015465318827246444e-02,4.257121687308429436e-02,9.966273205817599568e-01,1.352301695156802319e+00,0.000000000000000000e+00,0.000000000000000000e+00,0.000000000000000000e+00,1.000000000000000056e-01
9.698553036219433876e-01,-2.376179926561340083e-01,-5.402202886284013933e-02,2.188310777673012453e+01,2.344319295641248690e-01,9.703244703984291730e-01,-5.926291038119244070e-02,5.587501595300700785e+00,6.650083034992332331e-02,4.481195947598695661e-02,9.967795783676014487e-01,1.430433248020818837e+00,0.000000000000000000e+00,0.000000000000000000e+00,0.000000000000000000e+00,1.000000000000000056e-01
9.722585159584054004e-01,-2.277356615589511968e-01,-5.338395452442647876e-02,2.282258503060208810e+01,2.244867916668912278e-01,9.725915876045274633e-01,-6.059112218807788386e-02,5.858158933331144347e+00,6.571954437962100604e-02,4.692624186115529339e-02,9.967341016095131456e-01,1.513498047174520744e+00,0.000000000000000000e+00,0.000000000000000000e+00,0.000000000000000000e+00,1.000000000000000056e-01
9.752938014415801771e-01,-2.145254922767181049e-01,-5.273342424936275363e-02,2.374413062438495103e+01,2.110834936332368350e-01,9.753720572076696183e-01,-6.397740799739960738e-02,6.099242509052102079e+00,6.515949343893634449e-02,5.126561403036368481e-02,9.965571118771221482e-01,1.592221263820961630e+00,0.000000000000000000e+00,0.000000000000000000e+00,0.000000000000000000e+00,1.000000000000000056e-01
9.780110664718696389e-01,-2.011339348815809891e-01,-5.513160706535071010e-02,2.467865121389915828e+01,1.973835715237398092e-01,9.780552336760452992e-01,-6.669097068891090274e-02,6.344154273630339347e+00,6.733557418697032337e-02,5.434243386110357288e-02,9.962493765774523835e-01,1.671362784895205511e+00,0.000000000000000000e+00,0.000000000000000000e+00,0.000000000000000000e+00,1.000000000000000056e-01
9.812787966330093203e-01,-1.836015430594125364e-01,-5.815837570527370576e-02,2.561795987334224023e+01,1.795053300176651379e-01,9.813175938925930986e-01,-6.923594739801570974e-02,6.569823884641298406e+00,6.978366408925663900e-02,5.750002872220467964e-02,9.959036032283563600e-01,1.746925411385785720e+00,0.000000000000000000e+00,0.000000000000000000e+00,0.000000000000000000e+00,1.000000000000000056e-01
9.836058586981539786e-01,-1.685739745843946313e-01,-6.404943268669148482e-02,2.657328039800784580e+01,1.640597415937191939e-01,9.839476220326797140e-01,-7.022448493536231906e-02,6.783687555247779777e+00,7.485930752330825777e-02,5.856528143067971093e-02,9.954728483932026029e-01,1.839258528932357972e+00,0.000000000000000000e+00,0.000000000000000000e+00,0.000000000000000000e+00,1.000000000000000056e-01
9.861278448400130348e-01,-1.543775014601512507e-01,-6.098738126950696559e-02,2.752265663117610472e+01,1.496450697147382047e-01,9.858321217828909244e-01,-7.577189961400236651e-02,6.951550605608719735e+00,7.182079602219927639e-02,6.559431914399528607e-02,9.952583375962109624e-01,1.933569267093395272e+00,0.000000000000000000e+00,0.000000000000000000e+00,0.000000000000000000e+00,1.000000000000000056e-01
9.889895618030879465e-01,-1.371764482063345114e-01,-5.551818352603798967e-02,2.851708693180032483e+01,1.327855485726636697e-01,9.882050969452252920e-01,-7.628030192477414095e-02,7.133528118547090457e+00,6.532721281971851091e-02,6.806840991952686770e-02,9.955395757257641254e-01,2.033844954641249370e+00,0.000000000000000000e+00,0.000000000000000000e+00,0.000000000000000000e+00,1.000000000000000056e-01
9.917261147828543288e-01,-1.164857295629833228e-01,-5.394801262219413307e-02,2.946053562594835640e+01,1.118529814343232204e-01,9.903243902562604006e-01,-8.213715729083304051e-02,7.273650042417640016e+00,6.299383939686364897e-02,7.542331782509711924e-02,9.951598360697122558e-01,2.105581070301574709e+00,0.000000000000000000e+00,0.000000000000000000e+00,0.000000000000000000e+00,1.000000000000000056e-01
9.934956326458389553e-01,-9.926543726860505290e-02,-5.579248047467443017e-02,3.038961299559615270e+01,9.391141738165993680e-02,9.913628438479542559e-01,-9.154429268427591304e-02,7.400404619823579999e+00,6.439777635145450818e-02,8.570930405486529291e-02,9.942368136412063073e-01,2.189422760923582345e+00,0.000000000000000000e+00,0.000000000000000000e+00,0.000000000000000000e+00,1.000000000000000056e-01
9.951597999194283783e-01,-7.885360410157192523e-02,-5.864368460896624002e-02,3.135451241773029452e+01,7.312579807266554599e-02,9.928714612026634523e-01,-9.412161911868975606e-02,7.524569712839717539e+00,6.564746971939655618e-02,8.937768541129557931e-02,9.938319974069864671e-01,2.260584008265503098e+00,0.000000000000000000e+00,0.000000000000000000e+00,0.000000000000000000e+00,1.000000000000000056e-01
9.964793781751744017e-01,-5.648338846170596061e-02,-6.195543317177139991e-02,3.233525792429028911e+01,5.041490885951058210e-02,9.941534981124329207e-01,-9.548381619677850929e-02,7.630682552984993094e+00,6.698646009683636993e-02,9.202417627285214285e-02,9.935010644911247413e-01,2.329691000186933092e+00,0.000000000000000000e+00,0.000000000000000000e+00,0.000000000000000000e+00,1.000000000000000056e-01
9.974739192801738152e-01,-3.111050599581920151e-02,-6.385856851303098325e-02,3.330410203428163385e+01,2.475350880543876475e-02,9.948754920121952727e-01,-9.803070536985566963e-02,7.718881320971570759e+00,6.658110961577945464e-02,9.620234825707987825e-02,9.931324503973048001e-01,2.404853382346442192e+00,0.000000000000000000e+00,0.000000000000000000e+00,0.000000000000000000e+00,1.000000000000000056e-01
9.980116484237571139e-01,-9.558208745210992202e-03,-6.230080461822298799e-02,3.426676333159267784e+01,3.233704093983126408e-03,9.948978017393780293e-01,-1.008360414335360278e-01,7.773160567232733520e+00,6.294674549432702215e-02,1.004340815646571627e-01,9.929505035458394691e-01,2.491774567486725100e+00,0.000000000000000000e+00,0.000000000000000000e+00,0.000000000000000000e+00,1.000000000000000056e-01
9.978570347423795228e-01,1.511111475856165461e-02,-6.366311668383239919e-02,3.526375331801583002e+01,-2.163642320686213344e-02,9.944367174170010149e-01,-1.030896708875975176e-01,7.836316321113036665e+00,6.175114092840097019e-02,1.042461954397051194e-01,9.926326245547179017e-01,2.565862805276937220e+00,0.000000000000000000e+00,0.000000000000000000e+00,0.000000000000000000e+00,1.000000000000000056e-01
9.971353383536816217e-01,4.149284048391524427e-02,-6.324129343131106029e-02,3.624868989269777586e+01,-4.806523135989364259e-02,9.931799406212333814e-01,-1.062230628532389587e-01,7.842960443793353775e+00,5.840248745223717425e-02,1.089584771194037072e-01,9.923291791150815611e-01,2.652066084861744333e+00,0.000000000000000000e+00,0.000000000000000000e+00,0.000000000000000000e+00,1.000000000000000056e-01
9.973681431650125440e-01,3.694311369766536957e-02,-6.238584254377363414e-02,3.724867631542284130e+01,-4.343400575477111836e-02,9.934045179193509156e-01,-1.061176277605026669e-01,7.798395917684792344e+00,5.805406224950719618e-02,1.085480084006310436e-01,9.923946068619009520e-01,2.718879564400823678e+00,0.000000000000000000e+00,0.000000000000000000e+00,0.000000000000000000e+00,1.000000000000000056e-01
9.976999145534618529e-01,3.371664157846353954e-02,-5.880534483092766246e-02,3.822373249001176276e+01,-3.978930633215099072e-02,9.936379425625445627e-01,-1.053586740694838347e-01,7.755217257497144523e+00,5.487888119870098363e-02,1.074561639960356224e-01,9.926940521719851418e-01,2.795536924383467792e+00,0.000000000000000000e+00,0.000000000000000000e+00,0.000000000000000000e+00,1.000000000000000056e-01
9.979095300790031819e-01,2.916617772063609393e-02,-5.767064985476773320e-02,3.922632182087529884e+01,-3.492254458311140619e-02,9.942255613445097895e-01,-1.014689560852730932e-01,7.734901165195230632e+00,5.437817261864862084e-02,1.032708441253520071e-01,9.931657198556007593e-01,2.854592575596290427e+00,0.000000000000000000e+00,0.000000000000000000e+00,0.000000000000000000e+00,1.000000000000000056e-01
9.977757836364442579e-01,2.181566772289383199e-02,-6.298858809724160179e-02,4.022937275901985998e+01,-2.834728037124741723e-02,9.940956428885524554e-01,-1.047391258582459350e-01,7.718780274507454742e+00,6.033172701185976483e-02,1.062917185475890092e-01,9.925029739421270536e-01,2.939876279239947987e+00,0.000000000000000000e+00,0.000000000000000000e+00,0.000000000000000000e+00,1.000000000000000056e-01
9.978604697430610848e-01,1.814496884552666001e-02,-6.281116962573166096e-02,4.124867346581651617e+01,-2.444753315884298089e-02,9.945783940338783768e-01,-1.010749041228270334e-01,7.685431201299444126e+00,6.063663122737642658e-02,1.023942294594098329e-01,9.928940631944622730e-01,3.029187307239785465e+00,0.000000000000000000e+00,0.000000000000000000e+00,0.000000000000000000e+00,1.000000000000000056e-01
9.977362862674024058e-01,1.192057712465790023e-02,-6.618310136543188726e-02,4.226770944684589892e+01,-1.862596573984455842e-02,9.946465700186047920e-01,-1.016428755520176058e-01,7.661690937175270832e+00,6.461715302913063896e-02,1.026455093573989813e-01,9.926170071800956007e-01,3.107508433820007632e+00,0.000000000000000000e+00,0.000000000000000000e+00,0.000000000000000000e+00,1.000000000000000056e-01
9.975726175404692198e-01,1.383524432244311736e-02,-6.824557676505463299e-02,4.326616201005649032e+01,-2.073896871228928657e-02,9.946179731869679852e-01,-1.015134601429709821e-01,7.588040476742127893e+00,6.647381371793967264e-02,1.026823910316962546e-01,9.924905836640499635e-01,3.185226827094699953e+00,0.000000000000000000e+00,0.000000000000000000e+00,0.000000000000000000e+00,1.000000000000000056e-01
9.977956345532441595e-01,8.013231366483658524e-03,-6.587609421904198903e-02,4.426257406947375017e+01,-1.486047599986339840e-02,9.944538578480262014e-01,-1.041186384094375389e-01,7.578125507288638651e+00,6.467640929694827567e-02,1.048680729976713272e-01,9.923807985577959290e-01,3.279087334979447821e+00,0.000000000000000000e+00,0.000000000000000000e+00,0.000000000000000000e+00,1.000000000000000056e-01
9.978835358502168296e-01,4.728734819327641385e-03,-6.485435949940136779e-02,4.524197128855140448e+01,-1.143783768915215132e-02,9.945666353136404236e-01,-1.034716569399596747e-01,7.551544894959508092e+00,6.401269208575534331e-02,1.039944565249156655e-01,9.925157571867671003e-01,3.351722612345892749e+00,0.000000000000000000e+00,0.000000000000000000e+00,0.000000000000000000e+00,1.000000000000000056e-01
9.976559558255705396e-01,-2.567646158723347651e-03,-6.838129129353250069e-02,4.616283406059721273e+01,-4.368760289186521262e-03,9.948672141888824649e-01,-1.010947083955825582e-01,7.554133807110768650e+00,6.828988021151434495e-02,1.011564794032287357e-01,9.925239840605571962e-01,3.437346911253879256e+00,0.000000000000000000e+00,0.000000000000000000e+00,0.000000000000000000e+00,1.000000000000000056e-01
9.972438892818941136e-01,-4.516740001153945853e-03,-7.405554908096605160e-02,4.712456709046892200e+01,-2.967039929561690950e-03,9.949188897637855078e-01,-1.006359750052280844e-01,7.538845874550709425e+00,7.413381120634350563e-02,1.005783368870179773e-01,9.921633818001265315e-01,3.496867678793718071e+00,0.000000000000000000e+00,0.000000000000000000e+00,0.000000000000000000e+00,1.000000000000000056e-01
9.971847872156440751e-01,-8.080779829428121411e-03,-7.454663736909208915e-02,4.807879541507428911e+01,3.060000609992532400e-04,9.946063780352200068e-01,-1.037210640883696605e-01,7.539895408624342821e+00,7.498270807094978285e-02,1.034062559471588399e-01,9.918088221634940860e-01,3.583474840587136168e+00,0.000000000000000000e+00,0.000000000000000000e+00,0.000000000000000000e+00,1.000000000000000056e-01
9.973059467828967462e-01,-8.878125134934890250e-03,-7.281502183999169486e-02,4.905608923868701510e+01,1.266835045665712541e-03,9.945852922730504808e-01,-1.039157905378086527e-01,7.566442728648326010e+00,7.334332717048705486e-02,1.035435912464846148e-01,9.919170736867793936e-01,3.674240203762098478e+00,0.000000000000000000e+00,0.000000000000000000e+00,0.000000000000000000e+00,1.000000000000000056e-01
9.973792641957497374e-01,-7.233077455278215384e-03,-7.198809584140140883e-02,5.005713300860213621e+01,-2.867146703532698349e-04,9.945872334795207159e-01,-1.039045369281392933e-01,7.574191811136293140e+00,7.234999064991405604e-02,1.036528706311562048e-01,9.919786092768725361e-01,3.775479062221327009e+00,0.000000000000000000e+00,0.000000000000000000e+00,0.000000000000000000e+00,1.000000000000000056e-01
9.973040676842883645e-01,-1.107924682991180167e-02,-7.253858883418025372e-02,5.099421094034072155e+01,3.115656872774454772e-03,9.940380319069507253e-01,-1.089893747335362317e-01,7.590720362273185806e+00,7.331363626654664734e-02,1.084695414032803007e-01,9.913926917852171616e-01,3.857605051455440304e+00,0.000000000000000000e+00,0.000000000000000000e+00,0.000000000000000000e+00,1.000000000000000056e-01
9.972472746649464481e-01,-1.110663673509732982e-02,-7.331108915963152617e-02,5.193261961093001133e+01,3.080776655552459019e-03,9.940704701371668728e-01,-1.086941084717599204e-01,7.597172486824135262e+00,7.408361484522377194e-02,1.081690483535225344e-01,9.913682842363668035e-01,3.937251097473255079e+00,0.000000000000000000e+00,0.000000000000000000e+00,0.000000000000000000e+00,1.000000000000000056e-01
9.972903337594002382e-01,-1.346847197613126705e-02,-7.232282110573577671e-02,5.291549699442220600e+01,5.421782494061494831e-03,9.938808537517166419e-01,-1.103243074772999738e-01,7.601359854978576358e+00,7.336616702984545546e-02,1.096332468204189586e-01,9.912607914807091136e-01,4.035447595865829129e+00,0.000000000000000000e+00,0.000000000000000000e+00,0.000000000000000000e+00,1.000000000000000056e-01
9.970736480005791824e-01,-2.476174114771246410e-02,-7.232562919291267434e-02,5.388381718004295351e+01,1.652103596401426761e-02,9.935266897698288302e-01,-1.123911566168885739e-01,7.617938838055658302e+00,7.464044368499402060e-02,1.108673662099894514e-01,9.910283705707759738e-01,4.115641475943787597e+00,0.000000000000000000e+00,0.000000000000000000e+00,0.000000000000000000e+00,1.000000000000000056e-01
9.972579838431607779e-01,-2.798197165208456821e-02,-6.850929078260879768e-02,5.480297652104680850e+01,2.007582344795418722e-02,9.933369043181938807e-01,-1.134846061474151652e-01,7.630479391527230426e+00,7.122832985519654547e-02,1.117980490975102187e-01,9.911749195999816076e-01,4.198826332892950930e+00,0.000000000000000000e+00,0.000000000000000000e+00,0.000000000000000000e+00,1.000000000000000056e-01
9.973964462711055745e-01,-3.233401524753246048e-02,-6.445805165952457616e-02,5.572503052381814825e+01,2.484852479685508916e-02,9.932016969199906065e-01,-1.137230849505550256e-01,7.670158803269990777e+00,6.769697025118388833e-02,1.118253132936519734e-01,9.914192955180904931e-01,4.291265399371123834e+00,0.000000000000000000e+00,0.000000000000000000e+00,0.000000000000000000e+00,1.000000000000000056e-01
9.975064842017792310e-01,-3.578856541613073539e-02,-6.082756415360448393e-02,5.663794109423626821e+01,2.917590356909288696e-02,9.939037433898312290e-01,-1.063208141739303003e-01,7.704858356129102859e+00,6.426181312671259971e-02,1.042810023980195455e-01,9.924695924372352041e-01,4.382190492569204565e+00,0.000000000000000000e+00,0.000000000000000000e+00,0.000000000000000000e+00,1.000000000000000056e-01
9.970688263930945761e-01,-4.229604480947835032e-02,-6.375578427540296023e-02,5.749857743256455223e+01,3.546940340481044562e-02,9.938770771032937601e-01,-1.046435713778934296e-01,7.743582057131045637e+00,6.779142170808885592e-02,1.020754632714838683e-01,9.924640663221555581e-01,4.474160947452049619e+00,0.000000000000000000e+00,0.000000000000000000e+00,0.000000000000000000e+00,1.000000000000000056e-01
9.964768461087414320e-01,-4.632521979879666157e-02,-6.991329758900591274e-02,5.841115018385220736e+01,3.897568368149189472e-02,9.939118883386443004e-01,-1.030536476825080899e-01,7.804092455646411963e+00,7.426164050663039418e-02,9.996565525070795488e-02,9.922157409150292873e-01,4.550479720273670203e+00,0.000000000000000000e+00,0.000000000000000000e+00,0.000000000000000000e+00,1.000000000000000056e-01
9.956934772599747019e-01,-5.319658744486156776e-02,-7.592511064306309287e-02,5.938381898567774897e+01,4.536717024198451409e-02,9.938148643509268076e-01,-1.013599292589720674e-01,7.848063724184703105e+00,8.084750587479475059e-02,9.747891299850559854e-02,9.919483566771279959e-01,4.638090439036668400e+00,0.000000000000000000e+00,0.000000000000000000e+00,0.000000000000000000e+00,1.000000000000000056e-01
9.956376870317823480e-01,-5.556207289800139254e-02,-7.495633540455329258e-02,6.029893926321643960e+01,4.808387233670245037e-02,9.940116001796699408e-01,-9.812685631038875478e-02,7.931998172418390780e+00,7.995959844265360106e-02,9.409460539015593317e-02,9.923470501056373960e-01,4.729156640711209114e+00,0.000000000000000000e+00,0.000000000000000000e+00,0.000000000000000000e+00,1.000000000000000056e-01
9.954148054786272626e-01,-6.352112639089579904e-02,-7.151525386921636640e-02,6.123941213525038307e+01,5.645320070174224963e-02,9.936965292008453909e-01,-9.685165969007579478e-02,8.009670085659264416e+00,7.721658607109896377e-02,9.237031101076408068e-02,9.927262082161925072e-01,4.823116917280992233e+00,0.000000000000000000e+00,0.000000000000000000e+00,0.000000000000000000e+00,1.000000000000000056e-01
9.948907025158816309e-01,-7.199953354632759872e-02,-7.077116091012473909e-02,6.213045679095235840e+01,6.487788575204067598e-02,9.930458740058608624e-01,-9.823824133340886000e-02,8.089921165849959905e+00,7.735211689282124603e-02,9.314482964205350601e-02,9.926432847318074071e-01,4.918167640042001132e+00,0.000000000000000000e+00,0.000000000000000000e+00,0.000000000000000000e+00,1.000000000000000056e-01
9.943732331537074032e-01,-8.004508315931030404e-02,-6.938773558390334828e-02,6.295825113176946530e+01,7.314267416669742450e-02,9.926051951007944796e-01,-9.687660127532425614e-02,8.159122748583136797e+00,7.662912242213740233e-02,9.125629469210834455e-02,9.928747485337111600e-01,4.998522696592752723e+00,0.000000000000000000e+00,0.000000000000000000e+00,0.000000000000000000e+00,1.000000000000000056e-01
9.936768509225220036e-01,-8.845819750730270215e-02,-6.914812531413211394e-02,6.378441047966634869e+01,8.157612140180468818e-02,9.919643108336633208e-01,-9.670647573628859961e-02,8.219507393551658936e+00,7.714695300358864749e-02,9.045415040811768947e-02,9.929080492755649745e-01,5.072376004400612537e+00,0.000000000000000000e+00,0.000000000000000000e+00,0.000000000000000000e+00,1.000000000000000056e-01
9.930640018093997989e-01,-9.539707438342712176e-02,-6.872617048390876338e-02,6.459133022681820080e+01,8.868799098428467587e-02,9.915357810785273562e-01,-9.482212345315944868e-02,8.290799127290133796e+00,7.719021029555407643e-02,8.806925138819814147e-02,9.931190655678957535e-01,5.149098273318680086e+00,0.000000000000000000e+00,0.000000000000000000e+00,0.000000000000000000e+00,1.000000000000000056e-01
9.922716207155766188e-01,-1.019801720525086164e-01,-7.068999385078221509e-02,6.538888415115451380e+01,9.496232415269739713e-02,9.908031996503263716e-01,-9.639074931856068951e-02,8.371054251627262133e+00,7.986981729039395461e-02,8.893291893790690461e-02,9.928301708828064509e-01,5.234772191360722360e+00,0.000000000000000000e+00,0.000000000000000000e+00,0.000000000000000000e+00,1.000000000000000056e-01
9.915034762813031977e-01,-1.099185040415280035e-01,-6.956133258760732740e-02,6.614449301013603133e+01,1.030631296953923304e-01,9.900826514423511915e-01,-9.546902434965201523e-02,8.447576497619463609e+00,7.936528094501946184e-02,8.748866087760345800e-02,9.929989357488565593e-01,5.314627608599804098e+00,0.000000000000000000e+00,0.000000000000000000e+00,0.000000000000000000e+00,1.000000000000000056e-01
9.908158655289480699e-01,-1.177677746251023644e-01,-6.644299719287667660e-02,6.693291725834343708e+01,1.111698489119361949e-01,9.891997459488838240e-01,-9.552553222861957793e-02,8.539166118557064422e+00,7.697522529371901567e-02,8.726175493602482403e-02,9.932070281751264051e-01,5.399845384343183063e+00,0.000000000000000000e+00,0.000000000000000000e+00,0.000000000000000000e+00,1.000000000000000056e-01
9.881521658959179222e-01,-1.389724862737108380e-01,-6.513021644451565118e-02,6.774306483346761354e+01,1.327817396748248724e-01,9.869296752699148190e-01,-9.131717078702902834e-02,8.669819168394191422e+00,7.696951762959959586e-02,8.158715665178950527e-02,9.936897046992804183e-01,5.482731787062597562e+00,0.000000000000000000e+00,0.000000000000000000e+00,0.000000000000000000e+00,1.000000000000000056e-01
9.872658609933356866e-01,-1.460950785372630012e-01,-6.294718217901910939e-02,6.847876814989965055e+01,1.401568176382020914e-01,9.860102051644545895e-01,-9.022162590577725849e-02,8.763699721795463304e+00,7.524749953732302876e-02,8.025025444658234752e-02,9.939304354302866962e-01,5.565042051738294582e+00,0.000000000000000000e+00,0.000000000000000000e+00,0.000000000000000000e+00,1.000000000000000056e-01
9.866422181821313808e-01,-1.488586174648848792e-01,-6.616831044455206978e-02,6.915359719558784946e+01,1.429379672753453012e-01,9.859287954825497469e-01,-8.667841570726175782e-02,8.876331052933567278e+00,7.814007174194217975e-02,7.606262054893736524e-02,9.940365219363886951e-01,5.635008244759932339e+00,0.000000000000000000e+00,0.000000000000000000e+00,0.000000000000000000e+00,1.000000000000000056e-01
9.855014678027779196e-01,-1.545627635386006560e-01,-6.998006205970969118e-02,6.981888680857322527e+01,1.482432577576460742e-01,9.850316825851361813e-01,-8.795749446690531714e-02,9.001473688123542871e+00,8.252753169682414125e-02,7.630816752357630350e-02,9.936630566148786370e-01,5.702691487910297674e+00,0.000000000000000000e+00,0.000000000000000000e+00,0.000000000000000000e+00,1.000000000000000056e-01
9.841459346427142707e-01,-1.604284147421316253e-01,-7.562739628960485350e-02,7.053956479191435847e+01,1.534492789826438497e-01,9.840021947244573797e-01,-9.051518964879770590e-02,9.126613508388306428e+00,8.893873231570748050e-02,7.747518648430401500e-02,9.930193841880918804e-01,5.778555251371745527e+00,0.000000000000000000e+00,0.000000000000000000e+00,0.000000000000000000e+00,1.000000000000000056e-01
9.826734648214590084e-01,-1.682399663792472355e-01,-7.777001509899955645e-02,7.125546005763305857e+01,1.611268765899095678e-01,9.828063175935397577e-01,-9.016580138060245608e-02,9.254089836474308939e+00,9.160235355147217096e-02,7.607270082582820447e-02,9.928856696583424624e-01,5.852658452907330222e+00,0.000000000000000000e+00,0.000000000000000000e+00,0.000000000000000000e+00,1.000000000000000056e-01
9.822504795390146759e-01,-1.720113203005052549e-01,-7.480709280444393372e-02,7.192293030539025267e+01,1.652256037010996215e-01,9.822276403240435272e-01,-8.904696774774911727e-02,9.365293396924332825e+00,8.879468073585751464e-02,7.510637970198330571e-02,9.932142449648406757e-01,5.939129035027199244e+00,0.000000000000000000e+00,0.000000000000000000e+00,0.000000000000000000e+00,1.000000000000000056e-01
9.808881012736858640e-01,-1.808313252344820043e-01,-7.182314803490795485e-02,7.248831450232229656e+01,1.741452742588339986e-01,9.805550039596268030e-01,-9.047269015040811102e-02,9.482636140256799351e+00,8.678684366318899224e-02,7.623592344608444427e-02,9.933056567559171990e-01,6.000372422131409422e+00,0.000000000000000000e+00,0.000000000000000000e+00,0.000000000000000000e+00,1.000000000000000056e-01
9.807058168848029611e-01,-1.804204395889344170e-01,-7.526330916752869971e-02,7.301537169295880858e+01,1.732434917666537399e-01,9.804804152632667913e-01,-9.297767390975804347e-02,9.566216514869575249e+00,9.056927342542132886e-02,7.814486716162220847e-02,9.928195135307744668e-01,6.061460109205724756e+00,0.000000000000000000e+00,0.000000000000000000e+00,0.000000000000000000e+00,1.000000000000000056e-01
9.797060848253249521e-01,-1.854937223703514715e-01,-7.594778678423873275e-02,7.363408983679262576e+01,1.775353111355994218e-01,9.789395942114679228e-01,-1.007893059062932029e-01,9.673249291846001796e+00,9.304407910350413757e-02,8.526048232491650891e-02,9.920047628401305051e-01,6.139052871455797700e+00,0.000000000000000000e+00,0.000000000000000000e+00,0.000000000000000000e+00,1.000000000000000056e-01
9.789872987191413634e-01,-1.867049876801629427e-01,-8.200680777806747257e-02,7.421590564150670843e+01,1.777656747415006511e-01,9.784114918651724002e-01,-1.054054907007540426e-01,9.776682969035901394e+00,9.991613398394523504e-02,8.861264109323206684e-02,9.910421615694179343e-01,6.208119198099755209e+00,0.000000000000000000e+00,0.000000000000000000e+00,0.000000000000000000e+00,1.000000000000000056e-01
9.794546018248253549e-01,-1.843420247745087004e-01,-8.177224997642648652e-02,7.478689130533700791e+01,1.757800075844542509e-01,9.791457085672503613e-01,-1.018580891630434110e-01,9.866939326312889946e+00,9.884367404028429616e-02,8.539144744277211985e-02,9.914324126262195058e-01,6.282951371512067951e+00,0.000000000000000000e+00,0.000000000000000000e+00,0.000000000000000000e+00,1.000000000000000056e-01
9.794822898256403398e-01,-1.854618653848876808e-01,-7.885645443385173869e-02,7.535388251404597781e+01,1.771248848665207265e-01,9.788753223930661829e-01,-1.021267759742391645e-01,9.994654323931223772e+00,9.613125963463768631e-02,8.606392797117992655e-02,9.916409537848007716e-01,6.337638235839245127e+00,0.000000000000000000e+00,0.000000000000000000e+00,0.000000000000000000e+00,1.000000000000000056e-01
9.798323075236363700e-01,-1.843031282570231633e-01,-7.720755175228247169e-02,7.593190064744378276e+01,1.758666714111942198e-01,9.788325244693204530e-01,-1.046795248736073908e-01,1.008056643278717956e+01,9.486602668844706931e-02,8.899014527290317889e-02,9.915045088271936535e-01,6.402207512643648180e+00,0.000000000000000000e+00,0.000000000000000000e+00,0.000000000000000000e+00,1.000000000000000056e-01
9.803137819995980662e-01,-1.836059775949183404e-01,-7.262047791813802666e-02,7.651929315847574742e+01,1.751837188531561174e-01,9.784776680182342146e-01,-1.090509873333414259e-01,1.017373649798511792e+01,9.107992902073858144e-02,9.418226043694527538e-02,9.913799212958493978e-01,6.475067329273183070e+00,0.000000000000000000e+00,0.000000000000000000e+00,0.000000000000000000e+00,1.000000000000000056e-01
9.815956439089832397e-01,-1.779894564520207723e-01,-6.920798545560233328e-02,7.708556129831261217e+01,1.698282813028930971e-01,9.793250553430808969e-01,-1.099126509869400165e-01,1.024885390059922941e+01,8.734040719285701693e-02,9.613630619690814727e-02,9.915288517749749619e-01,6.556364606606260637e+00,0.000000000000000000e+00,0.000000000000000000e+00,0.000000000000000000e+00,1.000000000000000056e-01
9.831838564045658480e-01,-1.697545081917487264e-01,-6.732689992880697138e-02,7.758033252171453853e+01,1.620632640893827914e-01,9.809864499420684059e-01,-1.067758561789729638e-01,1.036180578836476585e+01,8.417245949917970260e-02,9.406908088546024616e-02,9.920010106261100136e-01,6.622254444694259945e+00,0.000000000000000000e+00,0.000000000000000000e+00,0.000000000000000000e+00,1.000000000000000056e-01
9.853131385430232703e-01,-1.565368454620083283e-01,-6.822195414454423901e-02,7.807773753695785501e+01,1.489458571073039861e-01,9.832624076105906941e-01,-1.049293544743089418e-01,1.043982683660169819e+01,8.350539302983706058e-02,9.322689414878045089e-02,9.921368834703729878e-01,6.675292753941787005e+00,0.000000000000000000e+00,0.000000000000000000e+00,0.000000000000000000e+00,1.000000000000000056e-01
9.881204591244494573e-01,-1.381483524439207633e-01,-6.732749049769708172e-02,7.853991591793106863e+01,1.314539736207273046e-01,9.867229773680628035e-01,-9.538143820066072309e-02,1.052190324187623460e+01,7.961037042376055417e-02,8.539788434695314012e-02,9.931613113034840623e-01,6.726364343564720016e+00,0.000000000000000000e+00,0.000000000000000000e+00,0.000000000000000000e+00,1.000000000000000056e-01
9.911090988321701323e-01,-1.160146916297177810e-01,-6.514096666572435912e-02,7.901444555666630265e+01,1.093585030318124096e-01,9.891763646993323444e-01,-9.783065641635260712e-02,1.056674002625125119e+01,7.578569803547763328e-02,8.983713511836208254e-02,9.930688884095607571e-01,6.782792463140288497e+00,0.000000000000000000e+00,0.000000000000000000e+00,0.000000000000000000e+00,1.000000000000000056e-01
9.934004640724617419e-01,-9.467312022958822293e-02,-6.474965858297387911e-02,7.956439000996270750e+01,8.808739464932992258e-02,9.912855265620381662e-01,-9.794700471436523781e-02,1.067597228504771500e+01,7.345834795658659488e-02,9.159697120875023857e-02,9.930830106193905271e-01,6.849881601438198686e+00,0.000000000000000000e+00,0.000000000000000000e+00,0.000000000000000000e+00,1.000000000000000056e-01
9.957671501197057351e-01,-6.674880229400226295e-02,-6.318528416328914044e-02,8.005356637809539677e+01,6.046932502818688770e-02,9.934891213958648715e-01,-9.655478444234588675e-02,1.075517575540918536e+01,6.921880866581633929e-02,9.232531104950897349e-02,9.933200861084490185e-01,6.898834212063221116e+00,0.000000000000000000e+00,0.000000000000000000e+00,0.000000000000000000e+00,1.000000000000000056e-01
9.972856963197719304e-01,-3.608707335660088500e-02,-6.417914811325414748e-02,8.052202022619840704e+01,2.964640002805468688e-02,9.946835530777704548e-01,-9.861906611785921373e-02,1.076130375290354024e+01,6.739681655215079559e-02,9.644870332532955171e-02,9.930535316615606289e-01,6.931255379820620455e+00,0.000000000000000000e+00,0.000000000000000000e+00,0.000000000000000000e+00,1.000000000000000056e-01
