1.000000000000000000e+00,-2.310195850949964042e-12,1.011235244228993435e-12,1.558908052908604114e-19,2.310195850950271811e-12,1.000000000000000000e+00,-3.040139017326399192e-13,5.296772403043712832e-19,-1.011235244228291059e-12,3.040139017349760582e-13,1.000000000000000000e+00,-3.213519085051073019e-19,0.000000000000000000e+00,0.000000000000000000e+00,0.000000000000000000e+00,1.000000000000000056e-01
9.999970937308408914e-01,-2.268689565992985935e-03,-8.158293479939790222e-04,6.462950711716475283e-01,2.267499246423979389e-03,9.999963677821336328e-01,-1.457007106060376591e-03,1.709488071792715502e-02,8.191318815431421554e-04,1.455152979173772584e-03,9.999986057754119972e-01,6.593406935842795191e-03,0.000000000000000000e+00,0.000000000000000000e+00,0.000000000000000000e+00,1.000000000000000056e-01
9.999758018288433803e-01,-6.900028387069078936e-03,-8.862082257998498292e-04,1.299010265626835636e+00,6.899359882230293034e-03,9.999759139647651507e-01,-7.551976880286733005e-04,1.889752585011010219e-02,8.913977660425446547e-04,7.490651441453752540e-04,9.999993221554864808e-01,1.042838559831707652e-02,0.000000000000000000e+00,0.000000000000000000e+00,0.000000000000000000e+00,1.000000000000000056e-01
9.999237100773701314e-01,-1.194298200579374004e-02,-3.152650617598678692e-03,2.001015456897551115e+00,1.194253044144207888e-02,9.999286723141984634e-01,-1.620204294595836421e-04,2.352318039476385819e-02,3.154360753399591127e-03,1.243574429616523458e-04,9.999950172593180531e-01,1.658896915017192206e-02,0.000000000000000000e+00,0.000000000000000000e+00,0.000000000000000000e+00,1.000000000000000056e-01
9.998454951568207516e-01,-1.708016793690076210e-02,-4.153754670071650029e-03,2.705494485313194364e+00,1.707668367729204759e-02,9.998538018176866826e-01,-8.728489581824282195e-04,3.302860936715320411e-02,4.168055805478415241e-03,8.017817442171370265e-04,9.999909921878481489e-01,1.897903653961093701e-02,0.000000000000000000e+00,0.000000000000000000e+00,0.000000000000000000e+00,1.000000000000000056e-01
9.997466737699972628e-01,-2.214032938712681003e-02,-4.048962886486069147e-03,3.417110504711311059e+00,2.213915694838781978e-02,9.997548429816028870e-01,-3.341623035869187774e-04,3.938608981635713380e-02,4.055368718287392406e-03,2.444370266882296607e-04,9.999917470834940314e-01,3.632768407030632224e-02,0.000000000000000000e+00,0.000000000000000000e+00,0.000000000000000000e+00,1.000000000000000056e-01
9.996150684562576938e-01,-2.739936717622126414e-02,-4.357705076518616008e-03,4.159163971556199435e+00,2.740542579620022443e-02,9.996235070210118812e-01,1.336730317585497129e-03,6.780031397717256603e-02,4.319438866365694560e-03,-1.455640531037037709e-03,9.999896117253039840e-01,4.716126081111519930e-02,0.000000000000000000e+00,0.000000000000000000e+00,0.000000000000000000e+00,1.000000000000000056e-01
9.994660009634269704e-01,-3.233502420936029687e-02,-4.707348250887657092e-03,4.927043064621788204e+00,3.235104931617746593e-02,9.994708901740694262e-01,3.368872629742183933e-03,1.001426337837278829e-01,4.595924968633069950e-03,-3.519361310416452455e-03,9.999832456444704976e-01,5.710451328730824921e-02,0.000000000000000000e+00,0.000000000000000000e+00,0.000000000000000000e+00,1.000000000000000056e-01
9.993091556370433670e-01,-3.689786854710901814e-02,-4.445082300667663015e-03,5.697601335152544522e+00,3.691521143141517775e-02,9.993108501761954754e-01,3.884827551297145506e-03,1.416539183295225657e-01,4.298677116667411723e-03,-4.046234893041461209e-03,9.999825745272948874e-01,6.515040102585160919e-02,0.000000000000000000e+00,0.000000000000000000e+00,0.000000000000000000e+00,1.000000000000000056e-01
9.991987034548086566e-01,-3.997755249131507843e-02,-1.935538951690735435e-03,6.491115147557713350e+00,3.998563466878735789e-02,9.991908533499068712e-01,4.334466751411918291e-03,1.839113344760263391e-01,1.760691444755420419e-03,-4.408387311588278339e-03,9.999887329800007940e-01,7.638698739985989861e-02,0.000000000000000000e+00,0.000000000000000000e+00,0.000000000000000000e+00,1.000000000000000056e-01
9.990583166514280800e-01,-4.338684986636569263e-02,-2.473626657375763887e-04,7.288507920284869712e+00,4.338730704963229823e-02,9.990556451100156554e-01,2.315072523999117150e-03,2.204020216497497853e-01,1.466853635660895832e-04,-2.323624858683502603e-03,9.999972896217870222e-01,8.316812971940125421e-02,0.000000000000000000e+00,0.000000000000000000e+00,0.000000000000000000e+00,1.000000000000000056e-01
9.989360323373935868e-01,-4.611455982267853582e-02,5.006699374824099798e-04,8.096945674738995180e+00,4.611305221271705390e-02,9.989326004213372467e-01,2.691882443998309515e-03,2.713252471461994886e-01,-6.242704966014702437e-04,-2.665930949157893724e-03,9.999962515422352594e-01,9.755155077447916212e-02,0.000000000000000000e+00,0.000000000000000000e+00,0.000000000000000000e+00,1.000000000000000056e-01
9.988138895795651839e-01,-4.869072223081637868e-02,-1.659866912353375162e-04,8.927474393474687631e+00,4.869093947464251532e-02,9.988123378392904650e-01,1.762439527426023621e-03,3.060684416374007122e-01,7.997510164446411884e-05,-1.768431127473693489e-03,9.999984331264376580e-01,1.009420048304557060e-01,0.000000000000000000e+00,0.000000000000000000e+00,0.000000000000000000e+00,1.000000000000000056e-01
9.987064412468520391e-01,-5.083782952190418758e-02,-9.794394059077966581e-04,9.700699163683045967e+00,5.083989067254951477e-02,9.987043735484716356e-01,2.209020497423858521e-03,3.769951151510925191e-01,8.658686108474072680e-04,-2.255957591940271813e-03,9.999970804591842288e-01,1.185039989392092652e-01,0.000000000000000000e+00,0.000000000000000000e+00,0.000000000000000000e+00,1.000000000000000056e-01
9.985754828675401651e-01,-5.334398127991741428e-02,-1.193598369104070800e-03,1.050316563630817690e+01,5.334436100237369832e-02,9.985761342419490205e-01,2.885682820829798103e-04,4.395684050920184438e-01,1.176505464220025700e-03,-3.518289539146001897e-04,9.999992460253557258e-01,1.270099017993386037e-01,0.000000000000000000e+00,0.000000000000000000e+00,0.000000000000000000e+00,1.000000000000000056e-01
9.984413136475752681e-01,-5.580172283746982764e-02,-1.054006676662536677e-03,1.131009841317519715e+01,5.580155055802506203e-02,9.984418611124331600e-01,-1.921813228519471980e-04,4.969463612947059850e-01,1.063088436784196495e-03,1.330665655905464463e-04,9.999994260679676561e-01,1.502715607518179952e-01,0.000000000000000000e+00,0.000000000000000000e+00,0.000000000000000000e+00,1.000000000000000056e-01
9.982841305033824941e-01,-5.851981722797899160e-02,-2.055669406654978774e-03,1.216417217701295606e+01,5.852038723444578233e-02,9.982861897633595882e-01,2.181872684160642267e-04,5.463755363086131300e-01,2.039378100313524959e-03,-3.381114572410915493e-04,9.999978633065205180e-01,1.548356476076098165e-01,0.000000000000000000e+00,0.000000000000000000e+00,0.000000000000000000e+00,1.000000000000000056e-01
9.981959606853215705e-01,-5.992729699315989950e-02,-3.680101439039240585e-03,1.304149394358347180e+01,5.994017221231234122e-02,9.981958564254734823e-01,3.493990580091426053e-03,6.076185761569827815e-01,3.464076596489950276e-03,-3.708273197734615785e-03,9.999871243587212799e-01,1.696317419231990475e-01,0.000000000000000000e+00,0.000000000000000000e+00,0.000000000000000000e+00,1.000000000000000056e-01
9.983647410618622375e-01,-5.701520202044223912e-02,-4.136489217798616086e-03,1.392819820415808429e+01,5.704444952431444310e-02,9.983446912920675986e-01,7.335403698098693324e-03,6.697959746028875339e-01,3.711412527427529473e-03,-7.559372164029112308e-03,9.999645400260636086e-01,1.874653431622221589e-01,0.000000000000000000e+00,0.000000000000000000e+00,0.000000000000000000e+00,1.000000000000000056e-01
9.975261311599366021e-01,-7.016077221682877341e-02,-4.368488872287541042e-03,1.488592458535772778e+01,7.018230804419582636e-02,9.975217074712723342e-01,4.988663266553221287e-03,7.614730301429727399e-01,4.007654011842418790e-03,-5.282912599667052844e-03,9.999780145302124001e-01,1.914563717903421669e-01,0.000000000000000000e+00,0.000000000000000000e+00,0.000000000000000000e+00,1.000000000000000056e-01
9.972713367728338607e-01,-7.375369678176438293e-02,-3.205161828747761163e-03,1.582625439692527713e+01,7.375707371952078262e-02,9.972757867123538400e-01,9.483214585941235212e-04,8.420792016009778225e-01,3.126488070996039093e-03,-1.182137165988467967e-03,9.999944137964285051e-01,1.889373679188191268e-01,0.000000000000000000e+00,0.000000000000000000e+00,0.000000000000000000e+00,1.000000000000000056e-01
9.970661273667741353e-01,-7.653177516398083913e-02,-1.423041838288165769e-03,1.673082712579834919e+01,7.653481779978636712e-02,9.970644310095615470e-01,2.223078930826986096e-03,9.262473595085644051e-01,1.248728223889756725e-03,-2.325468948205189953e-03,9.999965164299292608e-01,2.046578482780536945e-01,0.000000000000000000e+00,0.000000000000000000e+00,0.000000000000000000e+00,1.000000000000000056e-01
9.970226216326733004e-01,-7.710181071927428575e-02,-1.096693448717415585e-03,1.760294846891229881e+01,7.710364270592785785e-02,9.970215652215161928e-01,1.739759958860806737e-03,1.001953919469708465e+00,9.592883757633620303e-04,-1.819139095022792585e-03,9.999978852471465007e-01,2.211629498821056361e-01,0.000000000000000000e+00,0.000000000000000000e+00,0.000000000000000000e+00,1.000000000000000056e-01
9.969678602271708767e-01,-7.779210537446261398e-02,-1.863871096623965357e-03,1.850190130151123569e+01,7.779377037043531951e-02,9.969691204122660411e-01,8.379951936109016324e-04,1.075459371890259863e+00,1.793032517358367911e-03,-9.804518351457704867e-04,9.999979118721151750e-01,2.239798779773488346e-01,0.000000000000000000e+00,0.000000000000000000e+00,0.000000000000000000e+00,1.000000000000000056e-01
9.967992988579698066e-01,-7.994376254523370695e-02,-3.906742519756464371e-04,1.941982572756105441e+01,7.994376731967799132e-02,9.967993750274652953e-01,-3.404660907142051187e-06,1.151494483899508259e+00,3.896960316117544778e-04,-2.783820789264199164e-05,9.999999236810156455e-01,2.339532638991285163e-01,0.000000000000000000e+00,0.000000000000000000e+00,0.000000000000000000e+00,1.000000000000000056e-01
9.966338417630322688e-01,-8.197446045880403542e-02,1.083182877972777621e-03,2.034520107060124872e+01,8.197689248456997702e-02,9.966312604791861540e-01,-2.433050398557506412e-03,1.215030211502416968e+00,-8.800859233126520978e-04,2.513656332246145923e-03,9.999964534840165564e-01,2.499509797695798619e-01,0.000000000000000000e+00,0.000000000000000000e+00,0.000000000000000000e+00,1.000000000000000056e-01
9.966581290090071876e-01,-8.158302752131724178e-02,4.096767106040221165e-03,2.127856236233830600e+01,8.158999688856219401e-02,9.966647518172209175e-01,-1.563615311329049100e-03,1.304706731144817500e+00,-3.955538900017620957e-03,1.892645126114031852e-03,9.999903857570017207e-01,2.522502656207571414e-01,0.000000000000000000e+00,0.000000000000000000e+00,0.000000000000000000e+00,1.000000000000000056e-01
9.967767560962716988e-01,-7.987639583952728384e-02,7.473947677159704060e-03,2.224172045306537981e+01,7.989097896207768279e-02,9.968022034222061567e-01,-1.672941456138515252e-03,1.394925970806631499e+00,-7.316418978888196943e-03,2.264650154428357685e-03,9.999706702563847527e-01,2.638975107731487690e-01,0.000000000000000000e+00,0.000000000000000000e+00,0.000000000000000000e+00,1.000000000000000056e-01
9.969356254928076755e-01,-7.760412009234088360e-02,9.846784650732194610e-03,2.321433433407375446e+01,7.761602397439029688e-02,9.969829790877923203e-01,-8.320045898555075486e-04,1.472168099345224856e+00,-9.752509711414406035e-03,1.593723289722375445e-03,9.999511731081696109e-01,2.665790666360632888e-01,0.000000000000000000e+00,0.000000000000000000e+00,0.000000000000000000e+00,1.000000000000000056e-01
9.970893769482307434e-01,-7.551850731507567249e-02,1.047518161617774259e-02,2.413411124618353654e+01,7.554167958958235563e-02,9.971409588437364357e-01,-1.833805054759001787e-03,1.557874872106799202e+00,-1.030674642037551249e-02,2.619780352786151359e-03,9.999434522657414393e-01,2.640098495445966642e-01,0.000000000000000000e+00,0.000000000000000000e+00,0.000000000000000000e+00,1.000000000000000056e-01
9.971719123573038468e-01,-7.469264089604459034e-02,8.317848378767494014e-03,2.507447341171135946e+01,7.471372232191204887e-02,9.972024791677729372e-01,-2.252828988515498312e-03,1.634231810564040765e+00,-8.126309278009198958e-03,2.867915204778970651e-03,9.999628683905699145e-01,2.709142781809584233e-01,0.000000000000000000e+00,0.000000000000000000e+00,0.000000000000000000e+00,1.000000000000000056e-01
9.973917854199336741e-01,-7.199644143417678610e-02,5.112611627346706246e-03,2.600539529382434267e+01,7.201700818930077685e-02,9.973955456244649742e-01,-3.959305486812201430e-03,1.708964495981035947e+00,-4.814240158022163076e-03,4.317173761949903016e-03,9.999790923326397074e-01,2.720794787592335506e-01,0.000000000000000000e+00,0.000000000000000000e+00,0.000000000000000000e+00,1.000000000000000056e-01
9.974596747825604792e-01,-7.116776030293402167e-02,3.057298829486676355e-03,2.695856961131335794e+01,7.118009431542808574e-02,9.974549093760508578e-01,-4.134964916540586136e-03,1.779886837757061802e+00,-2.755241534859736649e-03,4.342079579923179347e-03,9.999867774070846371e-01,2.794381887501367068e-01,0.000000000000000000e+00,0.000000000000000000e+00,0.000000000000000000e+00,1.000000000000000056e-01
9.973743921325217698e-01,-7.226655350444873005e-02,4.676233834120819416e-03,2.792721424813004205e+01,7.229232892708921387e-02,9.973677656033540506e-01,-5.599938720254597768e-03,1.850865957571254716e+00,-4.259236619426974568e-03,5.923291311569546871e-03,9.999733864075873724e-01,2.870027369859133870e-01,0.000000000000000000e+00,0.000000000000000000e+00,0.000000000000000000e+00,1.000000000000000056e-01
9.975179738541959384e-01,-6.995472707827789238e-02,8.014237157918891949e-03,2.892184856307147811e+01,7.003027661373027735e-02,9.974989655243948761e-01,-9.569437557477526030e-03,1.920599009408519464e+00,-7.324765881865298242e-03,1.010692520827632251e-02,9.999220958992806052e-01,2.923488367662720466e-01,0.000000000000000000e+00,0.000000000000000000e+00,0.000000000000000000e+00,1.000000000000000056e-01
9.973698981611226477e-01,-7.142739099283923476e-02,1.230504197587247925e-02,2.986644332759949449e+01,7.157454551442302138e-02,9.973634905424101360e-01,-1.196462149269833519e-02,1.974419579471064612e+00,-1.141799791888676099e-02,1.281388110666788899e-02,9.998527060394988286e-01,2.980450061738696976e-01,0.000000000000000000e+00,0.000000000000000000e+00,0.000000000000000000e+00,1.000000000000000056e-01
9.974071485306962304e-01,-7.090143413439431441e-02,1.232747733933894398e-02,3.077253849798911745e+01,7.113640994567235754e-02,9.972700550736839364e-01,-1.980021296281046436e-02,2.020629708885653297e+00,-1.088996050989245352e-02,2.062580643314451331e-02,9.997279554304138172e-01,3.126414012808137466e-01,0.000000000000000000e+00,0.000000000000000000e+00,0.000000000000000000e+00,1.000000000000000056e-01
9.973845217100045790e-01,-7.165851592601338305e-02,9.443142940074544106e-03,3.171184663914852919e+01,7.185299306603501468e-02,9.971686089059427216e-01,-2.217910728680111063e-02,2.085289660162828351e+00,-7.827083796518110453e-03,2.279961639739576038e-02,9.997094149058384227e-01,3.085815513143104205e-01,0.000000000000000000e+00,0.000000000000000000e+00,0.000000000000000000e+00,1.000000000000000056e-01
9.974312165928385099e-01,-7.126636334866991163e-02,7.216205456158255975e-03,3.269081513460251642e+01,7.141582628114022391e-02,9.971776398587968160e-01,-2.316321053355457210e-02,2.167589959455232140e+00,-5.545080947302023257e-03,2.361906053794540078e-02,9.997056527081322752e-01,3.073889153968414889e-01,0.000000000000000000e+00,0.000000000000000000e+00,0.000000000000000000e+00,1.000000000000000056e-01
9.973914207361235240e-01,-7.193810853111393122e-02,5.938213783845416004e-03,3.365748014327719062e+01,7.205666652100320424e-02,9.971348105478468060e-01,-2.302186794312097509e-02,2.246259907764332819e+00,-4.265050041666101389e-03,2.338970146614182191e-02,9.997173256543405717e-01,3.058121148444200577e-01,0.000000000000000000e+00,0.000000000000000000e+00,0.000000000000000000e+00,1.000000000000000056e-01
9.975019991359387328e-01,-7.022576460152869793e-02,7.622578693349813840e-03,3.461253561577479587e+01,7.039017157914338740e-02,9.972303670814808285e-01,-2.401705051820037309e-02,2.303013189485320744e+00,-5.914851212362547302e-03,2.449361052735412117e-02,9.996824883824213526e-01,3.183183664091826515e-01,0.000000000000000000e+00,0.000000000000000000e+00,0.000000000000000000e+00,1.000000000000000056e-01
9.973327325287002498e-01,-7.232420014880676373e-02,9.830091539316564500e-03,3.559063984985165519e+01,7.252837225487208939e-02,9.971169679296156829e-01,-2.230218565316898979e-02,2.390144208073023968e+00,-8.188763331218261096e-03,2.295566029730042659e-02,9.997029467874045672e-01,3.138409075452465169e-01,0.000000000000000000e+00,0.000000000000000000e+00,0.000000000000000000e+00,1.000000000000000056e-01
9.973343032772752359e-01,-7.206137949990765179e-02,1.146495054513342431e-02,3.657184272684835946e+01,7.228820460761245514e-02,9.971672623580144501e-01,-2.078139446790394640e-02,2.468199002721735535e+00,-9.934937394871815389e-03,2.155477826359996490e-02,9.997183046003343954e-01,3.227324977385086502e-01,0.000000000000000000e+00,0.000000000000000000e+00,0.000000000000000000e+00,1.000000000000000056e-01
9.973825647367020597e-01,-7.117720379124425900e-02,1.272105418973042482e-02,3.757145561257159727e+01,7.142229215358930627e-02,9.972460393693606262e-01,-1.997981845890926464e-02,2.545960455753704554e+00,-1.126391329714982945e-02,2.083608942636119496e-02,9.997194514635848739e-01,3.183902616064594460e-01,0.000000000000000000e+00,0.000000000000000000e+00,0.000000000000000000e+00,1.000000000000000056e-01
9.972786038738535863e-01,-7.205209501830422969e-02,1.561671728919388456e-02,3.856303431877890375e+01,7.234883303307326763e-02,9.971916537391768420e-01,-1.935076411096053883e-02,2.614621001469819017e+00,-1.417859704518872367e-02,2.042795428815159797e-02,9.996907852278280604e-01,3.353127373064831440e-01,0.000000000000000000e+00,0.000000000000000000e+00,0.000000000000000000e+00,1.000000000000000056e-01
9.974392699957632669e-01,-6.950463726407250797e-02,1.685253895140363320e-02,3.957599816934212100e+01,6.980773930822369022e-02,9.973959126684589505e-01,-1.811830358855142514e-02,2.694358776283917400e+00,-1.554934734945337058e-02,1.924834515072762486e-02,9.996938126276287973e-01,3.316619930434065999e-01,0.000000000000000000e+00,0.000000000000000000e+00,0.000000000000000000e+00,1.000000000000000056e-01
9.974005483363308500e-01,-7.034919200507901149e-02,1.559286255371690813e-02,4.058559986841301281e+01,7.066075167195919049e-02,9.972913378928319750e-01,-2.042169280640001791e-02,2.776179856345768915e+00,-1.411397716946919886e-02,2.147041099182266446e-02,9.996698540519775023e-01,3.449485914737478454e-01,0.000000000000000000e+00,0.000000000000000000e+00,0.000000000000000000e+00,1.000000000000000056e-01
9.974537818051861793e-01,-7.003218558193420595e-02,1.347019469604963243e-02,4.159339005299047187e+01,7.025765462031167974e-02,9.973829130209528326e-01,-1.706419588177252727e-02,2.849095457675389742e+00,-1.223989909210659865e-02,1.796713100236189964e-02,9.997636556075435443e-01,3.602937340485770634e-01,0.000000000000000000e+00,0.000000000000000000e+00,0.000000000000000000e+00,1.000000000000000056e-01
9.975890081515470520e-01,-6.849381044906253935e-02,1.116999307880009798e-02,4.262614318719880657e+01,6.865640533480020513e-02,9.975292768405169541e-01,-1.488757376266627505e-02,2.922604103434842227e+00,-1.012268846286254118e-02,1.561857151608625829e-02,9.998267806985772221e-01,3.686789059109925049e-01,0.000000000000000000e+00,0.000000000000000000e+00,0.000000000000000000e+00,1.000000000000000056e-01
9.975719317178959322e-01,-6.874208601141250374e-02,1.116989970523931189e-02,4.367504633471220643e+01,6.893927198095108067e-02,9.974521214872369423e-01,-1.834780966073875155e-02,2.992299490114612492e+00,-9.880173447971086348e-03,1.907330467983486474e-02,9.997692689922150766e-01,3.775885215796877525e-01,0.000000000000000000e+00,0.000000000000000000e+00,0.000000000000000000e+00,1.000000000000000056e-01
9.975762194236171831e-01,-6.840002405212311509e-02,1.277196735637328717e-02,4.468817262726720685e+01,6.865081576074330560e-02,9.974330724597317843e-01,-2.035513347840885515e-02,3.077863615946600184e+00,-1.134689102211546355e-02,2.118260307913881826e-02,9.997112310016947889e-01,3.858746572251100515e-01,0.000000000000000000e+00,0.000000000000000000e+00,0.000000000000000000e+00,1.000000000000000056e-01
9.975697375172843939e-01,-6.838363538988878609e-02,1.335279748064609889e-02,4.567491964466643140e+01,6.865313961813013233e-02,9.974218148171517528e-01,-2.089185840065445332e-02,3.142934558892441999e+00,-1.188971026854438243e-02,2.175779717072055114e-02,9.996925692691768228e-01,3.874622321696676308e-01,0.000000000000000000e+00,0.000000000000000000e+00,0.000000000000000000e+00,1.000000000000000056e-01
9.970041986696752678e-01,-7.653567693092273860e-02,1.117667176596760445e-02,4.659074840998667355e+01,7.671408423602667226e-02,9.969163244293893777e-01,-1.651639688383044549e-02,3.199356099458065206e+00,-9.878112920318409679e-03,1.732432517940655711e-02,9.998011255455815371e-01,3.999587737695994849e-01,0.000000000000000000e+00,0.000000000000000000e+00,0.000000000000000000e+00,1.000000000000000056e-01
9.970334765810289213e-01,-7.659983993395444446e-02,7.530677183315344185e-03,4.754804226107015808e+01,7.671288950156485154e-02,9.969234452076216613e-01,-1.608654654321141006e-02,3.275004090304649562e+00,-6.275281752037059103e-03,1.661652543279623293e-02,9.998422435171829825e-01,3.955905252830186347e-01,0.000000000000000000e+00,0.000000000000000000e+00,0.000000000000000000e+00,1.000000000000000056e-01
9.971279403497682603e-01,-7.538811610436341182e-02,7.245862547958318960e-03,4.849473508824864609e+01,7.549494385432256593e-02,9.970207417147164408e-01,-1.581625882025452026e-02,3.366404486218061987e+00,-6.031917295650278919e-03,1.631785956771349480e-02,9.998486602645756394e-01,4.067067590694219970e-01,0.000000000000000000e+00,0.000000000000000000e+00,0.000000000000000000e+00,1.000000000000000056e-01
9.972437840425589783e-01,-7.361692472075842542e-02,9.240323757108185113e-03,4.946584853232950962e+01,7.375939338057099781e-02,9.971450975688240792e-01,-1.616187744633826306e-02,3.453662141517196638e+00,-8.024155819035956941e-03,1.679889249678283986e-02,9.998266900489670705e-01,4.123517585308779099e-01,0.000000000000000000e+00,0.000000000000000000e+00,0.000000000000000000e+00,1.000000000000000056e-01
9.972439734010585255e-01,-7.320715949606954043e-02,1.204862289997865078e-02,5.046478923115618187e+01,7.340702300917301137e-02,9.971558324264365725e-01,-1.707790475647201142e-02,3.543671668110647488e+00,-1.076412970005470766e-02,1.791529113515656982e-02,9.997815640705438600e-01,4.282583792621765806e-01,0.000000000000000000e+00,0.000000000000000000e+00,0.000000000000000000e+00,1.000000000000000056e-01
9.973479727820209195e-01,-7.168857358626067044e-02,1.256063711603196825e-02,5.140083604120023608e+01,7.193035850641806006e-02,9.972093239854057378e-01,-1.998968938498830658e-02,3.615553324576967764e+00,-1.109255212886200645e-02,2.084016731548557141e-02,9.997212825150473270e-01,4.383889191237308469e-01,0.000000000000000000e+00,0.000000000000000000e+00,0.000000000000000000e+00,1.000000000000000056e-01
9.974034507689952811e-01,-7.102801329702009003e-02,1.189023638026871083e-02,5.233875566392055845e+01,7.129156864639744906e-02,9.971799928191726892e-01,-2.344299812504005084e-02,3.685557590581794773e+00,-1.019159624574725656e-02,2.422980082941185095e-02,9.996544643614265757e-01,4.420344489110015207e-01,0.000000000000000000e+00,0.000000000000000000e+00,0.000000000000000000e+00,1.000000000000000056e-01
9.974120319248919175e-01,-7.101352800849904112e-02,1.123910188780461589e-02,5.332299021912190540e+01,7.128802595202261838e-02,9.971097737348241230e-01,-2.627006810709689097e-02,3.763144486247519183e+00,-9.341088123022995432e-03,2.700329539656004876e-02,9.995916997006347726e-01,4.561272697755692218e-01,0.000000000000000000e+00,0.000000000000000000e+00,0.000000000000000000e+00,1.000000000000000056e-01
9.973203784691034857e-01,-7.194459493575969256e-02,1.326792937023864652e-02,5.428747324263419216e+01,7.231043541868240054e-02,9.969447365697977625e-01,-2.953630233013477754e-02,3.842025450927903485e+00,-1.110241504379756716e-02,3.041656596833415896e-02,9.994756469743968363e-01,4.470895901216065393e-01,0.000000000000000000e+00,0.000000000000000000e+00,0.000000000000000000e+00,1.000000000000000056e-01
9.971695600532723969e-01,-7.314980666896747641e-02,1.737740738590965936e-02,5.524317332820164239e+01,7.367628929838815344e-02,9.967724339337638018e-01,-3.188290051078647436e-02,3.926297558508013097e+00,-1.498909264710178088e-02,3.307296076938343043e-02,9.993405357372248110e-01,4.538581784519143403e-01,0.000000000000000000e+00,0.000000000000000000e+00,0.000000000000000000e+00,1.000000000000000056e-01
9.970218552603596907e-01,-7.399650179073109790e-02,2.172413072886029972e-02,5.620097947284665452e+01,7.463399557247708815e-02,9.967545622445089792e-01,-3.016801865626404441e-02,3.994604749167768087e+00,-1.942129856826658313e-02,3.169953260683119889e-02,9.993087374752762653e-01,4.720784242853287571e-01,0.000000000000000000e+00,0.000000000000000000e+00,0.000000000000000000e+00,1.000000000000000056e-01
9.968922286153868439e-01,-7.518580851542437660e-02,2.351549965723075120e-02,5.716752549619209134e+01,7.581151715538543556e-02,9.967577478162507054e-01,-2.695563085654524224e-02,4.068856587283376847e+00,-2.141257557712246407e-02,2.865460462399668437e-02,9.993600028223045273e-01,4.603140809362284980e-01,0.000000000000000000e+00,0.000000000000000000e+00,0.000000000000000000e+00,1.000000000000000056e-01
9.967229386657797674e-01,-7.871004843822902719e-02,1.865775474980206974e-02,5.806578584945764732e+01,7.921520000423117047e-02,9.964617564072456579e-01,-2.808772162487988347e-02,4.148452685156081010e+00,-1.638095313898961167e-02,2.947365421251211745e-02,9.994313223436713800e-01,4.637033729370519386e-01,0.000000000000000000e+00,0.000000000000000000e+00,0.000000000000000000e+00,1.000000000000000056e-01
9.964588697781714410e-01,-8.310075783938583593e-02,1.280565839498361107e-02,5.898403513864044356e+01,8.342760713219715685e-02,9.961329886120489085e-01,-2.754820079466764604e-02,4.232035697239648009e+00,-1.046686240499154590e-02,2.851899446592245924e-02,9.995384493585265373e-01,4.619916879781145180e-01,0.000000000000000000e+00,0.000000000000000000e+00,0.000000000000000000e+00,1.000000000000000056e-01
9.965182099944984717e-01,-8.299285335954971476e-02,7.977683912076349512e-03,5.993763932024378249e+01,8.319490461095284395e-02,9.960911714273116280e-01,-2.968140918724118671e-02,4.312762061698336424e+00,-5.483155673075451250e-03,3.024176740546537234e-02,9.995275736607062145e-01,4.719047238407764189e-01,0.000000000000000000e+00,0.000000000000000000e+00,0.000000000000000000e+00,1.000000000000000056e-01
9.963839839257129238e-01,-8.456113136438284106e-02,8.268714452695445291e-03,6.084948814718255505e+01,8.475473990258033941e-02,9.960401056744226933e-01,-2.684663763175442613e-02,4.400978476500012171e+00,-5.965789165783627265e-03,2.745037250130435286e-02,9.996053653363256020e-01,4.744999629243057404e-01,0.000000000000000000e+00,0.000000000000000000e+00,0.000000000000000000e+00,1.000000000000000056e-01
9.963238978607483753e-01,-8.499811001851714787e-02,1.067763292331763529e-02,6.177863709716284291e+01,8.525161639816949966e-02,9.960177705210180310e-01,-2.609142977761240087e-02,4.495844723714341740e+00,-8.417389919946739393e-03,2.690580048280992800e-02,9.996025337339410344e-01,4.950491147308494488e-01,0.000000000000000000e+00,0.000000000000000000e+00,0.000000000000000000e+00,1.000000000000000056e-01
9.961550585232619159e-01,-8.702886477548324451e-02,1.005365975191435148e-02,6.267392283932502295e+01,8.726042880234896604e-02,9.958589093719479868e-01,-2.550784565079014521e-02,4.581226348748058896e+00,-7.792107785881562457e-03,2.628705613805015079e-02,9.996240662048149206e-01,5.099892497205864572e-01,0.000000000000000000e+00,0.000000000000000000e+00,0.000000000000000000e+00,1.000000000000000056e-01
9.959579850012139079e-01,-8.926366790748681279e-02,9.984473147031040774e-03,6.348816315473460747e+01,8.947725117082942770e-02,9.957113540556778997e-01,-2.351001759933016647e-02,4.661424805977587127e+00,-7.843062873277056174e-03,2.430837296715724835e-02,9.996737414619109030e-01,5.185060961023387760e-01,0.000000000000000000e+00,0.000000000000000000e+00,0.000000000000000000e+00,1.000000000000000056e-01
9.957952808313762505e-01,-9.100585628869356514e-02,1.047343282415987877e-02,6.430838446030834632e+01,9.122259234070212441e-02,9.955760408148058849e-01,-2.251189912375124030e-02,4.743021489764766230e+00,-8.378384128375252274e-03,2.337265660290954727e-02,9.996917132810093642e-01,5.276846818125191518e-01,0.000000000000000000e+00,0.000000000000000000e+00,0.000000000000000000e+00,1.000000000000000056e-01
9.957301816116900239e-01,-9.181031678977630284e-02,9.605787761119474050e-03,6.510365886166941607e+01,9.201498997199397678e-02,9.954770753477117928e-01,-2.363544113445101638e-02,4.820759826329354958e+00,-7.392364168830000554e-03,2.441839855779183097e-02,9.996744944049879011e-01,5.307257404480929530e-01,0.000000000000000000e+00,0.000000000000000000e+00,0.000000000000000000e+00,1.000000000000000056e-01
9.957348649315185263e-01,-9.175479612727027723e-02,9.650707096039245689e-03,6.590644217366521218e+01,9.197518315766339825e-02,9.954315963272852841e-01,-2.562230895971040479e-02,4.898622932151017295e+00,-7.255649035389248255e-03,2.640065190399004669e-02,9.996251102969150315e-01,5.396528803504473393e-01,0.000000000000000000e+00,0.000000000000000000e+00,0.000000000000000000e+00,1.000000000000000056e-01
9.956041173340766104e-01,-9.300454719352588273e-02,1.107229645382586634e-02,6.666283975444763144e+01,9.326459974163675559e-02,9.953043998118398239e-01,-2.590108395850536718e-02,4.973064703814268128e+00,-8.611386791131629345e-03,2.681987912949036421e-02,9.996031903215460979e-01,5.520013557849170471e-01,0.000000000000000000e+00,0.000000000000000000e+00,0.000000000000000000e+00,1.000000000000000056e-01
9.952959932345646354e-01,-9.589345321892853158e-02,1.379606759082376705e-02,6.745945348007889208e+01,9.621174876819901800e-02,9.950561007997121843e-01,-2.463038083826357694e-02,5.065099375807895044e+00,-1.136596895061595461e-02,2.584186314920256661e-02,9.996014269991773116e-01,5.599941305421782811e-01,0.000000000000000000e+00,0.000000000000000000e+00,0.000000000000000000e+00,1.000000000000000056e-01
9.951894721338069294e-01,-9.655270321948036805e-02,1.659789309056249398e-02,6.820079486364386412e+01,9.692535019160308796e-02,9.950179165799666325e-01,-2.334142615817570016e-02,5.143963075383894079e+00,-1.426152321001876271e-02,2.483789817745066242e-02,9.995897597363914144e-01,5.674261271575862242e-01,0.000000000000000000e+00,0.000000000000000000e+00,0.000000000000000000e+00,1.000000000000000056e-01
9.949599299943274744e-01,-9.864057916304017071e-02,1.802148295959364599e-02,6.892833974358886451e+01,9.900903036022482007e-02,9.948681988565662992e-01,-2.084415532037318594e-02,5.217610681526433147e+00,-1.587292073976925844e-02,2.252338887183207364e-02,9.996203015850154694e-01,5.731805797746176712e-01,0.000000000000000000e+00,0.000000000000000000e+00,0.000000000000000000e+00,1.000000000000000056e-01
9.950765997579850142e-01,-9.796013652261770233e-02,1.504567268542422384e-02,6.959606750609168557e+01,9.824545069060383606e-02,9.949698757957037287e-01,-1.956470489637211763e-02,5.298377745146019002e+00,-1.305342992040601363e-02,2.094654891747317615e-02,9.996953786307911649e-01,5.857073180770876464e-01,0.000000000000000000e+00,0.000000000000000000e+00,0.000000000000000000e+00,1.000000000000000056e-01
9.950645313297030725e-01,-9.877589665601155255e-02,9.481599516926420348e-03,7.028684076099203537e+01,9.894157007311893404e-02,9.949123713292702398e-01,-1.897206070605870348e-02,5.373213661208108505e+00,-7.559378351726495429e-03,1.981654903784220434e-02,9.997750547914097119e-01,5.877897798380027350e-01,0.000000000000000000e+00,0.000000000000000000e+00,0.000000000000000000e+00,1.000000000000000056e-01
9.952148671078018261e-01,-9.765994285928461527e-02,3.147038023536627080e-03,7.101701246817872004e+01,9.770532701761330818e-02,9.949802301033309204e-01,-2.163355670951561810e-02,5.435374557910525262e+00,-1.018508704708016551e-03,2.183751964495619230e-02,9.997610141307644582e-01,6.055894405269757197e-01,0.000000000000000000e+00,0.000000000000000000e+00,0.000000000000000000e+00,1.000000000000000056e-01
9.950821116317404291e-01,-9.905302431497570170e-02,2.991397219765920329e-04,7.171492009280083835e+01,9.903925562047721787e-02,9.948835466875430855e-01,-1.994879386221169726e-02,5.511091715974699490e+00,1.678379175932895664e-03,1.988031449630699860e-02,9.998009582606278700e-01,6.057067979721860729e-01,0.000000000000000000e+00,0.000000000000000000e+00,0.000000000000000000e+00,1.000000000000000056e-01
9.950447467178101801e-01,-9.938358303568586849e-02,2.975811196612899653e-03,7.237370645623769860e+01,9.942253123679403726e-02,9.948604988478789712e-01,-1.917675975284100637e-02,5.585296148841885966e+00,-1.054661916287539906e-03,1.937759673278402484e-02,9.998116804844320304e-01,6.176785222242885398e-01,0.000000000000000000e+00,0.000000000000000000e+00,0.000000000000000000e+00,1.000000000000000056e-01
9.949190711833527656e-01,-1.004730535568078009e-01,6.419291598421063283e-03,7.297685772092965806e+01,1.005850790718710308e-01,9.947165816201395394e-01,-2.053202664253290718e-02,5.651684624655326061e+00,-4.322460382719267927e-03,2.107338982971327171e-02,9.997685875127927391e-01,6.329917701889092863e-01,0.000000000000000000e+00,0.000000000000000000e+00,0.000000000000000000e+00,1.000000000000000056e-01
9.949016009507972713e-01,-1.007856303066267389e-01,3.614021200349326352e-03,7.356632948873283340e+01,1.008408997894782722e-01,9.946608821153871682e-01,-2.192812164979635395e-02,5.703927740486324005e+00,-1.384685953208058141e-03,2.218076448492770428e-02,9.997530176657009049e-01,6.525377827610427950e-01,0.000000000000000000e+00,0.000000000000000000e+00,0.000000000000000000e+00,1.000000000000000056e-01
9.948862875876521850e-01,-1.010011633876366083e-01,1.994101388400222868e-04,7.420624533307460524e+01,1.009639355512546161e-01,9.944619660682739726e-01,-2.918358719597733894e-02,5.754927821750211336e+00,2.749270459893450418e-03,2.905448395630254657e-02,9.995740485196538128e-01,6.685831288385288840e-01,0.000000000000000000e+00,0.000000000000000000e+00,0.000000000000000000e+00,1.000000000000000056e-01
9.950227579180439541e-01,-9.960798818828964230e-02,-2.821331999468918057e-03,7.482947176290771552e+01,9.946149645094914948e-02,9.944940753041413561e-01,-3.299916527275531530e-02,5.824722618356756421e+00,6.092778422649855301e-03,3.255430653603820501e-02,9.994513971059574287e-01,6.946010619153203391e-01,0.000000000000000000e+00,0.000000000000000000e+00,0.000000000000000000e+00,1.000000000000000056e-01
9.954476114263908215e-01,-9.528352379799207017e-02,-2.258981657912639482e-03,7.543480545355851064e+01,9.517146405634491213e-02,9.949971751448969393e-01,-3.038114354409910539e-02,5.877800046218660590e+00,5.142502782221593238e-03,3.002784618171579212e-02,9.995358338342963389e-01,7.072913110891552169e-01,0.000000000000000000e+00,0.000000000000000000e+00,0.000000000000000000e+00,1.000000000000000056e-01
9.959133741552329555e-01,-9.031357802705969329e-02,9.382264771365259395e-05,7.599954468128677831e+01,9.028636643352316860e-02,9.955867070968691390e-01,-2.560235708376321778e-02,5.956096151366865321e+00,2.218831893272748840e-03,2.550620073556899431e-02,9.996722015286142460e-01,7.107010678947596194e-01,0.000000000000000000e+00,0.000000000000000000e+00,0.000000000000000000e+00,1.000000000000000056e-01
9.965097852162531078e-01,-8.342906486692570900e-02,2.799839939596630682e-03,7.655799115414232858e+01,8.347427371021413911e-02,9.961458350777747661e-01,-2.693549490458841886e-02,5.995069064446965079e+00,-5.418457430959378648e-04,2.707519884752756720e-02,9.996332527535073398e-01,7.245993467059258508e-01,0.000000000000000000e+00,0.000000000000000000e+00,0.000000000000000000e+00,1.000000000000000056e-01
9.970608090861777795e-01,-7.628446156214159501e-02,7.100979410664121083e-03,7.713490628729975640e+01,7.647234245939731057e-02,9.965686909666262583e-01,-3.166741264829844166e-02,6.023408386519054858e+00,-4.660882232924910135e-03,3.211736460606774007e-02,9.994732367940483142e-01,7.367306788407741447e-01,0.000000000000000000e+00,0.000000000000000000e+00,0.000000000000000000e+00,1.000000000000000056e-01
9.977326432950054391e-01,-6.663796552995011890e-02,9.431545662860113532e-03,7.768285454653096167e+01,6.693068011172247089e-02,9.971375948915099929e-01,-3.516960212679520054e-02,6.044038760959711709e+00,-7.060918024146347477e-03,3.572111985932101968e-02,9.993368526341117608e-01,7.513714556511110754e-01,0.000000000000000000e+00,0.000000000000000000e+00,0.000000000000000000e+00,1.000000000000000056e-01
9.983666822183611123e-01,-5.642026663802559433e-02,8.984506040734047821e-03,7.817924587963742056e+01,5.668929426678621236e-02,9.978395464595345432e-01,-3.320487068133550629e-02,6.082365626811363946e+00,-7.091667775326902790e-03,3.365996188239955139e-02,9.994081824831332339e-01,7.592231426792224180e-01,0.000000000000000000e+00,0.000000000000000000e+00,0.000000000000000000e+00,1.000000000000000056e-01
9.991401245906313955e-01,-4.063526046819474630e-02,8.233288510642151892e-03,7.867109454636573673e+01,4.085265767452966185e-02,9.987664029120330023e-01,-2.822645523416197552e-02,6.123305846702121968e+00,-7.076142589377021688e-03,2.853853571647338092e-02,9.995676466278879957e-01,7.562931766111391507e-01,0.000000000000000000e+00,0.000000000000000000e+00,0.000000000000000000e+00,1.000000000000000056e-01
9.996620736621495418e-01,-2.446297140799546729e-02,8.792127807459018327e-03,7.915111562891958386e+01,2.465516244795006376e-02,9.994436879220711667e-01,-2.245968916514414632e-02,6.139306339875856722e+00,-8.237805906689646060e-03,2.266887078399135169e-02,9.997090881107475457e-01,7.601529448431496583e-01,0.000000000000000000e+00,0.000000000000000000e+00,0.000000000000000000e+00,1.000000000000000056e-01
9.999577320925996382e-01,1.420637009686475348e-03,9.083821811956951930e-03,7.964518929688431115e+01,-1.208230791439249014e-03,9.997267196410460910e-01,-2.334579649760879297e-02,6.152468837484263986e+00,-9.114505284396619278e-03,2.333383436642709127e-02,9.996861797420132367e-01,7.634958238707783007e-01,0.000000000000000000e+00,0.000000000000000000e+00,0.000000000000000000e+00,1.000000000000000056e-01
9.995983349081141167e-01,2.598367727126456306e-02,1.131447587776021092e-02,8.014275242063196458e+01,-2.570103573930387908e-02,9.993706855085692231e-01,-2.444769330753720007e-02,6.144395386936308157e+00,-1.194259648705729530e-02,2.414707977365262645e-02,9.996370806085337346e-01,7.783444639136176679e-01,0.000000000000000000e+00,0.000000000000000000e+00,0.000000000000000000e+00,1.000000000000000056e-01
9.985232300125452820e-01,5.271252147247409287e-02,1.314340919729551152e-02,8.062545327842765630e+01,-5.240454828344192489e-02,9.983663562935468638e-01,-2.276800255523280664e-02,6.123923256700243734e+00,-1.432209637315706371e-02,2.204560503049624032e-02,9.996543746987341938e-01,7.822339486507090545e-01,0.000000000000000000e+00,0.000000000000000000e+00,0.000000000000000000e+00,1.000000000000000056e-01
9.964317546090294409e-01,8.322830104021475273e-02,1.402883860946558224e-02,8.111897553601772870e+01,-8.291143876652762312e-02,9.963177966955610865e-01,-2.182982614147226802e-02,6.082430943027880232e+00,-1.579404091533837332e-02,2.058878077162306502e-02,9.996632684948980607e-01,7.804043655543477787e-01,0.000000000000000000e+00,0.000000000000000000e+00,0.000000000000000000e+00,1.000000000000000056e-01
