1.000000000000000000e+00,-2.432672465827018754e-12,1.203032957068673804e-12,1.794675578196237623e-19,2.432672465827354796e-12,1.000000000000000000e+00,-2.791900224764818352e-13,5.589228212184991047e-19,-1.203032957067994449e-12,2.791900224794083703e-13,1.000000000000000000e+00,-3.734328118561748487e-19,0.000000000000000000e+00,0.000000000000000000e+00,0.000000000000000000e+00,1.000000000000000056e-01
9.999990314821078918e-01,-6.305512240942409133e-04,-1.240741713611942607e-03,6.468619808362597867e-01,6.272339636076862011e-04,9.999962329925738969e-01,-2.672186037072512167e-03,-4.490948559566377424e-03,1.242421989905377350e-03,2.671405213669682168e-03,9.999956599814737723e-01,-3.715318533664340264e-04,0.000000000000000000e+00,0.000000000000000000e+00,0.000000000000000000e+00,1.000000000000000056e-01
9.999803574013534924e-01,-5.429315694211518661e-03,-3.131667695321532427e-03,1.307175527968307716e+00,5.420564865393145276e-03,9.999813996032737018e-01,-2.796055081347685947e-03,5.314516029703505312e-03,3.146790110795025068e-03,2.779024751680582959e-03,9.999911873278825025e-01,4.362541491302713952e-03,0.000000000000000000e+00,0.000000000000000000e+00,0.000000000000000000e+00,1.000000000000000056e-01
9.999362868942477389e-01,-9.953200935272769542e-03,-5.325029885988276888e-03,2.004906956430271503e+00,9.937902816029601724e-03,9.999464367646855312e-01,-2.891658560063248024e-03,1.418739515121032919e-02,5.353525918843947580e-03,2.838554694016206994e-03,9.999816410152164714e-01,8.816913348775747006e-03,0.000000000000000000e+00,0.000000000000000000e+00,0.000000000000000000e+00,1.000000000000000056e-01
9.998570770419932252e-01,-1.610185608036342544e-02,-5.153224214887206639e-03,2.702843761355403718e+00,1.609443577264460176e-02,9.998693835269035768e-01,-1.478182224901702490e-03,2.266096141258382157e-02,5.176352596361101510e-03,1.395032722577107566e-03,9.999856295254953009e-01,1.664946761423177074e-02,0.000000000000000000e+00,0.000000000000000000e+00,0.000000000000000000e+00,1.000000000000000056e-01
9.997517913129284617e-01,-2.135549573235872092e-02,-6.348115359384780276e-03,3.410883679627437992e+00,2.134596536643619188e-02,9.997709235921287130e-01,-1.565280267795201002e-03,3.076977009115846456e-02,6.380088492000345751e-03,1.429385101031463174e-03,9.999786254360976123e-01,3.034289989659518655e-02,0.000000000000000000e+00,0.000000000000000000e+00,0.000000000000000000e+00,1.000000000000000056e-01
9.996522455441828603e-01,-2.533610521676386493e-02,-7.312301342104390173e-03,4.129948521849722276e+00,2.533354829410133444e-02,9.996789564038558451e-01,-4.421019431693956939e-04,5.368885230025027822e-02,7.321154915934106194e-03,2.567016610575095889e-04,9.999731670374730763e-01,4.089464489101587302e-02,0.000000000000000000e+00,0.000000000000000000e+00,0.000000000000000000e+00,1.000000000000000056e-01
9.994980081021908047e-01,-3.008548773565144011e-02,-9.929512951846530128e-03,4.893414142571153036e+00,3.010003868739440439e-02,9.995460206221284949e-01,1.319215480846407497e-03,8.577244808665353271e-02,9.885315916564395983e-03,-1.617431969361122308e-03,9.999498309630610038e-01,5.568684326120403733e-02,0.000000000000000000e+00,0.000000000000000000e+00,0.000000000000000000e+00,1.000000000000000056e-01
9.993433223132672794e-01,-3.477382161286834278e-02,-1.018358867578874304e-02,5.655656128308268471e+00,3.479435800255207406e-02,9.993927874053777360e-01,1.846383844080998074e-03,1.261041593850987519e-01,1.011319925006339514e-02,-2.199502795145575132e-03,9.999464412599220475e-01,6.016111034760018156e-02,0.000000000000000000e+00,0.000000000000000000e+00,0.000000000000000000e+00,1.000000000000000056e-01
9.992102713833195260e-01,-3.889892753751118815e-02,-8.105985350612295720e-03,6.438746966909030256e+00,3.891566051713417351e-02,9.992406602962510265e-01,1.916814343477202601e-03,1.623486616455316889e-01,8.025268131847788228e-03,-2.230750354398586092e-03,9.999653088103948040e-01,7.106694808044033973e-02,0.000000000000000000e+00,0.000000000000000000e+00,0.000000000000000000e+00,1.000000000000000056e-01
9.991037160518404514e-01,-4.181544895243749504e-02,-6.575165420687624496e-03,7.236617602519189063e+00,4.182517924919738894e-02,9.991240331986557255e-01,1.349320430428594232e-03,2.025628099578112573e-01,6.512983354486688234e-03,-1.623118528499261715e-03,9.999774730133007550e-01,8.611312911963908689e-02,0.000000000000000000e+00,0.000000000000000000e+00,0.000000000000000000e+00,1.000000000000000056e-01
9.991211195083451457e-01,-4.146009867580632835e-02,-6.168368518776084185e-03,8.032326336159608005e+00,4.147241187576172772e-02,9.991378773249709466e-01,1.881793760852673277e-03,2.422474008007281521e-01,6.085031273395643224e-03,-2.135957008839106056e-03,9.999792048248093979e-01,1.003645765214031815e-01,0.000000000000000000e+00,0.000000000000000000e+00,0.000000000000000000e+00,1.000000000000000056e-01
9.990401624769591482e-01,-4.333998365704305050e-02,-6.356065970258555943e-03,8.867528430428366804e+00,4.334022393413066582e-02,9.990603660391672580e-01,-9.999512249191341612e-05,2.887580400542562598e-01,6.354427381790191641e-03,-1.755741790698887286e-04,9.999797950090577592e-01,1.153591199016747171e-01,0.000000000000000000e+00,0.000000000000000000e+00,0.000000000000000000e+00,1.000000000000000056e-01
9.989011441585764484e-01,-4.645610786449771989e-02,-6.191465155280097103e-03,9.642558103983503770e+00,4.645454921935161796e-02,9.989203264128623250e-01,-3.953935349009713492e-04,3.524928956326182083e-01,6.203148838592542104e-03,1.073373316096245178e-04,9.999807545263976749e-01,1.317728589535607231e-01,0.000000000000000000e+00,0.000000000000000000e+00,0.000000000000000000e+00,1.000000000000000056e-01
9.988329527475816594e-01,-4.804367455585853430e-02,-4.953568483227848568e-03,1.042539258356953624e+01,4.804453530660314498e-02,9.988451930200178408e-01,5.484501593930741744e-05,3.589071574736323877e-01,4.945213111670797995e-03,-2.927729051002635175e-04,9.999877295003705147e-01,1.384631530648414710e-01,0.000000000000000000e+00,0.000000000000000000e+00,0.000000000000000000e+00,1.000000000000000056e-01
9.987789770153346902e-01,-4.901826419335655882e-02,-6.145311031336574484e-03,1.122784891396781148e+01,4.901007865130806163e-02,9.987971939094576479e-01,-1.475679228631567160e-03,4.108652860171634336e-01,6.210254648093516475e-03,1.172695213392858362e-03,9.999800285621419649e-01,1.643296723214769384e-01,0.000000000000000000e+00,0.000000000000000000e+00,0.000000000000000000e+00,1.000000000000000056e-01
9.986535300226767609e-01,-5.138624294179991447e-02,-7.112032731430900992e-03,1.209555074169267286e+01,5.138122239628033217e-02,9.986787187451029446e-01,-8.869671378027012233e-04,4.617377849588136796e-01,7.148213644723169433e-03,5.203479277175014498e-04,9.999743158100229401e-01,1.756710970410935158e-01,0.000000000000000000e+00,0.000000000000000000e+00,0.000000000000000000e+00,1.000000000000000056e-01
9.985031234308247017e-01,-5.419380972410278718e-02,-7.385356218563411332e-03,1.299372871878500746e+01,5.419579750959477304e-02,9.985303254041967280e-01,6.914107299660842646e-05,5.327896065606672060e-01,7.370755129993931953e-03,-4.692928475019613561e-04,9.999727254945691701e-01,1.964916735434689976e-01,0.000000000000000000e+00,0.000000000000000000e+00,0.000000000000000000e+00,1.000000000000000056e-01
9.986588968134924027e-01,-5.095078110918334346e-02,-9.188346947215339164e-03,1.388363227720313553e+01,5.098339679649138700e-02,9.986938792636066431e-01,3.350936063288726362e-03,5.834761168481574778e-01,9.005613046862910240e-03,-3.814895250570176158e-03,9.999521716101612556e-01,2.087987516924942888e-01,0.000000000000000000e+00,0.000000000000000000e+00,0.000000000000000000e+00,1.000000000000000056e-01
9.978912427077553104e-01,-6.418585990376968198e-02,-9.656247489862884378e-03,1.481592245389587958e+01,6.424779761624208052e-02,9.979144251758930162e-01,6.246641283869160642e-03,7.116067597819034640e-01,9.235162620887150606e-03,-6.853861267970821035e-03,9.999338659916890970e-01,2.280793437933642254e-01,0.000000000000000000e+00,0.000000000000000000e+00,0.000000000000000000e+00,1.000000000000000056e-01
9.976585629093246421e-01,-6.770051536941017190e-02,-9.697013582408806065e-03,1.577731608959126319e+01,6.773887627448309245e-02,9.976962853261498454e-01,3.683325599510761227e-03,7.742299151182614469e-01,9.425311388566268156e-03,-4.331566127625804258e-03,9.999461990727853689e-01,2.343612124287849097e-01,0.000000000000000000e+00,0.000000000000000000e+00,0.000000000000000000e+00,1.000000000000000056e-01
9.975609056951914022e-01,-6.943875906815837051e-02,-7.106206277876117409e-03,1.670256596668441063e+01,6.946204174635360606e-02,9.975798298530196284e-01,3.083476422527464331e-03,8.584930800437273746e-01,6.874895273187885299e-03,-3.569567129878297405e-03,9.999699965526405165e-01,2.525455006095579935e-01,0.000000000000000000e+00,0.000000000000000000e+00,0.000000000000000000e+00,1.000000000000000056e-01
9.973680732172599539e-01,-7.219383458079770000e-02,-6.706472650424234218e-03,1.758205678450096343e+01,7.222249982776637878e-02,9.973799742773721277e-01,4.134903759075892957e-03,9.378104037639622970e-01,6.390386961581778248e-03,-4.608379214968512730e-03,9.999689624160803536e-01,2.721452458433207267e-01,0.000000000000000000e+00,0.000000000000000000e+00,0.000000000000000000e+00,1.000000000000000056e-01
9.972915863120931368e-01,-7.323668673922673067e-02,-6.773447170322623341e-03,1.849135990691731024e+01,7.327340921319761002e-02,9.972975837191405679e-01,5.342004327882454717e-03,1.007475417758610270e+00,6.363911798891281994e-03,-5.823849536534985577e-03,9.999627910093413785e-01,2.858790278620345626e-01,0.000000000000000000e+00,0.000000000000000000e+00,0.000000000000000000e+00,1.000000000000000056e-01
9.973331704681757115e-01,-7.260993545500597779e-02,-7.371862526980775716e-03,1.940821153073138206e+01,7.264280419433057079e-02,9.973487820242491475e-01,4.293016833291807277e-03,1.078618434614340371e+00,7.040602437361907946e-03,-4.817080855315153398e-03,9.999636121626388485e-01,3.066964551690520846e-01,0.000000000000000000e+00,0.000000000000000000e+00,0.000000000000000000e+00,1.000000000000000056e-01
9.972766100233890763e-01,-7.351605922416977468e-02,-5.895094266032557123e-03,2.033539280854449416e+01,7.351470658147753190e-02,9.972940333239230792e-01,-4.461084410095402658e-04,1.131258957568300971e+00,5.911938471965999531e-03,1.151738851527933367e-05,9.999825242727261587e-01,3.254390990003790396e-01,0.000000000000000000e+00,0.000000000000000000e+00,0.000000000000000000e+00,1.000000000000000056e-01
9.974139256908703954e-01,-7.183844376683072575e-02,-2.167679655002671939e-03,2.125115276535578701e+01,7.183779473662445236e-02,9.974162571085100071e-01,-3.759029518283559402e-04,1.212057867691952007e+00,2.189083211169738034e-03,2.192095127510678635e-04,9.999975799280136357e-01,3.306713726047298962e-01,0.000000000000000000e+00,0.000000000000000000e+00,0.000000000000000000e+00,1.000000000000000056e-01
9.973967893669399842e-01,-7.210830724610874098e-02,-1.912762942381105097e-04,2.221315562111201203e+01,7.210796860227090821e-02,9.973958389945799530e-01,-1.407558294315784360e-03,1.293467492576067190e+00,2.922748259247256661e-04,1.390101578578089225e-03,9.999989910960047634e-01,3.487200247090986860e-01,0.000000000000000000e+00,0.000000000000000000e+00,0.000000000000000000e+00,1.000000000000000056e-01
9.975429019470952730e-01,-7.004920339237633020e-02,1.126001359356178884e-03,2.318524005718489889e+01,7.005162707327380889e-02,9.975407607723054682e-01,-2.280382028741793302e-03,1.359759923673788728e+00,-9.634933080991590860e-04,2.353657133808711392e-03,9.999967659841414447e-01,3.628838231036610740e-01,0.000000000000000000e+00,0.000000000000000000e+00,0.000000000000000000e+00,1.000000000000000056e-01
9.978422732271584605e-01,-6.561587248619589474e-02,2.314095661821482987e-03,2.411529142296802419e+01,6.562453556034437974e-02,9.978368017742648144e-01,-3.890675699101819960e-03,1.423523601127336002e+00,-2.053799733634243448e-03,4.034142137030666438e-03,9.999897537494433220e-01,3.690814800197480539e-01,0.000000000000000000e+00,0.000000000000000000e+00,0.000000000000000000e+00,1.000000000000000056e-01
9.979631977491718597e-01,-6.379117168978327979e-02,-3.772965569939534022e-04,2.507205676862958654e+01,6.378844099983989324e-02,9.979505187110684350e-01,-5.079074632185392839e-03,1.492599523190766275e+00,7.005234166469771068e-04,5.044662402377181158e-03,9.999870302399870292e-01,3.804129640157291048e-01,0.000000000000000000e+00,0.000000000000000000e+00,0.000000000000000000e+00,1.000000000000000056e-01
9.980412577085390202e-01,-6.232440994095394399e-02,-5.414410131257230488e-03,2.602738795898853752e+01,6.230492386056957904e-02,9.980503168072218934e-01,-3.696157969102021983e-03,1.565253317637820940e+00,5.634214611298348982e-03,3.351573737194143456e-03,9.999785110587117165e-01,3.891034360818294013e-01,0.000000000000000000e+00,0.000000000000000000e+00,0.000000000000000000e+00,1.000000000000000056e-01
9.981044420506316461e-01,-6.091386961003329714e-02,-8.776288961127094723e-03,2.698239916451771236e+01,6.087310980011213790e-02,9.981337821864203486e-01,-4.839148839940406871e-03,1.631194917010758250e+00,9.054681775790392184e-03,4.295735951320479168e-03,9.999497784341849771e-01,4.087451675495066272e-01,0.000000000000000000e+00,0.000000000000000000e+00,0.000000000000000000e+00,1.000000000000000056e-01
9.981573178493984289e-01,-6.022875446644519737e-02,-7.380105630392447963e-03,2.795311351808799216e+01,6.017043387952580868e-02,9.981569741518410144e-01,-7.885038921315900770e-03,1.685363063119604599e+00,7.841409978103789508e-03,7.426445142981347516e-03,9.999416784003423153e-01,4.326277505125793454e-01,0.000000000000000000e+00,0.000000000000000000e+00,0.000000000000000000e+00,1.000000000000000056e-01
9.982158720610821989e-01,-5.955638391353646616e-02,-4.255572872905432832e-03,2.896358493202442475e+01,5.950643547712258091e-02,9.981669622613857928e-01,-1.103175356343124094e-02,1.732879738584549800e+00,4.904783597693208527e-03,1.075883753110372723e-02,9.999300928129121191e-01,4.493138932533064511e-01,0.000000000000000000e+00,0.000000000000000000e+00,0.000000000000000000e+00,1.000000000000000056e-01
9.982284486967405446e-01,-5.948540471622332237e-02,-1.204507470229619626e-03,2.992149569418831589e+01,5.945816114487403881e-02,9.980993220042967407e-01,-1.620094095518253424e-02,1.780518094253748851e+00,2.165937618887964471e-03,1.610062235785423429e-02,9.998680306290029796e-01,4.573048931198233080e-01,0.000000000000000000e+00,0.000000000000000000e+00,0.000000000000000000e+00,1.000000000000000056e-01
9.982648186961720072e-01,-5.884838869886443308e-02,-2.053996359830505009e-03,3.085093737819316217e+01,5.878715913169143409e-02,9.980147979244049505e-01,-2.259497831674990229e-02,1.825935776386892639e+00,3.379596828620216615e-03,2.243502332195300777e-02,9.997425908971866448e-01,4.781154541901690980e-01,0.000000000000000000e+00,0.000000000000000000e+00,0.000000000000000000e+00,1.000000000000000056e-01
9.982806443995607681e-01,-5.839864322924491480e-02,-5.035224541271494242e-03,3.180003130083623120e+01,5.825315964187434414e-02,9.979798186327800691e-01,-2.535450637306124744e-02,1.864419944739689861e+00,6.505721246407469849e-03,2.501759522149698406e-02,9.996658419293905640e-01,4.920592300516766771e-01,0.000000000000000000e+00,0.000000000000000000e+00,0.000000000000000000e+00,1.000000000000000056e-01
9.982852385306667520e-01,-5.796764832907369547e-02,-8.144585868332880618e-03,3.278824183009008664e+01,5.773665077063297457e-02,9.979880421462027362e-01,-2.619822305003020185e-02,1.937005943796632490e+00,9.646848685439943921e-03,2.568305823662764276e-02,9.996235885722456471e-01,5.068662446384039066e-01,0.000000000000000000e+00,0.000000000000000000e+00,0.000000000000000000e+00,1.000000000000000056e-01
9.982118012190711598e-01,-5.900033442979622789e-02,-9.600023132775400980e-03,3.376154057362140293e+01,5.872619128711359382e-02,9.979171485474570558e-01,-2.669455172543290164e-02,2.001143941347629074e+00,1.115501518990288932e-02,2.608304376572395319e-02,9.995975392446844188e-01,5.231876398899988345e-01,0.000000000000000000e+00,0.000000000000000000e+00,0.000000000000000000e+00,1.000000000000000056e-01
9.982057736886545962e-01,-5.925089866401971050e-02,-8.635067002671460018e-03,3.472996326869329664e+01,5.898864806334670752e-02,9.978662741127521940e-01,-2.798639648100934713e-02,2.071956907973010686e+00,1.027486127853710282e-02,2.742681162365936953e-02,9.995710065972637226e-01,5.501427557790522505e-01,0.000000000000000000e+00,0.000000000000000000e+00,0.000000000000000000e+00,1.000000000000000056e-01
9.981734731180020859e-01,-5.976754524556272125e-02,-8.806707606413301942e-03,3.571419790893342139e+01,5.952375082166522918e-02,9.978949244253413342e-01,-2.574185102634505076e-02,2.137050266837380086e+00,1.032669606725949291e-02,2.517062457432963848e-02,9.996298309908886459e-01,5.611444508136052001e-01,0.000000000000000000e+00,0.000000000000000000e+00,0.000000000000000000e+00,1.000000000000000056e-01
9.982700579975410937e-01,-5.820543560806164946e-02,-8.307741646310316461e-03,3.670128009424892923e+01,5.798746633191676630e-02,9.980183928191675991e-01,-2.442828981018750276e-02,2.205762056034859864e+00,9.713138215369425052e-03,2.390428539658693771e-02,9.996670646198601018e-01,5.863577043195840055e-01,0.000000000000000000e+00,0.000000000000000000e+00,0.000000000000000000e+00,1.000000000000000056e-01
9.982178711960016937e-01,-5.930810778945688755e-02,-6.605299036133265890e-03,3.771240301102638171e+01,5.912981500777381161e-02,9.979488897683026494e-01,-2.452913344083964414e-02,2.270361441853740114e+00,8.046527329788121657e-03,2.409484925552001638e-02,9.996772937489801780e-01,6.045036097097375993e-01,0.000000000000000000e+00,0.000000000000000000e+00,0.000000000000000000e+00,1.000000000000000056e-01
9.983510700282787198e-01,-5.722820415074023753e-02,-4.480359703440581556e-03,3.870637860728556490e+01,5.710304814335422779e-02,9.980719549111950473e-01,-2.432313122283250723e-02,2.331913446875645057e+00,5.863690487123785280e-03,2.402718188690795842e-02,9.996941090475849334e-01,6.361824048489587158e-01,0.000000000000000000e+00,0.000000000000000000e+00,0.000000000000000000e+00,1.000000000000000056e-01
9.983793893685395382e-01,-5.682785552152674891e-02,-3.031455248969608125e-03,3.972082484657462942e+01,5.675612645465530348e-02,9.981872863708286525e-01,-2.002207375634318040e-02,2.395551175465509885e+00,4.163771603390400283e-03,1.981757211329761639e-02,9.997949423964741511e-01,6.546789042164374850e-01,0.000000000000000000e+00,0.000000000000000000e+00,0.000000000000000000e+00,1.000000000000000056e-01
9.982795478769246333e-01,-5.857521163209008369e-02,-2.624666245234748198e-03,4.072999263259936242e+01,5.850053310818732061e-02,9.980274771510060372e-01,-2.277811400568454867e-02,2.465147989118575911e+00,3.953721879557886912e-03,2.258538097650652013e-02,9.997370997664561942e-01,6.738862074109756017e-01,0.000000000000000000e+00,0.000000000000000000e+00,0.000000000000000000e+00,1.000000000000000056e-01
9.983357839483930629e-01,-5.744711777809804326e-02,-5.048875829003846016e-03,4.174543214509377975e+01,5.732447846101716010e-02,9.981181372421992215e-01,-2.177356831882944210e-02,2.528560706633648625e+00,6.290203281273741565e-03,2.144790822322040907e-02,9.997501790825188417e-01,7.095633216304019220e-01,0.000000000000000000e+00,0.000000000000000000e+00,0.000000000000000000e+00,1.000000000000000056e-01
9.983887704665910245e-01,-5.631946826047568022e-02,-6.926795872969451415e-03,4.277724335604220585e+01,5.618852560183736078e-02,9.982608938311510194e-01,-1.783360418208218209e-02,2.604510573383711947e+00,7.919128544239076653e-03,1.741566370508984204e-02,9.998169742811986449e-01,7.358022173689950929e-01,0.000000000000000000e+00,0.000000000000000000e+00,0.000000000000000000e+00,1.000000000000000056e-01
9.984091347888097712e-01,-5.590771985251219434e-02,-7.316175992510736206e-03,4.383674603164101313e+01,5.575634100354927292e-02,9.982544362003424876e-01,-1.947590933004600053e-02,2.671342777973904070e+00,8.392258823243426216e-03,1.903700257995612558e-02,9.997835578387026523e-01,7.614825021339490796e-01,0.000000000000000000e+00,0.000000000000000000e+00,0.000000000000000000e+00,1.000000000000000056e-01
9.983865593256863180e-01,-5.635411700936479584e-02,-6.963594898662639997e-03,4.484246760622325212e+01,5.618722384342063336e-02,9.981733549656310878e-01,-2.220246187758559767e-02,2.730944739794161080e+00,8.202075017165060683e-03,2.177537445719633993e-02,9.997292428616167959e-01,7.945395884296533318e-01,0.000000000000000000e+00,0.000000000000000000e+00,0.000000000000000000e+00,1.000000000000000056e-01
9.985015619252732844e-01,-5.443546036538841199e-02,-5.604595221585803068e-03,4.582433281631091404e+01,5.429527954395668016e-02,9.982669621559959738e-01,-2.269570195175285229e-02,2.791511946593064231e+00,6.830333230025781473e-03,2.235739078352897216e-02,9.997267094688024880e-01,8.152587674545250795e-01,0.000000000000000000e+00,0.000000000000000000e+00,0.000000000000000000e+00,1.000000000000000056e-01
9.983243707506875841e-01,-5.730586401198354413e-02,-8.030486603170836069e-03,4.673778884013407975e+01,5.713419324082787826e-02,9.981624190249609452e-01,-2.018586656445737690e-02,2.847911158225460149e+00,9.172498458075384331e-03,1.969322716261581382e-02,9.997639931883715025e-01,8.397335525386135924e-01,0.000000000000000000e+00,0.000000000000000000e+00,0.000000000000000000e+00,1.000000000000000056e-01
9.984145372326072021e-01,-5.484764067142965105e-02,-1.265496564106580700e-02,4.769205730843069801e+01,5.460576921365303815e-02,9.983323759468245573e-01,-1.872637458114436229e-02,2.905573698605173227e+00,1.366095938007585824e-02,1.800565047827495588e-02,9.997445547436956126e-01,8.556376618812265855e-01,0.000000000000000000e+00,0.000000000000000000e+00,0.000000000000000000e+00,1.000000000000000056e-01
9.985135171281962485e-01,-5.318809426641332716e-02,-1.190725579579338805e-02,4.865424228038871490e+01,5.293801968331009189e-02,9.983891014942243292e-01,-2.041489871551666752e-02,2.965248349408149409e+00,1.297390397254423802e-02,1.975420577655452592e-02,9.997206855766508360e-01,8.818854801020150624e-01,0.000000000000000000e+00,0.000000000000000000e+00,0.000000000000000000e+00,1.000000000000000056e-01
9.987167519321094034e-01,-4.851289855805698131e-02,-1.453781564311091949e-02,4.961866914806560658e+01,4.821710694819048709e-02,9.986356322869153201e-01,-2.004955172714633152e-02,3.031446649339673893e+00,1.549064258590224751e-02,1.932285176697344162e-02,9.996932866593970513e-01,9.025595636416516854e-01,0.000000000000000000e+00,0.000000000000000000e+00,0.000000000000000000e+00,1.000000000000000056e-01
9.988034104497208743e-01,-4.754858228161768646e-02,-1.144026210427664600e-02,5.062743182733451164e+01,4.727194943106897279e-02,9.986092282750196336e-01,-2.334463537852297932e-02,3.093249523134766754e+00,1.253435562734571754e-02,2.277589794010242280e-02,9.996620170847891895e-01,9.408100104821860432e-01,0.000000000000000000e+00,0.000000000000000000e+00,0.000000000000000000e+00,1.000000000000000056e-01
9.989142908271756438e-01,-4.546661505594140618e-02,-1.015019687472578508e-02,5.157907513938287991e+01,4.522563556843457733e-02,9.987159567077916744e-01,-2.282717031678720143e-02,3.144503694406336702e+00,1.117503774812397474e-02,2.234333754378042824e-02,9.996878981955982235e-01,9.655842719959073506e-01,0.000000000000000000e+00,0.000000000000000000e+00,0.000000000000000000e+00,1.000000000000000056e-01
9.989541004919415546e-01,-4.457302969581309476e-02,-1.019559385578512264e-02,5.253749092301467982e+01,4.428525607072712061e-02,9.986568067894459055e-01,-2.689606565759266113e-02,3.183178442049109158e+00,1.138073833659688019e-02,2.641642059105609938e-02,9.995862401604327374e-01,9.914780735478254670e-01,0.000000000000000000e+00,0.000000000000000000e+00,0.000000000000000000e+00,1.000000000000000056e-01
9.989123718706564015e-01,-4.515961733980806969e-02,-1.160526972808534861e-02,5.352167410350221388e+01,4.479598568270927450e-02,9.985490385237170141e-01,-2.988540329449695943e-02,3.238337500752588749e+00,1.293804430561334463e-02,2.933302959263379278e-02,9.994859580726802584e-01,1.033001889023517084e+00,0.000000000000000000e+00,0.000000000000000000e+00,0.000000000000000000e+00,1.000000000000000056e-01
9.989237867369019641e-01,-4.482395264853323430e-02,-1.191979698528327324e-02,5.448293686051820117e+01,4.446308300632501737e-02,9.985903600938607072e-01,-2.898839383591800961e-02,3.278009563189518527e+00,1.320236875643796166e-02,2.842720521922069421e-02,9.995086750312092150e-01,1.051834019170114098e+00,0.000000000000000000e+00,0.000000000000000000e+00,0.000000000000000000e+00,1.000000000000000056e-01
9.988952524899677998e-01,-4.641372008694238244e-02,-7.351267965083682979e-03,5.542503544893295953e+01,4.615978235616783470e-02,9.984342935434322719e-01,-3.159487251530925661e-02,3.321360074733602730e+00,8.806193606474983435e-03,3.122063522925805010e-02,9.994737229612626894e-01,1.084684281774495940e+00,0.000000000000000000e+00,0.000000000000000000e+00,0.000000000000000000e+00,1.000000000000000056e-01
9.987699133475487212e-01,-4.955218349143107603e-02,-1.800361897402078751e-03,5.636654287682333120e+01,4.947047974291809980e-02,9.982735386403570610e-01,-3.166407561361863493e-02,3.367567521003726583e+00,3.366277727045419079e-03,3.153606129006875786e-02,9.994969459746104734e-01,1.121586408458667528e+00,0.000000000000000000e+00,0.000000000000000000e+00,0.000000000000000000e+00,1.000000000000000056e-01
9.987755381272886979e-01,-4.944382094325447397e-02,-1.653181501322519183e-03,5.732356211918830979e+01,4.937614714879313971e-02,9.983679563228171627e-01,-2.869529370022311579e-02,3.429274396699808491e+00,3.069288400533979992e-03,2.857852967408797476e-02,9.995868382038559652e-01,1.133620685073891465e+00,0.000000000000000000e+00,0.000000000000000000e+00,0.000000000000000000e+00,1.000000000000000056e-01
9.987053377217905981e-01,-5.064729791964713013e-02,-4.743376375813884022e-03,5.822719565714550072e+01,5.049286835350333402e-02,9.983204113205405017e-01,-2.840469303165755674e-02,3.482894003399706673e+00,6.174030404841136799e-03,2.812841186817026731e-02,9.995852508887547172e-01,1.151543723544762310e+00,0.000000000000000000e+00,0.000000000000000000e+00,0.000000000000000000e+00,1.000000000000000056e-01
9.984992593825290363e-01,-5.373715286321593954e-02,-1.056160095328603429e-02,5.914430339859548269e+01,5.341897131107951890e-02,9.981683266875904792e-01,-2.839727278739348493e-02,3.540800404419988556e+00,1.206824413935818699e-02,2.779046598837338344e-02,9.995409183637966599e-01,1.172573232131895793e+00,0.000000000000000000e+00,0.000000000000000000e+00,0.000000000000000000e+00,1.000000000000000056e-01
9.984223745706416464e-01,-5.381679423954872921e-02,-1.601607362931117134e-02,6.008764437319051410e+01,5.337848141676378166e-02,9.982189305959117132e-01,-2.664027630477022388e-02,3.600047296894127502e+00,1.742124215897492695e-02,2.574333423883497576e-02,9.995167737781622819e-01,1.206132996876399410e+00,0.000000000000000000e+00,0.000000000000000000e+00,0.000000000000000000e+00,1.000000000000000056e-01
9.983975569958644103e-01,-5.431293330119817825e-02,-1.588784003284662849e-02,6.100048464382614810e+01,5.393057545020361193e-02,9.982662664177702760e-01,-2.357868452512008883e-02,3.668533799888258784e+00,1.714092227097543247e-02,2.268406067142388766e-02,9.995957293702066870e-01,1.222988744184229759e+00,0.000000000000000000e+00,0.000000000000000000e+00,0.000000000000000000e+00,1.000000000000000056e-01
9.983784063401280884e-01,-5.536399290590810623e-02,-1.324333958111159788e-02,6.191975615963307433e+01,5.507378716696823689e-02,9.982538516537105000e-01,-2.135709778081405427e-02,3.728099771589617362e+00,1.440262895563046604e-02,2.059310438098939725e-02,9.996841942989396212e-01,1.258262736755843880e+00,0.000000000000000000e+00,0.000000000000000000e+00,0.000000000000000000e+00,1.000000000000000056e-01
9.982336192281221487e-01,-5.812238864462270643e-02,-1.230566458862829282e-02,6.280429727236560211e+01,5.785608547804346052e-02,9.981042223284436465e-01,-2.099130161019376398e-02,3.791062050834689057e+00,1.350240037481168637e-02,2.024226539634902192e-02,9.997039241074039406e-01,1.294572639250179069e+00,0.000000000000000000e+00,0.000000000000000000e+00,0.000000000000000000e+00,1.000000000000000056e-01
9.983012741113386213e-01,-5.644251676386725231e-02,-1.445020446355739507e-02,6.363167038348005633e+01,5.613901930982129890e-02,9.982101861820632527e-01,-2.061151894699136261e-02,3.853471802767178378e+00,1.558770729163083679e-02,1.976528531874095773e-02,9.996831282349718517e-01,1.324167023635455465e+00,0.000000000000000000e+00,0.000000000000000000e+00,0.000000000000000000e+00,1.000000000000000056e-01
9.982724092793223702e-01,-5.735874201901784014e-02,-1.273466079849979241e-02,6.445239505492072851e+01,5.712101436699733997e-02,9.981994061920873573e-01,-1.830669810341391604e-02,3.901063854313041812e+00,1.376178002085390664e-02,1.754765487921427017e-02,9.997513156875051932e-01,1.350374178128271874e+00,0.000000000000000000e+00,0.000000000000000000e+00,0.000000000000000000e+00,1.000000000000000056e-01
9.981487500413988023e-01,-5.916647013663669380e-02,-1.408551036929703119e-02,6.526252694540690413e+01,5.890190487232290634e-02,9.980921478850198758e-01,-1.851026560261800555e-02,3.952047856600399367e+00,1.515382437554690410e-02,1.764633508233700784e-02,9.997294476331869406e-01,1.380408884135441605e+00,0.000000000000000000e+00,0.000000000000000000e+00,0.000000000000000000e+00,1.000000000000000056e-01
9.981143038561255398e-01,-6.007469658887051173e-02,-1.260425593031881328e-02,6.606864068852898697e+01,5.983598796920115009e-02,9.980362041533222817e-01,-1.853077826151751026e-02,3.994713925658138098e+00,1.369273462648869233e-02,1.774164673819948398e-02,9.997488399540483961e-01,1.413100863250291050e+00,0.000000000000000000e+00,0.000000000000000000e+00,0.000000000000000000e+00,1.000000000000000056e-01
9.980110234736201402e-01,-6.167891413267463652e-02,-1.302722443774777077e-02,6.681944977425573029e+01,6.144103745260888483e-02,9.979496038530940583e-01,-1.793284936087456705e-02,4.048477432216379235e+00,1.410659214283930575e-02,1.709677515986147978e-02,9.997543219897819800e-01,1.436476992968347854e+00,0.000000000000000000e+00,0.000000000000000000e+00,0.000000000000000000e+00,1.000000000000000056e-01
9.979281114825571120e-01,-6.332217214196980692e-02,-1.139240220847827223e-02,6.760784024818268279e+01,6.311858988795548964e-02,9.978539750966786137e-01,-1.742090681661300627e-02,4.103419031652639326e+00,1.247108348994100877e-02,1.666574027698064508e-02,9.997833391178346796e-01,1.456237082601978816e+00,0.000000000000000000e+00,0.000000000000000000e+00,0.000000000000000000e+00,1.000000000000000056e-01
9.978114153026290678e-01,-6.565250737647748691e-02,-7.882116907652921348e-03,6.835950087469900893e+01,6.552562518293716942e-02,9.977320287894151374e-01,-1.540101204930464235e-02,4.163021812058690152e+00,8.875355550600092999e-03,1.485082499187055302e-02,9.998503293298008909e-01,1.480529066689974638e+00,0.000000000000000000e+00,0.000000000000000000e+00,0.000000000000000000e+00,1.000000000000000056e-01
9.979199805293776926e-01,-6.406983523649939505e-02,-7.125213892526180599e-03,6.905434677850041680e+01,6.397778253522776182e-02,9.978733689537210294e-01,-1.247328644848804367e-02,4.212035212283065988e+00,7.909222599063245665e-03,1.199148638487951453e-02,9.998968189029104892e-01,1.505995379978310567e+00,0.000000000000000000e+00,0.000000000000000000e+00,0.000000000000000000e+00,1.000000000000000056e-01
9.979885941014721151e-01,-6.277019302601138939e-02,-8.869549641573193019e-03,6.971767954693841318e+01,6.267811815388688035e-02,9.979806057474087666e-01,-1.030359435937319712e-02,4.260731742793699262e+00,9.498397130803503882e-03,9.726942968496427727e-03,9.999075792454186207e-01,1.538141114155243017e+00,0.000000000000000000e+00,0.000000000000000000e+00,0.000000000000000000e+00,1.000000000000000056e-01
9.977252073420520562e-01,-6.597871543825920004e-02,-1.382822271213365005e-02,7.040505429087519929e+01,6.584933445044316436e-02,9.977832794616786627e-01,-9.612095459958775248e-03,4.321081547678517154e+00,1.443176311795718418e-02,8.679650673552462628e-03,9.998581838828406454e-01,1.561232503534617067e+00,0.000000000000000000e+00,0.000000000000000000e+00,0.000000000000000000e+00,1.000000000000000056e-01
9.977093457544705668e-01,-6.530796112967882094e-02,-1.763325288398679552e-02,7.114567764510381664e+01,6.513294230993849077e-02,9.978231841999679608e-01,-1.032438371463303278e-02,4.375962953067737082e+00,1.826913299082611603e-02,9.152228478415364715e-03,9.997912159514317221e-01,1.588751033612032737e+00,0.000000000000000000e+00,0.000000000000000000e+00,0.000000000000000000e+00,1.000000000000000056e-01
9.975771214791552266e-01,-6.731233856104922031e-02,-1.757656902826543535e-02,7.185573362916684914e+01,6.713545959543536223e-02,9.976889627089545742e-01,-1.046727059170385679e-02,4.427022155186259411e+00,1.824052538367136253e-02,9.261898626791852107e-03,9.997907283364627640e-01,1.610697636862411963e+00,0.000000000000000000e+00,0.000000000000000000e+00,0.000000000000000000e+00,1.000000000000000056e-01
9.975682591321315407e-01,-6.796273855451630264e-02,-1.544780049906321374e-02,7.253569997810207326e+01,6.782868165211354550e-02,9.976560001324837890e-01,-9.042972132536570076e-03,4.478271893163883632e+00,1.602617600753935070e-02,7.973178025358565110e-03,9.998397822225075782e-01,1.629016109775881738e+00,0.000000000000000000e+00,0.000000000000000000e+00,0.000000000000000000e+00,1.000000000000000056e-01
9.975077093580373422e-01,-6.893531240085302991e-02,-1.504302082289353179e-02,7.317162024358887606e+01,6.879790470063233687e-02,9.975856800806611746e-01,-9.468854566811435100e-03,4.525913319913023258e+00,1.565944060571518304e-02,8.410327116201410033e-03,9.998420116787024581e-01,1.648782134975587788e+00,0.000000000000000000e+00,0.000000000000000000e+00,0.000000000000000000e+00,1.000000000000000056e-01
9.974141179099985655e-01,-6.987287703809463846e-02,-1.681839612563246558e-02,7.375498560578962781e+01,6.970514604616062648e-02,9.975138252569124564e-01,-1.036151707065284186e-02,4.562703732602567896e+00,1.750057166217152196e-02,9.162394651035205700e-03,9.998048712202576294e-01,1.675146743280935491e+00,0.000000000000000000e+00,0.000000000000000000e+00,0.000000000000000000e+00,1.000000000000000056e-01
9.973857257943230525e-01,-6.936489828924904955e-02,-2.025400866627640600e-02,7.439712871704620056e+01,6.901919790222177387e-02,9.974653799447201763e-01,-1.729641964884238298e-02,4.593196241504047705e+00,2.140243683942117531e-02,1.585328663265280630e-02,9.996452415733680930e-01,1.708027014160969914e+00,0.000000000000000000e+00,0.000000000000000000e+00,0.000000000000000000e+00,1.000000000000000056e-01
9.973507876541992667e-01,-6.842872682360644221e-02,-2.467621751501880567e-02,7.502362135255687292e+01,6.793773135343546266e-02,9.974847214099261672e-01,-2.021621162113466583e-02,4.616032053751432329e+00,2.599751957585011430e-02,1.848620834736834986e-02,9.994910650310191436e-01,1.729700414092445904e+00,0.000000000000000000e+00,0.000000000000000000e+00,0.000000000000000000e+00,1.000000000000000056e-01
9.976907406701625014e-01,-6.328633186682137979e-02,-2.465818687302616039e-02,7.561189741309445367e+01,6.279172220322189191e-02,9.978193172204075090e-01,-2.034231561433264696e-02,4.656443372046092044e+00,2.589180572644446052e-02,1.874700991204356071e-02,9.994889514224666316e-01,1.759555083961604316e+00,0.000000000000000000e+00,0.000000000000000000e+00,0.000000000000000000e+00,1.000000000000000056e-01
9.980018074254721760e-01,-5.850706697751275470e-02,-2.386033296455981889e-02,7.618340618260747021e+01,5.813458453659741537e-02,9.981802521382454607e-01,-1.601731319497636669e-02,4.709091250381542082e+00,2.475403919056509000e-02,1.459819697488671381e-02,9.995869798015750707e-01,1.771119416878854214e+00,0.000000000000000000e+00,0.000000000000000000e+00,0.000000000000000000e+00,1.000000000000000056e-01
9.984744406489963753e-01,-5.140939853555832884e-02,-2.014609423401886659e-02,7.672224765617147568e+01,5.104288022263611668e-02,9.985287158980346023e-01,-1.830376752474286231e-02,4.728446495568366714e+00,2.105743928523736916e-02,1.724752936609593237e-02,9.996294848500189012e-01,1.798659110857875332e+00,0.000000000000000000e+00,0.000000000000000000e+00,0.000000000000000000e+00,1.000000000000000056e-01
9.988824389594126441e-01,-4.403913031953858581e-02,-1.715890844995433817e-02,7.728870866961339914e+01,4.364468010113406460e-02,9.987886974679827112e-01,-2.272178930190529508e-02,4.735424981411281209e+00,1.813877166086196036e-02,2.194750124522614962e-02,9.995945638866419181e-01,1.818837319202680325e+00,0.000000000000000000e+00,0.000000000000000000e+00,0.000000000000000000e+00,1.000000000000000056e-01
9.992539091585955768e-01,-3.579626085686415243e-02,-1.450009448012238265e-02,7.784336687592936244e+01,3.542351564929079738e-02,9.990547334932089463e-01,-2.519551594743882697e-02,4.740628783545268732e+00,1.538829328774281822e-02,2.466307348001317221e-02,9.995773773131372275e-01,1.851615204622944377e+00,0.000000000000000000e+00,0.000000000000000000e+00,0.000000000000000000e+00,1.000000000000000056e-01
9.996043924796050861e-01,-2.395995132052957180e-02,-1.473021616261669178e-02,7.833007996596883515e+01,2.364376803690759407e-02,9.994940048907396957e-01,-2.127689875162533384e-02,4.755068732638987328e+00,1.523255620362084020e-02,2.092020363638609493e-02,9.996651010770135626e-01,1.876335553431403014e+00,0.000000000000000000e+00,0.000000000000000000e+00,0.000000000000000000e+00,1.000000000000000056e-01
9.998485745195502261e-01,-9.639526972022223819e-03,-1.448818660078528102e-02,7.883419820801547928e+01,9.355736233964731183e-03,9.997655069313375886e-01,-1.952949947761058874e-02,4.765172667921466321e+00,1.467304435841443148e-02,1.939099456142383965e-02,9.997043018308837681e-01,1.884052651709626325e+00,0.000000000000000000e+00,0.000000000000000000e+00,0.000000000000000000e+00,1.000000000000000056e-01
9.998661874845079511e-01,9.237768604114553889e-03,-1.350076873409834267e-02,7.932718455485012043e+01,-9.406336201090544774e-03,9.998779267518304037e-01,-1.247607445206358641e-02,4.756703481262878341e+00,1.338386956253031536e-02,1.260139776684379188e-02,9.998310241285048861e-01,1.898813576290542038e+00,0.000000000000000000e+00,0.000000000000000000e+00,0.000000000000000000e+00,1.000000000000000056e-01
9.994206944090537892e-01,3.140527411496796956e-02,-1.311428018186205392e-02,7.981779276049145722e+01,-3.159368619386660609e-02,9.993968304451293916e-01,-1.441576529056566580e-02,4.727491752734295893e+00,1.265363898679505543e-02,1.482174260985926612e-02,9.998100826488993675e-01,1.918259060997968612e+00,0.000000000000000000e+00,0.000000000000000000e+00,0.000000000000000000e+00,1.000000000000000056e-01
9.983481170991734821e-01,5.601213983040068817e-02,-1.279364202072918316e-02,8.030455492127185835e+01,-5.623043373008657780e-02,9.982663143063521538e-01,-1.739264337982340120e-02,4.708156389691554367e+00,1.179726269357723317e-02,1.808330480943716456e-02,9.997668821680920637e-01,1.937064103860796305e+00,0.000000000000000000e+00,0.000000000000000000e+00,0.000000000000000000e+00,1.000000000000000056e-01
9.963683573634192214e-01,8.443001043527981198e-02,-1.103040265902916449e-02,8.077366180864294165e+01,-8.462212282969452937e-02,9.962451136073507962e-01,-1.829671941285795911e-02,4.658964324430939108e+00,9.444192539220351221e-03,1.916368835520202568e-02,9.997717540898556354e-01,1.953685767106677407e+00,0.000000000000000000e+00,0.000000000000000000e+00,0.000000000000000000e+00,1.000000000000000056e-01
9.930563955538853627e-01,1.172673498178512935e-01,-9.346866652670244788e-03,8.123906427108489936e+01,-1.174279307927433430e-01,9.928989352569589366e-01,-1.903642391133254438e-02,4.595560964374297619e+00,7.048142965333919867e-03,2.000182572404245532e-02,9.997751000342253169e-01,1.969017435273503702e+00,0.000000000000000000e+00,0.000000000000000000e+00,0.000000000000000000e+00,1.000000000000000056e-01
