1.000000000000000000e+00,-2.202330541828587083e-09,-1.904172510569200211e-09,5.707553423965532851e-14,2.202330541144148893e-09,1.000000000000000000e+00,-3.594413426964829359e-10,9.971753199430461939e-15,1.904172511360808749e-09,3.594413385028656206e-10,1.000000000000000000e+00,6.562756724423330814e-15,0.000000000000000000e+00,0.000000000000000000e+00,0.000000000000000000e+00,1.000000000000000056e-01
9.999475174231822194e-01,-1.010065170785060841e-02,-1.714419520217067786e-03,6.678044582506483806e-01,1.009459689867493216e-02,9.999429076843403541e-01,-3.504352328198688353e-03,1.865201528386064775e-02,1.749717882365376537e-03,3.486862036786616582e-03,9.999923901112790503e-01,1.149667429835817337e-02,0.000000000000000000e+00,0.000000000000000000e+00,0.000000000000000000e+00,1.000000000000000056e-01
9.998000151313168882e-01,-1.919993824663095844e-02,-5.593935532702982820e-03,1.362563841916695440e+00,1.917775762063432532e-02,9.998081197883518234e-01,-3.992144527065649359e-03,1.795512609444296220e-02,5.669511095560307405e-03,3.884067018775008619e-03,9.999763850548326616e-01,1.988668279662970245e-02,0.000000000000000000e+00,0.000000000000000000e+00,0.000000000000000000e+00,1.000000000000000056e-01
9.996368607418538721e-01,-2.529786849607363816e-02,-9.282483273721523973e-03,2.115647894917136451e+00,2.526622506096202689e-02,9.996745940502199668e-01,-3.510538661920429605e-03,3.131168179996666329e-02,9.368271843855165495e-03,3.274730535996583057e-03,9.999507545987333934e-01,2.254508974305578783e-02,0.000000000000000000e+00,0.000000000000000000e+00,0.000000000000000000e+00,1.000000000000000056e-01
9.993353385410915779e-01,-3.464334616627434693e-02,-1.134547087455906565e-02,2.868274983753693608e+00,3.461771986038662818e-02,9.993976303492645430e-01,-2.447432111960939471e-03,6.781404474955717021e-02,1.142342394510404736e-02,2.053051065743163265e-03,9.999326429148575057e-01,4.173303408364187339e-02,0.000000000000000000e+00,0.000000000000000000e+00,0.000000000000000000e+00,1.000000000000000056e-01
9.991054243409488445e-01,-4.033442168967230068e-02,-1.270769371098554902e-02,3.584186815262626613e+00,4.027676706579466637e-02,9.991772198913085878e-01,-4.760807179814076535e-03,1.005759552087082676e-01,1.288926247774664809e-02,4.244723458052749969e-03,9.999079203784438930e-01,5.591070537939851759e-02,0.000000000000000000e+00,0.000000000000000000e+00,0.000000000000000000e+00,1.000000000000000056e-01
9.988255289353999977e-01,-4.539843232893614466e-02,-1.692764274769142929e-02,4.320792438083015163e+00,4.532374779998170344e-02,9.989609625712829732e-01,-4.770025578483065923e-03,1.453677489591347627e-01,1.712660597672868712e-02,3.997199110719180243e-03,9.998453389234692734e-01,8.207862249074798777e-02,0.000000000000000000e+00,0.000000000000000000e+00,0.000000000000000000e+00,1.000000000000000056e-01
9.982452357683382349e-01,-5.567488672225218149e-02,-2.016819908368851222e-02,5.109939756364338059e+00,5.560127411554302568e-02,9.984442487272533473e-01,-4.192910707240980403e-03,1.797315256292368046e-01,2.037026221095721706e-02,3.064175571836353588e-03,9.997878091102740949e-01,1.034755381227863008e-01,0.000000000000000000e+00,0.000000000000000000e+00,0.000000000000000000e+00,1.000000000000000056e-01
9.977517850195543048e-01,-6.337591039420018002e-02,-2.179149999425036149e-02,5.893704710408285585e+00,6.328678747319485542e-02,9.979840490055180702e-01,-4.756097336521193653e-03,2.556257999961920602e-01,2.204899139679115938e-02,3.366290578382519910e-03,9.997512240883359436e-01,1.201991710002924124e-01,0.000000000000000000e+00,0.000000000000000000e+00,0.000000000000000000e+00,1.000000000000000056e-01
9.974520027904127950e-01,-6.839024889109183991e-02,-2.030458041942247854e-02,6.698471768257496350e+00,6.831220715551707123e-02,9.976537834165440932e-01,-4.513400956817658835e-03,3.249290499838419777e-01,2.056561409090437026e-02,3.114850119956494995e-03,9.997836532099303453e-01,1.550786289261651130e-01,0.000000000000000000e+00,0.000000000000000000e+00,0.000000000000000000e+00,1.000000000000000056e-01
9.970683565138829252e-01,-7.333791557324043087e-02,-2.182298279513527825e-02,7.506536347147581445e+00,7.321808215108724371e-02,9.972964234222760904e-01,-6.241496235100261331e-03,3.860180163936560715e-01,2.222172101393475943e-02,4.625361446243026614e-03,9.997423673860533766e-01,1.802680585090215282e-01,0.000000000000000000e+00,0.000000000000000000e+00,0.000000000000000000e+00,1.000000000000000056e-01
9.967532822208751142e-01,-7.718635388493787219e-02,-2.291639491415768670e-02,8.332248741088088551e+00,7.707398822746956701e-02,9.970088066976835472e-01,-5.748017568952407119e-03,4.627668830432634661e-01,2.329151606539121844e-02,3.963097426286733838e-03,9.997208606096831263e-01,2.113118426970417019e-01,0.000000000000000000e+00,0.000000000000000000e+00,0.000000000000000000e+00,1.000000000000000056e-01
9.960622194524566542e-01,-8.494567196072161375e-02,-2.538282479527518079e-02,9.187025925283432315e+00,8.481331306713035811e-02,9.963772681908098505e-01,-6.248308506785501745e-03,5.303196350423675653e-01,2.582163639320902634e-02,4.070902573202639374e-03,9.996582770358161119e-01,2.443046937929301554e-01,0.000000000000000000e+00,0.000000000000000000e+00,0.000000000000000000e+00,1.000000000000000056e-01
9.959499023712012900e-01,-8.540335960723957620e-02,-2.810797279405084087e-02,9.948653391484780784e+00,8.519085260490905087e-02,9.963268840195814713e-01,-8.675183702960723858e-03,6.113962243810401320e-01,2.874561878344666227e-02,6.245506194695191887e-03,9.995672478893697921e-01,2.847736708180924614e-01,0.000000000000000000e+00,0.000000000000000000e+00,0.000000000000000000e+00,1.000000000000000056e-01
9.958412971410310899e-01,-8.693089581166710267e-02,-2.726041565805181061e-02,1.071818997394830042e+01,8.680919611002610448e-02,9.962091114394362457e-01,-5.618696982388195378e-03,6.922987148703881877e-01,2.764551282215080286e-02,3.228875722283212381e-03,9.996125749420974316e-01,3.125854829811730018e-01,0.000000000000000000e+00,0.000000000000000000e+00,0.000000000000000000e+00,1.000000000000000056e-01
9.953121180669829426e-01,-9.234573374751772756e-02,-2.874113928933320558e-02,1.151899954861316999e+01,9.206356517258273975e-02,9.956924433646513473e-01,-1.099355239420460491e-02,8.072269671011214065e-01,2.963254286641456639e-02,8.296004168458331537e-03,9.995264322258351486e-01,3.370838160460162269e-01,0.000000000000000000e+00,0.000000000000000000e+00,0.000000000000000000e+00,1.000000000000000056e-01
9.948669123539332082e-01,-9.646087573663819636e-02,-3.057983249581602836e-02,1.236777701146594488e+01,9.618072884229295072e-02,9.953084311856157385e-01,-1.050686490794476916e-02,9.061928451344993807e-01,3.144986649759647090e-02,7.511741672164086274e-03,9.994771031065864397e-01,3.770707938262583547e-01,0.000000000000000000e+00,0.000000000000000000e+00,0.000000000000000000e+00,1.000000000000000056e-01
9.943546823812872137e-01,-9.995255122854074248e-02,-3.561254174185340265e-02,1.325419469911882153e+01,9.974063573529051707e-02,9.949838094352310147e-01,-7.682743317069499686e-03,1.012373159914654597e+00,3.620181224095559563e-02,4.087354237379570501e-03,9.993361408083912822e-01,4.282772811115806988e-01,0.000000000000000000e+00,0.000000000000000000e+00,0.000000000000000000e+00,1.000000000000000056e-01
9.943281340308601779e-01,-9.882589032531928497e-02,-3.930655512908428489e-02,1.416587870024525841e+01,9.880255367448480264e-02,9.951038140947819910e-01,-2.540582889431692790e-03,1.120804827330838416e+00,3.936517829387194828e-02,-1.357414979101099388e-03,9.992239689691526650e-01,4.720940933035642217e-01,0.000000000000000000e+00,0.000000000000000000e+00,0.000000000000000000e+00,1.000000000000000056e-01
9.920757646240619954e-01,-1.187120529103964789e-01,-4.114760915754397258e-02,1.506676110541292601e+01,1.185217635955853749e-01,9.929264817963128209e-01,-7.042251187561384199e-03,1.330431765772112529e+00,4.169255089071596115e-02,2.109559526480699748e-03,9.991282605145493934e-01,5.036685572388985843e-01,0.000000000000000000e+00,0.000000000000000000e+00,0.000000000000000000e+00,1.000000000000000056e-01
9.915286260642586225e-01,-1.237184993489724716e-01,-3.955649901042553040e-02,1.601524610164507934e+01,1.235016370857535406e-01,9.923130084358577907e-01,-7.889165108935430187e-03,1.470821502370431633e+00,4.022846420461916039e-02,2.937040656088290604e-03,9.991861910874880737e-01,5.545023111872555699e-01,0.000000000000000000e+00,0.000000000000000000e+00,0.000000000000000000e+00,1.000000000000000056e-01
9.910615494815036008e-01,-1.273525092283454008e-01,-3.972837188415023757e-02,1.693170968554472111e+01,1.271092496366986735e-01,9.918514364683186368e-01,-8.600385603460549214e-03,1.595540310970248399e+00,4.049992340877402175e-02,3.473667942821976034e-03,9.991735033691128143e-01,6.003061420835335005e-01,0.000000000000000000e+00,0.000000000000000000e+00,0.000000000000000000e+00,1.000000000000000056e-01
9.904568281300046850e-01,-1.316583577519651882e-01,-4.075964235252677731e-02,1.779382091366411345e+01,1.313777872887497422e-01,9.912868640410080756e-01,-9.498957145711316857e-03,1.742140317686514006e+00,4.165511514522996644e-02,4.053395342128296615e-03,9.991238268445198356e-01,6.563354816697823946e-01,0.000000000000000000e+00,0.000000000000000000e+00,0.000000000000000000e+00,1.000000000000000056e-01
9.902179955498205954e-01,-1.327812899031920457e-01,-4.286549125975408492e-02,1.869471453150186591e+01,1.324375169262868024e-01,9.911327875661574138e-01,-1.077504161188262526e-02,1.856297142971081504e+00,4.391611776665917122e-02,4.992640882617039796e-03,9.990227465565146847e-01,6.875596679616714502e-01,0.000000000000000000e+00,0.000000000000000000e+00,0.000000000000000000e+00,1.000000000000000056e-01
9.898412707543586819e-01,-1.356473931986230119e-01,-4.259158872141945856e-02,1.961308249375331059e+01,1.352335688521036916e-01,9.907353375583727306e-01,-1.246486135584622817e-02,1.980294443886902567e+00,4.388781797856568939e-02,6.578421658369169173e-03,9.990148065977625391e-01,7.468488337586247638e-01,0.000000000000000000e+00,0.000000000000000000e+00,0.000000000000000000e+00,1.000000000000000056e-01
9.878732063729570578e-01,-1.496222911060368921e-01,-4.146924323632431020e-02,2.053192153779798446e+01,1.492086295829752884e-01,9.887213971922699240e-01,-1.291447219735106407e-02,2.147178626065227025e+00,4.293382103171754227e-02,6.570292105076586467e-03,9.990563138648743680e-01,7.890881247623345862e-01,0.000000000000000000e+00,0.000000000000000000e+00,0.000000000000000000e+00,1.000000000000000056e-01
9.878797510249455183e-01,-1.498563562530188520e-01,-4.045577839394418063e-02,2.144639644660320599e+01,1.494318098557592123e-01,9.886820574086336855e-01,-1.333879910124729194e-02,2.286735409052511159e+00,4.199680604669644990e-02,7.131749350581343197e-03,9.990922912489499375e-01,8.337084689926322900e-01,0.000000000000000000e+00,0.000000000000000000e+00,0.000000000000000000e+00,1.000000000000000056e-01
9.878068407538822537e-01,-1.511767310159356781e-01,-3.719195288190509097e-02,2.239703159760159323e+01,1.507955917522874334e-01,9.884812589921184722e-01,-1.286429669409717633e-02,2.454344093266824345e+00,3.870833073011381575e-02,7.099057732666672754e-03,9.992253342021489848e-01,8.804315913094957757e-01,0.000000000000000000e+00,0.000000000000000000e+00,0.000000000000000000e+00,1.000000000000000056e-01
9.876327641927840073e-01,-1.523674746821288284e-01,-3.695505042496156911e-02,2.335788621668151066e+01,1.519985845011784520e-01,9.883002571954632165e-01,-1.261078653452503764e-02,2.613557450009081240e+00,3.844415953768180738e-02,6.837710608974271499e-03,9.992373553420974552e-01,9.325666940799198779e-01,0.000000000000000000e+00,0.000000000000000000e+00,0.000000000000000000e+00,1.000000000000000056e-01
9.877972090915759784e-01,-1.513126665389264991e-01,-3.689377529845539599e-02,2.429667757254905425e+01,1.508748348324982502e-01,9.884481032370916465e-01,-1.439206104983310405e-02,2.755380077223884783e+00,3.864528334945497440e-02,8.650095483598956025e-03,9.992155512815865670e-01,9.820938089494818390e-01,0.000000000000000000e+00,0.000000000000000000e+00,0.000000000000000000e+00,1.000000000000000056e-01
9.876852042707270352e-01,-1.512958152934897882e-01,-3.984361353304339409e-02,2.524683440431647696e+01,1.507938166903514121e-01,9.884463006157346854e-01,-1.533413339662273618e-02,2.911896293808276415e+00,4.170326261396093553e-02,9.137126120774953161e-03,9.990882597716800317e-01,1.031808065536026442e+00,0.000000000000000000e+00,0.000000000000000000e+00,0.000000000000000000e+00,1.000000000000000056e-01
9.879851770193667226e-01,-1.483214607308489807e-01,-4.342849613649807372e-02,2.619853547750205180e+01,1.477475202713248448e-01,9.888931155139382145e-01,-1.615785699934485856e-02,3.061730443011632552e+00,4.534269779892960428e-02,9.547270594470944755e-03,9.989258678102749256e-01,1.079033758021763933e+00,0.000000000000000000e+00,0.000000000000000000e+00,0.000000000000000000e+00,1.000000000000000056e-01
9.875573444245079324e-01,-1.491457223189087411e-01,-4.986025458403443855e-02,2.716379731678764031e+01,1.485506963050017004e-01,9.887840221206872782e-01,-1.545471533660036992e-02,3.214120726844842402e+00,5.160602775367338635e-02,7.855642100246806869e-03,9.986366239962761737e-01,1.143663041997205587e+00,0.000000000000000000e+00,0.000000000000000000e+00,0.000000000000000000e+00,1.000000000000000056e-01
9.872507968826912395e-01,-1.519505916676852642e-01,-4.740128422660724872e-02,2.811971183352359560e+01,1.511784249444691475e-01,9.883143045998314946e-01,-1.949151494012484054e-02,3.336254176627650558e+00,4.980911448520980445e-02,1.207696216736553647e-02,9.986857359044472027e-01,1.213195911543833772e+00,0.000000000000000000e+00,0.000000000000000000e+00,0.000000000000000000e+00,1.000000000000000056e-01
9.872937981517897477e-01,-1.531155472514846572e-01,-4.250394476859009618e-02,2.911852403848855886e+01,1.524591574993845733e-01,9.881403951694701648e-01,-1.829657697224156693e-02,3.489161759942304375e+00,4.480135517582962967e-02,1.158398136228133354e-02,9.989287511880952097e-01,1.287762520807465894e+00,0.000000000000000000e+00,0.000000000000000000e+00,0.000000000000000000e+00,1.000000000000000056e-01
9.875150994825783179e-01,-1.519906709204079942e-01,-4.138555601991748129e-02,3.006371919780123392e+01,1.511655332091526860e-01,9.882545319152957752e-01,-2.240450219201875828e-02,3.616238851574611335e+00,4.430473861232048921e-02,1.586871456810096462e-02,9.988920232109425035e-01,1.337468370588420052e+00,0.000000000000000000e+00,0.000000000000000000e+00,0.000000000000000000e+00,1.000000000000000056e-01
9.868817087867457483e-01,-1.555233649374477556e-01,-4.332407899409036062e-02,3.099247404625163327e+01,1.543054486452989649e-01,9.875619936300336077e-01,-3.018505020447120185e-02,3.748749138819752247e+00,4.747969440219409337e-02,2.310393247927476634e-02,9.986049704079523748e-01,1.400840254485584691e+00,0.000000000000000000e+00,0.000000000000000000e+00,0.000000000000000000e+00,1.000000000000000056e-01
9.864643088887742328e-01,-1.572538290109447290e-01,-4.646935065168959073e-02,3.195406212224602172e+01,1.559100600578127993e-01,9.872760785791375726e-01,-3.127295697835014154e-02,3.899248888323064044e+00,5.079587051485909971e-02,2.360461664160405648e-02,9.984300684634055401e-01,1.451957095186449553e+00,0.000000000000000000e+00,0.000000000000000000e+00,0.000000000000000000e+00,1.000000000000000056e-01
9.861057703257131157e-01,-1.583707223238517703e-01,-5.014104148253666071e-02,3.292929933221871863e+01,1.569395326769333632e-01,9.871113715538804012e-01,-3.132288671503343641e-02,4.054106065519174074e+00,5.445542042329480636e-02,2.301856771474905528e-02,9.982508465946240417e-01,1.502742160560927909e+00,0.000000000000000000e+00,0.000000000000000000e+00,0.000000000000000000e+00,1.000000000000000056e-01
9.860865445498833148e-01,-1.578063026138604164e-01,-5.225416263814569584e-02,3.389064830127978922e+01,1.562581064391003194e-01,9.871807465527077108e-01,-3.252042139495391754e-02,4.213132566411794677e+00,5.671623074339363080e-02,2.390281345325877618e-02,9.981041652449311741e-01,1.561653028494319306e+00,0.000000000000000000e+00,0.000000000000000000e+00,0.000000000000000000e+00,1.000000000000000056e-01
9.854294802666475617e-01,-1.623079181405542859e-01,-5.084170660278843762e-02,3.484592698953808565e+01,1.607444802003321072e-01,9.864277184762252348e-01,-3.348982393076970626e-02,4.362333168405138295e+00,5.558733224872317719e-02,2.482933608995690697e-02,9.981450558725429856e-01,1.635564358673232022e+00,0.000000000000000000e+00,0.000000000000000000e+00,0.000000000000000000e+00,1.000000000000000056e-01
9.848912878680687877e-01,-1.650758680414112500e-01,-5.233649655786522942e-02,3.582958580656075753e+01,1.634291299338755110e-01,9.859568909460555419e-01,-3.435009002963936020e-02,4.549325074900979260e+00,5.727190035814507668e-02,2.527779631143643388e-02,9.980385575933448106e-01,1.696604429797967661e+00,0.000000000000000000e+00,0.000000000000000000e+00,0.000000000000000000e+00,1.000000000000000056e-01
9.845147166109952108e-01,-1.674610650969270975e-01,-5.184172501927969412e-02,3.680595109990798619e+01,1.657509004446154344e-01,9.855203256994958805e-01,-3.572571391811239783e-02,4.706455653343524226e+00,5.707373982989943917e-02,2.657967851126815870e-02,9.980160864996447945e-01,1.775074289322436494e+00,0.000000000000000000e+00,0.000000000000000000e+00,0.000000000000000000e+00,1.000000000000000056e-01
9.842713072154535281e-01,-1.689624425421626386e-01,-5.159153809074468189e-02,3.780530560969685183e+01,1.672548729202079087e-01,9.852626337974486059e-01,-3.582387370120311554e-02,4.878962958023275398e+00,5.688410390282572227e-02,2.663147485027893280e-02,9.980255323740327977e-01,1.843029235071881544e+00,0.000000000000000000e+00,0.000000000000000000e+00,0.000000000000000000e+00,1.000000000000000056e-01
9.843816542395071867e-01,-1.691666711919803667e-01,-4.873803601414195691e-02,3.878032741289938201e+01,1.675965061761949815e-01,9.852445143052355192e-01,-3.470818561914802702e-02,5.045471891645652462e+00,5.389035084524900626e-02,2.599777662156904992e-02,9.982083678754205547e-01,1.921335442356367995e+00,0.000000000000000000e+00,0.000000000000000000e+00,0.000000000000000000e+00,1.000000000000000056e-01
9.841108498820482220e-01,-1.707124064762789439e-01,-4.881710171149608590e-02,3.977836492508716049e+01,1.693401687031624858e-01,9.850695115513209421e-01,-3.101555538155749414e-02,5.235496570809861083e+00,5.338297863567859070e-02,2.225604832668409000e-02,9.983260619180804873e-01,1.980583238805893265e+00,0.000000000000000000e+00,0.000000000000000000e+00,0.000000000000000000e+00,1.000000000000000056e-01
9.831081022362356814e-01,-1.749670423002935848e-01,-5.371213481285590924e-02,4.077622321444777498e+01,1.732192317222829847e-01,9.842371892092833807e-01,-3.566865765558440565e-02,5.428813600584791565e+00,5.910632012745472424e-02,2.576217161064897621e-02,9.979192118778424936e-01,2.066029379815235600e+00,0.000000000000000000e+00,0.000000000000000000e+00,0.000000000000000000e+00,1.000000000000000056e-01
9.829407960948929324e-01,-1.756532992841068896e-01,-5.452806454428812954e-02,4.179388235754017700e+01,1.740832937748416631e-01,9.841992385742782679e-01,-3.235530278506135865e-02,5.605813154398637366e+00,5.934979528894976375e-02,2.231092199840268089e-02,9.979878879819839010e-01,2.157155484868126916e+00,0.000000000000000000e+00,0.000000000000000000e+00,0.000000000000000000e+00,1.000000000000000056e-01
9.821747127319796489e-01,-1.788241313458256709e-01,-5.792032215262690048e-02,4.281005654185441500e+01,1.770866936198013109e-01,9.836113282729495033e-01,-3.389775561789545866e-02,5.788233626336810822e+00,6.303282170948572294e-02,2.303660004286288768e-02,9.977455479458704479e-01,2.236816864127080251e+00,0.000000000000000000e+00,0.000000000000000000e+00,0.000000000000000000e+00,1.000000000000000056e-01
9.829169375223886229e-01,-1.739614349334407395e-01,-6.009752979538390133e-02,4.381604551431546923e+01,1.721286914929187062e-01,9.844710603337509802e-01,-3.447382964330535093e-02,5.914809419566015691e+00,6.516139575350116120e-02,2.354040189203010849e-02,9.975970338679928107e-01,2.320099488782850550e+00,0.000000000000000000e+00,0.000000000000000000e+00,0.000000000000000000e+00,1.000000000000000056e-01
9.825910936068342760e-01,-1.767066906308856489e-01,-5.735406045613483661e-02,4.480825238199501825e+01,1.747915960708938121e-01,9.839142796111745026e-01,-3.688615350254031977e-02,6.101640999189934078e+00,6.294950919201040829e-02,2.621899814073631527e-02,9.976722525103026706e-01,2.414518941578465139e+00,0.000000000000000000e+00,0.000000000000000000e+00,0.000000000000000000e+00,1.000000000000000056e-01
9.825946393576578952e-01,-1.769713865057318813e-01,-5.647037332826068678e-02,4.578760531198049932e+01,1.751137004281954901e-01,9.838771999766863230e-01,-3.634346280116831918e-02,6.264366195940887394e+00,6.199166579418952105e-02,2.582215568604903991e-02,9.977425768442413911e-01,2.489190862243321867e+00,0.000000000000000000e+00,0.000000000000000000e+00,0.000000000000000000e+00,1.000000000000000056e-01
9.815945888733752511e-01,-1.812053032417091369e-01,-6.030506754485537996e-02,4.670443269433905442e+01,1.793497870566196917e-01,9.831653397346971079e-01,-3.492232276213486086e-02,6.443116276526509090e+00,6.561796230647909400e-02,2.346386203159621028e-02,9.975689100013631627e-01,2.574660245245610213e+00,0.000000000000000000e+00,0.000000000000000000e+00,0.000000000000000000e+00,1.000000000000000056e-01
9.814325185081145264e-01,-1.801586475957938083e-01,-6.582608382149078563e-02,4.766548145281382176e+01,1.781143390822811368e-01,9.833599915009800796e-01,-3.575485041885452520e-02,6.606884800717542028e+00,7.117228272369470476e-02,2.336640348121764299e-02,9.971903115054073785e-01,2.635311815325945606e+00,0.000000000000000000e+00,0.000000000000000000e+00,0.000000000000000000e+00,1.000000000000000056e-01
9.813540366292837769e-01,-1.806784658313528857e-01,-6.557092935317457294e-02,4.861646931363475943e+01,1.784002901891526549e-01,9.831797633293427596e-01,-3.912658226939527695e-02,6.784577337297077904e+00,7.153734166039776854e-02,2.669915662500004991e-02,9.970805202107185794e-01,2.721569055521638969e+00,0.000000000000000000e+00,0.000000000000000000e+00,0.000000000000000000e+00,1.000000000000000056e-01
9.818820498207663228e-01,-1.785104030660598917e-01,-6.357417901131690030e-02,4.958626858928855086e+01,1.762749495496750696e-01,9.835587646748351620e-01,-3.923389596473756541e-02,6.988771051235255882e+00,6.953259955610482934e-02,2.731652299442931947e-02,9.972056082726696857e-01,2.809727568969638156e+00,0.000000000000000000e+00,0.000000000000000000e+00,0.000000000000000000e+00,1.000000000000000056e-01
9.827747323930681178e-01,-1.739396912740695522e-01,-6.244044497931346832e-02,5.058318131485283686e+01,1.717239260031975800e-01,9.843611480823655224e-01,-3.929406296141273180e-02,7.176442541474930437e+00,6.829874528702276071e-02,2.789469385830441184e-02,9.972748705581474526e-01,2.909410649613785704e+00,0.000000000000000000e+00,0.000000000000000000e+00,0.000000000000000000e+00,1.000000000000000056e-01
9.826767784328866995e-01,-1.747347264194691885e-01,-6.175859868776591155e-02,5.151631077498816325e+01,1.721745130011134162e-01,9.840546758504583602e-01,-4.463554648123870677e-02,7.357658323952597890e+00,6.857321781565077490e-02,3.322905836707772814e-02,9.970925450922019095e-01,2.989266722497472717e+00,0.000000000000000000e+00,0.000000000000000000e+00,0.000000000000000000e+00,1.000000000000000056e-01
9.831686589154223777e-01,-1.718116085461525999e-01,-6.213018022856152400e-02,5.245297975104067945e+01,1.692326011822235798e-01,9.845634028753807998e-01,-4.466802453152668440e-02,7.526237774154643567e+00,6.884558681243384270e-02,3.340174976306245491e-02,9.970680058497601861e-01,3.067016515905375051e+00,0.000000000000000000e+00,0.000000000000000000e+00,0.000000000000000000e+00,1.000000000000000056e-01
9.833900600830205452e-01,-1.711623191481700390e-01,-6.039412416562760233e-02,5.343428606344765797e+01,1.685301846179003138e-01,9.846080015483318348e-01,-4.631047570104091654e-02,7.698372347214137434e+00,6.739114632182553744e-02,3.536302858665028165e-02,9.970997390465058396e-01,3.162761728160284225e+00,0.000000000000000000e+00,0.000000000000000000e+00,0.000000000000000000e+00,1.000000000000000056e-01
9.819922273490285791e-01,-1.793051665026718922e-01,-5.950565260160508435e-02,5.439992483815325386e+01,1.765643290758025785e-01,9.830913724480596638e-01,-4.854267314644027803e-02,7.876155881706728756e+00,6.720344577553664933e-02,3.716195209672857463e-02,9.970469829412528240e-01,3.239163944627881264e+00,0.000000000000000000e+00,0.000000000000000000e+00,0.000000000000000000e+00,1.000000000000000056e-01
9.822235900270600562e-01,-1.794948578368727177e-01,-5.494010561033425138e-02,5.531816859905264749e+01,1.768850371074488226e-01,9.830011001965379691e-01,-4.919878717907862770e-02,8.039696590665929676e+00,6.283711357032784051e-02,3.860612674844077913e-02,9.972768242246647930e-01,3.318539440236752291e+00,0.000000000000000000e+00,0.000000000000000000e+00,0.000000000000000000e+00,1.000000000000000056e-01
9.822347146434516896e-01,-1.808144744371360524e-01,-5.021046886177509688e-02,5.623562082479662649e+01,1.784031125250777894e-01,9.827375217014900910e-01,-4.898257732477571957e-02,8.228390157848192388e+00,5.820047070824640317e-02,3.915468393481771892e-02,9.975367742270472293e-01,3.404490869168832479e+00,0.000000000000000000e+00,0.000000000000000000e+00,0.000000000000000000e+00,1.000000000000000056e-01
9.822962019037687620e-01,-1.813547009584550174e-01,-4.695363847136495294e-02,5.714539026562852797e+01,1.794935631813379118e-01,9.828941299422853106e-01,-4.124548583136256746e-02,8.407987447355697697e+00,5.363051838176981223e-02,3.208740820426952273e-02,9.980451721905352347e-01,3.488678686126624573e+00,0.000000000000000000e+00,0.000000000000000000e+00,0.000000000000000000e+00,1.000000000000000056e-01
9.815343212280124296e-01,-1.848350417047956162e-01,-4.925833543118780106e-02,5.800344210549024382e+01,1.829623587433975851e-01,9.822983921328906076e-01,-4.018263426145819717e-02,8.581297664269525782e+00,5.581354257272354985e-02,3.042821340671025485e-02,9.979774407742684206e-01,3.573312049313425831e+00,0.000000000000000000e+00,0.000000000000000000e+00,0.000000000000000000e+00,1.000000000000000056e-01
9.810487525000012310e-01,-1.858890894348308453e-01,-5.466801301749357050e-02,5.891034846440443573e+01,1.838880577656914483e-01,9.821473587032226726e-01,-3.964527718966059933e-02,8.779898559240962186e+00,6.106166906786218013e-02,2.884115499373686095e-02,9.977172246429717450e-01,3.639533823660375589e+00,0.000000000000000000e+00,0.000000000000000000e+00,0.000000000000000000e+00,1.000000000000000056e-01
9.804359357580743062e-01,-1.871848316207483931e-01,-6.088690076938704093e-02,5.988058576197910554e+01,1.850454811831426793e-01,9.819514809064621153e-01,-3.910829885465649802e-02,8.961588237693060677e+00,6.710846271438719590e-02,2.707633573285008963e-02,9.973782262890009687e-01,3.714518442710152968e+00,0.000000000000000000e+00,0.000000000000000000e+00,0.000000000000000000e+00,1.000000000000000056e-01
9.810070270732058617e-01,-1.843359015664571554e-01,-6.037787862016787827e-02,6.078938474910277989e+01,1.824108287830489006e-01,9.825621667095529865e-01,-3.602607519158632088e-02,9.169868526434948208e+00,6.596591828870058960e-02,2.432825404154672147e-02,9.975252546575542612e-01,3.790638649789325854e+00,0.000000000000000000e+00,0.000000000000000000e+00,0.000000000000000000e+00,1.000000000000000056e-01
9.806499495396872046e-01,-1.872449058527405341e-01,-5.714036839229595655e-02,6.172522016491168273e+01,1.854949129136503616e-01,9.820366670333183778e-01,-3.457776576427011583e-02,9.370662052070676040e+00,6.258844742415516083e-02,2.330943659314377997e-02,9.977671854770250315e-01,3.869794657428859086e+00,0.000000000000000000e+00,0.000000000000000000e+00,0.000000000000000000e+00,1.000000000000000056e-01
9.799975094203500214e-01,-1.908946316755203987e-01,-5.625052112983919272e-02,6.261268137048834603e+01,1.890729225996501950e-01,9.812974346707286077e-01,-3.614933814434111159e-02,9.563245780288138320e+00,6.209920667398063920e-02,2.479081092087627100e-02,9.977620478973669993e-01,3.950349901571517552e+00,0.000000000000000000e+00,0.000000000000000000e+00,0.000000000000000000e+00,1.000000000000000056e-01
9.793774469422579232e-01,-1.943926672406432465e-01,-5.505730963217704554e-02,6.343954700210488795e+01,1.926809500169310296e-01,9.806403580210518722e-01,-3.490758829991295886e-02,9.732068129644213528e+00,6.077719902593235746e-02,2.357920998277598587e-02,9.978728140074517583e-01,4.017667612652159548e+00,0.000000000000000000e+00,0.000000000000000000e+00,0.000000000000000000e+00,1.000000000000000056e-01
9.785710480824558744e-01,-1.984686112632165766e-01,-5.485357051326797406e-02,6.426653496267860532e+01,1.967615191175686173e-01,9.798265835463954021e-01,-3.499672513743697783e-02,9.887808446053208300e+00,6.069273802812427676e-02,2.345371013398206417e-02,9.978809122493528250e-01,4.079108468192154113e+00,0.000000000000000000e+00,0.000000000000000000e+00,0.000000000000000000e+00,1.000000000000000056e-01
9.779947443162096965e-01,-2.013442832196211396e-01,-5.465125528886399797e-02,6.507383952212458667e+01,1.997451219167301339e-01,9.792800842177552534e-01,-3.335270491184781638e-02,1.004890807185613433e+01,6.023426234579631888e-02,2.170244846194011382e-02,9.979483139774397715e-01,4.142854048616794849e+00,0.000000000000000000e+00,0.000000000000000000e+00,0.000000000000000000e+00,1.000000000000000056e-01
9.773298963170372611e-01,-2.040567273082779243e-01,-5.645463493075000838e-02,6.587153113765792511e+01,2.022939326667776150e-01,9.786843683982032749e-01,-3.541287702544246296e-02,1.021526376802966496e+01,6.247750452073451422e-02,2.318963331415502260e-02,9.977769301480249320e-01,4.215013382197404290e+00,0.000000000000000000e+00,0.000000000000000000e+00,0.000000000000000000e+00,1.000000000000000056e-01
9.764818615359920351e-01,-2.083481510189725827e-01,-5.544566762316967962e-02,6.662848772772704820e+01,2.066620450463882430e-01,9.777988594577792236e-01,-3.464375239939630063e-02,1.037015484198383142e+01,6.143267232058374078e-02,2.237048077358793144e-02,9.978605054623167492e-01,4.282075584309644967e+00,0.000000000000000000e+00,0.000000000000000000e+00,0.000000000000000000e+00,1.000000000000000056e-01
9.756997735417849427e-01,-2.127642325215338970e-01,-5.235774317168656600e-02,6.741714414063631011e+01,2.111529555160191751e-01,9.768385347621862946e-01,-3.465409615781456926e-02,1.054093647402461720e+01,5.851821329603001942e-02,2.275650155862462415e-02,9.980269336793735624e-01,4.353125459810524234e+00,0.000000000000000000e+00,0.000000000000000000e+00,0.000000000000000000e+00,1.000000000000000056e-01
9.716799668067178652e-01,-2.306284756993206009e-01,-5.146404864663775558e-02,6.822418016216039405e+01,2.292921532787575156e-01,9.728767257745997155e-01,-3.059387015212500227e-02,1.074980805259448502e+01,5.712399278137318681e-02,1.792714820327556691e-02,9.982061244081862350e-01,4.419032486293764883e+00,0.000000000000000000e+00,0.000000000000000000e+00,0.000000000000000000e+00,1.000000000000000056e-01
9.707860485789593374e-01,-2.348064548666131401e-01,-4.940016839468839432e-02,6.896118626450488875e+01,2.335692018949398763e-01,9.718906282605921376e-01,-2.956407660307092816e-02,1.091266057945613177e+01,5.495339671586482039e-02,1.716203519995788962e-02,9.983414189229975477e-01,4.487641110407932565e+00,0.000000000000000000e+00,0.000000000000000000e+00,0.000000000000000000e+00,1.000000000000000056e-01
9.705671595527434192e-01,-2.349423628378505269e-01,-5.292896127723628608e-02,6.963625845869607645e+01,2.338188255407033789e-01,9.719164727946972837e-01,-2.659185463785108255e-02,1.108569629731615436e+01,5.769008251411598953e-02,1.343339326016581604e-02,9.982441576713746434e-01,4.543402991544273739e+00,0.000000000000000000e+00,0.000000000000000000e+00,0.000000000000000000e+00,1.000000000000000056e-01
9.695839387790214925e-01,-2.381207193568163627e-01,-5.661721182424212656e-02,7.030116121285578856e+01,2.368381692192330357e-01,9.711317727769481767e-01,-2.847387405998307378e-02,1.126837978861136236e+01,6.176299266260281556e-02,1.419869416862517761e-02,9.979898445481623082e-01,4.596211566896537093e+00,0.000000000000000000e+00,0.000000000000000000e+00,0.000000000000000000e+00,1.000000000000000056e-01
9.683746204431594728e-01,-2.416650112830261710e-01,-6.203722111073126100e-02,7.102173079480638762e+01,2.400923241165837940e-01,9.702298501049534396e-01,-3.177599511607619165e-02,1.145468598701147300e+01,6.786950995744858717e-02,1.587640661152410482e-02,9.975678770546099194e-01,4.656601604277713413e+00,0.000000000000000000e+00,0.000000000000000000e+00,0.000000000000000000e+00,1.000000000000000056e-01
9.667911172208056847e-01,-2.473702242079807989e-01,-6.420987337037523113e-02,7.173773525461801626e+01,2.457705376738449632e-01,9.688048335304719760e-01,-3.184395295034278539e-02,1.164118698140789654e+01,7.008408146259376137e-02,1.500555574738205236e-02,9.974282203859367035e-01,4.715173897378151402e+00,0.000000000000000000e+00,0.000000000000000000e+00,0.000000000000000000e+00,1.000000000000000056e-01
9.664813367080319351e-01,-2.492969251202684922e-01,-6.135852769285642799e-02,7.240724391975109597e+01,2.478219647015313110e-01,9.683190728997412844e-01,-3.069929754991867002e-02,1.180692955904364005e+01,6.706787313258676109e-02,1.446430724800601073e-02,9.976435657133796431e-01,4.787707227128960241e+00,0.000000000000000000e+00,0.000000000000000000e+00,0.000000000000000000e+00,1.000000000000000056e-01
9.648291037067152631e-01,-2.563354648117209811e-01,-5.828318900210735509e-02,7.297463927897865688e+01,2.548274234694440921e-01,9.664533435189305299e-01,-3.210792813316828975e-02,1.196785169885049172e+01,6.455838356418944213e-02,1.612650863761473652e-02,9.977836192435411977e-01,4.835860839687281754e+00,0.000000000000000000e+00,0.000000000000000000e+00,0.000000000000000000e+00,1.000000000000000056e-01
9.651276481970727517e-01,-2.544435260939925114e-01,-6.153953781466989237e-02,7.350671184036627892e+01,2.526748790589242177e-01,9.669135721374330084e-01,-3.512192348074318765e-02,1.209127360024967679e+01,6.843996038971278395e-02,1.834764413446341585e-02,9.974865090699570613e-01,4.886465227201592043e+00,0.000000000000000000e+00,0.000000000000000000e+00,0.000000000000000000e+00,1.000000000000000056e-01
9.641605274421347627e-01,-2.580545878933112602e-01,-6.166284934802904877e-02,7.412865613120878550e+01,2.557248462582801807e-01,9.657830974467358498e-01,-4.321818705554190954e-02,1.224525756502618101e+01,7.070558909084483090e-02,2.590054735719191092e-02,9.971609104442042959e-01,4.951064444239952067e+00,0.000000000000000000e+00,0.000000000000000000e+00,0.000000000000000000e+00,1.000000000000000056e-01
9.637677759776227537e-01,-2.580862435182238457e-01,-6.740300359627071636e-02,7.471420736831512954e+01,2.552010419939558794e-01,9.656691093686433636e-01,-4.853451737032425661e-02,1.239154823311283415e+01,7.761508972065916945e-02,2.957468711285406171e-02,9.965446481366656561e-01,5.007836974929587015e+00,0.000000000000000000e+00,0.000000000000000000e+00,0.000000000000000000e+00,1.000000000000000056e-01
9.646239860347218809e-01,-2.548501836329093995e-01,-6.746813669249436540e-02,7.529012601067942967e+01,2.522173483057626453e-01,9.666159219633841948e-01,-4.516711879770806543e-02,1.252362512791608928e+01,7.672662367193240629e-02,2.655265164063731059e-02,9.966985411400763883e-01,5.071348739627635105e+00,0.000000000000000000e+00,0.000000000000000000e+00,0.000000000000000000e+00,1.000000000000000056e-01
9.647396583040008800e-01,-2.551630406060055867e-01,-6.456945411088411968e-02,7.585930262324276896e+01,2.525906372126586197e-01,9.665067084519425311e-01,-4.541753526882237602e-02,1.269087311971159160e+01,7.399568695527257434e-02,2.750645789791186790e-02,9.968791466802421342e-01,5.112518490276269034e+00,0.000000000000000000e+00,0.000000000000000000e+00,0.000000000000000000e+00,1.000000000000000056e-01
9.653327346840626655e-01,-2.533624495246703523e-01,-6.277085723684112939e-02,7.644268569934733648e+01,2.506452107209965474e-01,9.668855549549084660e-01,-4.805519703597042891e-02,1.281746756380268337e+01,7.286761756786259980e-02,3.065604003124916543e-02,9.968703614410382441e-01,5.166058939756089430e+00,0.000000000000000000e+00,0.000000000000000000e+00,0.000000000000000000e+00,1.000000000000000056e-01
9.659541715551144270e-01,-2.521475110826398858e-01,-5.791520620789181173e-02,7.703502151421162125e+01,2.492894029526689925e-01,9.670161378635221405e-01,-5.229323748841125524e-02,1.295210024024997608e+01,6.919054870988131101e-02,3.607522371860708704e-02,9.969509748241776048e-01,5.227361600058225477e+00,0.000000000000000000e+00,0.000000000000000000e+00,0.000000000000000000e+00,1.000000000000000056e-01
9.676650363247586428e-01,-2.462834473867142049e-01,-5.448707202556473533e-02,7.760767853222418466e+01,2.434928059649009158e-01,9.684480687620035111e-01,-5.309982631313193979e-02,1.306751204908914410e+01,6.584550795568824832e-02,3.811563530181878712e-02,9.971015833041265708e-01,5.298472769004201943e+00,0.000000000000000000e+00,0.000000000000000000e+00,0.000000000000000000e+00,1.000000000000000056e-01
9.698142883311762219e-01,-2.380448240065088372e-01,-5.286688862042422665e-02,7.810625511704392920e+01,2.355078480286271758e-01,9.705849318289880845e-01,-5.000943534417806591e-02,1.321443012419230989e+01,6.321629272283491030e-02,3.604929777719279027e-02,9.973485591628195035e-01,5.352738518574110316e+00,0.000000000000000000e+00,0.000000000000000000e+00,0.000000000000000000e+00,1.000000000000000056e-01
9.728639840509771819e-01,-2.250069688605353668e-01,-5.392154022887429843e-02,7.860984969832533409e+01,2.225225186943390610e-01,9.737246010777967919e-01,-4.841621556682320499e-02,1.332588425900740070e+01,6.339871615725015119e-02,3.510363542540332477e-02,9.973707122076188591e-01,5.396327482599445169e+00,0.000000000000000000e+00,0.000000000000000000e+00,0.000000000000000000e+00,1.000000000000000056e-01
9.768490108950660389e-01,-2.070735839352751406e-01,-5.372653673494826032e-02,7.907799424893654816e+01,2.051638226765219453e-01,9.779514256136158101e-01,-3.897197717659527105e-02,1.343877563665229147e+01,6.061201018022628617e-02,2.704699570186961874e-02,9.977948908695690733e-01,5.438142651535634364e+00,0.000000000000000000e+00,0.000000000000000000e+00,0.000000000000000000e+00,1.000000000000000056e-01
9.813237454381231739e-01,-1.853685373962871974e-01,-5.140245113664240056e-02,7.956110371657887015e+01,1.833578377934569070e-01,9.821721580628317572e-01,-4.144581095730016929e-02,1.351583781718625232e+01,5.816880572095307206e-02,3.124671614363963568e-02,9.978176350271811268e-01,5.487465977648157356e+00,0.000000000000000000e+00,0.000000000000000000e+00,0.000000000000000000e+00,1.000000000000000056e-01
9.850371663692759627e-01,-1.646131749287665091e-01,-5.103218113169961934e-02,8.011490130306899005e+01,1.625819069077428514e-01,9.858130320537440427e-01,-4.171078252977176298e-02,1.366309024692410290e+01,5.717433355474572931e-02,3.278976170811841867e-02,9.978255995461809968e-01,5.542756686548917955e+00,0.000000000000000000e+00,0.000000000000000000e+00,0.000000000000000000e+00,1.000000000000000056e-01
9.892670148970905686e-01,-1.374456311939526998e-01,-4.959306102969884139e-02,8.061003843303514316e+01,1.355168614937390381e-01,9.899521114744928019e-01,-4.037322427153983151e-02,1.377525041085688784e+01,5.464387877417056089e-02,3.321920307426473595e-02,9.979531707748738878e-01,5.582471492582143924e+00,0.000000000000000000e+00,0.000000000000000000e+00,0.000000000000000000e+00,1.000000000000000056e-01
9.929183572539713731e-01,-1.075542985653552552e-01,-5.045006132988635178e-02,8.108958245344945226e+01,1.054491035710343749e-01,9.935079619689044517e-01,-4.268976528934342873e-02,1.381243541015671639e+01,5.471400537467661224e-02,3.706753788031226515e-02,9.978137978858337975e-01,5.610345256430534278e+00,0.000000000000000000e+00,0.000000000000000000e+00,0.000000000000000000e+00,1.000000000000000056e-01
