1.000000000000000000e+00,-2.146407306127733375e-12,1.077032952899122233e-12,1.772654753784429184e-19,2.146407306128051645e-12,1.000000000000000000e+00,-2.958035105820466663e-13,4.847782628777276261e-19,-1.077032952898487307e-12,2.958035105843583696e-13,1.000000000000000000e+00,-3.369844298879498728e-19,0.000000000000000000e+00,0.000000000000000000e+00,0.000000000000000000e+00,1.000000000000000056e-01
9.999990315050607537e-01,-6.302657755787887707e-04,-1.240868241492419166e-03,6.468619802848663003e-01,6.269481576780932403e-04,9.999962331283481776e-01,-2.672202298079825403e-03,-4.490967095802448662e-03,1.242547764954919165e-03,2.671421750007497726e-03,9.999956597810238934e-01,-3.715227411886828012e-04,0.000000000000000000e+00,0.000000000000000000e+00,0.000000000000000000e+00,1.000000000000000056e-01
9.999803597059861993e-01,-5.428745322050862118e-03,-3.131920579253280167e-03,1.307175529099618316e+00,5.419993690928855481e-03,9.999814026113574839e-01,-2.796086517347939806e-03,5.314290170875678350e-03,3.147041575310172059e-03,2.779056611606608041e-03,9.999911864479970047e-01,4.362642921958708939e-03,0.000000000000000000e+00,0.000000000000000000e+00,0.000000000000000000e+00,1.000000000000000056e-01
9.999362933833307876e-01,-9.952346190788927127e-03,-5.325408914268784169e-03,2.004906961043432023e+00,9.937046744573230922e-03,9.999464451414180610e-01,-2.891703829429871381e-03,1.418675214748698482e-02,5.353902950339205560e-03,2.838600771447433429e-03,9.999816388658637756e-01,8.817199516622919314e-03,0.000000000000000000e+00,0.000000000000000000e+00,0.000000000000000000e+00,1.000000000000000056e-01
9.998570927944583353e-01,-1.610071680931830784e-02,-5.153727470490567820e-03,2.702843769892811387e+00,1.609329547205626265e-02,9.998694017916334165e-01,-1.478242771047557020e-03,2.265970214730927620e-02,5.176855171148571182e-03,1.395091060538976606e-03,9.999856268424410777e-01,1.665002612738440343e-02,0.000000000000000000e+00,0.000000000000000000e+00,0.000000000000000000e+00,1.000000000000000056e-01
9.997518177091926361e-01,-2.135407309877657839e-02,-6.348743911774963264e-03,3.410883690281128811e+00,2.134454133519535918e-02,9.997709538795971351e-01,-1.565354231648501951e-03,3.076768412999024427e-02,6.380716445300641665e-03,1.429454711597915933e-03,9.999786213299123316e-01,3.034382319032796760e-02,0.000000000000000000e+00,0.000000000000000000e+00,0.000000000000000000e+00,1.000000000000000056e-01
9.996522832912857481e-01,-2.533439890012027795e-02,-7.313052911651117885e-03,4.129948558417048332e+00,2.533184110127326139e-02,9.996789996270216694e-01,-4.421890287642939025e-04,5.368572308509573371e-02,7.321908012182838307e-03,2.567821779274326028e-04,9.999731615028346621e-01,4.089602956439188780e-02,0.000000000000000000e+00,0.000000000000000000e+00,0.000000000000000000e+00,1.000000000000000056e-01
9.994980593395025315e-01,-3.008349752943214120e-02,-9.930385338185463914e-03,4.893414222879564512e+00,3.009804884412374884e-02,9.995460806688714062e-01,1.319119128368683629e-03,8.576799558862127637e-02,9.886194027275597637e-03,-1.617342231791791618e-03,9.999498224269857127e-01,5.568881345948008960e-02,0.000000000000000000e+00,0.000000000000000000e+00,0.000000000000000000e+00,1.000000000000000056e-01
9.993433912517712958e-01,-3.477154902868786340e-02,-1.018458342567887462e-02,5.655656285248793935e+00,3.479208638649621682e-02,9.993928666925336879e-01,1.846274344217355102e-03,1.260981712161144130e-01,1.011420220697811442e-02,-2.199404970688008994e-03,9.999464313309445185e-01,6.016376131702212693e-02,0.000000000000000000e+00,0.000000000000000000e+00,0.000000000000000000e+00,1.000000000000000056e-01
9.992103617315490904e-01,-3.889637371354554007e-02,-8.107103073413887001e-03,6.438747195851138194e+00,3.891310807803141647e-02,9.992407599447077349e-01,1.916685897702984000e-03,1.623408745139481302e-01,8.026395705059630875e-03,-2.230644987265052639e-03,9.999652999954181665e-01,7.107039523797810399e-02,0.000000000000000000e+00,0.000000000000000000e+00,0.000000000000000000e+00,1.000000000000000056e-01
9.991038264709429795e-01,-4.181261525313630795e-02,-6.576407591769421919e-03,7.236617918098566804e+00,4.182234655101352977e-02,9.991241519751151712e-01,1.349173440980187214e-03,2.025529649031471979e-01,6.514235188171878417e-03,-1.623005144819970966e-03,9.999774650431944023e-01,8.611748707208093101e-02,0.000000000000000000e+00,0.000000000000000000e+00,0.000000000000000000e+00,1.000000000000000056e-01
9.991212403361618977e-01,-4.145698396532259550e-02,-6.169731730664413001e-03,8.032326747630566643e+00,4.146929903361105257e-02,9.991380068353166166e-01,1.881630891482113412e-03,2.422352797193494389e-01,6.086406722387819636e-03,-2.135831840248528235e-03,9.999791967213916832e-01,1.003699415685328777e-01,0.000000000000000000e+00,0.000000000000000000e+00,0.000000000000000000e+00,1.000000000000000056e-01
9.990403000939157563e-01,-4.333659241994448214e-02,-6.357558154390951545e-03,8.867528967776447502e+00,4.333683176585657187e-02,9.990605131712776421e-01,-1.001720578680183630e-04,2.887432965400171248e-01,6.355926427885758533e-03,-1.754405054250000981e-04,9.999797855056232754e-01,1.153656459283513430e-01,0.000000000000000000e+00,0.000000000000000000e+00,0.000000000000000000e+00,1.000000000000000056e-01
9.989013047771251319e-01,-4.645243871951689613e-02,-6.193080943004127155e-03,9.642558835097762682e+00,4.645087863816611123e-02,9.989204970295187946e-01,-3.955856943594376245e-04,3.524754998106440218e-01,6.204771413955273256e-03,1.074770149669831932e-04,9.999807444448076676e-01,1.317805628946834839e-01,0.000000000000000000e+00,0.000000000000000000e+00,0.000000000000000000e+00,1.000000000000000056e-01
9.988331340140496062e-01,-4.803972678761789933e-02,-4.955304818330156028e-03,1.042539332978182820e+01,4.804058695102967486e-02,9.988453829400238959e-01,5.463330088258905684e-05,3.588868661676454797e-01,4.946958770001624525e-03,-2.926253031359351067e-04,9.999877209092918884e-01,1.384721311708813074e-01,0.000000000000000000e+00,0.000000000000000000e+00,0.000000000000000000e+00,1.000000000000000056e-01
9.987791727642585382e-01,-4.901404169183190551e-02,-6.147175723437461360e-03,1.122784982337813275e+01,4.900585250909562929e-02,9.987974009459921199e-01,-1.475900873277488125e-03,4.108417991034901684e-01,6.212123002663469222e-03,1.172851466443866966e-03,9.999800167739540946e-01,1.643400649545530279e-01,0.000000000000000000e+00,0.000000000000000000e+00,0.000000000000000000e+00,1.000000000000000056e-01
9.986537474352976673e-01,-5.138174285597649910e-02,-7.114016764034641893e-03,1.209555184851128828e+01,5.137671950634403045e-02,9.986789501990245288e-01,-8.871990423356377903e-04,4.617106066167913081e-01,7.150204626659736537e-03,5.205098045002549880e-04,9.999743014914634909e-01,1.756831238475124179e-01,0.000000000000000000e+00,0.000000000000000000e+00,0.000000000000000000e+00,1.000000000000000056e-01
9.985033671855136905e-01,-5.418903205902594888e-02,-7.387457187490397391e-03,1.299373010849097909e+01,5.419101889468708189e-02,9.985305847716806626e-01,6.889616215759140363e-05,5.327583561544662061e-01,7.372868529060639352e-03,-4.691268819314980401e-04,9.999727099924387019e-01,1.965055065075365370e-01,0.000000000000000000e+00,0.000000000000000000e+00,0.000000000000000000e+00,1.000000000000000056e-01
9.986591347451029277e-01,-5.094571955129499619e-02,-9.190552190332731616e-03,1.388363388799405485e+01,5.097834122273553481e-02,9.986941381769868231e-01,3.350686064656849608e-03,5.834405875557709953e-01,9.007847486540524265e-03,-3.814712351716824552e-03,9.999521521819595415e-01,2.088144777728223045e-01,0.000000000000000000e+00,0.000000000000000000e+00,0.000000000000000000e+00,1.000000000000000056e-01
9.978915638142595856e-01,-6.418051999275915798e-02,-9.658556920705843596e-03,1.481592467527721624e+01,6.424247099852915810e-02,9.979147697350535529e-01,6.246380122778430813e-03,7.115664893377108280e-01,9.237520681146724894e-03,-6.853699591763762547e-03,9.999338453185646625e-01,2.280971885536163257e-01,0.000000000000000000e+00,0.000000000000000000e+00,0.000000000000000000e+00,1.000000000000000056e-01
9.976589196595819775e-01,-6.769490806415560946e-02,-9.699455956968064743e-03,1.577731863619956520e+01,6.773327674994990277e-02,9.976966665048836447e-01,3.683051147854915497e-03,7.741844953871931390e-01,9.427791066328352135e-03,-4.331404763877185968e-03,9.999461763957003813e-01,2.343813380520665679e-01,0.000000000000000000e+00,0.000000000000000000e+00,0.000000000000000000e+00,1.000000000000000056e-01
9.975612965927260767e-01,-6.943288063304374480e-02,-7.108771148147737841e-03,1.670256894775355860e+01,6.945617027066218474e-02,9.975802396068336186e-01,3.083173252548687942e-03,8.584424458213777420e-01,6.877496024864160513e-03,-3.569402326713401723e-03,9.999699792571065116e-01,2.525679417700387730e-01,0.000000000000000000e+00,0.000000000000000000e+00,0.000000000000000000e+00,1.000000000000000056e-01
9.973685005754857613e-01,-7.218768155850080470e-02,-6.709149798283560971e-03,1.758206018889084632e+01,7.221635702566270298e-02,9.973804203979422800e-01,4.134583989455633581e-03,9.377545701071080542e-01,6.393108613917129583e-03,-4.608214191238273715e-03,9.999689457799268988e-01,2.721699949088207116e-01,0.000000000000000000e+00,0.000000000000000000e+00,0.000000000000000000e+00,1.000000000000000056e-01
9.972920394231884478e-01,-7.323025840954125454e-02,-6.776234677851408587e-03,1.849136371115475441e+01,7.326699495601651790e-02,9.972980567530764784e-01,5.341670773497409971e-03,1.007413962643865846e+00,6.366753745242109512e-03,-5.823680091591395408e-03,9.999627739055780840e-01,2.859062683420970363e-01,0.000000000000000000e+00,0.000000000000000000e+00,0.000000000000000000e+00,1.000000000000000056e-01
9.973336365269328541e-01,-7.260323789191505672e-02,-7.374774543933290509e-03,1.940821574248798598e+01,7.263611813371056991e-02,9.973492704664211894e-01,4.292673125578677987e-03,1.078551058802824647e+00,7.043564043117581976e-03,-4.816902293737438528e-03,9.999635921661663707e-01,3.067263184492627914e-01,0.000000000000000000e+00,0.000000000000000000e+00,0.000000000000000000e+00,1.000000000000000056e-01
9.972771044785235794e-01,-7.350910575673670622e-02,-5.898156811821729517e-03,2.033539732764953456e+01,7.350775078083522651e-02,9.972945458759632231e-01,-4.464764258779894079e-04,1.131185343059088355e+00,5.915019701958726048e-03,1.170047622784422788e-05,9.999825060494930140e-01,3.254717183312925699e-01,0.000000000000000000e+00,0.000000000000000000e+00,0.000000000000000000e+00,1.000000000000000056e-01
9.974144390170491814e-01,-7.183122027806074228e-02,-2.170860122105210642e-03,2.125115784239721961e+01,7.183056963671952122e-02,9.974167773076249022e-01,-3.763122853780543156e-04,1.211977847938143782e+00,2.192283277640147583e-03,2.194051878431200098e-04,9.999975728747515502e-01,3.307068353120897752e-01,0.000000000000000000e+00,0.000000000000000000e+00,0.000000000000000000e+00,1.000000000000000056e-01
9.973973300967340361e-01,-7.210081867458477400e-02,-1.945825303731482062e-04,2.221316124196773956e+01,7.210047531235981577e-02,9.973963800826415316e-01,-1.407997789295274346e-03,1.293380479420583429e+00,2.955937047216934091e-04,1.390303742897824706e-03,9.999989898394219257e-01,3.487585875357037124e-01,0.000000000000000000e+00,0.000000000000000000e+00,0.000000000000000000e+00,1.000000000000000056e-01
9.975434503283738819e-01,-7.004144874755849348e-02,1.122570401475623180e-03,2.318524614190884492e+01,7.004386481720137336e-02,9.975413047767802688e-01,-2.280847585516775598e-03,1.359665583274349387e+00,-9.600564737298215769e-04,2.353873739578294690e-03,9.999967687797722826e-01,3.629256272854416432e-01,0.000000000000000000e+00,0.000000000000000000e+00,0.000000000000000000e+00,1.000000000000000056e-01
9.978428087316009165e-01,-6.560785391681404899e-02,2.310533933875680377e-03,2.411529799621924397e+01,6.561650367403461248e-02,9.978373280576954274e-01,-3.891166955373543887e-03,1.423422002445114520e+00,-2.050245893791063315e-03,4.034382122354664146e-03,9.999897600739048320e-01,3.691264962108964376e-01,0.000000000000000000e+00,0.000000000000000000e+00,0.000000000000000000e+00,1.000000000000000056e-01
9.979637257404915252e-01,-6.378288920839493559e-02,-3.809860715819843053e-04,2.507206387246483814e+01,6.378013966999608597e-02,9.979510468227716924e-01,-5.079559922871206522e-03,1.492490199054868460e+00,7.041944567480339263e-04,5.044917200892811392e-03,9.999870263761441169e-01,3.804613990144260494e-01,0.000000000000000000e+00,0.000000000000000000e+00,0.000000000000000000e+00,1.000000000000000056e-01
9.980417713412806924e-01,-6.231585436970409758e-02,-5.418205619272534884e-03,2.602739565102562835e+01,6.229635291004383818e-02,9.980508501306958324e-01,-3.696615682297066385e-03,1.565136025008082798e+00,5.638002489016654892e-03,3.351842414130336636e-03,9.999784888088166790e-01,3.891553992560382036e-01,0.000000000000000000e+00,0.000000000000000000e+00,0.000000000000000000e+00,1.000000000000000056e-01
9.981049456724153668e-01,-6.090505158297624538e-02,-8.780211611334473934e-03,2.698240736538545193e+01,6.086427065579127355e-02,9.981343190752395289e-01,-4.839591072241095776e-03,1.631069397944228117e+00,9.058586081911202195e-03,4.296018608308522016e-03,9.999497418582163899e-01,4.088007667187790739e-01,0.000000000000000000e+00,0.000000000000000000e+00,0.000000000000000000e+00,1.000000000000000056e-01
9.981578350275973621e-01,-6.021968416048761874e-02,-7.384173117603696698e-03,2.795312212353195136e+01,6.016132969379017759e-02,9.981575192247988948e-01,-7.885507242417488794e-03,1.685228921826925408e+00,7.845430676177374968e-03,7.426739163741701531e-03,9.999416446787777746e-01,4.326871524182510642e-01,0.000000000000000000e+00,0.000000000000000000e+00,0.000000000000000000e+00,1.000000000000000056e-01
9.982164101094568309e-01,-5.954706373756578353e-02,-4.259787368292264863e-03,2.896359392298666435e+01,5.949706790383985089e-02,9.981675150203798141e-01,-1.103226490280323491e-02,1.732736358318512471e+00,4.908920353260427631e-03,1.075914300834559731e-02,9.999300692261890999e-01,4.493773664226786702e-01,0.000000000000000000e+00,0.000000000000000000e+00,0.000000000000000000e+00,1.000000000000000056e-01
9.982290130037749787e-01,-5.947584537867316168e-02,-1.208889573729049179e-03,2.992150511939200896e+01,5.944853128442809109e-02,9.980998866089221266e-01,-1.620149620810068872e-02,1.780365705082667782e+00,2.170190229837828250e-03,1.610093685935350474e-02,9.998680163434658930e-01,4.573723388814321944e-01,0.000000000000000000e+00,0.000000000000000000e+00,0.000000000000000000e+00,1.000000000000000056e-01
9.982653864965767010e-01,-5.883859662116248251e-02,-2.058560296044469398e-03,3.085094717486671811e+01,5.877726521174610891e-02,9.980153679425581847e-01,-2.259554037212250718e-02,1.825774392545568059e+00,3.383964696681270555e-03,2.243534929820089827e-02,9.997425688069900840e-01,4.781868619178128443e-01,0.000000000000000000e+00,0.000000000000000000e+00,0.000000000000000000e+00,1.000000000000000056e-01
9.982812078943488210e-01,-5.838860338081523771e-02,-5.039936531122590421e-03,3.180004144087621754e+01,5.824300137220290996e-02,9.979803976397982890e-01,-2.535505310322965639e-02,1.864249130345274619e+00,6.510204002753053332e-03,2.501793200781946697e-02,9.996658043175702391e-01,4.921347883461900108e-01,0.000000000000000000e+00,0.000000000000000000e+00,0.000000000000000000e+00,1.000000000000000056e-01
9.982857967990098613e-01,-5.795735282763517238e-02,-8.149427131956656425e-03,3.278825266633694469e+01,5.772622888359128790e-02,9.979886311560112189e-01,-2.619875153953302171e-02,1.936825050928730807e+00,9.651445914747347130e-03,2.568340585989253161e-02,9.996235352647468986e-01,5.069462573086935819e-01,0.000000000000000000e+00,0.000000000000000000e+00,0.000000000000000000e+00,1.000000000000000056e-01
9.982123769921342760e-01,-5.898978373498852540e-02,-9.604990089140686901e-03,3.376155202964036306e+01,5.871550826395059014e-02,9.979177630942440702e-01,-2.669507801610732783e-02,2.000952865574825434e+00,1.115972710325647578e-02,2.608339540549486218e-02,9.995974774753593195e-01,5.232721473850688865e-01,0.000000000000000000e+00,0.000000000000000000e+00,0.000000000000000000e+00,1.000000000000000056e-01
9.982063705925030561e-01,-5.924009791708861189e-02,-8.640168245828246801e-03,3.472997538229540027e+01,5.897770541249581361e-02,9.978669055047283409e-01,-2.798694629098331596e-02,2.071755440250425462e+00,1.027968738918300096e-02,2.742717078357291213e-02,9.995709471218086062e-01,5.502318510548488417e-01,0.000000000000000000e+00,0.000000000000000000e+00,0.000000000000000000e+00,1.000000000000000056e-01
9.981740899311796200e-01,-5.975647692742587502e-02,-8.811904180329553984e-03,3.571421071074340148e+01,5.951254898014843309e-02,9.978955780696925348e-01,-2.574241214104803707e-02,2.136837991523803382e+00,1.033163607308752556e-02,2.517098993238373397e-02,9.996297707460882753e-01,5.612383168213471718e-01,0.000000000000000000e+00,0.000000000000000000e+00,0.000000000000000000e+00,1.000000000000000056e-01
9.982706745196758824e-01,-5.819410379792989280e-02,-8.313042595045191593e-03,3.670129357214298693e+01,5.797600501496518594e-02,9.980190444893736190e-01,-2.442886978602197209e-02,2.205538675955749373e+00,9.718191011500341633e-03,2.390466731986552393e-02,9.996670063795196626e-01,5.864564695695659857e-01,0.000000000000000000e+00,0.000000000000000000e+00,0.000000000000000000e+00,1.000000000000000056e-01
9.982185235655242073e-01,-5.929652262101476473e-02,-6.610719758123657745e-03,3.771241716973052149e+01,5.911809740440105571e-02,9.979495689114764589e-01,-2.452974660859769812e-02,2.270126429831841985e+00,8.051693607478557432e-03,2.409523426849686373e-02,9.996772428717168868e-01,6.046075043226236678e-01,0.000000000000000000e+00,0.000000000000000000e+00,0.000000000000000000e+00,1.000000000000000056e-01
9.983517238764415547e-01,-5.721636276426613626e-02,-4.485896227646985965e-03,3.870639335767075551e+01,5.709107320806375979e-02,9.980726240693168494e-01,-2.432378349146533184e-02,2.331666733281412718e+00,5.868968639277424848e-03,2.402758654996537194e-02,9.996940683487599566e-01,6.362914531065044788e-01,0.000000000000000000e+00,0.000000000000000000e+00,0.000000000000000000e+00,1.000000000000000056e-01
9.983800620858760411e-01,-5.681573648087800271e-02,-3.037057381374235702e-03,3.972084029663410831e+01,5.674389587127166151e-02,9.981879679923550963e-01,-2.002275796795520077e-02,2.395292267650868556e+00,4.169161876517874128e-03,1.981798787537380688e-02,9.997949116923025015e-01,6.547933270804821015e-01,0.000000000000000000e+00,0.000000000000000000e+00,0.000000000000000000e+00,1.000000000000000056e-01
9.982802576237790326e-01,-5.856285627931383936e-02,-2.630418789796533548e-03,4.073000886732163650e+01,5.848804816423756187e-02,9.980281928307981332e-01,-2.277881772237165536e-02,2.464876690412800997e+00,3.959224739656747212e-03,2.258579596338454454e-02,9.997370686136236584e-01,6.740060949287507430e-01,0.000000000000000000e+00,0.000000000000000000e+00,0.000000000000000000e+00,1.000000000000000056e-01
9.983364801496172891e-01,-5.743450256392207409e-02,-5.054732209292239070e-03,4.174544901433156951e+01,5.731173605822323380e-02,9.981188539956621364e-01,-2.177425563316786813e-02,2.528276667759680851e+00,6.295817060984405453e-03,2.144833824847082807e-02,9.997501345205780376e-01,7.096888167094387301e-01,0.000000000000000000e+00,0.000000000000000000e+00,0.000000000000000000e+00,1.000000000000000056e-01
9.983894565122779508e-01,-5.630657649036145684e-02,-6.932717292185254856e-03,4.277726108627209101e+01,5.617552698782858622e-02,9.982616133008711534e-01,-1.783428096621241313e-02,2.604213332757455479e+00,7.924852854030335625e-03,1.741610903379793227e-02,9.998169211677530033e-01,7.359335341636885630e-01,0.000000000000000000e+00,0.000000000000000000e+00,0.000000000000000000e+00,1.000000000000000056e-01
9.984098257424918188e-01,-5.589458611349337747e-02,-7.322233542321320704e-03,4.383676452550567859e+01,5.574308822184305401e-02,9.982551629675481264e-01,-1.947659426403515817e-02,2.671031712606003694e+00,8.398093613365100601e-03,1.903745917488200087e-02,9.997835001498203145e-01,7.616199062132218423e-01,0.000000000000000000e+00,0.000000000000000000e+00,0.000000000000000000e+00,1.000000000000000056e-01
9.983872704151230959e-01,-5.634075000738247158e-02,-6.969803558605445863e-03,4.484248674076768282e+01,5.617371872208452160e-02,9.981740994438589309e-01,-2.220316473778654806e-02,2.730620288166960119e+00,8.208020344275956601e-03,2.177583725248673566e-02,9.997291839863339247e-01,7.946828796884667367e-01,0.000000000000000000e+00,0.000000000000000000e+00,0.000000000000000000e+00,1.000000000000000056e-01
9.985022684924922398e-01,-5.442184607278113817e-02,-5.610925536624551332e-03,4.582435269056486504e+01,5.428152189082882662e-02,9.982676936265217904e-01,-2.269643678642661519e-02,2.791174186110916278e+00,6.836387683747861474e-03,2.235787404059932579e-02,9.997266572777891991e-01,8.154079167704817444e-01,0.000000000000000000e+00,0.000000000000000000e+00,0.000000000000000000e+00,1.000000000000000056e-01
9.983251156944228377e-01,-5.729198606050942694e-02,-8.036896600038874461e-03,4.673780938862206114e+01,5.712018473932640311e-02,9.981632063163919932e-01,-2.018658097660602779e-02,2.847560779971625156e+00,9.178663795049168961e-03,1.969370177041996489e-02,9.997639272555872703e-01,8.398882528961894023e-01,0.000000000000000000e+00,0.000000000000000000e+00,0.000000000000000000e+00,1.000000000000000056e-01
9.984152314258107896e-01,-5.483350140483303492e-02,-1.266146834418541665e-02,4.769207861451450015e+01,5.459150496423841037e-02,9.983331436511652113e-01,-1.872703589256696777e-02,2.905209907082750842e+00,1.366723244421376958e-02,1.800614926263056914e-02,9.997444600226838007e-01,8.557982647357809114e-01,0.000000000000000000e+00,0.000000000000000000e+00,0.000000000000000000e+00,1.000000000000000056e-01
9.985142036376636332e-01,-5.317371738559961702e-02,-1.191389580442744033e-02,4.865426432265265788e+01,5.292350452584432263e-02,9.983898570476058554e-01,-2.041558260652841239e-02,2.964870783204256455e+00,1.298028514884428698e-02,1.975472408963060283e-02,9.997205925025237638e-01,8.820521409513595312e-01,0.000000000000000000e+00,0.000000000000000000e+00,0.000000000000000000e+00,1.000000000000000056e-01
9.987173642540037033e-01,-4.849826824664300179e-02,-1.454456306021057604e-02,4.961869207038358809e+01,4.820233723282760924e-02,9.986363321146805028e-01,-2.005020862311229779e-02,3.031055039533952833e+00,1.549712950286421739e-02,1.932340957528521502e-02,9.996931753390922992e-01,9.027324072730678051e-01,0.000000000000000000e+00,0.000000000000000000e+00,0.000000000000000000e+00,1.000000000000000056e-01
9.988040382925726934e-01,-4.753372864647597423e-02,-1.144717132798118639e-02,5.062745546737424007e+01,4.725693233233301677e-02,9.986099223323815499e-01,-2.334534998350071625e-02,3.092842958389786734e+00,1.254095040203349193e-02,2.277647163803092970e-02,9.996619213027650996e-01,9.409894241388671032e-01,0.000000000000000000e+00,0.000000000000000000e+00,0.000000000000000000e+00,1.000000000000000056e-01
9.989149068618699001e-01,-4.545151160513385274e-02,-1.015721132743973090e-02,5.157909944001623614e+01,4.521037002505837871e-02,9.987166308149786342e-01,-2.282791658857539693e-02,3.144082793316639535e+00,1.118173919116300860e-02,2.234393489039105882e-02,9.996878099098112092e-01,9.657699809022872728e-01,0.000000000000000000e+00,0.000000000000000000e+00,0.000000000000000000e+00,1.000000000000000056e-01
9.989547105281519901e-01,-4.455771008356957524e-02,-1.020278323422403946e-02,5.253751569642508912e+01,4.426974244585139134e-02,9.986574742105037705e-01,-2.689682336773023541e-02,3.182742863723024396e+00,1.138754659239575584e-02,2.641703381542784279e-02,9.995861464161058807e-01,9.916702142192130864e-01,0.000000000000000000e+00,0.000000000000000000e+00,0.000000000000000000e+00,1.000000000000000056e-01
9.989129889492487369e-01,-4.514407599033153778e-02,-1.161261863049473445e-02,5.352169950819079958e+01,4.478022470557439100e-02,9.985497230792664825e-01,-2.988615086688951872e-02,3.237886593511126065e+00,1.294495978349902154e-02,2.933364861893909825e-02,9.994858503625272395e-01,1.033200754023286150e+00,0.000000000000000000e+00,0.000000000000000000e+00,0.000000000000000000e+00,1.000000000000000056e-01
9.989244062772528743e-01,-4.480816183938752389e-02,-1.192724512253688467e-02,5.448296281939506969e+01,4.444707573487582247e-02,9.985910508035321653e-01,-2.898914820610693985e-02,3.277543466176699560e+00,1.320939068451064229e-02,2.842783649299883766e-02,9.995085643005122700e-01,1.052039541894776553e+00,0.000000000000000000e+00,0.000000000000000000e+00,0.000000000000000000e+00,1.000000000000000056e-01
9.988959402996702153e-01,-4.639770974063252285e-02,-7.358871086084683988e-03,5.542506193243540480e+01,4.614353459892242548e-02,9.984350179884690091e-01,-3.159571282759279093e-02,3.320878844864798118e+00,8.813323298032815084e-03,3.122126495178689440e-02,9.994736404464374946e-01,1.084896434325141046e+00,0.000000000000000000e+00,0.000000000000000000e+00,0.000000000000000000e+00,1.000000000000000056e-01
9.987707053045654648e-01,-4.953593719821332286e-02,-1.808079454965326894e-03,5.636656991155617646e+01,4.945399495347653496e-02,9.982743254588752890e-01,-3.166502033425862284e-02,3.367070932480141998e+00,3.373515756939545005e-03,3.153667794048954642e-02,9.994969021142163790e-01,1.121805289606530032e+00,0.000000000000000000e+00,0.000000000000000000e+00,0.000000000000000000e+00,1.000000000000000056e-01
9.987763423778914795e-01,-4.942731136626239696e-02,-1.660962776042660023e-03,5.732359014913200923e+01,4.935941897259578381e-02,9.983687558725754529e-01,-2.869625508901116340e-02,3.428761987062189931e+00,3.076632075598616060e-03,2.857915654018494678e-02,9.995867977051933195e-01,1.133846521449096034e+00,0.000000000000000000e+00,0.000000000000000000e+00,0.000000000000000000e+00,1.000000000000000056e-01
9.987061496227873647e-01,-5.063054603799996278e-02,-4.751264412840306046e-03,5.822722451936067500e+01,5.047589533685002683e-02,9.983212433717427725e-01,-2.840561604051220282e-02,3.482366427302366230e+00,6.181480046891550152e-03,2.812903909826299995e-02,9.995851871970884428e-01,1.151776218616757719e+00,0.000000000000000000e+00,0.000000000000000000e+00,0.000000000000000000e+00,1.000000000000000056e-01
9.985000890151763953e-01,-5.372016191738766128e-02,-1.056959981524796185e-02,5.914433315580232176e+01,5.340175357563924780e-02,9.981692241948916244e-01,-2.839810883165963876e-02,3.540257209875007582e+00,1.207580025222088072e-02,2.779107903154781969e-02,9.995408100595646328e-01,1.172812585383837147e+00,0.000000000000000000e+00,0.000000000000000000e+00,0.000000000000000000e+00,1.000000000000000056e-01
9.984231743766046607e-01,-5.379954835947877573e-02,-1.602415252237323826e-02,6.008767496800303576e+01,5.336101789105302667e-02,9.982198441969386549e-01,-2.664102890412265584e-02,3.599487796439362786e+00,1.742890235714501454e-02,2.574395555767769461e-02,9.995166242313678895e-01,1.206379503280513132e+00,0.000000000000000000e+00,0.000000000000000000e+00,0.000000000000000000e+00,1.000000000000000056e-01
9.983983798037886492e-01,-5.429542494526935770e-02,-1.589597543979043293e-02,6.100051637753409750e+01,5.391287166906351402e-02,9.982672046126398469e-01,-2.357945002032407408e-02,3.667958315199989272e+00,1.714868722570001003e-02,2.268468701301596183e-02,9.995955819738083781e-01,1.223242279897500673e+00,0.000000000000000000e+00,0.000000000000000000e+00,0.000000000000000000e+00,1.000000000000000056e-01
9.983792822881778495e-01,-5.534623073758004191e-02,-1.325154484901675152e-02,6.191978874857393578e+01,5.505584633781612086e-02,9.982548236687869281e-01,-2.135792138822949215e-02,3.727507949135958398e+00,1.441049901182228470e-02,2.059373120980173555e-02,9.996840679700205179e-01,1.258523437687055990e+00,0.000000000000000000e+00,0.000000000000000000e+00,0.000000000000000000e+00,1.000000000000000056e-01
9.982345646506285419e-01,-5.810438917497865591e-02,-1.231397155156229058e-02,6.280433078183914830e+01,5.783790865001597198e-02,9.981052578847803280e-01,-2.099215343285381827e-02,3.790454291585397151e+00,1.351037600374133292e-02,2.024287878140587291e-02,9.997038039333844273e-01,1.294840333089355644e+00,0.000000000000000000e+00,0.000000000000000000e+00,0.000000000000000000e+00,1.000000000000000056e-01
9.983021835809959832e-01,-5.642427487314012613e-02,-1.445861205149805845e-02,6.363170486968134298e+01,5.612060001867943959e-02,9.982112049003738496e-01,-2.061234253759839860e-02,3.852848941509495972e+00,1.559578503823371223e-02,1.976592058023654910e-02,9.996829896885597311e-01,1.324441348588753176e+00,0.000000000000000000e+00,0.000000000000000000e+00,0.000000000000000000e+00,1.000000000000000056e-01
9.982733637244171065e-01,-5.734024618191500833e-02,-1.274313329346246117e-02,6.445243028544000197e+01,5.710235924951766184e-02,9.982004576472260915e-01,-1.830756458427556382e-02,3.900425819008733974e+00,1.376996174564750104e-02,1.754829110385899837e-02,9.997511918636844408e-01,1.350655150500019497e+00,0.000000000000000000e+00,0.000000000000000000e+00,0.000000000000000000e+00,1.000000000000000056e-01
9.981497388810138816e-01,-5.914774139600482289e-02,-1.409409307175140194e-02,6.526256296276066848e+01,5.888301278519097320e-02,9.980932468100434107e-01,-1.851111767357358981e-02,3.951394644662779232e+00,1.516210991593483839e-02,1.764696460973358763e-02,9.997293108951842422e-01,1.380696506229183385e+00,0.000000000000000000e+00,0.000000000000000000e+00,0.000000000000000000e+00,1.000000000000000056e-01
9.981153351937150919e-01,-6.005573459541362763e-02,-1.261294546658136943e-02,6.606867732425064332e+01,5.981686105180728658e-02,9.980373341506697527e-01,-1.853166952363003231e-02,3.994045416892852085e+00,1.370112349577568521e-02,1.774227673184862117e-02,9.997487138432957776e-01,1.413395176102797413e+00,0.000000000000000000e+00,0.000000000000000000e+00,0.000000000000000000e+00,1.000000000000000056e-01
9.980120952045801186e-01,-6.165971382956678126e-02,-1.303600843126479641e-02,6.681948732685091841e+01,6.142167550074333071e-02,9.979507796582999246e-01,-1.793374355991184804e-02,4.047794504346409639e+00,1.411508427340987457e-02,1.709739950539916620e-02,9.997541914521325124e-01,1.436777630744505041e+00,0.000000000000000000e+00,0.000000000000000000e+00,0.000000000000000000e+00,1.000000000000000056e-01
9.979292431740620639e-01,-6.330273601932111249e-02,-1.140128196791010025e-02,6.760787878298575038e+01,6.309899550087781639e-02,9.978551979690946094e-01,-1.742184412853879996e-02,4.102720782242277764e+00,1.247967887502905195e-02,1.666635828629180541e-02,9.997832215618789320e-01,1.456544440742679969e+00,0.000000000000000000e+00,0.000000000000000000e+00,0.000000000000000000e+00,1.000000000000000056e-01
9.978126394685017386e-01,-6.563282450639652821e-02,-7.891062299486464177e-03,6.835954045701969051e+01,6.550580197486631506e-02,9.977333147510719646e-01,-1.540203049821905860e-02,4.162308770027893345e+00,8.884054509705623798e-03,1.485143034024082910e-02,9.998502430825916276e-01,1.480842917508943479e+00,0.000000000000000000e+00,0.000000000000000000e+00,0.000000000000000000e+00,1.000000000000000056e-01
9.979211965513262728e-01,-6.404989139985288460e-02,-7.134205298154418923e-03,6.905438720099569139e+01,6.395772352289698370e-02,9.978746417436911154e-01,-1.247433231354785378e-02,4.211308326916454625e+00,7.918022185990199191e-03,1.199211309849960126e-02,9.998967417429136528e-01,1.506315296816263638e+00,0.000000000000000000e+00,0.000000000000000000e+00,0.000000000000000000e+00,1.000000000000000056e-01
9.979897838670798160e-01,-6.274999401940276056e-02,-8.878600537483554572e-03,6.971772075522751777e+01,6.265782154067459087e-02,9.979818697084039680e-01,-1.030461707659600934e-02,4.259991475552796558e+00,9.507297024720511719e-03,9.727588801096490045e-03,9.999074883805003644e-01,1.538466891804791459e+00,0.000000000000000000e+00,0.000000000000000000e+00,0.000000000000000000e+00,1.000000000000000056e-01
9.977264319097266521e-01,-6.595827840702044031e-02,-1.383736168015719040e-02,7.040509661154543153e+01,6.582880342210530034e-02,9.977846252234801039e-01,-9.613028016870991607e-03,4.320327264711291804e+00,1.444076551638865183e-02,8.680275181197289261e-03,9.998580484819229452e-01,1.561564435889422509e+00,0.000000000000000000e+00,0.000000000000000000e+00,0.000000000000000000e+00,1.000000000000000056e-01
9.977105346592838320e-01,-6.528729531183791179e-02,-1.764250834634777110e-02,7.114572093953404419e+01,6.511217360212312455e-02,9.978245307208213344e-01,-1.032524772486171499e-02,4.375193392936273185e+00,1.827823510881356611e-02,9.152866361837035114e-03,9.997910437479770041e-01,1.589089659889020956e+00,0.000000000000000000e+00,0.000000000000000000e+00,0.000000000000000000e+00,1.000000000000000056e-01
9.975783661052314288e-01,-6.729144489658585304e-02,-1.758592967535953580e-02,7.185577787988344767e+01,6.711446089187551867e-02,9.976903663302766345e-01,-1.046814553544301619e-02,4.426237786991478629e+00,1.824972925853564701e-02,9.262525329954826234e-03,9.997905545695568996e-01,1.611042750707116555e+00,0.000000000000000000e+00,0.000000000000000000e+00,0.000000000000000000e+00,1.000000000000000056e-01
9.975695527541105223e-01,-6.794160255060827103e-02,-1.545723328474511368e-02,7.253574523349007563e+01,6.780745364579737755e-02,9.976574347261585318e-01,-9.043902127611282149e-03,4.477473188340954202e+00,1.603548091068337025e-02,7.973805771145505566e-03,9.998396280271587555e-01,1.629367507796400938e+00,0.000000000000000000e+00,0.000000000000000000e+00,0.000000000000000000e+00,1.000000000000000056e-01
9.975090413827512048e-01,-6.891395120834159504e-02,-1.505256418418397454e-02,7.317166642507049801e+01,6.877644668610496947e-02,9.975871506808335898e-01,-9.469803468353757414e-03,4.525101054665732647e+00,1.566884618911117133e-02,8.410952701697907430e-03,9.998418590625978153e-01,1.649139473855441684e+00,0.000000000000000000e+00,0.000000000000000000e+00,0.000000000000000000e+00,1.000000000000000056e-01
9.974154666436748640e-01,-6.985129421118493886e-02,-1.682805981100728154e-02,7.375503242892554567e+01,6.968345637051645558e-02,9.975153311075627416e-01,-1.036243762962173187e-02,4.561878880153143356e+00,1.751007733388655618e-02,9.163018192274368506e-03,9.998046990734587025e-01,1.675509582011080578e+00,0.000000000000000000e+00,0.000000000000000000e+00,0.000000000000000000e+00,1.000000000000000056e-01
9.973870366276371691e-01,-6.934315062059917545e-02,-2.026392432746369071e-02,7.439717599084730182e+01,6.899727292284349445e-02,9.974668819702062761e-01,-1.729727440509636061e-02,4.592357381087778911e+00,2.141204091979385243e-02,1.585392174332427712e-02,9.996450258311725401e-01,1.708395957765913131e+00,0.000000000000000000e+00,0.000000000000000000e+00,0.000000000000000000e+00,1.000000000000000056e-01
9.973520440165590806e-01,-6.840677550173218657e-02,-2.468629906339088464e-02,7.502366902104751034e+01,6.791557067413242499e-02,9.974862149911603026e-01,-2.021697708896082191e-02,4.615179394595881668e+00,2.600722122792980401e-02,1.848685933478853155e-02,9.994908005959520780e-01,1.730075367157575261e+00,0.000000000000000000e+00,0.000000000000000000e+00,0.000000000000000000e+00,1.000000000000000056e-01
9.976918957929404863e-01,-6.326414767025351216e-02,-2.466837426026800839e-02,7.561194579181997710e+01,6.276932398579579409e-02,9.978207106878776989e-01,-2.034308945821233089e-02,4.655577606395381984e+00,2.590160295144869340e-02,1.874771831170361780e-02,9.994886842894473711e-01,1.759935763268878794e+00,0.000000000000000000e+00,0.000000000000000000e+00,0.000000000000000000e+00,1.000000000000000056e-01
9.980028801606362077e-01,-5.848460625757372772e-02,-2.387052621898902438e-02,7.618345573162167739e+01,5.811195108732703646e-02,9.981815572280899884e-01,-1.601811320129462035e-02,4.708212642517123570e+00,2.476393207669137092e-02,1.459896025756449167e-02,9.995867236150643986e-01,1.771505733766796542e+00,0.000000000000000000e+00,0.000000000000000000e+00,0.000000000000000000e+00,1.000000000000000056e-01
9.984753987872810876e-01,-5.138672851696744759e-02,-2.015644187111103811e-02,7.672229747665480204e+01,5.102001159910252159e-02,9.985298682632346434e-01,-1.830466068067837862e-02,4.727555632273318764e+00,2.106742587520927731e-02,1.724837147474548790e-02,9.996292599001200818e-01,1.799050756194205736e+00,0.000000000000000000e+00,0.000000000000000000e+00,0.000000000000000000e+00,1.000000000000000056e-01
9.988832650713354022e-01,-4.401627439004996561e-02,-1.716945978323219588e-02,7.728875855461680544e+01,4.362157703568862038e-02,9.987896846567698717e-01,-2.272276039898684860e-02,4.734521116781789551e+00,1.814885057924274167e-02,2.194842618617820137e-02,9.995943606336533671e-01,1.819234603582299270e+00,0.000000000000000000e+00,0.000000000000000000e+00,0.000000000000000000e+00,1.000000000000000056e-01
9.992545795084116778e-01,-3.577319998289388986e-02,-1.451080612686066716e-02,7.784341665899555096e+01,3.540017906554448340e-02,9.990555343683210632e-01,-2.519655869669068168e-02,4.739712042936409908e+00,1.539846270232333135e-02,2.466409153024439263e-02,9.995771955859101832e-01,1.852018062683929767e+00,0.000000000000000000e+00,0.000000000000000000e+00,0.000000000000000000e+00,1.000000000000000056e-01
9.996047934606283603e-01,-2.393661614472681817e-02,-1.474093952482492288e-02,7.833012994336749557e+01,2.362019507541284272e-02,9.994945399451933277e-01,-2.127794643159541463e-02,4.754140585218627812e+00,1.524281060480596299e-02,2.092135338085001836e-02,9.996649207097244583e-01,1.876743363943613740e+00,0.000000000000000000e+00,0.000000000000000000e+00,0.000000000000000000e+00,1.000000000000000056e-01
9.998486452804125069e-01,-9.615943777707336090e-03,-1.449897086650371938e-02,7.883424845353188459e+01,9.331930210835814518e-03,9.997657086446626318e-01,-1.953056314537917476e-02,4.764232615856133890e+00,1.468337868012133812e-02,1.939230371821576426e-02,9.997041247024224253e-01,1.884465634161148317e+00,0.000000000000000000e+00,0.000000000000000000e+00,0.000000000000000000e+00,1.000000000000000056e-01
9.998658217772429246e-01,9.261650865636015736e-03,-1.351148640830030986e-02,7.932723455667294843e+01,-9.430368535663711041e-03,9.998776866807562724e-01,-1.247717224458175060e-02,4.755751664374074927e+00,1.339427456043007503e-02,1.260291637607982053e-02,9.998308656506945669e-01,1.899231638731867067e+00,0.000000000000000000e+00,0.000000000000000000e+00,0.000000000000000000e+00,1.000000000000000056e-01
9.994197950377253781e-01,3.142934730441266505e-02,-1.312514437138212822e-02,7.981784196946728116e+01,-3.161793402256666413e-02,9.993960474887860768e-01,-1.441688287864724069e-02,4.726528108975311504e+00,1.266410418843894395e-02,1.482350808043153903e-02,9.998099239721986997e-01,1.918682196877962820e+00,0.000000000000000000e+00,0.000000000000000000e+00,0.000000000000000000e+00,1.000000000000000056e-01
9.983466155459022051e-01,5.603637599738457015e-02,-1.280467856380330081e-02,8.030460357623618961e+01,-5.625488094087677943e-02,9.982649171498725327e-01,-1.739377929278091220e-02,4.707180901394807826e+00,1.180777702916005652e-02,1.808534635659317033e-02,9.997667211148767441e-01,1.937492334038879216e+00,0.000000000000000000e+00,0.000000000000000000e+00,0.000000000000000000e+00,1.000000000000000056e-01
9.963661659408040716e-01,8.445440945306914582e-02,-1.104156204327477568e-02,8.077370919710659791e+01,-8.464674396927457378e-02,9.962430000974509259e-01,-1.829790950438131905e-02,4.657977315975061039e+00,9.454739754335977561e-03,1.916605021291015523e-02,9.997716091265114180e-01,1.954118907759041068e+00,0.000000000000000000e+00,0.000000000000000000e+00,0.000000000000000000e+00,1.000000000000000056e-01
9.930533923469641033e-01,1.172918798142334046e-01,-9.358144999407911127e-03,8.123911004428701688e+01,-1.174526912882186830e-01,9.928959827414362005e-01,-1.903766700706782319e-02,4.594562422478350783e+00,7.058700825287580680e-03,2.000455911938641904e-02,9.997749708594919626e-01,1.969455470598162616e+00,0.000000000000000000e+00,0.000000000000000000e+00,0.000000000000000000e+00,1.000000000000000056e-01
