1.000000000000000000e+00,-1.077972765993537999e-13,4.251147613803358689e-14,6.101800505423203888e-21,1.077972765993541786e-13,1.000000000000000000e+00,-8.634305665784631495e-15,2.525464018320293055e-20,-4.251147613803265288e-14,8.634305665789213199e-15,1.000000000000000000e+00,-1.326244607363204953e-20,0.000000000000000000e+00,0.000000000000000000e+00,0.000000000000000000e+00,1.000000000000000056e-01
9.999970979226872059e-01,-2.266491814817640695e-03,-8.167992758094864665e-04,6.462950337199308004e-01,2.265300329231626376e-03,9.999963731988441573e-01,-1.456709846361577869e-03,1.709475461219778919e-02,8.200979343842715536e-04,1.454855323208573961e-03,9.999986054167108174e-01,6.593483958932004792e-03,0.000000000000000000e+00,0.000000000000000000e+00,0.000000000000000000e+00,1.000000000000000056e-01
9.999758304185998314e-01,-6.895634900559089418e-03,-8.881429783178118207e-04,1.299010191224122535e+00,6.894965477373261008e-03,9.999759447234841669e-01,-7.546028367746251183e-04,1.889583932769765828e-02,8.933250794502066569e-04,7.484608831654639919e-04,9.999993208880737505e-01,1.042917006938406596e-02,0.000000000000000000e+00,0.000000000000000000e+00,0.000000000000000000e+00,1.000000000000000056e-01
9.999237795928028749e-01,-1.193639545780629703e-02,-3.155545645137257903e-03,2.001015354243485422e+00,1.193594636518450179e-02,9.999287510752518093e-01,-1.611131732727414246e-04,2.351828601604439434e-02,3.157243926452693757e-03,1.234364695878198978e-04,9.999950082746548174e-01,1.659118366773629921e-02,0.000000000000000000e+00,0.000000000000000000e+00,0.000000000000000000e+00,1.000000000000000056e-01
9.998456289137528374e-01,-1.707139613358610308e-02,-4.157616638427649551e-03,2.705494402465563830e+00,1.706791378814214583e-02,9.998539526247266496e-01,-8.716304443149657617e-04,3.301895023271085583e-02,4.171889378027209168e-03,8.005340474276423151e-04,9.999909772014227149e-01,1.898335815246093849e-02,0.000000000000000000e+00,0.000000000000000000e+00,0.000000000000000000e+00,1.000000000000000056e-01
9.997468968579400483e-01,-2.212937185516723401e-02,-4.053779004236568971e-03,3.417110375955473511e+00,2.212820432980526844e-02,9.997550859703839832e-01,-3.326401786219823718e-04,3.937007963781113257e-02,4.060147295092163440e-03,2.428531362339764524e-04,9.999917280789358820e-01,3.633481759514356479e-02,0.000000000000000000e+00,0.000000000000000000e+00,0.000000000000000000e+00,1.000000000000000056e-01
9.996154036243528607e-01,-2.738622081370994943e-02,-4.363455793835048502e-03,4.159164068660949454e+00,2.739229561274943853e-02,9.996238644585786481e-01,1.338561153219451497e-03,6.777605951934230488e-02,4.325156411712844512e-03,-1.457571418449235068e-03,9.999895841995427581e-01,4.717199986127214306e-02,0.000000000000000000e+00,0.000000000000000000e+00,0.000000000000000000e+00,1.000000000000000056e-01
9.994664655681760879e-01,-3.231968805107861969e-02,-4.714018343072921141e-03,4.927043497678733175e+00,3.233574641540173239e-02,9.994713781627480031e-01,3.371014271103325421e-03,1.001081783730719404e-01,4.602576280377771931e-03,-3.521647020658680207e-03,9.999832070059202493e-01,5.711970046685899832e-02,0.000000000000000000e+00,0.000000000000000000e+00,0.000000000000000000e+00,1.000000000000000056e-01
9.993097682834582995e-01,-3.688035507915004424e-02,-4.452687109679758642e-03,5.697602320322713965e+00,3.689773922798648270e-02,9.993114859563225760e-01,3.887270974593424588e-03,1.416075476663936628e-01,4.306257438240763957e-03,-4.048881944712748836e-03,9.999825311983572274e-01,6.517075760101923021e-02,0.000000000000000000e+00,0.000000000000000000e+00,0.000000000000000000e+00,1.000000000000000056e-01
9.991994743381219513e-01,-3.995786598678203322e-02,-1.944075153654495130e-03,6.491116758320073288e+00,3.996599072823798365e-02,9.991916275515676515e-01,4.337166812527674421e-03,1.838509817236973209e-01,1.769199686605299688e-03,-4.411391688760354056e-03,9.999887047141269303e-01,7.641340791207490435e-02,0.000000000000000000e+00,0.000000000000000000e+00,0.000000000000000000e+00,1.000000000000000056e-01
9.990592621247722516e-01,-4.336501787703196664e-02,-2.568797972363308845e-04,7.288510165308442978e+00,4.336549769775900620e-02,9.990565851424891841e-01,2.318036422023289893e-03,2.203258800289521480e-01,1.561157621383726132e-04,-2.326995477620588584e-03,9.999972803562597878e-01,8.320140273611757731e-02,0.000000000000000000e+00,0.000000000000000000e+00,0.000000000000000000e+00,1.000000000000000056e-01
9.989371449157746774e-01,-4.609056507270289926e-02,4.902232139923816748e-04,8.096948871905629730e+00,4.608908340727832509e-02,9.989336978441147874e-01,2.695125629675962885e-03,2.712313728331517959e-01,-6.139203511361260388e-04,-2.669667163099956851e-03,9.999962479824815453e-01,9.759248239525786239e-02,0.000000000000000000e+00,0.000000000000000000e+00,0.000000000000000000e+00,1.000000000000000056e-01
9.988151615317459875e-01,-4.866458287120723619e-02,-1.773930203878181704e-04,8.927478369965578864e+00,4.866482065488827308e-02,9.988136044773862077e-01,1.765995900066685701e-03,3.059545251562185708e-01,9.124110827367969763e-05,-1.772536279712109931e-03,9.999984248938581510e-01,1.009916271299862167e-01,0.000000000000000000e+00,0.000000000000000000e+00,0.000000000000000000e+00,1.000000000000000056e-01
9.987078690222073174e-01,-5.080953404071893165e-02,-9.917679600161541983e-04,9.700704778529626537e+00,5.081162647070441851e-02,9.987058033778474231e-01,2.212897379011374496e-03,3.768609141817100272e-01,8.780481325648459073e-04,-2.260431368887230903e-03,9.999970597364291613e-01,1.185622977805751710e-01,0.000000000000000000e+00,0.000000000000000000e+00,0.000000000000000000e+00,1.000000000000000056e-01
9.985770911987422727e-01,-5.331356567235906452e-02,-1.206916881029671462e-03,1.050317290530953862e+01,5.331395504147209974e-02,9.985777568595194387e-01,2.927511681236132871e-04,4.394113967313890146e-01,1.189592743147078547e-03,-3.566801222439214269e-04,9.999992288239005767e-01,1.270779757096608675e-01,0.000000000000000000e+00,0.000000000000000000e+00,0.000000000000000000e+00,1.000000000000000056e-01
9.984431170046456083e-01,-5.576917514974048806e-02,-1.068273918552403853e-03,1.131010711205081165e+01,5.576900578346040416e-02,9.984436803153177165e-01,-1.877027648645724614e-04,4.967647477619036023e-01,1.077079371194151038e-03,1.278339592797048997e-04,9.999994117790804715e-01,1.503502227212154818e-01,0.000000000000000000e+00,0.000000000000000000e+00,0.000000000000000000e+00,1.000000000000000056e-01
9.982861319308459214e-01,-5.848512938369088143e-02,-2.070853814872095251e-03,1.216418241923311605e+01,5.848571434710579664e-02,9.982882206497240007e-01,2.230007099717424743e-04,5.461659727306280576e-01,2.054266744699004624e-03,-3.437338808467468713e-04,9.999978309152279810e-01,1.549263407501307033e-01,0.000000000000000000e+00,0.000000000000000000e+00,0.000000000000000000e+00,1.000000000000000056e-01
9.981981146124723203e-01,-5.989042396594626561e-02,-3.696092705119669464e-03,1.304150609071464828e+01,5.990337650736313191e-02,9.981980471418407941e-01,3.499166362513642537e-03,6.073784752856821179e-01,3.479865963327337126e-03,-3.714269698697402530e-03,9.999870472828548129e-01,1.697355429445406572e-01,0.000000000000000000e+00,0.000000000000000000e+00,0.000000000000000000e+00,1.000000000000000056e-01
9.983669023614593074e-01,-5.697612480301270099e-02,-4.153248321011813494e-03,1.392821236416528130e+01,5.700552029257030529e-02,9.983468744848642551e-01,7.340903382828096665e-03,6.695231346877158485e-01,3.728126252934782937e-03,-7.565673052292366807e-03,9.999644302003486418e-01,1.875831937946187133e-01,0.000000000000000000e+00,0.000000000000000000e+00,0.000000000000000000e+00,1.000000000000000056e-01
9.975289455380008663e-01,-7.011963783236664638e-02,-4.386251714380381972e-03,1.488594226718153379e+01,7.014129110674670320e-02,9.975245633321453420e-01,4.994480042138317068e-03,7.611627203436505118e-01,4.025182694336442921e-03,-5.289795768310646788e-03,9.999779077384693959e-01,1.915901261557681756e-01,0.000000000000000000e+00,0.000000000000000000e+00,0.000000000000000000e+00,1.000000000000000056e-01
9.972744677215512610e-01,-7.371052704655564614e-02,-3.224008873390059055e-03,1.582627545977998018e+01,7.371394518803084384e-02,9.972789697034334377e-01,9.543961830827808572e-04,8.417300636181835882e-01,3.144887201902912214e-03,-1.189449358858160177e-03,9.999943474313792713e-01,1.890876308115420623e-01,0.000000000000000000e+00,0.000000000000000000e+00,0.000000000000000000e+00,1.000000000000000056e-01
9.970695749148545950e-01,-7.648647764961345741e-02,-1.442745946605378119e-03,1.673085155910029442e+01,7.648957418738576430e-02,9.970678888173564181e-01,2.229378822035896126e-03,9.258590507298039007e-01,1.267998321637452781e-03,-2.333200817527932621e-03,9.999964741708849969e-01,2.048247626535560084e-01,0.000000000000000000e+00,0.000000000000000000e+00,0.000000000000000000e+00,1.000000000000000056e-01
9.970262628193704568e-01,-7.705441468259882631e-02,-1.117330014645506742e-03,1.760297604342330757e+01,7.705629072900033183e-02,9.970252144913415160e-01,1.746346924960401640e-03,1.001526005039073519e+00,9.794424573739699338e-04,-1.827251054628131451e-03,9.999978509207188004e-01,2.213467287606525891e-01,0.000000000000000000e+00,0.000000000000000000e+00,0.000000000000000000e+00,1.000000000000000056e-01
9.969716793640591712e-01,-7.774262399815717872e-02,-1.885460126538001909e-03,1.850193234810798870e+01,7.774432268303360649e-02,9.969729717483875042e-01,8.449223309770481898e-04,1.074988648085227538e+00,1.814066306382887189e-03,-9.889474557299470555e-04,9.999978655709050868e-01,2.241818649408938435e-01,0.000000000000000000e+00,0.000000000000000000e+00,0.000000000000000000e+00,1.000000000000000056e-01
9.968034229085882547e-01,-7.989221071052404755e-02,-4.132136340744501203e-04,1.941986037672596055e+01,7.989221907530530409e-02,9.968035078776351643e-01,3.750306039479107988e-06,1.150978161751526230e+00,4.115931797079423488e-04,-3.675087207548653696e-05,9.999999146202103173e-01,2.341746478897026307e-01,0.000000000000000000e+00,0.000000000000000000e+00,0.000000000000000000e+00,1.000000000000000056e-01
9.966382725300629852e-01,-8.192088232573158102e-02,1.059607127875956522e-03,2.034523869876312219e+01,8.192324893062055691e-02,9.966356894032182279e-01,-2.425673602002951981e-03,1.214466018106577838e+00,-8.573289586769006427e-04,2.504325606927639610e-03,9.999964966640189079e-01,2.501928276304771215e-01,0.000000000000000000e+00,0.000000000000000000e+00,0.000000000000000000e+00,1.000000000000000056e-01
9.966627855906446953e-01,-8.152734467057816403e-02,4.072332214008133819e-03,2.127860482444971169e+01,8.153423793698046096e-02,9.966693265921927614e-01,-1.556108704695460029e-03,1.304092194831809826e+00,-3.931903194682586505e-03,1.882950139998996759e-03,9.999904972728680397e-01,2.525133876568367297e-01,0.000000000000000000e+00,0.000000000000000000e+00,0.000000000000000000e+00,1.000000000000000056e-01
9.967815731068571106e-01,-7.981863075233606997e-02,7.448603858546109027e-03,2.224176774624217856e+01,7.983309959936214784e-02,9.968068533351825966e-01,-1.665338515136561160e-03,1.394257541113402832e+00,-7.291894333960317887e-03,2.254623878588763678e-03,9.999708720498754477e-01,2.641834422517177483e-01,0.000000000000000000e+00,0.000000000000000000e+00,0.000000000000000000e+00,1.000000000000000056e-01
9.969405426706052786e-01,-7.754424775788552882e-02,9.820591596374720483e-03,2.321438611900653015e+01,7.755603174418083945e-02,9.969876541550158899e-01,-8.242588028675005857e-04,1.471443143836271172e+00,-9.727092049257920342e-03,1.583383131826822951e-03,9.999514371098844334e-01,2.668889883323951606e-01,0.000000000000000000e+00,0.000000000000000000e+00,0.000000000000000000e+00,1.000000000000000056e-01
9.970943503770943739e-01,-7.545657756788734516e-02,1.044803081071529749e-02,2.413416833639824333e+01,7.547959342883875378e-02,9.971456750978738848e-01,-1.825817466913719255e-03,1.557094492622611792e+00,-1.028043879887711315e-02,2.609125398804258179e-03,9.999437509393994672e-01,2.643431566954460021e-01,0.000000000000000000e+00,0.000000000000000000e+00,0.000000000000000000e+00,1.000000000000000056e-01
9.971769377212283958e-01,-7.462864398270731281e-02,8.289775281378135297e-03,2.507453515955453938e+01,7.464957489039654448e-02,9.972073021872610576e-01,-2.244422662431459336e-03,1.633392892142111918e+00,-8.099126224260417423e-03,2.856914718167324115e-03,9.999631204162964249e-01,2.712724027559387796e-01,0.000000000000000000e+00,0.000000000000000000e+00,0.000000000000000000e+00,1.000000000000000056e-01
9.973966984645877831e-01,-7.193040799199479363e-02,5.083532044298874446e-03,2.600546191704375332e+01,7.195080638012937846e-02,9.974003588267069675e-01,-3.950401701771127407e-03,1.708065641364887144e+00,-4.786162678950093251e-03,4.305881844801943796e-03,9.999792757994283576e-01,2.724629846413912926e-01,0.000000000000000000e+00,0.000000000000000000e+00,0.000000000000000000e+00,1.000000000000000056e-01
9.974646225341995409e-01,-7.109966360774980232e-02,3.027313589926898356e-03,2.695864084231262936e+01,7.111184233368036955e-02,9.974598162665636591e-01,-4.125628846957251836e-03,1.778924697712824354e+00,-2.726292834000666222e-03,4.330446667247909651e-03,9.999869071938118914e-01,2.798485547665987561e-01,0.000000000000000000e+00,0.000000000000000000e+00,0.000000000000000000e+00,1.000000000000000056e-01
9.973796134591026430e-01,-7.219645602205541912e-02,4.645255001214656024e-03,2.792729023503065022e+01,7.222200820029685275e-02,9.973729135723851114e-01,-5.590420704020267022e-03,1.849837505597603293e+00,-4.229442952345566914e-03,5.911261285639694309e-03,9.999735840522617769e-01,2.874412424575161218e-01,0.000000000000000000e+00,0.000000000000000000e+00,0.000000000000000000e+00,1.000000000000000056e-01
9.975232800361872876e-01,-6.988270288773303085e-02,7.982081367108366521e-03,2.892192943640953473e+01,6.995785903777941572e-02,9.975041387694810746e-01,-9.559869068451206861e-03,1.919500394666097121e+00,-7.294089709929149450e-03,1.009460127298618913e-02,9.999224446328039972e-01,2.928171198647111506e-01,0.000000000000000000e+00,0.000000000000000000e+00,0.000000000000000000e+00,1.000000000000000056e-01
9.973756020251913768e-01,-7.135342365608361714e-02,1.227181394262681115e-02,2.986652807182168701e+01,7.150004430672403377e-02,9.973689485598377091e-01,-1.195508731796927730e-02,1.973252387343852998e+00,-1.138648975863512484e-02,1.280114765164503017e-02,9.998532284639467527e-01,2.985425052209016994e-01,0.000000000000000000e+00,0.000000000000000000e+00,0.000000000000000000e+00,1.000000000000000056e-01
9.974129578200278123e-01,-7.082569973296373722e-02,1.229275518504456891e-02,3.077262637363465103e+01,7.105986322886218010e-02,9.972757069876332370e-01,-1.979040399314231993e-02,2.019394963901318896e+00,-1.085759690717887083e-02,2.061272688540852563e-02,9.997285772047075358e-01,3.131677601382156229e-01,0.000000000000000000e+00,0.000000000000000000e+00,0.000000000000000000e+00,1.000000000000000056e-01
9.973904377914389885e-01,-7.158084148355171872e-02,9.407323461442733403e-03,3.171193977241186701e+01,7.177443837197010346e-02,9.971744955553945022e-01,-2.216879361248024621e-02,2.083982762911482212e+00,-7.793882125734064026e-03,2.278614812448823829e-02,9.997099813721272987e-01,3.091384499529661323e-01,0.000000000000000000e+00,0.000000000000000000e+00,0.000000000000000000e+00,1.000000000000000056e-01
9.974371708656261104e-01,-7.118670153340594942e-02,7.179394150599022369e-03,3.269091496284025311e+01,7.133525589055647598e-02,9.971836571633745372e-01,-2.315243298891954057e-02,2.166205898450884959e+00,-5.511029178357274884e-03,2.360524117799604402e-02,9.997061674043647983e-01,3.079783062788269965e-01,0.000000000000000000e+00,0.000000000000000000e+00,0.000000000000000000e+00,1.000000000000000056e-01
9.973975321986527920e-01,-7.185643211653877649e-02,5.900502310698729942e-03,3.365758656761740752e+01,7.197408183180981078e-02,9.971410328711529658e-01,-2.301069553746978857e-02,2.244797673217233669e+00,-4.230166486706216609e-03,2.337549417940593122e-02,9.997178061650013881e-01,3.064344310380063829e-01,0.000000000000000000e+00,0.000000000000000000e+00,0.000000000000000000e+00,1.000000000000000056e-01
9.975081796664562184e-01,-7.014211518815083313e-02,7.583876017259089802e-03,3.461264649154075101e+01,7.030553043072937380e-02,9.972366105104543132e-01,-2.400572949264900835e-02,2.301471937236747145e+00,-5.879106170734001852e-03,2.447909995389196264e-02,9.996830546608662660e-01,3.189742572270880538e-01,0.000000000000000000e+00,0.000000000000000000e+00,0.000000000000000000e+00,1.000000000000000056e-01
9.973393315523688685e-01,-7.223850291344467711e-02,9.790629984748945927e-03,3.559075849219824050e+01,7.244169459638812036e-02,9.971235242314515634e-01,-2.229076733209063924e-02,2.388519844175346130e+00,-8.152215813976846845e-03,2.294070881803808235e-02,9.997035886982942321e-01,3.145316578185875511e-01,0.000000000000000000e+00,0.000000000000000000e+00,0.000000000000000000e+00,1.000000000000000056e-01
9.973411014350429538e-01,-7.197362773856585960e-02,1.142472312512463582e-02,3.657196803902466797e+01,7.219948602289424922e-02,9.971739307181175516e-01,-2.076983664376565869e-02,2.466489438430989001e+00,-9.897555575257495006e-03,2.153947089250703162e-02,9.997190053146461919e-01,3.234591458006624842e-01,0.000000000000000000e+00,0.000000000000000000e+00,0.000000000000000000e+00,1.000000000000000056e-01
9.973894904303686193e-01,-7.108742393434380746e-02,1.268000541910564022e-02,3.757158823978946316e+01,7.133153761268193338e-02,9.972527698605908597e-01,-1.996809322869559991e-02,2.544161907891115959e+00,-1.122569021754161664e-02,2.082045061371674485e-02,9.997202072156896602e-01,3.191543309039200915e-01,0.000000000000000000e+00,0.000000000000000000e+00,0.000000000000000000e+00,1.000000000000000056e-01
9.972858855122936905e-01,-7.196031514700364229e-02,1.557483874408233451e-02,3.856317277345035421e+01,7.225603961999567393e-02,9.971986094568388026e-01,-1.933902882206552792e-02,2.612732456029332351e+00,-1.413956492944058035e-02,2.041191664912885007e-02,9.996916656461206641e-01,3.361148554758801033e-01,0.000000000000000000e+00,0.000000000000000000e+00,0.000000000000000000e+00,1.000000000000000056e-01
9.974465236640243093e-01,-6.941080570641651459e-02,1.680989237737903416e-02,3.957614444234138062e+01,6.971290637469203244e-02,9.974027614458297331e-01,-1.810641171040306210e-02,2.692375985912017100e+00,-1.550945245153388316e-02,1.923204387004398899e-02,9.996947460966444376e-01,3.325036898336038438e-01,0.000000000000000000e+00,0.000000000000000000e+00,0.000000000000000000e+00,1.000000000000000056e-01
9.974079772968841295e-01,-7.025348286956251131e-02,1.554911474117713112e-02,4.058575364095953830e+01,7.056394070534174889e-02,9.972984439759615682e-01,-2.040940751856517785e-02,2.774101334053056256e+00,-1.407327597509619964e-02,2.145371268153689268e-02,9.996707863669452854e-01,3.458305310475559557e-01,0.000000000000000000e+00,0.000000000000000000e+00,0.000000000000000000e+00,1.000000000000000056e-01
9.974612437689117650e-01,-6.993434449268631781e-02,1.342589435955392554e-02,4.159355054309539668e+01,7.015886870550858134e-02,9.973900851988778404e-01,-1.705142483602173353e-02,2.846919389683459478e+00,-1.219837370057313269e-02,1.795008098459632134e-02,9.997644693985217046e-01,3.612167868363138079e-01,0.000000000000000000e+00,0.000000000000000000e+00,0.000000000000000000e+00,1.000000000000000056e-01
9.975963665580070971e-01,-6.839388085233417958e-02,1.112503897606595231e-02,4.262631089740310841e+01,6.855564572208545926e-02,9.975364048082105972e-01,-1.487429063645332242e-02,2.920325915167185649e+00,-1.008032092198346726e-02,1.560122252474119287e-02,9.998274796112793794e-01,3.696449487240655585e-01,0.000000000000000000e+00,0.000000000000000000e+00,0.000000000000000000e+00,1.000000000000000056e-01
9.975794530752074563e-01,-6.864034854159492549e-02,1.112372933230383089e-02,4.367522101206910889e+01,6.883653265305975100e-02,9.974594664931164534e-01,-1.833424325058793242e-02,2.989915505056237599e+00,-9.837000278246870247e-03,1.905558331187625493e-02,9.997700326425922324e-01,3.785991497764213398e-01,0.000000000000000000e+00,0.000000000000000000e+00,0.000000000000000000e+00,1.000000000000000056e-01
9.975839213108487202e-01,-6.829642286549481023e-02,1.272472262361660014e-02,4.468835607746562033e+01,6.854607397476344954e-02,9.974405551693247274e-01,-2.034145142696635461e-02,3.075375422664042624e+00,-1.130290602972178898e-02,2.116453465793402544e-02,9.997121119542347056e-01,3.869289022761143726e-01,0.000000000000000000e+00,0.000000000000000000e+00,0.000000000000000000e+00,1.000000000000000056e-01
9.975776094527893934e-01,-6.827810752425889085e-02,1.330462894498563725e-02,4.567511019928436156e+01,6.854641462858290790e-02,9.974294460996002698e-01,-2.087795715607978012e-02,3.140342816192932762e+00,-1.184492127556804539e-02,2.173936720216225818e-02,9.996935019062718197e-01,3.885600234613046378e-01,0.000000000000000000e+00,0.000000000000000000e+00,0.000000000000000000e+00,1.000000000000000056e-01
9.970129983057313128e-01,-7.642804725268112498e-02,1.112810866939202212e-02,4.659094478553531360e+01,7.660548095955005410e-02,9.969249144518061989e-01,-1.650197661539408792e-02,3.196666597914660457e+00,-9.832674934720064819e-03,1.730515930007403905e-02,9.998019053618707463e-01,4.010977784838855031e-01,0.000000000000000000e+00,0.000000000000000000e+00,0.000000000000000000e+00,1.000000000000000056e-01
9.970422634081607116e-01,-7.649022839656340056e-02,7.481305886898617641e-03,4.754824745311835699e+01,7.660237564303652713e-02,9.969321867461530262e-01,-1.607143663076390089e-02,3.272210252784728102e+00,-6.229046778994681496e-03,1.659698735840633294e-02,9.998428571464867964e-01,3.967731170196289181e-01,0.000000000000000000e+00,0.000000000000000000e+00,0.000000000000000000e+00,1.000000000000000056e-01
9.971367335931226039e-01,-7.527653573921919139e-02,7.195671361316709029e-03,4.849495027137611203e+01,7.538246418392816062e-02,9.970294970846063087e-01,-1.580082392712115966e-02,3.363505848246881147e+00,-5.984865311500656669e-03,1.629800939744342411e-02,9.998492667781899712e-01,4.079329419901757681e-01,0.000000000000000000e+00,0.000000000000000000e+00,0.000000000000000000e+00,1.000000000000000056e-01
9.972526288585410459e-01,-7.350341464064363839e-02,9.189247569555218306e-03,4.946607368988843234e+01,7.364491294738989557e-02,9.971538102400728798e-01,-1.614637794293236062e-02,3.450654006520336825e+00,-7.976279314337414786e-03,1.677875918744476530e-02,9.998274112107695677e-01,4.136235257579459201e-01,0.000000000000000000e+00,0.000000000000000000e+00,0.000000000000000000e+00,1.000000000000000056e-01
9.972530645778202585e-01,-7.309176986100253404e-02,1.199659821499630963e-02,5.046502435537910003e+01,7.329054587401363785e-02,9.971646648935036383e-01,-1.706244335714030003e-02,3.540549114819498744e+00,-1.071545965579230944e-02,1.789481115890193680e-02,9.997824536657723415e-01,4.295778168458079249e-01,0.000000000000000000e+00,0.000000000000000000e+00,0.000000000000000000e+00,1.000000000000000056e-01
9.973570570760517118e-01,-7.157139761133431144e-02,1.250742757554834661e-02,5.140107948554967976e+01,7.181191669442917036e-02,9.972181746013444315e-01,-1.997400474203400722e-02,3.612321643113933334e+00,-1.104306666056404859e-02,2.081939693465502395e-02,9.997222631261182269e-01,4.397539657615970321e-01,0.000000000000000000e+00,0.000000000000000000e+00,0.000000000000000000e+00,1.000000000000000056e-01
9.974125600574679229e-01,-7.090909402790505911e-02,1.183576882799312717e-02,5.233900768272830106e+01,7.117119349207369494e-02,9.971889686760806448e-01,-2.342694960186705519e-02,3.682214625873794223e+00,-1.014131433896918628e-02,2.420869957012005205e-02,9.996554869596834259e-01,4.434459643316838173e-01,0.000000000000000000e+00,0.000000000000000000e+00,0.000000000000000000e+00,1.000000000000000056e-01
9.974212423293316032e-01,-7.089284844316465217e-02,1.118344266436744824e-02,5.332325133541882423e+01,7.116572745874846784e-02,9.971189421681733167e-01,-2.625365507296278586e-02,3.759683016540320111e+00,-9.290026129125817517e-03,2.698183109126321352e-02,9.995927551785690479e-01,4.575882455087856848e-01,0.000000000000000000e+00,0.000000000000000000e+00,0.000000000000000000e+00,1.000000000000000056e-01
9.973299549733443126e-01,-7.182221030049451560e-02,1.321101890160059598e-02,5.428774498381484648e+01,7.218618397234496942e-02,9.969542280987192528e-01,-2.951985636139848462e-02,3.838445578268370184e+00,-1.105059981981405988e-02,3.039469005662621265e-02,9.994768867062329143e-01,4.485997301837931217e-01,0.000000000000000000e+00,0.000000000000000000e+00,0.000000000000000000e+00,1.000000000000000056e-01
9.971796673318031878e-01,-7.302568763208426572e-02,1.731935350685812058e-02,5.524345569892751229e+01,7.355005716284744588e-02,9.967822746269513479e-01,-3.186669234267829054e-02,3.922598792320373562e+00,-1.493653746275014869e-02,3.305065710968983772e-02,9.993420605144374136e-01,4.554176615179706400e-01,0.000000000000000000e+00,0.000000000000000000e+00,0.000000000000000000e+00,1.000000000000000056e-01
9.970324819572475850e-01,-7.387041698543288237e-02,2.166544291190507232e-02,5.620127001091152863e+01,7.450577501082876475e-02,9.967646366200181296e-01,-3.015209236187375852e-02,3.990785191267428367e+00,-1.936799969554190565e-02,3.167681609886751487e-02,9.993104922443434290e-01,4.736883907340600497e-01,0.000000000000000000e+00,0.000000000000000000e+00,0.000000000000000000e+00,1.000000000000000056e-01
9.969032778059129241e-01,-7.505766471373323534e-02,2.345637797162265434e-02,5.716782674242559636e+01,7.568135483196331004e-02,9.967680707060402323e-01,-2.693966873881156743e-02,4.064912716505631352e+00,-2.135853999282921398e-02,2.863145453306975563e-02,9.993618226551860273e-01,4.619756351841774467e-01,0.000000000000000000e+00,0.000000000000000000e+00,0.000000000000000000e+00,1.000000000000000056e-01
9.967343152858274546e-01,-7.858010268374894525e-02,1.859763947129540462e-02,5.806609782437787715e+01,7.908324063944589810e-02,9.964727132954852573e-01,-2.807085156344937479e-02,4.144391817559410107e+00,-1.632622986657682185e-02,2.944994261021892032e-02,9.994329167575973782e-01,4.654133516833816597e-01,0.000000000000000000e+00,0.000000000000000000e+00,0.000000000000000000e+00,1.000000000000000056e-01
9.964706363862627647e-01,-8.296891983279683358e-02,1.274476997577318055e-02,5.898435882248661954e+01,8.329388900886031122e-02,9.961446743784007074e-01,-2.753026991022256356e-02,4.227853373609909760e+00,-1.041147798038767960e-02,2.849466703313056556e-02,9.995397216103695248e-01,4.637518224795250110e-01,0.000000000000000000e+00,0.000000000000000000e+00,0.000000000000000000e+00,1.000000000000000056e-01
9.965298228709935646e-01,-8.285924379285258823e-02,7.915670962259794066e-03,5.993797384269988271e+01,8.305937458312512289e-02,9.961030439863062247e-01,-2.966253622121709302e-02,4.308452017033319592e+00,-5.427008620432847118e-03,3.021707264596500478e-02,9.995286269527963174e-01,4.737177853873153488e-01,0.000000000000000000e+00,0.000000000000000000e+00,0.000000000000000000e+00,1.000000000000000056e-01
9.963960023603299909e-01,-8.442549332357572600e-02,8.206251118758781798e-03,6.084983511352336905e+01,8.461732109422488712e-02,9.960523047568696775e-01,-2.682750751308782960e-02,4.396544423172803917e+00,-5.908929783818951849e-03,2.742521222522828483e-02,9.996063936786374615e-01,4.763640976398964000e-01,0.000000000000000000e+00,0.000000000000000000e+00,0.000000000000000000e+00,1.000000000000000056e-01
9.963362969187548046e-01,-8.486057361235178897e-02,1.061444715496557244e-02,6.177899655058519102e+01,8.511226264646211404e-02,9.960301881976135752e-01,-2.607234063573941538e-02,4.491282907459676288e+00,-8.359796015608508477e-03,2.688023893511740439e-02,9.996037047577246426e-01,4.969658849188022254e-01,0.000000000000000000e+00,0.000000000000000000e+00,0.000000000000000000e+00,1.000000000000000056e-01
9.961678719102813329e-01,-8.688944836182327380e-02,9.989731583945334753e-03,6.267429396971306232e+01,8.711922285442294522e-02,9.958717707023970744e-01,-2.548837631772095727e-02,4.576539627081197992e+00,-7.733820723459967905e-03,2.626099924699009866e-02,9.996252037316620820e-01,5.119575223345613768e-01,0.000000000000000000e+00,0.000000000000000000e+00,0.000000000000000000e+00,1.000000000000000056e-01
9.959712901502910665e-01,-8.912229028896177796e-02,9.920008569291373715e-03,6.348854578178954000e+01,8.933418771651170653e-02,9.957246664230059441e-01,-2.349024439686696678e-02,4.656622828662241531e+00,-7.784092843474778138e-03,2.428180492557171707e-02,9.996748480621889810e-01,5.205217522558875931e-01,0.000000000000000000e+00,0.000000000000000000e+00,0.000000000000000000e+00,1.000000000000000056e-01
9.958090472448657415e-01,-9.086258166031428718e-02,1.040829857832569275e-02,6.430877890431129629e+01,9.107766065896781560e-02,9.955897619088256434e-01,-2.249190323689251661e-02,4.738101876397054824e+00,-8.318723108913211872e-03,2.334560421900761309e-02,9.996928436322262135e-01,5.297486573099411400e-01,0.000000000000000000e+00,0.000000000000000000e+00,0.000000000000000000e+00,1.000000000000000056e-01
9.957441806831918152e-01,-9.166526682480102828e-02,9.539679947303241619e-03,6.510406510356227727e+01,9.186821306624257111e-02,9.954911159912221974e-01,-2.361502510196491003e-02,4.815724527083749429e+00,-7.331989059894000044e-03,2.439091717195167666e-02,9.996756099335106782e-01,5.328371765685485650e-01,0.000000000000000000e+00,0.000000000000000000e+00,0.000000000000000000e+00,1.000000000000000056e-01
9.957490275025566717e-01,-9.160802806237901275e-02,9.583497390568622432e-03,6.590686002208781247e+01,9.182653658199289859e-02,9.954458523443120432e-01,-2.560160600161516184e-02,4.893469473978303341e+00,-7.194540087356139819e-03,2.637279365233040004e-02,9.996262873433766627e-01,5.418128268284471138e-01,0.000000000000000000e+00,0.000000000000000000e+00,0.000000000000000000e+00,1.000000000000000056e-01
9.956187391738599013e-01,-9.285597985334771709e-02,1.100423606290775076e-02,6.666326863662555979e+01,9.311407414713911146e-02,9.953190338801349846e-01,-2.588030122768529909e-02,4.967798574528504041e+00,-8.549584877325768287e-03,2.679156213044195031e-02,9.996044801805542557e-01,5.542075326790106837e-01,0.000000000000000000e+00,0.000000000000000000e+00,0.000000000000000000e+00,1.000000000000000056e-01
9.953114250964528731e-01,-9.574301926014495978e-02,1.372739361348656630e-02,6.745989647688071500e+01,9.605934287603241917e-02,9.950713362531866668e-01,-2.460972193102262465e-02,5.059712991071665833e+00,-1.130352682541682814e-02,2.581298181630571967e-02,9.996028812738877445e-01,5.622492731568670132e-01,0.000000000000000000e+00,0.000000000000000000e+00,0.000000000000000000e+00,1.000000000000000056e-01
9.952053924876386182e-01,-9.640037143086921390e-02,1.652861614036815405e-02,6.820125017925636257e+01,9.677103259120761747e-02,9.950334176583858214e-01,-2.332091323905876798e-02,5.138463384152020197e+00,-1.419838070896174177e-02,2.480858986445477407e-02,9.995913864445714614e-01,5.697275188497987752e-01,0.000000000000000000e+00,0.000000000000000000e+00,0.000000000000000000e+00,1.000000000000000056e-01
9.949764747242135776e-01,-9.848628200451430004e-02,1.795179663163716868e-02,6.892880683712212431e+01,9.885285246026508099e-02,9.948841600929327900e-01,-2.082358174399277090e-02,5.211998398057216875e+00,-1.580912097004255959e-02,2.249356025859333003e-02,9.996219842725787563e-01,5.755279677933341498e-01,0.000000000000000000e+00,0.000000000000000000e+00,0.000000000000000000e+00,1.000000000000000056e-01
9.950930297680204983e-01,-9.780388400840371588e-02,1.497539248140778052e-02,6.959654718927778561e+01,9.808746581853496072e-02,9.949858820349174460e-01,-1.954337740757898859e-02,5.292661041072979522e+00,-1.298888587982927924e-02,2.091637693454688821e-02,9.996968510601265123e-01,5.880970838616742524e-01,0.000000000000000000e+00,0.000000000000000000e+00,0.000000000000000000e+00,1.000000000000000056e-01
9.950808914495286039e-01,-9.861774519489921453e-02,9.410621907476638195e-03,7.028733295008080972e+01,9.878186780623637864e-02,9.949286693219155930e-01,-1.894955287160088667e-02,5.367387399068493714e+00,-7.494135355248591687e-03,1.978593677328141162e-02,9.997761522667366618e-01,5.902240867480572639e-01,0.000000000000000000e+00,0.000000000000000000e+00,0.000000000000000000e+00,1.000000000000000056e-01
9.952307660252419641e-01,-9.750009065505156614e-02,3.074846185888300415e-03,7.101751421461217717e+01,9.754391359272600315e-02,9.949965852774746988e-01,-2.160972482887710266e-02,5.429431517129657436e+00,-9.525113253660898258e-04,2.180659552570526211e-02,9.997617541763403892e-01,6.080717619823249320e-01,0.000000000000000000e+00,0.000000000000000000e+00,0.000000000000000000e+00,1.000000000000000056e-01
9.950982231533175293e-01,-9.889122814615201873e-02,2.264351032248949772e-04,7.171543492619652227e+01,9.887608957125788856e-02,9.949002692579497209e-01,-1.992418484043288057e-02,5.505035350341645817e+00,1.745046763513451778e-03,1.984890995004156417e-02,9.998014680853335445e-01,6.082351108932817496e-01,0.000000000000000000e+00,0.000000000000000000e+00,0.000000000000000000e+00,1.000000000000000056e-01
9.950612948903853061e-01,-9.921993337845924632e-02,2.902452660045981656e-03,7.237423345921185103e+01,9.925746650065114807e-02,9.948774525152643822e-01,-1.915227977578651958e-02,5.579131876091791398e+00,-9.872967850735481915e-04,1.934578241147131422e-02,9.998123653705960345e-01,6.202506405650196619e-01,0.000000000000000000e+00,0.000000000000000000e+00,0.000000000000000000e+00,1.000000000000000056e-01
9.949362298093169521e-01,-1.003077288340672585e-01,6.344930966784850454e-03,7.297739550391355579e+01,1.004181182521623333e-01,9.947339498787975964e-01,-2.050781522299373674e-02,5.645420543049147533e+00,-4.254425873930980581e-03,2.104111438771591111e-02,9.997695591314061936e-01,6.356044476349539396e-01,0.000000000000000000e+00,0.000000000000000000e+00,0.000000000000000000e+00,1.000000000000000056e-01
9.949187803456922552e-01,-1.006185792745145496e-01,3.538646664798627932e-03,7.356687550265039022e+01,1.006721847421553212e-01,9.946785229748897894e-01,-2.190313109427407048e-02,5.697565143718882119e+00,-1.315953905502619849e-03,2.214807976484278393e-02,9.997538351154491298e-01,6.551908304577088726e-01,0.000000000000000000e+00,0.000000000000000000e+00,0.000000000000000000e+00,1.000000000000000056e-01
9.949033746470713480e-01,-1.008328330726031841e-01,1.220263157037336770e-04,7.420679971227463056e+01,1.007935019635365914e-01,9.944800139285620011e-01,-2.915770667548587061e-02,5.748456988246646304e+00,2.818701437848493419e-03,2.902140022810182143e-02,9.995748162348851995e-01,6.712806112523531654e-01,0.000000000000000000e+00,0.000000000000000000e+00,0.000000000000000000e+00,1.000000000000000056e-01
9.950395229511157513e-01,-9.943810562590948976e-02,-2.900157710616230351e-03,7.483003710148778964e+01,9.928930299633173528e-02,9.945121678136071841e-01,-3.297244881991884952e-02,5.818145495472194284e+00,6.162959980286280941e-03,3.252093510663561088e-02,9.994520532292038295e-01,6.973417366018620500e-01,0.000000000000000000e+00,0.000000000000000000e+00,0.000000000000000000e+00,1.000000000000000056e-01
9.954638729987906887e-01,-9.511156926280435464e-02,-2.338150254845075375e-03,7.543537995272664887e+01,9.499735082902492633e-02,9.950146359583311728e-01,-3.035420175489628170e-02,5.871118248133096351e+00,5.213529487268506526e-03,2.999439316066525307e-02,9.995364703147198160e-01,7.100747415169225141e-01,0.000000000000000000e+00,0.000000000000000000e+00,0.000000000000000000e+00,1.000000000000000056e-01
9.959291597050232703e-01,-9.013938447279690180e-02,1.470073471750198493e-05,7.600013354187211689e+01,9.011027372694480064e-02,9.956033507418164952e-01,-2.557550704331349942e-02,5.949315432605494891e+00,2.290724361720849079e-03,2.547271792590649966e-02,9.996728931122248474e-01,7.135240098445964074e-01,0.000000000000000000e+00,0.000000000000000000e+00,0.000000000000000000e+00,1.000000000000000056e-01
9.965247242845159947e-01,-8.325309060667222816e-02,2.719704783000576574e-03,7.655858679101007169e+01,8.329618182629162926e-02,9.961614637650659798e-01,-2.690881273119365494e-02,5.988189788060703123e+00,-4.690232732146653542e-04,2.704183821189507994e-02,9.996341925941163442e-01,7.274627731657189456e-01,0.000000000000000000e+00,0.000000000000000000e+00,0.000000000000000000e+00,1.000000000000000056e-01
9.970749496800829226e-01,-7.610699849007310225e-02,7.019223695828163967e-03,7.713550700654663217e+01,7.629222115187658804e-02,9.965833289280527918e-01,-3.164119931977391054e-02,6.016426187917161883e+00,-4.587124608424968109e-03,3.208415938609765483e-02,9.994746445029579762e-01,7.396366636628911584e-01,0.000000000000000000e+00,0.000000000000000000e+00,0.000000000000000000e+00,1.000000000000000056e-01
9.977453705486923896e-01,-6.645888505580950512e-02,9.348376639352902473e-03,7.768345882093744592e+01,6.674855332688174603e-02,9.971507228605369644e-01,-3.514351330582932142e-02,6.036957889344718886e+00,-6.986141812253882609e-03,3.568826832233920610e-02,9.993385519065757228e-01,7.543184160598097598e-01,0.000000000000000000e+00,0.000000000000000000e+00,0.000000000000000000e+00,1.000000000000000056e-01
9.983776521709670781e-01,-5.623911060481598390e-02,8.900903547767404292e-03,7.817985749636035564e+01,5.650523412718808092e-02,9.978508668417439553e-01,-3.317839748107000858e-02,6.075194300554972671e+00,-7.015850755186013241e-03,3.362751821885592157e-02,9.994098097660546465e-01,7.622070158889142633e-01,0.000000000000000000e+00,0.000000000000000000e+00,0.000000000000000000e+00,1.000000000000000056e-01
9.991482557092649097e-01,-4.045174449166531044e-02,8.149814765655367249e-03,7.867171489767758885e+01,4.066663975988906582e-02,9.987747546533728427e-01,-2.819953683545640966e-02,6.116043698536555162e+00,-6.999108784186688220e-03,2.850694362214016564e-02,9.995690904792681186e-01,7.593138824933837183e-01,0.000000000000000000e+00,0.000000000000000000e+00,0.000000000000000000e+00,1.000000000000000056e-01
9.996673335657370041e-01,-2.427707484211509559e-02,8.708951640683915141e-03,7.915173963271470825e+01,2.446719971454891507e-02,9.994489161416876266e-01,-2.243256920939434851e-02,6.131954868182736718e+00,-8.159555116414519277e-03,2.263819030568106627e-02,9.997104250731738695e-01,7.632106081926772756e-01,0.000000000000000000e+00,0.000000000000000000e+00,0.000000000000000000e+00,1.000000000000000056e-01
9.999582083141186351e-01,1.608326875724142924e-03,8.999717211034569120e-03,7.964581649817633036e+01,-1.398087125608715167e-03,9.997271108330413325e-01,-2.331843086078232846e-02,6.145024518244021294e+00,-9.034764944755097754e-03,2.330487395547767987e-02,9.996875791327569649e-01,7.665919758728743094e-01,0.000000000000000000e+00,0.000000000000000000e+00,0.000000000000000000e+00,1.000000000000000056e-01
9.995943544035935657e-01,2.617302378648943967e-02,1.122940204707059512e-02,8.014337790868212608e+01,-2.589271681266368946e-02,9.993664035772881205e-01,-2.442045489044269990e-02,6.136856998386861051e+00,-1.186144428482882769e-02,2.411978911327380265e-02,9.996387056895151835e-01,7.814803503631772008e-01,0.000000000000000000e+00,0.000000000000000000e+00,0.000000000000000000e+00,1.000000000000000056e-01
9.985142448606084686e-01,5.290363093908418551e-02,1.305789584542558536e-02,8.062607554753813588e+01,-5.259790045601719227e-02,9.983568079481496271e-01,-2.274081993245622574e-02,6.116292424588595011e+00,-1.423951115971732427e-02,2.202021473652486516e-02,9.996561141036899301e-01,7.854090975061154278e-01,0.000000000000000000e+00,0.000000000000000000e+00,0.000000000000000000e+00,1.000000000000000056e-01
9.964168559767000444e-01,8.342091382459916604e-02,1.394274944826516711e-02,8.111959096034762240e+01,-8.310623155476089263e-02,9.963021651588360728e-01,-2.180252225275304545e-02,6.074704534117673305e+00,-1.570997779357957008e-02,2.056567131129268672e-02,9.996650687911632360e-01,7.836206310291293775e-01,0.000000000000000000e+00,0.000000000000000000e+00,0.000000000000000000e+00,1.000000000000000056e-01
