1.000000000000000000e+00,-1.445793447295481590e-09,2.462338822061425505e-10,2.962711417479437667e-15,1.445793447294377718e-09,1.000000000000000000e+00,4.482642841523620155e-12,2.771127503842504179e-15,-2.462338822126235106e-10,-4.482642485520287187e-12,1.000000000000000000e+00,-3.360586845603733119e-16,0.000000000000000000e+00,0.000000000000000000e+00,0.000000000000000000e+00,1.000000000000000056e-01
9.999829804928367372e-01,-5.798163360722552798e-03,-6.480943644832072798e-04,6.413177291962305349e-01,5.797117896596919173e-03,9.999819108798932987e-01,-1.603538926926494817e-03,6.891881988581577585e-03,6.573802216800051336e-04,1.599754556045212368e-03,9.999985043171837340e-01,8.176602396728342714e-03,0.000000000000000000e+00,0.000000000000000000e+00,0.000000000000000000e+00,1.000000000000000056e-01
9.999384018435265586e-01,-1.106939961281811977e-02,-8.129642216586722156e-04,1.304749642409049670e+00,1.106978982653018112e-02,9.999386141956394525e-01,4.770678153918988759e-04,1.565352412834144710e-02,8.076334629050222402e-04,-4.860377719642081421e-04,9.999995557476382135e-01,1.294820756035322540e-02,0.000000000000000000e+00,0.000000000000000000e+00,0.000000000000000000e+00,1.000000000000000056e-01
9.998214130111310327e-01,-1.885817123386604455e-02,-1.229415364905109796e-03,2.031006661929573021e+00,1.886062995632547395e-02,9.998200819912049786e-01,2.019971472752709989e-03,2.232547437769560536e-02,1.191101203019978832e-03,-2.042798280389885972e-03,9.999972041226464770e-01,1.797603406258380804e-02,0.000000000000000000e+00,0.000000000000000000e+00,0.000000000000000000e+00,1.000000000000000056e-01
9.996431147015782948e-01,-2.671018830250160639e-02,-4.572423560700809289e-04,2.748902321552592731e+00,2.671182729234224465e-02,9.996349237484248862e-01,4.061712100180003490e-03,4.153096915510683801e-02,3.485863327183083213e-04,-4.072476313691114971e-03,9.999916466772325041e-01,2.330435433114480884e-02,0.000000000000000000e+00,0.000000000000000000e+00,0.000000000000000000e+00,1.000000000000000056e-01
9.994560663787086519e-01,-3.297544661315540693e-02,-4.373779387438738917e-04,3.447309927178718425e+00,3.297630142474707038e-02,9.994538910907627693e-01,2.117339811621172380e-03,5.804835565303384515e-02,3.673188568347996136e-04,-2.130611226054485163e-03,9.999976627835991394e-01,2.832275208662823202e-02,0.000000000000000000e+00,0.000000000000000000e+00,0.000000000000000000e+00,1.000000000000000056e-01
9.991490552286209637e-01,-4.124490869109145169e-02,-1.514688671500916215e-04,4.186289418528693851e+00,4.124518058794571923e-02,9.991401480487529518e-01,4.218961410563982356e-03,9.523727133497868202e-02,-2.267205180083039194e-05,-4.221618668190069146e-03,9.999910886711933511e-01,4.111513097992762489e-02,0.000000000000000000e+00,0.000000000000000000e+00,0.000000000000000000e+00,1.000000000000000056e-01
9.989153190137239902e-01,-4.655639436416630916e-02,-8.292065594841656773e-04,4.957304889615948618e+00,4.656071939715042407e-02,9.988954220295587216e-01,6.327342065156812793e-03,1.346728915533250692e-01,5.337124037231950544e-04,-6.359087371463492157e-03,9.999796383721382131e-01,4.792298051482403454e-02,0.000000000000000000e+00,0.000000000000000000e+00,0.000000000000000000e+00,1.000000000000000056e-01
9.985669396648957363e-01,-5.351310916544477908e-02,6.435493234927478759e-04,5.743593786586274064e+00,5.350830258826373004e-02,9.985493870470167899e-01,5.998598348763276022e-03,1.867463935721513091e-01,-9.636194307852317910e-04,-5.955566763471519323e-03,9.999818011654604266e-01,4.906684269287558270e-02,0.000000000000000000e+00,0.000000000000000000e+00,0.000000000000000000e+00,1.000000000000000056e-01
9.981064140735370627e-01,-6.134009503225486271e-02,4.580275832199280812e-03,6.552762022471553038e+00,6.131804016295361315e-02,9.981066897775863200e-01,4.809757977640955612e-03,2.355378638174617789e-01,-4.866634960575345718e-03,-4.519796750188600012e-03,9.999779434075021234e-01,4.946449060110662266e-02,0.000000000000000000e+00,0.000000000000000000e+00,0.000000000000000000e+00,1.000000000000000056e-01
9.979085027790807194e-01,-6.430206096990123688e-02,6.623068490999211959e-03,7.377785621469643118e+00,6.426391905161721319e-02,9.979159700379345299e-01,5.819403008501384394e-03,3.024708207216066924e-01,-6.983465424884240970e-03,-5.381607405902804481e-03,9.999611340009111338e-01,5.737829711473345362e-02,0.000000000000000000e+00,0.000000000000000000e+00,0.000000000000000000e+00,1.000000000000000056e-01
9.975844670972310313e-01,-6.917005937144113381e-02,6.382310936080362075e-03,8.195370644388770387e+00,6.913379140687914148e-02,9.975908924350092022e-01,5.738485552126404259e-03,3.623064168962883969e-01,-6.763866648864867541e-03,-5.283390698514355520e-03,9.999631672670165061e-01,6.016203956000716613e-02,0.000000000000000000e+00,0.000000000000000000e+00,0.000000000000000000e+00,1.000000000000000056e-01
9.973048325488167443e-01,-7.303965184011132483e-02,6.948397934195196281e-03,9.029033642091889078e+00,7.299713084519968143e-02,9.973129512566619725e-01,6.188387843039273861e-03,4.355853081789657355e-01,-7.381724943765069664e-03,-5.664495988382454300e-03,9.999567108740519128e-01,6.158259883216386094e-02,0.000000000000000000e+00,0.000000000000000000e+00,0.000000000000000000e+00,1.000000000000000056e-01
9.971073794598094286e-01,-7.557702486931676400e-02,8.061460084513683705e-03,9.810870194586605919e+00,7.554084267234527361e-02,9.971316196828544642e-01,4.702564938336914468e-03,5.180314819085735101e-01,-8.393742618374076814e-03,-4.079992714451061847e-03,9.999564484237833950e-01,6.974503652459423941e-02,0.000000000000000000e+00,0.000000000000000000e+00,0.000000000000000000e+00,1.000000000000000056e-01
9.968615399150665413e-01,-7.868226816953502456e-02,8.727594964230145358e-03,1.058728056534974726e+01,7.863501731066530054e-02,9.968875659274086809e-01,5.631602958101476070e-03,5.532220865277405197e-01,-9.143538194465387903e-03,-4.927633815910568982e-03,9.999460556121327892e-01,7.027690223551347204e-02,0.000000000000000000e+00,0.000000000000000000e+00,0.000000000000000000e+00,1.000000000000000056e-01
9.966344234755633025e-01,-8.139078083401465880e-02,9.765589524494158041e-03,1.138902398780375336e+01,8.135171156186005170e-02,9.966760331957112973e-01,4.334037288417344480e-03,6.336435073495243486e-01,-1.008587970815845447e-02,-3.525003332035243128e-03,9.999429230621224018e-01,8.146435855180364505e-02,0.000000000000000000e+00,0.000000000000000000e+00,0.000000000000000000e+00,1.000000000000000056e-01
9.963557750052780548e-01,-8.481257313479760584e-02,9.055222354329487550e-03,1.224840182480533990e+01,8.475154926395019050e-02,9.963780624075371239e-01,6.923268762816402709e-03,7.134736658362706985e-01,-9.609605142354458313e-03,-6.130594690286791763e-03,9.999350335385551736e-01,7.146801591223173045e-02,0.000000000000000000e+00,0.000000000000000000e+00,0.000000000000000000e+00,1.000000000000000056e-01
9.961161100015822889e-01,-8.777302486564332595e-02,6.970760449965357833e-03,1.312510807036246163e+01,8.773220414179484783e-02,9.961262601562527186e-01,5.961055572620620885e-03,8.143888611414409340e-01,-7.466977416470220799e-03,-5.326343309682197297e-03,9.999579362729260623e-01,6.775107820150767790e-02,0.000000000000000000e+00,0.000000000000000000e+00,0.000000000000000000e+00,1.000000000000000056e-01
9.964084425350880903e-01,-8.455083606739270674e-02,4.622960642817045863e-03,1.399975963907102106e+01,8.450301808974063078e-02,9.963758988960049745e-01,9.711232306096702002e-03,9.048343298701075899e-01,-5.427299376772837768e-03,-9.285699730386119330e-03,9.999421584281722453e-01,7.230296608837789851e-02,0.000000000000000000e+00,0.000000000000000000e+00,0.000000000000000000e+00,1.000000000000000056e-01
9.949231759003488440e-01,-1.004827451915246972e-01,5.576017856729179739e-03,1.495518650423859341e+01,1.004221987269517391e-01,9.948921709606748376e-01,1.024451872954212917e-02,1.024156421688142693e+00,-6.576933875907166327e-03,-9.632553136653173448e-03,9.999319766168404122e-01,6.932772643646227528e-02,0.000000000000000000e+00,0.000000000000000000e+00,0.000000000000000000e+00,1.000000000000000056e-01
9.941864008193865843e-01,-1.074207569673866491e-01,7.360801474548412868e-03,1.593132931537788899e+01,1.073447237594574721e-01,9.941711041693874762e-01,1.004618910964637582e-02,1.150495199700377169e+00,-8.397065368319181142e-03,-9.197641391936642319e-03,9.999224433354946262e-01,7.194096646585881882e-02,0.000000000000000000e+00,0.000000000000000000e+00,0.000000000000000000e+00,1.000000000000000056e-01
9.938944117501904429e-01,-1.100046055394616196e-01,8.537274263507551794e-03,1.685606751531600978e+01,1.099195330276750704e-01,9.938915156965291153e-01,9.866675500590494502e-03,1.263822490685233779e+00,-9.570504204102816756e-03,-8.868020442215466398e-03,9.999148782084981146e-01,7.405227414675365216e-02,0.000000000000000000e+00,0.000000000000000000e+00,0.000000000000000000e+00,1.000000000000000056e-01
9.935260308564229925e-01,-1.132713048895266361e-01,8.696982195335449875e-03,1.774589330155670552e+01,1.131936972258592855e-01,9.935326152264949418e-01,8.951502083005186128e-03,1.359752796735121949e+00,-9.654683786773204587e-03,-7.909106765333656641e-03,9.999221135224243273e-01,7.886528568579344312e-02,0.000000000000000000e+00,0.000000000000000000e+00,0.000000000000000000e+00,1.000000000000000056e-01
9.931845624107665804e-01,-1.162065284565254736e-01,8.970380873563710972e-03,1.865709370288423585e+01,1.161255772240941536e-01,9.931930956226513452e-01,9.073319230901710775e-03,1.467444612760177680e+00,-9.963699278129886650e-03,-7.969789933093749529e-03,9.999186002595997769e-01,7.946578605560288000e-02,0.000000000000000000e+00,0.000000000000000000e+00,0.000000000000000000e+00,1.000000000000000056e-01
9.926979680397549632e-01,-1.203209816945188804e-01,8.579371411061414640e-03,1.958312641732353399e+01,1.202672853057084046e-01,9.927201126987763580e-01,6.523643807262459980e-03,1.575141074676124298e+00,-9.301845781188736520e-03,-5.444190242446813287e-03,9.999419165419894950e-01,8.462285694965175631e-02,0.000000000000000000e+00,0.000000000000000000e+00,0.000000000000000000e+00,1.000000000000000056e-01
9.924508682746013832e-01,-1.221757015841055116e-01,1.069448471977250438e-02,2.050783218388704299e+01,1.221303475061757959e-01,9.925024704004139497e-01,4.798381716386151789e-03,1.691776232762855159e+00,-1.120054815670151228e-02,-3.456036965515105371e-03,9.999312994048553671e-01,9.237081142078452933e-02,0.000000000000000000e+00,0.000000000000000000e+00,0.000000000000000000e+00,1.000000000000000056e-01
9.925950277704500557e-01,-1.208648074116773358e-01,1.211648359540172006e-02,2.143018732673921178e+01,1.208137559359818286e-01,9.926632799651872174e-01,4.863022249325752583e-03,1.811467198671876222e+00,-1.261535659505931377e-02,-3.363173812720620954e-03,9.999147672876348425e-01,8.799661214840061307e-02,0.000000000000000000e+00,0.000000000000000000e+00,0.000000000000000000e+00,1.000000000000000056e-01
9.924786953846178594e-01,-1.212734299171154134e-01,1.669713759257790073e-02,2.238405014057002518e+01,1.212443166907393038e-01,9.926188896532165407e-01,2.748740404480906618e-03,1.933263462615320671e+00,-1.690724335433481731e-02,-7.036332524868336904e-04,9.998568147601951672e-01,8.639272701759619089e-02,0.000000000000000000e+00,0.000000000000000000e+00,0.000000000000000000e+00,1.000000000000000056e-01
9.926944007385574142e-01,-1.190262855503497058e-01,1.976284621209649026e-02,2.334755842026108397e+01,1.189846014625846188e-01,9.928906950023044242e-01,3.276033063157548879e-03,2.059844673883643562e+00,-2.001228015759992304e-02,-9.006252981182327408e-04,9.997993286239824640e-01,7.929238604717511740e-02,0.000000000000000000e+00,0.000000000000000000e+00,0.000000000000000000e+00,1.000000000000000056e-01
9.929659860587564113e-01,-1.166498517353665998e-01,2.028207633549045097e-02,2.426645380992631829e+01,1.166491490295425426e-01,9.931724338345625513e-01,1.221761766916828031e-03,2.162036767270167470e+00,-2.028611744630422209e-02,1.152719067471726739e-03,9.997935510282641713e-01,6.945967539210043395e-02,0.000000000000000000e+00,0.000000000000000000e+00,0.000000000000000000e+00,1.000000000000000056e-01
9.929928335517629323e-01,-1.166154487537318513e-01,1.913294610891368500e-02,2.521825376519312556e+01,1.166258195976205975e-01,9.931757576795067211e-01,5.766809524532320484e-04,2.271142290156758392e+00,-1.906962815641958034e-02,1.658755468237299233e-03,9.998167821217407436e-01,5.948326659063975230e-02,0.000000000000000000e+00,0.000000000000000000e+00,0.000000000000000000e+00,1.000000000000000056e-01
9.931988165301175453e-01,-1.154481931783988974e-01,1.509389065208117942e-02,2.615861711881631280e+01,1.154567541976722761e-01,9.933124605762073678e-01,3.058989681559233552e-04,2.390506579309013002e+00,-1.502826514645571113e-02,1.438873129753632987e-03,9.998860339512720685e-01,4.862417413679054334e-02,0.000000000000000000e+00,0.000000000000000000e+00,0.000000000000000000e+00,1.000000000000000056e-01
9.931099876732932819e-01,-1.163099338723938836e-01,1.430215599658678054e-02,2.709879612835722540e+01,1.163365934015702097e-01,9.932092971864892039e-01,-1.043560270390037417e-03,2.503193854814877550e+00,-1.408365787958056579e-02,2.700234234204134092e-03,9.998971743713507276e-01,4.311823303244941008e-02,0.000000000000000000e+00,0.000000000000000000e+00,0.000000000000000000e+00,1.000000000000000056e-01
9.931700328292161206e-01,-1.156590536562482757e-01,1.537105062625159814e-02,2.805236698311126275e+01,1.157083890969347467e-01,9.932804302432466370e-01,-2.357029567744887630e-03,2.614945895811236376e+00,-1.499515197008874194e-02,4.119490639867624988e-03,9.998790802963436475e-01,3.793896904572189449e-02,0.000000000000000000e+00,0.000000000000000000e+00,0.000000000000000000e+00,1.000000000000000056e-01
9.930689421819692830e-01,-1.160743078518338967e-01,1.846161234297603870e-02,2.905888482803726092e+01,1.161907604840272945e-01,9.932124433211890757e-01,-5.361866288637879077e-03,2.732923273800983210e+00,-1.771392818456812845e-02,7.469771661270470722e-03,9.998151925529039641e-01,3.465379134062727268e-02,0.000000000000000000e+00,0.000000000000000000e+00,0.000000000000000000e+00,1.000000000000000056e-01
9.930893642962252965e-01,-1.150878661286369453e-01,2.298472518165036935e-02,3.001310830127665241e+01,1.152997472427732262e-01,9.932976220474603046e-01,-8.111862955770590342e-03,2.839814771070094945e+00,-2.189709586844012026e-02,1.070593782989320668e-02,9.997029059114066474e-01,2.572752576630877447e-02,0.000000000000000000e+00,0.000000000000000000e+00,0.000000000000000000e+00,1.000000000000000056e-01
9.929100287206105158e-01,-1.164390630267374549e-01,2.390856473090451420e-02,3.094122978091841603e+01,1.168199178535758720e-01,9.930368010433818782e-01,-1.519929492478361635e-02,2.926734641997126740e+00,-2.197229297820718977e-02,1.788452892816109682e-02,9.995986004223382793e-01,2.183579664589540767e-02,0.000000000000000000e+00,0.000000000000000000e+00,0.000000000000000000e+00,1.000000000000000056e-01
9.930312916298590364e-01,-1.160707849996917979e-01,2.040653604826467293e-02,3.189254834431031327e+01,1.164484780040799111e-01,9.930261146604382194e-01,-1.840889928614944035e-02,3.028020869221526912e+00,-1.812748781456281072e-02,2.065692309976478389e-02,9.996222715173883611e-01,1.524894698414771231e-02,0.000000000000000000e+00,0.000000000000000000e+00,0.000000000000000000e+00,1.000000000000000056e-01
9.928035938897349366e-01,-1.185450989353295931e-01,1.697302206559382284e-02,3.289132440244324584e+01,1.188458948359208817e-01,9.927501231655188052e-01,-1.796792240345350053e-02,3.143965905113405679e+00,-1.471996060712961636e-02,1.985579193233584852e-02,9.996944884745860849e-01,1.668634612944307942e-03,0.000000000000000000e+00,0.000000000000000000e+00,0.000000000000000000e+00,1.000000000000000056e-01
9.926677168139996787e-01,-1.198845045321684372e-01,1.544375499538282182e-02,3.386063040861083095e+01,1.201537154022578185e-01,9.925943982670620835e-01,-1.787303006997164809e-02,3.264638248110146801e+00,-1.318668534219884919e-02,1.959760449456414075e-02,9.997209836888293344e-01,-5.405496544632456407e-03,0.000000000000000000e+00,0.000000000000000000e+00,0.000000000000000000e+00,1.000000000000000056e-01
9.924332828988171595e-01,-1.216277954126644967e-01,1.681839402949505610e-02,3.482591155591462240e+01,1.219283672181772638e-01,9.923724588890218135e-01,-1.817625115545029590e-02,3.384166916463853259e+00,-1.447937368071013954e-02,2.008935592824522692e-02,9.996933357366161177e-01,-3.339498326757956402e-03,0.000000000000000000e+00,0.000000000000000000e+00,0.000000000000000000e+00,1.000000000000000056e-01
9.923068116257239835e-01,-1.224101951728594206e-01,1.851852367043436282e-02,3.580262376153529402e+01,1.227332026415443311e-01,9.922863990860166794e-01,-1.744314072224267126e-02,3.518650075396339894e+00,-1.624046090908710244e-02,1.958178507309310534e-02,9.996763481861574707e-01,-1.570265594677302742e-02,0.000000000000000000e+00,0.000000000000000000e+00,0.000000000000000000e+00,1.000000000000000056e-01
9.922506424951884618e-01,-1.225868020007031406e-01,2.027654909313190285e-02,3.677439465867627888e+01,1.229476662484536437e-01,9.922566758185290547e-01,-1.762273127586848342e-02,3.634590572954821575e+00,-1.795922693059578273e-02,1.997912082157331931e-02,9.996390853199230708e-01,-1.264213727701858810e-02,0.000000000000000000e+00,0.000000000000000000e+00,0.000000000000000000e+00,1.000000000000000056e-01
9.919637080417516017e-01,-1.244337112175478294e-01,2.289658141921012760e-02,3.776287134912873711e+01,1.248234302306490823e-01,9.920424969054746356e-01,-1.645586822400044516e-02,3.774144248806425406e+00,-2.066671704729341683e-02,1.918165389582706867e-02,9.996023964358567993e-01,-1.960671817676013992e-02,0.000000000000000000e+00,0.000000000000000000e+00,0.000000000000000000e+00,1.000000000000000056e-01
9.920451879461060773e-01,-1.236607454489836860e-01,2.354495929019226677e-02,3.876617123634790119e+01,1.240432426306399410e-01,9.921551407459467953e-01,-1.553868234654076468e-02,3.914694154263337555e+00,-2.143872735615010364e-02,1.833566814687073027e-02,9.996020129246221408e-01,-1.830568341786402084e-02,0.000000000000000000e+00,0.000000000000000000e+00,0.000000000000000000e+00,1.000000000000000056e-01
9.921200386159870765e-01,-1.227885417191325879e-01,2.491591858834818138e-02,3.979354466132359391e+01,1.231042846862006601e-01,9.923264647737429778e-01,-1.155518937726078207e-02,4.058172242903483884e+00,-2.330588055644367343e-02,1.453139126630122527e-02,9.996227661469873071e-01,-2.811430313797848649e-02,0.000000000000000000e+00,0.000000000000000000e+00,0.000000000000000000e+00,1.000000000000000056e-01
9.916776614736269035e-01,-1.264313405783583089e-01,2.430086117317121694e-02,4.079472682094667135e+01,1.268040958424566100e-01,9.918224002245659143e-01,-1.445848160624122261e-02,4.179257801582340726e+00,-2.227413324409402776e-02,1.741960195699377920e-02,9.996001302800456845e-01,-2.398465882525332299e-02,0.000000000000000000e+00,0.000000000000000000e+00,0.000000000000000000e+00,1.000000000000000056e-01
9.918589987059013291e-01,-1.251241868558341241e-01,2.365723039142649670e-02,4.180252548705959725e+01,1.254495182941306186e-01,9.920174009575466467e-01,-1.280213096342976663e-02,4.300165782450950935e+00,-2.186652797993574732e-02,1.566569695546698657e-02,9.996381549805920530e-01,-1.179855251577175204e-02,0.000000000000000000e+00,0.000000000000000000e+00,0.000000000000000000e+00,1.000000000000000056e-01
9.920924427258428491e-01,-1.239300413882328256e-01,1.984766806909686598e-02,4.281287693810308781e+01,1.241684241848961534e-01,9.921972523871661620e-01,-1.126120734192769500e-02,4.408570181185432091e+00,-1.829719983248383197e-02,1.363661236777988055e-02,9.997395937349990991e-01,-1.436097196159491843e-02,0.000000000000000000e+00,0.000000000000000000e+00,0.000000000000000000e+00,1.000000000000000056e-01
9.923521464566721351e-01,-1.219882048463047236e-01,1.887048757217021228e-02,4.384889864013597816e+01,1.222176970210759744e-01,9.924364159430988375e-01,-1.152366455954532617e-02,4.542121969082355548e+00,-1.732200790035347965e-02,1.374184079344696607e-02,9.997555250429515095e-01,-1.626505397322459620e-02,0.000000000000000000e+00,0.000000000000000000e+00,0.000000000000000000e+00,1.000000000000000056e-01
9.922665908981838090e-01,-1.222480797207325803e-01,2.150394363575787796e-02,4.483563810545498995e+01,1.225533345618699393e-01,9.923701511747582416e-01,-1.349678647507873350e-02,4.665395806595319605e+00,-1.968991556769139270e-02,1.602779030249971634e-02,9.996776566288536614e-01,-1.515985476530554502e-02,0.000000000000000000e+00,0.000000000000000000e+00,0.000000000000000000e+00,1.000000000000000056e-01
9.920591513619759771e-01,-1.240770322938341969e-01,2.057985073101747595e-02,4.579496841038959332e+01,1.243453008334716864e-01,9.921626694216619802e-01,-1.230786605043133509e-02,4.787626864357812373e+00,-1.889143614417808717e-02,1.476913887932409554e-02,9.997124517465878490e-01,-2.217582962953013742e-02,0.000000000000000000e+00,0.000000000000000000e+00,0.000000000000000000e+00,1.000000000000000056e-01
9.915881007468817510e-01,-1.283526808231646721e-01,1.669214733635828937e-02,4.670076038280140551e+01,1.285750760709638285e-01,9.916144539853594120e-01,-1.300863023778685290e-02,4.909325855493514190e+00,-1.488248200192887269e-02,1.504539706436552535e-02,9.997760488012492619e-01,-1.735988878068168637e-02,0.000000000000000000e+00,0.000000000000000000e+00,0.000000000000000000e+00,1.000000000000000056e-01
9.918706125087372039e-01,-1.263094884913397720e-01,1.544671999482918022e-02,4.765580261309705890e+01,1.265049020719206663e-01,9.918884500780846825e-01,-1.240211084730151458e-02,5.032840626244739823e+00,-1.375491887712572588e-02,1.425537508279245066e-02,9.998037739916431077e-01,-2.526940147440881815e-02,0.000000000000000000e+00,0.000000000000000000e+00,0.000000000000000000e+00,1.000000000000000056e-01
9.918791460968208185e-01,-1.262665732619198677e-01,1.524834466208872460e-02,4.859592076652312898e+01,1.264444298784318521e-01,9.919090850414270522e-01,-1.132135879642482724e-02,5.161238226412515395e+00,-1.369546242227549782e-02,1.315748794304122567e-02,9.998196411453761367e-01,-2.319633205331535220e-02,0.000000000000000000e+00,0.000000000000000000e+00,0.000000000000000000e+00,1.000000000000000056e-01
9.922355535277139760e-01,-1.230143373115458461e-01,1.833246113734654861e-02,4.955544983034305062e+01,1.232698039494163067e-01,9.922810701865328875e-01,-1.352158214638321185e-02,5.293948028869572831e+00,-1.652760568937829480e-02,1.567643343589800176e-02,9.997405101749684553e-01,-3.182979348226167710e-02,0.000000000000000000e+00,0.000000000000000000e+00,0.000000000000000000e+00,1.000000000000000056e-01
9.924846828794826603e-01,-1.206088234180432706e-01,2.068008615378707019e-02,5.054163868185290909e+01,1.209520481257534696e-01,9.925256048375845630e-01,-1.623347763026827470e-02,5.423195316823012924e+00,-1.856761438091108704e-02,1.861277667362556607e-02,9.996543443814464025e-01,-2.053829575165259588e-02,0.000000000000000000e+00,0.000000000000000000e+00,0.000000000000000000e+00,1.000000000000000056e-01
9.926131155958815011e-01,-1.195760283770035126e-01,2.051282975649995968e-02,5.145859069812029674e+01,1.199092273128437303e-01,9.926581529319971064e-01,-1.586091494437038424e-02,5.551771115801572343e+00,-1.846564248202248529e-02,1.820342976523458417e-02,9.996637710713078828e-01,-2.676599499112375727e-02,0.000000000000000000e+00,0.000000000000000000e+00,0.000000000000000000e+00,1.000000000000000056e-01
9.925470856384014384e-01,-1.200898151151134075e-01,2.070553298839756390e-02,5.239403612355125972e+01,1.204843007928833309e-01,9.925336150240834376e-01,-1.898832034895670678e-02,5.674335523443755136e+00,-1.827063362792188950e-02,2.134149368817639392e-02,9.996052843967921930e-01,-2.428650678789544964e-02,0.000000000000000000e+00,0.000000000000000000e+00,0.000000000000000000e+00,1.000000000000000056e-01
9.927040847659647227e-01,-1.192684019448475852e-01,1.771012101851929949e-02,5.335962252273552053e+01,1.196459679541319876e-01,9.925715992479702265e-01,-2.205589986025523197e-02,5.797679189835882596e+00,-1.494799121243856228e-02,2.401392645631000161e-02,9.995998643931799377e-01,-1.120607553815883110e-02,0.000000000000000000e+00,0.000000000000000000e+00,0.000000000000000000e+00,1.000000000000000056e-01
9.924223213905346563e-01,-1.213221038753677511e-01,1.946492016620804746e-02,5.429361566236192971e+01,1.218029925928145324e-01,9.922193587900051126e-01,-2.578323171726074753e-02,5.921035589273091482e+00,-1.618539468956940383e-02,2.795874020061833720e-02,9.994780346986806840e-01,-2.118608121647360884e-02,0.000000000000000000e+00,0.000000000000000000e+00,0.000000000000000000e+00,1.000000000000000056e-01
9.923423708358960482e-01,-1.212208482555168360e-01,2.370917527047183143e-02,5.523079109090350158e+01,1.218486371091746651e-01,9.921782511289557460e-01,-2.711508106798492593e-02,6.034453959814999102e+00,-2.023681492798839326e-02,2.979637452610122209e-02,9.993511131662737856e-01,-1.910973832102957556e-02,0.000000000000000000e+00,0.000000000000000000e+00,0.000000000000000000e+00,1.000000000000000056e-01
9.919852459677587220e-01,-1.229865348454842605e-01,2.897557642197422581e-02,5.617030719594636423e+01,1.237244943934944635e-01,9.919961184128789355e-01,-2.521805981545110348e-02,6.158863876970520401e+00,-2.564217754714568157e-02,2.860093181142873281e-02,9.992619603638270842e-01,-8.225826026379353881e-03,0.000000000000000000e+00,0.000000000000000000e+00,0.000000000000000000e+00,1.000000000000000056e-01
9.919358633389457891e-01,-1.231417497448437232e-01,2.998920625489355507e-02,5.712144820766975783e+01,1.238289849536712145e-01,9.920541945300022091e-01,-2.224539504643514853e-02,6.287424030244915585e+00,-2.701158098600922597e-02,2.577953811081131613e-02,9.993026518064632713e-01,-2.278660762387940339e-02,0.000000000000000000e+00,0.000000000000000000e+00,0.000000000000000000e+00,1.000000000000000056e-01
9.920420487497757511e-01,-1.234840572872151904e-01,2.458172305261379156e-02,5.800203319732837315e+01,1.240777852961030409e-01,9.919749528010437523e-01,-2.429807011639355946e-02,6.396469605226492661e+00,-2.138402928266338113e-02,2.715475301406324732e-02,9.994024928327842616e-01,-2.171338092731089908e-02,0.000000000000000000e+00,0.000000000000000000e+00,0.000000000000000000e+00,1.000000000000000056e-01
9.920935178117491482e-01,-1.240396843010022621e-01,1.909472792202545829e-02,5.891347244785605142e+01,1.244820742983027417e-01,9.919304905498107505e-01,-2.404402412250660967e-02,6.506118698610465323e+00,-1.595822967312847743e-02,2.623087181394358550e-02,9.995285269913911641e-01,-2.492709580048647899e-02,0.000000000000000000e+00,0.000000000000000000e+00,0.000000000000000000e+00,1.000000000000000056e-01
9.922717703551973134e-01,-1.230754750566838418e-01,1.578484069397538547e-02,5.986582828684490920e+01,1.234324846035757262e-01,9.920605438636770357e-01,-2.408939711768355585e-02,6.637660449651109573e+00,-1.269470364957870842e-02,2.585159083068225977e-02,9.995851838391625055e-01,-2.507740172300891926e-02,0.000000000000000000e+00,0.000000000000000000e+00,0.000000000000000000e+00,1.000000000000000056e-01
9.920433063571610921e-01,-1.252397889564272893e-01,1.284809612749559724e-02,6.077776482080739129e+01,1.254929855358994373e-01,9.918663668033416148e-01,-2.127489096624449183e-02,6.759895382620605631e+00,-1.007913157163567788e-02,2.271795911803293350e-02,9.996911050120796949e-01,-3.101803879179973120e-02,0.000000000000000000e+00,0.000000000000000000e+00,0.000000000000000000e+00,1.000000000000000056e-01
9.917206458444195460e-01,-1.275671620370315285e-01,1.472344306693222117e-02,6.170489663665885871e+01,1.278302417976326655e-01,9.916221286361768250e-01,-1.857372555564042529e-02,6.894448473541288536e+00,-1.223069449729715340e-02,2.030204839111634726e-02,9.997190790133189120e-01,-2.055897646044425528e-02,0.000000000000000000e+00,0.000000000000000000e+00,0.000000000000000000e+00,1.000000000000000056e-01
9.913939755508976992e-01,-1.299343302952574442e-01,1.597044307804035279e-02,6.257379467241509730e+01,1.302015704117516492e-01,9.913415148557648271e-01,-1.701622713151114408e-02,7.024861897152987922e+00,-1.362117115741739819e-02,1.894916183371822549e-02,9.997276593963477787e-01,-1.710147473859597797e-02,0.000000000000000000e+00,0.000000000000000000e+00,0.000000000000000000e+00,1.000000000000000056e-01
9.912896175485664818e-01,-1.307062173696609819e-01,1.614864952037146223e-02,6.337842683917669717e+01,1.309660240787623997e-01,9.912538725975832410e-01,-1.623762905399626227e-02,7.140241126378838565e+00,-1.388505230158975853e-02,1.821111751675590779e-02,9.997377458720727583e-01,-1.294578989965541882e-02,0.000000000000000000e+00,0.000000000000000000e+00,0.000000000000000000e+00,1.000000000000000056e-01
9.910364820690963361e-01,-1.324316054270101572e-01,1.756590709682739893e-02,6.418433794962109573e+01,1.327102340659777613e-01,9.910293604518035648e-01,-1.577341106554620495e-02,7.254097893577655221e+00,-1.531943152545420239e-02,1.796320145502984869e-02,9.997212803632935518e-01,-1.296769334059863672e-02,0.000000000000000000e+00,0.000000000000000000e+00,0.000000000000000000e+00,1.000000000000000056e-01
9.910871780430295930e-01,-1.318335303648235091e-01,1.913441376816607878e-02,6.497723169972610435e+01,1.321557640398124678e-01,9.910885984847429553e-01,-1.668064700787837140e-02,7.373326349682896463e+00,-1.676483074050085301e-02,1.906069844195597274e-02,9.996777631942941333e-01,-1.508256002230250843e-03,0.000000000000000000e+00,0.000000000000000000e+00,0.000000000000000000e+00,1.000000000000000056e-01
9.910488119622666847e-01,-1.319692409692425072e-01,2.015866429557841913e-02,6.577506828794302862e+01,1.323317120752889320e-01,9.910448198483841065e-01,-1.784609287510100298e-02,7.489296274278030019e+00,-1.762300449420188195e-02,2.035397970142200849e-02,9.996375069108358602e-01,-1.327358629895746605e-05,0.000000000000000000e+00,0.000000000000000000e+00,0.000000000000000000e+00,1.000000000000000056e-01
9.909600758666637921e-01,-1.325395414555089746e-01,2.077012251045640134e-02,6.651565037281856974e+01,1.329296223223095097e-01,9.909494511355670943e-01,-1.867888656656374949e-02,7.591386351567123825e+00,-1.810645044132343229e-02,2.127099539000988984e-02,9.996097744657832518e-01,1.322103462768004943e-03,0.000000000000000000e+00,0.000000000000000000e+00,0.000000000000000000e+00,1.000000000000000056e-01
9.906376955181646071e-01,-1.346287804431883228e-01,2.262847089044891027e-02,6.729292584717079251e+01,1.350353950579525342e-01,9.906859816478116310e-01,-1.751364748002497834e-02,7.712655052004728340e+00,-2.005986789594562877e-02,2.040532388597860597e-02,9.995905283950551334e-01,-2.690467440598681009e-03,0.000000000000000000e+00,0.000000000000000000e+00,0.000000000000000000e+00,1.000000000000000056e-01
9.908070715418787477e-01,-1.329484493299235570e-01,2.502112714038287611e-02,6.803363315689365720e+01,1.333820764348406240e-01,9.909267413955470394e-01,-1.653526150784674631e-02,7.827521785412679733e+00,-2.259576660653028757e-02,1.972062392449319690e-02,9.995501629850759295e-01,-4.718355035990071523e-04,0.000000000000000000e+00,0.000000000000000000e+00,0.000000000000000000e+00,1.000000000000000056e-01
9.905208473768236654e-01,-1.348078523576655141e-01,2.636842533434573949e-02,6.874491613765356135e+01,1.352086364541507657e-01,9.907175321714198901e-01,-1.404977139959361770e-02,7.932358382527183061e+00,-2.422964176599399361e-02,1.748183030707610441e-02,9.995535553781028648e-01,7.861563247801846982e-03,0.000000000000000000e+00,0.000000000000000000e+00,0.000000000000000000e+00,1.000000000000000056e-01
9.901452688839785798e-01,-1.380179857462799919e-01,2.373567182982932663e-02,6.940914713188590213e+01,1.383494169162931553e-01,9.902990521186089135e-01,-1.293159742284057459e-02,8.036328173352774940e+00,-2.172062028569610517e-02,1.608797636511121940e-02,9.996346290874882357e-01,7.933891706644092406e-03,0.000000000000000000e+00,0.000000000000000000e+00,0.000000000000000000e+00,1.000000000000000056e-01
9.904680147991835604e-01,-1.365799865892951825e-01,1.786110083484067010e-02,7.010488184723887173e+01,1.368313404731823779e-01,9.904996665915690723e-01,-1.369652314649395623e-02,8.146937431202063706e+00,-1.582074347419996571e-02,1.600992646011686199e-02,9.997466610750271876e-01,4.805209785028501795e-03,0.000000000000000000e+00,0.000000000000000000e+00,0.000000000000000000e+00,1.000000000000000056e-01
9.907533891319962871e-01,-1.350842833745413973e-01,1.264746253798572362e-02,7.085761158198042153e+01,1.352783053647510780e-01,9.906784560674005702e-01,-1.599927440707034701e-02,8.254779037475845627e+00,-1.036831814251024456e-02,1.756226264176063631e-02,9.997920108251503457e-01,1.048882846566696371e-02,0.000000000000000000e+00,0.000000000000000000e+00,0.000000000000000000e+00,1.000000000000000056e-01
9.906105723228195714e-01,-1.360763913417117887e-01,1.318748352313943266e-02,7.157674299892909175e+01,1.362605276558455647e-01,9.905706323080828435e-01,-1.424398159629032372e-02,8.369147746701354862e+00,-1.112486427810771041e-02,1.590717222457261465e-02,9.998115818826122103e-01,1.437107439274500943e-02,0.000000000000000000e+00,0.000000000000000000e+00,0.000000000000000000e+00,1.000000000000000056e-01
9.907764402205269105e-01,-1.345481409008325302e-01,1.608860727565578769e-02,7.224773484939007062e+01,1.347492846686843271e-01,9.908052846186204965e-01,-1.214570924616523682e-02,8.478309853700624288e+00,-1.430649451187975679e-02,1.420161089257914074e-02,9.997967985860113371e-01,1.739316342415003422e-02,0.000000000000000000e+00,0.000000000000000000e+00,0.000000000000000000e+00,1.000000000000000056e-01
9.906364556367776020e-01,-1.352887041009483149e-01,1.834064628329145491e-02,7.287027187625153601e+01,1.355301595330826447e-01,9.906927622069180428e-01,-1.262643131546000753e-02,8.570688608787998319e+00,-1.646173199696584349e-02,1.499391388240284805e-02,9.997520662274957948e-01,2.372578983180778991e-02,0.000000000000000000e+00,0.000000000000000000e+00,0.000000000000000000e+00,1.000000000000000056e-01
9.906859129129745867e-01,-1.352903819883949366e-01,1.542512551716893228e-02,7.344911678158372581e+01,1.355307858429814494e-01,9.906475142687061197e-01,-1.577683624868159509e-02,8.631097212137225583e+00,-1.314640804821370391e-02,1.772046880497216495e-02,9.997565488361463970e-01,2.729103195497621648e-02,0.000000000000000000e+00,0.000000000000000000e+00,0.000000000000000000e+00,1.000000000000000056e-01
9.907569139896892363e-01,-1.351220363292202353e-01,1.194875223077541092e-02,7.409463541067070480e+01,1.353680714778849048e-01,9.905288641813976280e-01,-2.297943532527830721e-02,8.701238697611032080e+00,-8.730555880687688661e-03,2.438451397414552815e-02,9.996645301661247762e-01,4.072698339087017089e-02,0.000000000000000000e+00,0.000000000000000000e+00,0.000000000000000000e+00,1.000000000000000056e-01
9.910876157004192555e-01,-1.329934552524983660e-01,7.620949104914996955e-03,7.471550628300910546e+01,1.331494254092562002e-01,9.907504875306688552e-01,-2.616681048440681542e-02,8.780566546465900402e+00,-4.070444501882385796e-03,2.694832680786810389e-02,9.996285405908603705e-01,4.280223203375802671e-02,0.000000000000000000e+00,0.000000000000000000e+00,0.000000000000000000e+00,1.000000000000000056e-01
9.915924968521239169e-01,-1.292257487544717642e-01,6.710144962428088965e-03,7.530725808001248822e+01,1.293491782542756374e-01,9.913216494726654338e-01,-2.345586007243288459e-02,8.854542202263948170e+00,-3.620810891814651121e-03,2.412660659189490645e-02,9.997023539948506343e-01,4.797749414931325868e-02,0.000000000000000000e+00,0.000000000000000000e+00,0.000000000000000000e+00,1.000000000000000056e-01
9.922464157941164320e-01,-1.239504894503877658e-01,9.128335485655994161e-03,7.588426544487360559e+01,1.241109705103440181e-01,9.920699777084911464e-01,-1.984001835821679743e-02,8.944685474527965141e+00,-6.596767595564720713e-03,2.081911368149886449e-02,9.997614951391191607e-01,4.791331785614143940e-02,0.000000000000000000e+00,0.000000000000000000e+00,0.000000000000000000e+00,1.000000000000000056e-01
9.930839047021710053e-01,-1.166918948081941826e-01,1.293676573037692151e-02,7.643658210574866985e+01,1.169432669202057767e-01,9.929215824776806976e-01,-2.076062070478111588e-02,8.989674636791967544e+00,-1.042259773371374473e-02,2.212990592143640467e-02,9.997007735919731797e-01,5.520636316636665791e-02,0.000000000000000000e+00,0.000000000000000000e+00,0.000000000000000000e+00,1.000000000000000056e-01
9.940157084394384279e-01,-1.078166638351612250e-01,1.755956648375027115e-02,7.701498399279428497e+01,1.082188697462629079e-01,9.938412097480261442e-01,-2.383958970748733738e-02,9.050981229538370698e+00,-1.488111576740093131e-02,2.559720309009938174e-02,9.995615716840465792e-01,6.128798466003942957e-02,0.000000000000000000e+00,0.000000000000000000e+00,0.000000000000000000e+00,1.000000000000000056e-01
9.950266944147292403e-01,-9.735651491567158533e-02,2.106149105765566659e-02,7.754843035187472822e+01,9.789897986474511982e-02,9.948442314773724426e-01,-2.647158547647861238e-02,9.100981506071594396e+00,-1.837572157873873513e-02,2.840183268155240665e-02,9.994276705979227016e-01,7.138761625036811609e-02,0.000000000000000000e+00,0.000000000000000000e+00,0.000000000000000000e+00,1.000000000000000056e-01
9.961457930304417063e-01,-8.521085889326010521e-02,2.080068639313043324e-02,7.803239436932565809e+01,8.569960065852247344e-02,9.960353174708649338e-01,-2.385843242300593470e-02,9.147323982378850360e+00,-1.868522075658242756e-02,2.554908760379288879e-02,9.994989277872645683e-01,7.668812038546704568e-02,0.000000000000000000e+00,0.000000000000000000e+00,0.000000000000000000e+00,1.000000000000000056e-01
9.974612748322281286e-01,-6.832258542017896619e-02,2.007559542251702300e-02,7.852559688639748003e+01,6.873411203380672130e-02,9.974227655675179660e-01,-2.057786603533550557e-02,9.195834062823825761e+00,-1.861792289677732110e-02,2.190550271384922310e-02,9.995866755303730589e-01,7.310108898636018260e-02,0.000000000000000000e+00,0.000000000000000000e+00,0.000000000000000000e+00,1.000000000000000056e-01
9.985876633834429583e-01,-4.869838692824839804e-02,2.124018947613747973e-02,7.901181670239570565e+01,4.903381562664741594e-02,9.986757871626188443e-01,-1.556782130600208036e-02,9.217135870078250193e+00,-2.045393515897525258e-02,1.658732183657957854e-02,9.996531885062950318e-01,7.222826598227539974e-02,0.000000000000000000e+00,0.000000000000000000e+00,0.000000000000000000e+00,1.000000000000000056e-01
9.993960643269151900e-01,-2.708217091857587078e-02,2.177297926810556339e-02,7.948917274380289655e+01,2.742783244810640536e-02,9.994999059939059238e-01,-1.573696048707699455e-02,9.231446221599847846e+00,-2.133589967802888149e-02,1.632464200251461731e-02,9.996390775917169957e-01,7.327900644732449065e-02,0.000000000000000000e+00,0.000000000000000000e+00,0.000000000000000000e+00,1.000000000000000056e-01
9.997293704146255067e-01,-7.649939466727835114e-04,2.325082180565071072e-02,7.997843936704035173e+01,1.184421940402462887e-03,9.998367292546299634e-01,-1.803086182274337215e-02,9.244790891571753377e+00,-2.323323212649634761e-02,1.805352092156333951e-02,9.995670499307642842e-01,7.767223861582747690e-02,0.000000000000000000e+00,0.000000000000000000e+00,0.000000000000000000e+00,1.000000000000000056e-01
9.992860046998579548e-01,2.798887809802137749e-02,2.537919450671127786e-02,8.045869329546000870e+01,-2.751450248814131527e-02,9.994436224379770195e-01,-1.885199514334014170e-02,9.233673623748922310e+00,-2.589272028631696421e-02,1.814023899700756975e-02,9.995001244448676880e-01,7.219717720240129144e-02,0.000000000000000000e+00,0.000000000000000000e+00,0.000000000000000000e+00,1.000000000000000056e-01
9.977976426871992821e-01,6.043826354009218527e-02,2.733277424862794527e-02,8.093432668344831882e+01,-5.990104541639876268e-02,9.980026409753036676e-01,-2.006472936128631326e-02,9.191949489819739583e+00,-2.849085828631050740e-02,1.838327790622487981e-02,9.994249977299606291e-01,6.491185241529451311e-02,0.000000000000000000e+00,0.000000000000000000e+00,0.000000000000000000e+00,1.000000000000000056e-01
