1.000000000000000000e+00,-1.609863400009565853e-13,7.011232728326452219e-14,1.192019293621948984e-20,1.609863400009576961e-13,1.000000000000000000e+00,-1.595655488618102893e-14,3.620410912208036973e-20,-7.011232728326194734e-14,1.595655488619231910e-14,1.000000000000000000e+00,-2.141576263050217505e-20,0.000000000000000000e+00,0.000000000000000000e+00,0.000000000000000000e+00,1.000000000000000056e-01
9.999966549299420526e-01,-2.141154360667142133e-03,-1.451064068264167712e-03,6.253726538558924686e-01,2.138384636177218662e-03,9.999958941303871418e-01,-1.907625098199885755e-03,-3.159561649648018507e-03,1.455142630181832262e-03,1.904515783950603072e-03,9.999971276856521873e-01,1.251645497715938443e-02,0.000000000000000000e+00,0.000000000000000000e+00,0.000000000000000000e+00,1.000000000000000056e-01
9.999870160289831000e-01,-4.286966193278961106e-03,-2.754939982651687103e-03,1.256102161284014862e+00,4.287006679843660857e-03,9.999908107060020424e-01,8.790894568172519190e-06,-8.434464523110873219e-03,2.754876980430417260e-03,-2.060122653564839569e-05,9.999962051070054869e-01,1.951480048337781922e-02,0.000000000000000000e+00,0.000000000000000000e+00,0.000000000000000000e+00,1.000000000000000056e-01
9.999636826260326350e-01,-8.375168889297639543e-03,-1.577965480837581090e-03,1.986087806054641414e+00,8.375999933207761358e-03,9.999647850841041352e-01,5.207848119792000702e-04,-6.773240359858125753e-03,1.573548252160579660e-03,-5.339829372045265619e-04,9.999986194031074138e-01,2.649740230755998072e-02,0.000000000000000000e+00,0.000000000000000000e+00,0.000000000000000000e+00,1.000000000000000056e-01
9.999079101201626685e-01,-1.332881095078014728e-02,-2.552269140803497139e-03,2.702565049226056892e+00,1.332485705949488196e-02,9.999100033114980413e-01,-1.559955750681982743e-03,-9.024096140533075308e-03,2.572831800325081197e-03,1.525803473065784517e-03,9.999955262201370987e-01,2.484976132946822153e-02,0.000000000000000000e+00,0.000000000000000000e+00,0.000000000000000000e+00,1.000000000000000056e-01
9.997970596100694829e-01,-1.995086129695749361e-02,-2.793336458191801337e-03,3.449169372857221028e+00,1.995079732758314045e-02,9.998009617462747523e-01,-5.076630498886079419e-05,-4.967089920886011596e-03,2.793793308890487551e-03,-4.973287090002522317e-06,9.999960973394914632e-01,3.524877050800580280e-02,0.000000000000000000e+00,0.000000000000000000e+00,0.000000000000000000e+00,1.000000000000000056e-01
9.997039837169610088e-01,-2.419687634192321454e-02,-2.540888768112935930e-03,4.197349306409398295e+00,2.419848707287997405e-02,9.997069906102602488e-01,6.051019423313353917e-04,1.548790015431184691e-02,2.525502686972745832e-03,-6.664084863123136138e-04,9.999965888621358268e-01,5.165022601788329254e-02,0.000000000000000000e+00,0.000000000000000000e+00,0.000000000000000000e+00,1.000000000000000056e-01
9.995418003075401403e-01,-3.005927932493169738e-02,-3.553753568745869184e-03,4.965402355338264684e+00,3.006870928888171965e-02,9.995443726710266930e-01,2.630548114840084838e-03,3.828003853654540073e-02,3.473062000937861184e-03,-2.736199581445809392e-03,9.999902254783233913e-01,6.653668623492405010e-02,0.000000000000000000e+00,0.000000000000000000e+00,0.000000000000000000e+00,1.000000000000000056e-01
9.994200943500900491e-01,-3.387895951188320265e-02,-3.419226761910192092e-03,5.750957272113157437e+00,3.388452631710651974e-02,9.994245001164715481e-01,1.583490829263680191e-03,8.700553699447917400e-02,3.363611975614892551e-03,-1.698431433183310215e-03,9.999929006973721224e-01,6.355353758326497127e-02,0.000000000000000000e+00,0.000000000000000000e+00,0.000000000000000000e+00,1.000000000000000056e-01
9.993533266547834915e-01,-3.590907916984593939e-02,-1.861863902493708731e-03,6.539539778734972053e+00,3.591169240825657638e-02,9.993540009563959270e-01,1.389647731798883575e-03,1.235783951945293724e-01,1.810760169774014092e-03,-1.455611767423878669e-03,9.999973011673531920e-01,6.699921604157201005e-02,0.000000000000000000e+00,0.000000000000000000e+00,0.000000000000000000e+00,1.000000000000000056e-01
9.993125313269611842e-01,-3.699911507370848979e-02,2.351641270206024457e-03,7.326187468472256548e+00,3.699944010818270040e-02,9.993152817983601555e-01,-9.484695570397737524e-05,1.664277648743122950e-01,-2.346521805196104520e-03,1.817911617261162719e-04,9.999972303898602144e-01,8.163272314673816754e-02,0.000000000000000000e+00,0.000000000000000000e+00,0.000000000000000000e+00,1.000000000000000056e-01
9.990736287398267468e-01,-4.292358249804254650e-02,3.074153894744998620e-03,8.128390059914316623e+00,4.292119633275256335e-02,9.990781093519413014e-01,8.380448172055143330e-04,2.084132208426744126e-01,-3.107291746867117937e-03,-7.053221136986718770e-04,9.999949236164730193e-01,7.317191267994445358e-02,0.000000000000000000e+00,0.000000000000000000e+00,0.000000000000000000e+00,1.000000000000000056e-01
9.989547012014066141e-01,-4.557686527100682228e-02,3.500614185680672643e-03,8.962528410296044967e+00,4.556075779146320781e-02,9.989512030032160483e-01,4.550974389621140204e-03,2.615076938159704989e-01,-3.704361898643396874e-03,-4.386726626524083128e-03,9.999835170303699172e-01,7.871982901347712724e-02,0.000000000000000000e+00,0.000000000000000000e+00,0.000000000000000000e+00,1.000000000000000056e-01
9.989601991672552028e-01,-4.553116599689208122e-02,2.330966040337971099e-03,9.743210131355329651e+00,4.552701491566299441e-02,9.989614790050839188e-01,1.803989147512889040e-03,3.073104091751041600e-01,-2.410683012498644751e-03,-1.695991432408672011e-03,9.999956561008025435e-01,9.732679470290367396e-02,0.000000000000000000e+00,0.000000000000000000e+00,0.000000000000000000e+00,1.000000000000000056e-01
9.988963675845478063e-01,-4.685456372961850635e-02,3.270578557862357551e-03,1.052503514418137343e+01,4.685312922322663887e-02,9.989016569152813219e-01,5.139006687388629740e-04,3.587410194419868859e-01,-3.291064932154418553e-03,-3.600966714962809592e-04,9.999945195959824007e-01,9.738399665396940685e-02,0.000000000000000000e+00,0.000000000000000000e+00,0.000000000000000000e+00,1.000000000000000056e-01
9.987211180949843170e-01,-5.050098837411630404e-02,2.403839499989040250e-03,1.128528102407691236e+01,5.050601443327915052e-02,9.987215947199813426e-01,-2.078159291963832880e-03,4.059645926116882131e-01,-2.295817320636909728e-03,2.196909924131333451e-03,9.999949513920635136e-01,1.080471286565183320e-01,0.000000000000000000e+00,0.000000000000000000e+00,0.000000000000000000e+00,1.000000000000000056e-01
9.984741367746202689e-01,-5.520679766300533309e-02,1.267944783084412434e-03,1.211387886064878039e+01,5.520468406470643852e-02,9.984737027875866255e-01,1.645508724400467082e-03,4.688457668518597465e-01,-1.356852789697183051e-03,-1.573001411989195016e-03,9.999978423062046984e-01,1.192647146415714149e-01,0.000000000000000000e+00,0.000000000000000000e+00,0.000000000000000000e+00,1.000000000000000056e-01
9.983696573739229141e-01,-5.705256066503882478e-02,-1.741423738735953675e-03,1.295744238990079111e+01,5.705654230215333883e-02,9.983682310370314283e-01,2.329428365768770447e-03,5.344392331296879961e-01,1.605682284374822504e-03,-2.424990216624826282e-03,9.999957705944815256e-01,1.218379701483514183e-01,0.000000000000000000e+00,0.000000000000000000e+00,0.000000000000000000e+00,1.000000000000000056e-01
9.983440366010283284e-01,-5.745977209242180556e-02,-2.749395251982096611e-03,1.384465886450428407e+01,5.747114635249126607e-02,9.983381038552647802e-01,4.254142405360798566e-03,5.860781357317009777e-01,2.500383989551735811e-03,-4.405108598151015291e-03,9.999871714667860623e-01,1.322134314933846311e-01,0.000000000000000000e+00,0.000000000000000000e+00,0.000000000000000000e+00,1.000000000000000056e-01
9.977892715507872268e-01,-6.632214289923923922e-02,-4.235910693387640556e-03,1.477050988207459348e+01,6.635489765656077399e-02,9.977629869249903249e-01,8.127083087368836348e-03,6.801186797395307737e-01,3.687429339907492658e-03,-8.390189734120543155e-03,9.999580029086664323e-01,1.474678963463179060e-01,0.000000000000000000e+00,0.000000000000000000e+00,0.000000000000000000e+00,1.000000000000000056e-01
9.974657536355591159e-01,-7.107200147711305316e-02,-3.292556800304106707e-03,1.572568682173846888e+01,7.108781098335527349e-02,9.974577145168767034e-01,4.962950771831678258e-03,7.490463300084745368e-01,2.931459336361874526e-03,-5.184434087353243480e-03,9.999822639373926458e-01,1.383763143116452099e-01,0.000000000000000000e+00,0.000000000000000000e+00,0.000000000000000000e+00,1.000000000000000056e-01
9.970448641410287749e-01,-7.680254713394706056e-02,-1.705181437642206820e-03,1.665074252635227836e+01,7.680565196890774826e-02,9.970443912937656528e-01,1.836740394083505312e-03,8.457563325767918361e-01,1.559075247849979300e-03,-1.962280148724717278e-03,9.999968593655629290e-01,1.485866091312900150e-01,0.000000000000000000e+00,0.000000000000000000e+00,0.000000000000000000e+00,1.000000000000000056e-01
9.968947637726895961e-01,-7.874370013126233414e-02,5.095608220170481191e-04,1.754607068398671643e+01,7.874107203087896134e-02,9.968871911792491769e-01,3.971352184727401820e-03,9.441037876002335016e-01,-8.206936221453723810e-04,-3.918896832661419687e-03,9.999919843226712235e-01,1.770148164116799316e-01,0.000000000000000000e+00,0.000000000000000000e+00,0.000000000000000000e+00,1.000000000000000056e-01
9.967841968239108397e-01,-8.012321948098709290e-02,1.238814801527749962e-03,1.848064401652218081e+01,8.011466633416457206e-02,9.967684191597151466e-01,5.861638338198879236e-03,1.022435747698290820e+00,-1.704464806440148753e-03,-5.743541228539593077e-03,9.999820531058943862e-01,1.932665696946311573e-01,0.000000000000000000e+00,0.000000000000000000e+00,0.000000000000000000e+00,1.000000000000000056e-01
9.964796721713513605e-01,-8.382502514240569580e-02,1.275973805049884953e-03,1.941941890658772962e+01,8.381899385395061297e-02,9.964720933989289486e-01,4.212285183560424313e-03,1.107874932964902914e+00,-1.624567200059191373e-03,-4.090505718283254412e-03,9.999903142252835053e-01,2.111652388566631899e-01,0.000000000000000000e+00,0.000000000000000000e+00,0.000000000000000000e+00,1.000000000000000056e-01
9.963779899060510870e-01,-8.502875976813482894e-02,1.005605822323321977e-03,2.035591158826344582e+01,8.502269715607259359e-02,9.963663532864583949e-01,5.023047576044286158e-03,1.182701470706717384e+00,-1.429055311679299813e-03,-4.919354727731689927e-03,9.999868787889063526e-01,2.191143907569031157e-01,0.000000000000000000e+00,0.000000000000000000e+00,0.000000000000000000e+00,1.000000000000000056e-01
9.966169595271023862e-01,-8.208252514030466018e-02,4.134616009412589444e-03,2.128379858174235650e+01,8.205704764055606060e-02,9.966096024760420224e-01,5.995096751605669301e-03,1.275314232800693670e+00,-4.612690697363990358e-03,-5.635540713796276073e-03,9.999734815310822311e-01,2.326496022963136789e-01,0.000000000000000000e+00,0.000000000000000000e+00,0.000000000000000000e+00,1.000000000000000056e-01
9.967597224113764476e-01,-8.004982906645378982e-02,7.879127161520530984e-03,2.222843481461641701e+01,8.000336182379090555e-02,9.967762554688310850e-01,6.046373328472401040e-03,1.363204100474938452e+00,-8.337738019839375722e-03,-5.396424739324914149e-03,9.999506791460993638e-01,2.239867428397398774e-01,0.000000000000000000e+00,0.000000000000000000e+00,0.000000000000000000e+00,1.000000000000000056e-01
9.967958801420144788e-01,-7.911001734938073737e-02,1.181433395868254979e-02,2.318951687099742287e+01,7.904230556883383441e-02,9.968526414622567167e-01,6.093040298939133084e-03,1.450538898043860048e+00,-1.225917053758949007e-02,-5.139685272667360652e-03,9.999116442831477158e-01,2.336712054729584431e-01,0.000000000000000000e+00,0.000000000000000000e+00,0.000000000000000000e+00,1.000000000000000056e-01
9.968919336440816847e-01,-7.723262573993161517e-02,1.554329941420327064e-02,2.412016257856167556e+01,7.715756761196015945e-02,9.970044338220046543e-01,5.372960028683505633e-03,1.527231173504172590e+00,-1.591170624319455246e-02,-4.156977336922330381e-03,9.998647594269189920e-01,2.398412094786942783e-01,0.000000000000000000e+00,0.000000000000000000e+00,0.000000000000000000e+00,1.000000000000000056e-01
9.971160598822446097e-01,-7.495339409254413165e-02,1.189755600598923352e-02,2.507936675895996004e+01,7.491070203826115381e-02,9.971822438390425258e-01,3.994908292716461452e-03,1.591756293784978293e+00,-1.216346352988056934e-02,-3.092132943476159218e-03,9.999212413329447990e-01,2.425783656446278136e-01,0.000000000000000000e+00,0.000000000000000000e+00,0.000000000000000000e+00,1.000000000000000056e-01
9.971837276580380882e-01,-7.446178219527717357e-02,8.947417857847242070e-03,2.604290340402539528e+01,7.442689920515495328e-02,9.972177499894506747e-01,4.170824940364165935e-03,1.665247220973698816e+00,-9.233090962701884577e-03,-3.493150194389053453e-03,9.999512727793259392e-01,2.358960137117040445e-01,0.000000000000000000e+00,0.000000000000000000e+00,0.000000000000000000e+00,1.000000000000000056e-01
9.973400781055040687e-01,-7.246400011452083789e-02,7.857308184722468572e-03,2.698520556919603663e+01,7.243288653115695364e-02,9.973645504056463107e-01,4.174990168562717555e-03,1.741550412128180403e+00,-8.139137133107180941e-03,-3.594757508619718898e-03,9.999604152991170558e-01,2.494901375604872407e-01,0.000000000000000000e+00,0.000000000000000000e+00,0.000000000000000000e+00,1.000000000000000056e-01
9.973784705741711720e-01,-7.185074208369515714e-02,8.582382952853106692e-03,2.794056595943016674e+01,7.184584625998938212e-02,9.974153617405276950e-01,8.778036217084472272e-04,1.810505613147239679e+00,-8.623271439139225045e-03,-2.588938675090015403e-04,9.999627853893625629e-01,2.592900951034640133e-01,0.000000000000000000e+00,0.000000000000000000e+00,0.000000000000000000e+00,1.000000000000000056e-01
9.975019556466031556e-01,-6.921520665158568952e-02,1.411040925630578126e-02,2.894415521778002187e+01,6.928081719060634469e-02,9.975882943086716859e-01,-4.214668162120315843e-03,1.897367864434803986e+00,-1.378465997418635951e-02,5.181720418287250225e-03,9.998915605818976537e-01,2.643962918946511920e-01,0.000000000000000000e+00,0.000000000000000000e+00,0.000000000000000000e+00,1.000000000000000056e-01
9.974043615006429331e-01,-6.982856296412819075e-02,1.756449412478279862e-02,2.992379242805796480e+01,6.998927490448648980e-02,9.975097430447382729e-01,-8.707119452742991678e-03,1.931599013337962134e+00,-1.691274838218085816e-02,9.913845126130613888e-03,9.998078188416892331e-01,2.602793508499023356e-01,0.000000000000000000e+00,0.000000000000000000e+00,0.000000000000000000e+00,1.000000000000000056e-01
9.972297104844123350e-01,-7.159517262085755840e-02,2.017512786984894738e-02,3.083923604759836579e+01,7.189430967906616787e-02,9.973066655816091863e-01,-1.451285713644689945e-02,1.986535016802984943e+00,-1.908173899165588674e-02,1.592312921137025578e-02,9.996911228940528193e-01,2.686070363320035570e-01,0.000000000000000000e+00,0.000000000000000000e+00,0.000000000000000000e+00,1.000000000000000056e-01
9.974457928649979044e-01,-7.010568506742761996e-02,1.367783671280843431e-02,3.175430035403735829e+01,7.029236585072345944e-02,9.974326093026418816e-01,-1.368112578815447629e-02,2.052161288687579077e+00,-1.268359566619976612e-02,1.460762886131469936e-02,9.998128542782526162e-01,2.541581389847989980e-01,0.000000000000000000e+00,0.000000000000000000e+00,0.000000000000000000e+00,1.000000000000000056e-01
9.974863311314390302e-01,-6.988319749542680481e-02,1.171997925579505891e-02,3.274052606426326406e+01,7.005411762477155302e-02,9.974323744474478115e-01,-1.486872583447662426e-02,2.101368140098644588e+00,-1.065081263358641332e-02,1.565238358657668194e-02,9.998207654766442243e-01,2.584479839087575059e-01,0.000000000000000000e+00,0.000000000000000000e+00,0.000000000000000000e+00,1.000000000000000056e-01
9.973007142620838872e-01,-7.277505393963654146e-02,9.750736198892740250e-03,3.368969788108000785e+01,7.286964115817909371e-02,9.972940692449914213e-01,-9.723931624839804791e-03,2.182856889214825902e+00,-9.016691733425124741e-03,1.040821660272978240e-02,9.999051796532184566e-01,2.473760551089840554e-01,0.000000000000000000e+00,0.000000000000000000e+00,0.000000000000000000e+00,1.000000000000000056e-01
9.969805779118481315e-01,-7.682385575596585581e-02,1.130585924836356032e-02,3.464338048162115768e+01,7.695668716032434686e-02,9.969643245744126414e-01,-1.182386684605365133e-02,2.261785294697998605e+00,-1.036318328821917920e-02,1.265822707458628439e-02,9.998661779055549870e-01,2.598779759612714901e-01,0.000000000000000000e+00,0.000000000000000000e+00,0.000000000000000000e+00,1.000000000000000056e-01
9.969438910654100372e-01,-7.722923477257022384e-02,1.176959488695481990e-02,3.562120711332699585e+01,7.736593539497106653e-02,9.969348287730994684e-01,-1.163869492735221042e-02,2.338127650748818009e+00,-1.083467156036424517e-02,1.251369152544689126e-02,9.998629993236998192e-01,2.521163278602978619e-01,0.000000000000000000e+00,0.000000000000000000e+00,0.000000000000000000e+00,1.000000000000000056e-01
9.969757278140060075e-01,-7.673527363860069284e-02,1.229210841728110848e-02,3.659869611056431182e+01,7.686830216767961965e-02,9.969833899292439572e-01,-1.074170968939851950e-02,2.411922845027362872e+00,-1.143075988687631064e-02,1.165409733965229108e-02,9.998667509941544518e-01,2.541703034997868094e-01,0.000000000000000000e+00,0.000000000000000000e+00,0.000000000000000000e+00,1.000000000000000056e-01
9.969042232594830244e-01,-7.760092076174775200e-02,1.265174866711514870e-02,3.759642904816542597e+01,7.771450299941932982e-02,9.969372826626594630e-01,-8.747025822871054568e-03,2.495763475147815491e+00,-1.193422267934312123e-02,9.703171343518328384e-03,9.998817044005346988e-01,2.567024763542896659e-01,0.000000000000000000e+00,0.000000000000000000e+00,0.000000000000000000e+00,1.000000000000000056e-01
9.967889210833822400e-01,-7.857995492584361752e-02,1.539602186537884776e-02,3.858811684816847531e+01,7.874464147005298675e-02,9.968405836420750621e-01,-1.039866548552862563e-02,2.576670155061817180e+00,-1.453025275690863344e-02,1.157762877188143677e-02,9.998274002380814762e-01,2.734046152038387412e-01,0.000000000000000000e+00,0.000000000000000000e+00,0.000000000000000000e+00,1.000000000000000056e-01
9.966541942395433784e-01,-8.031081477493763610e-02,1.518519459579898388e-02,3.960841878682975192e+01,8.042593450126851728e-02,9.967351021007385681e-01,-7.127783654681037195e-03,2.632553530286959820e+00,-1.456317837301636560e-02,8.325218941020662983e-03,9.998592923833131696e-01,2.657963461770991298e-01,0.000000000000000000e+00,0.000000000000000000e+00,0.000000000000000000e+00,1.000000000000000056e-01
9.963246199480809695e-01,-8.395554587038417393e-02,1.699170394392223588e-02,4.062480440212237198e+01,8.415822915826501327e-02,9.963850449573068424e-01,-1.158596782192297323e-02,2.724801190476048074e+00,-1.595757344513995535e-02,1.297337670121010561e-02,9.997885013075072935e-01,2.769642827630947046e-01,0.000000000000000000e+00,0.000000000000000000e+00,0.000000000000000000e+00,1.000000000000000056e-01
9.964300228939162452e-01,-8.296262643609579601e-02,1.563368448109057895e-02,4.164707395636229137e+01,8.316451643956114526e-02,9.964544146069742592e-01,-1.273824225104026875e-02,2.818120193560445408e+00,-1.452145588442970738e-02,1.399293482787087456e-02,9.997966418696851987e-01,2.894952736261890425e-01,0.000000000000000000e+00,0.000000000000000000e+00,0.000000000000000000e+00,1.000000000000000056e-01
9.962909622676797694e-01,-8.471270058982149909e-02,1.510221382844365717e-02,4.270445255444357713e+01,8.491068630536252604e-02,9.963039068083641148e-01,-1.298848064797651115e-02,2.908058997870865969e+00,-1.394610536648499197e-02,1.422264522407114089e-02,9.998015915710162238e-01,2.983403400589460519e-01,0.000000000000000000e+00,0.000000000000000000e+00,0.000000000000000000e+00,1.000000000000000056e-01
9.964115904893344755e-01,-8.385132632232880634e-02,1.152811400451491872e-02,4.377774602299700035e+01,8.400553199184718212e-02,9.963722788231019756e-01,-1.361442571780055975e-02,2.988301776319579162e+00,-1.034470556765664309e-02,1.453399693288449403e-02,9.998408623375388826e-01,3.049555276442321716e-01,0.000000000000000000e+00,0.000000000000000000e+00,0.000000000000000000e+00,1.000000000000000056e-01
9.964439312494596246e-01,-8.333256800339530757e-02,1.245692522581815301e-02,4.481117530082013900e+01,8.351076480275546055e-02,9.964007486865416041e-01,-1.454304572495521662e-02,3.065009342237374756e+00,-1.120018027448615658e-02,1.553161700721383646e-02,9.998166456080636033e-01,3.126193851670723833e-01,0.000000000000000000e+00,0.000000000000000000e+00,0.000000000000000000e+00,1.000000000000000056e-01
9.964143087851415892e-01,-8.334174895333758271e-02,1.458348825306803737e-02,4.581821060401899359e+01,8.354891188176612193e-02,9.964021591311349457e-01,-1.422380406871918274e-02,3.162913302053479647e+00,-1.334558247516387866e-02,1.539123647441245982e-02,9.997924811020471036e-01,3.251432564946087900e-01,0.000000000000000000e+00,0.000000000000000000e+00,0.000000000000000000e+00,1.000000000000000056e-01
9.959985636968108347e-01,-8.850702779896103822e-02,1.238414890429379023e-02,4.676450047956974032e+01,8.865314577452269862e-02,9.959927411352531568e-01,-1.179319083903307593e-02,3.240550652168148194e+00,-1.129074214438596097e-02,1.284389489518508558e-02,9.998537660606927613e-01,3.385608224547376754e-01,0.000000000000000000e+00,0.000000000000000000e+00,0.000000000000000000e+00,1.000000000000000056e-01
9.962156810610920399e-01,-8.664358130467335328e-02,6.870707873644829426e-03,4.772095425135056246e+01,8.672344232430924393e-02,9.961561125511153580e-01,-1.233061143949091241e-02,3.343843104802484145e+00,-5.775929311090507480e-03,1.287979991109934781e-02,9.999003697343267216e-01,3.323948454985003464e-01,0.000000000000000000e+00,0.000000000000000000e+00,0.000000000000000000e+00,1.000000000000000056e-01
9.962788900550739735e-01,-8.604632137352309640e-02,4.940021124864584987e-03,4.866922988232632719e+01,8.610336682174297984e-02,9.962038239119355154e-01,-1.281216005198512926e-02,3.429388099166881698e+00,-3.818828693473714023e-03,1.318983704682107939e-02,9.999057179284895902e-01,3.398771156159858253e-01,0.000000000000000000e+00,0.000000000000000000e+00,0.000000000000000000e+00,1.000000000000000056e-01
9.963518357521106150e-01,-8.514942499071163906e-02,5.709187083144709116e-03,4.963555255467640848e+01,8.522275471218036802e-02,9.962615226851065930e-01,-1.414427433347006588e-02,3.534158046044586943e+00,-4.483466590342032390e-03,1.457922634792714958e-02,9.998836655763655434e-01,3.466542264962817477e-01,0.000000000000000000e+00,0.000000000000000000e+00,0.000000000000000000e+00,1.000000000000000056e-01
9.967576327738842945e-01,-7.994199878243450630e-02,9.137742482231895821e-03,5.064449004910689922e+01,8.008465560934142913e-02,9.966516905581462860e-01,-1.648804547307820834e-02,3.613366189524435779e+00,-7.789059181667867468e-03,1.716637813454998523e-02,9.998223072220413510e-01,3.623355906151971562e-01,0.000000000000000000e+00,0.000000000000000000e+00,0.000000000000000000e+00,1.000000000000000056e-01
9.968112165159016547e-01,-7.932002876851215745e-02,8.702394167735763228e-03,5.158883221001116226e+01,7.944997499939454588e-02,9.967141101241930867e-01,-1.576972263336918686e-02,3.698275567532465224e+00,-7.422944205894418598e-03,1.641084140134857136e-02,9.998377789340708865e-01,3.662747274700168809e-01,0.000000000000000000e+00,0.000000000000000000e+00,0.000000000000000000e+00,1.000000000000000056e-01
9.968823970989926231e-01,-7.773677684970603519e-02,1.350851136082056869e-02,5.253752653083819268e+01,7.797424282713841248e-02,9.967920706767491312e-01,-1.804398214068072756e-02,3.780459399005728915e+00,-1.206249599796254540e-02,1.904104411469500005e-02,9.997459351401841721e-01,3.928127802063590135e-01,0.000000000000000000e+00,0.000000000000000000e+00,0.000000000000000000e+00,1.000000000000000056e-01
9.970594082370218825e-01,-7.532618959989750840e-02,1.408905981249260198e-02,5.353561310069507329e+01,7.556767470789821362e-02,9.969875621654762377e-01,-1.747362087782410381e-02,3.876465157412094076e+00,-1.273039611642087440e-02,1.848691558105193186e-02,9.997480537450513793e-01,4.202122758061257457e-01,0.000000000000000000e+00,0.000000000000000000e+00,0.000000000000000000e+00,1.000000000000000056e-01
9.970662208695784123e-01,-7.495327052862735262e-02,1.552283601406429132e-02,5.450320074477827603e+01,7.525650689630844492e-02,9.969642192946204240e-01,-1.997006800273457700e-02,3.939383099805050303e+00,-1.397889017851597533e-02,2.107967464953774961e-02,9.996800677947152991e-01,4.149432278462588108e-01,0.000000000000000000e+00,0.000000000000000000e+00,0.000000000000000000e+00,1.000000000000000056e-01
9.969691287009738723e-01,-7.550680337936006847e-02,1.874244009331674232e-02,5.543918216291240952e+01,7.584700526202418913e-02,9.969541430070114618e-01,-1.815677652937771822e-02,4.014611497584262167e+00,-1.731439314568614107e-02,1.952330362889296775e-02,9.996594682217593286e-01,4.240732970364123333e-01,0.000000000000000000e+00,0.000000000000000000e+00,0.000000000000000000e+00,1.000000000000000056e-01
9.969651270370423202e-01,-7.424058199622791954e-02,2.342800582370444321e-02,5.638336224508336159e+01,7.462247755922425674e-02,9.970855728539398388e-01,-1.586966444049064603e-02,4.099264111558952095e+00,-2.218155348340691488e-02,1.756975786378574614e-02,9.995995609711274543e-01,4.351025508353777993e-01,0.000000000000000000e+00,0.000000000000000000e+00,0.000000000000000000e+00,1.000000000000000056e-01
9.968888609099764153e-01,-7.460651759479358658e-02,2.542570600764786776e-02,5.734085036785348422e+01,7.498166024729269186e-02,9.970847440659490468e-01,-1.413378142962444690e-02,4.165421631564927729e+00,-2.429711135442139819e-02,1.599627091914189447e-02,9.995767952971458259e-01,4.196847640142041813e-01,0.000000000000000000e+00,0.000000000000000000e+00,0.000000000000000000e+00,1.000000000000000056e-01
9.969103154515603915e-01,-7.532626469607650588e-02,2.226604574699064115e-02,5.822623609290929636e+01,7.558068779239610069e-02,9.970810527696739589e-01,-1.081359517214509555e-02,4.232935145994628279e+00,-2.138650460217393634e-02,1.246306762620314618e-02,9.996935977419511010e-01,4.211902753362355978e-01,0.000000000000000000e+00,0.000000000000000000e+00,0.000000000000000000e+00,1.000000000000000056e-01
9.970625572398943426e-01,-7.486065250231291324e-02,1.619072750589913706e-02,5.912726198529268373e+01,7.497495804134848840e-02,9.971637650675760911e-01,-6.571248203648244121e-03,4.311819425931884275e+00,-1.565287887068578937e-02,7.765844653601274711e-03,9.998473278655475305e-01,4.250075980934939768e-01,0.000000000000000000e+00,0.000000000000000000e+00,0.000000000000000000e+00,1.000000000000000056e-01
9.971467186921227910e-01,-7.488973193178809218e-02,9.484168530630736685e-03,6.011342931661238964e+01,7.495634526203516501e-02,9.971631228538360148e-01,-6.874061779185274348e-03,4.375076234040841783e+00,-8.942466465750089147e-03,7.565346758106817476e-03,9.999313965577530938e-01,4.286888308781947043e-01,0.000000000000000000e+00,0.000000000000000000e+00,0.000000000000000000e+00,1.000000000000000056e-01
9.972952223003396233e-01,-7.288376466829926681e-02,9.497179828352833933e-03,6.103628095470070747e+01,7.292214099247737447e-02,9.973305536357334189e-01,-3.758741506763752828e-03,4.456264156854231828e+00,-9.197876384761315485e-03,4.441129633031527628e-03,9.999478363582738893e-01,4.358334166605756788e-01,0.000000000000000000e+00,0.000000000000000000e+00,0.000000000000000000e+00,1.000000000000000056e-01
9.970870489516576729e-01,-7.547197645819393730e-02,1.101805710496836510e-02,6.197978164030082837e+01,7.550438920774436846e-02,9.971421948554546333e-01,-2.555474361430988724e-03,4.536040186262300544e+00,-1.079370294384545542e-02,3.379942061677531501e-03,9.999360339383813745e-01,4.371043194881752414e-01,0.000000000000000000e+00,0.000000000000000000e+00,0.000000000000000000e+00,1.000000000000000056e-01
9.971935092206358764e-01,-7.386516096934563069e-02,1.220832352152810205e-02,6.285392359113063065e+01,7.391281852098731397e-02,9.972585680321230939e-01,-3.499106286307996500e-03,4.604907834289740265e+00,-1.191639318406501058e-02,4.391637677671665629e-03,9.999193532940497953e-01,4.476824336708894458e-01,0.000000000000000000e+00,0.000000000000000000e+00,0.000000000000000000e+00,1.000000000000000056e-01
9.973711884668512440e-01,-7.107385019677746330e-02,1.411453982341044112e-02,6.365880385634152816e+01,7.111816620793355581e-02,9.974643442516193392e-01,-2.662401530154977648e-03,4.680021265527259722e+00,-1.388952308185355776e-02,3.659202767416434073e-03,9.998968403708782260e-01,4.489836995849182943e-01,0.000000000000000000e+00,0.000000000000000000e+00,0.000000000000000000e+00,1.000000000000000056e-01
9.972721016664382043e-01,-7.248706515668112971e-02,1.392769265802502182e-02,6.446307463619720579e+01,7.250416817938840075e-02,9.973678448941221131e-01,-7.263386739693064543e-04,4.752355410541612812e+00,-1.383838265189627284e-02,1.734173066739262865e-03,9.999027411750376348e-01,4.601967674975155354e-01,0.000000000000000000e+00,0.000000000000000000e+00,0.000000000000000000e+00,1.000000000000000056e-01
9.971775821543023000e-01,-7.333785609462840915e-02,1.607571187672122981e-02,6.524462444792170857e+01,7.334306271011166445e-02,9.973067352986124678e-01,2.662335892559146758e-04,4.816392849206657445e+00,-1.605194073003038402e-02,9.135597774615770907e-04,9.998707419498444882e-01,4.607883961785318450e-01,0.000000000000000000e+00,0.000000000000000000e+00,0.000000000000000000e+00,1.000000000000000056e-01
9.965997255010878852e-01,-8.120678249541372906e-02,1.394437549332637472e-02,6.605789532690343435e+01,8.121757594628666033e-02,9.966963739575379622e-01,-2.085600747843741097e-04,4.882644063901192766e+00,-1.388137199867051086e-02,1.340379288933366431e-03,9.999027507186868391e-01,4.656268283798408181e-01,0.000000000000000000e+00,0.000000000000000000e+00,0.000000000000000000e+00,1.000000000000000056e-01
9.965092055264759274e-01,-8.241341052854013471e-02,1.332040037108557159e-02,6.680497044981056831e+01,8.239447155407965406e-02,9.965978569866240644e-01,1.965326179614736157e-03,4.946308117828958295e+00,-1.343705169729078955e-02,-8.609382803839024049e-04,9.999093481045977505e-01,4.696944568536586817e-01,0.000000000000000000e+00,0.000000000000000000e+00,0.000000000000000000e+00,1.000000000000000056e-01
9.963630544181727444e-01,-8.359877518295152909e-02,1.648965064516602977e-02,6.758807844022956601e+01,8.354479379305412845e-02,9.964962456003710889e-01,3.936995610995579209e-03,5.032307143589168419e+00,-1.676100297014957233e-02,-2.545052509332598138e-03,9.998562854166389569e-01,4.796261241695857214e-01,0.000000000000000000e+00,0.000000000000000000e+00,0.000000000000000000e+00,1.000000000000000056e-01
9.966743323500478757e-01,-7.919472665583292270e-02,1.919558554705497189e-02,6.832531673547195794e+01,7.907466659102550810e-02,9.968445654807528422e-01,6.936092200022730622e-03,5.113325756631770247e+00,-1.968431705964308887e-02,-5.395140535423149919e-03,9.997916883633802820e-01,4.767992714396263598e-01,0.000000000000000000e+00,0.000000000000000000e+00,0.000000000000000000e+00,1.000000000000000056e-01
9.962063113916365120e-01,-8.436911226398696728e-02,2.132693225141581855e-02,6.904814489495585406e+01,8.417620848911061548e-02,9.964028095361956439e-01,9.788108743450166238e-03,5.203098400765054699e+00,-2.207602925952708434e-02,-7.955755411184400883e-03,9.997246395322914037e-01,4.846992920569760388e-01,0.000000000000000000e+00,0.000000000000000000e+00,0.000000000000000000e+00,1.000000000000000056e-01
9.963397013290682391e-01,-8.412426329972623462e-02,1.517589798929109418e-02,6.972811579933524229e+01,8.391266792075487146e-02,9.963736346840786906e-01,1.407992432008125377e-02,5.277952903331273760e+00,-1.630532789992750198e-02,-1.275493750343100613e-02,9.997857009636411663e-01,4.810191934621071974e-01,0.000000000000000000e+00,0.000000000000000000e+00,0.000000000000000000e+00,1.000000000000000056e-01
9.963106847012864753e-01,-8.528949133338126209e-02,9.524821160881883492e-03,7.041622962004038300e+01,8.515720299100082435e-02,9.962757330671349054e-01,1.352458798975193603e-02,5.353005360879279806e+00,-1.064285341453045583e-02,-1.266358439132234982e-02,9.998631722898692065e-01,4.881718371953777114e-01,0.000000000000000000e+00,0.000000000000000000e+00,0.000000000000000000e+00,1.000000000000000056e-01
9.966500249870321460e-01,-8.149159877670118790e-02,6.917154195582239651e-03,7.115578914545041300e+01,8.140641719622988826e-02,9.966109781661753875e-01,1.181327380248028101e-02,5.428178374682267382e+00,-7.856394377936518070e-03,-1.121059889016440443e-02,9.999062953796731268e-01,4.979804404983599331e-01,0.000000000000000000e+00,0.000000000000000000e+00,0.000000000000000000e+00,1.000000000000000056e-01
9.968373166059043555e-01,-7.929386967077126092e-02,5.276973997930770044e-03,7.186575003807047324e+01,7.923632750979725525e-02,9.968022073344651179e-01,1.034233319411789059e-02,5.493722669613772425e+00,-6.080182949570044071e-03,-9.891495628707922677e-03,9.999325925728829167e-01,5.007585029504234564e-01,0.000000000000000000e+00,0.000000000000000000e+00,0.000000000000000000e+00,1.000000000000000056e-01
9.968891750384122341e-01,-7.833338367099815236e-02,8.709402613623037567e-03,7.254150920833873784e+01,7.822248920951949125e-02,9.968585837549363005e-01,1.241797793399913689e-02,5.565304270930520936e+00,-9.654784984689744262e-03,-1.169807662630411617e-02,9.998849634483681914e-01,5.097980774955049865e-01,0.000000000000000000e+00,0.000000000000000000e+00,0.000000000000000000e+00,1.000000000000000056e-01
9.968550601110039988e-01,-7.834481585997105091e-02,1.191968787149658322e-02,7.312973122042426155e+01,7.817812906461077405e-02,9.968430407389371473e-01,1.386117838809709790e-02,5.602454246004962002e+00,-1.296800937089936066e-02,-1.288572691844814752e-02,9.998328804228931999e-01,5.324585470874141357e-01,0.000000000000000000e+00,0.000000000000000000e+00,0.000000000000000000e+00,1.000000000000000056e-01
9.968343806842172583e-01,-7.898950013525371516e-02,9.048555370657762956e-03,7.371461907148302828e+01,7.889870248556349330e-02,9.968326085477507981e-01,9.987255978555577285e-03,5.631250957441219285e+00,-9.808783411190466830e-03,-9.241720850004520038e-03,9.999091850581846019e-01,5.403295822223392886e-01,0.000000000000000000e+00,0.000000000000000000e+00,0.000000000000000000e+00,1.000000000000000056e-01
9.967999192893338689e-01,-7.962599478844208101e-02,7.044278439168971326e-03,7.434096584144222675e+01,7.958045333593478932e-02,9.968070881354638146e-01,6.525372766725052141e-03,5.668199570235897156e+00,-7.541375976879344245e-03,-5.943904175590731913e-03,9.999538977630552106e-01,5.525381098049381157e-01,0.000000000000000000e+00,0.000000000000000000e+00,0.000000000000000000e+00,1.000000000000000056e-01
9.969420655280323285e-01,-7.812258292721377395e-02,1.838482385331099934e-03,7.496154140303491431e+01,7.811239678795472985e-02,9.969316179588246785e-01,5.079624202751288446e-03,5.685416869453767674e+00,-2.229674582015452391e-03,-4.920482779226405083e-03,9.999854085937842640e-01,5.660163652087237818e-01,0.000000000000000000e+00,0.000000000000000000e+00,0.000000000000000000e+00,1.000000000000000056e-01
9.974239450982992361e-01,-7.168585109297916091e-02,2.571477711376248237e-03,7.557298421217677742e+01,7.167639952091077460e-02,9.974214545110313690e-01,3.596641880619320334e-03,5.741366638749474838e+00,-2.822675373412444812e-03,-3.403062469873367312e-03,9.999902257870135758e-01,5.873339413610492166e-01,0.000000000000000000e+00,0.000000000000000000e+00,0.000000000000000000e+00,1.000000000000000056e-01
9.977164867662396963e-01,-6.735471242019218374e-02,5.015451088893372461e-03,7.614425558411826955e+01,6.732241156391692571e-02,9.977110494065545288e-01,6.352542269854269223e-03,5.799789709795780901e+00,-5.431844626870203224e-03,-6.000383893127860489e-03,9.999672446920871982e-01,5.818572654207977424e-01,0.000000000000000000e+00,0.000000000000000000e+00,0.000000000000000000e+00,1.000000000000000056e-01
9.979095274296209128e-01,-6.412308961684756725e-02,8.050120693533798985e-03,7.669322019634898879e+01,6.408885029184382964e-02,9.979343113370006124e-01,4.441792950593175318e-03,5.818218338997160011e+00,-8.318313137911757457e-03,-3.916584524307495721e-03,9.999577321228150240e-01,5.918739974722710961e-01,0.000000000000000000e+00,0.000000000000000000e+00,0.000000000000000000e+00,1.000000000000000056e-01
9.983149513910783979e-01,-5.689534224805202489e-02,1.140955124033734593e-02,7.726155214276325012e+01,5.690243344964054928e-02,9.983796995667226781e-01,-2.975912798335171344e-04,5.810504731326044947e+00,-1.137413278180296299e-02,9.463210542049660043e-04,9.999348646686564424e-01,6.084668907355318401e-01,0.000000000000000000e+00,0.000000000000000000e+00,0.000000000000000000e+00,1.000000000000000056e-01
9.987989295307487803e-01,-4.681235764103022778e-02,1.446725752582921770e-02,7.781192820332830706e+01,4.690301699969970373e-02,9.988814765640855464e-01,-5.991892311965761782e-03,5.826156980089387538e+00,-1.417058095337888485e-02,6.663253652727927322e-03,9.998773903265355534e-01,6.121417969567122253e-01,0.000000000000000000e+00,0.000000000000000000e+00,0.000000000000000000e+00,1.000000000000000056e-01
9.993014202242495037e-01,-3.450535204010339585e-02,1.435451909283355816e-02,7.831550785195287290e+01,3.451300289844191904e-02,9.994042080650329396e-01,-2.855395534630637551e-04,5.862248568239678548e+00,-1.433611414331409893e-02,7.807576403625418344e-04,9.998969278124505422e-01,6.143564927761318017e-01,0.000000000000000000e+00,0.000000000000000000e+00,0.000000000000000000e+00,1.000000000000000056e-01
9.997561833173495005e-01,-1.561641975998708139e-02,1.561093695478420716e-02,7.882768726055519437e+01,1.558373667407429893e-02,9.998761170688591493e-01,2.213067232173608449e-03,5.876656880943146533e+00,-1.564356321301109062e-02,-1.969250918723644550e-03,9.998756927642653558e-01,6.156771250749472069e-01,0.000000000000000000e+00,0.000000000000000000e+00,0.000000000000000000e+00,1.000000000000000056e-01
9.999023123780321765e-01,8.367595189586578015e-04,1.395225912071963031e-02,7.932744806485904121e+01,-9.140359902513742803e-04,9.999842741133426749e-01,5.533178491585282605e-03,5.882679680675835243e+00,-1.394740976930115145e-02,-5.545390835518165806e-03,9.998873528559147905e-01,6.250706514383319590e-01,0.000000000000000000e+00,0.000000000000000000e+00,0.000000000000000000e+00,1.000000000000000056e-01
9.996454695292872339e-01,2.310229971428534243e-02,1.323703129414348714e-02,7.984968807424523618e+01,-2.316442259937189982e-02,9.997212729888614868e-01,4.559151145551852691e-03,5.870771640357901333e+00,-1.312801489976725758e-02,-4.864162974408819257e-03,9.999019927689662968e-01,6.357380907520637781e-01,0.000000000000000000e+00,0.000000000000000000e+00,0.000000000000000000e+00,1.000000000000000056e-01
9.987127128236710227e-01,4.856294315705417253e-02,1.464779151641297343e-02,8.035936996214692840e+01,-4.863855825446888881e-02,9.988046662058964742e-01,4.850712963503563471e-03,5.832780402191225733e+00,-1.439471761828661246e-02,-5.556916163879960235e-03,9.998809493071849630e-01,6.533821997991300368e-01,0.000000000000000000e+00,0.000000000000000000e+00,0.000000000000000000e+00,1.000000000000000056e-01
9.973302456926512738e-01,7.143074561864466709e-02,1.516672697058982222e-02,8.081636763306083537e+01,-7.152977539925474415e-02,9.974198739167887684e-01,6.089856086104732114e-03,5.836409722254975563e+00,-1.469259194179535835e-02,-7.158470240335829474e-03,9.998664331028670471e-01,6.476801696132542530e-01,0.000000000000000000e+00,0.000000000000000000e+00,0.000000000000000000e+00,1.000000000000000056e-01
9.944230564243039527e-01,1.043336434256058876e-01,1.540375607714588452e-02,8.130808741839182119e+01,-1.043579140693820240e-01,9.945395016205400562e-01,7.781307443779615380e-04,5.759954478299238900e+00,-1.523845867642660210e-02,-2.381295006166562339e-03,9.998810523313562681e-01,6.447701134884267216e-01,0.000000000000000000e+00,0.000000000000000000e+00,0.000000000000000000e+00,1.000000000000000056e-01
