9.999999999999998890e-01,-4.838524219734073569e-09,1.144524726386806958e-08,7.148267825750746391e-15,4.838524238931420192e-09,1.000000000000000000e+00,-1.677320320831460169e-09,6.375199866377491519e-15,-1.144524725575231604e-08,1.677320376209566430e-09,9.999999999999998890e-01,-2.179326496780391078e-14,0.000000000000000000e+00,0.000000000000000000e+00,0.000000000000000000e+00,1.000000000000000056e-01
9.998552117568999531e-01,-1.260530533327858596e-02,1.143073925954369782e-02,6.525030057007681350e-01,1.263842725915148915e-02,9.999161270409675506e-01,-2.830024700747334285e-03,4.366728033911676694e-03,-1.139410720416442896e-02,2.974081513093053668e-03,9.999306621762198422e-01,2.988312070721568271e-03,0.000000000000000000e+00,0.000000000000000000e+00,0.000000000000000000e+00,1.000000000000000056e-01
9.995365140139809146e-01,-1.942934487703960184e-02,2.343624778901021166e-02,1.336922888321152580e+00,1.951471562467364113e-02,9.998037222941208446e-01,-3.419467927695898218e-03,-1.182440282217670554e-03,-2.336520975439659170e-02,3.875234763143690572e-03,9.997194854201170156e-01,-1.275035517853302658e-02,0.000000000000000000e+00,0.000000000000000000e+00,0.000000000000000000e+00,1.000000000000000056e-01
9.990720044612729778e-01,-2.745748030251467242e-02,3.318458493293392070e-02,2.068580278454900778e+00,2.768127033045599678e-02,9.995969271956185453e-01,-6.303206641815132724e-03,2.102960673586595775e-02,-3.299813895701244476e-02,7.215948760504374559e-03,9.994293636415029214e-01,-3.677347081963134451e-02,0.000000000000000000e+00,0.000000000000000000e+00,0.000000000000000000e+00,1.000000000000000056e-01
9.983396882119248694e-01,-3.658998461268642838e-02,4.448640204557000044e-02,2.800456085914844184e+00,3.698724467914524944e-02,9.992825882976213991e-01,-8.139561182981100776e-03,7.124662254410960016e-02,-4.415666056170648723e-02,9.771476410953562272e-03,9.989768303503282487e-01,-7.860914446660120791e-02,0.000000000000000000e+00,0.000000000000000000e+00,0.000000000000000000e+00,1.000000000000000056e-01
9.975178716578120275e-01,-4.593960940229887407e-02,5.336335832041642219e-02,3.551210122610242603e+00,4.648165491842076030e-02,9.988789525123311641e-01,-8.960691039923866091e-03,9.927032683653452816e-02,-5.289188481528896840e-02,1.141886666146571527e-02,9.985349558252099023e-01,-1.148672901280689412e-01,0.000000000000000000e+00,0.000000000000000000e+00,0.000000000000000000e+00,1.000000000000000056e-01
9.964134222219693804e-01,-5.543459926290859874e-02,6.393197338158820853e-02,4.309582711173439940e+00,5.616736450951365089e-02,9.983740476776394868e-01,-9.720498331970901448e-03,1.563672476004873968e-01,-6.328917111132675855e-02,1.327652546139825897e-02,9.979069168473150286e-01,-1.485082259680500782e-01,0.000000000000000000e+00,0.000000000000000000e+00,0.000000000000000000e+00,1.000000000000000056e-01
9.950002611297911193e-01,-6.549177945666452560e-02,7.540097595686054421e-02,5.113238394258399211e+00,6.629500637241618477e-02,9.977663972555311789e-01,-8.196867560161510968e-03,2.266170932847522412e-01,-7.469573268754209350e-02,1.315459354435348505e-02,9.971196037522048750e-01,-2.018117001383575027e-01,0.000000000000000000e+00,0.000000000000000000e+00,0.000000000000000000e+00,1.000000000000000056e-01
9.936642786934890559e-01,-7.051606158126440260e-02,8.751449198627239690e-02,5.887761738173403536e+00,7.134901749846229990e-02,9.974307324720621537e-01,-6.422742580066049395e-03,2.967112987311749661e-01,-8.683673733249153148e-02,1.262612289315287808e-02,9.961425410402543479e-01,-2.539673364343997819e-01,0.000000000000000000e+00,0.000000000000000000e+00,0.000000000000000000e+00,1.000000000000000056e-01
9.918755350568118079e-01,-7.941935479728591540e-02,9.937549516528748628e-02,6.691067267009265684e+00,8.064753398283795727e-02,9.967073112250397493e-01,-8.397083603171696248e-03,3.596368420563517132e-01,-9.838139162590786579e-02,1.634325041521658001e-02,9.950145727312817989e-01,-3.225200274630190544e-01,0.000000000000000000e+00,0.000000000000000000e+00,0.000000000000000000e+00,1.000000000000000056e-01
9.899950075023831175e-01,-8.754753471755410965e-02,1.106585481796826809e-01,7.522633558278062793e+00,8.936020291343729771e-02,9.959327599744751680e-01,-1.151919028811197385e-02,4.307761506947935803e-01,-1.091999965916932158e-01,2.129241119514361028e-02,9.937917256497315055e-01,-3.984589836473264590e-01,0.000000000000000000e+00,0.000000000000000000e+00,0.000000000000000000e+00,1.000000000000000056e-01
9.880892423622008591e-01,-9.450148079582496030e-02,1.214459519930089076e-01,8.360657018586699962e+00,9.668941541788728111e-02,9.952393702708546286e-01,-1.223735302342384909e-02,5.255403079513090159e-01,-1.197113448017318033e-01,2.383413498050649185e-02,9.925226082742356626e-01,-4.931440123149322674e-01,0.000000000000000000e+00,0.000000000000000000e+00,0.000000000000000000e+00,1.000000000000000056e-01
9.862404728117327712e-01,-1.016329511909512817e-01,1.303858620415092040e-01,9.208529985880231195e+00,1.041699285938424147e-01,9.944775390146313176e-01,-1.276911790830639708e-02,6.415604951346663976e-01,-1.283680480682148906e-01,2.617570682178746444e-02,9.913810955467813324e-01,-5.921393833275068186e-01,0.000000000000000000e+00,0.000000000000000000e+00,0.000000000000000000e+00,1.000000000000000056e-01
9.843262269283989951e-01,-1.071216333890305933e-01,1.400958052225980965e-01,9.988646397267512356e+00,1.104479427650097295e-01,9.937504453681118566e-01,-1.616490858793916130e-02,7.467770057516162074e-01,-1.374886574226366898e-01,3.138483695585209121e-02,9.900059904310556380e-01,-6.858501987260471333e-01,0.000000000000000000e+00,0.000000000000000000e+00,0.000000000000000000e+00,1.000000000000000056e-01
9.819261936797085699e-01,-1.148988319077542397e-01,1.503968370409204669e-01,1.081640552282150125e+01,1.187212176740094216e-01,9.927878850584709314e-01,-1.665796371495805589e-02,8.577676380035417214e-01,-1.473981771925284845e-01,3.421218653290110379e-02,9.884853583402022359e-01,-8.076554286212624945e-01,0.000000000000000000e+00,0.000000000000000000e+00,0.000000000000000000e+00,1.000000000000000056e-01
9.798658194677176692e-01,-1.202490158716960911e-01,1.593836566927323284e-01,1.162214223905234967e+01,1.246479836259775931e-01,9.920402899564070287e-01,-1.785898320694645491e-02,9.726563641342659272e-01,-1.559674838446661604e-01,3.736625864461892710e-02,9.870551690245420451e-01,-9.067651413598786236e-01,0.000000000000000000e+00,0.000000000000000000e+00,0.000000000000000000e+00,1.000000000000000056e-01
9.778486277760550793e-01,-1.261174681571537171e-01,1.670522235174238257e-01,1.248377900944102770e+01,1.305616402930468156e-01,9.913135098720456950e-01,-1.584876112365302472e-02,1.112506886758735325e+00,-1.636023204006442633e-01,3.730830163375013775e-02,9.858206588364488709e-01,-1.040862200605910504e+00,0.000000000000000000e+00,0.000000000000000000e+00,0.000000000000000000e+00,1.000000000000000056e-01
9.757339282861926533e-01,-1.338739472262861496e-01,1.732658865594972064e-01,1.338608786400049411e+01,1.385734571765465106e-01,9.902345673363655010e-01,-1.526101629318332362e-02,1.247081678382907066e+00,-1.695308177215423817e-01,3.890074428869620682e-02,9.847568400049073745e-01,-1.190634670417599628e+00,0.000000000000000000e+00,0.000000000000000000e+00,0.000000000000000000e+00,1.000000000000000056e-01
9.747002705558406310e-01,-1.326264700317866252e-01,1.799155413667164749e-01,1.425344428293873911e+01,1.371076750045711612e-01,9.904753934166804497e-01,-1.264833945278779140e-02,1.385568446214598959e+00,-1.765244120035865116e-01,3.699614146069360454e-02,9.836007408922629036e-01,-1.332119721414638303e+00,0.000000000000000000e+00,0.000000000000000000e+00,0.000000000000000000e+00,1.000000000000000056e-01
9.698580896876559665e-01,-1.542809521079517021e-01,1.886071941471867686e-01,1.522302928616596951e+01,1.592257883454102074e-01,9.871779816894586945e-01,-1.125969774502606768e-02,1.629063214114248481e+00,-1.844517123617813448e-01,4.095143812115303872e-02,9.819880577291233426e-01,-1.504545436717728890e+00,0.000000000000000000e+00,0.000000000000000000e+00,0.000000000000000000e+00,1.000000000000000056e-01
9.680163278626461310e-01,-1.565025221760212581e-01,1.960901566725417877e-01,1.614381730587844643e+01,1.619395009489005555e-01,9.867288687262256719e-01,-1.190536243395534655e-02,1.801937985397740638e+00,-1.916245992135118537e-01,4.327932733773448559e-02,9.805135964388531633e-01,-1.675810793233828200e+00,0.000000000000000000e+00,0.000000000000000000e+00,0.000000000000000000e+00,1.000000000000000056e-01
9.645670439032548726e-01,-1.643839552063032228e-01,2.063694092797391244e-01,1.702386434499035062e+01,1.711425136696543281e-01,9.851288599208081198e-01,-1.521083054803486559e-02,1.971021383631246904e+00,-2.008000443988212091e-01,4.999044530568755307e-02,9.783559155785641615e-01,-1.844662394586648713e+00,0.000000000000000000e+00,0.000000000000000000e+00,0.000000000000000000e+00,1.000000000000000056e-01
9.616632187494356110e-01,-1.714974008053976040e-01,2.139918111084345154e-01,1.784900775399255934e+01,1.791398104414425041e-01,9.836819093315550822e-01,-1.669819058551828828e-02,2.118623978626476223e+00,-2.076361770488928116e-01,5.439248818374696481e-02,9.766927230248527714e-01,-2.007828427405792038e+00,0.000000000000000000e+00,0.000000000000000000e+00,0.000000000000000000e+00,1.000000000000000056e-01
9.589676402187216064e-01,-1.764403288986519935e-01,2.219231293747275513e-01,1.871910563898869384e+01,1.856146851181844359e-01,9.823978458732569585e-01,-2.101573439263521720e-02,2.272971724569748275e+00,-2.143087811589012015e-01,6.134560099730098498e-02,9.748376601037047617e-01,-2.193812942935187582e+00,0.000000000000000000e+00,0.000000000000000000e+00,0.000000000000000000e+00,1.000000000000000056e-01
9.554380181599887445e-01,-1.826279016139879530e-01,2.319164569550523358e-01,1.961665916366226270e+01,1.927929271807909961e-01,9.809983978235179425e-01,-2.174926887858706984e-02,2.455829688654583176e+00,-2.235376493648784380e-01,6.549193095154839939e-02,9.724925327716723578e-01,-2.388444786862575775e+00,0.000000000000000000e+00,0.000000000000000000e+00,0.000000000000000000e+00,1.000000000000000056e-01
9.524113084603923474e-01,-1.864166252941754642e-01,2.411670403075313884e-01,2.050943910178341412e+01,1.977119875743638677e-01,9.799833265341020283e-01,-2.329484244527571524e-02,2.624168490710206303e+00,-2.319971324955506509e-01,6.986788625031246924e-02,9.702040037975288023e-01,-2.595429153026359792e+00,0.000000000000000000e+00,0.000000000000000000e+00,0.000000000000000000e+00,1.000000000000000056e-01
9.501892724701391790e-01,-1.859343366886726523e-01,2.501375000331035325e-01,2.138471655281044903e+01,1.991609320276174211e-01,9.795547441269757405e-01,-2.841524964215402446e-02,2.824509617160619879e+00,-2.397400042474311654e-01,7.681748302618679469e-02,9.677932654575372995e-01,-2.800791480429273062e+00,0.000000000000000000e+00,0.000000000000000000e+00,0.000000000000000000e+00,1.000000000000000056e-01
9.470024129705013616e-01,-1.885057984754300309e-01,2.600999687988996834e-01,2.228322340727018869e+01,2.031511935587149154e-01,9.786763649598838599e-01,-3.036717347033970546e-02,3.043871309870071151e+00,-2.488293037078180558e-01,8.159740565758646924e-02,9.651040570872312374e-01,-3.020483390708897264e+00,0.000000000000000000e+00,0.000000000000000000e+00,0.000000000000000000e+00,1.000000000000000056e-01
9.451605541157614976e-01,-1.856875061169080132e-01,2.686850889343690985e-01,2.319442450292291724e+01,2.010589474096746987e-01,9.791005663087788413e-01,-3.061667389417291676e-02,3.255684607600115132e+00,-2.573845889133617448e-01,8.295921362881712724e-02,9.627413683144544487e-01,-3.246086020526052440e+00,0.000000000000000000e+00,0.000000000000000000e+00,0.000000000000000000e+00,1.000000000000000056e-01
9.447896523340405528e-01,-1.793398294620602018e-01,2.742439396067703483e-01,2.406839154548216086e+01,1.954489299794327783e-01,9.801800625391881017e-01,-3.235368248852281414e-02,3.450064763089670361e+00,-2.630061379747961614e-01,8.416810897954485338e-02,9.611157582822112966e-01,-3.476763241035383700e+00,0.000000000000000000e+00,0.000000000000000000e+00,0.000000000000000000e+00,1.000000000000000056e-01
9.431165183997718415e-01,-1.823350892457568651e-01,2.780020646528273409e-01,2.496301637894929115e+01,1.996917230736354743e-01,9.792263714912751160e-01,-3.519842484989474385e-02,3.634481288090561257e+00,-2.658090451007553701e-01,8.871092720614004445e-02,9.599353743543632689e-01,-3.705874812632818482e+00,0.000000000000000000e+00,0.000000000000000000e+00,0.000000000000000000e+00,1.000000000000000056e-01
9.433887219453989115e-01,-1.817386463657500451e-01,2.774685274465766849e-01,2.582920473148796958e+01,1.995596545873078442e-01,9.791812969763988850e-01,-3.714743480526780384e-02,3.829241487892942164e+00,-2.649408680578011488e-01,9.041599454057938634e-02,9.600162938013170333e-01,-3.947988506651008755e+00,0.000000000000000000e+00,0.000000000000000000e+00,0.000000000000000000e+00,1.000000000000000056e-01
9.410906374427180365e-01,-1.823522338312303093e-01,2.847737258498734825e-01,2.671595452478914723e+01,2.021506067596045841e-01,9.784752520480775040e-01,-4.148871311784571581e-02,4.022706016627431325e+00,-2.710784836618028715e-01,9.661182094449669022e-02,9.576965133848019951e-01,-4.186881940199574714e+00,0.000000000000000000e+00,0.000000000000000000e+00,0.000000000000000000e+00,1.000000000000000056e-01
9.390877278439709874e-01,-1.832562153551872963e-01,2.907428398886912069e-01,2.762259568654310016e+01,2.048391780945778284e-01,9.777446522147948960e-01,-4.534651235660315527e-02,4.199062919259044513e+00,-2.759622266368818577e-01,1.021398776142939530e-01,9.557260563940649378e-01,-4.440851729354930555e+00,0.000000000000000000e+00,0.000000000000000000e+00,0.000000000000000000e+00,1.000000000000000056e-01
9.354212658188438834e-01,-1.838882536680513657e-01,3.019472894675265251e-01,2.855942787281180983e+01,2.078765318910858750e-01,9.769250526725354877e-01,-4.903864751089824503e-02,4.401024515035993900e+00,-2.859622404143704055e-01,1.086395490771117495e-01,9.520625218091066655e-01,-4.709194845823844844e+00,0.000000000000000000e+00,0.000000000000000000e+00,0.000000000000000000e+00,1.000000000000000056e-01
9.319810180727304827e-01,-1.850954295124454529e-01,3.116906542161959615e-01,2.946169452412771506e+01,2.118522424867717024e-01,9.758099446133779997e-01,-5.397758189250644045e-02,4.593392046921507266e+00,-2.941598363227770352e-01,1.163384457831523749e-01,9.486492274425345483e-01,-4.978071815544036660e+00,0.000000000000000000e+00,0.000000000000000000e+00,0.000000000000000000e+00,1.000000000000000056e-01
9.286736871231702217e-01,-1.843639593489986295e-01,3.218308769186338791e-01,3.033662120297076470e+01,2.142727199175099018e-01,9.749416485101632945e-01,-5.979952758540464652e-02,4.780794505125280480e+00,-3.027414480116794593e-01,1.244938251217544839e-01,9.449068224763463864e-01,-5.234415363429008927e+00,0.000000000000000000e+00,0.000000000000000000e+00,0.000000000000000000e+00,1.000000000000000056e-01
9.278814512614002030e-01,-1.877023137485792359e-01,3.221860546616934218e-01,3.124511171876028115e+01,2.193245217183386886e-01,9.735187372805090833e-01,-6.448272898059698166e-02,4.973409709663055622e+00,-3.015506036771601894e-01,1.304956304908063136e-01,9.444776989663372646e-01,-5.517270922856293502e+00,0.000000000000000000e+00,0.000000000000000000e+00,0.000000000000000000e+00,1.000000000000000056e-01
9.266626601955672005e-01,-1.924255125731997584e-01,3.229066990791861769e-01,3.218419527809913205e+01,2.247623506681868111e-01,9.721986651214868935e-01,-6.566308900828540795e-02,5.188511261079505665e+00,-3.012942082440114855e-01,1.334248014686187644e-01,9.441502117945395067e-01,-5.820336183708841205e+00,0.000000000000000000e+00,0.000000000000000000e+00,0.000000000000000000e+00,1.000000000000000056e-01
9.236600745506544641e-01,-1.943036364368253555e-01,3.303001113358960961e-01,3.309951826886027249e+01,2.284362121468063167e-01,9.712179660179341978e-01,-6.747265715833432320e-02,5.428315855441809390e+00,-3.076832196612266923e-01,1.377743058462383430e-01,9.414612456110387217e-01,-6.125162884778475814e+00,0.000000000000000000e+00,0.000000000000000000e+00,0.000000000000000000e+00,1.000000000000000056e-01
9.216959834282082431e-01,-1.978473568859941689e-01,3.336659070170851504e-01,3.401809021185672322e+01,2.331174086327176542e-01,9.700133451619455949e-01,-6.877778711254617372e-02,5.657010342636154654e+00,-3.100528792394526278e-01,1.411755417236223997e-01,9.401790672496208590e-01,-6.408021746933877161e+00,0.000000000000000000e+00,0.000000000000000000e+00,0.000000000000000000e+00,1.000000000000000056e-01
9.199867526817960828e-01,-2.009663340787176677e-01,3.365069203700944422e-01,3.491281161066586947e+01,2.369952476198857738e-01,9.690428853508913365e-01,-6.920360508245490538e-02,5.898952815035302777e+00,-3.121820422375266579e-01,1.434169408325968453e-01,9.391346834116108822e-01,-6.698987776345772360e+00,0.000000000000000000e+00,0.000000000000000000e+00,0.000000000000000000e+00,1.000000000000000056e-01
9.173388152895489700e-01,-2.029742128314785676e-01,3.424776881617375701e-01,3.582314586606360507e+01,2.402397100924323070e-01,9.682103902754127800e-01,-6.966722226009128272e-02,6.126739520137686412e+00,-3.174498065172993155e-01,1.461851876496881308e-01,9.369394384131530806e-01,-7.003605304847754454e+00,0.000000000000000000e+00,0.000000000000000000e+00,0.000000000000000000e+00,1.000000000000000056e-01
9.149457022134276363e-01,-2.057636085449752461e-01,3.471825159764356239e-01,3.675697262455666703e+01,2.452529820459448395e-01,9.666757632516184140e-01,-7.340942405081488098e-02,6.372787846648998666e+00,-3.205079356252341083e-01,1.523131843946908259e-01,9.349199736131428295e-01,-7.326080955273153172e+00,0.000000000000000000e+00,0.000000000000000000e+00,0.000000000000000000e+00,1.000000000000000056e-01
9.116426410007624215e-01,-2.103307727551990691e-01,3.530844957532910389e-01,3.768724595444599146e+01,2.501854687543917377e-01,9.656091277895308966e-01,-7.075481293655415393e-02,6.618692314304696289e+00,-3.260596974992466812e-01,1.528397146089403025e-01,9.329121584077235685e-01,-7.619103729319510521e+00,0.000000000000000000e+00,0.000000000000000000e+00,0.000000000000000000e+00,1.000000000000000056e-01
9.092681769859243257e-01,-2.142787927747046850e-01,3.568136506465370283e-01,3.861462539231649060e+01,2.544056702980862505e-01,9.646324503673068262e-01,-6.900717802190461936e-02,6.870612512910844849e+00,-3.294072513483503606e-01,1.535214469231597767e-01,9.316233295134596082e-01,-7.944056799655208501e+00,0.000000000000000000e+00,0.000000000000000000e+00,0.000000000000000000e+00,1.000000000000000056e-01
9.064489221286595733e-01,-2.191753455433858855e-01,3.609882539331836226e-01,3.954529897749812051e+01,2.617120280518354103e-01,9.623931656504876031e-01,-7.284373056226992049e-02,7.141558522607670767e+00,-3.314470786487438425e-01,1.605040890917444896e-01,9.297210718489943293e-01,-8.255105747831747109e+00,0.000000000000000000e+00,0.000000000000000000e+00,0.000000000000000000e+00,1.000000000000000056e-01
9.043209226015578306e-01,-2.254092295461973261e-01,3.624835833254479445e-01,4.046552913272744689e+01,2.684414020003975110e-01,9.605732305458666298e-01,-7.237597979121433711e-02,7.409274368554574330e+00,-3.318778128123786031e-01,1.627567141289938402e-01,9.291756396768077186e-01,-8.562456956025149779e+00,0.000000000000000000e+00,0.000000000000000000e+00,0.000000000000000000e+00,1.000000000000000056e-01
9.037738667662335024e-01,-2.269855403896595958e-01,3.628641098323512892e-01,4.140704747605052916e+01,2.709901036376224925e-01,9.596850003263457385e-01,-7.462616082241141369e-02,7.690394656381784877e+00,-3.312961839213984794e-01,1.657777566582320505e-01,9.288490587369311324e-01,-8.895497427523439526e+00,0.000000000000000000e+00,0.000000000000000000e+00,0.000000000000000000e+00,1.000000000000000056e-01
9.022490247424799215e-01,-2.305476736360132783e-01,3.644097522463775607e-01,4.237310709232190220e+01,2.753498036097659085e-01,9.583815926541864316e-01,-7.541358308480297645e-02,7.959685749043017289e+00,-3.318571725958432972e-01,1.683819855051229275e-01,9.281801139617489316e-01,-9.231297891471990980e+00,0.000000000000000000e+00,0.000000000000000000e+00,0.000000000000000000e+00,1.000000000000000056e-01
8.994541505959703365e-01,-2.330327485377367558e-01,3.696998364682211324e-01,4.331712194609403355e+01,2.806057451044094431e-01,9.565014671738897301e-01,-7.978320066652791476e-02,8.260350683834060348e+00,-3.350263374573418940e-01,1.755012290644832607e-01,9.257195427378505093e-01,-9.555796146265935320e+00,0.000000000000000000e+00,0.000000000000000000e+00,0.000000000000000000e+00,1.000000000000000056e-01
8.982236849598852491e-01,-2.311719311147772959e-01,3.738365285010942229e-01,4.422794851751083911e+01,2.801093367669498235e-01,9.564982080887940441e-01,-8.154714819603102460e-02,8.538247084308620671e+00,-3.387225579040526457e-01,1.779626820083092809e-01,9.239027614307390168e-01,-9.882604162034320794e+00,0.000000000000000000e+00,0.000000000000000000e+00,0.000000000000000000e+00,1.000000000000000056e-01
8.945487801099263336e-01,-2.445910732888035843e-01,3.741091911077215060e-01,4.503129066084542842e+01,2.951993815843535485e-01,9.517711762344622795e-01,-8.359995933900617182e-02,8.802317255525281325e+00,-3.356185410790914481e-01,1.852210435039695624e-01,9.236088782202360736e-01,-1.016821302281059225e+01,0.000000000000000000e+00,0.000000000000000000e+00,0.000000000000000000e+00,1.000000000000000056e-01
8.949589157890180946e-01,-2.466700192247050782e-01,3.717558885417001080e-01,4.588106192369642145e+01,2.982988166200561397e-01,9.504564593021280761e-01,-8.746619332025495908e-02,9.074162414648826669e+00,-3.317624979602417645e-01,1.891729911656146457e-01,9.242008571520775595e-01,-1.048114652229026156e+01,0.000000000000000000e+00,0.000000000000000000e+00,0.000000000000000000e+00,1.000000000000000056e-01
8.942819046218046797e-01,-2.474223171909277208e-01,3.728834563531471802e-01,4.671358961051172543e+01,3.002952866223366768e-01,9.495801977013629269e-01,-9.011209111905638114e-02,9.354403553860194620e+00,-3.317870038117921028e-01,1.925607568776992462e-01,9.234921434491369929e-01,-1.078523051159519319e+01,0.000000000000000000e+00,0.000000000000000000e+00,0.000000000000000000e+00,1.000000000000000056e-01
8.914075004192063556e-01,-2.501880335339666250e-01,3.778870414195084626e-01,4.754606125164321639e+01,3.047332804222007696e-01,9.480654516867339510e-01,-9.115660766589328556e-02,9.661036973749899559e+00,-3.354553561943927065e-01,1.964124415469550855e-01,9.213532747030626080e-01,-1.109003665153132978e+01,0.000000000000000000e+00,0.000000000000000000e+00,0.000000000000000000e+00,1.000000000000000056e-01
8.904653022963778808e-01,-2.475400413511892050e-01,3.818317343203312952e-01,4.842417768491576879e+01,3.050213800049301760e-01,9.473767199971646624e-01,-9.715610195608896660e-02,9.974957448502351554e+00,-3.376884705554936139e-01,2.029809802303297328e-01,9.191111023802432944e-01,-1.140482121678027028e+01,0.000000000000000000e+00,0.000000000000000000e+00,0.000000000000000000e+00,1.000000000000000056e-01
8.875506034871405436e-01,-2.482405502135856257e-01,3.881115245380750700e-01,4.923709616136002154e+01,3.089839273016323773e-01,9.456057247009524991e-01,-1.017779253180475241e-01,1.025209172624098741e+01,-3.417350712450686334e-01,2.102532821205004843e-01,9.159752717397370292e-01,-1.171142183326906760e+01,0.000000000000000000e+00,0.000000000000000000e+00,0.000000000000000000e+00,1.000000000000000056e-01
8.862801417123900016e-01,-2.519551175154245981e-01,3.886208038230255513e-01,5.008387465080623002e+01,3.147709759793895778e-01,9.431896579502567768e-01,-1.063602454710419198e-01,1.057332739218669815e+01,-3.397451148835675117e-01,2.165915231339082536e-01,9.152384219531461973e-01,-1.201892277192511926e+01,0.000000000000000000e+00,0.000000000000000000e+00,0.000000000000000000e+00,1.000000000000000056e-01
8.857846633427867156e-01,-2.531557793244606502e-01,3.889700265847369498e-01,5.098857649035188189e+01,3.172108504815018826e-01,9.420404923463567837e-01,-1.092565197900605134e-01,1.089528677734523043e+01,-3.387665959381300218e-01,2.201632625450000713e-01,9.147487804321102756e-01,-1.232118577207744181e+01,0.000000000000000000e+00,0.000000000000000000e+00,0.000000000000000000e+00,1.000000000000000056e-01
8.830810487249554086e-01,-2.582984881364853713e-01,3.917266296912157442e-01,5.185242903110305690e+01,3.243821088091062288e-01,9.392821887544766657e-01,-1.119161175754271875e-01,1.122902564473569065e+01,-3.390340821619415301e-01,2.259001126936540649e-01,9.132497085778917834e-01,-1.264263444889384402e+01,0.000000000000000000e+00,0.000000000000000000e+00,0.000000000000000000e+00,1.000000000000000056e-01
8.809155996546096379e-01,-2.602855148027848897e-01,3.952709919397182081e-01,5.268742262230350093e+01,3.281255546415310920e-01,9.377592616047335516e-01,-1.137593410042997966e-01,1.154282236123424177e+01,-3.410591248982310364e-01,2.299108915610441617e-01,9.114930911780180223e-01,-1.294827558628974273e+01,0.000000000000000000e+00,0.000000000000000000e+00,0.000000000000000000e+00,1.000000000000000056e-01
8.774093238213871437e-01,-2.624943692214349866e-01,4.015589428693342455e-01,5.353112856766535543e+01,3.324537807342705653e-01,9.361475100425753482e-01,-1.144653795545874653e-01,1.184253690297317263e+01,-3.458718868985825035e-01,2.339327800205161512e-01,9.086517992526548237e-01,-1.324915436105070832e+01,0.000000000000000000e+00,0.000000000000000000e+00,0.000000000000000000e+00,1.000000000000000056e-01
8.762742580823319472e-01,-2.680217954694241733e-01,4.003844924264735039e-01,5.435838505260682041e+01,3.361811392800168052e-01,9.353991192601085469e-01,-1.095934727974398615e-01,1.219238452925407579e+01,-3.451458622302296386e-01,2.306356538802259437e-01,9.097700417933050065e-01,-1.355609347965681977e+01,0.000000000000000000e+00,0.000000000000000000e+00,0.000000000000000000e+00,1.000000000000000056e-01
8.762395303971772798e-01,-2.723435950001281691e-01,3.975339628657411639e-01,5.517516496956157823e+01,3.415959438198837850e-01,9.329309777380786484e-01,-1.138068624577423249e-01,1.250257083872986641e+01,-3.398771786030022612e-01,2.355180609615297460e-01,9.105024692035623701e-01,-1.385972918332872439e+01,0.000000000000000000e+00,0.000000000000000000e+00,0.000000000000000000e+00,1.000000000000000056e-01
8.763227856465394261e-01,-2.782217198578563200e-01,3.932569769959913808e-01,5.598772272157017937e+01,3.465608397172568744e-01,9.311347037288089101e-01,-1.135065984264041761e-01,1.283454371445132836e+01,-3.345952177350403067e-01,2.357558866946903586e-01,9.123953102453131736e-01,-1.414523569586651419e+01,0.000000000000000000e+00,0.000000000000000000e+00,0.000000000000000000e+00,1.000000000000000056e-01
8.772357434147451949e-01,-2.802747020175757608e-01,3.897480492376305672e-01,5.682310012082317030e+01,3.501919625052225538e-01,9.289347936701575215e-01,-1.201904260152306392e-01,1.317285252495241643e+01,-3.283641878651205048e-01,2.419219719619137565e-01,9.130447522491649259e-01,-1.446012436121980471e+01,0.000000000000000000e+00,0.000000000000000000e+00,0.000000000000000000e+00,1.000000000000000056e-01
8.772498055120144800e-01,-2.842091881049244595e-01,3.868564541608068841e-01,5.764874613258001546e+01,3.534040973505954142e-01,9.277687322194851927e-01,-1.197945052648912989e-01,1.350583738962990132e+01,-3.248666229469313049e-01,2.418063624319858052e-01,9.143256314806380569e-01,-1.476640418786767484e+01,0.000000000000000000e+00,0.000000000000000000e+00,0.000000000000000000e+00,1.000000000000000056e-01
8.741724845592926396e-01,-2.882199537476595741e-01,3.908346523801726202e-01,5.850942374142728397e+01,3.587459038812323420e-01,9.257250565345531701e-01,-1.197267562098631999e-01,1.385712749697942314e+01,-3.272977905331336257e-01,2.448721665804330649e-01,9.126411005134129617e-01,-1.505175715907966172e+01,0.000000000000000000e+00,0.000000000000000000e+00,0.000000000000000000e+00,1.000000000000000056e-01
8.732244937731235002e-01,-2.915381190483344320e-01,3.904926486074116188e-01,5.932514528932555464e+01,3.634004870924401609e-01,9.234509273592171885e-01,-1.232009364427843062e-01,1.420111466672574352e+01,-3.246830292079484481e-01,2.494872940675755268e-01,9.123250630357524482e-01,-1.532877564231337963e+01,0.000000000000000000e+00,0.000000000000000000e+00,0.000000000000000000e+00,1.000000000000000056e-01
8.725700010644038551e-01,-2.962871535738031969e-01,3.883754830954186943e-01,6.005996930888056085e+01,3.685524524109632383e-01,9.211209459035277769e-01,-1.253207598111941712e-01,1.450864734326606609e+01,-3.206098611464266446e-01,2.524878722729547720e-01,9.129398618149746625e-01,-1.559538227289476886e+01,0.000000000000000000e+00,0.000000000000000000e+00,0.000000000000000000e+00,1.000000000000000056e-01
8.709134540919722944e-01,-3.026736801601542237e-01,3.871671458425919865e-01,6.078678625635599531e+01,3.753070208442115807e-01,9.182438410601562184e-01,-1.263838931989873515e-01,1.481980252696829226e+01,-3.172607690632939792e-01,2.553759810424605647e-01,9.133064725052418842e-01,-1.585449911541219059e+01,0.000000000000000000e+00,0.000000000000000000e+00,0.000000000000000000e+00,1.000000000000000056e-01
8.712708168355414173e-01,-3.042032511646386994e-01,3.851591173938274659e-01,6.149359378596180647e+01,3.776972472891351740e-01,9.167057614098511609e-01,-1.303661627424653469e-01,1.513026989011298085e+01,-3.134197714263384782e-01,2.590577715083044463e-01,9.135957081226974141e-01,-1.610710872634161461e+01,0.000000000000000000e+00,0.000000000000000000e+00,0.000000000000000000e+00,1.000000000000000056e-01
8.712350664222565655e-01,-3.092358385465591164e-01,3.812120868947003749e-01,6.220716564774399870e+01,3.834054948221771175e-01,9.136444149850113661e-01,-1.351077699721886516e-01,1.544065415701501465e+01,-3.065121295746184304e-01,2.638694357539401181e-01,9.145617722704845187e-01,-1.635742778230465078e+01,0.000000000000000000e+00,0.000000000000000000e+00,0.000000000000000000e+00,1.000000000000000056e-01
8.696009481555067033e-01,-3.124977425333279601e-01,3.822817702671914564e-01,6.287881282728577759e+01,3.876959703820197500e-01,9.115895520156783727e-01,-1.367344989583785808e-01,1.574357578196042873e+01,-3.057548454507105218e-01,2.671135518228692773e-01,9.138732542951366611e-01,-1.658525765843571875e+01,0.000000000000000000e+00,0.000000000000000000e+00,0.000000000000000000e+00,1.000000000000000056e-01
8.679288898968584576e-01,-3.178462732294153881e-01,3.816715717427467958e-01,6.355927997309147770e+01,3.936208051941288977e-01,9.088156588992025720e-01,-1.382633713531314923e-01,1.606286678414836544e+01,-3.029226036477511430e-01,2.702366458010092010e-01,9.138982719457824366e-01,-1.680964854059642732e+01,0.000000000000000000e+00,0.000000000000000000e+00,0.000000000000000000e+00,1.000000000000000056e-01
8.642307709022667428e-01,-3.238918055443086308e-01,3.849665867668535801e-01,6.422282692009723348e+01,4.019061034725317505e-01,9.047529075779319196e-01,-1.410448872551035571e-01,1.635895483993305533e+01,-3.026163555018140938e-01,2.766157524988878680e-01,9.120893963051394104e-01,-1.702925457888936123e+01,0.000000000000000000e+00,0.000000000000000000e+00,0.000000000000000000e+00,1.000000000000000056e-01
8.639435869091500741e-01,-3.268782479033332522e-01,3.830823536606702828e-01,6.483862842754062683e+01,4.049857599145821330e-01,9.031142512429494174e-01,-1.427276548826306724e-01,1.665150410226042155e+01,-2.993125672352570654e-01,2.784515402175644638e-01,9.126208012342836851e-01,-1.722412944125364831e+01,0.000000000000000000e+00,0.000000000000000000e+00,0.000000000000000000e+00,1.000000000000000056e-01
8.646503244527445897e-01,-3.331029300470829679e-01,3.760615035041631193e-01,6.542418318688825707e+01,4.092119978081108500e-01,9.012286287232129656e-01,-1.425920741821644633e-01,1.693466683667805484e+01,-2.914195554070767580e-01,2.771811623536587499e-01,9.155573417119303725e-01,-1.740603050522226170e+01,0.000000000000000000e+00,0.000000000000000000e+00,0.000000000000000000e+00,1.000000000000000056e-01
8.668584245082266992e-01,-3.334802901340453984e-01,3.706040581958432445e-01,6.601173031677852521e+01,4.097567401432258838e-01,9.000129277080032297e-01,-1.485804289456233163e-01,1.720218302592663306e+01,-2.839997988842806742e-01,2.806557073187386786e-01,9.168295851373398087e-01,-1.759398248793016606e+01,0.000000000000000000e+00,0.000000000000000000e+00,0.000000000000000000e+00,1.000000000000000056e-01
8.682931403836414708e-01,-3.344611460819570947e-01,3.663369543524889194e-01,6.665190866654907609e+01,4.106635397127417209e-01,8.989168933184583654e-01,-1.526560711445595353e-01,1.750998649800570917e+01,-2.782489524029070349e-01,2.829914498147164115e-01,9.178743703897879191e-01,-1.779121210893865523e+01,0.000000000000000000e+00,0.000000000000000000e+00,0.000000000000000000e+00,1.000000000000000056e-01
8.685219971583247878e-01,-3.384725510726809827e-01,3.620854493382278383e-01,6.725783466587920145e+01,4.139700022799285839e-01,8.971050508179785332e-01,-1.543741073147568144e-01,1.779864424196110662e+01,-2.725772875066280188e-01,2.839698222826212426e-01,9.192729531365021467e-01,-1.798156495182914227e+01,0.000000000000000000e+00,0.000000000000000000e+00,0.000000000000000000e+00,1.000000000000000056e-01
8.670458399839198194e-01,-3.415612371693177995e-01,3.627222527360899340e-01,6.784969251534091939e+01,4.175563421072414072e-01,8.953290738946516614e-01,-1.550243548767928636e-01,1.808835836384083251e+01,-2.718054681800924355e-01,2.858701990454941555e-01,9.189124097350576115e-01,-1.815465753890979883e+01,0.000000000000000000e+00,0.000000000000000000e+00,0.000000000000000000e+00,1.000000000000000056e-01
8.653095133598176503e-01,-3.486344610480582862e-01,3.601297802997214248e-01,6.839423351923444727e+01,4.251027267266085374e-01,8.911142558122416846e-01,-1.587547001439553740e-01,1.833554774334827187e+01,-2.655694218440783905e-01,2.904641039060158469e-01,9.192951030672780188e-01,-1.832327916683274438e+01,0.000000000000000000e+00,0.000000000000000000e+00,0.000000000000000000e+00,1.000000000000000056e-01
8.645050095176468608e-01,-3.552650285334916780e-01,3.555528765457968698e-01,6.889521425021376899e+01,4.317352161579886549e-01,8.870814549727203957e-01,-1.633744024396001082e-01,1.856823170212798502e+01,-2.573631513016348404e-01,2.947426873470805897e-01,9.202667855614006243e-01,-1.845347821394857846e+01,0.000000000000000000e+00,0.000000000000000000e+00,0.000000000000000000e+00,1.000000000000000056e-01
8.658335751621984988e-01,-3.548714729719083527e-01,3.527016555002168707e-01,6.943660022974601986e+01,4.332394366101482985e-01,8.843773875964607845e-01,-1.737245718768092861e-01,1.881679665738689167e+01,-2.502714739788912124e-01,3.032208336820007011e-01,9.194679523146120914e-01,-1.860649022659099217e+01,0.000000000000000000e+00,0.000000000000000000e+00,0.000000000000000000e+00,1.000000000000000056e-01
8.681425194069942730e-01,-3.533563681681400337e-01,3.485223709788204949e-01,6.997906757430214952e+01,4.326092515759591417e-01,8.829347945987580104e-01,-1.824154158445428497e-01,1.906613151464015843e+01,-2.432648791925484111e-01,3.091365807565822355e-01,9.193784710278808392e-01,-1.874931802569816597e+01,0.000000000000000000e+00,0.000000000000000000e+00,0.000000000000000000e+00,1.000000000000000056e-01
8.699447502825332634e-01,-3.550656383983219477e-01,3.422346035757533600e-01,7.048655264975997170e+01,4.327437051473691509e-01,8.824369836342321749e-01,-1.844935109152747998e-01,1.931670400155558553e+01,-2.364931650411651876e-01,3.085990316629491081e-01,9.213238412987597714e-01,-1.888092243559458439e+01,0.000000000000000000e+00,0.000000000000000000e+00,0.000000000000000000e+00,1.000000000000000056e-01
8.719506995106380831e-01,-3.538307621337983822e-01,3.383870112618456161e-01,7.098423727368718517e+01,4.294008498819709141e-01,8.847115445018629565e-01,-1.813846552103272336e-01,1.958649887596716610e+01,-2.351954245803904164e-01,3.034621472159972910e-01,9.233600800681749377e-01,-1.901343217004040653e+01,0.000000000000000000e+00,0.000000000000000000e+00,0.000000000000000000e+00,1.000000000000000056e-01
8.725116100077947578e-01,-3.510982837231125808e-01,3.397844692864738780e-01,7.147595841494513991e+01,4.284158169532095162e-01,8.841149688576465104e-01,-1.865492150242311076e-01,1.980588638203121832e+01,-2.349114262566213973e-01,3.083353969438595854e-01,9.218166329620834931e-01,-1.914660923367060974e+01,0.000000000000000000e+00,0.000000000000000000e+00,0.000000000000000000e+00,1.000000000000000056e-01
8.739798268575983409e-01,-3.483064723803346863e-01,3.388832594625023065e-01,7.200221525051016158e+01,4.265050144625280315e-01,8.840094565293080686e-01,-1.913654969033765085e-01,2.003920322148786681e+01,-2.329221648626022267e-01,3.117849933282944019e-01,9.211608887979310101e-01,-1.927175555944484131e+01,0.000000000000000000e+00,0.000000000000000000e+00,0.000000000000000000e+00,1.000000000000000056e-01
8.754187883215434063e-01,-3.442657640624021131e-01,3.392978466600859999e-01,7.250130970202479830e+01,4.231367497292959912e-01,8.851324804669046253e-01,-1.936382788888392215e-01,2.024798472719117370e+01,-2.336605145979266662e-01,3.130839755034345862e-01,9.205331000028172950e-01,-1.940039624483333824e+01,0.000000000000000000e+00,0.000000000000000000e+00,0.000000000000000000e+00,1.000000000000000056e-01
8.797286423599511851e-01,-3.389502951380954920e-01,3.334519654122840016e-01,7.295486180474382820e+01,4.164442890326252034e-01,8.877082178161718184e-01,-1.963371441010271501e-01,2.047073163930856410e+01,-2.294595170038244425e-01,3.115875758874768198e-01,9.220962599473753185e-01,-1.950318045414519119e+01,0.000000000000000000e+00,0.000000000000000000e+00,0.000000000000000000e+00,1.000000000000000056e-01
8.851803696952454947e-01,-3.316775819588893559e-01,3.262601641820416232e-01,7.340905717161996336e+01,4.070546235743917607e-01,8.917157513498343846e-01,-1.978624578370303810e-01,2.069824574164200115e+01,-2.253047858632806488e-01,3.079496718954326528e-01,9.243401717152601726e-01,-1.961518456361147145e+01,0.000000000000000000e+00,0.000000000000000000e+00,0.000000000000000000e+00,1.000000000000000056e-01
8.931865684060146249e-01,-3.162262254344541668e-01,3.197166376130048948e-01,7.386330144470382209e+01,3.891303360876725015e-01,8.998549307954764043e-01,-1.970753283883183438e-01,2.088423278394750682e+01,-2.253782055909194504e-01,3.004364789278196612e-01,9.267915550834885385e-01,-1.973231431275949532e+01,0.000000000000000000e+00,0.000000000000000000e+00,0.000000000000000000e+00,1.000000000000000056e-01
8.984240961599248010e-01,-3.033721205924868602e-01,3.174893697219481337e-01,7.433544261316647805e+01,3.766894567862486554e-01,9.040189647287154573e-01,-2.021256157860809588e-01,2.106080938065312580e+01,-2.256971346413223223e-01,3.011894218893471087e-01,9.264695006079033401e-01,-1.983520745504974414e+01,0.000000000000000000e+00,0.000000000000000000e+00,0.000000000000000000e+00,1.000000000000000056e-01
9.054237559548469205e-01,-2.827734521908925602e-01,3.166180615326025793e-01,7.480083643392332249e+01,3.573579458526630059e-01,9.102976199162369220e-01,-2.089342999863822714e-01,2.123737516752965604e+01,-2.291355945473839140e-01,3.023200587306098530e-01,9.252564300779203554e-01,-1.995404745298415961e+01,0.000000000000000000e+00,0.000000000000000000e+00,0.000000000000000000e+00,1.000000000000000056e-01
9.128385959552783868e-01,-2.597270368776107841e-01,3.150675547389357734e-01,7.524819723135519212e+01,3.347656793827950006e-01,9.178475484778634286e-01,-2.132787323212325115e-01,2.143196872594218760e+01,-2.337897295472404213e-01,3.001628625728912647e-01,9.247943654079406883e-01,-2.004994277152673376e+01,0.000000000000000000e+00,0.000000000000000000e+00,0.000000000000000000e+00,1.000000000000000056e-01
9.214775991183965509e-01,-2.327632609401815711e-01,3.109667163531953937e-01,7.567985908526300420e+01,3.081126327680073218e-01,9.254984825632291967e-01,-2.202706614643157035e-01,2.153515486386777056e+01,-2.365283066606675144e-01,2.987872539611639011e-01,9.245434208400296061e-01,-2.017665548205714643e+01,0.000000000000000000e+00,0.000000000000000000e+00,0.000000000000000000e+00,1.000000000000000056e-01
