9.999923571399746969e-01,-3.797446517463842503e-03,-9.300868692788347852e-04,6.432036474110885971e-01,3.795286907292323448e-03,9.999901233132374445e-01,-2.312806361866779747e-03,1.975795497224155581e-02,9.388604415666041564e-04,2.309258738893871666e-03,9.999968929277470719e-01,9.781370781674784964e-03,0.000000000000000000e+00,0.000000000000000000e+00,0.000000000000000000e+00,1.000000000000000056e-01
9.999651790174794996e-01,-8.248424260982274714e-03,-1.266589811659838772e-03,1.291036393529038762e+00,8.246043020941548618e-03,9.999642450116381642e-01,-1.873892419878760715e-03,3.758458747901212427e-02,1.282001184454462398e-03,1.863382815026729715e-03,9.999974421354524967e-01,1.435702444025006679e-02,0.000000000000000000e+00,0.000000000000000000e+00,0.000000000000000000e+00,1.000000000000000056e-01
9.998854878966874082e-01,-1.486613357069376494e-02,-2.830047042310816774e-03,1.998304184409281481e+00,1.486027969845308931e-02,9.998874198676860336e-01,-2.078383416401027861e-03,4.869540170507226373e-02,2.860625960719670804e-03,2.036090125736007492e-03,9.999938355590561878e-01,1.711059943048704249e-02,0.000000000000000000e+00,0.000000000000000000e+00,0.000000000000000000e+00,1.000000000000000056e-01
9.997694574189545103e-01,-2.128614434327569249e-02,-2.816393297561511824e-03,2.701827623622460539e+00,2.128583830536801003e-02,9.997734212703531798e-01,-1.385965753711683793e-04,5.763027190653510767e-02,2.818705349454799208e-03,7.861533062274167353e-05,9.999960243519885328e-01,1.754577375708139819e-02,0.000000000000000000e+00,0.000000000000000000e+00,0.000000000000000000e+00,1.000000000000000056e-01
9.996502512214801017e-01,-2.631058381469725954e-02,-2.669908642904882459e-03,3.411544879752369308e+00,2.631309009220841183e-02,9.996533383599378597e-01,9.079623510553668560e-04,7.825586384299952625e-02,2.645094068457884938e-03,-9.778983389908653748e-04,9.999960235881978354e-01,3.033101580816260218e-02,0.000000000000000000e+00,0.000000000000000000e+00,0.000000000000000000e+00,1.000000000000000056e-01
9.995105943204724008e-01,-3.109812681648881430e-02,-3.387971316536768623e-03,4.147959441738497510e+00,3.110303588221044122e-02,9.995151945953426598e-01,1.406034119127642880e-03,9.792376558311534362e-02,3.342603782386746516e-03,-1.510722191470275115e-03,9.999932723365763110e-01,4.450851041471068359e-02,0.000000000000000000e+00,0.000000000000000000e+00,0.000000000000000000e+00,1.000000000000000056e-01
9.992570748376431444e-01,-3.841111916748966154e-02,-3.143932444846194493e-03,4.915488221608110386e+00,3.841740800612995083e-02,9.992598469430353791e-01,1.964955335914421279e-03,1.368297927915184953e-01,3.066129320069647338e-03,-2.084277256629829198e-03,9.999931272960380646e-01,4.835899736874214178e-02,0.000000000000000000e+00,0.000000000000000000e+00,0.000000000000000000e+00,1.000000000000000056e-01
9.990039496109305306e-01,-4.460023421431781598e-02,-1.388441496574906869e-03,5.683916597138479965e+00,4.460439258099259396e-02,9.989998446527931231e-01,3.123867182803156083e-03,1.757485511836011094e-01,1.247727631380381695e-03,-3.182686243269291539e-03,9.999941568249460788e-01,4.588787411059497279e-02,0.000000000000000000e+00,0.000000000000000000e+00,0.000000000000000000e+00,1.000000000000000056e-01
9.987888657634076406e-01,-4.919815624174510987e-02,5.857042414563771787e-04,6.478246682791129807e+00,4.919584284992876283e-02,9.987831434279134113e-01,3.464310976409600701e-03,2.269818706466997793e-01,-7.554292360882540426e-04,-3.431301016960644143e-03,9.999938277309516899e-01,5.511461819201491502e-02,0.000000000000000000e+00,0.000000000000000000e+00,0.000000000000000000e+00,1.000000000000000056e-01
9.985465640704964674e-01,-5.379568104920857269e-02,3.283912827361444488e-03,7.298983803717581154e+00,5.378144481196611010e-02,9.985435598703527038e-01,4.279630285529366189e-03,2.597449279483299844e-01,-3.509355630786282609e-03,-4.096796540615339592e-03,9.999854502347329532e-01,6.863311765663292208e-02,0.000000000000000000e+00,0.000000000000000000e+00,0.000000000000000000e+00,1.000000000000000056e-01
9.983892325243397536e-01,-5.657629841497707063e-02,4.250039660918534905e-03,8.111101303289521169e+00,5.655660184210651448e-02,9.983887052419646579e-01,4.619960318757164106e-03,3.109941938898255764e-01,-4.504571847950811746e-03,-4.372150836021137729e-03,9.999802963706503345e-01,7.293478813913263636e-02,0.000000000000000000e+00,0.000000000000000000e+00,0.000000000000000000e+00,1.000000000000000056e-01
9.982351812474810071e-01,-5.923927281687040025e-02,4.151081297341538585e-03,8.940956986327421419e+00,5.922182417104926433e-02,9.982359808233114418e-01,4.207390114407188672e-03,3.509143712344106603e-01,-4.393001441163405831e-03,-3.954130226723228878e-03,9.999825330436967752e-01,7.919493307796839077e-02,0.000000000000000000e+00,0.000000000000000000e+00,0.000000000000000000e+00,1.000000000000000056e-01
9.981033414486490951e-01,-6.137231568862830389e-02,4.812344133241084482e-03,9.721735696310034314e+00,6.136153228371128698e-02,9.981128217121036927e-01,2.357432861680116599e-03,4.155140921079675809e-01,-4.947943495680725418e-03,-2.057668806591574258e-03,9.999856418240443690e-01,8.765179312623970487e-02,0.000000000000000000e+00,0.000000000000000000e+00,0.000000000000000000e+00,1.000000000000000056e-01
9.978316775822700935e-01,-6.560271333075778921e-02,5.312929229241952767e-03,1.052379114080761191e+01,6.559213779690092894e-02,9.978442199208872321e-01,2.141081434308298066e-03,4.780243242653271496e-01,-5.441936473800552260e-03,-1.787952493326481216e-03,9.999835941420722740e-01,9.080226290004968226e-02,0.000000000000000000e+00,0.000000000000000000e+00,0.000000000000000000e+00,1.000000000000000056e-01
9.976655686197508643e-01,-6.801470961145598959e-02,6.116573149933399178e-03,1.133470763029922601e+01,6.799586099884115387e-02,9.976803464702932445e-01,3.238696333684558393e-03,5.396270995519263369e-01,-6.322663810091689110e-03,-2.815234161639991982e-03,9.999760489026523480e-01,1.092463598290317611e-01,0.000000000000000000e+00,0.000000000000000000e+00,0.000000000000000000e+00,1.000000000000000056e-01
9.973488494038491581e-01,-7.258092795861122160e-02,5.223168529261621763e-03,1.219251699770470054e+01,7.255526321532419776e-02,9.973521289295662617e-01,4.946180285518689095e-03,5.974237137889012450e-01,-5.568336607390524280e-03,-4.554098849247492121e-03,9.999741265708318450e-01,1.168256775544116027e-01,0.000000000000000000e+00,0.000000000000000000e+00,0.000000000000000000e+00,1.000000000000000056e-01
9.972435047720129564e-01,-7.411131164016550310e-02,3.592447216932282382e-03,1.306718396292001572e+01,7.408359458955331156e-02,9.972251959324258674e-01,7.316393252528714981e-03,6.872323559104759338e-01,-4.124706380202352793e-03,-7.030084246238463459e-03,9.999667818046596990e-01,1.313111055066445432e-01,0.000000000000000000e+00,0.000000000000000000e+00,0.000000000000000000e+00,1.000000000000000056e-01
9.975534021203595891e-01,-6.985472633540118492e-02,2.743560952904786684e-03,1.394701046620613027e+01,6.982001098873391598e-02,9.974969089248511001e-01,1.118404000799539527e-02,7.757300804356954682e-01,-3.517951624052140323e-03,-1.096512170354594848e-02,9.999336928628803634e-01,1.370622095933005102e-01,0.000000000000000000e+00,0.000000000000000000e+00,0.000000000000000000e+00,1.000000000000000056e-01
9.957984526311677298e-01,-9.152948205062719222e-02,2.792069647386708799e-03,1.491550164094701714e+01,9.150154287357312177e-02,9.957653467065248343e-01,8.879298969518173087e-03,9.069108120524308481e-01,-3.592963836111457213e-03,-8.586513493749363055e-03,9.999566802601470572e-01,1.287565850659813937e-01,0.000000000000000000e+00,0.000000000000000000e+00,0.000000000000000000e+00,1.000000000000000056e-01
9.955524715782834155e-01,-9.411050367142501094e-02,4.299934078774357744e-03,1.588036473820483430e+01,9.407383772357649776e-02,9.955326360230070115e-01,8.055039977628068726e-03,1.002150483760487765e+00,-5.038788577555439012e-03,-7.614703657640810308e-03,9.999583125800179939e-01,1.303446624187269698e-01,0.000000000000000000e+00,0.000000000000000000e+00,0.000000000000000000e+00,1.000000000000000056e-01
9.952420327280655510e-01,-9.721273609536414118e-02,6.555931067455453634e-03,1.679141070521912837e+01,9.715328657850770544e-02,9.952301002159571475e-01,8.847967627102120217e-03,1.111129345235931432e+00,-7.384795075186401797e-03,-8.168939036923792210e-03,9.999393647800393081e-01,1.345072299740630861e-01,0.000000000000000000e+00,0.000000000000000000e+00,0.000000000000000000e+00,1.000000000000000056e-01
9.949310384226167647e-01,-1.003438815971377657e-01,6.582872421149461688e-03,1.767244775238513199e+01,1.002907116947387850e-01,9.949263035996783744e-01,7.963890584588122212e-03,1.209962273824954915e+00,-7.348600618914970760e-03,-7.263320969095612978e-03,9.999466196939932328e-01,1.398575261453446072e-01,0.000000000000000000e+00,0.000000000000000000e+00,0.000000000000000000e+00,1.000000000000000056e-01
9.945968520515966471e-01,-1.036442397869254128e-01,5.913835307531243625e-03,1.858606297763000370e+01,1.036002901426380240e-01,9.945921553618860544e-01,7.309197969615171923e-03,1.310140584814924791e+00,-6.639410471985625166e-03,-6.657030237885158165e-03,9.999558001116831685e-01,1.383888413055818778e-01,0.000000000000000000e+00,0.000000000000000000e+00,0.000000000000000000e+00,1.000000000000000056e-01
9.943566253261890697e-01,-1.059331609729336210e-01,5.750397916263950970e-03,1.951164939909451235e+01,1.058974825616959825e-01,9.943577813193487103e-01,6.190792902178380262e-03,1.416489339253996560e+00,-6.373763174776185883e-03,-5.546903275243043364e-03,9.999643028663808275e-01,1.455256039775106869e-01,0.000000000000000000e+00,0.000000000000000000e+00,0.000000000000000000e+00,1.000000000000000056e-01
9.943715154815158108e-01,-1.056316390940856276e-01,8.200367143627915190e-03,2.043441722126542359e+01,1.055830607872472737e-01,9.943914832622906541e-01,6.147787424597949725e-03,1.521869581305928421e+00,-8.803776109709803011e-03,-5.247364835652257482e-03,9.999474779649637490e-01,1.487709134032614844e-01,0.000000000000000000e+00,0.000000000000000000e+00,0.000000000000000000e+00,1.000000000000000056e-01
9.935828742371266564e-01,-1.126178151857853971e-01,1.050236761261049041e-02,2.131418202600924161e+01,1.125662641024365029e-01,9.936296621111458949e-01,5.378732091347453691e-03,1.625110705202103212e+00,-1.104120503888242517e-02,-4.162003804690486176e-03,9.999303823344998232e-01,1.510154226419080647e-01,0.000000000000000000e+00,0.000000000000000000e+00,0.000000000000000000e+00,1.000000000000000056e-01
9.937513580454615525e-01,-1.108309236429287636e-01,1.321910538789225487e-02,2.223102590253761335e+01,1.107719766104662551e-01,9.938326938612721539e-01,5.113297395738079613e-03,1.738774357885256361e+00,-1.370429059131565014e-02,-3.617039798266149207e-03,9.998995496761095003e-01,1.518828890941487098e-01,0.000000000000000000e+00,0.000000000000000000e+00,0.000000000000000000e+00,1.000000000000000056e-01
9.937071633811184190e-01,-1.109046624686800403e-01,1.569169486573950695e-02,2.317725299173275388e+01,1.108351304911268237e-01,9.938250129184618142e-01,5.236176719142005866e-03,1.846083085733561946e+00,-1.617551526431892928e-02,-3.464035266469670839e-03,9.998631672211985011e-01,1.566867313621219948e-01,0.000000000000000000e+00,0.000000000000000000e+00,0.000000000000000000e+00,1.000000000000000056e-01
9.939638104368859750e-01,-1.085785142973747786e-01,1.570508754388178982e-02,2.409629832336825217e+01,1.085441412309579579e-01,9.940870208500570682e-01,3.027273012475484651e-03,1.945082273096334413e+00,-1.594092049475391223e-02,-1.304304578305219738e-03,9.998720847405166978e-01,1.520622957227908412e-01,0.000000000000000000e+00,0.000000000000000000e+00,0.000000000000000000e+00,1.000000000000000056e-01
9.941600634393448210e-01,-1.070130553562796960e-01,1.392746371711733530e-02,2.504601526966786551e+01,1.069866139650730852e-01,9.942569771736554651e-01,2.632066449320410485e-03,2.045637193406502519e+00,-1.412914344771937572e-02,-1.126643164017156066e-03,9.998995439445977906e-01,1.456143941185036594e-01,0.000000000000000000e+00,0.000000000000000000e+00,0.000000000000000000e+00,1.000000000000000056e-01
9.942354008429177270e-01,-1.067292031907041833e-01,1.023937971754834524e-02,2.597079639442931409e+01,1.067153805029417563e-01,9.942878160123275189e-01,1.888516229285886524e-03,2.150346034558345831e+00,-1.038245032904646335e-02,-7.849303875501328085e-04,9.999457928355174330e-01,1.411210606699239145e-01,0.000000000000000000e+00,0.000000000000000000e+00,0.000000000000000000e+00,1.000000000000000056e-01
9.944133255539874261e-01,-1.052075482669571488e-01,8.573782614186009621e-03,2.690892370810584211e+01,1.051947853560768892e-01,9.944497684684603378e-01,1.927466449668812460e-03,2.249369727364663785e+00,-8.728980155112659595e-03,-1.014781100319940262e-03,9.999613868168960584e-01,1.412185833970271420e-01,0.000000000000000000e+00,0.000000000000000000e+00,0.000000000000000000e+00,1.000000000000000056e-01
9.945427860156187405e-01,-1.038052180222983067e-01,1.044621920286553825e-02,2.786137124176631730e+01,1.038194429181510114e-01,9.945958168066276750e-01,-8.273227434462524952e-04,2.347191046642078227e+00,-1.030388550285688508e-02,1.907328524443512290e-03,9.999450945134157331e-01,1.417715474245122564e-01,0.000000000000000000e+00,0.000000000000000000e+00,0.000000000000000000e+00,1.000000000000000056e-01
9.945343532784703955e-01,-1.032521301109907419e-01,1.550541120118245977e-02,2.885755485424034816e+01,1.032830917447665753e-01,9.946512681478379969e-01,-1.207365536903927308e-03,2.434373698437962030e+00,-1.529781385090189447e-02,2.802213311047519351e-03,9.998790549321165955e-01,1.415695175262781658e-01,0.000000000000000000e+00,0.000000000000000000e+00,0.000000000000000000e+00,1.000000000000000056e-01
9.943885270589924996e-01,-1.040551665241189055e-01,1.907824869020335184e-02,2.980015742831919212e+01,1.041616891562750086e-01,9.945493899831329143e-01,-4.674761629192676626e-03,2.532995382165053933e+00,-1.848782749700204203e-02,6.635751940519874284e-03,9.998070649033367063e-01,1.353869970328306360e-01,0.000000000000000000e+00,0.000000000000000000e+00,0.000000000000000000e+00,1.000000000000000056e-01
9.943633950376271624e-01,-1.043431780329116543e-01,1.881328804956594949e-02,3.069888237736852332e+01,1.045840886746102760e-01,9.944398707829406048e-01,-1.230901268622377684e-02,2.618521736022558777e+00,-1.742432223488458651e-02,1.420720222987148854e-02,9.997472422564888106e-01,1.369141014216227192e-01,0.000000000000000000e+00,0.000000000000000000e+00,0.000000000000000000e+00,1.000000000000000056e-01
9.942476379759056515e-01,-1.059853240729450724e-01,1.545139024441855372e-02,3.162271958101817404e+01,1.062127344036672832e-01,9.942344104905149749e-01,-1.472385978859469535e-02,2.701363828331972083e+00,-1.380179081961956100e-02,1.628029722489653802e-02,9.997722053010078547e-01,1.362587510277796232e-01,0.000000000000000000e+00,0.000000000000000000e+00,0.000000000000000000e+00,1.000000000000000056e-01
9.942505763537718977e-01,-1.064147056658480556e-01,1.190385812429212327e-02,3.258463683033567548e+01,1.065834905329721555e-01,9.941968914232607313e-01,-1.457740135048051118e-02,2.813800068487553041e+00,-1.028352886903043627e-02,1.576234444415183442e-02,9.998228830806102918e-01,1.324215631887649125e-01,0.000000000000000000e+00,0.000000000000000000e+00,0.000000000000000000e+00,1.000000000000000056e-01
9.939336238215071839e-01,-1.092528967160661529e-01,1.263946186335225541e-02,3.353980498704859059e+01,1.094359648654059242e-01,9.938831830938426037e-01,-1.483199100690765944e-02,2.923932947904884116e+00,-1.094171060777046622e-02,1.612522627437919243e-02,9.998101099941807401e-01,1.268940807975537099e-01,0.000000000000000000e+00,0.000000000000000000e+00,0.000000000000000000e+00,1.000000000000000056e-01
9.941674720223777628e-01,-1.069515460622609965e-01,1.387099014226638068e-02,3.451195062850073469e+01,1.071602618634570209e-01,9.941241332899689587e-01,-1.529332821276223678e-02,3.033811454465805024e+00,-1.215384095626175463e-02,1.669054838404103805e-02,9.997868321520592128e-01,1.312401064766856862e-01,0.000000000000000000e+00,0.000000000000000000e+00,0.000000000000000000e+00,1.000000000000000056e-01
9.938496049578188218e-01,-1.096872798035485042e-01,1.522049192652752229e-02,3.547750074964253741e+01,1.099089325364227265e-01,9.938347117273593767e-01,-1.458054575454779955e-02,3.155174354873759412e+00,-1.352735280428155572e-02,1.616373765855061428e-02,9.997778474796358283e-01,1.233543201402982903e-01,0.000000000000000000e+00,0.000000000000000000e+00,0.000000000000000000e+00,1.000000000000000056e-01
9.935475777708080436e-01,-1.122416862834058615e-01,1.627926798162955546e-02,3.644825138056509672e+01,1.124611315693277713e-01,9.935677233635780148e-01,-1.325416825994532762e-02,3.267386442506197142e+00,-1.468688503075300800e-02,1.499943166836979237e-02,9.997796319478204907e-01,1.252309053861546950e-01,0.000000000000000000e+00,0.000000000000000000e+00,0.000000000000000000e+00,1.000000000000000056e-01
9.934655187263428111e-01,-1.128885038157061704e-01,1.680621337630374204e-02,3.744242160498290417e+01,1.131247704331853621e-01,9.934843993127119299e-01,-1.383960392132544195e-02,3.390590620745534522e+00,-1.513437862079797594e-02,1.565036831871219683e-02,9.997629801884299061e-01,1.253297592577796715e-01,0.000000000000000000e+00,0.000000000000000000e+00,0.000000000000000000e+00,1.000000000000000056e-01
9.933796752212261660e-01,-1.131967460206797227e-01,1.957849707462007080e-02,3.842989926427486580e+01,1.134335669084564346e-01,9.934797503626799919e-01,-1.143728629228454863e-02,3.505257229244074235e+00,-1.815617679457647363e-02,1.358242650032274318e-02,9.997429024177002521e-01,1.409895203606358616e-01,0.000000000000000000e+00,0.000000000000000000e+00,0.000000000000000000e+00,1.000000000000000056e-01
9.933660512891432370e-01,-1.131605846402696514e-01,2.045898898009574848e-02,3.944113101967123924e+01,1.134038877221147101e-01,9.934864324435650484e-01,-1.114750196535841884e-02,3.626698269650366679e+00,-1.906427013355902270e-02,1.339367889827281638e-02,9.997285446409163168e-01,1.298689437024973525e-01,0.000000000000000000e+00,0.000000000000000000e+00,0.000000000000000000e+00,1.000000000000000056e-01
9.930346872741885322e-01,-1.163170455271543696e-01,1.877377932352612341e-02,4.044786672128599037e+01,1.165759343018458599e-01,9.930922242545140444e-01,-1.333737856078726081e-02,3.749030799684188064e+00,-1.709272979679598084e-02,1.543305041318557627e-02,9.997347946045680445e-01,1.329629935549379860e-01,0.000000000000000000e+00,0.000000000000000000e+00,0.000000000000000000e+00,1.000000000000000056e-01
9.930921148487354966e-01,-1.158836302189023837e-01,1.841292134764458896e-02,4.146646756939232858e+01,1.161511910044432661e-01,9.931301558542571239e-01,-1.419134810890733053e-02,3.879837239289590567e+00,-1.664188251115811604e-02,1.623199865042944043e-02,9.997297484652025723e-01,1.496876739636295583e-01,0.000000000000000000e+00,0.000000000000000000e+00,0.000000000000000000e+00,1.000000000000000056e-01
9.932877112710165601e-01,-1.145011550273570267e-01,1.640146747662564464e-02,4.249497132780282982e+01,1.146592708628990376e-01,9.933636980675711881e-01,-9.045162613669598464e-03,4.010830069639995443e+00,-1.525694081964040771e-02,1.086502917255748914e-02,9.998245730616474036e-01,1.557387717250796055e-01,0.000000000000000000e+00,0.000000000000000000e+00,0.000000000000000000e+00,1.000000000000000056e-01
9.933728242727095648e-01,-1.137777158732548588e-01,1.628076678554922496e-02,4.353927617094939251e+01,1.139409951850568758e-01,9.934423178526834430e-01,-9.476851572479504451e-03,4.125575293457334425e+00,-1.509574816626842175e-02,1.126909358168853327e-02,9.998225472138282388e-01,1.598998307028749455e-01,0.000000000000000000e+00,0.000000000000000000e+00,0.000000000000000000e+00,1.000000000000000056e-01
9.935165782920553079e-01,-1.121890702857425010e-01,1.839622698455189304e-02,4.452768084157942496e+01,1.124377025690362769e-01,9.935726027246006842e-01,-1.308610545806858025e-02,4.236623717902327613e+00,-1.680986912035186548e-02,1.506969221595080843e-02,9.997451338599618875e-01,1.613366043352546797e-01,0.000000000000000000e+00,0.000000000000000000e+00,0.000000000000000000e+00,1.000000000000000056e-01
9.936382985573755100e-01,-1.109535266115520419e-01,1.929369255646573231e-02,4.549695490317366620e+01,1.112103637196534406e-01,9.937146017211256899e-01,-1.278848417784614507e-02,4.361489195782088046e+00,-1.775349659493013002e-02,1.485278622630268643e-02,9.997320681562483768e-01,1.641879330581805796e-01,0.000000000000000000e+00,0.000000000000000000e+00,0.000000000000000000e+00,1.000000000000000056e-01
9.932276238062897056e-01,-1.149935293933984498e-01,1.659444201415176401e-02,4.640595214431888849e+01,1.152129512570645026e-01,9.932566325614808900e-01,-1.293204296561517065e-02,4.466492248196094472e+00,-1.499543833132998237e-02,1.475635694461344995e-02,9.997786688857561721e-01,1.670599533133955150e-01,0.000000000000000000e+00,0.000000000000000000e+00,0.000000000000000000e+00,1.000000000000000056e-01
9.935419033110099996e-01,-1.129536259966916617e-01,1.076869255458902386e-02,4.735224419811345342e+01,1.130640424097272140e-01,9.935346983512203245e-01,-1.026282057336803250e-02,4.589767787978468405e+00,-9.539846912145273639e-03,1.141409419749283075e-02,9.998893487654239021e-01,1.621837856245329224e-01,0.000000000000000000e+00,0.000000000000000000e+00,0.000000000000000000e+00,1.000000000000000056e-01
9.937568932694285095e-01,-1.110974776686145388e-01,1.022680473879574413e-02,4.829581418670930759e+01,1.111987610495276252e-01,9.937485499430662728e-01,-9.932523702625595252e-03,4.703035080344362129e+00,-9.059394049483715863e-03,1.100772191349569731e-02,9.998983735548985230e-01,1.699936454535004304e-01,0.000000000000000000e+00,0.000000000000000000e+00,0.000000000000000000e+00,1.000000000000000056e-01
9.939616412530862810e-01,-1.092693682086208484e-01,1.002301794670381122e-02,4.925729412197023294e+01,1.093879065476647816e-01,9.939247937262331023e-01,-1.215690410360804885e-02,4.830742937733139897e+00,-8.633748814417877004e-03,1.317989330585823959e-02,9.998758666923888150e-01,1.709568594097810867e-01,0.000000000000000000e+00,0.000000000000000000e+00,0.000000000000000000e+00,1.000000000000000056e-01
9.943194348990175291e-01,-1.056922043434768699e-01,1.257057369873048648e-02,5.025443942022633337e+01,1.058362876619215187e-01,9.943181290852797227e-01,-1.140782127717485800e-02,4.955356654845958886e+00,-1.129343154410929369e-02,1.267344125980371730e-02,9.998559107644424682e-01,1.878236417218943632e-01,0.000000000000000000e+00,0.000000000000000000e+00,0.000000000000000000e+00,1.000000000000000056e-01
9.943969363437423770e-01,-1.049628561239973473e-01,1.255116825129114384e-02,5.118835034483156221e+01,1.051065562369181555e-01,9.943956722381989133e-01,-1.139556360853282053e-02,5.069528548011536628e+00,-1.128471648712310420e-02,1.265092361187863078e-02,9.998562943271256387e-01,1.912893128685592969e-01,0.000000000000000000e+00,0.000000000000000000e+00,0.000000000000000000e+00,1.000000000000000056e-01
9.943025225334471973e-01,-1.058927778836989964e-01,1.221528860474720320e-02,5.213218916920848756e+01,1.060638073667773684e-01,9.942561583850167972e-01,-1.432341720161441415e-02,5.173819597918016377e+00,-1.062837948545411644e-02,1.553740987236768012e-02,9.998227975216263941e-01,1.988030083991472741e-01,0.000000000000000000e+00,0.000000000000000000e+00,0.000000000000000000e+00,1.000000000000000056e-01
9.944345287758690199e-01,-1.047885639262896434e-01,1.092359137743315750e-02,5.311558207969022050e+01,1.049488392710117429e-01,9.943598037803588197e-01,-1.530757203326760414e-02,5.285248729939074686e+00,-9.257921688076906769e-03,1.636879641733758259e-02,9.998231610589271012e-01,2.163334424449595284e-01,0.000000000000000000e+00,0.000000000000000000e+00,0.000000000000000000e+00,1.000000000000000056e-01
9.942505854821883648e-01,-1.064829038252881610e-01,1.127672209731623437e-02,5.408146631644633828e+01,1.066442752332067978e-01,9.941866076376177919e-01,-1.483198415551554607e-02,5.402520678315484659e+00,-9.631813344833029672e-03,1.594930678555845152e-02,9.998264088254272819e-01,2.212297584887173152e-01,0.000000000000000000e+00,0.000000000000000000e+00,0.000000000000000000e+00,1.000000000000000056e-01
9.941129585409704816e-01,-1.073424540822537215e-01,1.473170772578201969e-02,5.502124394760849668e+01,1.075817823954566682e-01,9.940585323624070435e-01,-1.654673182576843482e-02,5.508276512774027189e+00,-1.286801295986389308e-02,1.803418390436724306e-02,9.997545611065589144e-01,2.305734798594365753e-01,0.000000000000000000e+00,0.000000000000000000e+00,0.000000000000000000e+00,1.000000000000000056e-01
9.938596559478264370e-01,-1.090723651331783617e-01,1.860654302987503964e-02,5.597170794842407560e+01,1.093566917929007509e-01,9.938891736940491661e-01,-1.501413913191901837e-02,5.611204390369359807e+00,-1.685521401170826314e-02,1.695669714345122286e-02,9.997141452348290436e-01,2.466577838107981424e-01,0.000000000000000000e+00,0.000000000000000000e+00,0.000000000000000000e+00,1.000000000000000056e-01
9.936313261012954534e-01,-1.110883274184393532e-01,1.887250120028214143e-02,5.693479032754524383e+01,1.113386101123891303e-01,9.937004749342186471e-01,-1.277027853062404766e-02,5.725020954871369305e+00,-1.733498452328234227e-02,1.479018684405068382e-02,9.997403406308538187e-01,2.467643502841384007e-01,0.000000000000000000e+00,0.000000000000000000e+00,0.000000000000000000e+00,1.000000000000000056e-01
9.933472897841897353e-01,-1.139732522252936697e-01,1.646996222201383558e-02,5.782812362457762134e+01,1.141956475760458334e-01,9.933698186592672119e-01,-1.325735462081754391e-02,5.832670676647333963e+00,-1.484977956376826690e-02,1.504995528379289398e-02,9.997764664628104869e-01,2.487378562458056885e-01,0.000000000000000000e+00,0.000000000000000000e+00,0.000000000000000000e+00,1.000000000000000056e-01
9.929922125441176251e-01,-1.177599882119830382e-01,9.952437040821396352e-03,5.870037581592642795e+01,1.178955368300867862e-01,9.929222910392929702e-01,-1.435152789173154905e-02,5.945131863819150375e+00,-8.191960832642449647e-03,1.542430334229440494e-02,9.998474796908383144e-01,2.491624286633652707e-01,0.000000000000000000e+00,0.000000000000000000e+00,0.000000000000000000e+00,1.000000000000000056e-01
9.928336647247748559e-01,-1.193059936286216260e-01,6.884335368108951414e-03,5.963159331593672619e+01,1.194009475078011695e-01,9.927235074073225141e-01,-1.560293482467017476e-02,6.044330976301349523e+00,-4.972717910017500353e-03,1.631311512835277935e-02,9.998545666002613963e-01,2.577818086518101626e-01,0.000000000000000000e+00,0.000000000000000000e+00,0.000000000000000000e+00,1.000000000000000056e-01
9.928354266466583589e-01,-1.192575547084969156e-01,7.446558956849931576e-03,6.052947864433183156e+01,1.193438852641473813e-01,9.927744546708584528e-01,-1.248676111077855026e-02,6.166142457608422944e+00,-5.903612911260482793e-03,1.328600007261372846e-02,9.998943091930588833e-01,2.612987585708993477e-01,0.000000000000000000e+00,0.000000000000000000e+00,0.000000000000000000e+00,1.000000000000000056e-01
9.926339197123804636e-01,-1.208467933422000956e-01,8.599649722115477665e-03,6.144797254977532930e+01,1.209299303607461878e-01,9.926115747230930264e-01,-9.910280959012654489e-03,6.283997703328067175e+00,-7.338486177719111096e-03,1.087723607581793372e-02,9.999139124724539807e-01,2.751743587301085925e-01,0.000000000000000000e+00,0.000000000000000000e+00,0.000000000000000000e+00,1.000000000000000056e-01
9.926094172637690560e-01,-1.207799789953231395e-01,1.177885534210399744e-02,6.233414203519109265e+01,1.208809217503045152e-01,9.926325732960934456e-01,-8.269050028414378500e-03,6.397174218420689229e+00,-1.069333979997196503e-02,9.631775820946378991e-03,9.998964353264079286e-01,2.869828164368178336e-01,0.000000000000000000e+00,0.000000000000000000e+00,0.000000000000000000e+00,1.000000000000000056e-01
9.924201478809679955e-01,-1.222574780740156575e-01,1.246431445764936523e-02,6.314430587912497828e+01,1.223500606248444089e-01,9.924626414863444435e-01,-6.954704813617245546e-03,6.504794423564384864e+00,-1.152010177969305972e-02,8.426998809139031599e-03,9.998981312844105185e-01,2.928728463489972400e-01,0.000000000000000000e+00,0.000000000000000000e+00,0.000000000000000000e+00,1.000000000000000056e-01
9.920243803823670659e-01,-1.254874179247219557e-01,1.185481630253951493e-02,6.395500111336311022e+01,1.255629074310762872e-01,9.920684058154350948e-01,-5.851022156532360852e-03,6.614776775826023858e+00,-1.102655904785162372e-02,7.292881831445698071e-03,9.999126106166262851e-01,2.968908671778162089e-01,0.000000000000000000e+00,0.000000000000000000e+00,0.000000000000000000e+00,1.000000000000000056e-01
9.913863383051152445e-01,-1.303742777023364774e-01,1.247701629275561712e-02,6.474760900537144437e+01,1.304531599995202018e-01,9.914379227230190050e-01,-5.728737452931315956e-03,6.723355693758610307e+00,-1.162330710749865000e-02,7.307058249328418111e-03,9.999057483741283781e-01,3.030128540186734498e-01,0.000000000000000000e+00,0.000000000000000000e+00,0.000000000000000000e+00,1.000000000000000056e-01
9.912420799157933837e-01,-1.316215836885257784e-01,1.071903500957029423e-02,6.553804676629556525e+01,1.317047060635964661e-01,9.912609622215240446e-01,-7.454876012374201527e-03,6.819030340479721453e+00,-9.644138370722560305e-03,8.801334159241013672e-03,9.999147599231165140e-01,3.106326792422111627e-01,0.000000000000000000e+00,0.000000000000000000e+00,0.000000000000000000e+00,1.000000000000000056e-01
9.911950152502798650e-01,-1.318033276904397033e-01,1.266193321432892635e-02,6.629004946779696184e+01,1.318954149335331560e-01,9.912407751963473457e-01,-6.732392416921023116e-03,6.925136658139048329e+00,-1.166367277098771110e-02,8.343164739525500001e-03,9.998971698827937571e-01,3.210955785893219172e-01,0.000000000000000000e+00,0.000000000000000000e+00,0.000000000000000000e+00,1.000000000000000056e-01
9.909547918930429189e-01,-1.333168851020618828e-01,1.533651104063999716e-02,6.708121859457553171e+01,1.334084645069188724e-01,9.910479793993128839e-01,-5.107262128122982275e-03,7.043529885680653635e+00,-1.451833399954043959e-02,7.107086268142518912e-03,9.998693451159781365e-01,3.275066298420928890e-01,0.000000000000000000e+00,0.000000000000000000e+00,0.000000000000000000e+00,1.000000000000000056e-01
9.908239511864971316e-01,-1.340637543012667687e-01,1.716996033273010883e-02,6.782123745589323960e+01,1.341427852221590000e-01,9.909557204103363048e-01,-3.531764272018406668e-03,7.150505656512049946e+00,-1.654118883332359249e-02,5.802582931846984697e-03,9.998463477471423166e-01,3.287215638634016224e-01,0.000000000000000000e+00,0.000000000000000000e+00,0.000000000000000000e+00,1.000000000000000056e-01
9.905416132773446902e-01,-1.358385077979672728e-01,1.937039403669684606e-02,6.850234197733945507e+01,1.358895500807139334e-01,9.907230901034224102e-01,-1.337503191409578594e-03,7.250758342628905062e+00,-1.900901219886110688e-02,3.957086699515320084e-03,9.998114816904615232e-01,3.340781900620510836e-01,0.000000000000000000e+00,0.000000000000000000e+00,0.000000000000000000e+00,1.000000000000000056e-01
9.905507922356707740e-01,-1.362953571581337064e-01,1.525462613182490025e-02,6.918319703254920228e+01,1.362781998458868771e-01,9.906682449221250186e-01,2.163504028417855430e-03,7.355279183387227526e+00,-1.540714925122443034e-02,-6.418764078724992217e-05,9.998813007711951917e-01,3.366630384238802343e-01,0.000000000000000000e+00,0.000000000000000000e+00,0.000000000000000000e+00,1.000000000000000056e-01
9.906430184132980488e-01,-1.361804105600992187e-01,9.016975583461449284e-03,6.987532912695516529e+01,1.361745148555978391e-01,9.906840540810957219e-01,1.267475162314317047e-03,7.460763424721627679e+00,-9.105579214552534523e-03,-2.773314501630598419e-05,9.999585429696774552e-01,3.386724610646261735e-01,0.000000000000000000e+00,0.000000000000000000e+00,0.000000000000000000e+00,1.000000000000000056e-01
9.908168475604207659e-01,-1.351816857338057343e-01,2.808279294620781227e-03,7.060971494730408438e+01,1.351797194363900112e-01,9.908207052867701314e-01,8.794476256481775778e-04,7.560974157761830128e+00,-2.901386483888108991e-03,-4.917491168933637875e-04,9.999956700602643522e-01,3.460619888452137749e-01,0.000000000000000000e+00,0.000000000000000000e+00,0.000000000000000000e+00,1.000000000000000056e-01
9.906544173456068858e-01,-1.363742387273267631e-01,2.427427687553398994e-03,7.132127490188440788e+01,1.363695128186377670e-01,9.906559886466129727e-01,2.016961132302647845e-03,7.665468787093459468e+00,-2.679807314641754687e-03,-1.667084324175885889e-03,9.999950197189045875e-01,3.555316828196214418e-01,0.000000000000000000e+00,0.000000000000000000e+00,0.000000000000000000e+00,1.000000000000000056e-01
9.903749420568133122e-01,-1.383183782476549162e-01,5.049790580036797420e-03,7.198762671051342465e+01,1.383000958319394735e-01,9.903830497410442968e-01,3.807660502793476596e-03,7.769023251403760710e+00,-5.527896420874484594e-03,-3.072625028675792045e-03,9.999800004683060406e-01,3.709343473100389366e-01,0.000000000000000000e+00,0.000000000000000000e+00,0.000000000000000000e+00,1.000000000000000056e-01
9.900561500656522851e-01,-1.405140738663553657e-01,6.679428318273706276e-03,7.260509031468454566e+01,1.405004862554695977e-01,9.900775432984169067e-01,2.464065370094364101e-03,7.856847965078100238e+00,-6.959387843419275431e-03,-1.501100147199713793e-03,9.999746564884496314e-01,3.842276986029868890e-01,0.000000000000000000e+00,0.000000000000000000e+00,0.000000000000000000e+00,1.000000000000000056e-01
9.901893758843933746e-01,-1.396745368959229905e-01,4.002952483483327752e-03,7.317413051517056033e+01,1.396787313467696967e-01,9.901965627970972239e-01,-7.867872465275641512e-04,7.928638208358018247e+00,-3.853815645890938842e-03,1.338195697127281172e-03,9.999916786339992925e-01,3.907685999549239675e-01,0.000000000000000000e+00,0.000000000000000000e+00,0.000000000000000000e+00,1.000000000000000056e-01
9.903199255385615185e-01,-1.387960225048535390e-01,1.452314748970811708e-03,7.380447769898742649e+01,1.388032263555411816e-01,9.902878399663781472e-01,-7.978619430548951688e-03,8.004893425649928673e+00,-3.308089936694836447e-04,8.102971773202646485e-03,9.999671156662365279e-01,4.107452183587771977e-01,0.000000000000000000e+00,0.000000000000000000e+00,0.000000000000000000e+00,1.000000000000000056e-01
9.906638661038487115e-01,-1.363036095604958364e-01,-2.535826680921238370e-03,7.440763512449842665e+01,1.362647349203986724e-01,9.906016622528968085e-01,-1.184351125600712276e-02,8.086103580402214774e+00,4.126307459369957936e-03,1.138739489864065701e-02,9.999266477218081706e-01,4.253262606297021353e-01,0.000000000000000000e+00,0.000000000000000000e+00,0.000000000000000000e+00,1.000000000000000056e-01
9.912891126805111197e-01,-1.316652752274584393e-01,-3.185966158408433217e-03,7.498589734166533560e+01,1.316267765595551531e-01,9.912466308848931762e-01,-1.022293753719124773e-02,8.157665395338286274e+00,4.504084105103046271e-03,9.714528224571469112e-03,9.999426689404489199e-01,4.389135966596326988e-01,0.000000000000000000e+00,0.000000000000000000e+00,0.000000000000000000e+00,1.000000000000000056e-01
9.920002988907462571e-01,-1.262230971212429664e-01,-1.771088307022976142e-03,7.556069126927283719e+01,1.261998172847434430e-01,9.919557771960835213e-01,-9.866215313447107907e-03,8.248479450210108865e+00,3.002185531804200599e-03,9.563777519118544027e-03,9.999497592587326400e-01,4.384560550947109170e-01,0.000000000000000000e+00,0.000000000000000000e+00,0.000000000000000000e+00,1.000000000000000056e-01
9.927707293467349370e-01,-1.200257046331284910e-01,-3.304234753373258603e-04,7.611398280352905488e+01,1.200150869616728039e-01,9.927127765606617027e-01,-1.084998409232776524e-02,8.298695925545132468e+00,1.630292591582815052e-03,1.073189081861391884e-02,9.999410825971314365e-01,4.509044291602373744e-01,0.000000000000000000e+00,0.000000000000000000e+00,0.000000000000000000e+00,1.000000000000000056e-01
9.938749216163443867e-01,-1.104670736685453986e-01,3.108989741609458242e-03,7.668748780026045608e+01,1.105015688357867537e-01,9.937623271244606649e-01,-1.502798965285360305e-02,8.358752628888883152e+00,-1.429498840555974183e-03,1.527949028222332084e-02,9.998822399211720890e-01,4.669928261189960628e-01,0.000000000000000000e+00,0.000000000000000000e+00,0.000000000000000000e+00,1.000000000000000056e-01
9.948045108337445486e-01,-1.016045737114845832e-01,6.363633061519490507e-03,7.724144543888752423e+01,1.017074805459583925e-01,9.946375957916141486e-01,-1.875210491840901411e-02,8.395956071454731884e+00,-4.424209062381795170e-03,1.930190764626704691e-02,9.998039121424697750e-01,4.797771079229011804e-01,0.000000000000000000e+00,0.000000000000000000e+00,0.000000000000000000e+00,1.000000000000000056e-01
9.959033671034916990e-01,-9.020989684211482007e-02,6.217548042671725353e-03,7.773149136686687655e+01,9.029270750218341968e-02,9.958074197126363103e-01,-1.465639168371618561e-02,8.441114735084875420e+00,-4.869328891446617069e-03,1.515774907419829495e-02,9.998732581078216830e-01,4.951799328051164073e-01,0.000000000000000000e+00,0.000000000000000000e+00,0.000000000000000000e+00,1.000000000000000056e-01
9.970433694232977428e-01,-7.675871776657421097e-02,3.552286006050097041e-03,7.822436640316989553e+01,7.679171551658790784e-02,9.969935598192112280e-01,-1.033799337571877398e-02,8.480965959096874229e+00,-2.748075154868342973e-03,1.058021388481253551e-02,9.999402517936233359e-01,4.948430144422115706e-01,0.000000000000000000e+00,0.000000000000000000e+00,0.000000000000000000e+00,1.000000000000000056e-01
9.980954819359272312e-01,-6.154600538990861319e-02,4.183080161149502207e-03,7.872387816878439537e+01,6.156504271063655692e-02,9.980925394389185135e-01,-4.585655068634637149e-03,8.507234142294310075e+00,-3.892872349147817341e-03,4.834453114504000740e-03,9.999807366184395585e-01,5.031229316029723897e-01,0.000000000000000000e+00,0.000000000000000000e+00,0.000000000000000000e+00,1.000000000000000056e-01
9.992512268529248898e-01,-3.825012811571900512e-02,5.823515437900632884e-03,7.921990106250073893e+01,3.828093617754421002e-02,9.992530983222670526e-01,-5.274032491406546209e-03,8.526435150542681640e+00,-5.617433425966996720e-03,5.493013060307396812e-03,9.999691351482925539e-01,5.161714884888913835e-01,0.000000000000000000e+00,0.000000000000000000e+00,0.000000000000000000e+00,1.000000000000000056e-01
9.998872618193631601e-01,-1.372219343334427424e-02,6.096315178384073726e-03,7.972079593382592577e+01,1.378058063586569057e-02,9.998585635964433171e-01,-9.640975064565217301e-03,8.550052587160537954e+00,-5.963157612768281608e-03,9.723898921474245782e-03,9.999349411541984534e-01,5.210867328065910131e-01,0.000000000000000000e+00,0.000000000000000000e+00,0.000000000000000000e+00,1.000000000000000056e-01
9.998833231551371714e-01,1.341196343522328173e-02,7.311587587648002776e-03,8.020033569743399937e+01,-1.335162053192150665e-02,9.998769080988257896e-01,-8.240320376290004994e-03,8.551185056920441951e+00,-7.421206466012564978e-03,8.141737378751658094e-03,9.999393170623126492e-01,5.334942227572910811e-01,0.000000000000000000e+00,0.000000000000000000e+00,0.000000000000000000e+00,1.000000000000000056e-01
9.989705577651895041e-01,4.475679642043795675e-02,7.392827096973062645e-03,8.069071386032814530e+01,-4.468586794454178918e-02,9.989559550887894268e-01,-9.495946434529623989e-03,8.524393685136320897e+00,-7.810116794852633992e-03,9.155816010818251457e-03,9.999275839323700232e-01,5.363961181906322651e-01,0.000000000000000000e+00,0.000000000000000000e+00,0.000000000000000000e+00,1.000000000000000056e-01
9.964405047335734844e-01,8.400390875987567840e-02,7.047257577516694536e-03,8.116769925521447249e+01,-8.393069384904575103e-02,9.964202936122170673e-01,-1.011123670778898628e-02,8.478522472662017861e+00,-7.871413870400717494e-03,9.483764590375972497e-03,9.999240466419813123e-01,5.388894600553983949e-01,0.000000000000000000e+00,0.000000000000000000e+00,0.000000000000000000e+00,1.000000000000000056e-01
