1.000000000000000000e+00,-8.862312149955142373e-14,5.537653610333793737e-14,5.961865604755534098e-21,8.862312149955202957e-14,1.000000000000000000e+00,-1.101603597439035386e-14,2.044300309640356798e-20,-5.537653610333696549e-14,1.101603597439526057e-14,1.000000000000000000e+00,-1.716935712054589030e-20,0.000000000000000000e+00,0.000000000000000000e+00,0.000000000000000000e+00,1.000000000000000056e-01
9.999920469240354270e-01,-3.984053676214392194e-03,-1.827703005862250593e-04,6.556251542740199056e-01,3.983501618616823968e-03,9.999877807132797614e-01,-2.927479971590157912e-03,7.032174197171759365e-03,1.944313046063760205e-04,2.926728623331339204e-03,9.999956982187638843e-01,2.039079699759763654e-03,0.000000000000000000e+00,0.000000000000000000e+00,0.000000000000000000e+00,1.000000000000000056e-01
9.999536039889991290e-01,-9.339864379262206515e-03,-2.357287167239712541e-03,1.325919181452879014e+00,9.336584949073618508e-03,9.999554353646616933e-01,-1.398379833494923629e-03,9.434543265401098763e-03,2.370242793592254680e-03,1.376305942362490969e-03,9.999962438584719671e-01,6.224958788445725429e-03,0.000000000000000000e+00,0.000000000000000000e+00,0.000000000000000000e+00,1.000000000000000056e-01
9.998859919909277583e-01,-1.492179680683959099e-02,-2.311493104831689304e-03,2.043405580917812880e+00,1.492008869119791116e-02,9.998884046473064391e-01,-7.544569643836572699e-04,3.324489397282322949e-04,2.322493006465445060e-03,7.198832681140359020e-04,9.999970438927883176e-01,4.947360941110784394e-03,0.000000000000000000e+00,0.000000000000000000e+00,0.000000000000000000e+00,1.000000000000000056e-01
9.997913380941597650e-01,-1.995609064305076466e-02,-4.362879569266194142e-03,2.738281530908879713e+00,1.995733768275752620e-02,9.998008030992218131e-01,2.424763235677377760e-04,8.607808607057284428e-03,4.357171617685617025e-03,-3.294971888289901433e-04,9.999904531979775246e-01,1.026838714103920150e-02,0.000000000000000000e+00,0.000000000000000000e+00,0.000000000000000000e+00,1.000000000000000056e-01
9.996855537251355672e-01,-2.429598133671435206e-02,-6.204753351681020594e-03,3.444250055848631309e+00,2.429565829878854027e-02,9.997048088040312308e-01,-1.274438064512386126e-04,1.027426432461492518e-02,6.206018135461466474e-03,-2.334483503965952212e-05,9.999807422115293276e-01,2.509468829566705722e-02,0.000000000000000000e+00,0.000000000000000000e+00,0.000000000000000000e+00,1.000000000000000056e-01
9.995198500095647809e-01,-2.999700986185099491e-02,-7.762012381153999413e-03,4.165172467787002120e+00,2.999837797962985955e-02,9.995499455928208432e-01,5.986635250946770062e-05,4.501936868517077139e-02,7.756723241706661720e-03,-2.926853889733073335e-04,9.999698733360994352e-01,4.344635576821129913e-02,0.000000000000000000e+00,0.000000000000000000e+00,0.000000000000000000e+00,1.000000000000000056e-01
9.993680742516637405e-01,-3.449628840654351408e-02,-8.570779001563154711e-03,4.933997949982879661e+00,3.452572903013619715e-02,9.993983243982285103e-01,3.311076101620715351e-03,7.328503918538334383e-02,8.451402336812215491e-03,-3.604896140762551150e-03,9.999577883702669423e-01,5.546056357915575552e-02,0.000000000000000000e+00,0.000000000000000000e+00,0.000000000000000000e+00,1.000000000000000056e-01
9.992710800387952785e-01,-3.752123069155796631e-02,-7.033195965604433116e-03,5.704675737806715219e+00,3.754951053146864115e-02,9.992870291483093581e-01,3.932891403672027220e-03,1.090041980945324618e-01,6.880614576244705773e-03,-4.194117706602986870e-03,9.999675327327964824e-01,6.071617019452399400e-02,0.000000000000000000e+00,0.000000000000000000e+00,0.000000000000000000e+00,1.000000000000000056e-01
9.990776594831713986e-01,-4.262100014269796372e-02,-5.223089934542349093e-03,6.498389062220104151e+00,4.264209038335040752e-02,9.990824239481573832e-01,3.995282920196669037e-03,1.633016819368275085e-01,5.048014398389972894e-03,-4.214321381952300556e-03,9.999783782892124329e-01,7.186442720918458094e-02,0.000000000000000000e+00,0.000000000000000000e+00,0.000000000000000000e+00,1.000000000000000056e-01
9.988438634842244923e-01,-4.795010715055861988e-02,-3.423974906149192341e-03,7.323919342945386823e+00,4.795935815380069495e-02,9.988457117991241807e-01,2.672823596193616130e-03,1.979422586334744494e-01,3.291860474482904541e-03,-2.833945086067465261e-03,9.999905661604341356e-01,9.220012377807731974e-02,0.000000000000000000e+00,0.000000000000000000e+00,0.000000000000000000e+00,1.000000000000000056e-01
9.987649699105586309e-01,-4.959903371930780153e-02,-2.910452485779961400e-03,8.140522397464783566e+00,4.960819090825008965e-02,9.987637463771569246e-01,3.163276383255254377e-03,2.446039294238617212e-01,2.749958976353735970e-03,-3.303751924284678045e-03,9.999907614317500304e-01,1.071812036781792932e-01,0.000000000000000000e+00,0.000000000000000000e+00,0.000000000000000000e+00,1.000000000000000056e-01
9.986091344786597324e-01,-5.259464882697086063e-02,-3.687743286849185301e-03,8.987906140120037080e+00,5.260676690717049075e-02,9.986099520891317249e-01,3.269811021564219666e-03,2.950867859512096292e-01,3.510642584587752787e-03,-3.459263405657785322e-03,9.999878543689085797e-01,1.161066801497918077e-01,0.000000000000000000e+00,0.000000000000000000e+00,0.000000000000000000e+00,1.000000000000000056e-01
9.986198907882029019e-01,-5.240684266981434497e-02,-3.440430719977223637e-03,9.668658344118565395e+00,5.242448365956692974e-02,9.986110651245684311e-01,5.254914252651099113e-03,3.770881526723225963e-01,3.160258721281690181e-03,-5.428024701145129846e-03,9.999802744617807271e-01,1.339383562375149606e-01,0.000000000000000000e+00,0.000000000000000000e+00,0.000000000000000000e+00,1.000000000000000056e-01
9.983577405561584461e-01,-5.715437618870157499e-02,-3.898609249788592083e-03,1.042330125751778169e+01,5.717559018744712562e-02,9.983486212251134750e-01,5.566182231287441703e-03,4.406901541593432059e-01,3.574039496040046487e-03,-5.779946400718870628e-03,9.999769089640447861e-01,1.407628445228100156e-01,0.000000000000000000e+00,0.000000000000000000e+00,0.000000000000000000e+00,1.000000000000000056e-01
9.982177123278268560e-01,-5.951112147980181649e-02,-4.452551539972678454e-03,1.125050518751513451e+01,5.952911877375691857e-02,9.982184552084221174e-01,4.024885008454354152e-03,4.915494176186331332e-01,4.205093699287048431e-03,-4.282767974991179630e-03,9.999819873804990378e-01,1.620847496299895052e-01,0.000000000000000000e+00,0.000000000000000000e+00,0.000000000000000000e+00,1.000000000000000056e-01
9.980157055585410220e-01,-6.271532491970084611e-02,-5.607091822317267042e-03,1.214234385586267173e+01,6.274218326350212982e-02,9.980184662343228874e-01,4.749683633559753475e-03,5.559728161820287617e-01,5.298103228199607835e-03,-5.092060045418106591e-03,9.999730001488426057e-01,1.752826631909315536e-01,0.000000000000000000e+00,0.000000000000000000e+00,0.000000000000000000e+00,1.000000000000000056e-01
9.978773683637043312e-01,-6.472045545658328125e-02,-7.212513640919245884e-03,1.304139415900983323e+01,6.477116905913660183e-02,9.978753484069183832e-01,7.034536266455267660e-03,6.335992728567814147e-01,6.741911171231106288e-03,-7.486767477606729414e-03,9.999492461852729219e-01,1.885825230892617943e-01,0.000000000000000000e+00,0.000000000000000000e+00,0.000000000000000000e+00,1.000000000000000056e-01
9.980235889003927774e-01,-6.194456733219588784e-02,-1.057291711907149163e-02,1.391674179194680683e+01,6.205127751968872452e-02,9.980220408856825820e-01,1.008190778333146152e-02,6.961004096216560910e-01,9.927484905769336579e-03,-1.071804480323144092e-02,9.998932785847906013e-01,1.946259278717232810e-01,0.000000000000000000e+00,0.000000000000000000e+00,0.000000000000000000e+00,1.000000000000000056e-01
9.970384152561442281e-01,-7.652080105737155136e-02,-7.678900250333678054e-03,1.488515941671711218e+01,7.659312483151814455e-02,9.970160889399568571e-01,9.613096453046881054e-03,7.833724883629988867e-01,6.920385253718814439e-03,-1.017277741869290590e-02,9.999243085691685851e-01,2.068429761547267431e-01,0.000000000000000000e+00,0.000000000000000000e+00,0.000000000000000000e+00,1.000000000000000056e-01
9.966736714495079141e-01,-8.118940703037039186e-02,-7.062069485297238838e-03,1.584680335723499134e+01,8.124309800022969097e-02,9.966647239719796936e-01,7.680300591947231831e-03,8.792405436493947457e-01,6.414956483359515044e-03,-8.228497792090311291e-03,9.999455685973123176e-01,2.182151045201375095e-01,0.000000000000000000e+00,0.000000000000000000e+00,0.000000000000000000e+00,1.000000000000000056e-01
9.965362748926742675e-01,-8.291532622246851336e-02,-6.364078916384945800e-03,1.675520027214025731e+01,8.296313219700805763e-02,9.965232075573714488e-01,7.656075733017716871e-03,9.719028282810953101e-01,5.707146317917077827e-03,-8.157541111729912572e-03,9.999504402738749187e-01,2.370764086047644492e-01,0.000000000000000000e+00,0.000000000000000000e+00,0.000000000000000000e+00,1.000000000000000056e-01
9.963191688846071425e-01,-8.555261765860948386e-02,-5.372459850517818936e-03,1.764715872553304976e+01,8.559536184468595488e-02,9.962953598196068183e-01,8.306023874115935068e-03,1.060403138201460482e+00,4.641954735122518633e-03,-8.735308447896012601e-03,9.999510721243101141e-01,2.599440253907077114e-01,0.000000000000000000e+00,0.000000000000000000e+00,0.000000000000000000e+00,1.000000000000000056e-01
9.962654994616877424e-01,-8.616281091085896404e-02,-5.569972916753037490e-03,1.855634092859576256e+01,8.620376547326462358e-02,9.962486453834034084e-01,7.585999602170985338e-03,1.144538806324436164e+00,4.895446923845747644e-03,-8.037822321581256438e-03,9.999557130252031412e-01,2.636514617917082859e-01,0.000000000000000000e+00,0.000000000000000000e+00,0.000000000000000000e+00,1.000000000000000056e-01
9.960703028838403528e-01,-8.837535656748375656e-02,-5.809308432563583917e-03,1.949419438995679599e+01,8.840199141466363597e-02,9.960747163889011047e-01,4.499698289000290605e-03,1.229514222887452046e+00,5.388842808644925785e-03,-4.995570271791037117e-03,9.999730019609746057e-01,2.814618380458582259e-01,0.000000000000000000e+00,0.000000000000000000e+00,0.000000000000000000e+00,1.000000000000000056e-01
9.959288035417700469e-01,-9.005101152260704123e-02,-4.078431023520007540e-03,2.042573803957857947e+01,9.006135647207262618e-02,9.959332597828831624e-01,2.427782661280834635e-03,1.312729801865396562e+00,3.843220819648536166e-03,-2.785207711364871136e-03,9.999887360724299956e-01,2.997180798207612074e-01,0.000000000000000000e+00,0.000000000000000000e+00,0.000000000000000000e+00,1.000000000000000056e-01
9.960366624614762632e-01,-8.894308317244704887e-02,3.082018533544540750e-04,2.134858532493488781e+01,8.894188221512756842e-02,9.960328970463463438e-01,2.794564276008239083e-03,1.408366939379535276e+00,-5.555363477034401792e-04,-2.756076421569782220e-03,9.999960477032521222e-01,3.075371620798292294e-01,0.000000000000000000e+00,0.000000000000000000e+00,0.000000000000000000e+00,1.000000000000000056e-01
9.959209404003742661e-01,-9.018297584523979338e-02,2.917420047057248719e-03,2.229744617011088437e+01,9.018104661205639250e-02,9.959250776497137192e-01,7.864733725338992265e-04,1.501602874647661290e+00,-2.976458296060471246e-03,-5.201693075231973501e-04,9.999954350495322553e-01,3.172640715991863480e-01,0.000000000000000000e+00,0.000000000000000000e+00,0.000000000000000000e+00,1.000000000000000056e-01
9.959828104422794315e-01,-8.929880352269103927e-02,6.630610297280850433e-03,2.327500042677641545e+01,8.929642888664704459e-02,9.960048795990658066e-01,6.539135588230736429e-04,1.594941587614371770e+00,-6.662513909221704118e-03,-5.919684321670855461e-05,9.999778034557282869e-01,3.285638388909759566e-01,0.000000000000000000e+00,0.000000000000000000e+00,0.000000000000000000e+00,1.000000000000000056e-01
9.961618738458859479e-01,-8.716665738430115495e-02,7.968370994197001428e-03,2.420780269725761258e+01,8.717946966365147654e-02,9.961918069731147130e-01,-1.274279720115156431e-03,1.690138692513556196e+00,-7.826951195566225067e-03,1.964067231151043081e-03,9.999674401073735952e-01,3.394235062252451418e-01,0.000000000000000000e+00,0.000000000000000000e+00,0.000000000000000000e+00,1.000000000000000056e-01
9.962126576867380567e-01,-8.676162282043806129e-02,5.723763647299505430e-03,2.516505374017478758e+01,8.677905426835413882e-02,9.962234471849926720e-01,-2.870369164452733768e-03,1.768468943330121279e+00,-5.453109664783194893e-03,3.356200890029755780e-03,9.999794995451505297e-01,3.448657592424989593e-01,0.000000000000000000e+00,0.000000000000000000e+00,0.000000000000000000e+00,1.000000000000000056e-01
9.965052316671112465e-01,-8.352696053121201614e-02,7.550658873538197311e-04,2.610855592605845032e+01,8.352936979232684911e-02,9.964968556885647200e-01,-4.106212963368647585e-03,1.868525488921701116e+00,-4.094412944617332887e-04,4.154932878058517458e-03,9.999912844073218787e-01,3.474333880082373649e-01,0.000000000000000000e+00,0.000000000000000000e+00,0.000000000000000000e+00,1.000000000000000056e-01
9.965365645439352438e-01,-8.314827911874968225e-02,-1.113196551197870657e-03,2.706234781282859103e+01,8.314151603814194658e-02,9.965244471016723171e-01,-5.149236796416518415e-03,1.953281936614333469e+00,1.537477756094923417e-03,5.038849898209113616e-03,9.999861229806406016e-01,3.563922731594389992e-01,0.000000000000000000e+00,0.000000000000000000e+00,0.000000000000000000e+00,1.000000000000000056e-01
9.966245973203903263e-01,-8.206832978372617660e-02,2.049698143461745493e-03,2.804123275836296614e+01,8.208148264645871717e-02,9.965975708172267744e-01,-7.477435908235068908e-03,2.033906754604545064e+00,-1.429063514628843611e-03,7.620438813626837123e-03,9.999699428931646539e-01,3.640651609860819371e-01,0.000000000000000000e+00,0.000000000000000000e+00,0.000000000000000000e+00,1.000000000000000056e-01
9.966254461725072566e-01,-8.169937191832876699e-02,7.933011382912370443e-03,2.904257921704556011e+01,8.176927145205684089e-02,9.966113046925141328e-01,-8.927127493472179764e-03,2.109715473406129416e+00,-7.176788115213340521e-03,9.545678982422187153e-03,9.999286843195938079e-01,3.820315970328503896e-01,0.000000000000000000e+00,0.000000000000000000e+00,0.000000000000000000e+00,1.000000000000000056e-01
9.967616559305728652e-01,-7.976059294066605021e-02,1.022003328251265032e-02,2.998445747278023177e+01,7.987332212142732313e-02,9.967427486610828113e-01,-1.114205568269256014e-02,2.179234269713363314e+00,-9.298047097589931184e-03,1.192228188321712776e-02,9.998856962247575364e-01,3.871351791092510486e-01,0.000000000000000000e+00,0.000000000000000000e+00,0.000000000000000000e+00,1.000000000000000056e-01
9.966525831952129932e-01,-8.122644891552145696e-02,9.267815647890045860e-03,3.088842123146634577e+01,8.139042085326923803e-02,9.965020849672419079e-01,-1.895241539402261685e-02,2.242785675851703520e+00,-7.695960215386140300e-03,1.964328517621364775e-02,9.997774320036680873e-01,3.991634907370241181e-01,0.000000000000000000e+00,0.000000000000000000e+00,0.000000000000000000e+00,1.000000000000000056e-01
9.966591486677821576e-01,-8.134885182479803523e-02,7.273629327838126643e-03,3.182336473776364727e+01,8.149615049285560686e-02,9.964085618123870169e-01,-2.298598272461588668e-02,2.319205739389011534e+00,-5.377623234995441287e-03,2.350196276393876418e-02,9.997093272119575991e-01,4.076444347349022501e-01,0.000000000000000000e+00,0.000000000000000000e+00,0.000000000000000000e+00,1.000000000000000056e-01
9.968370675495410449e-01,-7.939018880394348165e-02,3.613679690543658563e-03,3.279194415793436690e+01,7.945564538895159845e-02,9.965295610529814052e-01,-2.481198023893688848e-02,2.386530738306388955e+00,-1.631310840034631664e-03,2.502062887352010656e-02,9.996856040554533696e-01,4.074200741072146470e-01,0.000000000000000000e+00,0.000000000000000000e+00,0.000000000000000000e+00,1.000000000000000056e-01
9.966973216631055399e-01,-8.109641230382405586e-02,4.221480906035380079e-03,3.373780696099937870e+01,8.117775371422422670e-02,9.963770012772514839e-01,-2.535830490519233246e-02,2.463901910177397792e+00,-2.149718936187145282e-03,2.561724491822102781e-02,9.996695131248602983e-01,4.099067795290979310e-01,0.000000000000000000e+00,0.000000000000000000e+00,0.000000000000000000e+00,1.000000000000000056e-01
9.966814041251041978e-01,-8.122720401480897079e-02,5.321653798139262988e-03,3.469968495920828389e+01,8.133843787417384397e-02,9.963503195711586047e-01,-2.588627463810483365e-02,2.552869223316253322e+00,-3.199561751210407319e-03,2.623322356072221168e-02,9.996507293981300446e-01,4.263418940873758833e-01,0.000000000000000000e+00,0.000000000000000000e+00,0.000000000000000000e+00,1.000000000000000056e-01
9.966204449083083672e-01,-8.194189648685760996e-02,5.763192769865264735e-03,3.567161462078810530e+01,8.205978561723685505e-02,9.963235786119553072e-01,-2.460728116472949215e-02,2.633529585818490837e+00,-3.725637558679442511e-03,2.499704586554249777e-02,9.996805826476661272e-01,4.291424486249076908e-01,0.000000000000000000e+00,0.000000000000000000e+00,0.000000000000000000e+00,1.000000000000000056e-01
9.966953788178972706e-01,-8.109820963559999374e-02,4.626255175455218187e-03,3.663467249613849219e+01,8.118466364845194905e-02,9.964252685575434310e-01,-2.336096248691937535e-02,2.709563284722908527e+00,-2.715185322565116278e-03,2.365934432582203831e-02,9.997163913804436586e-01,4.465118386351566993e-01,0.000000000000000000e+00,0.000000000000000000e+00,0.000000000000000000e+00,1.000000000000000056e-01
9.965128520636366005e-01,-8.316496796789518697e-02,6.761935735849688642e-03,3.762587444092019240e+01,8.329937593028055587e-02,9.962614048632176811e-01,-2.290037444221681637e-02,2.804744953723351308e+00,-4.832146688852638830e-03,2.338378247561563247e-02,9.997148838921577907e-01,4.586373166843731308e-01,0.000000000000000000e+00,0.000000000000000000e+00,0.000000000000000000e+00,1.000000000000000056e-01
9.966681833153455683e-01,-8.096671057576258768e-02,9.845006116276561192e-03,3.861161064220920025e+01,8.117211395042718547e-02,9.964427458195952436e-01,-2.264822775239330038e-02,2.890245947336369969e+00,-7.976232425631345907e-03,2.337190796760307832e-02,9.996950203108176947e-01,4.817681206618083523e-01,0.000000000000000000e+00,0.000000000000000000e+00,0.000000000000000000e+00,1.000000000000000056e-01
9.967103711813990463e-01,-8.024005025224185961e-02,1.140045240135356686e-02,3.960412091588971606e+01,8.043293551067288993e-02,9.966044720193389939e-01,-1.760878292757350749e-02,2.976906378754124560e+00,-9.948812219243260285e-03,1.846782842058503765e-02,9.997799560147493381e-01,4.874412794683497530e-01,0.000000000000000000e+00,0.000000000000000000e+00,0.000000000000000000e+00,1.000000000000000056e-01
9.965822786854406923e-01,-8.202781942068980425e-02,9.756979615705103914e-03,4.060000260739330713e+01,8.220319584788436662e-02,9.964309034392723197e-01,-1.918565254532468914e-02,3.057484451824560967e+00,-8.148398770859609924e-03,1.992213623792042296e-02,9.997683292069161620e-01,5.022514535035009775e-01,0.000000000000000000e+00,0.000000000000000000e+00,0.000000000000000000e+00,1.000000000000000056e-01
9.965694552949466711e-01,-8.233049298288901141e-02,8.426784578219114613e-03,4.160632370517291179e+01,8.245071902713362044e-02,9.964810098060973287e-01,-1.508230843502244081e-02,3.134880876143104622e+00,-7.155396917146848550e-03,1.572536234924162141e-02,9.998507454985184895e-01,5.281298080452472288e-01,0.000000000000000000e+00,0.000000000000000000e+00,0.000000000000000000e+00,1.000000000000000056e-01
9.964925532897996874e-01,-8.342492862446816704e-02,6.547711201497229822e-03,4.263105315567409548e+01,8.350879094870557184e-02,9.964115512162995403e-01,-1.379501493341387004e-02,3.193267011422401325e+00,-5.373366939006670243e-03,1.429342109958683417e-02,9.998834057233916273e-01,5.336309848507455600e-01,0.000000000000000000e+00,0.000000000000000000e+00,0.000000000000000000e+00,1.000000000000000056e-01
9.965655326507880662e-01,-8.238503460165889913e-02,8.357344442742506777e-03,4.365061624356680881e+01,8.250116179098400393e-02,9.964831416415782517e-01,-1.465969737983106522e-02,3.280222747073375356e+00,-7.120213170197607980e-03,1.529883975384438780e-02,9.998576138963972681e-01,5.469189553492020961e-01,0.000000000000000000e+00,0.000000000000000000e+00,0.000000000000000000e+00,1.000000000000000056e-01
9.966551327152844975e-01,-8.122310399877367970e-02,9.019634642442098116e-03,4.464135026884103752e+01,8.137189194706871687e-02,9.965287780755557323e-01,-1.757867083127404029e-02,3.368122771788759184e+00,-7.560531279831995792e-03,1.825381724582856441e-02,9.998047992096870118e-01,5.651867572859671229e-01,0.000000000000000000e+00,0.000000000000000000e+00,0.000000000000000000e+00,1.000000000000000056e-01
9.965021422773285842e-01,-8.294349772413893429e-02,1.019100691691343652e-02,4.562243806937184587e+01,8.310330655387136722e-02,9.964058078281877728e-01,-1.641056263721136013e-02,3.461826805874860469e+00,-8.793229014878403693e-03,1.720006719586628444e-02,9.998134009963807189e-01,5.765155737621094900e-01,0.000000000000000000e+00,0.000000000000000000e+00,0.000000000000000000e+00,1.000000000000000056e-01
9.958578268225707353e-01,-9.050043750874318949e-02,8.766958820065352473e-03,4.653474294618406759e+01,9.062880988048500897e-02,9.957631930507390150e-01,-1.555899048921669491e-02,3.533618190601340636e+00,-7.321719461544129275e-03,1.628908150027812834e-02,9.998405164064935180e-01,5.878177094531334967e-01,0.000000000000000000e+00,0.000000000000000000e+00,0.000000000000000000e+00,1.000000000000000056e-01
9.960805398612792017e-01,-8.836355290453981604e-02,3.929456419047785629e-03,4.748230399428462079e+01,8.841411262826562312e-02,9.959642705904910853e-01,-1.543102055301023325e-02,3.629801160254654935e+00,-2.550058395207090156e-03,1.571795868545447852e-02,9.998732134510571745e-01,5.870305954640970825e-01,0.000000000000000000e+00,0.000000000000000000e+00,0.000000000000000000e+00,1.000000000000000056e-01
9.962398998924121285e-01,-8.660338417277052558e-02,2.432223710956816706e-03,4.843211003593292219e+01,8.663314309081038278e-02,9.960793574064253919e-01,-1.790564902509417938e-02,3.721028964691124319e+00,-8.719980296955124558e-04,1.804903317704867338e-02,9.998367226806634811e-01,5.913713521164967180e-01,0.000000000000000000e+00,0.000000000000000000e+00,0.000000000000000000e+00,1.000000000000000056e-01
9.963973069455469567e-01,-8.470448659504568878e-02,4.190067103430008925e-03,4.940498867418865103e+01,8.476635934233063552e-02,9.962402788076610838e-01,-1.788773895942632336e-02,3.827280675011297983e+00,-2.659141874439517172e-03,1.817847166027515560e-02,9.998312218232575654e-01,6.034515191239848697e-01,0.000000000000000000e+00,0.000000000000000000e+00,0.000000000000000000e+00,1.000000000000000056e-01
9.964864229422286668e-01,-8.356962415746077566e-02,5.561187821189907295e-03,5.042213021128399930e+01,8.365323349322931201e-02,9.963491461975954033e-01,-1.704451223854505648e-02,3.924921210223259127e+00,-4.116481255764578746e-03,1.744983637468850574e-02,9.998392659785709791e-01,6.276812178299231437e-01,0.000000000000000000e+00,0.000000000000000000e+00,0.000000000000000000e+00,1.000000000000000056e-01
9.965933499282197960e-01,-8.229895422119505588e-02,5.345747183174099672e-03,5.136688982821090121e+01,8.238411877916594628e-02,9.964312989484075400e-01,-1.837181125990323960e-02,4.011055467193705759e+00,-3.814688955740746200e-03,1.874962959865796724e-02,9.998169330122810283e-01,6.355936991627021415e-01,0.000000000000000000e+00,0.000000000000000000e+00,0.000000000000000000e+00,1.000000000000000056e-01
9.967061962877489245e-01,-8.097787932652521226e-02,4.397879191839713757e-03,5.232298914000401879e+01,8.105000676217523348e-02,9.965102807840786614e-01,-1.995386417434221946e-02,4.098509543113301845e+00,-2.766710223106891818e-03,2.024458820068885875e-02,9.997912291889371472e-01,6.520367222744914981e-01,0.000000000000000000e+00,0.000000000000000000e+00,0.000000000000000000e+00,1.000000000000000056e-01
9.966686756503797540e-01,-8.146471266323189464e-02,3.879635036343577655e-03,5.330671571691270572e+01,8.153056421134673160e-02,9.964292058968207133e-01,-2.194549464493331103e-02,4.186869460001936716e+00,-2.077998242931328003e-03,2.218869591770538524e-02,9.997516410072924131e-01,6.748407710214779920e-01,0.000000000000000000e+00,0.000000000000000000e+00,0.000000000000000000e+00,1.000000000000000056e-01
9.966532910995433703e-01,-8.161317870934994834e-02,4.637499477580543476e-03,5.426408684308271546e+01,8.170096670351334467e-02,9.963724684695929312e-01,-2.380874031781928316e-02,4.266190469795477114e+00,-2.677569823600684483e-03,2.410794758509434213e-02,9.997057754574963928e-01,6.755065114799589931e-01,0.000000000000000000e+00,0.000000000000000000e+00,0.000000000000000000e+00,1.000000000000000056e-01
9.965706087600142427e-01,-8.226041124230390467e-02,8.958040965616222845e-03,5.521364700188323837e+01,8.247060922984683629e-02,9.962442680203023038e-01,-2.638099789526415773e-02,4.338931736868654632e+00,-6.754285228839432276e-03,2.702930222812035405e-02,9.996118228853180243e-01,6.931734084504933557e-01,0.000000000000000000e+00,0.000000000000000000e+00,0.000000000000000000e+00,1.000000000000000056e-01
9.963516265005951666e-01,-8.430759924390168747e-02,1.325387035353348467e-02,5.616317189311086366e+01,8.462363692198260345e-02,9.960883620333319532e-01,-2.543255975811660463e-02,4.426568126020002936e+00,-1.105786795521943380e-02,2.646136299368150729e-02,9.995886753184038964e-01,7.198513319538418775e-01,0.000000000000000000e+00,0.000000000000000000e+00,0.000000000000000000e+00,1.000000000000000056e-01
9.961934833572777537e-01,-8.603916817470545764e-02,1.399304313928536464e-02,5.712014665675857827e+01,8.633753061076386570e-02,9.960155491164659480e-01,-2.233510076673757977e-02,4.501107824134623847e+00,-1.201559505511737985e-02,2.345820662432790416e-02,9.996526086683522605e-01,7.180145018634351839e-01,0.000000000000000000e+00,0.000000000000000000e+00,0.000000000000000000e+00,1.000000000000000056e-01
9.961834826975676238e-01,-8.682425485829520229e-02,8.945253984478540588e-03,5.801543028414420178e+01,8.700828921086742329e-02,9.959468296905215068e-01,-2.279188535416608666e-02,4.583261303980646240e+00,-6.930108883926745095e-03,2.348321097510302699e-02,9.997002112599335799e-01,7.307571012481826056e-01,0.000000000000000000e+00,0.000000000000000000e+00,0.000000000000000000e+00,1.000000000000000056e-01
9.959960253993374035e-01,-8.931231051062724080e-02,3.902381321171504661e-03,5.894483951919920628e+01,8.937568637612972045e-02,9.957683686010154744e-01,-2.138557407384537867e-02,4.660212253056180920e+00,-1.975872849710726738e-03,2.164872478751420082e-02,9.997636863987190425e-01,7.461212315491684288e-01,0.000000000000000000e+00,0.000000000000000000e+00,0.000000000000000000e+00,1.000000000000000056e-01
9.959940022403536153e-01,-8.942004564405764411e-02,5.420569180177991098e-05,5.989341128252779356e+01,8.940141859063860386e-02,9.957737832753494889e-01,-2.102281844754958981e-02,4.761041335171481315e+00,1.825884778346104857e-03,2.094344714969001778e-02,9.997789946614523693e-01,7.602413669235823512e-01,0.000000000000000000e+00,0.000000000000000000e+00,0.000000000000000000e+00,1.000000000000000056e-01
9.959637387682607201e-01,-8.975637526116349296e-02,-1.554307722318007704e-04,6.079862298426504452e+01,8.974040810376039679e-02,9.958163759651225133e-01,-1.721640244244986018e-02,4.852284325407117294e+00,1.700062386589073701e-03,1.713296412378941674e-02,9.998517746787344285e-01,7.704167483051753695e-01,0.000000000000000000e+00,0.000000000000000000e+00,0.000000000000000000e+00,1.000000000000000056e-01
9.958058588790473786e-01,-9.149146606376794277e-02,5.531424049241850677e-05,6.173882151802635576e+01,9.148073896666440719e-02,9.956794746698475196e-01,-1.592664808707453666e-02,4.944557896800660934e+00,1.402077129052901883e-03,1.586490966500922473e-02,9.998731613665031714e-01,7.897184134802470723e-01,0.000000000000000000e+00,0.000000000000000000e+00,0.000000000000000000e+00,1.000000000000000056e-01
9.956678730809479516e-01,-9.296436054530538007e-02,1.764704752609022164e-03,6.262254099137235386e+01,9.297955409691738282e-02,9.955816300664119822e-01,-1.311565454884036121e-02,5.031012738825114461e+00,-5.376191959223644090e-04,1.322291732971864024e-02,9.999124288770949720e-01,8.126570207257727274e-01,0.000000000000000000e+00,0.000000000000000000e+00,0.000000000000000000e+00,1.000000000000000056e-01
9.955443948946229860e-01,-9.428245342395878692e-02,1.475388171962349962e-03,6.344789726848834022e+01,9.429315680867685068e-02,9.954796939273903300e-01,-1.135691671553113596e-02,5.120798441824520708e+00,-3.979609945773286347e-04,1.144543378768458561e-02,9.999344196858405143e-01,8.297757403682084476e-01,0.000000000000000000e+00,0.000000000000000000e+00,0.000000000000000000e+00,1.000000000000000056e-01
9.953251880022156994e-01,-9.654144994685608105e-02,2.742001187593558296e-03,6.426583194453473880e+01,9.656435341441117759e-02,9.952760741540774836e-01,-1.004300085153082486e-02,5.205485201782710902e+00,-1.759482313289639169e-03,1.026083128239784967e-02,9.999458083133222486e-01,8.431714016956222135e-01,0.000000000000000000e+00,0.000000000000000000e+00,0.000000000000000000e+00,1.000000000000000056e-01
9.953653509007651667e-01,-9.609938260037891034e-02,3.567476702476422932e-03,6.505504972165590516e+01,9.613287674525571036e-02,9.953093240647097328e-01,-1.085446629420336491e-02,5.289204958159457348e+00,-2.507635316028841797e-03,1.114711144990099788e-02,9.999347247052905452e-01,8.590855968207616877e-01,0.000000000000000000e+00,0.000000000000000000e+00,0.000000000000000000e+00,1.000000000000000056e-01
9.952866417374186536e-01,-9.691789109430359872e-02,3.379817285589560485e-03,6.585052344908397970e+01,9.695123537372676847e-02,9.952200092937062426e-01,-1.172992160858055480e-02,5.367935547786404804e+00,-2.226822525370342979e-03,1.200231174682270252e-02,9.999254901112245575e-01,8.729685595333267489e-01,0.000000000000000000e+00,0.000000000000000000e+00,0.000000000000000000e+00,1.000000000000000056e-01
9.953034013597896745e-01,-9.671452927891642515e-02,4.176011014231089703e-03,6.659462039370977493e+01,9.675934705475323916e-02,9.952311064845128508e-01,-1.235610954750559001e-02,5.443595303442890554e+00,-2.961080743778992004e-03,1.270214595923694484e-02,9.999149401268385695e-01,8.910900588221504215e-01,0.000000000000000000e+00,0.000000000000000000e+00,0.000000000000000000e+00,1.000000000000000056e-01
9.953249951554512531e-01,-9.642503574658557730e-02,5.510580738053168226e-03,6.739470840225074255e+01,9.648178244602127751e-02,9.952719922037974731e-01,-1.117708328334465241e-02,5.533429214231792237e+00,-4.406776014222976365e-03,1.165650101676717239e-02,9.999223501398528668e-01,8.944364992748434773e-01,0.000000000000000000e+00,0.000000000000000000e+00,0.000000000000000000e+00,1.000000000000000056e-01
9.950821361108421748e-01,-9.862086169063805086e-02,9.244892237305955482e-03,6.814082731495122403e+01,9.871742645137665528e-02,9.950585649640778518e-01,-1.064528094731050437e-02,5.609105163623975265e+00,-8.149362422938512610e-03,1.150556087403694153e-02,9.999006000403607430e-01,9.039464574433214716e-01,0.000000000000000000e+00,0.000000000000000000e+00,0.000000000000000000e+00,1.000000000000000056e-01
9.949176364336214107e-01,-9.993980810100770718e-02,1.228541696769637655e-02,6.886951488800468724e+01,1.000668952438085041e-01,9.949283809200913931e-01,-1.020457328800174722e-02,5.688363556297093560e+00,-1.120326691644281218e-02,1.138207346924534867e-02,9.998724594736768667e-01,9.184876869979550218e-01,0.000000000000000000e+00,0.000000000000000000e+00,0.000000000000000000e+00,1.000000000000000056e-01
9.948656976763768922e-01,-1.008702360604002979e-01,8.212129079295461126e-03,6.956070100103464426e+01,1.009222043352084319e-01,9.948751264095929692e-01,-6.179929094966506685e-03,5.768563318630547165e+00,-7.546672049210158446e-03,6.976985639622157974e-03,9.999471833113817709e-01,9.330620913736831223e-01,0.000000000000000000e+00,0.000000000000000000e+00,0.000000000000000000e+00,1.000000000000000056e-01
9.948609965115247089e-01,-1.012037470379356791e-01,3.065812384592081063e-03,7.026076229723915390e+01,1.012239737808432599e-01,9.948362972522007963e-01,-7.378943118490583451e-03,5.846278685573955691e+00,-2.303204747986488821e-03,7.651356416498333000e-03,9.999680754868509602e-01,9.359955969962888700e-01,0.000000000000000000e+00,0.000000000000000000e+00,0.000000000000000000e+00,1.000000000000000056e-01
9.949027575534787893e-01,-1.008362633244448275e-01,-7.423013182222034777e-04,7.101298281366460685e+01,1.008259979818745128e-01,9.948657547287265146e-01,-8.732021472746723245e-03,5.925082604752592630e+00,1.618994577769855949e-03,8.612668971038888593e-03,9.999615996575831334e-01,9.641310440111033886e-01,0.000000000000000000e+00,0.000000000000000000e+00,0.000000000000000000e+00,1.000000000000000056e-01
9.947090764708027555e-01,-1.027275331002184405e-01,-9.524335915348671302e-04,7.174320752482567798e+01,1.027173096023357574e-01,9.946810975426044754e-01,-7.659536506718005872e-03,6.006821114529888206e+00,1.734212980190551721e-03,7.521179068694514719e-03,9.999702117417078595e-01,9.746189630157477968e-01,0.000000000000000000e+00,0.000000000000000000e+00,0.000000000000000000e+00,1.000000000000000056e-01
9.945504187981372146e-01,-1.042513652674942060e-01,1.057028057049136252e-03,7.242260678648706573e+01,1.042560040334623572e-01,9.945301098653024363e-01,-6.367589362080919822e-03,6.093938503036170573e+00,-3.874163452480762406e-04,6.443090188171339029e-03,9.999791680317158260e-01,9.856205932994085428e-01,0.000000000000000000e+00,0.000000000000000000e+00,0.000000000000000000e+00,1.000000000000000056e-01
9.944615787798509743e-01,-1.050252245654261646e-01,3.983784089035012632e-03,7.303407403412055032e+01,1.050463548240989226e-01,9.944519604660184697e-01,-5.528260437242436820e-03,6.150831501294795167e+00,-3.381075103536651354e-03,5.916124599285674940e-03,9.999767836309351177e-01,1.001621985679296722e+00,0.000000000000000000e+00,0.000000000000000000e+00,0.000000000000000000e+00,1.000000000000000056e-01
9.943887452972101082e-01,-1.057845101828194939e-01,8.127924834376593771e-04,7.360472790042466329e+01,1.057875875537313132e-01,9.943660662988526022e-01,-6.716584914031644912e-03,6.205674130852552928e+00,-9.770261924102859258e-05,6.764879801350773617e-03,9.999771131658321544e-01,1.011897022821948822e+00,0.000000000000000000e+00,0.000000000000000000e+00,0.000000000000000000e+00,1.000000000000000056e-01
9.945624569203346255e-01,-1.041266090534595234e-01,-1.780048205946515704e-03,7.423843202419229215e+01,1.040997261686023023e-01,9.945011421486436021e-01,-1.143351549898161471e-02,6.262401405030399992e+00,2.960793172362582732e-03,1.118604273509793759e-02,9.999330508347641366e-01,1.030962973314365039e+00,0.000000000000000000e+00,0.000000000000000000e+00,0.000000000000000000e+00,1.000000000000000056e-01
9.946305573044611492e-01,-1.033873081200109012e-01,-4.595540872958239070e-03,7.485501840351308545e+01,1.033032286776699726e-01,9.945242978519648336e-01,-1.580708470355617415e-02,6.316202824708575747e+00,6.204628996654470985e-03,1.524747525836011447e-02,9.998644993584178131e-01,1.052501531470911411e+00,0.000000000000000000e+00,0.000000000000000000e+00,0.000000000000000000e+00,1.000000000000000056e-01
9.951786675823756090e-01,-9.794857922129449057e-02,-5.049298713418216671e-03,7.544027229339457108e+01,9.786777800543611239e-02,9.950962899139554896e-01,-1.432731055570517914e-02,6.369823251369775896e+00,6.427878129383353574e-03,1.376407018329763726e-02,9.998846097199131089e-01,1.065756317088587757e+00,0.000000000000000000e+00,0.000000000000000000e+00,0.000000000000000000e+00,1.000000000000000056e-01
9.955502666561057978e-01,-9.413451967070990412e-02,-4.284713213438742264e-03,7.599925180104203548e+01,9.408402167612286982e-02,9.955060849799706180e-01,-1.076251053882550796e-02,6.447219043640379788e+00,5.278581836395643788e-03,1.031149718596774401e-02,9.999329025487561085e-01,1.069199909910450330e+00,0.000000000000000000e+00,0.000000000000000000e+00,0.000000000000000000e+00,1.000000000000000056e-01
9.961744890979642442e-01,-8.737708313795532200e-02,-1.277737341085357367e-03,7.654674469538566939e+01,8.734958427634197109e-02,9.960725996749907329e-01,-1.447156879732961962e-02,6.485415472911739698e+00,2.537202624977612751e-03,1.430459782756771103e-02,9.998944649730947543e-01,1.086876759890696542e+00,0.000000000000000000e+00,0.000000000000000000e+00,0.000000000000000000e+00,1.000000000000000056e-01
9.968240257191793852e-01,-7.961592665626550380e-02,1.779317754907058400e-03,7.710102309067032422e+01,7.963455407753460003e-02,9.966848306103186506e-01,-1.666391995157755559e-02,6.510061942292262316e+00,-4.467055864807959343e-04,1.675269094636795339e-02,9.998595640389577044e-01,1.101552218813115713e+00,0.000000000000000000e+00,0.000000000000000000e+00,0.000000000000000000e+00,1.000000000000000056e-01
9.974483050696708597e-01,-7.132771839089212251e-02,3.038964098258218303e-03,7.763028577611045478e+01,7.137337903137717932e-02,9.972615888103448789e-01,-1.936915716054701461e-02,6.541656207894333441e+00,-1.649084377550158985e-03,1.953663411686342929e-02,9.998077817501219711e-01,1.115747746220114189e+00,0.000000000000000000e+00,0.000000000000000000e+00,0.000000000000000000e+00,1.000000000000000056e-01
9.982509198236024783e-01,-5.900179569837261245e-02,3.726818441911031871e-03,7.810820400054664958e+01,5.905478068976981881e-02,9.981230008394883502e-01,-1.621752363518903436e-02,6.573157809914741634e+00,-2.762960190567233069e-03,1.640924433184611300e-02,9.998615417903836677e-01,1.127281725387974110e+00,0.000000000000000000e+00,0.000000000000000000e+00,0.000000000000000000e+00,1.000000000000000056e-01
9.989981694938773193e-01,-4.464315171910599594e-02,3.105857766731232386e-03,7.859261418606594418e+01,4.467821878873958624e-02,9.989253934440289751e-01,-1.232538431682715131e-02,6.603458614594748255e+00,-2.552276189560785495e-03,1.245180056364759112e-02,9.999192160114612760e-01,1.132662791938058744e+00,0.000000000000000000e+00,0.000000000000000000e+00,0.000000000000000000e+00,1.000000000000000056e-01
9.996304958928109441e-01,-2.709223568060040860e-02,2.209625968294450481e-03,7.905702534258840330e+01,2.710753420994834600e-02,9.996064819329977258e-01,-7.215460248096711507e-03,6.615037542023977757e+00,-2.013273490969170153e-03,7.272691617426512226e-03,9.999715269378866012e-01,1.132332832837178671e+00,0.000000000000000000e+00,0.000000000000000000e+00,0.000000000000000000e+00,1.000000000000000056e-01
9.999814914831306467e-01,-4.868467867379109963e-03,3.648932967022288764e-03,7.953898672996622565e+01,4.894116328290847202e-03,9.999631480883449663e-01,-7.053374413140202880e-03,6.633213278500824650e+00,-3.614459370179985611e-03,7.071102168055633762e-03,9.999684671016332294e-01,1.147000790489639099e+00,0.000000000000000000e+00,0.000000000000000000e+00,0.000000000000000000e+00,1.000000000000000056e-01
9.997872149949832421e-01,2.008728029520638267e-02,4.693176207746947541e-03,8.001777772685663592e+01,-2.004272496200283984e-02,9.997553542701965723e-01,-9.355254361656148085e-03,6.618704202672418546e+00,-4.879949658824046278e-03,9.259199663879781952e-03,9.999452251563141214e-01,1.161185886527014821e+00,0.000000000000000000e+00,0.000000000000000000e+00,0.000000000000000000e+00,1.000000000000000056e-01
9.987942060416169499e-01,4.870832021614380364e-02,6.134616484958090900e-03,8.049065013901466159e+01,-4.863928713520179054e-02,9.987564944420624924e-01,-1.094004372851651620e-02,6.610814199848125128e+00,-6.659859208370428295e-03,1.062846891720800775e-02,9.999213378680348319e-01,1.167770039505611868e+00,0.000000000000000000e+00,0.000000000000000000e+00,0.000000000000000000e+00,1.000000000000000056e-01
9.967182114827506378e-01,8.042462888066556626e-02,9.202497923610141947e-03,8.099140480399287867e+01,-8.032028840385016522e-02,9.967062226690758253e-01,-1.119629239815879765e-02,6.567531575224890616e+00,-1.007264460552281631e-02,1.042040124707055426e-02,9.998949730189170548e-01,1.173446831769090037e+00,0.000000000000000000e+00,0.000000000000000000e+00,0.000000000000000000e+00,1.000000000000000056e-01
