1.000000000000000000e+00,0.000000000000000000e+00,0.000000000000000000e+00,0.000000000000000000e+00,0.000000000000000000e+00,1.000000000000000000e+00,0.000000000000000000e+00,0.000000000000000000e+00,0.000000000000000000e+00,0.000000000000000000e+00,1.000000000000000000e+00,0.000000000000000000e+00,0.000000000000000000e+00,0.000000000000000000e+00,0.000000000000000000e+00,1.000000000000000000e+00
9.999878472190567580e-01,-4.838707752874703803e-03,-9.446276929624242797e-04,6.494347118123973139e-01,4.837289981365658700e-03,9.999871790705063823e-01,-1.497437894454947942e-03,1.139207185827140201e-02,9.518612463067215729e-04,1.492850258344944388e-03,9.999984326779086663e-01,7.821275763553847682e-03,0.000000000000000000e+00,0.000000000000000000e+00,0.000000000000000000e+00,1.000000000000000000e+00
9.999588576178310984e-01,-8.887418030334040195e-03,-1.815729163905789633e-03,1.310911736615856693e+00,8.885080873241826133e-03,9.999596932450954823e-01,-1.291209917981015615e-03,1.921748829924566082e-02,1.827131500061415521e-03,1.275023894063864738e-03,9.999975179491954469e-01,1.040864718751742524e-02,0.000000000000000000e+00,0.000000000000000000e+00,0.000000000000000000e+00,1.000000000000000000e+00
9.998876855871207114e-01,-1.449478060007146352e-02,-3.810189835980888097e-03,2.009553440991918460e+00,1.448941096282333786e-02,9.998939959342802997e-01,-1.433131023149018541e-03,3.236309365692080497e-02,3.830558860118805139e-03,1.377762655499974436e-03,9.999917142601156828e-01,1.681983590006659590e-02,0.000000000000000000e+00,0.000000000000000000e+00,0.000000000000000000e+00,1.000000000000000000e+00
9.997806442320357201e-01,-2.044647062430532403e-02,-4.539301486483445468e-03,2.706002412159995263e+00,2.044560944069083799e-02,9.997909388152240728e-01,-2.360457010454614763e-04,3.437886301635293546e-02,4.543178796229044650e-03,1.431851377335544798e-04,9.999896694588611412e-01,1.951653519473142001e-02,0.000000000000000000e+00,0.000000000000000000e+00,0.000000000000000000e+00,1.000000000000000000e+00
9.996796651754065177e-01,-2.485668829692079182e-02,-4.765719431310801169e-03,3.405538379245715230e+00,2.485388328764309013e-02,9.996908852188459704e-01,-6.469125810675740778e-04,5.294295006774124568e-02,4.780326381374703192e-03,5.282587179122443920e-04,9.999884346443288496e-01,2.749776455313219375e-02,0.000000000000000000e+00,0.000000000000000000e+00,0.000000000000000000e+00,1.000000000000000000e+00
9.995282375078731185e-01,-3.021206882912123859e-02,-5.525696469221925283e-03,4.117761977631039905e+00,3.021613891944613037e-02,9.995431739036715335e-01,6.545619744429254485e-04,7.727458879598955721e-02,5.503396515449599478e-03,-8.212183887950045159e-04,9.999845189937452972e-01,4.275247628635168301e-02,0.000000000000000000e+00,0.000000000000000000e+00,0.000000000000000000e+00,1.000000000000000000e+00
9.993239256950186000e-01,-3.645162628531008198e-02,-4.792752304602520240e-03,4.871333089192404486e+00,3.646739007618770428e-02,9.993295786459365226e-01,3.243871817559516348e-03,1.017550838513509720e-01,4.671294737901652422e-03,-3.416457887005178422e-03,9.999832532702628285e-01,5.299423185313555107e-02,0.000000000000000000e+00,0.000000000000000000e+00,0.000000000000000000e+00,1.000000000000000000e+00
9.991588910730533346e-01,-4.080128628447213940e-02,-4.094560684573310926e-03,5.634366767817689414e+00,4.081853596652904037e-02,9.991576579521569412e-01,4.221572824455774309e-03,1.391505378390636150e-01,3.918866062559888709e-03,-4.385155994437436866e-03,9.999827062983085435e-01,5.763611698916401571e-02,0.000000000000000000e+00,0.000000000000000000e+00,0.000000000000000000e+00,1.000000000000000000e+00
9.990913606632201294e-01,-4.260530341228072754e-02,-1.114077763753470399e-03,6.428358279068772774e+00,4.260999616731662998e-02,9.990812071915758930e-01,4.596701344227999315e-03,1.921164273007523460e-01,9.172103016496441826e-04,-4.639995449810531761e-03,9.999888145211873747e-01,6.538580680725399052e-02,0.000000000000000000e+00,0.000000000000000000e+00,0.000000000000000000e+00,1.000000000000000000e+00
9.989491674046167002e-01,-4.582206346112054074e-02,9.483890492054991616e-04,7.228544375809286215e+00,4.581970967821193119e-02,9.989469133069389661e-01,2.370358527205772455e-03,2.203595905999220783e-01,-1.056005032177154438e-03,-2.324412766305768933e-03,9.999967409740218027e-01,7.582213141991687999e-02,0.000000000000000000e+00,0.000000000000000000e+00,0.000000000000000000e+00,1.000000000000000000e+00
9.987639127874069489e-01,-4.970372791599272921e-02,4.312132204736662399e-04,8.010266648755338892e+00,4.970206856206974694e-02,9.987587909483629511e-01,3.252980789696007305e-03,2.654136348307177817e-01,-5.923632668082168436e-04,-3.227527632689895266e-03,9.999946160710772025e-01,8.688757505364946843e-02,0.000000000000000000e+00,0.000000000000000000e+00,0.000000000000000000e+00,1.000000000000000000e+00
9.985848532385939169e-01,-5.317184629451733591e-02,-1.022567399973688335e-03,8.826595260547883015e+00,5.317478340767723549e-02,9.985804110165662495e-01,3.099216599996263300e-03,3.046075364888213843e-01,8.563247058694635700e-04,-3.149205553674826446e-03,9.999946745920095248e-01,9.430778920953787614e-02,0.000000000000000000e+00,0.000000000000000000e+00,0.000000000000000000e+00,1.000000000000000000e+00
9.984367052884898230e-01,-5.586481319829014053e-02,-1.807810550045008211e-03,9.585116520872650980e+00,5.586451849251523188e-02,9.984383356736191706e-01,-2.131452455200791817e-04,3.699926231971893409e-01,1.816894676125244005e-03,1.118195707814034458e-04,9.999983431936873002e-01,1.049266777510808740e-01,0.000000000000000000e+00,0.000000000000000000e+00,0.000000000000000000e+00,1.000000000000000000e+00
9.983564377812357282e-01,-5.730072081570867365e-02,-1.024955979813049192e-03,1.038990432017068422e+01,5.730129168849753402e-02,9.983567869756373447e-01,5.365356600142677252e-04,4.364395978849694435e-01,9.925278787354875794e-04,-5.943851318412136280e-04,9.999993307971383194e-01,1.102153572480429611e-01,0.000000000000000000e+00,0.000000000000000000e+00,0.000000000000000000e+00,1.000000000000000000e+00
9.982926056038348150e-01,-5.840959380469756129e-02,4.392587794082819888e-04,1.120234753735810784e+01,5.841021239776567758e-02,9.982914473605687400e-01,-1.559876402564134342e-03,4.920002810625608292e-01,-3.473965356020089577e-04,1.582870276938876672e-03,9.999986869178041360e-01,1.300415605446385292e-01,0.000000000000000000e+00,0.000000000000000000e+00,0.000000000000000000e+00,1.000000000000000000e+00
9.982004081577118271e-01,-5.993411748446034887e-02,-1.961304447282563503e-03,1.208137992549824702e+01,5.993462707270851703e-02,9.982022839386751611e-01,2.020328467748364401e-04,5.610999818106530146e-01,1.945669918402227879e-03,-3.192193207354662699e-04,9.999980562319072952e-01,1.370075354645366172e-01,0.000000000000000000e+00,0.000000000000000000e+00,0.000000000000000000e+00,1.000000000000000000e+00
9.981579227608109450e-01,-6.062641870374855385e-02,-2.280040565251292492e-03,1.297707873483525809e+01,6.062957566431641243e-02,9.981594330904902668e-01,1.341896881118905026e-03,6.358882064215676255e-01,2.194489595862595364e-03,-1.477662895385110703e-03,9.999965003577661049e-01,1.499175563873192119e-01,0.000000000000000000e+00,0.000000000000000000e+00,0.000000000000000000e+00,1.000000000000000000e+00
9.981160558469289734e-01,-6.121621911640155039e-02,-4.112612024152123742e-03,1.385715960984792439e+01,6.124089828957371417e-02,9.981039453990628862e-01,6.169810006287163896e-03,6.992388466824474014e-01,3.727121845950430706e-03,-6.410046483475465365e-03,9.999725095555492826e-01,1.626060714912258287e-01,0.000000000000000000e+00,0.000000000000000000e+00,0.000000000000000000e+00,1.000000000000000000e+00
9.971215323901676530e-01,-7.576457758284048383e-02,-2.894551360100761257e-03,1.484618259659561090e+01,7.577508429802620737e-02,9.971180294142050204e-01,3.711066795607974745e-03,8.044186696814378257e-01,2.605041940070957924e-03,-3.919719483355121881e-03,9.999889247164991390e-01,1.661379963282926253e-01,0.000000000000000000e+00,0.000000000000000000e+00,0.000000000000000000e+00,1.000000000000000000e+00
9.969207978049711150e-01,-7.840677044913091365e-02,-1.140724171645373991e-03,1.580815662159733925e+01,7.840873620119569176e-02,9.969196802865946117e-01,1.794754748390036108e-03,8.859984348489655659e-01,9.964894529224191128e-04,-1.878671076281758631e-03,9.999977387993211897e-01,1.726003741373868527e-01,0.000000000000000000e+00,0.000000000000000000e+00,0.000000000000000000e+00,1.000000000000000000e+00
9.967532634739036945e-01,-8.051119409860517384e-02,9.377520667292809850e-04,1.672371889131155598e+01,8.051007944751854828e-02,9.967531064243090322e-01,1.171298786298046726e-03,9.728936655227586883e-01,-1.029009949499297546e-03,-1.091997394350770938e-03,9.999988743394727653e-01,1.802370880413042276e-01,0.000000000000000000e+00,0.000000000000000000e+00,0.000000000000000000e+00,1.000000000000000000e+00
9.966151553741865454e-01,-8.220112514009321469e-02,1.098682933515677000e-03,1.759572303887548017e+01,8.219997289728267487e-02,9.966152967848871391e-01,1.055779361537168655e-03,1.049976343683507451e+00,-1.181750469276228845e-03,-9.618940050811440861e-04,9.999988391122008879e-01,1.888428485481778440e-01,0.000000000000000000e+00,0.000000000000000000e+00,0.000000000000000000e+00,1.000000000000000000e+00
9.964810097122434041e-01,-8.381586733098088382e-02,7.054547632341854864e-04,1.849123383424431211e+01,8.381510021859327197e-02,9.964807658868938267e-01,1.054605528083222459e-03,1.120561226455449866e+00,-7.913647797944703367e-04,-9.917666197919428571e-04,9.999991950700536369e-01,1.934906888364990307e-01,0.000000000000000000e+00,0.000000000000000000e+00,0.000000000000000000e+00,1.000000000000000000e+00
9.962797004253797217e-01,-8.617611299298497118e-02,-6.603557643972144189e-04,1.940796754538518698e+01,8.617503300285911383e-02,9.962788546812807455e-01,-1.519013467867055475e-03,1.201602010599152059e+00,7.888011608806443087e-04,1.456456102918525118e-03,9.999986282632329360e-01,2.081139235617379124e-01,0.000000000000000000e+00,0.000000000000000000e+00,0.000000000000000000e+00,1.000000000000000000e+00
9.962013072864562835e-01,-8.707044366541417946e-02,1.301230442341757198e-03,2.032559097333604115e+01,8.707457519414830982e-02,9.961954539336652648e-01,-3.554703456272537317e-03,1.287415878677070413e+00,-9.867702441442873472e-04,3.654504318151378765e-03,9.999928354156706334e-01,2.158118380413648341e-01,0.000000000000000000e+00,0.000000000000000000e+00,0.000000000000000000e+00,1.000000000000000000e+00
9.963711981792113814e-01,-8.501176889837305795e-02,4.175474547128992485e-03,2.124798924476295880e+01,8.502044561352618823e-02,9.963773062697273142e-01,-1.946118795021144991e-03,1.372538597971316943e+00,-3.994905080415034858e-03,2.294057422239161557e-03,9.999893889606732422e-01,2.206078638204864717e-01,0.000000000000000000e+00,0.000000000000000000e+00,0.000000000000000000e+00,1.000000000000000000e+00
9.963874329357632620e-01,-8.460527220867559983e-02,7.350605565304950927e-03,2.220896891937179873e+01,8.462342030765956924e-02,9.964105908049545324e-01,-2.193460088373485554e-03,1.470161890515016889e+00,-7.138642946243934501e-03,2.807569450970212339e-03,9.999705782325111203e-01,2.298718480202446846e-01,0.000000000000000000e+00,0.000000000000000000e+00,0.000000000000000000e+00,1.000000000000000000e+00
9.964523735130158544e-01,-8.366275423236252395e-02,9.121999481160674231e-03,2.317165198347633037e+01,8.368961735473896824e-02,9.964884697927436363e-01,-2.603366501141934995e-03,1.556362410963913812e+00,-8.872162492670136735e-03,3.357547375275704831e-03,9.999550047918781548e-01,2.376954156226672721e-01,0.000000000000000000e+00,0.000000000000000000e+00,0.000000000000000000e+00,1.000000000000000000e+00
9.967921088931630536e-01,-7.928358767112103633e-02,1.093637848268865301e-02,2.410306643882223199e+01,7.934307976460686085e-02,9.968342350196601753e-01,-5.116989959131408583e-03,1.627840757406629590e+00,-1.049606315663930214e-02,5.968301162835733253e-03,9.999271033627602501e-01,2.433808794736456449e-01,0.000000000000000000e+00,0.000000000000000000e+00,0.000000000000000000e+00,1.000000000000000000e+00
9.968981613503798966e-01,-7.820986975815849562e-02,8.790458955208512240e-03,2.505544166874443235e+01,7.826067812636831877e-02,9.969172449374841261e-01,-5.592227236197572747e-03,1.708469159170731055e+00,-8.325992759561412840e-03,6.262828328495594239e-03,9.999457259401099973e-01,2.519033992768889285e-01,0.000000000000000000e+00,0.000000000000000000e+00,0.000000000000000000e+00,1.000000000000000000e+00
9.970068826007633112e-01,-7.713586556951165796e-02,5.228220495365489516e-03,2.600093891874383090e+01,7.716169784534876452e-02,9.970063857547919461e-01,-4.933472387053779162e-03,1.798290036718985130e+00,-4.832021557174750494e-03,5.322124295145754316e-03,9.999741629465516146e-01,2.514209232398842420e-01,0.000000000000000000e+00,0.000000000000000000e+00,0.000000000000000000e+00,1.000000000000000000e+00
9.972437182532311040e-01,-7.413929136382557683e-02,2.886499703440096373e-03,2.695986626615128756e+01,7.415403501282136212e-02,9.972322413393500673e-01,-5.388499291829397173e-03,1.862016452244427134e+00,-2.479011049876185795e-03,5.587692669662317792e-03,9.999813159228739812e-01,2.560657425709575996e-01,0.000000000000000000e+00,0.000000000000000000e+00,0.000000000000000000e+00,1.000000000000000000e+00
9.973339762376419726e-01,-7.278983189106302820e-02,5.155600380407076265e-03,2.791237085937071427e+01,7.283218862563567431e-02,9.973073969235437541e-01,-8.569033877257900209e-03,1.930254184485104441e+00,-4.517979859567336672e-03,8.921682288704949060e-03,9.999499944712869626e-01,2.671598181384837734e-01,0.000000000000000000e+00,0.000000000000000000e+00,0.000000000000000000e+00,1.000000000000000000e+00
9.972299857216483376e-01,-7.380235401293135100e-02,9.250303765225648123e-03,2.889988050171429990e+01,7.390865054711895366e-02,9.971960250487602595e-01,-1.173026006796003794e-02,1.997888005391234678e+00,-8.358645338977200093e-03,1.238144454852188429e-02,9.998884102133537288e-01,2.752555246040938597e-01,0.000000000000000000e+00,0.000000000000000000e+00,0.000000000000000000e+00,1.000000000000000000e+00
9.974009430913465257e-01,-7.086176279274904177e-02,1.303722725104123487e-02,2.985240681216212266e+01,7.108068105361027567e-02,9.973227235838777460e-01,-1.717328751859675817e-02,2.058207065509376044e+00,-1.178539356347585616e-02,1.805534815908203458e-02,9.997675274289553604e-01,2.789855114669005931e-01,0.000000000000000000e+00,0.000000000000000000e+00,0.000000000000000000e+00,1.000000000000000000e+00
9.974727737117563553e-01,-6.961400672609086016e-02,1.421111435862281586e-02,3.076996345764258933e+01,6.994785685875698489e-02,9.972490332027780235e-01,-2.452882176128869107e-02,2.112823829412767473e+00,-1.246447049179722454e-02,2.546086887107430405e-02,9.995981098079804728e-01,2.881872255050748066e-01,0.000000000000000000e+00,0.000000000000000000e+00,0.000000000000000000e+00,1.000000000000000000e+00
9.976141074372444351e-01,-6.830741988982513835e-02,1.000944704681569833e-02,3.171826943981085378e+01,6.855248361478788466e-02,9.972922699822134307e-01,-2.662114242428318192e-02,2.166194758166750223e+00,-8.163922613063187561e-03,2.724379969323102377e-02,9.995954810551322955e-01,2.922138204936322592e-01,0.000000000000000000e+00,0.000000000000000000e+00,0.000000000000000000e+00,1.000000000000000000e+00
9.975270009067958021e-01,-6.988381886791869557e-02,7.492284186228005335e-03,3.269962962671205275e+01,7.006779345856484209e-02,9.971484842242063218e-01,-2.802507322417488109e-02,2.240051248795037253e+00,-5.512420678715808028e-03,2.848073506439805294e-02,9.995791419134607558e-01,2.903066961320028283e-01,0.000000000000000000e+00,0.000000000000000000e+00,0.000000000000000000e+00,1.000000000000000000e+00
9.974271769503222362e-01,-7.143249501349241415e-02,6.035340674446482319e-03,3.365965973256304977e+01,7.158314456419059835e-02,9.969763380525800134e-01,-3.023300808016330873e-02,2.320560163027338252e+00,-3.857472645580262670e-03,3.058725256410662133e-02,9.995246569671837333e-01,2.919518253969690669e-01,0.000000000000000000e+00,0.000000000000000000e+00,0.000000000000000000e+00,1.000000000000000000e+00
9.976273257610849265e-01,-6.835572404970162441e-02,8.198407432318864305e-03,3.460451313038657162e+01,6.858829006785088778e-02,9.971125320072516951e-01,-3.259209995783345776e-02,2.390776445473013379e+00,-5.946878202348533822e-03,3.307708426893370135e-02,9.994351110181745046e-01,3.004214722545172633e-01,0.000000000000000000e+00,0.000000000000000000e+00,0.000000000000000000e+00,1.000000000000000000e+00
9.975039186083310971e-01,-6.989875296311527653e-02,1.000483359305188308e-02,3.556355397499299897e+01,7.017965632370429252e-02,9.970461794658183052e-01,-3.120467674735549063e-02,2.470047190297568029e+00,-7.794113118886338357e-03,3.182892311752961306e-02,9.994629415110232173e-01,2.989310395758928984e-01,0.000000000000000000e+00,0.000000000000000000e+00,0.000000000000000000e+00,1.000000000000000000e+00
9.975619655650141970e-01,-6.896929218062457234e-02,1.064714018734038391e-02,3.653971372265557704e+01,6.926174786356474600e-02,9.971440820198498312e-01,-3.010797196227562103e-02,2.547149426425213470e+00,-8.540207313009882950e-03,3.077200722898770779e-02,9.994899441365824311e-01,3.096966935202231652e-01,0.000000000000000000e+00,0.000000000000000000e+00,0.000000000000000000e+00,1.000000000000000000e+00
9.973056155788859733e-01,-7.250386599881933347e-02,1.116685049798999373e-02,3.754181228960307948e+01,7.280771780639190560e-02,9.969019588238112739e-01,-2.975770019805778349e-02,2.631838253879751566e+00,-8.974706827745804888e-03,3.049055441407986025e-02,9.994947627320899253e-01,3.144989186746016130e-01,0.000000000000000000e+00,0.000000000000000000e+00,0.000000000000000000e+00,1.000000000000000000e+00
9.973262681616120728e-01,-7.165813887015830275e-02,1.433268880907625532e-02,3.853241141122390445e+01,7.202718584812782543e-02,9.970332180490519836e-01,-2.714491859547626257e-02,2.716554979910565049e+00,-1.234501250027509461e-02,2.810468360293184864e-02,9.995287526759528696e-01,3.318661228143529041e-01,0.000000000000000000e+00,0.000000000000000000e+00,0.000000000000000000e+00,1.000000000000000000e+00
9.973777491092948866e-01,-7.086219615519029347e-02,1.470288195355693404e-02,3.954454748307694700e+01,7.122599352020929364e-02,9.971238315347756842e-01,-2.590217042010066473e-02,2.790402897041363239e+00,-1.282510930697979695e-02,2.688147580539786141e-02,9.995563530035648236e-01,3.282820946784154037e-01,0.000000000000000000e+00,0.000000000000000000e+00,0.000000000000000000e+00,1.000000000000000000e+00
9.972118111565758669e-01,-7.344834752104420494e-02,1.318878069611628158e-02,4.054630222556914276e+01,7.378179638603779567e-02,9.969120430948249512e-01,-2.688168250975687956e-02,2.871008343397125184e+00,-1.117363915076782094e-02,2.777982323439162279e-02,9.995516150800783928e-01,3.383688381272595969e-01,0.000000000000000000e+00,0.000000000000000000e+00,0.000000000000000000e+00,1.000000000000000000e+00
9.972947761988483206e-01,-7.265721348089121401e-02,1.113816392774140060e-02,4.156420186467998690e+01,7.288655382433394114e-02,9.971021440798801816e-01,-2.179138689761324701e-02,2.954049159384392276e+00,-9.522585683599510409e-03,2.254425870374130933e-02,9.997004935286349925e-01,3.683680380917710995e-01,0.000000000000000000e+00,0.000000000000000000e+00,0.000000000000000000e+00,1.000000000000000000e+00
9.974662701539770415e-01,-7.061457359299080916e-02,8.638396922613275283e-03,4.257677930492896934e+01,7.076301321079933593e-02,9.973254330551859503e-01,-1.829143358559294844e-02,3.012248380794112279e+00,-7.323651168696684692e-03,1.885636702994574962e-02,9.997953798432908101e-01,3.784416049899644863e-01,0.000000000000000000e+00,0.000000000000000000e+00,0.000000000000000000e+00,1.000000000000000000e+00
9.975204460262457884e-01,-6.992180187135998981e-02,7.993834040163617233e-03,4.359888406067154420e+01,7.006746852745539267e-02,9.973479969463072692e-01,-1.968559984726360804e-02,3.081863852293381889e+00,-6.596181755639115955e-03,2.019689605495945950e-02,9.997742624092653685e-01,3.924575378182000307e-01,0.000000000000000000e+00,0.000000000000000000e+00,0.000000000000000000e+00,1.000000000000000000e+00
9.975523045985161819e-01,-6.927884267911414706e-02,9.478478107321646612e-03,4.458311643552691095e+01,6.946260130302087110e-02,9.973704137599074260e-01,-2.066893264328813901e-02,3.157878611056445184e+00,-8.021633898774008578e-03,2.127674113763187297e-02,9.997414434123230720e-01,4.107079979334644637e-01,0.000000000000000000e+00,0.000000000000000000e+00,0.000000000000000000e+00,1.000000000000000000e+00
9.975293346248271797e-01,-6.947268112990745426e-02,1.042943620582313310e-02,4.555935969123572704e+01,6.966511839357228397e-02,9.973820310401293465e-01,-1.938699144993589682e-02,3.212961297196563759e+00,-9.055265990497657694e-03,2.006566058948863751e-02,9.997576563462505783e-01,4.222652660236432820e-01,0.000000000000000000e+00,0.000000000000000000e+00,0.000000000000000000e+00,1.000000000000000000e+00
9.973125870856848207e-01,-7.269137329959174387e-02,9.141547367727938245e-03,4.649374421150545089e+01,7.284480629682663078e-02,9.971853040644890198e-01,-1.775115639593372388e-02,3.288795609036228029e+00,-7.825460755431428578e-03,1.836936595624667420e-02,9.998006444078387789e-01,4.377442599365288789e-01,0.000000000000000000e+00,0.000000000000000000e+00,0.000000000000000000e+00,1.000000000000000000e+00
9.975286618108729630e-01,-7.002413606848337246e-02,5.761009778798834545e-03,4.746286322191594564e+01,7.011420102417073585e-02,9.973890965902802996e-01,-1.729129311442694286e-02,3.363332068244734963e+00,-4.535160476879253853e-03,1.765248907914677631e-02,9.998338971793057084e-01,4.364138655059955907e-01,0.000000000000000000e+00,0.000000000000000000e+00,0.000000000000000000e+00,1.000000000000000000e+00
9.976627332805203530e-01,-6.816895229898202457e-02,4.697293444150487177e-03,4.841477221745761028e+01,6.824277617270423091e-02,9.975075966208736267e-01,-1.793092813807187560e-02,3.432540764697187718e+00,-3.463253309176820768e-03,1.820957512161197611e-02,9.998281938665291024e-01,4.432356953996020033e-01,0.000000000000000000e+00,0.000000000000000000e+00,0.000000000000000000e+00,1.000000000000000000e+00
9.977959208929453316e-01,-6.609517156101069046e-02,5.893093052008585228e-03,4.937344559929484689e+01,6.620028656700632785e-02,9.976077275459851457e-01,-1.990839016553940313e-02,3.503013218209607871e+00,-4.563146704336431755e-03,2.025463494752937493e-02,9.997844404946977237e-01,4.427629782058902785e-01,0.000000000000000000e+00,0.000000000000000000e+00,0.000000000000000000e+00,1.000000000000000000e+00
9.978821016284059597e-01,-6.450525559506280204e-02,8.389472587180505855e-03,5.036796912532638970e+01,6.469161535503671623e-02,9.976104943907543321e-01,-2.425482187510039772e-02,3.587141256536143796e+00,-6.804862410908728114e-03,2.474618116098918630e-02,9.996706059325315419e-01,4.659828019064281013e-01,0.000000000000000000e+00,0.000000000000000000e+00,0.000000000000000000e+00,1.000000000000000000e+00
9.977852705453613691e-01,-6.592711200472015087e-02,8.841367848731532253e-03,5.129892517559873966e+01,6.611753783454862865e-02,9.975391696371371797e-01,-2.332544169677976814e-02,3.659950748407099663e+00,-7.281831734976944651e-03,2.385835162725893910e-02,9.996888285782794537e-01,4.805837323499065894e-01,0.000000000000000000e+00,0.000000000000000000e+00,0.000000000000000000e+00,1.000000000000000000e+00
9.979580469677761245e-01,-6.340086156306309895e-02,7.750306143783645789e-03,5.224329975618677935e+01,6.356330765490383894e-02,9.977148937980194754e-01,-2.290625708351099257e-02,3.723766026175009625e+00,-6.280319436867608414e-03,2.335211867623925366e-02,9.997075753144519794e-01,4.893712164364387718e-01,0.000000000000000000e+00,0.000000000000000000e+00,0.000000000000000000e+00,1.000000000000000000e+00
9.980388851736101685e-01,-6.233394192130087275e-02,5.732657845062529012e-03,5.320351780484497795e+01,6.245053467861489543e-02,9.977805165820763378e-01,-2.310782221585581594e-02,3.791145989170520370e+00,-4.279532658103871699e-03,2.342051267065628495e-02,9.997165424191356564e-01,5.149973387843220785e-01,0.000000000000000000e+00,0.000000000000000000e+00,0.000000000000000000e+00,1.000000000000000000e+00
9.980592489667013956e-01,-6.190224723283700020e-02,6.771066352414750224e-03,5.415756583743159069e+01,6.204514085582936433e-02,9.977977465028662341e-01,-2.345330616316952665e-02,3.854066593638194593e+00,-5.304342391320868155e-03,2.382790090057866281e-02,9.997020031441705701e-01,5.167308817342054494e-01,0.000000000000000000e+00,0.000000000000000000e+00,0.000000000000000000e+00,1.000000000000000000e+00
9.979407710673775522e-01,-6.334948591783753913e-02,1.005286403932746826e-02,5.510333452024738676e+01,6.359558410750658364e-02,9.976261740055248906e-01,-2.641247093939282087e-02,3.906328414967844775e+00,-8.355783833521611415e-03,2.699739937558660874e-02,9.996005808839256712e-01,5.269804329848193358e-01,0.000000000000000000e+00,0.000000000000000000e+00,0.000000000000000000e+00,1.000000000000000000e+00
9.977226661565410382e-01,-6.593662396622440580e-02,1.420714810999394555e-02,5.604747868380709264e+01,6.628139719579972944e-02,9.974790813660286970e-01,-2.534282192174121956e-02,3.973805374296113690e+00,-1.250031292629101565e-02,2.622677748258801789e-02,9.995778600587462703e-01,5.458131451874836948e-01,0.000000000000000000e+00,0.000000000000000000e+00,0.000000000000000000e+00,1.000000000000000000e+00
9.977731752952310185e-01,-6.450728161358861013e-02,1.695586270577428140e-02,5.699922212683635792e+01,6.488553466328192409e-02,9.976323428301219209e-01,-2.279420827188054915e-02,4.039906266589947670e+00,-1.544532462371448790e-02,2.384363978311634935e-02,9.995963799400037209e-01,5.485333324022246826e-01,0.000000000000000000e+00,0.000000000000000000e+00,0.000000000000000000e+00,1.000000000000000000e+00
9.978912283985104104e-01,-6.363191973742297891e-02,1.280917935866061549e-02,5.789600052407587327e+01,6.392966781186025516e-02,9.976570712971501997e-01,-2.435909818237552704e-02,4.098215672342712779e+00,-1.122915218426432694e-02,2.512661698923219708e-02,9.996212078882170671e-01,5.517976655576140033e-01,0.000000000000000000e+00,0.000000000000000000e+00,0.000000000000000000e+00,1.000000000000000000e+00
9.976866014970734442e-01,-6.782138828314980550e-02,4.658807204177391192e-03,5.881217635054530035e+01,6.791669639266187386e-02,9.973813826223347778e-01,-2.485357015534334427e-02,4.162058079148697409e+00,-2.961003938945306301e-03,2.511248473779149545e-02,9.996802466618847083e-01,5.540332376525057834e-01,0.000000000000000000e+00,0.000000000000000000e+00,0.000000000000000000e+00,1.000000000000000000e+00
9.976600279468610388e-01,-6.836228622601965565e-02,1.032695027381027707e-03,5.976460174013373461e+01,6.836737250190749737e-02,9.973720611074416986e-01,-2.397653226547728084e-02,4.229415511557187202e+00,6.091093934855200311e-04,2.399103049566254919e-02,9.997119882453653350e-01,5.722791852735648055e-01,0.000000000000000000e+00,0.000000000000000000e+00,0.000000000000000000e+00,1.000000000000000000e+00
9.976883502738475018e-01,-6.793973877160858210e-02,1.465477224087116887e-03,6.068734941242152559e+01,6.795552525514882147e-02,9.974713503929022451e-01,-2.080749222407940122e-02,4.308762542658726602e+00,-4.811595948399683439e-05,2.085897986488981920e-02,9.997824266528438919e-01,5.805590529745412454e-01,0.000000000000000000e+00,0.000000000000000000e+00,0.000000000000000000e+00,1.000000000000000000e+00
9.976538763208457894e-01,-6.844220289189993645e-02,1.551749108425350999e-03,6.161927804478968085e+01,6.845925095317378917e-02,9.974797627550855417e-01,-1.864011408194377051e-02,4.378146956366405718e+00,-2.720678626029837482e-04,1.870261365054389294e-02,9.998250538077724237e-01,6.004954168658197533e-01,0.000000000000000000e+00,0.000000000000000000e+00,0.000000000000000000e+00,1.000000000000000000e+00
9.976532183399051679e-01,-6.845666470115906177e-02,1.319467325608478497e-03,6.249867235942606669e+01,6.846930751021487738e-02,9.974948582177306511e-01,-1.777531316906927339e-02,4.452452546044099790e+00,-9.932321930769191787e-05,1.782394140418828293e-02,9.998411360049739294e-01,6.175907451037588869e-01,0.000000000000000000e+00,0.000000000000000000e+00,0.000000000000000000e+00,1.000000000000000000e+00
9.975180527478739734e-01,-7.036974437570453489e-02,2.415267808884214405e-03,6.332295192162535358e+01,7.039875216938243363e-02,9.973995282260762485e-01,-1.543362521872241981e-02,4.519221076631374956e+00,-1.322926711688823418e-03,1.556535161492073049e-02,9.998779774022517053e-01,6.381132450611571860e-01,0.000000000000000000e+00,0.000000000000000000e+00,0.000000000000000000e+00,1.000000000000000000e+00
9.973457352929993025e-01,-7.277140822148234212e-02,2.409655230658837213e-03,6.414571440961653082e+01,7.279784867646263424e-02,9.972513011244126258e-01,-1.379549324029350627e-02,4.577744471462629861e+00,-1.399114343829669727e-03,1.393429406631406520e-02,9.999019341555074325e-01,6.496288711045368203e-01,0.000000000000000000e+00,0.000000000000000000e+00,0.000000000000000000e+00,1.000000000000000000e+00
9.971417724333314636e-01,-7.551170399610193651e-02,2.503642970099167597e-03,6.495604643398051792e+01,7.553826347681985576e-02,9.970559892664503376e-01,-1.316529600141215159e-02,4.644825222487849459e+00,-1.502138283642514074e-03,1.331678743178479722e-02,9.999101993444570180e-01,6.573698940595491536e-01,0.000000000000000000e+00,0.000000000000000000e+00,0.000000000000000000e+00,1.000000000000000000e+00
9.970541830544354944e-01,-7.661794251374345888e-02,3.556253452003643387e-03,6.576542878181557228e+01,7.666085202185929370e-02,9.969572614346058348e-01,-1.411852117224690790e-02,4.707316566787726586e+00,-2.463700658922631827e-03,1.434955601296757262e-02,9.998940045931328235e-01,6.724308928496277593e-01,0.000000000000000000e+00,0.000000000000000000e+00,0.000000000000000000e+00,1.000000000000000000e+00
9.969563278410727980e-01,-7.779389512591833311e-02,5.117641916239627602e-03,6.652474969306766184e+01,7.785769492285714299e-02,9.968697259021996882e-01,-1.374514172242532507e-02,4.775411727705145104e+00,-4.032334180662166048e-03,1.410175382028320580e-02,9.998924346249677964e-01,6.834794085240358807e-01,0.000000000000000000e+00,0.000000000000000000e+00,0.000000000000000000e+00,1.000000000000000000e+00
9.969396821561715694e-01,-7.793702230242886830e-02,6.090213213271590195e-03,6.732807201095232585e+01,7.800684476083873109e-02,9.968779299093112334e-01,-1.221986211796214847e-02,4.850614098720800627e+00,-5.118819474332297545e-03,1.265754377256141441e-02,9.999067877921585801e-01,6.922244394031439318e-01,0.000000000000000000e+00,0.000000000000000000e+00,0.000000000000000000e+00,1.000000000000000000e+00
9.967846911899309603e-01,-7.950125789190362613e-02,9.991466508998875229e-03,6.807787280485949566e+01,7.960654074643683242e-02,9.967697671374585733e-01,-1.062214625772895868e-02,4.914885538134326382e+00,-9.114717756535288887e-03,1.138337886304983081e-02,9.998936646493351565e-01,7.028557258083475423e-01,0.000000000000000000e+00,0.000000000000000000e+00,0.000000000000000000e+00,1.000000000000000000e+00
9.966341093657716810e-01,-8.121629847859877793e-02,1.115190163753096257e-02,6.878890649808622015e+01,8.130111959042196634e-02,9.966622978945547384e-01,-7.375087042830835021e-03,4.987757507850731464e+00,-1.051570264137944091e-02,8.256925395120157107e-03,9.999106175958808462e-01,7.177084827397093303e-01,0.000000000000000000e+00,0.000000000000000000e+00,0.000000000000000000e+00,1.000000000000000000e+00
9.966467432394099379e-01,-8.144095660845977747e-02,7.914529485668685832e-03,6.946964218002855773e+01,8.148546498704625773e-02,9.966595004312098771e-01,-5.473499434123433975e-03,5.057233984483419320e+00,-7.442323973423743341e-03,6.100064500435112280e-03,9.999536994416109437e-01,7.323603021563209747e-01,0.000000000000000000e+00,0.000000000000000000e+00,0.000000000000000000e+00,1.000000000000000000e+00
9.965306704049570197e-01,-8.318820069145207996e-02,2.519168110317009882e-03,7.016008857592422032e+01,8.320394257829781537e-02,9.965081619946773994e-01,-6.970438825171910643e-03,5.116903039136823317e+00,-1.930513319471717547e-03,7.155860794261048423e-03,9.999725330100897036e-01,7.391369177574679261e-01,0.000000000000000000e+00,0.000000000000000000e+00,0.000000000000000000e+00,1.000000000000000000e+00
9.963876768085025981e-01,-8.487394994742604448e-02,-2.830216330904938415e-03,7.089191982990183760e+01,8.485205694002086185e-02,9.963681153688149772e-01,-7.120892461071346227e-03,5.187467734444553003e+00,3.424315582031763755e-03,6.855019818827337054e-03,9.999706409520613404e-01,7.529592678138302686e-01,0.000000000000000000e+00,0.000000000000000000e+00,0.000000000000000000e+00,1.000000000000000000e+00
9.963701987402259208e-01,-8.498380085547826979e-02,-4.917382893616930109e-03,7.159103591623035356e+01,8.495588714834211019e-02,9.963687976754462827e-01,-5.631718887032463941e-03,5.260356474832233786e+00,5.378131757792503631e-03,5.193516240546110392e-03,9.999720511533577438e-01,7.548776560071301933e-01,0.000000000000000000e+00,0.000000000000000000e+00,0.000000000000000000e+00,1.000000000000000000e+00
9.962391962044836458e-01,-8.660718967122693623e-02,-2.580434672633735542e-03,7.225366383403506632e+01,8.659651137052329362e-02,9.962354488120198637e-01,-3.996842349624739332e-03,5.321079400774268109e+00,2.916875777681303666e-03,3.758354369276352760e-03,9.999886832400310954e-01,7.731362783117836646e-01,0.000000000000000000e+00,0.000000000000000000e+00,0.000000000000000000e+00,1.000000000000000000e+00
9.961242586052811987e-01,-8.794936695846247710e-02,-1.170585190535662363e-03,7.287868302852444913e+01,8.794205133894357485e-02,9.961116209422090639e-01,-5.275815594172640448e-03,5.380855253617665035e+00,1.630038153292487531e-03,5.152424234360485945e-03,9.999853976434489589e-01,7.879853286138858159e-01,0.000000000000000000e+00,0.000000000000000000e+00,0.000000000000000000e+00,1.000000000000000000e+00
9.963457899854456512e-01,-8.531693680783795919e-02,-4.010869233655321893e-03,7.345346330265407175e+01,8.528467444774699702e-02,9.963274534216526312e-01,-7.624294240463132255e-03,5.420493757503637156e+00,4.646620559493012427e-03,7.254367791250809078e-03,9.999628908441172692e-01,8.020421511413697857e-01,0.000000000000000000e+00,0.000000000000000000e+00,0.000000000000000000e+00,1.000000000000000000e+00
9.963583062700622772e-01,-8.478576379562632881e-02,-9.027723093267421214e-03,7.408238146305443195e+01,8.466681692480859667e-02,9.963267020675077301e-01,-1.283093368005401406e-02,5.473726483241529550e+00,1.008244208896821002e-02,1.201985877093656764e-02,9.998769261047321111e-01,8.217727283364364421e-01,0.000000000000000000e+00,0.000000000000000000e+00,0.000000000000000000e+00,1.000000000000000000e+00
9.965492795427596251e-01,-8.219763808451899245e-02,-1.153610576134189367e-02,7.470207213793010226e+01,8.200782371066901721e-02,9.965022467234996295e-01,-1.606203988460363011e-02,5.519078914093900501e+00,1.281601705095085537e-02,1.506056334740500831e-02,9.998044454485122134e-01,8.418991481055825288e-01,0.000000000000000000e+00,0.000000000000000000e+00,0.000000000000000000e+00,1.000000000000000000e+00
9.968343755182184074e-01,-7.854566653526577624e-02,-1.232095993572678884e-02,7.528895053209105015e+01,7.836613622334435980e-02,9.968201443787072513e-01,-1.443428052361876886e-02,5.562448079149262981e+00,1.341553124670007840e-02,1.342304098709058528e-02,9.998199065291840659e-01,8.626373480715739950e-01,0.000000000000000000e+00,0.000000000000000000e+00,0.000000000000000000e+00,1.000000000000000000e+00
9.972692858953458028e-01,-7.308968174107502436e-02,-1.057685363321489783e-02,7.585587847187329658e+01,7.297528418243560966e-02,9.972749927751640708e-01,-1.082574171990122527e-02,5.621385691331517442e+00,1.133928164756700663e-02,1.002433081465325948e-02,9.998854601820321708e-01,8.722490313323716382e-01,0.000000000000000000e+00,0.000000000000000000e+00,0.000000000000000000e+00,1.000000000000000000e+00
9.977937936002161390e-01,-6.591085026087289966e-02,-7.956460945704629459e-03,7.640954823368871018e+01,6.581267925285472220e-02,9.977595079281696977e-01,-1.202728516723018323e-02,5.642112664882330542e+00,8.731363149738075036e-03,1.147711448151449501e-02,9.998960141638347787e-01,8.911792064726770102e-01,0.000000000000000000e+00,0.000000000000000000e+00,0.000000000000000000e+00,1.000000000000000000e+00
9.982709276698911172e-01,-5.855036214217739649e-02,-5.197120560144371376e-03,7.697979830701369508e+01,5.846267943127634453e-02,9.981666436479478266e-01,-1.566737445463633333e-02,5.672965306955312315e+00,6.104922834289105288e-03,1.533644683770775917e-02,9.998637523760824930e-01,9.133246743183119909e-01,0.000000000000000000e+00,0.000000000000000000e+00,0.000000000000000000e+00,1.000000000000000000e+00
9.987214394591208411e-01,-5.035284740433996348e-02,-4.480750269586148034e-03,7.752706305670312759e+01,5.026091634502946603e-02,9.985612231020912777e-01,-1.869021147576974823e-02,5.683648745919531287e+00,5.415408836007247831e-03,1.844110829441331784e-02,9.998152823757051610e-01,9.285760358310860552e-01,0.000000000000000000e+00,0.000000000000000000e+00,0.000000000000000000e+00,1.000000000000000000e+00
9.992381921871337225e-01,-3.885874894075635327e-02,-3.610111542499903556e-03,7.802161782042902871e+01,3.880797589115134172e-02,9.991594238594141419e-01,-1.320555641200266486e-02,5.694135633180895439e+00,4.120228370109432769e-03,1.305539519424885400e-02,9.999062857960733242e-01,9.522189201679356341e-01,0.000000000000000000e+00,0.000000000000000000e+00,0.000000000000000000e+00,1.000000000000000000e+00
9.996957491029501153e-01,-2.448509471670816742e-02,-2.981503346787648442e-03,7.850677146152041530e+01,2.445521212394160745e-02,9.996540849499607750e-01,-9.677450223269013288e-03,5.708168487468865848e+00,3.217425285241233297e-03,9.601592553563279356e-03,9.999487274830481942e-01,9.638410416041628404e-01,0.000000000000000000e+00,0.000000000000000000e+00,0.000000000000000000e+00,1.000000000000000000e+00
9.999854272297307167e-01,-4.956565105409665821e-03,-2.139577185065688614e-03,7.898733277921928675e+01,4.945253715241510264e-03,9.999739378438219362e-01,-5.260047414761788616e-03,5.710621296439101435e+00,2.165593190539759696e-03,5.249390009275504455e-03,9.999838769253540649e-01,9.715197165243675270e-01,0.000000000000000000e+00,0.000000000000000000e+00,0.000000000000000000e+00,1.000000000000000000e+00
9.998008233353955498e-01,1.993963410500228933e-02,-8.512635468801618135e-04,7.947888311082240875e+01,-1.994367626035925198e-02,9.997884106653511793e-01,-5.038221557844507412e-03,5.699011865721812953e+00,7.506231341893289865e-04,5.054195386270321326e-03,9.999869457517460702e-01,9.856771402268902360e-01,0.000000000000000000e+00,0.000000000000000000e+00,0.000000000000000000e+00,1.000000000000000000e+00
9.989411543907419366e-01,4.600618688027875713e-02,-2.886573907916008459e-05,7.997209172545169054e+01,-4.600470038897503527e-02,9.989034256209831097e-01,-8.689869088666779887e-03,5.678544582081972436e+00,-3.709536556090919555e-04,8.681995818615083349e-03,9.999622419581593036e-01,9.981840302269270326e-01,0.000000000000000000e+00,0.000000000000000000e+00,0.000000000000000000e+00,1.000000000000000000e+00
9.972161431304438217e-01,7.456497560741259800e-02,-1.682043672830131164e-04,8.044437600029580437e+01,-7.456339722960030059e-02,9.971744253158506543e-01,-9.135933973969785626e-03,5.643912488821771767e+00,-5.134916006389205791e-04,9.123042730470052111e-03,9.999582523374220822e-01,9.999167834350141115e-01,0.000000000000000000e+00,0.000000000000000000e+00,0.000000000000000000e+00,1.000000000000000000e+00
9.944300571503454922e-01,1.053733337441414147e-01,2.306939879413659553e-03,8.092825833441762029e+01,-1.053479662451250465e-01,9.943926285557659339e-01,-9.225306605419187830e-03,5.604500764007131153e+00,-3.266105322435129861e-03,8.930890750310508525e-03,9.999547848510084158e-01,1.013768491187945431e+00,0.000000000000000000e+00,0.000000000000000000e+00,0.000000000000000000e+00,1.000000000000000000e+00
