1.000000000000000000e+00,2.376885287485409771e-09,-9.412160262237303334e-10,3.664732523757745462e-16,-2.376885288022109367e-09,1.000000000000000000e+00,-5.702190812089123243e-10,-7.940271187270194294e-16,9.412160248683849736e-10,5.702190834460748169e-10,1.000000000000000000e+00,5.253365708371318949e-16,0.000000000000000000e+00,0.000000000000000000e+00,0.000000000000000000e+00,1.000000000000000056e-01
9.999984479162609130e-01,1.036718505194387900e-04,-1.758811307850620745e-03,6.463869213996951135e-01,-1.072311600208426634e-04,9.999979465108130849e-01,-2.023728152531541896e-03,1.689639043847956934e-02,1.758597892508097140e-03,2.023913610912782615e-03,9.999964055471139979e-01,6.724828278775596760e-03,0.000000000000000000e+00,0.000000000000000000e+00,0.000000000000000000e+00,1.000000000000000056e-01
9.999938402928388870e-01,-2.159736845560539329e-03,-2.766751369045975222e-03,1.299192513029400864e+00,2.154523001110552390e-03,9.999959003940334101e-01,-1.886060912110926451e-03,1.694864078223519421e-02,2.770813421700411578e-03,1.880088265065056087e-03,9.999943939148348004e-01,1.130461673200668267e-02,0.000000000000000000e+00,0.000000000000000000e+00,0.000000000000000000e+00,1.000000000000000056e-01
9.999704919071892295e-01,-4.839917753464076725e-03,-5.965778325885734770e-03,2.001290792122647488e+00,4.829025613826988181e-03,9.999866495287854651e-01,-1.838824574295555526e-03,1.803854283594415187e-02,5.974598439636560898e-03,1.809961417747238616e-03,9.999805139167219359e-01,1.891575410201391111e-02,0.000000000000000000e+00,0.000000000000000000e+00,0.000000000000000000e+00,1.000000000000000056e-01
9.999396752259939181e-01,-7.624432348645698680e-03,-7.906575762920036929e-03,2.705901905774488192e+00,7.600166448934977080e-03,9.999663299040032483e-01,-3.094596624218880383e-03,2.233346565370573564e-02,7.929904090362796878e-03,3.034318651537576753e-03,9.999639541160664225e-01,2.342607623907733486e-02,0.000000000000000000e+00,0.000000000000000000e+00,0.000000000000000000e+00,1.000000000000000056e-01
9.999085144060533281e-01,-1.033391350406326695e-02,-8.727717340170415561e-03,3.417568108687164763e+00,1.030714090166746574e-02,9.999420531189499028e-01,-3.106968086795290889e-03,2.171551894049970899e-02,8.759318735640692771e-03,3.016726031599434397e-03,9.999570859288601232e-01,4.357011531670948457e-02,0.000000000000000000e+00,0.000000000000000000e+00,0.000000000000000000e+00,1.000000000000000056e-01
9.998629039380656502e-01,-1.324182829870299526e-02,-9.941192677244527556e-03,4.159938449984305286e+00,1.322277827939245982e-02,9.999106157412760432e-01,-1.979561182722887943e-03,4.112607434402457129e-02,9.966517100394632969e-03,1.847839606076454207e-03,9.999486256931792161e-01,5.806094193213288956e-02,0.000000000000000000e+00,0.000000000000000000e+00,0.000000000000000000e+00,1.000000000000000056e-01
9.998122335257655369e-01,-1.582806679735258501e-02,-1.117899788347291069e-02,4.928222412861385848e+00,1.582361463799803955e-02,9.998746803660514271e-01,-4.866032004222525277e-04,6.235155691193875610e-02,1.118529892351033221e-02,3.096196781078870263e-04,9.999373946521085132e-01,7.251247841067916255e-02,0.000000000000000000e+00,0.000000000000000000e+00,0.000000000000000000e+00,1.000000000000000056e-01
9.997670867436095898e-01,-1.805626916211514402e-02,-1.182131160832716223e-02,5.699383252182125936e+00,1.805141385845716526e-02,9.998369261306071509e-01,-5.173039816353313877e-04,9.090207732419218478e-02,1.182872444123293613e-02,3.037921064887274441e-04,9.999299920436677258e-01,8.583685080314001903e-02,0.000000000000000000e+00,0.000000000000000000e+00,0.000000000000000000e+00,1.000000000000000056e-01
9.997709426181494718e-01,-1.880834989280276773e-02,-1.021314205946315980e-02,6.493537809454604570e+00,1.880257797076060819e-02,9.998229974843866330e-01,-6.608804655143748520e-04,1.179444227174409471e-01,1.022376437865902925e-02,4.686956860657173502e-04,9.999476261116296838e-01,1.032438135420033487e-01,0.000000000000000000e+00,0.000000000000000000e+00,0.000000000000000000e+00,1.000000000000000056e-01
9.997566510341749924e-01,-1.991936756320463950e-02,-9.479320060682033464e-03,7.291530914014351161e+00,1.988923065947388255e-02,9.997968651770245962e-01,-3.262956629912064366e-03,1.373036657143172357e-01,9.542390513133594196e-03,3.073626209608760346e-03,9.999497465399040941e-01,1.169338727762412045e-01,0.000000000000000000e+00,0.000000000000000000e+00,0.000000000000000000e+00,1.000000000000000056e-01
9.997468442111341336e-01,-2.033492799500428647e-02,-9.630067150140463397e-03,8.100864028984073428e+00,2.030252612279279459e-02,9.997879280535678648e-01,-3.450558126910912606e-03,1.689294617412706034e-01,9.698191734108971632e-03,3.254169908266291503e-03,9.999476763587665795e-01,1.391426910549135310e-01,0.000000000000000000e+00,0.000000000000000000e+00,0.000000000000000000e+00,1.000000000000000056e-01
9.997243636302477476e-01,-2.061929967551538734e-02,-1.122680920776021954e-02,8.932026177086225260e+00,2.056528743500516537e-02,9.997764780531732676e-01,-4.905393389777573145e-03,1.819922088035747509e-01,1.132544554583956448e-02,4.673158726615857066e-03,9.999249451187344206e-01,1.512236602991151868e-01,0.000000000000000000e+00,0.000000000000000000e+00,0.000000000000000000e+00,1.000000000000000056e-01
9.997069312645971983e-01,-2.046632794784949971e-02,-1.292984925871543817e-02,9.706785783781018750e+00,2.040347175201553259e-02,9.997794510801114587e-01,-4.974689780843252057e-03,2.308164042591878407e-01,1.302881122692066060e-02,4.709418040692138832e-03,9.999040311248531543e-01,1.778533564068277284e-01,0.000000000000000000e+00,0.000000000000000000e+00,0.000000000000000000e+00,1.000000000000000056e-01
9.996860093379726919e-01,-2.070990475733442207e-02,-1.410611849025167341e-02,1.051071354989171702e+01,2.060669273868436999e-02,9.997601005953928865e-01,-7.423305992847929573e-03,2.686683349105270513e-01,1.425647040092097376e-02,7.130294694620713074e-03,9.998729479035201040e-01,1.964276134051626543e-01,0.000000000000000000e+00,0.000000000000000000e+00,0.000000000000000000e+00,1.000000000000000056e-01
9.996708489194157110e-01,-2.089617677813859764e-02,-1.488434132877282032e-02,1.131881307811628368e+01,2.077210951662572525e-02,9.997485959067634598e-01,-8.441827330872371873e-03,2.992119395538049842e-01,1.505700126067406955e-02,8.129869526120202597e-03,9.998535852486224451e-01,2.305046433781323956e-01,0.000000000000000000e+00,0.000000000000000000e+00,0.000000000000000000e+00,1.000000000000000056e-01
9.996316928212778397e-01,-2.133755742304636882e-02,-1.676864187955207780e-02,1.217403911324004184e+01,2.119683140309414071e-02,9.997389699252416939e-01,-8.525629084439012920e-03,3.184467330770727744e-01,1.694618085986547562e-02,8.167046959264361375e-03,9.998230474930200895e-01,2.471852545049894323e-01,0.000000000000000000e+00,0.000000000000000000e+00,0.000000000000000000e+00,1.000000000000000056e-01
9.996077779083698545e-01,-2.042840743228704209e-02,-1.915647448962464958e-02,1.305281051957744864e+01,2.032235021722179208e-02,9.997771467003208068e-01,-5.714806857081351429e-03,3.465682339442610616e-01,1.926894980894770446e-02,5.323260800077177918e-03,9.998001652668970785e-01,2.753035291198678847e-01,0.000000000000000000e+00,0.000000000000000000e+00,0.000000000000000000e+00,1.000000000000000056e-01
9.996778576482293621e-01,-1.518772066997650314e-02,-2.033504533305169684e-02,1.394098269314487304e+01,1.514244481618195332e-02,9.998825173371106434e-01,-2.378631663684860516e-03,3.732088812954841295e-01,2.036878231106080059e-02,2.069943103896431692e-03,9.997903920536099776e-01,3.073949459870286005e-01,0.000000000000000000e+00,0.000000000000000000e+00,0.000000000000000000e+00,1.000000000000000056e-01
9.994262496148569319e-01,-2.613739072570321620e-02,-2.154085390214878146e-02,1.490159496632991321e+01,2.603043256871042516e-02,9.996474648161089993e-01,-5.230933665418534620e-03,4.244524924925566212e-01,2.166998295033049568e-02,4.667214670241016591e-03,9.997542842849708178e-01,3.278872901265331707e-01,0.000000000000000000e+00,0.000000000000000000e+00,0.000000000000000000e+00,1.000000000000000056e-01
9.993900887145262812e-01,-2.756557725311892248e-02,-2.143803931971531573e-02,1.584455245220449626e+01,2.735974620137215929e-02,9.995772591485702074e-01,-9.836019562228230650e-03,4.632904703556006698e-01,2.170011214182610698e-02,9.243481148050639029e-03,9.997217928950522525e-01,3.423122511963214709e-01,0.000000000000000000e+00,0.000000000000000000e+00,0.000000000000000000e+00,1.000000000000000056e-01
9.993753965747194101e-01,-2.947335749172650884e-02,-1.949712592376354539e-02,1.676221909063064430e+01,2.930433513869858467e-02,9.995309237865017682e-01,-8.898782870779898754e-03,5.050079526507827987e-01,1.975025729455287885e-02,8.321874348206607583e-03,9.997703104934311247e-01,3.750586570065264080e-01,0.000000000000000000e+00,0.000000000000000000e+00,0.000000000000000000e+00,1.000000000000000056e-01
9.993903704092672591e-01,-2.922006598565566465e-02,-1.910694316267015636e-02,1.764710232100064502e+01,2.903968685606645589e-02,9.995316693322959800e-01,-9.650833595879761487e-03,5.390141125125689214e-01,1.937999278970918560e-02,9.090090515923873390e-03,9.997708668159335232e-01,4.078271914032781664e-01,0.000000000000000000e+00,0.000000000000000000e+00,0.000000000000000000e+00,1.000000000000000056e-01
9.993792102307841319e-01,-2.911367340266370410e-02,-1.983905692055762046e-02,1.855895544017969812e+01,2.890413493921360419e-02,9.995241861852508514e-01,-1.076811098232949120e-02,5.689502512017633462e-01,2.014311648950639980e-02,1.018799547089934386e-02,9.997451973409899884e-01,4.272799256064977458e-01,0.000000000000000000e+00,0.000000000000000000e+00,0.000000000000000000e+00,1.000000000000000056e-01
9.993665558413967753e-01,-3.049531877409752956e-02,-1.834455228591064940e-02,1.948977467828176202e+01,3.027939225982805710e-02,9.994702112155149365e-01,-1.193546384475478034e-02,5.996629936957660334e-01,1.869880932251568456e-02,1.137244150040608859e-02,9.997604823677719299e-01,4.541804094504823253e-01,0.000000000000000000e+00,0.000000000000000000e+00,0.000000000000000000e+00,1.000000000000000056e-01
9.993506037375043949e-01,-3.179978409472998535e-02,-1.694533980225666064e-02,2.042733384933930907e+01,3.155206014739006526e-02,9.993941345601893289e-01,-1.469119828828014535e-02,6.167140022486072848e-01,1.740225014016480443e-02,1.414699749836138831e-02,9.997484804448769635e-01,4.870130643233557821e-01,0.000000000000000000e+00,0.000000000000000000e+00,0.000000000000000000e+00,1.000000000000000056e-01
9.994343375450069900e-01,-3.064470608682657096e-02,-1.385304749233666824e-02,2.137444206577758621e+01,3.044743489805313078e-02,9.994350178105557703e-01,-1.423372341106773908e-02,6.589052228532860100e-01,1.428140903768732733e-02,1.380388216647678370e-02,9.998027276383237849e-01,5.065805844270967473e-01,0.000000000000000000e+00,0.000000000000000000e+00,0.000000000000000000e+00,1.000000000000000056e-01
9.995471675330648287e-01,-2.821424984425714017e-02,-1.046020947941024397e-02,2.235119675554044960e+01,2.805819457183043875e-02,9.994970619574304882e-01,-1.477703812790989724e-02,6.992859687901942234e-01,1.087187168782876613e-02,1.447685201244504338e-02,9.998360981489982091e-01,5.359783539666077568e-01,0.000000000000000000e+00,0.000000000000000000e+00,0.000000000000000000e+00,1.000000000000000056e-01
9.996497321483343024e-01,-2.521764614631481771e-02,-8.030151841816501185e-03,2.333691170500367207e+01,2.510088510222286545e-02,9.995823044052982720e-01,-1.432348724573200352e-02,7.256214744316191734e-01,8.388002315711511059e-03,1.411690626989123981e-02,9.998651680974384170e-01,5.563735277372586774e-01,0.000000000000000000e+00,0.000000000000000000e+00,0.000000000000000000e+00,1.000000000000000056e-01
9.997199626136377137e-01,-2.246237669937046003e-02,-7.445668861994761932e-03,2.427042743892542376e+01,2.234398028956520801e-02,9.996283055508005111e-01,-1.562041249311379131e-02,7.625668315899268856e-01,7.793772937828054824e-03,1.544967231533027861e-02,9.998502711550076860e-01,5.707134142182550551e-01,0.000000000000000000e+00,0.000000000000000000e+00,0.000000000000000000e+00,1.000000000000000056e-01
9.997336758742906282e-01,-2.097518766980185217e-02,-9.623867470798635679e-03,2.522385599119235877e+01,2.081766589625213409e-02,9.996522583717939447e-01,-1.618601614987689660e-02,7.883182901737790793e-01,9.960025577824811391e-03,1.598135896564016958e-02,9.998226813070907326e-01,5.947351425372068290e-01,0.000000000000000000e+00,0.000000000000000000e+00,0.000000000000000000e+00,1.000000000000000056e-01
9.997605985577466825e-01,-1.765323498589592074e-02,-1.292705944864653081e-02,2.616789148579983504e+01,1.741948581931941978e-02,9.996866481850175123e-01,-1.797684495108805083e-02,8.124031546411074611e-01,1.324035819933248523e-02,1.774735853972839519e-02,9.997548320361425711e-01,6.128330102754251385e-01,0.000000000000000000e+00,0.000000000000000000e+00,0.000000000000000000e+00,1.000000000000000056e-01
9.997561882558754220e-01,-1.619372086064805108e-02,-1.501091099067734455e-02,2.713384057627079926e+01,1.591815942039139301e-02,9.997058430611440727e-01,-1.829862153481118942e-02,8.307739329762863223e-01,1.530281819632026488e-02,1.805521404178480477e-02,9.997198772662048150e-01,6.374519180786327732e-01,0.000000000000000000e+00,0.000000000000000000e+00,0.000000000000000000e+00,1.000000000000000056e-01
9.997691058619098126e-01,-1.670998362676007903e-02,-1.350967842958701245e-02,2.811524473878176167e+01,1.643645868384254610e-02,9.996626534941662756e-01,-2.011024701332361428e-02,8.477342807425960469e-01,1.384116288509659037e-02,1.988355240383278891e-02,9.997064902028955924e-01,6.625561648475825072e-01,0.000000000000000000e+00,0.000000000000000000e+00,0.000000000000000000e+00,1.000000000000000056e-01
9.998492417696189793e-01,-1.387053265877780626e-02,-1.044519298432578305e-02,2.912257414549689827e+01,1.361100614613882341e-02,9.996066623251373962e-01,-2.452062696768855452e-02,8.614251407106838787e-01,1.078119865357286822e-02,2.437476069545180604e-02,9.996447552989170537e-01,6.858926147459339928e-01,0.000000000000000000e+00,0.000000000000000000e+00,0.000000000000000000e+00,1.000000000000000056e-01
9.998701865812934519e-01,-1.480618553845687406e-02,-6.355065356886020755e-03,3.007905686060213313e+01,1.462669602648998014e-02,9.995170631233087910e-01,-2.741715318380300026e-02,8.614507646487130632e-01,6.757939718447078872e-03,2.732064046021336068e-02,9.996038779714720990e-01,7.085152021587484139e-01,0.000000000000000000e+00,0.000000000000000000e+00,0.000000000000000000e+00,1.000000000000000056e-01
9.998806979354207813e-01,-1.384235444820280589e-02,-6.854131564690865534e-03,3.099651481324132973e+01,1.359063695685043191e-02,9.992771991942365206e-01,-3.550174302241057567e-02,8.553816491902306307e-01,7.340605103318316622e-03,3.540435557742163675e-02,9.993461097752193156e-01,7.392987244481995512e-01,0.000000000000000000e+00,0.000000000000000000e+00,0.000000000000000000e+00,1.000000000000000056e-01
9.998514362466106586e-01,-1.407138534252586753e-02,-9.954976149247396489e-03,3.194851650579307645e+01,1.368395179187326810e-02,9.991851445256655362e-01,-3.797099449030309770e-02,8.655519335252824797e-01,1.048116877774729269e-02,3.782912996312613740e-02,9.992292539889358061e-01,7.523464351221407220e-01,0.000000000000000000e+00,0.000000000000000000e+00,0.000000000000000000e+00,1.000000000000000056e-01
9.998376408611796551e-01,-1.314185134143285201e-02,-1.232816533270445110e-02,3.294108198192689940e+01,1.265098365150258385e-02,9.991558591781016796e-01,-3.908352188223251228e-02,8.904295847939400765e-01,1.283138845956393985e-02,3.892121289720058136e-02,9.991598944397290794e-01,7.692922873796924632e-01,0.000000000000000000e+00,0.000000000000000000e+00,0.000000000000000000e+00,1.000000000000000056e-01
9.998180668629131906e-01,-1.327587700027863145e-02,-1.369614049215377681e-02,3.392117400469132349e+01,1.273106337724034219e-02,9.991531455084250446e-01,-3.912686859313953963e-02,9.118636544714209258e-01,1.420398534890933949e-02,3.894538368656281363e-02,9.991403824737113970e-01,7.856588884288356889e-01,0.000000000000000000e+00,0.000000000000000000e+00,0.000000000000000000e+00,1.000000000000000056e-01
9.998646143209949377e-01,-1.105510838217094345e-02,-1.218760055902930704e-02,3.488813594924491923e+01,1.055350785889445399e-02,9.991246205913932865e-01,-4.047982213370767551e-02,9.113634391567209114e-01,1.262444060543875014e-02,4.034571980722131274e-02,9.991060235994160266e-01,8.156169595613156353e-01,0.000000000000000000e+00,0.000000000000000000e+00,0.000000000000000000e+00,1.000000000000000056e-01
9.998703105477755315e-01,-1.262214764988906293e-02,-1.000217345376980260e-02,3.588022259653601509e+01,1.222139772232905264e-02,9.991581196710898061e-01,-3.916234585727569606e-02,9.395580935605034600e-01,1.048806573241927928e-02,3.903502637422739951e-02,9.991827996884032892e-01,8.296059857059258080e-01,0.000000000000000000e+00,0.000000000000000000e+00,0.000000000000000000e+00,1.000000000000000056e-01
9.998945169980811842e-01,-1.184151966441089610e-02,-8.410308508682450349e-03,3.687462169413029756e+01,1.151375282228271624e-02,9.992111848800033780e-01,-3.800580885400511866e-02,9.577844093058847097e-01,8.853720863073509181e-03,3.790496567386873739e-02,9.992421254151275800e-01,8.569616530742354410e-01,0.000000000000000000e+00,0.000000000000000000e+00,0.000000000000000000e+00,1.000000000000000056e-01
9.999229261040001315e-01,-1.036515617559567379e-02,-6.834134112655143416e-03,3.787669074389593504e+01,1.010247209789242109e-02,9.992488673660071541e-01,-3.741177789497778655e-02,9.738173832528966845e-01,7.216779692186187263e-03,3.733985277431278033e-02,9.992765650637800423e-01,8.715826309697700669e-01,0.000000000000000000e+00,0.000000000000000000e+00,0.000000000000000000e+00,1.000000000000000056e-01
9.999363164160949280e-01,-1.068644793341880748e-02,-3.628077008238276766e-03,3.886980907962337284e+01,1.054459869562556808e-02,9.992562230375979793e-01,-3.709194196833701801e-02,9.803387871646633833e-01,4.021759634735754159e-03,3.705132320444978061e-02,9.993052711250149933e-01,9.068674743076392541e-01,0.000000000000000000e+00,0.000000000000000000e+00,0.000000000000000000e+00,1.000000000000000056e-01
9.999691065609365159e-01,-7.591585219351108978e-03,-2.038076931766532197e-03,3.988533732564002321e+01,7.513150498795342393e-03,9.993210407609757207e-01,-3.606951707443144250e-02,9.963951488828103331e-01,2.310517973295253633e-03,3.605309038428716750e-02,9.993472050195755241e-01,9.218515687504954537e-01,0.000000000000000000e+00,0.000000000000000000e+00,0.000000000000000000e+00,1.000000000000000056e-01
9.999631062653604463e-01,-7.989282275753125523e-03,-3.155546996907570342e-03,4.089735267464749313e+01,7.862196825915865328e-03,9.992308195256927039e-01,-3.841816199511677993e-02,1.013935556812861183e+00,3.460053352466389235e-03,3.839193507405968403e-02,9.992567674787432574e-01,9.534477601445570105e-01,0.000000000000000000e+00,0.000000000000000000e+00,0.000000000000000000e+00,1.000000000000000056e-01
9.999630650858652992e-01,-7.144579528522403654e-03,-4.777389186791339282e-03,4.190698368573796984e+01,6.972758769755262910e-03,9.993607669252145831e-01,-3.506334504558603765e-02,1.022178804527747120e+00,5.024848178826231762e-03,3.502873840159876490e-02,9.993736730506622701e-01,9.866083295861890479e-01,0.000000000000000000e+00,0.000000000000000000e+00,0.000000000000000000e+00,1.000000000000000056e-01
9.999647718144301090e-01,-5.128347704627813676e-03,-6.644936413171338881e-03,4.294169478649411786e+01,4.907249452568050556e-03,9.994474961917765299e-01,-3.287280424300773052e-02,1.029088224888945247e+00,6.809848230681967741e-03,3.283903783318377345e-02,9.994374535513794733e-01,1.012916604274479715e+00,0.000000000000000000e+00,0.000000000000000000e+00,0.000000000000000000e+00,1.000000000000000056e-01
9.999657251398352820e-01,-5.036273832242259448e-03,-6.571490808791300570e-03,4.399228045613894977e+01,4.793500975251763045e-03,9.993239722502897937e-01,-3.645025149847928164e-02,1.030711285203536720e+00,6.750621746448031910e-03,3.641750172360540966e-02,9.993138619444080772e-01,1.039617938350464232e+00,0.000000000000000000e+00,0.000000000000000000e+00,0.000000000000000000e+00,1.000000000000000056e-01
9.999789654184045862e-01,-4.356042954842755284e-03,-4.805581183663652604e-03,4.500820302932961425e+01,4.166947914484309297e-03,9.992429207229126531e-01,-3.868102803986527699e-02,1.050064564195491768e+00,4.970439197414269934e-03,3.866018979413362450e-02,9.992400534702691184e-01,1.065115506868939965e+00,0.000000000000000000e+00,0.000000000000000000e+00,0.000000000000000000e+00,1.000000000000000056e-01
9.999841381989997835e-01,-4.002520059843779100e-03,-3.962724261699483198e-03,4.599660861683371138e+01,3.843396337544728071e-03,9.992169316777927968e-01,-3.937958548549993359e-02,1.050422211524111971e+00,4.117238758714550882e-03,3.936373053443737585e-02,9.992164655686053276e-01,1.082826651903730397e+00,0.000000000000000000e+00,0.000000000000000000e+00,0.000000000000000000e+00,1.000000000000000056e-01
9.999152234456952781e-01,-1.177863627630552218e-02,-5.550644018101018491e-03,4.691352565886598569e+01,1.157734372441811266e-02,9.993202809608552339e-01,-3.499915959854019848e-02,1.046234901314395449e+00,5.959113510569972842e-03,3.493193077669643626e-02,9.993719273515642154e-01,1.109928230922019532e+00,0.000000000000000000e+00,0.000000000000000000e+00,0.000000000000000000e+00,1.000000000000000056e-01
9.998942065232810927e-01,-1.153850255103624350e-02,-8.856563670957946777e-03,4.787333659209546255e+01,1.122694591915635379e-02,9.993431407607135109e-01,-3.445638837488596701e-02,1.058534097687697351e+00,9.248321280445465781e-03,3.435331095240120453e-02,9.993669589195458558e-01,1.120842004950110216e+00,0.000000000000000000e+00,0.000000000000000000e+00,0.000000000000000000e+00,1.000000000000000056e-01
9.999106101949541969e-01,-1.005254859258527221e-02,-8.815774858068212150e-03,4.882336948908752561e+01,9.744726735873411247e-03,9.993643757461373456e-01,-3.429117656739572029e-02,1.086695321952259707e+00,9.154885056492499673e-03,3.420220396885070846e-02,9.993730020984534779e-01,1.147083422616963722e+00,0.000000000000000000e+00,0.000000000000000000e+00,0.000000000000000000e+00,1.000000000000000056e-01
9.999462595587008673e-01,-8.045523898366376686e-03,-6.538160273650826283e-03,4.979759355567487944e+01,7.812682278950107417e-03,9.993606158254275673e-01,-3.489013517644030948e-02,1.108967618607534567e+00,6.814689293820320147e-03,3.483717959627205540e-02,9.993697668669018208e-01,1.167816232836786039e+00,0.000000000000000000e+00,0.000000000000000000e+00,0.000000000000000000e+00,1.000000000000000056e-01
9.999662476585921000e-01,-7.441181334792950144e-03,-3.483154308665468209e-03,5.079962361168181673e+01,7.310592442378091929e-03,9.993210138674214482e-01,-3.611186067112030079e-02,1.131734878588870341e+00,3.749504198782836837e-03,3.608517788970549284e-02,9.993416838874137342e-01,1.198927904064159833e+00,0.000000000000000000e+00,0.000000000000000000e+00,0.000000000000000000e+00,1.000000000000000056e-01
9.999792442405439630e-01,-5.778876009183135654e-03,-2.848803289283177286e-03,5.173780399796875429e+01,5.662871677294760084e-03,9.992164307031790038e-01,-3.917213929779197329e-02,1.140488728377657912e+00,3.072941990509402404e-03,3.915519384283026177e-02,9.992284162405777881e-01,1.222772832338834270e+00,0.000000000000000000e+00,0.000000000000000000e+00,0.000000000000000000e+00,1.000000000000000056e-01
9.999815776050190452e-01,-5.009132605968624578e-03,-3.428270863452675000e-03,5.267782899914969619e+01,4.858230980492422336e-03,9.990764067718831409e-01,-4.269345410625353943e-02,1.147199027975789321e+00,3.638961708724099391e-03,4.267601225886054339e-02,9.990823369149131050e-01,1.239821245767910085e+00,0.000000000000000000e+00,0.000000000000000000e+00,0.000000000000000000e+00,1.000000000000000056e-01
9.999801944271050624e-01,-4.904000761992039284e-03,-3.944810522120676538e-03,5.366442870538597987e+01,4.719094757422038350e-03,9.989490681453944143e-01,-4.559045290539015527e-02,1.158054710303608736e+00,4.164240410870191644e-03,4.557093402569786789e-02,9.989524258310933380e-01,1.267735649120798724e+00,0.000000000000000000e+00,0.000000000000000000e+00,0.000000000000000000e+00,1.000000000000000056e-01
9.999816370771011931e-01,-5.782306407130511673e-03,-1.813957335416955217e-03,5.463172916286403336e+01,5.686270414952575118e-03,9.987775105296082812e-01,-4.910347023425362667e-02,1.171830318039954077e+00,2.095671102222535463e-03,4.909225389908528081e-02,9.987920498130424818e-01,1.271991036282872134e+00,0.000000000000000000e+00,0.000000000000000000e+00,0.000000000000000000e+00,1.000000000000000056e-01
9.999728335527280354e-01,-6.949564118733222995e-03,2.456769237779018403e-03,5.559042170414207362e+01,7.067591936199824065e-03,9.986305160942500203e-01,-5.183764529331228582e-02,1.191185618445961270e+00,-2.093155692117715325e-03,5.185360049110875752e-02,9.986525035343160051e-01,1.291735584821536831e+00,0.000000000000000000e+00,0.000000000000000000e+00,0.000000000000000000e+00,1.000000000000000056e-01
9.999439821297960718e-01,-7.724038803455244954e-03,7.236838188658720368e-03,5.655001264799334848e+01,8.080100456998664388e-03,9.986894789992861732e-01,-5.053747631945139374e-02,1.194193360660416703e+00,-6.837000732113573086e-03,5.059311969721790037e-02,9.986959455511432715e-01,1.322325495846840671e+00,0.000000000000000000e+00,0.000000000000000000e+00,0.000000000000000000e+00,1.000000000000000056e-01
9.999150762312158935e-01,-8.846871976655621903e-03,9.569387741670357453e-03,5.751910290904847045e+01,9.292515051240049853e-03,9.988244938229713377e-01,-4.757393932929577379e-02,1.203076678889700490e+00,-9.137258316598178762e-03,4.765882285069265173e-02,9.988218795736014677e-01,1.322836282134627339e+00,0.000000000000000000e+00,0.000000000000000000e+00,0.000000000000000000e+00,1.000000000000000056e-01
9.999108112194662334e-01,-1.239194069196654889e-02,4.980904768782259615e-03,5.842023815320186486e+01,1.261906462122719917e-02,9.987435153514193642e-01,-4.849896650006466081e-02,1.221563901194893109e+00,-4.373650021913769170e-03,4.855749529553481103e-02,9.988108133355935170e-01,1.337544746180961752e+00,0.000000000000000000e+00,0.000000000000000000e+00,0.000000000000000000e+00,1.000000000000000056e-01
9.998586072550037507e-01,-1.680861684739352532e-02,-4.856930734720630552e-04,5.934164699145722466e+01,1.676633370961994399e-02,9.987214382178503103e-01,-4.769044870837538252e-02,1.242800777424926340e+00,1.286682564489822220e-03,4.767556233277212008e-02,9.988620451314746962e-01,1.347143277507455439e+00,0.000000000000000000e+00,0.000000000000000000e+00,0.000000000000000000e+00,1.000000000000000056e-01
9.998462613945313660e-01,-1.677499147903169577e-02,-5.104237088625493413e-03,6.029800859107612609e+01,1.650133894578360502e-02,9.986321260248363085e-01,-4.961433950091349854e-02,1.258634777616198130e+00,5.929535257914507126e-03,4.952248511528832553e-02,9.987554075346131155e-01,1.368356887387678578e+00,0.000000000000000000e+00,0.000000000000000000e+00,0.000000000000000000e+00,1.000000000000000056e-01
9.998217150543089460e-01,-1.839012780709150738e-02,-4.282674993407727809e-03,6.121329633253350266e+01,1.816909947126016736e-02,9.987331089878789259e-01,-4.692612103944775875e-02,1.284936718847795367e+00,5.140226674357234460e-03,4.683994247054844989e-02,9.988891819711994691e-01,1.381676924085507574e+00,0.000000000000000000e+00,0.000000000000000000e+00,0.000000000000000000e+00,1.000000000000000056e-01
9.998197909415518225e-01,-1.892583631397322386e-02,-1.482687225357950077e-03,6.214609621930202366e+01,1.883656785276903445e-02,9.987429534509828510e-01,-4.645101337469350472e-02,1.316450449812574641e+00,2.359947694245672495e-03,4.641471374278440670e-02,9.989194687236082615e-01,1.412936835340346642e+00,0.000000000000000000e+00,0.000000000000000000e+00,0.000000000000000000e+00,1.000000000000000056e-01
9.997762019063239913e-01,-2.108544573440164147e-02,-1.717579677006900521e-03,6.304454461240536034e+01,2.098431422548252892e-02,9.987235619684133869e-01,-4.594458973166429261e-02,1.340977476670659918e+00,2.684149446561243102e-03,4.589826518841801095e-02,9.989425131580106365e-01,1.437774266518924149e+00,0.000000000000000000e+00,0.000000000000000000e+00,0.000000000000000000e+00,1.000000000000000056e-01
9.997239771943072784e-01,-2.345785452242784772e-02,-1.303258992204974496e-03,6.386185577284128101e+01,2.337767823698432348e-02,9.987551355310119172e-01,-4.406430994215115859e-02,1.365976535583910190e+00,2.335290783645842076e-03,4.402168001831079092e-02,9.990278465114580397e-01,1.455071866647953849e+00,0.000000000000000000e+00,0.000000000000000000e+00,0.000000000000000000e+00,1.000000000000000056e-01
9.996780010786213699e-01,-2.537198367596226606e-02,-3.957319783251536053e-04,6.468522214819095950e+01,2.533118393932996121e-02,9.987445212456098620e-01,-4.321703833107220366e-02,1.392096179137803480e+00,1.491737136293333097e-03,4.319309813181079066e-02,9.990656289724374473e-01,1.472831289171786517e+00,0.000000000000000000e+00,0.000000000000000000e+00,0.000000000000000000e+00,1.000000000000000056e-01
9.996512760522089369e-01,-2.638878527237243504e-02,-9.789274941880928872e-04,6.548350100285244935e+01,2.631933428384350404e-02,9.986672722241456412e-01,-4.439563076744802023e-02,1.416294828050672194e+00,2.149169617679757855e-03,4.435438422786294049e-02,9.990135482913740095e-01,1.483893189723916484e+00,0.000000000000000000e+00,0.000000000000000000e+00,0.000000000000000000e+00,1.000000000000000056e-01
9.996466070598648557e-01,-2.657374974714204335e-02,-7.048532304874635017e-04,6.628922582452869960e+01,2.651225756126702332e-02,9.985666477607970659e-01,-4.649462526754342961e-02,1.440173494502675178e+00,1.939379463978080972e-03,4.645950714483007560e-02,9.989182914548888625e-01,1.500625377864270416e+00,0.000000000000000000e+00,0.000000000000000000e+00,0.000000000000000000e+00,1.000000000000000056e-01
9.996053113940389645e-01,-2.807317276672379597e-02,1.057546044431447807e-03,6.704841249631040512e+01,2.809185494963496038e-02,9.985007623809128985e-01,-4.697951905058577599e-02,1.463804124622356762e+00,2.629036231869667523e-04,4.699068519978571307e-02,9.988952930042965805e-01,1.520089446750689799e+00,0.000000000000000000e+00,0.000000000000000000e+00,0.000000000000000000e+00,1.000000000000000056e-01
9.995034067710774073e-01,-3.122674209944030846e-02,4.222609485277568561e-03,6.784891294064959766e+01,3.138811797424557321e-02,9.984480778426104708e-01,-4.600241191971712884e-02,1.502637674452109495e+00,-2.779550871086137673e-03,4.611210719812675052e-02,9.989324039526916721e-01,1.535583249045754384e+00,0.000000000000000000e+00,0.000000000000000000e+00,0.000000000000000000e+00,1.000000000000000056e-01
9.994547362033159299e-01,-3.216287770848495764e-02,7.468572706289462390e-03,6.859340245267074465e+01,3.246717022963563348e-02,9.984588172316477550e-01,-4.500970061729880206e-02,1.532165012141954774e+00,-6.009420774080643027e-03,4.522764187848011402e-02,9.989586314117677723e-01,1.549598034795637291e+00,0.000000000000000000e+00,0.000000000000000000e+00,0.000000000000000000e+00,1.000000000000000056e-01
9.993588215605041514e-01,-3.454332748108642631e-02,9.418295797793782564e-03,6.932379581835077431e+01,3.491545537014546091e-02,9.984767542774661830e-01,-4.272098013660050736e-02,1.557639636838413777e+00,-7.928224611834656932e-03,4.302243245181348180e-02,9.990426485192879236e-01,1.561480013787119425e+00,0.000000000000000000e+00,0.000000000000000000e+00,0.000000000000000000e+00,1.000000000000000056e-01
9.993922060897586501e-01,-3.417027203950407516e-02,6.900066361399519524e-03,6.999490290156585104e+01,3.442709287701798543e-02,9.985508484650583716e-01,-4.136397352466558014e-02,1.594169117265451963e+00,-5.476648891668031705e-03,4.157638197893539361e-02,9.991203184694319450e-01,1.579676205464969785e+00,0.000000000000000000e+00,0.000000000000000000e+00,0.000000000000000000e+00,1.000000000000000056e-01
9.993743788294888741e-01,-3.532374207247934023e-02,1.756184833745594526e-03,7.068869314674775239e+01,3.536590508704780950e-02,9.985522934830253217e-01,-4.052863107932577758e-02,1.623745709057125008e+00,-3.220194827199950472e-04,4.056538457585627533e-02,9.991768341378144402e-01,1.587196704344953302e+00,0.000000000000000000e+00,0.000000000000000000e+00,0.000000000000000000e+00,1.000000000000000056e-01
9.993923490427895073e-01,-3.458206448848284015e-02,-4.360446129663594558e-03,7.142088315359706030e+01,3.436364580180065881e-02,9.984885436750359222e-01,-4.289251679389083360e-02,1.638079263817289410e+00,5.837167287620915676e-03,4.271661228866625859e-02,9.990701769708852931e-01,1.610118102439271004e+00,0.000000000000000000e+00,0.000000000000000000e+00,0.000000000000000000e+00,1.000000000000000056e-01
9.993165346472735466e-01,-3.634968988735416684e-02,-6.720388802572944617e-03,7.212184384527513714e+01,3.604338903617711198e-02,9.985028391828754124e-01,-4.114552527947269722e-02,1.668634310298553913e+00,8.205954383943012478e-03,4.087517815043893721e-02,9.991305631016491606e-01,1.615237202769522096e+00,0.000000000000000000e+00,0.000000000000000000e+00,0.000000000000000000e+00,1.000000000000000056e-01
9.993057403941509875e-01,-3.707979663762950989e-02,-3.622967928342641416e-03,7.278358722544311377e+01,3.690218497765906241e-02,9.984915064220268865e-01,-4.065636908217662437e-02,1.700173949913790450e+00,5.125032602081049798e-03,4.049444757474254808e-02,9.991666196167904301e-01,1.631753727141591837e+00,0.000000000000000000e+00,0.000000000000000000e+00,0.000000000000000000e+00,1.000000000000000056e-01
9.992546221506559689e-01,-3.860295514018229068e-02,1.093846192154748157e-04,7.338929082925619696e+01,3.857297644613850995e-02,9.983586550610340504e-01,-4.233345429809580451e-02,1.727602403655185581e+00,1.524991355874024323e-03,4.230611916931635574e-02,9.991035315132241745e-01,1.650981248025319648e+00,0.000000000000000000e+00,0.000000000000000000e+00,0.000000000000000000e+00,1.000000000000000056e-01
9.992223188168598558e-01,-3.935764984087830598e-02,-2.394363644148386153e-03,7.398043636345447283e+01,3.921576660780978774e-02,9.982763838152665103e-01,-4.366217088140027236e-02,1.741937021039087874e+00,4.108677113061939834e-03,4.353431882684760668e-02,9.990434834663919350e-01,1.673866525657403903e+00,0.000000000000000000e+00,0.000000000000000000e+00,0.000000000000000000e+00,1.000000000000000056e-01
9.991798471944921545e-01,-4.006595887159117991e-02,-5.861049401883544792e-03,7.462187048508604903e+01,3.971741426860102980e-02,9.979188326718347879e-01,-5.079892127495287679e-02,1.752255503459018593e+00,7.884159067883042896e-03,5.052447267000910458e-02,9.986917030281216023e-01,1.693178597144181508e+00,0.000000000000000000e+00,0.000000000000000000e+00,0.000000000000000000e+00,1.000000000000000056e-01
9.991951950022985862e-01,-3.915320955007249581e-02,-8.717136355854583976e-03,7.524775614889614417e+01,3.862142841096551094e-02,9.977648920324490023e-01,-5.453077566816795507e-02,1.782434144453798996e+00,1.083270750159515995e-02,5.415022076966541364e-02,9.984740387405079964e-01,1.722590443896805601e+00,0.000000000000000000e+00,0.000000000000000000e+00,0.000000000000000000e+00,1.000000000000000056e-01
9.993485685368341809e-01,-3.527908346743335172e-02,-7.604264137855695077e-03,7.585481457962215757e+01,3.483656424067151786e-02,9.980358679984462356e-01,-5.206553543845970911e-02,1.797609582730876010e+00,9.426152729824294890e-03,5.176671187438708355e-02,9.986147180902293918e-01,1.738038572893234379e+00,0.000000000000000000e+00,0.000000000000000000e+00,0.000000000000000000e+00,1.000000000000000056e-01
9.995161169875452778e-01,-3.076674987858812188e-02,-4.575913465983356965e-03,7.642290188063779510e+01,3.051477898043430947e-02,9.984025963488878386e-01,-4.755106589315369336e-02,1.840906527202798681e+00,6.031595635900544733e-03,4.738842375209580127e-02,9.988583268654153136e-01,1.744454521730012475e+00,0.000000000000000000e+00,0.000000000000000000e+00,0.000000000000000000e+00,1.000000000000000056e-01
9.997015179171293564e-01,-2.438122727193876849e-02,-1.559112215808159622e-03,7.698230545360813437e+01,2.427518208936526450e-02,9.984963645746457450e-01,-4.915003017032964355e-02,1.845399508792148868e+00,2.755105935453822357e-03,4.909751203401475222e-02,9.987901900315973025e-01,1.760269329068705702e+00,0.000000000000000000e+00,0.000000000000000000e+00,0.000000000000000000e+00,1.000000000000000056e-01
9.998380691816218802e-01,-1.776758944239912111e-02,2.854501808116011782e-03,7.755952348796779461e+01,1.789628916176301890e-02,9.983681595791128460e-01,-5.422859737125357987e-02,1.838522245786562426e+00,-1.886332262554435337e-03,5.427090107987258411e-02,9.985244669243582560e-01,1.773901722047654061e+00,0.000000000000000000e+00,0.000000000000000000e+00,0.000000000000000000e+00,1.000000000000000056e-01
9.999480598431988998e-01,-8.656625849192450123e-03,5.379632397237011157e-03,7.810737473472121906e+01,8.953996912832981603e-03,9.982787185815532593e-01,-5.796055526353213749e-02,1.825912405493769430e+00,-4.868629695025732465e-03,5.800571399508050452e-02,9.983043792295082097e-01,1.789625289553442578e+00,0.000000000000000000e+00,0.000000000000000000e+00,0.000000000000000000e+00,1.000000000000000056e-01
9.999846083493116877e-01,1.030271252955099930e-03,5.451752527302411618e-03,7.860481052951199388e+01,-7.229387849545399619e-04,9.984261423243052658e-01,-5.607776460344410241e-02,1.834422358965094757e+00,-5.500947553542239778e-03,5.607296019073199078e-02,9.984115197209323389e-01,1.798717317008487138e+00,0.000000000000000000e+00,0.000000000000000000e+00,0.000000000000000000e+00,1.000000000000000056e-01
9.998529942130305326e-01,1.627655863138425738e-02,5.391066903365737163e-03,7.909787680624830841e+01,-1.597963203232835236e-02,9.985620180497825071e-01,-5.117174482521799628e-02,1.846331870824394095e+00,-6.216214551384176452e-03,5.107807501722191890e-02,9.986753170721635042e-01,1.796903352786379138e+00,0.000000000000000000e+00,0.000000000000000000e+00,0.000000000000000000e+00,1.000000000000000056e-01
9.994694406021503719e-01,3.187842569018315558e-02,6.678568554715349354e-03,7.957769776902883052e+01,-3.154196563842807249e-02,9.984638592815466840e-01,-4.555245451415191466e-02,1.834162519467460895e+00,-8.120449869852310043e-03,4.531763105144760023e-02,9.989396231053186970e-01,1.801132415027735911e+00,0.000000000000000000e+00,0.000000000000000000e+00,0.000000000000000000e+00,1.000000000000000056e-01
9.983397022486263372e-01,5.713325063797421860e-02,7.323290630757927321e-03,8.007139790546484903e+01,-5.673245276636634110e-02,9.973034459238432348e-01,-4.655389942356983474e-02,1.818671566613147661e+00,-9.963318585498535593e-03,4.606113784923535764e-02,9.988889346983464979e-01,1.804593393097621679e+00,0.000000000000000000e+00,0.000000000000000000e+00,0.000000000000000000e+00,1.000000000000000056e-01
9.966632115139241188e-01,8.102180370194844716e-02,9.894955261846380065e-03,8.056740360608662854e+01,-8.046065205708835544e-02,9.956073398053001400e-01,-4.787596888170297244e-02,1.781833866970573554e+00,-1.373048743851326171e-02,4.692006234753489519e-02,9.988042758538853150e-01,1.818884605575563862e+00,0.000000000000000000e+00,0.000000000000000000e+00,0.000000000000000000e+00,1.000000000000000056e-01
9.941811972814835752e-01,1.070253055271843806e-01,1.222010428632156441e-02,8.104791512541858367e+01,-1.063542398352310264e-01,9.932451985597535726e-01,-4.639775002158946088e-02,1.734003439555798165e+00,-1.710329328012289568e-02,4.482811076555181379e-02,9.988482957106977755e-01,1.821764084220440116e+00,0.000000000000000000e+00,0.000000000000000000e+00,0.000000000000000000e+00,1.000000000000000056e-01
9.905139321854107282e-01,1.367413781101501080e-01,1.356265678739145518e-02,8.153811663789775821e+01,-1.359988529798675516e-01,9.896587276651837017e-01,-4.560608231683777741e-02,1.665044306200305080e+00,-1.965864020617873881e-02,4.332895416077766487e-02,9.988674284391183544e-01,1.818241200564033377e+00,0.000000000000000000e+00,0.000000000000000000e+00,0.000000000000000000e+00,1.000000000000000056e-01
