9.999933927064329486e-01,-3.558568195558583450e-03,-7.423852607900503905e-04,6.452285485034052748e-01,3.557614984200346397e-03,9.999928506972202147e-01,-1.281378192141803454e-03,1.928327877561256815e-02,7.469398249340799883e-04,1.278728604772081182e-03,9.999989034664253928e-01,1.099643086698153492e-02,0.000000000000000000e+00,0.000000000000000000e+00,0.000000000000000000e+00,1.000000000000000056e-01
9.999540801887858432e-01,-9.490607107503828618e-03,-1.328868138789190186e-03,1.325749062904244990e+00,9.491931048474571905e-03,9.999544570093834572e-01,9.935552526570282442e-04,2.653828866377443141e-02,1.319378175617450227e-03,-1.006123153533297013e-03,9.999986234777673566e-01,1.629512748083621065e-02,0.000000000000000000e+00,0.000000000000000000e+00,0.000000000000000000e+00,1.000000000000000056e-01
9.998855518481856164e-01,-1.504290785494467875e-02,-1.610629850991483585e-03,2.045376589254414679e+00,1.504522057989785347e-02,9.998857866044195131e-01,1.433556473736388986e-03,3.375441166376189073e-02,1.588881037547902608e-03,-1.457624687228183027e-03,9.999976753909579630e-01,1.665239256259947939e-02,0.000000000000000000e+00,0.000000000000000000e+00,0.000000000000000000e+00,1.000000000000000056e-01
9.997934512634319981e-01,-2.021853509761642811e-02,-2.065344828824275912e-03,2.750942964967231674e+00,2.022482527332558969e-02,9.997907392665450477e-01,3.071501183251675905e-03,3.808275028823992353e-02,2.002811378774614279e-03,-3.112638006855045214e-03,9.999931500921490635e-01,1.804291300429824996e-02,0.000000000000000000e+00,0.000000000000000000e+00,0.000000000000000000e+00,1.000000000000000056e-01
9.996778072726378861e-01,-2.530341533249222397e-02,-2.004699249798679982e-03,3.459580121544507225e+00,2.531248367443169472e-02,9.996688414731346173e-01,4.635251664406373623e-03,5.895885273292567064e-02,1.886747678513208326e-03,-4.684502137063282709e-03,9.999872477301525731e-01,2.778266650185564832e-02,0.000000000000000000e+00,0.000000000000000000e+00,0.000000000000000000e+00,1.000000000000000056e-01
9.995667698194034001e-01,-2.937668450519143049e-02,-1.811927229854716059e-03,4.191899156902874068e+00,2.938617375648845675e-02,9.995532537039283350e-01,5.453971199393205238e-03,8.480981769735708442e-02,1.650898166851052541e-03,-5.504853982876147314e-03,9.999834854225693181e-01,3.492557609450466782e-02,0.000000000000000000e+00,0.000000000000000000e+00,0.000000000000000000e+00,1.000000000000000056e-01
9.994084294723943884e-01,-3.430783954669378022e-02,-2.400675979871790596e-03,4.958798488900264090e+00,3.432703975716433487e-02,9.993747202318362666e-01,8.474839411400734296e-03,1.210715718025678622e-01,2.108421455041327181e-03,-8.552234045983889144e-03,9.999612061734147739e-01,4.895485393258205975e-02,0.000000000000000000e+00,0.000000000000000000e+00,0.000000000000000000e+00,1.000000000000000056e-01
9.992940261954420533e-01,-3.752192587440062593e-02,-1.885282148427651090e-03,5.718962613967100594e+00,3.753750942717187095e-02,9.992542168882539988e-01,9.052370797047359224e-03,1.587911248493595329e-01,1.544213750806077475e-03,-9.116748856814980984e-03,9.999572492332727824e-01,4.874138517885970301e-02,0.000000000000000000e+00,0.000000000000000000e+00,0.000000000000000000e+00,1.000000000000000056e-01
9.991475705526320361e-01,-4.128055916816366494e-02,2.183885001264074071e-04,6.513003761956150939e+00,4.127734681231939179e-02,9.991135433167795954e-01,8.264877562613794429e-03,2.039101612521823648e-01,-5.593736754220388812e-04,-8.248817839740992322e-03,9.999658214685830382e-01,5.342552283176503491e-02,0.000000000000000000e+00,0.000000000000000000e+00,0.000000000000000000e+00,1.000000000000000056e-01
9.990461693194744308e-01,-4.360490970166597258e-02,2.315905437082735070e-03,7.327549826282210077e+00,4.359187909027904817e-02,9.990347906010754730e-01,5.406962737415157115e-03,2.382871245237991875e-01,-2.549440225313102850e-03,-5.300850740669921408e-03,9.999827005183453688e-01,6.182554843686042384e-02,0.000000000000000000e+00,0.000000000000000000e+00,0.000000000000000000e+00,1.000000000000000056e-01
9.989284859249882853e-01,-4.609660861242848712e-02,4.121004979750050347e-03,8.141715658099064612e+00,4.606704175569600185e-02,9.989138045865333382e-01,7.002761622102273049e-03,2.878657113117469302e-01,-4.439332324742356096e-03,-6.805415555982662242e-03,9.999669887789400802e-01,6.022038710241887915e-02,0.000000000000000000e+00,0.000000000000000000e+00,0.000000000000000000e+00,1.000000000000000056e-01
9.988909224976787460e-01,-4.701088312307567102e-02,2.627131463175274607e-03,8.954122298437734884e+00,4.699452113938568792e-02,9.988772661546165832e-01,5.976800344592829092e-03,3.247856865176346752e-01,-2.905156556214908217e-03,-5.846710824712639948e-03,9.999786877918529493e-01,5.778676723937341969e-02,0.000000000000000000e+00,0.000000000000000000e+00,0.000000000000000000e+00,1.000000000000000056e-01
9.987732804891277238e-01,-4.944395001847511767e-02,2.688863618079036406e-03,9.730536210748622850e+00,4.942474836347373474e-02,9.987547574734295663e-01,6.791809287530305335e-03,3.803308761079097766e-01,-3.021329209701320226e-03,-6.650581234855912523e-03,9.999733203136197401e-01,7.074047688673640311e-02,0.000000000000000000e+00,0.000000000000000000e+00,0.000000000000000000e+00,1.000000000000000056e-01
9.986123989530787393e-01,-5.251240856601288587e-02,3.965299960045953580e-03,1.055772218376807281e+01,5.248771656084881554e-02,9.986029778851884808e-01,6.093617075412462690e-03,4.298388837454129585e-01,-4.279750857818800068e-03,-5.877032025597445954e-03,9.999735717643567501e-01,7.138237471713008986e-02,0.000000000000000000e+00,0.000000000000000000e+00,0.000000000000000000e+00,1.000000000000000056e-01
9.985478496440153284e-01,-5.365177088953852758e-02,4.866153689447678433e-03,1.137413553061398730e+01,5.362008724128292103e-02,9.985407491313573747e-01,6.423283305656011903e-03,4.902546251234745078e-01,-5.203673274723058344e-03,-6.153032147159437533e-03,9.999675304627875239e-01,8.323325446731540123e-02,0.000000000000000000e+00,0.000000000000000000e+00,0.000000000000000000e+00,1.000000000000000056e-01
9.984321198203405245e-01,-5.587976823555613343e-02,3.279270193459114108e-03,1.223818194356130995e+01,5.585227175577869158e-02,9.984073894074148026e-01,7.950378380266159839e-03,5.477668898021731403e-01,-3.718312894287311397e-03,-7.754758449577243973e-03,9.999630182514795962e-01,8.554124605031895867e-02,0.000000000000000000e+00,0.000000000000000000e+00,0.000000000000000000e+00,1.000000000000000056e-01
9.982720096950891131e-01,-5.873521070376949704e-02,1.780360332012514198e-03,1.312593128512078700e+01,5.871610441014757376e-02,9.982308760471767517e-01,9.356131090501580358e-03,6.199289350758918626e-01,-2.326744984877193636e-03,-9.235427963543584376e-03,9.999546455355390329e-01,8.413234020266481539e-02,0.000000000000000000e+00,0.000000000000000000e+00,0.000000000000000000e+00,1.000000000000000056e-01
9.985040769898372304e-01,-5.464715604688472061e-02,1.815646072534246808e-03,1.399665745218358559e+01,5.462060088176247385e-02,9.984303653558386227e-01,1.238529348549123436e-02,6.688419503840234981e-01,-2.489617237345365976e-03,-1.226759436050823583e-02,9.999216508980178775e-01,8.757728870557907053e-02,0.000000000000000000e+00,0.000000000000000000e+00,0.000000000000000000e+00,1.000000000000000056e-01
9.973842270480902661e-01,-7.226406725739255299e-02,1.614998174144486676e-03,1.498934967558994025e+01,7.223854550607784752e-02,9.973098698877707058e-01,1.243446692078937869e-02,7.829104917532671015e-01,-2.509218772798771716e-03,-1.228527605945139121e-02,9.999213848164730800e-01,8.734567000490997546e-02,0.000000000000000000e+00,0.000000000000000000e+00,0.000000000000000000e+00,1.000000000000000056e-01
9.971688998210888055e-01,-7.511540723022805399e-02,3.443955028213948819e-03,1.596085319639329470e+01,7.507204698142744270e-02,9.971135472401200239e-01,1.134732004674897723e-02,8.531322782302021013e-01,-4.286372781001137992e-03,-1.105664989325446171e-02,9.999296862787504514e-01,9.972054960251117151e-02,0.000000000000000000e+00,0.000000000000000000e+00,0.000000000000000000e+00,1.000000000000000056e-01
9.970393355745611474e-01,-7.673694912966744219e-02,4.899383155918917744e-03,1.687923844909691695e+01,7.667880885367106547e-02,9.969938433704438330e-01,1.111919755257064976e-02,9.411556678919259511e-01,-5.737908139718352236e-03,-1.071059847542372295e-02,9.999261770203230482e-01,1.051631511117270962e-01,0.000000000000000000e+00,0.000000000000000000e+00,0.000000000000000000e+00,1.000000000000000056e-01
9.968376488934147517e-01,-7.922255221353056986e-02,6.203947890145002433e-03,1.775567893632397087e+01,7.915111579044571688e-02,9.968017215121522945e-01,1.101947637308368748e-02,1.017552259625864819e+00,-7.057096979400613243e-03,-1.049357952197051656e-02,9.999200378885501062e-01,1.131228323477509873e-01,0.000000000000000000e+00,0.000000000000000000e+00,0.000000000000000000e+00,1.000000000000000056e-01
9.969192361664099833e-01,-7.822407255314756114e-02,5.747263225366184766e-03,1.865768651507413622e+01,7.816284068797849094e-02,9.968884071766322963e-01,1.020166517891579923e-02,1.106550569847175813e+00,-6.527395879478559496e-03,-9.721013837914025194e-03,9.999314451466139175e-01,1.115254870846066199e-01,0.000000000000000000e+00,0.000000000000000000e+00,0.000000000000000000e+00,1.000000000000000056e-01
9.966359588310969020e-01,-8.172877668673342311e-02,6.096935796792168211e-03,1.958606574267541944e+01,8.167567945008374908e-02,9.966226984082896534e-01,8.501788267563429452e-03,1.195258872366789848e+00,-6.771185360578687445e-03,-7.975216528055509291e-03,9.999452719874939444e-01,1.215357048358498143e-01,0.000000000000000000e+00,0.000000000000000000e+00,0.000000000000000000e+00,1.000000000000000056e-01
9.965856969895603434e-01,-8.214121604657459441e-02,8.352794874897949418e-03,2.051564652005517075e+01,8.207352518796676155e-02,9.965929706829557144e-01,8.147837046816798490e-03,1.276102352000334950e+00,-8.993609901054779032e-03,-7.434474541704423449e-03,9.999319194671387745e-01,1.213984640562718043e-01,0.000000000000000000e+00,0.000000000000000000e+00,0.000000000000000000e+00,1.000000000000000056e-01
9.966005798345115574e-01,-8.156594965443875189e-02,1.158793037970477259e-02,2.143236872163154771e+01,8.147106669467801821e-02,9.966399907714527107e-01,8.437658840580453123e-03,1.364450707532448792e+00,-1.223722048288131657e-02,-7.464894644150059377e-03,9.998972576134035339e-01,1.168234776883054077e-01,0.000000000000000000e+00,0.000000000000000000e+00,0.000000000000000000e+00,1.000000000000000056e-01
9.966761521477931485e-01,-8.013474468182241184e-02,1.466527990351023866e-02,2.237922281655336576e+01,7.999746303996260743e-02,9.967476684550060639e-01,9.720665444260442531e-03,1.460727105853244501e+00,-1.539654659457711031e-02,-8.515170244249749623e-03,9.998452071339205549e-01,1.182619810885521539e-01,0.000000000000000000e+00,0.000000000000000000e+00,0.000000000000000000e+00,1.000000000000000056e-01
9.967275975759538609e-01,-7.885961020338497218e-02,1.775550925874882016e-02,2.333916108410138435e+01,7.867578929324664516e-02,9.968414835012763264e-01,1.082483025544736001e-02,1.538441101444290693e+00,-1.855307008427420704e-02,-9.392478349443933103e-03,9.997837590903860816e-01,1.158375291052228806e-01,0.000000000000000000e+00,0.000000000000000000e+00,0.000000000000000000e+00,1.000000000000000056e-01
9.969036579682707400e-01,-7.657863337159002970e-02,1.785524125910265339e-02,2.426168579099708467e+01,7.640494389041681267e-02,9.970245328354132575e-01,1.021594212141781546e-02,1.614769284967714880e+00,-1.858443646128185925e-02,-8.820081363881963205e-03,9.997883900536908008e-01,1.087506977530133395e-01,0.000000000000000000e+00,0.000000000000000000e+00,0.000000000000000000e+00,1.000000000000000056e-01
9.971259256821226602e-01,-7.399381265675585018e-02,1.627280003831623259e-02,2.522005269829624652e+01,7.385741565834293143e-02,9.972297213593839249e-01,8.829778579117864706e-03,1.687975634094923461e+00,-1.688106882993095290e-02,-7.602534182916057502e-03,9.998286008057364338e-01,9.711464926950065524e-02,0.000000000000000000e+00,0.000000000000000000e+00,0.000000000000000000e+00,1.000000000000000056e-01
9.973913718832516651e-01,-7.105033812719158126e-02,1.273973095700692455e-02,2.616402696105717496e+01,7.095168231099882594e-02,9.974473818587076268e-01,8.036118493937883731e-03,1.768239730791914877e+00,-1.327818022487534978e-02,-7.111249905695922816e-03,9.998865535923034953e-01,9.889881646146966854e-02,0.000000000000000000e+00,0.000000000000000000e+00,0.000000000000000000e+00,1.000000000000000056e-01
9.975174256929074668e-01,-6.959993646513844279e-02,1.071607591627707010e-02,2.712004300230351816e+01,6.952905348699862931e-02,9.975563992836479210e-01,6.851348002052302065e-03,1.836549999270498335e+00,-1.116674349113496584e-02,-6.089260405979892050e-03,9.999191091020870337e-01,9.266150363113964672e-02,0.000000000000000000e+00,0.000000000000000000e+00,0.000000000000000000e+00,1.000000000000000056e-01
9.976470818369413962e-01,-6.757686220894555673e-02,1.156147898100601604e-02,2.807960924939379765e+01,6.751382340001459148e-02,9.977017177102027734e-01,5.759004082513981618e-03,1.901793459617251436e+00,-1.192408286396490907e-02,-4.964893967040485620e-03,9.999165795583896399e-01,1.000180809719787567e-01,0.000000000000000000e+00,0.000000000000000000e+00,0.000000000000000000e+00,1.000000000000000056e-01
9.975361311190543701e-01,-6.841561616933813927e-02,1.552322699050116307e-02,2.907274544969429897e+01,6.834313634086278122e-02,9.976485657534959195e-01,5.153150986229253216e-03,1.954883758036884078e+00,-1.583928114287594738e-02,-4.079548279213486214e-03,9.998662282819209546e-01,9.393905433698118701e-02,0.000000000000000000e+00,0.000000000000000000e+00,0.000000000000000000e+00,1.000000000000000056e-01
9.974522414067893417e-01,-6.866258929826668522e-02,1.935135507993339735e-02,3.002191077626143567e+01,6.865408374445852724e-02,9.976399136356420838e-01,1.104312581443412386e-03,2.010049804727465528e+00,-1.938150917191395692e-02,2.270504926520510065e-04,9.998121351285413905e-01,9.373870621483205989e-02,0.000000000000000000e+00,0.000000000000000000e+00,0.000000000000000000e+00,1.000000000000000056e-01
9.974442333388371384e-01,-6.874237231548575855e-02,1.948044218026186158e-02,3.096877076091602987e+01,6.882976792669558141e-02,9.976209860424484210e-01,-3.851136825679913559e-03,2.062583723127686230e+00,-1.916936165490697869e-02,5.182128532950100105e-03,9.998028211190501668e-01,9.470075729811913701e-02,0.000000000000000000e+00,0.000000000000000000e+00,0.000000000000000000e+00,1.000000000000000056e-01
9.974803578342046340e-01,-6.849916545023720937e-02,1.846077104478779582e-02,3.193331442401204612e+01,6.861811527360467400e-02,9.976256232150162440e-01,-5.888137324208864501e-03,2.106029732418634559e+00,-1.801360572582145006e-02,7.140044640719666463e-03,9.998122472600958766e-01,8.679055151629111453e-02,0.000000000000000000e+00,0.000000000000000000e+00,0.000000000000000000e+00,1.000000000000000056e-01
9.974631884727425124e-01,-6.910378794284988135e-02,1.708373886886955031e-02,3.292482410728229070e+01,6.920426642114688165e-02,9.975881042455584380e-01,-5.361322305535713012e-03,2.186171993494613996e+00,-1.667204699192672071e-02,6.529989257460237090e-03,9.998396881947607673e-01,8.510663693864847779e-02,0.000000000000000000e+00,0.000000000000000000e+00,0.000000000000000000e+00,1.000000000000000056e-01
9.974562218307596595e-01,-6.955056219329214251e-02,1.561425085309837632e-02,3.388398326638005642e+01,6.967626159960091381e-02,9.975402816463782019e-01,-7.655394331343422579e-03,2.257353444463197523e+00,-1.504340721414067911e-02,8.723863333488698565e-03,9.998487836207674562e-01,7.156736904945874833e-02,0.000000000000000000e+00,0.000000000000000000e+00,0.000000000000000000e+00,1.000000000000000056e-01
9.974612558732897094e-01,-6.915971171032619935e-02,1.696989416066410281e-02,3.486310615608427810e+01,6.931423232530797840e-02,9.975570070712755921e-01,-8.692228721811101969e-03,2.330419447540508671e+00,-1.632728479670772850e-02,9.846416563583740636e-03,9.998182174035555869e-01,7.107003462637735691e-02,0.000000000000000000e+00,0.000000000000000000e+00,0.000000000000000000e+00,1.000000000000000056e-01
9.974206371630287560e-01,-6.924001374277279075e-02,1.891806169242345181e-02,3.585857788478197961e+01,6.937282926721589915e-02,9.975699119129357584e-01,-6.456113806262202270e-03,2.406380901358023738e+00,-1.842506772740384879e-02,7.751860610094222712e-03,9.998001928067038468e-01,5.741589268909590149e-02,0.000000000000000000e+00,0.000000000000000000e+00,0.000000000000000000e+00,1.000000000000000056e-01
9.972224471018814596e-01,-7.174958603584632999e-02,1.998469163685107075e-02,3.684458925081980851e+01,7.187897314970526086e-02,9.973963101945237941e-01,-5.832120480003756893e-03,2.483014712429705728e+00,-1.951420546881916379e-02,7.252400570432701934e-03,9.997832757507432166e-01,5.494286545708914477e-02,0.000000000000000000e+00,0.000000000000000000e+00,0.000000000000000000e+00,1.000000000000000056e-01
9.971573891906605480e-01,-7.213145112222893451e-02,2.177601757592722773e-02,3.784245080727600197e+01,7.227675040140493778e-02,9.973668092853321676e-01,-5.959789208430845558e-03,2.551989478614309803e+00,-2.128878892465713504e-02,7.516747634277474999e-03,9.997451105012337136e-01,4.768162238190774838e-02,0.000000000000000000e+00,0.000000000000000000e+00,0.000000000000000000e+00,1.000000000000000056e-01
9.971722704846951446e-01,-7.115357836892166610e-02,2.417914931703782355e-02,3.883145810467490122e+01,7.132280983938527053e-02,9.974339591170309216e-01,-6.209186479720683535e-03,2.621833572967031234e+00,-2.367529879458283443e-02,7.916153448663136583e-03,9.996883588106667551e-01,4.869476066883234033e-02,0.000000000000000000e+00,0.000000000000000000e+00,0.000000000000000000e+00,1.000000000000000056e-01
9.973010816333975903e-01,-6.910905694719908510e-02,2.478892536444322892e-02,3.983446911341582819e+01,6.924953735442200553e-02,9.975875646630176785e-01,-4.853082103989672658e-03,2.695210797563118099e+00,-2.439373175743417277e-02,6.556605644565576332e-03,9.996809274830484870e-01,2.874130116171392038e-02,0.000000000000000000e+00,0.000000000000000000e+00,0.000000000000000000e+00,1.000000000000000056e-01
9.973280343550590121e-01,-6.899652166505285122e-02,2.400566365669102101e-02,4.083178664249643219e+01,6.916331881423937178e-02,9.975861600606310553e-01,-6.187777152164255362e-03,2.773974388160148408e+00,-2.352078272664762451e-02,7.831554993030242356e-03,9.996926725380740342e-01,2.637927267222835506e-02,0.000000000000000000e+00,0.000000000000000000e+00,0.000000000000000000e+00,1.000000000000000056e-01
9.973380987101916340e-01,-6.963852907975692785e-02,2.161462765693423355e-02,4.183098193915256502e+01,6.976147610620761497e-02,9.975512384152075418e-01,-4.986300007903815557e-03,2.847768962381064917e+00,-2.121445998895753887e-02,6.480895300315196728e-03,9.997539420694890877e-01,3.243875785638562770e-02,0.000000000000000000e+00,0.000000000000000000e+00,0.000000000000000000e+00,1.000000000000000056e-01
9.974669519830791087e-01,-6.859302527337052258e-02,1.883285919430615143e-02,4.284397897755383156e+01,6.861893385679435076e-02,9.976426743998321189e-01,-7.322108354470718318e-04,2.912462270432213174e+00,-1.873823945686179868e-02,2.022646829630789754e-03,9.998223778661187167e-01,3.509523770688876415e-02,0.000000000000000000e+00,0.000000000000000000e+00,0.000000000000000000e+00,1.000000000000000056e-01
9.975379154353792854e-01,-6.735197801058134814e-02,1.954017213077154438e-02,4.386504819835587909e+01,6.739373951835309073e-02,9.977253509893443395e-01,-1.485889269792013603e-03,2.990714951409280342e+00,-1.939564751614105201e-02,2.799116155481123133e-03,9.998079684650336141e-01,3.476013962815642511e-02,0.000000000000000000e+00,0.000000000000000000e+00,0.000000000000000000e+00,1.000000000000000056e-01
9.975360122661062201e-01,-6.699443651937471433e-02,2.082425767431224720e-02,4.484562991924799746e+01,6.708914963478397608e-02,9.977394307013196517e-01,-3.882579695007443675e-03,3.064374814244755996e+00,-2.051707175783730117e-02,5.270094805408313300e-03,9.997756127587958952e-01,3.343650988649229244e-02,0.000000000000000000e+00,0.000000000000000000e+00,0.000000000000000000e+00,1.000000000000000056e-01
9.975070335849545167e-01,-6.679948318102683913e-02,2.274965923463547965e-02,4.581913806062005534e+01,6.690447694089866892e-02,9.977518220866150589e-01,-3.884905160273770513e-03,3.134273366887908807e+00,-2.243900429629354723e-02,5.397274273860542398e-03,9.997336447857517738e-01,2.679550780169820054e-02,0.000000000000000000e+00,0.000000000000000000e+00,0.000000000000000000e+00,1.000000000000000056e-01
9.972832754654867848e-01,-7.090126419724963880e-02,1.997696703861120970e-02,4.672205358465502201e+01,7.095319743994800421e-02,9.974778322633162109e-01,-1.902082102156168325e-03,3.201991056216288989e+00,-1.979172175121979294e-02,3.314344355584497061e-03,9.997986311611027910e-01,2.833697623425184692e-02,0.000000000000000000e+00,0.000000000000000000e+00,0.000000000000000000e+00,1.000000000000000056e-01
9.975301579431372634e-01,-6.877369185747787828e-02,1.427456837289103365e-02,4.766320834311513011e+01,6.878481351793007403e-02,9.976314779919778220e-01,-2.890481716669870233e-04,3.271210776268113740e+00,-1.422087983365463194e-02,1.270207791914396665e-03,9.998980713797392950e-01,1.505137702289824006e-02,0.000000000000000000e+00,0.000000000000000000e+00,0.000000000000000000e+00,1.000000000000000056e-01
9.977199180001632417e-01,-6.597980873244892186e-02,1.419965018502218797e-02,4.860587566493398270e+01,6.599768369851229111e-02,9.978194607335227895e-01,-7.934279380433803628e-04,3.347938726011637556e+00,-1.411633706662842290e-02,1.728762878824295678e-03,9.998988650892299823e-01,1.216442749359385525e-02,0.000000000000000000e+00,0.000000000000000000e+00,0.000000000000000000e+00,1.000000000000000056e-01
9.978223219701043423e-01,-6.362596281344611027e-02,1.738823263737145075e-02,4.956919097095870796e+01,6.363947532071133339e-02,9.979729289216171528e-01,-2.243223425838988556e-04,3.428313722442574818e+00,-1.733871272886057524e-02,1.330411842543626540e-03,9.998487880900968072e-01,8.661142977084798633e-03,0.000000000000000000e+00,0.000000000000000000e+00,0.000000000000000000e+00,1.000000000000000056e-01
9.978998346341977355e-01,-6.148920834997053525e-02,2.037148235977662147e-02,5.056750012197136357e+01,6.156043444154207095e-02,9.980991816163458097e-01,-2.887311578158665085e-03,3.511765709792965318e+00,-2.015522136840419004e-02,4.135325050667996299e-03,9.997883106629702477e-01,1.501410234446401426e-02,0.000000000000000000e+00,0.000000000000000000e+00,0.000000000000000000e+00,1.000000000000000056e-01
9.980748307032187849e-01,-5.819280548607073250e-02,2.145296497926255791e-02,5.150109563303983862e+01,5.831421390079439410e-02,9.982853667909410422e-01,-5.077293393987065279e-03,3.566209182341609996e+00,-2.112071906620433676e-02,6.318531533241179138e-03,9.997569661599712276e-01,3.050918144999381545e-03,0.000000000000000000e+00,0.000000000000000000e+00,0.000000000000000000e+00,1.000000000000000056e-01
9.981767825019507434e-01,-5.681565366873758682e-02,2.037381584896268485e-02,5.244314456462743124e+01,5.697363039167283039e-02,9.983492960122858362e-01,-7.258690774946256405e-03,3.611040605374510104e+00,-1.992777744873804394e-02,8.406226856759251367e-03,9.997660821592150304e-01,4.214270366973717902e-03,0.000000000000000000e+00,0.000000000000000000e+00,0.000000000000000000e+00,1.000000000000000056e-01
9.981669407710127562e-01,-5.726328197153865429e-02,1.958762082759310866e-02,5.341893670302032149e+01,5.744822899480751810e-02,9.983078022927959205e-01,-9.012927753404632522e-03,3.680347511784572756e+00,-1.903836487720675721e-02,1.012168064977308872e-02,9.997675190981283322e-01,1.593947894186955802e-02,0.000000000000000000e+00,0.000000000000000000e+00,0.000000000000000000e+00,1.000000000000000056e-01
9.982172098527979376e-01,-5.596629376182789273e-02,2.074068263727241873e-02,5.438366171407470517e+01,5.611493053292909705e-02,9.984021385128398762e-01,-6.654651326144794474e-03,3.723494448423922076e+00,-2.033510572826735530e-02,7.806649444723548492e-03,9.997627417039841591e-01,1.223388153958894498e-02,0.000000000000000000e+00,0.000000000000000000e+00,0.000000000000000000e+00,1.000000000000000056e-01
9.981279074790471162e-01,-5.595930608746968460e-02,2.468271406688609879e-02,5.533366706017682901e+01,5.617578467490816352e-02,9.983875028929019013e-01,-8.165493459310340860e-03,3.781779469304467955e+00,-2.418597791401313687e-02,9.536777730688996910e-03,9.996619870450502710e-01,1.247724989729634588e-02,0.000000000000000000e+00,0.000000000000000000e+00,0.000000000000000000e+00,1.000000000000000056e-01
9.979290660094126686e-01,-5.715866032571009087e-02,2.950367372635921345e-02,5.629655612638022433e+01,5.747649477401769319e-02,9.982963866448700818e-01,-1.003877284773106553e-02,3.834070998132566022e+00,-2.887960806648317072e-02,1.171375096056432273e-02,9.995142601665871762e-01,1.930587409046941039e-02,0.000000000000000000e+00,0.000000000000000000e+00,0.000000000000000000e+00,1.000000000000000056e-01
9.979355581462074909e-01,-5.584698164868299314e-02,3.171334779156791822e-02,5.726029713170230906e+01,5.608376693567327514e-02,9.984040804899207977e-01,-6.625945017951669937e-03,3.897639722986212973e+00,-3.129269681127470198e-02,8.390870146027925788e-03,9.994750424220056884e-01,6.998177913639032875e-03,0.000000000000000000e+00,0.000000000000000000e+00,0.000000000000000000e+00,1.000000000000000056e-01
9.978370497200351741e-01,-5.852187434126739779e-02,2.994014745456235679e-02,5.815381653830693409e+01,5.871877678864226985e-02,9.982580652052299719e-01,-5.739381948992906823e-03,3.954791175237156953e+00,-2.955211428073520677e-02,7.485016786602989927e-03,9.995352155203149902e-01,-4.215050515212218074e-03,0.000000000000000000e+00,0.000000000000000000e+00,0.000000000000000000e+00,1.000000000000000056e-01
9.977144543018536815e-01,-6.243181271470070459e-02,2.584833531024518030e-02,5.906650676017226687e+01,6.258895555321751514e-02,9.980252374776698021e-01,-5.314884796327924363e-03,4.007431389634199093e+00,-2.546547309420532992e-02,6.920557694103131666e-03,9.996517471406184407e-01,-1.222615501357597438e-02,0.000000000000000000e+00,0.000000000000000000e+00,0.000000000000000000e+00,1.000000000000000056e-01
9.977087500307328938e-01,-6.436645633256547760e-02,2.083769208191102104e-02,6.001270328800173814e+01,6.450841774614306245e-02,9.978978212449836072e-01,-6.213082520288043531e-03,4.077993186814430793e+00,-2.039397342358010776e-02,7.543053340839793106e-03,9.997635661466642842e-01,-1.998766947137864750e-02,0.000000000000000000e+00,0.000000000000000000e+00,0.000000000000000000e+00,1.000000000000000056e-01
9.977678682307301594e-01,-6.309415951924457477e-02,2.187254353897563272e-02,6.092255936702354546e+01,6.317401341654682589e-02,9.979980820183700363e-01,-2.978643399392943199e-03,4.146665360327424388e+00,-2.164082149896872850e-02,4.353771033817083885e-03,9.997563300738009362e-01,-4.098565739217786136e-02,0.000000000000000000e+00,0.000000000000000000e+00,0.000000000000000000e+00,1.000000000000000056e-01
9.975800647805587174e-01,-6.536983459195266910e-02,2.368119671462951339e-02,6.184890660931014850e+01,6.544760848149785981e-02,9.978528164253224197e-01,-2.523350174737015381e-03,4.204888656182616202e+00,-2.346539785447502094e-02,4.067121521730591820e-03,9.997163765919104828e-01,-4.045648695350456681e-02,0.000000000000000000e+00,0.000000000000000000e+00,0.000000000000000000e+00,1.000000000000000056e-01
9.975284693693332594e-01,-6.604235532962052235e-02,2.398666504938305397e-02,6.273643485367285422e+01,6.606517710983414449e-02,9.978152970247979869e-01,-1.593636104203053792e-04,4.277832171708939590e+00,-2.392373656269850338e-02,1.743653013137497557e-03,9.997122658560554376e-01,-3.823236915979238287e-02,0.000000000000000000e+00,0.000000000000000000e+00,0.000000000000000000e+00,1.000000000000000056e-01
9.974261008052043298e-01,-6.767171460603432775e-02,2.370047414728005536e-02,6.356860033679200228e+01,6.767088296055071006e-02,9.977073465163057708e-01,8.380374284665376670e-04,4.341003062664558598e+00,-2.370284860234945362e-02,7.679516075259470911e-04,9.997187530593104610e-01,-4.227678828796931770e-02,0.000000000000000000e+00,0.000000000000000000e+00,0.000000000000000000e+00,1.000000000000000056e-01
9.972260039891038819e-01,-7.015414598821938241e-02,2.487353550638260122e-02,6.438312601795747980e+01,7.012687751086092713e-02,9.975361387896271026e-01,1.967958144526664194e-03,4.398460665146853188e+00,-2.495031099005342104e-02,-2.181956587659941412e-04,9.996886687224948442e-01,-4.610698053762159881e-02,0.000000000000000000e+00,0.000000000000000000e+00,0.000000000000000000e+00,1.000000000000000056e-01
9.971346857637306549e-01,-7.117808387199664466e-02,2.561442607549583098e-02,6.518464177692847272e+01,7.115651041688417222e-02,9.974636208568800066e-01,1.753879235889208629e-03,4.446574594452020079e+00,-2.567429594278843388e-02,7.377935511761028482e-05,9.996703582103696473e-01,-5.300956079796147885e-02,0.000000000000000000e+00,0.000000000000000000e+00,0.000000000000000000e+00,1.000000000000000056e-01
9.970703055900873579e-01,-7.181157211555118380e-02,2.634205422480847061e-02,6.597910671625592727e+01,7.178758842306938448e-02,9.974182154404472866e-01,1.856247826518527553e-03,4.505771316091228940e+00,-2.640734479060232939e-02,4.022295927096249113e-05,9.996512644533711578e-01,-5.923842003090514646e-02,0.000000000000000000e+00,0.000000000000000000e+00,0.000000000000000000e+00,1.000000000000000056e-01
9.968282029630057828e-01,-7.485855859681181390e-02,2.701351480930108337e-02,6.672595764908172100e+01,7.483873888349271142e-02,9.971941219188419359e-01,1.745386157303331631e-03,4.565435002164280220e+00,-2.706837527213318620e-02,2.818072344774615566e-04,9.996335446776531963e-01,-6.759770216357713357e-02,0.000000000000000000e+00,0.000000000000000000e+00,0.000000000000000000e+00,1.000000000000000056e-01
9.968601612151687386e-01,-7.379869011689173253e-02,2.869794973684986622e-02,6.751116710154228429e+01,7.374650332060801727e-02,9.972728777904520392e-01,2.874103605255475327e-03,4.638921392898309293e+00,-2.883179200208210030e-02,-7.487059377208303557e-04,9.995839970754671899e-01,-7.957434896946340153e-02,0.000000000000000000e+00,0.000000000000000000e+00,0.000000000000000000e+00,1.000000000000000056e-01
9.966208029318718298e-01,-7.540145347751957272e-02,3.258214199386730292e-02,6.824494178301155500e+01,7.535623339125184506e-02,9.971532469649310171e-01,2.615369262368123088e-03,4.707508925477926987e+00,-3.268659132602019790e-02,-1.512639177478833363e-04,9.994656391626042247e-01,-8.512657727078752623e-02,0.000000000000000000e+00,0.000000000000000000e+00,0.000000000000000000e+00,1.000000000000000056e-01
9.963593616006255482e-01,-7.882205418592755364e-02,3.248240023004262539e-02,6.895927055378410842e+01,7.863457357225198119e-02,9.968788516517149700e-01,7.011345710212044113e-03,4.773666619255228838e+00,-3.293366651170289566e-02,-4.431580245095535081e-03,9.994477148438667413e-01,-8.896284327597613062e-02,0.000000000000000000e+00,0.000000000000000000e+00,0.000000000000000000e+00,1.000000000000000056e-01
9.964141101529708777e-01,-7.924660132158223291e-02,2.964620156177540447e-02,6.961787600462804448e+01,7.899634850139874986e-02,9.968294352342774722e-01,9.521238047490686307e-03,4.830514278306340614e+00,-3.030673211530350228e-02,-7.145154266328321291e-03,9.995151068188021792e-01,-9.231506944214123989e-02,0.000000000000000000e+00,0.000000000000000000e+00,0.000000000000000000e+00,1.000000000000000056e-01
9.965616848387818250e-01,-7.942247571000411732e-02,2.359827670365748781e-02,7.029272402965413846e+01,7.923201249634582999e-02,9.968164645161999848e-01,8.900801379776996161e-03,4.892406967981855814e+00,-2.423007443379977116e-02,-7.000458664769500065e-03,9.996818979412478434e-01,-9.928430723859359153e-02,0.000000000000000000e+00,0.000000000000000000e+00,0.000000000000000000e+00,1.000000000000000056e-01
9.965894695750122656e-01,-8.036130964801219134e-02,1.874804106705612802e-02,7.102863881602739582e+01,8.022796654639879899e-02,9.967463309371108471e-01,7.760486275841404005e-03,4.954513915234347365e+00,-1.931068398647850862e-02,-6.229901689746656854e-03,9.997941217115203782e-01,-1.017939952549729576e-01,0.000000000000000000e+00,0.000000000000000000e+00,0.000000000000000000e+00,1.000000000000000056e-01
9.963570166769788461e-01,-8.360415143122733317e-02,1.682382780507934300e-02,7.174087414507101812e+01,8.346126599356974707e-02,9.964701592136643304e-01,9.024349031653746550e-03,5.019063893806549714e+00,-1.751891541452131607e-02,-7.587335511160568473e-03,9.998177433625290433e-01,-1.108512498330719714e-01,0.000000000000000000e+00,0.000000000000000000e+00,0.000000000000000000e+00,1.000000000000000056e-01
9.963569623404872067e-01,-8.299208641230389205e-02,1.962440288440761571e-02,7.242963779455621420e+01,8.275929347734002628e-02,9.964925120383727464e-01,1.239244909552000493e-02,5.093975193806034696e+00,-2.058404573373190383e-02,-1.072320121914318442e-02,9.997306187252871235e-01,-1.079196837450309698e-01,0.000000000000000000e+00,0.000000000000000000e+00,0.000000000000000000e+00,1.000000000000000056e-01
9.962186602353413356e-01,-8.458649563468843835e-02,1.983697948641251901e-02,7.303841334751759007e+01,8.438022140041177843e-02,9.963727330391832782e-01,1.101612874134568279e-02,5.145548631570453502e+00,-2.069684119181005449e-02,-9.300624294704518125e-03,9.997425364324605823e-01,-1.099685068326086285e-01,0.000000000000000000e+00,0.000000000000000000e+00,0.000000000000000000e+00,1.000000000000000056e-01
9.964240267902404469e-01,-8.249536691120860910e-02,1.826672585077356026e-02,7.363907270157869789e+01,8.236318344305930406e-02,9.965712641821814488e-01,7.875367893231847299e-03,5.193228491232712685e+00,-1.885377543748765344e-02,-6.342700096477312845e-03,9.998021330779600646e-01,-1.066775996785819941e-01,0.000000000000000000e+00,0.000000000000000000e+00,0.000000000000000000e+00,1.000000000000000056e-01
9.965279041985060093e-01,-8.193439201305179054e-02,1.479498425767317334e-02,7.427975571551095868e+01,8.193324026163729956e-02,9.966375845489194862e-01,6.849851999597859680e-04,5.228957223111886599e+00,-1.480136121990332544e-02,5.295941341281576757e-04,9.998903136024925864e-01,-9.538090468609379535e-02,0.000000000000000000e+00,0.000000000000000000e+00,0.000000000000000000e+00,1.000000000000000056e-01
9.967411625560711474e-01,-8.012462248102016071e-02,9.332724074229064443e-03,7.488468108263805334e+01,8.014928137472628056e-02,9.967802218886854249e-01,-2.298248606655091744e-03,5.273695910409335497e+00,-9.118528471560152782e-03,3.038770115858333877e-03,9.999538080905019388e-01,-9.293719166812602905e-02,0.000000000000000000e+00,0.000000000000000000e+00,0.000000000000000000e+00,1.000000000000000056e-01
9.969250898427710617e-01,-7.789744685364623222e-02,8.506057586579827273e-03,7.546469409094977721e+01,7.790426856604505679e-02,9.969607319777794574e-01,-4.731104730413012273e-04,5.315131350972905011e+00,-8.443351299832129592e-03,1.134313895505414688e-03,9.999637109169582372e-01,-8.371823215848324395e-02,0.000000000000000000e+00,0.000000000000000000e+00,0.000000000000000000e+00,1.000000000000000056e-01
9.973544142984266392e-01,-7.189720366982184363e-02,1.072214455705860006e-02,7.604477069608402928e+01,7.186903045171523507e-02,9.974095941968845747e-01,2.990629688948336605e-03,5.375620067688458015e+00,-1.090938776342348718e-02,-2.212127588125617147e-03,9.999380439558048783e-01,-8.958534425826532310e-02,0.000000000000000000e+00,0.000000000000000000e+00,0.000000000000000000e+00,1.000000000000000056e-01
9.977210939811611556e-01,-6.583983354265375565e-02,1.475584440520771694e-02,7.659342173161351752e+01,6.581547008447814762e-02,9.978295354766337777e-01,2.131203426356472613e-03,5.401998458614142962e+00,-1.486413544725074566e-02,-1.155183778018616060e-03,9.998888553373543875e-01,-8.191587584589239690e-02,0.000000000000000000e+00,0.000000000000000000e+00,0.000000000000000000e+00,1.000000000000000056e-01
9.981266027043643740e-01,-5.825034103405114100e-02,1.871317031560082791e-02,7.717964378976554940e+01,5.828756222051791752e-02,9.982987826687231836e-01,-1.449349003731476449e-03,5.415759120075439803e+00,-1.859691007219206951e-02,2.537378876341185672e-03,9.998238428064238903e-01,-7.799015783420494563e-02,0.000000000000000000e+00,0.000000000000000000e+00,0.000000000000000000e+00,1.000000000000000056e-01
9.986134681682141689e-01,-4.774988957222930930e-02,2.216053336205904209e-02,7.772771590971463240e+01,4.784371378578082534e-02,9.988478960687451336e-01,-3.722844373009692905e-03,5.428636043916360343e+00,-2.195723671674809988e-02,4.777924746296330523e-03,9.997474937157299069e-01,-6.982852228181535281e-02,0.000000000000000000e+00,0.000000000000000000e+00,0.000000000000000000e+00,1.000000000000000056e-01
9.991014206063281167e-01,-3.706986380560998995e-02,2.054693504760749315e-02,7.822684112298225045e+01,3.707442401263047471e-02,9.993124945587812391e-01,1.590686567288625373e-04,5.437781463341677224e+00,-2.053870557140257194e-02,6.028400612032308462e-04,9.997888767921514486e-01,-6.247549487939497992e-02,0.000000000000000000e+00,0.000000000000000000e+00,0.000000000000000000e+00,1.000000000000000056e-01
9.995672273943214670e-01,-2.137497523199854976e-02,2.021060001732270447e-02,7.871802594457476232e+01,2.129401429540470764e-02,9.997643815346430873e-01,4.212644043800713688e-03,5.453941390017569724e+00,-2.029588318886014695e-02,-3.780456121173505872e-03,9.997868699263358083e-01,-6.318288249004117008e-02,0.000000000000000000e+00,0.000000000000000000e+00,0.000000000000000000e+00,1.000000000000000056e-01
9.997844478041958416e-01,-2.596088192117205692e-03,2.059898674590441084e-02,7.919511883725499501e+01,2.415965284524809915e-03,9.999586739317414263e-01,8.764333426862587831e-03,5.455406416247339685e+00,-2.062088845329334771e-02,-8.712677818673174659e-03,9.997494027028097641e-01,-6.020631329247556895e-02,0.000000000000000000e+00,0.000000000000000000e+00,0.000000000000000000e+00,1.000000000000000056e-01
9.995443585231204020e-01,2.053576008186551449e-02,2.212143536174325173e-02,7.968375198868615428e+01,-2.072110524665744802e-02,9.997518134714474813e-01,8.182130401614579399e-03,5.455133588650078913e+00,-2.194791885260813022e-02,-8.636782873972176713e-03,9.997218087246207974e-01,-6.679487058100389008e-02,0.000000000000000000e+00,0.000000000000000000e+00,0.000000000000000000e+00,1.000000000000000056e-01
9.986761598290467834e-01,4.618079884342413816e-02,2.265527769177244632e-02,8.017680121477017963e+01,-4.631193974556076925e-02,9.989129761425770138e-01,5.298144107407867613e-03,5.428803598820536536e+00,-2.238597833715727514e-02,-6.340340066787295177e-03,9.997292973909116531e-01,-6.086153971113602429e-02,0.000000000000000000e+00,0.000000000000000000e+00,0.000000000000000000e+00,1.000000000000000056e-01
9.970038000391315824e-01,7.359089232222863763e-02,2.382862301413045739e-02,8.064779830228137314e+01,-7.373535541250066105e-02,9.972640740538716297e-01,5.240607184877361241e-03,5.397107518180316532e+00,-2.337776870712017854e-02,-6.981917264772506682e-03,9.997023220747185412e-01,-6.429647289381287822e-02,0.000000000000000000e+00,0.000000000000000000e+00,0.000000000000000000e+00,1.000000000000000056e-01
9.940735309588916158e-01,1.055832186098143582e-01,2.588433879614659983e-02,8.111299728595558634e+01,-1.057469815064373403e-01,9.943803074153306776e-01,5.037869278736435349e-03,5.341542288791629289e+00,-2.520696231597033266e-02,-7.745203198405324271e-03,9.996522499740680967e-01,-7.247248872926213836e-02,0.000000000000000000e+00,0.000000000000000000e+00,0.000000000000000000e+00,1.000000000000000056e-01
9.894156996214893418e-01,1.426521350658004617e-01,2.658837534877672021e-02,8.158362768365012130e+01,-1.427755688761289943e-01,9.897511471076599898e-01,2.793515915287652415e-03,5.263309118562149003e+00,-2.591737399152471005e-02,-6.560118919641737961e-03,9.996425634021109952e-01,-7.999188594945895459e-02,0.000000000000000000e+00,0.000000000000000000e+00,0.000000000000000000e+00,1.000000000000000056e-01
