1.000000000000000000e+00,-1.410245708515574864e-13,6.065569753766968473e-14,1.046462832889628624e-20,1.410245708515583447e-13,1.000000000000000000e+00,-1.401906614054916309e-14,3.146860587012092215e-20,-6.065569753766771574e-14,1.401906614055771750e-14,1.000000000000000000e+00,-1.844356810418202984e-20,0.000000000000000000e+00,0.000000000000000000e+00,0.000000000000000000e+00,1.000000000000000056e-01
9.999966549588309439e-01,-2.141134446595741557e-03,-1.451073544132128667e-03,6.253726534919911151e-01,2.138364706936142674e-03,9.999958941767556064e-01,-1.907623131296101813e-03,-3.159562833533314293e-03,1.455152063878182829e-03,1.904513825764251721e-03,9.999971276756540739e-01,1.251645572021367267e-02,0.000000000000000000e+00,0.000000000000000000e+00,0.000000000000000000e+00,1.000000000000000056e-01
9.999870161478036090e-01,-4.286926358967129390e-03,-2.754958839120559121e-03,1.256102160386076028e+00,4.286966856749824424e-03,9.999908108766896175e-01,8.794880434114244657e-06,-8.434479449154458353e-03,2.754895820459314030e-03,-2.060518347770640661e-05,9.999962050550216253e-01,1.951480793233978384e-02,0.000000000000000000e+00,0.000000000000000000e+00,0.000000000000000000e+00,1.000000000000000056e-01
9.999636830816344135e-01,-8.375109174407034326e-03,-1.577993703821638748e-03,1.986087804730801043e+00,8.375940242620014478e-03,9.999647855810108732e-01,5.207907208446597123e-04,-6.773285521372070066e-03,1.573576456546097943e-03,-5.339889882970058621e-04,9.999986193554948333e-01,2.649742425802260187e-02,0.000000000000000000e+00,0.000000000000000000e+00,0.000000000000000000e+00,1.000000000000000056e-01
9.999079110831429196e-01,-1.332873147979422510e-02,-2.552306894778944360e-03,2.702565047457575975e+00,1.332477755120691984e-02,9.999100043834389107e-01,-1.559947794680155994e-03,-9.024185270962232358e-03,2.572869323624084326e-03,1.525795219162049332e-03,9.999955261361886949e-01,2.484980427874568937e-02,0.000000000000000000e+00,0.000000000000000000e+00,0.000000000000000000e+00,1.000000000000000056e-01
9.997970614605916628e-01,-1.995076198257757921e-02,-2.793383446741314058e-03,3.449169370668254686e+00,1.995069804090248561e-02,9.998009637280187434e-01,-5.075633553339262155e-05,-4.967239536841781128e-03,2.793840089683195457e-03,-4.983914541597613045e-06,9.999960972087410527e-01,3.524884226236775497e-02,0.000000000000000000e+00,0.000000000000000000e+00,0.000000000000000000e+00,1.000000000000000056e-01
9.997039864566996670e-01,-2.419675724214809601e-02,-2.540945010689644665e-03,4.197349305136045317e+00,2.419836804036994485e-02,9.997069934842800487e-01,6.051138772809816968e-04,1.548767519285632749e-02,2.525558703653003716e-03,-6.664214779170772726e-04,9.999965887120056962e-01,5.165033346730278641e-02,0.000000000000000000e+00,0.000000000000000000e+00,0.000000000000000000e+00,1.000000000000000056e-01
9.995418042538841696e-01,-3.005914038429656487e-02,-3.553818825857087398e-03,4.965402355602996032e+00,3.006857057530581273e-02,9.995443768068347223e-01,2.630562182161904836e-03,3.827972109020987002e-02,3.473127185652493277e-03,-2.736215121937279025e-03,9.999902252094061694e-01,6.653683741216503966e-02,0.000000000000000000e+00,0.000000000000000000e+00,0.000000000000000000e+00,1.000000000000000056e-01
9.994200994693206441e-01,-3.387880096085581216e-02,-3.419301418106931913e-03,5.750957279008908962e+00,3.388436794619803516e-02,9.994245054604281586e-01,1.583506888287662326e-03,8.700510926835608450e-02,3.363686314123219469e-03,-1.698449479172901757e-03,9.999929004166714375e-01,6.355374038846821338e-02,0.000000000000000000e+00,0.000000000000000000e+00,0.000000000000000000e+00,1.000000000000000056e-01
9.993533329007013855e-01,-3.590890099351049664e-02,-1.861947823721965718e-03,6.539539790851262246e+00,3.591151438617872643e-02,9.993540073288444958e-01,1.389665524882330956e-03,1.235778413343225357e-01,1.810843657326673042e-03,-1.455632239966265498e-03,9.999973009863729612e-01,6.699947808783206227e-02,0.000000000000000000e+00,0.000000000000000000e+00,0.000000000000000000e+00,1.000000000000000056e-01
9.993125388640961004e-01,-3.699891743993991705e-02,2.351547844939293284e-03,7.326187486684105465e+00,3.699924241243914697e-02,9.993152891197819576e-01,-9.482801325006443753e-05,1.664270699278528054e-01,-2.346429180711277675e-03,1.817683114357177758e-04,9.999972306113557030e-01,8.163305139233190122e-02,0.000000000000000000e+00,0.000000000000000000e+00,0.000000000000000000e+00,1.000000000000000056e-01
9.990736383882820038e-01,-4.292336525998554503e-02,3.074051456663113528e-03,8.128390086926474467e+00,4.292097910169733604e-02,9.990781186669855929e-01,8.380655035725002476e-04,2.084123658816811886e-01,-3.107190137730126474e-03,-7.053478535329057520e-04,9.999949239140434321e-01,7.317231577626764905e-02,0.000000000000000000e+00,0.000000000000000000e+00,0.000000000000000000e+00,1.000000000000000056e-01
9.989547124092292840e-01,-4.557662812176843659e-02,3.500503455791320780e-03,8.962528448000503190e+00,4.556052104555347038e-02,9.989512136984498580e-01,4.550996863500147982e-03,2.615066564742056787e-01,-3.704251267349439013e-03,-4.386755001585482608e-03,9.999835173157127777e-01,7.872031730831687002e-02,0.000000000000000000e+00,0.000000000000000000e+00,0.000000000000000000e+00,1.000000000000000056e-01
9.989602111325257550e-01,-4.553090964591793161e-02,2.330845527886890676e-03,9.743210177566085761e+00,4.552675870931276875e-02,9.989614906369601588e-01,1.804013804422198485e-03,3.073091861316246121e-01,-2.410563312511516346e-03,-1.696022169014802959e-03,9.999956563372255358e-01,9.732736994877605463e-02,0.000000000000000000e+00,0.000000000000000000e+00,0.000000000000000000e+00,1.000000000000000056e-01
9.988963809386011139e-01,-4.685428810509266462e-02,3.270448582398458905e-03,1.052503520332468945e+01,4.685285355747782765e-02,9.989016698317143561e-01,5.139269736497519133e-04,3.587395947443019484e-01,-3.290936232544947222e-03,-3.601299455470890793e-04,9.999945200075526230e-01,9.738466591089504909e-02,0.000000000000000000e+00,0.000000000000000000e+00,0.000000000000000000e+00,1.000000000000000056e-01
9.987211333297264515e-01,-5.050069374357467333e-02,2.403699649372232228e-03,1.128528109462986073e+01,5.050571943003993869e-02,9.987216096976501145e-01,-2.078130840109986433e-03,4.059629572804606679e-01,-2.295679733935241263e-03,2.196873767927381201e-03,9.999949517873613081e-01,1.080478962761921430e-01,0.000000000000000000e+00,0.000000000000000000e+00,0.000000000000000000e+00,1.000000000000000056e-01
9.984741543492320348e-01,-5.520648320108735574e-02,1.267796968786339632e-03,1.211387894799826803e+01,5.520436979376061593e-02,9.984737201126585582e-01,1.645539444113797937e-03,4.688438859646785195e-01,-1.356706401449843478e-03,-1.573040672221539659e-03,9.999978424430643331e-01,1.192655965226658704e-01,0.000000000000000000e+00,0.000000000000000000e+00,0.000000000000000000e+00,1.000000000000000056e-01
9.983696761817052456e-01,-5.705222676354810424e-02,-1.741580362115240088e-03,1.295744249732155851e+01,5.705620883500329282e-02,9.983682500160198092e-01,2.329462025174742091e-03,5.344370856590930918e-01,1.605837542689914858e-03,-2.425032220595074468e-03,9.999957702433123208e-01,1.218389758362264791e-01,0.000000000000000000e+00,0.000000000000000000e+00,0.000000000000000000e+00,1.000000000000000056e-01
9.983440564939067841e-01,-5.745941856686083427e-02,-2.749560191970928155e-03,1.384465898737656531e+01,5.747079364566110016e-02,9.983381240059646666e-01,4.254178415283475963e-03,5.860756910294772082e-01,2.500548145671858697e-03,-4.405153142572010815e-03,9.999871708600873710e-01,1.322145758399283222e-01,0.000000000000000000e+00,0.000000000000000000e+00,0.000000000000000000e+00,1.000000000000000056e-01
9.977892956309802885e-01,-6.632176960882835148e-02,-4.236083118376506376e-03,1.477051003549981090e+01,6.635452596495983180e-02,9.977630113295266057e-01,8.127121667622494786e-03,6.801159072083855506e-01,3.687601957610538595e-03,-8.390238291512369315e-03,9.999580018646851975e-01,1.474691922144455158e-01,0.000000000000000000e+00,0.000000000000000000e+00,0.000000000000000000e+00,1.000000000000000056e-01
9.974657809526487062e-01,-7.107160963720178526e-02,-3.292739300299560214e-03,1.572568700233325778e+01,7.108742021079837714e-02,9.974577421664546639e-01,4.962991030812990111e-03,7.490432000059455975e-01,2.931640546844675992e-03,-5.184486066695875688e-03,9.999822631366660497e-01,1.383777759343054470e-01,0.000000000000000000e+00,0.000000000000000000e+00,0.000000000000000000e+00,1.000000000000000056e-01
9.970448954115471718e-01,-7.680213690380677249e-02,-1.705374089728035935e-03,1.665074274287952250e+01,7.680524218192916197e-02,9.970444227842286677e-01,1.836782033720624728e-03,8.457528392754773972e-01,1.559264939707805152e-03,-1.962335820677138173e-03,9.999968589605542357e-01,1.485882383144234709e-01,0.000000000000000000e+00,0.000000000000000000e+00,0.000000000000000000e+00,1.000000000000000056e-01
9.968947978138525956e-01,-7.874327046721488199e-02,5.093601919089610960e-04,1.754607093538892215e+01,7.874064312131642818e-02,9.968872248873325015e-01,3.971394877679185892e-03,9.440999262386692292e-01,-8.204952891654071923e-04,-3.918955544531652416e-03,9.999919842553340876e-01,1.770166154318811857e-01,0.000000000000000000e+00,0.000000000000000000e+00,0.000000000000000000e+00,1.000000000000000056e-01
9.967842331803148381e-01,-8.012277040783852278e-02,1.238606194266177098e-03,1.848064429831273614e+01,8.011421839071883322e-02,9.967684549020999762e-01,5.861682670062188030e-03,1.022431483785565476e+00,-1.704257837267865970e-03,-5.743602898276741614e-03,9.999820531044399941e-01,1.932685551505116950e-01,0.000000000000000000e+00,0.000000000000000000e+00,0.000000000000000000e+00,1.000000000000000056e-01
9.964797117871396770e-01,-8.382455752413874028e-02,1.275755658997242570e-03,1.941941922299661627e+01,8.381852705641028300e-02,9.964721324682431769e-01,4.212331454898615886e-03,1.107870246867545205e+00,-1.624351782381299077e-03,-4.090570873908246953e-03,9.999903143087000013e-01,2.111674194788770720e-01,0.000000000000000000e+00,0.000000000000000000e+00,0.000000000000000000e+00,1.000000000000000056e-01
9.963780316719337282e-01,-8.502827302737601955e-02,1.005379304015488820e-03,2.035591193801380072e+01,8.502221146622519765e-02,9.963663944877887424e-01,5.023095937424029017e-03,1.182696345171170060e+00,-1.428831325044548767e-03,-4.919422871240069356e-03,9.999868787737459241e-01,2.191167746991519172e-01,0.000000000000000000e+00,0.000000000000000000e+00,0.000000000000000000e+00,1.000000000000000056e-01
9.966170021740332619e-01,-8.208201915906461477e-02,4.134381261318437716e-03,2.128379897361147144e+01,8.205654276117956003e-02,9.966096437525465701e-01,5.995145494891722555e-03,1.275308654502772754e+00,-4.612457883352853900e-03,-5.635610897955753255e-03,9.999734822094439313e-01,2.326521948518881222e-01,0.000000000000000000e+00,0.000000000000000000e+00,0.000000000000000000e+00,1.000000000000000056e-01
9.967597664918780298e-01,-8.004930414214633805e-02,7.878883767065709282e-03,2.222843525316609004e+01,8.000283779839478804e-02,9.967762972327529614e-01,6.046422013566707734e-03,1.363198042228106699e+00,-8.337496462398771846e-03,-5.396497134305138291e-03,9.999506807695162092e-01,2.239895562262831652e-01,0.000000000000000000e+00,0.000000000000000000e+00,0.000000000000000000e+00,1.000000000000000056e-01
9.967959262847743140e-01,-7.910947357776214328e-02,1.181408195029160467e-02,2.318951735319069485e+01,7.904176246849990706e-02,9.968526842298093271e-01,6.093088682875986636e-03,1.450532334280421276e+00,-1.225892034202406659e-02,-5.139760118284302653e-03,9.999116469658578810e-01,2.336742519001665241e-01,0.000000000000000000e+00,0.000000000000000000e+00,0.000000000000000000e+00,1.000000000000000056e-01
9.968919812866757768e-01,-7.723206331482247722e-02,1.554303839220070281e-02,2.412016310110792361e+01,7.715700544402324945e-02,9.970044770687171987e-01,5.373008081572559769e-03,1.527224102463408340e+00,-1.591144736462212286e-02,-4.157054374064498431e-03,9.998647632263545360e-01,2.398444900012034475e-01,0.000000000000000000e+00,0.000000000000000000e+00,0.000000000000000000e+00,1.000000000000000056e-01
9.971161067840095260e-01,-7.495281307709739105e-02,1.189728556139522594e-02,2.507936731734795188e+01,7.491012118954026855e-02,9.971822872657639669e-01,3.994960173498595356e-03,1.591748681669667986e+00,-1.216319593150072889e-02,-3.092212031725407023e-03,9.999212443435147035e-01,2.425818964668035316e-01,0.000000000000000000e+00,0.000000000000000000e+00,0.000000000000000000e+00,1.000000000000000056e-01
9.971837749547870500e-01,-7.446118231870395288e-02,8.947138907007561384e-03,2.604290400727294497e+01,7.442629977082847181e-02,9.972177944959510487e-01,4.170880369174817526e-03,1.665239046684031221e+00,-9.232814811493622945e-03,-3.493231789034372849e-03,9.999512750441017506e-01,2.358998037052252583e-01,0.000000000000000000e+00,0.000000000000000000e+00,0.000000000000000000e+00,1.000000000000000056e-01
9.973401253223806995e-01,-7.246338142995858989e-02,7.857020661441073070e-03,2.698520621476395576e+01,7.243226839349697910e-02,9.973645950547291861e-01,4.175048106139522298e-03,1.741541671566969374e+00,-8.138852333738429493e-03,-3.594841172081408680e-03,9.999604173164241550e-01,2.494941887867933583e-01,0.000000000000000000e+00,0.000000000000000000e+00,0.000000000000000000e+00,1.000000000000000056e-01
9.973785189833225262e-01,-7.185010571626279652e-02,8.582084781454838579e-03,2.794056664522349109e+01,7.184520943459077325e-02,9.974154075599268587e-01,8.778629532521728136e-04,1.810496280386261647e+00,-8.622978136004183503e-03,-2.589799736759406030e-04,9.999627878963492922e-01,2.592944198049232929e-01,0.000000000000000000e+00,0.000000000000000000e+00,0.000000000000000000e+00,1.000000000000000056e-01
9.975020053697144506e-01,-6.921455326962895616e-02,1.411009918760120462e-02,2.894415595787531004e+01,6.928016135181565283e-02,9.975883400984588700e-01,-4.214610618771958729e-03,1.897357890590468665e+00,-1.378435803599996519e-02,5.181632492484656606e-03,9.998915652000711640e-01,2.644009114104832192e-01,0.000000000000000000e+00,0.000000000000000000e+00,0.000000000000000000e+00,1.000000000000000056e-01
9.974044140949995807e-01,-6.982789264614119862e-02,1.756417240889848047e-02,2.992379319235621082e+01,6.998860036194329282e-02,9.975097908702200700e-01,-8.707062502708900337e-03,1.931588394842512102e+00,-1.691243812070641200e-02,9.913754417417576514e-03,9.998078249894648550e-01,2.602842697777583703e-01,0.000000000000000000e+00,0.000000000000000000e+00,0.000000000000000000e+00,1.000000000000000056e-01
9.972297665452044546e-01,-7.159448599356051102e-02,2.017479346895360848e-02,3.083923684686400790e+01,7.189361658760524965e-02,9.973067163720230610e-01,-1.451280032273761025e-02,1.986523779647698218e+00,-1.908142054857227959e-02,1.592303534415186878e-02,9.996911304674446219e-01,2.686122412818586214e-01,0.000000000000000000e+00,0.000000000000000000e+00,0.000000000000000000e+00,1.000000000000000056e-01
9.974458471462950282e-01,-7.010497960953515628e-02,1.367749408906653724e-02,3.175430120406957002e+01,7.029165459608574529e-02,9.974326602921536056e-01,-1.368106270221372371e-02,2.052149414575182185e+00,-1.268326869361237688e-02,1.460753286711981812e-02,9.998128598286689650e-01,2.541636367729081525e-01,0.000000000000000000e+00,0.000000000000000000e+00,0.000000000000000000e+00,1.000000000000000056e-01
9.974863859485192386e-01,-6.988247412338845221e-02,1.171962703141898703e-02,3.274052694851831546e+01,7.005338807203211060e-02,9.974324266748900714e-01,-1.486865955859304617e-02,2.101355562767944551e+00,-1.065047731282002703e-02,1.565228506749135468e-02,9.998207705909970544e-01,2.584538070707459445e-01,0.000000000000000000e+00,0.000000000000000000e+00,0.000000000000000000e+00,1.000000000000000056e-01
9.973007719951167971e-01,-7.277431061742173357e-02,9.750379074842496774e-03,3.368969882930997528e+01,7.286889349638250857e-02,9.972941245525590581e-01,-9.723862070063246654e-03,2.182843616407966980e+00,-9.016348404812891959e-03,1.040811448360216482e-02,9.999051838121149061e-01,2.473821968329736887e-01,0.000000000000000000e+00,0.000000000000000000e+00,0.000000000000000000e+00,1.000000000000000056e-01
9.969806406769156082e-01,-7.682309527578098929e-02,1.130549192628262957e-02,3.464338148530572425e+01,7.695592131483028342e-02,9.969643845230149459e-01,-1.182379665046814736e-02,2.261771307362415939e+00,-1.036283214341590132e-02,1.265812090692175658e-02,9.998661828890269554e-01,2.598844458719228312e-01,0.000000000000000000e+00,0.000000000000000000e+00,0.000000000000000000e+00,1.000000000000000056e-01
9.969439558208921248e-01,-7.722845611506214125e-02,1.176921910217137469e-02,3.562120817914045290e+01,7.736515126519576124e-02,9.969348904606227801e-01,-1.163862328539809997e-02,2.338112911279955686e+00,-1.083431224879418016e-02,1.251358255456665007e-02,9.998630045810004141e-01,2.521231426773090090e-01,0.000000000000000000e+00,0.000000000000000000e+00,0.000000000000000000e+00,1.000000000000000056e-01
9.969757938966332667e-01,-7.673447651617680554e-02,1.229172477588289999e-02,3.659869723442502476e+01,7.686749973267072156e-02,9.969834525841795303e-01,-1.074163666193487555e-02,2.411907336564978799e+00,-1.143039233909368818e-02,1.165398588970594472e-02,9.998667564950126652e-01,2.541774713504655892e-01,0.000000000000000000e+00,0.000000000000000000e+00,0.000000000000000000e+00,1.000000000000000056e-01
9.969042917264827608e-01,-7.760010486322121981e-02,1.265135813012716916e-02,3.759643023935848305e+01,7.771368239426668101e-02,9.969373472850924234e-01,-8.746951290944189952e-03,2.495747163608026398e+00,-1.193384707639190932e-02,9.703056909045588638e-03,9.998817099940258135e-01,2.567100120164227395e-01,0.000000000000000000e+00,0.000000000000000000e+00,0.000000000000000000e+00,1.000000000000000056e-01
9.967889929442306229e-01,-7.857912180665796442e-02,1.539562149836368535e-02,3.858811810041417800e+01,7.874380259571114871e-02,9.968406506800591149e-01,-1.039859146827397558e-02,2.576653028445744287e+00,-1.452986916644958756e-02,1.157751129780472225e-02,9.998274071729355006e-01,2.734125247463858321e-01,0.000000000000000000e+00,0.000000000000000000e+00,0.000000000000000000e+00,1.000000000000000056e-01
9.966542691043011049e-01,-8.030996247359747930e-02,1.518478856161004260e-02,3.960842009001634523e+01,8.042507764348982846e-02,9.967351717828079050e-01,-7.127707705501079051e-03,2.632535544446587217e+00,-1.456278689709043957e-02,8.325098112682735932e-03,9.998592990912291700e-01,2.658046510475764457e-01,0.000000000000000000e+00,0.000000000000000000e+00,0.000000000000000000e+00,1.000000000000000056e-01
9.963247002274582265e-01,-8.395467782284631031e-02,1.699128565846804231e-02,4.062480578109435214e+01,8.415735441520212634e-02,9.963851197258996040e-01,-1.158589170667344639e-02,2.724782331935809321e+00,-1.595717438958548298e-02,1.297325173064885206e-02,9.997885092983583855e-01,2.769729864784403750e-01,0.000000000000000000e+00,0.000000000000000000e+00,0.000000000000000000e+00,1.000000000000000056e-01
9.964301033348581527e-01,-8.296174089170472998e-02,1.563325674009264157e-02,4.164707541314151484e+01,8.316362373855047674e-02,9.964544901224251516e-01,-1.273816319295873259e-02,2.818100438935151608e+00,-1.452104867965148781e-02,1.399280754799737958e-02,9.997966495653842767e-01,2.895043866728648774e-01,0.000000000000000000e+00,0.000000000000000000e+00,0.000000000000000000e+00,1.000000000000000056e-01
9.962910456720457386e-01,-8.471179747617535449e-02,1.510177744694987667e-02,4.270445408918785546e+01,8.490977583818745678e-02,9.963039854630028058e-01,-1.298839934885657500e-02,2.908038297003243233e+00,-1.394569040279142885e-02,1.422251450665714366e-02,9.998015992187136991e-01,2.983498855683855977e-01,0.000000000000000000e+00,0.000000000000000000e+00,0.000000000000000000e+00,1.000000000000000056e-01
9.964116731292687046e-01,-8.385040552924553914e-02,1.152766864168369709e-02,4.377774762941922404e+01,8.400460386757045705e-02,9.963723582546396562e-01,-1.361433932075072940e-02,2.988280095477543696e+00,-1.034428251663474171e-02,1.453386385890007883e-02,9.998408686488799990e-01,3.049655217540788166e-01,0.000000000000000000e+00,0.000000000000000000e+00,0.000000000000000000e+00,1.000000000000000056e-01
9.964440153837630376e-01,-8.333162992106456224e-02,1.245647063103393418e-02,4.481117697662958221e+01,8.350981872103664660e-02,9.964008292544097589e-01,-1.454295837524402155e-02,3.064986699379929291e+00,-1.119974924106213049e-02,1.553148144328863819e-02,9.998166525424119211e-01,3.126298195424657700e-01,0.000000000000000000e+00,0.000000000000000000e+00,0.000000000000000000e+00,1.000000000000000056e-01
9.964143954998428976e-01,-8.334079315771909802e-02,1.458302562999180124e-02,4.581821236855060420e+01,8.354794781326950470e-02,9.964022412119700745e-01,-1.422371695282686338e-02,3.162889704225928966e+00,-1.334514356887594663e-02,1.539109819360597389e-02,9.997924890893714611e-01,3.251541256197588159e-01,0.000000000000000000e+00,0.000000000000000000e+00,0.000000000000000000e+00,1.000000000000000056e-01
9.959986560891510576e-01,-8.850605363497086875e-02,1.238368033214010989e-02,4.676450231454964523e+01,8.865216456869033645e-02,9.959928295501152551e-01,-1.179309976388053134e-02,3.240526140212509176e+00,-1.129029609402776822e-02,1.284375158272123459e-02,9.998537729385185147e-01,3.385721090439016145e-01,0.000000000000000000e+00,0.000000000000000000e+00,0.000000000000000000e+00,1.000000000000000056e-01
9.962157706200209795e-01,-8.664258941669228387e-02,6.870230500364797946e-03,4.772095619231166808e+01,8.672244377837151630e-02,9.961562007005421160e-01,-1.233051300507996030e-02,3.343817649884430310e+00,-5.775475137584053925e-03,1.287965469380826337e-02,9.999003742283044671e-01,3.324065590049028462e-01,0.000000000000000000e+00,0.000000000000000000e+00,0.000000000000000000e+00,1.000000000000000056e-01
9.962789796379122320e-01,-8.604531204701888758e-02,4.939535035978479850e-03,4.866923190709159996e+01,8.610235076895379758e-02,9.962039130464880321e-01,-1.281205771628265294e-02,3.429361693924833698e+00,-3.818366627310029564e-03,1.318968936694347657e-02,9.999057216411469939e-01,3.398892615655981220e-01,0.000000000000000000e+00,0.000000000000000000e+00,0.000000000000000000e+00,1.000000000000000056e-01
9.963519262927137410e-01,-8.514839878146313046e-02,5.708691422000511904e-03,4.963555468470036658e+01,8.522172090535221067e-02,9.962616125885463969e-01,-1.414417082756342682e-02,3.534130655229229312e+00,-4.482996623794124370e-03,1.457907635695653188e-02,9.998836698705750869e-01,3.466668187649596389e-01,0.000000000000000000e+00,0.000000000000000000e+00,0.000000000000000000e+00,1.000000000000000056e-01
9.967577210486273653e-01,-7.994095599153866472e-02,9.137236185287006193e-03,5.064449225546383104e+01,8.008360344403697706e-02,9.966517767877941525e-01,-1.648794363015679970e-02,3.613337752858216678e+00,-7.788580702866686536e-03,1.716622791681035598e-02,9.998223135286304908e-01,3.623486599799690122e-01,0.000000000000000000e+00,0.000000000000000000e+00,0.000000000000000000e+00,1.000000000000000056e-01
9.968113053971694448e-01,-7.931896815651566512e-02,8.701880427622418757e-03,5.158883450579459407e+01,7.944890528563079701e-02,9.967141970413704311e-01,-1.576961841932101455e-02,3.698246134093385429e+00,-7.422457901925170326e-03,1.641068879607968795e-02,9.998377850491210195e-01,3.662882495500786595e-01,0.000000000000000000e+00,0.000000000000000000e+00,0.000000000000000000e+00,1.000000000000000056e-01
9.968824881652998959e-01,-7.773570013773570264e-02,1.350798702459800674e-02,5.253752890342536830e+01,7.797315501008142413e-02,9.967921575969689307e-01,-1.804388126078166135e-02,3.780428950104741670e+00,-1.206200178803187514e-02,1.904088961355039980e-02,9.997459440455810364e-01,3.928267647637899151e-01,0.000000000000000000e+00,0.000000000000000000e+00,0.000000000000000000e+00,1.000000000000000056e-01
9.970594984390034332e-01,-7.532509510912901995e-02,1.408852793458199165e-02,5.353561556601873406e+01,7.556656916177223460e-02,9.969876477497886524e-01,-1.747351880596274484e-02,3.876433622743648666e+00,-1.272989385980579161e-02,1.848675961719386043e-02,9.997480630244672817e-01,4.202267534773085900e-01,0.000000000000000000e+00,0.000000000000000000e+00,0.000000000000000000e+00,1.000000000000000056e-01
9.970663127888911292e-01,-7.495216017178926715e-02,1.552229323094644897e-02,5.450320328448312068e+01,7.525538377876489493e-02,9.969643061219656266e-01,-1.996996572502061917e-02,3.939350491899987539e+00,-1.397838023076532210e-02,2.107951622618824128e-02,9.996800782659390761e-01,4.149581945230780833e-01,0.000000000000000000e+00,0.000000000000000000e+00,0.000000000000000000e+00,1.000000000000000056e-01
9.969692244750282262e-01,-7.550567503316328588e-02,1.874189124520489816e-02,5.543918478455859855e+01,7.584586447504017281e-02,9.969542316245346703e-01,-1.815667612663353012e-02,4.014577836829956503e+00,-1.731387569825386039e-02,1.952314226040384113e-02,9.996594803354718062e-01,4.240887422274811080e-01,0.000000000000000000e+00,0.000000000000000000e+00,0.000000000000000000e+00,1.000000000000000056e-01
9.969652254510855682e-01,-7.423943530254820122e-02,2.342745157341763126e-02,5.638336495974020579e+01,7.462131883781708552e-02,9.970856611119780499e-01,-1.586956772550997957e-02,4.099229372558579776e+00,-2.218102829381256649e-02,1.756959449869184564e-02,9.995995754965988356e-01,4.351184848574444763e-01,0.000000000000000000e+00,0.000000000000000000e+00,0.000000000000000000e+00,1.000000000000000056e-01
9.968889623605265982e-01,-7.460535292479035518e-02,2.542514579545142664e-02,5.734085316971016510e+01,7.498048404730540961e-02,9.970848338778326436e-01,-1.413368539506753251e-02,4.165385779248100384e+00,-2.429657868475039104e-02,1.599610470653526142e-02,9.995768109047115102e-01,4.197012034446278017e-01,0.000000000000000000e+00,0.000000000000000000e+00,0.000000000000000000e+00,1.000000000000000056e-01
9.969104174943608232e-01,-7.532508098838545940e-02,2.226548147497322411e-02,5.822623897569161500e+01,7.557949467550791056e-02,9.970811443099413252e-01,-1.081349370799179928e-02,4.232898250738058366e+00,-2.138596445835622140e-02,1.246289836559210697e-02,9.996936114072725310e-01,4.212071880609772334e-01,0.000000000000000000e+00,0.000000000000000000e+00,0.000000000000000000e+00,1.000000000000000056e-01
9.970626568090358299e-01,-7.485944898802626701e-02,1.619016041044180065e-02,5.912726496252761166e+01,7.497374826930416902e-02,9.971638567558983590e-01,-6.571137660498166909e-03,4.311781454070366948e+00,-1.565233105188344048e-02,7.765672985086332324e-03,9.998473377749880209e-01,4.250249979634018183e-01,0.000000000000000000e+00,0.000000000000000000e+00,0.000000000000000000e+00,1.000000000000000056e-01
9.971468158423671957e-01,-7.488851123282687372e-02,9.483593240903701732e-03,6.011343237085389291e+01,7.495511911189910170e-02,9.971632158536521962e-01,-6.873941178369392772e-03,4.375037066909962746e+00,-8.941911112797386318e-03,7.565172419279508030e-03,9.999314028431737222e-01,4.287067742939403847e-01,0.000000000000000000e+00,0.000000000000000000e+00,0.000000000000000000e+00,1.000000000000000056e-01
9.972953184163190210e-01,-7.288252493467643756e-02,9.496600657036781759e-03,6.103628410714545538e+01,7.292089751570389466e-02,9.973306450163678116e-01,-3.758618993720859534e-03,4.456223855757839303e+00,-9.197313216215545831e-03,4.440953769407814458e-03,9.999478423193985943e-01,4.358518727696564787e-01,0.000000000000000000e+00,0.000000000000000000e+00,0.000000000000000000e+00,1.000000000000000056e-01
9.970871505737091134e-01,-7.547071932998196397e-02,1.101747178878422287e-02,6.197978489397740987e+01,7.550312870899748841e-02,9.971422906145934739e-01,-2.555351841579020424e-03,4.535998708888941522e+00,-1.079313281462479859e-02,3.379762076949629091e-03,9.999360407007785723e-01,4.371233072066252889e-01,0.000000000000000000e+00,0.000000000000000000e+00,0.000000000000000000e+00,1.000000000000000056e-01
9.971936108373560259e-01,-7.386388730941630121e-02,1.220772938337028914e-02,6.285392692827199568e+01,7.391154070379195307e-02,9.972586631692172965e-01,-3.498983386253861575e-03,4.604865253361388078e+00,-1.191581537065165321e-02,4.391455964418257765e-03,9.999193609779566394e-01,4.477019211096095463e-01,0.000000000000000000e+00,0.000000000000000000e+00,0.000000000000000000e+00,1.000000000000000056e-01
9.973712889858029618e-01,-7.107255889560937234e-02,1.411393916765021385e-02,6.365880729157166940e+01,7.111687088885296215e-02,9.974644369321387094e-01,-2.662279217063502623e-03,4.679977653511126157e+00,-1.388893738830337780e-02,3.659020043881644653e-03,9.998968491752248111e-01,4.490036515050367938e-01,0.000000000000000000e+00,0.000000000000000000e+00,0.000000000000000000e+00,1.000000000000000056e-01
9.972722052875018228e-01,-7.248575590886348341e-02,1.392708696473861016e-02,6.446307816132683399e+01,7.250285603348051444e-02,9.973679403709762026e-01,-7.262142557523234903e-04,4.752310755927045882e+00,-1.383778985210881718e-02,1.733986873515547950e-03,9.999027497019554733e-01,4.602171898388698335e-01,0.000000000000000000e+00,0.000000000000000000e+00,0.000000000000000000e+00,1.000000000000000056e-01
9.971776895794493001e-01,-7.333652953952517206e-02,1.607510000248190893e-02,6.524462805968380508e+01,7.334173344278747952e-02,9.973068330205859811e-01,2.663570088643467003e-04,4.816347166693374149e+00,-1.605134077261308537e-02,9.133704327455382339e-04,9.998707517543725665e-01,4.608092822786888920e-01,0.000000000000000000e+00,0.000000000000000000e+00,0.000000000000000000e+00,1.000000000000000056e-01
9.965998435527484434e-01,-8.120544017348145516e-02,1.394375547936728757e-02,6.605789902679259740e+01,8.121623088431433046e-02,9.966964835881929607e-01,-2.084319475855059625e-04,4.882597298650398265e+00,-1.388076624624907593e-02,1.340182510761826588e-03,9.999027593917594325e-01,4.656482030636104885e-01,0.000000000000000000e+00,0.000000000000000000e+00,0.000000000000000000e+00,1.000000000000000056e-01
9.965093263791434675e-01,-8.241205015412980672e-02,1.331977585317844874e-02,6.680497423596546014e+01,8.239310983814135403e-02,9.965979693085216251e-01,1.965457028507781086e-03,4.946260345192679431e+00,-1.343643891013149468e-02,-8.611385046150872450e-04,9.999093561667928842e-01,4.697162854102967522e-01,0.000000000000000000e+00,0.000000000000000000e+00,0.000000000000000000e+00,1.000000000000000056e-01
9.963631804566343009e-01,-8.359739709479800662e-02,1.648902147839959031e-02,6.758808234055821629e+01,8.354341497097493574e-02,9.964963606907609739e-01,3.937123957456552248e-03,5.032258302679299966e+00,-1.676038320945991839e-02,-2.545256184268165477e-03,9.998562952872920295e-01,4.796484313007162159e-01,0.000000000000000000e+00,0.000000000000000000e+00,0.000000000000000000e+00,1.000000000000000056e-01
9.966744555439138731e-01,-7.919332948821694584e-02,1.919495326416533268e-02,6.832532075263048910e+01,7.907327010909348530e-02,9.968446753762501000e-01,6.936218586007686024e-03,5.113275895717200648e+00,-1.968368919936318642e-02,-5.395344158554016972e-03,9.997916996259339495e-01,4.768220344169471492e-01,0.000000000000000000e+00,0.000000000000000000e+00,0.000000000000000000e+00,1.000000000000000056e-01
9.962064448286430673e-01,-8.436769730174843718e-02,2.132629676892774939e-02,6.904814903574073526e+01,8.417479554243655071e-02,9.964029276716442896e-01,9.788233894069084742e-03,5.203047529244171798e+00,-2.207539529124747518e-02,-7.955965018559970139e-03,9.997246518633811085e-01,4.847225055709046826e-01,0.000000000000000000e+00,0.000000000000000000e+00,0.000000000000000000e+00,1.000000000000000056e-01
9.963398321698739846e-01,-8.412282848981537942e-02,1.517526140073125786e-02,6.972812005166736071e+01,8.391123897026857292e-02,9.963737531085609112e-01,1.408006004372668388e-02,5.277901067938581825e+00,-1.630468663243480471e-02,-1.275514967507533973e-02,9.997857087149147892e-01,4.810428371388072444e-01,0.000000000000000000e+00,0.000000000000000000e+00,0.000000000000000000e+00,1.000000000000000056e-01
9.963108151051709438e-01,-8.528803998570241851e-02,9.524176597847941808e-03,7.041623397842832333e+01,8.515575830589697248e-02,9.962758545722624204e-01,1.352473377393320630e-02,5.352952540273581583e+00,-1.064220521402529755e-02,-1.266380004995880729e-02,9.998631764578977954e-01,4.881959211978077473e-01,0.000000000000000000e+00,0.000000000000000000e+00,0.000000000000000000e+00,1.000000000000000056e-01
9.966501495225427165e-01,-8.149013120977595392e-02,6.916499989637931931e-03,7.115579360957185884e+01,8.140495583044198014e-02,9.966110957375267088e-01,1.181342537497939542e-02,5.428124483295205138e+00,-7.855738217185619446e-03,-1.121081479018888778e-02,9.999062981143799211e-01,4.980050038693651371e-01,0.000000000000000000e+00,0.000000000000000000e+00,0.000000000000000000e+00,1.000000000000000056e-01
9.968374381323307221e-01,-7.929238604994000295e-02,5.276310479778341389e-03,7.186575459978635649e+01,7.923484955608924019e-02,9.968023231979377119e-01,1.034248920802532598e-02,5.493667737359483993e+00,-6.079519191156759067e-03,-9.891712778962790525e-03,9.999325944605980121e-01,5.007835326212890514e-01,0.000000000000000000e+00,0.000000000000000000e+00,0.000000000000000000e+00,1.000000000000000056e-01
9.968892988590623006e-01,-7.833188209743649488e-02,8.708735118289002292e-03,7.254151387347506841e+01,7.822099401484775005e-02,9.968586991755205018e-01,1.241813083431561084e-02,5.565248337700946735e+00,-9.654113921865898479e-03,-1.169829582299641325e-02,9.998849673633568580e-01,5.098235542980953383e-01,0.000000000000000000e+00,0.000000000000000000e+00,0.000000000000000000e+00,1.000000000000000056e-01
9.968551875293356623e-01,-7.834329687102997708e-02,1.191901553109984621e-02,7.312973592922415378e+01,7.817661681339091451e-02,9.968431572512458372e-01,1.386132839883132475e-02,5.602397434005462529e+00,-1.296733123912468741e-02,-1.288594881045505847e-02,9.998328863584099446e-01,5.324844214362277617e-01,0.000000000000000000e+00,0.000000000000000000e+00,0.000000000000000000e+00,1.000000000000000056e-01
9.968345083806471330e-01,-7.898796711932960790e-02,9.047870018364601030e-03,7.371462382205369579e+01,7.889717427314839326e-02,9.968327279371764771e-01,9.987412329509320202e-03,5.631193259527297990e+00,-9.808098349117846948e-03,-9.241945881841531762e-03,9.999091896982901240e-01,5.403558574000392190e-01,0.000000000000000000e+00,0.000000000000000000e+00,0.000000000000000000e+00,1.000000000000000056e-01
9.968000478106965323e-01,-7.962444760612537309e-02,7.043580624404579930e-03,7.434097064370587304e+01,7.957890907305216477e-02,9.968072103641933968e-01,6.525534207839148171e-03,5.668140913986747798e+00,-7.540684009822080404e-03,-5.944132348306194191e-03,9.999539016251148826e-01,5.525648176474421414e-01,0.000000000000000000e+00,0.000000000000000000e+00,0.000000000000000000e+00,1.000000000000000056e-01
9.969421893212379038e-01,-7.812101979482108383e-02,1.837775175105907247e-03,7.496154622613063623e+01,7.811083676928703978e-02,9.969317393150605167e-01,5.079795807914393169e-03,5.685357253691615043e+00,-2.228975230652101378e-03,-4.920712597325675730e-03,9.999854090220294811e-01,5.660435094764767472e-01,0.000000000000000000e+00,0.000000000000000000e+00,0.000000000000000000e+00,1.000000000000000056e-01
9.974240604477598859e-01,-7.168427182860492852e-02,2.570761036349745662e-03,7.557298911133607078e+01,7.167482221247392649e-02,9.974215672356193663e-01,3.596814431017920401e-03,5.741306068918685668e+00,-2.821967525254365922e-03,-3.403290414231869947e-03,9.999902270090657019e-01,5.873615131968221714e-01,0.000000000000000000e+00,0.000000000000000000e+00,0.000000000000000000e+00,1.000000000000000056e-01
9.977165982632891783e-01,-6.735311437361835019e-02,5.014731708159515973e-03,7.614426058342897363e+01,6.732081691544070101e-02,9.977111559200462221e-01,6.352713004931170339e-03,5.799728234645955993e+00,-5.431128774780640163e-03,-6.000611373817822496e-03,9.999672472153136038e-01,5.818852396416336337e-01,0.000000000000000000e+00,0.000000000000000000e+00,0.000000000000000000e+00,1.000000000000000056e-01
9.979096369791851107e-01,-6.412147632272124920e-02,8.049391173597673921e-03,7.669322522167649936e+01,6.408723841859961801e-02,9.979344141053414496e-01,4.441960840269308999e-03,5.818155987519860517e+00,-8.317589551574685464e-03,-3.916812278321976995e-03,9.999577372497439054e-01,5.919023689237747909e-01,0.000000000000000000e+00,0.000000000000000000e+00,0.000000000000000000e+00,1.000000000000000056e-01
9.983150526088264698e-01,-5.689371546107852007e-02,1.140880693455627315e-02,7.726155714736157165e+01,5.690080398268111683e-02,9.983797924854967976e-01,-2.974268662624072871e-04,5.810441464458936167e+00,-1.137340058032977608e-02,9.460960046994730185e-04,9.999348732100452608e-01,6.084956823023510708e-01,0.000000000000000000e+00,0.000000000000000000e+00,0.000000000000000000e+00,1.000000000000000056e-01
9.987990173969064633e-01,-4.681071799035299574e-02,1.446649674944525642e-02,7.781193323470486689e+01,4.690136985711745865e-02,9.988815548728633420e-01,-5.991730993352379318e-03,5.826092815454835261e+00,-1.416983953684522630e-02,6.663033543249465875e-03,9.998774023006528067e-01,6.121709950768574604e-01,0.000000000000000000e+00,0.000000000000000000e+00,0.000000000000000000e+00,1.000000000000000056e-01
9.993014884806069587e-01,-3.450369078532709161e-02,1.435376057463452933e-02,7.831551294513708683e+01,3.451133853767631571e-02,9.994042655866520741e-01,-2.853761422330153502e-04,5.862183573616883692e+00,-1.433536301533014541e-02,7.805442941902692453e-04,9.998969387481009274e-01,6.143860624043500085e-01,0.000000000000000000e+00,0.000000000000000000e+00,0.000000000000000000e+00,1.000000000000000056e-01
9.997562214539906789e-01,-1.561473930676214074e-02,1.561017554100217405e-02,7.882769238079391982e+01,1.558205496581439344e-02,9.998761429167559722e-01,2.213230433844374546e-03,5.876591033636504591e+00,-1.564280112644101176e-02,-1.969452282441321207e-03,9.998757042906012416e-01,6.157070802914488272e-01,0.000000000000000000e+00,0.000000000000000000e+00,0.000000000000000000e+00,1.000000000000000056e-01
9.999023215983681157e-01,8.384592228001138108e-04,1.395149627549877730e-02,7.932745319216974167e+01,-9.157339442149210491e-04,9.999842716308323665e-01,5.533346392284687124e-03,5.882612994708010135e+00,-1.394663735589935644e-02,-5.545581762565475123e-03,9.998873625710936741e-01,6.251009879283153658e-01,0.000000000000000000e+00,0.000000000000000000e+00,0.000000000000000000e+00,1.000000000000000056e-01
9.996454401083929575e-01,2.310401474449852791e-02,1.323625978830077730e-02,7.984969317732718253e+01,-2.316613625174424387e-02,9.997212325005280231e-01,4.559322185469267749e-03,5.870704069730892982e+00,-1.312723130225922942e-02,-4.864338630408644726e-03,9.999020022022286902e-01,6.357688328340874717e-01,0.000000000000000000e+00,0.000000000000000000e+00,0.000000000000000000e+00,1.000000000000000056e-01
9.987126400970102180e-01,4.856467342189343256e-02,1.464701354831506562e-02,8.035937499069790135e+01,-4.864028680936697407e-02,9.988045812012048552e-01,4.850883485342929319e-03,5.832711961269462009e+00,-1.439392266069986805e-02,-5.557073592340552523e-03,9.998809598764880624e-01,6.534133464517920542e-01,0.000000000000000000e+00,0.000000000000000000e+00,0.000000000000000000e+00,1.000000000000000056e-01
9.973301325882180102e-01,7.143249098104578754e-02,1.516594421097230451e-02,8.081637267666519620e+01,-7.153151783409281150e-02,9.974197479096607033e-01,6.090027600894621848e-03,5.836340489256479636e+00,-1.469178641004474824e-02,-7.158611043464161577e-03,9.998664439313932339e-01,6.477116749227065373e-01,0.000000000000000000e+00,0.000000000000000000e+00,0.000000000000000000e+00,1.000000000000000056e-01
9.944228849114381541e-01,1.043353960997165236e-01,1.540295702545335307e-02,8.130809233530185054e+01,-1.043596676818009245e-01,9.945393174755031707e-01,7.783037352697570179e-04,5.759884385777096050e+00,-1.523764173869362679e-02,-2.381410522257672475e-03,9.998810645062580216e-01,6.448020240699723349e-01,0.000000000000000000e+00,0.000000000000000000e+00,0.000000000000000000e+00,1.000000000000000056e-01
