1.000000000000000000e+00,1.203273440942496000e-11,-1.018018194079389444e-12,3.119112009793265931e-17,-1.203273440942479521e-11,1.000000000000000000e+00,1.619151204636061837e-13,-5.262905170236740749e-17,1.018018194081337843e-12,-1.619151204513566506e-13,1.000000000000000000e+00,2.162584660483858563e-17,0.000000000000000000e+00,0.000000000000000000e+00,0.000000000000000000e+00,1.000000000000000056e-01
9.999941681628307100e-01,-3.276580071438045874e-03,-9.631528246541067170e-04,6.427000979709515116e-01,3.273271199973674245e-03,9.999888041897042612e-01,-3.417190497576653128e-03,1.019478592345615317e-02,9.743387396624632714e-04,3.414017908675981774e-03,9.999936975530093752e-01,1.027252057617437757e-02,0.000000000000000000e+00,0.000000000000000000e+00,0.000000000000000000e+00,1.000000000000000056e-01
9.999530335706162676e-01,-9.014720567850144015e-03,-3.558857401693499550e-03,1.364235255942565450e+00,9.003079384021827128e-03,9.999541129153581842e-01,-3.273625706154675592e-03,2.392095288740404488e-02,3.588204917087395394e-03,3.241431279940258387e-03,9.999883088860240798e-01,1.723757929756324428e-02,0.000000000000000000e+00,0.000000000000000000e+00,0.000000000000000000e+00,1.000000000000000056e-01
9.999365798865889055e-01,-1.086965873335801920e-02,-2.947324843249940658e-03,2.129930957456479756e+00,1.086268391422634018e-02,9.999381853245625784e-01,-2.372262211531079093e-03,3.032187197043563140e-02,2.972928335986730307e-03,2.340095904227811920e-03,9.999928427985212975e-01,1.443028937823107039e-02,0.000000000000000000e+00,0.000000000000000000e+00,0.000000000000000000e+00,1.000000000000000056e-01
9.998892178089842098e-01,-1.434087136528447957e-02,-3.986416664386094322e-03,2.835183656797142682e+00,1.433754888780258870e-02,9.998968415512481389e-01,-8.607832062165197192e-04,5.913738202628456009e-02,3.998349813060665670e-03,8.035324029541590033e-04,9.999916837326447983e-01,1.786800187182834704e-02,0.000000000000000000e+00,0.000000000000000000e+00,0.000000000000000000e+00,1.000000000000000056e-01
9.997942410704980798e-01,-1.959871626997890595e-02,-5.231237218443195516e-03,3.543677537967112823e+00,1.959730562327293910e-02,9.998079029034829812e-01,-3.207866076671517198e-04,5.818397215266649103e-02,5.236519318669217993e-03,2.182024484004880952e-04,9.999862655322405702e-01,2.975840674256434795e-02,0.000000000000000000e+00,0.000000000000000000e+00,0.000000000000000000e+00,1.000000000000000056e-01
9.996576605875607813e-01,-2.516982981015427126e-02,-7.144319137113857264e-03,4.288075860673779438e+00,2.516238421057840832e-02,9.996827382477663226e-01,-1.130163832008208207e-03,8.736182020821969818e-02,7.170498549215138621e-03,9.500088293349516402e-04,9.999738403747269189e-01,3.733807789904582813e-02,0.000000000000000000e+00,0.000000000000000000e+00,0.000000000000000000e+00,1.000000000000000056e-01
9.994857799877301385e-01,-3.104674181025082746e-02,-8.017195599853100749e-03,5.087165981349445865e+00,3.104830603108750531e-02,9.995178826291954977e-01,7.068981353432370182e-05,1.044173213142476353e-01,8.011135682199859928e-03,-3.195738059128680952e-04,9.999678592723187931e-01,4.344020141087644171e-02,0.000000000000000000e+00,0.000000000000000000e+00,0.000000000000000000e+00,1.000000000000000056e-01
9.990789478316755012e-01,-4.263809039326622169e-02,-4.821747314806598683e-03,5.240822835938642399e+00,4.265492326631408621e-02,9.990839294095910095e-01,3.443764892694664050e-03,-1.403313328217000444e-01,4.670494695109248667e-03,-3.646264267295679269e-03,9.999824454640171556e-01,4.730489534783675898e-02,0.000000000000000000e+00,0.000000000000000000e+00,0.000000000000000000e+00,1.000000000000000056e-01
9.981221906182135006e-01,-6.124081080712689279e-02,-1.286735087118617230e-03,5.406159738206899767e+00,6.124684976683481691e-02,9.981083471121717787e-01,5.343296608576440961e-03,-3.797447314556990916e-01,9.570732142830068283e-04,-5.412071386645656533e-03,9.999848966330283639e-01,4.485902130201709775e-02,0.000000000000000000e+00,0.000000000000000000e+00,0.000000000000000000e+00,1.000000000000000056e-01
9.964483972390778543e-01,-8.412548367423541840e-02,3.673504627565759954e-03,5.594211103259477902e+00,8.410318085775755903e-02,9.964398550433545276e-01,5.854079841099974271e-03,-5.973931328924018125e-01,-4.152903716692844284e-03,-5.524335050899692456e-03,9.999761172712903212e-01,4.139170769446646331e-02,0.000000000000000000e+00,0.000000000000000000e+00,0.000000000000000000e+00,1.000000000000000056e-01
9.939175378207505407e-01,-1.100088781539932115e-01,5.096541929269442217e-03,5.771127211764901510e+00,1.099719261201470288e-01,9.939097708953725796e-01,7.038663518944696801e-03,-7.905230477173622594e-01,-5.839818298701395308e-03,-6.435374581784402553e-03,9.999622405252261981e-01,4.521503302590645229e-02,0.000000000000000000e+00,0.000000000000000000e+00,0.000000000000000000e+00,1.000000000000000056e-01
9.893689477832360302e-01,-1.452674808400315487e-01,6.814996161661166472e-03,5.989533401948048841e+00,1.452022816120281945e-01,9.893587655047526574e-01,9.248271923618845217e-03,-9.342374649029626665e-01,-8.085949353888420565e-03,-8.160400070033603862e-03,9.999340104695626508e-01,4.205821084555743522e-02,0.000000000000000000e+00,0.000000000000000000e+00,0.000000000000000000e+00,1.000000000000000056e-01
9.825954232453498749e-01,-1.855150944808659219e-01,9.507046704789814950e-03,6.137321718632207102e+00,1.853995998407630685e-01,9.825916091999823410e-01,1.186245795246850150e-02,-1.046207318503854511e+00,-1.154220932822630843e-02,-9.893394237800478760e-03,9.998844424003600073e-01,4.785429898521040976e-02,0.000000000000000000e+00,0.000000000000000000e+00,0.000000000000000000e+00,1.000000000000000056e-01
9.740046846463478181e-01,-2.261334928406069922e-01,1.336105170544812579e-02,6.324142206010866296e+00,2.259604185294977474e-01,9.740455659674952527e-01,1.330881952075971091e-02,-1.203607667058170128e+00,-1.602384301416883219e-02,-9.943783724975402069e-03,9.998221629971443258e-01,3.322377918795843543e-02,0.000000000000000000e+00,0.000000000000000000e+00,0.000000000000000000e+00,1.000000000000000056e-01
9.600259696328733439e-01,-2.795759305634245018e-01,1.369075162496868024e-02,6.429923117432708501e+00,2.794208407965901864e-01,9.600911435069658939e-01,1.220614140558718211e-02,-1.220656528061703439e+00,-1.655691272514181467e-02,-7.892731408188767561e-03,9.998317725657303034e-01,1.090413349526603293e-02,0.000000000000000000e+00,0.000000000000000000e+00,0.000000000000000000e+00,1.000000000000000056e-01
9.424799738286494533e-01,-3.340835350737652032e-01,1.094031647461045018e-02,6.567233075466133663e+00,3.338900750929297834e-01,9.424700062199646844e-01,1.636169704454855725e-02,-1.161031914193688452e+00,-1.577709372432324966e-02,-1.176770871309031422e-02,9.998062834095702289e-01,-6.608425393209955284e-03,0.000000000000000000e+00,0.000000000000000000e+00,0.000000000000000000e+00,1.000000000000000056e-01
9.238966085584670029e-01,-3.825781148994189529e-01,7.003048919556764500e-03,6.724128752805498266e+00,3.823816571845988221e-01,9.237881494089406065e-01,1.999308031207060188e-02,-1.032797919100889583e+00,-1.411824857844228009e-02,-1.579370164375416136e-02,9.997755918432222888e-01,-3.004508137052670780e-02,0.000000000000000000e+00,0.000000000000000000e+00,0.000000000000000000e+00,1.000000000000000056e-01
9.066886413497429187e-01,-4.217794365265202239e-01,4.220731065628894815e-03,6.850349019909331538e+00,4.216383971372300032e-01,9.065721363400298660e-01,1.865539255609290764e-02,-8.544482355471909596e-01,-1.169485813957382193e-02,-1.513501024927090682e-02,9.998170641461615604e-01,-5.943991006989690629e-02,0.000000000000000000e+00,0.000000000000000000e+00,0.000000000000000000e+00,1.000000000000000056e-01
8.811396997608655912e-01,-4.728494606984985915e-01,2.493395770943383598e-03,7.057236817886146873e+00,4.727659019449156896e-01,8.810624465201493116e-01,1.487841692316200365e-02,-5.929990303412948638e-01,-9.232088796254939861e-03,-1.193117132003626221e-02,9.998862013686307115e-01,-8.447364276347853196e-02,0.000000000000000000e+00,0.000000000000000000e+00,0.000000000000000000e+00,1.000000000000000056e-01
8.620030139412233616e-01,-5.068997501003186246e-01,1.856691811184850785e-03,7.241621589078247823e+00,5.068028998699222187e-01,8.618995969624454467e-01,1.673037475407544716e-02,-3.222403964948954425e-01,-1.008090470566921741e-02,-1.348065666830597018e-02,9.998583135905338981e-01,-9.711189880502719973e-02,0.000000000000000000e+00,0.000000000000000000e+00,0.000000000000000000e+00,1.000000000000000056e-01
8.539355930625988078e-01,-5.203748519545288165e-01,2.004084361961584130e-03,7.336305613496979738e+00,5.202948099332307397e-01,8.538607347254116853e-01,1.466821225383208721e-02,-8.156836839558570529e-02,-9.344177725781705954e-03,-1.148299383794721892e-02,9.998904075923253920e-01,-1.237670026155123920e-01,0.000000000000000000e+00,0.000000000000000000e+00,0.000000000000000000e+00,1.000000000000000056e-01
8.506890759212196729e-01,-5.256691754745083101e-01,-1.185927991861120828e-04,7.377549131661499615e+00,5.256205604460616465e-01,8.506072904576140736e-01,1.379361652085068189e-02,1.186841614701146380e-01,-7.150003123743650137e-03,-1.179641370530720886e-02,9.999048565133703548e-01,-1.390048402187699372e-01,0.000000000000000000e+00,0.000000000000000000e+00,0.000000000000000000e+00,1.000000000000000056e-01
8.499369798932450148e-01,-5.268806841029731736e-01,-1.968483968083445043e-03,7.444742220709076541e+00,5.268693470705516635e-01,8.498786233547057645e-01,1.072458307631753670e-02,3.287748729404004200e-01,-3.977603223078785173e-03,-1.015235361348250896e-02,9.999405524273463630e-01,-1.452665667686805773e-01,0.000000000000000000e+00,0.000000000000000000e+00,0.000000000000000000e+00,1.000000000000000056e-01
8.515719809670811991e-01,-5.242244205726337425e-01,-3.730697935702941611e-03,7.530182696313113766e+00,5.242376901960011937e-01,8.515514074633044883e-01,5.919850101712113496e-03,5.536838487811539533e-01,7.355108852140487471e-05,-6.996950946775061173e-03,9.999755183341668685e-01,-1.429060495815799026e-01,0.000000000000000000e+00,0.000000000000000000e+00,0.000000000000000000e+00,1.000000000000000056e-01
8.544672239282783410e-01,-5.194850704625133542e-01,-4.585280673958184137e-03,7.614943558394458911e+00,5.194987892734594936e-01,8.544674318874986296e-01,2.532940384748952334e-03,7.559080865233134272e-01,2.602148287711773117e-03,-4.546362297532531571e-03,9.999862796129496134e-01,-1.435851253309466946e-01,0.000000000000000000e+00,0.000000000000000000e+00,0.000000000000000000e+00,1.000000000000000056e-01
8.609917877908928041e-01,-5.085990962180332309e-01,-4.483378507565483236e-03,7.692828066137626486e+00,5.086064127883395125e-01,8.609989334970732378e-01,5.944640272479155725e-04,9.703310496575873190e-01,3.557840246485159154e-03,-2.792103705502776197e-03,9.999897729125424295e-01,-1.454617621158032226e-01,0.000000000000000000e+00,0.000000000000000000e+00,0.000000000000000000e+00,1.000000000000000056e-01
8.702770471374847716e-01,-4.925509477344099940e-01,-3.380105263841634740e-03,7.801322083582834743e+00,4.925567653066389440e-01,8.702795881324612015e-01,1.127577338459810792e-03,1.177563482277631524e+00,2.386247330158239484e-03,-2.646198391687727171e-03,9.999936517087251175e-01,-1.366989421514903658e-01,0.000000000000000000e+00,0.000000000000000000e+00,0.000000000000000000e+00,1.000000000000000056e-01
8.827209469534725850e-01,-4.698939581218550265e-01,-1.843347536715392570e-03,7.941596128852219216e+00,4.698933926259559191e-01,8.827228491882787020e-01,-7.557032464748972798e-04,1.378769339628607371e+00,1.982265379305231737e-03,-1.991017424717596144e-04,9.999980154892619266e-01,-1.310837863630790745e-01,0.000000000000000000e+00,0.000000000000000000e+00,0.000000000000000000e+00,1.000000000000000056e-01
8.970294804819679557e-01,-4.419626053303742919e-01,-2.677057309547858314e-03,8.051435954750800761e+00,4.419517316588834066e-01,8.970306369595050233e-01,-3.834480374067825246e-03,1.550813340537154472e+00,4.096099359772018347e-03,2.256511824163616366e-03,9.999890650024240157e-01,-1.302498469833961725e-01,0.000000000000000000e+00,0.000000000000000000e+00,0.000000000000000000e+00,1.000000000000000056e-01
8.948393086344477165e-01,-4.463302656421851422e-01,-7.204560666703733497e-03,7.952843606388004360e+00,4.463268171563937736e-01,8.948674028390377622e-01,-2.168783797088065773e-03,1.592979563987225733e+00,7.415120340684239371e-03,-1.274875637816145785e-03,9.999716949406324273e-01,-1.372594329331828511e-01,0.000000000000000000e+00,0.000000000000000000e+00,0.000000000000000000e+00,1.000000000000000056e-01
8.938155102289845333e-01,-4.482062822077719222e-01,-1.431650318992489131e-02,7.852752359335946508e+00,4.482236898389091451e-01,8.939188487695788332e-01,-2.148413755348965726e-03,1.598190853721811688e+00,1.376072459187265874e-02,-4.496710348458443640e-03,9.998952055364345171e-01,-1.460849030930034542e-01,0.000000000000000000e+00,0.000000000000000000e+00,0.000000000000000000e+00,1.000000000000000056e-01
8.926193528288259849e-01,-4.504321922730151750e-01,-1.848056058601708559e-02,7.742679445229866175e+00,4.504668545066392027e-01,8.927897133575906086e-01,-2.478046360660937988e-03,1.646480022363678630e+00,1.761544624306445386e-02,-6.112927857969494699e-03,9.998261489712403360e-01,-1.415505259593180520e-01,0.000000000000000000e+00,0.000000000000000000e+00,0.000000000000000000e+00,1.000000000000000056e-01
8.940567329601912805e-01,-4.475916738651630755e-01,-1.800699128479892747e-02,7.662939784046711722e+00,4.476419402977347417e-01,8.942118560483034440e-01,-1.360069530405107630e-03,1.665681880323517605e+00,1.671082089631270584e-02,-6.844705196699097521e-03,9.998369359429274406e-01,-1.291106675085752220e-01,0.000000000000000000e+00,0.000000000000000000e+00,0.000000000000000000e+00,1.000000000000000056e-01
8.921311989298985612e-01,-4.515732863621433890e-01,-1.354588276914445513e-02,7.641805032100196016e+00,4.516108999950413927e-01,8.922149383350044261e-01,-3.143525616477052878e-04,1.749829416353510414e+00,1.222779217890503090e-02,-5.837024580891199410e-03,9.999082009076991628e-01,-1.362849557049136684e-01,0.000000000000000000e+00,0.000000000000000000e+00,0.000000000000000000e+00,1.000000000000000056e-01
8.956091765655901371e-01,-4.446991444070855781e-01,-1.126382772913740726e-02,7.550567387849656420e+00,4.447217501621342217e-01,8.956686124906370061e-01,-5.491191359983556286e-04,1.773393965009075979e+00,1.033284976344608919e-02,-4.517473043998869800e-03,9.999364103047067021e-01,-1.458590216550862129e-01,0.000000000000000000e+00,0.000000000000000000e+00,0.000000000000000000e+00,1.000000000000000056e-01
9.231995206247275432e-01,-3.842389789525034183e-01,-7.940539768239990651e-03,7.303809764065630539e+00,3.841889216282202146e-01,9.232268670006135158e-01,-7.143146811929177928e-03,1.606438204329784458e+00,1.007559509004947972e-02,3.543882301818948675e-03,9.999429600141260810e-01,-1.475474565641465285e-01,0.000000000000000000e+00,0.000000000000000000e+00,0.000000000000000000e+00,1.000000000000000056e-01
9.608319960154959594e-01,-2.769119812123583824e-01,-1.102860344397210875e-02,6.983264604722416280e+00,2.767819867162053526e-01,9.608580620243200032e-01,-1.197983607142740631e-02,1.406104872264560823e+00,1.391428267314802174e-02,8.458091032520247826e-03,9.998674179278856933e-01,-1.479531639859515690e-01,0.000000000000000000e+00,0.000000000000000000e+00,0.000000000000000000e+00,1.000000000000000056e-01
9.846617213032725635e-01,-1.733372158285420017e-01,-1.988728762013403095e-02,6.693064144569247809e+00,1.731578479355224132e-01,9.848389077016045379e-01,-1.042523742890100885e-02,1.117948061622211053e+00,2.139285624723764878e-02,6.821692306159805701e-03,9.997478733239021365e-01,-1.625655869264242825e-01,0.000000000000000000e+00,0.000000000000000000e+00,0.000000000000000000e+00,1.000000000000000056e-01
9.966249217316166531e-01,-7.947633346448834679e-02,-2.054939907857407377e-02,6.412973593588369603e+00,7.936255263864089304e-02,9.968259373812096147e-01,-6.295697161689740862e-03,7.280110608941604555e-01,2.098453292613405158e-02,4.643595924949225212e-03,9.997690165206950530e-01,-1.699433032395026022e-01,0.000000000000000000e+00,0.000000000000000000e+00,0.000000000000000000e+00,1.000000000000000056e-01
9.981597346080893773e-01,-5.830547968560705757e-02,-1.666178999207150457e-02,5.905164076452062538e+00,5.818676333403768192e-02,9.982773644063708263e-01,-7.523582031096630492e-03,2.567349768378445751e-01,1.707175385885469077e-02,6.540241012471500852e-03,9.998328762686699012e-01,-1.615140835019722165e-01,0.000000000000000000e+00,0.000000000000000000e+00,0.000000000000000000e+00,1.000000000000000056e-01
9.989798216075523873e-01,-4.400543511059840096e-02,-1.014089254798163607e-02,6.001655906069394142e+00,4.395389018778049495e-02,9.990197608063737800e-01,-5.251005211973794849e-03,4.895345595091337570e-02,1.036202481676867966e-02,4.799916572457843707e-03,9.999347924952877165e-01,-1.723389005085557701e-01,0.000000000000000000e+00,0.000000000000000000e+00,0.000000000000000000e+00,1.000000000000000056e-01
9.993327393265408753e-01,-3.612329708298928077e-02,-5.402177150563484617e-03,6.102659149024872498e+00,3.610907282606234947e-02,9.993441861691771955e-01,-2.707845916412895178e-03,-1.687018734382737806e-01,5.496450650565132962e-03,2.510971469174099174e-03,9.999817418595835505e-01,-1.686560590587248276e-01,0.000000000000000000e+00,0.000000000000000000e+00,0.000000000000000000e+00,1.000000000000000056e-01
9.992911090534909446e-01,-3.760250267365766730e-02,-1.825146383636701546e-03,6.242155155879631323e+00,3.760334042705983093e-02,9.992926531158663472e-01,4.268692767578931551e-04,-4.072482351961188574e-01,1.807804018908557540e-03,-4.951982737853645759e-04,9.999982433101064494e-01,-1.727807954866673601e-01,0.000000000000000000e+00,0.000000000000000000e+00,0.000000000000000000e+00,1.000000000000000056e-01
9.988281141022931076e-01,-4.821998229344767045e-02,4.151118701772047240e-03,6.370657492008304779e+00,4.820987422352560753e-02,9.988340952275347462e-01,2.501647126178761088e-03,-6.329711630515219012e-01,-4.266908272795374643e-03,-2.298590570691197953e-03,9.999882549186164260e-01,-1.740572363267286204e-01,0.000000000000000000e+00,0.000000000000000000e+00,0.000000000000000000e+00,1.000000000000000056e-01
9.977597062120107108e-01,-6.649773147611603985e-02,7.322593000606550037e-03,6.504536212039855769e+00,6.646547979691697083e-02,9.977782901308102081e-01,4.563303518553443565e-03,-8.561167121901026578e-01,-7.609773655489824110e-03,-4.066380720885258253e-03,9.999627772536060499e-01,-1.903022398495658740e-01,0.000000000000000000e+00,0.000000000000000000e+00,0.000000000000000000e+00,1.000000000000000056e-01
9.957562315397610053e-01,-9.151341541847218819e-02,9.737666464820771139e-03,6.630300643048541609e+00,9.146952145583767124e-02,9.957960055151655610e-01,4.862308575200954656e-03,-1.030570725783749753e+00,-1.014169583324267196e-02,-3.950974371791852839e-03,9.999407661492452082e-01,-1.908693281680851894e-01,0.000000000000000000e+00,0.000000000000000000e+00,0.000000000000000000e+00,1.000000000000000056e-01
9.924619525216797911e-01,-1.222111649396351030e-01,9.148986881193839696e-03,6.748575071679985271e+00,1.221459836978425473e-01,9.924847433376094985e-01,7.375154816388310337e-03,-1.216316511076524609e+00,-9.981556158301799556e-03,-6.202048546780335354e-03,9.999309491812332640e-01,-2.030348314962114320e-01,0.000000000000000000e+00,0.000000000000000000e+00,0.000000000000000000e+00,1.000000000000000056e-01
9.863399556601599727e-01,-1.645166896744215679e-01,8.231080541688876040e-03,6.877201762803164975e+00,1.644264613248359042e-01,9.863318477576762389e-01,1.065011338533373465e-02,-1.336753634949931824e+00,-9.870698278538595632e-03,-9.151224917916136667e-03,9.999094080955512887e-01,-2.153429952885075882e-01,0.000000000000000000e+00,0.000000000000000000e+00,0.000000000000000000e+00,1.000000000000000056e-01
9.785633736810770422e-01,-2.058286675694000478e-01,6.948618316908589804e-03,6.990312719962377130e+00,2.057710814658861298e-01,9.785659220151098348e-01,8.185249115182206131e-03,-1.421059204436192047e+00,-8.484440009118299209e-03,-6.579960282808805169e-03,9.999423575388775021e-01,-2.180688889417846943e-01,0.000000000000000000e+00,0.000000000000000000e+00,0.000000000000000000e+00,1.000000000000000056e-01
9.675667500875270166e-01,-2.523804959434640671e-01,1.089354820029041042e-02,7.079938392511959222e+00,2.523357951241280150e-01,9.676250939348470803e-01,5.322037828917899546e-03,-1.458990404766368210e+00,-1.188404914728197030e-02,-2.400594699125676006e-03,9.999265005593939160e-01,-2.225889163929684056e-01,0.000000000000000000e+00,0.000000000000000000e+00,0.000000000000000000e+00,1.000000000000000056e-01
9.564127140426332829e-01,-2.916800587703394232e-01,1.405217895329539425e-02,7.187574717468709018e+00,2.915992507209498319e-01,9.565108794930463620e-01,7.537532117322586107e-03,-1.521440390720084856e+00,-1.563960986037422549e-02,-3.111386695734372730e-03,9.998728528549242212e-01,-2.471318357457545911e-01,0.000000000000000000e+00,0.000000000000000000e+00,0.000000000000000000e+00,1.000000000000000056e-01
9.426186904884247264e-01,-3.336539724134949259e-01,1.204288315073329639e-02,7.235960090104474496e+00,3.335639930764294769e-01,9.426855043060236028e-01,8.893958297943099431e-03,-1.569556335472739983e+00,-1.432015589283621403e-02,-4.366539132154331759e-03,9.998879269554225013e-01,-2.527811297405447855e-01,0.000000000000000000e+00,0.000000000000000000e+00,0.000000000000000000e+00,1.000000000000000056e-01
9.264404356701743115e-01,-3.762936643504545819e-01,1.054501422308655803e-02,7.319500211785884503e+00,3.762362876318790517e-01,9.264968856369995009e-01,7.055265687610463160e-03,-1.544379627442930225e+00,-1.242477461524452848e-02,-2.568866413079220947e-03,9.999195097112127950e-01,-2.737109915164336327e-01,0.000000000000000000e+00,0.000000000000000000e+00,0.000000000000000000e+00,1.000000000000000056e-01
9.103148023693028446e-01,-4.137914623820509452e-01,1.017773290378376494e-02,7.380287695889246713e+00,4.137893004234582395e-01,9.103694730006273161e-01,2.416088496970582138e-03,-1.490905261048435682e+00,-1.026525413236467968e-02,2.012035855526976211e-03,9.999452866378810700e-01,-2.856950271532535113e-01,0.000000000000000000e+00,0.000000000000000000e+00,0.000000000000000000e+00,1.000000000000000056e-01
8.937241438170481223e-01,-4.485191204360291506e-01,9.367676434158459312e-03,7.454340960391746762e+00,4.485147887850591264e-01,8.937714041831776868e-01,2.676061569658563788e-03,-1.382812035131001815e+00,-9.572826101947389324e-03,1.809880582128551131e-03,9.999525415401974149e-01,-3.022220809810116093e-01,0.000000000000000000e+00,0.000000000000000000e+00,0.000000000000000000e+00,1.000000000000000056e-01
8.763570803129259179e-01,-4.813620866039109436e-01,1.699439218486591477e-02,7.534193584306343006e+00,4.814347823415419669e-01,8.764818907236124890e-01,-2.135071748403487291e-04,-1.249375938875284531e+00,-1.479250273470380551e-02,8.368800026916671173e-03,9.998555620933221588e-01,-2.877454574188560987e-01,0.000000000000000000e+00,0.000000000000000000e+00,0.000000000000000000e+00,1.000000000000000056e-01
8.604713173480122990e-01,-5.092047888910210540e-01,1.730881254815075376e-02,7.559956889650141676e+00,5.092972133066014928e-01,8.605899899809927867e-01,-1.103477523516903716e-03,-1.123537999973060364e+00,-1.433389477798752837e-02,9.764840754744024548e-03,9.998495823600308530e-01,-3.145931847827478367e-01,0.000000000000000000e+00,0.000000000000000000e+00,0.000000000000000000e+00,1.000000000000000056e-01
8.448469576785030410e-01,-5.347853954905494867e-01,1.543369273357408922e-02,7.560994212508511225e+00,5.348771520528143864e-01,8.449268289155310585e-01,-2.255214095233206914e-03,-9.464795391556634074e-01,-1.183428549800027638e-02,1.016044038226377767e-02,9.998783501696545395e-01,-3.285761047110291044e-01,0.000000000000000000e+00,0.000000000000000000e+00,0.000000000000000000e+00,1.000000000000000056e-01
8.345208651928819332e-01,-5.507898500435142175e-01,1.433410781202747349e-02,7.588043965279520187e+00,5.509160209512315998e-01,8.345320211102912333e-01,-6.916906883471798766e-03,-7.343659612050168484e-01,-8.152509858071718338e-03,1.366919275654162463e-02,9.998733368544230338e-01,-3.242539456020402389e-01,0.000000000000000000e+00,0.000000000000000000e+00,0.000000000000000000e+00,1.000000000000000056e-01
8.260974944669087217e-01,-5.633260846138884448e-01,1.505496692397891891e-02,7.606454981794881220e+00,5.634776592229441272e-01,8.260843246182961730e-01,-8.810004345358836766e-03,-5.255204614842696742e-01,-7.473766930243578091e-03,1.576106003794599739e-02,9.998478543230228111e-01,-3.318806778008677738e-01,0.000000000000000000e+00,0.000000000000000000e+00,0.000000000000000000e+00,1.000000000000000056e-01
8.111960526772468150e-01,-5.845251458669974420e-01,1.706803943101960555e-02,7.628851391741224397e+00,5.847010328532445955e-01,8.112108452379394041e-01,-7.852817882583006462e-03,-2.296440901486412334e-01,-9.255609175108096137e-03,1.634987515284169746e-02,9.998234920631161593e-01,-3.384393908518909533e-01,0.000000000000000000e+00,0.000000000000000000e+00,0.000000000000000000e+00,1.000000000000000056e-01
8.021911244085524473e-01,-5.967719348366927745e-01,1.877918292717881826e-02,7.631148463659410908e+00,5.969303597436864672e-01,8.022839758041593328e-01,-3.816776669409895593e-03,7.362111706851712234e-02,-1.278849234332732343e-02,1.427164878846360133e-02,9.998163703923053092e-01,-3.264657429081042062e-01,0.000000000000000000e+00,0.000000000000000000e+00,0.000000000000000000e+00,1.000000000000000056e-01
7.998455254952787641e-01,-6.000038775632255961e-01,1.557184171108668552e-02,7.625812552311868942e+00,6.001040448732078980e-01,7.999185595108440072e-01,-2.330981962866885381e-03,3.893168290176208801e-01,-1.105760697421327016e-02,1.120915068995773436e-02,9.998760344506780751e-01,-3.404938987683921447e-01,0.000000000000000000e+00,0.000000000000000000e+00,0.000000000000000000e+00,1.000000000000000056e-01
8.007428555042732654e-01,-5.989196483685625960e-01,1.030214331776550113e-02,7.570992326818274165e+00,5.989703098461844899e-01,8.007672738874146434e-01,-2.518132975837607083e-03,6.616957881295857380e-01,-6.741459903330583071e-03,8.187054964733479767e-03,9.999437608432667490e-01,-3.361566668077929365e-01,0.000000000000000000e+00,0.000000000000000000e+00,0.000000000000000000e+00,1.000000000000000056e-01
8.095446605856240208e-01,-5.870523186213383315e-01,2.649097698740127387e-03,7.530027489401602381e+00,5.870568144137675581e-01,8.095242387841476983e-01,-5.899446694879802167e-03,9.165982320442971343e-01,1.318775062774739295e-03,6.331036428342672051e-03,9.999790891864073217e-01,-3.483451129548757463e-01,0.000000000000000000e+00,0.000000000000000000e+00,0.000000000000000000e+00,1.000000000000000056e-01
8.205957380325461514e-01,-5.715075932189170871e-01,-1.305992320718285006e-03,7.525587419181728244e+00,5.714709616004702841e-01,8.205652502924745129e-01,-9.675229190183308806e-03,1.179550746227934210e+00,6.601118863853322645e-03,7.193115150588799168e-03,9.999523410263989609e-01,-3.370572328713120069e-01,0.000000000000000000e+00,0.000000000000000000e+00,0.000000000000000000e+00,1.000000000000000056e-01
8.364445140945144797e-01,-5.480048867365741039e-01,-7.156741858277114628e-03,7.489297188435735109e+00,5.479444919388234414e-01,8.364678917743784137e-01,-8.848716541467731289e-03,1.418061770945383993e+00,1.083552468023757896e-02,3.479963126417104195e-03,9.999352385337476612e-01,-3.604743731292309183e-01,0.000000000000000000e+00,0.000000000000000000e+00,0.000000000000000000e+00,1.000000000000000056e-01
8.549072591090444151e-01,-5.186917275131147642e-01,-9.616139148426447458e-03,7.489162059814576722e+00,5.186254290058410765e-01,8.549579949123138345e-01,-8.630835650339639675e-03,1.642688586122485805e+00,1.269813809849292680e-02,2.391389758419959054e-03,9.999165157871205967e-01,-3.427463142463273993e-01,0.000000000000000000e+00,0.000000000000000000e+00,0.000000000000000000e+00,1.000000000000000056e-01
8.780735970759542264e-01,-4.784627918145830661e-01,-7.753384234626145219e-03,7.420246725090983375e+00,4.783805179532201191e-01,8.780910963624209975e-01,-1.039742909811067900e-02,1.797329052165314689e+00,1.178296061707820135e-02,5.420640002469452601e-03,9.999158857129233358e-01,-3.229670108096164838e-01,0.000000000000000000e+00,0.000000000000000000e+00,0.000000000000000000e+00,1.000000000000000056e-01
8.984134643497815320e-01,-4.390181737644743287e-01,-1.078379244651822208e-02,7.355387998089434554e+00,4.389255954923912406e-01,8.984683489881370999e-01,-9.947235202853437624e-03,1.886943284856106517e+00,1.405591322801637635e-02,4.203447518043297408e-03,9.998923753746147280e-01,-3.246640760687574678e-01,0.000000000000000000e+00,0.000000000000000000e+00,0.000000000000000000e+00,1.000000000000000056e-01
8.919814572482882564e-01,-4.519204452165784258e-01,-1.170432058983206410e-02,7.423303793594977940e+00,4.518503882270227812e-01,8.920559160180674407e-01,-8.213973231960710469e-03,1.922670000736293572e+00,1.415297086511651224e-02,2.038110010793593111e-03,9.998977645355924260e-01,-3.276807465145747944e-01,0.000000000000000000e+00,0.000000000000000000e+00,0.000000000000000000e+00,1.000000000000000056e-01
8.872261723071208639e-01,-4.612240274000259932e-01,-1.010523241470072213e-02,7.449542749699418209e+00,4.611530337220681730e-01,8.872786610927637652e-01,-8.628850350161428040e-03,1.962368836406329864e+00,1.294599019728043081e-02,2.995683283078866190e-03,9.999117097121522635e-01,-3.346564697602140148e-01,0.000000000000000000e+00,0.000000000000000000e+00,0.000000000000000000e+00,1.000000000000000056e-01
8.873061329494899008e-01,-4.610643511482422907e-01,-1.036776400544744438e-02,7.490164505661127237e+00,4.609694242118617113e-01,8.873558391800637768e-01,-1.033463181876622533e-02,2.029773257089171334e+00,1.396482624335010532e-02,4.390759990610639679e-03,9.998928466864326348e-01,-3.458754961224762559e-01,0.000000000000000000e+00,0.000000000000000000e+00,0.000000000000000000e+00,1.000000000000000056e-01
8.828212322414390467e-01,-4.696190230650283404e-01,-9.200276036918728778e-03,7.482376884725717048e+00,4.695402573637035282e-01,8.828597132296460703e-01,-9.522261858094892631e-03,2.067361766133045009e+00,1.259438837475555795e-02,4.086554969097053527e-03,9.999123368825640901e-01,-3.462564980812286586e-01,0.000000000000000000e+00,0.000000000000000000e+00,0.000000000000000000e+00,1.000000000000000056e-01
8.805372796427595183e-01,-4.738966897551916135e-01,-8.719323276520430863e-03,7.524911419312221739e+00,4.738502346932333964e-01,8.805782661673789979e-01,-6.918976428654450769e-03,2.127705895291051696e+00,1.095692659902477127e-02,1.960763301454386976e-03,9.999380486644056099e-01,-3.601789540463760098e-01,0.000000000000000000e+00,0.000000000000000000e+00,0.000000000000000000e+00,1.000000000000000056e-01
8.775289828470798081e-01,-4.794807547010063176e-01,-6.410158712773207645e-03,7.502287114215969943e+00,4.794612753745933209e-01,8.775520477575659006e-01,-4.391912188476411114e-03,2.157621899684219358e+00,7.731085275556348960e-03,7.806073637275936193e-04,9.999698100305857151e-01,-3.706561086409816963e-01,0.000000000000000000e+00,0.000000000000000000e+00,0.000000000000000000e+00,1.000000000000000056e-01
8.754826073499728523e-01,-4.832056615479773387e-01,-6.518655971513446015e-03,7.468022081583777450e+00,4.831926168890773865e-01,8.755068743059550851e-01,-3.550778351552012855e-03,2.193565169546356497e+00,7.422884316667512777e-03,-4.112174813659811093e-05,9.999724491691874828e-01,-3.833996020537165927e-01,0.000000000000000000e+00,0.000000000000000000e+00,0.000000000000000000e+00,1.000000000000000056e-01
8.747841550116984832e-01,-4.843868872572301698e-01,-1.104651952970073583e-02,7.386187721992691912e+00,4.843815122517622362e-01,8.748505156388695081e-01,-3.335547196491459292e-03,2.202106863525026714e+00,1.127974863038161066e-02,-2.432845999130647027e-03,9.999334220492781533e-01,-3.808042040950708196e-01,0.000000000000000000e+00,0.000000000000000000e+00,0.000000000000000000e+00,1.000000000000000056e-01
8.754180789729729684e-01,-4.830766200637019447e-01,-1.673816462756031256e-02,7.321908277274475907e+00,4.829937593763155568e-01,8.755780474306390504e-01,-8.950489432612222795e-03,2.218816629689265962e+00,1.897934168519404066e-02,-2.490087935597363675e-04,9.998198450640082280e-01,-4.002016808846899365e-01,0.000000000000000000e+00,0.000000000000000000e+00,0.000000000000000000e+00,1.000000000000000056e-01
8.749772088534862879e-01,-4.836145776393249163e-01,-2.306131569750541691e-02,7.295710636216067080e+00,4.834149497546404994e-01,8.752804421156237247e-01,-1.393319789555528404e-02,2.263780416623333291e+00,2.692341621490461009e-02,1.043045835870751344e-03,9.996369549564998458e-01,-4.017336927692421455e-01,0.000000000000000000e+00,0.000000000000000000e+00,0.000000000000000000e+00,1.000000000000000056e-01
8.790585626178744061e-01,-4.761671453895813255e-01,-2.282308348435671194e-02,7.370244966249877017e+00,4.759393918962547265e-01,8.793519643320846235e-01,-1.489355789351592615e-02,2.356727419424164083e+00,2.716134624093417479e-02,2.229905119398023494e-03,9.996285754186594597e-01,-3.976050679316104897e-01,0.000000000000000000e+00,0.000000000000000000e+00,0.000000000000000000e+00,1.000000000000000056e-01
8.831420828651856958e-01,-4.686208417426932504e-01,-2.132060404658138106e-02,7.395892703598875073e+00,4.684429271587514654e-01,8.833981449427429355e-01,-1.299775006150045119e-02,2.407685053988458890e+00,2.492559863839021242e-02,1.491373893501299688e-03,9.996881965575205031e-01,-3.860269787083365767e-01,0.000000000000000000e+00,0.000000000000000000e+00,0.000000000000000000e+00,1.000000000000000056e-01
8.851679043475931818e-01,-4.648525921624943047e-01,-1.974458590854407183e-02,7.387021814102409323e+00,4.647072697690957099e-01,8.853873235218049365e-01,-1.168078638823606859e-02,2.446102425492114207e+00,2.291144990268009426e-02,1.164004598125940870e-03,9.997368206466402674e-01,-3.876812404773351539e-01,0.000000000000000000e+00,0.000000000000000000e+00,0.000000000000000000e+00,1.000000000000000056e-01
8.904019765498848438e-01,-4.547632468776715009e-01,-1.935741318814041337e-02,7.353633604088011921e+00,4.544633391485972118e-01,8.905827206887814151e-01,-1.804136858653230049e-02,2.463158950057767971e+00,2.544392905911924477e-02,7.266835614351978279e-03,9.996498384805494464e-01,-3.851407752977809018e-01,0.000000000000000000e+00,0.000000000000000000e+00,0.000000000000000000e+00,1.000000000000000056e-01
8.950748122548368713e-01,-4.453882858239014420e-01,-2.168767663478742697e-02,7.383118976921981158e+00,4.448775350801648099e-01,8.952508779620675927e-01,-2.469502559512651296e-02,2.508358422850589076e+00,3.041478666644163026e-02,1.245553527528634082e-02,9.994597542637927434e-01,-3.740637857878107431e-01,0.000000000000000000e+00,0.000000000000000000e+00,0.000000000000000000e+00,1.000000000000000056e-01
9.003749097507798282e-01,-4.345111975125490744e-01,-2.291377593251730377e-02,7.395682569471214052e+00,4.338084095842382748e-01,9.005036625717695031e-01,-3.005690384624677344e-02,2.517682503141900785e+00,3.369400043433291858e-02,1.712229339309738127e-02,9.992855154577653387e-01,-3.777473033337966912e-01,0.000000000000000000e+00,0.000000000000000000e+00,0.000000000000000000e+00,1.000000000000000056e-01
9.066968416699754396e-01,-4.210465783768121417e-01,-2.491216857020862180e-02,7.377118638728805244e+00,4.203566524896878986e-01,9.069064431550837302e-01,-2.865288940855176270e-02,2.509673481011556628e+00,3.465720723536768605e-02,1.550748854502126406e-02,9.992789379275792694e-01,-3.623756714487231800e-01,0.000000000000000000e+00,0.000000000000000000e+00,0.000000000000000000e+00,1.000000000000000056e-01
9.121478167764945910e-01,-4.091094319482246333e-01,-2.481598357662628124e-02,7.364215474372910464e+00,4.084493682295930461e-01,9.123591782032792752e-01,-2.774605451380904309e-02,2.531186480927670956e+00,3.399226298322571838e-02,1.517243023506356474e-02,9.993069215301380037e-01,-3.702009324068238905e-01,0.000000000000000000e+00,0.000000000000000000e+00,0.000000000000000000e+00,1.000000000000000056e-01
9.191767327984190494e-01,-3.932118680131688193e-01,-2.232847365177551696e-02,7.341474795367793682e+00,3.925546319948053919e-01,9.192769907530753404e-01,-2.882143597035167690e-02,2.499270282796046683e+00,3.185898274343745146e-02,1.772684759240824096e-02,9.993351610410737829e-01,-3.569403205409056867e-01,0.000000000000000000e+00,0.000000000000000000e+00,0.000000000000000000e+00,1.000000000000000056e-01
9.246036321112534040e-01,-3.804462587527803197e-01,-1.920332491238213590e-02,7.347324217598217189e+00,3.797799353059697069e-01,9.245539866272977081e-01,-3.109865834025760112e-02,2.459829700311671363e+00,2.958587882202416003e-02,2.146089496230509791e-02,9.993318296550677271e-01,-3.452285996371545762e-01,0.000000000000000000e+00,0.000000000000000000e+00,0.000000000000000000e+00,1.000000000000000056e-01
9.050811985165003737e-01,-4.249703819450226239e-01,-1.510624246584296899e-02,7.355465762737613211e+00,4.244527415576087592e-01,9.049969239874621207e-01,-2.864328468352573057e-02,2.474485613669849648e+00,2.584365059671461101e-02,1.951261240155376456e-02,9.994755443136673634e-01,-3.339161810536077080e-01,0.000000000000000000e+00,0.000000000000000000e+00,0.000000000000000000e+00,1.000000000000000056e-01
8.847283945893728019e-01,-4.658342105829299529e-01,-1.594227267015684360e-02,7.289298232554004997e+00,4.654283794388481832e-01,8.847684142364120596e-01,-2.369128072756799402e-02,2.491423831309095061e+00,2.514142836512437904e-02,1.354036263042404480e-02,9.995922004295541008e-01,-3.306704075275886945e-01,0.000000000000000000e+00,0.000000000000000000e+00,0.000000000000000000e+00,1.000000000000000056e-01
8.669256094098394261e-01,-4.981607633657509360e-01,-1.660847952796581234e-02,7.203825462222493314e+00,4.978409444556633479e-01,8.670369443015043531e-01,-2.003325335044797706e-02,2.546104520677923588e+00,2.437994612118021820e-02,9.098959235123771361e-03,9.996613562441862832e-01,-3.258712222258224323e-01,0.000000000000000000e+00,0.000000000000000000e+00,0.000000000000000000e+00,1.000000000000000056e-01
8.484665723985598262e-01,-5.288921637956328636e-01,-1.943076421072621046e-02,7.111512312436542693e+00,5.286436470153609291e-01,8.486802146363309207e-01,-1.666696598454105518e-02,2.617177006138352358e+00,2.530553284437918327e-02,3.869413444533086055e-03,9.996722751217307357e-01,-3.343077256721166957e-01,0.000000000000000000e+00,0.000000000000000000e+00,0.000000000000000000e+00,1.000000000000000056e-01
8.337729235286992502e-01,-5.518126212312154388e-01,-1.804281132033147897e-02,7.037549755053124301e+00,5.516045229433080843e-01,8.339630353882878655e-01,-1.543067964928333813e-02,2.705968638746720778e+00,2.356188148029201082e-02,2.913186552310208753e-03,9.997181358189017875e-01,-3.227284995164867443e-01,0.000000000000000000e+00,0.000000000000000000e+00,0.000000000000000000e+00,1.000000000000000056e-01
8.238798769713812087e-01,-5.665048963634423673e-01,-1.715082265861166480e-02,6.965628026092440805e+00,5.663188877574804048e-01,8.240548479688309946e-01,-1.471478536021270794e-02,2.818642655850998935e+00,2.246921651398021622e-02,2.410380740081576045e-03,9.997446295799421456e-01,-3.079168758663400340e-01,0.000000000000000000e+00,0.000000000000000000e+00,0.000000000000000000e+00,1.000000000000000056e-01
8.160824910669857157e-01,-5.777354446140620103e-01,-1.520275667420696586e-02,6.839542981243043940e+00,5.775870663378649406e-01,8.162215553605004503e-01,-1.324965524473565442e-02,2.868556255948681244e+00,2.006361316218883278e-02,2.031896030199029958e-03,9.997966407352049112e-01,-3.078494870292370900e-01,0.000000000000000000e+00,0.000000000000000000e+00,0.000000000000000000e+00,1.000000000000000056e-01
