1.000000000000000000e+00,-4.361114095970089376e-13,-1.409318005995375599e-13,-3.437616206423699701e-21,4.361114095970102503e-13,1.000000000000000000e+00,9.662656157534560208e-15,1.142133614352476106e-19,1.409318005995333694e-13,-9.662656157596021939e-15,1.000000000000000000e+00,4.185707609485059979e-20,0.000000000000000000e+00,0.000000000000000000e+00,0.000000000000000000e+00,1.000000000000000056e-01
9.999966540360795131e-01,-2.141429398708484012e-03,-1.451274190474070337e-03,6.253726500165401880e-01,2.138659310515367111e-03,9.999958935910764346e-01,-1.907599889385709017e-03,-3.159542147145184918e-03,1.455353221432887593e-03,1.904489725565736494e-03,9.999971274288171896e-01,1.251647079550234458e-02,0.000000000000000000e+00,0.000000000000000000e+00,0.000000000000000000e+00,1.000000000000000056e-01
9.999870125165924994e-01,-4.287514964063566907e-03,-2.755360878944612072e-03,1.256102153579108593e+00,4.287555598304457379e-03,9.999908083521745761e-01,8.840588353323875013e-06,-8.434252117131687751e-03,2.755297648482924345e-03,-2.065423649819738452e-05,9.999962039469303399e-01,1.951496511548352075e-02,0.000000000000000000e+00,0.000000000000000000e+00,0.000000000000000000e+00,1.000000000000000056e-01
9.999636747449975882e-01,-8.375990884873249151e-03,-1.578596584683944091e-03,1.986087790657262930e+00,8.376822385545401942e-03,9.999647781553380188e-01,5.208603139674302307e-04,-6.772607490376731341e-03,1.574178262358170858e-03,-5.340650167920307822e-04,9.999986183677236351e-01,2.649788991651270270e-02,0.000000000000000000e+00,0.000000000000000000e+00,0.000000000000000000e+00,1.000000000000000056e-01
9.999078933622379539e-01,-1.332990751342981277e-02,-2.553107435025971182e-03,2.702565032874241435e+00,1.332595260169809094e-02,9.999099888670168745e-01,-1.559856153469750669e-03,-9.022854694320512833e-03,2.573670365193122828e-03,1.525689891697863112e-03,9.999955242355865748e-01,2.485071679037711284e-02,0.000000000000000000e+00,0.000000000000000000e+00,0.000000000000000000e+00,1.000000000000000056e-01
9.997970293892826099e-01,-1.995222883423338617e-02,-2.794385247653320952e-03,3.449169339477769380e+00,1.995216522243625085e-02,9.998009344556093581e-01,-5.064214495503313905e-05,-4.965010096506835245e-03,2.794839405497559059e-03,-5.122170068373923656e-06,9.999960944156036646e-01,3.525036851666508986e-02,0.000000000000000000e+00,0.000000000000000000e+00,0.000000000000000000e+00,1.000000000000000056e-01
9.997039408622869772e-01,-2.419851468679195053e-02,-2.542146999319142096e-03,4.197349223995104239e+00,2.420012663870739142e-02,9.997069508318325859e-01,6.052513448288901693e-04,1.549102494491097319e-02,2.526755841698590053e-03,-6.665924339553736195e-04,9.999965855738925935e-01,5.165262195279671231e-02,0.000000000000000000e+00,0.000000000000000000e+00,0.000000000000000000e+00,1.000000000000000056e-01
9.995417377575699369e-01,-3.006118535424940480e-02,-3.555223716551626778e-03,4.965402212977279461e+00,3.007061994471398048e-02,9.995443147384143190e-01,2.630720481986025330e-03,3.828444445390109807e-02,3.474521077478151879e-03,-2.736422703317600846e-03,9.999902197992093233e-01,6.654006009932253440e-02,0.000000000000000000e+00,0.000000000000000000e+00,0.000000000000000000e+00,1.000000000000000056e-01
9.994200148003073991e-01,-3.388113695006286785e-02,-3.420902735310630931e-03,5.750957037146410933e+00,3.388670727555462281e-02,9.994244258581326257e-01,1.583688152024098584e-03,8.701146299030214359e-02,3.365276596989421817e-03,-1.698692765944611683e-03,9.999928946529134111e-01,6.355806945410746867e-02,0.000000000000000000e+00,0.000000000000000000e+00,0.000000000000000000e+00,1.000000000000000056e-01
9.993532352079038672e-01,-3.591152638943154868e-02,-1.863746730966801953e-03,6.539539454345669967e+00,3.591414277964858487e-02,9.993539125854242755e-01,1.389873593989951212e-03,1.235860617009173906e-01,1.812630105411423267e-03,-1.455909538884939299e-03,9.999972973461056514e-01,6.700507513455804254e-02,0.000000000000000000e+00,0.000000000000000000e+00,0.000000000000000000e+00,1.000000000000000056e-01
9.993124355428658623e-01,-3.700183451323665190e-02,2.349555711344686847e-03,7.326187007649664018e+00,3.700215856074304949e-02,9.993151811693963271e-01,-9.458447112259987691e-05,1.664373827300264230e-01,-2.344446892402005621e-03,1.814580711805346481e-04,9.999972353170468731e-01,8.164006658576734854e-02,0.000000000000000000e+00,0.000000000000000000e+00,0.000000000000000000e+00,1.000000000000000056e-01
9.990735075332929371e-01,-4.292656780103623615e-02,3.071859688575743434e-03,8.128389498606312102e+00,4.292418236393248654e-02,9.990779808210661361e-01,8.383357855517309257e-04,2.084250387391053949e-01,-3.105014252966404025e-03,-7.057020082930082075e-04,9.999949304227319091e-01,7.318093438094762371e-02,0.000000000000000000e+00,0.000000000000000000e+00,0.000000000000000000e+00,1.000000000000000056e-01
9.989545620166205842e-01,-4.558010866910851278e-02,3.498102327561270538e-03,8.962527673632727954e+00,4.556401101675258691e-02,9.989510531700039886e-01,4.551293289275578843e-03,2.615220265481461581e-01,-3.701881446923939011e-03,-4.387147621406741263e-03,9.999835243690272657e-01,7.873076310637548703e-02,0.000000000000000000e+00,0.000000000000000000e+00,0.000000000000000000e+00,1.000000000000000056e-01
9.989600451769655720e-01,-4.553468299944490871e-02,2.328257755250973116e-03,9.743209195096941500e+00,4.553053569390255739e-02,9.989613179250302899e-01,1.804330599626863827e-03,3.073273103715956633e-01,-2.407999057534892726e-03,-1.696447354487373499e-03,9.999956617940461978e-01,9.733967986510734527e-02,0.000000000000000000e+00,0.000000000000000000e+00,0.000000000000000000e+00,1.000000000000000056e-01
9.988961994659579791e-01,-4.685835062350834218e-02,3.267670318360783779e-03,1.052503402253268128e+01,4.685691596334027459e-02,9.989014791012368333e-01,5.142720736041873865e-04,3.587606962387263065e-01,-3.288178655366620021e-03,-3.605914663113675075e-04,9.999945289124959613e-01,9.739899283868679036e-02,0.000000000000000000e+00,0.000000000000000000e+00,0.000000000000000000e+00,1.000000000000000056e-01
9.987209202505141770e-01,-5.050504838322017465e-02,2.400737756343429303e-03,1.128527968841777174e+01,5.051006672565341860e-02,9.987213906055268930e-01,-2.077764744279207015e-03,4.059871756170798096e-01,-2.292730541555731884e-03,2.196368541734305610e-03,9.999949596632438098e-01,1.080643330986819362e-01,0.000000000000000000e+00,0.000000000000000000e+00,0.000000000000000000e+00,1.000000000000000056e-01
9.984739025525052325e-01,-5.521110981860502531e-02,1.264624121277562862e-03,1.211387723094633273e+01,5.520900087892133268e-02,9.984734634197530712e-01,1.645924820349478884e-03,4.688717363645611425e-01,-1.353566962305652755e-03,-1.573594344459257333e-03,9.999978458263385495e-01,1.192844876704074047e-01,0.000000000000000000e+00,0.000000000000000000e+00,0.000000000000000000e+00,1.000000000000000056e-01
9.983693898840954040e-01,-5.705713355214422910e-02,-1.744950793528022258e-03,1.295744046407112116e+01,5.706112442570965282e-02,9.983679681592092514e-01,2.329856846620286838e-03,5.344688706700417846e-01,1.609168025017380325e-03,-2.425626612823821374e-03,9.999957634479270663e-01,1.218605270988970118e-01,0.000000000000000000e+00,0.000000000000000000e+00,0.000000000000000000e+00,1.000000000000000056e-01
9.983437483689170389e-01,-5.746460078309179736e-02,-2.753134493680881728e-03,1.384465666122895833e+01,5.747599261116227015e-02,9.983378229463512055e-01,4.254591414168232104e-03,5.861118685699366893e-01,2.504069899589528997e-03,-4.405783878015261980e-03,9.999871592687369359e-01,1.322391013358757417e-01,0.000000000000000000e+00,0.000000000000000000e+00,0.000000000000000000e+00,1.000000000000000056e-01
9.977889175602778771e-01,-6.632721519603518301e-02,-4.239872430609777434e-03,1.477050716166463751e+01,6.636000478300679850e-02,9.977626434685540335e-01,8.127549682558635885e-03,6.801569323184767368e-01,3.691308587523121215e-03,-8.390936954952164101e-03,9.999579823262223499e-01,1.474969812292062088e-01,0.000000000000000000e+00,0.000000000000000000e+00,0.000000000000000000e+00,1.000000000000000056e-01
9.974653591227010674e-01,-7.107734581131362750e-02,-3.296704815406136836e-03,1.572568378025362179e+01,7.109317823815340665e-02,9.974573295127361350e-01,4.963447322084514612e-03,7.490894848357173563e-01,2.935533719638743280e-03,-5.185239988649887125e-03,9.999822478064502862e-01,1.384091257191864821e-01,0.000000000000000000e+00,0.000000000000000000e+00,0.000000000000000000e+00,1.000000000000000056e-01
9.970444240874866138e-01,-7.680816336232182406e-02,-1.709513661562815992e-03,1.665073891848619780e+01,7.681127752609356873e-02,9.970439569446231109e-01,1.837271079085093205e-03,8.458044882597032244e-01,1.563342848392244161e-03,-1.963150813231941735e-03,9.999968509940533323e-01,1.486231988699242557e-01,0.000000000000000000e+00,0.000000000000000000e+00,0.000000000000000000e+00,1.000000000000000056e-01
9.968943026730099355e-01,-7.874956671188756974e-02,5.050156267162365670e-04,1.754606639435837323e+01,7.874695591515121218e-02,9.968867241432934900e-01,3.971921568997776632e-03,9.441570288959643120e-01,-8.162304763304967844e-04,-3.919817539504439306e-03,9.999919843670080910e-01,1.770552380266393333e-01,0.000000000000000000e+00,0.000000000000000000e+00,0.000000000000000000e+00,1.000000000000000056e-01
9.967837110758515085e-01,-8.012933567409073754e-02,1.234057649449185612e-03,1.848063918692987073e+01,8.012080873418496452e-02,9.967679219196791118e-01,5.862238455116779851e-03,1.022494534029929403e+00,-1.699806351742163928e-03,-5.744510105604394568e-03,9.999820554700035169e-01,1.933111883727545721e-01,0.000000000000000000e+00,0.000000000000000000e+00,0.000000000000000000e+00,1.000000000000000056e-01
9.964791417590782574e-01,-8.383140538932234986e-02,1.271026963450982376e-03,1.941941346177826944e+01,8.382539327315627342e-02,9.964715524363642052e-01,4.212912016999382017e-03,1.107939535114505158e+00,-1.619716546625101297e-03,-4.091534615933986943e-03,9.999903178845259699e-01,2.112142544213056472e-01,0.000000000000000000e+00,0.000000000000000000e+00,0.000000000000000000e+00,1.000000000000000056e-01
9.963774290546318912e-01,-8.503539240546827138e-02,1.000454361842913285e-03,2.035590561957181066e+01,8.502935413111699370e-02,9.963657819210598454e-01,5.023699123170713605e-03,1.182772112211721627e+00,-1.424010718779777744e-03,-4.920432428463682693e-03,9.999868806830366497e-01,2.191679828326697221e-01,0.000000000000000000e+00,0.000000000000000000e+00,0.000000000000000000e+00,1.000000000000000056e-01
9.966164144971411121e-01,-8.208941207401253271e-02,4.129259038335373645e-03,2.128379192074358528e+01,8.206396149029056286e-02,9.966090289821682990e-01,5.995796505865328210e-03,1.275391102559914724e+00,-4.607448250693161641e-03,-5.636645861024601467e-03,9.999734994708883162e-01,2.327078989173350931e-01,0.000000000000000000e+00,0.000000000000000000e+00,0.000000000000000000e+00,1.000000000000000056e-01
9.967591924676715287e-01,-8.005697410965825767e-02,7.873571464132599756e-03,2.222842758545720088e+01,8.001053068596816753e-02,9.967756754805584540e-01,6.047127386293629260e-03,1.363287539875714049e+00,-8.332299235207535348e-03,-5.397561179072034483e-03,9.999507183470459637e-01,2.240500170302106853e-01,0.000000000000000000e+00,0.000000000000000000e+00,0.000000000000000000e+00,1.000000000000000056e-01
9.967953608375906827e-01,-7.911741935204637255e-02,1.180858025885905653e-02,2.318950895557243541e+01,7.904972762277649723e-02,9.968520479640503584e-01,6.093852036553524393e-03,1.450629281326050846e+00,-1.225353726163683384e-02,-5.140858386592752488e-03,9.999117073020130642e-01,2.337397319623753245e-01,0.000000000000000000e+00,0.000000000000000000e+00,0.000000000000000000e+00,1.000000000000000056e-01
9.968914325950432032e-01,-7.724028897743132061e-02,1.553735425628964897e-02,2.412015405191446149e+01,7.716524259699653054e-02,9.970038351416420364e-01,5.373829900931006986e-03,1.527328518281458658e+00,-1.590587795593856671e-02,-4.158181277959123109e-03,9.998648471543093441e-01,2.399150085661909404e-01,0.000000000000000000e+00,0.000000000000000000e+00,0.000000000000000000e+00,1.000000000000000056e-01
9.971155372714036735e-01,-7.496131898148876427e-02,1.189142499936070643e-02,2.507935771430114258e+01,7.491863582146236766e-02,9.971816443117764717e-01,3.995779562585404995e-03,1.591861056152887866e+00,-1.215743964044335365e-02,-3.093364546440102291e-03,9.999213107825893898e-01,2.426577951848007952e-01,0.000000000000000000e+00,0.000000000000000000e+00,0.000000000000000000e+00,1.000000000000000056e-01
9.971831738742342743e-01,-7.446995808596879041e-02,8.941089686543345766e-03,2.604289381034775985e+01,7.443508939469870023e-02,9.972171350179804827e-01,4.171701491489221598e-03,1.665359673085593739e+00,-9.226874276371945655e-03,-3.494419723635225870e-03,9.999513257263490384e-01,2.359812785941285129e-01,0.000000000000000000e+00,0.000000000000000000e+00,0.000000000000000000e+00,1.000000000000000056e-01
9.973395170195885617e-01,-7.247242901240408264e-02,7.850784940113018223e-03,2.698519525831857280e+01,7.244133179986250726e-02,9.973639332865640306e-01,4.175886279151614332e-03,1.741670640775432988e+00,-8.132726369187728843e-03,-3.596055088041707083e-03,9.999604627932084933e-01,2.495812873156195155e-01,0.000000000000000000e+00,0.000000000000000000e+00,0.000000000000000000e+00,1.000000000000000056e-01
9.973779010873199402e-01,-7.185944540152128246e-02,8.575694096572706454e-03,2.794055499620501237e+01,7.185454361042081795e-02,9.974147343948905897e-01,8.787346060655731005e-04,1.810633965346365448e+00,-8.616669031031892745e-03,-2.602278915586624824e-04,9.999628419577669680e-01,2.593874012213328029e-01,0.000000000000000000e+00,0.000000000000000000e+00,0.000000000000000000e+00,1.000000000000000056e-01
9.975014282080894024e-01,-6.922420047373492591e-02,1.410357371711256670e-02,2.894414345790112719e+01,6.928976245729345784e-02,9.975876772985359242e-01,-4.213658828608810372e-03,1.897504999081125909e+00,-1.377786418258346475e-02,5.180363972176570478e-03,9.998916612752013489e-01,2.645002440914513975e-01,0.000000000000000000e+00,0.000000000000000000e+00,0.000000000000000000e+00,1.000000000000000056e-01
9.974038348467463289e-01,-6.983784137208021159e-02,1.755750966090094053e-02,2.992378038461885836e+01,6.999846691491390382e-02,9.975091074047810480e-01,-8.706048132109891688e-03,1.931744960482647100e+00,-1.690576418166813213e-02,9.912444552433613901e-03,9.998079508487761613e-01,2.603900219640520874e-01,0.000000000000000000e+00,0.000000000000000000e+00,0.000000000000000000e+00,1.000000000000000056e-01
9.972291671928767975e-01,-7.160474475197309285e-02,2.016801003585048588e-02,3.083922343368238828e+01,7.190374766330814849e-02,9.973060015667919442e-01,-1.451173011151169097e-02,1.986689441400097511e+00,-1.907456871786866390e-02,1.592167603811945470e-02,9.996912828770512238e-01,2.687241411300007599e-01,0.000000000000000000e+00,0.000000000000000000e+00,0.000000000000000000e+00,1.000000000000000056e-01
9.974452031694256426e-01,-7.011550102968965026e-02,1.367052265492016069e-02,3.175428721818025224e+01,7.030206093321385297e-02,9.974319410386738305e-01,-1.368003013030728854e-02,2.052324395583559724e+00,-1.267623378002243409e-02,1.460614634936329564e-02,9.998129693027467679e-01,2.542818384891074590e-01,0.000000000000000000e+00,0.000000000000000000e+00,0.000000000000000000e+00,1.000000000000000056e-01
9.974857131742196348e-01,-6.989327283633503529e-02,1.171249015128561326e-02,3.274051241299174819e+01,7.006406340846804692e-02,9.974316923514642275e-01,-1.486761956697141285e-02,2.101540868279977214e+00,-1.064326228242550194e-02,1.565086275959419460e-02,9.998208696875995338e-01,2.585789968727673638e-01,0.000000000000000000e+00,0.000000000000000000e+00,0.000000000000000000e+00,1.000000000000000056e-01
9.973000393168371946e-01,-7.278533764962645536e-02,9.743007844853709271e-03,3.368968349640775273e+01,7.287983430149354291e-02,9.972933352864945533e-01,-9.722815709781600785e-03,2.183039099550972750e+00,-9.008958364975089284e-03,1.040663328696664336e-02,9.999052658391237580e-01,2.475142528305454837e-01,0.000000000000000000e+00,0.000000000000000000e+00,0.000000000000000000e+00,1.000000000000000056e-01
9.969798545868836515e-01,-7.683440309941071134e-02,1.129796655481061368e-02,3.464336518700288536e+01,7.696712238571724873e-02,9.969635327874833974e-01,-1.182270542483810846e-02,2.261977292843827758e+00,-1.035527013546122185e-02,1.265657110981250819e-02,9.998662808536769031e-01,2.600235741587157423e-01,0.000000000000000000e+00,0.000000000000000000e+00,0.000000000000000000e+00,1.000000000000000056e-01
9.969431501629076875e-01,-7.724002922620715195e-02,1.176151471507009064e-02,3.562119107636652160e+01,7.737661567525783157e-02,9.969340138479917401e-01,-1.163749885394411120e-02,2.338329905129735042e+00,-1.082657332222845131e-02,1.251199097133513620e-02,9.998631083263506136e-01,2.522697009553114267e-01,0.000000000000000000e+00,0.000000000000000000e+00,0.000000000000000000e+00,1.000000000000000056e-01
9.969749803577853120e-01,-7.674630920844389970e-02,1.228383341940121436e-02,3.659867926060038457e+01,7.687922730248016034e-02,9.969825608006850359e-01,-1.074047804717848283e-02,2.412135603791132787e+00,-1.142247564966839511e-02,1.165235951171494054e-02,9.998668659215798060e-01,2.543316336183687465e-01,0.000000000000000000e+00,0.000000000000000000e+00,0.000000000000000000e+00,1.000000000000000056e-01
9.969034539036576437e-01,-7.761218592615883038e-02,1.264326661591901393e-02,3.759641125238086801e+01,7.772567112770910336e-02,9.969364231120909636e-01,-8.745760128037217973e-03,2.495987201600107230e+00,-1.192575543540400074e-02,9.701384861622062289e-03,9.998818227616009802e-01,2.568721039658868888e-01,0.000000000000000000e+00,0.000000000000000000e+00,0.000000000000000000e+00,1.000000000000000056e-01
9.967881458940037742e-01,-7.859148110334199244e-02,1.538737479810407469e-02,3.858809799678653718e+01,7.875604883505910037e-02,9.968396963045399461e-01,-1.039733828258234023e-02,2.576905042216668384e+00,-1.452160380550557295e-02,1.157579238997083655e-02,9.998275471567384942e-01,2.735826761919994965e-01,0.000000000000000000e+00,0.000000000000000000e+00,0.000000000000000000e+00,1.000000000000000056e-01
9.966533831636055218e-01,-8.032255579976869952e-02,1.517632558732039637e-02,3.960839935683544866e+01,8.043758289562553954e-02,9.967341718236335524e-01,-7.126428064938006984e-03,2.632800121128453963e+00,-1.455434939970459522e-02,8.323325588273618528e-03,9.998594367033312169e-01,2.659833030106071305e-01,0.000000000000000000e+00,0.000000000000000000e+00,0.000000000000000000e+00,1.000000000000000056e-01
9.963237601724188597e-01,-8.396756895478352245e-02,1.698270531205591655e-02,4.062478378751296049e+01,8.417011374057242756e-02,9.963840574417733853e-01,-1.158455992983339553e-02,2.725059709813117514e+00,-1.594856949044512473e-02,1.297140854697271042e-02,9.997886705156825426e-01,2.771602456621561905e-01,0.000000000000000000e+00,0.000000000000000000e+00,0.000000000000000000e+00,1.000000000000000056e-01
9.964291444002496556e-01,-8.297490359393519532e-02,1.562451802020233330e-02,4.164705210734997110e+01,8.317664495526169710e-02,9.964534204666933848e-01,-1.273681962711279043e-02,2.818390960599793438e+00,-1.451226804372107715e-02,1.399093327138776176e-02,9.997968032867592392e-01,2.897004808259228681e-01,0.000000000000000000e+00,0.000000000000000000e+00,0.000000000000000000e+00,1.000000000000000056e-01
9.962900391906938102e-01,-8.472522114206405830e-02,1.509286956924012213e-02,4.270442952163426753e+01,8.492305392369968453e-02,9.963028715553730041e-01,-1.298703364092094678e-02,2.908342683949190821e+00,-1.393673999463818786e-02,1.422058483137593476e-02,9.998017514714482301e-01,2.985553092128425123e-01,0.000000000000000000e+00,0.000000000000000000e+00,0.000000000000000000e+00,1.000000000000000056e-01
9.964106261107417151e-01,-8.386409298969406401e-02,1.151859716352986000e-02,4.377772192474291302e+01,8.401814501478975517e-02,9.963712348959876675e-01,-1.361299306245390174e-02,2.988598831890438401e+00,-1.033515756403797191e-02,1.453190210745327303e-02,9.998409915277858273e-01,3.051806142837161784e-01,0.000000000000000000e+00,0.000000000000000000e+00,0.000000000000000000e+00,1.000000000000000056e-01
9.964429634543477965e-01,-8.334558636872205217e-02,1.244724126749705700e-02,4.481115015120479939e+01,8.352361567256802455e-02,9.963996930632174065e-01,-1.454157104673471819e-02,3.065319521787027046e+00,-1.119045161280534523e-02,1.552948474290043700e-02,9.998167876647808816e-01,3.128544019877710358e-01,0.000000000000000000e+00,0.000000000000000000e+00,0.000000000000000000e+00,1.000000000000000056e-01
9.964133441447664552e-01,-8.335500678715256073e-02,1.457362184760382408e-02,4.581818406155282020e+01,8.356199722350364512e-02,9.964010837127165177e-01,-1.422227113168767279e-02,3.163236519061391139e+00,-1.333567509586122170e-02,1.538906168802434832e-02,9.997926467773704529e-01,3.253881016064974485e-01,0.000000000000000000e+00,0.000000000000000000e+00,0.000000000000000000e+00,1.000000000000000056e-01
9.959974922021443966e-01,-8.852049415313933967e-02,1.237407135600017243e-02,4.676447277607836384e+01,8.866646528791738424e-02,9.959915736453843760e-01,-1.179165640346431509e-02,3.240886349891333396e+00,-1.128066755054419647e-02,1.284162537511681842e-02,9.998539089273689173e-01,3.388150927479510188e-01,0.000000000000000000e+00,0.000000000000000000e+00,0.000000000000000000e+00,1.000000000000000056e-01
9.962145594000505477e-01,-8.665728901246787241e-02,6.860459195470578267e-03,4.772092522285943517e+01,8.673700861970530529e-02,9.961549498419729476e-01,-1.232912166545273303e-02,3.344191618202240868e+00,-5.765672126323879640e-03,1.287750621611128202e-02,9.999004584750352809e-01,3.326587793442846164e-01,0.000000000000000000e+00,0.000000000000000000e+00,0.000000000000000000e+00,1.000000000000000056e-01
9.962777367629445102e-01,-8.606027106923913594e-02,4.929601808888816640e-03,4.866919960503121700e+01,8.611717235569352202e-02,9.962026497723298624e-01,-1.281066790017004395e-02,3.429749562708436894e+00,-3.808392832270875335e-03,1.318750659062413108e-02,9.999057884690724096e-01,3.401508226044621108e-01,0.000000000000000000e+00,0.000000000000000000e+00,0.000000000000000000e+00,1.000000000000000056e-01
9.963506824105947679e-01,-8.516362780686891065e-02,5.698610244203108910e-03,4.963552074790710122e+01,8.523679518718489667e-02,9.962603432722686447e-01,-1.414274263498137806e-02,3.534532933459378690e+00,-4.472852128130765798e-03,1.457686254975784114e-02,9.998837475787099027e-01,3.469380389439511436e-01,0.000000000000000000e+00,0.000000000000000000e+00,0.000000000000000000e+00,1.000000000000000056e-01
9.967565700611145108e-01,-7.995647232801114668e-02,9.127024315865740756e-03,5.064445695129855807e+01,8.009893109194848870e-02,9.966505699960284126e-01,-1.648643577366014010e-02,3.613755342603710119e+00,-7.778256741051012106e-03,1.716402806603740602e-02,9.998224316660526689e-01,3.626301754667159982e-01,0.000000000000000000e+00,0.000000000000000000e+00,0.000000000000000000e+00,1.000000000000000056e-01
9.968101415914701890e-01,-7.933473139803574881e-02,8.691490918978014846e-03,5.158879784664158308e+01,7.946448515017585923e-02,9.967129792245604802e-01,-1.576808945681936261e-02,3.698678280591973344e+00,-7.411964666040826710e-03,1.640845633514309218e-02,9.998378995319626705e-01,3.665795468280804159e-01,0.000000000000000000e+00,0.000000000000000000e+00,0.000000000000000000e+00,1.000000000000000056e-01
9.968813792601235457e-01,-7.775174609456178554e-02,1.349746878790947929e-02,5.253749066933616518e+01,7.798897952100591890e-02,9.967909491720889914e-01,-1.804224824898570737e-02,3.780875990830535827e+00,-1.205133841969074568e-02,1.903863513628810747e-02,9.997461155785709597e-01,3.931280526206754611e-01,0.000000000000000000e+00,0.000000000000000000e+00,0.000000000000000000e+00,1.000000000000000056e-01
9.970584182337908219e-01,-7.534139080710551550e-02,1.407783578474103812e-02,5.353557550276624966e+01,7.558264472465169026e-02,9.969864584663539198e-01,-1.747184738784606645e-02,3.876896582657478607e+00,-1.271905835973005487e-02,1.848449258075805790e-02,9.997482428534063548e-01,4.205387050670290061e-01,0.000000000000000000e+00,0.000000000000000000e+00,0.000000000000000000e+00,1.000000000000000056e-01
9.970652348912638629e-01,-7.496873619040482495e-02,1.551147849955875416e-02,5.450316225598068343e+01,7.527170599675887808e-02,9.969631084447672098e-01,-1.996824169737537388e-02,3.939829081966193414e+00,-1.396737797749749224e-02,2.107721504755294059e-02,9.996802805688791427e-01,4.152806892451244014e-01,0.000000000000000000e+00,0.000000000000000000e+00,0.000000000000000000e+00,1.000000000000000056e-01
9.969681581200761089e-01,-7.552248471789919926e-02,1.873088350018530662e-02,5.543914241362766404e+01,7.586242765335650395e-02,9.969530043102837746e-01,-1.815486896781507223e-02,4.015071801343259139e+00,-1.730270976471839223e-02,1.952079657017017841e-02,9.996597194726133395e-01,4.244215712149016495e-01,0.000000000000000000e+00,0.000000000000000000e+00,0.000000000000000000e+00,1.000000000000000056e-01
9.969642197515654614e-01,-7.425647515421829326e-02,2.341624292714935066e-02,5.638332104772280928e+01,7.463812120677673634e-02,9.970844339928379707e-01,-1.586765111490929733e-02,4.099739083711448018e+00,-2.216969548448543756e-02,1.756722479086950464e-02,9.995998685550494534e-01,4.354618820883024988e-01,0.000000000000000000e+00,0.000000000000000000e+00,0.000000000000000000e+00,1.000000000000000056e-01
9.968879604102658387e-01,-7.462262370629041408e-02,2.541374471126993384e-02,5.734080830963644360e+01,7.499752757298358552e-02,9.970835801620654415e-01,-1.413170298080274057e-02,4.165911655820407233e+00,-2.428508280817227860e-02,1.599369258137234989e-02,9.995771288653081399e-01,4.200555057742021980e-01,0.000000000000000000e+00,0.000000000000000000e+00,0.000000000000000000e+00,1.000000000000000056e-01
9.969093563131803393e-01,-7.534255822327977359e-02,2.225385844325059037e-02,5.822619293333618629e+01,7.559678807624677088e-02,9.970798545588912543e-01,-1.081153390482940402e-02,4.233439319607708917e+00,-2.137430531726287886e-02,1.246043952643481612e-02,9.996938914082712513e-01,4.215717116001000409e-01,0.000000000000000000e+00,0.000000000000000000e+00,0.000000000000000000e+00,1.000000000000000056e-01
9.970615225949363003e-01,-7.487711831709015220e-02,1.617829759881628249e-02,5.912721749594999210e+01,7.499129777127042096e-02,9.971625495220737267e-01,-6.569253322755197293e-03,4.312338208799231687e+00,-1.564050572225961222e-02,7.763181252963202543e-03,9.998475421770989247e-01,4.254000551190456059e-01,0.000000000000000000e+00,0.000000000000000000e+00,0.000000000000000000e+00,1.000000000000000056e-01
9.971455846899847097e-01,-7.490642344036529954e-02,9.471571181233547077e-03,6.011338373699457804e+01,7.497292463485205616e-02,9.971618896508892549e-01,-6.872146648948392403e-03,4.375611229331431318e+00,-8.929921890211332119e-03,7.562642080685223755e-03,9.999315291257667715e-01,4.290935574241530048e-01,0.000000000000000000e+00,0.000000000000000000e+00,0.000000000000000000e+00,1.000000000000000056e-01
9.972941104382708755e-01,-7.290064623005919342e-02,9.484358933411835696e-03,6.103623392729969765e+01,7.293894834054166776e-02,9.973293319157724435e-01,-3.756795897396051839e-03,4.456814541386131978e+00,-9.185156510034406946e-03,4.438409588879020998e-03,9.999479653563017045e-01,4.362497449817483441e-01,0.000000000000000000e+00,0.000000000000000000e+00,0.000000000000000000e+00,1.000000000000000056e-01
9.970858988689986768e-01,-7.548906717790167253e-02,1.100504489819198461e-02,6.197973324492237168e+01,7.552141530796278868e-02,9.971409106079678342e-01,-2.553472497392567445e-03,4.536606507371094388e+00,-1.078082123417213253e-02,3.377147986539068801e-03,9.999361823461504484e-01,4.375326748473782335e-01,0.000000000000000000e+00,0.000000000000000000e+00,0.000000000000000000e+00,1.000000000000000056e-01
9.971923863805280952e-01,-7.388249240469492440e-02,1.219515726744951553e-02,6.285387387445831564e+01,7.393006882038626049e-02,9.972572965605229767e-01,-3.497053189469684267e-03,4.605489136432950659e+00,-1.190333856195730997e-02,4.388823631364887484e-03,9.999195211406827211e-01,4.481220899763081467e-01,0.000000000000000000e+00,0.000000000000000000e+00,0.000000000000000000e+00,1.000000000000000056e-01
9.973701265141371453e-01,-7.109140030608551708e-02,1.410118930069393685e-02,6.365875281555319987e+01,7.113563971238387462e-02,9.974631039047714420e-01,-2.660284076738127310e-03,4.680616529224536748e+00,-1.387629272839163187e-02,3.656384987790136949e-03,9.998970343735084088e-01,4.494338767723877748e-01,0.000000000000000000e+00,0.000000000000000000e+00,0.000000000000000000e+00,1.000000000000000056e-01
9.972710008105476476e-01,-7.250481158938437698e-02,1.391413808744990793e-02,6.446302217011192681e+01,7.252186314370209774e-02,9.973665599520012970e-01,-7.241931213950561540e-04,4.752964824523090215e+00,-1.382498855315595840e-02,1.731296017094377353e-03,9.999029314416506553e-01,4.606575977775756447e-01,0.000000000000000000e+00,0.000000000000000000e+00,0.000000000000000000e+00,1.000000000000000056e-01
9.971764827532192399e-01,-7.335581334439532364e-02,1.606197038040345013e-02,6.524457082994067036e+01,7.336097419365407435e-02,9.973054173122815058e-01,2.684491276119924563e-04,4.817016170089770455e+00,-1.603838237718334045e-02,9.106306377057167382e-04,9.998709621959049887e-01,4.612597217520019166e-01,0.000000000000000000e+00,0.000000000000000000e+00,0.000000000000000000e+00,1.000000000000000056e-01
9.965984388356918799e-01,-8.122495695532944149e-02,1.393047299507947125e-02,6.605784044439195668e+01,8.123570290279177875e-02,9.966948971440515725e-01,-2.063513939041343708e-04,4.883282045274572880e+00,-1.386767046591118498e-02,1.337301242540068916e-03,9.999029449607774733e-01,4.661092114976715939e-01,0.000000000000000000e+00,0.000000000000000000e+00,0.000000000000000000e+00,1.000000000000000056e-01
9.965078751916508493e-01,-8.243177392451363217e-02,1.330628906491246148e-02,6.680491434501702486e+01,8.241281882150465476e-02,9.965963355450874195e-01,1.967554827010874544e-03,4.946959733692877670e+00,-1.342318795647967460e-02,-8.640750900944833704e-04,9.999095316073968176e-01,4.701871175709762540e-01,0.000000000000000000e+00,0.000000000000000000e+00,0.000000000000000000e+00,1.000000000000000056e-01
9.963617339596934075e-01,-8.361733341760711757e-02,1.647533468436586726e-02,6.758802060390992494e+01,8.356335211540173724e-02,9.964946803587788615e-01,3.939314647570264956e-03,5.032973236063891243e+00,-1.674697835642381324e-02,-2.548248179417171577e-03,9.998565122792097970e-01,4.801296495222845406e-01,0.000000000000000000e+00,0.000000000000000000e+00,0.000000000000000000e+00,1.000000000000000056e-01
9.966731227616199007e-01,-7.921347022644702196e-02,1.918104531261800166e-02,6.832525742154815873e+01,7.909344458326673932e-02,9.968430590222501220e-01,6.938494297505677991e-03,5.114005617931231207e+00,-1.967011409612635930e-02,-5.398315834275996261e-03,9.997919507565555808e-01,4.773131472411104581e-01,0.000000000000000000e+00,0.000000000000000000e+00,0.000000000000000000e+00,1.000000000000000056e-01
9.962050250802853002e-01,-8.438802892227369179e-02,2.131216974879683590e-02,6.904808376608114884e+01,8.419519175758942431e-02,9.964011813255119199e-01,9.790584151476829089e-03,5.203791943530692521e+00,-2.206167921285178551e-02,-7.959046911402371111e-03,9.997249301095633145e-01,4.852234140207560831e-01,0.000000000000000000e+00,0.000000000000000000e+00,0.000000000000000000e+00,1.000000000000000056e-01
9.963383201774737019e-01,-8.414332642135952112e-02,1.516088271435553532e-02,6.972805328816815518e+01,8.393188432083265038e-02,9.963719823537898757e-01,1.408231425347057295e-02,5.278659444523925437e+00,-1.629081152933366944e-02,-1.275826787333116455e-02,9.997858951098420599e-01,4.815530858797008595e-01,0.000000000000000000e+00,0.000000000000000000e+00,0.000000000000000000e+00,1.000000000000000056e-01
9.963091790861704489e-01,-8.530877035356981830e-02,9.509646123964762138e-03,7.041616554713000653e+01,8.517664896024512711e-02,9.962740393382871762e-01,1.352689958845344938e-02,5.353725229943285591e+00,-1.062817672718723364e-02,-1.266697443491601217e-02,9.998632854636282374e-01,4.887157309524035598e-01,0.000000000000000000e+00,0.000000000000000000e+00,0.000000000000000000e+00,1.000000000000000056e-01
9.966485345976210386e-01,-8.151112219447789742e-02,6.901843450229736693e-03,7.115572345112883568e+01,8.142609354271879152e-02,9.966093435852378946e-01,1.181556469127282953e-02,5.428912733662452972e+00,-7.841541607808628564e-03,-1.121397508460485019e-02,9.999063741111039461e-01,4.985352148036619746e-01,0.000000000000000000e+00,0.000000000000000000e+00,0.000000000000000000e+00,1.000000000000000056e-01
9.968358260219521982e-01,-7.931363263872033553e-02,5.261524188142486028e-03,7.186568300050977598e+01,7.925622873587474804e-02,9.968006014300444528e-01,1.034462156236042388e-02,5.494471080556981413e+00,-6.065159989562796811e-03,-9.894880815445292882e-03,9.999326503159845503e-01,5.013238527240611031e-01,0.000000000000000000e+00,0.000000000000000000e+00,0.000000000000000000e+00,1.000000000000000056e-01
9.968877437600276448e-01,-7.835333528796913083e-02,8.693744319479853808e-03,7.254144059669192757e+01,7.824260039171974934e-02,9.968569757029900336e-01,1.242036538231017749e-02,5.566066219198994247e+00,-9.639596723050971802e-03,-1.170148885994950171e-02,9.998850700622934351e-01,5.103735837004776954e-01,0.000000000000000000e+00,0.000000000000000000e+00,0.000000000000000000e+00,1.000000000000000056e-01
9.968536659302634773e-01,-7.836496326683786706e-02,1.190383356662273392e-02,7.312966150308682245e+01,7.819844838740805382e-02,9.968414124370711393e-01,1.386366186355016995e-02,5.603228141205248924e+00,-1.295265961864899493e-02,-1.288918083712573166e-02,9.998330348743990070e-01,5.330430464289240833e-01,0.000000000000000000e+00,0.000000000000000000e+00,0.000000000000000000e+00,1.000000000000000056e-01
9.968329070963025673e-01,-7.900991862720081749e-02,9.032612493474905663e-03,7.371454863746907904e+01,7.891924424913938918e-02,9.968309578594596321e-01,9.989711714408325977e-03,5.632036826769057924e+00,-9.793274073508509425e-03,-9.245226417747266084e-03,9.999093046728816381e-01,5.409231372366324342e-01,0.000000000000000000e+00,0.000000000000000000e+00,0.000000000000000000e+00,1.000000000000000056e-01
9.967983799714786874e-01,-7.964667924822939338e-02,7.028240958106299861e-03,7.434089444674066272e+01,7.960121488335293594e-02,9.968054144051289311e-01,6.527817530645570882e-03,5.668998405768634896e+00,-7.525707629838548039e-03,-5.947461420538721275e-03,9.999539946554147907e-01,5.531414496874804687e-01,0.000000000000000000e+00,0.000000000000000000e+00,0.000000000000000000e+00,1.000000000000000056e-01
9.969404558480113865e-01,-7.814350056196733840e-02,1.822309929998660802e-03,7.496146942874577235e+01,7.813338855295548502e-02,9.969299609171359267e-01,5.081989668490782125e-03,5.686228689577649931e+00,-2.213839829808095065e-03,-4.924057846895590895e-03,9.999854261775660280e-01,5.666295450795635347e-01,0.000000000000000000e+00,0.000000000000000000e+00,0.000000000000000000e+00,1.000000000000000056e-01
9.974224655181910260e-01,-7.170701759977020362e-02,2.555172510682693701e-03,7.557291071065232302e+01,7.169761470685408200e-02,9.974199210308550834e-01,3.599052118311697832e-03,5.742191403595345633e+00,-2.806657257415611124e-03,-3.406575663194448805e-03,9.999902589112007467e-01,5.879568252638169845e-01,0.000000000000000000e+00,0.000000000000000000e+00,0.000000000000000000e+00,1.000000000000000056e-01
9.977151285819253479e-01,-6.737605630063454865e-02,4.998923496700301283e-03,7.614418092204012112e+01,6.734384101351302554e-02,9.977095873129098180e-01,6.355034339005981997e-03,5.800626633753783068e+00,-5.415651050318997725e-03,-6.003867193483404183e-03,9.999673116169468523e-01,5.824892936543083488e-01,0.000000000000000000e+00,0.000000000000000000e+00,0.000000000000000000e+00,1.000000000000000056e-01
9.979082736561368794e-01,-6.414468577381489400e-02,8.033470956384965167e-03,7.669314496761656130e+01,6.411049072102446844e-02,9.979329097986546770e-01,4.444380755467075561e-03,5.819067102150365933e+00,-8.301948454306855990e-03,-3.920054561951769045e-03,9.999578545239260485e-01,5.925149910126566999e-01,0.000000000000000000e+00,0.000000000000000000e+00,0.000000000000000000e+00,1.000000000000000056e-01
9.983138938520577099e-01,-5.691724233973153441e-02,1.139284277003642376e-02,7.726147680034198117e+01,5.692428857653491353e-02,9.983784544972984509e-01,-2.948993747410319304e-04,5.811365887888428006e+00,-1.135758389790171574e-02,9.429316126408993168e-04,9.999350559751247758e-01,6.091173218703067604e-01,0.000000000000000000e+00,0.000000000000000000e+00,0.000000000000000000e+00,1.000000000000000056e-01
9.987981301915940247e-01,-4.683457866422808397e-02,1.445051442405842837e-02,7.781185244992383332e+01,4.692508877078670898e-02,9.988804566640984151e-01,-5.989101633464699245e-03,5.827030226967839788e+00,-1.415383939535406338e-02,6.659995185164437753e-03,9.998776491623883045e-01,6.128014007377041716e-01,0.000000000000000000e+00,0.000000000000000000e+00,0.000000000000000000e+00,1.000000000000000056e-01
9.993008928616468056e-01,-3.452769848054669521e-02,1.433748804888698714e-02,7.831543125587755583e+01,3.453529795147669557e-02,9.994034386898610345e-01,-2.827194439353963255e-04,5.863132983656073272e+00,-1.431917320651765121e-02,7.776712143980381298e-04,9.998971729663825858e-01,6.150245173640067620e-01,0.000000000000000000e+00,0.000000000000000000e+00,0.000000000000000000e+00,1.000000000000000056e-01
9.997561004316336541e-01,-1.563894227751701921e-02,1.559368892128395155e-02,7.882761031351138570e+01,1.560625084976583268e-02,9.998757595376713825e-01,2.215947512663857775e-03,5.877552762207030490e+00,-1.562640662940352129e-02,-1.972048023043224997e-03,9.998759555277081379e-01,6.163538513883354275e-01,0.000000000000000000e+00,0.000000000000000000e+00,0.000000000000000000e+00,1.000000000000000056e-01
9.999025749229021320e-01,8.140846252277455196e-04,1.393477408403656984e-02,7.932737081386500222e+01,-8.913023121960754816e-04,9.999842787241723929e-01,5.536053168537639554e-03,5.883586877009474136e+00,-1.393004819584064968e-02,-5.547933914491908966e-03,9.998875807742297894e-01,6.257559691101921562e-01,0.000000000000000000e+00,0.000000000000000000e+00,0.000000000000000000e+00,1.000000000000000056e-01
9.996462315315034486e-01,2.307940788349519337e-02,1.321940681767039792e-02,7.984961090267458417e+01,-2.314148119186770422e-02,9.997217911141365043e-01,4.562041186716755958e-03,5.871690773268387176e+00,-1.311043985189833637e-02,-4.866343934631679746e-03,9.999022127506267399e-01,6.364325160238871737e-01,0.000000000000000000e+00,0.000000000000000000e+00,0.000000000000000000e+00,1.000000000000000056e-01
9.987140950899565661e-01,4.853987412506372001e-02,1.462999960943914615e-02,8.035929334803360291e+01,-4.861543070180229797e-02,9.988057778226852035e-01,4.853667242319063997e-03,5.833711312052989761e+00,-1.437693174246433558e-02,-5.558669619960532153e-03,9.998811954556043879e-01,6.540856641910928193e-01,0.000000000000000000e+00,0.000000000000000000e+00,0.000000000000000000e+00,1.000000000000000056e-01
9.973321816338349688e-01,7.140752752289200589e-02,1.514874551118165422e-02,8.081629102902461170e+01,-7.150647049057146099e-02,9.974215266395406454e-01,6.092854341701045909e-03,5.837351234302985858e+00,-1.467460921033870297e-02,-7.159833036850376045e-03,9.998666874315836894e-01,6.483917153920069065e-01,0.000000000000000000e+00,0.000000000000000000e+00,0.000000000000000000e+00,1.000000000000000056e-01
9.944257949089559956e-01,1.043101982246467108e-01,1.538573904711717892e-02,8.130801264920192750e+01,-1.043344694444645615e-01,9.945419590266365573e-01,7.811665648377819288e-04,5.760907508979342673e+00,-1.522027941376784092e-02,-2.382075102687062403e-03,9.998813273647888522e-01,6.454906448044954725e-01,0.000000000000000000e+00,0.000000000000000000e+00,0.000000000000000000e+00,1.000000000000000056e-01
