1.000000000000000000e+00,-9.728895229369405350e-11,1.448284901038640028e-10,8.769314276339066460e-16,9.728895227044748656e-11,1.000000000000000000e+00,1.605110273083409066e-10,4.113900033635525383e-16,-1.448284901194799320e-10,-1.605110272942507120e-10,1.000000000000000000e+00,-6.235701411349336106e-17,0.000000000000000000e+00,0.000000000000000000e+00,0.000000000000000000e+00,1.000000000000000056e-01
9.999933959498801261e-01,-3.557781871924047164e-03,-7.417848597365365180e-04,6.452294606326651749e-01,3.556829390864566474e-03,9.999928534267348290e-01,-1.281428945009766224e-03,1.928261633106490014e-02,7.463386031874038153e-04,1.278782080197979126e-03,9.999989038469395686e-01,1.099629128047529061e-02,0.000000000000000000e+00,0.000000000000000000e+00,0.000000000000000000e+00,1.000000000000000056e-01
9.999540965088106192e-01,-9.489055443838120482e-03,-1.327667892178706821e-03,1.325750895978502264e+00,9.490378044367935376e-03,9.999544718495503304e-01,9.934549118151149005e-04,2.653642908197965597e-02,1.318180497175997596e-03,-1.006009378980468301e-03,9.999986251717080110e-01,1.629443953517394073e-02,0.000000000000000000e+00,0.000000000000000000e+00,0.000000000000000000e+00,1.000000000000000056e-01
9.998855893117267746e-01,-1.504060961734146086e-02,-1.608834696190080587e-03,2.045379345953665773e+00,1.504291948763155327e-02,9.998858214406907141e-01,1.433406838239199756e-03,3.375077239371084004e-02,1.587091689085519007e-03,-1.457444411979956674e-03,9.999976784951835063e-01,1.665070339774683481e-02,0.000000000000000000e+00,0.000000000000000000e+00,0.000000000000000000e+00,1.000000000000000056e-01
9.997935173170566792e-01,-2.021551258409721302e-02,-2.062954616685637108e-03,2.750946646041835475e+00,2.022179493239242842e-02,9.997908011706995168e-01,3.071303332949239413e-03,3.807682525949209612e-02,2.000435077818111390e-03,-3.112385807210368491e-03,9.999931556336205674e-01,1.803982101301803559e-02,0.000000000000000000e+00,0.000000000000000000e+00,0.000000000000000000e+00,1.000000000000000056e-01
9.996779075403838810e-01,-2.529968986404626183e-02,-2.001716379190534613e-03,3.459584800933530602e+00,2.530874380075258737e-02,9.996689373086390384e-01,4.635004578666930206e-03,5.895011633816747698e-02,1.883789507219990698e-03,-4.684172605644559145e-03,9.999872548508270675e-01,2.777775247091307520e-02,0.000000000000000000e+00,0.000000000000000000e+00,0.000000000000000000e+00,1.000000000000000056e-01
9.995669058504237370e-01,-2.937227557271155504e-02,-1.808357346013619469e-03,4.191904865967948091e+00,2.938174474307725381e-02,9.995533855236851117e-01,5.453674356981615644e-03,8.479767849738757690e-02,1.647362881347444767e-03,-5.504445096468754163e-03,9.999834935036263639e-01,3.491835792975914177e-02,0.000000000000000000e+00,0.000000000000000000e+00,0.000000000000000000e+00,1.000000000000000056e-01
9.994086131653415750e-01,-3.430277921739353225e-02,-2.396511817490320270e-03,4.958805320098718994e+00,3.432194326485083630e-02,9.993748981810179899e-01,8.474496811277269087e-03,1.210553690825985629e-01,2.104314960498245100e-03,-8.551738048066172271e-03,9.999612190654717514e-01,4.894478871449141344e-02,0.000000000000000000e+00,0.000000000000000000e+00,0.000000000000000000e+00,1.000000000000000056e-01
9.992942490936777000e-01,-3.751622721378201214e-02,-1.880538206632026985e-03,5.718970548283518696e+00,3.753176713788065194e-02,9.992544361536679354e-01,9.051976730147962696e-03,1.587703848745683766e-01,1.539540129591417507e-03,-9.116168211431855545e-03,9.999572617333853941e-01,4.872806188960071561e-02,0.000000000000000000e+00,0.000000000000000000e+00,0.000000000000000000e+00,1.000000000000000056e-01
9.991478305199196219e-01,-4.127423804137646951e-02,2.236994450707477269e-04,6.513012889109930370e+00,4.127098235002153032e-02,9.991138100126327748e-01,8.264421208107722988e-03,2.038841957068272537e-01,-5.646088930799846115e-04,-8.248146224734419912e-03,9.999658240663293896e-01,5.340835344841493582e-02,0.000000000000000000e+00,0.000000000000000000e+00,0.000000000000000000e+00,1.000000000000000056e-01
9.990464583587470582e-01,-4.359797538522054011e-02,2.321762940956081066e-03,7.327560128156493491e+00,4.358491513489386876e-02,9.990350972617118019e-01,5.406441710231460127e-03,2.382553051291360913e-01,-2.555232578140997045e-03,-5.300092602184836021e-03,9.999826897526176150e-01,6.180397291916489566e-02,0.000000000000000000e+00,0.000000000000000000e+00,0.000000000000000000e+00,1.000000000000000056e-01
9.989288053928978561e-01,-4.608910979010024528e-02,4.127434442135540990e-03,8.141727207799638322e+00,4.605950189406050194e-02,9.989141563834409432e-01,7.002175521182252976e-03,2.878275552710161111e-01,-4.445676730159104154e-03,-6.804567254020827891e-03,9.999669663658377061e-01,6.019395985547239258e-02,0.000000000000000000e+00,0.000000000000000000e+00,0.000000000000000000e+00,1.000000000000000056e-01
9.988912832588549007e-01,-4.700282650492786790e-02,2.634108962406820492e-03,8.954135022844138092e+00,4.698642566126127323e-02,9.988776507413232864e-01,5.976173782083235402e-03,3.247407366934434991e-01,-2.912049631608146748e-03,-5.845780533217257748e-03,9.999786731810336171e-01,5.775504165120196043e-02,0.000000000000000000e+00,0.000000000000000000e+00,0.000000000000000000e+00,1.000000000000000056e-01
9.987736848444386251e-01,-4.943537089503001469e-02,2.696398845293776405e-03,9.730550386595679058e+00,4.941612134177322813e-02,9.987551889707209085e-01,6.791130656575360310e-03,3.802789635645766331e-01,-3.028764401076230583e-03,-6.649557017602949864e-03,9.999733046325148811e-01,7.070326682537396434e-02,0.000000000000000000e+00,0.000000000000000000e+00,0.000000000000000000e+00,1.000000000000000056e-01
9.986128447892013149e-01,-5.250331905808739569e-02,3.973375127409597106e-03,1.055773770351853891e+01,5.247858286274464240e-02,9.986034624483203226e-01,6.092875096714313841e-03,4.297791631521983291e-01,-4.287722325021126220e-03,-5.875906237406628395e-03,9.999735442316225464e-01,7.133887438502131695e-02,0.000000000000000000e+00,0.000000000000000000e+00,0.000000000000000000e+00,1.000000000000000056e-01
9.985483216902666381e-01,-5.364220204057242036e-02,4.874772793698368620e-03,1.137415260950919382e+01,5.361046961149634749e-02,9.985412707005804078e-01,6.422480494721932200e-03,4.901867653878694275e-01,-5.212177816095696359e-03,-6.151818260373542908e-03,9.999674936389205682e-01,8.318311149107338043e-02,0.000000000000000000e+00,0.000000000000000000e+00,0.000000000000000000e+00,1.000000000000000056e-01
9.984326498605515798e-01,-5.586975792944413877e-02,3.288440563917290147e-03,1.223820050766703815e+01,5.584219371372765861e-02,9.984079598199000483e-01,7.949538949099985152e-03,5.476900416573596830e-01,-3.727344051146567073e-03,-7.753445503133213346e-03,9.999629948098851528e-01,8.548361463838367869e-02,0.000000000000000000e+00,0.000000000000000000e+00,0.000000000000000000e+00,1.000000000000000056e-01
9.982726056237288814e-01,-5.872478595869207868e-02,1.790076902518723638e-03,1.312595147629309622e+01,5.870559240639538351e-02,9.982315025178855050e-01,9.355255266373471712e-03,6.198424634345919282e-01,-2.336296519130537028e-03,-9.234007526022391249e-03,9.999546363828631934e-01,8.406655921460512437e-02,0.000000000000000000e+00,0.000000000000000000e+00,0.000000000000000000e+00,1.000000000000000056e-01
9.985046493345159924e-01,-5.463635479262437394e-02,1.825922323026802794e-03,1.399667910288956918e+01,5.460967668140136871e-02,9.984309744287666044e-01,1.238436570746938997e-02,6.687456439218715243e-01,-2.499694002885795990e-03,-1.226613371026128232e-02,9.999216436769903238e-01,8.750303696032210587e-02,0.000000000000000000e+00,0.000000000000000000e+00,0.000000000000000000e+00,1.000000000000000056e-01
9.973850181511210167e-01,-7.225290548625253051e-02,1.625797183748967870e-03,1.498937348337977404e+01,7.222725436526884757e-02,9.973106998678645807e-01,1.243348929001183295e-02,7.828026613351812824e-01,-2.519780653703444350e-03,-1.228354907446324584e-02,9.999213794732025873e-01,8.726131689336814878e-02,0.000000000000000000e+00,0.000000000000000000e+00,0.000000000000000000e+00,1.000000000000000056e-01
9.971697283025212633e-01,-7.510388906664700048e-02,3.455257463725799286e-03,1.596087884240375665e+01,7.506040900947924532e-02,9.971144353473119226e-01,1.134626904938451294e-02,8.530127740238359069e-01,-4.297436026927840130e-03,-1.105480298676174769e-02,9.999296592133460893e-01,9.962577113060919198e-02,0.000000000000000000e+00,0.000000000000000000e+00,0.000000000000000000e+00,1.000000000000000056e-01
9.970401885908432016e-01,-7.672511009753169020e-02,4.911192854835836653e-03,1.687926609478568096e+01,7.666685032116504761e-02,9.969947755341196372e-01,1.111807625007349247e-02,9.410247741391540854e-01,-5.749469242271467752e-03,-1.070864315364057455e-02,9.999261315543463979e-01,1.050580652517144886e-01,0.000000000000000000e+00,0.000000000000000000e+00,0.000000000000000000e+00,1.000000000000000056e-01
9.968385362875636924e-01,-7.921042023313328018e-02,6.216260818043465794e-03,1.775570850290277392e+01,7.913886345779720666e-02,9.968027074959726619e-01,1.101828567911434381e-02,1.017410178250546693e+00,-7.069148652818216944e-03,-1.049150395266936972e-02,9.999199745390305871e-01,1.130074561332928135e-01,0.000000000000000000e+00,0.000000000000000000e+00,0.000000000000000000e+00,1.000000000000000056e-01
9.969201358618888786e-01,-7.821166384260275217e-02,5.760065284753260878e-03,1.865771806796342958e+01,7.815031601666477812e-02,9.968894017958802589e-01,1.020042614538605244e-02,1.106396734436772444e+00,-6.539940336757124953e-03,-9.718859296427340838e-03,9.999313841231146638e-01,1.113990879482283924e-01,0.000000000000000000e+00,0.000000000000000000e+00,0.000000000000000000e+00,1.000000000000000056e-01
9.966369162106766266e-01,-8.171610970655281136e-02,6.110209529911276444e-03,1.958609944875689379e+01,8.166291558229608893e-02,9.966237554239738561e-01,8.500490763115908441e-03,1.195092692436290793e+00,-6.784207003885848672e-03,-7.972925375397893824e-03,9.999452019967327576e-01,1.213975052720834003e-01,0.000000000000000000e+00,0.000000000000000000e+00,0.000000000000000000e+00,1.000000000000000056e-01
9.965866436211060497e-01,-8.212832991682250672e-02,8.366551326090286567e-03,2.051568217152656004e+01,8.206054913215252156e-02,9.965940505206850597e-01,8.146455849258124257e-03,1.275923597015270250e+00,-9.007110088598228176e-03,-7.432085296058373730e-03,9.999318157134535756e-01,1.212479877559195229e-01,0.000000000000000000e+00,0.000000000000000000e+00,0.000000000000000000e+00,1.000000000000000056e-01
9.966014838696796163e-01,-8.155287819608185440e-02,1.160217249862271691e-02,2.143240637318670139e+01,8.145790651678162797e-02,9.966410789933112246e-01,8.436179760515544884e-03,1.364259348938084981e+00,-1.225119645814344224e-02,-7.462420584736766810e-03,9.998971049384833831e-01,1.166604626244350795e-01,0.000000000000000000e+00,0.000000000000000000e+00,0.000000000000000000e+00,1.000000000000000056e-01
9.966769975890743538e-01,-8.012153036270158735e-02,1.468001529859808661e-02,2.237926267253563140e+01,7.998414656862204430e-02,9.967487524948345223e-01,9.719089344189319607e-03,1.460522563634998994e+00,-1.541099524747100401e-02,-8.512624291593894749e-03,9.998450062150395778e-01,1.180855760052347547e-01,0.000000000000000000e+00,0.000000000000000000e+00,0.000000000000000000e+00,1.000000000000000056e-01
9.967283809228298930e-01,-7.884627961722995293e-02,1.777073024598679885e-02,2.333920285586687271e+01,7.866234527341642302e-02,9.968425626597567923e-01,1.082315600990630886e-02,1.538223053114573080e+00,-1.856798586384270783e-02,-9.389859447858552727e-03,9.997835067855989077e-01,1.156470722795098355e-01,0.000000000000000000e+00,0.000000000000000000e+00,0.000000000000000000e+00,1.000000000000000056e-01
9.969044095518785342e-01,-7.656519059707518615e-02,1.787092064931055865e-02,2.426172939872257572e+01,7.639139338498758536e-02,9.970255889096824031e-01,1.021420951425197100e-02,1.614538115262108997e+00,-1.859981808299422321e-02,-8.817405975371160956e-03,9.997881276146186602e-01,1.085463041206422424e-01,0.000000000000000000e+00,0.000000000000000000e+00,0.000000000000000000e+00,1.000000000000000056e-01
9.971266669805111116e-01,-7.398027438929685728e-02,1.628892254328570890e-02,2.522009803352963075e+01,7.384378326440904639e-02,9.972307465708017959e-01,8.828010367027088259e-03,1.687730764262383998e+00,-1.689691301793899356e-02,-7.599808887445982583e-03,9.998283538864750630e-01,9.689533186243425023e-02,0.000000000000000000e+00,0.000000000000000000e+00,0.000000000000000000e+00,1.000000000000000056e-01
9.973921285022622207e-01,-7.103674279643787393e-02,1.275629940850897363e-02,2.616407433560884499e+01,7.093799200526546000e-02,9.974483699136792447e-01,8.034341715726332767e-03,1.767981263186716667e+00,-1.329448351714684722e-02,-7.108482919505222999e-03,9.998863566318901830e-01,9.866437913666192827e-02,0.000000000000000000e+00,0.000000000000000000e+00,0.000000000000000000e+00,1.000000000000000056e-01
9.975181939833576150e-01,-6.958630383361916194e-02,1.073307928582210163e-02,2.712009212464051799e+01,6.951533697950357249e-02,9.975573676232972753e-01,6.849541963068546575e-03,1.836277733823917346e+00,-1.118349662702004810e-02,-6.086429105231705265e-03,9.999189391065359533e-01,9.241130363275540383e-02,0.000000000000000000e+00,0.000000000000000000e+00,0.000000000000000000e+00,1.000000000000000056e-01
9.976478038503775458e-01,-6.756321679312735085e-02,1.157891225821417597e-02,2.807966030589243545e+01,6.750011306486991547e-02,9.977026562038073809e-01,5.757129501513488443e-03,1.901507303935104920e+00,-1.194128170458797281e-02,-4.962009717069485251e-03,9.999163886299791137e-01,9.975162641818724474e-02,0.000000000000000000e+00,0.000000000000000000e+00,0.000000000000000000e+00,1.000000000000000056e-01
9.975367872763142296e-01,-6.840199215063715033e-02,1.554109070411719036e-02,2.907279804283369629e+01,6.832946939495114502e-02,9.976495121588804249e-01,5.151165048068395702e-03,1.954583277981688516e+00,-1.585691151056403680e-02,-4.076562151149053931e-03,9.998659610159623679e-01,9.365531851072447789e-02,0.000000000000000000e+00,0.000000000000000000e+00,0.000000000000000000e+00,1.000000000000000056e-01
9.974528261407690222e-01,-6.864895004477060414e-02,1.936959683481949412e-02,3.002196503472645972e+01,6.864048672439994336e-02,9.976408515586268066e-01,1.102217589864569252e-03,2.009735627413565595e+00,-1.939956716090168037e-02,2.301285043649250583e-04,9.998117842048277470e-01,9.343804155885597484e-02,0.000000000000000000e+00,0.000000000000000000e+00,0.000000000000000000e+00,1.000000000000000056e-01
9.974448100014267071e-01,-6.872872915651273562e-02,1.949904586764541342e-02,3.096882666650634519e+01,6.881626012149399951e-02,9.976219095928511305e-01,-3.853289919529591986e-03,2.062255935752241420e+00,-1.918784365447814139e-02,5.185295444214435556e-03,9.998024501705562450e-01,9.438279166973359557e-02,0.000000000000000000e+00,0.000000000000000000e+00,0.000000000000000000e+00,1.000000000000000056e-01
9.974809375838562531e-01,-6.848559823370094224e-02,1.847977249327496449e-02,3.193337168359446565e+01,6.860472140703223476e-02,9.976265314121974814e-01,-5.890333023796507500e-03,2.105688194834490989e+00,-1.803250835282201384e-02,7.143294550824158540e-03,9.998118832987861193e-01,8.645453418840885751e-02,0.000000000000000000e+00,0.000000000000000000e+00,0.000000000000000000e+00,1.000000000000000056e-01
9.974637846721792211e-01,-6.909037496005496215e-02,1.710316799109217259e-02,3.292488332539293339e+01,6.919101596747789795e-02,9.975890113543229853e-01,-5.363556142392670797e-03,2.185816442077701094e+00,-1.669136234226332657e-02,6.533338578658821894e-03,9.998393440499208085e-01,8.475171780046125702e-02,0.000000000000000000e+00,0.000000000000000000e+00,0.000000000000000000e+00,1.000000000000000056e-01
9.974568377590380397e-01,-6.953727635371857729e-02,1.563406553160717055e-02,3.388404408020527114e+01,6.966318177241219434e-02,9.975411777263162305e-01,-7.657665815238214740e-03,2.256984477190152383e+00,-1.506313091903117851e-02,8.727309877653150610e-03,9.998484565919054656e-01,7.119375013384254824e-02,0.000000000000000000e+00,0.000000000000000000e+00,0.000000000000000000e+00,1.000000000000000056e-01
9.974618207691755556e-01,-6.914660090226082412e-02,1.699010569432963733e-02,3.486316883229413577e+01,6.930135769620721087e-02,9.975578811220447983e-01,-8.694574903856732567e-03,2.330036941399319161e+00,-1.634741353558326685e-02,9.849943906434021484e-03,9.998178537492400375e-01,7.067692881920445425e-02,0.000000000000000000e+00,0.000000000000000000e+00,0.000000000000000000e+00,1.000000000000000056e-01
9.974211366545046031e-01,-6.922717315412973971e-02,1.893870776806833370e-02,3.585864217851352009e+01,6.936019166684156967e-02,9.975707749564439730e-01,-6.458541997912934512e-03,2.405984869935682280e+00,-1.844559477965281372e-02,7.755478701404694419e-03,9.997997862488954279e-01,5.700257747079819082e-02,0.000000000000000000e+00,0.000000000000000000e+00,0.000000000000000000e+00,1.000000000000000056e-01
9.972229293323469079e-01,-7.173701511553393084e-02,2.000574607773099658e-02,3.684465537941679258e+01,7.186660161822161497e-02,9.973971870804176909e-01,-5.834618746597361807e-03,2.482605482019472287e+00,-1.953511673015596514e-02,7.256160581462840764e-03,9.997828400947653682e-01,5.450914046760225312e-02,0.000000000000000000e+00,0.000000000000000000e+00,0.000000000000000000e+00,1.000000000000000056e-01
9.971578095201023562e-01,-7.211916118628959593e-02,2.179746551453185313e-02,3.784251855333139503e+01,7.226467411044033839e-02,9.973676689516179916e-01,-5.962365782775654044e-03,2.551567168829084409e+00,-2.131008655034230190e-02,7.520606345351388972e-03,9.997446277382115998e-01,4.722683105718109009e-02,0.000000000000000000e+00,0.000000000000000000e+00,0.000000000000000000e+00,1.000000000000000056e-01
9.971725958770079057e-01,-7.114159412856652098e-02,2.420098379727273277e-02,3.883152763411989383e+01,7.131105848173099893e-02,9.974347827761894658e-01,-6.211847263960635843e-03,2.621398561259955517e+00,-2.369698229996147418e-02,7.920081632277855763e-03,9.996878139383381656e-01,4.821870660678344994e-02,0.000000000000000000e+00,0.000000000000000000e+00,0.000000000000000000e+00,1.000000000000000056e-01
9.973013332101470230e-01,-6.909744594832710474e-02,2.481116161491122782e-02,3.983453998682553987e+01,6.923813542437580459e-02,9.975883428337769532e-01,-4.855805300311846068e-03,2.694763282475745925e+00,-2.441580185492641178e-02,6.560579667739201148e-03,9.996803626230756912e-01,2.824330571116484556e-02,0.000000000000000000e+00,0.000000000000000000e+00,0.000000000000000000e+00,1.000000000000000056e-01
9.973282693202842886e-01,-6.898525669667218696e-02,2.402826612764128941e-02,4.083185928091439365e+01,6.915229327981900487e-02,9.975869072243224167e-01,-6.190546724897886405e-03,2.773514742261785404e+00,-2.354322723732679354e-02,7.835616957552953704e-03,9.996921123816803201e-01,2.585909526512404286e-02,0.000000000000000000e+00,0.000000000000000000e+00,0.000000000000000000e+00,1.000000000000000056e-01
9.973383562401940683e-01,-6.962769964552967261e-02,2.163762034465791309e-02,4.183105644776247090e+01,6.975085291276419963e-02,9.975519672718992092e-01,-4.989099107629819431e-03,2.847297520247506153e+00,-2.123727124772814209e-02,6.485062377165412388e-03,9.997534307397573095e-01,3.189597060687510838e-02,0.000000000000000000e+00,0.000000000000000000e+00,0.000000000000000000e+00,1.000000000000000056e-01
9.974672174319491047e-01,-6.858273348104945710e-02,1.885626730909947812e-02,4.284405515275011567e+01,6.860874066575828323e-02,9.976433733677195770e-01,-7.350372342253695852e-04,2.911979299290457401e+00,-1.876141926463992943e-02,2.026880298465877014e-03,9.998219345980723372e-01,3.452913076055214026e-02,0.000000000000000000e+00,0.000000000000000000e+00,0.000000000000000000e+00,1.000000000000000056e-01
9.975381143240934501e-01,-6.734213317834651658e-02,1.956393543543077582e-02,4.386512608210470887e+01,6.738401552797727845e-02,9.977260034634441999e-01,-1.488779429136243004e-03,2.990220818394883295e+00,-1.941918953141913082e-02,2.803410753554480203e-03,9.998074994548148409e-01,3.417019114995710483e-02,0.000000000000000000e+00,0.000000000000000000e+00,0.000000000000000000e+00,1.000000000000000056e-01
9.975361407976374162e-01,-6.698502707205034046e-02,2.084835606739023420e-02,4.484570940642501569e+01,6.707992612366847629e-02,9.977400393409108226e-01,-3.885538217667983043e-03,3.063870395758403475e+00,-2.054096672017127409e-02,5.274470983374722650e-03,9.997750990308001962e-01,3.282330536109134139e-02,0.000000000000000000e+00,0.000000000000000000e+00,0.000000000000000000e+00,1.000000000000000056e-01
9.975070708800196639e-01,-6.679059369625804654e-02,2.277411113665752176e-02,4.581921895090827235e+01,6.689578544094591794e-02,9.977523930519059947e-01,-3.887936397864373648e-03,3.133759230121215822e+00,-2.246324630596345170e-02,5.401736100207604231e-03,9.997330762821150518e-01,2.615886204187647598e-02,0.000000000000000000e+00,0.000000000000000000e+00,0.000000000000000000e+00,1.000000000000000056e-01
9.972833669956688851e-01,-7.089297879658713886e-02,2.000178669841008033e-02,4.672213602036379143e+01,7.094505345147496256e-02,9.974784056868082338e-01,-1.905145472291331927e-03,3.201468309244888122e+00,-1.981628886924612781e-02,3.318997717666956424e-03,9.997981290988700032e-01,2.767827361368736458e-02,0.000000000000000000e+00,0.000000000000000000e+00,0.000000000000000000e+00,1.000000000000000056e-01
9.975303251494473944e-01,-6.876603548869160420e-02,1.429974721474899096e-02,4.766329193149478982e+01,6.877723221378019558e-02,9.976319997835331188e-01,-2.921248368701615450e-04,3.270679645920744782e+00,-1.424579714334970118e-02,1.274900418294469193e-03,9.998977107147880572e-01,1.436936270958652506e-02,0.000000000000000000e+00,0.000000000000000000e+00,0.000000000000000000e+00,1.000000000000000056e-01
9.977200215106680758e-01,-6.597274727406683692e-02,1.422516410675438679e-02,4.860596068059017938e+01,6.599071002741947745e-02,9.978199194622069390e-01,-7.965641918980526093e-04,3.347399716775912637e+00,-1.414160057521867721e-02,1.733476722336437046e-03,9.998984999446813848e-01,1.145876742888688599e-02,0.000000000000000000e+00,0.000000000000000000e+00,0.000000000000000000e+00,1.000000000000000056e-01
9.978222801993147373e-01,-6.361954773542945196e-02,1.741408291526519436e-02,4.956927737618958929e+01,6.363314956258582511e-02,9.979733315588370512e-01,-2.275392295816187080e-04,3.427767264886141696e+00,-1.736431440011098476e-02,1.335156655538266568e-03,9.998483374702982207e-01,7.931007623408604587e-03,0.000000000000000000e+00,0.000000000000000000e+00,0.000000000000000000e+00,1.000000000000000056e-01
9.978996589243365190e-01,-6.148338668631851689e-02,2.039764398830262032e-02,5.056758813890376558e+01,6.155478631541405621e-02,9.980995204349805139e-01,-2.890603591911728235e-03,3.511212164235058442e+00,-2.018115458432993836e-02,4.140104955492033070e-03,9.997877677440352162e-01,1.425828089939828146e-02,0.000000000000000000e+00,0.000000000000000000e+00,0.000000000000000000e+00,1.000000000000000056e-01
9.980745636498349338e-01,-5.818761927899456649e-02,2.147944035198406237e-02,5.150118456244523202e+01,5.830926491895067204e-02,9.982856388072564036e-01,-5.080647183143334467e-03,3.565649644000164820e+00,-2.114698606901913025e-02,6.323315098169184079e-03,9.997563806579911061e-01,2.270691396375242553e-03,0.000000000000000000e+00,0.000000000000000000e+00,0.000000000000000000e+00,1.000000000000000056e-01
9.981764927027358958e-01,-5.681113233331182982e-02,2.040060437026356907e-02,5.244323466447878701e+01,5.696940152835735377e-02,9.983495125755942334e-01,-7.262095398317010980e-03,3.610475639422686012e+00,-1.995436556660925079e-02,8.411063136155458309e-03,9.997655111633696468e-01,3.409084883005974054e-03,0.000000000000000000e+00,0.000000000000000000e+00,0.000000000000000000e+00,1.000000000000000056e-01
9.981666276031294638e-01,-5.725946411188372054e-02,1.961472174197919846e-02,5.341902833001496020e+01,5.744475096194771868e-02,9.983079712097411296e-01,-9.016385418247303135e-03,3.679777619111787246e+00,-1.906525967080381287e-02,1.012661783175784064e-02,9.997669565878711806e-01,1.510821384871642060e-02,0.000000000000000000e+00,0.000000000000000000e+00,0.000000000000000000e+00,1.000000000000000056e-01
9.982168066083142444e-01,-5.596331664462877303e-02,2.076810522971148099e-02,5.438375430819158396e+01,5.611223868835604062e-02,9.984022663542769793e-01,-6.658168518765160936e-03,3.722920454042755622e+00,-2.036231013613910151e-02,7.811640594416234019e-03,9.997621490120254251e-01,1.137644804900125005e-02,0.000000000000000000e+00,0.000000000000000000e+00,0.000000000000000000e+00,1.000000000000000056e-01
9.981273458459014591e-01,-5.595708756907540743e-02,2.471043960359686417e-02,5.533376073699395903e+01,5.617391688124943189e-02,9.983875787003166913e-01,-8.169073334074225534e-03,3.781202153613450356e+00,-2.421347841254249331e-02,9.541857665351621831e-03,9.996612728396851999e-01,1.159381024700865785e-02,0.000000000000000000e+00,0.000000000000000000e+00,0.000000000000000000e+00,1.000000000000000056e-01
9.979283198419593992e-01,-5.715721542613672046e-02,2.953169792162779403e-02,5.629665100993275217e+01,5.747548308357158797e-02,9.982964083180934090e-01,-1.004240924801507069e-02,3.833491081104950737e+00,-2.890739181790970627e-02,1.171895319236069925e-02,9.995133960254665162e-01,1.839576574294705599e-02,0.000000000000000000e+00,0.000000000000000000e+00,0.000000000000000000e+00,1.000000000000000056e-01
9.979346848712116191e-01,-5.584649377768779316e-02,3.174167392772939134e-02,5.726039265619552054e+01,5.608363223501820066e-02,9.984040635979924971e-01,-6.629629427277219413e-03,3.897058078527145586e+00,-3.132077467628865963e-02,8.396125520409443779e-03,9.994741187994428122e-01,6.061134520687464639e-03,0.000000000000000000e+00,0.000000000000000000e+00,0.000000000000000000e+00,1.000000000000000056e-01
9.978361653411543797e-01,-5.852230313084964136e-02,2.996876997010921098e-02,5.815391267458131352e+01,5.871953064185613663e-02,9.982579994021607561e-01,-5.743113336484292897e-03,3.954208652831543436e+00,-2.958046413531221705e-02,7.490438295355695067e-03,9.995343363165084538e-01,-5.177340426500279431e-03,0.000000000000000000e+00,0.000000000000000000e+00,0.000000000000000000e+00,1.000000000000000056e-01
9.977136194648618117e-01,-6.243317569722939969e-02,2.587725075590122104e-02,5.906660354861205064e+01,6.259061576762631196e-02,9.980251131941734188e-01,-5.318670095679149668e-03,4.006848788551954144e+00,-2.549408465025319176e-02,6.926182651084697786e-03,9.996509789130051393e-01,-1.321451147698080898e-02,0.000000000000000000e+00,0.000000000000000000e+00,0.000000000000000000e+00,1.000000000000000056e-01
9.977079917679780863e-01,-6.436874791892109593e-02,2.086689851555660613e-02,6.001280065710540157e+01,6.451100882617717691e-02,9.978976297697952358e-01,-6.216931723419122542e-03,4.077411399342861564e+00,-2.042285245838688923e-02,7.548827139043143460e-03,9.997629330527751934e-01,-2.100324884781882423e-02,0.000000000000000000e+00,0.000000000000000000e+00,0.000000000000000000e+00,1.000000000000000056e-01
9.977670090874888320e-01,-6.309752014467058523e-02,2.190202109851593915e-02,6.092265686599462526e+01,6.317758781807951418e-02,9.979978440968877429e-01,-2.982545130075454822e-03,4.146085245662670893e+00,-2.166997863625613058e-02,4.359601995248763018e-03,9.997556731003566233e-01,-4.202766587001697390e-02,0.000000000000000000e+00,0.000000000000000000e+00,0.000000000000000000e+00,1.000000000000000056e-01
9.975790716212482589e-01,-6.537420676087822569e-02,2.371094586207608476e-02,6.184900483632537060e+01,6.545219573365863852e-02,9.978525055514588793e-01,-2.527298620752471432e-03,4.204311077191429824e+00,-2.349480659488806591e-02,4.073113681394699079e-03,9.997156614798066165e-01,-4.152569840486675101e-02,0.000000000000000000e+00,0.000000000000000000e+00,0.000000000000000000e+00,1.000000000000000056e-01
9.975273850483337146e-01,-6.604782813185532120e-02,2.401667082878482240e-02,6.273653373458935789e+01,6.607079970597855290e-02,9.978149240909418571e-01,-1.633633997887932445e-04,4.277257878050487960e+00,-2.395340278218877766e-02,1.749760112936980024e-03,9.997115448141535854e-01,-3.932781631487950597e-02,0.000000000000000000e+00,0.000000000000000000e+00,0.000000000000000000e+00,1.000000000000000056e-01
9.974249362309615119e-01,-6.767827355271177625e-02,2.373073689514468287e-02,6.356869966293329810e+01,6.767756329704227580e-02,9.977068967881201900e-01,8.339829699245610625e-04,4.340432690245346059e+00,-2.373276239372700686e-02,7.742030377118974075e-04,9.997180385482795639e-01,-4.339708126864016968e-02,0.000000000000000000e+00,0.000000000000000000e+00,0.000000000000000000e+00,1.000000000000000056e-01
9.972247028620486731e-01,-7.016181615375773062e-02,2.490404697443977106e-02,6.438322576566427813e+01,7.013464585077518187e-02,9.975356007212088372e-01,1.963859761653771827e-03,4.397894977830797636e+00,-2.498046142658589402e-02,-2.117729524745135851e-04,9.996879171517136786e-01,-4.725182322975635812e-02,0.000000000000000000e+00,0.000000000000000000e+00,0.000000000000000000e+00,1.000000000000000056e-01
9.971332690956073996e-01,-7.118685119468526334e-02,2.564519213600555819e-02,6.518474186101519763e+01,7.116538948996284364e-02,9.974629946840125605e-01,1.749735620975163743e-03,4.446014388279388996e+00,-2.570468831650739305e-02,8.033048710776957788e-05,9.996695766829978291e-01,-5.417880245771937442e-02,0.000000000000000000e+00,0.000000000000000000e+00,0.000000000000000000e+00,1.000000000000000056e-01
9.970687727219172958e-01,-7.182147120454364375e-02,2.637306839987756113e-02,6.597920700507258118e+01,7.179760300198202716e-02,9.974175023906526327e-01,1.852060463948935250e-03,4.505217414582900481e+00,-2.643797772106430688e-02,4.689144112217684054e-05,9.996504544765701938e-01,-6.043199585829235609e-02,0.000000000000000000e+00,0.000000000000000000e+00,0.000000000000000000e+00,1.000000000000000056e-01
9.968265259274391443e-01,-7.486960203308104522e-02,2.704477581420328819e-02,6.672605800336556570e+01,7.484990991369866453e-02,9.971932908728639022e-01,1.741155954821444005e-03,4.564887842314430344e+00,-2.709922864849922258e-02,2.886685917867589822e-04,9.996327067863978177e-01,-6.881432701903296423e-02,0.000000000000000000e+00,0.000000000000000000e+00,0.000000000000000000e+00,1.000000000000000056e-01
9.968583468271660086e-01,-7.381094598227928849e-02,2.872943811164039088e-02,6.751126718392957571e+01,7.375886369604749138e-02,9.972719759519249605e-01,2.869844457656630342e-03,4.638382279979801126e+00,-2.886288944782578955e-02,-7.417776919701787441e-04,9.995831047884804477e-01,-8.081534093744445479e-02,0.000000000000000000e+00,0.000000000000000000e+00,0.000000000000000000e+00,1.000000000000000056e-01
9.966187484562488708e-01,-7.541489134822260132e-02,3.261386803854850192e-02,6.824504176658740562e+01,7.536981295125871894e-02,9.971522317949159664e-01,2.611115108627020363e-03,4.706978126998832224e+00,-3.271790826431832111e-02,-1.441851379526289372e-04,9.994646155264595988e-01,-8.639052290688904734e-02,0.000000000000000000e+00,0.000000000000000000e+00,0.000000000000000000e+00,1.000000000000000056e-01
9.963571506413465562e-01,-7.883685007009240409e-02,3.251429588477746518e-02,6.895937044196791987e+01,7.864937751135377131e-02,9.968777140194049480e-01,7.007047061502400150e-03,4.773144749039100354e+00,-3.296519047318925005e-02,-4.424292313050632967e-03,9.994467078612020439e-01,-9.024930730806511592e-02,0.000000000000000000e+00,0.000000000000000000e+00,0.000000000000000000e+00,1.000000000000000056e-01
9.964118721371031384e-01,-7.926273041218422077e-02,2.967828552727668281e-02,6.961797586780241431e+01,7.901238809115081196e-02,9.968282059017575802e-01,9.516850677433531455e-03,4.830001391430762681e+00,-3.033848368601374176e-02,-7.137750786389633964e-03,9.995141964581317762e-01,-9.362247662635869716e-02,0.000000000000000000e+00,0.000000000000000000e+00,0.000000000000000000e+00,1.000000000000000056e-01
9.965595326994990399e-01,-7.943986839483413442e-02,2.363059658932736146e-02,7.029282359905995747e+01,7.924929346369705141e-02,9.968151313075528375e-01,8.896262238205642978e-03,4.891904162877337647e+00,-2.426205414347515354e-02,-6.992946855048571761e-03,9.996811748867843184e-01,-1.006133066316946822e-01,0.000000000000000000e+00,0.000000000000000000e+00,0.000000000000000000e+00,1.000000000000000056e-01
9.965873518062069447e-01,-8.037996754707603386e-02,1.878060267995724369e-02,7.102873815269697388e+01,8.024651512991327895e-02,9.967448742489328772e-01,7.755802214061261780e-03,4.954023078366335930e+00,-1.934288058682093886e-02,-6.222256472537951270e-03,9.997935469360631489e-01,-1.031467205014245797e-01,0.000000000000000000e+00,0.000000000000000000e+00,0.000000000000000000e+00,1.000000000000000056e-01
9.963547837544082242e-01,-8.362416272234635128e-02,1.685658027872342576e-02,7.174097290882343714e+01,8.348111500994914724e-02,9.964685398323110954e-01,9.019565463891879992e-03,5.018585571075302454e+00,-1.755130554694301140e-02,-7.579481080412172472e-03,9.998172348685281374e-01,-1.122270766099799227e-01,0.000000000000000000e+00,0.000000000000000000e+00,0.000000000000000000e+00,1.000000000000000056e-01
9.963545269138135430e-01,-8.301353870484291797e-02,1.965729101504683912e-02,7.242973608792401308e+01,8.278049467297281250e-02,9.964908105684938677e-01,1.238766137105471246e-02,5.093509795903951698e+00,-2.061665346385333636e-02,-1.071526221076958205e-02,9.997300319364752497e-01,-1.093179406005288512e-01,0.000000000000000000e+00,0.000000000000000000e+00,0.000000000000000000e+00,1.000000000000000056e-01
9.962160675053371994e-01,-8.460925433642559057e-02,1.987010127894440342e-02,7.303851139997073005e+01,8.440277593035412640e-02,9.963708762344771763e-01,1.101128543770550638e-02,5.145095412111777122e+00,-2.072964687233944808e-02,-9.292527770969578188e-03,9.997419320345495297e-01,-1.113868089747010182e-01,0.000000000000000000e+00,0.000000000000000000e+00,0.000000000000000000e+00,1.000000000000000056e-01
9.964214234041323115e-01,-8.251940608870385330e-02,1.830012568400675443e-02,7.363917070870866155e+01,8.238710765805222491e-02,9.965693256743629602e-01,7.870426715621657229e-03,5.192788065351428450e+00,-1.888680685090447092e-02,-6.334567365893491002e-03,9.998015612026536214e-01,-1.081158253980555595e-01,0.000000000000000000e+00,0.000000000000000000e+00,0.000000000000000000e+00,1.000000000000000056e-01
9.965253295053926319e-01,-8.195959500498072037e-02,1.482877071062290754e-02,7.427985416713481470e+01,8.195853952247646179e-02,9.966355078682394009e-01,6.798937851513914840e-04,5.228531330871589944e+00,-1.483460324752074698e-02,5.378130120796698879e-04,9.998898165816334505e-01,-9.684058820053946526e-02,0.000000000000000000e+00,0.000000000000000000e+00,0.000000000000000000e+00,1.000000000000000056e-01
9.967387095957263021e-01,-8.015115612773550391e-02,9.366801206058166310e-03,7.488477940410122358e+01,8.017596822850332761e-02,9.967780634430376541e-01,-2.303553205296412967e-03,5.273284588708325948e+00,-9.151989514224309966e-03,3.047033005231872000e-03,9.999534772567154617e-01,-9.441720764912520103e-02,0.000000000000000000e+00,0.000000000000000000e+00,0.000000000000000000e+00,1.000000000000000056e-01
9.969226062263889521e-01,-7.792548093220856564e-02,8.540293687475747353e-03,7.546479253829660649e+01,7.793238833831513113e-02,9.969585316717941570e-01,-4.785130156703528369e-04,5.314734752230076076e+00,-8.477030297833278855e-03,1.142605926870958119e-03,9.999634165353378235e-01,-8.521787412276408957e-02,0.000000000000000000e+00,0.000000000000000000e+00,0.000000000000000000e+00,1.000000000000000056e-01
9.973519094167572208e-01,-7.192681610503609546e-02,1.075648212664071131e-02,7.604486815907918640e+01,7.189862785292566727e-02,9.974074773104839586e-01,2.985216575533926244e-03,5.375239109353317168e+00,-1.094331282633015552e-02,-2.203935146201328136e-03,9.999376913459440130e-01,-9.110462273966885016e-02,0.000000000000000000e+00,0.000000000000000000e+00,0.000000000000000000e+00,1.000000000000000056e-01
9.977185323192232502e-01,-6.587089050844908977e-02,1.479040399714946254e-02,7.659351959741292148e+01,6.584657042219606293e-02,9.978274950889891581e-01,2.125842907676086385e-03,5.401632975565601846e+00,-1.489830293723951558e-02,-1.147095487416782602e-03,9.998883561385906171e-01,-8.345401717904568639e-02,0.000000000000000000e+00,0.000000000000000000e+00,0.000000000000000000e+00,1.000000000000000056e-01
9.981240552387623532e-01,-5.828277072298834738e-02,1.874803964631022515e-02,7.717974228377863710e+01,5.832018480042450159e-02,9.982968696966220135e-01,-1.454647300892678062e-03,5.415411107448353967e+00,-1.863132841673892023e-02,2.545307599727617519e-03,9.998231818730001219e-01,-7.954864431245224632e-02,0.000000000000000000e+00,0.000000000000000000e+00,0.000000000000000000e+00,1.000000000000000056e-01
9.986110674756841776e-01,-4.778376197592183044e-02,2.219567540092057603e-02,7.772781518873370032e+01,4.787787748055496312e-02,9.988462395310488962e-01,-3.728085653448521327e-03,5.428305105404852782e+00,-2.199192495057109356e-02,4.785589421474454111e-03,9.997466946036168700e-01,-7.140614522946447940e-02,0.000000000000000000e+00,0.000000000000000000e+00,0.000000000000000000e+00,1.000000000000000056e-01
9.990993762044880766e-01,-3.710541758247823396e-02,2.058213919476783657e-02,7.822694126826444005e+01,3.711011676539693882e-02,9.993111705598012318e-01,1.537142103070543496e-04,5.437466759000735728e+00,-2.057366524131001503e-02,6.102298171679438818e-04,9.997881535195887182e-01,-6.407066811744197010e-02,0.000000000000000000e+00,0.000000000000000000e+00,0.000000000000000000e+00,1.000000000000000056e-01
9.995657166825202555e-01,-2.141223529586552474e-02,2.024584432900053063e-02,7.871812641020807177e+01,2.133125877209606988e-02,9.997636104130573909e-01,4.207219158348343008e-03,5.453643443366160248e+00,-2.033114438878212346e-02,-3.773522688813406994e-03,9.997861796876167384e-01,-6.479537889546779783e-02,0.000000000000000000e+00,0.000000000000000000e+00,0.000000000000000000e+00,1.000000000000000056e-01
9.997836189177672361e-01,-2.635081231309429565e-03,2.063423588595322475e-02,7.919522027458592106e+01,2.454770881284938037e-03,9.999586273321786623e-01,8.758865443957920133e-03,5.455125434397270823e+00,-2.065646251450510909e-02,-8.706317869763623846e-03,9.997487237228850354e-01,-6.183581666779213587e-02,0.000000000000000000e+00,0.000000000000000000e+00,0.000000000000000000e+00,1.000000000000000056e-01
9.995444056796198851e-01,2.049521261663675084e-02,2.215688006860213818e-02,7.968385412286373537e+01,-2.068073546230634815e-02,9.997526940769682069e-01,8.176665982062550700e-03,5.454870815896991409e+00,-2.198381803312767294e-02,-8.631161314850284774e-03,9.997210684981303608e-01,-6.844189214333734617e-02,0.000000000000000000e+00,0.000000000000000000e+00,0.000000000000000000e+00,1.000000000000000056e-01
9.986772901531376645e-01,4.613879039954328631e-02,2.269101480438167132e-02,8.017690554195735331e+01,-4.627002474276144250e-02,9.989149476806891137e-01,5.292646822758087163e-03,5.428559897035590609e+00,-2.242219754372661369e-02,-6.335560003126766704e-03,9.997285160166018425e-01,-6.252649408172772372e-02,0.000000000000000000e+00,0.000000000000000000e+00,0.000000000000000000e+00,1.000000000000000056e-01
9.970061546072713776e-01,7.354734265118736958e-02,2.386453569987084106e-02,8.064790475274851644e+01,-7.369191643826600302e-02,9.972673137671628218e-01,5.235106807207632988e-03,5.396882801597053358e+00,-2.341429321754549125e-02,-6.978057077445329846e-03,9.997014942434300222e-01,-6.597869439351562726e-02,0.000000000000000000e+00,0.000000000000000000e+00,0.000000000000000000e+00,1.000000000000000056e-01
9.940773739747411630e-01,1.055381722476574635e-01,2.592043113272466878e-02,8.111310677452308937e+01,-1.057020631244404152e-01,9.943851108629550017e-01,5.032409493022456902e-03,5.341337084958539982e+00,-2.524377948563466187e-02,-7.742447461393295489e-03,9.996513422711881258e-01,-7.417201222144798045e-02,0.000000000000000000e+00,0.000000000000000000e+00,0.000000000000000000e+00,1.000000000000000056e-01
