1.000000000000000000e+00,-3.098928458654196101e-09,-7.157034643478680187e-10,-3.573277474664068333e-15,3.098928458562542835e-09,1.000000000000000000e+00,-1.280601220569543588e-10,-2.781979799823083281e-15,7.157034647447172233e-10,1.280601198390405141e-10,1.000000000000000000e+00,1.257448304064545330e-14,0.000000000000000000e+00,0.000000000000000000e+00,0.000000000000000000e+00,1.000000000000000056e-01
9.999782158858163683e-01,-6.407261486546547875e-03,-1.585797610847627373e-03,6.417986276669189749e-01,6.401603026992229266e-03,9.999732154804235051e-01,-3.547929033574239322e-03,9.514566294484086764e-03,1.608487645074295870e-03,3.537700098297257446e-03,9.999924486942439739e-01,1.341121156446703142e-02,0.000000000000000000e+00,0.000000000000000000e+00,0.000000000000000000e+00,1.000000000000000056e-01
9.998719134742907189e-01,-1.529509221284773221e-02,-4.713470002124345824e-03,1.362381043725338303e+00,1.527842902670276462e-02,9.998769717665921819e-01,-3.551188159676896532e-03,2.481797955688188131e-02,4.767205862604195592e-03,3.478718883426434438e-03,9.999825859799728045e-01,2.397420246427371671e-02,0.000000000000000000e+00,0.000000000000000000e+00,0.000000000000000000e+00,1.000000000000000056e-01
9.997832015803786998e-01,-2.031975230175589453e-02,-4.545052704101867902e-03,2.127122089797770510e+00,2.030723598118842899e-02,9.997899127996527913e-01,-2.783241072390940998e-03,3.534934980354884765e-02,4.600652615890890584e-03,2.690340212315886492e-03,9.999857979316755241e-01,2.520892572258289638e-02,0.000000000000000000e+00,0.000000000000000000e+00,0.000000000000000000e+00,1.000000000000000056e-01
9.996183254123820472e-01,-2.697760423126383325e-02,-5.950829327604687663e-03,2.831161782024753659e+00,2.696961225198634890e-02,9.996352464205291444e-01,-1.419200037194020885e-03,7.015370237972341771e-02,5.986945358235039316e-03,1.258166805061830583e-03,9.999812865756879665e-01,3.294216431982335130e-02,0.000000000000000000e+00,0.000000000000000000e+00,0.000000000000000000e+00,1.000000000000000056e-01
9.993438167720389842e-01,-3.544288617014070691e-02,-7.465768508584986855e-03,3.538682543424183535e+00,3.543612122367178346e-02,9.993714059142065897e-01,-1.036510339289674083e-03,7.748449678578517297e-02,7.497812488624205733e-03,7.712723206913350707e-04,9.999715935699837743e-01,4.937621583328068164e-02,0.000000000000000000e+00,0.000000000000000000e+00,0.000000000000000000e+00,1.000000000000000056e-01
9.989753029213734870e-01,-4.424365118782905282e-02,-9.531184749005877990e-03,4.281601238939190424e+00,4.422634084426838030e-02,9.990194955831015466e-01,-2.019460425920912086e-03,1.177995635339691843e-01,9.611187682933270901e-03,1.595861665362842581e-03,9.999525380221145898e-01,6.178818250596469774e-02,0.000000000000000000e+00,0.000000000000000000e+00,0.000000000000000000e+00,1.000000000000000056e-01
9.985198906726424628e-01,-5.336580337300707300e-02,-1.049375821369995070e-02,5.079297100911886353e+00,5.335846403547973849e-02,9.985749431960866396e-01,-9.783336377346613707e-04,1.494581995137570785e-01,1.053101357270344422e-02,4.169547767494539612e-04,9.999444604085997446e-01,7.297859501444199648e-02,0.000000000000000000e+00,0.000000000000000000e+00,0.000000000000000000e+00,1.000000000000000056e-01
9.968809004021570441e-01,-7.868475361993947093e-02,-6.097537302389560536e-03,5.177028968041336832e+00,7.869621056239749224e-02,9.968972586087566645e-01,1.661993220359353658e-03,2.317484558879872036e-01,5.947844693954801483e-03,-2.136662377435035159e-03,9.999800287092645013e-01,8.871493294180521350e-02,0.000000000000000000e+00,0.000000000000000000e+00,0.000000000000000000e+00,1.000000000000000056e-01
9.949166138293847883e-01,-1.006977487437469843e-01,-9.460043404053906880e-04,5.286616916953628120e+00,1.007000979389530704e-01,9.949126078259679096e-01,2.897078531407925889e-03,3.273049497471765545e-01,6.494623592807931148e-04,-2.977614292195677765e-03,9.999953559951020310e-01,9.708546539569137823e-02,0.000000000000000000e+00,0.000000000000000000e+00,0.000000000000000000e+00,1.000000000000000056e-01
9.931874755405655231e-01,-1.163691423795614188e-01,6.071336854761601870e-03,5.418818253157288822e+00,1.163539926636122934e-01,9.932038809157074377e-01,2.792727199951373657e-03,4.451222446532039356e-01,-6.355062595654202909e-03,-2.067277393735926418e-03,9.999776695224662504e-01,1.030824493448053158e-01,0.000000000000000000e+00,0.000000000000000000e+00,0.000000000000000000e+00,1.000000000000000056e-01
9.921338388123639440e-01,-1.247896461407397989e-01,9.898994873787741317e-03,5.540526894124027102e+00,1.247648974836059882e-01,9.921815470936259374e-01,3.081876506984888853e-03,5.783674752593761514e-01,-1.020618632730269787e-02,-1.822586889001687757e-03,9.999462545245541012e-01,1.147711675689461475e-01,0.000000000000000000e+00,0.000000000000000000e+00,0.000000000000000000e+00,1.000000000000000056e-01
9.911168294392079803e-01,-1.322164281770970840e-01,1.436128554352050085e-02,5.705252104137520597e+00,1.321673527926538194e-01,9.912180096566006737e-01,4.318354801234986287e-03,7.448222756027502722e-01,-1.480612231997921122e-02,-2.381901026007087613e-03,9.998875463217591353e-01,1.175464254721882568e-01,0.000000000000000000e+00,0.000000000000000000e+00,0.000000000000000000e+00,1.000000000000000056e-01
9.905263733095525103e-01,-1.358352369815022109e-01,2.015669051219100283e-02,5.803680735963819615e+00,1.357473080880285676e-01,9.907272416820501748e-01,5.674586851084746641e-03,9.179777790258949466e-01,-2.074059124227095596e-02,-2.884611456641613877e-03,9.997807294060359062e-01,1.277123927817881699e-01,0.000000000000000000e+00,0.000000000000000000e+00,0.000000000000000000e+00,1.000000000000000056e-01
9.909292950791007693e-01,-1.315827448373246278e-01,2.729676565294750917e-02,5.943905011715403752e+00,1.314782925203186736e-01,9.913032632900230512e-01,5.594531838561467470e-03,1.013034411510296273e+00,-2.779551672442760746e-02,-1.954853351706481099e-03,9.996117185179430598e-01,1.145913591918841928e-01,0.000000000000000000e+00,0.000000000000000000e+00,0.000000000000000000e+00,1.000000000000000056e-01
9.923919353691480483e-01,-1.191716888476056224e-01,3.092499299088190268e-02,6.039552933592712947e+00,1.191259820979599926e-01,9.928735867418154726e-01,3.322821036276671879e-03,1.145684696127727165e+00,-3.110059490545385996e-02,3.864293623354107896e-04,9.995161847958614620e-01,8.822175206367624534e-02,0.000000000000000000e+00,0.000000000000000000e+00,0.000000000000000000e+00,1.000000000000000056e-01
9.939586588510972431e-01,-1.049013148730967016e-01,3.227845462260446607e-02,6.183738717371509708e+00,1.047359155155730415e-01,9.944769738263521397e-01,6.777649319323035201e-03,1.293830028520139175e+00,-3.281116419822464880e-02,-3.355989731271016158e-03,9.994559344147598834e-01,6.383723171934135854e-02,0.000000000000000000e+00,0.000000000000000000e+00,0.000000000000000000e+00,1.000000000000000056e-01
9.960229324612460688e-01,-8.291836110217742917e-02,3.260158590358708947e-02,6.368985773240663839e+00,8.262584370444914228e-02,9.965282143842875140e-01,1.022193172503777642e-02,1.442970688913578048e+00,-3.333598601253608823e-02,-7.487544870803809760e-03,9.994161539160649754e-01,3.077468731123434928e-02,0.000000000000000000e+00,0.000000000000000000e+00,0.000000000000000000e+00,1.000000000000000056e-01
9.981703126352040600e-01,-5.109119625204863041e-02,3.233754225777945440e-02,6.546544092552661454e+00,5.083053273039731673e-02,9.986682338755381583e-01,8.832643446752691530e-03,1.583510148506159121e+00,-3.274574653421460230e-02,-7.172747970485757012e-03,9.994379759497178384e-01,-9.930774010904789076e-03,0.000000000000000000e+00,0.000000000000000000e+00,0.000000000000000000e+00,1.000000000000000056e-01
9.989069255394988911e-01,-3.470428131990525855e-02,3.131400592857527115e-02,6.836133012323839075e+00,3.456411906234302389e-02,9.993899425125538638e-01,5.006443667761452214e-03,1.705699929047880259e+00,-3.146864761425486462e-02,-3.918630222816093904e-03,9.994970578018259610e-01,-5.015629572409128351e-02,0.000000000000000000e+00,0.000000000000000000e+00,0.000000000000000000e+00,1.000000000000000056e-01
9.994472405415745220e-01,-3.617274882848771269e-03,3.304737048925256160e-02,7.114504974925532466e+00,3.428868775104288325e-03,9.999775554801486610e-01,5.755987740554655528e-03,1.774531126267340220e+00,-3.306744974676947835e-02,-5.639490967118582741e-03,9.994372115890405306e-01,-7.911537035590113232e-02,0.000000000000000000e+00,0.000000000000000000e+00,0.000000000000000000e+00,1.000000000000000056e-01
9.991606320558859000e-01,2.291588434219348630e-02,3.395428683535799824e-02,7.256610619227565451e+00,-2.305938743286137238e-02,9.997267192676659864e-01,3.840759499184859260e-03,1.817699497808384690e+00,-3.385699338251624974e-02,-4.620500743923216039e-03,9.994160069620516840e-01,-1.195926852448902650e-01,0.000000000000000000e+00,0.000000000000000000e+00,0.000000000000000000e+00,1.000000000000000056e-01
9.980006609189853162e-01,5.387398689744068297e-02,3.304957399185030203e-02,7.333169103521650634e+00,-5.403965552286011526e-02,9.985302099731424574e-01,4.139492959596042208e-03,1.817697126276525799e+00,-3.277798706813787183e-02,-5.917204303243204545e-03,9.994451411943502395e-01,-1.485849347730033021e-01,0.000000000000000000e+00,0.000000000000000000e+00,0.000000000000000000e+00,1.000000000000000056e-01
9.960387202010765328e-01,8.349898699866406537e-02,3.057428707915240892e-02,7.436363484948348201e+00,-8.361767247983398210e-02,9.964944609524465369e-01,2.621858147991787576e-03,1.780507196937193282e+00,-3.024818522253382505e-02,-5.168022957563491587e-03,9.995290585217887491e-01,-1.702922277476938140e-01,0.000000000000000000e+00,0.000000000000000000e+00,0.000000000000000000e+00,1.000000000000000056e-01
9.935189880178686428e-01,1.105311577595321643e-01,2.651195225341980433e-02,7.561888826899176408e+00,-1.105679701284000976e-01,9.938685616896004715e-01,-7.788921671300240088e-05,1.718743293632066127e+00,-2.635800503898997477e-02,-2.853988329035483332e-03,9.996484933820398711e-01,-1.845066625128210236e-01,0.000000000000000000e+00,0.000000000000000000e+00,0.000000000000000000e+00,1.000000000000000056e-01
9.909416886485461484e-01,1.322312681215047636e-01,2.344059362188831083e-02,7.671349731982357589e+00,-1.322209684422089859e-01,9.912182570952908778e-01,-1.995571391402830522e-03,1.620061285172546439e+00,-2.349862129087931448e-02,-1.121843105130889643e-03,9.997232398346430626e-01,-2.015834755764180641e-01,0.000000000000000000e+00,0.000000000000000000e+00,0.000000000000000000e+00,1.000000000000000056e-01
9.880060392006858594e-01,1.529107162005848286e-01,2.150300848711496002e-02,7.781740006998870030e+00,-1.528762054070988419e-01,9.882400047395819564e-01,-3.249438818875086121e-03,1.523147293826751403e+00,-2.174700722626593183e-02,-7.683316528504595920e-05,9.997635029212486035e-01,-2.194284124943622905e-01,0.000000000000000000e+00,0.000000000000000000e+00,0.000000000000000000e+00,1.000000000000000056e-01
9.850599520875265025e-01,1.708661045880387197e-01,2.148639328108254212e-02,7.911080146707550220e+00,-1.708411882909683654e-01,9.852940003913606137e-01,-3.003527279596909620e-03,1.396577902582112785e+00,-2.168361539618850545e-02,-7.121065220939098821e-04,9.997646291641104632e-01,-2.264593303574100325e-01,0.000000000000000000e+00,0.000000000000000000e+00,0.000000000000000000e+00,1.000000000000000056e-01
9.820690060138987931e-01,1.874680516116760398e-01,1.990469923899138363e-02,8.061592497003813307e+00,-1.874118825051141191e-01,9.822703301031934231e-01,-4.667429148114074673e-03,1.248381668853050908e+00,-2.042678934052133757e-02,8.533603490512011933e-04,9.997909871834975704e-01,-2.360181209855942430e-01,0.000000000000000000e+00,0.000000000000000000e+00,0.000000000000000000e+00,1.000000000000000056e-01
9.793480149107641752e-01,2.015900970136920434e-01,1.545634097566192348e-02,8.171844904819181465e+00,-2.015259993347748024e-01,9.794670755405125995e-01,-5.614225167919586687e-03,1.107703849533167695e+00,-1.627074929024619962e-02,2.383425712284802100e-03,9.998647818577309776e-01,-2.477779565077603274e-01,0.000000000000000000e+00,0.000000000000000000e+00,0.000000000000000000e+00,1.000000000000000056e-01
9.786301046344507704e-01,2.054746449284686194e-01,7.955412917230246864e-03,8.316910506401674397e+00,-2.054502436638034335e-01,9.786602600858871348e-01,-3.780569680288463266e-03,9.568235609680026954e-01,-8.562457687351787347e-03,2.065337779507407396e-03,9.999612085967178876e-01,-2.514295271102506835e-01,0.000000000000000000e+00,0.000000000000000000e+00,0.000000000000000000e+00,1.000000000000000056e-01
9.788365279570881983e-01,2.046301125078282268e-01,-2.359786419577025035e-03,8.436550091359821479e+00,-2.046340514853106363e-01,9.788372939593829036e-01,-1.567458764977961274e-03,7.720338968456363915e-01,1.989097689832054761e-03,2.017178550904994913e-03,9.999959872324858390e-01,-2.525521433772230373e-01,0.000000000000000000e+00,0.000000000000000000e+00,0.000000000000000000e+00,1.000000000000000056e-01
9.806509637079929842e-01,1.954901223820148526e-01,-1.035854379965580295e-02,8.575502472622545724e+00,-1.955144921234158728e-01,9.806998346707108682e-01,-1.384791162252901669e-03,6.287849942503965783e-01,9.887909197969410244e-03,3.383242217925482194e-03,9.999453899707660964e-01,-2.362695423178484688e-01,0.000000000000000000e+00,0.000000000000000000e+00,0.000000000000000000e+00,1.000000000000000056e-01
9.827440972508376671e-01,1.844766126496938108e-01,-1.350624684843728870e-02,8.721752801799963706e+00,-1.845305570653912597e-01,9.828226378987624523e-01,-2.852357420543097551e-03,4.527609620542072943e-01,1.274805192068497253e-02,5.295452673093171449e-03,9.999047181372906490e-01,-2.086408605016786821e-01,0.000000000000000000e+00,0.000000000000000000e+00,0.000000000000000000e+00,1.000000000000000056e-01
9.873507497844723479e-01,1.580341807666786613e-01,-1.279431942093946228e-02,8.957018004504485376e+00,-1.581296040792657120e-01,9.873948151831026809e-01,-6.819623395852782329e-03,3.097403675884468077e-01,1.155531106353123103e-02,8.756520937639790739e-03,9.998948935399628590e-01,-1.971295398294491685e-01,0.000000000000000000e+00,0.000000000000000000e+00,0.000000000000000000e+00,1.000000000000000056e-01
9.904472158927122294e-01,1.372081839323403551e-01,-1.371957697467818087e-02,9.103700330874158198e+00,-1.373564706468319851e-01,9.904658245367528036e-01,-1.051904920495718918e-02,1.842405211168765544e-01,1.214547248241296985e-02,1.230303567089763295e-02,9.998505502381140886e-01,-1.850679705562853772e-01,0.000000000000000000e+00,0.000000000000000000e+00,0.000000000000000000e+00,1.000000000000000056e-01
9.945379786224940455e-01,1.034996603865200315e-01,-1.349182631665189411e-02,8.524440023464421756e+00,-1.037301000031368436e-01,9.944484475389133715e-01,-1.767346997010796339e-02,1.627554824058735083e-01,1.158772759530159874e-02,1.897644559236777440e-02,9.997527789818125843e-01,-1.820089377573509692e-01,0.000000000000000000e+00,0.000000000000000000e+00,0.000000000000000000e+00,1.000000000000000056e-01
9.978231391137186712e-01,6.342941784782035741e-02,-1.804693881884334231e-02,7.873396112950617365e+00,-6.377785149815390353e-02,9.977748629494810340e-01,-1.943472470666254837e-02,6.061324530574960234e-02,1.677404863245282943e-02,2.054341299859743092e-02,9.996482378691242676e-01,-1.699391707063581947e-01,0.000000000000000000e+00,0.000000000000000000e+00,0.000000000000000000e+00,1.000000000000000056e-01
9.994508851924220894e-01,2.142981069492119056e-02,-2.527234262318651253e-02,7.225974291636275915e+00,-2.181390401467037110e-02,9.996491899871806641e-01,-1.502166933507552253e-02,6.006384849835410406e-03,2.494156530217452733e-02,1.556470917021714716e-02,9.995677356481270648e-01,-1.709939847727959816e-01,0.000000000000000000e+00,0.000000000000000000e+00,0.000000000000000000e+00,1.000000000000000056e-01
9.995114134159541752e-01,-1.976242079679958394e-02,-2.421530870114486922e-02,6.568248501761683400e+00,1.950843814471019469e-02,9.997526458064096566e-01,-1.068026424006597759e-02,-1.963859086529404219e-02,2.442038681912175185e-02,1.020264315429286923e-02,9.996497140400084636e-01,-1.647279775818994429e-01,0.000000000000000000e+00,0.000000000000000000e+00,0.000000000000000000e+00,1.000000000000000056e-01
9.978327829005738669e-01,-6.280038539181231894e-02,-1.964303855150879505e-02,5.956035631114557027e+00,6.260016977640686653e-02,9.979818902831765204e-01,-1.064731941771454408e-02,6.833364506449736940e-03,2.027205250736225858e-02,9.394586816760466461e-03,9.997503616531884241e-01,-1.388684282098209266e-01,0.000000000000000000e+00,0.000000000000000000e+00,0.000000000000000000e+00,1.000000000000000056e-01
9.961774932669146265e-01,-8.640609442296211251e-02,-1.282141782395489552e-02,6.003274603619285443e+00,8.630193436621795555e-02,9.962330460281394462e-01,-8.467238401273986456e-03,2.005330005078388711e-02,1.350474113396027409e-02,7.328359165949665036e-03,9.998819515917064527e-01,-1.393302938778213096e-01,0.000000000000000000e+00,0.000000000000000000e+00,0.000000000000000000e+00,1.000000000000000056e-01
9.942536532126055038e-01,-1.067843592107865919e-01,-7.534832534942413271e-03,6.053354723500069312e+00,1.067412521415939813e-01,9.942692708332639961e-01,-5.909498111863882748e-03,5.555656333470540553e-02,8.122694419500685672e-03,5.071262626916686091e-03,9.999541510143034051e-01,-1.254795889610106352e-01,0.000000000000000000e+00,0.000000000000000000e+00,0.000000000000000000e+00,1.000000000000000056e-01
9.920651086721007372e-01,-1.256852880304791531e-01,-3.166785137718698510e-03,6.141894552699588061e+00,1.256766908261403859e-01,9.920673507740788155e-01,-2.782249286383766621e-03,9.553512274501535506e-02,3.491351944979054385e-03,2.362181363983296718e-03,9.999911152409305393e-01,-1.200312900025734403e-01,0.000000000000000000e+00,0.000000000000000000e+00,0.000000000000000000e+00,1.000000000000000056e-01
9.897827534360589263e-01,-1.425269166090058492e-01,4.022318046003578972e-03,6.218044010248043207e+00,1.425302484536379866e-01,9.897902923096512096e-01,-5.527434481227822254e-04,1.601795911593146271e-01,-3.902470535179496970e-03,1.120397922483150387e-03,9.999917576821407694e-01,-1.128209402641508624e-01,0.000000000000000000e+00,0.000000000000000000e+00,0.000000000000000000e+00,1.000000000000000056e-01
9.877604312639890471e-01,-1.557331041896609924e-01,8.748182018602517276e-03,6.300077198907271026e+00,1.557267532824771761e-01,9.877991696302732549e-01,1.406694650994693915e-03,2.296781406491222866e-01,-8.860515858396448771e-03,-2.715133224214774568e-05,9.999607444902666176e-01,-1.220579062016976524e-01,0.000000000000000000e+00,0.000000000000000000e+00,0.000000000000000000e+00,1.000000000000000056e-01
9.862461976395993091e-01,-1.647537480586757364e-01,1.321514820389413369e-02,6.371596732700562704e+00,1.647510179873461211e-01,9.863343275280598288e-01,1.302463781896469460e-03,3.376415186063982943e-01,-1.324914010664968861e-02,8.926591669865221231e-04,9.999118278358577472e-01,-1.172450885538111193e-01,0.000000000000000000e+00,0.000000000000000000e+00,0.000000000000000000e+00,1.000000000000000056e-01
9.854334568147978812e-01,-1.694176898290208066e-01,1.478338807701192088e-02,6.440276997353526767e+00,1.693903977437395125e-01,9.855441926763649496e-01,3.088273645560682922e-03,4.143116956265188167e-01,-1.509289045397084993e-02,-5.391241877697962228e-04,9.998859504977828383e-01,-1.261249927765601964e-01,0.000000000000000000e+00,0.000000000000000000e+00,0.000000000000000000e+00,1.000000000000000056e-01
9.841582730016552594e-01,-1.765436252679316032e-01,1.627396877395409502e-02,6.520367519151306190e+00,1.764743907711248116e-01,9.842892569493518762e-01,5.607856636288970770e-03,5.276220414287505767e-01,-1.700832397268551427e-02,-2.647079777599167447e-03,9.998518439670405211e-01,-1.371410240620792031e-01,0.000000000000000000e+00,0.000000000000000000e+00,0.000000000000000000e+00,1.000000000000000056e-01
9.843952230614565480e-01,-1.750974073153091226e-01,1.751978211171651215e-02,6.590873740971238348e+00,1.750836677622473470e-01,9.845508085208193316e-01,2.326955934237111626e-03,6.387733177017873576e-01,-1.765655959422096979e-02,7.767834045772168544e-04,9.998438090576138304e-01,-1.406378745188773538e-01,0.000000000000000000e+00,0.000000000000000000e+00,0.000000000000000000e+00,1.000000000000000056e-01
9.846106484441485840e-01,-1.731581559846090412e-01,2.362464785775610088e-02,6.646465967017642917e+00,1.732471571037312863e-01,9.848768097106540553e-01,-1.758479354220857799e-03,7.522539211989747177e-01,-2.296287277037057512e-02,5.824320576168045584e-03,9.997193525004693937e-01,-1.478053383877583338e-01,0.000000000000000000e+00,0.000000000000000000e+00,0.000000000000000000e+00,1.000000000000000056e-01
9.846169138727520753e-01,-1.723387850194530169e-01,2.879020829581247290e-02,6.703737613531859374e+00,1.724285193658730841e-01,9.850218218666443315e-01,-6.451013948096757586e-04,8.612855915531857365e-01,-2.824780743686552617e-02,5.599430733174532229e-03,9.995852678738688102e-01,-1.728345540149222315e-01,0.000000000000000000e+00,0.000000000000000000e+00,0.000000000000000000e+00,1.000000000000000056e-01
9.850910303206761309e-01,-1.695950680021466872e-01,2.886476902897428670e-02,6.711079166826461773e+00,1.696625883554570002e-01,9.855022037892693376e-01,1.115303556891928186e-04,9.510987965424232415e-01,-2.846520848817982174e-02,4.787403872740308812e-03,9.995833195236322188e-01,-1.798979276886180090e-01,0.000000000000000000e+00,0.000000000000000000e+00,0.000000000000000000e+00,1.000000000000000056e-01
9.860194694150017369e-01,-1.641194877924062601e-01,2.881665597040558927e-02,6.771853517509856424e+00,1.642496626256492731e-01,9.864163601927239400e-01,-2.193780184664801021e-03,1.064620380157735413e+00,-2.806517881501709513e-02,6.896235994834851342e-03,9.995823065997040402e-01,-2.043072731893999239e-01,0.000000000000000000e+00,0.000000000000000000e+00,0.000000000000000000e+00,1.000000000000000056e-01
9.880444575231768223e-01,-1.514530869632702004e-01,2.881167136816807986e-02,6.824992086274684233e+00,1.517215404335297002e-01,9.883958833245780617e-01,-7.358803945205201133e-03,1.162260756288604924e+00,-2.736282379813912216e-02,1.164217661450277046e-02,9.995577700150545253e-01,-2.211403978810831117e-01,0.000000000000000000e+00,0.000000000000000000e+00,0.000000000000000000e+00,1.000000000000000056e-01
9.903050130055045530e-01,-1.357833046833681334e-01,2.930657580528761227e-02,6.913350577034202082e+00,1.360589907816815436e-01,9.906714475716058566e-01,-7.618004584484566050e-03,1.259330175301316190e+00,-2.799879003881691406e-02,1.153157125644825934e-02,9.995414401718017983e-01,-2.444248184072025099e-01,0.000000000000000000e+00,0.000000000000000000e+00,0.000000000000000000e+00,1.000000000000000056e-01
9.921588668045047132e-01,-1.196004313957367560e-01,3.628387839185120284e-02,7.023789750045794200e+00,1.201686889910879574e-01,9.926561811053217221e-01,-1.389936327900913142e-02,1.326802274142077964e+00,-3.435504631584936769e-02,1.815056261806666932e-02,9.992448588155374845e-01,-2.384773096630578293e-01,0.000000000000000000e+00,0.000000000000000000e+00,0.000000000000000000e+00,1.000000000000000056e-01
9.941977450206486155e-01,-1.011377367053033216e-01,3.663334560187180011e-02,7.086545878192600512e+00,1.017745224748871913e-01,9.946795943100796844e-01,-1.595152776833885788e-02,1.356728368934511320e+00,-3.482513992600919095e-02,1.958731419220476055e-02,9.992014545385078383e-01,-2.741048039860820018e-01,0.000000000000000000e+00,0.000000000000000000e+00,0.000000000000000000e+00,1.000000000000000056e-01
9.957945838995564403e-01,-8.484237263370840443e-02,3.456759294761937301e-02,7.152803759564865693e+00,8.547437450738266940e-02,9.961913347980764222e-01,-1.723240481762332646e-02,1.398119485717114641e+00,-3.297389844833380906e-02,2.011457877037750933e-02,9.992537844521827139e-01,-2.975219926800370951e-01,0.000000000000000000e+00,0.000000000000000000e+00,0.000000000000000000e+00,1.000000000000000056e-01
9.974984601241356774e-01,-6.345152878563768695e-02,3.115646874636784219e-02,7.263309287285946603e+00,6.414108166049543869e-02,9.977058781541078281e-01,-2.165415295415984431e-02,1.417605045720501611e+00,-2.971100290127647037e-02,2.359839383318040190e-02,9.992799268048440098e-01,-3.041805463200180082e-01,0.000000000000000000e+00,0.000000000000000000e+00,0.000000000000000000e+00,1.000000000000000056e-01
9.985187839389286779e-01,-4.521584617109487142e-02,3.026161555758468541e-02,7.367747368493297699e+00,4.596044830628503303e-02,9.986457244218899243e-01,-2.437938238274396652e-02,1.401958164499006676e+00,-2.911829858711643959e-02,2.573410866749868686e-02,9.992446548961274599e-01,-3.230983101300337612e-01,0.000000000000000000e+00,0.000000000000000000e+00,0.000000000000000000e+00,1.000000000000000056e-01
9.992964570025315574e-01,-2.218912957826527435e-02,3.023629525498256615e-02,7.567238425930602475e+00,2.300035460044590543e-02,9.993774854765777871e-01,-2.675117213817636286e-02,1.406448124443453906e+00,-2.962388749710738456e-02,2.742779705101285742e-02,9.991847382934184729e-01,-3.431656083885490371e-01,0.000000000000000000e+00,0.000000000000000000e+00,0.000000000000000000e+00,1.000000000000000056e-01
9.995032668216862204e-01,1.306192845557687093e-03,3.148830692538762827e-02,7.757521557265314449e+00,-4.784205130042456003e-04,9.996544683160453193e-01,-2.628145904582496889e-02,1.384432337606430474e+00,-3.151175537144729893e-02,2.625333952118952957e-02,9.991585316842344078e-01,-3.431977431601616613e-01,0.000000000000000000e+00,0.000000000000000000e+00,0.000000000000000000e+00,1.000000000000000056e-01
9.993242689336451212e-01,2.465901272279006837e-02,2.725690025980396017e-02,7.950320422333609471e+00,-2.398353871326502559e-02,9.994037801804143140e-01,-2.483694892468476037e-02,1.344056128924128402e+00,-2.785310379517768123e-02,2.416644890411826993e-02,9.993198623845819251e-01,-3.676053058622763547e-01,0.000000000000000000e+00,0.000000000000000000e+00,0.000000000000000000e+00,1.000000000000000056e-01
9.989007387374508884e-01,4.220740685541427700e-02,2.039237495527123842e-02,8.078898551588180155e+00,-4.173802643117260208e-02,9.988656719809848594e-01,-2.291956560684127106e-02,1.277521799760452215e+00,-2.133661874350252161e-02,2.204323353133772270e-02,9.995293115042086507e-01,-3.707201660902720852e-01,0.000000000000000000e+00,0.000000000000000000e+00,0.000000000000000000e+00,1.000000000000000056e-01
9.980539479424749283e-01,6.160133001651601353e-02,9.674354584972680998e-03,8.207587268500336819e+00,-6.138014896608901677e-02,9.978785197310982014e-01,-2.170108688920776435e-02,1.178249654950919378e+00,-1.099064644778547858e-02,2.106504211884010352e-02,9.997176949975383753e-01,-3.886259998189706133e-01,0.000000000000000000e+00,0.000000000000000000e+00,0.000000000000000000e+00,1.000000000000000056e-01
9.973055427287565999e-01,7.334237026808437809e-02,1.597236976642519820e-03,8.370587856910987057e+00,-7.328723029660055843e-02,9.970512782194745904e-01,-2.275369148874277839e-02,1.061451908020926149e+00,-3.261336835313966530e-03,2.257532556511785901e-02,9.997398253334092155e-01,-3.813829503308158175e-01,0.000000000000000000e+00,0.000000000000000000e+00,0.000000000000000000e+00,1.000000000000000056e-01
9.965222925068194515e-01,8.317554091347824363e-02,-5.014970658277943111e-03,8.494415928536064087e+00,-8.325741681732502786e-02,9.963419139763018961e-01,-1.926117854508270846e-02,9.568221825538830716e-01,3.394566520085305020e-03,1.961172730255188526e-02,9.998019089151365391e-01,-4.059025749860026844e-01,0.000000000000000000e+00,0.000000000000000000e+00,0.000000000000000000e+00,1.000000000000000056e-01
9.960331803692491492e-01,8.849485056028173757e-02,-9.304032879999745223e-03,8.640002106684615768e+00,-8.865188862783908441e-02,9.958983058464451199e-01,-1.809439291320898840e-02,8.384629770622614719e-01,7.664609985897917303e-03,1.884743580686184389e-02,9.997929925325893530e-01,-3.873138772879901048e-01,0.000000000000000000e+00,0.000000000000000000e+00,0.000000000000000000e+00,1.000000000000000056e-01
9.952496312481113883e-01,9.672660578876285387e-02,-1.105148103574985462e-02,8.690718705451601522e+00,-9.693999698523717012e-02,9.950737729624302697e-01,-2.075628451375746350e-02,7.341427552722519234e-01,8.989353981264732937e-03,2.172901504668599618e-02,9.997234824790804941e-01,-3.638151408275153709e-01,0.000000000000000000e+00,0.000000000000000000e+00,0.000000000000000000e+00,1.000000000000000056e-01
9.953065477574568609e-01,9.554889074889716394e-02,-1.533901782346606263e-02,8.709873685228735951e+00,-9.583038453216533026e-02,9.952200460048117314e-01,-1.880418651783829706e-02,6.077991320885333115e-01,1.346897886072370709e-02,2.018587394282543926e-02,9.997055151901552694e-01,-3.602229319731929391e-01,0.000000000000000000e+00,0.000000000000000000e+00,0.000000000000000000e+00,1.000000000000000056e-01
9.960086285852213228e-01,8.793693279278620711e-02,-1.529403919125657194e-02,8.820877592672861311e+00,-8.819190070497050227e-02,9.959604412838495291e-01,-1.688158901656945654e-02,6.038438407691431031e-01,1.374774286315087746e-02,1.816301871046590438e-02,9.997405184934198275e-01,-3.633864703776666372e-01,0.000000000000000000e+00,0.000000000000000000e+00,0.000000000000000000e+00,1.000000000000000056e-01
9.963419117891461063e-01,8.425229272102395528e-02,-1.429496357464346383e-02,8.898045640747469065e+00,-8.450517555581145424e-02,9.962582986472193758e-01,-1.811843483387302889e-02,6.197625715658018342e-01,1.271495641482800303e-02,1.926015440744728580e-02,9.997336526973423787e-01,-3.701811850977247409e-01,0.000000000000000000e+00,0.000000000000000000e+00,0.000000000000000000e+00,1.000000000000000056e-01
9.957296767268225546e-01,9.098555001020376676e-02,-1.562179806674367927e-02,9.001765461173913963e+00,-9.128201923616498237e-02,9.956351718976343967e-01,-1.944729915789111113e-02,6.461785490711194901e-01,1.378418839343878086e-02,2.079024217532870339e-02,9.996888325777303352e-01,-3.809383753847343512e-01,0.000000000000000000e+00,0.000000000000000000e+00,0.000000000000000000e+00,1.000000000000000056e-01
9.960493585860087373e-01,8.761789385622494042e-02,-1.444921923841653404e-02,9.048300162262465918e+00,-8.789007661819685235e-02,9.959408454308738001e-01,-1.942078357028711316e-02,6.681449256088812794e-01,1.268895947065847539e-02,2.061400200435972718e-02,9.997069836851777414e-01,-3.808695542516236654e-01,0.000000000000000000e+00,0.000000000000000000e+00,0.000000000000000000e+00,1.000000000000000056e-01
9.959841987660037477e-01,8.859540591422841727e-02,-1.289689339858750630e-02,9.149119706185439682e+00,-8.881441576284261619e-02,9.958938477217164076e-01,-1.753407034147177329e-02,6.773049637257457789e-01,1.129049871114479187e-02,1.860908705250872291e-02,9.997630851946504027e-01,-3.943194520316851692e-01,0.000000000000000000e+00,0.000000000000000000e+00,0.000000000000000000e+00,1.000000000000000056e-01
9.961126177028429840e-01,8.753339534585038995e-02,-9.877122679038115999e-03,9.178411358339792159e+00,-8.769008273101960849e-02,9.960072031623038447e-01,-1.673620743872608965e-02,6.922099226238617176e-01,8.372708272515540923e-03,1.753727310707652379e-02,9.998111530724945739e-01,-4.041629071153194364e-01,0.000000000000000000e+00,0.000000000000000000e+00,0.000000000000000000e+00,1.000000000000000056e-01
9.960800583056592661e-01,8.790941924199320578e-02,-9.820970131806945613e-03,9.201073886651958134e+00,-8.805901991774194026e-02,9.959865960846630006e-01,-1.600966679269370113e-02,7.148393035768815240e-01,8.374154101824016205e-03,1.681173483676885738e-02,9.998236039996540869e-01,-4.159597381477467271e-01,0.000000000000000000e+00,0.000000000000000000e+00,0.000000000000000000e+00,1.000000000000000056e-01
9.958020267686075178e-01,9.048613044891712365e-02,-1.380520481250246782e-02,9.168728351232985574e+00,-9.066951349163698826e-02,9.957923373035852954e-01,-1.329136150484619069e-02,7.377671604908743186e-01,1.254443329622530710e-02,1.448727592904209063e-02,9.998163611531031281e-01,-4.123130039977602190e-01,0.000000000000000000e+00,0.000000000000000000e+00,0.000000000000000000e+00,1.000000000000000056e-01
9.952234520633754800e-01,9.510580092776860228e-02,-2.202650886876762054e-02,9.155390949392829825e+00,-9.544096694968795536e-02,9.953265663521362328e-01,-1.469857616829638516e-02,7.554326423465920204e-01,2.052564958209170815e-02,1.673059901958945037e-02,9.996493308984299997e-01,-4.304807516544680857e-01,0.000000000000000000e+00,0.000000000000000000e+00,0.000000000000000000e+00,1.000000000000000056e-01
9.948465138895403737e-01,9.671641419210894042e-02,-3.043598244921585233e-02,9.189256928303839445e+00,-9.720963931955367565e-02,9.951484244059785045e-01,-1.516243468776969777e-02,7.726145402232590387e-01,2.882186366616203144e-02,1.804296616743006343e-02,9.994217085628519515e-01,-4.303988595733873046e-01,0.000000000000000000e+00,0.000000000000000000e+00,0.000000000000000000e+00,1.000000000000000056e-01
9.933831042648333387e-01,1.106921505858163984e-01,-3.061463636645263275e-02,9.351886787363712372e+00,-1.112241423842599969e-01,9.936624482983235085e-01,-1.625204579944689726e-02,8.053607171003703824e-01,2.862164062469225306e-02,1.954959438117347820e-02,9.993991269995599058e-01,-4.232295612575618371e-01,0.000000000000000000e+00,0.000000000000000000e+00,0.000000000000000000e+00,1.000000000000000056e-01
9.917836867983509386e-01,1.247879900266857522e-01,-2.816160765599610982e-02,9.450001978327904339e+00,-1.252618336809543098e-01,9.919989526186466788e-01,-1.573375436419640824e-02,8.272520586260005970e-01,2.597290171612373633e-02,1.913205552489603486e-02,9.994795509803273692e-01,-4.091426411209172498e-01,0.000000000000000000e+00,0.000000000000000000e+00,0.000000000000000000e+00,1.000000000000000056e-01
9.905639979234825976e-01,1.345639307747708846e-01,-2.599066279050043712e-02,9.512272851904176818e+00,-1.349986653551109306e-01,9.907204571494482304e-01,-1.575868452400563599e-02,8.551686720767540661e-01,2.362893078803199667e-02,1.911869033252623987e-02,9.995379679180692589e-01,-4.084132894755364007e-01,0.000000000000000000e+00,0.000000000000000000e+00,0.000000000000000000e+00,1.000000000000000056e-01
9.880657555471641373e-01,1.512214129625976677e-01,-2.929414577363832761e-02,9.541772520078794173e+00,-1.518700161774667601e-01,9.881701194097115559e-01,-2.133807142298720094e-02,8.762558500310715370e-01,2.572082621666073321e-02,2.553232005502072133e-02,9.993430540766971015e-01,-4.038005777156419840e-01,0.000000000000000000e+00,0.000000000000000000e+00,0.000000000000000000e+00,1.000000000000000056e-01
9.853680624819628475e-01,1.667943927033871954e-01,-3.506297196831419105e-02,9.638295389424909487e+00,-1.677250408127947678e-01,9.855037458637758707e-01,-2.550838240290177750e-02,8.799847815902356318e-01,3.030003506415243630e-02,3.101608374979969440e-02,9.990595129540263963e-01,-3.908222936722921537e-01,0.000000000000000000e+00,0.000000000000000000e+00,0.000000000000000000e+00,1.000000000000000056e-01
9.821982966392400760e-01,1.837046436193407739e-01,-3.923149234564404786e-02,9.699568073459587936e+00,-1.848956208879085350e-01,9.823233225078572550e-01,-2.923182227639896380e-02,8.613686538795737313e-01,3.316798841428485189e-02,3.596517718314713730e-02,9.988024782582063388e-01,-3.931845480979340168e-01,0.000000000000000000e+00,0.000000000000000000e+00,0.000000000000000000e+00,1.000000000000000056e-01
9.783337857547403926e-01,2.031196539471601392e-01,-4.006756582553550744e-02,9.724846004442078140e+00,-2.042690590133320327e-01,9.785421108746475971e-01,-2.700904986845771225e-02,8.436372886885290523e-01,3.372173157780569003e-02,3.460842997558368633e-02,9.988318684313288731e-01,-3.766123261362019914e-01,0.000000000000000000e+00,0.000000000000000000e+00,0.000000000000000000e+00,1.000000000000000056e-01
9.746228488641344168e-01,2.203390199567625274e-01,-3.950972989596449741e-02,9.771805378242254037e+00,-2.214535742845946675e-01,9.748125227840741536e-01,-2.643595770775959003e-02,8.437749414626071198e-01,3.268970646145633735e-02,3.451465931806866477e-02,9.988694215880379312e-01,-3.828644692207746614e-01,0.000000000000000000e+00,0.000000000000000000e+00,0.000000000000000000e+00,1.000000000000000056e-01
9.697104759388407436e-01,2.412389708680990341e-01,-3.827991364890356851e-02,9.778328192793518170e+00,-2.423883180383954450e-01,9.697497320742668458e-01,-2.886798261751732930e-02,8.038951548621547927e-01,3.015785358716225814e-02,3.727218904743966055e-02,9.988499826253325331e-01,-3.689039857202754957e-01,0.000000000000000000e+00,0.000000000000000000e+00,0.000000000000000000e+00,1.000000000000000056e-01
