1.000000000000000000e+00,-1.072042356895433943e-13,4.230852702827586576e-14,6.163253851574075690e-21,1.072042356895437729e-13,1.000000000000000000e+00,-8.762684896525004343e-15,2.510696145886119968e-20,-4.230852702827493175e-14,8.762684896529538716e-15,1.000000000000000000e+00,-1.321361770292886867e-20,0.000000000000000000e+00,0.000000000000000000e+00,0.000000000000000000e+00,1.000000000000000056e-01
9.999970979238622659e-01,-2.266491223038066567e-03,-8.167994793095425740e-04,6.462950337352939556e-01,2.265299737051545362e-03,9.999963731999993444e-01,-1.456709974239157055e-03,1.709475457527767639e-02,8.200981373123153884e-04,1.454855451110197281e-03,9.999986054163583216e-01,6.593483971139230473e-03,0.000000000000000000e+00,0.000000000000000000e+00,0.000000000000000000e+00,1.000000000000000056e-01
9.999758304263960396e-01,-6.895633717703269182e-03,-8.881433841696648136e-04,1.299010191255146829e+00,6.894964293985147812e-03,9.999759447314507943e-01,-7.546030924398494611e-04,1.889583886690944861e-02,8.933254861697598756e-04,7.484611370830760802e-04,9.999993208875204154e-01,1.042917022629756725e-02,0.000000000000000000e+00,0.000000000000000000e+00,0.000000000000000000e+00,1.000000000000000056e-01
9.999237796120521438e-01,-1.193639368474894331e-02,-3.155546252361805457e-03,2.001015354292874804e+00,1.193594459084531580e-02,9.999287510963705827e-01,-1.611135527351500226e-04,2.351828468615515394e-02,3.157244537944367893e-03,1.234368473756167661e-04,9.999950082726775102e-01,1.659118412233710413e-02,0.000000000000000000e+00,0.000000000000000000e+00,0.000000000000000000e+00,1.000000000000000056e-01
9.998456289506988393e-01,-1.707139377229483640e-02,-4.157617449061503864e-03,2.705494402545769006e+00,1.706791142408141393e-02,9.998539526646431641e-01,-8.716309478844848531e-04,3.301894761576606996e-02,4.171890195247090344e-03,8.005345469446593660e-04,9.999909771976135398e-01,1.898335905052523156e-02,0.000000000000000000e+00,0.000000000000000000e+00,0.000000000000000000e+00,1.000000000000000056e-01
9.997468969191235511e-01,-2.212936890588141151e-02,-4.053780015095278209e-03,3.417110376052111320e+00,2.212820137769294301e-02,9.997550860355154390e-01,-3.326408083597523317e-04,3.937007529401437278e-02,4.060148318921976036e-03,2.428537554314357633e-04,9.999917280746285497e-01,3.633481908410959166e-02,0.000000000000000000e+00,0.000000000000000000e+00,0.000000000000000000e+00,1.000000000000000056e-01
9.996154037160054351e-01,-2.738621727616519577e-02,-4.363456999921558679e-03,4.159164068845958795e+00,2.739229207366919785e-02,9.996238645565690417e-01,1.338560398681320303e-03,6.777605294244849754e-02,4.325157643172443736e-03,-1.457570681918832862e-03,9.999895841952899378e-01,4.717200213011437521e-02,0.000000000000000000e+00,0.000000000000000000e+00,0.000000000000000000e+00,1.000000000000000056e-01
9.994664656949941994e-01,-3.231968392547451829e-02,-4.714019740564338000e-03,4.927043497981633990e+00,3.233574229065422356e-02,9.994713782991593298e-01,3.371013392326149827e-03,1.001081690355593579e-01,4.602577720082761704e-03,-3.521646168522654836e-03,9.999832070022948161e-01,5.711970370265073010e-02,0.000000000000000000e+00,0.000000000000000000e+00,0.000000000000000000e+00,1.000000000000000056e-01
9.993097684502089129e-01,-3.688035036851365633e-02,-4.452688702974327839e-03,5.697602320800992715e+00,3.689773451946332106e-02,9.993114861340873789e-01,3.887269969129343670e-03,1.416075351079082723e-01,4.306259086623246551e-03,-4.048880978414255358e-03,9.999825311951712203e-01,6.517076197396863557e-02,0.000000000000000000e+00,0.000000000000000000e+00,0.000000000000000000e+00,1.000000000000000056e-01
9.991994745463649297e-01,-3.995786069237442645e-02,-1.944076942136822644e-03,6.491116758994824210e+00,3.996598543973712420e-02,9.991916277680659153e-01,4.337165668205827072e-03,1.838509653814650591e-01,1.769201542750138646e-03,-4.411390607454965078e-03,9.999887047156130748e-01,7.641341361956383027e-02,0.000000000000000000e+00,0.000000000000000000e+00,0.000000000000000000e+00,1.000000000000000056e-01
9.990592623791367810e-01,-4.336501200505857301e-02,-2.568817945097769616e-04,7.288510166179707817e+00,4.336549183024897280e-02,9.990565854001497437e-01,2.318035140764666390e-03,2.203258594232810064e-01,1.561178267669933507e-04,-2.326994283262419794e-03,9.999972803587167114e-01,8.320140994252639421e-02,0.000000000000000000e+00,0.000000000000000000e+00,0.000000000000000000e+00,1.000000000000000056e-01
9.989371452145787700e-01,-4.609055861993430897e-02,4.902210214447325944e-04,8.096948873062856933e+00,4.608907696125347925e-02,9.989336981453382780e-01,2.695124215642397299e-03,2.712313474243772671e-01,-6.139180785094424091e-04,-2.669665855587107124e-03,9.999962479873674148e-01,9.759249130505412428e-02,0.000000000000000000e+00,0.000000000000000000e+00,0.000000000000000000e+00,1.000000000000000056e-01
9.988151618738061455e-01,-4.866457584186403146e-02,-1.773954165666711093e-04,8.927478371355453746e+00,4.866481362966303820e-02,9.988136048223924535e-01,1.765994362359190077e-03,3.059544943458245569e-01,9.124358891659359902e-05,-1.772534859793997155e-03,9.999984248961486522e-01,1.009916379366474076e-01,0.000000000000000000e+00,0.000000000000000000e+00,0.000000000000000000e+00,1.000000000000000056e-01
9.987078694066914286e-01,-5.080952643277700242e-02,-9.917705500552451668e-04,9.700704780392083393e+00,5.081161886717576459e-02,9.987058037683725908e-01,2.212895719585844783e-03,3.768608778690836769e-01,8.780508207894484633e-04,-2.260429836519862925e-03,9.999970597375326120e-01,1.185623105712415720e-01,0.000000000000000000e+00,0.000000000000000000e+00,0.000000000000000000e+00,1.000000000000000056e-01
9.985770916320021451e-01,-5.331355749384646819e-02,-1.206919683422334223e-03,1.050317290764225753e+01,5.331394686183010129e-02,9.985777572967529103e-01,2.927493830498864320e-04,4.394113542595217137e-01,1.189595639644663080e-03,-3.566784793714937018e-04,9.999992288210408642e-01,1.270779907090785199e-01,0.000000000000000000e+00,0.000000000000000000e+00,0.000000000000000000e+00,1.000000000000000056e-01
9.984431174902378414e-01,-5.576916639857500829e-02,-1.068276922509714833e-03,1.131010711480441522e+01,5.576899702984496748e-02,9.984436808038993361e-01,-1.877046783753778076e-04,4.967646986034423007e-01,1.077082476070569290e-03,1.278357117261184417e-04,9.999994117755123257e-01,1.503502400994472521e-01,0.000000000000000000e+00,0.000000000000000000e+00,0.000000000000000000e+00,1.000000000000000056e-01
9.982861324705258887e-01,-5.848512005864858060e-02,-2.070857012203818851e-03,1.216418242242264114e+01,5.848570501896992874e-02,9.982882211966759289e-01,2.229986785562091821e-04,5.461659160405594182e-01,2.054270058577333923e-03,-3.437320207141340432e-04,9.999978309090596928e-01,1.549263608001996417e-01,0.000000000000000000e+00,0.000000000000000000e+00,0.000000000000000000e+00,1.000000000000000056e-01
9.981981151944965269e-01,-5.989041405785879013e-02,-3.696096066497362581e-03,1.304150609444535291e+01,5.990336660430782556e-02,9.981980477436465105e-01,3.499164220586466548e-03,6.073784103344629370e-01,3.479869483823270528e-03,-3.714267727421562484e-03,9.999870472779257558e-01,1.697355659397757621e-01,0.000000000000000000e+00,0.000000000000000000e+00,0.000000000000000000e+00,1.000000000000000056e-01
9.983669029457917787e-01,-5.697611430777235059e-02,-4.153251836288743282e-03,1.392821236846847022e+01,5.700550981570024628e-02,9.983468750997306351e-01,7.340901120084788838e-03,6.695230608707977149e-01,3.728129970921079811e-03,-7.565670954410978234e-03,9.999644302023594777e-01,1.875832199493670804e-01,0.000000000000000000e+00,0.000000000000000000e+00,0.000000000000000000e+00,1.000000000000000056e-01
9.975289462982335209e-01,-7.011962678371345958e-02,-4.386255447256777983e-03,1.488594227244847090e+01,7.014128006828602990e-02,9.975245641202626912e-01,4.994477656585411679e-03,7.611626364387670263e-01,4.025186643885581179e-03,-5.289793605860799997e-03,9.999779077340105182e-01,1.915901559752463124e-01,0.000000000000000000e+00,0.000000000000000000e+00,0.000000000000000000e+00,1.000000000000000056e-01
9.972744685659578057e-01,-7.371051544831758173e-02,-3.224012845793127434e-03,1.582627546596464008e+01,7.371393358652675309e-02,9.972789705633751112e-01,9.543936587841311912e-04,8.417299692865881644e-01,3.144891363406083357e-03,-1.189447097663568148e-03,9.999943474209812555e-01,1.890876644022056463e-01,0.000000000000000000e+00,0.000000000000000000e+00,0.000000000000000000e+00,1.000000000000000056e-01
9.970695758421854737e-01,-7.648646548272157453e-02,-1.442750097838496658e-03,1.673085156621800351e+01,7.648956202681224392e-02,9.970678897562228471e-01,2.229376150216558737e-03,9.258589458056319943e-01,1.268002693535872456e-03,-2.333198455586915285e-03,9.999964741708522453e-01,2.048248000761425658e-01,0.000000000000000000e+00,0.000000000000000000e+00,0.000000000000000000e+00,1.000000000000000056e-01
9.970262637982733045e-01,-7.705440195324415875e-02,-1.117334365278795268e-03,1.760297605141253996e+01,7.705627800486362922e-02,9.970252154796507282e-01,1.746344122236625053e-03,1.001525889400352032e+00,9.794470343614035228e-04,-1.827248582974968063e-03,9.999978509207522182e-01,2.213467700439354369e-01,0.000000000000000000e+00,0.000000000000000000e+00,0.000000000000000000e+00,1.000000000000000056e-01
9.969716803916687242e-01,-7.774261070959950781e-02,-1.885464682252643159e-03,1.850193235704037775e+01,7.774430939366810955e-02,9.969729727871711189e-01,8.449194115935561864e-04,1.074988520932109948e+00,1.814071088454135075e-03,-9.889448751798513969e-04,9.999978655647819847e-01,2.241819103753596165e-01,0.000000000000000000e+00,0.000000000000000000e+00,0.000000000000000000e+00,1.000000000000000056e-01
9.968034240161739445e-01,-7.989219686671623910e-02,-4.132183946202217266e-04,1.941986038664371250e+01,7.989220523040919952e-02,9.968035089872929744e-01,3.747239791757183417e-06,1.150978022301887727e+00,4.115981705163831300e-04,-3.674819024301218819e-05,9.999999146182546594e-01,2.341746977533452623e-01,0.000000000000000000e+00,0.000000000000000000e+00,0.000000000000000000e+00,1.000000000000000056e-01
9.966382737181230800e-01,-8.192086793648122034e-02,1.059602139069271273e-03,2.034523870950510016e+01,8.192323453166992786e-02,9.966356905789848231e-01,-2.425676816709810765e-03,1.214465865719829951e+00,-8.573237594520041098e-04,2.504328389752968724e-03,9.999964966615071393e-01,2.501928821078703846e-01,0.000000000000000000e+00,0.000000000000000000e+00,0.000000000000000000e+00,1.000000000000000056e-01
9.966627868347973651e-01,-8.152732971918247307e-02,4.072327044205610244e-03,2.127860483649437384e+01,8.153422298907292420e-02,9.966693278097422670e-01,-1.556112092573036813e-03,1.304092028914088042e+00,-3.931897794118630399e-03,1.882953036117863401e-03,9.999904972886494159e-01,2.525134470581266721e-01,0.000000000000000000e+00,0.000000000000000000e+00,0.000000000000000000e+00,1.000000000000000056e-01
9.967815743888212010e-01,-7.981861524367445115e-02,7.448598494021672380e-03,2.224176775959963592e+01,7.983308410424411194e-02,9.968068545702042371e-01,-1.665342085104282556e-03,1.394257360662654266e+00,-7.291888736642065764e-03,2.254626895518187409e-03,9.999708720838894616e-01,2.641835069234491074e-01,0.000000000000000000e+00,0.000000000000000000e+00,0.000000000000000000e+00,1.000000000000000056e-01
9.969405439752454523e-01,-7.754423168695950830e-02,9.820586052815017189e-03,2.321438613357105751e+01,7.755601570009387769e-02,9.969876553999993396e-01,-8.242625424429131549e-04,1.471442948196091560e+00,-9.727086257887903112e-03,1.583386273537701165e-03,9.999514371612455710e-01,2.668890584769841867e-01,0.000000000000000000e+00,0.000000000000000000e+00,0.000000000000000000e+00,1.000000000000000056e-01
9.970943516952722740e-01,-7.545656094573456596e-02,1.044802505870532847e-02,2.413416835237828550e+01,7.547957683073917845e-02,9.971456763471683304e-01,-1.825821349619370822e-03,1.557094282121119111e+00,-1.028043281371130921e-02,2.609128665058150533e-03,9.999437509924105072e-01,2.643432322474665863e-01,0.000000000000000000e+00,0.000000000000000000e+00,0.000000000000000000e+00,1.000000000000000056e-01
9.971769390560532020e-01,-7.462862680803668269e-02,8.289769330154758351e-03,2.507453517678830224e+01,7.464955773042357412e-02,9.972073034628784471e-01,-2.244426640979513277e-03,1.633392665889313644e+00,-8.099120041865222677e-03,2.856918101971092985e-03,9.999631204567026588e-01,2.712724839854886993e-01,0.000000000000000000e+00,0.000000000000000000e+00,0.000000000000000000e+00,1.000000000000000056e-01
9.973966997740398854e-01,-7.193039027124067952e-02,5.083525870960261574e-03,2.600546193557850572e+01,7.195078865212800601e-02,9.974003600895214872e-01,-3.950405755064050929e-03,1.708065399022828279e+00,-4.786156306528650296e-03,4.305885358418345098e-03,9.999792758147988403e-01,2.724630716757409088e-01,0.000000000000000000e+00,0.000000000000000000e+00,0.000000000000000000e+00,1.000000000000000056e-01
9.974646238559328193e-01,-7.109964533618258475e-02,3.027307221182720057e-03,2.695864086208417376e+01,7.111182404592343576e-02,9.974598175532050082e-01,-4.125632992463931954e-03,1.778924438345598436e+00,-2.726286265966976815e-03,4.330450299441361041e-03,9.999869071959892608e-01,2.798486479133398541e-01,0.000000000000000000e+00,0.000000000000000000e+00,0.000000000000000000e+00,1.000000000000000056e-01
9.973796148512329429e-01,-7.219643721394169988e-02,4.645248413110879965e-03,2.792729025607677329e+01,7.222198937157184306e-02,9.973729149116863368e-01,-5.590425008763623069e-03,1.849837228393414579e+00,-4.229436182128830726e-03,5.911265023615367223e-03,9.999735840587999913e-01,2.874413420044394929e-01,0.000000000000000000e+00,0.000000000000000000e+00,0.000000000000000000e+00,1.000000000000000056e-01
9.975232814451966412e-01,-6.988268355839351298e-02,7.982074510078129501e-03,2.892192945875898857e+01,6.995783967240616630e-02,9.975041400845136019e-01,-9.559873567418109008e-03,1.919500098608916128e+00,-7.294082750895869265e-03,1.009460514000135728e-02,9.999224446445287295e-01,2.928172261677391419e-01,0.000000000000000000e+00,0.000000000000000000e+00,0.000000000000000000e+00,1.000000000000000056e-01
9.973756035328006364e-01,-7.135340380356930412e-02,1.227180684440388331e-02,2.986652809520036911e+01,7.150002441716785118e-02,9.973689499291671368e-01,-1.195509203373125613e-02,1.973252072858408424e+00,-1.138648259674500743e-02,1.280115162145053533e-02,9.998532284946819448e-01,2.985426180740562430e-01,0.000000000000000000e+00,0.000000000000000000e+00,0.000000000000000000e+00,1.000000000000000056e-01
9.974129593560743245e-01,-7.082567939492018239e-02,1.229274773213880241e-02,3.077262639785811160e+01,7.105984279263735659e-02,9.972757083475647377e-01,-1.979040884238134415e-02,2.019394631199529666e+00,-1.085758955034175043e-02,2.061273097168153309e-02,9.997285772003545734e-01,3.131678794284332712e-01,0.000000000000000000e+00,0.000000000000000000e+00,0.000000000000000000e+00,1.000000000000000056e-01
9.973904393611423558e-01,-7.158082062380025090e-02,9.407315760126865392e-03,3.171193979801329377e+01,7.177441737961037793e-02,9.971744969569569239e-01,-2.216879853436694997e-02,2.083982410900094173e+00,-7.793874569486073864e-03,2.278615231809003050e-02,9.997099813354530795e-01,3.091385761756343387e-01,0.000000000000000000e+00,0.000000000000000000e+00,0.000000000000000000e+00,1.000000000000000056e-01
9.974371724493478197e-01,-7.118668014191242843e-02,7.179386228858241660e-03,3.269091499020709790e+01,7.133523434509214667e-02,9.971836585884464865e-01,-2.315243799454828541e-02,2.166205525768863716e+00,-5.511021428089002243e-03,2.360524548768061850e-02,9.997061673453282449e-01,3.079784399888926272e-01,0.000000000000000000e+00,0.000000000000000000e+00,0.000000000000000000e+00,1.000000000000000056e-01
9.973975338264787771e-01,-7.185641018822691573e-02,5.900494192804905773e-03,3.365758659671928399e+01,7.197405974098652903e-02,9.971410343478019911e-01,-2.301070064549146782e-02,2.244797279600782236e+00,-4.230158538275750717e-03,2.337549859696683857e-02,9.997178060953422207e-01,3.064345723203599769e-01,0.000000000000000000e+00,0.000000000000000000e+00,0.000000000000000000e+00,1.000000000000000056e-01
9.975081813089347049e-01,-7.014209273166832626e-02,7.583867678398095724e-03,3.461264652182791224e+01,7.030550780725169924e-02,9.972366119784116245e-01,-2.400573476866394579e-02,2.301471522349576304e+00,-5.879098035062837319e-03,2.447910449834741348e-02,9.996830545974324522e-01,3.189744060748705978e-01,0.000000000000000000e+00,0.000000000000000000e+00,0.000000000000000000e+00,1.000000000000000056e-01
9.973393333016422613e-01,-7.223847991434434457e-02,9.790621486938865317e-03,3.559075852452161826e+01,7.244167145181279466e-02,9.971235257909012439e-01,-2.229077279031729808e-02,2.388519407062948741e+00,-8.152207474252088845e-03,2.294071345853932603e-02,9.997035886598136800e-01,3.145318147518241791e-01,0.000000000000000000e+00,0.000000000000000000e+00,0.000000000000000000e+00,1.000000000000000056e-01
9.973411032332581971e-01,-7.197360419511196483e-02,1.142471446613684861e-02,3.657196807311468945e+01,7.219946235258546674e-02,9.971739323146978640e-01,-2.076984227286984147e-02,2.466488978424854484e+00,-9.897547042827857175e-03,2.153947564839165524e-02,9.997190052966520302e-01,3.234593109894945973e-01,0.000000000000000000e+00,0.000000000000000000e+00,0.000000000000000000e+00,1.000000000000000056e-01
9.973894922590926804e-01,-7.108739985247951310e-02,1.267999658371511164e-02,3.757158827578784610e+01,7.133151341517750266e-02,9.972527714754089168e-01,-1.996809902109473664e-02,2.544161424095801038e+00,-1.122568149600214511e-02,2.082045549044464136e-02,9.997202072120582317e-01,3.191545046890004178e-01,0.000000000000000000e+00,0.000000000000000000e+00,0.000000000000000000e+00,1.000000000000000056e-01
9.972858874290664311e-01,-7.196029053382840823e-02,1.557482972961166980e-02,3.856317281100101724e+01,7.225601490975999686e-02,9.971986111310054968e-01,-1.933903481961346538e-02,2.612731947988503389e+00,-1.413955601070744118e-02,2.041192163125962744e-02,9.996916656705403526e-01,3.361150379349320816e-01,0.000000000000000000e+00,0.000000000000000000e+00,0.000000000000000000e+00,1.000000000000000056e-01
9.974465255692795962e-01,-6.941078055008378933e-02,1.680988320008467221e-02,3.957614448192919099e+01,6.971288113854445800e-02,9.974027630978016257e-01,-1.810641787416456330e-02,2.692375452677496561e+00,-1.550944335350401722e-02,1.923204898857126463e-02,9.996947461393230761e-01,3.325038814030003564e-01,0.000000000000000000e+00,0.000000000000000000e+00,0.000000000000000000e+00,1.000000000000000056e-01
9.974079792513007581e-01,-7.025345720923197035e-02,1.554910531147468342e-02,4.058575368253326587e+01,7.056391493369972012e-02,9.972984456711970758e-01,-2.040941378491597721e-02,2.774100775073744529e+00,-1.407326668070735254e-02,2.145371790541072618e-02,9.996707863856824083e-01,3.458307319064258256e-01,0.000000000000000000e+00,0.000000000000000000e+00,0.000000000000000000e+00,1.000000000000000056e-01
9.974612457355398476e-01,-6.993431827359521125e-02,1.342588482419223087e-02,4.159355058644732139e+01,7.015884239452115090e-02,9.973900869411755910e-01,-1.705143118142779871e-02,2.846918804456187058e+00,-1.219836421680102131e-02,1.795008632518829347e-02,9.997644694183488445e-01,3.612169971119379430e-01,0.000000000000000000e+00,0.000000000000000000e+00,0.000000000000000000e+00,1.000000000000000056e-01
9.975963685010377224e-01,-6.839385408389175858e-02,1.112502930751480684e-02,4.262631094264830978e+01,6.855561886909222746e-02,9.975364065579941375e-01,-1.487429705364208196e-02,2.920325302537518208e+00,-1.008031125598343389e-02,1.560122799383249076e-02,9.998274796233933559e-01,3.696451688405200664e-01,0.000000000000000000e+00,0.000000000000000000e+00,0.000000000000000000e+00,1.000000000000000056e-01
9.975794550616057244e-01,-6.864032128535722810e-02,1.112371937945029129e-02,4.367522105913754871e+01,6.883650527485933590e-02,9.974594682621599206e-01,-1.833424979958253598e-02,2.989914864038711428e+00,-9.836990420554629633e-03,1.905558889177048215e-02,9.997700326332319420e-01,3.785993800578933421e-01,0.000000000000000000e+00,0.000000000000000000e+00,0.000000000000000000e+00,1.000000000000000056e-01
9.975839233411580853e-01,-6.829639510974784555e-02,1.272471242408649249e-02,4.468835612683528069e+01,6.854604608314683600e-02,9.974405569489308565e-01,-2.034145815259127271e-02,3.075374753693135954e+00,-1.130289598419803761e-02,2.116454035455821170e-02,9.997121119472098805e-01,3.869291426833772474e-01,0.000000000000000000e+00,0.000000000000000000e+00,0.000000000000000000e+00,1.000000000000000056e-01
9.975776115263659261e-01,-6.827807925599300998e-02,1.330461853881549292e-02,4.567511025048922590e+01,6.854638621971452517e-02,9.974294479080393350e-01,-2.087796403104449916e-02,3.140342119517841812e+00,-1.184491104098237338e-02,2.173937301249036919e-02,9.996935019011852219e-01,3.885602738044738325e-01,0.000000000000000000e+00,0.000000000000000000e+00,0.000000000000000000e+00,1.000000000000000056e-01
9.970130006314704696e-01,-7.642801843777977111e-02,1.112809819806751324e-02,4.659094483825578692e+01,7.660545203427324146e-02,9.969249165595067685e-01,-1.650198356092781940e-02,3.196665874972827837e+00,-9.832664463719921477e-03,1.730516513919658564e-02,9.998019053637821063e-01,4.010980381977823361e-01,0.000000000000000000e+00,0.000000000000000000e+00,0.000000000000000000e+00,1.000000000000000056e-01
9.970422657388123833e-01,-7.649019905816077658e-02,7.481295239347421008e-03,4.754824750810949041e+01,7.660234617456963824e-02,9.969321888980935409e-01,-1.607144360060417873e-02,3.272209502002301651e+00,-6.229036118593293467e-03,1.659699330899857758e-02,9.998428571141239063e-01,3.967733868185585044e-01,0.000000000000000000e+00,0.000000000000000000e+00,0.000000000000000000e+00,1.000000000000000056e-01
9.971367359254069695e-01,-7.527650588002050835e-02,7.195660533991101761e-03,4.849495032898722968e+01,7.538243419391592315e-02,9.970294992396803169e-01,-1.580083101840522655e-02,3.363505069335200215e+00,-5.984854469837688241e-03,1.629801547328685665e-02,9.998492667440465054e-01,4.079332220546698640e-01,0.000000000000000000e+00,0.000000000000000000e+00,0.000000000000000000e+00,1.000000000000000056e-01
9.972526311986776859e-01,-7.350338426930175251e-02,9.189236544648387087e-03,4.946607375009723029e+01,7.364488245215286555e-02,9.971538123743882709e-01,-1.614638522493010153e-02,3.450653198288587298e+00,-7.976268295557977298e-03,1.677876539506465564e-02,9.998274111944994713e-01,4.136238164940204687e-01,0.000000000000000000e+00,0.000000000000000000e+00,0.000000000000000000e+00,1.000000000000000056e-01
9.972530669757053712e-01,-7.309173898941832836e-02,1.199658697513581937e-02,5.046502441820630480e+01,7.329051488438685646e-02,9.971646670428778725e-01,-1.706245085701195083e-02,3.540548275839843217e+00,-1.071544845215174208e-02,1.789481748354045457e-02,9.997824536726477307e-01,4.295781187508913024e-01,0.000000000000000000e+00,0.000000000000000000e+00,0.000000000000000000e+00,1.000000000000000056e-01
9.973570594703270453e-01,-7.157136625965163090e-02,1.250741605725558606e-02,5.140107955053674971e+01,7.181188519175288332e-02,9.972181767167404010e-01,-1.997401238976270060e-02,3.612320774869188345e+00,-1.104305527963157091e-02,2.081940338882673491e-02,9.997222631174241814e-01,4.397542782228193725e-01,0.000000000000000000e+00,0.000000000000000000e+00,0.000000000000000000e+00,1.000000000000000056e-01
9.974125624599808893e-01,-7.090906220632924029e-02,1.183575701143005539e-02,5.233900774992201832e+01,7.117116147023601347e-02,9.971889707792799262e-01,-2.342695735980442409e-02,3.682213727868558273e+00,-1.014130277589018851e-02,2.420870614426620313e-02,9.996554869177822766e-01,4.434462875318249675e-01,0.000000000000000000e+00,0.000000000000000000e+00,0.000000000000000000e+00,1.000000000000000056e-01
9.974212447603287846e-01,-7.089281614882102234e-02,1.118343056695076353e-02,5.332325140498313232e+01,7.116569492087206072e-02,9.971189442832837369e-01,-2.625366294098903028e-02,3.759682086725122829e+00,-9.290014380274701569e-03,2.698183777801576796e-02,9.995927551072661954e-01,4.575885801919986617e-01,0.000000000000000000e+00,0.000000000000000000e+00,0.000000000000000000e+00,1.000000000000000056e-01
9.973299574963011560e-01,-7.182217754634226403e-02,1.321100650699112179e-02,5.428774505608986090e+01,7.218615094292710199e-02,9.969542302514369236e-01,-2.951986442736277000e-02,3.838444616956951272e+00,-1.105058787897805588e-02,3.039469684445993830e-02,9.994768866318332057e-01,4.486000763221413279e-01,0.000000000000000000e+00,0.000000000000000000e+00,0.000000000000000000e+00,1.000000000000000056e-01
9.971796699844952538e-01,-7.302565441240781163e-02,1.731934084348455208e-02,5.524345577395407503e+01,7.355002366235900702e-02,9.967822768323734151e-01,-3.186670067854627253e-02,3.922597799192631740e+00,-1.493652532818929082e-02,3.305066399498221563e-02,9.993420604680917085e-01,4.554180192329018162e-01,0.000000000000000000e+00,0.000000000000000000e+00,0.000000000000000000e+00,1.000000000000000056e-01
9.970324847347711295e-01,-7.387038325005775008e-02,2.166543011569371444e-02,5.620127008806078095e+01,7.450574104604602843e-02,9.967646388980861971e-01,-3.015210098065216823e-02,3.990784165676399819e+00,-1.936798737060594841e-02,3.167682308656444290e-02,9.993104922617166430e-01,4.736887601054161068e-01,0.000000000000000000e+00,0.000000000000000000e+00,0.000000000000000000e+00,1.000000000000000056e-01
9.969032806891446885e-01,-7.505763044294556929e-02,2.345636509586679699e-02,5.716782682228578949e+01,7.568132038544585216e-02,9.967680730831279812e-01,-2.693967755678294135e-02,4.064911657900208475e+00,-2.135852747583235831e-02,2.863146161896291952e-02,9.993618227196924275e-01,4.619760165389428797e-01,0.000000000000000000e+00,0.000000000000000000e+00,0.000000000000000000e+00,1.000000000000000056e-01
9.967343182698352733e-01,-7.858006793520469491e-02,1.859762636643282410e-02,5.806609790699397422e+01,7.908320565747067876e-02,9.964727158242954186e-01,-2.807086034825458445e-02,4.144390727701928512e+00,-1.632621714007935140e-02,2.944994976314268750e-02,9.994329167547181259e-01,4.654137444275782132e-01,0.000000000000000000e+00,0.000000000000000000e+00,0.000000000000000000e+00,1.000000000000000056e-01
9.964706394906470699e-01,-8.296888458782482323e-02,1.274475670042500737e-02,5.898435890810081617e+01,8.329385348783140131e-02,9.961446771077783202e-01,-2.753027862168861209e-02,4.227852251383944271e+00,-1.041146503852852061e-02,2.849467424085299835e-02,9.995397215396990553e-01,4.637522270552260073e-01,0.000000000000000000e+00,0.000000000000000000e+00,0.000000000000000000e+00,1.000000000000000056e-01
9.965298259483308385e-01,-8.285920807590538284e-02,7.915657422050678682e-03,5.993797393110980209e+01,8.305933851937616352e-02,9.961030467353267914e-01,-2.966254488952255186e-02,4.308450860617704770e+00,-5.426995495955951217e-03,3.021707996536197871e-02,9.995286268027813170e-01,4.737182023765737493e-01,0.000000000000000000e+00,0.000000000000000000e+00,0.000000000000000000e+00,1.000000000000000056e-01
9.963960055435023833e-01,-8.442545707992872572e-02,8.206237493391903629e-03,6.084983520513114286e+01,8.461728454145563127e-02,9.960523076248628538e-01,-2.682751632216152926e-02,4.396543233662190353e+00,-5.908916464392940937e-03,2.742521963504796628e-02,9.996063935540759893e-01,4.763645267611249512e-01,0.000000000000000000e+00,0.000000000000000000e+00,0.000000000000000000e+00,1.000000000000000056e-01
9.963363001950201747e-01,-8.486053687023577263e-02,1.061443337131485164e-02,6.177899664545213909e+01,8.511222562059757302e-02,9.960301911252031903e-01,-2.607234966395617637e-02,4.491281683609191333e+00,-8.359782509564634909e-03,2.688024644951112624e-02,9.996037046686083727e-01,4.969663266168944937e-01,0.000000000000000000e+00,0.000000000000000000e+00,0.000000000000000000e+00,1.000000000000000056e-01
9.961678752979414853e-01,-8.688941112660818200e-02,9.989717636453294969e-03,6.267429406760233945e+01,8.711918533465050352e-02,9.958717737508263612e-01,-2.548838545317546819e-02,4.576538369734092448e+00,-7.733807019290234869e-03,2.626100684387576781e-02,9.996252036381106931e-01,5.119579762665489309e-01,0.000000000000000000e+00,0.000000000000000000e+00,0.000000000000000000e+00,1.000000000000000056e-01
9.959712936678660755e-01,-8.912225254349466497e-02,9.919994512645632229e-03,6.348854588262981480e+01,8.933414971117507875e-02,9.957246696142232345e-01,-2.349025366034589168e-02,4.656621540485574862e+00,-7.784078939650883842e-03,2.428181260160774263e-02,9.996748479840040780e-01,5.205222174891351861e-01,0.000000000000000000e+00,0.000000000000000000e+00,0.000000000000000000e+00,1.000000000000000056e-01
9.958090508826541454e-01,-9.086254341874248908e-02,1.040828437662059437e-02,6.430877900818603621e+01,9.107762217256649973e-02,9.955897652169563017e-01,-2.249191264959617131e-02,4.738100556751158265e+00,-8.318709009136516716e-03,2.334561198004840576e-02,9.996928435683124503e-01,5.297491340861498754e-01,0.000000000000000000e+00,0.000000000000000000e+00,0.000000000000000000e+00,1.000000000000000056e-01
9.957441843850679541e-01,-9.166522811348580546e-02,9.539665519210385747e-03,6.510406521044326666e+01,9.186817408256763018e-02,9.954911193632348665e-01,-2.361503461078883967e-02,4.815723176582841880e+00,-7.331974771563782266e-03,2.439092503035336992e-02,9.996756098465705564e-01,5.328376646717385423e-01,0.000000000000000000e+00,0.000000000000000000e+00,0.000000000000000000e+00,1.000000000000000056e-01
9.957490312474140959e-01,-9.160798889368473863e-02,9.583482701551432337e-03,6.590686013193868575e+01,9.182649710718790437e-02,9.954458557378019767e-01,-2.560161564157076644e-02,4.893468091881069348e+00,-7.194525617440887706e-03,2.637280162003352926e-02,9.996262872373107289e-01,5.418133265075131266e-01,0.000000000000000000e+00,0.000000000000000000e+00,0.000000000000000000e+00,1.000000000000000056e-01
9.956187430356063794e-01,-9.285594021077735183e-02,1.100422117969768535e-02,6.666326874930119573e+01,9.311403420176699031e-02,9.953190373615899977e-01,-2.588031105435045429e-02,4.967797162248776210e+00,-8.549570215591637684e-03,2.679157018859308972e-02,9.996044800899795968e-01,5.542080434152045765e-01,0.000000000000000000e+00,0.000000000000000000e+00,0.000000000000000000e+00,1.000000000000000056e-01
9.953114291637638056e-01,-9.574297913051317555e-02,1.372737859899249638e-02,6.745989659318330212e+01,9.605930248229908874e-02,9.950713399036051898e-01,-2.460973199890657825e-02,5.059711546660239812e+00,-1.130351195868470326e-02,2.581298994029857657e-02,9.996028812322130808e-01,5.622497958109535787e-01,0.000000000000000000e+00,0.000000000000000000e+00,0.000000000000000000e+00,1.000000000000000056e-01
9.952053966742401281e-01,-9.640033080620916128e-02,1.652860099711097805e-02,6.820125029870234812e+01,9.677099174430969786e-02,9.950334213891595114e-01,-2.332092355388234312e-02,5.138461909472040290e+00,-1.419836565563103656e-02,2.480859808688752610e-02,9.995913864543213290e-01,5.697280526691330671e-01,0.000000000000000000e+00,0.000000000000000000e+00,0.000000000000000000e+00,1.000000000000000056e-01
9.949764790703257145e-01,-9.848624087144847161e-02,1.795178141101102728e-02,6.892880695955830106e+01,9.885281115472766000e-02,9.948841639771710543e-01,-2.082359225141621611e-02,5.211996893329606806e+00,-1.580910571871281881e-02,2.249356855762384838e-02,9.996219843270345295e-01,5.755285126680098617e-01,0.000000000000000000e+00,0.000000000000000000e+00,0.000000000000000000e+00,1.000000000000000056e-01
9.950930340917123473e-01,-9.780384236745547077e-02,1.497537713422390782e-02,6.959654731493932900e+01,9.808742399763663300e-02,9.949858859511345743e-01,-1.954338792388888441e-02,5.292659508368503296e+00,-1.298887045351407657e-02,2.091638535210305072e-02,9.996968510844396194e-01,5.880976391352598087e-01,0.000000000000000000e+00,0.000000000000000000e+00,0.000000000000000000e+00,1.000000000000000056e-01
9.950808957719339265e-01,-9.861770305983301454e-02,9.410606405977489652e-03,7.028733307890679782e+01,9.878182544892812056e-02,9.949286733290687579e-01,-1.894956328353544078e-02,5.367385837192283127e+00,-7.494119741712008259e-03,1.978594528603122571e-02,9.997761522153021385e-01,5.902246528200324471e-01,0.000000000000000000e+00,0.000000000000000000e+00,0.000000000000000000e+00,1.000000000000000056e-01
9.952307702461675731e-01,-9.750004806809167701e-02,3.074830392047659712e-03,7.101751434586725509e+01,9.754387068115852322e-02,9.949965892612818719e-01,-2.160973509678600080e-02,5.429429923908598354e+00,-9.524955419689896865e-04,2.180660416331836604e-02,9.997617540029758443e-01,6.080723394310171281e-01,0.000000000000000000e+00,0.000000000000000000e+00,0.000000000000000000e+00,1.000000000000000056e-01
9.950982274391301230e-01,-9.889118505633130718e-02,2.264192035401781490e-04,7.171543506075590813e+01,9.887604615649177309e-02,9.949002733669576326e-01,-1.992419511077707026e-02,5.505033726990238740e+00,1.745062738300654469e-03,1.984891867350560210e-02,9.998014678842654934e-01,6.082356995077242701e-01,0.000000000000000000e+00,0.000000000000000000e+00,0.000000000000000000e+00,1.000000000000000056e-01
9.950612992819850566e-01,-9.921988980509086065e-02,2.902436616619611266e-03,7.237423359686867741e+01,9.925742263534112486e-02,9.948774566892512050e-01,-1.915229028905995889e-02,5.579130223857058368e+00,-9.872806273486336472e-04,1.934579123718584842e-02,9.998123652157788754e-01,6.202512398687238804e-01,0.000000000000000000e+00,0.000000000000000000e+00,0.000000000000000000e+00,1.000000000000000056e-01
9.949362343508519890e-01,-1.003076848170947610e-01,6.344914686654534557e-03,7.297739564430698067e+01,1.004180739475031281e-01,9.947339541288409137e-01,-2.050782601532271168e-02,5.645418864030228967e+00,-4.254409526637214535e-03,2.104112330260269129e-02,9.997695590133479637e-01,6.356050568211775165e-01,0.000000000000000000e+00,0.000000000000000000e+00,0.000000000000000000e+00,1.000000000000000056e-01
9.949187849020196817e-01,-1.006185348024271620e-01,3.538630144754456325e-03,7.356687564511467770e+01,1.006721399291252150e-01,9.946785272727768357e-01,-2.190314188764552056e-02,5.697563438188772089e+00,-1.315937376642855022e-03,2.214808878148295107e-02,9.997538349374551769e-01,6.551914492771220289e-01,0.000000000000000000e+00,0.000000000000000000e+00,0.000000000000000000e+00,1.000000000000000056e-01
9.949033791925232517e-01,-1.008327882438606743e-01,1.220092904917345795e-04,7.420679985682991742e+01,1.007934566294264728e-01,9.944800182077672135e-01,-2.915771743759806856e-02,5.748455253683942168e+00,2.818718146629913077e-03,2.902140934633664487e-02,9.995748159230314345e-01,6.712812405808185057e-01,0.000000000000000000e+00,0.000000000000000000e+00,0.000000000000000000e+00,1.000000000000000056e-01
9.950395274220776853e-01,-9.943806037978882018e-02,-2.900175090185947747e-03,7.483003724885561780e+01,9.928925714271576164e-02,9.945121720352179118e-01,-3.297245956614077572e-02,5.818143732220466546e+00,6.162976853431313164e-03,3.252094435434791514e-02,9.994520528242489821e-01,6.973423764931208080e-01,0.000000000000000000e+00,0.000000000000000000e+00,0.000000000000000000e+00,1.000000000000000056e-01
9.954638773318680300e-01,-9.511152348284407365e-02,-2.338167696299511475e-03,7.543538010237885771e+01,9.499730448973753294e-02,9.950146400500903265e-01,-3.035421265118333836e-02,5.871116456859233779e+00,5.213546498086473434e-03,2.999440259050957167e-02,9.995364699430184796e-01,7.100753916178982328e-01,0.000000000000000000e+00,0.000000000000000000e+00,0.000000000000000000e+00,1.000000000000000056e-01
9.959291639003737817e-01,-9.013933812216590180e-02,1.468333478407191951e-05,7.600013369515397699e+01,9.011022692274553436e-02,9.956033546920268762e-01,-2.557551817487696208e-02,5.949313615008013478e+00,2.290741503045745468e-03,2.547272755085340165e-02,9.996728928276920056e-01,7.135246698896826612e-01,0.000000000000000000e+00,0.000000000000000000e+00,0.000000000000000000e+00,1.000000000000000056e-01
9.965247282442772914e-01,-8.325304378530326566e-02,2.719687142259720643e-03,7.655858694594179781e+01,8.329613455029272195e-02,9.961614674106438194e-01,-2.690882411500751525e-02,5.988187944048953604e+00,-4.690060222735591925e-04,2.704184806471728736e-02,9.996341923356742987e-01,7.274634427188414465e-01,0.000000000000000000e+00,0.000000000000000000e+00,0.000000000000000000e+00,1.000000000000000056e-01
9.970749534119760504e-01,-7.610695126277622347e-02,7.019205652429833832e-03,7.713550716266900054e+01,7.629217342269972724e-02,9.965833322099965086e-01,-3.164121103340455238e-02,6.016424316367223746e+00,-4.587107252551229052e-03,3.208416947195511654e-02,9.994746442588468005e-01,7.396373430043667874e-01,0.000000000000000000e+00,0.000000000000000000e+00,0.000000000000000000e+00,1.000000000000000056e-01
9.977453738957412499e-01,-6.645883739360267106e-02,9.348358248277193264e-03,7.768345897785160048e+01,6.674850512024854687e-02,9.971507256662047736e-01,-3.514352525819570278e-02,6.036955991340568595e+00,-6.986124380484856969e-03,3.568827868715394175e-02,9.993385516582898864e-01,7.543191047222791434e-01,0.000000000000000000e+00,0.000000000000000000e+00,0.000000000000000000e+00,1.000000000000000056e-01
9.983776550507078573e-01,-5.623906240706535997e-02,8.900885069697016261e-03,7.817985765504430162e+01,5.650518541811867801e-02,9.978508691989960155e-01,-3.317840954102804080e-02,6.075192378407988869e+00,-7.015833258692485801e-03,3.362752887713219702e-02,9.994098095302565987e-01,7.622077133085430889e-01,0.000000000000000000e+00,0.000000000000000000e+00,0.000000000000000000e+00,1.000000000000000056e-01
9.991482578350849852e-01,-4.045169569461538189e-02,8.149796349901821876e-03,7.867171505845806223e+01,4.066659054117145039e-02,9.987747563142524987e-01,-2.819954898863114359e-02,6.116041752358000849e+00,-6.999091288970471503e-03,2.850695467488132892e-02,9.995690902865559391e-01,7.593145887109528092e-01,0.000000000000000000e+00,0.000000000000000000e+00,0.000000000000000000e+00,1.000000000000000056e-01
9.996673349248937912e-01,-2.427702544348921132e-02,8.708933331721832594e-03,7.915173979426570838e+01,2.446715001268409684e-02,9.994489170821080348e-01,-2.243258152015197016e-02,6.131952898244414918e+00,-8.159537635001785222e-03,2.263820176201344903e-02,9.997104249564296996e-01,7.632113227999232086e-01,0.000000000000000000e+00,0.000000000000000000e+00,0.000000000000000000e+00,1.000000000000000056e-01
9.999582084006644056e-01,1.608376744389206862e-03,8.999698682815865033e-03,7.964581666037246066e+01,-1.398137302033030348e-03,9.997271104723963742e-01,-2.331844331420135363e-02,6.145022523624907862e+00,-9.034747601235655970e-03,2.330488598472573586e-02,9.996875790090726799e-01,7.665926991589739892e-01,0.000000000000000000e+00,0.000000000000000000e+00,0.000000000000000000e+00,1.000000000000000056e-01
9.995943532972093593e-01,2.617307408948482683e-02,1.122938328850223676e-02,8.014337807026163318e+01,-2.589276740607242971e-02,9.993664019562552570e-01,-2.442046758486654187e-02,6.136854978540232430e+00,-1.186142708061675537e-02,2.411980169310730740e-02,9.996387055901229113e-01,7.814810822168274385e-01,0.000000000000000000e+00,0.000000000000000000e+00,0.000000000000000000e+00,1.000000000000000056e-01
9.985142424180091236e-01,5.290368169342261895e-02,1.305787699706269234e-02,8.062607570805793955e+01,-5.259795143346963908e-02,9.983568049681839085e-01,-2.274083285022722445e-02,6.116290380165758656e+00,-1.423949414100680183e-02,2.202022790528349039e-02,9.996561140560326075e-01,7.854098375974248869e-01,0.000000000000000000e+00,0.000000000000000000e+00,0.000000000000000000e+00,1.000000000000000056e-01
9.964168519607883301e-01,8.342096496378093029e-02,1.394273047376323044e-02,8.111959111882198670e+01,-8.310628287259094749e-02,9.963021605916329015e-01,-2.180253534671893617e-02,6.074702464407127245e+00,-1.570996103283734541e-02,2.056568513217263416e-02,9.996650687702312021e-01,7.836213793687440976e-01,0.000000000000000000e+00,0.000000000000000000e+00,0.000000000000000000e+00,1.000000000000000056e-01
