1.000000000000000000e+00,4.480302861651460962e-13,-3.086606203063550781e-12,3.447101713196797494e-18,-4.480302861652195044e-13,1.000000000000000000e+00,-2.377582839598296638e-14,-2.739672164970158806e-17,3.086606203063540280e-12,2.377582839736585847e-14,1.000000000000000000e+00,3.640056064047018601e-17,0.000000000000000000e+00,0.000000000000000000e+00,0.000000000000000000e+00,1.000000000000000056e-01
9.999941287969884574e-01,-3.288005961508879988e-03,-9.650846331613406907e-04,6.426931612723106868e-01,3.284690240466280834e-03,9.999887660706381354e-01,-3.417388263985129699e-03,1.020109281714716952e-02,9.763101844535170036e-04,3.414198195729093322e-03,9.999936950146756098e-01,1.027621453184839571e-02,0.000000000000000000e+00,0.000000000000000000e+00,0.000000000000000000e+00,1.000000000000000056e-01
9.999528156154045000e-01,-9.037383852261875183e-03,-3.562616444649926908e-03,1.364221212617591883e+00,9.025728878047391962e-03,9.999539072482597213e-01,-3.274079589553763499e-03,2.394180278083332669e-02,3.592041347868250942e-03,3.241769893997330405e-03,9.999882940149397159e-01,1.724639228433183166e-02,0.000000000000000000e+00,0.000000000000000000e+00,0.000000000000000000e+00,1.000000000000000056e-01
9.999361967620127301e-01,-1.090335773293127884e-02,-2.952828350776425057e-03,2.129909845589969208e+00,1.089636813161636193e-02,9.999378172736264059e-01,-2.372919635410644917e-03,3.036636810604062542e-02,2.978517527515439720e-03,2.340593130714888320e-03,9.999928250028270460e-01,1.444573530390921325e-02,0.000000000000000000e+00,0.000000000000000000e+00,0.000000000000000000e+00,1.000000000000000056e-01
9.998885493499748423e-01,-1.438540863953294106e-02,-3.993607025816731278e-03,2.835154623452803779e+00,1.438207705171006857e-02,9.998962012789905929e-01,-8.617003673042602152e-04,5.921192865311288023e-02,4.005588406423745383e-03,8.041679662786502475e-04,9.999916542528743957e-01,1.789109870346284811e-02,0.000000000000000000e+00,0.000000000000000000e+00,0.000000000000000000e+00,1.000000000000000056e-01
9.997931117729571548e-01,-1.965391058216014314e-02,-5.239985703764988081e-03,3.543641533279309641e+00,1.965249242113369793e-02,9.998068192695355183e-01,-3.219996452416790480e-04,5.829634713075149133e-02,5.245301991734178243e-03,2.189542479758762607e-04,9.999862193380730790e-01,2.979032377438401227e-02,0.000000000000000000e+00,0.000000000000000000e+00,0.000000000000000000e+00,1.000000000000000056e-01
9.996559328536739342e-01,-2.523548982549385020e-02,-7.154436645763170496e-03,4.288031255422667165e+00,2.522802495226745059e-02,9.996810821070472031e-01,-1.131739497781847088e-03,8.752155089004154398e-02,7.180714968484222874e-03,9.508577971837310757e-04,9.999737662568908281e-01,3.738024990184289631e-02,0.000000000000000000e+00,0.000000000000000000e+00,0.000000000000000000e+00,1.000000000000000056e-01
9.994833274237534537e-01,-3.112263163631115090e-02,-8.028698647511179134e-03,5.087113275619522312e+00,3.112418676451981017e-02,9.995155227737729797e-01,6.879330284377503115e-05,1.046357737415427869e-01,8.022667897236769943e-03,-3.186444754119518649e-04,9.999677671132749524e-01,4.349424280535672815e-02,0.000000000000000000e+00,0.000000000000000000e+00,0.000000000000000000e+00,1.000000000000000056e-01
9.994409567780295767e-01,-3.343041158377992733e-02,-4.260234218313652859e-04,4.984235093074367740e+00,3.343170017602505734e-02,9.994348752148973780e-01,3.500232495534431020e-03,7.288267005143729549e-02,3.087684524720170571e-04,-3.512518401589111855e-03,9.999937834189377428e-01,7.874324283833321336e-02,0.000000000000000000e+00,0.000000000000000000e+00,0.000000000000000000e+00,1.000000000000000056e-01
9.993140370719423293e-01,-3.604397685970234244e-02,8.502178727479573969e-03,4.894253983813363185e+00,3.599899244624885086e-02,9.993373123512865330e-01,5.385971162379959987e-03,3.794025232788846014e-02,-8.690676258593566308e-03,-5.076206718043783928e-03,9.999493508530939989e-01,1.038134882915951046e-01,0.000000000000000000e+00,0.000000000000000000e+00,0.000000000000000000e+00,1.000000000000000056e-01
9.991449405782174553e-01,-3.635430405883174204e-02,1.969142689975322130e-02,4.828617640440575620e+00,3.624855162214597054e-02,9.993265428500789360e-01,5.701163092392944401e-03,1.045545141420434199e-02,-1.988542738406527677e-02,-4.982502554686256760e-03,9.997898501415413142e-01,1.232270767108018389e-01,0.000000000000000000e+00,0.000000000000000000e+00,0.000000000000000000e+00,1.000000000000000056e-01
9.990360137311078415e-01,-3.367625952097414582e-02,2.815941783726449293e-02,4.754244535076942668e+00,3.350138370466532872e-02,9.994164857114619105e-01,6.659232540164549546e-03,-1.128506634686323590e-02,-2.836724445783263271e-02,-5.709433669568277428e-03,9.995812632342816473e-01,1.450506529945588263e-01,0.000000000000000000e+00,0.000000000000000000e+00,0.000000000000000000e+00,1.000000000000000056e-01
9.986910846108612017e-01,-3.463684930989752858e-02,3.763517222844973281e-02,4.726018157578495860e+00,3.433910213305851195e-02,9.993738415356581140e-01,8.529414924638037063e-03,-1.090191477543869802e-02,-3.790703870624820976e-02,-7.225892619234845944e-03,9.992551440409893626e-01,1.535512118516524360e-01,0.000000000000000000e+00,0.000000000000000000e+00,0.000000000000000000e+00,1.000000000000000056e-01
9.981629613084881392e-01,-3.606756622653359279e-02,4.868093403339950748e-02,4.633055856910407222e+00,3.559808399615978225e-02,9.993112659358954764e-01,1.047712696307240288e-02,-1.179492369676368160e-03,-4.902529028646269299e-02,-8.724932096732886805e-03,9.987594287275767257e-01,1.670504814908159719e-01,0.000000000000000000e+00,0.000000000000000000e+00,0.000000000000000000e+00,1.000000000000000056e-01
9.975422839316924195e-01,-3.474390098891579071e-02,6.084614295429959657e-02,4.573226939510879774e+00,3.414373459909997299e-02,9.993577518460797782e-01,1.087608444135845613e-02,-7.309542824886851309e-02,-6.118494223229167112e-02,-8.771839557456159384e-03,9.980879007756828791e-01,1.534877235321150113e-01,0.000000000000000000e+00,0.000000000000000000e+00,0.000000000000000000e+00,1.000000000000000056e-01
9.968989305430181469e-01,-3.628948305468265856e-02,6.982546599780459218e-02,4.505158648352055373e+00,3.579259864253517276e-02,9.993243175069205231e-01,8.354538990391385117e-03,-1.038210430098353704e-01,-7.008146805398024481e-02,-5.829396105213711585e-03,9.975242382902018701e-01,1.303912003820857091e-01,0.000000000000000000e+00,0.000000000000000000e+00,0.000000000000000000e+00,1.000000000000000056e-01
9.961925277991570127e-01,-4.099188742857277912e-02,7.694226876151401273e-02,4.486187018986063535e+00,4.020137199386064619e-02,9.991219699520558217e-01,1.179571315921795586e-02,-1.101729202146494446e-01,-7.735823968354681168e-02,-8.657616540741886954e-03,9.969657709414583291e-01,1.036201143773368416e-01,0.000000000000000000e+00,0.000000000000000000e+00,0.000000000000000000e+00,1.000000000000000056e-01
9.956743433644088537e-01,-4.246504473902225352e-02,8.263971164740410713e-02,4.506592074984768992e+00,4.134020989145641145e-02,9.990283447126055982e-01,1.527591263792961451e-02,-1.007540905373361106e-01,-8.320810664823222180e-02,-1.179349126018952240e-02,9.964624049867171207e-01,6.264618969216639854e-02,0.000000000000000000e+00,0.000000000000000000e+00,0.000000000000000000e+00,1.000000000000000056e-01
9.954896297702227059e-01,-3.763724126686564947e-02,8.708521740091558494e-02,4.516626693229969014e+00,3.656673244489121871e-02,9.992351503771312871e-01,1.385598531666103368e-02,-7.782240896865917634e-02,-8.754011136758237110e-02,-1.060906784838006912e-02,9.961045008336925077e-01,1.088715274407341810e-02,0.000000000000000000e+00,0.000000000000000000e+00,0.000000000000000000e+00,1.000000000000000056e-01
9.945795390725861163e-01,-5.153167838080201235e-02,9.031072240559062658e-02,4.635594327000851500e+00,5.084351128220694627e-02,9.986575071290335615e-01,9.905595152256769370e-03,-5.005448448841615106e-02,-9.069993284814581447e-02,-5.260188027238275714e-03,9.958643746029174348e-01,-4.949042820769436468e-02,0.000000000000000000e+00,0.000000000000000000e+00,0.000000000000000000e+00,1.000000000000000056e-01
9.939580453435015173e-01,-5.376753120781287837e-02,9.568937602859937941e-02,4.741631058402612453e+00,5.299363100000219901e-02,9.985384570970030627e-01,1.061248188559569400e-02,-4.483839272559004413e-02,-9.612012885114869232e-02,-5.477434267369962750e-03,9.953546697250609254e-01,-1.008955186812920679e-01,0.000000000000000000e+00,0.000000000000000000e+00,0.000000000000000000e+00,1.000000000000000056e-01
9.935465442246216305e-01,-5.669185361375373572e-02,9.824102092888080395e-02,4.808702134527313099e+00,5.598823058327329766e-02,9.983822806933121408e-01,9.906544996849462117e-03,-1.606169730779628130e-02,-9.864371493139488523e-02,-4.342272614323142155e-03,9.951133413702565322e-01,-1.671158261169663206e-01,0.000000000000000000e+00,0.000000000000000000e+00,0.000000000000000000e+00,1.000000000000000056e-01
9.936294371411613646e-01,-5.543031501035936698e-02,9.812248378629262469e-02,4.811800898578954211e+00,5.458658603996841691e-02,9.984454985587026821e-01,1.126459197506795434e-02,-8.128928381284025728e-03,-9.859435212546432958e-02,-5.836658780155747073e-03,9.951105904085454368e-01,-2.182631847104227196e-01,0.000000000000000000e+00,0.000000000000000000e+00,0.000000000000000000e+00,1.000000000000000056e-01
9.938908113800560828e-01,-5.459964057039525670e-02,9.591628800093025820e-02,4.843660235842501827e+00,5.383219792903645023e-02,9.984940229460850247e-01,1.057263482165397318e-02,-9.079185573182449454e-03,-9.634910233324851803e-02,-5.344660001034161681e-03,9.953332532820605705e-01,-2.639965778854019840e-01,0.000000000000000000e+00,0.000000000000000000e+00,0.000000000000000000e+00,1.000000000000000056e-01
9.942920723698968066e-01,-5.460486041798318785e-02,9.166015514447110879e-02,4.899695857028679491e+00,5.406740975696720103e-02,9.985024725583845351e-01,8.338314995536917976e-03,-6.293151022831448838e-03,-9.197820407329200532e-02,-3.334893330402084397e-03,9.957554360694832463e-01,-3.033336246400351044e-01,0.000000000000000000e+00,0.000000000000000000e+00,0.000000000000000000e+00,1.000000000000000056e-01
9.944868527133392533e-01,-5.761905840870103213e-02,8.761246422976440296e-02,4.944159093320358522e+00,5.723368801717924892e-02,9.983369206683782027e-01,6.906358398793839559e-03,-1.865998238318856278e-02,-8.786469561928295091e-02,-1.853898183584211292e-03,9.961306933958292698e-01,-3.436442410386613133e-01,0.000000000000000000e+00,0.000000000000000000e+00,0.000000000000000000e+00,1.000000000000000056e-01
9.947547142162115330e-01,-5.855189269656432827e-02,8.387332356758796237e-02,4.988162871838019541e+00,5.823204456039746124e-02,9.982834669563313001e-01,6.256883246728303996e-03,-7.974629776988734209e-03,-8.409570459267924625e-02,-1.339948990567000047e-03,9.964567813035162258e-01,-3.831707998999426268e-01,0.000000000000000000e+00,0.000000000000000000e+00,0.000000000000000000e+00,1.000000000000000056e-01
9.949957529571419323e-01,-5.849492480913269510e-02,8.100490953531193361e-02,5.056373958350802056e+00,5.808417027502693619e-02,9.982841147029385409e-01,7.419939031555985651e-03,-4.196856276269388120e-03,-8.129994317778969914e-02,-2.677704865036923537e-03,9.966860835468427382e-01,-4.112081273513221169e-01,0.000000000000000000e+00,0.000000000000000000e+00,0.000000000000000000e+00,1.000000000000000056e-01
9.955469442233897404e-01,-5.522296638253515466e-02,7.639833657472054618e-02,5.149250514624772457e+00,5.490042473304201920e-02,9.984718502416984887e-01,6.317249326322337682e-03,-1.856680592297148269e-03,-7.663044572232684259e-02,-2.094817135867413794e-03,9.970573637106165954e-01,-4.405479533225470368e-01,0.000000000000000000e+00,0.000000000000000000e+00,0.000000000000000000e+00,1.000000000000000056e-01
9.964213195958983027e-01,-4.979560922137730994e-02,6.830044770746726557e-02,5.200861818587373619e+00,4.956084365037982664e-02,9.987579392767004238e-01,5.128499626729444288e-03,9.003193511576558505e-03,-6.847099116729063462e-02,-1.725118555532097198e-03,9.976516162140660615e-01,-4.665926872357636923e-01,0.000000000000000000e+00,0.000000000000000000e+00,0.000000000000000000e+00,1.000000000000000056e-01
9.971834705860850301e-01,-4.979465078662011213e-02,5.608581588003398039e-02,5.289061931429947627e+00,4.955147426271119815e-02,9.987551974093936691e-01,5.719007441404682680e-03,2.472703310205676130e-02,-5.630077608952107487e-02,-2.923764826644905009e-03,9.984095723754635721e-01,-4.830050483645836890e-01,0.000000000000000000e+00,0.000000000000000000e+00,0.000000000000000000e+00,1.000000000000000056e-01
9.979381118274711637e-01,-4.963722164583279223e-02,4.068993965962745124e-02,5.361767898375373598e+00,4.943848294552057737e-02,9.987598819250690374e-01,5.876619867545772660e-03,2.843897957437634127e-03,-4.093117841288137354e-02,-3.852854046629678592e-03,9.991545396731319473e-01,-4.919836550165928024e-01,0.000000000000000000e+00,0.000000000000000000e+00,0.000000000000000000e+00,1.000000000000000056e-01
9.982181485554227907e-01,-5.277158598879388984e-02,2.785116885897544886e-02,5.443930809862878917e+00,5.266395411476054722e-02,9.986017675245890679e-01,4.584521105305738344e-03,2.301795269978204606e-02,-2.805415889992475542e-02,-3.109599490920023600e-03,9.996015679056450276e-01,-4.802850027532145072e-01,0.000000000000000000e+00,0.000000000000000000e+00,0.000000000000000000e+00,1.000000000000000056e-01
9.983954445061419269e-01,-5.295117063621520431e-02,2.006763358340370174e-02,5.542593009375356594e+00,5.290519703288461967e-02,9.985955708465026337e-01,2.815317505934251865e-03,5.567945772196117304e-03,-2.018852437140931239e-02,-1.749118064049445028e-03,9.997946609527893491e-01,-4.534953733906630924e-01,0.000000000000000000e+00,0.000000000000000000e+00,0.000000000000000000e+00,1.000000000000000056e-01
9.978288080091838319e-01,-6.373190193562594530e-02,1.661067676643798036e-02,5.720052151861866108e+00,6.374936109729970046e-02,9.979658036473126881e-01,-5.231732595319509840e-04,2.849985330831869904e-02,-1.654354456147218849e-02,1.580957381195227315e-03,9.998618963172370977e-01,-4.416607568681178986e-01,0.000000000000000000e+00,0.000000000000000000e+00,0.000000000000000000e+00,1.000000000000000056e-01
9.978321210539713437e-01,-6.478991477620457684e-02,1.154665043312280009e-02,5.808752687506999024e+00,6.484045330136301022e-02,9.978873955909348670e-01,-4.057257252737726458e-03,3.081263062714872242e-02,-1.125938757687783634e-02,4.797151658356955256e-03,9.999251039589717172e-01,-4.223098665379862449e-01,0.000000000000000000e+00,0.000000000000000000e+00,0.000000000000000000e+00,1.000000000000000056e-01
9.979885430242446676e-01,-6.325614099487927855e-02,4.186719333948399520e-03,5.861626830419499612e+00,6.330304583241241900e-02,9.979194834417501880e-01,-1.222411369752500997e-02,2.077039587200839310e-02,-3.404758535461298481e-03,1.246455750464007910e-02,9.999165177281195138e-01,-3.704493425101260673e-01,0.000000000000000000e+00,0.000000000000000000e+00,0.000000000000000000e+00,1.000000000000000056e-01
9.979688542490126046e-01,-6.351388050153991549e-02,-4.914563312142369508e-03,5.931660603927761954e+00,6.343013285718671068e-02,9.978636258164857997e-01,-1.564616624275919771e-02,2.066342328565208206e-02,5.897812699008898180e-03,1.530265519485173031e-02,9.998655132313319926e-01,-3.294379842069199982e-01,0.000000000000000000e+00,0.000000000000000000e+00,0.000000000000000000e+00,1.000000000000000056e-01
9.978967901434815380e-01,-6.261673787284624537e-02,-1.676724066445443168e-02,6.000759695129058713e+00,6.240731971349163659e-02,9.979695113176559884e-01,-1.273502754519914050e-02,2.968219367444054763e-02,1.753062085365232614e-02,1.166184456088337727e-02,9.997783147847942864e-01,-2.987858209121517783e-01,0.000000000000000000e+00,0.000000000000000000e+00,0.000000000000000000e+00,1.000000000000000056e-01
9.980092234486688252e-01,-5.999300774727932273e-02,-1.945324992950861476e-02,6.059226630756039178e+00,5.982969012963469668e-02,9.981691723560562890e-01,-8.871952266406364640e-03,2.689692480066609853e-02,1.994988948282513247e-02,7.690408276573034579e-03,9.997714036369327317e-01,-2.582056322760948874e-01,0.000000000000000000e+00,0.000000000000000000e+00,0.000000000000000000e+00,1.000000000000000056e-01
