1.000000000000000000e+00,3.154988111543321789e-13,-4.092528843228797121e-12,-9.368222219900204313e-21,-3.154988111593724068e-13,1.000000000000000000e+00,-1.231570444657604162e-12,-1.007847171721715624e-19,4.092528843228407764e-12,1.231570444658895420e-12,1.000000000000000000e+00,1.433585220231191761e-18,0.000000000000000000e+00,0.000000000000000000e+00,0.000000000000000000e+00,1.000000000000000056e-01
9.999966498942740589e-01,-2.140686647975486353e-03,-1.455218507222402844e-03,6.253726485433800386e-01,2.137907238666969956e-03,9.999958928327199459e-01,-1.908840048319039280e-03,-3.159595894194801389e-03,1.459298758801122128e-03,1.905722531322630526e-03,9.999971193302339412e-01,1.251681873033055198e-02,0.000000000000000000e+00,0.000000000000000000e+00,0.000000000000000000e+00,1.000000000000000056e-01
9.999869972086775638e-01,-4.286015652299695819e-03,-2.763237847279224196e-03,1.256102118896417208e+00,4.286049595298780865e-03,9.999908148270110209e-01,6.362168865388473740e-06,-8.434841572015440436e-03,2.763185198106248019e-03,-1.820546059647975206e-05,9.999961822307733561e-01,1.951814132851037789e-02,0.000000000000000000e+00,0.000000000000000000e+00,0.000000000000000000e+00,1.000000000000000056e-01
9.999636749144452663e-01,-8.373738173626996822e-03,-1.590396364780352623e-03,1.986087701358227431e+00,8.374570073871261122e-03,9.999647989515737523e-01,5.171400356666658272e-04,-6.774362606051686185e-03,1.586009985903126269e-03,-5.304401363127095705e-04,9.999986016018154178e-01,2.650716826503617465e-02,0.000000000000000000e+00,0.000000000000000000e+00,0.000000000000000000e+00,1.000000000000000056e-01
9.999078926639840548e-01,-1.332693949131625623e-02,-2.568826982349440690e-03,2.702564955199498797e+00,1.332294775455553602e-02,9.999100211626268386e-01,-1.564813626110354502e-03,-9.026267414472183281e-03,2.589450018794515942e-03,1.530445147619558140e-03,9.999954762328928659e-01,2.486878976901578386e-02,0.000000000000000000e+00,0.000000000000000000e+00,0.000000000000000000e+00,1.000000000000000056e-01
9.997970489091799751e-01,-1.994849303906542567e-02,-2.814003902836528011e-03,3.449169106838679610e+00,1.994841207828740651e-02,9.998010090137897654e-01,-5.683803992627052163e-05,-4.970762985180011452e-03,2.814577774668526339e-03,6.915951403753194766e-07,9.999960390678914735e-01,3.528054233372145132e-02,0.000000000000000000e+00,0.000000000000000000e+00,0.000000000000000000e+00,1.000000000000000056e-01
9.997039895597068515e-01,-2.419402132874742470e-02,-2.565655929699434644e-03,4.197348741171093245e+00,2.419562998042667015e-02,9.997070641475379604e-01,5.978154904697293055e-04,1.548231984577576326e-02,2.550440796365463329e-03,-6.597161923752763776e-04,9.999965300071244068e-01,5.169794870535142362e-02,0.000000000000000000e+00,0.000000000000000000e+00,0.000000000000000000e+00,1.000000000000000056e-01
9.995417991525570311e-01,-3.005589286603025517e-02,-3.582603926612472692e-03,4.965401475965956379e+00,3.006537201832018558e-02,9.995444953839558444e-01,2.622051302538419473e-03,3.827213300759434861e-02,3.502163940948112807e-03,-2.728562196257456381e-03,9.999901448494739054e-01,6.660396255563896806e-02,0.000000000000000000e+00,0.000000000000000000e+00,0.000000000000000000e+00,1.000000000000000056e-01
9.994201110105537245e-01,-3.387512814708843606e-02,-3.452158842043711977e-03,5.750956628220348144e+00,3.388071790498772135e-02,9.994246445670215140e-01,1.573780901314945089e-03,8.699502097470337980e-02,3.396860593990953456e-03,-1.689829902988963664e-03,9.999928028806026603e-01,6.364426257565325429e-02,0.000000000000000000e+00,0.000000000000000000e+00,0.000000000000000000e+00,1.000000000000000056e-01
9.993534114012347924e-01,-3.590478293279954214e-02,-1.898863676771038282e-03,6.539539145711403378e+00,3.590742985446869484e-02,9.993541692588686631e-01,1.378719029683675695e-03,1.235648295866986351e-01,1.848134724749249738e-03,-1.446010879955036098e-03,9.999972467214968130e-01,6.711663460492631184e-02,0.000000000000000000e+00,0.000000000000000000e+00,0.000000000000000000e+00,1.000000000000000056e-01
9.993128011497360852e-01,-3.699441420459796681e-02,2.310579132329033687e-03,7.326186459850967836e+00,3.699475982683794739e-02,9.993154538456328062e-01,-1.070077170477126563e-04,1.664106619265869891e-01,-2.305038746462084991e-03,1.924135015290043098e-04,9.999973248831327544e-01,8.178008414202649068e-02,0.000000000000000000e+00,0.000000000000000000e+00,0.000000000000000000e+00,1.000000000000000056e-01
9.990739900657740202e-01,-4.291837853677381992e-02,3.029052298625137165e-03,8.128389578085876366e+00,4.291606516695178203e-02,9.990783409099078805e-01,8.246667762163129543e-04,2.083924023162851413e-01,-3.061653905908097353e-03,-6.939081207472091312e-04,9.999950723712994760e-01,7.335308694181258415e-02,0.000000000000000000e+00,0.000000000000000000e+00,0.000000000000000000e+00,1.000000000000000056e-01
9.989551390180758661e-01,-4.557101448685987183e-02,3.451502283810855415e-03,8.962527931814534554e+00,4.555517586597770258e-02,9.989515239486554954e-01,4.536380989144431740e-03,2.614824431552338901e-01,-3.654610950099335120e-03,-4.374407308108905872e-03,9.999837540577877215e-01,7.893970067049980999e-02,0.000000000000000000e+00,0.000000000000000000e+00,0.000000000000000000e+00,1.000000000000000056e-01
9.989606037950053974e-01,-4.552497787456760703e-02,2.277818043308009119e-03,9.743208972873473428e+00,4.552095423155491649e-02,9.989617836043852561e-01,1.788190088886263632e-03,3.072804427108786207e-01,-2.356860489501288146e-03,-1.682642999996832554e-03,9.999958069517930204e-01,9.758605830696973071e-02,0.000000000000000000e+00,0.000000000000000000e+00,0.000000000000000000e+00,1.000000000000000056e-01
9.988968617296349883e-01,-4.684798395041348679e-02,3.213413522776378210e-03,1.052503426946568510e+01,4.684662509644253042e-02,9.989019705773110047e-01,4.968841295241516664e-04,3.587062378095711712e-01,-3.233163119906265742e-03,-3.457984190435928196e-04,9.999947135258733244e-01,9.768599623327746395e-02,0.000000000000000000e+00,0.000000000000000000e+00,0.000000000000000000e+00,1.000000000000000056e-01
9.987216115556613039e-01,-5.049410425830479221e-02,2.342658065996558112e-03,1.128527981954159642e+01,5.049903671080355205e-02,9.987219094817169074e-01,-2.096380803691449881e-03,4.059245948055964504e-01,-2.233809066068123857e-03,2.212002790372697651e-03,9.999950585581469653e-01,1.083937558599325085e-01,0.000000000000000000e+00,0.000000000000000000e+00,0.000000000000000000e+00,1.000000000000000056e-01
9.984746363659180446e-01,-5.519921917100785447e-02,1.202803749038325407e-03,1.211387737770152917e+01,5.519723324087227878e-02,9.984741465291311346e-01,1.626085937432533279e-03,4.687996976415347294e-01,-1.290727120814313175e-03,-1.557214125999017550e-03,9.999979545517407864e-01,1.196635321428902998e-01,0.000000000000000000e+00,0.000000000000000000e+00,0.000000000000000000e+00,1.000000000000000056e-01
9.983699973372763825e-01,-5.704445975556247245e-02,-1.810532508060891431e-03,1.295744119220117163e+01,5.704857460527538310e-02,9.983687342258600328e-01,2.308821292445301446e-03,5.343867521702821977e-01,1.675873585047842019e-03,-2.408346206452250705e-03,9.999956956488746940e-01,1.222933846506155109e-01,0.000000000000000000e+00,0.000000000000000000e+00,0.000000000000000000e+00,1.000000000000000056e-01
9.983443341189016662e-01,-5.745106025046028964e-02,-2.822447304182861254e-03,1.384465731714161407e+01,5.746270039343938374e-02,9.983386827021452081e-01,4.232337892857154608e-03,5.860183434951781178e-01,2.574606024371296330e-03,-4.387515999227201667e-03,9.999870604698721799e-01,1.327316042492436288e-01,0.000000000000000000e+00,0.000000000000000000e+00,0.000000000000000000e+00,1.000000000000000056e-01
9.977895723904585124e-01,-6.631265614477721559e-02,-4.312871884311478450e-03,1.477050796226014384e+01,6.634597049420781767e-02,9.977637676093418229e-01,8.104088177774027013e-03,6.800507247257422394e-01,3.765823687807339035e-03,-8.372316348297544758e-03,9.999578605575918377e-01,1.480561531742028980e-01,0.000000000000000000e+00,0.000000000000000000e+00,0.000000000000000000e+00,1.000000000000000056e-01
9.974661751492883699e-01,-7.106229007001257925e-02,-3.373479369209984174e-03,1.572568615981300866e+01,7.107844648825079048e-02,9.974585020205469776e-01,4.938743943900430686e-03,7.489700703156173534e-01,3.013947223486439751e-03,-5.166011704587684938e-03,9.999821140626476978e-01,1.390401042466465065e-01,0.000000000000000000e+00,0.000000000000000000e+00,0.000000000000000000e+00,1.000000000000000056e-01
9.970454784540717652e-01,-7.679264028315918589e-02,-1.790053807158816131e-03,1.665074188002233768e+01,7.679587012665059498e-02,9.970451912854644272e-01,1.811316102241565789e-03,8.456711553464290043e-01,1.645668794691405000e-03,-1.943433269485290906e-03,9.999967574154154937e-01,1.493280068974463803e-01,0.000000000000000000e+00,0.000000000000000000e+00,0.000000000000000000e+00,1.000000000000000056e-01
9.968956375145308080e-01,-7.873316218909347242e-02,4.208042336097616264e-04,1.754606852118260818e+01,7.873090179054322013e-02,9.968881002446848827e-01,3.944704525186202952e-03,9.440090857704249716e-01,-7.300737941876920926e-04,-3.899328435652579632e-03,9.999921310840430566e-01,1.778350825750686648e-01,0.000000000000000000e+00,0.000000000000000000e+00,0.000000000000000000e+00,1.000000000000000056e-01
9.967852055211937623e-01,-8.011204846001580837e-02,1.146187424295168128e-03,1.848064114127404522e+01,8.010407272101142950e-02,9.967694339793261582e-01,5.833782481424808035e-03,1.022331002937914013e+00,-1.609840855006011923e-03,-5.723213788925317867e-03,9.999823264619969176e-01,1.941722721213330616e-01,0.000000000000000000e+00,0.000000000000000000e+00,0.000000000000000000e+00,1.000000000000000056e-01
9.964807566560319740e-01,-8.381354611300133317e-02,1.179449950549168406e-03,1.941941520796755327e+01,8.380795450898366472e-02,9.964731443228512786e-01,4.183228938281077607e-03,1.107759611004312417e+00,-1.525901452315024057e-03,-4.069659849882489681e-03,9.999905547021251673e-01,2.121606975718294819e-01,0.000000000000000000e+00,0.000000000000000000e+00,0.000000000000000000e+00,1.000000000000000056e-01
9.963791121977009224e-01,-8.501673564551229245e-02,9.052272103568288373e-04,2.035590787171810234e+01,8.501120756809063539e-02,9.963674857084062753e-01,4.992795902486578050e-03,1.182575439590268784e+00,-1.326410168951766512e-03,-4.897763090427968355e-03,9.999871261935193711e-01,2.202028218918015146e-01,0.000000000000000000e+00,0.000000000000000000e+00,0.000000000000000000e+00,1.000000000000000056e-01
9.966184213566868788e-01,-8.206995850832921047e-02,4.030399849464296261e-03,2.128379448835497101e+01,8.204521080426391277e-02,9.966107659118277340e-01,5.963610711975556901e-03,1.275176990972832991e+00,-4.506173164597188779e-03,-5.612769288080135359e-03,9.999740952766373869e-01,2.338343896089886687e-01,0.000000000000000000e+00,0.000000000000000000e+00,0.000000000000000000e+00,1.000000000000000056e-01
9.967616153469449625e-01,-8.003681979210326702e-02,7.771077693306827246e-03,2.222843258500876118e+01,7.999120526209567428e-02,9.967774291013107302e-01,6.013644061532714968e-03,1.363055710394330600e+00,-8.227347790527668805e-03,-5.372551698021912556e-03,9.999517220529128281e-01,2.252731705488320302e-01,0.000000000000000000e+00,0.000000000000000000e+00,0.000000000000000000e+00,1.000000000000000056e-01
9.967982667630169713e-01,-7.909657161493610644e-02,1.170246713341202734e-02,2.318951457952270445e+01,7.902984734640630671e-02,9.968538363135555080e-01,6.059063900539615917e-03,1.450378142041073737e+00,-1.214490043800358320e-02,-5.114820203134365188e-03,9.999131662337688020e-01,2.350647650469893102e-01,0.000000000000000000e+00,0.000000000000000000e+00,0.000000000000000000e+00,1.000000000000000056e-01
9.968947993004684260e-01,-7.721882980103535188e-02,1.542761977226175980e-02,2.412016047610349290e+01,7.714480807042521648e-02,9.970056103897794175e-01,5.337737262238271413e-03,1.527058121614855546e+00,-1.579359729308068769e-02,-4.131001750443022424e-03,9.998667396753838643e-01,2.413419137773869794e-01,0.000000000000000000e+00,0.000000000000000000e+00,0.000000000000000000e+00,1.000000000000000056e-01
9.971185404936789842e-01,-7.493926610717058234e-02,1.177805582743659575e-02,2.507936508321043689e+01,7.489738130821488316e-02,9.971833894896816597e-01,3.958534961533654445e-03,1.591570261588983293e+00,-1.204153133647883032e-02,-3.064983064960678620e-03,9.999228007210777536e-01,2.441927332325208588e-01,0.000000000000000000e+00,0.000000000000000000e+00,0.000000000000000000e+00,1.000000000000000056e-01
9.971859185277934801e-01,-7.444715262015709489e-02,8.824134894251649264e-03,2.604290341522089491e+01,7.441304224787194388e-02,9.972189403562271570e-01,4.133296289867155297e-03,1.665048059165943783e+00,-9.107306588522108559e-03,-3.465034134671831061e-03,9.999525241255947661e-01,2.376286068613318314e-01,0.000000000000000000e+00,0.000000000000000000e+00,0.000000000000000000e+00,1.000000000000000056e-01
9.973421677138917252e-01,-7.244890364208099454e-02,7.730256193419191707e-03,2.698520485629885002e+01,7.241855712917459609e-02,9.973657522410004361e-01,4.136283364553009455e-03,1.741337244666760542e+00,-8.009561978280028277e-03,-3.565475817315924383e-03,9.999615664109857693e-01,2.513421749550105999e-01,0.000000000000000000e+00,0.000000000000000000e+00,0.000000000000000000e+00,1.000000000000000056e-01
9.973806765175580180e-01,-7.183563047165893167e-02,8.451526732933856839e-03,2.794056487096394292e+01,7.183110750362102503e-02,9.974164576190662768e-01,8.378934518106897003e-04,1.810277960980633205e+00,-8.489882459814624555e-03,-2.286162124934788755e-04,9.999639341648507429e-01,2.612665960035785995e-01,0.000000000000000000e+00,0.000000000000000000e+00,0.000000000000000000e+00,1.000000000000000056e-01
9.975048796721612820e-01,-6.920038766793962237e-02,1.397574244303065490e-02,2.894415462296452191e+01,6.926586182700356087e-02,9.975891579716466007e-01,-4.255852768092631237e-03,1.897124750994233944e+00,-1.364754247436186958e-02,5.213275748327425053e-03,9.998932774753425123e-01,2.665079507054252672e-01,0.000000000000000000e+00,0.000000000000000000e+00,0.000000000000000000e+00,1.000000000000000056e-01
9.974078106669050925e-01,-6.981398431773681856e-02,1.742603840045423708e-02,2.992379276033693003e+01,6.997403420661575668e-02,9.975104410130890553e-01,-8.749548944023749150e-03,1.931340740981704274e+00,-1.677181437718278795e-02,9.946238663700842156e-03,9.998098712149935396e-01,2.625246447641823577e-01,0.000000000000000000e+00,0.000000000000000000e+00,0.000000000000000000e+00,1.000000000000000056e-01
9.972335917676015127e-01,-7.158105415345349110e-02,2.003287639279442700e-02,3.083923593895081083e+01,7.187875206112938342e-02,9.973071506712164469e-01,-1.455651820300290188e-02,1.986261662294966257e+00,-1.893695995727160547e-02,1.595618708651997883e-02,9.996933488031400916e-01,2.709816490158479252e-01,0.000000000000000000e+00,0.000000000000000000e+00,0.000000000000000000e+00,1.000000000000000056e-01
9.974488158008261163e-01,-7.009099937280034720e-02,1.353187586596040458e-02,3.175430320005933282e+01,7.027610974573848812e-02,9.974331399715875568e-01,-1.372587649020280860e-02,2.051873434341105806e+00,-1.253508103422469079e-02,1.464182684440313263e-02,9.998142270692710332e-01,2.566659450809734011e-01,0.000000000000000000e+00,0.000000000000000000e+00,0.000000000000000000e+00,1.000000000000000056e-01
9.974891227388322790e-01,-6.986829075841255454e-02,1.157030527742166845e-02,3.274052892875739929e+01,7.003735158089033352e-02,9.974328664596909810e-01,-1.491463340277098502e-02,2.101063368351603788e+00,-1.049854281553245020e-02,1.568753812751432636e-02,9.998218249999587526e-01,2.611020879834358710e-01,0.000000000000000000e+00,0.000000000000000000e+00,0.000000000000000000e+00,1.000000000000000056e-01
9.973033742869298335e-01,-7.275897437924677691e-02,9.597462330435348535e-03,3.368970361453885687e+01,7.285238427942219985e-02,9.972948700010092482e-01,-9.770996595711862326e-03,2.182536108297920663e+00,-8.860572256203997840e-03,1.044384588885369919e-02,9.999062037723051022e-01,2.501760892780779955e-01,0.000000000000000000e+00,0.000000000000000000e+00,0.000000000000000000e+00,1.000000000000000056e-01
9.969835869307454024e-01,-7.680774453220165499e-02,1.114889100228754967e-02,3.464338549543630563e+01,7.693908274528879487e-02,9.969651095845812883e-01,-1.187214459638577524e-02,2.261446919593747218e+00,-1.020318269063360053e-02,1.269411875160836312e-02,9.998673684104815162e-01,2.628280922891786386e-01,0.000000000000000000e+00,0.000000000000000000e+00,0.000000000000000000e+00,1.000000000000000056e-01
9.969470534608010359e-01,-7.721272006363426310e-02,1.160898170390754769e-02,3.562121451544313544e+01,7.734793982562375436e-02,9.969356463460004036e-01,-1.168816706819807670e-02,2.337771789001114264e+00,-1.067093250651019593e-02,1.255041453726824831e-02,9.998642999399389719e-01,2.552237696046106286e-01,0.000000000000000000e+00,0.000000000000000000e+00,0.000000000000000000e+00,1.000000000000000056e-01
9.969790503031636941e-01,-7.671823677303192535e-02,1.212787710354535677e-02,3.659870433006947366e+01,7.684992286239540615e-02,9.969842596325300121e-01,-1.079237698654940576e-02,2.411548605858521377e+00,-1.126333044199456269e-02,1.169180017845582002e-02,9.998682109137890794e-01,2.574385442294735427e-01,0.000000000000000000e+00,0.000000000000000000e+00,0.000000000000000000e+00,1.000000000000000056e-01
9.969077200403653194e-01,-7.758317547813764481e-02,1.248393394123493115e-02,3.759643821094859817e+01,7.769573987633904277e-02,9.969382887769385748e-01,-8.798884905353751909e-03,2.495370025656860058e+00,-1.176306630895509846e-02,9.741624774025384528e-03,9.998833587062908590e-01,2.601389788776598544e-01,0.000000000000000000e+00,0.000000000000000000e+00,0.000000000000000000e+00,1.000000000000000056e-01
9.967929582595204119e-01,-7.856214452845518281e-02,1.522457918380749377e-02,3.858812453757820293e+01,7.872560843237870476e-02,9.968415316924328362e-01,-1.045175918380110425e-02,2.576256449535121895e+00,-1.435538021738500154e-02,1.161680421520938644e-02,9.998294719194067426e-01,2.770119199885365813e-01,0.000000000000000000e+00,0.000000000000000000e+00,0.000000000000000000e+00,1.000000000000000056e-01
9.966583560488773141e-01,-8.029205773733795459e-02,1.501022259172918837e-02,3.960842863253846957e+01,8.040650116095478250e-02,9.967362803736821153e-01,-7.182058053928961835e-03,2.632119839100254488e+00,-1.438457121372218282e-02,8.364977653324501272e-03,9.998615460451795167e-01,2.695816991727611467e-01,0.000000000000000000e+00,0.000000000000000000e+00,0.000000000000000000e+00,1.000000000000000056e-01
9.963291930859912160e-01,-8.393723491011928495e-02,1.681307825060555927e-02,4.062481389838284684e+01,8.413847615239217204e-02,9.963860663904530179e-01,-1.164145754246935505e-02,2.724346152620194417e+00,-1.577516514559731964e-02,1.301335078307019888e-02,9.997908765667077313e-01,2.809326861405016529e-01,0.000000000000000000e+00,0.000000000000000000e+00,0.000000000000000000e+00,1.000000000000000056e-01
9.964344051648114098e-01,-8.294412703358881866e-02,1.545147224326221848e-02,4.164708286978969198e+01,8.314428004926456561e-02,9.964553776346958269e-01,-1.279488483673164000e-02,2.817643165886467571e+00,-1.433544205589386451e-02,1.403396499680818928e-02,9.997987512132281429e-01,2.936515742423547182e-01,0.000000000000000000e+00,0.000000000000000000e+00,0.000000000000000000e+00,1.000000000000000056e-01
9.962953609998626003e-01,-8.469387927477577127e-02,1.491644942816872446e-02,4.270446146671497445e+01,8.489001921057202915e-02,9.963049126259855282e-01,-1.304629126442120347e-02,2.907558997124875866e+00,-1.375639082688911996e-02,1.426421714350664498e-02,9.998036276292964208e-01,3.026944816116114989e-01,0.000000000000000000e+00,0.000000000000000000e+00,0.000000000000000000e+00,1.000000000000000056e-01
9.964153724468082229e-01,-8.383219672817321388e-02,1.133879814695409188e-02,4.377775513299197740e+01,8.398425113730220715e-02,9.963732660962330012e-01,-1.367333791112646142e-02,2.987778129676376349e+00,-1.015140938959022132e-02,1.457660455847510465e-02,9.998422232967313361e-01,3.095137546234392190e-01,0.000000000000000000e+00,0.000000000000000000e+00,0.000000000000000000e+00,1.000000000000000056e-01
9.964479374428684144e-01,-8.331326645846641454e-02,1.226407753864607909e-02,4.481118433180117933e+01,8.348913168385151129e-02,9.964016824700486774e-01,-1.460315245187482174e-02,3.064462403327876228e+00,-1.100331116209343242e-02,1.557519832543942211e-02,9.998181536362467092e-01,3.173778315561873731e-01,0.000000000000000000e+00,0.000000000000000000e+00,0.000000000000000000e+00,1.000000000000000056e-01
9.964188095500468023e-01,-8.332206103522271645e-02,1.438715120203501625e-02,4.581821908816532130e+01,8.352700989908193319e-02,9.964031180320326309e-01,-1.428513189865317223e-02,3.162342927162250295e+00,-1.314513568535021111e-02,1.543568984159335994e-02,9.997944513183336657e-01,3.301018255527694012e-01,0.000000000000000000e+00,0.000000000000000000e+00,0.000000000000000000e+00,1.000000000000000056e-01
9.960028531751472514e-01,-8.848648272943467064e-02,1.218436872142075050e-02,4.676450776680914601e+01,8.863072900374048546e-02,9.959939947372709046e-01,-1.185564521899854992e-02,3.239957734912063181e+00,-1.108649373028248661e-02,1.288816594658474465e-02,9.998554819749210232e-01,3.437100028461677059e-01,0.000000000000000000e+00,0.000000000000000000e+00,0.000000000000000000e+00,1.000000000000000056e-01
9.962188804247488205e-01,-8.662267383281045674e-02,6.667433037878643318e-03,4.772096481828569381e+01,8.670027346070911800e-02,9.961573412971485020e-01,-1.239410995733825072e-02,3.343228215313197360e+00,-5.568201424007461139e-03,1.292531461322578637e-02,9.999009607831421675e-01,3.377416465164307380e-01,0.000000000000000000e+00,0.000000000000000000e+00,0.000000000000000000e+00,1.000000000000000056e-01
9.962817253216130764e-01,-8.602511204858478977e-02,4.733274471052850360e-03,4.866924059207608622e+01,8.607966727282034824e-02,9.962050388384489086e-01,-1.287678046271523158e-02,3.428750174502672277e+00,-3.607585396138138310e-03,1.323633974756073528e-02,9.999058878903037684e-01,3.454221897908294481e-01,0.000000000000000000e+00,0.000000000000000000e+00,0.000000000000000000e+00,1.000000000000000056e-01
9.963548366790568878e-01,-8.512814332736291789e-02,5.498967165361316224e-03,4.963556401184443700e+01,8.519869307582995932e-02,9.962626442807782645e-01,-1.421007772117722535e-02,3.533496294727858089e+00,-4.268738036034699750e-03,1.462678448283592607e-02,9.998839107872835585e-01,3.524059150538424445e-01,0.000000000000000000e+00,0.000000000000000000e+00,0.000000000000000000e+00,1.000000000000000056e-01
9.967612606341242909e-01,-7.992090275739030525e-02,8.924046252406492991e-03,5.064449976663967590e+01,8.006040294862803997e-02,9.966525275737567746e-01,-1.655509470058124169e-02,3.612678576366262106e+00,-7.571075139941502857e-03,1.721593980256852854e-02,9.998231294773789468e-01,3.683046050962076601e-01,0.000000000000000000e+00,0.000000000000000000e+00,0.000000000000000000e+00,1.000000000000000056e-01
9.968148074174397744e-01,-7.929842046566867864e-02,8.485294631442739238e-03,5.158884280289296242e+01,7.942529913318288615e-02,9.967149953394461859e-01,-1.583792672959795714e-02,3.697564047726352499e+00,-7.201497825924167012e-03,1.646142694719123986e-02,9.998385668956391026e-01,3.724512175735068542e-01,0.000000000000000000e+00,0.000000000000000000e+00,0.000000000000000000e+00,1.000000000000000056e-01
9.968870281662476351e-01,-7.771539705325239411e-02,1.328796954852062666e-02,5.253753304152001391e+01,7.794948982915295144e-02,9.967927464429885420e-01,-1.811346664829219244e-02,3.779721932166877796e+00,-1.183765640833780129e-02,1.909287038397694536e-02,9.997476342513939018e-01,3.992008231983351640e-01,0.000000000000000000e+00,0.000000000000000000e+00,0.000000000000000000e+00,1.000000000000000056e-01
9.970641974591327727e-01,-7.530434233935423549e-02,1.386514226442439428e-02,5.353561562358058978e+01,7.554257456244112268e-02,9.969882233560760643e-01,-1.754428447594648735e-02,3.875699995253981456e+00,-1.250222274851202527e-02,1.854018646433344339e-02,9.997499466927789458e-01,4.268270188200035675e-01,0.000000000000000000e+00,0.000000000000000000e+00,0.000000000000000000e+00,1.000000000000000056e-01
9.970713577051236731e-01,-7.493167266500005974e-02,1.529549200537534508e-02,5.450320565453912991e+01,7.523110827637383147e-02,9.969646941979362076e-01,-2.004192780956925296e-02,3.938592894055370053e+00,-1.374729033554380510e-02,2.113392898731209640e-02,9.996821340076001983e-01,4.217790161083855294e-01,0.000000000000000000e+00,0.000000000000000000e+00,0.000000000000000000e+00,1.000000000000000056e-01
9.969751257466311634e-01,-7.548451763588516494e-02,1.851178650931970676e-02,5.543918655036775078e+01,7.582146664205612063e-02,9.969547514959499201e-01,-1.822988386952569331e-02,4.013795666829393483e+00,-1.707933952869555849e-02,1.957833156646810943e-02,9.996624355722970590e-01,4.311271717443715401e-01,0.000000000000000000e+00,0.000000000000000000e+00,0.000000000000000000e+00,1.000000000000000056e-01
9.969723150586889959e-01,-7.421750236035830339e-02,2.319408006169463785e-02,5.638336591339999160e+01,7.459691843398712219e-02,9.970862985645030374e-01,-1.594405767336895194e-02,4.098421905603314208e+00,-2.194317129931689855e-02,1.762599098856150112e-02,9.996038323631016853e-01,4.423803117106298588e-01,0.000000000000000000e+00,0.000000000000000000e+00,0.000000000000000000e+00,1.000000000000000056e-01
9.968966628967208532e-01,-7.458272561580311932e-02,2.518850025506814277e-02,5.734085897495804574e+01,7.495588890538196214e-02,9.970856071116428465e-01,-1.420939158481589193e-02,4.164554242461288247e+00,-2.405531591531856472e-02,1.605332147950778304e-02,9.995817288474663220e-01,4.271914089373733958e-01,0.000000000000000000e+00,0.000000000000000000e+00,0.000000000000000000e+00,1.000000000000000056e-01
9.969175446277999120e-01,-7.530128018000298296e-02,2.202558549803340301e-02,5.822624573523943781e+01,7.555432513158377716e-02,9.970822160524438482e-01,-1.089028860309119821e-02,4.232042931607590042e+00,-2.114126692488925083e-02,1.252084802241370219e-02,9.996980920245922553e-01,4.289120862644046905e-01,0.000000000000000000e+00,0.000000000000000000e+00,0.000000000000000000e+00,1.000000000000000056e-01
9.970684726598322278e-01,-7.483416720358641860e-02,1.594704507848277927e-02,5.912727243620856399e+01,7.494777671879539194e-02,9.971652933913185413e-01,-6.648941322882861299e-03,4.310901411801134842e+00,-1.540427189772641293e-02,7.824645343478351528e-03,9.998507305255868172e-01,4.329522103212960493e-01,0.000000000000000000e+00,0.000000000000000000e+00,0.000000000000000000e+00,1.000000000000000056e-01
9.971510576084631206e-01,-7.486282830235642394e-02,9.237166713630055870e-03,6.011344016795089118e+01,7.492825862884801291e-02,9.971646883375447912e-01,-6.952725475346034981e-03,4.374129638684454591e+00,-8.690475773624608408e-03,7.625042377519262657e-03,9.999331649463223393e-01,4.368788375404105140e-01,0.000000000000000000e+00,0.000000000000000000e+00,0.000000000000000000e+00,1.000000000000000056e-01
9.972996236089221034e-01,-7.285570645919528521e-02,9.246987933043709917e-03,6.103629187158465896e+01,7.289368697064507741e-02,9.973323296931791981e-01,-3.838560746083058157e-03,4.455290136790490685e+00,-8.942658962964783464e-03,4.502242231081237528e-03,9.999498780766787887e-01,4.442579108559012724e-01,0.000000000000000000e+00,0.000000000000000000e+00,0.000000000000000000e+00,1.000000000000000056e-01
9.970919889293361482e-01,-7.544327739011318090e-02,1.076464163727422658e-02,6.197979404587669450e+01,7.547568822987736625e-02,9.971441567819147034e-01,-2.636490453349552357e-03,4.535038226652814863e+00,-1.053499402785086463e-02,3.441292246044778610e-03,9.999385838182814901e-01,4.457714681491147801e-01,0.000000000000000000e+00,0.000000000000000000e+00,0.000000000000000000e+00,1.000000000000000056e-01
9.971987532923408670e-01,-7.383633829530072967e-02,1.195163500709939611e-02,6.285393482182951175e+01,7.388382739852475400e-02,9.972604245003353629e-01,-3.581309028262228897e-03,4.603878863520992404e+00,-1.165446185570222920e-02,4.454309436132397604e-03,9.999221632938741777e-01,4.565769515854948279e-01,0.000000000000000000e+00,0.000000000000000000e+00,0.000000000000000000e+00,1.000000000000000056e-01
9.973769268188721338e-01,-7.104445553091906507e-02,1.385464498489522890e-02,6.365881646423132878e+01,7.108895689733418788e-02,9.974662002912981773e-01,-2.745812027227907681e-03,4.678967764458796808e+00,-1.362446536900367884e-02,3.723521821497951731e-03,9.999002496892646086e-01,4.580912436751387595e-01,0.000000000000000000e+00,0.000000000000000000e+00,0.000000000000000000e+00,1.000000000000000056e-01
9.972779409207199741e-01,-7.245679007094714408e-02,1.366463045762972284e-02,6.446308597551278297e+01,7.247458431688920399e-02,9.973699299042252386e-01,-8.108951442934842326e-04,4.751276254107625441e+00,-1.356993666245367297e-02,1.799026252064234079e-03,9.999063057724565384e-01,4.695196388921613617e-01,0.000000000000000000e+00,0.000000000000000000e+00,0.000000000000000000e+00,1.000000000000000056e-01
9.971841087912992618e-01,-7.330698228410832684e-02,1.580947571868608278e-02,6.524463703936265802e+01,7.331329826774897473e-02,9.973089429712177489e-01,1.804625623690441763e-04,4.815289300354521629e+00,-1.578016068379448425e-02,9.790904093945978180e-04,9.998750061436498804e-01,4.703225962001688076e-01,0.000000000000000000e+00,0.000000000000000000e+00,0.000000000000000000e+00,1.000000000000000056e-01
9.966059949064486334e-01,-8.117565905851305275e-02,1.367491473259603227e-02,6.605790811946728525e+01,8.118727347559694107e-02,9.966988207852334192e-01,-2.954165261077105163e-04,4.881514460444132730e+00,-1.360579075711351033e-02,1.404642923064125352e-03,9.999064503422969707e-01,4.753835764820366627e-01,0.000000000000000000e+00,0.000000000000000000e+00,0.000000000000000000e+00,1.000000000000000056e-01
9.965154662218934645e-01,-8.238130889848480076e-02,1.304781685703232212e-02,6.680498357177874880e+01,8.236376310756723940e-02,9.966005649798911348e-01,1.877340811441527597e-03,4.945154293169093052e+00,-1.315811944476765784e-02,-7.961318572875089377e-04,9.999131112585448733e-01,4.796583702924428483e-01,0.000000000000000000e+00,0.000000000000000000e+00,0.000000000000000000e+00,1.000000000000000056e-01
9.963703428559002040e-01,-8.356582522760119813e-02,1.621396716556372866e-02,6.758809100611495069e+01,8.351401551847831284e-02,9.964991740650921415e-01,3.847765529323159475e-03,5.031127132660650147e+00,-1.647874659054298849e-02,-2.479705954199842854e-03,9.998611413437294981e-01,4.898114396377480917e-01,0.000000000000000000e+00,0.000000000000000000e+00,0.000000000000000000e+00,1.000000000000000056e-01
9.966823744164771126e-01,-7.916057892265461471e-02,1.891685153939210925e-02,6.832533209650404160e+01,7.904377617593567884e-02,9.968476406972809345e-01,6.845632484526522135e-03,5.112121858457419954e+00,-1.939912305703060322e-02,-5.327661860027347110e-03,9.997976245439490484e-01,4.871954822410810571e-01,0.000000000000000000e+00,0.000000000000000000e+00,0.000000000000000000e+00,1.000000000000000056e-01
9.962152889562697622e-01,-8.433385694071467154e-02,2.104515676536777499e-02,6.904816037515956850e+01,8.414519070298283332e-02,9.964063257378524829e-01,9.696438065148570498e-03,5.201869838577266592e+00,-2.178726534777795584e-02,-7.888891119522517190e-03,9.997315041877843367e-01,4.953055916652964741e-01,0.000000000000000000e+00,0.000000000000000000e+00,0.000000000000000000e+00,1.000000000000000056e-01
9.963471243420364276e-01,-8.408723322417875623e-02,1.489110553508907892e-02,6.972813417368192290e+01,8.388075731729628670e-02,9.963776260836650911e-01,1.398730823843377657e-02,5.276701860752567086e+00,-1.601331843283703912e-02,-1.268713713107411448e-02,9.997912833107647224e-01,4.918245164525556490e-01,0.000000000000000000e+00,0.000000000000000000e+00,0.000000000000000000e+00,1.000000000000000056e-01
9.963165987729448725e-01,-8.525207040306162498e-02,9.236855606870994842e-03,7.041624783437616486e+01,8.512440281841343603e-02,9.962798020210670291e-01,1.343101372465682619e-02,5.351730306131759818e+00,-1.034751440294954909e-02,-1.259526009476802377e-02,9.998671353579063892e-01,4.991807501056458318e-01,0.000000000000000000e+00,0.000000000000000000e+00,0.000000000000000000e+00,1.000000000000000056e-01
9.966550627888830505e-01,-8.145417115764358451e-02,6.625995646604397604e-03,7.115580643119537285e+01,8.137297445140184715e-02,9.966148264887666475e-01,1.171864547193867019e-02,5.426877039247954393e+00,-7.558098055663002926e-03,-1.114027036416945747e-02,9.999093806590646505e-01,5.092100387063214217e-01,0.000000000000000000e+00,0.000000000000000000e+00,0.000000000000000000e+00,1.000000000000000056e-01
9.968418102268581382e-01,-7.925641070618154316e-02,4.982644439811995465e-03,7.186576810428398687e+01,7.920233831139021630e-02,9.968058970279281006e-01,1.024662170452456458e-02,5.492396434686567019e+00,-5.778839818562687275e-03,-9.819623838040723168e-03,9.999350878922245167e-01,5.122016450662019160e-01,0.000000000000000000e+00,0.000000000000000000e+00,0.000000000000000000e+00,1.000000000000000056e-01
9.968947456995800316e-01,-7.829497621304015720e-02,8.412056607583697984e-03,7.254152642681354735e+01,7.818847226505704073e-02,9.968624556069541898e-01,1.232101481736590232e-02,5.563953446782718970e+00,-9.350336968586768840e-03,-1.162502907836459112e-02,9.998887087558799847e-01,5.214475475897630830e-01,0.000000000000000000e+00,0.000000000000000000e+00,0.000000000000000000e+00,1.000000000000000056e-01
9.968616847573652517e-01,-7.830563828251456415e-02,1.161931477649746740e-02,7.312974232295736954e+01,7.814407068679778134e-02,9.968470719585029727e-01,1.376297003760327403e-02,5.601080314495257007e+00,-1.266039806657331436e-02,-1.281179694372356834e-02,9.998377729311234141e-01,5.442871262922220899e-01,0.000000000000000000e+00,0.000000000000000000e+00,0.000000000000000000e+00,1.000000000000000056e-01
9.968401393325704296e-01,-7.895101461495460105e-02,8.744936059850308765e-03,7.371462814823217968e+01,7.886397013556650792e-02,9.968363464273131136e-01,9.888005658492160163e-03,5.629855230853038961e+00,-9.497938190898011848e-03,-9.167100562071097206e-03,9.999128729231395729e-01,5.523373152803287001e-01,0.000000000000000000e+00,0.000000000000000000e+00,0.000000000000000000e+00,1.000000000000000056e-01
9.968050652851067062e-01,-7.958811897095183219e-02,6.737443181195878691e-03,7.434097184108118483e+01,7.954513043244765269e-02,9.968105591811570187e-01,6.425054819527113194e-03,5.666779900336645248e+00,-7.227312532270548442e-03,-5.868596392209682495e-03,9.999566618258743933e-01,5.647402460916352007e-01,0.000000000000000000e+00,0.000000000000000000e+00,0.000000000000000000e+00,1.000000000000000056e-01
9.969455625237814145e-01,-7.808462720227647702e-02,1.528515234679340452e-03,7.496154318976608977e+01,7.807616451090700072e-02,9.969349670263231156e-01,4.978358714467193309e-03,5.683973083911672219e+00,-1.912563569382655978e-03,-4.843812022119412496e-03,9.999864397009028405e-01,5.784111287858422212e-01,0.000000000000000000e+00,0.000000000000000000e+00,0.000000000000000000e+00,1.000000000000000056e-01
9.974274253884325425e-01,-7.164796399184192310e-02,2.258392974333566210e-03,7.557298072620463358e+01,7.163983825359218627e-02,9.974244452706778619e-01,3.494216862137482140e-03,5.739898025057569519e+00,-2.502929883545966950e-03,-3.323436821156330791e-03,9.999913450173925078e-01,5.999243446284079351e-01,0.000000000000000000e+00,0.000000000000000000e+00,0.000000000000000000e+00,1.000000000000000056e-01
9.977206643783513851e-01,-6.731560962285465521e-02,4.699422679909912200e-03,7.614425525833731001e+01,6.728573868315190776e-02,9.977141778365834490e-01,6.248897001309447127e-03,5.798300236297956545e+00,-5.109328946506484954e-03,-5.918449541376253828e-03,9.999694328891971518e-01,5.946329166697550406e-01,0.000000000000000000e+00,0.000000000000000000e+00,0.000000000000000000e+00,1.000000000000000056e-01
9.979145456784492829e-01,-6.408425307116849545e-02,7.730978701601969559e-03,7.669321667096906481e+01,6.405210494657539999e-02,9.979371318527120449e-01,4.336902292611922657e-03,5.816707023708783453e+00,-7.992957855955747440e-03,-3.832672421848903541e-03,9.999607108515912168e-01,6.048255132033937276e-01,0.000000000000000000e+00,0.000000000000000000e+00,0.000000000000000000e+00,1.000000000000000056e-01
9.983207295477698473e-01,-5.685767290267582791e-02,1.108719925413062697e-02,7.726154230051876937e+01,5.686563261750689907e-02,9.983817590584009860e-01,-4.037405896359722978e-04,5.808969935886859837e+00,-1.104630174398687180e-02,1.033543199535919303e-03,9.999384536091385778e-01,6.215994131021749247e-01,0.000000000000000000e+00,0.000000000000000000e+00,0.000000000000000000e+00,1.000000000000000056e-01
9.988052882166474911e-01,-4.677616129817444707e-02,1.414167474760163329e-02,7.781191703666344495e+01,4.686613729408576484e-02,9.988825575967296144e-01,-6.099287183597867056e-03,5.824600518766186674e+00,-1.384057099948154262e-02,6.754765963618974793e-03,9.998813988324740665e-01,6.254537268730738786e-01,0.000000000000000000e+00,0.000000000000000000e+00,0.000000000000000000e+00,1.000000000000000056e-01
9.993074120633888002e-01,-3.446685345699283809e-02,1.402612590655834095e-02,7.831549661052598310e+01,3.447576614167324749e-02,9.994054563890446552e-01,-3.940669358497358586e-04,5.860672182969134170e+00,-1.400420451568396181e-02,8.773554464719189160e-04,9.999015514055888953e-01,6.278364729498232544e-01,0.000000000000000000e+00,0.000000000000000000e+00,0.000000000000000000e+00,1.000000000000000056e-01
9.997619224585968523e-01,-1.557662428211281994e-02,1.527963277910925760e-02,7.882767539580233063e+01,1.554627005124100195e-02,9.998769371131867034e-01,2.103358420798233114e-03,5.875060141133120695e+00,-1.531051564724140654e-02,-1.865316360928893436e-03,9.998810472778695280e-01,6.293272010604590294e-01,0.000000000000000000e+00,0.000000000000000000e+00,0.000000000000000000e+00,1.000000000000000056e-01
9.999068841275893238e-01,8.781301459562351319e-04,1.361807481630681466e-02,7.932743256749724026e+01,-9.520481263833389506e-04,9.999848454810951193e-01,5.422399147544283704e-03,5.881061996853956586e+00,-1.361310686877969731e-02,-5.434859298730913488e-03,9.998925670419708256e-01,6.388873522567459773e-01,0.000000000000000000e+00,0.000000000000000000e+00,0.000000000000000000e+00,1.000000000000000056e-01
9.996489178169168932e-01,2.314381453999102972e-02,1.289980449485323213e-02,7.984966777466978272e+01,-2.320286971797963504e-02,9.997208853858252642e-01,4.447264353732684888e-03,5.869131783393846113e+00,-1.279327730948561989e-02,-4.745015481536116533e-03,9.999069041084587273e-01,6.497284670298438813e-01,0.000000000000000000e+00,0.000000000000000000e+00,0.000000000000000000e+00,1.000000000000000056e-01
9.987155966841435584e-01,4.860503839187247516e-02,1.430759178757052066e-02,8.035934142270205882e+01,-4.867717938599615962e-02,9.988033274885781410e-01,4.737637044748515061e-03,5.831117887583664228e+00,-1.406019725532692971e-02,-5.428005220044091958e-03,9.998864173557276969e-01,6.675406613331823502e-01,0.000000000000000000e+00,0.000000000000000000e+00,0.000000000000000000e+00,1.000000000000000056e-01
9.973323261049942268e-01,7.147371727144334608e-02,1.482359758639259853e-02,8.081634040632337701e+01,-7.156865820461370820e-02,9.974177755891951991e-01,5.975625615196392126e-03,5.834729087347014342e+00,-1.435821955510852704e-02,-7.020589583759673236e-03,9.998722682688543362e-01,6.619949481074648423e-01,0.000000000000000000e+00,0.000000000000000000e+00,0.000000000000000000e+00,1.000000000000000056e-01
9.944239969625887632e-01,1.043752277594744149e-01,1.505742657651483289e-02,8.130805730171228163e+01,-1.043969650883441458e-01,9.945354867672718813e-01,6.627525394567261021e-04,5.758253828695877097e+00,-1.490597012248266913e-02,-2.231006665912387520e-03,9.998864108807381523e-01,6.592454006365787711e-01,0.000000000000000000e+00,0.000000000000000000e+00,0.000000000000000000e+00,1.000000000000000056e-01
