1.000000000000000000e+00,-1.406795871961511324e-09,5.579370439599814810e-10,1.704460755668463725e-15,1.406795871916952345e-09,1.000000000000000000e+00,7.986369130556371141e-11,2.742848909902826327e-15,-5.579370440723334945e-10,-7.986369052066017072e-11,1.000000000000000000e+00,-1.463295641979586221e-15,0.000000000000000000e+00,0.000000000000000000e+00,0.000000000000000000e+00,1.000000000000000056e-01
9.999901184329171855e-01,-4.395487776878822563e-03,-6.653748744051365569e-04,6.429417658403476787e-01,4.393959053300497929e-03,9.999877431281631868e-01,-2.281823236087225822e-03,2.011175311223326739e-02,6.753964451337968839e-04,2.278877058144616191e-03,9.999971752755083543e-01,9.648767504791464639e-03,0.000000000000000000e+00,0.000000000000000000e+00,0.000000000000000000e+00,1.000000000000000056e-01
9.999552111768595930e-01,-9.435380555666093155e-03,-7.411032396967069365e-04,1.290503276897592366e+00,9.434024621572566910e-03,9.999538563374889000e-01,-1.812284531813247246e-03,3.867974495036659993e-02,7.581686367117336121e-04,1.805211775511445784e-03,9.999980831935448844e-01,1.392084563958270738e-02,0.000000000000000000e+00,0.000000000000000000e+00,0.000000000000000000e+00,1.000000000000000056e-01
9.998595913121411938e-01,-1.663153137738928103e-02,-2.046906241365850296e-03,1.997497329715102854e+00,1.662746339089135952e-02,9.998597766154242450e-01,-1.988609498755492758e-03,5.098392153793371295e-02,2.079692838520702698e-03,1.954295422112211061e-03,9.999959277952588099e-01,1.617136657266829078e-02,0.000000000000000000e+00,0.000000000000000000e+00,0.000000000000000000e+00,1.000000000000000056e-01
9.997193721131506505e-01,-2.362189548884775780e-02,-1.784117485429714649e-03,2.700742862190769422e+00,2.362189987919117995e-02,9.997209638192084968e-01,-1.861424656921767843e-05,6.151465455429760282e-02,1.784059355887558738e-03,-2.353522172099737749e-05,9.999984082878872194e-01,1.592518289355435157e-02,0.000000000000000000e+00,0.000000000000000000e+00,0.000000000000000000e+00,1.000000000000000056e-01
9.995724409093187379e-01,-2.920613739254922930e-02,-1.391730287827935408e-03,3.410161896392265746e+00,2.920762179369665312e-02,9.995728059884785299e-01,1.058469402441516776e-03,8.415215647533366705e-02,1.360221946189805759e-03,-1.098665976112005649e-03,9.999984713634966216e-01,2.784341293477357593e-02,0.000000000000000000e+00,0.000000000000000000e+00,0.000000000000000000e+00,1.000000000000000056e-01
9.994014891837547099e-01,-3.454241023724163168e-02,-1.866899112288029992e-03,4.146273295600120257e+00,3.454538277614411373e-02,9.994018746239140549e-01,1.584148684966832886e-03,1.063061796735661202e-01,1.811062158801466770e-03,-1.647693299282773031e-03,9.999970025758319059e-01,4.094266358536027134e-02,0.000000000000000000e+00,0.000000000000000000e+00,0.000000000000000000e+00,1.000000000000000056e-01
9.991000706203388981e-01,-4.239258595336234392e-02,-1.384753631723979403e-03,4.913408055840037925e+00,4.239553374701181265e-02,9.990985406174214267e-01,2.173673030774480285e-03,1.482072637606732524e-01,1.291357711778489369e-03,-2.230424247877360079e-03,9.999966787959521097e-01,4.348282354618503154e-02,0.000000000000000000e+00,0.000000000000000000e+00,0.000000000000000000e+00,1.000000000000000056e-01
9.987932601557738543e-01,-4.910867241476662981e-02,6.014657594926758107e-04,5.681409587586192522e+00,4.910637772703388415e-02,9.987878678093706775e-01,3.370279415862803725e-03,1.905352184097661994e-01,-7.662466512638708982e-04,-3.336676560629981900e-03,9.999941397106281160e-01,3.951360914895896831e-02,0.000000000000000000e+00,0.000000000000000000e+00,0.000000000000000000e+00,1.000000000000000056e-01
9.985250514689659740e-01,-5.422040771073748794e-02,2.805169617028298399e-03,6.475257544035767587e+00,5.420973247605283957e-02,9.985225255310258285e-01,3.751121434543914796e-03,2.457009121818263531e-01,-3.004412384091454096e-03,-3.593521229005248053e-03,9.999890299955309647e-01,4.700403089600098394e-02,0.000000000000000000e+00,0.000000000000000000e+00,0.000000000000000000e+00,1.000000000000000056e-01
9.982225594473508323e-01,-5.932063128976487743e-02,5.725776258629476471e-03,7.295588143659224478e+00,5.929460788210567934e-02,9.982298699379407170e-01,4.612617455342343104e-03,2.829386588948238912e-01,-5.989264269294546951e-03,-4.264911143947254860e-03,9.999729692578929185e-01,5.854559674583900697e-02,0.000000000000000000e+00,0.000000000000000000e+00,0.000000000000000000e+00,1.000000000000000056e-01
9.980152911208434174e-01,-6.259153538362637048e-02,6.912191208178711070e-03,8.107158646255745893e+00,6.255781790088228711e-02,9.980288611199819027e-01,4.991171308616018133e-03,3.390241089201752600e-01,-7.210971394911130754e-03,-4.548853687705093664e-03,9.999636542503280712e-01,6.069733244784002169e-02,0.000000000000000000e+00,0.000000000000000000e+00,0.000000000000000000e+00,1.000000000000000056e-01
9.978126089410059851e-01,-6.573067830039742987e-02,7.033872938333904541e-03,8.936513597873283032e+00,6.569924423124275104e-02,9.978288185575905356e-01,4.610657589392881499e-03,3.842859464361531030e-01,-7.321662774703596895e-03,-4.138452142138632391e-03,9.999646326086142345e-01,6.457967434978638399e-02,0.000000000000000000e+00,0.000000000000000000e+00,0.000000000000000000e+00,1.000000000000000056e-01
9.976317636589676630e-01,-6.832351816547670154e-02,7.922184306703829518e-03,9.716618433798268839e+00,6.830328268162251526e-02,9.976606812247950096e-01,2.797626313907456991e-03,4.543057407622581034e-01,-8.094795464492996265e-03,-2.249889679445527760e-03,9.999647055185589828e-01,7.060889528121803982e-02,0.000000000000000000e+00,0.000000000000000000e+00,0.000000000000000000e+00,1.000000000000000056e-01
9.972941782278141876e-01,-7.300516852509153498e-02,8.635244150099407115e-03,1.051796621817220334e+01,7.298509903312047631e-02,9.973295970286023548e-01,2.617290562996535223e-03,5.227461390462811996e-01,-8.803260307092932932e-03,-1.979964491736862890e-03,9.999592903456505644e-01,7.109531187541261177e-02,0.000000000000000000e+00,0.000000000000000000e+00,0.000000000000000000e+00,1.000000000000000056e-01
9.970717895830142341e-01,-7.586152885929768608e-02,9.637160206999652312e-03,1.132820176098335985e+01,7.582844994144778694e-02,9.971138148159658376e-01,3.753196321688763177e-03,5.907158590728678327e-01,-9.894068789066449987e-03,-3.011435252788415440e-03,9.999465179000902593e-01,8.667417970292166929e-02,0.000000000000000000e+00,0.000000000000000000e+00,0.000000000000000000e+00,1.000000000000000056e-01
9.966853694445907408e-01,-8.086098367838748247e-02,8.931721763645567025e-03,1.218529319806415323e+01,8.081415863187771387e-02,9.967140934528301299e-01,5.485223525509824900e-03,6.556019944265438770e-01,-9.345913530593462359e-03,-4.745232456545873424e-03,9.999450668257792163e-01,9.105313657866544175e-02,0.000000000000000000e+00,0.000000000000000000e+00,0.000000000000000000e+00,1.000000000000000056e-01
9.965367505545222881e-01,-8.281662358340531604e-02,7.477409476435776213e-03,1.305897532231193914e+01,8.275770986101903259e-02,9.965386047697863958e-01,7.872144691682582060e-03,7.530109356982112034e-01,-8.103471650664866716e-03,-7.226068206981486192e-03,9.999410571056051023e-01,1.020837228437250499e-01,0.000000000000000000e+00,0.000000000000000000e+00,0.000000000000000000e+00,1.000000000000000056e-01
9.968528827222886690e-01,-7.898289111132728024e-02,6.784771179575392087e-03,1.393775545947602623e+01,7.889969231769261571e-02,9.968131724108472147e-01,1.176171162697106469e-02,8.495139173679137068e-01,-7.692123272310120129e-03,-1.118937978257991857e-02,9.999078102603483620e-01,1.041836670019514882e-01,0.000000000000000000e+00,0.000000000000000000e+00,0.000000000000000000e+00,1.000000000000000056e-01
9.948595306539974592e-01,-1.010195444288824740e-01,7.040306121819509856e-03,1.490471043027882558e+01,1.009510541111640625e-01,9.948461643222378248e-01,9.486517125675015399e-03,9.898526646080481051e-01,-7.962345179198991596e-03,-8.727025650927193456e-03,9.999302176064764902e-01,9.166359688792218019e-02,0.000000000000000000e+00,0.000000000000000000e+00,0.000000000000000000e+00,1.000000000000000056e-01
9.945422769901891558e-01,-1.039678755629088736e-01,8.737283908937579918e-03,1.586836499499774611e+01,1.038922489104094349e-01,9.945504567762202264e-01,8.705718956476041909e-03,1.094598960446120373e+00,-9.594784807769946716e-03,-7.750469479142076991e-03,9.999239322705230082e-01,8.888537224094324174e-02,0.000000000000000000e+00,0.000000000000000000e+00,0.000000000000000000e+00,1.000000000000000056e-01
9.941500533970567544e-01,-1.074294540869552839e-01,1.116170798793294713e-02,1.677804203881755285e+01,1.073252605043832630e-01,9.941780938717756921e-01,9.550189691778660991e-03,1.212914888595437723e+00,-1.212269723681120084e-02,-8.296388374555018971e-03,9.998920992545361486e-01,8.873680909109012138e-02,0.000000000000000000e+00,0.000000000000000000e+00,0.000000000000000000e+00,1.000000000000000056e-01
9.937665869414497033e-01,-1.108994652914715440e-01,1.137010452052659992e-02,1.765777896163628569e+01,1.108041795050055678e-01,9.938042198311622943e-01,8.695196949890526134e-03,1.321107146427392021e+00,-1.226395054476760171e-02,-7.381141093393307762e-03,9.998975518887897040e-01,8.975654333106410088e-02,0.000000000000000000e+00,0.000000000000000000e+00,0.000000000000000000e+00,1.000000000000000056e-01
9.933607660966953246e-01,-1.145255439832076061e-01,1.087603581903739611e-02,1.857000717781500043e+01,1.144414905856440123e-01,9.933972807415714090e-01,8.061504064846897535e-03,1.431290289228250412e+00,-1.172747254622910976e-02,-6.763312102954441470e-03,9.999083577993912453e-01,8.364077081997903229e-02,0.000000000000000000e+00,0.000000000000000000e+00,0.000000000000000000e+00,1.000000000000000056e-01
9.930575670523872356e-01,-1.171243272117486051e-01,1.088854881004750613e-02,1.949414415335857242e+01,1.170530650731297223e-01,9.931012117974381548e-01,6.968721794242606349e-03,1.548084073216615453e+00,-1.162963786965024587e-02,-5.645803898041069913e-03,9.999164347191047408e-01,8.590777455135899243e-02,0.000000000000000000e+00,0.000000000000000000e+00,0.000000000000000000e+00,1.000000000000000056e-01
9.930253472930482550e-01,-1.171258731487647420e-01,1.349775806052031304e-02,2.041541658244644708e+01,1.170401057908554976e-01,9.931026549996965214e-01,6.980706913997014075e-03,1.664170225255037661e+00,-1.422228075894379704e-02,-5.352239876280198531e-03,9.998845334628996273e-01,8.414275672678030171e-02,0.000000000000000000e+00,0.000000000000000000e+00,0.000000000000000000e+00,1.000000000000000056e-01
9.921053165585488332e-01,-1.243873727077055152e-01,1.596315655301528899e-02,2.129367319229810462e+01,1.243015237047649518e-01,9.922247078635233475e-01,6.265804802222523472e-03,1.777901975428550330e+00,-1.661842534464306673e-02,-4.232093574125547590e-03,9.998529478493546341e-01,8.145861428529364845e-02,0.000000000000000000e+00,0.000000000000000000e+00,0.000000000000000000e+00,1.000000000000000056e-01
9.922432472707634066e-01,-1.228766136753282751e-01,1.883284517152705034e-02,2.220884128900402033e+01,1.227828681579302833e-01,9.924150553433754851e-01,6.060133226032712178e-03,1.902749524940554382e+00,-1.943464773241047883e-02,-3.700775525357826150e-03,9.998042802108960680e-01,7.704495721119272722e-02,0.000000000000000000e+00,0.000000000000000000e+00,0.000000000000000000e+00,1.000000000000000056e-01
9.921485872922120031e-01,-1.232117044558871527e-01,2.144893048949214967e-02,2.315345401203311582e+01,1.231047945735478516e-01,9.923740556967816095e-01,6.240443327654696809e-03,2.021855881323738391e+00,-2.205425779917638204e-02,-3.550980849878480547e-03,9.997504689911034248e-01,7.626343336749839830e-02,0.000000000000000000e+00,0.000000000000000000e+00,0.000000000000000000e+00,1.000000000000000056e-01
9.924015807422139623e-01,-1.211247447143633110e-01,2.163096757510875670e-02,2.407090401073012131e+01,1.210649233834845823e-01,9.926362930541101637e-01,4.058822236271322943e-03,2.132558698963011423e+00,-2.196330727613895681e-02,-1.409230171036127350e-03,9.997577842676790283e-01,6.607713830610251193e-02,0.000000000000000000e+00,0.000000000000000000e+00,0.000000000000000000e+00,1.000000000000000056e-01
9.925973199565250038e-01,-1.197946369593918259e-01,1.999513368026090143e-02,2.501896310899773113e+01,1.197449738019311372e-01,9.927979115615567229e-01,3.667158053077522635e-03,2.245431798942333579e+00,-2.029043282679830057e-02,-1.245694496632784041e-03,9.997933519387505186e-01,5.375016654330731086e-02,0.000000000000000000e+00,0.000000000000000000e+00,0.000000000000000000e+00,1.000000000000000056e-01
9.926702992368446887e-01,-1.197292864842102317e-01,1.644916323146059650e-02,2.594201923670443932e+01,1.196976051976287730e-01,9.928061587117575915e-01,2.900781611383187845e-03,2.362362823794539768e+00,-1.667813907442650123e-02,-9.105943038817639664e-04,9.998604955167634811e-01,4.339453232368401664e-02,0.000000000000000000e+00,0.000000000000000000e+00,0.000000000000000000e+00,1.000000000000000056e-01
9.928519361249303898e-01,-1.184175303291504777e-01,1.491044746886702535e-02,2.687849595255126189e+01,1.183866284251249013e-01,9.929632187977653901e-01,2.941483454394622568e-03,2.473992189227117944e+00,-1.515384911857466446e-02,-1.155259938626044787e-03,9.998845064463023347e-01,3.742622750222780043e-02,0.000000000000000000e+00,0.000000000000000000e+00,0.000000000000000000e+00,1.000000000000000056e-01
9.929649525887197514e-01,-1.171903233603543287e-01,1.694199047270089284e-02,2.782928636727742955e+01,1.172031864354711322e-01,9.931079285878524621e-01,2.350857653977495238e-04,2.584804217010472804e+00,-1.685277484136349715e-02,1.752223342067479178e-03,9.998564465429553572e-01,3.170134134608033200e-02,0.000000000000000000e+00,0.000000000000000000e+00,0.000000000000000000e+00,1.000000000000000056e-01
9.929079604023514083e-01,-1.168090420640707228e-01,2.212306176180870582e-02,2.882392446116408280e+01,1.168388062047032716e-01,9.931508901147773072e-01,-5.318726602538109000e-05,2.685750921688607296e+00,-2.196532572721007770e-02,2.637642185671286443e-03,9.997552537043243870e-01,2.482732468449534713e-02,0.000000000000000000e+00,0.000000000000000000e+00,0.000000000000000000e+00,1.000000000000000056e-01
9.927069037866950163e-01,-1.177475304926645372e-01,2.585579697306842478e-02,2.976477317817969137e+01,1.178747664959957364e-01,9.930224826674464156e-01,-3.447947287250246844e-03,2.797575710478836353e+00,-2.526940042319925084e-02,6.470547106714239112e-03,9.996597368216806334e-01,1.219878690672558143e-02,0.000000000000000000e+00,0.000000000000000000e+00,0.000000000000000000e+00,1.000000000000000056e-01
9.926626159647808922e-01,-1.181312138503456260e-01,2.580595241803214715e-02,3.066196254409576127e+01,1.184469001499420110e-01,9.928987648032731039e-01,-1.106230974996562887e-02,2.895861857697571651e+00,-2.431589420168420515e-02,1.403777640434638978e-02,9.996057613493402050e-01,7.478192866034115774e-03,0.000000000000000000e+00,0.000000000000000000e+00,0.000000000000000000e+00,1.000000000000000056e-01
9.925302409466890685e-01,-1.198903359017041426e-01,2.258380312710516272e-02,3.158426846826801082e+01,1.202127894538433384e-01,9.926563245305867200e-01,-1.350209691686863125e-02,2.991947905484046100e+00,-2.079918407133383648e-02,1.611610147657091194e-02,9.996537726709001648e-01,3.070438336212938011e-04,0.000000000000000000e+00,0.000000000000000000e+00,0.000000000000000000e+00,1.000000000000000056e-01
9.925358642050523539e-01,-1.204425135126028917e-01,1.913528691962314982e-02,3.254419618326099339e+01,1.207080827018353203e-01,9.925978032944093865e-01,-1.338505381236528360e-02,3.118285381375446086e+00,-1.738151423716346317e-02,1.559492974910432761e-02,9.997273033827493993e-01,-1.043409536101030238e-02,0.000000000000000000e+00,0.000000000000000000e+00,0.000000000000000000e+00,1.000000000000000056e-01
9.921587129536373340e-01,-1.233787066367098006e-01,1.996955329581856856e-02,3.349738008163589598e+01,1.236616270990573418e-01,9.922311187354455608e-01,-1.360915119395174518e-02,3.242339319597264069e+00,-1.813533273462395942e-02,1.597190538598488793e-02,9.997079613291801614e-01,-2.291264183744460767e-02,0.000000000000000000e+00,0.000000000000000000e+00,0.000000000000000000e+00,1.000000000000000056e-01
9.924035292270243502e-01,-1.211678558672429767e-01,2.129755578186466602e-02,3.446759871321605573e+01,1.214801484515639768e-01,9.924946521874844496e-01,-1.403349248869491597e-02,3.366495221298885454e+00,-1.943730202298109971e-02,1.651411771119815769e-02,9.996746846881179316e-01,-2.573018508908041582e-02,0.000000000000000000e+00,0.000000000000000000e+00,0.000000000000000000e+00,1.000000000000000056e-01
9.920246632823931376e-01,-1.239790370190909374e-01,2.272148365035688705e-02,3.543095692496459748e+01,1.242996553607085553e-01,9.921558182460498143e-01,-1.328262013762555351e-02,3.502116565726250297e+00,-2.089648574913088169e-02,1.600095935655925991e-02,9.996535930926303548e-01,-4.083068781980348644e-02,0.000000000000000000e+00,0.000000000000000000e+00,0.000000000000000000e+00,1.000000000000000056e-01
9.916673932907076328e-01,-1.265993799623867100e-01,2.384068113859533905e-02,3.639970708485667217e+01,1.269084130098185603e-01,9.918427772176908741e-01,-1.192308636332516103e-02,3.628749278227278108e+00,-2.213675205043087041e-02,1.484931898227089334e-02,9.996446678367371108e-01,-4.628112080151379482e-02,0.000000000000000000e+00,0.000000000000000000e+00,0.000000000000000000e+00,1.000000000000000056e-01
9.915645588864393511e-01,-1.272866576013820250e-01,2.445061056516871847e-02,3.739169189164226026e+01,1.276176361134566117e-01,9.917448741610669360e-01,-1.248373053469354829e-02,3.766773719071709436e+00,-2.265975536395705217e-02,1.549875388274812166e-02,9.996230910272769776e-01,-5.377148310380019947e-02,0.000000000000000000e+00,0.000000000000000000e+00,0.000000000000000000e+00,1.000000000000000056e-01
9.914457031975897339e-01,-1.276420142130357538e-01,2.725681233519403057e-02,3.837721852535463540e+01,1.279541497503303427e-01,9.917294153352460562e-01,-1.002508456229299003e-02,3.896228820681215232e+00,-2.575176057489741294e-02,1.342694926073194350e-02,9.995781929698360768e-01,-4.571830285551867906e-02,0.000000000000000000e+00,0.000000000000000000e+00,0.000000000000000000e+00,1.000000000000000056e-01
9.914217367483417753e-01,-1.276239219836927397e-01,2.819706439333774517e-02,3.938619169275423815e+01,1.279402479876365073e-01,9.917343719203666197e-01,-9.707136373721957784e-03,4.032808487500351369e+00,-2.672513513087998449e-02,1.323140541349540969e-02,9.995552496300641465e-01,-6.470040410827480881e-02,0.000000000000000000e+00,0.000000000000000000e+00,0.000000000000000000e+00,1.000000000000000056e-01
9.910570693465168279e-01,-1.307598804339920873e-01,2.660336383206891170e-02,4.039076038819280257e+01,1.311110577982148306e-01,9.912961764540585419e-01,-1.190718567072787670e-02,4.170247530992191365e+00,-2.481483067293638323e-02,1.528869570800973562e-02,9.995751497322357126e-01,-6.950146883274349596e-02,0.000000000000000000e+00,0.000000000000000000e+00,0.000000000000000000e+00,1.000000000000000056e-01
9.911246260343217207e-01,-1.303065999923362084e-01,2.630904154018712249e-02,4.140717168288755090e+01,1.306738909125490233e-01,9.913433754632963169e-01,-1.275328031578961373e-02,4.316351716670446592e+00,-2.441945744895344939e-02,1.607799500793398798e-02,9.995725027102454474e-01,-6.083298291935537033e-02,0.000000000000000000e+00,0.000000000000000000e+00,0.000000000000000000e+00,1.000000000000000056e-01
9.913554050086773595e-01,-1.289392492590950012e-01,2.427202011745936347e-02,4.243340204640403357e+01,1.291570767371535422e-01,9.915948313875736497e-01,-7.624952076069869099e-03,4.462761572238878038e+00,-2.308485409948288561e-02,1.069394061842043366e-02,9.996763121857270562e-01,-6.297103072103701904e-02,0.000000000000000000e+00,0.000000000000000000e+00,0.000000000000000000e+00,1.000000000000000056e-01
9.914570928784973702e-01,-1.281683749260607574e-01,2.420125306117971650e-02,4.347565857584147153e+01,1.283949743858275871e-01,9.916904620980795393e-01,-8.047231583602251770e-03,4.593124521750963751e+00,-2.296875123686990469e-02,1.108580409849341600e-02,9.996747178028003722e-01,-6.715630848091221072e-02,0.000000000000000000e+00,0.000000000000000000e+00,0.000000000000000000e+00,1.000000000000000056e-01
9.916161329078041486e-01,-1.264915879847860469e-01,2.640687649191520228e-02,4.446206090752789208e+01,1.268315342449581884e-01,9.918562641019722514e-01,-1.161521772282597502e-02,4.718925720078206432e+00,-2.472259852932391991e-02,1.486706194127760707e-02,9.995837951823709489e-01,-7.367277729616372728e-02,0.000000000000000000e+00,0.000000000000000000e+00,0.000000000000000000e+00,1.000000000000000056e-01
9.917568950362741775e-01,-1.251844741245339288e-01,2.733328714539545040e-02,4.542915277193583279e+01,1.255296964233333923e-01,9.920255571644710502e-01,-1.129554108427668034e-02,4.858206995786381377e+00,-2.570129303896015460e-02,1.463356999111020164e-02,9.995625554038329863e-01,-7.867949837736043506e-02,0.000000000000000000e+00,0.000000000000000000e+00,0.000000000000000000e+00,1.000000000000000056e-01
9.913210129844952645e-01,-1.291288171515783401e-01,2.466572108064883639e-02,4.633627341260324783e+01,1.294402353924768712e-01,9.915208893530050860e-01,-1.146958753251830013e-02,4.976684542214149687e+00,-2.297552343112752027e-02,1.456277987405474317e-02,9.996299569167610422e-01,-8.320338529682207163e-02,0.000000000000000000e+00,0.000000000000000000e+00,0.000000000000000000e+00,1.000000000000000056e-01
9.917219872274202208e-01,-1.270158353241221394e-01,1.882757622776059722e-02,4.728037056018945350e+01,1.271991351432152917e-01,9.918374855781908472e-01,-8.875934922593647566e-03,5.113877688945398070e+00,-1.754651157679800941e-02,1.119731123294993684e-02,9.997833466069725450e-01,-9.581840838335019261e-02,0.000000000000000000e+00,0.000000000000000000e+00,0.000000000000000000e+00,1.000000000000000056e-01
9.919818888068964169e-01,-1.250480450938913912e-01,1.830078406239306343e-02,4.822200292168778901e+01,1.252196186276811618e-01,9.920922401065602747e-01,-8.546006733279574302e-03,5.240942320065450133e+00,-1.708740442081013028e-02,1.076910110191553124e-02,9.997960027283647744e-01,-9.573986971259651479e-02,0.000000000000000000e+00,0.000000000000000000e+00,0.000000000000000000e+00,1.000000000000000056e-01
9.922318417370278310e-01,-1.230723731994651654e-01,1.814285529339997732e-02,4.918129923410504745e+01,1.232793788341537827e-01,9.923135978651695943e-01,-1.076653361800655913e-02,5.382579187413194077e+00,-1.667833916824097706e-02,1.291953741176656185e-02,9.997774345101289040e-01,-1.026868137868996167e-01,0.000000000000000000e+00,0.000000000000000000e+00,0.000000000000000000e+00,1.000000000000000056e-01
9.926358436102954430e-01,-1.193567616573471823e-01,2.068925872882397890e-02,5.017644470809535306e+01,1.195813512659678612e-01,9.927742762970447332e-01,-9.976810727095742140e-03,5.521513294447027320e+00,-1.934896404157611036e-02,1.237738944811492096e-02,9.997361741084331843e-01,-9.402763766814228874e-02,0.000000000000000000e+00,0.000000000000000000e+00,0.000000000000000000e+00,1.000000000000000056e-01
9.927428520671908174e-01,-1.184659397994711344e-01,2.067488275487237154e-02,5.110842247475754618e+01,1.186899136938818350e-01,9.928814082133540220e-01,-9.960602974018725742e-03,5.648965973443839772e+00,-1.934771451201713205e-02,1.234221745454322158e-02,9.997366331246776427e-01,-9.826459281798566314e-02,0.000000000000000000e+00,0.000000000000000000e+00,0.000000000000000000e+00,1.000000000000000056e-01
9.926618682150122330e-01,-1.191936044131235717e-01,2.037891211251013218e-02,5.205051506461811073e+01,1.194693080666352492e-01,9.927542229666082019e-01,-1.288942248688319282e-02,5.766527423631631954e+00,-1.869491433414462167e-02,1.522949273527441673e-02,9.997092390935802264e-01,-9.852850451902528395e-02,0.000000000000000000e+00,0.000000000000000000e+00,0.000000000000000000e+00,1.000000000000000056e-01
9.928428025790759781e-01,-1.178919881866716535e-01,1.909577147746458967e-02,5.303216096167756177e+01,1.181655186328960383e-01,9.928967841449467535e-01,-1.388834910425915461e-02,5.891605572983751316e+00,-1.732280500220969785e-02,1.604540918819912648e-02,9.997211937689620687e-01,-8.910293677608009666e-02,0.000000000000000000e+00,0.000000000000000000e+00,0.000000000000000000e+00,1.000000000000000056e-01
9.926584395374770109e-01,-1.193799940029713763e-01,1.943294745713204652e-02,5.399614566343245770e+01,1.196505192237029419e-01,9.927255509977467307e-01,-1.340647775213149075e-02,6.022087285047402538e+00,-1.769111823824124491e-02,1.563321553841753517e-02,9.997212746097834390e-01,-9.217625303081355970e-02,0.000000000000000000e+00,0.000000000000000000e+00,0.000000000000000000e+00,1.000000000000000056e-01
9.925099078279354670e-01,-1.199996160174181675e-01,2.289486883682070872e-02,5.493424021078661923e+01,1.203601865587576730e-01,9.926158074463499181e-01,-1.507595102048043915e-02,6.140516733742938271e+00,-2.091670038328400510e-02,1.771866144219353886e-02,9.996241997279642355e-01,-9.057423679274265171e-02,0.000000000000000000e+00,0.000000000000000000e+00,0.000000000000000000e+00,1.000000000000000056e-01
9.922314874226757508e-01,-1.214996334056619165e-01,2.673040308850807567e-02,5.588313606841973780e+01,1.218901837978960956e-01,9.924518380323139599e-01,-1.349563929559190363e-02,6.256055728207676303e+00,-2.488892244954502009e-02,1.664897199743516423e-02,9.995515760933645355e-01,-8.230335790025773701e-02,0.000000000000000000e+00,0.000000000000000000e+00,0.000000000000000000e+00,1.000000000000000056e-01
9.920061439978000717e-01,-1.232792299281086773e-01,2.694516169831633404e-02,5.684441133749317743e+01,1.236171650467935840e-01,9.922661936154091311e-01,-1.125155606043570962e-02,6.382396189451052138e+00,-2.534968986811660455e-02,1.449249724236121618e-02,9.995735894606612160e-01,-9.010823205881937636e-02,0.000000000000000000e+00,0.000000000000000000e+00,0.000000000000000000e+00,1.000000000000000056e-01
9.917407132158378991e-01,-1.258929838795442013e-01,2.452171201294742545e-02,5.773606808808217039e+01,1.262085680037103030e-01,9.919338826771563200e-01,-1.177156571889956607e-02,6.501465758109887361e+00,-2.284195947360758913e-02,1.476919113988204094e-02,9.996299894863497348e-01,-9.546621970759218423e-02,0.000000000000000000e+00,0.000000000000000000e+00,0.000000000000000000e+00,1.000000000000000056e-01
9.914302769783635005e-01,-1.293927663617404633e-01,1.798660345539301528e-02,5.860660690638830062e+01,1.296338007693425554e-01,9.914774110180286648e-01,-1.294685827069596770e-02,6.624851220731844847e+00,-1.615808121962226604e-02,1.516757905016930669e-02,9.997544003189268169e-01,-1.021903039929253076e-01,0.000000000000000000e+00,0.000000000000000000e+00,0.000000000000000000e+00,1.000000000000000056e-01
9.913183662180513611e-01,-1.306368397038298879e-01,1.489674162255682534e-02,5.953636114344874386e+01,1.308483793219954450e-01,9.913001650439672296e-01,-1.423672759486999985e-02,6.735440202653902197e+00,-1.290730132833979409e-02,1.606234403812804856e-02,9.997876787980637392e-01,-1.011438329140536413e-01,0.000000000000000000e+00,0.000000000000000000e+00,0.000000000000000000e+00,1.000000000000000056e-01
9.913544801517438776e-01,-1.303060333409419291e-01,1.538285922756292730e-02,6.043251743493239303e+01,1.304829772509516483e-01,9.913882160842558688e-01,-1.111744831354868034e-02,6.867974502752611343e+00,-1.380171477727737232e-02,1.302853346413661816e-02,9.998198687688600872e-01,-1.049343848447343436e-01,0.000000000000000000e+00,0.000000000000000000e+00,0.000000000000000000e+00,1.000000000000000056e-01
9.911673859616771942e-01,-1.315909411313452015e-01,1.646320801249092844e-02,6.134944638881959378e+01,1.317432582198518054e-01,9.912471471153272429e-01,-8.532716410509851024e-03,6.996520622328089800e+00,-1.519627979188196629e-02,1.062626688407408010e-02,9.998280629851290513e-01,-9.848950410099066577e-02,0.000000000000000000e+00,0.000000000000000000e+00,0.000000000000000000e+00,1.000000000000000056e-01
9.911627535921094800e-01,-1.311988878581968609e-01,1.957671362817212102e-02,6.223412985239883000e+01,1.313541720565555015e-01,9.913117441186720669e-01,-6.863487140903724165e-03,7.119736137091865480e+00,-1.850614425113947942e-02,9.374315824039004819e-03,9.997847992582139520e-01,-9.381690189786799638e-02,0.000000000000000000e+00,0.000000000000000000e+00,0.000000000000000000e+00,1.000000000000000056e-01
9.909991381790138609e-01,-1.323358111680877913e-01,2.019755457811683169e-02,6.304286835659968347e+01,1.324718981219742409e-01,9.911712253294722164e-01,-5.549620422503303077e-03,7.236285718452210247e+00,-1.928482139956399360e-02,8.175277448306735376e-03,9.997806061842918757e-01,-9.442839248872023084e-02,0.000000000000000000e+00,0.000000000000000000e+00,0.000000000000000000e+00,1.000000000000000056e-01
9.906246853296800658e-01,-1.352094272921434970e-01,1.952289903684961345e-02,6.385214019141358222e+01,1.353201538695786577e-01,9.907918853589517960e-01,-4.460477952782045119e-03,7.354916774068854579e+00,-1.874003127494780138e-02,7.060501270041426997e-03,9.997994601667025139e-01,-9.687878463883542457e-02,0.000000000000000000e+00,0.000000000000000000e+00,0.000000000000000000e+00,1.000000000000000056e-01
9.899878006366694683e-01,-1.397164973355205786e-01,2.008618836074665612e-02,6.464339879912324704e+01,1.398297377144556985e-01,9.901660448474076670e-01,-4.341437774277017575e-03,7.471674585393322410e+00,-1.928209120599845214e-02,7.106616883923820918e-03,9.997888261804033228e-01,-9.704263930371241631e-02,0.000000000000000000e+00,0.000000000000000000e+00,0.000000000000000000e+00,1.000000000000000056e-01
9.899025804156833530e-01,-1.405653451475881721e-01,1.828291634042697802e-02,6.543266471239223847e+01,1.406965547676181649e-01,9.900340129407277923e-01,-6.093660394332867450e-03,7.575212240278152542e+00,-1.724415155623093901e-02,8.604473488729620645e-03,9.998142838913072206e-01,-9.563181985216549774e-02,0.000000000000000000e+00,0.000000000000000000e+00,0.000000000000000000e+00,1.000000000000000056e-01
9.898964023070691010e-01,-1.403528691521728211e-01,2.015402739588856990e-02,6.618346436891681606e+01,1.404864338277844737e-01,9.900680690710756959e-01,-5.364747545145556740e-03,7.688528376684565124e+00,-1.920090127761470145e-02,8.141911730341122588e-03,9.997824936772511384e-01,-9.105416174765303128e-02,0.000000000000000000e+00,0.000000000000000000e+00,0.000000000000000000e+00,1.000000000000000056e-01
9.896820964349287708e-01,-1.414636208671845030e-01,2.274625172000313555e-02,6.697333560923702578e+01,1.415832508554571434e-01,9.899193262870223942e-01,-3.729681038418638378e-03,7.814164953382150003e+00,-2.198933999384614785e-02,6.911686812430336765e-03,9.997343134613525528e-01,-9.078649776207205202e-02,0.000000000000000000e+00,0.000000000000000000e+00,0.000000000000000000e+00,1.000000000000000056e-01
9.895926114823770936e-01,-1.417970964891193397e-01,2.449585121493733433e-02,6.771216750951853669e+01,1.418915724902402309e-01,9.898798626161099401e-01,-2.153890284610479600e-03,7.927627807770619484e+00,-2.394253444679294782e-02,5.607228759968624181e-03,9.996976112954844007e-01,-9.527038892202814580e-02,0.000000000000000000e+00,0.000000000000000000e+00,0.000000000000000000e+00,1.000000000000000056e-01
9.893432927698487811e-01,-1.431501462666613378e-01,2.660610221634861564e-02,6.839221965427491057e+01,1.431997618792353877e-01,9.896938044277477919e-01,4.092751244577251188e-05,8.033595990279243537e+00,-2.633775330288453884e-02,3.769496141987739492e-03,9.996459941648303538e-01,-9.512161611174389797e-02,0.000000000000000000e+00,0.000000000000000000e+00,0.000000000000000000e+00,1.000000000000000056e-01
9.894417481151460692e-01,-1.431910157009355644e-01,2.239107209086425507e-02,6.907201645876257601e+01,1.431485605539768446e-01,9.896950382139662050e-01,3.495846961804533089e-03,8.143529713038269335e+00,-2.266090682581539326e-02,-2.536871899633571636e-04,9.997431764931637987e-01,-9.769734634051770172e-02,0.000000000000000000e+00,0.000000000000000000e+00,0.000000000000000000e+00,1.000000000000000056e-01
9.896468414872937602e-01,-1.426200004640799379e-01,1.608305325021373855e-02,6.976312787032358642e+01,1.425975017371831355e-01,9.897774929830439605e-01,2.543006589552341840e-03,8.254199874382516455e+00,-1.628132772649146243e-02,-2.232752254452876478e-04,9.998674254698151076e-01,-1.008778321249194088e-01,0.000000000000000000e+00,0.000000000000000000e+00,0.000000000000000000e+00,1.000000000000000056e-01
9.899386685058456647e-01,-1.411575677003250040e-01,9.796615629983755971e-03,7.049661401829548879e+01,1.411436297694307895e-01,9.899868948180470252e-01,2.103298369447572334e-03,8.359560096620398895e+00,-9.995417569232842650e-03,-6.994064978495998343e-04,9.999497999690621919e-01,-9.891586976823656119e-02,0.000000000000000000e+00,0.000000000000000000e+00,0.000000000000000000e+00,1.000000000000000056e-01
9.898402619821552451e-01,-1.418777221464648242e-01,9.325648375784091962e-03,7.120731294650636301e+01,1.418533670814760561e-01,9.898824232368022003e-01,3.226517392544378873e-03,8.468723116904445902e+00,-9.689066350595654589e-03,-1.870862198803236289e-03,9.999513097485731583e-01,-9.465771102736861287e-02,0.000000000000000000e+00,0.000000000000000000e+00,0.000000000000000000e+00,1.000000000000000056e-01
9.896026042002837864e-01,-1.433394472044448587e-01,1.185279018377795833e-02,7.187290354787437252e+01,1.432888500923968356e-01,9.896681915469764945e-01,5.017577038329565711e-03,8.576359012412288152e+00,-1.244954614494516408e-02,-3.267034628086492795e-03,9.999171642118780401e-01,-8.409132034405528144e-02,0.000000000000000000e+00,0.000000000000000000e+00,0.000000000000000000e+00,1.000000000000000056e-01
9.893376093993265785e-01,-1.450224500206183098e-01,1.340088124127751176e-02,7.248972451756728219e+01,1.449858795386769761e-01,9.894269309032956983e-01,3.666488467357025341e-03,8.667687056028675840e+00,-1.379091593846521260e-02,-1.684456381825223973e-03,9.999034819642723670e-01,-7.522254097591807298e-02,0.000000000000000000e+00,0.000000000000000000e+00,0.000000000000000000e+00,1.000000000000000056e-01
9.895705571891022512e-01,-1.436549732346595887e-01,1.064711272594872325e-02,7.305819581937285534e+01,1.436590111100476963e-01,9.896271709813244666e-01,3.885645165258809204e-04,8.742441789949776165e+00,-1.059249127132135850e-02,1.145041680264567621e-03,9.999432423933957148e-01,-7.270450258816865685e-02,0.000000000000000000e+00,0.000000000000000000e+00,0.000000000000000000e+00,1.000000000000000056e-01
9.898035454441561631e-01,-1.422129082765670183e-01,8.026839085153596870e-03,7.368808102612378264e+01,1.422684261430013919e-01,9.898045634139470694e-01,-6.827969516556519486e-03,8.821631789439983606e+00,-6.973976553701214873e-03,7.900314199220196190e-03,9.999444728016561035e-01,-5.710969385889864969e-02,0.000000000000000000e+00,0.000000000000000000e+00,0.000000000000000000e+00,1.000000000000000056e-01
9.902604312721607904e-01,-1.391714187815837334e-01,3.948981007185752706e-03,7.429076389704060546e+01,1.392064280687413946e-01,9.902053594108570778e-01,-1.071991503500789068e-02,8.905345065019629303e+00,-2.418396372886937647e-03,1.116523122628946575e-02,9.999347423560435155e-01,-4.667659024507869736e-02,0.000000000000000000e+00,0.000000000000000000e+00,0.000000000000000000e+00,1.000000000000000056e-01
9.909752218070543295e-01,-1.340072270747039718e-01,3.189491528158091074e-03,7.486861749901139262e+01,1.340311510107954351e-01,9.909352019023317526e-01,-9.114614062392171340e-03,8.979013158831286034e+00,-1.939155275063837508e-03,9.459847912822987731e-03,9.999533743901689586e-01,-3.700560540456043074e-02,0.000000000000000000e+00,0.000000000000000000e+00,0.000000000000000000e+00,1.000000000000000056e-01
9.917615009538914839e-01,-1.280191639614951526e-01,4.496541369098640273e-03,7.544290535572260126e+01,1.280546423507956666e-01,9.917283455929682967e-01,-8.769100287017064788e-03,9.071595211664043035e+00,-3.336734645428103812e-03,9.272659059502728202e-03,9.999514408189390524e-01,-4.131932614780157303e-02,0.000000000000000000e+00,0.000000000000000000e+00,0.000000000000000000e+00,1.000000000000000056e-01
9.926038893032465005e-01,-1.212581531853452882e-01,5.829170279519154188e-03,7.599589898611108651e+01,1.213109398384409204e-01,9.925665104064280708e-01,-9.766181194321864670e-03,9.123236251039816835e+00,-4.601610107610270423e-03,1.040109156221088495e-02,9.999353191475597313e-01,-3.248842586824107065e-02,0.000000000000000000e+00,0.000000000000000000e+00,0.000000000000000000e+00,1.000000000000000056e-01
9.937663717308166111e-01,-1.111058442002207797e-01,9.159137597212400547e-03,7.656914254552761179e+01,1.112267396145862480e-01,9.936970242900319272e-01,-1.395837783715548827e-02,9.184436917914414522e+00,-7.550550422150103559e-03,1.489010751109716424e-02,9.998606272309309428e-01,-2.009351051627983331e-02,0.000000000000000000e+00,0.000000000000000000e+00,0.000000000000000000e+00,1.000000000000000056e-01
9.947448606213061817e-01,-1.016437136547205522e-01,1.229706233111413881e-02,7.712286893958055600e+01,1.018520327240533263e-01,9.946420610007448149e-01,-1.770124058276710544e-02,9.222438812135610675e+00,-1.043195559214589278e-02,1.886069889128723365e-02,9.997676971876294783e-01,-1.079782292133276735e-02,0.000000000000000000e+00,0.000000000000000000e+00,0.000000000000000000e+00,1.000000000000000056e-01
9.958971558776796851e-01,-8.968879791114767186e-02,1.203222523068319012e-02,7.761271932020237330e+01,8.985027623864080826e-02,9.958620540290393786e-01,-1.362707616852010598e-02,9.268067695848593246e+00,-1.076024045216997758e-02,1.465226515990010817e-02,9.998347505218526665e-01,1.548412948070207072e-03,0.000000000000000000e+00,0.000000000000000000e+00,0.000000000000000000e+00,1.000000000000000056e-01
9.970900268018798585e-01,-7.566963839585956475e-02,9.251177074641524917e-03,7.810532955123507293e+01,7.575563384656734678e-02,9.970827827306167901e-01,-9.327825184602841352e-03,9.308083446500535985e+00,-8.518356222378568182e-03,1.000151024643519682e-02,9.999136999761825129e-01,-1.800419732242698702e-03,0.000000000000000000e+00,0.000000000000000000e+00,0.000000000000000000e+00,1.000000000000000056e-01
9.981574373950904411e-01,-5.988529321163458402e-02,9.771480431475236539e-03,7.860463506765884745e+01,5.992285448740632819e-02,9.981965291821598418e-01,-3.597309935306653231e-03,9.334224499245699747e+00,-9.538431891421009917e-03,4.176216666563416398e-03,9.999457872961946547e-01,3.500011332732332059e-03,0.000000000000000000e+00,0.000000000000000000e+00,0.000000000000000000e+00,1.000000000000000056e-01
9.992889945419098918e-01,-3.597224040852467497e-02,1.129173624426473704e-02,7.910048128379438026e+01,3.602285080255956951e-02,9.993416676807618249e-01,-4.311085372666115939e-03,9.353007242642974006e+00,-1.112922312990760262e-02,4.714780697464860185e-03,9.999269529498140407e-01,1.365375820897194933e-02,0.000000000000000000e+00,0.000000000000000000e+00,0.000000000000000000e+00,1.000000000000000056e-01
9.998763357381376116e-01,-1.080041028762265647e-02,1.143085160844107932e-02,7.960117424458334767e+01,1.090017796486489852e-02,9.999027266609374909e-01,-8.701915671665073557e-03,9.375883997945674508e+00,-1.133575543179452146e-02,8.825437872508718265e-03,9.998968008225394000e-01,1.570182358117039323e-02,0.000000000000000000e+00,0.000000000000000000e+00,0.000000000000000000e+00,1.000000000000000056e-01
9.997778441484419520e-01,1.695211638232648269e-02,1.252549799623963941e-02,8.008050125533414132e+01,-1.686119507301455170e-02,9.998309772097963011e-01,-7.329195891327359297e-03,9.376034139538894863e+00,-1.264762628335827643e-02,7.116372802471637032e-03,9.998946918488630375e-01,2.543851622567728024e-02,0.000000000000000000e+00,0.000000000000000000e+00,0.000000000000000000e+00,1.000000000000000056e-01
9.987241957556830529e-01,4.893218410022082826e-02,1.247486157623527853e-02,8.057051699567877279e+01,-4.882689257319520332e-02,9.987701469427630041e-01,-8.609769891072902720e-03,9.347913033841667385e+00,-1.288081417495765338e-02,7.989676784054957487e-03,9.998851182466296228e-01,2.569775961551102467e-02,0.000000000000000000e+00,0.000000000000000000e+00,0.000000000000000000e+00,1.000000000000000056e-01
