1.000000000000000000e+00,-9.685093761312974448e-14,3.971098067175680321e-14,6.192029390457803175e-21,9.685093761313012314e-14,1.000000000000000000e+00,-9.484832501081108907e-15,2.249938544506226054e-20,-3.971098067175588182e-14,9.484832501084955393e-15,1.000000000000000000e+00,-1.248752979059374961e-20,0.000000000000000000e+00,0.000000000000000000e+00,0.000000000000000000e+00,1.000000000000000056e-01
9.999970979451509034e-01,-2.266480890397099338e-03,-8.168020872220049453e-04,6.462950337424847591e-01,2.265289400038859868e-03,9.999963732223765556e-01,-1.456710687648798746e-03,1.709475392337720528e-02,8.201007317988654680e-04,1.454856167084370459e-03,9.999986054131889679e-01,6.593484152662880751e-03,0.000000000000000000e+00,0.000000000000000000e+00,0.000000000000000000e+00,1.000000000000000056e-01
9.999758305641890388e-01,-6.895613066207830107e-03,-8.881485807314548489e-04,1.299010191278553217e+00,6.894943637324701426e-03,9.999759448728053890e-01,-7.546045176889910411e-04,1.889583081359489519e-02,8.933306769763734107e-04,7.484625449178248157e-04,9.999993208818296342e-01,1.042917228304610089e-02,0.000000000000000000e+00,0.000000000000000000e+00,0.000000000000000000e+00,1.000000000000000056e-01
9.999237799570396268e-01,-1.193636273093054249e-02,-3.155554021314378732e-03,2.001015354388143042e+00,1.193591362938654053e-02,9.999287514656175491e-01,-1.611156201838876486e-04,2.351826147154604738e-02,3.157252327199329411e-03,1.234389196931238422e-04,9.999950082478289426e-01,1.659119000436758140e-02,0.000000000000000000e+00,0.000000000000000000e+00,0.000000000000000000e+00,1.000000000000000056e-01
9.998456296114285324e-01,-1.707135254687505710e-02,-4.157627826830066764e-03,2.705494402926028830e+00,1.706787017868337253e-02,9.998539533663509671e-01,-8.716336629665409532e-04,3.301890193559252340e-02,4.171900584834218467e-03,8.005372565396797271e-04,9.999909771520997248e-01,1.898337060425014933e-02,0.000000000000000000e+00,0.000000000000000000e+00,0.000000000000000000e+00,1.000000000000000056e-01
9.997468980063753952e-01,-2.212931741772881239e-02,-4.053792946788439822e-03,3.417110376525832383e+00,2.212814987217874563e-02,9.997550871743868806e-01,-3.326442070368084282e-04,3.936999956509713849e-02,4.060161310148076991e-03,2.428570762475240510e-04,9.999917280210752768e-01,3.633483819720514235e-02,0.000000000000000000e+00,0.000000000000000000e+00,0.000000000000000000e+00,1.000000000000000056e-01
9.996154053404803230e-01,-2.738615552809890372e-02,-4.363472399141618378e-03,4.159164070655728906e+00,2.739223032997246607e-02,9.996238662539393971e-01,1.338556340232896838e-03,6.777593830405506670e-02,4.325173237805555494e-03,-1.457566779608741696e-03,9.999895841335277868e-01,4.717203111063134752e-02,0.000000000000000000e+00,0.000000000000000000e+00,0.000000000000000000e+00,1.000000000000000056e-01
9.994664679392604167e-01,-3.231961192646101710e-02,-4.714037541469973808e-03,4.927043501649321477e+00,3.233567033230494436e-02,9.994713806430948200e-01,3.371008683816603159e-03,1.001080062869411508e-01,4.602595917514691951e-03,-3.521641706481837275e-03,9.999832069342521335e-01,5.711974489300918056e-02,0.000000000000000000e+00,0.000000000000000000e+00,0.000000000000000000e+00,1.000000000000000056e-01
9.993097713936855975e-01,-3.688026816348614206e-02,-4.452708983203114076e-03,5.697602327328612049e+00,3.689765237314838325e-02,9.993114891881960116e-01,3.887264567826288677e-03,1.416073162074035496e-01,4.306279885242510902e-03,-4.048875974802286157e-03,9.999825311258645488e-01,6.517081745921167457e-02,0.000000000000000000e+00,0.000000000000000000e+00,0.000000000000000000e+00,1.000000000000000056e-01
9.991994781967481476e-01,-3.995776830272942254e-02,-1.944099691770645238e-03,6.491116768784062963e+00,3.996589314001774279e-02,9.991916314872698601e-01,4.337159361678851084e-03,1.838506805553151713e-01,1.769224933928232072e-03,-4.411385051580496257e-03,9.999887046987380179e-01,7.641348587642529666e-02,0.000000000000000000e+00,0.000000000000000000e+00,0.000000000000000000e+00,1.000000000000000056e-01
9.990592668211822902e-01,-4.336490951663045379e-02,-2.569072519291325696e-04,7.288510179206241446e+00,4.336538940021392174e-02,9.990565898629228947e-01,2.318027962559175009e-03,2.203255002530997708e-01,1.561438101699761630e-04,-2.326988199765013879e-03,9.999972803688161882e-01,8.320150107757408320e-02,0.000000000000000000e+00,0.000000000000000000e+00,0.000000000000000000e+00,1.000000000000000056e-01
9.989371504246438160e-01,-4.609044599725532765e-02,4.901930912604597883e-04,8.096948890968526769e+00,4.608896441842470770e-02,9.989337033593869153e-01,2.695116238217710753e-03,2.712309046143236424e-01,-6.138895094478962530e-04,-2.669659243127124344e-03,9.999962480225592643e-01,9.759260376134445969e-02,0.000000000000000000e+00,0.000000000000000000e+00,0.000000000000000000e+00,1.000000000000000056e-01
9.988151678464389782e-01,-4.866445314514807746e-02,-1.774259663865948144e-04,8.927478393111941912e+00,4.866469098650241104e-02,9.988136108131177027e-01,1.765985744609786670e-03,3.059539572847372879e-01,9.127473961503921067e-05,-1.772527727744027887e-03,9.999984249059477026e-01,1.009917742986888994e-01,0.000000000000000000e+00,0.000000000000000000e+00,0.000000000000000000e+00,1.000000000000000056e-01
9.987078761297071283e-01,-5.080939364141460329e-02,-9.918035497604392979e-04,9.700704810353915519e+00,5.081148614258209489e-02,9.987058105414928777e-01,2.212886495510438950e-03,3.768602450633531942e-01,8.780845470272690811e-04,-2.260422184372157077e-03,9.999970597252156868e-01,1.185624715169951576e-01,0.000000000000000000e+00,0.000000000000000000e+00,0.000000000000000000e+00,1.000000000000000056e-01
9.985770992115406974e-01,-5.331341471703100049e-02,-1.206955456747863930e-03,1.050317294567772208e+01,5.331380408590288139e-02,9.985777649224343300e-01,2.927394840313396170e-04,4.394106140860858378e-01,1.189631940844005156e-03,-3.566703315501653726e-04,9.999992287807625280e-01,1.270781791387439463e-01,0.000000000000000000e+00,0.000000000000000000e+00,0.000000000000000000e+00,1.000000000000000056e-01
9.984431259830245375e-01,-5.576901361602662477e-02,-1.068315281901955358e-03,1.131010716025685348e+01,5.576884423086471421e-02,9.984436893366192001e-01,-1.877153011305012051e-04,4.967638421811870764e-01,1.077121348621562285e-03,1.278443435097399716e-04,9.999994117325390341e-01,1.503504581886540570e-01,0.000000000000000000e+00,0.000000000000000000e+00,0.000000000000000000e+00,1.000000000000000056e-01
9.982861419233851619e-01,-5.848495726218623514e-02,-2.070897815729210670e-03,1.216418247531677466e+01,5.848554221326079938e-02,9.982882307372900055e-01,2.229875158393609838e-04,5.461649282248237647e-01,2.054311501168166066e-03,-3.437229285055357227e-04,9.999978308270496274e-01,1.549266123409173690e-01,0.000000000000000000e+00,0.000000000000000000e+00,0.000000000000000000e+00,1.000000000000000056e-01
9.981981254114041802e-01,-5.989024113414451872e-02,-3.696138803216036939e-03,1.304150615678076974e+01,5.990319379906618863e-02,9.981980581545061293e-01,3.499152646669776920e-03,6.073772786424529446e-01,3.479913480265535083e-03,-3.714258131471423821e-03,9.999870471604632716e-01,1.697358541956514033e-01,0.000000000000000000e+00,0.000000000000000000e+00,0.000000000000000000e+00,1.000000000000000056e-01
9.983669132105644772e-01,-5.697593119908597042e-02,-4.153296330183721408e-03,1.392821244085840249e+01,5.700532700196201535e-02,9.983468856278137071e-01,7.340888954639483190e-03,6.695217748468178520e-01,3.728176472308676690e-03,-7.565660661303119129e-03,9.999644301068659757e-01,1.875835475779386863e-01,0.000000000000000000e+00,0.000000000000000000e+00,0.000000000000000000e+00,1.000000000000000056e-01
9.975289596430113592e-01,-7.011943397647618648e-02,-4.386302811027004145e-03,1.488594236151191197e+01,7.014108746095723546e-02,9.975245777275364434e-01,4.994464865668780257e-03,7.611611743898670790e-01,4.025235809958727096e-03,-5.289783390522637824e-03,9.999779075901404912e-01,1.915905288712369259e-01,0.000000000000000000e+00,0.000000000000000000e+00,0.000000000000000000e+00,1.000000000000000056e-01
9.972744833678400811e-01,-7.371031297038106722e-02,-3.224063463419379362e-03,1.582627557079119995e+01,7.371373112481489909e-02,9.972789855414293525e-01,9.543799641884875059e-04,8.417283251139182632e-01,3.144943094267071450e-03,-1.189436532994527082e-03,9.999943472708572312e-01,1.890880840232496418e-01,0.000000000000000000e+00,0.000000000000000000e+00,0.000000000000000000e+00,1.000000000000000056e-01
9.970695920581904570e-01,-7.648625309605736056e-02,-1.442802910817187270e-03,1.673085168742003859e+01,7.648934974502422102e-02,9.970679060742750899e-01,2.229361398215881293e-03,9.258571171604553784e-01,1.268056977019841811e-03,-2.333187516328020725e-03,9.999964741275424451e-01,2.048252670482073323e-01,0.000000000000000000e+00,0.000000000000000000e+00,0.000000000000000000e+00,1.000000000000000056e-01
9.970262809102737878e-01,-7.705417973355396799e-02,-1.117389733694954066e-03,1.760297618795131669e+01,7.705605587137781542e-02,9.970252326746590343e-01,1.746328602830049667e-03,1.001523874198525510e+00,9.795038411891739301e-04,-1.827237157876581601e-03,9.999978508859876936e-01,2.213472848098056445e-01,0.000000000000000000e+00,0.000000000000000000e+00,0.000000000000000000e+00,1.000000000000000056e-01
9.969716983733190041e-01,-7.774237870520327165e-02,-1.885522706435271761e-03,1.850193250990570348e+01,7.774407741725865295e-02,9.969729908903395277e-01,8.449033733622729947e-04,1.074986304772198142e+00,1.814130414005186856e-03,-9.889329743634346463e-04,9.999978654689284374e-01,2.241824766038870431e-01,0.000000000000000000e+00,0.000000000000000000e+00,0.000000000000000000e+00,1.000000000000000056e-01
9.968034433648383930e-01,-7.989195514199676218e-02,-4.132790712137245992e-04,1.941986055673540434e+01,7.989196350086602560e-02,9.968035283615634956e-01,3.730155323743501082e-06,1.150975591777878559e+00,4.116600269820333601e-04,-3.673590814407189868e-05,9.999999145932439992e-01,2.341753188570367961e-01,0.000000000000000000e+00,0.000000000000000000e+00,0.000000000000000000e+00,1.000000000000000056e-01
9.966382944430847157e-01,-8.192061662340187345e-02,1.059538399821316956e-03,2.034523889416063369e+01,8.192298307518487699e-02,9.966357112044242905e-01,-2.425694975556944195e-03,1.214463209876758709e+00,-8.572593785164031978e-04,2.504341049674303071e-03,9.999964966849957948e-01,2.501935606326693984e-01,0.000000000000000000e+00,0.000000000000000000e+00,0.000000000000000000e+00,1.000000000000000056e-01
9.966628084641740992e-01,-8.152706859756594926e-02,4.072261066382560669e-03,2.127860504376954509e+01,8.153396181882791027e-02,9.966693491444788000e-01,-1.556131757547317071e-03,1.304089136881913857e+00,-3.931830926033496286e-03,1.882966226120135443e-03,9.999904975267316365e-01,2.525141862877265386e-01,0.000000000000000000e+00,0.000000000000000000e+00,0.000000000000000000e+00,1.000000000000000056e-01
9.967815965905786335e-01,-7.981834437416228389e-02,7.448530036501352369e-03,2.224176798990750825e+01,7.983281322902936739e-02,9.968068762286116380e-01,-1.665363412683539901e-03,1.394254215311565348e+00,-7.291819407798194250e-03,2.254640708633061114e-03,9.999708725582955315e-01,2.641843111651179798e-01,0.000000000000000000e+00,0.000000000000000000e+00,0.000000000000000000e+00,1.000000000000000056e-01
9.969405665031030317e-01,-7.754395100831645848e-02,9.820515388294114023e-03,2.321438638485777872e+01,7.755573511780580742e-02,9.969876772077258531e-01,-8.242853148483003309e-04,1.471439537708217671e+00,-9.727014485886604361e-03,1.583400758919927334e-03,9.999514378364721123e-01,2.668899305330610927e-01,0.000000000000000000e+00,0.000000000000000000e+00,0.000000000000000000e+00,1.000000000000000056e-01
9.970943744361279171e-01,-7.545627060538590003e-02,1.044795167262218584e-02,2.413416862815633124e+01,7.547928652817056938e-02,9.971456982782676004e-01,-1.825845104168993729e-03,1.557090612000923580e+00,-1.028035860391074939e-02,2.609143819888978724e-03,9.999437517158162869e-01,2.643441709825371522e-01,0.000000000000000000e+00,0.000000000000000000e+00,0.000000000000000000e+00,1.000000000000000056e-01
9.971769621397319483e-01,-7.462832680279173070e-02,8.289693383432135756e-03,2.507453547449442510e+01,7.464925769270923384e-02,9.972073258694265085e-01,-2.244450550776919129e-03,1.633388721002358102e+00,-8.099043381973753189e-03,2.856933839469948284e-03,9.999631210326377362e-01,2.712734929938359629e-01,0.000000000000000000e+00,0.000000000000000000e+00,0.000000000000000000e+00,1.000000000000000056e-01
9.973967225034721107e-01,-7.193008067778083880e-02,5.083446962424410277e-03,2.600546225589195970e+01,7.195047883116989507e-02,9.974003823455811490e-01,-3.950429451833932341e-03,1.708061173209712402e+00,-4.786077234773293380e-03,4.305901830799644357e-03,9.999792761223236237e-01,2.724641525370048445e-01,0.000000000000000000e+00,0.000000000000000000e+00,0.000000000000000000e+00,1.000000000000000056e-01
9.974646468574133173e-01,-7.109932611125907576e-02,3.027225815918911135e-03,2.695864120407237507e+01,7.111150453486925205e-02,9.974598402336340985e-01,-4.125656781697252182e-03,1.778919915548597075e+00,-2.726204761752589259e-03,4.330467367147332672e-03,9.999869073442807510e-01,2.798498045665606671e-01,0.000000000000000000e+00,0.000000000000000000e+00,0.000000000000000000e+00,1.000000000000000056e-01
9.973796390340018414e-01,-7.219610855836919305e-02,4.645164090999019321e-03,2.792729062042112531e+01,7.222166032570936922e-02,9.973729385981461304e-01,-5.590450062070337865e-03,1.849832394449234529e+00,-4.229352220138905827e-03,5.911282528082641326e-03,9.999735843104412547e-01,2.874425780288493715e-01,0.000000000000000000e+00,0.000000000000000000e+00,0.000000000000000000e+00,1.000000000000000056e-01
9.975233058224514116e-01,-6.988234565403871057e-02,7.981986402995392207e-03,2.892192984590970539e+01,6.995750108152419544e-02,9.975041635727129874e-01,-9.559900497951049833e-03,1.919494935665831958e+00,-7.293996399552655358e-03,1.009462337047009085e-02,9.999224450903838601e-01,2.928185460469651669e-01,0.000000000000000000e+00,0.000000000000000000e+00,0.000000000000000000e+00,1.000000000000000056e-01
9.973756294927461630e-01,-7.135305665656063723e-02,1.227171543485233891e-02,2.986652850039524765e+01,7.149967643473240098e-02,9.973689745254453731e-01,-1.195512123694972111e-02,1.973246588352213893e+00,-1.138639379597063302e-02,1.280117025225587825e-02,9.998532292674239264e-01,2.985440195995261448e-01,0.000000000000000000e+00,0.000000000000000000e+00,0.000000000000000000e+00,1.000000000000000056e-01
9.974129858205880161e-01,-7.082532348668216238e-02,1.229265103492365938e-02,3.077262681817940759e+01,7.105948526598979131e-02,9.972757332268774588e-01,-1.979043886644732408e-02,2.019388829305326816e+00,-1.085749833949608764e-02,2.061275017557914757e-02,9.997285777949967978e-01,3.131693613379482044e-01,0.000000000000000000e+00,0.000000000000000000e+00,0.000000000000000000e+00,1.000000000000000056e-01
9.973904665095755240e-01,-7.158045550173941507e-02,9.407215633481080114e-03,3.171194024217146534e+01,7.177405028707559143e-02,9.971745227174081405e-01,-2.216882831133933085e-02,2.083976271517955059e+00,-7.793780930950709902e-03,2.278617197935625671e-02,9.997099816173325992e-01,3.091401441020188989e-01,0.000000000000000000e+00,0.000000000000000000e+00,0.000000000000000000e+00,1.000000000000000056e-01
9.974371999167541691e-01,-7.118630567407156773e-02,7.179283160775838668e-03,3.269091546507414137e+01,7.133485770323365338e-02,9.971836848419907140e-01,-2.315246771747701826e-02,2.166199025274093692e+00,-5.510925392741112053e-03,2.360526571396848877e-02,9.997061673971450180e-01,3.079801003134505222e-01,0.000000000000000000e+00,0.000000000000000000e+00,0.000000000000000000e+00,1.000000000000000056e-01
9.973975621062628472e-01,-7.185602632191247230e-02,5.900388606529902158e-03,3.365758710176043422e+01,7.197367363210900593e-02,9.971410615250699827e-01,-2.301073063931654075e-02,2.244790413353330738e+00,-4.230060092020487481e-03,2.337551928580720514e-02,9.997178060281495249e-01,3.064363261520375858e-01,0.000000000000000000e+00,0.000000000000000000e+00,0.000000000000000000e+00,1.000000000000000056e-01
9.975082097802392411e-01,-7.014169956853938404e-02,7.583759137716415341e-03,3.461264704795937774e+01,7.030511227880167913e-02,9.972366391070257574e-01,-2.400576618208250662e-02,2.301464285298439272e+00,-5.878997234837280220e-03,2.447912588636467351e-02,9.996830546665039785e-01,3.189762540129262858e-01,0.000000000000000000e+00,0.000000000000000000e+00,0.000000000000000000e+00,1.000000000000000056e-01
9.973393635472747043e-01,-7.223807729992454130e-02,9.790511075893192777e-03,3.559075908599821503e+01,7.244126666113870350e-02,9.971235544596578348e-01,-2.229080586850752665e-02,2.388511781513828147e+00,-8.152104246564411544e-03,2.294073516145076624e-02,9.997035890035632644e-01,3.145337622227464269e-01,0.000000000000000000e+00,0.000000000000000000e+00,0.000000000000000000e+00,1.000000000000000056e-01
9.973411342591614881e-01,-7.197319209600751277e-02,1.142460214451309665e-02,3.657196866574306426e+01,7.219904824494037532e-02,9.971739615781587407e-01,-2.076987681825686813e-02,2.466480953516909658e+00,-9.897441445847638200e-03,2.153949790575431997e-02,9.997190058625443632e-01,3.234613603915496016e-01,0.000000000000000000e+00,0.000000000000000000e+00,0.000000000000000000e+00,1.000000000000000056e-01
9.973895237567854677e-01,-7.108697834734203913e-02,1.267988208372985287e-02,3.757158890154793340e+01,7.133108998643747367e-02,9.972528010438839186e-01,-1.996813490224692497e-02,2.544152983346723129e+00,-1.122557355147292546e-02,2.082047837039525603e-02,9.997202079476379399e-01,3.191566602652533557e-01,0.000000000000000000e+00,0.000000000000000000e+00,0.000000000000000000e+00,1.000000000000000056e-01
9.972859203367070435e-01,-7.195985973489545107e-02,1.557471300221906045e-02,3.856317346452759409e+01,7.225558230213220690e-02,9.971986417412456172e-01,-1.933907276977770914e-02,2.612723084798862061e+00,-1.413944568740642567e-02,2.041194494283024227e-02,9.996916667549569091e-01,3.361173009334607054e-01,0.000000000000000000e+00,0.000000000000000000e+00,0.000000000000000000e+00,1.000000000000000056e-01
9.974465582066565084e-01,-6.941034028274735423e-02,1.680976452922964756e-02,3.957614517088114781e+01,6.971243921792387443e-02,9.974027932713762645e-01,-1.810645721126646554e-02,2.692366149123759378e+00,-1.550933073933874126e-02,1.923207311470536904e-02,9.996947474222961372e-01,3.325062568323907675e-01,0.000000000000000000e+00,0.000000000000000000e+00,0.000000000000000000e+00,1.000000000000000056e-01
9.974080127954456643e-01,-7.025300801437014964e-02,1.554898312987157243e-02,4.058575440673016033e+01,7.056346372402935718e-02,9.972984767857626665e-01,-2.040945339947261225e-02,2.774091022669847195e+00,-1.407315169774637532e-02,2.145374246443946739e-02,9.996707874773382851e-01,3.458332218562539806e-01,0.000000000000000000e+00,0.000000000000000000e+00,0.000000000000000000e+00,1.000000000000000056e-01
9.974612795626542905e-01,-6.993385943890942369e-02,1.342576169948433117e-02,4.159355134237217300e+01,7.015838186371786689e-02,9.973901186610979464e-01,-1.705147065404168799e-02,2.846908594564437234e+00,-1.219824690261786006e-02,1.795011145312917084e-02,9.997644703985649750e-01,3.612196034688004986e-01,0.000000000000000000e+00,0.000000000000000000e+00,0.000000000000000000e+00,1.000000000000000056e-01
9.975964019997134447e-01,-6.839338572835391983e-02,1.112490475639157754e-02,4.262631173203590862e+01,6.855514899360616587e-02,9.975364382654453577e-01,-1.487433625926469147e-02,2.920314614504341488e+00,-1.008019164950003758e-02,1.560125383749043360e-02,9.998274804260021131e-01,3.696478968653821306e-01,0.000000000000000000e+00,0.000000000000000000e+00,0.000000000000000000e+00,1.000000000000000056e-01
9.975794893207318159e-01,-6.863984422547241004e-02,1.112359075527354080e-02,4.367522188080786805e+01,6.883602621460428728e-02,9.974595005877027187e-01,-1.833428979570605327e-02,2.989903680686023968e+00,-9.836868483935199553e-03,1.905561523628929166e-02,9.997700333308636722e-01,3.786022339334126352e-01,0.000000000000000000e+00,0.000000000000000000e+00,0.000000000000000000e+00,1.000000000000000056e-01
9.975839582918059056e-01,-6.829590919618375167e-02,1.272458038283138040e-02,4.468835698913208176e+01,6.854555791441374613e-02,9.974405896489439982e-01,-2.034149972269943402e-02,3.075363082566229700e+00,-1.130277174211104241e-02,2.116456727253015341e-02,9.997121127820309816e-01,3.869321211121647952e-01,0.000000000000000000e+00,0.000000000000000000e+00,0.000000000000000000e+00,1.000000000000000056e-01
9.975776471981838700e-01,-6.827758432949333767e-02,1.330448378046453217e-02,4.567511114498162783e+01,6.854588894220663142e-02,9.974294811892928658e-01,-2.087800669557987251e-02,3.140329964461543444e+00,-1.184478449185091820e-02,2.173940046521361316e-02,9.996935028036116888e-01,3.885633752025404175e-01,0.000000000000000000e+00,0.000000000000000000e+00,0.000000000000000000e+00,1.000000000000000056e-01
9.970130407959693075e-01,-7.642751414117865405e-02,1.112796319973701625e-02,4.659094575988624598e+01,7.660494586251651028e-02,9.969249547531071620e-01,-1.650202593368945911e-02,3.196653261936832191e+00,-9.832535388986918951e-03,1.730519207391760170e-02,9.998019061669711771e-01,4.011012557133511458e-01,0.000000000000000000e+00,0.000000000000000000e+00,0.000000000000000000e+00,1.000000000000000056e-01
9.970423061574361645e-01,-7.648968562101648994e-02,7.481158056031347869e-03,4.754824846928558912e+01,7.660183077433069254e-02,9.969322278348833333e-01,-1.607148487841135107e-02,3.272196402162750317e+00,-6.228904741771613268e-03,1.659702074994974866e-02,9.998428574770855670e-01,3.967767285167821956e-01,0.000000000000000000e+00,0.000000000000000000e+00,0.000000000000000000e+00,1.000000000000000056e-01
9.971367763801588513e-01,-7.527598332981391693e-02,7.195521100976589798e-03,4.849495133657878654e+01,7.538190967802368969e-02,9.970295382328704381e-01,-1.580087290130886141e-02,3.363491478876163843e+00,-5.984720835536130532e-03,1.629804359052385715e-02,9.998492670856152786e-01,4.079366893665546945e-01,0.000000000000000000e+00,0.000000000000000000e+00,0.000000000000000000e+00,1.000000000000000056e-01
9.972526716854438478e-01,-7.350285271762377337e-02,9.189094548195497758e-03,4.946607480346548869e+01,7.364434891907203906e-02,9.971538510707513847e-01,-1.614642892579146866e-02,3.450639095957985347e+00,-7.976132429338356894e-03,1.677879426958232140e-02,9.998274117938198424e-01,4.136274146522949113e-01,0.000000000000000000e+00,0.000000000000000000e+00,0.000000000000000000e+00,1.000000000000000056e-01
9.972531083242996974e-01,-7.309119860995626217e-02,1.199644210933308724e-02,5.046502551825280136e+01,7.328997245311093256e-02,9.971647061238056997e-01,-1.706249685264545068e-02,3.540533637540615342e+00,-1.071531032424591356e-02,1.789484693380261754e-02,9.997824546259405087e-01,4.295818538069467452e-01,0.000000000000000000e+00,0.000000000000000000e+00,0.000000000000000000e+00,1.000000000000000056e-01
9.973571007301806901e-01,-7.157081730708840517e-02,1.250726721084892759e-02,5.140108068897847460e+01,7.181133373622887450e-02,9.972182154853475033e-01,-1.997405945828203619e-02,3.612305626030407613e+00,-1.104291492823154114e-02,2.081943357093088073e-02,9.997222640392047222e-01,4.397581432224978437e-01,0.000000000000000000e+00,0.000000000000000000e+00,0.000000000000000000e+00,1.000000000000000056e-01
9.974126039031262492e-01,-7.090850482855658166e-02,1.183560383605280694e-02,5.233900892725885257e+01,7.117060099050191713e-02,9.971890096660119829e-01,-2.342700484417727796e-02,3.682198059273178004e+00,-1.014116018196078647e-02,2.420873694137937876e-02,9.996554876185429483e-01,4.434502847889619792e-01,0.000000000000000000e+00,0.000000000000000000e+00,0.000000000000000000e+00,1.000000000000000056e-01
9.974212867394799398e-01,-7.089225032247546687e-02,1.118327336586555885e-02,5.332325262465489857e+01,7.116512546915194914e-02,9.971189836645070192e-01,-2.625371083905183450e-02,3.759665863470545766e+00,-9.289869531918267323e-03,2.698186909901095776e-02,9.995927556080045351e-01,4.575927186299982297e-01,0.000000000000000000e+00,0.000000000000000000e+00,0.000000000000000000e+00,1.000000000000000056e-01
9.973300009783540032e-01,-7.182160345718575922e-02,1.321084499020390435e-02,5.428774632281270129e+01,7.218557271125471131e-02,9.969542706429813661e-01,-2.951991427950411209e-02,3.838427842458885575e+00,-1.105044075431355771e-02,3.039472854887624240e-02,9.994768872943363691e-01,4.486043554134309663e-01,0.000000000000000000e+00,0.000000000000000000e+00,0.000000000000000000e+00,1.000000000000000056e-01
9.971797155075656782e-01,-7.302507199631157186e-02,1.731917550531215239e-02,5.524345708931935661e+01,7.354943680555194041e-02,9.967823184383621804e-01,-3.186675374476902883e-02,3.922580469269058234e+00,-1.493637592712544933e-02,3.305069603771065151e-02,9.993420616413513091e-01,4.554224401149086776e-01,0.000000000000000000e+00,0.000000000000000000e+00,0.000000000000000000e+00,1.000000000000000056e-01
9.970325321753420456e-01,-7.386979185429029537e-02,2.166526333625454215e-02,5.620127144174033162e+01,7.450514561889745591e-02,9.967646816955632039e-01,-3.015215747918421202e-02,3.990766270076706590e+00,-1.936783571626719130e-02,3.167685552176011804e-02,9.993104941728176982e-01,4.736933245582964358e-01,0.000000000000000000e+00,0.000000000000000000e+00,0.000000000000000000e+00,1.000000000000000056e-01
9.969033298463161330e-01,-7.505702982148894364e-02,2.345619781002609983e-02,5.716782822288561761e+01,7.568071630281635043e-02,9.967681173689465490e-01,-2.693973601686993832e-02,4.064893184180234265e+00,-2.135837356213207694e-02,2.863149439240170527e-02,9.993618250701986616e-01,4.619807282663053738e-01,0.000000000000000000e+00,0.000000000000000000e+00,0.000000000000000000e+00,1.000000000000000056e-01
9.967343694660543152e-01,-7.857945887385767159e-02,1.859745596039287865e-02,5.806609935617875351e+01,7.908259265663730719e-02,9.964727628861423936e-01,-2.807091670683658710e-02,4.144371708079164662e+00,-1.632606087858970087e-02,2.944998249828839967e-02,9.994329183427165253e-01,4.654185955126422525e-01,0.000000000000000000e+00,0.000000000000000000e+00,0.000000000000000000e+00,1.000000000000000056e-01
9.964706931301005044e-01,-8.296826686384954630e-02,1.274458419981380417e-02,5.898436040982216610e+01,8.329323160771699708e-02,9.961447276268629025e-01,-2.753033217282833955e-02,4.227832665839724058e+00,-1.041130640987549677e-02,2.849470678585930283e-02,9.995397222642167234e-01,4.637572227479593856e-01,0.000000000000000000e+00,0.000000000000000000e+00,0.000000000000000000e+00,1.000000000000000056e-01
9.965298794085923895e-01,-8.285858195597789466e-02,7.915481169255379063e-03,5.993797548253662200e+01,8.305870761995504115e-02,9.961030978150967607e-01,-2.966259617212474789e-02,4.308430678450543283e+00,-5.426834657437274063e-03,3.021711302246169253e-02,9.995286266766892913e-01,4.737233500880925763e-01,0.000000000000000000e+00,0.000000000000000000e+00,0.000000000000000000e+00,1.000000000000000056e-01
9.963960608208435321e-01,-8.442482188066112447e-02,8.206060633729934245e-03,6.084983681287310731e+01,8.461664501932165960e-02,9.960523605472710873e-01,-2.682756854213906930e-02,4.396522473269637743e+00,-5.908753369359417279e-03,2.742525293643990544e-02,9.996063936044988774e-01,4.763698223768925155e-01,0.000000000000000000e+00,0.000000000000000000e+00,0.000000000000000000e+00,1.000000000000000056e-01
9.963363569435004230e-01,-8.485989294948699524e-02,1.061425462080634909e-02,6.177899831170003608e+01,8.511157754847727130e-02,9.960302450761557846e-01,-2.607240419951066188e-02,4.491260325046935620e+00,-8.359617201956237934e-03,2.688028017217691454e-02,9.996037051442446808e-01,4.969717752369313124e-01,0.000000000000000000e+00,0.000000000000000000e+00,0.000000000000000000e+00,1.000000000000000056e-01
9.961679340273987826e-01,-8.688875858324468515e-02,9.989536898512573621e-03,6.267429578790027733e+01,8.711852866320252131e-02,9.958718297915125639e-01,-2.548844034583887252e-02,4.576516427176287038e+00,-7.733639450018520330e-03,2.626104071752009134e-02,9.996252040446408360e-01,5.119635740189374395e-01,0.000000000000000000e+00,0.000000000000000000e+00,0.000000000000000000e+00,1.000000000000000056e-01
9.959713546600185152e-01,-8.912159116515093460e-02,9.919812744169170804e-03,6.348854765535224232e+01,8.933348451560042813e-02,9.957247279819239072e-01,-2.349030927052070047e-02,4.656599059885233594e+00,-7.783909107169167951e-03,2.428184658372218793e-02,9.996748484809927504e-01,5.205279528088760932e-01,0.000000000000000000e+00,0.000000000000000000e+00,0.000000000000000000e+00,1.000000000000000056e-01
9.958091139365571332e-01,-9.086187338792968415e-02,1.040810094708468844e-02,6.430878083485573882e+01,9.107694847847556952e-02,9.955898255660061702e-01,-2.249196935127080119e-02,4.738077526993883737e+00,-8.318536934941066913e-03,2.334564614409358543e-02,9.996928442023463868e-01,5.297550098287334697e-01,0.000000000000000000e+00,0.000000000000000000e+00,0.000000000000000000e+00,1.000000000000000056e-01
9.957442486187398911e-01,-9.166454976183929793e-02,9.539479003608960367e-03,6.510406709019119376e+01,9.186749177080236195e-02,9.954911809806027412e-01,-2.361509147952576063e-02,4.815699607741487753e+00,-7.331800491186971601e-03,2.439095953020497740e-02,9.996756102830324231e-01,5.328436782504122338e-01,0.000000000000000000e+00,0.000000000000000000e+00,0.000000000000000000e+00,1.000000000000000056e-01
9.957490962371078336e-01,-9.160730237255826358e-02,9.583292492955981789e-03,6.590686206453268881e+01,9.182580619332866845e-02,9.954459179892880538e-01,-2.560167329314265439e-02,4.893443971628580691e+00,-7.194349166402051049e-03,2.637283660295665355e-02,9.996262875843080487e-01,5.418194809496208464e-01,0.000000000000000000e+00,0.000000000000000000e+00,0.000000000000000000e+00,1.000000000000000056e-01
9.956188099730107766e-01,-9.285524533322700447e-02,1.100402844562281546e-02,6.666327073245308554e+01,9.311333487732068037e-02,9.953191012398998616e-01,-2.588037045758611113e-02,4.967772515678642975e+00,-8.549391554361632922e-03,2.679160542229938949e-02,9.996044806737043320e-01,5.542143322980119802e-01,0.000000000000000000e+00,0.000000000000000000e+00,0.000000000000000000e+00,1.000000000000000056e-01
9.953114995013561117e-01,-9.574227576008680074e-02,1.372718443969619950e-02,6.745989864064904395e+01,9.605859497121178869e-02,9.950714066670177660e-01,-2.460979410477220908e-02,5.059686339208268713e+00,-1.130333103640803610e-02,2.581302512302836166e-02,9.996028823695334298e-01,5.622562287144208248e-01,0.000000000000000000e+00,0.000000000000000000e+00,0.000000000000000000e+00,1.000000000000000056e-01
9.952054688892502110e-01,-9.639961880649469683e-02,1.652840545516206378e-02,6.820125240200975725e+01,9.677027593734871536e-02,9.950334894826815546e-01,-2.332098846377864479e-02,5.138436173643328608e+00,-1.419818255753557516e-02,2.480863361575602957e-02,9.995913881732785278e-01,5.697346208762940067e-01,0.000000000000000000e+00,0.000000000000000000e+00,0.000000000000000000e+00,1.000000000000000056e-01
9.949765539510964096e-01,-9.848552010163529047e-02,1.795158538712928950e-02,6.892880911593221072e+01,9.885208709704725039e-02,9.948842345227755235e-01,-2.082365901057910834e-02,5.211970632788183622e+00,-1.580892039826837722e-02,2.249360416521728467e-02,9.996219864566303626e-01,5.755352150461172656e-01,0.000000000000000000e+00,0.000000000000000000e+00,0.000000000000000000e+00,1.000000000000000056e-01
9.950931087691602395e-01,-9.780311278766562477e-02,1.497517977092299030e-02,6.959654952898399927e+01,9.808669121707619398e-02,9.949859569052286190e-01,-1.954345331491936025e-02,5.292632760105433931e+00,-1.298868300538010001e-02,2.091642154933878381e-02,9.996968527625542666e-01,5.881044668196060421e-01,0.000000000000000000e+00,0.000000000000000000e+00,0.000000000000000000e+00,1.000000000000000056e-01
9.950809708127800191e-01,-9.861696488077037470e-02,9.410407217546044520e-03,7.028733534883974698e+01,9.878108390642084680e-02,9.949287457714280913e-01,-1.894962532520386156e-02,5.367358579081605185e+00,-7.493930114952094927e-03,1.978598179009230518e-02,9.997761529142582537e-01,5.902316111561302092e-01,0.000000000000000000e+00,0.000000000000000000e+00,0.000000000000000000e+00,1.000000000000000056e-01
9.952308439842079135e-01,-9.749930180033677951e-02,3.074626957545947489e-03,7.101751665997564089e+01,9.754312020803268535e-02,9.949966615732762643e-01,-2.160979310674856005e-02,5.429402119826254314e+00,-9.523038183837024325e-04,2.180664133886825104e-02,9.997617533747504837e-01,6.080794365045227856e-01,0.000000000000000000e+00,0.000000000000000000e+00,0.000000000000000000e+00,1.000000000000000056e-01
9.950983025118730341e-01,-9.889043009745103474e-02,2.262147871310765451e-04,7.171543743308617991e+01,9.887528719167028302e-02,9.949003476626275821e-01,-1.992425164334959628e-02,5.505005396033488374e+00,1.745256644017551678e-03,1.984895604116116916e-02,9.998014668039463260e-01,6.082429315965699468e-01,0.000000000000000000e+00,0.000000000000000000e+00,0.000000000000000000e+00,1.000000000000000056e-01
9.950613760049032974e-01,-9.921912638723681677e-02,2.902230552861354788e-03,7.237423602468849992e+01,9.925665543056660933e-02,9.948775320909242215e-01,-1.915234955324773142e-02,5.579101389274849332e+00,-9.870845790533582659e-04,1.934582899814700496e-02,9.998123646786972740e-01,6.202586009831785319e-01,0.000000000000000000e+00,0.000000000000000000e+00,0.000000000000000000e+00,1.000000000000000056e-01
9.949363134510273987e-01,-1.003069134734040635e-01,6.344705345242889795e-03,7.297739812157742278e+01,1.004172986222610919e-01,9.947340311060706153e-01,-2.050788864984915902e-02,5.645389562949064910e+00,-4.254211311931067711e-03,2.104116130126859954e-02,9.997695590570896407e-01,6.356125372849307231e-01,0.000000000000000000e+00,0.000000000000000000e+00,0.000000000000000000e+00,1.000000000000000056e-01
9.949188644836691742e-01,-1.006177553731329721e-01,3.538417470935924236e-03,7.356687816053749884e+01,1.006713560581769529e-01,9.946786052622957897e-01,-2.190320302744799830e-02,5.697533675924930208e+00,-1.315737030722457547e-03,2.214812716972289208e-02,9.997538343507064162e-01,6.551990469189430399e-01,0.000000000000000000e+00,0.000000000000000000e+00,0.000000000000000000e+00,1.000000000000000056e-01
9.949034589041371168e-01,-1.008320020038934034e-01,1.217886319534607596e-04,7.420680241052002657e+01,1.007926641535377282e-01,9.944800967943721037e-01,-2.915777653883282888e-02,5.748424985710887114e+00,2.818920611899136328e-03,2.902144813311688387e-02,9.995748142259490709e-01,6.712889664383701049e-01,0.000000000000000000e+00,0.000000000000000000e+00,0.000000000000000000e+00,1.000000000000000056e-01
9.950396060966422151e-01,-9.943726651784423609e-02,-2.900401092673834252e-03,7.483003985422662652e+01,9.928845599806529476e-02,9.945122501183237818e-01,-3.297251689071973441e-02,5.818112965843480922e+00,6.163181366747318493e-03,3.252098387268995833e-02,9.994520502772470394e-01,6.973502297307415665e-01,0.000000000000000000e+00,0.000000000000000000e+00,0.000000000000000000e+00,1.000000000000000056e-01
9.954639535277183260e-01,-9.511072043085609662e-02,-2.338393912120313115e-03,7.543538274918881825e+01,9.499649471011821500e-02,9.950147155797862686e-01,-3.035427107455456949e-02,5.871085202023555993e+00,5.213752943436279069e-03,2.999444346542524606e-02,9.995364676395975811e-01,7.100833689926785430e-01,0.000000000000000000e+00,0.000000000000000000e+00,0.000000000000000000e+00,1.000000000000000056e-01
9.959292374611221632e-01,-9.013852539870634284e-02,1.445871796443873140e-05,7.600013640622154298e+01,9.010940860375407646e-02,9.956034271890950027e-01,-2.557557918034411223e-02,5.949281900197535222e+00,2.290949844375916866e-03,2.547276993723160757e-02,9.996728912702071979e-01,7.135327660154927587e-01,0.000000000000000000e+00,0.000000000000000000e+00,0.000000000000000000e+00,1.000000000000000056e-01
9.965247974660974561e-01,-8.325222265480344830e-02,2.719459172037026577e-03,7.655858968749069504e+01,8.329530758434677828e-02,9.961615348324788233e-01,-2.690888802290392068e-02,5.988155769071346057e+00,-4.687958856546957809e-04,2.704189237526012646e-02,9.996341912355651838e-01,7.274716551201719783e-01,0.000000000000000000e+00,0.000000000000000000e+00,0.000000000000000000e+00,1.000000000000000056e-01
9.970750183141539047e-01,-7.610612257296474337e-02,7.018971487220666307e-03,7.713550992654839433e+01,7.629133794116578493e-02,9.965833940040540462e-01,-3.164127921730201104e-02,6.016391661331410567e+00,-4.586895352674665201e-03,3.208421578080562081e-02,9.994746437447796783e-01,7.396456759899535660e-01,0.000000000000000000e+00,0.000000000000000000e+00,0.000000000000000000e+00,1.000000000000000056e-01
9.977454318665868183e-01,-6.645800074717783668e-02,9.348118850675752808e-03,7.768346175731016956e+01,6.674766092359232794e-02,9.971507796781866606e-01,-3.514359612238827923e-02,6.036922875552805934e+00,-6.985910863115485023e-03,3.568832755779553778e-02,9.993385514056485341e-01,7.543275529878447072e-01,0.000000000000000000e+00,0.000000000000000000e+00,0.000000000000000000e+00,1.000000000000000056e-01
9.983777048403214005e-01,-5.623821650862739080e-02,8.900645015995084161e-03,7.817986046665181732e+01,5.650433239305895777e-02,9.978509151346554029e-01,-3.317848076306998545e-02,6.075158841367395368e+00,-7.015618189918545675e-03,3.362758047881898166e-02,9.994098093037478980e-01,7.622162682819325630e-01,0.000000000000000000e+00,0.000000000000000000e+00,0.000000000000000000e+00,1.000000000000000056e-01
9.991482944331162575e-01,-4.045083968941295960e-02,8.149558258969718388e-03,7.867171790704956891e+01,4.066572856767401711e-02,9.987747893968617063e-01,-2.819962030444468637e-02,6.116007794502495543e+00,-6.998875013542528098e-03,2.850701025495309265e-02,9.995690902158133051e-01,7.593232506292695305e-01,0.000000000000000000e+00,0.000000000000000000e+00,0.000000000000000000e+00,1.000000000000000056e-01
9.996673580076662624e-01,-2.427615936398030277e-02,8.708697980005133954e-03,7.915174265722393443e+01,2.446627938611854042e-02,9.994489367671184343e-01,-2.243265405779913679e-02,6.131918525270623199e+00,-8.159320251877912045e-03,2.263826145292815312e-02,9.997104253789774742e-01,7.632200885528047651e-01,0.000000000000000000e+00,0.000000000000000000e+00,0.000000000000000000e+00,1.000000000000000056e-01
9.999582091388172778e-01,1.609251147983099860e-03,8.999460352268473864e-03,7.964581953547235571e+01,-1.399016393819672291e-03,9.997271075276995544e-01,-2.331851683596904493e-02,6.144987719340094579e+00,-9.034529817271120047e-03,2.330495194250061311e-02,9.996875794396660186e-01,7.666015725768742239e-01,0.000000000000000000e+00,0.000000000000000000e+00,0.000000000000000000e+00,1.000000000000000056e-01
9.995943329127805477e-01,2.617395620626457656e-02,1.122914178224940218e-02,8.014338093643075922e+01,-2.589365424303920540e-02,9.993663771158788345e-01,-2.442054381509502561e-02,6.136819735032701395e+00,-1.186120898539658880e-02,2.411987368946160934e-02,9.996387064407866729e-01,7.814900636720003568e-01,0.000000000000000000e+00,0.000000000000000000e+00,0.000000000000000000e+00,1.000000000000000056e-01
9.985141984375075497e-01,5.290457156687307372e-02,1.305763477921705572e-02,8.062607855661622125e+01,-5.259884538141644528e-02,9.983567560797266260e-01,-2.274091147045479919e-02,6.116254707239383137e+00,-1.423927607863755863e-02,2.202030647586044818e-02,9.996561154314345110e-01,7.854189239977700243e-01,0.000000000000000000e+00,0.000000000000000000e+00,0.000000000000000000e+00,1.000000000000000056e-01
9.964167803110827171e-01,8.342186148329626405e-02,1.394248690719175968e-02,8.111959393203504476e+01,-8.310718303899618242e-02,9.963020837493178350e-01,-2.180261553323238968e-02,6.074666348763479995e+00,-1.570974353126960987e-02,2.056577116056902341e-02,9.996650704184640857e-01,7.836305726661966231e-01,0.000000000000000000e+00,0.000000000000000000e+00,0.000000000000000000e+00,1.000000000000000056e-01
